Gene A,Gene B,Label,Score,Precision,Recall,False Positive Rate
YDR523C,YDR522C,1,8.598921,1.0,0.0009861933067440987,0.0
YDR104C,YMR017W,1,8.216907,1.0,0.0019723866134881973,0.0
YLR307W,YOR255W,1,8.049446,1.0,0.002958579920232296,0.0
YOR313C,YNL128W,1,7.8258467,1.0,0.003944773226976395,0.0
YOL104C,YPL121C,1,7.599084,1.0,0.004930966533720493,0.0
YGR225W,YOL132W,1,7.2539244,1.0,0.005917159840464592,0.0
YLR213C,YLR308W,1,7.1759214,1.0,0.006903353147208691,0.0
YLR307W,YOR177C,1,7.040456,1.0,0.00788954645395279,0.0
YDR285W,YBR186W,1,6.974802,1.0,0.008875739760696888,0.0
YHR157W,YOR177C,1,6.9515996,1.0,0.009861933067440987,0.0
YDR446W,YNL128W,1,6.855758,1.0,0.010848126374185085,0.0
YGR225W,YHR014W,1,6.766353,1.0,0.011834319680929184,0.0
YDR273W,YCL048W,1,6.759429,1.0,0.012820512987673283,0.0
YHR157W,YMR017W,1,6.734206,1.0,0.013806706294417381,0.0
YFL003C,YPL209C,1,6.6860766,1.0,0.01479289960116148,0.0
YGR225W,YLR329W,1,6.681031,1.0,0.01577909290790558,0.0
YHR079C-A,YMR133W,1,6.5714884,1.0,0.016765285283327103,0.0
YHL022C,YLR394W,1,6.5414577,1.0,0.017751479521393776,0.0
YDR522C,YGL033W,1,6.538584,1.0,0.0187376718968153,0.0
YOR190W,YDR273W,1,6.5283637,1.0,0.019723866134881973,0.0
YDR402C,YGL249W,1,6.5240765,1.0,0.020710058510303497,0.0
YHR157W,YHR014W,1,6.504527,1.0,0.02169625274837017,0.0
YDR285W,YOR313C,1,6.4814787,1.0,0.022682445123791695,0.0
YER115C,YGL170C,1,6.440543,1.0,0.023668639361858368,0.0
YOR073W,YHR014W,1,6.392805,1.0,0.024654831737279892,0.0
YLR329W,YLL005C,1,6.3774385,1.0,0.025641025975346565,0.0
YGR059W,YIL112W,1,6.3698063,1.0,0.02662721835076809,0.0
YGL175C,YFL003C,1,6.3375306,1.0,0.027613412588834763,0.0
YOL091W,YHR184W,1,6.3347387,1.0,0.028599604964256287,0.0
YNL102W,YNR049C,1,6.3192077,1.0,0.02958579920232296,0.0
YER179W,YPL209C,1,6.2959967,1.0,0.030571991577744484,0.0
YNL210W,YPL209C,1,6.2697515,1.0,0.03155818581581116,0.0
YPL121C,YGL249W,1,6.2606297,1.0,0.03254437819123268,0.0
YDL154W,YGL249W,1,6.248582,1.0,0.033530570566654205,0.0
YDL093W,YDR437W,0,6.2417135,0.9714285731315613,0.033530570566654205,0.00010014019790105522
YGL158W,YER106W,1,6.2360325,0.9722222089767456,0.03451676666736603,0.00010014019790105522
YNL233W,YJR153W,0,6.203875,0.9459459185600281,0.03451676666736603,0.00020028039580211043
YNL020C,YNL194C,0,6.1904287,0.9210526347160339,0.03451676666736603,0.00030042059370316565
YDR273W,YMR017W,1,6.1065063,0.9230769276618958,0.03550295904278755,0.00030042059370316565
YDR446W,YFL033C,1,6.077023,0.925000011920929,0.036489151418209076,0.00030042059370316565
YGL175C,YNL210W,1,6.076236,0.9268292784690857,0.0374753437936306,0.00030042059370316565
YDR446W,YGL170C,1,6.059797,0.9285714030265808,0.03846153989434242,0.00030042059370316565
YFL003C,YPR103W,1,6.025663,0.930232584476471,0.03944773226976395,0.00030042059370316565
YHL024W,YHR153C,1,5.9914827,0.9318181872367859,0.04043392464518547,0.00030042059370316565
YLR329W,YDL154W,1,5.9669566,0.9333333373069763,0.041420117020606995,0.00030042059370316565
YER115C,YER106W,1,5.9558954,0.9347826242446899,0.04240631312131882,0.00030042059370316565
YOR190W,YDR285W,1,5.935198,0.936170220375061,0.04339250549674034,0.00030042059370316565
YOR060C,YLR313C,0,5.9315968,0.9166666865348816,0.04339250549674034,0.00040056079160422087
YDL239C,YOL132W,1,5.902093,0.918367326259613,0.044378697872161865,0.00040056079160422087
YGR059W,YLR213C,1,5.897288,0.9200000166893005,0.04536489024758339,0.00040056079160422087
YHR079C-A,YDR285W,1,5.8957705,0.9215686321258545,0.04635108634829521,0.00040056079160422087
YKR031C,YHR153C,1,5.872013,0.9230769276618958,0.047337278723716736,0.00040056079160422087
YHR037W,YOR195W,0,5.8098683,0.9056603908538818,0.047337278723716736,0.0005007009604014456
YPR054W,YLL005C,1,5.752038,0.9074074029922485,0.04832347109913826,0.0005007009604014456
YMR063W,YPL253C,0,5.727039,0.8909090757369995,0.04832347109913826,0.0006008411874063313
YPL209C,YIL072W,1,5.7031393,0.8928571343421936,0.049309663474559784,0.0006008411874063313
YPL139C,YDL222C,1,5.6805353,0.8947368264198303,0.050295859575271606,0.0006008411874063313
YNL199C,YNL045W,0,5.65061,0.8793103694915771,0.050295859575271606,0.0007009813562035561
YDR285W,YPL027W,1,5.641169,0.8813559412956238,0.05128205195069313,0.0007009813562035561
YDL194W,YDR273W,1,5.6337686,0.8833333253860474,0.052268244326114655,0.0007009813562035561
YML085C,YGL249W,1,5.6277943,0.8852459192276001,0.05325443670153618,0.0007009813562035561
YOR177C,YIL037C,0,5.625299,0.8709677457809448,0.05325443670153618,0.0008011215832084417
YDR523C,YPL209C,1,5.6236644,0.8730158805847168,0.054240632802248,0.0008011215832084417
YGL175C,YLR343W,1,5.5999775,0.875,0.055226825177669525,0.0008011215832084417
YDR323C,YPR007C,0,5.581779,0.8615384697914124,0.055226825177669525,0.0009012617520056665
YOR177C,YOR330C,0,5.5782757,0.8484848737716675,0.055226825177669525,0.0010014019208028913
YOL078W,YBL047C,0,5.555048,0.8358209133148193,0.055226825177669525,0.001101542147807777
YDR386W,YHR014W,1,5.54776,0.8382353186607361,0.05621301755309105,0.001101542147807777
YIR004W,YPL021W,0,5.538549,0.8260869383811951,0.05621301755309105,0.0012016823748126626
YOR014W,YCR092C,1,5.5369453,0.8285714387893677,0.05719920992851257,0.0012016823748126626
YDR402C,YHR014W,1,5.5332074,0.8309859037399292,0.058185406029224396,0.0012016823748126626
YLL016W,YBL035C,0,5.497457,0.8194444179534912,0.058185406029224396,0.0013018226018175483
YHR001W-A,YKR072C,0,5.4884095,0.8082191944122314,0.058185406029224396,0.0014019627124071121
YDR523C,YFL033C,1,5.4688544,0.8108108043670654,0.05917159840464592,0.0014019627124071121
YHR165C,YIL087C,0,5.4615254,0.800000011920929,0.05917159840464592,0.0015021029394119978
YOR242C,YPR054W,1,5.4610186,0.8026315569877625,0.060157790780067444,0.0015021029394119978
YER044C-A,YDL154W,1,5.4601035,0.8051947951316833,0.06114398315548897,0.0015021029394119978
YDL230W,YDL247W,0,5.4580383,0.7948718070983887,0.06114398315548897,0.0016022431664168835
YGL251C,YPL200W,1,5.448718,0.797468364238739,0.06213017925620079,0.0016022431664168835
YHR157W,YGL033W,1,5.441372,0.800000011920929,0.06311637163162231,0.0016022431664168835
YIL132C,YMR048W,1,5.403863,0.8024691343307495,0.06410256773233414,0.0016022431664168835
YHR157W,YLL005C,1,5.4009886,0.8048780560493469,0.06508875638246536,0.0016022431664168835
YGL183C,YLL005C,1,5.393016,0.8072289228439331,0.06607495248317719,0.0016022431664168835
YPL130W,YGL085W,0,5.38472,0.7976190447807312,0.06607495248317719,0.0017023833934217691
YOR190W,YIL112W,1,5.344966,0.800000011920929,0.06706114113330841,0.0017023833934217691
YNL194C,YBR082C,1,5.3442683,0.8023256063461304,0.06804733723402023,0.0017023833934217691
YOR368W,YHR153C,1,5.3373833,0.8045976758003235,0.06903353333473206,0.0017023833934217691
YHR119W,YDR403W,1,5.3343005,0.8068181872367859,0.07001972198486328,0.0017023833934217691
YHR119W,YMR133W,1,5.3298416,0.8089887499809265,0.0710059180855751,0.0017023833934217691
YER044C-A,YNL250W,1,5.328973,0.8111110925674438,0.07199210673570633,0.0017023833934217691
YOL104C,YAR007C,1,5.3180466,0.8131868243217468,0.07297830283641815,0.0017023833934217691
YPL146C,YDR040C,0,5.314003,0.804347813129425,0.07297830283641815,0.001802523504011333
YGL183C,YNL082W,1,5.313006,0.8064516186714172,0.07396449893712997,0.001802523504011333
YMR048W,YER033C,0,5.3105073,0.7978723645210266,0.07396449893712997,0.0019026637310162187
YDR273W,YDR403W,1,5.3040714,0.800000011920929,0.0749506875872612,0.0019026637310162187
YDL240W,YDL124W,0,5.303993,0.7916666865348816,0.0749506875872612,0.0020028038416057825
YGL183C,YJL187C,1,5.3033504,0.7938144207000732,0.07593688368797302,0.0020028038416057825
YDR522C,YHR184W,1,5.281871,0.795918345451355,0.07692307978868484,0.0020028038416057825
YLR054C,YGL033W,1,5.2779255,0.7979797720909119,0.07790926843881607,0.0020028038416057825
YIL154C,YHR197W,0,5.277481,0.7900000214576721,0.07790926843881607,0.002102944068610668
YKR034W,YLL057C,0,5.274925,0.7821782231330872,0.07790926843881607,0.002203084295615554
YHR119W,YDR059C,1,5.269289,0.7843137383460999,0.0788954645395279,0.002203084295615554
YCL068C,YJL216C,0,5.2613053,0.7766990065574646,0.0788954645395279,0.0023032245226204395
YOR368W,YER044C-A,1,5.25745,0.7788461446762085,0.07988165318965912,0.0023032245226204395
YNL210W,YMR048W,1,5.250244,0.7809523940086365,0.08086784929037094,0.0023032245226204395
YFR016C,YOL078W,0,5.247616,0.7735849022865295,0.08086784929037094,0.002403364749625325
YDR096W,YOL091W,1,5.232756,0.7757009267807007,0.08185404539108276,0.002403364749625325
YNL199C,YPL203W,0,5.230345,0.7685185074806213,0.08185404539108276,0.002503504976630211
YLR213C,YOR298W,1,5.228395,0.7706422209739685,0.08284023404121399,0.002503504976630211
YMR139W,YMR048W,1,5.224853,0.7727272510528564,0.08382643014192581,0.002503504976630211
YNL278W,YML047C,0,5.2240257,0.7657657861709595,0.08382643014192581,0.0026036452036350965
YOL132W,YPR097W,0,5.207232,0.7589285969734192,0.08382643014192581,0.0027037851978093386
YPR054W,YDR522C,1,5.200933,0.76106196641922,0.08481262624263763,0.0027037851978093386
YER044C-A,YPL130W,0,5.1937847,0.7543859481811523,0.08481262624263763,0.0028039254248142242
YFL033C,YML066C,1,5.192846,0.7565217614173889,0.08579881489276886,0.0028039254248142242
YOL104C,YGL170C,1,5.188946,0.7586206793785095,0.08678501099348068,0.0028039254248142242
YLR308W,YBR057C,1,5.1812315,0.7606837749481201,0.08777119964361191,0.0028039254248142242
YHR079C-A,YDL154W,1,5.1646285,0.7627118825912476,0.08875739574432373,0.0028039254248142242
YFL003C,YGL183C,1,5.1533456,0.7647058963775635,0.08974359184503555,0.0028039254248142242
YBR057C,YGL033W,1,5.1361427,0.7666666507720947,0.09072978049516678,0.0028039254248142242
YLR234W,YBR057C,1,5.1356287,0.7685950398445129,0.0917159765958786,0.0028039254248142242
YBL013W,YGL070C,0,5.1157255,0.7622950673103333,0.0917159765958786,0.00290406565181911
YCR035C,YCL048W,0,5.111164,0.7560975551605225,0.0917159765958786,0.0030042058788239956
YOR255W,YBR186W,1,5.1046085,0.7580645084381104,0.09270217269659042,0.0030042058788239956
YPL004C,YNL076W,0,5.103797,0.7519999742507935,0.09270217269659042,0.0031043461058288813
YIL132C,YLR330W,1,5.094553,0.7539682388305664,0.09368836134672165,0.0031043461058288813
YGL063W,YDR301W,0,5.0824738,0.748031497001648,0.09368836134672165,0.003204486332833767
YLR006C,YHL015W,0,5.0653467,0.7421875,0.09368836134672165,0.0033046265598386526
YDR402C,YIL073C,1,5.0428095,0.7441860437393188,0.09467455744743347,0.0033046265598386526
YGL175C,YPL200W,1,5.0402217,0.7461538314819336,0.0956607460975647,0.0033046265598386526
YFR027W,YOR330C,0,5.0290785,0.7404580116271973,0.0956607460975647,0.0034047667868435383
YPL130W,YOL095C,0,5.0210457,0.7348484992980957,0.0956607460975647,0.0035049067810177803
YHR014W,YLL040C,1,5.018068,0.7368420958518982,0.09664694219827652,0.0035049067810177803
YJR035W,YJL216C,0,5.01622,0.7313432693481445,0.09664694219827652,0.003605047008022666
YCR105W,YMR133W,0,5.010774,0.7259259223937988,0.09664694219827652,0.0037051872350275517
YLR059C,YMR195W,0,4.992319,0.720588207244873,0.09664694219827652,0.0038053274620324373
YHR119W,YNL128W,1,4.980489,0.7226277589797974,0.09763313829898834,0.0038053274620324373
YDL239C,YMR133W,1,4.96761,0.7246376872062683,0.09861932694911957,0.0038053274620324373
YKL014C,YIL154C,0,4.966764,0.7194244861602783,0.09861932694911957,0.003905467689037323
YOR368W,YHR014W,1,4.96651,0.7214285731315613,0.09960552304983139,0.003905467689037323
YLR345W,YHR118C,0,4.9649787,0.716312050819397,0.09960552304983139,0.004005607683211565
YOR026W,YCL048W,0,4.9618144,0.7112675905227661,0.09960552304983139,0.004105748143047094
YKR034W,YHR157W,0,4.9604278,0.7062937021255493,0.09960552304983139,0.004205888137221336
YCL044C,YOR026W,0,4.953361,0.7013888955116272,0.09960552304983139,0.004306028597056866
YCR092C,YIL072W,1,4.9483767,0.7034482955932617,0.10059171915054321,0.004306028597056866
YOR255W,YCR086W,1,4.9464226,0.7054794430732727,0.10157790780067444,0.004306028597056866
YMR224C,YMR017W,1,4.9400997,0.7074829936027527,0.10256410390138626,0.004306028597056866
YKL014C,YML004C,0,4.9357615,0.7027027010917664,0.10256410390138626,0.004406168591231108
YOR073W,YDL154W,1,4.933224,0.7046979665756226,0.10355029255151749,0.004406168591231108
YDR325W,YGR080W,0,4.916506,0.699999988079071,0.10355029255151749,0.004506309051066637
YPL164C,YOR073W,1,4.8905945,0.7019867300987244,0.10453648865222931,0.004506309051066637
YOR338W,YOR255W,1,4.8834734,0.7039473652839661,0.10552268475294113,0.004506309051066637
YHL024W,YOR073W,1,4.879903,0.7058823704719543,0.10650887340307236,0.004506309051066637
YGL170C,YLR248W,1,4.867468,0.7077922224998474,0.10749506950378418,0.004506309051066637
YPL130W,YBR060C,0,4.8637433,0.7032257914543152,0.10749506950378418,0.004606449045240879
YCR092C,YGL249W,1,4.859488,0.7051281929016113,0.108481265604496,0.004606449045240879
YLL026W,YHR073W,0,4.853442,0.7006369233131409,0.108481265604496,0.004706589039415121
YDL247W,YPL253C,0,4.8522434,0.6962025165557861,0.108481265604496,0.00480672949925065
YOL104C,YLR272C,1,4.8471537,0.698113203048706,0.10946745425462723,0.00480672949925065
YGL183C,YOR255W,1,4.830637,0.699999988079071,0.11045365035533905,0.00480672949925065
YHR014W,YGL249W,1,4.8301044,0.7018633484840393,0.11143983900547028,0.00480672949925065
YHR014W,YOR259C,0,4.830017,0.6975308656692505,0.11143983900547028,0.004906869493424892
YOR068C,YDL154W,0,4.8271637,0.6932515501976013,0.11143983900547028,0.005007009953260422
YER072W,YBR005W,0,4.816633,0.6890243887901306,0.11143983900547028,0.005107149947434664
YIL132C,YBR186W,1,4.8129535,0.6909090876579285,0.1124260351061821,0.005107149947434664
YDL240W,YIL167W,0,4.8033957,0.6867470145225525,0.1124260351061821,0.005207290407270193
YMR215W,YAL051W,0,4.7980213,0.682634711265564,0.1124260351061821,0.005307430401444435
YDL239C,YDR285W,1,4.7915964,0.6845238208770752,0.11341223120689392,0.005307430401444435
YDL230W,YLR313C,0,4.7875223,0.6804733872413635,0.11341223120689392,0.005407570395618677
YMR017W,YGL033W,1,4.786048,0.6823529601097107,0.11439841985702515,0.005407570395618677
YNL210W,YBR045C,1,4.7856884,0.6842105388641357,0.11538461595773697,0.005407570395618677
YER115C,YOR177C,1,4.7820997,0.6860465407371521,0.11637081205844879,0.005407570395618677
YHR185C,YFL011W,0,4.778274,0.6820809245109558,0.11637081205844879,0.0055077108554542065
YDL194W,YCL048W,1,4.7772655,0.6839080452919006,0.11735700070858002,0.0055077108554542065
YOR338W,YDR446W,1,4.7768755,0.6857143044471741,0.11834319680929184,0.0055077108554542065
YBR045C,YGL240W,0,4.771703,0.6818181872367859,0.11834319680929184,0.0056078508496284485
YFL003C,YLR341W,1,4.7673864,0.6836158037185669,0.11932938545942307,0.0056078508496284485
YER028C,YDL154W,0,4.7667966,0.6797752976417542,0.11932938545942307,0.005707991309463978
YPR095C,YGL053W,0,4.760864,0.6759776473045349,0.11932938545942307,0.00580813130363822
YOR177C,YBL014C,0,4.7504663,0.6722221970558167,0.11932938545942307,0.005908271763473749
YOL084W,YOR330C,0,4.7489843,0.6685082912445068,0.11932938545942307,0.006008411757647991
YPR010C,YGR224W,0,4.74686,0.6648351550102234,0.11932938545942307,0.006108551751822233
YGL158W,YDR207C,1,4.7383976,0.6666666865348816,0.12031558156013489,0.006108551751822233
YHR185C,YIL112W,1,4.7351847,0.66847825050354,0.12130177766084671,0.006108551751822233
YJL080C,YHL027W,1,4.7344456,0.6702702641487122,0.12228796631097794,0.006108551751822233
YFR027W,YCR044C,0,4.7295885,0.6666666865348816,0.12228796631097794,0.0062086922116577625
YOL132W,YCR035C,0,4.7202044,0.6631016135215759,0.12228796631097794,0.0063088322058320045
YBR054W,YOR068C,0,4.7192197,0.6595744490623474,0.12228796631097794,0.006408972665667534
YBR186W,YBR057C,1,4.711563,0.6613756418228149,0.12327416241168976,0.006408972665667534
YDR386W,YGL033W,1,4.7105603,0.6631578803062439,0.12426035851240158,0.006408972665667534
YLR329W,YIL073C,1,4.7079453,0.6649214625358582,0.1252465546131134,0.006408972665667534
YLR442C,YOL055C,0,4.706355,0.6614583134651184,0.1252465546131134,0.006509112659841776
YGL181W,YCL048W,1,4.6998405,0.6632124185562134,0.12623274326324463,0.006509112659841776
YHR204W,YDR129C,0,4.6796665,0.6597937941551208,0.12623274326324463,0.006609253119677305
YDL003W,YEL039C,0,4.669238,0.656410276889801,0.12623274326324463,0.006709393113851547
YIL072W,YOR313C,1,4.6618223,0.6581632494926453,0.12721893191337585,0.006709393113851547
YNL082W,YOL132W,1,4.6536093,0.6598984599113464,0.12820513546466827,0.006709393113851547
YHR153C,YDR451C,1,4.652564,0.6616161465644836,0.1291913241147995,0.006709393113851547
YOR177C,YOR380W,0,4.6515527,0.6582914590835571,0.1291913241147995,0.006809533573687077
YPL209C,YER095W,1,4.6505904,0.6600000262260437,0.13017751276493073,0.006809533573687077
YBR045C,YCR092C,1,4.646536,0.6616915464401245,0.13116370141506195,0.006809533573687077
YDR369C,YFL033C,1,4.6449156,0.6633663177490234,0.13214990496635437,0.006809533573687077
YNL243W,YEL019C,0,4.6424785,0.6600984930992126,0.13214990496635437,0.006909673567861319
YNL312W,YJL106W,1,4.6403546,0.6617646813392639,0.1331360936164856,0.006909673567861319
YKR078W,YOR227W,0,4.6394625,0.6585366129875183,0.1331360936164856,0.007009813562035561
YDR059C,YHR079C-A,1,4.634686,0.6601941585540771,0.13412228226661682,0.007009813562035561
YMR076C,YHR106W,0,4.6252937,0.6570048332214355,0.13412228226661682,0.00710995402187109
YGL181W,YPL017C,1,4.623528,0.6586538553237915,0.13510848581790924,0.00710995402187109
YPL121C,YNL250W,1,4.6224604,0.660287082195282,0.13609467446804047,0.00710995402187109
YPL235W,YIL173W,0,4.622154,0.6571428775787354,0.13609467446804047,0.007210094016045332
YMR215W,YLR054C,0,4.619558,0.6540284156799316,0.13609467446804047,0.007310234475880861
YJL162C,YGL192W,0,4.617691,0.650943398475647,0.13609467446804047,0.007410374470055103
YDL113C,YHR014W,0,4.6168485,0.6478873491287231,0.13609467446804047,0.007510514929890633
YOR264W,YML047C,0,4.6125503,0.644859790802002,0.13609467446804047,0.007610654924064875
YDL222C,YGL213C,1,4.610273,0.6465116143226624,0.1370808631181717,0.007610654924064875
YMR167W,YGL249W,1,4.6098065,0.6481481194496155,0.1380670666694641,0.007610654924064875
YLR307W,YPL164C,1,4.60853,0.6497696042060852,0.13905325531959534,0.007610654924064875
YMR322C,YBR045C,0,4.6065593,0.646789014339447,0.13905325531959534,0.007710794918239117
YLR102C,YKR093W,0,4.6064153,0.6438356041908264,0.13905325531959534,0.007810935378074646
YDR386W,YGL183C,1,4.599599,0.6454545259475708,0.14003944396972656,0.007810935378074646
YHR194W,YOL095C,0,4.599553,0.6425339579582214,0.14003944396972656,0.007911075837910175
YLR054C,YDR522C,1,4.5982156,0.6441441178321838,0.14102564752101898,0.007911075837910175
YOR034C,YOR227W,0,4.5977564,0.6412556171417236,0.14102564752101898,0.00801121536642313
YJR021C,YOL104C,1,4.5778766,0.6428571343421936,0.1420118361711502,0.00801121536642313
YDR513W,YOR330C,0,4.5724015,0.6399999856948853,0.1420118361711502,0.00811135582625866
YOR338W,YMR167W,1,4.5715666,0.6415929198265076,0.14299802482128143,0.00811135582625866
YLR411W,YJR150C,0,4.5699034,0.6387665271759033,0.14299802482128143,0.008211496286094189
YER143W,YNL194C,0,4.5658236,0.6359649300575256,0.14299802482128143,0.008311636745929718
YGL196W,YBL035C,0,4.5639677,0.6331877708435059,0.14299802482128143,0.008411776274442673
YPL130W,YOR026W,0,4.5625415,0.6304348111152649,0.14299802482128143,0.008511916734278202
YFR027W,YLR258W,0,4.555742,0.6277056336402893,0.14299802482128143,0.008612057194113731
YDR440W,YOL071W,1,4.54621,0.6293103694915771,0.14398421347141266,0.008612057194113731
YLR352W,YOR026W,0,4.5405917,0.6266094446182251,0.14398421347141266,0.008712196722626686
YMR175W,YMR048W,0,4.5299153,0.6239316463470459,0.14398421347141266,0.008812337182462215
YOR177C,YMR118C,0,4.529522,0.6212766170501709,0.14398421347141266,0.008912477642297745
YFR027W,YPL100W,0,4.5288186,0.6186440587043762,0.14398421347141266,0.009012618102133274
YNL328C,YGL238W,0,4.5225205,0.6160337328910828,0.14398421347141266,0.009112757630646229
YPL209C,YPR055W,0,4.519988,0.6134454011917114,0.14398421347141266,0.009212898090481758
YPR095C,YDR243C,0,4.518125,0.6108786463737488,0.14398421347141266,0.009313038550317287
YPL193W,YLR299W,0,4.5180616,0.6083333492279053,0.14398421347141266,0.009413178078830242
YDR092W,YGL192W,0,4.516258,0.6058091521263123,0.14398421347141266,0.009513318538665771
YDR076W,YPL209C,1,4.509795,0.6074380278587341,0.14497041702270508,0.009513318538665771
YFL011W,YLR115W,0,4.506963,0.604938268661499,0.14497041702270508,0.0096134589985013
YNL025C,YPR105C,0,4.5037966,0.6024590134620667,0.14497041702270508,0.00971359945833683
YAL068C,YLR308W,1,4.5032845,0.6040816307067871,0.1459566056728363,0.00971359945833683
YCR033W,YPL017C,1,4.5012608,0.6056910753250122,0.14694279432296753,0.00971359945833683
YOR049C,YPL239W,0,4.500919,0.6032388806343079,0.14694279432296753,0.009813738986849785
YDR273W,YMR190C,1,4.500716,0.6048387289047241,0.14792899787425995,0.009813738986849785
YOL029C,YDR040C,0,4.4948864,0.6024096608161926,0.14792899787425995,0.009913879446685314
YBR186W,YHR184W,1,4.4900665,0.6039999723434448,0.14891518652439117,0.009913879446685314
YHR204W,YML013W,0,4.486306,0.6015936136245728,0.14891518652439117,0.010014019906520844
YPL140C,YDR122W,0,4.4862223,0.5992063283920288,0.14891518652439117,0.010114159435033798
YOR249C,YLR054C,0,4.485028,0.5968379378318787,0.14891518652439117,0.010214299894869328
YHR035W,YJR035W,0,4.4845085,0.5944882035255432,0.14891518652439117,0.010314440354704857
YDR104C,YDR096W,1,4.4710536,0.5960784554481506,0.1499013751745224,0.010314440354704857
YPR008W,YDL093W,0,4.4703836,0.59375,0.1499013751745224,0.010414580814540386
YGL175C,YLR213C,1,4.4697375,0.5953307151794434,0.15088757872581482,0.010414580814540386
YMR139W,YBR136W,1,4.465973,0.5968992114067078,0.15187376737594604,0.010414580814540386
YLR343W,YMR190C,1,4.4648304,0.5984556078910828,0.15285995602607727,0.010414580814540386
YMR322C,YIL123W,0,4.464123,0.5961538553237915,0.15285995602607727,0.010514720343053341
YHR185C,YDR403W,1,4.461967,0.5977011322975159,0.1538461595773697,0.010514720343053341
YPR007C,YDR273W,0,4.4585304,0.5954198241233826,0.1538461595773697,0.01061486080288887
YDL194W,YLR035C,1,4.458412,0.5969581604003906,0.15483234822750092,0.01061486080288887
YLR102C,YER155C,0,4.450595,0.5946969985961914,0.15483234822750092,0.0107150012627244
YPL141C,YIL173W,0,4.444626,0.5924528241157532,0.15483234822750092,0.010815140791237354
YML085C,YLR054C,1,4.44301,0.5939849615097046,0.15581853687763214,0.010815140791237354
YDL072C,YPL193W,0,4.440061,0.5917602777481079,0.15581853687763214,0.010915281251072884
YLR307W,YBR098W,1,4.4305143,0.5932835936546326,0.15680474042892456,0.010915281251072884
YDL003W,YJR096W,0,4.4298,0.5910780429840088,0.15680474042892456,0.011015421710908413
YPL120W,YMR081C,0,4.4271994,0.5888888835906982,0.15680474042892456,0.011115562170743942
YHR073W,YGR260W,0,4.4226913,0.5867158770561218,0.15680474042892456,0.011215701699256897
YMR063W,YNL098C,1,4.4206314,0.5882353186607361,0.1577909290790558,0.011215701699256897
YOL132W,YBL047C,0,4.4174395,0.5860806107521057,0.1577909290790558,0.011315842159092426
YJL045W,YGL093W,0,4.412729,0.5839415788650513,0.1577909290790558,0.011415982618927956
YBR005W,YGR260W,0,4.407182,0.581818163394928,0.1577909290790558,0.01151612214744091
YAR033W,YCR065W,0,4.3976755,0.5797101259231567,0.1577909290790558,0.01161626260727644
YGR170W,YFL049W,0,4.3946333,0.577617347240448,0.1577909290790558,0.011716403067111969
YFR027W,YGL194C,0,4.3943896,0.5755395889282227,0.1577909290790558,0.011816543526947498
YDL247W,YDR243C,0,4.3925686,0.5734767317771912,0.1577909290790558,0.011916683055460453
YIL014W,YLR460C,0,4.3890696,0.5714285969734192,0.1577909290790558,0.012016823515295982
YLR131C,YDR513W,0,4.385414,0.5693950057029724,0.1577909290790558,0.012116963975131512
YIL007C,YOR034C,0,4.381746,0.567375898361206,0.1577909290790558,0.012217103503644466
YBR073W,YHL024W,1,4.380142,0.5689045786857605,0.158777117729187,0.012217103503644466
YCR045C,YOR059C,0,4.379731,0.5669013857841492,0.158777117729187,0.012317243963479996
YCR033W,YMR017W,1,4.3736253,0.5684210658073425,0.15976330637931824,0.012317243963479996
YLR345W,YDR464W,0,4.370845,0.5664335489273071,0.15976330637931824,0.012417384423315525
YCL048W,YOR177C,1,4.37062,0.5679442286491394,0.16074950993061066,0.012417384423315525
YIL107C,YLL057C,0,4.367873,0.5659722089767456,0.16074950993061066,0.012517524883151054
YAL068C,YPL061W,0,4.3676853,0.5640138387680054,0.16074950993061066,0.012617664411664009
YJR073C,YIL119C,0,4.367299,0.5620689392089844,0.16074950993061066,0.012717804871499538
YGR046W,YNL251C,0,4.364547,0.5601374506950378,0.16074950993061066,0.012817945331335068
YEL018W,YGR224W,0,4.354519,0.5582191944122314,0.16074950993061066,0.012918084859848022
YMR063W,YPL139C,1,4.353443,0.5597269535064697,0.16173569858074188,0.012918084859848022
YOR258W,YBR212W,0,4.3533645,0.557823121547699,0.16173569858074188,0.013018225319683552
YGL016W,YPL018W,0,4.350919,0.5559322237968445,0.16173569858074188,0.013118365779519081
YLR284C,YOR113W,0,4.3441086,0.5540540814399719,0.16173569858074188,0.01321850623935461
YNL167C,YER038C,0,4.3437414,0.5521885752677917,0.16173569858074188,0.013318645767867565
YDR440W,YGL183C,1,4.3417745,0.5536912679672241,0.1627218872308731,0.013318645767867565
YJL080C,YDL222C,1,4.3401194,0.5551839470863342,0.16370809078216553,0.013318645767867565
YPL280W,YBL031W,0,4.3341317,0.5533333420753479,0.16370809078216553,0.013418786227703094
YOL055C,YBR086C,0,4.32544,0.5514950156211853,0.16370809078216553,0.013518926687538624
YEL048C,YOR086C,0,4.3233843,0.5496688485145569,0.16370809078216553,0.013619067147374153
YCR065W,YLL006W,0,4.3229795,0.5478547811508179,0.16370809078216553,0.013719206675887108
YLR234W,YPL027W,1,4.3218694,0.5493420958518982,0.16469427943229675,0.013719206675887108
YOR267C,YER149C,0,4.321865,0.5475409626960754,0.16469427943229675,0.013819347135722637
YPL115C,YBR180W,0,4.3201637,0.5457516312599182,0.16469427943229675,0.013919487595558167
YIR026C,YMR237W,0,4.3183565,0.5439739227294922,0.16469427943229675,0.014019627124071121
YCL068C,YGL087C,0,4.317401,0.5422077775001526,0.16469427943229675,0.01411976758390665
YLL005C,YPL055C,1,4.311865,0.5436893105506897,0.16568046808242798,0.01411976758390665
YDL106C,YGR120C,0,4.3100414,0.5419355034828186,0.16568046808242798,0.01421990804374218
YPL164C,YBR057C,1,4.305578,0.5434083342552185,0.1666666716337204,0.01421990804374218
YGR225W,YHL027W,1,4.3024783,0.5448718070983887,0.16765286028385162,0.01421990804374218
YOR354C,YOL091W,1,4.298486,0.5463258624076843,0.16863904893398285,0.01421990804374218
YOR073W,YMR190C,1,4.296861,0.5477706789970398,0.16962525248527527,0.01421990804374218
YGL195W,YBL047C,0,4.2962837,0.5460317730903625,0.16962525248527527,0.01432004850357771
YHR150W,YDR317W,0,4.293661,0.5443037748336792,0.16962525248527527,0.014420188032090664
YER063W,YOR113W,0,4.293437,0.5425867438316345,0.16962525248527527,0.014520328491926193
YLR189C,YER015W,0,4.2883644,0.5408805012702942,0.16962525248527527,0.014620468951761723
YHR185C,YPL189W,0,4.2877254,0.5391849279403687,0.16962525248527527,0.014720608480274677
YDR386W,YDR080W,0,4.283556,0.5375000238418579,0.16962525248527527,0.014820748940110207
YKR034W,YPL049C,0,4.2816505,0.5358255505561829,0.16962525248527527,0.014920889399945736
YDR040C,YDL117W,0,4.2806854,0.5341615080833435,0.16962525248527527,0.015021029859781265
YBR054W,YDL189W,0,4.279737,0.5325077176094055,0.16962525248527527,0.01512116938829422
YMR139W,YDR004W,1,4.279125,0.5339506268501282,0.1706114411354065,0.01512116938829422
YOR229W,YOR177C,1,4.2726765,0.5353845953941345,0.17159762978553772,0.01512116938829422
YMR139W,YLR343W,1,4.270405,0.5368098020553589,0.17258383333683014,0.01512116938829422
YGR193C,YNR071C,0,4.2641006,0.5351681709289551,0.17258383333683014,0.01522130984812975
YKR049C,YLL057C,0,4.2636223,0.5335366129875183,0.17258383333683014,0.015321450307965279
YJL089W,YDR289C,0,4.2627797,0.5319148898124695,0.17258383333683014,0.015421589836478233
YOR255W,YGL033W,1,4.2621307,0.5333333611488342,0.17357002198696136,0.015421589836478233
YHR169W,YMR195W,0,4.2601156,0.5317220687866211,0.17357002198696136,0.015521730296313763
YGL194C,YPL178W,0,4.255407,0.5301204919815063,0.17357002198696136,0.015621870756149292
YER038C,YDL102W,0,4.2548957,0.5285285115242004,0.17357002198696136,0.015722010284662247
YIL019W,YNL025C,0,4.2540865,0.5269461274147034,0.17357002198696136,0.01582215167582035
YMR081C,YAL030W,0,4.2499924,0.5253731608390808,0.17357002198696136,0.015922291204333305
YOL090W,YMR133W,1,4.249588,0.5267857313156128,0.1745562106370926,0.015922291204333305
YER028C,YNL054W,0,4.2491274,0.5252225399017334,0.1745562106370926,0.01602243073284626
YDR260C,YDR523C,1,4.2433453,0.526627242565155,0.17554239928722382,0.01602243073284626
YJL110C,YBR016W,0,4.2428756,0.525073766708374,0.17554239928722382,0.016122572124004364
YHL017W,YHR185C,0,4.239038,0.5235294103622437,0.17554239928722382,0.01622271165251732
YLR361C,YCL048W,0,4.2361097,0.5219941139221191,0.17554239928722382,0.016322851181030273
YDR273W,YMR001C,1,4.233288,0.5233917832374573,0.17652860283851624,0.016322851181030273
YNL194C,YKL040C,0,4.226506,0.5218659043312073,0.17652860283851624,0.016422992572188377
YOR255W,YER106W,1,4.223906,0.5232558250427246,0.17751479148864746,0.016422992572188377
YER028C,YDR135C,0,4.2222548,0.52173912525177,0.17751479148864746,0.016523132100701332
YHR035W,YER149C,0,4.217799,0.5202311873435974,0.17751479148864746,0.016623273491859436
YIL033C,YGL151W,0,4.2159557,0.5187320113182068,0.17751479148864746,0.01672341302037239
YPL130W,YNL317W,0,4.2141447,0.517241358757019,0.17751479148864746,0.016823552548885345
YPR067W,YNL251C,0,4.212369,0.515759289264679,0.17751479148864746,0.01692369394004345
YPR105C,YNL156C,0,4.210865,0.5142857432365417,0.17751479148864746,0.017023833468556404
YGL192W,YMR074C,0,4.2097106,0.5128205418586731,0.17751479148864746,0.01712397299706936
YMR105C,YER015W,0,4.208658,0.5113636255264282,0.17751479148864746,0.017224114388227463
YDR148C,YIL147C,0,4.2072206,0.5099149942398071,0.17751479148864746,0.017324253916740417
YML057W,YDR023W,0,4.202056,0.508474588394165,0.17751479148864746,0.017424393445253372
YPL116W,YGL219C,0,4.1974387,0.5070422291755676,0.17751479148864746,0.017524534836411476
YPL141C,YML013W,0,4.193945,0.5056179761886597,0.17751479148864746,0.01762467436492443
YFL056C,YDR386W,0,4.1925526,0.5042017102241516,0.17751479148864746,0.017724813893437386
YDL239C,YDR325W,1,4.1914425,0.505586564540863,0.1785009801387787,0.017724813893437386
YLR320W,YNL194C,1,4.188216,0.5069637894630432,0.1794871836900711,0.017724813893437386
YDL175C,YCR038C,0,4.187245,0.5055555701255798,0.1794871836900711,0.01782495528459549
YJL057C,YJL216C,0,4.183979,0.5041550993919373,0.1794871836900711,0.017925094813108444
YJL059W,YDL247W,0,4.183093,0.5027624368667603,0.1794871836900711,0.018025236204266548
YDR369C,YLL005C,1,4.181315,0.5041322112083435,0.18047337234020233,0.018025236204266548
YBR191W,YML047C,0,4.18113,0.5027472376823425,0.18047337234020233,0.018125375732779503
YER106W,YJL106W,1,4.176921,0.5041095614433289,0.18145956099033356,0.018125375732779503
YDR446W,YAL009W,1,4.1742806,0.505464494228363,0.18244576454162598,0.018125375732779503
YDR522C,YDR099W,1,4.1714954,0.5068119764328003,0.1834319531917572,0.018125375732779503
YDL175C,YJR096W,0,4.1691236,0.5054348111152649,0.1834319531917572,0.018225515261292458
YHR150W,YBR045C,0,4.166132,0.5040650367736816,0.1834319531917572,0.01832565665245056
YDR402C,YLR394W,1,4.1649337,0.5054054260253906,0.18441814184188843,0.01832565665245056
YDR402C,YER096W,1,4.155175,0.506738543510437,0.18540434539318085,0.01832565665245056
YMR215W,YER139C,0,4.1468735,0.5053763389587402,0.18540434539318085,0.018425796180963516
YOR320C,YOL084W,0,4.1441684,0.5040214657783508,0.18540434539318085,0.01852593570947647
YGL028C,YOR019W,0,4.138953,0.5026738047599792,0.18540434539318085,0.018626077100634575
YBR268W,YML047C,0,4.1389346,0.5013333559036255,0.18540434539318085,0.01872621662914753
YOR338W,YLR330W,1,4.137036,0.5026595592498779,0.18639053404331207,0.01872621662914753
YMR322C,YMR118C,0,4.135055,0.5013262629508972,0.18639053404331207,0.018826356157660484
YGL194C,YNL128W,1,4.133833,0.5026454925537109,0.1873767226934433,0.018826356157660484
YHR185C,YER115C,1,4.133666,0.5039578080177307,0.18836292624473572,0.018826356157660484
YPL105C,YLR377C,0,4.1275983,0.5026316046714783,0.18836292624473572,0.018926497548818588
YDR523C,YGL194C,1,4.1252947,0.5039370059967041,0.18934911489486694,0.018926497548818588
YEL019C,YOR011W,0,4.1245537,0.5026177763938904,0.18934911489486694,0.019026637077331543
YKL045W,YJR153W,0,4.124421,0.5013054609298706,0.18934911489486694,0.019126776605844498
YDL247W,YER129W,0,4.1243954,0.5,0.18934911489486694,0.0192269179970026
YEL039C,YGL144C,0,4.1185203,0.4987013041973114,0.18934911489486694,0.019327057525515556
YPR192W,YPL055C,1,4.115279,0.5,0.19033530354499817,0.019327057525515556
YDR096W,YPL200W,1,4.1132717,0.5012919902801514,0.1913214921951294,0.019327057525515556
YOR255W,YHR152W,1,4.111713,0.5025773048400879,0.19230769574642181,0.019327057525515556
YOL071W,YHR139C,1,4.1104226,0.5038560628890991,0.19329388439655304,0.019327057525515556
YDR516C,YGL170C,1,4.1093655,0.5051282048225403,0.19428007304668427,0.019327057525515556
YMR063W,YGL183C,1,4.108576,0.5063938498497009,0.19526627659797668,0.019327057525515556
YER149C,YLR190W,0,4.107695,0.5051020383834839,0.19526627659797668,0.01942719891667366
YBR091C,YCR038C,0,4.100054,0.5038167834281921,0.19526627659797668,0.019527338445186615
YJR132W,YIR019C,0,4.090684,0.5025380849838257,0.19526627659797668,0.01962747797369957
YNL025C,YDR300C,0,4.0900755,0.501265823841095,0.19526627659797668,0.019727619364857674
YIL073C,YDR097C,1,4.0874877,0.502525269985199,0.1962524652481079,0.019727619364857674
YGR217W,YBR193C,0,4.084385,0.501259446144104,0.1962524652481079,0.01982775889337063
YDL113C,YOR335C,0,4.083486,0.5,0.1962524652481079,0.019927898421883583
YNL041C,YKR052C,0,4.081313,0.4987468719482422,0.1962524652481079,0.020028039813041687
YER033C,YDR439W,0,4.0794754,0.4975000023841858,0.1962524652481079,0.02012817934155464
YKL197C,YPR141C,0,4.077317,0.4962593615055084,0.1962524652481079,0.020228318870067596
YHR139C,YHR142W,0,4.0765095,0.4950248897075653,0.1962524652481079,0.0203284602612257
YIR025W,YMR224C,1,4.0760946,0.49627792835235596,0.19723865389823914,0.0203284602612257
YBL013W,YOR258W,0,4.076086,0.49504950642585754,0.19723865389823914,0.020428599789738655
YLR394W,YNL128W,1,4.0745163,0.4962962865829468,0.19822485744953156,0.020428599789738655
YDR201W,YGL192W,0,4.073964,0.4950738847255707,0.19822485744953156,0.02052873931825161
YOL071W,YLR272C,1,4.072442,0.49631449580192566,0.19921104609966278,0.02052873931825161
YPL209C,YIL033C,0,4.0718083,0.4950980246067047,0.19921104609966278,0.020628880709409714
YHL028W,YML047C,0,4.0708694,0.4938875436782837,0.19921104609966278,0.02072902023792267
YBL035C,YPL189W,0,4.0700355,0.49268293380737305,0.19921104609966278,0.020829161629080772
YLR019W,YLR092W,0,4.068171,0.4914841949939728,0.19921104609966278,0.020929301157593727
YHR210C,YFR016C,0,4.0675707,0.4902912676334381,0.19921104609966278,0.021029440686106682
YER106W,YHR014W,1,4.0660305,0.49152541160583496,0.200197234749794,0.021029440686106682
YNL318C,YFL011W,0,4.0632696,0.49033817648887634,0.200197234749794,0.021129582077264786
YBR109C,YBR028C,0,4.060015,0.4891566336154938,0.200197234749794,0.02122972160577774
YDR386W,YBR049C,0,4.0549707,0.48798078298568726,0.200197234749794,0.021329861134290695
YDR204W,YBR049C,0,4.053731,0.486810564994812,0.200197234749794,0.0214300025254488
YER100W,YML047C,0,4.053218,0.48564592003822327,0.200197234749794,0.021530142053961754
YLR215C,YPL224C,0,4.0469265,0.4844868779182434,0.200197234749794,0.02163028158247471
YJR021C,YLL040C,1,4.0466576,0.48571428656578064,0.20118343830108643,0.02163028158247471
YFL037W,YML066C,1,4.04477,0.4869358539581299,0.20216962695121765,0.02163028158247471
YLL006W,YKL054C,0,4.042696,0.4857819974422455,0.20216962695121765,0.021730422973632812
YOR192C,YBL100W-B,0,4.037292,0.48463356494903564,0.20216962695121765,0.021830562502145767
YKR031C,YER096W,1,4.031917,0.4858490526676178,0.20315581560134888,0.021830562502145767
YOL069W,YDR437W,0,4.024869,0.4847058951854706,0.20315581560134888,0.02193070389330387
YAL019W,YDL247W,0,4.020754,0.48356807231903076,0.20315581560134888,0.022030843421816826
YNL294C,YJL187C,1,4.0189457,0.4847775101661682,0.2041420191526413,0.022030843421816826
YNL084C,YGL170C,1,4.0187416,0.4859813153743744,0.20512820780277252,0.022030843421816826
YCR031C,YML047C,0,4.018654,0.4848484992980957,0.20512820780277252,0.02213098295032978
YPL164C,YBR180W,1,4.0167885,0.48604652285575867,0.20611439645290375,0.02213098295032978
YOL132W,YGL139W,0,4.012332,0.4849188029766083,0.20611439645290375,0.022231124341487885
YHR111W,YPL253C,0,4.012081,0.48379629850387573,0.20611439645290375,0.02233126387000084
YGL064C,YGL240W,0,4.0118136,0.48267897963523865,0.20611439645290375,0.022431403398513794
YIL147C,YDR273W,0,4.0092125,0.48156681656837463,0.20611439645290375,0.022531544789671898
YHR185C,YNL082W,1,4.0061703,0.48275861144065857,0.20710058510303497,0.022531544789671898
YBL100W-B,YMR118C,0,4.0060353,0.4816513657569885,0.20710058510303497,0.022631684318184853
YKL138C,YGL192W,0,4.005745,0.4805491864681244,0.20710058510303497,0.022731823846697807
YKR078W,YPR095C,0,4.005146,0.4794520437717438,0.20710058510303497,0.02283196523785591
YLR411W,YPR046W,0,4.0014305,0.4783599078655243,0.20710058510303497,0.022932104766368866
YFR050C,YFR034C,0,3.9976485,0.47727271914482117,0.20710058510303497,0.02303224429488182
YDR009W,YBL014C,0,3.995793,0.4761904776096344,0.20710058510303497,0.023132385686039925
YIL037C,YOR019W,0,3.9954746,0.4751131236553192,0.20710058510303497,0.02323252521455288
YCR035C,YDR273W,0,3.9939904,0.4740406274795532,0.20710058510303497,0.023332666605710983
YHR035W,YLL031C,0,3.992832,0.47297295928001404,0.20710058510303497,0.023432806134223938
YAL015C,YOR195W,0,3.990049,0.47191011905670166,0.20710058510303497,0.023532945662736893
YOR049C,YPL193W,0,3.9886978,0.4708520174026489,0.20710058510303497,0.023633087053894997
YJL162C,YER038C,0,3.988232,0.46979865431785583,0.20710058510303497,0.02373322658240795
YNL312W,YML066C,1,3.9853024,0.4709821343421936,0.2080867886543274,0.02373322658240795
YLR451W,YDR040C,0,3.9845765,0.4699331820011139,0.2080867886543274,0.023833366110920906
YHR210C,YNL020C,0,3.9826548,0.46888887882232666,0.2080867886543274,0.02393350750207901
YPL248C,YPL010W,0,3.981128,0.4678492248058319,0.2080867886543274,0.024033647030591965
YOR259C,YER015W,0,3.9809723,0.46681416034698486,0.2080867886543274,0.02413378655910492
YOR373W,YBR136W,1,3.9807856,0.4679911732673645,0.20907297730445862,0.02413378655910492
YMR101C,YBR045C,0,3.9789214,0.4669603407382965,0.20907297730445862,0.024233927950263023
YPL116W,YJR153W,0,3.977506,0.46593406796455383,0.20907297730445862,0.024334067478775978
YLR377C,YGR030C,0,3.9762986,0.4649122953414917,0.20907297730445862,0.024434207007288933
YDL194W,YGL249W,1,3.973192,0.4660831391811371,0.21005916595458984,0.024434207007288933
YER143W,YOR260W,0,3.97239,0.46506550908088684,0.21005916595458984,0.024534348398447037
YGL158W,YBR088C,1,3.9700956,0.46623092889785767,0.21104536950588226,0.024534348398447037
YDR402C,YLR234W,1,3.9697297,0.46739131212234497,0.2120315581560135,0.024534348398447037
YGL028C,YPR199C,0,3.9681032,0.4663774371147156,0.2120315581560135,0.02463448792695999
YBR073W,YGL183C,1,3.9657218,0.4675324559211731,0.21301774680614471,0.02463448792695999
YPL209C,YMR190C,1,3.9648018,0.46868249773979187,0.21400395035743713,0.02463448792695999
YBL013W,YGL085W,0,3.9630234,0.4676724076271057,0.21400395035743713,0.024734629318118095
YFL061W,YKL063C,0,3.9603317,0.46666666865348816,0.21400395035743713,0.02483476884663105
YOL023W,YER015W,0,3.958946,0.46566522121429443,0.21400395035743713,0.024934908375144005
YDR126W,YGL158W,1,3.9558637,0.4668094217777252,0.21499013900756836,0.024934908375144005
YNL041C,YHR037W,0,3.9537685,0.46581196784973145,0.21499013900756836,0.02503504976630211
YOR014W,YBR098W,1,3.9515412,0.4669509530067444,0.21597632765769958,0.02503504976630211
YPL004C,YGR208W,0,3.951166,0.4659574329853058,0.21597632765769958,0.025135189294815063
YGL063W,YGL240W,0,3.9484258,0.46496814489364624,0.21597632765769958,0.025235328823328018
YPL209C,YPL055C,1,3.9466228,0.4661017060279846,0.216962531208992,0.025235328823328018
YKR096W,YOL078W,0,3.9390235,0.4651162922382355,0.216962531208992,0.025335470214486122
YML021C,YOR330C,0,3.9386547,0.4641350209712982,0.216962531208992,0.025435609742999077
YDR386W,YFR038W,0,3.9377224,0.46315789222717285,0.216962531208992,0.02553574927151203
YMR053C,YFL049W,0,3.9332702,0.462184876203537,0.216962531208992,0.025635890662670135
YFR027W,YBR005W,0,3.9314287,0.46121594309806824,0.216962531208992,0.02573603019118309
YHR185C,YMR001C,1,3.9258115,0.46234309673309326,0.21794871985912323,0.02573603019118309
YIL013C,YLR460C,0,3.9233837,0.4613778591156006,0.21794871985912323,0.025836169719696045
YGL170C,YMR133W,1,3.9226632,0.4625000059604645,0.21893490850925446,0.025836169719696045
YKL194C,YNL023C,0,3.9195204,0.4615384638309479,0.21893490850925446,0.02593631111085415
YIL107C,YOR335C,0,3.9187326,0.4605809152126312,0.21893490850925446,0.026036450639367104
YHL022C,YLL040C,1,3.918472,0.4616977274417877,0.21992109715938568,0.026036450639367104
YDR076W,YMR190C,1,3.915219,0.4628099203109741,0.2209073007106781,0.026036450639367104
YGL196W,YMR048W,0,3.914798,0.4618556797504425,0.2209073007106781,0.026136592030525208
YLR284C,YGR120C,0,3.9130123,0.4609053432941437,0.2209073007106781,0.026236731559038162
YGL192W,YHL035C,0,3.911945,0.4599589407444,0.2209073007106781,0.026336871087551117
YLR054C,YOR109W,0,3.9083793,0.4590163826942444,0.2209073007106781,0.02643701247870922
YCR045C,YBR193C,0,3.908181,0.45807769894599915,0.2209073007106781,0.026537152007222176
YGL028C,YJR035W,0,3.9077759,0.4571428596973419,0.2209073007106781,0.02663729153573513
YGR109C,YHL027W,1,3.9058535,0.45824846625328064,0.22189348936080933,0.02663729153573513
YMR167W,YOL091W,1,3.905806,0.4593496024608612,0.22287967801094055,0.02663729153573513
YMR313C,YGL078C,0,3.9038818,0.4584178626537323,0.22287967801094055,0.026737432926893234
YDR522C,YNL088W,1,3.9033406,0.45951417088508606,0.22386588156223297,0.026737432926893234
YOL029C,YDR437W,0,3.9027126,0.45858585834503174,0.22386588156223297,0.02683757245540619
YNL001W,YOL104C,1,3.902549,0.45967742800712585,0.2248520702123642,0.02683757245540619
YFR014C,YOL135C,0,3.9013753,0.45875251293182373,0.2248520702123642,0.026937711983919144
YMR322C,YML031W,0,3.8976433,0.45783132314682007,0.2248520702123642,0.027037853375077248
YMR261C,YGL195W,0,3.8972561,0.4569138288497925,0.2248520702123642,0.027137992903590202
YFR027W,YLL026W,0,3.896757,0.4560000002384186,0.2248520702123642,0.027238134294748306
YBL007C,YIL167W,0,3.89551,0.455089807510376,0.2248520702123642,0.02733827382326126
YDR392W,YHR079C-A,1,3.8924565,0.456175297498703,0.22583825886249542,0.02733827382326126
YIL037C,YPL207W,0,3.8906727,0.45526838302612305,0.22583825886249542,0.027438413351774216
YOR034C,YDR257C,0,3.8903224,0.454365074634552,0.22583825886249542,0.02753855474293232
YOR156C,YBR295W,0,3.8896413,0.4534653425216675,0.22583825886249542,0.027638694271445274
YBL031W,YDL149W,0,3.8875635,0.4525691568851471,0.22583825886249542,0.02773883379995823
YDR545W,YIL118W,0,3.8874352,0.45167651772499084,0.22583825886249542,0.027838975191116333
YJL078C,YMR261C,0,3.8873806,0.45078739523887634,0.22583825886249542,0.027939114719629288
YHR185C,YFR027W,0,3.8860362,0.4499017596244812,0.22583825886249542,0.028039254248142242
YLR054C,YIL073C,1,3.878784,0.45098039507865906,0.22682446241378784,0.028039254248142242
YDL113C,YBL014C,0,3.8785336,0.45009785890579224,0.22682446241378784,0.028139395639300346
YDL230W,YBL031W,0,3.8723948,0.44921875,0.22682446241378784,0.0282395351678133
YDL175C,YMR215W,0,3.8711944,0.44834306836128235,0.22682446241378784,0.028339674696326256
YDR427W,YJR150C,0,3.8710406,0.4474708139896393,0.22682446241378784,0.02843981608748436
YOR060C,YPL161C,0,3.8709822,0.446601927280426,0.22682446241378784,0.028539955615997314
YGL175C,YLR399C,1,3.8704963,0.447674423456192,0.22781065106391907,0.028539955615997314
YDR292C,YHL035C,0,3.8700159,0.44680851697921753,0.22781065106391907,0.02864009700715542
YJL013C,YKR034W,0,3.8684416,0.44594594836235046,0.22781065106391907,0.028740236535668373
YNL068C,YFR030W,0,3.8650012,0.4450867176055908,0.22781065106391907,0.028840376064181328
YKR029C,YLR307W,1,3.8637838,0.446153849363327,0.2287968397140503,0.028840376064181328
YGR103W,YKL051W,0,3.8614986,0.445297509431839,0.2287968397140503,0.028940517455339432
YBL056W,YOR009W,0,3.8605263,0.4444444477558136,0.2287968397140503,0.029040656983852386
YCR086W,YCL048W,1,3.8532164,0.4455066919326782,0.2297830432653427,0.029040656983852386
YBR168W,YMR133W,0,3.852185,0.44465649127960205,0.2297830432653427,0.02914079651236534
YMR081C,YNL278W,0,3.8515973,0.44380950927734375,0.2297830432653427,0.029240937903523445
YBL008W,YDR040C,0,3.8499093,0.4429657757282257,0.2297830432653427,0.0293410774320364
YHR210C,YBL091C,0,3.8494194,0.44212523102760315,0.2297830432653427,0.029441216960549355
YGL093W,YJL216C,0,3.8490112,0.4412878751754761,0.2297830432653427,0.02954135835170746
YJL057C,YKL029C,0,3.8479536,0.4404536783695221,0.2297830432653427,0.029641497880220413
YOR060C,YIL173W,0,3.8477705,0.4396226406097412,0.2297830432653427,0.029741637408733368
YER040W,YOL116W,0,3.8450506,0.43879473209381104,0.2297830432653427,0.029841778799891472
YKL026C,YGR099W,0,3.8434427,0.4379699230194092,0.2297830432653427,0.029941918328404427
YLR258W,YER155C,0,3.8426888,0.43714821338653564,0.2297830432653427,0.03004205971956253
YEL005C,YNL068C,0,3.84268,0.43632957339286804,0.2297830432653427,0.030142199248075485
YJR108W,YNL278W,0,3.8419497,0.43551403284072876,0.2297830432653427,0.03024233877658844
YGL063W,YNL133C,0,3.8408568,0.43470150232315063,0.2297830432653427,0.030342480167746544
YCR106W,YBR180W,0,3.8386662,0.43389198184013367,0.2297830432653427,0.0304426196962595
YLR102C,YPR097W,0,3.8371134,0.43308550119400024,0.2297830432653427,0.030542759224772453
YBR073W,YLR219W,1,3.8351634,0.4341372847557068,0.23076923191547394,0.030542759224772453
YIL167W,YGL192W,0,3.8317912,0.4333333373069763,0.23076923191547394,0.030642900615930557
YGR059W,YKR099W,1,3.8240607,0.43438076972961426,0.23175542056560516,0.030642900615930557
YLR059C,YER033C,0,3.8226578,0.43357932567596436,0.23175542056560516,0.030743040144443512
YCL068C,YLR007W,0,3.8209443,0.4327808618545532,0.23175542056560516,0.030843179672956467
YGL127C,YLR394W,1,3.8201687,0.43382352590560913,0.23274162411689758,0.030843179672956467
YOR091W,YFL011W,0,3.8166623,0.4330275356769562,0.23274162411689758,0.03094332106411457
YDR292C,YMR133W,0,3.8092866,0.43223443627357483,0.23274162411689758,0.031043460592627525
YHR103W,YPL135W,0,3.808825,0.4314442276954651,0.23274162411689758,0.03114360012114048
YHR073W,YBR003W,0,3.8068004,0.43065693974494934,0.23274162411689758,0.031243741512298584
YLL024C,YDR057W,0,3.8051667,0.4298724830150604,0.23274162411689758,0.03134388104081154
YJR021C,YHL024W,1,3.8051634,0.43090909719467163,0.2337278127670288,0.03134388104081154
YDL240W,YCR021C,0,3.8050153,0.4301270544528961,0.2337278127670288,0.03144402056932449
YFR027W,YDL154W,0,3.8017068,0.42934781312942505,0.2337278127670288,0.03154416009783745
YOR034C,YER143W,0,3.801527,0.4285714328289032,0.2337278127670288,0.0316443033516407
YGR235C,YPL021W,0,3.7987967,0.4277978241443634,0.2337278127670288,0.031744442880153656
YHL022C,YER096W,1,3.7978368,0.4288288354873657,0.23471400141716003,0.031744442880153656
YMR063W,YIL072W,1,3.7959676,0.4298561215400696,0.23570019006729126,0.031744442880153656
YPR095C,YMR322C,0,3.7947989,0.4290843904018402,0.23570019006729126,0.03184458240866661
YBR045C,YFL037W,1,3.7945898,0.4301075339317322,0.23668639361858368,0.03184458240866661
YHR009C,YPL193W,0,3.789753,0.42933809757232666,0.23668639361858368,0.031944721937179565
YDR440W,YMR017W,1,3.7885504,0.4303571283817291,0.2376725822687149,0.031944721937179565
YMR243C,YBR005W,0,3.7878687,0.42959001660346985,0.2376725822687149,0.03204486146569252
YNL020C,YPL224C,0,3.7852943,0.42882561683654785,0.2376725822687149,0.03214500471949577
YKR096W,YNL214W,0,3.784454,0.42806392908096313,0.2376725822687149,0.03224514424800873
YML081W,YGR142W,0,3.7828605,0.4273049533367157,0.2376725822687149,0.03234528377652168
YPR071W,YHR157W,0,3.7823782,0.42654865980148315,0.2376725822687149,0.03244542330503464
YMR048W,YPL055C,1,3.7817485,0.42756184935569763,0.23865877091884613,0.03244542330503464
YCR091W,YBL025W,0,3.781422,0.4268077611923218,0.23865877091884613,0.03254556283354759
YHR185C,YPL049C,0,3.7813838,0.4260563254356384,0.23865877091884613,0.03264570236206055
YCR105W,YDR513W,0,3.778973,0.42530757188796997,0.23865877091884613,0.0327458456158638
YNL199C,YBL013W,0,3.7789137,0.42456141114234924,0.23865877091884613,0.032845985144376755
YDR392W,YLR341W,1,3.7787213,0.42556917667388916,0.23964497447013855,0.032845985144376755
YDR126W,YLR028C,1,3.7763064,0.42657342553138733,0.24063116312026978,0.032845985144376755
YPR055W,YNL221C,0,3.776066,0.4258289635181427,0.24063116312026978,0.03294612467288971
YDR439W,YDR273W,1,3.7749512,0.4268292784690857,0.241617351770401,0.03294612467288971
YNR071C,YNR033W,0,3.7748854,0.426086962223053,0.241617351770401,0.033046264201402664
YLL067C,YKR095W,0,3.7746565,0.4253472089767456,0.241617351770401,0.03314640372991562
YOR267C,YBR130C,0,3.7735248,0.42461004853248596,0.241617351770401,0.03324654698371887
YDR145W,YGR044C,0,3.7706454,0.4238754212856293,0.241617351770401,0.03334668651223183
YDL194W,YIL073C,1,3.7699962,0.42487046122550964,0.24260355532169342,0.03334668651223183
YDL113C,YDR292C,0,3.7697804,0.4241379201412201,0.24260355532169342,0.03344682604074478
YNR019W,YPL253C,0,3.766404,0.4234079122543335,0.24260355532169342,0.033546965569257736
YIL008W,YHL006C,0,3.765703,0.42268040776252747,0.24260355532169342,0.03364710509777069
YLR054C,YGL198W,0,3.76238,0.421955406665802,0.24260355532169342,0.033747244626283646
YHR154W,YNL173C,0,3.7609696,0.4212328791618347,0.24260355532169342,0.0338473878800869
YKR093W,YOR249C,0,3.7602925,0.4205128252506256,0.24260355532169342,0.033947527408599854
YJR153W,YLR323C,0,3.7591486,0.4197952151298523,0.24260355532169342,0.03404766693711281
YBR073W,YHR153C,1,3.7579052,0.4207836389541626,0.24358974397182465,0.03404766693711281
YDL239C,YIL112W,1,3.7570581,0.4217686951160431,0.24457593262195587,0.03404766693711281
YIL132C,YLR394W,1,3.7552311,0.42275041341781616,0.2455621361732483,0.03404766693711281
YOR068C,YKR034W,0,3.754905,0.4220339059829712,0.2455621361732483,0.03414780646562576
YJL045W,YLR328W,0,3.7523177,0.42131978273391724,0.2455621361732483,0.03424794599413872
YBL007C,YHR014W,0,3.752033,0.4206081032752991,0.2455621361732483,0.03434808552265167
YNL250W,YLR394W,1,3.7503812,0.42158517241477966,0.24654832482337952,0.03434808552265167
YPL171C,YOR129C,0,3.7490408,0.4208754301071167,0.24654832482337952,0.034448228776454926
YDR059C,YDL154W,1,3.7480621,0.42184874415397644,0.24753451347351074,0.034448228776454926
YDR111C,YHR090C,0,3.7473736,0.4211409389972687,0.24753451347351074,0.03454836830496788
YDL149W,YGL064C,0,3.7468083,0.42043551802635193,0.24753451347351074,0.034648507833480835
YJR120W,YOR330C,0,3.7464705,0.4197324514389038,0.24753451347351074,0.03474864736199379
YPL116W,YGL144C,0,3.7462885,0.41903170943260193,0.24753451347351074,0.034848786890506744
YPL171C,YGL192W,0,3.7457087,0.4183333218097687,0.24753451347351074,0.03494893014431
YLR377C,YIL153W,0,3.7451065,0.41763725876808167,0.24753451347351074,0.03504906967282295
YIR019C,YPL207W,0,3.7449653,0.4169435203075409,0.24753451347351074,0.03514920920133591
YHR165C,YMR195W,0,3.743574,0.416252076625824,0.24753451347351074,0.03524934872984886
YJR120W,YGR142W,0,3.738161,0.4155629277229309,0.24753451347351074,0.035349488258361816
YCR092C,YGL170C,1,3.738068,0.41652894020080566,0.24852071702480316,0.035349488258361816
YLR193C,YPL130W,0,3.737933,0.41584157943725586,0.24852071702480316,0.03544962778687477
YNL294C,YPL200W,1,3.7353253,0.4168039560317993,0.2495069056749344,0.03544962778687477
YAL011W,YGR142W,0,3.7336586,0.41611841320991516,0.2495069056749344,0.035549771040678024
YBR054W,YIR026C,0,3.7329938,0.41543513536453247,0.2495069056749344,0.03564991056919098
YBL100W-B,YLR413W,0,3.7317476,0.41475409269332886,0.2495069056749344,0.035750050097703934
YNL180C,YOR341W,0,3.7317278,0.4140752851963043,0.2495069056749344,0.03585018962621689
YDL072C,YKL033W,0,3.7303214,0.4133986830711365,0.2495069056749344,0.03595032915472984
YJL110C,YPL004C,0,3.725201,0.4127243161201477,0.2495069056749344,0.036050472408533096
YLR039C,YHR014W,0,3.721673,0.41205212473869324,0.2495069056749344,0.03615061193704605
YOR262W,YJL168C,0,3.7200758,0.41138210892677307,0.2495069056749344,0.036250751465559006
YMR118C,YLR328W,0,3.7183273,0.4107142984867096,0.2495069056749344,0.03635089099407196
YAL011W,YDR517W,0,3.7174075,0.41004863381385803,0.2495069056749344,0.036451030522584915
YBL056W,YPR120C,0,3.7167065,0.4093851149082184,0.2495069056749344,0.03655117005109787
YOL104C,YHR119W,1,3.7133741,0.41033926606178284,0.2504931092262268,0.03655117005109787
YPL130W,YCL016C,0,3.7129388,0.4096774160861969,0.2504931092262268,0.03665131330490112
YDR076W,YOL090W,1,3.7128453,0.4106280207633972,0.25147929787635803,0.03665131330490112
YLR307W,YLL040C,1,3.7121637,0.4115755558013916,0.25246548652648926,0.03665131330490112
YGL243W,YGL018C,0,3.7112403,0.41091492772102356,0.25246548652648926,0.03675145283341408
YBR101C,YDL247W,0,3.7093883,0.41025641560554504,0.25246548652648926,0.03685159236192703
YML100W,YOL084W,0,3.7093313,0.40959998965263367,0.25246548652648926,0.03695173189043999
YPL115C,YPR068C,0,3.7092252,0.4089456796646118,0.25246548652648926,0.03705187141895294
YMR133W,YLR341W,1,3.7078323,0.409888356924057,0.2534516751766205,0.03705187141895294
YOR156C,YKL032C,0,3.7078278,0.4092356562614441,0.2534516751766205,0.037152014672756195
YPL209C,YPL176C,0,3.705776,0.4085850417613983,0.2534516751766205,0.03725215420126915
YLR343W,YDR369C,1,3.7042086,0.4095238149166107,0.2544378638267517,0.03725215420126915
YIR025W,YBR082C,1,3.7035098,0.41045957803726196,0.25542405247688293,0.03725215420126915
YLR329W,YHR119W,1,3.698852,0.4113923907279968,0.25641027092933655,0.03725215420126915
YCL044C,YOL095C,0,3.6952462,0.41074249148368835,0.25641027092933655,0.037352293729782104
YCR086W,YCL035C,0,3.6936162,0.41009464859962463,0.25641027092933655,0.03745243325829506
YLR288C,YOL052C-A,0,3.6922672,0.4094488322734833,0.25641027092933655,0.037552572786808014
YML061C,YMR133W,0,3.6896186,0.4088050425052643,0.25641027092933655,0.03765271231532097
YJR021C,YPL139C,1,3.6894326,0.4097331166267395,0.2573964595794678,0.03765271231532097
YIL019W,YBR109C,0,3.6880674,0.40909090638160706,0.2573964595794678,0.03775285556912422
YGL063W,YEL051W,0,3.687453,0.4084506928920746,0.2573964595794678,0.037852995097637177
YJL110C,YGL240W,0,3.6863973,0.4078125059604645,0.2573964595794678,0.03795313462615013
YML124C,YLR054C,1,3.685022,0.40873634815216064,0.258382648229599,0.03795313462615013
YLR313C,YGL219C,0,3.6825535,0.4080996811389923,0.258382648229599,0.038053274154663086
YBR218C,YGL061C,0,3.6806457,0.40746501088142395,0.258382648229599,0.03815341368317604
YDR122W,YML016C,0,3.6805835,0.4068323075771332,0.258382648229599,0.038253553211688995
YEL005C,YMR091C,0,3.6805346,0.4062015414237976,0.258382648229599,0.03835369646549225
YLR118C,YOR068C,0,3.6793125,0.4055727422237396,0.258382648229599,0.0384538359940052
YFL061W,YGL105W,0,3.6756265,0.40494590997695923,0.258382648229599,0.03855397552251816
YER179W,YIL112W,1,3.6744778,0.4058642089366913,0.2593688368797302,0.03855397552251816
YHR035W,YDR110W,0,3.6735759,0.4052388370037079,0.2593688368797302,0.03865411505103111
YDR406W,YJL216C,0,3.6734288,0.4046153724193573,0.2593688368797302,0.03875425457954407
YFL026W,YJR046W,0,3.6728203,0.4039938449859619,0.2593688368797302,0.03885439783334732
YMR001C,YGR108W,1,3.6716342,0.4049079716205597,0.26035502552986145,0.03885439783334732
YNL031C,YLL016W,0,3.6709738,0.4042879045009613,0.26035502552986145,0.038954537361860275
YNL068C,YOR060C,0,3.6708138,0.40366971492767334,0.26035502552986145,0.03905467689037323
YMR101C,YOR241W,0,3.6698902,0.4030534327030182,0.26035502552986145,0.039154816418886185
YER062C,YPR106W,0,3.6698186,0.40243902802467346,0.26035502552986145,0.03925495594739914
YJR150C,YDR135C,0,3.6688612,0.4018264710903168,0.26035502552986145,0.039355095475912094
YPL075W,YJL216C,0,3.6676242,0.4012157917022705,0.26035502552986145,0.03945523872971535
YNL031C,YDR259C,0,3.6660407,0.40060698986053467,0.26035502552986145,0.0395553782582283
YFR016C,YLR263W,0,3.6638975,0.4000000059604645,0.26035502552986145,0.03965551778674126
YDL119C,YOR341W,0,3.6633427,0.3993948698043823,0.26035502552986145,0.03975565731525421
YBR028C,YJR096W,0,3.662626,0.3987915515899658,0.26035502552986145,0.039855796843767166
YHL024W,YGR253C,1,3.6586177,0.3996983468532562,0.2613412141799927,0.039855796843767166
YMR063W,YGL219C,0,3.6582634,0.39909639954566956,0.2613412141799927,0.03995594009757042
YLR017W,YGL045W,0,3.657072,0.39849624037742615,0.2613412141799927,0.040056079626083374
YLL053C,YML047C,0,3.655578,0.3978978991508484,0.2613412141799927,0.04015621915459633
YHR108W,YHL050C,0,3.6548834,0.3973013460636139,0.2613412141799927,0.04025635868310928
YBR114W,YOR019W,0,3.6527698,0.39670658111572266,0.2613412141799927,0.04035649821162224
YDR468C,YGL192W,0,3.6504729,0.3961136043071747,0.2613412141799927,0.04045663774013519
YPL133C,YKL039W,0,3.6502447,0.3955223858356476,0.2613412141799927,0.040556780993938446
YOR049C,YOR380W,0,3.6500738,0.39493292570114136,0.2613412141799927,0.0406569205224514
YGL018C,YGL016W,0,3.6497247,0.394345223903656,0.2613412141799927,0.040757060050964355
YLR377C,YOR027W,0,3.6492417,0.39375928044319153,0.2613412141799927,0.04085719957947731
YDR407C,YLR054C,0,3.6479683,0.39317506551742554,0.2613412141799927,0.040957339107990265
YDR145W,YKL006C-A,0,3.6475852,0.39259257912635803,0.2613412141799927,0.04105747863650322
YLR006C,YBL072C,0,3.6474795,0.392011821269989,0.2613412141799927,0.04115762189030647
YFR027W,YPL135W,0,3.6472642,0.3914327919483185,0.2613412141799927,0.04125776141881943
YHR113W,YER032W,0,3.6465294,0.39085546135902405,0.2613412141799927,0.04135790094733238
YER031C,YMR009W,0,3.646043,0.3902798295021057,0.2613412141799927,0.04145804047584534
YMR081C,YNL164C,0,3.645994,0.3897058963775635,0.2613412141799927,0.04155818000435829
YOR177C,YNL048W,0,3.6446989,0.38913363218307495,0.2613412141799927,0.041658323258161545
YGL061C,YDR135C,0,3.6418145,0.38856303691864014,0.2613412141799927,0.0417584627866745
YFR027W,YJR027W,0,3.6413682,0.3879941403865814,0.2613412141799927,0.041858602315187454
YGL158W,YPL200W,1,3.6395564,0.3888888955116272,0.2623274028301239,0.041858602315187454
YOR260W,YNR071C,0,3.6375535,0.3883211612701416,0.2623274028301239,0.04195874184370041
YMR322C,YHR193C,0,3.637332,0.3877550959587097,0.2623274028301239,0.042058881372213364
YPL193W,YPL253C,0,3.6348784,0.38719066977500916,0.2623274028301239,0.04215902090072632
YOL078W,YNL214W,0,3.6326792,0.3866279125213623,0.2623274028301239,0.04225916415452957
YMR232W,YPL133C,0,3.6301808,0.3860667645931244,0.2623274028301239,0.042359303683042526
YML074C,YFL003C,1,3.6282725,0.38695651292800903,0.2633136212825775,0.042359303683042526
YEL019C,YPR155C,0,3.6281953,0.38639652729034424,0.2633136212825775,0.04245944321155548
YOL091W,YGR108W,1,3.6280167,0.38728323578834534,0.26429980993270874,0.04245944321155548
YDR381W,YGR138C,0,3.6278377,0.3867243826389313,0.26429980993270874,0.042559582740068436
YMR139W,YLL005C,1,3.6271603,0.3876080811023712,0.26528599858283997,0.042559582740068436
YPL207W,YDR438W,0,3.623263,0.3870503604412079,0.26528599858283997,0.04265972226858139
YPL169C,YOR177C,0,3.6190205,0.3864942491054535,0.26528599858283997,0.042759865522384644
YGL063W,YPR067W,0,3.6182897,0.38593974709510803,0.26528599858283997,0.0428600050508976
YGR057C,YJL196C,0,3.6170356,0.3853868246078491,0.26528599858283997,0.04296014457941055
YER173W,YCR092C,1,3.61637,0.3862660825252533,0.2662721872329712,0.04296014457941055
YLR234W,YNL202W,1,3.6161687,0.3871428668498993,0.2672583758831024,0.04296014457941055
YOR264W,YNL065W,0,3.6115289,0.3865905702114105,0.2672583758831024,0.04306028410792351
YNL045W,YPL140C,0,3.609662,0.3860398828983307,0.2672583758831024,0.04316042363643646
YJR132W,YOR363C,0,3.608616,0.385490745306015,0.2672583758831024,0.04326056316494942
YDR126W,YCR092C,1,3.6081202,0.3863636255264282,0.26824456453323364,0.04326056316494942
YGR225W,YDR392W,1,3.6079876,0.38723403215408325,0.26923078298568726,0.04326056316494942
YGL175C,YDR403W,1,3.6063707,0.3881019949913025,0.2702169716358185,0.04326056316494942
YGR129W,YDL223C,0,3.6063445,0.38755303621292114,0.2702169716358185,0.04336070641875267
YGL054C,YNL194C,1,3.6023104,0.3884180784225464,0.2712031602859497,0.04336070641875267
YHR079C-A,YDR512C,1,3.6017191,0.38928067684173584,0.27218934893608093,0.04336070641875267
YGL144C,YBR049C,0,3.6011379,0.3887324035167694,0.27218934893608093,0.043460845947265625
YDR325W,YOL132W,1,3.6010828,0.38959211111068726,0.27317553758621216,0.043460845947265625
YOR090C,YBR045C,0,3.600622,0.38904494047164917,0.27317553758621216,0.04356098547577858
YJR035W,YDL117W,0,3.5999696,0.38849928975105286,0.27317553758621216,0.043661125004291534
YCL044C,YOR253W,0,3.5994933,0.3879551887512207,0.27317553758621216,0.04376126453280449
YFR014C,YPL233W,0,3.599435,0.38741257786750793,0.27317553758621216,0.04386140778660774
YDR516C,YLL057C,0,3.5989854,0.3868715167045593,0.27317553758621216,0.0439615473151207
YDL105W,YKL040C,0,3.5987527,0.3863319456577301,0.27317553758621216,0.04406168684363365
YDR256C,YBR168W,0,3.5968015,0.38579386472702026,0.27317553758621216,0.044161826372146606
YLR324W,YIL014W,0,3.5958285,0.3852573037147522,0.27317553758621216,0.04426196590065956
YKL026C,YCR106W,0,3.593735,0.3847222328186035,0.27317553758621216,0.044362105429172516
YCL017C,YBL031W,0,3.5937107,0.38418862223625183,0.27317553758621216,0.04446224868297577
YOR073W,YCR002C,1,3.592819,0.38504156470298767,0.2741617262363434,0.04446224868297577
YML004C,YNL216W,0,3.59155,0.38450899720191956,0.2741617262363434,0.044562388211488724
YNR071C,YNL029C,0,3.590835,0.38397789001464844,0.2741617262363434,0.04466252774000168
YLR131C,YDR204W,0,3.5861213,0.3834482729434967,0.2741617262363434,0.04476266726851463
YHL031C,YGL045W,0,3.5852287,0.38292011618614197,0.2741617262363434,0.04486280679702759
YOR354C,YLR308W,1,3.5852215,0.3837689161300659,0.2751479148864746,0.04486280679702759
YIL119C,YLR247C,0,3.5850713,0.38324177265167236,0.2751479148864746,0.04496294632554054
YFR027W,YMR105C,0,3.5847929,0.3827160596847534,0.2751479148864746,0.045063089579343796
YIL037C,YAL011W,0,3.5847018,0.3821917772293091,0.2751479148864746,0.04516322910785675
YLL005C,YER012W,1,3.584102,0.38303694128990173,0.2761341333389282,0.04516322910785675
YLL066C,YKR049C,0,3.5837238,0.3825136721134186,0.2761341333389282,0.045263368636369705
YER179W,YMR139W,1,3.5836425,0.3833560645580292,0.27712032198905945,0.045263368636369705
YMR139W,YIL073C,1,3.583628,0.3841961920261383,0.2781065106391907,0.045263368636369705
YOR193W,YOR260W,0,3.5832407,0.38367345929145813,0.2781065106391907,0.04536350816488266
YIL119C,YLR054C,0,3.5827053,0.38315218687057495,0.2781065106391907,0.045463647693395615
YLL018C,YNL173C,0,3.5806882,0.3826322853565216,0.2781065106391907,0.04556379094719887
YBR046C,YDR386W,0,3.5790353,0.38211381435394287,0.2781065106391907,0.04566393047571182
YMR009W,YKR077W,0,3.5789273,0.38159674406051636,0.2781065106391907,0.04576407000422478
YOR156C,YMR275C,0,3.5776842,0.38108107447624207,0.2781065106391907,0.04586420953273773
YLR432W,YKR052C,0,3.576915,0.38056680560112,0.2781065106391907,0.04596434906125069
YDR369C,YJL187C,1,3.576616,0.3814016282558441,0.2790926992893219,0.04596434906125069
YDL194W,YPL027W,1,3.5749733,0.3822341859340668,0.2800788879394531,0.04596434906125069
YMR048W,YDR009W,0,3.574785,0.3817204236984253,0.2800788879394531,0.04606448858976364
YER044C-A,YER012W,1,3.5733473,0.38255032896995544,0.28106507658958435,0.04606448858976364
YPR046W,YMR133W,0,3.573339,0.38203752040863037,0.28106507658958435,0.046164631843566895
YDL240W,YIL007C,0,3.5723536,0.3815261125564575,0.28106507658958435,0.04626477137207985
YOR373W,YDR126W,1,3.5716517,0.38235294818878174,0.28205129504203796,0.04626477137207985
YML095C,YGL213C,1,3.5709145,0.38317757844924927,0.2830374836921692,0.04626477137207985
YNL286W,YDL093W,0,3.5695868,0.382666677236557,0.2830374836921692,0.046364910900592804
YPR008W,YFL011W,0,3.5673754,0.3821571171283722,0.2830374836921692,0.04646505042910576
YBR180W,YLR248W,1,3.5661192,0.38297873735427856,0.2840236723423004,0.04646505042910576
YGR266W,YHR157W,0,3.564179,0.38247013092041016,0.2840236723423004,0.04656518995761871
YPL105C,YFL011W,0,3.5630398,0.3819628655910492,0.2840236723423004,0.04666533321142197
YDR412W,YDR105C,0,3.5624926,0.3814569413661957,0.2840236723423004,0.04676547273993492
YOR354C,YCL048W,1,3.5621774,0.38227513432502747,0.28500986099243164,0.04676547273993492
YKL185W,YHR106W,0,3.5577452,0.38177013397216797,0.28500986099243164,0.046865612268447876
YDR386W,YBR073W,1,3.5574205,0.3825857639312744,0.28599604964256287,0.046865612268447876
YER041W,YPR068C,0,3.555433,0.38208168745040894,0.28599604964256287,0.04696575179696083
YDR369C,YPL022W,1,3.5536375,0.38289472460746765,0.2869822382926941,0.04696575179696083
YKL197C,YDL139C,0,3.549666,0.3823916018009186,0.2869822382926941,0.047065891325473785
YLR054C,YER044C-A,1,3.5492618,0.38320210576057434,0.2879684269428253,0.047065891325473785
YLR039C,YNR019W,0,3.5474126,0.3826998770236969,0.2879684269428253,0.04716603085398674
YJR153W,YJL173C,0,3.546275,0.3821989595890045,0.2879684269428253,0.04726617410778999
YDR430C,YML061C,0,3.5457103,0.3816993534564972,0.2879684269428253,0.04736631363630295
YBR279W,YPL189W,0,3.5446854,0.3812010586261749,0.2879684269428253,0.0474664531648159
YJL045W,YOR059C,0,3.5442274,0.38070404529571533,0.2879684269428253,0.04756659269332886
YHR119W,YPL200W,1,3.5439413,0.3815104067325592,0.28895464539527893,0.04756659269332886
YER033C,YOR253W,0,3.5439053,0.38101431727409363,0.28895464539527893,0.04766673222184181
YKL110C,YKR034W,0,3.5433798,0.38051947951316833,0.28895464539527893,0.047766875475645065
YPR008W,YOR081C,0,3.5386004,0.3800259530544281,0.28895464539527893,0.04786701500415802
YDL160C,YGR003W,0,3.537668,0.37953367829322815,0.28895464539527893,0.047967154532670975
YGR120C,YDL018C,0,3.5368288,0.37904268503189087,0.28895464539527893,0.04806729406118393
YMR063W,YGL238W,0,3.536553,0.37855297327041626,0.28895464539527893,0.048167433589696884
YNR048W,YMR215W,0,3.5360377,0.37806451320648193,0.28895464539527893,0.04826757311820984
YCR018C,YLR337C,0,3.5329907,0.3775773048400879,0.28895464539527893,0.04836771637201309
YNL263C,YMR041C,0,3.532813,0.3770913779735565,0.28895464539527893,0.04846785590052605
YEL005C,YKL029C,0,3.5326862,0.37660667300224304,0.28895464539527893,0.048567995429039
YIR019C,YLR181C,0,3.5325167,0.37612324953079224,0.28895464539527893,0.048668134957551956
YPR054W,YJL187C,1,3.5306323,0.3769230842590332,0.28994083404541016,0.048668134957551956
YDR076W,YHL024W,1,3.5298598,0.3777208626270294,0.2909270226955414,0.048668134957551956
YOL154W,YGR142W,0,3.5291235,0.37723785638809204,0.2909270226955414,0.04876827448606491
YDL239C,YDR096W,1,3.528678,0.37803319096565247,0.2919132113456726,0.04876827448606491
YOL032W,YDR273W,0,3.5286124,0.37755101919174194,0.2919132113456726,0.048868414014577866
YPL215W,YER015W,0,3.5272386,0.3770700693130493,0.2919132113456726,0.04896855726838112
YOR267C,YOL029C,0,3.5249467,0.3765903413295746,0.2919132113456726,0.049068696796894073
YLR361C,YML047C,0,3.5238154,0.37611180543899536,0.2919132113456726,0.04916883632540703
YLL026W,YOR034C,0,3.523601,0.3756345212459564,0.2919132113456726,0.04926897585391998
YMR063W,YPL061W,0,3.523102,0.375158429145813,0.2919132113456726,0.04936911538243294
YGR059W,YDR096W,1,3.522104,0.37594935297966003,0.29289939999580383,0.04936911538243294
YHR165C,YDR122W,0,3.521436,0.37547409534454346,0.29289939999580383,0.04946925863623619
YDR155C,YGL170C,1,3.5212836,0.3762626349925995,0.29388558864593506,0.04946925863623619
YLR200W,YHR157W,0,3.5209577,0.375788152217865,0.29388558864593506,0.049569398164749146
YDL222C,YBR186W,1,3.5205057,0.37657430768013,0.29487180709838867,0.049569398164749146
YPL055C,YIL099W,1,3.5203788,0.37735849618911743,0.2958579957485199,0.049569398164749146
YBR046C,YLR466W,0,3.519379,0.37688443064689636,0.2958579957485199,0.0496695376932621
YBR057C,YPL204W,1,3.519223,0.3776662349700928,0.2968441843986511,0.0496695376932621
YDL154W,YLR067C,0,3.5182374,0.37719297409057617,0.2968441843986511,0.049769677221775055
YDR227W,YPR068C,0,3.5163176,0.3767209053039551,0.2968441843986511,0.04986981675028801
YFL061W,YDR040C,0,3.5143788,0.3762499988079071,0.2968441843986511,0.049969956278800964
YGR212W,YGL243W,0,3.5141947,0.37578028440475464,0.2968441843986511,0.05007009953260422
YDR155C,YHR185C,1,3.513387,0.3765586018562317,0.29783037304878235,0.05007009953260422
YER179W,YDR213W,0,3.5109372,0.3760896623134613,0.29783037304878235,0.05017023906111717
YBR160W,YNL128W,1,3.5107014,0.3768656849861145,0.2988165616989136,0.05017023906111717
YKL033W,YEL005C,0,3.5098233,0.3763975203037262,0.2988165616989136,0.05027037858963013
YGR024C,YBL051C,0,3.509347,0.375930517911911,0.2988165616989136,0.05037051811814308
YKR031C,YOR298W,1,3.5084069,0.37670382857322693,0.2998027503490448,0.05037051811814308
YLR067C,YBL025W,0,3.5079663,0.3762376308441162,0.2998027503490448,0.050470657646656036
YER062C,YMR001C,0,3.5070386,0.3757725656032562,0.2998027503490448,0.05057080090045929
YPL133C,YNL133C,0,3.5069675,0.375308632850647,0.2998027503490448,0.050670940428972244
YML101C,YCL044C,0,3.5065868,0.37484586238861084,0.2998027503490448,0.0507710799574852
YBR057C,YLR341W,1,3.5053225,0.37561577558517456,0.3007889688014984,0.0507710799574852
YOR156C,YIL120W,0,3.5043974,0.3751537501811981,0.3007889688014984,0.050871219485998154
YJL057C,YPL233W,0,3.502959,0.3746928870677948,0.3007889688014984,0.05097135901451111
YDR176W,YCR021C,0,3.5026228,0.3742331266403198,0.3007889688014984,0.05107149854302406
YDL003W,YBR211C,0,3.5001297,0.3737744987010956,0.3007889688014984,0.051171641796827316
YMR063W,YDR528W,0,3.4997377,0.37331700325012207,0.3007889688014984,0.05127178132534027
YBL035C,YDR350C,0,3.4994547,0.3728606402873993,0.3007889688014984,0.051371920853853226
YGR097W,YOR330C,0,3.4989913,0.37240538001060486,0.3007889688014984,0.05147206038236618
YHL022C,YBR082C,1,3.498152,0.37317073345184326,0.30177515745162964,0.05147206038236618
YHR139C,YER155C,0,3.4976163,0.37271618843078613,0.30177515745162964,0.051572199910879135
YMR318C,YJR027W,0,3.4974453,0.37226277589797974,0.30177515745162964,0.05167233943939209
YGR211W,YMR035W,0,3.4966025,0.3718104362487793,0.30177515745162964,0.05177248269319534
YGR212W,YKL150W,0,3.496309,0.3713592290878296,0.30177515745162964,0.0518726222217083
YOR363C,YHR139C,0,3.496288,0.37090909481048584,0.30177515745162964,0.05197276175022125
YLR213C,YKR031C,1,3.4961493,0.3716706931591034,0.30276134610176086,0.05197276175022125
YMR009W,YJL173C,0,3.4954815,0.37122127413749695,0.30276134610176086,0.05207290127873421
YDL160C,YDR301W,0,3.4946527,0.37077295780181885,0.30276134610176086,0.05217304080724716
YPL175W,YDR317W,0,3.4924154,0.3703256845474243,0.30276134610176086,0.052273184061050415
YLR004C,YDR200C,0,3.4911578,0.36987951397895813,0.30276134610176086,0.05237332358956337
YJL127C,YOR341W,0,3.49035,0.3694344162940979,0.30276134610176086,0.052473463118076324
YDL105W,YGR165W,0,3.4898608,0.36899039149284363,0.30276134610176086,0.05257360264658928
YNL318C,YFR050C,0,3.4857452,0.3685474097728729,0.30276134610176086,0.052673742175102234
YKR075C,YBL007C,0,3.4857023,0.3681055009365082,0.30276134610176086,0.05277388170361519
YLR377C,YGL238W,0,3.4856255,0.3676646649837494,0.30276134610176086,0.05287402495741844
YBR130C,YGR142W,0,3.4854543,0.36722487211227417,0.30276134610176086,0.052974164485931396
YDR402C,YNL210W,1,3.4852822,0.3679808974266052,0.3037475347518921,0.052974164485931396
YKL149C,YER044C-A,0,3.4844453,0.36754176020622253,0.3037475347518921,0.05307430401444435
YDR004W,YHR153C,1,3.4833283,0.3682955801486969,0.3047337234020233,0.05307430401444435
YOR034C,YIL087C,0,3.481023,0.3678571283817291,0.3047337234020233,0.053174443542957306
YML021C,YGR224W,0,3.4801905,0.3674197494983673,0.3047337234020233,0.05327458307147026
YOR267C,YMR091C,0,3.4797463,0.3669833838939667,0.3047337234020233,0.053374726325273514
YLR277C,YCL048W,0,3.4796405,0.3665480315685272,0.3047337234020233,0.05347486585378647
YPL280W,YNL066W,0,3.478989,0.3661137521266937,0.3047337234020233,0.05357500538229942
YDR406W,YKR034W,0,3.4775996,0.3656804859638214,0.3047337234020233,0.05367514491081238
YFR027W,YLL053C,0,3.4769826,0.3652482330799103,0.3047337234020233,0.05377528443932533
YNL194C,YGL085W,0,3.4764864,0.3648169934749603,0.3047337234020233,0.05387542396783829
YHR139C,YBL063W,0,3.4730594,0.36438679695129395,0.3047337234020233,0.05397556722164154
YHL017W,YBR168W,0,3.4728029,0.36395758390426636,0.3047337234020233,0.054075706750154495
YGR170W,YOR009W,0,3.47269,0.36352941393852234,0.3047337234020233,0.05417584627866745
YPL056C,YNL181W,0,3.4714391,0.3631022274494171,0.3047337234020233,0.054275985807180405
YMR105C,YDR108W,0,3.470363,0.36267605423927307,0.3047337234020233,0.05437612533569336
YJL106W,YNL082W,1,3.4687018,0.3634231984615326,0.30571991205215454,0.05437612533569336
YGL238W,YGR122W,0,3.4681876,0.3629976511001587,0.30571991205215454,0.05447626858949661
YHR035W,YER040W,0,3.4673724,0.3625730872154236,0.30571991205215454,0.05457640811800957
YNL020C,YGL053W,0,3.4652212,0.36214953660964966,0.30571991205215454,0.05467654764652252
YOL084W,YDR246W,0,3.4652035,0.36172693967819214,0.30571991205215454,0.05477668717503548
YOR090C,YMR063W,0,3.4623532,0.3613053560256958,0.30571991205215454,0.05487682670354843
YFR027W,YOR383C,0,3.46149,0.36088475584983826,0.30571991205215454,0.054976966232061386
YOR264W,YCR063W,0,3.4594376,0.3604651093482971,0.30571991205215454,0.05507710948586464
YPR106W,YKR064W,0,3.4581687,0.3600464463233948,0.30571991205215454,0.055177249014377594
YOR267C,YDL105W,0,3.4579017,0.3596287667751312,0.30571991205215454,0.05527738854289055
YDR004W,YJL187C,1,3.4577205,0.36037078499794006,0.30670610070228577,0.05527738854289055
YOR045W,YGR161C,0,3.4566648,0.35995370149612427,0.30670610070228577,0.0553775280714035
YDL091C,YDR234W,0,3.4564145,0.3595375716686249,0.30670610070228577,0.05547766759991646
YOR338W,YHL022C,1,3.4561918,0.3602771461009979,0.3076923191547394,0.05547766759991646
YPR106W,YGR224W,0,3.4552488,0.3598615825176239,0.3076923191547394,0.05557780712842941
YBL031W,YBR301W,0,3.4537508,0.35944700241088867,0.3076923191547394,0.055677950382232666
YPL004C,YER149C,0,3.4498703,0.35903337597846985,0.3076923191547394,0.05577808991074562
YPL056C,YPL161C,0,3.4496152,0.35862070322036743,0.3076923191547394,0.055878229439258575
YJL110C,YPL171C,0,3.4494038,0.35820895433425903,0.3076923191547394,0.05597836896777153
YDR129C,YDR021W,0,3.449299,0.35779815912246704,0.3076923191547394,0.056078508496284485
YGR024C,YOL051W,0,3.448398,0.35738831758499146,0.3076923191547394,0.05617865175008774
YMR053C,YCL016C,0,3.448114,0.3569793999195099,0.3076923191547394,0.05627879127860069
YMR110C,YOL135C,0,3.4467545,0.3565714359283447,0.3076923191547394,0.05637893080711365
YPL130W,YDL031W,0,3.4461658,0.3561643958091736,0.3076923191547394,0.0564790703356266
YJL045W,YPL210C,0,3.4457896,0.35575827956199646,0.3076923191547394,0.05657920986413956
YOR380W,YCR086W,0,3.4433525,0.35535308718681335,0.3076923191547394,0.05667934939265251
YOR320C,YJR049C,0,3.4416382,0.35494881868362427,0.3076923191547394,0.056779492646455765
YGL063W,YFR025C,0,3.439947,0.3545454442501068,0.3076923191547394,0.05687963217496872
YOR264W,YOL126C,0,3.437657,0.35414302349090576,0.3076923191547394,0.056979771703481674
YBR043C,YGL018C,0,3.4376163,0.35374149680137634,0.3076923191547394,0.05707991123199463
YLR324W,YGR120C,0,3.4360902,0.35334089398384094,0.3076923191547394,0.057180050760507584
YDR325W,YFR027W,0,3.435849,0.3529411852359772,0.3076923191547394,0.05728019401431084
YER176W,YHR157W,0,3.435054,0.35254237055778503,0.3076923191547394,0.05738033354282379
YCR045C,YKL138C,0,3.434199,0.3521444797515869,0.3076923191547394,0.057480473071336746
YOR190W,YOR368W,1,3.4337366,0.35287484526634216,0.3086785078048706,0.057480473071336746
YMR167W,YHR157W,1,3.4330592,0.3536036014556885,0.30966469645500183,0.057480473071336746
YGR266W,YPL018W,0,3.431202,0.3532058596611023,0.30966469645500183,0.0575806125998497
YGL158W,YJL106W,1,3.4296482,0.35393258929252625,0.31065088510513306,0.0575806125998497
YIL173W,YGR094W,0,3.4285963,0.35353535413742065,0.31065088510513306,0.057680752128362656
YHR090C,YDL046W,0,3.4285777,0.3531390130519867,0.31065088510513306,0.05778089165687561
YEL005C,YCL048W,0,3.427833,0.35274356603622437,0.31065088510513306,0.057881034910678864
YDR004W,YGL183C,1,3.426999,0.35346755385398865,0.3116370737552643,0.057881034910678864
YMR072W,YLL014W,0,3.4266703,0.3530726134777069,0.3116370737552643,0.05798117443919182
YKR089C,YOR027W,0,3.4239726,0.3526785671710968,0.3116370737552643,0.05808131396770477
YBR046C,YOL042W,0,3.4229,0.35228538513183594,0.3116370737552643,0.05818145349621773
YOR380W,YOR253W,0,3.4210083,0.3518930971622467,0.3116370737552643,0.05828159302473068
YDR369C,YNL128W,1,3.4203088,0.35261401534080505,0.3126232624053955,0.05828159302473068
YDL220C,YKL063C,0,3.4202511,0.3522222340106964,0.3126232624053955,0.058381736278533936
YHR035W,YPR161C,0,3.4197237,0.3518312871456146,0.3126232624053955,0.05848187580704689
YIL120W,YOR001W,0,3.4187005,0.35144123435020447,0.3126232624053955,0.058582015335559845
YGL098W,YOR026W,0,3.4163654,0.35105204582214355,0.3126232624053955,0.0586821548640728
YLL039C,YBR186W,1,3.4141252,0.35176992416381836,0.3136094808578491,0.0586821548640728
YBR130C,YLR023C,0,3.4138734,0.35138121247291565,0.3136094808578491,0.058782294392585754
YKR075C,YNL161W,0,3.413059,0.3509933650493622,0.3136094808578491,0.05888243392109871
YML066C,YNL082W,1,3.4120862,0.35170891880989075,0.31459566950798035,0.05888243392109871
YHR119W,YBL058W,1,3.4082246,0.35242289304733276,0.3155818581581116,0.05888243392109871
YMR063W,YDR381W,0,3.4076984,0.35203519463539124,0.3155818581581116,0.05898257717490196
YNL263C,YNR059W,0,3.407435,0.35164836049079895,0.3155818581581116,0.05908271670341492
YDR110W,YHR190W,0,3.4070961,0.3512623608112335,0.3155818581581116,0.05918285623192787
YIL038C,YGL045W,0,3.4070065,0.35087719559669495,0.3155818581581116,0.059282995760440826
YGR099W,YOR060C,0,3.4064896,0.3504928946495056,0.3155818581581116,0.05938313528895378
YHR157W,YGL213C,1,3.405897,0.3512035012245178,0.3165680468082428,0.05938313528895378
YDL087C,YDL031W,0,3.404788,0.3508196771144867,0.3165680468082428,0.059483274817466736
YNL250W,YHR106W,0,3.404666,0.3504366874694824,0.3165680468082428,0.05958341807126999
YDR301W,YGR122W,0,3.404138,0.350054532289505,0.3165680468082428,0.059683557599782944
YAL002W,YNL161W,0,3.4016542,0.34967321157455444,0.3165680468082428,0.0597836971282959
YLR329W,YMR001C,1,3.4015388,0.3503808379173279,0.317554235458374,0.0597836971282959
YOR073W,YNL250W,1,3.4009507,0.35108694434165955,0.31854042410850525,0.0597836971282959
YGR170W,YBL063W,0,3.4005802,0.35070574283599854,0.31854042410850525,0.05988383665680885
YGL005C,YPL056C,0,3.3982098,0.3503253757953644,0.31854042410850525,0.05998397618532181
YOR177C,YML082W,0,3.3958895,0.3499458432197571,0.31854042410850525,0.06008411943912506
YIR025W,YLR307W,1,3.3944867,0.350649356842041,0.3195266127586365,0.06008411943912506
YOR192C,YNL066W,0,3.3943374,0.35027027130126953,0.3195266127586365,0.060184258967638016
YPL137C,YIL123W,0,3.3922832,0.3498920202255249,0.3195266127586365,0.06028439849615097
YHR146W,YBR086C,0,3.3911455,0.34951457381248474,0.3195266127586365,0.060384538024663925
YDR150W,YGL240W,0,3.3909087,0.34913793206214905,0.3195266127586365,0.06048467755317688
YPL017C,YDR522C,1,3.389956,0.349838525056839,0.3205128312110901,0.06048467755317688
YMR076C,YIL098C,0,3.387318,0.3494623601436615,0.3205128312110901,0.060584817081689835
YGL006W,YGL195W,0,3.3869135,0.3490869998931885,0.3205128312110901,0.06068496033549309
YHR079C-A,YLR248W,1,3.3868206,0.3497854173183441,0.3214990198612213,0.06068496033549309
YPR003C,YDR257C,0,3.385139,0.3494105041027069,0.3214990198612213,0.06078509986400604
YDR301W,YMR118C,0,3.384994,0.34903639554977417,0.3214990198612213,0.060885239392519
YER062C,YKL058W,0,3.3835962,0.3486630916595459,0.3214990198612213,0.06098537892103195
YLR054C,YPL139C,1,3.3829272,0.3493589758872986,0.32248520851135254,0.06098537892103195
YNL167C,YPL056C,0,3.3793504,0.34898611903190613,0.32248520851135254,0.06108551844954491
YDL106C,YFL011W,0,3.3789039,0.34861406683921814,0.32248520851135254,0.06118566170334816
YDR435C,YLR060W,0,3.378475,0.3482428193092346,0.32248520851135254,0.061285801231861115
YDR009W,YLR067C,0,3.3782525,0.3478723466396332,0.32248520851135254,0.06138594076037407
YLR249W,YDR040C,0,3.3780215,0.3475026488304138,0.32248520851135254,0.061486080288887024
YHR118C,YNR071C,0,3.3768718,0.3471337556838989,0.32248520851135254,0.06158621981739998
YDR004W,YBL051C,0,3.3767934,0.3467656373977661,0.32248520851135254,0.06168635934591293
YOR190W,YNL202W,1,3.376333,0.347457617521286,0.32347139716148376,0.06168635934591293
YJL045W,YKL079W,0,3.3761036,0.347089946269989,0.32347139716148376,0.061786502599716187
YBL008W,YDL149W,0,3.3730953,0.3467230498790741,0.32347139716148376,0.06188664212822914
YBR272C,YOR195W,0,3.3724587,0.34635692834854126,0.32347139716148376,0.061986781656742096
YJL045W,YCR021C,0,3.3722131,0.3459915518760681,0.32347139716148376,0.06208692118525505
YBR029C,YDR513W,0,3.3709843,0.34562698006629944,0.32347139716148376,0.062187060713768005
YDR369C,YIL072W,1,3.3705828,0.34631580114364624,0.324457585811615,0.062187060713768005
YPR175W,YDL139C,0,3.370344,0.3459516167640686,0.324457585811615,0.06228720024228096
YNL025C,YOL012C,0,3.370228,0.34558823704719543,0.324457585811615,0.06238734349608421
YNL210W,YGL158W,1,3.3696754,0.3462749123573303,0.3254437744617462,0.06238734349608421
YOR373W,YHR004C,1,3.3679068,0.3469601571559906,0.32642999291419983,0.06238734349608421
YBR103W,YAR007C,1,3.3676636,0.34764397144317627,0.32741618156433105,0.06238734349608421
YGL025C,YLR004C,0,3.3669164,0.3472803235054016,0.32741618156433105,0.06248748302459717
YEL027W,YIL173W,0,3.3644347,0.34691745042800903,0.32741618156433105,0.06258762627840042
YJR049C,YPL189W,0,3.3643963,0.34655532240867615,0.32741618156433105,0.06268776208162308
YPL100W,YPR071W,0,3.3629954,0.34619393944740295,0.32741618156433105,0.06278790533542633
YBR038W,YJL098W,0,3.3626385,0.34583333134651184,0.32741618156433105,0.06288804113864899
YKR034W,YDL087C,0,3.3625894,0.3454734683036804,0.32741618156433105,0.06298818439245224
YGR205W,YDL134C,0,3.3618727,0.3451143503189087,0.32741618156433105,0.0630883201956749
YKL150W,YDR301W,0,3.3614976,0.34475597739219666,0.32741618156433105,0.06318846344947815
YGL085W,YPL018W,0,3.3614204,0.3443983495235443,0.32741618156433105,0.0632886067032814
YDR040C,YGL238W,0,3.3610227,0.3440414369106293,0.32741618156433105,0.06338874250650406
YMR063W,YNL176C,0,3.3598888,0.3436852991580963,0.32741618156433105,0.06348888576030731
YNL250W,YNR071C,0,3.3589337,0.34332987666130066,0.32741618156433105,0.06358902156352997
YGR217W,YIL120W,0,3.3584673,0.3429751992225647,0.32741618156433105,0.06368916481733322
YMR306W,YDR392W,1,3.3572571,0.34365326166152954,0.3284023702144623,0.06368916481733322
YDL113C,YIL038C,0,3.3562768,0.3432989716529846,0.3284023702144623,0.06378930807113647
YLL024C,YKL150W,0,3.3557184,0.3429454267024994,0.3284023702144623,0.06388944387435913
YLR131C,YOL055C,0,3.3556793,0.34259259700775146,0.3284023702144623,0.06398958712816238
YDR041W,YOR060C,0,3.355622,0.34224048256874084,0.3284023702144623,0.06408972293138504
YFL011W,YNL164C,0,3.3544405,0.3418891131877899,0.3284023702144623,0.0641898661851883
YKR099W,YOR373W,1,3.353965,0.34256410598754883,0.3293885588645935,0.0641898661851883
YBR054W,YGR099W,0,3.353834,0.34221312403678894,0.3293885588645935,0.06429000943899155
YDR289C,YDR244W,0,3.3537853,0.34186285734176636,0.3293885588645935,0.0643901452422142
YLR417W,YLL057C,0,3.3530726,0.3415133059024811,0.3293885588645935,0.06449028849601746
YLL033W,YOR255W,1,3.3525345,0.342185914516449,0.33037474751472473,0.06449028849601746
YER041W,YMR041C,0,3.3500197,0.34183672070503235,0.33037474751472473,0.06459042429924011
YGL063W,YIR004W,0,3.3481858,0.3414882719516754,0.33037474751472473,0.06469056755304337
YNL173C,YNR055C,0,3.3468692,0.3411405384540558,0.33037474751472473,0.06479070335626602
YGL181W,YPL022W,1,3.3461864,0.34181079268455505,0.33136093616485596,0.06479070335626602
YPR003C,YBL100W-B,0,3.3461175,0.3414634168148041,0.33136093616485596,0.06489084661006927
YKL026C,YML082W,0,3.345761,0.3411167562007904,0.33136093616485596,0.06499098986387253
YLR054C,YDL154W,1,3.344438,0.3417849838733673,0.33234715461730957,0.06499098986387253
YIR025W,YDR285W,1,3.3440406,0.34245187044143677,0.3333333432674408,0.06499098986387253
YER115C,YNL202W,1,3.343714,0.3431174159049988,0.334319531917572,0.06499098986387253
YLR143W,YPL097W,0,3.3420346,0.3427704870700836,0.334319531917572,0.06509112566709518
YHR165C,YLL057C,0,3.341821,0.3424242436885834,0.334319531917572,0.06519126892089844
YGL006W,YDR200C,0,3.3416355,0.34207871556282043,0.334319531917572,0.0652914047241211
YOR090C,YJL216C,0,3.3409483,0.3417338728904724,0.334319531917572,0.06539154797792435
YJR102C,YJL127C,0,3.3405473,0.3413897156715393,0.334319531917572,0.0654916912317276
YHR139C,YLR360W,0,3.3401306,0.3410462737083435,0.334319531917572,0.06559182703495026
YPL141C,YER123W,0,3.3390925,0.3407035171985626,0.334319531917572,0.06569197028875351
YHR205W,YNL194C,0,3.3388433,0.34036144614219666,0.334319531917572,0.06579210609197617
YPL021W,YNR033W,0,3.3384593,0.3400200605392456,0.334319531917572,0.06589224934577942
YFL003C,YGL181W,1,3.336572,0.34068137407302856,0.33530572056770325,0.06589224934577942
YNL317W,YPL221W,0,3.3362935,0.34034034609794617,0.33530572056770325,0.06599239259958267
YPL017C,YHR184W,1,3.3351634,0.3409999907016754,0.3362919092178345,0.06599239259958267
YJR150C,YGL093W,0,3.3346252,0.34065935015678406,0.3362919092178345,0.06609252840280533
YDR406W,YPL018W,0,3.333587,0.34031936526298523,0.3362919092178345,0.06619267165660858
YOR273C,YNL048W,0,3.3332126,0.3399800658226013,0.3362919092178345,0.06629280745983124
YLR315W,YDR105C,0,3.331638,0.33964142203330994,0.3362919092178345,0.06639295071363449
YNL214W,YPL075W,0,3.3311114,0.33930349349975586,0.3362919092178345,0.06649309396743774
YML085C,YGR059W,1,3.3310893,0.3399602472782135,0.3372780978679657,0.06649309396743774
YFL005W,YOL091W,1,3.3305826,0.3406156897544861,0.3382642865180969,0.06649309396743774
YOR081C,YOR113W,0,3.3300583,0.3402777910232544,0.3382642865180969,0.0665932297706604
YKR096W,YGR165W,0,3.329221,0.33994054794311523,0.3382642865180969,0.06669337302446365
YLR054C,YCR086W,1,3.3283322,0.3405940532684326,0.33925050497055054,0.06669337302446365
YHR185C,YLL021W,0,3.327361,0.3402571678161621,0.33925050497055054,0.06679350882768631
YLR382C,YDL076C,0,3.3272257,0.33992093801498413,0.33925050497055054,0.06689365208148956
YPL116W,YBR301W,0,3.3264093,0.33958539366722107,0.33925050497055054,0.06699378788471222
YFL049W,YOR060C,0,3.3262475,0.33925050497055054,0.33925050497055054,0.06709393113851547
YOL069W,YBL007C,0,3.3251202,0.33891624212265015,0.33925050497055054,0.06719407439231873
YPL207W,YCR021C,0,3.323022,0.3385826647281647,0.33925050497055054,0.06729421019554138
YLR118C,YGL092W,0,3.3229263,0.33824974298477173,0.33925050497055054,0.06739435344934464
YGL005C,YKL032C,0,3.3184884,0.3379174768924713,0.33925050497055054,0.06749448925256729
YBR119W,YPL189W,0,3.3176591,0.3375858664512634,0.33925050497055054,0.06759463250637054
YCR105W,YMR207C,0,3.3175986,0.33725491166114807,0.33925050497055054,0.0676947757601738
YDR019C,YDR179C,0,3.316709,0.33692458271980286,0.33925050497055054,0.06779491156339645
YGR212W,YJR120W,0,3.314957,0.33659490942955017,0.33925050497055054,0.06789505481719971
YHR014W,YPL022W,1,3.3118806,0.3372434079647064,0.34023669362068176,0.06789505481719971
YNL103W,YCL044C,0,3.3116057,0.3369140625,0.34023669362068176,0.06799519062042236
YGR161C,YDR438W,0,3.3098736,0.3365853726863861,0.34023669362068176,0.06809533387422562
YGR099W,YOR026W,0,3.3098013,0.33625730872154236,0.34023669362068176,0.06819547712802887
YPR003C,YKR027W,0,3.309345,0.33592990040779114,0.34023669362068176,0.06829561293125153
YGR170W,YGR224W,0,3.3092191,0.33560311794281006,0.34023669362068176,0.06839575618505478
YHR110W,YCL039W,0,3.308699,0.3352769613265991,0.34023669362068176,0.06849589198827744
YNL221C,YDL149W,0,3.3082414,0.3349514603614807,0.34023669362068176,0.06859603524208069
YJL074C,YLR213C,1,3.3056698,0.33559650182724,0.341222882270813,0.06859603524208069
YMR048W,YMR167W,1,3.3046715,0.33624032139778137,0.3422090709209442,0.06859603524208069
YDL240W,YIR031C,0,3.3027785,0.33591482043266296,0.3422090709209442,0.06869617104530334
YDL194W,YNL250W,1,3.3012218,0.3365570604801178,0.34319525957107544,0.06869617104530334
YLR442C,YBR065C,0,3.3000975,0.33623188734054565,0.34319525957107544,0.0687963142991066
YLL033W,YOR073W,1,3.2994795,0.33687257766723633,0.34418144822120667,0.0687963142991066
YOR266W,YOL116W,0,3.2979877,0.33654773235321045,0.34418144822120667,0.06889645755290985
YDR002W,YCL039W,0,3.2978485,0.3362235128879547,0.34418144822120667,0.06899659335613251
YOR068C,YDR317W,0,3.2967067,0.33589988946914673,0.34418144822120667,0.06909673660993576
YOL132W,YLR411W,0,3.2962615,0.3355769217014313,0.34418144822120667,0.06919687241315842
YCL044C,YEL024W,0,3.2959888,0.3352545499801636,0.34418144822120667,0.06929701566696167
YBL035C,YNL055C,0,3.295948,0.3349328339099884,0.34418144822120667,0.06939715892076492
YPL063W,YMR118C,0,3.2946155,0.3346116840839386,0.34418144822120667,0.06949729472398758
YPL120W,YGR161C,0,3.2943342,0.3342911899089813,0.34418144822120667,0.06959743797779083
YMR118C,YDR135C,0,3.2939644,0.3339712917804718,0.34418144822120667,0.06969757378101349
YHR139C,YOR271C,0,3.29307,0.3336520195007324,0.34418144822120667,0.06979771703481674
YBR279W,YGR296W,0,3.2914426,0.3333333432674408,0.34418144822120667,0.06989786028862
YMR139W,YOL090W,1,3.291423,0.33396947383880615,0.3451676666736603,0.06989786028862
YNL054W,YOR001W,0,3.2911174,0.3336510956287384,0.3451676666736603,0.06999799609184265
YBL080C,YKL110C,0,3.2904851,0.3333333432674408,0.3451676666736603,0.0700981393456459
YJR150C,YGL127C,0,3.2903388,0.33301618695259094,0.3451676666736603,0.07019827514886856
YOL076W,YER123W,0,3.2898629,0.33269962668418884,0.3451676666736603,0.07029841840267181
YLR320W,YFL033C,1,3.2898245,0.3333333432674408,0.3461538553237915,0.07029841840267181
YIL106W,YMR243C,0,3.288722,0.3330170810222626,0.3461538553237915,0.07039856165647507
YLR390W-A,YLR194C,0,3.287587,0.3327014148235321,0.3461538553237915,0.07049869745969772
YLR315W,YML013W,0,3.2874386,0.3323863744735718,0.3461538553237915,0.07059884071350098
YAR033W,YLR384C,0,3.2872822,0.3320719003677368,0.3461538553237915,0.07069897651672363
YER093C,YMR118C,0,3.2865045,0.3317580223083496,0.3461538553237915,0.07079911977052689
YBR301W,YJR096W,0,3.282891,0.33144477009773254,0.3461538553237915,0.07089925557374954
YHR210C,YHR154W,0,3.279965,0.33113208413124084,0.3461538553237915,0.0709993988275528
YDR440W,YOR351C,1,3.2795446,0.33176249265670776,0.34714004397392273,0.0709993988275528
YHL027W,YDR207C,1,3.2780983,0.3323917090892792,0.34812623262405396,0.0709993988275528
YMR234W,YDR040C,0,3.276908,0.3320790231227875,0.34812623262405396,0.07109954208135605
YKR034W,YDR110W,0,3.2764337,0.33176690340042114,0.34812623262405396,0.0711996778845787
YML107C,YMR133W,0,3.275799,0.33145540952682495,0.34812623262405396,0.07129982113838196
YBR049C,YIL173W,0,3.2744377,0.33114445209503174,0.34812623262405396,0.07139995694160461
YDR096W,YOL090W,1,3.273749,0.3317713141441345,0.3491124212741852,0.07139995694160461
YPL248C,YDL149W,0,3.2733724,0.3314606845378876,0.3491124212741852,0.07150010019540787
YER143W,YDR399W,0,3.2715862,0.331150621175766,0.3491124212741852,0.07160024344921112
YNL250W,YKR075C,0,3.2712421,0.3308411240577698,0.3491124212741852,0.07170037925243378
YER179W,YMR001C,1,3.2704856,0.3314659297466278,0.3500986099243164,0.07170037925243378
YGL063W,YOR060C,0,3.2702777,0.33115673065185547,0.3500986099243164,0.07180052250623703
YOR241W,YMR313C,0,3.2697716,0.3308480978012085,0.3500986099243164,0.07190065830945969
YMR261C,YPR068C,0,3.2693737,0.3305400311946869,0.3500986099243164,0.07200080156326294
YNL250W,YOR034C,0,3.2689059,0.33023256063461304,0.3500986099243164,0.07210094481706619
YMR232W,YFL026W,0,3.2688146,0.32992565631866455,0.3500986099243164,0.07220108062028885
YKL014C,YDR284C,0,3.2663734,0.32961931824684143,0.3500986099243164,0.0723012238740921
YFL061W,YJL083W,0,3.2659652,0.3293135464191437,0.3500986099243164,0.07240135967731476
YOR177C,YKR100C,0,3.2647524,0.3290083408355713,0.3500986099243164,0.07250150293111801
YDR145W,YIL153W,0,3.2633193,0.32870370149612427,0.3500986099243164,0.07260163873434067
YGR181W,YCR021C,0,3.2602003,0.3283996284008026,0.3500986099243164,0.07270178198814392
YBR279W,YKR077W,0,3.2590082,0.3280961215496063,0.3500986099243164,0.07280192524194717
YJR117W,YNL041C,0,3.258777,0.3277931809425354,0.3500986099243164,0.07290206104516983
YLR006C,YOL095C,0,3.2586,0.32749077677726746,0.3500986099243164,0.07300220429897308
YBR038W,YOR157C,0,3.258486,0.3271889388561249,0.3500986099243164,0.07310234010219574
YDR406W,YPL179W,0,3.2558925,0.32688766717910767,0.3500986099243164,0.07320248335599899
YLL016W,YLR059C,0,3.2558808,0.32658693194389343,0.3500986099243164,0.07330262660980225
YHR118C,YBR049C,0,3.255764,0.32628676295280457,0.3500986099243164,0.0734027624130249
YHR090C,YDR005C,0,3.2535267,0.3259871304035187,0.3500986099243164,0.07350290566682816
YPL140C,YCR021C,0,3.252374,0.32568806409835815,0.3500986099243164,0.07360304147005081
YNL250W,YPL115C,0,3.2521484,0.325389564037323,0.3500986099243164,0.07370318472385406
YGR120C,YKL197C,0,3.2488997,0.32509157061576843,0.3500986099243164,0.07380332797765732
YGR024C,YKL129C,0,3.2486508,0.32479414343833923,0.3500986099243164,0.07390346378087997
YCR091W,YNL240C,0,3.2475545,0.324497252702713,0.3500986099243164,0.07400360703468323
YCR086W,YJL045W,0,3.2452676,0.32420089840888977,0.3500986099243164,0.07410374283790588
YOR048C,YLR189C,0,3.244908,0.3239051103591919,0.3500986099243164,0.07420388609170914
YPR067W,YER155C,0,3.2433584,0.323609858751297,0.3500986099243164,0.07430402934551239
YJR108W,YPR155C,0,3.2426221,0.3233151137828827,0.3500986099243164,0.07440416514873505
YPL193W,YLR115W,0,3.2424614,0.32302093505859375,0.3500986099243164,0.0745043084025383
YOR026W,YIR031C,0,3.2418373,0.3227272629737854,0.3500986099243164,0.07460444420576096
YKR095W,YNL278W,0,3.2417884,0.3224341571331024,0.3500986099243164,0.07470458745956421
YML004C,YGR296W,0,3.241093,0.3221415579319,0.3500986099243164,0.07480472326278687
YKR096W,YMR232W,0,3.2395294,0.3218494951725006,0.3500986099243164,0.07490486651659012
YDR350C,YLR189C,0,3.2384434,0.3215579688549042,0.3500986099243164,0.07500500977039337
YPL043W,YOR227W,0,3.2379625,0.3212669789791107,0.3500986099243164,0.07510514557361603
YKR088C,YHL006C,0,3.2376225,0.32097649574279785,0.3500986099243164,0.07520528882741928
YLR035C,YGL033W,1,3.2375715,0.3215898871421814,0.35108479857444763,0.07520528882741928
YOL055C,YDR422C,0,3.2366345,0.32129964232444763,0.35108479857444763,0.07530542463064194
YCL017C,YPR131C,0,3.2359884,0.32100990414619446,0.35108479857444763,0.07540556788444519
YBR045C,YDL222C,1,3.2345684,0.3216216266155243,0.35207101702690125,0.07540556788444519
YLR004C,YIL148W,0,3.2335818,0.3213321268558502,0.35207101702690125,0.07550571113824844
YPL164C,YLR399C,1,3.2329724,0.32194244861602783,0.35305720567703247,0.07550571113824844
YGL061C,YBL091C,0,3.2317383,0.32165318727493286,0.35305720567703247,0.0756058469414711
YGL098W,YLL024C,0,3.231471,0.32136446237564087,0.35305720567703247,0.07570599019527435
YCL029C,YPL097W,0,3.2314675,0.32107624411582947,0.35305720567703247,0.07580612599849701
YML100W,YBR043C,0,3.231167,0.32078853249549866,0.35305720567703247,0.07590626925230026
YER139C,YDR301W,0,3.2311552,0.3205013573169708,0.35305720567703247,0.07600641250610352
YEL005C,YMR125W,0,3.2294314,0.3202146589756012,0.35305720567703247,0.07610654830932617
YJL208C,YHL021C,0,3.2257082,0.31992849707603455,0.35305720567703247,0.07620669156312943
YJR153W,YPL043W,0,3.2249148,0.3196428716182709,0.35305720567703247,0.07630682736635208
YDR178W,YNL216W,0,3.2245338,0.3193577229976654,0.35305720567703247,0.07640697062015533
YEL018W,YGL167C,0,3.2239568,0.3190730810165405,0.35305720567703247,0.07650710642337799
YER179W,YHR139C,1,3.2232578,0.3196794390678406,0.3540433943271637,0.07650710642337799
YOR177C,YPR071W,0,3.2228172,0.3193950057029724,0.3540433943271637,0.07660724967718124
YLR093C,YPR007C,0,3.222788,0.3191111087799072,0.3540433943271637,0.0767073929309845
YNL233W,YPL021W,0,3.2223656,0.31882771849632263,0.3540433943271637,0.07680752873420715
YGL115W,YPL018W,0,3.221645,0.31854480504989624,0.3540433943271637,0.0769076719880104
YGR005C,YGL045W,0,3.219241,0.31826239824295044,0.3540433943271637,0.07700780779123306
YPR100W,YDR080W,0,3.2191522,0.3179805278778076,0.3540433943271637,0.07710795104503632
YFR027W,YGL049C,0,3.218705,0.3176991045475006,0.3540433943271637,0.07720809429883957
YDL240W,YOL116W,0,3.218425,0.3174182176589966,0.3540433943271637,0.07730823010206223
YJL078C,YAL015C,0,3.218168,0.31713780760765076,0.3540433943271637,0.07740837335586548
YLR324W,YIL144W,0,3.2174084,0.3168579041957855,0.3540433943271637,0.07750850915908813
YPR175W,YDL076C,0,3.217222,0.3165784776210785,0.3540433943271637,0.07760865241289139
YNL194C,YMR002W,0,3.2163255,0.31629955768585205,0.3540433943271637,0.07770879566669464
YMR175W,YPR095C,0,3.216324,0.3160211145877838,0.3540433943271637,0.0778089314699173
YGL006W,YOL135C,0,3.2151926,0.31574317812919617,0.3540433943271637,0.07790907472372055
YNL199C,YPR134W,0,3.21509,0.3154657185077667,0.3540433943271637,0.0780092105269432
YOR383C,YDR200C,0,3.2147655,0.31518876552581787,0.3540433943271637,0.07810935378074646
YHR039C,YLR341W,1,3.2120898,0.31578946113586426,0.3550295829772949,0.07810935378074646
YNL288W,YOL095C,0,3.2118967,0.3155127167701721,0.3550295829772949,0.07820948958396912
YLR234W,YOL023W,0,3.210789,0.3152364194393158,0.3550295829772949,0.07830963283777237
YML107C,YPL021W,0,3.2095246,0.31496062874794006,0.3550295829772949,0.07840977609157562
YDR127W,YFR049W,0,3.209295,0.31468531489372253,0.3550295829772949,0.07850991189479828
YER115C,YDR099W,1,3.2092707,0.3152838349342346,0.35601577162742615,0.07850991189479828
YPL116W,YMR050C,0,3.2090228,0.3150087296962738,0.35601577162742615,0.07861005514860153
YER179W,YPR097W,0,3.2088504,0.3147341012954712,0.35601577162742615,0.07871019095182419
YBR094W,YBR045C,0,3.2069783,0.3144599199295044,0.35601577162742615,0.07881033420562744
YDR039C,YDL139C,0,3.2049117,0.3141862452030182,0.35601577162742615,0.0789104774594307
YMR262W,YFR030W,0,3.2041235,0.3139130473136902,0.35601577162742615,0.07901061326265335
YGL250W,YLR330W,1,3.2025974,0.3145091235637665,0.3570019602775574,0.07901061326265335
YNL181W,YGL053W,0,3.2013826,0.3142361044883728,0.3570019602775574,0.0791107565164566
YHL006C,YGR094W,0,3.2007945,0.31396356225013733,0.3570019602775574,0.07921089231967926
YNL167C,YJL058C,0,3.2001598,0.31369149684906006,0.3570019602775574,0.07931103557348251
YMR063W,YHL027W,1,3.1996465,0.3142857253551483,0.357988178730011,0.07931103557348251
YKL185W,YCR018C,0,3.1992657,0.31401383876800537,0.357988178730011,0.07941117882728577
YPR095C,YDR179C,0,3.198256,0.31374242901802063,0.357988178730011,0.07951131463050842
YPR008W,YBR180W,0,3.1968853,0.3134714961051941,0.357988178730011,0.07961145788431168
YFL025C,YPL189W,0,3.1948352,0.31320104002952576,0.357988178730011,0.07971159368753433
YDR367W,YJL013C,0,3.1940835,0.31293103098869324,0.357988178730011,0.07981173694133759
YJR153W,YER060W,0,3.1932027,0.3126614987850189,0.357988178730011,0.07991188019514084
YDL160C,YFL056C,0,3.1931272,0.3123924136161804,0.357988178730011,0.0800120159983635
YGL196W,YCR018C,0,3.193116,0.3121238052845001,0.357988178730011,0.08011215925216675
YER173W,YOR373W,1,3.1925647,0.3127147853374481,0.3589743673801422,0.08011215925216675
YFL003C,YOR229W,1,3.1921957,0.31330472230911255,0.35996055603027344,0.08011215925216675
YER020W,YJL187C,1,3.1921072,0.3138936460018158,0.36094674468040466,0.08011215925216675
YGR266W,YGR224W,0,3.1917894,0.31362468004226685,0.36094674468040466,0.0802122950553894
YML127W,YMR177W,0,3.1901875,0.3133561611175537,0.36094674468040466,0.08031243830919266
YML021C,YNL056W,0,3.1886091,0.3130881190299988,0.36094674468040466,0.08041257411241531
YNR048W,YJR109C,0,3.1884525,0.31282052397727966,0.36094674468040466,0.08051271736621857
YDL072C,YHR185C,0,3.1870635,0.31255337595939636,0.36094674468040466,0.08061286062002182
YOL076W,YNL194C,0,3.184932,0.3122866749763489,0.36094674468040466,0.08071299642324448
YGR142W,YGL151W,0,3.1820087,0.3120204508304596,0.36094674468040466,0.08081313967704773
YMR220W,YPL018W,0,3.1815689,0.31175467371940613,0.36094674468040466,0.08091327548027039
YML120C,YGR005C,0,3.1813323,0.31148937344551086,0.36094674468040466,0.08101341873407364
YGR103W,YOL042W,0,3.1805894,0.31122449040412903,0.36094674468040466,0.08111356198787689
YOR014W,YDR446W,1,3.1803458,0.3118096888065338,0.3619329333305359,0.08111356198787689
YGR178C,YNL133C,0,3.1802108,0.3115449845790863,0.3619329333305359,0.08121369779109955
YCR065W,YDR246W,0,3.1799154,0.311280757188797,0.3619329333305359,0.0813138410449028
YDR099W,YMR017W,1,3.1795366,0.3118644058704376,0.3629191219806671,0.0813138410449028
YLR017W,YDL123W,0,3.1776216,0.31160032749176025,0.3629191219806671,0.08141397684812546
YDR078C,YLR313C,0,3.177367,0.3113367259502411,0.3629191219806671,0.08151412010192871
YHR154W,YBR169C,0,3.1768596,0.31107354164123535,0.3629191219806671,0.08161426335573196
YKL033W,YPR155C,0,3.1759741,0.31081080436706543,0.3629191219806671,0.08171439915895462
YER115C,YDR512C,1,3.1757061,0.3113923966884613,0.36390531063079834,0.08171439915895462
YPL001W,YOR363C,0,3.1756716,0.3111298382282257,0.36390531063079834,0.08181454241275787
YML100W,YOR172W,0,3.1746175,0.3108677268028259,0.36390531063079834,0.08191467821598053
YHL038C,YJL186W,0,3.1727827,0.31060606241226196,0.36390531063079834,0.08201482146978378
YBR003W,YOR195W,0,3.1726968,0.3103448152542114,0.36390531063079834,0.08211495727300644
YDL240W,YOR358W,0,3.1726043,0.3100840449333191,0.36390531063079834,0.08221510052680969
YER038C,YLL053C,0,3.1723902,0.3098236918449402,0.36390531063079834,0.08231524378061295
YGL144C,YGL116W,0,3.1719363,0.3095637559890747,0.36390531063079834,0.0824153795838356
YMR063W,YBR107C,1,3.169963,0.31014248728752136,0.36489152908325195,0.0824153795838356
YLR234W,YCR092C,1,3.1693523,0.3107202649116516,0.3658777177333832,0.0824153795838356
YGR212W,YPL130W,0,3.1684027,0.31046023964881897,0.3658777177333832,0.08251552283763885
YDR377W,YPR114W,0,3.1682942,0.31020066142082214,0.3658777177333832,0.08261565864086151
YPR008W,YPL253C,0,3.1682804,0.30994153022766113,0.3658777177333832,0.08271580189466476
YPL138C,YNR019W,0,3.1674862,0.30968281626701355,0.3658777177333832,0.08281594514846802
YDL239C,YLR399C,1,3.1672456,0.31025853753089905,0.3668639063835144,0.08281594514846802
YIL056W,YLR150W,0,3.167041,0.3100000023841858,0.3668639063835144,0.08291608095169067
YDR375C,YMR232W,0,3.165695,0.30974188446998596,0.3668639063835144,0.08301622420549393
YML107C,YAL019W,0,3.165004,0.30948418378829956,0.3668639063835144,0.08311636000871658
YBR114W,YOL144W,0,3.163831,0.309226930141449,0.3668639063835144,0.08321650326251984
YML057W,YMR125W,0,3.163536,0.3089700937271118,0.3668639063835144,0.08331664651632309
YPR095C,YLR001C,0,3.1634748,0.3087137043476105,0.3668639063835144,0.08341678231954575
YDL194W,YGL054C,1,3.163439,0.309286892414093,0.36785009503364563,0.08341678231954575
YNL202W,YJL187C,1,3.1623247,0.30985915660858154,0.36883628368377686,0.08341678231954575
YDR490C,YGL063W,0,3.1618845,0.30960264801979065,0.36883628368377686,0.083516925573349
YHR088W,YGL240W,0,3.1611617,0.3093465566635132,0.36883628368377686,0.08361706137657166
YLR377C,YKR088C,0,3.1607919,0.30909091234207153,0.36883628368377686,0.08371720463037491
YOR136W,YLR337C,0,3.1602232,0.3088356852531433,0.36883628368377686,0.08381734788417816
YAR009C,YCR063W,0,3.1598802,0.30858084559440613,0.36883628368377686,0.08391748368740082
YLR345W,YDR398W,0,3.15855,0.30832645297050476,0.36883628368377686,0.08401762694120407
YIL144W,YLR382C,0,3.1585004,0.3080724775791168,0.36883628368377686,0.08411776274442673
YLR377C,YBR208C,0,3.156391,0.3078189194202423,0.36883628368377686,0.08421790599822998
YPR095C,YFR040W,0,3.1562858,0.3075657784938812,0.36883628368377686,0.08431804180145264
YGL005C,YNL055C,0,3.1544507,0.30731305480003357,0.36883628368377686,0.08441818505525589
YPR097W,YOL116W,0,3.154016,0.30706074833869934,0.36883628368377686,0.08451832830905914
YDR328C,YJL196C,0,3.1540034,0.30680885910987854,0.36883628368377686,0.0846184641122818
YDR482C,YGR224W,0,3.1534445,0.30655738711357117,0.36883628368377686,0.08471860736608505
YPR188C,YPL006W,0,3.1533172,0.30630630254745483,0.36883628368377686,0.08481874316930771
YEL019C,YDL018C,0,3.1519053,0.30605563521385193,0.36883628368377686,0.08491888642311096
YBR043C,YNL194C,0,3.1518247,0.30580538511276245,0.36883628368377686,0.08501902967691422
YIL030C,YMR195W,0,3.1513834,0.3055555522441864,0.36883628368377686,0.08511916548013687
YDR523C,YLR248W,1,3.1501486,0.30612245202064514,0.3698224723339081,0.08511916548013687
YLR190W,YLR247C,0,3.1499574,0.30587276816368103,0.3698224723339081,0.08521930873394012
YNL103W,YOL059W,0,3.1493254,0.30562347173690796,0.3698224723339081,0.08531944453716278
YER179W,YMR322C,0,3.146344,0.3053745925426483,0.3698224723339081,0.08541958779096603
YPL021W,YGR094W,0,3.1461122,0.3051261305809021,0.3698224723339081,0.08551973104476929
YNL286W,YBR023C,0,3.1448839,0.3048780560493469,0.3698224723339081,0.08561986684799194
YKL014C,YNL243W,0,3.1423008,0.3046303689479828,0.3698224723339081,0.0857200101017952
YOL144W,YDR041W,0,3.1420844,0.30438312888145447,0.3698224723339081,0.08582014590501785
YPR095C,YER005W,0,3.1413372,0.3041362464427948,0.3698224723339081,0.0859202891588211
YCR091W,YHR201C,0,3.1408951,0.30388978123664856,0.3698224723339081,0.08602042496204376
YHR103W,YPL140C,0,3.1405327,0.30364373326301575,0.3698224723339081,0.08612056821584702
YLL039C,YFL039C,1,3.138086,0.30420711636543274,0.3708086907863617,0.08612056821584702
YHR035W,YMR205C,0,3.1373374,0.3039611876010895,0.3708086907863617,0.08622071146965027
YPL176C,YMR118C,0,3.1369627,0.30371567606925964,0.3708086907863617,0.08632084727287292
YCR091W,YGL111W,0,3.1349292,0.30347055196762085,0.3708086907863617,0.08642099052667618
YAL019W,YDL223C,0,3.133725,0.3032258152961731,0.3708086907863617,0.08652112632989883
YCR105W,YDR301W,0,3.1333125,0.3029814660549164,0.3708086907863617,0.08662126958370209
YHR210C,YDR080W,0,3.1332524,0.3027375340461731,0.3708086907863617,0.08672141283750534
YDR126W,YDR522C,1,3.1323853,0.3032984733581543,0.3717948794364929,0.08672141283750534
YLR259C,YNL118C,0,3.131975,0.30305466055870056,0.3717948794364929,0.086821548640728
YDR041W,YIL130W,0,3.1309724,0.30281123518943787,0.3717948794364929,0.08692169189453125
YPL137C,YNL025C,0,3.130856,0.3025682270526886,0.3717948794364929,0.0870218276977539
YMR053C,YGR003W,0,3.1307762,0.302325576543808,0.3717948794364929,0.08712197095155716
YOR363C,YER015W,0,3.1303098,0.3020833432674408,0.3717948794364929,0.08722211420536041
YDR359C,YKR083C,0,3.129478,0.30184146761894226,0.3717948794364929,0.08732225000858307
YMR139W,YIR025W,1,3.1286602,0.30239999294281006,0.37278106808662415,0.08732225000858307
YHR210C,YGL093W,0,3.1281312,0.30215826630592346,0.37278106808662415,0.08742239326238632
YMR322C,YDR234W,0,3.1258533,0.3019169270992279,0.37278106808662415,0.08752252906560898
YCL016C,YNL081C,0,3.125191,0.3016759753227234,0.37278106808662415,0.08762267231941223
YIL144W,YEL044W,0,3.1245258,0.3014354109764099,0.37278106808662415,0.08772281557321548
YOR019W,YJR108W,0,3.1238825,0.3011952042579651,0.37278106808662415,0.08782295137643814
YHL035C,YNL118C,0,3.1234124,0.3009554147720337,0.37278106808662415,0.0879230946302414
YIL056W,YDR160W,0,3.1205761,0.30071598291397095,0.37278106808662415,0.08802323043346405
YLL039C,YGR108W,1,3.12055,0.30127185583114624,0.37376725673675537,0.08802323043346405
YCR016W,YMR101C,0,3.1193643,0.30103257298469543,0.37376725673675537,0.0881233736872673
YPL043W,YGR224W,0,3.1174219,0.3007936477661133,0.37376725673675537,0.08822350949048996
YLR329W,YBR088C,1,3.1166546,0.30134814977645874,0.3747534453868866,0.08822350949048996
YKL155C,YPR105C,0,3.1157973,0.30110934376716614,0.3747534453868866,0.08832365274429321
YKR031C,YNL082W,1,3.1154907,0.30166271328926086,0.3757396340370178,0.08832365274429321
YLR011W,YNL251C,0,3.1148818,0.3014240562915802,0.3757396340370178,0.08842379599809647
YLR219W,YDR403W,1,3.1146522,0.3019762933254242,0.37672585248947144,0.08842379599809647
YLR011W,YPR141C,0,3.1132991,0.3017377555370331,0.37672585248947144,0.08852393180131912
YPL115C,YPL100W,0,3.1131594,0.301499605178833,0.37672585248947144,0.08862407505512238
YKR031C,YPL018W,0,3.1131566,0.301261842250824,0.37672585248947144,0.08872421085834503
YFR050C,YNL216W,0,3.1115508,0.3010244369506836,0.37672585248947144,0.08882435411214828
YLL026W,YOL116W,0,3.1104174,0.30078738927841187,0.37672585248947144,0.08892449736595154
YLR384C,YPL018W,0,3.1089034,0.30055075883865356,0.37672585248947144,0.0890246331691742
YPR054W,YPL017C,1,3.1087406,0.30110064148902893,0.37771204113960266,0.0890246331691742
YNL312W,YGR109C,1,3.1080585,0.30164965987205505,0.3786982297897339,0.0890246331691742
YGL226W,YML047C,0,3.1072865,0.3014128804206848,0.3786982297897339,0.08912477642297745
YOL084W,YER129W,0,3.1069028,0.3011764585971832,0.3786982297897339,0.0892249122262001
YJL059W,YDR105C,0,3.1068373,0.3009404242038727,0.3786982297897339,0.08932505548000336
YNL102W,YML066C,1,3.10606,0.30148786306381226,0.3796844184398651,0.08932505548000336
YGL006W,YOL078W,0,3.1053116,0.30125194787979126,0.3796844184398651,0.08942519873380661
YLR442C,YGL192W,0,3.1049674,0.3010164201259613,0.3796844184398651,0.08952533453702927
YJR084W,YDR300C,0,3.1029828,0.30078125,0.3796844184398651,0.08962547779083252
YMR175W,YNL063W,0,3.1018271,0.30054643750190735,0.3796844184398651,0.08972561359405518
YCL048W,YPL022W,1,3.1016638,0.3010920584201813,0.38067060708999634,0.08972561359405518
YDL105W,YLR360W,0,3.1016629,0.3008573651313782,0.38067060708999634,0.08982575684785843
YGL175C,YLR035C,1,3.1015751,0.30140188336372375,0.38165679574012756,0.08982575684785843
YOL104C,YLR330W,1,3.1006103,0.3019455373287201,0.3826429843902588,0.08982575684785843
YNL328C,YPL097W,0,3.100222,0.30171072483062744,0.3826429843902588,0.08992589265108109
YGL192W,YNL055C,0,3.0991278,0.30147629976272583,0.3826429843902588,0.09002603590488434
YDR516C,YGL238W,0,3.0974338,0.30124223232269287,0.3826429843902588,0.09012617915868759
YDR464W,YPR068C,0,3.0964148,0.30100852251052856,0.3826429843902588,0.09022631496191025
YNL103W,YOL078W,0,3.095813,0.3007752001285553,0.3826429843902588,0.0903264582157135
YLR361C,YCL067C,0,3.095751,0.3005422055721283,0.3826429843902588,0.09042659401893616
YKR053C,YIL037C,0,3.095525,0.30030959844589233,0.3826429843902588,0.09052673727273941
YJR132W,YJL083W,0,3.0945258,0.300077348947525,0.3826429843902588,0.09062688052654266
YOL069W,YLR068W,0,3.0932224,0.299845427274704,0.3826429843902588,0.09072701632976532
YER173W,YHR157W,1,3.0930805,0.30038610100746155,0.3836292028427124,0.09072701632976532
YGR120C,YKL063C,0,3.091244,0.30015432834625244,0.3836292028427124,0.09082715958356857
YMR053C,YPR105C,0,3.0904334,0.299922913312912,0.3836292028427124,0.09092729538679123
YNL312W,YNL128W,1,3.08721,0.3004622459411621,0.38461539149284363,0.09092729538679123
YLR059C,YNL278W,0,3.0870998,0.3002309501171112,0.38461539149284363,0.09102743864059448
YOR068C,YNL054W,0,3.0854502,0.30000001192092896,0.38461539149284363,0.09112758189439774
YPL193W,YER167W,0,3.0851054,0.29976940155029297,0.38461539149284363,0.09122771769762039
YDR439W,YDR099W,1,3.0841138,0.3003072142601013,0.38560158014297485,0.09122771769762039
YDR200C,YIR031C,0,3.0827973,0.30007675290107727,0.38560158014297485,0.09132786095142365
YNL318C,YPR034W,0,3.0826943,0.2998466193675995,0.38560158014297485,0.0914279967546463
YLR044C,YDL149W,0,3.0823643,0.29961684346199036,0.38560158014297485,0.09152814000844955
YLR004C,YPL063W,0,3.0822785,0.29938745498657227,0.38560158014297485,0.09162828326225281
YML013W,YPL183C,0,3.0815942,0.29915836453437805,0.38560158014297485,0.09172841906547546
YDR201W,YDL223C,0,3.081477,0.2989296615123749,0.38560158014297485,0.09182856231927872
YGL142C,YMR133W,0,3.080667,0.29870128631591797,0.38560158014297485,0.09192869812250137
YNL250W,YIL056W,0,3.0805235,0.2984732687473297,0.38560158014297485,0.09202884137630463
YLR324W,YLR413W,0,3.080508,0.2982456088066101,0.38560158014297485,0.09212897717952728
YOR034C,YGL192W,0,3.0778043,0.29801830649375916,0.38560158014297485,0.09222912043333054
YML124C,YMR048W,1,3.0765374,0.298552930355072,0.3865877687931061,0.09222912043333054
YIL019W,YBL100W-B,0,3.075641,0.29832571744918823,0.3865877687931061,0.09232926368713379
YPL100W,YHR149C,0,3.0753977,0.2980988621711731,0.3865877687931061,0.09242939949035645
YPL140C,YMR118C,0,3.073908,0.2978723347187042,0.3865877687931061,0.0925295427441597
YBL008W,YGR044C,0,3.0735486,0.297646164894104,0.3865877687931061,0.09262967854738235
YOR191W,YOR027W,0,3.069829,0.29742032289505005,0.3865877687931061,0.09272982180118561
YKL045W,YER143W,0,3.06942,0.29719483852386475,0.3865877687931061,0.09282996505498886
YOL071W,YGL194C,1,3.0687878,0.2977272868156433,0.3875739574432373,0.09282996505498886
YOR241W,YDR019C,0,3.0686333,0.29750189185142517,0.3875739574432373,0.09293010085821152
YER033C,YGR007W,0,3.068271,0.2972768545150757,0.3875739574432373,0.09303024411201477
YCR045C,YMR156C,0,3.0673358,0.29705214500427246,0.3875739574432373,0.09313037991523743
YGL246C,YDR150W,0,3.067064,0.2968277931213379,0.3875739574432373,0.09323052316904068
YIL144W,YKR052C,0,3.0669749,0.2966037690639496,0.3875739574432373,0.09333066642284393
YBR295W,YPL021W,0,3.0655541,0.29638010263442993,0.3875739574432373,0.09343080222606659
YDR243C,YDR407C,0,3.065028,0.29615673422813416,0.3875739574432373,0.09353094547986984
YCR091W,YOR249C,0,3.0648823,0.29593372344970703,0.3875739574432373,0.0936310812830925
YBR065C,YNL287W,0,3.062847,0.29571107029914856,0.3875739574432373,0.09373122453689575
YER063W,YPL140C,0,3.0604417,0.29548871517181396,0.3875739574432373,0.09383136034011841
YGL025C,YDR430C,0,3.059213,0.295266717672348,0.3875739574432373,0.09393150359392166
YOR068C,YGR057C,0,3.05806,0.29504504799842834,0.3875739574432373,0.09403164684772491
YPR120C,YMR190C,1,3.0574515,0.295573890209198,0.38856014609336853,0.09403164684772491
YNR048W,YBL031W,0,3.0572793,0.2953523099422455,0.38856014609336853,0.09413178265094757
YIL087C,YOR195W,0,3.0571008,0.2951310873031616,0.38856014609336853,0.09423192590475082
YDR528W,YMR262W,0,3.0569868,0.294910192489624,0.38856014609336853,0.09433206170797348
YLL024C,YMR261C,0,3.0563931,0.2946895956993103,0.38856014609336853,0.09443220496177673
YLR181C,YLR067C,0,3.0562525,0.29446935653686523,0.38856014609336853,0.09453234821557999
YPR071W,YLR384C,0,3.0561562,0.29424944519996643,0.38856014609336853,0.09463248401880264
YJR153W,YOR110W,0,3.055849,0.2940298616886139,0.38856014609336853,0.0947326272726059
YHR139C,YGL249W,1,3.0550973,0.29455628991127014,0.38954636454582214,0.0947326272726059
YJL096W,YPL248C,0,3.054941,0.29433682560920715,0.38954636454582214,0.09483276307582855
YGR059W,YPL055C,1,3.0526173,0.2948622405529022,0.39053255319595337,0.09483276307582855
YIL005W,YNL278W,0,3.0525181,0.2946428656578064,0.39053255319595337,0.0949329063296318
YER095W,YLR341W,1,3.0503066,0.29516729712486267,0.3915187418460846,0.0949329063296318
YER109C,YMR313C,0,3.0493977,0.2949479818344116,0.3915187418460846,0.09503304958343506
YPL017C,YPL232W,1,3.0492213,0.2954714298248291,0.3925049304962158,0.09503304958343506
YOL095C,YPL097W,0,3.0490086,0.2952522337436676,0.3925049304962158,0.09513318538665771
YDL124W,YBR049C,0,3.048467,0.29503336548805237,0.3925049304962158,0.09523332864046097
YPR154W,YPL235W,0,3.0483935,0.2948148250579834,0.3925049304962158,0.09533346444368362
YDR469W,YKL043W,0,3.0479712,0.2945965826511383,0.3925049304962158,0.09543360769748688
YER014W,YDR257C,0,3.0478148,0.29437869787216187,0.3925049304962158,0.09553375095129013
YDR440W,YGL194C,1,3.0475671,0.29490020871162415,0.39349111914634705,0.09553375095129013
YOL059W,YPL075W,0,3.0475583,0.29468241333961487,0.39349111914634705,0.09563388675451279
YGL195W,YBR045C,0,3.047186,0.29446494579315186,0.39349111914634705,0.09573403000831604
YOR048C,YPR174C,0,3.0449276,0.2942477762699127,0.39349111914634705,0.0958341658115387
YDR375C,YLR006C,0,3.0445132,0.29403096437454224,0.39349111914634705,0.09593430906534195
YML067C,YKL032C,0,3.04262,0.29381442070007324,0.39349111914634705,0.0960344448685646
YDR129C,YDR273W,0,3.0420907,0.2935982346534729,0.39349111914634705,0.09613458812236786
YAL056W,YHR153C,1,3.0415335,0.29411765933036804,0.39447730779647827,0.09613458812236786
YOR101W,YJL216C,0,3.0406878,0.2939015328884125,0.39447730779647827,0.09623473137617111
YDR490C,YPL075W,0,3.0394397,0.29368576407432556,0.39447730779647827,0.09633486717939377
YBR121C,YML047C,0,3.038077,0.2934702932834625,0.39447730779647827,0.09643501043319702
YBL087C,YBR065C,0,3.0358813,0.29325512051582336,0.39447730779647827,0.09653514623641968
YCR092C,YER115C,1,3.0358357,0.2937729060649872,0.3954634964466095,0.09653514623641968
YFL056C,YPL126W,0,3.0353644,0.2935578227043152,0.3954634964466095,0.09663528949022293
YBR089C-A,YCL067C,0,3.0349433,0.29334309697151184,0.3954634964466095,0.09673543274402618
YDR386W,YIL008W,0,3.0345867,0.2931286692619324,0.3954634964466095,0.09683556854724884
YJL110C,YPR068C,0,3.0334206,0.2929145395755768,0.3954634964466095,0.0969357118010521
YLR054C,YLR320W,1,3.0327241,0.2934306561946869,0.3964497148990631,0.0969357118010521
YDR092W,YLR263W,0,3.032715,0.29321661591529846,0.3964497148990631,0.09703584760427475
YJL057C,YLL053C,0,3.0320399,0.2930029034614563,0.3964497148990631,0.097135990858078
YDR002W,YJL083W,0,3.0309446,0.2927895188331604,0.3964497148990631,0.09723613411188126
YGL098W,YPR141C,0,3.0290194,0.2925764322280884,0.3964497148990631,0.09733626991510391
YIR019C,YNL048W,0,3.0287201,0.29236364364624023,0.3964497148990631,0.09743641316890717
YER109C,YLR143W,0,3.028038,0.29215115308761597,0.3964497148990631,0.09753654897212982
YBR045C,YDR099W,1,3.028031,0.2926652133464813,0.39743590354919434,0.09753654897212982
YNL287W,YNL216W,0,3.0279846,0.2924528419971466,0.39743590354919434,0.09763669222593307
YML004C,YGR007W,0,3.027569,0.29224076867103577,0.39743590354919434,0.09773682802915573
YER044C-A,YNL059C,0,3.0271246,0.2920289933681488,0.39743590354919434,0.09783697128295898
YLR320W,YMR190C,1,3.027111,0.29254162311553955,0.39842209219932556,0.09783697128295898
YPL200W,YLR330W,1,3.027096,0.293053537607193,0.3994082808494568,0.09783697128295898
YDR256C,YER041W,0,3.0256875,0.2928416430950165,0.3994082808494568,0.09793711453676224
YIR019C,YIR004W,0,3.0256517,0.29263004660606384,0.3994082808494568,0.0980372503399849
YHR110W,YJL216C,0,3.0250185,0.29241877794265747,0.3994082808494568,0.09813739359378815
YDR440W,YCL048W,1,3.023999,0.2929292917251587,0.400394469499588,0.09813739359378815
YDR522C,YGL194C,1,3.0234582,0.2934390902519226,0.40138065814971924,0.09813739359378815
YAR042W,YDL105W,0,3.0233173,0.2932276725769043,0.40138065814971924,0.0982375293970108
YFL025C,YHR139C,0,3.0223935,0.29301655292510986,0.40138065814971924,0.09833767265081406
YPL193W,YBL091C,0,3.0219824,0.2928057610988617,0.40138065814971924,0.09843781590461731
YDR522C,YLL040C,1,3.0207744,0.2933141589164734,0.40236687660217285,0.09843781590461731
YBR046C,YLR181C,0,3.0180662,0.2931034564971924,0.40236687660217285,0.09853795170783997
YPL203W,YAL011W,0,3.0179095,0.29289302229881287,0.40236687660217285,0.09863809496164322
YCL051W,YER149C,0,3.0178752,0.2926829159259796,0.40236687660217285,0.09873823076486588
YLR315W,YOR011W,0,3.0166347,0.29247310757637024,0.40236687660217285,0.09883837401866913
YNL103W,YLR258W,0,3.0158417,0.29226359724998474,0.40236687660217285,0.09893851727247238
YBR085W,YGR266W,0,3.0149662,0.2920544147491455,0.40236687660217285,0.09903865307569504
YML101C,YEL032W,0,3.0148895,0.29184550046920776,0.40236687660217285,0.09913879632949829
YOR156C,YNL317W,0,3.0144298,0.2916368842124939,0.40236687660217285,0.09923893213272095
YMR063W,YBR119W,0,3.0141356,0.2914285659790039,0.40236687660217285,0.0993390753865242
YBR038W,YPL254W,0,3.013976,0.2912205457687378,0.40236687660217285,0.09943921118974686
YPL013C,YIL167W,0,3.013493,0.29101285338401794,0.40236687660217285,0.09953935444355011
YGR170W,YGL053W,0,3.0127718,0.2908054292201996,0.40236687660217285,0.09963949769735336
YKL045W,YBR193C,0,3.0126817,0.2905983030796051,0.40236687660217285,0.09973963350057602
YLL026W,YKL048C,0,3.0125318,0.2903914451599121,0.40236687660217285,0.09983977675437927
YMR275C,YNL038W,0,3.0119898,0.2901849150657654,0.40236687660217285,0.09993991255760193
YDR091C,YNL036W,0,3.009721,0.28997868299484253,0.40236687660217285,0.10004005581140518
YPL235W,YDR080W,0,3.009271,0.28977271914482117,0.40236687660217285,0.10014019906520844
YHR210C,YOL061W,0,3.0091813,0.28956708312034607,0.40236687660217285,0.10024033486843109
YJR041C,YJR096W,0,3.0089753,0.28936171531677246,0.40236687660217285,0.10034047812223434
YML102W,YGR142W,0,3.0065515,0.28915661573410034,0.40236687660217285,0.100440613925457
YLR377C,YJL001W,0,3.0063117,0.2889518439769745,0.40236687660217285,0.10054075717926025
YHR073W,YFR025C,0,3.0060875,0.2887473404407501,0.40236687660217285,0.10064090043306351
YCR036W,YCL016C,0,3.005969,0.28854313492774963,0.40236687660217285,0.10074103623628616
YDR464W,YMR195W,0,3.00556,0.288339227437973,0.40236687660217285,0.10084117949008942
YDR439W,YLR352W,0,3.0051496,0.2881355881690979,0.40236687660217285,0.10094131529331207
YLL039C,YML095C,1,3.0050128,0.2886379659175873,0.4033530652523041,0.10094131529331207
YLR284C,YLR466W,0,3.0045524,0.2884344160556793,0.4033530652523041,0.10104145854711533
YOR316C,YBR045C,0,3.0044253,0.28823113441467285,0.4033530652523041,0.10114160180091858
YML085C,YGR225W,1,3.0042489,0.2887323796749115,0.4043392539024353,0.10114160180091858
YHR122W,YIL005W,0,3.0041368,0.2885292172431946,0.4043392539024353,0.10124173760414124
YBR169C,YLR143W,0,3.0038006,0.28832629323005676,0.4043392539024353,0.10134188085794449
YOR380W,YPR008W,0,3.0027206,0.2881236970424652,0.4043392539024353,0.10144201666116714
YPL133C,YDR004W,0,3.001709,0.28792133927345276,0.4043392539024353,0.1015421599149704
YDR007W,YCL064C,0,3.0015929,0.2877193093299866,0.4043392539024353,0.10164229571819305
YGL076C,YJR084W,0,3.0004115,0.2875175178050995,0.4043392539024353,0.10174243897199631
YBR069C,YKR089C,0,2.9989154,0.28731605410575867,0.4043392539024353,0.10184258222579956
YHR110W,YGR129W,0,2.9981196,0.28711485862731934,0.4043392539024353,0.10194271802902222
YMR183C,YBR301W,0,2.9973667,0.2869139313697815,0.4043392539024353,0.10204286128282547
YNL288W,YLR466W,0,2.996651,0.28671327233314514,0.4043392539024353,0.10214299708604813
YML074C,YLL033W,1,2.9958973,0.28721174597740173,0.40532544255256653,0.10214299708604813
YGL028C,YPL280W,0,2.995703,0.28701117634773254,0.40532544255256653,0.10224314033985138
YDR516C,YDR325W,1,2.9944944,0.2875087261199951,0.40631163120269775,0.10224314033985138
YDR234W,YGL194C,0,2.994355,0.2873082160949707,0.40631163120269775,0.10234328359365463
YGL238W,YDR438W,0,2.9937904,0.28710800409317017,0.40631163120269775,0.10244341939687729
YLL048C,YCL064C,0,2.9920979,0.2869080901145935,0.40631163120269775,0.10254356265068054
YGR193C,YJR108W,0,2.9908912,0.28670841455459595,0.40631163120269775,0.1026436984539032
YPL021W,YLR323C,0,2.9906933,0.28650903701782227,0.40631163120269775,0.10274384170770645
YDR009W,YJL001W,0,2.9904478,0.2863099277019501,0.40631163120269775,0.1028439849615097
YDR235W,YHR157W,0,2.989996,0.28611111640930176,0.40631163120269775,0.10294412076473236
YJL173C,YGL170C,1,2.9893622,0.2866065204143524,0.407297819852829,0.10294412076473236
YDL105W,YKL145W,0,2.9879634,0.2864077687263489,0.407297819852829,0.10304426401853561
YBR089C-A,YCR063W,0,2.987926,0.2862092852592468,0.407297819852829,0.10314439982175827
YBL080C,YGR097W,0,2.987823,0.28601107001304626,0.407297819852829,0.10324454307556152
YPR154W,YBR089C-A,0,2.987426,0.2858131527900696,0.407297819852829,0.10334467887878418
YHR079C-A,YMR190C,1,2.9872568,0.28630706667900085,0.4082840383052826,0.10334467887878418
YDR325W,YMR313C,0,2.9845803,0.28610917925834656,0.4082840383052826,0.10344482213258743
YNL082W,YNL088W,1,2.98432,0.2866021990776062,0.4092702269554138,0.10344482213258743
YCR044C,YNL111C,0,2.9841511,0.28640443086624146,0.4092702269554138,0.10354496538639069
YOR045W,YOL084W,0,2.983863,0.2862069010734558,0.4092702269554138,0.10364510118961334
YGL054C,YPL200W,1,2.9835222,0.2866988182067871,0.41025641560554504,0.10364510118961334
YGL006W,YML076C,0,2.98348,0.28650137782096863,0.41025641560554504,0.1037452444434166
YBR168W,YNR030W,0,2.981292,0.28630420565605164,0.41025641560554504,0.10384538024663925
YLR329W,YPR103W,1,2.981227,0.286795049905777,0.41124260425567627,0.10384538024663925
YIL156W,YLR288C,0,2.9809935,0.28659793734550476,0.41124260425567627,0.1039455235004425
YBR169C,YDR303C,0,2.980551,0.28640109300613403,0.41124260425567627,0.10404566675424576
YLR215C,YPR003C,0,2.9801657,0.2862045168876648,0.41124260425567627,0.10414580255746841
YOR273C,YMR153W,0,2.9789188,0.28600823879241943,0.41124260425567627,0.10424594581127167
YGR129W,YLR092W,0,2.9786804,0.2858121991157532,0.41124260425567627,0.10434608161449432
YHR202W,YFL026W,0,2.9783278,0.2856164276599884,0.41124260425567627,0.10444622486829758
YMR101C,YLR323C,0,2.9775472,0.2854209542274475,0.41124260425567627,0.10454636812210083
YLR284C,YPR188C,0,2.9770467,0.2852257192134857,0.41124260425567627,0.10464650392532349
YKR034W,YER167W,0,2.975209,0.2850307524204254,0.41124260425567627,0.10474664717912674
YJL127C,YPL100W,0,2.974589,0.2848360538482666,0.41124260425567627,0.1048467829823494
YPL209C,YOL116W,0,2.9727724,0.2846416234970093,0.41124260425567627,0.10494692623615265
YFR010W,YDR412W,0,2.9727168,0.28444746136665344,0.41124260425567627,0.1050470694899559
YLL067C,YDL149W,0,2.9722693,0.2842535674571991,0.41124260425567627,0.10514720529317856
YDL081C,YPL018W,0,2.9721727,0.28405994176864624,0.41124260425567627,0.10524734854698181
YOL071W,YDL239C,1,2.9720492,0.2845472991466522,0.4122287929058075,0.10524734854698181
YFL061W,YDL018C,0,2.9714293,0.28435373306274414,0.4122287929058075,0.10534748435020447
YBL035C,YDR407C,0,2.970688,0.28416043519973755,0.4122287929058075,0.10544762760400772
YMR133W,YPL161C,0,2.9693177,0.28396740555763245,0.4122287929058075,0.10554776340723038
YBL087C,YOR363C,0,2.9685566,0.28377461433410645,0.4122287929058075,0.10564790666103363
YHR139C,YHR120W,0,2.9678252,0.28358209133148193,0.4122287929058075,0.10574804991483688
YML011C,YGR296W,0,2.967813,0.2833898365497589,0.4122287929058075,0.10584818571805954
YAL002W,YCR038C,0,2.9673893,0.283197820186615,0.4122287929058075,0.10594832897186279
YJL026W,YER038C,0,2.967263,0.28300610184669495,0.4122287929058075,0.10604846477508545
YLL026W,YBR045C,0,2.9671004,0.282814621925354,0.4122287929058075,0.1061486080288887
YNL251C,YPL189W,0,2.9665267,0.28262338042259216,0.4122287929058075,0.10624875128269196
YDR160W,YDR041W,0,2.965674,0.2824324369430542,0.4122287929058075,0.10634888708591461
YOR172W,YLR313C,0,2.9648507,0.28224173188209534,0.4122287929058075,0.10644903033971786
YGR032W,YDR097C,1,2.9646614,0.2827260494232178,0.4132149815559387,0.10644903033971786
YMR215W,YBR180W,0,2.9641855,0.2825354039669037,0.4132149815559387,0.10654916614294052
YER173W,YLR213C,1,2.9628723,0.2830188572406769,0.41420117020606995,0.10654916614294052
YDR104C,YLR035C,1,2.962345,0.28350168466567993,0.41518738865852356,0.10654916614294052
YHR165C,YPR100W,0,2.9615185,0.2833108901977539,0.41518738865852356,0.10664930939674377
YNL194C,YKR072C,0,2.9609854,0.28312036395072937,0.41518738865852356,0.10674945265054703
YNL051W,YFR038W,0,2.9602642,0.2829301059246063,0.41518738865852356,0.10684958845376968
YPL115C,YJR084W,0,2.9583476,0.2827400863170624,0.41518738865852356,0.10694973170757294
YOR101W,YKL197C,0,2.9569519,0.2825503349304199,0.41518738865852356,0.1070498675107956
YLL039C,YER106W,1,2.9561071,0.28303152322769165,0.4161735773086548,0.1070498675107956
YAL009W,YIL099W,1,2.955104,0.28351205587387085,0.417159765958786,0.1070498675107956
YER032W,YCR038C,0,2.954792,0.28332215547561646,0.417159765958786,0.10715001076459885
YEL001C,YKL051W,0,2.9547265,0.28313252329826355,0.417159765958786,0.1072501465678215
YEL006W,YPL193W,0,2.9539855,0.28294312953948975,0.417159765958786,0.10735028982162476
YBR016W,YNL287W,0,2.9536626,0.28275400400161743,0.417159765958786,0.10745043307542801
YFL026W,YGR142W,0,2.9531274,0.2825651168823242,0.417159765958786,0.10755056887865067
YNL216W,YMR237W,0,2.9526794,0.2823764979839325,0.417159765958786,0.10765071213245392
YMR237W,YDR257C,0,2.9515784,0.2821881175041199,0.417159765958786,0.10775084793567657
YJL181W,YCL044C,0,2.9505851,0.28200000524520874,0.417159765958786,0.10785099118947983
YEL001C,YNR059W,0,2.9503431,0.2818121314048767,0.417159765958786,0.10795113444328308
YDR513W,YLR215C,0,2.9489965,0.2816244959831238,0.417159765958786,0.10805127024650574
YNL233W,YCL051W,0,2.948529,0.28143712878227234,0.417159765958786,0.10815141350030899
YOR192C,YDR372C,0,2.946571,0.28125,0.417159765958786,0.10825154930353165
YPL280W,YBR094W,0,2.946555,0.28106310963630676,0.417159765958786,0.1083516925573349
YDR100W,YLR054C,0,2.942775,0.280876487493515,0.417159765958786,0.10845183581113815
YOL126C,YDR399W,0,2.9425666,0.28069010376930237,0.417159765958786,0.10855197161436081
YGL127C,YOR351C,1,2.9423869,0.2811671197414398,0.41814595460891724,0.10855197161436081
YIL017C,YER096W,1,2.9422004,0.28164348006248474,0.41913214325904846,0.10855197161436081
YNL247W,YDR057W,0,2.9416564,0.28145694732666016,0.41913214325904846,0.10865211486816406
YPR120C,YLR035C,1,2.9404407,0.2819325029850006,0.4201183319091797,0.10865211486816406
YLR377C,YIL038C,0,2.9402578,0.2817460298538208,0.4201183319091797,0.10875225067138672
YMR118C,YBR149W,0,2.9401271,0.2815598249435425,0.4201183319091797,0.10885239392518997
YLR442C,YHL035C,0,2.9394004,0.28137385845184326,0.4201183319091797,0.10895253717899323
YNL025C,YDR078C,0,2.9391117,0.28118813037872314,0.4201183319091797,0.10905267298221588
YIL037C,YLR451W,0,2.9383721,0.28100264072418213,0.4201183319091797,0.10915281623601913
YJL089W,YOL029C,0,2.9368117,0.2808173894882202,0.4201183319091797,0.10925295203924179
YML101C,YOR172W,0,2.9355156,0.2806324064731598,0.4201183319091797,0.10935309529304504
YOR034C,YJR048W,0,2.9351628,0.28044766187667847,0.4201183319091797,0.1094532310962677
YEL039C,YER123W,0,2.935026,0.28026315569877625,0.4201183319091797,0.10955337435007095
YJR153W,YPL097W,0,2.9346273,0.2800788879394531,0.4201183319091797,0.1096535176038742
YGL067W,YKL134C,0,2.9339263,0.2798948884010315,0.4201183319091797,0.10975365340709686
YOL121C,YOR113W,0,2.9333513,0.2797110974788666,0.4201183319091797,0.10985379666090012
YGL098W,YOL051W,0,2.9330957,0.27952754497528076,0.4201183319091797,0.10995393246412277
YHL031C,YIL153W,0,2.9318788,0.27934426069259644,0.4201183319091797,0.11005407571792603
YOL122C,YDR464W,0,2.9311001,0.2791612148284912,0.4201183319091797,0.11015421897172928
YNL243W,YLL014W,0,2.9307745,0.2789783775806427,0.4201183319091797,0.11025435477495193
YIL147C,YLR011W,0,2.9305766,0.2787958085536957,0.4201183319091797,0.11035449802875519
YHR154W,YLR363C,0,2.9285262,0.27861347794532776,0.4201183319091797,0.11045463383197784
YOR016C,YPL061W,0,2.9284494,0.27843138575553894,0.4201183319091797,0.1105547770857811
YNL243W,YGR097W,0,2.927512,0.27824950218200684,0.4201183319091797,0.11065492033958435
YDL239C,YLR320W,1,2.926348,0.2787206172943115,0.4211045503616333,0.11065492033958435
YLR219W,YMR133W,1,2.9258974,0.27919113636016846,0.4220907390117645,0.11065492033958435
YPR105C,YPL253C,0,2.9256337,0.2790091335773468,0.4220907390117645,0.110755056142807
YGR046W,YHR165C,0,2.925615,0.27882736921310425,0.4220907390117645,0.11085519939661026
YFL003C,YNL202W,1,2.9253623,0.279296875,0.42307692766189575,0.11085519939661026
YPR173C,YPL171C,0,2.9238856,0.2791151702404022,0.42307692766189575,0.11095533519983292
YHL024W,YLR343W,1,2.9237537,0.2795838713645935,0.424063116312027,0.11095533519983292
YER149C,YPR120C,0,2.9234474,0.2794021964073181,0.424063116312027,0.11105547845363617
YDR323C,YIL153W,0,2.920449,0.2792207896709442,0.424063116312027,0.11115561425685883
YPL105C,YER014W,0,2.9189622,0.279039591550827,0.424063116312027,0.11125575751066208
YBR162W-A,YNR019W,0,2.9185371,0.27885863184928894,0.424063116312027,0.11135590076446533
YJR052W,YLR460C,0,2.9181743,0.27867791056632996,0.424063116312027,0.11145603656768799
YNL084C,YHR079C-A,1,2.918074,0.27914509177207947,0.4250493049621582,0.11145603656768799
YMR101C,YDR397C,0,2.9165618,0.27896440029144287,0.4250493049621582,0.11155617982149124
YGL006W,YBR005W,0,2.9156492,0.2787839472293854,0.4250493049621582,0.1116563156247139
YKR093W,YCR063W,0,2.9151354,0.27860376238822937,0.4250493049621582,0.11175645887851715
YJL013C,YDR399W,0,2.9144046,0.2784237861633301,0.4250493049621582,0.1118566021323204
YLR234W,YLR330W,1,2.9127734,0.27888959646224976,0.42603549361228943,0.1118566021323204
YOR358W,YGL240W,0,2.912594,0.27870967984199524,0.42603549361228943,0.11195673793554306
YBL051C,YBL005W,0,2.911556,0.27852997183799744,0.42603549361228943,0.11205688118934631
YGL028C,YKL197C,0,2.9115422,0.27835050225257874,0.42603549361228943,0.11215701699256897
YIL038C,YOR227W,0,2.9109697,0.27817127108573914,0.42603549361228943,0.11225716024637222
YNL145W,YDL220C,0,2.9105785,0.27799227833747864,0.42603549361228943,0.11235730350017548
YOL042W,YHR073W,0,2.9102929,0.27781349420547485,0.42603549361228943,0.11245743930339813
YFR024C-A,YMR048W,0,2.9100263,0.27763494849205017,0.42603549361228943,0.11255758255720139
YJR049C,YNL066W,0,2.9080858,0.2774566411972046,0.42603549361228943,0.11265771836042404
YKL129C,YOR330C,0,2.9079015,0.2772785723209381,0.42603549361228943,0.1127578616142273
YNL181W,YOL059W,0,2.9075189,0.27710071206092834,0.42603549361228943,0.11285800486803055
YJR102C,YBL008W,0,2.9071708,0.2769230902194977,0.42603549361228943,0.1129581406712532
YDR323C,YDL102W,0,2.906443,0.27674567699432373,0.42603549361228943,0.11305828392505646
YBR054W,YLR313C,0,2.9063122,0.2765685021877289,0.42603549361228943,0.11315841972827911
YOR117W,YNR059W,0,2.9058626,0.27639156579971313,0.42603549361228943,0.11325856298208237
YPR154W,YLL018C,0,2.9057183,0.2762148380279541,0.42603549361228943,0.11335869878530502
YNL246W,YLR200W,0,2.9049256,0.27603834867477417,0.42603549361228943,0.11345884203910828
YPR114W,YOR247W,0,2.904197,0.27586206793785095,0.42603549361228943,0.11355898529291153
YCR107W,YPL225W,0,2.9030712,0.27568602561950684,0.42603549361228943,0.11365912109613419
YPR055W,YGL171W,0,2.9022734,0.27551019191741943,0.42603549361228943,0.11375926434993744
YHR165C,YHL031C,0,2.9022162,0.27533459663391113,0.42603549361228943,0.1138594001531601
YBR078W,YIL167W,0,2.9017408,0.27515923976898193,0.42603549361228943,0.11395954340696335
YOR032C,YMR262W,0,2.9007885,0.27498409152030945,0.42603549361228943,0.1140596866607666
YIR026C,YGL127C,1,2.9007657,0.27544528245925903,0.42702168226242065,0.1140596866607666
YEL019C,YLL031C,0,2.9001744,0.2752701938152313,0.42702168226242065,0.11415982246398926
YLR004C,YHR158C,0,2.9000025,0.27509528398513794,0.42702168226242065,0.11425996571779251
YJR118C,YJR046W,0,2.8989873,0.27492064237594604,0.42702168226242065,0.11436010152101517
YEL019C,YLR075W,0,2.8988593,0.2747461795806885,0.42702168226242065,0.11446024477481842
YLR193C,YPL235W,0,2.8988488,0.2745719850063324,0.42702168226242065,0.11456038802862167
YOR016C,YML011C,0,2.897892,0.27439796924591064,0.42702168226242065,0.11466052383184433
YHL038C,YDL145C,0,2.8964975,0.274224191904068,0.42702168226242065,0.11476066708564758
YOR049C,YHR035W,0,2.8959494,0.27405062317848206,0.42702168226242065,0.11486080288887024
YAR009C,YPR003C,0,2.8958938,0.2738772928714752,0.42702168226242065,0.11496094614267349
YBL056W,YIL013C,0,2.8955367,0.2737041711807251,0.42702168226242065,0.11506108194589615
YDL240W,YMR205C,0,2.8949368,0.2735312581062317,0.42702168226242065,0.1151612251996994
YGL196W,YCR063W,0,2.893105,0.2733585834503174,0.42702168226242065,0.11526136845350266
YBL031W,YDR019C,0,2.8917487,0.2731861174106598,0.42702168226242065,0.11536150425672531
YER142C,YDR243C,0,2.8914745,0.2730138599872589,0.42702168226242065,0.11546164751052856
YPL209C,YKL006C-A,0,2.891147,0.27284184098243713,0.42702168226242065,0.11556178331375122
YMR040W,YEL027W,0,2.89009,0.27267003059387207,0.42702168226242065,0.11566192656755447
YKL079W,YOL052C-A,0,2.8898342,0.2724984288215637,0.42702168226242065,0.11576206982135773
YDR039C,YLR263W,0,2.8881881,0.2723270356655121,0.42702168226242065,0.11586220562458038
YNL202W,YGL033W,1,2.8873608,0.27278441190719604,0.42800790071487427,0.11586220562458038
YLR315W,YJL179W,0,2.887293,0.2726130783557892,0.42800790071487427,0.11596234887838364
YGL018C,YCR044C,0,2.885598,0.27244192361831665,0.42800790071487427,0.11606248468160629
YNL250W,YDL211C,0,2.8850694,0.2722710072994232,0.42800790071487427,0.11616262793540955
YPL280W,YLR234W,0,2.8837945,0.2721002995967865,0.42800790071487427,0.1162627711892128
YMR072W,YBR049C,0,2.8832686,0.2719298303127289,0.42800790071487427,0.11636290699243546
YHL022C,YDR439W,1,2.8826158,0.27238571643829346,0.4289940893650055,0.11636290699243546
YDL093W,YDR259C,0,2.882551,0.2722152769565582,0.4289940893650055,0.11646305024623871
YNL102W,YBR057C,1,2.882364,0.2726704180240631,0.4299802780151367,0.11646305024623871
YGR244C,YPR007C,0,2.8822043,0.27250000834465027,0.4299802780151367,0.11656318604946136
YNR019W,YPR105C,0,2.8817637,0.27232980728149414,0.4299802780151367,0.11666332930326462
YPR097W,YOR227W,0,2.880828,0.2721598148345947,0.4299802780151367,0.11676347255706787
YKR064W,YPL189W,0,2.8805838,0.271990031003952,0.4299802780151367,0.11686360836029053
YNL103W,YCL064C,0,2.8804586,0.27182045578956604,0.4299802780151367,0.11696375161409378
YDR096W,YIL072W,1,2.880428,0.2722741365432739,0.43096646666526794,0.11696375161409378
YBR218C,YJL216C,0,2.880074,0.2721046209335327,0.43096646666526794,0.11706388741731644
YBL080C,YOR380W,0,2.879791,0.27193528413772583,0.43096646666526794,0.11716403067111969
YML045W,YNL216W,0,2.8795946,0.27176615595817566,0.43096646666526794,0.11726416647434235
YLR234W,YLR219W,1,2.8774319,0.2722187638282776,0.43195265531539917,0.11726416647434235
YGR161C,YPR120C,0,2.8767653,0.2720496952533722,0.43195265531539917,0.1173643097281456
YIL033C,YKL079W,0,2.876082,0.2718808054924011,0.43195265531539917,0.11746445298194885
YPR037C,YPL233W,0,2.875337,0.27171215415000916,0.43195265531539917,0.11756458878517151
YML081W,YGR165W,0,2.8724563,0.2715437114238739,0.43195265531539917,0.11766473203897476
YKR049C,YDR110W,0,2.8719544,0.27137547731399536,0.43195265531539917,0.11776486784219742
YOL104C,YLR028C,1,2.871111,0.2718266248703003,0.4329388439655304,0.11776486784219742
YJR150C,YDL209C,0,2.8709667,0.27165842056274414,0.4329388439655304,0.11786501109600067
YOR380W,YER044C-A,0,2.8703084,0.2714904248714447,0.4329388439655304,0.11796515434980392
YER033C,YBR119W,0,2.8692157,0.2713226079940796,0.4329388439655304,0.11806529015302658
YGL063W,YKR031C,0,2.8687968,0.2711550295352936,0.4329388439655304,0.11816543340682983
YMR081C,YFR050C,0,2.8686397,0.2709876596927643,0.4329388439655304,0.11826556921005249
YGL167C,YER109C,0,2.8686168,0.2708204686641693,0.4329388439655304,0.11836571246385574
YDR439W,YHR184W,1,2.8669264,0.2712700366973877,0.433925062417984,0.11836571246385574
YDR243C,YDR080W,0,2.865764,0.2711029052734375,0.433925062417984,0.118465855717659
YPR175W,YOR250C,0,2.8645074,0.27093595266342163,0.433925062417984,0.11856599152088165
YLR315W,YDL106C,0,2.8631003,0.27076923847198486,0.433925062417984,0.1186661347746849
YGR217W,YLR337C,0,2.8629136,0.2706027030944824,0.433925062417984,0.11876627057790756
YER176W,YPR071W,0,2.86271,0.2704363763332367,0.433925062417984,0.11886641383171082
YEL018W,YBL100W-B,0,2.8621225,0.2702702581882477,0.433925062417984,0.11896654963493347
YMR139W,YJL019W,1,2.8619144,0.2707182466983795,0.43491125106811523,0.11896654963493347
YLR347C,YPL189W,0,2.8612006,0.2705521583557129,0.43491125106811523,0.11906669288873672
YGR060W,YDR359C,0,2.8607507,0.270386278629303,0.43491125106811523,0.11916683614253998
YFR047C,YNR071C,0,2.860635,0.2702205777168274,0.43491125106811523,0.11926697194576263
YBL080C,YDR317W,0,2.8582962,0.2700551152229309,0.43491125106811523,0.11936711519956589
YNL176C,YGR122W,0,2.857145,0.26988983154296875,0.43491125106811523,0.11946725100278854
YNL243W,YPR114W,0,2.8566983,0.2697247564792633,0.43491125106811523,0.1195673942565918
YER176W,YDR273W,0,2.8555286,0.2695598900318146,0.43491125106811523,0.11966753751039505
YPR154W,YEL027W,0,2.8552577,0.26939523220062256,0.43491125106811523,0.1197676733136177
YGR178C,YLR313C,0,2.8542998,0.26923078298568726,0.43491125106811523,0.11986781656742096
YDR243C,YLR190W,0,2.8539941,0.2690665125846863,0.43491125106811523,0.11996795237064362
YBR107C,YHR139C,1,2.853071,0.26951220631599426,0.43589743971824646,0.11996795237064362
YJR132W,YDL105W,0,2.8530385,0.2693479657173157,0.43589743971824646,0.12006809562444687
YDR145W,YKR052C,0,2.85265,0.2691839337348938,0.43589743971824646,0.12016823887825012
YLR215C,YPR128C,0,2.8524923,0.26902008056640625,0.43589743971824646,0.12026837468147278
YCL029C,YML013W,0,2.8523028,0.2688564360141754,0.43589743971824646,0.12036851793527603
YGR024C,YKR049C,0,2.8517382,0.2686930000782013,0.43589743971824646,0.12046865373849869
YJL026W,YOL059W,0,2.85171,0.2685297727584839,0.43589743971824646,0.12056879699230194
YJR153W,YBR065C,0,2.8499227,0.2683667242527008,0.43589743971824646,0.1206689327955246
YGL251C,YML052W,1,2.8483303,0.2688106894493103,0.4368836283683777,0.1206689327955246
YDR427W,YKL197C,0,2.8481958,0.2686476707458496,0.4368836283683777,0.12076907604932785
YPR071W,YFL011W,0,2.8473241,0.26848486065864563,0.4368836283683777,0.1208692193031311
YJR150C,YNR030W,0,2.84721,0.268322229385376,0.4368836283683777,0.12096935510635376
YEL039C,YOR026W,0,2.8465328,0.26815980672836304,0.4368836283683777,0.12106949836015701
YLR234W,YDL209C,0,2.8459904,0.2679975926876068,0.4368836283683777,0.12116963416337967
YPR106W,YGL087C,0,2.8458261,0.2678355574607849,0.4368836283683777,0.12126977741718292
YER028C,YHR001W-A,0,2.845754,0.2676737308502197,0.4368836283683777,0.12136992067098618
YAR033W,YPL176C,0,2.8456314,0.26751208305358887,0.4368836283683777,0.12147005647420883
YMR232W,YDR175C,0,2.845011,0.2673506438732147,0.4368836283683777,0.12157019972801208
YAL056W,YHL022C,1,2.8449557,0.2677925229072571,0.4378698170185089,0.12157019972801208
YOL055C,YDL139C,0,2.8442714,0.2676311135292053,0.4378698170185089,0.12167033553123474
YDR375C,YGL093W,0,2.8441288,0.2674698829650879,0.4378698170185089,0.121770478785038
YFL061W,YOR319W,0,2.8439662,0.2673088610172272,0.4378698170185089,0.12187062203884125
YMR207C,YHR014W,0,2.8437588,0.2671480178833008,0.4378698170185089,0.1219707578420639
YJR050W,YLR384C,0,2.8435912,0.2669873833656311,0.4378698170185089,0.12207090109586716
YDL240W,YLR259C,0,2.8435578,0.26682692766189575,0.4378698170185089,0.12217103689908981
YOR264W,YNR019W,0,2.8428643,0.2666666805744171,0.4378698170185089,0.12227118015289307
YGL142C,YNL076W,0,2.842518,0.2665066123008728,0.4378698170185089,0.12237132340669632
YLR299W,YMR091C,0,2.8419387,0.2663467228412628,0.4378698170185089,0.12247145920991898
YDR178W,YOL029C,0,2.8414838,0.26618704199790955,0.4378698170185089,0.12257160246372223
YHR139C,YPL232W,1,2.8413901,0.2666267156600952,0.43885600566864014,0.12257160246372223
YNL056W,YJR120W,0,2.840106,0.26646706461906433,0.43885600566864014,0.12267173826694489
YPR068C,YDR257C,0,2.8400755,0.2663075923919678,0.43885600566864014,0.12277188152074814
YFR010W,YDR430C,0,2.8399432,0.26614832878112793,0.43885600566864014,0.1228720173239708
YBR085W,YHL035C,0,2.839887,0.2659892439842224,0.43885600566864014,0.12297216057777405
YPL055C,YNL128W,1,2.8395836,0.2664277255535126,0.43984219431877136,0.12297216057777405
YOL132W,YLR248W,1,2.8395092,0.26686567068099976,0.440828412771225,0.12297216057777405
YGR202C,YHR110W,0,2.8379445,0.2667064368724823,0.440828412771225,0.1230723038315773
YBR101C,YHR139C,0,2.837911,0.26654741168022156,0.440828412771225,0.12317243963479996
YNL145W,YLR001C,0,2.8375406,0.26638856530189514,0.440828412771225,0.12327258288860321
YCL051W,YBR149W,0,2.8373349,0.26622989773750305,0.440828412771225,0.12337271869182587
YMR234W,YML076C,0,2.837136,0.2660714387893677,0.440828412771225,0.12347286194562912
YLR052W,YJR096W,0,2.8347602,0.2659131586551666,0.440828412771225,0.12357300519943237
YBR046C,YPR188C,0,2.8337247,0.2657550573348999,0.440828412771225,0.12367314100265503
YER178W,YOR113W,0,2.8335733,0.2655971348285675,0.440828412771225,0.12377328425645828
YBR162W-A,YPR067W,0,2.8330505,0.2654394209384918,0.440828412771225,0.12387342005968094
YLR054C,YHL022C,1,2.8329241,0.26587536931037903,0.4418146014213562,0.12387342005968094
YMR175W,YBR279W,0,2.8323748,0.26571768522262573,0.4418146014213562,0.12397356331348419
YDR009W,YML076C,0,2.831363,0.26556017994880676,0.4418146014213562,0.12407370656728745
YGL098W,YPL116W,0,2.8285434,0.2654028534889221,0.4418146014213562,0.1241738423705101
YER044C-A,YMR133W,1,2.8268678,0.26583778858184814,0.4428007900714874,0.1241738423705101
YER133W,YLR341W,1,2.8263428,0.2662721872329712,0.44378697872161865,0.1241738423705101
YDR471W,YNL025C,0,2.825311,0.2661147117614746,0.44378697872161865,0.12427398562431335
YDR463W,YGR057C,0,2.825057,0.26595744490623474,0.44378697872161865,0.12437412142753601
YOR192C,YDR515W,0,2.824906,0.2658003568649292,0.44378697872161865,0.12447426468133926
YLR284C,YPL100W,0,2.824881,0.265643447637558,0.44378697872161865,0.12457440048456192
YBL013W,YOL126C,0,2.824577,0.2654867172241211,0.44378697872161865,0.12467454373836517
YHR214W,YMR133W,0,2.8224943,0.2653301954269409,0.44378697872161865,0.12477468699216843
YPL141C,YLR247C,0,2.8223097,0.2651738226413727,0.44378697872161865,0.12487482279539108
YLR115W,YLR054C,0,2.8209083,0.26501765847206116,0.44378697872161865,0.12497496604919434
YNL233W,YCR106W,0,2.8197403,0.26486167311668396,0.44378697872161865,0.125075101852417
YLR324W,YGR217W,0,2.8167598,0.2647058963775635,0.44378697872161865,0.12517525255680084
YJR120W,YGR060W,0,2.8161027,0.26455026865005493,0.44378697872161865,0.1252753883600235
YPL140C,YLR382C,0,2.8157377,0.2643948197364807,0.44378697872161865,0.12537552416324615
YDR440W,YNL084C,1,2.8150375,0.26482677459716797,0.4447731673717499,0.12537552416324615
YDL235C,YOR358W,0,2.8146281,0.26467135548591614,0.4447731673717499,0.1254756599664688
YPR067W,YLR361C,0,2.8146095,0.26451611518859863,0.4447731673717499,0.12557581067085266
YML023C,YDR168W,0,2.8139107,0.26436108350753784,0.4447731673717499,0.12567594647407532
YOR018W,YPL210C,0,2.813564,0.264206200838089,0.4447731673717499,0.12577608227729797
YOR258W,YKL080W,0,2.812443,0.26405152678489685,0.4447731673717499,0.12587623298168182
YAL048C,YPR188C,0,2.8118684,0.26389700174331665,0.4447731673717499,0.12597636878490448
YHR111W,YBL063W,0,2.8117,0.26374268531799316,0.4447731673717499,0.12607650458812714
YNL031C,YGL240W,0,2.8113456,0.263588547706604,0.4447731673717499,0.1261766403913498
YNL183C,YIL153W,0,2.810127,0.26343458890914917,0.4447731673717499,0.12627679109573364
YOL009C,YJR150C,0,2.8096344,0.2632807791233063,0.4447731673717499,0.1263769268989563
YOL121C,YOL135C,0,2.809015,0.2631271779537201,0.4447731673717499,0.12647706270217896
YLR345W,YMR091C,0,2.8086963,0.26297375559806824,0.4447731673717499,0.1265772134065628
YBR109C,YML061C,0,2.8085797,0.2628205120563507,0.4447731673717499,0.12667734920978546
YPL013C,YPL248C,0,2.8073356,0.2626674473285675,0.4447731673717499,0.12677748501300812
YKR064W,YNL214W,0,2.8069088,0.26251456141471863,0.4447731673717499,0.12687763571739197
YDL081C,YHL035C,0,2.8035119,0.2623618245124817,0.4447731673717499,0.12697777152061462
YBR049C,YGL226W,0,2.8027933,0.26220929622650146,0.4447731673717499,0.12707790732383728
YMR313C,YOR249C,0,2.8026254,0.26205694675445557,0.4447731673717499,0.12717804312705994
YOL069W,YLR143W,0,2.8021946,0.261904776096344,0.4447731673717499,0.1272781938314438
YBR103W,YPR054W,1,2.8000593,0.2623331546783447,0.4457593560218811,0.1272781938314438
YDR439W,YER023W,0,2.7997649,0.26218098402023315,0.4457593560218811,0.12737832963466644
YJR150C,YLR460C,0,2.7991498,0.2620289921760559,0.4457593560218811,0.1274784654378891
YER033C,YPR034W,0,2.7990935,0.261877179145813,0.4457593560218811,0.12757861614227295
YJL058C,YDR303C,0,2.7986393,0.2617255449295044,0.4457593560218811,0.1276787519454956
YOR156C,YJR050W,0,2.7985344,0.26157405972480774,0.4457593560218811,0.12777888774871826
YOR014W,YNL128W,1,2.798502,0.2620011568069458,0.4467455744743347,0.12777888774871826
YNL183C,YLR019W,0,2.7977414,0.26184970140457153,0.4467455744743347,0.12787902355194092
YDR469W,YKL138C,0,2.7974105,0.261698454618454,0.4467455744743347,0.12797917425632477
YPR095C,YDR160W,0,2.797305,0.26154735684394836,0.4467455744743347,0.12807931005954742
YLR189C,YHL021C,0,2.7971609,0.2613964080810547,0.4467455744743347,0.12817944586277008
YFR024C-A,YHR157W,0,2.7962754,0.2612456679344177,0.4467455744743347,0.12827959656715393
YIL119C,YMR313C,0,2.7949817,0.2610951066017151,0.4467455744743347,0.1283797323703766
YPR105C,YBL005W,0,2.7949188,0.2609446942806244,0.4467455744743347,0.12847986817359924
YPR131C,YJL216C,0,2.79406,0.260794460773468,0.4467455744743347,0.1285800188779831
YKR093W,YMR118C,0,2.7938359,0.26064440608024597,0.4467455744743347,0.12868015468120575
YDR430C,YOL095C,0,2.7929428,0.26049453020095825,0.4467455744743347,0.1287802904844284
YCL035C,YKL005C,0,2.7926686,0.26034483313560486,0.4467455744743347,0.12888042628765106
YGR266W,YJL058C,0,2.7924976,0.2601952850818634,0.4467455744743347,0.1289805769920349
YBR098W,YGL213C,1,2.7910593,0.26061996817588806,0.44773176312446594,0.1289805769920349
YIR025W,YOR177C,1,2.7910078,0.2610441744327545,0.44871795177459717,0.1289805769920349
YOR380W,YNL038W,0,2.7896335,0.2608945071697235,0.44871795177459717,0.12908071279525757
YML095C,YDL222C,1,2.7882688,0.26131805777549744,0.4497041404247284,0.12908071279525757
YDR204W,YBR094W,0,2.7881193,0.26116839051246643,0.4497041404247284,0.12918084859848022
YKL079W,YIR031C,0,2.7876318,0.26101890206336975,0.4497041404247284,0.12928099930286407
YAR009C,YCL016C,0,2.787314,0.260869562625885,0.4497041404247284,0.12938113510608673
YGR024C,YDR122W,0,2.7870262,0.2607204020023346,0.4497041404247284,0.1294812709093094
YCR086W,YDR439W,1,2.7868383,0.2611428499221802,0.4506903290748596,0.1294812709093094
YBR038W,YHR122W,0,2.7860918,0.26099371910095215,0.4506903290748596,0.12958140671253204
YGR032W,YIL112W,1,2.7855546,0.2614155113697052,0.45167651772499084,0.12958140671253204
YNL307C,YBR136W,1,2.785443,0.26183685660362244,0.45266273617744446,0.12958140671253204
YHR157W,YHL035C,0,2.784982,0.26168757677078247,0.45266273617744446,0.1296815574169159
YGL213C,YJL168C,1,2.7834654,0.2621082663536072,0.4536489248275757,0.1296815574169159
YPL056C,YLR011W,0,2.783062,0.2619589865207672,0.4536489248275757,0.12978169322013855
YDL154W,YNL098C,1,2.7829487,0.2623790502548218,0.4546351134777069,0.12978169322013855
YLR102C,YPR068C,0,2.7809935,0.2622298002243042,0.4546351134777069,0.1298818290233612
YPL018W,YGL240W,0,2.7807605,0.26208072900772095,0.4546351134777069,0.12998197972774506
YIL156W,YDR430C,0,2.7803338,0.26193180680274963,0.4546351134777069,0.1300821155309677
YDL154W,YOR330C,0,2.780236,0.26178306341171265,0.4546351134777069,0.13018225133419037
YDR076W,YNL194C,1,2.7798107,0.26220205426216125,0.45562130212783813,0.13018225133419037
YCL067C,YPR141C,0,2.779579,0.26205331087112427,0.45562130212783813,0.13028240203857422
YAL019W,YOL052C-A,0,2.7783434,0.261904776096344,0.45562130212783813,0.13038253784179688
YOL069W,YPL176C,0,2.778328,0.26175636053085327,0.45562130212783813,0.13048267364501953
YLL021W,YKR083C,0,2.7758121,0.26160815358161926,0.45562130212783813,0.1305828094482422
YDR369C,YLR394W,1,2.775245,0.2620260417461395,0.45660749077796936,0.1305828094482422
YNL288W,YML047C,0,2.7749417,0.2618778347969055,0.45660749077796936,0.13068296015262604
YER033C,YDR259C,0,2.772845,0.26172977685928345,0.45660749077796936,0.1307830959558487
YDR513W,YPL253C,0,2.7723246,0.2615819275379181,0.45660749077796936,0.13088323175907135
YLR308W,YER133W,1,2.7721841,0.26199886202812195,0.4575936794281006,0.13088323175907135
YOR363C,YOR227W,0,2.7720265,0.2618510127067566,0.4575936794281006,0.1309833824634552
YLR263W,YHR152W,1,2.772002,0.2622673511505127,0.4585798680782318,0.1309833824634552
YJR084W,YDL145C,0,2.7706845,0.26211950182914734,0.4585798680782318,0.13108351826667786
YOL055C,YGR057C,0,2.7706132,0.2619718313217163,0.4585798680782318,0.1311836540699005
YBL087C,YJR084W,0,2.770466,0.2618243098258972,0.4585798680782318,0.13128378987312317
YDR110W,YFR025C,0,2.7689893,0.26167699694633484,0.4585798680782318,0.13138394057750702
YCL029C,YKL150W,0,2.7688844,0.261529803276062,0.4585798680782318,0.13148407638072968
YDR350C,YIL009W,0,2.768584,0.2613827884197235,0.4585798680782318,0.13158421218395233
YKL185W,YOR068C,0,2.768212,0.26123595237731934,0.4585798680782318,0.13168436288833618
YOR177C,YPL061W,0,2.768191,0.2610892653465271,0.4585798680782318,0.13178449869155884
YDL222C,YLR399C,1,2.7670038,0.2615039348602295,0.4595660865306854,0.13178449869155884
YGL104C,YDR438W,0,2.7654839,0.26135727763175964,0.4595660865306854,0.1318846344947815
YJL012C,YJR120W,0,2.7652092,0.26121076941490173,0.4595660865306854,0.13198478519916534
YNL123W,YJL083W,0,2.764588,0.26106444001197815,0.4595660865306854,0.132084921002388
YLR258W,YDR439W,0,2.7644565,0.2609182596206665,0.4595660865306854,0.13218505680561066
YDR523C,YAR007C,1,2.7641926,0.26133182644844055,0.46055227518081665,0.13218505680561066
YPR003C,YNL029C,0,2.7634714,0.2611856758594513,0.46055227518081665,0.1322851926088333
YDR513W,YFR038W,0,2.7629445,0.261039674282074,0.46055227518081665,0.13238534331321716
YGR004W,YFR040W,0,2.762737,0.260893851518631,0.46055227518081665,0.13248547911643982
YMR224C,YBR023C,1,2.762102,0.2613065242767334,0.4615384638309479,0.13248547911643982
YCL016C,YER102W,0,2.7618082,0.2611607015132904,0.4615384638309479,0.13258561491966248
YPL169C,YPR067W,0,2.7613897,0.26101505756378174,0.4615384638309479,0.13268576562404633
YKR029C,YDR523C,1,2.7605982,0.26142698526382446,0.4625246524810791,0.13268576562404633
YCL051W,YDR176W,0,2.7586324,0.2612813413143158,0.4625246524810791,0.13278590142726898
YDR126W,YFL033C,1,2.75747,0.2616926431655884,0.4635108411312103,0.13278590142726898
YDL240W,YIL075C,0,2.756763,0.2615470290184021,0.4635108411312103,0.13288603723049164
YFR038W,YHL021C,0,2.7562346,0.26140156388282776,0.4635108411312103,0.1329861879348755
YER142C,YPL126W,0,2.756007,0.26125624775886536,0.4635108411312103,0.13308632373809814
YOR373W,YDR207C,1,2.7558098,0.2616666555404663,0.46449702978134155,0.13308632373809814
YKL129C,YJL212C,0,2.7556958,0.2615213692188263,0.46449702978134155,0.1331864595413208
YPL138C,YIL033C,0,2.755405,0.2613762617111206,0.46449702978134155,0.13328659534454346
YLR054C,YBL014C,0,2.7551463,0.26123127341270447,0.46449702978134155,0.1333867460489273
YDR100W,YOL095C,0,2.7548394,0.26108646392822266,0.46449702978134155,0.13348688185214996
YOR229W,YNL098C,1,2.7537644,0.2614958584308624,0.46548324823379517,0.13348688185214996
YAL030W,YDR080W,0,2.7528782,0.2613510489463806,0.46548324823379517,0.13358701765537262
YPL100W,YGL045W,0,2.7522032,0.26120641827583313,0.46548324823379517,0.13368716835975647
YDR367W,YOR372C,0,2.7518504,0.2610619366168976,0.46548324823379517,0.13378730416297913
YMR063W,YBL047C,0,2.7518384,0.26091763377189636,0.46548324823379517,0.13388743996620178
YER179W,YCR106W,0,2.750769,0.2607734799385071,0.46548324823379517,0.13398757576942444
YGR212W,YPR071W,0,2.7507071,0.26062947511672974,0.46548324823379517,0.1340877264738083
YNR048W,YPR155C,0,2.7506754,0.2604856491088867,0.46548324823379517,0.13418786227703094
YKL052C,YDR168W,0,2.7496598,0.26034197211265564,0.46548324823379517,0.1342879980802536
YML059C,YPL203W,0,2.749172,0.2601984441280365,0.46548324823379517,0.13438814878463745
YHR210C,YNL176C,0,2.7491236,0.2600550949573517,0.46548324823379517,0.1344882845878601
YOR172W,YCL064C,0,2.7489307,0.2599118947982788,0.46548324823379517,0.13458842039108276
YKL197C,YLR337C,0,2.7482493,0.25976884365081787,0.46548324823379517,0.1346885710954666
YOL069W,YML096W,0,2.7475798,0.25962597131729126,0.46548324823379517,0.13478870689868927
YPL168W,YER032W,0,2.7471972,0.2594832181930542,0.46548324823379517,0.13488884270191193
YOL032W,YHL050C,0,2.7469823,0.25934067368507385,0.46548324823379517,0.13498897850513458
YHR197W,YKR031C,0,2.7463148,0.25919824838638306,0.46548324823379517,0.13508912920951843
YJR153W,YCL035C,0,2.7462747,0.2590559720993042,0.46548324823379517,0.1351892650127411
YJL054W,YNL036W,0,2.7462273,0.25891387462615967,0.46548324823379517,0.13528940081596375
YOL096C,YER129W,0,2.746044,0.2587719261646271,0.46548324823379517,0.1353895515203476
YHR009C,YDR386W,0,2.7456362,0.2586301267147064,0.46548324823379517,0.13548968732357025
YOR049C,YBL091C,0,2.7451427,0.2584885060787201,0.46548324823379517,0.1355898231267929
YDR309C,YPR199C,0,2.74478,0.2583470046520233,0.46548324823379517,0.13568995893001556
YOR253W,YKL197C,0,2.7444928,0.25820568203926086,0.46548324823379517,0.13579010963439941
YOR373W,YLR035C,1,2.7440922,0.258611261844635,0.4664694368839264,0.13579010963439941
YAL009W,YLL005C,1,2.743983,0.25901639461517334,0.4674556255340576,0.13579010963439941
YPL193W,YDR080W,0,2.7430134,0.25887492299079895,0.4674556255340576,0.13589024543762207
YNL312W,YDR207C,1,2.7430022,0.2592794895172119,0.46844181418418884,0.13589024543762207
YJR150C,YDR437W,0,2.7422843,0.2591380178928375,0.46844181418418884,0.13599038124084473
YNL210W,YJL019W,1,2.7420413,0.25954198837280273,0.46942800283432007,0.13599038124084473
YLR347C,YBL013W,0,2.7418067,0.25940054655075073,0.46942800283432007,0.13609053194522858
YDR422C,YER149C,0,2.741701,0.25925925374031067,0.46942800283432007,0.13619066774845123
YJR153W,YHR190W,0,2.7416632,0.25911813974380493,0.46942800283432007,0.1362908035516739
YJR035W,YOL059W,0,2.7410395,0.25897714495658875,0.46942800283432007,0.13639095425605774
YPL061W,YOR113W,0,2.7404714,0.2588363289833069,0.46942800283432007,0.1364910900592804
YAL007C,YJR052W,0,2.7392154,0.25869566202163696,0.46942800283432007,0.13659122586250305
YOR068C,YBR085W,0,2.7384298,0.258555144071579,0.46942800283432007,0.1366913616657257
YBL035C,YPR180W,0,2.7349532,0.25841477513313293,0.46942800283432007,0.13679151237010956
YDL098C,YDL160C,0,2.7349336,0.25827455520629883,0.46942800283432007,0.13689164817333221
YBR279W,YHR090C,0,2.7344167,0.25813448429107666,0.46942800283432007,0.13699178397655487
YCR107W,YHL031C,0,2.7342007,0.2579945921897888,0.46942800283432007,0.13709193468093872
YOR316C,YER038C,0,2.7336173,0.2578548192977905,0.46942800283432007,0.13719207048416138
YBR049C,YCR063W,0,2.7334924,0.25771522521972656,0.46942800283432007,0.13729220628738403
YOR191W,YJL058C,0,2.7334452,0.25757575035095215,0.46942800283432007,0.1373923420906067
YBR268W,YMR275C,0,2.7332957,0.25743645429611206,0.46942800283432007,0.13749249279499054
YIL017C,YBR045C,1,2.7327483,0.25783783197402954,0.4704141914844513,0.13749249279499054
YIL022W,YER081W,0,2.7320883,0.25769853591918945,0.4704141914844513,0.1375926285982132
YGR024C,YKR100C,0,2.731558,0.2575593888759613,0.4704141914844513,0.13769276440143585
YDR441C,YDL209C,0,2.7314982,0.2574203908443451,0.4704141914844513,0.1377929151058197
YMR190C,YGR109C,1,2.7311103,0.2578209340572357,0.4714003801345825,0.1377929151058197
YJR084W,YDL113C,0,2.7310565,0.2576819360256195,0.4714003801345825,0.13789305090904236
YGR120C,YBR146W,0,2.7309475,0.2575431168079376,0.4714003801345825,0.13799318671226501
YMR232W,YJR050W,0,2.7303665,0.2574044167995453,0.4714003801345825,0.13809333741664886
YPL224C,YNL123W,0,2.7299125,0.2572658658027649,0.4714003801345825,0.13819347321987152
YLR343W,YER133W,1,2.7285933,0.2576654255390167,0.47238659858703613,0.13819347321987152
YJL216C,YDR087C,0,2.7281723,0.25752687454223633,0.47238659858703613,0.13829360902309418
YLR006C,YDR412W,0,2.7276843,0.25738850235939026,0.47238659858703613,0.13839374482631683
YDR148C,YPR086W,0,2.727614,0.25725027918815613,0.47238659858703613,0.13849389553070068
YOR230W,YDR446W,1,2.726724,0.25764894485473633,0.47337278723716736,0.13849389553070068
YJL057C,YLR377C,0,2.7264798,0.2575107216835022,0.47337278723716736,0.13859403133392334
YIL144W,YGR165W,0,2.725377,0.25737264752388,0.47337278723716736,0.138694167137146
YBL080C,YDR204W,0,2.7251306,0.25723472237586975,0.47337278723716736,0.13879431784152985
YGR097W,YOR260W,0,2.7248685,0.25709694623947144,0.47337278723716736,0.1388944536447525
YGR059W,YML052W,1,2.7242546,0.25749465823173523,0.4743589758872986,0.1388944536447525
YBR146W,YHR157W,0,2.7235081,0.2573568820953369,0.4743589758872986,0.13899458944797516
YBR180W,YGR109C,1,2.721721,0.25775399804115295,0.4753451645374298,0.13899458944797516
YDR004W,YOR011W,0,2.7217052,0.257616251707077,0.4753451645374298,0.13909472525119781
YLR054C,YPR103W,1,2.7216754,0.2580128312110901,0.47633135318756104,0.13909472525119781
YKL026C,YPL120W,0,2.7214983,0.2578750550746918,0.47633135318756104,0.13919487595558167
YGL099W,YNL128W,1,2.720725,0.25827106833457947,0.47731754183769226,0.13919487595558167
YDL194W,YBR082C,1,2.7200224,0.25866666436195374,0.4783037602901459,0.13919487595558167
YLR059C,YOR019W,0,2.7196813,0.25852879881858826,0.4783037602901459,0.13929501175880432
YPR008W,YPR106W,0,2.71777,0.25839105248451233,0.4783037602901459,0.13939514756202698
YDR427W,YPL076W,0,2.716923,0.25825345516204834,0.4783037602901459,0.13949529826641083
YNL001W,YLR234W,1,2.7167583,0.25864821672439575,0.4792899489402771,0.13949529826641083
YGL250W,YLR399C,1,2.7165792,0.25904256105422974,0.4802761375904083,0.13949529826641083
YKL002W,YJL216C,0,2.7162411,0.2589048445224762,0.4802761375904083,0.13959543406963348
YEL018W,YGR122W,0,2.7152402,0.2587672770023346,0.4802761375904083,0.13969556987285614
YAR033W,YBR121C,0,2.7143066,0.25862985849380493,0.4802761375904083,0.13979572057724
YDR204W,YKL079W,0,2.7137408,0.2584925591945648,0.4802761375904083,0.13989585638046265
YCL016C,YLR150W,0,2.713207,0.25835543870925903,0.4802761375904083,0.1399959921836853
YDR375C,YIR031C,0,2.712595,0.2582184374332428,0.4802761375904083,0.14009612798690796
YKR029C,YDR451C,1,2.711686,0.2586115598678589,0.48126232624053955,0.14009612798690796
YFR010W,YKR034W,0,2.7107148,0.25847458839416504,0.48126232624053955,0.1401962786912918
YLR092W,YKL039W,0,2.7105768,0.25833773612976074,0.48126232624053955,0.14029641449451447
YHR073W,YDL145C,0,2.7099144,0.25820106267929077,0.48126232624053955,0.14039655029773712
YKR034W,YFR025C,0,2.7097843,0.25806450843811035,0.48126232624053955,0.14049670100212097
YGL158W,YIR026C,1,2.7091043,0.25845664739608765,0.4822485148906708,0.14049670100212097
YIL119C,YIL107C,0,2.707897,0.2583201229572296,0.4822485148906708,0.14059683680534363
YOR091W,YBR005W,0,2.7076204,0.2581837475299835,0.4822485148906708,0.14069697260856628
YOR158W,YBR180W,0,2.7059422,0.258047491312027,0.4822485148906708,0.14079712331295013
YDR145W,YBR295W,0,2.7057087,0.2579113841056824,0.4822485148906708,0.1408972591161728
YDL091C,YCR063W,0,2.7047317,0.2577754259109497,0.4822485148906708,0.14099739491939545
YLR190W,YHR150W,0,2.7045295,0.257639616727829,0.4822485148906708,0.1410975307226181
YHR035W,YOR156C,0,2.7044742,0.2575039565563202,0.4822485148906708,0.14119768142700195
YAR009C,YFR034C,0,2.703973,0.25736841559410095,0.4822485148906708,0.1412978172302246
YGR212W,YLR345W,0,2.703684,0.25723302364349365,0.4822485148906708,0.14139795303344727
YDR160W,YLR451W,0,2.7030132,0.2570977807044983,0.4822485148906708,0.14149810373783112
YLR329W,YKR029C,1,2.702514,0.2574881911277771,0.483234703540802,0.14149810373783112
YCR035C,YKR083C,0,2.7024944,0.25735294818878174,0.483234703540802,0.14159823954105377
YCR092C,YLR330W,1,2.702347,0.2577427923679352,0.4842209219932556,0.14159823954105377
YBR162C,YDR005C,0,2.7023122,0.2576075494289398,0.4842209219932556,0.14169837534427643
YDR367W,YLR337C,0,2.7021472,0.2574724555015564,0.4842209219932556,0.14179851114749908
YLR194C,YPL235W,0,2.7020333,0.2573375403881073,0.4842209219932556,0.14189866185188293
YER031C,YNL250W,0,2.6999025,0.25720271468162537,0.4842209219932556,0.1419987976551056
YNL111C,YBL047C,0,2.6997964,0.25706806778907776,0.4842209219932556,0.14209893345832825
YDR148C,YGR005C,0,2.6992722,0.2569335401058197,0.4842209219932556,0.1421990841627121
YMR261C,YGR007W,0,2.6987007,0.2567991614341736,0.4842209219932556,0.14229921996593475
YIL106W,YAL007C,0,2.6985743,0.2566649317741394,0.4842209219932556,0.1423993557691574
YMR081C,YCL051W,0,2.6980789,0.2565308213233948,0.4842209219932556,0.14249950647354126
YPL209C,YBR094W,0,2.69721,0.2563968598842621,0.4842209219932556,0.14259964227676392
YKR049C,YMR207C,0,2.6971114,0.25626304745674133,0.4842209219932556,0.14269977807998657
YLR426W,YOR081C,0,2.695851,0.25612935423851013,0.4842209219932556,0.14279991388320923
YNL288W,YLL067C,0,2.6955864,0.25599583983421326,0.4842209219932556,0.14290006458759308
YOL116W,YGR245C,0,2.6954129,0.25586241483688354,0.4842209219932556,0.14300020039081573
YGL025C,YOR259C,0,2.695248,0.25572916865348816,0.4842209219932556,0.1431003361940384
YJL080C,YBR098W,1,2.6945958,0.2561165988445282,0.48520711064338684,0.1431003361940384
YMR081C,YDR188W,0,2.693927,0.2559833526611328,0.48520711064338684,0.14320048689842224
YBR101C,YMR040W,0,2.6931534,0.255850225687027,0.48520711064338684,0.1433006227016449
YDR261C,YGR260W,0,2.6929524,0.2557172477245331,0.48520711064338684,0.14340075850486755
YER142C,YLL067C,0,2.6925783,0.2555844187736511,0.48520711064338684,0.1435008943080902
YOR247W,YNR059W,0,2.692085,0.2554517090320587,0.48520711064338684,0.14360104501247406
YJL069C,YML047C,0,2.6920202,0.25531914830207825,0.48520711064338684,0.14370118081569672
YNL142W,YPL193W,0,2.6919663,0.2551867365837097,0.48520711064338684,0.14380131661891937
YOL154W,YML041C,0,2.6917808,0.25505444407463074,0.48520711064338684,0.14390146732330322
YPL280W,YIL068C,0,2.6917732,0.2549222707748413,0.48520711064338684,0.14400160312652588
YHR035W,YKR027W,0,2.691302,0.2547902762889862,0.48520711064338684,0.14410173892974854
YKL063C,YJL083W,0,2.6909602,0.25465837121009827,0.48520711064338684,0.14420188963413239
YNL164C,YMR133W,0,2.6894991,0.25452664494514465,0.48520711064338684,0.14430202543735504
YPR008W,YMR002W,0,2.6892948,0.2543950378894806,0.48520711064338684,0.1444021612405777
YFL011W,YDR407C,0,2.6890373,0.25426357984542847,0.48520711064338684,0.14450229704380035
YLR360W,YMR009W,0,2.6885128,0.2541322410106659,0.48520711064338684,0.1446024477481842
YAL028W,YOR258W,0,2.6868012,0.25400102138519287,0.48520711064338684,0.14470258355140686
YNL025C,YGL240W,0,2.6862967,0.2538699805736542,0.48520711064338684,0.14480271935462952
YPL224C,YGL238W,0,2.686145,0.25373902916908264,0.48520711064338684,0.14490287005901337
YOL032W,YDR259C,0,2.6857378,0.25360825657844543,0.48520711064338684,0.14500300586223602
YNL307C,YDR076W,1,2.6854389,0.25399279594421387,0.48619329929351807,0.14500300586223602
YFL005W,YDR325W,1,2.6852093,0.25437691807746887,0.4871794879436493,0.14500300586223602
YPL120W,YJL168C,0,2.684344,0.2542459964752197,0.4871794879436493,0.14510314166545868
YJR052W,YPL145C,0,2.6842964,0.2541152238845825,0.4871794879436493,0.14520327746868134
YDR190C,YKR052C,0,2.6838973,0.25398457050323486,0.4871794879436493,0.14530342817306519
YMR275C,YGL192W,0,2.6838098,0.25385406613349915,0.4871794879436493,0.14540356397628784
YGR032W,YDR451C,1,2.6831005,0.2542372941970825,0.4881656765937805,0.14540356397628784
YER033C,YDR045C,0,2.6828556,0.2541067898273468,0.4881656765937805,0.1455036997795105
YMR318C,YLR345W,0,2.6828008,0.25397640466690063,0.4881656765937805,0.14560385048389435
YBR069C,YHR210C,0,2.6817024,0.2538461685180664,0.4881656765937805,0.145703986287117
YER139C,YPL248C,0,2.6804223,0.25371605157852173,0.4881656765937805,0.14580412209033966
YDL091C,YDR110W,0,2.6802783,0.2535860538482666,0.4881656765937805,0.1459042727947235
YDR004W,YDR384C,0,2.6800382,0.2534562349319458,0.4881656765937805,0.14600440859794617
YPL137C,YGL144C,0,2.679907,0.25332650542259216,0.4881656765937805,0.14610454440116882
YLR413W,YDR273W,0,2.6798084,0.25319692492485046,0.4881656765937805,0.14620468020439148
YPR154W,YNL062C,0,2.6793523,0.2530674934387207,0.4881656765937805,0.14630483090877533
YOR110W,YMR035W,0,2.6792002,0.2529381811618805,0.4881656765937805,0.14640496671199799
YER063W,YLR247C,0,2.6791594,0.25280898809432983,0.4881656765937805,0.14650510251522064
YLR023C,YMR153W,0,2.6787088,0.2526799440383911,0.4881656765937805,0.1466052532196045
YGR108W,YNL128W,1,2.6785882,0.2530612349510193,0.48915186524391174,0.1466052532196045
YJL106W,YPL022W,1,2.677934,0.25344210863113403,0.49013805389404297,0.1466052532196045
YLR324W,YPL233W,0,2.6779087,0.25331294536590576,0.49013805389404297,0.14670538902282715
YAL068C,YMR118C,0,2.6757941,0.25318390130996704,0.49013805389404297,0.1468055248260498
YKL045W,YJL094C,0,2.6743846,0.25305497646331787,0.49013805389404297,0.14690566062927246
YKL080W,YHL035C,0,2.6741717,0.25292620062828064,0.49013805389404297,0.1470058113336563
YDR323C,YPL262W,0,2.67413,0.25279754400253296,0.49013805389404297,0.14710594713687897
YLR442C,YPL173W,0,2.6731393,0.2526690363883972,0.49013805389404297,0.14720608294010162
YER014W,YER060W,0,2.673045,0.252540647983551,0.49013805389404297,0.14730623364448547
YML086C,YBR169C,0,2.6717966,0.2524123787879944,0.49013805389404297,0.14740636944770813
YIL144W,YGL198W,0,2.6712735,0.2522842586040497,0.49013805389404297,0.1475065052509308
YNL233W,YPL140C,0,2.670746,0.25215625762939453,0.49013805389404297,0.14760665595531464
YKL087C,YER071C,0,2.6695063,0.2520284056663513,0.49013805389404297,0.1477067917585373
YGR202C,YPL061W,0,2.6692023,0.25190067291259766,0.49013805389404297,0.14780692756175995
YMR322C,YER060W,0,2.668587,0.25177305936813354,0.49013805389404297,0.1479070633649826
YPR180W,YGL194C,0,2.6676784,0.251645565032959,0.49013805389404297,0.14800721406936646
YOR380W,YGL063W,0,2.6674404,0.25151821970939636,0.49013805389404297,0.1481073498725891
YHR185C,YOR032C,0,2.6670353,0.2513909935951233,0.49013805389404297,0.14820748567581177
YLR417W,YDR386W,0,2.6665783,0.25126391649246216,0.49013805389404297,0.14830763638019562
YOR090C,YNL278W,0,2.6662707,0.2511369287967682,0.49013805389404297,0.14840777218341827
YMR232W,YHL011C,0,2.6660492,0.25101009011268616,0.49013805389404297,0.14850790798664093
YJR084W,YGL144C,0,2.665585,0.25088340044021606,0.49013805389404297,0.14860805869102478
YOR090C,YDL175C,0,2.6653678,0.25075680017471313,0.49013805389404297,0.14870819449424744
YML107C,YKR034W,0,2.6650383,0.25063034892082214,0.49013805389404297,0.1488083302974701
YDL029W,YML052W,1,2.665007,0.2510080635547638,0.4911242723464966,0.1488083302974701
YGR224W,YNR030W,0,2.664253,0.2508816123008728,0.4911242723464966,0.14890846610069275
YPL116W,YDL087C,0,2.6641934,0.25075528025627136,0.4911242723464966,0.1490086168050766
YNL031C,YIL167W,0,2.6638641,0.25062909722328186,0.4911242723464966,0.14910875260829926
YOR338W,YLR394W,1,2.6638398,0.25100603699684143,0.4921104609966278,0.14910875260829926
YER100W,YIL056W,0,2.6638348,0.25087985396385193,0.4921104609966278,0.1492088884115219
YNL286W,YPL010W,0,2.663275,0.2507537603378296,0.4921104609966278,0.14930903911590576
YMR081C,YKR034W,0,2.6625588,0.2506278157234192,0.4921104609966278,0.14940917491912842
YHR158C,YOL059W,0,2.6625228,0.2505020201206207,0.4921104609966278,0.14950931072235107
YOR049C,YDR007W,0,2.6608174,0.25037631392478943,0.4921104609966278,0.14960944652557373
YKR027W,YMR133W,0,2.6603792,0.25025075674057007,0.4921104609966278,0.14970959722995758
YOR004W,YNR019W,0,2.6601672,0.25012531876564026,0.4921104609966278,0.14980973303318024
YHR103W,YLR288C,0,2.6601665,0.25,0.4921104609966278,0.1499098688364029
YDR100W,YDR217C,0,2.659742,0.24987481534481049,0.4921104609966278,0.15001001954078674
YOL009C,YCR038C,0,2.6596084,0.24974974989891052,0.4921104609966278,0.1501101553440094
YOL078W,YDR168W,0,2.6584418,0.2496248185634613,0.4921104609966278,0.15021029114723206
YHR210C,YLR054C,0,2.6582258,0.24950000643730164,0.4921104609966278,0.1503104418516159
YHL025W,YLR067C,0,2.6568787,0.24937531352043152,0.4921104609966278,0.15041057765483856
YLR324W,YMR183C,0,2.6567183,0.24925075471401215,0.4921104609966278,0.15051071345806122
YDR325W,YOR192C,0,2.6553829,0.24912631511688232,0.4921104609966278,0.15061084926128387
YKR031C,YIR026C,1,2.6551125,0.24950100481510162,0.49309664964675903,0.15061084926128387
YKL033W,YDL243C,0,2.6543412,0.2493765652179718,0.49309664964675903,0.15071099996566772
YML081W,YDL149W,0,2.6540983,0.24925224483013153,0.49309664964675903,0.15081113576889038
YPL203W,YDR259C,0,2.6537933,0.249128058552742,0.49309664964675903,0.15091127157211304
YML057W,YKL032C,0,2.653407,0.24900399148464203,0.49309664964675903,0.1510114222764969
YDR080W,YCL039W,0,2.6531713,0.2488800436258316,0.49309664964675903,0.15111155807971954
YLR085C,YJL181W,0,2.6530979,0.24875621497631073,0.49309664964675903,0.1512116938829422
YDR325W,YKL051W,0,2.652819,0.2486325204372406,0.49309664964675903,0.15131182968616486
YAL056W,YBR003W,0,2.6524992,0.24850894510746002,0.49309664964675903,0.1514119803905487
YHR154W,YOR330C,0,2.6522746,0.248385488986969,0.49309664964675903,0.15151211619377136
YJL089W,YER139C,0,2.6511106,0.2482621669769287,0.49309664964675903,0.15161225199699402
YER044C-A,YGR004W,0,2.650779,0.24813896417617798,0.49309664964675903,0.15171240270137787
YNR055C,YBR028C,0,2.6503499,0.2480158656835556,0.49309664964675903,0.15181253850460052
YIL037C,YNL023C,0,2.6502028,0.24789291620254517,0.49309664964675903,0.15191267430782318
YLR390W-A,YGR217W,0,2.6492474,0.24777007102966309,0.49309664964675903,0.15201282501220703
YLR361C,YGL061C,0,2.6490204,0.24764734506607056,0.49309664964675903,0.1521129608154297
YHR185C,YOR372C,0,2.6488006,0.24752475321292877,0.49309664964675903,0.15221309661865234
YDR097C,YJL187C,1,2.647549,0.24789707362651825,0.49408283829689026,0.15221309661865234
YOL084W,YJL026W,0,2.6444058,0.24777448177337646,0.49408283829689026,0.152313232421875
YLR052W,YDR317W,0,2.6438606,0.24765200912952423,0.49408283829689026,0.15241338312625885
YDL139C,YGL049C,0,2.6430242,0.24752964079380035,0.49408283829689026,0.1525135189294815
YOR250C,YGL240W,0,2.642831,0.24740740656852722,0.49408283829689026,0.15261365473270416
YKL149C,YOL059W,0,2.6427555,0.24728529155254364,0.49408283829689026,0.152713805437088
YOL132W,YDR057W,0,2.6423573,0.2471632957458496,0.49408283829689026,0.15281394124031067
YGL005C,YNL240C,0,2.6423447,0.24704141914844513,0.49408283829689026,0.15291407704353333
YGR212W,YER044C-A,0,2.6422017,0.2469196617603302,0.49408283829689026,0.15301421284675598
YBL100W-B,YIL008W,0,2.6415935,0.24679802358150482,0.49408283829689026,0.15311436355113983
YKL132C,YCL039W,0,2.640495,0.2466765195131302,0.49408283829689026,0.1532144993543625
YGL006W,YGL085W,0,2.640193,0.2465551197528839,0.49408283829689026,0.15331463515758514
YDR080W,YGL064C,0,2.6401336,0.24643383920192719,0.49408283829689026,0.153414785861969
YHR185C,YOL023W,0,2.6393764,0.24631267786026,0.49408283829689026,0.15351492166519165
YCL051W,YJL089W,0,2.6389449,0.24619165062904358,0.49408283829689026,0.1536150574684143
YPR114W,YMR118C,0,2.6384318,0.2460707277059555,0.49408283829689026,0.15371520817279816
YPL139C,YDR369C,1,2.638273,0.2464408427476883,0.4950690269470215,0.15371520817279816
YKL141W,YOL069W,0,2.6372197,0.24631991982460022,0.4950690269470215,0.1538153439760208
YBR088C,YLR219W,1,2.6366885,0.2466895580291748,0.4960552155971527,0.1538153439760208
YHL038C,YER176W,0,2.634941,0.24656862020492554,0.4960552155971527,0.15391547977924347
YHR133C,YLR263W,0,2.6341083,0.24644781649112701,0.4960552155971527,0.15401561558246613
YKL033W,YKR075C,0,2.6332831,0.24632713198661804,0.4960552155971527,0.15411576628684998
YHR033W,YMR050C,0,2.6328614,0.24620655179023743,0.4960552155971527,0.15421590209007263
YDL239C,YFL037W,1,2.6319396,0.24657534062862396,0.4970414340496063,0.15421590209007263
YKL141W,YJL012C,0,2.6313136,0.24645476043224335,0.4970414340496063,0.1543160378932953
YJL094C,YHR120W,0,2.6311593,0.24633431434631348,0.4970414340496063,0.15441618859767914
YLR390W-A,YPL040C,0,2.6308663,0.24621397256851196,0.4970414340496063,0.1545163244009018
YFR027W,YPL156C,0,2.6295197,0.24609375,0.4970414340496063,0.15461646020412445
YJL181W,YHL021C,0,2.6288142,0.2459736466407776,0.4970414340496063,0.1547165960073471
YLR324W,YLR075W,0,2.6282938,0.24585366249084473,0.4970414340496063,0.15481674671173096
YHR165C,YBL100W-B,0,2.6282227,0.24573378264904022,0.4970414340496063,0.1549168825149536
YNL156C,YOR330C,0,2.6277683,0.24561403691768646,0.4970414340496063,0.15501701831817627
YBR169C,YJL026W,0,2.6276128,0.24549439549446106,0.4970414340496063,0.15511716902256012
YGR174C,YOR319W,0,2.6274774,0.2453748732805252,0.4970414340496063,0.15521730482578278
YGR080W,YJL179W,0,2.6272933,0.2452554702758789,0.4970414340496063,0.15531744062900543
YKR077W,YNR071C,0,2.6270103,0.24513618648052216,0.4970414340496063,0.15541759133338928
YCR033W,YIL112W,1,2.626885,0.24550315737724304,0.49802762269973755,0.15541759133338928
YKL132C,YHR114W,0,2.626417,0.2453838735818863,0.49802762269973755,0.15551772713661194
YBR073W,YHL022C,1,2.6259434,0.24575036764144897,0.4990138113498688,0.15551772713661194
YPL036W,YNL065W,0,2.6246498,0.24563106894493103,0.4990138113498688,0.1556178629398346
YLR006C,YOL042W,0,2.6224203,0.24551188945770264,0.4990138113498688,0.15571799874305725
YHL028W,YER071C,0,2.6217992,0.2453928291797638,0.4990138113498688,0.1558181494474411
YOR119C,YGR266W,0,2.6214774,0.2452738732099533,0.4990138113498688,0.15591828525066376
YLR277C,YOR195W,0,2.6212008,0.24515503644943237,0.4990138113498688,0.1560184210538864
YNL167C,YPR008W,0,2.6211078,0.245036318898201,0.4990138113498688,0.15611857175827026
YAL030W,YJL216C,0,2.6205907,0.24491772055625916,0.4990138113498688,0.15621870756149292
YJL162C,YJL212C,0,2.6183333,0.24479922652244568,0.4990138113498688,0.15631884336471558
YPL076W,YOL052C-A,0,2.618045,0.24468085169792175,0.4990138113498688,0.15641897916793823
YDR402C,YLR213C,1,2.6171298,0.24504591524600983,0.5,0.15641897916793823
YHR111W,YCL064C,0,2.616421,0.2449275404214859,0.5,0.15651912987232208
YGR235C,YNL161W,0,2.615536,0.24480926990509033,0.5,0.15661926567554474
YOR373W,YDR392W,1,2.6154072,0.24517375230789185,0.5009862184524536,0.15661926567554474
YNL328C,YDR243C,0,2.6147168,0.24505548179149628,0.5009862184524536,0.1567194014787674
YMR081C,YKR027W,0,2.6144283,0.24493731558322906,0.5009862184524536,0.15681955218315125
YKL197C,YAL026C,0,2.6142092,0.2448192834854126,0.5009862184524536,0.1569196879863739
YFR040W,YOL116W,0,2.6135385,0.2447013556957245,0.5009862184524536,0.15701982378959656
YLR288C,YCR038C,0,2.6135337,0.24458353221416473,0.5009862184524536,0.1571199744939804
YER177W,YDL247W,0,2.6132593,0.24446582794189453,0.5009862184524536,0.15722011029720306
YDR464W,YHL035C,0,2.613229,0.24434824287891388,0.5009862184524536,0.15732024610042572
YBR045C,YDR451C,1,2.612634,0.24471153318881989,0.5019723773002625,0.15732024610042572
YJL045W,YNL181W,0,2.6125348,0.24459394812583923,0.5019723773002625,0.15742038190364838
YFL061W,YMR055C,0,2.612298,0.24447646737098694,0.5019723773002625,0.15752053260803223
YNL288W,YLR263W,0,2.6121714,0.244359090924263,0.5019723773002625,0.15762066841125488
YDR280W,YJL216C,0,2.611853,0.2442418485879898,0.5019723773002625,0.15772080421447754
YER046W,YGR109C,1,2.6112714,0.24460431933403015,0.5029585957527161,0.15772080421447754
YDR439W,YHR114W,0,2.6111374,0.24448706209659576,0.5029585957527161,0.1578209549188614
YMR234W,YPL040C,0,2.6103473,0.24436990916728973,0.5029585957527161,0.15792109072208405
YLR102C,YER032W,0,2.609512,0.24425287544727325,0.5029585957527161,0.1580212265253067
YBR160W,YPL017C,1,2.6088765,0.2446146458387375,0.5039447546005249,0.1580212265253067
YDR325W,YBL031W,0,2.608057,0.244497612118721,0.5039447546005249,0.15812137722969055
YBL008W,YDR301W,0,2.6079988,0.24438068270683289,0.5039447546005249,0.1582215130329132
YDR292C,YER081W,0,2.607855,0.24426385760307312,0.5039447546005249,0.15832164883613586
YOR090C,YPL126W,0,2.607001,0.2441471517086029,0.5039447546005249,0.15842178463935852
YOR267C,YDR189W,0,2.6064715,0.24403056502342224,0.5039447546005249,0.15852193534374237
YGL243W,YOR065W,0,2.605855,0.24391408264636993,0.5039447546005249,0.15862207114696503
YOR177C,YAR033W,0,2.6056814,0.24379770457744598,0.5039447546005249,0.15872220695018768
YER044C-A,YNL065W,0,2.6053975,0.24368144571781158,0.5039447546005249,0.15882235765457153
YPL209C,YLR299W,0,2.6053448,0.24356530606746674,0.5039447546005249,0.1589224934577942
YBR078W,YKR034W,0,2.6051376,0.24344925582408905,0.5039447546005249,0.15902262926101685
YKL194C,YER176W,0,2.6049101,0.2433333396911621,0.5039447546005249,0.1591227650642395
YOR045W,YHR185C,0,2.6042137,0.24321751296520233,0.5039447546005249,0.15922291576862335
YOR103C,YML096W,0,2.6031423,0.2431018054485321,0.5039447546005249,0.159323051571846
YJL173C,YMR190C,1,2.602925,0.2434617280960083,0.5049309730529785,0.159323051571846
YGL073W,YER109C,0,2.6028366,0.24334600567817688,0.5049309730529785,0.15942318737506866
YGR078C,YHR110W,0,2.6027997,0.243230402469635,0.5049309730529785,0.15952333807945251
YDR005C,YBR028C,0,2.602762,0.2431149035692215,0.5049309730529785,0.15962347388267517
YCL067C,YHR193C,0,2.6013834,0.24299952387809753,0.5049309730529785,0.15972360968589783
YER173W,YPL200W,1,2.6013772,0.24335862696170807,0.5059171319007874,0.15972360968589783
YHR210C,YPL097W,0,2.6012626,0.2432432472705841,0.5059171319007874,0.15982376039028168
YPL168W,YBL031W,0,2.6000946,0.2431279569864273,0.5059171319007874,0.15992389619350433
YDR375C,YJR046W,0,2.599025,0.24301278591156006,0.5059171319007874,0.160024031996727
YGR193C,YLR220W,0,2.5986907,0.24289773404598236,0.5059171319007874,0.16012416779994965
YCL068C,YOR078W,0,2.598673,0.24278277158737183,0.5059171319007874,0.1602243185043335
YOR156C,YJL180C,0,2.5985775,0.24266792833805084,0.5059171319007874,0.16032445430755615
YPR057W,YOR019W,0,2.5983236,0.24255318939685822,0.5059171319007874,0.1604245901107788
YGR266W,YBL008W,0,2.59771,0.24243856966495514,0.5059171319007874,0.16052474081516266
YPR003C,YNL251C,0,2.597419,0.24232403934001923,0.5059171319007874,0.16062487661838531
YNL102W,YJL001W,1,2.596615,0.24268177151679993,0.506903350353241,0.16062487661838531
YDL100C,YDR545W,0,2.596475,0.2425672560930252,0.506903350353241,0.16072501242160797
YAL030W,YPL135W,0,2.595981,0.24245283007621765,0.506903350353241,0.16082514822483063
YNL020C,YMR237W,0,2.595931,0.24233852326869965,0.506903350353241,0.16092529892921448
YER046W,YFL037W,1,2.5958288,0.24269556999206543,0.5078895688056946,0.16092529892921448
YPR071W,YOL078W,0,2.5952032,0.24258124828338623,0.5078895688056946,0.16102543473243713
YGL061C,YER139C,0,2.5947027,0.24246704578399658,0.5078895688056946,0.1611255705356598
YFL061W,YOL032W,0,2.5946033,0.2423529475927353,0.5078895688056946,0.16122572124004364
YKL045W,YIL106W,0,2.5944598,0.24223895370960236,0.5078895688056946,0.1613258570432663
YFL056C,YMR055C,0,2.593239,0.24212506413459778,0.5078895688056946,0.16142599284648895
YBR136W,YMR167W,1,2.5928824,0.24248120188713074,0.5088757276535034,0.16142599284648895
YER179W,YLR219W,1,2.5925357,0.24283701181411743,0.509861946105957,0.16142599284648895
YEL019C,YNL221C,0,2.591909,0.2427230030298233,0.509861946105957,0.1615261435508728
YBR016W,YKL155C,0,2.5917926,0.24260909855365753,0.509861946105957,0.16162627935409546
YBR016W,YGR003W,0,2.5917714,0.2424953132867813,0.509861946105957,0.16172641515731812
YNL214W,YMR125W,0,2.5917408,0.24238161742687225,0.509861946105957,0.16182655096054077
YCL017C,YJR131W,0,2.5907497,0.24226804077625275,0.509861946105957,0.16192670166492462
YDR513W,YDR464W,0,2.5906975,0.2421545684337616,0.509861946105957,0.16202683746814728
YJL058C,YGL049C,0,2.5893686,0.2420412003993988,0.509861946105957,0.16212697327136993
YOR018W,YHR197W,0,2.588796,0.24192793667316437,0.509861946105957,0.16222712397575378
YHR154W,YOL084W,0,2.5872495,0.2418147772550583,0.509861946105957,0.16232725977897644
YGL104C,YGR097W,0,2.5872414,0.24170173704624176,0.509861946105957,0.1624273955821991
YDR189W,YMR081C,0,2.587206,0.2415887862443924,0.509861946105957,0.16252753138542175
YDL220C,YDR078C,0,2.5858724,0.2414759397506714,0.509861946105957,0.1626276820898056
YLR352W,YGL111W,0,2.5857837,0.24136321246623993,0.509861946105957,0.16272781789302826
YOR172W,YOR060C,0,2.585454,0.24125058948993683,0.509861946105957,0.16282795369625092
YOR018W,YNL111C,0,2.5852306,0.2411380559206009,0.509861946105957,0.16292810440063477
YBR211C,YJL216C,0,2.584944,0.2410256415605545,0.509861946105957,0.16302824020385742
YDR386W,YPR103W,1,2.5843105,0.24137930572032928,0.5108481049537659,0.16302824020385742
YGR032W,YOR373W,1,2.5833116,0.241732656955719,0.5118343234062195,0.16302824020385742
YGL006W,YBL063W,0,2.5826385,0.24162010848522186,0.5118343234062195,0.16312837600708008
YGL098W,YBL005W,0,2.5811718,0.24150767922401428,0.5118343234062195,0.16322852671146393
YMR192W,YHR210C,0,2.5803337,0.24139535427093506,0.5118343234062195,0.16332866251468658
YFL005W,YOR113W,0,2.580178,0.241283118724823,0.5118343234062195,0.16342879831790924
YNL051W,YBR029C,0,2.5794985,0.2411710023880005,0.5118343234062195,0.1635289341211319
YOR358W,YGR040W,0,2.5794168,0.24105899035930634,0.5118343234062195,0.16362908482551575
YEL019C,YDR292C,0,2.579292,0.24094708263874054,0.5118343234062195,0.1637292206287384
YMR175W,YOR320C,0,2.5791366,0.2408352643251419,0.5118343234062195,0.16382935643196106
YDL239C,YDR027C,1,2.5789006,0.24118737876415253,0.5128205418586731,0.16382935643196106
YOL154W,YDR213W,0,2.5787296,0.2410755753517151,0.5128205418586731,0.1639295071363449
YJL059W,YFR050C,0,2.577971,0.2409638613462448,0.5128205418586731,0.16402964293956757
YIR019C,YHR158C,0,2.577944,0.2408522516489029,0.5128205418586731,0.16412977874279022
YNL221C,YLR190W,0,2.577593,0.24074074625968933,0.5128205418586731,0.16422991454601288
YMR313C,YCL054W,0,2.5775115,0.24062934517860413,0.5128205418586731,0.16433006525039673
YBR029C,YPR003C,0,2.5763593,0.24051803350448608,0.5128205418586731,0.16443020105361938
YJL054W,YOR192C,0,2.5760648,0.2404068410396576,0.5128205418586731,0.16453033685684204
YOL078W,YNL055C,0,2.5760615,0.24029575288295746,0.5128205418586731,0.1646304875612259
YMR050C,YKL081W,0,2.5759802,0.2401847541332245,0.5128205418586731,0.16473062336444855
YGR193C,YDR407C,0,2.57561,0.24007387459278107,0.5128205418586731,0.1648307591676712
YPR007C,YPR100W,0,2.5747185,0.2399630844593048,0.5128205418586731,0.16493090987205505
YCL068C,YBR023C,0,2.574567,0.2398523986339569,0.5128205418586731,0.1650310456752777
YDR104C,YHR139C,1,2.5742102,0.240202859044075,0.5138067007064819,0.1650310456752777
YDR040C,YJR054W,0,2.5740325,0.2400921732187271,0.5138067007064819,0.16513118147850037
YCR016W,YDR439W,0,2.574007,0.23998157680034637,0.5138067007064819,0.16523131728172302
YDL098C,YEL039C,0,2.5737104,0.239871084690094,0.5138067007064819,0.16533146798610687
YOL011W,YPR131C,0,2.5725749,0.23976069688796997,0.5138067007064819,0.16543160378932953
YNL001W,YHR079C-A,1,2.572511,0.2401103973388672,0.5147929191589355,0.16543160378932953
YML102W,YHL050C,0,2.5717976,0.23999999463558197,0.5147929191589355,0.16553173959255219
YBR003W,YKL060C,0,2.5716732,0.2398897111415863,0.5147929191589355,0.16563189029693604
YDR325W,YBR016W,0,2.571472,0.2397795170545578,0.5147929191589355,0.1657320261001587
YML052W,YER177W,1,2.5713894,0.2401285618543625,0.5157790780067444,0.1657320261001587
YHR035W,YGR245C,0,2.570936,0.2400183528661728,0.5157790780067444,0.16583216190338135
YER072W,YNR059W,0,2.57058,0.23990826308727264,0.5157790780067444,0.1659323126077652
YMR234W,YOL011W,0,2.570525,0.23979826271533966,0.5157790780067444,0.16603244841098785
YKL141W,YOR172W,0,2.5701482,0.23968836665153503,0.5157790780067444,0.1661325842142105
YHL011C,YOL059W,0,2.5697901,0.23957855999469757,0.5157790780067444,0.16623272001743317
YER179W,YKL040C,0,2.5696557,0.23946885764598846,0.5157790780067444,0.16633287072181702
YPL280W,YHR009C,0,2.5693054,0.2393592745065689,0.5157790780067444,0.16643300652503967
YJR042W,YNL063W,0,2.5684063,0.23924976587295532,0.5157790780067444,0.16653314232826233
YGR080W,YHL026C,0,2.5681221,0.2391403764486313,0.5157790780067444,0.16663329303264618
YML059C,YMR195W,0,2.5669415,0.23903107643127441,0.5157790780067444,0.16673342883586884
YDR392W,YOL090W,1,2.5669386,0.23937870562076569,0.516765296459198,0.16673342883586884
YOR157C,YGR208W,0,2.5659416,0.2392694056034088,0.516765296459198,0.1668335646390915
YER081W,YJL197W,0,2.5658798,0.2391601949930191,0.516765296459198,0.16693370044231415
YIL037C,YOL009C,0,2.5643249,0.23905108869075775,0.516765296459198,0.167033851146698
YLR044C,YNL036W,0,2.5628717,0.23894208669662476,0.516765296459198,0.16713398694992065
YBR003W,YGR296W,0,2.562021,0.23883317410945892,0.516765296459198,0.1672341227531433
YGR225W,YDR440W,1,2.5613263,0.23917995393276215,0.5177514553070068,0.1672341227531433
YBR085W,YIL120W,0,2.5610778,0.2390710413455963,0.5177514553070068,0.16733427345752716
YPR055W,YNL111C,0,2.5600135,0.23896221816539764,0.5177514553070068,0.16743440926074982
YMR139W,YCR033W,1,2.5599656,0.2393084615468979,0.5187376737594604,0.16743440926074982
YOL144W,YIL062C,0,2.559895,0.23919963836669922,0.5187376737594604,0.16753454506397247
YPR134W,YHR014W,0,2.5597353,0.2390909045934677,0.5187376737594604,0.16763469576835632
YPR106W,YPR169W,0,2.5596244,0.23898227512836456,0.5187376737594604,0.16773483157157898
YKL048C,YIL173W,0,2.5592058,0.23887374997138977,0.5187376737594604,0.16783496737480164
YLR352W,YER032W,0,2.5588214,0.23876531422138214,0.5187376737594604,0.1679351031780243
YOR195W,YNL066W,0,2.5587237,0.23865698277950287,0.5187376737594604,0.16803525388240814
YOR242C,YHL024W,1,2.5585856,0.2390022724866867,0.5197238922119141,0.16803525388240814
YDR386W,YLR288C,0,2.5573456,0.23889392614364624,0.5197238922119141,0.1681353896856308
YAR007C,YOR373W,1,2.5569928,0.23923878371715546,0.5207100510597229,0.1681353896856308
YGR174C,YDL243C,0,2.556842,0.239130437374115,0.5207100510597229,0.16823552548885345
YDR276C,YBR301W,0,2.556567,0.2390221804380417,0.5207100510597229,0.1683356761932373
YLR324W,YBR028C,0,2.5562046,0.23891402781009674,0.5207100510597229,0.16843581199645996
YKR053C,YOR383C,0,2.5561311,0.23880596458911896,0.5207100510597229,0.16853594779968262
YBL058W,YJL019W,1,2.5551074,0.23915009200572968,0.5216962695121765,0.16853594779968262
YOR373W,YER133W,1,2.5547264,0.23949390649795532,0.5226824283599854,0.16853594779968262
YKL129C,YCL039W,0,2.5545533,0.239385724067688,0.5226824283599854,0.16863608360290527
YFR027W,YDR308C,0,2.5520422,0.239277645945549,0.5226824283599854,0.16873623430728912
YDL220C,YGR120C,0,2.5517013,0.2391696721315384,0.5226824283599854,0.16883637011051178
YDL091C,YLR215C,0,2.5516388,0.23906180262565613,0.5226824283599854,0.16893650591373444
YDR273W,YLR248W,1,2.5513213,0.23940487205982208,0.523668646812439,0.16893650591373444
YGR204W,YOR113W,0,2.550926,0.23929698765277863,0.523668646812439,0.1690366566181183
YML004C,YPR105C,0,2.5508888,0.23918919265270233,0.523668646812439,0.16913679242134094
YDR386W,YLL040C,1,2.5506852,0.2395317405462265,0.5246548056602478,0.16913679242134094
YLR315W,YLR037C,0,2.5501335,0.2394239455461502,0.5246548056602478,0.1692369282245636
YDL098C,YHR139C,0,2.5501306,0.23931623995304108,0.5246548056602478,0.16933707892894745
YNL287W,YML047C,0,2.5498307,0.2392086386680603,0.5246548056602478,0.1694372147321701
YCR018C,YDR317W,0,2.5497441,0.2391011267900467,0.5246548056602478,0.16953735053539276
YLR085C,YDR515W,0,2.5495627,0.23899370431900024,0.5246548056602478,0.16963748633861542
YFL056C,YER032W,0,2.5475285,0.23888640105724335,0.5246548056602478,0.16973763704299927
YBL035C,YPR141C,0,2.5468256,0.23877917230129242,0.5246548056602478,0.16983777284622192
YBL014C,YBR028C,0,2.5466,0.23867204785346985,0.5246548056602478,0.16993790864944458
YDR490C,YNL287W,0,2.5465333,0.23856502771377563,0.5246548056602478,0.17003805935382843
YCR091W,YLR017W,0,2.546094,0.23845809698104858,0.5246548056602478,0.1701381951570511
YPL176C,YFR053C,0,2.546005,0.2383512556552887,0.5246548056602478,0.17023833096027374
YCR045C,YHR165C,0,2.5434072,0.23824451863765717,0.5246548056602478,0.1703384667634964
YDR244W,YDR359C,0,2.5428045,0.2381378710269928,0.5246548056602478,0.17043861746788025
YGR080W,YPR010C,0,2.5427914,0.2380313128232956,0.5246548056602478,0.1705387532711029
YML133C,YGR055W,0,2.5409458,0.23792485892772675,0.5246548056602478,0.17063888907432556
YDR155C,YPL027W,1,2.540524,0.2382655292749405,0.5256410241127014,0.17063888907432556
YOL116W,YBL047C,0,2.5400023,0.23815907537937164,0.5256410241127014,0.1707390397787094
YNL243W,YAL015C,0,2.5396903,0.23805269598960876,0.5256410241127014,0.17083917558193207
YLR377C,YDR179C,0,2.5380461,0.23794643580913544,0.5256410241127014,0.17093931138515472
YNL051W,YOR252W,0,2.5378644,0.23784025013446808,0.5256410241127014,0.17103946208953857
YHR120W,YDR406W,0,2.5378268,0.23773416876792908,0.5256410241127014,0.17113959789276123
YLL006W,YOL029C,0,2.53728,0.23762817680835724,0.5256410241127014,0.1712397336959839
YNL194C,YGR083C,0,2.5367267,0.23752227425575256,0.5256410241127014,0.17133986949920654
YOR156C,YHR139C,0,2.53627,0.23741647601127625,0.5256410241127014,0.1714400202035904
YOL084W,YPL018W,0,2.53618,0.23731078207492828,0.5256410241127014,0.17154015600681305
YJR120W,YAL068C,0,2.5361462,0.2372051626443863,0.5256410241127014,0.1716402918100357
YPL140C,YPL018W,0,2.5360434,0.23709964752197266,0.5256410241127014,0.17174044251441956
YDL105W,YDR078C,0,2.5358446,0.23699422180652618,0.5256410241127014,0.1718405783176422
YJR049C,YCR038C,0,2.5356445,0.23688888549804688,0.5256410241127014,0.17194071412086487
YBR211C,YLR189C,0,2.5354583,0.23678365349769592,0.5256410241127014,0.17204084992408752
YHR185C,YIL144W,0,2.535363,0.23667851090431213,0.5256410241127014,0.17214100062847137
YML013W,YBR089C-A,0,2.5351217,0.2365734577178955,0.5256410241127014,0.17224113643169403
YGR165W,YOL116W,0,2.535043,0.23646849393844604,0.5256410241127014,0.1723412722349167
YPL138C,YGL196W,0,2.5349295,0.23636363446712494,0.5256410241127014,0.17244142293930054
YGL073W,YBR028C,0,2.5348384,0.236258864402771,0.5256410241127014,0.1725415587425232
YIL017C,YMR001C,1,2.534441,0.23659725487232208,0.526627242565155,0.1725415587425232
YDL175C,YBR101C,0,2.534431,0.23649246990680695,0.526627242565155,0.17264169454574585
YIL087C,YER159C,0,2.5341766,0.23638778924942017,0.526627242565155,0.1727418452501297
YBR016W,YBL031W,0,2.53358,0.23628318309783936,0.526627242565155,0.17284198105335236
YJL054W,YAL015C,0,2.5325382,0.2361786812543869,0.526627242565155,0.172942116856575
YNL243W,YPL179W,0,2.531225,0.2360742688179016,0.526627242565155,0.17304225265979767
YCR106W,YKR083C,0,2.530569,0.23596994578838348,0.526627242565155,0.17314240336418152
YBR046C,YGL115W,0,2.5302775,0.2358657270669937,0.526627242565155,0.17324253916740417
YGL175C,YER020W,1,2.5299554,0.23620308935642242,0.5276134014129639,0.17324253916740417
YBR279W,YLR247C,0,2.5298781,0.23609885573387146,0.5276134014129639,0.17334267497062683
YFR038W,YPL253C,0,2.5297682,0.23599471151828766,0.5276134014129639,0.17344282567501068
YGR208W,YGL240W,0,2.5293028,0.23589065670967102,0.5276134014129639,0.17354296147823334
YJR021C,YLR329W,1,2.5289145,0.23622740805149078,0.5285996198654175,0.17354296147823334
YAL011W,YBR086C,0,2.5286474,0.23612335324287415,0.5285996198654175,0.173643097281456
YDR482C,YBR162C,0,2.5283358,0.23601937294006348,0.5285996198654175,0.17374324798583984
YNL167C,YDR217C,0,2.5277755,0.23591549694538116,0.5285996198654175,0.1738433837890625
YJR150C,YDR300C,0,2.527443,0.23581169545650482,0.5285996198654175,0.17394351959228516
YJR046W,YER005W,0,2.5267699,0.23570799827575684,0.5285996198654175,0.1740436553955078
YDR482C,YGL053W,0,2.5264716,0.235604390501976,0.5285996198654175,0.17414380609989166
YBL013W,YDR002W,0,2.5249555,0.23550087213516235,0.5285996198654175,0.17424394190311432
YMR306W,YBR023C,1,2.5246022,0.23583662509918213,0.5295857787132263,0.17424394190311432
YPL179W,YNL278W,0,2.5238414,0.23573309183120728,0.5295857787132263,0.17434407770633698
YER056C,YNL041C,0,2.5234385,0.23562966287136078,0.5295857787132263,0.17444422841072083
YIL119C,YPL117C,0,2.5227842,0.23552630841732025,0.5295857787132263,0.17454436421394348
YNL180C,YGL194C,0,2.522218,0.23542305827140808,0.5295857787132263,0.17464450001716614
YHR120W,YHL021C,0,2.522114,0.23531989753246307,0.5295857787132263,0.1747446358203888
YJR117W,YPR008W,0,2.522104,0.23521682620048523,0.5295857787132263,0.17484478652477264
YJR046W,YDR284C,0,2.5207055,0.23511382937431335,0.5295857787132263,0.1749449223279953
YDR122W,YNL181W,0,2.5202234,0.23501093685626984,0.5295857787132263,0.17504505813121796
YML041C,YFR030W,0,2.520076,0.23490813374519348,0.5295857787132263,0.1751452088356018
YLR223C,YJL003W,0,2.5200531,0.2348054200410843,0.5295857787132263,0.17524534463882446
YMR306W,YLR330W,1,2.5197232,0.235139861702919,0.5305719971656799,0.17524534463882446
YHR108W,YBR218C,0,2.5195773,0.23503713309764862,0.5305719971656799,0.17534548044204712
YDL113C,YMR156C,0,2.519052,0.2349344938993454,0.5305719971656799,0.17544563114643097
YDL235C,YKR083C,0,2.518971,0.23483194410800934,0.5305719971656799,0.17554576694965363
YHR197W,YGL194C,0,2.5185394,0.23472949862480164,0.5305719971656799,0.17564590275287628
YLR360W,YBR218C,0,2.518174,0.2346271276473999,0.5305719971656799,0.17574603855609894
YDR028C,YLR115W,0,2.517589,0.23452484607696533,0.5305719971656799,0.1758461892604828
YKR093W,YPR008W,0,2.5174065,0.23442265391349792,0.5305719971656799,0.17594632506370544
YLR006C,YLR288C,0,2.5172021,0.23432055115699768,0.5305719971656799,0.1760464608669281
YGL061C,YLR001C,0,2.516896,0.2342185527086258,0.5305719971656799,0.17614661157131195
YML085C,YJR021C,1,2.5168545,0.2345517873764038,0.5315581560134888,0.17614661157131195
YKR075C,YHR110W,0,2.5167053,0.23444975912570953,0.5315581560134888,0.1762467473745346
YOR358W,YKL196C,0,2.5165832,0.23434782028198242,0.5315581560134888,0.17634688317775726
YLR118C,YKL132C,0,2.5164206,0.23424598574638367,0.5315581560134888,0.17644701898097992
YPL203W,YLR288C,0,2.5163393,0.23414422571659088,0.5315581560134888,0.17654716968536377
YLR315W,YCR018C,0,2.5157888,0.23404255509376526,0.5315581560134888,0.17664730548858643
YMR040W,YOR260W,0,2.5150685,0.2339409738779068,0.5315581560134888,0.17674744129180908
YDL175C,YDR111C,0,2.513482,0.2338394820690155,0.5315581560134888,0.17684759199619293
YKR075C,YCL044C,0,2.5129185,0.23373807966709137,0.5315581560134888,0.1769477277994156
YBR180W,YLR337C,0,2.5127625,0.2336367517709732,0.5315581560134888,0.17704786360263824
YKL048C,YPR120C,0,2.512275,0.2335355281829834,0.5315581560134888,0.1771480143070221
YDL003W,YLR347C,0,2.5120745,0.23343439400196075,0.5315581560134888,0.17724815011024475
YJL181W,YPR106W,0,2.5118814,0.23333333432674408,0.5315581560134888,0.1773482859134674
YIL037C,YBR218C,0,2.5116506,0.23323236405849457,0.5315581560134888,0.17744842171669006
YLR017W,YLR313C,0,2.5114598,0.23313148319721222,0.5315581560134888,0.1775485724210739
YHL028W,YNL233W,0,2.5113938,0.23303069174289703,0.5315581560134888,0.17764870822429657
YCR107W,YJL183W,0,2.5083873,0.232929989695549,0.5315581560134888,0.17774884402751923
YOR045W,YDR273W,0,2.5083482,0.23282937705516815,0.5315581560134888,0.17784899473190308
YBR054W,YDR292C,0,2.5078099,0.23272883892059326,0.5315581560134888,0.17794913053512573
YDL003W,YOR109W,0,2.5074074,0.23262840509414673,0.5315581560134888,0.1780492663383484
YLR320W,YML066C,1,2.5070205,0.23295944929122925,0.5325443744659424,0.1780492663383484
YPL116W,YNL045W,0,2.5063202,0.23285898566246033,0.5325443744659424,0.17814940214157104
YNL243W,YLR333C,0,2.5062091,0.23275862634181976,0.5325443744659424,0.1782495528459549
YKL062W,YFR030W,0,2.5051625,0.23265834152698517,0.5325443744659424,0.17834968864917755
YPL203W,YCR063W,0,2.505159,0.23255814611911774,0.5325443744659424,0.1784498244524002
YOR014W,YLR028C,1,2.50508,0.23288850486278534,0.533530592918396,0.1784498244524002
YLR006C,YPL215W,0,2.504329,0.2327882945537567,0.533530592918396,0.17854997515678406
YLR054C,YDR099W,1,2.5043168,0.23311828076839447,0.5345167517662048,0.17854997515678406
YHR149C,YDR406W,0,2.5039113,0.23301805555820465,0.5345167517662048,0.1786501109600067
YAL068C,YIL033C,0,2.503867,0.232917919754982,0.5345167517662048,0.17875024676322937
YDR513W,YDR200C,0,2.5033233,0.2328178733587265,0.5345167517662048,0.17885039746761322
YMR318C,YJR108W,0,2.503165,0.23271790146827698,0.5345167517662048,0.17895053327083588
YAR007C,YHL027W,1,2.5030072,0.233047217130661,0.5355029702186584,0.17895053327083588
YGL116W,YJL216C,0,2.5027783,0.2329472303390503,0.5355029702186584,0.17905066907405853
YBR101C,YLR001C,0,2.5024529,0.23284734785556793,0.5355029702186584,0.1791508048772812
YIL075C,YOR334W,0,2.501735,0.23274753987789154,0.5355029702186584,0.17925095558166504
YPL209C,YGL231C,0,2.5009975,0.2326478213071823,0.5355029702186584,0.1793510913848877
YMR048W,YDR517W,0,2.5005643,0.23254817724227905,0.5355029702186584,0.17945122718811035
YLL006W,YMR133W,0,2.5005033,0.23244863748550415,0.5355029702186584,0.1795513778924942
YML127W,YPR174C,0,2.5004442,0.23234917223453522,0.5355029702186584,0.17965151369571686
YOR267C,YPL169C,0,2.500406,0.23224978148937225,0.5355029702186584,0.17975164949893951
YIL119C,YAL028W,0,2.5001888,0.23215049505233765,0.5355029702186584,0.17985178530216217
YPR017C,YHR090C,0,2.5001557,0.232051283121109,0.5355029702186584,0.17995193600654602
YLR219W,YLR035C,1,2.5001535,0.23237933218479156,0.5364891290664673,0.17995193600654602
YDR439W,YNL180C,0,2.4996455,0.23228010535240173,0.5364891290664673,0.18005207180976868
YLR234W,YMR001C,1,2.499428,0.23260776698589325,0.5374753475189209,0.18005207180976868
YLL024C,YDR040C,0,2.499274,0.23250852525234222,0.5374753475189209,0.18015220761299133
YML059C,YGR161C,0,2.4991665,0.23240938782691956,0.5374753475189209,0.18025235831737518
YHR204W,YBR089C-A,0,2.4987552,0.23231031000614166,0.5374753475189209,0.18035249412059784
YDR178W,YNL251C,0,2.498716,0.23221133649349213,0.5374753475189209,0.1804526299238205
YER142C,YKL054C,0,2.4986687,0.23211243748664856,0.5374753475189209,0.18055278062820435
YML085C,YPL209C,1,2.4981616,0.2324393391609192,0.5384615659713745,0.18055278062820435
YGL158W,YER133W,1,2.498135,0.23276595771312714,0.5394477248191833,0.18055278062820435
YER109C,YHR157W,0,2.4980042,0.2326669543981552,0.5394477248191833,0.180652916431427
YOR119C,YNL054W,0,2.4975338,0.23256802558898926,0.5394477248191833,0.18075305223464966
YJR084W,YOL076W,0,2.4974387,0.23246918618679047,0.5394477248191833,0.18085318803787231
YNL233W,YGL018C,0,2.4967532,0.23237043619155884,0.5394477248191833,0.18095333874225616
YJL059W,YNL246W,0,2.4962938,0.23227176070213318,0.5394477248191833,0.18105347454547882
YMR192W,YNL251C,0,2.495172,0.23217317461967468,0.5394477248191833,0.18115361034870148
YBR003W,YOR254C,0,2.4951205,0.23207467794418335,0.5394477248191833,0.18125376105308533
YDR430C,YAL059W,0,2.4938738,0.23197625577449799,0.5394477248191833,0.18135389685630798
YML045W,YKR079C,0,2.4937003,0.2318779081106186,0.5394477248191833,0.18145403265953064
YIL154C,YIL120W,0,2.4934404,0.23177966475486755,0.5394477248191833,0.1815541684627533
YJL174W,YKL194C,0,2.4925754,0.23168149590492249,0.5394477248191833,0.18165431916713715
YMR175W,YPL140C,0,2.4915822,0.2315834015607834,0.5394477248191833,0.1817544549703598
YHR001W-A,YLL006W,0,2.4910042,0.23148539662361145,0.5394477248191833,0.18185459077358246
YPL171C,YIL173W,0,2.49023,0.23138748109340668,0.5394477248191833,0.1819547414779663
YDR076W,YJL173C,1,2.4889283,0.2317124754190445,0.540433943271637,0.1819547414779663
YNL286W,YDL223C,0,2.488406,0.23161454498767853,0.540433943271637,0.18205487728118896
YGL076C,YBL100W-B,0,2.4883595,0.23151668906211853,0.540433943271637,0.18215501308441162
YAL068C,YLR213C,1,2.4883416,0.23184122145175934,0.5414201021194458,0.18215501308441162
YDL235C,YBR211C,0,2.4881961,0.23174335062503815,0.5414201021194458,0.18225516378879547
YOR156C,YDR516C,0,2.487857,0.23164556920528412,0.5414201021194458,0.18235529959201813
YMR167W,YPL139C,1,2.487146,0.23196963965892792,0.5424063205718994,0.18235529959201813
YDR041W,YER155C,0,2.4869645,0.2318718433380127,0.5424063205718994,0.18245543539524078
YMR224C,YHR184W,1,2.4861872,0.23219552636146545,0.5433924794197083,0.18245543539524078
YNL286W,YPL135W,0,2.4861166,0.23209773004055023,0.5433924794197083,0.18255557119846344
YDR009W,YNL076W,0,2.485778,0.23199999332427979,0.5433924794197083,0.1826557219028473
YML021C,YKR089C,0,2.4854457,0.2319023609161377,0.5433924794197083,0.18275585770606995
YDL113C,YPR148C,0,2.4847388,0.23180480301380157,0.5433924794197083,0.1828559935092926
YMR149W,YLR337C,0,2.484348,0.23170731961727142,0.5433924794197083,0.18295614421367645
YBR169C,YPL176C,0,2.4837754,0.23160992562770844,0.5433924794197083,0.1830562800168991
YHL028W,YDR019C,0,2.4832656,0.23151260614395142,0.5433924794197083,0.18315641582012177
YBR054W,YFL056C,0,2.4827647,0.23141537606716156,0.5433924794197083,0.18325656652450562
YGL219C,YDL211C,0,2.482597,0.23131822049617767,0.5433924794197083,0.18335670232772827
YDR007W,YAL026C,0,2.4825366,0.23122115433216095,0.5433924794197083,0.18345683813095093
YOR129C,YER109C,0,2.4822543,0.2311241626739502,0.5433924794197083,0.18355697393417358
YLR193C,YIR031C,0,2.4819148,0.2310272604227066,0.5433924794197083,0.18365712463855743
YOR049C,YER102W,0,2.4817445,0.23093043267726898,0.5433924794197083,0.1837572604417801
YDR301W,YPL253C,0,2.4815485,0.23083367943763733,0.5433924794197083,0.18385739624500275
YOL144W,YLR313C,0,2.48125,0.23073701560497284,0.5433924794197083,0.1839575469493866
YBR153W,YOR060C,0,2.4806921,0.2306404411792755,0.5433924794197083,0.18405768275260925
YBL056W,YLR102C,0,2.4806097,0.23054392635822296,0.5433924794197083,0.1841578185558319
YJL057C,YIL167W,0,2.4803855,0.23044751584529877,0.5433924794197083,0.18425795435905457
YMR048W,YCR035C,0,2.4794466,0.23035116493701935,0.5433924794197083,0.18435810506343842
YDR289C,YPR105C,0,2.4784164,0.2302549034357071,0.5433924794197083,0.18445824086666107
YGL181W,YMR079W,1,2.4781735,0.23057644069194794,0.5443786978721619,0.18445824086666107
YHR001W-A,YKL005C,0,2.4777918,0.2304801642894745,0.5443786978721619,0.18455837666988373
YNL286W,YBR169C,0,2.4777215,0.2303839772939682,0.5443786978721619,0.18465852737426758
YGL005C,YDR407C,0,2.4773765,0.23028786480426788,0.5443786978721619,0.18475866317749023
YCL017C,YPR134W,0,2.477251,0.23019182682037354,0.5443786978721619,0.1848587989807129
YIL075C,YDR179C,0,2.4764946,0.23009587824344635,0.5443786978721619,0.18495894968509674
YCR045C,YOR253W,0,2.476392,0.23000000417232513,0.5443786978721619,0.1850590854883194
YNL214W,YBR121C,0,2.475647,0.2299042046070099,0.5443786978721619,0.18515922129154205
YNL103W,YNL318C,0,2.4752142,0.2298084944486618,0.5443786978721619,0.1852593570947647
YBR038W,YKR095W,0,2.4751318,0.2297128587961197,0.5443786978721619,0.18535950779914856
YNL180C,YIR031C,0,2.4745674,0.22961729764938354,0.5443786978721619,0.18545964360237122
YFL026W,YGL144C,0,2.474402,0.22952182590961456,0.5443786978721619,0.18555977940559387
YDR451C,YOR073W,1,2.4739842,0.22984206676483154,0.5453649163246155,0.18555977940559387
YOR266W,YCL051W,0,2.4738884,0.22974656522274017,0.5453649163246155,0.18565993010997772
YDR096W,YGL194C,1,2.4738302,0.2300664484500885,0.5463510751724243,0.18565993010997772
YGR120C,YPR057W,0,2.4735758,0.22997094690799713,0.5463510751724243,0.18576006591320038
YMR234W,YBR089C-A,0,2.4732134,0.22987551987171173,0.5463510751724243,0.18586020171642303
YOR049C,YBR295W,0,2.4730217,0.2297801673412323,0.5463510751724243,0.1859603375196457
YGR266W,YNL194C,0,2.4729433,0.22968490421772003,0.5463510751724243,0.18606048822402954
YHR006W,YKL138C,0,2.4727952,0.22958971560001373,0.5463510751724243,0.1861606240272522
YDL105W,YER159C,0,2.4727342,0.2294946163892746,0.5463510751724243,0.18626075983047485
YGR205W,YGL127C,0,2.4721966,0.22939959168434143,0.5463510751724243,0.1863609105348587
YCR092C,YER133W,1,2.472029,0.22971853613853455,0.5473372936248779,0.1863609105348587
YLR193C,YDR009W,0,2.471225,0.22962349653244019,0.5473372936248779,0.18646104633808136
YPR161C,YDR438W,0,2.470865,0.2295285314321518,0.5473372936248779,0.18656118214130402
YKR099W,YER095W,1,2.469207,0.2298470437526703,0.5483234524726868,0.18656118214130402
YHR204W,YLR315W,0,2.4683871,0.2297520637512207,0.5483234524726868,0.18666133284568787
YHR039C,YOR351C,1,2.468194,0.23007021844387054,0.5493096709251404,0.18666133284568787
YMR226C,YGR224W,0,2.4679694,0.22997522354125977,0.5493096709251404,0.18676146864891052
YNL145W,YDR092W,0,2.4676626,0.22988031804561615,0.5493096709251404,0.18686160445213318
YGL018C,YNL066W,0,2.4669335,0.2297854721546173,0.5493096709251404,0.18696174025535583
YOR227W,YHL026C,0,2.466326,0.22969071567058563,0.5493096709251404,0.18706189095973969
YLR004C,YPL043W,0,2.4657528,0.22959604859352112,0.5493096709251404,0.18716202676296234
YDR246W,YER015W,0,2.4657037,0.22950144112110138,0.5493096709251404,0.187262162566185
YIL119C,YDR200C,0,2.4650695,0.2294069230556488,0.5493096709251404,0.18736231327056885
YDL106C,YKL060C,0,2.465021,0.2293124794960022,0.5493096709251404,0.1874624490737915
YLR102C,YLR417W,0,2.4642994,0.22921811044216156,0.5493096709251404,0.18756258487701416
YLL048C,YLR363C,0,2.4642894,0.2291238158941269,0.5493096709251404,0.18766272068023682
YGR059W,YDL222C,1,2.4642537,0.22944079339504242,0.5502958297729492,0.18766272068023682
YFL011W,YHR118C,0,2.4639254,0.22934648394584656,0.5502958297729492,0.18776287138462067
YML098W,YAR009C,0,2.4635932,0.22925226390361786,0.5502958297729492,0.18786300718784332
YGR212W,YML057W,0,2.4623454,0.22915810346603394,0.5502958297729492,0.18796314299106598
YDR407C,YDR381W,0,2.462336,0.22906403243541718,0.5502958297729492,0.18806329369544983
YIL173W,YCR005C,0,2.4618487,0.22897005081176758,0.5502958297729492,0.18816342949867249
YDL243C,YKL063C,0,2.4617655,0.22887612879276276,0.5502958297729492,0.18826356530189514
YDL230W,YPL175W,0,2.4616122,0.2287822812795639,0.5502958297729492,0.188363716006279
YJL181W,YPL262W,0,2.4614575,0.22868852317333221,0.5502958297729492,0.18846385180950165
YGR205W,YMR177W,0,2.4605765,0.2285948395729065,0.5502958297729492,0.1885639876127243
YPR134W,YCR106W,0,2.4600816,0.22850123047828674,0.5502958297729492,0.18866412341594696
YNL137C,YLR313C,0,2.4598658,0.22840769588947296,0.5502958297729492,0.1887642741203308
YOR242C,YMR190C,1,2.4594836,0.228723406791687,0.5512820482254028,0.1887642741203308
YBR130C,YIL038C,0,2.4592073,0.22862985730171204,0.5512820482254028,0.18886440992355347
YOL084W,YHR142W,0,2.4590003,0.22853638231754303,0.5512820482254028,0.18896454572677612
YDR260C,YMR167W,1,2.4589844,0.22885166108608246,0.5522682666778564,0.18896454572677612
YAL056W,YDR523C,1,2.4585562,0.2291666716337204,0.5532544255256653,0.18896454572677612
YPR154W,YOL012C,0,2.4584584,0.22907309234142303,0.5532544255256653,0.18906469643115997
YFR034C,YJR096W,0,2.4579217,0.22897958755493164,0.5532544255256653,0.18916483223438263
YNL001W,YJL106W,1,2.4575672,0.22929416596889496,0.5542406439781189,0.18916483223438263
YLR347C,YIL173W,0,2.457265,0.22920064628124237,0.5542406439781189,0.18926496803760529
YFL026W,YCR021C,0,2.4567478,0.22910721600055695,0.5542406439781189,0.18936510384082794
YCL029C,YDR160W,0,2.4565957,0.2290138602256775,0.5542406439781189,0.1894652545452118
YPL168W,YDR303C,0,2.4542472,0.2289205640554428,0.5542406439781189,0.18956539034843445
YIL120W,YBR193C,0,2.4540262,0.2288273572921753,0.5542406439781189,0.1896655261516571
YLR390W-A,YHL006C,0,2.4531581,0.22873422503471375,0.5542406439781189,0.18976567685604095
YBR046C,YHR158C,0,2.4515376,0.22864116728305817,0.5542406439781189,0.1898658126592636
YMR261C,YEL032W,0,2.4514804,0.22854818403720856,0.5542406439781189,0.18996594846248627
YPL004C,YDR439W,0,2.4514163,0.2284552901983261,0.5542406439781189,0.19006609916687012
YCL051W,YPR057W,0,2.4513643,0.22836245596408844,0.5542406439781189,0.19016623497009277
YJR108W,YPR046W,0,2.4507518,0.22826969623565674,0.5542406439781189,0.19026637077331543
YMR243C,YOR060C,0,2.4505117,0.2281770259141922,0.5542406439781189,0.19036650657653809
YOR298W,YJL019W,1,2.4501894,0.22849026322364807,0.5552268028259277,0.19036650657653809
YIL056W,YGL139W,0,2.449971,0.22839756309986115,0.5552268028259277,0.19046665728092194
YGL127C,YMR224C,1,2.4487112,0.22871045768260956,0.5562130212783813,0.19046665728092194
YBL056W,YLR442C,0,2.4485161,0.22861775755882263,0.5562130212783813,0.1905667930841446
YBL080C,YBR169C,0,2.448447,0.22852511703968048,0.5562130212783813,0.19066692888736725
YCL016C,YDR381W,0,2.4483943,0.2284325659275055,0.5562130212783813,0.1907670795917511
YMR167W,YGR109C,1,2.4480717,0.22874493896961212,0.557199239730835,0.1907670795917511
YHR014W,YPL055C,1,2.4476936,0.22905705869197845,0.5581853985786438,0.1907670795917511
YCR065W,YPR097W,0,2.4469376,0.2289644032716751,0.5581853985786438,0.19086721539497375
YHR103W,YLR337C,0,2.4464378,0.22887182235717773,0.5581853985786438,0.1909673511981964
YOL096C,YHR005C,0,2.4464042,0.22877930104732513,0.5581853985786438,0.19106750190258026
YDR148C,YPR071W,0,2.445656,0.2286868691444397,0.5581853985786438,0.19116763770580292
YPR175W,YBL091C,0,2.4455564,0.22859451174736023,0.5581853985786438,0.19126777350902557
YCL029C,YPL004C,0,2.4451966,0.22850221395492554,0.5581853985786438,0.19136790931224823
YHR122W,YFL005W,0,2.4445832,0.228410005569458,0.5581853985786438,0.19146806001663208
YJR150C,YHR114W,0,2.443788,0.22831787168979645,0.5581853985786438,0.19156819581985474
YPL209C,YHR146W,0,2.443711,0.22822581231594086,0.5581853985786438,0.1916683316230774
YFR040W,YBR180W,0,2.4427347,0.22813381254673004,0.5581853985786438,0.19176848232746124
YDR545W,YOR358W,0,2.4399576,0.2280419021844864,0.5581853985786438,0.1918686181306839
YOR195W,YOR113W,0,2.439922,0.2279500663280487,0.5581853985786438,0.19196875393390656
YGR225W,YAL009W,1,2.4398148,0.22826087474822998,0.5591716170310974,0.19196875393390656
YGR122W,YDL076C,0,2.4396775,0.2281690090894699,0.5591716170310974,0.1920688897371292
YJL096W,YLR194C,0,2.43958,0.228077232837677,0.5591716170310974,0.19216904044151306
YNL048W,YLR259C,0,2.4392931,0.22798553109169006,0.5591716170310974,0.19226917624473572
YPL076W,YKL032C,0,2.4386485,0.2278938889503479,0.5591716170310974,0.19236931204795837
YMR232W,YGR005C,0,2.4383945,0.2278023362159729,0.5591716170310974,0.19246946275234222
YJR046W,YOL116W,0,2.4369905,0.22771084308624268,0.5591716170310974,0.19256959855556488
YDR441C,YJL168C,0,2.4364297,0.22761942446231842,0.5591716170310974,0.19266973435878754
YLR075W,YHR014W,0,2.4364183,0.22752809524536133,0.5591716170310974,0.1927698850631714
YOR019W,YHR080C,0,2.435384,0.227436825633049,0.5591716170310974,0.19287002086639404
YGL175C,YJL173C,1,2.4347737,0.22774659097194672,0.5601577758789062,0.19287002086639404
YBR211C,YOR363C,0,2.4343698,0.2276553064584732,0.5601577758789062,0.1929701566696167
YPL248C,YIL011W,0,2.4343143,0.22756409645080566,0.5601577758789062,0.19307029247283936
YER149C,YHL025W,0,2.4341648,0.2274729609489441,0.5601577758789062,0.1931704431772232
YMR322C,YOR158W,0,2.4333508,0.2273818999528885,0.5601577758789062,0.19327057898044586
YLR299W,YDL076C,0,2.4332488,0.22729091346263885,0.5601577758789062,0.19337071478366852
YDR004W,YPL055C,1,2.4327002,0.22759999334812164,0.5611439943313599,0.19337071478366852
YLR249W,YGR224W,0,2.4325366,0.22750899195671082,0.5611439943313599,0.19347086548805237
YDR386W,YDR402C,1,2.432095,0.22781774401664734,0.5621301531791687,0.19347086548805237
YJL074C,YOR373W,1,2.4319937,0.22812624275684357,0.5631163716316223,0.19347086548805237
YOR258W,YPL049C,0,2.4316676,0.22803513705730438,0.5631163716316223,0.19357100129127502
YPR134W,YNL181W,0,2.4315531,0.22794410586357117,0.5631163716316223,0.19367113709449768
YOR011W,YNL068C,0,2.4314988,0.22785314917564392,0.5631163716316223,0.19377127289772034
YLR413W,YDR246W,0,2.4312232,0.22776226699352264,0.5631163716316223,0.1938714236021042
YKL141W,YNR071C,0,2.4307327,0.22767144441604614,0.5631163716316223,0.19397155940532684
YDR002W,YCL067C,0,2.430525,0.2275807112455368,0.5631163716316223,0.1940716952085495
YMR041C,YHR193C,0,2.430389,0.22749003767967224,0.5631163716316223,0.19417184591293335
YML124C,YHR185C,1,2.430335,0.22779768705368042,0.5641025900840759,0.19417184591293335
YHR119W,YHR185C,1,2.430115,0.2281050980091095,0.5650887489318848,0.19417184591293335
YBL080C,YEL051W,0,2.4300127,0.22801432013511658,0.5650887489318848,0.194271981716156
YJL078C,YFR053C,0,2.429839,0.22792363166809082,0.5650887489318848,0.19437211751937866
YKR096W,YKL048C,0,2.4297554,0.22783300280570984,0.5650887489318848,0.1944722682237625
YOR267C,YIL005W,0,2.4279034,0.22774244844913483,0.5650887489318848,0.19457240402698517
YPR034W,YBR180W,0,2.4276683,0.22765196859836578,0.5650887489318848,0.19467253983020782
YPR071W,YCR038C,0,2.426444,0.2275615632534027,0.5650887489318848,0.19477267563343048
YLR315W,YGL005C,0,2.426374,0.2274712175130844,0.5650887489318848,0.19487282633781433
YPR054W,YER020W,1,2.4255695,0.22777777910232544,0.5660749673843384,0.19487282633781433
YDR412W,YJL216C,0,2.425484,0.22768741846084595,0.5660749673843384,0.194972962141037
YNL103W,YOR193W,0,2.4254282,0.22759714722633362,0.5660749673843384,0.19507309794425964
YGL098W,YLR377C,0,2.425391,0.22750693559646606,0.5660749673843384,0.1951732486486435
YFL026W,YOR048C,0,2.4253335,0.22741679847240448,0.5660749673843384,0.19527338445186615
YIL120W,YNL214W,0,2.4253135,0.22732673585414886,0.5660749673843384,0.1953735202550888
YML120C,YPL063W,0,2.425257,0.22723673284053802,0.5660749673843384,0.19547365605831146
YOR273C,YNL094W,0,2.424199,0.22714681923389435,0.5660749673843384,0.1955738067626953
YLR194C,YOL096C,0,2.422883,0.22705696523189545,0.5660749673843384,0.19567394256591797
YIR019C,YGR004W,0,2.4225342,0.22696718573570251,0.5660749673843384,0.19577407836914062
YER179W,YLR324W,0,2.4223824,0.22687746584415436,0.5660749673843384,0.19587422907352448
YDL113C,YOR241W,0,2.4222176,0.22678783535957336,0.5660749673843384,0.19597436487674713
YAL056W,YGL249W,1,2.4221156,0.22709320485591888,0.5670611262321472,0.19597436487674713
YHR146W,YBR212W,0,2.4216087,0.2270035594701767,0.5670611262321472,0.1960745006799698
YBR065C,YDR100W,0,2.4213245,0.22691397368907928,0.5670611262321472,0.19617465138435364
YDR076W,YBR045C,1,2.420169,0.22721894085407257,0.5680473446846008,0.19617465138435364
YML013W,YIL167W,0,2.4200377,0.22712934017181396,0.5680473446846008,0.1962747871875763
YOR273C,YDR179C,0,2.419423,0.22703981399536133,0.5680473446846008,0.19637492299079895
YNL328C,YGR178C,0,2.4185116,0.22695034742355347,0.5680473446846008,0.1964750587940216
YPL076W,YIR031C,0,2.4180849,0.22686097025871277,0.5680473446846008,0.19657520949840546
YLL048C,YJR084W,0,2.418075,0.22677165269851685,0.5680473446846008,0.1966753453016281
YDR523C,YDR512C,1,2.4178603,0.2270759493112564,0.5690335035324097,0.1966753453016281
YGR235C,YIL037C,0,2.41786,0.22698663175106049,0.5690335035324097,0.19677548110485077
YOR227W,YCL039W,0,2.417405,0.22689735889434814,0.5690335035324097,0.19687563180923462
YBL080C,YPL189W,0,2.4172058,0.22680817544460297,0.5690335035324097,0.19697576761245728
YEL051W,YLR054C,0,2.4168699,0.22671905159950256,0.5690335035324097,0.19707590341567993
YER044C-A,YGL171W,0,2.4166694,0.22663000226020813,0.5690335035324097,0.1971760392189026
YMR118C,YDL087C,0,2.4164913,0.22654102742671967,0.5690335035324097,0.19727618992328644
YGR046W,YML081W,0,2.4164488,0.22645211219787598,0.5690335035324097,0.1973763257265091
YJL174W,YBR091C,0,2.4162977,0.22636328637599945,0.5690335035324097,0.19747646152973175
YKL149C,YOR026W,0,2.4161105,0.2262745052576065,0.5690335035324097,0.1975766122341156
YOR018W,YOR156C,0,2.4157574,0.22618581354618073,0.5690335035324097,0.19767674803733826
YIL154C,YOL051W,0,2.415323,0.22609718143939972,0.5690335035324097,0.1977768838405609
YOR341W,YMR035W,0,2.4145699,0.22600862383842468,0.5690335035324097,0.19787703454494476
YBR211C,YER033C,0,2.4140456,0.22592012584209442,0.5690335035324097,0.19797717034816742
YER100W,YHR005C,0,2.4135308,0.22583170235157013,0.5690335035324097,0.19807730615139008
YPL004C,YOR372C,0,2.4119594,0.2257433533668518,0.5690335035324097,0.19817744195461273
YDR104C,YDR059C,1,2.4118788,0.2260461449623108,0.5700197219848633,0.19817744195461273
YAR042W,YMR215W,0,2.4116004,0.22595778107643127,0.5700197219848633,0.19827759265899658
YMR076C,YCR063W,0,2.4111109,0.22586947679519653,0.5700197219848633,0.19837772846221924
YMR001C,YBR186W,1,2.4104517,0.22617188096046448,0.5710059404373169,0.19837772846221924
YER139C,YOR335C,0,2.4103458,0.22608356177806854,0.5710059404373169,0.1984778642654419
YOL132W,YEL006W,0,2.410228,0.22599531710147858,0.5710059404373169,0.19857801496982574
YBR065C,YCL054W,0,2.409275,0.22590714693069458,0.5710059404373169,0.1986781507730484
YML041C,YGR208W,0,2.4088523,0.22581903636455536,0.5710059404373169,0.19877828657627106
YPL198W,YDL139C,0,2.4088485,0.2257310003042221,0.5710059404373169,0.1988784223794937
YCR105W,YNL130C,0,2.40755,0.22564302384853363,0.5710059404373169,0.19897857308387756
YIL147C,YJL089W,0,2.4071217,0.22555512189865112,0.5710059404373169,0.19907870888710022
YLL039C,YJL080C,1,2.4069648,0.2258566915988922,0.5719920992851257,0.19907870888710022
YOR372C,YDR160W,0,2.4065354,0.2257687747478485,0.5719920992851257,0.19917884469032288
YPL133C,YOR372C,0,2.4061675,0.22568093240261078,0.5719920992851257,0.19927899539470673
YNL294C,YLR399C,1,2.4055243,0.22598211467266083,0.5729783177375793,0.19927899539470673
YPR128C,YDL134C,0,2.4048154,0.2258942425251007,0.5729783177375793,0.19937913119792938
YOL071W,YOL090W,1,2.4038568,0.2261950969696045,0.5739644765853882,0.19937913119792938
YKL054C,YER167W,0,2.403784,0.22610722482204437,0.5739644765853882,0.19947926700115204
YJL001W,YCR038C,0,2.4033363,0.22601941227912903,0.5739644765853882,0.1995794177055359
YPL209C,YCR033W,1,2.4031932,0.22631987929344177,0.5749506950378418,0.1995794177055359
YDR406W,YKR072C,0,2.4029453,0.22623205184936523,0.5749506950378418,0.19967955350875854
YKR099W,YBR082C,1,2.4022605,0.2265321910381317,0.5759368538856506,0.19967955350875854
YLR102C,YIL144W,0,2.401377,0.22644436359405518,0.5759368538856506,0.1997796893119812
YDR268W,YML047C,0,2.4013064,0.2263565957546234,0.5759368538856506,0.19987982511520386
YFL056C,YBL035C,0,2.4011292,0.22626888751983643,0.5759368538856506,0.1999799758195877
YCR107W,YLR007W,0,2.4007256,0.2261812537908554,0.5759368538856506,0.20008011162281036
YJR108W,YML082W,0,2.400309,0.22609369456768036,0.5759368538856506,0.20018024742603302
YMR041C,YKL132C,0,2.4001966,0.22600619494915009,0.5759368538856506,0.20028039813041687
YLR329W,YAL009W,1,2.3999844,0.22630560398101807,0.5769230723381042,0.20028039813041687
YNL063W,YHR133C,0,2.3997557,0.2262181043624878,0.5769230723381042,0.20038053393363953
YBR054W,YJL179W,0,2.3990538,0.2261306494474411,0.5769230723381042,0.20048066973686218
YDR285W,YER095W,1,2.398948,0.22642967104911804,0.5779092907905579,0.20048066973686218
YCR018C,YPL135W,0,2.3984911,0.22634221613407135,0.5779092907905579,0.20058082044124603
YDL091C,YGL025C,0,2.3984375,0.22625482082366943,0.5779092907905579,0.2006809562444687
YLR102C,YMR053C,0,2.3983445,0.2261675000190735,0.5779092907905579,0.20078109204769135
YER176W,YEL024W,0,2.3979328,0.2260802537202835,0.5779092907905579,0.200881227850914
YHL038C,YGL045W,0,2.3979151,0.2259930521249771,0.5779092907905579,0.20098137855529785
YIL147C,YJL083W,0,2.3971803,0.22590593993663788,0.5779092907905579,0.2010815143585205
YML023C,YPL004C,0,2.396537,0.22581888735294342,0.5779092907905579,0.20118165016174316
YJL013C,YNL288W,0,2.3956532,0.22573189437389374,0.5779092907905579,0.20128180086612701
YCR035C,YHL026C,0,2.3953516,0.22564497590065002,0.5779092907905579,0.20138193666934967
YMR261C,YOL051W,0,2.3949192,0.2255581170320511,0.5779092907905579,0.20148207247257233
YOR049C,YDL220C,0,2.394761,0.22547133266925812,0.5779092907905579,0.20158220827579498
YGL025C,YMR149W,0,2.3946526,0.22538462281227112,0.5779092907905579,0.20168235898017883
YMR081C,YJR027W,0,2.394313,0.2252979576587677,0.5779092907905579,0.2017824947834015
YHR210C,YER167W,0,2.393847,0.22521138191223145,0.5779092907905579,0.20188263058662415
YHR088W,YPR105C,0,2.393505,0.22512485086917877,0.5779092907905579,0.201982781291008
YDR345C,YKL026C,0,2.3934534,0.22503840923309326,0.5779092907905579,0.20208291709423065
YOR313C,YNL098C,1,2.3932965,0.22533589601516724,0.5788954496383667,0.20208291709423065
YNL183C,YNL065W,0,2.3932605,0.22524942457675934,0.5788954496383667,0.2021830528974533
YER041W,YIL033C,0,2.3925655,0.2251630276441574,0.5788954496383667,0.20228320360183716
YKR096W,YDL235C,0,2.3909342,0.22507669031620026,0.5788954496383667,0.20238333940505981
YHR073W,YPL040C,0,2.39074,0.22499041259288788,0.5788954496383667,0.20248347520828247
YDL072C,YOL076W,0,2.3905737,0.22490420937538147,0.5788954496383667,0.20258361101150513
YDL105W,YPR155C,0,2.3903031,0.22481808066368103,0.5788954496383667,0.20268376171588898
YMR101C,YJR052W,0,2.3900554,0.22473201155662537,0.5788954496383667,0.20278389751911163
YDR377W,YNL020C,0,2.3893788,0.22464600205421448,0.5788954496383667,0.2028840333223343
YNL233W,YJL216C,0,2.3886838,0.22456006705760956,0.5788954496383667,0.20298418402671814
YLR131C,YDR434W,0,2.3882754,0.22447419166564941,0.5788954496383667,0.2030843198299408
YHR210C,YHR114W,0,2.3880694,0.22438837587833405,0.5788954496383667,0.20318445563316345
YFL049W,YPL168W,0,2.3877747,0.22430263459682465,0.5788954496383667,0.2032845914363861
YKR093W,YOR358W,0,2.386175,0.22421695291996002,0.5788954496383667,0.20338474214076996
YDL220C,YDR395W,0,2.3861513,0.22413134574890137,0.5788954496383667,0.20348487794399261
YOR227W,YKL114C,0,2.3855398,0.2240457981824875,0.5788954496383667,0.20358501374721527
YHR150W,YEL032W,0,2.3854582,0.22396032512187958,0.5788954496383667,0.20368516445159912
YIL153W,YNR038W,0,2.3845997,0.22387491166591644,0.5788954496383667,0.20378530025482178
YML076C,YLL057C,0,2.3843834,0.22378955781459808,0.5788954496383667,0.20388543605804443
YJL186W,YOL023W,0,2.3838003,0.2237042635679245,0.5788954496383667,0.20398558676242828
YOR156C,YOR157C,0,2.3837032,0.22361904382705688,0.5788954496383667,0.20408572256565094
YDL189W,YDL135C,0,2.3835995,0.22353389859199524,0.5788954496383667,0.2041858583688736
YML041C,YPL063W,0,2.3835688,0.22344879806041718,0.5788954496383667,0.20428599417209625
YML081W,YIL154C,0,2.383416,0.22336377203464508,0.5788954496383667,0.2043861448764801
YDL240W,YDL154W,0,2.3819814,0.22327882051467896,0.5788954496383667,0.20448628067970276
YOL023W,YKL129C,0,2.3818944,0.2231939136981964,0.5788954496383667,0.20458641648292542
YIL144W,YOR272W,0,2.3816216,0.22310908138751984,0.5788954496383667,0.20468656718730927
YOR090C,YKL149C,0,2.380335,0.22302430868148804,0.5788954496383667,0.20478670299053192
YNL045W,YJL058C,0,2.3802302,0.2229396104812622,0.5788954496383667,0.20488683879375458
YNL056W,YGL061C,0,2.3800118,0.22285497188568115,0.5788954496383667,0.20498697459697723
YMR041C,YPR007C,0,2.3796742,0.22277039289474487,0.5788954496383667,0.20508712530136108
YGL171W,YPL018W,0,2.37906,0.22268588840961456,0.5788954496383667,0.20518726110458374
YER177W,YKR100C,0,2.3790529,0.22260144352912903,0.5788954496383667,0.2052873969078064
YDR528W,YDL087C,0,2.3785157,0.22251705825328827,0.5788954496383667,0.20538754761219025
YIL007C,YMR274C,0,2.3783903,0.22243273258209229,0.5788954496383667,0.2054876834154129
YJR120W,YCR038C,0,2.3780031,0.22234848141670227,0.5788954496383667,0.20558781921863556
YPL215W,YMR125W,0,2.3771532,0.22226428985595703,0.5788954496383667,0.2056879699230194
YGL061C,YDL139C,0,2.376394,0.22218017280101776,0.5788954496383667,0.20578810572624207
YPL280W,YLR247C,0,2.3757923,0.22209610044956207,0.5788954496383667,0.20588824152946472
YMR237W,YDL211C,0,2.3749917,0.22201210260391235,0.5788954496383667,0.20598837733268738
YCR086W,YNL142W,0,2.3742697,0.2219281643629074,0.5788954496383667,0.20608852803707123
YBR054W,YBL100W-B,0,2.3739333,0.22184430062770844,0.5788954496383667,0.20618866384029388
YDR528W,YPR133C,0,2.373121,0.22176048159599304,0.5788954496383667,0.20628879964351654
YEL001C,YOL042W,0,2.3728917,0.22167673707008362,0.5788954496383667,0.2063889503479004
YNL250W,YJL168C,1,2.372101,0.2219705581665039,0.5798816680908203,0.2063889503479004
YGR235C,YLR288C,0,2.3719485,0.2218867987394333,0.5798816680908203,0.20648908615112305
YDR407C,YOR019W,0,2.3706067,0.22180309891700745,0.5798816680908203,0.2065892219543457
YDL106C,YPL058C,0,2.3705566,0.22171945869922638,0.5798816680908203,0.20668935775756836
YOR081C,YPL146C,0,2.3699348,0.2216358780860901,0.5798816680908203,0.2067895084619522
YGL098W,YIR031C,0,2.3698344,0.22155237197875977,0.5798816680908203,0.20688964426517487
YOR264W,YOR103C,0,2.369693,0.22146892547607422,0.5798816680908203,0.20698978006839752
YGL006W,YGR296W,0,2.3688958,0.22138553857803345,0.5798816680908203,0.20708993077278137
YOL144W,YKL150W,0,2.3687577,0.22130222618579865,0.5798816680908203,0.20719006657600403
YDL175C,YKL194C,0,2.3687499,0.22121895849704742,0.5798816680908203,0.20729020237922668
YGR205W,YHR202W,0,2.3687198,0.22113576531410217,0.5798816680908203,0.20739035308361053
YLR307W,YNR049C,1,2.3673933,0.22142857313156128,0.5808678269386292,0.20739035308361053
YLR215C,YER033C,0,2.3673022,0.22134536504745483,0.5808678269386292,0.2074904888868332
YOR267C,YLR200W,0,2.3663986,0.22126220166683197,0.5808678269386292,0.20759062469005585
YKL045W,YGR080W,0,2.3661177,0.22117912769317627,0.5808678269386292,0.2076907604932785
YJL096W,YDL105W,0,2.3652258,0.22109609842300415,0.5808678269386292,0.20779091119766235
YMR156C,YBR193C,0,2.3652215,0.2210131287574768,0.5808678269386292,0.207891047000885
YNL054W,YER149C,0,2.364371,0.22093023359775543,0.5808678269386292,0.20799118280410767
YHR204W,YLR460C,0,2.3637698,0.22084739804267883,0.5808678269386292,0.20809133350849152
YMR101C,YEL039C,0,2.3631184,0.220764622092247,0.5808678269386292,0.20819146931171417
YOR136W,YLR247C,0,2.3629286,0.22068190574645996,0.5808678269386292,0.20829160511493683
YOL076W,YBL014C,0,2.362861,0.2205992490053177,0.5808678269386292,0.20839175581932068
YML100W,YNL176C,0,2.362004,0.22051666676998138,0.5808678269386292,0.20849189162254333
YGL246C,YMR322C,0,2.3619394,0.22043412923812866,0.5808678269386292,0.208592027425766
YIR025W,YGR253C,1,2.361564,0.22072577476501465,0.5818540453910828,0.208592027425766
YML045W,YHL021C,0,2.3613093,0.22064323723316193,0.5818540453910828,0.20869216322898865
YNL202W,YER133W,1,2.3605223,0.22093458473682404,0.5828402638435364,0.20869216322898865
YGR204W,YMR118C,0,2.3605092,0.22085201740264893,0.5828402638435364,0.2087923139333725
YJL181W,YHR001W-A,0,2.3603616,0.22076952457427979,0.5828402638435364,0.20889244973659515
YOR207C,YLR118C,0,2.3601909,0.22068707644939423,0.5828402638435364,0.2089925855398178
YDL243C,YHL035C,0,2.3589895,0.22060470283031464,0.5828402638435364,0.20909273624420166
YPL203W,YMR101C,0,2.3589323,0.22052238881587982,0.5828402638435364,0.20919287204742432
YOL059W,YGR296W,0,2.3585513,0.22044013440608978,0.5828402638435364,0.20929300785064697
YDL106C,YLR382C,0,2.3581913,0.22035793960094452,0.5828402638435364,0.20939314365386963
YGR032W,YMR063W,1,2.3573384,0.22064852714538574,0.5838264226913452,0.20939314365386963
YLR215C,YAR009C,0,2.3570254,0.22056631743907928,0.5838264226913452,0.20949329435825348
YJL110C,YJR027W,0,2.3565667,0.2204841673374176,0.5838264226913452,0.20959343016147614
YDL018C,YPL076W,0,2.3564465,0.2204020917415619,0.5838264226913452,0.2096935659646988
YLR131C,YBL005W,0,2.3559563,0.22032006084918976,0.5838264226913452,0.20979371666908264
YKL191W,YCL039W,0,2.3554754,0.2202380895614624,0.5838264226913452,0.2098938524723053
YGR253C,YDR403W,1,2.3550298,0.22052808105945587,0.5848126411437988,0.2098938524723053
YGL061C,YGR296W,0,2.354635,0.22044609487056732,0.5848126411437988,0.20999398827552795
YPR173C,YML047C,0,2.3545938,0.22036418318748474,0.5848126411437988,0.2100941389799118
YHR024C,YOR103C,0,2.354577,0.22028231620788574,0.5848126411437988,0.21019427478313446
YOR087W,YNR024W,0,2.3538966,0.2202005237340927,0.5848126411437988,0.21029441058635712
YPL056C,YCR065W,0,2.353788,0.22011877596378326,0.5848126411437988,0.21039454638957977
YIL009W,YLR001C,0,2.3536556,0.22003710269927979,0.5848126411437988,0.21049469709396362
YGL070C,YGR224W,0,2.3525572,0.21995548903942108,0.5848126411437988,0.21059483289718628
YGR170W,YGR122W,0,2.3524675,0.21987393498420715,0.5848126411437988,0.21069496870040894
YER142C,YBR015C,0,2.3520646,0.219792440533638,0.5848126411437988,0.21079511940479279
YML098W,YCL039W,0,2.3520045,0.21971100568771362,0.5848126411437988,0.21089525520801544
YPL262W,YGL240W,0,2.3519623,0.21962963044643402,0.5848126411437988,0.2109953910112381
YIL075C,YDR422C,0,2.351887,0.2195483148097992,0.5848126411437988,0.21109552681446075
YLR085C,YOR027W,0,2.3516092,0.21946705877780914,0.5848126411437988,0.2111956775188446
YDR217C,YOR103C,0,2.3513758,0.21938586235046387,0.5848126411437988,0.21129581332206726
YFL025C,YGL240W,0,2.3513439,0.21930474042892456,0.5848126411437988,0.21139594912528992
YKL062W,YKR079C,0,2.3509924,0.21922366321086884,0.5848126411437988,0.21149609982967377
YDR422C,YGR161C,0,2.3508623,0.21914264559745789,0.5848126411437988,0.21159623563289642
YER041W,YCR063W,0,2.350545,0.2190616875886917,0.5848126411437988,0.21169637143611908
YOR192C,YOR048C,0,2.350139,0.2189808040857315,0.5848126411437988,0.21179652214050293
YLL033W,YHL027W,1,2.350013,0.21926909685134888,0.5857987999916077,0.21179652214050293
YJL212C,YKL040C,0,2.3498976,0.21918819844722748,0.5857987999916077,0.21189665794372559
YIL014W,YHR190W,0,2.3494833,0.21910734474658966,0.5857987999916077,0.21199679374694824
YER007C-A,YCR063W,0,2.3493578,0.21902655065059662,0.5857987999916077,0.2120969295501709
YPL130W,YDR381W,0,2.3488615,0.21894581615924835,0.5857987999916077,0.21219708025455475
YOR087W,YDR087C,0,2.347401,0.21886514127254486,0.5857987999916077,0.2122972160577774
YDR260C,YML128C,1,2.3473585,0.21915285289287567,0.5867850184440613,0.2122972160577774
YCL016C,YDL209C,0,2.3467913,0.219072163105011,0.5867850184440613,0.21239735186100006
YOL059W,YBR301W,0,2.3464632,0.21899153292179108,0.5867850184440613,0.2124975025653839
YOR087W,YDL135C,0,2.3461297,0.21891096234321594,0.5867850184440613,0.21259763836860657
YFL011W,YMR131C,0,2.3457015,0.21883045136928558,0.5867850184440613,0.21269777417182922
YFR031C-A,YML045W,0,2.3442461,0.21875,0.5867850184440613,0.21279790997505188
YJR132W,YDL087C,0,2.3441055,0.2186696082353592,0.5867850184440613,0.21289806067943573
YMR110C,YDR227W,0,2.3434951,0.21858927607536316,0.5867850184440613,0.2129981964826584
YNL328C,YKR031C,0,2.3424516,0.2185090035200119,0.5867850184440613,0.21309833228588104
YPL209C,YEL051W,0,2.342222,0.21842877566814423,0.5867850184440613,0.2131984829902649
YGR266W,YCR035C,0,2.3418734,0.21834862232208252,0.5867850184440613,0.21329861879348755
YDL240W,YER176W,0,2.3411658,0.2182685285806656,0.5867850184440613,0.2133987545967102
YMR195W,YMR001C,0,2.3400123,0.21818847954273224,0.5867850184440613,0.21349890530109406
YNR048W,YML045W,0,2.339759,0.21810850501060486,0.5867850184440613,0.2135990411043167
YGR283C,YHL006C,0,2.3396578,0.21802857518196106,0.5867850184440613,0.21369917690753937
YJL078C,YDR463W,0,2.3391469,0.21794871985912323,0.5867850184440613,0.21379931271076202
YPR067W,YKL040C,0,2.338754,0.21786890923976898,0.5867850184440613,0.21389946341514587
YLR118C,YKL005C,0,2.3381908,0.2177891582250595,0.5867850184440613,0.21399959921836853
YMR167W,YBR098W,1,2.3380125,0.21807537972927094,0.5877711772918701,0.21399959921836853
YBR153W,YER109C,0,2.3378136,0.21799561381340027,0.5877711772918701,0.2140997350215912
YBL035C,YBR180W,0,2.33768,0.21791590750217438,0.5877711772918701,0.21419988572597504
YDL145C,YOR341W,0,2.3374846,0.21783626079559326,0.5877711772918701,0.2143000215291977
YDR025W,YMR035W,0,2.3373923,0.21775667369365692,0.5877711772918701,0.21440015733242035
YJL197W,YCL067C,0,2.337392,0.21767713129520416,0.5877711772918701,0.214500293135643
YML045W,YNL278W,0,2.3370564,0.21759766340255737,0.5877711772918701,0.21460044384002686
YDR227W,YKR031C,0,2.3364484,0.21751825511455536,0.5877711772918701,0.2147005796432495
YKL069W,YBR169C,0,2.3363721,0.21743889153003693,0.5877711772918701,0.21480071544647217
YGR099W,YCL044C,0,2.3361862,0.21735958755016327,0.5877711772918701,0.21490086615085602
YHR204W,YPL215W,0,2.336043,0.2172803431749344,0.5877711772918701,0.21500100195407867
YML092C,YNL194C,0,2.335851,0.21720117330551147,0.5877711772918701,0.21510113775730133
YGL246C,YCL051W,0,2.335824,0.21712203323841095,0.5877711772918701,0.21520128846168518
YGR103W,YAL051W,0,2.3356524,0.2170429676771164,0.5877711772918701,0.21530142426490784
YEL019C,YOR009W,0,2.334755,0.2169639617204666,0.5877711772918701,0.2154015600681305
YPL262W,YPL010W,0,2.3337445,0.21688500046730042,0.5877711772918701,0.21550169587135315
YDL145C,YDL076C,0,2.3329756,0.21680611371994019,0.5877711772918701,0.215601846575737
YDR244W,YOR335C,0,2.33123,0.21672727167606354,0.5877711772918701,0.21570198237895966
YDR176W,YLR115W,0,2.3309462,0.21664848923683167,0.5877711772918701,0.2158021181821823
YML011C,YDL093W,0,2.330623,0.21656976640224457,0.5877711772918701,0.21590226888656616
YNL328C,YDR129C,0,2.3302205,0.21649110317230225,0.5877711772918701,0.21600240468978882
YDR004W,YLR248W,1,2.3300803,0.21677559614181519,0.5887573957443237,0.21600240468978882
YPR095C,YBR121C,0,2.329954,0.21669691801071167,0.5887573957443237,0.21610254049301147
YLR345W,YOL011W,0,2.3295903,0.21661828458309174,0.5887573957443237,0.21620269119739532
YML101C,YOR026W,0,2.3295581,0.21653971076011658,0.5887573957443237,0.21630282700061798
YOL090W,YJL168C,1,2.3295233,0.2168237864971161,0.5897436141967773,0.21630282700061798
YHR154W,YCL039W,0,2.32943,0.21674519777297974,0.5897436141967773,0.21640296280384064
YKR096W,YNL161W,0,2.3292696,0.21666666865348816,0.5897436141967773,0.2165030986070633
YPR175W,YNL194C,0,2.3289163,0.21658819913864136,0.5897436141967773,0.21660324931144714
YML057W,YLL057C,0,2.3288493,0.21650977432727814,0.5897436141967773,0.2167033851146698
YBR107C,YIL033C,0,2.328144,0.2164314091205597,0.5897436141967773,0.21680352091789246
YKR083C,YCL035C,0,2.3277266,0.21635311841964722,0.5897436141967773,0.2169036716222763
YPL120W,YDL223C,0,2.3275404,0.21627485752105713,0.5897436141967773,0.21700380742549896
YPR192W,YGL033W,1,2.3274453,0.21655820310115814,0.5907297730445862,0.21700380742549896
YJL180C,YCR018C,0,2.3272817,0.21647994220256805,0.5907297730445862,0.21710394322872162
YPR128C,YBR208C,0,2.3272648,0.21640174090862274,0.5907297730445862,0.21720407903194427
YPL209C,YGR060W,0,2.327247,0.216323584318161,0.5907297730445862,0.21730422973632812
YDR023W,YOL116W,0,2.3271482,0.21624548733234406,0.5907297730445862,0.21740436553955078
YHR185C,YOL052C-A,0,2.3270738,0.21616744995117188,0.5907297730445862,0.21750450134277344
YPL004C,YHL006C,0,2.3267646,0.21608947217464447,0.5907297730445862,0.2176046520471573
YAL026C,YDL031W,0,2.326249,0.21601153910160065,0.5907297730445862,0.21770478785037994
YDR392W,YBR180W,1,2.3254504,0.21629415452480316,0.5917159914970398,0.21770478785037994
YDR005C,YOL052C-A,0,2.3250418,0.21621622145175934,0.5917159914970398,0.2178049236536026
YAL028W,YDR078C,0,2.3248155,0.2161383330821991,0.5917159914970398,0.21790507435798645
YNL051W,YDR148C,0,2.3233984,0.21606050431728363,0.5917159914970398,0.2180052101612091
YGL018C,YDR110W,0,2.3224742,0.21598272025585175,0.5917159914970398,0.21810534596443176
YLR345W,YER060W,0,2.32245,0.21590499579906464,0.5917159914970398,0.21820548176765442
YBR162W-A,YIL167W,0,2.3223445,0.2158273309469223,0.5917159914970398,0.21830563247203827
YPL115C,YLR384C,0,2.3220074,0.21574972569942474,0.5917159914970398,0.21840576827526093
YDR080W,YNL161W,0,2.3219156,0.21567218005657196,0.5917159914970398,0.21850590407848358
YKL129C,YHR080C,0,2.3219063,0.21559467911720276,0.5917159914970398,0.21860605478286743
YFL033C,YNL250W,1,2.321503,0.21587643027305603,0.5927021503448486,0.21860605478286743
YDR004W,YDR273W,1,2.3210843,0.21615798771381378,0.5936883687973022,0.21860605478286743
YOR136W,YJL098W,0,2.3210745,0.21608039736747742,0.5936883687973022,0.2187061905860901
YOR034C,YOL126C,0,2.3209279,0.21600286662578583,0.5936883687973022,0.21880632638931274
YML067C,YFR049W,0,2.3208134,0.215925395488739,0.5936883687973022,0.2189064621925354
YDR039C,YCR024C,0,2.3204849,0.21584796905517578,0.5936883687973022,0.21900661289691925
YKR099W,YCR086W,1,2.320182,0.21612903475761414,0.5946745276451111,0.21900661289691925
YPR105C,YML047C,0,2.320041,0.2160515934228897,0.5946745276451111,0.2191067487001419
YDR437W,YNR037C,0,2.3196447,0.21597421169281006,0.5946745276451111,0.21920688450336456
YDR080W,YJL196C,0,2.3196228,0.21589688956737518,0.5946745276451111,0.2193070352077484
YDR397C,YPL135W,0,2.3196168,0.2158196121454239,0.5946745276451111,0.21940717101097107
YHR169W,YOR060C,0,2.3191702,0.21574239432811737,0.5946745276451111,0.21950730681419373
YDL240W,YPL013C,0,2.3191485,0.21566523611545563,0.5946745276451111,0.21960745751857758
YOR177C,YBR023C,1,2.3189714,0.21594566106796265,0.5956607460975647,0.21960745751857758
YBL008W,YGL061C,0,2.3186157,0.21586847305297852,0.5956607460975647,0.21970759332180023
YER023W,YLR352W,0,2.3185842,0.21579135954380035,0.5956607460975647,0.2198077291250229
YGR253C,YHR114W,0,2.3183138,0.21571429073810577,0.5956607460975647,0.21990786492824554
YDR523C,YER177W,1,2.3182936,0.21599428355693817,0.5966469645500183,0.21990786492824554
YBR181C,YOL059W,0,2.3171964,0.2159171998500824,0.5966469645500183,0.2200080156326294
YPL239W,YHL006C,0,2.3168964,0.2158401757478714,0.5966469645500183,0.22010815143585205
YKR053C,YJL083W,0,2.3161824,0.21576319634914398,0.5966469645500183,0.2202082872390747
YNL045W,YIL008W,0,2.3153832,0.21568627655506134,0.5966469645500183,0.22030843794345856
YKL051W,YOR195W,0,2.3149545,0.21560940146446228,0.5966469645500183,0.2204085737466812
YER155C,YDR359C,0,2.3148284,0.2155326008796692,0.5966469645500183,0.22050870954990387
YGL104C,YKL069W,0,2.314667,0.21545584499835968,0.5966469645500183,0.22060884535312653
YKL141W,YOL116W,0,2.314658,0.21537913382053375,0.5966469645500183,0.22070899605751038
YJL078C,YOR086C,0,2.312806,0.2153024971485138,0.5966469645500183,0.22080913186073303
YKL032C,YPL253C,0,2.3127127,0.21522590517997742,0.5966469645500183,0.2209092676639557
YDL220C,YMR313C,0,2.312211,0.21514935791492462,0.5966469645500183,0.22100941836833954
YJL167W,YGR003W,0,2.3121936,0.2150728702545166,0.5966469645500183,0.2211095541715622
YGR032W,YMR017W,1,2.31212,0.21535180509090424,0.5976331233978271,0.2211095541715622
YKR029C,YDL029W,1,2.3118603,0.21563054621219635,0.5986193418502808,0.2211095541715622
YPL215W,YPL189W,0,2.3117342,0.21555398404598236,0.5986193418502808,0.22120968997478485
YGR161C,YDR359C,0,2.3110871,0.21547745168209076,0.5986193418502808,0.2213098406791687
YLL026W,YML016C,0,2.310791,0.21540099382400513,0.5986193418502808,0.22140997648239136
YBR046C,YIL120W,0,2.3107054,0.21532458066940308,0.5986193418502808,0.221510112285614
YKL185W,YGR080W,0,2.3098395,0.2152482271194458,0.5986193418502808,0.22161024808883667
YDR292C,YIL173W,0,2.3091247,0.2151719182729721,0.5986193418502808,0.22171039879322052
YGL167C,YBR049C,0,2.308667,0.21509568393230438,0.5986193418502808,0.22181053459644318
YKR099W,YMR224C,1,2.3084311,0.2153737097978592,0.5996055006980896,0.22181053459644318
YBR248C,YOR358W,0,2.3078425,0.21529744565486908,0.5996055006980896,0.22191067039966583
YGR129W,YIL062C,0,2.3077223,0.21522124111652374,0.5996055006980896,0.22201082110404968
YCR035C,YMR001C,0,2.3071654,0.215145081281662,0.5996055006980896,0.22211095690727234
YDR451C,YDR446W,1,2.306432,0.21542270481586456,0.6005917191505432,0.22211095690727234
YHR088W,YOL059W,0,2.3064113,0.2153465300798416,0.6005917191505432,0.222211092710495
YHR185C,YIR026C,1,2.3063266,0.2156239002943039,0.6015779376029968,0.222211092710495
YDR439W,YBL091C,0,2.3060472,0.21554769575595856,0.6015779376029968,0.22231122851371765
YFL003C,YBR023C,1,2.3058417,0.21582479774951935,0.6025640964508057,0.22231122851371765
YDL105W,YIR019C,0,2.305837,0.215748593211174,0.6025640964508057,0.2224113792181015
YMR009W,YLL057C,0,2.3048646,0.21567243337631226,0.6025640964508057,0.22251151502132416
YCR065W,YNR055C,0,2.3048096,0.21559633314609528,0.6025640964508057,0.22261165082454681
YDR175C,YLR384C,0,2.30477,0.21552027761936188,0.6025640964508057,0.22271180152893066
YKL132C,YBR301W,0,2.3047397,0.21544428169727325,0.6025640964508057,0.22281193733215332
YER012W,YGL033W,1,2.3045914,0.21572083234786987,0.6035503149032593,0.22281193733215332
YHL003C,YBR162C,0,2.3043458,0.21564482152462006,0.6035503149032593,0.22291207313537598
YBL035C,YDR039C,0,2.3038342,0.21556885540485382,0.6035503149032593,0.22301222383975983
YPL179W,YBR089C-A,0,2.3038156,0.21549296379089355,0.6035503149032593,0.22311235964298248
YDR122W,YKL063C,0,2.3031628,0.21541710197925568,0.6035503149032593,0.22321249544620514
YKL062W,YKL099C,0,2.3029594,0.21534131467342377,0.6035503149032593,0.2233126312494278
YML076C,YDR135C,0,2.3021338,0.21526555716991425,0.6035503149032593,0.22341278195381165
YMR110C,YLR360W,0,2.301895,0.2151898741722107,0.6035503149032593,0.2235129177570343
YCL048W,YIR026C,1,2.3016238,0.2154657244682312,0.6045364737510681,0.2235129177570343
YIL173W,YNL118C,0,2.3005123,0.21539002656936646,0.6045364737510681,0.22361305356025696
YER100W,YIL137C,0,2.3003318,0.2153143733739853,0.6045364737510681,0.2237132042646408
YGR005C,YDR246W,0,2.3002594,0.2152387648820877,0.6045364737510681,0.22381334006786346
YPR105C,YBR089C-A,0,2.299838,0.2151632159948349,0.6045364737510681,0.22391347587108612
YDR129C,YGL151W,0,2.2990153,0.21508772671222687,0.6045364737510681,0.22401361167430878
YDR386W,YLR092W,0,2.2986596,0.21501228213310242,0.6045364737510681,0.22411376237869263
YKL132C,YGL045W,0,2.298275,0.21493688225746155,0.6045364737510681,0.22421389818191528
YDR325W,YGL126W,0,2.2974274,0.21486154198646545,0.6045364737510681,0.22431403398513794
YOR262W,YBR015C,0,2.2973568,0.21478626132011414,0.6045364737510681,0.2244141846895218
YHR006W,YOR110W,0,2.2971208,0.2147110402584076,0.6045364737510681,0.22451432049274445
YLR185W,YAR033W,0,2.2964008,0.21463584899902344,0.6045364737510681,0.2246144562959671
YIL144W,YJL058C,0,2.295956,0.21456073224544525,0.6045364737510681,0.22471460700035095
YAL051W,YGR260W,0,2.295777,0.21448566019535065,0.6045364737510681,0.2248147428035736
YKR078W,YHR158C,0,2.295454,0.21441063284873962,0.6045364737510681,0.22491487860679626
YDR213W,YKR007W,0,2.294318,0.21433566510677338,0.6045364737510681,0.22501501441001892
YDL220C,YDR122W,0,2.2939956,0.2142607420682907,0.6045364737510681,0.22511516511440277
YBR065C,YGL238W,0,2.2939212,0.21418587863445282,0.6045364737510681,0.22521530091762543
YJL174W,YFR040W,0,2.2936633,0.2141110748052597,0.6045364737510681,0.22531543672084808
YER173W,YDR076W,1,2.2929826,0.2143854796886444,0.6055226922035217,0.22531543672084808
YMR081C,YKL099C,0,2.2929552,0.2143106460571289,0.6055226922035217,0.22541558742523193
YCL064C,YDL139C,0,2.2918332,0.21423587203025818,0.6055226922035217,0.2255157232284546
YOR241W,YKL134C,0,2.290833,0.21416114270687103,0.6055226922035217,0.22561585903167725
YLR004C,YHL028W,0,2.2906606,0.21408647298812866,0.6055226922035217,0.2257160097360611
YNL286W,YPL100W,0,2.2904541,0.21401184797286987,0.6055226922035217,0.22581614553928375
YDR256C,YHR118C,0,2.2903454,0.21393728256225586,0.6055226922035217,0.2259162813425064
YBR169C,YGR208W,0,2.2893875,0.21386276185512543,0.6055226922035217,0.22601641714572906
YGL093W,YOR330C,0,2.2893765,0.21378830075263977,0.6055226922035217,0.22611656785011292
YOR136W,YAL026C,0,2.2893527,0.2137138843536377,0.6055226922035217,0.22621670365333557
YNL176C,YGL127C,0,2.289292,0.2136395275592804,0.6055226922035217,0.22631683945655823
YDR517W,YOR048C,0,2.2892673,0.21356521546840668,0.6055226922035217,0.22641699016094208
YJR042W,YMR105C,0,2.2884877,0.21349096298217773,0.6055226922035217,0.22651712596416473
YPR003C,YLL057C,0,2.288287,0.21341675519943237,0.6055226922035217,0.2266172617673874
YJR035W,YOL012C,0,2.288078,0.2133425921201706,0.6055226922035217,0.22671739757061005
YOR383C,YNL118C,0,2.2879279,0.2132684886455536,0.6055226922035217,0.2268175482749939
YER062C,YGL226W,0,2.2865703,0.21319444477558136,0.6055226922035217,0.22691768407821655
YIL087C,YBR188C,0,2.2852488,0.2131204456090927,0.6055226922035217,0.2270178198814392
YOR227W,YBR180W,0,2.2839358,0.21304649114608765,0.6055226922035217,0.22711797058582306
YOL011W,YPR155C,0,2.283882,0.21297259628772736,0.6055226922035217,0.22721810638904572
YMR230W,YBR212W,0,2.2826984,0.21289874613285065,0.6055226922035217,0.22731824219226837
YBR101C,YDR243C,0,2.2825792,0.2128249555826187,0.6055226922035217,0.22741839289665222
YIL019W,YBR168W,0,2.2822888,0.21275120973587036,0.6055226922035217,0.22751852869987488
YOL055C,YJR027W,0,2.2820947,0.21267752349376678,0.6055226922035217,0.22761866450309753
YJL162C,YMR105C,0,2.2817128,0.2126038819551468,0.6055226922035217,0.2277188003063202
YER033C,YJR108W,0,2.2816308,0.21253028512001038,0.6055226922035217,0.22781895101070404
YOR034C,YPL156C,0,2.2813559,0.21245674788951874,0.6055226922035217,0.2279190868139267
YBR073W,YLR272C,1,2.2804253,0.21272915601730347,0.6065088510513306,0.2279190868139267
YJR049C,YGL061C,0,2.2803683,0.21265560388565063,0.6065088510513306,0.22801922261714935
YOR264W,YOL051W,0,2.2798145,0.21258209645748138,0.6065088510513306,0.2281193733215332
YLR023C,YNL081C,0,2.2790349,0.21250863373279572,0.6065088510513306,0.22821950912475586
YMR015C,YMR225C,0,2.278801,0.21243523061275482,0.6065088510513306,0.22831964492797852
YDR204W,YDR308C,0,2.2787023,0.2123618721961975,0.6065088510513306,0.22841978073120117
YDR122W,YGR165W,0,2.2786272,0.21228857338428497,0.6065088510513306,0.22851993143558502
YPL280W,YFL005W,0,2.277811,0.21221531927585602,0.6065088510513306,0.22862006723880768
YIL167W,YBR094W,0,2.2764919,0.21214212477207184,0.6065088510513306,0.22872020304203033
YLR411W,YHL025W,0,2.275719,0.21206896007061005,0.6065088510513306,0.22882035374641418
YGR193C,YKL132C,0,2.2752244,0.21199586987495422,0.6065088510513306,0.22892048954963684
YLR411W,YJL058C,0,2.2750897,0.2119228094816208,0.6065088510513306,0.2290206253528595
YPL169C,YGR266W,0,2.274608,0.21184980869293213,0.6065088510513306,0.22912077605724335
YOR018W,YCL068C,0,2.2736304,0.21177685260772705,0.6065088510513306,0.229220911860466
YGR254W,YMR177W,0,2.272856,0.21170395612716675,0.6065088510513306,0.22932104766368866
YGR044C,YHR133C,0,2.2721288,0.21163110435009003,0.6065088510513306,0.22942118346691132
YJL012C,YHL028W,0,2.2717628,0.21155831217765808,0.6065088510513306,0.22952133417129517
YOR316C,YPR086W,0,2.2714741,0.21148554980754852,0.6065088510513306,0.22962146997451782
YDR213W,YKR072C,0,2.2714717,0.21141286194324493,0.6065088510513306,0.22972160577774048
YGL063W,YEL044W,0,2.2711651,0.21134020388126373,0.6065088510513306,0.22982175648212433
YDL135C,YKR083C,0,2.2707763,0.2112676054239273,0.6065088510513306,0.22992189228534698
YPL121C,YOR014W,1,2.26952,0.21153846383094788,0.6074950695037842,0.22992189228534698
YLR284C,YGL096W,0,2.2693365,0.21146583557128906,0.6074950695037842,0.23002202808856964
YOR129C,YDL102W,0,2.268734,0.21139326691627502,0.6074950695037842,0.2301221638917923
YLR006C,YEL051W,0,2.2685,0.21132075786590576,0.6074950695037842,0.23022231459617615
YKL033W,YDL123W,0,2.268181,0.2112482786178589,0.6074950695037842,0.2303224503993988
YNL286W,YEL044W,0,2.268125,0.2111758589744568,0.6074950695037842,0.23042258620262146
YDL113C,YPL254W,0,2.267626,0.21110349893569946,0.6074950695037842,0.2305227369070053
YGR078C,YPR100W,0,2.2671378,0.21103116869926453,0.6074950695037842,0.23062287271022797
YJL013C,YEL006W,0,2.2665088,0.21095889806747437,0.6074950695037842,0.23072300851345062
YER028C,YGR193C,0,2.2658224,0.21088668704032898,0.6074950695037842,0.23082315921783447
YJL098W,YHR150W,0,2.265607,0.21081450581550598,0.6074950695037842,0.23092329502105713
YLL066C,YOR109W,0,2.2654629,0.21074238419532776,0.6074950695037842,0.23102343082427979
YGR170W,YML102W,0,2.2650259,0.21067030727863312,0.6074950695037842,0.23112356662750244
YHR103W,YGR244C,0,2.264589,0.21059828996658325,0.6074950695037842,0.2312237173318863
YER014W,YIL038C,0,2.2643902,0.21052631735801697,0.6074950695037842,0.23132385313510895
YGR202C,YOL135C,0,2.263769,0.21045438945293427,0.6074950695037842,0.2314239889383316
YEL018W,YGR055W,0,2.2632573,0.21038250625133514,0.6074950695037842,0.23152413964271545
YKL145W,YGL144C,0,2.2626154,0.2103106826543808,0.6074950695037842,0.2316242754459381
YHR153C,YGL099W,1,2.2623522,0.21058019995689392,0.6084812879562378,0.2316242754459381
YOR380W,YGR161C,0,2.2612576,0.21050836145877838,0.6084812879562378,0.23172441124916077
YFL049W,YDR028C,0,2.2607582,0.21043656766414642,0.6084812879562378,0.23182454705238342
YKR093W,YHR146W,0,2.260606,0.21036481857299805,0.6084812879562378,0.23192469775676727
YCR065W,YOR132W,0,2.2602947,0.21029311418533325,0.6084812879562378,0.23202483355998993
YOL098C,YPL221W,0,2.2600968,0.21022146940231323,0.6084812879562378,0.23212496936321259
YGL104C,YOR027W,0,2.2597177,0.2101498693227768,0.6084812879562378,0.23222512006759644
YLL006W,YNL036W,0,2.2583084,0.21007831394672394,0.6084812879562378,0.2323252558708191
YGR244C,YOR249C,0,2.2582347,0.21000680327415466,0.6084812879562378,0.23242539167404175
YDR528W,YBR112C,0,2.2578337,0.20993535220623016,0.6084812879562378,0.2325255423784256
YOR338W,YDR512C,1,2.2572348,0.2102040797472,0.6094674468040466,0.2325255423784256
YGR253C,YOR019W,0,2.2568717,0.21013261377811432,0.6094674468040466,0.23262567818164825
YOL096C,YMR313C,0,2.256779,0.210061177611351,0.6094674468040466,0.2327258139848709
YOR192C,YBR016W,0,2.2560446,0.20998980104923248,0.6094674468040466,0.23282594978809357
YER143W,YIL137C,0,2.2559555,0.20991848409175873,0.6094674468040466,0.23292610049247742
YPL133C,YER032W,0,2.255593,0.20984719693660736,0.6094674468040466,0.23302623629570007
YOR034C,YLR234W,0,2.255525,0.20977596938610077,0.6094674468040466,0.23312637209892273
YIL147C,YBR212W,0,2.2542582,0.20970478653907776,0.6094674468040466,0.23322652280330658
YPL116W,YKL145W,0,2.254022,0.20963364839553833,0.6094674468040466,0.23332665860652924
YDR059C,YHL024W,1,2.2539675,0.20990166068077087,0.6104536652565002,0.23332665860652924
YBR046C,YDR289C,0,2.2539299,0.20983050763607025,0.6104536652565002,0.2334267944097519
YKL043W,YER129W,0,2.2530558,0.2097593992948532,0.6104536652565002,0.23352694511413574
YKR096W,YBR153W,0,2.2528481,0.20968835055828094,0.6104536652565002,0.2336270809173584
YHR113W,YER093C,0,2.2522912,0.20961733162403107,0.6104536652565002,0.23372721672058105
YIL053W,YPL076W,0,2.2515213,0.20954637229442596,0.6104536652565002,0.2338273525238037
YOL055C,YNL059C,0,2.2510026,0.20947547256946564,0.6104536652565002,0.23392750322818756
YNR037C,YJL083W,0,2.250728,0.2094046026468277,0.6104536652565002,0.23402763903141022
YER063W,YHR214W,0,2.25056,0.20933377742767334,0.6104536652565002,0.23412777483463287
YIL156W,YNL318C,0,2.250188,0.20926301181316376,0.6104536652565002,0.23422792553901672
YDR292C,YHR138C,0,2.2498631,0.20919229090213776,0.6104536652565002,0.23432806134223938
YDL029W,YNL098C,1,2.2497947,0.20945945382118225,0.6114398241043091,0.23432806134223938
YDL240W,YDL093W,0,2.249542,0.20938871800899506,0.6114398241043091,0.23442819714546204
YOL132W,YNL240C,0,2.2494922,0.20931802690029144,0.6114398241043091,0.2345283329486847
YLR190W,YBR188C,0,2.249399,0.2092473804950714,0.6114398241043091,0.23462848365306854
YDL175C,YPR095C,0,2.2490566,0.20917679369449615,0.6114398241043091,0.2347286194562912
YDR435C,YDR122W,0,2.248853,0.2091062366962433,0.6114398241043091,0.23482875525951385
YJR132W,YBR301W,0,2.248616,0.2090357393026352,0.6114398241043091,0.2349289059638977
YLR102C,YNL214W,0,2.2458088,0.20896528661251068,0.6114398241043091,0.23502904176712036
YPR095C,YDR317W,0,2.2456453,0.20889487862586975,0.6114398241043091,0.23512917757034302
YJR035W,YBL014C,0,2.244919,0.2088245153427124,0.6114398241043091,0.23522932827472687
YFR040W,YNL214W,0,2.2446988,0.20875421166419983,0.6114398241043091,0.23532946407794952
YBR130C,YDR430C,0,2.2443297,0.20868393778800964,0.6114398241043091,0.23542959988117218
YPR128C,YNL038W,0,2.243971,0.20861372351646423,0.6114398241043091,0.23552973568439484
YML100W,YLR451W,0,2.2437668,0.2085435539484024,0.6114398241043091,0.2356298863887787
YML101C,YPL189W,0,2.2436702,0.20847342908382416,0.6114398241043091,0.23573002219200134
YLR085C,YDR178W,0,2.2431495,0.20840336382389069,0.6114398241043091,0.235830157995224
YHR108W,YBL014C,0,2.242997,0.2083333283662796,0.6114398241043091,0.23593030869960785
YDR482C,YMR125W,0,2.2425566,0.2082633525133133,0.6114398241043091,0.2360304445028305
YLR399C,YLL040C,1,2.241668,0.20852921903133392,0.6124260425567627,0.2360304445028305
YCR036W,YDR301W,0,2.2416317,0.20845921337604523,0.6124260425567627,0.23613058030605316
YOR372C,YGR138C,0,2.2411287,0.2083892673254013,0.6124260425567627,0.23623071610927582
YGL194C,YER015W,0,2.2403018,0.20831935107707977,0.6124260425567627,0.23633086681365967
YDR490C,YOR320C,0,2.2401512,0.20824949443340302,0.6124260425567627,0.23643100261688232
YLR315W,YOR136W,0,2.2398293,0.20817968249320984,0.6124260425567627,0.23653113842010498
YER033C,YER023W,0,2.2393892,0.20810991525650024,0.6124260425567627,0.23663128912448883
YMR101C,YIL148W,0,2.239317,0.20804020762443542,0.6124260425567627,0.2367314249277115
YGR217W,YML092C,0,2.239306,0.207970529794693,0.6124260425567627,0.23683156073093414
YMR041C,YML031W,0,2.239156,0.20790089666843414,0.6124260425567627,0.236931711435318
YKR083C,YCR005C,0,2.2378979,0.20783132314682007,0.6124260425567627,0.23703184723854065
YDL235C,YDR361C,0,2.236931,0.20776179432868958,0.6124260425567627,0.2371319830417633
YDR301W,YOR059C,0,2.2367685,0.20769231021404266,0.6124260425567627,0.23723211884498596
YFR016C,YDR439W,0,2.236603,0.20762287080287933,0.6124260425567627,0.2373322695493698
YIR019C,YNL041C,0,2.2363908,0.20755347609519958,0.6124260425567627,0.23743240535259247
YCL044C,YJL026W,0,2.236336,0.20748412609100342,0.6124260425567627,0.23753254115581512
YDR516C,YAL009W,1,2.2343543,0.20774883031845093,0.6134122014045715,0.23753254115581512
YOR272W,YOR086C,0,2.2342422,0.20767946541309357,0.6134122014045715,0.23763269186019897
YKL134C,YOL061W,0,2.2341216,0.2076101452112198,0.6134122014045715,0.23773282766342163
YPL004C,YMR242C,0,2.233913,0.2075408697128296,0.6134122014045715,0.2378329634666443
YLR411W,YLR248W,0,2.233434,0.20747165381908417,0.6134122014045715,0.23793309926986694
YMR318C,YGL243W,0,2.2333548,0.20740246772766113,0.6134122014045715,0.2380332499742508
YJR035W,YDR317W,0,2.2330508,0.20733332633972168,0.6134122014045715,0.23813338577747345
YIL098C,YER167W,0,2.2329044,0.207264244556427,0.6134122014045715,0.2382335215806961
YOR258W,YGL129C,0,2.2320402,0.2071952074766159,0.6134122014045715,0.23833367228507996
YJL013C,YNL194C,0,2.231667,0.2071262001991272,0.6134122014045715,0.2384338080883026
YOL069W,YDR528W,0,2.2316072,0.20705725252628326,0.6134122014045715,0.23853394389152527
YML100W,YIL037C,0,2.2304928,0.2069883495569229,0.6134122014045715,0.23863409459590912
YKR075C,YCR018C,0,2.230155,0.20691949129104614,0.6134122014045715,0.23873423039913177
YKL026C,YPL161C,0,2.2299826,0.20685067772865295,0.6134122014045715,0.23883436620235443
YBR119W,YGL238W,0,2.2298887,0.20678190886974335,0.6134122014045715,0.2389345020055771
YDR150W,YJR054W,0,2.2293863,0.20671319961547852,0.6134122014045715,0.23903465270996094
YHR006W,YHL050C,0,2.2293046,0.20664452016353607,0.6134122014045715,0.2391347885131836
YBR078W,YDR412W,0,2.2290437,0.2065758854150772,0.6134122014045715,0.23923492431640625
YAL011W,YEL027W,0,2.2289238,0.20650731027126312,0.6134122014045715,0.2393350750207901
YOR334W,YBR016W,0,2.2286284,0.20643876492977142,0.6134122014045715,0.23943521082401276
YNL051W,YPL224C,0,2.227865,0.2063702791929245,0.6134122014045715,0.2395353466272354
YER129W,YGR083C,0,2.227048,0.20630182325839996,0.6134122014045715,0.23963548243045807
YBR295W,YNL068C,0,2.2267487,0.2062334269285202,0.6134122014045715,0.23973563313484192
YOL076W,YER033C,0,2.2264605,0.20616506040096283,0.6134122014045715,0.23983576893806458
YMR226C,YOL116W,0,2.2263908,0.20609675347805023,0.6134122014045715,0.23993590474128723
YKL069W,YDL135C,0,2.226083,0.20602849125862122,0.6134122014045715,0.24003605544567108
YJL173C,YOR103C,0,2.2255678,0.2059602588415146,0.6134122014045715,0.24013619124889374
YJR050W,YPR141C,0,2.2255406,0.20589208602905273,0.6134122014045715,0.2402363270521164
YJL078C,YNL180C,0,2.22467,0.20582395792007446,0.6134122014045715,0.24033647775650024
YBR272C,YHR170W,0,2.2244372,0.20575587451457977,0.6134122014045715,0.2404366135597229
YGL061C,YJL216C,0,2.2243555,0.20568783581256866,0.6134122014045715,0.24053674936294556
YMR232W,YMR131C,0,2.2241278,0.20561984181404114,0.6134122014045715,0.2406368851661682
YMR017W,YER020W,1,2.2237136,0.20588235557079315,0.6143984198570251,0.2406368851661682
YNL318C,YAL030W,0,2.2232382,0.20581433176994324,0.6143984198570251,0.24073703587055206
YOR383C,YHR096C,0,2.2231548,0.2057463675737381,0.6143984198570251,0.24083717167377472
YDR372C,YHR001W-A,0,2.222614,0.20567844808101654,0.6143984198570251,0.24093730747699738
YMR215W,YER178W,0,2.2221801,0.20561055839061737,0.6143984198570251,0.24103745818138123
YCR107W,YDR179C,0,2.2217026,0.20554272830486298,0.6143984198570251,0.24113759398460388
YIL036W,YMR156C,0,2.2210023,0.20547492802143097,0.6143984198570251,0.24123772978782654
YIL144W,YGL111W,0,2.219295,0.20540718734264374,0.6143984198570251,0.2413378655910492
YPL171C,YDR165W,0,2.2190855,0.2053394913673401,0.6143984198570251,0.24143801629543304
YHR108W,YDR039C,0,2.2188566,0.20527182519435883,0.6143984198570251,0.2415381520986557
YKL039W,YBR045C,0,2.2187831,0.20520421862602234,0.6143984198570251,0.24163828790187836
YDR155C,YMR017W,1,2.218778,0.20546592772006989,0.6153846383094788,0.24163828790187836
YAL011W,YML057W,0,2.218747,0.205398291349411,0.6153846383094788,0.2417384386062622
YAL056W,YDR392W,1,2.2185333,0.20565976202487946,0.6163707971572876,0.2417384386062622
YBR005W,YMR158W,0,2.217477,0.2055921107530594,0.6163707971572876,0.24183857440948486
YHR024C,YIL130W,0,2.2173336,0.2055245041847229,0.6163707971572876,0.24193871021270752
YML127W,YNL216W,0,2.2163243,0.20545694231987,0.6163707971572876,0.24203886091709137
YJR120W,YNL024C,0,2.2160056,0.20538942515850067,0.6163707971572876,0.24213899672031403
YBR046C,YOR087W,0,2.215378,0.20532193779945374,0.6163707971572876,0.24223913252353668
YHR148W,YDR438W,0,2.2152803,0.20525451004505157,0.6163707971572876,0.24233926832675934
YBL056W,YOR060C,0,2.2148178,0.205187126994133,0.6163707971572876,0.2424394190311432
YPR037C,YOL032W,0,2.214473,0.205119788646698,0.6163707971572876,0.24253955483436584
YDL098C,YOL076W,0,2.214394,0.20505249500274658,0.6163707971572876,0.2426396906375885
YKR031C,YCR086W,1,2.214009,0.20531322062015533,0.6173570156097412,0.2426396906375885
YOR034C,YIR019C,0,2.2138135,0.20524589717388153,0.6173570156097412,0.24273984134197235
YAR042W,YNL194C,0,2.2136223,0.2051786333322525,0.6173570156097412,0.242839977145195
YNR024W,YHR157W,0,2.212987,0.20511139929294586,0.6173570156097412,0.24294011294841766
YFR040W,YLL067C,0,2.2128804,0.205044224858284,0.6173570156097412,0.2430402636528015
YDR259C,YPR199C,0,2.2128737,0.20497708022594452,0.6173570156097412,0.24314039945602417
YML021C,YGL018C,0,2.2125595,0.20490998029708862,0.6173570156097412,0.24324053525924683
YPR128C,YHR154W,0,2.2123768,0.2048429250717163,0.6173570156097412,0.24334067106246948
YCL029C,YDR148C,0,2.2123542,0.20477592945098877,0.6173570156097412,0.24344082176685333
YEL019C,YBR162W-A,0,2.2108095,0.20470896363258362,0.6173570156097412,0.243540957570076
YDR300C,YCR106W,0,2.2107809,0.20464204251766205,0.6173570156097412,0.24364109337329865
YGR099W,YOL069W,0,2.210749,0.20457516610622406,0.6173570156097412,0.2437412440776825
YDR111C,YDR464W,0,2.2106771,0.20450833439826965,0.6173570156097412,0.24384137988090515
YOR132W,YBL072C,0,2.2106733,0.20444154739379883,0.6173570156097412,0.2439415156841278
YPR188C,YCL044C,0,2.2106335,0.2043747901916504,0.6173570156097412,0.24404165148735046
YIL132C,YDR440W,1,2.2104301,0.20463445782661438,0.61834317445755,0.24404165148735046
YDR256C,YPL076W,0,2.2100317,0.20456770062446594,0.61834317445755,0.24414180219173431
YGL167C,YHL003C,0,2.2100224,0.2045009732246399,0.61834317445755,0.24424193799495697
YDR515W,YHR214W,0,2.2099712,0.20443430542945862,0.61834317445755,0.24434207379817963
YDR213W,YLR345W,0,2.209943,0.20436766743659973,0.61834317445755,0.24444222450256348
YER028C,YNR055C,0,2.2093418,0.20430107414722443,0.61834317445755,0.24454236030578613
YIR019C,YLR248W,0,2.209255,0.2042345255613327,0.61834317445755,0.2446424961090088
YGL139W,YDR244W,0,2.2089794,0.20416802167892456,0.61834317445755,0.24474264681339264
YLR007W,YPL061W,0,2.208252,0.2041015625,0.61834317445755,0.2448427826166153
YBL013W,YOR132W,0,2.207873,0.20403514802455902,0.61834317445755,0.24494291841983795
YDR212W,YDR350C,0,2.2078516,0.20396876335144043,0.61834317445755,0.2450430542230606
YER062C,YER014W,0,2.2075913,0.2039024382829666,0.61834317445755,0.24514320492744446
YMR081C,YJL196C,0,2.2069924,0.20383615791797638,0.61834317445755,0.24524334073066711
YGR046W,YGL116W,0,2.2069519,0.20376990735530853,0.61834317445755,0.24534347653388977
YPR017C,YLR001C,0,2.2068565,0.20370370149612427,0.61834317445755,0.24544362723827362
YDL160C,YBR162C,0,2.2060323,0.20363754034042358,0.61834317445755,0.24554376304149628
YOR207C,YLR345W,0,2.2059834,0.20357142388820648,0.61834317445755,0.24564389884471893
YHR033W,YHR120W,0,2.205563,0.20350535213947296,0.61834317445755,0.2457440346479416
YDL105W,YML092C,0,2.205313,0.20343932509422302,0.61834317445755,0.24584418535232544
YBL087C,YKR034W,0,2.2052867,0.20337334275245667,0.61834317445755,0.2459443211555481
YLR039C,YNL240C,0,2.2052238,0.2033073902130127,0.61834317445755,0.24604445695877075
YDR212W,YDR057W,0,2.20478,0.2032414972782135,0.61834317445755,0.2461446076631546
YBL007C,YAL051W,0,2.2047322,0.2031756341457367,0.61834317445755,0.24624474346637726
YPL130W,YDR350C,0,2.204681,0.20310981571674347,0.61834317445755,0.24634487926959991
YCR105W,YMR009W,0,2.204403,0.20304404199123383,0.61834317445755,0.24644502997398376
YJL110C,YDR111C,0,2.2035828,0.20297831296920776,0.61834317445755,0.24654516577720642
YLR223C,YGL005C,0,2.2034543,0.20291262865066528,0.61834317445755,0.24664530158042908
YIL156W,YKL145W,0,2.2031562,0.2028469741344452,0.61834317445755,0.24674543738365173
YDR323C,YDR005C,0,2.2031538,0.20278136432170868,0.61834317445755,0.24684558808803558
YJL059W,YAR042W,0,2.2024405,0.20271581411361694,0.61834317445755,0.24694572389125824
YGR212W,YOR113W,0,2.2023747,0.2026502937078476,0.61834317445755,0.2470458596944809
YGR032W,YER106W,1,2.2020152,0.20290791988372803,0.6193293929100037,0.2470458596944809
YHR205W,YNL063W,0,2.2011855,0.20284238457679749,0.6193293929100037,0.24714601039886475
YBR162W-A,YLR189C,0,2.2005355,0.20277687907218933,0.6193293929100037,0.2472461462020874
YER143W,YNL214W,0,2.2003558,0.20271143317222595,0.6193293929100037,0.24734628200531006
YGR204W,YER139C,0,2.1993651,0.20264601707458496,0.6193293929100037,0.24744641780853271
YML023C,YOL132W,0,2.1984022,0.20258064568042755,0.6193293929100037,0.24754656851291656
YLR181C,YDR105C,0,2.1982071,0.20251531898975372,0.6193293929100037,0.24764670431613922
YHR096C,YNL063W,0,2.1980677,0.20245003700256348,0.6193293929100037,0.24774684011936188
YNL025C,YIL087C,0,2.1977096,0.20238478481769562,0.6193293929100037,0.24784699082374573
YNL181W,YPL179W,0,2.1975892,0.20231959223747253,0.6193293929100037,0.24794712662696838
YML059C,YEL051W,0,2.1958337,0.20225442945957184,0.6193293929100037,0.24804726243019104
YEL024W,YBL014C,0,2.194709,0.20218931138515472,0.6193293929100037,0.2481474131345749
YAL056W,YGR109C,1,2.1946895,0.2024460881948471,0.6203156113624573,0.2481474131345749
YHR090C,YPL040C,0,2.193813,0.2023809552192688,0.6203156113624573,0.24824754893779755
YOR034C,YOR060C,0,2.1936476,0.20231585204601288,0.6203156113624573,0.2483476847410202
YJR052W,YPL235W,0,2.1928027,0.20225080847740173,0.6203156113624573,0.24844782054424286
YDR516C,YHR152W,1,2.192654,0.20250722765922546,0.6213017702102661,0.24844782054424286
YER102W,YDR040C,0,2.1922684,0.20244215428829193,0.6213017702102661,0.2485479712486267
YGL251C,YLR219W,1,2.1915698,0.20269836485385895,0.6222879886627197,0.2485479712486267
YDR323C,YCL016C,0,2.1913784,0.20263326168060303,0.6222879886627197,0.24864810705184937
YDR528W,YOL052C-A,0,2.1905487,0.20256821811199188,0.6222879886627197,0.24874824285507202
YDR148C,YKR027W,0,2.1901762,0.20250320434570312,0.6222879886627197,0.24884839355945587
YPL126W,YER123W,0,2.1897206,0.20243823528289795,0.6222879886627197,0.24894852936267853
YGL127C,YPL200W,1,2.1890862,0.20269402861595154,0.6232741475105286,0.24894852936267853
YOR272W,YGL127C,0,2.1887968,0.20262904465198517,0.6232741475105286,0.24904866516590118
YGL063W,YJR109C,0,2.1882951,0.20256410539150238,0.6232741475105286,0.24914880096912384
YPR192W,YHL027W,1,2.1873107,0.2028196156024933,0.6242603659629822,0.24914880096912384
YAL048C,YPR071W,0,2.1872914,0.2027546465396881,0.6242603659629822,0.2492489516735077
YKR064W,YLR313C,0,2.1863549,0.20268972218036652,0.6242603659629822,0.24934908747673035
YDL243C,YPL021W,0,2.1861653,0.2026248425245285,0.6242603659629822,0.249449223279953
YML120C,YDR292C,0,2.1859727,0.20255999267101288,0.6242603659629822,0.24954937398433685
YBR211C,YIL069C,0,2.1850884,0.20249520242214203,0.6242603659629822,0.2496495097875595
YOR192C,YMR149W,0,2.1848452,0.20243044197559357,0.6242603659629822,0.24974964559078217
YLR277C,YNL142W,0,2.1843808,0.2023657262325287,0.6242603659629822,0.24984979629516602
YOR320C,YKL048C,0,2.1841128,0.2023010551929474,0.6242603659629822,0.24994993209838867
YDR323C,YGR129W,0,2.1840804,0.20223642885684967,0.6242603659629822,0.25005006790161133
YER109C,YPR199C,0,2.183242,0.20217183232307434,0.6242603659629822,0.250150203704834
YIL036W,YPL021W,0,2.183109,0.2021072804927826,0.6242603659629822,0.25025033950805664
YKL197C,YGR040W,0,2.182824,0.20204277336597443,0.6242603659629822,0.2503505051136017
YDR260C,YDR325W,1,2.1827986,0.2022973895072937,0.625246524810791,0.2503505051136017
YGL127C,YLR307W,1,2.1825912,0.20255182683467865,0.6262327432632446,0.2503505051136017
YDR323C,YLR023C,0,2.1815112,0.20248724520206451,0.6262327432632446,0.25045064091682434
YBR107C,YJL168C,1,2.1809347,0.20274147391319275,0.6272189617156982,0.25045064091682434
YHR108W,YNL250W,0,2.1804965,0.20267686247825623,0.6272189617156982,0.250550776720047
YLR083C,YPL233W,0,2.1801584,0.20261229574680328,0.6272189617156982,0.25065091252326965
YCR091W,YHL006C,0,2.180028,0.20254777371883392,0.6272189617156982,0.2507510483264923
YIL033C,YLR247C,0,2.1794288,0.20248328149318695,0.6272189617156982,0.25085118412971497
YGL098W,YLR417W,0,2.1792467,0.20241884887218475,0.6272189617156982,0.2509513199329376
YDR201W,YMR072W,0,2.1791894,0.20235443115234375,0.6272189617156982,0.25105148553848267
YJR049C,YBR065C,0,2.1790874,0.20229007303714752,0.6272189617156982,0.2511516213417053
YNL318C,YMR091C,0,2.1788514,0.20222575962543488,0.6272189617156982,0.251251757144928
YER063W,YHR080C,0,2.178222,0.20216147601604462,0.6272189617156982,0.25135189294815063
YCR091W,YGR097W,0,2.177949,0.20209723711013794,0.6272189617156982,0.2514520287513733
YCL016C,YNR037C,0,2.1777887,0.20203304290771484,0.6272189617156982,0.25155216455459595
YMR072W,YCL001W,0,2.1775331,0.20196887850761414,0.6272189617156982,0.2516523003578186
YOR068C,YPL239W,0,2.177426,0.201904758810997,0.6272189617156982,0.25175246596336365
YJR150C,YKL058W,0,2.1771739,0.20184068381786346,0.6272189617156982,0.2518526017665863
YJR073C,YKL185W,0,2.177007,0.2017766535282135,0.6272189617156982,0.25195273756980896
YKL040C,YLR263W,0,2.176852,0.20171265304088593,0.6272189617156982,0.2520528733730316
YPL133C,YER109C,0,2.1765487,0.20164869725704193,0.6272189617156982,0.2521530091762543
YNL287W,YHR080C,0,2.176376,0.20158478617668152,0.6272189617156982,0.25225314497947693
YDR350C,YLR360W,0,2.1761425,0.2015209197998047,0.6272189617156982,0.2523532807826996
YCR036W,YBL100W-B,0,2.175793,0.20145708322525024,0.6272189617156982,0.25245344638824463
YDR126W,YBR160W,1,2.1751933,0.20170994102954865,0.6282051205635071,0.25245344638824463
YJR049C,YOR319W,0,2.1749842,0.201646089553833,0.6282051205635071,0.2525535821914673
YAR009C,YBR094W,0,2.1748345,0.20158228278160095,0.6282051205635071,0.25265371799468994
YLR037C,YIL137C,0,2.1748059,0.20151850581169128,0.6282051205635071,0.2527538537979126
YJR042W,YER033C,0,2.174608,0.2014547735452652,0.6282051205635071,0.25285398960113525
YBR146W,YKL040C,0,2.1745024,0.2013910859823227,0.6282051205635071,0.2529541254043579
YDR482C,YHR194W,0,2.1741874,0.20132742822170258,0.6282051205635071,0.25305426120758057
YKR072C,YDR284C,0,2.174176,0.20126383006572723,0.6282051205635071,0.2531544268131256
YLR220W,YNL068C,0,2.1727216,0.20120024681091309,0.6282051205635071,0.25325456261634827
YDL091C,YHR197W,0,2.172709,0.2011367231607437,0.6282051205635071,0.2533546984195709
YHR185C,YPR131C,0,2.1722844,0.20107322931289673,0.6282051205635071,0.2534548342227936
YKR053C,YER155C,0,2.1718175,0.20100978016853333,0.6282051205635071,0.25355497002601624
YFR040W,YDR464W,0,2.1716726,0.2009463757276535,0.6282051205635071,0.2536551058292389
YLL033W,YHR152W,1,2.1714513,0.20119835436344147,0.6291913390159607,0.2536551058292389
YNL031C,YJR131W,0,2.1696873,0.20113493502140045,0.6291913390159607,0.25375527143478394
YLR360W,YPL233W,0,2.169502,0.20107154548168182,0.6291913390159607,0.2538554072380066
YBL080C,YHR037W,0,2.1692615,0.20100818574428558,0.6291913390159607,0.25395554304122925
YDL240W,YFL025C,0,2.1686585,0.20094488561153412,0.6291913390159607,0.2540556788444519
YPR173C,YPL116W,0,2.1682703,0.20088161528110504,0.6291913390159607,0.25415581464767456
YIR026C,YPL135W,0,2.1681106,0.20081837475299835,0.6291913390159607,0.2542559504508972
YNL045W,YDL012C,0,2.1677945,0.20075519382953644,0.6291913390159607,0.2543560862541199
YBR043C,YGL006W,0,2.1671894,0.2006920427083969,0.6291913390159607,0.2544562518596649
YMR081C,YGR060W,0,2.1671765,0.20062893629074097,0.6291913390159607,0.2545563876628876
YBR279W,YLR337C,0,2.1668074,0.2005658596754074,0.6291913390159607,0.25465652346611023
YPL137C,YDR303C,0,2.1664472,0.20050282776355743,0.6291913390159607,0.2547566592693329
YCL051W,YOR032C,0,2.1657975,0.20043984055519104,0.6291913390159607,0.25485679507255554
YJL012C,YKR053C,0,2.1649606,0.20037688314914703,0.6291913390159607,0.2549569308757782
YGR059W,YOL071W,1,2.1648037,0.20062793791294098,0.6301774978637695,0.2549569308757782
YPL138C,YER044C-A,0,2.1643336,0.20056496560573578,0.6301774978637695,0.25505706667900085
YIL098C,YMR226C,0,2.164169,0.20050203800201416,0.6301774978637695,0.2551572322845459
YGR007W,YDR040C,0,2.164031,0.20043914020061493,0.6301774978637695,0.25525736808776855
YNR019W,YDL018C,0,2.1636293,0.20037628710269928,0.6301774978637695,0.2553575038909912
YCR091W,YPL018W,0,2.1636262,0.2003134787082672,0.6301774978637695,0.25545763969421387
YOR090C,YNL183C,0,2.163623,0.20025070011615753,0.6301774978637695,0.2555577754974365
YBR149W,YML047C,0,2.1635926,0.20018796622753143,0.6301774978637695,0.2556579113006592
YGL093W,YMR226C,0,2.1633604,0.20012527704238892,0.6301774978637695,0.25575804710388184
YDR375C,YGR122W,0,2.1632116,0.2000626176595688,0.6301774978637695,0.2558582127094269
YHR096C,YAL051W,0,2.1631377,0.20000000298023224,0.6301774978637695,0.25595834851264954
YDR377W,YDL105W,0,2.162499,0.19993741810321808,0.6301774978637695,0.2560584843158722
YOR019W,YNL180C,0,2.1614373,0.1998748779296875,0.6301774978637695,0.25615862011909485
YDR004W,YEL048C,0,2.1614044,0.1998123824596405,0.6301774978637695,0.2562587559223175
YDL072C,YJL013C,0,2.161144,0.1997499167919159,0.6301774978637695,0.25635889172554016
YOR334W,YGR040W,0,2.160611,0.19968749582767487,0.6301774978637695,0.2564590573310852
YJR109C,YNL132W,0,2.1605957,0.19962511956691742,0.6301774978637695,0.25655919313430786
YMR195W,YNL176C,0,2.160214,0.19956277310848236,0.6301774978637695,0.2566593289375305
YKR075C,YML047C,0,2.1600053,0.19950047135353088,0.6301774978637695,0.2567594647407532
YMR232W,YPR010C,0,2.1597664,0.1994381994009018,0.6301774978637695,0.25685960054397583
YCL051W,YNL214W,0,2.1594017,0.1993759721517563,0.6301774978637695,0.2569597363471985
YPR110C,YOR192C,0,2.159067,0.19931378960609436,0.6301774978637695,0.25705987215042114
YNL025C,YDR515W,0,2.1588569,0.19925163686275482,0.6301774978637695,0.2571600377559662
YPL100W,YLR432W,0,2.158603,0.19918952882289886,0.6301774978637695,0.25726017355918884
YLR234W,YHR150W,0,2.1584241,0.1991274505853653,0.6301774978637695,0.2573603093624115
YGL006W,YKL079W,0,2.1584008,0.1990654170513153,0.6301774978637695,0.25746044516563416
YJL059W,YGR174C,0,2.1575902,0.1990034282207489,0.6301774978637695,0.2575605809688568
YFL049W,YLR323C,0,2.1569252,0.19894146919250488,0.6301774978637695,0.25766071677207947
YBR060C,YBR180W,0,2.1567671,0.19887955486774445,0.6301774978637695,0.2577608525753021
YLR466W,YCL039W,0,2.1566703,0.1988176703453064,0.6301774978637695,0.25786101818084717
YAR042W,YOR249C,0,2.156635,0.19875583052635193,0.6301774978637695,0.2579611539840698
YBR065C,YLR292C,0,2.1565437,0.19869403541088104,0.6301774978637695,0.2580612897872925
YPL171C,YML031W,0,2.156125,0.19863227009773254,0.6301774978637695,0.25816142559051514
YPL126W,YNL176C,0,2.1559856,0.19857053458690643,0.6301774978637695,0.2582615613937378
YAR042W,YPR141C,0,2.155523,0.1985088586807251,0.6301774978637695,0.25836169719696045
YLR059C,YBR212W,0,2.1553438,0.19844719767570496,0.6301774978637695,0.2584618330001831
YBR043C,YMR105C,0,2.1547897,0.1983855962753296,0.6301774978637695,0.25856199860572815
YOL020W,YPR154W,0,2.1543188,0.1983240246772766,0.6301774978637695,0.2586621344089508
YDR377W,YKR072C,0,2.1541955,0.19826248288154602,0.6301774978637695,0.25876227021217346
YNL133C,YER023W,0,2.1539602,0.198200985789299,0.6301774978637695,0.2588624060153961
YLR004C,YOR081C,0,2.153363,0.19813953340053558,0.6301774978637695,0.2589625418186188
YHR120W,YHR118C,0,2.1533198,0.19807811081409454,0.6301774978637695,0.25906267762184143
YLR058C,YNL068C,0,2.1523974,0.19801673293113708,0.6301774978637695,0.2591628134250641
YKL110C,YDR407C,0,2.1522834,0.19795538485050201,0.6301774978637695,0.25926297903060913
YOR014W,YMR167W,1,2.151247,0.19820377230644226,0.6311637163162231,0.25926297903060913
YGR097W,YJL196C,0,2.150467,0.198142409324646,0.6311637163162231,0.2593631148338318
YPL075W,YMR156C,0,2.1495113,0.1980810910463333,0.6311637163162231,0.25946325063705444
YGL006W,YJR049C,0,2.1494725,0.19801980257034302,0.6311637163162231,0.2595633864402771
YJR117W,YIR019C,0,2.1494248,0.1979585587978363,0.6311637163162231,0.25966352224349976
YOR087W,YEL044W,0,2.1494215,0.19789734482765198,0.6311637163162231,0.2597636580467224
YPR003C,YNR059W,0,2.149248,0.19783616065979004,0.6311637163162231,0.25986382365226746
YPR143W,YDL124W,0,2.1492116,0.19777503609657288,0.6311637163162231,0.2599639594554901
YMR101C,YFR014C,0,2.1491551,0.1977139264345169,0.6311637163162231,0.26006409525871277
YKL006C-A,YBR295W,0,2.1483085,0.1976528763771057,0.6311637163162231,0.2601642310619354
YER176W,YDR516C,0,2.1482604,0.1975918561220169,0.6311637163162231,0.2602643668651581
YGR205W,YPL254W,0,2.1481621,0.1975308656692505,0.6311637163162231,0.26036450266838074
YDR375C,YLR260W,0,2.1480942,0.19746991991996765,0.6311637163162231,0.2604646384716034
YKL196C,YBR045C,0,2.1480682,0.1974090039730072,0.6311637163162231,0.26056480407714844
YOR090C,YDR309C,0,2.1480641,0.19734813272953033,0.6311637163162231,0.2606649398803711
YPL100W,YMR275C,0,2.1478908,0.19728730618953705,0.6311637163162231,0.26076507568359375
YGR212W,YML011C,0,2.14762,0.19722650945186615,0.6311637163162231,0.2608652114868164
YML004C,YLR190W,0,2.147059,0.19716574251651764,0.6311637163162231,0.26096534729003906
YDR212W,YER071C,0,2.1468594,0.1971050202846527,0.6311637163162231,0.2610654830932617
YMR261C,YLR323C,0,2.1465576,0.19704432785511017,0.6311637163162231,0.2611656188964844
YGR217W,YPL173W,0,2.1454232,0.1969836801290512,0.6311637163162231,0.2612657845020294
YHR165C,YOL095C,0,2.1453395,0.19692307710647583,0.6311637163162231,0.2613659203052521
YDR515W,YDR308C,0,2.1446435,0.19686250388622284,0.6311637163162231,0.26146605610847473
YPL133C,YNL038W,0,2.1434615,0.19680197536945343,0.6311637163162231,0.2615661919116974
YDR148C,YDR256C,0,2.143347,0.1967414766550064,0.6311637163162231,0.26166632771492004
YER038C,YPL235W,0,2.1430526,0.19668100774288177,0.6311637163162231,0.2617664635181427
YOL032W,YAL026C,0,2.1430213,0.19662058353424072,0.6311637163162231,0.26186659932136536
YLR258W,YCR031C,0,2.1427147,0.19656018912792206,0.6311637163162231,0.2619667649269104
YLR102C,YNL288W,0,2.142707,0.19649983942508698,0.6311637163162231,0.26206690073013306
YCR105W,YNL278W,0,2.1413457,0.19643953442573547,0.6311637163162231,0.2621670365333557
YBR112C,YIL062C,0,2.1405542,0.19637925922870636,0.6311637163162231,0.26226717233657837
YHR185C,YER095W,1,2.1403244,0.19662576913833618,0.632149875164032,0.26226717233657837
YLR060W,YOL116W,0,2.1403024,0.19656546413898468,0.632149875164032,0.262367308139801
YOL154W,YLR017W,0,2.1402085,0.19650521874427795,0.632149875164032,0.2624674439430237
YDR406W,YIL167W,0,2.1396248,0.19644498825073242,0.632149875164032,0.26256757974624634
YML100W,YHR154W,0,2.1395686,0.19638480246067047,0.632149875164032,0.2626677453517914
YOR191W,YLR181C,0,2.139431,0.1963246613740921,0.632149875164032,0.26276788115501404
YGL142C,YDL160C,0,2.1392784,0.19626455008983612,0.632149875164032,0.2628680169582367
YDL239C,YER133W,1,2.1383126,0.19651055335998535,0.6331360936164856,0.2628680169582367
YDR261C,YDR273W,0,2.1382177,0.19645042717456818,0.6331360936164856,0.26296815276145935
YHR146W,YDR178W,0,2.1381977,0.1963903307914734,0.6331360936164856,0.263068288564682
YNR038W,YDL076C,0,2.138149,0.19633027911186218,0.6331360936164856,0.26316842436790466
YHR006W,YLR288C,0,2.138061,0.19627025723457336,0.6331360936164856,0.2632685899734497
YDL189W,YMR274C,0,2.1379597,0.19621026515960693,0.6331360936164856,0.26336872577667236
YPL061W,YDR200C,0,2.1376607,0.19615031778812408,0.6331360936164856,0.263468861579895
YPL056C,YGR097W,0,2.1371055,0.19609041512012482,0.6331360936164856,0.2635689973831177
YOR334W,YOR319W,0,2.1358054,0.19603052735328674,0.6331360936164856,0.26366913318634033
YLR190W,YNL029C,0,2.1356313,0.19597069919109344,0.6331360936164856,0.263769268989563
YDR399W,YOR060C,0,2.1355956,0.19591090083122253,0.6331360936164856,0.26386940479278564
YMR232W,YDR009W,0,2.1354327,0.195851132273674,0.6331360936164856,0.2639695703983307
YGR099W,YOR059C,0,2.1352785,0.19579139351844788,0.6331360936164856,0.26406970620155334
YGR212W,YAL007C,0,2.1337461,0.19573171436786652,0.6331360936164856,0.264169842004776
YLR200W,YBL047C,0,2.1337073,0.19567205011844635,0.6331360936164856,0.26426997780799866
YEL018W,YDR287W,0,2.133691,0.19561243057250977,0.6331360936164856,0.2643701136112213
YJL216C,YFR053C,0,2.1334455,0.19555284082889557,0.6331360936164856,0.26447024941444397
YNR049C,YGR108W,1,2.1328776,0.19579780101776123,0.6341223120689392,0.26447024941444397
YDR430C,YDR261C,0,2.1315348,0.19573821127414703,0.6341223120689392,0.2645703852176666
YDR259C,YJL058C,0,2.1302311,0.19567863643169403,0.6341223120689392,0.26467055082321167
YLR102C,YMR230W,0,2.1298177,0.1956191062927246,0.6341223120689392,0.2647706866264343
YDR435C,YGR083C,0,2.1278872,0.19555960595607758,0.6341223120689392,0.264870822429657
YHR004C,YBR136W,1,2.1274345,0.1958041936159134,0.635108470916748,0.264870822429657
YNL056W,YML127W,0,2.1274183,0.19574467837810516,0.635108470916748,0.26497095823287964
YHR120W,YLR352W,0,2.1272643,0.19568520784378052,0.635108470916748,0.2650710940361023
YGR103W,YOR086C,0,2.1272132,0.19562575221061707,0.635108470916748,0.26517122983932495
YMR175W,YHR194W,0,2.127022,0.1955663561820984,0.635108470916748,0.2652713656425476
YOL122C,YBL035C,0,2.1270127,0.1955069750547409,0.635108470916748,0.26537153124809265
YNL183C,YJL196C,0,2.1263535,0.1954476535320282,0.635108470916748,0.2654716670513153
YBR211C,YIL087C,0,2.1259675,0.19538834691047668,0.635108470916748,0.26557180285453796
YER032W,YLR328W,0,2.1258676,0.19532908499240875,0.635108470916748,0.2656719386577606
YLR061W,YDR019C,0,2.124173,0.1952698677778244,0.635108470916748,0.2657720744609833
YFR047C,YOR207C,0,2.1239831,0.19521066546440125,0.635108470916748,0.26587221026420593
YDL247W,YGL018C,0,2.1238205,0.19515150785446167,0.635108470916748,0.265972375869751
YDL106C,YCR021C,0,2.1237319,0.19509239494800568,0.635108470916748,0.26607251167297363
YOR358W,YMR156C,0,2.1231844,0.19503331184387207,0.635108470916748,0.2661726474761963
YER056C,YKL048C,0,2.12283,0.19497425854206085,0.635108470916748,0.26627278327941895
YDR227W,YLR292C,0,2.122507,0.19491524994373322,0.635108470916748,0.2663729190826416
YDR517W,YDL076C,0,2.122455,0.19485627114772797,0.635108470916748,0.26647305488586426
YDR422C,YOR254C,0,2.1223204,0.1947973370552063,0.635108470916748,0.2665731906890869
YGR254W,YNR059W,0,2.1222758,0.19473843276500702,0.635108470916748,0.26667335629463196
YMR318C,YPR134W,0,2.1221888,0.19467955827713013,0.635108470916748,0.2667734920978546
YGR138C,YMR153W,0,2.1218622,0.19462072849273682,0.635108470916748,0.26687362790107727
YOR009W,YLR260W,0,2.1216204,0.1945619285106659,0.635108470916748,0.2669737637042999
YER072W,YHR106W,0,2.1203306,0.19450317323207855,0.635108470916748,0.2670738995075226
YJL162C,YBL007C,0,2.1193333,0.1944444477558136,0.635108470916748,0.26717403531074524
YER044C-A,YBR023C,1,2.1192815,0.1946875900030136,0.6360946893692017,0.26717403531074524
YOR260W,YPL233W,0,2.1187572,0.19462884962558746,0.6360946893692017,0.2672741711139679
YLR411W,YNL118C,0,2.1185138,0.1945701390504837,0.6360946893692017,0.26737433671951294
YPL169C,YER142C,0,2.1176698,0.19451145827770233,0.6360946893692017,0.2674744725227356
YIL033C,YDL211C,0,2.1172354,0.19445282220840454,0.6360946893692017,0.26757460832595825
YML041C,YEL039C,0,2.1163642,0.19439421594142914,0.6360946893692017,0.2676747441291809
YBR054W,YGL127C,0,2.1157248,0.19433563947677612,0.6360946893692017,0.26777487993240356
YAL048C,YLR215C,0,2.1156516,0.1942771077156067,0.6360946893692017,0.2678750157356262
YFR040W,YNL161W,0,2.1156113,0.19421860575675964,0.6360946893692017,0.2679751515388489
YDR178W,YCR018C,0,2.1150897,0.19416014850139618,0.6360946893692017,0.2680753171443939
YPL140C,YNR038W,0,2.1148717,0.1941017210483551,0.6360946893692017,0.2681754529476166
YGL126W,YJR109C,0,2.1148555,0.1940433233976364,0.6360946893692017,0.26827558875083923
YMR286W,YCR038C,0,2.114309,0.1939849555492401,0.6360946893692017,0.2683757245540619
YDL240W,YLR102C,0,2.1140919,0.1939266324043274,0.6360946893692017,0.26847586035728455
YOR258W,YPL040C,0,2.1140025,0.19386835396289825,0.6360946893692017,0.2685759961605072
YIL147C,YGR253C,0,2.1136825,0.1938100904226303,0.6360946893692017,0.26867613196372986
YJR118C,YPL076W,0,2.1132443,0.19375187158584595,0.6360946893692017,0.2687762975692749
YOR267C,YIL008W,0,2.1130798,0.19369369745254517,0.6360946893692017,0.26887643337249756
YGL063W,YGR097W,0,2.112253,0.19363553822040558,0.6360946893692017,0.2689765691757202
YEL005C,YNL055C,0,2.11208,0.19357742369174957,0.6360946893692017,0.26907670497894287
YGR170W,YOR079C,0,2.1120093,0.19351935386657715,0.6360946893692017,0.2691768407821655
YER062C,YDR528W,0,2.1117237,0.1934613138437271,0.6360946893692017,0.2692769765853882
YMR076C,YGR017W,0,2.1110125,0.19340330362319946,0.6360946893692017,0.2693771421909332
YDR175C,YOL051W,0,2.1108391,0.1933453232049942,0.6360946893692017,0.2694772779941559
YGL025C,YLL014W,0,2.110296,0.19328738749027252,0.6360946893692017,0.26957741379737854
YML120C,YNL076W,0,2.1099381,0.19322948157787323,0.6360946893692017,0.2696775496006012
YPR175W,YDL243C,0,2.1097147,0.19317160546779633,0.6360946893692017,0.26977768540382385
YPR131C,YDL119C,0,2.1095135,0.193113774061203,0.6360946893692017,0.2698778212070465
YAL030W,YDL102W,0,2.1094923,0.19305597245693207,0.6360946893692017,0.26997795701026917
YOL078W,YKL002W,0,2.1094656,0.19299820065498352,0.6360946893692017,0.2700781226158142
YNL328C,YDR028C,0,2.1091547,0.19294047355651855,0.6360946893692017,0.27017825841903687
YDR513W,YOL042W,0,2.1082585,0.19288277626037598,0.6360946893692017,0.2702783942222595
YHR149C,YML076C,0,2.1082263,0.1928251087665558,0.6360946893692017,0.2703785300254822
YMR262W,YGL018C,0,2.107962,0.19276748597621918,0.6360946893692017,0.27047866582870483
YIL153W,YMR230W,0,2.107172,0.19270989298820496,0.6360946893692017,0.2705788016319275
YJL012C,YML096W,0,2.10713,0.19265232980251312,0.6360946893692017,0.27067893743515015
YAL015C,YER093C,0,2.1064425,0.19259481132030487,0.6360946893692017,0.2707791030406952
YPL169C,YDR323C,0,2.1063845,0.1925373077392578,0.6360946893692017,0.27087923884391785
YOR002W,YPR068C,0,2.1056087,0.19247986376285553,0.6360946893692017,0.2709793746471405
YOR334W,YPR010C,0,2.1054509,0.19242243468761444,0.6360946893692017,0.27107951045036316
YCL044C,YNL041C,0,2.1045775,0.19236505031585693,0.6360946893692017,0.2711796462535858
YNL059C,YGL096W,0,2.103899,0.19230769574642181,0.6360946893692017,0.27127978205680847
YGR138C,YBR168W,0,2.1035073,0.19225037097930908,0.6360946893692017,0.27137991786003113
YKR078W,YKL054C,0,2.1031992,0.19219309091567993,0.6360946893692017,0.27148008346557617
YMR220W,YHR214W,0,2.1030395,0.19213584065437317,0.6360946893692017,0.27158021926879883
YKL155C,YJR108W,0,2.102612,0.1920786201953888,0.6360946893692017,0.2716803550720215
YLR411W,YMR091C,0,2.1020982,0.1920214295387268,0.6360946893692017,0.27178049087524414
YNR048W,YER028C,0,2.100519,0.1919642835855484,0.6360946893692017,0.2718806266784668
YDR039C,YOR011W,0,2.1004503,0.19190716743469238,0.6360946893692017,0.27198076248168945
YIL017C,YMR079W,1,2.0997071,0.19214753806591034,0.6370808482170105,0.27198076248168945
YHR165C,YDL139C,0,2.0995889,0.19209039211273193,0.6370808482170105,0.2720809280872345
YDR127W,YJL035C,0,2.09918,0.1920332908630371,0.6370808482170105,0.27218106389045715
YJL110C,YDL243C,0,2.0989475,0.19197621941566467,0.6370808482170105,0.2722811996936798
YOR383C,YIL167W,0,2.0985806,0.19191919267177582,0.6370808482170105,0.27238133549690247
YNL076W,YDR176W,0,2.097667,0.19186219573020935,0.6370808482170105,0.2724814713001251
YPR095C,YHR154W,0,2.0974758,0.19180522859096527,0.6370808482170105,0.2725816071033478
YDR243C,YKL134C,0,2.0974257,0.19174829125404358,0.6370808482170105,0.27268174290657043
YGL213C,YMR190C,1,2.0971656,0.19198812544345856,0.6380670666694641,0.27268174290657043
YIL137C,YGL093W,0,2.0968459,0.19193117320537567,0.6380670666694641,0.2727819085121155
YOR192C,YGL111W,0,2.0963867,0.19187426567077637,0.6380670666694641,0.27288204431533813
YBR029C,YHR190W,0,2.09564,0.19181737303733826,0.6380670666694641,0.2729821801185608
YIL106W,YOR065W,0,2.0952008,0.19176052510738373,0.6380670666694641,0.27308231592178345
YBL038W,YNL216W,0,2.0942187,0.1917037069797516,0.6380670666694641,0.2731824517250061
YIL153W,YMR313C,0,2.0939353,0.19164691865444183,0.6380670666694641,0.27328258752822876
YGR202C,YOR380W,0,2.093263,0.19159017503261566,0.6380670666694641,0.2733827233314514
YGL016W,YGR142W,0,2.0925417,0.19153344631195068,0.6380670666694641,0.27348288893699646
YDR323C,YBR295W,0,2.0924282,0.1914767622947693,0.6380670666694641,0.2735830247402191
YDR528W,YOL061W,0,2.0918186,0.19142012298107147,0.6380670666694641,0.2736831605434418
YGR212W,YOR132W,0,2.0912826,0.19136349856853485,0.6380670666694641,0.27378329634666443
YML098W,YDR135C,0,2.0898445,0.1913069188594818,0.6380670666694641,0.2738834321498871
YOR172W,YEL024W,0,2.089621,0.19125036895275116,0.6380670666694641,0.27398356795310974
YDL247W,YEL024W,0,2.0891514,0.1911938488483429,0.6380670666694641,0.2740837037563324
YDL091C,YGR004W,0,2.0890634,0.1911373734474182,0.6380670666694641,0.27418386936187744
YDR126W,YGL183C,1,2.0889366,0.19137625396251678,0.639053225517273,0.27418386936187744
YOL042W,YER060W,0,2.088752,0.19131974875926971,0.639053225517273,0.2742840051651001
YFR031C-A,YOR060C,0,2.0886495,0.19126328825950623,0.639053225517273,0.27438414096832275
YFR031C-A,YGL194C,0,2.0878966,0.19120684266090393,0.639053225517273,0.2744842767715454
YHR139C,YOR086C,0,2.0878751,0.19115044176578522,0.639053225517273,0.27458441257476807
YOL012C,YGR097W,0,2.0877192,0.1910940706729889,0.639053225517273,0.2746845483779907
YAL030W,YBR045C,0,2.0877144,0.19103772938251495,0.639053225517273,0.2747846841812134
YBR065C,YGR120C,0,2.0875938,0.1909814327955246,0.639053225517273,0.2748848497867584
YER033C,YPL049C,0,2.087505,0.19092516601085663,0.639053225517273,0.2749849855899811
YDR201W,YDR407C,0,2.087048,0.19086892902851105,0.639053225517273,0.27508512139320374
YMR242C,YHR080C,0,2.0863671,0.19081272184848785,0.639053225517273,0.2751852571964264
YOR247W,YNL287W,0,2.0859663,0.19075654447078705,0.639053225517273,0.27528539299964905
YOR189W,YLL053C,0,2.0850031,0.19070041179656982,0.639053225517273,0.2753855288028717
YKL194C,YCR091W,0,2.084369,0.190644308924675,0.639053225517273,0.27548569440841675
YFR014C,YGL085W,0,2.0839732,0.19058823585510254,0.639053225517273,0.2755858302116394
YMR318C,YLR194C,0,2.0837917,0.19053219258785248,0.639053225517273,0.27568596601486206
YPL013C,YNL180C,0,2.0834796,0.190476194024086,0.639053225517273,0.2757861018180847
YNL221C,YMR118C,0,2.0824296,0.1904202103614807,0.639053225517273,0.2758862376213074
YKR075C,YMR072W,0,2.0816116,0.190364271402359,0.639053225517273,0.27598637342453003
YAL002W,YDR007W,0,2.0809507,0.1903083771467209,0.639053225517273,0.2760865092277527
YDR273W,YER012W,1,2.080588,0.19054609537124634,0.6400394439697266,0.2760865092277527
YAR042W,YPR057W,0,2.0803244,0.19049017131328583,0.6400394439697266,0.27618667483329773
YJR132W,YGR266W,0,2.078397,0.1904342770576477,0.6400394439697266,0.2762868106365204
YNL059C,YGL144C,0,2.0779169,0.19037841260433197,0.6400394439697266,0.27638694643974304
YLR451W,YIL087C,0,2.0776346,0.19032257795333862,0.6400394439697266,0.2764870822429657
YMR318C,YER176W,0,2.0773308,0.19026678800582886,0.6400394439697266,0.27658721804618835
YGL142C,YHR103W,0,2.0769815,0.19021101295948029,0.6400394439697266,0.276687353849411
YKR064W,YBR028C,0,2.0769274,0.1901552826166153,0.6400394439697266,0.27678748965263367
YLR194C,YML076C,0,2.0767038,0.1900995969772339,0.6400394439697266,0.2768876552581787
YDL220C,YLL018C-A,0,2.0765097,0.19004392623901367,0.6400394439697266,0.27698779106140137
YKL040C,YHL021C,0,2.0763245,0.18998828530311584,0.6400394439697266,0.277087926864624
YJL078C,YGR030C,0,2.0763083,0.1899326890707016,0.6400394439697266,0.2771880626678467
YNR024W,YGL194C,0,2.0760038,0.18987712264060974,0.6400394439697266,0.27728819847106934
YOR027W,YHL021C,0,2.075617,0.18982158601284027,0.6400394439697266,0.277388334274292
YOR250C,YMR002W,0,2.0752528,0.1897660791873932,0.6400394439697266,0.27748847007751465
YDR516C,YHR133C,0,2.075236,0.1897106170654297,0.6400394439697266,0.2775886356830597
YKR093W,YGL093W,0,2.0745409,0.18965516984462738,0.6400394439697266,0.27768877148628235
YDR513W,YPL161C,0,2.07453,0.18959976732730865,0.6400394439697266,0.277788907289505
YKR100C,YER109C,0,2.0744836,0.18954439461231232,0.6400394439697266,0.27788904309272766
YER179W,YER176W,0,2.0739386,0.18948905169963837,0.6400394439697266,0.2779891788959503
YKL045W,YNL173C,0,2.0735772,0.1894337385892868,0.6400394439697266,0.278089314699173
YLL016W,YCL064C,0,2.0734355,0.18937847018241882,0.6400394439697266,0.27818945050239563
YBL008W,YIL087C,0,2.0728161,0.18932321667671204,0.6400394439697266,0.2782896161079407
YOR229W,YLL005C,1,2.0725894,0.18955963850021362,0.6410256624221802,0.2782896161079407
YBL080C,YFR025C,0,2.0724847,0.18950437009334564,0.6410256624221802,0.27838975191116333
YPR110C,YFL011W,0,2.0716417,0.18944914638996124,0.6410256624221802,0.278489887714386
YKL081W,YJL216C,0,2.071414,0.18939393758773804,0.6410256624221802,0.27859002351760864
YIL144W,YJR096W,0,2.0707152,0.1893387734889984,0.6410256624221802,0.2786901593208313
YGR296W,YLR384C,0,2.0705242,0.18928363919258118,0.6410256624221802,0.27879029512405396
YMR048W,YIL030C,0,2.0701878,0.18922853469848633,0.6410256624221802,0.278890460729599
YOR177C,YBR114W,0,2.0700123,0.18917346000671387,0.6410256624221802,0.27899059653282166
YJL186W,YOL076W,0,2.0699615,0.1891184151172638,0.6410256624221802,0.2790907323360443
YBR168W,YPR086W,0,2.069722,0.1890634149312973,0.6410256624221802,0.27919086813926697
YMR156C,YER071C,0,2.0692742,0.189008429646492,0.6410256624221802,0.2792910039424896
YLR223C,YMR105C,0,2.067601,0.1889534890651703,0.6410256624221802,0.2793911397457123
YPR173C,YHL021C,0,2.0674965,0.18889857828617096,0.6410256624221802,0.27949127554893494
YOR253W,YOR103C,0,2.0674388,0.18884369730949402,0.6410256624221802,0.27959144115448
YGR082W,YLR363C,0,2.0671067,0.18878884613513947,0.6410256624221802,0.27969157695770264
YPL168W,YNL161W,0,2.0666475,0.1887340247631073,0.6410256624221802,0.2797917127609253
YOR193W,YJL186W,0,2.0660481,0.18867924809455872,0.6410256624221802,0.27989184856414795
YNL167C,YPR141C,0,2.0655406,0.18862448632717133,0.6410256624221802,0.2799919843673706
YPR120C,YPR133C,0,2.0641642,0.18856976926326752,0.6410256624221802,0.28009212017059326
YGL058W,YOR227W,0,2.0632975,0.1885150820016861,0.6410256624221802,0.2801922559738159
YIL098C,YAL026C,0,2.0632026,0.18846042454242706,0.6410256624221802,0.28029242157936096
YLR190W,YOR158W,0,2.0624797,0.18840579688549042,0.6410256624221802,0.2803925573825836
YOR026W,YKR095W,0,2.0616114,0.18835119903087616,0.6410256624221802,0.2804926931858063
YDR235W,YNL317W,0,2.0614655,0.18829664587974548,0.6410256624221802,0.28059282898902893
YFL025C,YJR150C,0,2.061376,0.188242107629776,0.6410256624221802,0.2806929647922516
YPL248C,YLR328W,0,2.0610054,0.1881876140832901,0.6410256624221802,0.28079310059547424
YMR041C,YCL051W,0,2.0608265,0.1881331354379654,0.6410256624221802,0.2808932363986969
YLR284C,YLR215C,0,2.0600498,0.18807870149612427,0.6410256624221802,0.28099340200424194
YPL001W,YKR075C,0,2.059672,0.18802429735660553,0.6410256624221802,0.2810935378074646
YGR202C,YLL016W,0,2.0593607,0.18796992301940918,0.6410256624221802,0.28119367361068726
YOR249C,YHR106W,0,2.0591033,0.18791557848453522,0.6410256624221802,0.2812938094139099
YFL003C,YJL168C,1,2.059091,0.1881502866744995,0.642011821269989,0.2812938094139099
YER040W,YKR049C,0,2.0584993,0.18809592723846436,0.642011821269989,0.28139394521713257
YDR545W,YGL192W,0,2.057935,0.1880415976047516,0.642011821269989,0.2814940810203552
YDR372C,YDR244W,0,2.0579264,0.1879872977733612,0.642011821269989,0.28159424662590027
YDL220C,YOR172W,0,2.0575511,0.1879330277442932,0.642011821269989,0.2816943824291229
YJR073C,YBR086C,0,2.0572836,0.1878787875175476,0.642011821269989,0.2817945182323456
YCR107W,YBR065C,0,2.0559618,0.1878245770931244,0.642011821269989,0.28189465403556824
YGL226W,YPL161C,0,2.0554736,0.18777041137218475,0.642011821269989,0.2819947898387909
YER095W,YLR399C,1,2.0548797,0.18800461292266846,0.6429980397224426,0.2819947898387909
YOL032W,YEL051W,0,2.0544174,0.18795041739940643,0.6429980397224426,0.28209492564201355
YLR234W,YBR060C,0,2.0543442,0.1878962516784668,0.6429980397224426,0.2821950614452362
YOR048C,YBR149W,0,2.0536745,0.18784211575984955,0.6429980397224426,0.28229522705078125
YLR272C,YNL088W,1,2.0536141,0.18807603418827057,0.6439841985702515,0.28229522705078125
YOL116W,YDL123W,0,2.0532382,0.18802188336849213,0.6439841985702515,0.2823953628540039
YIL052C,YIL153W,0,2.052831,0.18796776235103607,0.6439841985702515,0.28249549865722656
YOR011W,YOR009W,0,2.052014,0.1879136711359024,0.6439841985702515,0.2825956344604492
YHR001W-A,YOL095C,0,2.051967,0.18785960972309113,0.6439841985702515,0.2826957702636719
YBR153W,YDL102W,0,2.051775,0.18780557811260223,0.6439841985702515,0.28279590606689453
YJL074C,YLR234W,1,2.0515146,0.18803910911083221,0.6449704170227051,0.28279590606689453
YDR464W,YGR296W,0,2.0514722,0.18798504769802094,0.6449704170227051,0.2828960418701172
YER040W,YER109C,0,2.05116,0.18793103098869324,0.6449704170227051,0.28299620747566223
YNL286W,YMR001C,0,2.05114,0.18787704408168793,0.6449704170227051,0.2830963432788849
YBR130C,YLR019W,0,2.050594,0.187823086977005,0.6449704170227051,0.28319647908210754
YDR189W,YPR055W,0,2.0495765,0.18776915967464447,0.6449704170227051,0.2832966148853302
YOR189W,YOL023W,0,2.0491884,0.18771527707576752,0.6449704170227051,0.28339675068855286
YJL074C,YER115C,1,2.0490568,0.1879483461380005,0.6459566354751587,0.28339675068855286
YIL033C,YDL139C,0,2.0489066,0.18789443373680115,0.6459566354751587,0.2834968864917755
YNL247W,YJL168C,0,2.0476315,0.1878405511379242,0.6459566354751587,0.28359702229499817
YLR411W,YIL153W,0,2.047385,0.18778669834136963,0.6459566354751587,0.2836971879005432
YML100W,YPL061W,0,2.046601,0.18773287534713745,0.6459566354751587,0.28379732370376587
YDL240W,YOR250C,0,2.0457299,0.18767908215522766,0.6459566354751587,0.2838974595069885
YDR482C,YMR177W,0,2.0448987,0.18762531876564026,0.6459566354751587,0.2839975953102112
YLR023C,YBR045C,0,2.0448396,0.18757158517837524,0.6459566354751587,0.28409773111343384
YGR254W,YPL209C,0,2.044251,0.1875178962945938,0.6459566354751587,0.2841978669166565
YDL240W,YOR335C,0,2.0442374,0.18746422231197357,0.6459566354751587,0.28429800271987915
YCR016W,YBR003W,0,2.0416205,0.18741059303283691,0.6459566354751587,0.2843981683254242
YMR041C,YJR123W,0,2.041363,0.18735697865486145,0.6459566354751587,0.28449830412864685
YMR105C,YLL014W,0,2.0409744,0.18730340898036957,0.6459566354751587,0.2845984399318695
YOR049C,YIL053W,0,2.0404694,0.18724985420703888,0.6459566354751587,0.28469857573509216
YNL318C,YLR417W,0,2.0385766,0.18719634413719177,0.6459566354751587,0.2847987115383148
YNL133C,YNL173C,0,2.0374448,0.18714286386966705,0.6459566354751587,0.2848988473415375
YIL017C,YAL068C,1,2.0370934,0.1873750388622284,0.6469427943229675,0.2848988473415375
YGL018C,YCL035C,0,2.0369418,0.1873215287923813,0.6469427943229675,0.2849990129470825
YHR210C,YML061C,0,2.0367672,0.18726804852485657,0.6469427943229675,0.2850991487503052
YHR033W,YLR001C,0,2.036454,0.18721461296081543,0.6469427943229675,0.28519928455352783
YOR016C,YCR024C,0,2.0364292,0.18716119229793549,0.6469427943229675,0.2852994203567505
YPL169C,YER123W,0,2.03632,0.18710781633853912,0.6469427943229675,0.28539955615997314
YGL104C,YOL084W,0,2.0361788,0.18705445528030396,0.6469427943229675,0.2854996919631958
YLL031C,YGR057C,0,2.0359247,0.18700113892555237,0.6469427943229675,0.28559982776641846
YDR076W,YML095C,1,2.0355675,0.1872328370809555,0.6479290127754211,0.28559982776641846
YER062C,YMR207C,0,2.0353117,0.18717949092388153,0.6479290127754211,0.2856999933719635
YKL045W,YNL176C,0,2.0348284,0.18712617456912994,0.6479290127754211,0.28580012917518616
YIL173W,YLR067C,0,2.0342376,0.18707288801670074,0.6479290127754211,0.2859002649784088
YKL149C,YBR109C,0,2.0339227,0.18701964616775513,0.6479290127754211,0.28600040078163147
YDR204W,YGL116W,0,2.033859,0.1869664192199707,0.6479290127754211,0.2861005365848541
YJR132W,YPR199C,0,2.0337646,0.18691322207450867,0.6479290127754211,0.2862006723880768
YER100W,YPR008W,0,2.0337641,0.1868600696325302,0.6479290127754211,0.28630080819129944
YHR157W,YER115C,1,2.0330749,0.18709127604961395,0.64891517162323,0.28630080819129944
YPR188C,YCR105W,0,2.032736,0.1870380938053131,0.64891517162323,0.2864009737968445
YOR258W,YJL196C,0,2.0314643,0.18698494136333466,0.64891517162323,0.28650110960006714
YCR036W,YDR257C,0,2.031065,0.1869318187236786,0.64891517162323,0.2866012454032898
YJL059W,YNL066W,0,2.0310285,0.1868787258863449,0.64891517162323,0.28670138120651245
YOL126C,YJL058C,0,2.0305116,0.18682566285133362,0.64891517162323,0.2868015170097351
YCL016C,YJL179W,0,2.0303288,0.18677262961864471,0.64891517162323,0.28690165281295776
YGR202C,YGL087C,0,2.0300927,0.1867196410894394,0.64891517162323,0.2870017886161804
YDL235C,YLR068W,0,2.0299122,0.18666666746139526,0.64891517162323,0.28710195422172546
YOL012C,YNL216W,0,2.0297298,0.18661372363567352,0.64891517162323,0.2872020900249481
YIL130W,YJL196C,0,2.0297005,0.18656080961227417,0.64891517162323,0.2873022258281708
YDR545W,YOL084W,0,2.0288732,0.1865079402923584,0.64891517162323,0.28740236163139343
YKR078W,YDR005C,0,2.0288026,0.18645508587360382,0.64891517162323,0.2875024974346161
YBL051C,YLR299W,0,2.0284755,0.18640226125717163,0.64891517162323,0.28760263323783875
YBL031W,YER155C,0,2.0277958,0.18634948134422302,0.64891517162323,0.2877027690410614
YBR005W,YJR027W,0,2.027171,0.1862967163324356,0.64891517162323,0.28780293464660645
YDR323C,YKL043W,0,2.0271444,0.18624398112297058,0.64891517162323,0.2879030704498291
YMR167W,YIL112W,1,2.0264595,0.1864742487668991,0.6499013900756836,0.2879030704498291
YPR007C,YER015W,0,2.0262702,0.1864214986562729,0.6499013900756836,0.28800320625305176
YLR442C,YJR027W,0,2.0261457,0.18636877834796906,0.6499013900756836,0.2881033420562744
YOL069W,YBR301W,0,2.0260487,0.1863160878419876,0.6499013900756836,0.28820347785949707
YGL053W,YPL117C,0,2.0255792,0.18626342713832855,0.6499013900756836,0.2883036136627197
YMR262W,YER093C,0,2.0245364,0.18621079623699188,0.6499013900756836,0.28840377926826477
YHL038C,YBR069C,0,2.0244884,0.1861581951379776,0.6499013900756836,0.2885039150714874
YDR175C,YBL005W,0,2.0243895,0.1861056238412857,0.6499013900756836,0.2886040508747101
YNL133C,YDL134C,0,2.0242186,0.1860530823469162,0.6499013900756836,0.28870418667793274
YMR053C,YPR100W,0,2.0241752,0.18600057065486908,0.6499013900756836,0.2888043224811554
YJL179W,YHL035C,0,2.0236986,0.18594807386398315,0.6499013900756836,0.28890445828437805
YPR055W,YBR003W,0,2.0233781,0.1858956217765808,0.6499013900756836,0.2890045940876007
YGR161C,YBR149W,0,2.0230744,0.18584319949150085,0.6499013900756836,0.28910475969314575
YOR087W,YCL067C,0,2.0229669,0.1857908070087433,0.6499013900756836,0.2892048954963684
YJL127C,YPR046W,0,2.022197,0.1857384443283081,0.6499013900756836,0.28930503129959106
YJL083W,YMR177W,0,2.0217934,0.1856861114501953,0.6499013900756836,0.2894051671028137
YNL084C,YCR092C,1,2.0217204,0.1859154999256134,0.6508875489234924,0.2894051671028137
YKR029C,YCR086W,1,2.020539,0.18614475429058075,0.651873767375946,0.2894051671028137
YLR345W,YBR218C,0,2.0201113,0.186092346906662,0.651873767375946,0.2895053029060364
YKL048C,YJL083W,0,2.0200326,0.1860399693250656,0.651873767375946,0.28960543870925903
YPR188C,YOR113W,0,2.0198205,0.18598762154579163,0.651873767375946,0.2897055745124817
YMR175W,YER033C,0,2.019628,0.18593530356884003,0.651873767375946,0.28980574011802673
YER031C,YOR193W,0,2.019066,0.18588301539421082,0.651873767375946,0.2899058759212494
YGL167C,YGL219C,0,2.01886,0.185830757021904,0.651873767375946,0.29000601172447205
YDL029W,YMR190C,1,2.018558,0.18605957925319672,0.6528599858283997,0.29000601172447205
YHR201C,YDR160W,0,2.0179067,0.1860073059797287,0.6528599858283997,0.2901061475276947
YLL016W,YMR158W,0,2.0174568,0.18595506250858307,0.6528599858283997,0.29020628333091736
YMR081C,YPL043W,0,2.017143,0.18590283393859863,0.6528599858283997,0.29030641913414
YEL006W,YLR263W,0,2.0170298,0.18585065007209778,0.6528599858283997,0.29040655493736267
YKL043W,YKL051W,0,2.0162287,0.18579848110675812,0.6528599858283997,0.2905067205429077
YMR274C,YNL041C,0,2.0150912,0.18574635684490204,0.6528599858283997,0.29060685634613037
YGR212W,YMR059W,0,2.0150187,0.18569424748420715,0.6528599858283997,0.290706992149353
YBR189W,YDL076C,0,2.0150125,0.18564218282699585,0.6528599858283997,0.2908071279525757
YNR032C-A,YHR114W,0,2.0149405,0.18559013307094574,0.6528599858283997,0.29090726375579834
YNL054W,YDL139C,0,2.0148723,0.18553811311721802,0.6528599858283997,0.291007399559021
YBR109C,YBL031W,0,2.0142486,0.18548613786697388,0.6528599858283997,0.29110756516456604
YML067C,YLR258W,0,2.0139785,0.18543417751789093,0.6528599858283997,0.2912077009677887
YDR004W,YIL107C,0,2.0138378,0.18538224697113037,0.6528599858283997,0.29130783677101135
YBR057C,YDR403W,1,2.0137818,0.1856103092432022,0.6538461446762085,0.29130783677101135
YBL035C,YJL173C,0,2.013416,0.18555834889411926,0.6538461446762085,0.291407972574234
YPR003C,YNL062C,0,2.013231,0.1855064332485199,0.6538461446762085,0.29150810837745667
YKR088C,YLL021W,0,2.0124292,0.18545454740524292,0.6538461446762085,0.2916082441806793
YOR048C,YGL045W,0,2.0118306,0.18540269136428833,0.6538461446762085,0.291708379983902
YLR220W,YNL164C,0,2.0116606,0.18535085022449493,0.6538461446762085,0.291808545589447
YNL023C,YOR273C,0,2.0116458,0.18529905378818512,0.6538461446762085,0.2919086813926697
YER007C-A,YDL220C,0,2.011421,0.1852472722530365,0.6538461446762085,0.29200881719589233
YCL044C,YGL240W,0,2.011256,0.18519553542137146,0.6538461446762085,0.292108952999115
YIL148W,YJL216C,0,2.010758,0.18514381349086761,0.6538461446762085,0.29220908880233765
YLR258W,YJL173C,0,2.0100255,0.18509212136268616,0.6538461446762085,0.2923092246055603
YOL098C,YOR113W,0,2.0096745,0.18504047393798828,0.6538461446762085,0.29240936040878296
YDL209C,YNL068C,0,2.0096514,0.1849888414144516,0.6538461446762085,0.292509526014328
YDR439W,YJL196C,0,2.0092227,0.1849372386932373,0.6538461446762085,0.29260966181755066
YOL076W,YBR208C,0,2.0089407,0.1848856657743454,0.6538461446762085,0.2927097976207733
YLR194C,YMR101C,0,2.0087702,0.18483412265777588,0.6538461446762085,0.29280993342399597
YMR215W,YOR081C,0,2.0087688,0.18478260934352875,0.6538461446762085,0.29291006922721863
YCR065W,YJL058C,0,2.0086434,0.184731125831604,0.6538461446762085,0.2930102050304413
YML100W,YER149C,0,2.008485,0.18467967212200165,0.6538461446762085,0.29311034083366394
YKL134C,YDR168W,0,2.0084608,0.18462823331356049,0.6538461446762085,0.293210506439209
YHR149C,YPR199C,0,2.0083094,0.1845768392086029,0.6538461446762085,0.29331064224243164
YOR334W,YER023W,0,2.0079365,0.18452546000480652,0.6538461446762085,0.2934107780456543
YBL051C,YLR260W,0,2.007821,0.1844741255044937,0.6538461446762085,0.29351091384887695
YBR211C,YER041W,0,2.0075095,0.1844228059053421,0.6538461446762085,0.2936110496520996
YHR202W,YMR125W,0,2.007088,0.18437153100967407,0.6538461446762085,0.29371118545532227
YLR118C,YDL031W,0,2.0069644,0.18432027101516724,0.6538461446762085,0.2938113212585449
YFR010W,YKL134C,0,2.0068827,0.1842690408229828,0.6538461446762085,0.29391148686408997
YPL224C,YBR218C,0,2.0062945,0.18421784043312073,0.6538461446762085,0.2940116226673126
YNL051W,YDR438W,0,2.0057216,0.18416666984558105,0.6538461446762085,0.2941117584705353
YIL075C,YNR038W,0,2.0057085,0.18411552906036377,0.6538461446762085,0.29421189427375793
YPR003C,YKL196C,0,2.0044262,0.18406440317630768,0.6538461446762085,0.2943120300769806
YDR280W,YBR212W,0,2.0041792,0.18401332199573517,0.6538461446762085,0.29441216588020325
YPL169C,YMR002W,0,2.0039785,0.18396227061748505,0.6538461446762085,0.2945123314857483
YIL005W,YGL127C,0,2.0036442,0.18391123414039612,0.6538461446762085,0.29461246728897095
YIL064W,YOL052C-A,0,2.0035727,0.18386022746562958,0.6538461446762085,0.2947126030921936
YKL043W,YBR168W,0,2.003236,0.18380926549434662,0.6538461446762085,0.29481273889541626
YNL132W,YMR040W,0,2.0030282,0.18375831842422485,0.6538461446762085,0.2949128746986389
YJR048W,YML082W,0,2.0030231,0.18370740115642548,0.6538461446762085,0.2950130105018616
YBL025W,YBR121C,0,2.0027692,0.1836565136909485,0.6538461446762085,0.29511314630508423
YNL263C,YPR175W,0,2.0022492,0.18360565602779388,0.6538461446762085,0.2952133119106293
YPR154W,YDL175C,0,2.0018718,0.18355481326580048,0.6538461446762085,0.29531344771385193
YLL033W,YHR014W,1,2.0016139,0.18378078937530518,0.6548323631286621,0.29531344771385193
YNL142W,YHL031C,0,2.0014026,0.18372993171215057,0.6548323631286621,0.2954135835170746
YOR091W,YPL076W,0,2.0008464,0.18367911875247955,0.6548323631286621,0.29551371932029724
YDR273W,YOL090W,1,2.0007339,0.18390487134456635,0.655818521976471,0.29551371932029724
YCR045C,YHR190W,0,2.0002356,0.18385402858257294,0.655818521976471,0.2956138551235199
YER102W,YPL161C,0,1.9999459,0.18380320072174072,0.655818521976471,0.29571399092674255
YOR266W,YPL040C,0,1.9996204,0.1837524175643921,0.655818521976471,0.2958141267299652
YKL150W,YML102W,0,1.9995294,0.18370166420936584,0.655818521976471,0.29591429233551025
YLR058C,YNR059W,0,1.999377,0.1836509257555008,0.655818521976471,0.2960144281387329
YKL197C,YJL179W,0,1.9986069,0.18360021710395813,0.655818521976471,0.29611456394195557
YFR027W,YLR333C,0,1.9973323,0.18354953825473785,0.655818521976471,0.2962146997451782
YCL017C,YLL031C,0,1.9972591,0.18349888920783997,0.655818521976471,0.2963148355484009
YPL234C,YER040W,0,1.9971225,0.18344826996326447,0.655818521976471,0.29641497135162354
YFL049W,YNL216W,0,1.9967365,0.18339768052101135,0.655818521976471,0.2965151071548462
YLR247C,YOR259C,0,1.9964585,0.18334712088108063,0.655818521976471,0.29661527276039124
YOR227W,YPL063W,0,1.9964573,0.1832965761423111,0.655818521976471,0.2967154085636139
YIL073C,YPL022W,1,1.9961462,0.18352162837982178,0.6568047404289246,0.2967154085636139
YBR103W,YPL204W,1,1.9961224,0.1837465614080429,0.6577908992767334,0.2967154085636139
YDR464W,YDR284C,0,1.9954509,0.1836959570646286,0.6577908992767334,0.29681554436683655
YAL002W,YDR439W,0,1.9950686,0.1836453676223755,0.6577908992767334,0.2969156801700592
YIL147C,YHR006W,0,1.9950252,0.18359482288360596,0.6577908992767334,0.29701581597328186
YPL056C,YIL173W,0,1.9939408,0.1835443079471588,0.6577908992767334,0.2971159517765045
YGL063W,YLR258W,0,1.993932,0.18349380791187286,0.6577908992767334,0.29721611738204956
YPL209C,YDR135C,0,1.9937901,0.1834433376789093,0.6577908992767334,0.2973162531852722
YKR093W,YJR153W,0,1.9937098,0.18339291214942932,0.6577908992767334,0.2974163889884949
YIL137C,YPL175W,0,1.9929295,0.18334250152111053,0.6577908992767334,0.29751652479171753
YJR109C,YIR019C,0,1.9926964,0.18329210579395294,0.6577908992767334,0.2976166605949402
YHR146W,YJR131W,0,1.9922447,0.18324175477027893,0.6577908992767334,0.29771679639816284
YPR174C,YOR086C,0,1.9922148,0.1831914335489273,0.6577908992767334,0.2978169322013855
YHR001W-A,YGR083C,0,1.9919384,0.18314112722873688,0.6577908992767334,0.29791709780693054
YOR014W,YCR033W,1,1.9917469,0.1833653599023819,0.658777117729187,0.29791709780693054
YDR309C,YDL223C,0,1.9917328,0.18331503868103027,0.658777117729187,0.2980172336101532
YNL041C,YCR065W,0,1.9909151,0.18326474726200104,0.658777117729187,0.29811736941337585
YKL014C,YAL007C,0,1.9904497,0.1832144856452942,0.658777117729187,0.2982175052165985
YGR055W,YGL171W,0,1.9902405,0.18316423892974854,0.658777117729187,0.29831764101982117
YLR377C,YGR193C,0,1.9896163,0.18311403691768646,0.658777117729187,0.2984177768230438
YOR117W,YBL091C,0,1.9891232,0.18306384980678558,0.658777117729187,0.2985179126262665
YGR165W,YER159C,0,1.9883072,0.1830136924982071,0.658777117729187,0.2986180782318115
YKR096W,YPR067W,0,1.9881508,0.182963564991951,0.658777117729187,0.2987182140350342
YNL199C,YKR064W,0,1.9879456,0.18291346728801727,0.658777117729187,0.29881834983825684
YER159C,YCR063W,0,1.9878564,0.18286339938640594,0.658777117729187,0.2989184856414795
YLR460C,YPL049C,0,1.9876199,0.182813361287117,0.658777117729187,0.29901862144470215
YLR037C,YBR208C,0,1.9875515,0.18276333808898926,0.658777117729187,0.2991187572479248
YDR227W,YKL132C,0,1.9868863,0.1827133446931839,0.658777117729187,0.29921889305114746
YGL126W,YBL007C,0,1.9868705,0.18266338109970093,0.658777117729187,0.2993190586566925
YEL001C,YOL132W,0,1.986583,0.18261344730854034,0.658777117729187,0.29941919445991516
YPL176C,YLR093C,0,1.9855543,0.18256354331970215,0.658777117729187,0.2995193302631378
YKR099W,YDR004W,1,1.9853326,0.18278688192367554,0.6597633361816406,0.2995193302631378
YLR259C,YBR272C,0,1.9851604,0.18273696303367615,0.6597633361816406,0.2996194660663605
YLR083C,YHR185C,0,1.9846897,0.18268705904483795,0.6597633361816406,0.29971960186958313
YOR101W,YOR132W,0,1.9845877,0.18263718485832214,0.6597633361816406,0.2998197376728058
YHR158C,YDR080W,0,1.9841099,0.18258734047412872,0.6597633361816406,0.29991987347602844
YHL038C,YOR117W,0,1.9835931,0.1825375109910965,0.6597633361816406,0.3000200390815735
YEL005C,YER159C,0,1.9831583,0.18248772621154785,0.6597633361816406,0.30012017488479614
YDR517W,YKR031C,0,1.983103,0.1824379563331604,0.6597633361816406,0.3002203106880188
YFR040W,YKL138C,0,1.9822903,0.18238821625709534,0.6597633361816406,0.30032044649124146
YIL013C,YBR069C,0,1.9818481,0.18233850598335266,0.6597633361816406,0.3004205822944641
YMR101C,YIL173W,0,1.9806958,0.18228882551193237,0.6597633361816406,0.30052071809768677
YML086C,YER109C,0,1.9804564,0.18223917484283447,0.6597633361816406,0.3006208837032318
YDL098C,YJR118C,0,1.979058,0.18218953907489777,0.6597633361816406,0.30072101950645447
YOL042W,YOR372C,0,1.9786253,0.18213993310928345,0.6597633361816406,0.3008211553096771
YOL098C,YOL132W,0,1.9775417,0.1820903718471527,0.6597633361816406,0.3009212911128998
YOR372C,YML013W,0,1.9770017,0.18204081058502197,0.6597633361816406,0.30102142691612244
YOR319W,YGL240W,0,1.976846,0.18199129402637482,0.6597633361816406,0.3011215627193451
YJL110C,YLR299W,0,1.9768457,0.18194180727005005,0.6597633361816406,0.30122169852256775
YFR024C-A,YJL179W,0,1.9763732,0.18189233541488647,0.6597633361816406,0.3013218641281128
YKL029C,YBR180W,0,1.9762485,0.1818428933620453,0.6597633361816406,0.30142199993133545
YHR103W,YGL167C,0,1.9756339,0.1817934811115265,0.6597633361816406,0.3015221357345581
YCR045C,YLL031C,0,1.9755743,0.18174409866333008,0.6597633361816406,0.30162227153778076
YBR046C,YJR150C,0,1.974941,0.18169473111629486,0.6597633361816406,0.3017224073410034
YHR110W,YPR133C,0,1.9749099,0.18164539337158203,0.6597633361816406,0.3018225431442261
YDR273W,YJL083W,0,1.9748712,0.1815960854291916,0.6597633361816406,0.30192267894744873
YNL084C,YML095C,1,1.9738542,0.1818181872367859,0.6607494950294495,0.30192267894744873
YKR095W,YKL040C,0,1.9735264,0.18176884949207306,0.6607494950294495,0.3020228445529938
YIL013C,YPL018W,0,1.9732908,0.1817195564508438,0.6607494950294495,0.30212298035621643
YMR215W,YBR023C,0,1.9732182,0.18167027831077576,0.6607494950294495,0.3022231161594391
YJL045W,YIL053W,0,1.9727403,0.1816210299730301,0.6607494950294495,0.30232325196266174
YML102W,YLR328W,0,1.9725611,0.1815718114376068,0.6607494950294495,0.3024233877658844
YDL105W,YLR055C,0,1.9723788,0.18152262270450592,0.6607494950294495,0.30252352356910706
YGR181W,YJL083W,0,1.9717755,0.18147344887256622,0.6607494950294495,0.3026236593723297
YDR150W,YDR398W,0,1.9716134,0.1814243197441101,0.6607494950294495,0.30272382497787476
YDR160W,YNR019W,0,1.971611,0.18137520551681519,0.6607494950294495,0.3028239607810974
YBR016W,YGL085W,0,1.9715155,0.18132612109184265,0.6607494950294495,0.30292409658432007
YOR264W,YDR108W,0,1.9713836,0.1812770515680313,0.6607494950294495,0.3030242323875427
YJL057C,YPL040C,0,1.9703963,0.18122802674770355,0.6607494950294495,0.3031243681907654
YCL016C,YLR115W,0,1.9697046,0.181179016828537,0.6607494950294495,0.30322450399398804
YGR181W,YGL061C,0,1.9694791,0.1811300367116928,0.6607494950294495,0.3033246397972107
YOR264W,YAL028W,0,1.9692719,0.18108108639717102,0.6607494950294495,0.30342480540275574
YLR259C,YHL035C,0,1.969182,0.18103215098381042,0.6607494950294495,0.3035249412059784
YGR212W,YGL027C,0,1.968528,0.18098324537277222,0.6607494950294495,0.30362507700920105
YLR426W,YKR095W,0,1.968518,0.1809343844652176,0.6607494950294495,0.3037252128124237
YPR037C,YER072W,0,1.9670038,0.18088552355766296,0.6607494950294495,0.30382534861564636
YPL001W,YKL039W,0,1.9667792,0.18083670735359192,0.6607494950294495,0.303925484418869
YDR256C,YGR193C,0,1.9664187,0.18078790605068207,0.6607494950294495,0.30402565002441406
YDR100W,YOR103C,0,1.965214,0.1807391494512558,0.6607494950294495,0.3041257858276367
YDR200C,YGL049C,0,1.9651005,0.18069039285182953,0.6607494950294495,0.3042259216308594
YFR016C,YML096W,0,1.9639968,0.18064168095588684,0.6607494950294495,0.30432605743408203
YCR092C,YDR512C,1,1.963475,0.18086253106594086,0.6617357134819031,0.30432605743408203
YCR091W,YHL015W,0,1.9634488,0.18081380426883698,0.6617357134819031,0.3044261932373047
YLR118C,YHR139C,0,1.9631089,0.1807650923728943,0.6617357134819031,0.30452632904052734
YNL194C,YPL135W,0,1.9630349,0.1807163953781128,0.6617357134819031,0.30462646484375
YDR234W,YHR157W,0,1.9624896,0.18066774308681488,0.6617357134819031,0.30472663044929504
YLR193C,YJL013C,0,1.962487,0.18061910569667816,0.6617357134819031,0.3048267662525177
YNL036W,YDR437W,0,1.9614373,0.18057051301002502,0.6617357134819031,0.30492690205574036
YKL134C,YMR091C,0,1.9609219,0.1805219203233719,0.6617357134819031,0.305027037858963
YHR157W,YLR292C,0,1.9588706,0.18047337234020233,0.6617357134819031,0.30512717366218567
YNL133C,YMR091C,0,1.9585142,0.18042483925819397,0.6617357134819031,0.3052273094654083
YMR081C,YKL114C,0,1.9580758,0.1803763508796692,0.6617357134819031,0.305327445268631
YNL031C,YGL139W,0,1.9564496,0.1803278625011444,0.6617357134819031,0.305427610874176
YML023C,YJR109C,0,1.9560102,0.1802794188261032,0.6617357134819031,0.3055277466773987
YIL144W,YMR125W,0,1.9558754,0.1802309900522232,0.6617357134819031,0.30562788248062134
YDR369C,YJL168C,1,1.9555876,0.18045112490653992,0.6627218723297119,0.30562788248062134
YJL098W,YER143W,0,1.9553353,0.18040268123149872,0.6627218723297119,0.305728018283844
YCR107W,YPL075W,0,1.954706,0.1803542673587799,0.6627218723297119,0.30582815408706665
YIL144W,YDR289C,0,1.9543505,0.18030588328838348,0.6627218723297119,0.3059282898902893
YDR490C,YPL116W,0,1.9542564,0.18025751411914825,0.6627218723297119,0.30602842569351196
YLR200W,YKL051W,0,1.9537561,0.1802091747522354,0.6627218723297119,0.306128591299057
YKL155C,YDL139C,0,1.9535725,0.18016086518764496,0.6627218723297119,0.30622872710227966
YLL031C,YMR072W,0,1.9535247,0.1801125705242157,0.6627218723297119,0.3063288629055023
YHR073W,YER102W,0,1.9533215,0.18006430566310883,0.6627218723297119,0.306428998708725
YDR515W,YKR072C,0,1.9528528,0.18001607060432434,0.6627218723297119,0.30652913451194763
YDR427W,YGL006W,0,1.95251,0.17996786534786224,0.6627218723297119,0.3066292703151703
YOR273C,YDL117W,0,1.9522536,0.17991967499256134,0.6627218723297119,0.30672943592071533
YBR085W,YOR129C,0,1.951833,0.17987151443958282,0.6627218723297119,0.306829571723938
YAL002W,YPL061W,0,1.9517514,0.1798233836889267,0.6627218723297119,0.30692970752716064
YLR017W,YHL025W,0,1.9499772,0.17977528274059296,0.6627218723297119,0.3070298433303833
YDR126W,YIL072W,1,1.9498317,0.17999465763568878,0.6637080907821655,0.3070298433303833
YGL243W,YDR406W,0,1.9493312,0.17994652688503265,0.6637080907821655,0.30712997913360596
YCR092C,YGR253C,1,1.9485855,0.18016573786735535,0.6646943092346191,0.30712997913360596
YLR194C,YIL107C,0,1.9482979,0.18011757731437683,0.6646943092346191,0.3072301149368286
YOL071W,YLR320W,1,1.9482062,0.1803366243839264,0.665680468082428,0.3072301149368286
YOR229W,YNL128W,1,1.9478214,0.1805555522441864,0.6666666865348816,0.3072301149368286
YPL175W,YOR026W,0,1.9468266,0.1805073469877243,0.6666666865348816,0.30733025074005127
YOR189W,YOR253W,0,1.9466512,0.1804591566324234,0.6666666865348816,0.3074304163455963
YLR284C,YOR259C,0,1.9463568,0.18041099607944489,0.6666666865348816,0.30753055214881897
YDR528W,YAL056W,0,1.94523,0.18036286532878876,0.6666666865348816,0.3076306879520416
YBR101C,YPL235W,0,1.9448934,0.18031474947929382,0.6666666865348816,0.3077308237552643
YDL220C,YBR086C,0,1.9447384,0.18026666343212128,0.6666666865348816,0.30783095955848694
YDR515W,YNL251C,0,1.9441371,0.18021860718727112,0.6666666865348816,0.3079310953617096
YNL051W,YGL005C,0,1.9440246,0.18017058074474335,0.6666666865348816,0.30803123116493225
YHR111W,YGR211W,0,1.9431335,0.18012256920337677,0.6666666865348816,0.3081313967704773
YOR319W,YLR337C,0,1.942632,0.18007458746433258,0.6666666865348816,0.30823153257369995
YOR016C,YPL239W,0,1.9422345,0.18002663552761078,0.6666666865348816,0.3083316683769226
YNL199C,YER178W,0,1.9420456,0.17997869849205017,0.6666666865348816,0.30843180418014526
YMR192W,YIL107C,0,1.9416635,0.17993079125881195,0.6666666865348816,0.3085319399833679
YDR439W,YLR035C,1,1.9415677,0.18014901876449585,0.6676528453826904,0.3085319399833679
YPL140C,YGL058W,0,1.9415014,0.18010109663009644,0.6676528453826904,0.3086320757865906
YDL243C,YDR303C,0,1.9413531,0.18005318939685822,0.6676528453826904,0.30873221158981323
YDR227W,YHR138C,0,1.9412811,0.18000531196594238,0.6676528453826904,0.3088323771953583
YOR230W,YPL027W,1,1.9407814,0.180223286151886,0.668639063835144,0.3088323771953583
YGR024C,YLR313C,0,1.9407189,0.18017539381980896,0.668639063835144,0.30893251299858093
YIL137C,YGL231C,0,1.9406224,0.18012753129005432,0.668639063835144,0.3090326488018036
YLL039C,YMR017W,1,1.9406034,0.18034528195858002,0.6696252226829529,0.3090326488018036
YNL286W,YOR259C,0,1.9404757,0.18029740452766418,0.6696252226829529,0.30913278460502625
YPL280W,YDR021W,0,1.9403764,0.18024954199790955,0.6696252226829529,0.3092329204082489
YDR176W,YNL065W,0,1.9403218,0.1802016943693161,0.6696252226829529,0.30933305621147156
YOR241W,YLR093C,0,1.9402196,0.18015389144420624,0.6696252226829529,0.3094331920146942
YJL110C,YFR040W,0,1.9399358,0.18010610342025757,0.6696252226829529,0.30953335762023926
YDR350C,YOR247W,0,1.9397273,0.1800583451986313,0.6696252226829529,0.3096334934234619
YGR097W,YCR038C,0,1.9392109,0.1800106018781662,0.6696252226829529,0.30973362922668457
YDR528W,YER060W,0,1.9390345,0.1799628883600235,0.6696252226829529,0.3098337650299072
YOR338W,YDR273W,1,1.9387138,0.18018017709255219,0.6706114411354065,0.3098337650299072
YOR090C,YDR359C,0,1.9383402,0.1801324486732483,0.6706114411354065,0.3099339008331299
YGL028C,YER177W,0,1.9381986,0.18008475005626678,0.6706114411354065,0.31003403663635254
YOR032C,YLR011W,0,1.9380822,0.18003706634044647,0.6706114411354065,0.3101342022418976
YGL006W,YHR170W,0,1.9371095,0.17998941242694855,0.6706114411354065,0.31023433804512024
YNL250W,YNR038W,0,1.9367057,0.179941788315773,0.6706114411354065,0.3103344738483429
YBR272C,YOL116W,0,1.936034,0.17989417910575867,0.6706114411354065,0.31043460965156555
YKR078W,YLR315W,0,1.9351392,0.1798465996980667,0.6706114411354065,0.3105347454547882
YGR283C,YGL192W,0,1.9344345,0.17979905009269714,0.6706114411354065,0.31063488125801086
YGL104C,YOR383C,0,1.9334997,0.17975151538848877,0.6706114411354065,0.3107350170612335
YCL016C,YDR080W,0,1.9331723,0.17970401048660278,0.6706114411354065,0.31083518266677856
YER173W,YBR136W,1,1.9331317,0.1799207329750061,0.6715976595878601,0.31083518266677856
YCR018C,YGL219C,0,1.93293,0.17987321317195892,0.6715976595878601,0.3109353184700012
YNL103W,YLR263W,0,1.9323862,0.17982572317123413,0.6715976595878601,0.3110354542732239
YCR018C,YPL179W,0,1.9322788,0.17977824807167053,0.6715976595878601,0.31113559007644653
YPL036W,YKR099W,0,1.9321048,0.17973080277442932,0.6715976595878601,0.3112357258796692
YPR037C,YOR273C,0,1.9316095,0.1796833723783493,0.6715976595878601,0.31133586168289185
YHR122W,YPL056C,0,1.930084,0.17963598668575287,0.6715976595878601,0.3114359974861145
YLR131C,YPL193W,0,1.9296404,0.17958860099315643,0.6715976595878601,0.31153616309165955
YDR188W,YDR057W,0,1.929476,0.17954126000404358,0.6715976595878601,0.3116362988948822
YER044C-A,YMR079W,1,1.9293852,0.1797575056552887,0.672583818435669,0.3116362988948822
YPR174C,YGR122W,0,1.9290243,0.17971014976501465,0.672583818435669,0.31173643469810486
YEL051W,YJL196C,0,1.928829,0.1796628087759018,0.672583818435669,0.3118365705013275
YLR377C,YHL015W,0,1.928689,0.17961548268795013,0.672583818435669,0.31193670630455017
YPR161C,YLR118C,0,1.9285837,0.17956818640232086,0.672583818435669,0.3120368421077728
YPL137C,YPL075W,0,1.9284189,0.17952091991901398,0.672583818435669,0.3121369779109955
YIL119C,YKL138C,0,1.9283938,0.17947368323802948,0.672583818435669,0.3122371435165405
YML013W,YHR020W,0,1.9273444,0.17942646145820618,0.672583818435669,0.3123372793197632
YML133C,YLR409C,0,1.9269956,0.17937926948070526,0.672583818435669,0.31243741512298584
YDR323C,YBR212W,0,1.926789,0.17933210730552673,0.672583818435669,0.3125375509262085
YER023W,YIR026C,0,1.9266151,0.1792849600315094,0.672583818435669,0.31263768672943115
YOR019W,YGL195W,0,1.9262619,0.17923784255981445,0.672583818435669,0.3127378225326538
YMR063W,YLL005C,1,1.9258723,0.17945349216461182,0.6735700368881226,0.3127378225326538
YKR096W,YNL287W,0,1.9257789,0.17940635979175568,0.6735700368881226,0.31283795833587646
YLR466W,YGL127C,0,1.9253609,0.17935924232006073,0.6735700368881226,0.3129381239414215
YKL054C,YER038C,0,1.9251425,0.17931215465068817,0.6735700368881226,0.31303825974464417
YOL023W,YIL014W,0,1.9250013,0.179265096783638,0.6735700368881226,0.3131383955478668
YMR048W,YFL026W,0,1.9249103,0.17921805381774902,0.6735700368881226,0.3132385313510895
YPL036W,YPR105C,0,1.9243888,0.17917104065418243,0.6735700368881226,0.31333866715431213
YLR194C,YLR432W,0,1.9240562,0.17912404239177704,0.6735700368881226,0.3134388029575348
YOR068C,YDR292C,0,1.9240317,0.17907708883285522,0.6735700368881226,0.31353896856307983
YGL067W,YLR367W,0,1.9239626,0.1790301501750946,0.6735700368881226,0.3136391043663025
YOR091W,YHR033W,0,1.9237622,0.17898322641849518,0.6735700368881226,0.31373924016952515
YJL186W,YER176W,0,1.9230673,0.17893633246421814,0.6735700368881226,0.3138393759727478
YMR063W,YNL054W,0,1.923048,0.1788894683122635,0.6735700368881226,0.31393951177597046
YPL056C,YFR049W,0,1.9227057,0.17884263396263123,0.6735700368881226,0.3140396475791931
YML098W,YHR158C,0,1.9224298,0.17879581451416016,0.6735700368881226,0.31413978338241577
YLR426W,YLR068W,0,1.9219295,0.17874902486801147,0.6735700368881226,0.3142399489879608
YPL141C,YLR260W,0,1.9216574,0.178702250123024,0.6735700368881226,0.31434008479118347
YNL328C,YNL176C,0,1.9216303,0.1786555051803589,0.6735700368881226,0.31444022059440613
YMR081C,YMR041C,0,1.9214718,0.17860879004001617,0.6735700368881226,0.3145403563976288
YOR383C,YHR120W,0,1.9214491,0.17856208980083466,0.6735700368881226,0.31464049220085144
YNL059C,YCR038C,0,1.9197781,0.17851541936397552,0.6735700368881226,0.3147406280040741
YOR018W,YGR260W,0,1.9191635,0.17846877872943878,0.6735700368881226,0.31484076380729675
YDL081C,YBR005W,0,1.918378,0.17842215299606323,0.6735700368881226,0.3149409294128418
YLR284C,YDL076C,0,1.9178892,0.17837555706501007,0.6735700368881226,0.31504106521606445
YHL003C,YDR289C,0,1.9165606,0.1783289760351181,0.6735700368881226,0.3151412010192871
YER031C,YLR299W,0,1.9164705,0.17828243970870972,0.6735700368881226,0.31524133682250977
YHL038C,YDR328C,0,1.9162624,0.17823590338230133,0.6735700368881226,0.3153414726257324
YLR451W,YNL180C,0,1.9159621,0.17818941175937653,0.6735700368881226,0.3154416084289551
YLR411W,YBR121C,0,1.9159095,0.17814293503761292,0.6735700368881226,0.31554174423217773
YPR057W,YBR015C,0,1.9149873,0.1780964732170105,0.6735700368881226,0.3156419098377228
YGL098W,YML045W,0,1.914055,0.17805005609989166,0.6735700368881226,0.31574204564094543
YDR092W,YER015W,0,1.9136555,0.17800365388393402,0.6735700368881226,0.3158421814441681
YEL051W,YOL095C,0,1.9131694,0.17795726656913757,0.6735700368881226,0.31594231724739075
YIL052C,YJR153W,0,1.911977,0.1779109090566635,0.6735700368881226,0.3160424530506134
YFR031C-A,YMR261C,0,1.9119033,0.17786458134651184,0.6735700368881226,0.31614258885383606
YDR188W,YKL197C,0,1.9116359,0.17781828343868256,0.6735700368881226,0.3162427544593811
YGL073W,YBL014C,0,1.9116113,0.17777200043201447,0.6735700368881226,0.31634289026260376
YBR211C,YML098W,0,1.9113915,0.17772573232650757,0.6735700368881226,0.3164430260658264
YPR057W,YLR190W,0,1.911344,0.17767949402332306,0.6735700368881226,0.3165431618690491
YOR380W,YIL011W,0,1.9101206,0.17763328552246094,0.6735700368881226,0.31664329767227173
YLL016W,YJR052W,0,1.9094799,0.1775871068239212,0.6735700368881226,0.3167434334754944
YML023C,YBR094W,0,1.9086733,0.17754094302654266,0.6735700368881226,0.31684356927871704
YOR247W,YKL048C,0,1.9085604,0.1774948090314865,0.6735700368881226,0.3169437348842621
YKL014C,YJR120W,0,1.9082,0.17744868993759155,0.6735700368881226,0.31704387068748474
YER072W,YKL005C,0,1.9075366,0.17740260064601898,0.6735700368881226,0.3171440064907074
YMR040W,YHR014W,0,1.9071898,0.1773565262556076,0.6735700368881226,0.31724414229393005
YPL239W,YDR040C,0,1.9071411,0.17731048166751862,0.6735700368881226,0.3173442780971527
YDR392W,YIL099W,1,1.906952,0.17752400040626526,0.6745561957359314,0.3173442780971527
YMR192W,YOL012C,0,1.9069241,0.17747794091701508,0.6745561957359314,0.31744441390037537
YGL070C,YDR080W,0,1.9064764,0.17743191123008728,0.6745561957359314,0.317544549703598
YPL055C,YJL168C,1,1.9064325,0.1776452213525772,0.675542414188385,0.317544549703598
YBR045C,YNL294C,1,1.9036181,0.17785844206809998,0.6765285730361938,0.317544549703598
YDL072C,YNL132W,0,1.903302,0.1778123378753662,0.6765285730361938,0.31764471530914307
YDR160W,YMR156C,0,1.9023945,0.17776626348495483,0.6765285730361938,0.3177448511123657
YPL193W,YEL051W,0,1.9023678,0.17772020399570465,0.6765285730361938,0.3178449869155884
YHR165C,YOR059C,0,1.9017502,0.17767417430877686,0.6765285730361938,0.31794512271881104
YOR073W,YBR107C,1,1.9016695,0.17788711190223694,0.6775147914886475,0.31794512271881104
YAL015C,YIL118W,0,1.9015663,0.17784105241298676,0.6775147914886475,0.3180452585220337
YPL063W,YLL057C,0,1.9014018,0.17779503762722015,0.6775147914886475,0.31814539432525635
YDR427W,YLL021W,0,1.9010259,0.17774902284145355,0.6775147914886475,0.318245530128479
YIL118W,YOR258W,0,1.9003469,0.17770305275917053,0.6775147914886475,0.31834569573402405
YPR106W,YGR060W,0,1.9000988,0.1776570975780487,0.6775147914886475,0.3184458315372467
YER142C,YDL149W,0,1.899884,0.17761117219924927,0.6775147914886475,0.31854596734046936
YGR024C,YHR118C,0,1.8991898,0.17756526172161102,0.6775147914886475,0.318646103143692
YOR172W,YIL153W,0,1.8986213,0.17751938104629517,0.6775147914886475,0.3187462389469147
YDR528W,YBR131W,0,1.8985882,0.1774735152721405,0.6775147914886475,0.31884637475013733
YBL058W,YOR298W,1,1.8984524,0.17768594622612,0.6785010099411011,0.31884637475013733
YLR215C,YDL145C,0,1.8982315,0.17764006555080414,0.6785010099411011,0.31894651055336
YKR031C,YDR207C,1,1.8981938,0.1778523474931717,0.6794871687889099,0.31894651055336
YDL230W,YIL009W,0,1.8976821,0.17780645191669464,0.6794871687889099,0.31904667615890503
YGL126W,YGR129W,0,1.8973199,0.17776057124137878,0.6794871687889099,0.3191468119621277
YDR007W,YEL051W,0,1.8970623,0.1777147352695465,0.6794871687889099,0.31924694776535034
YLR223C,YHL006C,0,1.8960342,0.17766889929771423,0.6794871687889099,0.319347083568573
YKR089C,YBR208C,0,1.8959627,0.17762309312820435,0.6794871687889099,0.31944721937179565
YLR426W,YOR358W,0,1.8958573,0.17757731676101685,0.6794871687889099,0.3195473551750183
YDR190C,YLL057C,0,1.8951001,0.17753157019615173,0.6794871687889099,0.31964752078056335
YIL036W,YIL038C,0,1.8950596,0.17748583853244781,0.6794871687889099,0.319747656583786
YMR215W,YGL018C,0,1.8950311,0.1774401217699051,0.6794871687889099,0.31984779238700867
YHR158C,YCL044C,0,1.8950009,0.17739443480968475,0.6794871687889099,0.3199479281902313
YNL054W,YMR015C,0,1.8947562,0.1773487776517868,0.6794871687889099,0.320048063993454
YNL190W,YPR188C,0,1.8943269,0.17730313539505005,0.6794871687889099,0.32014819979667664
YKL045W,YDR273W,0,1.8942608,0.17725752294063568,0.6794871687889099,0.3202483355998993
YHL011C,YCR106W,0,1.8940737,0.1772119402885437,0.6794871687889099,0.32034850120544434
YJL181W,YDL087C,0,1.8939112,0.17716637253761292,0.6794871687889099,0.320448637008667
YDR076W,YJL080C,1,1.8937656,0.17737789452075958,0.6804733872413635,0.320448637008667
YLR102C,YCR035C,0,1.8936408,0.1773323118686676,0.6804733872413635,0.32054877281188965
YJL162C,YPL076W,0,1.8935717,0.17728674411773682,0.6804733872413635,0.3206489086151123
YPR110C,YNL243W,0,1.8935542,0.17724120616912842,0.6804733872413635,0.32074904441833496
YGR099W,YFR034C,0,1.8928789,0.1771956831216812,0.6804733872413635,0.3208491802215576
YFR010W,YDR234W,0,1.8928096,0.1771501898765564,0.6804733872413635,0.3209493160247803
YKR034W,YIL167W,0,1.8925971,0.17710472643375397,0.6804733872413635,0.3210494816303253
YER041W,YML031W,0,1.8925395,0.17705927789211273,0.6804733872413635,0.321149617433548
YDL235C,YDR412W,0,1.8924042,0.17701385915279388,0.6804733872413635,0.32124975323677063
YLR435W,YHL035C,0,1.8917025,0.17696845531463623,0.6804733872413635,0.3213498890399933
YGL005C,YNL041C,0,1.8915322,0.17692308127880096,0.6804733872413635,0.32145002484321594
YDL100C,YBR107C,0,1.891,0.1768777221441269,0.6804733872413635,0.3215501606464386
YDR126W,YDL154W,1,1.8904943,0.1770886778831482,0.6814595460891724,0.3215501606464386
YGL189C,YOL132W,0,1.8904741,0.17704330384731293,0.6814595460891724,0.32165029644966125
YDL072C,YOR253W,0,1.888926,0.17699794471263885,0.6814595460891724,0.3217504620552063
YOL098C,YNL036W,0,1.8888083,0.17695263028144836,0.6814595460891724,0.32185059785842896
YDR097C,YBR186W,1,1.8886478,0.17716333270072937,0.682445764541626,0.32185059785842896
YIL075C,YOR034C,0,1.888422,0.1771179884672165,0.682445764541626,0.3219507336616516
YOL023W,YLR292C,0,1.8876034,0.177072674036026,0.682445764541626,0.32205086946487427
YHL003C,YOL116W,0,1.8875643,0.1770273745059967,0.682445764541626,0.3221510052680969
YDR108W,YGR208W,0,1.8875206,0.1769820898771286,0.682445764541626,0.3222511410713196
YOR262W,YBR065C,0,1.8871814,0.17693684995174408,0.682445764541626,0.3223513066768646
YCL044C,YNL055C,0,1.887152,0.17689161002635956,0.682445764541626,0.3224514424800873
YLR131C,YDL134C,0,1.8871263,0.17684641480445862,0.682445764541626,0.32255157828330994
YHR194W,YER129W,0,1.8868859,0.17680121958255768,0.682445764541626,0.3226517140865326
YOL098C,YDR108W,0,1.886105,0.17675606906414032,0.682445764541626,0.32275184988975525
YIL019W,YFR049W,0,1.8859751,0.17671093344688416,0.682445764541626,0.3228519856929779
YMR192W,YLR390W-A,0,1.8857269,0.17666581273078918,0.682445764541626,0.32295212149620056
YBR038W,YPL036W,0,1.8856351,0.1766207218170166,0.682445764541626,0.3230522871017456
YFL011W,YBR146W,0,1.885556,0.1765756607055664,0.682445764541626,0.32315242290496826
YJR150C,YLR189C,0,1.8852937,0.1765306144952774,0.682445764541626,0.3232525587081909
YLR288C,YCL064C,0,1.8850055,0.1764855831861496,0.682445764541626,0.3233526945114136
YKR100C,YPL193W,0,1.8846544,0.17644059658050537,0.682445764541626,0.32345283031463623
YOR380W,YDR080W,0,1.8844868,0.17639560997486115,0.682445764541626,0.3235529661178589
YOR157C,YPL189W,0,1.8842976,0.1763506680727005,0.682445764541626,0.32365310192108154
YLR185W,YKL029C,0,1.8842908,0.17630572617053986,0.682445764541626,0.3237532675266266
YNL328C,YER176W,0,1.8834164,0.1762608289718628,0.682445764541626,0.32385340332984924
YLR361C,YLR288C,0,1.8830507,0.17621594667434692,0.682445764541626,0.3239535391330719
YHR118C,YPR100W,0,1.8829716,0.17617107927799225,0.682445764541626,0.32405367493629456
YMR275C,YDR246W,0,1.8829348,0.17612624168395996,0.682445764541626,0.3241538107395172
YIL153W,YJL003W,0,1.882777,0.17608141899108887,0.682445764541626,0.32425394654273987
YOL009C,YMR035W,0,1.8827429,0.17603662610054016,0.682445764541626,0.3243540823459625
YLL024C,YDR430C,0,1.8826723,0.17599186301231384,0.682445764541626,0.32445424795150757
YIR019C,YDR217C,0,1.882651,0.17594711482524872,0.682445764541626,0.3245543837547302
YEL006W,YPL221W,0,1.882357,0.17590239644050598,0.682445764541626,0.3246545195579529
YCR024C,YDR276C,0,1.882194,0.17585769295692444,0.682445764541626,0.32475465536117554
YPL280W,YMR050C,0,1.8817488,0.1758130043745041,0.682445764541626,0.3248547911643982
YLR284C,YNL038W,0,1.8808995,0.17576834559440613,0.682445764541626,0.32495492696762085
YDR189W,YOR273C,0,1.8802873,0.17572371661663055,0.682445764541626,0.3250550627708435
YBR153W,YOL076W,0,1.8796071,0.17567910254001617,0.682445764541626,0.32515522837638855
YOL098C,YKL197C,0,1.8790948,0.17563451826572418,0.682445764541626,0.3252553641796112
YGL151W,YBR028C,0,1.87891,0.17558994889259338,0.682445764541626,0.32535549998283386
YNL025C,YDL018C,0,1.8789028,0.17554540932178497,0.682445764541626,0.3254556357860565
YPR199C,YLR460C,0,1.8785664,0.17550088465213776,0.682445764541626,0.3255557715892792
YDL175C,YLR058C,0,1.8782213,0.17545638978481293,0.682445764541626,0.32565590739250183
YDL220C,YDR398W,0,1.877028,0.1754119098186493,0.682445764541626,0.3257560729980469
YKL026C,YPR106W,0,1.8769591,0.17536745965480804,0.682445764541626,0.32585620880126953
YLR061W,YLL006W,0,1.8769113,0.175323024392128,0.682445764541626,0.3259563446044922
YPL225W,YJL026W,0,1.8766139,0.17527861893177032,0.682445764541626,0.32605648040771484
YIL154C,YLR323C,0,1.8765931,0.17523424327373505,0.682445764541626,0.3261566162109375
YER072W,YBR272C,0,1.875603,0.17518986761569977,0.682445764541626,0.32625675201416016
YIL014W,YEL006W,0,1.8752103,0.17514553666114807,0.682445764541626,0.3263568878173828
YHR110W,YPL233W,0,1.875108,0.17510122060775757,0.682445764541626,0.32645705342292786
YPR068C,YGL127C,0,1.8749502,0.17505691945552826,0.682445764541626,0.3265571892261505
YHR148W,YBR180W,0,1.8743865,0.17501264810562134,0.682445764541626,0.32665732502937317
YOR250C,YPR068C,0,1.8741874,0.1749683916568756,0.682445764541626,0.3267574608325958
YGR202C,YDR439W,0,1.8741336,0.17492416501045227,0.682445764541626,0.3268575966358185
YOR380W,YBR188C,0,1.873973,0.17487995326519012,0.682445764541626,0.32695773243904114
YDL160C,YPR131C,0,1.8736836,0.17483577132225037,0.682445764541626,0.3270578682422638
YOL104C,YLL039C,1,1.8726596,0.1750442087650299,0.6834319233894348,0.3270578682422638
YBR086C,YMR101C,0,1.8724002,0.17499999701976776,0.6834319233894348,0.32715803384780884
YDR007W,YGR170W,0,1.8721775,0.174955815076828,0.6834319233894348,0.3272581696510315
YOR193W,YML059C,0,1.8710012,0.17491166293621063,0.6834319233894348,0.32735830545425415
YER007C-A,YBR003W,0,1.8709248,0.17486752569675446,0.6834319233894348,0.3274584412574768
YOR002W,YBR060C,0,1.8708565,0.17482340335845947,0.6834319233894348,0.32755857706069946
YNL056W,YBR193C,0,1.8705243,0.17477932572364807,0.6834319233894348,0.3276587128639221
YOR011W,YPR046W,0,1.8701625,0.17473524808883667,0.6834319233894348,0.3277588486671448
YGR046W,YOL078W,0,1.8699949,0.17469120025634766,0.6834319233894348,0.3278590142726898
YLR329W,YNL084C,1,1.8696665,0.17489919066429138,0.6844181418418884,0.3278590142726898
YJL173C,YKL040C,0,1.8689814,0.17485512793064117,0.6844181418418884,0.3279591500759125
YML120C,YNR038W,0,1.8681753,0.17481108009815216,0.6844181418418884,0.32805928587913513
YPL169C,YPL135W,0,1.867079,0.17476706206798553,0.6844181418418884,0.3281594216823578
YKR034W,YBR028C,0,1.8663987,0.1747230589389801,0.6844181418418884,0.32825955748558044
YCR065W,YHR114W,0,1.8660102,0.17467908561229706,0.6844181418418884,0.3283596932888031
YDR323C,YOR316C,0,1.8655246,0.1746351271867752,0.6844181418418884,0.32845982909202576
YDR516C,YPL017C,1,1.8654855,0.17484275996685028,0.685404360294342,0.32845982909202576
YIL030C,YHL025W,0,1.8653288,0.17479878664016724,0.685404360294342,0.3285599946975708
YJR046W,YJL001W,0,1.8645155,0.17475484311580658,0.685404360294342,0.32866013050079346
YKL060C,YGL151W,0,1.8644768,0.17471091449260712,0.685404360294342,0.3287602663040161
YKR079C,YDR057W,0,1.8636537,0.17466700077056885,0.685404360294342,0.32886040210723877
YKL006W,YOR060C,0,1.8630968,0.17462311685085297,0.685404360294342,0.3289605379104614
YER177W,YCR005C,0,1.8619877,0.17457924783229828,0.685404360294342,0.3290606737136841
YMR175W,YLR223C,0,1.8619623,0.17453540861606598,0.685404360294342,0.3291608393192291
YMR318C,YGR097W,0,1.8618195,0.17449158430099487,0.685404360294342,0.3292609751224518
YOR373W,YPL139C,1,1.8617014,0.17469879984855652,0.6863905191421509,0.3292609751224518
YGR094W,YPL161C,0,1.8615042,0.17465496063232422,0.6863905191421509,0.32936111092567444
YBR045C,YGL250W,1,1.8606287,0.17486201226711273,0.6873767375946045,0.32936111092567444
YGR099W,YNL286W,0,1.8604143,0.17481815814971924,0.6873767375946045,0.3294612467288971
YIL118W,YCL064C,0,1.8603472,0.17477431893348694,0.6873767375946045,0.32956138253211975
YBR065C,YGL171W,0,1.8600513,0.17473050951957703,0.6873767375946045,0.3296615183353424
YPR128C,YJR153W,0,1.8597939,0.1746867150068283,0.6873767375946045,0.32976165413856506
YGR217W,YBR162C,0,1.8596427,0.17464295029640198,0.6873767375946045,0.3298618197441101
YGR254W,YPL145C,0,1.8596168,0.17459920048713684,0.6873767375946045,0.32996195554733276
YOR018W,YKL063C,0,1.8595368,0.1745554655790329,0.6873767375946045,0.3300620913505554
YOL116W,YLR055C,0,1.8593142,0.17451176047325134,0.6873767375946045,0.3301622271537781
YGL194C,YDR403W,1,1.8591576,0.17471839487552643,0.6883628964424133,0.3301622271537781
YLR052W,YNR059W,0,1.859044,0.17467467486858368,0.6883628964424133,0.33026236295700073
YPL140C,YFR034C,0,1.8589242,0.17463096976280212,0.6883628964424133,0.3303624987602234
YML045W,YPR120C,0,1.8582512,0.17458729445934296,0.6883628964424133,0.33046263456344604
YNL307C,YOR073W,1,1.8580568,0.17479370534420013,0.6893491148948669,0.33046263456344604
YPL138C,YDR301W,0,1.8579192,0.17475000023841858,0.6893491148948669,0.3305628001689911
YML041C,YOR249C,0,1.857697,0.1747063249349594,0.6893491148948669,0.33066293597221375
YHR111W,YLR288C,0,1.8569515,0.17466266453266144,0.6893491148948669,0.3307630717754364
YNL288W,YBR168W,0,1.856547,0.17461903393268585,0.6893491148948669,0.33086320757865906
YGL142C,YLR382C,0,1.8550156,0.17457541823387146,0.6893491148948669,0.3309633433818817
YBR153W,YMR009W,0,1.8545172,0.17453183233737946,0.6893491148948669,0.33106347918510437
YMR313C,YJL197W,0,1.8543662,0.17448826134204865,0.6893491148948669,0.331163614988327
YOR132W,YLR323C,0,1.8543453,0.17444472014904022,0.6893491148948669,0.33126378059387207
YOR334W,YOR272W,0,1.8535348,0.174401193857193,0.6893491148948669,0.3313639163970947
YIL156W,YMR215W,0,1.853018,0.17435769736766815,0.6893491148948669,0.3314640522003174
YMR192W,YNL216W,0,1.8528016,0.1743142157793045,0.6893491148948669,0.33156418800354004
YPL215W,YKL005C,0,1.8516765,0.17427074909210205,0.6893491148948669,0.3316643238067627
YOR034C,YML013W,0,1.8514851,0.17422731220722198,0.6893491148948669,0.33176445960998535
YBR085W,YGR138C,0,1.8511142,0.1741839051246643,0.6893491148948669,0.3318646252155304
YGR003W,YOR019W,0,1.850546,0.17414051294326782,0.6893491148948669,0.33196476101875305
YDR377W,YHL038C,0,1.849937,0.17409713566303253,0.6893491148948669,0.3320648968219757
YHR122W,YBR112C,0,1.8497183,0.17405378818511963,0.6893491148948669,0.33216503262519836
YBL035C,YGR224W,0,1.8492253,0.17401045560836792,0.6893491148948669,0.332265168428421
YAL026C,YDR080W,0,1.8488737,0.1739671528339386,0.6893491148948669,0.3323653042316437
YGR024C,YOR247W,0,1.8485305,0.17392386496067047,0.6893491148948669,0.33246544003486633
YNL287W,YDL087C,0,1.8482138,0.17388059198856354,0.6893491148948669,0.3325656056404114
YDR168W,YHR106W,0,1.8473158,0.173837348818779,0.6893491148948669,0.33266574144363403
YBR272C,YDR165W,0,1.8466513,0.17379413545131683,0.6893491148948669,0.3327658772468567
YOR264W,YDL149W,0,1.8462456,0.17375093698501587,0.6893491148948669,0.33286601305007935
YLR102C,YBR146W,0,1.8461285,0.1737077534198761,0.6893491148948669,0.332966148853302
YIL030C,YDR384C,0,1.8453219,0.17366459965705872,0.6893491148948669,0.33306628465652466
YDR273W,YIL033C,0,1.8452662,0.17362146079540253,0.6893491148948669,0.3331664204597473
YOR002W,YGR030C,0,1.8446882,0.17357835173606873,0.6893491148948669,0.33326658606529236
YML107C,YPR003C,0,1.8438838,0.17353525757789612,0.6893491148948669,0.333366721868515
YLR417W,YDR204W,0,1.8436717,0.1734921783208847,0.6893491148948669,0.33346685767173767
YNL001W,YLR341W,1,1.8436682,0.17369727790355682,0.6903353333473206,0.33346685767173767
YNL243W,YDR422C,0,1.8433702,0.17365418374538422,0.6903353333473206,0.3335669934749603
YDR468C,YDR087C,0,1.8429503,0.1736111044883728,0.6903353333473206,0.333667129278183
YJL013C,YLL053C,0,1.8424107,0.17356806993484497,0.6903353333473206,0.33376726508140564
YBR162W-A,YCR106W,0,1.8420504,0.17352503538131714,0.6903353333473206,0.3338674008846283
YKR053C,YDR005C,0,1.8414099,0.1734820306301117,0.6903353333473206,0.33396756649017334
YOR334W,YOR081C,0,1.8413676,0.17343905568122864,0.6903353333473206,0.334067702293396
YOL126C,YDL135C,0,1.8408978,0.17339608073234558,0.6903353333473206,0.33416783809661865
YDL091C,YDR397C,0,1.8404992,0.1733531504869461,0.6903353333473206,0.3342679738998413
YAL030W,YMR035W,0,1.8401161,0.17331022024154663,0.6903353333473206,0.33436810970306396
YGL246C,YCL039W,0,1.8395838,0.17326731979846954,0.6903353333473206,0.3344682455062866
YCR105W,YOL135C,0,1.8384584,0.17322444915771484,0.6903353333473206,0.3345683813095093
YJL057C,YOR207C,0,1.8384318,0.17318159341812134,0.6903353333473206,0.3346685469150543
YNL094W,YOR195W,0,1.8382933,0.17313875257968903,0.6903353333473206,0.334768682718277
YNL288W,YIR031C,0,1.8376044,0.1730959415435791,0.6903353333473206,0.33486881852149963
YBR248C,YLR313C,0,1.8361943,0.17305314540863037,0.6903353333473206,0.3349689543247223
YDR439W,YKR099W,1,1.8359826,0.17325754463672638,0.6913214921951294,0.3349689543247223
YCR105W,YDR160W,0,1.8355176,0.17321473360061646,0.6913214921951294,0.33506909012794495
YDR309C,YDR328C,0,1.8342228,0.17317193746566772,0.6913214921951294,0.3351692259311676
YML098W,YOR103C,0,1.8328276,0.17312917113304138,0.6913214921951294,0.33526939153671265
YOR018W,YLR017W,0,1.8326496,0.17308641970157623,0.6913214921951294,0.3353695273399353
YLL053C,YER167W,0,1.8322861,0.17304369807243347,0.6913214921951294,0.33546966314315796
YGR046W,YPR010C,0,1.8317872,0.1730009913444519,0.6913214921951294,0.3355697989463806
YLR006C,YBR162C,0,1.8312774,0.17295829951763153,0.6913214921951294,0.33566993474960327
YIL017C,YER012W,1,1.8306172,0.1731623113155365,0.692307710647583,0.33566993474960327
YMR081C,YOR032C,0,1.8305218,0.17311960458755493,0.692307710647583,0.3357700705528259
YMR224C,YGL213C,1,1.8298992,0.17332346737384796,0.6932938694953918,0.3357700705528259
YDR100W,YBL031W,0,1.8297136,0.1732807457447052,0.6932938694953918,0.3358702063560486
YML041C,YLR220W,0,1.8296437,0.17323805391788483,0.6932938694953918,0.33597037196159363
YLR258W,YNR059W,0,1.8294501,0.17319536209106445,0.6932938694953918,0.3360705077648163
YDR217C,YLR328W,0,1.8292488,0.17315271496772766,0.6932938694953918,0.33617064356803894
YBR086C,YKL134C,0,1.8292346,0.17311006784439087,0.6932938694953918,0.3362707793712616
YEL018W,YMR275C,0,1.8291737,0.17306745052337646,0.6932938694953918,0.33637091517448425
YCL051W,YPL075W,0,1.8285987,0.17302486300468445,0.6932938694953918,0.3364710509777069
YKL134C,YDR292C,0,1.8283067,0.17298229038715363,0.6932938694953918,0.33657118678092957
YCL016C,YOR249C,0,1.8269861,0.172939732670784,0.6932938694953918,0.3366713523864746
YLR382C,YGL219C,0,1.8265455,0.17289718985557556,0.6932938694953918,0.33677148818969727
YIL019W,YPL135W,0,1.826462,0.17285467684268951,0.6932938694953918,0.3368716239929199
YOR357C,YBR028C,0,1.8257412,0.17281219363212585,0.6932938694953918,0.3369717597961426
YOR129C,YGL107C,0,1.8256755,0.1727697253227234,0.6932938694953918,0.33707189559936523
YCL044C,YLL067C,0,1.825107,0.17272727191448212,0.6932938694953918,0.3371720314025879
YBR191W,YMR035W,0,1.8249269,0.17268484830856323,0.6932938694953918,0.33727216720581055
YOR252W,YML101C,0,1.8248101,0.17264243960380554,0.6932938694953918,0.3373723328113556
YHR006W,YPR155C,0,1.8246146,0.17260004580020905,0.6932938694953918,0.33747246861457825
YAL019W,YCR036W,0,1.8244432,0.17255768179893494,0.6932938694953918,0.3375726044178009
YDR528W,YDR439W,0,1.8242824,0.17251533269882202,0.6932938694953918,0.33767274022102356
YGL028C,YBR168W,0,1.8236352,0.1724730134010315,0.6932938694953918,0.3377728760242462
YOR207C,YIL098C,0,1.8222302,0.17243070900440216,0.6932938694953918,0.33787301182746887
YEL048C,YMR226C,0,1.8217859,0.17238841950893402,0.6932938694953918,0.33797314763069153
YDL220C,YHL011C,0,1.8215113,0.17234615981578827,0.6932938694953918,0.3380733132362366
YLR426W,YGL195W,0,1.821317,0.1723039150238037,0.6932938694953918,0.33817344903945923
YFL005W,YOR177C,1,1.8209568,0.17250673472881317,0.6942800879478455,0.33817344903945923
YCL044C,YCR035C,0,1.8205404,0.17246447503566742,0.6942800879478455,0.3382735848426819
YDR110W,YDR384C,0,1.8200648,0.17242224514484406,0.6942800879478455,0.33837372064590454
YIL068C,YCR018C,0,1.8194804,0.1723800152540207,0.6942800879478455,0.3384738564491272
YDR399W,YDR057W,0,1.8194468,0.17233781516551971,0.6942800879478455,0.33857399225234985
YOR073W,YLR320W,1,1.8190057,0.17254038155078888,0.6952662467956543,0.33857399225234985
YDR108W,YLR055C,0,1.8183804,0.1724981665611267,0.6952662467956543,0.3386741578578949
YDR160W,YPR155C,0,1.8180735,0.17245596647262573,0.6952662467956543,0.33877429366111755
YER179W,YDR025W,0,1.816445,0.17241379618644714,0.6952662467956543,0.3388744294643402
YDR273W,YNR033W,0,1.8149053,0.17237164080142975,0.6952662467956543,0.33897456526756287
YKL033W,YGR046W,0,1.8148453,0.17232950031757355,0.6952662467956543,0.3390747010707855
YPR110C,YEL006W,0,1.8143815,0.17228738963603973,0.6952662467956543,0.3391748368740082
YCL029C,YOR027W,0,1.8143176,0.17224529385566711,0.6952662467956543,0.33927497267723083
YPL156C,YFR053C,0,1.8142309,0.17220322787761688,0.6952662467956543,0.3393751382827759
YOR081C,YBR034C,0,1.8140802,0.17216117680072784,0.6952662467956543,0.33947527408599854
YDR359C,YPL235W,0,1.8138092,0.172119140625,0.6952662467956543,0.3395754098892212
YGL098W,YBL063W,0,1.8131701,0.17207713425159454,0.6952662467956543,0.33967554569244385
YHL038C,YKL087C,0,1.8130302,0.17203514277935028,0.6952662467956543,0.3397756814956665
YCR107W,YNR059W,0,1.8127606,0.1719931662082672,0.6952662467956543,0.33987581729888916
YNL288W,YGR211W,0,1.8120818,0.17195121943950653,0.6952662467956543,0.3399759531021118
YDL240W,YDR092W,0,1.8114843,0.17190928757190704,0.6952662467956543,0.34007611870765686
YNL307C,YDR096W,1,1.8106046,0.1721111685037613,0.6962524652481079,0.34007611870765686
YDR435C,YIL038C,0,1.81057,0.1720692217350006,0.6962524652481079,0.3401762545108795
YNL312W,YER133W,1,1.8101656,0.17227095365524292,0.6972386837005615,0.3401762545108795
YHR035W,YBL025W,0,1.8096249,0.17222899198532104,0.6972386837005615,0.3402763903141022
YGR080W,YNL240C,0,1.8096135,0.17218704521656036,0.6972386837005615,0.34037652611732483
YBR146W,YKL079W,0,1.8096008,0.17214511334896088,0.6972386837005615,0.3404766619205475
YMR081C,YOL096C,0,1.8090332,0.17210321128368378,0.6972386837005615,0.34057679772377014
YDR513W,YNR059W,0,1.8088801,0.17206132411956787,0.6972386837005615,0.3406769335269928
YHR035W,YIL096C,0,1.8086658,0.17201946675777435,0.6972386837005615,0.34077709913253784
YIL052C,YGL096W,0,1.8079196,0.17197762429714203,0.6972386837005615,0.3408772349357605
YPL221W,YOR059C,0,1.8074708,0.1719357967376709,0.6972386837005615,0.34097737073898315
YDR446W,YJL168C,1,1.8065324,0.17213712632656097,0.6982248425483704,0.34097737073898315
YML120C,YLR200W,0,1.8065094,0.17209528386592865,0.6982248425483704,0.3410775065422058
YNL082W,YJL019W,1,1.8061901,0.17229647934436798,0.699211061000824,0.3410775065422058
YKL134C,YFR034C,0,1.8061838,0.17225462198257446,0.699211061000824,0.34117764234542847
YOR156C,YJL098W,0,1.8059995,0.17221277952194214,0.699211061000824,0.3412777781486511
YKR089C,YDL149W,0,1.8055878,0.172170951962471,0.699211061000824,0.34137794375419617
YAR033W,YDR280W,0,1.8045217,0.17212915420532227,0.699211061000824,0.3414780795574188
YDL154W,YGR253C,1,1.8038092,0.1723300963640213,0.7001972198486328,0.3414780795574188
YLR259C,YOL051W,0,1.8034335,0.17228828370571136,0.7001972198486328,0.3415782153606415
YOR081C,YFR053C,0,1.8032167,0.17224648594856262,0.7001972198486328,0.34167835116386414
YDR122W,YLR367W,0,1.8030758,0.17220470309257507,0.7001972198486328,0.3417784869670868
YJL078C,YGL061C,0,1.803034,0.1721629500389099,0.7001972198486328,0.34187862277030945
YDR235W,YIL137C,0,1.8024094,0.17212121188640594,0.7001972198486328,0.3419787585735321
YMR243C,YGL219C,0,1.801638,0.17207948863506317,0.7001972198486328,0.34207892417907715
YCR016W,YBL091C,0,1.8015134,0.17203779518604279,0.7001972198486328,0.3421790599822998
YCR045C,YNL181W,0,1.8014851,0.1719961166381836,0.7001972198486328,0.34227919578552246
YMR318C,YHR185C,0,1.8004118,0.1719544678926468,0.7001972198486328,0.3423793315887451
YBL080C,YOR119C,0,1.800319,0.17191283404827118,0.7001972198486328,0.3424794673919678
YOR264W,YLR337C,0,1.7989475,0.17187121510505676,0.7001972198486328,0.34257960319519043
YER040W,YDR041W,0,1.7983923,0.17182962596416473,0.7001972198486328,0.3426797389984131
YHR202W,YBR193C,0,1.7983088,0.1717880517244339,0.7001972198486328,0.34277990460395813
YHR205W,YPR055W,0,1.7981076,0.17174649238586426,0.7001972198486328,0.3428800404071808
YEL001C,YDR259C,0,1.7980402,0.171704962849617,0.7001972198486328,0.34298017621040344
YGL005C,YBR254C,0,1.7978228,0.17166344821453094,0.7001972198486328,0.3430803120136261
YDR375C,YNL164C,0,1.7977706,0.17162194848060608,0.7001972198486328,0.34318044781684875
YAL028W,YKL048C,0,1.7970126,0.1715804785490036,0.7001972198486328,0.3432805836200714
YGR024C,YDR273W,0,1.7968501,0.17153902351856232,0.7001972198486328,0.34338071942329407
YDR482C,YPR055W,0,1.7964203,0.17149758338928223,0.7001972198486328,0.3434808850288391
YOR156C,YJR150C,0,1.7958932,0.17145617306232452,0.7001972198486328,0.34358102083206177
YLL006W,YCL048W,0,1.795836,0.17141477763652802,0.7001972198486328,0.3436811566352844
YKL069W,YML047C,0,1.7958318,0.1713733971118927,0.7001972198486328,0.3437812924385071
YOL032W,YDR087C,0,1.7955898,0.17133204638957977,0.7001972198486328,0.34388142824172974
YDR217C,YNL180C,0,1.7950323,0.17129071056842804,0.7001972198486328,0.3439815640449524
YML004C,YHR197W,0,1.7945032,0.1712493896484375,0.7001972198486328,0.34408169984817505
YKL138C,YFR030W,0,1.7935084,0.17120809853076935,0.7001972198486328,0.3441818654537201
YLR001C,YLR092W,0,1.7933908,0.1711668223142624,0.7001972198486328,0.34428200125694275
YHR113W,YNL048W,0,1.7926303,0.17112557590007782,0.7001972198486328,0.3443821370601654
YOR193W,YIL018W,0,1.7923222,0.17108434438705444,0.7001972198486328,0.34448227286338806
YEL018W,YOL011W,0,1.7920187,0.17104312777519226,0.7001972198486328,0.3445824086666107
YGR217W,YNL024C,0,1.7915417,0.17100192606449127,0.7001972198486328,0.3446825444698334
YOR383C,YOR320C,0,1.7911038,0.17096075415611267,0.7001972198486328,0.3447827100753784
YHR088W,YDR528W,0,1.7908251,0.17091959714889526,0.7001972198486328,0.3448828458786011
YLR361C,YDL149W,0,1.7903901,0.17087845504283905,0.7001972198486328,0.34498298168182373
YMR274C,YMR215W,0,1.7903106,0.17083734273910522,0.7001972198486328,0.3450831174850464
YLL026W,YIL130W,0,1.7902749,0.1707962453365326,0.7001972198486328,0.34518325328826904
YDR217C,YCR018C,0,1.7896683,0.17075517773628235,0.7001972198486328,0.3452833890914917
YNL317W,YML016C,0,1.7892402,0.1707141101360321,0.7001972198486328,0.34538352489471436
YLR102C,YOR195W,0,1.7888949,0.17067307233810425,0.7001972198486328,0.3454836905002594
YDR160W,YIL062C,0,1.7883117,0.17063206434249878,0.7001972198486328,0.34558382630348206
YOR264W,YBL005W,0,1.7877266,0.1705910563468933,0.7001972198486328,0.3456839621067047
YOR338W,YDR099W,1,1.7875764,0.17079029977321625,0.7011834383010864,0.3456839621067047
YIL036W,YKL079W,0,1.7874088,0.17074927687644958,0.7011834383010864,0.34578409790992737
YKL194C,YKR077W,0,1.7871227,0.1707082837820053,0.7011834383010864,0.34588423371315
YKL145W,YDL149W,0,1.7866457,0.17066730558872223,0.7011834383010864,0.3459843695163727
YLL006W,YOR272W,0,1.786617,0.17062635719776154,0.7011834383010864,0.34608450531959534
YPL022W,YLR248W,1,1.7863927,0.17082533240318298,0.7021695971488953,0.34608450531959534
YNL284C-B,YML057W,0,1.786361,0.1707843542098999,0.7021695971488953,0.3461846709251404
YGR004W,YNL076W,0,1.7863606,0.1707434058189392,0.7021695971488953,0.34628480672836304
YBR069C,YHR113W,0,1.7862558,0.1707024723291397,0.7021695971488953,0.3463849425315857
YER014W,YER176W,0,1.7853796,0.1706615537405014,0.7021695971488953,0.34648507833480835
YDR392W,YGL054C,1,1.7849948,0.17086029052734375,0.7031558156013489,0.34648507833480835
YGL196W,YGR060W,0,1.7847931,0.17081935703754425,0.7031558156013489,0.346585214138031
YBL056W,YDR021W,0,1.7843809,0.17077843844890594,0.7031558156013489,0.34668534994125366
YGL127C,YOL104C,1,1.7842975,0.17097701132297516,0.7041420340538025,0.34668534994125366
YDR111C,YCR005C,0,1.784019,0.17093607783317566,0.7041420340538025,0.3467854857444763
YDR439W,YIL112W,1,1.7839063,0.17113451659679413,0.7051281929016113,0.3467854857444763
YGL093W,YNL156C,0,1.7838695,0.17109356820583344,0.7051281929016113,0.34688565135002136
YDR435C,YLR181C,0,1.7832801,0.17105263471603394,0.7051281929016113,0.346985787153244
YBR016W,YHR024C,0,1.7829198,0.17101171612739563,0.7051281929016113,0.3470859229564667
YPL171C,YBR109C,0,1.7828453,0.1709708273410797,0.7051281929016113,0.34718605875968933
YDL113C,YML055W,0,1.7825952,0.170929953455925,0.7051281929016113,0.347286194562912
YBL013W,YDR284C,0,1.7813091,0.17088909447193146,0.7051281929016113,0.34738633036613464
YMR048W,YER060W,0,1.7806759,0.17084826529026031,0.7051281929016113,0.3474864959716797
YFR027W,YHL026C,0,1.7797034,0.17080745100975037,0.7051281929016113,0.34758663177490234
YOR004W,YML013W,0,1.7788093,0.1707666516304016,0.7051281929016113,0.347686767578125
YDR122W,YAL028W,0,1.7788,0.17072588205337524,0.7051281929016113,0.34778690338134766
YDR227W,YLR363C,0,1.7785909,0.17068512737751007,0.7051281929016113,0.3478870391845703
YMR192W,YMR230W,0,1.7785909,0.1706443876028061,0.7051281929016113,0.34798717498779297
YHR073W,YPL076W,0,1.7776217,0.1706036776304245,0.7051281929016113,0.3480873107910156
YMR215W,YPL156C,0,1.7775605,0.1705629825592041,0.7051281929016113,0.34818747639656067
YPL171C,YPR007C,0,1.7770301,0.1705223023891449,0.7051281929016113,0.3482876121997833
YBR101C,YHL025W,0,1.7766771,0.1704816371202469,0.7051281929016113,0.348387748003006
YJR153W,YJR108W,0,1.775555,0.17044100165367126,0.7051281929016113,0.34848788380622864
YNL233W,YOR156C,0,1.7753081,0.17040038108825684,0.7051281929016113,0.3485880196094513
YFR024C-A,YLR181C,0,1.7749445,0.1703597754240036,0.7051281929016113,0.34868815541267395
YML021C,YOR372C,0,1.7749436,0.17031919956207275,0.7051281929016113,0.3487882912158966
YIL007C,YAL007C,0,1.7743065,0.1702786386013031,0.7051281929016113,0.34888845682144165
YLR037C,YEL027W,0,1.7741749,0.17023809254169464,0.7051281929016113,0.3489885926246643
YJL167W,YJR108W,0,1.7736444,0.17019757628440857,0.7051281929016113,0.34908872842788696
YIL120W,YER023W,0,1.7736216,0.1701570749282837,0.7051281929016113,0.3491888642311096
YIL153W,YBL051C,0,1.772829,0.17011658847332,0.7051281929016113,0.3492890000343323
YCR044C,YMR177W,0,1.7727084,0.17007611691951752,0.7051281929016113,0.34938913583755493
YMR110C,YJL083W,0,1.7725939,0.17003567516803741,0.7051281929016113,0.3494892716407776
YER033C,YHR110W,0,1.7721331,0.1699952483177185,0.7051281929016113,0.34958943724632263
YHR024C,YML047C,0,1.7719203,0.1699548363685608,0.7051281929016113,0.3496895730495453
YBL080C,YIL119C,0,1.7715472,0.16991445422172546,0.7051281929016113,0.34978970885276794
YGR170W,YGR007W,0,1.771451,0.16987407207489014,0.7051281929016113,0.3498898446559906
YDR078C,YBR180W,0,1.7712809,0.1698337346315384,0.7051281929016113,0.34998998045921326
YPL063W,YDL076C,0,1.7712464,0.16979339718818665,0.7051281929016113,0.3500901162624359
YBR107C,YIL096C,0,1.771024,0.1697530895471573,0.7051281929016113,0.35019025206565857
YFL056C,YPR180W,0,1.7703424,0.16971279680728912,0.7051281929016113,0.3502904176712036
YDR399W,YBR049C,0,1.7702928,0.16967251896858215,0.7051281929016113,0.35039055347442627
YBR107C,YCR086W,1,1.7701037,0.16986951231956482,0.7061144113540649,0.35039055347442627
YHR210C,YOL135C,0,1.7700804,0.16982921957969666,0.7061144113540649,0.3504906892776489
YKL129C,YNL068C,0,1.7698908,0.16978895664215088,0.7061144113540649,0.3505908250808716
YMR050C,YDR437W,0,1.7698779,0.1697486937046051,0.7061144113540649,0.35069096088409424
YMR063W,YLL006W,0,1.7697873,0.1697084605693817,0.7061144113540649,0.3507910966873169
YDL100C,YJL013C,0,1.7697221,0.16966824233531952,0.7061144113540649,0.35089126229286194
YJL174W,YGL195W,0,1.7692884,0.1696280539035797,0.7061144113540649,0.3509913980960846
YOL020W,YOR172W,0,1.7692442,0.1695878803730011,0.7061144113540649,0.35109153389930725
YMR175W,YJL168C,0,1.768553,0.16954772174358368,0.7061144113540649,0.3511916697025299
YGL167C,YIL167W,0,1.7683665,0.16950757801532745,0.7061144113540649,0.35129180550575256
YBR038W,YML045W,0,1.7683203,0.16946744918823242,0.7061144113540649,0.3513919413089752
YJR049C,YLR460C,0,1.7682084,0.16942735016345978,0.7061144113540649,0.3514920771121979
YGR212W,YGR244C,0,1.7679119,0.16938726603984833,0.7061144113540649,0.3515922427177429
YGR211W,YHR194W,0,1.7678249,0.16934721171855927,0.7061144113540649,0.3516923785209656
YDR422C,YKL150W,0,1.7675787,0.1693071573972702,0.7061144113540649,0.35179251432418823
YNL023C,YGL219C,0,1.7669255,0.16926713287830353,0.7061144113540649,0.3518926501274109
YNL263C,YML133C,0,1.7668724,0.16922713816165924,0.7061144113540649,0.35199278593063354
YNR032C-A,YPR100W,0,1.7668033,0.16918714344501495,0.7061144113540649,0.3520929217338562
YHR006W,YDR243C,0,1.7667754,0.16914717853069305,0.7061144113540649,0.35219305753707886
YGR122W,YJL083W,0,1.7667049,0.16910722851753235,0.7061144113540649,0.3522932231426239
YDR435C,YML082W,0,1.7663169,0.16906729340553284,0.7061144113540649,0.35239335894584656
YBR112C,YOR132W,0,1.7659543,0.1690273880958557,0.7061144113540649,0.3524934947490692
YGL005C,YML102W,0,1.7656721,0.16898749768733978,0.7061144113540649,0.35259363055229187
YNL250W,YOL029C,0,1.7645472,0.16894762217998505,0.7061144113540649,0.3526937663555145
YOR119C,YPL156C,0,1.7645454,0.1689077615737915,0.7061144113540649,0.3527939021587372
YMR053C,YNL317W,0,1.7644672,0.16886793076992035,0.7061144113540649,0.35289403796195984
YDR328C,YBR094W,0,1.7641728,0.1688280999660492,0.7061144113540649,0.3529942035675049
YOR267C,YFL005W,0,1.7641268,0.16878831386566162,0.7061144113540649,0.35309433937072754
YGR080W,YNL123W,0,1.7640374,0.16874852776527405,0.7061144113540649,0.3531944751739502
YAL009W,YNL088W,1,1.7637036,0.16894438862800598,0.7071005702018738,0.3531944751739502
YBL031W,YPR155C,0,1.763226,0.16890458762645721,0.7071005702018738,0.35329461097717285
YLR039C,YKL129C,0,1.7631919,0.16886481642723083,0.7071005702018738,0.3533947467803955
YGR097W,YPR034W,0,1.7626886,0.16882506012916565,0.7071005702018738,0.35349488258361816
YIL019W,YLL057C,0,1.7625954,0.16878530383110046,0.7071005702018738,0.3535950183868408
YER038C,YNL164C,0,1.762,0.16874559223651886,0.7071005702018738,0.35369518399238586
YKR075C,YAL007C,0,1.7617639,0.16870588064193726,0.7071005702018738,0.3537953197956085
YMR059W,YBR121C,0,1.7611134,0.16866619884967804,0.7071005702018738,0.3538954555988312
YOL029C,YMR207C,0,1.761071,0.16862653195858002,0.7071005702018738,0.35399559140205383
YMR192W,YKL062W,0,1.7609112,0.1685868799686432,0.7071005702018738,0.3540957272052765
YOR250C,YKR052C,0,1.7606708,0.16854724287986755,0.7071005702018738,0.35419586300849915
YPL235W,YKL040C,0,1.7605093,0.1685076355934143,0.7071005702018738,0.3542960286140442
YIL156W,YDL018C,0,1.7600567,0.16846804320812225,0.7071005702018738,0.35439616441726685
YPL169C,YCL051W,0,1.7598758,0.1684284657239914,0.7071005702018738,0.3544963002204895
YOL084W,YJL058C,0,1.7591186,0.16838891804218292,0.7071005702018738,0.35459643602371216
YPL176C,YHL026C,0,1.7583704,0.16834937036037445,0.7071005702018738,0.3546965718269348
YHL017W,YHL038C,0,1.7573657,0.16830985248088837,0.7071005702018738,0.35479670763015747
YBR089C-A,YER081W,0,1.7570679,0.16827036440372467,0.7071005702018738,0.3548968434333801
YIL147C,YLR248W,0,1.7564094,0.16823087632656097,0.7071005702018738,0.35499700903892517
YJL098W,YMR262W,0,1.756012,0.16819141805171967,0.7071005702018738,0.3550971448421478
YAL026C,YER081W,0,1.7554257,0.16815197467803955,0.7071005702018738,0.3551972806453705
YDR111C,YOR254C,0,1.7552884,0.16811254620552063,0.7071005702018738,0.35529741644859314
YGL243W,YDR178W,0,1.7551455,0.1680731326341629,0.7071005702018738,0.3553975522518158
YDL046W,YML047C,0,1.7546515,0.16803374886512756,0.7071005702018738,0.35549768805503845
YPL179W,YGL049C,0,1.7546384,0.16799437999725342,0.7071005702018738,0.3555978238582611
YDR076W,YOL091W,1,1.754608,0.16818927228450775,0.7080867886543274,0.3555978238582611
YDR201W,YML133C,0,1.7545124,0.1681498885154724,0.7080867886543274,0.35569798946380615
YNL130C,YML076C,0,1.7542238,0.16811051964759827,0.7080867886543274,0.3557981252670288
YLR085C,YER060W-A,0,1.7536198,0.16807116568088531,0.7080867886543274,0.35589826107025146
YPR007C,YOR319W,0,1.7535508,0.16803182661533356,0.7080867886543274,0.3559983968734741
YNL287W,YBR212W,0,1.7532163,0.1679925173521042,0.7080867886543274,0.3560985326766968
YLR277C,YLR189C,0,1.7525476,0.167953222990036,0.7080867886543274,0.35619866847991943
YOR266W,YGL045W,0,1.7522659,0.16791394352912903,0.7080867886543274,0.3562988042831421
YMR262W,YNR052C,0,1.7522645,0.16787467896938324,0.7080867886543274,0.35639896988868713
YIL056W,YDR516C,0,1.7516625,0.16783544421195984,0.7080867886543274,0.3564991056919098
YOR045W,YER063W,0,1.7516443,0.16779620945453644,0.7080867886543274,0.35659924149513245
YOR045W,YOR027W,0,1.7515076,0.16775700449943542,0.7080867886543274,0.3566993772983551
YHR214W,YLR432W,0,1.7510455,0.1677178293466568,0.7080867886543274,0.35679951310157776
YPL179W,YCL039W,0,1.7504412,0.16767865419387817,0.7080867886543274,0.3568996489048004
YNL142W,YIL087C,0,1.7492958,0.16763950884342194,0.7080867886543274,0.35699981451034546
YNL038W,YDR246W,0,1.7491386,0.1676003783941269,0.7080867886543274,0.3570999503135681
YBR088C,YBR186W,1,1.7489562,0.1677946299314499,0.709073007106781,0.3570999503135681
YDR045C,YDR284C,0,1.7488756,0.16775548458099365,0.709073007106781,0.35720008611679077
YGL087C,YOR110W,0,1.7481087,0.1677163541316986,0.709073007106781,0.3573002219200134
YBL100W-B,YNL287W,0,1.7477767,0.16767723858356476,0.709073007106781,0.3574003577232361
YKL051W,YBL072C,0,1.7472562,0.1676381379365921,0.709073007106781,0.35750049352645874
YOL012C,YMR118C,0,1.7470999,0.16759906709194183,0.709073007106781,0.3576006293296814
YLL031C,YOL096C,0,1.7469985,0.16756001114845276,0.709073007106781,0.35770079493522644
YDR126W,YOR229W,1,1.7469614,0.16775396466255188,0.7100591659545898,0.35770079493522644
YKL134C,YLR249W,0,1.7461622,0.16771487891674042,0.7100591659545898,0.3578009307384491
YDR464W,YDL117W,0,1.7460103,0.16767582297325134,0.7100591659545898,0.35790106654167175
YAR033W,YDR381W,0,1.7456144,0.16763678193092346,0.7100591659545898,0.3580012023448944
YLR390W-A,YKL149C,0,1.7454736,0.16759777069091797,0.7100591659545898,0.35810133814811707
YCR086W,YGR253C,1,1.7440592,0.167791485786438,0.7110453844070435,0.35810133814811707
YBR005W,YDL012C,0,1.7435462,0.1677524447441101,0.7110453844070435,0.3582014739513397
YER060W-A,YPL233W,0,1.7430043,0.16771341860294342,0.7110453844070435,0.3583016097545624
YBR272C,YKL060C,0,1.7429518,0.16767442226409912,0.7110453844070435,0.3584017753601074
YOL121C,YHR157W,0,1.7429085,0.16763544082641602,0.7110453844070435,0.3585019111633301
YNL246W,YBR168W,0,1.742882,0.1675964593887329,0.7110453844070435,0.35860204696655273
YMR275C,YLR093C,0,1.7428582,0.1675575226545334,0.7110453844070435,0.3587021827697754
YGR174C,YNL054W,0,1.7427753,0.16751858592033386,0.7110453844070435,0.35880231857299805
YOR264W,YPR169W,0,1.7425674,0.16747967898845673,0.7110453844070435,0.3589024543762207
YDL124W,YLR451W,0,1.7418122,0.16744078695774078,0.7110453844070435,0.35900259017944336
YKL043W,YNL216W,0,1.7415268,0.16740190982818604,0.7110453844070435,0.3591027557849884
YIL156W,YHL006C,0,1.7412825,0.16736304759979248,0.7110453844070435,0.35920289158821106
YPL121C,YHL027W,1,1.7408535,0.1675562709569931,0.7120315432548523,0.35920289158821106
YGL045W,YDR057W,0,1.7407925,0.16751740872859955,0.7120315432548523,0.3593030273914337
YGR078C,YJL216C,0,1.7405562,0.167478546500206,0.7120315432548523,0.35940316319465637
YPL140C,YLR058C,0,1.7405446,0.16743969917297363,0.7120315432548523,0.35950329899787903
YJR123W,YGR040W,0,1.740455,0.16740088164806366,0.7120315432548523,0.3596034348011017
YPL224C,YGR208W,0,1.7404349,0.16736207902431488,0.7120315432548523,0.35970357060432434
YGL070C,YKR095W,0,1.7400422,0.1673232913017273,0.7120315432548523,0.3598037362098694
YDR057W,YDR168W,0,1.7397002,0.1672845184803009,0.7120315432548523,0.35990387201309204
YDL230W,YDR110W,0,1.7391281,0.1672457754611969,0.7120315432548523,0.3600040078163147
YAL056W,YLL005C,1,1.739032,0.16743862628936768,0.7130177617073059,0.3600040078163147
YDL175C,YER143W,0,1.7389276,0.16739986836910248,0.7130177617073059,0.36010414361953735
YLR075W,YCR021C,0,1.7384194,0.16736111044883728,0.7130177617073059,0.36020427942276
YDR345C,YLR315W,0,1.7382796,0.16732238233089447,0.7130177617073059,0.36030441522598267
YPL171C,YGL073W,0,1.73827,0.16728366911411285,0.7130177617073059,0.3604045808315277
YLR167W,YBR016W,0,1.7377665,0.16724497079849243,0.7130177617073059,0.36050471663475037
YNL103W,YDR246W,0,1.7377386,0.1672062873840332,0.7130177617073059,0.360604852437973
YOR192C,YKL087C,0,1.7374864,0.16716763377189636,0.7130177617073059,0.3607049882411957
YBR119W,YIL033C,0,1.7373166,0.16712898015975952,0.7130177617073059,0.36080512404441833
YFR014C,YFL049W,0,1.7369508,0.16709035634994507,0.7130177617073059,0.360905259847641
YLR345W,YJL089W,0,1.7363167,0.167051762342453,0.7130177617073059,0.36100539565086365
YER139C,YEL051W,0,1.7362123,0.16701316833496094,0.7130177617073059,0.3611055612564087
YJL106W,YGL249W,1,1.7361358,0.1672055423259735,0.7140039205551147,0.3611055612564087
YBR109C,YBR193C,0,1.736071,0.16716693341732025,0.7140039205551147,0.36120569705963135
YLR377C,YGR296W,0,1.7359406,0.16712835431098938,0.7140039205551147,0.361305832862854
YPR169W,YCR106W,0,1.7353878,0.1670897752046585,0.7140039205551147,0.36140596866607666
YJL080C,YJL019W,1,1.7353675,0.16728195548057556,0.7149901390075684,0.36140596866607666
YHL050C,YMR156C,0,1.7352039,0.1672433614730835,0.7149901390075684,0.3615061044692993
YNL020C,YDR545W,0,1.7347716,0.16720479726791382,0.7149901390075684,0.361606240272522
YOR081C,YGR165W,0,1.7347088,0.16716624796390533,0.7149901390075684,0.36170637607574463
YAL019W,YHR114W,0,1.7345191,0.16712771356105804,0.7149901390075684,0.3618065416812897
YOL078W,YGL064C,0,1.734507,0.16708919405937195,0.7149901390075684,0.36190667748451233
YER176W,YDR227W,0,1.7343894,0.16705068945884705,0.7149901390075684,0.362006813287735
YFL025C,YBL047C,0,1.7332547,0.16701221466064453,0.7149901390075684,0.36210694909095764
YMR158W,YDR359C,0,1.7327381,0.16697373986244202,0.7149901390075684,0.3622070848941803
YDR246W,YOR059C,0,1.7317133,0.1669352948665619,0.7149901390075684,0.36230722069740295
YML004C,YER060W,0,1.7316784,0.16689686477184296,0.7149901390075684,0.3624073565006256
YPR008W,YER071C,0,1.7313874,0.1668584644794464,0.7149901390075684,0.36250752210617065
YOR016C,YKL155C,0,1.73108,0.16682006418704987,0.7149901390075684,0.3626076579093933
YPL146C,YGR122W,0,1.7307508,0.1667816936969757,0.7149901390075684,0.36270779371261597
YDR201W,YAL051W,0,1.7305171,0.16674332320690155,0.7149901390075684,0.3628079295158386
YPR067W,YDL093W,0,1.7301052,0.16670498251914978,0.7149901390075684,0.3629080653190613
YPR188C,YGL219C,0,1.7299392,0.1666666716337204,0.7149901390075684,0.36300820112228394
YGR003W,YNL246W,0,1.7299294,0.16662836074829102,0.7149901390075684,0.3631083369255066
YKL043W,YCR063W,0,1.7298778,0.16659007966518402,0.7149901390075684,0.36320850253105164
YDR189W,YDR406W,0,1.7296127,0.16655179858207703,0.7149901390075684,0.3633086383342743
YOR119C,YJR027W,0,1.7286569,0.16651354730129242,0.7149901390075684,0.36340877413749695
YMR234W,YPL225W,0,1.7285904,0.166475310921669,0.7149901390075684,0.3635089099407196
YJL181W,YPL239W,0,1.7283878,0.16643710434436798,0.7149901390075684,0.36360904574394226
YIL106W,YHR150W,0,1.7279698,0.16639889776706696,0.7149901390075684,0.3637091815471649
YGL096W,YHR138C,0,1.7276181,0.16636072099208832,0.7149901390075684,0.36380934715270996
YKL197C,YML016C,0,1.727446,0.16632254421710968,0.7149901390075684,0.3639094829559326
YGR217W,YER178W,0,1.7272637,0.16628439724445343,0.7149901390075684,0.3640096187591553
YBR003W,YMR125W,0,1.7271088,0.16624628007411957,0.7149901390075684,0.36410975456237793
YKL062W,YKL080W,0,1.72693,0.1662081629037857,0.7149901390075684,0.3642098903656006
YKL194C,YIL014W,0,1.7262411,0.16617006063461304,0.7149901390075684,0.36431002616882324
YHR150W,YCR044C,0,1.7261176,0.16613198816776276,0.7149901390075684,0.3644101619720459
YJL096W,YNR059W,0,1.7259828,0.16609393060207367,0.7149901390075684,0.36451032757759094
YJL098W,YBR180W,0,1.725626,0.16605588793754578,0.7149901390075684,0.3646104633808136
YJL096W,YBR016W,0,1.7253608,0.16601786017417908,0.7149901390075684,0.36471059918403625
YOR383C,YBR109C,0,1.7251824,0.16597984731197357,0.7149901390075684,0.3648107349872589
YJR153W,YLR044C,0,1.7243248,0.16594186425209045,0.7149901390075684,0.36491087079048157
YLR102C,YCR091W,0,1.7240634,0.16590389609336853,0.7149901390075684,0.3650110065937042
YOR065W,YNR024W,0,1.7238975,0.1658659279346466,0.7149901390075684,0.3651111423969269
YDR039C,YLR054C,0,1.7237556,0.16582798957824707,0.7149901390075684,0.3652113080024719
YCR036W,YCR106W,0,1.7236652,0.16579008102416992,0.7149901390075684,0.3653114438056946
YDR463W,YER109C,0,1.7236251,0.16575217247009277,0.7149901390075684,0.36541157960891724
YOR330C,YJL001W,0,1.7233522,0.16571427881717682,0.7149901390075684,0.3655117154121399
YNL103W,YKL062W,0,1.7232108,0.16567641496658325,0.7149901390075684,0.36561185121536255
YKR078W,YGR212W,0,1.7228048,0.16563856601715088,0.7149901390075684,0.3657119870185852
YDL072C,YLR196W,0,1.7227196,0.1656007319688797,0.7149901390075684,0.36581212282180786
YBR005W,YPL224C,0,1.7226489,0.16556291282176971,0.7149901390075684,0.3659122884273529
YIL064W,YLR352W,0,1.7222452,0.16552510857582092,0.7149901390075684,0.36601242423057556
YEL039C,YMR226C,0,1.7222409,0.16548733413219452,0.7149901390075684,0.3661125600337982
YPL235W,YDR257C,0,1.7220242,0.16544955968856812,0.7149901390075684,0.3662126958370209
YBR085W,YPL075W,0,1.721797,0.1654118150472641,0.7149901390075684,0.36631283164024353
YML107C,YCR021C,0,1.7215698,0.16537408530712128,0.7149901390075684,0.3664129674434662
YPL168W,YPL063W,0,1.7211001,0.16533637046813965,0.7149901390075684,0.36651313304901123
YOL126C,YNL194C,0,1.7210078,0.1652986705303192,0.7149901390075684,0.3666132688522339
YJL080C,YKR031C,1,1.7208769,0.16548894345760345,0.715976357460022,0.3666132688522339
YGR212W,YLR324W,0,1.7207644,0.16545122861862183,0.715976357460022,0.36671340465545654
YGR165W,YGR083C,0,1.7206312,0.1654135286808014,0.715976357460022,0.3668135404586792
YOR266W,YGR040W,0,1.7203889,0.16537585854530334,0.715976357460022,0.36691367626190186
YDR367W,YDR098C-B,0,1.7199547,0.1653381884098053,0.715976357460022,0.3670138120651245
YPL169C,YGL144C,0,1.7193124,0.16530054807662964,0.715976357460022,0.36711394786834717
YML067C,YOR019W,0,1.7192737,0.16526292264461517,0.715976357460022,0.3672141134738922
YHR122W,YML057W,0,1.7191731,0.1652253121137619,0.715976357460022,0.36731424927711487
YIR019C,YOR319W,0,1.7190415,0.16518771648406982,0.715976357460022,0.3674143850803375
YJR084W,YJR118C,0,1.7189442,0.16515013575553894,0.715976357460022,0.3675145208835602
YGL076C,YHR024C,0,1.7186482,0.16511256992816925,0.715976357460022,0.36761465668678284
YDR490C,YKR072C,0,1.7177579,0.16507503390312195,0.715976357460022,0.3677147924900055
YDR111C,YMR220W,0,1.7171757,0.16503751277923584,0.715976357460022,0.36781492829322815
YBR211C,YOR065W,0,1.7170712,0.16500000655651093,0.715976357460022,0.3679150938987732
YAL002W,YGL129C,0,1.716835,0.1649625152349472,0.715976357460022,0.36801522970199585
YOR009W,YHL026C,0,1.7163668,0.16492503881454468,0.715976357460022,0.3681153655052185
YHR185C,YJL080C,1,1.7162492,0.16511470079421997,0.7169625163078308,0.3681153655052185
YBR254C,YGL127C,0,1.7162201,0.16507720947265625,0.7169625163078308,0.36821550130844116
YDR427W,YJL186W,0,1.7154766,0.16503973305225372,0.7169625163078308,0.3683156371116638
YJR102C,YIL030C,0,1.7144774,0.1650022715330124,0.7169625163078308,0.3684157729148865
YPL137C,YHR113W,0,1.7139105,0.16496482491493225,0.7169625163078308,0.36851590871810913
YLR390W-A,YMR153W,0,1.7136625,0.1649274080991745,0.7169625163078308,0.3686160743236542
YER032W,YDR284C,0,1.7135737,0.16488999128341675,0.7169625163078308,0.36871621012687683
YER100W,YOR358W,0,1.7134168,0.16485260426998138,0.7169625163078308,0.3688163459300995
YIL036W,YOR087W,0,1.7130235,0.16481523215770721,0.7169625163078308,0.36891648173332214
YKR049C,YKL006W,0,1.7124634,0.16477787494659424,0.7169625163078308,0.3690166175365448
YNL194C,YDR397C,0,1.7110472,0.16474053263664246,0.7169625163078308,0.36911675333976746
YLR382C,YBL051C,0,1.7109773,0.16470322012901306,0.7169625163078308,0.3692168891429901
YDR325W,YMR059W,0,1.7107322,0.16466590762138367,0.7169625163078308,0.36931705474853516
YNL031C,YGR044C,0,1.7105981,0.16462862491607666,0.7169625163078308,0.3694171905517578
YOR018W,YIL106W,0,1.7104847,0.16459135711193085,0.7169625163078308,0.36951732635498047
YHL011C,YKL155C,0,1.7101673,0.16455410420894623,0.7169625163078308,0.3696174621582031
YLR284C,YGR078C,0,1.7090052,0.1645168662071228,0.7169625163078308,0.3697175979614258
YNL307C,YOR298W,1,1.7086015,0.16470588743686676,0.7179487347602844,0.3697175979614258
YPL140C,YGR094W,0,1.7085862,0.16466861963272095,0.7179487347602844,0.36981773376464844
YOR002W,YOR048C,0,1.7073703,0.16463138163089752,0.7179487347602844,0.3699178993701935
YMR232W,YJR048W,0,1.7071675,0.16459417343139648,0.7179487347602844,0.37001803517341614
YEL039C,YBR121C,0,1.7071309,0.16455696523189545,0.7179487347602844,0.3701181709766388
YLR248W,YDR317W,0,1.7067792,0.1645197719335556,0.7179487347602844,0.37021830677986145
YML052W,YOR298W,1,1.7064254,0.16470853984355927,0.7189348936080933,0.37021830677986145
YMR125W,YLL057C,0,1.706209,0.16467133164405823,0.7189348936080933,0.3703184425830841
YML066C,YER133W,1,1.7058468,0.16485998034477234,0.7199211120605469,0.3703184425830841
YDR430C,YNL247W,0,1.7056621,0.1648227572441101,0.7199211120605469,0.37041857838630676
YDR259C,YBR149W,0,1.7055639,0.16478554904460907,0.7199211120605469,0.3705187141895294
YOL154W,YNR030W,0,1.7055268,0.16474837064743042,0.7199211120605469,0.37061887979507446
YKL145W,YLR466W,0,1.7055036,0.16471119225025177,0.7199211120605469,0.3707190155982971
YKL045W,YPL225W,0,1.7050828,0.16467402875423431,0.7199211120605469,0.3708191514015198
YJR132W,YKR072C,0,1.7048373,0.16463689506053925,0.7199211120605469,0.37091928720474243
YHR024C,YPR174C,0,1.7046325,0.16459977626800537,0.7199211120605469,0.3710194230079651
YFL005W,YDR392W,1,1.7044909,0.16478809714317322,0.7209072709083557,0.3710194230079651
YIL069C,YGL045W,0,1.7043959,0.16475096344947815,0.7209072709083557,0.37111955881118774
YKL141W,YGR044C,0,1.704345,0.16471382975578308,0.7209072709083557,0.3712196946144104
YJL058C,YKL196C,0,1.7039611,0.1646767258644104,0.7209072709083557,0.37131986021995544
YNL328C,YOR191W,0,1.7028329,0.1646396368741989,0.7209072709083557,0.3714199960231781
YML023C,YER032W,0,1.7022567,0.16460256278514862,0.7209072709083557,0.37152013182640076
YPR008W,YPL126W,0,1.7022288,0.16456550359725952,0.7209072709083557,0.3716202676296234
YOR157C,YML047C,0,1.7019639,0.1645284742116928,0.7209072709083557,0.37172040343284607
YIL008W,YNL161W,0,1.7018626,0.1644914448261261,0.7209072709083557,0.3718205392360687
YML057W,YDR098C-B,0,1.7015325,0.16445444524288177,0.7209072709083557,0.3719206750392914
YPL056C,YEL027W,0,1.701337,0.16441746056079865,0.7209072709083557,0.3720208406448364
YDL240W,YPL063W,0,1.7008426,0.16438047587871552,0.7209072709083557,0.3721209764480591
YJR049C,YPL233W,0,1.700783,0.16434352099895477,0.7209072709083557,0.37222111225128174
YOR087W,YGR099W,0,1.7004411,0.16430658102035522,0.7209072709083557,0.3723212480545044
YOR117W,YPL183C,0,1.7003605,0.16426965594291687,0.7209072709083557,0.37242138385772705
YOR363C,YPL215W,0,1.6997255,0.1642327606678009,0.7209072709083557,0.3725215196609497
YDL100C,YLL006W,0,1.6996987,0.16419586539268494,0.7209072709083557,0.37262165546417236
YDR323C,YBL038W,0,1.6987911,0.16415899991989136,0.7209072709083557,0.3727218210697174
YML013W,YMR133W,0,1.698587,0.16412213444709778,0.7209072709083557,0.37282195687294006
YNL024C,YJL216C,0,1.6985068,0.1640852987766266,0.7209072709083557,0.3729220926761627
YGR057C,YGL064C,0,1.6984406,0.1640484780073166,0.7209072709083557,0.3730222284793854
YJL162C,YJR118C,0,1.6982038,0.16401167213916779,0.7209072709083557,0.37312236428260803
YPL209C,YOR048C,0,1.6979109,0.16397488117218018,0.7209072709083557,0.3732225000858307
YBL038W,YNL132W,0,1.6976659,0.16393810510635376,0.7209072709083557,0.37332266569137573
YGR178C,YPR086W,0,1.6973869,0.16390134394168854,0.7209072709083557,0.3734228014945984
YOL121C,YHL025W,0,1.6960776,0.1638645976781845,0.7209072709083557,0.37352293729782104
YGL045W,YMR074C,0,1.6958389,0.16382788121700287,0.7209072709083557,0.3736230731010437
YNR032C-A,YDR040C,0,1.6956618,0.16379116475582123,0.7209072709083557,0.37372320890426636
YDL139C,YNL118C,0,1.695471,0.16375447809696198,0.7209072709083557,0.373823344707489
YFR014C,YGR004W,0,1.6953217,0.16371780633926392,0.7209072709083557,0.37392348051071167
YPR095C,YOR157C,0,1.6951511,0.16368114948272705,0.7209072709083557,0.3740236461162567
YOR227W,YDR087C,0,1.6944797,0.16364450752735138,0.7209072709083557,0.37412378191947937
YDR464W,YBL051C,0,1.6943302,0.1636078804731369,0.7209072709083557,0.374223917722702
YKR088C,YIL130W,0,1.6941745,0.16357126832008362,0.7209072709083557,0.3743240535259247
YAL002W,YHR106W,0,1.6939827,0.16353467106819153,0.7209072709083557,0.37442418932914734
YMR063W,YMR224C,1,1.6939774,0.16372175514698029,0.7218934893608093,0.37442418932914734
YIL144W,YKL114C,0,1.6936194,0.1636851578950882,0.7218934893608093,0.37452432513237
YDR367W,YDL154W,0,1.6934077,0.1636485606431961,0.7218934893608093,0.37462446093559265
YOR383C,YLR115W,0,1.6926588,0.1636119782924652,0.7218934893608093,0.3747246265411377
YOL126C,YNL133C,0,1.6926025,0.1635754257440567,0.7218934893608093,0.37482476234436035
YPL138C,YJR049C,0,1.6923258,0.1635388731956482,0.7218934893608093,0.374924898147583
YOR091W,YJR027W,0,1.6922522,0.16350235044956207,0.7218934893608093,0.37502503395080566
YHR185C,YDR361C,0,1.6921444,0.16346582770347595,0.7218934893608093,0.3751251697540283
YHL017W,YPL137C,0,1.6917076,0.16342933475971222,0.7218934893608093,0.375225305557251
YJR108W,YIR031C,0,1.6914034,0.16339285671710968,0.7218934893608093,0.37532544136047363
YPR161C,YGR122W,0,1.6912613,0.16335639357566833,0.7218934893608093,0.3754256069660187
YDR189W,YOR048C,0,1.6909928,0.16331994533538818,0.7218934893608093,0.37552574276924133
YLR193C,YHR157W,0,1.6908203,0.16328351199626923,0.7218934893608093,0.375625878572464
YOR090C,YEL024W,0,1.6902226,0.16324709355831146,0.7218934893608093,0.37572601437568665
YMR262W,YGR296W,0,1.6901784,0.1632107049226761,0.7218934893608093,0.3758261501789093
YDL247W,YAL056W,0,1.690037,0.1631743162870407,0.7218934893608093,0.37592628598213196
YGR080W,YOL135C,0,1.6900108,0.16313795745372772,0.7218934893608093,0.376026451587677
YNL176C,YNL111C,0,1.6899954,0.16310159862041473,0.7218934893608093,0.37612658739089966
YGR253C,YBR089C-A,0,1.6898806,0.16306526958942413,0.7218934893608093,0.3762267231941223
YOR192C,YDR517W,0,1.6896828,0.16302895545959473,0.7218934893608093,0.37632685899734497
YPL105C,YGR040W,0,1.6892016,0.1629926562309265,0.7218934893608093,0.3764269948005676
YDR256C,YNL221C,0,1.6876698,0.1629563719034195,0.7218934893608093,0.3765271306037903
YLR223C,YKL039W,0,1.6874523,0.16292010247707367,0.7218934893608093,0.37662726640701294
YGL098W,YGR046W,0,1.6871938,0.16288384795188904,0.7218934893608093,0.376727432012558
YOR087W,YDR375C,0,1.686812,0.1628476083278656,0.7218934893608093,0.37682756781578064
YFR038W,YBL025W,0,1.6865778,0.16281138360500336,0.7218934893608093,0.3769277036190033
YPR169W,YPL233W,0,1.6863438,0.1627751886844635,0.7218934893608093,0.37702783942222595
YGL167C,YNR019W,0,1.6861933,0.16273899376392365,0.7218934893608093,0.3771279752254486
YER062C,YGR142W,0,1.6861638,0.16270282864570618,0.7218934893608093,0.37722811102867126
YDL235C,YGR078C,0,1.6858282,0.1626666635274887,0.7218934893608093,0.3773282468318939
YCR107W,YAL028W,0,1.6856606,0.16263052821159363,0.7218934893608093,0.37742841243743896
YPL215W,YBL008W,0,1.685042,0.16259440779685974,0.7218934893608093,0.3775285482406616
YKR075C,YNL164C,0,1.6846795,0.16255828738212585,0.7218934893608093,0.3776286840438843
YJL057C,YIR031C,0,1.6841948,0.16252219676971436,0.7218934893608093,0.37772881984710693
YJR027W,YDR407C,0,1.6839609,0.16248612105846405,0.7218934893608093,0.3778289556503296
YMR313C,YIL008W,0,1.683451,0.16245006024837494,0.7218934893608093,0.37792909145355225
YGL053W,YBL091C,0,1.6833956,0.16241402924060822,0.7218934893608093,0.3780292272567749
YPR158W-B,YKL114C,0,1.6833055,0.1623779982328415,0.7218934893608093,0.37812939286231995
YDR007W,YPR133C,0,1.68325,0.16234198212623596,0.7218934893608093,0.3782295286655426
YML052W,YNL128W,1,1.6830478,0.16252771019935608,0.7228797078132629,0.3782295286655426
YPL141C,YNR024W,0,1.6824769,0.16249169409275055,0.7228797078132629,0.37832966446876526
YLR039C,YMR110C,0,1.68231,0.16245567798614502,0.7228797078132629,0.3784298002719879
YBR057C,YHL027W,1,1.6821909,0.1626412570476532,0.7238658666610718,0.3784298002719879
YDR440W,YDR512C,1,1.6821074,0.1628267616033554,0.7248520851135254,0.3784298002719879
YPL207W,YLL057C,0,1.6809683,0.1627907007932663,0.7248520851135254,0.37852993607521057
YBL080C,YJR048W,0,1.6807463,0.16275465488433838,0.7248520851135254,0.3786300718784332
YBR101C,YDL145C,0,1.680706,0.16271862387657166,0.7248520851135254,0.3787302076816559
YBR279W,YIL096C,0,1.6800985,0.16268260776996613,0.7248520851135254,0.3788303732872009
YER007C-A,YOL023W,0,1.6800486,0.1626466065645218,0.7248520851135254,0.3789305090904236
YDR111C,YJL180C,0,1.6793153,0.16261062026023865,0.7248520851135254,0.37903064489364624
YDR105C,YNL063W,0,1.6789227,0.1625746488571167,0.7248520851135254,0.3791307806968689
YDR463W,YPL210C,0,1.6767443,0.16253869235515594,0.7248520851135254,0.37923091650009155
YER142C,YKR099W,0,1.6765971,0.16250276565551758,0.7248520851135254,0.3793310523033142
YDR386W,YDR217C,0,1.6764063,0.1624668389558792,0.7248520851135254,0.37943121790885925
YKL141W,YNL317W,0,1.676316,0.16243094205856323,0.7248520851135254,0.3795313537120819
YJL057C,YLR054C,0,1.6758606,0.16239504516124725,0.7248520851135254,0.37963148951530457
YDR256C,YLR039C,0,1.6758578,0.16235917806625366,0.7248520851135254,0.3797316253185272
YDR108W,YKL005C,0,1.6754363,0.16232332587242126,0.7248520851135254,0.3798317611217499
YIL013C,YLR181C,0,1.6751815,0.16228747367858887,0.7248520851135254,0.37993189692497253
YGL063W,YMR153W,0,1.6730756,0.16225165128707886,0.7248520851135254,0.3800320327281952
YDL175C,YDR098C,0,1.6725788,0.16221584379673004,0.7248520851135254,0.38013219833374023
YPL173W,YCL067C,0,1.6722687,0.16218005120754242,0.7248520851135254,0.3802323341369629
YIL036W,YKR027W,0,1.6722313,0.162144273519516,0.7248520851135254,0.38033246994018555
YBR279W,YDR078C,0,1.6720278,0.16210851073265076,0.7248520851135254,0.3804326057434082
YHR073W,YML086C,0,1.6717167,0.16207276284694672,0.7248520851135254,0.38053274154663086
YLR247C,YKL087C,0,1.6716263,0.16203702986240387,0.7248520851135254,0.3806328773498535
YNL056W,YHL021C,0,1.6714213,0.1620013266801834,0.7248520851135254,0.38073301315307617
YIL022W,YOL126C,0,1.6712555,0.16196562349796295,0.7248520851135254,0.3808331787586212
YDR323C,YJR117W,0,1.671242,0.1619299352169037,0.7248520851135254,0.38093331456184387
YNL194C,YPL239W,0,1.670866,0.1618942767381668,0.7248520851135254,0.38103345036506653
YDR316W-B,YKL081W,0,1.6707094,0.16185861825942993,0.7248520851135254,0.3811335861682892
YHR154W,YGR007W,0,1.670583,0.16182298958301544,0.7248520851135254,0.38123372197151184
YJR052W,YLR190W,0,1.6698399,0.16178736090660095,0.7248520851135254,0.3813338577747345
YGL028C,YHR110W,0,1.6695186,0.16175176203250885,0.7248520851135254,0.38143399357795715
YBR089C-A,YER129W,0,1.6693542,0.16171617805957794,0.7248520851135254,0.3815341591835022
YGL196W,YGR004W,0,1.6686603,0.16168059408664703,0.7248520851135254,0.38163429498672485
YJL012C,YOR011W,0,1.6685367,0.1616450399160385,0.7248520851135254,0.3817344307899475
YLR213C,YPL055C,1,1.6681433,0.1618293821811676,0.7258382439613342,0.3817344307899475
YHR108W,YML021C,0,1.6675904,0.1617937982082367,0.7258382439613342,0.38183456659317017
YGL126W,YGR017W,0,1.6674209,0.16175824403762817,0.7258382439613342,0.3819347023963928
YLL048C,YPR057W,0,1.6669667,0.16172270476818085,0.7258382439613342,0.3820348381996155
YBR016W,YPL173W,0,1.6660283,0.16168716549873352,0.7258382439613342,0.3821350038051605
YNR024W,YNR071C,0,1.6659801,0.16165165603160858,0.7258382439613342,0.3822351396083832
YER062C,YLR007W,0,1.6659791,0.16161616146564484,0.7258382439613342,0.38233527541160583
YBL056W,YDR468C,0,1.6655291,0.16158068180084229,0.7258382439613342,0.3824354112148285
YBL051C,YGR296W,0,1.6652288,0.16154521703720093,0.7258382439613342,0.38253554701805115
YOR316C,YOR048C,0,1.6652107,0.16150976717472076,0.7258382439613342,0.3826356828212738
YDR075W,YDR005C,0,1.6635926,0.1614743322134018,0.7258382439613342,0.38273581862449646
YLR181C,YGL240W,0,1.6634114,0.16143891215324402,0.7258382439613342,0.3828359842300415
YLR004C,YNR071C,0,1.6628876,0.16140350699424744,0.7258382439613342,0.38293612003326416
YOR027W,YBL038W,0,1.66236,0.16136811673641205,0.7258382439613342,0.3830362558364868
YAL056W,YLR260W,0,1.6623161,0.16133274137973785,0.7258382439613342,0.3831363916397095
YOR383C,YGL127C,0,1.6619582,0.16129739582538605,0.7258382439613342,0.38323652744293213
YNL263C,YKL048C,0,1.6619083,0.16126205027103424,0.7258382439613342,0.3833366632461548
YKL110C,YDR284C,0,1.6619062,0.16122671961784363,0.7258382439613342,0.38343679904937744
YPL036W,YDR276C,0,1.661888,0.1611914187669754,0.7258382439613342,0.3835369646549225
YDR104C,YLR399C,1,1.6618667,0.16137507557868958,0.7268244624137878,0.3835369646549225
YOR250C,YMR035W,0,1.6614609,0.16133975982666016,0.7268244624137878,0.38363710045814514
YGL018C,YMR074C,0,1.6614063,0.16130444407463074,0.7268244624137878,0.3837372362613678
YOR049C,YPL001W,0,1.6613706,0.1612691432237625,0.7268244624137878,0.38383737206459045
YNL250W,YDR430C,0,1.6609927,0.16123387217521667,0.7268244624137878,0.3839375078678131
YER100W,YIL011W,0,1.6607826,0.16119860112667084,0.7268244624137878,0.38403764367103577
YPR128C,YGL192W,0,1.660312,0.1611633449792862,0.7268244624137878,0.3841377794742584
YDR122W,YEL032W,0,1.6596633,0.16112811863422394,0.7268244624137878,0.38423794507980347
YLR293C,YKR049C,0,1.6585865,0.16109289228916168,0.7268244624137878,0.3843380808830261
YBR086C,YDR359C,0,1.6581922,0.16105769574642181,0.7268244624137878,0.3844382166862488
YLL018C,YNL031C,0,1.6581488,0.16102249920368195,0.7268244624137878,0.38453835248947144
YDR430C,YJR027W,0,1.6575402,0.16098733246326447,0.7268244624137878,0.3846384882926941
YAL007C,YDR098C-B,0,1.6573064,0.16095216572284698,0.7268244624137878,0.38473862409591675
YNL102W,YPL022W,1,1.6572915,0.16113537549972534,0.7278106212615967,0.38473862409591675
YBR016W,YPL253C,0,1.6570876,0.16110019385814667,0.7278106212615967,0.3848387598991394
YMR261C,YDR040C,0,1.6569128,0.16106504201889038,0.7278106212615967,0.38493892550468445
YOR249C,YJR096W,0,1.6564395,0.1610298901796341,0.7278106212615967,0.3850390613079071
YNL183C,YBR112C,0,1.6559378,0.1609947681427002,0.7278106212615967,0.38513919711112976
YDR059C,YIL072W,1,1.6556981,0.16117775440216064,0.7287968397140503,0.38513919711112976
YOR191W,YLR023C,0,1.6556064,0.16114260256290436,0.7287968397140503,0.3852393329143524
YBR038W,YGR205W,0,1.6554167,0.16110748052597046,0.7287968397140503,0.3853394687175751
YOR250C,YMR275C,0,1.654366,0.16107235848903656,0.7287968397140503,0.38543960452079773
YIL098C,YPL049C,0,1.6543099,0.16103726625442505,0.7287968397140503,0.3855397701263428
YHL003C,YHR194W,0,1.653367,0.16100217401981354,0.7287968397140503,0.38563990592956543
YIL107C,YGR055W,0,1.652117,0.16096711158752441,0.7287968397140503,0.3857400417327881
YGR055W,YGR017W,0,1.652045,0.1609320491552353,0.7287968397140503,0.38584017753601074
YPL001W,YDR309C,0,1.6516259,0.16089701652526855,0.7287968397140503,0.3859403133392334
YMR001C,YDR451C,1,1.650442,0.16107967495918274,0.7297830581665039,0.3859403133392334
YDL220C,YNR053C,0,1.6499158,0.16104461252689362,0.7297830581665039,0.38604044914245605
YPL116W,YLR324W,0,1.6496568,0.16100957989692688,0.7297830581665039,0.3861405849456787
YPR114W,YMR156C,0,1.6496273,0.16097454726696014,0.7297830581665039,0.38624075055122375
YJL181W,YIL005W,0,1.649569,0.1609395444393158,0.7297830581665039,0.3863408863544464
YDR002W,YGL061C,0,1.6494474,0.16090454161167145,0.7297830581665039,0.38644102215766907
YIL144W,YML082W,0,1.649275,0.1608695685863495,0.7297830581665039,0.3865411579608917
YHL038C,YDR287W,0,1.6491482,0.16083459556102753,0.7297830581665039,0.3866412937641144
YKL002W,YOL059W,0,1.6486673,0.16079965233802795,0.7297830581665039,0.38674142956733704
YDL160C,YNL318C,0,1.6486661,0.16076472401618958,0.7297830581665039,0.3868415653705597
YKL051W,YDL134C,0,1.6479384,0.1607297956943512,0.7297830581665039,0.38694173097610474
YNL051W,YDL209C,0,1.6477027,0.1606948971748352,0.7297830581665039,0.3870418667793274
YBL007C,YER060W-A,0,1.6472263,0.1606600135564804,0.7297830581665039,0.38714200258255005
YML092C,YLR451W,0,1.6464367,0.1606251299381256,0.7297830581665039,0.3872421383857727
YLL033W,YNL250W,1,1.6459985,0.1608072966337204,0.7307692170143127,0.3872421383857727
YGR082W,YDR325W,0,1.6459405,0.1607723981142044,0.7307692170143127,0.38734227418899536
YGR161W-A,YGR161C-D,0,1.6450341,0.1607375293970108,0.7307692170143127,0.387442409992218
YNL103W,YOR341W,0,1.6449146,0.1607026606798172,0.7307692170143127,0.3875425457954407
YLR345W,YHR024C,0,1.6445348,0.16066782176494598,0.7307692170143127,0.3876427114009857
YJR109C,YGR165W,0,1.6443425,0.16063299775123596,0.7307692170143127,0.3877428472042084
YGR083C,YDL076C,0,1.644174,0.16059817373752594,0.7307692170143127,0.38784298300743103
YBL007C,YAL011W,0,1.6441045,0.1605633795261383,0.7307692170143127,0.3879431188106537
YLR223C,YML013W,0,1.6438193,0.16052860021591187,0.7307692170143127,0.38804325461387634
YPL058C,YPL156C,0,1.6434612,0.16049382090568542,0.7307692170143127,0.388143390417099
YFL056C,YDL189W,0,1.6434455,0.16045907139778137,0.7307692170143127,0.38824352622032166
YJR132W,YMR105C,0,1.6432066,0.1604243367910385,0.7307692170143127,0.3883436918258667
YKL196C,YDL046W,0,1.6429646,0.16038961708545685,0.7307692170143127,0.38844382762908936
YGR205W,YPR148C,0,1.6428628,0.16035489737987518,0.7307692170143127,0.388543963432312
YPR003C,YBR131W,0,1.642828,0.1603202074766159,0.7307692170143127,0.38864409923553467
YNL025C,YOR079C,0,1.6422832,0.16028553247451782,0.7307692170143127,0.3887442350387573
YOR193W,YKL058W,0,1.6421509,0.16025087237358093,0.7307692170143127,0.38884437084198
YLR426W,YPR067W,0,1.6419281,0.16021621227264404,0.7307692170143127,0.388944536447525
YOL042W,YFR014C,0,1.6415856,0.16018158197402954,0.7307692170143127,0.3890446722507477
YLR052W,YDR407C,0,1.6412745,0.16014696657657623,0.7307692170143127,0.38914480805397034
YBR180W,YDL123W,0,1.6409187,0.16011236608028412,0.7307692170143127,0.389244943857193
YIL052C,YML057W,0,1.6406837,0.160077765583992,0.7307692170143127,0.38934507966041565
YDR098C,YGL018C,0,1.639025,0.16004319489002228,0.7307692170143127,0.3894452154636383
YPL116W,YNL233W,0,1.6382718,0.16000863909721375,0.7307692170143127,0.38954535126686096
YMR105C,YCR065W,0,1.6382073,0.1599740982055664,0.7307692170143127,0.389645516872406
YEL005C,YLR367W,0,1.6381769,0.15993955731391907,0.7307692170143127,0.38974565267562866
YJR041C,YCL039W,0,1.6375251,0.15990504622459412,0.7307692170143127,0.3898457884788513
YER179W,YOL071W,1,1.6373882,0.16008630394935608,0.7317554354667664,0.3898457884788513
YPL133C,YNL130C,0,1.6372039,0.16005176305770874,0.7317554354667664,0.389945924282074
YOL084W,YBL008W,0,1.6368207,0.1600172519683838,0.7317554354667664,0.39004606008529663
YDR430C,YCL016C,0,1.6363273,0.15998275578022003,0.7317554354667664,0.3901461958885193
YGL067W,YBR003W,0,1.6353776,0.15994825959205627,0.7317554354667664,0.39024633169174194
YDR188W,YML016C,0,1.6346835,0.1599137932062149,0.7317554354667664,0.390346497297287
YIL008W,YDR179C,0,1.634358,0.15987934172153473,0.7317554354667664,0.39044663310050964
YGL076C,YMR081C,0,1.6342827,0.15984489023685455,0.7317554354667664,0.3905467689037323
YOL069W,YJL197W,0,1.6342447,0.15981046855449677,0.7317554354667664,0.39064690470695496
YDR412W,YCL039W,0,1.6336218,0.15977606177330017,0.7317554354667664,0.3907470405101776
YDL240W,YDL119C,0,1.6334515,0.15974165499210358,0.7317554354667664,0.39084717631340027
YBR101C,YOL011W,0,1.6328534,0.15970727801322937,0.7317554354667664,0.3909473121166229
YPR097W,YLR337C,0,1.6326488,0.15967290103435516,0.7317554354667664,0.39104747772216797
YKL080W,YDR438W,0,1.6326442,0.15963855385780334,0.7317554354667664,0.3911476135253906
YER005W,YCR106W,0,1.6325665,0.15960422158241272,0.7317554354667664,0.3912477493286133
YML098W,YNL081C,0,1.6320403,0.1595698893070221,0.7317554354667664,0.39134788513183594
YFR049W,YOR109W,0,1.6315787,0.15953558683395386,0.7317554354667664,0.3914480209350586
YIL118W,YGL105W,0,1.6313336,0.15950128436088562,0.7317554354667664,0.39154815673828125
YDR104C,YFL037W,1,1.63113,0.15968193113803864,0.7327415943145752,0.39154815673828125
YDR176W,YPL097W,0,1.6309123,0.1596476137638092,0.7327415943145752,0.3916483223438263
YLR324W,YOL061W,0,1.6308205,0.15961332619190216,0.7327415943145752,0.39174845814704895
YPL209C,YBR162W-A,0,1.6303546,0.15957903861999512,0.7327415943145752,0.3918485939502716
YHR096C,YIL018W,0,1.629248,0.15954476594924927,0.7327415943145752,0.39194872975349426
YER142C,YNR019W,0,1.6290255,0.1595105230808258,0.7327415943145752,0.3920488655567169
YDR343C,YBR212W,0,1.6284289,0.15947628021240234,0.7327415943145752,0.3921490013599396
YLR118C,YDR243C,0,1.6282914,0.15944206714630127,0.7327415943145752,0.39224913716316223
YOL122C,YBL051C,0,1.6280329,0.1594078540802002,0.7327415943145752,0.3923493027687073
YKL185W,YGR120C,0,1.62772,0.15937365591526031,0.7327415943145752,0.39244943857192993
YGR296W,YNR052C,0,1.6274314,0.15933948755264282,0.7327415943145752,0.3925495743751526
YMR306W,YDL029W,1,1.627311,0.1595197319984436,0.7337278127670288,0.3925495743751526
YAL048C,YPL018W,0,1.6273078,0.15948553383350372,0.7337278127670288,0.39264971017837524
YCL017C,YBR272C,0,1.627141,0.15945135056972504,0.7337278127670288,0.3927498459815979
YIL036W,YNL056W,0,1.6268233,0.15941718220710754,0.7337278127670288,0.39284998178482056
YDL105W,YBL014C,0,1.6266859,0.15938302874565125,0.7337278127670288,0.3929501175880432
YDR150W,YPR133C,0,1.6264809,0.15934889018535614,0.7337278127670288,0.39305028319358826
YOR016C,YGL005C,0,1.6259501,0.15931478142738342,0.7337278127670288,0.3931504189968109
YBR003W,YBR049C,0,1.625729,0.1592806726694107,0.7337278127670288,0.39325055480003357
YIL008W,YNR030W,0,1.6256392,0.15924657881259918,0.7337278127670288,0.3933506906032562
YGR254W,YNL221C,0,1.6255145,0.15921249985694885,0.7337278127670288,0.3934508264064789
YOL084W,YJR118C,0,1.6254478,0.15917843580245972,0.7337278127670288,0.39355096220970154
YBR069C,YML101C,0,1.6252084,0.15914438664913177,0.7337278127670288,0.3936510980129242
YDR007W,YNL194C,0,1.6250987,0.15911035239696503,0.7337278127670288,0.39375126361846924
YBL008W,YLR058C,0,1.624738,0.15907633304595947,0.7337278127670288,0.3938513994216919
YAL068C,YKL058W,0,1.6247032,0.1590423285961151,0.7337278127670288,0.39395153522491455
YNL142W,YLL057C,0,1.6245594,0.15900833904743195,0.7337278127670288,0.3940516710281372
YCL068C,YOR271C,0,1.6239059,0.15897436439990997,0.7337278127670288,0.39415180683135986
YBR107C,YML128C,1,1.6238322,0.1591540277004242,0.7347140312194824,0.39415180683135986
YGR254W,YMR243C,0,1.6237923,0.15912003815174103,0.7347140312194824,0.3942519426345825
YNL137C,YKL052C,0,1.6237111,0.15908604860305786,0.7347140312194824,0.3943520784378052
YAL002W,YGL231C,0,1.6236622,0.15905208885669708,0.7347140312194824,0.3944522440433502
YML124C,YJL001W,1,1.6234515,0.15923158824443817,0.7357001900672913,0.3944522440433502
YBR091C,YJR118C,0,1.6230295,0.1591976135969162,0.7357001900672913,0.3945523798465729
YPR134W,YML081W,0,1.6225144,0.15916363894939423,0.7357001900672913,0.39465251564979553
YMR274C,YPR199C,0,1.6222177,0.15912969410419464,0.7357001900672913,0.3947526514530182
YLR417W,YPL193W,0,1.6219486,0.15909574925899506,0.7357001900672913,0.39485278725624084
YPL043W,YDR350C,0,1.6217734,0.15906183421611786,0.7357001900672913,0.3949529230594635
YML045W,YHR165C,0,1.6215658,0.15902791917324066,0.7357001900672913,0.39505308866500854
YBR169C,YDR025W,0,1.6211231,0.15899403393268585,0.7357001900672913,0.3951532244682312
YGL126W,YPR120C,0,1.620749,0.15896014869213104,0.7357001900672913,0.39525336027145386
YPR017C,YDR028C,0,1.6206477,0.15892629325389862,0.7357001900672913,0.3953534960746765
YDR523C,YLL039C,1,1.6203747,0.15910543501377106,0.7366864085197449,0.3953534960746765
YGL144C,YKL005C,0,1.6197437,0.15907154977321625,0.7366864085197449,0.39545363187789917
YBR162W-A,YLL053C,0,1.619024,0.15903767943382263,0.7366864085197449,0.3955537676811218
YOL090W,YNR049C,1,1.6186746,0.15921668708324432,0.7376725673675537,0.3955537676811218
YDL240W,YKR083C,0,1.6179941,0.15918280184268951,0.7376725673675537,0.3956539034843445
YJR150C,YOL095C,0,1.617809,0.1591489315032959,0.7376725673675537,0.3957540690898895
YCR086W,YDL093W,0,1.6169872,0.15911507606506348,0.7376725673675537,0.3958542048931122
YCL029C,YPL178W,0,1.6165286,0.15908123552799225,0.7376725673675537,0.39595434069633484
YPL137C,YOR254C,0,1.6157191,0.15904740989208221,0.7376725673675537,0.3960544764995575
YGL127C,YJL187C,1,1.6157173,0.159226194024086,0.7386587858200073,0.3960544764995575
YPR067W,YAL011W,0,1.615543,0.15919235348701477,0.7386587858200073,0.39615461230278015
YJR046W,YBR162C,0,1.6153119,0.15915852785110474,0.7386587858200073,0.3962547481060028
YGL027C,YLR363C,0,1.6152254,0.1591247022151947,0.7386587858200073,0.39635488390922546
YMR101C,YBR016W,0,1.6150255,0.15909090638160706,0.7386587858200073,0.3964550495147705
YBR131W,YHR157W,0,1.6146467,0.1590571254491806,0.7386587858200073,0.39655518531799316
YEL020W-A,YJR049C,0,1.6145742,0.15902335941791534,0.7386587858200073,0.3966553211212158
YEL018W,YKL150W,0,1.6144154,0.15898959338665009,0.7386587858200073,0.3967554569244385
YOL122C,YDR098C-B,0,1.6140995,0.15895585715770721,0.7386587858200073,0.39685559272766113
YHR110W,YPR169W,0,1.6138041,0.15892213582992554,0.7386587858200073,0.3969557285308838
YGL107C,YDL087C,0,1.613677,0.15888841450214386,0.7386587858200073,0.39705586433410645
YER031C,YHR111W,0,1.6135479,0.15885472297668457,0.7386587858200073,0.3971560299396515
YPL215W,YOL095C,0,1.6132127,0.15882103145122528,0.7386587858200073,0.39725616574287415
YNL041C,YER060W,0,1.6131483,0.15878736972808838,0.7386587858200073,0.3973563015460968
YMR048W,YOL011W,0,1.6129768,0.15875370800495148,0.7386587858200073,0.39745643734931946
YPL137C,YIL018W,0,1.612925,0.15872006118297577,0.7386587858200073,0.3975565731525421
YPR037C,YDL093W,0,1.6126943,0.15868644416332245,0.7386587858200073,0.39765670895576477
YJR052W,YDL145C,0,1.6119096,0.15865282714366913,0.7386587858200073,0.3977568447589874
YHR165C,YOL078W,0,1.6117784,0.158619225025177,0.7386587858200073,0.39785701036453247
YIL014W,YDL076C,0,1.6116782,0.15858563780784607,0.7386587858200073,0.3979571461677551
YGR235C,YOR383C,0,1.6114157,0.15855208039283752,0.7386587858200073,0.3980572819709778
YOR247W,YLR093C,0,1.6113125,0.15851852297782898,0.7386587858200073,0.39815741777420044
YDR482C,YBR193C,0,1.6110015,0.15848498046398163,0.7386587858200073,0.3982575535774231
YNR052C,YJR096W,0,1.6108278,0.15845145285129547,0.7386587858200073,0.39835768938064575
YCR036W,YAL051W,0,1.6097491,0.1584179401397705,0.7386587858200073,0.3984578549861908
YOR262W,YCR021C,0,1.6096787,0.15838444232940674,0.7386587858200073,0.39855799078941345
YER041W,YPL178W,0,1.6096326,0.15835094451904297,0.7386587858200073,0.3986581265926361
YCR033W,YJL106W,1,1.6094816,0.15852884948253632,0.7396449446678162,0.3986581265926361
YOR258W,YNL123W,0,1.6093132,0.15849535167217255,0.7396449446678162,0.39875826239585876
YKL062W,YJL212C,0,1.6071278,0.15846186876296997,0.7396449446678162,0.3988583981990814
YFR014C,YGL093W,0,1.6063066,0.1584283858537674,0.7396449446678162,0.3989585340023041
YOR191W,YPL179W,0,1.6061132,0.1583949327468872,0.7396449446678162,0.39905866980552673
YPR034W,YHR190W,0,1.6060777,0.15836147964000702,0.7396449446678162,0.3991588354110718
YPR008W,YIL043C,0,1.6059982,0.15832805633544922,0.7396449446678162,0.39925897121429443
YLR239C,YMR274C,0,1.6052194,0.15829463303089142,0.7396449446678162,0.3993591070175171
YER014W,YPL156C,0,1.6041332,0.158261239528656,0.7396449446678162,0.39945924282073975
YER100W,YLR019W,0,1.604099,0.1582278460264206,0.7396449446678162,0.3995593786239624
YOR247W,YLR019W,0,1.6037128,0.15819446742534637,0.7396449446678162,0.39965951442718506
YHL006C,YDL139C,0,1.603407,0.15816111862659454,0.7396449446678162,0.3997596502304077
YMR306W,YOR354C,1,1.6027627,0.15833860635757446,0.7406311631202698,0.3997596502304077
YER031C,YHL026C,0,1.6026858,0.15830522775650024,0.7406311631202698,0.39985981583595276
YER056C,YOL055C,0,1.6019372,0.15827186405658722,0.7406311631202698,0.3999599516391754
YGR165W,YMR050C,0,1.6018232,0.1582385152578354,0.7406311631202698,0.40006008744239807
YDR039C,YML013W,0,1.6013082,0.15820518136024475,0.7406311631202698,0.4001602232456207
YJR150C,YDL134C,0,1.6012644,0.1581718623638153,0.7406311631202698,0.4002603590488434
YDR059C,YLR028C,1,1.601094,0.15834912657737732,0.7416173815727234,0.4002603590488434
YJL012C,YLR055C,0,1.6010935,0.15831579267978668,0.7416173815727234,0.40036049485206604
YMR192W,YJL057C,0,1.600189,0.15828247368335724,0.7416173815727234,0.4004606306552887
YBR065C,YDR246W,0,1.5999272,0.1582491546869278,0.7416173815727234,0.40056079626083374
YIL007C,YNL180C,0,1.5997052,0.15821586549282074,0.7416173815727234,0.4006609320640564
YLR390W-A,YML133C,0,1.5994823,0.15818257629871368,0.7416173815727234,0.40076106786727905
YHR210C,YCR091W,0,1.5985794,0.15814931690692902,0.7416173815727234,0.4008612036705017
YJL057C,YDR398W,0,1.5982506,0.15811605751514435,0.7416173815727234,0.40096133947372437
YGR212W,YIL014W,0,1.5981078,0.15808282792568207,0.7416173815727234,0.401061475276947
YER081W,YDR284C,0,1.5973027,0.1580495983362198,0.7416173815727234,0.40116164088249207
YDR515W,YGL192W,0,1.5971851,0.1580163836479187,0.7416173815727234,0.4012617766857147
YOR373W,YER020W,1,1.5970788,0.15819327533245087,0.7426035404205322,0.4012617766857147
YML023C,YDR386W,0,1.5970085,0.1581600457429886,0.7426035404205322,0.4013619124889374
YHR185C,YER015W,0,1.5967829,0.1581268310546875,0.7426035404205322,0.40146204829216003
YGR055W,YPL224C,0,1.5966655,0.1580936312675476,0.7426035404205322,0.4015621840953827
YKL132C,YOR359W,0,1.5958492,0.1580604463815689,0.7426035404205322,0.40166231989860535
YNL328C,YBR295W,0,1.5949118,0.1580272763967514,0.7426035404205322,0.401762455701828
YMR048W,YBR160W,1,1.5945618,0.15820394456386566,0.7435897588729858,0.401762455701828
YOL009C,YGL167C,0,1.5943199,0.15817075967788696,0.7435897588729858,0.40186262130737305
YML067C,YNL031C,0,1.5940206,0.15813758969306946,0.7435897588729858,0.4019627571105957
YJR131W,YJL197W,0,1.5939049,0.15810441970825195,0.7435897588729858,0.40206289291381836
YGR017W,YDR087C,0,1.5929145,0.15807127952575684,0.7435897588729858,0.402163028717041
YAL011W,YDL149W,0,1.5924377,0.1580381542444229,0.7435897588729858,0.40226316452026367
YDR325W,YAL028W,0,1.5919465,0.158005028963089,0.7435897588729858,0.40236330032348633
YDR513W,YGL194C,0,1.5915745,0.15797191858291626,0.7435897588729858,0.402463436126709
YGR032W,YGR253C,1,1.5913701,0.15814830362796783,0.7445759177207947,0.402463436126709
YHR073W,YKL077W,0,1.5911006,0.1581151783466339,0.7445759177207947,0.40256360173225403
YKR096W,YGR217W,0,1.5908079,0.15808208286762238,0.7445759177207947,0.4026637375354767
YDR098C,YGL167C,0,1.5904341,0.15804898738861084,0.7445759177207947,0.40276387333869934
YOR193W,YPL043W,0,1.5900009,0.1580159068107605,0.7445759177207947,0.402864009141922
YDL135C,YDR078C,0,1.5897516,0.15798284113407135,0.7445759177207947,0.40296414494514465
YNL214W,YNR053C,0,1.589211,0.1579497903585434,0.7445759177207947,0.4030642807483673
YDL100C,YBR169C,0,1.5883334,0.15791675448417664,0.7445759177207947,0.40316441655158997
YDR422C,YDR087C,0,1.588088,0.15788373351097107,0.7445759177207947,0.403264582157135
YDR078C,YNL066W,0,1.5875747,0.1578507274389267,0.7445759177207947,0.40336471796035767
YGR080W,YDR200C,0,1.5872166,0.15781772136688232,0.7445759177207947,0.4034648537635803
YIL037C,YJR041C,0,1.5870368,0.15778474509716034,0.7445759177207947,0.403564989566803
YGL127C,YBR136W,1,1.5865722,0.1579607129096985,0.7455621361732483,0.403564989566803
YGL167C,YKL150W,0,1.5849693,0.1579277217388153,0.7455621361732483,0.40366512537002563
YMR232W,YNL036W,0,1.58477,0.15789473056793213,0.7455621361732483,0.4037652611732483
YIL147C,YEL051W,0,1.5846648,0.15786176919937134,0.7455621361732483,0.40386539697647095
YDL160C,YER033C,0,1.5842936,0.15782880783081055,0.7455621361732483,0.403965562582016
YNL068C,YDR257C,0,1.5836551,0.15779586136341095,0.7455621361732483,0.40406569838523865
YOR073W,YNL082W,1,1.5831859,0.15797162055969238,0.7465482950210571,0.40406569838523865
YOR027W,YHR138C,0,1.5831454,0.1579386591911316,0.7465482950210571,0.4041658341884613
YML021C,YGL196W,0,1.5826321,0.157905712723732,0.7465482950210571,0.40426596999168396
YJR073C,YML045W,0,1.5826114,0.1578727811574936,0.7465482950210571,0.4043661057949066
YDR469W,YGL018C,0,1.5821836,0.15783986449241638,0.7465482950210571,0.4044662415981293
YDR234W,YLR260W,0,1.5817533,0.15780696272850037,0.7465482950210571,0.4045664072036743
YNR024W,YKR049C,0,1.5816808,0.15777407586574554,0.7465482950210571,0.404666543006897
YDR009W,YPR086W,0,1.5815812,0.15774118900299072,0.7465482950210571,0.40476667881011963
YDR367W,YHR073W,0,1.5814459,0.1577083319425583,0.7465482950210571,0.4048668146133423
YKR079C,YCR063W,0,1.5807443,0.15767548978328705,0.7465482950210571,0.40496695041656494
YGR080W,YPL040C,0,1.58003,0.1576426476240158,0.7465482950210571,0.4050670862197876
YHR006W,YKL063C,0,1.5784314,0.15760982036590576,0.7465482950210571,0.40516722202301025
YKL006W,YGR161C-D,0,1.5776515,0.1575770229101181,0.7465482950210571,0.4052673876285553
YPL076W,YJL208C,0,1.5776355,0.15754422545433044,0.7465482950210571,0.40536752343177795
YCR016W,YOR009W,0,1.5765843,0.15751144289970398,0.7465482950210571,0.4054676592350006
YHR150W,YKL080W,0,1.5749996,0.1574786752462387,0.7465482950210571,0.40556779503822327
YGR082W,YGR161C-D,0,1.5748227,0.15744592249393463,0.7465482950210571,0.4056679308414459
YIL030C,YMR262W,0,1.5746081,0.15741318464279175,0.7465482950210571,0.4057680666446686
YNL173C,YMR001C,0,1.5745715,0.15738046169281006,0.7465482950210571,0.40586820244789124
YFR016C,YER178W,0,1.5739667,0.15734773874282837,0.7465482950210571,0.4059683680534363
YHL028W,YBR193C,0,1.5736935,0.15731504559516907,0.7465482950210571,0.40606850385665894
YNL284C-B,YOR271C,0,1.5734347,0.15728236734867096,0.7465482950210571,0.4061686396598816
YMR192W,YEL044W,0,1.5734112,0.15724968910217285,0.7465482950210571,0.40626877546310425
YNL240C,YHL025W,0,1.572403,0.15721702575683594,0.7465482950210571,0.4063689112663269
YEL048C,YDR303C,0,1.5722516,0.1571843922138214,0.7465482950210571,0.40646904706954956
YFR047C,YGL171W,0,1.571992,0.15715175867080688,0.7465482950210571,0.4065691828727722
YPL126W,YER178W,0,1.5708408,0.15711914002895355,0.7465482950210571,0.40666934847831726
YJR046W,YNL294C,0,1.5703647,0.1570865362882614,0.7465482950210571,0.4067694842815399
YOR316C,YDR217C,0,1.5703126,0.15705394744873047,0.7465482950210571,0.4068696200847626
YML101C,YDR176W,0,1.5689034,0.15702135860919952,0.7465482950210571,0.40696975588798523
YHR146W,YML013W,0,1.5688725,0.15698879957199097,0.7465482950210571,0.4070698916912079
YLR131C,YJR118C,0,1.5683197,0.1569562554359436,0.7465482950210571,0.40717002749443054
YGR109W-A,YPL061W,0,1.5681422,0.15692371129989624,0.7465482950210571,0.4072701930999756
YML052W,YJL187C,1,1.5676265,0.1570984423160553,0.7475345134735107,0.4072701930999756
YDR059C,YGL249W,1,1.5674651,0.1572730988264084,0.7485207319259644,0.4072701930999756
YFR047C,YGR170W,0,1.566802,0.15724052488803864,0.7485207319259644,0.40737032890319824
YDL243C,YML055W,0,1.5664059,0.15720795094966888,0.7485207319259644,0.4074704647064209
YML100W,YHR035W,0,1.5663247,0.15717539191246033,0.7485207319259644,0.40757060050964355
YNL142W,YER015W,0,1.5660957,0.15714286267757416,0.7485207319259644,0.4076707363128662
YIR004W,YKL197C,0,1.5660044,0.157110333442688,0.7485207319259644,0.40777087211608887
YOR192C,YPR169W,0,1.5656176,0.157077819108963,0.7485207319259644,0.4078710079193115
YNL068C,YNL111C,0,1.5649979,0.15704531967639923,0.7485207319259644,0.40797117352485657
YAL007C,YIL014W,0,1.5644681,0.15701282024383545,0.7485207319259644,0.4080713093280792
YNR024W,YKL054C,0,1.5640043,0.15698035061359406,0.7485207319259644,0.4081714451313019
YBR254C,YNL288W,0,1.5630641,0.15694789588451385,0.7485207319259644,0.40827158093452454
YGR078C,YAL028W,0,1.5624753,0.15691544115543365,0.7485207319259644,0.4083717167377472
YIL056W,YLR466W,0,1.5620772,0.15688301622867584,0.7485207319259644,0.40847185254096985
YIL053W,YMR275C,0,1.5617838,0.15685059130191803,0.7485207319259644,0.4085719883441925
YML045W,YER005W,0,1.5616164,0.1568181812763214,0.7485207319259644,0.40867215394973755
YLR277C,YBL025W,0,1.560945,0.156785786151886,0.7485207319259644,0.4087722897529602
YGR109W-A,YJL197W,0,1.5607603,0.15675340592861176,0.7485207319259644,0.40887242555618286
YMR009W,YDR244W,0,1.5607045,0.15672104060649872,0.7485207319259644,0.4089725613594055
YAL030W,YDR028C,0,1.5603108,0.15668869018554688,0.7485207319259644,0.4090726971626282
YPL280W,YOR103C,0,1.5595942,0.15665633976459503,0.7485207319259644,0.40917283296585083
YPR148C,YKL002W,0,1.5592406,0.15662401914596558,0.7485207319259644,0.4092729687690735
YJL094C,YOL059W,0,1.5589623,0.15659171342849731,0.7485207319259644,0.40937313437461853
YIL068C,YKR027W,0,1.5585449,0.15655940771102905,0.7485207319259644,0.4094732701778412
YKR007W,YKL029C,0,1.5585387,0.15652711689472198,0.7485207319259644,0.40957340598106384
YOR252W,YKR031C,0,1.5580838,0.1564948409795761,0.7485207319259644,0.4096735417842865
YJL212C,YBR089C-A,0,1.557802,0.15646257996559143,0.7485207319259644,0.40977367758750916
YKL185W,YGL243W,0,1.5574566,0.15643033385276794,0.7485207319259644,0.4098738133907318
YBL005W,YNL081C,0,1.5567296,0.15639810264110565,0.7485207319259644,0.40997394919395447
YBL056W,YKL026C,0,1.5566602,0.15636588633060455,0.7485207319259644,0.4100741147994995
YDR080W,YLR067C,0,1.5565857,0.15633367002010345,0.7485207319259644,0.41017425060272217
YNR048W,YDR176W,0,1.5565344,0.15630148351192474,0.7485207319259644,0.4102743864059448
YGL167C,YPR148C,0,1.5564601,0.15626929700374603,0.7485207319259644,0.4103745222091675
YDR323C,YPL117C,0,1.5563755,0.1562371402978897,0.7485207319259644,0.41047465801239014
YOR193W,YJL197W,0,1.5561743,0.1562049835920334,0.7485207319259644,0.4105747938156128
YKR100C,YGL107C,0,1.5559876,0.15617284178733826,0.7485207319259644,0.41067495942115784
YBR107C,YPR097W,0,1.5556062,0.15614071488380432,0.7485207319259644,0.4107750952243805
YBR043C,YBR003W,0,1.5549692,0.15610860288143158,0.7485207319259644,0.41087523102760315
YNL167C,YLL024C,0,1.5549295,0.15607649087905884,0.7485207319259644,0.4109753668308258
YLR061W,YDR316W-B,0,1.5549244,0.15604440867900848,0.7485207319259644,0.41107550263404846
YLR215C,YDR308C,0,1.5545013,0.15601232647895813,0.7485207319259644,0.4111756384372711
YER139C,YPL040C,0,1.554465,0.15598027408123016,0.7485207319259644,0.4112757742404938
YIL013C,YBR189W,0,1.5543435,0.1559482216835022,0.7485207319259644,0.4113759398460388
YPL138C,YKR075C,0,1.5540302,0.15591618418693542,0.7485207319259644,0.4114760756492615
YFR024C-A,YKR077W,0,1.5539734,0.15588416159152985,0.7485207319259644,0.41157621145248413
YHR139C,YLR067C,0,1.552649,0.15585215389728546,0.7485207319259644,0.4116763472557068
YLR055C,YGR161C-D,0,1.5522563,0.15582016110420227,0.7485207319259644,0.41177648305892944
YLL067C,YLR337C,0,1.551912,0.15578818321228027,0.7485207319259644,0.4118766188621521
YIL087C,YGL144C,0,1.5517645,0.15575620532035828,0.7485207319259644,0.41197675466537476
YGR204W,YHR214W,0,1.5507389,0.15572425723075867,0.7485207319259644,0.4120769202709198
YML098W,YER155C,0,1.550636,0.15569230914115906,0.7485207319259644,0.41217705607414246
YJR109C,YDR381W,0,1.55025,0.15566037595272064,0.7485207319259644,0.4122771918773651
YBR016W,YLR054C,0,1.5501747,0.15562845766544342,0.7485207319259644,0.41237732768058777
YKR053C,YLR092W,0,1.5499327,0.1555965542793274,0.7485207319259644,0.4124774634838104
YBR119W,YDR309C,0,1.54983,0.15556466579437256,0.7485207319259644,0.4125775992870331
YJR132W,YPR071W,0,1.5496093,0.15553279221057892,0.7485207319259644,0.41267773509025574
YDR078C,YMR009W,0,1.549413,0.15550091862678528,0.7485207319259644,0.4127779006958008
YAL011W,YDR168W,0,1.5493484,0.15546907484531403,0.7485207319259644,0.41287803649902344
YHL028W,YLR435W,0,1.5491519,0.15543723106384277,0.7485207319259644,0.4129781723022461
YPR037C,YKR031C,0,1.5488303,0.15540540218353271,0.7485207319259644,0.41307830810546875
YEL027W,YDR080W,0,1.5487934,0.15537358820438385,0.7485207319259644,0.4131784439086914
YKR072C,YGR122W,0,1.5482342,0.15534178912639618,0.7485207319259644,0.41327857971191406
YHR103W,YDR464W,0,1.5481052,0.1553100049495697,0.7485207319259644,0.4133787155151367
YDR098C-A,YGL194C,0,1.5477294,0.15527823567390442,0.7485207319259644,0.41347888112068176
YFR024C-A,YER028C,0,1.5474505,0.15524646639823914,0.7485207319259644,0.4135790169239044
YKL077W,YLR068W,0,1.5467668,0.15521472692489624,0.7485207319259644,0.4136791527271271
YNL167C,YPR010C,0,1.5464747,0.15518298745155334,0.7485207319259644,0.41377928853034973
YBR054W,YOL012C,0,1.546289,0.15515126287937164,0.7485207319259644,0.4138794243335724
YAR042W,YBL005W,0,1.5462867,0.15511955320835114,0.7485207319259644,0.41397956013679504
YDR464W,YGR260W,0,1.5453467,0.15508785843849182,0.7485207319259644,0.4140797257423401
YLR248W,YJL173C,1,1.5446874,0.15526047348976135,0.7495068907737732,0.4140797257423401
YOL084W,YHR193C,0,1.5442909,0.15522876381874084,0.7495068907737732,0.41417986154556274
YDR325W,YNL082W,1,1.5440898,0.15540125966072083,0.7504931092262268,0.41417986154556274
YDR092W,YOR065W,0,1.544028,0.15536953508853912,0.7504931092262268,0.4142799973487854
YOL076W,YML096W,0,1.5437837,0.15533782541751862,0.7504931092262268,0.41438013315200806
YOR368W,YBR136W,1,1.5430421,0.15551020205020905,0.7514792680740356,0.41438013315200806
YLR426W,YBR078W,0,1.5425969,0.15547847747802734,0.7514792680740356,0.4144802689552307
YIL036W,YML076C,0,1.5422219,0.15544675290584564,0.7514792680740356,0.41458040475845337
YML133C,YJL083W,0,1.5420431,0.15541505813598633,0.7514792680740356,0.414680540561676
YDR345C,YMR262W,0,1.5419133,0.15538336336612701,0.7514792680740356,0.41478070616722107
YLR258W,YPR010C,0,1.5417094,0.1553516834974289,0.7514792680740356,0.4148808419704437
YDR127W,YIL069C,0,1.541601,0.15532001852989197,0.7514792680740356,0.4149809777736664
YER014W,YDL209C,0,1.541502,0.15528836846351624,0.7514792680740356,0.41508111357688904
YKL048C,YMR091C,0,1.5411396,0.1552567183971405,0.7514792680740356,0.4151812493801117
YKL145W,YDR040C,0,1.5405331,0.15522509813308716,0.7514792680740356,0.41528138518333435
YHR024C,YLR190W,0,1.5404648,0.1551934778690338,0.7514792680740356,0.415381520986557
YCR086W,YIL068C,0,1.54034,0.15516188740730286,0.7514792680740356,0.41548168659210205
YMR220W,YPR131C,0,1.5403373,0.1551302969455719,0.7514792680740356,0.4155818223953247
YOR019W,YLR363C,0,1.5395768,0.15509872138500214,0.7514792680740356,0.41568195819854736
YFR024C,YOL132W,0,1.5389433,0.15506716072559357,0.7514792680740356,0.41578209400177
YGR046W,YLR248W,0,1.5384822,0.155035600066185,0.7514792680740356,0.4158822298049927
YOR316C,YNL161W,0,1.5383301,0.15500406920909882,0.7514792680740356,0.41598236560821533
YAL019W,YKL079W,0,1.5382603,0.15497253835201263,0.7514792680740356,0.416082501411438
YNR038W,YOR195W,0,1.5376047,0.15494103729724884,0.7514792680740356,0.41618266701698303
YDR127W,YJL127C,0,1.5370796,0.15490953624248505,0.7514792680740356,0.4162828028202057
YBR131W,YNR055C,0,1.5369935,0.15487805008888245,0.7514792680740356,0.41638293862342834
YNL173C,YJL026W,0,1.5368493,0.15484657883644104,0.7514792680740356,0.416483074426651
YJL174W,YLR189C,0,1.5365165,0.15481512248516083,0.7514792680740356,0.41658321022987366
YKR100C,YNL156C,0,1.5361632,0.15478366613388062,0.7514792680740356,0.4166833460330963
YOR049C,YGR109W-A,0,1.5360556,0.1547522395849228,0.7514792680740356,0.41678351163864136
YHR210C,YJR096W,0,1.5354837,0.15472081303596497,0.7514792680740356,0.416883647441864
YMR015C,YFR025C,0,1.5352638,0.15468940138816833,0.7514792680740356,0.41698378324508667
YOR079C,YML076C,0,1.5347793,0.1546580046415329,0.7514792680740356,0.4170839190483093
YOR090C,YDR301W,0,1.5345542,0.15462662279605865,0.7514792680740356,0.417184054851532
YLR006C,YLR058C,0,1.5343758,0.1545952558517456,0.7514792680740356,0.41728419065475464
YDR372C,YDL134C,0,1.5339499,0.15456388890743256,0.7514792680740356,0.4173843264579773
YML107C,YDR259C,0,1.5333084,0.1545325517654419,0.7514792680740356,0.41748449206352234
YOL122C,YJL173C,0,1.5326715,0.15450121462345123,0.7514792680740356,0.417584627866745
YLR293C,YAR009C,0,1.5324959,0.15446989238262177,0.7514792680740356,0.41768476366996765
YJR084W,YER102W,0,1.5319772,0.1544385850429535,0.7514792680740356,0.4177848994731903
YDR129C,YIL030C,0,1.5318408,0.1544072926044464,0.7514792680740356,0.41788503527641296
YDR160W,YDR397C,0,1.530447,0.15437601506710052,0.7514792680740356,0.4179851710796356
YDR217C,YCL054W,0,1.5300353,0.15434473752975464,0.7514792680740356,0.4180853068828583
YOR119C,YLL006W,0,1.5289841,0.15431348979473114,0.7514792680740356,0.4181854724884033
YOL096C,YIL043C,0,1.5283237,0.15428224205970764,0.7514792680740356,0.418285608291626
YMR009W,YDR165W,0,1.5278219,0.15425100922584534,0.7514792680740356,0.41838574409484863
YOR252W,YGR165W,0,1.5277796,0.15421979129314423,0.7514792680740356,0.4184858798980713
YDR399W,YOR195W,0,1.5273798,0.1541885882616043,0.7514792680740356,0.41858601570129395
YLR023C,YNL164C,0,1.5270762,0.15415740013122559,0.7514792680740356,0.4186861515045166
YOR380W,YDR412W,0,1.527033,0.15412621200084686,0.7514792680740356,0.41878628730773926
YDR210C-D,YOR271C,0,1.526907,0.15409503877162933,0.7514792680740356,0.4188864529132843
YPL215W,YNL287W,0,1.5266732,0.1540638953447342,0.7514792680740356,0.41898658871650696
YLR315W,YMR207C,0,1.5256139,0.15403275191783905,0.7514792680740356,0.4190867245197296
YGR178C,YCR024C,0,1.525565,0.1540016233921051,0.7514792680740356,0.41918686032295227
YEL006W,YLR466W,0,1.5250872,0.15397049486637115,0.7514792680740356,0.4192869961261749
YER100W,YLR352W,0,1.5248303,0.1539393961429596,0.7514792680740356,0.4193871319293976
YCR107W,YPL262W,0,1.5241115,0.15390829741954803,0.7514792680740356,0.41948726773262024
YHR024C,YKL039W,0,1.5240538,0.15387722849845886,0.7514792680740356,0.4195874333381653
YGR244C,YLR409C,0,1.5235256,0.1538461595773697,0.7514792680740356,0.41968756914138794
YML052W,YMR190C,1,1.5233988,0.15401695668697357,0.7524654865264893,0.41968756914138794
YML133C,YBR119W,0,1.5233796,0.1539858728647232,0.7524654865264893,0.4197877049446106
YLR194C,YGR296W,0,1.5233585,0.15395480394363403,0.7524654865264893,0.41988784074783325
YIL120W,YGL127C,0,1.5229404,0.15392374992370605,0.7524654865264893,0.4199879765510559
YIL144W,YOL052C-A,0,1.5226744,0.15389269590377808,0.7524654865264893,0.42008811235427856
YER173W,YHL027W,1,1.5219201,0.15406331419944763,0.7534517049789429,0.42008811235427856
YDR407C,YPR141C,0,1.5214229,0.15403226017951965,0.7534517049789429,0.4201882779598236
YDR098C-B,YNL029C,0,1.521094,0.15400120615959167,0.7534517049789429,0.42028841376304626
YNL318C,YEL032W,0,1.5204113,0.1539701670408249,0.7534517049789429,0.4203885495662689
YPR161C,YMR055C,0,1.5201828,0.1539391428232193,0.7534517049789429,0.4204886853694916
YGR204W,YCL068C,0,1.5201399,0.1539081335067749,0.7534517049789429,0.42058882117271423
YDR280W,YPL168W,0,1.519805,0.1538771390914917,0.7534517049789429,0.4206889569759369
YJR109C,YER033C,0,1.5191693,0.1538461595773697,0.7534517049789429,0.42078909277915955
YJR027W,YPR034W,0,1.5188756,0.15381518006324768,0.7534517049789429,0.4208892583847046
YLR131C,YMR183C,0,1.518812,0.15378421545028687,0.7534517049789429,0.42098939418792725
YDR399W,YPL156C,0,1.518251,0.15375326573848724,0.7534517049789429,0.4210895299911499
YDR345C,YMR177W,0,1.5176063,0.15372233092784882,0.7534517049789429,0.42118966579437256
YDR399W,YNL180C,0,1.517587,0.15369141101837158,0.7534517049789429,0.4212898015975952
YAL007C,YGR003W,0,1.5175687,0.15366050601005554,0.7534517049789429,0.42138993740081787
YGL238W,YFR053C,0,1.5173354,0.1536296010017395,0.7534517049789429,0.4214900732040405
YOL135C,YKL006W,0,1.516861,0.15359871089458466,0.7534517049789429,0.42159023880958557
YLR019W,YGR245C,0,1.5165255,0.153567835688591,0.7534517049789429,0.4216903746128082
YPR037C,YPL140C,0,1.5163229,0.15353697538375854,0.7534517049789429,0.4217905104160309
YNL051W,YHR096C,0,1.5157539,0.15350612998008728,0.7534517049789429,0.42189064621925354
YDL189W,YOL042W,0,1.5156801,0.15347528457641602,0.7534517049789429,0.4219907820224762
YDL175C,YBL008W,0,1.5155683,0.15344446897506714,0.7534517049789429,0.42209091782569885
YDR039C,YKL054C,0,1.5145993,0.15341365337371826,0.7534517049789429,0.4221910536289215
YPR161C,YKR095W,0,1.5145911,0.15338285267353058,0.7534517049789429,0.42229121923446655
YDR325W,YPL049C,0,1.514577,0.1533520668745041,0.7534517049789429,0.4223913550376892
YLR248W,YKR083C,0,1.5141714,0.1533212959766388,0.7534517049789429,0.42249149084091187
YNL156C,YHR193C,0,1.5139,0.1532905250787735,0.7534517049789429,0.4225916266441345
YNL132W,YMR072W,0,1.5134945,0.1532597839832306,0.7534517049789429,0.4226917624473572
YBR109C,YCR065W,0,1.5134423,0.15322904288768768,0.7534517049789429,0.42279189825057983
YGL142C,YER038C,0,1.5128498,0.15319831669330597,0.7534517049789429,0.4228920340538025
YGR244C,YCR038C,0,1.5120273,0.15316760540008545,0.7534517049789429,0.42299219965934753
YIL036W,YCR086W,0,1.5115124,0.15313689410686493,0.7534517049789429,0.4230923354625702
YJL069C,YDL123W,0,1.5112149,0.1531062126159668,0.7534517049789429,0.42319247126579285
YHR024C,YBR193C,0,1.5110373,0.15307553112506866,0.7534517049789429,0.4232926070690155
YKL145W,YNL063W,0,1.5109878,0.15304486453533173,0.7534517049789429,0.42339274287223816
YBR254C,YOR341W,0,1.5103103,0.15301421284675598,0.7534517049789429,0.4234928786754608
YER063W,YAL015C,0,1.5101638,0.15298357605934143,0.7534517049789429,0.42359304428100586
YDR482C,YIL052C,0,1.5100089,0.15295295417308807,0.7534517049789429,0.4236931800842285
YLR345W,YCL001W,0,1.5090352,0.15292233228683472,0.7534517049789429,0.42379331588745117
YAR009C,YMR226C,0,1.5087445,0.15289174020290375,0.7534517049789429,0.42389345169067383
YCL048W,YOR113W,0,1.5083112,0.15286114811897278,0.7534517049789429,0.4239935874938965
YFR016C,YDR289C,0,1.5078577,0.152830570936203,0.7534517049789429,0.42409372329711914
YDR287W,YPL010W,0,1.5078542,0.15279999375343323,0.7534517049789429,0.4241938591003418
YLR193C,YNL317W,0,1.5076833,0.15276944637298584,0.7534517049789429,0.42429402470588684
YPL117C,YKR072C,0,1.5076456,0.15273889899253845,0.7534517049789429,0.4243941605091095
YER109C,YGR120C,0,1.5076208,0.15270838141441345,0.7534517049789429,0.42449429631233215
YER014W,YPL137C,0,1.5075147,0.15267786383628845,0.7534517049789429,0.4245944321155548
YDR441C,YHR113W,0,1.50725,0.15264734625816345,0.7534517049789429,0.42469456791877747
YBR038W,YDR367W,0,1.5066686,0.15261685848236084,0.7534517049789429,0.4247947037220001
YJL212C,YPL061W,0,1.5065671,0.15258638560771942,0.7534517049789429,0.4248948395252228
YOL144W,YFR050C,0,1.506554,0.152555912733078,0.7534517049789429,0.4249950051307678
YPR192W,YDR099W,1,1.5064857,0.15272510051727295,0.7544378638267517,0.4249950051307678
YJR027W,YIL011W,0,1.5064318,0.15269461274147034,0.7544378638267517,0.4250951409339905
YOR158W,YPR174C,0,1.506246,0.15266413986682892,0.7544378638267517,0.42519527673721313
YPL175W,YNL164C,0,1.5062361,0.1526336818933487,0.7544378638267517,0.4252954125404358
YDR377W,YPR007C,0,1.5060399,0.15260323882102966,0.7544378638267517,0.42539554834365845
YNL041C,YDR028C,0,1.5053892,0.15257279574871063,0.7544378638267517,0.4254956841468811
YER033C,YDL087C,0,1.5052803,0.1525423675775528,0.7544378638267517,0.42559581995010376
YFR034C,YDR179C,0,1.5043628,0.15251195430755615,0.7544378638267517,0.4256959855556488
YHR113W,YGL093W,0,1.5042506,0.1524815559387207,0.7544378638267517,0.42579612135887146
YMR059W,YLR181C,0,1.504192,0.15245117247104645,0.7544378638267517,0.4258962571620941
YAL059W,YDR284C,0,1.5038214,0.1524208039045334,0.7544378638267517,0.4259963929653168
YFL049W,YML013W,0,1.5037673,0.15239043533802032,0.7544378638267517,0.42609652876853943
YDR004W,YDR451C,1,1.5027555,0.15255925059318542,0.7554240822792053,0.42609652876853943
YMR053C,YCR036W,0,1.502285,0.15252886712551117,0.7554240822792053,0.4261966645717621
YHL017W,YLR247C,0,1.5020748,0.1524985134601593,0.7554240822792053,0.42629683017730713
YDR490C,YEL018W,0,1.5015838,0.15246815979480743,0.7554240822792053,0.4263969659805298
YFR024C-A,YFL026W,0,1.5013264,0.15243780612945557,0.7554240822792053,0.42649710178375244
YKL016C,YMR275C,0,1.5007596,0.1524074822664261,0.7554240822792053,0.4265972375869751
YLR345W,YDR092W,0,1.500697,0.1523771584033966,0.7554240822792053,0.42669737339019775
YLR347C,YPL221W,0,1.5001634,0.15234686434268951,0.7554240822792053,0.4267975091934204
YER142C,YJR027W,0,1.4994857,0.15231657028198242,0.7554240822792053,0.42689764499664307
YHR037W,YLR143W,0,1.4987679,0.15228627622127533,0.7554240822792053,0.4269978106021881
YDL235C,YDR309C,0,1.4982102,0.15225601196289062,0.7554240822792053,0.42709794640541077
YDR078C,YDL139C,0,1.4976016,0.15222576260566711,0.7554240822792053,0.4271980822086334
YOL009C,YIL087C,0,1.4975436,0.1521955132484436,0.7554240822792053,0.4272982180118561
YOL023W,YPL175W,0,1.4972482,0.1521652787923813,0.7554240822792053,0.42739835381507874
YNL094W,YBR094W,0,1.4970653,0.15213505923748016,0.7554240822792053,0.4274984896183014
YKL006W,YLR435W,0,1.4967,0.15210483968257904,0.7554240822792053,0.42759862542152405
YIL096C,YOR227W,0,1.4966176,0.1520746499300003,0.7554240822792053,0.4276987910270691
YER014W,YIL154C,0,1.4965885,0.15204446017742157,0.7554240822792053,0.42779892683029175
YHR169W,YLR460C,0,1.4960227,0.15201428532600403,0.7554240822792053,0.4278990626335144
YGR082W,YPR158W-B,0,1.4959117,0.15198412537574768,0.7554240822792053,0.42799919843673706
YIL019W,YIL137C,0,1.4956896,0.15195398032665253,0.7554240822792053,0.4280993342399597
YLR360W,YPL010W,0,1.4956758,0.15192383527755737,0.7554240822792053,0.4281994700431824
YCR105W,YPL126W,0,1.4951771,0.1518937200307846,0.7554240822792053,0.42829960584640503
YHL022C,YPL022W,1,1.4948479,0.1520618498325348,0.7564102411270142,0.42829960584640503
YDL220C,YDR276C,0,1.4946816,0.15203171968460083,0.7564102411270142,0.4283997714519501
YOR045W,YFR024C,0,1.493268,0.15200158953666687,0.7564102411270142,0.42849990725517273
YOR192C,YIL062C,0,1.4932128,0.1519714742898941,0.7564102411270142,0.4286000430583954
YGL181W,YNL098C,1,1.4925945,0.15213945508003235,0.7573964595794678,0.4286000430583954
YNL051W,YDR243C,0,1.4923661,0.1521093249320984,0.7573964595794678,0.42870017886161804
YKR007W,YOR136W,0,1.4916769,0.15207920968532562,0.7573964595794678,0.4288003146648407
YGR165W,YPR155C,0,1.4916546,0.15204909443855286,0.7573964595794678,0.42890045046806335
YER167W,YLR337C,0,1.491405,0.15201900899410248,0.7573964595794678,0.429000586271286
YJL089W,YJL069C,0,1.4913105,0.1519889235496521,0.7573964595794678,0.42910075187683105
YHR114W,YGL111W,0,1.4899964,0.15195883810520172,0.7573964595794678,0.4292008876800537
YNL041C,YLR435W,0,1.4896705,0.15192878246307373,0.7573964595794678,0.42930102348327637
YKL141W,YKR096W,0,1.4896259,0.15189872682094574,0.7573964595794678,0.429401159286499
YCL029C,YIR004W,0,1.4891812,0.15186870098114014,0.7573964595794678,0.4295012950897217
YGL142C,YLR432W,0,1.4887574,0.15183867514133453,0.7573964595794678,0.42960143089294434
YGL139W,YMR207C,0,1.4887336,0.15180866420269012,0.7573964595794678,0.4297015964984894
YLL066C,YPL262W,0,1.487421,0.15177865326404572,0.7573964595794678,0.42980173230171204
YKL079W,YJL197W,0,1.4873977,0.1517486721277237,0.7573964595794678,0.4299018681049347
YDR375C,YDR434W,0,1.4873044,0.15171869099140167,0.7573964595794678,0.43000200390815735
YFR027W,YLR215C,0,1.4872704,0.15168872475624084,0.7573964595794678,0.43010213971138
YCR086W,YGL085W,0,1.4869046,0.1516587734222412,0.7573964595794678,0.43020227551460266
YGL053W,YLR200W,0,1.4863664,0.15162882208824158,0.7573964595794678,0.4303024113178253
YDR323C,YLR223C,0,1.4861486,0.15159890055656433,0.7573964595794678,0.43040257692337036
YKL026C,YLR143W,0,1.4860945,0.15156897902488708,0.7573964595794678,0.430502712726593
YFR014C,YER005W,0,1.4852856,0.15153907239437103,0.7573964595794678,0.4306028485298157
YDL093W,YLR328W,0,1.4851298,0.15150918066501617,0.7573964595794678,0.43070298433303833
YKR096W,YER093C,0,1.4850514,0.15147928893566132,0.7573964595794678,0.430803120136261
YHR139C,YER133W,1,1.484981,0.15164661407470703,0.7583826184272766,0.430803120136261
YNL031C,YDR129C,0,1.4847087,0.15161672234535217,0.7583826184272766,0.43090325593948364
YIL069C,YIL173W,0,1.484642,0.15158683061599731,0.7583826184272766,0.4310033917427063
YEL019C,YNL287W,0,1.4845339,0.15155695378780365,0.7583826184272766,0.43110355734825134
YGL073W,YHR202W,0,1.4842525,0.15152709186077118,0.7583826184272766,0.431203693151474
YFR031C-A,YJL196C,0,1.4841746,0.1514972448348999,0.7583826184272766,0.43130382895469666
YIL144W,YDR023W,0,1.483929,0.15146739780902863,0.7583826184272766,0.4314039647579193
YOL103W-A,YKL039W,0,1.4836538,0.15143758058547974,0.7583826184272766,0.43150410056114197
YOR368W,YJL019W,1,1.4835039,0.15160465240478516,0.7593688368797302,0.43150410056114197
YOR363C,YER143W,0,1.4831309,0.15157480537891388,0.7593688368797302,0.4316042363643646
YML067C,YBR085W,0,1.483125,0.1515449732542038,0.7593688368797302,0.4317043721675873
YDR210C-D,YDR023W,0,1.4830152,0.1515151560306549,0.7593688368797302,0.4318045377731323
YML098W,YLR054C,0,1.4829984,0.15148533880710602,0.7593688368797302,0.431904673576355
YGL076C,YER071C,0,1.482479,0.15145555138587952,0.7593688368797302,0.43200480937957764
YKR075C,YLR019W,0,1.482453,0.15142576396465302,0.7593688368797302,0.4321049451828003
YML127W,YNL173C,0,1.4821935,0.1513959914445877,0.7593688368797302,0.43220508098602295
YLR432W,YDR019C,0,1.4819295,0.1513662338256836,0.7593688368797302,0.4323052167892456
YDR028C,YBL005W,0,1.481171,0.15133647620677948,0.7593688368797302,0.43240538239479065
YOR264W,YGL171W,0,1.4808395,0.15130673348903656,0.7593688368797302,0.4325055181980133
YPR071W,YDR234W,0,1.480602,0.15127702057361603,0.7593688368797302,0.43260565400123596
YDR268W,YDR273W,0,1.4799104,0.1512472927570343,0.7593688368797302,0.4327057898044586
YER142C,YMR215W,0,1.4788647,0.15121759474277496,0.7593688368797302,0.4328059256076813
YLL016W,YDR365C,0,1.4788213,0.15118791162967682,0.7593688368797302,0.43290606141090393
YNL031C,YNL216W,0,1.4787908,0.15115822851657867,0.7593688368797302,0.4330061972141266
YER177W,YDR019C,0,1.4787586,0.15112856030464172,0.7593688368797302,0.43310636281967163
YKL191W,YHR024C,0,1.478169,0.15109890699386597,0.7593688368797302,0.4332064986228943
YDL243C,YKR077W,0,1.4780943,0.1510692536830902,0.7593688368797302,0.43330663442611694
YGR244C,YJL168C,0,1.4773033,0.15103963017463684,0.7593688368797302,0.4334067702293396
YNL294C,YHR184W,1,1.4769878,0.1512061208486557,0.7603550553321838,0.4334067702293396
YOR087W,YGL195W,0,1.4766026,0.15117646753787994,0.7603550553321838,0.43350690603256226
YMR225C,YMR133W,0,1.4765711,0.15114682912826538,0.7603550553321838,0.4336070418357849
YPL036W,YEL039C,0,1.4761691,0.151117205619812,0.7603550553321838,0.43370717763900757
YGL087C,YOR357C,0,1.4757912,0.15108759701251984,0.7603550553321838,0.4338073432445526
YDR078C,YOR358W,0,1.4755937,0.15105798840522766,0.7603550553321838,0.43390747904777527
YPR120C,YHL025W,0,1.4755213,0.15102840960025787,0.7603550553321838,0.4340076148509979
YIL056W,YPR007C,0,1.4748373,0.15099883079528809,0.7603550553321838,0.4341077506542206
YDR039C,YMR156C,0,1.474568,0.1509692519903183,0.7603550553321838,0.43420788645744324
YGL096W,YBR272C,0,1.4740995,0.1509397029876709,0.7603550553321838,0.4343080222606659
YHR108W,YIL007C,0,1.4735217,0.1509101539850235,0.7603550553321838,0.43440815806388855
YMR101C,YOR271C,0,1.4732196,0.1508806198835373,0.7603550553321838,0.4345083236694336
YKL026C,YJL012C,0,1.4730098,0.15085110068321228,0.7603550553321838,0.43460845947265625
YOL154W,YMR050C,0,1.4728594,0.15082159638404846,0.7603550553321838,0.4347085952758789
YGR080W,YHR005C,0,1.472693,0.15079209208488464,0.7603550553321838,0.43480873107910156
YLL057C,YLR292C,0,1.4723662,0.1507626175880432,0.7603550553321838,0.4349088668823242
YDR204W,YML076C,0,1.471299,0.15073314309120178,0.7603550553321838,0.4350090026855469
YGL067W,YHR214W,0,1.4701452,0.15070366859436035,0.7603550553321838,0.43510913848876953
YLL039C,YIL112W,1,1.4696016,0.15086965262889862,0.7613412141799927,0.43510913848876953
YHR154W,YOL116W,0,1.4695952,0.1508401781320572,0.7613412141799927,0.4352093040943146
YKL132C,YPL254W,0,1.4693555,0.15081070363521576,0.7613412141799927,0.43530943989753723
YBR034C,YPL135W,0,1.4690262,0.15078124403953552,0.7613412141799927,0.4354095757007599
YPR071W,YDR259C,0,1.4686731,0.15075179934501648,0.7613412141799927,0.43550971150398254
YER142C,YPR067W,0,1.4676802,0.15072236955165863,0.7613412141799927,0.4356098473072052
YDR365W-A,YKL114C,0,1.467381,0.15069295465946198,0.7613412141799927,0.43570998311042786
YNR071C,YGR122W,0,1.4672859,0.15066353976726532,0.7613412141799927,0.4358101487159729
YDR303C,YOR259C,0,1.4672507,0.15063413977622986,0.7613412141799927,0.43591028451919556
YDR441C,YDR309C,0,1.4670324,0.1506047546863556,0.7613412141799927,0.4360104203224182
YOR319W,YJR096W,0,1.4666758,0.15057538449764252,0.7613412141799927,0.43611055612564087
YCR105W,YDR365C,0,1.4666445,0.15054602921009064,0.7613412141799927,0.4362106919288635
YPR110C,YPL233W,0,1.4664446,0.15051667392253876,0.7613412141799927,0.4363108277320862
YLR083C,YJR084W,0,1.4663976,0.15048733353614807,0.7613412141799927,0.43641096353530884
YPR037C,YDL119C,0,1.4663575,0.15045799314975739,0.7613412141799927,0.4365111291408539
YER033C,YNL036W,0,1.4661272,0.1504286825656891,0.7613412141799927,0.43661126494407654
YJR084W,YGR165W,0,1.465509,0.1503993719816208,0.7613412141799927,0.4367114007472992
YER093C,YDR217C,0,1.4654756,0.15037007629871368,0.7613412141799927,0.43681153655052185
YER155C,YOR195W,0,1.4654677,0.15034079551696777,0.7613412141799927,0.4369116723537445
YCR105W,YLR328W,0,1.4654548,0.15031152963638306,0.7613412141799927,0.43701180815696716
YDL230W,YOL103W-A,0,1.4636316,0.15028226375579834,0.7613412141799927,0.4371119439601898
YFL011W,YER108C,0,1.4630545,0.15025301277637482,0.7613412141799927,0.43721210956573486
YGL098W,YKL006C-A,0,1.4630518,0.1502237766981125,0.7613412141799927,0.4373122453689575
YLR167W,YHR096C,0,1.4629942,0.15019455552101135,0.7613412141799927,0.4374123811721802
YDR092W,YKL002W,0,1.4626981,0.15016533434391022,0.7613412141799927,0.43751251697540283
YKR096W,YPL239W,0,1.4623154,0.15013612806797028,0.7613412141799927,0.4376126527786255
YHR033W,YDR328C,0,1.4617438,0.15010693669319153,0.7613412141799927,0.43771278858184814
YDR004W,YML052W,1,1.4611592,0.1502721607685089,0.7623274326324463,0.43771278858184814
YDR516C,YLR337C,0,1.4607577,0.15024295449256897,0.7623274326324463,0.4378129243850708
YDL160C,YJL094C,0,1.4605981,0.15021376311779022,0.7623274326324463,0.43791308999061584
YKL029C,YLR263W,0,1.460413,0.15018457174301147,0.7623274326324463,0.4380132257938385
YHR158C,YDR316W-B,0,1.4603882,0.15015539526939392,0.7623274326324463,0.43811336159706116
YMR262W,YGR122W,0,1.4595757,0.15012623369693756,0.7623274326324463,0.4382134974002838
YNL024C,YKL006W,0,1.4595095,0.1500970870256424,0.7623274326324463,0.43831363320350647
YBL100W-B,YDR438W,0,1.4589095,0.15006795525550842,0.7623274326324463,0.4384137690067291
YHR210C,YCL001W,0,1.4587502,0.15003882348537445,0.7623274326324463,0.4385139048099518
YLL067C,YPL248C,0,1.4586613,0.15000970661640167,0.7623274326324463,0.4386140704154968
YOR191W,YDL211C,0,1.4585418,0.1499806046485901,0.7623274326324463,0.4387142062187195
YOR016C,YLR054C,0,1.458354,0.1499515026807785,0.7623274326324463,0.43881434202194214
YER102W,YHR194W,0,1.4580766,0.1499224156141281,0.7623274326324463,0.4389144778251648
YGR202C,YNL023C,0,1.4575883,0.14989334344863892,0.7623274326324463,0.43901461362838745
YJL059W,YOR260W,0,1.45757,0.1498642861843109,0.7623274326324463,0.4391147494316101
YML016C,YMR035W,0,1.4574554,0.1498352438211441,0.7623274326324463,0.43921491503715515
YGR165W,YOR110W,0,1.4571601,0.1498062014579773,0.7623274326324463,0.4393150508403778
YOL116W,YER071C,0,1.4568894,0.14977717399597168,0.7623274326324463,0.43941518664360046
YGL115W,YDR261C,0,1.4568324,0.14974816143512726,0.7623274326324463,0.4395153224468231
YDL240W,YNL133C,0,1.4567416,0.14971914887428284,0.7623274326324463,0.4396154582500458
YML085C,YLR272C,1,1.4565508,0.14988380670547485,0.7633135914802551,0.4396154582500458
YJR049C,YDR464W,0,1.4565012,0.14985479414463043,0.7633135914802551,0.43971559405326843
YER041W,YBR254C,0,1.4564831,0.149825781583786,0.7633135914802551,0.4398157298564911
YMR072W,YDL211C,0,1.4562663,0.14979678392410278,0.7633135914802551,0.43991589546203613
YNL036W,YPL161C,0,1.4559932,0.14976780116558075,0.7633135914802551,0.4400160312652588
YNL054W,YFR050C,0,1.4556592,0.1497388333082199,0.7633135914802551,0.44011616706848145
YPL116W,YBR119W,0,1.455414,0.14970986545085907,0.7633135914802551,0.4402163028717041
YMR076C,YDR398W,0,1.4551517,0.14968091249465942,0.7633135914802551,0.44031643867492676
YML057W,YKL002W,0,1.4548265,0.14965197443962097,0.7633135914802551,0.4404165744781494
YOR363C,YLR056W,0,1.4546366,0.14962303638458252,0.7633135914802551,0.44051671028137207
YDR316W-B,YML055W,0,1.4546221,0.14959412813186646,0.7633135914802551,0.4406168758869171
YGR138C,YBL091C,0,1.454196,0.1495652198791504,0.7633135914802551,0.44071701169013977
YDL135C,YML061C,0,1.4541833,0.14953632652759552,0.7633135914802551,0.4408171474933624
YNL294C,YPL198W,0,1.4539475,0.14950743317604065,0.7633135914802551,0.4409172832965851
YDR092W,YOR019W,0,1.4532843,0.14947856962680817,0.7633135914802551,0.44101741909980774
YML032C,YLL040C,1,1.4531271,0.14964279532432556,0.7642998099327087,0.44101741909980774
YOR034C,YGR174C,0,1.453075,0.1496139019727707,0.7642998099327087,0.4411175549030304
YDR435C,YDR316W-B,0,1.4529777,0.14958502352237701,0.7642998099327087,0.44121769070625305
YKL052C,YML013W,0,1.4526386,0.14955615997314453,0.7642998099327087,0.4413178563117981
YAL002W,YLR345W,0,1.4522084,0.14952729642391205,0.7642998099327087,0.44141799211502075
YDR406W,YNL287W,0,1.4519951,0.14949846267700195,0.7642998099327087,0.4415181279182434
YOL042W,YLR092W,0,1.4518027,0.14946962893009186,0.7642998099327087,0.44161826372146606
YCR016W,YDL243C,0,1.4517052,0.14944079518318176,0.7642998099327087,0.4417183995246887
YHL011C,YKR031C,0,1.4510028,0.14941199123859406,0.7642998099327087,0.4418185353279114
YEL005C,YML098W,0,1.4502037,0.14938318729400635,0.7642998099327087,0.4419187009334564
YDR213W,YFR010W,0,1.4496728,0.14935439825057983,0.7642998099327087,0.4420188367366791
YOR373W,YDR004W,1,1.4495087,0.14951831102371216,0.7652859687805176,0.4420188367366791
YPR003C,YLR432W,0,1.4493395,0.14948950707912445,0.7652859687805176,0.44211897253990173
YML085C,YOR313C,1,1.4488407,0.14965331554412842,0.7662721872329712,0.44211897253990173
YHL024W,YOR298W,1,1.4484384,0.1498170644044876,0.7672584056854248,0.44211897253990173
YMR063W,YLL067C,0,1.4481902,0.14978821575641632,0.7672584056854248,0.4422191083431244
YDR325W,YOR129C,0,1.4478465,0.14975938200950623,0.7672584056854248,0.44231924414634705
YLR417W,YNL059C,0,1.4475429,0.14973056316375732,0.7672584056854248,0.4424193799495697
YGL025C,YKL005C,0,1.447088,0.14970174431800842,0.7672584056854248,0.44251951575279236
YOR189W,YIL062C,0,1.4470727,0.1496729552745819,0.7672584056854248,0.4426196813583374
YMR274C,YLR052W,0,1.4469697,0.1496441662311554,0.7672584056854248,0.44271981716156006
YNL328C,YDL124W,0,1.4468758,0.14961537718772888,0.7672584056854248,0.4428199529647827
YIL153W,YER032W,0,1.4466479,0.14958661794662476,0.7672584056854248,0.44292008876800537
YNL142W,YDR110W,0,1.4462547,0.14955785870552063,0.7672584056854248,0.443020224571228
YOL154W,YDR422C,0,1.4461043,0.1495291143655777,0.7672584056854248,0.4431203603744507
YFR047C,YJL179W,0,1.4457831,0.14950038492679596,0.7672584056854248,0.44322049617767334
YDR150W,YBR078W,0,1.4453827,0.14947165548801422,0.7672584056854248,0.4433206617832184
YGR211W,YDL102W,0,1.4452122,0.14944295585155487,0.7672584056854248,0.44342079758644104
YPR148C,YNR071C,0,1.4446701,0.14941425621509552,0.7672584056854248,0.4435209333896637
YOR252W,YJL021C,0,1.4441917,0.14938555657863617,0.7672584056854248,0.44362106919288635
YEL039C,YDR300C,0,1.4435414,0.1493568867444992,0.7672584056854248,0.443721204996109
YML127W,YLR466W,0,1.4433844,0.14932821691036224,0.7672584056854248,0.44382134079933167
YCR033W,YJL001W,1,1.4432185,0.14949145913124084,0.7682445645332336,0.44382134079933167
YKR088C,YLR263W,0,1.4428267,0.1494627743959427,0.7682445645332336,0.4439214766025543
YBR114W,YLR093C,0,1.442632,0.14943410456180573,0.7682445645332336,0.44402164220809937
YLR239C,YKR007W,0,1.4423461,0.14940544962882996,0.7682445645332336,0.444121778011322
YJR131W,YNL216W,0,1.442074,0.1493767946958542,0.7682445645332336,0.4442219138145447
YAL019W,YDR098C-B,0,1.4420626,0.1493481546640396,0.7682445645332336,0.44432204961776733
YOR316C,YPR174C,0,1.4413235,0.14931952953338623,0.7682445645332336,0.44442218542099
YPR105C,YGL129C,0,1.4410999,0.14929091930389404,0.7682445645332336,0.44452232122421265
YAL068C,YMR224C,1,1.4399328,0.14945392310619354,0.7692307829856873,0.44452232122421265
YLR382C,YPR199C,0,1.4397243,0.14942528307437897,0.7692307829856873,0.4446224570274353
YHR146W,YHR006W,0,1.4392271,0.14939667284488678,0.7692307829856873,0.44472262263298035
YOR002W,YJL168C,0,1.4387295,0.1493680626153946,0.7692307829856873,0.444822758436203
YGR181W,YOL103W-A,0,1.437475,0.1493394672870636,0.7692307829856873,0.44492289423942566
YLL067C,YPR100W,0,1.4368497,0.1493108719587326,0.7692307829856873,0.4450230300426483
YKR099W,YLR320W,1,1.4365461,0.14947368204593658,0.7702169418334961,0.4450230300426483
YDR227W,YDR365C,0,1.4362491,0.1494450867176056,0.7702169418334961,0.44512316584587097
YML124C,YKR099W,1,1.4361472,0.1496078073978424,0.7712031602859497,0.44512316584587097
YHR073W,YGR044C,0,1.4358633,0.14957918226718903,0.7712031602859497,0.44522330164909363
YPL198W,YHL050C,0,1.4355552,0.14955058693885803,0.7712031602859497,0.44532346725463867
YOL020W,YPL173W,0,1.4354919,0.14952199161052704,0.7712031602859497,0.44542360305786133
YHR204W,YCR024C,0,1.4353476,0.14949341118335724,0.7712031602859497,0.445523738861084
YOR249C,YDR110W,0,1.4347582,0.14946483075618744,0.7712031602859497,0.44562387466430664
YOL121C,YKL058W,0,1.4340146,0.14943626523017883,0.7712031602859497,0.4457240104675293
YML086C,YHR080C,0,1.4336954,0.14940771460533142,0.7712031602859497,0.44582414627075195
YML011C,YDR201W,0,1.4332412,0.1493791788816452,0.7712031602859497,0.4459242820739746
YKR088C,YBL091C,0,1.4331472,0.14935064315795898,0.7712031602859497,0.44602444767951965
YPR154W,YGL127C,0,1.4330032,0.14932213723659515,0.7712031602859497,0.4461245834827423
YBR114W,YHL035C,0,1.4324735,0.14929361641407013,0.7712031602859497,0.44622471928596497
YOR087W,YGR094W,0,1.432473,0.1492651253938675,0.7712031602859497,0.4463248550891876
YIR004W,YBR149W,0,1.4324366,0.14923663437366486,0.7712031602859497,0.4464249908924103
YOL144W,YKL002W,0,1.4321902,0.1492081731557846,0.7712031602859497,0.44652512669563293
YOR091W,YPL176C,0,1.4318323,0.14917969703674316,0.7712031602859497,0.4466252624988556
YGR004W,YLR220W,0,1.4314091,0.1491512507200241,0.7712031602859497,0.44672542810440063
YPL137C,YHR118C,0,1.4313959,0.14912280440330505,0.7712031602859497,0.4468255639076233
YBR189W,YNL024C,0,1.4307541,0.1490943729877472,0.7712031602859497,0.44692569971084595
YNL286W,YGR161C-D,0,1.4304256,0.14906595647335052,0.7712031602859497,0.4470258355140686
YIL013C,YKR072C,0,1.4301075,0.14903753995895386,0.7712031602859497,0.44712597131729126
YDL247W,YJR123W,0,1.4300139,0.14900915324687958,0.7712031602859497,0.4472261071205139
YPR067W,YDL209C,0,1.4295809,0.1489807516336441,0.7712031602859497,0.4473262429237366
YOR060C,YLR263W,0,1.4290781,0.14895237982273102,0.7712031602859497,0.4474264085292816
YBR005W,YKL196C,0,1.4288887,0.14892400801181793,0.7712031602859497,0.4475265443325043
YGR202C,YDL123W,0,1.4286168,0.14889566600322723,0.7712031602859497,0.44762668013572693
YDR434W,YHL021C,0,1.4283249,0.14886730909347534,0.7712031602859497,0.4477268159389496
YDR148C,YJR046W,0,1.4282148,0.14883898198604584,0.7712031602859497,0.44782695174217224
YGR097W,YGR245C,0,1.4278758,0.14881065487861633,0.7712031602859497,0.4479270875453949
YFR027W,YBR107C,0,1.42772,0.14878234267234802,0.7712031602859497,0.44802722334861755
YMR040W,YGL064C,0,1.4266051,0.1487540453672409,0.7712031602859497,0.4481273889541626
YER109C,YMR072W,0,1.426579,0.1487257480621338,0.7712031602859497,0.44822752475738525
YDL119C,YNL066W,0,1.4259413,0.14869746565818787,0.7712031602859497,0.4483276605606079
YAR009C,YIL018W,0,1.4254332,0.14866919815540314,0.7712031602859497,0.44842779636383057
YHR146W,YBL025W,0,1.4253315,0.1486409455537796,0.7712031602859497,0.4485279321670532
YPR120C,YKL079W,0,1.4249713,0.14861269295215607,0.7712031602859497,0.4486280679702759
YLR284C,YLR382C,0,1.4246857,0.14858445525169373,0.7712031602859497,0.4487282335758209
YPL004C,YNR019W,0,1.4226028,0.14855623245239258,0.7712031602859497,0.4488283693790436
YNL054W,YJR118C,0,1.422538,0.14852800965309143,0.7712031602859497,0.44892850518226624
YGL142C,YMR040W,0,1.4224014,0.14849981665611267,0.7712031602859497,0.4490286409854889
YOR368W,YGR108W,1,1.4223791,0.14866147935390472,0.7721893787384033,0.4490286409854889
YKR007W,YKR095W,0,1.42232,0.14863325655460358,0.7721893787384033,0.44912877678871155
YBR091C,YBR112C,0,1.4219289,0.14860504865646362,0.7721893787384033,0.4492289125919342
YDR080W,YIL123W,0,1.421607,0.14857685565948486,0.7721893787384033,0.44932904839515686
YGL127C,YPR120C,1,1.4215245,0.14873838424682617,0.7731755375862122,0.44932904839515686
YHR033W,YML102W,0,1.4211942,0.14871016144752502,0.7731755375862122,0.4494292140007019
YLL066C,YLR092W,0,1.4211491,0.14868196845054626,0.7731755375862122,0.44952934980392456
YGR212W,YKL110C,0,1.421106,0.1486537754535675,0.7731755375862122,0.4496294856071472
YNL031C,YMR015C,0,1.4209455,0.14862559735774994,0.7731755375862122,0.4497296214103699
YBR086C,YHR079C-B,0,1.4209002,0.14859741926193237,0.7731755375862122,0.44982975721359253
YOL132W,YJL083W,0,1.4208455,0.148569256067276,0.7731755375862122,0.4499298930168152
YPR158W-B,YIL069C,0,1.4204156,0.14854110777378082,0.7731755375862122,0.45003002882003784
YPR007C,YMR183C,0,1.4200296,0.14851297438144684,0.7731755375862122,0.4501301944255829
YNL284C-B,YLR055C,0,1.4198384,0.14848485589027405,0.7731755375862122,0.45023033022880554
YNR055C,YCR005C,0,1.4197135,0.14845673739910126,0.7731755375862122,0.4503304660320282
YDR091C,YHR111W,0,1.4195907,0.14842861890792847,0.7731755375862122,0.45043060183525085
YDL081C,YBL047C,0,1.4192019,0.14840053021907806,0.7731755375862122,0.4505307376384735
YOL132W,YLR196W,0,1.4190826,0.14837244153022766,0.7731755375862122,0.45063087344169617
YKL155C,YLR143W,0,1.4189188,0.14834436774253845,0.7731755375862122,0.4507310092449188
YHR103W,YDR007W,0,1.418535,0.14831630885601044,0.7731755375862122,0.45083117485046387
YCR058C,YCR065W,0,1.4184668,0.14828824996948242,0.7731755375862122,0.4509313106536865
YJL186W,YGL049C,0,1.418131,0.1482602059841156,0.7731755375862122,0.4510314464569092
YEL019C,YPR169W,0,1.4177439,0.14823217689990997,0.7731755375862122,0.45113158226013184
YLR284C,YEL051W,0,1.4169388,0.14820416271686554,0.7731755375862122,0.4512317180633545
YKL194C,YGR161C,0,1.4166213,0.1481761485338211,0.7731755375862122,0.45133185386657715
YOL076W,YBR023C,0,1.4164016,0.14814814925193787,0.7731755375862122,0.4514320194721222
YBR160W,YLR330W,1,1.4156291,0.14830908179283142,0.7741617560386658,0.4514320194721222
YOL059W,YHL006C,0,1.4156004,0.148281067609787,0.7741617560386658,0.45153215527534485
YOR087W,YGR138C,0,1.4151754,0.14825306832790375,0.7741617560386658,0.4516322910785675
YCR086W,YER139C,0,1.4146101,0.1482250690460205,0.7741617560386658,0.45173242688179016
YFR049W,YKL051W,0,1.4142423,0.14819709956645966,0.7741617560386658,0.4518325626850128
YDR129C,YKL063C,0,1.413856,0.1481691151857376,0.7741617560386658,0.4519326984882355
YDR361C,YJL058C,0,1.4136286,0.14814116060733795,0.7741617560386658,0.45203283429145813
YOR090C,YJL197W,0,1.4132037,0.1481132060289383,0.7741617560386658,0.4521329998970032
YPL063W,YDR257C,0,1.4129319,0.14808526635169983,0.7741617560386658,0.45223313570022583
YPL126W,YNL251C,0,1.4127408,0.14805734157562256,0.7741617560386658,0.4523332715034485
YOR380W,YLR258W,0,1.4125223,0.1480294167995453,0.7741617560386658,0.45243340730667114
YHR197W,YHR114W,0,1.4114766,0.1480015069246292,0.7741617560386658,0.4525335431098938
YGR174C,YKR034W,0,1.4113896,0.14797361195087433,0.7741617560386658,0.45263367891311646
YEL005C,YPL075W,0,1.4113889,0.14794571697711945,0.7741617560386658,0.4527338147163391
YGR161W-A,YLR345W,0,1.411162,0.14791785180568695,0.7741617560386658,0.45283398032188416
YAL028W,YMR195W,0,1.4109019,0.14788997173309326,0.7741617560386658,0.4529341161251068
YMR072W,YML096W,0,1.4101596,0.14786212146282196,0.7741617560386658,0.45303425192832947
YBR065C,YIL011W,0,1.4096775,0.14783427119255066,0.7741617560386658,0.4531343877315521
YML133C,YGL018C,0,1.4094126,0.14780643582344055,0.7741617560386658,0.4532345235347748
YGR224W,YHR194W,0,1.4092412,0.14777861535549164,0.7741617560386658,0.45333465933799744
YOR262W,YGR109W-A,0,1.4091768,0.14775079488754272,0.7741617560386658,0.4534347951412201
YER142C,YDR468C,0,1.4084363,0.147722989320755,0.7741617560386658,0.45353496074676514
YHR205W,YDR468C,0,1.4077902,0.14769519865512848,0.7741617560386658,0.4536350965499878
YKL040C,YKR052C,0,1.4075292,0.14766742289066315,0.7741617560386658,0.45373523235321045
YIL156W,YMR275C,0,1.4056948,0.14763964712619781,0.7741617560386658,0.4538353681564331
YIL119C,YGL049C,0,1.4053742,0.14761188626289368,0.7741617560386658,0.45393550395965576
YCL067C,YIL123W,0,1.4053199,0.14758412539958954,0.7741617560386658,0.4540356397628784
YGL116W,YGL127C,0,1.4049118,0.1475563943386078,0.7741617560386658,0.4541357755661011
YDL072C,YNL062C,0,1.4047678,0.14752866327762604,0.7741617560386658,0.4542359411716461
YOR249C,YBR094W,0,1.4044933,0.1475009322166443,0.7741617560386658,0.4543360769748688
YJL078C,YML076C,0,1.404283,0.14747323095798492,0.7741617560386658,0.45443621277809143
YPL209C,YHR039C,1,1.4038967,0.147633358836174,0.7751479148864746,0.45443621277809143
YNL251C,YBR015C,0,1.4035019,0.14760562777519226,0.7751479148864746,0.4545363485813141
YPR161C,YLR193C,0,1.4029284,0.1475779265165329,0.7751479148864746,0.45463648438453674
YIL019W,YKL134C,0,1.4024003,0.14755021035671234,0.7751479148864746,0.4547366201877594
YPL100W,YDL134C,0,1.402286,0.14752252399921417,0.7751479148864746,0.45483678579330444
YFR038W,YIL062C,0,1.402284,0.147494837641716,0.7751479148864746,0.4549369215965271
YOR372C,YMR050C,0,1.4017496,0.14746716618537903,0.7751479148864746,0.45503705739974976
YNL123W,YPL135W,0,1.4016244,0.14743950963020325,0.7751479148864746,0.4551371932029724
YPR158W-B,YFR038W,0,1.4009728,0.14741185307502747,0.7751479148864746,0.45523732900619507
YLR258W,YGL016W,0,1.4009311,0.14738421142101288,0.7751479148864746,0.4553374648094177
YGL167C,YDR098C-B,0,1.400474,0.14735658466815948,0.7751479148864746,0.4554376006126404
YML100W,YCR031C,0,1.4002802,0.1473289579153061,0.7751479148864746,0.4555377662181854
YDL018C,YKL079W,0,1.4000901,0.1473013460636139,0.7751479148864746,0.4556379020214081
YNL020C,YHR073W,0,1.3998309,0.14727374911308289,0.7751479148864746,0.45573803782463074
YPR106W,YDR057W,0,1.3996508,0.14724615216255188,0.7751479148864746,0.4558381736278534
YDR021W,YKL051W,0,1.399409,0.14721858501434326,0.7751479148864746,0.45593830943107605
YLR006C,YEL044W,0,1.399343,0.14719101786613464,0.7751479148864746,0.4560384452342987
YJR102C,YGR178C,0,1.3992531,0.14716345071792603,0.7751479148864746,0.45613858103752136
YDR308C,YHR214C-C,0,1.3992329,0.1471358984708786,0.7751479148864746,0.4562387466430664
YDR365C,YGR161C-D,0,1.3987641,0.14710836112499237,0.7751479148864746,0.45633888244628906
YIL068C,YPL135W,0,1.3975224,0.14708083868026733,0.7751479148864746,0.4564390182495117
YDR316W-B,YPL210C,0,1.3974334,0.1470533162355423,0.7751479148864746,0.4565391540527344
YPL013C,YOR319W,0,1.3974078,0.14702580869197845,0.7751479148864746,0.45663928985595703
YLR347C,YDL220C,0,1.3973428,0.1469983160495758,0.7751479148864746,0.4567394256591797
YGR078C,YOR192C,0,1.3969932,0.14697082340717316,0.7751479148864746,0.45683956146240234
YHR088W,YHR118C,0,1.3969487,0.1469433605670929,0.7751479148864746,0.4569397270679474
YJL026W,YHR079C-B,0,1.3964465,0.14691588282585144,0.7751479148864746,0.45703986287117004
YNL056W,YJL181W,0,1.3955421,0.14688843488693237,0.7751479148864746,0.4571399986743927
YDR098C-B,YMR091C,0,1.3953797,0.1468609869480133,0.7751479148864746,0.45724013447761536
YDR190C,YPL156C,0,1.3951879,0.14683355391025543,0.7751479148864746,0.457340270280838
YBR191W,YCR038C,0,1.3949982,0.14680612087249756,0.7751479148864746,0.45744040608406067
YHR004C,YPL022W,1,1.3949896,0.14696545898914337,0.7761341333389282,0.45744040608406067
YNL317W,YPL010W,0,1.39482,0.1469380110502243,0.7761341333389282,0.4575405418872833
YDR059C,YDR273W,1,1.3947897,0.14709725975990295,0.7771202921867371,0.4575405418872833
YHL031C,YBR212W,0,1.3941741,0.1470697969198227,0.7771202921867371,0.45764070749282837
YIL037C,YHR197W,0,1.3935431,0.14704236388206482,0.7771202921867371,0.457740843296051
YHR005C,YPR120C,0,1.393374,0.14701493084430695,0.7771202921867371,0.4578409790992737
YER123W,YGR030C,0,1.3923347,0.14698749780654907,0.7771202921867371,0.45794111490249634
YNL059C,YNL287W,0,1.3921127,0.1469600945711136,0.7771202921867371,0.458041250705719
YPR148C,YKL080W,0,1.3921111,0.1469326913356781,0.7771202921867371,0.45814138650894165
YDR155C,YGL181W,1,1.3920796,0.14709171652793884,0.7781065106391907,0.45814138650894165
YBR029C,YBL100W-B,0,1.3916013,0.14706429839134216,0.7781065106391907,0.4582415521144867
YJL059W,YOR271C,0,1.3909714,0.14703689515590668,0.7781065106391907,0.45834168791770935
YOR230W,YGL213C,1,1.3907149,0.14719583094120026,0.7790927290916443,0.45834168791770935
YEL019C,YOR254C,0,1.3906415,0.14716841280460358,0.7790927290916443,0.458441823720932
YFR010W,YCR044C,0,1.3906057,0.1471409946680069,0.7790927290916443,0.45854195952415466
YMR133W,YHR079C-B,1,1.3905765,0.14729981124401093,0.7800788879394531,0.45854195952415466
YDL100C,YPL254W,0,1.3900559,0.14727239310741425,0.7800788879394531,0.4586420953273773
YNL041C,YOR110W,0,1.3889164,0.14724497497081757,0.7800788879394531,0.4587422311306
YDR041W,YLR413W,0,1.388437,0.14721757173538208,0.7800788879394531,0.45884236693382263
YHR073W,YJR027W,0,1.3880936,0.1471901684999466,0.7800788879394531,0.4589425325393677
YPL013C,YMR118C,0,1.388079,0.1471627950668335,0.7800788879394531,0.45904266834259033
YBR107C,YDR025W,0,1.3875057,0.1471354216337204,0.7800788879394531,0.459142804145813
YGR212W,YNR033W,0,1.386792,0.1471080482006073,0.7800788879394531,0.45924293994903564
YPR110C,YMR156C,0,1.386677,0.1470807045698166,0.7800788879394531,0.4593430757522583
YDR308C,YOL116W,0,1.3861561,0.14705336093902588,0.7800788879394531,0.45944321155548096
YHR001W-A,YDR259C,0,1.3854432,0.14702601730823517,0.7800788879394531,0.4595433473587036
YPR161C,YIR031C,0,1.3851825,0.14699870347976685,0.7800788879394531,0.45964351296424866
YJL167W,YLR019W,0,1.3851786,0.14697138965129852,0.7800788879394531,0.4597436487674713
YIL147C,YBR005W,0,1.3848252,0.1469440758228302,0.7800788879394531,0.45984378457069397
YBR107C,YDR395W,0,1.3847973,0.14691679179668427,0.7800788879394531,0.4599439203739166
YPR158W-B,YOL029C,0,1.384079,0.14688950777053833,0.7800788879394531,0.4600440561771393
YER177W,YDR325W,1,1.3835502,0.14704790711402893,0.7810651063919067,0.4600440561771393
YMR225C,YDL211C,0,1.3823566,0.1470206081867218,0.7810651063919067,0.46014419198036194
YDL149W,YJL069C,0,1.3818766,0.14699332416057587,0.7810651063919067,0.4602443277835846
YKR078W,YEL048C,0,1.3813747,0.14696604013442993,0.7810651063919067,0.46034449338912964
YDR365W-A,YBR168W,0,1.3809285,0.1469387710094452,0.7810651063919067,0.4604446291923523
YHR103W,YMR048W,0,1.3806204,0.14691151678562164,0.7810651063919067,0.46054476499557495
YHR113W,YDL243C,0,1.3804737,0.1468842774629593,0.7810651063919067,0.4606449007987976
YGL061C,YNL278W,0,1.380307,0.14685703814029694,0.7810651063919067,0.46074503660202026
YPR037C,YLR068W,0,1.3790495,0.14682981371879578,0.7810651063919067,0.4608451724052429
YLR320W,YGR108W,1,1.3788335,0.1469879448413849,0.7820512652397156,0.4608451724052429
YKL141W,YLR361C,0,1.3787203,0.14696070551872253,0.7820512652397156,0.46094533801078796
YHR154W,YJL212C,0,1.3783425,0.14693348109722137,0.7820512652397156,0.4610454738140106
YLR315W,YDR111C,0,1.3780749,0.14690625667572021,0.7820512652397156,0.4611456096172333
YDR309C,YLR055C,0,1.3774326,0.14687904715538025,0.7820512652397156,0.46124574542045593
YHR210C,YIL087C,0,1.3773398,0.14685185253620148,0.7820512652397156,0.4613458812236786
YOL023W,YDR309C,0,1.3773298,0.1468246579170227,0.7820512652397156,0.46144601702690125
YOR081C,YDR407C,0,1.3770128,0.14679747819900513,0.7820512652397156,0.4615461528301239
YJL096W,YDR289C,0,1.3765864,0.14677031338214874,0.7820512652397156,0.46164631843566895
YLR347C,YKL079W,0,1.3764606,0.14674314856529236,0.7820512652397156,0.4617464542388916
YDR412W,YHR106W,0,1.3762656,0.14671599864959717,0.7820512652397156,0.46184659004211426
YPL036W,YHR005C,0,1.3759489,0.14668886363506317,0.7820512652397156,0.4619467258453369
YML124C,YLL033W,1,1.3755867,0.1468466818332672,0.7830374836921692,0.4619467258453369
YDR316W-B,YNL054W-A,0,1.3747106,0.14681953191757202,0.7830374836921692,0.46204686164855957
YPR110C,YOR110W,0,1.3744287,0.14679238200187683,0.7830374836921692,0.4621469974517822
YDR078C,YDR188W,0,1.3742584,0.14676524698734283,0.7830374836921692,0.4622471332550049
YJR052W,YOL059W,0,1.3740268,0.14673812687397003,0.7830374836921692,0.4623472988605499
YPR034W,YML061C,0,1.3734734,0.14671100676059723,0.7830374836921692,0.4624474346637726
YDR384C,YLR337C,0,1.3732814,0.14668391644954681,0.7830374836921692,0.46254757046699524
YPL200W,YGL213C,1,1.3727343,0.14684152603149414,0.784023642539978,0.46254757046699524
YDR451C,YPR054W,1,1.3726858,0.1469990760087967,0.7850098609924316,0.46254757046699524
YGR003W,YKR095W,0,1.372474,0.1469719409942627,0.7850098609924316,0.4626477062702179
YPL234C,YGR030C,0,1.3720548,0.1469448059797287,0.7850098609924316,0.46274784207344055
YHR024C,YLR413W,0,1.371607,0.1469176858663559,0.7850098609924316,0.4628479778766632
YPR034W,YBR295W,0,1.3712091,0.1468905657529831,0.7850098609924316,0.46294811367988586
YLR377C,YFR047C,0,1.3709031,0.14686347544193268,0.7850098609924316,0.4630482792854309
YPL198W,YLR352W,0,1.3708439,0.14683637022972107,0.7850098609924316,0.46314841508865356
YOL069W,YJL003W,0,1.3707137,0.14680929481983185,0.7850098609924316,0.4632485508918762
YAR042W,YPL178W,0,1.3704324,0.14678221940994263,0.7850098609924316,0.4633486866950989
YMR274C,YOR359W,0,1.3699428,0.1467551589012146,0.7850098609924316,0.46344882249832153
YOR193W,YBR091C,0,1.3698941,0.14672811329364777,0.7850098609924316,0.4635489583015442
YGR030C,YBR049C,0,1.3696995,0.14670106768608093,0.7850098609924316,0.46364909410476685
YML102W,YDR168W,0,1.3695779,0.1466740369796753,0.7850098609924316,0.4637492597103119
YPR154W,YER179W,0,1.3683186,0.14664702117443085,0.7850098609924316,0.46384939551353455
YOR252W,YOR032C,0,1.367882,0.1466200053691864,0.7850098609924316,0.4639495313167572
YHL017W,YJR048W,0,1.3665824,0.14659300446510315,0.7850098609924316,0.46404966711997986
YDR007W,YDL117W,0,1.366391,0.1465660035610199,0.7850098609924316,0.4641498029232025
YER040W,YDR316W-B,0,1.3661847,0.14653903245925903,0.7850098609924316,0.46424993872642517
YDR213W,YPL146C,0,1.3649602,0.14651206135749817,0.7850098609924316,0.4643501043319702
YGR103W,YMR275C,0,1.3642983,0.1464850902557373,0.7850098609924316,0.46445024013519287
YDR517W,YCR035C,0,1.3640356,0.14645814895629883,0.7850098609924316,0.4645503759384155
YJL012C,YDR259C,0,1.3638451,0.14643119275569916,0.7850098609924316,0.4646505117416382
YNL250W,YLR007W,0,1.3625071,0.14640426635742188,0.7850098609924316,0.46475064754486084
YER142C,YGL006W,0,1.3620168,0.1463773399591446,0.7850098609924316,0.4648507833480835
YOR230W,YPL055C,1,1.3617971,0.1465342938899994,0.7859960794448853,0.4648507833480835
YJL127C,YDR179C,0,1.3617768,0.1465073525905609,0.7859960794448853,0.46495091915130615
YGR174C,YCR018C,0,1.3610029,0.14648042619228363,0.7859960794448853,0.4650510847568512
YLR363C,YOR109W,0,1.3608668,0.14645351469516754,0.7859960794448853,0.46515122056007385
YNR033W,YGL240W,0,1.3606973,0.14642660319805145,0.7859960794448853,0.4652513563632965
YDR129C,YLR333C,0,1.3601438,0.14639970660209656,0.7859960794448853,0.46535149216651917
YDR256C,YLR011W,0,1.3598584,0.14637282490730286,0.7859960794448853,0.4654516279697418
YGR161W-A,YPL040C,0,1.3589137,0.14634594321250916,0.7859960794448853,0.4655517637729645
YLR432W,YLR189C,0,1.3587868,0.14631907641887665,0.7859960794448853,0.46565189957618713
YDL175C,YBR301W,0,1.3583807,0.14629222452640533,0.7859960794448853,0.4657520651817322
YOR368W,YHR152W,1,1.3581237,0.14644889533519745,0.7869822382926941,0.4657520651817322
YOL042W,YPL097W,0,1.3576541,0.14642201364040375,0.7869822382926941,0.46585220098495483
YGR024C,YLR460C,0,1.3576446,0.14639516174793243,0.7869822382926941,0.4659523367881775
YKL014C,YIR031C,0,1.3576142,0.14636830985546112,0.7869822382926941,0.46605247259140015
YHR146W,YGR161C,0,1.3565168,0.1463414579629898,0.7869822382926941,0.4661526083946228
YER032W,YGL129C,0,1.3564858,0.14631463587284088,0.7869822382926941,0.46625274419784546
YOR117W,YGR129W,0,1.3561451,0.14628781378269196,0.7869822382926941,0.4663528800010681
YDR244W,YER081W,0,1.3559934,0.14626099169254303,0.7869822382926941,0.46645304560661316
YHL038C,YLR382C,0,1.3559897,0.1462341994047165,0.7869822382926941,0.4665531814098358
YML101C,YLR193C,0,1.3555574,0.14620740711688995,0.7869822382926941,0.46665331721305847
YPR110C,YHR111W,0,1.3553247,0.14618061482906342,0.7869822382926941,0.46675345301628113
YKR053C,YDR303C,0,1.3542863,0.14615385234355927,0.7869822382926941,0.4668535888195038
YDR350C,YCR063W,0,1.3541532,0.14612708985805511,0.7869822382926941,0.46695372462272644
YMR063W,YBL038W,0,1.353692,0.14610032737255096,0.7869822382926941,0.4670538902282715
YIL056W,YPL168W,0,1.3535967,0.146073579788208,0.7869822382926941,0.46715402603149414
YOL154W,YDR515W,0,1.3527588,0.14604684710502625,0.7869822382926941,0.4672541618347168
YGR161W-A,YKL005C,0,1.3527383,0.14602012932300568,0.7869822382926941,0.46735429763793945
YER143W,YGL195W,0,1.3518288,0.1459934115409851,0.7869822382926941,0.4674544334411621
YDR040C,YEL051W,0,1.3516829,0.14596670866012573,0.7869822382926941,0.46755456924438477
YKL081W,YPL018W,0,1.3509485,0.14594002068042755,0.7869822382926941,0.4676547050476074
YJR084W,YNR053C,0,1.3509246,0.14591333270072937,0.7869822382926941,0.46775487065315247
YAR033W,YKL087C,0,1.3504839,0.14588665962219238,0.7869822382926941,0.4678550064563751
YMR234W,YDR397C,0,1.3504293,0.1458599865436554,0.7869822382926941,0.4679551422595978
YMR076C,YLR023C,0,1.3503366,0.1458333283662796,0.7869822382926941,0.46805527806282043
YGL067W,YCL039W,0,1.3499209,0.145806685090065,0.7869822382926941,0.4681554138660431
YBL031W,YKR088C,0,1.3497579,0.1457800567150116,0.7869822382926941,0.46825554966926575
YLR037C,YPL058C,0,1.3496575,0.1457534283399582,0.7869822382926941,0.4683556854724884
YJR052W,YOR110W,0,1.3496379,0.14572681486606598,0.7869822382926941,0.46845585107803345
YNL164C,YOR259C,0,1.3496034,0.14570020139217377,0.7869822382926941,0.4685559868812561
YDR545W,YLR196W,0,1.3494093,0.14567360281944275,0.7869822382926941,0.46865612268447876
YKL129C,YDR365W-A,0,1.3493245,0.14564701914787292,0.7869822382926941,0.4687562584877014
YGR109W-A,YNL164C,0,1.3488736,0.1456204354763031,0.7869822382926941,0.4688563942909241
YKL194C,YIR026C,0,1.3487537,0.14559386670589447,0.7869822382926941,0.46895653009414673
YBR054W,YOL098C,0,1.3486769,0.14556731283664703,0.7869822382926941,0.4690566658973694
YHL017W,YLR288C,0,1.3482208,0.1455407589673996,0.7869822382926941,0.46915683150291443
YHR158C,YGR244C,0,1.3478497,0.14551421999931335,0.7869822382926941,0.4692569673061371
YNL094W,YIL123W,0,1.347712,0.1454876959323883,0.7869822382926941,0.46935710310935974
YDR440W,YLR399C,1,1.3476422,0.1456434577703476,0.7879684567451477,0.46935710310935974
YGR007W,YER139C,0,1.3476294,0.14561691880226135,0.7879684567451477,0.4694572389125824
YPR067W,YDL087C,0,1.3463205,0.1455903798341751,0.7879684567451477,0.46955737471580505
YIL068C,YGR266W,0,1.346211,0.14556385576725006,0.7879684567451477,0.4696575105190277
YBR005W,YCL035C,0,1.3461913,0.1455373466014862,0.7879684567451477,0.46975764632225037
YOL069W,YER007C-A,0,1.3453895,0.14551083743572235,0.7879684567451477,0.4698578119277954
YOR383C,YOR341W,0,1.3453848,0.1454843431711197,0.7879684567451477,0.46995794773101807
YHR033W,YOR258W,0,1.3453791,0.14545784890651703,0.7879684567451477,0.4700580835342407
YOR262W,YPR158W-B,0,1.3450812,0.14543138444423676,0.7879684567451477,0.4701582193374634
YOR262W,YNL176C,0,1.3446715,0.14540491998195648,0.7879684567451477,0.47025835514068604
YDL139C,YJL208C,0,1.3446543,0.1453784555196762,0.7879684567451477,0.4703584909439087
YKR093W,YCL064C,0,1.3444784,0.14535200595855713,0.7879684567451477,0.47045865654945374
YBR023C,YGL195W,0,1.3441685,0.14532557129859924,0.7879684567451477,0.4705587923526764
YOR363C,YIL118W,0,1.3440003,0.14529915153980255,0.7879684567451477,0.47065892815589905
YPR188C,YDR246W,0,1.343477,0.14527273178100586,0.7879684567451477,0.4707590639591217
YOR018W,YBR188C,0,1.3432477,0.14524631202220917,0.7879684567451477,0.47085919976234436
YIL098C,YNL024C,0,1.3432385,0.14521992206573486,0.7879684567451477,0.470959335565567
YDR213W,YCR065W,0,1.3424261,0.14519353210926056,0.7879684567451477,0.4710594713687897
YGR078C,YIL068C,0,1.3424158,0.14516715705394745,0.7879684567451477,0.4711596369743347
YGR161W-A,YKL032C,0,1.3422542,0.14514078199863434,0.7879684567451477,0.4712597727775574
YER062C,YER143W,0,1.341614,0.14511442184448242,0.7879684567451477,0.47135990858078003
YDL209C,YER167W,0,1.341459,0.1450880765914917,0.7879684567451477,0.4714600443840027
YLR093C,YLR023C,0,1.3410225,0.14506173133850098,0.7879684567451477,0.47156018018722534
YDR210C-D,YOR272W,0,1.3409408,0.14503540098667145,0.7879684567451477,0.471660315990448
YBR046C,YMR131C,0,1.3406576,0.14500907063484192,0.7879684567451477,0.47176045179367065
YNL183C,YDR057W,0,1.3406147,0.14498275518417358,0.7879684567451477,0.4718606173992157
YOL144W,YDR517W,0,1.3404393,0.14495645463466644,0.7879684567451477,0.47196075320243835
YAR042W,YBR028C,0,1.340358,0.1449301689863205,0.7879684567451477,0.472060889005661
YGR120C,YML016C,0,1.3402433,0.14490388333797455,0.7879684567451477,0.47216102480888367
YPR057W,YMR195W,0,1.3400596,0.1448776125907898,0.7879684567451477,0.4722611606121063
YJR120W,YDR098C-B,0,1.3399426,0.14485134184360504,0.7879684567451477,0.472361296415329
YOL055C,YPR046W,0,1.3399078,0.14482508599758148,0.7879684567451477,0.47246143221855164
YNL221C,YML013W,0,1.3397702,0.14479884505271912,0.7879684567451477,0.4725615978240967
YIL036W,YDR303C,0,1.33945,0.14477260410785675,0.7879684567451477,0.47266173362731934
YGR057C,YDR188W,0,1.339313,0.14474637806415558,0.7879684567451477,0.472761869430542
YNL294C,YGL054C,1,1.3391416,0.14490129053592682,0.7889546155929565,0.472761869430542
YOR252W,YGL167C,0,1.3390481,0.14487504959106445,0.7889546155929565,0.47286200523376465
YLR239C,YJR073C,0,1.3384558,0.1448488086462021,0.7889546155929565,0.4729621410369873
YGL076C,YGL151W,0,1.3383468,0.1448225975036621,0.7889546155929565,0.47306227684020996
YDR009W,YKR049C,0,1.3380699,0.14479638636112213,0.7889546155929565,0.4731624126434326
YDR145W,YDR213W,0,1.3380458,0.14477017521858215,0.7889546155929565,0.47326257824897766
YKL145W,YNL066W,0,1.3378943,0.14474397897720337,0.7889546155929565,0.4733627140522003
YDL230W,YGR003W,0,1.3377826,0.14471779763698578,0.7889546155929565,0.473462849855423
YHL050C,YPR141C,0,1.337034,0.14469163119792938,0.7889546155929565,0.47356298565864563
YGR032W,YLR219W,1,1.3370278,0.14484629034996033,0.7899408340454102,0.47356298565864563
YDL012C,YHL021C,0,1.3368363,0.14482010900974274,0.7899408340454102,0.4736631214618683
YOL020W,YKL134C,0,1.3365297,0.14479392766952515,0.7899408340454102,0.47376325726509094
YNL031C,YLR451W,0,1.3363789,0.14476776123046875,0.7899408340454102,0.473863422870636
YLR390W-A,YIL018W,0,1.3358107,0.14474159479141235,0.7899408340454102,0.47396355867385864
YOL020W,YDR397C,0,1.3354907,0.14471544325351715,0.7899408340454102,0.4740636944770813
YPR095C,YPL145C,0,1.3349639,0.14468930661678314,0.7899408340454102,0.47416383028030396
YLR239C,YIL056W,0,1.3346705,0.14466316998004913,0.7899408340454102,0.4742639660835266
YLR272C,YER177W,1,1.3341057,0.14481762051582336,0.790926992893219,0.4742639660835266
YPR154W,YLR200W,0,1.3336505,0.14479148387908936,0.790926992893219,0.47436410188674927
YKR053C,YLR115W,0,1.333576,0.14476534724235535,0.790926992893219,0.4744642376899719
YBL013W,YJL001W,0,1.3334072,0.14473921060562134,0.790926992893219,0.47456440329551697
YBR091C,YGR003W,0,1.3332157,0.14471310377120972,0.790926992893219,0.4746645390987396
YNL145W,YMR091C,0,1.3319368,0.1446869969367981,0.790926992893219,0.4747646749019623
YGL250W,YPL204W,1,1.3316371,0.144841268658638,0.7919132113456726,0.4747646749019623
YLL016W,YFR014C,0,1.3313029,0.14481514692306519,0.7919132113456726,0.47486481070518494
YOR316C,YPL168W,0,1.3311386,0.14478904008865356,0.7919132113456726,0.4749649465084076
YJR052W,YPL183C,0,1.3308458,0.14476293325424194,0.7919132113456726,0.47506508231163025
YJL078C,YPR057W,0,1.3308256,0.14473684132099152,0.7919132113456726,0.4751652181148529
YOR267C,YNL190W,0,1.3304628,0.14471076428890228,0.7919132113456726,0.47526538372039795
YHR035W,YHR037W,0,1.3299932,0.14468468725681305,0.7919132113456726,0.4753655195236206
YER102W,YGR161C-D,0,1.3299048,0.144658625125885,0.7919132113456726,0.47546565532684326
YDR545W,YBL038W,0,1.3296888,0.14463256299495697,0.7919132113456726,0.4755657911300659
YDR377W,YOL059W,0,1.3292235,0.14460651576519012,0.7919132113456726,0.4756659269332886
YOR034C,YLR347C,0,1.3291378,0.14458048343658447,0.7919132113456726,0.47576606273651123
YDL160C,YFR016C,0,1.3290641,0.14455445110797882,0.7919132113456726,0.4758661985397339
YJR027W,YGL053W,0,1.3289185,0.14452843368053436,0.7919132113456726,0.47596636414527893
YMR133W,YNL065W,0,1.3284926,0.1445024311542511,0.7919132113456726,0.4760664999485016
YFL026W,YPL176C,0,1.32822,0.14447642862796783,0.7919132113456726,0.47616663575172424
YDR122W,YDL123W,0,1.3280711,0.14445044100284576,0.7919132113456726,0.4762667715549469
YGL104C,YGL246C,0,1.3278401,0.1444244533777237,0.7919132113456726,0.47636690735816956
YLL018C-A,YHR001W-A,0,1.3276218,0.144398495554924,0.7919132113456726,0.4764670431613922
YNR032C-A,YKL052C,0,1.3271096,0.14437252283096313,0.7919132113456726,0.47656720876693726
YKR096W,YDL145C,0,1.3266294,0.14434657990932465,0.7919132113456726,0.4766673445701599
YGL093W,YLR220W,0,1.3265389,0.14432063698768616,0.7919132113456726,0.47676748037338257
YDR210C-D,YHR158C,0,1.3263055,0.14429469406604767,0.7919132113456726,0.4768676161766052
YBL091C,YGL238W,0,1.3261797,0.14426878094673157,0.7919132113456726,0.4769677519798279
YLL031C,YJL021C,0,1.3260953,0.14424285292625427,0.7919132113456726,0.47706788778305054
YDR259C,YKL077W,0,1.3260152,0.14421695470809937,0.7919132113456726,0.4771680235862732
YKL185W,YGL005C,0,1.3259776,0.14419105648994446,0.7919132113456726,0.47726818919181824
YOL154W,YGL053W,0,1.3252774,0.14416517317295074,0.7919132113456726,0.4773683249950409
YDR210C-D,YBR189W,0,1.3252466,0.14413928985595703,0.7919132113456726,0.47746846079826355
YMR153W,YDL046W,0,1.3252304,0.1441134214401245,0.7919132113456726,0.4775685966014862
YOL042W,YNL176C,0,1.3250625,0.14408756792545319,0.7919132113456726,0.47766873240470886
YMR015C,YOR335C,0,1.324929,0.14406171441078186,0.7919132113456726,0.4777688682079315
YDR004W,YGL167C,0,1.3245132,0.14403587579727173,0.7919132113456726,0.4778690040111542
YDR268W,YFL026W,0,1.3231307,0.1440100371837616,0.7919132113456726,0.4779691696166992
YGL246C,YNL214W,0,1.3219026,0.14398421347141266,0.7919132113456726,0.4780693054199219
YOR363C,YDL012C,0,1.321758,0.14395840466022491,0.7919132113456726,0.47816944122314453
YML067C,YOL126C,0,1.3214935,0.14393261075019836,0.7919132113456726,0.4782695770263672
YBR085W,YJL013C,0,1.320786,0.14390681684017181,0.7919132113456726,0.47836971282958984
YJR048W,YIL120W,0,1.3200362,0.14388102293014526,0.7919132113456726,0.4784698486328125
YPL171C,YBR107C,0,1.319844,0.1438552439212799,0.7919132113456726,0.47856998443603516
YGR109W-A,YOR079C,0,1.3192613,0.14382947981357574,0.7919132113456726,0.4786701500415802
YDL209C,YJL168C,0,1.3188407,0.14380373060703278,0.7919132113456726,0.47877028584480286
YKL129C,YNL054W-A,0,1.3187246,0.1437779814004898,0.7919132113456726,0.4788704216480255
YDR160W,YBL100W-B,0,1.3184302,0.14375223219394684,0.7919132113456726,0.47897055745124817
YNL284C-B,YPR143W,0,1.318164,0.14372651278972626,0.7919132113456726,0.4790706932544708
YGR055W,YGR040W,0,1.3179601,0.14370079338550568,0.7919132113456726,0.4791708290576935
YOL098C,YCR018C,0,1.3176663,0.1436750739812851,0.7919132113456726,0.47927096486091614
YHL017W,YKL155C,0,1.3175611,0.1436493694782257,0.7919132113456726,0.4793711304664612
YKL048C,YPL225W,0,1.3175595,0.14362367987632751,0.7919132113456726,0.47947126626968384
YOR087W,YDR317W,0,1.3173661,0.14359799027442932,0.7919132113456726,0.4795714020729065
YGL063W,YDL135C,0,1.3173114,0.14357231557369232,0.7919132113456726,0.47967153787612915
YBR023C,YIL112W,1,1.3168201,0.1437254250049591,0.7928994297981262,0.47967153787612915
YDR004W,YBR136W,1,1.3165613,0.14387845993041992,0.7938855886459351,0.47967153787612915
YMR192W,YKR007W,0,1.3154479,0.14385275542736053,0.7938855886459351,0.4797716736793518
YMR192W,YKL063C,0,1.3150188,0.14382705092430115,0.7938855886459351,0.47987180948257446
YDR259C,YGR122W,0,1.3148146,0.14380136132240295,0.7938855886459351,0.4799719750881195
YGR161W-A,YOR136W,0,1.3142009,0.14377567172050476,0.7938855886459351,0.48007211089134216
YKL185W,YKR095W,0,1.3141886,0.14374999701976776,0.7938855886459351,0.4801722466945648
YMR232W,YLR075W,0,1.3141619,0.14372433722019196,0.7938855886459351,0.4802723824977875
YNL133C,YHR090C,0,1.314044,0.14369867742061615,0.7938855886459351,0.48037251830101013
YLR004C,YDR276C,0,1.3137848,0.14367303252220154,0.7938855886459351,0.4804726541042328
YLR023C,YLL021W,0,1.3133485,0.14364738762378693,0.7938855886459351,0.48057278990745544
YDR210C-D,YDR200C,0,1.3132756,0.1436217725276947,0.7938855886459351,0.4806729555130005
YDR545W,YPL221W,0,1.3126316,0.14359614253044128,0.7938855886459351,0.48077309131622314
YOR267C,YOR059C,0,1.3125317,0.14357054233551025,0.7938855886459351,0.4808732271194458
YKR027W,YBL072C,0,1.3121531,0.14354494214057922,0.7938855886459351,0.48097336292266846
YNL180C,YDL102W,0,1.3118879,0.1435193419456482,0.7938855886459351,0.4810734987258911
YGR082W,YCL044C,0,1.311795,0.14349375665187836,0.7938855886459351,0.48117363452911377
YPL204W,YJL168C,1,1.3117452,0.14364640414714813,0.7948718070983887,0.48117363452911377
YML085C,YDR451C,1,1.3116015,0.14379900693893433,0.7958579659461975,0.48117363452911377
YKL054C,YLL057C,0,1.3115509,0.1437733769416809,0.7958579659461975,0.4812737703323364
YGR078C,YDL209C,0,1.3113755,0.14374777674674988,0.7958579659461975,0.48137393593788147
YAL002W,YOR319W,0,1.3113264,0.14372217655181885,0.7958579659461975,0.4814740717411041
YDR361C,YAL026C,0,1.3112915,0.14369657635688782,0.7958579659461975,0.4815742075443268
YDR361C,YDR308C,0,1.3103249,0.14367100596427917,0.7958579659461975,0.48167434334754944
YER102W,YER005W,0,1.3101804,0.14364542067050934,0.7958579659461975,0.4817744791507721
YLR442C,YKR089C,0,1.3101525,0.1436198651790619,0.7958579659461975,0.48187461495399475
YDR412W,YHL021C,0,1.3098105,0.14359430968761444,0.7958579659461975,0.4819747507572174
YOL135C,YLR056W,0,1.3097459,0.143568754196167,0.7958579659461975,0.48207491636276245
YDR210C-D,YHL035C,0,1.3096265,0.14354322850704193,0.7958579659461975,0.4821750521659851
YNL284C-B,YKL145W,0,1.3096142,0.14351768791675568,0.7958579659461975,0.48227518796920776
YPR158W-B,YKR031C,0,1.3095756,0.1434921771287918,0.7958579659461975,0.4823753237724304
YCR105W,YLR181C,0,1.3090845,0.14346666634082794,0.7958579659461975,0.4824754595756531
YOL071W,YNL294C,1,1.3090401,0.14361891150474548,0.7968441843986511,0.4824754595756531
YMR053C,YIL107C,0,1.3089072,0.14359338581562042,0.7968441843986511,0.48257559537887573
YOR334W,YOR136W,0,1.3084074,0.14356787502765656,0.7968441843986511,0.4826757311820984
YDR361C,YPL100W,0,1.3083142,0.1435423642396927,0.7968441843986511,0.48277589678764343
YHR184W,YJL019W,1,1.3079998,0.14369449019432068,0.7978304028511047,0.48277589678764343
YHL015W,YGR161C-D,0,1.3078306,0.1436689794063568,0.7978304028511047,0.4828760325908661
YNL176C,YMR091C,0,1.3077506,0.14364346861839294,0.7978304028511047,0.48297616839408875
YDR189W,YGR161W-A,0,1.3073795,0.14361797273159027,0.7978304028511047,0.4830763041973114
YNL221C,YDR273W,0,1.3069849,0.1435924768447876,0.7978304028511047,0.48317644000053406
YDR210C-D,YPL239W,0,1.3069228,0.14356699585914612,0.7978304028511047,0.4832765758037567
YJL180C,YPL176C,0,1.3064625,0.14354151487350464,0.7978304028511047,0.48337674140930176
YHR214W,YNL216W,0,1.3059251,0.14351604878902435,0.7978304028511047,0.4834768772125244
YDL145C,YHR114W,0,1.305692,0.14349059760570526,0.7978304028511047,0.48357701301574707
YHR120W,YKL080W,0,1.3056619,0.14346514642238617,0.7978304028511047,0.4836771488189697
YLR102C,YER060W-A,0,1.3056451,0.14343971014022827,0.7978304028511047,0.4837772846221924
YKR027W,YAL026C,0,1.304529,0.14341428875923157,0.7978304028511047,0.48387742042541504
YGR109W-A,YGR005C,0,1.3043551,0.14338886737823486,0.7978304028511047,0.4839775562286377
YJR102C,YPL063W,0,1.3040562,0.14336346089839935,0.7978304028511047,0.48407772183418274
YFR031C-A,YJR027W,0,1.3039966,0.14333805441856384,0.7978304028511047,0.4841778576374054
YGR080W,YKL048C,0,1.303358,0.14331266283988953,0.7978304028511047,0.48427799344062805
YDR213W,YBR091C,0,1.3024619,0.1432872861623764,0.7978304028511047,0.4843781292438507
YLR102C,YAR042W,0,1.3019397,0.14326190948486328,0.7978304028511047,0.48447826504707336
YLR411W,YPL145C,0,1.3018593,0.14323654770851135,0.7978304028511047,0.484578400850296
YPR131C,YEL032W,0,1.3018099,0.14321118593215942,0.7978304028511047,0.4846785366535187
YAL030W,YBR060C,0,1.3011496,0.1431858390569687,0.7978304028511047,0.4847787022590637
YOL071W,YER095W,1,1.3011376,0.1433374583721161,0.7988165616989136,0.4847787022590637
YLR118C,YKL114C,0,1.3006198,0.14331209659576416,0.7988165616989136,0.4848788380622864
YJL181W,YBR162C,0,1.3003869,0.14328674972057343,0.7988165616989136,0.48497897386550903
YDR398W,YPR131C,0,1.2998397,0.1432614028453827,0.7988165616989136,0.4850791096687317
YOR380W,YGL238W,0,1.2995269,0.14323607087135315,0.7988165616989136,0.48517924547195435
YOR018W,YIL056W,0,1.2994188,0.1432107537984848,0.7988165616989136,0.485279381275177
YBR268W,YNL317W,0,1.2989286,0.14318543672561646,0.7988165616989136,0.48537951707839966
YKR089C,YER108C,0,1.2978873,0.1431601345539093,0.7988165616989136,0.4854796826839447
YLR193C,YBL014C,0,1.2973076,0.14313483238220215,0.7988165616989136,0.48557981848716736
YPL040C,YPL178W,0,1.2969592,0.1431095451116562,0.7988165616989136,0.48567995429039
YPR158W-B,YNR052C,0,1.2965348,0.14308425784111023,0.7988165616989136,0.48578009009361267
YOL098C,YDR176W,0,1.2963549,0.14305898547172546,0.7988165616989136,0.4858802258968353
YBL005W,YOR086C,0,1.2960336,0.1430337280035019,0.7988165616989136,0.485980361700058
YHL050C,YIL130W,0,1.2957721,0.14300847053527832,0.7988165616989136,0.486080527305603
YBR218C,YKL040C,0,1.2956738,0.14298322796821594,0.7988165616989136,0.4861806631088257
YGR217W,YGR040W,0,1.2956119,0.14295800030231476,0.7988165616989136,0.48628079891204834
YML041C,YPR180W,0,1.2952944,0.14293277263641357,0.7988165616989136,0.486380934715271
YJR041C,YNL176C,0,1.2951137,0.1429075449705124,0.7988165616989136,0.48648107051849365
YOR264W,YGL064C,0,1.2948539,0.1428823471069336,0.7988165616989136,0.4865812063217163
YMR081C,YDR111C,0,1.2947683,0.1428571492433548,0.7988165616989136,0.48668134212493896
YML057W,YNL142W,0,1.294714,0.142831951379776,0.7988165616989136,0.486781507730484
YER063W,YLR293C,0,1.2947129,0.1428067684173584,0.7988165616989136,0.48688164353370667
YBR003W,YPL076W,0,1.2939432,0.142781600356102,0.7988165616989136,0.4869817793369293
YGR097W,YDL117W,0,1.2936983,0.14275643229484558,0.7988165616989136,0.487081915140152
YKL150W,YGR129W,0,1.2929025,0.14273127913475037,0.7988165616989136,0.48718205094337463
YDL087C,YKL099C,0,1.2924833,0.14270612597465515,0.7988165616989136,0.4872821867465973
YHR157W,YNL065W,0,1.2924236,0.14268098771572113,0.7988165616989136,0.48738232254981995
YHR122W,YLR093C,0,1.2920249,0.1426558643579483,0.7988165616989136,0.487482488155365
YDL106C,YPL040C,0,1.2915306,0.14263074100017548,0.7988165616989136,0.48758262395858765
YDR441C,YML127W,0,1.2907894,0.14260563254356384,0.7988165616989136,0.4876827597618103
YHR146W,YMR002W,0,1.2906574,0.1425805389881134,0.7988165616989136,0.48778289556503296
YDR259C,YCL067C,0,1.2898362,0.14255544543266296,0.7988165616989136,0.4878830313682556
YDR268W,YHL021C,0,1.2897406,0.14253035187721252,0.7988165616989136,0.48798316717147827
YDR434W,YDR273W,0,1.2892168,0.14250527322292328,0.7988165616989136,0.4880833029747009
YJR123W,YHR014W,0,1.2885473,0.14248020946979523,0.7988165616989136,0.48818346858024597
YNR049C,YER177W,1,1.2883784,0.14263102412223816,0.7998027801513672,0.48818346858024597
YDR204W,YMR322C,0,1.2880056,0.1426059454679489,0.7998027801513672,0.48828360438346863
YFR047C,YLR249W,0,1.2876523,0.14258086681365967,0.7998027801513672,0.4883837401866913
YKL069W,YDR080W,0,1.287185,0.14255580306053162,0.7998027801513672,0.48848387598991394
YML098W,YOL052C-A,0,1.2866988,0.14253075420856476,0.7998027801513672,0.4885840117931366
YLL039C,YOR338W,1,1.286223,0.14268141984939575,0.800788938999176,0.4885840117931366
YML107C,YGL053W,0,1.28604,0.1426563560962677,0.800788938999176,0.48868414759635925
YLR284C,YMR195W,0,1.2855393,0.14263130724430084,0.800788938999176,0.4887842833995819
YLR382C,YBR028C,0,1.2852848,0.14260625839233398,0.800788938999176,0.48888444900512695
YBR114W,YLR345W,0,1.2851871,0.14258120954036713,0.800788938999176,0.4889845848083496
YML011C,YIL098C,0,1.2845491,0.14255617558956146,0.800788938999176,0.48908472061157227
YOR316C,YDR317W,0,1.2841847,0.142531156539917,0.800788938999176,0.4891848564147949
YIL132C,YDR516C,1,1.28367,0.14268164336681366,0.8017751574516296,0.4891848564147949
YBR078W,YLR093C,0,1.2832785,0.142656609416008,0.8017751574516296,0.4892849922180176
YMR055C,YBR016W,0,1.2823906,0.14263157546520233,0.8017751574516296,0.48938512802124023
YML041C,YLR413W,0,1.2822095,0.14260655641555786,0.8017751574516296,0.4894852936267853
YGL142C,YGR109W-A,0,1.2821103,0.14258155226707458,0.8017751574516296,0.48958542943000793
YIL075C,YJR049C,0,1.2812858,0.1425565481185913,0.8017751574516296,0.4896855652332306
YPR188C,YBR003W,0,1.2812666,0.14253155887126923,0.8017751574516296,0.48978570103645325
YOR101W,YJR096W,0,1.2810766,0.14250656962394714,0.8017751574516296,0.4898858368396759
YGL028C,YDR127W,0,1.2803549,0.14248159527778625,0.8017751574516296,0.48998597264289856
YOR119C,YIL119C,0,1.2803026,0.14245663583278656,0.8017751574516296,0.4900861084461212
YKL029C,YDR359C,0,1.2801268,0.14243167638778687,0.8017751574516296,0.49018627405166626
YOL076W,YOR032C,0,1.279952,0.14240673184394836,0.8017751574516296,0.4902864098548889
YMR215W,YCR091W,0,1.2796719,0.14238178730010986,0.8017751574516296,0.4903865456581116
YHR122W,YMR230W,0,1.2791209,0.14235685765743256,0.8017751574516296,0.49048668146133423
YGL243W,YDL220C,0,1.2784455,0.14233192801475525,0.8017751574516296,0.4905868172645569
YGL073W,YKR049C,0,1.2782586,0.14230701327323914,0.8017751574516296,0.49068695306777954
YFR030W,YHL026C,0,1.2773691,0.14228211343288422,0.8017751574516296,0.4907870888710022
YHR035W,YLR466W,0,1.2772048,0.1422572135925293,0.8017751574516296,0.49088725447654724
YGL196W,YDR398W,0,1.2770176,0.14223232865333557,0.8017751574516296,0.4909873902797699
YNR032C-A,YPL210C,0,1.2766225,0.14220745861530304,0.8017751574516296,0.49108752608299255
YNR019W,YOL059W,0,1.2764298,0.1421825885772705,0.8017751574516296,0.4911876618862152
YEL024W,YPL254W,0,1.2759316,0.14215771853923798,0.8017751574516296,0.49128779768943787
YIL013C,YLL066C,0,1.2759017,0.14213286340236664,0.8017751574516296,0.4913879334926605
YDL240W,YKL002W,0,1.2753077,0.1421080231666565,0.8017751574516296,0.4914880692958832
YPL116W,YOR119C,0,1.2749511,0.14208318293094635,0.8017751574516296,0.4915882349014282
YLR417W,YCR035C,0,1.2746651,0.1420583575963974,0.8017751574516296,0.4916883707046509
YMR076C,YOR335C,0,1.2745776,0.14203354716300964,0.8017751574516296,0.49178850650787354
YDR464W,YLR058C,0,1.2739856,0.1420087367296219,0.8017751574516296,0.4918886423110962
YNL307C,YDR104C,1,1.2729543,0.14215856790542603,0.8027613162994385,0.4918886423110962
YPL001W,YMR091C,0,1.2721963,0.14213375747203827,0.8027613162994385,0.49198877811431885
YLR037C,YMR055C,0,1.2717233,0.14210893213748932,0.8027613162994385,0.4920889139175415
YML045W,YDR057W,0,1.2713039,0.14208413660526276,0.8027613162994385,0.49218907952308655
YAL051W,YPL049C,0,1.2707825,0.1420593410730362,0.8027613162994385,0.4922892153263092
YHR201C,YBR149W,0,1.2705674,0.14203454554080963,0.8027613162994385,0.49238935112953186
YPR095C,YER071C,0,1.2695009,0.14200976490974426,0.8027613162994385,0.4924894869327545
YER177W,YGR253C,1,1.2693541,0.14215943217277527,0.8037475347518921,0.4924894869327545
YCR016W,YDR289C,0,1.2693123,0.1421346366405487,0.8037475347518921,0.4925896227359772
YLR052W,YDR301W,0,1.2688224,0.14210985600948334,0.8037475347518921,0.49268975853919983
YPR158W-B,YLR017W,0,1.268348,0.14208507537841797,0.8037475347518921,0.4927898943424225
YJL074C,YLR341W,1,1.2678969,0.14223462343215942,0.8047337532043457,0.4927898943424225
YOL020W,YLL006W,0,1.2673085,0.14220982789993286,0.8047337532043457,0.49289005994796753
YBR101C,YDR398W,0,1.2671455,0.1421850472688675,0.8047337532043457,0.4929901957511902
YGR161C-D,YHL035C,0,1.267076,0.14216028153896332,0.8047337532043457,0.49309033155441284
YLR288C,YLR323C,0,1.2668126,0.14213551580905914,0.8047337532043457,0.4931904673576355
YPR120C,YMR035W,0,1.26653,0.14211076498031616,0.8047337532043457,0.49329060316085815
YAL028W,YPL198W,0,1.2664542,0.14208601415157318,0.8047337532043457,0.4933907389640808
YPL036W,YMR153W,0,1.2659013,0.1420612782239914,0.8047337532043457,0.49349087476730347
YIL147C,YDR098C-B,0,1.2657228,0.1420365571975708,0.8047337532043457,0.4935910403728485
YJR048W,YLR460C,0,1.2656326,0.1420118361711502,0.8047337532043457,0.49369117617607117
YBR038W,YDR007W,0,1.265486,0.1419871300458908,0.8047337532043457,0.4937913119792938
YPL221W,YIL173W,0,1.2654326,0.1419624239206314,0.8047337532043457,0.4938914477825165
YNL173C,YNL036W,0,1.2648964,0.1419377326965332,0.8047337532043457,0.49399158358573914
YOR091W,YDR365W-A,0,1.2648395,0.141913041472435,0.8047337532043457,0.4940917193889618
YLL031C,YOL103W-A,0,1.2643836,0.14188836514949799,0.8047337532043457,0.49419185519218445
YHR090C,YDR292C,0,1.2639028,0.14186370372772217,0.8047337532043457,0.4942920207977295
YKL134C,YHL026C,0,1.263448,0.14183904230594635,0.8047337532043457,0.49439215660095215
YIL068C,YDL076C,0,1.2631269,0.14181439578533173,0.8047337532043457,0.4944922924041748
YKR034W,YGR044C,0,1.2628736,0.1417897492647171,0.8047337532043457,0.49459242820739746
YNL031C,YOR335C,0,1.2627645,0.14176511764526367,0.8047337532043457,0.4946925640106201
YJR052W,YNL054W-A,0,1.2626114,0.14174048602581024,0.8047337532043457,0.4947926998138428
YNL054W-A,YDL134C,0,1.2623522,0.141715869307518,0.8047337532043457,0.49489283561706543
YER123W,YPR169W,0,1.2622656,0.14169126749038696,0.8047337532043457,0.4949930012226105
YDL081C,YOR359W,0,1.261194,0.14166666567325592,0.8047337532043457,0.49509313702583313
YLR219W,YPL022W,1,1.2607703,0.1418156623840332,0.8057199120521545,0.49509313702583313
YOR002W,YOR129C,0,1.26055,0.14179104566574097,0.8057199120521545,0.4951932728290558
YBR028C,YNL066W,0,1.259521,0.14176644384860992,0.8057199120521545,0.49529340863227844
YBR114W,YPL207W,0,1.2594068,0.14174184203147888,0.8057199120521545,0.4953935444355011
YIL106W,YPL176C,0,1.2591249,0.14171725511550903,0.8057199120521545,0.49549368023872375
YDR039C,YPL168W,0,1.2590626,0.14169268310070038,0.8057199120521545,0.4955938458442688
YEL001C,YHR157W,0,1.2586036,0.14166811108589172,0.8057199120521545,0.49569398164749146
YJR049C,YDR469W,0,1.2584623,0.14164355397224426,0.8057199120521545,0.4957941174507141
YOL012C,YBR169C,0,1.2568017,0.1416189968585968,0.8057199120521545,0.49589425325393677
YPL168W,YAL026C,0,1.2563709,0.14159445464611053,0.8057199120521545,0.4959943890571594
YDL072C,YCL039W,0,1.2546065,0.14156991243362427,0.8057199120521545,0.4960945248603821
YCR024C,YOR048C,0,1.254409,0.1415453851222992,0.8057199120521545,0.49619466066360474
YPR158W-B,YKL134C,0,1.2542908,0.14152087271213531,0.8057199120521545,0.4962948262691498
YOR264W,YDR087C,0,1.2537036,0.14149636030197144,0.8057199120521545,0.49639496207237244
YNL240C,YOR254C,0,1.2536353,0.14147186279296875,0.8057199120521545,0.4964950978755951
YCL017C,YLR131C,0,1.2536037,0.14144736528396606,0.8057199120521545,0.49659523367881775
YNL284C-B,YPR155C,0,1.2535081,0.14142288267612457,0.8057199120521545,0.4966953694820404
YBR046C,YOR157C,0,1.2530038,0.14139841496944427,0.8057199120521545,0.49679550528526306
YDR210C-D,YLR352W,0,1.2528825,0.14137394726276398,0.8057199120521545,0.4968956410884857
YMR261C,YML057W,0,1.2527658,0.14134947955608368,0.8057199120521545,0.49699580669403076
YNL137C,YDR407C,0,1.2527499,0.14132502675056458,0.8057199120521545,0.4970959424972534
YOR065W,YPR174C,0,1.2523328,0.14130058884620667,0.8057199120521545,0.4971960783004761
YDL134C,YMR035W,0,1.251975,0.14127615094184875,0.8057199120521545,0.49729621410369873
YKR027W,YER178W,0,1.2519108,0.14125172793865204,0.8057199120521545,0.4973963499069214
YHL003C,YGL194C,0,1.251632,0.14122730493545532,0.8057199120521545,0.49749648571014404
YPL061W,YFR038W,0,1.2509563,0.1412028968334198,0.8057199120521545,0.4975966215133667
YFL005W,YML052W,1,1.2501814,0.14135129749774933,0.8067061305046082,0.4975966215133667
YOR103C,YGR296W,0,1.2498522,0.1413268893957138,0.8067061305046082,0.49769678711891174
YLR060W,YFR034C,0,1.2491812,0.1413024663925171,0.8067061305046082,0.4977969229221344
YPR158W-B,YHR120W,0,1.249174,0.14127805829048157,0.8067061305046082,0.49789705872535706
YKL045W,YPR158W-B,0,1.2487047,0.14125366508960724,0.8067061305046082,0.4979971945285797
YLR044C,YDR289C,0,1.2483871,0.1412292867898941,0.8067061305046082,0.49809733033180237
YER096W,YBR082C,1,1.2480736,0.1413775235414505,0.807692289352417,0.49809733033180237
YPR008W,YGL107C,0,1.248009,0.14135313034057617,0.807692289352417,0.498197466135025
YOR049C,YNR053C,0,1.247519,0.14132873713970184,0.807692289352417,0.4982976019382477
YJL186W,YLR361C,0,1.2466308,0.14130434393882751,0.807692289352417,0.4983977675437927
YPR175W,YLR315W,0,1.245775,0.14127996563911438,0.807692289352417,0.4984979033470154
YOL012C,YLR260W,0,1.2457476,0.14125560224056244,0.807692289352417,0.49859803915023804
YGR017W,YMR125W,0,1.245668,0.1412312537431717,0.807692289352417,0.4986981749534607
YDR545W,YKR099W,0,1.2454579,0.14120689034461975,0.807692289352417,0.49879831075668335
YNL194C,YLR435W,0,1.2453437,0.1411825567483902,0.807692289352417,0.498898446559906
YAL019W,YER005W,0,1.2447717,0.14115822315216064,0.807692289352417,0.49899861216545105
YML067C,YNL081C,0,1.2446868,0.1411338895559311,0.807692289352417,0.4990987479686737
YOL055C,YLR055C,0,1.2445357,0.14110958576202393,0.807692289352417,0.49919888377189636
YMR274C,YIL068C,0,1.2442874,0.14108526706695557,0.807692289352417,0.499299019575119
YLR234W,YPL058C,0,1.2441742,0.1410609781742096,0.807692289352417,0.4993991553783417
YJL013C,YKL079W,0,1.2440132,0.14103667438030243,0.807692289352417,0.49949929118156433
YGR217W,YML127W,0,1.243879,0.14101240038871765,0.807692289352417,0.499599426984787
YML057W,YDR365W-A,0,1.2434181,0.14098812639713287,0.807692289352417,0.49969959259033203
YNR019W,YOL052C-A,0,1.2430698,0.1409638524055481,0.807692289352417,0.4997997283935547
YPL004C,YDR384C,0,1.2430112,0.1409395933151245,0.807692289352417,0.49989986419677734
YPL164C,YLR219W,1,1.2429873,0.1410873979330063,0.8086785078048706,0.49989986419677734
YER031C,YNL243W,0,1.2429053,0.1410631388425827,0.8086785078048706,0.5
YNL263C,YML081W,0,1.2425121,0.14103886485099792,0.8086785078048706,0.5001001358032227
YDR545W,YNR071C,0,1.2420486,0.14101462066173553,0.8086785078048706,0.5002002716064453
YGR254W,YFR010W,0,1.2416878,0.14099037647247314,0.8086785078048706,0.500300407409668
YOR045W,YDL211C,0,1.2412224,0.14096613228321075,0.8086785078048706,0.5004005432128906
YOL011W,YPR180W,0,1.2411058,0.14094190299510956,0.8086785078048706,0.5005006790161133
YIL156W,YMR063W,0,1.2404903,0.14091768860816956,0.8086785078048706,0.5006008148193359
YJL110C,YJL045W,0,1.2400355,0.14089347422122955,0.8086785078048706,0.5007010102272034
YJR118C,YML031W,0,1.2388482,0.14086925983428955,0.8086785078048706,0.500801146030426
YER081W,YBR028C,0,1.2388381,0.14084507524967194,0.8086785078048706,0.5009012818336487
YFR038W,YNL118C,0,1.238817,0.14082087576389313,0.8086785078048706,0.5010014176368713
YOL012C,YKL099C,0,1.2383804,0.1407967060804367,0.8086785078048706,0.501101553440094
YDL113C,YHR138C,0,1.2377635,0.14077253639698029,0.8086785078048706,0.5012016892433167
YAR033W,YKL006W,0,1.237675,0.14074836671352386,0.8086785078048706,0.5013018250465393
YKR007W,YJL098W,0,1.2376654,0.14072421193122864,0.8086785078048706,0.501401960849762
YGR040W,YCR038C,0,1.2365657,0.1407000720500946,0.8086785078048706,0.5015020966529846
YNL240C,YNL180C,0,1.2363286,0.14067593216896057,0.8086785078048706,0.5016022324562073
YAL048C,YIL037C,0,1.2363083,0.14065180718898773,0.8086785078048706,0.5017023682594299
YFR010W,YGL018C,0,1.2362854,0.1406276822090149,0.8086785078048706,0.5018025040626526
YKL026C,YBR023C,0,1.2360985,0.14060357213020325,0.8086785078048706,0.5019026398658752
YPL221W,YDL119C,0,1.2357984,0.1405794620513916,0.8086785078048706,0.5020027756690979
YER155C,YNL180C,0,1.235333,0.14055536687374115,0.8086785078048706,0.5021029710769653
YHR197W,YDR005C,0,1.2353265,0.1405312716960907,0.8086785078048706,0.502203106880188
YPR046W,YML096W,0,1.2352328,0.14050719141960144,0.8086785078048706,0.5023032426834106
YFR025C,YOR271C,0,1.2351874,0.14048312604427338,0.8086785078048706,0.5024033784866333
YDL209C,YBR121C,0,1.2348654,0.1404590606689453,0.8086785078048706,0.502503514289856
YHR122W,YLR058C,0,1.2345947,0.14043501019477844,0.8086785078048706,0.5026036500930786
YDR091C,YPR174C,0,1.234585,0.14041095972061157,0.8086785078048706,0.5027037858963013
YIL098C,YLR260W,0,1.2343538,0.1403869241476059,0.8086785078048706,0.5028039216995239
YPR097W,YPL006W,0,1.2340059,0.14036288857460022,0.8086785078048706,0.5029040575027466
YIL154C,YKL040C,0,1.2337164,0.14033886790275574,0.8086785078048706,0.5030041933059692
YKR089C,YKL114C,0,1.232879,0.14031484723091125,0.8086785078048706,0.5031043291091919
YEL027W,YNL111C,0,1.2321932,0.14029084146022797,0.8086785078048706,0.5032044649124146
YNL051W,YPL215W,0,1.2320857,0.14026685059070587,0.8086785078048706,0.5033046007156372
YFL056C,YNL081C,0,1.2314032,0.14024285972118378,0.8086785078048706,0.5034047961235046
YDR517W,YOR009W,0,1.2312663,0.14021888375282288,0.8086785078048706,0.5035049319267273
YOL009C,YML016C,0,1.2310922,0.14019490778446198,0.8086785078048706,0.50360506772995
YML085C,YOR373W,1,1.2308327,0.1403418779373169,0.8096646666526794,0.50360506772995
YLR293C,YLL067C,0,1.2307891,0.1403178870677948,0.8096646666526794,0.5037052035331726
YBR065C,YKR099W,0,1.2306749,0.1402939110994339,0.8096646666526794,0.5038053393363953
YGL189C,YFR053C,0,1.2305877,0.1402699500322342,0.8096646666526794,0.5039054751396179
YLL067C,YNL081C,0,1.2305164,0.14024598896503448,0.8096646666526794,0.5040056109428406
YJR108W,YLR337C,0,1.2305155,0.14022202789783478,0.8096646666526794,0.5041057467460632
YNL137C,YNL118C,0,1.2299752,0.14019808173179626,0.8096646666526794,0.5042058825492859
YKR096W,YCR024C,0,1.229238,0.14017415046691895,0.8096646666526794,0.5043060183525085
YKL155C,YPL233W,0,1.2284318,0.14015021920204163,0.8096646666526794,0.5044061541557312
YLR258W,YJR150C,0,1.227624,0.1401263028383255,0.8096646666526794,0.5045062899589539
YGR212W,YGL018C,0,1.2264731,0.14010238647460938,0.8096646666526794,0.5046064257621765
YPL137C,YDR545W,0,1.226135,0.14007848501205444,0.8096646666526794,0.5047065615653992
YGR161C,YGL107C,0,1.2259665,0.1400545835494995,0.8096646666526794,0.5048067569732666
YAL056W,YIL008W,0,1.2259383,0.14003069698810577,0.8096646666526794,0.5049068927764893
YBR114W,YGL111W,0,1.2258784,0.14000682532787323,0.8096646666526794,0.5050070285797119
YJL174W,YLL057C,0,1.2257723,0.13998295366764069,0.8096646666526794,0.5051071643829346
YLL024C,YOR009W,0,1.2240429,0.13995908200740814,0.8096646666526794,0.5052073001861572
YCR024C,YLL053C,0,1.2240264,0.1399352252483368,0.8096646666526794,0.5053074359893799
YPR120C,YPL139C,1,1.2240149,0.14008179306983948,0.8106508851051331,0.5053074359893799
YOR018W,YJL021C,0,1.223861,0.14005793631076813,0.8106508851051331,0.5054075717926025
YPR158W-B,YDR021W,0,1.2238066,0.14003406465053558,0.8106508851051331,0.5055077075958252
YER033C,YLR409C,0,1.2227409,0.14001022279262543,0.8106508851051331,0.5056078433990479
YGL126W,YAR033W,0,1.222563,0.13998638093471527,0.8106508851051331,0.5057079792022705
YHR006W,YNL041C,0,1.2225049,0.13996253907680511,0.8106508851051331,0.5058081150054932
YLR277C,YGL005C,0,1.222086,0.13993871212005615,0.8106508851051331,0.5059082508087158
YLR085C,YFR014C,0,1.2216306,0.13991490006446838,0.8106508851051331,0.5060083866119385
YGL093W,YKL054C,0,1.2214713,0.13989108800888062,0.8106508851051331,0.5061085224151611
YMR055C,YER060W,0,1.2211123,0.13986727595329285,0.8106508851051331,0.5062087178230286
YAL051W,YGR094W,0,1.2206305,0.13984347879886627,0.8106508851051331,0.5063088536262512
YGR078C,YHR194W,0,1.2204705,0.1398196965456009,0.8106508851051331,0.5064089894294739
YNL233W,YKL134C,0,1.2204667,0.1397959142923355,0.8106508851051331,0.5065091252326965
YLR277C,YLR037C,0,1.2201793,0.13977214694023132,0.8106508851051331,0.5066092610359192
YOL055C,YBR162C,0,1.220103,0.13974837958812714,0.8106508851051331,0.5067093968391418
YGR109W-A,YDR135C,0,1.2197052,0.13972462713718414,0.8106508851051331,0.5068095326423645
YPL215W,YIL118W,0,1.2196758,0.13970088958740234,0.8106508851051331,0.5069096684455872
YDR441C,YPR068C,0,1.2193658,0.13967715203762054,0.8106508851051331,0.5070098042488098
YBL056W,YDR381W,0,1.2191308,0.13965341448783875,0.8106508851051331,0.5071099400520325
YHR214W,YCR018C,0,1.2191151,0.13962969183921814,0.8106508851051331,0.5072100758552551
YOR351C,YIR026C,1,1.2187665,0.139775812625885,0.8116371035575867,0.5072100758552551
YDR039C,YOR009W,0,1.2186961,0.1397520750761032,0.8116371035575867,0.5073102116584778
YDR451C,YGL249W,1,1.2186852,0.1398981362581253,0.8126232624053955,0.5073102116584778
YBR038W,YBR069C,0,1.2185061,0.1398743838071823,0.8126232624053955,0.5074103474617004
YIL007C,YBL072C,0,1.2179247,0.1398506462574005,0.8126232624053955,0.5075105428695679
YDR397C,YLR058C,0,1.2171786,0.1398269087076187,0.8126232624053955,0.5076106786727905
YDL230W,YNL024C,0,1.2170525,0.1398031860589981,0.8126232624053955,0.5077108144760132
YDR386W,YIL033C,0,1.2168361,0.1397794783115387,0.8126232624053955,0.5078109502792358
YLL031C,YDR227W,0,1.2158684,0.13975577056407928,0.8126232624053955,0.5079110860824585
YPR148C,YKR072C,0,1.2155622,0.13973206281661987,0.8126232624053955,0.5080112218856812
YLR284C,YLR061W,0,1.2152362,0.13970836997032166,0.8126232624053955,0.5081113576889038
YGR109W-A,YMR125W,0,1.2150842,0.13968469202518463,0.8126232624053955,0.5082114934921265
YKR093W,YGR161C-D,0,1.2143409,0.1396610140800476,0.8126232624053955,0.5083116292953491
YGR060W,YMR072W,0,1.2142894,0.13963735103607178,0.8126232624053955,0.5084117650985718
YOR191W,YGL231C,0,1.2141973,0.13961368799209595,0.8126232624053955,0.5085119009017944
YML057W,YPR199C,0,1.2140813,0.1395900398492813,0.8126232624053955,0.5086120367050171
YLR227W-A,YPR086W,0,1.2138102,0.13956639170646667,0.8126232624053955,0.5087121725082397
YIL106W,YPL183C,0,1.213151,0.13954275846481323,0.8126232624053955,0.5088123083114624
YML045W,YFR040W,0,1.2131455,0.13951914012432098,0.8126232624053955,0.5089125037193298
YOL011W,YMR275C,0,1.2131206,0.13949550688266754,0.8126232624053955,0.5090126395225525
YBR090C-A,YDL223C,0,1.213101,0.1394719034433365,0.8126232624053955,0.5091127753257751
YMR110C,YPR131C,0,1.2129118,0.13944830000400543,0.8126232624053955,0.5092129111289978
YDR316W-B,YPL183C,0,1.212391,0.13942469656467438,0.8126232624053955,0.5093130469322205
YEL048C,YGR017W,0,1.2120855,0.1394011229276657,0.8126232624053955,0.5094131827354431
YDR200C,YNL063W,0,1.2119095,0.13937753438949585,0.8126232624053955,0.5095133185386658
YMR318C,YDR176W,0,1.2118961,0.13935396075248718,0.8126232624053955,0.5096134543418884
YPL058C,YDR244W,0,1.2113531,0.1393304020166397,0.8126232624053955,0.5097135901451111
YLR333C,YJL168C,0,1.2101557,0.13930684328079224,0.8126232624053955,0.5098137259483337
YCR018C,YPL075W,0,1.2100258,0.13928329944610596,0.8126232624053955,0.5099138617515564
YNL130C,YOR132W,0,1.2093921,0.13925975561141968,0.8126232624053955,0.510013997554779
YIL148W,YPR057W,0,1.2091322,0.1392362266778946,0.8126232624053955,0.5101141333580017
YAL068C,YIL123W,0,1.2089925,0.1392126977443695,0.8126232624053955,0.5102143287658691
YOL042W,YJL173C,0,1.2089564,0.13918918371200562,0.8126232624053955,0.5103144645690918
YLR083C,YEL019C,0,1.2088885,0.13916568458080292,0.8126232624053955,0.5104146003723145
YIL147C,YER127W,0,1.2087696,0.13914218544960022,0.8126232624053955,0.5105147361755371
YGL054C,YHL027W,1,1.2084007,0.13928751647472382,0.8136094808578491,0.5105147361755371
YBR162W-A,YGR097W,0,1.2081745,0.13926401734352112,0.8136094808578491,0.5106148719787598
YGL006W,YNL142W,0,1.2080939,0.13924050331115723,0.8136094808578491,0.5107150077819824
YLL018C-A,YHR014W,0,1.2078935,0.13921700417995453,0.8136094808578491,0.5108151435852051
YNL059C,YNL246W,0,1.2073079,0.13919351994991302,0.8136094808578491,0.5109152793884277
YGR109W-A,YKR079C,0,1.207088,0.13917003571987152,0.8136094808578491,0.5110154151916504
YMR262W,YLR363C,0,1.2067943,0.1391465663909912,0.8136094808578491,0.511115550994873
YPL168W,YLR196W,0,1.2066064,0.1391230970621109,0.8136094808578491,0.5112156867980957
YPL141C,YDR365W-A,0,1.2054743,0.13909964263439178,0.8136094808578491,0.5113158226013184
YPR017C,YKR049C,0,1.205394,0.13907620310783386,0.8136094808578491,0.511415958404541
YGL098W,YOR247W,0,1.2051971,0.13905274868011475,0.8136094808578491,0.5115160942077637
YLR451W,YOR330C,0,1.2048466,0.13902932405471802,0.8136094808578491,0.5116162896156311
YDL220C,YLR175W,0,1.2047713,0.1390058994293213,0.8136094808578491,0.5117164254188538
YNL045W,YGR161C-D,0,1.2047406,0.13898247480392456,0.8136094808578491,0.5118165612220764
YBL008W,YNR037C,0,1.204656,0.13895906507968903,0.8136094808578491,0.5119166970252991
YDR098C-A,YPL138C,0,1.2028615,0.13893567025661469,0.8136094808578491,0.5120168328285217
YKR100C,YCL044C,0,1.2028568,0.13891227543354034,0.8136094808578491,0.5121169686317444
YPL036W,YBR188C,0,1.2023385,0.1388888955116272,0.8136094808578491,0.512217104434967
YGR004W,YPL161C,0,1.2019031,0.13886551558971405,0.8136094808578491,0.5123172402381897
YBL056W,YNL194C,0,1.2014532,0.1388421356678009,0.8136094808578491,0.5124173760414124
YNL199C,YGL027C,0,1.2014083,0.13881878554821014,0.8136094808578491,0.512517511844635
YNL284C-B,YGL116W,0,1.2012011,0.1387954205274582,0.8136094808578491,0.5126176476478577
YBR114W,YEL001C,0,1.2003473,0.13877207040786743,0.8136094808578491,0.5127177834510803
YMR076C,YBR254C,0,1.2001859,0.13874873518943787,0.8136094808578491,0.512817919254303
YDL220C,YOL012C,0,1.1996765,0.1387254148721695,0.8136094808578491,0.5129181146621704
YNL054W-A,YNR037C,0,1.1996455,0.13870207965373993,0.8136094808578491,0.5130182504653931
YPR067W,YIL005W,0,1.199389,0.13867877423763275,0.8136094808578491,0.5131183862686157
YJL057C,YMR059W,0,1.1993556,0.13865546882152557,0.8136094808578491,0.5132185220718384
YHR039C,YGL194C,1,1.1991482,0.13880020380020142,0.814595639705658,0.5132185220718384
YER063W,YDR246W,0,1.1991287,0.13877688348293304,0.814595639705658,0.513318657875061
YGR032W,YAL009W,1,1.1988086,0.1389215588569641,0.8155818581581116,0.513318657875061
YMR158W,YBR060C,0,1.1987321,0.13889822363853455,0.8155818581581116,0.5134187936782837
YLL021W,YHL035C,0,1.1986839,0.13887488842010498,0.8155818581581116,0.5135189294815063
YFR047C,YGL096W,0,1.1985148,0.1388515830039978,0.8155818581581116,0.513619065284729
YGR078C,YNL036W,0,1.1975775,0.13882826268672943,0.8155818581581116,0.5137192010879517
YIR026C,YLR248W,1,1.197573,0.13897280395030975,0.8165680766105652,0.5137192010879517
YGR205W,YLR337C,0,1.1974294,0.13894948363304138,0.8165680766105652,0.5138193368911743
YDR427W,YMR015C,0,1.1972704,0.1389261782169342,0.8165680766105652,0.513919472694397
YPL138C,YMR055C,0,1.1972475,0.13890287280082703,0.8165680766105652,0.5140196084976196
YJL098W,YGL105W,0,1.1970847,0.13887956738471985,0.8165680766105652,0.5141197443008423
YER123W,YIL043C,0,1.1968615,0.13885627686977386,0.8165680766105652,0.5142198801040649
YPR131C,YGR040W,0,1.19626,0.13883300125598907,0.8165680766105652,0.5143200755119324
YBR130C,YLR323C,0,1.196013,0.13880972564220428,0.8165680766105652,0.514420211315155
YML107C,YLR118C,0,1.1959026,0.1387864500284195,0.8165680766105652,0.5145203471183777
YLR345W,YEL044W,0,1.1955814,0.1387632042169571,0.8165680766105652,0.5146204829216003
YOR193W,YJL089W,0,1.1955736,0.1387399435043335,0.8165680766105652,0.514720618724823
YNL221C,YDR359C,0,1.1951172,0.1387166976928711,0.8165680766105652,0.5148207545280457
YHL024W,YGL181W,1,1.1945661,0.13886097073554993,0.817554235458374,0.5148207545280457
YEL018W,YPL115C,0,1.1943872,0.13883771002292633,0.817554235458374,0.5149208903312683
YEL005C,YML120C,0,1.1941948,0.13881446421146393,0.817554235458374,0.515021026134491
YKR093W,YPL137C,0,1.1936128,0.13879123330116272,0.817554235458374,0.5151211619377136
YKR027W,YGL129C,0,1.1936108,0.13876798748970032,0.817554235458374,0.5152212977409363
YPL176C,YNL118C,0,1.1927394,0.1387447714805603,0.817554235458374,0.5153214335441589
YFL005W,YBL063W,0,1.1927164,0.1387215554714203,0.817554235458374,0.5154215693473816
YCL068C,YDR469W,0,1.1924611,0.13869833946228027,0.817554235458374,0.5155217051506042
YLR258W,YJL058C,0,1.191854,0.13867513835430145,0.817554235458374,0.5156218409538269
YEL039C,YPL225W,0,1.1914407,0.13865195214748383,0.817554235458374,0.5157220363616943
YBR279W,YNL036W,0,1.191184,0.1386287659406662,0.817554235458374,0.515822172164917
YGR266W,YEL032W,0,1.1911725,0.13860557973384857,0.817554235458374,0.5159223079681396
YKR078W,YGR178C,0,1.1905887,0.13858240842819214,0.817554235458374,0.5160224437713623
YML100W,YFR010W,0,1.1905677,0.1385592520236969,0.817554235458374,0.516122579574585
YDR372C,YHL026C,0,1.1889597,0.13853609561920166,0.817554235458374,0.5162227153778076
YNL038W,YGR122W,0,1.1884419,0.13851295411586761,0.817554235458374,0.5163228511810303
YBR101C,YGR030C,0,1.1881354,0.13848981261253357,0.817554235458374,0.5164229869842529
YDR213W,YHR005C,0,1.1880896,0.13846667110919952,0.817554235458374,0.5165231227874756
YOL069W,YGR060W,0,1.1877627,0.13844355940818787,0.817554235458374,0.5166232585906982
YKR100C,YNL066W,0,1.1877418,0.13842043280601501,0.817554235458374,0.5167233943939209
YOR241W,YOR258W,0,1.1875856,0.13839733600616455,0.817554235458374,0.5168235301971436
YLR143W,YDR246W,0,1.1875017,0.1383742243051529,0.817554235458374,0.5169236660003662
YNL307C,YMR190C,1,1.1874646,0.13851802051067352,0.8185404539108276,0.5169236660003662
YLR194C,YPR155C,0,1.1871681,0.13849490880966187,0.8185404539108276,0.5170238614082336
YJL013C,YIL033C,0,1.1868038,0.1384718120098114,0.8185404539108276,0.5171239972114563
YPR131C,YDR284C,0,1.1866841,0.13844870030879974,0.8185404539108276,0.517224133014679
YKL052C,YER015W,0,1.18655,0.13842561841011047,0.8185404539108276,0.5173242688179016
YAR007C,YBR160W,1,1.1860207,0.13856928050518036,0.8195266127586365,0.5173242688179016
YIL007C,YGR046W,0,1.1857284,0.1385461837053299,0.8195266127586365,0.5174244046211243
YML101C,YOR249C,0,1.1856227,0.13852308690547943,0.8195266127586365,0.5175245404243469
YMR192W,YOR316C,0,1.1855391,0.13850000500679016,0.8195266127586365,0.5176246762275696
YNL246W,YJL069C,0,1.1855018,0.1384769231081009,0.8195266127586365,0.5177248120307922
YHR158C,YOR086C,0,1.1854826,0.13845385611057281,0.8195266127586365,0.5178249478340149
YKL149C,YDR025W,0,1.1851745,0.13843078911304474,0.8195266127586365,0.5179250836372375
YIL056W,YGR055W,0,1.1845616,0.13840772211551666,0.8195266127586365,0.5180252194404602
YOL061W,YIL033C,0,1.1831858,0.13838468492031097,0.8195266127586365,0.5181253552436829
YOR091W,YKR031C,0,1.1818947,0.1383616328239441,0.8195266127586365,0.5182254910469055
YDR490C,YNR052C,0,1.1818497,0.1383386105298996,0.8195266127586365,0.5183256268501282
YHR111W,YDL124W,0,1.1817651,0.1383155733346939,0.8195266127586365,0.5184258222579956
YPL001W,YPL235W,0,1.1817169,0.1382925659418106,0.8195266127586365,0.5185259580612183
YPL138C,YJL162C,0,1.1806263,0.1382695436477661,0.8195266127586365,0.5186260938644409
YHR108W,YIL062C,0,1.1804409,0.138246551156044,0.8195266127586365,0.5187262296676636
YDR098C-B,YCR005C,0,1.1803558,0.1382235586643219,0.8195266127586365,0.5188263654708862
YDR204W,YJL035C,0,1.1797392,0.1382005661725998,0.8195266127586365,0.5189265012741089
YOL121C,YDR528W,0,1.1797137,0.13817758858203888,0.8195266127586365,0.5190266370773315
YMR076C,YOL023W,0,1.1794626,0.13815461099147797,0.8195266127586365,0.5191267728805542
YJR150C,YKR085C,0,1.1786755,0.13813164830207825,0.8195266127586365,0.5192269086837769
YDR280W,YDL135C,0,1.1785812,0.13810868561267853,0.8195266127586365,0.5193270444869995
YMR192W,YLR006C,0,1.1785247,0.13808573782444,0.8195266127586365,0.5194271802902222
YKL141W,YAL056W,0,1.1782782,0.13806280493736267,0.8195266127586365,0.5195273160934448
YOR264W,YOR372C,0,1.1782284,0.13803987205028534,0.8195266127586365,0.5196274518966675
YHL017W,YPL116W,0,1.1780428,0.138016939163208,0.8195266127586365,0.5197276473045349
YNL243W,YOR101W,0,1.1778084,0.13799402117729187,0.8195266127586365,0.5198277831077576
YKR075C,YLR115W,0,1.1777236,0.13797111809253693,0.8195266127586365,0.5199279189109802
YOR034C,YLR361C,0,1.1776282,0.1379482001066208,0.8195266127586365,0.5200280547142029
YIL014W,YKL032C,0,1.1772766,0.13792531192302704,0.8195266127586365,0.5201281905174255
YDR098C-A,YKR075C,0,1.1770421,0.1379024237394333,0.8195266127586365,0.5202283263206482
YGL006W,YJL173C,0,1.1768987,0.13787953555583954,0.8195266127586365,0.5203284621238708
YDR204W,YOL032W,0,1.1768328,0.13785666227340698,0.8195266127586365,0.5204285979270935
YNL284C-B,YDR129C,0,1.1768118,0.13783380389213562,0.8195266127586365,0.5205287337303162
YMR015C,YHR024C,0,1.1764262,0.13781094551086426,0.8195266127586365,0.5206288695335388
YPR057W,YDL134C,0,1.1762738,0.1377881020307541,0.8195266127586365,0.5207290053367615
YHL028W,YIL033C,0,1.1761572,0.13776525855064392,0.8195266127586365,0.5208291411399841
YNL145W,YLR052W,0,1.1755811,0.13774241507053375,0.8195266127586365,0.5209292769432068
YMR306W,YOR230W,1,1.1755795,0.13788531720638275,0.8205128312110901,0.5209292769432068
YBR086C,YHR154W,0,1.1743897,0.13786247372627258,0.8205128312110901,0.5210294127464294
YPL145C,YBR094W,0,1.1742074,0.13783963024616241,0.8205128312110901,0.5211296081542969
YLR417W,YPR120C,0,1.1741621,0.13781680166721344,0.8205128312110901,0.5212297439575195
YDR384C,YKR083C,0,1.173329,0.13779397308826447,0.8205128312110901,0.5213298797607422
YOR258W,YAL026C,0,1.1730479,0.13777115941047668,0.8205128312110901,0.5214300155639648
YGL243W,YBL038W,0,1.1729583,0.1377483457326889,0.8205128312110901,0.5215301513671875
YOL096C,YML031W,0,1.1720817,0.13772554695606232,0.8205128312110901,0.5216302871704102
YNL054W-A,YKL192C,0,1.1720104,0.13770274817943573,0.8205128312110901,0.5217304229736328
YLR196W,YAL051W,0,1.1718951,0.13767996430397034,0.8205128312110901,0.5218305587768555
YHL017W,YGR208W,0,1.171751,0.13765718042850494,0.8205128312110901,0.5219306945800781
YOR090C,YIL033C,0,1.1717017,0.13763441145420074,0.8205128312110901,0.5220308303833008
YJL174W,YGR129W,0,1.1699126,0.13761164247989655,0.8205128312110901,0.5221309661865234
YLR118C,YLR194C,0,1.169794,0.13758888840675354,0.8205128312110901,0.5222311019897461
YPL225W,YOR110W,0,1.1695769,0.13756613433361053,0.8205128312110901,0.5223312377929688
YGL073W,YFR014C,0,1.1695254,0.13754339516162872,0.8205128312110901,0.5224314332008362
YOR252W,YJR084W,0,1.1692843,0.1375206559896469,0.8205128312110901,0.5225315690040588
YPR067W,YPR086W,0,1.1687734,0.1374979317188263,0.8205128312110901,0.5226317048072815
YLR277C,YGL006W,0,1.1686811,0.13747520744800568,0.8205128312110901,0.5227318406105042
YCR035C,YNL251C,0,1.167835,0.13745249807834625,0.8205128312110901,0.5228319764137268
YDR345C,YGR004W,0,1.1678131,0.13742980360984802,0.8205128312110901,0.5229321122169495
YER123W,YPR174C,0,1.1678027,0.1374070942401886,0.8205128312110901,0.5230322480201721
YOL121C,YKL032C,0,1.1675571,0.13738441467285156,0.8205128312110901,0.5231323838233948
YGL243W,YBR107C,0,1.1673315,0.13736173510551453,0.8205128312110901,0.5232325196266174
YHR009C,YNL094W,0,1.1671982,0.1373390555381775,0.8205128312110901,0.5233326554298401
YIL013C,YCL039W,0,1.1671795,0.13731639087200165,0.8205128312110901,0.5234327912330627
YOR172W,YNL076W,0,1.166297,0.1372937262058258,0.8205128312110901,0.5235329270362854
YOR383C,YGR253C,0,1.1657307,0.13727107644081116,0.8205128312110901,0.5236330628395081
YFL005W,YHR139C,1,1.164896,0.1374133974313736,0.8214989900588989,0.5236330628395081
YMR230W,YNL076W,0,1.1648911,0.13739073276519775,0.8214989900588989,0.5237331986427307
YLR390W-A,YJL173C,0,1.1646672,0.1373680680990219,0.8214989900588989,0.5238333940505981
YBR078W,YKL005C,0,1.1646546,0.13734541833400726,0.8214989900588989,0.5239335298538208
YDR430C,YKL060C,0,1.1645585,0.1373227834701538,0.8214989900588989,0.5240336656570435
YPR173C,YOL103W-A,0,1.1644902,0.13730014860630035,0.8214989900588989,0.5241338014602661
YNL307C,YGR109C,1,1.1642606,0.13744232058525085,0.8224852085113525,0.5241338014602661
YBR109C,YOR019W,0,1.1628344,0.1374196708202362,0.8224852085113525,0.5242339372634888
YJL212C,YIL137C,0,1.1625249,0.13739703595638275,0.8224852085113525,0.5243340730667114
YER023W,YGR161C-D,0,1.1622949,0.1373744010925293,0.8224852085113525,0.5244342088699341
YML045W,YKR088C,0,1.1621869,0.13735178112983704,0.8224852085113525,0.5245343446731567
YER005W,YER108C,0,1.1619319,0.13732916116714478,0.8224852085113525,0.5246344804763794
YDL105W,YPR034W,0,1.1613579,0.1373065561056137,0.8224852085113525,0.524734616279602
YDR027C,YML032C,1,1.1613246,0.13744856417179108,0.8234714269638062,0.524734616279602
YLR085C,YOR266W,0,1.1612604,0.13742594420909882,0.8234714269638062,0.5248347520828247
YPL137C,YHR214C-C,0,1.1594951,0.13740332424640656,0.8234714269638062,0.5249348878860474
YKR088C,YPR100W,0,1.1593561,0.1373807191848755,0.8234714269638062,0.52503502368927
YML133C,YNL130C,0,1.1586678,0.13735811412334442,0.8234714269638062,0.5251351594924927
YKL141W,YHR169W,0,1.1585486,0.13733552396297455,0.8234714269638062,0.5252353549003601
YMR167W,YPL055C,1,1.1582563,0.13747738301753998,0.824457585811615,0.5252353549003601
YGR212W,YDR365W-A,0,1.1579034,0.1374547779560089,0.824457585811615,0.5253354907035828
YHR009C,YGR161W-A,0,1.1576147,0.13743218779563904,0.824457585811615,0.5254356265068054
YGL058W,YPR105C,0,1.1575146,0.13740959763526917,0.824457585811615,0.5255357623100281
YDL235C,YPL133C,0,1.1572977,0.13738702237606049,0.824457585811615,0.5256358981132507
YOR065W,YJR054W,0,1.1572628,0.1373644471168518,0.824457585811615,0.5257360339164734
YLR102C,YJL001W,0,1.1563909,0.13734187185764313,0.824457585811615,0.525836169719696
YBR248C,YKL155C,0,1.1561494,0.13731931149959564,0.824457585811615,0.5259363055229187
YOR192C,YLR052W,0,1.1561159,0.13729676604270935,0.824457585811615,0.5260364413261414
YKR053C,YBL038W,0,1.1560631,0.13727422058582306,0.824457585811615,0.526136577129364
YIL013C,YGR178C,0,1.1554184,0.13725169003009796,0.824457585811615,0.5262367129325867
YLR193C,YNL246W,0,1.1550277,0.13722915947437286,0.824457585811615,0.5263368487358093
YJL162C,YER178W,0,1.1547712,0.13720662891864777,0.824457585811615,0.526436984539032
YMR041C,YOR272W,0,1.1545472,0.13718411326408386,0.824457585811615,0.5265371799468994
YHR035W,YIL069C,0,1.1543422,0.13716161251068115,0.824457585811615,0.5266373157501221
YDR100W,YDL149W,0,1.1538128,0.13713911175727844,0.824457585811615,0.5267374515533447
YAL002W,YER139C,0,1.1535876,0.13711661100387573,0.824457585811615,0.5268375873565674
YOL023W,YPR034W,0,1.15356,0.13709412515163422,0.824457585811615,0.52693772315979
YPR175W,YDR175C,0,1.1523482,0.1370716542005539,0.824457585811615,0.5270378589630127
YPR128C,YNL036W,0,1.1521523,0.13704918324947357,0.824457585811615,0.5271379947662354
YJL098W,YOL116W,0,1.151765,0.13702671229839325,0.824457585811615,0.527238130569458
YKL039W,YDL117W,0,1.1512289,0.13700425624847412,0.824457585811615,0.5273382663726807
YFR024C-A,YOR011W,0,1.1509025,0.1369818150997162,0.824457585811615,0.5274384021759033
YJL094C,YMR275C,0,1.1508534,0.13695937395095825,0.824457585811615,0.527538537979126
YCR024C,YOL103W-A,0,1.1508346,0.13693693280220032,0.824457585811615,0.5276386737823486
YML101C,YMR074C,0,1.1508111,0.13691450655460358,0.824457585811615,0.5277388095855713
YIL037C,YDR234W,0,1.1507049,0.13689209520816803,0.824457585811615,0.527838945388794
YLL039C,YMR079W,1,1.1500193,0.1370334029197693,0.8254438042640686,0.527838945388794
YBR114W,YER139C,0,1.1499802,0.13701096177101135,0.8254438042640686,0.5279391407966614
YNL051W,YLR451W,0,1.1497499,0.1369885504245758,0.8254438042640686,0.528039276599884
YNL284C-B,YIL038C,0,1.1495721,0.13696612417697906,0.8254438042640686,0.5281394124031067
YLR227W-A,YCR106W,0,1.1488492,0.13694371283054352,0.8254438042640686,0.5282395482063293
YNL038W,YBR131W,0,1.148773,0.13692131638526917,0.8254438042640686,0.528339684009552
YIL038C,YMR177W,0,1.148768,0.1368989199399948,0.8254438042640686,0.5284398198127747
YBL056W,YFR024C,0,1.1481276,0.13687653839588165,0.8254438042640686,0.5285399556159973
YGR109W-A,YIL173W,0,1.1478853,0.1368541568517685,0.8254438042640686,0.52864009141922
YPL138C,YLR382C,0,1.1473334,0.13683177530765533,0.8254438042640686,0.5287402272224426
YIL017W,YHL027W,1,1.1470034,0.13697285950183868,0.8264299631118774,0.5287402272224426
YDR023W,YLR092W,0,1.1465887,0.13695047795772552,0.8264299631118774,0.5288403630256653
YLR001C,YPL117C,0,1.146028,0.13692811131477356,0.8264299631118774,0.5289404988288879
YPL156C,YBL025W,0,1.1457425,0.1369057297706604,0.8264299631118774,0.5290406346321106
YHR103W,YPL120W,0,1.1455758,0.13688337802886963,0.8264299631118774,0.5291407704353333
YGR205W,YDR381W,0,1.1452491,0.13686101138591766,0.8264299631118774,0.5292409658432007
YOL009C,YNR024W,0,1.1447109,0.13683867454528809,0.8264299631118774,0.5293411016464233
YHR103W,YGL064C,0,1.1442364,0.13681632280349731,0.8264299631118774,0.529441237449646
YDR386W,YDR512C,1,1.1427402,0.13695722818374634,0.827416181564331,0.529441237449646
YDL220C,YNL054W-A,0,1.1422228,0.13693487644195557,0.827416181564331,0.5295413732528687
YOR338W,YIL017W,1,1.1421028,0.13707572221755981,0.8284023404121399,0.5295413732528687
YLR102C,YGR138C,0,1.1418775,0.13705335557460785,0.8284023404121399,0.5296415090560913
YKR034W,YLR175W,0,1.1418253,0.13703098893165588,0.8284023404121399,0.529741644859314
YDR406W,YFR053C,0,1.1415142,0.1370086371898651,0.8284023404121399,0.5298417806625366
YPL056C,YIL043C,0,1.1412044,0.13698630034923553,0.8284023404121399,0.5299419164657593
YGR109W-A,YER038C,0,1.1410995,0.13696396350860596,0.8284023404121399,0.5300420522689819
YLR143W,YDR365W-A,0,1.140676,0.13694164156913757,0.8284023404121399,0.5301421880722046
YCR106W,YKR052C,0,1.1404924,0.1369193196296692,0.8284023404121399,0.5302423238754272
YKL062W,YDR397C,0,1.1401505,0.1368969976902008,0.8284023404121399,0.5303424596786499
YLL067C,YOL051W,0,1.1401494,0.13687469065189362,0.8284023404121399,0.5304425954818726
YDR545W,YDR268W,0,1.1399009,0.13685239851474762,0.8284023404121399,0.5305427312850952
YOR032C,YKL077W,0,1.1393027,0.13683010637760162,0.8284023404121399,0.5306429266929626
YDR328C,YGR161C-D,0,1.1390362,0.13680781424045563,0.8284023404121399,0.5307430624961853
YNL025C,YER081W,0,1.138708,0.13678553700447083,0.8284023404121399,0.530843198299408
YLL021W,YPL097W,0,1.1385536,0.13676327466964722,0.8284023404121399,0.5309433341026306
YIL053W,YIL153W,0,1.138509,0.1367410123348236,0.8284023404121399,0.5310434699058533
YJR042W,YMR207C,0,1.1381371,0.13671875,0.8284023404121399,0.5311436057090759
YER133W,YIL099W,1,1.1381056,0.1368592381477356,0.8293885588645935,0.5311436057090759
YLR347C,YOR266W,0,1.1378493,0.1368369609117508,0.8293885588645935,0.5312437415122986
YLR227W-A,YMR105C,0,1.1377991,0.13681471347808838,0.8293885588645935,0.5313438773155212
YJR073C,YHL006C,0,1.1374127,0.13679245114326477,0.8293885588645935,0.5314440131187439
YCL051W,YDR268W,0,1.1369475,0.13677020370960236,0.8293885588645935,0.5315441489219666
YFL005W,YBR248C,0,1.1368184,0.13674797117710114,0.8293885588645935,0.5316442847251892
YNL183C,YLL066C,0,1.136328,0.13672573864459991,0.8293885588645935,0.5317444205284119
YGR181W,YGL053W,0,1.1358404,0.1367035061120987,0.8293885588645935,0.5318445563316345
YDR178W,YPL036W,0,1.1353992,0.13668128848075867,0.8293885588645935,0.531944751739502
YHR214C-C,YNL130C,0,1.1352967,0.13665908575057983,0.8293885588645935,0.5320448875427246
YGR266W,YDL087C,0,1.1345996,0.136636883020401,0.8293885588645935,0.5321450233459473
YPR161C,YDL105W,0,1.1344249,0.13661468029022217,0.8293885588645935,0.5322451591491699
YHR035W,YJL180C,0,1.1340677,0.13659249246120453,0.8293885588645935,0.5323452949523926
YDR367W,YBR162C,0,1.134062,0.13657031953334808,0.8293885588645935,0.5324454307556152
YPL043W,YHR201C,0,1.1336324,0.13654814660549164,0.8293885588645935,0.5325455665588379
YIL098C,YGL058W,0,1.1333654,0.1365259736776352,0.8293885588645935,0.5326457023620605
YDR367W,YCR021C,0,1.1326938,0.13650381565093994,0.8293885588645935,0.5327458381652832
YLR196W,YBR023C,0,1.1323621,0.1364816576242447,0.8293885588645935,0.5328459739685059
YCL001W,YPL156C,0,1.1319981,0.13645951449871063,0.8293885588645935,0.5329461097717285
YHR006W,YLR181C,0,1.131468,0.13643737137317657,0.8293885588645935,0.5330462455749512
YHL017W,YJL003W,0,1.1312423,0.1364152431488037,0.8293885588645935,0.5331463813781738
YKL051W,YER129W,0,1.1312366,0.13639312982559204,0.8293885588645935,0.5332465171813965
YPL056C,YHL011C,0,1.1311747,0.13637100160121918,0.8293885588645935,0.5333467125892639
YPL138C,YJL168C,0,1.1310301,0.1363489031791687,0.8293885588645935,0.5334468483924866
YER102W,YEL044W,0,1.1306391,0.13632678985595703,0.8293885588645935,0.5335469841957092
YGR057C,YPL063W,0,1.1300817,0.13630470633506775,0.8293885588645935,0.5336471199989319
YNL318C,YOL052C-A,0,1.1293582,0.13628260791301727,0.8293885588645935,0.5337472558021545
YKL134C,YGL085W,0,1.1291254,0.136260524392128,0.8293885588645935,0.5338473916053772
YFL056C,YAR033W,0,1.1288449,0.1362384557723999,0.8293885588645935,0.5339475274085999
YFR024C,YPR007C,0,1.128782,0.13621638715267181,0.8293885588645935,0.5340476632118225
YOR157C,YLR001C,0,1.1286498,0.13619433343410492,0.8293885588645935,0.5341477990150452
YDL243C,YKR079C,0,1.1276095,0.13617227971553802,0.8293885588645935,0.5342479348182678
YOR049C,YOL012C,0,1.1274867,0.13615024089813232,0.8293885588645935,0.5343480706214905
YLL014W,YER071C,0,1.1273195,0.13612820208072662,0.8293885588645935,0.5344482064247131
YPR158W-B,YIL037C,0,1.127319,0.13610616326332092,0.8293885588645935,0.5345483422279358
YGR044C,YGL111W,0,1.1266351,0.13608413934707642,0.8293885588645935,0.5346485376358032
YIR031C,YGL219C,0,1.1261903,0.1360621303319931,0.8293885588645935,0.5347486734390259
YHR204W,YKL087C,0,1.1246116,0.1360401213169098,0.8293885588645935,0.5348488092422485
YOL055C,YPR067W,0,1.1244907,0.13601811230182648,0.8293885588645935,0.5349489450454712
YKL006C-A,YKL054C,0,1.1239944,0.13599611818790436,0.8293885588645935,0.5350490808486938
YDR096W,YFL033C,1,1.123928,0.13613581657409668,0.8303747773170471,0.5350490808486938
YLL018C-A,YPL010W,0,1.1238883,0.13611380755901337,0.8303747773170471,0.5351492166519165
YML085C,YLL040C,1,1.1236231,0.13625343143939972,0.831360936164856,0.5351492166519165
YPL173W,YKL099C,0,1.1230633,0.1362314224243164,0.831360936164856,0.5352493524551392
YKR027W,YOR048C,0,1.1224024,0.1362093985080719,0.831360936164856,0.5353494882583618
YKL149C,YOR260W,0,1.121209,0.13618740439414978,0.831360936164856,0.5354496240615845
YML133C,YDR381W,0,1.120442,0.13616539537906647,0.831360936164856,0.5355497598648071
YMR232W,YGR161W-A,0,1.1202707,0.13614341616630554,0.831360936164856,0.5356498956680298
YKR096W,YBL051C,0,1.120071,0.13612142205238342,0.831360936164856,0.5357500314712524
YGR080W,YJL208C,0,1.119987,0.1360994577407837,0.831360936164856,0.5358501672744751
YFR024C,YBR272C,0,1.1197934,0.13607747852802277,0.831360936164856,0.5359503030776978
YDL100C,YDL209C,0,1.1196759,0.13605551421642303,0.831360936164856,0.5360504984855652
YGL231C,YOR109W,0,1.1195662,0.1360335648059845,0.831360936164856,0.5361506342887878
YIL068C,YKR052C,0,1.1195467,0.13601161539554596,0.831360936164856,0.5362507700920105
YJR150C,YGL116W,0,1.1190907,0.13598968088626862,0.831360936164856,0.5363509058952332
YLR085C,YOR254C,0,1.1184087,0.13596774637699127,0.831360936164856,0.5364510416984558
YJL162C,YDR098C,0,1.11802,0.13594581186771393,0.831360936164856,0.5365511775016785
YDL117W,YHL026C,0,1.117999,0.13592389225959778,0.831360936164856,0.5366513133049011
YGR004W,YDR284C,0,1.1178042,0.13590198755264282,0.831360936164856,0.5367514491081238
YER062C,YDL243C,0,1.1174748,0.13588008284568787,0.831360936164856,0.5368515849113464
YJL216C,YOR271C,0,1.1174579,0.1358581781387329,0.831360936164856,0.5369517207145691
YEL032W,YDL087C,0,1.1166253,0.13583628833293915,0.831360936164856,0.5370518565177917
YGR212W,YMR040W,0,1.116324,0.13581439852714539,0.831360936164856,0.5371519923210144
YPL146C,YBL008W,0,1.1163168,0.13579252362251282,0.831360936164856,0.5372521281242371
YNL130C,YNL176C,0,1.1162531,0.13577064871788025,0.831360936164856,0.5373522639274597
YNL284C-B,YDL139C,0,1.1159146,0.13574878871440887,0.831360936164856,0.5374524593353271
YML098W,YPR174C,0,1.115853,0.1357269287109375,0.831360936164856,0.5375525951385498
YDR235W,YER129W,0,1.1155282,0.13570508360862732,0.831360936164856,0.5376527309417725
YIL014W,YMR177W,0,1.1153082,0.13568323850631714,0.831360936164856,0.5377528667449951
YNL167C,YJL208C,0,1.1151423,0.13566140830516815,0.831360936164856,0.5378530025482178
YBL063W,YBL091C,0,1.1144214,0.13563957810401917,0.831360936164856,0.5379531383514404
YNL145W,YBR189W,0,1.114185,0.13561776280403137,0.831360936164856,0.5380532741546631
YMR076C,YER159C,0,1.1139745,0.13559594750404358,0.831360936164856,0.5381534099578857
YFR027W,YBR191W,0,1.1129055,0.1355741322040558,0.831360936164856,0.5382535457611084
YGR181W,YBR114W,0,1.1126742,0.13555234670639038,0.831360936164856,0.538353681564331
YOR380W,YDR471W,0,1.1122199,0.13553054630756378,0.831360936164856,0.5384538173675537
YJR117W,YOL052C-A,0,1.1121788,0.13550876080989838,0.831360936164856,0.5385539531707764
YAL026C,YPL161C,0,1.1116648,0.13548697531223297,0.831360936164856,0.538654088973999
YNL054W-A,YDR438W,0,1.1112089,0.13546520471572876,0.831360936164856,0.5387542843818665
YBL051C,YNR053C,0,1.1110213,0.13544344902038574,0.831360936164856,0.5388544201850891
YDR210C-D,YLL024C,0,1.1107721,0.13542169332504272,0.831360936164856,0.5389545559883118
YOR363C,YDR309C,0,1.1102854,0.1353999376296997,0.831360936164856,0.5390546917915344
YFR010W,YPL233W,0,1.110235,0.13537819683551788,0.831360936164856,0.5391548275947571
YHL017W,YDR359C,0,1.1092784,0.13535645604133606,0.831360936164856,0.5392549633979797
YFR024C-A,YKR031C,0,1.1092076,0.13533473014831543,0.831360936164856,0.5393550992012024
YLL021W,YKR095W,0,1.1092021,0.1353130042552948,0.831360936164856,0.539455235004425
YDR328C,YER143W,0,1.1090313,0.13529127836227417,0.831360936164856,0.5395553708076477
YJR132W,YCL012W,0,1.1087469,0.13526958227157593,0.831360936164856,0.5396555066108704
YLR324W,YIL167W,0,1.1085815,0.1352478712797165,0.831360936164856,0.539755642414093
YLR023C,YOR195W,0,1.1077248,0.13522617518901825,0.831360936164856,0.5398557782173157
YDR468C,YJL083W,0,1.107554,0.1352044939994812,0.831360936164856,0.5399559140205383
YML101C,YNL066W,0,1.1062263,0.13518281280994415,0.831360936164856,0.540056049823761
YHR205W,YHL031C,0,1.1058394,0.1351611316204071,0.831360936164856,0.5401562452316284
YCR002C,YIL112W,1,1.1055427,0.13529977202415466,0.8323471546173096,0.5401562452316284
YGL016W,YPR174C,0,1.1049029,0.13527809083461761,0.8323471546173096,0.5402563810348511
YPR158W-B,YNL318C,0,1.1048672,0.13525640964508057,0.8323471546173096,0.5403565168380737
YNL214W,YOR272W,0,1.1044219,0.1352347433567047,0.8323471546173096,0.5404566526412964
YLR324W,YCR106W,0,1.1041011,0.13521307706832886,0.8323471546173096,0.540556788444519
YHL025W,YKL005C,0,1.1039615,0.135191410779953,0.8323471546173096,0.5406569242477417
YPR158W-B,YNL278W,0,1.103922,0.13516975939273834,0.8323471546173096,0.5407570600509644
YPL173W,YGR083C,0,1.1038151,0.13514812290668488,0.8323471546173096,0.540857195854187
YDR367W,YDR135C,0,1.1035737,0.1351264864206314,0.8323471546173096,0.5409573316574097
YML101C,YNL246W,0,1.1034325,0.13510484993457794,0.8323471546173096,0.5410574674606323
YDL124W,YGL116W,0,1.1032734,0.13508322834968567,0.8323471546173096,0.541157603263855
YPL141C,YGR266W,0,1.1031415,0.1350616067647934,0.8323471546173096,0.5412577390670776
YGL061C,YOR260W,0,1.1029987,0.13504000008106232,0.8323471546173096,0.5413578748703003
YHL006C,YJR054W,0,1.1028464,0.13501839339733124,0.8323471546173096,0.5414580702781677
YMR149W,YDR179C,0,1.1024989,0.13499680161476135,0.8323471546173096,0.5415582060813904
YNR030W,YNR037C,0,1.1024529,0.13497520983219147,0.8323471546173096,0.541658341884613
YHR152W,YDR512C,1,1.1022551,0.13511352241039276,0.8333333134651184,0.541658341884613
YGR205W,YDR005C,0,1.102145,0.13509193062782288,0.8333333134651184,0.5417584776878357
YIL068C,YDR268W,0,1.1020961,0.135070338845253,0.8333333134651184,0.5418586134910583
YGL189C,YEL048C,0,1.1019827,0.1350487470626831,0.8333333134651184,0.541958749294281
YCR016W,YBR090C-A,0,1.1017716,0.13502717018127441,0.8333333134651184,0.5420588850975037
YMR063W,YDR343C,0,1.1017561,0.13500559329986572,0.8333333134651184,0.5421590209007263
YFR047C,YOR019W,0,1.1011355,0.13498403131961823,0.8333333134651184,0.542259156703949
YBR015C,YNL123W,0,1.1008644,0.13496246933937073,0.8333333134651184,0.5423592925071716
YBR279W,YBL100W-B,0,1.1008494,0.13494090735912323,0.8333333134651184,0.5424594283103943
YGR161W-A,YNL181W,0,1.1002511,0.13491936028003693,0.8333333134651184,0.5425595641136169
YGR099W,YDR407C,0,1.1001794,0.13489782810211182,0.8333333134651184,0.5426596999168396
YIL098C,YHL003C,0,1.1000972,0.1348762959241867,0.8333333134651184,0.5427598357200623
YHR210C,YJL083W,0,1.099796,0.1348547786474228,0.8333333134651184,0.5428600311279297
YKR007W,YGR138C,0,1.0983913,0.13483324646949768,0.8333333134651184,0.5429601669311523
YOL055C,YDR268W,0,1.0982411,0.13481174409389496,0.8333333134651184,0.543060302734375
YNL312W,YOR230W,1,1.0982115,0.13494975864887238,0.834319531917572,0.543060302734375
YML092C,YOR249C,0,1.098181,0.13492822647094727,0.834319531917572,0.5431604385375977
YMR220W,YJL196C,0,1.0981039,0.13490670919418335,0.834319531917572,0.5432605743408203
YDL189W,YDR004W,0,1.0978969,0.13488520681858063,0.834319531917572,0.543360710144043
YBL008W,YPL117C,0,1.0978512,0.1348637044429779,0.834319531917572,0.5434608459472656
YDR097C,YFL037W,1,1.0973599,0.13500159978866577,0.8353056907653809,0.5434608459472656
YKR064W,YHR150W,0,1.0973295,0.13498008251190186,0.8353056907653809,0.5435609817504883
YIL037C,YDR025W,0,1.0972021,0.13495856523513794,0.8353056907653809,0.5436611175537109
YLR333C,YER023W,0,1.0970304,0.1349370777606964,0.8353056907653809,0.5437612533569336
YGR178C,YNR037C,0,1.096874,0.1349155753850937,0.8353056907653809,0.5438613891601562
YGL006W,YDL243C,0,1.0964727,0.13489408791065216,0.8353056907653809,0.5439615249633789
YHR111W,YKR031C,0,1.0956851,0.13487261533737183,0.8353056907653809,0.5440616607666016
YKL134C,YEL044W,0,1.0955088,0.1348511427640915,0.8353056907653809,0.544161856174469
YKR077W,YPL097W,0,1.0953746,0.13482967019081116,0.8353056907653809,0.5442619919776917
YOL020W,YGR266W,0,1.0944567,0.13480821251869202,0.8353056907653809,0.5443621277809143
YDR471W,YKR083C,0,1.0941355,0.13478675484657288,0.8353056907653809,0.544462263584137
YDR080W,YNR053C,0,1.093601,0.13476531207561493,0.8353056907653809,0.5445623993873596
YPL235W,YLR263W,0,1.0934949,0.13474386930465698,0.8353056907653809,0.5446625351905823
YDR471W,YNL318C,0,1.0932755,0.13472244143486023,0.8353056907653809,0.5447626709938049
YLR258W,YOR320C,0,1.0932163,0.13470101356506348,0.8353056907653809,0.5448628067970276
YAL056W,YIL038C,0,1.09301,0.13467960059642792,0.8353056907653809,0.5449629426002502
YPL013C,YER005W,0,1.0929496,0.13465818762779236,0.8353056907653809,0.5450630784034729
YCL017C,YDR471W,0,1.0925754,0.134636789560318,0.8353056907653809,0.5451632142066956
YDR392W,YER133W,1,1.0921988,0.134774312376976,0.8362919092178345,0.5451632142066956
YFL005W,YLR394W,1,1.0916754,0.13491180539131165,0.8372781276702881,0.5451632142066956
YOR363C,YLR299W,0,1.0914543,0.1348903775215149,0.8372781276702881,0.5452633500099182
YDL029W,YBR107C,1,1.0911517,0.13502779603004456,0.8382642865180969,0.5452633500099182
YPL233W,YNL118C,0,1.0908456,0.1350063532590866,0.8382642865180969,0.5453634858131409
YLR093C,YHR080C,0,1.090761,0.13498491048812866,0.8382642865180969,0.5454636216163635
YGR109W-A,YML016C,0,1.0906541,0.1349634826183319,0.8382642865180969,0.545563817024231
YCL017C,YDR328C,0,1.0906438,0.13494205474853516,0.8382642865180969,0.5456639528274536
YGL158W,YML128C,1,1.089909,0.13507936894893646,0.8392505049705505,0.5456639528274536
YPR169W,YNR071C,0,1.0896993,0.13505792617797852,0.8392505049705505,0.5457640886306763
YKR100C,YPL013C,0,1.0889764,0.13503649830818176,0.8392505049705505,0.5458642244338989
YGL127C,YDR285W,1,1.0888846,0.1351737231016159,0.8402366638183594,0.5458642244338989
YDR398W,YMR015C,0,1.0888144,0.13515228033065796,0.8402366638183594,0.5459643602371216
YBR054W,YBR218C,0,1.0888023,0.1351308524608612,0.8402366638183594,0.5460644960403442
YER014W,YGL226W,0,1.0887473,0.13510942459106445,0.8402366638183594,0.5461646318435669
YHR169W,YKL149C,0,1.0887222,0.1350879967212677,0.8402366638183594,0.5462647676467896
YHR096C,YBR090C-A,0,1.0886713,0.13506658375263214,0.8402366638183594,0.5463649034500122
YLR248W,YJL168C,1,1.0885715,0.13520367443561554,0.841222882270813,0.5463649034500122
YAL059W,YEL006W,0,1.0885626,0.1351822465658188,0.841222882270813,0.5464650392532349
YDR361C,YGL049C,0,1.088521,0.13516083359718323,0.841222882270813,0.5465651750564575
YIR019C,YML016C,0,1.0880183,0.13513942062854767,0.841222882270813,0.5466653108596802
YLR044C,YMR183C,0,1.0877581,0.1351180076599121,0.841222882270813,0.5467654466629028
YLR102C,YJR049C,0,1.0877001,0.13509660959243774,0.841222882270813,0.5468655824661255
YNL251C,YER005W,0,1.0872371,0.13507521152496338,0.841222882270813,0.5469657778739929
YOR249C,YHL025W,0,1.0865786,0.1350538283586502,0.841222882270813,0.5470659136772156
YDR127W,YMR243C,0,1.0863606,0.13503244519233704,0.841222882270813,0.5471660494804382
YNL156C,YFR025C,0,1.0863545,0.13501107692718506,0.841222882270813,0.5472661852836609
YKL026C,YBR254C,0,1.0860016,0.13498970866203308,0.841222882270813,0.5473663210868835
YDR441C,YDR217C,0,1.085862,0.1349683552980423,0.841222882270813,0.5474664568901062
YBR114W,YEL044W,0,1.0855826,0.1349470019340515,0.841222882270813,0.5475665926933289
YEL005C,YPL215W,0,1.0847981,0.13492566347122192,0.841222882270813,0.5476667284965515
YEL048C,YOR359W,0,1.0847847,0.13490432500839233,0.841222882270813,0.5477668642997742
YOL009C,YNL076W,0,1.0847654,0.13488298654556274,0.841222882270813,0.5478670001029968
YGR057C,YDR397C,0,1.0845735,0.13486166298389435,0.841222882270813,0.5479671359062195
YER133W,YLR394W,1,1.0845131,0.13499842584133148,0.8422091007232666,0.5479671359062195
YML011C,YHR106W,0,1.084404,0.1349770873785019,0.8422091007232666,0.5480672717094421
YML041C,YER177W,0,1.0843978,0.1349557489156723,0.8422091007232666,0.5481674075126648
YBL035C,YBR078W,0,1.0839758,0.1349344253540039,0.8422091007232666,0.5482676029205322
YOR078W,YLR054C,0,1.0835903,0.1349131166934967,0.8422091007232666,0.5483677387237549
YDL175C,YCL012W,0,1.0835793,0.1348918080329895,0.8422091007232666,0.5484678745269775
YDL098C,YDR100W,0,1.0833278,0.1348704993724823,0.8422091007232666,0.5485680103302002
YIR004W,YGL053W,0,1.0831578,0.1348492056131363,0.8422091007232666,0.5486681461334229
YAL056W,YDL087C,0,1.0831281,0.13482791185379028,0.8422091007232666,0.5487682819366455
YOR027W,YCL001W,0,1.0827827,0.13480663299560547,0.8422091007232666,0.5488684177398682
YLR426W,YMR105C,0,1.0826726,0.13478535413742065,0.8422091007232666,0.5489685535430908
YPL209C,YER108C,0,1.0824082,0.13476409018039703,0.8422091007232666,0.5490686893463135
YNL137C,YMR035W,0,1.0816009,0.1347428262233734,0.8422091007232666,0.5491688251495361
YJR109C,YCL048W,0,1.0811019,0.1347215622663498,0.8422091007232666,0.5492689609527588
YKR053C,YGL061C,0,1.080533,0.13470031321048737,0.8422091007232666,0.5493690967559814
YML101C,YOR357C,0,1.08045,0.13467907905578613,0.8422091007232666,0.5494692325592041
YLR284C,YHR133C,0,1.0802274,0.1346578299999237,0.8422091007232666,0.5495693683624268
YIL030C,YOL096C,0,1.07934,0.13463661074638367,0.8422091007232666,0.5496695637702942
YNL328C,YOR249C,0,1.0787995,0.13461539149284363,0.8422091007232666,0.5497696995735168
YOL011W,YEL006W,0,1.0784467,0.1345941722393036,0.8422091007232666,0.5498698353767395
YBR038W,YDR434W,0,1.078343,0.13457295298576355,0.8422091007232666,0.5499699711799622
YJL074C,YOR229W,1,1.0778387,0.13470931351184845,0.8431952595710754,0.5499699711799622
YEL020W-A,YHR185C,0,1.0777495,0.1346880942583084,0.8431952595710754,0.5500701069831848
YDR261C,YBL014C,0,1.0770708,0.13466687500476837,0.8431952595710754,0.5501702427864075
YLL067C,YMR035W,0,1.0770166,0.13464567065238953,0.8431952595710754,0.5502703785896301
YGR005C,YDL211C,0,1.0768026,0.13462446630001068,0.8431952595710754,0.5503705143928528
YBR016W,YBR131W,0,1.0755925,0.13460327684879303,0.8431952595710754,0.5504706501960754
YPR158W-B,YKR075C,0,1.0753176,0.13458208739757538,0.8431952595710754,0.5505707859992981
YLL039C,YHR139C,1,1.0748953,0.13471828401088715,0.844181478023529,0.5505707859992981
YLR324W,YAL056W,0,1.0748932,0.1346970945596695,0.844181478023529,0.5506709218025208
YPL203W,YER060W,0,1.0741704,0.13467589020729065,0.844181478023529,0.5507710576057434
YNL199C,YPL063W,0,1.0735658,0.1346547156572342,0.844181478023529,0.5508711934089661
YMR063W,YKL155C,0,1.0732586,0.13463352620601654,0.844181478023529,0.5509713888168335
YBL080C,YBL047C,0,1.0732477,0.13461236655712128,0.844181478023529,0.5510715246200562
YNR055C,YPL117C,0,1.0730054,0.13459119200706482,0.844181478023529,0.5511716604232788
YLR417W,YKL132C,0,1.0730026,0.13457003235816956,0.844181478023529,0.5512717962265015
YNL056W,YGR109W-A,0,1.0728376,0.13454888761043549,0.844181478023529,0.5513719320297241
YER177W,YDR303C,0,1.0720149,0.13452774286270142,0.844181478023529,0.5514720678329468
YJL045W,YPR017C,0,1.0718338,0.13450659811496735,0.844181478023529,0.5515722036361694
YML098W,YER108C,0,1.0710151,0.13448546826839447,0.844181478023529,0.5516723394393921
YPL126W,YNL048W,0,1.0708337,0.1344643384218216,0.844181478023529,0.5517724752426147
YOR117W,YFR034C,0,1.0707494,0.1344432234764099,0.844181478023529,0.5518726110458374
YKR077W,YLR460C,0,1.0703237,0.13442210853099823,0.844181478023529,0.5519727468490601
YOR383C,YKR064W,0,1.0701417,0.13440100848674774,0.844181478023529,0.5520728826522827
YOL055C,YOR158W,0,1.0700983,0.13437990844249725,0.844181478023529,0.5521730184555054
YKR078W,YBR211C,0,1.0700186,0.13435880839824677,0.844181478023529,0.552273154258728
YOR191W,YEL032W,0,1.0697587,0.13433772325515747,0.844181478023529,0.5523733496665955
YLR058C,YBR301W,0,1.0695316,0.13431665301322937,0.844181478023529,0.5524734854698181
YGR046W,YER015W,0,1.0686554,0.13429558277130127,0.844181478023529,0.5525736212730408
YNL024C,YPL010W,0,1.0683913,0.13427451252937317,0.844181478023529,0.5526737570762634
YKL080W,YDL012C,0,1.0680671,0.13425345718860626,0.844181478023529,0.5527738928794861
YER179W,YNR049C,1,1.0679896,0.13438920676708221,0.8451676368713379,0.5527738928794861
YKR085C,YNR059W,0,1.0677638,0.1343681365251541,0.8451676368713379,0.5528740286827087
YOR101W,YOR330C,0,1.0676911,0.1343470811843872,0.8451676368713379,0.5529741644859314
YCL048W,YPL233W,0,1.0670259,0.1343260258436203,0.8451676368713379,0.553074300289154
YNL059C,YER023W,0,1.0669801,0.1343049705028534,0.8451676368713379,0.5531744360923767
YMR232W,YBR016W,0,1.0666577,0.13428393006324768,0.8451676368713379,0.5532745718955994
YMR131C,YPL233W,0,1.0658178,0.13426288962364197,0.8451676368713379,0.553374707698822
YMR318C,YDR127W,0,1.0657532,0.13424184918403625,0.8451676368713379,0.5534748435020447
YNL156C,YGR161C-D,0,1.0654259,0.13422082364559174,0.8451676368713379,0.5535749793052673
YAL007C,YLR411W,0,1.0647775,0.1341998130083084,0.8451676368713379,0.5536751747131348
YKR096W,YIL098C,0,1.0646832,0.13417880237102509,0.8451676368713379,0.5537753105163574
YOR027W,YNL156C,0,1.0645767,0.13415779173374176,0.8451676368713379,0.5538754463195801
YBR016W,YCR018C,0,1.0644652,0.13413679599761963,0.8451676368713379,0.5539755821228027
YML052W,YBR082C,1,1.064444,0.13427230715751648,0.8461538553237915,0.5539755821228027
YJL096W,YGL144C,0,1.0642977,0.13425129652023315,0.8461538553237915,0.5540757179260254
YPR067W,YNL111C,0,1.0636015,0.13423028588294983,0.8461538553237915,0.554175853729248
YNL048W,YOL135C,0,1.0631475,0.1342092901468277,0.8461538553237915,0.5542759895324707
YCR036W,YKL051W,0,1.0631095,0.13418829441070557,0.8461538553237915,0.5543761253356934
YDR350C,YBR060C,0,1.0613197,0.13416731357574463,0.8461538553237915,0.554476261138916
YLL066C,YER155C,0,1.0607646,0.13414634764194489,0.8461538553237915,0.5545763969421387
YDL003W,YOR383C,0,1.0599332,0.13412536680698395,0.8461538553237915,0.5546765327453613
YGL085W,YLL057C,0,1.059907,0.1341044008731842,0.8461538553237915,0.554776668548584
YPR105C,YNL081C,0,1.0598465,0.13408344984054565,0.8461538553237915,0.5548768043518066
YDR210C-D,YML098W,0,1.059096,0.1340624988079071,0.8461538553237915,0.5549769401550293
YLR234W,YAL028W,0,1.0588986,0.13404156267642975,0.8461538553237915,0.5550771355628967
YBR101C,YLR044C,0,1.058895,0.1340206116437912,0.8461538553237915,0.5551772713661194
YJR041C,YBR169C,0,1.0584474,0.13399969041347504,0.8461538553237915,0.555277407169342
YOR249C,YLR337C,0,1.0584433,0.13397876918315887,0.8461538553237915,0.5553775429725647
YMR220W,YNR037C,0,1.0582983,0.1339578479528427,0.8461538553237915,0.5554776787757874
YBR248C,YPL145C,0,1.0579839,0.13393692672252655,0.8461538553237915,0.55557781457901
YNL251C,YNL054W-A,0,1.05792,0.13391603529453278,0.8461538553237915,0.5556779503822327
YPR161C,YLR068W,0,1.0578839,0.1338951289653778,0.8461538553237915,0.5557780861854553
YER072W,YER071C,0,1.0578021,0.13387423753738403,0.8461538553237915,0.555878221988678
YDR287W,YFL061W,0,1.0577303,0.13385336101055145,0.8461538553237915,0.5559783577919006
YGL070C,YDR098C-B,0,1.0574403,0.13383246958255768,0.8461538553237915,0.5560784935951233
YJR132W,YLR442C,0,1.0570991,0.1338116079568863,0.8461538553237915,0.556178629398346
YPL189W,YNL055C,0,1.0569007,0.1337907314300537,0.8461538553237915,0.5562787652015686
YNL076W,YPL179W,0,1.0564017,0.13376988470554352,0.8461538553237915,0.5563789010047913
YBR094W,YHL035C,0,1.0562942,0.13374902307987213,0.8461538553237915,0.5564790964126587
YAL051W,YIL033C,0,1.0562023,0.13372817635536194,0.8461538553237915,0.5565792322158813
YMR318C,YDR078C,0,1.0560416,0.13370734453201294,0.8461538553237915,0.556679368019104
YDR002W,YLL057C,0,1.0558935,0.13368651270866394,0.8461538553237915,0.5567795038223267
YFR024C,YGR055W,0,1.0552862,0.13366568088531494,0.8461538553237915,0.5568796396255493
YGR046W,YGR057C,0,1.0552752,0.13364486396312714,0.8461538553237915,0.556979775428772
YNL048W,YER167W,0,1.05513,0.13362404704093933,0.8461538553237915,0.5570799112319946
YFR014C,YDR040C,0,1.0550172,0.13360324501991272,0.8461538553237915,0.5571800470352173
YPL133C,YFR038W,0,1.0548408,0.1335824429988861,0.8461538553237915,0.5572801828384399
YML107C,YGL219C,0,1.0545506,0.1335616409778595,0.8461538553237915,0.5573803186416626
YBR211C,YMR072W,0,1.0535717,0.13354085385799408,0.8461538553237915,0.5574804544448853
YKL045W,YPL061W,0,1.0535538,0.13352008163928986,0.8461538553237915,0.5575805902481079
YEL044W,YOL095C,0,1.0534501,0.13349929451942444,0.8461538553237915,0.5576807260513306
YKL063C,YOR009W,0,1.052935,0.1334785372018814,0.8461538553237915,0.557780921459198
YHR024C,YNL024C,0,1.0526332,0.13345776498317719,0.8461538553237915,0.5578810572624207
YJL054W,YAL026C,0,1.052599,0.13343700766563416,0.8461538553237915,0.5579811930656433
YDR289C,YIR026C,0,1.0525765,0.13341626524925232,0.8461538553237915,0.558081328868866
YJR118C,YBL100W-B,0,1.052574,0.13339552283287048,0.8461538553237915,0.5581814646720886
YNL062C,YBR100W,0,1.0523819,0.13337478041648865,0.8461538553237915,0.5582816004753113
YOR016C,YDR406W,0,1.0522702,0.133354052901268,0.8461538553237915,0.5583817362785339
YBR114W,YIL173W,0,1.0520397,0.13333334028720856,0.8461538553237915,0.5584818720817566
YPR173C,YPR134W,0,1.0518389,0.13331261277198792,0.8461538553237915,0.5585820078849792
YNL084C,YBL058W,1,1.0515809,0.13344725966453552,0.8471400141716003,0.5585820078849792
YDL106C,YER108C,0,1.0513895,0.13342653214931488,0.8471400141716003,0.5586821436882019
YKR088C,YLR247C,0,1.051156,0.13340580463409424,0.8471400141716003,0.5587822794914246
YNL025C,YJR096W,0,1.0510821,0.1333850920200348,0.8471400141716003,0.5588824152946472
YOR090C,YHR120W,0,1.0504593,0.13336437940597534,0.8471400141716003,0.5589825510978699
YPL133C,YPL145C,0,1.0501946,0.1333436816930771,0.8471400141716003,0.5590826869010925
YPR134W,YPR095C,0,1.0499084,0.13332298398017883,0.8471400141716003,0.55918288230896
YDR098C-A,YJR108W,0,1.0494989,0.13330230116844177,0.8471400141716003,0.5592830181121826
YDR308C,YHL035C,0,1.0494576,0.1332816183567047,0.8471400141716003,0.5593831539154053
YMR243C,YOR011W,0,1.049119,0.13326093554496765,0.8471400141716003,0.5594832897186279
YPR161C,YOR136W,0,1.0488033,0.13324026763439178,0.8471400141716003,0.5595834255218506
YBR193C,YCL067C,0,1.0486213,0.13321959972381592,0.8471400141716003,0.5596835613250732
YPL224C,YDR021W,0,1.0483127,0.13319894671440125,0.8471400141716003,0.5597836971282959
YML086C,YNL251C,0,1.0475518,0.13317829370498657,0.8471400141716003,0.5598838329315186
YOR316C,YPR155C,0,1.0471946,0.1331576555967331,0.8471400141716003,0.5599839687347412
YPL262W,YLR056W,0,1.0463595,0.13313701748847961,0.8471400141716003,0.5600841045379639
YML133C,YER060W-A,0,1.045995,0.13311637938022614,0.8471400141716003,0.5601842403411865
YJL089W,YOR271C,0,1.045656,0.13309575617313385,0.8471400141716003,0.5602843761444092
YOR045W,YDR004W,0,1.0452816,0.13307513296604156,0.8471400141716003,0.5603845119476318
YER031C,YPL097W,0,1.0451927,0.13305452466011047,0.8471400141716003,0.5604847073554993
YHR001W-A,YMR226C,0,1.0444275,0.13303391635417938,0.8471400141716003,0.5605848431587219
YJR054W,YNL278W,0,1.0437301,0.13301332294940948,0.8471400141716003,0.5606849789619446
YFR024C-A,YMR195W,0,1.0437136,0.1329927295446396,0.8471400141716003,0.5607851147651672
YPL234C,YER102W,0,1.0434269,0.1329721361398697,0.8471400141716003,0.5608852505683899
YOL090W,YHR184W,1,1.042873,0.13310633599758148,0.848126232624054,0.5608852505683899
YDR189W,YKL048C,0,1.0426066,0.1330857276916504,0.848126232624054,0.5609853863716125
YDL091C,YHR080C,0,1.0422697,0.1330651342868805,0.848126232624054,0.5610855221748352
YBL038W,YLR200W,0,1.0416837,0.1330445557832718,0.848126232624054,0.5611856579780579
YHR210C,YPL135W,0,1.041553,0.13302397727966309,0.848126232624054,0.5612857937812805
YDR430C,YNL287W,0,1.040839,0.13300339877605438,0.848126232624054,0.5613859295845032
YHR165C,YDL087C,0,1.0405986,0.13298283517360687,0.848126232624054,0.5614860653877258
YKR064W,YHR090C,0,1.0405762,0.13296227157115936,0.848126232624054,0.5615862011909485
YDR028C,YFR038W,0,1.0403495,0.13294172286987305,0.848126232624054,0.5616863369941711
YER093C,YOR001W,0,1.0395539,0.13292117416858673,0.848126232624054,0.5617864727973938
YDR490C,YGL167C,0,1.0389658,0.1329006403684616,0.848126232624054,0.5618866682052612
YGR204W,YPL075W,0,1.0388325,0.1328800916671753,0.848126232624054,0.5619868040084839
YJR109C,YDL113C,0,1.0382019,0.13285957276821136,0.848126232624054,0.5620869398117065
YDL149W,YJL196C,0,1.0374409,0.13283905386924744,0.848126232624054,0.5621870756149292
YPR180W,YGR044C,0,1.0373017,0.1328185349702835,0.848126232624054,0.5622872114181519
YKL014C,YDR176W,0,1.0364766,0.13279801607131958,0.848126232624054,0.5623873472213745
YGR007W,YER109C,0,1.0362298,0.13277752697467804,0.848126232624054,0.5624874830245972
YER100W,YPL156C,0,1.0359877,0.1327570229768753,0.848126232624054,0.5625876188278198
YGR181W,YDR422C,0,1.0358539,0.13273653388023376,0.848126232624054,0.5626877546310425
YOL126C,YCR063W,0,1.0357933,0.13271604478359222,0.848126232624054,0.5627878904342651
YNR048W,YLR061W,0,1.0346767,0.13269557058811188,0.848126232624054,0.5628880262374878
YGR122W,YOR335C,0,1.0346301,0.13267509639263153,0.848126232624054,0.5629881620407104
YML041C,YML081W,0,1.0344839,0.13265463709831238,0.848126232624054,0.5630882978439331
YDR316W-B,YLL006W,0,1.0342621,0.13263417780399323,0.848126232624054,0.5631884932518005
YER005W,YBL005W,0,1.0340877,0.13261371850967407,0.848126232624054,0.5632886290550232
YOR091W,YPL115C,0,1.0338999,0.1325932741165161,0.848126232624054,0.5633887648582458
YKL069W,YCR065W,0,1.0338687,0.13257284462451935,0.848126232624054,0.5634889006614685
YOR380W,YDR434W,0,1.0335752,0.1325524002313614,0.848126232624054,0.5635890364646912
YIL153W,YNL156C,0,1.0334885,0.13253197073936462,0.848126232624054,0.5636891722679138
YBL031W,YPL210C,0,1.0334675,0.13251155614852905,0.848126232624054,0.5637893080711365
YLR011W,YLL067C,0,1.0334487,0.13249114155769348,0.848126232624054,0.5638894438743591
YNL137C,YJR132W,0,1.0333426,0.1324707269668579,0.848126232624054,0.5639895796775818
YKR096W,YHL050C,0,1.0326923,0.13245032727718353,0.848126232624054,0.5640897154808044
YHR122W,YPL126W,0,1.0325452,0.13242994248867035,0.848126232624054,0.5641898512840271
YBR101C,YOL029C,0,1.0323296,0.13240954279899597,0.848126232624054,0.5642899870872498
YIL098C,YDR100W,0,1.0319852,0.1323891580104828,0.848126232624054,0.5643901228904724
YOL103W-A,YDR259C,0,1.031654,0.1323687881231308,0.848126232624054,0.5644902586936951
YAL030W,YPL173W,0,1.0315769,0.1323484182357788,0.848126232624054,0.5645904541015625
YMR048W,YHR197W,0,1.0313396,0.13232804834842682,0.848126232624054,0.5646905899047852
YDR384C,YLR263W,0,1.0311619,0.13230769336223602,0.848126232624054,0.5647907257080078
YCR086W,YMR149W,0,1.0309536,0.13228733837604523,0.848126232624054,0.5648908615112305
YCR016W,YNR055C,0,1.0307956,0.13226699829101562,0.848126232624054,0.5649909973144531
YNL190W,YDR328C,0,1.0306609,0.13224665820598602,0.848126232624054,0.5650911331176758
YBL100W-B,YKL196C,0,1.030191,0.13222631812095642,0.848126232624054,0.5651912689208984
YDR325W,YPL225W,0,1.0295501,0.132205992937088,0.848126232624054,0.5652914047241211
YKL150W,YLR323C,0,1.0293617,0.1321856677532196,0.848126232624054,0.5653915405273438
YNL286W,YFR010W,0,1.0292008,0.1321653574705124,0.848126232624054,0.5654916763305664
YLL066C,YMR091C,0,1.0291389,0.13214504718780518,0.848126232624054,0.5655918121337891
YHR113W,YNL111C,0,1.0289459,0.13212475180625916,0.848126232624054,0.5656919479370117
YOR207C,YDR384C,0,1.0288874,0.13210445642471313,0.848126232624054,0.5657920837402344
YOR119C,YDR175C,0,1.028319,0.13208416104316711,0.848126232624054,0.565892219543457
YCR105W,YOR060C,0,1.0282423,0.1320638805627823,0.848126232624054,0.5659924149513245
YGL063W,YJR046W,0,1.0281596,0.13204360008239746,0.848126232624054,0.5660925507545471
YIL106W,YGL194C,0,1.0279958,0.13202333450317383,0.848126232624054,0.5661926865577698
YHR037W,YER167W,0,1.0278482,0.1320030689239502,0.848126232624054,0.5662928223609924
YBR160W,YML052W,1,1.0278416,0.1321362853050232,0.8491124510765076,0.5662928223609924
YOR266W,YIL043C,0,1.0276259,0.13211600482463837,0.8491124510765076,0.5663929581642151
YER177W,YPL225W,0,1.0259609,0.13209573924541473,0.8491124510765076,0.5664930939674377
YGR109W-A,YGR097W,0,1.0257945,0.1320754736661911,0.8491124510765076,0.5665932297706604
YML059C,YDL018C,0,1.0247759,0.13205520808696747,0.8491124510765076,0.5666933655738831
YNL243W,YKL054C,0,1.0246389,0.13203495740890503,0.8491124510765076,0.5667935013771057
YNL025C,YFL005W,0,1.0229034,0.13201472163200378,0.8491124510765076,0.5668936371803284
YOL011W,YHR020W,0,1.0228827,0.13199448585510254,0.8491124510765076,0.566993772983551
YAL002W,YPL021W,0,1.0224129,0.1319742500782013,0.8491124510765076,0.5670939087867737
YDR328C,YER071C,0,1.0223429,0.13195402920246124,0.8491124510765076,0.5671940445899963
YDR316W-B,YLR328W,0,1.0222005,0.1319338083267212,0.8491124510765076,0.5672942399978638
YDR516C,YOL009C,0,1.0219687,0.13191358745098114,0.8491124510765076,0.5673943758010864
YHL038C,YNL133C,0,1.0215423,0.13189338147640228,0.8491124510765076,0.5674945116043091
YNL288W,YDL076C,0,1.0214846,0.13187317550182343,0.8491124510765076,0.5675946474075317
YNL221C,YHR214C-C,0,1.0212245,0.13185298442840576,0.8491124510765076,0.5676947832107544
YML101C,YDR517W,0,1.020604,0.1318327933549881,0.8491124510765076,0.567794919013977
YML085C,YBL058W,1,1.0204742,0.13196571171283722,0.8500986099243164,0.567794919013977
YEL048C,YJR054W,0,1.0202663,0.13194550573825836,0.8500986099243164,0.5678950548171997
YAR033W,YGR080W,0,1.0198506,0.1319253146648407,0.8500986099243164,0.5679951906204224
YGR170W,YBR090C-A,0,1.0193293,0.13190512359142303,0.8500986099243164,0.568095326423645
YPR188C,YLR263W,0,1.0192691,0.13188494741916656,0.8500986099243164,0.5681954622268677
YBR254C,YBR248C,0,1.018636,0.1318647712469101,0.8500986099243164,0.5682955980300903
YDR328C,YPR141C,0,1.0182912,0.13184459507465363,0.8500986099243164,0.568395733833313
YLR093C,YGL127C,0,1.0182422,0.13182443380355835,0.8500986099243164,0.5684958696365356
YBR295W,YER005W,0,1.0180354,0.13180428743362427,0.8500986099243164,0.5685960054397583
YGR170W,YDR025W,0,1.0178618,0.131784126162529,0.8500986099243164,0.5686962008476257
YJL110C,YGR266W,0,1.0175192,0.1317639797925949,0.8500986099243164,0.5687963366508484
YER031C,YNL054W-A,0,1.0174451,0.13174384832382202,0.8500986099243164,0.568896472454071
YLL016W,YOL061W,0,1.0173789,0.13172371685504913,0.8500986099243164,0.5689966082572937
YNL284C-B,YGR296W,0,1.0171851,0.13170358538627625,0.8500986099243164,0.5690967440605164
YAR007C,YOR354C,1,1.0170614,0.13183623552322388,0.85108482837677,0.5690967440605164
YIL017W,YMR017W,1,1.0169692,0.13196884095668793,0.8520709872245789,0.5690967440605164
YDL175C,YLR409C,0,1.0167716,0.13194867968559265,0.8520709872245789,0.569196879863739
YJL110C,YLL066C,0,1.0166458,0.13192853331565857,0.8520709872245789,0.5692970156669617
YOL069W,YBR023C,0,1.0163963,0.13190840184688568,0.8520709872245789,0.5693971514701843
YPL183C,YEL032W,0,1.0162803,0.1318882554769516,0.8520709872245789,0.569497287273407
YIL022W,YFR024C-A,0,1.0158892,0.1318681389093399,0.8520709872245789,0.5695974230766296
YHR039C,YGL250W,1,1.0157883,0.1320006102323532,0.8530572056770325,0.5695974230766296
YEL020W-A,YGR211W,0,1.0152805,0.13198046386241913,0.8530572056770325,0.5696975588798523
YPR114W,YBR107C,0,1.0150291,0.13196033239364624,0.8530572056770325,0.569797694683075
YKL079W,YBL005W,0,1.0148224,0.13194020092487335,0.8530572056770325,0.5698978304862976
YLR426W,YDR261C,0,1.014698,0.13192008435726166,0.8530572056770325,0.569998025894165
YLR039C,YJR050W,0,1.0143826,0.13189996778964996,0.8530572056770325,0.5700981616973877
YML011C,YER093C,0,1.0140963,0.13187986612319946,0.8530572056770325,0.5701982975006104
YKL033W,YPR158W-B,0,1.0140101,0.13185974955558777,0.8530572056770325,0.570298433303833
YIL017C,YHL027W,1,1.0132531,0.13199207186698914,0.8540433645248413,0.570298433303833
YPL055C,YLR330W,1,1.0131946,0.13212434947490692,0.8550295829772949,0.570298433303833
YOL023W,YHL003C,0,1.012286,0.13210421800613403,0.8550295829772949,0.5703985691070557
YER143W,YHR079C-B,0,1.0115515,0.13208410143852234,0.8550295829772949,0.5704987049102783
YNL145W,YBL047C,0,1.0113654,0.13206396996974945,0.8550295829772949,0.570598840713501
YBR054W,YNL062C,0,1.0111537,0.13204386830329895,0.8550295829772949,0.5706989765167236
YLL021W,YLR299W,0,1.010475,0.13202375173568726,0.8550295829772949,0.5707991123199463
YNL284C-B,YDR235W,0,1.0103699,0.13200365006923676,0.8550295829772949,0.570899248123169
YPR155C,YGL016W,0,1.0101067,0.13198356330394745,0.8550295829772949,0.5709993839263916
YIL013C,YJL208C,0,1.0090055,0.13196347653865814,0.8550295829772949,0.5710995197296143
YDL189W,YER123W,0,1.0089668,0.13194338977336884,0.8550295829772949,0.5711996555328369
YNL284C-B,YMR053C,0,1.0082885,0.13192331790924072,0.8550295829772949,0.5712997913360596
YDR325W,YKL002W,0,1.008187,0.1319032460451126,0.8550295829772949,0.571399986743927
YDR365W-A,YMR153W,0,1.007876,0.1318831741809845,0.8550295829772949,0.5715001225471497
YPL105C,YPL254W,0,1.0074549,0.13186311721801758,0.8550295829772949,0.5716002583503723
YNL051W,YGL142C,0,1.0071768,0.13184306025505066,0.8550295829772949,0.571700394153595
YGR193C,YGR161C-D,0,1.0068007,0.13182301819324493,0.8550295829772949,0.5718005299568176
YGL070C,YGR040W,0,1.0065941,0.1318029761314392,0.8550295829772949,0.5719006657600403
YGL198W,YBR121C,0,1.0065792,0.13178294897079468,0.8550295829772949,0.5720008015632629
YER062C,YPR169W,0,1.006193,0.13176292181015015,0.8550295829772949,0.5721009373664856
YDR276C,YGR161C-D,0,1.0058554,0.13174289464950562,0.8550295829772949,0.5722010731697083
YAR009C,YOL078W,0,1.0056101,0.13172288239002228,0.8550295829772949,0.5723012089729309
YJL212C,YBR003W,0,1.0055785,0.13170287013053894,0.8550295829772949,0.5724013447761536
YKL194C,YDL093W,0,1.0053966,0.1316828727722168,0.8550295829772949,0.5725014805793762
YML086C,YLR363C,0,1.0052114,0.13166287541389465,0.8550295829772949,0.5726016163825989
YDR398W,YDR005C,0,1.005136,0.1316428780555725,0.8550295829772949,0.5727018117904663
YML016C,YOR330C,0,1.0039017,0.13162289559841156,0.8550295829772949,0.572801947593689
YGR138C,YJL001W,0,1.0037737,0.1316029131412506,0.8550295829772949,0.5729020833969116
YPL004C,YER072W,0,1.00375,0.13158294558525085,0.8550295829772949,0.5730022192001343
YJL021C,YPL234C,0,1.0030007,0.1315629780292511,0.8550295829772949,0.5731023550033569
YKL045W,YNL130C,0,1.0027105,0.13154301047325134,0.8550295829772949,0.5732024908065796
YCR031C,YLR068W,0,1.0024623,0.13152305781841278,0.8550295829772949,0.5733026266098022
YAL026C,YER060W,0,1.0020922,0.13150310516357422,0.8550295829772949,0.5734027624130249
YHR202W,YDR469W,0,1.0019292,0.13148316740989685,0.8550295829772949,0.5735028982162476
YMR059W,YBR272C,0,1.0017965,0.13146322965621948,0.8550295829772949,0.5736030340194702
YPL224C,YHR037W,0,1.0017947,0.13144329190254211,0.8550295829772949,0.5737031698226929
YDR217C,YIL008W,0,1.0015388,0.13142336905002594,0.8550295829772949,0.5738033056259155
YMR055C,YJL083W,0,1.0013398,0.13140346109867096,0.8550295829772949,0.5739034414291382
YDR041W,YOL103W-A,0,1.0006835,0.13138353824615479,0.8550295829772949,0.5740035772323608
YKL132C,YNR033W,0,1.0006187,0.1313636302947998,0.8550295829772949,0.5741037726402283
YBR038W,YHR103W,0,1.0003922,0.13134373724460602,0.8550295829772949,0.5742039084434509
YNL142W,YIL038C,0,0.99998176,0.13132384419441223,0.8550295829772949,0.5743040442466736
YML067C,YKR064W,0,0.99983406,0.13130395114421844,0.8550295829772949,0.5744041800498962
YFR024C-A,YGL231C,0,0.99845195,0.13128407299518585,0.8550295829772949,0.5745043158531189
YIL036W,YGR245C,0,0.99807525,0.13126419484615326,0.8550295829772949,0.5746044516563416
YKL077W,YPL253C,0,0.998068,0.13124431669712067,0.8550295829772949,0.5747045874595642
YJL094C,YNL118C,0,0.9979404,0.13122445344924927,0.8550295829772949,0.5748047232627869
YJL059W,YPR174C,0,0.9976342,0.13120460510253906,0.8550295829772949,0.5749048590660095
YGR208W,YHR114W,0,0.99734867,0.13118474185466766,0.8550295829772949,0.5750049948692322
YNL307C,YAL009W,1,0.9970312,0.1313161849975586,0.8560158014297485,0.5750049948692322
YNL103W,YLR239C,0,0.996652,0.1312963217496872,0.8560158014297485,0.5751051306724548
YJR153W,YLR075W,0,0.99609345,0.131276473402977,0.8560158014297485,0.5752052664756775
YDR372C,YIL123W,0,0.99594843,0.1312566101551056,0.8560158014297485,0.5753054022789001
YML127W,YJL003W,0,0.9957727,0.13123677670955658,0.8560158014297485,0.5754055380821228
YPL013C,YGR017W,0,0.9945887,0.13121692836284637,0.8560158014297485,0.5755057334899902
YGL181W,YOR230W,1,0.9939578,0.13134825229644775,0.8570019602775574,0.5755057334899902
YMR076C,YFR024C,0,0.99390733,0.13132840394973755,0.8570019602775574,0.5756058692932129
YCL017C,YER063W,0,0.9928895,0.13130855560302734,0.8570019602775574,0.5757060050964355
YDL100C,YLL018C-A,0,0.992797,0.13128870725631714,0.8570019602775574,0.5758061408996582
YDR127W,YNL065W,0,0.99269694,0.13126888871192932,0.8570019602775574,0.5759062767028809
YHR035W,YDR399W,0,0.99245036,0.1312490552663803,0.8570019602775574,0.5760064125061035
YOR298W,YFL039C,1,0.9920733,0.13138024508953094,0.857988178730011,0.5760064125061035
YBR295W,YOR079C,0,0.9916744,0.13136041164398193,0.857988178730011,0.5761065483093262
YOR172W,YIR004W,0,0.99142325,0.13134057819843292,0.857988178730011,0.5762066841125488
YGR202C,YIL173W,0,0.99139607,0.1313207596540451,0.857988178730011,0.5763068199157715
YJL096W,YGL005C,0,0.9912094,0.1313009411096573,0.857988178730011,0.5764069557189941
YGL073W,YEL027W,0,0.9910705,0.13128112256526947,0.857988178730011,0.5765070915222168
YJL167W,YOL009C,0,0.99066067,0.13126131892204285,0.857988178730011,0.5766072273254395
YBR153W,YGR170W,0,0.9905892,0.13124151527881622,0.857988178730011,0.5767073631286621
YEL005C,YLR363C,0,0.99048716,0.1312217265367508,0.857988178730011,0.5768075585365295
YML076C,YPL161C,0,0.9903308,0.13120192289352417,0.857988178730011,0.5769076943397522
YBL035C,YJL179W,0,0.9901869,0.13118214905261993,0.857988178730011,0.5770078301429749
YHR111W,YDR316W-B,0,0.99009967,0.1311623752117157,0.857988178730011,0.5771079659461975
YIL053W,YLL057C,0,0.9898278,0.13114260137081146,0.857988178730011,0.5772081017494202
YDR464W,YJR054W,0,0.9896058,0.13112282752990723,0.857988178730011,0.5773082375526428
YLR432W,YKL040C,0,0.9894175,0.13110306859016418,0.857988178730011,0.5774083733558655
YPL262W,YGR080W,0,0.9890127,0.13108332455158234,0.857988178730011,0.5775085091590881
YIL022W,YDR365W-A,0,0.98792744,0.1310635805130005,0.857988178730011,0.5776086449623108
YML101C,YHR149C,0,0.98751855,0.13104383647441864,0.857988178730011,0.5777087807655334
YFR010W,YDR168W,0,0.9867043,0.1310240924358368,0.857988178730011,0.5778089165687561
YGL018C,YMR195W,0,0.986425,0.13100436329841614,0.857988178730011,0.5779090523719788
YIL096C,YKR049C,0,0.98637044,0.13098464906215668,0.857988178730011,0.5780091881752014
YLR194C,YMR177W,0,0.98613745,0.13096491992473602,0.857988178730011,0.5781093239784241
YGR161C-D,YDL031W,0,0.98608077,0.13094522058963776,0.857988178730011,0.5782095193862915
YOL055C,YDR316W-B,0,0.9860731,0.1309255063533783,0.857988178730011,0.5783096551895142
YHR035W,YKL081W,0,0.98569024,0.13090580701828003,0.857988178730011,0.5784097909927368
YIL033C,YDR365W-A,0,0.9856455,0.13088610768318176,0.857988178730011,0.5785099267959595
YPL248C,YGR030C,0,0.98548824,0.1308664232492447,0.857988178730011,0.5786100625991821
YLR213C,YER133W,1,0.98543805,0.13099713623523712,0.8589743375778198,0.5786100625991821
YHR146W,YPL140C,0,0.9854033,0.13097743690013885,0.8589743375778198,0.5787101984024048
YPL209C,YGR161W-A,0,0.98518074,0.13095775246620178,0.8589743375778198,0.5788103342056274
YDR345C,YMR063W,0,0.98488396,0.1309380680322647,0.8589743375778198,0.5789104700088501
YML100W,YDL243C,0,0.9845656,0.13091838359832764,0.8589743375778198,0.5790106058120728
YLL048C,YGL027C,0,0.98441374,0.13089871406555176,0.8589743375778198,0.5791107416152954
YLR118C,YDL135C,0,0.98430336,0.13087904453277588,0.8589743375778198,0.5792108774185181
YDR168W,YNL029C,0,0.983926,0.130859375,0.8589743375778198,0.5793110132217407
YBR003W,YLR384C,0,0.9838879,0.13083972036838531,0.8589743375778198,0.5794111490249634
YBR146W,YHR106W,0,0.98387235,0.13082006573677063,0.8589743375778198,0.5795113444328308
YLR227W-A,YPR199C,0,0.9837136,0.13080042600631714,0.8589743375778198,0.5796114802360535
YDR145W,YDR023W,0,0.983636,0.13078078627586365,0.8589743375778198,0.5797116160392761
YOR087W,YDR441C,0,0.9830357,0.13076114654541016,0.8589743375778198,0.5798117518424988
YDR469W,YIL173W,0,0.9824049,0.13074152171611786,0.8589743375778198,0.5799118876457214
YBR169C,YMR149W,0,0.9823447,0.13072189688682556,0.8589743375778198,0.5800120234489441
YGR205W,YNL111C,0,0.982315,0.13070228695869446,0.8589743375778198,0.5801121592521667
YJL021C,YHR201C,0,0.98221254,0.13068267703056335,0.8589743375778198,0.5802122950553894
YKL016C,YEL048C,0,0.98203444,0.13066306710243225,0.8589743375778198,0.5803124308586121
YGL085W,YIL123W,0,0.98187697,0.13064347207546234,0.8589743375778198,0.5804125666618347
YGR060W,YNL048W,0,0.98179615,0.13062387704849243,0.8589743375778198,0.5805127024650574
YPR120C,YHR079C-B,1,0.98167855,0.1307542324066162,0.8599605560302734,0.5805127024650574
YBR107C,YML004C,0,0.9815925,0.1307346373796463,0.8599605560302734,0.58061283826828
YAL028W,YDR005C,0,0.9811682,0.1307150423526764,0.8599605560302734,0.5807129740715027
YDR210C-D,YLL016W,0,0.9808309,0.13069544732570648,0.8599605560302734,0.5808131098747253
YAL028W,YJL026W,0,0.9802774,0.13067585229873657,0.8599605560302734,0.5809133052825928
YBR112C,YHL050C,0,0.9798087,0.13065627217292786,0.8599605560302734,0.5810134410858154
YGL116W,YGL107C,0,0.97956264,0.13063670694828033,0.8599605560302734,0.5811135768890381
YEL005C,YKL132C,0,0.97871906,0.1306171417236328,0.8599605560302734,0.5812137126922607
YDL135C,YGR004W,0,0.97832054,0.1305975764989853,0.8599605560302734,0.5813138484954834
YGR082W,YLR189C,0,0.9778888,0.13057801127433777,0.8599605560302734,0.581413984298706
YPL049C,YBR193C,0,0.9772788,0.13055846095085144,0.8599605560302734,0.5815141201019287
YCR086W,YHR033W,0,0.9767082,0.1305389255285263,0.8599605560302734,0.5816142559051514
YAL011W,YER032W,0,0.97590363,0.13051939010620117,0.8599605560302734,0.581714391708374
YBL063W,YKL192C,0,0.97460014,0.13049985468387604,0.8599605560302734,0.5818145275115967
YCL012W,YFR030W,0,0.97407365,0.1304803192615509,0.8599605560302734,0.5819146633148193
YDR516C,YJL018W,1,0.97320145,0.1306104063987732,0.860946774482727,0.5819146633148193
YGR032W,YML128C,1,0.9731823,0.1307404637336731,0.8619329333305359,0.5819146633148193
YDL230W,YDR045C,0,0.9723952,0.13072091341018677,0.8619329333305359,0.582014799118042
YLR417W,YHR111W,0,0.9721902,0.13070136308670044,0.8619329333305359,0.5821149349212646
YGR208W,YOL095C,0,0.9720223,0.1306818127632141,0.8619329333305359,0.5822151303291321
YJR118C,YNL181W,0,0.97187793,0.13066227734088898,0.8619329333305359,0.5823152661323547
YPL056C,YDR365W-A,0,0.97163016,0.13064275681972504,0.8619329333305359,0.5824154019355774
YLL026W,YGR055W,0,0.9711555,0.1306232213973999,0.8619329333305359,0.5825155377388
YBR029C,YER142C,0,0.9702362,0.13060370087623596,0.8619329333305359,0.5826156735420227
YBR016W,YLR260W,0,0.97017884,0.13058419525623322,0.8619329333305359,0.5827158093452454
YJL021C,YPL061W,0,0.96963316,0.13056468963623047,0.8619329333305359,0.582815945148468
YPL171C,YDR105C,0,0.9695747,0.13054518401622772,0.8619329333305359,0.5829160809516907
YDR515W,YCL012W,0,0.9692897,0.13052569329738617,0.8619329333305359,0.5830162167549133
YGR103W,YDR516C,0,0.96928513,0.13050620257854462,0.8619329333305359,0.583116352558136
YDR039C,YJR131W,0,0.9678275,0.13048671185970306,0.8619329333305359,0.5832164883613586
YDR441C,YLR411W,0,0.96780646,0.1304672360420227,0.8619329333305359,0.5833166241645813
YOR359W,YER060W-A,0,0.96710676,0.13044776022434235,0.8619329333305359,0.583416759967804
YDR023W,YDR168W,0,0.967069,0.13042829930782318,0.8619329333305359,0.5835168957710266
YLR247C,YBL014C,0,0.96706796,0.13040883839130402,0.8619329333305359,0.583617091178894
YJR042W,YPL097W,0,0.9667722,0.13038937747478485,0.8619329333305359,0.5837172269821167
YLL018C-A,YNL094W,0,0.9667546,0.13036993145942688,0.8619329333305359,0.5838173627853394
YIL156W,YDL235C,0,0.9664562,0.1303504854440689,0.8619329333305359,0.583917498588562
YPR008W,YHL050C,0,0.9661311,0.13033103942871094,0.8619329333305359,0.5840176343917847
YGL067W,YDL134C,0,0.96599305,0.13031160831451416,0.8619329333305359,0.5841177701950073
YJL181W,YIL038C,0,0.9659898,0.13029219210147858,0.8619329333305359,0.58421790599823
YIL118W,YDR041W,0,0.96582234,0.1302727609872818,0.8619329333305359,0.5843180418014526
YPR158W-B,YJR109C,0,0.9657919,0.1302533596754074,0.8619329333305359,0.5844181776046753
YLR247C,YLR055C,0,0.96545684,0.13023394346237183,0.8619329333305359,0.584518313407898
YOL098C,YNL130C,0,0.965405,0.13021454215049744,0.8619329333305359,0.5846184492111206
YBR103W,YJL019W,1,0.9653827,0.13034410774707794,0.8629191517829895,0.5846184492111206
YHR119W,YML052W,1,0.9651898,0.13047364354133606,0.8639053106307983,0.5846184492111206
YPL063W,YDR005C,0,0.9646665,0.13045421242713928,0.8639053106307983,0.5847185850143433
YEL039C,YER108C,0,0.96456957,0.1304347813129425,0.8639053106307983,0.5848187208175659
YER014W,YPL135W,0,0.9643586,0.13041536509990692,0.8639053106307983,0.5849189162254333
YPR175W,YDR098C-B,0,0.9635216,0.13039594888687134,0.8639053106307983,0.585019052028656
YIL118W,YLR299W,0,0.9634856,0.13037654757499695,0.8639053106307983,0.5851191878318787
YLR390W-A,YMR215W,0,0.96341527,0.13035714626312256,0.8639053106307983,0.5852193236351013
YCL039W,YHL006C,0,0.96294886,0.13033774495124817,0.8639053106307983,0.585319459438324
YPR174C,YKL032C,0,0.9629008,0.13031835854053497,0.8639053106307983,0.5854195952415466
YBR130C,YMR041C,0,0.96261644,0.13029897212982178,0.8639053106307983,0.5855197310447693
YLR061W,YGR017W,0,0.96234965,0.13027960062026978,0.8639053106307983,0.5856198668479919
YHR122W,YLR333C,0,0.9621609,0.13026022911071777,0.8639053106307983,0.5857200026512146
YEL018W,YKL016C,0,0.9615311,0.13024085760116577,0.8639053106307983,0.5858201384544373
YNL284C-B,YNL287W,0,0.9615284,0.13022150099277496,0.8639053106307983,0.5859202742576599
YBL007C,YGR283C,0,0.96138287,0.13020214438438416,0.8639053106307983,0.5860204100608826
YPL234C,YML076C,0,0.9613734,0.13018278777599335,0.8639053106307983,0.5861205458641052
YDR372C,YBR100W,0,0.9609517,0.13016344606876373,0.8639053106307983,0.5862206816673279
YIL053W,YBR060C,0,0.9608471,0.13014410436153412,0.8639053106307983,0.5863208770751953
YLL033W,YER115C,1,0.9607777,0.13027332723140717,0.864891529083252,0.5863208770751953
YGR078C,YGL231C,0,0.9606154,0.13025397062301636,0.864891529083252,0.586421012878418
YFL025C,YJL168C,0,0.9605435,0.13023462891578674,0.864891529083252,0.5865211486816406
YHR120W,YNL246W,0,0.95965064,0.13021528720855713,0.864891529083252,0.5866212844848633
YKL194C,YDR515W,0,0.9592936,0.1301959604024887,0.864891529083252,0.5867214202880859
YER176W,YIL018W,0,0.95872575,0.1301766335964203,0.864891529083252,0.5868215560913086
YOL121C,YPR141C,0,0.9586312,0.13015732169151306,0.864891529083252,0.5869216918945312
YNL094W,YDR179C,0,0.9581927,0.13013800978660583,0.864891529083252,0.5870218276977539
YJL110C,YLR181C,0,0.9581233,0.1301186978816986,0.864891529083252,0.5871219635009766
YGR244C,YGR138C,0,0.9580232,0.13009938597679138,0.864891529083252,0.5872220993041992
YDR227W,YCL054W,0,0.95774174,0.13008008897304535,0.864891529083252,0.5873222351074219
YNL145W,YER177W,0,0.95730263,0.1300608068704605,0.864891529083252,0.5874223709106445
YLR258W,YGR161C-D,0,0.9572903,0.13004152476787567,0.864891529083252,0.5875225067138672
YOR192C,YNL054W-A,0,0.95696986,0.13002224266529083,0.864891529083252,0.5876226425170898
YGR024C,YDR422C,0,0.9568949,0.130002960562706,0.864891529083252,0.5877228379249573
YBR114W,YPL175W,0,0.95688856,0.12998369336128235,0.864891529083252,0.5878229737281799
YFR038W,YDR234W,0,0.95682496,0.1299644410610199,0.864891529083252,0.5879231095314026
YPR154W,YLL066C,0,0.9567709,0.12994517385959625,0.864891529083252,0.5880232453346252
YDR098C-A,YIL154C,0,0.956584,0.1299259215593338,0.864891529083252,0.5881233811378479
YLL024C,YBR100W,0,0.9558471,0.12990668416023254,0.864891529083252,0.5882235169410706
YHR204W,YOR019W,0,0.9555384,0.1298874467611313,0.864891529083252,0.5883236527442932
YIL007C,YOR259C,0,0.9554481,0.12986820936203003,0.864891529083252,0.5884237885475159
YMR074C,YER071C,0,0.95517683,0.12984897196292877,0.864891529083252,0.5885239243507385
YKL026C,YMR225C,0,0.9549581,0.1298297494649887,0.864891529083252,0.5886240601539612
YDL154W,YHL006C,0,0.9549299,0.12981054186820984,0.864891529083252,0.5887241959571838
YHR113W,YOL061W,0,0.9548656,0.12979133427143097,0.864891529083252,0.5888243317604065
YEL051W,YLR189C,0,0.9547074,0.1297721266746521,0.864891529083252,0.5889244675636292
YDR160W,YPL156C,0,0.95465386,0.12975291907787323,0.864891529083252,0.5890246629714966
YER129W,YGL226W,0,0.9541938,0.12973372638225555,0.864891529083252,0.5891247987747192
YGR078C,YDL113C,0,0.9536183,0.12971453368663788,0.864891529083252,0.5892249345779419
YIL120W,YKR099W,0,0.9535277,0.1296953558921814,0.864891529083252,0.5893250703811646
YFL005W,YGR245C,0,0.95345783,0.12967617809772491,0.864891529083252,0.5894252061843872
YDR145W,YLR143W,0,0.9534515,0.12965700030326843,0.864891529083252,0.5895253419876099
YDR025W,YOL059W,0,0.953374,0.12963783740997314,0.864891529083252,0.5896254777908325
YPL169C,YMR035W,0,0.95335275,0.12961867451667786,0.864891529083252,0.5897256135940552
YFR024C,YOR193W,0,0.95280933,0.12959952652454376,0.864891529083252,0.5898257493972778
YPL105C,YPR131C,0,0.9517294,0.12958037853240967,0.864891529083252,0.5899258852005005
YJL021C,YDR343C,0,0.95159674,0.12956123054027557,0.864891529083252,0.5900260210037231
YGL231C,YCR106W,0,0.9512452,0.12954209744930267,0.864891529083252,0.5901261568069458
YML004C,YPL235W,0,0.9509145,0.12952296435832977,0.864891529083252,0.5902262926101685
YMR053C,YJR041C,0,0.95049936,0.12950384616851807,0.864891529083252,0.5903264284133911
YOR255W,YJL018W,1,0.9503515,0.129632368683815,0.8658776879310608,0.5903264284133911
YCR105W,YDR057W,0,0.94976956,0.1296132206916809,0.8658776879310608,0.5904266238212585
YOR078W,YEL051W,0,0.94963485,0.1295941025018692,0.8658776879310608,0.5905267596244812
YBR191W,YER015W,0,0.949626,0.1295749694108963,0.8658776879310608,0.5906268954277039
YLR284C,YKR053C,0,0.9495816,0.1295558512210846,0.8658776879310608,0.5907270312309265
YHR169W,YER032W,0,0.9493382,0.1295367330312729,0.8658776879310608,0.5908271670341492
YOR103C,YOR059C,0,0.94911164,0.12951762974262238,0.8658776879310608,0.5909273028373718
YDR092W,YDR160W,0,0.94886136,0.12949852645397186,0.8658776879310608,0.5910274386405945
YKL145W,YOL051W,0,0.9486009,0.12947942316532135,0.8658776879310608,0.5911275744438171
YDR384C,YMR177W,0,0.94822574,0.12946033477783203,0.8658776879310608,0.5912277102470398
YPR055W,YLR324W,0,0.9480175,0.1294412463903427,0.8658776879310608,0.5913278460502625
YDR204W,YLL014W,0,0.9466784,0.1294221729040146,0.8658776879310608,0.5914279818534851
YJR084W,YMR131C,0,0.9465015,0.12940309941768646,0.8658776879310608,0.5915281176567078
YMR318C,YLL021W,0,0.94607294,0.12938402593135834,0.8658776879310608,0.5916282534599304
YCR086W,YBL005W,0,0.94548446,0.1293649673461914,0.8658776879310608,0.5917284488677979
YLL018C,YHR118C,0,0.9454752,0.12934590876102448,0.8658776879310608,0.5918285846710205
YHL011C,YNL251C,0,0.9453052,0.12932685017585754,0.8658776879310608,0.5919287204742432
YCL044C,YHR106W,0,0.9449626,0.1293078064918518,0.8658776879310608,0.5920288562774658
YFL005W,YER046W,1,0.9445636,0.12943601608276367,0.8668639063835144,0.5920288562774658
YDR039C,YDR217C,0,0.94395083,0.12941695749759674,0.8668639063835144,0.5921289920806885
YDL247W,YLR466W,0,0.9433944,0.129397913813591,0.8668639063835144,0.5922291278839111
YOR368W,YCR086W,1,0.9433935,0.1295260488986969,0.867850124835968,0.5922291278839111
YDR023W,YER143W,0,0.94327176,0.12950699031352997,0.867850124835968,0.5923292636871338
YDR397C,YKL192C,0,0.9432037,0.12948793172836304,0.867850124835968,0.5924293994903564
YJR042W,YDR111C,0,0.9430231,0.1294688880443573,0.867850124835968,0.5925295352935791
YIL019W,YLR258W,0,0.9427283,0.12944984436035156,0.867850124835968,0.5926296710968018
YDR057W,YNL161W,0,0.94269186,0.12943080067634583,0.867850124835968,0.5927298069000244
YMR230W,YLR189C,0,0.94236064,0.12941177189350128,0.867850124835968,0.5928299427032471
YJL021C,YIL153W,0,0.94229066,0.12939274311065674,0.867850124835968,0.5929300785064697
YPL115C,YDL243C,0,0.9422488,0.1293737143278122,0.867850124835968,0.5930302143096924
YMR226C,YER071C,0,0.94213736,0.12935470044612885,0.867850124835968,0.5931304097175598
YIL017C,YML128C,1,0.9418974,0.12948265671730042,0.8688362836837769,0.5931304097175598
YFR031C-A,YPL169C,0,0.94170964,0.12946362793445587,0.8688362836837769,0.5932305455207825
YGL127C,YDR403W,1,0.94104123,0.12959153950214386,0.8698225021362305,0.5932305455207825
YDR104C,YJL018W,1,0.9397801,0.12971940636634827,0.8708086609840393,0.5932305455207825
YGR055W,YDR175C,0,0.9394854,0.12970034778118134,0.8708086609840393,0.5933306813240051
YJR049C,YER108C,0,0.939218,0.1296813040971756,0.8708086609840393,0.5934308171272278
YFR024C,YJL069C,0,0.9390579,0.12966226041316986,0.8708086609840393,0.5935309529304504
YNL190W,YML092C,0,0.93849576,0.12964323163032532,0.8708086609840393,0.5936310887336731
YDR111C,YBR034C,0,0.9382366,0.12962418794631958,0.8708086609840393,0.5937312245368958
YOR358W,YFR049W,0,0.93800604,0.12960515916347504,0.8708086609840393,0.5938313603401184
YIL017W,YDR325W,1,0.93791646,0.1297329068183899,0.8717948794364929,0.5938313603401184
YOL042W,YMR110C,0,0.9375657,0.12971386313438416,0.8717948794364929,0.5939314961433411
YPR158W-B,YPR037C,0,0.9374099,0.1296948343515396,0.8717948794364929,0.5940316319465637
YBR112C,YLR067C,0,0.9372057,0.12967580556869507,0.8717948794364929,0.5941317677497864
YDR189W,YFL011W,0,0.93717724,0.12965679168701172,0.8717948794364929,0.594231903553009
YPR034W,YBR003W,0,0.9370192,0.12963777780532837,0.8717948794364929,0.5943320393562317
YDR041W,YNL130C,0,0.93681955,0.12961876392364502,0.8717948794364929,0.5944322347640991
YHR185C,YLL014W,0,0.93557274,0.12959976494312286,0.8717948794364929,0.5945323705673218
YGR202C,YGR057C,0,0.9354123,0.1295807659626007,0.8717948794364929,0.5946325063705444
YJL054W,YDL211C,0,0.935399,0.12956178188323975,0.8717948794364929,0.5947326421737671
YDR098C-A,YDR108W,0,0.93532676,0.1295427829027176,0.8717948794364929,0.5948327779769897
YOR065W,YPL253C,0,0.9351823,0.12952381372451782,0.8717948794364929,0.5949329137802124
YLR328W,YGR161C-D,0,0.93502605,0.12950482964515686,0.8717948794364929,0.5950330495834351
YGL167C,YDL211C,0,0.9349725,0.1294858604669571,0.8717948794364929,0.5951331853866577
YML092C,YMR131C,0,0.9349388,0.12946690618991852,0.8717948794364929,0.5952333211898804
YLR442C,YJR046W,0,0.9346067,0.12944793701171875,0.8717948794364929,0.595333456993103
YKR100C,YHR201C,0,0.9344461,0.12942898273468018,0.8717948794364929,0.5954335927963257
YOR090C,YLR058C,0,0.9341985,0.1294100433588028,0.8717948794364929,0.5955337285995483
YER031C,YML101C,0,0.93385553,0.12939110398292542,0.8717948794364929,0.595633864402771
YBR295W,YER060W-A,0,0.9338509,0.12937216460704803,0.8717948794364929,0.5957340002059937
YDR468C,YLR056W,0,0.9334476,0.12935324013233185,0.8717948794364929,0.5958341956138611
YKL069W,YCL012W,0,0.9333604,0.12933431565761566,0.8717948794364929,0.5959343314170837
YHR033W,YBR109C,0,0.9332254,0.12931539118289948,0.8717948794364929,0.5960344672203064
YDR098C-A,YBR054W,0,0.9327845,0.12929648160934448,0.8717948794364929,0.596134603023529
YPL209C,YCL012W,0,0.93251306,0.1292775720357895,0.8717948794364929,0.5962347388267517
YKR049C,YER081W,0,0.93241864,0.1292586624622345,0.8717948794364929,0.5963348746299744
YGR046W,YGR161C-D,0,0.9322673,0.1292397677898407,0.8717948794364929,0.596435010433197
YFR024C,YCR005C,0,0.9317932,0.1292208731174469,0.8717948794364929,0.5965351462364197
YMR158W,YLL067C,0,0.9316952,0.1292019933462143,0.8717948794364929,0.5966352820396423
YHR009C,YOL103W-A,0,0.9314885,0.1291831135749817,0.8717948794364929,0.596735417842865
YGR181W,YHR079C-B,0,0.9311926,0.12916423380374908,0.8717948794364929,0.5968355536460876
YFR024C,YGL070C,0,0.9307016,0.12914536893367767,0.8717948794364929,0.5969356894493103
YMR318C,YIL098C,0,0.9294969,0.12912650406360626,0.8717948794364929,0.597035825252533
YOR273C,YPL021W,0,0.9293381,0.12910763919353485,0.8717948794364929,0.5971359610557556
YBR208C,YGL064C,0,0.92925566,0.12908878922462463,0.8717948794364929,0.597236156463623
YHR214C-C,YPL210C,0,0.92914414,0.12906993925571442,0.8717948794364929,0.5973362922668457
YBR078W,YGR142W,0,0.92801726,0.1290510892868042,0.8717948794364929,0.5974364280700684
YKL069W,YCL048W,0,0.9277002,0.12903225421905518,0.8717948794364929,0.597536563873291
YNL250W,YEL001C,0,0.9275818,0.12901343405246735,0.8717948794364929,0.5976366996765137
YGL105W,YPL233W,0,0.927146,0.12899459898471832,0.8717948794364929,0.5977368354797363
YGL028C,YPL076W,0,0.92640436,0.1289757788181305,0.8717948794364929,0.597836971282959
YCR091W,YKL043W,0,0.9260458,0.12895695865154266,0.8717948794364929,0.5979371070861816
YNL287W,YPR199C,0,0.92503977,0.12893815338611603,0.8717948794364929,0.5980372428894043
YIL022W,YLR044C,0,0.9245297,0.1289193481206894,0.8717948794364929,0.598137378692627
YDR148C,YBR218C,0,0.9238067,0.12890055775642395,0.8717948794364929,0.5982375144958496
YER014W,YNL156C,0,0.9237082,0.1288817673921585,0.8717948794364929,0.5983376502990723
YHR214W,YCR058C,0,0.9234406,0.12886297702789307,0.8717948794364929,0.5984377861022949
YAL048C,YKR007W,0,0.9233134,0.12884418666362762,0.8717948794364929,0.5985379815101624
YPL215W,YNR019W,0,0.9230479,0.12882541120052338,0.8717948794364929,0.598638117313385
YDR155C,YER115C,1,0.9225493,0.12895235419273376,0.8727810382843018,0.598638117313385
YGL151W,YMR131C,0,0.9225031,0.12893356382846832,0.8727810382843018,0.5987382531166077
YLL005C,YJL018W,1,0.9223281,0.12906044721603394,0.8737672567367554,0.5987382531166077
YDR343C,YKL051W,0,0.92231274,0.1290416568517685,0.8737672567367554,0.5988383889198303
YHR142W,YBR028C,0,0.92211884,0.12902286648750305,0.8737672567367554,0.598938524723053
YBR160W,YIR026C,1,0.9220336,0.1291496753692627,0.874753475189209,0.598938524723053
YFR010W,YLR006C,0,0.92145777,0.12913088500499725,0.874753475189209,0.5990386605262756
YDL235C,YHR020W,0,0.92089117,0.12911207973957062,0.874753475189209,0.5991387963294983
YNL142W,YFR025C,0,0.92077535,0.12909328937530518,0.874753475189209,0.599238932132721
YML041C,YDR268W,0,0.9196877,0.12907449901103973,0.874753475189209,0.5993390679359436
YGR174C,YBL091C,0,0.9193991,0.12905572354793549,0.874753475189209,0.5994392037391663
YML011C,YGL061C,0,0.91892594,0.12903694808483124,0.874753475189209,0.5995393395423889
YDR098C-B,YMR118C,0,0.9185539,0.12901818752288818,0.874753475189209,0.5996394753456116
YJL110C,YLR260W,0,0.9184269,0.12899941205978394,0.874753475189209,0.5997396111488342
YML057W,YIL148W,0,0.91834784,0.12898066639900208,0.874753475189209,0.5998397469520569
YDR098C-A,YLR432W,0,0.91821826,0.12896190583705902,0.874753475189209,0.5999399423599243
YPL203W,YGL127C,0,0.9178484,0.12894316017627716,0.874753475189209,0.600040078163147
YOR018W,YLR093C,0,0.91780066,0.1289244145154953,0.874753475189209,0.6001402139663696
YDR108W,YBR248C,0,0.9176855,0.12890568375587463,0.874753475189209,0.6002403497695923
YOR341W,YLR263W,0,0.9176699,0.12888695299625397,0.874753475189209,0.6003404855728149
YFL025C,YLR451W,0,0.91763854,0.1288682222366333,0.874753475189209,0.6004406213760376
YLR060W,YER071C,0,0.9175223,0.12884950637817383,0.874753475189209,0.6005407571792603
YOR363C,YOL011W,0,0.9169075,0.12883079051971436,0.874753475189209,0.6006408929824829
YAL048C,YGR138C,0,0.91655064,0.12881208956241608,0.874753475189209,0.6007410287857056
YGR097W,YDR098C-B,0,0.9163812,0.1287933737039566,0.874753475189209,0.6008411645889282
YNL180C,YCR063W,0,0.9163589,0.12877468764781952,0.874753475189209,0.6009413003921509
YCL051W,YGR244C,0,0.9160615,0.12875598669052124,0.874753475189209,0.6010414361953735
YGL070C,YHL035C,0,0.91561645,0.12873730063438416,0.874753475189209,0.6011415719985962
YBR131W,YDL117W,0,0.91511667,0.12871861457824707,0.874753475189209,0.6012417674064636
YOL104C,YHR079C-B,1,0.91496503,0.12884503602981567,0.8757396340370178,0.6012417674064636
YGL098W,YDR178W,0,0.9146969,0.1288263499736786,0.8757396340370178,0.6013419032096863
YOL103W-A,YLR150W,0,0.91339356,0.1288076639175415,0.8757396340370178,0.6014420390129089
YPL198W,YGL151W,0,0.91335535,0.12878897786140442,0.8757396340370178,0.6015421748161316
YBR107C,YBL008W,0,0.91303396,0.12877030670642853,0.8757396340370178,0.6016423106193542
YDL135C,YDR246W,0,0.9126283,0.12875163555145264,0.8757396340370178,0.6017424464225769
YKL185W,YLR118C,0,0.91208273,0.12873296439647675,0.8757396340370178,0.6018425822257996
YHR111W,YPR007C,0,0.91181207,0.12871430814266205,0.8757396340370178,0.6019427180290222
YNL020C,YOR359W,0,0.91174096,0.12869565188884735,0.8757396340370178,0.6020428538322449
YDR155C,YLL039C,1,0.9115088,0.12882190942764282,0.8767258524894714,0.6020428538322449
YHR079C-B,YDL031W,0,0.9114459,0.12880323827266693,0.8767258524894714,0.6021429896354675
YGL189C,YIR019C,0,0.9112581,0.12878458201885223,0.8767258524894714,0.6022431254386902
YJL058C,YPL049C,0,0.9112021,0.12876592576503754,0.8767258524894714,0.6023432612419128
YCR016W,YLR363C,0,0.91064674,0.12874728441238403,0.8767258524894714,0.6024433970451355
YPL215W,YDR515W,0,0.91004246,0.12872864305973053,0.8767258524894714,0.6025435328483582
YER108C,YGL151W,0,0.90984976,0.12871000170707703,0.8767258524894714,0.6026437282562256
YDR027C,YHR119W,1,0.9096005,0.12883612513542175,0.8777120113372803,0.6026437282562256
YDR104C,YDR126W,1,0.9095268,0.1289622187614441,0.8786982297897339,0.6026437282562256
YAL048C,YCR106W,0,0.90951234,0.1289435625076294,0.8786982297897339,0.6027438640594482
YBL008W,YDR025W,0,0.90912056,0.1289249062538147,0.8786982297897339,0.6028439998626709
YKR077W,YPR174C,0,0.9090761,0.12890625,0.8786982297897339,0.6029441356658936
YGR178C,YMR215W,0,0.90889233,0.1288876086473465,0.8786982297897339,0.6030442714691162
YPL221W,YDR019C,0,0.90865433,0.128868967294693,0.8786982297897339,0.6031444072723389
YBR090C-A,YBR028C,0,0.9085351,0.1288503259420395,0.8786982297897339,0.6032445430755615
YNR055C,YDR105C,0,0.90844023,0.12883169949054718,0.8786982297897339,0.6033446788787842
YPR143W,YPR131C,0,0.90827775,0.12881307303905487,0.8786982297897339,0.6034448146820068
YBR181C,YBR295W,0,0.90825117,0.12879444658756256,0.8786982297897339,0.6035449504852295
YER032W,YIR026C,0,0.90783525,0.12877583503723145,0.8786982297897339,0.6036450862884521
YDR023W,YGL107C,0,0.9076632,0.12875722348690033,0.8786982297897339,0.6037452220916748
YIL068C,YKL052C,0,0.9076258,0.1287386268377304,0.8786982297897339,0.6038453578948975
YOR273C,YOR271C,0,0.90679765,0.12872003018856049,0.8786982297897339,0.6039455533027649
YGR109W-A,YGR161C-D,0,0.90649116,0.12870143353939056,0.8786982297897339,0.6040456891059875
YLR409C,YOL095C,0,0.9062812,0.12868283689022064,0.8786982297897339,0.6041458249092102
YDR287W,YCL039W,0,0.90577334,0.12866425514221191,0.8786982297897339,0.6042459607124329
YJR049C,YJR096W,0,0.90545416,0.12864568829536438,0.8786982297897339,0.6043460965156555
YLR284C,YIL154C,0,0.90438926,0.12862710654735565,0.8786982297897339,0.6044462323188782
YKR100C,YNL176C,0,0.9042084,0.12860853970050812,0.8786982297897339,0.6045463681221008
YDL098C,YOR320C,0,0.9036303,0.12858998775482178,0.8786982297897339,0.6046465039253235
YDR189W,YBR100W,0,0.902858,0.12857143580913544,0.8786982297897339,0.6047466397285461
YOL078W,YIL130W,0,0.9028024,0.1285528838634491,0.8786982297897339,0.6048467755317688
YJR073C,YOL012C,0,0.9027147,0.12853433191776276,0.8786982297897339,0.6049469113349915
YKL080W,YPL156C,0,0.9025893,0.1285157948732376,0.8786982297897339,0.6050470471382141
YCR036W,YGL111W,0,0.90200055,0.12849725782871246,0.8786982297897339,0.6051471829414368
YBR295W,YNL055C,0,0.90196735,0.1284787356853485,0.8786982297897339,0.6052473187446594
YHL024W,YDL029W,1,0.90096974,0.12860438227653503,0.8796843886375427,0.6052473187446594
YDR407C,YER093C,0,0.90078604,0.1285858452320099,0.8796843886375427,0.6053475141525269
YKL069W,YCR058C,0,0.9002884,0.12856730818748474,0.8796843886375427,0.6054476499557495
YPL175W,YHL050C,0,0.90004206,0.1285487860441208,0.8796843886375427,0.6055477857589722
YDR435C,YDR343C,0,0.8997452,0.12853026390075684,0.8796843886375427,0.6056479215621948
YLR167W,YEL044W,0,0.89940983,0.12851174175739288,0.8796843886375427,0.6057480573654175
YLR085C,YKL134C,0,0.8993763,0.12849323451519012,0.8796843886375427,0.6058481931686401
YBR090C-A,YNL111C,0,0.89797676,0.12847472727298737,0.8796843886375427,0.6059483289718628
YHL006C,YGR044C,0,0.8977355,0.1284562200307846,0.8796843886375427,0.6060484647750854
YDR210C-D,YEL044W,0,0.8973357,0.12843772768974304,0.8796843886375427,0.6061486005783081
YKL033W,YDR189W,0,0.89728785,0.12841923534870148,0.8796843886375427,0.6062487363815308
YOR192C,YNL094W,0,0.8970618,0.1284007430076599,0.8796843886375427,0.6063488721847534
YJR109C,YJL127C,0,0.89691985,0.12838226556777954,0.8796843886375427,0.6064490079879761
YDR434W,YBR168W,0,0.8967032,0.12836378812789917,0.8796843886375427,0.6065491437911987
YOL076W,YDL211C,0,0.89669085,0.12834532558918,0.8796843886375427,0.6066492795944214
YPL022W,YDR099W,1,0.8964954,0.12847071886062622,0.8806706070899963,0.6066492795944214
YIL014W,YOR357C,0,0.8962671,0.12845224142074585,0.8806706070899963,0.6067494750022888
YFL056C,YLR315W,0,0.8961067,0.12843376398086548,0.8806706070899963,0.6068496108055115
YDR210C-D,YFR049W,0,0.8960233,0.1284153014421463,0.8806706070899963,0.6069497466087341
YBR100W,YNL065W,0,0.8960025,0.12839683890342712,0.8806706070899963,0.6070498824119568
YAL007C,YHR118C,0,0.895473,0.12837837636470795,0.8806706070899963,0.6071500182151794
YOR207C,YMR158W,0,0.8954197,0.12835992872714996,0.8806706070899963,0.6072501540184021
YOR002W,YPL156C,0,0.89484715,0.12834148108959198,0.8806706070899963,0.6073502898216248
YAL068C,YKL079W,0,0.8945561,0.128323033452034,0.8806706070899963,0.6074504256248474
YLR194C,YHL026C,0,0.89449394,0.1283046007156372,0.8806706070899963,0.6075505614280701
YLR193C,YDR372C,0,0.8943633,0.12828616797924042,0.8806706070899963,0.6076506972312927
YLR432W,YNL294C,0,0.89425313,0.12826773524284363,0.8806706070899963,0.6077508330345154
YMR110C,YLR143W,0,0.89403427,0.12824931740760803,0.8806706070899963,0.607850968837738
YGL181W,YCR086W,1,0.89393634,0.12837450206279755,0.88165682554245,0.607850968837738
YER133W,YER020W,1,0.8933668,0.12849964201450348,0.8826429843902588,0.607850968837738
YBR034C,YDL149W,0,0.89331913,0.1284811943769455,0.8826429843902588,0.6079511046409607
YJL096W,YGL198W,0,0.89327997,0.1284627467393875,0.8826429843902588,0.6080513000488281
YPL058C,YER167W,0,0.89218336,0.12844431400299072,0.8826429843902588,0.6081514358520508
YNL286W,YIL069C,0,0.8921238,0.12842588126659393,0.8826429843902588,0.6082515716552734
YDR210C-D,YHR090C,0,0.89205664,0.12840746343135834,0.8826429843902588,0.6083517074584961
YDR325W,YJL186W,0,0.8906853,0.12838904559612274,0.8826429843902588,0.6084518432617188
YFR024C,YDR398W,0,0.89055574,0.12837062776088715,0.8826429843902588,0.6085519790649414
YFR034C,YIL130W,0,0.8902399,0.12835220992565155,0.8826429843902588,0.6086521148681641
YBR043C,YDR007W,0,0.8900517,0.12833380699157715,0.8826429843902588,0.6087522506713867
YJL018W,YHR152W,1,0.8898715,0.12845878303050995,0.8836292028427124,0.6087522506713867
YLR227W-A,YHR185C,0,0.8893826,0.12844036519527435,0.8836292028427124,0.6088523864746094
YBL035C,YOR048C,0,0.88892764,0.12842196226119995,0.8836292028427124,0.608952522277832
YLR227W-A,YDR189W,0,0.8885221,0.12840355932712555,0.8836292028427124,0.6090526580810547
YPL169C,YFL049W,0,0.8883599,0.12838515639305115,0.8836292028427124,0.6091527938842773
YFR024C,YPL056C,0,0.88747776,0.12836676836013794,0.8836292028427124,0.6092529296875
YER023W,YNL054W-A,0,0.88713294,0.12834838032722473,0.8836292028427124,0.6093530654907227
YDR287W,YDL012C,0,0.88711077,0.12832999229431152,0.8836292028427124,0.6094532608985901
YOL098C,YJL127C,0,0.88656306,0.1283116191625595,0.8836292028427124,0.6095533967018127
YPL198W,YOR132W,0,0.88647044,0.1282932460308075,0.8836292028427124,0.6096535325050354
YCR058C,YOR129C,0,0.8862,0.12827487289905548,0.8836292028427124,0.6097536683082581
YKR085C,YCL012W,0,0.88598305,0.12825651466846466,0.8836292028427124,0.6098538041114807
YJR117W,YFR053C,0,0.8859693,0.12823815643787384,0.8836292028427124,0.6099539399147034
YLR102C,YBR101C,0,0.88596165,0.12821979820728302,0.8836292028427124,0.610054075717926
YGR099W,YCL001W,0,0.885361,0.1282014548778534,0.8836292028427124,0.6101542115211487
YLR323C,YHR020W,0,0.8852312,0.12818311154842377,0.8836292028427124,0.6102543473243713
YOL144W,YDL209C,0,0.88495076,0.12816478312015533,0.8836292028427124,0.610354483127594
YNR032C-A,YGR094W,0,0.8848654,0.1281464546918869,0.8836292028427124,0.6104546189308167
YIL154C,YGL107C,0,0.88448346,0.12812812626361847,0.8836292028427124,0.6105547547340393
YER041W,YHR146W,0,0.8840751,0.12810981273651123,0.8836292028427124,0.610654890537262
YPR158W-B,YGL053W,0,0.8834984,0.128091499209404,0.8836292028427124,0.6107550859451294
YDR287W,YEL001C,0,0.8833256,0.12807318568229675,0.8836292028427124,0.610855221748352
YNL183C,YJL173C,0,0.8832671,0.1280548870563507,0.8836292028427124,0.6109553575515747
YFR024C,YNL025C,0,0.8831823,0.12803658843040466,0.8836292028427124,0.6110554933547974
YNL247W,YFR034C,0,0.8824888,0.12801828980445862,0.8836292028427124,0.61115562915802
YLR227W-A,YOR068C,0,0.88244414,0.12800000607967377,0.8836292028427124,0.6112557649612427
YNL173C,YNL054W-A,0,0.88239384,0.12798172235488892,0.8836292028427124,0.6113559007644653
YNL180C,YPL040C,0,0.8823696,0.12796343863010406,0.8836292028427124,0.611456036567688
YHR154W,YOR253W,0,0.8813441,0.1279451698064804,0.8836292028427124,0.6115561723709106
YHR157W,YIL017W,1,0.8804368,0.128069669008255,0.8846153616905212,0.6115561723709106
YCR105W,YOL126C,0,0.88037884,0.12805138528347015,0.8846153616905212,0.6116563081741333
YOL078W,YJL208C,0,0.8801893,0.1280331164598465,0.8846153616905212,0.611756443977356
YKL191W,YOL103W-A,0,0.8799778,0.12801484763622284,0.8846153616905212,0.6118565797805786
YPL105C,YOR247W,0,0.8798754,0.12799657881259918,0.8846153616905212,0.6119567155838013
YDR325W,YGR057C,0,0.8797705,0.12797830998897552,0.8846153616905212,0.6120568513870239
YDR098C-A,YGL006W,0,0.87969875,0.12796005606651306,0.8846153616905212,0.6121570467948914
YOR129C,YHR193C,0,0.87960947,0.1279418021440506,0.8846153616905212,0.612257182598114
YLR131C,YPL215W,0,0.87916774,0.12792356312274933,0.8846153616905212,0.6123573184013367
YFL011W,YOL103W-A,0,0.8789604,0.12790532410144806,0.8846153616905212,0.6124574542045593
YNL145W,YEL032W,0,0.87893283,0.1278870850801468,0.8846153616905212,0.612557590007782
YLR004C,YGR044C,0,0.8785195,0.12786884605884552,0.8846153616905212,0.6126577258110046
YNL102W,YJL018W,1,0.8781943,0.1279931515455246,0.8856015801429749,0.6126577258110046
YOR266W,YNL038W,0,0.87815475,0.12797491252422333,0.8856015801429749,0.6127578616142273
YKR029C,YML032C,1,0.8780441,0.12809917330741882,0.8865877985954285,0.6127578616142273
YOL135C,YLR181C,0,0.8779862,0.12808091938495636,0.8865877985954285,0.61285799741745
YDR091C,YML133C,0,0.87789905,0.1280626803636551,0.8865877985954285,0.6129581332206726
YNR032C-A,YNL194C,0,0.87773776,0.12804444134235382,0.8865877985954285,0.6130582690238953
YNL199C,YMR072W,0,0.87763345,0.12802620232105255,0.8865877985954285,0.6131584048271179
YGR181W,YBR090C-A,0,0.8772484,0.12800797820091248,0.8865877985954285,0.6132585406303406
YDL135C,YLR181C,0,0.87700504,0.1279897540807724,0.8865877985954285,0.6133586764335632
YCR058C,YHR080C,0,0.87694633,0.12797152996063232,0.8865877985954285,0.6134588718414307
YDL091C,YDR375C,0,0.87677383,0.12795332074165344,0.8865877985954285,0.6135590076446533
YFR016C,YBR146W,0,0.8763797,0.12793511152267456,0.8865877985954285,0.613659143447876
YNL094W,YBR034C,0,0.87626374,0.12791690230369568,0.8865877985954285,0.6137592792510986
YOR136W,YHR149C,0,0.8761962,0.127898707985878,0.8865877985954285,0.6138594150543213
YMR041C,YNL068C,0,0.8749668,0.1278805136680603,0.8865877985954285,0.613959550857544
YBR211C,YLR044C,0,0.8748209,0.12786231935024261,0.8865877985954285,0.6140596866607666
YIL156W,YHR202W,0,0.87458974,0.12784413993358612,0.8865877985954285,0.6141598224639893
YJL167W,YDR406W,0,0.87382114,0.12782596051692963,0.8865877985954285,0.6142599582672119
YAL068C,YDL149W,0,0.87337303,0.12780779600143433,0.8865877985954285,0.6143600940704346
YJR108W,YKL051W,0,0.87316704,0.12778961658477783,0.8865877985954285,0.6144602298736572
YOL042W,YLR288C,0,0.8728633,0.12777146697044373,0.8865877985954285,0.6145603656768799
YPL146C,YOR254C,0,0.8726269,0.12775330245494843,0.8865877985954285,0.6146605014801025
YLR193C,YBL091C,0,0.8722561,0.12773515284061432,0.8865877985954285,0.6147606372833252
YMR318C,YLR413W,0,0.87212604,0.1277170032262802,0.8865877985954285,0.6148608326911926
YIL052C,YNL240C,0,0.87197435,0.1276988685131073,0.8865877985954285,0.6149609684944153
YOR045W,YML133C,0,0.8714993,0.1276807337999344,0.8865877985954285,0.6150611042976379
YPL126W,YMR226C,0,0.87143624,0.12766259908676147,0.8865877985954285,0.6151612401008606
YBL080C,YJL003W,0,0.8703754,0.12764446437358856,0.8865877985954285,0.6152613759040833
YHR170W,YNR033W,0,0.87012863,0.12762634456157684,0.8865877985954285,0.6153615117073059
YJR118C,YMR035W,0,0.8698139,0.12760823965072632,0.8865877985954285,0.6154616475105286
YLL018C-A,YER123W,0,0.8693913,0.1275901198387146,0.8865877985954285,0.6155617833137512
YGR004W,YIL123W,0,0.8691457,0.12757201492786407,0.8865877985954285,0.6156619191169739
YAR042W,YLR299W,0,0.8689128,0.12755391001701355,0.8865877985954285,0.6157620549201965
YPL235W,YGL151W,0,0.86838233,0.12753582000732422,0.8865877985954285,0.6158621907234192
YEL020W-A,YKR052C,0,0.86764216,0.1275177299976349,0.8865877985954285,0.6159623265266418
YDR243C,YMR002W,0,0.8664019,0.12749963998794556,0.8865877985954285,0.6160624623298645
YJL078C,YPL040C,0,0.86632854,0.12748156487941742,0.8865877985954285,0.6161625981330872
YJL012C,YBL047C,0,0.8662028,0.12746348977088928,0.8865877985954285,0.6162627935409546
YMR192W,YGR244C,0,0.8661514,0.12744541466236115,0.8865877985954285,0.6163629293441772
YHR158C,YPR148C,0,0.86563265,0.1274273544549942,0.8865877985954285,0.6164630651473999
YJL021C,YPL049C,0,0.86545265,0.12740929424762726,0.8865877985954285,0.6165632009506226
YGL098W,YLR093C,0,0.8652686,0.1273912489414215,0.8865877985954285,0.6166633367538452
YDR482C,YDR243C,0,0.8651337,0.12737318873405457,0.8865877985954285,0.6167634725570679
YCR086W,YPL156C,0,0.86486447,0.12735514342784882,0.8865877985954285,0.6168636083602905
YDR100W,YPL061W,0,0.86407197,0.12733711302280426,0.8865877985954285,0.6169637441635132
YBR130C,YOR019W,0,0.8638765,0.1273190826177597,0.8865877985954285,0.6170638799667358
YHR122W,YPR057W,0,0.8633299,0.12730105221271515,0.8865877985954285,0.6171640157699585
YAR033W,YGR040W,0,0.8624275,0.1272830218076706,0.8865877985954285,0.6172641515731812
YFR024C,YLR248W,0,0.8618317,0.12726500630378723,0.8865877985954285,0.6173642873764038
YHR190W,YMR183C,0,0.8616086,0.12724699079990387,0.8865877985954285,0.6174644231796265
YHL011C,YGL049C,0,0.8604491,0.1272289901971817,0.8865877985954285,0.6175646185874939
YER033C,YCL012W,0,0.8604462,0.12721097469329834,0.8865877985954285,0.6176647543907166
YDR235W,YBL047C,0,0.8602418,0.12719298899173737,0.8865877985954285,0.6177648901939392
YLR361C,YDR257C,0,0.86012423,0.1271749883890152,0.8865877985954285,0.6178650259971619
YCL051W,YIR026C,0,0.86010706,0.12715700268745422,0.8865877985954285,0.6179651618003845
YDR516C,YBL058W,1,0.85990965,0.12728044390678406,0.8875739574432373,0.6179651618003845
YKL045W,YHL028W,0,0.85918045,0.1272624433040619,0.8875739574432373,0.6180652976036072
YFL005W,YJL106W,1,0.8590915,0.12738583981990814,0.8885601758956909,0.6180652976036072
YJR084W,YPL100W,0,0.85899055,0.12736782431602478,0.8885601758956909,0.6181654334068298
YHR202W,YNR038W,0,0.8589375,0.1273498237133026,0.8885601758956909,0.6182655692100525
YOR320C,YMR237W,0,0.8588606,0.12733182311058044,0.8885601758956909,0.6183657050132751
YDR528W,YPL056C,0,0.85875463,0.12731383740901947,0.8885601758956909,0.6184658408164978
YPL234C,YDL031W,0,0.858667,0.1272958517074585,0.8885601758956909,0.6185659766197205
YER149C,YDL134C,0,0.8582049,0.12727786600589752,0.8885601758956909,0.6186661124229431
YNL020C,YPR169W,0,0.85804456,0.12725988030433655,0.8885601758956909,0.6187662482261658
YOL122C,YER143W,0,0.8579893,0.12724190950393677,0.8885601758956909,0.6188663840293884
YBR057C,YER020W,1,0.8578343,0.12736515700817108,0.8895463347434998,0.6188663840293884
YOL103W-A,YDR437W,0,0.85755056,0.1273471713066101,0.8895463347434998,0.6189665794372559
YJL110C,YDR098C-A,0,0.8573633,0.12732918560504913,0.8895463347434998,0.6190667152404785
YHR214C-C,YFR040W,0,0.85691905,0.12731121480464935,0.8895463347434998,0.6191668510437012
YDR372C,YNL054W,0,0.85690063,0.12729325890541077,0.8895463347434998,0.6192669868469238
YLR409C,YCR106W,0,0.85663694,0.127275288105011,0.8895463347434998,0.6193671226501465
YDL240W,YMR153W,0,0.85534596,0.1272573322057724,0.8895463347434998,0.6194672584533691
YHR210C,YDR384C,0,0.8550266,0.127239391207695,0.8895463347434998,0.6195673942565918
YGR080W,YCR058C,0,0.8548654,0.12722143530845642,0.8895463347434998,0.6196675300598145
YNL284C-B,YDR468C,0,0.85466874,0.12720349431037903,0.8895463347434998,0.6197676658630371
YOL098C,YPL225W,0,0.8545606,0.12718556821346283,0.8895463347434998,0.6198678016662598
YNL103W,YML011C,0,0.854404,0.12716762721538544,0.8895463347434998,0.6199679374694824
YJR049C,YHR096C,0,0.85428864,0.12714970111846924,0.8895463347434998,0.6200680732727051
YML102W,YKL087C,0,0.8542597,0.12713178992271423,0.8895463347434998,0.6201682090759277
YNL284C-B,YPL156C,0,0.8542172,0.12711386382579803,0.8895463347434998,0.6202684044837952
YDR446W,YJL018W,1,0.8540129,0.12723685801029205,0.8905325531959534,0.6202684044837952
YHR202W,YKL155C,0,0.85351384,0.12721893191337585,0.8905325531959534,0.6203685402870178
YBR279W,YLR293C,0,0.85341084,0.12720102071762085,0.8905325531959534,0.6204686760902405
YPL013C,YNL294C,0,0.8530978,0.12718309462070465,0.8905325531959534,0.6205688118934631
YML061C,YGL195W,0,0.85297763,0.12716518342494965,0.8905325531959534,0.6206689476966858
YBR295W,YGL105W,0,0.85270387,0.12714728713035583,0.8905325531959534,0.6207690834999084
YJL179W,YGR122W,0,0.8526916,0.12712937593460083,0.8905325531959534,0.6208692193031311
YJR131W,YMR153W,0,0.8525949,0.12711147964000702,0.8905325531959534,0.6209693551063538
YDL209C,YEL024W,0,0.8517872,0.1270935982465744,0.8905325531959534,0.6210694909095764
YNL062C,YDR289C,0,0.85171247,0.12707571685314178,0.8905325531959534,0.6211696267127991
YBL063W,YMR074C,0,0.8514986,0.12705783545970917,0.8905325531959534,0.6212697625160217
YER102W,YPR007C,0,0.8508736,0.12703995406627655,0.8905325531959534,0.6213698983192444
YKL002W,YJL168C,0,0.8508268,0.12702208757400513,0.8905325531959534,0.621470034122467
YHR103W,YOL103W-A,0,0.8507103,0.1270042210817337,0.8905325531959534,0.6215701699256897
YDR002W,YDR365W-A,0,0.8506509,0.12698635458946228,0.8905325531959534,0.6216703653335571
YKL005C,YBR121C,0,0.8500145,0.12696850299835205,0.8905325531959534,0.6217705011367798
YGR099W,YOL103W-A,0,0.84972465,0.12695065140724182,0.8905325531959534,0.6218706369400024
YHL003C,YGR040W,0,0.8489744,0.12693281471729279,0.8905325531959534,0.6219707727432251
YPL224C,YIL011W,0,0.84875244,0.12691496312618256,0.8905325531959534,0.6220709085464478
YML032C,YLR330W,1,0.8486624,0.1270376592874527,0.8915187120437622,0.6220709085464478
YDL235C,YPR055W,0,0.84835404,0.12701980769634247,0.8915187120437622,0.6221710443496704
YHL031C,YGR005C,0,0.8480963,0.12700197100639343,0.8915187120437622,0.6222711801528931
YLL031C,YOR335C,0,0.84805226,0.1269841343164444,0.8915187120437622,0.6223713159561157
YLR019W,YDL134C,0,0.84792566,0.12696629762649536,0.8915187120437622,0.6224714517593384
YLR390W-A,YIL154C,0,0.8478092,0.12694846093654633,0.8915187120437622,0.622571587562561
YPL169C,YDR217C,0,0.8477039,0.12693063914775848,0.8915187120437622,0.6226717233657837
YDL135C,YHR073W,0,0.8475512,0.12691281735897064,0.8915187120437622,0.6227718591690063
YFR024C,YAL011W,0,0.84699357,0.1268949955701828,0.8915187120437622,0.622871994972229
YIL119C,YCL012W,0,0.8468795,0.12687718868255615,0.8915187120437622,0.6229721903800964
YDR098C-A,YLR118C,0,0.8466451,0.1268593817949295,0.8915187120437622,0.6230723261833191
YIL123W,YGL049C,0,0.846541,0.12684158980846405,0.8915187120437622,0.6231724619865417
YOR266W,YDL124W,0,0.8464688,0.1268237978219986,0.8915187120437622,0.6232725977897644
YCR016W,YJR027W,0,0.84615624,0.12680600583553314,0.8915187120437622,0.6233727335929871
YJL054W,YNR033W,0,0.8461082,0.1267882138490677,0.8915187120437622,0.6234728693962097
YKL048C,YOR254C,0,0.84608525,0.12677043676376343,0.8915187120437622,0.6235730051994324
YFL025C,YIR004W,0,0.8452465,0.12675265967845917,0.8915187120437622,0.623673141002655
YKL029C,YKL058W,0,0.8448634,0.1267348974943161,0.8915187120437622,0.6237732768058777
YML059C,YOR247W,0,0.8438111,0.12671713531017303,0.8915187120437622,0.6238734126091003
YDL003W,YHR020W,0,0.8430315,0.12669937312602997,0.8915187120437622,0.623973548412323
YEL001C,YMR072W,0,0.8429569,0.1266816109418869,0.8915187120437622,0.6240736842155457
YNL240C,YOR048C,0,0.8427993,0.12666386365890503,0.8915187120437622,0.6241738200187683
YLR059C,YNL081C,0,0.84269726,0.12664611637592316,0.8915187120437622,0.624273955821991
YGR170W,YBR100W,0,0.8424462,0.12662838399410248,0.8915187120437622,0.6243741512298584
YLR227W-A,YIL120W,0,0.8424049,0.1266106516122818,0.8915187120437622,0.624474287033081
YMR041C,YCL012W,0,0.8423369,0.12659291923046112,0.8915187120437622,0.6245744228363037
YMR156C,YPL178W,0,0.8421097,0.12657518684864044,0.8915187120437622,0.6246745586395264
YJR035W,YMR237W,0,0.8416902,0.12655746936798096,0.8915187120437622,0.624774694442749
YLR227W-A,YML107C,0,0.8415544,0.12653975188732147,0.8915187120437622,0.6248748302459717
YKL149C,YKL040C,0,0.8411505,0.12652204930782318,0.8915187120437622,0.6249749660491943
YGL073W,YCL035C,0,0.84091663,0.1265043318271637,0.8915187120437622,0.625075101852417
YLR390W-A,YKL014C,0,0.8407043,0.1264866441488266,0.8915187120437622,0.6251752376556396
YIL053W,YBR254C,0,0.84064883,0.1264689415693283,0.8915187120437622,0.6252753734588623
YPL130W,YHR079C-B,0,0.8397596,0.1264512538909912,0.8915187120437622,0.625375509262085
YML023C,YNL130C,0,0.8394358,0.1264335662126541,0.8915187120437622,0.6254756450653076
YNL103W,YBR100W,0,0.83880264,0.12641587853431702,0.8915187120437622,0.6255757808685303
YIL096C,YGL049C,0,0.8386887,0.1263982057571411,0.8915187120437622,0.6256759166717529
YER177W,YDR204W,0,0.83865595,0.1263805329799652,0.8915187120437622,0.6257761120796204
YLR059C,YJL168C,0,0.838342,0.1263628751039505,0.8915187120437622,0.625876247882843
YDR471W,YJL168C,0,0.838245,0.1263452172279358,0.8915187120437622,0.6259763836860657
YGR181W,YBR248C,0,0.8380955,0.12632755935192108,0.8915187120437622,0.6260765194892883
YLL031C,YOR132W,0,0.83768326,0.12630990147590637,0.8915187120437622,0.626176655292511
YDR098C-A,YKL155C,0,0.83758,0.12629225850105286,0.8915187120437622,0.6262767910957336
YAL002W,YHL003C,0,0.83713925,0.12627461552619934,0.8915187120437622,0.6263769268989563
YLR083C,YBL056W,0,0.8367851,0.12625698745250702,0.8915187120437622,0.626477062702179
YMR215W,YDR365W-A,0,0.8367691,0.1262393593788147,0.8915187120437622,0.6265771985054016
YJL035C,YNR055C,0,0.836449,0.12622173130512238,0.8915187120437622,0.6266773343086243
YKL110C,YER102W,0,0.83633804,0.12620410323143005,0.8915187120437622,0.6267774701118469
YJR109C,YBR045C,0,0.835409,0.12618649005889893,0.8915187120437622,0.6268776059150696
YBR279W,YGR080W,0,0.83509094,0.1261688768863678,0.8915187120437622,0.6269777417182922
YMR242C,YOL116W,0,0.8341963,0.12615126371383667,0.8915187120437622,0.6270779371261597
YBR100W,YDR512C,1,0.8333024,0.12627319991588593,0.8925049304962158,0.6270779371261597
YKL197C,YKL079W,0,0.83308554,0.1262555867433548,0.8925049304962158,0.6271780729293823
YLR390W-A,YHR150W,0,0.832909,0.12623797357082367,0.8925049304962158,0.627278208732605
YJL013C,YKR085C,0,0.832797,0.12622036039829254,0.8925049304962158,0.6273783445358276
YNL294C,YNL250W,1,0.8325576,0.12634220719337463,0.8934911489486694,0.6273783445358276
YBR109C,YPR180W,0,0.8323972,0.1263245940208435,0.8934911489486694,0.6274784803390503
YPL001W,YEL001C,0,0.83236474,0.12630698084831238,0.8934911489486694,0.627578616142273
YIL068C,YPL156C,0,0.8320721,0.12628938257694244,0.8934911489486694,0.6276787519454956
YML107C,YMR230W,0,0.8320352,0.1262717843055725,0.8934911489486694,0.6277788877487183
YBR090C-A,YGL058W,0,0.8318219,0.12625418603420258,0.8934911489486694,0.6278790235519409
YDR398W,YDR359C,0,0.8315696,0.12623658776283264,0.8934911489486694,0.6279791593551636
YDR308C,YKL138C,0,0.83154476,0.1262190043926239,0.8934911489486694,0.6280792951583862
YPL179W,YGR161C-D,0,0.8299622,0.12620142102241516,0.8934911489486694,0.6281794309616089
YIL148W,YER129W,0,0.8298153,0.12618383765220642,0.8934911489486694,0.6282795667648315
YGR178C,YPL179W,0,0.82899785,0.12616626918315887,0.8934911489486694,0.6283797025680542
YDL105W,YIR026C,0,0.82738113,0.12614870071411133,0.8934911489486694,0.6284798979759216
YJL018W,YNL098C,1,0.8273603,0.1262703537940979,0.8944773077964783,0.6284798979759216
YJR042W,YOL121C,0,0.8272281,0.12625278532505035,0.8944773077964783,0.6285800337791443
YBR100W,YPL204W,1,0.8270877,0.12637439370155334,0.8954635262489319,0.6285800337791443
YER093C,YNL038W,0,0.82701373,0.1263568103313446,0.8954635262489319,0.6286801695823669
YMR105C,YPR068C,0,0.82616913,0.12633922696113586,0.8954635262489319,0.6287803053855896
YCR058C,YOR195W,0,0.82608545,0.12632164359092712,0.8954635262489319,0.6288804411888123
YPR110C,YLR248W,0,0.8258127,0.12630407512187958,0.8954635262489319,0.6289805769920349
YOR087W,YHR009C,0,0.8256893,0.12628650665283203,0.8954635262489319,0.6290807127952576
YNL054W-A,YBR162C,0,0.82535076,0.12626895308494568,0.8954635262489319,0.6291808485984802
YMR059W,YER081W,0,0.8252833,0.12625138461589813,0.8954635262489319,0.6292809844017029
YLR219W,YER095W,1,0.82493556,0.12637285888195038,0.8964496850967407,0.6292809844017029
YJL021C,YJR046W,0,0.8248779,0.12635529041290283,0.8964496850967407,0.6293811202049255
YJL021C,YKL114C,0,0.82472897,0.12633773684501648,0.8964496850967407,0.6294812560081482
YOR049C,YDR517W,0,0.82446635,0.12632018327713013,0.8964496850967407,0.6295813918113708
YGL189C,YOR247W,0,0.82316667,0.12630262970924377,0.8964496850967407,0.6296815276145935
YBL008W,YOL061W,0,0.8230748,0.12628507614135742,0.8964496850967407,0.6297817230224609
YCR058C,YBR248C,0,0.82237816,0.12626753747463226,0.8964496850967407,0.6298818588256836
YNL054W-A,YEL044W,0,0.8220751,0.1262499988079071,0.8964496850967407,0.6299819946289062
YDR398W,YMR177W,0,0.8220589,0.12623247504234314,0.8964496850967407,0.6300821304321289
YLR102C,YKL155C,0,0.82168907,0.12621493637561798,0.8964496850967407,0.6301822662353516
YOR193W,YJR118C,0,0.8216632,0.12619741261005402,0.8964496850967407,0.6302824020385742
YGR202C,YOR172W,0,0.82145226,0.12617990374565125,0.8964496850967407,0.6303825378417969
YKR053C,YLR347C,0,0.8214444,0.12616237998008728,0.8964496850967407,0.6304826736450195
YDR350C,YER102W,0,0.82140887,0.1261448860168457,0.8964496850967407,0.6305828094482422
YCR016W,YER129W,0,0.8211676,0.12612737715244293,0.8964496850967407,0.6306829452514648
YER028C,YMR072W,0,0.8210734,0.12610988318920135,0.8964496850967407,0.6307830810546875
YMR234W,YMR156C,0,0.8207313,0.12609238922595978,0.8964496850967407,0.6308832168579102
YPR097W,YLR181C,0,0.82066,0.1260748952627182,0.8964496850967407,0.6309833526611328
YDL235C,YOL012C,0,0.8204461,0.12605741620063782,0.8964496850967407,0.6310834884643555
YNL263C,YFR038W,0,0.8199726,0.12603993713855743,0.8964496850967407,0.6311836838722229
YCL048W,YJL208C,0,0.8197813,0.12602245807647705,0.8964496850967407,0.6312838196754456
YHR110W,YHR079C-B,0,0.8197378,0.12600499391555786,0.8964496850967407,0.6313839554786682
YGL104C,YGR253C,0,0.81972444,0.12598752975463867,0.8964496850967407,0.6314840912818909
YJL057C,YNL054W-A,0,0.8194821,0.12597006559371948,0.8964496850967407,0.6315842270851135
YHL028W,YOL061W,0,0.81887746,0.1259526163339615,0.8964496850967407,0.6316843628883362
YOL098C,YJR041C,0,0.8186892,0.1259351670742035,0.8964496850967407,0.6317844986915588
YLR239C,YDR201W,0,0.8182962,0.1259177178144455,0.8964496850967407,0.6318846344947815
YDR078C,YOR103C,0,0.8181342,0.1259002834558487,0.8964496850967407,0.6319847702980042
YGL107C,YKL039W,0,0.81810105,0.1258828490972519,0.8964496850967407,0.6320849061012268
YGR060W,YHR194W,0,0.81782585,0.1258654147386551,0.8964496850967407,0.6321850419044495
YNL031C,YHL011C,0,0.8169168,0.1258479803800583,0.8964496850967407,0.6322851777076721
YDL093W,YBL025W,0,0.8165509,0.12583056092262268,0.8964496850967407,0.6323853135108948
YOR117W,YDR430C,0,0.81641614,0.12581314146518707,0.8964496850967407,0.6324855089187622
YLR102C,YPR174C,0,0.81610453,0.12579573690891266,0.8964496850967407,0.6325856447219849
YGL098W,YGR005C,0,0.81585646,0.12577833235263824,0.8964496850967407,0.6326857805252075
YHR165C,YPL253C,0,0.815292,0.12576092779636383,0.8964496850967407,0.6327859163284302
YPL171C,YOL096C,0,0.8149274,0.1257435381412506,0.8964496850967407,0.6328860521316528
YPL116W,YCR031C,0,0.81474245,0.1257261484861374,0.8964496850967407,0.6329861879348755
YOL132W,YBR100W,1,0.81375635,0.12584704160690308,0.8974359035491943,0.6329861879348755
YNL284C-B,YOR156C,0,0.8133588,0.12582965195178986,0.8974359035491943,0.6330863237380981
YHR120W,YDR395W,0,0.81273246,0.12581224739551544,0.8974359035491943,0.6331864595413208
YHL003C,YGR030C,0,0.81251216,0.12579485774040222,0.8974359035491943,0.6332865953445435
YHR122W,YHR169W,0,0.81227916,0.125777468085289,0.8974359035491943,0.6333867311477661
YDR528W,YDR292C,0,0.8121382,0.12576009333133698,0.8974359035491943,0.6334868669509888
YML081W,YKL080W,0,0.8120685,0.12574270367622375,0.8974359035491943,0.6335870027542114
YDR407C,YDR395W,0,0.81132865,0.12572534382343292,0.8974359035491943,0.6336871385574341
YBR046C,YLR239C,0,0.8113049,0.1257079690694809,0.8974359035491943,0.6337872743606567
YPR161C,YKL149C,0,0.81129944,0.12569060921669006,0.8974359035491943,0.6338874697685242
YDR002W,YCR065W,0,0.81119317,0.12567324936389923,0.8974359035491943,0.6339876055717468
YBR233W-A,YGL167C,0,0.8111238,0.1256558895111084,0.8974359035491943,0.6340877413749695
YPR192W,YER133W,1,0.81072193,0.12577661871910095,0.8984220623970032,0.6340877413749695
YPR143W,YBR149W,0,0.81014895,0.12575924396514893,0.8984220623970032,0.6341878771781921
YIL098C,YBR193C,0,0.8101148,0.1257418841123581,0.8984220623970032,0.6342880129814148
YBR090C-A,YOL116W,0,0.8099166,0.12572453916072845,0.8984220623970032,0.6343881487846375
YJL021C,YBL005W,0,0.80980444,0.12570719420909882,0.8984220623970032,0.6344882845878601
YLR234W,YAL011W,0,0.8097932,0.12568984925746918,0.8984220623970032,0.6345884203910828
YGR138C,YCL012W,0,0.8097093,0.12567250430583954,0.8984220623970032,0.6346885561943054
YDR175C,YIR031C,0,0.8095791,0.1256551742553711,0.8984220623970032,0.6347886919975281
YGR103W,YIL119C,0,0.80950654,0.12563784420490265,0.8984220623970032,0.6348888278007507
YCL012W,YKL079W,0,0.80930555,0.1256205141544342,0.8984220623970032,0.6349889636039734
YJR046W,YFR034C,0,0.80929303,0.12560319900512695,0.8984220623970032,0.635089099407196
YLL018C,YNL054W-A,0,0.8091866,0.1255858838558197,0.8984220623970032,0.6351892352104187
YBR107C,YBR162C,0,0.80915534,0.12556856870651245,0.8984220623970032,0.6352894306182861
YOR273C,YDL223C,0,0.8089653,0.1255512684583664,0.8984220623970032,0.6353895664215088
YEL020W-A,YNL045W,0,0.8082585,0.12553396821022034,0.8984220623970032,0.6354897022247314
YOR267C,YBL014C,0,0.8081825,0.12551666796207428,0.8984220623970032,0.6355898380279541
YDR545W,YPL175W,0,0.80813956,0.12549938261508942,0.8984220623970032,0.6356899738311768
YHR146W,YOL121C,0,0.8081292,0.12548209726810455,0.8984220623970032,0.6357901096343994
YHL031C,YIL008W,0,0.80791765,0.1254648119211197,0.8984220623970032,0.6358902454376221
YHR214C-C,YLR313C,0,0.80741286,0.12544754147529602,0.8984220623970032,0.6359903812408447
YAL068C,YKR099W,1,0.8072042,0.1255679428577423,0.8994082808494568,0.6359903812408447
YLR227W-A,YBR069C,0,0.80713654,0.12555065751075745,0.8994082808494568,0.6360905170440674
YDR145W,YIL068C,0,0.80713326,0.12553337216377258,0.8994082808494568,0.63619065284729
YLL048C,YMR262W,0,0.8068375,0.1255161017179489,0.8994082808494568,0.6362907886505127
YDR155C,YJL019W,1,0.806817,0.12563644349575043,0.9003944993019104,0.6362907886505127
YDR469W,YFL035C-A,0,0.80673856,0.12561915814876556,0.9003944993019104,0.6363909244537354
YDR210W-C,YBL091C,0,0.80673856,0.1256018728017807,0.9003944993019104,0.636491060256958
YOR250C,YKR095W-A,0,0.80673856,0.12558458745479584,0.9003944993019104,0.6365912556648254
YHR118C,YER053C-A,0,0.80673856,0.12556731700897217,0.9003944993019104,0.6366913914680481
YIL030C,YOR343C-A,0,0.80673856,0.1255500614643097,0.9003944993019104,0.6367915272712708
YHR006W,YDR210W-C,0,0.80673856,0.12553279101848602,0.9003944993019104,0.6368916630744934
YKL138C-A,YHR001W-A,0,0.80673856,0.12551553547382355,0.9003944993019104,0.6369917988777161
YCL005W-A,YOL103W-A,0,0.80673856,0.12549827992916107,0.9003944993019104,0.6370919346809387
YBR200W-A,YGR170W,0,0.80673856,0.1254810392856598,0.9003944993019104,0.6371920704841614
YDR210W-C,YPL010W,0,0.80673856,0.12546378374099731,0.9003944993019104,0.637292206287384
YLR249W,YFL035C-A,0,0.80673856,0.12544655799865723,0.9003944993019104,0.6373923420906067
YKL138C-A,YLL006W,0,0.80673856,0.12542931735515594,0.9003944993019104,0.6374924778938293
YDL134C-A,YJR108W,0,0.80673856,0.12541209161281586,0.9003944993019104,0.637592613697052
YOR343C-A,YGR040W,0,0.80673856,0.12539486587047577,0.9003944993019104,0.6376927495002747
YGL171W,YOR343C-A,0,0.80673856,0.12537764012813568,0.9003944993019104,0.6377928853034973
YJL133C-A,YIL118W,0,0.80673856,0.1253604292869568,0.9003944993019104,0.63789302110672
YFL049W,YOL086W-A,0,0.80673856,0.1253432184457779,0.9003944993019104,0.6379932165145874
YBR191W,YER053C-A,0,0.80673856,0.125326007604599,0.9003944993019104,0.6380933523178101
YFL033C,YHR079C-B,1,0.80673856,0.12544606626033783,0.9013806581497192,0.6380933523178101
YFL035C-B,YHR146W,0,0.80673856,0.12542884051799774,0.9013806581497192,0.6381934881210327
YDR210W-C,YPL049C,0,0.80673856,0.12541162967681885,0.9013806581497192,0.6382936239242554
YCL039W,YBR100W,0,0.80673856,0.12539443373680115,0.9013806581497192,0.638393759727478
YCR045C,YKR095W-A,0,0.80673856,0.12537722289562225,0.9013806581497192,0.6384938955307007
YCL005W-A,YPL036W,0,0.80673856,0.12536002695560455,0.9013806581497192,0.6385940313339233
YLR193C,YFL018W-A,0,0.80673856,0.12534284591674805,0.9013806581497192,0.638694167137146
YDR057W,YOL086W-A,0,0.80673856,0.12532564997673035,0.9013806581497192,0.6387943029403687
YBR200W-A,YLR181C,0,0.80673856,0.12530846893787384,0.9013806581497192,0.6388944387435913
YFL035C-B,YMR040W,0,0.80673856,0.12529130280017853,0.9013806581497192,0.638994574546814
YFL035C-B,YJL078C,0,0.80673856,0.12527412176132202,0.9013806581497192,0.6390947103500366
YPL280W,YFL035C-B,0,0.80673856,0.1252569556236267,0.9013806581497192,0.6391948461532593
YDR200C,YFL018W-A,0,0.80673856,0.1252397894859314,0.9013806581497192,0.6392950415611267
YHR169W,YKR095W-A,0,0.80673856,0.12522263824939728,0.9013806581497192,0.6393951773643494
YDL134C-A,YGL238W,0,0.80673856,0.12520547211170197,0.9013806581497192,0.639495313167572
YBR200W-A,YDR009W,0,0.80673856,0.12518833577632904,0.9013806581497192,0.6395954489707947
YKL138C-A,YGL107C,0,0.80673856,0.12517118453979492,0.9013806581497192,0.6396955847740173
YIL037C,YBR200W-A,0,0.80673856,0.125154048204422,0.9013806581497192,0.63979572057724
YGL092W,YHR079C-B,0,0.80673856,0.12513691186904907,0.9013806581497192,0.6398958563804626
YBR200W-A,YGL151W,0,0.80673856,0.12511977553367615,0.9013806581497192,0.6399959921836853
YKR100C,YKL138C-A,0,0.80673856,0.12510265409946442,0.9013806581497192,0.640096127986908
YOR117W,YER053C-A,0,0.80673856,0.12508553266525269,0.9013806581497192,0.6401962637901306
YJR046W,YOR343C-A,0,0.80673856,0.12506841123104095,0.9013806581497192,0.6402963995933533
YMR041C,YFL018W-A,0,0.80673856,0.12505130469799042,0.9013806581497192,0.6403965353965759
YDL134C-A,YIL018W,0,0.80673856,0.12503419816493988,0.9013806581497192,0.6404966711997986
YNL286W,YOL086W-A,0,0.80673856,0.12501709163188934,0.9013806581497192,0.6405968070030212
YGL246C,YCL005W-A,0,0.80673856,0.125,0.9013806581497192,0.6406970024108887
YMR205C,YOL086W-A,0,0.80673856,0.12498290836811066,0.9013806581497192,0.6407971382141113
YJL133C-A,YNL278W,0,0.80673856,0.12496581673622131,0.9013806581497192,0.640897274017334
YLR001C,YFL035C-A,0,0.80673856,0.12494873255491257,0.9013806581497192,0.6409974098205566
YDR210W-C,YLR328W,0,0.80673856,0.12493165582418442,0.9013806581497192,0.6410975456237793
YPL209C,YLR154W-C,0,0.80673856,0.12491457909345627,0.9013806581497192,0.641197681427002
YJR132W,YBR200W-A,0,0.80673856,0.12489750981330872,0.9013806581497192,0.6412978172302246
YCL005W-A,YLR019W,0,0.80673856,0.12488044798374176,0.9013806581497192,0.6413979530334473
YER123W,YFL018W-A,0,0.80673856,0.1248633861541748,0.9013806581497192,0.6414980888366699
YNL142W,YLR154W-C,0,0.80673856,0.12484633177518845,0.9013806581497192,0.6415982246398926
YBL100W-B,YER053C-A,0,0.80673856,0.12482928484678268,0.9013806581497192,0.6416983604431152
YER053C-A,YOR001W,0,0.80673856,0.12481223791837692,0.9013806581497192,0.6417984962463379
YJL057C,YKL138C-A,0,0.80673856,0.12479519098997116,0.9013806581497192,0.6418986320495605
YFL035C-B,YIL062C,0,0.80673856,0.12477815896272659,0.9013806581497192,0.641998827457428
YOL086W-A,YNL055C,0,0.80673856,0.12476112693548203,0.9013806581497192,0.6420989632606506
YML081W,YKR095W-A,0,0.80673856,0.12474409490823746,0.9013806581497192,0.6421990990638733
YLR154W-C,YOR103C,0,0.80673856,0.12472707778215408,0.9013806581497192,0.642299234867096
YOR172W,YCL012W,0,0.80673856,0.12471005320549011,0.9013806581497192,0.6423993706703186
YFR024C,YDR464W,0,0.80673856,0.12469304352998734,0.9013806581497192,0.6424995064735413
YIL098C,YDL134C-A,0,0.80673856,0.12467603385448456,0.9013806581497192,0.6425996422767639
YDR464W,YOR343C-A,0,0.80673856,0.12465903162956238,0.9013806581497192,0.6426997780799866
YCL005W-A,YDR204W,0,0.80673856,0.1246420294046402,0.9013806581497192,0.6427999138832092
YHL028W,YFL035C-A,0,0.80673856,0.12462503463029861,0.9013806581497192,0.6429000496864319
YDR328C,YOL086W-A,0,0.80673856,0.12460804730653763,0.9013806581497192,0.6430001854896545
YJL133C-A,YFR053C,0,0.80673856,0.12459105998277664,0.9013806581497192,0.6431003212928772
YMR002W,YFL018W-A,0,0.80673856,0.12457408010959625,0.9013806581497192,0.6432004570960999
YHR006W,YHR079C-B,0,0.80673856,0.12455710023641586,0.9013806581497192,0.6433005928993225
YBR200W-A,YPR010C,0,0.80673856,0.12454012781381607,0.9013806581497192,0.6434007883071899
YGL096W,YLR154W-C,0,0.80673856,0.12452316284179688,0.9013806581497192,0.6435009241104126
YNL145W,YKR095W-A,0,0.80673856,0.12450619786977768,0.9013806581497192,0.6436010599136353
YKL138C-A,YKL197C,0,0.80673856,0.12448924034833908,0.9013806581497192,0.6437011957168579
YDR210W-C,YOR060C,0,0.80673856,0.12447228282690048,0.9013806581497192,0.6438013315200806
YFL018W-A,YMR074C,0,0.80673856,0.12445534020662308,0.9013806581497192,0.6439014673233032
YMR215W,YFL035C-A,0,0.80673856,0.12443839013576508,0.9013806581497192,0.6440016031265259
YLR451W,YER108C,0,0.80673856,0.12442145496606827,0.9013806581497192,0.6441017389297485
YLR154W-C,YKL051W,0,0.80673856,0.12440451979637146,0.9013806581497192,0.6442018747329712
YJL018W,YBR180W,1,0.80673856,0.12452367693185806,0.9023668766021729,0.6442018747329712
YER053C-A,YHL006C,0,0.80673856,0.12450673431158066,0.9023668766021729,0.6443020105361938
YHR197W,YOR343C-A,0,0.80673856,0.12448979914188385,0.9023668766021729,0.6444021463394165
YHR001W-A,YOR343C-A,0,0.80673856,0.12447286397218704,0.9023668766021729,0.6445022821426392
YBR200W-A,YPL010W,0,0.80673856,0.12445592880249023,0.9023668766021729,0.6446024179458618
YDL081C,YCL005W-A,0,0.80673856,0.12443900108337402,0.9023668766021729,0.6447026133537292
YCL016C,YLR154W-C,0,0.80673856,0.12442208081483841,0.9023668766021729,0.6448027491569519
YBR200W-A,YGR044C,0,0.80673856,0.12440516799688339,0.9023668766021729,0.6449028849601746
YKL185W,YDR210W-C,0,0.80673856,0.12438825517892838,0.9023668766021729,0.6450030207633972
YNL051W,YKR095W-A,0,0.80673856,0.12437134981155396,0.9023668766021729,0.6451031565666199
YOL086W-A,YBL025W,0,0.80673856,0.12435444444417953,0.9023668766021729,0.6452032923698425
YBL080C,YBR200W-A,0,0.80673856,0.12433754652738571,0.9023668766021729,0.6453034281730652
YLR154W-C,YGL194C,0,0.80673856,0.12432064861059189,0.9023668766021729,0.6454035639762878
YBR200W-A,YHL026C,0,0.80673856,0.12430376559495926,0.9023668766021729,0.6455036997795105
YCL005W-A,YLR143W,0,0.80673856,0.12428687512874603,0.9023668766021729,0.6456038355827332
YFL035C-B,YDR469W,0,0.80673856,0.124269999563694,0.9023668766021729,0.6457039713859558
YLR154W-C,YBR146W,0,0.80673856,0.12425312399864197,0.9023668766021729,0.6458041071891785
YCL005W-A,YPL234C,0,0.80673856,0.12423625588417053,0.9023668766021729,0.6459042429924011
YER129W,YOR343C-A,0,0.80673856,0.1242193877696991,0.9023668766021729,0.6460043787956238
YBR193C,YOR343C-A,0,0.80673856,0.12420252710580826,0.9023668766021729,0.6461045742034912
YDR210W-C,YOR227W,0,0.80673856,0.12418566644191742,0.9023668766021729,0.6462047100067139
YKR078W,YER053C-A,0,0.80673856,0.12416881322860718,0.9023668766021729,0.6463048458099365
YDR280W,YFL035C-A,0,0.80673856,0.12415196746587753,0.9023668766021729,0.6464049816131592
YOR241W,YOR343C-A,0,0.80673856,0.12413512170314789,0.9023668766021729,0.6465051174163818
YPL156C,YER053C-A,0,0.80673856,0.12411828339099884,0.9023668766021729,0.6466052532196045
YBR200W-A,YOR272W,0,0.80673856,0.12410145252943039,0.9023668766021729,0.6467053890228271
YJL133C-A,YPR071W,0,0.80673856,0.12408462166786194,0.9023668766021729,0.6468055248260498
YIR026C,YOR343C-A,0,0.80673856,0.12406779825687408,0.9023668766021729,0.6469056606292725
YDR210W-C,YHR079C-B,0,0.80673856,0.12405097484588623,0.9023668766021729,0.6470057964324951
YJL133C-A,YGL139W,0,0.80673856,0.12403415888547897,0.9023668766021729,0.6471059322357178
YLR181C,YLR154W-C,0,0.80673856,0.12401735037565231,0.9023668766021729,0.6472060680389404
YOR334W,YOL086W-A,0,0.80673856,0.12400054186582565,0.9023668766021729,0.6473062038421631
YIL156W,YFL035C-A,0,0.80673856,0.12398374080657959,0.9023668766021729,0.6474063396453857
YOR091W,YBR200W-A,0,0.80673856,0.12396693974733353,0.9023668766021729,0.6475065350532532
YGL196W,YOR343C-A,0,0.80673856,0.12395014613866806,0.9023668766021729,0.6476066708564758
YJR102C,YFL035C-A,0,0.80673856,0.12393335998058319,0.9023668766021729,0.6477068066596985
YMR015C,YOR343C-A,0,0.80673856,0.12391657382249832,0.9023668766021729,0.6478069424629211
YOR262W,YKL138C-A,0,0.80673856,0.12389979511499405,0.9023668766021729,0.6479070782661438
YOL069W,YFL035C-A,0,0.80673856,0.12388302385807037,0.9023668766021729,0.6480072140693665
YDL134C-A,YPL253C,0,0.80673856,0.1238662526011467,0.9023668766021729,0.6481073498725891
YDL134C-A,YGR142W,0,0.80673856,0.12384948879480362,0.9023668766021729,0.6482074856758118
YAR033W,YOR343C-A,0,0.80673856,0.12383272498846054,0.9023668766021729,0.6483076214790344
YML004C,YOR343C-A,0,0.80673856,0.12381596863269806,0.9023668766021729,0.6484077572822571
YER053C-A,YDL211C,0,0.80673856,0.12379921227693558,0.9023668766021729,0.6485078930854797
YKL138C-A,YDL134C,0,0.80673856,0.12378247082233429,0.9023668766021729,0.6486080288887024
YKL138C-A,YPR046W,0,0.80673856,0.1237657219171524,0.9023668766021729,0.648708164691925
YFL035C-B,YER100W,0,0.80673856,0.12374898791313171,0.9023668766021729,0.6488083600997925
YGL243W,YLR154W-C,0,0.80673856,0.12373225390911102,0.9023668766021729,0.6489084959030151
YLR194C,YFL035C-A,0,0.80673856,0.12371551990509033,0.9023668766021729,0.6490086317062378
YFL018W-A,YHR080C,0,0.80673856,0.12369879335165024,0.9023668766021729,0.6491087675094604
YDL100C,YFL018W-A,0,0.80673856,0.12368207424879074,0.9023668766021729,0.6492089033126831
YEL051W,YER053C-A,0,0.80673856,0.12366536259651184,0.9023668766021729,0.6493090391159058
YHR122W,YDL134C-A,0,0.80673856,0.12364865094423294,0.9023668766021729,0.6494091749191284
YBR200W-A,YOR259C,0,0.80673856,0.12363193929195404,0.9023668766021729,0.6495093107223511
YDL081C,YOL086W-A,0,0.80673856,0.12361524254083633,0.9023668766021729,0.6496094465255737
YLR466W,YFL035C-A,0,0.80673856,0.12359853833913803,0.9023668766021729,0.6497095823287964
YJL094C,YJL133C-A,0,0.80673856,0.12358184903860092,0.9023668766021729,0.649809718132019
YIL137C,YOR343C-A,0,0.80673856,0.12356515973806381,0.9023668766021729,0.6499098539352417
YOR091W,YKL138C-A,0,0.80673856,0.1235484778881073,0.9023668766021729,0.6500099897384644
YFL035C-B,YJR131W,0,0.80673856,0.12353179603815079,0.9023668766021729,0.650110125541687
YNL243W,YKL138C-A,0,0.80673856,0.12351512163877487,0.9023668766021729,0.6502103209495544
YDR145W,YOR343C-A,0,0.80673856,0.12349844723939896,0.9023668766021729,0.6503104567527771
YNL246W,YFL018W-A,0,0.80673856,0.12348178029060364,0.9023668766021729,0.6504105925559998
YCL012W,YBL047C,0,0.80673856,0.12346512079238892,0.9023668766021729,0.6505107283592224
YMR101C,YOR343C-A,0,0.80673856,0.1234484612941742,0.9023668766021729,0.6506108641624451
YJL133C-A,YBR191W,0,0.80673856,0.12343180924654007,0.9023668766021729,0.6507109999656677
YOR009W,YFL035C-A,0,0.80673856,0.12341515719890594,0.9023668766021729,0.6508111357688904
YGL073W,YKL138C-A,0,0.80673856,0.12339852005243301,0.9023668766021729,0.650911271572113
YCR018C,YER053C-A,0,0.80673856,0.12338187545537949,0.9023668766021729,0.6510114073753357
YLR154W-C,YBL005W,0,0.80673856,0.12336523830890656,0.9023668766021729,0.6511115431785583
YOL011W,YKR095W-A,0,0.80673856,0.12334860861301422,0.9023668766021729,0.651211678981781
YBR200W-A,YIL005W,0,0.80673856,0.12333198636770248,0.9023668766021729,0.6513118147850037
YBR101C,YBR200W-A,0,0.80673856,0.12331536412239075,0.9023668766021729,0.6514119505882263
YLR011W,YFL018W-A,0,0.80673856,0.1232987493276596,0.9023668766021729,0.6515121459960938
YKL138C-A,YMR035W,0,0.80673856,0.12328213453292847,0.9023668766021729,0.6516122817993164
YJR048W,YKR095W-A,0,0.80673856,0.12326552718877792,0.9023668766021729,0.6517124176025391
YBR200W-A,YGL018C,0,0.80673856,0.12324891984462738,0.9023668766021729,0.6518125534057617
YKR095W-A,YMR091C,0,0.80673856,0.12323231995105743,0.9023668766021729,0.6519126892089844
YFL035C-B,YMR055C,0,0.80673856,0.12321572750806808,0.9023668766021729,0.652012825012207
YDL134C-A,YAL056W,0,0.80673856,0.12319913506507874,0.9023668766021729,0.6521129608154297
YKL138C-A,YHR150W,0,0.80673856,0.12318255007266998,0.9023668766021729,0.6522130966186523
YDL093W,YOL086W-A,0,0.80673856,0.12316597253084183,0.9023668766021729,0.652313232421875
YNL038W,YOL086W-A,0,0.80673856,0.12314939498901367,0.9023668766021729,0.6524133682250977
YGL144C,YOR343C-A,0,0.80673856,0.12313282489776611,0.9023668766021729,0.6525135040283203
YFL005W,YOL086W-A,0,0.80673856,0.12311625480651855,0.9023668766021729,0.652613639831543
YBR233W-A,YGL063W,0,0.80673856,0.12309969216585159,0.9023668766021729,0.6527137756347656
YLR083C,YDR210W-C,0,0.80673856,0.12308312952518463,0.9023668766021729,0.6528139114379883
YLR299W,YFL018W-A,0,0.80673856,0.12306657433509827,0.9023668766021729,0.6529141068458557
YJL133C-A,YGL115W,0,0.80673856,0.1230500265955925,0.9023668766021729,0.6530142426490784
YBR200W-A,YJL089W,0,0.80673856,0.12303347885608673,0.9023668766021729,0.653114378452301
YML052W,YHR079C-B,1,0.80673856,0.12315138429403305,0.9033530354499817,0.653114378452301
YER109C,YOR343C-A,0,0.80673856,0.12313482910394669,0.9033530354499817,0.6532145142555237
YDL134C-A,YGR161C,0,0.80673856,0.12311828136444092,0.9033530354499817,0.6533146500587463
YKL054C,YOL086W-A,0,0.80673856,0.12310173362493515,0.9033530354499817,0.653414785861969
YHR154W,YOL086W-A,0,0.80673856,0.12308519333600998,0.9033530354499817,0.6535149216651917
YPR134W,YFL018W-A,0,0.80673856,0.12306865304708481,0.9033530354499817,0.6536150574684143
YKR095W-A,YMR131C,0,0.80673856,0.12305212020874023,0.9033530354499817,0.653715193271637
YJL133C-A,YBR028C,0,0.80673856,0.12303559482097626,0.9033530354499817,0.6538153290748596
YDL134C-A,YHL031C,0,0.80673856,0.12301906943321228,0.9033530354499817,0.6539154648780823
YDL134C-A,YPL183C,0,0.80673856,0.1230025514960289,0.9033530354499817,0.6540156006813049
YKR095W-A,YLR075W,0,0.80673856,0.12298603355884552,0.9033530354499817,0.6541157364845276
YGL085W,YFL018W-A,0,0.80673856,0.12296952307224274,0.9033530354499817,0.654215931892395
YJL133C-A,YHL015W,0,0.80673856,0.12295302003622055,0.9033530354499817,0.6543160676956177
YOL086W-A,YMR183C,0,0.80673856,0.12293651700019836,0.9033530354499817,0.6544162034988403
YIL130W,YOR343C-A,0,0.80673856,0.12292002141475677,0.9033530354499817,0.654516339302063
YFL035C-B,YPL225W,0,0.80673856,0.12290352582931519,0.9033530354499817,0.6546164751052856
YDR441C,YLR154W-C,0,0.80673856,0.1228870376944542,0.9033530354499817,0.6547166109085083
YFL035C-B,YBL013W,0,0.80673856,0.1228705570101738,0.9033530354499817,0.654816746711731
YCL005W-A,YFR030W,0,0.80673856,0.1228540763258934,0.9033530354499817,0.6549168825149536
YDL134C-A,YIL043C,0,0.80673856,0.1228376030921936,0.9033530354499817,0.6550170183181763
YBL051C,YLR154W-C,0,0.80673856,0.1228211298584938,0.9033530354499817,0.6551171541213989
YCL005W-A,YPR100W,0,0.80673856,0.1228046640753746,0.9033530354499817,0.6552172899246216
YJL133C-A,YGR007W,0,0.80673856,0.122788205742836,0.9033530354499817,0.6553174257278442
YIL043C,YER053C-A,0,0.80673856,0.1227717474102974,0.9033530354499817,0.6554175615310669
YHR158C,YDR210W-C,0,0.80673856,0.12275529652833939,0.9033530354499817,0.6555176973342896
YBR015C,YFL018W-A,0,0.80673856,0.12273884564638138,0.9033530354499817,0.655617892742157
YDL134C-A,YLR328W,0,0.80673856,0.12272240221500397,0.9033530354499817,0.6557180285453796
YNL286W,YLR154W-C,0,0.80673856,0.12270595878362656,0.9033530354499817,0.6558181643486023
YGR055W,YJL133C-A,0,0.80673856,0.12268952280282974,0.9033530354499817,0.655918300151825
YML100W,YBR200W-A,0,0.80673856,0.12267309427261353,0.9033530354499817,0.6560184359550476
YJL133C-A,YMR040W,0,0.80673856,0.12265666574239731,0.9033530354499817,0.6561185717582703
YDR386W,YLR154W-C,0,0.80673856,0.12264024466276169,0.9033530354499817,0.6562187075614929
YKR095W-A,YPL076W,0,0.80673856,0.12262383103370667,0.9033530354499817,0.6563188433647156
YHR024C,YFL035C-A,0,0.80673856,0.12260741740465164,0.9033530354499817,0.6564189791679382
YJL054W,YOL086W-A,0,0.80673856,0.12259100377559662,0.9033530354499817,0.6565191149711609
YLR411W,YOR343C-A,0,0.80673856,0.12257460504770279,0.9033530354499817,0.6566192507743835
YDL134C-A,YLR352W,0,0.80673856,0.12255819886922836,0.9033530354499817,0.6567193865776062
YBR029C,YDR210W-C,0,0.80673856,0.12254180759191513,0.9033530354499817,0.6568195223808289
YER040W,YOR343C-A,0,0.80673856,0.1225254163146019,0.9033530354499817,0.6569196581840515
YPL225W,YOR343C-A,0,0.80673856,0.12250902503728867,0.9033530354499817,0.657019853591919
YCR058C,YCL048W,0,0.80673856,0.12249264866113663,0.9033530354499817,0.6571199893951416
YDR482C,YJL133C-A,0,0.80673856,0.12247626483440399,0.9033530354499817,0.6572201251983643
YDR517W,YLR154W-C,0,0.80673856,0.12245989590883255,0.9033530354499817,0.6573202610015869
YJR049C,YOL086W-A,0,0.80673856,0.12244352698326111,0.9033530354499817,0.6574203968048096
YFL018W-A,YMR035W,0,0.80673856,0.12242715805768967,0.9033530354499817,0.6575205326080322
YMR274C,YOL086W-A,0,0.80673856,0.12241079658269882,0.9033530354499817,0.6576206684112549
YFL018W-A,YDL031W,0,0.80673856,0.12239444255828857,0.9033530354499817,0.6577208042144775
YML061C,YOL086W-A,0,0.80673856,0.12237808853387833,0.9033530354499817,0.6578209400177002
YKL138C-A,YPL173W,0,0.80673856,0.12236174196004868,0.9033530354499817,0.6579210758209229
YBR043C,YFL018W-A,0,0.80673856,0.12234539538621902,0.9033530354499817,0.6580212116241455
YDL106C,YKL138C-A,0,0.80673856,0.12232905626296997,0.9033530354499817,0.6581213474273682
YGL061C,YFL018W-A,0,0.80673856,0.12231272459030151,0.9033530354499817,0.6582214832305908
YOR119C,YKL138C-A,0,0.80673856,0.12229639291763306,0.9033530354499817,0.6583216786384583
YJL133C-A,YMR001C,0,0.80673856,0.1222800686955452,0.9033530354499817,0.6584218144416809
YBR233W-A,YPR141C,0,0.80673856,0.12226374447345734,0.9033530354499817,0.6585219502449036
YKR095W-A,YNL180C,0,0.80673856,0.12224742770195007,0.9033530354499817,0.6586220860481262
YKL141W,YLR154W-C,0,0.80673856,0.12223111838102341,0.9033530354499817,0.6587222218513489
YOR207C,YER053C-A,0,0.80673856,0.12221480906009674,0.9033530354499817,0.6588223576545715
YFL061W,YER053C-A,0,0.80673856,0.12219850718975067,0.9033530354499817,0.6589224934577942
YKR089C,YKL138C-A,0,0.80673856,0.1221822053194046,0.9033530354499817,0.6590226292610168
YKL141W,YBR200W-A,0,0.80673856,0.12216591089963913,0.9033530354499817,0.6591227650642395
YFL018W-A,YKL040C,0,0.80673856,0.12214961647987366,0.9033530354499817,0.6592229008674622
YAR042W,YER053C-A,0,0.80673856,0.12213333696126938,0.9033530354499817,0.6593230366706848
YCL005W-A,YPL117C,0,0.80673856,0.1221170499920845,0.9033530354499817,0.6594231724739075
YOR016C,YJL133C-A,0,0.80673856,0.12210077047348022,0.9033530354499817,0.6595233082771301
YER007C-A,YER053C-A,0,0.80673856,0.12208449840545654,0.9033530354499817,0.6596234440803528
YNL286W,YKR095W-A,0,0.80673856,0.12206823378801346,0.9033530354499817,0.6597236394882202
YNL167C,YDR210W-C,0,0.80673856,0.12205196171998978,0.9033530354499817,0.6598237752914429
YOR049C,YFL018W-A,0,0.80673856,0.12203570455312729,0.9033530354499817,0.6599239110946655
YHR090C,YOL086W-A,0,0.80673856,0.1220194473862648,0.9033530354499817,0.6600240468978882
YHL026C,YOR343C-A,0,0.80673856,0.12200319766998291,0.9033530354499817,0.6601241827011108
YDR210W-C,YML055W,0,0.80673856,0.12198694795370102,0.9033530354499817,0.6602243185043335
YKR075C,YKL138C-A,0,0.80673856,0.12197070568799973,0.9033530354499817,0.6603244543075562
YKL194C,YOR343C-A,0,0.80673856,0.12195446342229843,0.9033530354499817,0.6604245901107788
YFL035C-B,YMR156C,0,0.80673856,0.12193822860717773,0.9033530354499817,0.6605247259140015
YDL134C-A,YDR350C,0,0.80673856,0.12192200124263763,0.9033530354499817,0.6606248617172241
YDL093W,YNL240C,0,0.8067361,0.12190577387809753,0.9033530354499817,0.6607249975204468
YNL054W-A,YLL057C,0,0.8066011,0.12188955396413803,0.9033530354499817,0.6608251333236694
YDR019C,YDL117W,0,0.80639225,0.12187333405017853,0.9033530354499817,0.6609252691268921
YHR146W,YPL135W,0,0.8051308,0.12185712158679962,0.9033530354499817,0.6610254645347595
YNL180C,YPL253C,0,0.8048353,0.12184091657400131,0.9033530354499817,0.6611256003379822
YJR117W,YGR138C,0,0.80476105,0.121824711561203,0.9033530354499817,0.6612257361412048
YDR292C,YDR005C,0,0.8046783,0.12180851399898529,0.9033530354499817,0.6613258719444275
YGL250W,YMR079W,1,0.8045947,0.12192527949810028,0.9043392539024353,0.6613258719444275
YDL072C,YNR048W,0,0.8045761,0.12190906703472137,0.9043392539024353,0.6614260077476501
YBR100W,YER115C,1,0.8039496,0.12202578783035278,0.9053254723548889,0.6614260077476501
YHR201C,YLR093C,0,0.8036254,0.12200956791639328,0.9053254723548889,0.6615261435508728
YHR006W,YDL076C,0,0.80320907,0.12199335545301437,0.9053254723548889,0.6616262793540955
YDR345C,YDR150W,0,0.8030984,0.12197714298963547,0.9053254723548889,0.6617264151573181
YML057W,YPL145C,0,0.8029536,0.12196093797683716,0.9053254723548889,0.6618265509605408
YOR258W,YNR024W,0,0.80294275,0.12194474041461945,0.9053254723548889,0.6619266867637634
YLL066C,YBR100W,0,0.8021555,0.12192854285240173,0.9053254723548889,0.6620268225669861
YJL021C,YDR025W,0,0.80199,0.12191235274076462,0.9053254723548889,0.6621269583702087
YML101C,YFL026W,0,0.8017132,0.1218961626291275,0.9053254723548889,0.6622270941734314
YJL078C,YBL063W,0,0.80142194,0.12187997996807098,0.9053254723548889,0.662327229976654
YLR409C,YHR079C-B,0,0.8004831,0.12186379730701447,0.9053254723548889,0.6624274253845215
YDR407C,YKL039W,0,0.80028987,0.12184762209653854,0.9053254723548889,0.6625275611877441
YGL058W,YPL173W,0,0.80022997,0.12183145433664322,0.9053254723548889,0.6626276969909668
YOR267C,YBR100W,0,0.8001913,0.1218152865767479,0.9053254723548889,0.6627278327941895
YBL005W,YGL049C,0,0.80006486,0.12179912626743317,0.9053254723548889,0.6628279685974121
YDR369C,YJL018W,1,0.8000425,0.12191563099622726,0.9063116312026978,0.6628279685974121
YDL072C,YDR365W-A,0,0.8000418,0.12189945578575134,0.9063116312026978,0.6629281044006348
YLR347C,YLR435W,0,0.7996578,0.12188328802585602,0.9063116312026978,0.6630282402038574
YKL069W,YPR037C,0,0.7989693,0.12186712771654129,0.9063116312026978,0.6631283760070801
YDR201W,YMR125W,0,0.7982565,0.12185096740722656,0.9063116312026978,0.6632285118103027
YDR328C,YOR109W,0,0.79802835,0.12183481454849243,0.9063116312026978,0.6633286476135254
YDR189W,YDR127W,0,0.7979645,0.1218186616897583,0.9063116312026978,0.663428783416748
YAL015C,YPR128C,0,0.79778856,0.12180251628160477,0.9063116312026978,0.6635289192199707
YNL190W,YLL018C-A,0,0.7971345,0.12178637832403183,0.9063116312026978,0.6636290550231934
YMR261C,YMR237W,0,0.7969052,0.12177024036645889,0.9063116312026978,0.6637292504310608
YLL016W,YHL021C,0,0.7967328,0.12175410985946655,0.9063116312026978,0.6638293862342834
YDL189W,YPL161C,0,0.79590845,0.12173797935247421,0.9063116312026978,0.6639295220375061
YFL003C,YJL018W,1,0.79522926,0.12185430526733398,0.9072978496551514,0.6639295220375061
YJR117W,YMR001C,0,0.79480577,0.12183816730976105,0.9072978496551514,0.6640296578407288
YHL015W,YNL029C,0,0.7945987,0.12182203680276871,0.9072978496551514,0.6641297936439514
YGL096W,YBR090C-A,0,0.79445356,0.12180590629577637,0.9072978496551514,0.6642299294471741
YOR091W,YPL161C,0,0.793908,0.12178978323936462,0.9072978496551514,0.6643300652503967
YHL050C,YHR193C,0,0.7934706,0.12177366018295288,0.9072978496551514,0.6644302010536194
YKL185W,YAL026C,0,0.7934203,0.12175754457712173,0.9072978496551514,0.664530336856842
YFL005W,YEL039C,0,0.7930918,0.12174142897129059,0.9072978496551514,0.6646304726600647
YOR191W,YJL096W,0,0.7929409,0.12172532081604004,0.9072978496551514,0.6647306084632874
YCR036W,YHL006C,0,0.79286265,0.12170922011137009,0.9072978496551514,0.66483074426651
YLR239C,YMR074C,0,0.7924388,0.12169311940670013,0.9072978496551514,0.6649308800697327
YOR250C,YGL087C,0,0.79194266,0.12167702615261078,0.9072978496551514,0.6650310158729553
YFR024C-A,YGR060W,0,0.79175234,0.12166093289852142,0.9072978496551514,0.6651312112808228
YMR048W,YLR058C,0,0.7905116,0.12164484709501266,0.9072978496551514,0.6652313470840454
YLR227W-A,YDR025W,0,0.7903198,0.1216287687420845,0.9072978496551514,0.6653314828872681
YCR058C,YOR001W,0,0.7901927,0.12161269038915634,0.9072978496551514,0.6654316186904907
YDR078C,YHR079C-B,0,0.78995854,0.12159661948680878,0.9072978496551514,0.6655317544937134
YJR041C,YOR110W,0,0.78992647,0.12158054858446121,0.9072978496551514,0.665631890296936
YJL054W,YPR008W,0,0.7892313,0.12156448513269424,0.9072978496551514,0.6657320261001587
YIL144W,YLR367W,0,0.7891298,0.12154842168092728,0.9072978496551514,0.6658321619033813
YOR002W,YDR108W,0,0.78869605,0.1215323656797409,0.9072978496551514,0.665932297706604
YGR046W,YML057W,0,0.78868514,0.12151630967855453,0.9072978496551514,0.6660324335098267
YHR148W,YML127W,0,0.7883951,0.12150026112794876,0.9072978496551514,0.6661325693130493
YHR079C-B,YIL112W,1,0.7879795,0.12161626666784286,0.9082840085029602,0.6661325693130493
YFR024C,YER081W,0,0.7879597,0.1216002106666565,0.9082840085029602,0.666232705116272
YCL012W,YLR150W,0,0.78787357,0.12158416211605072,0.9082840085029602,0.6663328409194946
YJL168C,YDR257C,0,0.78747207,0.12156810611486435,0.9082840085029602,0.6664329767227173
YNL328C,YBR005W,0,0.78734744,0.12155206501483917,0.9082840085029602,0.6665331721305847
YJR046W,YER129W,0,0.7868672,0.121536023914814,0.9082840085029602,0.6666333079338074
YPL121C,YJL018W,1,0.7860217,0.12165193259716034,0.9092702269554138,0.6666333079338074
YPR037C,YBL007C,0,0.78590214,0.12163588404655457,0.9092702269554138,0.66673344373703
YLR190W,YGL078C,0,0.78581285,0.12161983549594879,0.9092702269554138,0.6668335795402527
YMR262W,YBR188C,0,0.7857926,0.12160380184650421,0.9092702269554138,0.6669337153434753
YKR096W,YMR226C,0,0.7857526,0.12158776074647903,0.9092702269554138,0.667033851146698
YHR111W,YIR004W,0,0.78546256,0.12157172709703445,0.9092702269554138,0.6671339869499207
YDR513W,YPL097W,0,0.7851666,0.12155570089817047,0.9092702269554138,0.6672341227531433
YNL161W,YER071C,0,0.78500247,0.12153967469930649,0.9092702269554138,0.667334258556366
YOR081C,YMR237W,0,0.784891,0.1215236559510231,0.9092702269554138,0.6674343943595886
YIL069C,YCR058C,0,0.7842955,0.12150764465332031,0.9092702269554138,0.6675345301628113
YNL020C,YCR024C,0,0.78414273,0.12149163335561752,0.9092702269554138,0.6676346659660339
YGL246C,YGR193C,0,0.7837101,0.12147562950849533,0.9092702269554138,0.6677348017692566
YLR085C,YKL060C,0,0.7834743,0.12145962566137314,0.9092702269554138,0.667834997177124
YIL056W,YDR430C,0,0.7833893,0.12144362181425095,0.9092702269554138,0.6679351329803467
YIL154C,YDR438W,0,0.7833768,0.12142763286828995,0.9092702269554138,0.6680352687835693
YDR098C-A,YEL020W-A,0,0.78299373,0.12141164392232895,0.9092702269554138,0.668135404586792
YJL021C,YCR065W,0,0.7828969,0.12139565497636795,0.9092702269554138,0.6682355403900146
YOR016C,YOR132W,0,0.78239524,0.12137967348098755,0.9092702269554138,0.6683356761932373
YNL024C,YHL015W,0,0.78212476,0.12136369943618774,0.9092702269554138,0.66843581199646
YDR178W,YHR033W,0,0.7817265,0.12134772539138794,0.9092702269554138,0.6685359477996826
YPL120W,YOR158W,0,0.78153956,0.12133175134658813,0.9092702269554138,0.6686360836029053
YDR098C-A,YHR103W,0,0.78082037,0.12131579220294952,0.9092702269554138,0.6687362194061279
YDL091C,YJL021C,0,0.7806469,0.12129982560873032,0.9092702269554138,0.6688363552093506
YIL096C,YHR079C-B,0,0.780447,0.1212838739156723,0.9092702269554138,0.6689364910125732
YDR188W,YNL094W,0,0.7802917,0.12126792222261429,0.9092702269554138,0.6690366268157959
YDL230W,YPR057W,0,0.7800173,0.12125197052955627,0.9092702269554138,0.6691367626190186
YIL013C,YPL001W,0,0.77991915,0.12123602628707886,0.9092702269554138,0.669236958026886
YDR361C,YJL035C,0,0.77972496,0.12122008949518204,0.9092702269554138,0.6693370938301086
YNL142W,YBR090C-A,0,0.77968794,0.12120415270328522,0.9092702269554138,0.6694372296333313
YNL137C,YKR088C,0,0.77957237,0.121188223361969,0.9092702269554138,0.669537365436554
YHR006W,YML016C,0,0.77823544,0.12117229402065277,0.9092702269554138,0.6696375012397766
YCR058C,YPL253C,0,0.77800333,0.12115637212991714,0.9092702269554138,0.6697376370429993
YDR210C-D,YDL154W,0,0.7779961,0.12114045768976212,0.9092702269554138,0.6698377728462219
YJR084W,YCL012W,0,0.77786803,0.12112454324960709,0.9092702269554138,0.6699379086494446
YGL006W,YER108C,0,0.777809,0.12110862880945206,0.9092702269554138,0.6700380444526672
YCR058C,YBR301W,0,0.77705574,0.12109272181987762,0.9092702269554138,0.6701381802558899
YPR106W,YLR023C,0,0.7764403,0.12107682228088379,0.9092702269554138,0.6702383160591125
YNL167C,YBR090C-A,0,0.7754788,0.12106092274188995,0.9092702269554138,0.6703384518623352
YGL067W,YLL021W,0,0.77504665,0.12104503065347672,0.9092702269554138,0.6704385876655579
YAL015C,YIL154C,0,0.774557,0.12102913856506348,0.9092702269554138,0.6705387830734253
YIL107C,YGL139W,0,0.7745373,0.12101325392723083,0.9092702269554138,0.670638918876648
YDR178W,YCR038C,0,0.7745359,0.12099737673997879,0.9092702269554138,0.6707390546798706
YLR193C,YJR118C,0,0.7741567,0.12098149955272675,0.9092702269554138,0.6708391904830933
YBR090C-A,YBL025W,0,0.77377963,0.1209656223654747,0.9092702269554138,0.6709393262863159
YDR308C,YCL012W,0,0.7737053,0.12094976007938385,0.9092702269554138,0.6710394620895386
YHR202W,YOR103C,0,0.7735274,0.1209338903427124,0.9092702269554138,0.6711395978927612
YOR191W,YML127W,0,0.77322406,0.12091803550720215,0.9092702269554138,0.6712397336959839
YIL017W,YJL106W,1,0.7729634,0.12103330343961716,0.9102563858032227,0.6712397336959839
YKL138C,YGR253C,0,0.77274024,0.1210174411535263,0.9102563858032227,0.6713398694992065
YCL017C,YDL175C,0,0.77233183,0.12100157141685486,0.9102563858032227,0.6714400053024292
YAL056W,YER177W,1,0.77221125,0.12111679464578629,0.9112426042556763,0.6714400053024292
YBL035C,YKL134C,0,0.7721156,0.12110091745853424,0.9112426042556763,0.6715401411056519
YER109C,YGR017W,0,0.7711984,0.12108504772186279,0.9112426042556763,0.6716402769088745
YGL093W,YGR208W,0,0.77083063,0.12106918543577194,0.9112426042556763,0.6717404127120972
YJL057C,YBR193C,0,0.770602,0.12105332314968109,0.9112426042556763,0.6718405485153198
YJR021C,YJL168C,1,0.77038455,0.12116845697164536,0.9122288227081299,0.6718405485153198
YMR156C,YPL233W,0,0.7700765,0.12115258723497391,0.9122288227081299,0.6719407439231873
YFR024C,YBR181C,0,0.76897836,0.12113671749830246,0.9122288227081299,0.6720408797264099
YNL020C,YBR121C,0,0.76864433,0.1211208626627922,0.9122288227081299,0.6721410155296326
YGR082W,YBR107C,0,0.7684406,0.12110500037670135,0.9122288227081299,0.6722411513328552
YHR088W,YCL012W,0,0.7682617,0.1210891455411911,0.9122288227081299,0.6723412871360779
YIL106W,YDR243C,0,0.76785886,0.12107329815626144,0.9122288227081299,0.6724414229393005
YNL328C,YBL100W-B,0,0.76752794,0.12105745077133179,0.9122288227081299,0.6725415587425232
YNL023C,YPR120C,0,0.767483,0.12104161083698273,0.9122288227081299,0.6726416945457458
YGR254W,YEL044W,0,0.767209,0.12102577835321426,0.9122288227081299,0.6727418303489685
YGR244C,YGL045W,0,0.7671718,0.1210099458694458,0.9122288227081299,0.6728419661521912
YNL094W,YDR303C,0,0.767171,0.12099411338567734,0.9122288227081299,0.6729421019554138
YIR026C,YHR079C-B,1,0.76708424,0.12110907584428787,0.9132149815559387,0.6729421019554138
YER179W,YIL017W,1,0.7667502,0.12122400850057602,0.9142012000083923,0.6729421019554138
YEL005C,YLR189C,0,0.7663667,0.12120816111564636,0.9142012000083923,0.6730422377586365
YOL103W-A,YDR025W,0,0.7662381,0.1211923137307167,0.9142012000083923,0.6731423735618591
YBR114W,YDR243C,0,0.7661827,0.12117647379636765,0.9142012000083923,0.6732425689697266
YLR001C,YHR079C-B,0,0.766016,0.12116063386201859,0.9142012000083923,0.6733427047729492
YOL069W,YIL018W,0,0.76568466,0.12114480137825012,0.9142012000083923,0.6734428405761719
YER102W,YJL168C,0,0.76558304,0.12112896889448166,0.9142012000083923,0.6735429763793945
YDR325W,YBR029C,0,0.7654143,0.12111314386129379,0.9142012000083923,0.6736431121826172
YDR392W,YIL017W,1,0.76487607,0.12122795730829239,0.9151873588562012,0.6736431121826172
YDR210C-D,YDR273W,0,0.7645217,0.12121212482452393,0.9151873588562012,0.6737432479858398
YLR426W,YDR434W,0,0.7645035,0.12119629234075546,0.9151873588562012,0.6738433837890625
YER177W,YDR365W-A,0,0.7644726,0.1211804673075676,0.9151873588562012,0.6739435195922852
YGL115W,YGR120C,0,0.7643445,0.12116464227437973,0.9151873588562012,0.6740436553955078
YCL016C,YJL098W,0,0.7643233,0.12114882469177246,0.9151873588562012,0.6741437911987305
YDL175C,YOR266W,0,0.76361,0.12113301455974579,0.9151873588562012,0.6742439270019531
YIL118W,YKR077W,0,0.7633456,0.12111720442771912,0.9151873588562012,0.6743440628051758
YDR212W,YGL076C,0,0.76316726,0.12110139429569244,0.9151873588562012,0.6744441986083984
YPR037C,YBR100W,0,0.7627283,0.12108559161424637,0.9151873588562012,0.6745443344116211
YDL081C,YGR224W,0,0.7623327,0.12106979638338089,0.9151873588562012,0.6746445298194885
YAL002W,YKL141W,0,0.7619486,0.12105400115251541,0.9151873588562012,0.6747446656227112
YIL064W,YPL253C,0,0.76162946,0.12103821337223053,0.9151873588562012,0.6748448014259338
YGL061C,YFR034C,0,0.76130056,0.12102243304252625,0.9151873588562012,0.6749449372291565
YOR129C,YHL025W,0,0.76117265,0.12100665271282196,0.9151873588562012,0.6750450730323792
YIL107C,YDR028C,0,0.7610293,0.12099087238311768,0.9151873588562012,0.6751452088356018
YCL012W,YOR060C,0,0.76090986,0.12097509950399399,0.9151873588562012,0.6752453446388245
YPL234C,YDR438W,0,0.76073325,0.1209593340754509,0.9151873588562012,0.6753454804420471
YNL094W,YCL012W,0,0.7605993,0.1209435686469078,0.9151873588562012,0.6754456162452698
YER142C,YCL012W,0,0.7601888,0.12092781066894531,0.9151873588562012,0.6755457520484924
YAL028W,YCL012W,0,0.7597493,0.12091205269098282,0.9151873588562012,0.6756458878517151
YLL048C,YLL057C,0,0.7596011,0.12089630216360092,0.9151873588562012,0.6757460236549377
YNL221C,YCL012W,0,0.7594812,0.12088055163621902,0.9151873588562012,0.6758461594581604
YOL132W,YLR432W,0,0.7592553,0.12086480855941772,0.9151873588562012,0.6759462952613831
YJR120W,YJR041C,0,0.7592215,0.12084906548261642,0.9151873588562012,0.6760464906692505
YGR161W-A,YAL059W,0,0.75919473,0.12083332985639572,0.9151873588562012,0.6761466264724731
YGR099W,YOR357C,0,0.7590919,0.12081760168075562,0.9151873588562012,0.6762467622756958
YLL039C,YNL128W,1,0.75901353,0.12093205004930496,0.9161735773086548,0.6762467622756958
YER149C,YDR080W,0,0.7588546,0.12091630697250366,0.9161735773086548,0.6763468980789185
YPL115C,YJL045W,0,0.7583745,0.12090057134628296,0.9161735773086548,0.6764470338821411
YJR123W,YBR131W,0,0.75825465,0.12088484317064285,0.9161735773086548,0.6765471696853638
YJL021C,YOR363C,0,0.75816005,0.12086911499500275,0.9161735773086548,0.6766473054885864
YAL019W,YHR014W,0,0.75801253,0.12085338681936264,0.9161735773086548,0.6767474412918091
YDL098C,YFR038W,0,0.7578982,0.12083766609430313,0.9161735773086548,0.6768475770950317
YBR090C-A,YKR034W,0,0.75786793,0.12082195281982422,0.9161735773086548,0.6769477128982544
YPR155C,YPR133C,0,0.7574713,0.1208062395453453,0.9161735773086548,0.677047848701477
YOR004W,YPL156C,0,0.75741637,0.12079053372144699,0.9161735773086548,0.6771479845046997
YMR242C,YKL032C,0,0.75732005,0.12077482789754868,0.9161735773086548,0.6772481203079224
YBR046C,YEL048C,0,0.7569761,0.12075912952423096,0.9161735773086548,0.6773483157157898
YOR101W,YDR176W,0,0.75660837,0.12074343860149384,0.9161735773086548,0.6774484515190125
YOL009C,YER178W,0,0.7562617,0.12072774767875671,0.9161735773086548,0.6775485873222351
YDR122W,YER108C,0,0.75604904,0.12071205675601959,0.9161735773086548,0.6776487231254578
YCR058C,YOR319W,0,0.75574356,0.12069637328386307,0.9161735773086548,0.6777488589286804
YFR024C,YDL139C,0,0.755466,0.12068069726228714,0.9161735773086548,0.6778489947319031
YMR110C,YOR157C,0,0.7551757,0.12066502124071121,0.9161735773086548,0.6779491305351257
YJR109C,YLR451W,0,0.7551023,0.12064935266971588,0.9161735773086548,0.6780492663383484
YER062C,YPL280W,0,0.75495785,0.12063368409872055,0.9161735773086548,0.678149402141571
YJL021C,YNL066W,0,0.75470066,0.12061802297830582,0.9161735773086548,0.6782495379447937
YNL054W-A,YPL021W,0,0.7540646,0.12060236185789108,0.9161735773086548,0.6783496737480164
YMR072W,YNL055C,0,0.7528447,0.12058670818805695,0.9161735773086548,0.678449809551239
YGL087C,YFR030W,0,0.7527211,0.12057105451822281,0.9161735773086548,0.6785499453544617
YFR024C,YJR109C,0,0.75235045,0.12055540829896927,0.9161735773086548,0.6786500811576843
YDL189W,YNR038W,0,0.7521815,0.12053976953029633,0.9161735773086548,0.6787502765655518
YEL032W,YHR079C-B,0,0.7520292,0.12052413076162338,0.9161735773086548,0.6788504123687744
YML032C,YHR079C-B,1,0.75166345,0.12063821405172348,0.9171597361564636,0.6788504123687744
YMR274C,YHR079C-B,0,0.7514168,0.12062256783246994,0.9171597361564636,0.6789505481719971
YBL008W,YJL001W,0,0.75133467,0.1206069216132164,0.9171597361564636,0.6790506839752197
YJL180C,YNL024C,0,0.75094014,0.12059128284454346,0.9171597361564636,0.6791508197784424
YJL183W,YLR417W,0,0.7508332,0.12057565152645111,0.9171597361564636,0.679250955581665
YGR103W,YCR058C,0,0.7503334,0.12056002020835876,0.9171597361564636,0.6793510913848877
YKR078W,YPL254W,0,0.74927974,0.12054439634084702,0.9171597361564636,0.6794512271881104
YOR103C,YGL045W,0,0.74923074,0.12052877247333527,0.9171597361564636,0.679551362991333
YEL018W,YCR058C,0,0.749123,0.12051315605640411,0.9171597361564636,0.6796514987945557
YPR057W,YCL012W,0,0.7490419,0.12049753963947296,0.9171597361564636,0.6797516345977783
YML059C,YDR381W,0,0.7490264,0.1204819306731224,0.9171597361564636,0.679851770401001
YJL021C,YGR244C,0,0.7489402,0.12046632170677185,0.9171597361564636,0.6799519062042236
YMR055C,YCR058C,0,0.7489278,0.12045072019100189,0.9171597361564636,0.6800521016120911
YNL190W,YNL133C,0,0.74890685,0.12043511867523193,0.9171597361564636,0.6801522374153137
YIL036W,YML004C,0,0.7487497,0.12041952461004257,0.9171597361564636,0.6802523732185364
YJL021C,YBR034C,0,0.74873644,0.12040393799543381,0.9171597361564636,0.680352509021759
YFR024C,YPR175W,0,0.74871486,0.12038835138082504,0.9171597361564636,0.6804526448249817
YCR105W,YIL033C,0,0.74865454,0.12037276476621628,0.9171597361564636,0.6805527806282043
YER129W,YBR100W,0,0.74855036,0.12035718560218811,0.9171597361564636,0.680652916431427
YKR085C,YKL132C,0,0.74851525,0.12034161388874054,0.9171597361564636,0.6807530522346497
YJL021C,YGR129W,0,0.7482551,0.12032604217529297,0.9171597361564636,0.6808531880378723
YBR005W,YCL012W,0,0.74794894,0.120310477912426,0.9171597361564636,0.680953323841095
YBR090C-A,YPL018W,0,0.74768996,0.12029491364955902,0.9171597361564636,0.6810534596443176
YDR287W,YBR268W,0,0.74734163,0.12027935683727264,0.9171597361564636,0.6811535954475403
YJL021C,YKL006W,0,0.7472011,0.12026380747556686,0.9171597361564636,0.6812537312507629
YKL033W,YNR030W,0,0.7466921,0.12024825811386108,0.9171597361564636,0.6813538670539856
YLR227W-A,YCR045C,0,0.74658084,0.1202327087521553,0.9171597361564636,0.681454062461853
YPL117C,YNL066W,0,0.7463045,0.12021716684103012,0.9171597361564636,0.6815541982650757
YDR210C-D,YDR005C,0,0.7457038,0.12020162492990494,0.9171597361564636,0.6816543340682983
YOL011W,YBR109C,0,0.74519384,0.12018609791994095,0.9171597361564636,0.681754469871521
YBR103W,YCR033W,1,0.74504906,0.12029977887868881,0.9181459546089172,0.681754469871521
YDR098C-A,YGL231C,0,0.74497217,0.12028423696756363,0.9181459546089172,0.6818546056747437
YJR073C,YDR100W,0,0.74443614,0.12026870250701904,0.9181459546089172,0.6819547414779663
YMR262W,YNL156C,0,0.7442777,0.12025316804647446,0.9181459546089172,0.682054877281189
YML124C,YLR394W,1,0.7439374,0.12036678194999695,0.9191321730613708,0.682054877281189
YLL066C,YDR002W,0,0.7437687,0.12035124003887177,0.9191321730613708,0.6821550130844116
YLR293C,YJL179W,0,0.7418375,0.12033569812774658,0.9191321730613708,0.6822551488876343
YAL068C,YJL001W,1,0.7404834,0.12044926732778549,0.9201183319091797,0.6822551488876343
YIL107C,YDR399W,0,0.7403437,0.12043371796607971,0.9201183319091797,0.6823552846908569
YOR103C,YKL196C,0,0.73954535,0.12041817605495453,0.9201183319091797,0.6824554204940796
YAL002W,YLR059C,0,0.7394311,0.12040263414382935,0.9201183319091797,0.6825555562973022
YML067C,YNL133C,0,0.7372303,0.12038709968328476,0.9201183319091797,0.6826556921005249
YNL263C,YLR223C,0,0.7371617,0.12037156522274017,0.9201183319091797,0.6827558875083923
YDR365W-A,YHR157W,0,0.73657554,0.12035603821277618,0.9201183319091797,0.682856023311615
YNL243W,YHR110W,0,0.73652315,0.1203405112028122,0.9201183319091797,0.6829561591148376
YNL284C-B,YMR118C,0,0.7364615,0.1203249916434288,0.9201183319091797,0.6830562949180603
YIL118W,YDR243C,0,0.7362979,0.12030947953462601,0.9201183319091797,0.683156430721283
YBR038W,YKL054C,0,0.73573935,0.12029396742582321,0.9201183319091797,0.6832565665245056
YPL135W,YER081W,0,0.7356974,0.12027845531702042,0.9201183319091797,0.6833567023277283
YDR317W,YJR096W,0,0.735284,0.12026295065879822,0.9201183319091797,0.6834568381309509
YBR054W,YDR246W,0,0.7348642,0.12024745345115662,0.9201183319091797,0.6835569739341736
YKL026C,YGR161C-D,0,0.7345128,0.12023195624351501,0.9201183319091797,0.6836571097373962
YHR088W,YJL197W,0,0.7344542,0.12021646648645401,0.9201183319091797,0.6837572455406189
YDL091C,YMR050C,0,0.73367983,0.120200976729393,0.9201183319091797,0.6838573813438416
YGL061C,YKL002W,0,0.7336073,0.1201854944229126,0.9201183319091797,0.6839575171470642
YPL013C,YBR094W,0,0.7325971,0.12017001211643219,0.9201183319091797,0.6840576529502869
YDR392W,YGL099W,1,0.7325605,0.12028332054615021,0.9211045503616333,0.6840576529502869
YJL179W,YLR435W,0,0.7320887,0.1202678307890892,0.9211045503616333,0.6841578483581543
YLR239C,YGR178C,0,0.7320049,0.1202523484826088,0.9211045503616333,0.684257984161377
YOR129C,YCR044C,0,0.7319472,0.12023686617612839,0.9211045503616333,0.6843581199645996
YCR024C,YLR323C,0,0.73140615,0.12022139132022858,0.9211045503616333,0.6844582557678223
YHR103W,YIL038C,0,0.7295332,0.12020592391490936,0.9211045503616333,0.6845583915710449
YPL171C,YNL076W,0,0.72941786,0.12019044905900955,0.9211045503616333,0.6846585273742676
YDL209C,YDR257C,0,0.729337,0.12017498910427094,0.9211045503616333,0.6847586631774902
YCR016W,YGR044C,0,0.72866917,0.12015952914953232,0.9211045503616333,0.6848587989807129
YKL014C,YOL103W-A,0,0.7278252,0.1201440691947937,0.9211045503616333,0.6849589347839355
YDL106C,YDR244W,0,0.7277456,0.12012861669063568,0.9211045503616333,0.6850590705871582
YPL076W,YDL123W,0,0.72709864,0.12011317163705826,0.9211045503616333,0.6851592063903809
YDR273W,YOR001W,0,0.7270007,0.12009772658348083,0.9211045503616333,0.6852593421936035
YKL060C,YNL156C,0,0.72620165,0.12008228152990341,0.9211045503616333,0.6853594779968262
YBR023C,YBR089C-A,0,0.7259294,0.12006684392690659,0.9211045503616333,0.6854596138000488
YMR110C,YDR434W,0,0.7257447,0.12005141377449036,0.9211045503616333,0.6855598092079163
YGR193C,YGL078C,0,0.7254784,0.12003598362207413,0.9211045503616333,0.6856599450111389
YGR060W,YDR412W,0,0.72428733,0.1200205609202385,0.9211045503616333,0.6857600808143616
YOR079C,YNL246W,0,0.72317064,0.12000513821840286,0.9211045503616333,0.6858602166175842
YDR098C-A,YDL012C,0,0.7227073,0.11998972296714783,0.9211045503616333,0.6859603524208069
YDL081C,YAL051W,0,0.72232246,0.11997430771589279,0.9211045503616333,0.6860604882240295
YER093C,YLR007W,0,0.7220894,0.11995889991521835,0.9211045503616333,0.6861606240272522
YHR146W,YIL014W,0,0.72187054,0.11994349211454391,0.9211045503616333,0.6862607598304749
YOL122C,YDR244W,0,0.7217532,0.11992809176445007,0.9211045503616333,0.6863608956336975
YDR377W,YML031W,0,0.7217251,0.11991269886493683,0.9211045503616333,0.6864610314369202
YDR377W,YGL105W,0,0.7215979,0.11989730596542358,0.9211045503616333,0.6865611672401428
YGL027C,YGL061C,0,0.7207792,0.11988191306591034,0.9211045503616333,0.6866613030433655
YHR190W,YHR133C,0,0.7206837,0.11986652761697769,0.9211045503616333,0.6867614388465881
YNL317W,YEL006W,0,0.72065675,0.11985114961862564,0.9211045503616333,0.6868616342544556
YGL096W,YER167W,0,0.7204707,0.11983577162027359,0.9211045503616333,0.6869617700576782
YLR167W,YCL016C,0,0.72043335,0.11982040107250214,0.9211045503616333,0.6870619058609009
YAL059W,YER060W,0,0.7199869,0.11980503052473068,0.9211045503616333,0.6871620416641235
YDR268W,YDL102W,0,0.7199397,0.11978965997695923,0.9211045503616333,0.6872621774673462
YFL005W,YMR237W,0,0.7197921,0.11977430433034897,0.9211045503616333,0.6873623132705688
YDR261C,YPR169W,0,0.7197083,0.11975894123315811,0.9211045503616333,0.6874624490737915
YML098W,YDR243C,0,0.71949536,0.11974359303712845,0.9211045503616333,0.6875625848770142
YBL008W,YHR005C,0,0.719384,0.11972823739051819,0.9211045503616333,0.6876627206802368
YKL194C,YPR199C,0,0.719078,0.11971289664506912,0.9211045503616333,0.6877628564834595
YML067C,YJR054W,0,0.71868104,0.11969755589962006,0.9211045503616333,0.6878629922866821
YDR369C,YML052W,1,0.71863776,0.11981035023927689,0.9220907092094421,0.6878629922866821
YHL006C,YGR040W,0,0.71837854,0.11979500204324722,0.9220907092094421,0.6879631280899048
YOR027W,YER007C-A,0,0.71797955,0.11977965384721756,0.9220907092094421,0.6880632638931274
YGL126W,YDR098C,0,0.71782184,0.1197643131017685,0.9220907092094421,0.6881633996963501
YLR390W-A,YDL087C,0,0.71780276,0.11974897235631943,0.9220907092094421,0.6882635951042175
YNL317W,YKL060C,0,0.7175277,0.11973363906145096,0.9220907092094421,0.6883637309074402
YLR131C,YHL035C,0,0.7174894,0.11971831321716309,0.9220907092094421,0.6884638667106628
YML098W,YGL049C,0,0.7173966,0.11970297992229462,0.9220907092094421,0.6885640025138855
YGL127C,YOL090W,1,0.71691215,0.11981566995382309,0.9230769276618958,0.6885640025138855
YDR482C,YOR341W,0,0.71625215,0.11980032920837402,0.9230769276618958,0.6886641383171082
YOL055C,YHR073W,0,0.71565986,0.11978500336408615,0.9230769276618958,0.6887642741203308
YBR085W,YPL176C,0,0.7151177,0.11976967006921768,0.9230769276618958,0.6888644099235535
YCL064C,YPL049C,0,0.7144322,0.1197543516755104,0.9230769276618958,0.6889645457267761
YKL062W,YOR079C,0,0.71400887,0.11973903328180313,0.9230769276618958,0.6890646815299988
YLR248W,YNL036W,0,0.71400386,0.11972371488809586,0.9230769276618958,0.6891648173332214
YNL284C-B,YGL087C,0,0.7131235,0.11970840394496918,0.9230769276618958,0.6892649531364441
YJR054W,YMR177W,0,0.71308964,0.1196930930018425,0.9230769276618958,0.6893650889396667
YLL006W,YDR276C,0,0.7127699,0.11967778950929642,0.9230769276618958,0.6894652247428894
YBR279W,YDR303C,0,0.7126552,0.11966249346733093,0.9230769276618958,0.6895654201507568
YLR037C,YCR036W,0,0.71205103,0.11964719742536545,0.9230769276618958,0.6896655559539795
YGL115W,YJL001W,0,0.71186423,0.11963190138339996,0.9230769276618958,0.6897656917572021
YPL215W,YBR121C,0,0.71182144,0.11961661279201508,0.9230769276618958,0.6898658275604248
YGL016W,YEL051W,0,0.7116667,0.11960133165121078,0.9230769276618958,0.6899659633636475
YLR442C,YJL035C,0,0.71154535,0.1195860505104065,0.9230769276618958,0.6900660991668701
YML124C,YPL232W,1,0.7112932,0.11969851702451706,0.9240631461143494,0.6900660991668701
YOR359W,YNL130C,0,0.7098874,0.11968322843313217,0.9240631461143494,0.6901662349700928
YJL174W,YGR138C,0,0.7096905,0.11966794729232788,0.9240631461143494,0.6902663707733154
YBL087C,YLL006W,0,0.70888937,0.11965266615152359,0.9240631461143494,0.6903665065765381
YIL107C,YIL130W,0,0.7085755,0.1196373850107193,0.9240631461143494,0.6904666423797607
YGR254W,YDR273W,0,0.7084273,0.1196221113204956,0.9240631461143494,0.6905667781829834
YNL081C,YLR337C,0,0.7078458,0.11960684508085251,0.9240631461143494,0.690666913986206
YMR205C,YBR188C,0,0.70685714,0.11959157884120941,0.9240631461143494,0.6907670497894287
YML041C,YPL280W,0,0.706779,0.11957631260156631,0.9240631461143494,0.6908671855926514
YKL063C,YDR244W,0,0.7064675,0.11956105381250381,0.9240631461143494,0.6909673810005188
YBR015C,YNL063W,0,0.7062162,0.11954580247402191,0.9240631461143494,0.6910675168037415
YOR207C,YDR135C,0,0.7057604,0.11953055113554001,0.9240631461143494,0.6911676526069641
YFL049W,YGL151W,0,0.70539415,0.1195153072476387,0.9240631461143494,0.6912677884101868
YOR087W,YMR040W,0,0.7045871,0.1195000633597374,0.9240631461143494,0.6913679242134094
YMR274C,YBR112C,0,0.7042394,0.11948482692241669,0.9240631461143494,0.6914680600166321
YLR361C,YGL127C,0,0.70389974,0.11946959048509598,0.9240631461143494,0.6915681958198547
YOR119C,YPR169W,0,0.7038861,0.11945436149835587,0.9240631461143494,0.6916683316230774
YNL247W,YMR237W,0,0.7035051,0.11943913251161575,0.9240631461143494,0.6917684674263
YJL212C,YPL075W,0,0.7030998,0.11942391097545624,0.9240631461143494,0.6918686032295227
YKR096W,YOR207C,0,0.7030486,0.11940868943929672,0.9240631461143494,0.6919687390327454
YLR185W,YHR005C,0,0.7025232,0.1193934753537178,0.9240631461143494,0.692068874835968
YBR188C,YCR005C,0,0.7017222,0.11937826126813889,0.9240631461143494,0.6921690106391907
YOR091W,YIL011W,0,0.7016101,0.11936305463314056,0.9240631461143494,0.6922692060470581
YPL140C,YOL061W,0,0.7009624,0.11934785544872284,0.9240631461143494,0.6923693418502808
YAR033W,YBR295W,0,0.70067215,0.11933265626430511,0.9240631461143494,0.6924694776535034
YAR009C,YOR273C,0,0.7006707,0.11931745707988739,0.9240631461143494,0.6925696134567261
YDL124W,YNL130C,0,0.6997569,0.11930226534605026,0.9240631461143494,0.6926697492599487
YDR098C-A,YEL006W,0,0.6997403,0.11928708106279373,0.9240631461143494,0.6927698850631714
YDR308C,YDR045C,0,0.6989955,0.1192718967795372,0.9240631461143494,0.692870020866394
YOR316C,YKL052C,0,0.6985772,0.11925671249628067,0.9240631461143494,0.6929701566696167
YAL059W,YER023W,0,0.69772345,0.11924153566360474,0.9240631461143494,0.6930702924728394
YDR361C,YDL076C,0,0.6977223,0.1192263662815094,0.9240631461143494,0.693170428276062
YJL094C,YOR065W,0,0.6975275,0.11921119689941406,0.9240631461143494,0.6932705640792847
YBL038W,YLL021W,0,0.69741213,0.11919602751731873,0.9240631461143494,0.6933706998825073
YDR367W,YGR122W,0,0.6964352,0.11918087303638458,0.9240631461143494,0.69347083568573
YDR145W,YBR254C,0,0.69615674,0.11916571110486984,0.9240631461143494,0.6935709714889526
YOR034C,YNL247W,0,0.6960974,0.1191505566239357,0.9240631461143494,0.6936711668968201
YIL118W,YER023W,0,0.69434714,0.11913540959358215,0.9240631461143494,0.6937713027000427
YJR042W,YOR259C,0,0.6941838,0.11912026256322861,0.9240631461143494,0.6938714385032654
YGL061C,YKL063C,0,0.69401973,0.11910512298345566,0.9240631461143494,0.693971574306488
YCL029C,YMR183C,0,0.6939337,0.11908998340368271,0.9240631461143494,0.6940717101097107
YBL035C,YGR057C,0,0.6939285,0.11907485127449036,0.9240631461143494,0.6941718459129333
YNL031C,YGL005C,0,0.69372743,0.119059719145298,0.9240631461143494,0.694271981716156
YCR106W,YML096W,0,0.6933916,0.11904459446668625,0.9240631461143494,0.6943721175193787
YNL167C,YLR017W,0,0.69324946,0.1190294697880745,0.9240631461143494,0.6944722533226013
YLR347C,YNL038W,0,0.69299626,0.11901435256004333,0.9240631461143494,0.694572389125824
YDR500C,YLL053C,0,0.6926962,0.11899923533201218,0.9240631461143494,0.6946725249290466
YGL025C,YFR038W,0,0.69231284,0.11898412555456161,0.9240631461143494,0.6947726607322693
YBR233W-A,YIL011W,0,0.6922409,0.11896902322769165,0.9240631461143494,0.6948727965354919
YDR204W,YHR133C,0,0.69202197,0.11895391345024109,0.9240631461143494,0.6949729919433594
YPL138C,YDL211C,0,0.6896361,0.11893881857395172,0.9240631461143494,0.695073127746582
YER179W,YGL213C,1,0.68929595,0.11905064433813095,0.9250493049621582,0.695073127746582
YOR157C,YOR001W,0,0.6892355,0.11903553456068039,0.9250493049621582,0.6951732635498047
YLL031C,YOR383C,0,0.68879014,0.11902043223381042,0.9250493049621582,0.6952733993530273
YGR202C,YMR234W,0,0.6882391,0.11900532990694046,0.9250493049621582,0.69537353515625
YPL013C,YMR072W,0,0.6876048,0.11899023503065109,0.9250493049621582,0.6954736709594727
YIL064W,YPR017C,0,0.686967,0.11897514015436172,0.9250493049621582,0.6955738067626953
YKL069W,YAL051W,0,0.68642944,0.11896005272865295,0.9250493049621582,0.695673942565918
YLR102C,YER081W,0,0.6863416,0.11894496530294418,0.9250493049621582,0.6957740783691406
YDR268W,YDR517W,0,0.68633485,0.11892988532781601,0.9250493049621582,0.6958742141723633
YOL122C,YIR031C,0,0.6861348,0.11891480535268784,0.9250493049621582,0.6959743499755859
YPL116W,YBR091C,0,0.68594193,0.11889973282814026,0.9250493049621582,0.6960744857788086
YKR096W,YOR316C,0,0.6853895,0.11888466775417328,0.9250493049621582,0.6961746215820312
YBR248C,YDR176W,0,0.6849687,0.1188695952296257,0.9250493049621582,0.6962747573852539
YBR295W,YNL246W,0,0.6848661,0.11885453760623932,0.9250493049621582,0.6963749527931213
YPR173C,YIL106W,0,0.68452626,0.11883947998285294,0.9250493049621582,0.696475088596344
YML013W,YDL134C,0,0.68445826,0.11882442235946655,0.9250493049621582,0.6965752243995667
YDR513W,YKR052C,0,0.6840402,0.11880937218666077,0.9250493049621582,0.6966753602027893
YDR308C,YPL145C,0,0.6838243,0.11879432946443558,0.9250493049621582,0.696775496006012
YOL103W-A,YML061C,0,0.6838219,0.11877928674221039,0.9250493049621582,0.6968756318092346
YPR180W,YDR397C,0,0.68264467,0.1187642440199852,0.9250493049621582,0.6969757676124573
YBR181C,YJL001W,0,0.6825925,0.1187492087483406,0.9250493049621582,0.6970759034156799
YDR188W,YPR169W,0,0.68224466,0.11873418092727661,0.9250493049621582,0.6971760392189026
YPL105C,YLL066C,0,0.68201065,0.11871915310621262,0.9250493049621582,0.6972761750221252
YLR118C,YOR004W,0,0.68148524,0.11870412528514862,0.9250493049621582,0.6973763108253479
YGR030C,YNL066W,0,0.6804104,0.11868910491466522,0.9250493049621582,0.6974764466285706
YOR252W,YLR011W,0,0.68016976,0.11867409199476242,0.9250493049621582,0.6975765824317932
YIL019W,YLR194C,0,0.6800026,0.11865907907485962,0.9250493049621582,0.6976767182350159
YMR009W,YMR002W,0,0.6799159,0.11864406615495682,0.9250493049621582,0.6977769136428833
YPL169C,YLR039C,0,0.6789905,0.11862906068563461,0.9250493049621582,0.697877049446106
YGL142C,YOR001W,0,0.67839617,0.118614062666893,0.9250493049621582,0.6979771852493286
YHR194W,YPL075W,0,0.67807114,0.1185990646481514,0.9250493049621582,0.6980773210525513
YKR064W,YIL144W,0,0.67797995,0.11858407407999039,0.9250493049621582,0.6981774568557739
YMR074C,YHR193C,0,0.6778435,0.11856908351182938,0.9250493049621582,0.6982775926589966
YJL078C,YDR438W,0,0.67726547,0.11855409294366837,0.9250493049621582,0.6983777284622192
YDR398W,YDL012C,0,0.67719793,0.11853910982608795,0.9250493049621582,0.6984778642654419
YNL318C,YMR105C,0,0.67704475,0.11852413415908813,0.9250493049621582,0.6985780000686646
YBR114W,YNL221C,0,0.67699236,0.11850915849208832,0.9250493049621582,0.6986781358718872
YDR441C,YPR003C,0,0.67654335,0.1184941902756691,0.9250493049621582,0.6987782716751099
YIL075C,YKL138C,0,0.6760181,0.11847922205924988,0.9250493049621582,0.6988784074783325
YDR482C,YPL145C,0,0.6747304,0.11846426129341125,0.9250493049621582,0.6989785432815552
YCR065W,YJL196C,0,0.6745577,0.11844930052757263,0.9250493049621582,0.6990787386894226
YKL145W,YGR007W,0,0.6744035,0.11843433976173401,0.9250493049621582,0.6991788744926453
YDR178W,YPL233W,0,0.6743028,0.11841939389705658,0.9250493049621582,0.6992790102958679
YJR046W,YLR056W,0,0.67377836,0.11840444058179855,0.9250493049621582,0.6993791460990906
YDR287W,YKL145W,0,0.67264235,0.11838950216770172,0.9250493049621582,0.6994792819023132
YML067C,YOR136W,0,0.67251885,0.11837455630302429,0.9250493049621582,0.6995794177055359
YER178W,YMR149W,0,0.67251384,0.11835961788892746,0.9250493049621582,0.6996795535087585
YKL069W,YMR002W,0,0.6721662,0.11834468692541122,0.9250493049621582,0.6997796893119812
YCL029C,YNR032C-A,0,0.6720015,0.11832975596189499,0.9250493049621582,0.6998798251152039
YLR333C,YHR194W,0,0.67194986,0.11831483244895935,0.9250493049621582,0.6999799609184265
YOL154W,YFL056C,0,0.67118883,0.11829990893602371,0.9250493049621582,0.7000800967216492
YLR193C,YLR115W,0,0.67113674,0.11828499287366867,0.9250493049621582,0.7001802325248718
YGR142W,YML096W,0,0.6705361,0.11827007681131363,0.9250493049621582,0.7002803683280945
YNR032C-A,YPL178W,0,0.67035824,0.11825516819953918,0.9250493049621582,0.7003805041313171
YIL053W,YOL103W-A,0,0.66971195,0.11824025958776474,0.9250493049621582,0.7004806995391846
YDR422C,YDR150W,0,0.6693989,0.11822535842657089,0.9250493049621582,0.7005808353424072
YDR243C,YHR020W,0,0.6692751,0.11821045726537704,0.9250493049621582,0.7006809711456299
YOR091W,YBR028C,0,0.66895294,0.1181955635547638,0.9250493049621582,0.7007811069488525
YIL156W,YOR250C,0,0.6687852,0.11818066984415054,0.9250493049621582,0.7008812427520752
YDR145W,YIL011W,0,0.6676192,0.11816578358411789,0.9250493049621582,0.7009813785552979
YDR435C,YOR254C,0,0.667411,0.11815089732408524,0.9250493049621582,0.7010815143585205
YFL025C,YGR030C,0,0.66690165,0.11813601851463318,0.9250493049621582,0.7011816501617432
YJR109C,YDL243C,0,0.6668545,0.11812114715576172,0.9250493049621582,0.7012817859649658
YKR088C,YKL060C,0,0.66676605,0.11810626834630966,0.9250493049621582,0.7013819217681885
YHR111W,YKL032C,0,0.6665528,0.1180914044380188,0.9250493049621582,0.7014820575714111
YGR283C,YHR214C-C,0,0.66581345,0.11807653307914734,0.9250493049621582,0.7015821933746338
YHL003C,YLR288C,0,0.6648226,0.11806167662143707,0.9250493049621582,0.7016823291778564
YIL014W,YPR071W,0,0.66385174,0.11804681271314621,0.9250493049621582,0.7017825245857239
YBR162W-A,YPL076W,0,0.6637731,0.11803196370601654,0.9250493049621582,0.7018826603889465
YNL221C,YLR328W,0,0.6636578,0.11801711469888687,0.9250493049621582,0.7019827961921692
YBR162W-A,YDR092W,0,0.6629703,0.1180022656917572,0.9250493049621582,0.7020829319953918
YDR098C,YNL161W,0,0.66203517,0.11798742413520813,0.9250493049621582,0.7021830677986145
YGL058W,YER071C,0,0.6617563,0.11797258257865906,0.9250493049621582,0.7022832036018372
YNL164C,YKL032C,0,0.6617267,0.11795774847269058,0.9250493049621582,0.7023833394050598
YOL135C,YKR099W,0,0.6612383,0.1179429143667221,0.9250493049621582,0.7024834752082825
YIL038C,YOR158W,0,0.66066563,0.11792808771133423,0.9250493049621582,0.7025836110115051
YKL129C,YKL087C,0,0.66008115,0.11791326105594635,0.9250493049621582,0.7026837468147278
YOR119C,YJL179W,0,0.66002405,0.11789844185113907,0.9250493049621582,0.7027838826179504
YDR365C,YDL046W,0,0.6598853,0.11788362264633179,0.9250493049621582,0.7028840184211731
YER176W,YGL115W,0,0.65983254,0.1178688108921051,0.9250493049621582,0.7029841542243958
YKL132C,YPL248C,0,0.659425,0.11785399913787842,0.9250493049621582,0.7030842900276184
YPL116W,YKL192C,0,0.65937465,0.11783919483423233,0.9250493049621582,0.7031844854354858
YMR055C,YBR218C,0,0.65858084,0.11782439053058624,0.9250493049621582,0.7032846212387085
YJL167W,YPL168W,0,0.6585765,0.11780959367752075,0.9250493049621582,0.7033847570419312
YNL031C,YLR360W,0,0.65822166,0.11779480427503586,0.9250493049621582,0.7034848928451538
YGR060W,YDR028C,0,0.6579865,0.11778000742197037,0.9250493049621582,0.7035850286483765
YLR044C,YKR079C,0,0.6575048,0.11776522547006607,0.9250493049621582,0.7036851644515991
YLR277C,YLR115W,0,0.6570758,0.11775043606758118,0.9250493049621582,0.7037853002548218
YML041C,YCR016W,0,0.6569973,0.11773566156625748,0.9250493049621582,0.7038854360580444
YPR055W,YDR407C,0,0.65692264,0.11772088706493378,0.9250493049621582,0.7039855718612671
YNL041C,YFR049W,0,0.65676206,0.11770611256361008,0.9250493049621582,0.7040857076644897
YNL243W,YHR037W,0,0.6566801,0.11769134551286697,0.9250493049621582,0.7041858434677124
YAL048C,YPR114W,0,0.65653515,0.11767657846212387,0.9250493049621582,0.7042859792709351
YKR100C,YPR169W,0,0.6553107,0.11766181886196136,0.9250493049621582,0.7043861150741577
YKL191W,YLR352W,0,0.6547518,0.11764705926179886,0.9250493049621582,0.7044863104820251
YER028C,YDL123W,0,0.6535119,0.11763230711221695,0.9250493049621582,0.7045864462852478
YLR196W,YGR017W,0,0.653468,0.11761755496263504,0.9250493049621582,0.7046865820884705
YDR213W,YOR259C,0,0.653401,0.11760281026363373,0.9250493049621582,0.7047867178916931
YNL062C,YOL051W,0,0.6532943,0.11758806556463242,0.9250493049621582,0.7048868536949158
YML133C,YPL262W,0,0.6527348,0.1175733283162117,0.9250493049621582,0.7049869894981384
YPL004C,YAL030W,0,0.65270233,0.11755859106779099,0.9250493049621582,0.7050871253013611
YOL103W-A,YGL144C,0,0.6520432,0.11754386126995087,0.9250493049621582,0.7051872611045837
YFL025C,YPL013C,0,0.6517428,0.11752913147211075,0.9250493049621582,0.7052873969078064
YDR422C,YDR179C,0,0.6514145,0.11751440912485123,0.9250493049621582,0.705387532711029
YNL045W,YFR025C,0,0.6512086,0.1174996867775917,0.9250493049621582,0.7054876685142517
YOR019W,YPL135W,0,0.65054107,0.11748497188091278,0.9250493049621582,0.7055878043174744
YLL066C,YOR260W,0,0.65030617,0.11747025698423386,0.9250493049621582,0.705687940120697
YPR071W,YOR079C,0,0.6498107,0.11745554953813553,0.9250493049621582,0.7057880759239197
YBL056W,YEL024W,0,0.64967453,0.1174408420920372,0.9250493049621582,0.7058882713317871
YLR102C,YDR289C,0,0.649366,0.11742614209651947,0.9250493049621582,0.7059884071350098
YOL071W,YML074C,1,0.6490793,0.11753661185503006,0.9260355234146118,0.7059884071350098
YGR103W,YOR109W,0,0.6485207,0.11752190440893173,0.9260355234146118,0.7060885429382324
YGR161W-A,YJL179W,0,0.6484178,0.1175071969628334,0.9260355234146118,0.7061886787414551
YGL063W,YPR143W,0,0.648287,0.11749248951673508,0.9260355234146118,0.7062888145446777
YGL139W,YOR110W,0,0.64741963,0.11747778952121735,0.9260355234146118,0.7063889503479004
YDR041W,YMR237W,0,0.6473485,0.11746309697628021,0.9260355234146118,0.706489086151123
YNL167C,YGR161C,0,0.64688194,0.11744840443134308,0.9260355234146118,0.7065892219543457
YLR181C,YGR245C,0,0.6468258,0.11743371933698654,0.9260355234146118,0.7066893577575684
YGL070C,YDR165W,0,0.6462624,0.11741903424263,0.9260355234146118,0.706789493560791
YLR292C,YOR059C,0,0.6457877,0.11740434914827347,0.9260355234146118,0.7068896293640137
YJL162C,YLR361C,0,0.6455032,0.11738967150449753,0.9260355234146118,0.7069897651672363
YDL154W,YNL317W,0,0.64519036,0.11737500131130219,0.9260355234146118,0.707089900970459
YPL105C,YBL025W,0,0.64503294,0.11736033111810684,0.9260355234146118,0.7071900367736816
YDR039C,YKL077W,0,0.6449834,0.1173456609249115,0.9260355234146118,0.7072902321815491
YLR085C,YGR217W,0,0.64424336,0.11733099818229675,0.9260355234146118,0.7073903679847717
YDR111C,YNL054W,0,0.6405077,0.1173163428902626,0.9260355234146118,0.7074905037879944
YOR334W,YML102W,0,0.64010763,0.11730168759822845,0.9260355234146118,0.707590639591217
YDR129C,YOR119C,0,0.6398914,0.1172870323061943,0.9260355234146118,0.7076907753944397
YER100W,YOL029C,0,0.6394726,0.11727238446474075,0.9260355234146118,0.7077909111976624
YMR125W,YIL123W,0,0.6392886,0.1172577440738678,0.9260355234146118,0.707891047000885
YDR009W,YIR026C,0,0.63901734,0.11724310368299484,0.9260355234146118,0.7079911828041077
YOR191W,YDR343C,0,0.6387724,0.11722846329212189,0.9260355234146118,0.7080913186073303
YGL142C,YDR078C,0,0.6384093,0.11721383035182953,0.9260355234146118,0.708191454410553
YMR220W,YDR108W,0,0.6382981,0.11719920486211777,0.9260355234146118,0.7082915902137756
YBL100W-B,YJL173C,0,0.6382049,0.11718457192182541,0.9260355234146118,0.7083917260169983
YDR201W,YOR266W,0,0.63812107,0.11716995388269424,0.9260355234146118,0.708491861820221
YDR092W,YMR091C,0,0.6375189,0.11715533584356308,0.9260355234146118,0.7085920572280884
YJL110C,YOL126C,0,0.63739073,0.11714071780443192,0.9260355234146118,0.708692193031311
YMR243C,YFL056C,0,0.6370937,0.11712610721588135,0.9260355234146118,0.7087923288345337
YIL022W,YHR150W,0,0.6368729,0.11711149662733078,0.9260355234146118,0.7088924646377563
YJL012C,YDR268W,0,0.6368224,0.11709689348936081,0.9260355234146118,0.708992600440979
YLR277C,YDR343C,0,0.636206,0.11708229780197144,0.9260355234146118,0.7090927362442017
YBR085W,YER155C,0,0.6361713,0.11706769466400146,0.9260355234146118,0.7091928720474243
YKL192C,YNL063W,0,0.6358373,0.11705310642719269,0.9260355234146118,0.709293007850647
YBR029C,YDR100W,0,0.63562375,0.11703851073980331,0.9260355234146118,0.7093931436538696
YNL084C,YGL213C,1,0.63555753,0.11714855581521988,0.9270216822624207,0.7093931436538696
YDR108W,YOL029C,0,0.6350105,0.11713395267724991,0.9270216822624207,0.7094932794570923
YML081W,YHL015W,0,0.6347031,0.11711936444044113,0.9270216822624207,0.7095934152603149
YOL144W,YPL176C,0,0.63442284,0.11710476875305176,0.9270216822624207,0.7096935510635376
YLR239C,YIL038C,0,0.63428295,0.11709018796682358,0.9270216822624207,0.7097936868667603
YNL263C,YLR143W,0,0.634089,0.1170755997300148,0.9270216822624207,0.7098938226699829
YDL093W,YGL078C,0,0.63401115,0.11706101894378662,0.9270216822624207,0.7099940180778503
YKR027W,YNL024C,0,0.63393605,0.11704644560813904,0.9270216822624207,0.710094153881073
YDL091C,YKL077W,0,0.6335498,0.11703187227249146,0.9270216822624207,0.7101942896842957
YGR024C,YDL012C,0,0.6330789,0.11701730638742447,0.9270216822624207,0.7102944254875183
YHR106W,YOR259C,0,0.6326693,0.11700274050235748,0.9270216822624207,0.710394561290741
YGR296W,YKR099W,0,0.63254064,0.1169881746172905,0.9270216822624207,0.7104946970939636
YAL002W,YDL012C,0,0.6321624,0.11697361618280411,0.9270216822624207,0.7105948328971863
YOL096C,YGR161C-D,0,0.6320998,0.11695906519889832,0.9270216822624207,0.7106949687004089
YER179W,YJR109C,0,0.63170207,0.11694451421499252,0.9270216822624207,0.7107951045036316
YJR084W,YLR075W,0,0.631533,0.11692996323108673,0.9270216822624207,0.7108952403068542
YLR185W,YKR093W,0,0.63105565,0.11691541969776154,0.9270216822624207,0.7109953761100769
YBL031W,YGL064C,0,0.63098943,0.11690088361501694,0.9270216822624207,0.7110955119132996
YNL045W,YBL091C,0,0.63091683,0.11688634753227234,0.9270216822624207,0.7111956477165222
YOR156C,YOR001W,0,0.63029134,0.11687181144952774,0.9270216822624207,0.7112958431243896
YGL061C,YPL210C,0,0.62864184,0.11685728281736374,0.9270216822624207,0.7113959789276123
YMR242C,YHR193C,0,0.62798494,0.11684276163578033,0.9270216822624207,0.711496114730835
YKL194C,YOR109W,0,0.62758976,0.11682824045419693,0.9270216822624207,0.7115962505340576
YHL025W,YOR110W,0,0.6273336,0.11681371927261353,0.9270216822624207,0.7116963863372803
YJL098W,YDL134C,0,0.6273036,0.11679920554161072,0.9270216822624207,0.7117965221405029
YDR100W,YHR194W,0,0.6272883,0.11678469181060791,0.9270216822624207,0.7118966579437256
YMR059W,YDR545W,0,0.62705773,0.1167701855301857,0.9270216822624207,0.7119967937469482
YBR233W-A,YLL031C,0,0.6266158,0.11675567924976349,0.9270216822624207,0.7120969295501709
YDR422C,YKL006W,0,0.6265874,0.11674118041992188,0.9270216822624207,0.7121970653533936
YLR239C,YBL051C,0,0.62644714,0.11672668904066086,0.9270216822624207,0.7122972011566162
YKL150W,YNL130C,0,0.6263081,0.11671219021081924,0.9270216822624207,0.7123973369598389
YLR167W,YPL018W,0,0.6256064,0.11669770628213882,0.9270216822624207,0.7124974727630615
YNR052C,YGR260W,0,0.62533635,0.11668321490287781,0.9270216822624207,0.7125976085662842
YBR091C,YNR055C,0,0.6246294,0.11666873842477798,0.9270216822624207,0.7126978039741516
YNL199C,YMR177W,0,0.62441134,0.11665425449609756,0.9270216822624207,0.7127979397773743
YHL031C,YPL168W,0,0.62437606,0.11663977801799774,0.9270216822624207,0.7128980755805969
YKL191W,YER033C,0,0.6233375,0.11662530899047852,0.9270216822624207,0.7129982113838196
YOR045W,YLL057C,0,0.6230388,0.11661083996295929,0.9270216822624207,0.7130983471870422
YFL049W,YDR276C,0,0.6229211,0.11659637838602066,0.9270216822624207,0.7131984829902649
YPR188C,YMR074C,0,0.6226655,0.11658191680908203,0.9270216822624207,0.7132986187934875
YEL018W,YER060W-A,0,0.6226139,0.116567462682724,0.9270216822624207,0.7133987545967102
YDR325W,YNL133C,0,0.6217454,0.11655300855636597,0.9270216822624207,0.7134988903999329
YHL025W,YMR156C,0,0.62093914,0.11653855443000793,0.9270216822624207,0.7135990262031555
YOL154W,YDR365C,0,0.620931,0.1165241077542305,0.9270216822624207,0.7136991620063782
YOR319W,YCR021C,0,0.6207687,0.11650966852903366,0.9270216822624207,0.7137992978096008
YJR117W,YOL096C,0,0.62009555,0.11649522930383682,0.9270216822624207,0.7138994336128235
YGR283C,YDR308C,0,0.6200892,0.11648079007863998,0.9270216822624207,0.7139996290206909
YIL144W,YNL048W,0,0.6198325,0.11646635830402374,0.9270216822624207,0.7140997648239136
YKR064W,YOR272W,0,0.6195469,0.1164519339799881,0.9270216822624207,0.7141999006271362
YKL006C-A,YHL035C,0,0.61952245,0.11643750965595245,0.9270216822624207,0.7143000364303589
YKL026C,YOR236W,0,0.6181098,0.11642308533191681,0.9270216822624207,0.7144001722335815
YMR262W,YIL062C,0,0.6176803,0.11640866845846176,0.9270216822624207,0.7145003080368042
YBR233W-A,YPR057W,0,0.61756074,0.11639425158500671,0.9270216822624207,0.7146004438400269
YNR048W,YPL013C,0,0.61721504,0.11637984216213226,0.9270216822624207,0.7147005796432495
YBR029C,YLR200W,0,0.6172142,0.11636544018983841,0.9270216822624207,0.7148007154464722
YOR207C,YAL019W,0,0.61697197,0.11635103076696396,0.9270216822624207,0.7149008512496948
YOR316C,YLR061W,0,0.6169027,0.1163366362452507,0.9270216822624207,0.7150009870529175
YMR225C,YPL156C,0,0.6168932,0.11632223427295685,0.9270216822624207,0.7151011228561401
YIL056W,YIR031C,0,0.61636937,0.11630784720182419,0.9270216822624207,0.7152012586593628
YKL145W,YLR181C,0,0.61636853,0.11629345268011093,0.9270216822624207,0.7153013944625854
YNL094W,YGL194C,0,0.6161406,0.11627907305955887,0.9270216822624207,0.7154015898704529
YDL223C,YPL097W,0,0.6157812,0.11626468598842621,0.9270216822624207,0.7155017256736755
YBL038W,YLL057C,0,0.61547256,0.11625030636787415,0.9270216822624207,0.7156018614768982
YLL031C,YIL069C,0,0.61458826,0.11623593419790268,0.9270216822624207,0.7157019972801208
YGR204W,YGL076C,0,0.6144765,0.11622156202793121,0.9270216822624207,0.7158021330833435
YLR360W,YGR030C,0,0.6143789,0.11620719730854034,0.9270216822624207,0.7159022688865662
YDL135C,YBR162C,0,0.61405224,0.11619283258914948,0.9270216822624207,0.7160024046897888
YMR015C,YPL179W,0,0.6138447,0.1161784678697586,0.9270216822624207,0.7161025404930115
YIL036W,YIL030C,0,0.61366254,0.11616411060094833,0.9270216822624207,0.7162026762962341
YGR235C,YMR158W,0,0.6129974,0.11614976078271866,0.9270216822624207,0.7163028120994568
YBR086C,YPR169W,0,0.6128503,0.11613541096448898,0.9270216822624207,0.7164029479026794
YOL076W,YGL139W,0,0.6125135,0.11612106114625931,0.9270216822624207,0.7165030837059021
YNL130C,YPL254W,0,0.6110155,0.11610671877861023,0.9270216822624207,0.7166032195091248
YDL003W,YIL123W,0,0.6100342,0.11609237641096115,0.9270216822624207,0.7167033553123474
YOR359W,YER005W,0,0.6096812,0.11607804149389267,0.9270216822624207,0.7168035507202148
YOR129C,YGR017W,0,0.60967255,0.11606371402740479,0.9270216822624207,0.7169036865234375
YKL069W,YOR059C,0,0.6095427,0.1160493791103363,0.9270216822624207,0.7170038223266602
YIL019W,YKR089C,0,0.60947025,0.11603505909442902,0.9270216822624207,0.7171039581298828
YIL098C,YGR211W,0,0.60870373,0.11602073907852173,0.9270216822624207,0.7172040939331055
YDR190C,YAL026C,0,0.60865426,0.11600641906261444,0.9270216822624207,0.7173042297363281
YGL093W,YKL138C,0,0.60721993,0.11599209904670715,0.9270216822624207,0.7174043655395508
YLR390W-A,YHR073W,0,0.6070262,0.11597779393196106,0.9270216822624207,0.7175045013427734
YBR189W,YKR064W,0,0.606466,0.11596348136663437,0.9270216822624207,0.7176046371459961
YIL022W,YHR158C,0,0.6059595,0.11594917625188828,0.9270216822624207,0.7177047729492188
YNL145W,YPR100W,0,0.60552245,0.11593487858772278,0.9270216822624207,0.7178049087524414
YDR375C,YHR009C,0,0.6054697,0.11592058092355728,0.9270216822624207,0.7179050445556641
YLR001C,YNL247W,0,0.60540783,0.11590629070997238,0.9270216822624207,0.7180051803588867
YER109C,YBR168W,0,0.6052183,0.11589200049638748,0.9270216822624207,0.7181053757667542
YGR181W,YBL008W,0,0.6046182,0.11587771028280258,0.9270216822624207,0.7182055115699768
YIL036W,YKR088C,0,0.6043867,0.11586342751979828,0.9270216822624207,0.7183056473731995
YPL175W,YCL001W,0,0.60353136,0.11584915220737457,0.9270216822624207,0.7184057831764221
YOR267C,YDL124W,0,0.6031637,0.11583487689495087,0.9270216822624207,0.7185059189796448
YAR009C,YKL039W,0,0.6030785,0.11582060158252716,0.9270216822624207,0.7186060547828674
YGR120C,YPR199C,0,0.6023958,0.11580633372068405,0.9270216822624207,0.7187061905860901
YBR233W-A,YOR059C,0,0.60202116,0.11579206585884094,0.9270216822624207,0.7188063263893127
YNL246W,YJR050W,0,0.6016662,0.11577780544757843,0.9270216822624207,0.7189064621925354
YEL048C,YIL018W,0,0.60070324,0.11576354503631592,0.9270216822624207,0.7190065979957581
YGL116W,YLL053C,0,0.6005459,0.115749292075634,0.9270216822624207,0.7191067337989807
YDL105W,YDR395W,0,0.60054445,0.11573503911495209,0.9270216822624207,0.7192068696022034
YLL066C,YLR259C,0,0.6001297,0.11572079360485077,0.9270216822624207,0.719307005405426
YKL185W,YDR176W,0,0.60001385,0.11570654809474945,0.9270216822624207,0.7194071412086487
YPL075W,YDR087C,0,0.59980476,0.11569231003522873,0.9270216822624207,0.7195073366165161
YIL013C,YBR268W,0,0.59966683,0.11567807197570801,0.9270216822624207,0.7196074724197388
YDR178W,YLL014W,0,0.5996498,0.11566383391618729,0.9270216822624207,0.7197076082229614
YDR004W,YIR004W,0,0.59921265,0.11564960330724716,0.9270216822624207,0.7198077440261841
YBR169C,YKR052C,0,0.59785014,0.11563538014888763,0.9270216822624207,0.7199078798294067
YML120C,YPL262W,0,0.59782064,0.1156211569905281,0.9270216822624207,0.7200080156326294
YMR225C,YPL135W,0,0.59778315,0.11560693383216858,0.9270216822624207,0.720108151435852
YML011C,YIL022W,0,0.5975054,0.11559271812438965,0.9270216822624207,0.7202082872390747
YCL064C,YMR153W,0,0.5974568,0.11557850986719131,0.9270216822624207,0.7203084230422974
YAL028W,YNL194C,0,0.5971808,0.11556430160999298,0.9270216822624207,0.72040855884552
YBR279W,YNL020C,0,0.59715796,0.11555009335279465,0.9270216822624207,0.7205086946487427
YML032C,YCR086W,1,0.59692,0.11565879732370377,0.9280079007148743,0.7205086946487427
YPL169C,YJL078C,0,0.5963861,0.11564458906650543,0.9280079007148743,0.7206088304519653
YLR442C,YIL005W,0,0.59594005,0.1156303733587265,0.9280079007148743,0.720708966255188
YER127W,YDR080W,0,0.5956652,0.11561617255210876,0.9280079007148743,0.7208091616630554
YLR390W-A,YLR409C,0,0.5954215,0.11560196429491043,0.9280079007148743,0.7209092974662781
YBR107C,YGL116W,0,0.59517145,0.1155877634882927,0.9280079007148743,0.7210094332695007
YDL135C,YBR248C,0,0.5951307,0.11557357013225555,0.9280079007148743,0.7211095690727234
YNL059C,YIL011W,0,0.59428114,0.11555937677621841,0.9280079007148743,0.721209704875946
YDR398W,YBR023C,0,0.5940157,0.11554518342018127,0.9280079007148743,0.7213098406791687
YLR055C,YPL253C,0,0.59396267,0.11553099751472473,0.9280079007148743,0.7214099764823914
YHR154W,YPL175W,0,0.5937931,0.11551681905984879,0.9280079007148743,0.721510112285614
YAL009W,YJL168C,1,0.5933944,0.11562538146972656,0.9289940595626831,0.721510112285614
YNL084C,YCR002C,1,0.592155,0.11573392152786255,0.9299802780151367,0.721510112285614
YJR153W,YNL055C,0,0.59202754,0.11571972072124481,0.9299802780151367,0.7216102480888367
YNL214W,YKL060C,0,0.59195805,0.11570551991462708,0.9299802780151367,0.7217103838920593
YPL234C,YOR086C,0,0.59106296,0.11569132655858994,0.9299802780151367,0.721810519695282
YOR334W,YNL278W,0,0.5902742,0.1156771332025528,0.9299802780151367,0.7219106554985046
YLR239C,YDL100C,0,0.5889386,0.11566294729709625,0.9299802780151367,0.7220107913017273
YHR122W,YEL048C,0,0.5887435,0.11564876139163971,0.9299802780151367,0.72211092710495
YDR004W,YNL287W,0,0.58846194,0.11563458293676376,0.9299802780151367,0.7222111225128174
YFL026W,YNL287W,0,0.5884259,0.11562040448188782,0.9299802780151367,0.72231125831604
YGL053W,YBR212W,0,0.5872351,0.11560622602701187,0.9299802780151367,0.7224113941192627
YHR001W-A,YDL018C,0,0.5871858,0.11559205502271652,0.9299802780151367,0.7225115299224854
YDR325W,YDR361C,0,0.587183,0.11557789146900177,0.9299802780151367,0.722611665725708
YJR035W,YMR149W,0,0.58656335,0.11556372791528702,0.9299802780151367,0.7227118015289307
YGR080W,YLR382C,0,0.5864209,0.11554956436157227,0.9299802780151367,0.7228119373321533
YMR072W,YKL005C,0,0.5860102,0.11553540825843811,0.9299802780151367,0.722912073135376
YDR145W,YOL009C,0,0.5859418,0.11552125215530396,0.9299802780151367,0.7230122089385986
YMR133W,YGR094W,0,0.5855653,0.1155071035027504,0.9299802780151367,0.7231123447418213
YBR233W-A,YPL254W,0,0.5848551,0.11549295485019684,0.9299802780151367,0.723212480545044
YBR233W-A,YMR192W,0,0.58459496,0.11547881364822388,0.9299802780151367,0.7233126163482666
YMR318C,YER178W,0,0.5845894,0.11546467244625092,0.9299802780151367,0.7234127521514893
YEL027W,YPL189W,0,0.58442974,0.11545053869485855,0.9299802780151367,0.7235129475593567
YDR407C,YKL043W,0,0.5843165,0.11543640494346619,0.9299802780151367,0.7236130833625793
YGR007W,YBR023C,0,0.5836396,0.11542227864265442,0.9299802780151367,0.723713219165802
YDR007W,YMR153W,0,0.5833379,0.11540815234184265,0.9299802780151367,0.7238133549690247
YBR029C,YHR118C,0,0.5825996,0.11539402604103088,0.9299802780151367,0.7239134907722473
YPL105C,YER177W,0,0.582586,0.11537990719079971,0.9299802780151367,0.72401362657547
YPL215W,YOR260W,0,0.5821553,0.11536579579114914,0.9299802780151367,0.7241137623786926
YKL129C,YNR037C,0,0.58196545,0.11535168439149857,0.9299802780151367,0.7242138981819153
YDR513W,YCL039W,0,0.58188426,0.11533757299184799,0.9299802780151367,0.7243140339851379
YDL018C,YGL240W,0,0.5816901,0.11532346904277802,0.9299802780151367,0.7244141697883606
YDR212W,YCR086W,0,0.5815047,0.11530936509370804,0.9299802780151367,0.7245143055915833
YNL183C,YGR044C,0,0.5812377,0.11529526859521866,0.9299802780151367,0.7246144413948059
YIL069C,YER123W,0,0.57994473,0.11528117209672928,0.9299802780151367,0.7247145771980286
YOR191W,YMR091C,0,0.5796157,0.1152670830488205,0.9299802780151367,0.7248147130012512
YGR099W,YBR107C,0,0.57951945,0.11525299400091171,0.9299802780151367,0.7249149084091187
YJL035C,YJR050W,0,0.57948494,0.11523891240358353,0.9299802780151367,0.7250150442123413
YIL106W,YHL035C,0,0.5788095,0.11522483080625534,0.9299802780151367,0.725115180015564
YAL028W,YDR041W,0,0.5779507,0.11521074920892715,0.9299802780151367,0.7252153158187866
YGR170W,YJR027W,0,0.57793444,0.11519667506217957,0.9299802780151367,0.7253154516220093
YGL070C,YMR183C,0,0.5771978,0.11518260836601257,0.9299802780151367,0.7254155874252319
YDL175C,YMR035W,0,0.57667243,0.11516854166984558,0.9299802780151367,0.7255157232284546
YOL078W,YLR196W,0,0.5763343,0.11515447497367859,0.9299802780151367,0.7256158590316772
YML041C,YPL175W,0,0.57605994,0.1151404157280922,0.9299802780151367,0.7257159948348999
YOR016C,YDR105C,0,0.57531095,0.1151263564825058,0.9299802780151367,0.7258161306381226
YKR096W,YGR094W,0,0.5752027,0.1151123046875,0.9299802780151367,0.7259162664413452
YGR212W,YHR024C,0,0.57500815,0.1150982528924942,0.9299802780151367,0.7260164022445679
YMR072W,YBL072C,0,0.5748844,0.115084208548069,0.9299802780151367,0.7261165380477905
YPL207W,YNL132W,0,0.57424694,0.1150701642036438,0.9299802780151367,0.7262166738510132
YKL033W,YHL050C,0,0.57337296,0.1150561273097992,0.9299802780151367,0.7263168692588806
YPR175W,YHR158C,0,0.57320523,0.11504209041595459,0.9299802780151367,0.7264170050621033
YPL175W,YKR099W,0,0.5731946,0.11502805352210999,0.9299802780151367,0.7265171408653259
YBR233W-A,YKL197C,0,0.572907,0.11501402407884598,0.9299802780151367,0.7266172766685486
YBR233W-A,YER005W,0,0.57289606,0.11500000208616257,0.9299802780151367,0.7267174124717712
YBR233W-A,YCL035C,0,0.57222843,0.11498598009347916,0.9299802780151367,0.7268175482749939
YFR016C,YKR007W,0,0.57176006,0.11497195810079575,0.9299802780151367,0.7269176840782166
YNR024W,YNL068C,0,0.57120967,0.11495794355869293,0.9299802780151367,0.7270178198814392
YDR361C,YDL223C,0,0.5708345,0.11494392901659012,0.9299802780151367,0.7271179556846619
YJL054W,YDL139C,0,0.5707991,0.1149299219250679,0.9299802780151367,0.7272180914878845
YLR093C,YOL059W,0,0.5703245,0.11491591483354568,0.9299802780151367,0.7273182272911072
YDL189W,YGL061C,0,0.57019764,0.11490191519260406,0.9299802780151367,0.7274183630943298
YCR107W,YOR113W,0,0.5700887,0.11488791555166245,0.9299802780151367,0.7275184988975525
YPL130W,YGR030C,0,0.56986,0.11487391591072083,0.9299802780151367,0.7276186943054199
YBR107C,YOL051W,0,0.5696876,0.1148599237203598,0.9299802780151367,0.7277188301086426
YBR188C,YHL035C,0,0.5694179,0.11484593898057938,0.9299802780151367,0.7278189659118652
YLL031C,YPR133C,0,0.5687535,0.11483195424079895,0.9299802780151367,0.7279191017150879
YDR256C,YER176W,0,0.5685621,0.11481796950101852,0.9299802780151367,0.7280192375183105
YML133C,YKR088C,0,0.56853557,0.1148039922118187,0.9299802780151367,0.7281193733215332
YGL087C,YHR005C,0,0.56774837,0.11479001492261887,0.9299802780151367,0.7282195091247559
YBR233W-A,YPR128C,0,0.5676646,0.11477604508399963,0.9299802780151367,0.7283196449279785
YDL119C,YGR260W,0,0.56723386,0.1147620752453804,0.9299802780151367,0.7284197807312012
YLR167W,YCR036W,0,0.5671189,0.11474811285734177,0.9299802780151367,0.7285199165344238
YBR233W-A,YOR078W,0,0.5670531,0.11473415046930313,0.9299802780151367,0.7286200523376465
YAL015C,YER139C,0,0.56610525,0.11472019553184509,0.9299802780151367,0.7287201881408691
YGR254W,YGL093W,0,0.5654782,0.11470624059438705,0.9299802780151367,0.7288203239440918
YGL058W,YHR090C,0,0.5654153,0.11469228565692902,0.9299802780151367,0.7289204597473145
YPL234C,YDL012C,0,0.56525874,0.11467833817005157,0.9299802780151367,0.7290206551551819
YLR223C,YER060W,0,0.56517076,0.11466439813375473,0.9299802780151367,0.7291207909584045
YBR211C,YNL054W,0,0.56498086,0.11465045809745789,0.9299802780151367,0.7292209267616272
YBL008W,YER127W,0,0.56489533,0.11463651806116104,0.9299802780151367,0.7293210625648499
YPR097W,YCL035C,0,0.5643941,0.1146225854754448,0.9299802780151367,0.7294211983680725
YJR084W,YKL138C,0,0.5643204,0.11460865288972855,0.9299802780151367,0.7295213341712952
YPL198W,YPR105C,0,0.56380486,0.1145947277545929,0.9299802780151367,0.7296214699745178
YNL038W,YHR194W,0,0.56364214,0.11458080261945724,0.9299802780151367,0.7297216057777405
YBR233W-A,YDR284C,0,0.5634197,0.11456688493490219,0.9299802780151367,0.7298217415809631
YGL167C,YLR382C,0,0.5627299,0.11455296725034714,0.9299802780151367,0.7299218773841858
YBR295W,YER081W,0,0.56252015,0.11453904956579208,0.9299802780151367,0.7300220131874084
YGL167C,YML086C,0,0.5621431,0.11452513933181763,0.9299802780151367,0.7301221489906311
YNL240C,YPL049C,0,0.5620398,0.11451122909784317,0.9299802780151367,0.7302222847938538
YPL146C,YKL060C,0,0.56180096,0.11449732631444931,0.9299802780151367,0.7303224802017212
YNL199C,YDR301W,0,0.5615668,0.11448343098163605,0.9299802780151367,0.7304226160049438
YLR426W,YNL123W,0,0.5613574,0.11446952819824219,0.9299802780151367,0.7305227518081665
YGL246C,YPL280W,0,0.5610306,0.11445564031600952,0.9299802780151367,0.7306228876113892
YMR158W,YHR080C,0,0.56059366,0.11444174498319626,0.9299802780151367,0.7307230234146118
YKL145W,YNL240C,0,0.5601317,0.11442785710096359,0.9299802780151367,0.7308231592178345
YMR001C,YFL039C,1,0.5600896,0.11453530937433243,0.9309664964675903,0.7308231592178345
YAL068C,YDR395W,0,0.5593373,0.11452141404151917,0.9309664964675903,0.7309232950210571
YNL142W,YLR413W,0,0.55866814,0.1145075187087059,0.9309664964675903,0.7310234308242798
YLR293C,YBR085W,0,0.5580047,0.11449363082647324,0.9309664964675903,0.7311235666275024
YPL171C,YPR067W,0,0.55785084,0.11447975039482117,0.9309664964675903,0.7312237024307251
YJL167W,YLR248W,0,0.5577743,0.1144658699631691,0.9309664964675903,0.7313238382339478
YKL002W,YOR271C,0,0.5575584,0.11445198953151703,0.9309664964675903,0.7314239740371704
YML092C,YGL085W,0,0.55744034,0.11443811655044556,0.9309664964675903,0.7315241098403931
YPL137C,YHR005C,0,0.5571354,0.11442424356937408,0.9309664964675903,0.7316242456436157
YLR343W,YLR330W,1,0.5570663,0.11453156918287277,0.9319526553153992,0.7316242456436157
YKL114C,YDR005C,0,0.5566933,0.1145176962018013,0.9319526553153992,0.7317244410514832
YLR052W,YKL002W,0,0.55581546,0.11450381577014923,0.9319526553153992,0.7318245768547058
YNL084C,YFL037W,1,0.55530775,0.11461109668016434,0.9329388737678528,0.7318245768547058
YBR168W,YHR193C,0,0.55501294,0.11459721624851227,0.9329388737678528,0.7319247126579285
YPL176C,YGL226W,0,0.55453455,0.1145833358168602,0.9329388737678528,0.7320248484611511
YPL215W,YAL068C,0,0.55445135,0.11456945538520813,0.9329388737678528,0.7321249842643738
YJL059W,YCL001W,0,0.5544485,0.11455558240413666,0.9329388737678528,0.7322251200675964
YAR042W,YJR123W,0,0.5543851,0.11454170942306519,0.9329388737678528,0.7323252558708191
YPL100W,YKR052C,0,0.5540585,0.11452784389257431,0.9329388737678528,0.7324253916740417
YPL234C,YML133C,0,0.55397993,0.11451397836208344,0.9329388737678528,0.7325255274772644
YMR009W,YEL006W,0,0.55384123,0.11450012028217316,0.9329388737678528,0.7326256632804871
YGR254W,YNL287W,0,0.5535444,0.11448626220226288,0.9329388737678528,0.7327257990837097
YNR048W,YLR409C,0,0.55300987,0.1144724115729332,0.9329388737678528,0.7328259348869324
YLR248W,YBL072C,0,0.55136615,0.11445856094360352,0.9329388737678528,0.732926070690155
YHR110W,YGR138C,0,0.5513507,0.11444471031427383,0.9329388737678528,0.7330262660980225
YBR233W-A,YIL038C,0,0.5512756,0.11443086713552475,0.9329388737678528,0.7331264019012451
YOR247W,YNR052C,0,0.5511604,0.11441703140735626,0.9329388737678528,0.7332265377044678
YCR107W,YLR037C,0,0.55111396,0.11440319567918777,0.9329388737678528,0.7333266735076904
YLR181C,YOL051W,0,0.55081576,0.11438935995101929,0.9329388737678528,0.7334268093109131
YOL055C,YLR118C,0,0.55058265,0.1143755316734314,0.9329388737678528,0.7335269451141357
YJL174W,YNL054W,0,0.5498532,0.1143617033958435,0.9329388737678528,0.7336270809173584
YPR114W,YIL009W,0,0.5494547,0.11434787511825562,0.9329388737678528,0.733727216720581
YNL240C,YHR014W,0,0.54894125,0.11433406174182892,0.9329388737678528,0.7338273525238037
YAL002W,YPR133C,0,0.5481192,0.11432024091482162,0.9329388737678528,0.7339274883270264
YKR053C,YOR101W,0,0.5475904,0.11430642753839493,0.9329388737678528,0.734027624130249
YKL141W,YLR143W,0,0.54738444,0.11429262161254883,0.9329388737678528,0.7341277599334717
YPR131C,YPL156C,0,0.5472539,0.11427880823612213,0.9329388737678528,0.7342278957366943
YLR150W,YNL065W,0,0.5469796,0.11426500976085663,0.9329388737678528,0.734328031539917
YKL016C,YLR451W,0,0.5464673,0.11425121128559113,0.9329388737678528,0.7344282269477844
YOR002W,YOR086C,0,0.54630935,0.11423741281032562,0.9329388737678528,0.7345283627510071
YOR253W,YLR055C,0,0.54598933,0.11422361433506012,0.9329388737678528,0.7346284985542297
YJR027W,YPL173W,0,0.54593086,0.11420983076095581,0.9329388737678528,0.7347286343574524
YML067C,YOR157C,0,0.5453376,0.1141960397362709,0.9329388737678528,0.734828770160675
YOR383C,YJL069C,0,0.5452776,0.1141822561621666,0.9329388737678528,0.7349289059638977
YKR027W,YER167W,0,0.54474473,0.11416848003864288,0.9329388737678528,0.7350290417671204
YBR279W,YPR067W,0,0.54231834,0.11415469646453857,0.9329388737678528,0.735129177570343
YHR204W,YDR188W,0,0.54225576,0.11414092779159546,0.9329388737678528,0.7352293133735657
YBR181C,YJL058C,0,0.5418191,0.11412715911865234,0.9329388737678528,0.7353294491767883
YAL019W,YPL239W,0,0.54157805,0.11411339044570923,0.9329388737678528,0.735429584980011
YAL059W,YLR189C,0,0.54146343,0.11409962922334671,0.9329388737678528,0.7355297207832336
YLR150W,YPL135W,0,0.5412456,0.11408586800098419,0.9329388737678528,0.7356298565864563
YDR261C,YDR057W,0,0.5410906,0.11407210677862167,0.9329388737678528,0.735729992389679
YBR049C,YBL047C,0,0.5410379,0.11405835300683975,0.9329388737678528,0.7358301877975464
YDR500C,YGR044C,0,0.53994066,0.11404460668563843,0.9329388737678528,0.735930323600769
YKL062W,YPR128C,0,0.53979945,0.1140308603644371,0.9329388737678528,0.7360304594039917
YPL234C,YLR115W,0,0.53967685,0.11401711404323578,0.9329388737678528,0.7361305952072144
YMR015C,YCR038C,0,0.53815323,0.11400337517261505,0.9329388737678528,0.736230731010437
YOL144W,YOR330C,0,0.5381252,0.11398963630199432,0.9329388737678528,0.7363308668136597
YNL133C,YGL195W,0,0.53805345,0.1139759048819542,0.9329388737678528,0.7364310026168823
YOL055C,YDR165W,0,0.53751755,0.11396217346191406,0.9329388737678528,0.736531138420105
YNL041C,YMR149W,0,0.5370697,0.11394844949245453,0.9329388737678528,0.7366312742233276
YMR205C,YOR086C,0,0.5368496,0.113934725522995,0.9329388737678528,0.7367314100265503
YOR087W,YJL026W,0,0.5364109,0.11392100155353546,0.9329388737678528,0.736831545829773
YAR042W,YOL144W,0,0.5362029,0.11390728503465652,0.9329388737678528,0.7369316816329956
YPR161C,YOR009W,0,0.536064,0.11389356851577759,0.9329388737678528,0.7370318174362183
YML023C,YOR319W,0,0.5355339,0.11387985944747925,0.9329388737678528,0.7371320128440857
YDR323C,YJR041C,0,0.535342,0.11386615037918091,0.9329388737678528,0.7372321486473083
YOR195W,YMR183C,0,0.534869,0.11385244876146317,0.9329388737678528,0.737332284450531
YML059C,YBR085W,0,0.53469455,0.11383874714374542,0.9329388737678528,0.7374324202537537
YGL098W,YIL013C,0,0.53256667,0.11382505297660828,0.9329388737678528,0.7375325560569763
YER093C,YIL123W,0,0.5323514,0.11381135880947113,0.9329388737678528,0.737632691860199
YJR042W,YEL027W,0,0.5317018,0.11379766464233398,0.9329388737678528,0.7377328276634216
YMR041C,YBR181C,0,0.5316074,0.11378397792577744,0.9329388737678528,0.7378329634666443
YLL018C,YPR134W,0,0.5314217,0.11377029120922089,0.9329388737678528,0.7379330992698669
YMR183C,YPL006W,0,0.53141546,0.11375661194324493,0.9329388737678528,0.7380332350730896
YGL144C,YER060W,0,0.5310686,0.11374293267726898,0.9329388737678528,0.7381333708763123
YDR463W,YFR034C,0,0.53101885,0.11372926086187363,0.9329388737678528,0.7382335066795349
YBR233W-A,YIL156W,0,0.53059435,0.11371558904647827,0.9329388737678528,0.7383336424827576
YJL183W,YDL124W,0,0.5300402,0.11370192468166351,0.9329388737678528,0.7384337782859802
YKL099C,YNL118C,0,0.5298059,0.11368826031684875,0.9329388737678528,0.7385339736938477
YDL240W,YJL197W,0,0.52968395,0.113674595952034,0.9329388737678528,0.7386341094970703
YGR055W,YKL192C,0,0.52886075,0.11366093903779984,0.9329388737678528,0.738734245300293
YJR102C,YDR398W,0,0.5284935,0.11364728212356567,0.9329388737678528,0.7388343811035156
YBL051C,YIL011W,0,0.52790534,0.11363363265991211,0.9329388737678528,0.7389345169067383
YDR204W,YGR211W,0,0.5278719,0.11361998319625854,0.9329388737678528,0.7390346527099609
YML011C,YHR165C,0,0.52781546,0.11360634118318558,0.9329388737678528,0.7391347885131836
YER093C,YBR023C,0,0.52727365,0.11359269917011261,0.9329388737678528,0.7392349243164062
YGR046W,YGR193C,0,0.52678794,0.11357906460762024,0.9329388737678528,0.7393350601196289
YGR254W,YOL059W,0,0.52518296,0.11356542259454727,0.9329388737678528,0.7394351959228516
YGL067W,YHR149C,0,0.5246196,0.1135517954826355,0.9329388737678528,0.7395353317260742
YIL118W,YNL176C,0,0.5240719,0.11353816837072372,0.9329388737678528,0.7396354675292969
YLL018C,YDR235W,0,0.5239472,0.11352454125881195,0.9329388737678528,0.7397356033325195
YAL028W,YGL087C,0,0.5239113,0.11351092159748077,0.9329388737678528,0.739835798740387
YDR427W,YHR033W,0,0.5238439,0.1134973019361496,0.9329388737678528,0.7399359345436096
YML067C,YPL161C,0,0.52349824,0.11348368227481842,0.9329388737678528,0.7400360703468323
YIL043C,YDR273W,0,0.5229351,0.11347007006406784,0.9329388737678528,0.7401362061500549
YMR055C,YNL180C,0,0.52270424,0.11345646530389786,0.9329388737678528,0.7402363419532776
YEL048C,YNL317W,0,0.52250284,0.11344286054372787,0.9329388737678528,0.7403364777565002
YER060W-A,YOR086C,0,0.52142614,0.11342925578355789,0.9329388737678528,0.7404366135597229
YBR043C,YJR054W,0,0.5213171,0.1134156584739685,0.9329388737678528,0.7405367493629456
YBR233W-A,YLR284C,0,0.5198748,0.11340206116437912,0.9329388737678528,0.7406368851661682
YIL033C,YNR030W,0,0.5188581,0.11338847130537033,0.9329388737678528,0.7407370209693909
YLR315W,YLL018C-A,0,0.5188159,0.11337488144636154,0.9329388737678528,0.7408371567726135
YBR233W-A,YKL062W,0,0.5182724,0.11336129158735275,0.9329388737678528,0.7409372925758362
YBR233W-A,YLR417W,0,0.51744854,0.11334770917892456,0.9329388737678528,0.7410374283790588
YIL096C,YPR120C,0,0.51724076,0.11333413422107697,0.9329388737678528,0.7411375641822815
YLR143W,YDR303C,0,0.51673853,0.11332055926322937,0.9329388737678528,0.7412377595901489
YLR223C,YFR040W,0,0.5160945,0.11330698430538177,0.9329388737678528,0.7413378953933716
YNL180C,YMR118C,0,0.51598233,0.11329341679811478,0.9329388737678528,0.7414380311965942
YLR432W,YHR194W,0,0.5158269,0.11327984929084778,0.9329388737678528,0.7415381669998169
YBR233W-A,YKL077W,0,0.5155419,0.11326628178358078,0.9329388737678528,0.7416383028030396
YIL036W,YJR123W,0,0.5154049,0.11325272172689438,0.9329388737678528,0.7417384386062622
YDR039C,YNL164C,0,0.515359,0.11323916912078857,0.9329388737678528,0.7418385744094849
YPR057W,YPL179W,0,0.51477903,0.11322561651468277,0.9329388737678528,0.7419387102127075
YDL235C,YCR005C,0,0.51472473,0.11321206390857697,0.9329388737678528,0.7420388460159302
YDR528W,YNL081C,0,0.5143572,0.11319851875305176,0.9329388737678528,0.7421389818191528
YMR207C,YBL005W,0,0.51434904,0.11318497359752655,0.9329388737678528,0.7422391176223755
YMR261C,YDR135C,0,0.5140683,0.11317142844200134,0.9329388737678528,0.7423392534255981
YOR027W,YPR174C,0,0.51294273,0.11315789818763733,0.9329388737678528,0.7424393892288208
YCR086W,YNL068C,0,0.51288235,0.11314436048269272,0.9329388737678528,0.7425395846366882
YLR039C,YLR055C,0,0.51250947,0.1131308302283287,0.9329388737678528,0.7426397204399109
YOR316C,YPL221W,0,0.5121591,0.11311729997396469,0.9329388737678528,0.7427398562431335
YBR233W-A,YIL053W,0,0.511437,0.11310377717018127,0.9329388737678528,0.7428399920463562
YDL243C,YLR384C,0,0.510822,0.11309025436639786,0.9329388737678528,0.7429401278495789
YAL048C,YKR075C,0,0.51031643,0.11307673901319504,0.9329388737678528,0.7430402636528015
YDR381W,YJL001W,0,0.509749,0.11306322365999222,0.9329388737678528,0.7431403994560242
YHR204W,YIL022W,0,0.5096569,0.11304971575737,0.9329388737678528,0.7432405352592468
YLR185W,YPL189W,0,0.5092042,0.11303620785474777,0.9329388737678528,0.7433406710624695
YGR254W,YPR154W,0,0.5091969,0.11302269995212555,0.9329388737678528,0.7434408068656921
YDL240W,YHR148W,0,0.5078947,0.11300919950008392,0.9329388737678528,0.7435409426689148
YKR049C,YPL135W,0,0.50784016,0.1129956990480423,0.9329388737678528,0.7436410784721375
YCL029C,YFR025C,0,0.5076684,0.11298220604658127,0.9329388737678528,0.7437412142753601
YIL013C,YML133C,0,0.50722533,0.11296871304512024,0.9329388737678528,0.7438413500785828
YPR128C,YDR469W,0,0.50678796,0.11295522749423981,0.9329388737678528,0.7439415454864502
YOL154W,YLL057C,0,0.506781,0.11294174194335938,0.9329388737678528,0.7440416812896729
YLR061W,YLR189C,0,0.5063666,0.11292825639247894,0.9329388737678528,0.7441418170928955
YER102W,YDR284C,0,0.5063528,0.11291477829217911,0.9329388737678528,0.7442419528961182
YPL175W,YPL178W,0,0.5060394,0.11290130019187927,0.9329388737678528,0.7443420886993408
YBR078W,YGR055W,0,0.5050016,0.11288782954216003,0.9329388737678528,0.7444422245025635
YOR247W,YIL009W,0,0.5045196,0.1128743588924408,0.9329388737678528,0.7445423603057861
YML086C,YFL011W,0,0.50450885,0.11286089569330215,0.9329388737678528,0.7446424961090088
YLL018C-A,YMR001C,0,0.5042911,0.11284743249416351,0.9329388737678528,0.7447426319122314
YJL078C,YIR026C,0,0.504137,0.11283396929502487,0.9329388737678528,0.7448427677154541
YOR267C,YML107C,0,0.5039394,0.11282051354646683,0.9329388737678528,0.7449429035186768
YKL002W,YBL091C,0,0.50352526,0.11280705779790878,0.9329388737678528,0.7450430393218994
YOL135C,YBL014C,0,0.5025343,0.11279360949993134,0.9329388737678528,0.7451431751251221
YOL011W,YNL123W,0,0.5020555,0.11278016120195389,0.9329388737678528,0.7452433109283447
YKR031C,YPR103W,1,0.50204384,0.11288592219352722,0.9339250326156616,0.7452433109283447
YGR024C,YLR181C,0,0.5015648,0.11287246644496918,0.9339250326156616,0.7453435063362122
YML107C,YPL178W,0,0.50033885,0.11285901814699173,0.9339250326156616,0.7454436421394348
YKL185W,YPL049C,0,0.4995488,0.11284556984901428,0.9339250326156616,0.7455437779426575
YBR112C,YBR060C,0,0.49904633,0.11283212155103683,0.9339250326156616,0.7456439137458801
YJL080C,YPL022W,1,0.49872327,0.1129378154873848,0.9349112510681152,0.7456439137458801
YGL005C,YKL002W,0,0.49844944,0.11292435973882675,0.9349112510681152,0.7457440495491028
YOL012C,YPR133C,0,0.49840117,0.1129109114408493,0.9349112510681152,0.7458441853523254
YPR103W,YGL213C,1,0.49697286,0.11301655322313309,0.9358974099159241,0.7458441853523254
YKL048C,YDR057W,0,0.49682295,0.11300309747457504,0.9358974099159241,0.7459443211555481
YGR078C,YGL005C,0,0.4961185,0.112989641726017,0.9358974099159241,0.7460444569587708
YGR057C,YPL233W,0,0.4958108,0.11297619342803955,0.9358974099159241,0.7461445927619934
YGL196W,YKL194C,0,0.49575973,0.1129627451300621,0.9358974099159241,0.7462447285652161
YOR320C,YLR360W,0,0.49461293,0.11294929683208466,0.9358974099159241,0.7463448643684387
YDR009W,YJL212C,0,0.49403235,0.1129358559846878,0.9358974099159241,0.7464450001716614
YDR422C,YGR244C,0,0.4936211,0.11292241513729095,0.9358974099159241,0.746545135974884
YIL156W,YDR261C,0,0.49265957,0.1129089817404747,0.9358974099159241,0.7466453313827515
YDL145C,YPR199C,0,0.49166378,0.11289554834365845,0.9358974099159241,0.7467454671859741
YLL048C,YOR157C,0,0.49165666,0.11288212239742279,0.9358974099159241,0.7468456029891968
YLR215C,YBL051C,0,0.4915374,0.11286869645118713,0.9358974099159241,0.7469457387924194
YJL012C,YGL093W,0,0.49098396,0.11285527050495148,0.9358974099159241,0.7470458745956421
YLR059C,YJR150C,0,0.4902773,0.11284185200929642,0.9358974099159241,0.7471460103988647
YOL135C,YDR244W,0,0.48959,0.11282844096422195,0.9358974099159241,0.7472461462020874
YIL069C,YBR060C,0,0.48901758,0.1128150224685669,0.9358974099159241,0.7473462820053101
YGR046W,YLR006C,0,0.48880956,0.11280161887407303,0.9358974099159241,0.7474464178085327
YNL243W,YDR427W,0,0.4886751,0.11278820782899857,0.9358974099159241,0.7475465536117554
YDR377W,YPL198W,0,0.4882352,0.1127748042345047,0.9358974099159241,0.747646689414978
YKR096W,YJL078C,0,0.48707604,0.11276140809059143,0.9358974099159241,0.7477468252182007
YMR262W,YEL006W,0,0.48685193,0.11274801194667816,0.9358974099159241,0.7478469610214233
YAL007C,YLR367W,0,0.4867335,0.11273461580276489,0.9358974099159241,0.747947096824646
YMR230W,YFR053C,0,0.4861831,0.11272122710943222,0.9358974099159241,0.7480472922325134
YER062C,YDR261C,0,0.48578542,0.11270783841609955,0.9358974099159241,0.7481474280357361
YLR023C,YBR023C,0,0.48558527,0.11269445717334747,0.9358974099159241,0.7482475638389587
YOL122C,YML016C,0,0.48555243,0.1126810759305954,0.9358974099159241,0.7483476996421814
YJL003W,YBR121C,0,0.48552334,0.11266769468784332,0.9358974099159241,0.748447835445404
YGL025C,YCL001W,0,0.48516834,0.11265432089567184,0.9358974099159241,0.7485479712486267
YDR471W,YLR023C,0,0.48456505,0.11264094710350037,0.9358974099159241,0.7486481070518494
YDL072C,YDR261C,0,0.48437333,0.11262758076190948,0.9358974099159241,0.748748242855072
YGR046W,YDR257C,0,0.48429364,0.1126142144203186,0.9358974099159241,0.7488483786582947
YOR009W,YJR050W,0,0.4841173,0.11260085552930832,0.9358974099159241,0.7489485144615173
YIL019W,YDR023W,0,0.48401383,0.11258749663829803,0.9358974099159241,0.74904865026474
YHR205W,YPR097W,0,0.48313504,0.11257413774728775,0.9358974099159241,0.7491487860679626
YIR026C,YJL019W,1,0.48284057,0.11267939954996109,0.9368836283683777,0.7491487860679626
YPR131C,YHL035C,0,0.4807698,0.11266603320837021,0.9368836283683777,0.7492489218711853
YHR090C,YIL018W,0,0.48064363,0.11265267431735992,0.9368836283683777,0.7493491172790527
YJL174W,YBL031W,0,0.48020262,0.11263931542634964,0.9368836283683777,0.7494492530822754
YIL013C,YGR296W,0,0.47927698,0.11262596398591995,0.9368836283683777,0.749549388885498
YPR110C,YBR301W,0,0.47784203,0.11261261254549026,0.9368836283683777,0.7496495246887207
YBR112C,YNL287W,0,0.47763735,0.11259926855564117,0.9368836283683777,0.7497496604919434
YGR004W,YGL231C,0,0.47763547,0.11258591711521149,0.9368836283683777,0.749849796295166
YEL001C,YJR052W,0,0.477302,0.112572580575943,0.9368836283683777,0.7499499320983887
YDR471W,YDL243C,0,0.4768773,0.1125592440366745,0.9368836283683777,0.7500500679016113
YEL020W-A,YLL006W,0,0.47685462,0.112545907497406,0.9368836283683777,0.750150203704834
YHR158C,YDL012C,0,0.47610652,0.11253257840871811,0.9368836283683777,0.7502503395080566
YLR293C,YPL135W,0,0.47590744,0.11251924932003021,0.9368836283683777,0.7503504753112793
YHR142W,YPL063W,0,0.47583193,0.11250592023134232,0.9368836283683777,0.750450611114502
YDR365W-A,YPL006W,0,0.47571468,0.11249259859323502,0.9368836283683777,0.7505507469177246
YMR286W,YGL195W,0,0.4756447,0.11247927695512772,0.9368836283683777,0.7506508827209473
YDL235C,YGL195W,0,0.4749593,0.11246596276760101,0.9368836283683777,0.7507510781288147
YOL154W,YDR325W,0,0.47449982,0.11245264858007431,0.9368836283683777,0.7508512139320374
YLR259C,YNL246W,0,0.47433907,0.1124393418431282,0.9368836283683777,0.75095134973526
YJL167W,YMR225C,0,0.47426087,0.1124260351061821,0.9368836283683777,0.7510514855384827
YPR120C,YML052W,1,0.4735005,0.11253105849027634,0.9378698468208313,0.7510514855384827
YDR516C,YJL167W,0,0.4728377,0.11251774430274963,0.9378698468208313,0.7511516213417053
YLR007W,YCR044C,0,0.4724754,0.11250443756580353,0.9378698468208313,0.751251757144928
YDR256C,YHR133C,0,0.47242314,0.11249113082885742,0.9378698468208313,0.7513518929481506
YOR117W,YPL198W,0,0.4713645,0.11247782409191132,0.9378698468208313,0.7514520287513733
YKL058W,YIR026C,0,0.47098088,0.1124645248055458,0.9378698468208313,0.751552164554596
YCL029C,YGL129C,0,0.47061294,0.1124512255191803,0.9378698468208313,0.7516523003578186
YML133C,YGL058W,0,0.4705605,0.11243792623281479,0.9378698468208313,0.7517524361610413
YFL025C,YPR046W,0,0.47019944,0.11242463439702988,0.9378698468208313,0.7518525719642639
YML004C,YHR080C,0,0.46969044,0.11241135001182556,0.9378698468208313,0.7519527077674866
YOR359W,YLR460C,0,0.46968287,0.11239805817604065,0.9378698468208313,0.752052903175354
YNL286W,YJL197W,0,0.46949297,0.11238478124141693,0.9378698468208313,0.7521530389785767
YGR161C,YNL029C,0,0.46928048,0.11237149685621262,0.9378698468208313,0.7522531747817993
YGL027C,YPL253C,0,0.4692125,0.1123582199215889,0.9378698468208313,0.752353310585022
YDR129C,YAR042W,0,0.4687963,0.11234495043754578,0.9378698468208313,0.7524534463882446
YLR442C,YBR248C,0,0.46550375,0.11233168095350266,0.9378698468208313,0.7525535821914673
YML076C,YLR435W,0,0.46548444,0.11231841146945953,0.9378698468208313,0.7526537179946899
YJR046W,YNL036W,0,0.46534172,0.11230514943599701,0.9378698468208313,0.7527538537979126
YDR377W,YGL195W,0,0.4640072,0.11229188740253448,0.9378698468208313,0.7528539896011353
YHR146W,YMR177W,0,0.46386844,0.11227863281965256,0.9378698468208313,0.7529541254043579
YLR288C,YGL226W,0,0.46382517,0.11226537823677063,0.9378698468208313,0.7530542612075806
YCR016W,YGL116W,0,0.46372774,0.1122521236538887,0.9378698468208313,0.7531543970108032
YDR155C,YGL127C,1,0.46343538,0.11235690116882324,0.9388560056686401,0.7531543970108032
YDR343C,YOR273C,0,0.4633473,0.11234363913536072,0.9388560056686401,0.7532545328140259
YLL048C,YDR528W,0,0.46293998,0.11233038455247879,0.9388560056686401,0.7533546686172485
YOR049C,YEL024W,0,0.46233955,0.11231712996959686,0.9388560056686401,0.753454864025116
YER100W,YAL059W,0,0.4621259,0.11230388283729553,0.9388560056686401,0.7535549998283386
YML045W,YJR054W,0,0.46193185,0.1122906357049942,0.9388560056686401,0.7536551356315613
YDL093W,YGR161C,0,0.46177578,0.11227738857269287,0.9388560056686401,0.7537552714347839
YLL024C,YPL140C,0,0.46111494,0.11226414889097214,0.9388560056686401,0.7538554072380066
YOL042W,YHR193C,0,0.46101078,0.112250916659832,0.9388560056686401,0.7539555430412292
YPR188C,YIL137C,0,0.46100062,0.11223767697811127,0.9388560056686401,0.7540556788444519
YBR254C,YPL058C,0,0.46094742,0.11222445219755173,0.9388560056686401,0.7541558146476746
YBR038W,YEL032W,0,0.46002844,0.11221121996641159,0.9388560056686401,0.7542559504508972
YKL191W,YOR316C,0,0.45998883,0.11219799518585205,0.9388560056686401,0.7543560862541199
YGL115W,YOR011W,0,0.45998666,0.11218477785587311,0.9388560056686401,0.7544562220573425
YLR131C,YHR080C,0,0.4599199,0.11217155307531357,0.9388560056686401,0.7545563578605652
YKL016C,YPL137C,0,0.4597992,0.11215834319591522,0.9388560056686401,0.7546564936637878
YML011C,YLR363C,0,0.45949078,0.11214512586593628,0.9388560056686401,0.7547566890716553
YCR018C,YCR044C,0,0.45945117,0.11213192343711853,0.9388560056686401,0.7548568248748779
YEL001C,YNL133C,0,0.4593966,0.11211871355772018,0.9388560056686401,0.7549569606781006
YDL093W,YGR044C,0,0.4577905,0.11210551112890244,0.9388560056686401,0.7550570964813232
YDR260C,YGL127C,1,0.45709762,0.11221005767583847,0.9398422241210938,0.7550570964813232
YHL038C,YDR246W,0,0.4570408,0.11219684779644012,0.9398422241210938,0.7551572322845459
YLL039C,YNR049C,1,0.4566956,0.11230135709047318,0.9408283829689026,0.7551572322845459
YNR032C-A,YDL091C,0,0.4560327,0.11228813230991364,0.9408283829689026,0.7552573680877686
YLR223C,YNL132W,0,0.45559955,0.11227492243051529,0.9408283829689026,0.7553575038909912
YJL096W,YIL068C,0,0.45370066,0.11226170510053635,0.9408283829689026,0.7554576396942139
YGL167C,YGR283C,0,0.45315692,0.1122485026717186,0.9408283829689026,0.7555577754974365
YDR441C,YNL036W,0,0.4526199,0.11223529279232025,0.9408283829689026,0.7556579113006592
YDL189W,YER072W,0,0.45226303,0.1122220903635025,0.9408283829689026,0.7557580471038818
YHR014W,YJL208C,0,0.4514146,0.11220889538526535,0.9408283829689026,0.7558581829071045
YEL001C,YDR165W,0,0.45099106,0.1121956929564476,0.9408283829689026,0.7559583187103271
YJL059W,YFR010W,0,0.450925,0.11218250542879105,0.9408283829689026,0.7560584545135498
YFR038W,YML055W,0,0.4505114,0.1121693104505539,0.9408283829689026,0.7561586499214172
YKL081W,YMR133W,0,0.45018032,0.11215612292289734,0.9408283829689026,0.7562587857246399
YLR333C,YJL026W,0,0.4501087,0.11214294284582138,0.9408283829689026,0.7563589215278625
YER142C,YDR412W,0,0.45010757,0.11212976276874542,0.9408283829689026,0.7564590573310852
YLL014W,YBL025W,0,0.44932812,0.11211658269166946,0.9408283829689026,0.7565591931343079
YBR049C,YMR002W,0,0.44912064,0.1121034100651741,0.9408283829689026,0.7566593289375305
YLR185W,YHR014W,0,0.448992,0.11209023743867874,0.9408283829689026,0.7567594647407532
YER062C,YIL107C,0,0.44779235,0.11207706481218338,0.9408283829689026,0.7568596005439758
YDR004W,YJL094C,0,0.44772655,0.11206389963626862,0.9408283829689026,0.7569597363471985
YOR091W,YDL046W,0,0.44732824,0.11205074191093445,0.9408283829689026,0.7570598721504211
YGL006W,YKL039W,0,0.44729963,0.11203758418560028,0.9408283829689026,0.7571600079536438
YJR041C,YHR113W,0,0.44709945,0.11202442646026611,0.9408283829689026,0.7572601437568665
YOR334W,YLR352W,0,0.4461151,0.11201126873493195,0.9408283829689026,0.7573602795600891
YJR052W,YBR212W,0,0.44606927,0.11199811846017838,0.9408283829689026,0.7574604153633118
YHR197W,YKL060C,0,0.44570363,0.1119849756360054,0.9408283829689026,0.7575606107711792
YJL127C,YHR120W,0,0.44486505,0.11197183281183243,0.9408283829689026,0.7576607465744019
YBR169C,YBR034C,0,0.44478554,0.11195868998765945,0.9408283829689026,0.7577608823776245
YDR463W,YGR005C,0,0.44475088,0.11194555461406708,0.9408283829689026,0.7578610181808472
YJL045W,YJR048W,0,0.4441749,0.1119324192404747,0.9408283829689026,0.7579611539840698
YML085C,YDR516C,1,0.44396576,0.11203660070896149,0.9418146014213562,0.7579611539840698
YKR075C,YER015W,0,0.44386193,0.11202345788478851,0.9418146014213562,0.7580612897872925
YOR172W,YDR365C,0,0.442945,0.11201032251119614,0.9418146014213562,0.7581614255905151
YLR324W,YOR273C,0,0.44279045,0.11199718713760376,0.9418146014213562,0.7582615613937378
YER023W,YOR158W,0,0.4424554,0.11198405176401138,0.9418146014213562,0.7583616971969604
YEL006W,YGL226W,0,0.4416015,0.1119709238409996,0.9418146014213562,0.7584618330001831
YIL069C,YBR208C,0,0.44148558,0.11195779591798782,0.9418146014213562,0.7585619688034058
YHL017W,YHL015W,0,0.44141454,0.11194467544555664,0.9418146014213562,0.7586621046066284
YMR318C,YIL014W,0,0.44081056,0.11193155497312546,0.9418146014213562,0.7587622404098511
YBR268W,YOR357C,0,0.44054168,0.11191843450069427,0.9418146014213562,0.7588624358177185
YKL006C-A,YJL001W,0,0.44051257,0.11190532147884369,0.9418146014213562,0.7589625716209412
YLR037C,YGL115W,0,0.44028008,0.1118922084569931,0.9418146014213562,0.7590627074241638
YPR008W,YER081W,0,0.43886375,0.11187910288572311,0.9418146014213562,0.7591628432273865
YKL110C,YBR085W,0,0.43851927,0.11186599731445312,0.9418146014213562,0.7592629790306091
YBR043C,YNL081C,0,0.438044,0.11185289174318314,0.9418146014213562,0.7593631148338318
YLR382C,YMR153W,0,0.43744346,0.11183979362249374,0.9418146014213562,0.7594632506370544
YDR201W,YDR025W,0,0.43708584,0.11182669550180435,0.9418146014213562,0.7595633864402771
YDR212W,YJR084W,0,0.43705383,0.11181360483169556,0.9418146014213562,0.7596635222434998
YOR316C,YIL053W,0,0.43684328,0.11180051416158676,0.9418146014213562,0.7597636580467224
YBL008W,YJL180C,0,0.4362296,0.11178743094205856,0.9418146014213562,0.7598637938499451
YHR090C,YOR272W,0,0.4361933,0.11177434772253036,0.9418146014213562,0.7599639296531677
YER041W,YDR300C,0,0.4359082,0.11176126450300217,0.9418146014213562,0.7600640654563904
YER179W,YDR019C,0,0.43589485,0.11174818873405457,0.9418146014213562,0.760164201259613
YBR168W,YDR365C,0,0.43557826,0.11173511296510696,0.9418146014213562,0.7602643966674805
YJR109C,YPR106W,0,0.4348771,0.11172203719615936,0.9418146014213562,0.7603645324707031
YPR173C,YOR090C,0,0.43304902,0.11170896887779236,0.9418146014213562,0.7604646682739258
YGR024C,YDR361C,0,0.4317154,0.11169590801000595,0.9418146014213562,0.7605648040771484
YIL144W,YPL198W,0,0.43031132,0.11168284714221954,0.9418146014213562,0.7606649398803711
YBR054W,YAL028W,0,0.42954522,0.11166978627443314,0.9418146014213562,0.7607650756835938
YOL042W,YDR308C,0,0.42911935,0.11165672540664673,0.9418146014213562,0.7608652114868164
YML021C,YJL001W,0,0.42792958,0.11164367198944092,0.9418146014213562,0.7609653472900391
YKL014C,YDL018C,0,0.4278865,0.1116306260228157,0.9418146014213562,0.7610654830932617
YER041W,YOR250C,0,0.42739016,0.11161758005619049,0.9418146014213562,0.7611656188964844
YOR081C,YIL148W,0,0.42736188,0.11160453408956528,0.9418146014213562,0.761265754699707
YDR075W,YHR005C,0,0.42707956,0.11159149557352066,0.9418146014213562,0.7613658905029297
YMR234W,YPL010W,0,0.42672697,0.11157845705747604,0.9418146014213562,0.7614660263061523
YDR430C,YDR406W,0,0.424732,0.11156541854143143,0.9418146014213562,0.7615662217140198
YKL185W,YLR223C,0,0.42415535,0.11155238747596741,0.9418146014213562,0.7616663575172424
YGL246C,YPR034W,0,0.42412308,0.11153935641050339,0.9418146014213562,0.7617664933204651
YCR105W,YLR409C,0,0.42347407,0.11152633279561996,0.9418146014213562,0.7618666291236877
YPL262W,YEL027W,0,0.42342395,0.11151330918073654,0.9418146014213562,0.7619667649269104
YER176W,YOR157C,0,0.42274618,0.11150029301643372,0.9418146014213562,0.7620669007301331
YNL054W,YNL123W,0,0.4214277,0.11148727685213089,0.9418146014213562,0.7621670365333557
YGR211W,YDR292C,0,0.42055687,0.11147426068782806,0.9418146014213562,0.7622671723365784
YFR024C-A,YLR150W,0,0.419651,0.11146125197410583,0.9418146014213562,0.762367308139801
YCL017C,YHL025W,0,0.41934627,0.1114482432603836,0.9418146014213562,0.7624674439430237
YPL176C,YGR245C,0,0.41884488,0.11143524199724197,0.9418146014213562,0.7625675797462463
YNL081C,YBL025W,0,0.4187608,0.11142224073410034,0.9418146014213562,0.762667715549469
YML061C,YMR153W,0,0.4181525,0.11140923947095871,0.9418146014213562,0.7627678513526917
YER143W,YBR034C,0,0.41810584,0.11139624565839767,0.9418146014213562,0.7628679871559143
YPR143W,YNL287W,0,0.4178521,0.11138325184583664,0.9418146014213562,0.7629681825637817
YML120C,YPR017C,0,0.4174353,0.1113702654838562,0.9418146014213562,0.7630683183670044
YBR101C,YHR133C,0,0.4164383,0.11135727912187576,0.9418146014213562,0.763168454170227
YOR207C,YDR464W,0,0.41571674,0.11134429275989532,0.9418146014213562,0.7632685899734497
YDR261C,YNL240C,0,0.41443163,0.11133131384849548,0.9418146014213562,0.7633687257766724
YOR103C,YLR313C,0,0.413181,0.11131833493709564,0.9418146014213562,0.763468861579895
YIL130W,YER071C,0,0.41309857,0.1113053634762764,0.9418146014213562,0.7635689973831177
YBR160W,YNL088W,1,0.41279387,0.11140892654657364,0.942800760269165,0.7635689973831177
YKR079C,YNL294C,0,0.4127846,0.1113959476351738,0.942800760269165,0.7636691331863403
YGR024C,YPR114W,0,0.41261452,0.11138296872377396,0.942800760269165,0.763769268989563
YGR204W,YER014W,0,0.41213554,0.11136998981237411,0.942800760269165,0.7638694047927856
YOL020W,YLR247C,0,0.41212547,0.11135701835155487,0.942800760269165,0.7639695405960083
YKL062W,YNL065W,0,0.4119849,0.11134404689073563,0.942800760269165,0.764069676399231
YGR202C,YFR014C,0,0.41154593,0.11133108288049698,0.942800760269165,0.7641698122024536
YJR084W,YOR357C,0,0.41049737,0.11131811887025833,0.942800760269165,0.764270007610321
YBR153W,YJR027W,0,0.4101646,0.11130515486001968,0.942800760269165,0.7643701434135437
YJR046W,YOR253W,0,0.4094081,0.11129219830036163,0.942800760269165,0.7644702792167664
YDR345C,YJR027W,0,0.4081272,0.11127924919128418,0.942800760269165,0.764570415019989
YLR131C,YGL092W,0,0.4077292,0.11126629263162613,0.942800760269165,0.7646705508232117
YML021C,YCL001W,0,0.40767512,0.11125334352254868,0.942800760269165,0.7647706866264343
YDL081C,YOR250C,0,0.4075403,0.11124040186405182,0.942800760269165,0.764870822429657
YKL048C,YNR052C,0,0.40739566,0.11122746020555496,0.942800760269165,0.7649709582328796
YIL030C,YGL226W,0,0.40590686,0.1112145185470581,0.942800760269165,0.7650710940361023
YFL025C,YNL251C,0,0.4058363,0.11120158433914185,0.942800760269165,0.765171229839325
YLR361C,YPL179W,0,0.4055164,0.11118865013122559,0.942800760269165,0.7652713656425476
YPL168W,YOR253W,0,0.40524465,0.11117571592330933,0.942800760269165,0.7653715014457703
YAL056W,YNR038W,0,0.4050156,0.11116278916597366,0.942800760269165,0.7654716372489929
YNR038W,YFR053C,0,0.40460175,0.1111498698592186,0.942800760269165,0.7655717730522156
YDR407C,YIL062C,0,0.40458968,0.11113694310188293,0.942800760269165,0.765671968460083
YPL105C,YER007C-A,0,0.40368098,0.11112402379512787,0.942800760269165,0.7657721042633057
YGR007W,YBR301W,0,0.40326834,0.1111111119389534,0.942800760269165,0.7658722400665283
YPL138C,YHL038C,0,0.40245205,0.11109820008277893,0.942800760269165,0.765972375869751
YLR044C,YLR196W,0,0.4023295,0.11108528822660446,0.942800760269165,0.7660725116729736
YNR032C-A,YHR014W,0,0.4021166,0.11107238382101059,0.942800760269165,0.7661726474761963
YML120C,YPL253C,0,0.4013204,0.11105947941541672,0.942800760269165,0.766272783279419
YBR091C,YEL027W,0,0.40119457,0.11104658246040344,0.942800760269165,0.7663729190826416
YDR276C,YDR019C,0,0.40035766,0.11103367805480957,0.942800760269165,0.7664730548858643
YFR024C-A,YJL167W,0,0.40010315,0.11102078855037689,0.942800760269165,0.7665731906890869
YDR377W,YIR031C,0,0.40009552,0.11100789904594421,0.942800760269165,0.7666733264923096
YBR101C,YDR276C,0,0.3992523,0.11099500954151154,0.942800760269165,0.7667734622955322
YDR025W,YLR363C,0,0.3989973,0.11098212003707886,0.942800760269165,0.7668735980987549
YDL189W,YDR309C,0,0.39856145,0.11096923798322678,0.942800760269165,0.7669737339019775
YOR016C,YLR347C,0,0.39812493,0.11095636337995529,0.942800760269165,0.767073929309845
YGL116W,YDR359C,0,0.3979003,0.11094348132610321,0.942800760269165,0.7671740651130676
YJL181W,YOR260W,0,0.39771822,0.11093060672283173,0.942800760269165,0.7672742009162903
YHR122W,YLR150W,0,0.3975116,0.11091773957014084,0.942800760269165,0.7673743367195129
YDR100W,YGL171W,0,0.39713243,0.11090487241744995,0.942800760269165,0.7674744725227356
YHR202W,YER060W-A,0,0.3964475,0.11089200526475906,0.942800760269165,0.7675746083259583
YKR064W,YKL043W,0,0.3964175,0.11087914556264877,0.942800760269165,0.7676747441291809
YLR367W,YGR122W,0,0.39573014,0.11086628586053848,0.942800760269165,0.7677748799324036
YIL009W,YOR158W,0,0.3955307,0.11085343360900879,0.942800760269165,0.7678750157356262
YER014W,YDR435C,0,0.39480722,0.1108405813574791,0.942800760269165,0.7679751515388489
YDR361C,YGL116W,0,0.39418542,0.1108277291059494,0.942800760269165,0.7680752873420715
YKR007W,YPL207W,0,0.39412338,0.1108148843050003,0.942800760269165,0.7681754231452942
YGL070C,YHR158C,0,0.39381996,0.11080203950405121,0.942800760269165,0.7682755589485168
YDR129C,YBR015C,0,0.3932286,0.11078920215368271,0.942800760269165,0.7683757543563843
YML085C,YJL019W,1,0.39319253,0.11089223623275757,0.9437869787216187,0.7683757543563843
YDR235W,YAL059W,0,0.3926329,0.11087939143180847,0.9437869787216187,0.7684758901596069
YER041W,YKL029C,0,0.39254642,0.11086654663085938,0.9437869787216187,0.7685760259628296
YDR098C,YGL151W,0,0.3917852,0.11085370182991028,0.9437869787216187,0.7686761617660522
YOL122C,YDR213W,0,0.39140064,0.11084086447954178,0.9437869787216187,0.7687762975692749
YIL107C,YMR195W,0,0.39137405,0.11082802712917328,0.9437869787216187,0.7688764333724976
YPR068C,YBR191W,0,0.3908431,0.11081518977880478,0.9437869787216187,0.7689765691757202
YIL118W,YMR040W,0,0.39056146,0.11080235987901688,0.9437869787216187,0.7690767049789429
YHR204W,YPL179W,0,0.39044368,0.11078953742980957,0.9437869787216187,0.7691768407821655
YPL120W,YIL008W,0,0.38960427,0.11077670753002167,0.9437869787216187,0.7692769765853882
YMR050C,YBL005W,0,0.38847584,0.11076389253139496,0.9437869787216187,0.7693771123886108
YEL044W,YNL065W,0,0.38837448,0.11075107008218765,0.9437869787216187,0.7694772481918335
YAL056W,YPL164C,1,0.38781187,0.11085397005081177,0.9447731971740723,0.7694772481918335
YLR167W,YPR106W,0,0.38688588,0.11084114015102386,0.9447731971740723,0.7695773839950562
YKR007W,YLR260W,0,0.38685316,0.11082831770181656,0.9447731971740723,0.7696775197982788
YFR050C,YPL040C,0,0.38486087,0.11081550270318985,0.9447731971740723,0.7697777152061462
YOR078W,YPR155C,0,0.38442767,0.11080268025398254,0.9447731971740723,0.7698778510093689
YER177W,YHR114W,0,0.3842283,0.11078987270593643,0.9447731971740723,0.7699779868125916
YFR014C,YNL156C,0,0.3839715,0.11077705770730972,0.9447731971740723,0.7700781226158142
YPL115C,YKR083C,0,0.38363242,0.11076425015926361,0.9447731971740723,0.7701782584190369
YDR545W,YCR035C,0,0.38286212,0.1107514426112175,0.9447731971740723,0.7702783942222595
YLR367W,YBR218C,0,0.3828115,0.11073864251375198,0.9447731971740723,0.7703785300254822
YDL018C,YML082W,0,0.38248706,0.11072584241628647,0.9447731971740723,0.7704786658287048
YNL020C,YOL061W,0,0.3822173,0.11071304976940155,0.9447731971740723,0.7705788016319275
YJL098W,YOL135C,0,0.38215566,0.11070025712251663,0.9447731971740723,0.7706789374351501
YLL018C,YDR075W,0,0.38178003,0.11068746447563171,0.9447731971740723,0.7707790732383728
YNL145W,YPL006W,0,0.38082153,0.11067467927932739,0.9447731971740723,0.7708792090415955
YKL145W,YML031W,0,0.3799801,0.11066189408302307,0.9447731971740723,0.7709793448448181
YMR225C,YPL075W,0,0.37994972,0.11064910888671875,0.9447731971740723,0.7710795402526855
YDL189W,YPL075W,0,0.3791048,0.11063633114099503,0.9447731971740723,0.7711796760559082
YHR113W,YDR045C,0,0.37835848,0.1106235533952713,0.9447731971740723,0.7712798118591309
YLR277C,YKL032C,0,0.37727433,0.11061078310012817,0.9447731971740723,0.7713799476623535
YLR037C,YOR079C,0,0.37727177,0.11059801280498505,0.9447731971740723,0.7714800834655762
YJR108W,YBR162C,0,0.37665826,0.11058524996042252,0.9447731971740723,0.7715802192687988
YJL057C,YMR242C,0,0.3764303,0.11057248711585999,0.9447731971740723,0.7716803550720215
YER060W,YDL031W,0,0.37630594,0.11055972427129745,0.9447731971740723,0.7717804908752441
YER007C-A,YDR303C,0,0.3756391,0.11054696142673492,0.9447731971740723,0.7718806266784668
YKR053C,YIR031C,0,0.37525967,0.11053421348333359,0.9447731971740723,0.7719807624816895
YHR122W,YCR005C,0,0.3749291,0.11052145808935165,0.9447731971740723,0.7720808982849121
YIL064W,YPL210C,0,0.3745279,0.11050871014595032,0.9447731971740723,0.7721810340881348
YPR128C,YDR246W,0,0.3743515,0.11049596220254898,0.9447731971740723,0.7722811698913574
YIR004W,YPR100W,0,0.37425858,0.11048322170972824,0.9447731971740723,0.7723813056945801
YIL019W,YDL012C,0,0.37415996,0.1104704812169075,0.9447731971740723,0.7724815011024475
YBR218C,YMR195W,0,0.37405324,0.11045774072408676,0.9447731971740723,0.7725816369056702
YFR014C,YHR133C,0,0.3738023,0.11044500768184662,0.9447731971740723,0.7726817727088928
YGL243W,YKL138C,0,0.37372103,0.11043227463960648,0.9447731971740723,0.7727819085121155
YJR052W,YJL001W,0,0.3723399,0.11041954904794693,0.9447731971740723,0.7728820443153381
YKL192C,YER159C,0,0.37232822,0.11040682345628738,0.9447731971740723,0.7729821801185608
YER028C,YCR005C,0,0.37232488,0.11039409786462784,0.9447731971740723,0.7730823159217834
YDR516C,YCR036W,0,0.37230796,0.11038137972354889,0.9447731971740723,0.7731824517250061
YDR367W,YKL138C,0,0.3714254,0.11036866158246994,0.9447731971740723,0.7732825875282288
YHL017W,YPL141C,0,0.37111077,0.11035595089197159,0.9447731971740723,0.7733827233314514
YFR047C,YKR079C,0,0.37088972,0.11034324020147324,0.9447731971740723,0.7734828591346741
YJL012C,YDR009W,0,0.37064037,0.11033052951097488,0.9447731971740723,0.7735829949378967
YLR360W,YKL077W,0,0.3705997,0.11031782627105713,0.9447731971740723,0.7736831307411194
YNL190W,YDR268W,0,0.3705541,0.11030512303113937,0.9447731971740723,0.7737833261489868
YDR434W,YPL179W,0,0.3696888,0.11029242724180222,0.9447731971740723,0.7738834619522095
YEL044W,YNL081C,0,0.36888188,0.11027973145246506,0.9447731971740723,0.7739835977554321
YPL146C,YPL221W,0,0.3688677,0.1102670356631279,0.9447731971740723,0.7740837335586548
YLR060W,YGR296W,0,0.36814174,0.11025434732437134,0.9447731971740723,0.7741838693618774
YNL288W,YJR054W,0,0.36806875,0.11024165898561478,0.9447731971740723,0.7742840051651001
YPL179W,YDL087C,0,0.3669786,0.11022897064685822,0.9447731971740723,0.7743841409683228
YOR334W,YLR249W,0,0.36672613,0.11021628975868225,0.9447731971740723,0.7744842767715454
YER155C,YLR384C,0,0.3652823,0.11020360887050629,0.9447731971740723,0.7745844125747681
YPL056C,YDR257C,0,0.3652537,0.11019093543291092,0.9447731971740723,0.7746845483779907
YJR049C,YLR299W,0,0.36510938,0.11017826199531555,0.9447731971740723,0.7747846841812134
YIL013C,YML055W,0,0.36486137,0.11016559600830078,0.9447731971740723,0.774884819984436
YKL155C,YKL080W,0,0.36454248,0.11015293002128601,0.9447731971740723,0.7749849557876587
YPR057W,YDR273W,0,0.36453238,0.11014026403427124,0.9447731971740723,0.7750850915908813
YHR113W,YPL224C,0,0.36439732,0.11012759804725647,0.9447731971740723,0.7751852869987488
YMR286W,YNL045W,0,0.36412904,0.1101149395108223,0.9447731971740723,0.7752854228019714
YNL103W,YML067C,0,0.36366162,0.11010228842496872,0.9447731971740723,0.7753855586051941
YOR027W,YLR007W,0,0.36326045,0.11008963733911514,0.9447731971740723,0.7754856944084167
YPL138C,YGR181W,0,0.36224413,0.11007698625326157,0.9447731971740723,0.7755858302116394
YPL169C,YLR451W,0,0.36172837,0.11006433516740799,0.9447731971740723,0.7756859660148621
YGR017W,YIL167W,0,0.3606026,0.11005169153213501,0.9447731971740723,0.7757861018180847
YIL098C,YIL011W,0,0.36052525,0.11003905534744263,0.9447731971740723,0.7758862376213074
YDR435C,YGR080W,0,0.36026245,0.11002641916275024,0.9447731971740723,0.77598637342453
YHR110W,YGL238W,0,0.3601273,0.11001378297805786,0.9447731971740723,0.7760865092277527
YOR363C,YLR023C,0,0.36008766,0.11000114679336548,0.9447731971740723,0.7761866450309753
YPR037C,YDR175C,0,0.35900515,0.10998851805925369,0.9447731971740723,0.776286780834198
YBR069C,YLR292C,0,0.35900307,0.1099758893251419,0.9447731971740723,0.7763869166374207
YPR034W,YGL198W,0,0.35836676,0.10996326804161072,0.9447731971740723,0.7764870524406433
YGR205W,YPL137C,0,0.358126,0.10995064675807953,0.9447731971740723,0.7765872478485107
YDR325W,YOR241W,0,0.3576097,0.10993803292512894,0.9447731971740723,0.7766873836517334
YOR101W,YKR079C,0,0.3575253,0.10992541909217834,0.9447731971740723,0.776787519454956
YIL148W,YPR046W,0,0.35718116,0.10991280525922775,0.9447731971740723,0.7768876552581787
YGR161C,YIL008W,0,0.35717794,0.10990019142627716,0.9447731971740723,0.7769877910614014
YGL028C,YNL251C,0,0.35618168,0.10988759249448776,0.9447731971740723,0.777087926864624
YJR073C,YPL010W,0,0.35483235,0.10987498611211777,0.9447731971740723,0.7771880626678467
YNL137C,YBR028C,0,0.35437807,0.10986238718032837,0.9447731971740723,0.7772881984710693
YDR375C,YPR067W,0,0.3525366,0.10984978824853897,0.9447731971740723,0.777388334274292
YDL154W,YPR169W,0,0.35231727,0.10983719676733017,0.9447731971740723,0.7774884700775146
YPL133C,YKL058W,0,0.3515606,0.10982460528612137,0.9447731971740723,0.7775886058807373
YLL066C,YPL010W,0,0.35146272,0.10981201380491257,0.9447731971740723,0.77768874168396
YLR067C,YDR303C,0,0.35062754,0.10979942977428436,0.9447731971740723,0.7777888774871826
YDR430C,YGL045W,0,0.350052,0.10978684574365616,0.9447731971740723,0.77788907289505
YMR205C,YLR093C,0,0.3497102,0.10977426171302795,0.9447731971740723,0.7779892086982727
YGR030C,YNL118C,0,0.34953135,0.10976168513298035,0.9447731971740723,0.7780893445014954
YDR098C,YBR146W,0,0.3485856,0.10974910855293274,0.9447731971740723,0.778189480304718
YGR208W,YPR141C,0,0.34856942,0.10973653942346573,0.9447731971740723,0.7782896161079407
YOR091W,YFR050C,0,0.34852362,0.10972397029399872,0.9447731971740723,0.7783897519111633
YGR217W,YOR103C,0,0.3481899,0.1097114086151123,0.9447731971740723,0.778489887714386
YDR422C,YLR055C,0,0.34778607,0.10969884693622589,0.9447731971740723,0.7785900235176086
YMR306W,YDL222C,1,0.34704983,0.1098007783293724,0.9457593560218811,0.7785900235176086
YMR318C,YOL144W,0,0.3468917,0.1097882091999054,0.9457593560218811,0.7786901593208313
YER177W,YOL121C,0,0.346524,0.10977564007043839,0.9457593560218811,0.778790295124054
YOR101W,YPL076W,0,0.3459494,0.10976307839155197,0.9457593560218811,0.7788904309272766
YLR059C,YNL094W,0,0.34521616,0.10975051671266556,0.9457593560218811,0.7789905667304993
YNL294C,YDR057W,0,0.34441492,0.10973795503377914,0.9457593560218811,0.7790907025337219
YPR003C,YBR212W,0,0.34430262,0.10972540080547333,0.9457593560218811,0.7791908383369446
YKL155C,YGR253C,0,0.34419087,0.10971284657716751,0.9457593560218811,0.779291033744812
YML041C,YMR156C,0,0.34403616,0.10970029979944229,0.9457593560218811,0.7793911695480347
YBR254C,YHR150W,0,0.34360716,0.10968775302171707,0.9457593560218811,0.7794913053512573
YNL094W,YGL107C,0,0.34319618,0.10967520624399185,0.9457593560218811,0.77959144115448
YIL014W,YGL085W,0,0.34281385,0.10966266691684723,0.9457593560218811,0.7796915769577026
YDL235C,YBR119W,0,0.34088027,0.1096501275897026,0.9457593560218811,0.7797917127609253
YGR108W,YLL040C,1,0.3404593,0.10975191742181778,0.9467455744743347,0.7797917127609253
YIL075C,YHL050C,0,0.3397485,0.10973937064409256,0.9467455744743347,0.779891848564148
YKL194C,YDR190C,0,0.33952653,0.10972682386636734,0.9467455744743347,0.7799919843673706
YHR165C,YHR158C,0,0.33948153,0.10971428453922272,0.9467455744743347,0.7800921201705933
YOR357C,YJL035C,0,0.33938742,0.1097017452120781,0.9467455744743347,0.7801922559738159
YML107C,YOR110W,0,0.3393412,0.10968921333551407,0.9467455744743347,0.7802923917770386
YGL016W,YDR257C,0,0.3390764,0.10967668145895004,0.9467455744743347,0.7803925275802612
YLR011W,YGR040W,0,0.33886832,0.10966415703296661,0.9467455744743347,0.7804926633834839
YDL220C,YIL043C,0,0.33871734,0.10965162515640259,0.9467455744743347,0.7805928587913513
YBR003W,YML055W,0,0.3385522,0.10963910818099976,0.9467455744743347,0.780692994594574
YNL164C,YKL077W,0,0.33852947,0.10962658375501633,0.9467455744743347,0.7807931303977966
YNL062C,YKR049C,0,0.33844566,0.1096140667796135,0.9467455744743347,0.7808932662010193
YGL099W,YBR180W,1,0.33819982,0.10971572250127792,0.9477317333221436,0.7808932662010193
YMR040W,YLR075W,0,0.33778477,0.1097031980752945,0.9477317333221436,0.7809934020042419
YKL002W,YLL021W,0,0.3375436,0.10969067364931107,0.9477317333221436,0.7810935378074646
YDR007W,YKL196C,0,0.3349751,0.10967815667390823,0.9477317333221436,0.7811936736106873
YNL294C,YOL095C,0,0.3348689,0.1096656396985054,0.9477317333221436,0.7812938094139099
YML100W,YIR019C,0,0.33447558,0.10965312272310257,0.9477317333221436,0.7813939452171326
YPL168W,YOR272W,0,0.33343095,0.10964061319828033,0.9477317333221436,0.7814940810203552
YOR383C,YOR101W,0,0.33332458,0.1096281111240387,0.9477317333221436,0.7815942168235779
YDL072C,YCR105W,0,0.33327478,0.10961560159921646,0.9477317333221436,0.7816943526268005
YGL025C,YOR241W,0,0.33291712,0.10960309952497482,0.9477317333221436,0.7817944884300232
YOR266W,YOR247W,0,0.33285612,0.10959060490131378,0.9477317333221436,0.7818946242332458
YKR093W,YOR241W,0,0.33258548,0.10957811027765274,0.9477317333221436,0.7819948196411133
YOR236W,YHR037W,0,0.33256516,0.1095656156539917,0.9477317333221436,0.7820949554443359
YKL069W,YHR194W,0,0.33112702,0.10955312103033066,0.9477317333221436,0.7821950912475586
YHR158C,YLR361C,0,0.3310877,0.10954063385725021,0.9477317333221436,0.7822952270507812
YMR009W,YMR125W,0,0.33107924,0.10952815413475037,0.9477317333221436,0.7823953628540039
YJL174W,YLL021W,0,0.32964414,0.10951566696166992,0.9477317333221436,0.7824954986572266
YPL198W,YNL024C,0,0.32957315,0.10950318723917007,0.9477317333221436,0.7825956344604492
YML059C,YHL050C,0,0.32940888,0.10949071496725082,0.9477317333221436,0.7826957702636719
YIL098C,YCL051W,0,0.32890016,0.10947824269533157,0.9477317333221436,0.7827959060668945
YOR227W,YOR103C,0,0.32864252,0.10946577042341232,0.9477317333221436,0.7828960418701172
YOR157C,YBR089C-A,0,0.32787305,0.10945330560207367,0.9477317333221436,0.7829961776733398
YGL115W,YNR038W,0,0.32690772,0.10944084078073502,0.9477317333221436,0.7830963134765625
YPL146C,YPL040C,0,0.32669097,0.10942837595939636,0.9477317333221436,0.7831964492797852
YLL006W,YLR299W,0,0.32655653,0.1094159185886383,0.9477317333221436,0.7832966446876526
YDR023W,YPL221W,0,0.32464716,0.10940346121788025,0.9477317333221436,0.7833967804908752
YOR034C,YKL114C,0,0.32463267,0.10939100384712219,0.9477317333221436,0.7834969162940979
YBL035C,YLR367W,0,0.3243491,0.10937855392694473,0.9477317333221436,0.7835970520973206
YER056C,YOR113W,0,0.32431102,0.10936611145734787,0.9477317333221436,0.7836971879005432
YFR024C-A,YOR002W,0,0.3226498,0.10935366153717041,0.9477317333221436,0.7837973237037659
YIL013C,YKL114C,0,0.3226349,0.10934121906757355,0.9477317333221436,0.7838974595069885
YAL015C,YLR220W,0,0.3218459,0.10932878404855728,0.9477317333221436,0.7839975953102112
YEL039C,YIL096C,0,0.32114822,0.10931634902954102,0.9477317333221436,0.7840977311134338
YLR347C,YOR011W,0,0.32096356,0.10930391401052475,0.9477317333221436,0.7841978669166565
YIL005W,YDL134C,0,0.32092786,0.10929147899150848,0.9477317333221436,0.7842980027198792
YPL058C,YJR054W,0,0.32092142,0.10927905142307281,0.9477317333221436,0.7843981385231018
YDR463W,YHR201C,0,0.32067788,0.10926663130521774,0.9477317333221436,0.7844982743263245
YKL132C,YLR466W,0,0.32007134,0.10925420373678207,0.9477317333221436,0.7845984101295471
YLR411W,YDR028C,0,0.31953266,0.109241783618927,0.9477317333221436,0.7846986055374146
YNL312W,YDR512C,1,0.31944954,0.1093430295586586,0.9487179517745972,0.7846986055374146
YDL091C,YEL051W,0,0.3187598,0.10933060944080353,0.9487179517745972,0.7847987413406372
YPL036W,YDR100W,0,0.3186399,0.10931818187236786,0.9487179517745972,0.7848988771438599
YOR236W,YGL116W,0,0.31824976,0.10930576175451279,0.9487179517745972,0.7849990129470825
YAL051W,YCR021C,0,0.31803682,0.10929334163665771,0.9487179517745972,0.7850991487503052
YDR372C,YNL048W,0,0.31774792,0.10928092896938324,0.9487179517745972,0.7851992845535278
YBR248C,YKL081W,0,0.3169884,0.10926851630210876,0.9487179517745972,0.7852994203567505
YGL076C,YLR181C,0,0.31612012,0.10925610363483429,0.9487179517745972,0.7853995561599731
YPR143W,YPL075W,0,0.31610376,0.10924369841814041,0.9487179517745972,0.7854996919631958
YIL098C,YBR212W,0,0.31609643,0.10923129320144653,0.9487179517745972,0.7855998277664185
YHL024W,YER177W,1,0.31608257,0.10933242738246918,0.9497041702270508,0.7855998277664185
YLL066C,YDR098C,0,0.31607258,0.1093200147151947,0.9497041702270508,0.7856999635696411
YFR030W,YJL197W,0,0.31586862,0.10930760204792023,0.9497041702270508,0.7858000993728638
YNL023C,YFR040W,0,0.31560114,0.10929519683122635,0.9497041702270508,0.7859002351760864
YKR089C,YLR150W,0,0.31463444,0.10928279906511307,0.9497041702270508,0.7860003709793091
YKR072C,YDL031W,0,0.31250143,0.10927039384841919,0.9497041702270508,0.7861005663871765
YBL100W-B,YMR207C,0,0.31122229,0.10925799608230591,0.9497041702270508,0.7862007021903992
YNL056W,YCL001W,0,0.3103158,0.10924560576677322,0.9497041702270508,0.7863008379936218
YOR207C,YOR372C,0,0.30866748,0.10923321545124054,0.9497041702270508,0.7864009737968445
YHR073W,YBR094W,0,0.30865008,0.10922082513570786,0.9497041702270508,0.7865011096000671
YER142C,YDL135C,0,0.30756742,0.10920843482017517,0.9497041702270508,0.7866012454032898
YIL014W,YBR181C,0,0.30677843,0.10919605195522308,0.9497041702270508,0.7867013812065125
YDR098C,YPR097W,0,0.30615598,0.10918367654085159,0.9497041702270508,0.7868015170097351
YNL054W,YFR034C,0,0.30576605,0.1091712936758995,0.9497041702270508,0.7869016528129578
YLR277C,YJL096W,0,0.3054465,0.10915891826152802,0.9497041702270508,0.7870017886161804
YPR037C,YMR041C,0,0.30496547,0.10914655029773712,0.9497041702270508,0.7871019244194031
YOL084W,YIL069C,0,0.3048588,0.10913418233394623,0.9497041702270508,0.7872020602226257
YMR243C,YBL025W,0,0.3038523,0.10912181437015533,0.9497041702270508,0.7873021960258484
YKR078W,YLR333C,0,0.3028998,0.10910944640636444,0.9497041702270508,0.7874023914337158
YDL160C,YPL253C,0,0.30263245,0.10909708589315414,0.9497041702270508,0.7875025272369385
YPL215W,YNL294C,0,0.30222848,0.10908473283052444,0.9497041702270508,0.7876026630401611
YAL019W,YDL046W,0,0.30197734,0.10907237231731415,0.9497041702270508,0.7877027988433838
YPR034W,YBR301W,0,0.30172116,0.10906001925468445,0.9497041702270508,0.7878029346466064
YDL222C,YDR512C,1,0.30147064,0.1091609075665474,0.9506903290748596,0.7878029346466064
YIL064W,YLR115W,0,0.3006667,0.1091485470533371,0.9506903290748596,0.7879030704498291
YJL058C,YPL117C,0,0.30061212,0.1091361939907074,0.9506903290748596,0.7880032062530518
YKL029C,YNL081C,0,0.3006056,0.1091238409280777,0.9506903290748596,0.7881033420562744
YLL024C,YJR041C,0,0.30031902,0.109111487865448,0.9506903290748596,0.7882034778594971
YLR277C,YDR045C,0,0.30023837,0.1090991422533989,0.9506903290748596,0.7883036136627197
YGR178C,YKL006C-A,0,0.29987034,0.10908679664134979,0.9506903290748596,0.7884037494659424
YOR119C,YGR007W,0,0.29863155,0.10907445102930069,0.9506903290748596,0.788503885269165
YGR005C,YHR193C,0,0.29840112,0.10906211286783218,0.9506903290748596,0.7886040210723877
YHR165C,YBR112C,0,0.29817492,0.10904977470636368,0.9506903290748596,0.7887041568756104
YML031W,YMR149W,0,0.29633802,0.10903743654489517,0.9506903290748596,0.7888043522834778
YNL243W,YPL203W,0,0.29559648,0.10902510583400726,0.9506903290748596,0.7889044880867004
YDL098C,YNL132W,0,0.29521257,0.10901277512311935,0.9506903290748596,0.7890046238899231
YDR256C,YNL216W,0,0.29509684,0.10900045186281204,0.9506903290748596,0.7891047596931458
YER060W-A,YMR156C,0,0.29471484,0.10898812860250473,0.9506903290748596,0.7892048954963684
YJL110C,YOR253W,0,0.2936568,0.10897580534219742,0.9506903290748596,0.7893050312995911
YHR158C,YKL145W,0,0.29344225,0.1089634895324707,0.9506903290748596,0.7894051671028137
YDR007W,YHR190W,0,0.2918039,0.10895117372274399,0.9506903290748596,0.7895053029060364
YKL191W,YJL127C,0,0.29111916,0.10893886536359787,0.9506903290748596,0.789605438709259
YLR017W,YEL024W,0,0.29084527,0.10892655700445175,0.9506903290748596,0.7897055745124817
YIL013C,YHR073W,0,0.28979254,0.10891424864530563,0.9506903290748596,0.7898057103157043
YOR034C,YMR059W,0,0.2892081,0.10890194028615952,0.9506903290748596,0.789905846118927
YGL061C,YMR074C,0,0.28917235,0.108889639377594,0.9506903290748596,0.7900059819221497
YBR181C,YDR517W,0,0.288976,0.10887734591960907,0.9506903290748596,0.7901061773300171
YCL016C,YGL171W,0,0.2889311,0.10886504501104355,0.9506903290748596,0.7902063131332397
YHR005C,YNL055C,0,0.28823614,0.10885275155305862,0.9506903290748596,0.7903064489364624
YOR177C,YHL050C,0,0.28699005,0.1088404655456543,0.9506903290748596,0.7904065847396851
YJL212C,YHR024C,0,0.28564447,0.10882817953824997,0.9506903290748596,0.7905067205429077
YBR189W,YPL056C,0,0.28395998,0.10881589353084564,0.9506903290748596,0.7906068563461304
YLR347C,YLR058C,0,0.2837965,0.10880361497402191,0.9506903290748596,0.790706992149353
YNL190W,YJL173C,0,0.28250867,0.10879133641719818,0.9506903290748596,0.7908071279525757
YJL173C,YBR082C,1,0.28204978,0.10889189690351486,0.9516765475273132,0.7908071279525757
YBR085W,YJR049C,0,0.28036118,0.10887961089611053,0.9516765475273132,0.7909072637557983
YBR085W,YGL198W,0,0.2803466,0.10886732488870621,0.9516765475273132,0.791007399559021
YHR001W-A,YFR025C,0,0.28019747,0.10885504633188248,0.9516765475273132,0.7911075353622437
YFL026W,YOR079C,0,0.2796839,0.10884276777505875,0.9516765475273132,0.7912076711654663
YNR055C,YML055W,0,0.27897173,0.10883049666881561,0.9516765475273132,0.791307806968689
YPR010C,YPR155C,0,0.27890837,0.10881822556257248,0.9516765475273132,0.7914079427719116
YML098W,YLR175W,0,0.27866372,0.10880595445632935,0.9516765475273132,0.791508138179779
YDR422C,YBR208C,0,0.27818257,0.10879368335008621,0.9516765475273132,0.7916082739830017
YHR197W,YNL068C,0,0.27591372,0.10878141969442368,0.9516765475273132,0.7917084097862244
YIL036W,YCL017C,0,0.27528742,0.10876916348934174,0.9516765475273132,0.791808545589447
YHL028W,YER178W,0,0.27519578,0.1087568998336792,0.9516765475273132,0.7919086813926697
YLR085C,YDR399W,0,0.27508628,0.10874464362859726,0.9516765475273132,0.7920088171958923
YNL194C,YGL115W,0,0.27457735,0.10873239487409592,0.9516765475273132,0.792108952999115
YPR188C,YBR119W,0,0.27349192,0.10872014611959457,0.9516765475273132,0.7922090888023376
YIL069C,YNL063W,0,0.27297616,0.10870789736509323,0.9516765475273132,0.7923092246055603
YLR239C,YNL024C,0,0.27242526,0.10869564861059189,0.9516765475273132,0.792409360408783
YOR320C,YDR399W,0,0.27208942,0.10868340730667114,0.9516765475273132,0.7925094962120056
YDR127W,YDR407C,0,0.2719497,0.108671173453331,0.9516765475273132,0.7926096320152283
YDR468C,YKL192C,0,0.27128407,0.10865893214941025,0.9516765475273132,0.7927097678184509
YDR515W,YOR260W,0,0.2710772,0.1086466982960701,0.9516765475273132,0.7928099632263184
YJR042W,YIL011W,0,0.27049315,0.10863447189331055,0.9516765475273132,0.792910099029541
YPL175W,YGR044C,0,0.26976132,0.108622245490551,0.9516765475273132,0.7930102348327637
YGL016W,YHR133C,0,0.2695188,0.10861001908779144,0.9516765475273132,0.7931103706359863
YFR027W,YHR193C,0,0.26824492,0.10859779268503189,0.9516765475273132,0.793210506439209
YJL110C,YJL196C,0,0.2682115,0.10858557373285294,0.9516765475273132,0.7933106422424316
YNL294C,YLR175W,0,0.26806486,0.10857335478067398,0.9516765475273132,0.7934107780456543
YGL025C,YHR165C,0,0.2680131,0.10856114327907562,0.9516765475273132,0.793510913848877
YLL066C,YAL068C,0,0.26752216,0.10854893177747726,0.9516765475273132,0.7936110496520996
YFR016C,YIL005W,0,0.26708472,0.1085367202758789,0.9516765475273132,0.7937111854553223
YKL058W,YDL087C,0,0.26633477,0.10852451622486115,0.9516765475273132,0.7938113212585449
YHR103W,YDL031W,0,0.26625368,0.10851231217384338,0.9516765475273132,0.7939114570617676
YOR091W,YKR072C,0,0.2658785,0.10850011557340622,0.9516765475273132,0.7940115928649902
YCL016C,YER159C,0,0.2657629,0.10848791152238846,0.9516765475273132,0.7941117286682129
YNL167C,YPL225W,0,0.2652986,0.10847572237253189,0.9516765475273132,0.7942119240760803
YOR193W,YIL148W,0,0.26511687,0.10846352577209473,0.9516765475273132,0.794312059879303
YHR108W,YOR117W,0,0.2649863,0.10845133662223816,0.9516765475273132,0.7944121956825256
YIL005W,YGL016W,0,0.26355132,0.10843914747238159,0.9516765475273132,0.7945123314857483
YOR191W,YDR377W,0,0.26279366,0.10842696577310562,0.9516765475273132,0.794612467288971
YKL081W,YMR149W,0,0.2627785,0.10841478407382965,0.9516765475273132,0.7947126030921936
YKL063C,YLR055C,0,0.2626553,0.10840260982513428,0.9516765475273132,0.7948127388954163
YDR188W,YKL005C,0,0.26257747,0.1083904281258583,0.9516765475273132,0.7949128746986389
YJL186W,YOL061W,0,0.26247558,0.10837825387716293,0.9516765475273132,0.7950130105018616
YLR299W,YCL035C,0,0.26143736,0.10836608707904816,0.9516765475273132,0.7951131463050842
YGL006W,YJL003W,0,0.26115334,0.10835392028093338,0.9516765475273132,0.7952132821083069
YDL106C,YBL047C,0,0.26083708,0.1083417534828186,0.9516765475273132,0.7953134179115295
YLR220W,YGR253C,0,0.26079676,0.10832959413528442,0.9516765475273132,0.7954135537147522
YDR361C,YDR398W,0,0.26012117,0.10831743478775024,0.9516765475273132,0.7955136895179749
YJL001W,YPL178W,0,0.25990963,0.10830527544021606,0.9516765475273132,0.7956138849258423
YNL054W,YDR188W,0,0.25985837,0.10829312354326248,0.9516765475273132,0.7957140207290649
YOR247W,YPL056C,0,0.2596441,0.1082809716463089,0.9516765475273132,0.7958141565322876
YPL215W,YDL149W,0,0.25879174,0.10826881974935532,0.9516765475273132,0.7959142923355103
YIL098C,YPR114W,0,0.25838682,0.10825667530298233,0.9516765475273132,0.7960144281387329
YDR468C,YKL058W,0,0.25776148,0.10824453085660934,0.9516765475273132,0.7961145639419556
YPR173C,YDR145W,0,0.2574848,0.10823239386081696,0.9516765475273132,0.7962146997451782
YNL190W,YGR217W,0,0.25673828,0.10822025686502457,0.9516765475273132,0.7963148355484009
YER031C,YBL047C,0,0.25665748,0.10820811986923218,0.9516765475273132,0.7964149713516235
YGL126W,YBR295W,0,0.25444382,0.10819598287343979,0.9516765475273132,0.7965151071548462
YDR328C,YGL115W,0,0.25432113,0.108183853328228,0.9516765475273132,0.7966152429580688
YFR050C,YGL064C,0,0.2540584,0.1081717312335968,0.9516765475273132,0.7967153787612915
YJR027W,YGL105W,0,0.25402933,0.1081596091389656,0.9516765475273132,0.7968155145645142
YLR083C,YDL100C,0,0.25399727,0.10814748704433441,0.9516765475273132,0.7969157099723816
YGL076C,YKR064W,0,0.25359035,0.10813536494970322,0.9516765475273132,0.7970158457756042
YLR409C,YDL102W,0,0.25342417,0.10812325030565262,0.9516765475273132,0.7971159815788269
YOR090C,YFL005W,0,0.25297862,0.10811113566160202,0.9516765475273132,0.7972161173820496
YDR041W,YCR005C,0,0.2529248,0.10809902846813202,0.9516765475273132,0.7973162531852722
YGR161C,YPL221W,0,0.25236803,0.10808692127466202,0.9516765475273132,0.7974163889884949
YEL020W-A,YNL068C,0,0.2518888,0.10807481408119202,0.9516765475273132,0.7975165247917175
YMR234W,YAL019W,0,0.2517371,0.10806270688772202,0.9516765475273132,0.7976166605949402
YOR081C,YBL100W-B,0,0.25102955,0.10805060714483261,0.9516765475273132,0.7977167963981628
YJR117W,YHR190W,0,0.2508496,0.1080385148525238,0.9516765475273132,0.7978169322013855
YKL129C,YDR395W,0,0.25024706,0.108026422560215,0.9516765475273132,0.7979170680046082
YPL135W,YMR149W,0,0.24969612,0.10801433026790619,0.9516765475273132,0.7980172038078308
YBR054W,YJR117W,0,0.2494799,0.10800223797559738,0.9516765475273132,0.7981173396110535
YLR118C,YPL097W,0,0.24931662,0.10799015313386917,0.9516765475273132,0.7982174754142761
YBR131W,YKL051W,0,0.24865471,0.10797806829214096,0.9516765475273132,0.7983176708221436
YMR275C,YDR292C,0,0.24802212,0.10796599090099335,0.9516765475273132,0.7984178066253662
YLR056W,YER032W,0,0.24738441,0.10795391350984573,0.9516765475273132,0.7985179424285889
YDL072C,YKL026C,0,0.2458663,0.10794183611869812,0.9516765475273132,0.7986180782318115
YNL029C,YJL208C,0,0.24553482,0.1079297587275505,0.9516765475273132,0.7987182140350342
YDR399W,YBR094W,0,0.24522696,0.10791768878698349,0.9516765475273132,0.7988183498382568
YHR113W,YHR158C,0,0.24501915,0.10790562629699707,0.9516765475273132,0.7989184856414795
YLR413W,YNL130C,0,0.24458577,0.10789355635643005,0.9516765475273132,0.7990186214447021
YKL006C-A,YDR087C,0,0.24426611,0.10788150131702423,0.9516765475273132,0.7991187572479248
YLL018C,YDR227W,0,0.24424751,0.10786943882703781,0.9516765475273132,0.7992188930511475
YIL118W,YNL059C,0,0.24417467,0.10785738378763199,0.9516765475273132,0.7993190288543701
YFL026W,YLL014W,0,0.24390335,0.10784532874822617,0.9516765475273132,0.7994191646575928
YLR058C,YJL196C,0,0.24366227,0.10783328115940094,0.9516765475273132,0.7995193004608154
YHR122W,YIL173W,0,0.24254003,0.10782122611999512,0.9516765475273132,0.7996194958686829
YNL001W,YJL001W,1,0.2411599,0.10792089998722076,0.9526627063751221,0.7996194958686829
YGR046W,YPR134W,0,0.23955348,0.10790884494781494,0.9526627063751221,0.7997196316719055
YKR099W,YML052W,1,0.23817343,0.1080084890127182,0.9536489248275757,0.7997196316719055
YNL233W,YGL070C,0,0.23794867,0.10799642652273178,0.9536489248275757,0.7998197674751282
YCL029C,YML098W,0,0.23789471,0.10798436403274536,0.9536489248275757,0.7999199032783508
YPR148C,YDR190C,0,0.2377341,0.10797230899333954,0.9536489248275757,0.8000200390815735
YNL287W,YCL001W,0,0.23767775,0.10796025395393372,0.9536489248275757,0.8001201748847961
YIL018W,YJL197W,0,0.23732123,0.10794820636510849,0.9536489248275757,0.8002203106880188
YML096W,YBL025W,0,0.23696016,0.10793615132570267,0.9536489248275757,0.8003204464912415
YGR024C,YDR471W,0,0.23583572,0.10792410373687744,0.9536489248275757,0.8004205822944641
YIL064W,YOL011W,0,0.23410164,0.10791206359863281,0.9536489248275757,0.8005207180976868
YGL099W,YJL187C,1,0.23379447,0.10801160335540771,0.9546350836753845,0.8005207180976868
YHR113W,YLR200W,0,0.23238157,0.10799955576658249,0.9546350836753845,0.8006208539009094
YDR528W,YMR125W,0,0.23233111,0.10798750817775726,0.9546350836753845,0.8007209897041321
YLR215C,YDR292C,0,0.23012419,0.10797546058893204,0.9546350836753845,0.8008211255073547
YDR325W,YNL024C,0,0.22985895,0.10796342045068741,0.9546350836753845,0.8009212613105774
YPR128C,YLR019W,0,0.22854741,0.10795138031244278,0.9546350836753845,0.8010214567184448
YGL058W,YBR295W,0,0.22842513,0.10793934017419815,0.9546350836753845,0.8011215925216675
YLR432W,YLL067C,0,0.22785999,0.10792730748653412,0.9546350836753845,0.8012217283248901
YLR083C,YHL017W,0,0.22781487,0.10791527479887009,0.9546350836753845,0.8013218641281128
YML107C,YFR047C,0,0.22778992,0.10790324211120605,0.9546350836753845,0.8014219999313354
YNL243W,YGR174C,0,0.22771205,0.10789121687412262,0.9546350836753845,0.8015221357345581
YBR029C,YDL031W,0,0.22770089,0.10787919163703918,0.9546350836753845,0.8016222715377808
YML086C,YGR094W,0,0.22668664,0.10786717385053635,0.9546350836753845,0.8017224073410034
YML120C,YDL223C,0,0.226409,0.10785515606403351,0.9546350836753845,0.8018225431442261
YDR189W,YLR259C,0,0.22634088,0.10784313827753067,0.9546350836753845,0.8019226789474487
YDL189W,YBR188C,0,0.22627366,0.10783112049102783,0.9546350836753845,0.8020228147506714
YDR427W,YIL130W,0,0.22607131,0.10781911015510559,0.9546350836753845,0.802122950553894
YGR032W,YJL001W,1,0.22572799,0.10791847854852676,0.9556213021278381,0.802122950553894
YPL193W,YHL026C,0,0.22477077,0.10790646076202393,0.9556213021278381,0.8022230863571167
YJL035C,YBR121C,0,0.224378,0.10789444297552109,0.9556213021278381,0.8023232817649841
YDR517W,YPL198W,0,0.22418238,0.10788243263959885,0.9556213021278381,0.8024234175682068
YER041W,YJL098W,0,0.22351359,0.1078704223036766,0.9556213021278381,0.8025235533714294
YKL069W,YKL006C-A,0,0.22229956,0.10785841196775436,0.9556213021278381,0.8026236891746521
YMR105C,YML096W,0,0.22129774,0.10784640908241272,0.9556213021278381,0.8027238249778748
YJL183W,YNL156C,0,0.22106127,0.10783440619707108,0.9556213021278381,0.8028239607810974
YGR046W,YDR317W,0,0.22032018,0.10782241076231003,0.9556213021278381,0.8029240965843201
YCR031C,YDR359C,0,0.2200813,0.10781041532754898,0.9556213021278381,0.8030242323875427
YNL145W,YJL197W,0,0.21993853,0.10779841989278793,0.9556213021278381,0.8031243681907654
YDR111C,YOL096C,0,0.21964638,0.10778643190860748,0.9556213021278381,0.803224503993988
YOL121C,YDR464W,0,0.21892345,0.10777444392442703,0.9556213021278381,0.8033246397972107
YGL067W,YLR058C,0,0.21827851,0.10776245594024658,0.9556213021278381,0.8034247756004333
YGL171W,YOR330C,0,0.21776265,0.10775047540664673,0.9556213021278381,0.803524911403656
YIL075C,YNL133C,0,0.21772614,0.10773849487304688,0.9556213021278381,0.8036250472068787
YER005W,YJL197W,0,0.21714796,0.10772651433944702,0.9556213021278381,0.8037252426147461
YGL139W,YDR359C,0,0.21631294,0.10771454125642776,0.9556213021278381,0.8038253784179688
YIL022W,YNL041C,0,0.21616189,0.10770256817340851,0.9556213021278381,0.8039255142211914
YMR262W,YNL065W,0,0.21615598,0.10769059509038925,0.9556213021278381,0.8040256500244141
YKL194C,YDR023W,0,0.21584152,0.10767862945795059,0.9556213021278381,0.8041257858276367
YHL011C,YOR358W,0,0.21527366,0.10766666382551193,0.9556213021278381,0.8042259216308594
YLR083C,YDR256C,0,0.21490546,0.10765470564365387,0.9556213021278381,0.804326057434082
YML107C,YJR150C,0,0.21433288,0.1076427474617958,0.9556213021278381,0.8044261932373047
YMR074C,YDR257C,0,0.21349579,0.10763078927993774,0.9556213021278381,0.8045263290405273
YGL231C,YOR158W,0,0.21260655,0.10761883854866028,0.9556213021278381,0.80462646484375
YDR040C,YOL052C-A,0,0.21260473,0.10760688781738281,0.9556213021278381,0.8047266006469727
YMR215W,YLR068W,0,0.21241108,0.10759493708610535,0.9556213021278381,0.8048267364501953
YBR109C,YAL028W,0,0.2114552,0.10758299380540848,0.9556213021278381,0.804926872253418
YDR300C,YDR384C,0,0.21109658,0.10757105052471161,0.9556213021278381,0.8050270080566406
YJR132W,YNL216W,0,0.21085134,0.10755910724401474,0.9556213021278381,0.8051272034645081
YDR002W,YHR001W-A,0,0.21002536,0.10754717141389847,0.9556213021278381,0.8052273392677307
YOR357C,YNL036W,0,0.20926768,0.1075352355837822,0.9556213021278381,0.8053274750709534
YNL190W,YOR236W,0,0.2084211,0.10752329975366592,0.9556213021278381,0.805427610874176
YBR119W,YER159C,0,0.20801397,0.10751137137413025,0.9556213021278381,0.8055277466773987
YOR078W,YDL012C,0,0.20686169,0.10749944299459457,0.9556213021278381,0.8056278824806213
YGR082W,YKR096W,0,0.20626959,0.1074875220656395,0.9556213021278381,0.805728018283844
YPL183C,YBL005W,0,0.20585261,0.10747560113668442,0.9556213021278381,0.8058281540870667
YLR288C,YIR026C,0,0.20444195,0.10746368020772934,0.9556213021278381,0.8059282898902893
YBL056W,YKL002W,0,0.20436819,0.10745176672935486,0.9556213021278381,0.806028425693512
YMR015C,YKL029C,0,0.20348905,0.10743984580039978,0.9556213021278381,0.8061285614967346
YAR033W,YCR024C,0,0.20320518,0.1074279397726059,0.9556213021278381,0.8062286972999573
YHR148W,YDR108W,0,0.2031045,0.10741602629423141,0.9556213021278381,0.8063288331031799
YDL235C,YOL084W,0,0.20297398,0.10740412026643753,0.9556213021278381,0.8064290285110474
YER155C,YDR384C,0,0.20225637,0.10739222168922424,0.9556213021278381,0.80652916431427
YER005W,YLR288C,0,0.20155422,0.10738031566143036,0.9556213021278381,0.8066293001174927
YDR028C,YDR168W,0,0.20046417,0.10736842453479767,0.9556213021278381,0.8067294359207153
YFR025C,YGL078C,0,0.20003553,0.10735652595758438,0.9556213021278381,0.806829571723938
YJR132W,YGL105W,0,0.199852,0.10734463483095169,0.9556213021278381,0.8069297075271606
YNL173C,YLR093C,0,0.19981055,0.107332743704319,0.9556213021278381,0.8070298433303833
YGL058W,YER005W,0,0.19962999,0.10732085257768631,0.9556213021278381,0.807129979133606
YER095W,YDR512C,1,0.19793482,0.10741971433162689,0.9566075205802917,0.807129979133606
YPR097W,YDR301W,0,0.19788526,0.1074078157544136,0.9566075205802917,0.8072301149368286
YDL100C,YNR038W,0,0.19750328,0.10739592462778091,0.9566075205802917,0.8073302507400513
YMR076C,YIL018W,0,0.19727817,0.10738403350114822,0.9566075205802917,0.8074303865432739
YOR004W,YER178W,0,0.19667876,0.10737214982509613,0.9566075205802917,0.8075305223464966
YHR108W,YOL012C,0,0.19654325,0.10736026614904404,0.9566075205802917,0.8076306581497192
YNR024W,YNL029C,0,0.19539963,0.10734838247299194,0.9566075205802917,0.8077307939529419
YKL069W,YKL052C,0,0.19513829,0.10733650624752045,0.9566075205802917,0.8078309893608093
YDL117W,YGR044C,0,0.1950175,0.10732463002204895,0.9566075205802917,0.807931125164032
YOR079C,YER071C,0,0.19269913,0.10731275379657745,0.9566075205802917,0.8080312609672546
YPR067W,YMR183C,0,0.1917442,0.10730088502168655,0.9566075205802917,0.8081313967704773
YLR083C,YHR142W,0,0.19021355,0.10728901624679565,0.9566075205802917,0.8082315325737
YDR092W,YBR212W,0,0.19006081,0.10727714747190475,0.9566075205802917,0.8083316683769226
YER093C,YDR399W,0,0.1892235,0.10726528614759445,0.9566075205802917,0.8084318041801453
YNL133C,YKL051W,0,0.18918766,0.10725342482328415,0.9566075205802917,0.8085319399833679
YIL056W,YLR001C,0,0.18908562,0.10724157094955444,0.9566075205802917,0.8086320757865906
YLL031C,YGL078C,0,0.18861465,0.10722971707582474,0.9566075205802917,0.8087322115898132
YHR009C,YIL062C,0,0.18837832,0.10721786320209503,0.9566075205802917,0.8088323473930359
YOR236W,YIL144W,0,0.18831195,0.10720600932836533,0.9566075205802917,0.8089324831962585
YML067C,YKL062W,0,0.18809433,0.10719416290521622,0.9566075205802917,0.8090326189994812
YJL174W,YKR053C,0,0.18747918,0.1071823239326477,0.9566075205802917,0.8091328144073486
YDL018C,YDR087C,0,0.18570675,0.1071704775094986,0.9566075205802917,0.8092329502105713
YBR043C,YLL053C,0,0.18461086,0.10715863853693008,0.9566075205802917,0.809333086013794
YPR161C,YMR149W,0,0.1843452,0.10714679956436157,0.9566075205802917,0.8094332218170166
YBR211C,YPL235W,0,0.18420784,0.10713496804237366,0.9566075205802917,0.8095333576202393
YIL148W,YOR110W,0,0.183522,0.10712313652038574,0.9566075205802917,0.8096334934234619
YPL001W,YNL041C,0,0.18289815,0.10711130499839783,0.9566075205802917,0.8097336292266846
YJR117W,YOR136W,0,0.18151934,0.10709948092699051,0.9566075205802917,0.8098337650299072
YDR430C,YGL087C,0,0.18138985,0.10708765685558319,0.9566075205802917,0.8099339008331299
YKR085C,YLR384C,0,0.18096033,0.10707583278417587,0.9566075205802917,0.8100340366363525
YPR095C,YGR017W,0,0.1809235,0.10706401616334915,0.9566075205802917,0.8101341724395752
YHR202W,YPR034W,0,0.18002889,0.10705219954252243,0.9566075205802917,0.8102343082427979
YOR049C,YCR005C,0,0.17836225,0.1070403903722763,0.9566075205802917,0.8103344440460205
YBR189W,YJL094C,0,0.17771503,0.10702858120203018,0.9566075205802917,0.8104345798492432
YKL054C,YGR122W,0,0.17752987,0.10701677203178406,0.9566075205802917,0.8105347752571106
YHR024C,YKR095W,0,0.17311,0.10700496286153793,0.9566075205802917,0.8106349110603333
YPR067W,YPR148C,0,0.1729502,0.1069931611418724,0.9566075205802917,0.8107350468635559
YAL019W,YPL058C,0,0.17238839,0.10698135942220688,0.9566075205802917,0.8108351826667786
YBL035C,YKL063C,0,0.17160346,0.10696956515312195,0.9566075205802917,0.8109353184700012
YNL180C,YLR175W,0,0.17145228,0.10695777088403702,0.9566075205802917,0.8110354542732239
YIL137C,YKL002W,0,0.17096148,0.10694597661495209,0.9566075205802917,0.8111355900764465
YMR059W,YHR120W,0,0.17074583,0.10693418234586716,0.9566075205802917,0.8112357258796692
YCR086W,YKL060C,0,0.17063679,0.10692239552736282,0.9566075205802917,0.8113358616828918
YOR189W,YPR057W,0,0.17054878,0.10691061615943909,0.9566075205802917,0.8114359974861145
YDR516C,YDL222C,1,0.16982435,0.10700903832912445,0.9575936794281006,0.8114359974861145
YMR076C,YGR103W,0,0.16959149,0.10699724406003952,0.9575936794281006,0.8115361332893372
YNR032C-A,YPL137C,0,0.16932906,0.10698545724153519,0.9575936794281006,0.8116362690925598
YKL191W,YOR011W,0,0.1692313,0.10697367042303085,0.9575936794281006,0.8117364048957825
YKR096W,YML102W,0,0.16878985,0.10696188360452652,0.9575936794281006,0.8118366003036499
YOR207C,YGR260W,0,0.16667783,0.10695010423660278,0.9575936794281006,0.8119367361068726
YLL048C,YPL004C,0,0.1659766,0.10693832486867905,0.9575936794281006,0.8120368719100952
YIL019W,YBR085W,0,0.16576199,0.10692655295133591,0.9575936794281006,0.8121370077133179
YLR413W,YPL253C,0,0.1651298,0.10691477358341217,0.9575936794281006,0.8122371435165405
YDR213W,YBR272C,0,0.16482477,0.10690300911664963,0.9575936794281006,0.8123372793197632
YDR007W,YFR050C,0,0.1645344,0.10689123719930649,0.9575936794281006,0.8124374151229858
YKL194C,YDR261C,0,0.163229,0.10687947273254395,0.9575936794281006,0.8125375509262085
YIL118W,YDL031W,0,0.16224225,0.1068677082657814,0.9575936794281006,0.8126376867294312
YER093C,YER123W,0,0.16139878,0.10685595124959946,0.9575936794281006,0.8127378225326538
YOR090C,YIL013C,0,0.16075625,0.10684418678283691,0.9575936794281006,0.8128379583358765
YGR129W,YLR200W,0,0.16059406,0.10683243721723557,0.9575936794281006,0.8129380941390991
YOR354C,YMR001C,1,0.16036665,0.1069306954741478,0.9585798978805542,0.8129380941390991
YEL006W,YPR199C,0,0.16024728,0.10691893100738525,0.9585798978805542,0.8130382299423218
YBR295W,YPR199C,0,0.16017856,0.10690717399120331,0.9585798978805542,0.8131383657455444
YFL026W,YHR024C,0,0.1597245,0.10689541697502136,0.9585798978805542,0.8132385611534119
YJR102C,YJR118C,0,0.15970983,0.10688365995883942,0.9585798978805542,0.8133386969566345
YMR158W,YAL059W,0,0.15824397,0.10687191039323807,0.9585798978805542,0.8134388327598572
YHR103W,YHL003C,0,0.1581853,0.10686016082763672,0.9585798978805542,0.8135389685630798
YHL017W,YAL007C,0,0.15769753,0.10684841126203537,0.9585798978805542,0.8136391043663025
YFR050C,YIL062C,0,0.15693484,0.10683666914701462,0.9585798978805542,0.8137392401695251
YDR127W,YIL013C,0,0.156473,0.10682492703199387,0.9585798978805542,0.8138393759727478
YDR309C,YCL054W,0,0.15561019,0.10681318491697311,0.9585798978805542,0.8139395117759705
YKL045W,YGR082W,0,0.15541284,0.10680145025253296,0.9585798978805542,0.8140396475791931
YOR334W,YLR039C,0,0.15503846,0.1067897155880928,0.9585798978805542,0.8141397833824158
YOR266W,YER032W,0,0.15488195,0.10677798837423325,0.9585798978805542,0.8142399191856384
YOR320C,YOR330C,0,0.15325354,0.10676625370979309,0.9585798978805542,0.8143400549888611
YBR188C,YLR189C,0,0.15324157,0.10675453394651413,0.9585798978805542,0.8144401907920837
YAL002W,YKL081W,0,0.15255354,0.10674280673265457,0.9585798978805542,0.8145403861999512
YMR041C,YHR142W,0,0.15246077,0.10673108696937561,0.9585798978805542,0.8146405220031738
YMR059W,YER167W,0,0.15215261,0.10671936720609665,0.9585798978805542,0.8147406578063965
YLR367W,YNL024C,0,0.1515944,0.10670765489339828,0.9585798978805542,0.8148407936096191
YDR175C,YLR352W,0,0.15058018,0.10669593513011932,0.9585798978805542,0.8149409294128418
YIL118W,YDR273W,0,0.14966568,0.10668423026800156,0.9585798978805542,0.8150410652160645
YIL019W,YPL105C,0,0.14953764,0.10667251795530319,0.9585798978805542,0.8151412010192871
YNR052C,YPL097W,0,0.14843191,0.10666081309318542,0.9585798978805542,0.8152413368225098
YFL005W,YOR227W,0,0.1483351,0.10664910823106766,0.9585798978805542,0.8153414726257324
YMR072W,YPL239W,0,0.1473118,0.10663741081953049,0.9585798978805542,0.8154416084289551
YDL105W,YML096W,0,0.14685853,0.10662571340799332,0.9585798978805542,0.8155417442321777
YPL022W,YLR341W,1,0.14628866,0.10672370344400406,0.959566056728363,0.8155417442321777
YIL018W,YLL057C,0,0.1461812,0.10671199858188629,0.959566056728363,0.8156418800354004
YML023C,YCL016C,0,0.14495598,0.10670029371976852,0.959566056728363,0.815742015838623
YOR191W,YKL043W,0,0.14446746,0.10668859630823135,0.959566056728363,0.8158421516418457
YMR274C,YDL145C,0,0.14443049,0.10667689889669418,0.959566056728363,0.8159423470497131
YOR207C,YPL175W,0,0.14421041,0.10666520148515701,0.959566056728363,0.8160424828529358
YIL013C,YBR086C,0,0.14374156,0.10665351152420044,0.959566056728363,0.8161426186561584
YOL122C,YDR041W,0,0.14372684,0.10664182156324387,0.959566056728363,0.8162427544593811
YGR211W,YGR260W,0,0.14255752,0.10663013905286789,0.959566056728363,0.8163428902626038
YGR103W,YPL006W,0,0.14230822,0.10661844909191132,0.959566056728363,0.8164430260658264
YMR286W,YGL127C,0,0.14165142,0.10660677403211594,0.959566056728363,0.8165431618690491
YGL189C,YLR181C,0,0.14081667,0.10659509152173996,0.959566056728363,0.8166432976722717
YDR490C,YGL127C,0,0.13811935,0.10658341646194458,0.959566056728363,0.8167434334754944
YBR086C,YNL029C,0,0.13782786,0.1065717414021492,0.959566056728363,0.816843569278717
YDR280W,YBL038W,0,0.1375765,0.10656007379293442,0.959566056728363,0.8169437050819397
YOR002W,YOR189W,0,0.13647655,0.10654839873313904,0.959566056728363,0.8170438408851624
YER023W,YMR002W,0,0.13629045,0.10653673857450485,0.959566056728363,0.817143976688385
YGL243W,YCL001W,0,0.1361635,0.10652507096529007,0.959566056728363,0.8172441124916077
YIL075C,YDR007W,0,0.13602577,0.10651341080665588,0.959566056728363,0.8173443078994751
YPL001W,YKL150W,0,0.13566022,0.1065017506480217,0.959566056728363,0.8174444437026978
YJL026W,YPL049C,0,0.1356135,0.10649009793996811,0.959566056728363,0.8175445795059204
YMR261C,YPR148C,0,0.1346148,0.10647844523191452,0.959566056728363,0.8176447153091431
YHR205W,YGR078C,0,0.134614,0.10646679252386093,0.959566056728363,0.8177448511123657
YKL029C,YDR259C,0,0.1338705,0.10645513981580734,0.959566056728363,0.8178449869155884
YBR153W,YOR259C,0,0.13378944,0.10644349455833435,0.959566056728363,0.817945122718811
YOL020W,YHL011C,0,0.13374625,0.10643184930086136,0.959566056728363,0.8180452585220337
YLR017W,YEL044W,0,0.1337333,0.10642021149396896,0.959566056728363,0.8181453943252563
YHR150W,YKL087C,0,0.1336657,0.10640857368707657,0.959566056728363,0.818245530128479
YJL054W,YLR215C,0,0.13337977,0.10639693588018417,0.959566056728363,0.8183456659317017
YPR161C,YCR035C,0,0.13322903,0.10638530552387238,0.959566056728363,0.8184458017349243
YPL215W,YGR161C,0,0.13240092,0.10637367516756058,0.959566056728363,0.818545937538147
YHR009C,YKL080W,0,0.13237742,0.10636204481124878,0.959566056728363,0.8186461329460144
YER060W,YGL064C,0,0.13211033,0.10635042190551758,0.959566056728363,0.8187462687492371
YOR357C,YLR175W,0,0.13170205,0.10633879899978638,0.959566056728363,0.8188464045524597
YNL243W,YGL096W,0,0.13087721,0.10632717609405518,0.959566056728363,0.8189465403556824
YDR260C,YOL090W,1,0.1307406,0.10642482340335846,0.9605522751808167,0.8189465403556824
YGL196W,YOL061W,0,0.12978981,0.10641320049762726,0.9605522751808167,0.819046676158905
YLR347C,YEL001C,0,0.12975407,0.10640157014131546,0.9605522751808167,0.8191468119621277
YML120C,YKL192C,0,0.12914342,0.10638994723558426,0.9605522751808167,0.8192469477653503
YIL052C,YOR110W,0,0.12902747,0.10637833178043365,0.9605522751808167,0.819347083568573
YIL030C,YPL175W,0,0.12812941,0.10636671632528305,0.9605522751808167,0.8194472193717957
YOR136W,YMR125W,0,0.12469316,0.10635510087013245,0.9605522751808167,0.8195473551750183
YNL263C,YNL055C,0,0.12453579,0.10634348541498184,0.9605522751808167,0.819647490978241
YKR027W,YDR246W,0,0.12273423,0.10633187741041183,0.9605522751808167,0.8197476267814636
YHR020W,YMR133W,0,0.1224977,0.10632026940584183,0.9605522751808167,0.8198477625846863
YKL029C,YML031W,0,0.12236359,0.10630866885185242,0.9605522751808167,0.8199478983879089
YDL240W,YJL168C,0,0.122159,0.10629706084728241,0.9605522751808167,0.8200480937957764
YPL116W,YGR138C,0,0.12210394,0.1062854677438736,0.9605522751808167,0.820148229598999
YCR018C,YOR335C,0,0.12091022,0.10627386718988419,0.9605522751808167,0.8202483654022217
YNL102W,YMR001C,1,0.1203778,0.10637137293815613,0.9615384340286255,0.8202483654022217
YGR283C,YAL026C,0,0.120087884,0.10635977238416672,0.9615384340286255,0.8203485012054443
YIL069C,YMR149W,0,0.11997729,0.10634816437959671,0.9615384340286255,0.820448637008667
YPR173C,YJR084W,0,0.11988977,0.1063365712761879,0.9615384340286255,0.8205487728118896
YJL212C,YNL068C,0,0.11889896,0.10632497072219849,0.9615384340286255,0.8206489086151123
YDR175C,YLR435W,0,0.11794346,0.10631337761878967,0.9615384340286255,0.820749044418335
YNL287W,YDR365C,0,0.11791304,0.10630178451538086,0.9615384340286255,0.8208491802215576
YDL100C,YPR141C,0,0.117904924,0.10629019886255264,0.9615384340286255,0.8209493160247803
YOL090W,YFL039C,1,0.11775984,0.10638761520385742,0.9625246524810791,0.8209493160247803
YGL096W,YDR087C,0,0.11692027,0.10637602210044861,0.9625246524810791,0.8210494518280029
YDR004W,YKL080W,0,0.116372086,0.1063644289970398,0.9625246524810791,0.8211495876312256
YGR046W,YNL056W,0,0.11525952,0.10635283589363098,0.9625246524810791,0.8212497234344482
YOL020W,YDR384C,0,0.11437561,0.10634125024080276,0.9625246524810791,0.8213499188423157
YPL235W,YDL031W,0,0.11345806,0.10632966458797455,0.9625246524810791,0.8214500546455383
YBR078W,YLL067C,0,0.11298238,0.10631808638572693,0.9625246524810791,0.821550190448761
YDR007W,YHR158C,0,0.11293056,0.10630650073289871,0.9625246524810791,0.8216503262519836
YGR099W,YGL076C,0,0.11035211,0.10629492253065109,0.9625246524810791,0.8217504620552063
YPL138C,YDR343C,0,0.10972827,0.10628335177898407,0.9625246524810791,0.821850597858429
YNR059W,YDR257C,0,0.10888892,0.10627177357673645,0.9625246524810791,0.8219507336616516
YOR359W,YEL027W,0,0.108222686,0.10626021027565002,0.9625246524810791,0.8220508694648743
YLL018C-A,YDR430C,0,0.10754365,0.106248639523983,0.9625246524810791,0.8221510052680969
YER100W,YIL018W,0,0.104935266,0.10623707622289658,0.9625246524810791,0.8222511410713196
YGL073W,YHR111W,0,0.10461449,0.10622551292181015,0.9625246524810791,0.8223512768745422
YPL183C,YGL085W,0,0.10430398,0.10621394962072372,0.9625246524810791,0.8224514126777649
YPL120W,YDR397C,0,0.10427561,0.1062023937702179,0.9625246524810791,0.8225515484809875
YLR220W,YHR194W,0,0.10412697,0.10619083791971207,0.9625246524810791,0.8226516842842102
YML011C,YPL210C,0,0.10390445,0.10617928951978683,0.9625246524810791,0.8227518796920776
YIL022W,YLR193C,0,0.103633,0.106167733669281,0.9625246524810791,0.8228520154953003
YOR229W,YML052W,1,0.102661155,0.10626495629549026,0.9635108709335327,0.8228520154953003
YOR189W,YOR079C,0,0.10256608,0.10625340044498444,0.9635108709335327,0.822952151298523
YDL098C,YML102W,0,0.10177339,0.10624184459447861,0.9635108709335327,0.8230522871017456
YIL038C,YMR225C,0,0.10151476,0.10623029619455338,0.9635108709335327,0.8231524229049683
YJR102C,YML086C,0,0.100077264,0.10621874034404755,0.9635108709335327,0.8232525587081909
YPL171C,YPL097W,0,0.099653766,0.10620719939470291,0.9635108709335327,0.8233526945114136
YHR120W,YBR188C,0,0.09723102,0.10619565099477768,0.9635108709335327,0.8234528303146362
YGR204W,YNL173C,0,0.0964108,0.10618411004543304,0.9635108709335327,0.8235529661178589
YER031C,YKL194C,0,0.095903166,0.10617256909608841,0.9635108709335327,0.8236531019210815
YHL017W,YIL069C,0,0.09526146,0.10616103559732437,0.9635108709335327,0.8237532377243042
YKL062W,YER060W,0,0.094366394,0.10614950209856033,0.9635108709335327,0.8238533735275269
YMR059W,YDR160W,0,0.094070174,0.1061379685997963,0.9635108709335327,0.8239535093307495
YER155C,YGR003W,0,0.09339582,0.10612644255161285,0.9635108709335327,0.8240537047386169
YLR277C,YOR260W,0,0.092714,0.10611490905284882,0.9635108709335327,0.8241538405418396
YLR347C,YOL051W,0,0.09142055,0.10610339045524597,0.9635108709335327,0.8242539763450623
YKL069W,YCR086W,0,0.09127099,0.10609186440706253,0.9635108709335327,0.8243541121482849
YAL011W,YMR313C,0,0.09037442,0.10608034580945969,0.9635108709335327,0.8244542479515076
YOR262W,YIL087C,0,0.089842245,0.10606882721185684,0.9635108709335327,0.8245543837547302
YBR109C,YJR096W,0,0.089051016,0.1060573160648346,0.9635108709335327,0.8246545195579529
YLR259C,YBR015C,0,0.088093795,0.10604580491781235,0.9635108709335327,0.8247546553611755
YNL031C,YCL051W,0,0.08720764,0.1060342937707901,0.9635108709335327,0.8248547911643982
YHL003C,YBR146W,0,0.08710664,0.10602279007434845,0.9635108709335327,0.8249549269676208
YDR009W,YBR191W,0,0.08627467,0.1060112863779068,0.9635108709335327,0.8250550627708435
YGR057C,YLR292C,0,0.08614246,0.10599978268146515,0.9635108709335327,0.8251551985740662
YAL002W,YGR078C,0,0.08604456,0.1059882864356041,0.9635108709335327,0.8252553343772888
YML092C,YGR097W,0,0.08566729,0.10597679018974304,0.9635108709335327,0.8253554701805115
YGR181W,YMR243C,0,0.084186755,0.10596529394388199,0.9635108709335327,0.8254556655883789
YDR328C,YDR168W,0,0.08389746,0.10595379769802094,0.9635108709335327,0.8255558013916016
YPR010C,YKL080W,0,0.08382643,0.10594230890274048,0.9635108709335327,0.8256559371948242
YDL012C,YKL077W,0,0.08367073,0.10593082755804062,0.9635108709335327,0.8257560729980469
YPL146C,YDR041W,0,0.083485596,0.10591933876276016,0.9635108709335327,0.8258562088012695
YJL096W,YPL225W,0,0.083372645,0.1059078574180603,0.9635108709335327,0.8259563446044922
YER129W,YML082W,0,0.08287086,0.10589637607336044,0.9635108709335327,0.8260564804077148
YBR069C,YNL145W,0,0.08225294,0.10588490217924118,0.9635108709335327,0.8261566162109375
YHR149C,YDR019C,0,0.082107715,0.10587342828512192,0.9635108709335327,0.8262567520141602
YFL033C,YLR219W,1,0.082018025,0.10597030818462372,0.9644970297813416,0.8262567520141602
YHR158C,YBL072C,0,0.08151542,0.10595882683992386,0.9644970297813416,0.8263568878173828
YBR114W,YIL056W,0,0.08124342,0.1059473529458046,0.9644970297813416,0.8264570236206055
YPL203W,YKL150W,0,0.081153266,0.10593587160110474,0.9644970297813416,0.8265571594238281
YGL087C,YDL119C,0,0.08086734,0.10592440515756607,0.9644970297813416,0.8266572952270508
YIL019W,YLR328W,0,0.0808499,0.10591293126344681,0.9644970297813416,0.8267574310302734
YIL119C,YPR141C,0,0.0804028,0.10590146481990814,0.9644970297813416,0.8268576264381409
YGR165W,YGR044C,0,0.080395125,0.10588999837636948,0.9644970297813416,0.8269577622413635
YOL020W,YGR099W,0,0.07972921,0.10587853193283081,0.9644970297813416,0.8270578980445862
YGL025C,YCR016W,0,0.07952639,0.10586707293987274,0.9644970297813416,0.8271580338478088
YHR154W,YIL018W,0,0.07832867,0.10585561394691467,0.9644970297813416,0.8272581696510315
YKR096W,YGR253C,0,0.07660787,0.1058441549539566,0.9644970297813416,0.8273583054542542
YLL018C-A,YHL011C,0,0.07653435,0.10583270341157913,0.9644970297813416,0.8274584412574768
YDR213W,YPR055W,0,0.07642201,0.10582125186920166,0.9644970297813416,0.8275585770606995
YLR059C,YDR303C,0,0.07568636,0.10580980032682419,0.9644970297813416,0.8276587128639221
YOR267C,YDR204W,0,0.0753256,0.10579835623502731,0.9644970297813416,0.8277588486671448
YOR002W,YMR195W,0,0.07527014,0.10578691214323044,0.9644970297813416,0.8278589844703674
YDL098C,YGL070C,0,0.07500044,0.10577546805143356,0.9644970297813416,0.8279591202735901
YDR372C,YNL118C,0,0.074959435,0.10576403141021729,0.9644970297813416,0.8280592560768127
YPR103W,YHR152W,1,0.074631296,0.10586072504520416,0.9654832482337952,0.8280592560768127
YJL059W,YNL063W,0,0.0744789,0.10584928095340729,0.9654832482337952,0.8281594514846802
YOL020W,YDR189W,0,0.07431746,0.10583783686161041,0.9654832482337952,0.8282595872879028
YJL183W,YEL051W,0,0.073963635,0.10582640022039413,0.9654832482337952,0.8283597230911255
YDR148C,YDR361C,0,0.07360386,0.10581495612859726,0.9654832482337952,0.8284598588943481
YNL025C,YPL036W,0,0.07344081,0.10580351948738098,0.9654832482337952,0.8285599946975708
YKL192C,YKL196C,0,0.07336905,0.1057920902967453,0.9654832482337952,0.8286601305007935
YDR381W,YBR212W,0,0.07300948,0.10578066110610962,0.9654832482337952,0.8287602663040161
YNL062C,YLR115W,0,0.072377816,0.10576923191547394,0.9654832482337952,0.8288604021072388
YOR372C,YHR149C,0,0.070899345,0.10575780272483826,0.9654832482337952,0.8289605379104614
YPR010C,YOR079C,0,0.07085978,0.10574638098478317,0.9654832482337952,0.8290606737136841
YOR119C,YML076C,0,0.07079736,0.10573495924472809,0.9654832482337952,0.8291608095169067
YBL031W,YPL198W,0,0.07045204,0.1057235449552536,0.9654832482337952,0.8292609453201294
YLR258W,YML086C,0,0.07022368,0.10571212321519852,0.9654832482337952,0.829361081123352
YKR064W,YBL014C,0,0.0702151,0.10570070892572403,0.9654832482337952,0.8294612169265747
YLR390W-A,YDR437W,0,0.07012474,0.10568930208683014,0.9654832482337952,0.8295614123344421
YGR178C,YNL111C,0,0.06760848,0.10567789524793625,0.9654832482337952,0.8296615481376648
YIL030C,YCL044C,0,0.0673924,0.10566648840904236,0.9654832482337952,0.8297616839408875
YDR129C,YOR253W,0,0.06734695,0.10565508157014847,0.9654832482337952,0.8298618197441101
YOL098C,YFR016C,0,0.067199446,0.10564368218183517,0.9654832482337952,0.8299619555473328
YBR054W,YOR136W,0,0.066371776,0.10563228279352188,0.9654832482337952,0.8300620913505554
YNL094W,YHR080C,0,0.065579824,0.10562088340520859,0.9654832482337952,0.8301622271537781
YDR427W,YOR241W,0,0.064847894,0.10560949146747589,0.9654832482337952,0.8302623629570007
YGR046W,YNL055C,0,0.0648321,0.1055980995297432,0.9654832482337952,0.8303624987602234
YGL115W,YDR028C,0,0.063834295,0.1055867150425911,0.9654832482337952,0.830462634563446
YNL173C,YLR248W,0,0.06382386,0.1055753231048584,0.9654832482337952,0.8305627703666687
YJR131W,YGR138C,0,0.06352679,0.1055639386177063,0.9654832482337952,0.8306629061698914
YDR441C,YML004C,0,0.06284024,0.1055525615811348,0.9654832482337952,0.830763041973114
YHL017W,YGL126W,0,0.06188918,0.1055411845445633,0.9654832482337952,0.8308632373809814
YAL068C,YBR023C,1,0.060409904,0.10563759505748749,0.966469407081604,0.8308632373809814
YOR048C,YDR317W,0,0.060403675,0.10562621057033539,0.966469407081604,0.8309633731842041
YKL185W,YDL154W,0,0.059963897,0.10561482608318329,0.966469407081604,0.8310635089874268
YDR397C,YKR095W,0,0.05902914,0.10560344904661179,0.966469407081604,0.8311636447906494
YPL001W,YOR157C,0,0.058799155,0.10559207201004028,0.966469407081604,0.8312637805938721
YDL003W,YAL068C,0,0.058234565,0.10558069497346878,0.966469407081604,0.8313639163970947
YCL017C,YMR074C,0,0.055953078,0.10556931793689728,0.966469407081604,0.8314640522003174
YHR119W,YGL213C,1,0.05497223,0.1056656613945961,0.9674556255340576,0.8314640522003174
YDR127W,YNR030W,0,0.05462814,0.1056542843580246,0.9674556255340576,0.83156418800354
YER177W,YNL036W,0,0.054620765,0.1056428998708725,0.9674556255340576,0.8316643238067627
YMR225C,YGR296W,0,0.054070555,0.10563153028488159,0.9674556255340576,0.8317644596099854
YCR036W,YLR248W,0,0.053360976,0.10562015324831009,0.9674556255340576,0.831864595413208
YKR089C,YMR074C,0,0.05269458,0.10560878366231918,0.9674556255340576,0.8319647312164307
YBR268W,YNL173C,0,0.052364133,0.10559741407632828,0.9674556255340576,0.8320648670196533
YOR241W,YPL175W,0,0.05228155,0.10558605194091797,0.9674556255340576,0.832165002822876
YLL066C,YML081W,0,0.05123841,0.10557468980550766,0.9674556255340576,0.8322651982307434
YGR057C,YNL216W,0,0.051195405,0.10556332767009735,0.9674556255340576,0.8323653340339661
YDR100W,YDR365C,0,0.05065326,0.10555196553468704,0.9674556255340576,0.8324654698371887
YER033C,YOR247W,0,0.049523912,0.10554061084985733,0.9674556255340576,0.8325656056404114
YNR048W,YIL148W,0,0.049485397,0.10552926361560822,0.9674556255340576,0.832665741443634
YOR357C,YCL035C,0,0.04889091,0.1055179089307785,0.9674556255340576,0.8327658772468567
YEL020W-A,YBR049C,0,0.046401612,0.10550656169652939,0.9674556255340576,0.8328660130500793
YLR167W,YMR274C,0,0.044670608,0.10549521446228027,0.9674556255340576,0.832966148853302
YGR082W,YLR017W,0,0.042218037,0.10548387467861176,0.9674556255340576,0.8330662846565247
YIL098C,YNR052C,0,0.042096354,0.10547252744436264,0.9674556255340576,0.8331664204597473
YBR043C,YMR153W,0,0.042036597,0.10546118766069412,0.9674556255340576,0.83326655626297
YOL121C,YMR091C,0,0.04152926,0.1054498553276062,0.9674556255340576,0.8333666920661926
YGR060W,YDR365C,0,0.040755533,0.10543852299451828,0.9674556255340576,0.8334668278694153
YPL215W,YDR100W,0,0.040242314,0.10542719066143036,0.9674556255340576,0.8335670232772827
YKR100C,YGR030C,0,0.039608456,0.10541585832834244,0.9674556255340576,0.8336671590805054
YMR220W,YGL167C,0,0.03854753,0.10540453344583511,0.9674556255340576,0.833767294883728
YMR079W,YLR394W,1,0.035935678,0.10550064593553543,0.9684418439865112,0.833767294883728
YOL011W,YDR317W,0,0.035770867,0.10548931360244751,0.9684418439865112,0.8338674306869507
YBR038W,YJL026W,0,0.03559313,0.10547798126935959,0.9684418439865112,0.8339675664901733
YDR259C,YER060W,0,0.034708165,0.10546664893627167,0.9684418439865112,0.834067702293396
YPL215W,YCL051W,0,0.034373898,0.10545532405376434,0.9684418439865112,0.8341678380966187
YKL141W,YFR050C,0,0.033405922,0.10544400662183762,0.9684418439865112,0.8342679738998413
YHL011C,YPR199C,0,0.0326946,0.10543268173933029,0.9684418439865112,0.834368109703064
YDR500C,YDR528W,0,0.032359608,0.10542136430740356,0.9684418439865112,0.8344682455062866
YLR131C,YGL070C,0,0.032264598,0.10541004687547684,0.9684418439865112,0.8345683813095093
YDR259C,YKL006W,0,0.031469993,0.1053987368941307,0.9684418439865112,0.8346685171127319
YOR002W,YBR208C,0,0.030970864,0.10538741946220398,0.9684418439865112,0.8347686529159546
YOL051W,YER032W,0,0.030168626,0.10537611693143845,0.9684418439865112,0.8348687887191772
YJL059W,YLR367W,0,0.028266221,0.10536480695009232,0.9684418439865112,0.8349689841270447
YOL144W,YPR100W,0,0.02765531,0.10535350441932678,0.9684418439865112,0.8350691199302673
YFR010W,YGR120C,0,0.027606547,0.10534220188856125,0.9684418439865112,0.83516925573349
YER014W,YBL091C,0,0.027321644,0.10533089935779572,0.9684418439865112,0.8352693915367126
YOL154W,YOR119C,0,0.026696019,0.10531960427761078,0.9684418439865112,0.8353695273399353
YDR091C,YDR213W,0,0.02600409,0.10530830919742584,0.9684418439865112,0.835469663143158
YOR236W,YKL134C,0,0.025647663,0.1052970215678215,0.9684418439865112,0.8355697989463806
YIL144W,YOR079C,0,0.024829306,0.10528572648763657,0.9684418439865112,0.8356699347496033
YKL002W,YDR384C,0,0.024352603,0.10527443885803223,0.9684418439865112,0.8357700705528259
YPL115C,YJL069C,0,0.023988433,0.10526315867900848,0.9684418439865112,0.8358702063560486
YGL142C,YGL087C,0,0.023953699,0.10525187849998474,0.9684418439865112,0.8359703421592712
YOL121C,YGR005C,0,0.022994027,0.105240598320961,0.9684418439865112,0.8360704779624939
YNL056W,YBR153W,0,0.022304453,0.10522931814193726,0.9684418439865112,0.8361706137657166
YLR234W,YLR196W,0,0.022218011,0.10521804541349411,0.9684418439865112,0.8362707495689392
YAL051W,YGL238W,0,0.022074454,0.10520677268505096,0.9684418439865112,0.8363709449768066
YPL193W,YGL016W,0,0.021781541,0.10519549995660782,0.9684418439865112,0.8364710807800293
YPL146C,YLR115W,0,0.021682639,0.10518423467874527,0.9684418439865112,0.836571216583252
YGL142C,YER167W,0,0.020423502,0.10517296940088272,0.9684418439865112,0.8366713523864746
YML092C,YKL155C,0,0.020246632,0.10516170412302017,0.9684418439865112,0.8367714881896973
YBL007C,YDR028C,0,0.019828819,0.10515044629573822,0.9684418439865112,0.8368716239929199
YGL027C,YHR037W,0,0.019618541,0.10513918846845627,0.9684418439865112,0.8369717597961426
YKR031C,YOR229W,1,0.01806318,0.10523498803377151,0.9694280028343201,0.8369717597961426
YPL203W,YLR367W,0,0.016762406,0.10522372275590897,0.9694280028343201,0.8370718955993652
YLR239C,YOR254C,0,0.015537225,0.10521245747804642,0.9694280028343201,0.8371720314025879
YLR390W-A,YOR252W,0,0.0154653415,0.10520119965076447,0.9694280028343201,0.8372721672058105
YLR347C,YOR065W,0,0.014548518,0.10518994182348251,0.9694280028343201,0.8373723030090332
YGL144C,YKL002W,0,0.014244687,0.10517868399620056,0.9694280028343201,0.8374724388122559
YOR157C,YPL075W,0,0.014126327,0.1051674336194992,0.9694280028343201,0.8375725746154785
YNL020C,YHR133C,0,0.011866331,0.10515618324279785,0.9694280028343201,0.837672770023346
YML086C,YIL130W,0,0.011307523,0.1051449328660965,0.9694280028343201,0.8377729058265686
YER007C-A,YMR015C,0,0.010853283,0.10513368993997574,0.9694280028343201,0.8378730416297913
YLR083C,YOR032C,0,0.010324236,0.10512244701385498,0.9694280028343201,0.8379731774330139
YHR146W,YNL317W,0,0.009118654,0.10511120408773422,0.9694280028343201,0.8380733132362366
YGL025C,YIL052C,0,0.008762419,0.10509996861219406,0.9694280028343201,0.8381734490394592
YGR080W,YPR174C,0,0.00822968,0.1050887331366539,0.9694280028343201,0.8382735848426819
YOR359W,YGL127C,0,0.0076274797,0.10507749766111374,0.9694280028343201,0.8383737206459045
YDR471W,YHL021C,0,0.007087849,0.10506626963615417,0.9694280028343201,0.8384738564491272
YNR032C-A,YDL087C,0,0.006857522,0.10505504161119461,0.9694280028343201,0.8385739922523499
YMR076C,YDR145W,0,0.006775938,0.10504381358623505,0.9694280028343201,0.8386741280555725
YNL056W,YKR007W,0,0.002451196,0.10503258556127548,0.9694280028343201,0.8387742638587952
YLR239C,YOR335C,0,0.0012486612,0.10502136498689651,0.9694280028343201,0.8388743996620178
YPL013C,YGL171W,0,0.00088220066,0.10501015186309814,0.9694280028343201,0.8389745354652405
YLR248W,YLR200W,0,-0.0015227871,0.10499893128871918,0.9694280028343201,0.8390747308731079
YML023C,YPL179W,0,-0.0022660124,0.1049877181649208,0.9694280028343201,0.8391748666763306
YGL076C,YNL065W,0,-0.0023480135,0.10497650504112244,0.9694280028343201,0.8392750024795532
YNL132W,YAL030W,0,-0.0035050774,0.10496529936790466,0.9694280028343201,0.8393751382827759
YPR034W,YOR271C,0,-0.0045128986,0.10495408624410629,0.9694280028343201,0.8394752740859985
YPL001W,YML081W,0,-0.005072944,0.10494288802146912,0.9694280028343201,0.8395754098892212
YAL011W,YGR283C,0,-0.006328769,0.10493168234825134,0.9694280028343201,0.8396755456924438
YNL132W,YLR299W,0,-0.0065079853,0.10492048412561417,0.9694280028343201,0.8397756814956665
YGL196W,YEL001C,0,-0.00828395,0.10490928590297699,0.9694280028343201,0.8398758172988892
YDR471W,YBR218C,0,-0.009148145,0.10489808768033981,0.9694280028343201,0.8399759531021118
YDR451C,YJL019W,1,-0.009241946,0.10499359667301178,0.9704142212867737,0.8399759531021118
YER056C,YBR121C,0,-0.009354673,0.1049823984503746,0.9704142212867737,0.8400760889053345
YOR250C,YML057W,0,-0.009404771,0.10497120022773743,0.9704142212867737,0.8401762247085571
YJL096W,YBL035C,0,-0.009562291,0.10496000200510025,0.9704142212867737,0.8402763605117798
YBL063W,YMR091C,0,-0.011330076,0.10494880378246307,0.9704142212867737,0.8403765559196472
YER072W,YJL168C,0,-0.011775546,0.1049376130104065,0.9704142212867737,0.8404766917228699
YBR208C,YOR086C,0,-0.012465276,0.10492642223834991,0.9704142212867737,0.8405768275260925
YNL246W,YKL077W,0,-0.012944005,0.10491523891687393,0.9704142212867737,0.8406769633293152
YIL009W,YPL117C,0,-0.013182402,0.10490404814481735,0.9704142212867737,0.8407770991325378
YBR254C,YER060W,0,-0.013573095,0.10489287227392197,0.9704142212867737,0.8408772349357605
YML124C,YCR086W,1,-0.013700824,0.10498827695846558,0.9714003801345825,0.8408772349357605
YAL007C,YHL015W,0,-0.013950445,0.104977086186409,0.9714003801345825,0.8409773707389832
YCL029C,YBL035C,0,-0.016086452,0.10496590286493301,0.9714003801345825,0.8410775065422058
YPL239W,YLR460C,0,-0.01614938,0.10495471209287643,0.9714003801345825,0.8411776423454285
YLL053C,YJL035C,0,-0.016805656,0.10494353622198105,0.9714003801345825,0.8412777781486511
YDR261C,YJL208C,0,-0.016821496,0.10493235290050507,0.9714003801345825,0.8413779139518738
YGR017W,YBL014C,0,-0.016896915,0.10492117702960968,0.9714003801345825,0.8414780497550964
YPL234C,YGR260W,0,-0.018526547,0.1049100011587143,0.9714003801345825,0.8415781855583191
YBR162C,YNL118C,0,-0.019504689,0.10489882528781891,0.9714003801345825,0.8416783213615417
YKL141W,YLL067C,0,-0.020262964,0.10488765686750412,0.9714003801345825,0.8417785167694092
YDR002W,YER155C,0,-0.021158747,0.10487648844718933,0.9714003801345825,0.8418786525726318
YDR471W,YDR004W,0,-0.021391477,0.10486532747745514,0.9714003801345825,0.8419787883758545
YMR053C,YPL146C,0,-0.021805145,0.10485415905714035,0.9714003801345825,0.8420789241790771
YML127W,YPL198W,0,-0.024458578,0.10484299808740616,0.9714003801345825,0.8421790599822998
YLR004C,YEL024W,0,-0.025311448,0.10483184456825256,0.9714003801345825,0.8422791957855225
YOR004W,YLR220W,0,-0.02535943,0.10482069104909897,0.9714003801345825,0.8423793315887451
YDR091C,YJL174W,0,-0.025993623,0.10480953752994537,0.9714003801345825,0.8424794673919678
YMR313C,YPR086W,0,-0.026701845,0.10479838401079178,0.9714003801345825,0.8425796031951904
YGL025C,YHR201C,0,-0.027805444,0.10478723049163818,0.9714003801345825,0.8426797389984131
YDR201W,YBR085W,0,-0.027875908,0.10477608442306519,0.9714003801345825,0.8427798748016357
YGR181W,YPR134W,0,-0.027984388,0.10476494580507278,0.9714003801345825,0.8428800106048584
YDR471W,YGL061C,0,-0.028186195,0.10475379973649979,0.9714003801345825,0.842980146408081
YBR046C,YGR138C,0,-0.028769739,0.10474266111850739,0.9714003801345825,0.8430803418159485
YPL058C,YDL046W,0,-0.028783508,0.10473152250051498,0.9714003801345825,0.8431804776191711
YIL106W,YER178W,0,-0.030068338,0.10472039133310318,0.9714003801345825,0.8432806134223938
YDL235C,YML031W,0,-0.030075379,0.10470926016569138,0.9714003801345825,0.8433807492256165
YOL098C,YLL024C,0,-0.03025283,0.10469812899827957,0.9714003801345825,0.8434808850288391
YBR094W,YKL114C,0,-0.03300365,0.10468700528144836,0.9714003801345825,0.8435810208320618
YOR359W,YDL102W,0,-0.03334572,0.10467587411403656,0.9714003801345825,0.8436811566352844
YAR042W,YER127W,0,-0.033362765,0.10466475039720535,0.9714003801345825,0.8437812924385071
YLR347C,YOR241W,0,-0.034218527,0.10465363413095474,0.9714003801345825,0.8438814282417297
YGL246C,YHR033W,0,-0.03509157,0.10464251786470413,0.9714003801345825,0.8439815640449524
YLR215C,YGR245C,0,-0.035697926,0.10463140159845352,0.9714003801345825,0.844081699848175
YER028C,YEL006W,0,-0.037392534,0.10462028533220291,0.9714003801345825,0.8441818356513977
YBR130C,YLR293C,0,-0.037748672,0.1046091765165329,0.9714003801345825,0.8442819714546204
YAL009W,YER133W,1,-0.03814266,0.10470426082611084,0.9723865985870361,0.8442819714546204
YGL189C,YBL014C,0,-0.038296707,0.10469313710927963,0.9723865985870361,0.844382107257843
YLR258W,YER081W,0,-0.038543977,0.10468202829360962,0.9723865985870361,0.8444823026657104
YDR148C,YOR049C,0,-0.038700145,0.10467091202735901,0.9723865985870361,0.8445824384689331
YDR025W,YBR168W,0,-0.039904796,0.104659803211689,0.9723865985870361,0.8446825742721558
YHR090C,YNR053C,0,-0.04034995,0.10464869439601898,0.9723865985870361,0.8447827100753784
YDR004W,YNL164C,0,-0.041115157,0.10463758558034897,0.9723865985870361,0.8448828458786011
YBR069C,YLR193C,0,-0.04128874,0.10462648421525955,0.9723865985870361,0.8449829816818237
YGR103W,YDR111C,0,-0.041328587,0.10461538285017014,0.9723865985870361,0.8450831174850464
YHR142W,YNL156C,0,-0.04171341,0.10460428893566132,0.9723865985870361,0.845183253288269
YMR237W,YDL076C,0,-0.04221969,0.1045931875705719,0.9723865985870361,0.8452833890914917
YJL162C,YNL081C,0,-0.042309783,0.10458209365606308,0.9723865985870361,0.8453835248947144
YKL191W,YAR042W,0,-0.042941682,0.10457100719213486,0.9723865985870361,0.845483660697937
YGR120C,YML096W,0,-0.04468739,0.10455991327762604,0.9723865985870361,0.8455837965011597
YJL012C,YNL240C,0,-0.04471366,0.10454882681369781,0.9723865985870361,0.8456839323043823
YDR471W,YNL041C,0,-0.0452758,0.10453774034976959,0.9723865985870361,0.845784068107605
YOR193W,YLR451W,0,-0.04563547,0.10452666133642197,0.9723865985870361,0.8458842635154724
YDL175C,YLR175W,0,-0.04695619,0.10451558232307434,0.9723865985870361,0.8459843993186951
YIL130W,YDR303C,0,-0.047002234,0.10450450330972672,0.9723865985870361,0.8460845351219177
YGL070C,YLR384C,0,-0.04843072,0.10449343174695969,0.9723865985870361,0.8461846709251404
YDL154W,YOR271C,0,-0.048531517,0.10448236018419266,0.9723865985870361,0.846284806728363
YDL135C,YDR261C,0,-0.049480192,0.10447128862142563,0.9723865985870361,0.8463849425315857
YNL317W,YJL069C,0,-0.049660943,0.1044602170586586,0.9723865985870361,0.8464850783348083
YLL024C,YCL001W,0,-0.04969527,0.10444915294647217,0.9723865985870361,0.846585214138031
YOR117W,YKL087C,0,-0.05007051,0.10443808883428574,0.9723865985870361,0.8466853499412537
YDR127W,YOR158W,0,-0.05034388,0.1044270247220993,0.9723865985870361,0.8467854857444763
YBL031W,YMR242C,0,-0.050469976,0.10441596806049347,0.9723865985870361,0.846885621547699
YGL226W,YKL040C,0,-0.05049075,0.10440491139888763,0.9723865985870361,0.8469857573509216
YNL048W,YDL102W,0,-0.05053161,0.1043938621878624,0.9723865985870361,0.8470858931541443
YLR185W,YDR516C,0,-0.050574407,0.10438280552625656,0.9723865985870361,0.8471860885620117
YOR004W,YFR053C,0,-0.05059676,0.10437175631523132,0.9723865985870361,0.8472862243652344
YBR069C,YNL156C,0,-0.054975368,0.10436071455478668,0.9723865985870361,0.847386360168457
YBR023C,YNL081C,0,-0.05570899,0.10434966534376144,0.9723865985870361,0.8474864959716797
YJR123W,YGR260W,0,-0.056594945,0.1043386235833168,0.9723865985870361,0.8475866317749023
YFR024C-A,YNL081C,0,-0.05872593,0.10432758182287216,0.9723865985870361,0.847686767578125
YCL017C,YDR092W,0,-0.060108893,0.10431654751300812,0.9723865985870361,0.8477869033813477
YGR266W,YGL238W,0,-0.060993306,0.10430551320314407,0.9723865985870361,0.8478870391845703
YGR078C,YLR017W,0,-0.06324649,0.10429447889328003,0.9723865985870361,0.847987174987793
YGL053W,YLR328W,0,-0.06389378,0.10428344458341599,0.9723865985870361,0.8480873107910156
YJR073C,YGR004W,0,-0.06400944,0.10427241772413254,0.9723865985870361,0.8481874465942383
YBL051C,YMR153W,0,-0.06453353,0.10426139086484909,0.9723865985870361,0.8482875823974609
YLL039C,YPL055C,1,-0.06538922,0.10435610264539719,0.973372757434845,0.8482875823974609
YCR105W,YKL002W,0,-0.0654444,0.10434506833553314,0.973372757434845,0.8483877182006836
YJR118C,YPL040C,0,-0.06676669,0.1043340414762497,0.973372757434845,0.8484878540039062
YJL078C,YBR301W,0,-0.06750685,0.10432300716638565,0.973372757434845,0.8485880494117737
YMR059W,YCL054W,0,-0.067689486,0.1043119877576828,0.973372757434845,0.8486881852149963
YML055W,YJR054W,0,-0.06775859,0.10430096089839935,0.973372757434845,0.848788321018219
YER062C,YIL033C,0,-0.06775961,0.1042899414896965,0.973372757434845,0.8488884568214417
YGR017W,YGL105W,0,-0.06803616,0.10427892208099365,0.973372757434845,0.8489885926246643
YER046W,YNL294C,1,-0.0680452,0.10437354445457458,0.9743589758872986,0.8489885926246643
YMR167W,YBR180W,1,-0.068142876,0.10446815192699432,0.9753451943397522,0.8489885926246643
YJL012C,YDR087C,0,-0.06848437,0.10445711761713028,0.9753451943397522,0.849088728427887
YHR146W,YNR037C,0,-0.06848895,0.10444609075784683,0.9753451943397522,0.8491888642311096
YPR128C,YKL129C,0,-0.0688971,0.10443505644798279,0.9753451943397522,0.8492890000343323
YBR091C,YBR119W,0,-0.070979446,0.10442402958869934,0.9753451943397522,0.8493891358375549
YLR185W,YOR253W,0,-0.07127264,0.10441301017999649,0.9753451943397522,0.8494892716407776
YEL001C,YBR218C,0,-0.071697235,0.10440198332071304,0.9753451943397522,0.8495894074440002
YMR048W,YBR189W,0,-0.07190529,0.10439096391201019,0.9753451943397522,0.8496895432472229
YER100W,YPL117C,0,-0.072086096,0.10437994450330734,0.9753451943397522,0.8497896790504456
YBL014C,YPL254W,0,-0.07290281,0.10436893254518509,0.9753451943397522,0.849889874458313
YNL132W,YOR079C,0,-0.0735893,0.10435792058706284,0.9753451943397522,0.8499900102615356
YDR500C,YJL174W,0,-0.07364828,0.10434690862894058,0.9753451943397522,0.8500901460647583
YPR128C,YFR049W,0,-0.07369811,0.10433590412139893,0.9753451943397522,0.850190281867981
YGR266W,YKL079W,0,-0.07510737,0.10432489216327667,0.9753451943397522,0.8502904176712036
YDL149W,YML082W,0,-0.07550789,0.10431388765573502,0.9753451943397522,0.8503905534744263
YNL038W,YLR328W,0,-0.07551517,0.10430289059877396,0.9753451943397522,0.8504906892776489
YML067C,YKL006W,0,-0.075750686,0.1042918935418129,0.9753451943397522,0.8505908250808716
YOR019W,YGL111W,0,-0.075999744,0.10428089648485184,0.9753451943397522,0.8506909608840942
YPL183C,YLR328W,0,-0.07638418,0.10426989942789078,0.9753451943397522,0.8507910966873169
YMR009W,YDR406W,0,-0.07680131,0.10425890982151031,0.9753451943397522,0.8508912324905396
YJR102C,YEL044W,0,-0.078179754,0.10424792021512985,0.9753451943397522,0.8509913682937622
YHR113W,YOR103C,0,-0.08067495,0.10423693060874939,0.9753451943397522,0.8510915040969849
YNL020C,YGL027C,0,-0.082279325,0.10422594845294952,0.9753451943397522,0.8511916399002075
YEL020W-A,YKL150W,0,-0.08268278,0.10421496629714966,0.9753451943397522,0.851291835308075
YDR280W,YGL105W,0,-0.08297416,0.10420398414134979,0.9753451943397522,0.8513919711112976
YGL167C,YKL063C,0,-0.08440656,0.10419300198554993,0.9753451943397522,0.8514921069145203
YPL126W,YOR101W,0,-0.08454557,0.10418202728033066,0.9753451943397522,0.8515922427177429
YDR280W,YML059C,0,-0.08459203,0.10417105257511139,0.9753451943397522,0.8516923785209656
YDR212W,YGR193C,0,-0.084891535,0.10416008532047272,0.9753451943397522,0.8517925143241882
YBR153W,YDR178W,0,-0.08503849,0.10414911806583405,0.9753451943397522,0.8518926501274109
YML023C,YPR199C,0,-0.08669848,0.10413815081119537,0.9753451943397522,0.8519927859306335
YKL026C,YFR024C-A,0,-0.08724696,0.1041271835565567,0.9753451943397522,0.8520929217338562
YDR500C,YML004C,0,-0.08729721,0.10411622375249863,0.9753451943397522,0.8521930575370789
YGL243W,YKL060C,0,-0.08842822,0.10410526394844055,0.9753451943397522,0.8522931933403015
YDR098C,YMR215W,0,-0.088447474,0.10409430414438248,0.9753451943397522,0.8523933291435242
YLR432W,YKL099C,0,-0.089360364,0.104083351790905,0.9753451943397522,0.8524934649467468
YNL167C,YHR158C,0,-0.08991916,0.10407239943742752,0.9753451943397522,0.8525936603546143
YLR044C,YFR053C,0,-0.09085769,0.10406144708395004,0.9753451943397522,0.8526937961578369
YKL016C,YIL043C,0,-0.09090933,0.10405050218105316,0.9753451943397522,0.8527939319610596
YPL169C,YFL026W,0,-0.091755815,0.10403955727815628,0.9753451943397522,0.8528940677642822
YPL183C,YCL035C,0,-0.091999106,0.1040286123752594,0.9753451943397522,0.8529942035675049
YLR102C,YDR098C,0,-0.09453983,0.10401766747236252,0.9753451943397522,0.8530943393707275
YOR065W,YPL145C,0,-0.094652764,0.10400673002004623,0.9753451943397522,0.8531944751739502
YFR025C,YDR438W,0,-0.09484928,0.10399579256772995,0.9753451943397522,0.8532946109771729
YNR030W,YHR193C,0,-0.095870264,0.10398486256599426,0.9753451943397522,0.8533947467803955
YLL066C,YLR055C,0,-0.09750954,0.10397392511367798,0.9753451943397522,0.8534948825836182
YNL031C,YKL138C,0,-0.097862735,0.10396299511194229,0.9753451943397522,0.8535950183868408
YMR215W,YDR365C,0,-0.0985852,0.1039520725607872,0.9753451943397522,0.8536951541900635
YGR202C,YPR143W,0,-0.100598164,0.10394114255905151,0.9753451943397522,0.8537952899932861
YDR235W,YFL005W,0,-0.101258434,0.10393022000789642,0.9753451943397522,0.8538954257965088
YCR035C,YLR068W,0,-0.102250315,0.10391930490732193,0.9753451943397522,0.8539956212043762
YML067C,YDL031W,0,-0.10269506,0.10390838235616684,0.9753451943397522,0.8540957570075989
YMR318C,YKR088C,0,-0.103063665,0.10389746725559235,0.9753451943397522,0.8541958928108215
YPR114W,YDL012C,0,-0.10313698,0.10388655215501785,0.9753451943397522,0.8542960286140442
YDL235C,YDR300C,0,-0.103450045,0.10387564450502396,0.9753451943397522,0.8543961644172668
YJL110C,YOR335C,0,-0.10383948,0.10386473685503006,0.9753451943397522,0.8544963002204895
YKL014C,YIL123W,0,-0.104977705,0.10385382920503616,0.9753451943397522,0.8545964360237122
YLR039C,YLR363C,0,-0.10607344,0.10384292155504227,0.9753451943397522,0.8546965718269348
YML085C,YGL213C,1,-0.10640036,0.10393700748682022,0.976331353187561,0.8546965718269348
YPR017C,YOR079C,0,-0.106701635,0.10392609983682632,0.976331353187561,0.8547967076301575
YLR466W,YMR153W,0,-0.10702262,0.10391518473625183,0.976331353187561,0.8548968434333801
YDR002W,YKL079W,0,-0.10804161,0.10390428453683853,0.976331353187561,0.8549969792366028
YOR117W,YNL294C,0,-0.108695604,0.10389337688684464,0.976331353187561,0.8550971150398254
YDR091C,YPL189W,0,-0.10948599,0.10388247668743134,0.976331353187561,0.8551972508430481
YDR261C,YNL111C,0,-0.1095464,0.10387157648801804,0.976331353187561,0.8552973866462708
YBR054W,YNR024W,0,-0.10978356,0.10386067628860474,0.976331353187561,0.8553975820541382
YDL029W,YDL222C,1,-0.1098115,0.10395468026399612,0.9773175716400146,0.8553975820541382
YBR254C,YDR257C,0,-0.11028071,0.10394378006458282,0.9773175716400146,0.8554977178573608
YDR500C,YJL026W,0,-0.11035306,0.10393287986516953,0.9773175716400146,0.8555978536605835
YDR430C,YMR242C,0,-0.11098783,0.10392197966575623,0.9773175716400146,0.8556979894638062
YER032W,YLR466W,0,-0.110998236,0.10391107946634293,0.9773175716400146,0.8557981252670288
YOR229W,YMR079W,1,-0.112084515,0.10400503128767014,0.9783037304878235,0.8557981252670288
YLR181C,YOR158W,0,-0.11228215,0.10399413108825684,0.9783037304878235,0.8558982610702515
YAL068C,YER046W,1,-0.11259132,0.10408805310726166,0.9792899489402771,0.8558982610702515
YCR031C,YNL164C,0,-0.11410066,0.10407713800668716,0.9792899489402771,0.8559983968734741
YDR178W,YHR193C,0,-0.11640342,0.10406623035669327,0.9792899489402771,0.8560985326766968
YDL091C,YLR382C,0,-0.11704416,0.10405533015727997,0.9792899489402771,0.8561986684799194
YPR175W,YDR276C,0,-0.117287785,0.10404442250728607,0.9792899489402771,0.8562988042831421
YHR122W,YJL069C,0,-0.11842016,0.10403352230787277,0.9792899489402771,0.8563989400863647
YJR102C,YNL317W,0,-0.11892506,0.10402262955904007,0.9792899489402771,0.8564990758895874
YLR194C,YGR044C,0,-0.11922234,0.10401172935962677,0.9792899489402771,0.8565992116928101
YDR096W,YDR512C,1,-0.11978934,0.10410556942224503,0.9802761077880859,0.8565992116928101
YPL168W,YMR225C,0,-0.1209817,0.10409466922283173,0.9802761077880859,0.8566994071006775
YPL001W,YGR005C,0,-0.1217751,0.10408376902341843,0.9802761077880859,0.8567995429039001
YKL029C,YMR183C,0,-0.12193962,0.10407286882400513,0.9802761077880859,0.8568996787071228
YDR412W,YER155C,0,-0.12254687,0.10406197607517242,0.9802761077880859,0.8569998145103455
YJR073C,YOR316C,0,-0.12265471,0.10405108332633972,0.9802761077880859,0.8570999503135681
YOL020W,YLR143W,0,-0.1227114,0.10404019057750702,0.9802761077880859,0.8572000861167908
YOL154W,YDR430C,0,-0.1229429,0.10402930527925491,0.9802761077880859,0.8573002219200134
YGL243W,YOL061W,0,-0.1239928,0.10401841998100281,0.9802761077880859,0.8574003577232361
YDR469W,YIL153W,0,-0.12401949,0.1040075346827507,0.9802761077880859,0.8575004935264587
YHR204W,YGR078C,0,-0.124153025,0.1039966493844986,0.9802761077880859,0.8576006293296814
YDR361C,YDR469W,0,-0.12473831,0.10398577153682709,0.9802761077880859,0.857700765132904
YLR258W,YOL052C-A,0,-0.12548013,0.10397489368915558,0.9802761077880859,0.8578009009361267
YLL039C,YOR230W,1,-0.12559605,0.10406861454248428,0.9812623262405396,0.8578009009361267
YER056C,YIL118W,0,-0.12681748,0.10405772924423218,0.9812623262405396,0.8579010367393494
YGL006W,YOR132W,0,-0.12747937,0.10404684394598007,0.9812623262405396,0.858001172542572
YCL051W,YHR197W,0,-0.12878074,0.10403596609830856,0.9812623262405396,0.8581013679504395
YLR085C,YMR091C,0,-0.12900735,0.10402508825063705,0.9812623262405396,0.8582015037536621
YKL026C,YLR293C,0,-0.12968922,0.10401421785354614,0.9812623262405396,0.8583016395568848
YJR102C,YGR003W,0,-0.13131395,0.10400334745645523,0.9812623262405396,0.8584017753601074
YBL025W,YKL005C,0,-0.13134466,0.10399247705936432,0.9812623262405396,0.8585019111633301
YOR241W,YNR030W,0,-0.13213812,0.10398160666227341,0.9812623262405396,0.8586020469665527
YJR117W,YML092C,0,-0.13295442,0.10397074371576309,0.9812623262405396,0.8587021827697754
YIL022W,YIL069C,0,-0.13427489,0.10395988076925278,0.9812623262405396,0.858802318572998
YLR039C,YKR088C,0,-0.13747536,0.10394901782274246,0.9812623262405396,0.8589024543762207
YOR189W,YIL130W,0,-0.13766144,0.10393816232681274,0.9812623262405396,0.8590025901794434
YBR023C,YLL040C,1,-0.13797921,0.1040317490696907,0.9822485446929932,0.8590025901794434
YBR109C,YMR226C,0,-0.13881661,0.10402088612318039,0.9822485446929932,0.859102725982666
YFL026W,YDR257C,0,-0.13955306,0.10401002317667007,0.9822485446929932,0.8592028617858887
YGL116W,YPL117C,0,-0.13972835,0.10399916768074036,0.9822485446929932,0.8593029975891113
YKL079W,YIR026C,0,-0.13986154,0.10398830473423004,0.9822485446929932,0.8594031929969788
YPL115C,YHR020W,0,-0.13991345,0.10397744923830032,0.9822485446929932,0.8595033288002014
YKR078W,YLR249W,0,-0.14033663,0.1039665937423706,0.9822485446929932,0.8596034646034241
YKL155C,YDR028C,0,-0.14062724,0.10395574569702148,0.9822485446929932,0.8597036004066467
YLR220W,YNL246W,0,-0.14125653,0.10394489765167236,0.9822485446929932,0.8598037362098694
YER031C,YNL317W,0,-0.14212292,0.10393404960632324,0.9822485446929932,0.859903872013092
YDR515W,YLR044C,0,-0.14327072,0.10392320901155472,0.9822485446929932,0.8600040078163147
YGR204W,YGL115W,0,-0.14340545,0.1039123609662056,0.9822485446929932,0.8601041436195374
YDR165W,YLR260W,0,-0.14350414,0.10390152037143707,0.9822485446929932,0.86020427942276
YGL196W,YMR149W,0,-0.1446693,0.10389068722724915,0.9822485446929932,0.8603044152259827
YLR058C,YKR072C,0,-0.14671151,0.10387984663248062,0.9822485446929932,0.8604045510292053
YML092C,YNL216W,0,-0.14880621,0.1038690134882927,0.9822485446929932,0.860504686832428
YLL018C,YML081W,0,-0.15024649,0.10385818779468536,0.9822485446929932,0.8606048226356506
YJL186W,YOR101W,0,-0.15195288,0.10384735465049744,0.9822485446929932,0.8607049584388733
YCR005C,YIL123W,0,-0.15367241,0.1038365289568901,0.9822485446929932,0.8608051538467407
YDR227W,YBR112C,0,-0.15389548,0.10382570326328278,0.9822485446929932,0.8609052896499634
YKL194C,YHR020W,0,-0.1539363,0.10381488502025604,0.9822485446929932,0.861005425453186
YER167W,YGL238W,0,-0.15455726,0.10380406677722931,0.9822485446929932,0.8611055612564087
YDR045C,YDR303C,0,-0.15512176,0.10379324853420258,0.9822485446929932,0.8612056970596313
YIL154C,YNL055C,0,-0.15619807,0.10378243029117584,0.9822485446929932,0.861305832862854
YJR073C,YLR093C,0,-0.15620653,0.1037716194987297,0.9822485446929932,0.8614059686660767
YBL008W,YOR172W,0,-0.15624507,0.10376080870628357,0.9822485446929932,0.8615061044692993
YPL115C,YDR217C,0,-0.15700333,0.10374999791383743,0.9822485446929932,0.861606240272522
YCR024C,YOR254C,0,-0.15715264,0.1037391945719719,0.9822485446929932,0.8617063760757446
YKL062W,YLR299W,0,-0.1576445,0.10372839123010635,0.9822485446929932,0.8618065118789673
YJL174W,YBR078W,0,-0.1577561,0.10371758788824081,0.9822485446929932,0.8619066476821899
YIL022W,YHR120W,0,-0.15974648,0.10370679199695587,0.9822485446929932,0.8620067834854126
YOR016C,YDR292C,0,-0.15976231,0.10369598865509033,0.9822485446929932,0.86210697889328
YOL121C,YDL031W,0,-0.16017793,0.10368520021438599,0.9822485446929932,0.8622071146965027
YKR096W,YDR168W,0,-0.16032584,0.10367440432310104,0.9822485446929932,0.8623072504997253
YER060W,YOR001W,0,-0.1617453,0.1036636158823967,0.9822485446929932,0.862407386302948
YIL064W,YGL238W,0,-0.16175383,0.10365282744169235,0.9822485446929932,0.8625075221061707
YMR262W,YJR096W,0,-0.1619233,0.103642039000988,0.9822485446929932,0.8626076579093933
YPR173C,YMR318C,0,-0.1624354,0.10363125801086426,0.9822485446929932,0.862707793712616
YMR081C,YHR001W-A,0,-0.16286017,0.10362047702074051,0.9822485446929932,0.8628079295158386
YJL196C,YMR149W,0,-0.16294874,0.10360969603061676,0.9822485446929932,0.8629080653190613
YDR039C,YHL015W,0,-0.1629577,0.10359891504049301,0.9822485446929932,0.8630082011222839
YJR102C,YOR091W,0,-0.16401076,0.10358814150094986,0.9822485446929932,0.8631083369255066
YBR119W,YGR044C,0,-0.16438684,0.10357736796140671,0.9822485446929932,0.8632084727287292
YJL174W,YBR295W,0,-0.16490777,0.10356660187244415,0.9822485446929932,0.8633086085319519
YLR115W,YER127W,0,-0.16508658,0.1035558357834816,0.9822485446929932,0.8634087443351746
YDR361C,YPL097W,0,-0.16513202,0.10354506969451904,0.9822485446929932,0.863508939743042
YBR162W-A,YIL018W,0,-0.16565707,0.10353430360555649,0.9822485446929932,0.8636090755462646
YGL167C,YNL055C,0,-0.16705881,0.10352354496717453,0.9822485446929932,0.8637092113494873
YNL317W,YOR009W,0,-0.16730152,0.10351278632879257,0.9822485446929932,0.86380934715271
YNR032C-A,YLR260W,0,-0.16900347,0.10350202769041061,0.9822485446929932,0.8639094829559326
YFL005W,YDR099W,1,-0.17019667,0.10359518229961395,0.983234703540802,0.8639094829559326
YCL044C,YLR200W,0,-0.17019966,0.1035844162106514,0.983234703540802,0.8640096187591553
YJL058C,YOR001W,0,-0.17073646,0.10357365757226944,0.983234703540802,0.8641097545623779
YDL230W,YGL087C,0,-0.17097044,0.10356289893388748,0.983234703540802,0.8642098903656006
YLL031C,YMR131C,0,-0.17178102,0.10355214029550552,0.983234703540802,0.8643100261688232
YOR004W,YKL192C,0,-0.17224099,0.10354138910770416,0.983234703540802,0.8644101619720459
YML011C,YHR122W,0,-0.1722945,0.1035306304693222,0.983234703540802,0.8645102977752686
YFL026W,YGL078C,0,-0.17234959,0.10351988673210144,0.983234703540802,0.8646104335784912
YJL183W,YBR279W,0,-0.17282398,0.10350913554430008,0.983234703540802,0.8647105693817139
YLR093C,YOR359W,0,-0.17353539,0.10349839180707932,0.983234703540802,0.8648107647895813
YBL056W,YMR205C,0,-0.17484446,0.10348764806985855,0.983234703540802,0.864910900592804
YOR087W,YKL087C,0,-0.1750582,0.10347690433263779,0.983234703540802,0.8650110363960266
YDR397C,YKL080W,0,-0.17535086,0.10346616804599762,0.983234703540802,0.8651111721992493
YPL175W,YIL123W,0,-0.1754059,0.10345543175935745,0.983234703540802,0.8652113080024719
YLR215C,YNL180C,0,-0.17607242,0.10344469547271729,0.983234703540802,0.8653114438056946
YDR469W,YPL221W,0,-0.17690104,0.10343396663665771,0.983234703540802,0.8654115796089172
YBR208C,YOR259C,0,-0.17719455,0.10342323780059814,0.983234703540802,0.8655117154121399
YNL190W,YNL094W,0,-0.17775774,0.10341250896453857,0.983234703540802,0.8656118512153625
YGL189C,YJL012C,0,-0.17933252,0.1034017875790596,0.983234703540802,0.8657119870185852
YOR316C,YHR201C,0,-0.18378732,0.10339105874300003,0.983234703540802,0.8658121228218079
YDR091C,YGR007W,0,-0.18387441,0.10338033735752106,0.983234703540802,0.8659122586250305
YGR178C,YLR367W,0,-0.18406686,0.10336962342262268,0.983234703540802,0.8660123944282532
YGR254W,YNL167C,0,-0.1841975,0.10335890203714371,0.983234703540802,0.8661125302314758
YPR114W,YJL098W,0,-0.18465592,0.10334818810224533,0.983234703540802,0.8662127256393433
YDR328C,YKL080W,0,-0.18567581,0.10333748161792755,0.983234703540802,0.8663128614425659
YHR210C,YOR359W,0,-0.18591754,0.10332676768302917,0.983234703540802,0.8664129972457886
YOL098C,YDR301W,0,-0.18704316,0.1033160611987114,0.983234703540802,0.8665131330490112
YLR324W,YCR005C,0,-0.18783823,0.10330535471439362,0.983234703540802,0.8666132688522339
YOR119C,YGR030C,0,-0.18793844,0.10329465568065643,0.983234703540802,0.8667134046554565
YJR073C,YDR019C,0,-0.18889035,0.10328395664691925,0.983234703540802,0.8668135404586792
YPL173W,YKL080W,0,-0.18937385,0.10327325761318207,0.983234703540802,0.8669136762619019
YDR361C,YDR188W,0,-0.18949373,0.10326255857944489,0.983234703540802,0.8670138120651245
YJL058C,YKL099C,0,-0.18976504,0.1032518669962883,0.983234703540802,0.8671139478683472
YIL087C,YPL173W,0,-0.19055858,0.10324117541313171,0.983234703540802,0.8672140836715698
YDL012C,YDL139C,0,-0.19179407,0.10323048382997513,0.983234703540802,0.8673142194747925
YBR078W,YIL008W,0,-0.19270372,0.10321979224681854,0.983234703540802,0.8674143552780151
YHL003C,YDL012C,0,-0.19273293,0.10320910811424255,0.983234703540802,0.8675144910812378
YDL100C,YBL007C,0,-0.1928235,0.10319842398166656,0.983234703540802,0.8676146864891052
YIL052C,YNL029C,0,-0.19298866,0.10318774729967117,0.983234703540802,0.8677148222923279
YNL243W,YHR080C,0,-0.19396864,0.10317707061767578,0.983234703540802,0.8678149580955505
YLR007W,YLR259C,0,-0.19427274,0.10316639393568039,0.983234703540802,0.8679150938987732
YMR230W,YGR142W,0,-0.19437505,0.103155717253685,0.983234703540802,0.8680152297019958
YPL203W,YKR052C,0,-0.19441925,0.1031450480222702,0.983234703540802,0.8681153655052185
YOR264W,YLR413W,0,-0.19510531,0.10313437134027481,0.983234703540802,0.8682155013084412
YDR516C,YOR358W,0,-0.19512682,0.10312370955944061,0.983234703540802,0.8683156371116638
YLR143W,YML031W,0,-0.19528806,0.10311304032802582,0.983234703540802,0.8684157729148865
YPL169C,YGL243W,0,-0.19573952,0.10310237854719162,0.983234703540802,0.8685159087181091
YGR283C,YIL005W,0,-0.19576429,0.10309171676635742,0.983234703540802,0.8686160445213318
YIL018W,YOR059C,0,-0.1959906,0.10308106243610382,0.983234703540802,0.8687161803245544
YLL053C,YNL029C,0,-0.19611324,0.10307040065526962,0.983234703540802,0.8688163161277771
YOL071W,YFL005W,1,-0.19646804,0.10316311568021774,0.9842209219932556,0.8688163161277771
YKL002W,YER071C,0,-0.19697791,0.10315245389938354,0.9842209219932556,0.8689165115356445
YOR078W,YLR150W,0,-0.19875692,0.10314179211854935,0.9842209219932556,0.8690166473388672
YMR059W,YPL076W,0,-0.19921635,0.10313113778829575,0.9842209219932556,0.8691167831420898
YER041W,YNL111C,0,-0.19958304,0.10312047600746155,0.9842209219932556,0.8692169189453125
YNL137C,YDL102W,0,-0.20031612,0.10310982167720795,0.9842209219932556,0.8693170547485352
YJL174W,YGL198W,0,-0.20032395,0.10309917479753494,0.9842209219932556,0.8694171905517578
YPL001W,YDR190C,0,-0.20050941,0.10308852046728134,0.9842209219932556,0.8695173263549805
YDR399W,YNL130C,0,-0.20066668,0.10307787358760834,0.9842209219932556,0.8696174621582031
YOR004W,YNL180C,0,-0.20235299,0.10306723415851593,0.9842209219932556,0.8697175979614258
YDL093W,YNL065W,0,-0.20344852,0.10305658727884293,0.9842209219932556,0.8698177337646484
YDR515W,YOR272W,0,-0.20362647,0.10304594784975052,0.9842209219932556,0.8699178695678711
YIL052C,YLR131C,0,-0.20441474,0.10303530842065811,0.9842209219932556,0.8700180053710938
YDL235C,YMR243C,0,-0.2045081,0.1030246689915657,0.9842209219932556,0.8701181411743164
YJL045W,YLR259C,0,-0.20592263,0.1030140370130539,0.9842209219932556,0.8702182769775391
YML085C,YGL054C,1,-0.20690103,0.10310661792755127,0.9852070808410645,0.8702182769775391
YJL173C,YGL219C,0,-0.20719679,0.10309597849845886,0.9852070808410645,0.8703184723854065
YPL043W,YNL038W,0,-0.20794447,0.10308533906936646,0.9852070808410645,0.8704186081886292
YJR109C,YDR057W,0,-0.20897298,0.10307469964027405,0.9852070808410645,0.8705187439918518
YML004C,YPL013C,0,-0.20917858,0.10306406766176224,0.9852070808410645,0.8706188797950745
YNL133C,YLR011W,0,-0.20963238,0.10305343568325043,0.9852070808410645,0.8707190155982971
YGR108W,YNL194C,1,-0.21042286,0.10314594954252243,0.9861932992935181,0.8707190155982971
YDR468C,YPL235W,0,-0.21067704,0.10313531011343002,0.9861932992935181,0.8708191514015198
YPR188C,YBR091C,0,-0.21110329,0.10312467813491821,0.9861932992935181,0.8709192872047424
YKL058W,YMR001C,0,-0.21154274,0.1031140461564064,0.9861932992935181,0.8710194230079651
YLR293C,YOL096C,0,-0.21174186,0.10310341417789459,0.9861932992935181,0.8711195588111877
YGL116W,YLR260W,0,-0.21175255,0.10309278219938278,0.9861932992935181,0.8712196946144104
YNL123W,YMR074C,0,-0.21203347,0.10308215767145157,0.9861932992935181,0.8713198304176331
YDR545W,YKL054C,0,-0.21282642,0.10307153314352036,0.9861932992935181,0.8714199662208557
YDR190C,YNL251C,0,-0.21293359,0.10306090861558914,0.9861932992935181,0.8715201020240784
YEL005C,YBR169C,0,-0.21403539,0.10305029153823853,0.9861932992935181,0.8716202974319458
YNL145W,YMR243C,0,-0.21458262,0.10303966701030731,0.9861932992935181,0.8717204332351685
YPL193W,YMR125W,0,-0.21470886,0.10302905738353729,0.9861932992935181,0.8718205690383911
YDL235C,YLR249W,0,-0.2151058,0.10301844030618668,0.9861932992935181,0.8719207048416138
YOL051W,YDL211C,0,-0.21533777,0.10300783067941666,0.9861932992935181,0.8720208406448364
YML092C,YER139C,0,-0.21605353,0.10299722105264664,0.9861932992935181,0.8721209764480591
YLR181C,YBR168W,0,-0.21606982,0.10298661142587662,0.9861932992935181,0.8722211122512817
YOR136W,YHR170W,0,-0.21820058,0.1029760092496872,0.9861932992935181,0.8723212480545044
YPL061W,YLR060W,0,-0.21959768,0.10296540707349777,0.9861932992935181,0.872421383857727
YHR190W,YOR059C,0,-0.21979144,0.10295480489730835,0.9861932992935181,0.8725215196609497
YKL029C,YDR381W,0,-0.22001141,0.10294420272111893,0.9861932992935181,0.8726216554641724
YOR045W,YOR253W,0,-0.22123495,0.1029336079955101,0.9861932992935181,0.872721791267395
YMR243C,YLR363C,0,-0.22209331,0.10292301326990128,0.9861932992935181,0.8728219270706177
YKR079C,YNL161W,0,-0.22325341,0.10291241854429245,0.9861932992935181,0.8729220628738403
YML133C,YPR120C,0,-0.22347441,0.10290183126926422,0.9861932992935181,0.8730222582817078
YOR034C,YGR217W,0,-0.2237259,0.10289124399423599,0.9861932992935181,0.8731223940849304
YNL167C,YBR153W,0,-0.22383374,0.10288065671920776,0.9861932992935181,0.8732225298881531
YGR260W,YCL054W,0,-0.22610912,0.10287007689476013,0.9861932992935181,0.8733226656913757
YPL169C,YJR042W,0,-0.22624226,0.1028594970703125,0.9861932992935181,0.8734228014945984
YMR175W,YDR019C,0,-0.22676857,0.10284891724586487,0.9861932992935181,0.873522937297821
YIL148W,YGR030C,0,-0.22704032,0.10283833742141724,0.9861932992935181,0.8736230731010437
YGL189C,YDR246W,0,-0.22847834,0.1028277650475502,0.9861932992935181,0.8737232089042664
YFL005W,YJR052W,0,-0.22865666,0.10281719267368317,0.9861932992935181,0.873823344707489
YER014W,YGR044C,0,-0.22954914,0.10280662029981613,0.9861932992935181,0.8739234805107117
YBR162W-A,YOL144W,0,-0.23057845,0.1027960553765297,0.9861932992935181,0.8740236163139343
YGR181W,YPR037C,0,-0.23120585,0.10278548300266266,0.9861932992935181,0.874123752117157
YDR441C,YJL167W,0,-0.23146303,0.10277492552995682,0.9861932992935181,0.8742238879203796
YPR169W,YFR038W,0,-0.23225997,0.10276436060667038,0.9861932992935181,0.8743240833282471
YPL234C,YMR009W,0,-0.23392053,0.10275380313396454,0.9861932992935181,0.8744242191314697
YPL173W,YLR328W,0,-0.23493318,0.1027432456612587,0.9861932992935181,0.8745243549346924
YGL243W,YKL029C,0,-0.23683025,0.10273268818855286,0.9861932992935181,0.874624490737915
YNL233W,YLR196W,0,-0.23860157,0.10272213816642761,0.9861932992935181,0.8747246265411377
YPL076W,YDL087C,0,-0.23888157,0.10271158814430237,0.9861932992935181,0.8748247623443604
YKR064W,YGL078C,0,-0.23920117,0.10270103812217712,0.9861932992935181,0.874924898147583
YHR108W,YGR007W,0,-0.23953168,0.10269048810005188,0.9861932992935181,0.8750250339508057
YGR082W,YBR188C,0,-0.23961064,0.10267994552850723,0.9861932992935181,0.8751251697540283
YDR328C,YBR208C,0,-0.24005876,0.10266940295696259,0.9861932992935181,0.875225305557251
YJL212C,YGR208W,0,-0.24008396,0.10265886783599854,0.9861932992935181,0.8753254413604736
YER176W,YLR432W,0,-0.24082279,0.10264832526445389,0.9861932992935181,0.8754255771636963
YER102W,YBR094W,0,-0.24106154,0.10263779014348984,0.9861932992935181,0.875525712966919
YGR235C,YGR174C,0,-0.24170096,0.10262725502252579,0.9861932992935181,0.8756258487701416
YKL029C,YNL066W,0,-0.24330895,0.10261672735214233,0.9861932992935181,0.875726044178009
YBR153W,YLR323C,0,-0.24340422,0.10260619968175888,0.9861932992935181,0.8758261799812317
YPL138C,YHR165C,0,-0.2439299,0.10259567201137543,0.9861932992935181,0.8759263157844543
YGL126W,YOR136W,0,-0.24493882,0.10258514434099197,0.9861932992935181,0.876026451587677
YML004C,YIL148W,0,-0.2450877,0.10257462412118912,0.9861932992935181,0.8761265873908997
YDR430C,YNR033W,0,-0.24573441,0.10256410390138626,0.9861932992935181,0.8762267231941223
YCL029C,YKL051W,0,-0.24585347,0.1025535836815834,0.9861932992935181,0.876326858997345
YGR103W,YPL130W,0,-0.2467349,0.10254307091236115,0.9861932992935181,0.8764269948005676
YFR031C-A,YDR235W,0,-0.2498364,0.10253255069255829,0.9861932992935181,0.8765271306037903
YGR178C,YMR072W,0,-0.2500512,0.10252204537391663,0.9861932992935181,0.8766272664070129
YML074C,YJL187C,1,-0.2501134,0.10261404514312744,0.9871794581413269,0.8766272664070129
YOR319W,YLR200W,0,-0.25018018,0.10260352492332458,0.9871794581413269,0.8767274022102356
YGR103W,YML127W,0,-0.2508391,0.10259301215410233,0.9871794581413269,0.8768275380134583
YNL233W,YIL144W,0,-0.25101006,0.10258249938488007,0.9871794581413269,0.8769276738166809
YGR007W,YKL063C,0,-0.2516562,0.1025719866156578,0.9871794581413269,0.8770278096199036
YNL250W,YLR249W,0,-0.25198296,0.10256147384643555,0.9871794581413269,0.877128005027771
YDR377W,YER060W,0,-0.25232208,0.10255096852779388,0.9871794581413269,0.8772281408309937
YER176W,YGL027C,0,-0.25476268,0.10254046320915222,0.9871794581413269,0.8773282766342163
YIL053W,YBR218C,0,-0.2551305,0.10252995789051056,0.9871794581413269,0.877428412437439
YKL060C,YLR292C,0,-0.2553689,0.1025194600224495,0.9871794581413269,0.8775285482406616
YPL043W,YDR257C,0,-0.25560683,0.10250896215438843,0.9871794581413269,0.8776286840438843
YDR372C,YKL060C,0,-0.25583076,0.10249846428632736,0.9871794581413269,0.8777288198471069
YBR101C,YJR123W,0,-0.25634602,0.1024879664182663,0.9871794581413269,0.8778289556503296
YGR174C,YNL123W,0,-0.25667083,0.10247747600078583,0.9871794581413269,0.8779290914535522
YGR204W,YLR039C,0,-0.25730905,0.10246698558330536,0.9871794581413269,0.8780292272567749
YHR120W,YLR175W,0,-0.25757247,0.10245650261640549,0.9871794581413269,0.8781293630599976
YHL003C,YPR105C,0,-0.25782293,0.10244601219892502,0.9871794581413269,0.8782294988632202
YDL012C,YHR020W,0,-0.25782323,0.10243552923202515,0.9871794581413269,0.8783296346664429
YBR086C,YBR254C,0,-0.25863326,0.10242504626512527,0.9871794581413269,0.8784298300743103
YNL038W,YPL178W,0,-0.25874555,0.102414570748806,0.9871794581413269,0.878529965877533
YJL110C,YHL028W,0,-0.25935212,0.10240409523248672,0.9871794581413269,0.8786301016807556
YDR212W,YDR004W,0,-0.2594815,0.10239361971616745,0.9871794581413269,0.8787302374839783
YOR236W,YOR259C,0,-0.26185435,0.10238314419984818,0.9871794581413269,0.8788303732872009
YAL028W,YGL107C,0,-0.2622098,0.1023726761341095,0.9871794581413269,0.8789305090904236
YHR005C,YHR170W,0,-0.26384568,0.10236220806837082,0.9871794581413269,0.8790306448936462
YDL100C,YBR119W,0,-0.26414645,0.10235174000263214,0.9871794581413269,0.8791307806968689
YHR111W,YGL105W,0,-0.26536286,0.10234127193689346,0.9871794581413269,0.8792309165000916
YBL035C,YPL126W,0,-0.265523,0.10233081132173538,0.9871794581413269,0.8793310523033142
YDL209C,YGL096W,0,-0.26732868,0.1023203507065773,0.9871794581413269,0.8794311881065369
YLR382C,YOR254C,0,-0.2684465,0.10230989009141922,0.9871794581413269,0.8795313239097595
YDR178W,YGL053W,0,-0.2686593,0.10229943692684174,0.9871794581413269,0.8796314597129822
YDR471W,YDR406W,0,-0.26893523,0.10228898376226425,0.9871794581413269,0.8797315955162048
YER177W,YPL063W,0,-0.27002463,0.10227853059768677,0.9871794581413269,0.8798317909240723
YOR207C,YLR052W,0,-0.27010077,0.10226808488368988,0.9871794581413269,0.8799319267272949
YOR103C,YJL035C,0,-0.271839,0.102257639169693,0.9871794581413269,0.8800320625305176
YNR032C-A,YGL016W,0,-0.27271783,0.1022471934556961,0.9871794581413269,0.8801321983337402
YDR517W,YLR413W,0,-0.2745089,0.10223674774169922,0.9871794581413269,0.8802323341369629
YNL164C,YBR301W,0,-0.2755007,0.10222630947828293,0.9871794581413269,0.8803324699401855
YDR377W,YER123W,0,-0.2755891,0.10221587121486664,0.9871794581413269,0.8804326057434082
YOR253W,YGR208W,0,-0.2760392,0.10220543295145035,0.9871794581413269,0.8805327415466309
YKL014C,YJL078C,0,-0.2764034,0.10219499468803406,0.9871794581413269,0.8806328773498535
YML098W,YLR193C,0,-0.27644426,0.10218456387519836,0.9871794581413269,0.8807330131530762
YMR286W,YBR086C,0,-0.27699357,0.10217413306236267,0.9871794581413269,0.8808331489562988
YFR024C-A,YDR105C,0,-0.2770753,0.10216370970010757,0.9871794581413269,0.8809332847595215
YJL186W,YLL067C,0,-0.27789384,0.10215327888727188,0.9871794581413269,0.8810334205627441
YIL119C,YBR112C,0,-0.28027904,0.10214285552501678,0.9871794581413269,0.8811336159706116
YGL189C,YER142C,0,-0.28136158,0.10213243216276169,0.9871794581413269,0.8812337517738342
YJR102C,YHR009C,0,-0.2825734,0.10212201625108719,0.9871794581413269,0.8813338875770569
YDR023W,YGL127C,0,-0.28480205,0.10211160033941269,0.9871794581413269,0.8814340233802795
YOR009W,YPL235W,0,-0.2863174,0.10210118442773819,0.9871794581413269,0.8815341591835022
YNR032C-A,YNR024W,0,-0.28654817,0.10209076851606369,0.9871794581413269,0.8816342949867249
YBR189W,YDR464W,0,-0.28667393,0.10208036005496979,0.9871794581413269,0.8817344307899475
YDR300C,YML031W,0,-0.28668433,0.10206995159387589,0.9871794581413269,0.8818345665931702
YOR091W,YKL069W,0,-0.2880862,0.10205954313278198,0.9871794581413269,0.8819347023963928
YJR073C,YDR276C,0,-0.28828114,0.10204914212226868,0.9871794581413269,0.8820348381996155
YOR266W,YIR004W,0,-0.2885374,0.10203873366117477,0.9871794581413269,0.8821349740028381
YBL014C,YBR191W,0,-0.28862154,0.10202833265066147,0.9871794581413269,0.8822351098060608
YOL029C,YER167W,0,-0.28899515,0.10201793909072876,0.9871794581413269,0.8823352456092834
YIL014W,YDR179C,0,-0.28918612,0.10200753808021545,0.9871794581413269,0.8824353814125061
YCR024C,YGR138C,0,-0.2910546,0.10199714452028275,0.9871794581413269,0.8825355768203735
YDR148C,YDR244W,0,-0.29119748,0.10198675841093063,0.9871794581413269,0.8826357126235962
YIL118W,YMR242C,0,-0.2920797,0.10197636485099792,0.9871794581413269,0.8827358484268188
YGL058W,YGR030C,0,-0.29255724,0.10196597874164581,0.9871794581413269,0.8828359842300415
YIL022W,YNL048W,0,-0.29323664,0.1019555926322937,0.9871794581413269,0.8829361200332642
YNL076W,YNL038W,0,-0.2935924,0.10194520652294159,0.9871794581413269,0.8830362558364868
YJL180C,YGR017W,0,-0.2936727,0.10193482786417007,0.9871794581413269,0.8831363916397095
YJL186W,YHR020W,0,-0.29391026,0.10192444920539856,0.9871794581413269,0.8832365274429321
YOR018W,YBL087C,0,-0.294238,0.10191407054662704,0.9871794581413269,0.8833366632461548
YOL098C,YHR202W,0,-0.29476768,0.10190369188785553,0.9871794581413269,0.8834367990493774
YKL194C,YOR078W,0,-0.29509878,0.10189332067966461,0.9871794581413269,0.8835369348526001
YDR427W,YMR261C,0,-0.29697874,0.1018829494714737,0.9871794581413269,0.8836370706558228
YBR153W,YKL192C,0,-0.29868627,0.10187258571386337,0.9871794581413269,0.8837372064590454
YNL180C,YER159C,0,-0.29932308,0.10186221450567245,0.9871794581413269,0.8838374018669128
YNL181W,YGL127C,0,-0.29933554,0.10185185074806213,0.9871794581413269,0.8839375376701355
YPL146C,YLR093C,0,-0.30146605,0.10184148699045181,0.9871794581413269,0.8840376734733582
YML074C,YER133W,1,-0.30150723,0.10193286091089249,0.9881656765937805,0.8840376734733582
YML061C,YGL129C,0,-0.30238086,0.10192248970270157,0.9881656765937805,0.8841378092765808
YMR243C,YGR296W,0,-0.30267954,0.10191212594509125,0.9881656765937805,0.8842379450798035
YOR262W,YPR131C,0,-0.3030567,0.10190176218748093,0.9881656765937805,0.8843380808830261
YDR098C,YNR037C,0,-0.30403686,0.1018913984298706,0.9881656765937805,0.8844382166862488
YLR052W,YHR020W,0,-0.3045205,0.10188103467226028,0.9881656765937805,0.8845383524894714
YBR086C,YGL116W,0,-0.30621928,0.10187067836523056,0.9881656765937805,0.8846384882926941
YLR277C,YGR017W,0,-0.30651185,0.10186032205820084,0.9881656765937805,0.8847386240959167
YOR091W,YBR101C,0,-0.309702,0.10184997320175171,0.9881656765937805,0.8848387598991394
YGR181W,YIL005W,0,-0.30990255,0.10183961689472198,0.9881656765937805,0.8849388957023621
YDL098C,YGL111W,0,-0.30990908,0.10182926803827286,0.9881656765937805,0.8850390315055847
YCR031C,YNL041C,0,-0.3116646,0.10181891918182373,0.9881656765937805,0.8851391673088074
YDR303C,YDL102W,0,-0.31338784,0.1018085777759552,0.9881656765937805,0.8852393627166748
YNL103W,YDR372C,0,-0.31692556,0.10179822891950607,0.9881656765937805,0.8853394985198975
YLR185W,YPL097W,0,-0.31712335,0.10178788751363754,0.9881656765937805,0.8854396343231201
YKR027W,YKL155C,0,-0.31720847,0.10177755355834961,0.9881656765937805,0.8855397701263428
YAL059W,YDR246W,0,-0.31799293,0.10176721215248108,0.9881656765937805,0.8856399059295654
YDR434W,YHR139C,0,-0.3182677,0.10175687819719315,0.9881656765937805,0.8857400417327881
YJR073C,YOR158W,0,-0.31837815,0.10174654424190521,0.9881656765937805,0.8858401775360107
YIL022W,YNL081C,0,-0.32023996,0.10173621773719788,0.9881656765937805,0.8859403133392334
YLL024C,YPR120C,0,-0.32127437,0.10172589123249054,0.9881656765937805,0.886040449142456
YDR545W,YIL009W,0,-0.32175252,0.1017155647277832,0.9881656765937805,0.8861405849456787
YBR046C,YDR309C,0,-0.3240365,0.10170523822307587,0.9881656765937805,0.8862407207489014
YCL029C,YDR395W,0,-0.32468376,0.10169491171836853,0.9881656765937805,0.886340856552124
YOR359W,YDR395W,0,-0.3247699,0.10168459266424179,0.9881656765937805,0.8864409923553467
YOR002W,YDR516C,0,-0.32490394,0.10167427361011505,0.9881656765937805,0.8865411281585693
YGL096W,YOR132W,0,-0.32549444,0.10166396200656891,0.9881656765937805,0.8866413235664368
YDL029W,YDR099W,1,-0.32552332,0.10175509750843048,0.9891518950462341,0.8866413235664368
YBR085W,YGL171W,0,-0.32574385,0.10174477845430374,0.9891518950462341,0.8867414593696594
YDR212W,YML016C,0,-0.32714787,0.101734459400177,0.9891518950462341,0.8868415951728821
YBR189W,YNR030W,0,-0.3283747,0.10172414034605026,0.9891518950462341,0.8869417309761047
YLR150W,YFR030W,0,-0.3286293,0.10171382129192352,0.9891518950462341,0.8870418667793274
YBR003W,YMR225C,0,-0.32926476,0.10170350968837738,0.9891518950462341,0.88714200258255
YOR156C,YLR432W,0,-0.3296833,0.10169319808483124,0.9891518950462341,0.8872421383857727
YMR110C,YML057W,0,-0.32980213,0.1016828864812851,0.9891518950462341,0.8873422741889954
YKR031C,YLR055C,0,-0.33041397,0.10167258232831955,0.9891518950462341,0.887442409992218
YPR017C,YLR435W,0,-0.3304564,0.101662278175354,0.9891518950462341,0.8875425457954407
YNL199C,YNR052C,0,-0.33191,0.10165197402238846,0.9891518950462341,0.8876426815986633
YOR016C,YPL179W,0,-0.331926,0.10164166986942291,0.9891518950462341,0.887742817401886
YGR181W,YPL117C,0,-0.33228546,0.10163137316703796,0.9891518950462341,0.8878429532051086
YPR143W,YLR248W,0,-0.33428663,0.10162107646465302,0.9891518950462341,0.8879431486129761
YOR002W,YGR174C,0,-0.33432525,0.10161077976226807,0.9891518950462341,0.8880432844161987
YDR212W,YER007C-A,0,-0.3343683,0.10160048305988312,0.9891518950462341,0.8881434202194214
YDR078C,YPR169W,0,-0.3350286,0.10159019380807877,0.9891518950462341,0.888243556022644
YDR345C,YFR034C,0,-0.33651015,0.10157990455627441,0.9891518950462341,0.8883436918258667
YML041C,YOR001W,0,-0.3371039,0.10156962275505066,0.9891518950462341,0.8884438276290894
YDR434W,YPL058C,0,-0.33739543,0.10155933350324631,0.9891518950462341,0.888543963432312
YGR181W,YML092C,0,-0.33800435,0.10154905170202255,0.9891518950462341,0.8886440992355347
YOR117W,YDL117W,0,-0.33866638,0.1015387699007988,0.9891518950462341,0.8887442350387573
YOL052C-A,YNL055C,0,-0.33874992,0.10152849555015564,0.9891518950462341,0.88884437084198
YKL029C,YPL254W,0,-0.33968383,0.10151822119951248,0.9891518950462341,0.8889445066452026
YKL185W,YGR193C,0,-0.3406158,0.10150794684886932,0.9891518950462341,0.8890446424484253
YKL110C,YNL181W,0,-0.3412696,0.10149767249822617,0.9891518950462341,0.889144778251648
YIL019W,YER060W,0,-0.3414317,0.1014874055981636,0.9891518950462341,0.8892449140548706
YAL007C,YGR004W,0,-0.3422451,0.10147713124752045,0.9891518950462341,0.889345109462738
YIL013C,YLR001C,0,-0.3432174,0.10146687179803848,0.9891518950462341,0.8894452452659607
YKL138C,YJL196C,0,-0.3434497,0.10145660489797592,0.9891518950462341,0.8895453810691833
YER072W,YOR078W,0,-0.34483021,0.10144634544849396,0.9891518950462341,0.889645516872406
YCR105W,YOL011W,0,-0.3465327,0.101436085999012,0.9891518950462341,0.8897456526756287
YLL006W,YLR075W,0,-0.34737617,0.10142582654953003,0.9891518950462341,0.8898457884788513
YFR031C-A,YDL093W,0,-0.34888163,0.10141557455062866,0.9891518950462341,0.889945924282074
YNR048W,YJR123W,0,-0.34961545,0.1014053151011467,0.9891518950462341,0.8900460600852966
YPR143W,YER041W,0,-0.350433,0.10139506310224533,0.9891518950462341,0.8901461958885193
YPL221W,YBR089C-A,0,-0.35136485,0.10138481855392456,0.9891518950462341,0.8902463316917419
YOR087W,YAL030W,0,-0.35158014,0.10137457400560379,0.9891518950462341,0.8903464674949646
YMR158W,YMR131C,0,-0.35238633,0.10136432200670242,0.9891518950462341,0.8904466032981873
YNL145W,YHR190W,0,-0.35360005,0.10135408490896225,0.9891518950462341,0.8905467391014099
YOR207C,YKR085C,0,-0.35392666,0.10134384036064148,0.9891518950462341,0.8906469345092773
YHR110W,YKL002W,0,-0.35431466,0.1013336032629013,0.9891518950462341,0.8907470703125
YMR110C,YGL219C,0,-0.3543529,0.10132336616516113,0.9891518950462341,0.8908472061157227
YDL230W,YGR080W,0,-0.3570862,0.10131312906742096,0.9891518950462341,0.8909473419189453
YJL183W,YGL198W,0,-0.35891435,0.10130289942026138,0.9891518950462341,0.891047477722168
YIL009W,YOR335C,0,-0.35921225,0.1012926697731018,0.9891518950462341,0.8911476135253906
YCR086W,YFR038W,0,-0.35998952,0.10128244012594223,0.9891518950462341,0.8912477493286133
YDR361C,YLL014W,0,-0.36211556,0.10127221047878265,0.9891518950462341,0.8913478851318359
YDR078C,YLR328W,0,-0.36268246,0.10126198828220367,0.9891518950462341,0.8914480209350586
YLR175W,YDR359C,0,-0.364707,0.1012517660856247,0.9891518950462341,0.8915481567382812
YLR194C,YML092C,0,-0.3653695,0.10124154388904572,0.9891518950462341,0.8916482925415039
YKR085C,YJR054W,0,-0.36541128,0.10123132914304733,0.9891518950462341,0.8917484283447266
YDL135C,YBL072C,0,-0.36643583,0.10122111439704895,0.9891518950462341,0.8918485641479492
YOR016C,YNL023C,0,-0.36677462,0.10121089965105057,0.9891518950462341,0.8919486999511719
YDR309C,YKL081W,0,-0.36697227,0.10120068490505219,0.9891518950462341,0.8920488953590393
YMR072W,YKL087C,0,-0.36845952,0.1011904776096344,0.9891518950462341,0.892149031162262
YLL026W,YNL055C,0,-0.36881977,0.10118027031421661,0.9891518950462341,0.8922491669654846
YIL052C,YDR259C,0,-0.36883703,0.10117006301879883,0.9891518950462341,0.8923493027687073
YDR345C,YNL023C,0,-0.37037584,0.10115985572338104,0.9891518950462341,0.8924494385719299
YDR178W,YGL111W,0,-0.3705861,0.10114965587854385,0.9891518950462341,0.8925495743751526
YNR032C-A,YDR002W,0,-0.37141624,0.10113945603370667,0.9891518950462341,0.8926497101783752
YML041C,YOR236W,0,-0.3720938,0.10112926363945007,0.9891518950462341,0.8927498459815979
YML011C,YGL092W,0,-0.3727162,0.10111906379461288,0.9891518950462341,0.8928499817848206
YGL126W,YLR347C,0,-0.3733097,0.10110887140035629,0.9891518950462341,0.8929501175880432
YLR215C,YLR293C,0,-0.3733739,0.1010986790060997,0.9891518950462341,0.8930502533912659
YMR242C,YOR079C,0,-0.37445903,0.10108848661184311,0.9891518950462341,0.8931503891944885
YOL096C,YIL123W,0,-0.37456328,0.10107830166816711,0.9891518950462341,0.8932505249977112
YDR345C,YNL263C,0,-0.37479007,0.10106811672449112,0.9891518950462341,0.8933507204055786
YHR122W,YDR399W,0,-0.37663272,0.10105793178081512,0.9891518950462341,0.8934508562088013
YPR143W,YKL054C,0,-0.37782776,0.10104775428771973,0.9891518950462341,0.8935509920120239
YOL020W,YHR110W,0,-0.3795114,0.10103757679462433,0.9891518950462341,0.8936511278152466
YPL234C,YPL173W,0,-0.37987626,0.10102739930152893,0.9891518950462341,0.8937512636184692
YHR148W,YPR086W,0,-0.380566,0.10101722180843353,0.9891518950462341,0.8938513994216919
YDR441C,YJL096W,0,-0.3807972,0.10100705176591873,0.9891518950462341,0.8939515352249146
YJR049C,YJR046W,0,-0.38100612,0.10099688172340393,0.9891518950462341,0.8940516710281372
YDL081C,YDR243C,0,-0.3810752,0.10098671168088913,0.9891518950462341,0.8941518068313599
YMR234W,YHR193C,0,-0.38138944,0.10097654163837433,0.9891518950462341,0.8942519426345825
YNL263C,YMR286W,0,-0.38220328,0.10096637904644012,0.9891518950462341,0.8943520784378052
YIL062C,YDL076C,0,-0.38295242,0.10095621645450592,0.9891518950462341,0.8944522142410278
YML133C,YHL026C,0,-0.38433945,0.10094605386257172,0.9891518950462341,0.8945523500442505
YML100W,YOR236W,0,-0.38457084,0.10093589872121811,0.9891518950462341,0.8946524858474731
YEL020W-A,YGL126W,0,-0.38564023,0.1009257361292839,0.9891518950462341,0.8947526812553406
YGL115W,YKL099C,0,-0.38608453,0.1009155884385109,0.9891518950462341,0.8948528170585632
YJR073C,YHR009C,0,-0.38784727,0.10090543329715729,0.9891518950462341,0.8949529528617859
YJL026W,YPR155C,0,-0.38879228,0.10089528560638428,0.9891518950462341,0.8950530886650085
YKL048C,YGL116W,0,-0.3897912,0.10088513046503067,0.9891518950462341,0.8951532244682312
YGL189C,YKL155C,0,-0.391098,0.10087499022483826,0.9891518950462341,0.8952533602714539
YPL049C,YKL114C,0,-0.3920107,0.10086484253406525,0.9891518950462341,0.8953534960746765
YIL069C,YKR079C,0,-0.39301145,0.10085470229387283,0.9891518950462341,0.8954536318778992
YOL055C,YOR236W,0,-0.39328602,0.10084456205368042,0.9891518950462341,0.8955537676811218
YHR110W,YFR025C,0,-0.3939557,0.100834421813488,0.9891518950462341,0.8956539034843445
YDR468C,YCL035C,0,-0.3944582,0.10082428902387619,0.9891518950462341,0.8957540392875671
YMR215W,YBR034C,0,-0.39528164,0.10081414878368378,0.9891518950462341,0.8958541750907898
YNL173C,YGL129C,0,-0.39576593,0.10080402344465256,0.9891518950462341,0.8959543108940125
YAL068C,YGL116W,0,-0.39580166,0.10079389065504074,0.9891518950462341,0.8960544466972351
YNL164C,YLR409C,0,-0.39669427,0.10078376531600952,0.9891518950462341,0.8961546421051025
YGR283C,YPL040C,0,-0.39685386,0.1007736325263977,0.9891518950462341,0.8962547779083252
YHR142W,YDR188W,0,-0.39784044,0.10076351463794708,0.9891518950462341,0.8963549137115479
YIL036W,YHR088W,0,-0.39928046,0.10075338929891586,0.9891518950462341,0.8964550495147705
YPL001W,YPR067W,0,-0.40084916,0.10074327141046524,0.9891518950462341,0.8965551853179932
YOL023W,YBR162C,0,-0.40105802,0.10073315352201462,0.9891518950462341,0.8966553211212158
YPR110C,YDR301W,0,-0.40185934,0.100723035633564,0.9891518950462341,0.8967554569244385
YKL054C,YNR037C,0,-0.40276474,0.10071292519569397,0.9891518950462341,0.8968555927276611
YOL020W,YLR426W,0,-0.40321484,0.10070281475782394,0.9891518950462341,0.8969557285308838
YHR120W,YBR248C,0,-0.40324584,0.10069270431995392,0.9891518950462341,0.8970558643341064
YOR002W,YLR411W,0,-0.4035024,0.10068259388208389,0.9891518950462341,0.8971560001373291
YGR103W,YFL025C,0,-0.4036574,0.10067249089479446,0.9891518950462341,0.8972561359405518
YKR093W,YGL027C,0,-0.4041458,0.10066238790750504,0.9891518950462341,0.8973562717437744
YPL179W,YLL014W,0,-0.40550026,0.1006522849202156,0.9891518950462341,0.8974564671516418
YAL028W,YPL221W,0,-0.40677106,0.10064218193292618,0.9891518950462341,0.8975566029548645
YPL126W,YGR211W,0,-0.408828,0.10063208639621735,0.9891518950462341,0.8976567387580872
YNL023C,YDR023W,0,-0.4097949,0.10062199085950851,0.9891518950462341,0.8977568745613098
YDR098C,YGL238W,0,-0.4106363,0.10061189532279968,0.9891518950462341,0.8978570103645325
YKR007W,YEL044W,0,-0.4112733,0.10060180723667145,0.9891518950462341,0.8979571461677551
YER032W,YKL099C,0,-0.411361,0.10059171915054321,0.9891518950462341,0.8980572819709778
YGR138C,YIR031C,0,-0.41732508,0.10058163106441498,0.9891518950462341,0.8981574177742004
YJL179W,YNL247W,0,-0.41812414,0.10057154297828674,0.9891518950462341,0.8982575535774231
YGL126W,YPR180W,0,-0.41814116,0.1005614623427391,0.9891518950462341,0.8983576893806458
YML085C,YNL084C,1,-0.41834134,0.10065162926912308,0.990138053894043,0.8983576893806458
YKL141W,YJL003W,0,-0.41915435,0.10064154118299484,0.990138053894043,0.8984578251838684
YJL162C,YPL198W,0,-0.419504,0.10063145309686661,0.990138053894043,0.8985579609870911
YDR075W,YMR156C,0,-0.42042014,0.10062136501073837,0.990138053894043,0.8986580967903137
YOR045W,YLR277C,0,-0.4205853,0.10061128437519073,0.990138053894043,0.8987582325935364
YOR260W,YLR055C,0,-0.42108983,0.1006012037396431,0.990138053894043,0.8988584280014038
YDR386W,YLR075W,0,-0.42122597,0.10059112310409546,0.990138053894043,0.8989585638046265
YGL005C,YOL061W,0,-0.42145288,0.10058104246854782,0.990138053894043,0.8990586996078491
YLR083C,YOR252W,0,-0.42331284,0.10057096928358078,0.990138053894043,0.8991588354110718
YLR093C,YKR099W,0,-0.42447567,0.10056089609861374,0.990138053894043,0.8992589712142944
YIL052C,YHR142W,0,-0.4252368,0.1005508229136467,0.990138053894043,0.8993591070175171
YER177W,YNL180C,0,-0.42558938,0.10054075717926025,0.990138053894043,0.8994592428207397
YIL098C,YBR015C,0,-0.42585707,0.10053069144487381,0.990138053894043,0.8995593786239624
YNL145W,YJL026W,0,-0.4261694,0.10052062571048737,0.990138053894043,0.8996595144271851
YLL026W,YCR031C,0,-0.42740184,0.10051055997610092,0.990138053894043,0.8997596502304077
YGL189C,YGL058W,0,-0.43101555,0.10050050169229507,0.990138053894043,0.8998597860336304
YDL072C,YPL173W,0,-0.43160018,0.10049044340848923,0.990138053894043,0.899959921836853
YMR230W,YPL010W,0,-0.43178535,0.10048038512468338,0.990138053894043,0.9000600576400757
YBL007C,YNR030W,0,-0.43249232,0.10047032684087753,0.990138053894043,0.9001602530479431
YNL137C,YPL254W,0,-0.43587482,0.10046027600765228,0.990138053894043,0.9002603888511658
YDR075W,YGL093W,0,-0.4378749,0.10045022517442703,0.990138053894043,0.9003605246543884
YOR045W,YDL117W,0,-0.4381516,0.10044017434120178,0.990138053894043,0.9004606604576111
YOR090C,YBL091C,0,-0.43885097,0.10043013095855713,0.990138053894043,0.9005607962608337
YJL180C,YPR086W,0,-0.44063503,0.10042008757591248,0.990138053894043,0.9006609320640564
YLR143W,YOR271C,0,-0.44187516,0.10041004419326782,0.990138053894043,0.900761067867279
YER063W,YDR284C,0,-0.4419704,0.10040000081062317,0.990138053894043,0.9008612036705017
YMR009W,YCR021C,0,-0.44281474,0.10038995742797852,0.990138053894043,0.9009613394737244
YJL026W,YDR234W,0,-0.44298917,0.10037992149591446,0.990138053894043,0.901061475276947
YER056C,YLR347C,0,-0.44305137,0.1003698855638504,0.990138053894043,0.9011616110801697
YDR464W,YNL216W,0,-0.44321477,0.10035985708236694,0.990138053894043,0.9012617468833923
YNL145W,YPR155C,0,-0.443569,0.10034982860088348,0.990138053894043,0.901361882686615
YGR103W,YKL196C,0,-0.44386744,0.10033979266881943,0.990138053894043,0.9014620184898376
YML016C,YGL171W,0,-0.44527298,0.10032977163791656,0.990138053894043,0.9015622138977051
YDR041W,YPR034W,0,-0.44580376,0.1003197431564331,0.990138053894043,0.9016623497009277
YDR464W,YML031W,0,-0.44676787,0.10030972212553024,0.990138053894043,0.9017624855041504
YPR188C,YER149C,0,-0.4478268,0.10029970109462738,0.990138053894043,0.901862621307373
YDR189W,YKR085C,0,-0.44836596,0.10028968006372452,0.990138053894043,0.9019627571105957
YDR412W,YMR074C,0,-0.44953007,0.10027966648340225,0.990138053894043,0.9020628929138184
YER072W,YHR133C,0,-0.45069113,0.10026965290307999,0.990138053894043,0.902163028717041
YER007C-A,YKR079C,0,-0.4534219,0.10025963932275772,0.990138053894043,0.9022631645202637
YBR060C,YIL008W,0,-0.45471856,0.10024962574243546,0.990138053894043,0.9023633003234863
YPR143W,YDL189W,0,-0.4554201,0.10023961961269379,0.990138053894043,0.902463436126709
YGL189C,YBR279W,0,-0.45577842,0.10022960603237152,0.990138053894043,0.9025635719299316
YMR242C,YFR038W,0,-0.4572904,0.10021960735321045,0.990138053894043,0.9026637077331543
YCR016W,YLR413W,0,-0.45891333,0.10020960122346878,0.990138053894043,0.902763843536377
YLR293C,YGR253C,0,-0.45924038,0.10019960254430771,0.990138053894043,0.9028640389442444
YNL190W,YGL093W,0,-0.46015993,0.10018960386514664,0.990138053894043,0.902964174747467
YGL189C,YDR399W,0,-0.4604811,0.10017960518598557,0.990138053894043,0.9030643105506897
YMR261C,YMR105C,0,-0.46098113,0.1001696065068245,0.990138053894043,0.9031644463539124
YOL029C,YOR341W,0,-0.46448228,0.10015961527824402,0.990138053894043,0.903264582157135
YDR412W,YDR165W,0,-0.46485403,0.10014962404966354,0.990138053894043,0.9033647179603577
YPL105C,YPR133C,0,-0.46500137,0.10013964027166367,0.990138053894043,0.9034648537635803
YMR009W,YOR273C,0,-0.46529353,0.10012964904308319,0.990138053894043,0.903564989566803
YIL014W,YLR075W,0,-0.4671051,0.10011966526508331,0.990138053894043,0.9036651253700256
YGR211W,YKL087C,0,-0.46960607,0.10010968148708344,0.990138053894043,0.9037652611732483
YKR085C,YLR323C,0,-0.46981245,0.10009969770908356,0.990138053894043,0.903865396976471
YGR204W,YOR207C,0,-0.47103643,0.10008972138166428,0.990138053894043,0.9039655327796936
YNL038W,YLR017W,0,-0.47116098,0.100079745054245,0.990138053894043,0.9040656685829163
YPR128C,YJL173C,0,-0.47130102,0.10006976872682571,0.990138053894043,0.9041658043861389
YLR196W,YOR330C,0,-0.47399372,0.10005979984998703,0.990138053894043,0.9042659997940063
YPL146C,YHR142W,0,-0.47415447,0.10004982352256775,0.990138053894043,0.904366135597229
YNR032C-A,YNL132W,0,-0.47426718,0.10003985464572906,0.990138053894043,0.9044662714004517
YIL030C,YMR242C,0,-0.47530225,0.10002988576889038,0.990138053894043,0.9045664072036743
YLR293C,YMR110C,0,-0.47599447,0.1000199243426323,0.990138053894043,0.904666543006897
YDR513W,YJL001W,0,-0.47734624,0.1000099629163742,0.990138053894043,0.9047666788101196
YPL169C,YDR395W,0,-0.47821647,0.10000000149011612,0.990138053894043,0.9048668146133423
YDR500C,YLR328W,0,-0.47991028,0.09999004006385803,0.990138053894043,0.9049669504165649
YKR093W,YLR058C,0,-0.48245943,0.09998008608818054,0.990138053894043,0.9050670862197876
YDR471W,YLR323C,0,-0.48326394,0.09997013211250305,0.990138053894043,0.9051672220230103
YBR069C,YJL026W,0,-0.48428404,0.09996017813682556,0.990138053894043,0.9052673578262329
YNL056W,YDR098C,0,-0.48437825,0.09995022416114807,0.990138053894043,0.9053674936294556
YGR235C,YBR034C,0,-0.4851154,0.09994027763605118,0.990138053894043,0.9054676294326782
YGR202C,YLR075W,0,-0.485743,0.09993033111095428,0.990138053894043,0.9055677652359009
YDR100W,YBR149W,0,-0.48713115,0.09992038458585739,0.990138053894043,0.9056679606437683
YDR100W,YPL135W,0,-0.4874944,0.0999104380607605,0.990138053894043,0.905768096446991
YLR426W,YDR045C,0,-0.4877934,0.0999004989862442,0.990138053894043,0.9058682322502136
YLR181C,YKL114C,0,-0.48872572,0.0998905599117279,0.990138053894043,0.9059683680534363
YIL118W,YGL111W,0,-0.48890394,0.09988062083721161,0.990138053894043,0.9060685038566589
YGR181W,YEL024W,0,-0.4909257,0.09987068176269531,0.990138053894043,0.9061686396598816
YKL191W,YMR177W,0,-0.4925605,0.09986075013875961,0.990138053894043,0.9062687754631042
YDR516C,YKL039W,0,-0.49278444,0.09985081851482391,0.990138053894043,0.9063689112663269
YIL052C,YML061C,0,-0.49362314,0.09984089434146881,0.990138053894043,0.9064690470695496
YDR350C,YHR138C,0,-0.49451077,0.09983096271753311,0.990138053894043,0.9065691828727722
YNL132W,YBR060C,0,-0.49580812,0.09982103854417801,0.990138053894043,0.9066693186759949
YGL006W,YDR469W,0,-0.4974102,0.0998111143708229,0.990138053894043,0.9067694544792175
YDR004W,YMR015C,0,-0.49931633,0.0998011901974678,0.990138053894043,0.9068695902824402
YNL294C,YPL022W,1,-0.4996747,0.09989066421985626,0.9911242723464966,0.9068695902824402
YIL043C,YDL012C,0,-0.4997452,0.09988074004650116,0.9911242723464966,0.9069697856903076
YLR060W,YDL102W,0,-0.50125426,0.09987081587314606,0.9911242723464966,0.9070699214935303
YHR110W,YPR131C,0,-0.50175214,0.09986089169979095,0.9911242723464966,0.9071700572967529
YMR230W,YMR225C,0,-0.50221086,0.09985096752643585,0.9911242723464966,0.9072701930999756
YOL096C,YDR234W,0,-0.5035497,0.09984105080366135,0.9911242723464966,0.9073703289031982
YIL096C,YLL021W,0,-0.5040001,0.09983113408088684,0.9911242723464966,0.9074704647064209
YOR002W,YGR266W,0,-0.5064586,0.09982121735811234,0.9911242723464966,0.9075706005096436
YDL091C,YHR133C,0,-0.50697225,0.09981130063533783,0.9911242723464966,0.9076707363128662
YIL008W,YPL063W,0,-0.5081419,0.09980139136314392,0.9911242723464966,0.9077708721160889
YOR319W,YHR090C,0,-0.5091208,0.09979148209095001,0.9911242723464966,0.9078710079193115
YLR085C,YIL052C,0,-0.51002073,0.0997815728187561,0.9911242723464966,0.9079711437225342
YDR516C,YOR004W,0,-0.5154593,0.0997716635465622,0.9911242723464966,0.9080712795257568
YLR194C,YGR083C,0,-0.5157357,0.09976176172494888,0.9911242723464966,0.9081714153289795
YEL006W,YHL006C,0,-0.51616704,0.09975185990333557,0.9911242723464966,0.9082715511322021
YMR237W,YHR138C,0,-0.51695794,0.09974195808172226,0.9911242723464966,0.9083717465400696
YMR059W,YNL065W,0,-0.51815253,0.09973206371068954,0.9911242723464966,0.9084718823432922
YLR426W,YLR466W,0,-0.51848453,0.09972216933965683,0.9911242723464966,0.9085720181465149
YGL246C,YGL061C,0,-0.5210525,0.09971227496862411,0.9911242723464966,0.9086721539497375
YOR002W,YDL018C,0,-0.52221036,0.0997023805975914,0.9911242723464966,0.9087722897529602
YLR328W,YGL049C,0,-0.5222813,0.09969249367713928,0.9911242723464966,0.9088724255561829
YLR075W,YMR125W,0,-0.5224434,0.09968259930610657,0.9911242723464966,0.9089725613594055
YML067C,YKR085C,0,-0.52345073,0.09967271983623505,0.9911242723464966,0.9090726971626282
YDR471W,YDR381W,0,-0.52475774,0.09966283291578293,0.9911242723464966,0.9091728329658508
YNL038W,YGL078C,0,-0.5251967,0.09965295344591141,0.9911242723464966,0.9092729687690735
YMR215W,YDL012C,0,-0.52537644,0.09964306652545929,0.9911242723464966,0.9093731045722961
YDR361C,YOR258W,0,-0.5279007,0.09963319450616837,0.9911242723464966,0.9094732403755188
YPL133C,YOR004W,0,-0.53016,0.09962331503629684,0.9911242723464966,0.9095733761787415
YDR189W,YOR271C,0,-0.53073335,0.09961344301700592,0.9911242723464966,0.9096735715866089
YDR145W,YMR274C,0,-0.5323158,0.099603570997715,0.9911242723464966,0.9097737073898315
YOR191W,YEL001C,0,-0.5338713,0.09959369897842407,0.9911242723464966,0.9098738431930542
YOL144W,YML059C,0,-0.5342311,0.09958382695913315,0.9911242723464966,0.9099739789962769
YKL138C,YNL288W,0,-0.5343561,0.09957396239042282,0.9911242723464966,0.9100741147994995
YFR031C-A,YLR328W,0,-0.5360407,0.0995640978217125,0.9911242723464966,0.9101742506027222
YDR516C,YBR107C,1,-0.5369132,0.09965329617261887,0.9921104311943054,0.9101742506027222
YDR129C,YNR037C,0,-0.53783435,0.09964342415332794,0.9921104311943054,0.9102743864059448
YBR089C-A,YIL123W,0,-0.5402423,0.09963355213403702,0.9921104311943054,0.9103745222091675
YNR048W,YER127W,0,-0.540363,0.09962368756532669,0.9921104311943054,0.9104746580123901
YDR361C,YGR004W,0,-0.5405945,0.09961382299661636,0.9921104311943054,0.9105747938156128
YKL196C,YMR125W,0,-0.54078066,0.09960395842790604,0.9921104311943054,0.9106749296188354
YJL167W,YNL111C,0,-0.5440369,0.0995941013097763,0.9921104311943054,0.9107750654220581
YOR136W,YGL053W,0,-0.546226,0.09958424419164658,0.9921104311943054,0.9108752012252808
YDR111C,YGL139W,0,-0.54822063,0.09957438707351685,0.9921104311943054,0.9109753370285034
YHR088W,YHR090C,0,-0.5482451,0.09956452995538712,0.9921104311943054,0.9110755324363708
YOL144W,YLR052W,0,-0.5485265,0.09955467283725739,0.9921104311943054,0.9111756682395935
YKL026C,YOL052C-A,0,-0.54853964,0.09954482316970825,0.9921104311943054,0.9112758040428162
YOR273C,YMR195W,0,-0.5499033,0.09953497350215912,0.9921104311943054,0.9113759398460388
YGR254W,YDL076C,0,-0.5499161,0.09952513128519058,0.9921104311943054,0.9114760756492615
YIL075C,YPR133C,0,-0.55106956,0.09951528161764145,0.9921104311943054,0.9115762114524841
YKR049C,YHL035C,0,-0.5519615,0.09950543940067291,0.9921104311943054,0.9116763472557068
YKL060C,YBR121C,0,-0.55212545,0.09949559718370438,0.9921104311943054,0.9117764830589294
YBL087C,YPR046W,0,-0.5530411,0.09948576241731644,0.9921104311943054,0.9118766188621521
YDR204W,YOR086C,0,-0.55336297,0.0994759202003479,0.9921104311943054,0.9119767546653748
YDR059C,YHL027W,1,-0.55451226,0.09956496208906174,0.993096649646759,0.9119767546653748
YNL056W,YLR432W,0,-0.555297,0.0995551198720932,0.993096649646759,0.9120768904685974
YBR254C,YKL032C,0,-0.55566883,0.09954527765512466,0.993096649646759,0.9121770262718201
YMR048W,YLR052W,0,-0.55620885,0.09953543543815613,0.993096649646759,0.9122771620750427
YLL066C,YAL056W,0,-0.55846584,0.09952560067176819,0.993096649646759,0.9123773574829102
YLR293C,YFR040W,0,-0.5590099,0.09951576590538025,0.993096649646759,0.9124774932861328
YBR254C,YGR296W,0,-0.5629624,0.09950593113899231,0.993096649646759,0.9125776290893555
YKL063C,YIL130W,0,-0.5632459,0.09949609637260437,0.993096649646759,0.9126777648925781
YOL023W,YLR060W,0,-0.5635053,0.09948626905679703,0.993096649646759,0.9127779006958008
YDR045C,YLR328W,0,-0.5661829,0.09947644174098969,0.993096649646759,0.9128780364990234
YHR197W,YER127W,0,-0.5701422,0.09946661442518234,0.993096649646759,0.9129781723022461
YKL077W,YOR271C,0,-0.57132417,0.099456787109375,0.993096649646759,0.9130783081054688
YGR193C,YKL087C,0,-0.5715684,0.09944696724414825,0.993096649646759,0.9131784439086914
YGL070C,YML082W,0,-0.57198846,0.09943714737892151,0.993096649646759,0.9132785797119141
YLL026W,YLR193C,0,-0.57551605,0.09942732751369476,0.993096649646759,0.9133787155151367
YOR260W,YLR292C,0,-0.57700634,0.09941751509904861,0.993096649646759,0.9134788513183594
YDL189W,YKL155C,0,-0.5774594,0.09940770268440247,0.993096649646759,0.913578987121582
YMR175W,YKL150W,0,-0.5779176,0.09939789026975632,0.993096649646759,0.9136791229248047
YKR078W,YML031W,0,-0.5780435,0.09938807785511017,0.993096649646759,0.9137793183326721
YMR059W,YDR092W,0,-0.5782628,0.09937826544046402,0.993096649646759,0.9138794541358948
YMR243C,YKL005C,0,-0.581653,0.09936846047639847,0.993096649646759,0.9139795899391174
YNL286W,YNL317W,0,-0.5828893,0.09935865551233292,0.993096649646759,0.9140797257423401
YJL098W,YNL068C,0,-0.5844812,0.09934885799884796,0.993096649646759,0.9141798615455627
YKL029C,YLR384C,0,-0.58491415,0.09933905303478241,0.993096649646759,0.9142799973487854
YLR284C,YKL087C,0,-0.585691,0.09932925552129745,0.993096649646759,0.9143801331520081
YOR247W,YLR056W,0,-0.5867266,0.0993194580078125,0.993096649646759,0.9144802689552307
YGR254W,YPL117C,0,-0.58946383,0.09930966794490814,0.993096649646759,0.9145804047584534
YML133C,YLR411W,0,-0.5897769,0.09929987043142319,0.993096649646759,0.914680540561676
YLR194C,YHL025W,0,-0.58998996,0.09929008036851883,0.993096649646759,0.9147806763648987
YDR280W,YHR033W,0,-0.5902877,0.09928029030561447,0.993096649646759,0.9148808121681213
YFR024C-A,YKL087C,0,-0.59079045,0.09927050769329071,0.993096649646759,0.914980947971344
YML100W,YOR227W,0,-0.59482616,0.09926071763038635,0.993096649646759,0.9150810837745667
YDR381W,YPL145C,0,-0.59540063,0.09925093501806259,0.993096649646759,0.9151812791824341
YBR107C,YPR199C,0,-0.5975195,0.09924115240573883,0.993096649646759,0.9152814149856567
YGR024C,YML081W,0,-0.5975642,0.09923137724399567,0.993096649646759,0.9153815507888794
YML098W,YKL129C,0,-0.6009049,0.0992215946316719,0.993096649646759,0.915481686592102
YIL098C,YPR067W,0,-0.6009121,0.09921181946992874,0.993096649646759,0.9155818223953247
YDR276C,YBR191W,0,-0.60108155,0.09920205175876617,0.993096649646759,0.9156819581985474
YDR367W,YGL231C,0,-0.60162675,0.09919227659702301,0.993096649646759,0.91578209400177
YOR273C,YEL024W,0,-0.6036124,0.09918250888586044,0.993096649646759,0.9158822298049927
YER102W,YLR413W,0,-0.60476923,0.09917274117469788,0.993096649646759,0.9159823656082153
YGL171W,YMR125W,0,-0.6058705,0.09916297346353531,0.993096649646759,0.916082501411438
YPL120W,YDR190C,0,-0.60807776,0.09915321320295334,0.993096649646759,0.9161826372146606
YBL072C,YJL208C,0,-0.6083791,0.09914344549179077,0.993096649646759,0.9162827730178833
YPL043W,YHR080C,0,-0.60852337,0.0991336852312088,0.993096649646759,0.916382908821106
YDR127W,YGL092W,0,-0.60906214,0.09912393242120743,0.993096649646759,0.9164831042289734
YDR212W,YPL075W,0,-0.6110356,0.09911417216062546,0.993096649646759,0.916583240032196
YHR165C,YMR242C,0,-0.61139137,0.09910441935062408,0.993096649646759,0.9166833758354187
YBR078W,YIL011W,0,-0.61156934,0.09909466654062271,0.993096649646759,0.9167835116386414
YHR024C,YLR220W,0,-0.6120329,0.09908491373062134,0.993096649646759,0.916883647441864
YJR131W,YML055W,0,-0.6146241,0.09907516837120056,0.993096649646759,0.9169837832450867
YGR005C,YMR183C,0,-0.6154656,0.09906542301177979,0.993096649646759,0.9170839190483093
YNL038W,YPR141C,0,-0.6166675,0.09905567765235901,0.993096649646759,0.917184054851532
YBR153W,YGR057C,0,-0.61691946,0.09904593229293823,0.993096649646759,0.9172841906547546
YNL167C,YGL076C,0,-0.6183094,0.09903619438409805,0.993096649646759,0.9173843264579773
YGL085W,YDR087C,0,-0.62017393,0.09902645647525787,0.993096649646759,0.9174844622612
YPL239W,YKL032C,0,-0.622926,0.0990167185664177,0.993096649646759,0.9175845980644226
YBR189W,YDR188W,0,-0.624591,0.09900698065757751,0.993096649646759,0.9176847338676453
YPR133C,YLR055C,0,-0.62461793,0.09899725019931793,0.993096649646759,0.9177848696708679
YPL126W,YGL107C,0,-0.6256639,0.09898751229047775,0.993096649646759,0.9178850650787354
YML107C,YHL025W,0,-0.62614954,0.09897778928279877,0.993096649646759,0.917985200881958
YLR293C,YBR034C,0,-0.626477,0.09896805882453918,0.993096649646759,0.9180853366851807
YBL038W,YDR303C,0,-0.62708676,0.0989583358168602,0.993096649646759,0.9181854724884033
YMR318C,YDR471W,0,-0.6274494,0.09894861280918121,0.993096649646759,0.918285608291626
YIL019W,YHL031C,0,-0.6276953,0.09893888980150223,0.993096649646759,0.9183857440948486
YLR390W-A,YJR052W,0,-0.6285111,0.09892916679382324,0.993096649646759,0.9184858798980713
YOR027W,YOR004W,0,-0.6285377,0.09891945123672485,0.993096649646759,0.918586015701294
YHR110W,YOR157C,0,-0.63174736,0.09890973567962646,0.993096649646759,0.9186861515045166
YAL019W,YJL069C,0,-0.6317563,0.09890002012252808,0.993096649646759,0.9187862873077393
YDR516C,YMR072W,0,-0.63541424,0.09889030456542969,0.993096649646759,0.9188864231109619
YKL138C,YMR237W,0,-0.63646376,0.0988805964589119,0.993096649646759,0.9189865589141846
YBL038W,YDL223C,0,-0.63809025,0.0988708883523941,0.993096649646759,0.9190866947174072
YML096W,YDR087C,0,-0.63837403,0.09886118024587631,0.993096649646759,0.9191868901252747
YGR178C,YGR245C,0,-0.6386096,0.09885147958993912,0.993096649646759,0.9192870259284973
YJL012C,YGR211W,0,-0.6391207,0.09884177148342133,0.993096649646759,0.91938716173172
YOR319W,YPL040C,0,-0.64088047,0.09883207082748413,0.993096649646759,0.9194872975349426
YER005W,YOL052C-A,0,-0.6421845,0.09882237762212753,0.993096649646759,0.9195874333381653
YLL024C,YBR121C,0,-0.64219224,0.09881267696619034,0.993096649646759,0.9196875691413879
YLR085C,YLR328W,0,-0.6426115,0.09880298376083374,0.993096649646759,0.9197877049446106
YPL203W,YGL219C,0,-0.64292467,0.09879329055547714,0.993096649646759,0.9198878407478333
YJR123W,YOR157C,0,-0.6439031,0.09878359735012054,0.993096649646759,0.9199879765510559
YLR239C,YIL022W,0,-0.6439915,0.09877391159534454,0.993096649646759,0.9200881123542786
YOR260W,YPL010W,0,-0.6445252,0.09876421838998795,0.993096649646759,0.9201882481575012
YDR367W,YGL085W,0,-0.64488137,0.09875453263521194,0.993096649646759,0.9202883839607239
YDR098C,YOR119C,0,-0.64700973,0.09874485433101654,0.993096649646759,0.9203885197639465
YLR167W,YLR288C,0,-0.6486753,0.09873516857624054,0.993096649646759,0.9204886555671692
YIL009W,YBR060C,0,-0.64870816,0.09872549027204514,0.993096649646759,0.9205888509750366
YHR148W,YOL051W,0,-0.6500095,0.09871581196784973,0.993096649646759,0.9206889867782593
YLL067C,YER032W,0,-0.650745,0.09870613366365433,0.993096649646759,0.9207891225814819
YLR193C,YOR136W,0,-0.6508692,0.09869646281003952,0.993096649646759,0.9208892583847046
YJR042W,YOR001W,0,-0.6514137,0.09868679195642471,0.993096649646759,0.9209893941879272
YLR442C,YDR150W,0,-0.6516061,0.0986771211028099,0.993096649646759,0.9210895299911499
YNL263C,YOR253W,0,-0.65162563,0.0986674502491951,0.993096649646759,0.9211896657943726
YDR435C,YBR023C,0,-0.6532665,0.09865778684616089,0.993096649646759,0.9212898015975952
YHR149C,YKL081W,0,-0.6533561,0.09864811599254608,0.993096649646759,0.9213899374008179
YDR375C,YPL234C,0,-0.6537355,0.09863845258951187,0.993096649646759,0.9214900732040405
YMR055C,YPR100W,0,-0.6544339,0.09862879663705826,0.993096649646759,0.9215902090072632
YOR002W,YNR053C,0,-0.6546525,0.09861913323402405,0.993096649646759,0.9216903448104858
YJR123W,YGL144C,0,-0.65468705,0.09860947728157043,0.993096649646759,0.9217904806137085
YDR235W,YPL010W,0,-0.6569439,0.09859982132911682,0.993096649646759,0.9218906760215759
YEL051W,YPL178W,0,-0.65836537,0.0985901728272438,0.993096649646759,0.9219908118247986
YNR024W,YDL117W,0,-0.6587212,0.09858051687479019,0.993096649646759,0.9220909476280212
YKL141W,YOR252W,0,-0.66052234,0.09857086837291718,0.993096649646759,0.9221910834312439
YHR154W,YLR060W,0,-0.66404545,0.09856121987104416,0.993096649646759,0.9222912192344666
YIL064W,YPR143W,0,-0.6641817,0.09855157881975174,0.993096649646759,0.9223913550376892
YML004C,YJR118C,0,-0.66451466,0.09854193031787872,0.993096649646759,0.9224914908409119
YLR367W,YPR155C,0,-0.66472274,0.0985322892665863,0.993096649646759,0.9225916266441345
YOR157C,YNR033W,0,-0.6650921,0.09852264821529388,0.993096649646759,0.9226917624473572
YPL198W,YOR079C,0,-0.66579807,0.09851301461458206,0.993096649646759,0.9227918982505798
YJL012C,YGR260W,0,-0.6663137,0.09850337356328964,0.993096649646759,0.9228920340538025
YGL246C,YER176W,0,-0.66640216,0.09849373996257782,0.993096649646759,0.9229921698570251
YGR161C,YOR078W,0,-0.6665711,0.098484106361866,0.993096649646759,0.9230923056602478
YNL233W,YLR200W,0,-0.6669625,0.09847448021173477,0.993096649646759,0.9231924414634705
YFL025C,YAL068C,0,-0.66696537,0.09846484661102295,0.993096649646759,0.9232926368713379
YFR034C,YFR030W,0,-0.6677496,0.09845522046089172,0.993096649646759,0.9233927726745605
YDL081C,YHR190W,0,-0.66846085,0.0984455943107605,0.993096649646759,0.9234929084777832
YBL035C,YLR249W,0,-0.66900706,0.09843597561120987,0.993096649646759,0.9235930442810059
YIL030C,YLR363C,0,-0.6695482,0.09842634946107864,0.993096649646759,0.9236931800842285
YDR188W,YML102W,0,-0.6711102,0.09841673076152802,0.993096649646759,0.9237933158874512
YOR049C,YGR094W,0,-0.6715448,0.09840711206197739,0.993096649646759,0.9238934516906738
YGR181W,YDR091C,0,-0.673005,0.09839750081300735,0.993096649646759,0.9239935874938965
YPL239W,YDR292C,0,-0.6731698,0.09838788211345673,0.993096649646759,0.9240937232971191
YOR172W,YDR190C,0,-0.67686534,0.0983782708644867,0.993096649646759,0.9241938591003418
YIL068C,YGR030C,0,-0.6769738,0.09836865961551666,0.993096649646759,0.9242939949035645
YDR280W,YMR002W,0,-0.6775273,0.09835905581712723,0.993096649646759,0.9243941307067871
YLR194C,YGL111W,0,-0.6787103,0.0983494445681572,0.993096649646759,0.9244942665100098
YOR087W,YLL053C,0,-0.6787647,0.09833984076976776,0.993096649646759,0.9245944619178772
YGL070C,YMR226C,0,-0.6788089,0.09833024442195892,0.993096649646759,0.9246945977210999
YGR283C,YFR038W,0,-0.67917997,0.09832064062356949,0.993096649646759,0.9247947335243225
YDR165W,YNR052C,0,-0.6801641,0.09831104427576065,0.993096649646759,0.9248948693275452
YHL031C,YBR121C,0,-0.6808927,0.09830144792795181,0.993096649646759,0.9249950051307678
YML011C,YLR292C,0,-0.681939,0.09829185158014297,0.993096649646759,0.9250951409339905
YDR377W,YDL145C,0,-0.6821388,0.09828225523233414,0.993096649646759,0.9251952767372131
YDR343C,YDR303C,0,-0.682804,0.0982726663351059,0.993096649646759,0.9252954125404358
YNL317W,YPL173W,0,-0.6839473,0.09826307743787766,0.993096649646759,0.9253955483436584
YBR279W,YBR109C,0,-0.6845465,0.09825348854064941,0.993096649646759,0.9254956841468811
YGL196W,YDR100W,0,-0.68527704,0.09824389964342117,0.993096649646759,0.9255958199501038
YBL038W,YOR019W,0,-0.6861464,0.09823431819677353,0.993096649646759,0.9256959557533264
YGR235C,YDR500C,0,-0.6862317,0.09822473675012589,0.993096649646759,0.9257960915565491
YLL048C,YHR165C,0,-0.68829566,0.09821515530347824,0.993096649646759,0.9258962273597717
YLR017W,YJL001W,0,-0.68846023,0.0982055813074112,0.993096649646759,0.9259964227676392
YIL069C,YGR224W,0,-0.691124,0.09819599986076355,0.993096649646759,0.9260965585708618
YNL056W,YHR111W,0,-0.6924106,0.0981864258646965,0.993096649646759,0.9261966943740845
YCL051W,YJR123W,0,-0.6936575,0.09817685186862946,0.993096649646759,0.9262968301773071
YGR120C,YPR046W,0,-0.6946695,0.098167285323143,0.993096649646759,0.9263969659805298
YML011C,YML061C,0,-0.69582874,0.09815771877765656,0.993096649646759,0.9264971017837524
YER142C,YGL219C,0,-0.69843286,0.09814814478158951,0.993096649646759,0.9265972375869751
YLL024C,YDR469W,0,-0.69885266,0.09813858568668365,0.993096649646759,0.9266973733901978
YEL020W-A,YHR170W,0,-0.69887537,0.0981290191411972,0.993096649646759,0.9267975091934204
YLR044C,YGR083C,0,-0.69995296,0.09811946004629135,0.993096649646759,0.9268976449966431
YPL198W,YCL067C,0,-0.7006191,0.0981099009513855,0.993096649646759,0.9269977807998657
YBL087C,YOR372C,0,-0.7014408,0.09810034185647964,0.993096649646759,0.9270979166030884
YDR345C,YEL027W,0,-0.70237577,0.09809078276157379,0.993096649646759,0.927198052406311
YDR303C,YBR121C,0,-0.7027092,0.09808123111724854,0.993096649646759,0.9272981882095337
YPL215W,YOR065W,0,-0.703141,0.09807167947292328,0.993096649646759,0.9273983836174011
YPL013C,YOR079C,0,-0.7067109,0.09806212782859802,0.993096649646759,0.9274985194206238
YGR083C,YIL123W,0,-0.7102439,0.09805258363485336,0.993096649646759,0.9275986552238464
YBR248C,YDR301W,0,-0.71097773,0.0980430319905281,0.993096649646759,0.9276987910270691
YPR100W,YKL192C,0,-0.71186715,0.09803348779678345,0.993096649646759,0.9277989268302917
YKL033W,YBR146W,0,-0.71323913,0.09802394360303879,0.993096649646759,0.9278990626335144
YKL191W,YLR056W,0,-0.7133841,0.09801440685987473,0.993096649646759,0.9279991984367371
YIL130W,YNL065W,0,-0.7136389,0.09800486266613007,0.993096649646759,0.9280993342399597
YBR107C,YDL135C,0,-0.71444786,0.097995325922966,0.993096649646759,0.9281994700431824
YDR217C,YOR048C,0,-0.7163615,0.09798579663038254,0.993096649646759,0.928299605846405
YKL032C,YJL208C,0,-0.7172394,0.09797625988721848,0.993096649646759,0.9283997416496277
YLL026W,YER072W,0,-0.7184095,0.09796673059463501,0.993096649646759,0.9284998774528503
YOL098C,YOR103C,0,-0.72189045,0.09795720130205154,0.993096649646759,0.928600013256073
YJL069C,YJL208C,0,-0.72488904,0.09794767200946808,0.993096649646759,0.9287002086639404
YLR007W,YAL068C,0,-0.7274596,0.09793814271688461,0.993096649646759,0.9288003444671631
YBR181C,YKL099C,0,-0.7303766,0.09792862087488174,0.993096649646759,0.9289004802703857
YPL105C,YOR001W,0,-0.73175484,0.09791909903287888,0.993096649646759,0.9290006160736084
YOR004W,YKL077W,0,-0.73207575,0.09790957719087601,0.993096649646759,0.929100751876831
YBR112C,YBR121C,0,-0.7342528,0.09790005534887314,0.993096649646759,0.9292008876800537
YDR397C,YMR125W,0,-0.73458946,0.09789054095745087,0.993096649646759,0.9293010234832764
YFL026W,YKL087C,0,-0.73500764,0.0978810265660286,0.993096649646759,0.929401159286499
YPL141C,YDR500C,0,-0.73583966,0.09787151217460632,0.993096649646759,0.9295012950897217
YJL174W,YLR039C,0,-0.73601043,0.09786200523376465,0.993096649646759,0.9296014308929443
YGL025C,YOR004W,0,-0.7364397,0.09785249084234238,0.993096649646759,0.929701566696167
YJL012C,YBL087C,0,-0.7376156,0.0978429839015007,0.993096649646759,0.9298017024993896
YBR191W,YNR053C,0,-0.7377714,0.09783347696065903,0.993096649646759,0.9299018383026123
YDR091C,YNL055C,0,-0.7380003,0.09782397747039795,0.993096649646759,0.930001974105835
YBR153W,YBR043C,0,-0.73893136,0.09781447052955627,0.993096649646759,0.9301021695137024
YJL094C,YHR201C,0,-0.7395234,0.0978049710392952,0.993096649646759,0.930202305316925
YBR248C,YIL005W,0,-0.73990804,0.09779547154903412,0.993096649646759,0.9303024411201477
YDR259C,YNL111C,0,-0.74099493,0.09778597950935364,0.993096649646759,0.9304025769233704
YDR127W,YLR367W,0,-0.7412698,0.09777648001909256,0.993096649646759,0.930502712726593
YDR280W,YLR023C,0,-0.74477696,0.09776698797941208,0.993096649646759,0.9306028485298157
YHR114W,YBL005W,0,-0.74574876,0.0977574959397316,0.993096649646759,0.9307029843330383
YIL022W,YIL038C,0,-0.74909914,0.09774801135063171,0.993096649646759,0.930803120136261
YGL058W,YMR225C,0,-0.75058424,0.09773851931095123,0.993096649646759,0.9309032559394836
YKL141W,YBR060C,0,-0.7514704,0.09772903472185135,0.993096649646759,0.9310033917427063
YLR223C,YJR131W,0,-0.75206846,0.09771955013275146,0.993096649646759,0.931103527545929
YIL053W,YER060W,0,-0.75297105,0.09771007299423218,0.993096649646759,0.9312036633491516
YML081W,YMR125W,0,-0.7550177,0.0977005884051323,0.993096649646759,0.9313037991523743
YNR052C,YML055W,0,-0.7597594,0.097691111266613,0.993096649646759,0.9314039945602417
YLR293C,YLR044C,0,-0.7608531,0.09768163412809372,0.993096649646759,0.9315041303634644
YJL078C,YOR236W,0,-0.7638885,0.09767216444015503,0.993096649646759,0.931604266166687
YHR088W,YIL038C,0,-0.764192,0.09766268730163574,0.993096649646759,0.9317044019699097
YOL012C,YLR058C,0,-0.7663691,0.09765321761369705,0.993096649646759,0.9318045377731323
YNL132W,YBR146W,0,-0.76830995,0.09764374792575836,0.993096649646759,0.931904673576355
YGL016W,YNL065W,0,-0.7690643,0.09763428568840027,0.993096649646759,0.9320048093795776
YBL087C,YLR055C,0,-0.76925904,0.09762481600046158,0.993096649646759,0.9321049451828003
YJL094C,YDR190C,0,-0.7706367,0.09761535376310349,0.993096649646759,0.932205080986023
YPR010C,YML082W,0,-0.7730081,0.09760589152574539,0.993096649646759,0.9323052167892456
YPR110C,YGL115W,0,-0.7761192,0.0975964367389679,0.993096649646759,0.9324053525924683
YMR072W,YGL053W,0,-0.77634597,0.0975869745016098,0.993096649646759,0.9325054883956909
YER062C,YNL045W,0,-0.7765543,0.0975775197148323,0.993096649646759,0.9326056241989136
YML120C,YJL180C,0,-0.77932775,0.09756806492805481,0.993096649646759,0.9327057600021362
YBR069C,YOR272W,0,-0.7802013,0.09755861014127731,0.993096649646759,0.9328059554100037
YKL069W,YPL176C,0,-0.78074914,0.09754916280508041,0.993096649646759,0.9329060912132263
YKL029C,YGL129C,0,-0.7808405,0.09753971546888351,0.993096649646759,0.933006227016449
YGL231C,YER127W,0,-0.78270507,0.09753026813268661,0.993096649646759,0.9331063628196716
YOR258W,YDR025W,0,-0.7829039,0.09752082079648972,0.993096649646759,0.9332064986228943
YJL183W,YDL134C,0,-0.7829771,0.09751138091087341,0.993096649646759,0.9333066344261169
YPR034W,YJL208C,0,-0.783981,0.09750193357467651,0.993096649646759,0.9334067702293396
YNR038W,YPL179W,0,-0.7847113,0.09749249368906021,0.993096649646759,0.9335069060325623
YPR173C,YGL076C,0,-0.78487176,0.0974830612540245,0.993096649646759,0.9336070418357849
YJR123W,YHR090C,0,-0.78495723,0.0974736213684082,0.993096649646759,0.9337071776390076
YLR239C,YLR249W,0,-0.7877761,0.0974641889333725,0.993096649646759,0.9338073134422302
YMR286W,YLR052W,0,-0.78843665,0.09745475649833679,0.993096649646759,0.9339074492454529
YJL174W,YHR005C,0,-0.7885843,0.09744532406330109,0.993096649646759,0.9340075850486755
YOR252W,YKL040C,0,-0.7887616,0.09743589907884598,0.993096649646759,0.934107780456543
YER072W,YIL130W,0,-0.791101,0.09742647409439087,0.993096649646759,0.9342079162597656
YJL174W,YPL178W,0,-0.79300153,0.09741704910993576,0.993096649646759,0.9343080520629883
YIR026C,YNR037C,0,-0.7934184,0.09740762412548065,0.993096649646759,0.9344081878662109
YBR189W,YOR026W,0,-0.79432464,0.09739819914102554,0.993096649646759,0.9345083236694336
YDR098C,YOL029C,0,-0.79545486,0.09738878160715103,0.993096649646759,0.9346084594726562
YPR155C,YMR002W,0,-0.7955296,0.09737936407327652,0.993096649646759,0.9347085952758789
YML023C,YMR074C,0,-0.7975172,0.09736994653940201,0.993096649646759,0.9348087310791016
YCR031C,YNL216W,0,-0.79760146,0.0973605364561081,0.993096649646759,0.9349088668823242
YDR469W,YBR193C,0,-0.7989037,0.09735111892223358,0.993096649646759,0.9350090026855469
YML086C,YDR165W,0,-0.80138737,0.09734170883893967,0.993096649646759,0.9351091384887695
YDR039C,YLR175W,0,-0.80175376,0.09733229875564575,0.993096649646759,0.9352092742919922
YMR059W,YKR085C,0,-0.8030155,0.09732289612293243,0.993096649646759,0.9353094100952148
YBR248C,YBR295W,0,-0.8035159,0.09731349349021912,0.993096649646759,0.9354095458984375
YKL080W,YGL238W,0,-0.8067111,0.0973040908575058,0.993096649646759,0.9355097413063049
YHR169W,YIL018W,0,-0.8076929,0.09729468822479248,0.993096649646759,0.9356098771095276
YDL189W,YNL081C,0,-0.81030035,0.09728528559207916,0.993096649646759,0.9357100129127502
YBR218C,YDR045C,0,-0.8119714,0.09727589040994644,0.993096649646759,0.9358101487159729
YDL081C,YDL124W,0,-0.8122446,0.09726649522781372,0.993096649646759,0.9359102845191956
YDR189W,YPL013C,0,-0.8139159,0.097257100045681,0.993096649646759,0.9360104203224182
YDR129C,YOL023W,0,-0.8151284,0.09724770486354828,0.993096649646759,0.9361105561256409
YFR047C,YCL001W,0,-0.8179488,0.09723831713199615,0.993096649646759,0.9362106919288635
YGL243W,YOR254C,0,-0.8184882,0.09722892940044403,0.993096649646759,0.9363108277320862
YMR110C,YHR202W,0,-0.81850624,0.0972195416688919,0.993096649646759,0.9364109635353088
YMR153W,YJL001W,0,-0.81921875,0.09721015393733978,0.993096649646759,0.9365110993385315
YPL013C,YMR242C,0,-0.81973535,0.09720077365636826,0.993096649646759,0.9366112351417542
YBR218C,YBR248C,0,-0.8218646,0.09719139337539673,0.993096649646759,0.9367113709449768
YLR083C,YDR301W,0,-0.82235193,0.0971820130944252,0.993096649646759,0.9368115067481995
YGL070C,YLR323C,0,-0.82389784,0.09717263281345367,0.993096649646759,0.9369117021560669
YGL116W,YIR026C,0,-0.82564354,0.09716325998306274,0.993096649646759,0.9370118379592896
YML067C,YLR061W,0,-0.82678133,0.09715387970209122,0.993096649646759,0.9371119737625122
YLR413W,YIL130W,0,-0.82738066,0.09714451432228088,0.993096649646759,0.9372121095657349
YIL022W,YBR069C,0,-0.828714,0.09713514149188995,0.993096649646759,0.9373122453689575
YPL146C,YOR357C,0,-0.83068955,0.09712576866149902,0.993096649646759,0.9374123811721802
YNL038W,YDR292C,0,-0.8306966,0.09711640328168869,0.993096649646759,0.9375125169754028
YML059C,YJR131W,0,-0.83121127,0.09710703790187836,0.993096649646759,0.9376126527786255
YOL023W,YLR056W,0,-0.8316169,0.09709767252206802,0.993096649646759,0.9377127885818481
YNL221C,YJR123W,0,-0.8316917,0.09708831459283829,0.993096649646759,0.9378129243850708
YKL006C-A,YLR060W,0,-0.8329958,0.09707895666360855,0.993096649646759,0.9379130601882935
YPL146C,YGR094W,0,-0.8331877,0.09706959873437881,0.993096649646759,0.9380131959915161
YHR148W,YPL193W,0,-0.83388853,0.09706024080514908,0.993096649646759,0.9381133317947388
YJL167W,YJL180C,0,-0.8340223,0.09705089032649994,0.993096649646759,0.9382135272026062
YHR039C,YGL213C,1,-0.8354126,0.09713789820671082,0.9940828680992126,0.9382135272026062
YBR119W,YPL198W,0,-0.83575207,0.09712854027748108,0.9940828680992126,0.9383136630058289
YDR025W,YER060W,0,-0.8370491,0.09711918234825134,0.9940828680992126,0.9384137988090515
YKL194C,YLR220W,0,-0.83724856,0.0971098244190216,0.9940828680992126,0.9385139346122742
YBR078W,YNR038W,0,-0.8379797,0.09710047394037247,0.9940828680992126,0.9386140704154968
YFR047C,YNR037C,0,-0.83921844,0.09709111601114273,0.9940828680992126,0.9387142062187195
YMR230W,YDL117W,0,-0.84130657,0.09708176553249359,0.9940828680992126,0.9388143420219421
YMR001C,YGR083C,0,-0.842677,0.09707242250442505,0.9940828680992126,0.9389144778251648
YPR173C,YER102W,0,-0.84270823,0.09706307202577591,0.9940828680992126,0.9390146136283875
YDL235C,YFL049W,0,-0.84307003,0.09705372899770737,0.9940828680992126,0.9391147494316101
YGL189C,YPL145C,0,-0.8444659,0.09704438596963882,0.9940828680992126,0.9392148852348328
YPR097W,YPL235W,0,-0.8457173,0.09703504294157028,0.9940828680992126,0.9393150210380554
YMR274C,YMR091C,0,-0.8472378,0.09702569991350174,0.9940828680992126,0.9394151568412781
YLL066C,YDR234W,0,-0.84918106,0.0970163643360138,0.9940828680992126,0.9395152926445007
YNL023C,YDR190C,0,-0.84938985,0.09700702875852585,0.9940828680992126,0.9396154880523682
YKL033W,YDR471W,0,-0.8496942,0.0969976931810379,0.9940828680992126,0.9397156238555908
YEL020W-A,YKR088C,0,-0.85000277,0.09698835760354996,0.9940828680992126,0.9398157596588135
YLL018C,YLL014W,0,-0.8574203,0.09697902947664261,0.9940828680992126,0.9399158954620361
YLR052W,YKL099C,0,-0.8597047,0.09696969389915466,0.9940828680992126,0.9400160312652588
YHR119W,YOR229W,1,-0.8598746,0.0970565602183342,0.9950690269470215,0.9400160312652588
YIL022W,YDR528W,0,-0.86321867,0.09704722464084625,0.9950690269470215,0.9401161670684814
YER072W,YDR007W,0,-0.86548555,0.0970378890633583,0.9950690269470215,0.9402163028717041
YIL052C,YHR113W,0,-0.86548865,0.09702856093645096,0.9950690269470215,0.9403164386749268
YHR201C,YOR103C,0,-0.8658391,0.09701923280954361,0.9950690269470215,0.9404165744781494
YGL076C,YKR007W,0,-0.868192,0.09700990468263626,0.9950690269470215,0.9405167102813721
YKL194C,YMR055C,0,-0.86839724,0.09700057655572891,0.9950690269470215,0.9406168460845947
YGR235C,YJL180C,0,-0.86876225,0.09699125587940216,0.9950690269470215,0.9407169818878174
YLR056W,YNR053C,0,-0.87347376,0.09698192775249481,0.9950690269470215,0.94081711769104
YOR207C,YDL189W,0,-0.8780807,0.09697260707616806,0.9950690269470215,0.9409173130989075
YDR468C,YDR350C,0,-0.87869775,0.0969632938504219,0.9950690269470215,0.9410174489021301
YHL003C,YOR001W,0,-0.88102096,0.09695397317409515,0.9950690269470215,0.9411175847053528
YBL035C,YLR432W,0,-0.8822063,0.096944659948349,0.9950690269470215,0.9412177205085754
YML120C,YCR035C,0,-0.8831887,0.09693534672260284,0.9950690269470215,0.9413178563117981
YOR101W,YBR146W,0,-0.8833288,0.09692603349685669,0.9950690269470215,0.9414179921150208
YDR097C,YOR230W,1,-0.8835517,0.09701277315616608,0.9960552453994751,0.9414179921150208
YLR451W,YBR112C,0,-0.8837851,0.09700345993041992,0.9960552453994751,0.9415181279182434
YBR181C,YJL003W,0,-0.88476706,0.09699413925409317,0.9960552453994751,0.9416182637214661
YER007C-A,YMR149W,0,-0.8864561,0.09698482602834702,0.9960552453994751,0.9417183995246887
YCR035C,YDR397C,0,-0.8875668,0.09697551280260086,0.9960552453994751,0.9418185353279114
YHL031C,YKL099C,0,-0.8891125,0.0969662070274353,0.9960552453994751,0.941918671131134
YHR204W,YGR030C,0,-0.88956213,0.09695689380168915,0.9960552453994751,0.9420188069343567
YPL063W,YJL001W,0,-0.8901983,0.09694758802652359,0.9960552453994751,0.9421189427375793
YHR154W,YHR170W,0,-0.8928577,0.09693828225135803,0.9960552453994751,0.942219078540802
YHL011C,YKL114C,0,-0.8933053,0.09692898392677307,0.9960552453994751,0.9423192739486694
YDR343C,YNL247W,0,-0.89378107,0.09691967815160751,0.9960552453994751,0.9424194097518921
YIL019W,YMR156C,0,-0.89459383,0.09691037982702255,0.9960552453994751,0.9425195455551147
YDR021W,YML096W,0,-0.8965478,0.09690108150243759,0.9960552453994751,0.9426196813583374
YLR093C,YHL021C,0,-0.89748746,0.09689179062843323,0.9960552453994751,0.9427198171615601
YFR024C-A,YLR259C,0,-0.8990866,0.09688249230384827,0.9960552453994751,0.9428199529647827
YGL126W,YDL124W,0,-0.90115726,0.0968732014298439,0.9960552453994751,0.9429200887680054
YNL221C,YOR253W,0,-0.90123534,0.09686391055583954,0.9960552453994751,0.943020224571228
YDR300C,YNL123W,0,-0.9022596,0.09685461968183517,0.9960552453994751,0.9431203603744507
YMR195W,YDL149W,0,-0.903647,0.09684533625841141,0.9960552453994751,0.9432204961776733
YBR181C,YOR059C,0,-0.9037716,0.09683605283498764,0.9960552453994751,0.943320631980896
YDR098C,YLR052W,0,-0.9043631,0.09682676941156387,0.9960552453994751,0.9434207677841187
YER056C,YKL110C,0,-0.90537447,0.0968174859881401,0.9960552453994751,0.9435209035873413
YMR243C,YDL031W,0,-0.90653574,0.09680820256471634,0.9960552453994751,0.9436210989952087
YJR041C,YLL021W,0,-0.9079836,0.09679892659187317,0.9960552453994751,0.9437212347984314
YKL185W,YGL171W,0,-0.90842247,0.09678965061903,0.9960552453994751,0.943821370601654
YGL076C,YMR153W,0,-0.90924525,0.09678037464618683,0.9960552453994751,0.9439215064048767
YMR225C,YCL035C,0,-0.9097142,0.09677110612392426,0.9960552453994751,0.9440216422080994
YDR041W,YPL173W,0,-0.91213757,0.09676183015108109,0.9960552453994751,0.944121778011322
YPR057W,YKR099W,0,-0.91606414,0.09675256162881851,0.9960552453994751,0.9442219138145447
YNL287W,YJL001W,0,-0.9171674,0.09674329310655594,0.9960552453994751,0.9443220496177673
YDR345C,YGR082W,0,-0.9177799,0.09673403203487396,0.9960552453994751,0.94442218542099
YJR046W,YGL096W,0,-0.9185847,0.09672476351261139,0.9960552453994751,0.9445223212242126
YGR202C,YGL226W,0,-0.9217547,0.09671550244092941,0.9960552453994751,0.9446224570274353
YOR016C,YGL078C,0,-0.92371523,0.09670624136924744,0.9960552453994751,0.944722592830658
YOR091W,YJR050W,0,-0.9249878,0.09669698774814606,0.9960552453994751,0.9448227286338806
YPR161C,YMR242C,0,-0.9257045,0.09668772667646408,0.9960552453994751,0.9449228644371033
YML096W,YMR091C,0,-0.92773384,0.0966784730553627,0.9960552453994751,0.9450230598449707
YGR178C,YAL068C,0,-0.9313657,0.09666921943426132,0.9960552453994751,0.9451231956481934
YPL135W,YNR037C,0,-0.93176043,0.09665996581315994,0.9960552453994751,0.945223331451416
YKL141W,YHL003C,0,-0.9324886,0.09665071964263916,0.9960552453994751,0.9453234672546387
YDR023W,YGR253C,0,-0.9341749,0.09664146602153778,0.9960552453994751,0.9454236030578613
YGR283C,YGR004W,0,-0.9352162,0.096632219851017,0.9960552453994751,0.945523738861084
YDR500C,YPR188C,0,-0.93609715,0.09662298113107681,0.9960552453994751,0.9456238746643066
YKL033W,YER056C,0,-0.9369277,0.09661373496055603,0.9960552453994751,0.9457240104675293
YPR110C,YDR464W,0,-0.9374891,0.09660449624061584,0.9960552453994751,0.945824146270752
YLR347C,YLL014W,0,-0.93939745,0.09659525752067566,0.9960552453994751,0.9459242820739746
YGL087C,YBR131W,0,-0.94129086,0.09658601880073547,0.9960552453994751,0.9460244178771973
YGR244C,YKR085C,0,-0.94287854,0.09657678008079529,0.9960552453994751,0.9461245536804199
YOL098C,YLR196W,0,-0.9446209,0.0965675488114357,0.9960552453994751,0.9462246894836426
YOR016C,YHL031C,0,-0.94495,0.09655831754207611,0.9960552453994751,0.9463248252868652
YOR004W,YNL059C,0,-0.9449958,0.09654908627271652,0.9960552453994751,0.9464250206947327
YDR471W,YNR037C,0,-0.9450071,0.09653985500335693,0.9960552453994751,0.9465251564979553
YLR194C,YHL003C,0,-0.9453337,0.09653063118457794,0.9960552453994751,0.946625292301178
YNL199C,YHL015W,0,-0.9457226,0.09652140736579895,0.9960552453994751,0.9467254281044006
YMR318C,YLR044C,0,-0.94649065,0.09651218354701996,0.9960552453994751,0.9468255639076233
YOR264W,YAL007C,0,-0.9471661,0.09650295972824097,0.9960552453994751,0.946925699710846
YHR024C,YLL053C,0,-0.94816124,0.09649374336004257,0.9960552453994751,0.9470258355140686
YNL031C,YBL072C,0,-0.9509522,0.09648452699184418,0.9960552453994751,0.9471259713172913
YHR146W,YDL119C,0,-0.9544303,0.09647531062364578,0.9960552453994751,0.9472261071205139
YPL056C,YML082W,0,-0.9552566,0.09646609425544739,0.9960552453994751,0.9473262429237366
YDR500C,YIL011W,0,-0.9562653,0.09645687788724899,0.9960552453994751,0.9474263787269592
YBR029C,YGL127C,0,-0.9580319,0.0964476689696312,0.9960552453994751,0.9475265145301819
YOR045W,YGL049C,0,-0.959292,0.0964384600520134,0.9960552453994751,0.9476266503334045
YOR087W,YOR357C,0,-0.9596686,0.0964292511343956,0.9960552453994751,0.947726845741272
YOL009C,YHR138C,0,-0.96184886,0.0964200496673584,0.9960552453994751,0.9478269815444946
YHL011C,YLR200W,0,-0.96608496,0.0964108407497406,0.9960552453994751,0.9479271173477173
YDR178W,YCR035C,0,-0.96651304,0.0964016392827034,0.9960552453994751,0.9480272531509399
YKL150W,YCR035C,0,-0.97150177,0.0963924378156662,0.9960552453994751,0.9481273889541626
YBR146W,YPL006W,0,-0.97178227,0.0963832437992096,0.9960552453994751,0.9482275247573853
YPL140C,YJL035C,0,-0.9735462,0.0963740423321724,0.9960552453994751,0.9483276605606079
YDR350C,YJR052W,0,-0.9740914,0.09636484831571579,0.9960552453994751,0.9484277963638306
YDR148C,YMR110C,0,-0.97536427,0.09635565429925919,0.9960552453994751,0.9485279321670532
YER056C,YLR115W,0,-0.97537154,0.09634646773338318,0.9960552453994751,0.9486280679702759
YBR091C,YFR050C,0,-0.9781246,0.09633727371692657,0.9960552453994751,0.9487282037734985
YLL031C,YLR347C,0,-0.9787302,0.09632808715105057,0.9960552453994751,0.9488283395767212
YNL054W,YFR025C,0,-0.97891474,0.09631890058517456,0.9960552453994751,0.9489284753799438
YLR175W,YGL151W,0,-0.9792255,0.09630971401929855,0.9960552453994751,0.9490286111831665
YDR190C,YLR413W,0,-0.9798154,0.09630053490400314,0.9960552453994751,0.9491288065910339
YGR181W,YNR055C,0,-0.9800112,0.09629135578870773,0.9960552453994751,0.9492289423942566
YKL016C,YGR165W,0,-0.98036104,0.09628217667341232,0.9960552453994751,0.9493290781974792
YMR041C,YMR015C,0,-0.9815119,0.09627299755811691,0.9960552453994751,0.9494292140007019
YOL096C,YDR175C,0,-0.98221993,0.0962638184428215,0.9960552453994751,0.9495293498039246
YGL064C,YOR271C,0,-0.98228896,0.09625464677810669,0.9960552453994751,0.9496294856071472
YOR091W,YJL035C,0,-0.9836023,0.09624547511339188,0.9960552453994751,0.9497296214103699
YLR333C,YDR464W,0,-0.9853316,0.09623630344867706,0.9960552453994751,0.9498297572135925
YLR361C,YPL198W,0,-0.9882762,0.09622713178396225,0.9960552453994751,0.9499298930168152
YDR155C,YPR103W,1,-0.9913119,0.0963132306933403,0.9970414042472839,0.9499298930168152
YDR343C,YML031W,0,-0.992417,0.09630405902862549,0.9970414042472839,0.9500300288200378
YOR078W,YBR146W,0,-0.9932302,0.09629488736391068,0.9970414042472839,0.9501301646232605
YKR093W,YOR009W,0,-0.99337715,0.09628571569919586,0.9970414042472839,0.9502303004264832
YKL060C,YBR191W,0,-0.9938705,0.09627654403448105,0.9970414042472839,0.9503304362297058
YLR390W-A,YKL080W,0,-0.99472445,0.09626737982034683,0.9970414042472839,0.9504306316375732
YGL058W,YGL111W,0,-0.99703324,0.09625821560621262,0.9970414042472839,0.9505307674407959
YKL081W,YGR208W,0,-0.9971681,0.0962490513920784,0.9970414042472839,0.9506309032440186
YDR201W,YLR055C,0,-0.9972628,0.09623988717794418,0.9970414042472839,0.9507310390472412
YDR098C,YGL129C,0,-0.997802,0.09623072296380997,0.9970414042472839,0.9508311748504639
YKR007W,YDR328C,0,-0.99865675,0.09622156620025635,0.9970414042472839,0.9509313106536865
YDL081C,YLR277C,0,-0.99895775,0.09621240943670273,0.9970414042472839,0.9510314464569092
YOR247W,YIL069C,0,-0.99953616,0.09620325267314911,0.9970414042472839,0.9511315822601318
YHR024C,YPL235W,0,-1.0003949,0.09619410336017609,0.9970414042472839,0.9512317180633545
YKL016C,YGL167C,0,-1.0004052,0.09618494659662247,0.9970414042472839,0.9513318538665771
YML067C,YLR413W,0,-1.0010254,0.09617579728364944,0.9970414042472839,0.9514319896697998
YDR441C,YKL014C,0,-1.0013119,0.09616664797067642,0.9970414042472839,0.9515321254730225
YLR083C,YBR089C-A,0,-1.0031242,0.096157506108284,0.9970414042472839,0.9516322612762451
YMR220W,YMR072W,0,-1.0035014,0.09614835679531097,0.9970414042472839,0.9517323970794678
YDR377W,YJR096W,0,-1.0046359,0.09613921493291855,0.9970414042472839,0.9518325924873352
YPR110C,YHR110W,0,-1.0050519,0.09613007307052612,0.9970414042472839,0.9519327282905579
YNL137C,YPR010C,0,-1.007195,0.0961209386587143,0.9970414042472839,0.9520328640937805
YOR264W,YLR409C,0,-1.0082468,0.09611179679632187,0.9970414042472839,0.9521329998970032
YDR516C,YLR028C,1,-1.0116401,0.0961977168917656,0.9980276226997375,0.9521329998970032
YLR196W,YOR079C,0,-1.0121262,0.09618857502937317,0.9980276226997375,0.9522331357002258
YKR085C,YIL123W,0,-1.0123911,0.09617943316698074,0.9980276226997375,0.9523332715034485
YMR215W,YLR150W,0,-1.0129875,0.09617029130458832,0.9980276226997375,0.9524334073066711
YOR272W,YKL099C,0,-1.0131676,0.09616115689277649,0.9980276226997375,0.9525335431098938
YIL087C,YHL035C,0,-1.0146968,0.09615202248096466,0.9980276226997375,0.9526336789131165
YIL118W,YDR292C,0,-1.0164378,0.09614288061857224,0.9980276226997375,0.9527338147163391
YHR194W,YNL111C,0,-1.0193806,0.096133753657341,0.9980276226997375,0.9528339505195618
YDR500C,YBL014C,0,-1.0203319,0.09612461924552917,0.9980276226997375,0.9529340863227844
YOR078W,YIL008W,0,-1.0206501,0.09611549228429794,0.9980276226997375,0.9530342221260071
YPR188C,YPL063W,0,-1.0206876,0.09610636532306671,0.9980276226997375,0.9531344175338745
YIL064W,YOL051W,0,-1.02466,0.09609723836183548,0.9980276226997375,0.9532345533370972
YGR283C,YGL116W,0,-1.0252554,0.09608811140060425,0.9980276226997375,0.9533346891403198
YDL098C,YDR045C,0,-1.026119,0.09607899188995361,0.9980276226997375,0.9534348249435425
YDR023W,YLR017W,0,-1.0309553,0.09606987237930298,0.9980276226997375,0.9535349607467651
YDR430C,YDR041W,0,-1.0349334,0.09606075286865234,0.9980276226997375,0.9536350965499878
YPL056C,YOR359W,0,-1.0395464,0.09605163335800171,0.9980276226997375,0.9537352323532104
YIL069C,YLR248W,0,-1.0400972,0.09604251384735107,0.9980276226997375,0.9538353681564331
YDR212W,YDR176W,0,-1.0429554,0.09603340178728104,0.9980276226997375,0.9539355039596558
YJL212C,YHR197W,0,-1.0432762,0.096024289727211,0.9980276226997375,0.9540356397628784
YDR129C,YFR053C,0,-1.0466772,0.09601517766714096,0.9980276226997375,0.9541357755661011
YGR174C,YJL098W,0,-1.0482004,0.09600607305765152,0.9980276226997375,0.9542359113693237
YIL148W,YIL096C,0,-1.0485058,0.09599696099758148,0.9980276226997375,0.9543360471725464
YKL033W,YMR074C,0,-1.0507724,0.09598785638809204,0.9980276226997375,0.954436182975769
YOR132W,YNL081C,0,-1.051357,0.0959787592291832,0.9980276226997375,0.9545363783836365
YPR169W,YMR177W,0,-1.0531216,0.09596965461969376,0.9980276226997375,0.9546365141868591
YLL018C,YLR247C,0,-1.0540338,0.09596055746078491,0.9980276226997375,0.9547366499900818
YPL145C,YBR191W,0,-1.0544455,0.09595145285129547,0.9980276226997375,0.9548367857933044
YKL194C,YHR110W,0,-1.0594532,0.09594235569238663,0.9980276226997375,0.9549369215965271
YLR323C,YLR068W,0,-1.0596933,0.09593326598405838,0.9980276226997375,0.9550370573997498
YKR007W,YGL078C,0,-1.0602229,0.09592416882514954,0.9980276226997375,0.9551371932029724
YGR245C,YGL105W,0,-1.0620236,0.09591507911682129,0.9980276226997375,0.9552373290061951
YHR088W,YDR190C,0,-1.063565,0.09590598940849304,0.9980276226997375,0.9553374648094177
YGL126W,YEL024W,0,-1.0674733,0.0958968997001648,0.9980276226997375,0.9554376006126404
YAR042W,YOR247W,0,-1.0692285,0.09588781744241714,0.9980276226997375,0.955537736415863
YOR247W,YLR432W,0,-1.0716861,0.0958787277340889,0.9980276226997375,0.9556378722190857
YPL234C,YCR036W,0,-1.0746565,0.09586964547634125,0.9980276226997375,0.9557380080223083
YGR254W,YDL235C,0,-1.0757642,0.0958605632185936,0.9980276226997375,0.955838143825531
YHR204W,YBR121C,0,-1.077485,0.09585148841142654,0.9980276226997375,0.9559383392333984
YFL025C,YJL180C,0,-1.0865893,0.0958424061536789,0.9980276226997375,0.9560384750366211
YLR259C,YDR045C,0,-1.086777,0.09583333134651184,0.9980276226997375,0.9561386108398438
YPL176C,YBR023C,0,-1.0888834,0.09582425653934479,0.9980276226997375,0.9562387466430664
YPL210C,YKL099C,0,-1.0949601,0.09581518918275833,0.9980276226997375,0.9563388824462891
YOL061W,YPL239W,0,-1.0953568,0.09580611437559128,0.9980276226997375,0.9564390182495117
YMR242C,YCL067C,0,-1.0982175,0.09579704701900482,0.9980276226997375,0.9565391540527344
YBR003W,YNR037C,0,-1.0997815,0.09578797966241837,0.9980276226997375,0.956639289855957
YDL093W,YIL043C,0,-1.1014329,0.09577891230583191,0.9980276226997375,0.9567394256591797
YHR190W,YPL156C,0,-1.1019645,0.09576985239982605,0.9980276226997375,0.9568395614624023
YLR417W,YJR049C,0,-1.103918,0.0957607850432396,0.9980276226997375,0.956939697265625
YLR059C,YNR055C,0,-1.106684,0.09575172513723373,0.9980276226997375,0.9570398330688477
YMR091C,YPL040C,0,-1.1111463,0.09574266523122787,0.9980276226997375,0.9571399688720703
YLR277C,YDR397C,0,-1.1116507,0.09573361277580261,0.9980276226997375,0.9572401642799377
YMR261C,YHR138C,0,-1.1116639,0.09572455286979675,0.9980276226997375,0.9573403000831604
YER177W,YML092C,0,-1.1156644,0.09571550041437149,0.9980276226997375,0.9574404358863831
YKL196C,YMR153W,0,-1.1164691,0.09570644795894623,0.9980276226997375,0.9575405716896057
YDL081C,YOR101W,0,-1.1239233,0.09569740295410156,0.9980276226997375,0.9576407074928284
YJL054W,YGL016W,0,-1.1243936,0.0956883504986763,0.9980276226997375,0.957740843296051
YNL048W,YNR052C,0,-1.1247457,0.09567930549383163,0.9980276226997375,0.9578409790992737
YER007C-A,YKL081W,0,-1.1258445,0.09567026048898697,0.9980276226997375,0.9579411149024963
YKL045W,YDR023W,0,-1.1284714,0.0956612154841423,0.9980276226997375,0.958041250705719
YPL115C,YPR120C,0,-1.1302737,0.09565217047929764,0.9980276226997375,0.9581413865089417
YIL064W,YLR167W,0,-1.1332743,0.09564313292503357,0.9980276226997375,0.9582415223121643
YDR375C,YDR365C,0,-1.1338046,0.0956340953707695,0.9980276226997375,0.958341658115387
YER100W,YKL002W,0,-1.1352963,0.09562505781650543,0.9980276226997375,0.9584417939186096
YJL183W,YPL120W,0,-1.1359475,0.09561602771282196,0.9980276226997375,0.9585419297218323
YGR178C,YJR131W,0,-1.1363802,0.09560699015855789,0.9980276226997375,0.9586421251296997
YDR129C,YMR072W,0,-1.1445253,0.09559796005487442,0.9980276226997375,0.9587422609329224
YBR086C,YHL003C,0,-1.1446545,0.09558892995119095,0.9980276226997375,0.958842396736145
YIL019W,YLR007W,0,-1.1543158,0.09557989984750748,0.9980276226997375,0.9589425325393677
YER176W,YGL151W,0,-1.1552627,0.0955708771944046,0.9980276226997375,0.9590426683425903
YKR007W,YIL043C,0,-1.1610446,0.09556184709072113,0.9980276226997375,0.959142804145813
YFL005W,YOL009C,0,-1.1628363,0.09555282443761826,0.9980276226997375,0.9592429399490356
YMR286W,YNL023C,0,-1.1648068,0.09554380923509598,0.9980276226997375,0.9593430757522583
YHR197W,YBR188C,0,-1.1665466,0.0955347865819931,0.9980276226997375,0.959443211555481
YNR038W,YLL014W,0,-1.1678965,0.09552577137947083,0.9980276226997375,0.9595433473587036
YDR345C,YKR007W,0,-1.1684897,0.09551675617694855,0.9980276226997375,0.9596434831619263
YJL180C,YIL062C,0,-1.1694895,0.09550774097442627,0.9980276226997375,0.9597436189651489
YOR101W,YNL123W,0,-1.1744868,0.09549872577190399,0.9980276226997375,0.9598437547683716
YOR236W,YKR099W,0,-1.1760334,0.09548971801996231,0.9980276226997375,0.959943950176239
YLR215C,YKL052C,0,-1.1792631,0.09548070281744003,0.9980276226997375,0.9600440859794617
YFL005W,YPR180W,0,-1.1802521,0.09547169506549835,0.9980276226997375,0.9601442217826843
YOR129C,YLR409C,0,-1.1814413,0.09546269476413727,0.9980276226997375,0.960244357585907
YOR262W,YGR103W,0,-1.181998,0.09545368701219559,0.9980276226997375,0.9603444933891296
YOL121C,YGR208W,0,-1.1824074,0.0954446867108345,0.9980276226997375,0.9604446291923523
YLR118C,YHR106W,0,-1.1834514,0.09543568640947342,0.9980276226997375,0.960544764995575
YPL013C,YPR097W,0,-1.1856258,0.09542668610811234,0.9980276226997375,0.9606449007987976
YML102W,YLR435W,0,-1.186358,0.09541768580675125,0.9980276226997375,0.9607450366020203
YBR046C,YOR236W,0,-1.1874818,0.09540869295597076,0.9980276226997375,0.9608451724052429
YMR059W,YLL014W,0,-1.1887181,0.09539970010519028,0.9980276226997375,0.9609453082084656
YDR189W,YLR432W,0,-1.1907154,0.09539070725440979,0.9980276226997375,0.9610454440116882
YBR089C-A,YMR131C,0,-1.1910452,0.0953817144036293,0.9980276226997375,0.9611455798149109
YGR060W,YHL015W,0,-1.1924485,0.09537272900342941,0.9980276226997375,0.9612457156181335
YHL003C,YNR037C,0,-1.1949487,0.09536373615264893,0.9980276226997375,0.961345911026001
YLR083C,YPL207W,0,-1.1975865,0.09535475075244904,0.9980276226997375,0.9614460468292236
YGL028C,YMR158W,0,-1.1999767,0.09534577280282974,0.9980276226997375,0.9615461826324463
YDR397C,YPL178W,0,-1.2008065,0.09533678740262985,0.9980276226997375,0.961646318435669
YLR333C,YNL038W,0,-1.2018547,0.09532780945301056,0.9980276226997375,0.9617464542388916
YJL098W,YPL193W,0,-1.2029251,0.09531883150339127,0.9980276226997375,0.9618465900421143
YNL132W,YLR367W,0,-1.2029548,0.09530985355377197,0.9980276226997375,0.9619467258453369
YDR189W,YLR150W,0,-1.204885,0.09530087560415268,0.9980276226997375,0.9620468616485596
YLL031C,YDR175C,0,-1.20716,0.09529190510511398,0.9980276226997375,0.9621469974517822
YDR300C,YMR131C,0,-1.2072408,0.09528292715549469,0.9980276226997375,0.9622471332550049
YLR083C,YOL061W,0,-1.2122877,0.095273956656456,0.9980276226997375,0.9623472690582275
YEL001C,YMR055C,0,-1.2138802,0.0952649936079979,0.9980276226997375,0.9624474048614502
YCR031C,YHR088W,0,-1.2159922,0.0952560231089592,0.9980276226997375,0.9625475406646729
YDR513W,YNL036W,0,-1.2169262,0.0952470600605011,0.9980276226997375,0.9626477360725403
YDR098C,YKL060C,0,-1.2224987,0.095238097012043,0.9980276226997375,0.9627478718757629
YJL212C,YPL145C,0,-1.2230686,0.0952291339635849,0.9980276226997375,0.9628480076789856
YMR318C,YOR271C,0,-1.2232784,0.0952201709151268,0.9980276226997375,0.9629481434822083
YDL081C,YGL070C,0,-1.2273643,0.0952112153172493,0.9980276226997375,0.9630482792854309
YDR268W,YNL081C,0,-1.2279208,0.0952022597193718,0.9980276226997375,0.9631484150886536
YBR189W,YNL048W,0,-1.2283529,0.0951933041214943,0.9980276226997375,0.9632485508918762
YEL018W,YIL096C,0,-1.2295294,0.09518434852361679,0.9980276226997375,0.9633486866950989
YGR217W,YPL183C,0,-1.2307707,0.09517540037631989,0.9980276226997375,0.9634488224983215
YER041W,YIL043C,0,-1.231102,0.09516644477844238,0.9980276226997375,0.9635489583015442
YDR309C,YHL035C,0,-1.2320648,0.09515749663114548,0.9980276226997375,0.9636490941047668
YPR173C,YKL069W,0,-1.2324166,0.09514854848384857,0.9980276226997375,0.9637492299079895
YFR031C-A,YPL040C,0,-1.235089,0.09513960778713226,0.9980276226997375,0.9638493657112122
YFR031C-A,YML021C,0,-1.2377982,0.09513066709041595,0.9980276226997375,0.9639495015144348
YDR212W,YKL063C,0,-1.2399435,0.09512171894311905,0.9980276226997375,0.9640496969223022
YHR201C,YLR060W,0,-1.2417641,0.09511277824640274,0.9980276226997375,0.9641498327255249
YKL033W,YDR261C,0,-1.2418151,0.09510384500026703,0.9980276226997375,0.9642499685287476
YBR107C,YDR284C,0,-1.2421613,0.09509490430355072,0.9980276226997375,0.9643501043319702
YGL115W,YOR158W,0,-1.243206,0.09508597105741501,0.9980276226997375,0.9644502401351929
YDR212W,YIL130W,0,-1.2432592,0.0950770378112793,0.9980276226997375,0.9645503759384155
YGR178C,YEL027W,0,-1.2435519,0.09506810456514359,0.9980276226997375,0.9646505117416382
YDR377W,YOR267C,0,-1.2447095,0.09505917876958847,0.9980276226997375,0.9647506475448608
YJL054W,YGR030C,0,-1.2467872,0.09505024552345276,0.9980276226997375,0.9648507833480835
YGR078C,YOR207C,0,-1.248283,0.09504131972789764,0.9980276226997375,0.9649509191513062
YJL212C,YEL027W,0,-1.2484229,0.09503239393234253,0.9980276226997375,0.9650510549545288
YML067C,YKR053C,0,-1.2497997,0.09502347558736801,0.9980276226997375,0.9651511907577515
YDR280W,YIL137C,0,-1.2503879,0.0950145497918129,0.9980276226997375,0.9652513265609741
YIL052C,YMR153W,0,-1.2546737,0.09500563144683838,0.9980276226997375,0.9653514623641968
YGL246C,YHR088W,0,-1.2555699,0.09499671310186386,0.9980276226997375,0.9654516577720642
YJR123W,YHL003C,0,-1.25767,0.09498779475688934,0.9980276226997375,0.9655517935752869
YOR236W,YOR110W,0,-1.260258,0.09497888386249542,0.9980276226997375,0.9656519293785095
YBL087C,YLR215C,0,-1.2604306,0.0949699729681015,0.9980276226997375,0.9657520651817322
YPL126W,YMR074C,0,-1.2639987,0.09496106207370758,0.9980276226997375,0.9658522009849548
YDR361C,YGR003W,0,-1.2682451,0.09495215117931366,0.9980276226997375,0.9659523367881775
YJR041C,YGL226W,0,-1.270206,0.09494324028491974,0.9980276226997375,0.9660524725914001
YLR185W,YOR272W,0,-1.2710283,0.09493433684110641,0.9980276226997375,0.9661526083946228
YPL175W,YDR165W,0,-1.2719674,0.0949254259467125,0.9980276226997375,0.9662527441978455
YNL145W,YNL036W,0,-1.2734835,0.09491652250289917,0.9980276226997375,0.9663528800010681
YDL012C,YBL072C,0,-1.2739308,0.09490762650966644,0.9980276226997375,0.9664530158042908
YOR383C,YNL111C,0,-1.2758019,0.09489872306585312,0.9980276226997375,0.9665531516075134
YNR052C,YOR059C,0,-1.278933,0.09488982707262039,0.9980276226997375,0.9666532874107361
YDR165W,YOR271C,0,-1.2812606,0.09488093107938766,0.9980276226997375,0.9667534828186035
YOR236W,YOR136W,0,-1.2838428,0.09487203508615494,0.9980276226997375,0.9668536186218262
YHR149C,YDR261C,0,-1.2924981,0.09486313909292221,0.9980276226997375,0.9669537544250488
YPR188C,YIR004W,0,-1.293253,0.09485425055027008,0.9980276226997375,0.9670538902282715
YDR361C,YDR045C,0,-1.2938585,0.09484536200761795,0.9980276226997375,0.9671540260314941
YFR010W,YPR134W,0,-1.2982963,0.09483647346496582,0.9980276226997375,0.9672541618347168
YHR005C,YER159C,0,-1.3006947,0.09482758492231369,0.9980276226997375,0.9673542976379395
YAL007C,YGL127C,0,-1.3040751,0.09481870383024216,0.9980276226997375,0.9674544334411621
YDR023W,YNL216W,0,-1.3057079,0.09480981528759003,0.9980276226997375,0.9675545692443848
YLR193C,YJL212C,0,-1.3071189,0.0948009341955185,0.9980276226997375,0.9676547050476074
YKL114C,YOR001W,0,-1.3101636,0.09479206055402756,0.9980276226997375,0.9677548408508301
YDL119C,YGL049C,0,-1.315875,0.09478317946195602,0.9980276226997375,0.9678549766540527
YMR286W,YOR271C,0,-1.3174354,0.09477430582046509,0.9980276226997375,0.9679551124572754
YAL019W,YDR464W,0,-1.3219798,0.09476542472839355,0.9980276226997375,0.968055248260498
YPR114W,YHR120W,0,-1.3275678,0.09475655108690262,0.9980276226997375,0.9681554436683655
YHR103W,YMR091C,0,-1.3309133,0.09474768489599228,0.9980276226997375,0.9682555794715881
YLR060W,YOR271C,0,-1.3348243,0.09473881125450134,0.9980276226997375,0.9683557152748108
YCR031C,YLL014W,0,-1.3360407,0.094729945063591,0.9980276226997375,0.9684558510780334
YLR017W,YKL196C,0,-1.3364104,0.09472107887268066,0.9980276226997375,0.9685559868812561
YOR272W,YDR246W,0,-1.3419492,0.09471221268177032,0.9980276226997375,0.9686561226844788
YLL024C,YDR381W,0,-1.3441851,0.09470334649085999,0.9980276226997375,0.9687562584877014
YPR169W,YKL114C,0,-1.3554287,0.09469448775053024,0.9980276226997375,0.9688563942909241
YLR239C,YEL001C,0,-1.3554524,0.0946856290102005,0.9980276226997375,0.9689565300941467
YLR367W,YIL008W,0,-1.3572872,0.09467677026987076,0.9980276226997375,0.9690566658973694
YOR079C,YNL164C,0,-1.3588027,0.09466791152954102,0.9980276226997375,0.969156801700592
YGR235C,YLR061W,0,-1.3659064,0.09465906023979187,0.9980276226997375,0.9692569375038147
YDR235W,YLL014W,0,-1.3662436,0.09465020895004272,0.9980276226997375,0.9693570733070374
YKL191W,YHR158C,0,-1.369787,0.09464135766029358,0.9980276226997375,0.9694572687149048
YHR204W,YPL043W,0,-1.3706105,0.09463250637054443,0.9980276226997375,0.9695574045181274
YLR259C,YIL033C,0,-1.3730685,0.09462365508079529,0.9980276226997375,0.9696575403213501
YBR069C,YOR260W,0,-1.3748894,0.09461481124162674,0.9980276226997375,0.9697576761245728
YPL146C,YLR150W,0,-1.3805809,0.09460596740245819,0.9980276226997375,0.9698578119277954
YPL043W,YBR162C,0,-1.3831353,0.09459712356328964,0.9980276226997375,0.9699579477310181
YDR178W,YLR056W,0,-1.3853109,0.0945882797241211,0.9980276226997375,0.9700580835342407
YOR249C,YLR075W,0,-1.3897221,0.09457943588495255,0.9980276226997375,0.9701582193374634
YJR132W,YLR223C,0,-1.3906004,0.0945705994963646,0.9980276226997375,0.970258355140686
YDR023W,YIL008W,0,-1.392591,0.09456176310777664,0.9980276226997375,0.9703584909439087
YIL087C,YFR049W,0,-1.392917,0.09455292671918869,0.9980276226997375,0.9704586267471313
YGL092W,YDL093W,0,-1.3960915,0.09454409778118134,0.9980276226997375,0.970558762550354
YJL054W,YDR188W,0,-1.3974327,0.09453526139259338,0.9980276226997375,0.9706588983535767
YDR097C,YIR026C,1,-1.399688,0.09461984038352966,0.9990137815475464,0.9706588983535767
YMR153W,YNL066W,0,-1.4003247,0.09461100399494171,0.9990137815475464,0.9707590341567993
YKL138C,YNL111C,0,-1.4007425,0.09460216760635376,0.9990137815475464,0.9708592295646667
YLL018C,YOL061W,0,-1.4115351,0.09459333121776581,0.9990137815475464,0.9709593653678894
YDL081C,YML127W,0,-1.4134432,0.09458450227975845,0.9990137815475464,0.9710595011711121
YDL081C,YPR155C,0,-1.4192375,0.0945756733417511,0.9990137815475464,0.9711596369743347
YGL076C,YER032W,0,-1.4263191,0.09456684440374374,0.9990137815475464,0.9712597727775574
YNL199C,YHR149C,0,-1.4292235,0.09455801546573639,0.9990137815475464,0.97135990858078
YGL139W,YPL198W,0,-1.4308474,0.09454918652772903,0.9990137815475464,0.9714600443840027
YOR359W,YHR170W,0,-1.4314802,0.09454036504030228,0.9990137815475464,0.9715601801872253
YJR041C,YLR056W,0,-1.4316857,0.09453154355287552,0.9990137815475464,0.971660315990448
YNL045W,YPL203W,0,-1.4337885,0.09452272206544876,0.9990137815475464,0.9717604517936707
YAL007C,YIL018W,0,-1.439595,0.094513900578022,0.9990137815475464,0.9718605875968933
YLR239C,YMR205C,0,-1.4442297,0.09450508654117584,0.9990137815475464,0.971960723400116
YPL239W,YOR271C,0,-1.4472321,0.09449626505374908,0.9990137815475464,0.9720608592033386
YML067C,YKL077W,0,-1.4493711,0.09448745101690292,0.9990137815475464,0.972161054611206
YKL191W,YER041W,0,-1.45089,0.09447864443063736,0.9990137815475464,0.9722611904144287
YPR173C,YLR017W,0,-1.4538455,0.0944698303937912,0.9990137815475464,0.9723613262176514
YOR236W,YHR024C,0,-1.4592786,0.09446102380752563,0.9990137815475464,0.972461462020874
YPR143W,YGR005C,0,-1.4628959,0.09445221722126007,0.9990137815475464,0.9725615978240967
YKL141W,YHR138C,0,-1.4631176,0.0944434106349945,0.9990137815475464,0.9726617336273193
YDR091C,YLL031C,0,-1.4651982,0.09443460404872894,0.9990137815475464,0.972761869430542
YKR085C,YPR010C,0,-1.4671575,0.09442580491304398,0.9990137815475464,0.9728620052337646
YBR069C,YMR242C,0,-1.4673486,0.09441699832677841,0.9990137815475464,0.9729621410369873
YOR065W,YFR053C,0,-1.4682074,0.09440819919109344,0.9990137815475464,0.97306227684021
YDR190C,YKL099C,0,-1.4717408,0.09439940005540848,0.9990137815475464,0.9731624126434326
YEL020W-A,YIL148W,0,-1.4823294,0.09439060837030411,0.9990137815475464,0.9732625484466553
YJR102C,YPL013C,0,-1.4877127,0.09438181668519974,0.9990137815475464,0.9733626842498779
YOR158W,YHL035C,0,-1.4891098,0.09437301754951477,0.9990137815475464,0.9734628200531006
YML120C,YDR165W,0,-1.4912419,0.0943642258644104,0.9990137815475464,0.973563015460968
YKL185W,YJL212C,0,-1.4938773,0.09435544162988663,0.9990137815475464,0.9736631512641907
YFR010W,YLR058C,0,-1.4947512,0.09434664994478226,0.9990137815475464,0.9737632870674133
YIL064W,YDR398W,0,-1.5024881,0.09433786571025848,0.9990137815475464,0.973863422870636
YNL164C,YJL197W,0,-1.5041456,0.09432908147573471,0.9990137815475464,0.9739635586738586
YPL105C,YLR061W,0,-1.5114915,0.09432029724121094,0.9990137815475464,0.9740636944770813
YKL029C,YPL010W,0,-1.5139934,0.09431151300668716,0.9990137815475464,0.974163830280304
YIL014W,YER127W,0,-1.5175797,0.09430273622274399,0.9990137815475464,0.9742639660835266
YHR165C,YMR153W,0,-1.5200853,0.09429395943880081,0.9990137815475464,0.9743641018867493
YJL180C,YDR517W,0,-1.5202243,0.09428518265485764,0.9990137815475464,0.9744642376899719
YBL007C,YLR061W,0,-1.522732,0.09427640587091446,0.9990137815475464,0.9745643734931946
YHR103W,YOR004W,0,-1.5279182,0.09426763653755188,0.9990137815475464,0.9746645092964172
YMR215W,YER102W,0,-1.5281715,0.0942588597536087,0.9990137815475464,0.9747646450996399
YDL124W,YGL219C,0,-1.5330212,0.09425009042024612,0.9990137815475464,0.9748648405075073
YLR017W,YNL216W,0,-1.533747,0.09424132108688354,0.9990137815475464,0.97496497631073
YDR441C,YOR271C,0,-1.5348369,0.09423255920410156,0.9990137815475464,0.9750651121139526
YOR207C,YGR208W,0,-1.5388412,0.09422378987073898,0.9990137815475464,0.9751652479171753
YER031C,YNL068C,0,-1.5405531,0.094215027987957,0.9990137815475464,0.975265383720398
YLR249W,YGL016W,0,-1.5419333,0.09420626610517502,0.9990137815475464,0.9753655195236206
YLR215C,YDL031W,0,-1.543139,0.09419750422239304,0.9990137815475464,0.9754656553268433
YIL064W,YPR046W,0,-1.5567842,0.09418874979019165,0.9990137815475464,0.9755657911300659
YGR099W,YKL099C,0,-1.5596707,0.09417999535799026,0.9990137815475464,0.9756659269332886
YLR193C,YOR272W,0,-1.5689281,0.09417124092578888,0.9990137815475464,0.9757660627365112
YOR316C,YJL180C,0,-1.5703092,0.0941624864935875,0.9990137815475464,0.9758661985397339
YHR170W,YBR049C,0,-1.5741467,0.09415373206138611,0.9990137815475464,0.9759663343429565
YIL087C,YBR169C,0,-1.5766066,0.09414498507976532,0.9990137815475464,0.9760664701461792
YOR267C,YLR324W,0,-1.5816988,0.09413623064756393,0.9990137815475464,0.9761666059494019
YDR178W,YGR244C,0,-1.5863259,0.09412748366594315,0.9990137815475464,0.9762668013572693
YNL221C,YBR121C,0,-1.5914448,0.09411873668432236,0.9990137815475464,0.9763669371604919
YHR005C,YML082W,0,-1.5998802,0.09410999715328217,0.9990137815475464,0.9764670729637146
YMR243C,YPL117C,0,-1.6130173,0.09410125762224197,0.9990137815475464,0.9765672087669373
YKL129C,YFR049W,0,-1.6172285,0.09409251064062119,0.9990137815475464,0.9766673445701599
YGL139W,YPR169W,0,-1.6184471,0.094083771109581,0.9990137815475464,0.9767674803733826
YKL138C,YCL054W,0,-1.6192497,0.0940750390291214,0.9990137815475464,0.9768676161766052
YKL138C,YNL247W,0,-1.6298251,0.09406629949808121,0.9990137815475464,0.9769677519798279
YJL183W,YPR161C,0,-1.6353736,0.09405756741762161,0.9990137815475464,0.9770678877830505
YHL011C,YER155C,0,-1.6398973,0.09404883533716202,0.9990137815475464,0.9771680235862732
YGR005C,YPL239W,0,-1.6443846,0.09404010325670242,0.9990137815475464,0.9772681593894958
YHR113W,YGL198W,0,-1.6459557,0.09403137117624283,0.9990137815475464,0.9773682951927185
YBR254C,YPR057W,0,-1.6504723,0.09402264654636383,0.9990137815475464,0.9774684309959412
YDR300C,YPL063W,0,-1.6504726,0.09401392191648483,0.9990137815475464,0.9775685667991638
YOL029C,YDR365C,0,-1.6665909,0.09400519728660583,0.9990137815475464,0.9776687622070312
YDR412W,YDR276C,0,-1.671926,0.09399647265672684,0.9990137815475464,0.9777688980102539
YPR188C,YGL085W,0,-1.6735151,0.09398775547742844,0.9990137815475464,0.9778690338134766
YGL246C,YGL016W,0,-1.6754701,0.09397903084754944,0.9990137815475464,0.9779691696166992
YGR283C,YLR060W,0,-1.6772195,0.09397031366825104,0.9990137815475464,0.9780693054199219
YLR432W,YPR010C,0,-1.6775432,0.09396159648895264,0.9990137815475464,0.9781694412231445
YNL062C,YNR053C,0,-1.6844885,0.09395288676023483,0.9990137815475464,0.9782695770263672
YHR142W,YPR169W,0,-1.686765,0.09394416958093643,0.9990137815475464,0.9783697128295898
YPL183C,YLR409C,0,-1.6872741,0.09393545985221863,0.9990137815475464,0.9784698486328125
YKL141W,YPR010C,0,-1.687989,0.09392675012350082,0.9990137815475464,0.9785699844360352
YLR052W,YKR099W,0,-1.6884224,0.09391804039478302,0.9990137815475464,0.9786701202392578
YMR243C,YKL029C,0,-1.6897417,0.09390933811664581,0.9990137815475464,0.9787702560424805
YBL056W,YLR259C,0,-1.6924073,0.09390062838792801,0.9990137815475464,0.9788703918457031
YDR471W,YNL247W,0,-1.693929,0.0938919261097908,0.9990137815475464,0.9789705872535706
YHR204W,YOL144W,0,-1.6977214,0.0938832238316536,0.9990137815475464,0.9790707230567932
YER176W,YGL195W,0,-1.6978228,0.09387452155351639,0.9990137815475464,0.9791708588600159
YPL224C,YLR220W,0,-1.7160962,0.09386582672595978,0.9990137815475464,0.9792709946632385
YPL198W,YHR170W,0,-1.7221224,0.09385713189840317,0.9990137815475464,0.9793711304664612
YPR173C,YML082W,0,-1.7232995,0.09384843707084656,0.9990137815475464,0.9794712662696838
YGL189C,YFL049W,0,-1.7316089,0.09383974224328995,0.9990137815475464,0.9795714020729065
YJR073C,YDL081C,0,-1.7325531,0.09383104741573334,0.9990137815475464,0.9796715378761292
YML100W,YFR053C,0,-1.7328292,0.09382236003875732,0.9990137815475464,0.9797716736793518
YDR500C,YOR254C,0,-1.7375453,0.09381367266178131,0.9990137815475464,0.9798718094825745
YHR148W,YBR034C,0,-1.7388518,0.0938049852848053,0.9990137815475464,0.9799719452857971
YLR367W,YKL029C,0,-1.7518194,0.09379629790782928,0.9990137815475464,0.9800720810890198
YBR130C,YHR193C,0,-1.7539172,0.09378761053085327,0.9990137815475464,0.9801722168922424
YGR007W,YNL065W,0,-1.7544427,0.09377893060445786,0.9990137815475464,0.9802723526954651
YNL137C,YOR091W,0,-1.7553716,0.09377025067806244,0.9990137815475464,0.9803725481033325
YDR500C,YIL096C,0,-1.7559842,0.09376157075166702,0.9990137815475464,0.9804726839065552
YGL067W,YDR212W,0,-1.7675933,0.0937528908252716,0.9990137815475464,0.9805728197097778
YDR041W,YIL033C,0,-1.7695941,0.09374421834945679,0.9990137815475464,0.9806729555130005
YOR262W,YNR038W,0,-1.7762812,0.09373553842306137,0.9990137815475464,0.9807730913162231
YGL246C,YPR169W,0,-1.7768365,0.09372686594724655,0.9990137815475464,0.9808732271194458
YOR109W,YGL238W,0,-1.780273,0.09371820092201233,0.9990137815475464,0.9809733629226685
YPR173C,YGR204W,0,-1.7865759,0.09370952844619751,0.9990137815475464,0.9810734987258911
YHR148W,YLL021W,0,-1.7908983,0.09370086342096329,0.9990137815475464,0.9811736345291138
YBL038W,YGR244C,0,-1.7909067,0.09369219094514847,0.9990137815475464,0.9812737703323364
YIL052C,YOR207C,0,-1.796696,0.09368352591991425,0.9990137815475464,0.9813739061355591
YBL087C,YGL070C,0,-1.8037708,0.09367486834526062,0.9990137815475464,0.9814740419387817
YGR103W,YGR060W,0,-1.8069725,0.0936662033200264,0.9990137815475464,0.9815741777420044
YMR226C,YMR149W,0,-1.811852,0.09365754574537277,0.9990137815475464,0.9816743731498718
YPL210C,YMR002W,0,-1.8123822,0.09364888817071915,0.9990137815475464,0.9817745089530945
YER056C,YHR148W,0,-1.8147416,0.09364023059606552,0.9990137815475464,0.9818746447563171
YDR190C,YOR335C,0,-1.8169072,0.0936315730214119,0.9990137815475464,0.9819747805595398
YGL195W,YDR087C,0,-1.8215625,0.09362292289733887,0.9990137815475464,0.9820749163627625
YDR300C,YBR121C,0,-1.8223393,0.09361426532268524,0.9990137815475464,0.9821750521659851
YKR079C,YLR175W,0,-1.8325205,0.09360561519861221,0.9990137815475464,0.9822751879692078
YHR197W,YLR196W,0,-1.8341122,0.09359697252511978,0.9990137815475464,0.9823753237724304
YDR189W,YLL014W,0,-1.8360792,0.09358832240104675,0.9990137815475464,0.9824754595756531
YLR056W,YDR234W,0,-1.839169,0.09357967972755432,0.9990137815475464,0.9825755953788757
YDL124W,YCL035C,0,-1.8454363,0.09357102960348129,0.9990137815475464,0.9826757311820984
YHR148W,YHR197W,0,-1.8485606,0.09356238692998886,0.9990137815475464,0.982775866985321
YHL011C,YBR060C,0,-1.8557763,0.09355375170707703,0.9990137815475464,0.9828760027885437
YMR243C,YLR249W,0,-1.8575616,0.0935451090335846,0.9990137815475464,0.9829761385917664
YDR381W,YOR335C,0,-1.8575838,0.09353647381067276,0.9990137815475464,0.9830763339996338
YOL144W,YLR060W,0,-1.8576726,0.09352783858776093,0.9990137815475464,0.9831764698028564
YPL145C,YPL010W,0,-1.8604947,0.09351920336484909,0.9990137815475464,0.9832766056060791
YEL020W-A,YLR075W,0,-1.8664299,0.09351056814193726,0.9990137815475464,0.9833767414093018
YGR103W,YLR060W,0,-1.8705504,0.09350194036960602,0.9990137815475464,0.9834768772125244
YPL126W,YLR259C,0,-1.8811347,0.09349330514669418,0.9990137815475464,0.9835770130157471
YGL067W,YGL127C,0,-1.8868644,0.09348467737436295,0.9990137815475464,0.9836771488189697
YNL183C,YBL087C,0,-1.8890233,0.0934760570526123,0.9990137815475464,0.9837772846221924
YKL150W,YHL021C,0,-1.892305,0.09346742928028107,0.9990137815475464,0.983877420425415
YDR190C,YDR395W,0,-1.8929799,0.09345880895853043,0.9990137815475464,0.9839775562286377
YIL052C,YNL111C,0,-1.8935418,0.09345018118619919,0.9990137815475464,0.9840776920318604
YLR432W,YOR078W,0,-1.9028175,0.09344156086444855,0.9990137815475464,0.984177827835083
YHL031C,YGL111W,0,-1.9099623,0.0934329479932785,0.9990137815475464,0.9842779636383057
YBL087C,YIL096C,0,-1.9105128,0.09342432767152786,0.9990137815475464,0.9843781590461731
YHR020W,YGR083C,0,-1.9229653,0.09341571480035782,0.9990137815475464,0.9844782948493958
YIL030C,YMR230W,0,-1.9245442,0.09340710192918777,0.9990137815475464,0.9845784306526184
YGR103W,YOL121C,0,-1.9268241,0.09339848905801773,0.9990137815475464,0.9846785664558411
YGR174C,YLR432W,0,-1.9323273,0.09338987618684769,0.9990137815475464,0.9847787022590637
YKL196C,YMR131C,0,-1.9330251,0.09338127076625824,0.9990137815475464,0.9848788380622864
YHR170W,YGL105W,0,-1.9330819,0.0933726578950882,0.9990137815475464,0.984978973865509
YIL019W,YKL110C,0,-1.9331878,0.09336405247449875,0.9990137815475464,0.9850791096687317
YML086C,YPR133C,0,-1.9420769,0.0933554545044899,0.9990137815475464,0.9851792454719543
YNL062C,YPL235W,0,-1.9431379,0.09334684908390045,0.9990137815475464,0.985279381275177
YOR252W,YIL014W,0,-1.9438337,0.0933382511138916,0.9990137815475464,0.9853795170783997
YIR026C,YNL066W,0,-1.951087,0.09332964569330215,0.9990137815475464,0.9854796528816223
YHL003C,YPL221W,0,-1.952368,0.0933210477232933,0.9990137815475464,0.985579788684845
YML086C,YGR083C,0,-1.9544914,0.09331245720386505,0.9990137815475464,0.9856799244880676
YBR089C-A,YOR341W,0,-1.9580029,0.0933038592338562,0.9990137815475464,0.9857801198959351
YLR017W,YLR435W,0,-1.9600949,0.09329526871442795,0.9990137815475464,0.9858802556991577
YJR041C,YDR395W,0,-1.967687,0.0932866781949997,0.9990137815475464,0.9859803915023804
YDR398W,YDR276C,0,-1.9700654,0.09327808767557144,0.9990137815475464,0.986080527305603
YIL098C,YBR191W,0,-1.9715036,0.09326949715614319,0.9990137815475464,0.9861806631088257
YML120C,YGR174C,0,-1.9726914,0.09326090663671494,0.9990137815475464,0.9862807989120483
YDR280W,YMR074C,0,-1.9783008,0.09325232356786728,0.9990137815475464,0.986380934715271
YPR010C,YBR034C,0,-1.9930146,0.09324374049901962,0.9990137815475464,0.9864810705184937
YAL059W,YNL164C,0,-1.9956212,0.09323515743017197,0.9990137815475464,0.9865812063217163
YGR254W,YOL012C,0,-1.9967164,0.09322658181190491,0.9990137815475464,0.986681342124939
YDR148C,YKL087C,0,-2.000817,0.09321799874305725,0.9990137815475464,0.9867814779281616
YBL087C,YIR004W,0,-2.0025065,0.09320942312479019,0.9990137815475464,0.9868816137313843
YPR143W,YAL019W,0,-2.0025253,0.09320084750652313,0.9990137815475464,0.9869817495346069
YNR038W,YEL027W,0,-2.0129611,0.09319227188825607,0.9990137815475464,0.9870818853378296
YMR226C,YDR284C,0,-2.0143602,0.09318369626998901,0.9990137815475464,0.987182080745697
YCR031C,YBR146W,0,-2.0212688,0.09317512810230255,0.9990137815475464,0.9872822165489197
YGL005C,YKL006W,0,-2.0268188,0.09316655993461609,0.9990137815475464,0.9873823523521423
YHR165C,YOR004W,0,-2.027239,0.09315799176692963,0.9990137815475464,0.987482488155365
YML074C,YBR088C,1,-2.037745,0.0932413786649704,1.0,0.987482488155365
YHR169W,YLR017W,0,-2.03873,0.09323280304670334,1.0,0.9875826239585876
YLR413W,YLR384C,0,-2.044215,0.09322423487901688,1.0,0.9876827597618103
YKL069W,YDR243C,0,-2.0454304,0.09321566671133041,1.0,0.987782895565033
YBR078W,YIR026C,0,-2.0567155,0.09320709854364395,1.0,0.9878830313682556
YOL061W,YGL116W,0,-2.057049,0.09319853037595749,1.0,0.9879831671714783
YGL243W,YPR169W,0,-2.0621564,0.09318996220827103,1.0,0.9880833029747009
YPL183C,YPL063W,0,-2.062269,0.09318140149116516,1.0,0.9881834387779236
YDR399W,YDL145C,0,-2.0788252,0.0931728407740593,1.0,0.9882835745811462
YHR204W,YGL076C,0,-2.087275,0.09316428005695343,1.0,0.9883837103843689
YOR065W,YBR181C,0,-2.0974987,0.09315571933984756,1.0,0.9884839057922363
YJL096W,YOR335C,0,-2.1023445,0.0931471586227417,1.0,0.988584041595459
YLL026W,YDR178W,0,-2.1027238,0.09313860535621643,1.0,0.9886841773986816
YKL110C,YML031W,0,-2.1051369,0.09313005208969116,1.0,0.9887843132019043
YBR029C,YLR382C,0,-2.1116562,0.0931214988231659,1.0,0.988884449005127
YPR128C,YGR161C,0,-2.137099,0.09311294555664062,1.0,0.9889845848083496
YHL015W,YOR335C,0,-2.1469822,0.09310439974069595,1.0,0.9890847206115723
YGL016W,YGR245C,0,-2.1470947,0.09309584647417068,1.0,0.9891848564147949
YGR055W,YKL006W,0,-2.14993,0.09308730065822601,1.0,0.9892849922180176
YPL183C,YIR026C,0,-2.1506197,0.09307876229286194,1.0,0.9893851280212402
YDR091C,YGR003W,0,-2.1508386,0.09307021647691727,1.0,0.9894852638244629
YIL053W,YJL003W,0,-2.1515713,0.0930616706609726,1.0,0.9895853996276855
YJR073C,YDR284C,0,-2.1569884,0.09305313229560852,1.0,0.9896855354309082
YOR048C,YOR001W,0,-2.1670833,0.09304459393024445,1.0,0.9897856712341309
YNL317W,YGL064C,0,-2.17162,0.09303605556488037,1.0,0.9898858666419983
YGR103W,YBR189W,0,-2.1750479,0.0930275246500969,1.0,0.989986002445221
YJR041C,YBR121C,0,-2.1793034,0.09301898628473282,1.0,0.9900861382484436
YBR034C,YDR110W,0,-2.1899316,0.09301045536994934,1.0,0.9901862740516663
YDL081C,YPL235W,0,-2.1928847,0.09300192445516586,1.0,0.9902864098548889
YMR261C,YFR049W,0,-2.2053301,0.09299339354038239,1.0,0.9903865456581116
YML011C,YNL062C,0,-2.2094977,0.0929848700761795,1.0,0.9904866814613342
YKL032C,YNL216W,0,-2.2110445,0.09297634661197662,1.0,0.9905868172645569
YMR205C,YGR253C,0,-2.214203,0.09296781569719315,1.0,0.9906869530677795
YPL207W,YOR078W,0,-2.2294695,0.09295929223299026,1.0,0.9907870888710022
YCR031C,YER127W,0,-2.2416253,0.09295077621936798,1.0,0.9908872246742249
YOR045W,YBR034C,0,-2.2522807,0.0929422527551651,1.0,0.9909873604774475
YHR088W,YNL221C,0,-2.2536576,0.09293373674154282,1.0,0.9910874962806702
YBL038W,YFR014C,0,-2.2545097,0.09292522072792053,1.0,0.9911876916885376
YGL076C,YPL063W,0,-2.2569306,0.09291670471429825,1.0,0.9912878274917603
YGR254W,YMR158W,0,-2.2611458,0.09290818870067596,1.0,0.9913879632949829
YDR190C,YLR249W,0,-2.2681034,0.09289968013763428,1.0,0.9914880990982056
YDR513W,YOR086C,0,-2.2799222,0.09289117157459259,1.0,0.9915882349014282
YOR117W,YFR050C,0,-2.292571,0.0928826630115509,1.0,0.9916883707046509
YNL023C,YOR048C,0,-2.2961586,0.09287415444850922,1.0,0.9917885065078735
YKL006W,YOR335C,0,-2.3138084,0.09286564588546753,1.0,0.9918886423110962
YIL064W,YHL011C,0,-2.3148043,0.09285714477300644,1.0,0.9919887781143188
YLR044C,YKL196C,0,-2.3239553,0.09284864366054535,1.0,0.9920889139175415
YGL171W,YOR272W,0,-2.3320382,0.09284014254808426,1.0,0.9921890497207642
YJR132W,YHL011C,0,-2.3393426,0.09283164143562317,1.0,0.9922891855239868
YML120C,YMR110C,0,-2.3705232,0.09282314032316208,1.0,0.9923893213272095
YIR004W,YLR150W,0,-2.3799376,0.09281464666128159,1.0,0.9924894571304321
YJL183W,YGL129C,0,-2.3818738,0.09280615299940109,1.0,0.9925896525382996
YDR190C,YJL069C,0,-2.3852804,0.0927976593375206,1.0,0.9926897883415222
YOR078W,YPL179W,0,-2.4005718,0.0927891656756401,1.0,0.9927899241447449
YIR004W,YMR230W,0,-2.4071155,0.09278067201375961,1.0,0.9928900599479675
YGL171W,YPL117C,0,-2.411927,0.09277218580245972,1.0,0.9929901957511902
YLR150W,YGL111W,0,-2.4204674,0.09276369959115982,1.0,0.9930903315544128
YDR091C,YDR300C,0,-2.4656599,0.09275521337985992,1.0,0.9931904673576355
YHR169W,YGL171W,0,-2.4705594,0.09274672716856003,1.0,0.9932906031608582
YLR432W,YLR175W,0,-2.4713314,0.09273824840784073,1.0,0.9933907389640808
YPL210C,YDR292C,0,-2.490032,0.09272976964712143,1.0,0.9934908747673035
YPL173W,YBR191W,0,-2.5024087,0.09272129088640213,1.0,0.9935910105705261
YIL148W,YEL027W,0,-2.5044127,0.09271281212568283,1.0,0.9936911463737488
YER007C-A,YHR170W,0,-2.5128903,0.09270433336496353,1.0,0.9937912821769714
YLR413W,YOR341W,0,-2.5162606,0.09269586205482483,1.0,0.9938914775848389
YKL029C,YGR245C,0,-2.521779,0.09268738329410553,1.0,0.9939916133880615
YHR197W,YIR026C,0,-2.5484114,0.09267891198396683,1.0,0.9940917491912842
YDR471W,YPR100W,0,-2.5550573,0.09267044067382812,1.0,0.9941918849945068
YOR091W,YPL239W,0,-2.5572433,0.09266197681427002,1.0,0.9942920207977295
YJL096W,YLR435W,0,-2.5683382,0.09265350550413132,1.0,0.9943921566009521
YPR169W,YGR245C,0,-2.585451,0.09264504164457321,1.0,0.9944922924041748
YAL059W,YDL031W,0,-2.6086583,0.0926365777850151,1.0,0.9945924282073975
YIL030C,YLR333C,0,-2.6244075,0.092628113925457,1.0,0.9946925640106201
YDL081C,YIL043C,0,-2.626797,0.09261965751647949,1.0,0.9947926998138428
YOR091W,YHR169W,0,-2.6293554,0.09261119365692139,1.0,0.9948928356170654
YMR243C,YLR061W,0,-2.6378756,0.09260273724794388,1.0,0.9949929714202881
YOR236W,YIL096C,0,-2.6411815,0.09259428083896637,1.0,0.9950931072235107
YOR027W,YJR123W,0,-2.6434944,0.09258583188056946,1.0,0.9951932430267334
YJR132W,YLR333C,0,-2.6472728,0.09257737547159195,1.0,0.9952934384346008
YGR103W,YOR004W,0,-2.6477635,0.09256892651319504,1.0,0.9953935742378235
YKL191W,YLR060W,0,-2.6575305,0.09256047755479813,1.0,0.9954937100410461
YML011C,YBR188C,0,-2.6661594,0.09255202859640121,1.0,0.9955938458442688
YPR143W,YDR087C,0,-2.6726062,0.0925435796380043,1.0,0.9956939816474915
YLR333C,YLR175W,0,-2.6815922,0.09253513067960739,1.0,0.9957941174507141
YMR225C,YMR237W,0,-2.6974785,0.09252668917179108,1.0,0.9958942532539368
YHR194W,YJL208C,0,-2.7099574,0.09251824766397476,1.0,0.9959943890571594
YGR103W,YDL031W,0,-2.7121828,0.09250980615615845,1.0,0.9960945248603821
YHR148W,YDR087C,0,-2.7169418,0.09250136464834213,1.0,0.9961946606636047
YPL126W,YLR060W,0,-2.7732675,0.09249293059110641,1.0,0.9962947964668274
YDR002W,YBL072C,0,-2.789644,0.0924844965338707,1.0,0.99639493227005
YLR249W,YBR191W,0,-2.7924829,0.09247606247663498,1.0,0.9964950680732727
YKL029C,YBR121C,0,-2.8170314,0.09246762841939926,1.0,0.9965952038764954
YLR293C,YPR100W,0,-2.832484,0.09245919436216354,1.0,0.9966953992843628
YIL008W,YHR020W,0,-2.8604357,0.09245076775550842,1.0,0.9967955350875854
YGL006W,YFR049W,0,-2.8741572,0.0924423411488533,1.0,0.9968956708908081
YAL059W,YLR061W,0,-2.8756478,0.09243390709161758,1.0,0.9969958066940308
YIL014W,YNR053C,0,-2.877667,0.09242548793554306,1.0,0.9970959424972534
YDR399W,YDR025W,0,-2.8835392,0.09241706132888794,1.0,0.9971960783004761
YJR123W,YPL063W,0,-2.9033492,0.09240864217281342,1.0,0.9972962141036987
YNL062C,YMR131C,0,-2.9282248,0.0924002155661583,1.0,0.9973963499069214
YPR169W,YLR409C,0,-2.9412458,0.09239179641008377,1.0,0.997496485710144
YOR091W,YPL063W,0,-2.9747694,0.09238338470458984,1.0,0.9975966215133667
YLR293C,YBR191W,0,-2.9802206,0.09237496554851532,1.0,0.9976967573165894
YGL076C,YKL081W,0,-3.010052,0.09236655384302139,1.0,0.997796893119812
YIL052C,YGR083C,0,-3.0278933,0.09235813468694687,1.0,0.9978970289230347
YDL081C,YDR276C,0,-3.0351546,0.09234973043203354,1.0,0.9979972243309021
YDR002W,YLR249W,0,-3.060282,0.09234131872653961,1.0,0.9980973601341248
YOR136W,YKL006W,0,-3.123665,0.09233290702104568,1.0,0.9981974959373474
YNL023C,YNR053C,0,-3.161638,0.09232450276613235,1.0,0.9982976317405701
YKL185W,YGR083C,0,-3.2000258,0.09231609851121902,1.0,0.9983977675437927
YLR185W,YKL081W,0,-3.2667806,0.0923076942563057,1.0,0.9984979033470154
YPL043W,YOR272W,0,-3.293555,0.09229929000139236,1.0,0.998598039150238
YLR409C,YLR068W,0,-3.3001943,0.09229088574647903,1.0,0.9986981749534607
YLR333C,YNL247W,0,-3.3065555,0.0922824889421463,1.0,0.9987983107566833
YDR399W,YLR413W,0,-3.3211756,0.09227409213781357,1.0,0.998898446559906
YJL096W,YGL078C,0,-3.4138954,0.09226569533348083,1.0,0.9989985823631287
YOR207C,YHR169W,0,-3.4246209,0.0922572985291481,1.0,0.9990987181663513
YPR100W,YLR175W,0,-3.4566085,0.09224890917539597,1.0,0.999198853969574
YPR110C,YJR123W,0,-3.4770715,0.09224051982164383,1.0,0.9992989897727966
YLR382C,YJL180C,0,-3.6216583,0.0922321230173111,1.0,0.9993991851806641
YOR091W,YLR249W,0,-3.7288282,0.09222374111413956,1.0,0.9994993209838867
YOR253W,YGL016W,0,-3.8647854,0.09221535176038742,1.0,0.9995994567871094
YHR197W,YNL062C,0,-4.1960945,0.09220696240663528,1.0,0.999699592590332
YOR078W,YJL069C,0,-4.360882,0.09219858050346375,1.0,0.9997997283935547
YBR189W,YBL072C,0,-5.4569983,0.0921901986002922,1.0,0.9998998641967773
YLR249W,YHR020W,0,-5.4908657,0.09218181669712067,1.0,1.0
