Gene A,Gene B,Label,Score,Precision,Recall,False Positive Rate
YKR056W,YNL095C,1,11.4240265,1.0,0.0009813542710617185,0.0
YNR018W,YCR047C,1,11.417425,1.0,0.001962708542123437,0.0
YHR070W,YOR243C,1,11.202122,1.0,0.0029440626967698336,0.0
YNL292W,YCL036W,1,11.186508,1.0,0.003925417084246874,0.0
YIL047C,YPL266W,1,11.056806,1.0,0.0049067712388932705,0.0
YKL084W,YLR175W,1,10.891444,1.0,0.005888125393539667,0.0
YDR165W,YNL095C,1,10.713441,1.0,0.006869480013847351,0.0
YLR405W,YGR286C,1,10.611341,1.0,0.007850834168493748,0.0
YHR003C,YIL047C,1,10.468435,1.0,0.008832188323140144,0.0
YER127W,YOL141W,1,10.320822,1.0,0.009813542477786541,0.0
YDR119W,YDR492W,0,10.304085,0.9090909361839294,0.009813542477786541,0.0001001903583528474
YCR060W,YML080W,1,10.227661,0.9166666865348816,0.010794896632432938,0.0001001903583528474
YML113W,YPR137W,1,10.2066345,0.9230769276618958,0.011776250787079334,0.0001001903583528474
YPL030W,YLR419W,1,10.203451,0.9285714030265808,0.012757605873048306,0.0001001903583528474
YPL086C,YOL141W,1,10.164847,0.9333333373069763,0.013738960027694702,0.0001001903583528474
YNL062C,YDL036C,1,10.158281,0.9375,0.014720314182341099,0.0001001903583528474
YOL140W,YOL124C,1,10.143545,0.9411764740943909,0.015701668336987495,0.0001001903583528474
YMR288W,YOL141W,1,9.962252,0.9444444179534912,0.016683023422956467,0.0001001903583528474
YJR129C,YIL047C,1,9.903732,0.9473684430122375,0.01766437664628029,0.0001001903583528474
YDR492W,YOR243C,1,9.832958,0.949999988079071,0.01864573173224926,0.0001001903583528474
YBR061C,YOR269W,1,9.750391,0.9523809552192688,0.019627084955573082,0.0001001903583528474
YML014W,YNR046W,1,9.623209,0.9545454382896423,0.020608440041542053,0.0001001903583528474
YLR401C,YOL137W,1,9.598242,0.95652174949646,0.021589793264865875,0.0001001903583528474
YLR401C,YHL013C,0,9.579809,0.9166666865348816,0.021589793264865875,0.0002003807167056948
YLR405W,YCR047C,1,9.576043,0.9200000166893005,0.022571148350834846,0.0002003807167056948
YIL145C,YPL266W,1,9.535177,0.9230769276618958,0.02355250157415867,0.0002003807167056948
YPL086C,YDR281C,1,9.530865,0.9259259104728699,0.02453385666012764,0.0002003807167056948
YHR070W,YGR200C,1,9.5224,0.9285714030265808,0.02551521174609661,0.0002003807167056948
YHR206W,YCL054W,1,9.501791,0.931034505367279,0.026496564969420433,0.0002003807167056948
YNL062C,YOR308C,1,9.480492,0.9333333373069763,0.027477920055389404,0.0002003807167056948
YGL211W,YBL055C,1,9.39437,0.9354838728904724,0.028459273278713226,0.0002003807167056948
YLR401C,YLL035W,0,9.315197,0.90625,0.028459273278713226,0.0003005710896104574
YNR018W,YOR206W,0,9.303656,0.8787878751754761,0.028459273278713226,0.0004007614334113896
YBR141C,YPL212C,1,9.301506,0.8823529481887817,0.029440628364682198,0.0004007614334113896
YER115C,YPR137W,1,9.285517,0.8857142925262451,0.03042198158800602,0.0004007614334113896
YNL191W,YPR137W,1,9.239754,0.8888888955116272,0.03140333667397499,0.0004007614334113896
YCL036W,YPL212C,1,9.239206,0.8918918967247009,0.03238468989729881,0.0004007614334113896
YPL108W,YCL054W,1,9.237368,0.8947368264198303,0.03336604684591293,0.0004007614334113896
YDL112W,YKR080W,1,9.230194,0.8974359035491943,0.034347400069236755,0.0004007614334113896
YJR129C,YOL124C,1,9.161633,0.8999999761581421,0.03532875329256058,0.0004007614334113896
YDR524C,YNL095C,1,9.132574,0.9024389982223511,0.0363101065158844,0.0004007614334113896
YGL211W,YJL125C,1,9.065093,0.9047619104385376,0.03729146346449852,0.0004007614334113896
YDR441C,YJL125C,1,8.975241,0.9069767594337463,0.03827281668782234,0.0004007614334113896
YOL137W,YDR198C,0,8.944557,0.8863636255264282,0.03827281668782234,0.0005009518354199827
YNL062C,YDL208W,1,8.931735,0.8888888955116272,0.039254169911146164,0.0005009518354199827
YHR070W,YNL095C,1,8.924397,0.8913043737411499,0.040235526859760284,0.0005009518354199827
YDR492W,YLR052W,1,8.923595,0.8936170339584351,0.041216880083084106,0.0005009518354199827
YER073W,YJR002W,0,8.885047,0.875,0.041216880083084106,0.0006011421792209148
YKL166C,YPL207W,1,8.883686,0.8775510191917419,0.04219823330640793,0.0006011421792209148
YLR214W,YPL252C,1,8.87668,0.8799999952316284,0.04317958652973175,0.0006011421792209148
YOL140W,YMR288W,1,8.873239,0.8823529481887817,0.04416094347834587,0.0006011421792209148
YLR401C,YOL093W,1,8.863677,0.8846153616905212,0.04514229670166969,0.0006011421792209148
YMR153W,YJR129C,1,8.855915,0.8867924809455872,0.046123649924993515,0.0006011421792209148
YLR419W,YER127W,1,8.843428,0.8888888955116272,0.04710500314831734,0.0006011421792209148
YOL137W,YNR054C,0,8.768009,0.8727272748947144,0.04710500314831734,0.000701332523021847
YNR018W,YHR058C,1,8.760887,0.875,0.04808636009693146,0.000701332523021847
YNL062C,YPL252C,1,8.74703,0.8771929740905762,0.04906771332025528,0.000701332523021847
YOL141W,YGR123C,0,8.731896,0.8620689511299133,0.04906771332025528,0.0008015228668227792
YHR070W,YDR441C,1,8.720461,0.8644067645072937,0.0500490665435791,0.0008015228668227792
YIL103W,YHR196W,0,8.668218,0.8500000238418579,0.0500490665435791,0.0009017132688313723
YNR018W,YNR015W,1,8.641926,0.8524590134620667,0.05103042349219322,0.0009017132688313723
YBR061C,YKR038C,1,8.628567,0.8548387289047241,0.052011776715517044,0.0009017132688313723
YPL212C,YCL054W,1,8.626944,0.8571428656578064,0.052993129938840866,0.0009017132688313723
YKL166C,YOL093W,1,8.625799,0.859375,0.05397448316216469,0.0009017132688313723
YDR441C,YOL124C,1,8.561802,0.8615384697914124,0.05495584011077881,0.0009017132688313723
YDR281C,YLR265C,0,8.527566,0.8484848737716675,0.05495584011077881,0.0010019036708399653
YJR055W,YML005W,1,8.515359,0.8507462739944458,0.05593719333410263,0.0010019036708399653
YDR120C,YOR306C,1,8.486511,0.8529411554336548,0.05691854655742645,0.0010019036708399653
YDR120C,YOR118W,1,8.482836,0.8550724387168884,0.05789990350604057,0.0010019036708399653
YPL012W,YER115C,0,8.482596,0.8428571224212646,0.05789990350604057,0.0011020939564332366
YPL012W,YJL090C,0,8.480518,0.8309859037399292,0.05789990350604057,0.0012022843584418297
YPL252C,YOL137W,1,8.440669,0.8333333134651184,0.058881256729364395,0.0012022843584418297
YNL292W,YDL043C,1,8.402836,0.835616409778595,0.05986260995268822,0.0012022843584418297
YIL061C,YOL093W,1,8.39945,0.837837815284729,0.06084396317601204,0.0012022843584418297
YNL254C,YNL095C,1,8.377966,0.8399999737739563,0.06182532012462616,0.0012022843584418297
YCR060W,YBR141C,1,8.368004,0.8421052694320679,0.06280667334794998,0.0012022843584418297
YDL036C,YOL125W,1,8.366095,0.8441558480262756,0.0637880265712738,0.0012022843584418297
YKR056W,YDR478W,1,8.328197,0.8461538553237915,0.06476937979459763,0.0012022843584418297
YER073W,YPR144C,0,8.301128,0.8354430198669434,0.06476937979459763,0.001302474644035101
YLR175W,YOL137W,1,8.292187,0.8374999761581421,0.06575073301792145,0.001302474644035101
YBR021W,YER127W,1,8.280184,0.8395061492919922,0.06673209369182587,0.001302474644035101
YHR070W,YNL065W,1,8.221948,0.8414633870124817,0.06771344691514969,0.001302474644035101
YOR098C,YDL201W,1,8.213007,0.8433734774589539,0.06869480013847351,0.001302474644035101
YBR061C,YOR274W,1,8.190462,0.8452380895614624,0.06967615336179733,0.001302474644035101
YLR316C,YBL024W,1,8.173412,0.8470588326454163,0.07065750658512115,0.001302474644035101
YER115C,YCL054W,1,8.168646,0.8488371968269348,0.07163885980844498,0.001302474644035101
YDL227C,YNL062C,1,8.145461,0.8505747318267822,0.0726202130317688,0.001302474644035101
YOR308C,YKR038C,1,8.107379,0.8522727489471436,0.07360157370567322,0.001302474644035101
YPR137W,YCL036W,1,8.107046,0.8539325594902039,0.07458292692899704,0.001302474644035101
YLR405W,YNL035C,1,8.083042,0.855555534362793,0.07556428015232086,0.001302474644035101
YJL125C,YER140W,1,8.072128,0.8571428656578064,0.07654563337564468,0.001302474644035101
YNL113W,YBR093C,0,8.054278,0.8478260636329651,0.07654563337564468,0.001402665046043694
YLR401C,YLR316C,1,8.042376,0.8494623899459839,0.0775269865989685,0.001402665046043694
YMR268C,YPL212C,1,8.034057,0.8510638475418091,0.07850833982229233,0.001402665046043694
YPL030W,YHR187W,1,8.031252,0.8526315689086914,0.07948969304561615,0.001402665046043694
YPL226W,YKL183W,0,8.026292,0.84375,0.07948969304561615,0.001502855448052287
YBR261C,YDR478W,1,8.021183,0.8453608155250549,0.08047105371952057,0.001502855448052287
YGL236C,YNL065W,1,7.9716167,0.8469387888908386,0.08145240694284439,0.001502855448052287
YBR104W,YAR014C,0,7.969993,0.8383838534355164,0.08145240694284439,0.0016030457336455584
YPR125W,YDR364C,1,7.9679923,0.8399999737739563,0.08243376016616821,0.0016030457336455584
YOL140W,YDL112W,1,7.9468327,0.8415841460227966,0.08341511338949203,0.0016030457336455584
YCL036W,YHR058C,1,7.946427,0.843137264251709,0.08439646661281586,0.0016030457336455584
YER115C,YDR281C,1,7.92355,0.844660222530365,0.08537781983613968,0.0016030457336455584
YDR156W,YDR120C,1,7.919872,0.8461538553237915,0.0863591730594635,0.0016030457336455584
YOL140W,YIL145C,1,7.885125,0.8476190567016602,0.08734052628278732,0.0016030457336455584
YLR401C,YOL130W,1,7.8848734,0.849056601524353,0.08832188695669174,0.0016030457336455584
YJR056C,YNR046W,1,7.8762474,0.8504672646522522,0.08930324018001556,0.0016030457336455584
YMR312W,YIL145C,1,7.8273654,0.8518518805503845,0.09028459340333939,0.0016030457336455584
YPL030W,YDR478W,1,7.8140173,0.853210985660553,0.09126594662666321,0.0016030457336455584
YOR308C,YBR002C,1,7.796838,0.8545454740524292,0.09224729984998703,0.0016030457336455584
YDR281C,YOL141W,1,7.7350783,0.8558558821678162,0.09322865307331085,0.0016030457336455584
YLR323C,YPL266W,1,7.714094,0.8571428656578064,0.09421000629663467,0.0016030457336455584
YPL193W,YMR288W,1,7.710162,0.8584070801734924,0.09519136697053909,0.0016030457336455584
YMR211W,YPL212C,1,7.7043815,0.859649121761322,0.09617272019386292,0.0016030457336455584
YIL047C,YFR038W,1,7.696601,0.8608695864677429,0.09715407341718674,0.0016030457336455584
YHR031C,YBR141C,1,7.693806,0.8620689511299133,0.09813542664051056,0.0016030457336455584
YNR046W,YML123C,1,7.6810327,0.8632478713989258,0.09911677986383438,0.0016030457336455584
YCR054C,YBR002C,1,7.6720567,0.8644067645072937,0.1000981330871582,0.0016030457336455584
YML080W,YNL050C,1,7.6699486,0.8655462265014648,0.10107948631048203,0.0016030457336455584
YML113W,YCR054C,1,7.6626287,0.8666666746139526,0.10206084698438644,0.0016030457336455584
YBR061C,YHR032W,1,7.650074,0.8677685856819153,0.10304220020771027,0.0016030457336455584
YCR060W,YHR089C,1,7.6467204,0.868852436542511,0.10402355343103409,0.0016030457336455584
YOL137W,YDR240C,1,7.631718,0.869918704032898,0.10500490665435791,0.0016030457336455584
YKL110C,YPL207W,1,7.5864053,0.8709677457809448,0.10598625987768173,0.0016030457336455584
YNL062C,YOL054W,1,7.586078,0.871999979019165,0.10696761310100555,0.0016030457336455584
YDR492W,YLR323C,1,7.5828958,0.8730158805847168,0.10794896632432938,0.0016030457336455584
YHR003C,YER127W,1,7.5791297,0.874015748500824,0.1089303269982338,0.0016030457336455584
YMR312W,YDR206W,1,7.5766397,0.875,0.10991168022155762,0.0016030457336455584
YKR080W,YGR090W,0,7.5680566,0.8682170510292053,0.10991168022155762,0.0017032361356541514
YBR267W,YMR016C,0,7.5544944,0.8615384697914124,0.10991168022155762,0.0018034265376627445
YOL125W,YMR014W,0,7.549991,0.8549618124961853,0.10991168022155762,0.0019036168232560158
YLR405W,YMR288W,1,7.5322886,0.8560606241226196,0.11089303344488144,0.0019036168232560158
YNL062C,YHR046C,1,7.5298276,0.8571428656578064,0.11187438666820526,0.0019036168232560158
YJL035C,YKR044W,1,7.521965,0.858208954334259,0.11285573989152908,0.0019036168232560158
YBR104W,YOL109W,0,7.495857,0.8518518805503845,0.11285573989152908,0.0020038073416799307
YCR060W,YJR129C,1,7.4876904,0.8529411554336548,0.1138370931148529,0.0020038073416799307
YDL039C,YMR093W,0,7.4821267,0.8467153310775757,0.1138370931148529,0.002103997627273202
YLR401C,YLR323C,1,7.4755435,0.8478260636329651,0.11481844633817673,0.002103997627273202
YER115C,YPL068C,1,7.4679437,0.8489208817481995,0.11579980701208115,0.002103997627273202
YPL175W,YHR187W,1,7.467011,0.8500000238418579,0.11678116023540497,0.002103997627273202
YBR261C,YNL124W,0,7.4602637,0.8439716100692749,0.11678116023540497,0.002204187912866473
YLR405W,YFL001W,1,7.4513206,0.8450704216957092,0.11776251345872879,0.002204187912866473
YDL227C,YER168C,1,7.449971,0.8461538553237915,0.11874386668205261,0.002204187912866473
YPL252C,YOL093W,1,7.4460235,0.8472222089767456,0.11972521990537643,0.002204187912866473
YBR135W,YER013W,0,7.4382644,0.8413792848587036,0.11972521990537643,0.002304378431290388
YDR239C,YER127W,1,7.423034,0.8424657583236694,0.12070657312870026,0.002304378431290388
YCL036W,YBL055C,1,7.4179206,0.8435373902320862,0.12168792635202408,0.002304378431290388
YLR405W,YHR187W,1,7.3942943,0.8445945978164673,0.1226692870259285,0.002304378431290388
YDL227C,YLR014C,1,7.3940916,0.8456375598907471,0.12365064024925232,0.002304378431290388
YHR070W,YGL079W,1,7.3904195,0.846666693687439,0.12463199347257614,0.002304378431290388
YKL038W,YGL206C,0,7.389569,0.8410596251487732,0.12463199347257614,0.0024045687168836594
YDR478W,YNL095C,1,7.3575115,0.8421052694320679,0.12561334669589996,0.0024045687168836594
YCR060W,YPL108W,1,7.3547697,0.843137264251709,0.12659470736980438,0.0024045687168836594
YLR430W,YNL095C,1,7.351711,0.8441558480262756,0.1275760531425476,0.0024045687168836594
YDL227C,YPL207W,1,7.3428707,0.8451613187789917,0.12855741381645203,0.0024045687168836594
YGR200C,YML123C,1,7.331478,0.8461538553237915,0.12953875958919525,0.0024045687168836594
YDL039C,YPL212C,1,7.3058505,0.8471337556838989,0.13052012026309967,0.0024045687168836594
YHR129C,YDR478W,0,7.2971168,0.8417721390724182,0.13052012026309967,0.0025047590024769306
YBR261C,YNR018W,1,7.295768,0.8427672982215881,0.1315014660358429,0.0025047590024769306
YDR492W,YBR291C,0,7.289767,0.8374999761581421,0.1315014660358429,0.002604949288070202
YHR070W,YDL129W,1,7.2814574,0.8385093212127686,0.13248282670974731,0.002604949288070202
YLR401C,YNL065W,1,7.2747655,0.8395061492919922,0.13346418738365173,0.002604949288070202
YOL093W,YGR286C,1,7.273296,0.8404908180236816,0.13444553315639496,0.002604949288070202
YHR003C,YOR118W,1,7.267236,0.8414633870124817,0.13542689383029938,0.002604949288070202
YKL186C,YNR046W,1,7.2549057,0.842424213886261,0.1364082396030426,0.002604949288070202
YNL254C,YOR118W,1,7.252976,0.8433734774589539,0.13738960027694702,0.002604949288070202
YCR047C,YBR227C,0,7.2431016,0.8383233547210693,0.13738960027694702,0.0027051398064941168
YHR187W,YNR015W,1,7.239434,0.8392857313156128,0.13837094604969025,0.0027051398064941168
YPL068C,YOL141W,1,7.219709,0.8402366638183594,0.13935230672359467,0.0027051398064941168
YPL030W,YDL112W,1,7.211278,0.841176450252533,0.14033366739749908,0.0027051398064941168
YIL145C,YNL050C,1,7.2111187,0.8421052694320679,0.1413150131702423,0.0027051398064941168
YJR055W,YLR014C,1,7.199389,0.8430232405662537,0.14229637384414673,0.0027051398064941168
YOL140W,YBL055C,1,7.1964417,0.8439306616783142,0.14327771961688995,0.0027051398064941168
YMR288W,YBL024W,1,7.1882234,0.8448275923728943,0.14425908029079437,0.0027051398064941168
YGL236C,YOL141W,1,7.1872563,0.845714271068573,0.1452404260635376,0.0027051398064941168
YFR037C,YHR031C,1,7.17827,0.8465909361839294,0.14622178673744202,0.0027051398064941168
YJL025W,YIL039W,0,7.1760216,0.8418079018592834,0.14622178673744202,0.002805330092087388
YIL145C,YKL033W,1,7.172088,0.8426966071128845,0.14720314741134644,0.002805330092087388
YBL039C,YPL030W,0,7.1694856,0.8379888534545898,0.14720314741134644,0.0029055203776806593
YFL001W,YER140W,1,7.163831,0.8388888835906982,0.14818449318408966,0.0029055203776806593
YBL024W,YFR038W,1,7.1560388,0.8397790193557739,0.14916585385799408,0.0029055203776806593
YER168C,YJR002W,0,7.1554093,0.8351648449897766,0.14916585385799408,0.003005710896104574
YPL068C,YLR014C,1,7.155168,0.8360655903816223,0.1501471996307373,0.003005710896104574
YPL038W,YGR195W,0,7.1515865,0.83152174949646,0.1501471996307373,0.0031059011816978455
YPL086C,YLR316C,1,7.144662,0.8324324488639832,0.15112856030464172,0.0031059011816978455
YNL062C,YKL183W,1,7.1349115,0.8333333134651184,0.15210990607738495,0.0031059011816978455
YKR056W,YJR129C,1,7.131908,0.8342245817184448,0.15309126675128937,0.0031059011816978455
YNL062C,YCL029C,1,7.119326,0.835106372833252,0.1540726274251938,0.0031059011816978455
YPL068C,YER140W,1,7.117665,0.8359788656234741,0.155053973197937,0.0031059011816978455
YPR137W,YLR430W,1,7.1079326,0.8368421196937561,0.15603533387184143,0.0031059011816978455
YMR288W,YIL061C,1,7.105583,0.8376963138580322,0.15701667964458466,0.0031059011816978455
YDL112W,YFR034C,1,7.1034036,0.8385416865348816,0.15799804031848907,0.0031059011816978455
YML113W,YER180C,1,7.10103,0.8393782377243042,0.1589793860912323,0.0031059011816978455
YCR047C,YNL035C,1,7.0962224,0.8402062058448792,0.15996074676513672,0.0031059011816978455
YGL079W,YDL039C,1,7.081417,0.8410256505012512,0.16094210743904114,0.0031059011816978455
YER140W,YBL055C,1,7.07645,0.8418367505073547,0.16192345321178436,0.0031059011816978455
YKL186C,YPR125W,1,7.059506,0.8426395654678345,0.16290481388568878,0.0031059011816978455
YBR195C,YHR206W,1,7.0522285,0.8434343338012695,0.163886159658432,0.0031059011816978455
YDL043C,YHR003C,1,7.0490074,0.8442211151123047,0.16486752033233643,0.0031059011816978455
YKR080W,YLR014C,1,7.048818,0.8450000286102295,0.16584886610507965,0.0031059011816978455
YBR267W,YMR300C,0,7.0480123,0.8407959938049316,0.16584886610507965,0.0032060914672911167
YMR241W,YLR419W,0,7.042875,0.8366336822509766,0.16584886610507965,0.0033062819857150316
YDL039C,YDL051W,0,7.0103955,0.8325123190879822,0.16584886610507965,0.003406472271308303
YPL012W,YER140W,0,7.0035458,0.8284313678741455,0.16584886610507965,0.003506662556901574
YIL061C,YBL024W,1,7.003073,0.8292682766914368,0.16683022677898407,0.003506662556901574
YNL072W,YOR251C,1,6.990257,0.8300970792770386,0.1678115725517273,0.003506662556901574
YMR079W,YJR016C,0,6.9771447,0.8260869383811951,0.1678115725517273,0.003606853075325489
YJR055W,YAR014C,1,6.965136,0.8269230723381042,0.1687929332256317,0.003606853075325489
YLR126C,YOR095C,0,6.9630847,0.8229665160179138,0.1687929332256317,0.0037070433609187603
YOL028C,YCL054W,1,6.9615746,0.8238095045089722,0.16977429389953613,0.0037070433609187603
YER140W,YCR072C,0,6.958529,0.8199052214622498,0.16977429389953613,0.0038072336465120316
YPL226W,YMR288W,0,6.9540854,0.8160377144813538,0.16977429389953613,0.003907423932105303
YHR003C,YOR243C,1,6.9403768,0.8169013857841492,0.17075563967227936,0.003907423932105303
YFR034C,YPL212C,1,6.9368224,0.8177570104598999,0.17173700034618378,0.003907423932105303
YDR312W,YCR048W,0,6.936264,0.8139534592628479,0.17173700034618378,0.004007614683359861
YGR200C,YPL108W,1,6.933842,0.8148148059844971,0.172718346118927,0.004007614683359861
YLR316C,YDR240C,1,6.933041,0.8156682252883911,0.17369970679283142,0.004007614683359861
YKR044W,YDR165W,1,6.9323077,0.8165137767791748,0.17468105256557465,0.004007614683359861
YMR153W,YER180C,1,6.9265046,0.8173515796661377,0.17566241323947906,0.004007614683359861
YPR112C,YDL043C,0,6.9246497,0.8136363625526428,0.17566241323947906,0.004107804968953133
YDL033C,YDL201W,1,6.915787,0.814479649066925,0.17664377391338348,0.004107804968953133
YKL084W,YML014W,1,6.9086423,0.815315306186676,0.1776251196861267,0.004107804968953133
YOR098C,YJL125C,1,6.9072137,0.8161435127258301,0.17860648036003113,0.004107804968953133
YML014W,YFR036W,1,6.899538,0.8169642686843872,0.17958782613277435,0.004107804968953133
YCR060W,YER180C,1,6.889039,0.8177777528762817,0.18056918680667877,0.004107804968953133
YDL051W,YDR527W,0,6.88188,0.8141592741012573,0.18056918680667877,0.004207995254546404
YEL053C,YBR141C,1,6.8789606,0.8149779438972473,0.181550532579422,0.004207995254546404
YNL002C,YEL053C,0,6.869809,0.8114035129547119,0.181550532579422,0.004308185540139675
YLR090W,YNL186W,0,6.866614,0.807860255241394,0.181550532579422,0.004408375825732946
YOR243C,YKL183W,1,6.8630767,0.8086956739425659,0.18253189325332642,0.004408375825732946
YKL110C,YLR197W,1,6.857556,0.8095238208770752,0.18351325392723083,0.004408375825732946
YFL001W,YNR015W,1,6.8490777,0.8103448152542114,0.18449459969997406,0.004408375825732946
YEL046C,YJL125C,1,6.8408427,0.8111587762832642,0.18547596037387848,0.004408375825732946
YOL029C,YDL208W,1,6.8284698,0.811965823173523,0.1864573061466217,0.004408375825732946
YNL072W,YHR206W,1,6.814669,0.8127659559249878,0.18743866682052612,0.004408375825732946
YMR288W,YNR015W,1,6.8138747,0.8135592937469482,0.18842001259326935,0.004408375825732946
YJR055W,YJR070C,0,6.7943006,0.8101266026496887,0.18842001259326935,0.004508566111326218
YLR175W,YOR118W,1,6.789499,0.8109243512153625,0.18940137326717377,0.004508566111326218
YPL068C,YBL069W,1,6.7882056,0.8117154836654663,0.19038273394107819,0.004508566111326218
YKL110C,YDR352W,1,6.786836,0.8125,0.1913640797138214,0.004508566111326218
YEL036C,YPL266W,1,6.782736,0.8132780194282532,0.19234544038772583,0.004508566111326218
YPL030W,YBR261C,1,6.7776084,0.8140496015548706,0.19332678616046906,0.004508566111326218
YCR060W,YDL014W,1,6.7751164,0.8148148059844971,0.19430814683437347,0.004508566111326218
YGL211W,YDL208W,1,6.7717657,0.8155737519264221,0.1952894926071167,0.004508566111326218
YNL227C,YJR055W,0,6.7703314,0.8122448921203613,0.1952894926071167,0.004608756862580776
YLR401C,YHR031C,1,6.7665753,0.8130081295967102,0.19627085328102112,0.004608756862580776
YNR027W,YMR177W,1,6.758865,0.8137651681900024,0.19725221395492554,0.004608756862580776
YDR478W,YHR206W,1,6.7561994,0.8145161271095276,0.19823355972766876,0.004608756862580776
YDL122W,YCL054W,1,6.7479534,0.8152610659599304,0.19921492040157318,0.004608756862580776
YOR205C,YER127W,1,6.742102,0.8159999847412109,0.2001962661743164,0.004608756862580776
YDR239C,YPL266W,1,6.7348,0.8167330622673035,0.20117762684822083,0.004608756862580776
YLR401C,YOR274W,1,6.721018,0.817460298538208,0.20215897262096405,0.004608756862580776
YAR014C,YLR197W,1,6.7130523,0.8181818127632141,0.20314033329486847,0.004608756862580776
YPL207W,YPL212C,1,6.7123165,0.8188976645469666,0.2041216939687729,0.004608756862580776
YDR492W,YOL137W,1,6.7105594,0.8196078538894653,0.2051030397415161,0.004608756862580776
YGL079W,YPL086C,1,6.709412,0.8203125,0.20608440041542053,0.004608756862580776
YOR098C,YBL024W,1,6.7074275,0.8210116624832153,0.20706574618816376,0.004608756862580776
YGR200C,YER075C,1,6.698297,0.8217054009437561,0.20804710686206818,0.004608756862580776
YGL086W,YNL207W,0,6.695598,0.8185328245162964,0.20804710686206818,0.0047089471481740475
YKL084W,YOL137W,1,6.6955285,0.8192307949066162,0.2090284526348114,0.0047089471481740475
YLR336C,YER147C,0,6.6933246,0.8160919547080994,0.2090284526348114,0.004809137433767319
YBR061C,YBR239C,1,6.6926866,0.8167939186096191,0.21000981330871582,0.004809137433767319
YHR031C,YDL112W,1,6.6878357,0.8174905180931091,0.21099117398262024,0.004809137433767319
YNR018W,YML074C,0,6.680818,0.814393937587738,0.21099117398262024,0.00490932771936059
YLR401C,YDL227C,1,6.6771317,0.8150943517684937,0.21197251975536346,0.00490932771936059
YDL030W,YJR129C,1,6.6726427,0.8157894611358643,0.21295388042926788,0.00490932771936059
YNR018W,YKL166C,1,6.6707177,0.8164793848991394,0.2139352262020111,0.00490932771936059
YNL050C,YLR197W,1,6.6668143,0.8171641826629639,0.21491658687591553,0.00490932771936059
YEL046C,YNR015W,1,6.6622105,0.8178438544273376,0.21589793264865875,0.00490932771936059
YOL045W,YDR120C,0,6.6394563,0.8148148059844971,0.21589793264865875,0.005009518004953861
YNL095C,YDR478W,1,6.635657,0.8154981732368469,0.21687929332256317,0.005009518004953861
YMR283C,YER180C,1,6.6350303,0.8161764740943909,0.2178606539964676,0.005009518004953861
YDR281C,YER140W,1,6.6324606,0.8168498277664185,0.21884199976921082,0.005009518004953861
YKR044W,YDR156W,1,6.6320395,0.8175182342529297,0.21982336044311523,0.005009518004953861
YMR094W,YBR141C,0,6.6277885,0.8145454525947571,0.21982336044311523,0.0051097082905471325
YOL028C,YLR014C,1,6.617492,0.8152173757553101,0.22080470621585846,0.0051097082905471325
YBR261C,YER137C,1,6.6138663,0.8158844709396362,0.22178606688976288,0.0051097082905471325
YNR018W,YNL245C,1,6.6099677,0.8165467381477356,0.2227674126625061,0.0051097082905471325
YGR271C-A,YGL079W,0,6.5929666,0.8136200904846191,0.2227674126625061,0.005209898576140404
YEL046C,YCL036W,1,6.585565,0.8142856955528259,0.22374877333641052,0.005209898576140404
YIL090W,YBR021W,0,6.5789447,0.8113878965377808,0.22374877333641052,0.005310089327394962
YDL043C,YPL101W,1,6.5721927,0.8120567202568054,0.22473013401031494,0.005310089327394962
YGR169C,YER127W,1,6.5709586,0.8127208352088928,0.22571147978305817,0.005310089327394962
YER180C,YNR015W,1,6.56058,0.8133803009986877,0.22669284045696259,0.005310089327394962
YMR042W,YOR149C,0,6.559845,0.8105263113975525,0.22669284045696259,0.0054102796129882336
YCR060W,YHL026C,1,6.5542083,0.811188817024231,0.2276741862297058,0.0054102796129882336
YBR261C,YER127W,1,6.5450277,0.8118466734886169,0.22865554690361023,0.0054102796129882336
YNL292W,YPL266W,1,6.5351434,0.8125,0.22963689267635345,0.0054102796129882336
YER140W,YDL209C,1,6.5124135,0.8131487965583801,0.23061825335025787,0.0054102796129882336
YOR306C,YNL050C,1,6.502793,0.8137931227684021,0.2315996140241623,0.0054102796129882336
YLR401C,YMR283C,1,6.501158,0.8144329786300659,0.23258095979690552,0.0054102796129882336
YGL079W,YMR288W,1,6.490644,0.8150684833526611,0.23356232047080994,0.0054102796129882336
YER060W,YNL095C,1,6.4891686,0.8156996369361877,0.23454366624355316,0.0054102796129882336
YDL122W,YLL035W,0,6.475536,0.8129251599311829,0.23454366624355316,0.005510469898581505
YLR405W,YDL208W,1,6.4659524,0.8135592937469482,0.23552502691745758,0.005510469898581505
YBR239C,YHR089C,1,6.459665,0.8141891956329346,0.2365063726902008,0.005510469898581505
YLR380W,YNR011C,0,6.454753,0.81144779920578,0.2365063726902008,0.005610660184174776
YDL039C,YLR316C,1,6.4498124,0.8120805621147156,0.23748773336410522,0.005610660184174776
YOL093W,YDL201W,1,6.449023,0.8127090334892273,0.23846909403800964,0.005610660184174776
YKR038C,YDR240C,1,6.44585,0.8133333325386047,0.23945043981075287,0.005610660184174776
YNR027W,YJL035C,1,6.4333844,0.8139534592628479,0.2404318004846573,0.005610660184174776
YPL175W,YOL125W,1,6.4228024,0.8145695328712463,0.2414131462574005,0.005610660184174776
YLR214W,YOR306C,1,6.422092,0.8151814937591553,0.24239450693130493,0.005610660184174776
YGR177C,YGL099W,0,6.421897,0.8125,0.24239450693130493,0.005710850469768047
YKR081C,YEL046C,0,6.415297,0.8098360896110535,0.24239450693130493,0.005811040755361319
YOL002C,YJL200C,0,6.4119678,0.8071895241737366,0.24239450693130493,0.005911231506615877
YKR056W,YNL035C,1,6.39493,0.8078175783157349,0.24337585270404816,0.005911231506615877
YOR205C,YNR046W,1,6.388704,0.8084415793418884,0.24435721337795258,0.005911231506615877
YHR085W,YLR226W,0,6.38709,0.8058252334594727,0.24435721337795258,0.006011421792209148
YMR016C,YPR137W,1,6.377134,0.8064516186714172,0.245338574051857,0.006011421792209148
YCR047C,YDL036C,1,6.3763022,0.8070739507675171,0.24631991982460022,0.006011421792209148
YMR312W,YFL001W,1,6.374239,0.807692289352417,0.24730128049850464,0.006011421792209148
YER137C,YNR015W,1,6.365536,0.8083066940307617,0.24828262627124786,0.006011421792209148
YMR234W,YJR067C,1,6.3652654,0.808917224407196,0.24926398694515228,0.006011421792209148
YLR175W,YOL141W,1,6.3643956,0.8095238208770752,0.2502453327178955,0.006011421792209148
YPL108W,YOL124C,1,6.363417,0.8101266026496887,0.2512266933917999,0.006011421792209148
YHR031C,YFR036W,1,6.360095,0.8107255697250366,0.25220805406570435,0.006011421792209148
YLR405W,YER180C,1,6.358723,0.8113207817077637,0.25318941473960876,0.006011421792209148
YLR419W,YDR524C,1,6.3578916,0.8119122385978699,0.2541707456111908,0.006011421792209148
YOL054W,YOL029C,1,6.3455844,0.8125,0.2551521062850952,0.006011421792209148
YDR492W,YDL043C,1,6.345202,0.8130841255187988,0.25613346695899963,0.006011421792209148
YOL137W,YOR196C,0,6.342443,0.8105590343475342,0.25613346695899963,0.00611161207780242
YKL084W,YCR047C,1,6.3327284,0.8111454844474792,0.25711482763290405,0.00611161207780242
YBR074W,YGR271C-A,0,6.318711,0.8086419701576233,0.25711482763290405,0.006211802363395691
YNL254C,YGR286C,1,6.3153596,0.8092307448387146,0.2580961585044861,0.006211802363395691
YAR014C,YDR206W,1,6.3125396,0.8098159432411194,0.2590775191783905,0.006211802363395691
YKR038C,YHR089C,1,6.310249,0.8103975653648376,0.2600588798522949,0.006211802363395691
YDR441C,YMR268C,1,6.310149,0.8109756112098694,0.26104024052619934,0.006211802363395691
YFR034C,YER140W,1,6.3062987,0.8115501403808594,0.26202160120010376,0.006211802363395691
YOL054W,YAR014C,1,6.3041663,0.8121212124824524,0.2630029320716858,0.006211802363395691
YAL020C,YER115C,1,6.30221,0.8126888275146484,0.2639842927455902,0.006211802363395691
YHR003C,YDR524C,1,6.2958155,0.8132529854774475,0.26496565341949463,0.006211802363395691
YMR177W,YHR003C,1,6.28392,0.8138138055801392,0.26594701409339905,0.006211802363395691
YER168C,YJL125C,1,6.277919,0.8143712282180786,0.26692837476730347,0.006211802363395691
YPL252C,YBR153W,1,6.2658215,0.8149253726005554,0.2679097056388855,0.006211802363395691
YNL062C,YPL086C,1,6.2559214,0.8154761791229248,0.2688910663127899,0.006211802363395691
YLR188W,YKL125W,0,6.2553887,0.8130564093589783,0.2688910663127899,0.006311992648988962
YML080W,YPL108W,1,6.2519536,0.8136094808578491,0.26987242698669434,0.006311992648988962
YOR308C,YJL050W,0,6.239061,0.8112094402313232,0.26987242698669434,0.006412182934582233
YLR316C,YLR430W,1,6.2307296,0.8117647171020508,0.27085378766059875,0.006412182934582233
YNL245C,YLR226W,1,6.227493,0.8123167157173157,0.2718351185321808,0.006412182934582233
YML080W,YER168C,1,6.2245717,0.8128654956817627,0.2728164792060852,0.006412182934582233
YHR031C,YBL023C,1,6.2203035,0.8134110569953918,0.2737978398799896,0.006412182934582233
YJR055W,YHR058C,1,6.211085,0.8139534592628479,0.27477920055389404,0.006412182934582233
YJL025W,YHR089C,0,6.2101493,0.8115941882133484,0.27477920055389404,0.006512373685836792
YHL026C,YML123C,1,6.2097893,0.8121387362480164,0.27576056122779846,0.006512373685836792
YJL025W,YHR136C,0,6.2043214,0.8097983002662659,0.27576056122779846,0.006612563971430063
YBR061C,YMR177W,1,6.1960244,0.8103448152542114,0.2767418920993805,0.006612563971430063
YHL026C,YER137C,1,6.194954,0.8108882308006287,0.2777232527732849,0.006612563971430063
YNR018W,YLR419W,1,6.1944423,0.8114285469055176,0.27870461344718933,0.006612563971430063
YHR084W,YPL108W,1,6.184885,0.811965823173523,0.27968597412109375,0.006612563971430063
YOR334W,YER140W,1,6.175553,0.8125,0.28066733479499817,0.006612563971430063
YHR089C,YHR206W,1,6.1730695,0.8130311369895935,0.2816486656665802,0.006612563971430063
YOR098C,YGL064C,1,6.156059,0.8135592937469482,0.2826300263404846,0.006612563971430063
YLR419W,YCR054C,1,6.1482134,0.814084529876709,0.28361138701438904,0.006612563971430063
YOR046C,YER174C,0,6.1364927,0.8117977380752563,0.28361138701438904,0.0067127542570233345
YDL043C,YHR058C,1,6.1300206,0.8123249411582947,0.28459274768829346,0.0067127542570233345
YHR032W,YKR080W,1,6.1235023,0.8128491640090942,0.2855740785598755,0.0067127542570233345
YOR145C,YLR154C,0,6.105823,0.8105849623680115,0.2855740785598755,0.006812944542616606
YMR234W,YPL266W,1,6.101625,0.8111110925674438,0.2865554392337799,0.006812944542616606
YOR243C,YER137C,1,6.101464,0.811634361743927,0.2875367999076843,0.006812944542616606
YJR067C,YGR286C,1,6.10008,0.8121547102928162,0.28851816058158875,0.006812944542616606
YOL140W,YDL030W,1,6.09615,0.8126721978187561,0.28949952125549316,0.006812944542616606
YFL001W,YGL170C,1,6.0890527,0.8131868243217468,0.2904808521270752,0.006812944542616606
YMR266W,YDR120C,1,6.084442,0.8136986494064331,0.2914622128009796,0.006812944542616606
YBR061C,YER137C,1,6.077845,0.8142076730728149,0.29244357347488403,0.006812944542616606
YKR081C,YDR138W,0,6.0716887,0.8119891285896301,0.29244357347488403,0.006913134828209877
YOL054W,YML005W,1,6.0706162,0.8125,0.29342493414878845,0.006913134828209877
YER029C,YHR196W,0,6.064078,0.8102980852127075,0.29342493414878845,0.007013325113803148
YNL262W,YIL103W,0,6.0618677,0.8081080913543701,0.29342493414878845,0.007113515865057707
YKR045C,YOL093W,1,6.0598235,0.808625340461731,0.29440629482269287,0.007113515865057707
YLR103C,YGL079W,0,6.053333,0.8064516186714172,0.29440629482269287,0.007213706150650978
YCR060W,YDR524C,1,6.0517,0.8069705367088318,0.2953876256942749,0.007213706150650978
YGL047W,YOL082W,0,6.037021,0.8048128485679626,0.2953876256942749,0.007313896436244249
YJL042W,YBL113C,0,6.0357366,0.8026666641235352,0.2953876256942749,0.007414086721837521
YHR119W,YDR020C,0,6.0350733,0.8005319237709045,0.2953876256942749,0.007514277007430792
YDR524C,YOR306C,1,6.033952,0.8010610342025757,0.2963689863681793,0.007514277007430792
YJL207C,YPL144W,0,6.031225,0.7989417910575867,0.2963689863681793,0.007614467293024063
YIL110W,YDR211W,0,6.0293393,0.7968337535858154,0.2963689863681793,0.007714658044278622
YML014W,YDR364C,1,6.025744,0.7973684072494507,0.29735034704208374,0.007714658044278622
YOR168W,YKL183W,0,6.022016,0.7952755689620972,0.29735034704208374,0.007814847864210606
YCR047C,YGR211W,1,6.0144362,0.7958115339279175,0.29833170771598816,0.007814847864210606
YFL001W,YBL055C,1,6.006023,0.7963446378707886,0.2993130385875702,0.007814847864210606
YDL213C,YGL079W,0,5.996049,0.7942708134651184,0.2993130385875702,0.007915038615465164
YKL110C,YFR034C,1,5.9868603,0.7948051691055298,0.3002943992614746,0.007915038615465164
YOL028C,YGR286C,1,5.985149,0.7953367829322815,0.30127575993537903,0.007915038615465164
YDR188W,YBR141C,1,5.98194,0.7958656549453735,0.30225712060928345,0.007915038615465164
YHR025W,YLL035W,0,5.981757,0.7938144207000732,0.30225712060928345,0.008015229366719723
YMR016C,YNR046W,1,5.981528,0.7943444848060608,0.30323848128318787,0.008015229366719723
YOR098C,YKL033W,1,5.981083,0.7948718070983887,0.3042198121547699,0.008015229366719723
YKL186C,YAL047C,0,5.9788284,0.7928388714790344,0.3042198121547699,0.008115419186651707
YLR401C,YER060W,1,5.9769464,0.793367326259613,0.3052011728286743,0.008115419186651707
YIL091C,YOR243C,0,5.975777,0.7913485765457153,0.3052011728286743,0.008215609937906265
YDL181W,YOR124C,0,5.9729095,0.789340078830719,0.3052011728286743,0.00831579975783825
YNR051C,YLR316C,1,5.9707713,0.7898734211921692,0.30618253350257874,0.00831579975783825
YJL187C,YBL067C,0,5.958484,0.7878788113594055,0.30618253350257874,0.008415990509092808
YIL085C,YLL022C,0,5.957603,0.7858942151069641,0.30618253350257874,0.008516180329024792
YGR262C,YLR130C,0,5.9546285,0.7839195728302002,0.30618253350257874,0.00861637108027935
YNL191W,YHR058C,1,5.9517255,0.7844611406326294,0.30716389417648315,0.00861637108027935
YER075C,YNR046W,1,5.946867,0.7850000262260437,0.3081452548503876,0.00861637108027935
YBR061C,YLR433C,1,5.9329896,0.7855361700057983,0.3091265857219696,0.00861637108027935
YDR120C,YML111W,0,5.9320664,0.7835820913314819,0.3091265857219696,0.008716561831533909
YEL036C,YJR129C,1,5.9320188,0.7841191291809082,0.310107946395874,0.008716561831533909
YGL079W,YLR014C,1,5.931453,0.7846534848213196,0.31108930706977844,0.008716561831533909
YDR281C,YNR043W,0,5.9250274,0.7827160358428955,0.31108930706977844,0.008816751651465893
YFR036W,YDR165W,1,5.9146357,0.7832512259483337,0.31207066774368286,0.008816751651465893
YPR182W,YFR028C,0,5.9134016,0.7813267707824707,0.31207066774368286,0.008916942402720451
YGL236C,YDR156W,1,5.912687,0.781862735748291,0.3130519986152649,0.008916942402720451
YOR201C,YCL054W,1,5.9118032,0.7823960781097412,0.3140333592891693,0.008916942402720451
YMR177W,YOL093W,1,5.9114504,0.7829268574714661,0.31501471996307373,0.008916942402720451
YBR261C,YPL193W,1,5.9108725,0.7834550142288208,0.31599608063697815,0.008916942402720451
YOL125W,YDL165W,0,5.9089713,0.7815533876419067,0.31599608063697815,0.009017132222652435
YDR033W,YNL302C,0,5.906613,0.7796609997749329,0.31599608063697815,0.009117322973906994
YML106W,YER082C,0,5.8966947,0.7777777910232544,0.31599608063697815,0.009217513725161552
YDL030W,YNL095C,1,5.8954988,0.7783132791519165,0.31697744131088257,0.009217513725161552
YDL122W,YDR026C,0,5.893335,0.776442289352417,0.31697744131088257,0.009317703545093536
YDR188W,YER140W,1,5.8933034,0.7769784331321716,0.3179587721824646,0.009317703545093536
YBR248C,YDL201W,1,5.89172,0.7775119543075562,0.318940132856369,0.009317703545093536
YDR524C,YNR015W,1,5.8901124,0.7780429720878601,0.31992149353027344,0.009317703545093536
YPL252C,YDL043C,1,5.886787,0.7785714268684387,0.32090285420417786,0.009317703545093536
YKR080W,YNL014W,0,5.8867564,0.7767220735549927,0.32090285420417786,0.009417894296348095
YOL140W,YJR042W,1,5.875126,0.7772511839866638,0.3218842148780823,0.009417894296348095
YMR023C,YLR426W,1,5.8701606,0.7777777910232544,0.3228655457496643,0.009417894296348095
YML014W,YDL164C,0,5.8695774,0.775943398475647,0.3228655457496643,0.009518084116280079
YPL252C,YHR060W,0,5.8690095,0.774117648601532,0.3228655457496643,0.009618274867534637
YBR275C,YML014W,0,5.8616414,0.7723004817962646,0.3228655457496643,0.009718464687466621
YJR042W,YFR034C,1,5.859143,0.7728337049484253,0.3238469064235687,0.009718464687466621
YOR061W,YOR098C,1,5.8570857,0.7733644843101501,0.32482826709747314,0.009718464687466621
YNL256W,YNL186W,0,5.8566823,0.7715617418289185,0.32482826709747314,0.00981865543872118
YKL186C,YGR195W,0,5.854708,0.7697674632072449,0.32482826709747314,0.009918846189975739
YHR032W,YML018C,0,5.853232,0.7679814100265503,0.32482826709747314,0.010019036009907722
YKL203C,YOR145C,0,5.8459077,0.7662037014961243,0.32482826709747314,0.010119226761162281
YJL133W,YLL027W,0,5.8343163,0.7644341588020325,0.32482826709747314,0.010219416581094265
YLR052W,YDR188W,1,5.830984,0.764976978302002,0.32580962777137756,0.010219416581094265
YHR003C,YBR141C,1,5.827821,0.7655172348022461,0.3267909586429596,0.010219416581094265
YDL051W,YGL186C,0,5.8256593,0.7637614607810974,0.3267909586429596,0.010319607332348824
YPL193W,YHR058C,1,5.8243995,0.7643020749092102,0.327772319316864,0.010319607332348824
YBR061C,YNL050C,1,5.815905,0.7648401856422424,0.32875367999076843,0.010319607332348824
YLR433C,YLR316C,1,5.8106227,0.7653758525848389,0.32973504066467285,0.010319607332348824
YIL128W,YKL183W,0,5.8073926,0.7636363506317139,0.32973504066467285,0.010419797152280807
YHR089C,YPL266W,1,5.806869,0.7641723155975342,0.33071640133857727,0.010419797152280807
YML080W,YBR002C,1,5.8028207,0.7647058963775635,0.3316977322101593,0.010419797152280807
YER180C,YJL125C,1,5.8026032,0.765237033367157,0.3326790928840637,0.010419797152280807
YOR243C,YNL050C,1,5.7988653,0.7657657861709595,0.33366045355796814,0.010419797152280807
YPL175W,YLR323C,1,5.792518,0.766292154788971,0.33464181423187256,0.010419797152280807
YDR239C,YGL050W,1,5.7915206,0.7668161392211914,0.3356231451034546,0.010419797152280807
YJR055W,YBL055C,1,5.785925,0.7673377990722656,0.336604505777359,0.010419797152280807
YMR268C,YHR107C,0,5.778257,0.765625,0.336604505777359,0.010519987903535366
YNL112W,YLR226W,0,5.776769,0.7639198303222656,0.336604505777359,0.010620178654789925
YCR063W,YDL201W,1,5.772568,0.7644444704055786,0.3375858664512634,0.010620178654789925
YML106W,YIL103W,0,5.7701497,0.762749433517456,0.3375858664512634,0.010720368474721909
YIL132C,YER137C,0,5.7684083,0.76106196641922,0.3375858664512634,0.010820559225976467
YBR257W,YDR478W,0,5.764001,0.759381890296936,0.3375858664512634,0.010920749045908451
YCR060W,YKL186C,1,5.7614827,0.7599118947982788,0.33856722712516785,0.010920749045908451
YMR268C,YMR288W,1,5.755567,0.7604395747184753,0.33954858779907227,0.010920749045908451
YBR267W,YGR172C,0,5.7491727,0.7587719559669495,0.33954858779907227,0.01102093979716301
YNR018W,YOR360C,1,5.74589,0.7592997550964355,0.3405299186706543,0.01102093979716301
YDL112W,YOR251C,1,5.745383,0.7598253488540649,0.3415112793445587,0.01102093979716301
YIL047C,YGL064C,1,5.7362103,0.7603485584259033,0.34249264001846313,0.01102093979716301
YNL035C,YOL124C,1,5.720941,0.760869562625885,0.34347400069236755,0.01102093979716301
YJR055W,YOL124C,1,5.7197013,0.7613883018493652,0.344455361366272,0.01102093979716301
YER086W,YER180C,0,5.7098436,0.7597402334213257,0.344455361366272,0.011121130548417568
YJR112W,YER145C,0,5.7080054,0.758099377155304,0.344455361366272,0.011221320368349552
YLR129W,YML038C,0,5.7040005,0.756465494632721,0.344455361366272,0.01132151111960411
YMR153W,YOR274W,1,5.7033486,0.7569892406463623,0.345436692237854,0.01132151111960411
YLL027W,YOR294W,0,5.702216,0.7553648352622986,0.345436692237854,0.011421700939536095
YCR063W,YNL050C,1,5.6939845,0.7558886408805847,0.3464180529117584,0.011421700939536095
YKR044W,YML123C,1,5.6855993,0.7564102411270142,0.34739941358566284,0.011421700939536095
YOR201C,YMR228W,1,5.6838403,0.7569296360015869,0.34838077425956726,0.011421700939536095
YIR023W,YLR305C,0,5.682632,0.7553191781044006,0.34838077425956726,0.011521891690790653
YMR268C,YHL026C,1,5.682307,0.7558386325836182,0.3493621051311493,0.011521891690790653
YMR228W,YDL205C,1,5.679873,0.7563559412956238,0.3503434658050537,0.011521891690790653
YHR072W-A,YDL036C,1,5.6794925,0.7568710446357727,0.35132482647895813,0.011521891690790653
YBL068W,YOR340C,0,5.679316,0.75527423620224,0.35132482647895813,0.011622081510722637
YNR012W,YOR371C,0,5.6791167,0.7536842226982117,0.35132482647895813,0.011722272261977196
YHR187W,YBR002C,1,5.678269,0.7542017102241516,0.35230618715286255,0.011722272261977196
YHR187W,YPL101W,1,5.677278,0.7547169923782349,0.35328754782676697,0.011722272261977196
YLR323C,YER075C,1,5.6730022,0.7552301287651062,0.354268878698349,0.011722272261977196
YCR047C,YKR038C,1,5.67218,0.7557411193847656,0.3552502393722534,0.011722272261977196
YKR045C,YBR002C,1,5.666029,0.7562500238418579,0.35623160004615784,0.011722272261977196
YMR269W,YML123C,0,5.6641297,0.7546777725219727,0.35623160004615784,0.011822463013231754
YKR056W,YKR045C,1,5.663302,0.7551867365837097,0.35721296072006226,0.011822463013231754
YPL086C,YKL033W,1,5.661136,0.7556935548782349,0.3581943213939667,0.011822463013231754
YMR123W,YOR251C,0,5.6500344,0.7541322112083435,0.3581943213939667,0.011922652833163738
YEL009C,YHL001W,0,5.649883,0.7525773048400879,0.3581943213939667,0.012022843584418297
YMR268C,YDL129W,1,5.6483884,0.7530864477157593,0.3591756522655487,0.012022843584418297
YLR014C,YBR239C,1,5.646649,0.7535934448242188,0.3601570129394531,0.012022843584418297
YDL112W,YNL254C,1,5.6416497,0.7540983557701111,0.36113837361335754,0.012022843584418297
YOR269W,YML005W,1,5.6412516,0.754601240158081,0.36211973428726196,0.012022843584418297
YKL205W,YER001W,0,5.6403813,0.7530612349510193,0.36211973428726196,0.01212303340435028
YDR524C,YML123C,1,5.639872,0.753564178943634,0.363101065158844,0.01212303340435028
YIL145C,YKL183W,1,5.637714,0.7540650367736816,0.3640824258327484,0.01212303340435028
YGL243W,YBL023C,1,5.632363,0.7545638680458069,0.36506378650665283,0.01212303340435028
YBL068W,YIR012W,0,5.629803,0.7530364394187927,0.36506378650665283,0.01222322415560484
YDL129W,YHR058C,1,5.628897,0.7535353302955627,0.36604514718055725,0.01222322415560484
YLR226W,YNL095C,1,5.6229653,0.7540322542190552,0.36702650785446167,0.01222322415560484
YJR056C,YML123C,1,5.6190495,0.7545271515846252,0.3680078387260437,0.01222322415560484
YDR492W,YMR228W,1,5.61183,0.7550200819969177,0.3689891993999481,0.01222322415560484
YBR061C,YKL186C,1,5.6116185,0.7555110454559326,0.36997056007385254,0.01222322415560484
YJR055W,YNL311C,0,5.608652,0.7540000081062317,0.36997056007385254,0.012323414906859398
YJR067C,YDR364C,1,5.6076856,0.7544910311698914,0.37095192074775696,0.012323414906859398
YPL038W,YPL266W,1,5.606846,0.7549800872802734,0.3719332814216614,0.012323414906859398
YEL042W,YLR077W,0,5.605061,0.7534791231155396,0.3719332814216614,0.012423604726791382
YBR271W,YLL052C,0,5.604266,0.7519841194152832,0.3719332814216614,0.01252379547804594
YAL020C,YGL050W,1,5.599053,0.7524752616882324,0.3729146122932434,0.01252379547804594
YEL053C,YOL125W,1,5.598864,0.752964437007904,0.3738959729671478,0.01252379547804594
YKR045C,YKL033W,1,5.5987988,0.7534517049789429,0.37487733364105225,0.01252379547804594
YER082C,YER007W,0,5.5957513,0.751968502998352,0.37487733364105225,0.012623985297977924
YAR015W,YJR055W,1,5.591752,0.7524557709693909,0.37585869431495667,0.012623985297977924
YKL186C,YHR003C,1,5.5852056,0.7529411911964417,0.3768400251865387,0.012623985297977924
YNL245C,YML123C,1,5.582808,0.7534246444702148,0.3778213858604431,0.012623985297977924
YAR008W,YNL113W,0,5.5780473,0.751953125,0.3778213858604431,0.012724176049232483
YDL033C,YER168C,1,5.576802,0.752436637878418,0.37880274653434753,0.012724176049232483
YGL060W,YCL010C,0,5.5754046,0.7509727478027344,0.37880274653434753,0.012824365869164467
YLR316C,YOR151C,0,5.569552,0.7495145797729492,0.37880274653434753,0.012924556620419025
YNL240C,YHR046C,1,5.5647407,0.75,0.37978410720825195,0.012924556620419025
YHL026C,YDR478W,1,5.5638695,0.7504835724830627,0.38076546788215637,0.012924556620419025
YLL033W,YDR527W,0,5.5631886,0.7490347623825073,0.38076546788215637,0.013024747371673584
YMR312W,YHR058C,1,5.56002,0.7495182752609253,0.3817467987537384,0.013024747371673584
YKR081C,YKL174C,0,5.558535,0.7480769157409668,0.3817467987537384,0.013124937191605568
YJR055W,YNR048W,1,5.5537124,0.7485604882240295,0.3827281594276428,0.013124937191605568
YDR478W,YKL033W,1,5.5507045,0.7490421533584595,0.38370952010154724,0.013124937191605568
YDR296W,YMR086W,0,5.54877,0.7476099133491516,0.38370952010154724,0.013225127942860126
YML009C,YLR105C,0,5.5469737,0.7461832165718079,0.38370952010154724,0.01332531776279211
YBL067C,YOR118W,0,5.546857,0.7447618842124939,0.38370952010154724,0.013425508514046669
YPL175W,YDR120C,1,5.5422044,0.7452471256256104,0.38469088077545166,0.013425508514046669
YOL028C,YCL036W,1,5.541555,0.7457305788993835,0.3856722414493561,0.013425508514046669
YHR084W,YOL125W,1,5.5395017,0.7462121248245239,0.3866535723209381,0.013425508514046669
YNL310C,YGR132C,0,5.533321,0.7448015213012695,0.3866535723209381,0.013525699265301228
YGL008C,YDR524C,0,5.5272717,0.7433962225914001,0.3866535723209381,0.013625889085233212
YBR265W,YNL206C,0,5.5254083,0.7419962286949158,0.3866535723209381,0.01372607983648777
YOL028C,YBL023C,1,5.5113854,0.7424812316894531,0.38763493299484253,0.01372607983648777
YDL033C,YMR283C,1,5.4893026,0.7429643273353577,0.38861629366874695,0.01372607983648777
YDR492W,YMR234W,1,5.473264,0.7434456944465637,0.38959765434265137,0.01372607983648777
YKR080W,YER168C,1,5.472707,0.7439252138137817,0.3905789852142334,0.01372607983648777
YNL191W,YNR027W,1,5.4691896,0.7444030046463013,0.3915603458881378,0.01372607983648777
YKR044W,YBR002C,1,5.4659944,0.7448789477348328,0.39254170656204224,0.01372607983648777
YNL292W,YLR197W,1,5.462777,0.7453531622886658,0.39352306723594666,0.01372607983648777
YPL207W,YER168C,1,5.455722,0.7458255887031555,0.3945044279098511,0.01372607983648777
YDL122W,YNL299W,0,5.449351,0.7444444298744202,0.3945044279098511,0.013826269656419754
YMR023C,YLR316C,1,5.44423,0.7449167966842651,0.3954857587814331,0.013826269656419754
YNL299W,YGL083W,0,5.4435987,0.7435424327850342,0.3954857587814331,0.013926460407674313
YCR060W,YNL065W,1,5.4416504,0.7440147399902344,0.3964671194553375,0.013926460407674313
YER180C,YDR478W,1,5.429113,0.7444853186607361,0.39744848012924194,0.013926460407674313
YGR169C,YER029C,0,5.425901,0.7431192398071289,0.39744848012924194,0.014026650227606297
YDR240C,YOL124C,1,5.422112,0.7435897588729858,0.39842984080314636,0.014026650227606297
YOL140W,YEL036C,1,5.4213266,0.7440584897994995,0.3994112014770508,0.014026650227606297
YBL028C,YDR364C,0,5.4199257,0.7427007555961609,0.3994112014770508,0.014126840978860855
YPL175W,YHR089C,1,5.4171643,0.7431694269180298,0.4003925323486328,0.014126840978860855
YDR478W,YNL072W,1,5.415162,0.7436363697052002,0.40137389302253723,0.014126840978860855
YGR200C,YDR143C,1,5.4132166,0.7441016435623169,0.40235525369644165,0.014126840978860855
YOR360C,YOL054W,1,5.413117,0.7445651888847351,0.40333661437034607,0.014126840978860855
YML113W,YPL174C,0,5.404994,0.7432187795639038,0.40333661437034607,0.014227031730115414
YFR055W,YBR247C,0,5.404358,0.7418772578239441,0.40333661437034607,0.014327221550047398
YBR135W,YML032C,0,5.403128,0.7405405640602112,0.40333661437034607,0.014427412301301956
YBR195C,YER140W,1,5.3978243,0.7410072088241577,0.4043179452419281,0.014427412301301956
YLL022C,YOR340C,0,5.3971686,0.739676833152771,0.4043179452419281,0.01452760212123394
YDL246C,YDR077W,0,5.392662,0.7383512258529663,0.4043179452419281,0.014627792872488499
YBL097W,YGL169W,0,5.392584,0.7370303869247437,0.4043179452419281,0.014727983623743057
YDR454C,YHR050W,0,5.39079,0.7357142567634583,0.4043179452419281,0.014828173443675041
YKL084W,YMR288W,1,5.3902097,0.7361853718757629,0.4052993059158325,0.014828173443675041
YMR016C,YPL038W,1,5.389611,0.7366548180580139,0.40628066658973694,0.014828173443675041
YMR234W,YER127W,1,5.37859,0.7371225357055664,0.40726202726364136,0.014828173443675041
YFR037C,YDR441C,1,5.3775063,0.73758864402771,0.4082433879375458,0.014828173443675041
YNR051C,YBR141C,1,5.3770328,0.7380530834197998,0.4092247188091278,0.014828173443675041
YPL252C,YDR156W,1,5.3739815,0.7385159134864807,0.4102060794830322,0.014828173443675041
YGR169C,YLR052W,1,5.372637,0.7389770746231079,0.41118744015693665,0.014828173443675041
YOL066C,YDR206W,1,5.3712783,0.7394366264343262,0.41216880083084106,0.014828173443675041
YIL093C,YBR171W,0,5.3701053,0.7381370663642883,0.41216880083084106,0.0149283641949296
YPL068C,YML005W,1,5.367249,0.738596498966217,0.4131501615047455,0.0149283641949296
YDL036C,YLR430W,1,5.3644776,0.739054262638092,0.4141314923763275,0.0149283641949296
YKL186C,YHR046C,1,5.3588867,0.7395104765892029,0.41511285305023193,0.0149283641949296
YMR283C,YKR038C,1,5.358168,0.7399650812149048,0.41609421372413635,0.0149283641949296
YOL029C,YLR014C,1,5.3505173,0.7404181361198425,0.41707557439804077,0.0149283641949296
YKL186C,YPL160W,0,5.3452206,0.739130437374115,0.41707557439804077,0.015028554014861584
YHR070W,YBL023C,1,5.344474,0.7395833134651184,0.4180569052696228,0.015028554014861584
YMR246W,YJR068W,0,5.337257,0.7383015751838684,0.4180569052696228,0.015128744766116142
YOL146W,YIL083C,0,5.328579,0.7370242476463318,0.4180569052696228,0.015228934586048126
YER154W,YOR294W,0,5.3271346,0.7357512712478638,0.4180569052696228,0.015329125337302685
YDR156W,YDR026C,0,5.3263106,0.7344827651977539,0.4180569052696228,0.015429316088557243
YBR215W,YHR089C,0,5.324993,0.7332186102867126,0.4180569052696228,0.015529505908489227
YLR132C,YPL270W,0,5.322142,0.7319587469100952,0.4180569052696228,0.01562969572842121
YLR398C,YDL043C,0,5.320911,0.7307032346725464,0.4180569052696228,0.015729887410998344
YLR014C,YOR360C,1,5.317735,0.7311643958091736,0.4190382659435272,0.015729887410998344
YNR051C,YBR002C,1,5.3155293,0.7316239476203918,0.42001962661743164,0.015729887410998344
YER180C,YHR058C,1,5.3104234,0.7320818901062012,0.42100098729133606,0.015729887410998344
YDR194C,YJL051W,0,5.305696,0.7308347821235657,0.42100098729133606,0.01583007723093033
YNL071W,YOR124C,0,5.287379,0.7295918464660645,0.42100098729133606,0.015930267050862312
YGR001C,YNL314W,0,5.286303,0.7283531427383423,0.42100098729133606,0.016030458733439445
YDL014W,YDL036C,1,5.28202,0.7288135886192322,0.4219823479652405,0.016030458733439445
YOL054W,YDR524C,1,5.2753735,0.7292724251747131,0.4229636788368225,0.016030458733439445
YGR162W,YOR116C,0,5.2748837,0.7280405163764954,0.4229636788368225,0.01613064855337143
YKL110C,YJL035C,1,5.272826,0.728499174118042,0.42394503951072693,0.01613064855337143
YDR206W,YDL208W,1,5.268108,0.7289562225341797,0.42492640018463135,0.01613064855337143
YJL133W,YDR291W,0,5.267777,0.7277311086654663,0.42492640018463135,0.016230838373303413
YBR061C,YLR052W,1,5.267679,0.7281879186630249,0.42590776085853577,0.016230838373303413
YCL029C,YPR137W,1,5.2574596,0.7286432385444641,0.4268891215324402,0.016230838373303413
YMR241W,YFL023W,0,5.2567286,0.7274247407913208,0.4268891215324402,0.016331028193235397
YPR137W,YGL050W,1,5.2565656,0.7278798222541809,0.4278704524040222,0.016331028193235397
YOL140W,YGL201C,0,5.2470326,0.7266666889190674,0.4278704524040222,0.01643121987581253
YOL137W,YKL198C,0,5.2469735,0.7254575490951538,0.4278704524040222,0.016531409695744514
YER082C,YBL034C,0,5.2432737,0.724252462387085,0.4278704524040222,0.0166315995156765
YLR424W,YLL042C,0,5.241655,0.7230514287948608,0.4278704524040222,0.01673179119825363
YDL104C,YLR212C,0,5.235703,0.7218543291091919,0.4278704524040222,0.016831981018185616
YNL065W,YBR153W,1,5.233048,0.7223140597343445,0.42885181307792664,0.016831981018185616
YHR032W,YNL244C,0,5.2321897,0.7211220860481262,0.42885181307792664,0.0169321708381176
YDL036C,YML005W,1,5.2321353,0.7215815782546997,0.42983317375183105,0.0169321708381176
YMR153W,YLR384C,1,5.227927,0.7220394611358643,0.4308145344257355,0.0169321708381176
YCR054C,YKL176C,0,5.2268844,0.720853865146637,0.4308145344257355,0.017032360658049583
YDR017C,YJL095W,0,5.2235813,0.7196721434593201,0.4308145344257355,0.017132552340626717
YPR156C,YDR450W,0,5.223147,0.7184942960739136,0.4308145344257355,0.0172327421605587
YHR084W,YHR058C,1,5.2203555,0.7189542651176453,0.4317958652973175,0.0172327421605587
YGL097W,YOR116C,0,5.217772,0.7177814245223999,0.4317958652973175,0.017332931980490685
YBR273C,YPL170W,0,5.2175555,0.7166123986244202,0.4317958652973175,0.017433123663067818
YMR234W,YGL211W,1,5.215733,0.7170731425285339,0.4327772259712219,0.017433123663067818
YER131W,YLL035W,0,5.215299,0.7159090638160706,0.4327772259712219,0.0175333134829998
YMR119W,YGR062C,0,5.214936,0.7147487998008728,0.4327772259712219,0.017633503302931786
YDL033C,YOR205C,1,5.2145925,0.7152103781700134,0.43375858664512634,0.017633503302931786
YEL055C,YGL029W,0,5.209175,0.7140549421310425,0.43375858664512634,0.01773369312286377
YKR045C,YOR143C,0,5.2057767,0.7129032015800476,0.43375858664512634,0.017833884805440903
YDR239C,YLR197W,1,5.2051,0.7133655548095703,0.43473994731903076,0.017833884805440903
YOR118W,YDR364C,1,5.202423,0.7138263583183289,0.4357213079929352,0.017833884805440903
YHR031C,YOR360C,1,5.2018766,0.7142857313156128,0.4367026388645172,0.017833884805440903
YBR261C,YDR206W,1,5.198383,0.7147436141967773,0.43768399953842163,0.017833884805440903
YNL035C,YML116W,0,5.195082,0.7135999798774719,0.43768399953842163,0.017934074625372887
YDR352W,YNR046W,1,5.1881475,0.7140575051307678,0.43866536021232605,0.017934074625372887
YOL140W,YMR268C,1,5.1852503,0.7145135402679443,0.43964672088623047,0.017934074625372887
YLR014C,YLL036C,0,5.179706,0.7133758068084717,0.43964672088623047,0.01803426444530487
YDL014W,YDL189W,1,5.175346,0.7138314843177795,0.4406280815601349,0.01803426444530487
YLR430W,YIL091C,0,5.17425,0.7126984000205994,0.4406280815601349,0.018134456127882004
YMR305C,YDL153C,0,5.1623178,0.7115689516067505,0.4406280815601349,0.018234645947813988
YKR045C,YBR195C,1,5.1563606,0.7120253443717957,0.4416094124317169,0.018234645947813988
YHL026C,YNR051C,1,5.153142,0.7124802470207214,0.44259077310562134,0.018234645947813988
YML106W,YOR346W,0,5.1496735,0.7113564610481262,0.44259077310562134,0.01833483576774597
YML006C,YGR134W,0,5.14404,0.7102361917495728,0.44259077310562134,0.018435027450323105
YKL110C,YOL137W,1,5.14118,0.7106918096542358,0.44357213377952576,0.018435027450323105
YER065C,YPL172C,0,5.1350217,0.7095761299133301,0.44357213377952576,0.01853521727025509
YDL217C,YOL140W,1,5.1220756,0.7100313305854797,0.4445534944534302,0.01853521727025509
YJR067C,YKR080W,1,5.118494,0.7104851603507996,0.4455348253250122,0.01853521727025509
YCL036W,YBR002C,1,5.1166263,0.7109375,0.4465161859989166,0.01853521727025509
YOL066C,YER075C,1,5.1156707,0.7113884687423706,0.44749754667282104,0.01853521727025509
YML014W,YLR430W,1,5.111765,0.7118380069732666,0.44847890734672546,0.01853521727025509
YOR334W,YGL136C,1,5.1112647,0.7122861742973328,0.4494602680206299,0.01853521727025509
YFL001W,YBR153W,1,5.110788,0.7127329111099243,0.4504415988922119,0.01853521727025509
YMR283C,YGL079W,1,5.110714,0.713178277015686,0.45142295956611633,0.01853521727025509
YER099C,YCR060W,0,5.109334,0.7120742797851562,0.45142295956611633,0.018635407090187073
YBR152W,YDR083W,0,5.1070657,0.7109737396240234,0.45142295956611633,0.018735596910119057
YOR201C,YBR141C,1,5.10449,0.7114197611808777,0.45240432024002075,0.018735596910119057
YOR243C,YKR045C,1,5.1029053,0.7118644118309021,0.45338568091392517,0.018735596910119057
YNL311C,YDL060W,0,5.1014833,0.7107692360877991,0.45338568091392517,0.01883578859269619
YDR134C,YDL133C-A,0,5.1006207,0.7096773982048035,0.45338568091392517,0.018935978412628174
YLR126C,YDL111C,0,5.095815,0.7085889577865601,0.45338568091392517,0.019036168232560158
YDL205C,YGR286C,1,5.0937853,0.7090352177619934,0.4543670117855072,0.019036168232560158
YOR246C,YLR221C,0,5.091171,0.7079510688781738,0.4543670117855072,0.01913635991513729
YML106W,YBL016W,0,5.0884557,0.7068702578544617,0.4543670117855072,0.019236549735069275
YGR090W,YEL015W,0,5.0817637,0.7057926654815674,0.4543670117855072,0.01933673955500126
YNL302C,YHR094C,0,5.0802445,0.7047184109687805,0.4543670117855072,0.019436929374933243
YER104W,YDR265W,0,5.072671,0.7036474347114563,0.4543670117855072,0.019537121057510376
YMR177W,YOR251C,1,5.0673327,0.7040970921516418,0.4553483724594116,0.019537121057510376
YBR152W,YHR089C,0,5.066135,0.7030302882194519,0.4553483724594116,0.01963731087744236
YDR281C,YDL208W,1,5.0650735,0.7034795880317688,0.45632973313331604,0.01963731087744236
YER075C,YPL266W,1,5.0626254,0.7039275169372559,0.45731109380722046,0.01963731087744236
YBR153W,YDR281C,1,5.0618873,0.7043740749359131,0.4582924544811249,0.01963731087744236
YDL014W,YOR274W,1,5.0602117,0.7048192620277405,0.4592737853527069,0.01963731087744236
YKL176C,YLR305C,0,5.0599146,0.7037593722343445,0.4592737853527069,0.019737500697374344
YAL010C,YOR100C,0,5.0596833,0.7027027010917664,0.4592737853527069,0.019837692379951477
YDL205C,YLR126C,0,5.0589385,0.7016491889953613,0.4592737853527069,0.01993788219988346
YJR042W,YDL208W,1,5.0580487,0.7020958065986633,0.46025514602661133,0.01993788219988346
YHL026C,YPR125W,1,5.0563893,0.7025411128997803,0.46123650670051575,0.01993788219988346
YPL038W,YER137C,1,5.0537877,0.7029850482940674,0.46221786737442017,0.01993788219988346
YMR016C,YDR188W,1,5.053542,0.7034277319908142,0.4631992280483246,0.01993788219988346
YNR018W,YBR195C,1,5.0508466,0.7038690447807312,0.4641805589199066,0.01993788219988346
YCR053W,YBR141C,0,5.047391,0.7028231620788574,0.4641805589199066,0.020038072019815445
YEL053C,YDR441C,1,5.04277,0.7032641172409058,0.46516191959381104,0.020038072019815445
YNL189W,YML109W,0,5.041926,0.7022222280502319,0.46516191959381104,0.02013826183974743
YBR275C,YLR419W,0,5.032679,0.7011834383010864,0.46516191959381104,0.020238453522324562
YDR364C,YDL189W,1,5.0297894,0.7016248106956482,0.46614328026771545,0.020238453522324562
YHR072W-A,YOL124C,1,5.0278955,0.7020648717880249,0.4671246409416199,0.020238453522324562
YDL043C,YPL108W,1,5.027323,0.7025036811828613,0.4681059718132019,0.020238453522324562
YDR120C,YFR038W,1,5.02012,0.7029411792755127,0.4690873324871063,0.020238453522324562
YOR251C,YKL120W,0,5.019683,0.7019089460372925,0.4690873324871063,0.020338643342256546
YAR015W,YJR056C,1,5.0174613,0.7023460268974304,0.47006869316101074,0.020338643342256546
YML009C,YNL330C,0,5.0168023,0.7013177275657654,0.47006869316101074,0.02043883316218853
YGR169C,YMR228W,1,5.015408,0.7017543911933899,0.47105005383491516,0.02043883316218853
YDR194C,YOL125W,0,5.0151863,0.7007299065589905,0.47105005383491516,0.020539024844765663
YHR072W-A,YCL059C,0,5.0094247,0.6997084617614746,0.47105005383491516,0.020639214664697647
YGR167W,YDL142C,0,5.0091143,0.6986899375915527,0.47105005383491516,0.02073940448462963
YKL205W,YOR210W,0,5.008683,0.6976743936538696,0.47105005383491516,0.020839594304561615
YLR014C,YHR058C,1,5.007383,0.698113203048706,0.4720314145088196,0.020839594304561615
YDL030W,YBR141C,1,5.0047107,0.6985507011413574,0.4730127453804016,0.020839594304561615
YDL033C,YDR156W,1,5.004396,0.6989869475364685,0.47399410605430603,0.020839594304561615
YMR189W,YBR274W,0,5.0033326,0.6979768872261047,0.47399410605430603,0.020939785987138748
YNL035C,YOL137W,1,4.9979067,0.6984127163887024,0.47497546672821045,0.020939785987138748
YHR046C,YDL043C,1,4.9965305,0.698847234249115,0.47595682740211487,0.020939785987138748
YMR153W,YBR239C,1,4.99487,0.6992805600166321,0.4769381880760193,0.020939785987138748
YER048W-A,YDR540C,0,4.9932327,0.6982758641242981,0.4769381880760193,0.021039975807070732
YGL162W,YLR285W,0,4.989118,0.6972740292549133,0.4769381880760193,0.021140165627002716
YOR322C,YJR043C,0,4.9887066,0.6962750554084778,0.4769381880760193,0.02124035730957985
YBR021W,YER168C,1,4.9880023,0.6967095732688904,0.4779195189476013,0.02124035730957985
YDR523C,YGL130W,0,4.9815784,0.6957142949104309,0.4779195189476013,0.021340547129511833
YLR373C,YGR172C,0,4.980318,0.6947218179702759,0.4779195189476013,0.021440736949443817
YML104C,YHR077C,0,4.975096,0.6937322020530701,0.4779195189476013,0.02154092863202095
YKL110C,YHR058C,1,4.974822,0.6941678524017334,0.47890087962150574,0.02154092863202095
YLR405W,YHR032W,1,4.974524,0.6946022510528564,0.47988224029541016,0.02154092863202095
YER180C,YNL095C,1,4.9731603,0.695035457611084,0.4808636009693146,0.02154092863202095
YMR312W,YMR023C,1,4.9716086,0.6954674124717712,0.4818449318408966,0.02154092863202095
YNR011C,YLR353W,0,4.970969,0.694483757019043,0.4818449318408966,0.021641118451952934
YJL063C,YAL040C,0,4.969268,0.6935028433799744,0.4818449318408966,0.021741308271884918
YHR070W,YLR426W,1,4.9681134,0.6939350962638855,0.482826292514801,0.021741308271884918
YIL048W,YPL180W,0,4.9667945,0.6929577589035034,0.482826292514801,0.021841498091816902
YBL016W,YPR137W,0,4.9663043,0.6919831037521362,0.482826292514801,0.021941689774394035
YBR152W,YBR002C,0,4.9638157,0.6910112500190735,0.482826292514801,0.02204187959432602
YKL004W,YER131W,0,4.9591184,0.6900420784950256,0.482826292514801,0.022142069414258003
YCR047C,YDL030W,1,4.9585586,0.6904761791229248,0.48380765318870544,0.022142069414258003
YDR156W,YER137C,1,4.9560065,0.6909090876579285,0.48478901386260986,0.022142069414258003
YMR312W,YML080W,1,4.952945,0.6913408041000366,0.4857703745365143,0.022142069414258003
YDR180W,YIL110W,0,4.9505806,0.6903765797615051,0.4857703745365143,0.022242261096835136
YEL055C,YDL231C,0,4.9413223,0.6894150376319885,0.4857703745365143,0.02234245091676712
YML113W,YHR032W,1,4.9354854,0.6898469924926758,0.4867517054080963,0.02234245091676712
YGL170C,YLR197W,1,4.935186,0.6902777552604675,0.48773306608200073,0.02234245091676712
YOR201C,YOR229W,0,4.9342623,0.6893203854560852,0.48773306608200073,0.022442640736699104
YMR211W,YER137C,1,4.934254,0.6897506713867188,0.48871442675590515,0.022442640736699104
YNL292W,YOL054W,1,4.9320083,0.6901798248291016,0.48969578742980957,0.022442640736699104
YER115C,YHR046C,1,4.9313803,0.6906077265739441,0.490677148103714,0.022442640736699104
YDL112W,YBL069W,1,4.9279704,0.6910344958305359,0.491658478975296,0.022442640736699104
YOL101C,YER126C,0,4.9267464,0.6900826692581177,0.491658478975296,0.022542830556631088
YLR020C,YJL109C,0,4.922248,0.6891334056854248,0.491658478975296,0.02264302223920822
YJL025W,YEL040W,0,4.91796,0.6881868243217468,0.491658478975296,0.022743212059140205
YHR196W,YNL210W,0,4.91738,0.6872428059577942,0.491658478975296,0.02284340187907219
YGR169C,YKR056W,1,4.9159408,0.6876712441444397,0.49263983964920044,0.02284340187907219
YHR072W-A,YOL029C,1,4.9153476,0.6880984902381897,0.49362120032310486,0.02284340187907219
YML111W,YDR443C,0,4.913907,0.687158465385437,0.49362120032310486,0.022943593561649323
YBL090W,YOR171C,0,4.9102573,0.6862210035324097,0.49362120032310486,0.023043783381581306
YMR268C,YNL072W,1,4.9100184,0.6866484880447388,0.4946025609970093,0.023043783381581306
YJR067C,YNL245C,1,4.9083047,0.6870748400688171,0.4955838918685913,0.023043783381581306
YPL252C,YDR237W,0,4.900891,0.686141312122345,0.4955838918685913,0.02314397320151329
YER025W,YGL186C,0,4.8979697,0.6852102875709534,0.4955838918685913,0.023244163021445274
YDR206W,YML005W,1,4.897879,0.6856368780136108,0.4965652525424957,0.023244163021445274
YOL137W,YCR077C,0,4.892652,0.6847090721130371,0.4965652525424957,0.023344354704022408
YHR072W-A,YDR138W,0,4.8903427,0.683783769607544,0.4965652525424957,0.02344454452395439
YOR061W,YLR175W,1,4.8886075,0.6842105388641357,0.49754661321640015,0.02344454452395439
YNL292W,YNL050C,1,4.885118,0.684636116027832,0.49852797389030457,0.02344454452395439
YHR117W,YPL092W,0,4.884655,0.6837146878242493,0.49852797389030457,0.023544734343886375
YDR441C,YGL211W,1,4.8831353,0.6841397881507874,0.499509334564209,0.023544734343886375
YHL012W,YLR384C,1,4.88224,0.6845637559890747,0.500490665435791,0.023544734343886375
YBR021W,YBR195C,1,4.8810377,0.6849865913391113,0.5014720559120178,0.023544734343886375
YKL166C,YKR045C,1,4.879106,0.6854082942008972,0.5024533867835999,0.023544734343886375
YDL205C,YDR266C,0,4.878818,0.6844919919967651,0.5024533867835999,0.02364492602646351
YLR323C,YHR058C,1,4.8778443,0.6849132180213928,0.5034347176551819,0.02364492602646351
YLR430W,YDL201W,1,4.8765836,0.6853333115577698,0.5044161081314087,0.02364492602646351
YDR206W,YML123C,1,4.872705,0.6857523322105408,0.5053974390029907,0.02364492602646351
YNL039W,YJR160C,0,4.865955,0.6848404407501221,0.5053974390029907,0.023745115846395493
YEL053C,YMR016C,1,4.8644276,0.6852589845657349,0.5063788294792175,0.023745115846395493
YER074W,YKR057W,0,4.8623652,0.6843501329421997,0.5063788294792175,0.023845305666327477
YIL103W,YFL022C,0,4.8597326,0.6834437251091003,0.5063788294792175,0.02394549734890461
YJL035C,YFR038W,1,4.8582654,0.6838624477386475,0.5073601603507996,0.02394549734890461
YDL030W,YCR054C,1,4.856478,0.6842800378799438,0.5083414912223816,0.02394549734890461
YCR092C,YDR052C,0,4.856,0.6833773255348206,0.5083414912223816,0.024045687168836594
YGR207C,YLR157C,0,4.85556,0.6824769377708435,0.5083414912223816,0.024145876988768578
YPL175W,YHR058C,1,4.8551173,0.682894766330719,0.5093228816986084,0.024145876988768578
YNL112W,YGR071C,0,4.8540177,0.6819973587989807,0.5093228816986084,0.02424606680870056
YDR492W,YDL030W,1,4.8504434,0.682414710521698,0.5103042125701904,0.02424606680870056
YER151C,YGR072W,0,4.8501945,0.6815203428268433,0.5103042125701904,0.024346258491277695
YMR234W,YLR384C,1,4.8496385,0.6819371581077576,0.5112856030464172,0.024346258491277695
YCR054C,YPL192C,0,4.8475537,0.6810457706451416,0.5112856030464172,0.02444644831120968
YAR003W,YML038C,0,4.843063,0.6801566481590271,0.5112856030464172,0.024546638131141663
YML056C,YNL050C,0,4.835384,0.6792699098587036,0.5112856030464172,0.024646829813718796
YDR239C,YNR046W,1,4.8351398,0.6796875,0.5122669339179993,0.024646829813718796
YNL245C,YAR014C,1,4.834116,0.6801040172576904,0.5132482647895813,0.024646829813718796
YAL010C,YJR113C,0,4.831847,0.6792207956314087,0.5132482647895813,0.02474701963365078
YPL019C,YHL013C,0,4.831366,0.6783398389816284,0.5132482647895813,0.024847209453582764
YDL014W,YER168C,1,4.829041,0.6787564754486084,0.5142296552658081,0.024847209453582764
YBR261C,YDR165W,1,4.8257375,0.6791720390319824,0.5152109861373901,0.024847209453582764
YLR295C,YLR178C,0,4.8237367,0.6782945990562439,0.5152109861373901,0.024947399273514748
YPL241C,YPR182W,0,4.821011,0.6774193644523621,0.5152109861373901,0.02504759095609188
YGR090W,YBR155W,0,4.8128405,0.6765463948249817,0.5152109861373901,0.025147780776023865
YDL008W,YDR414C,0,4.8121877,0.6756756901741028,0.5152109861373901,0.02524797059595585
YNR051C,YNR046W,1,4.8104596,0.6760925650596619,0.5161923170089722,0.02524797059595585
YDL033C,YOR274W,1,4.8065104,0.676508367061615,0.517173707485199,0.02524797059595585
YBR142W,YLR364W,0,4.8038683,0.6756410002708435,0.517173707485199,0.025348162278532982
YOL130W,YMR177W,1,4.8021736,0.6760563254356384,0.518155038356781,0.025348162278532982
YBR021W,YJR055W,1,4.799883,0.6764705777168274,0.5191364288330078,0.025348162278532982
YJR113C,YNR075W,0,4.798861,0.6756066679954529,0.5191364288330078,0.025448352098464966
YKL183W,YFR038W,1,4.798578,0.6760203838348389,0.5201177597045898,0.025448352098464966
YBR275C,YNL175C,0,4.7983613,0.675159215927124,0.5201177597045898,0.02554854191839695
YNR044W,YOL041C,0,4.7977996,0.6743002533912659,0.5201177597045898,0.025648731738328934
YLR348C,YJL209W,0,4.7955174,0.6734434366226196,0.5201177597045898,0.025748923420906067
YOR233W,YKR069W,0,4.795284,0.6725888252258301,0.5201177597045898,0.02584911324083805
YLR384C,YGL211W,1,4.792969,0.6730037927627563,0.5210990905761719,0.02584911324083805
YDL030W,YGR211W,1,4.7901974,0.6734177470207214,0.5220804810523987,0.02584911324083805
YOL109W,YOL102C,0,4.7895226,0.6725663542747498,0.5220804810523987,0.025949303060770035
YML014W,YPR125W,1,4.7841754,0.6729797720909119,0.5230618119239807,0.025949303060770035
YOR098C,YLR187W,0,4.7835956,0.6721311211585999,0.5230618119239807,0.026049494743347168
YDR481C,YDR121W,0,4.7829623,0.6712846159934998,0.5230618119239807,0.026149684563279152
YJL125C,YGL063W,1,4.7794986,0.6716980934143066,0.5240432024002075,0.026149684563279152
YER115C,YGL243W,1,4.779428,0.6721105575561523,0.5250245332717896,0.026149684563279152
YDL033C,YOR306C,1,4.7706113,0.6725219488143921,0.5260058641433716,0.026149684563279152
YNL010W,YFR001W,0,4.770317,0.6716791987419128,0.5260058641433716,0.026249874383211136
YLR175W,YNL254C,1,4.7670407,0.6720901131629944,0.5269872546195984,0.026249874383211136
YKL110C,YJL125C,1,4.76611,0.6725000143051147,0.5279685854911804,0.026249874383211136
YNL282W,YGL170C,0,4.763909,0.6716604232788086,0.5279685854911804,0.02635006420314312
YPL038W,YHR206W,1,4.763348,0.6720698475837708,0.5289499759674072,0.02635006420314312
YER053C,YJL066C,0,4.758558,0.6712328791618347,0.5289499759674072,0.026450255885720253
YMR177W,YNR051C,1,4.7573323,0.6716417670249939,0.5299313068389893,0.026450255885720253
YDR174W,YJL062W-A,0,4.7556834,0.6708074808120728,0.5299313068389893,0.026550445705652237
YHR084W,YLR226W,1,4.755139,0.6712158918380737,0.5309126377105713,0.026550445705652237
YPL241C,YGR006W,0,4.7543626,0.6703841090202332,0.5309126377105713,0.02665063552558422
YKL205W,YDL207W,0,4.7531586,0.6695544719696045,0.5309126377105713,0.026750827208161354
YLR433C,YPL108W,1,4.746856,0.6699629426002502,0.5318940281867981,0.026750827208161354
YLR069C,YDR027C,0,4.7453732,0.6691358089447021,0.5318940281867981,0.026851017028093338
YGR274C,YPL030W,0,4.741162,0.6683107018470764,0.5318940281867981,0.026951206848025322
YOL056W,YML109W,0,4.7400947,0.6674876809120178,0.5318940281867981,0.027051398530602455
YBL023C,YOR360C,1,4.73595,0.6678966879844666,0.5328753590583801,0.027051398530602455
YDL014W,YBR141C,1,4.735392,0.6683046817779541,0.5338567495346069,0.027051398530602455
YIR002C,YCR072C,0,4.735209,0.6674846410751343,0.5338567495346069,0.02715158835053444
YDR165W,YPL038W,1,4.734913,0.6678921580314636,0.534838080406189,0.02715158835053444
YLR175W,YFR038W,1,4.733578,0.6682986617088318,0.535819411277771,0.02715158835053444
YLR316C,YGL064C,1,4.7287006,0.6687041521072388,0.5368008017539978,0.02715158835053444
YJL207C,YJL071W,0,4.727819,0.6678876876831055,0.5368008017539978,0.027251778170466423
YKR025W,YAL035W,0,4.7273,0.6670731902122498,0.5368008017539978,0.027351967990398407
YHR084W,YDR143C,1,4.726194,0.6674786806106567,0.5377821326255798,0.027351967990398407
YGL079W,YAR014C,1,4.722794,0.6678832173347473,0.5387635231018066,0.027351967990398407
YNL189W,YER052C,0,4.7202573,0.6670717000961304,0.5387635231018066,0.02745215967297554
YHR136C,YMR290C,0,4.7189045,0.666262149810791,0.5387635231018066,0.027552349492907524
YOR243C,YLR014C,1,4.718023,0.6666666865348816,0.5397448539733887,0.027552349492907524
YPR048W,YGR123C,0,4.716189,0.665859580039978,0.5397448539733887,0.027652539312839508
YHR072W-A,YCR063W,1,4.716106,0.6662635803222656,0.5407261848449707,0.027652539312839508
YBR021W,YBL023C,1,4.7109356,0.6666666865348816,0.5417075753211975,0.027652539312839508
YER115C,YLR433C,1,4.7108274,0.6670687794685364,0.5426889061927795,0.027652539312839508
YPL078C,YDR116C,0,4.7084184,0.666265070438385,0.5426889061927795,0.02775273099541664
YKL174C,YHR128W,0,4.707076,0.6654632687568665,0.5426889061927795,0.027852920815348625
YGL166W,YCL008C,0,4.70607,0.6646634340286255,0.5426889061927795,0.02795311063528061
YHR032W,YOR061W,1,4.701095,0.6650660037994385,0.5436702370643616,0.02795311063528061
YNL116W,YML006C,0,4.6995454,0.6642686128616333,0.5436702370643616,0.028053300455212593
YNL282W,YGR081C,0,4.698891,0.6634730696678162,0.5436702370643616,0.028153492137789726
YLR214W,YHR072W-A,1,4.695643,0.6638755798339844,0.5446516275405884,0.028153492137789726
YCR060W,YMR247C,0,4.695628,0.6630824208259583,0.5446516275405884,0.02825368195772171
YDR440W,YDR489W,0,4.6927705,0.6622911691665649,0.5446516275405884,0.028353871777653694
YDL209C,YOR118W,1,4.689215,0.6626936793327332,0.5456329584121704,0.028353871777653694
YLR224W,YDL051W,0,4.6879973,0.6619047522544861,0.5456329584121704,0.028454063460230827
YDR123C,YKL184W,0,4.6858454,0.6611177325248718,0.5456329584121704,0.02855425328016281
YHR187W,YML005W,1,4.6849675,0.6615201830863953,0.5466143488883972,0.02855425328016281
YPR186C,YPL101W,0,4.6836534,0.6607354879379272,0.5466143488883972,0.028654443100094795
YPL030W,YNL240C,1,4.683364,0.6611374616622925,0.5475956797599792,0.028654443100094795
YML075C,YBR040W,0,4.6828985,0.6603550314903259,0.5475956797599792,0.02875463292002678
YBL023C,YDL189W,1,4.6818094,0.660756528377533,0.5485770106315613,0.02875463292002678
YPR125W,YER127W,1,4.681397,0.6611570119857788,0.5495584011077881,0.02875463292002678
YBR238C,YGR229C,0,4.67897,0.6603773832321167,0.5495584011077881,0.028854824602603912
YLR401C,YHR032W,1,4.6760674,0.6607773900032043,0.5505397319793701,0.028854824602603912
YLR256W,YNL151C,0,4.6756186,0.6600000262260437,0.5505397319793701,0.028955014422535896
YPL108W,YBR152W,0,4.6748924,0.6592244505882263,0.5505397319793701,0.02905520424246788
YLR450W,YDR302W,0,4.673162,0.658450722694397,0.5505397319793701,0.029155395925045013
YIL061C,YDR240C,1,4.671803,0.6588510870933533,0.5515211224555969,0.029155395925045013
YDR020C,YKR038C,0,4.6702933,0.6580796241760254,0.5515211224555969,0.029255585744976997
YBR002C,YNL256W,0,4.66974,0.6573099493980408,0.5515211224555969,0.02935577556490898
YOR061W,YKL166C,1,4.6694903,0.6577102541923523,0.552502453327179,0.02935577556490898
YFR037C,YER127W,1,4.6649113,0.6581096649169922,0.553483784198761,0.02935577556490898
YNR027W,YOR269W,1,4.664332,0.6585081815719604,0.5544651746749878,0.02935577556490898
YMR023C,YNR018W,1,4.6640487,0.6589056849479675,0.5554465055465698,0.02935577556490898
YBL069W,YNL095C,1,4.6630387,0.6593023538589478,0.5564278960227966,0.02935577556490898
YNL292W,YOR306C,1,4.6536965,0.6596980094909668,0.5574092268943787,0.02935577556490898
YCR037C,YCR053W,0,4.650542,0.6589326858520508,0.5574092268943787,0.029455967247486115
YGL209W,YDR138W,0,4.6499424,0.658169150352478,0.5574092268943787,0.0295561570674181
YNL213C,YKR008W,0,4.649776,0.6574074029922485,0.5574092268943787,0.029656346887350082
YMR228W,YDL039C,1,4.649158,0.657803475856781,0.5583905577659607,0.029656346887350082
YOR144C,YNL299W,0,4.648124,0.6570438742637634,0.5583905577659607,0.029756536707282066
YLR385C,YML027W,0,4.6395416,0.6562860608100891,0.5583905577659607,0.0298567283898592
YLR433C,YDL112W,1,4.637982,0.656682014465332,0.5593719482421875,0.0298567283898592
YJR042W,YOL066C,1,4.6337056,0.6570770740509033,0.5603532791137695,0.0298567283898592
YDR156W,YOR143C,0,4.631744,0.6563218235969543,0.5603532791137695,0.029956918209791183
YJR010C-A,YKL140W,0,4.6310487,0.6555683016777039,0.5603532791137695,0.030057108029723167
YOR061W,YOL137W,1,4.6309447,0.6559633016586304,0.5613346695899963,0.030057108029723167
YOL102C,YBR167C,0,4.629836,0.6552119255065918,0.5613346695899963,0.0301572997123003
YLR070C,YFR008W,0,4.6176257,0.6544622182846069,0.5613346695899963,0.030257489532232285
YLR384C,YGL232W,1,4.6167293,0.6548571586608887,0.5623160004615784,0.030257489532232285
YJR055W,YDR524C,1,4.6161437,0.655251145362854,0.5632973313331604,0.030257489532232285
YBR291C,YHR026W,0,4.6141925,0.6545040011405945,0.5632973313331604,0.03035767935216427
YML104C,YNL151C,0,4.6128054,0.6537585258483887,0.5632973313331604,0.030457869172096252
YKR045C,YAR014C,1,4.604874,0.6541524529457092,0.5642787218093872,0.030457869172096252
YML037C,YKL166C,0,4.603544,0.6534090638160706,0.5642787218093872,0.030558060854673386
YPR011C,YGL205W,0,4.6012683,0.6526674032211304,0.5642787218093872,0.03065825067460537
YIL044C,YJR063W,0,4.59979,0.6519274115562439,0.5642787218093872,0.030758440494537354
YLR002C,YMR049C,0,4.5975747,0.6511891484260559,0.5642787218093872,0.030858632177114487
YJR016C,YHR081W,0,4.5971465,0.6504524946212769,0.5642787218093872,0.03095882199704647
YOR334W,YPL212C,1,4.593958,0.6508474349975586,0.5652600526809692,0.03095882199704647
YMR119W,YGL191W,0,4.5928054,0.6501128673553467,0.5652600526809692,0.031059011816978455
YAL020C,YDL129W,1,4.5915637,0.6505073308944702,0.5662413835525513,0.031059011816978455
YMR308C,YOR368W,0,4.587444,0.6497747898101807,0.5662413835525513,0.03115920163691044
YER042W,YJR006W,0,4.5868335,0.6490438580513,0.5662413835525513,0.03125939145684242
YMR234W,YOL137W,1,4.582586,0.649438202381134,0.5672227740287781,0.03125939145684242
YDL083C,YHR141C,0,4.580602,0.6487092971801758,0.5672227740287781,0.031359583139419556
YHR031C,YOR205C,1,4.580084,0.6491031646728516,0.5682041049003601,0.031359583139419556
YER168C,YOR118W,1,4.577901,0.6494960784912109,0.5691854953765869,0.031359583139419556
YML123C,YFR038W,1,4.5733495,0.6498881578445435,0.570166826248169,0.031359583139419556
YPL226W,YBL006C,0,4.5713954,0.6491619944572449,0.570166826248169,0.03145977482199669
YMR287C,YPR198W,0,4.571015,0.6484375,0.570166826248169,0.031559962779283524
YHR032W,YDR240C,1,4.5687213,0.648829460144043,0.571148157119751,0.031559962779283524
YDL030W,YGR286C,1,4.568421,0.6492204666137695,0.5721295475959778,0.031559962779283524
YPL212C,YGL063W,1,4.567107,0.649610698223114,0.5731108784675598,0.031559962779283524
YDL033C,YGL050W,1,4.5669327,0.6499999761581421,0.5740922689437866,0.031559962779283524
YJR101W,YJL151C,0,4.5667567,0.6492785811424255,0.5740922689437866,0.03166015446186066
YDR104C,YCR010C,0,4.566296,0.6485587358474731,0.5740922689437866,0.03176034614443779
YOR347C,YMR281W,0,4.5661592,0.6478405594825745,0.5740922689437866,0.031860534101724625
YNL292W,YHR046C,1,4.565833,0.6482300758361816,0.5750735998153687,0.031860534101724625
YIL145C,YDL036C,1,4.5653996,0.648618757724762,0.5760549306869507,0.031860534101724625
YCR048W,YNR003C,0,4.5653205,0.6479028463363647,0.5760549306869507,0.03196072578430176
YJL054W,YNL292W,1,4.562698,0.6482910513877869,0.5770363211631775,0.03196072578430176
YLR323C,YML123C,1,4.562068,0.6486784219741821,0.5780176520347595,0.03196072578430176
YNL254C,YDR352W,1,4.5566573,0.6490648984909058,0.5789990425109863,0.03196072578430176
YMR266W,YDL112W,1,4.548846,0.6494505405426025,0.5799803733825684,0.03196072578430176
YOR355W,YDR472W,0,4.54821,0.6487376689910889,0.5799803733825684,0.03206091746687889
YIL061C,YBL069W,1,4.544168,0.6491228342056274,0.5809617042541504,0.03206091746687889
YBL026W,YPR132W,0,4.5417104,0.6484118103981018,0.5809617042541504,0.032161105424165726
YHR086W,YLR283W,0,4.537076,0.6477023959159851,0.5809617042541504,0.03226129710674286
YKL156W,YIR010W,0,4.5334544,0.6469945311546326,0.5809617042541504,0.032361485064029694
YDL217C,YGL170C,1,4.5315013,0.6473799347877502,0.5819430947303772,0.032361485064029694
YGL170C,YAR014C,1,4.531385,0.6477644443511963,0.5829244256019592,0.032361485064029694
YOL004W,YLL052C,0,4.528475,0.6470588445663452,0.5829244256019592,0.03246167674660683
YPL111W,YPL110C,0,4.5282903,0.6463547348976135,0.5829244256019592,0.03256186842918396
YMR128W,YPR022C,0,4.5233603,0.645652174949646,0.5829244256019592,0.032662056386470795
YNL292W,YPL193W,1,4.5219927,0.6460369229316711,0.583905816078186,0.032662056386470795
YDR113C,YCR094W,0,4.5169773,0.6453362107276917,0.583905816078186,0.03276224806904793
YGR207C,YMR113W,0,4.5141263,0.6446370482444763,0.583905816078186,0.03286243975162506
YPL104W,YLR307W,0,4.5113397,0.6439393758773804,0.583905816078186,0.032962627708911896
YDR296W,YLR283W,0,4.508582,0.6432432532310486,0.583905816078186,0.03306281939148903
YMR288W,YML023C,1,4.5084577,0.6436285376548767,0.5848871469497681,0.03306281939148903
YJR067C,YDL189W,1,4.507842,0.6440129280090332,0.5858684778213501,0.03306281939148903
YMR023C,YNR027W,1,4.506168,0.6443965435028076,0.5868498682975769,0.03306281939148903
YLL002W,YDR143C,0,4.504366,0.6437029242515564,0.5868498682975769,0.03316301107406616
YDL112W,YBR239C,1,4.499806,0.6440860033035278,0.5878311991691589,0.03316301107406616
YGL236C,YDR524C,1,4.494249,0.6444683074951172,0.5888125896453857,0.03316301107406616
YLL009C,YKL193C,0,4.492743,0.6437768340110779,0.5888125896453857,0.033263199031353
YBR239C,YMR288W,1,4.4927382,0.6441586017608643,0.5897939205169678,0.033263199031353
YNL240C,YGL170C,1,4.492227,0.6445395946502686,0.5907752513885498,0.033263199031353
YMR288W,YGL050W,1,4.4919395,0.6449198126792908,0.5917566418647766,0.033263199031353
YJR055W,YDR245W,0,4.490579,0.6442307829856873,0.5917566418647766,0.03336339071393013
YLR052W,YBR239C,1,4.48964,0.6446104645729065,0.5927379727363586,0.03336339071393013
YHR072W-A,YER180C,1,4.4895153,0.6449893116950989,0.5937193036079407,0.03336339071393013
YDR017C,YGR061C,0,4.4866314,0.6443024277687073,0.5937193036079407,0.03346358239650726
YLR384C,YDR364C,1,4.485906,0.6446808576583862,0.5947006940841675,0.03346358239650726
YOL029C,YML005W,1,4.4846625,0.6450584530830383,0.5956820249557495,0.03346358239650726
YDR364C,YER137C,1,4.481602,0.6454352736473083,0.5966634154319763,0.03346358239650726
YLR356W,YMR023C,0,4.478925,0.6447507739067078,0.5966634154319763,0.0335637703537941
YDL043C,YOR196C,0,4.4776263,0.6440678238868713,0.5966634154319763,0.03366396203637123
YPL207W,YLR419W,1,4.4775195,0.644444465637207,0.5976447463035583,0.03366396203637123
YHL026C,YGL064C,1,4.470492,0.6448202729225159,0.5986260771751404,0.03366396203637123
YLR373C,YNL210W,0,4.4674397,0.6441394090652466,0.5986260771751404,0.033764153718948364
YMR234W,YLR014C,1,4.4665055,0.6445147395133972,0.5996074676513672,0.033764153718948364
YMR312W,YJR067C,1,4.4624877,0.6448893547058105,0.6005887985229492,0.033764153718948364
YGL079W,YBL055C,1,4.461754,0.645263135433197,0.601570188999176,0.033764153718948364
YDL030W,YKR038C,1,4.4604354,0.6456362009048462,0.6025515198707581,0.033764153718948364
YIL125W,YMR098C,0,4.456898,0.644957959651947,0.6025515198707581,0.0338643416762352
YOR297C,YNL102W,0,4.454378,0.6442812085151672,0.6025515198707581,0.03396453335881233
YBL067C,YDR206W,0,4.4542007,0.6436058878898621,0.6025515198707581,0.03406472131609917
YHR134W,YML038C,0,4.4526505,0.6429319381713867,0.6025515198707581,0.0341649129986763
YDR352W,YGL170C,1,4.4521003,0.6433054208755493,0.6035328507423401,0.0341649129986763
YFR037C,YFL001W,1,4.451908,0.6436781883239746,0.6045142412185669,0.0341649129986763
YOR047C,YMR093W,0,4.451693,0.6430062651634216,0.6045142412185669,0.03426510468125343
YNL065W,YNR048W,1,4.4506354,0.643378496170044,0.6054955720901489,0.03426510468125343
YMR016C,YHR031C,1,4.4503818,0.643750011920929,0.6064769625663757,0.03426510468125343
YKL125W,YOL136C,0,4.4501524,0.6430801153182983,0.6064769625663757,0.03436529263854027
YCR037C,YKR022C,0,4.448349,0.6424116492271423,0.6064769625663757,0.0344654843211174
YDR462W,YOR076C,0,4.447225,0.6417445540428162,0.6064769625663757,0.034565676003694534
YLR221C,YER019C-A,0,4.4453273,0.6410788297653198,0.6064769625663757,0.03466586396098137
YPR152C,YOR171C,0,4.440474,0.6404145359992981,0.6064769625663757,0.0347660556435585
YER104W,YJL125C,0,4.438396,0.6397515535354614,0.6064769625663757,0.034866247326135635
YPR189W,YOR098C,0,4.436963,0.6390899419784546,0.6064769625663757,0.03496643528342247
YML123C,YBR155W,0,4.4368157,0.6384297609329224,0.6064769625663757,0.0350666269659996
YKR081C,YNL289W,0,4.436142,0.6377708911895752,0.6064769625663757,0.035166818648576736
YIL110W,YGL136C,0,4.43504,0.6371133923530579,0.6064769625663757,0.03526700660586357
YFR037C,YBL023C,1,4.434807,0.6374871134757996,0.6074582934379578,0.03526700660586357
YOL090W,YLR226W,0,4.43477,0.6368312835693359,0.6074582934379578,0.035367198288440704
YBR240C,YPL002C,0,4.4340177,0.6361767649650574,0.6074582934379578,0.03546738624572754
YNL230C,YOR378W,0,4.427119,0.6355236172676086,0.6074582934379578,0.03556757792830467
YEL050C,YAL060W,0,4.4257884,0.634871780872345,0.6074582934379578,0.035667769610881805
YMR026C,YHR115C,0,4.423575,0.6342213153839111,0.6074582934379578,0.03576795756816864
YDL021W,YCR068W,0,4.4185224,0.6335721611976624,0.6074582934379578,0.03586814925074577
YOR201C,YLR306W,0,4.414883,0.6329243183135986,0.6074582934379578,0.035968340933322906
YLR320W,YJL010C,0,4.41079,0.6322778463363647,0.6074582934379578,0.03606852889060974
YNL039W,YML113W,0,4.410716,0.6316326260566711,0.6074582934379578,0.036168720573186874
YIL065C,YGR163W,0,4.4089904,0.6309887766838074,0.6074582934379578,0.03626891225576401
YCL031C,YMR036C,0,4.408424,0.6303462386131287,0.6074582934379578,0.03636910021305084
YOL057W,YMR239C,0,4.407004,0.629705011844635,0.6074582934379578,0.036469291895627975
YIL158W,YBR257W,0,4.4049454,0.6290650367736816,0.6074582934379578,0.03656948357820511
YNR063W,YKR044W,0,4.4039497,0.6284263730049133,0.6074582934379578,0.03666967153549194
YIR038C,YCR010C,0,4.402945,0.6277890205383301,0.6074582934379578,0.03676986321806908
YDL205C,YDR143C,1,4.400091,0.628166139125824,0.6084396243095398,0.03676986321806908
YOL080C,YLR318W,0,4.3985295,0.6275303363800049,0.6084396243095398,0.03687005490064621
YHR136C,YNL151C,0,4.397856,0.6268958449363708,0.6084396243095398,0.036970242857933044
YEL053C,YPL252C,1,4.3967347,0.6272727251052856,0.6094210147857666,0.036970242857933044
YDL227C,YFR036W,1,4.3911185,0.6276488304138184,0.6104023456573486,0.036970242857933044
YHL020C,YOR075W,0,4.3906307,0.6270161271095276,0.6104023456573486,0.03707043454051018
YLR052W,YOR274W,1,4.3873763,0.6273917555809021,0.6113837361335754,0.03707043454051018
YGL236C,YFR034C,1,4.3845763,0.6277666091918945,0.6123650670051575,0.03707043454051018
YGL243W,YHR206W,1,4.3835835,0.6281406879425049,0.6133463978767395,0.03707043454051018
YDR281C,YLR323C,1,4.3829904,0.6285140514373779,0.6143277883529663,0.03707043454051018
YHR072W-A,YGL079W,1,4.3827252,0.6288866400718689,0.6153091192245483,0.03707043454051018
YML023C,YBL055C,1,4.3825574,0.6292585134506226,0.6162905097007751,0.03707043454051018
YPL246C,YCR060W,0,4.3809595,0.6286286115646362,0.6162905097007751,0.03717062249779701
YOL115W,YOL094C,0,4.380467,0.628000020980835,0.6162905097007751,0.037270814180374146
YPL086C,YLR014C,1,4.379419,0.6283716559410095,0.6172718405723572,0.037270814180374146
YHL026C,YGL211W,1,4.3773327,0.628742516040802,0.6182531714439392,0.037270814180374146
YNL065W,YNL254C,1,4.376061,0.6291126608848572,0.619234561920166,0.037270814180374146
YMR164C,YDL161W,0,4.374787,0.6284860372543335,0.619234561920166,0.03737100586295128
YML046W,YDL042C,0,4.37235,0.6278607249259949,0.619234561920166,0.03747119382023811
YDL205C,YNR048W,1,4.371882,0.628230631351471,0.620215892791748,0.03747119382023811
YML009C,YMR270C,0,4.3700757,0.6276067495346069,0.620215892791748,0.03757138550281525
YER115C,YOR118W,1,4.368684,0.6279761791229248,0.6211972236633301,0.03757138550281525
YBR084C-A,YOR202W,0,4.36865,0.6273537874221802,0.6211972236633301,0.03767157718539238
YML030W,YOL151W,0,4.366115,0.6267326474189758,0.6211972236633301,0.037771765142679214
YPL108W,YHR058C,1,4.3589005,0.6271018981933594,0.6221786141395569,0.037771765142679214
YMR060C,YAR014C,0,4.358099,0.6264821887016296,0.6221786141395569,0.03787195682525635
YFR037C,YER075C,1,4.3564277,0.626850962638855,0.6231599450111389,0.03787195682525635
YER170W,YLR020C,0,4.3550076,0.6262327432632446,0.6231599450111389,0.03797214850783348
YDL030W,YOR269W,1,4.3542666,0.626600980758667,0.6241413354873657,0.03797214850783348
YJR042W,YPL207W,1,4.353814,0.626968502998352,0.6251226663589478,0.03797214850783348
YDL014W,YMR036C,0,4.3536706,0.6263520121574402,0.6251226663589478,0.038072336465120316
YDR198C,YNL222W,0,4.3535132,0.6257367134094238,0.6251226663589478,0.03817252814769745
YOR251C,YGL064C,1,4.352317,0.6261039972305298,0.6261039972305298,0.03817252814769745
YEL036C,YLR226W,1,4.347917,0.6264705657958984,0.6270853877067566,0.03817252814769745
YOR206W,YPL011C,0,4.3387446,0.6258569955825806,0.6270853877067566,0.03827271983027458
YNL284C,YPL158C,0,4.3380847,0.6252446174621582,0.6270853877067566,0.03837290778756142
YBL024W,YPL266W,1,4.335302,0.6256109476089478,0.6280667185783386,0.03837290778756142
YIL090W,YLR138W,0,4.3338513,0.625,0.6280667185783386,0.03847309947013855
YOR322C,YGL113W,0,4.331615,0.6243902444839478,0.6280667185783386,0.038573287427425385
YPL270W,YBR298C,0,4.331018,0.623781681060791,0.6280667185783386,0.03867347911000252
YOL067C,YDR082W,0,4.328158,0.6231743097305298,0.6280667185783386,0.03877367079257965
YOR061W,YDR165W,1,4.3281384,0.6235408782958984,0.6290481090545654,0.03877367079257965
YGR171C,YML030W,0,4.326137,0.622934877872467,0.6290481090545654,0.038873858749866486
YJL035C,YLR316C,1,4.3231196,0.6233009696006775,0.6300294399261475,0.038873858749866486
YPL022W,YJR055W,0,4.3218436,0.6226963996887207,0.6300294399261475,0.03897405043244362
YHR041C,YKL112W,0,4.3198028,0.6220930218696594,0.6300294399261475,0.03907424211502075
YPR002W,YGL183C,0,4.316447,0.6214907765388489,0.6300294399261475,0.03917443007230759
YKL078W,YMR238W,0,4.3145804,0.6208897233009338,0.6300294399261475,0.03927462175488472
YMR283C,YPR125W,1,4.314489,0.6212560534477234,0.6310107707977295,0.03927462175488472
YER045C,YDL036C,0,4.312982,0.6206563711166382,0.6310107707977295,0.03937481343746185
YBR087W,YKL078W,0,4.30993,0.6200578808784485,0.6310107707977295,0.03947500139474869
YHR032W,YDR188W,1,4.3095737,0.6204239130020142,0.6319921612739563,0.03947500139474869
YNL065W,YGR286C,1,4.306972,0.6207892298698425,0.6329734921455383,0.03947500139474869
YJR056C,YCL054W,1,4.3046947,0.6211538314819336,0.6339548826217651,0.03947500139474869
YMR268C,YKR044W,1,4.301431,0.6215177774429321,0.6349362134933472,0.03947500139474869
YOL130W,YER180C,1,4.3013816,0.6218810081481934,0.6359175443649292,0.03947500139474869
YDL122W,YNR051C,1,4.29882,0.6222435235977173,0.636898934841156,0.03947500139474869
YNL240C,YIL061C,1,4.29715,0.6226053833961487,0.637880265712738,0.03947500139474869
YDR120C,YJR060W,0,4.2941346,0.6220095753669739,0.637880265712738,0.03957519307732582
YNL274C,YKL007W,0,4.2924285,0.6214148998260498,0.637880265712738,0.039675384759902954
YOR176W,YKL038W,0,4.291458,0.6208214163780212,0.637880265712738,0.03977557271718979
YOR243C,YLL054C,0,4.2881355,0.6202290058135986,0.637880265712738,0.03987576439976692
YMR023C,YDL209C,1,4.2878957,0.6205910444259644,0.6388616561889648,0.03987576439976692
YKR044W,YKR045C,1,4.284932,0.6209523677825928,0.6398429870605469,0.03987576439976692
YLR270W,YDR394W,0,4.2837715,0.6203615665435791,0.6398429870605469,0.039975956082344055
YJR101W,YLR305C,0,4.2819695,0.6197718381881714,0.6398429870605469,0.04007614403963089
YNL052W,YDL170W,0,4.2791467,0.6191833019256592,0.6398429870605469,0.04017633572220802
YDR096W,YGR203W,0,4.277618,0.6185958385467529,0.6398429870605469,0.04027652367949486
YLR388W,YPR009W,0,4.2754097,0.6180095076560974,0.6398429870605469,0.04037671536207199
YJL054W,YPL207W,1,4.271842,0.6183711886405945,0.6408243179321289,0.04037671536207199
YPL078C,YEL059C-A,0,4.2708983,0.617786169052124,0.6408243179321289,0.040476907044649124
YFL050C,YBR198C,0,4.270555,0.6172022819519043,0.6408243179321289,0.04057709500193596
YIL157C,YHR104W,0,4.269447,0.6166194677352905,0.6408243179321289,0.04067728668451309
YOL130W,YDR188W,1,4.2689548,0.6169811487197876,0.6418057084083557,0.04067728668451309
YNR018W,YOR118W,1,4.2672596,0.6173421144485474,0.6427870392799377,0.04067728668451309
YPL157W,YLR226W,0,4.266247,0.6167608499526978,0.6427870392799377,0.040777478367090225
YDL122W,YNR048W,1,4.265546,0.6171213388442993,0.6437684297561646,0.040777478367090225
YML026C,YDL042C,0,4.2635446,0.61654132604599,0.6437684297561646,0.04087766632437706
YEL056W,YOR010C,0,4.2616143,0.6159624457359314,0.6437684297561646,0.04097785800695419
YCL036W,YOR118W,1,4.2608175,0.6163226962089539,0.6447497606277466,0.04097785800695419
YNL189W,YDR331W,0,4.2581964,0.6157450675964355,0.6447497606277466,0.041078049689531326
YNL252C,YJL072C,0,4.257179,0.6151685118675232,0.6447497606277466,0.04117823764681816
YJL192C,YER137C,0,4.254863,0.6145930886268616,0.6447497606277466,0.041278429329395294
YNL262W,YDL036C,0,4.2521214,0.6140186786651611,0.6447497606277466,0.04137862101197243
YPL108W,YOR306C,1,4.248749,0.6143791079521179,0.6457310914993286,0.04137862101197243
YNL245C,YKR038C,1,4.248676,0.6147388219833374,0.6467124819755554,0.04137862101197243
YOL029C,YKL033W,1,4.248631,0.6150978803634644,0.6476938128471375,0.04137862101197243
YBR156C,YIL145C,0,4.24828,0.6145251393318176,0.6476938128471375,0.04147880896925926
YOL066C,YNL254C,1,4.2468553,0.6148837208747864,0.6486751437187195,0.04147880896925926
YHR061C,YNL311C,0,4.243107,0.6143122911453247,0.6486751437187195,0.041579000651836395
YBR198C,YGR035C,0,4.242768,0.6137418746948242,0.6486751437187195,0.04167918860912323
YDL217C,YKL183W,1,4.241529,0.6141001582145691,0.6496565341949463,0.04167918860912323
YGL232W,YER140W,1,4.2412505,0.6144578456878662,0.6506378650665283,0.04167918860912323
YLR321C,YAL031C,0,4.2368865,0.6138888597488403,0.6506378650665283,0.04177938029170036
YJL125C,YOR255W,0,4.236549,0.6133210062980652,0.6506378650665283,0.041879571974277496
YJR016C,YJL081C,0,4.2360377,0.6127541661262512,0.6506378650665283,0.04197975993156433
YPL144W,YFR031C,0,4.2348742,0.6121883392333984,0.6506378650665283,0.042079951614141464
YDR487C,YGR177C,0,4.232487,0.6116236448287964,0.6506378650665283,0.0421801432967186
YOR308C,YMR146C,0,4.231708,0.6110599040985107,0.6506378650665283,0.04228033125400543
YCR008W,YNL248C,0,4.2300763,0.610497236251831,0.6506378650665283,0.042380522936582565
YJL035C,YPL193W,1,4.2289743,0.6108555793762207,0.6516192555427551,0.042380522936582565
YDL227C,YBL076C,0,4.227199,0.6102941036224365,0.6516192555427551,0.0424807146191597
YER017C,YMR019W,0,4.224359,0.6097337007522583,0.6516192555427551,0.04258090257644653
YMR266W,YGL170C,1,4.222032,0.6100917458534241,0.6526005864143372,0.04258090257644653
YHR119W,YLR088W,0,4.2156663,0.6095325350761414,0.6526005864143372,0.042681094259023666
YDR065W,YGL186C,0,4.212406,0.6089743375778198,0.6526005864143372,0.0427812859416008
YDR416W,YML038C,0,4.210508,0.6084172129631042,0.6526005864143372,0.042881473898887634
YLR214W,YNL050C,1,4.209158,0.6087751388549805,0.6535819172859192,0.042881473898887634
YLR278C,YDR429C,0,4.2084937,0.6082192063331604,0.6535819172859192,0.04298166558146477
YPR048W,YKR038C,0,4.205936,0.6076642274856567,0.6535819172859192,0.0430818572640419
YMR014W,YLR265C,0,4.204158,0.607110321521759,0.6535819172859192,0.043182045221328735
YCR063W,YOL029C,1,4.2026486,0.6074681282043457,0.654563307762146,0.043182045221328735
YOR159C,YHR178W,0,4.2004943,0.6069153547286987,0.654563307762146,0.04328223690390587
YHR070W,YDL209C,1,4.2004457,0.607272744178772,0.655544638633728,0.04328223690390587
YML023C,YPL038W,1,4.1997447,0.6076294183731079,0.6565260291099548,0.04328223690390587
YJL117W,YLR244C,0,4.1971784,0.6070780158042908,0.6565260291099548,0.0433824248611927
YDR312W,YIL039W,0,4.196423,0.6065276265144348,0.6565260291099548,0.043482616543769836
YMR236W,YLR385C,0,4.1947336,0.60597825050354,0.6565260291099548,0.04358280822634697
YOL054W,YCL069W,0,4.19342,0.6054298877716064,0.6565260291099548,0.043682996183633804
YNL308C,YBL009W,0,4.1901803,0.6048824787139893,0.6565260291099548,0.04378318786621094
YJR055W,YGR035C,1,4.1880226,0.6052393913269043,0.6575073599815369,0.04378318786621094
YLR132C,YMR247C,0,4.1864724,0.6046931147575378,0.6575073599815369,0.04388337954878807
YML005W,YDR240C,1,4.1851816,0.6050496101379395,0.6584886908531189,0.04388337954878807
YGL232W,YFR036W,1,4.1834073,0.6054053902626038,0.6594700813293457,0.04388337954878807
YHR160C,YJR103W,0,4.1792483,0.6048604846000671,0.6594700813293457,0.043983567506074905
YDL213C,YLR214W,0,4.177359,0.6043165326118469,0.6594700813293457,0.04408375918865204
YJL209W,YDL111C,0,4.173817,0.6037735939025879,0.6594700813293457,0.04418395087122917
YHR206W,YHR058C,1,4.172564,0.6041292548179626,0.6604514122009277,0.04418395087122917
YMR218C,YKR069W,0,4.171643,0.6035874485969543,0.6604514122009277,0.044284138828516006
YOL115W,YLR016C,0,4.1693454,0.6030465960502625,0.6604514122009277,0.04438433051109314
YNL244C,YPR118W,0,4.164393,0.602506697177887,0.6604514122009277,0.04448452219367027
YPR025C,YDL122W,0,4.1628795,0.6019678115844727,0.6604514122009277,0.04458471015095711
YNL308C,YPL112C,0,4.1572394,0.60142982006073,0.6604514122009277,0.04468490183353424
YDL217C,YCR054C,1,4.156731,0.6017857193946838,0.6614328026771545,0.04468490183353424
YHR070W,YPR082C,0,4.156441,0.6012488603591919,0.6614328026771545,0.044785093516111374
YLR069C,YML028W,0,4.1521993,0.6007130146026611,0.6614328026771545,0.04488528147339821
YOL130W,YDR159W,0,4.151199,0.6001781225204468,0.6614328026771545,0.04498547315597534
YDL036C,YPR049C,0,4.1466064,0.599644124507904,0.6614328026771545,0.045085661113262177
YDL033C,YEL053C,1,4.145385,0.6000000238418579,0.6624141335487366,0.045085661113262177
YMR223W,YDR121W,0,4.1413655,0.5994671583175659,0.6624141335487366,0.04518585279583931
YBR142W,YOR303W,0,4.1368365,0.5989352464675903,0.6624141335487366,0.04528604447841644
YOR089C,YOL072W,0,4.134641,0.5984042286872864,0.6624141335487366,0.04538623243570328
YKL110C,YBR153W,1,4.1307006,0.5987599492073059,0.6633954644203186,0.04538623243570328
YGL031C,YER180C,0,4.13024,0.5982300639152527,0.6633954644203186,0.04548642411828041
YNR043W,YGL236C,0,4.1279016,0.5977011322975159,0.6633954644203186,0.045586615800857544
YLR097C,YHL047C,0,4.1275225,0.5971731543540955,0.6633954644203186,0.04568680375814438
YHR092C,YBL090W,0,4.127248,0.5966460704803467,0.6633954644203186,0.04578699544072151
YJL054W,YJL125C,1,4.1267314,0.5970017910003662,0.6643768548965454,0.04578699544072151
YBR142W,YHR196W,0,4.126368,0.5964757800102234,0.6643768548965454,0.045887187123298645
YDL033C,YLR433C,1,4.126081,0.5968309640884399,0.6653581857681274,0.045887187123298645
YOR173W,YGR167W,0,4.123917,0.5963060855865479,0.6653581857681274,0.04598737508058548
YNR011C,YER070W,0,4.1235113,0.5957821011543274,0.6653581857681274,0.04608756676316261
YLR214W,YBL055C,1,4.1233892,0.5961369872093201,0.6663395762443542,0.04608756676316261
YPR112C,YER148W,0,4.11766,0.5956140160560608,0.6663395762443542,0.046187758445739746
YLR278C,YDL112W,0,4.1156697,0.5950919985771179,0.6663395762443542,0.04628794640302658
YKL095W,YER151C,0,4.114648,0.5945709347724915,0.6663395762443542,0.046388138085603714
YGL097W,YKL174C,0,4.1113477,0.5940507650375366,0.6663395762443542,0.04648832604289055
YIL135C,YIL067C,0,4.111014,0.5935314893722534,0.6663395762443542,0.04658851772546768
YOR205C,YDL189W,1,4.106253,0.5938864350318909,0.6673209071159363,0.04658851772546768
YBR248C,YJL125C,1,4.10055,0.5942408442497253,0.6683022379875183,0.04658851772546768
YBR058C,YKL183W,0,4.100084,0.5937227606773376,0.6683022379875183,0.046688709408044815
YBL028C,YKL173W,0,4.0997114,0.5932055711746216,0.6683022379875183,0.04678889736533165
YML129C,YNL252C,0,4.0978518,0.5926892757415771,0.6683022379875183,0.04688908904790878
YNL147W,YIR021W,0,4.0978403,0.5921739339828491,0.6683022379875183,0.046989280730485916
YAL020C,YHL026C,1,4.097525,0.592528223991394,0.6692836284637451,0.046989280730485916
YIL002C,YML121W,0,4.0964417,0.5920138955116272,0.6692836284637451,0.04708946868777275
YCR047C,YDR240C,1,4.096333,0.5923677086830139,0.6702649593353271,0.04708946868777275
YER148W,YNL186W,0,4.094197,0.5918543934822083,0.6702649593353271,0.047189660370349884
YDR462W,YKR009C,0,4.0937657,0.5913419723510742,0.6702649593353271,0.04728985205292702
YER007W,YKR048C,0,4.0936756,0.5908304452896118,0.6702649593353271,0.04739004001021385
YFR028C,YER029C,0,4.093156,0.590319812297821,0.6702649593353271,0.047490231692790985
YML080W,YOR334W,1,4.0925584,0.590673565864563,0.6712462902069092,0.047490231692790985
YDR143C,YBR088C,0,4.0920477,0.5901639461517334,0.6712462902069092,0.04759042337536812
YMR188C,YLR300W,0,4.0848274,0.5896551609039307,0.6712462902069092,0.04769061133265495
YBL022C,YKL059C,0,4.084704,0.5891472697257996,0.6712462902069092,0.047790803015232086
YOR133W,YDR120C,0,4.0827236,0.5886402726173401,0.6712462902069092,0.04789099469780922
YDR081C,YHR041C,0,4.0823965,0.5881341099739075,0.6712462902069092,0.047991182655096054
YCR054C,YOR274W,1,4.080324,0.588487982749939,0.672227680683136,0.047991182655096054
YMR016C,YCL029C,1,4.067468,0.5888411998748779,0.673209011554718,0.047991182655096054
YGR167W,YDR494W,0,4.063086,0.588336169719696,0.673209011554718,0.04809137433767319
YDL112W,YDR188W,1,4.059566,0.5886889696121216,0.6741904020309448,0.04809137433767319
YNL299W,YGR072W,0,4.0593696,0.5881849527359009,0.6741904020309448,0.04819156229496002
YMR008C,YBL098W,0,4.0563393,0.587681770324707,0.6741904020309448,0.048291753977537155
YOL141W,YNL279W,0,4.054704,0.5871794819831848,0.6741904020309448,0.04839194566011429
YKL108W,YDR103W,0,4.051492,0.5866780281066895,0.6741904020309448,0.04849213361740112
YLR127C,YCR037C,0,4.048289,0.5861774682998657,0.6741904020309448,0.048592325299978256
YPR144C,YMR162C,0,4.046193,0.5856777429580688,0.6741904020309448,0.04869251698255539
YOR043W,YDL171C,0,4.045708,0.5851788520812988,0.6741904020309448,0.048792704939842224
YAR031W,YGR088W,0,4.0451107,0.5846808552742004,0.6741904020309448,0.04889289662241936
YJR144W,YNL292W,0,4.0431256,0.5841836929321289,0.6741904020309448,0.04899308830499649
YLR096W,YGR123C,0,4.0428076,0.5836873650550842,0.6741904020309448,0.049093276262283325
YNR039C,YNL008C,0,4.0409193,0.5831918716430664,0.6741904020309448,0.04919346794486046
YOR301W,YNL280C,0,4.0401955,0.5826972126960754,0.6741904020309448,0.04929365962743759
YDR044W,YDR450W,0,4.036752,0.5822033882141113,0.6741904020309448,0.049393847584724426
YBR248C,YMR312W,1,4.0361447,0.5825571417808533,0.6751717329025269,0.049393847584724426
YPR187W,YJL129C,0,4.033973,0.5820642709732056,0.6751717329025269,0.04949403926730156
YDL226C,YGR179C,0,4.032377,0.5815722942352295,0.6751717329025269,0.049594227224588394
YPL218W,YGR108W,0,4.0308805,0.5810810923576355,0.6751717329025269,0.04969441890716553
YJL062W-A,YNR067C,0,4.0306706,0.5805907249450684,0.6751717329025269,0.04979461058974266
YNL093W,YHR046C,0,4.0291276,0.5801011919975281,0.6751717329025269,0.049894798547029495
YDL217C,YOR269W,1,4.0272865,0.58045494556427,0.6761530637741089,0.049894798547029495
YDR296W,YDR073W,0,4.025881,0.5799663066864014,0.6761530637741089,0.04999499022960663
YLR433C,YDR364C,1,4.0255585,0.5803195834159851,0.6771344542503357,0.04999499022960663
YAR066W,YIL066C,0,4.022147,0.5798319578170776,0.6771344542503357,0.05009518191218376
YDL122W,YPR125W,1,4.021456,0.5801846981048584,0.6781157851219177,0.05009518191218376
YPR072W,YDR121W,0,4.0206957,0.5796979665756226,0.6781157851219177,0.050195369869470596
YER115C,YML005W,1,4.0206594,0.5800502896308899,0.6790971755981445,0.050195369869470596
YML113W,YGR211W,1,4.0200953,0.5804020166397095,0.6800785064697266,0.050195369869470596
YNL014W,YDL019C,0,4.0192294,0.5799162983894348,0.6800785064697266,0.05029556155204773
YLR052W,YHR089C,1,4.0166693,0.5802675485610962,0.6810598373413086,0.05029556155204773
YDR109C,YOR145C,0,4.013941,0.5797827839851379,0.6810598373413086,0.05039575323462486
YDL153C,YHL040C,0,4.009162,0.5792988538742065,0.6810598373413086,0.0504959411919117
YOR246C,YER001W,0,4.008419,0.5788156986236572,0.6810598373413086,0.05059613287448883
YBL057C,YGR280C,0,4.008308,0.57833331823349,0.6810598373413086,0.050696324557065964
YBR248C,YDL129W,1,4.007364,0.5786844491958618,0.6820412278175354,0.050696324557065964
YLR401C,YBL023C,1,4.006645,0.5790349245071411,0.6830225586891174,0.050696324557065964
YHR072W-A,YDR165W,1,4.006137,0.5793848633766174,0.6840039491653442,0.050696324557065964
YDR527W,YLR057W,0,3.9998107,0.5789036750793457,0.6840039491653442,0.0507965125143528
YHR031C,YML124C,0,3.9989972,0.578423261642456,0.6840039491653442,0.05089670419692993
YJR110W,YOL138C,0,3.9982476,0.5779436230659485,0.6840039491653442,0.050996895879507065
YPR140W,YMR122W-A,0,3.9978137,0.577464759349823,0.6840039491653442,0.0510970838367939
YKL166C,YDR419W,0,3.9966636,0.5769867300987244,0.6840039491653442,0.05119727551937103
YKL084W,YIL145C,1,3.995462,0.5773366689682007,0.6849852800369263,0.05119727551937103
YPL103C,YBL023C,0,3.9953697,0.5768595337867737,0.6849852800369263,0.05129746347665787
YMR177W,YBL023C,1,3.995363,0.577208936214447,0.6859666109085083,0.05129746347665787
YFL045C,YLR364W,0,3.9950845,0.5767326951026917,0.6859666109085083,0.051397655159235
YER115C,YHL012W,1,3.9873843,0.5770816206932068,0.6869480013847351,0.051397655159235
YDL014W,YOL093W,1,3.986872,0.577430009841919,0.6879293322563171,0.051397655159235
YIL097W,YJL210W,0,3.984134,0.57695472240448,0.6879293322563171,0.051497846841812134
YAL020C,YPL038W,1,3.9815993,0.5773026347160339,0.688910722732544,0.051497846841812134
YCR067C,YNR070W,0,3.9764118,0.5768282413482666,0.688910722732544,0.05159803479909897
YML048W,YGL227W,0,3.975617,0.5763546824455261,0.688910722732544,0.0516982264816761
YDR332W,YLR439W,0,3.9745765,0.5758818984031677,0.688910722732544,0.051798418164253235
YOL033W,YDL008W,0,3.9731593,0.5754098296165466,0.688910722732544,0.05189860612154007
YNL220W,YMR303C,0,3.9725447,0.5749385952949524,0.688910722732544,0.0519987978041172
YMR223W,YNL080C,0,3.9715242,0.5744680762290955,0.688910722732544,0.052098989486694336
YEL046C,YNR027W,1,3.9710913,0.5748160481452942,0.689892053604126,0.052098989486694336
YOR375C,YER174C,0,3.9678788,0.5743464231491089,0.689892053604126,0.05219917744398117
YDR393W,YGL163C,0,3.9632115,0.5738775730133057,0.689892053604126,0.052299369126558304
YMR228W,YDL208W,1,3.9630494,0.574225127696991,0.690873384475708,0.052299369126558304
YNR011C,YJL092W,0,3.961413,0.5737571120262146,0.690873384475708,0.05239956080913544
YPL108W,YGL064C,1,3.9612827,0.5741042494773865,0.6918547749519348,0.05239956080913544
YGL103W,YMR292W,0,3.9608064,0.5736371278762817,0.6918547749519348,0.05249974876642227
YKR045C,YNR044W,0,3.9594727,0.5731707215309143,0.6918547749519348,0.052599940448999405
YAL020C,YOR118W,1,3.958788,0.5735174417495728,0.6928361058235168,0.052599940448999405
YJL157C,YLR057W,0,3.9542556,0.573051929473877,0.6928361058235168,0.05270012840628624
YIL015W,YJR152W,0,3.9529777,0.5725871920585632,0.6928361058235168,0.05280032008886337
YMR083W,YOL128C,0,3.9511392,0.5721231698989868,0.6928361058235168,0.052900511771440506
YDR052C,YBR044C,0,3.9497018,0.5716599225997925,0.6928361058235168,0.05300069972872734
YDL190C,YDR540C,0,3.9480567,0.5711973905563354,0.6928361058235168,0.053100891411304474
YBL028C,YDR123C,0,3.9470644,0.5707356333732605,0.6928361058235168,0.05320108309388161
YDR296W,YCR048W,0,3.9470322,0.5702746510505676,0.6928361058235168,0.05330127105116844
YDL205C,YOR306C,1,3.9448707,0.5706214904785156,0.6938174962997437,0.05330127105116844
YNR011C,YGR185C,0,3.9437394,0.5701612830162048,0.6938174962997437,0.053401462733745575
YDL137W,YJR040W,0,3.9429512,0.5697018504142761,0.6938174962997437,0.05350165441632271
YNL308C,YDL159W,0,3.9398427,0.5692431330680847,0.6938174962997437,0.05360184237360954
YGR169C,YDR206W,1,3.938202,0.5695896744728088,0.6947988271713257,0.05360184237360954
YDL021W,YEL059C-A,0,3.9372869,0.5691318511962891,0.6947988271713257,0.053702034056186676
YEL050C,YCL018W,0,3.937172,0.5686746835708618,0.6947988271713257,0.05380222573876381
YLL011W,YDR449C,0,3.9359431,0.5682182908058167,0.6947988271713257,0.053902413696050644
YOL021C,YOR351C,0,3.9332108,0.5677626132965088,0.6947988271713257,0.05400260537862778
YOR234C,YKL203C,0,3.928892,0.567307710647583,0.6947988271713257,0.05410279706120491
YIL122W,YDR410C,0,3.9280643,0.5668534636497498,0.6947988271713257,0.054202985018491745
YHR115C,YGL130W,0,3.9273252,0.5663999915122986,0.6947988271713257,0.05430317670106888
YPL127C,YLR389C,0,3.926703,0.5659472346305847,0.6947988271713257,0.05440336465835571
YMR167W,YGL133W,0,3.9251127,0.5654951930046082,0.6947988271713257,0.054503556340932846
YCL061C,YML080W,0,3.924684,0.5650438666343689,0.6947988271713257,0.05460374802350998
YPL193W,YOR334W,1,3.9224114,0.5653907656669617,0.6957801580429077,0.05460374802350998
YGL011C,YJL164C,0,3.9214644,0.5649402141571045,0.6957801580429077,0.054703935980796814
YDR389W,YGL113W,0,3.920926,0.5644904375076294,0.6957801580429077,0.05480412766337395
YFL050C,YKR092C,0,3.9202583,0.5640413761138916,0.6957801580429077,0.05490431934595108
YKR080W,YGR166W,0,3.9189913,0.5635930299758911,0.6957801580429077,0.055004507303237915
YLR373C,YOR340C,0,3.917791,0.5631453394889832,0.6957801580429077,0.05510469898581505
YDR191W,YJL014W,0,3.9169562,0.5626984238624573,0.6957801580429077,0.05520489066839218
YJL033W,YLR033W,0,3.9147258,0.5622521638870239,0.6957801580429077,0.055305078625679016
YJR056C,YLR430W,1,3.9135683,0.5625990629196167,0.6967615485191345,0.055305078625679016
YLR390W,YGR255C,0,3.9123178,0.5621535778045654,0.6967615485191345,0.05540527030825615
YNL110C,YOR196C,0,3.9062693,0.5617088675498962,0.6967615485191345,0.05550546199083328
YOR206W,YJL145W,0,3.9054563,0.5612648129463196,0.6967615485191345,0.05560564994812012
YOR219C,YDL146W,0,3.9049692,0.5608214735984802,0.6967615485191345,0.05570584163069725
YDR134C,YPR182W,0,3.9022245,0.5603788495063782,0.6967615485191345,0.055806033313274384
YNL202W,YGR008C,0,3.901054,0.5599368810653687,0.6967615485191345,0.05590622127056122
YIL099W,YNL159C,0,3.8991246,0.5594956874847412,0.6967615485191345,0.05600641295313835
YCR060W,YBR021W,1,3.8958771,0.5598425269126892,0.6977428793907166,0.05600641295313835
YHR091C,YJL109C,0,3.8906305,0.5594020485877991,0.6977428793907166,0.056106600910425186
YJR055W,YLR384C,1,3.8879766,0.5597484111785889,0.6987242102622986,0.056106600910425186
YFL018C,YPL236C,0,3.8878822,0.5593087077140808,0.6987242102622986,0.05620679259300232
YDR322W,YKR105C,0,3.8856604,0.5588697195053101,0.6987242102622986,0.05630698427557945
YKL110C,YJR056C,1,3.8825378,0.5592156648635864,0.6997056007385254,0.05630698427557945
YJL118W,YDR478W,0,3.8781319,0.5587774515151978,0.6997056007385254,0.05640717223286629
YPR020W,YMR038C,0,3.8760266,0.5583398342132568,0.6997056007385254,0.05650736391544342
YOL045W,YOL149W,0,3.8757558,0.557902991771698,0.6997056007385254,0.056607555598020554
YCR077C,YOR202W,0,3.8748193,0.5574667453765869,0.6997056007385254,0.05670774355530739
YPL110C,YDL060W,0,3.871225,0.5570312738418579,0.6997056007385254,0.05680793523788452
YJL041W,YGR145W,0,3.867412,0.5565963983535767,0.6997056007385254,0.056908126920461655
YLR274W,YML009C,0,3.8673582,0.5561622381210327,0.6997056007385254,0.05700831487774849
YBL068W,YDR013W,0,3.8668506,0.5557287335395813,0.6997056007385254,0.05710850656032562
YHR032W,YPL131W,0,3.8650012,0.5552959442138672,0.6997056007385254,0.057208698242902756
YKR054C,YIL085C,0,3.860024,0.5548638105392456,0.6997056007385254,0.05730888620018959
YHR032W,YML123C,1,3.8571239,0.5552099347114563,0.7006869316101074,0.05730888620018959
YNL121C,YDL045W-A,0,3.8570662,0.5547785758972168,0.7006869316101074,0.057409077882766724
YGL134W,YMR233W,0,3.8559394,0.554347813129425,0.7006869316101074,0.05750926584005356
YGL243W,YBL071W-A,1,3.8552713,0.5546935796737671,0.7016683220863342,0.05750926584005356
YCL075W,YAL040C,0,3.8548555,0.5542635917663574,0.7016683220863342,0.05760945752263069
YGL232W,YHR206W,1,3.854512,0.5546088218688965,0.7026496529579163,0.05760945752263069
YPR125W,YOR294W,0,3.8540442,0.5541795492172241,0.7026496529579163,0.057709649205207825
YBR231C,YDL033C,0,3.848671,0.5537509918212891,0.7026496529579163,0.05780983716249466
YEL022W,YNL273W,0,3.8464756,0.5533230304718018,0.7026496529579163,0.05791002884507179
YDL051W,YKL078W,0,3.8457198,0.552895724773407,0.7026496529579163,0.058010220527648926
YOL028C,YDL129W,1,3.8448224,0.5532407164573669,0.7036309838294983,0.058010220527648926
YHL026C,YDL129W,1,3.8421206,0.5535851716995239,0.7046123743057251,0.058010220527648926
YKR045C,YNR048W,1,3.8414302,0.5539291501045227,0.7055937051773071,0.058010220527648926
YBL082C,YOR308C,0,3.8408937,0.5535026788711548,0.7055937051773071,0.05811040848493576
YDR165W,YBR002C,1,3.8406813,0.5538461804389954,0.7065750956535339,0.05811040848493576
YKR055W,YMR099C,0,3.8398757,0.5534204244613647,0.7065750956535339,0.058210600167512894
YGR209C,YDR511W,0,3.8394027,0.5529953837394714,0.7065750956535339,0.05831079185009003
YPR056W,YCR027C,0,3.8372068,0.5525709986686707,0.7065750956535339,0.05841097980737686
YER127W,YNR048W,1,3.8356524,0.5529140830039978,0.707556426525116,0.05841097980737686
YMR246W,YIL040W,0,3.834266,0.5524904131889343,0.707556426525116,0.058511171489953995
YML106W,YDL033C,0,3.832879,0.5520673990249634,0.707556426525116,0.05861136317253113
YKR024C,YER014C-A,0,3.8301368,0.5516449809074402,0.707556426525116,0.05871155112981796
YNL292W,YJR056C,1,3.8278596,0.5519877672195435,0.708537757396698,0.05871155112981796
YHR066W,YKL205W,0,3.8272314,0.5515660643577576,0.708537757396698,0.058811742812395096
YMR038C,YDR423C,0,3.8220415,0.5511450171470642,0.708537757396698,0.05891193449497223
YIL090W,YNR015W,0,3.82137,0.5507246255874634,0.708537757396698,0.059012122452259064
YJR121W,YDR107C,0,3.8197308,0.5503048896789551,0.708537757396698,0.0591123141348362
YBL068W,YJR097W,0,3.818471,0.5498857498168945,0.708537757396698,0.05921250209212303
YDL133C-A,YGL255W,0,3.8173852,0.5494672656059265,0.708537757396698,0.059312693774700165
YFL057C,YPL082C,0,3.8168738,0.549049437046051,0.708537757396698,0.0594128854572773
YNL323W,YML022W,0,3.8167763,0.5486322045326233,0.708537757396698,0.05951307341456413
YIL044C,YGL258W-A,0,3.8163884,0.5482156276702881,0.708537757396698,0.059613265097141266
YEL046C,YDL043C,1,3.8117604,0.5485584139823914,0.7095191478729248,0.059613265097141266
YHR008C,YLR209C,0,3.810411,0.5481425523757935,0.7095191478729248,0.0597134567797184
YDR059C,YJR065C,0,3.8060958,0.5477272868156433,0.7095191478729248,0.059813644737005234
YOL102C,YCR048W,0,3.8052254,0.5473126173019409,0.7095191478729248,0.05991383641958237
YLR405W,YBL071W-A,1,3.8046718,0.5476550459861755,0.7105004787445068,0.05991383641958237
YDR197W,YLR410W,0,3.804506,0.5472410917282104,0.7105004787445068,0.0600140281021595
YDL147W,YOL071W,0,3.8038325,0.5468277931213379,0.7105004787445068,0.060114216059446335
YOR360C,YBL055C,1,3.8023622,0.5471698045730591,0.7114818692207336,0.060114216059446335
YER115C,YCR063W,1,3.800306,0.5475113391876221,0.7124632000923157,0.060114216059446335
YPL064C,YBR136W,0,3.7995634,0.547098696231842,0.7124632000923157,0.06021440774202347
YMR130W,YHR070W,0,3.799406,0.5466867685317993,0.7124632000923157,0.0603145994246006
YJL065C,YLR088W,0,3.7943826,0.5462753772735596,0.7124632000923157,0.060414787381887436
YBR061C,YDL120W,0,3.7896633,0.5458646416664124,0.7124632000923157,0.06051497906446457
YDL033C,YLR419W,1,3.7889762,0.5462058782577515,0.7134445309638977,0.06051497906446457
YNR048W,YNL095C,1,3.7875116,0.5465465188026428,0.7144259214401245,0.06051497906446457
YJL004C,YOL146W,0,3.7874207,0.5461365580558777,0.7144259214401245,0.060615167021751404
YMR047C,YNL292W,0,3.7859294,0.5457271337509155,0.7144259214401245,0.06071535870432854
YMR016C,YDL043C,1,3.7854133,0.5460674166679382,0.7154072523117065,0.06071535870432854
YLR071C,YLR410W,0,3.7843328,0.5456587076187134,0.7154072523117065,0.06081555038690567
YLR386W,YCR060W,0,3.7828116,0.5452505350112915,0.7154072523117065,0.060915738344192505
YDR462W,YOR353C,0,3.779604,0.5448430776596069,0.7154072523117065,0.06101593002676964
YDR240C,YBL052C,0,3.77842,0.5444361567497253,0.7154072523117065,0.06111612170934677
YBR198C,YML025C,0,3.7768965,0.5440298318862915,0.7154072523117065,0.061216309666633606
YHR051W,YKL209C,0,3.7767637,0.5436241626739502,0.7154072523117065,0.06131650134921074
YHR032W,YLL027W,0,3.7731652,0.5432190895080566,0.7154072523117065,0.06141669303178787
YLL027W,YIL049W,0,3.7695777,0.5428146123886108,0.7154072523117065,0.06151688098907471
YDR281C,YBL052C,0,3.7681227,0.5424107313156128,0.7154072523117065,0.06161707267165184
YOR287C,YJL062W-A,0,3.7675674,0.5420074462890625,0.7154072523117065,0.06171726435422897
YDR440W,YEL058W,0,3.764957,0.54160475730896,0.7154072523117065,0.06181745231151581
YER173W,YJL085W,0,3.7637563,0.5412026643753052,0.7154072523117065,0.06191764399409294
YMR240C,YPL009C,0,3.7629848,0.5408011674880981,0.7154072523117065,0.062017835676670074
YOR209C,YFR001W,0,3.761537,0.5404003262519836,0.7154072523117065,0.06211802363395691
YJL203W,YLR385C,0,3.7558932,0.5400000214576721,0.7154072523117065,0.06221821531653404
YMR266W,YNL245C,1,3.7534752,0.5403404831886292,0.7163886427879333,0.06221821531653404
YLR214W,YOR269W,1,3.7534125,0.540680468082428,0.7173699736595154,0.06221821531653404
YHR164C,YOR044W,0,3.753246,0.5402808785438538,0.7173699736595154,0.06231840327382088
YJL080C,YER147C,0,3.7518544,0.5398818254470825,0.7173699736595154,0.06241859495639801
YOR243C,YDL209C,1,3.751141,0.5402213931083679,0.7183513045310974,0.06241859495639801
YNL189W,YMR056C,0,3.7467873,0.5398229956626892,0.7183513045310974,0.06251878291368484
YOL125W,YOR064C,0,3.7414317,0.5394251942634583,0.7183513045310974,0.06261897832155228
YBR004C,YNL153C,0,3.7389941,0.539027988910675,0.7183513045310974,0.06271916627883911
YMR223W,YBR057C,0,3.7383862,0.5386313199996948,0.7183513045310974,0.06281935423612595
YGR084C,YNL080C,0,3.7361197,0.5382353067398071,0.7183513045310974,0.06291954964399338
YPL081W,YOR196C,0,3.7359962,0.5378398299217224,0.7183513045310974,0.06301973760128021
YMR188C,YOR181W,0,3.7327232,0.5374449491500854,0.7183513045310974,0.06311992555856705
YJL097W,YLR129W,0,3.7277613,0.5370506048202515,0.7183513045310974,0.06322012096643448
YPL085W,YBL029C-A,0,3.7263522,0.53665691614151,0.7183513045310974,0.06332030892372131
YDL085W,YLR027C,0,3.7235494,0.5362637639045715,0.7183513045310974,0.06342049688100815
YBR021W,YPL207W,1,3.7207565,0.5366032123565674,0.7193326950073242,0.06342049688100815
YKL205W,YHR012W,0,3.7191582,0.5362106561660767,0.7193326950073242,0.06352069228887558
YHR143W-A,YGR072W,0,3.71904,0.5358186960220337,0.7193326950073242,0.06362088024616241
YGR014W,YKL004W,0,3.7189655,0.5354273319244385,0.7193326950073242,0.06372106820344925
YBR115C,YPL016W,0,3.7186093,0.5350365042686462,0.7193326950073242,0.06382126361131668
YGL064C,YKL033W,1,3.716795,0.5353756546974182,0.7203140258789062,0.06382126361131668
YBR275C,YPL016W,0,3.7132144,0.5349854230880737,0.7203140258789062,0.06392145156860352
YMR023C,YNL050C,1,3.7131746,0.5353240966796875,0.7212954163551331,0.06392145156860352
YOR043W,YPL256C,0,3.7128386,0.5349345207214355,0.7212954163551331,0.06402163952589035
YGL211W,YGL030W,0,3.71038,0.5345454812049866,0.7212954163551331,0.06412183493375778
YPR192W,YDL130W-A,0,3.7103252,0.5341569781303406,0.7212954163551331,0.06422202289104462
YOL090W,YIL067C,0,3.7088108,0.5337690711021423,0.7212954163551331,0.06432221084833145
YNL279W,YOL010W,0,3.7085319,0.5333817005157471,0.7212954163551331,0.06442240625619888
YMR023C,YHR089C,1,3.7077255,0.533720076084137,0.7222767472267151,0.06442240625619888
YLR421C,YGL255W,0,3.7071385,0.5333333611488342,0.7222767472267151,0.06452259421348572
YML088W,YKR056W,0,3.705628,0.5329471230506897,0.7222767472267151,0.06462278217077255
YER075C,YIL094C,0,3.7035432,0.5325614809989929,0.7222767472267151,0.06472297012805939
YOL080C,YJL145W,0,3.7013874,0.5321764349937439,0.7222767472267151,0.06482316553592682
YNR067C,YHL001W,0,3.70126,0.5317919254302979,0.7222767472267151,0.06492335349321365
YMR006C,YOR217W,0,3.7010498,0.5314079523086548,0.7222767472267151,0.06502354145050049
YDL246C,YDL110C,0,3.6984007,0.5310245156288147,0.7222767472267151,0.06512373685836792
YGL170C,YDL209C,1,3.696576,0.5313626527786255,0.7232580780982971,0.06512373685836792
YFR036W,YLR430W,1,3.6958368,0.5317003130912781,0.7242394685745239,0.06512373685836792
YCR020W-B,YLR158C,0,3.6957974,0.5313174724578857,0.7242394685745239,0.06522392481565475
YJR152W,YHR188C,0,3.6956306,0.5309352278709412,0.7242394685745239,0.06532411277294159
YGL162W,YPL124W,0,3.6954837,0.5305535793304443,0.7242394685745239,0.06542430818080902
YDR296W,YDR032C,0,3.6913311,0.5301724076271057,0.7242394685745239,0.06552449613809586
YOL054W,YKR045C,1,3.688894,0.5305097103118896,0.725220799446106,0.06552449613809586
YLR174W,YDR320C-A,0,3.6882272,0.5301291346549988,0.725220799446106,0.06562468409538269
YER180C,YER147C,0,3.6874204,0.5297490954399109,0.725220799446106,0.06572487950325012
YHL004W,YBR229C,0,3.6873887,0.5293696522712708,0.725220799446106,0.06582506746053696
YDR488C,YGR081C,0,3.6854534,0.5289906859397888,0.725220799446106,0.06592525541782379
YLR073C,YLR191W,0,3.6842756,0.5286123156547546,0.725220799446106,0.06602545082569122
YOL066C,YNL021W,0,3.6823862,0.5282344818115234,0.725220799446106,0.06612563878297806
YIL150C,YLR298C,0,3.6817532,0.5278571248054504,0.725220799446106,0.06622582674026489
YPR112C,YJL062W-A,0,3.679782,0.5274803638458252,0.725220799446106,0.06632602214813232
YKL198C,YDR320C-A,0,3.6792846,0.5271041393280029,0.725220799446106,0.06642621010541916
YOR361C,YBR296C,0,3.678442,0.5267284512519836,0.725220799446106,0.066526398062706
YCL011C,YNL311C,0,3.6775413,0.5263532996177673,0.725220799446106,0.06662659347057343
YPL252C,YNR027W,1,3.6754384,0.5266903638839722,0.726202130317688,0.06662659347057343
YOR251C,YBR195C,1,3.6748052,0.5270270109176636,0.7271835207939148,0.06662659347057343
YMR228W,YDR120C,1,3.670651,0.5273631811141968,0.7281648516654968,0.06662659347057343
YLR139C,YKL018W,0,3.6693542,0.5269886255264282,0.7281648516654968,0.06672678142786026
YHR044C,YOR036W,0,3.6684833,0.5266146063804626,0.7281648516654968,0.0668269693851471
YMR228W,YPL212C,1,3.6663876,0.5269503593444824,0.7291462421417236,0.0668269693851471
YGR221C,YBR079C,0,3.6611853,0.5265768766403198,0.7291462421417236,0.06692716479301453
YDR390C,YFR031C,0,3.659598,0.526203989982605,0.7291462421417236,0.06702735275030136
YIL044C,YMR227C,0,3.658821,0.5258315801620483,0.7291462421417236,0.0671275407075882
YFR036W,YLR419W,1,3.653875,0.5261669158935547,0.7301275730133057,0.0671275407075882
YGL186C,YKL089W,0,3.6532767,0.525795042514801,0.7301275730133057,0.06722773611545563
YPR125W,YNR048W,1,3.652059,0.526129961013794,0.7311089038848877,0.06722773611545563
YGL232W,YDL209C,1,3.6501508,0.5264643430709839,0.7320902943611145,0.06722773611545563
YLR109W,YPL087W,0,3.6499805,0.526093065738678,0.7320902943611145,0.06732792407274246
YLR426W,YDR441C,1,3.6441846,0.5264270901679993,0.7330716252326965,0.06732792407274246
YDL066W,YLR383W,0,3.641441,0.5260563492774963,0.7330716252326965,0.0674281120300293
YMR097C,YDR107C,0,3.6403065,0.5256861448287964,0.7330716252326965,0.06752830743789673
YGL134W,YOR143C,0,3.6371129,0.5253164768218994,0.7330716252326965,0.06762849539518356
YDR079C-A,YOR094W,0,3.635805,0.5249472856521606,0.7330716252326965,0.0677286833524704
YLR095C,YBL029C-A,0,3.630871,0.5245786309242249,0.7330716252326965,0.06782887130975723
YOR147W,YBR097W,0,3.6301174,0.524210512638092,0.7330716252326965,0.06792906671762466
YBL082C,YDR050C,0,3.6282582,0.5238429307937622,0.7330716252326965,0.0680292546749115
YAR015W,YGR211W,1,3.6263685,0.5241765975952148,0.7340530157089233,0.0680292546749115
YDR533C,YLR035C,0,3.6263423,0.523809552192688,0.7340530157089233,0.06812944263219833
YBL097W,YMR123W,0,3.624674,0.5234429836273193,0.7340530157089233,0.06822963804006577
YLR099C,YPL132W,0,3.6229353,0.5230769515037537,0.7340530157089233,0.0683298259973526
YDR316W,YOL077W-A,0,3.6224153,0.5227113962173462,0.7340530157089233,0.06843001395463943
YGR152C,YGL216W,0,3.6219158,0.5223463773727417,0.7340530157089233,0.06853020936250687
YLR214W,YLR430W,1,3.6218505,0.5226796865463257,0.7350343465805054,0.06853020936250687
YHR077C,YKL113C,0,3.6157167,0.5223152041435242,0.7350343465805054,0.0686303973197937
YBR058C,YLR033W,0,3.6137836,0.5219511985778809,0.7350343465805054,0.06873058527708054
YMR234W,YPL038W,1,3.6116395,0.5222841501235962,0.7360156774520874,0.06873058527708054
YOR061W,YMR153W,1,3.611539,0.5226165652275085,0.7369970679283142,0.06873058527708054
YGR227W,YHR072W-A,0,3.6076002,0.522253155708313,0.7369970679283142,0.06883078068494797
YMR119W,YPR042C,0,3.6071174,0.5218902230262756,0.7369970679283142,0.0689309686422348
YGR169C,YNL072W,1,3.6067293,0.5222222208976746,0.7379783987998962,0.0689309686422348
YJL071W,YLR212C,0,3.6063104,0.5218598246574402,0.7379783987998962,0.06903115659952164
YER111C,YNL086W,0,3.6056237,0.521497905254364,0.7379783987998962,0.06913135200738907
YDR079C-A,YBR020W,0,3.6054392,0.5211365222930908,0.7379783987998962,0.0692315399646759
YHR166C,YMR049C,0,3.6049614,0.5207756161689758,0.7379783987998962,0.06933172792196274
YKL208W,YBR075W,0,3.6032455,0.5204152464866638,0.7379783987998962,0.06943192332983017
YKR104W,YCL036W,0,3.6016524,0.52005535364151,0.7379783987998962,0.069532111287117
YLR314C,YPR168W,0,3.6009612,0.5196959376335144,0.7379783987998962,0.06963229924440384
YNL236W,YBL084C,0,3.599618,0.519336998462677,0.7379783987998962,0.06973249465227127
YDR079C-A,YGL012W,0,3.598971,0.5189785957336426,0.7379783987998962,0.0698326826095581
YLR327C,YDR330W,0,3.597036,0.5186206698417664,0.7379783987998962,0.06993287056684494
YKL120W,YGR272C,0,3.59521,0.5182632803916931,0.7379783987998962,0.07003306597471237
YLR403W,YMR277W,0,3.5923004,0.5179063081741333,0.7379783987998962,0.0701332539319992
YJL035C,YGR286C,1,3.5906177,0.5182381272315979,0.738959789276123,0.0701332539319992
YKR019C,YLR419W,0,3.5896163,0.5178816914558411,0.738959789276123,0.07023344188928604
YBR244W,YGR203W,0,3.5893416,0.5175257921218872,0.738959789276123,0.07033363729715347
YLR186W,YPR082C,0,3.587102,0.5171703100204468,0.738959789276123,0.07043382525444031
YCR081W,YDL232W,0,3.586914,0.5168153643608093,0.738959789276123,0.07053401321172714
YGR171C,YML080W,0,3.5867274,0.5164608955383301,0.738959789276123,0.07063420861959457
YMR244C-A,YDR506C,0,3.5844417,0.516106903553009,0.738959789276123,0.07073439657688141
YML014W,YGL063W,1,3.584014,0.516438364982605,0.7399411201477051,0.07073439657688141
YOR269W,YDL122W,1,3.5822532,0.5167693495750427,0.7409224510192871,0.07073439657688141
YBR058C,YDR260C,0,3.5795484,0.5164158940315247,0.7409224510192871,0.07083458453416824
YJR067C,YOL017W,0,3.5778494,0.51606285572052,0.7409224510192871,0.07093477249145508
YLR323C,YNR048W,1,3.577764,0.5163934230804443,0.7419038414955139,0.07093477249145508
YDL178W,YOR396W,0,3.57761,0.5160409808158875,0.7419038414955139,0.07103496789932251
YHR051W,YGL258W-A,0,3.57761,0.515688955783844,0.7419038414955139,0.07113515585660934
YNR017W,YGL258W-A,0,3.57761,0.5153374075889587,0.7419038414955139,0.07123534381389618
YPL024W,YGL145W,0,3.576798,0.5149863958358765,0.7419038414955139,0.07133553922176361
YPL192C,YGR033C,0,3.5759857,0.5146358013153076,0.7419038414955139,0.07143572717905045
YPR144C,YGR089W,0,3.5744886,0.5142857432365417,0.7419038414955139,0.07153591513633728
YBR261C,YGL148W,0,3.573635,0.5139361023902893,0.7419038414955139,0.07163611054420471
YMR241W,YKR054C,0,3.5729632,0.5135869383811951,0.7419038414955139,0.07173629850149155
YBL052C,YBR227C,0,3.5728106,0.5132383108139038,0.7419038414955139,0.07183648645877838
YLR188W,YLR381W,0,3.569382,0.512890100479126,0.7419038414955139,0.07193668186664581
YMR090W,YGR112W,0,3.5669575,0.5125423669815063,0.7419038414955139,0.07203686982393265
YDR119W,YBR103W,0,3.5664535,0.5121951103210449,0.7419038414955139,0.07213705778121948
YMR128W,YDL111C,0,3.5662985,0.5118483304977417,0.7419038414955139,0.07223725318908691
YIL128W,YBL020W,0,3.565064,0.5115020275115967,0.7419038414955139,0.07233744114637375
YGR076C,YPR091C,0,3.5632906,0.5111562013626099,0.7419038414955139,0.07243762910366058
YDR202C,YJL171C,0,3.5611162,0.5108107924461365,0.7419038414955139,0.07253782451152802
YOL066C,YLR323C,1,3.561074,0.5111411213874817,0.742885172367096,0.07253782451152802
YBR103W,YMR213W,0,3.5598092,0.5107962489128113,0.742885172367096,0.07263801246881485
YDL166C,YDL144C,0,3.5597606,0.5104517936706543,0.742885172367096,0.07273820042610168
YPL175W,YEL036C,1,3.5512617,0.5107816457748413,0.7438665628433228,0.07273820042610168
YOR142W,YMR228W,0,3.5503356,0.5104377269744873,0.7438665628433228,0.07283839583396912
YGL220W,YLR003C,0,3.5502524,0.5100942254066467,0.7438665628433228,0.07293858379125595
YOR306C,YDR240C,1,3.5497718,0.5104236602783203,0.7448478937149048,0.07293858379125595
YNL001W,YPL093W,0,3.5474787,0.5100806355476379,0.7448478937149048,0.07303877174854279
YLR304C,YOL071W,0,3.546237,0.5097380876541138,0.7448478937149048,0.07313896715641022
YOR307C,YBR182C,0,3.546128,0.509395956993103,0.7448478937149048,0.07323915511369705
YDR520C,YGR072W,0,3.5449796,0.5090543031692505,0.7448478937149048,0.07333934307098389
YFR015C,YMR281W,0,3.5439863,0.5087131261825562,0.7448478937149048,0.07343953847885132
YBR166C,YOR116C,0,3.5416389,0.50837242603302,0.7448478937149048,0.07353972643613815
YKR086W,YPR152C,0,3.54151,0.5080321431159973,0.7448478937149048,0.07363991439342499
YDR322W,YDL047W,0,3.5404947,0.5076923370361328,0.7448478937149048,0.07374010980129242
YKL116C,YLR009W,0,3.539958,0.5073529481887817,0.7448478937149048,0.07384029775857925
YLR390W,YDL022W,0,3.539503,0.5070140361785889,0.7448478937149048,0.07394048571586609
YGR061C,YBR021W,0,3.5380218,0.5066755414009094,0.7448478937149048,0.07404067367315292
YGL043W,YOL148C,0,3.5377655,0.506337583065033,0.7448478937149048,0.07414086908102036
YOR354C,YCR048W,0,3.5373993,0.5059999823570251,0.7448478937149048,0.07424105703830719
YBR221C,YOR125C,0,3.53722,0.5056629180908203,0.7448478937149048,0.07434124499559402
YOL041C,YMR227C,0,3.5369015,0.5053262114524841,0.7448478937149048,0.07444144040346146
YIR021W,YDL074C,0,3.5357769,0.5049900412559509,0.7448478937149048,0.07454162836074829
YAL044C,YDL212W,0,3.5353582,0.5046542286872864,0.7448478937149048,0.07464181631803513
YBR115C,YMR176W,0,3.5348115,0.5043189525604248,0.7448478937149048,0.07474201172590256
YMR214W,YLR134W,0,3.5345125,0.5039840340614319,0.7448478937149048,0.07484219968318939
YDR285W,YCL040W,0,3.5330858,0.5036496520042419,0.7448478937149048,0.07494238764047623
YGR144W,YER091C,0,3.5305052,0.5033156275749207,0.7448478937149048,0.07504258304834366
YMR270C,YCL047C,0,3.5296426,0.5029820799827576,0.7448478937149048,0.0751427710056305
YHL012W,YHR187W,1,3.5290713,0.503311276435852,0.7458292245864868,0.0751427710056305
YHR031C,YLR121C,0,3.5290663,0.5029781460762024,0.7458292245864868,0.07524295896291733
YBR281C,YLR003C,0,3.5243623,0.5026454925537109,0.7458292245864868,0.07534315437078476
YKL184W,YNR003C,0,3.5233846,0.5023132562637329,0.7458292245864868,0.0754433423280716
YGL258W-A,YNL223W,0,3.5220537,0.5019814968109131,0.7458292245864868,0.07554353028535843
YGL258W-A,YBR057C,0,3.5220537,0.5016501545906067,0.7458292245864868,0.07564372569322586
YDL024C,YJL012C-A,0,3.5220537,0.5013192892074585,0.7458292245864868,0.0757439136505127
YLR174W,YJL012C-A,0,3.5220537,0.500988781452179,0.7458292245864868,0.07584410160779953
YCL036W,YDL038C,1,3.5220537,0.5013175010681152,0.7468106150627136,0.07584410160779953
YGL258W-A,YMR270C,0,3.5220537,0.5009874701499939,0.7468106150627136,0.07594429701566696
YDL038C,YCR088W,0,3.5220537,0.5006579160690308,0.7468106150627136,0.0760444849729538
YGL258W-A,YFL062W,0,3.5220537,0.5003287196159363,0.7468106150627136,0.07614467293024063
YBR153W,YDL038C,1,3.5220537,0.5006570219993591,0.7477919459342957,0.07614467293024063
YDL014W,YDL038C,1,3.5220537,0.5009849071502686,0.7487733364105225,0.07614467293024063
YDL038C,YJL125C,1,3.5220537,0.5013123154640198,0.7497546672821045,0.07614467293024063
YGL258W-A,YDR540C,0,3.5220537,0.5009835958480835,0.7497546672821045,0.07624486833810806
YDL246C,YJL012C-A,0,3.5220537,0.5006552934646606,0.7497546672821045,0.0763450562953949
YDL038C,YBL068W,0,3.5220537,0.500327467918396,0.7497546672821045,0.07644524425268173
YDL038C,YER137C,1,3.5220537,0.5006544589996338,0.7507359981536865,0.07644524425268173
YKL107W,YJL012C-A,0,3.5220537,0.5003269910812378,0.7507359981536865,0.07654543966054916
YGL258W-A,YJL170C,0,3.5220537,0.5,0.7507359981536865,0.076645627617836
YBR291C,YPL074W,0,3.5209646,0.49967342615127563,0.7507359981536865,0.07674581557512283
YPL031C,YBR297W,0,3.516245,0.4993472695350647,0.7507359981536865,0.07684601098299026
YIL020C,YPR168W,0,3.5158682,0.4990215301513672,0.7507359981536865,0.0769461989402771
YDR342C,YER058W,0,3.5145679,0.4986962080001831,0.7507359981536865,0.07704638689756393
YOR355W,YCR014C,0,3.5138836,0.49837133288383484,0.7507359981536865,0.07714657485485077
YNR020C,YDL074C,0,3.5135417,0.498046875,0.7507359981536865,0.0772467702627182
YBL069W,YLR226W,1,3.512721,0.49837344884872437,0.7517173886299133,0.0772467702627182
YJL134W,YPL020C,0,3.511141,0.49804940819740295,0.7517173886299133,0.07734695822000504
YHR043C,YOR014W,0,3.5084305,0.49772578477859497,0.7517173886299133,0.07744714617729187
YNL240C,YNR015W,1,3.506717,0.4980519413948059,0.7526987195014954,0.07744714617729187
YPL207W,YNR048W,1,3.506334,0.4983776807785034,0.7536800503730774,0.07744714617729187
YJL125C,YDL201W,1,3.5056324,0.4987029731273651,0.7546614408493042,0.07744714617729187
YPL259C,YHR184W,0,3.5025077,0.49837976694107056,0.7546614408493042,0.0775473415851593
YLR214W,YGR169C,1,3.5022426,0.4987046718597412,0.7556427717208862,0.0775473415851593
YPL064C,YKR036C,0,3.5021443,0.4983818829059601,0.7556427717208862,0.07764752954244614
YLL033W,YBR271W,0,3.500705,0.4980595111846924,0.7556427717208862,0.07774771749973297
YOL031C,YDR320C-A,0,3.4974957,0.4977375566959381,0.7556427717208862,0.0778479129076004
YBR075W,YIL114C,0,3.4972374,0.49741601943969727,0.7556427717208862,0.07794810086488724
YMR305C,YMR080C,0,3.4971974,0.49709489941596985,0.7556427717208862,0.07804828882217407
YLR430W,YNR046W,1,3.4949474,0.4974193572998047,0.756624162197113,0.07804828882217407
YGL068W,YBR042C,0,3.4941864,0.4970986545085907,0.756624162197113,0.0781484842300415
YDR410C,YPL244C,0,3.4938812,0.49677833914756775,0.756624162197113,0.07824867218732834
YDR478W,YBL071W-A,1,3.493735,0.49710237979888916,0.7576054930686951,0.07824867218732834
YJL200C,YGL014W,0,3.4908657,0.496782511472702,0.7576054930686951,0.07834886014461517
YMR016C,YHR072W-A,1,3.4898505,0.4971061050891876,0.7585868239402771,0.07834886014461517
YIL115C,YOL027C,0,3.488471,0.49678662419319153,0.7585868239402771,0.0784490555524826
YPR137W,YOR094W,0,3.4864426,0.49646756052970886,0.7585868239402771,0.07854924350976944
YGL170C,YML023C,1,3.4850538,0.4967907667160034,0.7595682144165039,0.07854924350976944
YLR015W,YGL225W,0,3.4837203,0.4964720904827118,0.7595682144165039,0.07864943146705627
YJL203W,YPR178W,0,3.483438,0.4961538314819336,0.7595682144165039,0.0787496268749237
YER150W,YDL107W,0,3.4814417,0.4958359897136688,0.7595682144165039,0.07884981483221054
YOR168W,YER171W,0,3.4802017,0.4955185651779175,0.7595682144165039,0.07895000278949738
YMR296C,YOR356W,0,3.479298,0.4952015280723572,0.7595682144165039,0.07905019819736481
YNL185C,YJL095W,0,3.47759,0.4948849081993103,0.7595682144165039,0.07915038615465164
YDR153C,YGL046W,0,3.476387,0.49456867575645447,0.7595682144165039,0.07925057411193848
YOR149C,YFL002C,0,3.4748602,0.49425286054611206,0.7595682144165039,0.07935076951980591
YDL202W,YOL082W,0,3.473841,0.4939374625682831,0.7595682144165039,0.07945095747709274
YIR032C,YDL155W,0,3.4735224,0.49362245202064514,0.7595682144165039,0.07955114543437958
YLR096W,YDR046C,0,3.4732451,0.49330782890319824,0.7595682144165039,0.07965134084224701
YHR021C,YLR210W,0,3.471467,0.49299362301826477,0.7595682144165039,0.07975152879953384
YMR104C,YPL170W,0,3.4710045,0.4926798343658447,0.7595682144165039,0.07985171675682068
YBR055C,YBR095C,0,3.4707804,0.49236640334129333,0.7595682144165039,0.07995191216468811
YNR063W,YMR163C,0,3.4701536,0.49205338954925537,0.7595682144165039,0.08005210012197495
YBR075W,YEL064C,0,3.4677405,0.49174079298973083,0.7595682144165039,0.08015228807926178
YPL104W,YFL052W,0,3.4665627,0.49142858386039734,0.7595682144165039,0.08025247603654861
YKL199C,YGR013W,0,3.4646554,0.4911167621612549,0.7595682144165039,0.08035267144441605
YGR109C,YBR129C,0,3.4616303,0.49080532789230347,0.7595682144165039,0.08045285940170288
YMR228W,YNL072W,1,3.4606771,0.49112799763679504,0.7605495452880859,0.08045285940170288
YFL034C-B,YER137C,0,3.459999,0.49081698060035706,0.7605495452880859,0.08055304735898972
YDL156W,YER013W,0,3.4581852,0.4905063211917877,0.7605495452880859,0.08065324276685715
YIL085C,YHR063C,0,3.4572372,0.4901960790157318,0.7605495452880859,0.08075343072414398
YBR239C,YBR176W,0,3.4569197,0.48988622426986694,0.7605495452880859,0.08085361868143082
YJR042W,YNR048W,1,3.4549842,0.4902084767818451,0.7615309357643127,0.08085361868143082
YPR119W,YBL034C,0,3.4517183,0.4898989796638489,0.7615309357643127,0.08095381408929825
YHL004W,YBR075W,0,3.4515152,0.4895898997783661,0.7615309357643127,0.08105400204658508
YGL029W,YOR202W,0,3.450842,0.48928120732307434,0.7615309357643127,0.08115419000387192
YER104W,YDR461W,0,3.446074,0.48897290229797363,0.7615309357643127,0.08125438541173935
YOR322C,YER190W,0,3.4451675,0.48866498470306396,0.7615309357643127,0.08135457336902618
YMR280C,YER044C,0,3.4441683,0.48835745453834534,0.7615309357643127,0.08145476132631302
YGR134W,YEL036C,0,3.4436088,0.48805031180381775,0.7615309357643127,0.08155495673418045
YGL237C,YGR272C,0,3.4419851,0.4877435564994812,0.7615309357643127,0.08165514469146729
YDL217C,YMR270C,0,3.440392,0.4874371886253357,0.7615309357643127,0.08175533264875412
YGR159C,YMR239C,0,3.4392996,0.4871312081813812,0.7615309357643127,0.08185552805662155
YMR214W,YOL103W,0,3.4385047,0.4868255853652954,0.7615309357643127,0.08195571601390839
YBL034C,YLL045C,0,3.437242,0.486520379781723,0.7615309357643127,0.08205590397119522
YJR042W,YGL232W,1,3.4344566,0.4868420958518982,0.7625122666358948,0.08205590397119522
YDR079C-A,YPL230W,0,3.434317,0.48653724789619446,0.7625122666358948,0.08215609937906265
YPR107C,YJL012C-A,0,3.434083,0.48623278737068176,0.7625122666358948,0.08225628733634949
YFR036W,YOR396W,0,3.434083,0.4859287142753601,0.7625122666358948,0.08235647529363632
YFL001W,YDL038C,1,3.434083,0.48625001311302185,0.7634935975074768,0.08235647529363632
YDR352W,YNR027W,1,3.432378,0.48657089471817017,0.7644749879837036,0.08235647529363632
YGR052W,YLR163C,0,3.431869,0.48626717925071716,0.7644749879837036,0.08245667070150375
YJL104W,YBR264C,0,3.4314294,0.4859638214111328,0.7644749879837036,0.08255685865879059
YNR018W,YDL133C-A,0,3.4311404,0.4856608510017395,0.7644749879837036,0.08265704661607742
YLR084C,YPL202C,0,3.4309914,0.48535826802253723,0.7644749879837036,0.08275724202394485
YDR349C,YOR127W,0,3.4293013,0.4850560426712036,0.7644749879837036,0.08285742998123169
YBL026W,YGL223C,0,3.427623,0.48475420475006104,0.7644749879837036,0.08295761793851852
YDR480W,YFL048C,0,3.4272535,0.4844527244567871,0.7644749879837036,0.08305781334638596
YPL033C,YBR267W,0,3.4250484,0.4841516613960266,0.7644749879837036,0.08315800130367279
YGR006W,YKL199C,0,3.4235003,0.4838509261608124,0.7644749879837036,0.08325818926095963
YNL039W,YNL182C,0,3.4214,0.4835505783557892,0.7644749879837036,0.08335837721824646
YLR440C,YGR085C,0,3.4212325,0.48325061798095703,0.7644749879837036,0.08345857262611389
YBR296C,YPR009W,0,3.4210825,0.48295101523399353,0.7644749879837036,0.08355876058340073
YMR083W,YFR044C,0,3.4201832,0.48265179991722107,0.7644749879837036,0.08365894854068756
YBR061C,YOR344C,0,3.4195342,0.48235294222831726,0.7644749879837036,0.08375914394855499
YPL026C,YDR052C,0,3.4182153,0.4820544421672821,0.7644749879837036,0.08385933190584183
YLR151C,YLR283W,0,3.4176936,0.481756329536438,0.7644749879837036,0.08395951986312866
YDR527W,YJL192C,0,3.4174228,0.4814586043357849,0.7644749879837036,0.0840597152709961
YDR126W,YML124C,0,3.4172182,0.4811612069606781,0.7644749879837036,0.08415990322828293
YGR286C,YMR194W,0,3.4165998,0.48086419701576233,0.7644749879837036,0.08426009118556976
YFR037C,YMR234W,1,3.4158492,0.4811844527721405,0.7654563188552856,0.08426009118556976
YBL034C,YNL289W,0,3.4121761,0.4808878004550934,0.7654563188552856,0.0843602865934372
YLR204W,YIL083C,0,3.4114964,0.4805915057659149,0.7654563188552856,0.08446047455072403
YDL209C,YNL050C,1,3.4112046,0.48091134428977966,0.7664377093315125,0.08446047455072403
YNL323W,YDL052C,0,3.4074585,0.48061537742614746,0.7664377093315125,0.08456066250801086
YOL137W,YAL031C,0,3.4072013,0.4803197979927063,0.7664377093315125,0.0846608579158783
YLL015W,YDR452W,0,3.4065676,0.4800245761871338,0.7664377093315125,0.08476104587316513
YER170W,YNL293W,0,3.4058745,0.4797297418117523,0.7664377093315125,0.08486123383045197
YPL094C,YNL275W,0,3.403409,0.4794352352619171,0.7664377093315125,0.0849614292383194
YGR076C,YCL052C,0,3.4030333,0.47914111614227295,0.7664377093315125,0.08506161719560623
YPL268W,YKL078W,0,3.40201,0.47884732484817505,0.7664377093315125,0.08516180515289307
YBR248C,YOR243C,1,3.401666,0.4791666567325592,0.7674190402030945,0.08516180515289307
YIR023W,YOL146W,0,3.4015086,0.47887325286865234,0.7674190402030945,0.0852620005607605
YIR032C,YDR034C,0,3.400805,0.47858017683029175,0.7674190402030945,0.08536218851804733
YMR112C,YER171W,0,3.400358,0.4782874584197998,0.7674190402030945,0.08546237647533417
YPL033C,YLR003C,0,3.4000673,0.4779950976371765,0.7674190402030945,0.0855625718832016
YCL040W,YPL270W,0,3.3998265,0.47770312428474426,0.7674190402030945,0.08566275984048843
YJR067C,YBL055C,1,3.3991318,0.4780219793319702,0.7684003710746765,0.08566275984048843
YDR083W,YLL002W,0,3.3980203,0.47773033380508423,0.7684003710746765,0.08576294779777527
YDL121C,YBL054W,0,3.3978083,0.4774390161037445,0.7684003710746765,0.0858631432056427
YKR086W,YKL203C,0,3.3916295,0.4771480858325958,0.7684003710746765,0.08596333116292953
YMR228W,YGL211W,1,3.3902414,0.47746649384498596,0.7693817615509033,0.08596333116292953
YCL036W,YGR211W,1,3.3899093,0.47778454422950745,0.7703630924224854,0.08596333116292953
YGL095C,YFL066C,0,3.3874645,0.47749391198158264,0.7703630924224854,0.08606351912021637
YNL185C,YKL001C,0,3.3868654,0.4772036373615265,0.7703630924224854,0.0861637145280838
YHR046C,YKR038C,1,3.3850346,0.47752127051353455,0.7713444828987122,0.0861637145280838
YGR227W,YJL062W-A,0,3.3841975,0.47723132371902466,0.7713444828987122,0.08626390248537064
YER006W,YIL035C,0,3.3827388,0.4769417345523834,0.7713444828987122,0.08636409044265747
YGR061C,YPR060C,0,3.38244,0.47665250301361084,0.7713444828987122,0.0864642858505249
YOL137W,YER016W,0,3.3824275,0.4763636291027069,0.7713444828987122,0.08656447380781174
YBL055C,YGL145W,0,3.3815804,0.47607511281967163,0.7713444828987122,0.08666466176509857
YJR110W,YLR431C,0,3.3811657,0.4757869243621826,0.7713444828987122,0.0867648497223854
YJL189W,YGL148W,0,3.3794587,0.47549909353256226,0.7713444828987122,0.08686504513025284
YLR133W,YIL070C,0,3.3786087,0.47521162033081055,0.7713444828987122,0.08696523308753967
YDL044C,YOR369C,0,3.3786037,0.4749244749546051,0.7713444828987122,0.08706542104482651
YEL036C,YCL029C,1,3.3774076,0.4752415418624878,0.7723258137702942,0.08706542104482651
YGR275W,YHR031C,0,3.376021,0.4749547243118286,0.7723258137702942,0.08716561645269394
YPL108W,YLR343W,0,3.3758018,0.4746682643890381,0.7723258137702942,0.08726580440998077
YLR410W,YKR060W,0,3.3724723,0.4743821620941162,0.7723258137702942,0.08736599236726761
YNL110C,YML062C,0,3.3715525,0.4740963876247406,0.7723258137702942,0.08746618777513504
YNR027W,YKL174C,0,3.3699021,0.47381097078323364,0.7723258137702942,0.08756637573242188
YDR177W,YMR026C,0,3.3676174,0.47352588176727295,0.7723258137702942,0.08766656368970871
YCR054C,YOR077W,0,3.3665817,0.4732411205768585,0.7723258137702942,0.08776675909757614
YPL202C,YLL012W,0,3.363442,0.47295671701431274,0.7723258137702942,0.08786694705486298
YCR092C,YAL033W,0,3.359876,0.4726726710796356,0.7723258137702942,0.08796713501214981
YJL025W,YPL129W,0,3.3589468,0.47238895297050476,0.7723258137702942,0.08806733042001724
YGR211W,YML005W,1,3.35894,0.4727054536342621,0.7733071446418762,0.08806733042001724
YDR394W,YHR178W,0,3.355866,0.4724220633506775,0.7733071446418762,0.08816751837730408
YJL156C,YNL275W,0,3.353807,0.47213900089263916,0.7733071446418762,0.08826770633459091
YMR121C,YIL047C,0,3.3532243,0.4718562960624695,0.7733071446418762,0.08836790174245834
YPR137W,YGL232W,1,3.3527198,0.472172349691391,0.774288535118103,0.08836790174245834
YBL028C,YDR034C,0,3.3524132,0.4718899428844452,0.774288535118103,0.08846808969974518
YPL217C,YER153C,0,3.3520381,0.47160789370536804,0.774288535118103,0.08856827765703201
YOR307C,YPL256C,0,3.351353,0.47132617235183716,0.774288535118103,0.08866847306489944
YLL032C,YNL316C,0,3.3512714,0.47104477882385254,0.774288535118103,0.08876866102218628
YOL089C,YOR353C,0,3.3502953,0.4707637131214142,0.774288535118103,0.08886884897947311
YMR306W,YKL176C,0,3.349847,0.4704830050468445,0.774288535118103,0.08896904438734055
YCR028C,YGL032C,0,3.3496315,0.47020262479782104,0.774288535118103,0.08906923234462738
YDR352W,YOL028C,1,3.348775,0.47051817178726196,0.7752698659896851,0.08906923234462738
YER056C-A,YPL083C,0,3.3474092,0.4702380895614624,0.7752698659896851,0.08916942030191422
YBL024W,YDR495C,0,3.3459592,0.4699583649635315,0.7752698659896851,0.08926961570978165
YMR218C,YMR277W,0,3.3431015,0.46967896819114685,0.7752698659896851,0.08936980366706848
YLR214W,YDL209C,1,3.3402205,0.46999406814575195,0.7762512564659119,0.08936980366706848
YNL021W,YEL043W,0,3.3387437,0.4697149693965912,0.7762512564659119,0.08946999162435532
YDR339C,YPL009C,0,3.3384886,0.4694361984729767,0.7762512564659119,0.08957018703222275
YLR439W,YHR081W,0,3.3358307,0.46915775537490845,0.7762512564659119,0.08967037498950958
YER087W,YKL189W,0,3.3355827,0.46887966990470886,0.7762512564659119,0.08977056294679642
YKL022C,YLR024C,0,3.3354406,0.46860188245773315,0.7762512564659119,0.08987075090408325
YDL112W,YIL027C,0,3.3345356,0.4683244526386261,0.7762512564659119,0.08997094631195068
YMR079W,YDR123C,0,3.333713,0.4680473506450653,0.7762512564659119,0.09007113426923752
YMR267W,YLR446W,0,3.3333468,0.4677705466747284,0.7762512564659119,0.09017132222652435
YHL004W,YNL078W,0,3.3323255,0.46749410033226013,0.7762512564659119,0.09027151763439178
YDR351W,YEL015W,0,3.327715,0.46721795201301575,0.7762512564659119,0.09037170559167862
YPR011C,YGR038W,0,3.3276336,0.46694216132164,0.7762512564659119,0.09047189354896545
YGL040C,YDR182W,0,3.3275778,0.46666666865348816,0.7762512564659119,0.09057208895683289
YLR404W,YOR233W,0,3.3275208,0.46639150381088257,0.7762512564659119,0.09067227691411972
YDR197W,YHR072W-A,0,3.3274693,0.46611666679382324,0.7762512564659119,0.09077246487140656
YPL150W,YGL258W-A,0,3.326138,0.4658421576023102,0.7762512564659119,0.09087266027927399
YLR405W,YDL038C,1,3.326138,0.46615657210350037,0.7772325873374939,0.09087266027927399
YGL100W,YDL056W,0,3.3258796,0.4658823609352112,0.7772325873374939,0.09097284823656082
YKL009W,YOR371C,0,3.3227632,0.46560847759246826,0.7772325873374939,0.09107303619384766
YLR186W,YMR058W,0,3.3220096,0.4653348922729492,0.7772325873374939,0.09117323160171509
YBR175W,YER114C,0,3.319356,0.46506166458129883,0.7772325873374939,0.09127341955900192
YLR107W,YKL028W,0,3.3190627,0.4647887349128723,0.7772325873374939,0.09137360751628876
YPL149W,YPL211W,0,3.31705,0.46451613306999207,0.7772325873374939,0.09147380292415619
YDR457W,YML038C,0,3.3170056,0.4642438590526581,0.7772325873374939,0.09157399088144302
YEL040W,YGR065C,0,3.3149512,0.463971883058548,0.7772325873374939,0.09167417883872986
YLR084C,YJR147W,0,3.3133814,0.46370023488998413,0.7772325873374939,0.09177437424659729
YDL030W,YOR360C,1,3.3125691,0.46401405334472656,0.7782139182090759,0.09177437424659729
YLR213C,YLR209C,0,3.3117614,0.4637427031993866,0.7782139182090759,0.09187456220388412
YLR405W,YLR426W,1,3.311344,0.4640561044216156,0.7791953086853027,0.09187456220388412
YPR060C,YDL231C,0,3.3097029,0.4637850522994995,0.7791953086853027,0.09197475016117096
YJR045C,YDR027C,0,3.3094015,0.4635142982006073,0.7791953086853027,0.09207494556903839
YLR078C,YIL150C,0,3.307729,0.46324387192726135,0.7791953086853027,0.09217513352632523
YDR211W,YDL141W,0,3.3055575,0.46297377347946167,0.7791953086853027,0.09227532148361206
YHL033C,YOR222W,0,3.3053966,0.46270397305488586,0.7791953086853027,0.09237551689147949
YOR219C,YFL055W,0,3.304738,0.46243447065353394,0.7791953086853027,0.09247570484876633
YMR241W,YOL034W,0,3.3034105,0.46216529607772827,0.7791953086853027,0.09257589280605316
YHR085W,YGR180C,0,3.3010912,0.46189644932746887,0.7791953086853027,0.0926760882139206
YPL212C,YJR095W,0,3.3001466,0.46162790060043335,0.7791953086853027,0.09277627617120743
YDR285W,YGR292W,0,3.2967262,0.4613596796989441,0.7791953086853027,0.09287646412849426
YLR450W,YBR004C,0,3.296296,0.4610917568206787,0.7791953086853027,0.0929766520857811
YNR048W,YGL063W,1,3.29529,0.4614045321941376,0.7801766395568848,0.0929766520857811
YKR056W,YPR125W,1,3.2939305,0.4617169499397278,0.7811579704284668,0.0929766520857811
YDR353W,YLR050C,0,3.2923508,0.4614492654800415,0.7811579704284668,0.09307684749364853
YPR121W,YOR088W,0,3.2912292,0.4611819088459015,0.7811579704284668,0.09317703545093536
YOR360C,YPL101W,1,3.2895064,0.46149390935897827,0.7821393609046936,0.09317703545093536
YKL172W,YJR097W,0,3.2882066,0.46122685074806213,0.7821393609046936,0.0932772234082222
YGR169C,YCR043C,0,3.2872639,0.4609600901603699,0.7821393609046936,0.09337741881608963
YOL148C,YOR171C,0,3.2864308,0.4606936275959015,0.7821393609046936,0.09347760677337646
YGR128C,YLL032C,0,3.2861347,0.46042749285697937,0.7821393609046936,0.0935777947306633
YGR090W,YMR130W,0,3.2857575,0.46016165614128113,0.7821393609046936,0.09367799013853073
YPL030W,YER070W,0,3.2856746,0.45989614725112915,0.7821393609046936,0.09377817809581757
YKL213C,YDR322C-A,0,3.2850184,0.45963090658187866,0.7821393609046936,0.0938783660531044
YDL195W,YLR353W,0,3.284515,0.45936599373817444,0.7821393609046936,0.09397856146097183
YGL001C,YLR135W,0,3.2828383,0.4591013789176941,0.7821393609046936,0.09407874941825867
YBR244W,YKR039W,0,3.280973,0.4588370621204376,0.7821393609046936,0.0941789373755455
YML095C,YOR180C,0,3.2804031,0.4585730731487274,0.7821393609046936,0.09427913278341293
YDR383C,YPR009W,0,3.2782845,0.4583093822002411,0.7821393609046936,0.09437932074069977
YJL054W,YMR234W,1,3.2779384,0.45862069725990295,0.7831206917762756,0.09437932074069977
YDL217C,YLR213C,0,3.277317,0.4583572745323181,0.7831206917762756,0.0944795086979866
YLR398C,YGR220C,0,3.276691,0.45809414982795715,0.7831206917762756,0.09457970410585403
YPL078C,YBR077C,0,3.2766442,0.45783132314682007,0.7831206917762756,0.09467989206314087
YJL129C,YKR013W,0,3.2762074,0.45756879448890686,0.7831206917762756,0.0947800800204277
YMR164C,YML071C,0,3.2755466,0.4573065936565399,0.7831206917762756,0.09488027542829514
YDR473C,YDR186C,0,3.2742863,0.45704466104507446,0.7831206917762756,0.09498046338558197
YPL030W,YCR063W,1,3.2724142,0.45735546946525574,0.7841020822525024,0.09498046338558197
YOL028C,YBR171W,0,3.2702932,0.45709383487701416,0.7841020822525024,0.0950806513428688
YLR163C,YIL050W,0,3.2684336,0.4568324685096741,0.7841020822525024,0.09518084675073624
YOR174W,YER126C,0,3.2683673,0.45657142996788025,0.7841020822525024,0.09528103470802307
YMR090W,YHR147C,0,3.2677608,0.4563106894493103,0.7841020822525024,0.0953812226653099
YEL043W,YDR348C,0,3.266137,0.45605021715164185,0.7841020822525024,0.09548141807317734
YOL080C,YMR321C,0,3.2637832,0.45579007267951965,0.7841020822525024,0.09558160603046417
YMR012W,YKL183W,0,3.2598655,0.45553022623062134,0.7841020822525024,0.09568179398775101
YLR380W,YLL052C,0,3.2582006,0.4552706480026245,0.7841020822525024,0.09578198939561844
YGR090W,YGR068C,0,3.257032,0.45501139760017395,0.7841020822525024,0.09588217735290527
YPL175W,YHR046C,1,3.249443,0.4553215801715851,0.7850834131240845,0.09588217735290527
YNL083W,YBR039W,0,3.2427247,0.4550625681877136,0.7850834131240845,0.09598236531019211
YJL073W,YML081C-A,0,3.242581,0.45480385422706604,0.7850834131240845,0.09608255326747894
YNR011C,YNL299W,0,3.2419982,0.4545454680919647,0.7850834131240845,0.09618274867534637
YFL050C,YCR068W,0,3.2402318,0.4542873501777649,0.7850834131240845,0.09628293663263321
YLR401C,YPR083W,0,3.2400646,0.45402950048446655,0.7850834131240845,0.09638312458992004
YLR384C,YBL071W-A,1,3.2394207,0.4543392062187195,0.7860647439956665,0.09638312458992004
YMR016C,YGL243W,1,3.2391458,0.45464852452278137,0.7870461344718933,0.09638312458992004
YNR023W,YHR062C,0,3.2382007,0.4543909430503845,0.7870461344718933,0.09648331999778748
YJR004C,YLR419W,0,3.2379913,0.45413362979888916,0.7870461344718933,0.09658350795507431
YKL199C,YMR099C,0,3.2368088,0.4538766145706177,0.7870461344718933,0.09668369591236115
YDR123C,YGR257C,0,3.2358375,0.45361989736557007,0.7870461344718933,0.09678389132022858
YML014W,YDR432W,0,3.2355137,0.45336347818374634,0.7870461344718933,0.09688407927751541
YFL008W,YIR010W,0,3.2303362,0.4531073570251465,0.7870461344718933,0.09698426723480225
YBR152W,YLR275W,0,3.2302535,0.4528515040874481,0.7870461344718933,0.09708446264266968
YMR240C,YIL127C,0,3.2273488,0.45259594917297363,0.7870461344718933,0.09718465059995651
YFR037C,YDR281C,1,3.227254,0.45290467143058777,0.7880274653434753,0.09718465059995651
YIL004C,YJL115W,0,3.223707,0.45264938473701477,0.7880274653434753,0.09728483855724335
YJL203W,YGR152C,0,3.2214174,0.45239436626434326,0.7880274653434753,0.09738503396511078
YKL139W,YOL080C,0,3.2201495,0.45213964581489563,0.7880274653434753,0.09748522192239761
YFR031C,YNL314W,0,3.2189398,0.4518851935863495,0.7880274653434753,0.09758540987968445
YLR090W,YJL129C,0,3.2176495,0.4516310393810272,0.7880274653434753,0.09768560528755188
YMR268C,YLR430W,1,3.2171807,0.45193928480148315,0.7890088558197021,0.09768560528755188
YDR238C,YBL106C,0,3.2169762,0.4516853988170624,0.7890088558197021,0.09778579324483871
YLR314C,YNL005C,0,3.2158008,0.4514317810535431,0.7890088558197021,0.09788598120212555
YJL097W,YNL186W,0,3.215371,0.4511784613132477,0.7890088558197021,0.09798617660999298
YJR044C,YNL073W,0,3.214938,0.45092540979385376,0.7890088558197021,0.09808636456727982
YFR034C,YGL136C,1,3.2147639,0.4512331783771515,0.7899901866912842,0.09808636456727982
YCL017C,YKL183W,1,3.2138038,0.45154061913490295,0.7909715175628662,0.09808636456727982
YEL037C,YLR105C,0,3.2130423,0.45128780603408813,0.7909715175628662,0.09818655252456665
YOR147W,YMR036C,0,3.2129686,0.4510352611541748,0.7909715175628662,0.09828674793243408
YBR164C,YER110C,0,3.2126784,0.45078298449516296,0.7909715175628662,0.09838693588972092
YER140W,YAR066W,0,3.2106538,0.4505310356616974,0.7909715175628662,0.09848712384700775
YGR191W,YPL252C,0,3.206645,0.4502793252468109,0.7909715175628662,0.09858731925487518
YOL102C,YHR141C,0,3.2054958,0.4500279128551483,0.7909715175628662,0.09868750721216202
YEL059C-A,YGR112W,0,3.203946,0.4497767984867096,0.7909715175628662,0.09878769516944885
YGL150C,YMR047C,0,3.2031217,0.44952592253685,0.7909715175628662,0.09888789057731628
YLR393W,YOR162C,0,3.2018607,0.4492753744125366,0.7909715175628662,0.09898807853460312
YCL057W,YIL136W,0,3.201588,0.44902506470680237,0.7909715175628662,0.09908826649188995
YLR224W,YPL011C,0,3.2014933,0.448775053024292,0.7909715175628662,0.09918845444917679
YHR187W,YPL045W,0,3.2002544,0.4485253095626831,0.7909715175628662,0.09928864985704422
YLR165C,YGL079W,1,3.2001016,0.44883203506469727,0.791952908039093,0.09928864985704422
YMR011W,YGL203C,0,3.1990545,0.44858255982398987,0.791952908039093,0.09938883781433105
YER104W,YIL042C,0,3.1990533,0.4483333230018616,0.791952908039093,0.09948902577161789
YDR352W,YOL093W,1,3.1989055,0.4486396312713623,0.792934238910675,0.09948902577161789
YER048W-A,YPR024W,0,3.198872,0.4483906626701355,0.792934238910675,0.09958922117948532
YGL175C,YOR221C,0,3.1966157,0.44814199209213257,0.792934238910675,0.09968940913677216
YJL176C,YDR478W,0,3.1955628,0.44789355993270874,0.792934238910675,0.09978959709405899
YPR125W,YOL133W,0,3.1935585,0.4476454257965088,0.792934238910675,0.09988979250192642
YGR135W,YGL208W,0,3.1919928,0.4473975598812103,0.792934238910675,0.09998998045921326
YFL055W,YKL179C,0,3.1916215,0.44714996218681335,0.792934238910675,0.10009016841650009
YPL259C,YDL043C,0,3.1907587,0.44690266251564026,0.792934238910675,0.10019036382436752
YLR399C,YLL051C,0,3.1894228,0.44665560126304626,0.792934238910675,0.10029055178165436
YPR125W,YHR089C,1,3.1872616,0.44696131348609924,0.7939156293869019,0.10029055178165436
YER049W,YOR298C-A,0,3.1867414,0.44671452045440674,0.7939156293869019,0.10039073973894119
YKL130C,YGL145W,0,3.184605,0.4464679956436157,0.7939156293869019,0.10049093514680862
YIL122W,YHR166C,0,3.1846018,0.4462217390537262,0.7939156293869019,0.10059112310409546
YDR165W,YPL266W,1,3.1836498,0.44652700424194336,0.7948969602584839,0.10059112310409546
YGR231C,YMR008C,0,3.179845,0.44628098607063293,0.7948969602584839,0.1006913110613823
YNR060W,YGR145W,0,3.1796525,0.446035236120224,0.7948969602584839,0.10079150646924973
YHR092C,YBR048W,0,3.1792126,0.44578975439071655,0.7948969602584839,0.10089169442653656
YKL193C,YLR010C,0,3.1791658,0.4455445408821106,0.7948969602584839,0.1009918823838234
YMR228W,YOR356W,0,3.1778069,0.4452996253967285,0.7948969602584839,0.10109207779169083
YOR196C,YHR076W,0,3.177423,0.44505494832992554,0.7948969602584839,0.10119226574897766
YDR312W,YMR247C,0,3.1773431,0.44481053948402405,0.7948969602584839,0.1012924537062645
YDR072C,YOL040C,0,3.1767807,0.44456639885902405,0.7948969602584839,0.10139264911413193
YOL102C,YOR094W,0,3.1747508,0.4443225562572479,0.7948969602584839,0.10149283707141876
YDR196C,YBL071W-A,0,3.17238,0.4440789520740509,0.7948969602584839,0.1015930250287056
YEL052W,YEL060C,0,3.1714997,0.44383561611175537,0.7948969602584839,0.10169322043657303
YBR239C,YER011W,0,3.170014,0.44359254837036133,0.7948969602584839,0.10179340839385986
YPR011C,YIR022W,0,3.1694117,0.4433497488498688,0.7948969602584839,0.1018935963511467
YPR156C,YLR441C,0,3.1683059,0.4431072175502777,0.7948969602584839,0.10199379175901413
YKL008C,YBL071W-A,0,3.1682577,0.44286495447158813,0.7948969602584839,0.10209397971630096
YDL205C,YKR045C,1,3.1679397,0.44316938519477844,0.7958782911300659,0.10209397971630096
YMR283C,YDL039C,1,3.165607,0.4434735178947449,0.7968596816062927,0.10209397971630096
YPL101W,YNL311C,0,3.1648846,0.4432314336299896,0.7968596816062927,0.1021941676735878
YAR018C,YGR271W,0,3.1643043,0.44298964738845825,0.7968596816062927,0.10229435563087463
YDL142C,YPR149W,0,3.1632316,0.442748099565506,0.7968596816062927,0.10239455103874207
YCR060W,YPL151C,0,3.1612253,0.4425068199634552,0.7968596816062927,0.1024947389960289
YNL158W,YMR006C,0,3.161036,0.4422658085823059,0.7968596816062927,0.10259492695331573
YER183C,YLR022C,0,3.159339,0.4420250356197357,0.7968596816062927,0.10269512236118317
YDR533C,YDL066W,0,3.1592467,0.4417845606803894,0.7968596816062927,0.10279531031847
YPR024W,YGR074W,0,3.159242,0.4415443241596222,0.7968596816062927,0.10289549827575684
YJL004C,YMR224C,0,3.1582537,0.44130435585975647,0.7968596816062927,0.10299569368362427
YLR439W,YMR277W,0,3.1575642,0.44106462597846985,0.7968596816062927,0.1030958816409111
YER099C,YIL115C,0,3.154976,0.4408251941204071,0.7968596816062927,0.10319606959819794
YJL100W,YJR091C,0,3.1538475,0.44058600068092346,0.7968596816062927,0.10329626500606537
YJL087C,YPL213W,0,3.152726,0.4403470754623413,0.7968596816062927,0.1033964529633522
YJL010C,YPL180W,0,3.1522236,0.44010838866233826,0.7968596816062927,0.10349664092063904
YNL112W,YMR214W,0,3.1518013,0.4398699998855591,0.7968596816062927,0.10359683632850647
YHR132C,YLR396C,0,3.151762,0.439631849527359,0.7968596816062927,0.1036970242857933
YKR080W,YOL066C,1,3.1503134,0.4399350583553314,0.7978410124778748,0.1036970242857933
YER115C,YLR430W,1,3.1492457,0.44023796916007996,0.7988224029541016,0.1036970242857933
YNL252C,YJR158W,0,3.148894,0.4399999976158142,0.7988224029541016,0.10379721224308014
YCR092C,YDL229W,0,3.1483138,0.43976229429244995,0.7988224029541016,0.10389740765094757
YHR084W,YOR251C,1,3.1461992,0.44006478786468506,0.7998037338256836,0.10389740765094757
YBR230C,YOR377W,0,3.144974,0.4398272931575775,0.7998037338256836,0.1039975956082344
YML037C,YNL021W,0,3.1449616,0.43959006667137146,0.7998037338256836,0.10409778356552124
YER104W,YDL007W,0,3.142003,0.4393531084060669,0.7998037338256836,0.10419797897338867
YMR283C,YBL071W-A,1,3.1413465,0.4396551847457886,0.8007850646972656,0.10419797897338867
YHR052W,YJR067C,0,3.1392655,0.43941840529441833,0.8007850646972656,0.1042981669306755
YFR055W,YOR196C,0,3.1392443,0.439181923866272,0.8007850646972656,0.10439835488796234
YMR097C,YKR105C,0,3.1351347,0.4389456808567047,0.8007850646972656,0.10449855029582977
YHR084W,YGL064C,1,3.1350317,0.4392473101615906,0.8017664551734924,0.10449855029582977
YOL067C,YLR453C,0,3.133782,0.43901127576828003,0.8017664551734924,0.10459873825311661
YDR172W,YOL158C,0,3.1333337,0.43877550959587097,0.8017664551734924,0.10469892621040344
YOR237W,YKL165C,0,3.133086,0.438539981842041,0.8017664551734924,0.10479912161827087
YJL106W,YNL134C,0,3.1327295,0.43830472230911255,0.8017664551734924,0.10489930957555771
YDR405W,YGR049W,0,3.1324158,0.4380697011947632,0.8017664551734924,0.10499949753284454
YJR068W,YKL061W,0,3.131166,0.4378349483013153,0.8017664551734924,0.10509969294071198
YDL227C,YPL038W,1,3.130198,0.4381360411643982,0.8027477860450745,0.10509969294071198
YOL136C,YER052C,0,3.130062,0.43790149688720703,0.8027477860450745,0.10519988089799881
YCL036W,YBR042C,0,3.1292489,0.43766719102859497,0.8027477860450745,0.10530006885528564
YGR010W,YDR254W,0,3.128796,0.4374331533908844,0.8027477860450745,0.10540025681257248
YDL246C,YBL022C,0,3.1278615,0.43719935417175293,0.8027477860450745,0.10550045222043991
YOR360C,YPL038W,1,3.1250246,0.4375,0.8037291169166565,0.10550045222043991
YPL111W,YPR138C,0,3.1243162,0.43726640939712524,0.8037291169166565,0.10560064017772675
YOL033W,YBR095C,0,3.123,0.437033087015152,0.8037291169166565,0.10570082813501358
YBR302C,YBL030C,0,3.120706,0.4368000030517578,0.8037291169166565,0.10580102354288101
YKR030W,YNL292W,0,3.12016,0.43656715750694275,0.8037291169166565,0.10590121150016785
YLR380W,YLR009W,0,3.1166575,0.4363345801830292,0.8037291169166565,0.10600139945745468
YLR316C,YKL183W,1,3.1163988,0.43663471937179565,0.8047105073928833,0.10600139945745468
YER104W,YDR144C,0,3.1149445,0.4364023506641388,0.8047105073928833,0.10610159486532211
YBR104W,YMR100W,0,3.112093,0.43617022037506104,0.8047105073928833,0.10620178282260895
YLR096W,YFR005C,0,3.1114519,0.4359383285045624,0.8047105073928833,0.10630197077989578
YDL039C,YMR161W,0,3.1102443,0.4357067048549652,0.8047105073928833,0.10640216618776321
YOR244W,YGR252W,0,3.1098833,0.43547531962394714,0.8047105073928833,0.10650235414505005
YBL024W,YOL067C,0,3.1091123,0.4352441728115082,0.8047105073928833,0.10660254210233688
YJL157C,YJR095W,0,3.1090121,0.4350132644176483,0.8047105073928833,0.10670273751020432
YBL071W-A,YER075C,1,3.1084027,0.43531283736228943,0.8056918382644653,0.10670273751020432
YKL125W,YGR140W,0,3.108105,0.4350821375846863,0.8056918382644653,0.10680292546749115
YML075C,YOL112W,0,3.1071768,0.4348517060279846,0.8056918382644653,0.10690311342477798
YJL033W,YBR167C,0,3.1068244,0.4346214830875397,0.8056918382644653,0.10700330883264542
YCR060W,YGL012W,0,3.1057854,0.4343915283679962,0.8056918382644653,0.10710349678993225
YDR119W,YFL017W-A,0,3.105386,0.43416181206703186,0.8056918382644653,0.10720368474721909
YEL012W,YJL062W-A,0,3.1015186,0.4339323341846466,0.8056918382644653,0.10730388015508652
YBR248C,YGL243W,1,3.101431,0.43423137068748474,0.8066732287406921,0.10730388015508652
YNL070W,YGL120C,0,3.1011233,0.4340021014213562,0.8066732287406921,0.10740406811237335
YNL169C,YIL135C,0,3.1003437,0.43377310037612915,0.8066732287406921,0.10750425606966019
YLR132C,YPL078C,0,3.10006,0.4335443079471588,0.8066732287406921,0.10760445147752762
YDL030W,YNR018W,1,3.0997565,0.43384289741516113,0.8076545596122742,0.10760445147752762
YDR252W,YLR242C,0,3.0991616,0.4336143434047699,0.8076545596122742,0.10770463943481445
YKL084W,YIL142W,0,3.097821,0.4333859980106354,0.8076545596122742,0.10780482739210129
YIL031W,YLR389C,0,3.0959253,0.43315789103507996,0.8076545596122742,0.10790502279996872
YPR011C,YOR187W,0,3.0959215,0.43293002247810364,0.8076545596122742,0.10800521075725555
YHR164C,YPL089C,0,3.0939686,0.4327024221420288,0.8076545596122742,0.10810539871454239
YKL059C,YNL225C,0,3.0937047,0.4324750304222107,0.8076545596122742,0.10820559412240982
YPR103W,YGL259W,0,3.0929608,0.43224790692329407,0.8076545596122742,0.10830578207969666
YLR204W,YPL128C,0,3.0925,0.43202099204063416,0.8076545596122742,0.10840597003698349
YPR191W,YDR011W,0,3.0914907,0.43179434537887573,0.8076545596122742,0.10850615799427032
YGL050W,YLL032C,0,3.0909781,0.431567907333374,0.8076545596122742,0.10860635340213776
YLR426W,YNL254C,1,3.090243,0.4318658411502838,0.8086358904838562,0.10860635340213776
YDL141W,YGL032C,0,3.0872097,0.4316396117210388,0.8086358904838562,0.10870654135942459
YDR231C,YNL310C,0,3.0863802,0.4314136207103729,0.8086358904838562,0.10880672931671143
YPL275W,YNL256W,0,3.0845528,0.43118786811828613,0.8086358904838562,0.10890692472457886
YMR257C,YPL124W,0,3.0836442,0.43096235394477844,0.8086358904838562,0.10900711268186569
YMR075W,YOL146W,0,3.0825453,0.43073704838752747,0.8086358904838562,0.10910730063915253
YDR472W,YOL068C,0,3.077311,0.430512011051178,0.8086358904838562,0.10920749604701996
YDR485C,YLL034C,0,3.076114,0.4302872121334076,0.8086358904838562,0.1093076840043068
YEL012W,YBL071W-A,0,3.0760472,0.4300626218318939,0.8086358904838562,0.10940787196159363
YBL071W-A,YCR047C,1,3.0757005,0.43035992980003357,0.809617280960083,0.10940787196159363
YGL043W,YER113C,0,3.0743003,0.4301355481147766,0.809617280960083,0.10950806736946106
YMR188C,YOL077W-A,0,3.0740523,0.42991140484809875,0.809617280960083,0.1096082553267479
YBL067C,YDR146C,0,3.0731862,0.4296875,0.809617280960083,0.10970844328403473
YBL078C,YLR203C,0,3.0720062,0.42946383357048035,0.809617280960083,0.10980863869190216
YNL075W,YMR307W,0,3.0711315,0.4292403757572174,0.809617280960083,0.109908826649189
YDL144C,YGR108W,0,3.0670533,0.42901715636253357,0.809617280960083,0.11000901460647583
YDR208W,YDR153C,0,3.066936,0.42879417538642883,0.809617280960083,0.11010921001434326
YJL143W,YOL130W,0,3.0633383,0.4285714328289032,0.809617280960083,0.1102093979716301
YJR075W,YOR010C,0,3.0611315,0.4283488988876343,0.809617280960083,0.11030958592891693
YCL075W,YAR031W,0,3.0604303,0.42812663316726685,0.809617280960083,0.11040978133678436
YDR338C,YDR117C,0,3.0603106,0.42790457606315613,0.809617280960083,0.1105099692940712
YBR115C,YHL013C,0,3.0599432,0.4276827275753021,0.809617280960083,0.11061015725135803
YLR404W,YHR070W,0,3.0599227,0.4274611473083496,0.809617280960083,0.11071035265922546
YJR135C,YLR383W,0,3.0588634,0.4272397756576538,0.809617280960083,0.1108105406165123
YLR278C,YDR170C,0,3.057537,0.4270186424255371,0.809617280960083,0.11091072857379913
YER017C,YBR166C,0,3.056909,0.4267977178096771,0.809617280960083,0.11101092398166656
YDR156W,YDR240C,1,3.054287,0.42709410190582275,0.810598611831665,0.11101092398166656
YGR256W,YKL190W,0,3.0531244,0.4268733859062195,0.810598611831665,0.1111111119389534
YPL241C,YKR080W,0,3.0518115,0.4266528785228729,0.810598611831665,0.11121129989624023
YBL071W-A,YER137C,1,3.0507529,0.4269488751888275,0.8115800023078918,0.11121129989624023
YBR103W,YER014C-A,0,3.0504317,0.42672857642173767,0.8115800023078918,0.11131149530410767
YDL107W,YOR228C,0,3.0494804,0.42650851607322693,0.8115800023078918,0.1114116832613945
YMR121C,YHR134W,0,3.0489893,0.4262886643409729,0.8115800023078918,0.11151187121868134
YOR306C,YGL064C,1,3.048916,0.42658424377441406,0.8125613331794739,0.11151187121868134
YMR123W,YDL074C,0,3.0487447,0.42636457085609436,0.8125613331794739,0.11161206662654877
YMR060C,YDR352W,0,3.0481424,0.42614513635635376,0.8125613331794739,0.1117122545838356
YDR416W,YGL256W,0,3.0480251,0.42592594027519226,0.8125613331794739,0.11181244254112244
YMR016C,YER075C,1,3.0471098,0.4262210726737976,0.8135426640510559,0.11181244254112244
YGR059W,YBR122C,0,3.0468671,0.42600205540657043,0.8135426640510559,0.11191263049840927
YMR223W,YBR066C,0,3.045716,0.4257832467556,0.8135426640510559,0.1120128259062767
YBL071W-A,YDR524C,1,3.0455859,0.42607802152633667,0.8145240545272827,0.1120128259062767
YGL011C,YPR002W,0,3.0450335,0.4258594214916229,0.8145240545272827,0.11211301386356354
YMR314W,YPR149W,0,3.044135,0.4256410300731659,0.8145240545272827,0.11221320182085037
YOR116C,YJL192C,0,3.0421731,0.4254228472709656,0.8145240545272827,0.1123133972287178
YHR076W,YDR128W,0,3.0405421,0.42520493268966675,0.8145240545272827,0.11241358518600464
YLR433C,YPR125W,1,3.0396957,0.42549923062324524,0.8155053853988647,0.11241358518600464
YDL022W,YHL034C,0,3.0393426,0.42528146505355835,0.8155053853988647,0.11251377314329147
YLR002C,YBR274W,0,3.0384552,0.42506393790245056,0.8155053853988647,0.1126139685511589
YGR185C,YCR072C,0,3.038372,0.4248466193675995,0.8155053853988647,0.11271415650844574
YIR012W,YOR340C,0,3.0377297,0.4246295392513275,0.8155053853988647,0.11281434446573257
YOR094W,YLR316C,0,3.0374455,0.42441266775131226,0.8155053853988647,0.1129145398736
YOR251C,YER168C,1,3.036615,0.42470648884773254,0.8164867758750916,0.1129145398736
YBL078C,YOR348C,0,3.0365152,0.4244897961616516,0.8164867758750916,0.11301472783088684
YLR274W,YPL227C,0,3.0350351,0.4242733418941498,0.8164867758750916,0.11311491578817368
YCL075W,YDR466W,0,3.0348434,0.42405709624290466,0.8164867758750916,0.11321511119604111
YPL011C,YLR147C,0,3.0342836,0.42384105920791626,0.8164867758750916,0.11331529915332794
YBL071W-A,YCL054W,1,3.0342388,0.42413443326950073,0.8174681067466736,0.11331529915332794
YDR184C,YIR023W,0,3.0341048,0.42391857504844666,0.8174681067466736,0.11341548711061478
YLR357W,YJL149W,0,3.033463,0.4237029552459717,0.8174681067466736,0.11351568251848221
YBL097W,YGR277C,0,3.032874,0.4234875440597534,0.8174681067466736,0.11361587047576904
YHR094C,YGR184C,0,3.0323231,0.42327237129211426,0.8174681067466736,0.11371605843305588
YJL087C,YPL026C,0,3.031838,0.4230573773384094,0.8174681067466736,0.11381625384092331
YBL021C,YPR006C,0,3.0310874,0.4228426516056061,0.8174681067466736,0.11391644179821014
YEL013W,YPR052C,0,3.0303912,0.42262810468673706,0.8174681067466736,0.11401662975549698
YKL182W,YER168C,0,3.0300987,0.42241379618644714,0.8174681067466736,0.11411682516336441
YCL026C-B,YJR015W,0,3.0279474,0.42219969630241394,0.8174681067466736,0.11421701312065125
YLL052C,YOR083W,0,3.027778,0.42198580503463745,0.8174681067466736,0.11431720107793808
YNL052W,YGL065C,0,3.0265005,0.42177215218544006,0.8174681067466736,0.11441739648580551
YKL201C,YPL065W,0,3.0264807,0.4215587079524994,0.8174681067466736,0.11451758444309235
YER025W,YBL026W,0,3.0230117,0.42134547233581543,0.8174681067466736,0.11461777240037918
YNL236W,YIL085C,0,3.022502,0.4211324453353882,0.8174681067466736,0.11471796780824661
YKL139W,YER012W,0,3.022066,0.42091965675354004,0.8174681067466736,0.11481815576553345
YDR065W,YNL067W,0,3.0220313,0.4207070767879486,0.8174681067466736,0.11491834372282028
YLR096W,YER140W,0,3.0212538,0.4204947054386139,0.8174681067466736,0.11501853168010712
YER013W,YPR204W,0,3.020978,0.4202825427055359,0.8174681067466736,0.11511872708797455
YJR063W,YIL051C,0,3.0201492,0.4200705885887146,0.8174681067466736,0.11521891504526138
YMR268C,YNL050C,1,3.0192285,0.4203628897666931,0.8184494376182556,0.11521891504526138
YKL201C,YDR126W,0,3.0177069,0.42015114426612854,0.8184494376182556,0.11531910300254822
YER130C,YGR251W,0,3.015705,0.4199395775794983,0.8184494376182556,0.11541929841041565
YKL086W,YGR108W,0,3.014998,0.41972821950912476,0.8184494376182556,0.11551948636770248
YBR215W,YAL058W,0,3.0149646,0.4195170998573303,0.8184494376182556,0.11561967432498932
YLR135W,YKL018W,0,3.0142126,0.4193061888217926,0.8184494376182556,0.11571986973285675
YKR080W,YNL163C,0,3.0132308,0.4190954864025116,0.8184494376182556,0.11582005769014359
YIL020C,YAL058W,0,3.0119815,0.4188849925994873,0.8184494376182556,0.11592024564743042
YDL024C,YHR074W,0,3.0108967,0.4186747074127197,0.8184494376182556,0.11602044105529785
YAR035W,YOL152W,0,3.0105367,0.41846463084220886,0.8184494376182556,0.11612062901258469
YMR023C,YOR274W,1,3.0103335,0.41875627636909485,0.8194308280944824,0.11612062901258469
YPR111W,YER110C,0,3.0101829,0.4185463786125183,0.8194308280944824,0.11622081696987152
YGL170C,YHR072W-A,1,3.009337,0.41883766651153564,0.8204121589660645,0.11622081696987152
YML034W,YNL078W,0,3.0091388,0.41862794756889343,0.8204121589660645,0.11632101237773895
YHR045W,YBR296C,0,3.0087967,0.41841840744018555,0.8204121589660645,0.11642120033502579
YKR105C,YBR227C,0,3.0067868,0.41820910573005676,0.8204121589660645,0.11652138829231262
YDL209C,YPL038W,1,3.0066843,0.41850000619888306,0.8213935494422913,0.11652138829231262
YDR056C,YJL062W-A,0,3.005904,0.4182908535003662,0.8213935494422913,0.11662158370018005
YGL119W,YPR201W,0,3.0055723,0.4180819094181061,0.8213935494422913,0.11672177165746689
YFR045W,YLR393W,0,3.0047975,0.41787320375442505,0.8213935494422913,0.11682195961475372
YDR165W,YLR430W,1,3.0040574,0.4181636869907379,0.8223748803138733,0.11682195961475372
YML112W,YGR221C,0,3.0037823,0.41795510053634644,0.8223748803138733,0.11692215502262115
YKR056W,YGR035C,1,3.003502,0.41824525594711304,0.8233562111854553,0.11692215502262115
YDR440W,YER048C,0,3.0032406,0.41803687810897827,0.8233562111854553,0.11702234297990799
YKR025W,YGR262C,0,3.0031974,0.41782867908477783,0.8233562111854553,0.11712253093719482
YGR286C,YDR369C,0,3.003112,0.4176207184791565,0.8233562111854553,0.11722272634506226
YNR069C,YKL012W,0,3.0028224,0.4174129366874695,0.8233562111854553,0.11732291430234909
YPL207W,YGL136C,1,3.0026908,0.41770264506340027,0.8243376016616821,0.11732291430234909
YBR022W,YBR167C,0,3.0026577,0.4174950420856476,0.8243376016616821,0.11742310225963593
YHL018W,YIL138C,0,3.002622,0.4172876179218292,0.8243376016616821,0.11752329766750336
YIL044C,YGR145W,0,3.0025115,0.41708043217658997,0.8243376016616821,0.11762348562479019
YPL024W,YOL146W,0,3.0022206,0.4168734550476074,0.8243376016616821,0.11772367358207703
YBR145W,YGR008C,0,3.0009925,0.4166666567325592,0.8243376016616821,0.11782386898994446
YPL127C,YPR138C,0,3.0008802,0.4164600968360901,0.8243376016616821,0.11792405694723129
YKR036C,YPL022W,0,2.9994214,0.4162537157535553,0.8243376016616821,0.11802424490451813
YGL023C,YMR080C,0,2.9968078,0.4160475432872772,0.8243376016616821,0.11812443286180496
YOL108C,YAR035W,0,2.9947877,0.41584157943725586,0.8243376016616821,0.1182246282696724
YNR018W,YPR024W,0,2.9937415,0.4156358242034912,0.8243376016616821,0.11832481622695923
YMR128W,YLL003W,0,2.9888582,0.4154302775859833,0.8243376016616821,0.11842500418424606
YPR125W,YLR175W,1,2.9885516,0.41571924090385437,0.8253189325332642,0.11842500418424606
YOR234C,YMR189W,0,2.9885273,0.4155138432979584,0.8253189325332642,0.1185251995921135
YIL157C,YML042W,0,2.9879165,0.4153086543083191,0.8253189325332642,0.11862538754940033
YBR265W,YOL005C,0,2.985114,0.41510364413261414,0.8253189325332642,0.11872557550668716
YNL113W,YHR084W,0,2.9850922,0.4148988723754883,0.8253189325332642,0.1188257709145546
YGL113W,YCR087C-A,0,2.9833236,0.41469427943229675,0.8253189325332642,0.11892595887184143
YDR342C,YMR090W,0,2.9828346,0.41448989510536194,0.8253189325332642,0.11902614682912827
YDR252W,YDR264C,0,2.9822853,0.41428571939468384,0.8253189325332642,0.1191263422369957
YDL077C,YML019W,0,2.9821343,0.41408172249794006,0.8253189325332642,0.11922653019428253
YBR231C,YPL157W,0,2.9809036,0.4138779640197754,0.8253189325332642,0.11932671815156937
YDR170C,YER014C-A,0,2.9805472,0.41367438435554504,0.8253189325332642,0.1194269135594368
YNR040W,YPL276W,0,2.980474,0.413470983505249,0.8253189325332642,0.11952710151672363
YJL200C,YML065W,0,2.9804494,0.4132678210735321,0.8253189325332642,0.11962728947401047
YOR301W,YJL148W,0,2.9803195,0.4130648374557495,0.8253189325332642,0.1197274848818779
YBR196C,YNR061C,0,2.9793527,0.41286206245422363,0.8253189325332642,0.11982767283916473
YBL034C,YML094W,0,2.9789076,0.4126594662666321,0.8253189325332642,0.11992786079645157
YMR061W,YDR285W,0,2.9768984,0.41245707869529724,0.8253189325332642,0.120028056204319
YAL032C,YJL033W,0,2.976438,0.4122548997402191,0.8253189325332642,0.12012824416160583
YJL074C,YPL151C,0,2.9760365,0.4120529294013977,0.8253189325332642,0.12022843211889267
YLR357W,YMR292W,0,2.9759624,0.4118511378765106,0.8253189325332642,0.1203286275267601
YCL026C-B,YGR167W,0,2.9747977,0.41164952516555786,0.8253189325332642,0.12042881548404694
YLR403W,YLL034C,0,2.9739876,0.4114481508731842,0.8253189325332642,0.12052900344133377
YEL036C,YOR182C,0,2.9733992,0.4112469553947449,0.8253189325332642,0.1206291988492012
YER086W,YNL206C,0,2.9724262,0.41104593873023987,0.8253189325332642,0.12072938680648804
YOL066C,YBL071W-A,1,2.972231,0.4113336503505707,0.826300323009491,0.12072938680648804
YNR039C,YLR042C,0,2.968635,0.4111328125,0.826300323009491,0.12082957476377487
YGL090W,YDR123C,0,2.966803,0.41093215346336365,0.826300323009491,0.1209297701716423
YBL103C,YNL222W,0,2.9663947,0.410731703042984,0.826300323009491,0.12102995812892914
YER046W,YAL032C,0,2.9656508,0.4105314612388611,0.826300323009491,0.12113014608621597
YGR246C,YAL058W,0,2.965239,0.4103313982486725,0.826300323009491,0.12123033404350281
YBL071W-A,YOR205C,1,2.9647965,0.4106186032295227,0.827281653881073,0.12123033404350281
YOR061W,YML023C,1,2.963716,0.41090553998947144,0.828262984752655,0.12123033404350281
YIL061C,YOR346W,0,2.9636166,0.4107055962085724,0.828262984752655,0.12133052945137024
YJR098C,YMR213W,0,2.9626966,0.41050583124160767,0.828262984752655,0.12143071740865707
YCL061C,YMR300C,0,2.9601998,0.41030627489089966,0.828262984752655,0.12153090536594391
YDR331W,YLL003W,0,2.9600854,0.410106897354126,0.828262984752655,0.12163110077381134
YDL127W,YGR140W,0,2.9571662,0.409907728433609,0.828262984752655,0.12173128873109818
YCR046C,YNR051C,0,2.956946,0.40970873832702637,0.828262984752655,0.12183147668838501
YPL211W,YER029C,0,2.9558768,0.40950995683670044,0.828262984752655,0.12193167209625244
YBR195C,YOL006C,0,2.9558284,0.40931135416030884,0.828262984752655,0.12203186005353928
YMR234W,YER075C,1,2.9549856,0.4095976650714874,0.8292443752288818,0.12203186005353928
YCL026C-B,YNL309W,0,2.9520674,0.40939921140670776,0.8292443752288818,0.12213204801082611
YDL033C,YMR177W,1,2.950217,0.4096852242946625,0.8302257061004639,0.12213204801082611
YDL015C,YIL121W,0,2.9497862,0.40948691964149475,0.8302257061004639,0.12223224341869354
YDR462W,YHR211W,0,2.9493024,0.40928882360458374,0.8302257061004639,0.12233243137598038
YCL026C-B,YMR211W,0,2.9489431,0.40909090638160706,0.8302257061004639,0.12243261933326721
YHR029C,YGR010W,0,2.9482841,0.4088931977748871,0.8302257061004639,0.12253281474113464
YCL026C-B,YAL020C,0,2.9477367,0.40869563817977905,0.8302257061004639,0.12263300269842148
YGL064C,YFR038W,1,2.9467149,0.40898117423057556,0.8312070369720459,0.12263300269842148
YNL091W,YAR019C,0,2.9458313,0.40878379344940186,0.8312070369720459,0.12273319065570831
YOL113W,YHR076W,0,2.9447136,0.4085865914821625,0.8312070369720459,0.12283338606357574
YGR169C,YDL036C,1,2.94245,0.40887174010276794,0.8321884274482727,0.12283338606357574
YER065C,YNL139C,0,2.9423046,0.4086746871471405,0.8321884274482727,0.12293357402086258
YPR132W,YIL150C,0,2.9414978,0.4084778428077698,0.8321884274482727,0.12303376197814941
YFL018C,YHR176W,0,2.940913,0.4082811772823334,0.8321884274482727,0.12313395738601685
YGR172C,YML109W,0,2.9397697,0.4080846905708313,0.8321884274482727,0.12323414534330368
YGL225W,YLR332W,0,2.9395366,0.40788841247558594,0.8321884274482727,0.12333433330059052
YOR301W,YPL244C,0,2.9350061,0.4076923131942749,0.8321884274482727,0.12343452870845795
YJR152W,YNR057C,0,2.9325924,0.4074963927268982,0.8321884274482727,0.12353471666574478
YNL191W,YPR125W,1,2.9324064,0.4077809751033783,0.8331697583198547,0.12353471666574478
YPL270W,YOL110W,0,2.9323678,0.4075852036476135,0.8331697583198547,0.12363490462303162
YER029C,YNL097C,0,2.9290462,0.40738964080810547,0.8331697583198547,0.12373510003089905
YBR248C,YBL071W-A,1,2.9288585,0.4076738655567169,0.8341511487960815,0.12373510003089905
YPR024W,YDR488C,0,2.9269295,0.4074784219264984,0.8341511487960815,0.12383528798818588
YLR448W,YHR062C,0,2.92452,0.4072831869125366,0.8341511487960815,0.12393547594547272
YFL021W,YIR035C,0,2.9236856,0.40708813071250916,0.8341511487960815,0.12403567135334015
YKR036C,YLR201C,0,2.9233074,0.406893253326416,0.8341511487960815,0.12413585931062698
YBL017C,YKR030W,0,2.9213257,0.4066985547542572,0.8341511487960815,0.12423604726791382
YEL038W,YDR320C-A,0,2.9181786,0.4065040647983551,0.8341511487960815,0.12433623522520065
YMR272C,YJR036C,0,2.9179587,0.40630975365638733,0.8341511487960815,0.12443643063306808
YDR405W,YOR036W,0,2.917552,0.4061156213283539,0.8341511487960815,0.12453661859035492
YML130C,YJR036C,0,2.9173074,0.40592166781425476,0.8341511487960815,0.12463680654764175
YKL090W,YBR293W,0,2.9166017,0.40572792291641235,0.8341511487960815,0.12473700195550919
YLR015W,YNL177C,0,2.9156601,0.4055343568325043,0.8341511487960815,0.12483718991279602
YLR438C-A,YHR060W,0,2.9146376,0.4053409695625305,0.8341511487960815,0.12493737787008286
YJL054W,YBR021W,1,2.9143054,0.4056243896484375,0.8351324796676636,0.12493737787008286
YMR016C,YNL072W,1,2.912744,0.4059075713157654,0.8361138105392456,0.12493737787008286
YBL023C,YJR155W,0,2.9119773,0.4057142734527588,0.8361138105392456,0.1250375658273697
YBL039C,YML075C,0,2.9116793,0.4055211842060089,0.8361138105392456,0.12513776123523712
YDR419W,YJL062W-A,0,2.9113457,0.40532824397087097,0.8361138105392456,0.12523795664310455
YPR031W,YPR101W,0,2.909172,0.40513551235198975,0.8361138105392456,0.1253381371498108
YPL030W,YDR194C,0,2.9085083,0.40494295954704285,0.8361138105392456,0.12543833255767822
YGL133W,YOR022C,0,2.9083912,0.4047505855560303,0.8361138105392456,0.12553852796554565
YPL083C,YOR206W,0,2.9080534,0.404558390378952,0.8361138105392456,0.1256387084722519
YDR456W,YGL133W,0,2.9064438,0.4043664038181305,0.8361138105392456,0.12573890388011932
YCL026C-B,YGR052W,0,2.9057615,0.4041745662689209,0.8361138105392456,0.12583909928798676
YBR231C,YLR163C,0,2.9057105,0.403982937335968,0.8361138105392456,0.125939279794693
YIL065C,YOR162C,0,2.9049149,0.4037914574146271,0.8361138105392456,0.12603947520256042
YAL020C,YOL066C,1,2.904718,0.40407389402389526,0.8370952010154724,0.12603947520256042
YER019W,YLR381W,0,2.904094,0.40388256311416626,0.8370952010154724,0.12613967061042786
YGR286C,YGL033W,0,2.902487,0.40369144082069397,0.8370952010154724,0.1262398511171341
YPL183W-A,YBL003C,0,2.9020247,0.4035004675388336,0.8370952010154724,0.12634004652500153
YPL101W,YKR022C,0,2.9011774,0.40330970287323,0.8370952010154724,0.12644024193286896
YNL058C,YHR136C,0,2.9007897,0.4031190872192383,0.8370952010154724,0.1265404224395752
YDR006C,YOR229W,0,2.9002285,0.4029286801815033,0.8370952010154724,0.12664061784744263
YPR135W,YLL005C,0,2.8995547,0.40273842215538025,0.8370952010154724,0.12674081325531006
YIL002C,YNL258C,0,2.8982573,0.4025483727455139,0.8370952010154724,0.1268409937620163
YJL187C,YDL129W,0,2.8976796,0.4023585021495819,0.8370952010154724,0.12694118916988373
YGR286C,YDR484W,0,2.8967695,0.40216878056526184,0.8370952010154724,0.12704138457775116
YGL220W,YGR214W,0,2.896766,0.4019792675971985,0.8370952010154724,0.1271415650844574
YJL010C,YNL275W,0,2.894732,0.40178993344306946,0.8370952010154724,0.12724176049232483
YDR052C,YER013W,0,2.8933887,0.40160074830055237,0.8370952010154724,0.12734195590019226
YDR180W,YBL085W,0,2.8931267,0.401411771774292,0.8370952010154724,0.1274421364068985
YMR281W,YGR209C,0,2.8911629,0.40122294425964355,0.8370952010154724,0.12754233181476593
YLR364W,YDR084C,0,2.8906517,0.40103432536125183,0.8370952010154724,0.12764252722263336
YLR117C,YFL017W-A,0,2.8893166,0.40084585547447205,0.8370952010154724,0.1277427077293396
YER150W,YPL015C,0,2.8874135,0.400657594203949,0.8370952010154724,0.12784290313720703
YHR043C,YPL206C,0,2.8867025,0.40046948194503784,0.8370952010154724,0.12794309854507446
YGL086W,YGR264C,0,2.8865247,0.40028154850006104,0.8370952010154724,0.1280432790517807
YNL305C,YGR281W,0,2.885268,0.40009379386901855,0.8370952010154724,0.12814347445964813
YMR017W,YMR163C,0,2.884943,0.3999062478542328,0.8370952010154724,0.12824366986751556
YGL175C,YNR067C,0,2.8848472,0.39971885085105896,0.8370952010154724,0.1283438503742218
YER073W,YPL148C,0,2.8822718,0.39953160285949707,0.8370952010154724,0.12844404578208923
YLR405W,YMR257C,0,2.8822227,0.3993445634841919,0.8370952010154724,0.12854424118995667
YJR032W,YIL139C,0,2.8815098,0.39915770292282104,0.8370952010154724,0.1286444216966629
YGL029W,YGR065C,0,2.8809438,0.39897099137306213,0.8370952010154724,0.12874461710453033
YML058W,YDR139C,0,2.8808174,0.39878448843955994,0.8370952010154724,0.12884481251239777
YLR144C,YGR215W,0,2.8805451,0.3985981345176697,0.8370952010154724,0.128944993019104
YLR186W,YIL066C,0,2.8803177,0.39841195940971375,0.8370952010154724,0.12904518842697144
YGR227W,YML049C,0,2.8800035,0.39822596311569214,0.8370952010154724,0.12914536893367767
YDR457W,YNL124W,0,2.8783627,0.39804011583328247,0.8370952010154724,0.1292455643415451
YAR014C,YBL029C-A,0,2.8775678,0.3978544771671295,0.8370952010154724,0.12934575974941254
YDR499W,YOR221C,0,2.8767848,0.3976689875125885,0.8370952010154724,0.12944594025611877
YLR262C,YNR045W,0,2.8755627,0.3974836766719818,0.8370952010154724,0.1295461356639862
YMR013C,YIL143C,0,2.8745532,0.39729854464530945,0.8370952010154724,0.12964633107185364
YNL065W,YHR003C,1,2.8720062,0.3975791335105896,0.8380765318870544,0.12964633107185364
YDL195W,YDL015C,0,2.8713899,0.3973941504955292,0.8380765318870544,0.12974651157855988
YLR074C,YDR341C,0,2.8686545,0.3972093164920807,0.8380765318870544,0.1298467069864273
YDR205W,YOL102C,0,2.8667936,0.39702463150024414,0.8380765318870544,0.12994690239429474
YNL115C,YJR086W,0,2.866632,0.3968401551246643,0.8380765318870544,0.13004708290100098
YPL091W,YCR077C,0,2.866262,0.3966558277606964,0.8380765318870544,0.1301472783088684
YDR297W,YDL069C,0,2.865818,0.39647167921066284,0.8380765318870544,0.13024747371673584
YBR004C,YML077W,0,2.8651824,0.3962877094745636,0.8380765318870544,0.13034765422344208
YIL126W,YOR346W,0,2.8646977,0.3961038887500763,0.8380765318870544,0.1304478496313095
YKL179C,YER170W,0,2.8638296,0.3959202468395233,0.8380765318870544,0.13054804503917694
YLR222C,YKL156W,0,2.863515,0.39573678374290466,0.8380765318870544,0.13064822554588318
YDL035C,YAR031W,0,2.8621464,0.39555349946022034,0.8380765318870544,0.1307484209537506
YLR027C,YFR008W,0,2.8620262,0.39537036418914795,0.8380765318870544,0.13084861636161804
YML023C,YGL136C,1,2.8617187,0.39565014839172363,0.8390579223632812,0.13084861636161804
YML072C,YOL040C,0,2.860647,0.3954671621322632,0.8390579223632812,0.13094879686832428
YDR342C,YNL169C,0,2.8604727,0.3952843248844147,0.8390579223632812,0.1310489922761917
YBR083W,YJR040W,0,2.8601162,0.3951016664505005,0.8390579223632812,0.13114918768405914
YPL175W,YPR125W,1,2.8596191,0.39538106322288513,0.8400392532348633,0.13114918768405914
YJR034W,YKL213C,0,2.8592825,0.3951985239982605,0.8400392532348633,0.13124936819076538
YGL050W,YBR237W,0,2.858707,0.3950161635875702,0.8400392532348633,0.1313495635986328
YDL155W,YER013W,0,2.8582184,0.3948339521884918,0.8400392532348633,0.13144975900650024
YOR311C,YDR101C,0,2.8572497,0.3946519196033478,0.8400392532348633,0.13154993951320648
YBR010W,YDR121W,0,2.8565295,0.3944700360298157,0.8400392532348633,0.1316501349210739
YER104W,YER020W,0,2.8560405,0.3942883610725403,0.8400392532348633,0.13175033032894135
YBR214W,YMR302C,0,2.8540876,0.39410680532455444,0.8400392532348633,0.13185051083564758
YNL218W,YFL003C,0,2.8529172,0.3939254581928253,0.8400392532348633,0.13195070624351501
YKR002W,YOR389W,0,2.8512616,0.39374426007270813,0.8400392532348633,0.13205090165138245
YDR312W,YCR026C,0,2.8493867,0.3935632109642029,0.8400392532348633,0.13215108215808868
YMR024W,YAL054C,0,2.848667,0.39338234066963196,0.8400392532348633,0.13225127756595612
YDR101C,YML077W,0,2.8478613,0.39320164918899536,0.8400392532348633,0.13235147297382355
YIL139C,YOR201C,0,2.8460326,0.3930211067199707,0.8400392532348633,0.13245165348052979
YKR092C,YLR022C,0,2.8459587,0.39284074306488037,0.8400392532348633,0.13255184888839722
YBR239C,YOL152W,0,2.8459167,0.39266055822372437,0.8400392532348633,0.13265204429626465
YGR227W,YER087C-B,0,2.8442569,0.3924805223941803,0.8400392532348633,0.1327522248029709
YKL042W,YIL070C,0,2.8438618,0.39230063557624817,0.8400392532348633,0.13285242021083832
YEL065W,YOR095C,0,2.842659,0.39212092757225037,0.8400392532348633,0.13295261561870575
YHR143W-A,YML010W,0,2.8424106,0.3919413983821869,0.8400392532348633,0.133052796125412
YOL072W,YGR145W,0,2.8422236,0.39176201820373535,0.8400392532348633,0.13315299153327942
YPL170W,YNR002C,0,2.8419988,0.39158278703689575,0.8400392532348633,0.13325318694114685
YMR282C,YOR162C,0,2.8400419,0.3914037346839905,0.8400392532348633,0.1333533674478531
YNL072W,YGL136C,1,2.8384194,0.3916819095611572,0.8410205841064453,0.1333533674478531
YMR171C,YIL063C,0,2.8373263,0.3915029764175415,0.8410205841064453,0.13345356285572052
YDR390C,YMR142C,0,2.8364296,0.3913241922855377,0.8410205841064453,0.13355375826358795
YGL210W,YDR140W,0,2.8357658,0.39114558696746826,0.8410205841064453,0.1336539387702942
YDR134C,YDR146C,0,2.835016,0.39096716046333313,0.8410205841064453,0.13375413417816162
YEL009C,YER001W,0,2.8345015,0.39078888297080994,0.8410205841064453,0.13385432958602905
YCR067C,YER190W,0,2.8339195,0.3906107544898987,0.8410205841064453,0.1339545100927353
YML087C,YDR069C,0,2.8334274,0.39043280482292175,0.8410205841064453,0.13405470550060272
YOR299W,YDL059C,0,2.8330772,0.39025500416755676,0.8410205841064453,0.13415490090847015
YBR187W,YOR099W,0,2.83251,0.3900773823261261,0.8410205841064453,0.1342550814151764
YDL033C,YDL129W,1,2.8312914,0.39035487174987793,0.8420019745826721,0.1342550814151764
YML112W,YER126C,0,2.830653,0.39017733931541443,0.8420019745826721,0.13435527682304382
YGR091W,YNL289W,0,2.829402,0.38999998569488525,0.8420019745826721,0.13445547223091125
YML113W,YMR283C,1,2.8291826,0.3902771472930908,0.8429833054542542,0.13445547223091125
YLR224W,YLR307W,0,2.829129,0.3900999128818512,0.8429833054542542,0.1345556527376175
YGR035C,YER168C,1,2.8275201,0.3903767466545105,0.843964695930481,0.1345556527376175
YDL204W,YKL190W,0,2.8269343,0.3901996314525604,0.843964695930481,0.13465584814548492
YOL149W,YNR046W,0,2.8263853,0.3900226652622223,0.843964695930481,0.13475604355335236
YGL150C,YOR190W,0,2.8262327,0.3898458778858185,0.843964695930481,0.1348562240600586
YDL015C,YBR118W,0,2.8257356,0.3896692395210266,0.843964695930481,0.13495641946792603
YER115C,YOL028C,1,2.8249002,0.3899456560611725,0.844946026802063,0.13495641946792603
YLR003C,YNR060W,0,2.82297,0.38976913690567017,0.844946026802063,0.13505661487579346
YOR349W,YJL111W,0,2.8213558,0.3895927667617798,0.844946026802063,0.1351567953824997
YJL071W,YDR362C,0,2.8211594,0.38941654562950134,0.844946026802063,0.13525699079036713
YLR090W,YJL145W,0,2.8207855,0.3892405033111572,0.844946026802063,0.13535717129707336
YBL071W-A,YAR014C,1,2.8207092,0.3895165026187897,0.845927357673645,0.13535717129707336
YLR145W,YDL030W,0,2.8205109,0.3893405497074127,0.845927357673645,0.1354573667049408
YKL186C,YHR105W,0,2.8204887,0.3891647756099701,0.845927357673645,0.13555756211280823
YLR275W,YMR080C,0,2.817894,0.3889891803264618,0.845927357673645,0.13565774261951447
YER183C,YGL003C,0,2.8173413,0.38881370425224304,0.845927357673645,0.1357579380273819
YDL065C,YER146W,0,2.817327,0.3886384069919586,0.845927357673645,0.13585813343524933
YPL193W,YDL129W,1,2.8169856,0.38891392946243286,0.8469087481498718,0.13585813343524933
YDR140W,YOR179C,0,2.8134463,0.388738751411438,0.8469087481498718,0.13595831394195557
YCR060W,YHR072W-A,1,2.810233,0.38901394605636597,0.8478900790214539,0.13595831394195557
YPL127C,YGL255W,0,2.8085036,0.38883888721466064,0.8478900790214539,0.136058509349823
YGL055W,YNL316C,0,2.8082654,0.38866397738456726,0.8478900790214539,0.13615870475769043
YOR361C,YNL256W,0,2.807025,0.3884892165660858,0.8478900790214539,0.13625888526439667
YPL024W,YGL201C,0,2.8069756,0.3883146047592163,0.8478900790214539,0.1363590806722641
YDR363W-A,YAL014C,0,2.8056233,0.38814017176628113,0.8478900790214539,0.13645927608013153
YPL017C,YFL031W,0,2.8049083,0.3879658877849579,0.8478900790214539,0.13655945658683777
YJL073W,YBR182C,0,2.8044236,0.3877917528152466,0.8478900790214539,0.1366596519947052
YNL061W,YDR363W-A,0,2.8032293,0.3876177668571472,0.8478900790214539,0.13675984740257263
YKR014C,YFL017W-A,0,2.8028836,0.3874439597129822,0.8478900790214539,0.13686002790927887
YOR047C,YGL200C,0,2.802586,0.3872702717781067,0.8478900790214539,0.1369602233171463
YOL028C,YGR179C,0,2.8023376,0.3870967626571655,0.8478900790214539,0.13706041872501373
YER029C,YNL210W,0,2.8019223,0.3869234323501587,0.8478900790214539,0.13716059923171997
YNL306W,YPR021C,0,2.801025,0.3867502212524414,0.8478900790214539,0.1372607946395874
YFL009W,YMR290C,0,2.799902,0.38657718896865845,0.8478900790214539,0.13736099004745483
YOR187W,YEL022W,0,2.7990217,0.3864043056964874,0.8478900790214539,0.13746117055416107
YNL021W,YOL090W,0,2.7982068,0.38623157143592834,0.8478900790214539,0.1375613659620285
YDR123C,YLR344W,0,2.7980943,0.3860589861869812,0.8478900790214539,0.13766156136989594
YBR192W,YER013W,0,2.7971463,0.385886549949646,0.8478900790214539,0.13776174187660217
YPL268W,YNR046W,0,2.7963629,0.3857142925262451,0.8478900790214539,0.1378619372844696
YDL067C,YGL254W,0,2.7963336,0.3855421543121338,0.8478900790214539,0.13796213269233704
YDR424C,YDL052C,0,2.7962499,0.3853701949119568,0.8478900790214539,0.13806231319904327
YLR188W,YHL040C,0,2.7952647,0.3851983845233917,0.8478900790214539,0.1381625086069107
YKL096W,YLR205C,0,2.7949069,0.3850267231464386,0.8478900790214539,0.13826270401477814
YGR116W,YJL125C,0,2.7946365,0.3848552405834198,0.8478900790214539,0.13836288452148438
YOR307C,YAR008W,0,2.7944179,0.38468387722969055,0.8478900790214539,0.1384630799293518
YDL059C,YDR216W,0,2.7936416,0.38451269268989563,0.8478900790214539,0.13856327533721924
YJL207C,YPR021C,0,2.793518,0.38434162735939026,0.8478900790214539,0.13866345584392548
YGR169C,YDR472W,0,2.7933483,0.3841707408428192,0.8478900790214539,0.1387636512517929
YDL103C,YNL298W,0,2.7920241,0.3840000033378601,0.8478900790214539,0.13886384665966034
YNL136W,YGL120C,0,2.7904897,0.38382941484451294,0.8478900790214539,0.13896402716636658
YMR169C,YDR402C,0,2.7902093,0.3836589753627777,0.8478900790214539,0.139064222574234
YGL112C,YOR057W,0,2.78903,0.3834886848926544,0.8478900790214539,0.13916441798210144
YDR101C,YBR129C,0,2.7886643,0.38331854343414307,0.8478900790214539,0.13926459848880768
YGR052W,YJR095W,0,2.788412,0.38314855098724365,0.8478900790214539,0.1393647938966751
YNR027W,YOL001W,0,2.7881653,0.38297873735427856,0.8478900790214539,0.13946498930454254
YNL292W,YGR169C,1,2.7879426,0.3832521140575409,0.8488714694976807,0.13946498930454254
YBR106W,YNL289W,0,2.7878375,0.3830823600292206,0.8488714694976807,0.13956516981124878
YKR030W,YER087C-B,0,2.7874422,0.3829127848148346,0.8488714694976807,0.1396653652191162
YNL261W,YKR081C,0,2.7872157,0.38274335861206055,0.8488714694976807,0.13976556062698364
YJL100W,YHR092C,0,2.7855132,0.38257408142089844,0.8488714694976807,0.13986574113368988
YML106W,YJL065C,0,2.7854743,0.38240495324134827,0.8488714694976807,0.1399659365415573
YLR256W,YDL194W,0,2.7839248,0.38223597407341003,0.8488714694976807,0.14006613194942474
YGR148C,YKL166C,0,2.7833912,0.38206714391708374,0.8488714694976807,0.14016631245613098
YCL066W,YNL012W,0,2.7823672,0.3818984627723694,0.8488714694976807,0.1402665078639984
YJL200C,YBR198C,0,2.780762,0.38172993063926697,0.8488714694976807,0.14036670327186584
YKL125W,YDR524C,0,2.7791903,0.3815615475177765,0.8488714694976807,0.14046688377857208
YDR322W,YOR279C,0,2.7790012,0.38139328360557556,0.8488714694976807,0.14056707918643951
YKL024C,YJR010C-A,0,2.7785323,0.38122519850730896,0.8488714694976807,0.14066727459430695
YER006W,YML005W,0,2.7766943,0.3810572624206543,0.8488714694976807,0.14076745510101318
YOR190W,YBR070C,0,2.7765698,0.3808894753456116,0.8488714694976807,0.14086765050888062
YHL022C,YGR292W,0,2.7765331,0.3807218372821808,0.8488714694976807,0.14096784591674805
YIL061C,YBR199W,0,2.7763212,0.38055434823036194,0.8488714694976807,0.14106802642345428
YGR014W,YOL052C,0,2.7736545,0.38038697838783264,0.8488714694976807,0.14116822183132172
YDR104C,YNL339C,0,2.7726421,0.38021978735923767,0.8488714694976807,0.14126841723918915
YNL185C,YHR042W,0,2.771656,0.38005271553993225,0.8488714694976807,0.14136859774589539
YFL034C-B,YLR057W,0,2.7715611,0.37988582253456116,0.8488714694976807,0.14146879315376282
YMR311C,YGL244W,0,2.769817,0.3797190487384796,0.8488714694976807,0.14156897366046906
YNL129W,YCL031C,0,2.7697706,0.37955242395401,0.8488714694976807,0.1416691690683365
YBR240C,YIL114C,0,2.7688417,0.37938597798347473,0.8488714694976807,0.14176936447620392
YDR177W,YIL083C,0,2.7675154,0.379219651222229,0.8488714694976807,0.14186954498291016
YER122C,YOL148C,0,2.7671525,0.3790534734725952,0.8488714694976807,0.1419697403907776
YDR026C,YGL186C,0,2.766841,0.378887414932251,0.8488714694976807,0.14206993579864502
YOR297C,YDL092W,0,2.7663963,0.37872153520584106,0.8488714694976807,0.14217011630535126
YJR101W,YJR098C,0,2.764713,0.3785558044910431,0.8488714694976807,0.1422703117132187
YMR016C,YGL170C,1,2.7643425,0.37882766127586365,0.8498528003692627,0.1422703117132187
YDL036C,YOR084W,0,2.7643065,0.37866199016571045,0.8498528003692627,0.14237050712108612
YML015C,YKR020W,0,2.7632542,0.3784964978694916,0.8498528003692627,0.14247068762779236
YKL211C,YEL020C,0,2.7631311,0.37833115458488464,0.8498528003692627,0.1425708830356598
YNL254C,YNL271C,0,2.7624779,0.37816593050956726,0.8498528003692627,0.14267107844352722
YOL080C,YLR089C,0,2.762361,0.3780008852481842,0.8498528003692627,0.14277125895023346
YGR189C,YNR067C,0,2.760933,0.3778359591960907,0.8498528003692627,0.1428714543581009
YFL001W,YGR211W,1,2.7556167,0.3781072795391083,0.8508341312408447,0.1428714543581009
YDR451C,YNL309W,0,2.754131,0.3779424726963043,0.8508341312408447,0.14297164976596832
YBL113C,YCR010C,0,2.754119,0.3777777850627899,0.8508341312408447,0.14307183027267456
YBL112C,YFL038C,0,2.75348,0.37761324644088745,0.8508341312408447,0.143172025680542
YOR374W,YBR253W,0,2.7531428,0.3774488568305969,0.8508341312408447,0.14327222108840942
YDL217C,YNL254C,1,2.752012,0.3777197599411011,0.8518155217170715,0.14327222108840942
YML129C,YHR061C,0,2.7511642,0.3775554597377777,0.8518155217170715,0.14337240159511566
YBL027W,YOR196C,0,2.750095,0.3773913085460663,0.8518155217170715,0.1434725970029831
YHR072W,YNL323W,0,2.7477918,0.3772273063659668,0.8518155217170715,0.14357279241085052
YNL327W,YPR006C,0,2.7476192,0.37706342339515686,0.8518155217170715,0.14367297291755676
YGL155W,YLL003W,0,2.7468805,0.37689968943595886,0.8518155217170715,0.1437731683254242
YMR113W,YOL027C,0,2.7466776,0.3767361044883728,0.8518155217170715,0.14387336373329163
YDR088C,YOR306C,0,2.7464461,0.3765726685523987,0.8518155217170715,0.14397354423999786
YGR277C,YJL011C,0,2.74584,0.3764093816280365,0.8518155217170715,0.1440737396478653
YOR201C,YBR030W,0,2.7455125,0.37624621391296387,0.8518155217170715,0.14417393505573273
YOL057W,YHR077C,0,2.7441294,0.3760831952095032,0.8518155217170715,0.14427411556243896
YLR113W,YDR320C-A,0,2.74386,0.3759203255176544,0.8518155217170715,0.1443743109703064
YLR268W,YOR194C,0,2.741884,0.3757575750350952,0.8518155217170715,0.14447450637817383
YIL157C,YNL281W,0,2.7418625,0.37559497356414795,0.8518155217170715,0.14457468688488007
YPL193W,YHR089C,1,2.741612,0.37586504220962524,0.8527968525886536,0.14457468688488007
YLR022C,YBL005W-A,0,2.7415257,0.37570255994796753,0.8527968525886536,0.1446748822927475
YLR213C,YGR104C,0,2.740931,0.37554019689559937,0.8527968525886536,0.14477507770061493
YJR017C,YML077W,0,2.7391672,0.37537798285484314,0.8527968525886536,0.14487525820732117
YGL236C,YER060W,1,2.7390428,0.3756476640701294,0.8537782430648804,0.14487525820732117
YIL177C,YOR205C,0,2.738524,0.37548553943634033,0.8537782430648804,0.1449754536151886
YGL192W,YMR283C,1,2.7379541,0.3757549524307251,0.8547595739364624,0.1449754536151886
YGR191W,YER061C,0,2.7354727,0.3755929172039032,0.8547595739364624,0.14507564902305603
YGR206W,YBR185C,0,2.734074,0.37543103098869324,0.8547595739364624,0.14517582952976227
YER104W,YDR510W,0,2.7340734,0.3752692937850952,0.8547595739364624,0.1452760249376297
YDL112W,YPR125W,1,2.7335124,0.37553831934928894,0.8557409048080444,0.1452760249376297
YNR012W,YPL121C,0,2.7323246,0.3753766715526581,0.8557409048080444,0.14537622034549713
YOR301W,YER168C,0,2.7322054,0.3752151429653168,0.8557409048080444,0.14547640085220337
YJR125C,YIL093C,0,2.7250285,0.3750537633895874,0.8557409048080444,0.1455765962600708
YHR117W,YMR306W,0,2.7247014,0.37489253282546997,0.8557409048080444,0.14567679166793823
YDR363W,YOR014W,0,2.7225173,0.3747314214706421,0.8557409048080444,0.14577697217464447
YAR007C,YOR083W,0,2.7223353,0.37457045912742615,0.8557409048080444,0.1458771675825119
YBR084W,YDL070W,0,2.7213695,0.37440961599349976,0.8557409048080444,0.14597736299037933
YOL123W,YMR121C,0,2.7208228,0.3742489218711853,0.8557409048080444,0.14607754349708557
YHR044C,YBR241C,0,2.720789,0.3740883767604828,0.8557409048080444,0.146177738904953
YDR531W,YMR034C,0,2.7203798,0.3739279508590698,0.8557409048080444,0.14627793431282043
YML009C,YGR252W,0,2.719046,0.3737676739692688,0.8557409048080444,0.14637811481952667
YNL213C,YGR167W,0,2.7177649,0.3736075460910797,0.8557409048080444,0.1464783102273941
YFL066C,YLR002C,0,2.7173214,0.3734475374221802,0.8557409048080444,0.14657850563526154
YPL252C,YDR311W,0,2.7170215,0.3732876777648926,0.8557409048080444,0.14667868614196777
YPL033C,YBR083W,0,2.7162356,0.37312793731689453,0.8557409048080444,0.1467788815498352
YPR094W,YGL039W,0,2.7135732,0.3729683458805084,0.8557409048080444,0.14687907695770264
YGL047W,YKL213C,0,2.713353,0.37280890345573425,0.8557409048080444,0.14697925746440887
YGR113W,YOR391C,0,2.7122066,0.37264958024024963,0.8557409048080444,0.1470794528722763
YJL141C,YHR046C,0,2.7120085,0.37249037623405457,0.8557409048080444,0.14717964828014374
YDR488C,YGL186C,0,2.7117205,0.3723313510417938,0.8557409048080444,0.14727982878684998
YDR473C,YKL144C,0,2.708545,0.37217241525650024,0.8557409048080444,0.1473800241947174
YPR194C,YDL055C,0,2.7055893,0.372013658285141,0.8557409048080444,0.14748021960258484
YPL037C,YJR135C,0,2.7052174,0.3718550205230713,0.8557409048080444,0.14758040010929108
YPL127C,YIL027C,0,2.705212,0.37169650197029114,0.8557409048080444,0.1476805955171585
YDR492W,YCL017C,1,2.7049313,0.3719642162322998,0.8567222952842712,0.1476805955171585
YDR239C,YPR204W,0,2.7044182,0.3718057870864868,0.8567222952842712,0.14778079092502594
YLL027W,YBR251W,0,2.7026563,0.37164750695228577,0.8567222952842712,0.14788097143173218
YGR231C,YPR006C,0,2.700931,0.37148937582969666,0.8567222952842712,0.1479811668395996
YMR239C,YCR043C,0,2.7008197,0.3713313341140747,0.8567222952842712,0.14808134734630585
YJL143W,YLR020C,0,2.6993968,0.3711734712123871,0.8567222952842712,0.14818154275417328
YBR057C,YDR362C,0,2.699333,0.371015727519989,0.8567222952842712,0.1482817381620407
YER153C,YLR307W,0,2.6958442,0.3708581030368805,0.8567222952842712,0.14838191866874695
YJR082C,YMR300C,0,2.6955056,0.3707006275653839,0.8567222952842712,0.14848211407661438
YPL083C,YIR013C,0,2.69517,0.37054330110549927,0.8567222952842712,0.1485823094844818
YDR018C,YIL168W,0,2.6936662,0.3703860938549042,0.8567222952842712,0.14868248999118805
YPR164W,YMR067C,0,2.693569,0.37022900581359863,0.8567222952842712,0.14878268539905548
YKR039W,YGR215W,0,2.6927717,0.37007206678390503,0.8567222952842712,0.1488828808069229
YPR047W,YDR258C,0,2.6923008,0.369915246963501,0.8567222952842712,0.14898306131362915
YHR057C,YGR169C,0,2.6921895,0.36975857615470886,0.8567222952842712,0.14908325672149658
YJL191W,YHR076W,0,2.6915402,0.3696020245552063,0.8567222952842712,0.149183452129364
YKL108W,YOL003C,0,2.6913006,0.3694456219673157,0.8567222952842712,0.14928363263607025
YJR101W,YDR170W-A,0,2.6912718,0.3692893385887146,0.8567222952842712,0.14938382804393768
YAL020C,YPR124W,0,2.6910186,0.36913320422172546,0.8567222952842712,0.14948402345180511
YOR306C,YBR095C,0,2.690289,0.3689771890640259,0.8567222952842712,0.14958420395851135
YNL236W,YDL171C,0,2.690228,0.36882129311561584,0.8567222952842712,0.14968439936637878
YFL045C,YNL222W,0,2.6889982,0.36866554617881775,0.8567222952842712,0.14978459477424622
YDR281C,YDR146C,0,2.6887777,0.3685099184513092,0.8567222952842712,0.14988477528095245
YOR003W,YBR293W,0,2.688689,0.3683544397354126,0.8567222952842712,0.14998497068881989
YLR433C,YGL071W,0,2.6871958,0.36819908022880554,0.8567222952842712,0.15008516609668732
YML112W,YIL131C,0,2.6849108,0.36804383993148804,0.8567222952842712,0.15018534660339355
YNR040W,YMR023C,0,2.6838095,0.36788874864578247,0.8567222952842712,0.150285542011261
YMR075W,YER180C,0,2.683426,0.36773377656936646,0.8567222952842712,0.15038573741912842
YDR177W,YOR088W,0,2.6828187,0.3675789535045624,0.8567222952842712,0.15048591792583466
YPR043W,YPL011C,0,2.6826043,0.36742424964904785,0.8567222952842712,0.1505861133337021
YHR047C,YOR088W,0,2.6823964,0.3672696650028229,0.8567222952842712,0.15068630874156952
YOR311C,YNR003C,0,2.680633,0.36711522936820984,0.8567222952842712,0.15078648924827576
YBR066C,YGR272C,0,2.6801705,0.36696091294288635,0.8567222952842712,0.1508866846561432
YDR240C,YER052C,0,2.6797197,0.3668067157268524,0.8567222952842712,0.15098688006401062
YNL301C,YHL001W,0,2.6793795,0.3666526675224304,0.8567222952842712,0.15108706057071686
YGR192C,YGR184C,0,2.6786022,0.366498738527298,0.8567222952842712,0.1511872559785843
YPL101W,YGL163C,0,2.67836,0.3663449287414551,0.8567222952842712,0.15128745138645172
YLR357W,YNL008C,0,2.6779704,0.3661912679672241,0.8567222952842712,0.15138763189315796
YML093W,YGL256W,0,2.6773934,0.3660377264022827,0.8567222952842712,0.1514878273010254
YNL169C,YBR036C,0,2.677074,0.36588433384895325,0.8567222952842712,0.15158802270889282
YBR135W,YGR189C,0,2.6765099,0.36573103070259094,0.8567222952842712,0.15168820321559906
YOL091W,YIL083C,0,2.6750026,0.3655778765678406,0.8567222952842712,0.1517883986234665
YDL097C,YNL304W,0,2.669386,0.36542487144470215,0.8567222952842712,0.15188859403133392
YLR163C,YBL106C,0,2.6685827,0.3652719557285309,0.8567222952842712,0.15198877453804016
YJL210W,YGL046W,0,2.6682715,0.36511918902397156,0.8567222952842712,0.1520889699459076
YER025W,YER086W,0,2.6679535,0.3649665415287018,0.8567222952842712,0.15218916535377502
YIL040W,YFL047W,0,2.666965,0.36481404304504395,0.8567222952842712,0.15228934586048126
YER099C,YGR077C,0,2.6666617,0.36466166377067566,0.8567222952842712,0.1523895412683487
YKL084W,YDL129W,1,2.6665514,0.36492693424224854,0.8577036261558533,0.1523895412683487
YOR054C,YEL004W,0,2.664731,0.364774614572525,0.8577036261558533,0.15248973667621613
YKL120W,YGL232W,0,2.6628153,0.36462244391441345,0.8577036261558533,0.15258991718292236
YEL043W,YPL122C,0,2.6626778,0.36447039246559143,0.8577036261558533,0.1526901125907898
YIL145C,YDL038C,1,2.6620827,0.36473530530929565,0.8586849570274353,0.1526901125907898
YMR268C,YJL018W,0,2.6620827,0.3645833432674408,0.8586849570274353,0.15279030799865723
YGR274C,YDL170W,0,2.6617253,0.3644315004348755,0.8586849570274353,0.15289048850536346
YKL107W,YCL057W,0,2.661099,0.36427977681159973,0.8586849570274353,0.1529906839132309
YDR444W,YGL123W,0,2.660593,0.3641281723976135,0.8586849570274353,0.15309087932109833
YGR001C,YJR082C,0,2.660445,0.36397671699523926,0.8586849570274353,0.15319105982780457
YMR080C,YGL120C,0,2.6594253,0.36382535099983215,0.8586849570274353,0.153291255235672
YOR274W,YGL136C,1,2.6588624,0.3640897870063782,0.8596663475036621,0.153291255235672
YGL178W,YLR226W,0,2.6577344,0.36393851041793823,0.8596663475036621,0.15339145064353943
YJR140C,YER001W,0,2.6563625,0.36378738284111023,0.8596663475036621,0.15349163115024567
YBL069W,YOR071C,0,2.6549187,0.3636363744735718,0.8596663475036621,0.1535918265581131
YLL029W,YGR056W,0,2.6545906,0.3634854853153229,0.8596663475036621,0.15369202196598053
YML112W,YOR005C,0,2.654012,0.3633347153663635,0.8596663475036621,0.15379220247268677
YER111C,YOR038C,0,2.6533868,0.3631840944290161,0.8596663475036621,0.1538923978805542
YDR226W,YLL022C,0,2.6533375,0.36303356289863586,0.8596663475036621,0.15399259328842163
YML099C,YDL197C,0,2.652248,0.36288318037986755,0.8596663475036621,0.15409277379512787
YDL122W,YML060W,0,2.6519403,0.3627329170703888,0.8596663475036621,0.1541929692029953
YPL183W-A,YLL008W,0,2.6511488,0.3625827729701996,0.8596663475036621,0.15429314970970154
YOR211C,YKL183W,0,2.6506279,0.3624327778816223,0.8596663475036621,0.15439334511756897
YNL239W,YOR088W,0,2.6496897,0.3622828722000122,0.8596663475036621,0.1544935405254364
YGL211W,YPL028W,0,2.649583,0.36213311553001404,0.8596663475036621,0.15459372103214264
YPR079W,YGL191W,0,2.6485164,0.3619834780693054,0.8596663475036621,0.15469391644001007
YOR098C,YPR104C,0,2.6463692,0.36183395981788635,0.8596663475036621,0.1547941118478775
YML095C,YPR020W,0,2.6460505,0.36168456077575684,0.8596663475036621,0.15489429235458374
YGR281W,YNR022C,0,2.645,0.36153528094291687,0.8596663475036621,0.15499448776245117
YGL130W,YDR314C,0,2.6443524,0.36138615012168884,0.8596663475036621,0.1550946831703186
YDR363W,YKL101W,0,2.6439996,0.361237108707428,0.8596663475036621,0.15519486367702484
YMR135C,YNL293W,0,2.6439586,0.36108821630477905,0.8596663475036621,0.15529505908489227
YOR295W,YLR117C,0,2.6415868,0.3609394431114197,0.8596663475036621,0.1553952544927597
YCR020W-B,YOR063W,0,2.640955,0.36079078912734985,0.8596663475036621,0.15549543499946594
YDR492W,YGL039W,0,2.640831,0.3606422543525696,0.8596663475036621,0.15559563040733337
YGR195W,YPL163C,0,2.6402192,0.36049383878707886,0.8596663475036621,0.1556958258152008
YBL090W,YNL311C,0,2.638705,0.3603455424308777,0.8596663475036621,0.15579600632190704
YJL130C,YBR079C,0,2.638089,0.36019736528396606,0.8596663475036621,0.15589620172977448
YCR040W,YHR083W,0,2.6380365,0.360049307346344,0.8596663475036621,0.1559963971376419
YPL022W,YJL184W,0,2.6355596,0.35990139842033386,0.8596663475036621,0.15609657764434814
YIL048W,YGR220C,0,2.6354294,0.3597535789012909,0.8596663475036621,0.15619677305221558
YJL008C,YJL095W,0,2.6354215,0.35960590839385986,0.8596663475036621,0.156296968460083
YMR023C,YPL193W,1,2.6353514,0.35986870527267456,0.8606476783752441,0.156296968460083
YDR393W,YOR340C,0,2.6352043,0.3597210943698883,0.8606476783752441,0.15639714896678925
YOR304W,YGR156W,0,2.6351972,0.3595736026763916,0.8606476783752441,0.15649734437465668
YMR075W,YDR299W,0,2.634705,0.35942623019218445,0.8606476783752441,0.1565975397825241
YCR003W,YMR005W,0,2.6329231,0.35927897691726685,0.8606476783752441,0.15669772028923035
YBR058C-A,YOR288C,0,2.6324034,0.3591318726539612,0.8606476783752441,0.15679791569709778
YBR125C,YOL103W,0,2.6312976,0.3589848577976227,0.8606476783752441,0.1568981111049652
YBR153W,YKL033W,1,2.6311831,0.3592471480369568,0.861629068851471,0.1568981111049652
YHR184W,YLR376C,0,2.6297293,0.35910019278526306,0.861629068851471,0.15699829161167145
YDL232W,YGR090W,0,2.6293352,0.3589533865451813,0.861629068851471,0.15709848701953888
YJL091C,YIL079C,0,2.628663,0.35880669951438904,0.861629068851471,0.1571986824274063
YPR080W,YDL014W,0,2.627551,0.35866013169288635,0.861629068851471,0.15729886293411255
YCR083W,YPL065W,0,2.6257043,0.3585136830806732,0.861629068851471,0.15739905834197998
YHL004W,YMR150C,0,2.6253893,0.35836735367774963,0.861629068851471,0.1574992537498474
YDR038C,YGL186C,0,2.6237516,0.3582211434841156,0.861629068851471,0.15759943425655365
YNL227C,YOL138C,0,2.6230445,0.3580750524997711,0.861629068851471,0.15769962966442108
YMR114C,YOR174W,0,2.620903,0.3579290807247162,0.861629068851471,0.1577998250722885
YDR134C,YOL064C,0,2.620584,0.3577831983566284,0.861629068851471,0.15790000557899475
YNL082W,YNL070W,0,2.619978,0.3576374650001526,0.861629068851471,0.15800020098686218
YPR201W,YJL066C,0,2.6195831,0.3574918508529663,0.861629068851471,0.15810039639472961
YEL034W,YNL124W,0,2.618209,0.3573463559150696,0.861629068851471,0.15820057690143585
YDL156W,YER124C,0,2.6162586,0.3572009801864624,0.861629068851471,0.15830077230930328
YLR329W,YJR053W,0,2.616007,0.3570557236671448,0.861629068851471,0.15840096771717072
YDR208W,YEL077C,0,2.6154015,0.3569105565547943,0.861629068851471,0.15850114822387695
YGL224C,YKL183W,0,2.61375,0.3567655384540558,0.861629068851471,0.15860134363174438
YGR227W,YMR168C,0,2.6134367,0.3566206395626068,0.861629068851471,0.15870153903961182
YBR058C-A,YJL008C,0,2.613412,0.356475830078125,0.861629068851471,0.15880171954631805
YMR022W,YKL201C,0,2.6122828,0.3563311696052551,0.861629068851471,0.15890191495418549
YER148W,YLR008C,0,2.6120336,0.3561865985393524,0.861629068851471,0.15900211036205292
YLR138W,YPL020C,0,2.6113086,0.35604217648506165,0.861629068851471,0.15910229086875916
YJL128C,YOR179C,0,2.6091447,0.35589784383773804,0.861629068851471,0.1592024862766266
YPL094C,YGL258W-A,0,2.608943,0.35575366020202637,0.861629068851471,0.15930268168449402
YPR016C,YDR291W,0,2.6087432,0.35560956597328186,0.861629068851471,0.15940286219120026
YDR062W,YGR272C,0,2.6081388,0.3554655909538269,0.861629068851471,0.1595030575990677
YEL059C-A,YGR104C,0,2.6068087,0.3553217351436615,0.861629068851471,0.15960325300693512
YML088W,YPR167C,0,2.6061006,0.35517799854278564,0.861629068851471,0.15970343351364136
YKR009C,YMR166C,0,2.6057754,0.35503438115119934,0.861629068851471,0.1598036289215088
YMR116C,YJL051W,0,2.6028693,0.3548908531665802,0.861629068851471,0.15990382432937622
YDR064W,YIL159W,0,2.6021829,0.354747474193573,0.861629068851471,0.16000400483608246
YBR082C,YPR127W,0,2.6012635,0.35460421442985535,0.861629068851471,0.1601042002439499
YIL126W,YGR183C,0,2.6011305,0.35446104407310486,0.861629068851471,0.16020439565181732
YEL064C,YGR037C,0,2.600296,0.3543179929256439,0.861629068851471,0.16030457615852356
YBR258C,YDL109C,0,2.5985126,0.35417506098747253,0.861629068851471,0.160404771566391
YNR020C,YDR492W,0,2.598248,0.3540322482585907,0.861629068851471,0.16050495207309723
YOL001W,YGR034W,0,2.59654,0.3538895547389984,0.861629068851471,0.16060514748096466
YOR089C,YGR133W,0,2.5959988,0.3537469804286957,0.861629068851471,0.1607053428888321
YPL027W,YLR165C,0,2.5958529,0.3536045253276825,0.861629068851471,0.16080552339553833
YOL100W,YCR098C,0,2.5958123,0.3534621596336365,0.861629068851471,0.16090571880340576
YPL090C,YGR027C,0,2.5936446,0.35331991314888,0.861629068851471,0.1610059142112732
YGL170C,YOR360C,1,2.593412,0.3535800576210022,0.862610399723053,0.1610059142112732
YER180C,YOR360C,1,2.592811,0.3538399636745453,0.863591730594635,0.1610059142112732
YHR183W,YDR270W,0,2.592113,0.3536977469921112,0.863591730594635,0.16110609471797943
YDL056W,YGR063C,0,2.5914657,0.3535556495189667,0.863591730594635,0.16120629012584686
YBR061C,YDR228C,0,2.5906682,0.3534136414527893,0.863591730594635,0.1613064855337143
YOR310C,YJR144W,0,2.5900824,0.3532717823982239,0.863591730594635,0.16140666604042053
YBL088C,YGR124W,0,2.5890274,0.3531300127506256,0.863591730594635,0.16150686144828796
YPR019W,YNL244C,0,2.5879188,0.3529883623123169,0.863591730594635,0.1616070568561554
YBR084W,YMR162C,0,2.586419,0.35284683108329773,0.863591730594635,0.16170723736286163
YLR119W,YOR162C,0,2.5859299,0.3527054190635681,0.863591730594635,0.16180743277072906
YLR274W,YAL043C,0,2.5858774,0.35256409645080566,0.863591730594635,0.1619076281785965
YOR061W,YKR044W,1,2.5858169,0.3528233766555786,0.8645731210708618,0.1619076281785965
YDL246C,YDR394W,0,2.5846853,0.3526821434497833,0.8645731210708618,0.16200780868530273
YDL205C,YDL030W,1,2.5842187,0.3529411852359772,0.8655544519424438,0.16200780868530273
YBR081C,YML051W,0,2.584183,0.35280001163482666,0.8655544519424438,0.16210800409317017
YOL057W,YDL168W,0,2.583435,0.3526589274406433,0.8655544519424438,0.1622081995010376
YOL130W,YGL050W,1,2.5831516,0.3529176712036133,0.8665358424186707,0.1622081995010376
YDL080C,YDR194C,0,2.583147,0.3527766764163971,0.8665358424186707,0.16230838000774384
YER115C,YLR426W,1,2.58094,0.3530351519584656,0.8675171732902527,0.16230838000774384
YGL209W,YBL017C,0,2.5806465,0.35289421677589417,0.8675171732902527,0.16240857541561127
YOL072W,YDR449C,0,2.5794857,0.3527534008026123,0.8675171732902527,0.1625087708234787
YJR129C,YGL064C,1,2.578827,0.3530115783214569,0.8684985041618347,0.1625087708234787
YBL023C,YOR306C,1,2.5785074,0.3532695472240448,0.8694798946380615,0.1625087708234787
YGR169C,YNR051C,1,2.5774846,0.353527307510376,0.8704612255096436,0.1625087708234787
YMR241W,YHR007C,0,2.5773585,0.35338646173477173,0.8704612255096436,0.16260895133018494
YIL134W,YOL124C,0,2.5773003,0.35324570536613464,0.8704612255096436,0.16270914673805237
YPL048W,YDR351W,0,2.577054,0.3531050980091095,0.8704612255096436,0.1628093421459198
YOR149C,YML037C,0,2.5770361,0.3529645800590515,0.8704612255096436,0.16290952265262604
YLR233C,YJL090C,0,2.5751212,0.3528241813182831,0.8704612255096436,0.16300971806049347
YIL040W,YGL145W,0,2.5738606,0.3526839017868042,0.8704612255096436,0.1631099134683609
YDR332W,YLL045C,0,2.5724976,0.3525437116622925,0.8704612255096436,0.16321009397506714
YPL064C,YER014C-A,0,2.5714676,0.3524036407470703,0.8704612255096436,0.16331028938293457
YHR102W,YAL039C,0,2.5711098,0.3522636890411377,0.8704612255096436,0.163410484790802
YNL058C,YLR364W,0,2.5708792,0.35212385654449463,0.8704612255096436,0.16351066529750824
YPL143W,YDR252W,0,2.5696003,0.3519841134548187,0.8704612255096436,0.16361086070537567
YNL300W,YMR221C,0,2.5695977,0.35184451937675476,0.8704612255096436,0.1637110561132431
YPL023C,YPL144W,0,2.5672536,0.35170498490333557,0.8704612255096436,0.16381123661994934
YLL055W,YGR272C,0,2.5670478,0.3515655994415283,0.8704612255096436,0.16391143202781677
YDR236C,YHR084W,0,2.5659904,0.35142630338668823,0.8704612255096436,0.1640116274356842
YER161C,YDR164C,0,2.5644288,0.3512871265411377,0.8704612255096436,0.16411180794239044
YGR257C,YAR031W,0,2.5638587,0.3511480689048767,0.8704612255096436,0.16421200335025787
YIL042C,YOL151W,0,2.5635684,0.3510091006755829,0.8704612255096436,0.1643121987581253
YMR019W,YOR356W,0,2.563387,0.3508702516555786,0.8704612255096436,0.16441237926483154
YMR034C,YOL067C,0,2.5623949,0.3507315218448639,0.8704612255096436,0.16451257467269897
YDL246C,YLR142W,0,2.5618541,0.35059288144111633,0.8704612255096436,0.1646127700805664
YOL101C,YDR191W,0,2.5608988,0.3504543602466583,0.8704612255096436,0.16471295058727264
YBR287W,YMR071C,0,2.5602195,0.35031595826148987,0.8704612255096436,0.16481314599514008
YNL316C,YNR013C,0,2.5595884,0.3501776456832886,0.8704612255096436,0.1649133414030075
YDR476C,YFL044C,0,2.5590897,0.35003945231437683,0.8704612255096436,0.16501352190971375
YFL017W-A,YER030W,0,2.558766,0.34990137815475464,0.8704612255096436,0.16511371731758118
YOR303W,YNL191W,0,2.55453,0.3497633934020996,0.8704612255096436,0.1652139127254486
YER173W,YNL016W,0,2.5544918,0.34962552785873413,0.8704612255096436,0.16531409323215485
YPR019W,YMR017W,0,2.5542994,0.3494877815246582,0.8704612255096436,0.16541428864002228
YML078W,YDR142C,0,2.5541277,0.34935012459754944,0.8704612255096436,0.1655144840478897
YKL171W,YGL163C,0,2.5525258,0.3492125868797302,0.8704612255096436,0.16561466455459595
YMR056C,YLR233C,0,2.5522969,0.34907516837120056,0.8704612255096436,0.16571485996246338
YIL093C,YGR012W,0,2.551167,0.34893783926963806,0.8704612255096436,0.1658150553703308
YKL108W,YJL073W,0,2.5510988,0.3488006293773651,0.8704612255096436,0.16591523587703705
YLL027W,YCR009C,0,2.5508633,0.3486635088920593,0.8704612255096436,0.16601543128490448
YHR109W,YJL170C,0,2.5505502,0.3485265374183655,0.8704612255096436,0.1661156266927719
YML034W,YLR276C,0,2.5505257,0.3483896255493164,0.8704612255096436,0.16621580719947815
YDR466W,YMR282C,0,2.5497975,0.3482528328895569,0.8704612255096436,0.16631600260734558
YGR077C,YLR421C,0,2.5486956,0.3481161594390869,0.8704612255096436,0.166416198015213
YIL171W,YJL082W,0,2.5485954,0.3479796051979065,0.8704612255096436,0.16651637852191925
YLR132C,YGR070W,0,2.5482075,0.34784314036369324,0.8704612255096436,0.16661657392978668
YMR267W,YDR414C,0,2.5481334,0.34770679473876953,0.8704612255096436,0.16671675443649292
YGR084C,YNL217W,0,2.5478559,0.347570538520813,0.8704612255096436,0.16681694984436035
YER017C,YDL059C,0,2.5447772,0.347434401512146,0.8704612255096436,0.16691714525222778
YJL046W,YPR125W,0,2.5443897,0.34729835391044617,0.8704612255096436,0.16701732575893402
YFR037C,YOR118W,1,2.5438771,0.3475538194179535,0.8714426159858704,0.16701732575893402
YCR048W,YDL207W,0,2.543734,0.34741783142089844,0.8714426159858704,0.16711752116680145
YJL143W,YNL085W,0,2.5437288,0.34728196263313293,0.8714426159858704,0.16721771657466888
YOR084W,YER171W,0,2.5435483,0.347146213054657,0.8714426159858704,0.16731789708137512
YGR035C,YJL153C,0,2.5427992,0.3470105528831482,0.8714426159858704,0.16741809248924255
YBL061C,YOR206W,0,2.5422573,0.34687501192092896,0.8714426159858704,0.16751828789710999
YIL046W,YDR076W,0,2.5416975,0.3467395603656769,0.8714426159858704,0.16761846840381622
YDR205W,YKL205W,0,2.5399675,0.34660422801971436,0.8714426159858704,0.16771866381168365
YDR156W,YAL040C,0,2.5397942,0.346468985080719,0.8714426159858704,0.1678188592195511
YER180C,YGL211W,1,2.5391903,0.34672385454177856,0.8724239468574524,0.1678188592195511
YMR016C,YDR364C,1,2.537862,0.3469785451889038,0.8734052777290344,0.1678188592195511
YBR080C,YBR070C,0,2.5376925,0.34684333205223083,0.8734052777290344,0.16791903972625732
YGR220C,YMR052W,0,2.5375645,0.346708208322525,0.8734052777290344,0.16801923513412476
YOR089C,YLR022C,0,2.5364957,0.34657320380210876,0.8734052777290344,0.1681194305419922
YPR022C,YNL172W,0,2.5346553,0.34643828868865967,0.8734052777290344,0.16821961104869843
YER078C,YDR311W,0,2.534439,0.3463034927845001,0.8734052777290344,0.16831980645656586
YCR020C,YGR028W,0,2.5332856,0.3461688160896301,0.8734052777290344,0.1684200018644333
YCR071C,YDR159W,0,2.5323775,0.3460342288017273,0.8734052777290344,0.16852018237113953
YJL053W,YDR506C,0,2.5322566,0.3458997309207916,0.8734052777290344,0.16862037777900696
YIL046W,YLL034C,0,2.53154,0.3457653522491455,0.8734052777290344,0.1687205731868744
YPR182W,YCL050C,0,2.5310452,0.34563106298446655,0.8734052777290344,0.16882075369358063
YBL074C,YBR067C,0,2.5307455,0.34549689292907715,0.8734052777290344,0.16892094910144806
YPL195W,YDR362C,0,2.5299072,0.3453628122806549,0.8734052777290344,0.1690211445093155
YFR037C,YBL055C,1,2.5298555,0.34561675786972046,0.8743866682052612,0.1690211445093155
YER048C,YLL012W,0,2.5295174,0.345482736825943,0.8743866682052612,0.16912132501602173
YGR249W,YDR457W,0,2.529232,0.3453488349914551,0.8743866682052612,0.16922152042388916
YJL065C,YAL054C,0,2.5291476,0.3452150225639343,0.8743866682052612,0.1693217158317566
YER090W,YMR231W,0,2.528379,0.3450813293457031,0.8743866682052612,0.16942189633846283
YOR094W,YHR060W,0,2.5279508,0.3449477255344391,0.8743866682052612,0.16952209174633026
YDR480W,YMR098C,0,2.5271244,0.3448142409324646,0.8743866682052612,0.1696222871541977
YMR051C,YKL174C,0,2.5254068,0.3446808457374573,0.8743866682052612,0.16972246766090393
YMR211W,YBR021W,1,2.5250206,0.34493425488471985,0.8753679990768433,0.16972246766090393
YDL039C,YMR273C,0,2.5231767,0.3448009192943573,0.8753679990768433,0.16982266306877136
YOR324C,YLR209C,0,2.52248,0.3446677029132843,0.8753679990768433,0.1699228584766388
YJR152W,YBL016W,0,2.5223525,0.34453457593917847,0.8753679990768433,0.17002303898334503
YDR403W,YPR001W,0,2.5212598,0.3444015383720398,0.8753679990768433,0.17012323439121246
YMR047C,YOL142W,0,2.5211248,0.3442686200141907,0.8753679990768433,0.1702234297990799
YBR248C,YLR226W,1,2.520649,0.3445216119289398,0.8763493895530701,0.1702234297990799
YDL130W-A,YDR479C,0,2.5198088,0.3443887531757355,0.8763493895530701,0.17032361030578613
YKL108W,YJL006C,0,2.5182035,0.3442559838294983,0.8763493895530701,0.17042380571365356
YER146W,YPL051W,0,2.5169017,0.34412330389022827,0.8763493895530701,0.170524001121521
YPR004C,YOL093W,0,2.516184,0.3439907431602478,0.8763493895530701,0.17062418162822723
YBR198C,YDR329C,0,2.5155063,0.3438583016395569,0.8763493895530701,0.17072437703609467
YHR008C,YER185W,0,2.5150604,0.34372594952583313,0.8763493895530701,0.1708245724439621
YOR233W,YKL154W,0,2.5147836,0.34359368681907654,0.8763493895530701,0.17092475295066833
YDR454C,YKL027W,0,2.5147324,0.3434615433216095,0.8763493895530701,0.17102494835853577
YMR247C,YDL059C,0,2.5144832,0.3433294892311096,0.8763493895530701,0.1711251437664032
YKL174C,YGR063C,0,2.513942,0.3431975543498993,0.8763493895530701,0.17122532427310944
YLR090W,YPL024W,0,2.5121136,0.34306567907333374,0.8763493895530701,0.17132551968097687
YDR238C,YKL166C,0,2.5113802,0.3429339528083801,0.8763493895530701,0.1714257150888443
YOR301W,YMR080C,0,2.5096202,0.3428023159503937,0.8763493895530701,0.17152589559555054
YGR104C,YLL005C,0,2.5078754,0.3426707684993744,0.8763493895530701,0.17162609100341797
YGL079W,YOR360C,1,2.506922,0.3429228961467743,0.8773307204246521,0.17162609100341797
YDR440W,YGR272C,0,2.5066562,0.3427914083003998,0.8773307204246521,0.1717262864112854
YDR520C,YHR041C,0,2.505261,0.34266000986099243,0.8773307204246521,0.17182646691799164
YLL061W,YER083C,0,2.504463,0.34252873063087463,0.8773307204246521,0.17192666232585907
YKL082C,YPR133W-A,0,2.5038905,0.342397540807724,0.8773307204246521,0.1720268577337265
YDR260C,YNL064C,0,2.5038471,0.3422664701938629,0.8773307204246521,0.17212703824043274
YPL023C,YDL030W,0,2.5032701,0.342135488986969,0.8773307204246521,0.17222723364830017
YML036W,YDL065C,0,2.5032442,0.34200459718704224,0.8773307204246521,0.1723274290561676
YCL017C,YDR240C,1,2.5030212,0.34225621819496155,0.8783120512962341,0.1723274290561676
YJR007W,YBL076C,0,2.5027728,0.34212538599967957,0.8783120512962341,0.17242760956287384
YER017C,YNL227C,0,2.5026767,0.34199464321136475,0.8783120512962341,0.17252780497074127
YBL084C,YBR059C,0,2.5025485,0.3418640196323395,0.8783120512962341,0.1726280003786087
YFL041W,YFR028C,0,2.5023043,0.34173348546028137,0.8783120512962341,0.17272818088531494
YDR316W,YJR119C,0,2.5003872,0.34160304069519043,0.8783120512962341,0.17282837629318237
YPL188W,YHL032C,0,2.499293,0.34147271513938904,0.8783120512962341,0.1729285717010498
YPR016C,YPL174C,0,2.4965887,0.3413424789905548,0.8783120512962341,0.17302875220775604
YNL088W,YML093W,0,2.495225,0.34121236205101013,0.8783120512962341,0.17312894761562347
YDL181W,YER130C,0,2.494403,0.34108230471611023,0.8783120512962341,0.1732291281223297
YNL316C,YLR024C,0,2.4921973,0.3409523665904999,0.8783120512962341,0.17332932353019714
YEL026W,YDR488C,0,2.4914942,0.3408225476741791,0.8783120512962341,0.17342951893806458
YIL051C,YPL099C,0,2.490501,0.34069281816482544,0.8783120512962341,0.1735296994447708
YDR488C,YML027W,0,2.489822,0.34056317806243896,0.8783120512962341,0.17362989485263824
YGL077C,YML005W,0,2.4892259,0.34043362736701965,0.8783120512962341,0.17373009026050568
YKR050W,YNL027W,0,2.4889998,0.3403041958808899,0.8783120512962341,0.17383027076721191
YNL207W,YCR040W,0,2.4883006,0.3401748239994049,0.8783120512962341,0.17393046617507935
YPR019W,YGR133W,0,2.4867504,0.34004560112953186,0.8783120512962341,0.17403066158294678
YNL072W,YLR344W,0,2.48622,0.3399164378643036,0.8783120512962341,0.17413084208965302
YGL224C,YOL138C,0,2.4844005,0.33978739380836487,0.8783120512962341,0.17423103749752045
YDL229W,YKL176C,0,2.4830174,0.3396584391593933,0.8783120512962341,0.17433123290538788
YJR133W,YCR048W,0,2.4807115,0.3395296037197113,0.8783120512962341,0.17443141341209412
YOR360C,YDL189W,1,2.4793048,0.3397800624370575,0.8792934417724609,0.17443141341209412
YPL283C,YNL281W,0,2.4770284,0.3396512567996979,0.8792934417724609,0.17453160881996155
YOR303W,YMR224C,0,2.4764314,0.3395225405693054,0.8792934417724609,0.17463180422782898
YKL017C,YEL037C,0,2.4755414,0.3393939435482025,0.8792934417724609,0.17473198473453522
YLR186W,YML094W,0,2.4754524,0.3392654359340668,0.8792934417724609,0.17483218014240265
YNL112W,YJR007W,0,2.4753873,0.3391370177268982,0.8792934417724609,0.17493237555027008
YGL192W,YBL055C,1,2.4751089,0.33938705921173096,0.880274772644043,0.17493237555027008
YNR027W,YBL100W-A,0,2.4748192,0.33925870060920715,0.880274772644043,0.17503255605697632
YKL206C,YLR057W,0,2.474727,0.3391304314136505,0.880274772644043,0.17513275146484375
YBR096W,YGL046W,0,2.4740844,0.3390022814273834,0.880274772644043,0.17523294687271118
YCR054C,YGR211W,1,2.4734256,0.3392519950866699,0.8812561631202698,0.17523294687271118
YKR030W,YML051W,0,2.4729996,0.3391238749027252,0.8812561631202698,0.17533312737941742
YBR095C,YMR216C,0,2.4728935,0.3389958441257477,0.8812561631202698,0.17543332278728485
YMR285C,YDR402C,0,2.4718595,0.3388679325580597,0.8812561631202698,0.17553351819515228
YPL177C,YER061C,0,2.4712272,0.33874011039733887,0.8812561631202698,0.17563369870185852
YDR432W,YPL170W,0,2.4712262,0.3386123776435852,0.8812561631202698,0.17573389410972595
YPR011C,YMR273C,0,2.4709768,0.3384847342967987,0.8812561631202698,0.17583408951759338
YJR009C,YLL050C,0,2.47034,0.33835721015930176,0.8812561631202698,0.17593427002429962
YLR312W-A,YLR233C,0,2.4646034,0.3382297456264496,0.8812561631202698,0.17603446543216705
YLR015W,YLR035C,0,2.4628396,0.33810240030288696,0.8812561631202698,0.17613466084003448
YLR048W,YNL309W,0,2.4609423,0.3379751741886139,0.8812561631202698,0.17623484134674072
YLR362W,YBR260C,0,2.4605238,0.3378480076789856,0.8812561631202698,0.17633503675460815
YOR322C,YLR035C-A,0,2.4580414,0.33772096037864685,0.8812561631202698,0.17643523216247559
YBR118W,YIL121W,0,2.4576366,0.3375939726829529,0.8812561631202698,0.17653541266918182
YDR279W,YDR383C,0,2.456643,0.33746710419654846,0.8812561631202698,0.17663560807704926
YOR242C,YLR172C,0,2.455089,0.3373403549194336,0.8812561631202698,0.1767358034849167
YDL137W,YJR044C,0,2.4536586,0.3372136652469635,0.8812561631202698,0.17683598399162292
YFR021W,YAL031C,0,2.4531202,0.33708709478378296,0.8812561631202698,0.17693617939949036
YCR054C,YER061C,0,2.4529328,0.3369606137275696,0.8812561631202698,0.1770363748073578
YDR296W,YJL065C,0,2.4522207,0.33683422207832336,0.8812561631202698,0.17713655531406403
YLR256W,YDL079C,0,2.4500537,0.3367079198360443,0.8812561631202698,0.17723675072193146
YER106W,YER137C,0,2.4485788,0.3365817070007324,0.8812561631202698,0.1773369461297989
YGR183C,YEL029C,0,2.4470491,0.3364556133747101,0.8812561631202698,0.17743712663650513
YMR321C,YDL120W,0,2.4461045,0.3363295793533325,0.8812561631202698,0.17753732204437256
YER157W,YOR127W,0,2.4445462,0.3362036645412445,0.8812561631202698,0.17763751745224
YKR042W,YDR253C,0,2.444522,0.33607783913612366,0.8812561631202698,0.17773769795894623
YDL080C,YMR266W,0,2.444443,0.33595210313796997,0.8812561631202698,0.17783789336681366
YGR014W,YBR156C,0,2.4435496,0.33582648634910583,0.8812561631202698,0.1779380887746811
YOR270C,YDL229W,0,2.443362,0.3357009291648865,0.8812561631202698,0.17803826928138733
YBR185C,YEL012W,0,2.4427352,0.33557549118995667,0.8812561631202698,0.17813846468925476
YNL259C,YOR017W,0,2.4416199,0.335450142621994,0.8812561631202698,0.1782386600971222
YBR182C,YMR052W,0,2.4413142,0.33532488346099854,0.8812561631202698,0.17833884060382843
YJL054W,YBL055C,1,2.4412622,0.3355729877948761,0.8822374939918518,0.17833884060382843
YBR120C,YOR095C,0,2.440266,0.335447758436203,0.8822374939918518,0.17843903601169586
YOL140W,YDR186C,0,2.439943,0.33532264828681946,0.8822374939918518,0.1785392314195633
YBR009C,YIL083C,0,2.4395628,0.3351976275444031,0.8822374939918518,0.17863941192626953
YML114C,YDR151C,0,2.4381757,0.33507266640663147,0.8822374939918518,0.17873960733413696
YGL043W,YLR425W,0,2.4375217,0.3349478244781494,0.8822374939918518,0.1788398027420044
YOR306C,YJL157C,0,2.4367511,0.3348231017589569,0.8822374939918518,0.17893998324871063
YDL150W,YDR363W-A,0,2.436474,0.3346984386444092,0.8822374939918518,0.17904017865657806
YEL046C,YPL175W,1,2.4358883,0.33494603633880615,0.8832188248634338,0.17904017865657806
YJR026W,YOR299W,0,2.43572,0.3348214328289032,0.8832188248634338,0.1791403740644455
YPL086C,YDL038C,1,2.433869,0.33506879210472107,0.8842002153396606,0.1791403740644455
YBR061C,YDL038C,1,2.433869,0.3353159725666046,0.8851815462112427,0.1791403740644455
YPL057C,YMR193W,0,2.4337125,0.33519136905670166,0.8851815462112427,0.17924055457115173
YHR147C,YNL080C,0,2.4325948,0.33506685495376587,0.8851815462112427,0.17934074997901917
YOL058W,YPL275W,0,2.4320936,0.33494243025779724,0.8851815462112427,0.1794409304857254
YDL180W,YGR292W,0,2.4315243,0.33481812477111816,0.8851815462112427,0.17954112589359283
YAL032C,YIL105C,0,2.4311445,0.33469387888908386,0.8851815462112427,0.17964132130146027
YOL138C,YBR239C,0,2.4306836,0.3345697224140167,0.8851815462112427,0.1797415018081665
YGL040C,YAR050W,0,2.430681,0.33444568514823914,0.8851815462112427,0.17984169721603394
YJL118W,YPL258C,0,2.4305062,0.3343217074871063,0.8851815462112427,0.17994189262390137
YIL177C,YBR227C,0,2.4304898,0.33419784903526306,0.8851815462112427,0.1800420731306076
YBR198C,YBR216C,0,2.4299679,0.33407407999038696,0.8851815462112427,0.18014226853847504
YGL086W,YDR337W,0,2.429161,0.333950400352478,0.8851815462112427,0.18024246394634247
YDL051W,YBL084C,0,2.4291205,0.33382678031921387,0.8851815462112427,0.1803426444530487
YOR201C,YCL047C,0,2.4287899,0.33370327949523926,0.8851815462112427,0.18044283986091614
YHR109W,YJL210W,0,2.4286127,0.3335798680782318,0.8851815462112427,0.18054303526878357
YER175C,YOR088W,0,2.4279876,0.3334565758705139,0.8851815462112427,0.1806432157754898
YAL033W,YGR002C,0,2.4260492,0.3333333432674408,0.8851815462112427,0.18074341118335724
YOL086C,YPR133W-A,0,2.4237475,0.33321020007133484,0.8851815462112427,0.18084360659122467
YER086W,YKL117W,0,2.4217784,0.33308714628219604,0.8851815462112427,0.1809437870979309
YLL062C,YGL046W,0,2.420967,0.3329641819000244,0.8851815462112427,0.18104398250579834
YNL088W,YBR097W,0,2.4199867,0.33284133672714233,0.8851815462112427,0.18114417791366577
YFR008W,YNL191W,0,2.4196346,0.33271855115890503,0.8851815462112427,0.181244358420372
YHR044C,YNR070W,0,2.4172387,0.3325958847999573,0.8851815462112427,0.18134455382823944
YBR083W,YLR256W,0,2.4133325,0.3324732780456543,0.8851815462112427,0.18144474923610687
YHR066W,YCL024W,0,2.4130065,0.3323507606983185,0.8851815462112427,0.1815449297428131
YOL002C,YGR264C,0,2.4127002,0.3322283625602722,0.8851815462112427,0.18164512515068054
YCR028C,YKL144C,0,2.4126167,0.3321060240268707,0.8851815462112427,0.18174532055854797
YER099C,YLR139C,0,2.4126015,0.3319838047027588,0.8851815462112427,0.1818455010652542
YKL095W,YGR292W,0,2.4119954,0.331861674785614,0.8851815462112427,0.18194569647312164
YMR285C,YLR002C,0,2.4104333,0.331739604473114,0.8851815462112427,0.18204589188098907
YBR213W,YJR060W,0,2.4102514,0.33161765336990356,0.8851815462112427,0.1821460723876953
YBL069W,YCL069W,0,2.4099894,0.3314957618713379,0.8851815462112427,0.18224626779556274
YKL025C,YFR037C,0,2.4098425,0.33137398958206177,0.8851815462112427,0.18234646320343018
YLR274W,YDR531W,0,2.4089618,0.3312523066997528,0.8851815462112427,0.1824466437101364
YCR008W,YBR261C,0,2.4071393,0.3311306834220886,0.8851815462112427,0.18254683911800385
YHR109W,YJL134W,0,2.4067497,0.331009179353714,0.8851815462112427,0.18264703452587128
YPL104W,YER091C,0,2.4064403,0.33088773488998413,0.8851815462112427,0.18274721503257751
YLR214W,YMR234W,1,2.4064097,0.3311331272125244,0.8861628770828247,0.18274721503257751
YMR054W,YDR216W,0,2.406298,0.33101174235343933,0.8861628770828247,0.18284741044044495
YDR037W,YPR083W,0,2.4062104,0.3308904469013214,0.8861628770828247,0.18294760584831238
YNL227C,YNL053W,0,2.4053664,0.33076924085617065,0.8861628770828247,0.18304778635501862
YER053C,YBR214W,0,2.4051187,0.33064812421798706,0.8861628770828247,0.18314798176288605
YLR026C,YOL093W,0,2.4029555,0.33052709698677063,0.8861628770828247,0.18324817717075348
YGR222W,YPR185W,0,2.4026837,0.33040615916252136,0.8861628770828247,0.18334835767745972
YPL153C,YML036W,0,2.401648,0.33028531074523926,0.8861628770828247,0.18344855308532715
YKR036C,YGR261C,0,2.4004292,0.33016452193260193,0.8861628770828247,0.18354874849319458
YPR065W,YDR247W,0,2.3988228,0.33004385232925415,0.8861628770828247,0.18364892899990082
YCR020C,YLR203C,0,2.398373,0.32992327213287354,0.8861628770828247,0.18374912440776825
YKL091C,YPR081C,0,2.3972833,0.3298027813434601,0.8861628770828247,0.18384931981563568
YDL014W,YMR014W,0,2.3968549,0.3296823799610138,0.8861628770828247,0.18394950032234192
YDR051C,YMR106C,0,2.3965337,0.3295620381832123,0.8861628770828247,0.18404969573020935
YNL148C,YDR311W,0,2.396279,0.3294418156147003,0.8861628770828247,0.18414989113807678
YGL008C,YBR238C,0,2.3962736,0.32932165265083313,0.8861628770828247,0.18425007164478302
YGL095C,YDR079W,0,2.3946533,0.3292016088962555,0.8861628770828247,0.18435026705265045
YBR058C-A,YCL031C,0,2.394374,0.32908162474632263,0.8861628770828247,0.18445046246051788
YIL128W,YDR489W,0,2.3942513,0.3289617598056793,0.8861628770828247,0.18455064296722412
YOR064C,YGR074W,0,2.3939443,0.3288419544696808,0.8861628770828247,0.18465083837509155
YBR010W,YDR447C,0,2.3938599,0.3287222385406494,0.8861628770828247,0.18475103378295898
YNL010W,YMR233W,0,2.3926964,0.3286026120185852,0.8861628770828247,0.18485121428966522
YNL283C,YGR036C,0,2.3922143,0.32848307490348816,0.8861628770828247,0.18495140969753265
YKR069W,YLL038C,0,2.3921838,0.3283636271953583,0.8861628770828247,0.18505160510540009
YBR153W,YNL254C,1,2.392004,0.3286077678203583,0.8871442675590515,0.18505160510540009
YJL125C,YLR376C,0,2.3918204,0.32848837971687317,0.8871442675590515,0.18515178561210632
YGR234W,YMR292W,0,2.3916974,0.32836905121803284,0.8871442675590515,0.18525198101997375
YMR316W,YBR227C,0,2.3901808,0.32824981212615967,0.8871442675590515,0.1853521764278412
YOR125C,YLR424W,0,2.390041,0.32813066244125366,0.8871442675590515,0.18545235693454742
YHR003C,YDL058W,0,2.38955,0.3280116021633148,0.8871442675590515,0.18555255234241486
YBR216C,YJR078W,0,2.3881545,0.32789263129234314,0.8871442675590515,0.1856527328491211
YBR021W,YDL133C-A,0,2.3879397,0.3277737498283386,0.8871442675590515,0.18575292825698853
YDR313C,YLL038C,0,2.3872876,0.32765495777130127,0.8871442675590515,0.18585312366485596
YER144C,YAL013W,0,2.3872743,0.3275362253189087,0.8871442675590515,0.1859533041715622
YPR200C,YHR105W,0,2.386754,0.32741761207580566,0.8871442675590515,0.18605349957942963
YEL046C,YNL064C,0,2.3855615,0.3272990584373474,0.8871442675590515,0.18615369498729706
YGR169C,YMR193W,0,2.3852067,0.3271805942058563,0.8871442675590515,0.1862538754940033
YOR275C,YGR028W,0,2.3850558,0.3270622193813324,0.8871442675590515,0.18635407090187073
YML123C,YHR206W,1,2.3840132,0.3273056149482727,0.8881255984306335,0.18635407090187073
YLR426W,YER137C,1,2.3832645,0.3275488018989563,0.8891069889068604,0.18635407090187073
YMR056C,YGR063C,0,2.3832154,0.3274304270744324,0.8891069889068604,0.18645426630973816
YNR017W,YGR261C,0,2.3828068,0.3273121416568756,0.8891069889068604,0.1865544468164444
YDR480W,YDR518W,0,2.3821378,0.327193945646286,0.8891069889068604,0.18665464222431183
YDR520C,YPL268W,0,2.381326,0.3270758092403412,0.8891069889068604,0.18675483763217926
YMR208W,YOR174W,0,2.3808913,0.3269577622413635,0.8891069889068604,0.1868550181388855
YKL201C,YGR154C,0,2.3808327,0.3268398344516754,0.8891069889068604,0.18695521354675293
YMR154C,YOR077W,0,2.3807292,0.3267219662666321,0.8891069889068604,0.18705540895462036
YJL117W,YLR010C,0,2.3802161,0.3266041874885559,0.8891069889068604,0.1871555894613266
YJL207C,YNL116W,0,2.3793893,0.3264864981174469,0.8891069889068604,0.18725578486919403
YDR248C,YHL022C,0,2.3777046,0.32636886835098267,0.8891069889068604,0.18735598027706146
YDR173C,YGR255C,0,2.3769937,0.326251357793808,0.8891069889068604,0.1874561607837677
YDL049C,YOR205C,0,2.3745759,0.3261339068412781,0.8891069889068604,0.18755635619163513
YBR092C,YDR419W,0,2.3744957,0.32601654529571533,0.8891069889068604,0.18765655159950256
YEL055C,YGL174W,0,2.3741736,0.32589927315711975,0.8891069889068604,0.1877567321062088
YKL203C,YLR187W,0,2.3736253,0.32578209042549133,0.8891069889068604,0.18785692751407623
YDR067C,YDR170W-A,0,2.3704152,0.3256649971008301,0.8891069889068604,0.18795712292194366
YPL162C,YJR031C,0,2.370287,0.3255479633808136,0.8891069889068604,0.1880573034286499
YDL194W,YFL062W,0,2.36976,0.32543104887008667,0.8891069889068604,0.18815749883651733
YMR016C,YOL028C,1,2.36831,0.32567325234413147,0.8900883197784424,0.18815749883651733
YGR034W,YPR082C,0,2.3679786,0.32555636763572693,0.8900883197784424,0.18825769424438477
YHR079C,YGR123C,0,2.3678358,0.32543954253196716,0.8900883197784424,0.188357874751091
YHR066W,YPR052C,0,2.3675983,0.32532280683517456,0.8900883197784424,0.18845807015895844
YNL158W,YDR462W,0,2.3674574,0.3252061605453491,0.8900883197784424,0.18855826556682587
YIL073C,YGR148C,0,2.3666048,0.32508960366249084,0.8900883197784424,0.1886584460735321
YMR043W,YMR277W,0,2.3654037,0.32497313618659973,0.8900883197784424,0.18875864148139954
YIL143C,YGL095C,0,2.365154,0.3248567283153534,0.8900883197784424,0.18885883688926697
YJR129C,YDL189W,1,2.3645985,0.32509845495224,0.8910696506500244,0.18885883688926697
YGR274C,YHL018W,0,2.3645048,0.3249821066856384,0.8910696506500244,0.1889590173959732
YGR101W,YPL242C,0,2.3644621,0.32486581802368164,0.8910696506500244,0.18905921280384064
YOR025W,YJL004C,0,2.364318,0.3247496485710144,0.8910696506500244,0.18915940821170807
YER115C,YJL035C,1,2.3616996,0.32499104738235474,0.8920510411262512,0.18915940821170807
YGR227W,YNL291C,0,2.3615544,0.3248749077320099,0.8920510411262512,0.1892595887184143
YDL078C,YHR191C,0,2.360643,0.3247588276863098,0.8920510411262512,0.18935978412628174
YBL092W,YEL061C,0,2.3593116,0.3246428668498993,0.8920510411262512,0.18945997953414917
YCL055W,YJR093C,0,2.3590446,0.32452696561813354,0.8920510411262512,0.1895601600408554
YDR316W,YDL159W,0,2.358573,0.3244111239910126,0.8920510411262512,0.18966035544872284
YOR142W,YDL010W,0,2.3579593,0.32429540157318115,0.8920510411262512,0.18976055085659027
YGR256W,YBR286W,0,2.3578649,0.3241797387599945,0.8920510411262512,0.1898607313632965
YJL137C,YPL259C,0,2.3578415,0.324064165353775,0.8920510411262512,0.18996092677116394
YMR296C,YKR026C,0,2.357295,0.3239486813545227,0.8920510411262512,0.19006112217903137
YEL047C,YBR204C,0,2.3566575,0.32383328676223755,0.8920510411262512,0.1901613026857376
YOR145C,YFL047W,0,2.3564024,0.32371795177459717,0.8920510411262512,0.19026149809360504
YNR018W,YML058W,0,2.3563275,0.32360270619392395,0.8920510411262512,0.19036169350147247
YHR214C-B,YDR211W,0,2.3563042,0.3234875500202179,0.8920510411262512,0.1904618740081787
YGR033C,YDR494W,0,2.354888,0.3233724534511566,0.8920510411262512,0.19056206941604614
YHL008C,YHR031C,0,2.3542576,0.3232574760913849,0.8920510411262512,0.19066226482391357
YIL126W,YIL085C,0,2.3536136,0.32314255833625793,0.8920510411262512,0.1907624453306198
YFL050C,YKL208W,0,2.3534951,0.32302772998809814,0.8920510411262512,0.19086264073848724
YER087C-B,YGR214W,0,2.352197,0.32291296124458313,0.8920510411262512,0.19096283614635468
YIL073C,YFR005C,0,2.351162,0.3227982819080353,0.8920510411262512,0.1910630166530609
YGR211W,YAR014C,1,2.350613,0.3230386972427368,0.8930323719978333,0.1910630166530609
YER180C,YGL136C,1,2.3499455,0.32327893376350403,0.8940137624740601,0.1910630166530609
YOR369C,YGL054C,0,2.3498967,0.3231642544269562,0.8940137624740601,0.19116321206092834
YOR299W,YGR145W,0,2.3497043,0.3230496346950531,0.8940137624740601,0.19126340746879578
YKL203C,YMR231W,0,2.3476307,0.3229351341724396,0.8940137624740601,0.19136358797550201
YDR064W,YHR179W,0,2.3467355,0.3228206932544708,0.8940137624740601,0.19146378338336945
YDR228C,YDR026C,0,2.346639,0.32270634174346924,0.8940137624740601,0.19156397879123688
YLR329W,YAL042W,0,2.3464935,0.3225920796394348,0.8940137624740601,0.19166415929794312
YOL004W,YBR297W,0,2.3456826,0.32247787714004517,0.8940137624740601,0.19176435470581055
YER180C,YNL050C,1,2.3435688,0.3227176368236542,0.8949950933456421,0.19176435470581055
YMR075W,YLR325C,0,2.3433166,0.3226034641265869,0.8949950933456421,0.19186453521251678
YFR005C,YOL113W,0,2.3431911,0.3224893808364868,0.8949950933456421,0.19196473062038422
YPR025C,YER184C,0,2.3419166,0.3223753869533539,0.8949950933456421,0.19206492602825165
YML075C,YGR087C,0,2.3403401,0.3222614824771881,0.8949950933456421,0.19216510653495789
YLR203C,YDL245C,0,2.3396754,0.3221476376056671,0.8949950933456421,0.19226530194282532
YNL061W,YHR047C,0,2.3389287,0.32203391194343567,0.8949950933456421,0.19236549735069275
YBR141C,YBL055C,1,2.3378115,0.3222731947898865,0.8959764242172241,0.19236549735069275
YBL042C,YLL055W,0,2.3367627,0.3221594989299774,0.8959764242172241,0.192465677857399
YLR256W,YHR098C,0,2.3355746,0.32204586267471313,0.8959764242172241,0.19256587326526642
YJR133W,YGL163C,0,2.3355,0.32193228602409363,0.8959764242172241,0.19266606867313385
YNR026C,YBR120C,0,2.335162,0.32181882858276367,0.8959764242172241,0.1927662491798401
YIL010W,YMR293C,0,2.3349667,0.3217054307460785,0.8959764242172241,0.19286644458770752
YBL028C,YPR049C,0,2.333695,0.3215921223163605,0.8959764242172241,0.19296663999557495
YBR061C,YLR287C-A,0,2.3336418,0.32147887349128723,0.8959764242172241,0.1930668205022812
YGL079W,YGR035C,1,2.3329906,0.3217177093029022,0.8969578146934509,0.1930668205022812
YNR004W,YDR116C,0,2.3313956,0.32160449028015137,0.8969578146934509,0.19316701591014862
YLR133W,YNL098C,0,2.3309739,0.32149139046669006,0.8969578146934509,0.19326721131801605
YKL139W,YLR201C,0,2.3305836,0.32137835025787354,0.8969578146934509,0.1933673918247223
YGL059W,YAL009W,0,2.3301096,0.3212653696537018,0.8969578146934509,0.19346758723258972
YJR113C,YGR156W,0,2.3293517,0.3211525082588196,0.8969578146934509,0.19356778264045715
YDR067C,YHR084W,0,2.3290787,0.32103967666625977,0.8969578146934509,0.1936679631471634
YPL024W,YOR243C,0,2.3261652,0.3209269642829895,0.8969578146934509,0.19376815855503082
YBL097W,YDR043C,0,2.3254187,0.320814311504364,0.8969578146934509,0.19386835396289825
YGR096W,YBR048W,0,2.3250751,0.3207017481327057,0.8969578146934509,0.1939685344696045
YER017C,YIL155C,0,2.324983,0.3205892741680145,0.8969578146934509,0.19406872987747192
YPL259C,YPL206C,0,2.3244348,0.32047685980796814,0.8969578146934509,0.19416892528533936
YKL025C,YML081C-A,0,2.3237343,0.3203645348548889,0.8969578146934509,0.1942691057920456
YOR368W,YER069W,0,2.32235,0.32025226950645447,0.8969578146934509,0.19436930119991302
YLR406C,YHL007C,0,2.32231,0.3201400935649872,0.8969578146934509,0.19446949660778046
YBL099W,YOR151C,0,2.32216,0.32002800703048706,0.8969578146934509,0.1945696771144867
YDL043C,YPL121C,0,2.3215241,0.3199160099029541,0.8969578146934509,0.19466987252235413
YNL240C,YCL017C,1,2.3212318,0.32015395164489746,0.897939145565033,0.19466987252235413
YER049W,YDL130W-A,0,2.3203306,0.3200419843196869,0.897939145565033,0.19477006793022156
YAL029C,YNL256W,0,2.3200521,0.3199300765991211,0.897939145565033,0.1948702484369278
YJL157C,YDL059C,0,2.31988,0.31981825828552246,0.897939145565033,0.19497044384479523
YDR239C,YDL159W,0,2.319438,0.3197064995765686,0.897939145565033,0.19507063925266266
YOL057W,YLR450W,0,2.318883,0.3195948302745819,0.897939145565033,0.1951708197593689
YNL064C,YHR081W,0,2.3174365,0.3194832503795624,0.897939145565033,0.19527101516723633
YHR086W,YOL158C,0,2.316927,0.3193717300891876,0.897939145565033,0.19537121057510376
YDR191W,YGR247W,0,2.3158615,0.31926029920578003,0.897939145565033,0.19547139108181
YHL016C,YLR438C-A,0,2.3155975,0.3191489279270172,0.897939145565033,0.19557158648967743
YLR306W,YCR039C,0,2.3154573,0.31903764605522156,0.897939145565033,0.19567178189754486
YDR472W,YPL255W,0,2.3154042,0.31892645359039307,0.897939145565033,0.1957719624042511
YBL089W,YAL020C,0,2.3142881,0.31881532073020935,0.897939145565033,0.19587215781211853
YHR135C,YEL015W,0,2.3139424,0.3187042772769928,0.897939145565033,0.19597235321998596
YNL284C,YML094W,0,2.3137083,0.3185933232307434,0.897939145565033,0.1960725337266922
YBR195C,YDR409W,0,2.3134904,0.3184824287891388,0.897939145565033,0.19617272913455963
YER104W,YNL095C,0,2.3134725,0.31837159395217896,0.897939145565033,0.19627292454242706
YBR221C,YKR069W,0,2.3133261,0.31826087832450867,0.897939145565033,0.1963731050491333
YLR341W,YOR010C,0,2.3130054,0.31815022230148315,0.897939145565033,0.19647330045700073
YNL107W,YDR379W,0,2.3129783,0.3180396258831024,0.897939145565033,0.19657349586486816
YOR073W,YOL147C,0,2.3129778,0.31792911887168884,0.897939145565033,0.1966736763715744
YBR105C,YDL148C,0,2.3099933,0.31781870126724243,0.897939145565033,0.19677387177944183
YGL010W,YDR402C,0,2.3074107,0.3177083432674408,0.897939145565033,0.19687406718730927
YDR393W,YLR307W,0,2.3071487,0.31759804487228394,0.897939145565033,0.1969742476940155
YGL046W,YMR182C,0,2.3064005,0.3174878656864166,0.897939145565033,0.19707444310188293
YGL112C,YDR529C,0,2.305151,0.3173777461051941,0.897939145565033,0.19717463850975037
YNL052W,YDR255C,0,2.30515,0.31726768612861633,0.897939145565033,0.1972748190164566
YGL050W,YEL042W,0,2.303996,0.31715771555900574,0.897939145565033,0.19737501442432404
YPL022W,YPL113C,0,2.3031192,0.3170478045940399,0.897939145565033,0.19747520983219147
YER119C,YHL032C,0,2.3029847,0.31693798303604126,0.897939145565033,0.1975753903388977
YMR089C,YLR300W,0,2.3020098,0.31682825088500977,0.897939145565033,0.19767558574676514
YOL140W,YDR088C,0,2.3012962,0.31671857833862305,0.897939145565033,0.19777578115463257
YKR029C,YPR066W,0,2.3010485,0.3166089951992035,0.897939145565033,0.1978759616613388
YAL012W,YBR271W,0,2.3008323,0.3164994716644287,0.897939145565033,0.19797615706920624
YGR158C,YJR026W,0,2.3006787,0.3163900375366211,0.897939145565033,0.19807635247707367
YHR072W,YDR047W,0,2.299022,0.31628066301345825,0.897939145565033,0.1981765329837799
YDR083W,YPR204W,0,2.2986057,0.3161713778972626,0.897939145565033,0.19827672839164734
YMR260C,YBR257W,0,2.2975507,0.31606218218803406,0.897939145565033,0.19837690889835358
YHR209W,YML130C,0,2.2974758,0.3159530460834503,0.897939145565033,0.198477104306221
YIL044C,YBR161W,0,2.296074,0.31584396958351135,0.897939145565033,0.19857729971408844
YJR004C,YPR083W,0,2.2953084,0.31573498249053955,0.897939145565033,0.19867748022079468
YEL043W,YML008C,0,2.2950802,0.3156260848045349,0.897939145565033,0.1987776756286621
YIL131C,YLR307W,0,2.2931979,0.31551724672317505,0.897939145565033,0.19887787103652954
YCR052W,YPL019C,0,2.2930331,0.31540846824645996,0.897939145565033,0.19897805154323578
YAL032C,YCR060W,0,2.2925396,0.31529977917671204,0.897939145565033,0.1990782469511032
YKL190W,YJL066C,0,2.2918746,0.3151911795139313,0.897939145565033,0.19917844235897064
YPR023C,YMR054W,0,2.2908006,0.3150826394557953,0.897939145565033,0.19927862286567688
YPL108W,YDR188W,1,2.2907314,0.31531840562820435,0.8989205360412598,0.19927862286567688
YLR110C,YPL160W,0,2.2901833,0.31520992517471313,0.8989205360412598,0.1993788182735443
YER073W,YIL027C,0,2.2896771,0.3151014745235443,0.8989205360412598,0.19947901368141174
YOL120C,YER111C,0,2.2895885,0.31499311327934265,0.8989205360412598,0.19957919418811798
YML006C,YPL188W,0,2.2893627,0.31488484144210815,0.8989205360412598,0.1996793895959854
YCR071C,YBL064C,0,2.2890146,0.31477662920951843,0.8989205360412598,0.19977958500385284
YMR024W,YIL084C,0,2.2889524,0.3146685063838959,0.8989205360412598,0.19987976551055908
YDL205C,YPR125W,1,2.288413,0.3149038553237915,0.8999018669128418,0.19987976551055908
YBR037C,YCL047C,0,2.2878346,0.31479573249816895,0.8999018669128418,0.1999799609184265
YBR248C,YGR035C,1,2.285813,0.31503087282180786,0.9008831977844238,0.1999799609184265
YDR388W,YBR299W,0,2.2857602,0.3149228096008301,0.9008831977844238,0.20008015632629395
YMR115W,YKR105C,0,2.28575,0.31481480598449707,0.9008831977844238,0.20018033683300018
YOR085W,YDR322C-A,0,2.2844553,0.3147068917751312,0.9008831977844238,0.20028053224086761
YHR027C,YOL130W,0,2.284204,0.31459903717041016,0.9008831977844238,0.20038072764873505
YOR171C,YGR255C,0,2.2837682,0.31449127197265625,0.9008831977844238,0.20048090815544128
YKL206C,YIL047C,0,2.2835214,0.3143835663795471,0.9008831977844238,0.20058110356330872
YOR237W,YNL307C,0,2.2832477,0.31427592039108276,0.9008831977844238,0.20068129897117615
YOR150W,YMR303C,0,2.282382,0.31416836380958557,0.9008831977844238,0.20078147947788239
YBR166C,YDR393W,0,2.281796,0.31406089663505554,0.9008831977844238,0.20088167488574982
YOR231W,YLR154C,0,2.2817736,0.3139534890651703,0.9008831977844238,0.20098187029361725
YGR061C,YKL120W,0,2.279451,0.3138461410999298,0.9008831977844238,0.2010820508003235
YMR030W,YHR002W,0,2.2794404,0.3137388825416565,0.9008831977844238,0.20118224620819092
YFL038C,YER014C-A,0,2.2785323,0.31363171339035034,0.9008831977844238,0.20128244161605835
YJR013W,YGR134W,0,2.2783852,0.31352460384368896,0.9008831977844238,0.2013826221227646
YPL095C,YBR214W,0,2.275867,0.31341755390167236,0.9008831977844238,0.20148281753063202
YPL139C,YPL129W,0,2.2757137,0.3133105933666229,0.9008831977844238,0.20158301293849945
YDR248C,YEL012W,0,2.2756717,0.31320369243621826,0.9008831977844238,0.2016831934452057
YGL234W,YER018C,0,2.275482,0.3130968511104584,0.9008831977844238,0.20178338885307312
YMR305C,YGR158C,0,2.275115,0.31299009919166565,0.9008831977844238,0.20188358426094055
YOL028C,YJR021C,0,2.2739444,0.3128834366798401,0.9008831977844238,0.2019837647676468
YNL240C,YJR042W,1,2.2736716,0.31311753392219543,0.9018645882606506,0.2019837647676468
YHR200W,YBR247C,0,2.2729626,0.31301090121269226,0.9018645882606506,0.20208396017551422
YBR142W,YGR134W,0,2.272373,0.31290432810783386,0.9018645882606506,0.20218415558338165
YMR315W,YBR204C,0,2.2707722,0.31279781460762024,0.9018645882606506,0.2022843360900879
YKL167C,YBR126C,0,2.2690551,0.3126913905143738,0.9018645882606506,0.20238453149795532
YOL107W,YPR091C,0,2.2671893,0.3125850260257721,0.9018645882606506,0.20248472690582275
YAL013W,YKL012W,0,2.266895,0.3124787509441376,0.9018645882606506,0.202584907412529
YDR017C,YLR103C,0,2.2666116,0.3123725354671478,0.9018645882606506,0.20268510282039642
YKL096W-A,YAR008W,0,2.264512,0.31226640939712524,0.9018645882606506,0.20278529822826385
YOR106W,YCL011C,0,2.262457,0.31216031312942505,0.9018645882606506,0.2028854787349701
YIL126W,YGR277C,0,2.2624106,0.3120543360710144,0.9018645882606506,0.20298567414283752
YIR017C,YDR314C,0,2.2621644,0.31194841861724854,0.9018645882606506,0.20308586955070496
YOR100C,YOL003C,0,2.2609508,0.31184256076812744,0.9018645882606506,0.2031860500574112
YDL156W,YJL170C,0,2.2608511,0.3117367625236511,0.9018645882606506,0.20328624546527863
YBL103C,YJL225C,0,2.260348,0.31163105368614197,0.9018645882606506,0.20338644087314606
YML014W,YLR105C,0,2.2600389,0.3115254342556,0.9018645882606506,0.2034866213798523
YJR083C,YER069W,0,2.2583232,0.31141984462738037,0.9018645882606506,0.20358681678771973
YIL136W,YBR287W,0,2.257473,0.3113143742084503,0.9018645882606506,0.20368701219558716
YKL022C,YDR457W,0,2.2536755,0.31120893359184265,0.9018645882606506,0.2037871927022934
YGL207W,YIL157C,0,2.2532773,0.31110358238220215,0.9018645882606506,0.20388738811016083
YER091C,YMR012W,0,2.2532663,0.3109983205795288,0.9018645882606506,0.20398758351802826
YJL100W,YLR016C,0,2.2523332,0.31089308857917786,0.9018645882606506,0.2040877640247345
YER164W,YGR292W,0,2.2519832,0.31078794598579407,0.9018645882606506,0.20418795943260193
YMR014W,YDR144C,0,2.251929,0.31068289279937744,0.9018645882606506,0.20428815484046936
YDR137W,YOR020C,0,2.2518578,0.3105778992176056,0.9018645882606506,0.2043883353471756
YMR268C,YDL130W,0,2.2517939,0.3104729652404785,0.9018645882606506,0.20448853075504303
YMR256C,YOR275C,0,2.2509494,0.3103681206703186,0.9018645882606506,0.20458871126174927
YPL081W,YDL047W,0,2.2508142,0.31026333570480347,0.9018645882606506,0.2046889066696167
YPR001W,YER125W,0,2.249841,0.3101586103439331,0.9018645882606506,0.20478910207748413
YNR050C,YHR184W,0,2.2498403,0.3100539743900299,0.9018645882606506,0.20488928258419037
YPL144W,YKL199C,0,2.2498252,0.3099493980407715,0.9018645882606506,0.2049894779920578
YJL187C,YLR467W,0,2.2496467,0.3098449110984802,0.9018645882606506,0.20508967339992523
YOR201C,YHR058C,1,2.2495575,0.3100775182247162,0.9028459191322327,0.20508967339992523
YOR306C,YNL082W,0,2.2493587,0.3099730312824249,0.9028459191322327,0.20518985390663147
YLR380W,YLR008C,0,2.2481415,0.30986863374710083,0.9028459191322327,0.2052900493144989
YLR201C,YLR226W,0,2.2477078,0.3097642958164215,0.9028459191322327,0.20539024472236633
YDR329C,YPL042C,0,2.247582,0.30966004729270935,0.9028459191322327,0.20549042522907257
YIR011C,YLR238W,0,2.2473836,0.30955585837364197,0.9028459191322327,0.20559062063694
YDL080C,YPL242C,0,2.2467675,0.30945172905921936,0.9028459191322327,0.20569081604480743
YMR100W,YBR217W,0,2.2451425,0.3093476891517639,0.9028459191322327,0.20579099655151367
YGL089C,YGR220C,0,2.2441015,0.30924370884895325,0.9028459191322327,0.2058911919593811
YLR028C,YKR039W,0,2.2434464,0.30913978815078735,0.9028459191322327,0.20599138736724854
YGR206W,YNL095C,0,2.2433803,0.3090359568595886,0.9028459191322327,0.20609156787395477
YOR150W,YGL106W,0,2.2420566,0.3089321553707123,0.9028459191322327,0.2061917632818222
YHR176W,YEL052W,0,2.2406557,0.3088284730911255,0.9028459191322327,0.20629195868968964
YLR453C,YMR017W,0,2.239272,0.3087248206138611,0.9028459191322327,0.20639213919639587
YKL116C,YBL042C,0,2.2389562,0.30862125754356384,0.9028459191322327,0.2064923346042633
YBR265W,YIL049W,0,2.2385912,0.30851778388023376,0.9028459191322327,0.20659253001213074
YJL041W,YMR115W,0,2.2375703,0.3084143400192261,0.9028459191322327,0.20669271051883698
YDR294C,YIR007W,0,2.2373981,0.30831098556518555,0.9028459191322327,0.2067929059267044
YER017C,YPL276W,0,2.2367527,0.3082076907157898,0.9028459191322327,0.20689310133457184
YGL232W,YLR419W,1,2.235896,0.30843937397003174,0.9038273096084595,0.20689310133457184
YDR298C,YER014C-A,0,2.235851,0.3083361089229584,0.9038273096084595,0.20699328184127808
YDR352W,YDL030W,1,2.2357435,0.308567613363266,0.9048086404800415,0.20699328184127808
YAL032C,YLL054C,0,2.2335413,0.308464378118515,0.9048086404800415,0.2070934772491455
YER111C,YFL047W,0,2.2327743,0.3083612024784088,0.9048086404800415,0.20719367265701294
YHR069C,YKL144C,0,2.2327085,0.3082581162452698,0.9048086404800415,0.20729385316371918
YCL066W,YJL140W,0,2.2324996,0.3081550896167755,0.9048086404800415,0.2073940485715866
YML032C,YIL074C,0,2.2308302,0.308052122592926,0.9048086404800415,0.20749424397945404
YPR020W,YJL191W,0,2.226366,0.3079492449760437,0.9048086404800415,0.20759442448616028
YFL050C,YDR279W,0,2.2258837,0.30784639716148376,0.9048086404800415,0.2076946198940277
YOL057W,YJL011C,0,2.2258217,0.3077436685562134,0.9048086404800415,0.20779481530189514
YOL066C,YER131W,0,2.2247787,0.3076409697532654,0.9048086404800415,0.20789499580860138
YDR383C,YKR068C,0,2.2240782,0.30753836035728455,0.9048086404800415,0.2079951912164688
YBL034C,YBL055C,0,2.2231672,0.3074358105659485,0.9048086404800415,0.20809538662433624
YGR218W,YLR201C,0,2.222639,0.3073333203792572,0.9048086404800415,0.20819556713104248
YOR377W,YGL169W,0,2.222209,0.3072309195995331,0.9048086404800415,0.2082957625389099
YPL012W,YHR045W,0,2.221911,0.30712857842445374,0.9048086404800415,0.20839595794677734
YGR169C,YGL048C,0,2.2210846,0.30702629685401917,0.9048086404800415,0.20849613845348358
YGL162W,YKL199C,0,2.2208943,0.30692410469055176,0.9048086404800415,0.208596333861351
YDR453C,YER048C,0,2.2204294,0.3068219721317291,0.9048086404800415,0.20869652926921844
YCL066W,YPL072W,0,2.2198186,0.30671989917755127,0.9048086404800415,0.20879670977592468
YHR167W,YGL134W,0,2.2188947,0.3066178858280182,0.9048086404800415,0.20889690518379211
YFR036W,YJR092W,0,2.2175875,0.30651596188545227,0.9048086404800415,0.20899710059165955
YLR042C,YNL257C,0,2.2170942,0.30641409754753113,0.9048086404800415,0.20909728109836578
YHL012W,YNR067C,0,2.2170088,0.30631229281425476,0.9048086404800415,0.20919747650623322
YHL012W,YOL066C,1,2.2155592,0.30654266476631165,0.9057899713516235,0.20919747650623322
YPR073C,YPL230W,0,2.2150693,0.30644088983535767,0.9057899713516235,0.20929767191410065
YOR197W,YDL236W,0,2.213841,0.30633920431137085,0.9057899713516235,0.20939785242080688
YGL137W,YCL047C,0,2.2133012,0.3062375485897064,0.9057899713516235,0.20949804782867432
YDR421W,YOL049W,0,2.2129061,0.30613598227500916,0.9057899713516235,0.20959824323654175
YOR304W,YOR217W,0,2.2127264,0.30603447556495667,0.9057899713516235,0.20969842374324799
YDR296W,YKR065C,0,2.2120037,0.30593305826187134,0.9057899713516235,0.20979861915111542
YDR481C,YIL048W,0,2.2118387,0.3058316707611084,0.9057899713516235,0.20989881455898285
YER115C,YOR057W,0,2.2108874,0.3057303726673126,0.9057899713516235,0.2099989950656891
YKL137W,YDR291W,0,2.2103996,0.3056291341781616,0.9057899713516235,0.21009919047355652
YLR256W,YPL204W,0,2.2095346,0.3055279850959778,0.9057899713516235,0.21019938588142395
YPR030W,YMR094W,0,2.2090635,0.30542686581611633,0.9057899713516235,0.2102995663881302
YGL029W,YJL062W,0,2.2087111,0.30532583594322205,0.9057899713516235,0.21039976179599762
YDR088C,YOR025W,0,2.2048583,0.30522486567497253,0.9057899713516235,0.21049995720386505
YDL030W,YDL059C,0,2.204816,0.3051239550113678,0.9057899713516235,0.2106001377105713
YLR040C,YIL084C,0,2.204785,0.3050231337547302,0.9057899713516235,0.21070033311843872
YDR541C,YPL112C,0,2.204754,0.3049223721027374,0.9057899713516235,0.21080051362514496
YNR027W,YMR235C,0,2.2043204,0.3048216700553894,0.9057899713516235,0.2109007090330124
YOL067C,YJR099W,0,2.2035453,0.30472102761268616,0.9057899713516235,0.21100090444087982
YOR054C,YFR008W,0,2.2033343,0.3046204745769501,0.9057899713516235,0.21110108494758606
YDR473C,YLR009W,0,2.2030864,0.3045199513435364,0.9057899713516235,0.2112012803554535
YBL046W,YLR226W,0,2.2008915,0.30441951751708984,0.9057899713516235,0.21130147576332092
YGR195W,YOR141C,0,2.2007954,0.3043191432952881,0.9057899713516235,0.21140165627002716
YGR264C,YDL127W,0,2.2003713,0.3042188584804535,0.9057899713516235,0.2115018516778946
YHL004W,YCR087C-A,0,2.1995866,0.3041186034679413,0.9057899713516235,0.21160204708576202
YJR135W-A,YNL256W,0,2.1981053,0.30401843786239624,0.9057899713516235,0.21170222759246826
YAL061W,YIL121W,0,2.1961918,0.30391833186149597,0.9057899713516235,0.2118024230003357
YNL129W,YER144C,0,2.1955996,0.30381831526756287,0.9057899713516235,0.21190261840820312
YGR035C,YPL212C,1,2.1945317,0.3040473759174347,0.9067713618278503,0.21190261840820312
YPL131W,YFL017W-A,0,2.1940527,0.3039473593235016,0.9067713618278503,0.21200279891490936
YOR080W,YNL153C,0,2.1937926,0.30384743213653564,0.9067713618278503,0.2121029943227768
YMR042W,YOR328W,0,2.193511,0.3037475347518921,0.9067713618278503,0.21220318973064423
YLR440C,YIL079C,0,2.1931171,0.3036477267742157,0.9067713618278503,0.21230337023735046
YJR060W,YPR178W,0,2.192727,0.3035479485988617,0.9067713618278503,0.2124035656452179
YER138C,YIL150C,0,2.1924865,0.30344828963279724,0.9067713618278503,0.21250376105308533
YOR337W,YIL133C,0,2.1916485,0.3033486604690552,0.9067713618278503,0.21260394155979156
YDL227C,YGR113W,0,2.1911783,0.3032490909099579,0.9067713618278503,0.212704136967659
YNL245C,YLR233C,0,2.191033,0.30314961075782776,0.9067713618278503,0.21280433237552643
YBL084C,YLR222C,0,2.190262,0.3030501902103424,0.9067713618278503,0.21290451288223267
YHR021C,YNR015W,0,2.1897273,0.30295082926750183,0.9067713618278503,0.2130047082901001
YKL084W,YER168C,1,2.1895742,0.3031792938709259,0.9077526926994324,0.2130047082901001
YDR487C,YBR228W,0,2.1883945,0.3030799329280853,0.9077526926994324,0.21310490369796753
YIL172C,YPR028W,0,2.1876407,0.3029806613922119,0.9077526926994324,0.21320508420467377
YKL028W,YBR281C,0,2.184803,0.30288147926330566,0.9077526926994324,0.2133052796125412
YMR159C,YPR160W,0,2.1843586,0.3027823269367218,0.9077526926994324,0.21340547502040863
YDL120W,YDL239C,0,2.1807697,0.3026832342147827,0.9077526926994324,0.21350565552711487
YIL111W,YLR208W,0,2.180265,0.3025842308998108,0.9077526926994324,0.2136058509349823
YPL030W,YER060W,1,2.1789453,0.3028123080730438,0.9087340235710144,0.2136058509349823
YGR263C,YIL070C,0,2.1777925,0.3027133047580719,0.9087340235710144,0.21370604634284973
YCR096C,YDL213C,0,2.177576,0.30261439085006714,0.9087340235710144,0.21380622684955597
YPL128C,YPR052C,0,2.1772656,0.30251550674438477,0.9087340235710144,0.2139064222574234
YML131W,YGL011C,0,2.1771903,0.30241671204566956,0.9087340235710144,0.21400661766529083
YER019W,YMR047C,0,2.17696,0.3023179769515991,0.9087340235710144,0.21410679817199707
YBL097W,YKR104W,0,2.1749501,0.30221933126449585,0.9087340235710144,0.2142069935798645
YBR118W,YJR077C,0,2.174117,0.30212071537971497,0.9087340235710144,0.21430718898773193
YHR104W,YKL157W,0,2.1740613,0.30202218890190125,0.9087340235710144,0.21440736949443817
YJL143W,YLL003W,0,2.1736188,0.3019236922264099,0.9087340235710144,0.2145075649023056
YMR244C-A,YBL066C,0,2.1736171,0.30182528495788574,0.9087340235710144,0.21460776031017303
YER115C,YER180C,1,2.1735716,0.3020527958869934,0.9097154140472412,0.21460776031017303
YOR353C,YOR231W,0,2.1730616,0.30195438861846924,0.9097154140472412,0.21470794081687927
YDR229W,YER014C-A,0,2.171595,0.30185607075691223,0.9097154140472412,0.2148081362247467
YGR035C,YER075C,1,2.1712134,0.3020833432674408,0.9106967449188232,0.2148081362247467
YDR115W,YJR076C,0,2.1707714,0.3019850254058838,0.9106967449188232,0.21490833163261414
YDR508C,YOR007C,0,2.1706975,0.30188679695129395,0.9106967449188232,0.21500851213932037
YLR386W,YDR478W,0,2.1705904,0.3017886281013489,0.9106967449188232,0.2151087075471878
YJL143W,YDL174C,0,2.1697736,0.3016905188560486,0.9106967449188232,0.21520890295505524
YPL151C,YPL099C,0,2.16976,0.30159246921539307,0.9106967449188232,0.21530908346176147
YKL022C,YCR057C,0,2.168538,0.3014944791793823,0.9106967449188232,0.2154092788696289
YDR351W,YNL152W,0,2.1661894,0.30139654874801636,0.9106967449188232,0.21550947427749634
YNL039W,YOR308C,0,2.1639094,0.30129870772361755,0.9106967449188232,0.21560965478420258
YGL021W,YMR303C,0,2.163493,0.30120089650154114,0.9106967449188232,0.21570985019207
YPL127C,YGR036C,0,2.1634884,0.3011031746864319,0.9106967449188232,0.21581004559993744
YJR025C,YJL101C,0,2.1631277,0.3010055124759674,0.9106967449188232,0.21591022610664368
YLR192C,YLL003W,0,2.16254,0.3009079098701477,0.9106967449188232,0.2160104215145111
YMR117C,YCR034W,0,2.162342,0.3008103668689728,0.9106967449188232,0.21611061692237854
YLR078C,YJR064W,0,2.1619022,0.3007128834724426,0.9106967449188232,0.21621079742908478
YBR084C-A,YJR135W-A,0,2.1612215,0.30061548948287964,0.9106967449188232,0.2163109928369522
YOR307C,YIL094C,0,2.1606317,0.30051812529563904,0.9106967449188232,0.21641118824481964
YJR013W,YGR121C,0,2.1583025,0.3004208505153656,0.9106967449188232,0.21651136875152588
YML095C,YPR042C,0,2.1579444,0.30032363533973694,0.9106967449188232,0.2166115641593933
YKR030W,YDL171C,0,2.1573224,0.30022644996643066,0.9106967449188232,0.21671175956726074
YDR499W,YLL034C,0,2.1566305,0.30012935400009155,0.9106967449188232,0.21681194007396698
YLR151C,YIR034C,0,2.1558604,0.3000323176383972,0.9106967449188232,0.2169121354818344
YDR330W,YLL010C,0,2.153843,0.29993537068367004,0.9106967449188232,0.21701231598854065
YOR388C,YML130C,0,2.1520085,0.29983845353126526,0.9106967449188232,0.21711251139640808
YDR006C,YGR035C,0,2.1511931,0.29974159598350525,0.9106967449188232,0.2172127068042755
YPR113W,YJL042W,0,2.1511562,0.2996448278427124,0.9106967449188232,0.21731288731098175
YCL075W,YLR343W,0,2.151043,0.29954808950424194,0.9106967449188232,0.21741308271884918
YMR128W,YJR006W,0,2.1495245,0.29945144057273865,0.9106967449188232,0.2175132781267166
YML071C,YJR152W,0,2.149355,0.2993548512458801,0.9106967449188232,0.21761345863342285
YER075C,YER070W,0,2.1491241,0.299258291721344,0.9106967449188232,0.21771365404129028
YNL240C,YGR024C,1,2.1484225,0.2994841933250427,0.91167813539505,0.21771365404129028
YKL095W,YLL043W,0,2.1480546,0.29938769340515137,0.91167813539505,0.21781384944915771
YDL192W,YGR145W,0,2.1480067,0.2992912232875824,0.91167813539505,0.21791402995586395
YBR058C-A,YER118C,0,2.1479876,0.2991948425769806,0.91167813539505,0.21801422536373138
YLR362W,YBR213W,0,2.147428,0.29909852147102356,0.91167813539505,0.21811442077159882
YNR017W,YPR166C,0,2.146552,0.2990022599697113,0.91167813539505,0.21821460127830505
YKL184W,YDL104C,0,2.145568,0.2989060580730438,0.91167813539505,0.21831479668617249
YCL014W,YJL090C,0,2.145275,0.2988099157810211,0.91167813539505,0.21841499209403992
YKL166C,YBR176W,0,2.145204,0.2987138330936432,0.91167813539505,0.21851517260074615
YPR025C,YCR096C,0,2.1450176,0.29861781001091003,0.91167813539505,0.2186153680086136
YNL185C,YDR265W,0,2.1444497,0.29852184653282166,0.91167813539505,0.21871556341648102
YDR376W,YGR185C,0,2.144405,0.29842594265937805,0.91167813539505,0.21881574392318726
YGR026W,YJL141C,0,2.144275,0.2983301281929016,0.91167813539505,0.2189159393310547
YGR052W,YJL106W,0,2.1435087,0.29823434352874756,0.91167813539505,0.21901613473892212
YPL175W,YLR426W,1,2.1425905,0.29845955967903137,0.9126594662666321,0.21901613473892212
YGR034W,YMR198W,0,2.1423151,0.2983638048171997,0.9126594662666321,0.21911631524562836
YDR144C,YAL043C,0,2.1421537,0.2982681095600128,0.9126594662666321,0.2192165106534958
YNR015W,YPL158C,0,2.1419442,0.2981725037097931,0.9126594662666321,0.21931670606136322
YJL200C,YER154W,0,2.141938,0.29807692766189575,0.9126594662666321,0.21941688656806946
YER073W,YPL047W,0,2.141834,0.2979814112186432,0.9126594662666321,0.2195170819759369
YBR221C,YGL148W,0,2.141232,0.2978859841823578,0.9126594662666321,0.21961727738380432
YDL075W,YGL245W,0,2.1411214,0.2977905869483948,0.9126594662666321,0.21971745789051056
YKL181W,YPL174C,0,2.1404016,0.29769524931907654,0.9126594662666321,0.219817653298378
YIL044C,YGL158W,0,2.1399775,0.29760000109672546,0.9126594662666321,0.21991784870624542
YLL027W,YER113C,0,2.1394675,0.29750481247901917,0.9126594662666321,0.22001802921295166
YML071C,YOL155C,0,2.139089,0.29740965366363525,0.9126594662666321,0.2201182246208191
YML071C,YOL094C,0,2.1389503,0.2973145842552185,0.9126594662666321,0.22021842002868652
YJL056C,YNL008C,0,2.1385477,0.29721954464912415,0.9126594662666321,0.22031860053539276
YER060W,YPR125W,1,2.1377788,0.29744407534599304,0.9136407971382141,0.22031860053539276
YDR283C,YGL184C,0,2.1372457,0.29734909534454346,0.9136407971382141,0.2204187959432602
YHR085W,YPR200C,0,2.1367862,0.29725414514541626,0.9136407971382141,0.22051899135112762
YDL171C,YNR043W,0,2.1363635,0.2971592843532562,0.9136407971382141,0.22061917185783386
YLR038C,YOR080W,0,2.1362567,0.2970644533634186,0.9136407971382141,0.2207193672657013
YPL192C,YNR051C,0,2.1359587,0.2969697117805481,0.9136407971382141,0.22081956267356873
YDR239C,YJR137C,0,2.135109,0.296875,0.9136407971382141,0.22091974318027496
YGL170C,YDR188W,1,2.1339798,0.29709914326667786,0.9146221876144409,0.22091974318027496
YMR297W,YBR199W,0,2.1335728,0.29700446128845215,0.9146221876144409,0.2210199385881424
YOR017W,YCL069W,0,2.1331027,0.2969098389148712,0.9146221876144409,0.22112013399600983
YGR026W,YDR072C,0,2.1329088,0.29681527614593506,0.9146221876144409,0.22122031450271606
YMR115W,YDL020C,0,2.1312346,0.29672080278396606,0.9146221876144409,0.2213205099105835
YGR012W,YBR020W,0,2.1306884,0.29662635922431946,0.9146221876144409,0.22142070531845093
YOR388C,YDL202W,0,2.129099,0.2965319752693176,0.9146221876144409,0.22152088582515717
YBR161W,YLR151C,0,2.1289835,0.29643765091896057,0.9146221876144409,0.2216210812330246
YPL089C,YJL176C,0,2.1282234,0.2963434159755707,0.9146221876144409,0.22172127664089203
YJR075W,YEL064C,0,2.1270645,0.2962492108345032,0.9146221876144409,0.22182145714759827
YNL290W,YNR073C,0,2.1259904,0.29615506529808044,0.9146221876144409,0.2219216525554657
YDL215C,YDL138W,0,2.125539,0.2960609793663025,0.9146221876144409,0.22202184796333313
YKL093W,YPL276W,0,2.1248682,0.2959669828414917,0.9146221876144409,0.22212202847003937
YML009C,YMR176W,0,2.121306,0.2958730161190033,0.9146221876144409,0.2222222238779068
YOL067C,YGR238C,0,2.1208584,0.29577910900115967,0.9146221876144409,0.22232241928577423
YNL153C,YEL016C,0,2.1208186,0.2956852912902832,0.9146221876144409,0.22242259979248047
YPR140W,YGL119W,0,2.119534,0.2955915033817291,0.9146221876144409,0.2225227952003479
YPL003W,YDR534C,0,2.115807,0.2954977750778198,0.9146221876144409,0.22262299060821533
YPL069C,YFL047W,0,2.1146848,0.2954041063785553,0.9146221876144409,0.22272317111492157
YHR132C,YGR203W,0,2.113358,0.29531052708625793,0.9146221876144409,0.222823366522789
YDR294C,YIL125W,0,2.1129818,0.29521697759628296,0.9146221876144409,0.22292356193065643
YGR162W,YGR271C-A,0,2.112903,0.29512348771095276,0.9146221876144409,0.22302374243736267
YJL117W,YBR079C,0,2.111073,0.2950300872325897,0.9146221876144409,0.2231239378452301
YGR101W,YLR213C,0,2.1104774,0.2949367165565491,0.9146221876144409,0.22322413325309753
YLL033W,YER018C,0,2.110058,0.2948434054851532,0.9146221876144409,0.22332431375980377
YNR040W,YOR037W,0,2.1099637,0.2947501540184021,0.9146221876144409,0.2234245091676712
YCR052W,YDR291W,0,2.109476,0.2946569621562958,0.9146221876144409,0.22352468967437744
YPL122C,YML008C,0,2.1091712,0.29456382989883423,0.9146221876144409,0.22362488508224487
YAL021C,YNL191W,0,2.1078386,0.29447078704833984,0.9146221876144409,0.2237250804901123
YPL086C,YER127W,1,2.107161,0.29469361901283264,0.915603518486023,0.2237250804901123
YNL312W,YHR124W,0,2.1065254,0.29460057616233826,0.915603518486023,0.22382526099681854
YBR022W,YAR050W,0,2.1064668,0.29450756311416626,0.915603518486023,0.22392545640468597
YPL081W,YBL046W,0,2.105658,0.2944146394729614,0.915603518486023,0.2240256518125534
YMR025W,YDL045W-A,0,2.1040494,0.29432177543640137,0.915603518486023,0.22412583231925964
YJL133W,YNR060W,0,2.102854,0.2942289412021637,0.915603518486023,0.22422602772712708
YBR055C,YMR100W,0,2.1024852,0.2941361963748932,0.915603518486023,0.2243262231349945
YPL119C,YOR386W,0,2.1019497,0.29404348134994507,0.915603518486023,0.22442640364170074
YDR285W,YMR052W,0,2.1007063,0.2939508557319641,0.915603518486023,0.22452659904956818
YNL323W,YGR172C,0,2.100606,0.29385825991630554,0.915603518486023,0.2246267944574356
YBL041W,YPL065W,0,2.100181,0.29376575350761414,0.915603518486023,0.22472697496414185
YBR135W,YDR338C,0,2.1000426,0.2936732769012451,0.915603518486023,0.22482717037200928
YDR101C,YLR141W,0,2.0994778,0.2935808598995209,0.915603518486023,0.2249273657798767
YPL091W,YKL180W,0,2.099085,0.2934885323047638,0.915603518486023,0.22502754628658295
YDR228C,YFL008W,0,2.0985699,0.2933962345123291,0.915603518486023,0.22512774169445038
YJL025W,YOR204W,0,2.097232,0.2933039963245392,0.915603518486023,0.2252279371023178
YBR072W,YDR253C,0,2.0971584,0.29321181774139404,0.915603518486023,0.22532811760902405
YNL088W,YPR138C,0,2.0970826,0.2931196987628937,0.915603518486023,0.22542831301689148
YGL043W,YLR372W,0,2.0956264,0.2930276393890381,0.915603518486023,0.2255285084247589
YER083C,YLR191W,0,2.0947814,0.29293563961982727,0.915603518486023,0.22562868893146515
YGR098C,YEL065W,0,2.093436,0.29284369945526123,0.915603518486023,0.22572888433933258
YER045C,YBL018C,0,2.0922222,0.29275181889533997,0.915603518486023,0.2258290797472
YCL033C,YMR282C,0,2.091844,0.2926599681377411,0.915603518486023,0.22592926025390625
YHR143W-A,YBL021C,0,2.0907593,0.2925682067871094,0.915603518486023,0.22602945566177368
YDL126C,YKL085W,0,2.0896857,0.29247647523880005,0.915603518486023,0.2261296510696411
YDR240C,YOR128C,0,2.089657,0.2923848330974579,0.915603518486023,0.22622983157634735
YMR278W,YIR014W,0,2.0895388,0.2922932207584381,0.915603518486023,0.22633002698421478
YKL074C,YIL129C,0,2.0887551,0.2922016978263855,0.915603518486023,0.22643022239208221
YPR125W,YFR031C,0,2.0882592,0.2921102046966553,0.915603518486023,0.22653040289878845
YPR054W,YPR166C,0,2.0880158,0.2920187711715698,0.915603518486023,0.22663059830665588
YLR208W,YJL121C,0,2.0876975,0.29192739725112915,0.915603518486023,0.22673079371452332
YLR390W,YKL024C,0,2.087687,0.29183608293533325,0.915603518486023,0.22683097422122955
YMR026C,YJR070C,0,2.0867941,0.29174482822418213,0.915603518486023,0.22693116962909698
YLR174W,YGL032C,0,2.086321,0.2916536331176758,0.915603518486023,0.22703136503696442
YPL091W,YBR296C,0,2.0851355,0.2915624976158142,0.915603518486023,0.22713154554367065
YER183C,YEL029C,0,2.0844157,0.2914714217185974,0.915603518486023,0.22723174095153809
YOR056C,YMR163C,0,2.0842152,0.291380375623703,0.915603518486023,0.22733193635940552
YEL062W,YLR088W,0,2.0841465,0.29128941893577576,0.915603518486023,0.22743211686611176
YJR025C,YPL214C,0,2.0839694,0.2911984920501709,0.915603518486023,0.2275323122739792
YOR181W,YMR044W,0,2.0837169,0.2911076545715332,0.915603518486023,0.22763250768184662
YHR066W,YIR015W,0,2.0834866,0.2910168468952179,0.915603518486023,0.22773268818855286
YOL017W,YOR224C,0,2.083218,0.29092609882354736,0.915603518486023,0.2278328835964203
YNL160W,YAL031C,0,2.08108,0.2908354103565216,0.915603518486023,0.22793307900428772
YNL213C,YOR151C,0,2.080603,0.2907447814941406,0.915603518486023,0.22803325951099396
YCR003W,YKL100C,0,2.0803833,0.2906542122364044,0.915603518486023,0.2281334549188614
YLR426W,YDL189W,1,2.0802548,0.290875107049942,0.9165849089622498,0.2281334549188614
YOR138C,YML081C-A,0,2.0802135,0.2907845675945282,0.9165849089622498,0.22823365032672882
YMR281W,YOR255W,0,2.079875,0.29069405794143677,0.9165849089622498,0.22833383083343506
YML056C,YGL033W,0,2.0794983,0.2906036078929901,0.9165849089622498,0.2284340262413025
YOR377W,YLR275W,0,2.078147,0.29051321744918823,0.9165849089622498,0.22853422164916992
YJL092W,YFR033C,0,2.0777488,0.29042288661003113,0.9165849089622498,0.22863440215587616
YDL079C,YLR057W,0,2.077726,0.2903326153755188,0.9165849089622498,0.2287345975637436
YPR162C,YLR344W,0,2.0776308,0.29024237394332886,0.9165849089622498,0.22883479297161102
YHL004W,YDR119W,0,2.077195,0.2901522219181061,0.9165849089622498,0.22893497347831726
YNR020C,YPL031C,0,2.0766664,0.2900620996952057,0.9165849089622498,0.2290351688861847
YJL140W,YBR192W,0,2.0755541,0.28997206687927246,0.9165849089622498,0.22913536429405212
YCL055W,YBL023C,0,2.0747318,0.2898820638656616,0.9165849089622498,0.22923554480075836
YMR171C,YDL213C,0,2.0713332,0.28979212045669556,0.9165849089622498,0.2293357402086258
YDR221W,YIL160C,0,2.0709815,0.28970223665237427,0.9165849089622498,0.22943593561649323
YMR061W,YDL005C,0,2.0706227,0.28961241245269775,0.9165849089622498,0.22953611612319946
YPL108W,YMR113W,0,2.068636,0.28952261805534363,0.9165849089622498,0.2296363115310669
YLR188W,YCR094W,0,2.0681663,0.28943291306495667,0.9165849089622498,0.22973649203777313
YNL336W,YLR038C,0,2.0680416,0.2893432378768921,0.9165849089622498,0.22983668744564056
YDR519W,YML110C,0,2.0678892,0.2892536520957947,0.9165849089622498,0.229936882853508
YGR118W,YGL079W,0,2.0677614,0.28916409611701965,0.9165849089622498,0.23003706336021423
YPR020W,YGR036C,0,2.0675669,0.2890745997428894,0.9165849089622498,0.23013725876808167
YGL160W,YML029W,0,2.0674915,0.28898516297340393,0.9165849089622498,0.2302374541759491
YOR067C,YGR123C,0,2.0665822,0.28889575600624084,0.9165849089622498,0.23033763468265533
YMR086W,YHR051W,0,2.0657027,0.2888064384460449,0.9165849089622498,0.23043783009052277
YOR038C,YDR117C,0,2.0646615,0.2887171506881714,0.9165849089622498,0.2305380254983902
YOR244W,YPR135W,0,2.0631256,0.2886279225349426,0.9165849089622498,0.23063820600509644
YBR136W,YMR179W,0,2.0627334,0.28853878378868103,0.9165849089622498,0.23073840141296387
YGR058W,YBR282W,0,2.0622916,0.2884496748447418,0.9165849089622498,0.2308385968208313
YDL140C,YFL036W,0,2.0609593,0.288360595703125,0.9165849089622498,0.23093877732753754
YKL183W,YJR036C,0,2.0609097,0.28827160596847534,0.9165849089622498,0.23103897273540497
YDR064W,YGR071C,0,2.0607548,0.28818264603614807,0.9165849089622498,0.2311391681432724
YNL189W,YGR167W,0,2.0606208,0.28809377551078796,0.9165849089622498,0.23123934864997864
YAL020C,YLR165C,1,2.059557,0.2883132994174957,0.9175662398338318,0.23123934864997864
YDR088C,YDR170W-A,0,2.059498,0.2882244288921356,0.9175662398338318,0.23133954405784607
YDR488C,YBR103W,0,2.0593529,0.2881355881690979,0.9175662398338318,0.2314397394657135
YHR183W,YPL113C,0,2.0590458,0.28804683685302734,0.9175662398338318,0.23153991997241974
YBR092C,YKL212W,0,2.058665,0.2879581153392792,0.9175662398338318,0.23164011538028717
YOR147W,YDR364C,0,2.0583785,0.2878694534301758,0.9175662398338318,0.2317403107881546
YNL095C,YIL027C,0,2.0580277,0.28778085112571716,0.9175662398338318,0.23184049129486084
YFR031C,YDL005C,0,2.05801,0.2876923084259033,0.9175662398338318,0.23194068670272827
YER083C,YCR060W,0,2.0571244,0.28760382533073425,0.9175662398338318,0.2320408821105957
YDR405W,YPL273W,0,2.0563626,0.2875153720378876,0.9175662398338318,0.23214106261730194
YNR015W,YPL181W,0,2.0558367,0.28742697834968567,0.9175662398338318,0.23224125802516937
YCL031C,YPL180W,0,2.0550468,0.2873386740684509,0.9175662398338318,0.2323414534330368
YNL148C,YCL059C,0,2.0545444,0.2872503697872162,0.9175662398338318,0.23244163393974304
YKR102W,YDR026C,0,2.053736,0.2871621549129486,0.9175662398338318,0.23254182934761047
YPL023C,YDL056W,0,2.0536866,0.2870739996433258,0.9175662398338318,0.2326420247554779
YBL112C,YPL217C,0,2.0534465,0.2869858741760254,0.9175662398338318,0.23274220526218414
YPR101W,YJL030W,0,2.0517654,0.28689780831336975,0.9175662398338318,0.23284240067005157
YOL028C,YBR217W,0,2.0516067,0.2868098020553589,0.9175662398338318,0.232942596077919
YGR257C,YNL264C,0,2.0510054,0.2867218554019928,0.9175662398338318,0.23304277658462524
YHR025W,YBR004C,0,2.050452,0.2866339683532715,0.9175662398338318,0.23314297199249268
YFR029W,YML093W,0,2.0494297,0.28654611110687256,0.9175662398338318,0.2332431674003601
YDR368W,YAL055W,0,2.0486991,0.2864583432674408,0.9175662398338318,0.23334334790706635
YNL083W,YDR058C,0,2.0482876,0.2863706052303314,0.9175662398338318,0.23344354331493378
YOL039W,YNL046W,0,2.0456846,0.2862829267978668,0.9175662398338318,0.2335437387228012
YOR279C,YMR288W,0,2.044098,0.2861952781677246,0.9175662398338318,0.23364391922950745
YGR264C,YDR346C,0,2.044072,0.28610771894454956,0.9175662398338318,0.23374411463737488
YGL141W,YOR291W,0,2.0426044,0.2860201895236969,0.9175662398338318,0.2338443100452423
YNL052W,YOR080W,0,2.0421112,0.285932719707489,0.9175662398338318,0.23394449055194855
YDR506C,YCL008C,0,2.0419402,0.2858453094959259,0.9175662398338318,0.23404468595981598
YDR496C,YOL094C,0,2.0407193,0.28575795888900757,0.9175662398338318,0.2341448813676834
YNL335W,YMR026C,0,2.0406225,0.2856706380844116,0.9175662398338318,0.23424506187438965
YFR009W,YNR047W,0,2.040434,0.28558337688446045,0.9175662398338318,0.23434525728225708
YIL131C,YPL218W,0,2.0402415,0.28549617528915405,0.9175662398338318,0.2344454526901245
YPR060C,YLL054C,0,2.036518,0.28540903329849243,0.9175662398338318,0.23454563319683075
YPL275W,YNR056C,0,2.036495,0.2853219509124756,0.9175662398338318,0.23464582860469818
YGR075C,YOR073W,0,2.0363946,0.28523489832878113,0.9175662398338318,0.2347460240125656
YPL118W,YKL022C,0,2.0361438,0.28514790534973145,0.9175662398338318,0.23484620451927185
YAL013W,YNL152W,0,2.0353484,0.28506097197532654,0.9175662398338318,0.23494639992713928
YMR244C-A,YMR115W,0,2.034807,0.2849740982055664,0.9175662398338318,0.2350465953350067
YGR001C,YNR060W,0,2.034706,0.28488725423812866,0.9175662398338318,0.23514677584171295
YMR277W,YHR098C,0,2.034362,0.2848004996776581,0.9175662398338318,0.23524697124958038
YML034W,YER029C,0,2.0333614,0.2847137749195099,0.9175662398338318,0.23534716665744781
YGR281W,YBR139W,0,2.0318577,0.2846270799636841,0.9175662398338318,0.23544734716415405
YBL023C,YDR524C,1,2.0301967,0.2848447859287262,0.9185475707054138,0.23544734716415405
YPR168W,YMR208W,0,2.0300756,0.28475815057754517,0.9185475707054138,0.23554754257202148
YDR446W,YFR033C,0,2.0293288,0.2846715450286865,0.9185475707054138,0.23564773797988892
YLR256W,YPR163C,0,2.02768,0.28458496928215027,0.9185475707054138,0.23574791848659515
YKL093W,YNL138W,0,2.0262463,0.2844984829425812,0.9185475707054138,0.23584811389446259
YMR089C,YOR151C,0,2.0262024,0.2844120264053345,0.9185475707054138,0.23594829440116882
YKL024C,YDL095W,0,2.0260065,0.28432562947273254,0.9185475707054138,0.23604848980903625
YFL022C,YDR260C,0,2.025637,0.2842392921447754,0.9185475707054138,0.2361486852169037
YOR215C,YDR330W,0,2.025547,0.284153014421463,0.9185475707054138,0.23624886572360992
YNL230C,YML007W,0,2.025398,0.284066766500473,0.9185475707054138,0.23634906113147736
YPR001W,YOR140W,0,2.0238576,0.2839805781841278,0.9185475707054138,0.2364492565393448
YDR524C,YHR101C,0,2.023799,0.28389444947242737,0.9185475707054138,0.23654943704605103
YHR051W,YER110C,0,2.022698,0.2838083803653717,0.9185475707054138,0.23664963245391846
YDR248C,YER141W,0,2.022484,0.2837223410606384,0.9185475707054138,0.2367498278617859
YBR095C,YNL311C,0,2.0220428,0.2836363613605499,0.9185475707054138,0.23685000836849213
YKL018W,YKR087C,0,2.0199692,0.2835504412651062,0.9185475707054138,0.23695020377635956
YPL068C,YLL054C,0,2.018788,0.28346458077430725,0.9185475707054138,0.237050399184227
YHL012W,YOR308C,1,2.0182729,0.2836815118789673,0.9195289611816406,0.237050399184227
YPR112C,YGR220C,0,2.017986,0.28359565138816833,0.9195289611816406,0.23715057969093323
YFL016C,YMR161W,0,2.0175676,0.2835098206996918,0.9195289611816406,0.23725077509880066
YML125C,YHR128W,0,2.0166233,0.2834240794181824,0.9195289611816406,0.2373509705066681
YNL326C,YGL044C,0,2.0164073,0.28333836793899536,0.9195289611816406,0.23745115101337433
YNL135C,YOL041C,0,2.0162315,0.2832527160644531,0.9195289611816406,0.23755134642124176
YKL166C,YGR211W,1,2.0146198,0.2834693193435669,0.9205102920532227,0.23755134642124176
YPL153C,YPL128C,0,2.0138633,0.28338369727134705,0.9205102920532227,0.2376515418291092
YOR298W,YJR158W,0,2.0114293,0.2832981050014496,0.9205102920532227,0.23775172233581543
YOR038C,YOR212W,0,2.0105126,0.2832125723361969,0.9205102920532227,0.23785191774368286
YMR159C,YDR001C,0,2.00997,0.2831270694732666,0.9205102920532227,0.2379521131515503
YPR125W,YER075C,1,2.0092063,0.2833434045314789,0.9214916825294495,0.2379521131515503
YPR103W,YMR113W,0,2.008169,0.28325793147087097,0.9214916825294495,0.23805229365825653
YHR057C,YIL099W,0,2.007267,0.28317248821258545,0.9214916825294495,0.23815248906612396
YMR021C,YKL217W,0,2.0071635,0.2830871343612671,0.9214916825294495,0.2382526844739914
YIL170W,YJL172W,0,2.0064955,0.2830018103122711,0.9214916825294495,0.23835286498069763
YOR197W,YKR105C,0,2.0058327,0.2829165458679199,0.9214916825294495,0.23845306038856506
YIL134W,YHL034C,0,2.0054471,0.2828313112258911,0.9214916825294495,0.2385532557964325
YHR084W,YKL195W,0,2.005213,0.28274616599082947,0.9214916825294495,0.23865343630313873
YER017C,YJR151C,0,2.0046077,0.2826610505580902,0.9214916825294495,0.23875363171100616
YNL030W,YML018C,0,2.0046008,0.2825759947299957,0.9214916825294495,0.2388538271188736
YAL010C,YDR195W,0,2.0043895,0.28249096870422363,0.9214916825294495,0.23895400762557983
YLR321C,YKR080W,0,2.003946,0.2824060022830963,0.9214916825294495,0.23905420303344727
YLR141W,YAL005C,0,2.0027244,0.28232109546661377,0.9214916825294495,0.2391543984413147
YBR216C,YBR258C,0,2.0023038,0.282236248254776,0.9214916825294495,0.23925457894802094
YKR002W,YDR006C,0,2.0012863,0.2821514308452606,0.9214916825294495,0.23935477435588837
YOR061W,YNL035C,1,2.0001388,0.282367080450058,0.9224730134010315,0.23935477435588837
YDR481C,YLR129W,0,1.9984275,0.282282292842865,0.9224730134010315,0.2394549697637558
YGR221C,YJL014W,0,1.9979795,0.2821975350379944,0.9224730134010315,0.23955515027046204
YDR421W,YLR109W,0,1.9973664,0.28211283683776855,0.9224730134010315,0.23965534567832947
YOL101C,YBR125C,0,1.9967402,0.2820281982421875,0.9224730134010315,0.2397555410861969
YMR067C,YER014C-A,0,1.9964952,0.2819436192512512,0.9224730134010315,0.23985572159290314
YGR074W,YMR023C,0,1.9949896,0.28185907006263733,0.9224730134010315,0.23995591700077057
YKL182W,YFL050C,0,1.994443,0.2817745804786682,0.9224730134010315,0.240056112408638
YOR265W,YCR014C,0,1.9943082,0.28169015049934387,0.9224730134010315,0.24015629291534424
YHL012W,YEL021W,0,1.9939569,0.2816057503223419,0.9224730134010315,0.24025648832321167
YLR426W,YDL208W,1,1.9936979,0.2818208932876587,0.9234543442726135,0.24025648832321167
YNL305C,YBR177C,0,1.992821,0.2817365229129791,0.9234543442726135,0.2403566837310791
YOR315W,YHR086W,0,1.991899,0.28165221214294434,0.9234543442726135,0.24045686423778534
YDR450W,YMR285C,0,1.9912564,0.28156793117523193,0.9234543442726135,0.24055705964565277
YPR011C,YIL113W,0,1.991015,0.2814837098121643,0.9234543442726135,0.2406572550535202
YJL019W,YER069W,0,1.9909132,0.28139951825141907,0.9234543442726135,0.24075743556022644
YGL032C,YNR043W,0,1.9906838,0.2813153862953186,0.9234543442726135,0.24085763096809387
YBR203W,YKL195W,0,1.9891758,0.2812313139438629,0.9234543442726135,0.2409578263759613
YDR073W,YJR076C,0,1.9887898,0.281147301197052,0.9234543442726135,0.24105800688266754
YHR176W,YPR127W,0,1.988677,0.2810633182525635,0.9234543442726135,0.24115820229053497
YKR037C,YIL090W,0,1.9883399,0.2809793949127197,0.9234543442726135,0.2412583976984024
YBR074W,YJL139C,0,1.9875417,0.28089553117752075,0.9234543442726135,0.24135857820510864
YDR351W,YKL203C,0,1.9875112,0.28081169724464417,0.9234543442726135,0.24145877361297607
YLR401C,YCL017C,1,1.9864655,0.2810262441635132,0.9244357347488403,0.24145877361297607
YDR448W,YPL019C,0,1.9859669,0.280942440032959,0.9244357347488403,0.2415589690208435
YPR125W,YGL064C,1,1.985425,0.28115683794021606,0.9254170656204224,0.2415589690208435
YER162C,YPL206C,0,1.9843259,0.28107303380966187,0.9254170656204224,0.24165914952754974
YKL125W,YER089C,0,1.9837081,0.28098925948143005,0.9254170656204224,0.24175934493541718
YDR499W,YPL016W,0,1.9832737,0.2809055745601654,0.9254170656204224,0.2418595403432846
YGR179C,YIL145C,0,1.9809506,0.28082191944122314,0.9254170656204224,0.24195972084999084
YCL027W,YOR340C,0,1.980507,0.28073832392692566,0.9254170656204224,0.24205991625785828
YPL094C,YOR196C,0,1.980504,0.28065475821495056,0.9254170656204224,0.24216009676456451
YMR298W,YKL213C,0,1.9797105,0.28057125210762024,0.9254170656204224,0.24226029217243195
YOR224C,YGL033W,0,1.9795098,0.2804878056049347,0.9254170656204224,0.24236048758029938
YPL026C,YKL027W,0,1.9788804,0.28040438890457153,0.9254170656204224,0.24246066808700562
YLR329W,YFL054C,0,1.9787749,0.28032103180885315,0.9254170656204224,0.24256086349487305
YJL143W,YJR135C,0,1.9783003,0.28023773431777954,0.9254170656204224,0.24266105890274048
YBR203W,YHR211W,0,1.9773204,0.2801544964313507,0.9254170656204224,0.24276123940944672
YBR035C,YNL037C,0,1.9768026,0.28007128834724426,0.9254170656204224,0.24286143481731415
YPL059W,YER030W,0,1.9765697,0.2799881100654602,0.9254170656204224,0.24296163022518158
YLR214W,YKL166C,1,1.9751456,0.28020185232162476,0.9263984560966492,0.24296163022518158
YKR086W,YCR009C,0,1.9742763,0.2801187038421631,0.9263984560966492,0.24306181073188782
YFL038C,YGR037C,0,1.9737105,0.2800355851650238,0.9263984560966492,0.24316200613975525
YNR026C,YDR126W,0,1.973594,0.2799525558948517,0.9263984560966492,0.24326220154762268
YEL003W,YML077W,0,1.9731252,0.27986955642700195,0.9263984560966492,0.24336238205432892
YJL029C,YDR494W,0,1.9728584,0.279786616563797,0.9263984560966492,0.24346257746219635
YDR481C,YHR051W,0,1.9726788,0.27970370650291443,0.9263984560966492,0.24356277287006378
YOL002C,YHR036W,0,1.9712825,0.27962085604667664,0.9263984560966492,0.24366295337677002
YGR144W,YJR135C,0,1.97023,0.2795380651950836,0.9263984560966492,0.24376314878463745
YER019W,YKL222C,0,1.9697199,0.279455304145813,0.9263984560966492,0.24386334419250488
YOR244W,YDL229W,0,1.9693215,0.27937260270118713,0.9263984560966492,0.24396352469921112
YGL047W,YDR425W,0,1.9680619,0.27928993105888367,0.9263984560966492,0.24406372010707855
YKL167C,YOL067C,0,1.9662992,0.27920734882354736,0.9263984560966492,0.24416391551494598
YPR186C,YKL203C,0,1.9661808,0.27912476658821106,0.9263984560966492,0.24426409602165222
YHR001W,YMR071C,0,1.9658548,0.2790422737598419,0.9263984560966492,0.24436429142951965
YMR038C,YEL059C-A,0,1.9643142,0.27895981073379517,0.9263984560966492,0.24446448683738708
YOR222W,YBR102C,0,1.9642296,0.2788774073123932,0.9263984560966492,0.24456466734409332
YGL232W,YGR211W,1,1.963593,0.27909037470817566,0.9273797869682312,0.24456466734409332
YJL204C,YIL159W,0,1.9621894,0.2790079712867737,0.9273797869682312,0.24466486275196075
YFR044C,YNR056C,0,1.9618434,0.2789256274700165,0.9273797869682312,0.24476505815982819
YPR159W,YPL106C,0,1.9614726,0.27884331345558167,0.9273797869682312,0.24486523866653442
YFR055W,YDR409W,0,1.9605582,0.2787610590457916,0.9273797869682312,0.24496543407440186
YNR018W,YPR032W,0,1.9603066,0.27867886424064636,0.9273797869682312,0.2450656294822693
YHL012W,YMR153W,1,1.9600832,0.27889150381088257,0.9283611178398132,0.2450656294822693
YBR142W,YPL155C,0,1.9597013,0.2788093090057373,0.9283611178398132,0.24516580998897552
YMR016C,YIL047C,1,1.9591687,0.2790217995643616,0.92934250831604,0.24516580998897552
YOL097C,YGL175C,0,1.9580631,0.2789396047592163,0.92934250831604,0.24526600539684296
YMR042W,YKR087C,0,1.9549901,0.2788574695587158,0.92934250831604,0.2453662008047104
YNL021W,YMR307W,0,1.9538064,0.2787753939628601,0.92934250831604,0.24546638131141663
YDR104C,YLR459W,0,1.9522378,0.2786933481693268,0.92934250831604,0.24556657671928406
YGR095C,YMR113W,0,1.9519913,0.27861136198043823,0.92934250831604,0.2456667721271515
YMR276W,YER075C,0,1.9513922,0.27852940559387207,0.92934250831604,0.24576695263385773
YML066C,YER002W,0,1.9507146,0.2784475088119507,0.92934250831604,0.24586714804172516
YDR404C,YDR363W-A,0,1.9505076,0.2783656716346741,0.92934250831604,0.2459673434495926
YNL245C,YDL209C,1,1.9495795,0.2785777151584625,0.9303238391876221,0.2459673434495926
YDR081C,YNL136W,0,1.9492977,0.2784958779811859,0.9303238391876221,0.24606752395629883
YGL010W,YEL002C,0,1.948767,0.2784141004085541,0.9303238391876221,0.24616771936416626
YPR066W,YPR166C,0,1.9472893,0.27833235263824463,0.9303238391876221,0.2462679147720337
YPL258C,YNL264C,0,1.9460806,0.27825066447257996,0.9303238391876221,0.24636809527873993
YHR019C,YLR002C,0,1.9458712,0.27816900610923767,0.9303238391876221,0.24646829068660736
YDR197W,YOR381W,0,1.9453397,0.27808740735054016,0.9303238391876221,0.2465684860944748
YPR168W,YLL051C,0,1.9432578,0.2780058681964874,0.9303238391876221,0.24666866660118103
YLR410W,YGR049W,0,1.9430845,0.2779243588447571,0.9303238391876221,0.24676886200904846
YDR140W,YPL085W,0,1.940301,0.2778429090976715,0.9303238391876221,0.2468690574169159
YDR531W,YAL022C,0,1.9396558,0.2777614891529083,0.9303238391876221,0.24696923792362213
YKR037C,YMR270C,0,1.9391966,0.2776801288127899,0.9303238391876221,0.24706943333148956
YNL297C,YKL109W,0,1.9389992,0.2775988280773163,0.9303238391876221,0.247169628739357
YGR098C,YDL047W,0,1.9388605,0.27751755714416504,0.9303238391876221,0.24726980924606323
YGL013C,YKL053C-A,0,1.9383128,0.27743634581565857,0.9303238391876221,0.24737000465393066
YDL040C,YNL027W,0,1.9378663,0.2773551642894745,0.9303238391876221,0.2474702000617981
YLR310C,YBR187W,0,1.9377056,0.2772740423679352,0.9303238391876221,0.24757038056850433
YDR483W,YMR285C,0,1.9375724,0.27719298005104065,0.9303238391876221,0.24767057597637177
YPL104W,YLR369W,0,1.9367894,0.2771119475364685,0.9303238391876221,0.2477707713842392
YIL002C,YOR362C,0,1.9364109,0.27703097462654114,0.9303238391876221,0.24787095189094543
YJL050W,YBR247C,0,1.9357057,0.27695003151893616,0.9303238391876221,0.24797114729881287
YJR004C,YDR139C,0,1.9354289,0.27686914801597595,0.9303238391876221,0.2480713427066803
YCR037C,YCL040W,0,1.9351244,0.2767883241176605,0.9303238391876221,0.24817152321338654
YMR030W,YCR098C,0,1.9314637,0.2767075300216675,0.9303238391876221,0.24827171862125397
YMR263W,YDR077W,0,1.931437,0.2766267955303192,0.9303238391876221,0.2483719140291214
YDL227C,YKR045C,1,1.930674,0.2768377959728241,0.9313052296638489,0.2483719140291214
YGL010W,YDL212W,0,1.9305427,0.27675706148147583,0.9313052296638489,0.24847209453582764
YNL112W,YIL134W,0,1.9304638,0.27667638659477234,0.9313052296638489,0.24857228994369507
YLR394W,YMR214W,0,1.9298749,0.27659574151039124,0.9313052296638489,0.2486724704504013
YJR077C,YDL006W,0,1.9295782,0.2765151560306549,0.9313052296638489,0.24877266585826874
YMR270C,YIL026C,0,1.9271058,0.27643460035324097,0.9313052296638489,0.24887286126613617
YKL146W,YDR393W,0,1.9268036,0.2763541042804718,0.9313052296638489,0.2489730417728424
YMR012W,YOL156W,0,1.9265585,0.2762736678123474,0.9313052296638489,0.24907323718070984
YJR013W,YMR194W,0,1.9261835,0.2761932611465454,0.9313052296638489,0.24917343258857727
YNL088W,YMR036C,0,1.9250855,0.2761128842830658,0.9313052296638489,0.2492736130952835
YPR182W,YOR279C,0,1.9247844,0.27603256702423096,0.9313052296638489,0.24937380850315094
YDR453C,YMR273C,0,1.9236943,0.2759523093700409,0.9313052296638489,0.24947400391101837
YML075C,YDR388W,0,1.9232823,0.2758720815181732,0.9313052296638489,0.2495741844177246
YOR168W,YLR394W,0,1.9222281,0.2757919132709503,0.9313052296638489,0.24967437982559204
YNL116W,YOR346W,0,1.9220233,0.2757118046283722,0.9313052296638489,0.24977457523345947
YGL213C,YLR010C,0,1.9218528,0.27563172578811646,0.9313052296638489,0.2498747557401657
YPL147W,YBL030C,0,1.9215907,0.2755516767501831,0.9313052296638489,0.24997495114803314
YHR135C,YGL236C,0,1.9212794,0.27547168731689453,0.9313052296638489,0.2500751316547394
YJR016C,YNL099C,0,1.9205285,0.27539175748825073,0.9313052296638489,0.2501753270626068
YPR119W,YAL034W-A,0,1.9203076,0.2753118574619293,0.9313052296638489,0.25027552247047424
YGL068W,YMR008C,0,1.9197257,0.2752320170402527,0.9313052296638489,0.2503757178783417
YDL198C,YDR480W,0,1.9181017,0.27515220642089844,0.9313052296638489,0.2504759132862091
YEL053C,YPL032C,0,1.9180415,0.27507245540618896,0.9313052296638489,0.25057610869407654
YNL261W,YKL137W,0,1.9166985,0.27499276399612427,0.9313052296638489,0.2506762742996216
YML015C,YIL066C,0,1.9155295,0.27491310238838196,0.9313052296638489,0.250776469707489
YGL019W,YBR102C,0,1.9142778,0.27483347058296204,0.9313052296638489,0.25087666511535645
YBL011W,YHR058C,0,1.9138491,0.2747538983821869,0.9313052296638489,0.2509768605232239
YML095C,YPL134C,0,1.9125189,0.2746743857860565,0.9313052296638489,0.2510770559310913
YMR043W,YNL299W,0,1.9124877,0.27459490299224854,0.9313052296638489,0.25117725133895874
YNR011C,YDL231C,0,1.9121222,0.2745154798030853,0.9313052296638489,0.2512774169445038
YDR390C,YDR448W,0,1.911118,0.2744360864162445,0.9313052296638489,0.2513776123523712
YAL020C,YGR264C,0,1.9108536,0.27435675263404846,0.9313052296638489,0.25147780776023865
YNL262W,YOR222W,0,1.9095412,0.2742774486541748,0.9313052296638489,0.2515780031681061
YDR207C,YNL256W,0,1.9089211,0.2741982042789459,0.9313052296638489,0.2516781985759735
YLR224W,YER078C,0,1.9088075,0.2741190195083618,0.9313052296638489,0.25177836418151855
YGR113W,YJL178C,0,1.9085852,0.2740398645401001,0.9313052296638489,0.251878559589386
YIL150C,YAR066W,0,1.9082813,0.27396073937416077,0.9313052296638489,0.2519787549972534
YGR274C,YDR470C,0,1.9070092,0.2738816738128662,0.9313052296638489,0.25207895040512085
YDR103W,YBL034C,0,1.9068385,0.27380266785621643,0.9313052296638489,0.2521791458129883
YPR137W,YDL122W,1,1.9066958,0.27401211857795715,0.9322865605354309,0.2521791458129883
YMR288W,YMR235C,0,1.9051028,0.2739331126213074,0.9322865605354309,0.2522793412208557
YGR014W,YJL087C,0,1.9035835,0.27385413646698,0.9322865605354309,0.25237950682640076
YML131W,YMR276W,0,1.9023514,0.27377521991729736,0.9322865605354309,0.2524797022342682
YDR334W,YGR156W,0,1.901789,0.27369633316993713,0.9322865605354309,0.2525798976421356
YER083C,YIL135C,0,1.9011383,0.2736175060272217,0.9322865605354309,0.25268009305000305
YMR025W,YLR155C,0,1.8999355,0.273538738489151,0.9322865605354309,0.2527802884578705
YAL016W,YPL032C,0,1.8996968,0.2734600007534027,0.9322865605354309,0.2528804838657379
YDR496C,YER166W,0,1.8989418,0.2733812928199768,0.9322865605354309,0.25298064947128296
YMR304W,YLR450W,0,1.8967757,0.2733026444911957,0.9322865605354309,0.2530808448791504
YLR404W,YPL281C,0,1.8920413,0.2732240557670593,0.9322865605354309,0.2531810402870178
YGL060W,YDR387C,0,1.8878893,0.27314549684524536,0.9322865605354309,0.25328123569488525
YER173W,YHR135C,0,1.8873658,0.2730669677257538,0.9322865605354309,0.2533814311027527
YBR159W,YOR304C-A,0,1.8859355,0.272988498210907,0.9322865605354309,0.2534816265106201
YOR217W,YGL017W,0,1.8857815,0.27291008830070496,0.9322865605354309,0.25358179211616516
YOR346W,YHR091C,0,1.8848851,0.2728317081928253,0.9322865605354309,0.2536819875240326
YPR052C,YMR163C,0,1.8840228,0.27275338768959045,0.9322865605354309,0.2537821829319
YDR296W,YGR098C,0,1.8820485,0.272675096988678,0.9322865605354309,0.25388237833976746
YKL175W,YOR293W,0,1.8820214,0.2725968360900879,0.9322865605354309,0.2539825737476349
YJL157C,YNL280C,0,1.8807237,0.2725186347961426,0.9322865605354309,0.2540827691555023
YER131W,YPR022C,0,1.879204,0.27244049310684204,0.9322865605354309,0.25418293476104736
YMR189W,YKR057W,0,1.8791304,0.2723623812198639,0.9322865605354309,0.2542831301689148
YLR165C,YDR441C,1,1.8788836,0.272570937871933,0.9332678914070129,0.2542831301689148
YJR101W,YOR351C,0,1.8786621,0.27249282598495483,0.9332678914070129,0.2543833255767822
YML037C,YBR067C,0,1.8760241,0.27241477370262146,0.9332678914070129,0.25448352098464966
YHR209W,YML039W,0,1.8751917,0.27233678102493286,0.9332678914070129,0.2545837163925171
YML058W,YPR083W,0,1.875173,0.27225881814956665,0.9332678914070129,0.2546839118003845
YEL042W,YJL225C,0,1.8745,0.2721808850765228,0.9332678914070129,0.25478407740592957
YIL170W,YLR394W,0,1.8737435,0.2721030116081238,0.9332678914070129,0.254884272813797
YPL101W,YOR171C,0,1.8731673,0.2720251679420471,0.9332678914070129,0.25498446822166443
YPL118W,YPR133W-A,0,1.8719913,0.27194738388061523,0.9332678914070129,0.25508466362953186
YJL204C,YJL194W,0,1.8719907,0.27186962962150574,0.9332678914070129,0.2551848590373993
YLL015W,YNL186W,0,1.8717144,0.271791934967041,0.9332678914070129,0.2552850544452667
YPL164C,YKR028W,0,1.8700857,0.27171429991722107,0.9332678914070129,0.25538522005081177
YKL038W,YDL214C,0,1.8698844,0.2716366648674011,0.9332678914070129,0.2554854154586792
YFL002C,YDR291W,0,1.8694264,0.27155911922454834,0.9332678914070129,0.25558561086654663
YKR029C,YNR054C,0,1.8680578,0.27148157358169556,0.9332678914070129,0.25568580627441406
YLR048W,YOR180C,0,1.8663499,0.27140411734580994,0.9332678914070129,0.2557860016822815
YGR077C,YMR071C,0,1.8663205,0.2713266909122467,0.9332678914070129,0.2558861970901489
YPL283C,YJL190C,0,1.8662398,0.27124929428100586,0.9332678914070129,0.25598636269569397
YDL144C,YDR156W,0,1.8662283,0.2711719274520874,0.9332678914070129,0.2560865581035614
YGR169C,YGL249W,0,1.8648288,0.2710946500301361,0.9332678914070129,0.25618675351142883
YIL132C,YDL207W,0,1.8644087,0.2710173726081848,0.9332678914070129,0.25628694891929626
YIL170W,YIL121W,0,1.8641392,0.2709401845932007,0.9332678914070129,0.2563871443271637
YOL028C,YNR043W,0,1.8620007,0.27086299657821655,0.9332678914070129,0.25648733973503113
YDR051C,YOL123W,0,1.8618793,0.2707858681678772,0.9332678914070129,0.25658750534057617
YBR050C,YHR129C,0,1.8615516,0.2707087993621826,0.9332678914070129,0.2566877007484436
YJR138W,YKL211C,0,1.8614576,0.2706317603588104,0.9332678914070129,0.25678789615631104
YCR046C,YLL038C,0,1.86064,0.2705547511577606,0.9332678914070129,0.25688809156417847
YIL048W,YOR369C,0,1.8603592,0.2704778015613556,0.9332678914070129,0.2569882869720459
YIL139C,YML009C,0,1.860055,0.27040091156959534,0.9332678914070129,0.25708848237991333
YLR069C,YDR414C,0,1.8599545,0.27032405138015747,0.9332678914070129,0.2571886479854584
YOR067C,YJL093C,0,1.8576674,0.270247220993042,0.9332678914070129,0.2572888433933258
YBL076C,YKR013W,0,1.8574259,0.2701704502105713,0.9332678914070129,0.25738903880119324
YGL226C-A,YMR093W,0,1.8564742,0.270093709230423,0.9332678914070129,0.25748923420906067
YOR356W,YMR052W,0,1.856037,0.27001702785491943,0.9332678914070129,0.2575894296169281
YNL044W,YLR453C,0,1.855859,0.26994040608406067,0.9332678914070129,0.25768962502479553
YGR001C,YDR473C,0,1.8558004,0.2698637843132019,0.9332678914070129,0.2577897906303406
YEL046C,YJR042W,1,1.8549533,0.2700709104537964,0.9342492818832397,0.2577897906303406
YCL017C,YLR226W,1,1.8541596,0.2702779471874237,0.9352306127548218,0.2577897906303406
YKL167C,YLR130C,0,1.8540031,0.27020129561424255,0.9352306127548218,0.257889986038208
YMR210W,YIL049W,0,1.8539557,0.2701247036457062,0.9352306127548218,0.25799018144607544
YGR229C,YDR264C,0,1.8539045,0.2700481712818146,0.9352306127548218,0.25809037685394287
YCL066W,YOR295W,0,1.851899,0.26997166872024536,0.9352306127548218,0.2581905722618103
YNL262W,YGL044C,0,1.850421,0.2698952257633209,0.9352306127548218,0.25829073786735535
YBR002C,YEL059C-A,0,1.8503675,0.26981881260871887,0.9352306127548218,0.2583909332752228
YKL059C,YNL321W,0,1.8500633,0.2697424292564392,0.9352306127548218,0.2584911286830902
YOR231W,YOR151C,0,1.8500612,0.2696661055088043,0.9352306127548218,0.25859132409095764
YPL241C,YLR214W,0,1.8500202,0.2695898115634918,0.9352306127548218,0.2586915194988251
YEL015W,YML038C,0,1.8499825,0.2695135772228241,0.9352306127548218,0.2587917149066925
YMR086W,YGL173C,0,1.8486156,0.26943737268447876,0.9352306127548218,0.25889188051223755
YIR005W,YPR096C,0,1.8480287,0.2693612277507782,0.9352306127548218,0.258992075920105
YPL119C,YNL229C,0,1.8460095,0.2692851126194,0.9352306127548218,0.2590922713279724
YPR201W,YGL153W,0,1.8444972,0.26920902729034424,0.9352306127548218,0.25919246673583984
YJL053W,YHR051W,0,1.843646,0.2691330015659332,0.9352306127548218,0.2592926621437073
YGR274C,YNR020C,0,1.8434849,0.269057035446167,0.9352306127548218,0.2593928575515747
YER061C,YPR104C,0,1.8427451,0.26898109912872314,0.9352306127548218,0.25949302315711975
YBL097W,YLL015W,0,1.8419248,0.2689051926136017,0.9352306127548218,0.2595932185649872
YOR123C,YDR156W,0,1.8410258,0.268829345703125,0.9352306127548218,0.2596934139728546
YOR393W,YGL119W,0,1.8409691,0.2687535285949707,0.9352306127548218,0.25979360938072205
YOR237W,YCL038C,0,1.8402674,0.2686777412891388,0.9352306127548218,0.2598938047885895
YBR294W,YDR449C,0,1.8394649,0.26860204339027405,0.9352306127548218,0.2599940001964569
YER045C,YOR074C,0,1.8377295,0.2685263454914093,0.9352306127548218,0.26009416580200195
YDR499W,YPL167C,0,1.8376517,0.26845070719718933,0.9352306127548218,0.2601943612098694
YLR312W-A,YAR018C,0,1.8374493,0.26837509870529175,0.9352306127548218,0.2602945566177368
YBR236C,YAL055W,0,1.837406,0.26829954981803894,0.9352306127548218,0.26039475202560425
YJR130C,YML054C,0,1.8369589,0.2682240307331085,0.9352306127548218,0.2604949474334717
YLR048W,YDL129W,0,1.83659,0.2681485712528229,0.9352306127548218,0.2605951428413391
YJL204C,YPR200C,0,1.8365046,0.2680731415748596,0.9352306127548218,0.26069530844688416
YEL036C,YLR052W,1,1.8346053,0.26827895641326904,0.9362119436264038,0.26069530844688416
YKL090W,YLR242C,0,1.8335452,0.2682035565376282,0.9362119436264038,0.2607955038547516
YER183C,YDL192W,0,1.8335078,0.2681281566619873,0.9362119436264038,0.260895699262619
YLR370C,YFL052W,0,1.8329568,0.2680528163909912,0.9362119436264038,0.26099589467048645
YLR439W,YLR070C,0,1.8317533,0.2679775357246399,0.9362119436264038,0.2610960900783539
YDR373W,YIL067C,0,1.8309098,0.26790228486061096,0.9362119436264038,0.2611962854862213
YMR223W,YDL165W,0,1.8303478,0.2678270637989044,0.9362119436264038,0.26129645109176636
YLL055W,YKL049C,0,1.8298993,0.26775190234184265,0.9362119436264038,0.2613966464996338
YBL097W,YGR238C,0,1.8298162,0.26767677068710327,0.9362119436264038,0.2614968419075012
YDR229W,YPL017C,0,1.8295678,0.2676016688346863,0.9362119436264038,0.26159703731536865
YHR017W,YDL079C,0,1.8291794,0.26752662658691406,0.9362119436264038,0.2616972327232361
YDR444W,YAL013W,0,1.829026,0.2674516439437866,0.9362119436264038,0.2617974281311035
YMR150C,YDR253C,0,1.8284358,0.26737669110298157,0.9362119436264038,0.26189759373664856
YJR098C,YFR007W,0,1.8282957,0.2673017680644989,0.9362119436264038,0.261997789144516
YOL140W,YPL121C,0,1.8267584,0.267226904630661,0.9362119436264038,0.2620979845523834
YJL204C,YML051W,0,1.8267238,0.2671520709991455,0.9362119436264038,0.26219817996025085
YFL018C,YFR005C,0,1.826721,0.2670772671699524,0.9362119436264038,0.2622983753681183
YKR062W,YDL138W,0,1.8266377,0.26700252294540405,0.9362119436264038,0.2623985707759857
YOR329C,YHR061C,0,1.8250391,0.2669278085231781,0.9362119436264038,0.26249873638153076
YIL122W,YOL062C,0,1.8249598,0.2668531537055969,0.9362119436264038,0.2625989317893982
YMR302C,YLL054C,0,1.8245361,0.26677852869033813,0.9362119436264038,0.2626991271972656
YJR043C,YCL030C,0,1.8244631,0.26670393347740173,0.9362119436264038,0.26279932260513306
YMR061W,YGR154C,0,1.8234074,0.2666293978691101,0.9362119436264038,0.2628995180130005
YPL048W,YBR229C,0,1.8226736,0.26655489206314087,0.9362119436264038,0.2629997134208679
YOR174W,YPR070W,0,1.822475,0.2664804458618164,0.9362119436264038,0.26309987902641296
YPL093W,YMR267W,0,1.8215375,0.26640602946281433,0.9362119436264038,0.2632000744342804
YNL236W,YBR019C,0,1.8212379,0.26633167266845703,0.9362119436264038,0.2633002698421478
YOR173W,YDL079C,0,1.8211365,0.26625731587409973,0.9362119436264038,0.26340046525001526
YOR283W,YPL046C,0,1.8207681,0.2661830484867096,0.9362119436264038,0.2635006606578827
YBL046W,YKL154W,0,1.8204209,0.26610878109931946,0.9362119436264038,0.2636008560657501
YDR506C,YEL037C,0,1.819772,0.2660345733165741,0.9362119436264038,0.26370102167129517
YBR001C,YDL052C,0,1.8169787,0.2659604251384735,0.9362119436264038,0.2638012170791626
YKL206C,YPR082C,0,1.8165876,0.2658862769603729,0.9362119436264038,0.26390141248703003
YOR340C,YDR153C,0,1.8157251,0.2658122181892395,0.9362119436264038,0.26400160789489746
YBR275C,YNL191W,0,1.8157048,0.2657381594181061,0.9362119436264038,0.2641018033027649
YEL047C,YOR140W,0,1.8150197,0.26566416025161743,0.9362119436264038,0.26420196890830994
YCR008W,YDR423C,0,1.814966,0.26559019088745117,0.9362119436264038,0.26430216431617737
YDL049C,YBR278W,0,1.8143437,0.2655162811279297,0.9362119436264038,0.2644023597240448
YDL112W,YGL232W,1,1.8141156,0.2657206356525421,0.9371933341026306,0.2644023597240448
YPL200W,YFL003C,0,1.8134449,0.26564672589302063,0.9371933341026306,0.26450255513191223
YLR116W,YBL021C,0,1.8132589,0.26557284593582153,0.9371933341026306,0.26460275053977966
YHR092C,YBR026C,0,1.8130805,0.2654990255832672,0.9371933341026306,0.2647029459476471
YKL017C,YNL092W,0,1.8120399,0.2654252350330353,0.9371933341026306,0.26480311155319214
YLR103C,YOR198C,0,1.8103876,0.26535147428512573,0.9371933341026306,0.26490330696105957
YHR031C,YGR035C,1,1.8101889,0.26555556058883667,0.9381746649742126,0.26490330696105957
YLR138W,YNR075W,0,1.8080411,0.2654817998409271,0.9381746649742126,0.265003502368927
YOR323C,YNL311C,0,1.8062651,0.26540809869766235,0.9381746649742126,0.26510369777679443
YIL134W,YLR221C,0,1.8061361,0.26533445715904236,0.9381746649742126,0.26520389318466187
YMR208W,YML032C,0,1.8060734,0.26526081562042236,0.9381746649742126,0.2653040885925293
YER154W,YCL014W,0,1.8056488,0.26518723368644714,0.9381746649742126,0.26540425419807434
YCL034W,YER014C-A,0,1.8054477,0.2651137113571167,0.9381746649742126,0.2655044496059418
YKL108W,YAR066W,0,1.8053157,0.26504018902778625,0.9381746649742126,0.2656046450138092
YGL180W,YBL071W-A,0,1.8047109,0.2649667263031006,0.9381746649742126,0.26570484042167664
YJL137C,YDR318W,0,1.8046306,0.2648933231830597,0.9381746649742126,0.26580503582954407
YDL132W,YLR283W,0,1.8041713,0.2648199498653412,0.9381746649742126,0.2659052312374115
YBL039C,YLR385C,0,1.8038168,0.26474660634994507,0.9381746649742126,0.26600539684295654
YIL061C,YIL133C,0,1.8025348,0.2646733224391937,0.9381746649742126,0.266105592250824
YBR097W,YOL142W,0,1.8016322,0.26460006833076477,0.9381746649742126,0.2662057876586914
YBR129C,YMR036C,0,1.8012012,0.2645268440246582,0.9381746649742126,0.26630598306655884
YOL110W,YCR017C,0,1.8010588,0.2644536793231964,0.9381746649742126,0.26640617847442627
YGR026W,YDL236W,0,1.8008661,0.264380544424057,0.9381746649742126,0.2665063738822937
YGR171C,YJR140C,0,1.7997296,0.26430743932724,0.9381746649742126,0.26660653948783875
YCR087C-A,YJR159W,0,1.7987967,0.26423439383506775,0.9381746649742126,0.2667067348957062
YJR097W,YLR205C,0,1.7983952,0.2641613781452179,0.9381746649742126,0.2668069303035736
YJR134C,YHR064C,0,1.7978479,0.26408839225769043,0.9381746649742126,0.26690712571144104
YNL177C,YNL248C,0,1.7974324,0.26401546597480774,0.9381746649742126,0.26700732111930847
YML010W,YMR099C,0,1.797204,0.26394256949424744,0.9381746649742126,0.2671075165271759
YLR145W,YHR166C,0,1.7971704,0.2638697326183319,0.9381746649742126,0.26720768213272095
YML018C,YBR067C,0,1.7968364,0.2637968957424164,0.9381746649742126,0.2673078775405884
YOR144C,YPL255W,0,1.7963667,0.263724148273468,0.9381746649742126,0.2674080729484558
YLR066W,YHR017W,0,1.7963592,0.26365140080451965,0.9381746649742126,0.26750826835632324
YPL200W,YGR058W,0,1.7954262,0.26357871294021606,0.9381746649742126,0.2676084637641907
YPL207W,YOR205C,1,1.7941277,0.26378169655799866,0.9391560554504395,0.2676084637641907
YIL044C,YJR093C,0,1.7941005,0.26370900869369507,0.9391560554504395,0.2677086591720581
YDL178W,YHL020C,0,1.79357,0.26363635063171387,0.9391560554504395,0.26780882477760315
YBR290W,YBR217W,0,1.792872,0.26356375217437744,0.9391560554504395,0.2679090201854706
YJR090C,YNL053W,0,1.7927253,0.2634911835193634,0.9391560554504395,0.268009215593338
YBL088C,YGL186C,0,1.792416,0.26341867446899414,0.9391560554504395,0.26810941100120544
YBR074W,YNL280C,0,1.7921562,0.2633461654186249,0.9391560554504395,0.2682096064090729
YGR221C,YLR013W,0,1.7915697,0.2632737159729004,0.9391560554504395,0.2683098018169403
YDL002C,YMR067C,0,1.7906661,0.2632013261318207,0.9391560554504395,0.26840996742248535
YGR124W,YIL115C,0,1.7899721,0.26312896609306335,0.9391560554504395,0.2685101628303528
YNR004W,YGR222W,0,1.7891891,0.2630566358566284,0.9391560554504395,0.2686103582382202
YBR170C,YDR170C,0,1.7882314,0.26298433542251587,0.9391560554504395,0.26871055364608765
YHR085W,YDL045W-A,0,1.7870215,0.2629120945930481,0.9391560554504395,0.2688107490539551
YOR221C,YLR389C,0,1.786615,0.2628398835659027,0.9391560554504395,0.2689109444618225
YDR016C,YHL032C,0,1.7860415,0.2627677023410797,0.9391560554504395,0.26901111006736755
YJL122W,YDL079C,0,1.7860308,0.2626955807209015,0.9391560554504395,0.269111305475235
YBL088C,YDR037W,0,1.7851521,0.26262348890304565,0.9391560554504395,0.2692115008831024
YBL066C,YIL117C,0,1.7850051,0.2625514268875122,0.9391560554504395,0.26931169629096985
YPL192C,YKL028W,0,1.7841862,0.26247942447662354,0.9391560554504395,0.2694118916988373
YLR154C,YAL053W,0,1.7839006,0.26240745186805725,0.9391560554504395,0.2695120871067047
YFL004W,YHR060W,0,1.783359,0.26233553886413574,0.9391560554504395,0.26961225271224976
YKR006C,YNL186W,0,1.7832611,0.26226362586021423,0.9391560554504395,0.2697124481201172
YNL047C,YDL229W,0,1.783175,0.2621917724609375,0.9391560554504395,0.2698126435279846
YBR196C,YAR044W,0,1.7822899,0.26211997866630554,0.9391560554504395,0.26991283893585205
YGL192W,YLR384C,1,1.7819963,0.26232200860977173,0.9401373863220215,0.26991283893585205
YJR007W,YMR188C,0,1.7813895,0.26225021481513977,0.9401373863220215,0.2700130343437195
YNL162W,YPL101W,0,1.7809963,0.2621784210205078,0.9401373863220215,0.2701132297515869
YHR200W,YGL162W,0,1.7802644,0.262106716632843,0.9401373863220215,0.27021339535713196
YDL156W,YML080W,0,1.7798126,0.2620350122451782,0.9401373863220215,0.2703135907649994
YGL008C,YNL047C,0,1.7795744,0.2619633674621582,0.9401373863220215,0.2704137861728668
YPL016W,YNR073C,0,1.7752109,0.26189175248146057,0.9401373863220215,0.27051398158073425
YLR320W,YNR040W,0,1.775061,0.2618201673030853,0.9401373863220215,0.2706141769886017
YDR167W,YLR064W,0,1.7749991,0.26174864172935486,0.9401373863220215,0.27071434259414673
YHR183W,YDL058W,0,1.7749197,0.2616771459579468,0.9401373863220215,0.27081453800201416
YPL023C,YER096W,0,1.7742461,0.2616056799888611,0.9401373863220215,0.2709147334098816
YBL045C,YER088C,0,1.7723944,0.26153427362442017,0.9401373863220215,0.271014928817749
YGL023C,YPL024W,0,1.7721933,0.26146286725997925,0.9401373863220215,0.27111512422561646
YGL166W,YPR061C,0,1.7720314,0.2613915503025055,0.9401373863220215,0.2712153196334839
YOL058W,YPL163C,0,1.771474,0.26132023334503174,0.9401373863220215,0.27131548523902893
YPL155C,YDR020C,0,1.7705764,0.26124897599220276,0.9401373863220215,0.27141568064689636
YDR408C,YGR172C,0,1.7704568,0.26117774844169617,0.9401373863220215,0.2715158760547638
YDL049C,YDL080C,0,1.7695074,0.26110658049583435,0.9401373863220215,0.2716160714626312
YDL128W,YPL019C,0,1.7688875,0.26103541254997253,0.9401373863220215,0.27171626687049866
YEL046C,YBL069W,1,1.768754,0.2612367272377014,0.9411187171936035,0.27171626687049866
YPR168W,YER029C,0,1.7686157,0.261165589094162,0.9411187171936035,0.2718164622783661
YFL039C,YER117W,0,1.7681296,0.26109448075294495,0.9411187171936035,0.27191662788391113
YKL166C,YDR447C,0,1.767817,0.2610234022140503,0.9411187171936035,0.27201682329177856
YGR047C,YMR146C,0,1.7678077,0.2609523832798004,0.9411187171936035,0.272117018699646
YMR075W,YGR091W,0,1.7673784,0.2608813941478729,0.9411187171936035,0.2722172141075134
YDR077W,YOR077W,0,1.7672234,0.2608104348182678,0.9411187171936035,0.27231740951538086
YJR065C,YML081C-A,0,1.7665255,0.2607395350933075,0.9411187171936035,0.2724176049232483
YFR029W,YBL004W,0,1.7657094,0.26066866517066956,0.9411187171936035,0.27251777052879333
YPR181C,YPL283C,0,1.7655649,0.260597825050354,0.9411187171936035,0.27261796593666077
YJR034W,YBR093C,0,1.7644867,0.2605270445346832,0.9411187171936035,0.2727181613445282
YJL063C,YEL070W,0,1.7636658,0.26045626401901245,0.9411187171936035,0.27281835675239563
YDR119W,YLR183C,0,1.762677,0.26038554310798645,0.9411187171936035,0.27291855216026306
YKL108W,YDL010W,0,1.7621317,0.2603148818016052,0.9411187171936035,0.2730187475681305
YLR262C,YJR034W,0,1.7618531,0.260244220495224,0.9411187171936035,0.27311891317367554
YHR084W,YMR023C,1,1.761619,0.2604449391365051,0.9421001076698303,0.27311891317367554
YHR143W-A,YOR278W,0,1.7609649,0.2603742778301239,0.9421001076698303,0.27321910858154297
YLR170C,YLR329W,0,1.7601198,0.26030367612838745,0.9421001076698303,0.2733193039894104
YJR152W,YBR192W,0,1.7593379,0.2602331340312958,0.9421001076698303,0.27341949939727783
YDR415C,YPR009W,0,1.7590023,0.2601625919342041,0.9421001076698303,0.27351969480514526
YDR191W,YKL209C,0,1.7586676,0.2600921094417572,0.9421001076698303,0.2736198902130127
YPL007C,YOR116C,0,1.7586406,0.2600216567516327,0.9421001076698303,0.27372005581855774
YDL103C,YIR034C,0,1.7574061,0.25995126366615295,0.9421001076698303,0.27382025122642517
YMR004W,YNL245C,0,1.7557011,0.2598809003829956,0.9421001076698303,0.2739204466342926
YLR145W,YGL201C,0,1.7555795,0.25981056690216064,0.9421001076698303,0.27402064204216003
YER096W,YCL030C,0,1.755539,0.25974026322364807,0.9421001076698303,0.27412083745002747
YNL219C,YOL003C,0,1.7542341,0.2596699893474579,0.9421001076698303,0.2742210328578949
YBR030W,YDR288W,0,1.7533368,0.2595997750759125,0.9421001076698303,0.27432119846343994
YLR399C,YBL066C,0,1.7524809,0.25952959060668945,0.9421001076698303,0.2744213938713074
YPR094W,YGL017W,0,1.7520117,0.2594594657421112,0.9421001076698303,0.2745215892791748
YER095W,YNL046W,0,1.7513638,0.25938934087753296,0.9421001076698303,0.27462178468704224
YIL171W,YKR003W,0,1.7506442,0.2593192756175995,0.9421001076698303,0.27472198009490967
YPL167C,YDR012W,0,1.7506369,0.2592492699623108,0.9421001076698303,0.2748221755027771
YHR057C,YGR023W,0,1.7503366,0.2591792643070221,0.9421001076698303,0.27492234110832214
YLR429W,YJL143W,0,1.7503145,0.2591093182563782,0.9421001076698303,0.2750225365161896
YKL009W,YNL238W,0,1.7488203,0.25903940200805664,0.9421001076698303,0.275122731924057
YMR122W-A,YCR102C,0,1.7486305,0.2589695155620575,0.9421001076698303,0.27522292733192444
YGR154C,YNL316C,0,1.7482398,0.2588996887207031,0.9421001076698303,0.27532312273979187
YBR294W,YLR166C,0,1.7473269,0.25882986187934875,0.9421001076698303,0.2754233181476593
YPL150W,YJL085W,0,1.7464795,0.25876009464263916,0.9421001076698303,0.27552348375320435
YOR106W,YHR184W,0,1.7454575,0.25869038701057434,0.9421001076698303,0.2756236791610718
YJR017C,YNR060W,0,1.7439808,0.2586206793785095,0.9421001076698303,0.2757238745689392
YIL126W,YLR048W,0,1.7436247,0.2585510313510895,0.9421001076698303,0.27582406997680664
YIL065C,YGL237C,0,1.7429044,0.2584814131259918,0.9421001076698303,0.2759242653846741
YJL073W,YOL003C,0,1.7426884,0.25841185450553894,0.9421001076698303,0.2760244607925415
YLR224W,YJR067C,0,1.7418633,0.25834229588508606,0.9421001076698303,0.27612462639808655
YDR315C,YGL112C,0,1.74164,0.25827279686927795,0.9421001076698303,0.276224821805954
YML125C,YOL092W,0,1.7416134,0.25820332765579224,0.9421001076698303,0.2763250172138214
YOR360C,YGL123W,0,1.739687,0.2581339180469513,0.9421001076698303,0.27642521262168884
YJL091C,YOR293W,0,1.7392716,0.25806450843811035,0.9421001076698303,0.2765254080295563
YCL011C,YDR446W,0,1.7390661,0.2579951584339142,0.9421001076698303,0.2766256034374237
YCR012W,YNR007C,0,1.7387156,0.2579258382320404,0.9421001076698303,0.27672576904296875
YDR378C,YKR056W,0,1.7379024,0.2578565776348114,0.9421001076698303,0.2768259644508362
YJL053W,YPR124W,0,1.7375404,0.2577873170375824,0.9421001076698303,0.2769261598587036
YNR044W,YHR141C,0,1.7371607,0.25771811604499817,0.9421001076698303,0.27702635526657104
YHR085W,YDL133C-A,0,1.7357407,0.25764894485473633,0.9421001076698303,0.2771265506744385
YKR081C,YBL010C,0,1.7335297,0.25757983326911926,0.9421001076698303,0.2772267162799835
YPL271W,YBR287W,0,1.7333635,0.2575107216835022,0.9421001076698303,0.27732691168785095
YJR138W,YPR163C,0,1.7327758,0.2574416697025299,0.9421001076698303,0.2774271070957184
YPR041W,YCR040W,0,1.732389,0.25737264752388,0.9421001076698303,0.2775273025035858
YGR144W,YBR260C,0,1.7321362,0.2573036849498749,0.9421001076698303,0.27762749791145325
YPR047W,YDL103C,0,1.7321286,0.25723472237586975,0.9421001076698303,0.2777276933193207
YKL071W,YEL063C,0,1.7319032,0.2571658194065094,0.9421001076698303,0.2778278589248657
YER180C,YOL027C,0,1.7317177,0.25709694623947144,0.9421001076698303,0.27792805433273315
YJL044C,YMR229C,0,1.7313683,0.25702810287475586,0.9421001076698303,0.2780282497406006
YJR098C,YOR208W,0,1.7312542,0.25695931911468506,0.9421001076698303,0.278128445148468
YNL326C,YDL217C,0,1.7302141,0.25689056515693665,0.9421001076698303,0.27822864055633545
YOR083W,YGR209C,0,1.727279,0.2568218410015106,0.9421001076698303,0.2783288359642029
YNL083W,YGL236C,0,1.7270074,0.256753146648407,0.9421001076698303,0.2784290015697479
YBR055C,YGL187C,0,1.726644,0.25668448209762573,0.9421001076698303,0.27852919697761536
YIL072W,YLR109W,0,1.7253935,0.25661587715148926,0.9421001076698303,0.2786293923854828
YDR436W,YOL133W,0,1.7253749,0.25654730200767517,0.9421001076698303,0.2787295877933502
YKR002W,YNL047C,0,1.724389,0.25647875666618347,0.9421001076698303,0.27882978320121765
YJR097W,YPR052C,0,1.7221135,0.25641027092933655,0.9421001076698303,0.2789299786090851
YPL172C,YBL079W,0,1.721658,0.2563417851924896,0.9421001076698303,0.2790301442146301
YER096W,YHR082C,0,1.7216226,0.2562733590602875,0.9421001076698303,0.27913033962249756
YGL050W,YDR400W,0,1.7193382,0.2562049627304077,0.9421001076698303,0.279230535030365
YNL209W,YCR040W,0,1.7179664,0.25613659620285034,0.9421001076698303,0.2793307304382324
YML014W,YDR103W,0,1.7169776,0.25606828927993774,0.9421001076698303,0.27943092584609985
YHR143W-A,YDR465C,0,1.7152939,0.25600001215934753,0.9421001076698303,0.2795311212539673
YOR175C,YGR096W,0,1.7138789,0.2559317648410797,0.9421001076698303,0.27963128685951233
YOL136C,YJR019C,0,1.7136908,0.2558635473251343,0.9421001076698303,0.27973148226737976
YLR204W,YPL180W,0,1.7132171,0.25579535961151123,0.9421001076698303,0.2798316776752472
YML104C,YMR289W,0,1.7127029,0.25572723150253296,0.9421001076698303,0.2799318730831146
YOR230W,YHR092C,0,1.7126894,0.2556591331958771,0.9421001076698303,0.28003206849098206
YGL063W,YDR364C,1,1.7123172,0.25585728883743286,0.9430814385414124,0.28003206849098206
YLL032C,YMR236W,0,1.7118219,0.255789190530777,0.9430814385414124,0.2801322638988495
YOL110W,YJL004C,0,1.7117224,0.2557211220264435,0.9430814385414124,0.28023242950439453
YGL124C,YAL047C,0,1.7113516,0.25565311312675476,0.9430814385414124,0.28033262491226196
YML025C,YML085C,0,1.71123,0.25558510422706604,0.9430814385414124,0.2804328203201294
YDR037W,YOR243C,0,1.7105038,0.2555171549320221,0.9430814385414124,0.2805330157279968
YLL010C,YJR095W,0,1.7103018,0.25544923543930054,0.9430814385414124,0.28063321113586426
YLR136C,YKL003C,0,1.7094325,0.25538134574890137,0.9430814385414124,0.2807334065437317
YFL050C,YNL206C,0,1.7090346,0.2553134858608246,0.9430814385414124,0.28083357214927673
YDL043C,YBR070C,0,1.7081568,0.2552456855773926,0.9430814385414124,0.28093376755714417
YLR388W,YCR040W,0,1.7078576,0.25517791509628296,0.9430814385414124,0.2810339629650116
YPL083C,YKL190W,0,1.7076344,0.2551101744174957,0.9430814385414124,0.28113415837287903
YNL012W,YMR251W-A,0,1.7065182,0.2550424635410309,0.9430814385414124,0.28123435378074646
YLR394W,YER148W,0,1.7061961,0.2549747824668884,0.9430814385414124,0.2813345491886139
YML075C,YNL012W,0,1.7059722,0.25490716099739075,0.9430814385414124,0.28143471479415894
YFL013C,YOR246C,0,1.7051024,0.25483956933021545,0.9430814385414124,0.28153491020202637
YGR175C,YDL155W,0,1.7038264,0.25477200746536255,0.9430814385414124,0.2816351056098938
YNL139C,YJL125C,0,1.7032481,0.25470447540283203,0.9430814385414124,0.28173530101776123
YLR069C,YPR025C,0,1.7028708,0.2546370029449463,0.9430814385414124,0.28183549642562866
YJL160C,YDL215C,0,1.7023687,0.25456953048706055,0.9430814385414124,0.2819356918334961
YGL205W,YOR130C,0,1.7020302,0.2545021176338196,0.9430814385414124,0.28203585743904114
YNL030W,YER140W,0,1.7018049,0.254434734582901,0.9430814385414124,0.28213605284690857
YBL069W,YLR286C,0,1.7016265,0.2543673813343048,0.9430814385414124,0.282236248254776
YGR143W,YKL221W,0,1.7016158,0.2543000876903534,0.9430814385414124,0.28233644366264343
YDR311W,YFL053W,0,1.7013767,0.254232794046402,0.9430814385414124,0.28243663907051086
YJL156C,YBL005W-A,0,1.7009991,0.25416556000709534,0.9430814385414124,0.2825368344783783
YHR085W,YMR239C,0,1.7006383,0.2540983557701111,0.9430814385414124,0.28263700008392334
YJL100W,YDL059C,0,1.7005033,0.2540311813354492,0.9430814385414124,0.28273719549179077
YLR380W,YCR077C,0,1.6999874,0.25396406650543213,0.9430814385414124,0.2828373908996582
YMR240C,YIL112W,0,1.6998684,0.25389695167541504,0.9430814385414124,0.28293758630752563
YHR045W,YGR123C,0,1.6966391,0.2538298964500427,0.9430814385414124,0.28303778171539307
YNR063W,YMR287C,0,1.6963125,0.2537628710269928,0.9430814385414124,0.2831379473209381
YBR031W,YDL120W,0,1.6962614,0.25369587540626526,0.9430814385414124,0.28323814272880554
YCL075W,YDL232W,0,1.6960971,0.2536289393901825,0.9430814385414124,0.283338338136673
YGL060W,YGL179C,0,1.6960897,0.25356200337409973,0.9430814385414124,0.2834385335445404
YHR069C,YJL076W,0,1.6959616,0.25349512696266174,0.9430814385414124,0.28353872895240784
YPL024W,YBR024W,0,1.694638,0.25342828035354614,0.9430814385414124,0.28363892436027527
YMR189W,YNL311C,0,1.6929429,0.25336146354675293,0.9430814385414124,0.2837390899658203
YNR011C,YEL071W,0,1.6927992,0.2532946765422821,0.9430814385414124,0.28383928537368774
YJR161C,YLR069C,0,1.6924667,0.25322791934013367,0.9430814385414124,0.2839394807815552
YDR239C,YOR201C,1,1.6924385,0.25342464447021484,0.9440628290176392,0.2839394807815552
YLR133W,YPL059W,0,1.6921625,0.2533579170703888,0.9440628290176392,0.2840396761894226
YER162C,YGL183C,0,1.6921285,0.25329121947288513,0.9440628290176392,0.28413987159729004
YBR237W,YML062C,0,1.6920068,0.25322452187538147,0.9440628290176392,0.28424006700515747
YEL038W,YBR020W,0,1.6888099,0.2531578838825226,0.9440628290176392,0.2843402326107025
YJL024C,YDR027C,0,1.6884522,0.25309130549430847,0.9440628290176392,0.28444042801856995
YPR011C,YEL021W,0,1.687774,0.25302472710609436,0.9440628290176392,0.2845406234264374
YAL038W,YJR060W,0,1.6870422,0.25295817852020264,0.9440628290176392,0.2846408188343048
YDL044C,YKL064W,0,1.6868359,0.2528916895389557,0.9440628290176392,0.28474101424217224
YNL259C,YDR465C,0,1.6866829,0.25282523036003113,0.9440628290176392,0.2848412096500397
YOL090W,YPR190C,0,1.6857207,0.25275880098342896,0.9440628290176392,0.2849413752555847
YLR459W,YJL044C,0,1.6855947,0.25269240140914917,0.9440628290176392,0.28504157066345215
YGL170C,YNL254C,1,1.6851572,0.25288864970207214,0.9450441598892212,0.28504157066345215
YBR245C,YDL077C,0,1.685106,0.25282225012779236,0.9450441598892212,0.2851417660713196
YLR095C,YIR012W,0,1.6843054,0.25275591015815735,0.9450441598892212,0.285241961479187
YDR137W,YLR105C,0,1.6841724,0.25268957018852234,0.9450441598892212,0.28534215688705444
YER004W,YBR221C,0,1.6836915,0.2526232898235321,0.9450441598892212,0.2854423522949219
YGL162W,YER161C,0,1.6835489,0.25255703926086426,0.9450441598892212,0.2855425179004669
YNL242W,YLR210W,0,1.6832302,0.2524908185005188,0.9450441598892212,0.28564271330833435
YDR383C,YEL036C,0,1.6832016,0.2524246275424957,0.9450441598892212,0.2857429087162018
YLR427W,YNL299W,0,1.6831338,0.25235849618911743,0.9450441598892212,0.2858431041240692
YDR480W,YJR076C,0,1.6829004,0.25229236483573914,0.9450441598892212,0.28594329953193665
YOR033C,YOR327C,0,1.6824888,0.2522262930870056,0.9450441598892212,0.2860434949398041
YKL120W,YIL048W,0,1.6821811,0.2521602511405945,0.9450441598892212,0.2861436605453491
YFR003C,YMR291W,0,1.6814499,0.25209423899650574,0.9450441598892212,0.28624385595321655
YER075C,YMR289W,0,1.6802969,0.2520282566547394,0.9450441598892212,0.286344051361084
YNL003C,YAL029C,0,1.6795005,0.2519623339176178,0.9450441598892212,0.2864442467689514
YMR295C,YJL143W,0,1.6792969,0.2518964111804962,0.9450441598892212,0.28654444217681885
YER006W,YOR356W,0,1.6769917,0.2518305480480194,0.9450441598892212,0.2866446375846863
YDR141C,YLL032C,0,1.6767175,0.251764714717865,0.9450441598892212,0.2867448031902313
YML121W,YER126C,0,1.6764466,0.25169891119003296,0.9450441598892212,0.28684499859809875
YPR011C,YOL124C,0,1.6761292,0.2516331374645233,0.9450441598892212,0.2869451940059662
YLR262C,YFL002C,0,1.674819,0.25156739354133606,0.9450441598892212,0.2870453894138336
YMR128W,YOL119C,0,1.6745653,0.2515017092227936,0.9450441598892212,0.28714558482170105
YCR067C,YNL275W,0,1.6739098,0.2514360249042511,0.9450441598892212,0.2872457802295685
YNR015W,YLR393W,0,1.6734614,0.2513704001903534,0.9450441598892212,0.2873459458351135
YOL005C,YDR418W,0,1.673339,0.2513048052787781,0.9450441598892212,0.28744614124298096
YOL052C,YAL022C,0,1.6727275,0.25123924016952515,0.9450441598892212,0.2875463366508484
YKL172W,YER030W,0,1.6726301,0.2511737048625946,0.9450441598892212,0.2876465320587158
YMR204C,YKL042W,0,1.6724677,0.25110819935798645,0.9450441598892212,0.28774672746658325
YJR159W,YBR296C,0,1.6718618,0.25104275345802307,0.9450441598892212,0.2878469228744507
YJR138W,YOR046C,0,1.6713567,0.2509773373603821,0.9450441598892212,0.2879470884799957
YDR522C,YOR118W,0,1.6712484,0.2509119212627411,0.9450441598892212,0.28804728388786316
YGL259W,YDR043C,0,1.6710976,0.2508465647697449,0.9450441598892212,0.2881474792957306
YLR073C,YDR237W,0,1.6690161,0.25078123807907104,0.9450441598892212,0.288247674703598
YER122C,YDR298C,0,1.6689434,0.250715970993042,0.9450441598892212,0.28834787011146545
YMR042W,YLR013W,0,1.6688116,0.25065070390701294,0.9450441598892212,0.2884480655193329
YDL171C,YLR447C,0,1.6683924,0.2505854666233063,0.9450441598892212,0.28854823112487793
YPL200W,YDR263C,0,1.6674172,0.2505202889442444,0.9450441598892212,0.28864842653274536
YLR404W,YGL201C,0,1.6664739,0.2504551410675049,0.9450441598892212,0.2887486219406128
YOL130W,YEL036C,1,1.6647344,0.250650018453598,0.9460254907608032,0.2887486219406128
YER003C,YKL061W,0,1.6644187,0.2505848705768585,0.9460254907608032,0.2888488173484802
YER157W,YDL229W,0,1.6640899,0.2505197525024414,0.9460254907608032,0.28894901275634766
YIL103W,YKL008C,0,1.6634784,0.2504546642303467,0.9460254907608032,0.2890492081642151
YBR083W,YDR447C,0,1.6617364,0.25038960576057434,0.9460254907608032,0.28914937376976013
YIL170W,YER019W,0,1.6607287,0.2503245770931244,0.9460254907608032,0.28924956917762756
YOR336W,YGR280C,0,1.659952,0.2502596080303192,0.9460254907608032,0.289349764585495
YDR014W,YGL201C,0,1.6599455,0.25019463896751404,0.9460254907608032,0.2894499599933624
YER053C,YCR102C,0,1.6594307,0.25012972950935364,0.9460254907608032,0.28955015540122986
YJL074C,YOL027C,0,1.6589669,0.2500648498535156,0.9460254907608032,0.2896503210067749
YJL187C,YBR042C,0,1.6586516,0.25,0.9460254907608032,0.28975051641464233
YNR073C,YMR068W,0,1.6571928,0.24993517994880676,0.9460254907608032,0.28985071182250977
YPL104W,YER012W,0,1.6565084,0.2498704046010971,0.9460254907608032,0.2899509072303772
YBL057C,YDR529C,0,1.6555865,0.24980564415454865,0.9460254907608032,0.29005110263824463
YOL054W,YJR060W,0,1.6554077,0.24974092841148376,0.9460254907608032,0.29015129804611206
YNL058C,YBR223C,0,1.6553226,0.24967624247074127,0.9460254907608032,0.2902514636516571
YNL254C,YGR024C,1,1.6511111,0.24987053871154785,0.94700688123703,0.2902514636516571
YJR063W,YPL085W,0,1.6504699,0.24980585277080536,0.94700688123703,0.29035165905952454
YJL008C,YPL086C,0,1.6496873,0.24974119663238525,0.94700688123703,0.29045185446739197
YMR109W,YER011W,0,1.6490567,0.24967658519744873,0.94700688123703,0.2905520498752594
YOR058C,YDR299W,0,1.6484666,0.2496120035648346,0.94700688123703,0.29065224528312683
YBR133C,YHR021C,0,1.64694,0.24954745173454285,0.94700688123703,0.29075244069099426
YKR036C,YHR008C,0,1.6468395,0.2494829297065735,0.94700688123703,0.2908526062965393
YJR140C,YKL061W,0,1.6446837,0.2494184523820877,0.94700688123703,0.29095280170440674
YHR089C,YIR012W,0,1.6442609,0.24935400485992432,0.94700688123703,0.29105299711227417
YBL003C,YCL045C,0,1.6438878,0.2492895871400833,0.94700688123703,0.2911531925201416
YDR120C,YGL038C,0,1.6435498,0.2492251992225647,0.94700688123703,0.29125338792800903
YMR152W,YOR077W,0,1.6433116,0.24916085600852966,0.94700688123703,0.29135358333587646
YLR240W,YCL043C,0,1.6425705,0.24909654259681702,0.94700688123703,0.2914537489414215
YDR540C,YLR419W,0,1.6421249,0.24903225898742676,0.94700688123703,0.29155394434928894
YOR391C,YDR379W,0,1.6421,0.2489680051803589,0.94700688123703,0.29165413975715637
YJL203W,YOL139C,0,1.6414462,0.2489037960767746,0.94700688123703,0.2917543351650238
YAR015W,YBR195C,1,1.6391625,0.24909746646881104,0.9479882121086121,0.2917543351650238
YPL144W,YJL014W,0,1.6391476,0.24903325736522675,0.9479882121086121,0.29185453057289124
YJR107W,YOR159C,0,1.6376144,0.24896907806396484,0.9479882121086121,0.29195472598075867
YDL229W,YLR147C,0,1.635992,0.24890492856502533,0.9479882121086121,0.2920548915863037
YLR398C,YBR282W,0,1.6359726,0.2488408088684082,0.9479882121086121,0.29215508699417114
YLR398C,YJR031C,0,1.6358397,0.24877671897411346,0.9479882121086121,0.2922552824020386
YBR033W,YFR033C,0,1.6352954,0.2487126737833023,0.9479882121086121,0.292355477809906
YGL137W,YPL011C,0,1.6347835,0.24864864349365234,0.9479882121086121,0.29245567321777344
YLL032C,YOL054W,0,1.6340487,0.24858465790748596,0.9479882121086121,0.29255586862564087
YDL033C,YMR008C,0,1.6336405,0.24852071702480316,0.9479882121086121,0.2926560342311859
YOR230W,YJL100W,0,1.6334243,0.24845679104328156,0.9479882121086121,0.29275622963905334
YBL061C,YGL255W,0,1.6332716,0.24839290976524353,0.9479882121086121,0.2928564250469208
YGL013C,YKR035W-A,0,1.632926,0.2483290433883667,0.9479882121086121,0.2929566204547882
YDR088C,YPR033C,0,1.6324604,0.24826522171497345,0.9479882121086121,0.29305681586265564
YJR159W,YDL109C,0,1.6320653,0.24820144474506378,0.9479882121086121,0.29315701127052307
YGR275W,YGR172C,0,1.6314738,0.2481376826763153,0.9479882121086121,0.2932571768760681
YPL190C,YAL043C,0,1.6311414,0.24807396531105042,0.9479882121086121,0.29335737228393555
YKL074C,YAL058W,0,1.6300004,0.24801026284694672,0.9479882121086121,0.293457567691803
YNL021W,YPR196W,0,1.6292591,0.2479466050863266,0.9479882121086121,0.2935577630996704
YBR105C,YNR063W,0,1.6287773,0.24788299202919006,0.9479882121086121,0.29365795850753784
YLR107W,YMR005W,0,1.6263525,0.24781939387321472,0.9479882121086121,0.2937581539154053
YPR171W,YMR287C,0,1.6245725,0.24775584042072296,0.9479882121086121,0.2938583195209503
YLR015W,YMR130W,0,1.6238847,0.2476923018693924,0.9479882121086121,0.29395851492881775
YFL003C,YGL169W,0,1.6236635,0.2476288080215454,0.9479882121086121,0.2940587103366852
YDR104C,YNL075W,0,1.6226542,0.2475653439760208,0.9479882121086121,0.2941589057445526
YDL056W,YJL176C,0,1.6220931,0.2475019246339798,0.9479882121086121,0.29425910115242004
YDL181W,YLL003W,0,1.6217518,0.24743852019309998,0.9479882121086121,0.2943592965602875
YCL029C,YKR080W,1,1.6213574,0.24763123691082,0.9489696025848389,0.2943592965602875
YDR208W,YOL010W,0,1.621236,0.24756784737110138,0.9489696025848389,0.2944594621658325
YMR154C,YGR221C,0,1.6210552,0.24750447273254395,0.9489696025848389,0.29455965757369995
YLR081W,YOR284W,0,1.6208324,0.2474411427974701,0.9489696025848389,0.2946598529815674
YJR125C,YHR028C,0,1.6200948,0.24737784266471863,0.9489696025848389,0.2947600483894348
YOL088C,YMR087W,0,1.6163557,0.24731457233428955,0.9489696025848389,0.29486024379730225
YGL002W,YGL026C,0,1.6145415,0.24725134670734406,0.9489696025848389,0.2949604392051697
YMR283C,YMR236W,0,1.6137109,0.24718813598155975,0.9489696025848389,0.2950606048107147
YBR061C,YIR023W,0,1.6129417,0.24712496995925903,0.9489696025848389,0.29516080021858215
YDR400W,YOL043C,0,1.6128091,0.2470618337392807,0.9489696025848389,0.2952609956264496
YOL005C,YEL070W,0,1.6112549,0.24699872732162476,0.9489696025848389,0.295361191034317
YBL057C,YOR354C,0,1.6106993,0.2469356507062912,0.9489696025848389,0.29546138644218445
YOR337W,YPR091C,0,1.6086038,0.24687260389328003,0.9489696025848389,0.2955615818500519
YGL033W,YEL064C,0,1.6073328,0.24680960178375244,0.9489696025848389,0.2956617474555969
YIL090W,YCR089W,0,1.6068999,0.24674661457538605,0.9489696025848389,0.29576194286346436
YHR003C,YLR373C,0,1.6067686,0.24668367207050323,0.9489696025848389,0.2958621382713318
YEL053C,YHR178W,0,1.604974,0.2466207593679428,0.9489696025848389,0.2959623336791992
YBR095C,YGL136C,0,1.6033859,0.24655787646770477,0.9489696025848389,0.29606252908706665
YDR315C,YNL225C,0,1.6018963,0.24649502336978912,0.9489696025848389,0.2961626946926117
YJR104C,YGL084C,0,1.6016467,0.24643221497535706,0.9489696025848389,0.2962628901004791
YFL024C,YJL194W,0,1.6010498,0.24636942148208618,0.9489696025848389,0.29636308550834656
YBR217W,YNL080C,0,1.6002336,0.2463066726922989,0.9489696025848389,0.296463280916214
YER021W,YER170W,0,1.5998898,0.24624395370483398,0.9489696025848389,0.2965634763240814
YOR367W,YDR139C,0,1.5992103,0.24618126451969147,0.9489696025848389,0.29666367173194885
YGL035C,YLR035C-A,0,1.5987117,0.24611860513687134,0.9489696025848389,0.2967638373374939
YDR498C,YDL178W,0,1.597621,0.2460559755563736,0.9489696025848389,0.29686403274536133
YJL091C,YOR057W,0,1.5966156,0.24599339067935944,0.9489696025848389,0.29696422815322876
YOR038C,YEL069C,0,1.5961316,0.24593082070350647,0.9489696025848389,0.2970644235610962
YBR265W,YKL086W,0,1.5932531,0.24586829543113708,0.9489696025848389,0.2971646189689636
YKL180W,YOR339C,0,1.593052,0.2458057999610901,0.9489696025848389,0.29726481437683105
YNL086W,YJR091C,0,1.5929835,0.24574333429336548,0.9489696025848389,0.2973649799823761
YDR403W,YMR264W,0,1.5921311,0.24568089842796326,0.9489696025848389,0.29746517539024353
YER007W,YOR180C,0,1.5908251,0.24561849236488342,0.9489696025848389,0.29756537079811096
YNR057C,YDR518W,0,1.5897909,0.24555611610412598,0.9489696025848389,0.2976655662059784
YDL137W,YNL009W,0,1.5895517,0.2454937845468521,0.9489696025848389,0.2977657616138458
YDL215C,YMR323W,0,1.5894495,0.24543146789073944,0.9489696025848389,0.29786595702171326
YHR211W,YHL032C,0,1.5893831,0.24536919593811035,0.9489696025848389,0.2979661226272583
YLR163C,YKR054C,0,1.5893201,0.24530695378780365,0.9489696025848389,0.29806631803512573
YOR115C,YNR040W,0,1.5885367,0.24524474143981934,0.9489696025848389,0.29816651344299316
YDR017C,YJR082C,0,1.5869058,0.2451825588941574,0.9489696025848389,0.2982667088508606
YLR178C,YHR091C,0,1.5867958,0.24512040615081787,0.9489696025848389,0.298366904258728
YLR340W,YKR035W-A,0,1.5862867,0.24505828320980072,0.9489696025848389,0.29846709966659546
YBR058C-A,YJL034W,0,1.5860178,0.24499620497226715,0.9489696025848389,0.2985672652721405
YDL147W,YHR077C,0,1.5859845,0.24493414163589478,0.9489696025848389,0.29866746068000793
YDR392W,YDL110C,0,1.585927,0.24487212300300598,0.9489696025848389,0.29876765608787537
YNL039W,YML094W,0,1.5849934,0.24481011927127838,0.9489696025848389,0.2988678514957428
YEL037C,YDR429C,0,1.5844107,0.24474816024303436,0.9489696025848389,0.29896804690361023
YJL113W,YPL085W,0,1.5843952,0.24468623101711273,0.9489696025848389,0.29906824231147766
YGL190C,YMR211W,0,1.5841954,0.2446243315935135,0.9489696025848389,0.2991684079170227
YPL023C,YLR226W,0,1.5823944,0.24456246197223663,0.9489696025848389,0.29926860332489014
YMR316W,YOR338W,0,1.5823294,0.24450063705444336,0.9489696025848389,0.29936879873275757
YHR057C,YDR457W,0,1.5818839,0.24443882703781128,0.9489696025848389,0.299468994140625
YJL133W,YML087C,0,1.5813476,0.2443770468235016,0.9489696025848389,0.29956918954849243
YOR056C,YER030W,0,1.5788064,0.24431531131267548,0.9489696025848389,0.29966938495635986
YHL004W,YLR268W,0,1.5780339,0.24425360560417175,0.9489696025848389,0.2997695505619049
YLR182W,YMR179W,0,1.5779128,0.24419191479682922,0.9489696025848389,0.29986974596977234
YMR150C,YKL170W,0,1.5778158,0.24413026869297028,0.9489696025848389,0.29996994137763977
YML046W,YDL007W,0,1.577734,0.24406865239143372,0.9489696025848389,0.3000701367855072
YGR067C,YLR005W,0,1.5772029,0.24400706589221954,0.9489696025848389,0.30017033219337463
YBL076C,YJL133W,0,1.5762646,0.24394550919532776,0.9489696025848389,0.30027052760124207
YHL027W,YOR044W,0,1.5762005,0.24388398230075836,0.9489696025848389,0.3003706932067871
YOR033C,YOR123C,0,1.5741277,0.24382248520851135,0.9489696025848389,0.30047088861465454
YPR111W,YKL165C,0,1.5736421,0.24376103281974792,0.9489696025848389,0.300571084022522
YBR026C,YBL099W,0,1.5734661,0.2436995953321457,0.9489696025848389,0.3006712794303894
YDL129W,YJR103W,0,1.5732605,0.24363820254802704,0.9489696025848389,0.30077147483825684
YHR007C,YFR051C,0,1.5729885,0.24357682466506958,0.9489696025848389,0.30087167024612427
YDR424C,YOR391C,0,1.572957,0.2435154914855957,0.9489696025848389,0.3009718358516693
YGL170C,YER168C,1,1.5723987,0.24370594322681427,0.9499509334564209,0.3009718358516693
YGL224C,YMR280C,0,1.5720592,0.2436445951461792,0.9499509334564209,0.30107203125953674
YIR039C,YDL193W,0,1.5719888,0.2435832917690277,0.9499509334564209,0.3011722266674042
YDR378C,YML116W,0,1.5719669,0.2435220181941986,0.9499509334564209,0.3012724220752716
YJR086W,YLR206W,0,1.570966,0.2434607595205307,0.9499509334564209,0.30137261748313904
YER049W,YOR328W,0,1.570815,0.24339954555034637,0.9499509334564209,0.30147281289100647
YGL048C,YDR462W,0,1.5691524,0.24333836138248444,0.9499509334564209,0.3015729784965515
YHR019C,YLR242C,0,1.5690172,0.24327720701694489,0.9499509334564209,0.30167317390441895
YIR011C,YJL081C,0,1.568832,0.24321608245372772,0.9499509334564209,0.3017733693122864
YOR237W,YIR017C,0,1.5681012,0.24315498769283295,0.9499509334564209,0.3018735647201538
YPL183W-A,YDR046C,0,1.5667115,0.24309392273426056,0.9499509334564209,0.30197376012802124
YJR077C,YCR011C,0,1.564976,0.24303288757801056,0.9499509334564209,0.3020739257335663
YHR196W,YGR013W,0,1.5647899,0.24297188222408295,0.9499509334564209,0.3021741211414337
YBL011W,YAL040C,0,1.564704,0.24291092157363892,0.9499509334564209,0.30227431654930115
YOR328W,YMR037C,0,1.5645909,0.24284997582435608,0.9499509334564209,0.3023745119571686
YER180C,YDR511W,0,1.5620464,0.24278905987739563,0.9499509334564209,0.302474707365036
YLR238W,YPR025C,0,1.5612758,0.24272818863391876,0.9499509334564209,0.30257490277290344
YHR052W,YOR007C,0,1.5606564,0.2426673322916031,0.9499509334564209,0.3026750683784485
YGR206W,YKR105C,0,1.5603088,0.242606520652771,0.9499509334564209,0.3027752637863159
YNL191W,YLR433C,1,1.5598745,0.24279628694057465,0.9509322643280029,0.3027752637863159
YBL057C,YPR022C,0,1.5595739,0.24273547530174255,0.9509322643280029,0.30287545919418335
YDR117C,YER042W,0,1.5588231,0.24267467856407166,0.9509322643280029,0.3029756546020508
YJR082C,YNL001W,0,1.5587602,0.24261392652988434,0.9509322643280029,0.3030758500099182
YGR221C,YDR288W,0,1.5583572,0.24255318939685822,0.9509322643280029,0.30317604541778564
YNL244C,YMR270C,0,1.5574905,0.24249249696731567,0.9509322643280029,0.3032762110233307
YDL126C,YKL201C,0,1.5568161,0.24243181943893433,0.9509322643280029,0.3033764064311981
YGL059W,YJR140C,0,1.5550151,0.24237118661403656,0.9509322643280029,0.30347660183906555
YFR032C-A,YLR446W,0,1.5547252,0.24231058359146118,0.9509322643280029,0.303576797246933
YGL137W,YOL005C,0,1.553793,0.242249995470047,0.9509322643280029,0.3036769926548004
YDR088C,YMR257C,0,1.5537324,0.2421894520521164,0.9509322643280029,0.30377718806266785
YPR168W,YDR311W,0,1.5532055,0.24212893843650818,0.9509322643280029,0.3038773536682129
YPR056W,YDL207W,0,1.552465,0.24206845462322235,0.9509322643280029,0.3039775490760803
YOL108C,YHR018C,0,1.5524511,0.24200798571109772,0.9509322643280029,0.30407774448394775
YHR179W,YDL109C,0,1.5523362,0.24194756150245667,0.9509322643280029,0.3041779398918152
YLR029C,YDL207W,0,1.5521271,0.241887167096138,0.9509322643280029,0.3042781352996826
YMR020W,YDL045W-A,0,1.5509777,0.24182680249214172,0.9509322643280029,0.30437833070755005
YER161C,YFL036W,0,1.550258,0.24176646769046783,0.9509322643280029,0.3044784963130951
YOR346W,YNL309W,0,1.5500089,0.24170616269111633,0.9509322643280029,0.3045786917209625
YDR492W,YGR154C,0,1.5494695,0.24164588749408722,0.9509322643280029,0.30467888712882996
YMR013C,YBR215W,0,1.5494237,0.2415856420993805,0.9509322643280029,0.3047790825366974
YGR034W,YBL079W,0,1.5490372,0.24152542650699615,0.9509322643280029,0.3048792779445648
YOR374W,YHR012W,0,1.5480598,0.2414652407169342,0.9509322643280029,0.30497947335243225
YMR240C,YPL053C,0,1.548039,0.24140508472919464,0.9509322643280029,0.3050796389579773
YMR021C,YLR050C,0,1.5464847,0.24134495854377747,0.9509322643280029,0.3051798343658447
YDR403W,YEL036C,0,1.5447261,0.24128486216068268,0.9509322643280029,0.30528002977371216
YDR383C,YGR056W,0,1.5435462,0.24122479557991028,0.9509322643280029,0.3053802251815796
YHR206W,YDL192W,0,1.5433557,0.24116475880146027,0.9509322643280029,0.305480420589447
YHR019C,YGR276C,0,1.541903,0.24110475182533264,0.9509322643280029,0.30558061599731445
YDR113C,YOR057W,0,1.5413563,0.2410447746515274,0.9509322643280029,0.3056807816028595
YPL217C,YLR449W,0,1.5411985,0.24098482728004456,0.9509322643280029,0.30578097701072693
YLR201C,YLR431C,0,1.5408453,0.2409249097108841,0.9509322643280029,0.30588117241859436
YNL240C,YGR035C,1,1.5405358,0.2411136031150818,0.9519136548042297,0.30588117241859436
YML063W,YPR113W,0,1.5405273,0.24105367064476013,0.9519136548042297,0.3059813678264618
YMR021C,YKR010C,0,1.5403335,0.24099378287792206,0.9519136548042297,0.3060815632343292
YLR459W,YPR024W,0,1.5395757,0.24093392491340637,0.9519136548042297,0.30618175864219666
YDR296W,YKL091C,0,1.5394927,0.24087409675121307,0.9519136548042297,0.3062819242477417
YER087W,YBR179C,0,1.538497,0.24081429839134216,0.9519136548042297,0.30638211965560913
YKR102W,YOL138C,0,1.5384171,0.24075452983379364,0.9519136548042297,0.30648231506347656
YNL127W,YMR314W,0,1.5368578,0.2406947910785675,0.9519136548042297,0.306582510471344
YCR072C,YPL228W,0,1.5367837,0.24063508212566376,0.9519136548042297,0.3066827058792114
YCR081W,YLR103C,0,1.5362122,0.2405754029750824,0.9519136548042297,0.30678290128707886
YPR042C,YNL229C,0,1.5357993,0.24051573872566223,0.9519136548042297,0.3068830668926239
YML036W,YPL163C,0,1.5356047,0.24045611917972565,0.9519136548042297,0.30698326230049133
YDR226W,YDL130W-A,0,1.5352165,0.24039652943611145,0.9519136548042297,0.30708345770835876
YNL306W,YPL038W,0,1.5352021,0.24033696949481964,0.9519136548042297,0.3071836531162262
YKL127W,YNL230C,0,1.5333698,0.24027743935585022,0.9519136548042297,0.30728384852409363
YPR125W,YGL063W,1,1.5329492,0.24046558141708374,0.9528949856758118,0.30728384852409363
YLR080W,YIL074C,0,1.5327525,0.24040603637695312,0.9528949856758118,0.30738404393196106
YNR072W,YMR290C,0,1.5327113,0.2403465360403061,0.9528949856758118,0.3074842095375061
YDR533C,YOL133W,0,1.5319543,0.24028705060482025,0.9528949856758118,0.30758440494537354
YOR279C,YMR270C,0,1.5316825,0.240227609872818,0.9528949856758118,0.30768460035324097
YNL339C,YGR092W,0,1.531292,0.24016819894313812,0.9528949856758118,0.3077847957611084
YNL240C,YLR430W,1,1.5304002,0.24035608768463135,0.9538763761520386,0.3077847957611084
YNR070W,YDR388W,0,1.529598,0.24029666185379028,0.9538763761520386,0.30788499116897583
YGR023W,YER169W,0,1.529284,0.2402372658252716,0.9538763761520386,0.30798518657684326
YBL006C,YNL279W,0,1.5282729,0.2401779145002365,0.9538763761520386,0.3080853521823883
YAL020C,YGR166W,0,1.527646,0.2401185780763626,0.9538763761520386,0.30818554759025574
YLR304C,YHR041C,0,1.5276047,0.2400592714548111,0.9538763761520386,0.30828574299812317
YDR131C,YEL077C,0,1.5267358,0.23999999463558197,0.9538763761520386,0.3083859384059906
YPL055C,YGR246C,0,1.5259895,0.23994076251983643,0.9538763761520386,0.30848613381385803
YHR007C,YBR228W,0,1.5255044,0.23988154530525208,0.9538763761520386,0.3085862994194031
YOR089C,YOR205C,0,1.5246699,0.2398223578929901,0.9538763761520386,0.3086864948272705
YLR107W,YFR031C,0,1.5245885,0.23976320028305054,0.9538763761520386,0.30878669023513794
YHR036W,YJR105W,0,1.5233575,0.23970407247543335,0.9538763761520386,0.30888688564300537
YPL024W,YDR174W,0,1.523066,0.23964497447013855,0.9538763761520386,0.3089870810508728
YLR077W,YAL055W,0,1.5229251,0.23958590626716614,0.9538763761520386,0.30908727645874023
YJL207C,YMR166C,0,1.5226045,0.2395268678665161,0.9538763761520386,0.3091874420642853
YOL102C,YBL106C,0,1.5226023,0.23946784436702728,0.9538763761520386,0.3092876374721527
YAR050W,YGR081C,0,1.5223563,0.23940886557102203,0.9538763761520386,0.30938783288002014
YJL136C,YNL283C,0,1.5223017,0.23934991657733917,0.9538763761520386,0.3094880282878876
YMR276W,YOL089C,0,1.5221803,0.2392909824848175,0.9538763761520386,0.309588223695755
YNL085W,YLL011W,0,1.521714,0.23923209309577942,0.9538763761520386,0.30968841910362244
YDR363W-A,YDR253C,0,1.5216832,0.23917323350906372,0.9538763761520386,0.3097885847091675
YJL092W,YMR319C,0,1.52104,0.23911438882350922,0.9538763761520386,0.3098887801170349
YPR151C,YPL059W,0,1.5210371,0.2390555888414383,0.9538763761520386,0.30998897552490234
YBR185C,YBR201W,0,1.519522,0.23899680376052856,0.9538763761520386,0.3100891709327698
YLR386W,YOR168W,0,1.5182204,0.23893804848194122,0.9538763761520386,0.3101893663406372
YCR012W,YKL209C,0,1.5174763,0.23887933790683746,0.9538763761520386,0.31028956174850464
YKL164C,YJL139C,0,1.5163639,0.2388206422328949,0.9538763761520386,0.3103897273540497
YJL097W,YEL036C,0,1.5161264,0.23876197636127472,0.9538763761520386,0.3104899227619171
YBR179C,YHR178W,0,1.5159683,0.23870334029197693,0.9538763761520386,0.31059011816978455
YBR136W,YER058W,0,1.5154686,0.23864473402500153,0.9538763761520386,0.310690313577652
YBL006C,YEL061C,0,1.5153966,0.2385861575603485,0.9538763761520386,0.3107905089855194
YIL072W,YJL066C,0,1.5153563,0.23852761089801788,0.9538763761520386,0.31089070439338684
YDR477W,YHR206W,0,1.5153532,0.23846909403800964,0.9538763761520386,0.3109908699989319
YDR487C,YDL069C,0,1.514056,0.2384105920791626,0.9538763761520386,0.3110910654067993
YGR154C,YOL157C,0,1.5140154,0.23835213482379913,0.9538763761520386,0.31119126081466675
YDR363W,YGR280C,0,1.5122397,0.23829369246959686,0.9538763761520386,0.3112914562225342
YOR295W,YGL060W,0,1.512167,0.23823529481887817,0.9538763761520386,0.3113916516304016
YKR086W,YPL162C,0,1.5104824,0.23817691206932068,0.9538763761520386,0.31149184703826904
YML063W,YCR048W,0,1.5095842,0.23811857402324677,0.9538763761520386,0.3115920126438141
YGR052W,YCL004W,0,1.5093869,0.23806025087833405,0.9538763761520386,0.3116922080516815
YGL155W,YIL132C,0,1.5089262,0.2380019575357437,0.9538763761520386,0.31179240345954895
YNL329C,YER061C,0,1.5080726,0.23794369399547577,0.9538763761520386,0.3118925988674164
YIL017C,YGR135W,0,1.5066688,0.2378854602575302,0.9538763761520386,0.3119927942752838
YGL174W,YDR182W,0,1.506242,0.23782725632190704,0.9538763761520386,0.31209298968315125
YLR380W,YLR210W,0,1.505938,0.23776908218860626,0.9538763761520386,0.3121931552886963
YPL269W,YJL112W,0,1.5054584,0.23771093785762787,0.9538763761520386,0.3122933506965637
YDR224C,YDL129W,0,1.505433,0.23765280842781067,0.9538763761520386,0.31239354610443115
YBR068C,YNL101W,0,1.5052552,0.23759472370147705,0.9538763761520386,0.3124937415122986
YBR228W,YER048C,0,1.5041387,0.23753665387630463,0.9538763761520386,0.312593936920166
YDR285W,YOR306C,0,1.5035555,0.23747862875461578,0.9538763761520386,0.31269413232803345
YMR112C,YGL172W,0,1.5029805,0.23742061853408813,0.9538763761520386,0.3127942979335785
YNR016C,YCL036W,0,1.5022924,0.23736263811588287,0.9538763761520386,0.3128944933414459
YIL139C,YLR287C-A,0,1.501396,0.2373046875,0.9538763761520386,0.31299468874931335
YBL092W,YER088C,0,1.5001919,0.23724676668643951,0.9538763761520386,0.3130948841571808
YCL050C,YDR139C,0,1.4996839,0.23718887567520142,0.9538763761520386,0.3131950795650482
YMR161W,YFL017W-A,0,1.4993489,0.2371310144662857,0.9538763761520386,0.31329527497291565
YJR043C,YKR087C,0,1.4988075,0.2370731681585312,0.9538763761520386,0.3133954405784607
YHL027W,YOR126C,0,1.498805,0.23701536655426025,0.9538763761520386,0.3134956359863281
YOR214C,YLR051C,0,1.4974177,0.2369575798511505,0.9538763761520386,0.31359583139419556
YLR201C,YNR069C,0,1.4963305,0.23689982295036316,0.9538763761520386,0.313696026802063
YFL001W,YDL239C,0,1.4959549,0.2368421107530594,0.9538763761520386,0.3137962222099304
YJL137C,YKL164C,0,1.4956648,0.2367844134569168,0.9538763761520386,0.31389641761779785
YDL217C,YOR344C,0,1.4952825,0.23672674596309662,0.9538763761520386,0.3139965832233429
YDR465C,YLR446W,0,1.4949558,0.23666910827159882,0.9538763761520386,0.3140967786312103
YKL117W,YNR008W,0,1.4944537,0.2366114854812622,0.9538763761520386,0.31419697403907776
YPL194W,YLR025W,0,1.4927317,0.23655390739440918,0.9538763761520386,0.3142971694469452
YER166W,YCL038C,0,1.4925327,0.23649634420871735,0.9538763761520386,0.3143973648548126
YKL198C,YKR068C,0,1.4923167,0.2364388257265091,0.9538763761520386,0.31449753046035767
YDR065W,YLL051C,0,1.4912689,0.23638132214546204,0.9538763761520386,0.3145977258682251
YPR065W,YJL115W,0,1.4906874,0.23632384836673737,0.9538763761520386,0.31469792127609253
YFR046C,YEL058W,0,1.4902606,0.23626640439033508,0.9538763761520386,0.31479811668395996
YNR040W,YKL190W,0,1.4899325,0.2362089902162552,0.9538763761520386,0.3148983120918274
YBR185C,YNR061C,0,1.4896524,0.23615160584449768,0.9538763761520386,0.3149985074996948
YKR006C,YDR267C,0,1.4885745,0.23609423637390137,0.9538763761520386,0.31509867310523987
YGL068W,YPR118W,0,1.4884291,0.23603691160678864,0.9538763761520386,0.3151988685131073
YOR092W,YPL042C,0,1.4883473,0.2359796017408371,0.9538763761520386,0.31529906392097473
YCL031C,YFL044C,0,1.4876668,0.23592233657836914,0.9538763761520386,0.31539925932884216
YDR134C,YDL214C,0,1.4876409,0.23586508631706238,0.9538763761520386,0.3154994547367096
YGR171C,YHR084W,0,1.4870508,0.235807865858078,0.9538763761520386,0.315599650144577
YNL242W,YGL060W,0,1.4869888,0.23575066030025482,0.9538763761520386,0.31569981575012207
YMR122W-A,YJL092W,0,1.4865532,0.23569349944591522,0.9538763761520386,0.3158000111579895
YHR206W,YGR024C,1,1.4860786,0.23587878048419952,0.9548577070236206,0.3158000111579895
YJL130C,YPR032W,0,1.4840394,0.23582161962985992,0.9548577070236206,0.31590020656585693
YDR074W,YDL115C,0,1.4839478,0.23576447367668152,0.9548577070236206,0.31600040197372437
YOR311C,YOL109W,0,1.4839038,0.2357073575258255,0.9548577070236206,0.3161005973815918
YMR146C,YKR024C,0,1.4835775,0.23565027117729187,0.9548577070236206,0.31620079278945923
YDR460W,YBR048W,0,1.4833915,0.23559321463108063,0.9548577070236206,0.3163009583950043
YMR075W,YPR083W,0,1.4826431,0.23553618788719177,0.9548577070236206,0.3164011538028717
YOR347C,YER027C,0,1.4816625,0.2354791909456253,0.9548577070236206,0.31650134921073914
YBR192W,YCR043C,0,1.4812193,0.23542220890522003,0.9548577070236206,0.31660154461860657
YLL004W,YBR235W,0,1.4800735,0.23536525666713715,0.9548577070236206,0.316701740026474
YBR187W,YMR163C,0,1.4784114,0.23530834913253784,0.9548577070236206,0.31680193543434143
YHL004W,YJL087C,0,1.4779854,0.23525145649909973,0.9548577070236206,0.3169021010398865
YDR113C,YDR393W,0,1.477689,0.23519457876682281,0.9548577070236206,0.3170022964477539
YMR154C,YDL155W,0,1.4762805,0.23513774573802948,0.9548577070236206,0.31710249185562134
YJL047C,YLR285W,0,1.4762746,0.23508094251155853,0.9548577070236206,0.31720268726348877
YBR012W-A,YNL271C,0,1.4753151,0.23502415418624878,0.9548577070236206,0.3173028826713562
YPR137W,YDR120C,1,1.4743854,0.2352088838815689,0.9558390378952026,0.3173028826713562
YMR146C,YOR332W,0,1.4736433,0.23515209555625916,0.9558390378952026,0.31740307807922363
YNL128W,YGL054C,0,1.4712166,0.2350953370332718,0.9558390378952026,0.3175032436847687
YGL020C,YKL021C,0,1.4707929,0.2350386083126068,0.9558390378952026,0.3176034390926361
YMR164C,YER137C,0,1.469905,0.23498190939426422,0.9558390378952026,0.31770363450050354
YOL004W,YIL084C,0,1.4698927,0.23492522537708282,0.9558390378952026,0.31780382990837097
YML058W,YJL123C,0,1.4695259,0.234868586063385,0.9558390378952026,0.3179040253162384
YKR029C,YOR126C,0,1.4683845,0.2348119616508484,0.9558390378952026,0.31800422072410583
YDR156W,YDL189W,1,1.4683034,0.23499637842178345,0.9568204283714294,0.31800422072410583
YJR010C-A,YGR072W,0,1.468177,0.23493975400924683,0.9568204283714294,0.3181043863296509
YOL145C,YLR117C,0,1.4672358,0.2348831593990326,0.9568204283714294,0.3182045817375183
YOR133W,YER120W,0,1.4659526,0.23482659459114075,0.9568204283714294,0.31830477714538574
YGR081C,YIR025W,0,1.4654641,0.2347700446844101,0.9568204283714294,0.3184049725532532
YDL066W,YIR039C,0,1.4654034,0.23471352458000183,0.9568204283714294,0.3185051679611206
YML097C,YFL047W,0,1.4653311,0.23465703427791595,0.9568204283714294,0.31860536336898804
YLR069C,YDR140W,0,1.4652463,0.23460057377815247,0.9568204283714294,0.3187055289745331
YDR489W,YLR283W,0,1.4648414,0.23454414308071136,0.9568204283714294,0.3188057243824005
YNR041C,YGL003C,0,1.4640876,0.23448772728443146,0.9568204283714294,0.31890591979026794
YLR121C,YBR106W,0,1.4637117,0.23443135619163513,0.9568204283714294,0.3190061151981354
YMR134W,YPL246C,0,1.4626465,0.234375,0.9568204283714294,0.3191063106060028
YBR008C,YJL029C,0,1.4619008,0.23431867361068726,0.9568204283714294,0.31920650601387024
YNL304W,YHR134W,0,1.4615004,0.2342623770236969,0.9568204283714294,0.3193066716194153
YBL057C,YNL087W,0,1.4601563,0.23420609533786774,0.9568204283714294,0.3194068670272827
YDR501W,YJL184W,0,1.4597231,0.23414985835552216,0.9568204283714294,0.31950706243515015
YOL089C,YLR135W,0,1.4596521,0.23409363627433777,0.9568204283714294,0.3196072578430176
YIR002C,YPL230W,0,1.4590278,0.23403744399547577,0.9568204283714294,0.319707453250885
YGL060W,YIR034C,0,1.4586219,0.23398128151893616,0.9568204283714294,0.31980764865875244
YML034W,YGR167W,0,1.458569,0.23392514884471893,0.9568204283714294,0.3199078142642975
YNL050C,YNL082W,0,1.4575529,0.2338690310716629,0.9568204283714294,0.3200080096721649
YMR065W,YDR037W,0,1.4573252,0.23381294310092926,0.9568204283714294,0.32010820508003235
YIR015W,YKL112W,0,1.4570749,0.2337568998336792,0.9568204283714294,0.3202084004878998
YCR096C,YJL102W,0,1.4563625,0.23370085656642914,0.9568204283714294,0.3203085958957672
YER174C,YEL077C,0,1.4554932,0.23364485800266266,0.9568204283714294,0.32040879130363464
YDR411C,YDR085C,0,1.4548738,0.23358888924121857,0.9568204283714294,0.3205089569091797
YGL178W,YPR135W,0,1.453703,0.23353293538093567,0.9568204283714294,0.3206091523170471
YIL170W,YMR026C,0,1.4524977,0.23347701132297516,0.9568204283714294,0.32070934772491455
YPR168W,YMR204C,0,1.4514976,0.23342111706733704,0.9568204283714294,0.320809543132782
YGR288W,YBR240C,0,1.4508942,0.2333652526140213,0.9568204283714294,0.3209097385406494
YPL101W,YBR283C,0,1.4506088,0.23330940306186676,0.9568204283714294,0.32100990414619446
YJL033W,YMR023C,0,1.4498928,0.2332535833120346,0.9568204283714294,0.3211100995540619
YDR240C,YPL079W,0,1.4482338,0.23319779336452484,0.9568204283714294,0.3212102949619293
YNR017W,YPL085W,0,1.4481995,0.23314203321933746,0.9568204283714294,0.32131049036979675
YOR293W,YKL190W,0,1.4481641,0.23308630287647247,0.9568204283714294,0.3214106857776642
YDR088C,YNL151C,0,1.4472985,0.23303058743476868,0.9568204283714294,0.3215108811855316
YOR351C,YNR003C,0,1.4446609,0.23297491669654846,0.9568204283714294,0.32161104679107666
YKR086W,YDL056W,0,1.4432042,0.23291926085948944,0.9568204283714294,0.3217112421989441
YLR188W,YLR066W,0,1.4429203,0.2328636199235916,0.9568204283714294,0.3218114376068115
YDR339C,YER157W,0,1.4421393,0.23280802369117737,0.9568204283714294,0.32191163301467896
YLL038C,YOR344C,0,1.4418601,0.23275244235992432,0.9568204283714294,0.3220118284225464
YBL112C,YJR152W,0,1.4417769,0.23269689083099365,0.9568204283714294,0.3221120238304138
YMR201C,YDL165W,0,1.4417707,0.23264136910438538,0.9568204283714294,0.32221218943595886
YHL012W,YJR042W,1,1.4413573,0.2328244298696518,0.9578017592430115,0.32221218943595886
YGL020C,YNL217W,0,1.4411635,0.23276889324188232,0.9578017592430115,0.3223123848438263
YDR483W,YMR119W,0,1.4405195,0.23271340131759644,0.9578017592430115,0.3224125802516937
YMR236W,YJL149W,0,1.440311,0.23265792429447174,0.9578017592430115,0.32251277565956116
YDL141W,YEL058W,0,1.4400322,0.23260247707366943,0.9578017592430115,0.3226129710674286
YER173W,YBR201W,0,1.4398861,0.23254705965518951,0.9578017592430115,0.322713166475296
YLR320W,YIR028W,0,1.4396847,0.2324916571378708,0.9578017592430115,0.32281333208084106
YDL084W,YDR093W,0,1.4379957,0.23243629932403564,0.9578017592430115,0.3229135274887085
YOL111C,YMR017W,0,1.4365034,0.2323809564113617,0.9578017592430115,0.3230137228965759
YGL209W,YDL020C,0,1.4350051,0.23232564330101013,0.9578017592430115,0.32311391830444336
YML077W,YPR107C,0,1.4349205,0.23227034509181976,0.9578017592430115,0.3232141137123108
YBL061C,YDR036C,0,1.4342871,0.23221509158611298,0.9578017592430115,0.3233143091201782
YLR341W,YDL165W,0,1.4342456,0.23215985298156738,0.9578017592430115,0.32341447472572327
YCR069W,YDL215C,0,1.4338691,0.23210464417934418,0.9578017592430115,0.3235146701335907
YGL020C,YDR489W,0,1.4338058,0.23204945027828217,0.9578017592430115,0.32361486554145813
YHR001W,YOR126C,0,1.4337127,0.23199430108070374,0.9578017592430115,0.32371506094932556
YOR377W,YMR109W,0,1.4334018,0.2319391667842865,0.9578017592430115,0.323815256357193
YGR075C,YDL231C,0,1.4330053,0.23188406229019165,0.9578017592430115,0.3239154517650604
YFL022C,YGL128C,0,1.4329858,0.231828972697258,0.9578017592430115,0.32401561737060547
YGR287C,YHR058C,0,1.4328933,0.23177392780780792,0.9578017592430115,0.3241158127784729
YGR028W,YIL049W,0,1.4324315,0.23171889781951904,0.9578017592430115,0.32421600818634033
YGR162W,YNL273W,0,1.4322878,0.23166389763355255,0.9578017592430115,0.32431620359420776
YDR461W,YFR028C,0,1.4315134,0.23160892724990845,0.9578017592430115,0.3244163990020752
YKL206C,YNL289W,0,1.4313314,0.23155397176742554,0.9578017592430115,0.3245165944099426
YDR454C,YOR353C,0,1.4311454,0.23149904608726501,0.9578017592430115,0.32461676001548767
YGL213C,YLR141W,0,1.4306433,0.23144415020942688,0.9578017592430115,0.3247169554233551
YDL216C,YNR067C,0,1.4301176,0.23138928413391113,0.9578017592430115,0.32481715083122253
YAR018C,YLR440C,0,1.4292576,0.23133443295955658,0.9578017592430115,0.32491734623908997
YKR103W,YJR133W,0,1.429044,0.2312796264886856,0.9578017592430115,0.3250175416469574
YGR059W,YPL113C,0,1.4289253,0.23122483491897583,0.9578017592430115,0.32511773705482483
YMR019W,YGR118W,0,1.4278643,0.23117005825042725,0.9578017592430115,0.3252179026603699
YIL168W,YAL042W,0,1.4277205,0.23111532628536224,0.9578017592430115,0.3253180980682373
YHL034C,YGR036C,0,1.4271867,0.23106060922145844,0.9578017592430115,0.32541829347610474
YBL106C,YBR020W,0,1.42576,0.23100592195987701,0.9578017592430115,0.32551848888397217
YGL192W,YOL054W,1,1.4237914,0.2311878800392151,0.9587831497192383,0.32551848888397217
YIL031W,YCR094W,0,1.4233148,0.23113319277763367,0.9587831497192383,0.3256186842918396
YNL079C,YIL031W,0,1.4231946,0.23107852041721344,0.9587831497192383,0.32571887969970703
YLR394W,YJR099W,0,1.4230342,0.2310238778591156,0.9587831497192383,0.3258190453052521
YML063W,YNL210W,0,1.4230202,0.23096926510334015,0.9587831497192383,0.3259192407131195
YNL335W,YPL078C,0,1.4215628,0.23091468214988708,0.9587831497192383,0.32601943612098694
YFL033C,YBR223C,0,1.4211206,0.23086011409759521,0.9587831497192383,0.32611963152885437
YDL246C,YOL112W,0,1.4210469,0.23080557584762573,0.9587831497192383,0.3262198269367218
YOR297C,YGR077C,0,1.4204262,0.23075106739997864,0.9587831497192383,0.32632002234458923
YNL079C,YDL161W,0,1.4199588,0.23069657385349274,0.9587831497192383,0.3264201879501343
YGL213C,YER166W,0,1.4187887,0.23064211010932922,0.9587831497192383,0.3265203833580017
YHR153C,YDL092W,0,1.4184299,0.2305876761674881,0.9587831497192383,0.32662057876586914
YOL005C,YGR152C,0,1.4179463,0.23053327202796936,0.9587831497192383,0.3267207741737366
YPL033C,YKL018W,0,1.4166178,0.23047888278961182,0.9587831497192383,0.326820969581604
YOL157C,YDR495C,0,1.4143602,0.23042452335357666,0.9587831497192383,0.32692116498947144
YAR044W,YPL276W,0,1.4136213,0.2303701937198639,0.9587831497192383,0.3270213305950165
YPL019C,YER145C,0,1.4131291,0.2303158938884735,0.9587831497192383,0.3271215260028839
YIL039W,YPL122C,0,1.4121109,0.23026160895824432,0.9587831497192383,0.32722172141075134
YNL289W,YER137C,0,1.411941,0.23020735383033752,0.9587831497192383,0.3273219168186188
YIL103W,YJR159W,0,1.4116981,0.2301531285047531,0.9587831497192383,0.3274221122264862
YLR145W,YLR033W,0,1.4106566,0.2300989180803299,0.9587831497192383,0.32752227783203125
YGL013C,YMR266W,0,1.4106141,0.23004473745822906,0.9587831497192383,0.3276224732398987
YBR247C,YHR168W,0,1.4063369,0.22999058663845062,0.9587831497192383,0.3277226686477661
YKL061W,YLR343W,0,1.4059443,0.22993645071983337,0.9587831497192383,0.32782286405563354
YPR144C,YLR033W,0,1.405432,0.2298823595046997,0.9587831497192383,0.327923059463501
YML058W,YBR171W,0,1.4037323,0.22982826828956604,0.9587831497192383,0.3280232548713684
YKL086W,YPL270W,0,1.4034877,0.22977422177791595,0.9587831497192383,0.32812342047691345
YDR465C,YLR165C,0,1.4018607,0.22972019016742706,0.9587831497192383,0.3282236158847809
YPR079W,YJL025W,0,1.4011011,0.22966620326042175,0.9587831497192383,0.3283238112926483
YKL203C,YLR265C,0,1.401012,0.22961221635341644,0.9587831497192383,0.32842400670051575
YBR010W,YGR106C,0,1.4009916,0.22955827414989471,0.9587831497192383,0.3285242021083832
YBR275C,YFR036W,0,1.4007835,0.22950434684753418,0.9587831497192383,0.3286243975162506
YFL038C,YKL089W,0,1.4005419,0.22945044934749603,0.9587831497192383,0.32872456312179565
YOR274W,YCR039C,0,1.4004647,0.22939656674861908,0.9587831497192383,0.3288247585296631
YDL014W,YKL221W,0,1.4001784,0.2293427288532257,0.9587831497192383,0.3289249539375305
YAL025C,YDL055C,0,1.3999755,0.22928890585899353,0.9587831497192383,0.32902514934539795
YPL068C,YNL280C,0,1.3995384,0.22923509776592255,0.9587831497192383,0.3291253447532654
YNL129W,YOR294W,0,1.398943,0.22918133437633514,0.9587831497192383,0.3292255401611328
YGR211W,YNL254C,1,1.3985369,0.2293621003627777,0.9597644805908203,0.3292255401611328
YLR201C,YKR010C,0,1.3976655,0.2293083220720291,0.9597644805908203,0.32932570576667786
YBR068C,YDL171C,0,1.3969023,0.2292545735836029,0.9597644805908203,0.3294259011745453
YEL042W,YNL213C,0,1.3966011,0.2292008399963379,0.9597644805908203,0.3295260965824127
YKL140W,YJL012C-A,0,1.395903,0.22914713621139526,0.9597644805908203,0.32962629199028015
YDR353W,YHL019C,0,1.3952107,0.22909346222877502,0.9597644805908203,0.3297264873981476
YHL036W,YER020W,0,1.3951881,0.22903981804847717,0.9597644805908203,0.329826682806015
YDR180W,YCR073C,0,1.3948112,0.22898618876934052,0.9597644805908203,0.32992684841156006
YIL122W,YOR131C,0,1.3944352,0.22893258929252625,0.9597644805908203,0.3300270438194275
YOL052C,YOR336W,0,1.3936054,0.22887900471687317,0.9597644805908203,0.3301272392272949
YOR231W,YLR300W,0,1.3919873,0.22882544994354248,0.9597644805908203,0.33022743463516235
YJR022W,YNL084C,0,1.3903375,0.22877192497253418,0.9597644805908203,0.3303276300430298
YHL040C,YDL074C,0,1.3895402,0.22871842980384827,0.9597644805908203,0.3304278254508972
YMR189W,YOR046C,0,1.3892251,0.22866494953632355,0.9597644805908203,0.33052799105644226
YLR272C,YLR035C-A,0,1.3848457,0.22861149907112122,0.9597644805908203,0.3306281864643097
YBR185C,YBR214W,0,1.3841788,0.22855807840824127,0.9597644805908203,0.3307283818721771
YER141W,YDR307W,0,1.3832889,0.22850467264652252,0.9597644805908203,0.33082857728004456
YEL026W,YDL140C,0,1.3823273,0.22845129668712616,0.9597644805908203,0.330928772687912
YGR134W,YKL055C,0,1.382077,0.22839795053005219,0.9597644805908203,0.3310289680957794
YJL082W,YMR023C,0,1.3814385,0.2283446192741394,0.9597644805908203,0.33112913370132446
YNL001W,YLR310C,0,1.3811636,0.228291317820549,0.9597644805908203,0.3312293291091919
YOR329C,YOR124C,0,1.3810382,0.228238046169281,0.9597644805908203,0.3313295245170593
YJL214W,YMR280C,0,1.3809475,0.2281847894191742,0.9597644805908203,0.33142971992492676
YJR010W,YAR014C,0,1.3803816,0.22813156247138977,0.9597644805908203,0.3315299153327942
YMR123W,YDR013W,0,1.3803729,0.22807836532592773,0.9597644805908203,0.3316301107406616
YPR178W,YKL056C,0,1.3796178,0.2280251830816269,0.9597644805908203,0.33173027634620667
YLL043W,YNL252C,0,1.3794402,0.22797203063964844,0.9597644805908203,0.3318304717540741
YOR265W,YGL163C,0,1.3790662,0.22791889309883118,0.9597644805908203,0.33193066716194153
YKL025C,YOR084W,0,1.378392,0.2278658002614975,0.9597644805908203,0.33203086256980896
YNL090W,YIL177C,0,1.3774588,0.227812722325325,0.9597644805908203,0.3321310579776764
YPR094W,YDL165W,0,1.3770895,0.22775965929031372,0.9597644805908203,0.3322312533855438
YDR448W,YER052C,0,1.3766377,0.227706640958786,0.9597644805908203,0.33233141899108887
YCR081W,YMR033W,0,1.3764788,0.2276536375284195,0.9597644805908203,0.3324316143989563
YLR014C,YDR012W,0,1.3762848,0.22760064899921417,0.9597644805908203,0.33253180980682373
YOR149C,YOR255W,0,1.3760836,0.22754769027233124,0.9597644805908203,0.33263200521469116
YER017C,YIR034C,0,1.3758363,0.2274947613477707,0.9597644805908203,0.3327322006225586
YKR048C,YMR302C,0,1.3757519,0.22744186222553253,0.9597644805908203,0.332832396030426
YIL016W,YKR060W,0,1.3745337,0.22738897800445557,0.9597644805908203,0.33293256163597107
YDL178W,YBL066C,0,1.3744462,0.227336123585701,0.9597644805908203,0.3330327570438385
YBR203W,YMR280C,0,1.374101,0.2272832840681076,0.9597644805908203,0.33313295245170593
YOL127W,YDR170C,0,1.3735893,0.2272304892539978,0.9597644805908203,0.33323314785957336
YLR309C,YAR010C,0,1.373567,0.227177694439888,0.9597644805908203,0.3333333432674408
YNL213C,YKL213C,0,1.372778,0.22712494432926178,0.9597644805908203,0.33343350887298584
YDL130W-A,YDR536W,0,1.3724916,0.22707220911979675,0.9597644805908203,0.33353370428085327
YDR088C,YOR003W,0,1.3716495,0.2270195037126541,0.9597644805908203,0.3336338996887207
YDR067C,YJR158W,0,1.3714731,0.22696681320667267,0.9597644805908203,0.33373409509658813
YLR228C,YER019W,0,1.3710442,0.2269141525030136,0.9597644805908203,0.33383429050445557
YFR004W,YGL062W,0,1.3696557,0.22686152160167694,0.9597644805908203,0.333934485912323
YGR218W,YLR032W,0,1.369281,0.22680890560150146,0.9597644805908203,0.33403465151786804
YGL250W,YML126C,0,1.3680115,0.22675631940364838,0.9597644805908203,0.3341348469257355
YGL259W,YBR018C,0,1.367995,0.22670374810695648,0.9597644805908203,0.3342350423336029
YIR014W,YPL017C,0,1.3672625,0.22665122151374817,0.9597644805908203,0.33433523774147034
YNR028W,YDL069C,0,1.3672173,0.22659870982170105,0.9597644805908203,0.33443543314933777
YDR123C,YKR054C,0,1.3669263,0.22654621303081512,0.9597644805908203,0.3345356285572052
YER162C,YHR079C,0,1.3662539,0.2264937460422516,0.9597644805908203,0.33463579416275024
YBR298C,YOL105C,0,1.366122,0.22644130885601044,0.9597644805908203,0.3347359895706177
YPL108W,YHR179W,0,1.3656968,0.22638888657093048,0.9597644805908203,0.3348361849784851
YPL068C,YIL042C,0,1.3654649,0.2263364940881729,0.9597644805908203,0.33493638038635254
YML104C,YDR260C,0,1.3650317,0.22628413140773773,0.9597644805908203,0.33503657579421997
YHR017W,YMR300C,0,1.3646654,0.22623178362846375,0.9597644805908203,0.3351367712020874
YFR046C,YLR141W,0,1.3641679,0.22617946565151215,0.9597644805908203,0.33523693680763245
YPL057C,YPL143W,0,1.3635991,0.22612716257572174,0.9597644805908203,0.3353371322154999
YHL004W,YBL102W,0,1.3634777,0.22607488930225372,0.9597644805908203,0.3354373276233673
YDR481C,YCR009C,0,1.3630545,0.2260226458311081,0.9597644805908203,0.33553752303123474
YHR116W,YLR453C,0,1.3630149,0.22597043216228485,0.9597644805908203,0.3356377184391022
YDR062W,YMR130W,0,1.362546,0.2259182184934616,0.9597644805908203,0.3357379138469696
YGR252W,YLL034C,0,1.361324,0.22586604952812195,0.9597644805908203,0.33583807945251465
YJL047C,YIL114C,0,1.3612553,0.22581389546394348,0.9597644805908203,0.3359382748603821
YNL039W,YFL003C,0,1.3601327,0.2257617712020874,0.9597644805908203,0.3360384702682495
YGL216W,YBL085W,0,1.3598552,0.2257096767425537,0.9597644805908203,0.33613866567611694
YCL034W,YIR002C,0,1.3571887,0.2256575971841812,0.9597644805908203,0.3362388610839844
YJL213W,YIL027C,0,1.357158,0.2256055325269699,0.9597644805908203,0.3363390564918518
YKR020W,YGR272C,0,1.3569579,0.2255535125732422,0.9597644805908203,0.33643922209739685
YNL326C,YKR029C,0,1.3562711,0.22550149261951447,0.9597644805908203,0.3365394175052643
YGL141W,YDR058C,0,1.3556467,0.22544951736927032,0.9597644805908203,0.3366396129131317
YFL055W,YCR098C,0,1.3552988,0.22539755702018738,0.9597644805908203,0.33673980832099915
YKL012W,YBR037C,0,1.355076,0.22534562647342682,0.9597644805908203,0.3368400037288666
YGR274C,YLL062C,0,1.3549238,0.22529371082782745,0.9597644805908203,0.336940199136734
YDR265W,YMR119W,0,1.3542173,0.22524182498455048,0.9597644805908203,0.33704036474227905
YLR404W,YAL044C,0,1.3533323,0.2251899540424347,0.9597644805908203,0.3371405601501465
YDL044C,YJL214W,0,1.3526937,0.2251381278038025,0.9597644805908203,0.3372407555580139
YKR055W,YNL217W,0,1.3506553,0.2250863015651703,0.9597644805908203,0.33734095096588135
YGR183C,YPL190C,0,1.35058,0.22503452003002167,0.9597644805908203,0.3374411463737488
YGR058W,YNR032W,0,1.3486198,0.22498275339603424,0.9597644805908203,0.3375413417816162
YKL170W,YNL078W,0,1.348233,0.224931001663208,0.9597644805908203,0.33764150738716125
YPR081C,YLR246W,0,1.3480073,0.22487927973270416,0.9597644805908203,0.3377417027950287
YPR133W-A,YDR093W,0,1.3478374,0.2248275876045227,0.9597644805908203,0.3378418982028961
YML106W,YKL008C,0,1.3464247,0.22477591037750244,0.9597644805908203,0.33794209361076355
YDL080C,YBL084C,0,1.346159,0.22472426295280457,0.9597644805908203,0.338042289018631
YDR174W,YMR198W,0,1.3452122,0.22467264533042908,0.9597644805908203,0.3381424844264984
YOR190W,YOR123C,0,1.343545,0.22462104260921478,0.9597644805908203,0.33824265003204346
YEL038W,YLR029C,0,1.3434052,0.22456945478916168,0.9597644805908203,0.3383428454399109
YLR070C,YIL168W,0,1.3425462,0.22451791167259216,0.9597644805908203,0.3384430408477783
YKR101W,YLR142W,0,1.3402598,0.22446636855602264,0.9597644805908203,0.33854323625564575
YIL128W,YOL056W,0,1.3402028,0.2244148701429367,0.9597644805908203,0.3386434316635132
YML015C,YFL013C,0,1.3392751,0.22436338663101196,0.9597644805908203,0.3387436270713806
YJL144W,YNL078W,0,1.3382735,0.2243119329214096,0.9597644805908203,0.33884379267692566
YML078W,YNL223W,0,1.3380078,0.22426049411296844,0.9597644805908203,0.3389439880847931
YDR170W-A,YPL083C,0,1.3376161,0.22420908510684967,0.9597644805908203,0.3390441834926605
YNL292W,YLR024C,0,1.3370508,0.2241576910018921,0.9597644805908203,0.33914437890052795
YKL017C,YOR355W,0,1.3369467,0.2241063266992569,0.9597644805908203,0.3392445743083954
YIL113W,YNR031C,0,1.3360207,0.2240549772977829,0.9597644805908203,0.3393447697162628
YBL050W,YFR015C,0,1.3342874,0.2240036576986313,0.9597644805908203,0.33944493532180786
YPL172C,YOR312C,0,1.3341676,0.22395236790180206,0.9597644805908203,0.3395451307296753
YHR021C,YML087C,0,1.3336895,0.22390109300613403,0.9597644805908203,0.3396453261375427
YMR297W,YNL078W,0,1.3336,0.2238498479127884,0.9597644805908203,0.33974552154541016
YOL052C,YMR071C,0,1.3333696,0.22379863262176514,0.9597644805908203,0.3398457169532776
YMR305C,YOL005C,0,1.3333248,0.22374743223190308,0.9597644805908203,0.33994588255882263
YPR125W,YBL099W,0,1.3331211,0.2236962467432022,0.9597644805908203,0.34004607796669006
YCL057W,YBR298C,0,1.3323796,0.22364509105682373,0.9597644805908203,0.3401462733745575
YPR164W,YDR067C,0,1.3320539,0.22359396517276764,0.9597644805908203,0.3402464687824249
YKL108W,YOL044W,0,1.3320296,0.22354285418987274,0.9597644805908203,0.34034666419029236
YCR054C,YHR042W,0,1.3316145,0.22349177300930023,0.9597644805908203,0.3404468595981598
YKR103W,YKL101W,0,1.330683,0.22344070672988892,0.9597644805908203,0.34054702520370483
YAL021C,YBR160W,0,1.3306787,0.2233896702528,0.9597644805908203,0.34064722061157227
YKL175W,YOR151C,0,1.3298881,0.22333866357803345,0.9597644805908203,0.3407474160194397
YAL020C,YDL130W-A,0,1.3280098,0.2232876718044281,0.9597644805908203,0.34084761142730713
YDL067C,YJL073W,0,1.327769,0.22323670983314514,0.9597644805908203,0.34094780683517456
YPR145W,YHR184W,0,1.3275964,0.22318576276302338,0.9597644805908203,0.341048002243042
YCL017C,YGR035C,1,1.3264141,0.223362997174263,0.9607458114624023,0.341048002243042
YLR246W,YOR054C,0,1.3260756,0.22331205010414124,0.9607458114624023,0.34114816784858704
YMR250W,YER141W,0,1.3258282,0.22326111793518066,0.9607458114624023,0.34124836325645447
YJL207C,YGL003C,0,1.325707,0.22321021556854248,0.9607458114624023,0.3413485586643219
YCL029C,YDL122W,1,1.3252575,0.22338728606700897,0.9617272019386292,0.3413485586643219
YNR063W,YDL058W,0,1.3252447,0.2233363687992096,0.9617272019386292,0.34144875407218933
YIR005W,YFL044C,0,1.3250107,0.2232854813337326,0.9617272019386292,0.34154894948005676
YIL126W,YBL084C,0,1.3241653,0.223234623670578,0.9617272019386292,0.3416491448879242
YMR044W,YOR208W,0,1.324131,0.2231837809085846,0.9617272019386292,0.34174931049346924
YNL077W,YIL171W,0,1.3239772,0.22313296794891357,0.9617272019386292,0.34184950590133667
YMR083W,YGL145W,0,1.3226067,0.22308216989040375,0.9617272019386292,0.3419497013092041
YNL107W,YIL010W,0,1.3225605,0.2230314016342163,0.9617272019386292,0.34204989671707153
YIR011C,YMR060C,0,1.3206677,0.22298066318035126,0.9617272019386292,0.34215009212493896
YHR092C,YMR168C,0,1.3205364,0.2229299396276474,0.9617272019386292,0.3422502875328064
YOR375C,YML123C,0,1.3202593,0.22287923097610474,0.9617272019386292,0.34235045313835144
YER058W,YDR085C,0,1.3193496,0.22282855212688446,0.9617272019386292,0.34245064854621887
YDR299W,YHR128W,0,1.3189176,0.22277790307998657,0.9617272019386292,0.3425508439540863
YOR375C,YLR158C,0,1.3186102,0.22272726893424988,0.9617272019386292,0.34265103936195374
YDL030W,YFL003C,0,1.3172829,0.22267666459083557,0.9617272019386292,0.34275123476982117
YPL213W,YNR069C,0,1.3166646,0.22262607514858246,0.9617272019386292,0.3428514301776886
YGL178W,YJR103W,0,1.3135107,0.22257551550865173,0.9617272019386292,0.34295159578323364
YDL035C,YBR040W,0,1.3128563,0.2225249707698822,0.9617272019386292,0.3430517911911011
YNL030W,YNL306W,0,1.3128457,0.22247445583343506,0.9617272019386292,0.3431519865989685
YGR227W,YFL021W,0,1.3114932,0.2224239706993103,0.9617272019386292,0.34325218200683594
YJL118W,YAR050W,0,1.311342,0.22237350046634674,0.9617272019386292,0.34335237741470337
YBR297W,YPL084W,0,1.3106301,0.22232304513454437,0.9617272019386292,0.3434525728225708
YJR101W,YOR188W,0,1.3103203,0.2222726196050644,0.9617272019386292,0.34355273842811584
YDR017C,YGR105W,0,1.3096296,0.2222222238779068,0.9617272019386292,0.3436529338359833
YDL024C,YDR096W,0,1.3095527,0.2221718430519104,0.9617272019386292,0.3437531292438507
YOL031C,YKR054C,0,1.3093637,0.2221214920282364,0.9617272019386292,0.34385332465171814
YML095C,YGL250W,0,1.3090845,0.22207115590572357,0.9617272019386292,0.34395352005958557
YGR279C,YIR023W,0,1.3090534,0.22202084958553314,0.9617272019386292,0.344053715467453
YER099C,YHR083W,0,1.3084192,0.2219705581665039,0.9617272019386292,0.34415388107299805
YGL124C,YLL041C,0,1.3077862,0.22192029654979706,0.9617272019386292,0.3442540764808655
YLR403W,YOR061W,0,1.3075944,0.2218700498342514,0.9617272019386292,0.3443542718887329
YER011W,YDR254W,0,1.306607,0.22181983292102814,0.9617272019386292,0.34445446729660034
YKL146W,YMR162C,0,1.3062408,0.22176963090896606,0.9617272019386292,0.3445546627044678
YGR032W,YMR083W,0,1.3060853,0.22171945869922638,0.9617272019386292,0.3446548581123352
YFR029W,YBR092C,0,1.3055484,0.2216693013906479,0.9617272019386292,0.34475502371788025
YNL071W,YPL218W,0,1.3046404,0.22161917388439178,0.9617272019386292,0.3448552191257477
YAR002C-A,YNL299W,0,1.3045313,0.22156907618045807,0.9617272019386292,0.3449554145336151
YDR420W,YJL117W,0,1.3044714,0.22151899337768555,0.9617272019386292,0.34505560994148254
YLR069C,YDR415C,0,1.3037579,0.22146892547607422,0.9617272019386292,0.34515580534935
YDR488C,YKL154W,0,1.3027413,0.22141888737678528,0.9617272019386292,0.3452560007572174
YGR207C,YJR009C,0,1.302677,0.22136887907981873,0.9617272019386292,0.34535616636276245
YER185W,YBR166C,0,1.3020188,0.22131888568401337,0.9617272019386292,0.3454563617706299
YER144C,YGR199W,0,1.3017914,0.2212689071893692,0.9617272019386292,0.3455565571784973
YNL021W,YJL004C,0,1.3014497,0.22121895849704742,0.9617272019386292,0.34565675258636475
YHR164C,YOL157C,0,1.3011587,0.22116903960704803,0.9617272019386292,0.3457569479942322
YJL221C,YHR028C,0,1.3008707,0.22111913561820984,0.9617272019386292,0.3458571434020996
YKR045C,YOL110W,0,1.2993667,0.22106924653053284,0.9617272019386292,0.34595730900764465
YDR470C,YDR457W,0,1.298205,0.22101940214633942,0.9617272019386292,0.3460575044155121
YDR115W,YOL049W,0,1.2978714,0.220969557762146,0.9617272019386292,0.3461576998233795
YLR390W,YOR124C,0,1.2978516,0.22091974318027496,0.9617272019386292,0.34625789523124695
YDR147W,YOL155C,0,1.2976284,0.22086995840072632,0.9617272019386292,0.3463580906391144
YAL001C,YBR008C,0,1.2974961,0.22082018852233887,0.9617272019386292,0.3464582562446594
YMR004W,YKL061W,0,1.2972453,0.2207704484462738,0.9617272019386292,0.34655845165252686
YJL024C,YDR253C,0,1.297039,0.22072072327136993,0.9617272019386292,0.3466586470603943
YLR201C,YCR079W,0,1.2969571,0.22067101299762726,0.9617272019386292,0.3467588424682617
YGR071C,YGR238C,0,1.2951407,0.22062134742736816,0.9617272019386292,0.34685903787612915
YLR398C,YKL180W,0,1.2950507,0.22057168185710907,0.9617272019386292,0.3469592332839966
YMR089C,YML040W,0,1.2945764,0.22052204608917236,0.9617272019386292,0.3470593988895416
YDR304C,YNR004W,0,1.2938062,0.22047244012355804,0.9617272019386292,0.34715959429740906
YNR050C,YDR346C,0,1.2937322,0.22042284905910492,0.9617272019386292,0.3472597897052765
YBR186W,YPL180W,0,1.2935221,0.22037328779697418,0.9617272019386292,0.3473599851131439
YDR353W,YDR003W,0,1.2933011,0.22032374143600464,0.9617272019386292,0.34746018052101135
YJR015W,YDL052C,0,1.2923464,0.22027422487735748,0.9617272019386292,0.3475603759288788
YOR391C,YKL140W,0,1.2888107,0.22022472321987152,0.9617272019386292,0.34766054153442383
YER115C,YDL227C,1,1.2868624,0.2203999161720276,0.9627085328102112,0.34766054153442383
YKL166C,YOR327C,0,1.2861818,0.22035039961338043,0.9627085328102112,0.34776073694229126
YPL194W,YAL009W,0,1.2858365,0.22030092775821686,0.9627085328102112,0.3478609323501587
YKL164C,YGL153W,0,1.2853843,0.22025145590305328,0.9627085328102112,0.3479611277580261
YDR081C,YHR166C,0,1.2846162,0.2202020138502121,0.9627085328102112,0.34806132316589355
YOR047C,YJL073W,0,1.2841284,0.2201526015996933,0.9627085328102112,0.348161518573761
YHR028C,YDR116C,0,1.2837954,0.2201032042503357,0.9627085328102112,0.34826168417930603
YCR024C-A,YNL052W,0,1.2835512,0.22005383670330048,0.9627085328102112,0.34836187958717346
YOR307C,YMR032W,0,1.2835507,0.22000448405742645,0.9627085328102112,0.3484620749950409
YDR279W,YNL078W,0,1.2832756,0.21995516121387482,0.9627085328102112,0.3485622704029083
YLR394W,YGL055W,0,1.2828214,0.21990585327148438,0.9627085328102112,0.34866246581077576
YAR018C,YBR196C,0,1.2821819,0.21985656023025513,0.9627085328102112,0.3487626612186432
YNR023W,YNR067C,0,1.2818246,0.21980731189250946,0.9627085328102112,0.34886282682418823
YDL112W,YPR198W,0,1.2815666,0.2197580635547638,0.9627085328102112,0.34896302223205566
YGL168W,YER044C,0,1.2807701,0.21970884501934052,0.9627085328102112,0.3490632176399231
YLR300W,YMR282C,0,1.2806938,0.21965965628623962,0.9627085328102112,0.3491634130477905
YLR188W,YKR030W,0,1.2803782,0.21961048245429993,0.9627085328102112,0.34926360845565796
YAR015W,YGL136C,1,1.2803379,0.21978513896465302,0.9636898636817932,0.34926360845565796
YIL061C,YML009C,0,1.2799768,0.21973596513271332,0.9636898636817932,0.3493638038635254
YBR182C,YGR037C,0,1.2792431,0.21968680620193481,0.9636898636817932,0.34946396946907043
YNL219C,YGL163C,0,1.2786522,0.2196376621723175,0.9636898636817932,0.34956416487693787
YOR287C,YLR348C,0,1.278172,0.21958854794502258,0.9636898636817932,0.3496643602848053
YDR481C,YGR271W,0,1.2780869,0.21953946352005005,0.9636898636817932,0.34976455569267273
YDR141C,YBL046W,0,1.2771974,0.2194903939962387,0.9636898636817932,0.34986475110054016
YPL048W,YDR177W,0,1.2771604,0.21944133937358856,0.9636898636817932,0.3499649465084076
YBR122C,YNL131W,0,1.2767904,0.2193923145532608,0.9636898636817932,0.35006511211395264
YLR393W,YDL079C,0,1.2761585,0.21934330463409424,0.9636898636817932,0.35016530752182007
YCR069W,YDR451C,0,1.2758133,0.21929432451725006,0.9636898636817932,0.3502655029296875
YNL330C,YML062C,0,1.2755767,0.21924537420272827,0.9636898636817932,0.35036569833755493
YNL005C,YPR052C,0,1.2750103,0.21919642388820648,0.9636898636817932,0.35046589374542236
YLR090W,YEL069C,0,1.2749605,0.21914751827716827,0.9636898636817932,0.3505660891532898
YDL170W,YMR099C,0,1.2745411,0.21909861266613007,0.9636898636817932,0.35066625475883484
YNL091W,YGR158C,0,1.2739607,0.21904973685741425,0.9636898636817932,0.35076645016670227
YGL128C,YDR457W,0,1.2737645,0.2190008908510208,0.9636898636817932,0.3508666455745697
YLR440C,YOR369C,0,1.2726109,0.21895205974578857,0.9636898636817932,0.35096684098243713
YNR073C,YCL047C,0,1.272225,0.21890325844287872,0.9636898636817932,0.35106703639030457
YKL061W,YCR040W,0,1.2719897,0.21885447204113007,0.9636898636817932,0.351167231798172
YCR081W,YMR067C,0,1.2707771,0.2188057005405426,0.9636898636817932,0.35126739740371704
YJR017C,YPL118W,0,1.2705133,0.21875695884227753,0.9636898636817932,0.3513675928115845
YBR236C,YML099C,0,1.2702131,0.21870824694633484,0.9636898636817932,0.3514677882194519
YBR264C,YBR024W,0,1.2701222,0.21865953505039215,0.9636898636817932,0.35156798362731934
YDR518W,YKR038C,0,1.2697835,0.21861086785793304,0.9636898636817932,0.35166817903518677
YGR096W,YKL011C,0,1.2697008,0.21856220066547394,0.9636898636817932,0.3517683744430542
YKL074C,YJR155W,0,1.2694454,0.2185135781764984,0.9636898636817932,0.35186854004859924
YOL157C,YKL056C,0,1.2685456,0.2184649556875229,0.9636898636817932,0.3519687354564667
YDR383C,YPL158C,0,1.2674419,0.21841636300086975,0.9636898636817932,0.3520689308643341
YAR050W,YPL020C,0,1.2666327,0.218367800116539,0.9636898636817932,0.35216912627220154
YGR144W,YER006W,0,1.2661582,0.21831925213336945,0.9636898636817932,0.35226932168006897
YEL054C,YOR175C,0,1.2659583,0.21827073395252228,0.9636898636817932,0.352369487285614
YNL291C,YLR348C,0,1.2656975,0.2182222157716751,0.9636898636817932,0.35246968269348145
YJR088C,YGL206C,0,1.2652373,0.21817374229431152,0.9636898636817932,0.3525698781013489
YNL314W,YIL026C,0,1.2645583,0.21812528371810913,0.9636898636817932,0.3526700735092163
YBR040W,YAL062W,0,1.2644182,0.21807684004306793,0.9636898636817932,0.35277026891708374
YDL017W,YHL040C,0,1.2643609,0.21802842617034912,0.9636898636817932,0.35287046432495117
YER055C,YER001W,0,1.2640264,0.2179800271987915,0.9636898636817932,0.3529706299304962
YDR180W,YKR030W,0,1.2632387,0.21793164312839508,0.9636898636817932,0.35307082533836365
YDL188C,YLR340W,0,1.2626514,0.21788328886032104,0.9636898636817932,0.3531710207462311
YDL147W,YOR077W,0,1.2622137,0.2178349643945694,0.9636898636817932,0.3532712161540985
YNR001C,YOR389W,0,1.262004,0.21778665482997894,0.9636898636817932,0.35337141156196594
YLR038C,YLR238W,0,1.2616706,0.21773836016654968,0.9636898636817932,0.3534716069698334
YLR268W,YPL099C,0,1.2611887,0.2176900953054428,0.9636898636817932,0.3535717725753784
YML007W,YLR440C,0,1.2603793,0.21764184534549713,0.9636898636817932,0.35367196798324585
YBL026W,YDR534C,0,1.2602472,0.21759362518787384,0.9636898636817932,0.3537721633911133
YAL022C,YDR337W,0,1.26013,0.21754541993141174,0.9636898636817932,0.3538723587989807
YPL269W,YHR206W,0,1.2598234,0.21749722957611084,0.9636898636817932,0.35397255420684814
YAL063C,YPL208W,0,1.2597728,0.21744906902313232,0.9636898636817932,0.3540727496147156
YIL061C,YBR133C,0,1.2594638,0.217400923371315,0.9636898636817932,0.3541729152202606
YDR393W,YAR014C,0,1.2591321,0.21735280752182007,0.9636898636817932,0.35427311062812805
YOL030W,YDR115W,0,1.2587042,0.21730470657348633,0.9636898636817932,0.3543733060359955
YJR119C,YGR203W,0,1.2582406,0.21725663542747498,0.9636898636817932,0.3544735014438629
YOR251C,YOR304C-A,0,1.2573477,0.21720857918262482,0.9636898636817932,0.35457369685173035
YNL129W,YBR155W,0,1.2566125,0.21716055274009705,0.9636898636817932,0.3546738922595978
YJR113C,YGL145W,0,1.256057,0.21711254119873047,0.9636898636817932,0.3547740578651428
YOL021C,YLR024C,0,1.2556581,0.21706454455852509,0.9636898636817932,0.35487425327301025
YDR519W,YCL036W,0,1.2540483,0.2170165777206421,0.9636898636817932,0.3549744486808777
YBR198C,YER098W,0,1.2537754,0.2169686257839203,0.9636898636817932,0.3550746440887451
YHR044C,YIL009C-A,0,1.2529151,0.21692070364952087,0.9636898636817932,0.35517483949661255
YHR050W,YFR031C,0,1.2525022,0.21687279641628265,0.9636898636817932,0.35527503490448
YLR262C,YLR119W,0,1.2501054,0.21682490408420563,0.9636898636817932,0.355375200510025
YOR353C,YBR155W,0,1.2495179,0.216777041554451,0.9636898636817932,0.35547539591789246
YNL135C,YGL224C,0,1.2492067,0.21672919392585754,0.9636898636817932,0.3555755913257599
YBR198C,YPL011C,0,1.2491218,0.2166813760995865,0.9636898636817932,0.3556757867336273
YHR046C,YGR223C,0,1.2480525,0.21663357317447662,0.9636898636817932,0.35577598214149475
YDR119W,YOR338W,0,1.2480266,0.21658580005168915,0.9636898636817932,0.3558761775493622
YJR078W,YNL070W,0,1.246103,0.21653804183006287,0.9636898636817932,0.3559763431549072
YDR044W,YPL128C,0,1.2458687,0.21649029850959778,0.9636898636817932,0.35607653856277466
YKL107W,YBL022C,0,1.2452317,0.21644258499145508,0.9636898636817932,0.3561767339706421
YDL109C,YDR018C,0,1.2435997,0.21639488637447357,0.9636898636817932,0.3562769293785095
YHR112C,YJL072C,0,1.2432745,0.21634721755981445,0.9636898636817932,0.35637712478637695
YML128C,YEL013W,0,1.2427378,0.21629956364631653,0.9636898636817932,0.3564773201942444
YIL004C,YBR283C,0,1.2425934,0.2162519246339798,0.9636898636817932,0.35657748579978943
YHR056C,YDR140W,0,1.2407844,0.21620431542396545,0.9636898636817932,0.35667768120765686
YEL046C,YNL035C,1,1.2404995,0.21637684106826782,0.96467125415802,0.35667768120765686
YDR032C,YDR079W,0,1.2380404,0.21632923185825348,0.96467125415802,0.3567778766155243
YPL028W,YPL204W,0,1.2376583,0.21628162264823914,0.96467125415802,0.3568780720233917
YHR164C,YNR023W,0,1.2355509,0.21623405814170837,0.96467125415802,0.35697826743125916
YMR241W,YLR312W-A,0,1.2350985,0.2161864936351776,0.96467125415802,0.3570784628391266
YOR298W,YDR245W,0,1.2340006,0.21613895893096924,0.96467125415802,0.35717862844467163
YLR172C,YOR353C,0,1.2339355,0.21609145402908325,0.96467125415802,0.35727882385253906
YOR292C,YNL280C,0,1.2338638,0.21604394912719727,0.96467125415802,0.3573790192604065
YLR262C,YOR228C,0,1.2335784,0.21599648892879486,0.96467125415802,0.3574792146682739
YDL198C,YMR321C,0,1.2331946,0.21594902873039246,0.96467125415802,0.35757941007614136
YLR238W,YPR167C,0,1.2313854,0.21590159833431244,0.96467125415802,0.3576796054840088
YHR200W,YNR013C,0,1.2312305,0.2158541977405548,0.96467125415802,0.35777977108955383
YGL002W,YGR156W,0,1.2300124,0.21580681204795837,0.96467125415802,0.35787996649742126
YDR258C,YIR010W,0,1.2299879,0.21575944125652313,0.96467125415802,0.3579801619052887
YJL063C,YPR125W,0,1.2299106,0.21571208536624908,0.96467125415802,0.35808035731315613
YLL042C,YLR064W,0,1.229496,0.21566475927829742,0.96467125415802,0.35818055272102356
YMR046C,YNL135C,0,1.229451,0.21561746299266815,0.96467125415802,0.358280748128891
YLR330W,YOL089C,0,1.2291676,0.21557018160820007,0.96467125415802,0.35838091373443604
YGL166W,YMR198W,0,1.22914,0.2155229151248932,0.96467125415802,0.35848110914230347
YDR462W,YIR023W,0,1.2290087,0.2154756635427475,0.96467125415802,0.3585813045501709
YPL276W,YPR160W,0,1.2287992,0.2154284417629242,0.96467125415802,0.35868149995803833
YAR044W,YIR039C,0,1.2284026,0.21538124978542328,0.96467125415802,0.35878169536590576
YIL143C,YOR231W,0,1.2274015,0.21533405780792236,0.96467125415802,0.3588818609714508
YDR383C,YKR101W,0,1.227054,0.21528691053390503,0.96467125415802,0.35898205637931824
YHR152W,YDR339C,0,1.2268519,0.2152397632598877,0.96467125415802,0.35908225178718567
YER056C-A,YBL003C,0,1.2253178,0.21519264578819275,0.96467125415802,0.3591824471950531
YDR476C,YIL145C,0,1.2251587,0.215145543217659,0.96467125415802,0.35928264260292053
YDR141C,YNR013C,0,1.224246,0.21509847044944763,0.96467125415802,0.35938283801078796
YOR290C,YER164W,0,1.2240261,0.21505141258239746,0.96467125415802,0.359483003616333
YPL050C,YOR211C,0,1.2237564,0.21500436961650848,0.96467125415802,0.35958319902420044
YMR296C,YDR117C,0,1.2236423,0.2149573564529419,0.96467125415802,0.35968339443206787
YMR301C,YHR083W,0,1.2227867,0.2149103581905365,0.96467125415802,0.3597835898399353
YDL008W,YDL064W,0,1.2225839,0.2148633897304535,0.96467125415802,0.35988378524780273
YCL020W,YER018C,0,1.2220275,0.21481643617153168,0.96467125415802,0.35998398065567017
YER008C,YBL071W-A,0,1.2216407,0.21476949751377106,0.96467125415802,0.3600841462612152
YDR497C,YKL189W,0,1.2216101,0.21472258865833282,0.96467125415802,0.36018434166908264
YMR267W,YJR076C,0,1.2206737,0.2146756947040558,0.96467125415802,0.3602845370769501
YGL232W,YJL104W,0,1.2205828,0.21462881565093994,0.96467125415802,0.3603847324848175
YPL259C,YLL017W,0,1.219889,0.21458196640014648,0.96467125415802,0.36048492789268494
YDR086C,YML028W,0,1.219691,0.21453513205051422,0.96467125415802,0.36058512330055237
YNL005C,YDL055C,0,1.2191502,0.21448832750320435,0.96467125415802,0.3606852889060974
YPR004C,YPR133W-A,0,1.2183361,0.21444153785705566,0.96467125415802,0.36078548431396484
YML113W,YNL225C,0,1.2176648,0.21439476311206818,0.96467125415802,0.3608856797218323
YOL104C,YDR536W,0,1.2171365,0.21434801816940308,0.96467125415802,0.3609858751296997
YGL086W,YDR373W,0,1.2164555,0.21430128812789917,0.96467125415802,0.36108607053756714
YDL130W-A,YBR297W,0,1.2163281,0.21425457298755646,0.96467125415802,0.36118626594543457
YAR035W,YIL138C,0,1.2162828,0.21420788764953613,0.96467125415802,0.3612864315509796
YNL079C,YDL069C,0,1.2156878,0.214161217212677,0.96467125415802,0.36138662695884705
YDR137W,YGR104C,0,1.2140393,0.21411457657814026,0.96467125415802,0.3614868223667145
YFR046C,YIL042C,0,1.2137924,0.2140679508447647,0.96467125415802,0.3615870177745819
YER055C,YOR243C,0,1.2136997,0.21402134001255035,0.96467125415802,0.36168721318244934
YJL124C,YER125W,0,1.2135246,0.2139747440814972,0.96467125415802,0.3617874085903168
YGL122C,YEL063C,0,1.2134974,0.21392817795276642,0.96467125415802,0.3618875741958618
YJL042W,YGR209C,0,1.2132345,0.21388164162635803,0.96467125415802,0.36198776960372925
YOR299W,YPL045W,0,1.2117478,0.21383510529994965,0.96467125415802,0.3620879650115967
YPL060W,YNL008C,0,1.2114136,0.21378859877586365,0.96467125415802,0.3621881604194641
YER021W,YGR071C,0,1.2106344,0.21374212205410004,0.96467125415802,0.36228835582733154
YIR025W,YLR368W,0,1.2104621,0.21369564533233643,0.96467125415802,0.362388551235199
YDL216C,YNL139C,0,1.2103783,0.2136492133140564,0.96467125415802,0.362488716840744
YEL052W,YMR289W,0,1.2100749,0.21360278129577637,0.96467125415802,0.36258891224861145
YKL088W,YGL185C,0,1.2100477,0.21355637907981873,0.96467125415802,0.3626891076564789
YOR275C,YJL102W,0,1.2097591,0.21350999176502228,0.96467125415802,0.3627893030643463
YBL026W,YBR179C,0,1.2091987,0.21346361935138702,0.96467125415802,0.36288949847221375
YOR194C,YLL042C,0,1.2087007,0.21341727674007416,0.96467125415802,0.3629896938800812
YLR100W,YIR021W,0,1.2082665,0.21337096393108368,0.96467125415802,0.3630898594856262
YBL097W,YJR036C,0,1.2073616,0.2133246511220932,0.96467125415802,0.36319005489349365
YDR279W,YDL130W,0,1.2072513,0.2132783681154251,0.96467125415802,0.3632902503013611
YLR242C,YMR122W-A,0,1.206974,0.2132321000099182,0.96467125415802,0.3633904457092285
YMR078C,YGR238C,0,1.2069359,0.2131858617067337,0.96467125415802,0.36349064111709595
YLL015W,YEL059C-A,0,1.2068758,0.2131396383047104,0.96467125415802,0.3635908365249634
YDR299W,YLR308W,0,1.206688,0.21309342980384827,0.96467125415802,0.3636910021305084
YLR081W,YMR316W,0,1.2064935,0.21304725110530853,0.96467125415802,0.36379119753837585
YDL058W,YCR048W,0,1.2054136,0.21300108730793,0.96467125415802,0.3638913929462433
YDR400W,YMR146C,0,1.2044904,0.21295493841171265,0.96467125415802,0.3639915883541107
YIL004C,YNL219C,0,1.2035794,0.2129088193178177,0.96467125415802,0.36409178376197815
YJL151C,YHR174W,0,1.2035675,0.21286271512508392,0.96467125415802,0.3641919791698456
YLR378C,YOR204W,0,1.2023513,0.21281662583351135,0.96467125415802,0.3642921447753906
YLR430W,YDL064W,0,1.2016722,0.21277056634426117,0.96467125415802,0.36439234018325806
YGL033W,YOR020C,0,1.2009693,0.21272452175617218,0.96467125415802,0.3644925355911255
YML034W,YKR067W,0,1.200018,0.21267849206924438,0.96467125415802,0.3645927309989929
YDR297W,YOR174W,0,1.1989274,0.21263249218463898,0.96467125415802,0.36469292640686035
YIL035C,YMR166C,0,1.1987107,0.21258650720119476,0.96467125415802,0.3647930920124054
YGL023C,YAR010C,0,1.1975443,0.21254053711891174,0.96467125415802,0.3648932874202728
YGR065C,YNL153C,0,1.1969374,0.2124945968389511,0.96467125415802,0.36499348282814026
YDR263C,YGR085C,0,1.1966316,0.21244867146015167,0.96467125415802,0.3650936782360077
YLR410W,YAR066W,0,1.1964933,0.21240276098251343,0.96467125415802,0.3651938736438751
YIL109C,YIR025W,0,1.1964754,0.21235688030719757,0.96467125415802,0.36529406905174255
YOR354C,YKR022C,0,1.1964414,0.2123110145330429,0.96467125415802,0.3653942346572876
YOL156W,YBR288C,0,1.1943471,0.21226516366004944,0.96467125415802,0.36549443006515503
YJL187C,YNR008W,0,1.1940386,0.21221934258937836,0.96467125415802,0.36559462547302246
YLL002W,YPR187W,0,1.1936543,0.21217353641986847,0.96467125415802,0.3656948208808899
YMR150C,YCR040W,0,1.1934268,0.21212774515151978,0.96467125415802,0.3657950162887573
YER087W,YDR116C,0,1.191191,0.21208198368549347,0.96467125415802,0.36589521169662476
YIL134W,YDL229W,0,1.1911223,0.21203623712062836,0.96467125415802,0.3659953773021698
YGR001C,YGR179C,0,1.1903477,0.21199050545692444,0.96467125415802,0.36609557271003723
YGR256W,YER048C,0,1.1901731,0.2119448035955429,0.96467125415802,0.36619576811790466
YDL021W,YAL005C,0,1.1886902,0.21189911663532257,0.96467125415802,0.3662959635257721
YHR136C,YKL024C,0,1.1883755,0.21185344457626343,0.96467125415802,0.3663961589336395
YMR264W,YBL021C,0,1.1879423,0.21180780231952667,0.96467125415802,0.36649635434150696
YOL112W,YJL062W-A,0,1.187759,0.2117621749639511,0.96467125415802,0.366596519947052
YDL035C,YDR197W,0,1.1867965,0.21171656250953674,0.96467125415802,0.36669671535491943
YNL232W,YHR140W,0,1.1864631,0.21167097985744476,0.96467125415802,0.36679691076278687
YKL056C,YPL072W,0,1.1861668,0.21162539720535278,0.96467125415802,0.3668971061706543
YDR381C-A,YGR238C,0,1.1839485,0.21157985925674438,0.96467125415802,0.36699730157852173
YML077W,YBL018C,0,1.1830579,0.211534321308136,0.96467125415802,0.36709749698638916
YCL043C,YLL005C,0,1.1825461,0.21148881316184998,0.96467125415802,0.3671976625919342
YKL064W,YOR083W,0,1.1819775,0.21144331991672516,0.96467125415802,0.36729785799980164
YBR136W,YCR010C,0,1.181854,0.21139785647392273,0.96467125415802,0.36739805340766907
YCR072C,YMR292W,0,1.1815014,0.2113523930311203,0.96467125415802,0.3674982488155365
YBR118W,YDR494W,0,1.1803002,0.21130695939064026,0.96467125415802,0.36759844422340393
YMR283C,YFR007W,0,1.1801115,0.2112615555524826,0.96467125415802,0.36769863963127136
YGR056W,YBR176W,0,1.1796601,0.21121615171432495,0.96467125415802,0.3677988052368164
YOL031C,YJR092W,0,1.1790459,0.21117077767848969,0.96467125415802,0.36789900064468384
YJL074C,YMR231W,0,1.1789181,0.2111254334449768,0.96467125415802,0.36799919605255127
YBL055C,YBR223C,0,1.1784475,0.21108008921146393,0.96467125415802,0.3680993914604187
YMR240C,YJR137C,0,1.1783805,0.21103477478027344,0.96467125415802,0.36819958686828613
YDR368W,YLR312W-A,0,1.1763602,0.21098949015140533,0.96467125415802,0.36829978227615356
YDR248C,YDR167W,0,1.1750915,0.21094420552253723,0.96467125415802,0.3683999478816986
YLR142W,YCL036W,0,1.1742241,0.21089895069599152,0.96467125415802,0.36850014328956604
YDR331W,YBR205W,0,1.1730704,0.210853710770607,0.96467125415802,0.36860033869743347
YPL190C,YBL113C,0,1.1723948,0.21080848574638367,0.96467125415802,0.3687005341053009
YMR201C,YGR091W,0,1.1715846,0.21076329052448273,0.96467125415802,0.36880072951316833
YGL032C,YFL010W-A,0,1.1704128,0.21071811020374298,0.96467125415802,0.36890092492103577
YOR150W,YCL030C,0,1.1698247,0.21067295968532562,0.96467125415802,0.3690010905265808
YPR164W,YJR143C,0,1.1690136,0.21062780916690826,0.96467125415802,0.36910128593444824
YLR244C,YKR022C,0,1.1687552,0.2105826884508133,0.96467125415802,0.3692014813423157
YDR016C,YMR006C,0,1.1672317,0.21053758263587952,0.96467125415802,0.3693016767501831
YGL011C,YBR274W,0,1.1665664,0.21049250662326813,0.96467125415802,0.36940187215805054
YFR009W,YGL153W,0,1.1665514,0.21044744551181793,0.96467125415802,0.36950206756591797
YJL046W,YMR164C,0,1.164731,0.21040239930152893,0.96467125415802,0.369602233171463
YHR164C,YPL157W,0,1.16452,0.21035736799240112,0.96467125415802,0.36970242857933044
YGR026W,YIR035C,0,1.1632463,0.2103123664855957,0.96467125415802,0.3698026239871979
YER087W,YEL029C,0,1.1625528,0.21026737987995148,0.96467125415802,0.3699028193950653
YML091C,YDL222C,0,1.1622616,0.21022240817546844,0.96467125415802,0.37000301480293274
YKL107W,YMR162C,0,1.1615629,0.2101774662733078,0.96467125415802,0.37010321021080017
YIL139C,YOL086C,0,1.1612581,0.21013253927230835,0.96467125415802,0.3702033758163452
YFR021W,YNR051C,0,1.1607311,0.2100876271724701,0.96467125415802,0.37030357122421265
YBL091C-A,YOL102C,0,1.1606977,0.21004272997379303,0.96467125415802,0.3704037666320801
YBL052C,YBR039W,0,1.1605179,0.20999786257743835,0.96467125415802,0.3705039620399475
YCR020W-B,YPL101W,0,1.1590667,0.20995301008224487,0.96467125415802,0.37060415744781494
YBL002W,YIL067C,0,1.1572193,0.20990817248821259,0.96467125415802,0.3707043528556824
YOL049W,YOR284W,0,1.1562562,0.20986336469650269,0.96467125415802,0.3708045184612274
YMR030W,YLR316C,0,1.155354,0.20981857180595398,0.96467125415802,0.37090471386909485
YKL182W,YDR310C,0,1.1549151,0.20977379381656647,0.96467125415802,0.3710049092769623
YHR007C,YGR239C,0,1.1545789,0.20972903072834015,0.96467125415802,0.3711051046848297
YNL047C,YCR039C,0,1.1530089,0.20968429744243622,0.96467125415802,0.37120530009269714
YML099C,YDR071C,0,1.1526959,0.20963957905769348,0.96467125415802,0.3713054656982422
YDR059C,YPR073C,0,1.1522883,0.20959487557411194,0.96467125415802,0.3714056611061096
YOR061W,YNR018W,1,1.1522704,0.20976337790489197,0.965652585029602,0.3714056611061096
YLL032C,YGL103W,0,1.1513547,0.20971867442131042,0.965652585029602,0.37150585651397705
YGR274C,YJR083C,0,1.1506273,0.20967398583889008,0.965652585029602,0.3716060519218445
YDR523C,YHR050W,0,1.1501963,0.20962931215763092,0.965652585029602,0.3717062473297119
YHR085W,YHR168W,0,1.1497824,0.20958466827869415,0.965652585029602,0.37180644273757935
YOR353C,YIL121W,0,1.1497173,0.20954003930091858,0.965652585029602,0.3719066083431244
YDL126C,YGL141W,0,1.1496749,0.2094954252243042,0.965652585029602,0.3720068037509918
YNL305C,YJR104C,0,1.1489577,0.209450826048851,0.965652585029602,0.37210699915885925
YPR201W,YDL212W,0,1.1486022,0.20940625667572021,0.965652585029602,0.3722071945667267
YMR061W,YLR355C,0,1.1482736,0.2093617022037506,0.965652585029602,0.3723073899745941
YHR001W,YLL012W,0,1.1479521,0.2093171626329422,0.965652585029602,0.37240758538246155
YMR106C,YIR033W,0,1.1477387,0.20927265286445618,0.965652585029602,0.3725077509880066
YJL044C,YDL208W,0,1.1469984,0.20922815799713135,0.965652585029602,0.372607946395874
YLR172C,YOR010C,0,1.1463445,0.2091836780309677,0.965652585029602,0.37270814180374146
YKR101W,YGR033C,0,1.1463273,0.20913921296596527,0.965652585029602,0.3728083372116089
YIR021W,YGL134W,0,1.1462696,0.20909477770328522,0.965652585029602,0.3729085326194763
YJR033C,YLR121C,0,1.1461649,0.20905035734176636,0.965652585029602,0.37300872802734375
YNL299W,YCL030C,0,1.1457076,0.2090059518814087,0.965652585029602,0.3731088936328888
YJL018W,YNL177C,0,1.1446059,0.20896156132221222,0.965652585029602,0.3732090890407562
YNR032W,YPL066W,0,1.1442915,0.20891720056533813,0.965652585029602,0.37330928444862366
YMR165C,YGL124C,0,1.1432424,0.20887285470962524,0.965652585029602,0.3734094798564911
YLR078C,YAL047C,0,1.1426883,0.20882852375507355,0.965652585029602,0.3735096752643585
YBL017C,YFL031W,0,1.1426376,0.20878420770168304,0.965652585029602,0.37360987067222595
YML037C,YDR245W,0,1.1408759,0.20873992145061493,0.965652585029602,0.373710036277771
YLR399C,YBR073W,0,1.140439,0.208695650100708,0.965652585029602,0.3738102316856384
YOR393W,YCR039C,0,1.1395861,0.20865139365196228,0.965652585029602,0.37391042709350586
YKR094C,YNR046W,0,1.1387165,0.20860716700553894,0.965652585029602,0.3740106225013733
YGL178W,YGR035C,0,1.1386645,0.2085629552602768,0.965652585029602,0.3741108179092407
YKL184W,YER014C-A,0,1.1385207,0.20851875841617584,0.965652585029602,0.37421101331710815
YPR002W,YJR070C,0,1.1360698,0.20847457647323608,0.965652585029602,0.3743111789226532
YDL210W,YPL174C,0,1.1351478,0.2084304243326187,0.965652585029602,0.37441137433052063
YDR320C,YML030W,0,1.1351268,0.20838627219200134,0.965652585029602,0.37451156973838806
YJR151C,YIL049W,0,1.1336393,0.20834214985370636,0.965652585029602,0.3746117651462555
YJL018W,YOR085W,0,1.1328962,0.20829805731773376,0.965652585029602,0.3747119605541229
YDL138W,YGR105W,0,1.1326854,0.20825396478176117,0.965652585029602,0.37481215596199036
YOR058C,YCL075W,0,1.1306022,0.20820990204811096,0.965652585029602,0.3749123215675354
YMR143W,YDR341C,0,1.1304083,0.20816585421562195,0.965652585029602,0.37501251697540283
YGL187C,YHR082C,0,1.129865,0.20812182128429413,0.965652585029602,0.37511271238327026
YNL312W,YJL143W,0,1.1298401,0.2080778181552887,0.965652585029602,0.3752129077911377
YCR053W,YLR035C,0,1.1289567,0.20803382992744446,0.965652585029602,0.3753131031990051
YDR383C,YPR151C,0,1.128711,0.2079898566007614,0.965652585029602,0.37541329860687256
YDR064W,YLR275W,0,1.1284868,0.20794589817523956,0.965652585029602,0.3755134642124176
YLR110C,YPR104C,0,1.1276586,0.2079019695520401,0.965652585029602,0.37561365962028503
YNL148C,YGR188C,0,1.1271713,0.20785804092884064,0.965652585029602,0.37571385502815247
YLR192C,YOL088C,0,1.1261656,0.20781415700912476,0.965652585029602,0.3758140504360199
YLR099C,YOR130C,0,1.1261189,0.20777027308940887,0.965652585029602,0.37591424584388733
YFL050C,YMR284W,0,1.1259729,0.2077264040708542,0.965652585029602,0.37601444125175476
YLR095C,YOR017W,0,1.1251404,0.2076825648546219,0.965652585029602,0.3761146068572998
YGR128C,YKR035W-A,0,1.1246489,0.20763874053955078,0.965652585029602,0.37621480226516724
YOL145C,YIL162W,0,1.1233268,0.20759493112564087,0.965652585029602,0.37631499767303467
YNL259C,YJR051W,0,1.1232975,0.20755115151405334,0.965652585029602,0.3764151930809021
YMR296C,YKR038C,0,1.1229024,0.20750738680362701,0.965652585029602,0.37651538848876953
YFL033C,YIL097W,0,1.1227233,0.20746363699436188,0.965652585029602,0.37661558389663696
YBR009C,YDL058W,0,1.1226399,0.20741990208625793,0.965652585029602,0.376715749502182
YDR403W,YGL147C,0,1.1222322,0.20737618207931519,0.965652585029602,0.37681594491004944
YER004W,YCR094W,0,1.1213844,0.20733249187469482,0.965652585029602,0.37691614031791687
YPR079W,YKL137W,0,1.1200032,0.20728881657123566,0.965652585029602,0.3770163357257843
YDR496C,YJL225C,0,1.1191913,0.20724515616893768,0.965652585029602,0.37711653113365173
YMR020W,YGR268C,0,1.1186895,0.2072015106678009,0.965652585029602,0.37721672654151917
YBL036C,YOR344C,0,1.118674,0.2071578949689865,0.965652585029602,0.3773168921470642
YNL197C,YDR126W,0,1.1178516,0.2071142941713333,0.965652585029602,0.37741708755493164
YER157W,YPL227C,0,1.1176323,0.2070707082748413,0.965652585029602,0.3775172829627991
YPL139C,YIL160C,0,1.1165785,0.2070271372795105,0.965652585029602,0.3776174783706665
YGR211W,YJL125C,1,1.1162705,0.20719394087791443,0.9666339755058289,0.3776174783706665
YIL159W,YLR291C,0,1.115227,0.20715036988258362,0.9666339755058289,0.37771767377853394
YKL163W,YLR157C,0,1.1129464,0.207106813788414,0.9666339755058289,0.377817839384079
YKL203C,YOR057W,0,1.1128999,0.20706327259540558,0.9666339755058289,0.3779180347919464
YOR304W,YNL316C,0,1.1123717,0.20701976120471954,0.9666339755058289,0.37801823019981384
YOL147C,YPL008W,0,1.1120815,0.2069762498140335,0.9666339755058289,0.3781184256076813
YBR235W,YKL015W,0,1.1098505,0.20693276822566986,0.9666339755058289,0.3782186210155487
YPR094W,YGL035C,0,1.1086144,0.2068893015384674,0.9666339755058289,0.37831881642341614
YLR098C,YMR127C,0,1.107561,0.20684586465358734,0.9666339755058289,0.3784189820289612
YKL212W,YDL239C,0,1.1075292,0.20680244266986847,0.9666339755058289,0.3785191774368286
YLR170C,YDR472W,0,1.1074932,0.2067590206861496,0.9666339755058289,0.37861937284469604
YCR067C,YJR036C,0,1.1065539,0.2067156285047531,0.9666339755058289,0.3787195682525635
YMR186W,YOR179C,0,1.1056604,0.20667226612567902,0.9666339755058289,0.3788197636604309
YIL044C,YMR247C,0,1.1054186,0.20662890374660492,0.9666339755058289,0.37891995906829834
YDL179W,YDR267C,0,1.1051338,0.2065855711698532,0.9666339755058289,0.3790201246738434
YBL099W,YJL170C,0,1.1041992,0.2065422534942627,0.9666339755058289,0.3791203200817108
YDR432W,YPL051W,0,1.104147,0.20649895071983337,0.9666339755058289,0.37922051548957825
YOR298W,YOR206W,0,1.10378,0.20645566284656525,0.9666339755058289,0.3793207108974457
YCR069W,YJR099W,0,1.1036046,0.2064124047756195,0.9666339755058289,0.3794209063053131
YKR098C,YKL201C,0,1.1035943,0.20636916160583496,0.9666339755058289,0.37952110171318054
YFR013W,YIL133C,0,1.1030126,0.2063259333372116,0.9666339755058289,0.3796212673187256
YDR226W,YNL175C,0,1.1017416,0.20628271996974945,0.9666339755058289,0.379721462726593
YDL195W,YKL004W,0,1.1006584,0.20623953640460968,0.9666339755058289,0.37982165813446045
YLR291C,YIL083C,0,1.1002727,0.2061963528394699,0.9666339755058289,0.3799218535423279
YHR156C,YJL189W,0,1.0994565,0.20615319907665253,0.9666339755058289,0.3800220489501953
YMR078C,YGR252W,0,1.0992453,0.20611006021499634,0.9666339755058289,0.38012224435806274
YKL160W,YEL042W,0,1.0988812,0.20606695115566254,0.9666339755058289,0.3802224099636078
YGR280C,YGL030W,0,1.0988351,0.20602384209632874,0.9666339755058289,0.3803226053714752
YJL136C,YLR226W,0,1.0984292,0.20598076283931732,0.9666339755058289,0.38042280077934265
YDR085C,YGR231C,0,1.0975069,0.2059376984834671,0.9666339755058289,0.3805229961872101
YNR026C,YER160C,0,1.0969623,0.20589464902877808,0.9666339755058289,0.3806231915950775
YDL030W,YDR085C,0,1.0969431,0.20585161447525024,0.9666339755058289,0.38072338700294495
YOL088C,YOR150W,0,1.0964321,0.2058086097240448,0.9666339755058289,0.38082355260849
YDR229W,YDR140W,0,1.0962448,0.20576561987400055,0.9666339755058289,0.3809237480163574
YER004W,YBR239C,0,1.0958867,0.2057226449251175,0.9666339755058289,0.38102394342422485
YDR062W,YPL160W,0,1.0948428,0.20567968487739563,0.9666339755058289,0.3811241388320923
YJR075W,YGL095C,0,1.0947862,0.20563673973083496,0.9666339755058289,0.3812243342399597
YER157W,YIL138C,0,1.0940454,0.20559382438659668,0.9666339755058289,0.38132452964782715
YMR134W,YLR285W,0,1.0925938,0.2055509239435196,0.9666339755058289,0.3814246952533722
YLR071C,YML022W,0,1.0917457,0.2055080384016037,0.9666339755058289,0.3815248906612396
YBL091C-A,YPL244C,0,1.0917413,0.205465167760849,0.9666339755058289,0.38162508606910706
YPR054W,YIL074C,0,1.0908176,0.2054223120212555,0.9666339755058289,0.3817252814769745
YLR291C,YLR020C,0,1.0896211,0.20537948608398438,0.9666339755058289,0.3818254768848419
YGR288W,YOR058C,0,1.0896204,0.20533667504787445,0.9666339755058289,0.38192567229270935
YPR145W,YHR183W,0,1.0895599,0.20529387891292572,0.9666339755058289,0.3820258378982544
YCR012W,YAL031C,0,1.0887638,0.20525109767913818,0.9666339755058289,0.3821260333061218
YGR276C,YJL192C,0,1.0884696,0.20520833134651184,0.9666339755058289,0.38222622871398926
YPL103C,YDR402C,0,1.0884106,0.20516559481620789,0.9666339755058289,0.3823264241218567
YBR006W,YGL256W,0,1.0882099,0.20512285828590393,0.9666339755058289,0.3824266195297241
YDR429C,YLL036C,0,1.0878451,0.20508015155792236,0.9666339755058289,0.38252681493759155
YBR082C,YIR006C,0,1.0876327,0.20503747463226318,0.9666339755058289,0.3826269805431366
YKL074C,YDL133C-A,0,1.0873758,0.204994797706604,0.9666339755058289,0.38272717595100403
YLL042C,YGL145W,0,1.087089,0.2049521505832672,0.9666339755058289,0.38282737135887146
YBR136W,YDR143C,0,1.0870652,0.20490950345993042,0.9666339755058289,0.3829275667667389
YPL012W,YNL307C,0,1.0869102,0.20486688613891602,0.9666339755058289,0.3830277621746063
YHL016C,YPL066W,0,1.0867893,0.2048242837190628,0.9666339755058289,0.38312795758247375
YGL086W,YPR056W,0,1.086495,0.20478171110153198,0.9666339755058289,0.3832281231880188
YER049W,YNR008W,0,1.0859803,0.20473913848400116,0.9666339755058289,0.38332831859588623
YAL016W,YBL018C,0,1.0857501,0.20469659566879272,0.9666339755058289,0.38342851400375366
YJL113W,YPL111W,0,1.0856066,0.20465406775474548,0.9666339755058289,0.3835287094116211
YDR456W,YFR045W,0,1.085065,0.20461155474185944,0.9666339755058289,0.3836289048194885
YML118W,YGR222W,0,1.0835688,0.20456905663013458,0.9666339755058289,0.38372907042503357
YIL134W,YDR318W,0,1.0826268,0.20452657341957092,0.9666339755058289,0.383829265832901
YOR362C,YJL095W,0,1.0785205,0.20448412001132965,0.9666339755058289,0.38392946124076843
YGR261C,YNR067C,0,1.077805,0.20444168150424957,0.9666339755058289,0.38402965664863586
YDR067C,YOL075C,0,1.077011,0.2043992578983307,0.9666339755058289,0.3841298520565033
YFR004W,YLR372W,0,1.0764527,0.204356849193573,0.9666339755058289,0.3842300474643707
YOL007C,YOL147C,0,1.0759674,0.2043144553899765,0.9666339755058289,0.38433021306991577
YHR187W,YMR282C,0,1.0751845,0.2042720913887024,0.9666339755058289,0.3844304084777832
YMR122W-A,YDR202C,0,1.0745277,0.20422972738742828,0.9666339755058289,0.38453060388565063
YGL125W,YJR067C,0,1.0736693,0.20418739318847656,0.9666339755058289,0.38463079929351807
YLR201C,YDL165W,0,1.073662,0.20414507389068604,0.9666339755058289,0.3847309947013855
YOL147C,YMR293C,0,1.0735862,0.2041027694940567,0.9666339755058289,0.38483119010925293
YHR030C,YLR301W,0,1.0735158,0.20406049489974976,0.9666339755058289,0.384931355714798
YDR252W,YNL267W,0,1.073126,0.2040182203054428,0.9666339755058289,0.3850315511226654
YDL170W,YOR073W,0,1.0724616,0.20397597551345825,0.9666339755058289,0.38513174653053284
YOR295W,YNL049C,0,1.0722203,0.2039337456226349,0.9666339755058289,0.38523194193840027
YGR155W,YAL022C,0,1.0721705,0.20389153063297272,0.9666339755058289,0.3853321373462677
YNL209W,YOR098C,0,1.0712482,0.20384933054447174,0.9666339755058289,0.38543233275413513
YDR429C,YER016W,0,1.0708525,0.20380716025829315,0.9666339755058289,0.3855324983596802
YPL121C,YMR182C,0,1.0706815,0.20376500487327576,0.9666339755058289,0.3856326937675476
YNL297C,YHR206W,0,1.0705047,0.20372284948825836,0.9666339755058289,0.38573288917541504
YJR010W,YNL053W,0,1.070412,0.20368072390556335,0.9666339755058289,0.38583308458328247
YDL108W,YDL214C,0,1.069687,0.20363861322402954,0.9666339755058289,0.3859332799911499
YOR125C,YER126C,0,1.069083,0.20359653234481812,0.9666339755058289,0.38603347539901733
YNL232W,YDR291W,0,1.0690159,0.2035544514656067,0.9666339755058289,0.3861336410045624
YFL047W,YIR008C,0,1.068821,0.20351240038871765,0.9666339755058289,0.3862338364124298
YMR030W,YJL209W,0,1.0685456,0.2034703642129898,0.9666339755058289,0.38633403182029724
YDR051C,YBR280C,0,1.0679215,0.20342832803726196,0.9666339755058289,0.3864342272281647
YDL144C,YKL184W,0,1.0676377,0.2033863365650177,0.9666339755058289,0.3865344226360321
YGR061C,YDL127W,0,1.0672112,0.20334434509277344,0.9666339755058289,0.38663461804389954
YMR034C,YPL008W,0,1.0670499,0.20330236852169037,0.9666339755058289,0.3867347836494446
YDR501W,YER011W,0,1.0665756,0.2032604217529297,0.9666339755058289,0.386834979057312
YGL186C,YPR032W,0,1.0652167,0.2032184898853302,0.9666339755058289,0.38693517446517944
YDR231C,YNR022C,0,1.0649152,0.2031765729188919,0.9666339755058289,0.3870353698730469
YBL034C,YNL273W,0,1.06448,0.2031346708536148,0.9666339755058289,0.3871355652809143
YNL312W,YGL099W,0,1.0644076,0.2030927836894989,0.9666339755058289,0.38723576068878174
YOR297C,YKR003W,0,1.0639584,0.2030509114265442,0.9666339755058289,0.3873359262943268
YHR147C,YMR300C,0,1.0637884,0.20300906896591187,0.9666339755058289,0.3874361217021942
YER170W,YBR176W,0,1.0635593,0.20296724140644073,0.9666339755058289,0.38753631711006165
YDR456W,YBR070C,0,1.0631586,0.2029254287481308,0.9666339755058289,0.3876365125179291
YGR180C,YGL173C,0,1.0629916,0.20288363099098206,0.9666339755058289,0.3877367079257965
YEL046C,YPL281C,0,1.0618507,0.2028418481349945,0.9666339755058289,0.38783690333366394
YJL018W,YHL027W,0,1.0618118,0.20280008018016815,0.9666339755058289,0.387937068939209
YLR256W,YOR204W,0,1.0618069,0.20275834202766418,0.9666339755058289,0.3880372643470764
YDR304C,YBL085W,0,1.061132,0.20271660387516022,0.9666339755058289,0.38813745975494385
YMR241W,YBR041W,0,1.0605485,0.20267489552497864,0.9666339755058289,0.3882376551628113
YPL091W,YBL004W,0,1.060497,0.20263320207595825,0.9666339755058289,0.3883378505706787
YNL047C,YOR141C,0,1.0596921,0.20259152352809906,0.9666339755058289,0.38843804597854614
YNL245C,YJR019C,0,1.0596856,0.20254985988140106,0.9666339755058289,0.3885382115840912
YDR081C,YDR415C,0,1.0594974,0.20250822603702545,0.9666339755058289,0.3886384069919586
YAL039C,YDL153C,0,1.0591505,0.20246659219264984,0.9666339755058289,0.38873860239982605
YDR390C,YJR040W,0,1.0590851,0.20242498815059662,0.9666339755058289,0.3888387978076935
YHR047C,YGR121C,0,1.0584219,0.2023833990097046,0.9666339755058289,0.3889389932155609
YOR063W,YPL195W,0,1.057734,0.20234182476997375,0.9666339755058289,0.38903918862342834
YBR040W,YGL010W,0,1.0568141,0.2023002654314041,0.9666339755058289,0.3891393542289734
YPL024W,YOR054C,0,1.0567701,0.20225872099399567,0.9666339755058289,0.3892395496368408
YPL259C,YLR439W,0,1.0561767,0.2022172063589096,0.9666339755058289,0.38933974504470825
YKL171W,YKL022C,0,1.0560876,0.20217569172382355,0.9666339755058289,0.3894399404525757
YDR531W,YBR276C,0,1.0560143,0.20213420689105988,0.9666339755058289,0.3895401358604431
YNL046W,YNL239W,0,1.056007,0.2020927369594574,0.9666339755058289,0.38964033126831055
YBR098W,YIR035C,0,1.0550574,0.2020512819290161,0.9666339755058289,0.3897404968738556
YAR019C,YGL035C,0,1.0526141,0.20200984179973602,0.9666339755058289,0.389840692281723
YOL068C,YGL153W,0,1.0519755,0.20196841657161713,0.9666339755058289,0.38994088768959045
YJL198W,YNL129W,0,1.0508009,0.20192702114582062,0.9666339755058289,0.3900410830974579
YML094W,YJL112W,0,1.0491213,0.2018856257200241,0.9666339755058289,0.3901412785053253
YNL010W,YDL069C,0,1.0478503,0.20184426009655,0.9666339755058289,0.39024144411087036
YDR166C,YDR079C-A,0,1.0469885,0.20180290937423706,0.9666339755058289,0.3903416395187378
YPR113W,YHR050W,0,1.0463098,0.20176157355308533,0.9666339755058289,0.3904418349266052
YNR040W,YOR298C-A,0,1.0454801,0.2017202526330948,0.9666339755058289,0.39054203033447266
YFR046C,YJL116C,0,1.04547,0.20167894661426544,0.9666339755058289,0.3906422257423401
YLR274W,YOR077W,0,1.0454457,0.20163767039775848,0.9666339755058289,0.3907424211502075
YIR017C,YBL018C,0,1.0453635,0.20159639418125153,0.9666339755058289,0.39084258675575256
YOR328W,YPR204W,0,1.0445399,0.20155514776706696,0.9666339755058289,0.39094278216362
YCR092C,YLR383W,0,1.0439177,0.20151391625404358,0.9666339755058289,0.3910429775714874
YJR077C,YGR135W,0,1.0433424,0.2014726996421814,0.9666339755058289,0.39114317297935486
YDL054C,YIL109C,0,1.0422769,0.2014314979314804,0.9666339755058289,0.3912433683872223
YBR244W,YPR133W-A,0,1.0412202,0.2013903111219406,0.9666339755058289,0.3913435637950897
YCR089W,YLR197W,0,1.0410582,0.201349139213562,0.9666339755058289,0.39144372940063477
YBL074C,YJL106W,0,1.0396013,0.2013079971075058,0.9666339755058289,0.3915439248085022
YLL043W,YOL003C,0,1.0392404,0.20126685500144958,0.9666339755058289,0.39164412021636963
YKR102W,YLR410W,0,1.0381376,0.20122574269771576,0.9666339755058289,0.39174431562423706
YEL065W,YGR184C,0,1.037911,0.20118464529514313,0.9666339755058289,0.3918445110321045
YGL207W,YOL056W,0,1.0375985,0.2011435627937317,0.9666339755058289,0.3919447064399719
YIL031W,YDL212W,0,1.0375193,0.20110249519348145,0.9666339755058289,0.39204487204551697
YLR174W,YBR217W,0,1.0369371,0.2010614424943924,0.9666339755058289,0.3921450674533844
YAL024C,YPL085W,0,1.0368193,0.20102040469646454,0.9666339755058289,0.39224526286125183
YPL098C,YKL034W,0,1.035792,0.20097939670085907,0.9666339755058289,0.39234545826911926
YDR316W,YCR030C,0,1.0356969,0.2009383887052536,0.9666339755058289,0.3924456536769867
YOR328W,YKR022C,0,1.0344707,0.20089741051197052,0.9666339755058289,0.3925458490848541
YPL265W,YDR393W,0,1.034196,0.20085644721984863,0.9666339755058289,0.39264601469039917
YER087W,YLL011W,0,1.0334442,0.20081549882888794,0.9666339755058289,0.3927462100982666
YOR142W,YGR087C,0,1.0334045,0.20077456533908844,0.9666339755058289,0.39284640550613403
YPL022W,YOR126C,0,1.0333382,0.20073364675045013,0.9666339755058289,0.39294660091400146
YDR056C,YDR118W,0,1.0332422,0.20069274306297302,0.9666339755058289,0.3930467963218689
YFL041W,YLR130C,0,1.0324575,0.2006518691778183,0.9666339755058289,0.39314699172973633
YOR338W,YER075C,0,1.0305977,0.20061099529266357,0.9666339755058289,0.39324715733528137
YDR211W,YMR070W,0,1.0296233,0.20057015120983124,0.9666339755058289,0.3933473527431488
YBR155W,YDR322C-A,0,1.0294818,0.2005293220281601,0.9666339755058289,0.39344754815101624
YGR186W,YCR002C,0,1.0285698,0.20048849284648895,0.9666339755058289,0.39354774355888367
YGL192W,YHL026C,1,1.0284735,0.20065119862556458,0.9676153063774109,0.39354774355888367
YJR060W,YHR012W,0,1.0283614,0.20061036944389343,0.9676153063774109,0.3936479389667511
YPL090C,YGR087C,0,1.028017,0.20056957006454468,0.9676153063774109,0.39374813437461853
YDR470C,YFL047W,0,1.0272635,0.20052877068519592,0.9676153063774109,0.3938482999801636
YOR388C,YAL042W,0,1.0263271,0.20048800110816956,0.9676153063774109,0.393948495388031
YPL083C,YDL168W,0,1.0258708,0.20044724643230438,0.9676153063774109,0.39404869079589844
YBR196C,YGR157W,0,1.0257909,0.2004065066576004,0.9676153063774109,0.39414888620376587
YGL040C,YJR112W,0,1.0254447,0.20036578178405762,0.9676153063774109,0.3942490816116333
YFL014W,YOL156W,0,1.0240549,0.20032507181167603,0.9676153063774109,0.39434927701950073
YML095C,YML008C,0,1.0240134,0.20028437674045563,0.9676153063774109,0.3944494426250458
YDR226W,YDR093W,0,1.0236399,0.20024371147155762,0.9676153063774109,0.3945496380329132
YOR069W,YIR005W,0,1.0230247,0.2002030462026596,0.9676153063774109,0.39464983344078064
YMR164C,YJR001W,0,1.022885,0.20016241073608398,0.9676153063774109,0.39475002884864807
YPL055C,YML111W,0,1.022874,0.20012177526950836,0.9676153063774109,0.3948502242565155
YML054C,YOR337W,0,1.0227954,0.20008116960525513,0.9676153063774109,0.39495041966438293
YHR143W-A,YJL138C,0,1.0223279,0.20004057884216309,0.9676153063774109,0.395050585269928
YKL028W,YEL030W,0,1.0221529,0.20000000298023224,0.9676153063774109,0.3951507806777954
YGL004C,YGR238C,0,1.0208519,0.19995944201946259,0.9676153063774109,0.39525097608566284
YGL192W,YBR261C,1,1.0206177,0.2001216560602188,0.9685966372489929,0.39525097608566284
YNR008W,YDR494W,0,1.0198028,0.20008108019828796,0.9685966372489929,0.3953511714935303
YMR123W,YLR024C,0,1.0195601,0.2000405341386795,0.9685966372489929,0.3954513669013977
YPR054W,YPL181W,0,1.0180423,0.20000000298023224,0.9685966372489929,0.39555156230926514
YOL030W,YDR363W-A,0,1.0177546,0.19995948672294617,0.9685966372489929,0.3956517279148102
YMR223W,YHR041C,0,1.0173889,0.1999189853668213,0.9685966372489929,0.3957519233226776
YNL322C,YHR168W,0,1.0172894,0.1998784989118576,0.9685966372489929,0.39585211873054504
YKL008C,YKL135C,0,1.0171566,0.19983802735805511,0.9685966372489929,0.3959523141384125
YIL017C,YMR089C,0,1.0163913,0.19979757070541382,0.9685966372489929,0.3960525095462799
YJR010C-A,YMR216C,0,1.0159487,0.19975712895393372,0.9685966372489929,0.39615270495414734
YHR039C,YJR019C,0,1.0159329,0.199716717004776,0.9685966372489929,0.3962528705596924
YLR319C,YNR026C,0,1.015701,0.1996763050556183,0.9685966372489929,0.3963530659675598
YDR017C,YHR209W,0,1.0151782,0.19963592290878296,0.9685966372489929,0.39645326137542725
YHL008C,YNR073C,0,1.014793,0.19959555566310883,0.9685966372489929,0.3965534567832947
YIR025W,YNR022C,0,1.0144635,0.1995552033185959,0.9685966372489929,0.3966536521911621
YEL040W,YOR077W,0,1.0135865,0.19951485097408295,0.9685966372489929,0.39675381779670715
YLR237W,YPR006C,0,1.0135303,0.1994745284318924,0.9685966372489929,0.3968540132045746
YAL012W,YDR503C,0,1.0131912,0.19943423569202423,0.9685966372489929,0.396954208612442
YKR002W,YMR112C,0,1.0129328,0.19939394295215607,0.9685966372489929,0.39705440402030945
YML001W,YEL022W,0,1.0122029,0.1993536651134491,0.9685966372489929,0.3971545994281769
YOR039W,YMR080C,0,1.0119176,0.19931340217590332,0.9685966372489929,0.3972547948360443
YNL245C,YJR051W,0,1.011646,0.19927316904067993,0.9685966372489929,0.39735496044158936
YER168C,YNR043W,0,1.0107515,0.19923293590545654,0.9685966372489929,0.3974551558494568
YDR476C,YDR221W,0,1.0084529,0.19919273257255554,0.9685966372489929,0.3975553512573242
YOR237W,YNL264C,0,1.0081981,0.19915254414081573,0.9685966372489929,0.39765554666519165
YLR289W,YLR425W,0,1.0081336,0.19911237061023712,0.9685966372489929,0.3977557420730591
YJR098C,YDR236C,0,1.00787,0.1990722119808197,0.9685966372489929,0.3978559374809265
YDR170W-A,YDL006W,0,1.0075744,0.19903206825256348,0.9685966372489929,0.39795610308647156
YOR047C,YNR036C,0,1.0069509,0.19899193942546844,0.9685966372489929,0.398056298494339
YPR192W,YCL033C,0,1.0065976,0.1989518254995346,0.9685966372489929,0.3981564939022064
YBL055C,YNL273W,0,1.0062488,0.19891172647476196,0.9685966372489929,0.39825668931007385
YOR067C,YOR206W,0,1.0059522,0.1988716572523117,0.9685966372489929,0.3983568847179413
YPR137W,YHR089C,1,1.0058777,0.19903303682804108,0.9695780277252197,0.3983568847179413
YMR169C,YOR329C,0,1.005805,0.19899295270442963,0.9695780277252197,0.3984570801258087
YMR122W-A,YGR192C,0,1.0058033,0.19895288348197937,0.9695780277252197,0.39855724573135376
YHR061C,YEL052W,0,1.0057635,0.1989128291606903,0.9695780277252197,0.3986574411392212
YBR289W,YPR096C,0,1.0048188,0.19887278974056244,0.9695780277252197,0.3987576365470886
YLR414C,YGL032C,0,1.004651,0.19883276522159576,0.9695780277252197,0.39885783195495605
YDR540C,YBL101C,0,1.0040902,0.19879275560379028,0.9695780277252197,0.3989580273628235
YNL166C,YPR018W,0,1.0034938,0.198752760887146,0.9695780277252197,0.3990582227706909
YGR180C,YPL078C,0,1.0034341,0.1987127959728241,0.9695780277252197,0.39915838837623596
YGR088W,YNR075W,0,1.0031108,0.1986728310585022,0.9695780277252197,0.3992585837841034
YML048W,YOR028C,0,1.0028248,0.19863289594650269,0.9695780277252197,0.3993587791919708
YNL126W,YNL206C,0,1.0023125,0.19859296083450317,0.9695780277252197,0.39945897459983826
YGL157W,YCR087C-A,0,1.0021821,0.19855305552482605,0.9695780277252197,0.3995591700077057
YBR171W,YDR116C,0,1.0015678,0.19851316511631012,0.9695780277252197,0.3996593654155731
YNR026C,YML077W,0,1.0002366,0.19847328960895538,0.9695780277252197,0.39975953102111816
YER104W,YGL095C,0,0.9986669,0.19843341410160065,0.9695780277252197,0.3998597264289856
YPL144W,YNL321W,0,0.99708676,0.1983935683965683,0.9695780277252197,0.399959921836853
YGL157W,YGL141W,0,0.996985,0.19835373759269714,0.9695780277252197,0.40006011724472046
YEL050C,YJL109C,0,0.9962028,0.19831393659114838,0.9695780277252197,0.4001603126525879
YLR148W,YLR403W,0,0.99618936,0.1982741355895996,0.9695780277252197,0.4002605080604553
YNL116W,YIL090W,0,0.99606335,0.19823434948921204,0.9695780277252197,0.40036067366600037
YHR101C,YCL008C,0,0.995921,0.19819457828998566,0.9695780277252197,0.4004608690738678
YGL192W,YLR165C,1,0.994916,0.19835539162158966,0.9705593585968018,0.4004608690738678
YCL063W,YPL281C,0,0.99411136,0.19831562042236328,0.9705593585968018,0.40056106448173523
YML124C,YER016W,0,0.9938628,0.1982758641242981,0.9705593585968018,0.40066125988960266
YNL148C,YLR398C,0,0.9929096,0.1982361227273941,0.9705593585968018,0.4007614552974701
YML048W,YKL018W,0,0.9924472,0.1981963962316513,0.9705593585968018,0.4008616507053375
YOR125C,YLL035W,0,0.99188626,0.1981566846370697,0.9705593585968018,0.40096181631088257
YHR112C,YPL045W,0,0.99179566,0.1981169879436493,0.9705593585968018,0.40106201171875
YGL168W,YBR096W,0,0.9913858,0.19807730615139008,0.9705593585968018,0.40116220712661743
YFR037C,YGL063W,1,0.99102956,0.19823788106441498,0.9715407490730286,0.40116220712661743
YJL041W,YBR136W,0,0.9908603,0.19819819927215576,0.9715407490730286,0.40126240253448486
YBR244W,YGR209C,0,0.9905481,0.19815853238105774,0.9715407490730286,0.4013625979423523
YOL064C,YLR141W,0,0.99033135,0.19811886548995972,0.9715407490730286,0.4014627933502197
YNL305C,YIR028W,0,0.9900661,0.19807922840118408,0.9715407490730286,0.40156295895576477
YIR038C,YLR174W,0,0.98990965,0.19803960621356964,0.9715407490730286,0.4016631543636322
YDR404C,YDR170C,0,0.98806417,0.1979999989271164,0.9715407490730286,0.40176334977149963
YOR239W,YHR079C-A,0,0.9877958,0.19796040654182434,0.9715407490730286,0.40186354517936707
YNL003C,YDL166C,0,0.9870934,0.19792082905769348,0.9715407490730286,0.4019637405872345
YLL039C,YPL042C,0,0.98708117,0.19788126647472382,0.9715407490730286,0.40206393599510193
YDR420W,YMR056C,0,0.9858502,0.19784173369407654,0.9715407490730286,0.402164101600647
YLR027C,YJL133W,0,0.9847385,0.19780220091342926,0.9715407490730286,0.4022642970085144
YGL033W,YDR393W,0,0.98465824,0.19776268303394318,0.9715407490730286,0.40236449241638184
YKR010C,YHR064C,0,0.9841809,0.19772319495677948,0.9715407490730286,0.40246468782424927
YHR164C,YDL004W,0,0.9839379,0.19768370687961578,0.9715407490730286,0.4025648832321167
YDR497C,YGR223C,0,0.98321074,0.19764423370361328,0.9715407490730286,0.40266504883766174
YOL064C,YBL021C,0,0.9831272,0.19760479032993317,0.9715407490730286,0.4027652442455292
YGL205W,YIL070C,0,0.98223287,0.19756536185741425,0.9715407490730286,0.4028654396533966
YMR134W,YGR292W,0,0.981333,0.19752593338489532,0.9715407490730286,0.40296563506126404
YDR055W,YGR087C,0,0.98070204,0.1974865347146988,0.9715407490730286,0.40306583046913147
YJR130C,YMR130W,0,0.98069406,0.19744715094566345,0.9715407490730286,0.4031660258769989
YCR060W,YDR432W,0,0.97954464,0.1974077820777893,0.9715407490730286,0.40326619148254395
YFL050C,YMR054W,0,0.978096,0.19736842811107635,0.9715407490730286,0.4033663868904114
YOL054W,YHL022C,0,0.9769492,0.1973290741443634,0.9715407490730286,0.4034665822982788
YNL148C,YNL241C,0,0.9768783,0.19728974997997284,0.9715407490730286,0.40356677770614624
YGR216C,YER169W,0,0.97592044,0.19725045561790466,0.9715407490730286,0.40366697311401367
YBL105C,YKL176C,0,0.9756167,0.1972111612558365,0.9715407490730286,0.4037671685218811
YJL151C,YDL052C,0,0.9754752,0.1971718817949295,0.9715407490730286,0.40386733412742615
YEL054C,YGL251C,0,0.97531605,0.19713261723518372,0.9715407490730286,0.4039675295352936
YLR153C,YCL026C-A,0,0.974737,0.19709336757659912,0.9715407490730286,0.404067724943161
YDL215C,YLR353W,0,0.97456145,0.19705413281917572,0.9715407490730286,0.40416792035102844
YNL102W,YBR282W,0,0.97344506,0.1970149278640747,0.9715407490730286,0.4042681157588959
YJL194W,YBL034C,0,0.9728824,0.1969757229089737,0.9715407490730286,0.4043683111667633
YOR044W,YDL159W,0,0.97263277,0.19693654775619507,0.9715407490730286,0.40446847677230835
YLR126C,YBR018C,0,0.97203493,0.19689737260341644,0.9715407490730286,0.4045686721801758
YDL107W,YPR127W,0,0.97055936,0.1968582272529602,0.9715407490730286,0.4046688675880432
YGL040C,YPL270W,0,0.96964735,0.19681908190250397,0.9715407490730286,0.40476906299591064
YOL018C,YPL122C,0,0.96850204,0.19677996635437012,0.9715407490730286,0.4048692584037781
YDR320C,YDR266C,0,0.9671223,0.19674086570739746,0.9715407490730286,0.4049694538116455
YGR087C,YOR340C,0,0.96711373,0.1967017650604248,0.9715407490730286,0.40506961941719055
YDL036C,YGL010W,0,0.9671012,0.19666269421577454,0.9715407490730286,0.405169814825058
YCL010C,YEL012W,0,0.96654546,0.19662363827228546,0.9715407490730286,0.4052700102329254
YLR050C,YMR127C,0,0.9656973,0.19658459722995758,0.9715407490730286,0.40537020564079285
YBL023C,YIR003W,0,0.9655471,0.1965455561876297,0.9715407490730286,0.4054704010486603
YOL148C,YPL047W,0,0.9648216,0.1965065449476242,0.9715407490730286,0.4055705964565277
YJR161C,YPL017C,0,0.963807,0.1964675486087799,0.9715407490730286,0.40567076206207275
YBR073W,YNL064C,0,0.9636247,0.1964285671710968,0.9715407490730286,0.4057709574699402
YIL082W-A,YDL092W,0,0.96316767,0.1963896006345749,0.9715407490730286,0.4058711528778076
YGL213C,YDL054C,0,0.9625741,0.19635064899921417,0.9715407490730286,0.40597134828567505
YHR044C,YCL004W,0,0.9625125,0.19631171226501465,0.9715407490730286,0.4060715436935425
YPR113W,YNL189W,0,0.962409,0.1962728053331375,0.9715407490730286,0.4061717391014099
YJL219W,YDR202C,0,0.9620077,0.19623389840126038,0.9715407490730286,0.40627190470695496
YHR129C,YNL273W,0,0.96124375,0.19619500637054443,0.9715407490730286,0.4063721001148224
YKL174C,YDL236W,0,0.9609902,0.19615612924098969,0.9715407490730286,0.4064722955226898
YPR020W,YPL112C,0,0.9609639,0.19611726701259613,0.9715407490730286,0.40657249093055725
YCR028C-A,YGL147C,0,0.9599348,0.19607843458652496,0.9715407490730286,0.4066726863384247
YDR368W,YNL078W,0,0.9598868,0.1960396021604538,0.9715407490730286,0.4067728817462921
YKL011C,YLR138W,0,0.9591222,0.19600078463554382,0.9715407490730286,0.40687304735183716
YMR218C,YJL189W,0,0.95761126,0.19596199691295624,0.9715407490730286,0.4069732427597046
YNL107W,YML058W,0,0.9567859,0.19592320919036865,0.9715407490730286,0.407073438167572
YPR072W,YKL011C,0,0.95480657,0.19588445127010345,0.9715407490730286,0.40717363357543945
YGL039W,YBR035C,0,0.9543612,0.19584569334983826,0.9715407490730286,0.4072738289833069
YGL249W,YPL032C,0,0.953717,0.19580696523189545,0.9715407490730286,0.4073740243911743
YBR133C,YIL121W,0,0.9531038,0.19576823711395264,0.9715407490730286,0.40747418999671936
YLR341W,YGR071C,0,0.9529309,0.19572953879833221,0.9715407490730286,0.4075743854045868
YKL210W,YNL092W,0,0.95160437,0.19569085538387299,0.9715407490730286,0.4076745808124542
YBR210W,YLR321C,0,0.95158225,0.19565217196941376,0.9715407490730286,0.40777477622032166
YDL170W,YJL170C,0,0.9515008,0.19561351835727692,0.9715407490730286,0.4078749716281891
YBL018C,YMR052W,0,0.95056534,0.19557486474514008,0.9715407490730286,0.4079751670360565
YNL026W,YPR137W,0,0.950277,0.19553624093532562,0.9715407490730286,0.40807533264160156
YGL207W,YBR286W,0,0.9493526,0.19549763202667236,0.9715407490730286,0.408175528049469
YHR099W,YLL019C,0,0.94925445,0.1954590380191803,0.9715407490730286,0.4082757234573364
YPL190C,YDR169C,0,0.94897497,0.19542044401168823,0.9715407490730286,0.40837591886520386
YNR069C,YMR198W,0,0.9487539,0.19538187980651855,0.9715407490730286,0.4084761142730713
YER165W,YIR009W,0,0.9477258,0.19534333050251007,0.9715407490730286,0.4085763096809387
YJL207C,YBL052C,0,0.94583863,0.19530479609966278,0.9715407490730286,0.40867647528648376
YOR338W,YNL280C,0,0.94430697,0.19526627659797668,0.9715407490730286,0.4087766706943512
YGR192C,YBR253W,0,0.9434719,0.19522777199745178,0.9715407490730286,0.40887686610221863
YOR138C,YLR098C,0,0.9428725,0.19518926739692688,0.9715407490730286,0.40897706151008606
YGR207C,YOR008C,0,0.9423631,0.19515079259872437,0.9715407490730286,0.4090772569179535
YJL160C,YGR028W,0,0.94209266,0.19511233270168304,0.9715407490730286,0.40917742252349854
YER091C,YAL040C,0,0.9414073,0.19507388770580292,0.9715407490730286,0.40927761793136597
YDR444W,YFR004W,0,0.9393885,0.19503545761108398,0.9715407490730286,0.4093778133392334
YJL139C,YPR198W,0,0.9385444,0.19499704241752625,0.9715407490730286,0.40947800874710083
YNR074C,YHR134W,0,0.9380895,0.1949586421251297,0.9715407490730286,0.40957820415496826
YPL101W,YOR391C,0,0.9376036,0.19492025673389435,0.9715407490730286,0.4096783995628357
YJL139C,YPL053C,0,0.93755955,0.1948818862438202,0.9715407490730286,0.40977856516838074
YLR119W,YBR273C,0,0.937446,0.19484353065490723,0.9715407490730286,0.40987876057624817
YNR049C,YPL181W,0,0.9374059,0.19480518996715546,0.9715407490730286,0.4099789559841156
YBR058C,YIL159W,0,0.9369622,0.19476686418056488,0.9715407490730286,0.41007915139198303
YJL099W,YOR339C,0,0.93679273,0.1947285532951355,0.9715407490730286,0.41017934679985046
YPR005C,YHR101C,0,0.9363376,0.1946902722120285,0.9715407490730286,0.4102795422077179
YKL025C,YDL184C,0,0.9362469,0.1946519911289215,0.9715407490730286,0.41037970781326294
YBR022W,YNL152W,0,0.93549,0.1946137249469757,0.9715407490730286,0.41047990322113037
YJL198W,YPL027W,0,0.935037,0.1945754736661911,0.9715407490730286,0.4105800986289978
YBR271W,YOR389W,0,0.93494666,0.1945372372865677,0.9715407490730286,0.41068029403686523
YNR051C,YNL035C,1,0.9348823,0.19469548761844635,0.9725220799446106,0.41068029403686523
YLL015W,YOL005C,0,0.93466604,0.19465723633766174,0.9725220799446106,0.41078048944473267
YOR025W,YGR009C,0,0.9341663,0.19461901485919952,0.9725220799446106,0.4108806848526001
YJR017C,YIL042C,0,0.9341032,0.1945807933807373,0.9725220799446106,0.41098085045814514
YJR014W,YCR043C,0,0.9313159,0.19454260170459747,0.9725220799446106,0.4110810458660126
YDL085W,YLR425W,0,0.92998177,0.19450441002845764,0.9725220799446106,0.41118124127388
YHR209W,YNL016W,0,0.9298736,0.1944662481546402,0.9725220799446106,0.41128143668174744
YDL132W,YML042W,0,0.929496,0.19442810118198395,0.9725220799446106,0.41138163208961487
YLR097C,YLR450W,0,0.9290713,0.1943899542093277,0.9725220799446106,0.4114818274974823
YKR024C,YNL307C,0,0.92838687,0.19435183703899384,0.9725220799446106,0.41158199310302734
YLR369W,YGR175C,0,0.92835426,0.19431371986865997,0.9725220799446106,0.4116821885108948
YLR312W-A,YAR007C,0,0.9251488,0.1942756325006485,0.9725220799446106,0.4117823839187622
YPL147W,YNL217W,0,0.924463,0.19423756003379822,0.9725220799446106,0.41188257932662964
YMR241W,YPR166C,0,0.92429423,0.19419948756694794,0.9725220799446106,0.41198277473449707
YPR118W,YBR201W,0,0.923185,0.19416144490242004,0.9725220799446106,0.4120829701423645
YHL009C,YPR082C,0,0.9223893,0.19412340223789215,0.9725220799446106,0.41218313574790955
YML046W,YHR132C,0,0.9220123,0.19408538937568665,0.9725220799446106,0.412283331155777
YLR319C,YLR438C-A,0,0.9215603,0.19404739141464233,0.9725220799446106,0.4123835265636444
YOL108C,YOR202W,0,0.9213603,0.19400939345359802,0.9725220799446106,0.41248372197151184
YBL091C-A,YDR291W,0,0.91965723,0.1939714252948761,0.9725220799446106,0.4125839173793793
YAL016W,YCR087C-A,0,0.91865206,0.19393345713615417,0.9725220799446106,0.4126841127872467
YPL104W,YLR242C,0,0.9185166,0.19389551877975464,0.9725220799446106,0.41278427839279175
YDR470C,YGL236C,0,0.91836476,0.1938575953245163,0.9725220799446106,0.4128844738006592
YMR093W,YOR361C,0,0.916886,0.19381967186927795,0.9725220799446106,0.4129846692085266
YDR170W-A,YPL196W,0,0.91524386,0.193781778216362,0.9725220799446106,0.41308486461639404
YLR132C,YGR199W,0,0.9150652,0.19374388456344604,0.9725220799446106,0.4131850600242615
YCR096C,YBR037C,0,0.91391075,0.19370602071285248,0.9725220799446106,0.4132852554321289
YOL043C,YHR098C,0,0.9138442,0.1936681717634201,0.9725220799446106,0.41338542103767395
YBL088C,YOR367W,0,0.91334385,0.19363032281398773,0.9725220799446106,0.4134856164455414
YMR089C,YGL039W,0,0.91293025,0.19359250366687775,0.9725220799446106,0.4135858118534088
YNL306W,YNL014W,0,0.91223,0.19355468451976776,0.9725220799446106,0.41368600726127625
YOR293W,YLR298C,0,0.9095434,0.19351689517498016,0.9725220799446106,0.4137862026691437
YBR154C,YDR356W,0,0.9093049,0.19347910583019257,0.9725220799446106,0.4138863980770111
YPL017C,YNL217W,0,0.9085002,0.19344134628772736,0.9725220799446106,0.41398656368255615
YDR497C,YGR002C,0,0.9079516,0.19340358674526215,0.9725220799446106,0.4140867590904236
YPR031W,YDL004W,0,0.907101,0.19336585700511932,0.9725220799446106,0.414186954498291
YBR035C,YOR075W,0,0.90620315,0.1933281272649765,0.9725220799446106,0.41428714990615845
YNL112W,YCL031C,0,0.9059675,0.19329042732715607,0.9725220799446106,0.4143873453140259
YKL084W,YOR279C,0,0.9051844,0.19325272738933563,0.9725220799446106,0.4144875407218933
YJR009C,YGL131C,0,0.905076,0.19321505725383759,0.9725220799446106,0.41458770632743835
YMR117C,YER147C,0,0.9046804,0.19317738711833954,0.9725220799446106,0.4146879017353058
YKL184W,YIL074C,0,0.90324926,0.19313973188400269,0.9725220799446106,0.4147880971431732
YDR205W,YML008C,0,0.902202,0.19310210645198822,0.9725220799446106,0.41488829255104065
YLR310C,YPL167C,0,0.9017683,0.19306448101997375,0.9725220799446106,0.4149884879589081
YOR066W,YFR033C,0,0.90156096,0.19302688539028168,0.9725220799446106,0.4150886833667755
YHR102W,YHR065C,0,0.90095335,0.1929892897605896,0.9725220799446106,0.41518884897232056
YOR251C,YFR038W,1,0.9009136,0.19314642250537872,0.9735034108161926,0.41518884897232056
YDR531W,YGR167W,0,0.9006023,0.19310881197452545,0.9735034108161926,0.415289044380188
YNL185C,YCR020C,0,0.9002204,0.19307123124599457,0.9735034108161926,0.4153892397880554
YOR388C,YHR196W,0,0.8989707,0.19303366541862488,0.9735034108161926,0.41548943519592285
YOR361C,YOR212W,0,0.89788854,0.19299611449241638,0.9735034108161926,0.4155896306037903
YPR031W,YLR158C,0,0.8974482,0.19295856356620789,0.9735034108161926,0.4156897962093353
YKL108W,YLR446W,0,0.8973597,0.19292104244232178,0.9735034108161926,0.41578999161720276
YLR070C,YJR119C,0,0.8961333,0.19288353621959686,0.9735034108161926,0.4158901870250702
YMR116C,YHR115C,0,0.8960211,0.19284602999687195,0.9735034108161926,0.4159903824329376
YLR016C,YDL214C,0,0.89570045,0.19280855357646942,0.9735034108161926,0.41609057784080505
YHR171W,YDL214C,0,0.89348507,0.1927710771560669,0.9735034108161926,0.4161907732486725
YNL158W,YDR541C,0,0.8926813,0.19273363053798676,0.9735034108161926,0.41629093885421753
YPL283C,YLR008C,0,0.89237845,0.1926961988210678,0.9735034108161926,0.41639113426208496
YOR295W,YLR320W,0,0.89207304,0.19265876710414886,0.9735034108161926,0.4164913296699524
YML106W,YDR051C,0,0.8912666,0.1926213651895523,0.9735034108161926,0.4165915250778198
YHR164C,YNL275W,0,0.8880284,0.19258396327495575,0.9735034108161926,0.41669172048568726
YGL169W,YOR151C,0,0.88788563,0.19254659116268158,0.9735034108161926,0.4167919158935547
YDR164C,YGL256W,0,0.88745177,0.1925092190504074,0.9735034108161926,0.41689208149909973
YFL004W,YML062C,0,0.8872559,0.19247186183929443,0.9735034108161926,0.41699227690696716
YNL148C,YPL144W,0,0.8870798,0.19243453443050385,0.9735034108161926,0.4170924723148346
YNL084C,YIR028W,0,0.8864832,0.19239720702171326,0.9735034108161926,0.417192667722702
YAR050W,YGR063C,0,0.8860254,0.19235989451408386,0.9735034108161926,0.41729286313056946
YDR017C,YNL044W,0,0.8855101,0.19232261180877686,0.9735034108161926,0.4173930585384369
YDR170W-A,YEL077C,0,0.883705,0.19228532910346985,0.9735034108161926,0.41749322414398193
YMR154C,YGR035C,0,0.8826969,0.19224806129932404,0.9735034108161926,0.41759341955184937
YJL050W,YIL070C,0,0.8805872,0.19221080839633942,0.9735034108161926,0.4176936149597168
YOL072W,YER069W,0,0.87969345,0.192173570394516,0.9735034108161926,0.41779381036758423
YJR144W,YLR088W,0,0.8795683,0.19213636219501495,0.9735034108161926,0.41789400577545166
YMR308C,YMR203W,0,0.8792416,0.19209915399551392,0.9735034108161926,0.4179942011833191
YBR056W,YHR091C,0,0.87700427,0.19206196069717407,0.9735034108161926,0.41809436678886414
YKR103W,YKL091C,0,0.87631875,0.19202478229999542,0.9735034108161926,0.41819456219673157
YOR125C,YHR086W,0,0.8759428,0.19198761880397797,0.9735034108161926,0.418294757604599
YPR041W,YBL004W,0,0.87530535,0.1919504702091217,0.9735034108161926,0.41839495301246643
YDR492W,YGL136C,1,0.8745341,0.19210678339004517,0.9744848012924194,0.41839495301246643
YOR351C,YER124C,0,0.8732598,0.1920696347951889,0.9744848012924194,0.41849514842033386
YER039C,YJR001W,0,0.87274605,0.19203248620033264,0.9744848012924194,0.4185953438282013
YOL115W,YKL120W,0,0.87270665,0.19199535250663757,0.9744848012924194,0.41869550943374634
YKR104W,YMR289W,0,0.87264097,0.1919582486152649,0.9744848012924194,0.41879570484161377
YGL013C,YGL037C,0,0.8725869,0.1919211447238922,0.9744848012924194,0.4188959002494812
YLR430W,YIL138C,0,0.8709378,0.19188405573368073,0.9744848012924194,0.41899609565734863
YGR067C,YPL236C,0,0.8691833,0.19184698164463043,0.9744848012924194,0.41909629106521606
YPL218W,YBL090W,0,0.86853385,0.19180992245674133,0.9744848012924194,0.4191964864730835
YNL154C,YLR020C,0,0.8681429,0.19177287817001343,0.9744848012924194,0.41929665207862854
YBR289W,YNL107W,0,0.8676506,0.1917358636856079,0.9744848012924194,0.41939684748649597
YOL067C,YNR013C,0,0.8674237,0.1916988343000412,0.9744848012924194,0.4194970428943634
YGL090W,YDL082W,0,0.86703765,0.19166183471679688,0.9744848012924194,0.41959723830223083
YGR009C,YHR084W,0,0.8661394,0.19162485003471375,0.9744848012924194,0.41969743371009827
YER099C,YDR536W,0,0.86557174,0.1915878802537918,0.9744848012924194,0.4197976291179657
YFR036W,YHR050W,0,0.86506534,0.19155092537403107,0.9744848012924194,0.41989779472351074
YGL226C-A,YDL005C,0,0.8642271,0.19151398539543152,0.9744848012924194,0.4199979901313782
YGR035C,YOL001W,0,0.8640549,0.19147706031799316,0.9744848012924194,0.4200981855392456
YEL034W,YJR091C,0,0.86184657,0.1914401352405548,0.9744848012924194,0.42019838094711304
YBR199W,YLR297W,0,0.8617625,0.19140323996543884,0.9744848012924194,0.42029857635498047
YDR169C,YLR439W,0,0.8616512,0.19136634469032288,0.9744848012924194,0.4203987717628479
YCR008W,YGL227W,0,0.86115587,0.1913294792175293,0.9744848012924194,0.42049893736839294
YBL084C,YKL038W,0,0.8611138,0.1912926286458969,0.9744848012924194,0.4205991327762604
YOR270C,YDL120W,0,0.86086714,0.19125577807426453,0.9744848012924194,0.4206993281841278
YLR244C,YOR381W,0,0.860792,0.19121894240379333,0.9744848012924194,0.42079952359199524
YER164W,YNL257C,0,0.86070704,0.19118213653564453,0.9744848012924194,0.42089971899986267
YLR160C,YNL192W,0,0.8605037,0.19114533066749573,0.9744848012924194,0.4209999144077301
YFL045C,YPL059W,0,0.8588705,0.19110853970050812,0.9744848012924194,0.42110008001327515
YKL085W,YBR228W,0,0.8586285,0.1910717785358429,0.9744848012924194,0.4212002754211426
YOL147C,YER120W,0,0.85822713,0.19103501737117767,0.9744848012924194,0.42130047082901
YDR224C,YCR087C-A,0,0.85805064,0.19099827110767365,0.9744848012924194,0.42140066623687744
YGL008C,YGR113W,0,0.85786235,0.1909615397453308,0.9744848012924194,0.4215008616447449
YLR424W,YGR186W,0,0.8576137,0.19092482328414917,0.9744848012924194,0.4216010272502899
YDR457W,YOR171C,0,0.8570818,0.19088812172412872,0.9744848012924194,0.42170122265815735
YGL094C,YAR010C,0,0.85657775,0.19085143506526947,0.9744848012924194,0.4218014180660248
YNL152W,YDR116C,0,0.85602236,0.1908147633075714,0.9744848012924194,0.4219016134738922
YIL084C,YGL083W,0,0.85542,0.19077809154987335,0.9744848012924194,0.42200180888175964
YJR147W,YNL330C,0,0.85190207,0.19074144959449768,0.9744848012924194,0.4221020042896271
YDL025C,YLR040C,0,0.85166585,0.1907048225402832,0.9744848012924194,0.4222021698951721
YNR021W,YOR265W,0,0.8515053,0.19066819548606873,0.9744848012924194,0.42230236530303955
YPL187W,YGL169W,0,0.8496691,0.19063159823417664,0.9744848012924194,0.422402560710907
YGR239C,YNL053W,0,0.8491252,0.19059501588344574,0.9744848012924194,0.4225027561187744
YDR195W,YGR209C,0,0.8489896,0.19055843353271484,0.9744848012924194,0.42260295152664185
YKL182W,YDR508C,0,0.8481573,0.19052186608314514,0.9744848012924194,0.4227031469345093
YHL027W,YMR166C,0,0.84756255,0.19048532843589783,0.9744848012924194,0.4228033125400543
YMR004W,YMR227C,0,0.8466529,0.1904487907886505,0.9744848012924194,0.42290350794792175
YCR096C,YER112W,0,0.8463042,0.1904122680425644,0.9744848012924194,0.4230037033557892
YOL018C,YJR060W,0,0.8454993,0.19037576019763947,0.9744848012924194,0.4231038987636566
YIL115C,YOL155C,0,0.8448924,0.19033928215503693,0.9744848012924194,0.42320409417152405
YGL213C,YPL022W,0,0.84345245,0.1903028041124344,0.9744848012924194,0.4233042895793915
YDR242W,YJL209W,0,0.8433283,0.19026634097099304,0.9744848012924194,0.4234044551849365
YPR058W,YPL167C,0,0.8432287,0.1902298778295517,0.9744848012924194,0.42350465059280396
YDR202C,YLR157C,0,0.84297836,0.19019344449043274,0.9744848012924194,0.4236048460006714
YNL329C,YAR002C-A,0,0.8427806,0.19015702605247498,0.9744848012924194,0.4237050414085388
YMR240C,YIR018W,0,0.8425422,0.1901206225156784,0.9744848012924194,0.42380523681640625
YOR188W,YGR113W,0,0.84141374,0.19008423388004303,0.9744848012924194,0.4239054322242737
YGR288W,YJR013W,0,0.8403845,0.19004784524440765,0.9744848012924194,0.4240055978298187
YAL024C,YML070W,0,0.8382459,0.19001148641109467,0.9744848012924194,0.42410579323768616
YOR388C,YLR002C,0,0.8369153,0.18997512757778168,0.9744848012924194,0.4242059886455536
YMR134W,YML121W,0,0.8351699,0.18993879854679108,0.9744848012924194,0.424306184053421
YGL019W,YJL060W,0,0.83499634,0.18990246951580048,0.9744848012924194,0.42440637946128845
YOL104C,YDR171W,0,0.83479536,0.18986615538597107,0.9744848012924194,0.4245065748691559
YBL020W,YMR199W,0,0.834604,0.18982985615730286,0.9744848012924194,0.4246067404747009
YPL153C,YNL095C,0,0.8338833,0.18979357182979584,0.9744848012924194,0.42470693588256836
YPL028W,YOR063W,0,0.832944,0.18975730240345,0.9744848012924194,0.4248071312904358
YLR145W,YJL091C,0,0.832607,0.18972104787826538,0.9744848012924194,0.4249073266983032
YDR085C,YMR319C,0,0.8324692,0.18968480825424194,0.9744848012924194,0.42500752210617065
YPL154C,YLR348C,0,0.8322934,0.1896485835313797,0.9744848012924194,0.4251077175140381
YER074W-A,YOL027C,0,0.8321148,0.18961237370967865,0.9744848012924194,0.42520788311958313
YOL065C,YDL107W,0,0.83182186,0.1895761787891388,0.9744848012924194,0.42530807852745056
YNL329C,YER165W,0,0.82902175,0.18953998386859894,0.9744848012924194,0.425408273935318
YML130C,YAL009W,0,0.82887864,0.18950381875038147,0.9744848012924194,0.4255084693431854
YHR050W,YMR233W,0,0.8288552,0.189467653632164,0.9744848012924194,0.42560866475105286
YKL020C,YBL004W,0,0.82879245,0.18943151831626892,0.9744848012924194,0.4257088601589203
YCR066W,YPR201W,0,0.82755136,0.18939538300037384,0.9744848012924194,0.42580902576446533
YMR241W,YGR006W,0,0.82737786,0.18935926258563995,0.9744848012924194,0.42590922117233276
YPL271W,YGR166W,0,0.82730234,0.18932317197322845,0.9744848012924194,0.4260094165802002
YJL008C,YGL245W,0,0.8271782,0.18928708136081696,0.9744848012924194,0.4261096119880676
YER151C,YKR035W-A,0,0.82685363,0.18925100564956665,0.9744848012924194,0.42620980739593506
YER074W-A,YIL091C,0,0.82637334,0.18921494483947754,0.9744848012924194,0.4263100028038025
YMR134W,YPR082C,0,0.82603884,0.18917888402938843,0.9744848012924194,0.42641016840934753
YDR487C,YOR003W,0,0.82589793,0.1891428530216217,0.9744848012924194,0.42651036381721497
YPL274W,YGL089C,0,0.82513064,0.18910683691501617,0.9744848012924194,0.4266105592250824
YDR169C,YCR027C,0,0.8251246,0.18907083570957184,0.9744848012924194,0.42671075463294983
YGL063W,YML123C,1,0.8251102,0.1892252117395401,0.9754661321640015,0.42671075463294983
YJL113W,YML088W,0,0.8249779,0.18918919563293457,0.9754661321640015,0.42681095004081726
YPL283C,YHR206W,0,0.8247924,0.18915319442749023,0.9754661321640015,0.4269111454486847
YHL012W,YBR282W,0,0.8237802,0.1891171932220459,0.9754661321640015,0.42701131105422974
YPL019C,YMR179W,0,0.82317376,0.18908122181892395,0.9754661321640015,0.42711150646209717
YGR169C,YDL189W,1,0.8223093,0.18923544883728027,0.9764475226402283,0.42711150646209717
YGR109C,YMR098C,0,0.8217082,0.18919946253299713,0.9764475226402283,0.4272117018699646
YLR403W,YGL232W,0,0.82106626,0.18916349112987518,0.9764475226402283,0.42731189727783203
YKL009W,YNL166C,0,0.8208831,0.18912754952907562,0.9764475226402283,0.42741209268569946
YPR101W,YFR052W,0,0.82072926,0.18909159302711487,0.9764475226402283,0.4275122880935669
YCR010C,YKL055C,0,0.8206271,0.1890556663274765,0.9764475226402283,0.42761245369911194
YJL099W,YHL001W,0,0.8203418,0.18901975452899933,0.9764475226402283,0.42771264910697937
YOR265W,YJL092W,0,0.82017547,0.18898385763168335,0.9764475226402283,0.4278128445148468
YDL133C-A,YIL067C,0,0.8193914,0.18894796073436737,0.9764475226402283,0.42791303992271423
YBR215W,YOR239W,0,0.8186147,0.18891209363937378,0.9764475226402283,0.42801323533058167
YDR371W,YDL214C,0,0.8177337,0.1888762265443802,0.9764475226402283,0.4281134009361267
YDL080C,YEL063C,0,0.8176387,0.18884038925170898,0.9764475226402283,0.42821359634399414
YDL039C,YNL009W,0,0.81752264,0.18880455195903778,0.9764475226402283,0.4283137917518616
YKR014C,YOR346W,0,0.8168803,0.18876872956752777,0.9764475226402283,0.428413987159729
YMR075W,YGL161C,0,0.81682837,0.18873292207717896,0.9764475226402283,0.42851418256759644
YOR311C,YCL038C,0,0.8168031,0.18869712948799133,0.9764475226402283,0.42861437797546387
YFL055W,YPR121W,0,0.8159677,0.1886613517999649,0.9764475226402283,0.4287145435810089
YKR008W,YDR346C,0,0.81591254,0.18862558901309967,0.9764475226402283,0.42881473898887634
YBL089W,YOL003C,0,0.8148304,0.18858984112739563,0.9764475226402283,0.4289149343967438
YDR409W,YOL105C,0,0.814576,0.18855410814285278,0.9764475226402283,0.4290151298046112
YJR105W,YKR013W,0,0.8133404,0.18851837515830994,0.9764475226402283,0.42911532521247864
YNL268W,YAR015W,0,0.8125333,0.18848267197608948,0.9764475226402283,0.42921552062034607
YNL259C,YGL121C,0,0.8124105,0.18844696879386902,0.9764475226402283,0.4293156862258911
YNL188W,YEL026W,0,0.81208956,0.18841128051280975,0.9764475226402283,0.42941588163375854
YGR159C,YNL122C,0,0.8119689,0.18837562203407288,0.9764475226402283,0.429516077041626
YKR028W,YLR151C,0,0.81186354,0.188339963555336,0.9764475226402283,0.4296162724494934
YDR031W,YHR012W,0,0.8115133,0.18830431997776031,0.9764475226402283,0.42971646785736084
YFR021W,YMR179W,0,0.8114635,0.18826869130134583,0.9764475226402283,0.42981666326522827
YJL177W,YJL203W,0,0.81129825,0.18823306262493134,0.9764475226402283,0.4299168288707733
YMR164C,YNL280C,0,0.8108531,0.18819746375083923,0.9764475226402283,0.43001702427864075
YLR069C,YBR196C,0,0.8106841,0.18816187977790833,0.9764475226402283,0.4301172196865082
YMR088C,YJR113C,0,0.8097795,0.18812629580497742,0.9764475226402283,0.4302174150943756
YOR071C,YER042W,0,0.8097271,0.1880907416343689,0.9764475226402283,0.43031761050224304
YJL118W,YOR118W,0,0.80909145,0.18805518746376038,0.9764475226402283,0.4304178059101105
YDL008W,YFL062W,0,0.8090627,0.18801964819431305,0.9764475226402283,0.4305179715156555
YMR123W,YNL049C,0,0.80884796,0.18798412382602692,0.9764475226402283,0.43061816692352295
YPL095C,YMR020W,0,0.8088108,0.18794861435890198,0.9764475226402283,0.4307183623313904
YBR183W,YLL017W,0,0.80847925,0.18791311979293823,0.9764475226402283,0.4308185577392578
YKL108W,YPR096C,0,0.8079246,0.18787764012813568,0.9764475226402283,0.43091875314712524
YGR207C,YFL017W-A,0,0.8078603,0.18784217536449432,0.9764475226402283,0.4310189485549927
YPL196W,YFL066C,0,0.8078208,0.18780672550201416,0.9764475226402283,0.4311191141605377
YKL165C,YMR267W,0,0.80767745,0.187771275639534,0.9764475226402283,0.43121930956840515
YDL120W,YCR010C,0,0.80764604,0.18773585557937622,0.9764475226402283,0.4313195049762726
YMR264W,YBR217W,0,0.807618,0.18770043551921844,0.9764475226402283,0.43141970038414
YDL051W,YGL187C,0,0.8067632,0.18766503036022186,0.9764475226402283,0.43151989579200745
YBR297W,YBR286W,0,0.80676305,0.18762964010238647,0.9764475226402283,0.4316200911998749
YFL041W,YEL029C,0,0.8065711,0.18759426474571228,0.9764475226402283,0.4317202568054199
YMR308C,YNL297C,0,0.8059946,0.18755890429019928,0.9764475226402283,0.43182045221328735
YDL246C,YGR106C,0,0.805972,0.18752355873584747,0.9764475226402283,0.4319206476211548
YBR018C,YCR102C,0,0.805818,0.18748822808265686,0.9764475226402283,0.4320208430290222
YNR004W,YKL067W,0,0.805506,0.18745289742946625,0.9764475226402283,0.43212103843688965
YNL299W,YML034W,0,0.804791,0.18741759657859802,0.9764475226402283,0.4322212338447571
YCR087C-A,YOR298C-A,0,0.8047676,0.1873822957277298,0.9764475226402283,0.4323213994503021
YJL148W,YNL001W,0,0.80461216,0.18734700977802277,0.9764475226402283,0.43242159485816956
YCL075W,YCL059C,0,0.80422163,0.18731175363063812,0.9764475226402283,0.432521790266037
YGR274C,YDR139C,0,0.80373526,0.18727649748325348,0.9764475226402283,0.4326219856739044
YDR329C,YJL145W,0,0.80347323,0.18724125623703003,0.9764475226402283,0.43272218108177185
YBL039C,YPR133W-A,0,0.8016031,0.18720601499080658,0.9764475226402283,0.4328223764896393
YPL026C,YCR083W,0,0.8012986,0.18717080354690552,0.9764475226402283,0.4329225420951843
YLR312W-A,YGR152C,0,0.80127156,0.18713560700416565,0.9764475226402283,0.43302273750305176
YDR420W,YLR229C,0,0.8012458,0.18710041046142578,0.9764475226402283,0.4331229329109192
YLR170C,YIL042C,0,0.8004627,0.1870652437210083,0.9764475226402283,0.4332231283187866
YAL063C,YOR348C,0,0.7999426,0.18703007698059082,0.9764475226402283,0.43332332372665405
YGL253W,YBR057C,0,0.79939145,0.18699492514133453,0.9764475226402283,0.4334235191345215
YLR448W,YGL060W,0,0.79861796,0.18695978820323944,0.9764475226402283,0.43352368474006653
YNR054C,YKR090W,0,0.79847586,0.18692466616630554,0.9764475226402283,0.43362388014793396
YLR274W,YDR034C,0,0.79763186,0.18688955903053284,0.9764475226402283,0.4337240755558014
YPR011C,YJL008C,0,0.79750764,0.18685446679592133,0.9764475226402283,0.4338242709636688
YKL064W,YLR283W,0,0.79737455,0.18681937456130981,0.9764475226402283,0.43392446637153625
YOL152W,YBR288C,0,0.7973491,0.1867843121290207,0.9764475226402283,0.4340246319770813
YFL013C,YMR021C,0,0.79665494,0.18674924969673157,0.9764475226402283,0.43412482738494873
YDR084C,YPR104C,0,0.79555184,0.18671420216560364,0.9764475226402283,0.43422502279281616
YMR288W,YDR379W,0,0.79476476,0.1866791695356369,0.9764475226402283,0.4343252182006836
YER074W-A,YLR291C,0,0.7946556,0.18664415180683136,0.9764475226402283,0.434425413608551
YLL015W,YGR123C,0,0.7940158,0.186609148979187,0.9764475226402283,0.43452560901641846
YLR069C,YBL030C,0,0.7937429,0.18657416105270386,0.9764475226402283,0.4346257746219635
YJL204C,YGR067C,0,0.7934975,0.1865391880273819,0.9764475226402283,0.43472597002983093
YNL239W,YJL139C,0,0.7929405,0.18650421500205994,0.9764475226402283,0.43482616543769836
YGL059W,YLR070C,0,0.7928962,0.18646927177906036,0.9764475226402283,0.4349263608455658
YBL075C,YKL053C-A,0,0.79227734,0.1864343285560608,0.9764475226402283,0.4350265562534332
YPL232W,YDR237W,0,0.7912961,0.1863994002342224,0.9764475226402283,0.43512675166130066
YOR283W,YDR362C,0,0.7912018,0.18636448681354523,0.9764475226402283,0.4352269172668457
YOR360C,YOR100C,0,0.7907036,0.18632958829402924,0.9764475226402283,0.43532711267471313
YKL086W,YLR237W,0,0.7901652,0.18629470467567444,0.9764475226402283,0.43542730808258057
YLR336C,YGL187C,0,0.7896689,0.18625982105731964,0.9764475226402283,0.435527503490448
YDL246C,YKL067W,0,0.7885586,0.18622496724128723,0.9764475226402283,0.43562769889831543
YLR027C,YMR161W,0,0.7883164,0.18619011342525482,0.9764475226402283,0.43572789430618286
YNL154C,YDL208W,0,0.78777385,0.1861552894115448,0.9764475226402283,0.4358280599117279
YDL069C,YJR092W,0,0.7874719,0.18612046539783478,0.9764475226402283,0.43592825531959534
YPR060C,YLR099C,0,0.78740716,0.18608565628528595,0.9764475226402283,0.43602845072746277
YDR369C,YOR216C,0,0.7873708,0.18605086207389832,0.9764475226402283,0.4361286461353302
YDR222W,YDL136W,0,0.7873403,0.18601608276367188,0.9764475226402283,0.43622884154319763
YIL017C,YIL117C,0,0.7868469,0.18598130345344543,0.9764475226402283,0.43632903695106506
YPL069C,YOR367W,0,0.7866911,0.18594655394554138,0.9764475226402283,0.4364292025566101
YDR424C,YJL104W,0,0.7863204,0.18591180443763733,0.9764475226402283,0.43652939796447754
YNL047C,YFL054C,0,0.7856189,0.18587708473205566,0.9764475226402283,0.43662959337234497
YOR388C,YGL017W,0,0.7850451,0.185842365026474,0.9764475226402283,0.4367297887802124
YOL107W,YLR433C,0,0.78433335,0.18580766022205353,0.9764475226402283,0.43682998418807983
YNL009W,YOR083W,0,0.78381217,0.18577297031879425,0.9764475226402283,0.43693017959594727
YDR519W,YDL130W,0,0.7826116,0.18573828041553497,0.9764475226402283,0.4370303452014923
YBR203W,YBR170C,0,0.7822456,0.18570362031459808,0.9764475226402283,0.43713054060935974
YOR224C,YCR072C,0,0.78212535,0.1856689751148224,0.9764475226402283,0.4372307360172272
YML087C,YLR383W,0,0.78202844,0.1856343299150467,0.9764475226402283,0.4373309314250946
YIL115C,YDL174C,0,0.7815702,0.1855996996164322,0.9764475226402283,0.43743112683296204
YLR203C,YHR016C,0,0.7810128,0.18556508421897888,0.9764475226402283,0.43753132224082947
YIL027C,YHR012W,0,0.78090763,0.18553048372268677,0.9764475226402283,0.4376314878463745
YMR021C,YHR117W,0,0.7804404,0.18549589812755585,0.9764475226402283,0.43773168325424194
YNL209W,YJL072C,0,0.7801763,0.18546132743358612,0.9764475226402283,0.4378318786621094
YIL051C,YPL045W,0,0.7798503,0.1854267567396164,0.9764475226402283,0.4379320740699768
YCR033W,YBR192W,0,0.7793287,0.18539221584796906,0.9764475226402283,0.43803226947784424
YKR104W,YIR005W,0,0.7772076,0.18535767495632172,0.9764475226402283,0.43813246488571167
YJL085W,YFR037C,0,0.7770784,0.18532314896583557,0.9764475226402283,0.4382326304912567
YKL130C,YDR393W,0,0.7770461,0.18528863787651062,0.9764475226402283,0.43833282589912415
YOR311C,YOL040C,0,0.7761257,0.18525414168834686,0.9764475226402283,0.4384330213069916
YFR055W,YOL133W,0,0.77593267,0.1852196604013443,0.9764475226402283,0.438533216714859
YNR017W,YBR294W,0,0.7758239,0.18518517911434174,0.9764475226402283,0.43863341212272644
YDR381C-A,YBR204C,0,0.7755189,0.18515072762966156,0.9764475226402283,0.43873360753059387
YMR022W,YPL190C,0,0.77459645,0.18511627614498138,0.9764475226402283,0.4388337731361389
YCR017C,YLR305C,0,0.77440006,0.1850818395614624,0.9764475226402283,0.43893396854400635
YBL057C,YJR013W,0,0.77428603,0.18504741787910461,0.9764475226402283,0.4390341639518738
YGL241W,YML087C,0,0.773178,0.18501301109790802,0.9764475226402283,0.4391343593597412
YOR324C,YOL068C,0,0.7726556,0.18497861921787262,0.9764475226402283,0.43923455476760864
YIL072W,YIR006C,0,0.77250326,0.1849442422389984,0.9764475226402283,0.4393347501754761
YJL148W,YDR400W,0,0.772328,0.1849098652601242,0.9764475226402283,0.4394349157810211
YOR231W,YMR037C,0,0.7713476,0.1848755180835724,0.9764475226402283,0.43953511118888855
YDR242W,YDR139C,0,0.77022254,0.18484117090702057,0.9764475226402283,0.439635306596756
YNL329C,YDR118W,0,0.7698697,0.18480683863162994,0.9764475226402283,0.4397355020046234
YFL041W,YFL055W,0,0.7698132,0.1847725212574005,0.9764475226402283,0.43983569741249084
YDR001C,YHR050W,0,0.76955754,0.18473820388317108,0.9764475226402283,0.4399358928203583
YKL018W,YEL020C,0,0.7694961,0.18470391631126404,0.9764475226402283,0.4400360584259033
YML058W-A,YNR074C,0,0.7693806,0.1846696436405182,0.9764475226402283,0.44013625383377075
YKR080W,YKL190W,0,0.7690882,0.18463537096977234,0.9764475226402283,0.4402364492416382
YDR166C,YDR527W,0,0.76867574,0.18460111320018768,0.9764475226402283,0.4403366446495056
YOR239W,YDR248C,0,0.7683743,0.18456687033176422,0.9764475226402283,0.44043684005737305
YER074W-A,YEL016C,0,0.76806515,0.18453264236450195,0.9764475226402283,0.4405370056629181
YMR046C,YDL137W,0,0.76800823,0.18449842929840088,0.9764475226402283,0.4406372010707855
YJL137C,YLL050C,0,0.7679449,0.1844642162322998,0.9764475226402283,0.44073739647865295
YPR033C,YKL184W,0,0.76713693,0.18443003296852112,0.9764475226402283,0.4408375918865204
YDR518W,YPR191W,0,0.76710385,0.18439584970474243,0.9764475226402283,0.4409377872943878
YJL050W,YMR199W,0,0.76684344,0.18436168134212494,0.9764475226402283,0.44103798270225525
YNL267W,YBR293W,0,0.7662118,0.18432752788066864,0.9764475226402283,0.4411381483078003
YIL145C,YCR009C,0,0.76573205,0.18429338932037354,0.9764475226402283,0.4412383437156677
YER039C,YJL184W,0,0.76547027,0.18425926566123962,0.9764475226402283,0.44133853912353516
YPR167C,YPR052C,0,0.76344705,0.1842251420021057,0.9764475226402283,0.4414387345314026
YBR185C,YDR527W,0,0.7634004,0.184191033244133,0.9764475226402283,0.44153892993927
YOR141C,YDR402C,0,0.7621633,0.18415695428848267,0.9764475226402283,0.44163912534713745
YER165W,YDR373W,0,0.7601467,0.18412287533283234,0.9764475226402283,0.4417392909526825
YOR328W,YKL216W,0,0.76007545,0.1840888112783432,0.9764475226402283,0.4418394863605499
YDR492W,YMR100W,0,0.75939286,0.18405474722385406,0.9764475226402283,0.44193968176841736
YLR022C,YFL029C,0,0.7584385,0.18402071297168732,0.9764475226402283,0.4420398771762848
YOL125W,YDL197C,0,0.758135,0.18398669362068176,0.9764475226402283,0.4421400725841522
YMR004W,YBL022C,0,0.7571132,0.1839526742696762,0.9764475226402283,0.44224026799201965
YKL022C,YIL083C,0,0.7570614,0.18391866981983185,0.9764475226402283,0.4423404335975647
YPL113C,YPL121C,0,0.75458467,0.18388468027114868,0.9764475226402283,0.44244062900543213
YHR011W,YGL180W,0,0.75448745,0.1838507056236267,0.9764475226402283,0.44254082441329956
YGL216W,YAL014C,0,0.75371224,0.18381673097610474,0.9764475226402283,0.442641019821167
YPL174C,YIL074C,0,0.75280917,0.18378278613090515,0.9764475226402283,0.4427412152290344
YKL212W,YLR226W,0,0.75198317,0.18374884128570557,0.9764475226402283,0.44284141063690186
YPR080W,YIL078W,0,0.7518756,0.18371491134166718,0.9764475226402283,0.4429415762424469
YMR034C,YGL257C,0,0.7515271,0.18368101119995117,0.9764475226402283,0.44304177165031433
YDR383C,YNR031C,0,0.75143075,0.18364709615707397,0.9764475226402283,0.44314196705818176
YER127W,YDR165W,1,0.7510829,0.18379774689674377,0.9774288535118103,0.44314196705818176
YPR168W,YJL189W,0,0.7510539,0.18376383185386658,0.9774288535118103,0.4432421624660492
YGL047W,YDL103C,0,0.7507534,0.18372993171215057,0.9774288535118103,0.4433423578739166
YNL308C,YDR006C,0,0.7504531,0.18369604647159576,0.9774288535118103,0.44344255328178406
YKL107W,YCL040W,0,0.7497695,0.18366217613220215,0.9774288535118103,0.4435427188873291
YFR029W,YKR013W,0,0.74969375,0.18362832069396973,0.9774288535118103,0.44364291429519653
YDR240C,YGL010W,0,0.7464402,0.1835944652557373,0.9774288535118103,0.44374310970306396
YCR077C,YMR292W,0,0.74631,0.18356063961982727,0.9774288535118103,0.4438433051109314
YOR391C,YDR291W,0,0.74579144,0.18352681398391724,0.9774288535118103,0.44394350051879883
YMR098C,YNL172W,0,0.745394,0.1834930032491684,0.9774288535118103,0.44404369592666626
YPL266W,YNL297C,0,0.7451925,0.18345920741558075,0.9774288535118103,0.4441438615322113
YLR014C,YBR048W,0,0.74497056,0.1834254115819931,0.9774288535118103,0.44424405694007874
YKL213C,YHR091C,0,0.7446299,0.18339164555072784,0.9774288535118103,0.44434425234794617
YBL066C,YER074W-A,0,0.7443674,0.18335787951946259,0.9774288535118103,0.4444444477558136
YGR052W,YEL002C,0,0.74409455,0.18332412838935852,0.9774288535118103,0.44454464316368103
YLR307W,YDL045C,0,0.74297184,0.18329039216041565,0.9774288535118103,0.44464483857154846
YDR376W,YDR358W,0,0.7426005,0.18325667083263397,0.9774288535118103,0.4447450041770935
YPL022W,YGR092W,0,0.7424077,0.1832229644060135,0.9774288535118103,0.44484519958496094
YHR001W,YOR080W,0,0.7419908,0.183189257979393,0.9774288535118103,0.44494539499282837
YFL013C,YDL188C,0,0.7417573,0.18315556645393372,0.9774288535118103,0.4450455904006958
YMR022W,YMR094W,0,0.74101734,0.18312190473079681,0.9774288535118103,0.44514578580856323
YGL044C,YBR122C,0,0.74060774,0.18308822810649872,0.9774288535118103,0.44524598121643066
YBR012W-A,YDR457W,0,0.73981655,0.183054581284523,0.9774288535118103,0.4453461468219757
YBL009W,YHL018W,0,0.73787296,0.1830209493637085,0.9774288535118103,0.44544634222984314
YMR271C,YDR503C,0,0.73708725,0.18298731744289398,0.9774288535118103,0.44554653763771057
YNR017W,YDR208W,0,0.7361954,0.18295371532440186,0.9774288535118103,0.445646733045578
YJL004C,YCR010C,0,0.73618543,0.18292011320590973,0.9774288535118103,0.44574692845344543
YEL055C,YFL018C,0,0.7360496,0.1828865259885788,0.9774288535118103,0.44584712386131287
YDL166C,YGR292W,0,0.7353083,0.18285295367240906,0.9774288535118103,0.4459472894668579
YDR221W,YDR255C,0,0.7346192,0.18281938135623932,0.9774288535118103,0.44604748487472534
YNR004W,YDR167W,0,0.7341724,0.18278583884239197,0.9774288535118103,0.4461476802825928
YFR003C,YKL015W,0,0.73274153,0.18275229632854462,0.9774288535118103,0.4462478756904602
YLR170C,YPL174C,0,0.73269695,0.18271876871585846,0.9774288535118103,0.44634807109832764
YNR044W,YPL046C,0,0.7324201,0.1826852560043335,0.9774288535118103,0.44644826650619507
YML113W,YNL073W,0,0.7320265,0.18265175819396973,0.9774288535118103,0.4465484321117401
YJR058C,YDR079W,0,0.73142266,0.18261826038360596,0.9774288535118103,0.44664862751960754
YNL053W,YBR283C,0,0.7305054,0.18258477747440338,0.9774288535118103,0.446748822927475
YOL107W,YMR024W,0,0.7288435,0.1825513243675232,0.9774288535118103,0.4468490183353424
YBL075C,YIL041W,0,0.7288383,0.182517871260643,0.9774288535118103,0.44694921374320984
YPL150W,YHR058C,0,0.7286376,0.182484433054924,0.9774288535118103,0.4470493793487549
YLR147C,YBL005W-A,0,0.7286175,0.18245099484920502,0.9774288535118103,0.4471495747566223
YLR386W,YIL114C,0,0.7283568,0.1824175864458084,0.9774288535118103,0.44724977016448975
YNL262W,YGL089C,0,0.7273846,0.1823841780424118,0.9774288535118103,0.4473499655723572
YKL041W,YOL075C,0,0.72720814,0.1823507845401764,0.9774288535118103,0.4474501609802246
YFR044C,YAL040C,0,0.7268282,0.18231740593910217,0.9774288535118103,0.44755035638809204
YPR002W,YLR453C,0,0.72676134,0.18228404223918915,0.9774288535118103,0.4476505219936371
YPL208W,YJR105W,0,0.72443765,0.18225069344043732,0.9774288535118103,0.4477507174015045
YDR381C-A,YOR298C-A,0,0.72298044,0.18221734464168549,0.9774288535118103,0.44785091280937195
YMR305C,YAL047C,0,0.7215742,0.18218401074409485,0.9774288535118103,0.4479511082172394
YOL100W,YDR481C,0,0.7204174,0.1821506917476654,0.9774288535118103,0.4480513036251068
YCR071C,YDR440W,0,0.71976554,0.18211738765239716,0.9774288535118103,0.44815149903297424
YKL049C,YJL071W,0,0.7194836,0.1820840984582901,0.9774288535118103,0.4482516646385193
YGR006W,YOR085W,0,0.71882164,0.18205080926418304,0.9774288535118103,0.4483518600463867
YDR457W,YPR201W,0,0.7185527,0.18201754987239838,0.9774288535118103,0.44845205545425415
YPR137C-B,YMR168C,0,0.7180314,0.1819842904806137,0.9774288535118103,0.4485522508621216
YJL203W,YKL042W,0,0.71799326,0.18195104598999023,0.9774288535118103,0.448652446269989
YPL190C,YIR011C,0,0.71798307,0.18191780149936676,0.9774288535118103,0.44875264167785645
YIL133C,YNL078W,0,0.7172781,0.18188458681106567,0.9774288535118103,0.4488528072834015
YIL080W,YGL145W,0,0.7171932,0.1818513721227646,0.9774288535118103,0.4489530026912689
YPL271W,YBR290W,0,0.71619093,0.1818181872367859,0.9774288535118103,0.44905319809913635
YMR022W,YNL244C,0,0.715762,0.1817850023508072,0.9774288535118103,0.4491533935070038
YPR080W,YLR405W,0,0.71455157,0.1817518174648285,0.9774288535118103,0.4492535889148712
YOR057W,YER054C,0,0.7139894,0.18171866238117218,0.9774288535118103,0.44935378432273865
YDL140C,YHR012W,0,0.71356356,0.18168552219867706,0.9774288535118103,0.4494539499282837
YLL062C,YMR235C,0,0.7130229,0.18165238201618195,0.9774288535118103,0.4495541453361511
YML029W,YHL036W,0,0.71251374,0.18161925673484802,0.9774288535118103,0.44965434074401855
YDR400W,YML070W,0,0.71210796,0.1815861463546753,0.9774288535118103,0.449754536151886
YPR001W,YHR052W,0,0.7112744,0.18155305087566376,0.9774288535118103,0.4498547315597534
YIL143C,YMR287C,0,0.71072924,0.18151995539665222,0.9774288535118103,0.44995492696762085
YOR064C,YDR364C,0,0.7095531,0.18148687481880188,0.9774288535118103,0.4500550925731659
YIL006W,YJL151C,0,0.7091962,0.18145382404327393,0.9774288535118103,0.4501552879810333
YMR214W,YOL072W,0,0.7087754,0.18142075836658478,0.9774288535118103,0.45025548338890076
YNR020C,YMR024W,0,0.70861334,0.18138772249221802,0.9774288535118103,0.4503556787967682
YIL016W,YMR122W-A,0,0.70751965,0.18135470151901245,0.9774288535118103,0.4504558742046356
YGR020C,YNR072W,0,0.7070483,0.18132168054580688,0.9774288535118103,0.45055606961250305
YAR003W,YMR217W,0,0.7054095,0.1812886744737625,0.9774288535118103,0.4506562352180481
YKL046C,YNL172W,0,0.7044074,0.18125568330287933,0.9774288535118103,0.4507564306259155
YDR279W,YAL014C,0,0.704264,0.18122270703315735,0.9774288535118103,0.45085662603378296
YFL024C,YPR151C,0,0.7015156,0.18118974566459656,0.9774288535118103,0.4509568214416504
YOR070C,YMR270C,0,0.70127153,0.18115678429603577,0.9774288535118103,0.4510570168495178
YLR035C-A,YGL201C,0,0.7012182,0.18112383782863617,0.9774288535118103,0.45115721225738525
YPR072W,YOR171C,0,0.70115364,0.18109090626239777,0.9774288535118103,0.4512573778629303
YOR047C,YPL060W,0,0.70013684,0.18105798959732056,0.9774288535118103,0.45135757327079773
YIR037W,YHR030C,0,0.69996953,0.18102508783340454,0.9774288535118103,0.45145776867866516
YLR276C,YER120W,0,0.6998253,0.18099218606948853,0.9774288535118103,0.4515579640865326
YOR175C,YGR089W,0,0.6997007,0.1809592992067337,0.9774288535118103,0.4516581594944
YMR032W,YER087C-B,0,0.6987667,0.18092642724514008,0.9774288535118103,0.45175835490226746
YCR052W,YNL016W,0,0.69710493,0.18089357018470764,0.9774288535118103,0.4518585205078125
YPL237W,YDR414C,0,0.69708073,0.1808607280254364,0.9774288535118103,0.45195871591567993
YLR421C,YOL075C,0,0.69650245,0.18082788586616516,0.9774288535118103,0.45205891132354736
YDL133C-A,YNL307C,0,0.69647956,0.18079505860805511,0.9774288535118103,0.4521591067314148
YLL062C,YOR232W,0,0.6963168,0.18076224625110626,0.9774288535118103,0.4522593021392822
YMR046C,YPR032W,0,0.6961895,0.1807294487953186,0.9774288535118103,0.45235949754714966
YKL082C,YPR166C,0,0.69540685,0.18069666624069214,0.9774288535118103,0.4524596631526947
YJL005W,YLR316C,0,0.69496214,0.18066388368606567,0.9774288535118103,0.45255985856056213
YDR054C,YML109W,0,0.6948953,0.1806311160326004,0.9774288535118103,0.45266005396842957
YGR027C,YNL219C,0,0.69367766,0.18059836328029633,0.9774288535118103,0.452760249376297
YDR214W,YHR029C,0,0.6933708,0.18056562542915344,0.9774288535118103,0.45286044478416443
YCR008W,YDR170C,0,0.6924037,0.18053290247917175,0.9774288535118103,0.4529606103897095
YKL107W,YLR127C,0,0.6918303,0.18050017952919006,0.9774288535118103,0.4530608057975769
YDR074W,YJL170C,0,0.6913509,0.18046747148036957,0.9774288535118103,0.45316100120544434
YNR010W,YDR060W,0,0.6913295,0.18043477833271027,0.9774288535118103,0.45326119661331177
YOR010C,YHR160C,0,0.69068354,0.18040210008621216,0.9774288535118103,0.4533613920211792
YLL032C,YCR028C-A,0,0.69039756,0.18036943674087524,0.9774288535118103,0.45346158742904663
YOR058C,YHR059W,0,0.6897737,0.18033677339553833,0.9774288535118103,0.4535617530345917
YDR501W,YKR009C,0,0.68943655,0.1803041249513626,0.9774288535118103,0.4536619484424591
YBL113C,YIR039C,0,0.6883666,0.18027149140834808,0.9774288535118103,0.45376214385032654
YOR298W,YOR381W,0,0.6879995,0.18023887276649475,0.9774288535118103,0.45386233925819397
YBR125C,YGL071W,0,0.6874026,0.18020625412464142,0.9774288535118103,0.4539625346660614
YML007W,YDL110C,0,0.6853952,0.18017366528511047,0.9774288535118103,0.45406273007392883
YDR420W,YCR046C,0,0.6851416,0.18014107644557953,0.9774288535118103,0.4541628956794739
YOL052C,YLR024C,0,0.68394125,0.18010850250720978,0.9774288535118103,0.4542630910873413
YJL010C,YGR121C,0,0.6836071,0.18007592856884003,0.9774288535118103,0.45436328649520874
YDR121W,YDL185W,0,0.6835751,0.18004338443279266,0.9774288535118103,0.45446348190307617
YDR511W,YIR009W,0,0.68321943,0.1800108402967453,0.9774288535118103,0.4545636773109436
YBL078C,YGR070W,0,0.6829958,0.17997831106185913,0.9774288535118103,0.45466387271881104
YDL179W,YIL091C,0,0.68252987,0.17994579672813416,0.9774288535118103,0.4547640383243561
YNL116W,YDR037W,0,0.6820923,0.17991329729557037,0.9774288535118103,0.4548642337322235
YPR072W,YOL041C,0,0.6820743,0.1798807978630066,0.9774288535118103,0.45496442914009094
YLR147C,YIR009W,0,0.681884,0.179848313331604,0.9774288535118103,0.4550646245479584
YKL127W,YML043C,0,0.6817537,0.1798158586025238,0.9774288535118103,0.4551648199558258
YDR214W,YKR067W,0,0.68116874,0.1797833889722824,0.9774288535118103,0.45526501536369324
YGL155W,YGR163W,0,0.6810333,0.1797509491443634,0.9774288535118103,0.4553651809692383
YDR415C,YMR127C,0,0.68097067,0.1797185093164444,0.9774288535118103,0.4554653763771057
YGR285C,YBR155W,0,0.6809401,0.17968608438968658,0.9774288535118103,0.45556557178497314
YMR086W,YBR041W,0,0.6806741,0.17965367436408997,0.9774288535118103,0.4556657671928406
YGR239C,YBR282W,0,0.67934936,0.17962127923965454,0.9774288535118103,0.455765962600708
YPL187W,YPL051W,0,0.6777972,0.1795888990163803,0.9774288535118103,0.45586615800857544
YOL002C,YOR285W,0,0.6772405,0.17955651879310608,0.9774288535118103,0.4559663236141205
YCR069W,YLR424W,0,0.67709076,0.17952415347099304,0.9774288535118103,0.4560665190219879
YER083C,YPL158C,0,0.6770846,0.1794918030500412,0.9774288535118103,0.45616671442985535
YML094W,YDR030C,0,0.67684275,0.17945945262908936,0.9774288535118103,0.4562669098377228
YGL021W,YLR452C,0,0.67600083,0.1794271320104599,0.9774288535118103,0.4563671052455902
YOR287C,YOR351C,0,0.67585605,0.17939481139183044,0.9774288535118103,0.45646730065345764
YBR257W,YLR453C,0,0.6724514,0.17936250567436218,0.9774288535118103,0.4565674662590027
YBL057C,YBL058W,0,0.67192394,0.17933021485805511,0.9774288535118103,0.4566676616668701
YFR028C,YAL035W,0,0.6719078,0.17929792404174805,0.9774288535118103,0.45676785707473755
YBR221C,YBR002C,0,0.6718868,0.17926566302776337,0.9774288535118103,0.456868052482605
YDL188C,YCL069W,0,0.6708226,0.1792334020137787,0.9774288535118103,0.4569682478904724
YKR057W,YPL121C,0,0.6696442,0.1792011559009552,0.9774288535118103,0.45706844329833984
YNL084C,YLR097C,0,0.66956425,0.1791689097881317,0.9774288535118103,0.4571686089038849
YLR165C,YOL141W,1,0.6680043,0.17931655049324036,0.9784101843833923,0.4571686089038849
YMR256C,YMR319C,0,0.6674454,0.17928430438041687,0.9784101843833923,0.4572688043117523
YML045W-A,YKL113C,0,0.66733634,0.17925207316875458,0.9784101843833923,0.45736899971961975
YER025W,YBR008C,0,0.66727793,0.17921984195709229,0.9784101843833923,0.4574691951274872
YDR405W,YBR247C,0,0.6659292,0.17918764054775238,0.9784101843833923,0.4575693905353546
YNL061W,YDL007W,0,0.66575044,0.17915543913841248,0.9784101843833923,0.45766958594322205
YDL006W,YMR150C,0,0.6657008,0.17912325263023376,0.9784101843833923,0.4577697515487671
YIL073C,YLR332W,0,0.66558933,0.17909106612205505,0.9784101843833923,0.4578699469566345
YER074W-A,YPL208W,0,0.6654923,0.17905890941619873,0.9784101843833923,0.45797014236450195
YPL246C,YER125W,0,0.6650167,0.1790267527103424,0.9784101843833923,0.4580703377723694
YJR044C,YAL022C,0,0.66443574,0.17899461090564728,0.9784101843833923,0.4581705331802368
YBL003C,YLR172C,0,0.6620352,0.17896248400211334,0.9784101843833923,0.45827072858810425
YOR367W,YKL012W,0,0.66195744,0.1789303719997406,0.9784101843833923,0.4583708941936493
YNL007C,YDR099W,0,0.6600807,0.17889825999736786,0.9784101843833923,0.4584710896015167
YML115C,YJL130C,0,0.65966344,0.1788661628961563,0.9784101843833923,0.45857128500938416
YDR064W,YIL110W,0,0.6589819,0.17883408069610596,0.9784101843833923,0.4586714804172516
YLR128W,YER021W,0,0.6583178,0.1788020133972168,0.9784101843833923,0.458771675825119
YIL002C,YBR167C,0,0.65784657,0.17876994609832764,0.9784101843833923,0.45887187123298645
YDL216C,YGL166W,0,0.65746474,0.17873789370059967,0.9784101843833923,0.4589720368385315
YPR031W,YOR388C,0,0.6572802,0.1787058562040329,0.9784101843833923,0.4590722322463989
YPL283C,YJR060W,0,0.6571388,0.17867383360862732,0.9784101843833923,0.45917242765426636
YJL139C,YPR021C,0,0.6571119,0.17864182591438293,0.9784101843833923,0.4592726230621338
YJR060W,YML022W,0,0.6570904,0.17860981822013855,0.9784101843833923,0.4593728184700012
YLR398C,YAL032C,0,0.65677327,0.17857782542705536,0.9784101843833923,0.45947298407554626
YGL160W,YHR115C,0,0.6566984,0.17854584753513336,0.9784101843833923,0.4595731794834137
YKL035W,YFL057C,0,0.6556326,0.17851386964321136,0.9784101843833923,0.45967337489128113
YJL087C,YMR289W,0,0.65539455,0.17848192155361176,0.9784101843833923,0.45977357029914856
YGL001C,YDR494W,0,0.6548449,0.17844997346401215,0.9784101843833923,0.459873765707016
YGR098C,YOR149C,0,0.6545943,0.17841804027557373,0.9784101843833923,0.4599739611148834
YOR389W,YML032C,0,0.6541566,0.1783861219882965,0.9784101843833923,0.46007412672042847
YPR030W,YKR014C,0,0.6538936,0.1783542037010193,0.9784101843833923,0.4601743221282959
YNL014W,YPL122C,0,0.65352005,0.17832230031490326,0.9784101843833923,0.46027451753616333
YOR190W,YHR021C,0,0.6534766,0.17829041182994843,0.9784101843833923,0.46037471294403076
YNL131W,YGL236C,0,0.6533152,0.17825853824615479,0.9784101843833923,0.4604749083518982
YCL057W,YCR014C,0,0.65301996,0.17822666466236115,0.9784101843833923,0.4605751037597656
YMR004W,YGR195W,0,0.6525961,0.1781948208808899,0.9784101843833923,0.46067526936531067
YMR093W,YGL153W,0,0.6522456,0.17816297709941864,0.9784101843833923,0.4607754647731781
YNL232W,YNL154C,0,0.6522038,0.17813114821910858,0.9784101843833923,0.46087566018104553
YBL011W,YEL050C,0,0.6513004,0.17809931933879852,0.9784101843833923,0.46097585558891296
YOR307C,YIL135C,0,0.6512673,0.17806750535964966,0.9784101843833923,0.4610760509967804
YOL002C,YOR317W,0,0.6504532,0.17803572118282318,0.9784101843833923,0.4611762464046478
YHR059W,YMR203W,0,0.6489504,0.1780039221048355,0.9784101843833923,0.46127641201019287
YPL118W,YPR190C,0,0.6488575,0.17797215282917023,0.9784101843833923,0.4613766074180603
YPL228W,YGL208W,0,0.6480672,0.17794038355350494,0.9784101843833923,0.46147680282592773
YBR293W,YLR003C,0,0.6473892,0.17790864408016205,0.9784101843833923,0.46157699823379517
YNL012W,YBR170C,0,0.6469326,0.17787688970565796,0.9784101843833923,0.4616771936416626
YHR036W,YKL022C,0,0.6466516,0.17784516513347626,0.9784101843833923,0.46177738904953003
YLR224W,YCR028C,0,0.6461864,0.17781344056129456,0.9784101843833923,0.4618775546550751
YGR054W,YDR457W,0,0.64574456,0.17778174579143524,0.9784101843833923,0.4619777500629425
YJR057W,YPR124W,0,0.6445714,0.17775005102157593,0.9784101843833923,0.46207794547080994
YML087C,YDR071C,0,0.6442311,0.1777183562517166,0.9784101843833923,0.46217814087867737
YJL099W,YKL055C,0,0.6432185,0.1776866912841797,0.9784101843833923,0.4622783362865448
YIL065C,YNL264C,0,0.6428033,0.17765502631664276,0.9784101843833923,0.46237853169441223
YER146W,YOR294W,0,0.6425551,0.17762337625026703,0.9784101843833923,0.4624786972999573
YPL268W,YGL124C,0,0.642388,0.1775917410850525,0.9784101843833923,0.4625788927078247
YGR038C-A,YGR214W,0,0.6413368,0.17756010591983795,0.9784101843833923,0.46267908811569214
YBL046W,YDL092W,0,0.6409234,0.1775284856557846,0.9784101843833923,0.46277928352355957
YDR222W,YPL180W,0,0.6407684,0.17749688029289246,0.9784101843833923,0.462879478931427
YDR210W-A,YDR457W,0,0.6399228,0.1774652898311615,0.9784101843833923,0.46297967433929443
YJL087C,YNL264C,0,0.63899356,0.17743371427059174,0.9784101843833923,0.4630798399448395
YOL008W,YFL017W-A,0,0.638548,0.17740213871002197,0.9784101843833923,0.4631800353527069
YEL037C,YBR122C,0,0.63852584,0.1773705780506134,0.9784101843833923,0.46328023076057434
YDL017W,YJR065C,0,0.63802385,0.17733903229236603,0.9784101843833923,0.4633804261684418
YLR113W,YGL256W,0,0.6375518,0.17730748653411865,0.9784101843833923,0.4634806215763092
YGL019W,YBR036C,0,0.63743454,0.17727595567703247,0.9784101843833923,0.46358081698417664
YFR018C,YJL090C,0,0.6369313,0.17724443972110748,0.9784101843833923,0.4636809825897217
YOR141C,YGR116W,0,0.63635325,0.1772129386663437,0.9784101843833923,0.4637811779975891
YOR085W,YGR255C,0,0.6360431,0.1771814525127411,0.9784101843833923,0.46388137340545654
YHL024W,YJL206C,0,0.6346628,0.1771499663591385,0.9784101843833923,0.463981568813324
YJR143C,YGR068C,0,0.63363504,0.17711849510669708,0.9784101843833923,0.4640817642211914
YNL169C,YCL031C,0,0.633493,0.17708703875541687,0.9784101843833923,0.46418195962905884
YLR034C,YJL133W,0,0.6333895,0.17705558240413666,0.9784101843833923,0.4642821252346039
YML032C,YOR120W,0,0.63280755,0.17702414095401764,0.9784101843833923,0.4643823206424713
YGL035C,YGL079W,0,0.6327975,0.17699271440505981,0.9784101843833923,0.46448251605033875
YGL181W,YFL055W,0,0.6316472,0.17696130275726318,0.9784101843833923,0.4645827114582062
YPR160W,YER042W,0,0.6312443,0.17692990601062775,0.9784101843833923,0.4646829068660736
YNL071W,YOR233W,0,0.63091767,0.1768985092639923,0.9784101843833923,0.46478310227394104
YBR104W,YGL166W,0,0.6300216,0.17686712741851807,0.9784101843833923,0.4648832678794861
YGR277C,YDR451C,0,0.6295046,0.17683576047420502,0.9784101843833923,0.4649834632873535
YDR163W,YNL149C,0,0.62836933,0.17680439352989197,0.9784101843833923,0.46508365869522095
YER074W-A,YDR069C,0,0.628155,0.1767730563879013,0.9784101843833923,0.4651838541030884
YLR425W,YGL179C,0,0.62791014,0.17674171924591064,0.9784101843833923,0.4652840495109558
YCL055W,YOL103W,0,0.62517065,0.17671038210391998,0.9784101843833923,0.46538424491882324
YOR375C,YCL018W,0,0.6237391,0.1766790747642517,0.9784101843833923,0.4654844105243683
YNL290W,YLL005C,0,0.6236549,0.17664776742458344,0.9784101843833923,0.4655846059322357
YKL172W,YBL005W-A,0,0.62362695,0.17661647498607635,0.9784101843833923,0.46568480134010315
YIL050W,YNL070W,0,0.6220217,0.17658519744873047,0.9784101843833923,0.4657849967479706
YNL146W,YHR112C,0,0.62184656,0.17655391991138458,0.9784101843833923,0.465885192155838
YLR256W-A,YER036C,0,0.621317,0.1765226572751999,0.9784101843833923,0.46598535776138306
YGL224C,YLR088W,0,0.6211356,0.1764914095401764,0.9784101843833923,0.4660855531692505
YJR059W,YHR017W,0,0.620726,0.1764601767063141,0.9784101843833923,0.4661857485771179
YIL135C,YGR074W,0,0.6204921,0.17642894387245178,0.9784101843833923,0.46628594398498535
YLR309C,YMR017W,0,0.62044275,0.17639774084091187,0.9784101843833923,0.4663861393928528
YDL108W,YPR198W,0,0.62022936,0.17636653780937195,0.9784101843833923,0.4664863348007202
YNR035C,YBR160W,0,0.61972153,0.17633533477783203,0.9784101843833923,0.46658650040626526
YNL259C,YLL050C,0,0.61946994,0.1763041615486145,0.9784101843833923,0.4666866958141327
YPL257W-A,YDL020C,0,0.6186706,0.17627298831939697,0.9784101843833923,0.4667868912220001
YIL135C,YLL051C,0,0.6182033,0.17624182999134064,0.9784101843833923,0.46688708662986755
YOL066C,YOL108C,0,0.616991,0.1762106716632843,0.9784101843833923,0.466987282037735
YIL006W,YOL103W-B,0,0.6154477,0.17617954313755035,0.9784101843833923,0.4670874774456024
YLR336C,YOR231W,0,0.61510575,0.1761484146118164,0.9784101843833923,0.46718764305114746
YKL139W,YDR103W,0,0.614574,0.17611730098724365,0.9784101843833923,0.4672878384590149
YOR138C,YBR070C,0,0.6134989,0.1760861873626709,0.9784101843833923,0.4673880338668823
YNL284C,YKL222C,0,0.61292773,0.17605508863925934,0.9784101843833923,0.46748822927474976
YPR005C,YPL119C,0,0.61291975,0.17602400481700897,0.9784101843833923,0.4675884246826172
YKL086W,YNL281W,0,0.61253035,0.1759929358959198,0.9784101843833923,0.4676886200904846
YGR179C,YER089C,0,0.61203116,0.17596188187599182,0.9784101843833923,0.46778878569602966
YCL075W,YGR134W,0,0.6117376,0.17593082785606384,0.9784101843833923,0.4678889811038971
YKL195W,YBR019C,0,0.61015177,0.17589978873729706,0.9784101843833923,0.4679891765117645
YDR281C,YKR030W,0,0.6100024,0.17586876451969147,0.9784101843833923,0.46808937191963196
YER165W,YFL009W,0,0.60963446,0.17583774030208588,0.9784101843833923,0.4681895673274994
YGL103W,YDR037W,0,0.6090598,0.17580673098564148,0.9784101843833923,0.4682897627353668
YLR073C,YMR052W,0,0.6074298,0.17577573657035828,0.9784101843833923,0.46838992834091187
YNR050C,YBL023C,0,0.6066599,0.17574475705623627,0.9784101843833923,0.4684901237487793
YFL018C,YDR270W,0,0.6063494,0.17571377754211426,0.9784101843833923,0.46859031915664673
YMR075W,YPL174C,0,0.6052542,0.17568281292915344,0.9784101843833923,0.46869051456451416
YJL028W,YKL018W,0,0.6051936,0.17565186321735382,0.9784101843833923,0.4687907099723816
YMR168C,YDR307W,0,0.60452783,0.1756209284067154,0.9784101843833923,0.468890905380249
YJL079C,YDR362C,0,0.60406816,0.17558999359607697,0.9784101843833923,0.46899107098579407
YNL058C,YPL099C,0,0.60367715,0.17555907368659973,0.9784101843833923,0.4690912663936615
YNL185C,YPR198W,0,0.60332066,0.1755281686782837,0.9784101843833923,0.46919146180152893
YBR170C,YKL154W,0,0.6021874,0.17549727857112885,0.9784101843833923,0.46929165720939636
YOR201C,YIL171W,0,0.60157967,0.175466388463974,0.9784101843833923,0.4693918526172638
YKL086W,YPR171W,0,0.60132694,0.17543551325798035,0.9784101843833923,0.4694920480251312
YIL044C,YBL084C,0,0.600917,0.1754046380519867,0.9784101843833923,0.46959221363067627
YML043C,YLR089C,0,0.60066545,0.17537379264831543,0.9784101843833923,0.4696924090385437
YGL222C,YJR019C,0,0.60047275,0.17534294724464417,0.9784101843833923,0.46979260444641113
YLR165C,YNR018W,1,0.59924114,0.1754879504442215,0.9793915748596191,0.46979260444641113
YBR234C,YAL055W,0,0.598913,0.17545710504055023,0.9793915748596191,0.46989279985427856
YKL186C,YGL084C,0,0.59886056,0.17542625963687897,0.9793915748596191,0.469992995262146
YLR113W,YJR045C,0,0.59775794,0.1753954291343689,0.9793915748596191,0.4700931906700134
YJR133W,YMR289W,0,0.59687334,0.17536461353302002,0.9793915748596191,0.47019335627555847
YIL039W,YDR387C,0,0.5965856,0.17533379793167114,0.9793915748596191,0.4702935516834259
YBR231C,YGL203C,0,0.5963892,0.17530299723148346,0.9793915748596191,0.47039374709129333
YKL009W,YGR229C,0,0.59633636,0.17527221143245697,0.9793915748596191,0.47049394249916077
YGR128C,YPR049C,0,0.596266,0.17524144053459167,0.9793915748596191,0.4705941379070282
YMR197C,YER090W,0,0.5959362,0.17521066963672638,0.9793915748596191,0.47069433331489563
YKL218C,YNL322C,0,0.5956658,0.17517991364002228,0.9793915748596191,0.4707944989204407
YBR238C,YMR039C,0,0.5953746,0.17514917254447937,0.9793915748596191,0.4708946943283081
YFR004W,YML094W,0,0.59509313,0.17511844635009766,0.9793915748596191,0.47099488973617554
YGR220C,YNL016W,0,0.59426874,0.17508772015571594,0.9793915748596191,0.47109508514404297
YKL190W,YLL003W,0,0.59343934,0.17505700886249542,0.9793915748596191,0.4711952805519104
YHL018W,YIL049W,0,0.5934149,0.1750263124704361,0.9793915748596191,0.47129547595977783
YGL174W,YOL003C,0,0.59305793,0.17499561607837677,0.9793915748596191,0.4713956415653229
YMR200W,YLR163C,0,0.591916,0.17496493458747864,0.9793915748596191,0.4714958369731903
YGR211W,YOR118W,1,0.59184307,0.17510955035686493,0.9803729057312012,0.4714958369731903
YOL056W,YJR044C,0,0.5907657,0.1750788688659668,0.9803729057312012,0.47159603238105774
YOR175C,YJL138C,0,0.59074575,0.17504818737506866,0.9803729057312012,0.47169622778892517
YOR270C,YPL032C,0,0.59072804,0.17501752078533173,0.9803729057312012,0.4717964231967926
YNL289W,YGL206C,0,0.5888064,0.17498686909675598,0.9803729057312012,0.47189658880233765
YPL053C,YGR214W,0,0.5886353,0.17495621740818024,0.9803729057312012,0.4719967842102051
YML131W,YIL004C,0,0.5876447,0.17492558062076569,0.9803729057312012,0.4720969796180725
YDR044W,YLR209C,0,0.5860445,0.17489495873451233,0.9803729057312012,0.47219717502593994
YCL031C,YOL138C,0,0.58574677,0.17486435174942017,0.9803729057312012,0.4722973704338074
YPL269W,YER074W-A,0,0.5856611,0.174833744764328,0.9803729057312012,0.4723975658416748
YHR039C-A,YLR008C,0,0.5852641,0.17480315268039703,0.9803729057312012,0.47249773144721985
YGR029W,YJL172W,0,0.58517295,0.17477257549762726,0.9803729057312012,0.4725979268550873
YGR249W,YDL045C,0,0.58389497,0.17474199831485748,0.9803729057312012,0.4726981222629547
YNL014W,YML099C,0,0.5833184,0.1747114360332489,0.9803729057312012,0.47279831767082214
YDL190C,YEL021W,0,0.5832217,0.1746808886528015,0.9803729057312012,0.4728985130786896
YIL113W,YPL258C,0,0.58255124,0.17465035617351532,0.9803729057312012,0.472998708486557
YJR083C,YJR002W,0,0.58254653,0.17461982369422913,0.9803729057312012,0.47309887409210205
YMR204C,YER137C,0,0.5822208,0.17458930611610413,0.9803729057312012,0.4731990694999695
YLL009C,YLR025W,0,0.58129984,0.17455880343914032,0.9803729057312012,0.4732992649078369
YJL207C,YDL210W,0,0.58088577,0.1745283007621765,0.9803729057312012,0.47339946031570435
YDR231C,YDR261C-C,0,0.5766284,0.1744978129863739,0.9803729057312012,0.4734996557235718
YKR006C,YBL002W,0,0.5759847,0.17446734011173248,0.9803729057312012,0.4735998511314392
YLR439W,YDR402C,0,0.57594097,0.17443688213825226,0.9803729057312012,0.47370001673698425
YPL153C,YKL018W,0,0.5755491,0.17440642416477203,0.9803729057312012,0.4738002121448517
YLL032C,YGR010W,0,0.57538825,0.174375981092453,0.9803729057312012,0.4739004075527191
YER164W,YJL051W,0,0.5747014,0.17434555292129517,0.9803729057312012,0.47400060296058655
YER065C,YOR196C,0,0.5743644,0.17431512475013733,0.9803729057312012,0.474100798368454
YDR038C,YPL212C,0,0.57322943,0.17428471148014069,0.9803729057312012,0.4742009937763214
YDL069C,YHR181W,0,0.5727096,0.17425431311130524,0.9803729057312012,0.47430115938186646
YBR240C,YHL019C,0,0.5725945,0.17422392964363098,0.9803729057312012,0.4744013547897339
YAL003W,YBL093C,0,0.5724473,0.17419354617595673,0.9803729057312012,0.4745015501976013
YFL022C,YPL228W,0,0.5722642,0.17416317760944366,0.9803729057312012,0.47460174560546875
YKR039W,YOR204W,0,0.570353,0.1741328239440918,0.9803729057312012,0.4747019410133362
YLR404W,YDR238C,0,0.56920207,0.17410247027873993,0.9803729057312012,0.4748021364212036
YLR035C-A,YOR179C,0,0.56918985,0.17407213151454926,0.9803729057312012,0.47490230202674866
YNL284C-A,YJR093C,0,0.56902754,0.17404180765151978,0.9803729057312012,0.4750024974346161
YGR038C-A,YDR266C,0,0.5680927,0.1740114986896515,0.9803729057312012,0.4751026928424835
YNL091W,YKR104W,0,0.5672028,0.1739811897277832,0.9803729057312012,0.47520288825035095
YMR293C,YAL003W,0,0.56569016,0.1739508956670761,0.9803729057312012,0.4753030836582184
YGL210W,YOL038W,0,0.56485856,0.1739206165075302,0.9803729057312012,0.4754032790660858
YKR018C,YOL016C,0,0.56453675,0.17389033734798431,0.9803729057312012,0.47550344467163086
YKL059C,YLR084C,0,0.5631228,0.1738600730895996,0.9803729057312012,0.4756036400794983
YLR395C,YFR004W,0,0.56256056,0.1738298237323761,0.9803729057312012,0.4757038354873657
YJL171C,YHR082C,0,0.5624373,0.17379958927631378,0.9803729057312012,0.47580403089523315
YJR133W,YLR410W,0,0.562314,0.17376935482025146,0.9803729057312012,0.4759042263031006
YMR152W,YGL179C,0,0.5609921,0.17373913526535034,0.9803729057312012,0.476004421710968
YNL192W,YKR087C,0,0.5609693,0.17370891571044922,0.9803729057312012,0.47610458731651306
YDR233C,YER083C,0,0.56078047,0.17367872595787048,0.9803729057312012,0.4762047827243805
YCL063W,YKR019C,0,0.560396,0.17364853620529175,0.9803729057312012,0.4763049781322479
YHL009C,YDR210W-B,0,0.56020963,0.173618346452713,0.9803729057312012,0.47640517354011536
YKL143W,YLR256W-A,0,0.56012404,0.17358818650245667,0.9803729057312012,0.4765053689479828
YGL161C,YNL304W,0,0.55932564,0.17355802655220032,0.9803729057312012,0.4766055643558502
YPR182W,YKL053C-A,0,0.5590836,0.17352788150310516,0.9803729057312012,0.47670572996139526
YHL012W,YHR107C,0,0.55904764,0.17349773645401,0.9803729057312012,0.4768059253692627
YPL246C,YOR343W-A,0,0.55868757,0.17346762120723724,0.9803729057312012,0.4769061207771301
YDR173C,YJR031C,0,0.55830526,0.17343750596046448,0.9803729057312012,0.47700631618499756
YPR011C,YMR029C,0,0.558121,0.1734073907136917,0.9803729057312012,0.477106511592865
YMR263W,YOR226C,0,0.55809015,0.17337730526924133,0.9803729057312012,0.4772067070007324
YEL042W,YBR041W,0,0.5580012,0.17334721982479095,0.9803729057312012,0.47730687260627747
YNL284C-A,YIR028W,0,0.5578136,0.17331713438034058,0.9803729057312012,0.4774070680141449
YHR029C,YBR296C,0,0.5575105,0.17328707873821259,0.9803729057312012,0.47750726342201233
YJR013W,YDL047W,0,0.556917,0.1732570230960846,0.9803729057312012,0.47760745882987976
YER019W,YNR049C,0,0.5567571,0.1732269823551178,0.9803729057312012,0.4777076542377472
YDR153C,YOR344C,0,0.5555631,0.173196941614151,0.9803729057312012,0.4778078496456146
YLL015W,YJR036C,0,0.55538464,0.1731669306755066,0.9803729057312012,0.47790801525115967
YER026C,YLR450W,0,0.55526555,0.17313691973686218,0.9803729057312012,0.4780082106590271
YJL198W,YKL198C,0,0.5539688,0.17310690879821777,0.9803729057312012,0.47810840606689453
YNL242W,YJL221C,0,0.5536895,0.17307692766189575,0.9803729057312012,0.47820860147476196
YER002W,YDR443C,0,0.5533238,0.17304694652557373,0.9803729057312012,0.4783087968826294
YLR327C,YPR152C,0,0.5525016,0.1730169653892517,0.9803729057312012,0.47840896248817444
YMR058W,YMR042W,0,0.55194837,0.17298701405525208,0.9803729057312012,0.47850915789604187
YLR128W,YDL202W,0,0.55081564,0.17295706272125244,0.9803729057312012,0.4786093533039093
YNL101W,YOR076C,0,0.55076534,0.172927126288414,0.9803729057312012,0.47870954871177673
YJR047C,YBR187W,0,0.55034995,0.17289718985557556,0.9803729057312012,0.47880974411964417
YML097C,YGR258C,0,0.550061,0.1728672832250595,0.9803729057312012,0.4789099395275116
YPR081C,YKR061W,0,0.5499206,0.17283737659454346,0.9803729057312012,0.47901010513305664
YOR074C,YNL064C,0,0.54958344,0.1728074699640274,0.9803729057312012,0.4791103005409241
YPL202C,YHR061C,0,0.549515,0.17277757823467255,0.9803729057312012,0.4792104959487915
YOR089C,YOL016C,0,0.54938865,0.17274770140647888,0.9803729057312012,0.47931069135665894
YPR137C-A,YNL095C,0,0.5482027,0.1727178394794464,0.9803729057312012,0.47941088676452637
YJR057W,YDR026C,0,0.54795504,0.17268799245357513,0.9803729057312012,0.4795110821723938
YHR164C,YEL061C,0,0.5475528,0.17265814542770386,0.9803729057312012,0.47961124777793884
YOR290C,YHR135C,0,0.5467121,0.17262829840183258,0.9803729057312012,0.4797114431858063
YER180C,YDR423C,0,0.5463484,0.1725984811782837,0.9803729057312012,0.4798116385936737
YHR039C-A,YLL017W,0,0.54508805,0.1725686639547348,0.9803729057312012,0.47991183400154114
YKL188C,YHR047C,0,0.5443003,0.1725388616323471,0.9803729057312012,0.48001202940940857
YOR100C,YML078W,0,0.54346776,0.1725090593099594,0.9803729057312012,0.480112224817276
YFL039C,YER086W,0,0.5434107,0.1724792867898941,0.9803729057312012,0.48021239042282104
YMR305C,YPL208W,0,0.5430176,0.1724495142698288,0.9803729057312012,0.4803125858306885
YKL146W,YPL082C,0,0.5429595,0.1724197417497635,0.9803729057312012,0.4804127812385559
YGR172C,YLR050C,0,0.54295295,0.17238998413085938,0.9803729057312012,0.48051297664642334
YJR045C,YEL022W,0,0.54177177,0.17236024141311646,0.9803729057312012,0.48061317205429077
YPL252C,YCL017C,1,0.54077667,0.1725030243396759,0.981354296207428,0.48061317205429077
YGR281W,YER151C,0,0.54012924,0.1724732667207718,0.981354296207428,0.4807133674621582
YER026C,YGR218W,0,0.5397977,0.17244352400302887,0.981354296207428,0.48081353306770325
YGL166W,YGL178W,0,0.539382,0.17241379618644714,0.981354296207428,0.4809137284755707
YNL329C,YJR017C,0,0.5393585,0.17238406836986542,0.981354296207428,0.4810139238834381
YGR207C,YJL111W,0,0.53905445,0.17235435545444489,0.981354296207428,0.48111411929130554
YGL001C,YBR167C,0,0.53900105,0.17232465744018555,0.981354296207428,0.481214314699173
YNL116W,YER190W,0,0.5389559,0.1722949743270874,0.981354296207428,0.4813145101070404
YBR182C,YLR130C,0,0.5377514,0.17226529121398926,0.981354296207428,0.48141467571258545
YLR014C,YOR192C-B,0,0.53679365,0.1722356230020523,0.981354296207428,0.4815148711204529
YGL225W,YLR307W,0,0.53556895,0.17220595479011536,0.981354296207428,0.4816150665283203
YIR011C,YNR013C,0,0.53539795,0.1721763014793396,0.981354296207428,0.48171526193618774
YLR201C,YJL153C,0,0.5350061,0.17214666306972504,0.981354296207428,0.4818154573440552
YNL283C,YFR031C,0,0.533824,0.17211703956127167,0.981354296207428,0.4819156527519226
YBL020W,YIL082W-A,0,0.53298366,0.1720874160528183,0.981354296207428,0.48201581835746765
YKL059C,YNL192W,0,0.53158724,0.17205780744552612,0.981354296207428,0.4821160137653351
YLR341W,YER053C,0,0.5304532,0.17202821373939514,0.981354296207428,0.4822162091732025
YPL038W,YER088C,0,0.53025514,0.17199862003326416,0.981354296207428,0.48231640458106995
YGR023W,YBR214W,0,0.53010297,0.17196904122829437,0.981354296207428,0.4824165999889374
YNL310C,YKR039W,0,0.52995646,0.17193947732448578,0.981354296207428,0.4825167953968048
YPR011C,YPL009C,0,0.5286115,0.17190991342067719,0.981354296207428,0.48261696100234985
YDR432W,YDR486C,0,0.52747244,0.17188036441802979,0.981354296207428,0.4827171564102173
YBR068C,YJL225C,0,0.5271096,0.17185083031654358,0.981354296207428,0.4828173518180847
YOL088C,YER011W,0,0.5257965,0.17182131111621857,0.981354296207428,0.48291754722595215
YDR067C,YGL033W,0,0.52533203,0.17179179191589355,0.981354296207428,0.4830177426338196
YBL082C,YDR457W,0,0.52529997,0.17176228761672974,0.981354296207428,0.483117938041687
YNL091W,YGR234W,0,0.5244801,0.17173278331756592,0.981354296207428,0.48321810364723206
YKR071C,YDR228C,0,0.5244518,0.1717032939195633,0.981354296207428,0.4833182990550995
YNL071W,YDR228C,0,0.52441597,0.17167381942272186,0.981354296207428,0.4834184944629669
YCR066W,YPR042C,0,0.52392733,0.17164435982704163,0.981354296207428,0.48351868987083435
YGR052W,YDR387C,0,0.5236805,0.1716149002313614,0.981354296207428,0.4836188852787018
YKR054C,YKR065C,0,0.52311623,0.17158545553684235,0.981354296207428,0.4837190806865692
YNL131W,YBR012W-B,0,0.5228906,0.1715560108423233,0.981354296207428,0.48381924629211426
YPL241C,YBR081C,0,0.52240604,0.17152658104896545,0.981354296207428,0.4839194416999817
YNL127W,YDL208W,0,0.5217205,0.1714971661567688,0.981354296207428,0.4840196371078491
YKR024C,YIR009W,0,0.5214941,0.17146776616573334,0.981354296207428,0.48411983251571655
YIL135C,YBR278W,0,0.5201616,0.17143836617469788,0.981354296207428,0.484220027923584
YNR057C,YGL009C,0,0.5195286,0.1714089810848236,0.981354296207428,0.48432019352912903
YPL162C,YHR214C-B,0,0.51885307,0.17137961089611053,0.981354296207428,0.48442038893699646
YFL021W,YLR447C,0,0.5175568,0.17135024070739746,0.981354296207428,0.4845205843448639
YJL139C,YDR418W,0,0.5162459,0.17132088541984558,0.981354296207428,0.4846207797527313
YNR039C,YGR229C,0,0.51535743,0.1712915450334549,0.981354296207428,0.48472097516059875
YLR240W,YBR216C,0,0.51419127,0.1712622046470642,0.981354296207428,0.4848211705684662
YIL126W,YEL013W,0,0.513201,0.17123287916183472,0.981354296207428,0.48492133617401123
YLR207W,YLR134W,0,0.5130426,0.17120355367660522,0.981354296207428,0.48502153158187866
YJL050W,YLR205C,0,0.51298,0.17117425799369812,0.981354296207428,0.4851217269897461
YHR003C,YHR098C,0,0.5125501,0.17114496231079102,0.981354296207428,0.4852219223976135
YNL327W,YOR337W,0,0.5124516,0.1711156815290451,0.981354296207428,0.48532211780548096
YDR351W,YKR028W,0,0.5120205,0.1710864007472992,0.981354296207428,0.4854223132133484
YDR242W,YDL045C,0,0.5112806,0.17105713486671448,0.981354296207428,0.48552247881889343
YNL271C,YOR304C-A,0,0.51072437,0.17102788388729095,0.981354296207428,0.48562267422676086
YMR026C,YDR018C,0,0.5090441,0.17099863290786743,0.981354296207428,0.4857228696346283
YKR022C,YLR147C,0,0.5087965,0.1709693968296051,0.981354296207428,0.4858230650424957
YJL065C,YJR105W,0,0.50832874,0.17094017565250397,0.981354296207428,0.48592326045036316
YML048W,YMR304W,0,0.50743026,0.17091095447540283,0.981354296207428,0.4860234558582306
YNL339C,YJL052W,0,0.5072867,0.1708817481994629,0.981354296207428,0.48612362146377563
YJL160C,YGR258C,0,0.50684506,0.17085255682468414,0.981354296207428,0.48622381687164307
YNR047W,YOR022C,0,0.5066005,0.1708233654499054,0.981354296207428,0.4863240122795105
YJR105W,YAL014C,0,0.5063038,0.17079418897628784,0.981354296207428,0.48642420768737793
YCR092C,YMR116C,0,0.50570345,0.17076502740383148,0.981354296207428,0.48652440309524536
YDL143W,YKL090W,0,0.50453913,0.17073586583137512,0.981354296207428,0.4866245985031128
YML018C,YNR051C,0,0.5042648,0.17070671916007996,0.981354296207428,0.48672476410865784
YIL170W,YMR030W,0,0.50368947,0.17067758738994598,0.981354296207428,0.48682495951652527
YOR301W,YIR002C,0,0.50319207,0.1706484705209732,0.981354296207428,0.4869251549243927
YMR167W,YPR024W,0,0.5021589,0.17061935365200043,0.981354296207428,0.48702535033226013
YOL045W,YLR229C,0,0.5015499,0.17059023678302765,0.981354296207428,0.48712554574012756
YOR058C,YDL170W,0,0.5011757,0.17056114971637726,0.981354296207428,0.487225741147995
YMR143W,YEL056W,0,0.4999261,0.17053206264972687,0.981354296207428,0.48732590675354004
YOR328W,YER089C,0,0.4997595,0.17050299048423767,0.981354296207428,0.48742610216140747
YBR105C,YNL032W,0,0.49877024,0.17047391831874847,0.981354296207428,0.4875262975692749
YDR404C,YKL176C,0,0.49662095,0.17044486105442047,0.981354296207428,0.48762649297714233
YOL056W,YNL280C,0,0.49652344,0.17041581869125366,0.981354296207428,0.48772668838500977
YPL258C,YKR006C,0,0.49579334,0.17038677632808685,0.981354296207428,0.4878268837928772
YKR042W,YPR159W,0,0.4954601,0.17035774886608124,0.981354296207428,0.48792704939842224
YLR145W,YEL020C,0,0.49451113,0.17032873630523682,0.981354296207428,0.4880272448062897
YLR186W,YDR530C,0,0.49345613,0.1702997237443924,0.981354296207428,0.4881274402141571
YNL053W,YPL085W,0,0.49335945,0.17027072608470917,0.981354296207428,0.48822763562202454
YPL009C,YBR264C,0,0.493169,0.17024174332618713,0.981354296207428,0.48832783102989197
YFR041C,YAL044C,0,0.49305326,0.1702127605676651,0.981354296207428,0.4884280264377594
YJR107W,YBL016W,0,0.4924816,0.17018379271030426,0.981354296207428,0.48852819204330444
YKR014C,YGR089W,0,0.4921729,0.17015483975410461,0.981354296207428,0.4886283874511719
YDL039C,YNL293W,0,0.48843604,0.17012588679790497,0.981354296207428,0.4887285828590393
YLR157C-A,YML029W,0,0.4879161,0.17009694874286652,0.981354296207428,0.48882877826690674
YBR129C,YOL040C,0,0.4878204,0.17006802558898926,0.981354296207428,0.48892897367477417
YFL031W,YOL158C,0,0.48766565,0.170039102435112,0.981354296207428,0.4890291690826416
YPL162C,YNR060W,0,0.48649156,0.17001019418239594,0.981354296207428,0.48912933468818665
YDR508C,YPL167C,0,0.48571438,0.16998130083084106,0.981354296207428,0.4892295300960541
YER164W,YJL191W,0,0.48559624,0.1699524074792862,0.981354296207428,0.4893297255039215
YPR124W,YDL020C,0,0.48527825,0.16992352902889252,0.981354296207428,0.48942992091178894
YHR166C,YML008C,0,0.4845776,0.16989466547966003,0.981354296207428,0.48953011631965637
YJL214W,YHR098C,0,0.48384058,0.16986580193042755,0.981354296207428,0.4896303117275238
YMR115W,YLR343W,0,0.4825034,0.16983695328235626,0.981354296207428,0.48973047733306885
YLR439W,YBL005W-A,0,0.4806506,0.16980811953544617,0.981354296207428,0.4898306727409363
YML030W,YOR020C,0,0.48060554,0.16977928578853607,0.981354296207428,0.4899308681488037
YMR304W,YPL196W,0,0.4802099,0.16975046694278717,0.981354296207428,0.49003106355667114
YOR036W,YKL041W,0,0.48019177,0.16972166299819946,0.981354296207428,0.4901312589645386
YDR477W,YLR373C,0,0.47966474,0.16969285905361176,0.981354296207428,0.490231454372406
YDL195W,YBL005W-B,0,0.47965062,0.16966407001018524,0.981354296207428,0.49033161997795105
YDR056C,YNL248C,0,0.4792993,0.16963528096675873,0.981354296207428,0.4904318153858185
YOR290C,YGL039W,0,0.47906572,0.1696065068244934,0.981354296207428,0.4905320107936859
YML048W,YKR035W-A,0,0.4771363,0.16957774758338928,0.981354296207428,0.49063220620155334
YMR060C,YDL115C,0,0.4771251,0.16954900324344635,0.981354296207428,0.4907324016094208
YJR013W,YHL009C,0,0.4760601,0.16952025890350342,0.981354296207428,0.4908325672149658
YPL232W,YCR048W,0,0.47475415,0.16949152946472168,0.981354296207428,0.49093276262283325
YNL129W,YNL073W,0,0.47469348,0.16946280002593994,0.981354296207428,0.4910329580307007
YGL183C,YNL212W,0,0.47437692,0.1694340854883194,0.981354296207428,0.4911331534385681
YBR058C-A,YGR032W,0,0.47151524,0.16940538585186005,0.981354296207428,0.49123334884643555
YKR061W,YCL033C,0,0.47151166,0.1693767011165619,0.981354296207428,0.491333544254303
YPR158C-C,YCL027W,0,0.4705115,0.16934801638126373,0.981354296207428,0.491433709859848
YGR038C-A,YDR229W,0,0.47051138,0.16931933164596558,0.981354296207428,0.49153390526771545
YBR221C,YOL117W,0,0.46945626,0.1692906767129898,0.981354296207428,0.4916341006755829
YBL112C,YBR204C,0,0.4691285,0.16926202178001404,0.981354296207428,0.4917342960834503
YNL207W,YOR061W,0,0.4690659,0.16923336684703827,0.981354296207428,0.49183449149131775
YJL139C,YOR192C-B,0,0.46869743,0.1692047417163849,0.981354296207428,0.4919346868991852
YBR152W,YGR027W-B,0,0.46854562,0.1691761165857315,0.981354296207428,0.4920348525047302
YER094C,YAL038W,0,0.46762484,0.16914749145507812,0.981354296207428,0.49213504791259766
YLR035C,YLR178C,0,0.46718156,0.16911889612674713,0.981354296207428,0.4922352433204651
YDR378C,YER101C,0,0.46706998,0.16909030079841614,0.981354296207428,0.4923354387283325
YML071C,YMR088C,0,0.46689576,0.16906170547008514,0.981354296207428,0.49243563413619995
YNL282W,YBR251W,0,0.46638942,0.16903312504291534,0.981354296207428,0.4925358295440674
YMR194W,YER120W,0,0.4663586,0.16900455951690674,0.981354296207428,0.4926359951496124
YDL014W,YDL064W,0,0.46552885,0.16897600889205933,0.981354296207428,0.49273619055747986
YGL137W,YMR298W,0,0.46533358,0.16894745826721191,0.981354296207428,0.4928363859653473
YBR177C,YJR155W,0,0.46519542,0.1689189225435257,0.981354296207428,0.4929365813732147
YMR037C,YMR020W,0,0.46478564,0.16889038681983948,0.981354296207428,0.49303677678108215
YML060W,YGR123C,0,0.4643023,0.16886186599731445,0.981354296207428,0.4931369721889496
YHR084W,YBR120C,0,0.46415538,0.16883336007595062,0.981354296207428,0.49323713779449463
YHR152W,YER039C,0,0.46386206,0.1688048541545868,0.981354296207428,0.49333733320236206
YDL035C,YGL014W,0,0.46366483,0.16877637803554535,0.981354296207428,0.4934375286102295
YMR032W,YDR245W,0,0.46258295,0.1687478870153427,0.981354296207428,0.4935377240180969
YGL002W,YNR069C,0,0.4611202,0.16871942579746246,0.981354296207428,0.49363791942596436
YCL019W,YDL174C,0,0.4609806,0.16869096457958221,0.981354296207428,0.4937381148338318
YIL072W,YGR087C,0,0.46034616,0.16866250336170197,0.981354296207428,0.49383828043937683
YGR288W,YMR289W,0,0.4601264,0.1686340570449829,0.981354296207428,0.49393847584724426
YDL108W,YPL069C,0,0.45911467,0.16860562562942505,0.981354296207428,0.4940386712551117
YAR018C,YGL012W,0,0.45890743,0.16857720911502838,0.981354296207428,0.4941388666629791
YNL305C,YOL157C,0,0.45788193,0.1685487926006317,0.981354296207428,0.49423906207084656
YBR302C,YHL016C,0,0.45778054,0.16852039098739624,0.981354296207428,0.494339257478714
YER094C,YER125W,0,0.45732266,0.16849198937416077,0.981354296207428,0.49443942308425903
YJL106W,YLR158C,0,0.45687246,0.16846361756324768,0.981354296207428,0.49453961849212646
YGL157W,YOR362C,0,0.456787,0.1684352308511734,0.981354296207428,0.4946398138999939
YGL124C,YDR254W,0,0.45655292,0.1684068739414215,0.981354296207428,0.49474000930786133
YKR025W,YDR210W-B,0,0.45548534,0.16837851703166962,0.981354296207428,0.49484020471572876
YMR016C,YLL042C,0,0.4552009,0.16835017502307892,0.981354296207428,0.4949404001235962
YLR212C,YPR022C,0,0.45391345,0.16832183301448822,0.981354296207428,0.49504056572914124
YOL077C,YDR261W-B,0,0.45382965,0.16829350590705872,0.981354296207428,0.49514076113700867
YDR365W-B,YJL066C,0,0.45381367,0.1682651787996292,0.981354296207428,0.4952409565448761
YBL003C,YDR511W,0,0.4532063,0.1682368814945221,0.981354296207428,0.49534115195274353
YPR113W,YHR134W,0,0.45269883,0.16820858418941498,0.981354296207428,0.49544134736061096
YFR001W,YGL169W,0,0.4525084,0.16818028688430786,0.981354296207428,0.4955415427684784
YDR316W-A,YNL021W,0,0.452429,0.16815200448036194,0.981354296207428,0.49564170837402344
YBR248C,YMR228W,1,0.45235795,0.1682918667793274,0.98233562707901,0.49564170837402344
YDL205C,YHR082C,0,0.45218724,0.16826356947422028,0.98233562707901,0.49574190378189087
YNL212W,YOR187W,0,0.45217896,0.16823528707027435,0.98233562707901,0.4958420991897583
YGL051W,YPL051W,0,0.45211107,0.16820701956748962,0.98233562707901,0.49594229459762573
YIL093C,YCL061C,0,0.45198143,0.1681787669658661,0.98233562707901,0.49604249000549316
YDR034C-D,YAL044C,0,0.45039767,0.16815051436424255,0.98233562707901,0.4961426854133606
YOL001W,YJL066C,0,0.44948083,0.1681222766637802,0.98233562707901,0.49624285101890564
YLR107W,YPL240C,0,0.4492529,0.16809403896331787,0.98233562707901,0.49634304642677307
YGR027W-A,YDR411C,0,0.44906926,0.16806581616401672,0.98233562707901,0.4964432418346405
YIR013C,YFR051C,0,0.44842923,0.16803760826587677,0.98233562707901,0.49654343724250793
YMR264W,YPR075C,0,0.44656223,0.16800940036773682,0.98233562707901,0.49664363265037537
YGR271C-A,YDR261W-A,0,0.4462071,0.16798120737075806,0.98233562707901,0.4967438280582428
YMR305C,YAL003W,0,0.4449371,0.1679530143737793,0.98233562707901,0.49684399366378784
YCR012W,YHR061C,0,0.44432926,0.16792485117912292,0.98233562707901,0.4969441890716553
YDR385W,YMR121C,0,0.4441899,0.16789667308330536,0.98233562707901,0.4970443844795227
YCL010C,YOR369C,0,0.44417268,0.16786852478981018,0.98233562707901,0.49714457988739014
YJR147W,YOR030W,0,0.4440292,0.167840376496315,0.98233562707901,0.49724477529525757
YBL026W,YKL094W,0,0.4440143,0.16781224310398102,0.98233562707901,0.4973449409008026
YBR096W,YPR006C,0,0.44381338,0.16778410971164703,0.98233562707901,0.49744513630867004
YOR322C,YHR018C,0,0.4428411,0.16775599122047424,0.98233562707901,0.4975453317165375
YGL232W,YFR038W,1,0.44230807,0.16789543628692627,0.983316957950592,0.4975453317165375
YJL051W,YJR147W,0,0.4421299,0.16786731779575348,0.983316957950592,0.4976455271244049
YPL266W,YDL069C,0,0.44199717,0.1678391993045807,0.983316957950592,0.49774572253227234
YCL063W,YMR203W,0,0.44152933,0.1678110808134079,0.983316957950592,0.49784591794013977
YDR316W-A,YCR057C,0,0.44137472,0.1677829921245575,0.983316957950592,0.4979460835456848
YNR017W,YHR039C,0,0.4413479,0.1677549034357071,0.983316957950592,0.49804627895355225
YJL002C,YOL128C,0,0.4412099,0.1677268147468567,0.983316957950592,0.4981464743614197
YPR183W,YLR396C,0,0.44009918,0.16769874095916748,0.983316957950592,0.4982466697692871
YGL097W,YPL228W,0,0.43957603,0.16767068207263947,0.983316957950592,0.49834686517715454
YGL203C,YKR056W,0,0.4388314,0.16764262318611145,0.983316957950592,0.498447060585022
YBR245C,YJR010C-A,0,0.4386621,0.16761459410190582,0.983316957950592,0.498547226190567
YDR171W,YML081C-A,0,0.43791533,0.167586550116539,0.983316957950592,0.49864742159843445
YJL206C,YBR026C,0,0.4378574,0.16755852103233337,0.983316957950592,0.4987476170063019
YOL100W,YLR295C,0,0.43784255,0.16753050684928894,0.983316957950592,0.4988478124141693
YIL139C,YPL019C,0,0.4356144,0.1675025075674057,0.983316957950592,0.49894800782203674
YNL271C,YKL056C,0,0.43506342,0.16747450828552246,0.983316957950592,0.4990482032299042
YGL184C,YDR034C-C,0,0.43485683,0.16744652390480042,0.983316957950592,0.4991483688354492
YDR512C,YKL146W,0,0.43429512,0.16741853952407837,0.983316957950592,0.49924856424331665
YNR047W,YLR421C,0,0.43367618,0.1673905849456787,0.983316957950592,0.4993487596511841
YDR210C-C,YJL221C,0,0.43269283,0.16736261546611786,0.983316957950592,0.4994489550590515
YBR004C,YMR080C,0,0.43186456,0.1673346757888794,0.983316957950592,0.49954915046691895
YHR010W,YOR255W,0,0.42982817,0.16730673611164093,0.983316957950592,0.4996493458747864
YPL148C,YJL145W,0,0.42970377,0.16727879643440247,0.983316957950592,0.4997495114803314
YMR304W,YLR121C,0,0.4294175,0.1672508716583252,0.983316957950592,0.49984970688819885
YPL200W,YMR263W,0,0.42879343,0.16722296178340912,0.983316957950592,0.4999499022960663
YOR311C,YGR132C,0,0.4280362,0.16719506680965424,0.983316957950592,0.5000500679016113
YGR183C,YDR293C,0,0.42750835,0.16716717183589935,0.983316957950592,0.5001502633094788
YPL192C,YNR072W,0,0.4253779,0.16713927686214447,0.983316957950592,0.5002504587173462
YLR350W,YCL074W,0,0.42517632,0.16711141169071198,0.983316957950592,0.5003506541252136
YDR369C,YGL183C,0,0.42491,0.16708354651927948,0.983316957950592,0.500450849533081
YMR202W,YIL143C,0,0.42473614,0.16705568134784698,0.983316957950592,0.5005510449409485
YOL072W,YKL073W,0,0.42422456,0.16702783107757568,0.983316957950592,0.5006512403488159
YNL329C,YNR003C,0,0.42399764,0.16699999570846558,0.983316957950592,0.5007514357566833
YDR186C,YBL041W,0,0.42385894,0.16697217524051666,0.983316957950592,0.5008516311645508
YGL133W,YOR291W,0,0.42328173,0.16694435477256775,0.983316957950592,0.5009518265724182
YLL062C,YGR020C,0,0.42300373,0.16691653430461884,0.983316957950592,0.5010520219802856
YFR042W,YGR238C,0,0.4226308,0.1668887436389923,0.983316957950592,0.5011522173881531
YIL135C,YGL205W,0,0.4224862,0.16686095297336578,0.983316957950592,0.5012523531913757
YLR095C,YER042W,0,0.42158604,0.16683316230773926,0.983316957950592,0.5013525485992432
YOR222W,YDR261W-A,0,0.42115796,0.16680538654327393,0.983316957950592,0.5014527440071106
YMR106C,YJR101W,0,0.42079377,0.1667776256799698,0.983316957950592,0.501552939414978
YOR066W,YNR015W,0,0.42047006,0.16674987971782684,0.983316957950592,0.5016531348228455
YGR118W,YGR278W,0,0.4192922,0.1667221337556839,0.983316957950592,0.5017533302307129
YPL257W-B,YDR532C,0,0.41908646,0.16669438779354095,0.983316957950592,0.5018535256385803
YPR145W,YKR008W,0,0.41761613,0.1666666716337204,0.983316957950592,0.5019537210464478
YDR205W,YOR126C,0,0.41734487,0.16663895547389984,0.983316957950592,0.5020539164543152
YGR037C,YDR208W,0,0.41615385,0.16661123931407928,0.983316957950592,0.5021541118621826
YPL064C,YGL180W,0,0.4157849,0.16658353805541992,0.983316957950592,0.50225430727005
YKL020C,YHL018W,0,0.41574067,0.16655585169792175,0.983316957950592,0.5023545026779175
YLR183C,YKR069W,0,0.41564584,0.16652816534042358,0.983316957950592,0.5024546384811401
YHR175W,YKL209C,0,0.41459113,0.1665004938840866,0.983316957950592,0.5025548338890076
YLR141W,YJR121W,0,0.41417456,0.16647283732891083,0.983316957950592,0.502655029296875
YPR138C,YCR102C,0,0.4135676,0.16644518077373505,0.983316957950592,0.5027552247047424
YOR010C,YCL030C,0,0.41353804,0.16641753911972046,0.983316957950592,0.5028554201126099
YBR182C,YDR210W-B,0,0.41248167,0.16638989746570587,0.983316957950592,0.5029556155204773
YDL216C,YPR184W,0,0.41184443,0.16636227071285248,0.983316957950592,0.5030558109283447
YOL111C,YOL071W,0,0.41113478,0.16633465886116028,0.983316957950592,0.5031560063362122
YKR050W,YGR052W,0,0.41097164,0.16630704700946808,0.983316957950592,0.5032562017440796
YJR065C,YML034W,0,0.41086376,0.16627945005893707,0.983316957950592,0.503356397151947
YOL080C,YJL063C,0,0.41013813,0.16625186800956726,0.983316957950592,0.5034565925598145
YDR180W,YGL124C,0,0.40955108,0.16622428596019745,0.983316957950592,0.5035567283630371
YLR406C,YNL078W,0,0.4093753,0.16619671881198883,0.983316957950592,0.5036569237709045
YNL284C,YDR082W,0,0.40905946,0.1661691516637802,0.983316957950592,0.503757119178772
YBR128C,YGR096W,0,0.40805805,0.1661415994167328,0.983316957950592,0.5038573145866394
YPR066W,YBL019W,0,0.40790617,0.16611406207084656,0.983316957950592,0.5039575099945068
YER185W,YNL080C,0,0.4073395,0.16608652472496033,0.983316957950592,0.5040577054023743
YOR368W,YDL129W,0,0.4073317,0.1660590022802353,0.983316957950592,0.5041579008102417
YNL316C,YFR008W,0,0.40609396,0.16603147983551025,0.983316957950592,0.5042580962181091
YMR300C,YLL050C,0,0.4051594,0.1660039722919464,0.983316957950592,0.5043582916259766
YDR156W,YDR261W-A,0,0.40460527,0.16597647964954376,0.983316957950592,0.504458487033844
YCR014C,YGL227W,0,0.404279,0.1659489870071411,0.983316957950592,0.5045586824417114
YNL197C,YBR237W,0,0.4024648,0.16592150926589966,0.983316957950592,0.5046588778495789
YDR522C,YOL151W,0,0.40232742,0.1658940464258194,0.983316957950592,0.5047590136528015
YKR097W,YDR031W,0,0.40194482,0.16586658358573914,0.983316957950592,0.504859209060669
YJL124C,YEL058W,0,0.40100592,0.16583912074565887,0.983316957950592,0.5049594044685364
YLR170C,YPR075C,0,0.40063405,0.165811687707901,0.983316957950592,0.5050595998764038
YPR066W,YKL109W,0,0.40052938,0.16578425467014313,0.983316957950592,0.5051597952842712
YMR172W,YCR028C-A,0,0.40014046,0.16575682163238525,0.983316957950592,0.5052599906921387
YKL088W,YML040W,0,0.40012586,0.16572940349578857,0.983316957950592,0.5053601861000061
YNL242W,YCR102C,0,0.3989476,0.1657020002603531,0.983316957950592,0.5054603815078735
YBL052C,YMR198W,0,0.39871377,0.1656745970249176,0.983316957950592,0.505560576915741
YOR180C,YOL049W,0,0.3983963,0.1656472086906433,0.983316957950592,0.5056607723236084
YOR167C,YGL097W,0,0.3979197,0.1656198352575302,0.983316957950592,0.5057609677314758
YPL110C,YKR003W,0,0.39784378,0.16559246182441711,0.983316957950592,0.5058611631393433
YGL212W,YDL185W,0,0.39770198,0.1655651032924652,0.983316957950592,0.5059612989425659
YLR224W,YGL155W,0,0.39762068,0.1655377447605133,0.983316957950592,0.5060614943504333
YDL205C,YGR175C,0,0.3975535,0.1655104011297226,0.983316957950592,0.5061616897583008
YOL033W,YOR159C,0,0.39733386,0.16548307240009308,0.983316957950592,0.5062618851661682
YBR084C-A,YIL039W,0,0.39720553,0.16545574367046356,0.983316957950592,0.5063620805740356
YKL003C,YCR068W,0,0.39710915,0.16542842984199524,0.983316957950592,0.5064622759819031
YNL158W,YDL180W,0,0.39690512,0.16540111601352692,0.983316957950592,0.5065624713897705
YML071C,YJL109C,0,0.39599013,0.1653738170862198,0.983316957950592,0.5066626667976379
YDR062W,YER154W,0,0.3956707,0.16534653306007385,0.983316957950592,0.5067628622055054
YGL163C,YIL035C,0,0.39509833,0.16531924903392792,0.983316957950592,0.5068630576133728
YDL194W,YDR379W,0,0.39492851,0.16529197990894318,0.983316957950592,0.5069632530212402
YMR211W,YBR150C,0,0.39355832,0.16526472568511963,0.983316957950592,0.5070634484291077
YMR316W,YDL033C,0,0.39347786,0.16523747146129608,0.983316957950592,0.5071635842323303
YKL088W,YDL114W,0,0.39340776,0.16521021723747253,0.983316957950592,0.5072637796401978
YPL088W,YOL094C,0,0.39316255,0.16518299281597137,0.983316957950592,0.5073639750480652
YOR058C,YGR075C,0,0.39305162,0.16515575349330902,0.983316957950592,0.5074641704559326
YIR015W,YLR359W,0,0.39203066,0.16512854397296906,0.983316957950592,0.5075643658638
YHR107C,YPL082C,0,0.39090335,0.1651013344526291,0.983316957950592,0.5076645612716675
YDR487C,YGL253W,0,0.3902306,0.16507413983345032,0.983316957950592,0.5077647566795349
YDR034C-D,YDR139C,0,0.3894859,0.16504694521427155,0.983316957950592,0.5078649520874023
YOR142W-B,YMR123W,0,0.38861543,0.16501976549625397,0.983316957950592,0.5079651474952698
YCR020W-B,YLR227W-B,0,0.38770187,0.1649925857782364,0.983316957950592,0.5080653429031372
YDR001C,YOR020C,0,0.3875668,0.16496542096138,0.983316957950592,0.5081655383110046
YPR159W,YLR157C,0,0.3853733,0.16493827104568481,0.983316957950592,0.5082657337188721
YDL078C,YEL047C,0,0.38537097,0.16491112112998962,0.983316957950592,0.5083658695220947
YHR045W,YKL184W,0,0.3839541,0.16488398611545563,0.983316957950592,0.5084660649299622
YLR238W,YIL074C,0,0.3829509,0.16485686600208282,0.983316957950592,0.5085662603378296
YMR086W,YOR175C,0,0.38284475,0.16482974588871002,0.983316957950592,0.508666455745697
YDR315C,YMR236W,0,0.38273513,0.16480262577533722,0.983316957950592,0.5087666511535645
YDR231C,YOR349W,0,0.38269353,0.1647755354642868,0.983316957950592,0.5088668465614319
YKR048C,YBR297W,0,0.38267553,0.1647484451532364,0.983316957950592,0.5089670419692993
YLR418C,YOR003W,0,0.38265598,0.16472135484218597,0.983316957950592,0.5090672373771667
YNL154C,YPL255W,0,0.38253415,0.16469427943229675,0.983316957950592,0.5091674327850342
YOL002C,YDR261C-C,0,0.38234293,0.16466721892356873,0.983316957950592,0.5092676281929016
YKL089W,YCL025C,0,0.3821612,0.1646401584148407,0.983316957950592,0.509367823600769
YLR321C,YDL055C,0,0.3821134,0.16461311280727386,0.983316957950592,0.5094679594039917
YDR484W,YKL178C,0,0.38157076,0.16458606719970703,0.983316957950592,0.5095681548118591
YPL094C,YLR035C-A,0,0.3812114,0.1645590364933014,0.983316957950592,0.5096683502197266
YIR034C,YGR240C,0,0.38120723,0.16453202068805695,0.983316957950592,0.509768545627594
YHR008C,YGL255W,0,0.38104618,0.1645050048828125,0.983316957950592,0.5098687410354614
YGL225W,YPL228W,0,0.38067657,0.16447800397872925,0.983316957950592,0.5099689364433289
YNR039C,YLR103C,0,0.3801415,0.164451003074646,0.983316957950592,0.5100691318511963
YBL091C-A,YHR115C,0,0.37872535,0.16442401707172394,0.983316957950592,0.5101693272590637
YKL022C,YGR223C,0,0.3785795,0.16439704596996307,0.983316957950592,0.5102695226669312
YML034W,YPL195W,0,0.37824333,0.1643700748682022,0.983316957950592,0.5103697180747986
YDL069C,YFL031W,0,0.37791902,0.16434311866760254,0.983316957950592,0.510469913482666
YOL149W,YMR025W,0,0.37715966,0.16431616246700287,0.983316957950592,0.5105701088905334
YOL104C,YHR181W,0,0.37676674,0.1642892211675644,0.983316957950592,0.5106702446937561
YHR044C,YBR186W,0,0.37668252,0.1642622947692871,0.983316957950592,0.5107704401016235
YBR104W,YDR529C,0,0.37664384,0.16423536837100983,0.983316957950592,0.510870635509491
YMR201C,YGL237C,0,0.37661743,0.16420845687389374,0.983316957950592,0.5109708309173584
YDR304C,YGR295C,0,0.37517613,0.16418154537677765,0.983316957950592,0.5110710263252258
YDR131C,YBR203W,0,0.37487704,0.16415464878082275,0.983316957950592,0.5111712217330933
YLR043C,YDR443C,0,0.37484306,0.16412776708602905,0.983316957950592,0.5112714171409607
YMR292W,YIL138C,0,0.37477106,0.16410088539123535,0.983316957950592,0.5113716125488281
YAL001C,YHR109W,0,0.37473893,0.16407401859760284,0.983316957950592,0.5114718079566956
YKL004W,YNL331C,0,0.37448728,0.16404715180397034,0.983316957950592,0.511572003364563
YNR016C,YFL029C,0,0.37381643,0.16402029991149902,0.983316957950592,0.5116721987724304
YBR289W,YKR035W-A,0,0.37369114,0.1639934480190277,0.983316957950592,0.5117723941802979
YMR123W,YML009C,0,0.37367868,0.1639666110277176,0.983316957950592,0.5118725299835205
YDR261C-C,YOR155C,0,0.37344968,0.16393978893756866,0.983316957950592,0.5119727253913879
YBR183W,YLR178C,0,0.37283605,0.16391296684741974,0.983316957950592,0.5120729207992554
YHR200W,YBR299W,0,0.37210768,0.163886159658432,0.983316957950592,0.5121731162071228
YDR424C,YDR316W-A,0,0.37162322,0.16385936737060547,0.983316957950592,0.5122733116149902
YOR384W,YDL045C,0,0.3706211,0.16383257508277893,0.983316957950592,0.5123735070228577
YBR006W,YGR013W,0,0.3693143,0.1638057827949524,0.983316957950592,0.5124737024307251
YER165W,YBR200W,0,0.36883324,0.16377900540828705,0.983316957950592,0.5125738978385925
YOR348C,YOR256C,0,0.36852032,0.1637522429227829,0.983316957950592,0.51267409324646
YBR289W,YPR137C-A,0,0.36823428,0.16372549533843994,0.983316957950592,0.5127742886543274
YGR036C,YDL197C,0,0.36810315,0.16369874775409698,0.983316957950592,0.5128744840621948
YMR165C,YKR105C,0,0.36705422,0.16367200016975403,0.983316957950592,0.5129746794700623
YNR057C,YML132W,0,0.3670448,0.16364526748657227,0.983316957950592,0.5130748152732849
YEL034W,YKL217W,0,0.36577874,0.1636185497045517,0.983316957950592,0.5131750106811523
YDR408C,YGR238C,0,0.36561698,0.16359183192253113,0.983316957950592,0.5132752060890198
YDR252W,YEL071W,0,0.3649811,0.16356512904167175,0.983316957950592,0.5133754014968872
YDR408C,YLR329W,0,0.36412108,0.16353844106197357,0.983316957950592,0.5134755969047546
YDR083W,YNR004W,0,0.3640321,0.1635117530822754,0.983316957950592,0.5135757923126221
YGR101W,YBR164C,0,0.36389077,0.1634850651025772,0.983316957950592,0.5136759877204895
YIL034C,YOR014W,0,0.36291057,0.16345840692520142,0.983316957950592,0.5137761831283569
YJL187C,YBR164C,0,0.36276966,0.16343173384666443,0.983316957950592,0.5138763785362244
YKR020W,YDR242W,0,0.36268032,0.16340509057044983,0.983316957950592,0.5139765739440918
YJL203W,YPL131W,0,0.3615693,0.16337844729423523,0.983316957950592,0.5140767693519592
YLR227W-B,YGL113W,0,0.35909337,0.16335180401802063,0.983316957950592,0.5141769647598267
YOL002C,YCR009C,0,0.35908073,0.16332519054412842,0.983316957950592,0.5142771005630493
YOR214C,YHR010W,0,0.35850066,0.163298562169075,0.983316957950592,0.5143772959709167
YJR091C,YDR362C,0,0.3581367,0.163271963596344,0.983316957950592,0.5144774913787842
YOR033C,YDR341C,0,0.35730433,0.16324535012245178,0.983316957950592,0.5145776867866516
YJL214W,YDL184C,0,0.3572424,0.16321876645088196,0.983316957950592,0.514677882194519
YJR013W,YGL068W,0,0.35547787,0.16319218277931213,0.983316957950592,0.5147780776023865
YDR285W,YDR245W,0,0.35541016,0.1631656140089035,0.983316957950592,0.5148782730102539
YNL308C,YEL004W,0,0.35488158,0.16313904523849487,0.983316957950592,0.5149784684181213
YKL086W,YHL027W,0,0.3538636,0.16311249136924744,0.983316957950592,0.5150786638259888
YLR043C,YPL026C,0,0.35352057,0.1630859375,0.983316957950592,0.5151788592338562
YDR527W,YBR160W,0,0.35351157,0.16305939853191376,0.983316957950592,0.5152790546417236
YDR316W-A,YNL159C,0,0.35306114,0.16303285956382751,0.983316957950592,0.5153792500495911
YKL175W,YLR242C,0,0.35287064,0.16300635039806366,0.983316957950592,0.5154793858528137
YBR182C,YDR216W,0,0.35275,0.1629798263311386,0.983316957950592,0.5155795812606812
YDR260C,YNR060W,0,0.35274833,0.16295333206653595,0.983316957950592,0.5156797766685486
YGR175C,YGL175C,0,0.3519233,0.1629268229007721,0.983316957950592,0.515779972076416
YNL244C,YOR075W,0,0.35067552,0.16290034353733063,0.983316957950592,0.5158801674842834
YLR069C,YGR084C,0,0.34907448,0.16287386417388916,0.983316957950592,0.5159803628921509
YGL077C,YBR198C,0,0.3487712,0.1628473848104477,0.983316957950592,0.5160805583000183
YOR174W,YDR536W,0,0.3482253,0.1628209352493286,0.983316957950592,0.5161807537078857
YFL066C,YDR511W,0,0.34749296,0.16279447078704834,0.983316957950592,0.5162809491157532
YBL037W,YGL229C,0,0.34694022,0.16276803612709045,0.983316957950592,0.5163811445236206
YPR063C,YNL212W,0,0.34677798,0.16274160146713257,0.983316957950592,0.516481339931488
YLR172C,YNL225C,0,0.34642774,0.16271516680717468,0.983316957950592,0.5165814757347107
YDR236C,YEL022W,0,0.3464017,0.162688747048378,0.983316957950592,0.5166816711425781
YLR165C,YKR056W,1,0.34547368,0.16282467544078827,0.9842983484268188,0.5166816711425781
YML088W,YJL172W,0,0.34490043,0.16279824078083038,0.9842983484268188,0.5167818665504456
YMR316W,YBR171W,0,0.3443966,0.1627718210220337,0.9842983484268188,0.516882061958313
YNL242W,YLL050C,0,0.34428126,0.1627454161643982,0.9842983484268188,0.5169822573661804
YFL013C,YML097C,0,0.3440821,0.1627190113067627,0.9842983484268188,0.5170824527740479
YNR028W,YDR283C,0,0.34381968,0.1626926213502884,0.9842983484268188,0.5171826481819153
YGL001C,YDR225W,0,0.3434896,0.1626662313938141,0.9842983484268188,0.5172828435897827
YJL128C,YJL112W,0,0.34344387,0.16263985633850098,0.9842983484268188,0.5173830389976501
YOR391C,YOR343W-A,0,0.3422189,0.16261349618434906,0.9842983484268188,0.5174832344055176
YJR159W,YLR088W,0,0.34174463,0.16258713603019714,0.9842983484268188,0.517583429813385
YHR056C,YPL181W,0,0.34109104,0.16256077587604523,0.9842983484268188,0.5176836252212524
YDL194W,YBL010C,0,0.34043276,0.1625344306230545,0.9842983484268188,0.5177837610244751
YHR076W,YGR161C-C,0,0.34036875,0.16250810027122498,0.9842983484268188,0.5178839564323425
YMR034C,YIL129C,0,0.33998242,0.16248176991939545,0.9842983484268188,0.51798415184021
YJR161C,YIL099W,0,0.3380807,0.1624554544687271,0.9842983484268188,0.5180843472480774
YKL003C,YNL248C,0,0.33796513,0.16242915391921997,0.9842983484268188,0.5181845426559448
YIL084C,YDR379W,0,0.33745235,0.16240285336971283,0.9842983484268188,0.5182847380638123
YMR188C,YGL227W,0,0.33674645,0.1623765528202057,0.9842983484268188,0.5183849334716797
YBL088C,YJR010C-A,0,0.3364743,0.16235028207302094,0.9842983484268188,0.5184851288795471
YER106W,YBR223C,0,0.33508965,0.162323996424675,0.9842983484268188,0.5185853242874146
YFL016C,YBR082C,0,0.33485347,0.16229774057865143,0.9842983484268188,0.518685519695282
YPL265W,YDL114W,0,0.3348167,0.16227146983146667,0.9842983484268188,0.5187857151031494
YOR028C,YDL060W,0,0.33315468,0.1622452288866043,0.9842983484268188,0.5188859105110168
YKL188C,YLL015W,0,0.33283097,0.16221898794174194,0.9842983484268188,0.5189860463142395
YDL078C,YEL061C,0,0.33275747,0.16219276189804077,0.9842983484268188,0.5190862417221069
YKL126W,YPR070W,0,0.33274162,0.1621665358543396,0.9842983484268188,0.5191864371299744
YBL037W,YMR240C,0,0.33188295,0.16214030981063843,0.9842983484268188,0.5192866325378418
YDR378C,YPL048W,0,0.3305865,0.16211411356925964,0.9842983484268188,0.5193868279457092
YNR061C,YPL047W,0,0.33003485,0.16208791732788086,0.9842983484268188,0.5194870233535767
YOR192C-A,YLR071C,0,0.32891113,0.16206172108650208,0.9842983484268188,0.5195872187614441
YLR364W,YNR007C,0,0.32825056,0.16203553974628448,0.9842983484268188,0.5196874141693115
YFL045C,YDL045W-A,0,0.32813197,0.1620093733072281,0.9842983484268188,0.519787609577179
YIL158W,YJL176C,0,0.32758817,0.1619832068681717,0.9842983484268188,0.5198878049850464
YLR332W,YKL056C,0,0.32723337,0.1619570553302765,0.9842983484268188,0.5199880003929138
YDR304C,YIL006W,0,0.32604927,0.1619309037923813,0.9842983484268188,0.5200881958007812
YDR368W,YBR221C,0,0.32557863,0.16190476715564728,0.9842983484268188,0.5201883316040039
YDL061C,YPL132W,0,0.32546246,0.16187863051891327,0.9842983484268188,0.5202885270118713
YKR054C,YNL192W,0,0.32385647,0.16185250878334045,0.9842983484268188,0.5203887224197388
YDR411C,YPR063C,0,0.32266277,0.16182640194892883,0.9842983484268188,0.5204889178276062
YOR298C-A,YML040W,0,0.321707,0.1618002951145172,0.9842983484268188,0.5205891132354736
YNL326C,YPL158C,0,0.32147473,0.1617741882801056,0.9842983484268188,0.5206893086433411
YIR008C,YLR164W,0,0.321239,0.16174811124801636,0.9842983484268188,0.5207895040512085
YBR210W,YKR006C,0,0.32089865,0.16172201931476593,0.9842983484268188,0.5208896994590759
YHR001W,YOR192C-B,0,0.3203544,0.1616959571838379,0.9842983484268188,0.5209898948669434
YDL208W,YDR379W,0,0.31998128,0.16166989505290985,0.9842983484268188,0.5210900902748108
YJR044C,YHL009W-A,0,0.31787437,0.1616438329219818,0.9842983484268188,0.5211902856826782
YER124C,YDR210W-A,0,0.31751567,0.16161778569221497,0.9842983484268188,0.5212904810905457
YNL135C,YHR211W,0,0.31746548,0.16159175336360931,0.9842983484268188,0.5213906168937683
YPL090C,YPL101W,0,0.31732583,0.16156572103500366,0.9842983484268188,0.5214908123016357
YOR069W,YER190W,0,0.3171227,0.1615397036075592,0.9842983484268188,0.5215910077095032
YLR208W,YHR002W,0,0.316725,0.16151368618011475,0.9842983484268188,0.5216912031173706
YOR298W,YDL192W,0,0.3159787,0.16148768365383148,0.9842983484268188,0.521791398525238
YOR033C,YIL125W,0,0.31561863,0.16146168112754822,0.9842983484268188,0.5218915939331055
YGR009C,YHR082C,0,0.3152071,0.16143569350242615,0.9842983484268188,0.5219917893409729
YKR092C,YBR253W,0,0.31511095,0.16140972077846527,0.9842983484268188,0.5220919847488403
YOR308C,YOR343W-B,0,0.31506217,0.1613837480545044,0.9842983484268188,0.5221921801567078
YMR045C,YLR453C,0,0.3137809,0.1613577902317047,0.9842983484268188,0.5222923755645752
YAL012W,YKL206C,0,0.31376106,0.16133183240890503,0.9842983484268188,0.5223925709724426
YDR119W,YDR170C,0,0.31326997,0.16130588948726654,0.9842983484268188,0.5224927067756653
YBL045C,YJR051W,0,0.31287402,0.16127994656562805,0.9842983484268188,0.5225929021835327
YNL312W,YFL034C-B,0,0.3128528,0.16125401854515076,0.9842983484268188,0.5226930975914001
YOR293W,YMR121C,0,0.31245828,0.16122810542583466,0.9842983484268188,0.5227932929992676
YJL177W,YGL173C,0,0.31184685,0.16120219230651855,0.9842983484268188,0.522893488407135
YFL002W-B,YDR510W,0,0.3117351,0.16117627918720245,0.9842983484268188,0.5229936838150024
YFR042W,YDL197C,0,0.31163627,0.16115038096904755,0.9842983484268188,0.5230938792228699
YGL035C,YKL208W,0,0.3115936,0.16112449765205383,0.9842983484268188,0.5231940746307373
YLR341W,YAR007C,0,0.31132585,0.16109861433506012,0.9842983484268188,0.5232942700386047
YKR102W,YLR308W,0,0.31102973,0.1610727459192276,0.9842983484268188,0.5233944654464722
YGL226C-A,YDR107C,0,0.3109756,0.16104689240455627,0.9842983484268188,0.5234946608543396
YPR043W,YER168C,0,0.31045145,0.16102102398872375,0.9842983484268188,0.523594856262207
YGR275W,YDL097C,0,0.30814832,0.16099518537521362,0.9842983484268188,0.5236949920654297
YLR319C,YLL038C,0,0.30708972,0.1609693467617035,0.9842983484268188,0.5237951874732971
YOR315W,YNL149C,0,0.30673677,0.16094352304935455,0.9842983484268188,0.5238953828811646
YBR096W,YFL045C,0,0.30532128,0.16091769933700562,0.9842983484268188,0.523995578289032
YDL161W,YGR285C,0,0.30525875,0.16089189052581787,0.9842983484268188,0.5240957736968994
YHR179W,YBL004W,0,0.3051412,0.16086608171463013,0.9842983484268188,0.5241959691047668
YML039W,YBL041W,0,0.30501288,0.16084028780460358,0.9842983484268188,0.5242961645126343
YER091C,YDL107W,0,0.30489123,0.16081449389457703,0.9842983484268188,0.5243963599205017
YIL160C,YDR118W,0,0.30398065,0.16078871488571167,0.9842983484268188,0.5244965553283691
YKL221W,YDR404C,0,0.3031056,0.1607629358768463,0.9842983484268188,0.5245967507362366
YDL178W,YLR453C,0,0.30302328,0.16073718667030334,0.9842983484268188,0.524696946144104
YJL111W,YDR415C,0,0.3014444,0.16071142256259918,0.9842983484268188,0.5247971415519714
YKL130C,YBR030W,0,0.30066794,0.1606856733560562,0.9842983484268188,0.5248972773551941
YJR043C,YAL013W,0,0.30043828,0.16065993905067444,0.9842983484268188,0.5249974727630615
YDR162C,YGL128C,0,0.3003844,0.16063420474529266,0.9842983484268188,0.525097668170929
YFR005C,YLR148W,0,0.29936117,0.16060848534107208,0.9842983484268188,0.5251978635787964
YJL053W,YLR154C,0,0.2991894,0.1605827659368515,0.9842983484268188,0.5252980589866638
YDL128W,YPL249C,0,0.29909635,0.16055706143379211,0.9842983484268188,0.5253982543945312
YLL013C,YER153C,0,0.29765224,0.16053137183189392,0.9842983484268188,0.5254984498023987
YFL013C,YOR327C,0,0.2969857,0.16050568222999573,0.9842983484268188,0.5255986452102661
YOR382W,YPL008W,0,0.29693288,0.16047999262809753,0.9842983484268188,0.5256988406181335
YAL012W,YLL042C,0,0.29382437,0.16045433282852173,0.9842983484268188,0.525799036026001
YNR073C,YDL239C,0,0.29371858,0.16042865812778473,0.9842983484268188,0.5258992314338684
YKR022C,YPR065W,0,0.2928114,0.16040301322937012,0.9842983484268188,0.5259994268417358
YDR530C,YIR035C,0,0.2926544,0.1603773534297943,0.9842983484268188,0.5260995626449585
YDL121C,YEL058W,0,0.29073104,0.1603517234325409,0.9842983484268188,0.5261997580528259
YJR092W,YLL003W,0,0.2906132,0.16032609343528748,0.9842983484268188,0.5262999534606934
YOR222W,YOL034W,0,0.29024082,0.16030046343803406,0.9842983484268188,0.5264001488685608
YEL043W,YGR104C,0,0.28989032,0.16027484834194183,0.9842983484268188,0.5265003442764282
YGL232W,YGL050W,1,0.28984153,0.16040901839733124,0.9852796792984009,0.5265003442764282
YIL090W,YGL251C,0,0.2892442,0.16038338840007782,0.9852796792984009,0.5266005396842957
YOL104C,YDR261C-C,0,0.28848642,0.1603577733039856,0.9852796792984009,0.5267007350921631
YDR172W,YDR415C,0,0.2880447,0.16033215820789337,0.9852796792984009,0.5268009305000305
YLR398C,YLR219W,0,0.28775412,0.16030655801296234,0.9852796792984009,0.526901125907898
YDR454C,YLR084C,0,0.28727365,0.1602809727191925,0.9852796792984009,0.5270013213157654
YMR004W,YPR016C,0,0.28620166,0.16025538742542267,0.9852796792984009,0.5271015167236328
YDL185W,YLL005C,0,0.28247327,0.16022981703281403,0.9852796792984009,0.5272017121315002
YOR378W,YNL162W,0,0.28173965,0.16020424664020538,0.9852796792984009,0.5273018479347229
YDR390C,YML045W-A,0,0.28130728,0.16017869114875793,0.9852796792984009,0.5274020433425903
YLR014C,YKR067W,0,0.28126135,0.16015313565731049,0.9852796792984009,0.5275022387504578
YOR343W-A,YLL038C,0,0.28092414,0.16012759506702423,0.9852796792984009,0.5276024341583252
YJL148W,YNR022C,0,0.27984142,0.16010205447673798,0.9852796792984009,0.5277026295661926
YNR028W,YOL064C,0,0.279358,0.16007652878761292,0.9852796792984009,0.5278028249740601
YBR244W,YLR153C,0,0.27812082,0.16005101799964905,0.9852796792984009,0.5279030203819275
YIL126W,YNL131W,0,0.2761261,0.16002550721168518,0.9852796792984009,0.5280032157897949
YOL148C,YJR121W,0,0.27594006,0.1599999964237213,0.9852796792984009,0.5281034111976624
YHR005C-A,YDR337W,0,0.27565283,0.15997450053691864,0.9852796792984009,0.5282036066055298
YLR116W,YMR303C,0,0.27449954,0.15994901955127716,0.9852796792984009,0.5283038020133972
YDR047W,YEL041W,0,0.274144,0.15992353856563568,0.9852796792984009,0.5284039378166199
YJL130C,YOR131C,0,0.2739513,0.1598980724811554,0.9852796792984009,0.5285041332244873
YBR136W,YMR203W,0,0.27392644,0.1598726063966751,0.9852796792984009,0.5286043286323547
YFL014W,YDR047W,0,0.2735839,0.15984715521335602,0.9852796792984009,0.5287045240402222
YLR029C,YJR159W,0,0.27357927,0.15982171893119812,0.9852796792984009,0.5288047194480896
YPL032C,YDR208W,0,0.2735499,0.15979628264904022,0.9852796792984009,0.528904914855957
YLR227W-B,YLR013W,0,0.2734012,0.15977084636688232,0.9852796792984009,0.5290051102638245
YAL024C,YDR182W,0,0.27256852,0.15974542498588562,0.9852796792984009,0.5291053056716919
YML029W,YOR231W,0,0.27246505,0.1597200185060501,0.9852796792984009,0.5292055010795593
YER137C-A,YDL130W,0,0.27168378,0.1596946120262146,0.9852796792984009,0.5293056964874268
YDR316W-A,YNL272C,0,0.270218,0.1596692055463791,0.9852796792984009,0.5294058918952942
YCR071C,YDR228C,0,0.2695853,0.15964382886886597,0.9852796792984009,0.5295060873031616
YER074W-A,YJL159W,0,0.2684273,0.15961843729019165,0.9852796792984009,0.5296062231063843
YNL088W,YOR007C,0,0.2683869,0.15959307551383972,0.9852796792984009,0.5297064185142517
YKL088W,YBR204C,0,0.26759678,0.1595676988363266,0.9852796792984009,0.5298066139221191
YAL032C,YOR192C-A,0,0.26651376,0.15954235196113586,0.9852796792984009,0.5299068093299866
YJR047C,YAL053W,0,0.26644456,0.15951700508594513,0.9852796792984009,0.530007004737854
YHR007C,YDR146C,0,0.26580524,0.1594916582107544,0.9852796792984009,0.5301072001457214
YOL108C,YBR227C,0,0.26549262,0.15946632623672485,0.9852796792984009,0.5302073955535889
YOR343W-A,YLR446W,0,0.26526624,0.1594410091638565,0.9852796792984009,0.5303075909614563
YDL215C,YMR047C,0,0.26525956,0.15941569209098816,0.9852796792984009,0.5304077863693237
YDR281C,YNL037C,0,0.26472127,0.1593903750181198,0.9852796792984009,0.5305079817771912
YGR023W,YIL050W,0,0.26443622,0.15936507284641266,0.9852796792984009,0.5306081771850586
YDR363W,YDR113C,0,0.2638799,0.1593397855758667,0.9852796792984009,0.530708372592926
YNL117W,YDL222C,0,0.26262823,0.15931449830532074,0.9852796792984009,0.5308085083961487
YLR107W,YGR009C,0,0.2621004,0.15928922593593597,0.9852796792984009,0.5309087038040161
YHR214C-B,YDR362C,0,0.26151744,0.1592639535665512,0.9852796792984009,0.5310088992118835
YMR122W-A,YOL019W,0,0.2614025,0.15923869609832764,0.9852796792984009,0.531109094619751
YDL165W,YNL210W,0,0.2613737,0.15921345353126526,0.9852796792984009,0.5312092900276184
YBR080C,YNR022C,0,0.2597754,0.15918821096420288,0.9852796792984009,0.5313094854354858
YBR173C,YJR092W,0,0.2596442,0.1591629683971405,0.9852796792984009,0.5314096808433533
YJL097W,YDR072C,0,0.25902033,0.15913774073123932,0.9852796792984009,0.5315098762512207
YLR242C,YNR074C,0,0.25817153,0.15911251306533813,0.9852796792984009,0.5316100716590881
YPL188W,YPR187W,0,0.2581571,0.15908731520175934,0.9852796792984009,0.5317102670669556
YNL188W,YDR385W,0,0.2572013,0.15906210243701935,0.9852796792984009,0.531810462474823
YFL039C,YDR210W-B,0,0.2568102,0.15903690457344055,0.9852796792984009,0.5319106578826904
YPR030W,YDR123C,0,0.25672916,0.15901172161102295,0.9852796792984009,0.5320107936859131
YNL280C,YJL109C,0,0.2560249,0.15898653864860535,0.9852796792984009,0.5321109890937805
YER025W,YIL132C,0,0.25594887,0.15896137058734894,0.9852796792984009,0.532211184501648
YJR138W,YIR010W,0,0.25561035,0.15893620252609253,0.9852796792984009,0.5323113799095154
YOR151C,YDR084C,0,0.2554397,0.15891104936599731,0.9852796792984009,0.5324115753173828
YKR104W,YJL154C,0,0.25511,0.1588858962059021,0.9852796792984009,0.5325117707252502
YLR262C,YLR410W-B,0,0.2543407,0.15886075794696808,0.9852796792984009,0.5326119661331177
YOR099W,YCR075C,0,0.2540971,0.15883563458919525,0.9852796792984009,0.5327121615409851
YDR342C,YPL088W,0,0.25385922,0.15881049633026123,0.9852796792984009,0.5328123569488525
YKL178C,YCR042C,0,0.25177717,0.1587853878736496,0.9852796792984009,0.53291255235672
YEL062W,YLR025W,0,0.25161916,0.15876027941703796,0.9852796792984009,0.5330127477645874
YOL013C,YBR110W,0,0.25105697,0.15873517096042633,0.9852796792984009,0.5331129431724548
YLR448W,YHR115C,0,0.24883409,0.15871009230613708,0.9852796792984009,0.5332130789756775
YNL274C,YDR363W-A,0,0.24878423,0.15868499875068665,0.9852796792984009,0.5333132743835449
YDL005C,YJL095W,0,0.24865027,0.1586599200963974,0.9852796792984009,0.5334134697914124
YLR380W,YGR161W-B,0,0.24790792,0.15863485634326935,0.9852796792984009,0.5335136651992798
YGL192W,YER137C,1,0.24772415,0.15876777470111847,0.9862610697746277,0.5335136651992798
YLL043W,YKL156W,0,0.24711959,0.15874269604682922,0.9862610697746277,0.5336138606071472
YLR132C,YPL192C,0,0.24696556,0.15871761739253998,0.9862610697746277,0.5337140560150146
YBR136W,YGR215W,0,0.24578212,0.15869256854057312,0.9862610697746277,0.5338142514228821
YKR071C,YIR011C,0,0.24465755,0.15866750478744507,0.9862610697746277,0.5339144468307495
YPR158C-C,YCL025C,0,0.24391477,0.1586424559354782,0.9862610697746277,0.5340146422386169
YBL069W,YGL226C-A,0,0.2439038,0.15861742198467255,0.9862610697746277,0.5341148376464844
YLR410W-A,YKL041W,0,0.24388571,0.15859238803386688,0.9862610697746277,0.5342150330543518
YLR307W,YAR010C,0,0.24343221,0.1585673689842224,0.9862610697746277,0.5343152284622192
YCR012W,YOL017W,0,0.24326572,0.15854234993457794,0.9862610697746277,0.5344153642654419
YML074C,YHL001W,0,0.24323599,0.15851734578609467,0.9862610697746277,0.5345155596733093
YFL014W,YIL168W,0,0.24264456,0.15849235653877258,0.9862610697746277,0.5346157550811768
YCR040W,YMR054W,0,0.24254985,0.1584673672914505,0.9862610697746277,0.5347159504890442
YGL203C,YGR027W-B,0,0.24229483,0.15844237804412842,0.9862610697746277,0.5348161458969116
YPL271W,YLR009W,0,0.24210157,0.15841740369796753,0.9862610697746277,0.534916341304779
YER055C,YDR541C,0,0.24175791,0.15839242935180664,0.9862610697746277,0.5350165367126465
YNL242W,YDR393W,0,0.24082987,0.15836746990680695,0.9862610697746277,0.5351167321205139
YER185W,YDR032C,0,0.24080539,0.15834252536296844,0.9862610697746277,0.5352169275283813
YNL272C,YBR247C,0,0.24059244,0.15831758081912994,0.9862610697746277,0.5353171229362488
YHR050W,YHR147C,0,0.24044663,0.15829265117645264,0.9862610697746277,0.5354173183441162
YLL062C,YKL056C,0,0.23952025,0.15826772153377533,0.9862610697746277,0.5355174541473389
YOR348C,YNL311C,0,0.23868352,0.15824279189109802,0.9862610697746277,0.5356176495552063
YMR266W,YLR453C,0,0.23830484,0.1582178771495819,0.9862610697746277,0.5357178449630737
YKL183W,YLR298C,0,0.23785801,0.158192977309227,0.9862610697746277,0.5358180403709412
YMR298W,YDL070W,0,0.23672497,0.15816807746887207,0.9862610697746277,0.5359182357788086
YCR060W,YMR071C,0,0.23658437,0.15814319252967834,0.9862610697746277,0.536018431186676
YNR040W,YNL280C,0,0.2363521,0.15811830759048462,0.9862610697746277,0.5361186265945435
YPL274W,YLR393W,0,0.23627304,0.1580934375524521,0.9862610697746277,0.5362188220024109
YDL055C,YDR182W,0,0.23580983,0.15806858241558075,0.9862610697746277,0.5363190174102783
YJL113W,YML097C,0,0.23559465,0.15804371237754822,0.9862610697746277,0.5364192128181458
YLR301W,YIL114C,0,0.23555522,0.15801887214183807,0.9862610697746277,0.5365194082260132
YBR240C,YDR322W,0,0.2346092,0.15799403190612793,0.9862610697746277,0.5366196036338806
YNL217W,YDR018C,0,0.23357116,0.15796919167041779,0.9862610697746277,0.5367197394371033
YDR363W-A,YLL050C,0,0.23331615,0.15794436633586884,0.9862610697746277,0.5368199348449707
YKL179C,YKL021C,0,0.23293501,0.15791954100131989,0.9862610697746277,0.5369201302528381
YLR287C-A,YFL017W-A,0,0.23287076,0.15789473056793213,0.9862610697746277,0.5370203256607056
YMR032W,YIL143C,0,0.23228024,0.15786993503570557,0.9862610697746277,0.537120521068573
YDR518W,YDL201W,0,0.23204306,0.157845139503479,0.9862610697746277,0.5372207164764404
YOL019W,YGL206C,0,0.23188765,0.15782035887241364,0.9862610697746277,0.5373209118843079
YOR321W,YDR270W,0,0.23126139,0.15779557824134827,0.9862610697746277,0.5374211072921753
YJL046W,YGR062C,0,0.23095424,0.1577707976102829,0.9862610697746277,0.5375213027000427
YLR439W,YLR419W,0,0.23041333,0.15774603188037872,0.9862610697746277,0.5376214981079102
YDR151C,YOR196C,0,0.22945608,0.15772128105163574,0.9862610697746277,0.5377216935157776
YHR017W,YDR245W,0,0.22863227,0.15769653022289276,0.9862610697746277,0.537821888923645
YPR049C,YGL255W,0,0.22714037,0.15767179429531097,0.9862610697746277,0.5379220247268677
YLR078C,YJR055W,0,0.2266138,0.1576470583677292,0.9862610697746277,0.5380222201347351
YNL335W,YGR271W,0,0.22658257,0.1576223373413086,0.9862610697746277,0.5381224155426025
YDR363W,YOR085W,0,0.22635914,0.157597616314888,0.9862610697746277,0.53822261095047
YOR159C,YDR261W-B,0,0.22491622,0.1575729101896286,0.9862610697746277,0.5383228063583374
YDR302W,YJL165C,0,0.22454579,0.1575482040643692,0.9862610697746277,0.5384230017662048
YFL002W-A,YAL047C,0,0.22429855,0.157523512840271,0.9862610697746277,0.5385231971740723
YMR150C,YBR241C,0,0.22424215,0.1574988216161728,0.9862610697746277,0.5386233925819397
YPL257W-A,YLR424W,0,0.22423622,0.15747414529323578,0.9862610697746277,0.5387235879898071
YJR043C,YOR211C,0,0.22343186,0.15744946897029877,0.9862610697746277,0.5388237833976746
YDR304C,YPL072W,0,0.22284156,0.15742480754852295,0.9862610697746277,0.538923978805542
YER130C,YBL099W,0,0.22271092,0.15740016102790833,0.9862610697746277,0.5390241742134094
YBR058C,YMR032W,0,0.22237186,0.1573755145072937,0.9862610697746277,0.5391243100166321
YML113W,YMR023C,1,0.22204241,0.15750743448734283,0.9872424006462097,0.5391243100166321
YOR142W-B,YDR224C,0,0.22021748,0.15748277306556702,0.9872424006462097,0.5392245054244995
YGL062W,YJR055W,0,0.21990258,0.1574581265449524,0.9872424006462097,0.5393247008323669
YGR109W-B,YJR067C,0,0.2193992,0.15743349492549896,0.9872424006462097,0.5394248962402344
YBR185C,YER168C,0,0.21849951,0.15740886330604553,0.9872424006462097,0.5395250916481018
YNR041C,YAL041W,0,0.21768972,0.1573842316865921,0.9872424006462097,0.5396252870559692
YMR169C,YOR356W,0,0.21751383,0.15735961496829987,0.9872424006462097,0.5397254824638367
YLR204W,YPL027W,0,0.21723181,0.15733499825000763,0.9872424006462097,0.5398256778717041
YJL101C,YPL045W,0,0.21683154,0.1573103964328766,0.9872424006462097,0.5399258732795715
YBR082C,YER117W,0,0.21676807,0.15728580951690674,0.9872424006462097,0.540026068687439
YER075C,YOR369C,0,0.21660352,0.1572612226009369,0.9872424006462097,0.5401262640953064
YML115C,YDL161W,0,0.21615589,0.15723663568496704,0.9872424006462097,0.5402264595031738
YJL154C,YEL059C-A,0,0.21602556,0.1572120636701584,0.9872424006462097,0.5403265953063965
YGL210W,YDR530C,0,0.21592727,0.15718750655651093,0.9872424006462097,0.5404267907142639
YIL139C,YIR017C,0,0.21536042,0.15716294944286346,0.9872424006462097,0.5405269861221313
YNR057C,YLR064W,0,0.2145999,0.157138392329216,0.9872424006462097,0.5406271815299988
YDL232W,YMR227C,0,0.21452793,0.15711385011672974,0.9872424006462097,0.5407273769378662
YLR205C,YNL172W,0,0.21215948,0.15708932280540466,0.9872424006462097,0.5408275723457336
YMR189W,YLR391W,0,0.21205188,0.1570647954940796,0.9872424006462097,0.5409277677536011
YOR343C-B,YDL004W,0,0.21205188,0.15704026818275452,0.9872424006462097,0.5410279631614685
YPR118W,YGL210W-A,0,0.21205188,0.15701577067375183,0.9872424006462097,0.5411281585693359
YKL020C,YNL138W-A,0,0.21205188,0.15699125826358795,0.9872424006462097,0.5412283539772034
YGR109W-B,YOL053C-A,0,0.21205188,0.15696676075458527,0.9872424006462097,0.5413285493850708
YDR240C,YLR312C-B,0,0.21205188,0.15694227814674377,0.9872424006462097,0.5414286851882935
YGR076C,YPL096C-A,0,0.21205188,0.15691779553890228,0.9872424006462097,0.5415288805961609
YFL013C,YCL048W-A,0,0.21205188,0.15689332783222198,0.9872424006462097,0.5416290760040283
YDL035C,YLR337W,0,0.21205188,0.1568688601255417,0.9872424006462097,0.5417292714118958
YBL008W-A,YOR206W,0,0.21205188,0.15684440732002258,0.9872424006462097,0.5418294668197632
YGL210W-A,YFL001W,1,0.21205188,0.15697583556175232,0.9882237315177917,0.5418294668197632
YLR391W-A,YOR343W-A,0,0.21205188,0.15695136785507202,0.9882237315177917,0.5419296622276306
YNL336W,YOL053C-A,0,0.21205188,0.15692691504955292,0.9882237315177917,0.542029857635498
YPL096C-A,YHR082C,0,0.21205188,0.1569024622440338,0.9882237315177917,0.5421300530433655
YOR382W,YLR391W-A,0,0.21205188,0.1568780243396759,0.9882237315177917,0.5422302484512329
YML029W,YBR111W-A,0,0.21205188,0.156853586435318,0.9882237315177917,0.5423304438591003
YGL095C,YPL096C-A,0,0.21205188,0.15682914853096008,0.9882237315177917,0.5424306392669678
YEL031W,YCR097WB,0,0.21205188,0.15680474042892456,0.9882237315177917,0.5425308346748352
YDR403W,YCL048W-A,0,0.21205188,0.15678031742572784,0.9882237315177917,0.5426309704780579
YOR192C-A,YCL003W,0,0.21205188,0.15675590932369232,0.9882237315177917,0.5427311658859253
YLR391W-A,YPR024W,0,0.21205188,0.156731516122818,0.9882237315177917,0.5428313612937927
YLR355C,YBR111W-A,0,0.21205188,0.15670712292194366,0.9882237315177917,0.5429315567016602
YCR028C-A,YDR210W-D,0,0.21205188,0.15668274462223053,0.9882237315177917,0.5430317521095276
YML009C,YCL027C-A,0,0.21205188,0.1566583663225174,0.9882237315177917,0.543131947517395
YOR343C-B,YMR162C,0,0.21205188,0.15663400292396545,0.9882237315177917,0.5432321429252625
YGR031C-A,YDR389W,0,0.21205188,0.1566096395254135,0.9882237315177917,0.5433323383331299
YNL138W-A,YPL177C,0,0.21205188,0.15658529102802277,0.9882237315177917,0.5434325337409973
YKL212W,YGL210W-A,0,0.21205188,0.15656094253063202,0.9882237315177917,0.5435327291488647
YKL161C,YKR099C-A,0,0.21205188,0.15653660893440247,0.9882237315177917,0.5436329245567322
YGL210W-A,YFR037C,1,0.21205188,0.15666770935058594,0.9892051219940186,0.5436329245567322
YJL123C,YPL189C-A,0,0.21205188,0.1566433608531952,0.9892051219940186,0.5437331199645996
YOR144C,YOL053C-A,0,0.21205188,0.15661901235580444,0.9892051219940186,0.5438332557678223
YBL008W-A,YMR292W,0,0.21205188,0.15659469366073608,0.9892051219940186,0.5439334511756897
YPL189C-A,YOR037W,0,0.21205188,0.15657036006450653,0.9892051219940186,0.5440336465835571
YDR261C-C,YCR080W,0,0.21205188,0.15654604136943817,0.9892051219940186,0.5441338419914246
YJL136C,YNL138W-A,0,0.21205188,0.156521737575531,0.9892051219940186,0.544234037399292
YNL138W-A,YDL109C,0,0.21205188,0.15649743378162384,0.9892051219940186,0.5443342328071594
YCR029C-A,YLL027W,0,0.21205188,0.15647314488887787,0.9892051219940186,0.5444344282150269
YIL080W,YOR343C-B,0,0.21205188,0.1564488559961319,0.9892051219940186,0.5445346236228943
YOR343C-B,YJL145W,0,0.21205188,0.15642458200454712,0.9892051219940186,0.5446348190307617
YNL069C,YLR391W-A,0,0.21205188,0.15640030801296234,0.9892051219940186,0.5447350144386292
YCR029C-A,YJR019C,0,0.21205188,0.15637604892253876,0.9892051219940186,0.5448352098464966
YMR114C,YFL011W-A,0,0.21205188,0.15635178983211517,0.9892051219940186,0.544935405254364
YPR025C,YCL048W-A,0,0.21205188,0.15632754564285278,0.9892051219940186,0.5450355410575867
YMR034C,YOL053C-A,0,0.21205188,0.1563033014535904,0.9892051219940186,0.5451357364654541
YLR391W-A,YOR171C,0,0.21205188,0.1562790721654892,0.9892051219940186,0.5452359318733215
YHR039C-B,YIR006C,0,0.21205188,0.156254842877388,0.9892051219940186,0.545336127281189
YGR031C-A,YDR364C,0,0.21205188,0.156230628490448,0.9892051219940186,0.5454363226890564
YDR085C,YDR210W-D,0,0.21205188,0.156206414103508,0.9892051219940186,0.5455365180969238
YDR411C,YFL011W-A,0,0.21205188,0.1561822146177292,0.9892051219940186,0.5456367135047913
YLR312C-B,YDR511W,0,0.21205188,0.15615801513195038,0.9892051219940186,0.5457369089126587
YDR210W-D,YDR158W,0,0.21205188,0.15613383054733276,0.9892051219940186,0.5458371043205261
YDL065C,YKR099C-A,0,0.21205188,0.15610964596271515,0.9892051219940186,0.5459372997283936
YIL017W,YPR041W,0,0.21205188,0.15608547627925873,0.9892051219940186,0.546037495136261
YPR144C,YOR343C-B,0,0.21205188,0.1560613065958023,0.9892051219940186,0.5461376905441284
YER056C-A,YLR391W-A,0,0.21205188,0.15603715181350708,0.9892051219940186,0.5462378263473511
YOR229W,YOR343C-B,0,0.21205188,0.15601299703121185,0.9892051219940186,0.5463380217552185
YCL048W-A,YPL074W,0,0.21205188,0.15598885715007782,0.9892051219940186,0.5464382171630859
YEL050C,YLR312C-B,0,0.21205188,0.1559647172689438,0.9892051219940186,0.5465384125709534
YGL077C,YAR070W-A,0,0.21205188,0.15594059228897095,0.9892051219940186,0.5466386079788208
YDL148C,YNL138W-A,0,0.21205188,0.1559164673089981,0.9892051219940186,0.5467388033866882
YPR137C-A,YBL101W-A,0,0.21205188,0.15589235723018646,0.9892051219940186,0.5468389987945557
YDL092W,YBR111W-A,0,0.21205188,0.15586824715137482,0.9892051219940186,0.5469391942024231
YDR381C-A,YLR391W-A,0,0.21205188,0.15584415197372437,0.9892051219940186,0.5470393896102905
YBL082C,YCL027C-A,0,0.21205188,0.1558200716972351,0.9892051219940186,0.547139585018158
YGR249W,YLR312C-B,0,0.21205188,0.15579597651958466,0.9892051219940186,0.5472397804260254
YPR004C,YBR111W-A,0,0.21205188,0.1557719111442566,0.9892051219940186,0.547339916229248
YBR111W-A,YDR107C,0,0.21205188,0.15574783086776733,0.9892051219940186,0.5474401116371155
YMR321C,YAR070W-A,0,0.21205188,0.15572378039360046,0.9892051219940186,0.5475403070449829
YBL008W-A,YJL014W,0,0.21205188,0.1556997150182724,0.9892051219940186,0.5476405024528503
YEL037C,YKR099C-A,0,0.21205188,0.15567567944526672,0.9892051219940186,0.5477406978607178
YDR088C,YCL027C-A,0,0.21205188,0.15565164387226105,0.9892051219940186,0.5478408932685852
YMR268W-A,YDR266C,0,0.21205188,0.15562760829925537,0.9892051219940186,0.5479410886764526
YHR214W-G,YIL091C,0,0.21205188,0.1556035876274109,0.9892051219940186,0.5480412840843201
YLR450W,YBR111W-A,0,0.21205188,0.1555795669555664,0.9892051219940186,0.5481414794921875
YDR420W,YKL200C,0,0.21205188,0.15555556118488312,0.9892051219940186,0.5482416749000549
YDR074W,YLR391W-A,0,0.21205188,0.15553155541419983,0.9892051219940186,0.5483418703079224
YIL017W,YML009C,0,0.21205188,0.15550756454467773,0.9892051219940186,0.5484420657157898
YLR312C-B,YJR151C,0,0.21205188,0.15548357367515564,0.9892051219940186,0.5485422015190125
YCR069W,YNL138W-A,0,0.21205188,0.15545959770679474,0.9892051219940186,0.5486423969268799
YKR099C-A,YAL017W,0,0.21205188,0.15543562173843384,0.9892051219940186,0.5487425923347473
YLR391W-A,YKR069W,0,0.21205188,0.15541166067123413,0.9892051219940186,0.5488427877426147
YGL046W,YDR261W-B,0,0.21205188,0.15538769960403442,0.9892051219940186,0.5489429831504822
YML052W,YCL048W-A,0,0.21205188,0.1553637534379959,0.9892051219940186,0.5490431785583496
YNL284C-A,YKL158W,0,0.21205188,0.1553398072719574,0.9892051219940186,0.549143373966217
YLR287C-A,YGL210W-A,0,0.21205188,0.15531587600708008,0.9892051219940186,0.5492435693740845
YDR245W,YAR070W-A,0,0.21205188,0.15529194474220276,0.9892051219940186,0.5493437647819519
YBR199W,YNL138W-A,0,0.21205188,0.15526802837848663,0.9892051219940186,0.5494439601898193
YNR018W,YPL096C-A,0,0.21205188,0.1552441120147705,0.9892051219940186,0.5495441555976868
YPR066W,YDR210W-D,0,0.21205188,0.15522021055221558,0.9892051219940186,0.5496443510055542
YDL065C,YBR111W-A,0,0.21205188,0.15519630908966064,0.9892051219940186,0.5497444868087769
YDR169C,YDR014W-A,0,0.21205188,0.1551724076271057,0.9892051219940186,0.5498446822166443
YBL022C,YOR343C-B,0,0.21205188,0.15514853596687317,0.9892051219940186,0.5499448776245117
YER086W,YAR070W-A,0,0.21205188,0.15512464940547943,0.9892051219940186,0.5500450730323792
YPR160W,YOR343C-B,0,0.21205188,0.1551007777452469,0.9892051219940186,0.5501452684402466
YMR244C-A,YLR391W-A,0,0.21205188,0.15507692098617554,0.9892051219940186,0.550245463848114
YBL008W-A,YML052W,0,0.21205188,0.1550530642271042,0.9892051219940186,0.5503456592559814
YBL017C,YDR014W-A,0,0.21205188,0.15502922236919403,0.9892051219940186,0.5504458546638489
YMR043W,YDR210W-D,0,0.21205188,0.15500538051128387,0.9892051219940186,0.5505460500717163
YIL101C,YAR070W-A,0,0.21205188,0.1549815535545349,0.9892051219940186,0.5506462454795837
YHR183W,YOR240W,0,0.21205188,0.15495772659778595,0.9892051219940186,0.5507464408874512
YNL024C-A,YKL210W,0,0.21205188,0.15493391454219818,0.9892051219940186,0.5508466362953186
YHR183W,YLR337W,0,0.21205188,0.1549101024866104,0.9892051219940186,0.5509467720985413
YPL189C-A,YIL115C,0,0.21205188,0.15488629043102264,0.9892051219940186,0.5510469675064087
YNL138W-A,YIL084C,0,0.21205188,0.15486249327659607,0.9892051219940186,0.5511471629142761
YBL008W-A,YJL170C,0,0.21205188,0.1548387110233307,0.9892051219940186,0.5512473583221436
YMR268W-A,YBR068C,0,0.21205188,0.1548149287700653,0.9892051219940186,0.551347553730011
YHR214W-G,YLL036C,0,0.21205188,0.15479116141796112,0.9892051219940186,0.5514477491378784
YFL011W-A,YJL042W,0,0.21205188,0.15476739406585693,0.9892051219940186,0.5515479445457458
YOR237W,YKR099C-A,0,0.21205188,0.15474362671375275,0.9892051219940186,0.5516481399536133
YKL086W,YKR099C-A,0,0.21205188,0.15471987426280975,0.9892051219940186,0.5517483353614807
YNL107W,YLR391W-A,0,0.21205188,0.15469613671302795,0.9892051219940186,0.5518485307693481
YLR154W-A,YOR240W,0,0.21205188,0.15467239916324615,0.9892051219940186,0.5519487261772156
YJL103C,YMR268W-A,0,0.21205188,0.15464866161346436,0.9892051219940186,0.552048921585083
YJL079C,YKR099C-A,0,0.21205188,0.15462493896484375,0.9892051219940186,0.5521490573883057
YMR188C,YDR014W-A,0,0.21205188,0.15460123121738434,0.9892051219940186,0.5522492527961731
YNL005C,YOR343C-B,0,0.21205188,0.15457752346992493,0.9892051219940186,0.5523494482040405
YLR154W-A,YJL033W,0,0.21205188,0.15455381572246552,0.9892051219940186,0.552449643611908
YLR438C-A,YOR240W,0,0.21205188,0.1545301228761673,0.9892051219940186,0.5525498390197754
YKL091C,YBL008W-A,0,0.21205188,0.15450644493103027,0.9892051219940186,0.5526500344276428
YDR248C,YOR240W,0,0.21205188,0.15448275208473206,0.9892051219940186,0.5527502298355103
YBL008W-A,YBR231C,0,0.21205188,0.15445908904075623,0.9892051219940186,0.5528504252433777
YLR154W-A,YER106W,0,0.21205188,0.1544354259967804,0.9892051219940186,0.5529506206512451
YGL210W-A,YNR048W,1,0.21205188,0.15456494688987732,0.9901864528656006,0.5529506206512451
YNL024C-A,YML118W,0,0.21205188,0.1545412838459015,0.9901864528656006,0.5530508160591125
YLR391W,YMR312W,0,0.21205188,0.15451760590076447,0.9901864528656006,0.55315101146698
YCR070W,YOR343C-B,0,0.21205188,0.15449395775794983,0.9901864528656006,0.5532512068748474
YNL024C-A,YFL055W,0,0.21205188,0.154470294713974,0.9901864528656006,0.5533513426780701
YOL053C-A,YPR194C,0,0.21205188,0.15444666147232056,0.9901864528656006,0.5534515380859375
YGL210W-A,YJR055W,1,0.21205188,0.15457606315612793,0.9911677837371826,0.5534515380859375
YGL210W-A,YOR205C,1,0.21205188,0.15470543503761292,0.9921491742134094,0.5534515380859375
YBL008W-A,YNL067W,0,0.21205188,0.1546817570924759,0.9921491742134094,0.5535517334938049
YHR214W-G,YOR179C,0,0.21205188,0.15465809404850006,0.9921491742134094,0.5536519289016724
YDR171W,YPL189C-A,0,0.21205188,0.15463444590568542,0.9921491742134094,0.5537521243095398
YJR056C,YMR268W-A,0,0.21205188,0.1546107977628708,0.9921491742134094,0.5538523197174072
YCR029C-A,YJR135W-A,0,0.21205188,0.15458714962005615,0.9921491742134094,0.5539525151252747
YDR081C,YHR214W-G,0,0.21205188,0.1545635163784027,0.9921491742134094,0.5540527105331421
YCL048W-A,YGR220C,0,0.21205188,0.15453989803791046,0.9921491742134094,0.5541529059410095
YPL167C,YDR418W,0,0.211873,0.1545162796974182,0.9921491742134094,0.554253101348877
YCL059C,YBL101W-B,0,0.21167803,0.15449266135692596,0.9921491742134094,0.5543532967567444
YNL054W-B,YHR124W,0,0.21156977,0.1544690579175949,0.9921491742134094,0.554453432559967
YKL146W,YCR097WB,0,0.21146806,0.15444546937942505,0.9921491742134094,0.5545536279678345
YOR025W,YCL018W,0,0.21106595,0.154421865940094,0.9921491742134094,0.5546538233757019
YGR124W,YEL064C,0,0.21106592,0.15439829230308533,0.9921491742134094,0.5547540187835693
YBR009C,YGL010W,0,0.21063161,0.15437471866607666,0.9921491742134094,0.5548542141914368
YDL099W,YGR155W,0,0.20926031,0.154351145029068,0.9921491742134094,0.5549544095993042
YOL145C,YOL065C,0,0.20882979,0.15432758629322052,0.9921491742134094,0.5550546050071716
YCL003W,YNR003C,0,0.20842998,0.15430402755737305,0.9921491742134094,0.5551548004150391
YDR481C,YIL010W,0,0.2083832,0.15428048372268677,0.9921491742134094,0.5552549958229065
YBR158W,YBL101W-B,0,0.20819116,0.1542569398880005,0.9921491742134094,0.5553551912307739
YNL079C,YLR404W,0,0.20656824,0.1542334109544754,0.9921491742134094,0.5554553866386414
YDR460W,YCR055C,0,0.20584273,0.15420988202095032,0.9921491742134094,0.5555555820465088
YIL136W,YFL035C,0,0.20555064,0.15418636798858643,0.9921491742134094,0.5556557178497314
YFL014W,YKL158W,0,0.20511928,0.15416285395622253,0.9921491742134094,0.5557559132575989
YLR289W,YNL206C,0,0.20497659,0.15413935482501984,0.9921491742134094,0.5558561086654663
YMR295C,YDL236W,0,0.2048884,0.15411585569381714,0.9921491742134094,0.5559563040733337
YML130C,YML034W,0,0.20454866,0.15409235656261444,0.9921491742134094,0.5560564994812012
YDR383C,YBR217W,0,0.20443994,0.15406888723373413,0.9921491742134094,0.5561566948890686
YDR170W-A,YJL112W,0,0.20406112,0.15404540300369263,0.9921491742134094,0.556256890296936
YDR207C,YLR141W,0,0.20390368,0.15402193367481232,0.9921491742134094,0.5563570857048035
YGL241W,YOR240W,0,0.2030762,0.1539984792470932,0.9921491742134094,0.5564572811126709
YPR158W-A,YOR371C,0,0.20290807,0.15397502481937408,0.9921491742134094,0.5565574765205383
YLR304C,YBL101W-A,0,0.20200896,0.15395157039165497,0.9921491742134094,0.5566576719284058
YBL091C-A,YDR138W,0,0.20100631,0.15392813086509705,0.9921491742134094,0.5567578673362732
YKL042W,YHL009W-B,0,0.20068242,0.15390470623970032,0.9921491742134094,0.5568580031394958
YOR056C,YBL101W-B,0,0.20055106,0.1538812816143036,0.9921491742134094,0.5569581985473633
YGR184C,YJL115W,0,0.200334,0.15385785698890686,0.9921491742134094,0.5570583939552307
YEL026W,YPL276W,0,0.20027728,0.15383444726467133,0.9921491742134094,0.5571585893630981
YPL271W,YBL064C,0,0.20014662,0.15381105244159698,0.9921491742134094,0.5572587847709656
YLR035C-A,YEL071W,0,0.20009676,0.15378764271736145,0.9921491742134094,0.557358980178833
YNL283C,YDR371W,0,0.19965044,0.1537642627954483,0.9921491742134094,0.5574591755867004
YDR169C,YMR029C,0,0.19942121,0.15374088287353516,0.9921491742134094,0.5575593709945679
YPL162C,YLR410W-B,0,0.1991927,0.153717502951622,0.9921491742134094,0.5576595664024353
YHL019C,YKL212W,0,0.19853741,0.15369413793087006,0.9921491742134094,0.5577597618103027
YDR034C-D,YPL124W,0,0.19841033,0.1536707729101181,0.9921491742134094,0.5578599572181702
YCL060C,YLR425W,0,0.19839063,0.15364742279052734,0.9921491742134094,0.5579601526260376
YDL232W,YAL031C,0,0.19755511,0.15362407267093658,0.9921491742134094,0.5580602884292603
YHR044C,YHR132C,0,0.19691335,0.15360072255134583,0.9921491742134094,0.5581604838371277
YHR206W,YHL009W-B,0,0.1967172,0.15357740223407745,0.9921491742134094,0.5582606792449951
YHR084W,YBL041W,0,0.19543085,0.1535540670156479,0.9921491742134094,0.5583608746528625
YMR039C,YKL130C,0,0.19532225,0.15353074669837952,0.9921491742134094,0.55846107006073
YLR391W,YER110C,0,0.19531235,0.15350744128227234,0.9921491742134094,0.5585612654685974
YHR002W,YMR017W,0,0.1949425,0.15348413586616516,0.9921491742134094,0.5586614608764648
YPL123C,YNL210W,0,0.19460748,0.15346083045005798,0.9921491742134094,0.5587616562843323
YGR076C,YER042W,0,0.19349232,0.1534375548362732,0.9921491742134094,0.5588618516921997
YDR242W,YDL043C,0,0.19347356,0.1534142643213272,0.9921491742134094,0.5589620471000671
YPL134C,YBR179C,0,0.1930722,0.15339098870754242,0.9921491742134094,0.5590622425079346
YNR047W,YDR446W,0,0.19198543,0.15336771309375763,0.9921491742134094,0.559162437915802
YOR240W,YLR010C,0,0.19176915,0.15334445238113403,0.9921491742134094,0.5592625737190247
YOR150W,YFR018C,0,0.19054498,0.15332120656967163,0.9921491742134094,0.5593627691268921
YBL097W,YDR210W-B,0,0.18982156,0.15329794585704803,0.9921491742134094,0.5594629645347595
YPR158C-D,YDR497C,0,0.18953368,0.15327471494674683,0.9921491742134094,0.559563159942627
YOL039W,YOR231W,0,0.18684652,0.15325148403644562,0.9921491742134094,0.5596633553504944
YBR050C,YJL225C,0,0.1863651,0.1532282531261444,0.9921491742134094,0.5597635507583618
YNL007C,YLL023C,0,0.18601774,0.1532050371170044,0.9921491742134094,0.5598637461662292
YBL101W-B,YML049C,0,0.1858485,0.15318182110786438,0.9921491742134094,0.5599639415740967
YPL038W,YNL049C,0,0.18538588,0.15315860509872437,0.9921491742134094,0.5600641369819641
YMR239C,YOR327C,0,0.18537289,0.15313541889190674,0.9921491742134094,0.5601643323898315
YOR338W,YNR031C,0,0.18527906,0.15311221778392792,0.9921491742134094,0.560264527797699
YPL055C,YLL051C,0,0.1842732,0.1530890315771103,0.9921491742134094,0.5603646636009216
YOR327C,YPL084W,0,0.18388125,0.15306586027145386,0.9921491742134094,0.5604648590087891
YMR051C,YOL075C,0,0.18327595,0.15304268896579742,0.9921491742134094,0.5605650544166565
YHR077C,YDR207C,0,0.18296422,0.153019517660141,0.9921491742134094,0.5606652498245239
YKL186C,YBL101W-B,0,0.18294023,0.15299636125564575,0.9921491742134094,0.5607654452323914
YLR225C,YOR245C,0,0.18278416,0.1529732197523117,0.9921491742134094,0.5608656406402588
YBL066C,YFL036W,0,0.18230897,0.15295007824897766,0.9921491742134094,0.5609658360481262
YOR256C,YIL027C,0,0.18224412,0.15292693674564362,0.9921491742134094,0.5610660314559937
YNL010W,YNL314W,0,0.18128817,0.15290381014347076,0.9921491742134094,0.5611662268638611
YPR140W,YDL099W,0,0.1810995,0.1528806835412979,0.9921491742134094,0.5612664222717285
YDR346C,YNL301C,0,0.18106624,0.15285757184028625,0.9921491742134094,0.561366617679596
YCR037C,YER018C,0,0.18097003,0.1528344601392746,0.9921491742134094,0.5614668130874634
YCR003W,YDR126W,0,0.17988189,0.15281136333942413,0.9921491742134094,0.561566948890686
YDR498C,YLR364W,0,0.17949815,0.15278826653957367,0.9921491742134094,0.5616671442985535
YER106W,YHL009W-A,0,0.17940673,0.1527651846408844,0.9921491742134094,0.5617673397064209
YBR004C,YPL181W,0,0.17894718,0.15274210274219513,0.9921491742134094,0.5618675351142883
YDL040C,YDR166C,0,0.178308,0.15271903574466705,0.9921491742134094,0.5619677305221558
YJL074C,YGL038C,0,0.17826048,0.15269596874713898,0.9921491742134094,0.5620679259300232
YBL022C,YLL008W,0,0.17804599,0.1526729017496109,0.9921491742134094,0.5621681213378906
YLL015W,YCL004W,0,0.17803143,0.15264984965324402,0.9921491742134094,0.5622683167457581
YER173W,YOR192C-B,0,0.17799392,0.15262681245803833,0.9921491742134094,0.5623685121536255
YMR314W,YIL004C,0,0.17782441,0.15260377526283264,0.9921491742134094,0.5624687075614929
YDR450W,YOL030W,0,0.17696974,0.15258073806762695,0.9921491742134094,0.5625689029693604
YKL200C,YDL005C,0,0.17691535,0.15255771577358246,0.9921491742134094,0.5626690983772278
YLR320W,YNL131W,0,0.17656393,0.15253470838069916,0.9921491742134094,0.5627692341804504
YLR117C,YDR153C,0,0.17628029,0.15251168608665466,0.9921491742134094,0.5628694295883179
YGL020C,YHR115C,0,0.17621817,0.15248869359493256,0.9921491742134094,0.5629696249961853
YGL013C,YDR162C,0,0.17484209,0.15246568620204926,0.9921491742134094,0.5630698204040527
YMR054W,YJL108C,0,0.17443979,0.15244270861148834,0.9921491742134094,0.5631700158119202
YIL122W,YGR027W-B,0,0.17406952,0.15241971611976624,0.9921491742134094,0.5632702112197876
YDR376W,YMR160W,0,0.17401293,0.15239673852920532,0.9921491742134094,0.563370406627655
YDR389W,YDR541C,0,0.17379557,0.1523737758398056,0.9921491742134094,0.5634706020355225
YLR410W-B,YJL048C,0,0.1736011,0.15235081315040588,0.9921491742134094,0.5635707974433899
YOR349W,YNL225C,0,0.17354318,0.15232786536216736,0.9921491742134094,0.5636709928512573
YBR008C,YCR072C,0,0.17252809,0.15230491757392883,0.9921491742134094,0.5637711882591248
YPL257W-A,YPR070W,0,0.17238589,0.1522819697856903,0.9921491742134094,0.5638713836669922
YER055C,YER137C-A,0,0.17203788,0.15225903689861298,0.9921491742134094,0.5639715194702148
YPL128C,YPL051W,0,0.17120898,0.15223610401153564,0.9921491742134094,0.5640717148780823
YDR296W,YLR256W-A,0,0.17024794,0.1522131860256195,0.9921491742134094,0.5641719102859497
YBR018C,YAL042W,0,0.17017156,0.15219026803970337,0.9921491742134094,0.5642721056938171
YLR157C-A,YMR033W,0,0.16988656,0.15216736495494843,0.9921491742134094,0.5643723011016846
YJR127C,YMR179W,0,0.16982596,0.15214447677135468,0.9921491742134094,0.564472496509552
YGR144W,YHR188C,0,0.16942528,0.15212157368659973,0.9921491742134094,0.5645726919174194
YER083C,YOL103W-B,0,0.16819346,0.15209868550300598,0.9921491742134094,0.5646728873252869
YFL013C,YDL120W,0,0.16775465,0.15207581222057343,0.9921491742134094,0.5647730827331543
YHR039C-B,YNL210W,0,0.16671744,0.15205293893814087,0.9921491742134094,0.5648732781410217
YDR163W,YGR143W,0,0.16667993,0.1520300805568695,0.9921491742134094,0.5649734735488892
YNL270C,YBR079C,0,0.16662157,0.15200722217559814,0.9921491742134094,0.5650736689567566
YLR164W,YHR174W,0,0.16584587,0.15198436379432678,0.9921491742134094,0.5651738047599792
YBR187W,YOR291W,0,0.16563079,0.1519615203142166,0.9921491742134094,0.5652740001678467
YER003C,YLR355C,0,0.16509202,0.15193867683410645,0.9921491742134094,0.5653741955757141
YEL041W,YMR182C,0,0.16505598,0.15191584825515747,0.9921491742134094,0.5654743909835815
YNR072W,YNL307C,0,0.1643342,0.1518930345773697,0.9921491742134094,0.565574586391449
YDR480W,YGR038C-A,0,0.16416824,0.15187020599842072,0.9921491742134094,0.5656747817993164
YDR519W,YNR036C,0,0.16327696,0.15184740722179413,0.9921491742134094,0.5657749772071838
YCL060C,YDR472W,0,0.16324373,0.15182459354400635,0.9921491742134094,0.5658751726150513
YNL054W-B,YDR158W,0,0.16306208,0.15180179476737976,0.9921491742134094,0.5659753680229187
YIR038C,YPR073C,0,0.16298164,0.15177901089191437,0.9921491742134094,0.5660755634307861
YEL022W,YPL072W,0,0.16288686,0.15175622701644897,0.9921491742134094,0.5661757588386536
YLR242C,YDL207W,0,0.16261265,0.15173345804214478,0.9921491742134094,0.5662758946418762
YDR461W,YKL097W-A,0,0.16112432,0.15171068906784058,0.9921491742134094,0.5663760900497437
YPL060C-A,YCR043C,0,0.16099629,0.15168792009353638,0.9921491742134094,0.5664762854576111
YER086W,YAL017W,0,0.1603827,0.15166516602039337,0.9921491742134094,0.5665764808654785
YPR080W,YOR190W,0,0.15953434,0.15164241194725037,0.9921491742134094,0.566676676273346
YNL107W,YKR006C,0,0.15821353,0.15161967277526855,0.9921491742134094,0.5667768716812134
YLR213C,YGR063C,0,0.15783392,0.15159694850444794,0.9921491742134094,0.5668770670890808
YBR075W,YBL005W-A,0,0.15773952,0.15157420933246613,0.9921491742134094,0.5669772624969482
YNR001C,YKL166C,0,0.15712744,0.1515514850616455,0.9921491742134094,0.5670774579048157
YJR130C,YNL323W,0,0.156479,0.15152877569198608,0.9921491742134094,0.5671776533126831
YKL046C,YKL015W,0,0.1560185,0.15150606632232666,0.9921491742134094,0.5672778487205505
YDR194C,YAL034W-A,0,0.1558851,0.15148337185382843,0.9921491742134094,0.567378044128418
YPR035W,YOR226C,0,0.15483594,0.1514606773853302,0.9921491742134094,0.5674781799316406
YFR045W,YBL102W,0,0.15437885,0.15143798291683197,0.9921491742134094,0.5675783753395081
YMR188C,YGR118W,0,0.15415648,0.15141530334949493,0.9921491742134094,0.5676785707473755
YKR010C,YBR129C,0,0.15356481,0.1513926386833191,0.9921491742134094,0.5677787661552429
YGR221C,YOL155C,0,0.15231751,0.15136995911598206,0.9921491742134094,0.5678789615631104
YIL159W,YJL111W,0,0.15208007,0.1513473093509674,0.9921491742134094,0.5679791569709778
YCR070W,YHR059W,0,0.15203345,0.15132464468479156,0.9921491742134094,0.5680793523788452
YPL269W,YGL216W,0,0.15176123,0.1513020098209381,0.9921491742134094,0.5681795477867126
YBR081C,YBR253W,0,0.1509004,0.15127936005592346,0.9921491742134094,0.5682797431945801
YMR162C,YGR161W-B,0,0.14918996,0.15125672519207,0.9921491742134094,0.5683799386024475
YNL230C,YER161C,0,0.14897922,0.15123410522937775,0.9921491742134094,0.5684801340103149
YCR033W,YBR274W,0,0.14893267,0.15121148526668549,0.9921491742134094,0.5685803294181824
YKR006C,YLR088W,0,0.1488312,0.15118888020515442,0.9921491742134094,0.568680465221405
YBR075W,YBR012W-B,0,0.14856249,0.15116627514362335,0.9921491742134094,0.5687806606292725
YOR297C,YBR179C,0,0.14842781,0.15114367008209229,0.9921491742134094,0.5688808560371399
YKR061W,YDR254W,0,0.14802825,0.1511210799217224,0.9921491742134094,0.5689810514450073
YLR182W,YGR027W-B,0,0.1479326,0.15109848976135254,0.9921491742134094,0.5690812468528748
YOR035C,YBR192W,0,0.14789307,0.15107591450214386,0.9921491742134094,0.5691814422607422
YFR045W,YDR536W,0,0.14747728,0.15105333924293518,0.9921491742134094,0.5692816376686096
YNL259C,YKL053C-A,0,0.14718363,0.1510307788848877,0.9921491742134094,0.569381833076477
YPR096C,YEL002C,0,0.14604017,0.1510082185268402,0.9921491742134094,0.5694820284843445
YJL102W,YCR055C,0,0.14526486,0.15098565816879272,0.9921491742134094,0.5695822238922119
YLR406C,YCR073C,0,0.14400339,0.15096311271190643,0.9921491742134094,0.5696824193000793
YIL128W,YCL069W,0,0.14298812,0.15094058215618134,0.9921491742134094,0.5697826147079468
YLR024C,YDR261W-B,0,0.14270657,0.15091805160045624,0.9921491742134094,0.5698827505111694
YJL024C,YOR354C,0,0.14223048,0.15089552104473114,0.9921491742134094,0.5699829459190369
YMR276W,YFR013W,0,0.14124402,0.15087300539016724,0.9921491742134094,0.5700831413269043
YDR497C,YNL210W,0,0.14056665,0.15085048973560333,0.9921491742134094,0.5701833367347717
YJL219W,YNL279W,0,0.14010885,0.15082798898220062,0.9921491742134094,0.5702835321426392
YBR133C,YBR217W,0,0.13980782,0.1508054882287979,0.9921491742134094,0.5703837275505066
YDL035C,YPL281C,0,0.13950084,0.1507830023765564,0.9921491742134094,0.570483922958374
YDR294C,YDR014W,0,0.13937975,0.15076051652431488,0.9921491742134094,0.5705841183662415
YBR142W,YER146W,0,0.13773075,0.15073803067207336,0.9921491742134094,0.5706843137741089
YOR038C,YDR036C,0,0.13693066,0.15071555972099304,0.9921491742134094,0.5707845091819763
YBR210W,YGL011C,0,0.13632269,0.1506931036710739,0.9921491742134094,0.5708847045898438
YCR080W,YJR028W,0,0.13605344,0.15067064762115479,0.9921491742134094,0.5709848999977112
YLR337W,YDR298C,0,0.13600099,0.15064819157123566,0.9921491742134094,0.5710850358009338
YDR083W,YER044C,0,0.13588169,0.15062575042247772,0.9921491742134094,0.5711852312088013
YOR360C,YBR179C,0,0.13563895,0.1506033092737198,0.9921491742134094,0.5712854266166687
YDR392W,YNL009W,0,0.13543788,0.15058088302612305,0.9921491742134094,0.5713856220245361
YDR316W-A,YOR261C,0,0.13503852,0.1505584567785263,0.9921491742134094,0.5714858174324036
YIL097W,YOR123C,0,0.13475724,0.15053603053092957,0.9921491742134094,0.571586012840271
YAR002C-A,YER078C,0,0.13366489,0.15051361918449402,0.9921491742134094,0.5716862082481384
YOL057W,YDR473C,0,0.13297409,0.15049122273921967,0.9921491742134094,0.5717864036560059
YHR039C-B,YGR008C,0,0.13266435,0.1504688262939453,0.9921491742134094,0.5718865990638733
YDR056C,YOR284W,0,0.1314216,0.15044642984867096,0.9921491742134094,0.5719867944717407
YKL086W,YML001W,0,0.13082439,0.1504240483045578,0.9921491742134094,0.5720869898796082
YDR062W,YBR022W,0,0.13041393,0.15040166676044464,0.9921491742134094,0.5721871852874756
YDR487C,YDL052C,0,0.12998874,0.15037930011749268,0.9921491742134094,0.5722873210906982
YOR085W,YDR012W,0,0.12964043,0.1503569334745407,0.9921491742134094,0.5723875164985657
YJR060W,YNL307C,0,0.12962809,0.15033456683158875,0.9921491742134094,0.5724877119064331
YDR297W,YOL156W,0,0.12947133,0.15031221508979797,0.9921491742134094,0.5725879073143005
YLR256W-A,YHR016C,0,0.12889853,0.1502898782491684,0.9921491742134094,0.572688102722168
YHR039C-B,YDR171W,0,0.12880355,0.15026754140853882,0.9921491742134094,0.5727882981300354
YMR079W,YCL004W,0,0.1287149,0.15024520456790924,0.9921491742134094,0.5728884935379028
YMR251W-A,YOR255W,0,0.12809905,0.15022288262844086,0.9921491742134094,0.5729886889457703
YLR343W,YMR020W,0,0.12794898,0.15020056068897247,0.9921491742134094,0.5730888843536377
YGR218W,YNL119W,0,0.12684312,0.15017825365066528,0.9921491742134094,0.5731890797615051
YML045W-A,YHR018C,0,0.12681933,0.1501559466123581,0.9921491742134094,0.5732892751693726
YFL002W-A,YKL198C,0,0.1266532,0.1501336544752121,0.9921491742134094,0.5733894109725952
YLR423C,YGR109W-B,0,0.12648779,0.1501113623380661,0.9921491742134094,0.5734896063804626
YDR210C-C,YGL026C,0,0.12639956,0.1500890702009201,0.9921491742134094,0.5735898017883301
YHR175W,YDR481C,0,0.1263842,0.1500667929649353,0.9921491742134094,0.5736899971961975
YLR028C,YGL033W,0,0.12593907,0.1500445306301117,0.9921491742134094,0.5737901926040649
YLR208W,YLR433C,0,0.1256155,0.1500222533941269,0.9921491742134094,0.5738903880119324
YIL171W,YPL275W,0,0.1251017,0.15000000596046448,0.9921491742134094,0.5739905834197998
YJR130C,YLR283W,0,0.12462133,0.14997774362564087,0.9921491742134094,0.5740907788276672
YDL092W,YOL113W,0,0.124306396,0.14995549619197845,0.9921491742134094,0.5741909742355347
YOL094C,YER030W,0,0.12394264,0.14993326365947723,0.9921491742134094,0.5742911696434021
YOR351C,YLR005W,0,0.12376802,0.149911031126976,0.9921491742134094,0.5743913650512695
YIL135C,YDL141W,0,0.12335104,0.149888813495636,0.9921491742134094,0.574491560459137
YBR150C,YNL272C,0,0.12229609,0.14986658096313477,0.9921491742134094,0.5745916962623596
YLR410W-A,YNL208W,0,0.121875934,0.14984437823295593,0.9921491742134094,0.574691891670227
YIR006C,YGR161C-C,0,0.12164956,0.1498221755027771,0.9921491742134094,0.5747920870780945
YJR107W,YKL085W,0,0.1215488,0.14979997277259827,0.9921491742134094,0.5748922824859619
YHR057C,YOL147C,0,0.12093042,0.14977778494358063,0.9921491742134094,0.5749924778938293
YER018C,YMR307W,0,0.12043359,0.149755597114563,0.9921491742134094,0.5750926733016968
YBR136W,YBR127C,0,0.12042316,0.14973340928554535,0.9921491742134094,0.5751928687095642
YDL165W,YKL089W,0,0.119908504,0.1497112363576889,0.9921491742134094,0.5752930641174316
YNR028W,YCR070W,0,0.11945531,0.14968907833099365,0.9921491742134094,0.5753932595252991
YCR081W,YOL041C,0,0.11922283,0.1496669203042984,0.9921491742134094,0.5754934549331665
YCR024C-A,YOR064C,0,0.1185134,0.14964476227760315,0.9921491742134094,0.5755936503410339
YKL025C,YMR005W,0,0.11805993,0.1496226191520691,0.9921491742134094,0.5756938457489014
YHR039C-B,YKL199C,0,0.11804083,0.14960047602653503,0.9921491742134094,0.575793981552124
YBR210W,YNL175C,0,0.11797535,0.14957833290100098,0.9921491742134094,0.5758941769599915
YJR022W,YLR153C,0,0.117847115,0.1495562195777893,0.9921491742134094,0.5759943723678589
YER039C,YLL062C,0,0.117277704,0.14953409135341644,0.9921491742134094,0.5760945677757263
YHL040C,YMR267W,0,0.1171737,0.14951197803020477,0.9921491742134094,0.5761947631835938
YJL204C,YGR085C,0,0.11683625,0.1494898647069931,0.9921491742134094,0.5762949585914612
YKR018C,YLR262C,0,0.11680706,0.14946776628494263,0.9921491742134094,0.5763951539993286
YLR043C,YGR027W-B,0,0.11640903,0.14944568276405334,0.9921491742134094,0.576495349407196
YMR078C,YML062C,0,0.11618783,0.14942358434200287,0.9921491742134094,0.5765955448150635
YDR261C-C,YOL082W,0,0.11566226,0.1494015008211136,0.9921491742134094,0.5766957402229309
YDR440W,YML032C,0,0.11436752,0.1493794322013855,0.9921491742134094,0.5767959356307983
YOR329C,YJL164C,0,0.11334743,0.1493573635816574,0.9921491742134094,0.5768961310386658
YML071C,YFL008W,0,0.11332435,0.14933530986309052,0.9921491742134094,0.5769962668418884
YOR226C,YBL041W,0,0.112912774,0.14931324124336243,0.9921491742134094,0.5770964622497559
YNL232W,YDR378C,0,0.112255916,0.14929120242595673,0.9921491742134094,0.5771966576576233
YOL146W,YJL210W,0,0.11199963,0.14926916360855103,0.9921491742134094,0.5772968530654907
YGL026C,YBL010C,0,0.11086811,0.14924712479114532,0.9921491742134094,0.5773970484733582
YMR197C,YOR150W,0,0.11082557,0.14922508597373962,0.9921491742134094,0.5774972438812256
YKR036C,YIL099W,0,0.10996266,0.1492030769586563,0.9921491742134094,0.577597439289093
YBL084C,YGR027W-B,0,0.109363124,0.1491810530424118,0.9921491742134094,0.5776976346969604
YNL239W,YNL037C,0,0.10933581,0.1491590440273285,0.9921491742134094,0.5777978301048279
YIL088C,YGR222W,0,0.108724475,0.14913703501224518,0.9921491742134094,0.5778980255126953
YLR371W,YJL012C-A,0,0.10838446,0.14911504089832306,0.9921491742134094,0.5779982209205627
YPL265W,YER147C,0,0.10800833,0.14909304678440094,0.9921491742134094,0.5780984163284302
YGR038C-A,YNR069C,0,0.106774524,0.14907106757164001,0.9921491742134094,0.5781985521316528
YNL265C,YLR373C,0,0.10645488,0.1490490883588791,0.9921491742134094,0.5782987475395203
YKL119C,YLR265C,0,0.106384724,0.14902712404727936,0.9921491742134094,0.5783989429473877
YER007W,YIL027C,0,0.1058298,0.14900515973567963,0.9921491742134094,0.5784991383552551
YIL132C,YHL032C,0,0.10424242,0.1489831954240799,0.9921491742134094,0.5785993337631226
YLR216C,YPL174C,0,0.10334547,0.14896124601364136,0.9921491742134094,0.57869952917099
YLR364W,YJR036C,0,0.10290829,0.148939311504364,0.9921491742134094,0.5787997245788574
YER162C,YDR304C,0,0.10234746,0.14891736209392548,0.9921491742134094,0.5788999199867249
YCL018W,YML019W,0,0.102249935,0.14889542758464813,0.9921491742134094,0.5790001153945923
YLL004W,YDR261C-C,0,0.10178958,0.14887350797653198,0.9921491742134094,0.5791003108024597
YOR131C,YDR523C,0,0.100664765,0.14885158836841583,0.9921491742134094,0.5792005062103271
YPR184W,YDR210W-A,0,0.10050812,0.14882968366146088,0.9921491742134094,0.5793006420135498
YHR175W,YJR090C,0,0.099785,0.14880777895450592,0.9921491742134094,0.5794008374214172
YIL171W,YAL021C,0,0.099648684,0.14878587424755096,0.9921491742134094,0.5795010328292847
YJL213W,YOR017W,0,0.09957445,0.1487639844417572,0.9921491742134094,0.5796012282371521
YOR201C,YBR241C,0,0.09891171,0.14874209463596344,0.9921491742134094,0.5797014236450195
YHR051W,YBL064C,0,0.098706275,0.14872020483016968,0.9921491742134094,0.579801619052887
YCR069W,YJR077C,0,0.09839149,0.1486983448266983,0.9921491742134094,0.5799018144607544
YDL056W,YHR160C,0,0.09800606,0.14867646992206573,0.9921491742134094,0.5800020098686218
YPR054W,YML069W,0,0.097563386,0.14865460991859436,0.9921491742134094,0.5801022052764893
YLR029C,YPL051W,0,0.096709184,0.14863274991512299,0.9921491742134094,0.5802024006843567
YDR156W,YJR137C,0,0.09666124,0.1486109048128128,0.9921491742134094,0.5803025960922241
YBL045C,YPL202C,0,0.09617262,0.14858905971050262,0.9921491742134094,0.5804027915000916
YDR210W-A,YGR292W,0,0.09614563,0.14856722950935364,0.9921491742134094,0.5805029273033142
YLR399C,YCR094W,0,0.094903335,0.14854539930820465,0.9921491742134094,0.5806031227111816
YLL029W,YKL097W-A,0,0.094765514,0.14852358400821686,0.9921491742134094,0.5807033181190491
YHR203C,YDL207W,0,0.09470384,0.14850176870822906,0.9921491742134094,0.5808035135269165
YOR131C,YBL106C,0,0.09435429,0.14847995340824127,0.9921491742134094,0.5809037089347839
YER058W,YDL245C,0,0.094219506,0.14845815300941467,0.9921491742134094,0.5810039043426514
YHR032W,YJL144W,0,0.0940979,0.14843635261058807,0.9921491742134094,0.5811040997505188
YLR309C,YIL097W,0,0.092719704,0.14841456711292267,0.9921491742134094,0.5812042951583862
YNL127W,YAL016W,0,0.092565894,0.14839278161525726,0.9921491742134094,0.5813044905662537
YPL037C,YHR188C,0,0.09204599,0.14837099611759186,0.9921491742134094,0.5814046859741211
YKR097W,YDL006W,0,0.09203981,0.14834922552108765,0.9921491742134094,0.5815048813819885
YOR142W,YDL104C,0,0.09177482,0.14832746982574463,0.9921491742134094,0.581605076789856
YCL060C,YBR052C,0,0.09124091,0.14830569922924042,0.9921491742134094,0.5817052125930786
YDR365W-B,YJR137C,0,0.09025176,0.1482839584350586,0.9921491742134094,0.581805408000946
YLR449W,YEL052W,0,0.090012684,0.14826220273971558,0.9921491742134094,0.5819056034088135
YKL013C,YDL107W,0,0.089844175,0.14824046194553375,0.9921491742134094,0.5820057988166809
YDR390C,YMR280C,0,0.08814774,0.14821873605251312,0.9921491742134094,0.5821059942245483
YPL151C,YLR214W,0,0.087686345,0.1481970101594925,0.9921491742134094,0.5822061896324158
YGL119W,YNL264C,0,0.08736299,0.14817528426647186,0.9921491742134094,0.5823063850402832
YAR071W,YGL173C,0,0.087209135,0.14815357327461243,0.9921491742134094,0.5824065804481506
YNR028W,YLR187W,0,0.08712551,0.148131862282753,0.9921491742134094,0.5825067758560181
YGR036C,YCL003W,0,0.08653736,0.14811016619205475,0.9921491742134094,0.5826069712638855
YJR009C,YCR055C,0,0.08647777,0.1480884701013565,0.9921491742134094,0.5827071666717529
YCR071C,YKL170W,0,0.08616267,0.14806678891181946,0.9921491742134094,0.5828073620796204
YKL097W-A,YPL121C,0,0.085900046,0.1480451077222824,0.9921491742134094,0.582907497882843
YMR159C,YDL045W-A,0,0.08568004,0.14802342653274536,0.9921491742134094,0.5830076932907104
YMR306W,YOR076C,0,0.0843174,0.1480017602443695,0.9921491742134094,0.5831078886985779
YGR038C-A,YKR035W-A,0,0.084060326,0.14798009395599365,0.9921491742134094,0.5832080841064453
YLR320W,YKR068C,0,0.083293185,0.147958442568779,0.9921491742134094,0.5833082795143127
YDR034C-D,YLR029C,0,0.08274295,0.14793679118156433,0.9921491742134094,0.5834084749221802
YML009C,YDR258C,0,0.08267765,0.14791513979434967,0.9921491742134094,0.5835086703300476
YOL005C,YGL237C,0,0.08239643,0.1478935033082962,0.9921491742134094,0.583608865737915
YPR137C-B,YNR044W,0,0.08144186,0.14787186682224274,0.9921491742134094,0.5837090611457825
YHL027W,YGR062C,0,0.08078684,0.14785024523735046,0.9921491742134094,0.5838092565536499
YER056C-A,YLR045C,0,0.08063986,0.1478286236524582,0.9921491742134094,0.5839094519615173
YCL063W,YPR081C,0,0.08055686,0.1478070169687271,0.9921491742134094,0.5840096473693848
YPL048W,YOR245C,0,0.07804407,0.14778541028499603,0.9921491742134094,0.5841097831726074
YHR039C-B,YGL046W,0,0.07801904,0.14776381850242615,0.9921491742134094,0.5842099785804749
YDL204W,YPL113C,0,0.077455014,0.14774221181869507,0.9921491742134094,0.5843101739883423
YCL062W,YHL018W,0,0.0769629,0.14772063493728638,0.9921491742134094,0.5844103693962097
YOR089C,YBL042C,0,0.076147355,0.1476990431547165,0.9921491742134094,0.5845105648040771
YDR088C,YMR045C,0,0.075126424,0.147677481174469,0.9921491742134094,0.5846107602119446
YDR530C,YDR117C,0,0.07351276,0.1476559042930603,0.9921491742134094,0.584710955619812
YOR291W,YFR031C,0,0.073377885,0.1476343423128128,0.9921491742134094,0.5848111510276794
YCR053W,YMR130W,0,0.07232346,0.1476127952337265,0.9921491742134094,0.5849113464355469
YNL079C,YEL064C,0,0.07199642,0.1475912481546402,0.9921491742134094,0.5850115418434143
YBL085W,YGR203W,0,0.071858704,0.1475697010755539,0.9921491742134094,0.5851117372512817
YDR119W,YDR316W-A,0,0.07110471,0.1475481539964676,0.9921491742134094,0.5852118730545044
YPL268W,YJR105W,0,0.070803806,0.14752663671970367,0.9921491742134094,0.5853120684623718
YPR137W,YER070W,0,0.07067785,0.14750510454177856,0.9921491742134094,0.5854122638702393
YGL060W,YPR158C-C,0,0.07025331,0.14748358726501465,0.9921491742134094,0.5855124592781067
YMR087W,YPL257W-B,0,0.06995834,0.14746206998825073,0.9921491742134094,0.5856126546859741
YDL140C,YHR083W,0,0.06968062,0.147440567612648,0.9921491742134094,0.5857128500938416
YEL015W,YCR055C,0,0.06960194,0.1474190652370453,0.9921491742134094,0.585813045501709
YDR034C-D,YNL075W,0,0.0691372,0.14739757776260376,0.9921491742134094,0.5859132409095764
YOR237W,YGR033C,0,0.06750634,0.14737609028816223,0.9921491742134094,0.5860134363174438
YMR077C,YPR152C,0,0.06678294,0.1473546177148819,0.9921491742134094,0.5861136317253113
YMR160W,YFL003C,0,0.06624398,0.14733314514160156,0.9921491742134094,0.5862138271331787
YPR200C,YJL101C,0,0.06525326,0.14731167256832123,0.9921491742134094,0.5863140225410461
YER137C-A,YLR421C,0,0.06466096,0.1472902148962021,0.9921491742134094,0.5864141583442688
YHR056C,YPL087W,0,0.0642895,0.14726875722408295,0.9921491742134094,0.5865143537521362
YJL063C,YLR110C,0,0.06420108,0.1472472995519638,0.9921491742134094,0.5866145491600037
YOR315W,YML112W,0,0.06404043,0.14722585678100586,0.9921491742134094,0.5867147445678711
YLR066W,YOR240W,0,0.063936785,0.1472044289112091,0.9921491742134094,0.5868149399757385
YDR093W,YGR070W,0,0.06377185,0.14718300104141235,0.9921491742134094,0.586915135383606
YBR097W,YGR188C,0,0.063571274,0.1471615731716156,0.9921491742134094,0.5870153307914734
YDL101C,YBR271W,0,0.06339069,0.14714016020298004,0.9921491742134094,0.5871155261993408
YBL066C,YPR191W,0,0.061741948,0.14711874723434448,0.9921491742134094,0.5872157216072083
YLR141W,YJR095W,0,0.061676756,0.14709733426570892,0.9921491742134094,0.5873159170150757
YBR275C,YMR218C,0,0.06156435,0.14707593619823456,0.9921491742134094,0.5874161124229431
YNL049C,YLR103C,0,0.061501876,0.1470545381307602,0.9921491742134094,0.5875163078308105
YNL092W,YOR343W-A,0,0.060356084,0.14703315496444702,0.9921491742134094,0.5876164436340332
YLR032W,YOL019W,0,0.05989237,0.14701177179813385,0.9921491742134094,0.5877166390419006
YPL213W,YOR030W,0,0.059774637,0.14699040353298187,0.9921491742134094,0.5878168344497681
YOL052C,YGR089W,0,0.059443362,0.1469690352678299,0.9921491742134094,0.5879170298576355
YNL222W,YPR189W,0,0.059124425,0.14694766700267792,0.9921491742134094,0.5880172252655029
YHL009W-A,YBR217W,0,0.058129504,0.14692631363868713,0.9921491742134094,0.5881174206733704
YDR210C-C,YLR158C,0,0.05774021,0.14690497517585754,0.9921491742134094,0.5882176160812378
YLR410W-B,YGL227W,0,0.057325758,0.14688362181186676,0.9921491742134094,0.5883178114891052
YDR050C,YPR082C,0,0.057152353,0.14686228334903717,0.9921491742134094,0.5884180068969727
YKL175W,YCL003W,0,0.056398597,0.14684095978736877,0.9921491742134094,0.5885182023048401
YLR320W,YLR393W,0,0.05629614,0.14681963622570038,0.9921491742134094,0.5886183977127075
YMR128W,YDR034C-C,0,0.05519481,0.14679831266403198,0.9921491742134094,0.588718593120575
YBR014C,YJR043C,0,0.054782934,0.14677700400352478,0.9921491742134094,0.5888187289237976
YER119C,YOR077W,0,0.054716464,0.14675569534301758,0.9921491742134094,0.588918924331665
YOL120C,YER113C,0,0.0546387,0.14673440158367157,0.9921491742134094,0.5890191197395325
YDR373W,YGL229C,0,0.053649083,0.14671310782432556,0.9921491742134094,0.5891193151473999
YCL060C,YHR081W,0,0.053602245,0.14669181406497955,0.9921491742134094,0.5892195105552673
YOR290C,YBR103W,0,0.05314152,0.14667053520679474,0.9921491742134094,0.5893197059631348
YFR044C,YMR229C,0,0.052693784,0.14664925634860992,0.9921491742134094,0.5894199013710022
YMR203W,YOR284W,0,0.05229273,0.1466279923915863,0.9921491742134094,0.5895200967788696
YBL061C,YOR143C,0,0.052225597,0.14660672843456268,0.9921491742134094,0.5896202921867371
YPR066W,YER087C-B,0,0.051772587,0.14658547937870026,0.9921491742134094,0.5897204875946045
YBR234C,YBR008C,0,0.051707536,0.14656421542167664,0.9921491742134094,0.5898206830024719
YPL281C,YJR147W,0,0.051550485,0.1465429812669754,0.9921491742134094,0.5899208784103394
YNL107W,YPL257W-B,0,0.0506327,0.14652173221111298,0.9921491742134094,0.590021014213562
YCL031C,YLR256W-A,0,0.049182206,0.14650051295757294,0.9921491742134094,0.5901212096214294
YPR030W,YOL090W,0,0.04901541,0.1464792788028717,0.9921491742134094,0.5902214050292969
YOL097C,YAL013W,0,0.04777796,0.14645805954933167,0.9921491742134094,0.5903216004371643
YMR221C,YLL043W,0,0.047648877,0.14643685519695282,0.9921491742134094,0.5904217958450317
YDR400W,YGR163W,0,0.047239162,0.14641563594341278,0.9921491742134094,0.5905219912528992
YLR035C-A,YIR035C,0,0.047109824,0.14639444649219513,0.9921491742134094,0.5906221866607666
YNL207W,YLR391W,0,0.047104076,0.14637324213981628,0.9921491742134094,0.590722382068634
YLR148W,YDR337W,0,0.04680179,0.14635205268859863,0.9921491742134094,0.5908225774765015
YDR261C-C,YOR340C,0,0.04663847,0.14633087813854218,0.9921491742134094,0.5909227728843689
YGL203C,YDR261C-D,0,0.04654145,0.14630968868732452,0.9921491742134094,0.5910229682922363
YOR287C,YLR378C,0,0.04587338,0.14628852903842926,0.9921491742134094,0.5911231637001038
YDR034C-C,YIR035C,0,0.045442987,0.1462673544883728,0.9921491742134094,0.5912232995033264
YEL047C,YOL090W,0,0.045342334,0.14624620974063873,0.9921491742134094,0.5913234949111938
YMR271C,YCR039C,0,0.04367683,0.14622505009174347,0.9921491742134094,0.5914236903190613
YMR200W,YDR146C,0,0.0416341,0.1462039053440094,0.9921491742134094,0.5915238857269287
YMR026C,YAL047C,0,0.041283954,0.14618276059627533,0.9921491742134094,0.5916240811347961
YJR161C,YCL040W,0,0.040983737,0.14616163074970245,0.9921491742134094,0.5917242765426636
YBR026C,YJL155C,0,0.040863574,0.14614050090312958,0.9921491742134094,0.591824471950531
YOR354C,YFR046C,0,0.04035566,0.1461193859577179,0.9921491742134094,0.5919246673583984
YLR309C,YCR080W,0,0.040089853,0.1460982710123062,0.9921491742134094,0.5920248627662659
YJL085W,YDR115W,0,0.03987713,0.14607715606689453,0.9921491742134094,0.5921250581741333
YDR454C,YOR240W,0,0.039295673,0.14605605602264404,0.9921491742134094,0.5922252535820007
YFL014W,YER042W,0,0.038885504,0.14603495597839355,0.9921491742134094,0.5923253893852234
YDR508C,YLL045C,0,0.03863302,0.14601387083530426,0.9921491742134094,0.5924255847930908
YOR066W,YER002W,0,0.038481086,0.14599278569221497,0.9921491742134094,0.5925257802009583
YOL090W,YGR188C,0,0.03824312,0.14597170054912567,0.9921491742134094,0.5926259756088257
YBR216C,YER027C,0,0.038111247,0.14595063030719757,0.9921491742134094,0.5927261710166931
YDR047W,YDR379W,0,0.036262266,0.14592956006526947,0.9921491742134094,0.5928263664245605
YCL060C,YNL281W,0,0.03613151,0.14590850472450256,0.9921491742134094,0.592926561832428
YML097C,YOR022C,0,0.036006525,0.14588744938373566,0.9921491742134094,0.5930267572402954
YDR141C,YOR057W,0,0.035130635,0.14586639404296875,0.9921491742134094,0.5931269526481628
YDR054C,YBL054W,0,0.03408441,0.14584535360336304,0.9921491742134094,0.5932271480560303
YPL103C,YNL229C,0,0.033169225,0.14582431316375732,0.9921491742134094,0.5933273434638977
YDR191W,YBR201W,0,0.033092476,0.1458032876253128,0.9921491742134094,0.5934275388717651
YKL021C,YJL145W,0,0.03064473,0.1457822620868683,0.9921491742134094,0.5935276746749878
YBR203W,YHR183W,0,0.027863473,0.14576125144958496,0.9921491742134094,0.5936278700828552
YDR330W,YFL029C,0,0.02582699,0.14574024081230164,0.9921491742134094,0.5937280654907227
YFL054C,YGR049W,0,0.025584713,0.1457192301750183,0.9921491742134094,0.5938282608985901
YBL003C,YPL242C,0,0.024180174,0.14569823443889618,0.9921491742134094,0.5939284563064575
YLR176C,YAL035W,0,0.024114437,0.14567723870277405,0.9921491742134094,0.594028651714325
YAL016W,YHL027W,0,0.023691468,0.14565624296665192,0.9921491742134094,0.5941288471221924
YDR058C,YGL256W,0,0.022608481,0.14563526213169098,0.9921491742134094,0.5942290425300598
YGR026W,YBL101W-A,0,0.022462055,0.14561428129673004,0.9921491742134094,0.5943292379379272
YLR256W-A,YPR098C,0,0.022396758,0.1455933153629303,0.9921491742134094,0.5944294333457947
YHR152W,YLR157C-A,0,0.021886088,0.14557234942913055,0.9921491742134094,0.5945296287536621
YHR079C,YOR284W,0,0.021811165,0.145551398396492,0.9921491742134094,0.5946298241615295
YKR080W,YBR166C,0,0.020606697,0.14553044736385345,0.9921491742134094,0.5947299599647522
YMR112C,YHR188C,0,0.020427614,0.1455094963312149,0.9921491742134094,0.5948301553726196
YDR457W,YOR120W,0,0.020283759,0.14548856019973755,0.9921491742134094,0.5949303507804871
YML129C,YPL181W,0,0.020193897,0.1454676240682602,0.9921491742134094,0.5950305461883545
YJL170C,YBL101W-B,0,0.02009298,0.14544670283794403,0.9921491742134094,0.5951307415962219
YNL098C,YOL157C,0,0.019670516,0.14542578160762787,0.9921491742134094,0.5952309370040894
YNL259C,YBR294W,0,0.018267952,0.1454048603773117,0.9921491742134094,0.5953311324119568
YNL112W,YCR071C,0,0.018092036,0.14538395404815674,0.9921491742134094,0.5954313278198242
YGL020C,YPL050C,0,0.017964303,0.14536304771900177,0.9921491742134094,0.5955315232276917
YGR014W,YLR266C,0,0.017770663,0.145342156291008,0.9921491742134094,0.5956317186355591
YML014W,YLR133W,0,0.017325357,0.14532126486301422,0.9921491742134094,0.5957319140434265
YOR140W,YLR446W,0,0.01695288,0.14530037343502045,0.9921491742134094,0.595832109451294
YDR113C,YDR186C,0,0.015539929,0.14527949690818787,0.9921491742134094,0.5959322452545166
YDR141C,YEL053C,0,0.015146948,0.14525862038135529,0.9921491742134094,0.596032440662384
YOL145C,YGR027W-B,0,0.014700234,0.1452377587556839,0.9921491742134094,0.5961326360702515
YLR047C,YMR319C,0,0.014400646,0.1452168971300125,0.9921491742134094,0.5962328314781189
YPR096C,YPL237W,0,0.013757631,0.14519603550434113,0.9921491742134094,0.5963330268859863
YLL013C,YDR365W-B,0,0.013429582,0.14517518877983093,0.9921491742134094,0.5964332222938538
YDR461W,YNL070W,0,0.012895308,0.14515434205532074,0.9921491742134094,0.5965334177017212
YBR092C,YDR320C,0,0.012807094,0.14513351023197174,0.9921491742134094,0.5966336131095886
YGL038C,YKR039W,0,0.012446225,0.14511267840862274,0.9921491742134094,0.596733808517456
YDL121C,YDR225W,0,0.011879675,0.14509184658527374,0.9921491742134094,0.5968340039253235
YKR086W,YDL120W,0,0.011574879,0.14507102966308594,0.9921491742134094,0.5969341993331909
YKR062W,YBR039W,0,0.011566229,0.14505021274089813,0.9921491742134094,0.5970343947410583
YFL002W-A,YPR158W-A,0,0.011151619,0.14502941071987152,0.9921491742134094,0.597134530544281
YOL056W,YBL091C-A,0,0.010869175,0.1450086086988449,0.9921491742134094,0.5972347259521484
YJR013W,YOR228C,0,0.0104185045,0.1449878066778183,0.9921491742134094,0.5973349213600159
YCR012W,YNL314W,0,0.01012636,0.14496701955795288,0.9921491742134094,0.5974351167678833
YEL003W,YLR129W,0,0.010067835,0.14494623243808746,0.9921491742134094,0.5975353121757507
YDR404C,YER002W,0,0.009360522,0.14492546021938324,0.9921491742134094,0.5976355075836182
YDR229W,YLR307W,0,0.007913068,0.14490468800067902,0.9921491742134094,0.5977357029914856
YGL011C,YDL213C,0,0.007104665,0.1448839157819748,0.9921491742134094,0.597835898399353
YDL166C,YOL111C,0,0.0070678964,0.14486315846443176,0.9921491742134094,0.5979360938072205
YLR228C,YPR158W-A,0,0.0067694336,0.14484240114688873,0.9921491742134094,0.5980362892150879
YMR004W,YML118W,0,0.0062064677,0.1448216587305069,0.9921491742134094,0.5981364846229553
YGL224C,YPR073C,0,0.0061920583,0.14480091631412506,0.9921491742134094,0.598236620426178
YOL044W,YDR496C,0,0.0050433427,0.14478017389774323,0.9921491742134094,0.5983368158340454
YBL002W,YML109W,0,0.00463666,0.14475944638252258,0.9921491742134094,0.5984370112419128
YOR362C,YLR305C,0,0.0046355873,0.14473871886730194,0.9921491742134094,0.5985372066497803
YIL082W-A,YMR227C,0,0.004345387,0.1447180062532425,0.9921491742134094,0.5986374020576477
YCR008W,YDR450W,0,0.0039126426,0.14469729363918304,0.9921491742134094,0.5987375974655151
YNL054W-B,YLR275W,0,0.0027491897,0.1446765810251236,0.9921491742134094,0.5988377928733826
YKL096W,YKL028W,0,0.0009954274,0.14465588331222534,0.9921491742134094,0.59893798828125
YCL018W,YJL014W,0,-0.00033115596,0.14463520050048828,0.9921491742134094,0.5990381836891174
YBR004C,YAL005C,0,-0.0019835979,0.14461450278759003,0.9921491742134094,0.5991383790969849
YAL032C,YDL110C,0,-0.0020470917,0.14459381997585297,0.9921491742134094,0.5992385745048523
YGR074W,YKR035W-A,0,-0.002266407,0.1445731371641159,0.9921491742134094,0.5993387699127197
YPL149W,YJL143W,0,-0.00364694,0.14455246925354004,0.9921491742134094,0.5994389057159424
YBR291C,YJR130C,0,-0.0048330575,0.14453180134296417,0.9921491742134094,0.5995391011238098
YOR322C,YPR061C,0,-0.0063014776,0.1445111483335495,0.9921491742134094,0.5996392965316772
YER094C,YCR069W,0,-0.006642148,0.14449049532413483,0.9921491742134094,0.5997394919395447
YLR240W,YDR116C,0,-0.0070308372,0.14446984231472015,0.9921491742134094,0.5998396873474121
YPR061C,YBR042C,0,-0.0072573125,0.14444920420646667,0.9921491742134094,0.5999398827552795
YLR027C,YJR010W,0,-0.008402705,0.1444285660982132,0.9921491742134094,0.600040078163147
YPL257W-A,YMR285C,0,-0.008411929,0.1444079428911209,0.9921491742134094,0.6001402735710144
YDL092W,YOR076C,0,-0.008654334,0.14438731968402863,0.9921491742134094,0.6002404689788818
YOL019W,YOL094C,0,-0.008765131,0.14436669647693634,0.9921491742134094,0.6003406643867493
YGR284C,YPL087W,0,-0.008855715,0.14434608817100525,0.9921491742134094,0.6004408597946167
YOL100W,YDL112W,0,-0.008957148,0.14432547986507416,0.9921491742134094,0.6005410552024841
YNL047C,YNL049C,0,-0.009016775,0.14430488646030426,0.9921491742134094,0.6006411910057068
YER164W,YCR097WB,0,-0.009624317,0.14428429305553436,0.9921491742134094,0.6007413864135742
YGR124W,YDR261C-D,0,-0.009643428,0.14426369965076447,0.9921491742134094,0.6008415818214417
YDL205C,YBR214W,0,-0.0098418,0.14424312114715576,0.9921491742134094,0.6009417772293091
YJL178C,YJL210W,0,-0.010017842,0.14422254264354706,0.9921491742134094,0.6010419726371765
YFL010W-A,YDL133C-A,0,-0.01012446,0.14420196413993835,0.9921491742134094,0.601142168045044
YFR029W,YBR205W,0,-0.010134041,0.14418140053749084,0.9921491742134094,0.6012423634529114
YIL072W,YBL101W-B,0,-0.010322817,0.14416083693504333,0.9921491742134094,0.6013425588607788
YML104C,YDL214C,0,-0.011212781,0.14414028823375702,0.9921491742134094,0.6014427542686462
YEL036C,YCL003W,0,-0.011588082,0.1441197395324707,0.9921491742134094,0.6015429496765137
YDR210C-C,YGR038C-B,0,-0.011736691,0.14409920573234558,0.9921491742134094,0.6016431450843811
YCL057C-A,YLR266C,0,-0.011852428,0.14407867193222046,0.9921491742134094,0.6017433404922485
YHR124W,YPL011C,0,-0.012078464,0.14405813813209534,0.9921491742134094,0.6018434762954712
YLR467W,YDR540C,0,-0.012204841,0.1440376192331314,0.9921491742134094,0.6019436717033386
YBR073W,YMR098C,0,-0.01317054,0.14401710033416748,0.9921491742134094,0.602043867111206
YGR009C,YOL071W,0,-0.013995573,0.14399658143520355,0.9921491742134094,0.6021440625190735
YMR256C,YMR176W,0,-0.0141559765,0.14397607743740082,0.9921491742134094,0.6022442579269409
YMR244C-A,YNL107W,0,-0.014611274,0.14395557343959808,0.9921491742134094,0.6023444533348083
YCL031C,YIL080W,0,-0.014649086,0.14393508434295654,0.9921491742134094,0.6024446487426758
YBR234C,YDR210C-C,0,-0.014739133,0.143914595246315,0.9921491742134094,0.6025448441505432
YDR498C,YKR065C,0,-0.01514522,0.14389410614967346,0.9921491742134094,0.6026450395584106
YJL019W,YPL257W-A,0,-0.015250146,0.14387363195419312,0.9921491742134094,0.6027452349662781
YER094C,YML026C,0,-0.015478678,0.14385315775871277,0.9921491742134094,0.6028454303741455
YMR202W,YJL140W,0,-0.0155920535,0.14383269846439362,0.9921491742134094,0.6029456257820129
YJL036W,YOL107W,0,-0.016473323,0.14381223917007446,0.9921491742134094,0.6030457615852356
YKL109W,YDR382W,0,-0.017321743,0.1437917798757553,0.9921491742134094,0.603145956993103
YPR016C,YDR432W,0,-0.018069431,0.14377133548259735,0.9921491742134094,0.6032461524009705
YKL020C,YML027W,0,-0.018081129,0.1437508910894394,0.9921491742134094,0.6033463478088379
YNL268W,YER090W,0,-0.018435486,0.14373044669628143,0.9921491742134094,0.6034465432167053
YOR234C,YNL264C,0,-0.018638656,0.14371001720428467,0.9921491742134094,0.6035467386245728
YGR027W-A,YNL027W,0,-0.018894948,0.1436896026134491,0.9921491742134094,0.6036469340324402
YPR158C-C,YHR091C,0,-0.019636974,0.14366917312145233,0.9921491742134094,0.6037471294403076
YGR023W,YNL039W,0,-0.019827545,0.14364875853061676,0.9921491742134094,0.603847324848175
YGR023W,YNL117W,0,-0.020196736,0.14362835884094238,0.9921491742134094,0.6039475202560425
YDR363W,YOR176W,0,-0.020239003,0.143607959151268,0.9921491742134094,0.6040477156639099
YDL236W,YJR029W,0,-0.020307377,0.14358755946159363,0.9921491742134094,0.6041478514671326
YLL015W,YGL175C,0,-0.021217242,0.14356717467308044,0.9921491742134094,0.604248046875
YDR480W,YHR018C,0,-0.021486662,0.14354678988456726,0.9921491742134094,0.6043482422828674
YPR103W,YOL004W,0,-0.02256181,0.14352640509605408,0.9921491742134094,0.6044484376907349
YPL104W,YPL153C,0,-0.02415514,0.1435060352087021,0.9921491742134094,0.6045486330986023
YHR042W,YHL009W-A,0,-0.024672382,0.1434856653213501,0.9921491742134094,0.6046488285064697
YPL094C,YDR210W-B,0,-0.025821313,0.1434653103351593,0.9921491742134094,0.6047490239143372
YLR014C,YOR232W,0,-0.0260773,0.1434449553489685,0.9921491742134094,0.6048492193222046
YOR142W-B,YMR152W,0,-0.027040467,0.1434246003627777,0.9921491742134094,0.604949414730072
YDL178W,YML129C,0,-0.027744487,0.1434042602777481,0.9921491742134094,0.6050496101379395
YLR089C,YBR009C,0,-0.027814105,0.1433839201927185,0.9921491742134094,0.6051498055458069
YLR419W,YOR017W,0,-0.027838007,0.1433635801076889,0.9921491742134094,0.6052500009536743
YJR044C,YBR126C,0,-0.028270707,0.1433432549238205,0.9921491742134094,0.605350136756897
YOR329C,YOR339C,0,-0.028782383,0.14332294464111328,0.9921491742134094,0.6054503321647644
YLR325C,YHL018W,0,-0.029042244,0.14330261945724487,0.9921491742134094,0.6055505275726318
YIL095W,YNL206C,0,-0.029284522,0.14328230917453766,0.9921491742134094,0.6056507229804993
YAL001C,YGR285C,0,-0.02979882,0.14326201379299164,0.9921491742134094,0.6057509183883667
YNL323W,YDL193W,0,-0.030197397,0.14324171841144562,0.9921491742134094,0.6058511137962341
YIL078W,YCR055C,0,-0.031047463,0.1432214230298996,0.9921491742134094,0.6059513092041016
YDR410C,YJR147W,0,-0.03156604,0.14320112764835358,0.9921491742134094,0.606051504611969
YGR109W-B,YMR014W,0,-0.031663463,0.14318084716796875,0.9921491742134094,0.6061517000198364
YJL060W,YNR056C,0,-0.032203525,0.14316058158874512,0.9921491742134094,0.6062518954277039
YMR180C,YLL005C,0,-0.032207325,0.14314031600952148,0.9921491742134094,0.6063520908355713
YGR058W,YAL061W,0,-0.032222137,0.14312005043029785,0.9921491742134094,0.6064522862434387
YPL202C,YLR337W,0,-0.03280942,0.14309978485107422,0.9921491742134094,0.6065524220466614
YDL006W,YAL053W,0,-0.032964334,0.14307953417301178,0.9921491742134094,0.6066526174545288
YDL136W,YHR167W,0,-0.033250973,0.14305928349494934,0.9921491742134094,0.6067528128623962
YCR071C,YKL028W,0,-0.034213334,0.1430390477180481,0.9921491742134094,0.6068530082702637
YBL022C,YNL015W,0,-0.03522554,0.14301881194114685,0.9921491742134094,0.6069532036781311
YNL039W,YBR037C,0,-0.035473898,0.1429985910654068,0.9921491742134094,0.6070533990859985
YDR166C,YCR080W,0,-0.03556326,0.14297835528850555,0.9921491742134094,0.607153594493866
YBL002W,YMR099C,0,-0.035639226,0.1429581493139267,0.9921491742134094,0.6072537899017334
YHL036W,YGL068W,0,-0.03634368,0.14293792843818665,0.9921491742134094,0.6073539853096008
YPL281C,YCL060C,0,-0.037055388,0.1429177224636078,0.9921491742134094,0.6074541807174683
YGR067C,YBR035C,0,-0.03761442,0.14289753139019012,0.9921491742134094,0.6075543761253357
YBR155W,YNL067W,0,-0.03857352,0.14287732541561127,0.9921491742134094,0.6076545715332031
YNL009W,YFL029C,0,-0.039265037,0.1428571492433548,0.9921491742134094,0.6077547073364258
YGR155W,YNL284C,0,-0.039655045,0.14283695816993713,0.9921491742134094,0.6078549027442932
YDR074W,YLL023C,0,-0.039749607,0.14281678199768066,0.9921491742134094,0.6079550981521606
YPR102C,YKR024C,0,-0.041640818,0.1427966058254242,0.9921491742134094,0.6080552935600281
YOR096W,YOR028C,0,-0.041666746,0.14277644455432892,0.9921491742134094,0.6081554889678955
YPL249C-A,YDL202W,0,-0.04207322,0.14275628328323364,0.9921491742134094,0.6082556843757629
YLR207W,YLR446W,0,-0.04258597,0.14273612201213837,0.9921491742134094,0.6083558797836304
YGL048C,YBR276C,0,-0.043515146,0.14271597564220428,0.9921491742134094,0.6084560751914978
YKR068C,YCR097WB,0,-0.043640807,0.1426958292722702,0.9921491742134094,0.6085562705993652
YMR197C,YGL010W,0,-0.04482566,0.14267569780349731,0.9921491742134094,0.6086564660072327
YDL079C,YGR123C,0,-0.04509546,0.14265556633472443,0.9921491742134094,0.6087566614151001
YPL037C,YGL201C,0,-0.045293704,0.14263543486595154,0.9921491742134094,0.6088568568229675
YPR158C-D,YDL058W,0,-0.04558797,0.14261531829833984,0.9921491742134094,0.6089569926261902
YFL002W-A,YOR391C,0,-0.046433434,0.14259520173072815,0.9921491742134094,0.6090571880340576
YLL052C,YDR354W,0,-0.046920344,0.14257510006427765,0.9921491742134094,0.609157383441925
YMR193W,YAL042W,0,-0.04765083,0.14255499839782715,0.9921491742134094,0.6092575788497925
YDR156W,YNL330C,0,-0.04858966,0.14253489673137665,0.9921491742134094,0.6093577742576599
YCL004W,YDR012W,0,-0.048873767,0.14251479506492615,0.9921491742134094,0.6094579696655273
YOL129W,YNL015W,0,-0.0489489,0.14249470829963684,0.9921491742134094,0.6095581650733948
YDR033W,YJL159W,0,-0.049015447,0.14247463643550873,0.9921491742134094,0.6096583604812622
YCR014C,YER030W,0,-0.04949209,0.14245456457138062,0.9921491742134094,0.6097585558891296
YDR408C,YCR026C,0,-0.049795285,0.1424344927072525,0.9921491742134094,0.6098587512969971
YGR222W,YPL065W,0,-0.05047269,0.1424144208431244,0.9921491742134094,0.6099589467048645
YMR301C,YDL010W,0,-0.0505514,0.14239436388015747,0.9921491742134094,0.6100591421127319
YHR023W,YAL013W,0,-0.05268289,0.14237430691719055,0.9921491742134094,0.6101592779159546
YHR039C-B,YJL020C,0,-0.054504886,0.14235426485538483,0.9921491742134094,0.610259473323822
YPR072W,YER087W,0,-0.054722577,0.1423342227935791,0.9921491742134094,0.6103596687316895
YDR481C,YPR165W,0,-0.054730743,0.14231419563293457,0.9921491742134094,0.6104598641395569
YGL147C,YGR145W,0,-0.056332752,0.14229415357112885,0.9921491742134094,0.6105600595474243
YER082C,YML001W,0,-0.057040796,0.1422741413116455,0.9921491742134094,0.6106602549552917
YDR369C,YIR021W,0,-0.057782263,0.14225411415100098,0.9921491742134094,0.6107604503631592
YHR043C,YLR410W,0,-0.057970986,0.14223410189151764,0.9921491742134094,0.6108606457710266
YJL113W,YHR039C,0,-0.05799429,0.1422140896320343,0.9921491742134094,0.610960841178894
YIL065C,YNL301C,0,-0.058079496,0.14219409227371216,0.9921491742134094,0.6110610365867615
YCL047C,YOL038W,0,-0.058334082,0.14217409491539001,0.9921491742134094,0.6111612319946289
YNL270C,YGR068C,0,-0.058743358,0.14215411245822906,0.9921491742134094,0.6112613677978516
YGR008C,YAL058W,0,-0.058753923,0.14213411509990692,0.9921491742134094,0.611361563205719
YLL001W,YNL021W,0,-0.059555933,0.14211414754390717,0.9921491742134094,0.6114617586135864
YHR039C-B,YHR167W,0,-0.06014946,0.14209416508674622,0.9921491742134094,0.6115619540214539
YGL071W,YPL065W,0,-0.0613994,0.14207419753074646,0.9921491742134094,0.6116621494293213
YLR350W,YGL153W,0,-0.061496064,0.1420542299747467,0.9921491742134094,0.6117623448371887
YKL003C,YER113C,0,-0.06171386,0.14203427731990814,0.9921491742134094,0.6118625402450562
YER006W,YPL132W,0,-0.061965182,0.14201432466506958,0.9921491742134094,0.6119627356529236
YNL290W,YLR394W,0,-0.062786445,0.1419943869113922,0.9921491742134094,0.612062931060791
YLR378C,YHR128W,0,-0.0629773,0.14197444915771484,0.9921491742134094,0.6121631264686584
YDR067C,YER018C,0,-0.06340213,0.14195451140403748,0.9921491742134094,0.6122633218765259
YGL062W,YGR247W,0,-0.063639686,0.1419345736503601,0.9921491742134094,0.6123635172843933
YNR072W,YLR135W,0,-0.06404032,0.14191465079784393,0.9921491742134094,0.612463653087616
YHL008C,YDR297W,0,-0.06426217,0.14189474284648895,0.9921491742134094,0.6125638484954834
YLR386W,YIL129C,0,-0.064364165,0.14187481999397278,0.9921491742134094,0.6126640439033508
YHR187W,YMR056C,0,-0.06449382,0.1418549120426178,0.9921491742134094,0.6127642393112183
YGR010W,YPL204W,0,-0.06673254,0.141835018992424,0.9921491742134094,0.6128644347190857
YHR172W,YER131W,0,-0.06688073,0.14181512594223022,0.9921491742134094,0.6129646301269531
YFR003C,YPR189W,0,-0.06748964,0.14179523289203644,0.9921491742134094,0.6130648255348206
YMR303C,YIL035C,0,-0.06759426,0.14177533984184265,0.9921491742134094,0.613165020942688
YFR042W,YBL101W-B,0,-0.068315774,0.14175546169281006,0.9921491742134094,0.6132652163505554
YHR112C,YJL176C,0,-0.068330795,0.14173559844493866,0.9921491742134094,0.6133654117584229
YMR300C,YBR160W,0,-0.06835775,0.14171572029590607,0.9921491742134094,0.6134656071662903
YOR168W,YDR261C-C,0,-0.06850867,0.14169587194919586,0.9921491742134094,0.6135658025741577
YGL183C,YOR192C-B,0,-0.069460884,0.14167600870132446,0.9921491742134094,0.6136659383773804
YNL072W,YDR402C,0,-0.0696947,0.14165616035461426,0.9921491742134094,0.6137661337852478
YFR052W,YER052C,0,-0.069900945,0.14163631200790405,0.9921491742134094,0.6138663291931152
YOL005C,YJR121W,0,-0.07037006,0.14161647856235504,0.9921491742134094,0.6139665246009827
YCL062W,YDR371W,0,-0.07091685,0.14159664511680603,0.9921491742134094,0.6140667200088501
YCL062W,YBR260C,0,-0.07139416,0.14157681167125702,0.9921491742134094,0.6141669154167175
YDR240C,YGR088W,0,-0.07144432,0.1415569931268692,0.9921491742134094,0.614267110824585
YFL002W-B,YKL028W,0,-0.07336262,0.14153717458248138,0.9921491742134094,0.6143673062324524
YBR291C,YPL236C,0,-0.0734355,0.14151735603809357,0.9921491742134094,0.6144675016403198
YOR246C,YDR494W,0,-0.073587984,0.14149755239486694,0.9921491742134094,0.6145676970481873
YJL128C,YOL038W,0,-0.07464762,0.14147774875164032,0.9921491742134094,0.6146678924560547
YGR087C,YGR049W,0,-0.075062245,0.1414579600095749,0.9921491742134094,0.6147680878639221
YLR256W,YOR176W,0,-0.076052144,0.14143817126750946,0.9921491742134094,0.6148682236671448
YDR131C,YIL063C,0,-0.07800387,0.14141838252544403,0.9921491742134094,0.6149684190750122
YOR126C,YBL101W-A,0,-0.07977858,0.1413986086845398,0.9921491742134094,0.6150686144828796
YLR051C,YBR244W,0,-0.07988982,0.14137883484363556,0.9921491742134094,0.6151688098907471
YPR124W,YLR307W,0,-0.0799261,0.14135906100273132,0.9921491742134094,0.6152690052986145
YDR082W,YJL101C,0,-0.07995795,0.14133930206298828,0.9921491742134094,0.6153692007064819
YMR172W,YJR077C,0,-0.079991594,0.14131954312324524,0.9921491742134094,0.6154693961143494
YBR234C,YLR447C,0,-0.08000462,0.1412997841835022,0.9921491742134094,0.6155695915222168
YEL009C,YKR090W,0,-0.080676004,0.14128004014492035,0.9921491742134094,0.6156697869300842
YDR191W,YCL060C,0,-0.08079429,0.1412603110074997,0.9921491742134094,0.6157699823379517
YNL154C,YGL161C,0,-0.08186318,0.14124056696891785,0.9921491742134094,0.6158701777458191
YOL138C,YGL032C,0,-0.08266626,0.1412208378314972,0.9921491742134094,0.6159703731536865
YJL158C,YPR065W,0,-0.08336842,0.14120112359523773,0.9921491742134094,0.6160705089569092
YER159C-A,YJL176C,0,-0.08355296,0.14118139445781708,0.9921491742134094,0.6161707043647766
YEL056W,YOR124C,0,-0.08374956,0.14116168022155762,0.9921491742134094,0.616270899772644
YOR298C-A,YGR152C,0,-0.085063756,0.14114198088645935,0.9921491742134094,0.6163710951805115
YDR266C,YPR049C,0,-0.08520982,0.14112228155136108,0.9921491742134094,0.6164712905883789
YLR157C-A,YOR178C,0,-0.08567068,0.14110258221626282,0.9921491742134094,0.6165714859962463
YIL110W,YFL057C,0,-0.085847765,0.14108289778232574,0.9921491742134094,0.6166716814041138
YGL100W,YDR055W,0,-0.08616947,0.14106321334838867,0.9921491742134094,0.6167718768119812
YPL164C,YGR152C,0,-0.08724916,0.1410435289144516,0.9921491742134094,0.6168720722198486
YNL047C,YDL222C,0,-0.08880223,0.14102385938167572,0.9921491742134094,0.6169722676277161
YHR004C,YBR273C,0,-0.08955939,0.14100418984889984,0.9921491742134094,0.6170724630355835
YBR222C,YML091C,0,-0.0896558,0.14098452031612396,0.9921491742134094,0.6171725988388062
YNL166C,YDR207C,0,-0.08972305,0.14096486568450928,0.9921491742134094,0.6172727942466736
YHR039C-A,YBR118W,0,-0.09003864,0.1409452110528946,0.9921491742134094,0.617372989654541
YMR176W,YLR301W,0,-0.09037408,0.1409255713224411,0.9921491742134094,0.6174731850624084
YAR007C,YKL140W,0,-0.09083937,0.14090591669082642,0.9921491742134094,0.6175733804702759
YHR025W,YPR204W,0,-0.09144227,0.14088629186153412,0.9921491742134094,0.6176735758781433
YOL080C,YDR402C,0,-0.09178823,0.14086665213108063,0.9921491742134094,0.6177737712860107
YBR104W,YCR010C,0,-0.091871396,0.14084702730178833,0.9921491742134094,0.6178739666938782
YBL082C,YLR172C,0,-0.09261078,0.14082741737365723,0.9921491742134094,0.6179741621017456
YHR152W,YBL106C,0,-0.0939538,0.14080779254436493,0.9921491742134094,0.618074357509613
YLR207W,YML025C,0,-0.094304845,0.14078819751739502,0.9921491742134094,0.6181745529174805
YGL222C,YER012W,0,-0.09462474,0.14076858758926392,0.9921491742134094,0.6182747483253479
YHR084W,YJL052W,0,-0.095111266,0.140748992562294,0.9921491742134094,0.6183748841285706
YGR261C,YDL055C,0,-0.095181644,0.1407293975353241,0.9921491742134094,0.618475079536438
YOL005C,YBL101W-B,0,-0.095436946,0.14070981740951538,0.9921491742134094,0.6185752749443054
YDR382W,YGL134W,0,-0.09613851,0.14069023728370667,0.9921491742134094,0.6186754703521729
YMR244C-A,YBR176W,0,-0.09667051,0.14067065715789795,0.9921491742134094,0.6187756657600403
YPR137C-A,YOR332W,0,-0.096773475,0.14065109193325043,0.9921491742134094,0.6188758611679077
YDR454C,YGR038C-B,0,-0.0969014,0.1406315267086029,0.9921491742134094,0.6189760565757751
YGR162W,YOR240W,0,-0.09738244,0.14061196148395538,0.9921491742134094,0.6190762519836426
YDR436W,YJR119C,0,-0.09751974,0.14059241116046906,0.9921491742134094,0.61917644739151
YPL092W,YGR161W-B,0,-0.098438516,0.14057286083698273,0.9921491742134094,0.6192766427993774
YOR168W,YNL122C,0,-0.1000637,0.1405533105134964,0.9921491742134094,0.6193768382072449
YGL086W,YML039W,0,-0.1003959,0.14053377509117126,0.9921491742134094,0.6194770336151123
YER114C,YDR026C,0,-0.10041511,0.14051423966884613,0.9921491742134094,0.619577169418335
YGL166W,YOR099W,0,-0.10160957,0.1404947191476822,0.9921491742134094,0.6196773648262024
YGL162W,YIL023C,0,-0.10190059,0.14047519862651825,0.9921491742134094,0.6197775602340698
YHL009W-A,YPL047W,0,-0.10191466,0.1404556781053543,0.9921491742134094,0.6198777556419373
YKL091C,YOR037W,0,-0.10239835,0.14043617248535156,0.9921491742134094,0.6199779510498047
YBR095C,YPL060W,0,-0.10296653,0.14041666686534882,0.9921491742134094,0.6200781464576721
YGL185C,YBR297W,0,-0.10334289,0.14039716124534607,0.9921491742134094,0.6201783418655396
YOR234C,YDR331W,0,-0.1040616,0.14037767052650452,0.9921491742134094,0.620278537273407
YNL306W,YJL158C,0,-0.10430679,0.14035817980766296,0.9921491742134094,0.6203787326812744
YMR169C,YHR104W,0,-0.10467042,0.1403387039899826,0.9921491742134094,0.6204789280891418
YER147C,YPL236C,0,-0.10491416,0.14031922817230225,0.9921491742134094,0.6205791234970093
YNR035C,YNL185C,0,-0.10540733,0.1402997523546219,0.9921491742134094,0.6206793189048767
YMR039C,YLR391W,0,-0.10601507,0.14028027653694153,0.9921491742134094,0.6207794547080994
YLR356W,YNL122C,0,-0.10622263,0.14026081562042236,0.9921491742134094,0.6208796501159668
YNL101W,YDR208W,0,-0.10654162,0.1402413696050644,0.9921491742134094,0.6209798455238342
YMR079W,YHR029C,0,-0.10658632,0.14022190868854523,0.9921491742134094,0.6210800409317017
YGR090W,YBR243C,0,-0.10660224,0.14020246267318726,0.9921491742134094,0.6211802363395691
YHR066W,YBR297W,0,-0.10678074,0.14018303155899048,0.9921491742134094,0.6212804317474365
YPL218W,YDR496C,0,-0.10796565,0.1401636004447937,0.9921491742134094,0.621380627155304
YGL023C,YMR097C,0,-0.108057454,0.14014416933059692,0.9921491742134094,0.6214808225631714
YKL071W,YJR152W,0,-0.10918547,0.14012473821640015,0.9921491742134094,0.6215810179710388
YJL148W,YBR105C,0,-0.10963337,0.14010532200336456,0.9921491742134094,0.6216812133789062
YDR180W,YDL055C,0,-0.10975589,0.14008590579032898,0.9921491742134094,0.6217814087867737
YPL271W,YGL201C,0,-0.10985689,0.1400665044784546,0.9921491742134094,0.6218816041946411
YHR017W,YMR292W,0,-0.11010657,0.1400471031665802,0.9921491742134094,0.6219817399978638
YFR021W,YHR174W,0,-0.11202142,0.1400277018547058,0.9921491742134094,0.6220819354057312
YDR460W,YDR137W,0,-0.11212796,0.14000831544399261,0.9921491742134094,0.6221821308135986
YBR104W,YNL297C,0,-0.112940714,0.13998892903327942,0.9921491742134094,0.6222823262214661
YLR327C,YJL165C,0,-0.11359328,0.13996954262256622,0.9921491742134094,0.6223825216293335
YER026C,YDL159W,0,-0.114011124,0.13995017111301422,0.9921491742134094,0.6224827170372009
YBR087W,YOR131C,0,-0.11412795,0.13993079960346222,0.9921491742134094,0.6225829124450684
YLR310C,YIL072W,0,-0.11487548,0.13991142809391022,0.9921491742134094,0.6226831078529358
YIL171W,YDL047W,0,-0.11500929,0.1398920714855194,0.9921491742134094,0.6227833032608032
YPL211W,YNR045W,0,-0.11584167,0.1398727148771286,0.9921491742134094,0.6228834986686707
YOR293W,YLR010C,0,-0.11664134,0.139853373169899,0.9921491742134094,0.6229836940765381
YBR200W,YLR035C-A,0,-0.117522374,0.13983403146266937,0.9921491742134094,0.6230838298797607
YGR246C,YCL025C,0,-0.11808829,0.13981468975543976,0.9921491742134094,0.6231840252876282
YDL132W,YPL181W,0,-0.1182106,0.13979534804821014,0.9921491742134094,0.6232842206954956
YPL098C,YDL077C,0,-0.11846553,0.13977602124214172,0.9921491742134094,0.623384416103363
YGL254W,YAR050W,0,-0.11924647,0.1397567093372345,0.9921491742134094,0.6234846115112305
YBR187W,YGR185C,0,-0.11966349,0.13973738253116608,0.9921491742134094,0.6235848069190979
YGL210W,YPL265W,0,-0.12066196,0.13971807062625885,0.9921491742134094,0.6236850023269653
YBR298C,YGL003C,0,-0.12106247,0.13969877362251282,0.9921491742134094,0.6237851977348328
YOL148C,YPL230W,0,-0.121428266,0.13967947661876678,0.9921491742134094,0.6238853931427002
YDL201W,YPR163C,0,-0.12160821,0.13966017961502075,0.9921491742134094,0.6239855885505676
YJL219W,YBR068C,0,-0.12190564,0.13964088261127472,0.9921491742134094,0.6240857839584351
YPL259C,YNR016C,0,-0.12344204,0.13962160050868988,0.9921491742134094,0.6241859793663025
YHR206W,YLR301W,0,-0.123775706,0.13960231840610504,0.9921491742134094,0.6242861151695251
YER162C,YOL128C,0,-0.12453663,0.1395830512046814,0.9921491742134094,0.6243863105773926
YAL013W,YDL236W,0,-0.12511645,0.13956378400325775,0.9921491742134094,0.62448650598526
YDL148C,YNR045W,0,-0.1257222,0.1395445168018341,0.9921491742134094,0.6245867013931274
YPR006C,YML124C,0,-0.12572835,0.13952524960041046,0.9921491742134094,0.6246868968009949
YML025C,YGR152C,0,-0.12660514,0.139505997300148,0.9921491742134094,0.6247870922088623
YIL031W,YCL038C,0,-0.12697953,0.13948675990104675,0.9921491742134094,0.6248872876167297
YOL091W,YDL222C,0,-0.12700363,0.1394675076007843,0.9921491742134094,0.6249874830245972
YKR056W,YHL018W,0,-0.12914185,0.13944827020168304,0.9921491742134094,0.6250876784324646
YLR029C,YBR278W,0,-0.12986667,0.13942904770374298,0.9921491742134094,0.625187873840332
YBL064C,YGR121C,0,-0.12987252,0.13940982520580292,0.9921491742134094,0.6252880692481995
YER045C,YGR123C,0,-0.13019204,0.13939060270786285,0.9921491742134094,0.6253882646560669
YIL034C,YDL115C,0,-0.1301984,0.1393713802099228,0.9921491742134094,0.6254884004592896
YIL009C-A,YNL087W,0,-0.1305645,0.13935217261314392,0.9921491742134094,0.625588595867157
YLR341W,YOL129W,0,-0.13068303,0.13933296501636505,0.9921491742134094,0.6256887912750244
YMR100W,YER050C,0,-0.13075794,0.13931377232074738,0.9921491742134094,0.6257889866828918
YKL090W,YIL026C,0,-0.13105373,0.1392945647239685,0.9921491742134094,0.6258891820907593
YLR238W,YLR013W,0,-0.13113871,0.13927538692951202,0.9921491742134094,0.6259893774986267
YGR218W,YCL050C,0,-0.13169381,0.13925619423389435,0.9921491742134094,0.6260895729064941
YOR324C,YLR421C,0,-0.13218029,0.13923701643943787,0.9921491742134094,0.6261897683143616
YLL001W,YKR020W,0,-0.13361917,0.13921785354614258,0.9921491742134094,0.626289963722229
YBL057C,YML110C,0,-0.13368562,0.1391986757516861,0.9921491742134094,0.6263901591300964
YGL168W,YEL060C,0,-0.13431562,0.1391795128583908,0.9921491742134094,0.6264903545379639
YOL086C,YMR263W,0,-0.13590457,0.1391603648662567,0.9921491742134094,0.6265905499458313
YLR256W,YMR323W,0,-0.13595496,0.13914120197296143,0.9921491742134094,0.626690685749054
YPL060C-A,YOR269W,0,-0.13641416,0.13912205398082733,0.9921491742134094,0.6267908811569214
YLR256W-A,YNL138W,0,-0.13663445,0.13910292088985443,0.9921491742134094,0.6268910765647888
YJL053W,YPR058W,0,-0.13736515,0.13908378779888153,0.9921491742134094,0.6269912719726562
YGL033W,YMR236W,0,-0.13753636,0.13906465470790863,0.9921491742134094,0.6270914673805237
YLR396C,YGR238C,0,-0.13769512,0.13904552161693573,0.9921491742134094,0.6271916627883911
YOR287C,YOL145C,0,-0.13780928,0.13902640342712402,0.9921491742134094,0.6272918581962585
YNL001W,YAL003W,0,-0.13823232,0.13900728523731232,0.9921491742134094,0.627392053604126
YMR172W,YDR056C,0,-0.13861261,0.1389881819486618,0.9921491742134094,0.6274922490119934
YJL079C,YJL213W,0,-0.13925317,0.1389690786600113,0.9921491742134094,0.6275924444198608
YHR117W,YOR232W,0,-0.13939178,0.13894997537136078,0.9921491742134094,0.6276926398277283
YPR158C-D,YER137C,0,-0.1395054,0.13893087208271027,0.9921491742134094,0.6277928352355957
YLR467W,YDR473C,0,-0.13976564,0.13891178369522095,0.9921491742134094,0.6278929710388184
YER060W,YGR035C,1,-0.14053915,0.1390300840139389,0.9931305050849915,0.6278929710388184
YJL156C,YBL113C,0,-0.14053927,0.13901099562644958,0.9931305050849915,0.6279931664466858
YER095W,YCR080W,0,-0.14099449,0.13899189233779907,0.9931305050849915,0.6280933618545532
YMR316W,YHR124W,0,-0.14433438,0.13897280395030975,0.9931305050849915,0.6281935572624207
YEL038W,YEL058W,0,-0.1444059,0.13895373046398163,0.9931305050849915,0.6282937526702881
YHR164C,YJL062W,0,-0.14504144,0.1389346569776535,0.9931305050849915,0.6283939480781555
YNL315C,YMR162C,0,-0.14513816,0.13891558349132538,0.9931305050849915,0.628494143486023
YIL017W,YEL060C,0,-0.14546023,0.13889651000499725,0.9931305050849915,0.6285943388938904
YIL017W,YBR282W,0,-0.14560679,0.13887745141983032,0.9931305050849915,0.6286945343017578
YBL091C-A,YHR094C,0,-0.14620501,0.1388583928346634,0.9931305050849915,0.6287947297096252
YNL091W,YPL091W,0,-0.14784338,0.13883934915065765,0.9931305050849915,0.6288949251174927
YGR227W,YMR159C,0,-0.14859354,0.13882030546665192,0.9931305050849915,0.6289950609207153
YML033W,YDR096W,0,-0.14915241,0.13880126178264618,0.9931305050849915,0.6290952563285828
YDR531W,YKR028W,0,-0.14936493,0.13878223299980164,0.9931305050849915,0.6291954517364502
YNL054W-B,YGL128C,0,-0.15018779,0.1387632042169571,0.9931305050849915,0.6292956471443176
YKL193C,YLR028C,0,-0.15141313,0.13874417543411255,0.9931305050849915,0.6293958425521851
YLR336C,YDL028C,0,-0.15214838,0.1387251615524292,0.9931305050849915,0.6294960379600525
YMR264W,YLL038C,0,-0.15272765,0.13870614767074585,0.9931305050849915,0.6295962333679199
YGR295C,YCR055C,0,-0.15319826,0.1386871337890625,0.9931305050849915,0.6296964287757874
YOR197W,YGR027W-B,0,-0.15504028,0.13866813480854034,0.9931305050849915,0.6297966241836548
YNL261W,YDL069C,0,-0.1551465,0.1386491358280182,0.9931305050849915,0.6298968195915222
YLR268W,YOR278W,0,-0.15527938,0.13863013684749603,0.9931305050849915,0.6299970149993896
YDL178W,YPL060C-A,0,-0.15538232,0.13861115276813507,0.9931305050849915,0.6300972104072571
YLR136C,YDL058W,0,-0.15540104,0.1385921686887741,0.9931305050849915,0.6301973462104797
YLR144C,YPL246C,0,-0.15541933,0.13857318460941315,0.9931305050849915,0.6302975416183472
YBR202W,YPL084W,0,-0.15552203,0.13855421543121338,0.9931305050849915,0.6303977370262146
YGR163W,YDL214C,0,-0.15557148,0.1385352462530136,0.9931305050849915,0.630497932434082
YDL040C,YDR329C,0,-0.15777744,0.13851629197597504,0.9931305050849915,0.6305981278419495
YNL003C,YAL012W,0,-0.1577787,0.13849733769893646,0.9931305050849915,0.6306983232498169
YDL099W,YDR216W,0,-0.15990625,0.1384783834218979,0.9931305050849915,0.6307985186576843
YIL017W,YER168C,0,-0.16062085,0.13845942914485931,0.9931305050849915,0.6308987140655518
YOR304W,YBR223C,0,-0.16070323,0.13844048976898193,0.9931305050849915,0.6309989094734192
YBR040W,YHR061C,0,-0.1607124,0.13842155039310455,0.9931305050849915,0.6310991048812866
YGR234W,YPL124W,0,-0.16086255,0.13840262591838837,0.9931305050849915,0.631199300289154
YJL071W,YJL102W,0,-0.16225578,0.13838370144367218,0.9931305050849915,0.6312994956970215
YJL099W,YBR098W,0,-0.16252615,0.138364776968956,0.9931305050849915,0.6313996315002441
YLR107W,YOR003W,0,-0.16309659,0.138345867395401,0.9931305050849915,0.6314998269081116
YGL031C,YAL041W,0,-0.16323076,0.138326957821846,0.9931305050849915,0.631600022315979
YMR184W,YDR238C,0,-0.1636434,0.13830804824829102,0.9931305050849915,0.6317002177238464
YPL155C,YBR175W,0,-0.1642674,0.13828915357589722,0.9931305050849915,0.6318004131317139
YDR479C,YPR052C,0,-0.16428815,0.13827025890350342,0.9931305050849915,0.6319006085395813
YLR285W,YEL034W,0,-0.16436736,0.13825136423110962,0.9931305050849915,0.6320008039474487
YDR197W,YDL083C,0,-0.16505234,0.13823248445987701,0.9931305050849915,0.6321009993553162
YBL009W,YGR161W-B,0,-0.16512136,0.1382136046886444,0.9931305050849915,0.6322011947631836
YCL020W,YGR272C,0,-0.1652687,0.1381947249174118,0.9931305050849915,0.632301390171051
YOL058W,YDR076W,0,-0.16534807,0.1381758600473404,0.9931305050849915,0.6324015855789185
YDL164C,YDL008W,0,-0.16573896,0.13815699517726898,0.9931305050849915,0.6325017809867859
YOL111C,YMR145C,0,-0.16711967,0.13813814520835876,0.9931305050849915,0.6326019167900085
YPL048W,YDL140C,0,-0.1671537,0.13811928033828735,0.9931305050849915,0.632702112197876
YER095W,YNL099C,0,-0.16763704,0.13810043036937714,0.9931305050849915,0.6328023076057434
YDR519W,YOR389W,0,-0.1679262,0.1380815953016281,0.9931305050849915,0.6329025030136108
YNL274C,YGL187C,0,-0.16794367,0.1380627602338791,0.9931305050849915,0.6330026984214783
YPL144W,YHL034C,0,-0.16898488,0.13804392516613007,0.9931305050849915,0.6331028938293457
YJL158C,YGR104C,0,-0.16968621,0.13802509009838104,0.9931305050849915,0.6332030892372131
YOR192C-A,YDR128W,0,-0.16981582,0.1380062699317932,0.9931305050849915,0.6333032846450806
YDR224C,YBL050W,0,-0.16996805,0.13798744976520538,0.9931305050849915,0.633403480052948
YDR265W,YDL043C,0,-0.1704304,0.13796864449977875,0.9931305050849915,0.6335036754608154
YML112W,YKL168C,0,-0.17048816,0.1379498392343521,0.9931305050849915,0.6336038708686829
YER050C,YMR145C,0,-0.17064582,0.13793103396892548,0.9931305050849915,0.6337040662765503
YOR092W,YJL028W,0,-0.17080878,0.13791224360466003,0.9931305050849915,0.633804202079773
YKR009C,YGR292W,0,-0.17097436,0.1378934532403946,0.9931305050849915,0.6339043974876404
YBR273C,YOR344C,0,-0.17116551,0.13787466287612915,0.9931305050849915,0.6340045928955078
YHR152W,YOR096W,0,-0.1713476,0.1378558725118637,0.9931305050849915,0.6341047883033752
YPL028W,YLR342W,0,-0.17143969,0.13783709704875946,0.9931305050849915,0.6342049837112427
YOR278W,YJR055W,0,-0.17330559,0.1378183364868164,0.9931305050849915,0.6343051791191101
YDL168W,YPL031C,0,-0.17350404,0.13779956102371216,0.9931305050849915,0.6344053745269775
YKL028W,YMR282C,0,-0.17357688,0.1377808004617691,0.9931305050849915,0.634505569934845
YML115C,YNR004W,0,-0.17364632,0.13776205480098724,0.9931305050849915,0.6346057653427124
YDR420W,YPR006C,0,-0.17400418,0.1377432942390442,0.9931305050849915,0.6347059607505798
YDL130W-A,YGR148C,0,-0.17439978,0.13772454857826233,0.9931305050849915,0.6348061561584473
YPL177C,YLR229C,0,-0.17533581,0.13770580291748047,0.9931305050849915,0.6349063515663147
YOR308C,YNL242W,0,-0.17594732,0.1376870721578598,0.9931305050849915,0.6350064873695374
YPL257W-B,YER089C,0,-0.1777864,0.13766834139823914,0.9931305050849915,0.6351066827774048
YPR132W,YOR075W,0,-0.17840885,0.13764962553977966,0.9931305050849915,0.6352068781852722
YNL050C,YMR306W,0,-0.17861347,0.137630894780159,0.9931305050849915,0.6353070735931396
YOL097C,YHL001W,0,-0.17861395,0.13761217892169952,0.9931305050849915,0.6354072690010071
YJL085W,YPL158C,0,-0.17915823,0.13759347796440125,0.9931305050849915,0.6355074644088745
YMR160W,YNL213C,0,-0.17916559,0.13757476210594177,0.9931305050849915,0.6356076598167419
YGR261C,YNL292W,0,-0.17928399,0.1375560760498047,0.9931305050849915,0.6357078552246094
YNL147W,YDL188C,0,-0.17936353,0.1375373750925064,0.9931305050849915,0.6358080506324768
YMR087W,YOR323C,0,-0.18111233,0.13751868903636932,0.9931305050849915,0.6359082460403442
YJL079C,YLR070C,0,-0.18134739,0.13750000298023224,0.9931305050849915,0.6360084414482117
YNL147W,YKR054C,0,-0.18154927,0.13748131692409515,0.9931305050849915,0.6361085772514343
YLR148W,YOR343W-B,0,-0.1819623,0.13746264576911926,0.9931305050849915,0.6362087726593018
YGR166W,YDL070W,0,-0.18272908,0.13744397461414337,0.9931305050849915,0.6363089680671692
YPR178W,YLR337W,0,-0.18312515,0.13742531836032867,0.9931305050849915,0.6364091634750366
YHR027C,YGR284C,0,-0.18378736,0.13740664720535278,0.9931305050849915,0.636509358882904
YIL139C,YOR327C,0,-0.18397324,0.13738800585269928,0.9931305050849915,0.6366095542907715
YHR079C-A,YMR067C,0,-0.18409337,0.13736934959888458,0.9931305050849915,0.6367097496986389
YLR308W,YDR242W,0,-0.1860423,0.13735070824623108,0.9931305050849915,0.6368099451065063
YPL028W,YCR043C,0,-0.18677168,0.13733206689357758,0.9931305050849915,0.6369101405143738
YLR341W,YMR071C,0,-0.18734698,0.13731342554092407,0.9931305050849915,0.6370103359222412
YER160C,YBR041W,0,-0.18841214,0.13729479908943176,0.9931305050849915,0.6371105313301086
YCR060W,YDR262W,0,-0.18849336,0.13727618753910065,0.9931305050849915,0.6372107267379761
YDL144C,YLL052C,0,-0.18908177,0.13725756108760834,0.9931305050849915,0.6373108625411987
YJL053W,YNL083W,0,-0.18912612,0.13723894953727722,0.9931305050849915,0.6374110579490662
YDR342C,YLR386W,0,-0.1910794,0.1372203379869461,0.9931305050849915,0.6375112533569336
YOR288C,YPL095C,0,-0.1911019,0.13720174133777618,0.9931305050849915,0.637611448764801
YMR122W-A,YIL127C,0,-0.19117211,0.13718312978744507,0.9931305050849915,0.6377116441726685
YMR311C,YJR009C,0,-0.19146495,0.13716454803943634,0.9931305050849915,0.6378118395805359
YFL031W,YKL209C,0,-0.19251229,0.13714595139026642,0.9931305050849915,0.6379120349884033
YJR125C,YGR239C,0,-0.19283254,0.1371273696422577,0.9931305050849915,0.6380122303962708
YMR296C,YBR176W,0,-0.1934406,0.13710878789424896,0.9931305050849915,0.6381124258041382
YBR170C,YLR238W,0,-0.19352256,0.13709022104740143,0.9931305050849915,0.6382126212120056
YDL028C,YJL192C,0,-0.19354634,0.1370716542005539,0.9931305050849915,0.638312816619873
YBL022C,YCR020C,0,-0.19364609,0.13705308735370636,0.9931305050849915,0.6384130120277405
YMR188C,YER169W,0,-0.19391446,0.13703453540802002,0.9931305050849915,0.6385131478309631
YMR146C,YPL174C,0,-0.19403766,0.13701598346233368,0.9931305050849915,0.6386133432388306
YIL105C,YDR536W,0,-0.19441457,0.13699743151664734,0.9931305050849915,0.638713538646698
YDR498C,YPL046C,0,-0.1946408,0.136978879570961,0.9931305050849915,0.6388137340545654
YOR058C,YBR175W,0,-0.19532911,0.13696034252643585,0.9931305050849915,0.6389139294624329
YKL201C,YBR198C,0,-0.19539817,0.1369418203830719,0.9931305050849915,0.6390141248703003
YDR488C,YBL023C,0,-0.19677682,0.13692328333854675,0.9931305050849915,0.6391143202781677
YBR132C,YGR108W,0,-0.19713385,0.1369047611951828,0.9931305050849915,0.6392145156860352
YBR128C,YMR182C,0,-0.1976106,0.13688623905181885,0.9931305050849915,0.6393147110939026
YNR018W,YNR007C,0,-0.19940405,0.1368677318096161,0.9931305050849915,0.63941490650177
YNL220W,YOR240W,0,-0.19963096,0.13684922456741333,0.9931305050849915,0.6395151019096375
YPR061C,YGL163C,0,-0.20093389,0.13683071732521057,0.9931305050849915,0.6396152973175049
YPL016W,YPR032W,0,-0.20158188,0.136812224984169,0.9931305050849915,0.6397154331207275
YEL034W,YIL133C,0,-0.20182155,0.13679373264312744,0.9931305050849915,0.639815628528595
YDL191W,YOL019W,0,-0.20376824,0.13677524030208588,0.9931305050849915,0.6399158239364624
YLR312W-A,YBR210W,0,-0.20424496,0.1367567628622055,0.9931305050849915,0.6400160193443298
YMR236W,YGR231C,0,-0.2045574,0.13673828542232513,0.9931305050849915,0.6401162147521973
YDR444W,YJL085W,0,-0.2045881,0.13671980798244476,0.9931305050849915,0.6402164101600647
YHR017W,YKL015W,0,-0.20461772,0.1367013305425644,0.9931305050849915,0.6403166055679321
YDR432W,YJR139C,0,-0.20497872,0.13668286800384521,0.9931305050849915,0.6404168009757996
YOR270C,YHR206W,0,-0.20508324,0.13666442036628723,0.9931305050849915,0.640516996383667
YDR228C,YBR031W,0,-0.2052658,0.13664595782756805,0.9931305050849915,0.6406171917915344
YPR031W,YGR295C,0,-0.20570408,0.13662751019001007,0.9931305050849915,0.6407173871994019
YDR166C,YLR226W,0,-0.20722859,0.13660907745361328,0.9931305050849915,0.6408175826072693
YCL062W,YHR161C,0,-0.20772503,0.1365906298160553,0.9931305050849915,0.6409177184104919
YOR214C,YBR202W,0,-0.20780323,0.1365721970796585,0.9931305050849915,0.6410179138183594
YDR030C,YCR075C,0,-0.20826612,0.13655376434326172,0.9931305050849915,0.6411181092262268
YKR086W,YOR343W-B,0,-0.20828082,0.13653534650802612,0.9931305050849915,0.6412183046340942
YCR067C,YIR036C,0,-0.20919763,0.13651692867279053,0.9931305050849915,0.6413185000419617
YGL106W,YGL062W,0,-0.20950563,0.13649851083755493,0.9931305050849915,0.6414186954498291
YIL017W,YDR182W,0,-0.20975922,0.13648010790348053,0.9931305050849915,0.6415188908576965
YMR228W,YJR044C,0,-0.2099169,0.13646170496940613,0.9931305050849915,0.641619086265564
YFL045C,YCL057C-A,0,-0.21069647,0.13644330203533173,0.9931305050849915,0.6417192816734314
YLR371W,YDR311W,0,-0.21076898,0.13642491400241852,0.9931305050849915,0.6418194770812988
YHR175W,YDR264C,0,-0.21134846,0.1364065259695053,0.9931305050849915,0.6419196724891663
YOL120C,YGL223C,0,-0.21233933,0.1363881379365921,0.9931305050849915,0.6420198082923889
YMR167W,YJL121C,0,-0.21269892,0.1363697648048401,0.9931305050849915,0.6421200037002563
YPR137C-B,YNR008W,0,-0.21373819,0.13635139167308807,0.9931305050849915,0.6422201991081238
YLR145W,YDL029W,0,-0.2137556,0.13633301854133606,0.9931305050849915,0.6423203945159912
YBR230C,YCL020W,0,-0.21458437,0.13631466031074524,0.9931305050849915,0.6424205899238586
YLR388W,YIR033W,0,-0.21530978,0.13629630208015442,0.9931305050849915,0.6425207853317261
YLR128W,YCL025C,0,-0.2158793,0.1362779438495636,0.9931305050849915,0.6426209807395935
YGL141W,YCL052C,0,-0.21624841,0.13625960052013397,0.9931305050849915,0.6427211761474609
YER046W,YMR037C,0,-0.21634476,0.13624124228954315,0.9931305050849915,0.6428213715553284
YOR095C,YBR201W,0,-0.21673714,0.13622291386127472,0.9931305050849915,0.6429215669631958
YOR232W,YBR040W,0,-0.21723746,0.1362045705318451,0.9931305050849915,0.6430217623710632
YDL130W-A,YIR035C,0,-0.2174796,0.13618624210357666,0.9931305050849915,0.6431219577789307
YNL222W,YBL005W-A,0,-0.21782033,0.13616792857646942,0.9931305050849915,0.6432220935821533
YEL003W,YLR172C,0,-0.2178375,0.136149600148201,0.9931305050849915,0.6433222889900208
YOL091W,YDL025C,0,-0.21816699,0.13613128662109375,0.9931305050849915,0.6434224843978882
YDR480W,YOR008C,0,-0.21927224,0.1361129730939865,0.9931305050849915,0.6435226798057556
YLR341W,YOR288C,0,-0.21929859,0.13609467446804047,0.9931305050849915,0.643622875213623
YHR152W,YPR132W,0,-0.2196468,0.13607637584209442,0.9931305050849915,0.6437230706214905
YJL041W,YDR261C-D,0,-0.22104253,0.13605807721614838,0.9931305050849915,0.6438232660293579
YDR219C,YER137C-A,0,-0.22140811,0.13603979349136353,0.9931305050849915,0.6439234614372253
YBL067C,YBR068C,0,-0.2227528,0.13602150976657867,0.9931305050849915,0.6440236568450928
YOR084W,YPL220W,0,-0.22450535,0.13600322604179382,0.9931305050849915,0.6441238522529602
YML113W,YPR201W,0,-0.22480582,0.13598495721817017,0.9931305050849915,0.6442240476608276
YCL061C,YLR008C,0,-0.22484045,0.13596667349338531,0.9931305050849915,0.6443242430686951
YNL265C,YML006C,0,-0.225165,0.13594841957092285,0.9931305050849915,0.6444243788719177
YMR016C,YDR254W,0,-0.22527237,0.1359301507472992,0.9931305050849915,0.6445245742797852
YLR097C,YJR077C,0,-0.22535513,0.13591189682483673,0.9931305050849915,0.6446247696876526
YDL035C,YNR069C,0,-0.22550444,0.13589364290237427,0.9931305050849915,0.64472496509552
YJL156C,YBR001C,0,-0.22638701,0.135875403881073,0.9931305050849915,0.6448251605033875
YJR032W,YNL131W,0,-0.2272503,0.13585716485977173,0.9931305050849915,0.6449253559112549
YCR069W,YLR373C,0,-0.22731514,0.13583892583847046,0.9931305050849915,0.6450255513191223
YFR009W,YDR518W,0,-0.22742753,0.13582070171833038,0.9931305050849915,0.6451257467269897
YCR009C,YJL172W,0,-0.22858484,0.1358024626970291,0.9931305050849915,0.6452259421348572
YNL071W,YMR025W,0,-0.22920667,0.13578425347805023,0.9931305050849915,0.6453261375427246
YGL130W,YNL225C,0,-0.22991942,0.13576602935791016,0.9931305050849915,0.645426332950592
YNL086W,YNR045W,0,-0.23032461,0.13574782013893127,0.9931305050849915,0.6455265283584595
YER133W,YER087C-A,0,-0.2303658,0.1357296109199524,0.9931305050849915,0.6456266641616821
YGR038C-A,YMR078C,0,-0.2305557,0.1357114166021347,0.9931305050849915,0.6457268595695496
YBL052C,YIL121W,0,-0.2351818,0.13569322228431702,0.9931305050849915,0.645827054977417
YPL258C,YNL085W,0,-0.23541094,0.13567502796649933,0.9931305050849915,0.6459272503852844
YHL008C,YPR029C,0,-0.2358542,0.13565683364868164,0.9931305050849915,0.6460274457931519
YBR082C,YAL044C,0,-0.23601453,0.13563865423202515,0.9931305050849915,0.6461276412010193
YKR029C,YLR403W,0,-0.23606174,0.13562047481536865,0.9931305050849915,0.6462278366088867
YBR026C,YML124C,0,-0.23777498,0.13560231029987335,0.9931305050849915,0.6463280320167542
YJR104C,YCR102C,0,-0.23887555,0.13558413088321686,0.9931305050849915,0.6464282274246216
YNL239W,YPR166C,0,-0.2388872,0.13556598126888275,0.9931305050849915,0.646528422832489
YOR083W,YDR262W,0,-0.24008612,0.13554781675338745,0.9931305050849915,0.6466286182403564
YLR386W,YPL159C,0,-0.24139632,0.13552966713905334,0.9931305050849915,0.6467288136482239
YLR308W,YMR306W,0,-0.24147831,0.13551151752471924,0.9931305050849915,0.6468289494514465
YKL127W,YKR014C,0,-0.24388848,0.13549336791038513,0.9931305050849915,0.646929144859314
YBR128C,YDR172W,0,-0.24412785,0.13547523319721222,0.9931305050849915,0.6470293402671814
YJR021C,YDL184C,0,-0.24426155,0.1354570984840393,0.9931305050849915,0.6471295356750488
YBR135W,YHR143W,0,-0.24437128,0.1354389786720276,0.9931305050849915,0.6472297310829163
YLR274W,YNL192W,0,-0.2452028,0.13542084395885468,0.9931305050849915,0.6473299264907837
YDR090C,YCR071C,0,-0.24616833,0.13540272414684296,0.9931305050849915,0.6474301218986511
YPR137C-B,YNL160W,0,-0.24625735,0.13538461923599243,0.9931305050849915,0.6475303173065186
YGR077C,YDL079C,0,-0.24646156,0.1353664994239807,0.9931305050849915,0.647630512714386
YFL014W,YDR038C,0,-0.24655972,0.1353483945131302,0.9931305050849915,0.6477307081222534
YDR326C,YER120W,0,-0.24768661,0.13533030450344086,0.9931305050849915,0.6478309035301208
YLR404W,YML028W,0,-0.24974085,0.13531221449375153,0.9931305050849915,0.6479310393333435
YDL128W,YBR287W,0,-0.2502265,0.1352941244840622,0.9931305050849915,0.6480312347412109
YMR302C,YHR132C,0,-0.25090313,0.13527603447437286,0.9931305050849915,0.6481314301490784
YDL101C,YML115C,0,-0.2509032,0.13525795936584473,0.9931305050849915,0.6482316255569458
YJL010C,YNL302C,0,-0.25128835,0.1352398842573166,0.9931305050849915,0.6483318209648132
YPL103C,YER171W,0,-0.2517544,0.13522180914878845,0.9931305050849915,0.6484320163726807
YER035W,YDR032C,0,-0.25189066,0.13520373404026031,0.9931305050849915,0.6485322117805481
YDR332W,YMR145C,0,-0.25198632,0.13518567383289337,0.9931305050849915,0.6486324071884155
YGR029W,YOR343W-A,0,-0.25249988,0.13516762852668762,0.9931305050849915,0.648732602596283
YDR508C,YER051W,0,-0.25649363,0.13514956831932068,0.9931305050849915,0.6488327980041504
YMR078C,YPR158W-A,0,-0.25709057,0.13513152301311493,0.9931305050849915,0.6489329934120178
YER157W,YMR250W,0,-0.25711155,0.13511347770690918,0.9931305050849915,0.6490331888198853
YOR036W,YLR307W,0,-0.2579732,0.13509544730186462,0.9931305050849915,0.6491333246231079
YDR218C,YDL214C,0,-0.258093,0.13507741689682007,0.9931305050849915,0.6492335200309753
YOR192C-A,YIR025W,0,-0.2588632,0.1350593864917755,0.9931305050849915,0.6493337154388428
YDR279W,YBL099W,0,-0.25908834,0.13504137098789215,0.9931305050849915,0.6494339108467102
YDR218C,YJL081C,0,-0.2592789,0.1350233554840088,0.9931305050849915,0.6495341062545776
YGR041W,YMR306W,0,-0.25935143,0.13500533998012543,0.9931305050849915,0.6496343016624451
YLR163C,YDR472W,0,-0.25940287,0.13498732447624207,0.9931305050849915,0.6497344970703125
YOL129W,YMR067C,0,-0.259557,0.1349693238735199,0.9931305050849915,0.6498346924781799
YLR238W,YML078W,0,-0.2613474,0.13495132327079773,0.9931305050849915,0.6499348878860474
YPL257W-A,YNL054W-B,0,-0.26315063,0.13493333756923676,0.9931305050849915,0.6500350832939148
YJL060W,YGL014W,0,-0.26377374,0.13491535186767578,0.9931305050849915,0.6501352787017822
YGL008C,YOR354C,0,-0.2637899,0.1348973661661148,0.9931305050849915,0.6502354741096497
YPR140W,YGR161W-B,0,-0.26397014,0.13487938046455383,0.9931305050849915,0.6503356099128723
YMR024W,YJL115W,0,-0.2654673,0.13486140966415405,0.9931305050849915,0.6504358053207397
YNL231C,YDR356W,0,-0.26725185,0.13484343886375427,0.9931305050849915,0.6505360007286072
YPR164W,YOR279C,0,-0.26823384,0.1348254680633545,0.9931305050849915,0.6506361961364746
YOR291W,YGL175C,0,-0.26885015,0.1348075121641159,0.9931305050849915,0.650736391544342
YML129C,YIR023W,0,-0.2694829,0.13478955626487732,0.9931305050849915,0.6508365869522095
YCR024C-A,YDR194C,0,-0.27021444,0.13477160036563873,0.9931305050849915,0.6509367823600769
YLL062C,YML058W-A,0,-0.27024376,0.13475365936756134,0.9931305050849915,0.6510369777679443
YNL026W,YCL030C,0,-0.27028584,0.13473571836948395,0.9931305050849915,0.6511371731758118
YOR033C,YKL179C,0,-0.27031738,0.13471779227256775,0.9931305050849915,0.6512373685836792
YFL002W-B,YLR386W,0,-0.27046102,0.13469985127449036,0.9931305050849915,0.6513375639915466
YPR158C-C,YLR348C,0,-0.27072328,0.13468192517757416,0.9931305050849915,0.6514377593994141
YML111W,YGR092W,0,-0.27140206,0.13466399908065796,0.9931305050849915,0.6515378952026367
YHL002W,YKL049C,0,-0.2735898,0.13464608788490295,0.9931305050849915,0.6516380906105042
YOR242C,YML074C,0,-0.2754956,0.13462817668914795,0.9931305050849915,0.6517382860183716
YML129C,YOR174W,0,-0.27580404,0.13461026549339294,0.9931305050849915,0.651838481426239
YLR418C,YLR332W,0,-0.27619678,0.13459236919879913,0.9931305050849915,0.6519386768341064
YBR298C,YCR055C,0,-0.2762515,0.13457447290420532,0.9931305050849915,0.6520388722419739
YLR192C,YHR074W,0,-0.27670008,0.1345565766096115,0.9931305050849915,0.6521390676498413
YOR303W,YGL123W,0,-0.27740967,0.1345386803150177,0.9931305050849915,0.6522392630577087
YKR081C,YKL221W,0,-0.27779412,0.13452079892158508,0.9931305050849915,0.6523394584655762
YBL024W,YBR009C,0,-0.27802968,0.13450291752815247,0.9931305050849915,0.6524396538734436
YNL012W,YNL053W,0,-0.27836764,0.13448505103588104,0.9931305050849915,0.652539849281311
YBR041W,YPR083W,0,-0.27839702,0.13446718454360962,0.9931305050849915,0.6526400446891785
YDR222W,YER124C,0,-0.2790571,0.1344493180513382,0.9931305050849915,0.6527401804924011
YIR003W,YDR298C,0,-0.2794873,0.13443145155906677,0.9931305050849915,0.6528403759002686
YDR044W,YBR293W,0,-0.280223,0.13441359996795654,0.9931305050849915,0.652940571308136
YAL040C,YOR240W,0,-0.28158754,0.1343957483768463,0.9931305050849915,0.6530407667160034
YAL041W,YBR042C,0,-0.28179324,0.13437791168689728,0.9931305050849915,0.6531409621238708
YHR187W,YOR192C-A,0,-0.28195846,0.13436006009578705,0.9931305050849915,0.6532411575317383
YNL283C,YLL045C,0,-0.28217423,0.134342223405838,0.9931305050849915,0.6533413529396057
YJL200C,YNR004W,0,-0.282682,0.13432440161705017,0.9931305050849915,0.6534415483474731
YMR136W,YGL227W,0,-0.2829578,0.13430656492710114,0.9931305050849915,0.6535417437553406
YMR029C,YER112W,0,-0.2830704,0.1342887431383133,0.9931305050849915,0.653641939163208
YOR190W,YOR192C-A,0,-0.28534496,0.13427093625068665,0.9931305050849915,0.6537421345710754
YKL127W,YDR462W,0,-0.28581,0.1342531144618988,0.9931305050849915,0.6538423299789429
YPL211W,YKL179C,0,-0.28609395,0.13423530757427216,0.9931305050849915,0.6539424657821655
YPL095C,YMR136W,0,-0.2861415,0.1342175006866455,0.9931305050849915,0.654042661190033
YOR301W,YMR100W,0,-0.2862079,0.13419970870018005,0.9931305050849915,0.6541428565979004
YNL082W,YKL195W,0,-0.28636396,0.1341819167137146,0.9931305050849915,0.6542430520057678
YDR177W,YPL158C,0,-0.28674108,0.13416412472724915,0.9931305050849915,0.6543432474136353
YCL055W,YIL177C,0,-0.28823298,0.13414634764194489,0.9931305050849915,0.6544434428215027
YOR188W,YEL002C,0,-0.2887256,0.13412855565547943,0.9931305050849915,0.6545436382293701
YNL158W,YDR316W-A,0,-0.2890287,0.13411079347133636,0.9931305050849915,0.6546438336372375
YDR141C,YPL214C,0,-0.28953707,0.1340930163860321,0.9931305050849915,0.654744029045105
YDL147W,YGL083W,0,-0.291013,0.13407525420188904,0.9931305050849915,0.6548442244529724
YPL258C,YFL054C,0,-0.2920897,0.13405749201774597,0.9931305050849915,0.6549444198608398
YCR054C,YMR122W-A,0,-0.2923665,0.1340397298336029,0.9931305050849915,0.6550445556640625
YNR050C,YLR008C,0,-0.2928149,0.13402198255062103,0.9931305050849915,0.6551447510719299
YMR106C,YBR132C,0,-0.29378998,0.13400423526763916,0.9931305050849915,0.6552449464797974
YDL028C,YCR023C,0,-0.294061,0.1339864879846573,0.9931305050849915,0.6553451418876648
YBR278W,YOR381W,0,-0.2943992,0.1339687556028366,0.9931305050849915,0.6554453372955322
YBR156C,YOL090W,0,-0.29452348,0.13395102322101593,0.9931305050849915,0.6555455327033997
YPR187W,YHR079C-A,0,-0.29485345,0.13393329083919525,0.9931305050849915,0.6556457281112671
YDR512C,YGL174W,0,-0.29513103,0.13391557335853577,0.9931305050849915,0.6557459235191345
YNL083W,YHR203C,0,-0.29541117,0.13389785587787628,0.9931305050849915,0.655846118927002
YKR102W,YFL022C,0,-0.29619622,0.1338801383972168,0.9931305050849915,0.6559463143348694
YIL172C,YGR292W,0,-0.29650158,0.1338624358177185,0.9931305050849915,0.6560465097427368
YNL238W,YNL159C,0,-0.29704434,0.13384473323822021,0.9931305050849915,0.6561467051506042
YCR042C,YOL113W,0,-0.2971635,0.13382703065872192,0.9931305050849915,0.6562468409538269
YGR077C,YJL102W,0,-0.29722184,0.13380932807922363,0.9931305050849915,0.6563470363616943
YOR099W,YMR282C,0,-0.297305,0.13379164040088654,0.9931305050849915,0.6564472317695618
YDR389W,YMR186W,0,-0.2973147,0.13377395272254944,0.9931305050849915,0.6565474271774292
YGR225W,YNL275W,0,-0.29758084,0.13375627994537354,0.9931305050849915,0.6566476225852966
YDR055W,YAL009W,0,-0.29896683,0.13373860716819763,0.9931305050849915,0.6567478179931641
YPR023C,YBL101W-B,0,-0.29942673,0.13372093439102173,0.9931305050849915,0.6568480134010315
YGL210W,YGR028W,0,-0.300054,0.13370326161384583,0.9931305050849915,0.6569482088088989
YBR228W,YOR075W,0,-0.30093724,0.13368560373783112,0.9931305050849915,0.6570484042167664
YLR033W,YJL166W,0,-0.30114424,0.1336679458618164,0.9931305050849915,0.6571485996246338
YKL203C,YOR192C-A,0,-0.30225438,0.1336502879858017,0.9931305050849915,0.6572487950325012
YJR026W,YDR121W,0,-0.30253738,0.13363264501094818,0.9931305050849915,0.6573489904403687
YLR285W,YLR197W,0,-0.30264026,0.13361500203609467,0.9931305050849915,0.6574491262435913
YOR159C,YCL003W,0,-0.30264634,0.13359735906124115,0.9931305050849915,0.6575493216514587
YMR167W,YMR043W,0,-0.30310577,0.13357973098754883,0.9931305050849915,0.6576495170593262
YDR342C,YEL002C,0,-0.30355066,0.1335621029138565,0.9931305050849915,0.6577497124671936
YLL013C,YNL037C,0,-0.3036635,0.13354447484016418,0.9931305050849915,0.657849907875061
YKR020W,YJL134W,0,-0.3039158,0.13352684676647186,0.9931305050849915,0.6579501032829285
YPL081W,YKL097W-A,0,-0.30511564,0.13350923359394073,0.9931305050849915,0.6580502986907959
YKL170W,YAL043C,0,-0.30597436,0.1334916204214096,0.9931305050849915,0.6581504940986633
YPL150W,YGR002C,0,-0.30687153,0.13347402215003967,0.9931305050849915,0.6582506895065308
YLL039C,YGR038C-B,0,-0.30722582,0.13345640897750854,0.9931305050849915,0.6583508849143982
YOR269W,YBR286W,0,-0.30787605,0.1334388256072998,0.9931305050849915,0.6584510803222656
YML131W,YAL016W,0,-0.3082136,0.13342122733592987,0.9931305050849915,0.6585512757301331
YIR015W,YJR016C,0,-0.30925632,0.13340364396572113,0.9931305050849915,0.6586514115333557
YOL056W,YHL009W-A,0,-0.30934358,0.1333860605955124,0.9931305050849915,0.6587516069412231
YDL079C,YPL113C,0,-0.30977196,0.13336847722530365,0.9931305050849915,0.6588518023490906
YNL088W,YLR026C,0,-0.30990338,0.1333509087562561,0.9931305050849915,0.658951997756958
YHR086W,YMR186W,0,-0.3100115,0.13333334028720856,0.9931305050849915,0.6590521931648254
YLL029W,YLR256W,0,-0.31169897,0.133315771818161,0.9931305050849915,0.6591523885726929
YKL188C,YJL011C,0,-0.3133487,0.13329820334911346,0.9931305050849915,0.6592525839805603
YKL193C,YKL200C,0,-0.31426042,0.1332806497812271,0.9931305050849915,0.6593527793884277
YAL012W,YHR143W-A,0,-0.3150879,0.13326309621334076,0.9931305050849915,0.6594529747962952
YNL321W,YMR049C,0,-0.31544596,0.1332455575466156,0.9931305050849915,0.6595531702041626
YDL020C,YBR167C,0,-0.31584388,0.13322801887989044,0.9931305050849915,0.65965336561203
YBR196C,YGR161W-B,0,-0.31648266,0.13321048021316528,0.9931305050849915,0.6597535610198975
YFR008W,YAR010C,0,-0.31722128,0.13319294154644012,0.9931305050849915,0.6598536968231201
YOR025W,YOR116C,0,-0.31845504,0.13317541778087616,0.9931305050849915,0.6599538922309875
YOR057W,YDR117C,0,-0.31921858,0.1331578940153122,0.9931305050849915,0.660054087638855
YER160C,YKL210W,0,-0.31976044,0.13314037024974823,0.9931305050849915,0.6601542830467224
YGR032W,YIL017W,0,-0.3198443,0.13312286138534546,0.9931305050849915,0.6602544784545898
YKR030W,YDR055W,0,-0.32055092,0.1331053525209427,0.9931305050849915,0.6603546738624573
YBR156C,YDL148C,0,-0.3205551,0.13308784365653992,0.9931305050849915,0.6604548692703247
YHR136C,YOR083W,0,-0.3228836,0.13307034969329834,0.9931305050849915,0.6605550646781921
YJR083C,YCL061C,0,-0.3231035,0.13305285573005676,0.9931305050849915,0.6606552600860596
YDL246C,YLR157C-A,0,-0.325607,0.13303536176681519,0.9931305050849915,0.660755455493927
YDR316W,YBR081C,0,-0.32577872,0.1330178827047348,0.9931305050849915,0.6608556509017944
YNL298W,YPL220W,0,-0.32627493,0.13300038874149323,0.9931305050849915,0.6609557867050171
YLR157C-B,YGL124C,0,-0.32681847,0.13298292458057404,0.9931305050849915,0.6610559821128845
YNL001W,YLR342W,0,-0.32706684,0.13296544551849365,0.9931305050849915,0.661156177520752
YPR112C,YCR075C,0,-0.32729566,0.13294798135757446,0.9931305050849915,0.6612563729286194
YAL012W,YKR092C,0,-0.32734776,0.13293051719665527,0.9931305050849915,0.6613565683364868
YOR237W,YMR278W,0,-0.327363,0.13291305303573608,0.9931305050849915,0.6614567637443542
YGL031C,YKL135C,0,-0.32744777,0.1328956037759781,0.9931305050849915,0.6615569591522217
YAR018C,YNL283C,0,-0.3278395,0.1328781545162201,0.9931305050849915,0.6616571545600891
YJR143C,YCR094W,0,-0.3278768,0.1328607052564621,0.9931305050849915,0.6617573499679565
YOR142W,YJL014W,0,-0.32826096,0.1328432708978653,0.9931305050849915,0.661857545375824
YPL119C,YER174C,0,-0.32922584,0.1328258365392685,0.9931305050849915,0.6619577407836914
YER165W,YPR159W,0,-0.32937765,0.1328084021806717,0.9931305050849915,0.6620579361915588
YFR041C,YGL077C,0,-0.32975942,0.1327909678220749,0.9931305050849915,0.6621580719947815
YDL039C,YIR017C,0,-0.33003128,0.13277354836463928,0.9931305050849915,0.6622582674026489
YBR164C,YMR056C,0,-0.3307789,0.13275612890720367,0.9931305050849915,0.6623584628105164
YJR110W,YDR322W,0,-0.3312022,0.13273872435092926,0.9931305050849915,0.6624586582183838
YOR058C,YDR069C,0,-0.3315735,0.13272130489349365,0.9931305050849915,0.6625588536262512
YML006C,YKR039W,0,-0.33188826,0.13270390033721924,0.9931305050849915,0.6626590490341187
YLR419W,YGR161W-B,0,-0.33211762,0.13268651068210602,0.9931305050849915,0.6627592444419861
YMR278W,YIR035C,0,-0.33270675,0.1326691210269928,0.9931305050849915,0.6628594398498535
YMR137C,YGR037C,0,-0.33377314,0.13265171647071838,0.9931305050849915,0.662959635257721
YER017C,YBL019W,0,-0.33377683,0.13263434171676636,0.9931305050849915,0.6630598306655884
YER045C,YAL009W,0,-0.3349626,0.13261695206165314,0.9931305050849915,0.6631600260734558
YJL046W,YJR032W,0,-0.33559662,0.1325995773077011,0.9931305050849915,0.6632602214813232
YMR106C,YJL178C,0,-0.33569562,0.13258220255374908,0.9931305050849915,0.6633603572845459
YNL086W,YHR174W,0,-0.33576304,0.13256484270095825,0.9931305050849915,0.6634605526924133
YPL037C,YGR198W,0,-0.33617347,0.13254748284816742,0.9931305050849915,0.6635607481002808
YHR200W,YOR211C,0,-0.33680826,0.1325301229953766,0.9931305050849915,0.6636609435081482
YLR022C,YML030W,0,-0.33685988,0.13251276314258575,0.9931305050849915,0.6637611389160156
YMR123W,YDR082W,0,-0.33728993,0.13249541819095612,0.9931305050849915,0.6638613343238831
YIL050W,YLR183C,0,-0.3409785,0.13247807323932648,0.9931305050849915,0.6639615297317505
YMR167W,YNR073C,0,-0.34111995,0.13246072828769684,0.9931305050849915,0.6640617251396179
YLR027C,YDL109C,0,-0.34119934,0.1324433982372284,0.9931305050849915,0.6641619205474854
YPL147W,YML028W,0,-0.3413325,0.13242606818675995,0.9931305050849915,0.6642621159553528
YDR420W,YNL070W,0,-0.34184027,0.1324087381362915,0.9931305050849915,0.6643623113632202
YBR145W,YIL109C,0,-0.34197146,0.13239142298698425,0.9931305050849915,0.6644625067710876
YMR013C,YDR481C,0,-0.3424899,0.132374107837677,0.9931305050849915,0.6645626425743103
YJR139C,YDR478W,0,-0.34300202,0.13235679268836975,0.9931305050849915,0.6646628379821777
YOR100C,YDL179W,0,-0.3431465,0.1323394775390625,0.9931305050849915,0.6647630333900452
YGR194C,YMR180C,0,-0.34494567,0.13232217729091644,0.9931305050849915,0.6648632287979126
YDR404C,YPL129W,0,-0.34515232,0.13230487704277039,0.9931305050849915,0.66496342420578
YPR043W,YGR091W,0,-0.34532756,0.13228757679462433,0.9931305050849915,0.6650636196136475
YMR029C,YNR023W,0,-0.34559405,0.13227029144763947,0.9931305050849915,0.6651638150215149
YLR270W,YDR210C-C,0,-0.3458655,0.1322530061006546,0.9931305050849915,0.6652640104293823
YLR025W,YDR297W,0,-0.34616953,0.13223572075366974,0.9931305050849915,0.6653642058372498
YJL046W,YDR126W,0,-0.34642714,0.13221845030784607,0.9931305050849915,0.6654644012451172
YGR054W,YNL078W,0,-0.3476984,0.1322011798620224,0.9931305050849915,0.6655645966529846
YMR204C,YMR238W,0,-0.34773892,0.13218390941619873,0.9931305050849915,0.665664792060852
YDR032C,YKL067W,0,-0.34791696,0.13216663897037506,0.9931305050849915,0.6657649278640747
YJL116C,YDR144C,0,-0.3491522,0.13214938342571259,0.9931305050849915,0.6658651232719421
YER159C-A,YDL052C,0,-0.34925413,0.1321321278810501,0.9931305050849915,0.6659653186798096
YMR025W,YNL275W,0,-0.34925854,0.13211488723754883,0.9931305050849915,0.666065514087677
YMR056C,YLR155C,0,-0.350411,0.13209763169288635,0.9931305050849915,0.6661657094955444
YAR031W,YKL146W,0,-0.35043043,0.13208039104938507,0.9931305050849915,0.6662659049034119
YOR299W,YOR126C,0,-0.35092938,0.13206316530704498,0.9931305050849915,0.6663661003112793
YOR167C,YJR070C,0,-0.35096425,0.1320459246635437,0.9931305050849915,0.6664662957191467
YLR256W-A,YOR014W,0,-0.35112917,0.1320286989212036,0.9931305050849915,0.6665664911270142
YGL077C,YOL101C,0,-0.35120952,0.13201147317886353,0.9931305050849915,0.6666666865348816
YNL339C,YJR070C,0,-0.35187536,0.13199426233768463,0.9931305050849915,0.666766881942749
YGL023C,YLR391W,0,-0.35195947,0.13197705149650574,0.9931305050849915,0.6668670177459717
YOL002C,YGL095C,0,-0.3526069,0.13195984065532684,0.9931305050849915,0.6669672131538391
YDR315C,YOL075C,0,-0.3533578,0.13194262981414795,0.9931305050849915,0.6670674085617065
YDL166C,YGR067C,0,-0.35402113,0.13192543387413025,0.9931305050849915,0.667167603969574
YDR380W,YML019W,0,-0.3549577,0.13190823793411255,0.9931305050849915,0.6672677993774414
YKR081C,YPL218W,0,-0.35502285,0.13189104199409485,0.9931305050849915,0.6673679947853088
YLR028C,YMR068W,0,-0.35515904,0.13187386095523834,0.9931305050849915,0.6674681901931763
YPL008W,YDR254W,0,-0.35519475,0.13185667991638184,0.9931305050849915,0.6675683856010437
YBR294W,YNL092W,0,-0.3552584,0.13183949887752533,0.9931305050849915,0.6676685810089111
YJR009C,YGL208W,0,-0.35576808,0.13182233273983002,0.9931305050849915,0.6677687764167786
YDR479C,YJL178C,0,-0.35596955,0.1318051517009735,0.9931305050849915,0.667868971824646
YDR236C,YDR496C,0,-0.35611504,0.1317880004644394,0.9931305050849915,0.6679691672325134
YOR197W,YCL018W,0,-0.35618567,0.13177083432674408,0.9931305050849915,0.6680693030357361
YBL064C,YKR061W,0,-0.35671473,0.13175368309020996,0.9931305050849915,0.6681694984436035
YCR054C,YDR536W,0,-0.35678118,0.13173653185367584,0.9931305050849915,0.668269693851471
YDL084W,YBR156C,0,-0.35682285,0.13171938061714172,0.9931305050849915,0.6683698892593384
YCL061C,YDR314C,0,-0.35695618,0.1317022442817688,0.9931305050849915,0.6684700846672058
YER045C,YAL017W,0,-0.3573463,0.13168510794639587,0.9931305050849915,0.6685702800750732
YOR290C,YDR524C,0,-0.35760766,0.13166797161102295,0.9931305050849915,0.6686704754829407
YCL030C,YPL236C,0,-0.35829067,0.13165083527565002,0.9931305050849915,0.6687706708908081
YBR082C,YML033W,0,-0.35906202,0.1316337138414383,0.9931305050849915,0.6688708662986755
YLR262C,YMR260C,0,-0.35920292,0.13161659240722656,0.9931305050849915,0.668971061706543
YOR211C,YPL174C,0,-0.359496,0.13159948587417603,0.9931305050849915,0.6690712571144104
YGR014W,YDL165W,0,-0.36045176,0.1315823644399643,0.9931305050849915,0.6691714525222778
YMR119W,YDL042C,0,-0.3605172,0.13156525790691376,0.9931305050849915,0.6692715883255005
YDR352W,YEL020C,0,-0.36153364,0.13154816627502441,0.9931305050849915,0.6693717837333679
YOL156W,YOR339C,0,-0.36227334,0.13153105974197388,0.9931305050849915,0.6694719791412354
YHL009W-A,YIL101C,0,-0.3623098,0.13151396811008453,0.9931305050849915,0.6695721745491028
YDR369C,YBR271W,0,-0.36279756,0.1314968764781952,0.9931305050849915,0.6696723699569702
YBL089W,YBR037C,0,-0.36280572,0.13147979974746704,0.9931305050849915,0.6697725653648376
YGR281W,YPR137C-A,0,-0.3630281,0.1314627230167389,0.9931305050849915,0.6698727607727051
YPL258C,YLR300W,0,-0.36319566,0.13144564628601074,0.9931305050849915,0.6699729561805725
YGL137W,YHR098C,0,-0.36321062,0.1314285695552826,0.9931305050849915,0.6700731515884399
YHR003C,YNR006W,0,-0.36456424,0.13141150772571564,0.9931305050849915,0.6701733469963074
YGR067C,YOR206W,0,-0.3649574,0.13139444589614868,0.9931305050849915,0.6702735424041748
YJR093C,YPR185W,0,-0.36570537,0.13137738406658173,0.9931305050849915,0.6703737378120422
YHR089C,YGR010W,0,-0.36581427,0.13136033713817596,0.9931305050849915,0.6704738736152649
YOR275C,YDR253C,0,-0.36599845,0.1313432902097702,0.9931305050849915,0.6705740690231323
YDL007W,YHR101C,0,-0.36611307,0.13132624328136444,0.9931305050849915,0.6706742644309998
YBL055C,YEL041W,0,-0.3662421,0.13130919635295868,0.9931305050849915,0.6707744598388672
YMR123W,YLR128W,0,-0.36640143,0.1312921643257141,0.9931305050849915,0.6708746552467346
YPL211W,YHR098C,0,-0.36657804,0.13127513229846954,0.9931305050849915,0.670974850654602
YLR040C,YMR281W,0,-0.36663532,0.13125810027122498,0.9931305050849915,0.6710750460624695
YNL192W,YKL173W,0,-0.3672008,0.1312410831451416,0.9931305050849915,0.6711752414703369
YKR014C,YMR194W,0,-0.36779624,0.13122406601905823,0.9931305050849915,0.6712754368782043
YOR378W,YDR231C,0,-0.36817312,0.13120704889297485,0.9931305050849915,0.6713756322860718
YER088C,YLR297W,0,-0.3684504,0.13119004666805267,0.9931305050849915,0.6714758276939392
YFR004W,YDR072C,0,-0.36856157,0.1311730444431305,0.9931305050849915,0.6715760231018066
YOR069W,YDR362C,0,-0.36888117,0.1311560422182083,0.9931305050849915,0.6716761589050293
YPR137C-B,YML077W,0,-0.36997432,0.13113903999328613,0.9931305050849915,0.6717763543128967
YJR057W,YNL101W,0,-0.3701092,0.13112205266952515,0.9931305050849915,0.6718765497207642
YGR271W,YBL050W,0,-0.37035292,0.13110506534576416,0.9931305050849915,0.6719767451286316
YGL097W,YLR388W,0,-0.37165827,0.13108807802200317,0.9931305050849915,0.672076940536499
YJL154C,YHR132C,0,-0.37169468,0.13107110559940338,0.9931305050849915,0.6721771359443665
YDR130C,YNR036C,0,-0.37197268,0.1310541331768036,0.9931305050849915,0.6722773313522339
YLR240W,YOL138C,0,-0.37236774,0.1310371607542038,0.9931305050849915,0.6723775267601013
YJR076C,YOL041C,0,-0.37256104,0.1310202032327652,0.9931305050849915,0.6724777221679688
YLR165C,YHL012W,1,-0.37293112,0.13113269209861755,0.9941118955612183,0.6724777221679688
YLL039C,YGR240C,0,-0.37422985,0.13111571967601776,0.9941118955612183,0.6725779175758362
YDR495C,YIL023C,0,-0.3742832,0.13109874725341797,0.9941118955612183,0.6726781129837036
YNL283C,YPL257W-B,0,-0.37465507,0.13108177483081818,0.9941118955612183,0.672778308391571
YJR025C,YNR067C,0,-0.37557107,0.13106481730937958,0.9941118955612183,0.6728784441947937
YDR261C-D,YMR315W,0,-0.37583703,0.13104785978794098,0.9941118955612183,0.6729786396026611
YPL194W,YAL035W,0,-0.37652302,0.13103091716766357,0.9941118955612183,0.6730788350105286
YHR175W,YIL091C,0,-0.37664837,0.13101397454738617,0.9941118955612183,0.673179030418396
YOR308C,YBL003C,0,-0.3768447,0.13099703192710876,0.9941118955612183,0.6732792258262634
YDL022W,YCL003W,0,-0.377962,0.13098008930683136,0.9941118955612183,0.6733794212341309
YDR038C,YJR060W,0,-0.37830466,0.13096316158771515,0.9941118955612183,0.6734796166419983
YDL095W,YGR238C,0,-0.3807248,0.13094621896743774,0.9941118955612183,0.6735798120498657
YDR451C,YJR045C,0,-0.38094652,0.13092930614948273,0.9941118955612183,0.6736800074577332
YBR115C,YNL209W,0,-0.38113844,0.13091237843036652,0.9941118955612183,0.6737802028656006
YBR021W,YCR055C,0,-0.38158768,0.1308954656124115,0.9941118955612183,0.673880398273468
YFL002W-A,YER012W,0,-0.3817671,0.13087855279445648,0.9941118955612183,0.6739805340766907
YCR069W,YDL055C,0,-0.38237798,0.13086163997650146,0.9941118955612183,0.6740807294845581
YCL050C,YLR203C,0,-0.38253093,0.13084474205970764,0.9941118955612183,0.6741809248924255
YOR142W-A,YPR081C,0,-0.38254803,0.13082784414291382,0.9941118955612183,0.674281120300293
YBR216C,YFL010W-A,0,-0.3835976,0.13081094622612,0.9941118955612183,0.6743813157081604
YGR277C,YDR285W,0,-0.38615334,0.13079406321048737,0.9941118955612183,0.6744815111160278
YFL013C,YPL271W,0,-0.3870963,0.13077718019485474,0.9941118955612183,0.6745817065238953
YPR094W,YLR015W,0,-0.38716376,0.1307602971792221,0.9941118955612183,0.6746819019317627
YGR106C,YMR033W,0,-0.38716787,0.13074341416358948,0.9941118955612183,0.6747820973396301
YOR233W,YBR160W,0,-0.38741302,0.13072654604911804,0.9941118955612183,0.6748822927474976
YML112W,YPL214C,0,-0.38752228,0.1307096779346466,0.9941118955612183,0.674982488155365
YJL028W,YDR356W,0,-0.38792443,0.13069280982017517,0.9941118955612183,0.6750826835632324
YPL032C,YOL006C,0,-0.38832998,0.13067595660686493,0.9941118955612183,0.6751828193664551
YDR421W,YJR119C,0,-0.38868636,0.1306591033935547,0.9941118955612183,0.6752830147743225
YBR123C,YDR030C,0,-0.38880688,0.13064225018024445,0.9941118955612183,0.6753832101821899
YNL064C,YJL062W,0,-0.39009303,0.1306253969669342,0.9941118955612183,0.6754834055900574
YDR508C,YMR150C,0,-0.39041603,0.13060855865478516,0.9941118955612183,0.6755836009979248
YBL057C,YLR330W,0,-0.39095002,0.1305917203426361,0.9941118955612183,0.6756837964057922
YDR059C,YKL209C,0,-0.3921861,0.13057489693164825,0.9941118955612183,0.6757839918136597
YJL053W,YLR182W,0,-0.39242828,0.1305580586194992,0.9941118955612183,0.6758841872215271
YOL058W,YGL227W,0,-0.39313,0.13054123520851135,0.9941118955612183,0.6759843826293945
YHR039C-B,YIL048W,0,-0.39334494,0.1305244117975235,0.9941118955612183,0.676084578037262
YGL224C,YNL257C,0,-0.39359027,0.13050760328769684,0.9941118955612183,0.6761847734451294
YHR050W,YPL230W,0,-0.39389175,0.13049079477787018,0.9941118955612183,0.6762849688529968
YOR322C,YGL205W,0,-0.39418507,0.13047398626804352,0.9941118955612183,0.6763851046562195
YGR061C,YBR290W,0,-0.3953157,0.13045717775821686,0.9941118955612183,0.6764853000640869
YER159C-A,YGR252W,0,-0.3966961,0.1304403841495514,0.9941118955612183,0.6765854954719543
YOR142W-A,YMR005W,0,-0.39722425,0.13042359054088593,0.9941118955612183,0.6766856908798218
YDR466W,YMR287C,0,-0.3972926,0.13040679693222046,0.9941118955612183,0.6767858862876892
YCL020W,YGL251C,0,-0.39963436,0.1303900182247162,0.9941118955612183,0.6768860816955566
YNR047W,YDR085C,0,-0.39972895,0.13037322461605072,0.9941118955612183,0.6769862771034241
YMR218C,YBR139W,0,-0.40055966,0.13035646080970764,0.9941118955612183,0.6770864725112915
YDL008W,YLR095C,0,-0.40142196,0.13033968210220337,0.9941118955612183,0.6771866679191589
YPL196W,YGR252W,0,-0.40143722,0.1303229182958603,0.9941118955612183,0.6772868633270264
YGR169C,YDL122W,1,-0.401469,0.1304347813129425,0.9950932264328003,0.6772868633270264
YBR196C,YNL037C,0,-0.40175158,0.13041800260543823,0.9950932264328003,0.6773870587348938
YBL039C,YDR086C,0,-0.40285504,0.13040123879909515,0.9950932264328003,0.6774872541427612
YER039C,YDR409W,0,-0.404904,0.13038446009159088,0.9950932264328003,0.6775873899459839
YLL011W,YPL059W,0,-0.4053905,0.130367711186409,0.9950932264328003,0.6776875853538513
YGR034W,YER027C,0,-0.40678108,0.13035094738006592,0.9950932264328003,0.6777877807617188
YNL227C,YIL050W,0,-0.40784883,0.13033418357372284,0.9950932264328003,0.6778879761695862
YDL188C,YGL255W,0,-0.40937465,0.13031743466854095,0.9950932264328003,0.6779881715774536
YOL101C,YNL073W,0,-0.4096132,0.13030070066452026,0.9950932264328003,0.678088366985321
YFR045W,YGR268C,0,-0.4097401,0.13028395175933838,0.9950932264328003,0.6781885623931885
YKL144C,YGR085C,0,-0.41032708,0.1302672177553177,0.9950932264328003,0.6782887578010559
YJR013W,YOR140W,0,-0.41084683,0.130250483751297,0.9950932264328003,0.6783889532089233
YNL236W,YDR329C,0,-0.4109459,0.1302337497472763,0.9950932264328003,0.6784891486167908
YBR221C,YNL039W,0,-0.41222084,0.1302170306444168,0.9950932264328003,0.6785893440246582
YDR436W,YEL070W,0,-0.41249788,0.1302003115415573,0.9950932264328003,0.6786895394325256
YAL021C,YMR224C,0,-0.41455925,0.13018359243869781,0.9950932264328003,0.6787896752357483
YIL155C,YNL032W,0,-0.41467154,0.13016687333583832,0.9950932264328003,0.6788898706436157
YLR297W,YOR063W,0,-0.41652095,0.13015016913414001,0.9950932264328003,0.6789900660514832
YFL024C,YBL050W,0,-0.4178183,0.1301334649324417,0.9950932264328003,0.6790902614593506
YGR033C,YJR091C,0,-0.41808087,0.1301167756319046,0.9950932264328003,0.679190456867218
YDR501W,YPL139C,0,-0.4184364,0.1301000714302063,0.9950932264328003,0.6792906522750854
YGR027W-B,YPL093W,0,-0.41881675,0.1300833821296692,0.9950932264328003,0.6793908476829529
YFL039C,YLR285W,0,-0.41916585,0.13006670773029327,0.9950932264328003,0.6794910430908203
YLR025W,YOL062C,0,-0.41955352,0.13005001842975616,0.9950932264328003,0.6795912384986877
YIL017C,YOL103W-B,0,-0.4196363,0.13003334403038025,0.9950932264328003,0.6796914339065552
YNL079C,YPL258C,0,-0.4196794,0.13001666963100433,0.9950932264328003,0.6797916293144226
YEL021W,YHL009C,0,-0.4204843,0.12999999523162842,0.9950932264328003,0.6798917651176453
YDL215C,YDR358W,0,-0.42105365,0.1299833357334137,0.9950932264328003,0.6799919605255127
YGL014W,YBR019C,0,-0.421633,0.12996667623519897,0.9950932264328003,0.6800921559333801
YJL113W,YMR278W,0,-0.42291427,0.12995001673698425,0.9950932264328003,0.6801923513412476
YJR033C,YDR081C,0,-0.4234807,0.12993337213993073,0.9950932264328003,0.680292546749115
YHR047C,YGL084C,0,-0.42399997,0.129916712641716,0.9950932264328003,0.6803927421569824
YLR405W,YGL068W,0,-0.42489833,0.12990008294582367,0.9950932264328003,0.6804929375648499
YMR077C,YCR027C,0,-0.42503077,0.12988343834877014,0.9950932264328003,0.6805931329727173
YHR069C,YPL283C,0,-0.42519903,0.1298668086528778,0.9950932264328003,0.6806933283805847
YKR006C,YNL223W,0,-0.42739433,0.12985017895698547,0.9950932264328003,0.6807935237884521
YDR484W,YOL065C,0,-0.42829823,0.12983354926109314,0.9950932264328003,0.6808937191963196
YNL091W,YNR041C,0,-0.42898732,0.1298169195652008,0.9950932264328003,0.680993914604187
YBR158W,YHR186C,0,-0.42926294,0.12980030477046967,0.9950932264328003,0.6810940504074097
YPL242C,YMR231W,0,-0.4294539,0.12978368997573853,0.9950932264328003,0.6811942458152771
YOR219C,YKL218C,0,-0.43031943,0.12976709008216858,0.9950932264328003,0.6812944412231445
YJR060W,YBL005W-A,0,-0.4303763,0.12975047528743744,0.9950932264328003,0.681394636631012
YJL014W,YOL155C,0,-0.43051875,0.1297338753938675,0.9950932264328003,0.6814948320388794
YJR005W,YER115C,0,-0.4315052,0.12971727550029755,0.9950932264328003,0.6815950274467468
YCR034W,YJL108C,0,-0.43164408,0.1297006905078888,0.9950932264328003,0.6816952228546143
YOR349W,YBR288C,0,-0.43205333,0.12968410551548004,0.9950932264328003,0.6817954182624817
YIL122W,YMR071C,0,-0.43363422,0.1296675205230713,0.9950932264328003,0.6818956136703491
YKR102W,YGR059W,0,-0.43422234,0.12965093553066254,0.9950932264328003,0.6819958090782166
YMR106C,YOL065C,0,-0.43503302,0.12963436543941498,0.9950932264328003,0.682096004486084
YPR168W,YIR039C,0,-0.43611062,0.12961779534816742,0.9950932264328003,0.6821961998939514
YGR109W-B,YOR231W,0,-0.43615258,0.12960122525691986,0.9950932264328003,0.6822963356971741
YER021W,YHR029C,0,-0.4362676,0.1295846700668335,0.9950932264328003,0.6823965311050415
YMR198W,YDL020C,0,-0.43670964,0.12956809997558594,0.9950932264328003,0.6824967265129089
YOR064C,YDR338C,0,-0.43706304,0.12955155968666077,0.9950932264328003,0.6825969219207764
YDR501W,YDR016C,0,-0.43911177,0.1295350044965744,0.9950932264328003,0.6826971173286438
YPL162C,YHR042W,0,-0.43943453,0.12951846420764923,0.9950932264328003,0.6827973127365112
YGR026W,YBR282W,0,-0.44196957,0.12950190901756287,0.9950932264328003,0.6828975081443787
YDR044W,YPL134C,0,-0.44242287,0.1294853836297989,0.9950932264328003,0.6829977035522461
YNL175C,YGL089C,0,-0.4429009,0.12946884334087372,0.9950932264328003,0.6830978989601135
YGR109W-B,YDL138W,0,-0.4448818,0.12945231795310974,0.9950932264328003,0.683198094367981
YIL138C,YIL070C,0,-0.4464512,0.12943579256534576,0.9950932264328003,0.6832982897758484
YKR098C,YJL093C,0,-0.44647825,0.1294192671775818,0.9950932264328003,0.6833984851837158
YBR014C,YJL066C,0,-0.4480251,0.129402756690979,0.9950932264328003,0.6834986209869385
YLR157C-A,YNL172W,0,-0.4483717,0.12938624620437622,0.9950932264328003,0.6835988163948059
YBR084W,YER027C,0,-0.4484917,0.12936973571777344,0.9950932264328003,0.6836990118026733
YBL046W,YHR101C,0,-0.44898808,0.12935324013233185,0.9950932264328003,0.6837992072105408
YNL061W,YGL089C,0,-0.45021975,0.12933672964572906,0.9950932264328003,0.6838994026184082
YLR153C,YMR208W,0,-0.4503147,0.12932023406028748,0.9950932264328003,0.6839995980262756
YMR117C,YJL048C,0,-0.4504826,0.12930375337600708,0.9950932264328003,0.6840997934341431
YDR519W,YIR003W,0,-0.4507236,0.1292872577905655,0.9950932264328003,0.6841999888420105
YHR062C,YGL135W,0,-0.451769,0.1292707771062851,0.9950932264328003,0.6843001842498779
YJL042W,YBR024W,0,-0.4526155,0.1292542964220047,0.9950932264328003,0.6844003796577454
YHR011W,YFL037W,0,-0.4527762,0.1292378306388855,0.9950932264328003,0.6845005750656128
YDL168W,YHR135C,0,-0.4532305,0.1292213648557663,0.9950932264328003,0.6846007704734802
YMR099C,YDL159W,0,-0.45360506,0.1292048990726471,0.9950932264328003,0.6847009062767029
YFL014W,YDL207W,0,-0.45368254,0.1291884332895279,0.9950932264328003,0.6848011016845703
YDL015C,YGL244W,0,-0.45372385,0.1291719675064087,0.9950932264328003,0.6849012970924377
YOL148C,YHR041C,0,-0.4538082,0.12915551662445068,0.9950932264328003,0.6850014925003052
YCR071C,YLR157C-B,0,-0.45435905,0.12913906574249268,0.9950932264328003,0.6851016879081726
YAL017W,YNL210W,0,-0.45508587,0.12912262976169586,0.9950932264328003,0.68520188331604
YML066C,YER159C-A,0,-0.4551021,0.12910619378089905,0.9950932264328003,0.6853020787239075
YHR007C,YHL009W-A,0,-0.45514047,0.12908975780010223,0.9950932264328003,0.6854022741317749
YML106W,YJL114W,0,-0.45579976,0.12907332181930542,0.9950932264328003,0.6855024695396423
YNR035C,YCR067C,0,-0.45918834,0.1290568858385086,0.9950932264328003,0.6856026649475098
YOR067C,YPR102C,0,-0.4596405,0.12904046475887299,0.9950932264328003,0.6857028603553772
YLR370C,YGR084C,0,-0.46139264,0.12902404367923737,0.9950932264328003,0.6858029961585999
YOL124C,YGL184C,0,-0.46193427,0.12900763750076294,0.9950932264328003,0.6859031915664673
YPR156C,YJR147W,0,-0.46215916,0.12899121642112732,0.9950932264328003,0.6860033869743347
YDL121C,YNL330C,0,-0.46224964,0.1289748102426529,0.9950932264328003,0.6861035823822021
YPR158C-D,YOL146W,0,-0.46234578,0.12895841896533966,0.9950932264328003,0.6862037777900696
YMR080C,YDR283C,0,-0.4629386,0.12894201278686523,0.9950932264328003,0.686303973197937
YDL132W,YHR115C,0,-0.46517587,0.128925621509552,0.9950932264328003,0.6864041686058044
YKL093W,YJL093C,0,-0.46738243,0.12890923023223877,0.9950932264328003,0.6865043640136719
YGL236C,YIR035C,0,-0.46768904,0.12889283895492554,0.9950932264328003,0.6866045594215393
YNL238W,YMR267W,0,-0.4679454,0.1288764625787735,0.9950932264328003,0.6867047548294067
YBR230C,YFR021W,0,-0.46839368,0.12886008620262146,0.9950932264328003,0.6868049502372742
YPL150W,YMR136W,0,-0.46963304,0.12884370982646942,0.9950932264328003,0.6869051456451416
YKR101W,YDL112W,0,-0.46966857,0.12882733345031738,0.9950932264328003,0.6870052814483643
YGL044C,YDR069C,0,-0.46973932,0.12881097197532654,0.9950932264328003,0.6871054768562317
YIL135C,YLR343W,0,-0.4699067,0.1287946105003357,0.9950932264328003,0.6872056722640991
YDL065C,YMR314W,0,-0.4714011,0.12877826392650604,0.9950932264328003,0.6873058676719666
YOL104C,YDR425W,0,-0.47177494,0.1287619024515152,0.9950932264328003,0.687406063079834
YLR207W,YDL020C,0,-0.47229892,0.12874555587768555,0.9950932264328003,0.6875062584877014
YGR195W,YOL157C,0,-0.47256458,0.1287292093038559,0.9950932264328003,0.6876064538955688
YBR183W,YPR061C,0,-0.47274292,0.12871287763118744,0.9950932264328003,0.6877066493034363
YOR007C,YGL173C,0,-0.4728526,0.1286965310573578,0.9950932264328003,0.6878068447113037
YLR086W,YFR033C,0,-0.47289288,0.12868019938468933,0.9950932264328003,0.6879070401191711
YBR139W,YDR261W-A,0,-0.47379285,0.12866386771202087,0.9950932264328003,0.6880072355270386
YGR166W,YDL045W-A,0,-0.47411454,0.1286475509405136,0.9950932264328003,0.688107430934906
YIL103W,YCL057C-A,0,-0.47418505,0.12863123416900635,0.9950932264328003,0.6882075667381287
YDR197W,YGR198W,0,-0.4768415,0.12861491739749908,0.9950932264328003,0.6883077621459961
YER159C-A,YPL124W,0,-0.47764832,0.12859860062599182,0.9950932264328003,0.6884079575538635
YEL065W,YDR210W-B,0,-0.4776773,0.12858229875564575,0.9950932264328003,0.688508152961731
YDR210W-A,YGR161W-B,0,-0.4784448,0.12856599688529968,0.9950932264328003,0.6886083483695984
YGR249W,YDR062W,0,-0.47880012,0.1285496950149536,0.9950932264328003,0.6887085437774658
YNL327W,YDL108W,0,-0.47888273,0.12853340804576874,0.9950932264328003,0.6888087391853333
YNL236W,YPR043W,0,-0.47968036,0.12851710617542267,0.9950932264328003,0.6889089345932007
YDR101C,YBL019W,0,-0.48072332,0.1285008192062378,0.9950932264328003,0.6890091300010681
YOR167C,YNL321W,0,-0.48175293,0.1284845471382141,0.9950932264328003,0.6891093254089355
YNL239W,YPL042C,0,-0.48186582,0.12846826016902924,0.9950932264328003,0.689209520816803
YAL060W,YMR117C,0,-0.48288167,0.12845198810100555,0.9950932264328003,0.6893097162246704
YFL039C,YIR021W,0,-0.4836501,0.12843571603298187,0.9950932264328003,0.6894098520278931
YMR314W,YCL027W,0,-0.48392093,0.12841945886611938,0.9950932264328003,0.6895100474357605
YDR064W,YBR115C,0,-0.48414958,0.1284031867980957,0.9950932264328003,0.6896102428436279
YBR150C,YDL047W,0,-0.485448,0.12838692963123322,0.9950932264328003,0.6897104382514954
YBR183W,YNL054W-B,0,-0.48568523,0.12837067246437073,0.9950932264328003,0.6898106336593628
YBL105C,YNR057C,0,-0.49022448,0.12835443019866943,0.9950932264328003,0.6899108290672302
YLR047C,YNL248C,0,-0.49052525,0.12833818793296814,0.9950932264328003,0.6900110244750977
YOL031C,YDR298C,0,-0.49060357,0.12832194566726685,0.9950932264328003,0.6901112198829651
YBL027W,YML005W,0,-0.4923327,0.12830570340156555,0.9950932264328003,0.6902114152908325
YKL090W,YMR139W,0,-0.4925173,0.12828947603702545,0.9950932264328003,0.6903116106987
YKR054C,YLR142W,0,-0.493249,0.12827324867248535,0.9950932264328003,0.6904118061065674
YLR297W,YAL058W,0,-0.49355674,0.12825702130794525,0.9950932264328003,0.6905120015144348
YML128C,YMR019W,0,-0.49385524,0.12824079394340515,0.9950932264328003,0.6906121373176575
YBL018C,YMR150C,0,-0.49417192,0.12822458148002625,0.9950932264328003,0.6907123327255249
YPR094W,YFR044C,0,-0.4950025,0.12820836901664734,0.9950932264328003,0.6908125281333923
YJL148W,YGR002C,0,-0.49517787,0.12819215655326843,0.9950932264328003,0.6909127235412598
YDR461W,YLR364W,0,-0.4954933,0.12817595899105072,0.9950932264328003,0.6910129189491272
YBR128C,YMR104C,0,-0.49574983,0.128159761428833,0.9950932264328003,0.6911131143569946
YBL020W,YMR029C,0,-0.49675834,0.1281435638666153,0.9950932264328003,0.6912133097648621
YBR010W,YOL138C,0,-0.49840337,0.12812736630439758,0.9950932264328003,0.6913135051727295
YBR098W,YPR204W,0,-0.49845934,0.12811118364334106,0.9950932264328003,0.6914137005805969
YGL181W,YHR105W,0,-0.4986788,0.12809500098228455,0.9950932264328003,0.6915138959884644
YPL106C,YJR092W,0,-0.49960113,0.12807881832122803,0.9950932264328003,0.6916140913963318
YJL160C,YNL229C,0,-0.49987376,0.1280626356601715,0.9950932264328003,0.6917142868041992
YMR314W,YBR278W,0,-0.5003879,0.12804646790027618,0.9950932264328003,0.6918144226074219
YNL300W,YKL218C,0,-0.5036629,0.12803030014038086,0.9950932264328003,0.6919146180152893
YPL139C,YAL017W,0,-0.5036816,0.12801413238048553,0.9950932264328003,0.6920148134231567
YKL084W,YNL097C,0,-0.5037916,0.1279979795217514,0.9950932264328003,0.6921150088310242
YOR073W,YPL085W,0,-0.5044701,0.12798182666301727,0.9950932264328003,0.6922152042388916
YLR332W,YJL172W,0,-0.50462246,0.12796567380428314,0.9950932264328003,0.692315399646759
YPL246C,YHL024W,0,-0.50474614,0.127949520945549,0.9950932264328003,0.6924155950546265
YGR133W,YLR383W,0,-0.5050964,0.12793338298797607,0.9950932264328003,0.6925157904624939
YCL045C,YDR069C,0,-0.5052951,0.12791724503040314,0.9950932264328003,0.6926159858703613
YPR137C-B,YER157W,0,-0.50576735,0.1279011070728302,0.9950932264328003,0.6927161812782288
YPR011C,YPL118W,0,-0.5062714,0.12788498401641846,0.9950932264328003,0.6928163766860962
YIL110W,YMR166C,0,-0.5066555,0.12786884605884552,0.9950932264328003,0.6929165124893188
YPL060C-A,YOR171C,0,-0.50772005,0.12785272300243378,0.9950932264328003,0.6930167078971863
YMR271C,YLR209C,0,-0.50824475,0.12783661484718323,0.9950932264328003,0.6931169033050537
YBR196C,YOL003C,0,-0.50907373,0.12782049179077148,0.9950932264328003,0.6932170987129211
YPL060C-A,YMR213W,0,-0.5093949,0.12780438363552094,0.9950932264328003,0.6933172941207886
YMR154C,YOR233W,0,-0.5100254,0.12778827548027039,0.9950932264328003,0.693417489528656
YNL098C,YML012W,0,-0.5100778,0.12777218222618103,0.9950932264328003,0.6935176849365234
YMR193W,YML045W-A,0,-0.51055324,0.12775607407093048,0.9950932264328003,0.6936178803443909
YML064C,YPL093W,0,-0.51060426,0.12773998081684113,0.9950932264328003,0.6937180757522583
YMR204C,YPL206C,0,-0.51170564,0.12772388756275177,0.9950932264328003,0.6938182711601257
YOR142W-B,YHL009W-B,0,-0.51243675,0.1277078092098236,0.9950932264328003,0.6939184665679932
YOR057W,YDR414C,0,-0.5125074,0.12769173085689545,0.9950932264328003,0.6940186619758606
YPL226W,YGL084C,0,-0.51344824,0.12767565250396729,0.9950932264328003,0.6941187977790833
YER095W,YJL114W,0,-0.5141127,0.12765957415103912,0.9950932264328003,0.6942189931869507
YGL249W,YLR120C,0,-0.5156191,0.12764351069927216,0.9950932264328003,0.6943191885948181
YOL056W,YDR536W,0,-0.51634353,0.127627432346344,0.9950932264328003,0.6944193840026855
YDL035C,YJR010W,0,-0.5164846,0.12761138379573822,0.9950932264328003,0.694519579410553
YMR013C,YPR138C,0,-0.51658535,0.12759532034397125,0.9950932264328003,0.6946197748184204
YCL011C,YDL190C,0,-0.5167737,0.12757927179336548,0.9950932264328003,0.6947199702262878
YDR123C,YOL039W,0,-0.516922,0.1275632083415985,0.9950932264328003,0.6948201656341553
YBR001C,YHR085W,0,-0.5170671,0.12754717469215393,0.9950932264328003,0.6949203610420227
YDR013W,YHL009W-A,0,-0.51736325,0.12753112614154816,0.9950932264328003,0.6950205564498901
YNL321W,YGL153W,0,-0.51825315,0.12751509249210358,0.9950932264328003,0.6951207518577576
YJL106W,YHR091C,0,-0.5199548,0.127499058842659,0.9950932264328003,0.695220947265625
YDR283C,YAL043C,0,-0.5200559,0.12748302519321442,0.9950932264328003,0.6953210830688477
YKL090W,YPR006C,0,-0.5200963,0.12746700644493103,0.9950932264328003,0.6954212784767151
YDR378C,YPL218W,0,-0.52047133,0.12745098769664764,0.9950932264328003,0.6955214738845825
YDR210C-C,YOR074C,0,-0.52105236,0.12743496894836426,0.9950932264328003,0.69562166929245
YDL232W,YER164W,0,-0.52167773,0.12741895020008087,0.9950932264328003,0.6957218647003174
YMR071C,YER120W,0,-0.5222013,0.12740294635295868,0.9950932264328003,0.6958220601081848
YLR207W,YOR145C,0,-0.52270013,0.1273869276046753,0.9950932264328003,0.6959222555160522
YIL044C,YFR045W,0,-0.5241787,0.1273709386587143,0.9950932264328003,0.6960224509239197
YMR295C,YDR462W,0,-0.52794456,0.1273549348115921,0.9950932264328003,0.6961226463317871
YPR187W,YDR371W,0,-0.5285672,0.1273389458656311,0.9950932264328003,0.6962228417396545
YFL039C,YJL189W,0,-0.5287972,0.1273229569196701,0.9950932264328003,0.696323037147522
YOR180C,YER184C,0,-0.5288936,0.1273069679737091,0.9950932264328003,0.6964232325553894
YDR153C,YPL059W,0,-0.5290504,0.1272909939289093,0.9950932264328003,0.6965233683586121
YMR106C,YPL129W,0,-0.5293199,0.1272750049829483,0.9950932264328003,0.6966235637664795
YDR038C,YMR204C,0,-0.52935493,0.1272590309381485,0.9950932264328003,0.6967237591743469
YDR163W,YLR045C,0,-0.52944505,0.1272430717945099,0.9950932264328003,0.6968239545822144
YOL057W,YER153C,0,-0.5307878,0.12722709774971008,0.9950932264328003,0.6969241499900818
YEL042W,YPL060C-A,0,-0.5315648,0.12721113860607147,0.9950932264328003,0.6970243453979492
YOR308C,YLR153C,0,-0.53168,0.12719517946243286,0.9950932264328003,0.6971245408058167
YOL058W,YLR084C,0,-0.53181076,0.12717923521995544,0.9950932264328003,0.6972247362136841
YDR173C,YNL245C,0,-0.53212893,0.12716327607631683,0.9950932264328003,0.6973249316215515
YBR118W,YLR348C,0,-0.53333056,0.12714733183383942,0.9950932264328003,0.697425127029419
YMR044W,YMR292W,0,-0.5333392,0.127131387591362,0.9950932264328003,0.6975253224372864
YMR088C,YML042W,0,-0.534498,0.12711545825004578,0.9950932264328003,0.6976255178451538
YNL154C,YMR115W,0,-0.5345575,0.12709952890872955,0.9950932264328003,0.6977256536483765
YGL178W,YDR488C,0,-0.53754663,0.12708359956741333,0.9950932264328003,0.6978258490562439
YPL269W,YGL077C,0,-0.5379351,0.1270676702260971,0.9950932264328003,0.6979260444641113
YJR126C,YEL040W,0,-0.5392159,0.12705174088478088,0.9950932264328003,0.6980262398719788
YMR186W,YDR261W-B,0,-0.5397518,0.12703582644462585,0.9950932264328003,0.6981264352798462
YCR092C,YBL019W,0,-0.540379,0.12701991200447083,0.9950932264328003,0.6982266306877136
YBL058W,YHR099W,0,-0.5408435,0.127004012465477,0.9950932264328003,0.698326826095581
YJL047C,YKL056C,0,-0.5416931,0.12698809802532196,0.9950932264328003,0.6984270215034485
YAL038W,YCL057C-A,0,-0.5424075,0.12697219848632812,0.9950932264328003,0.6985272169113159
YMR167W,YLR414C,0,-0.5425341,0.1269562989473343,0.9950932264328003,0.6986274123191833
YPL143W,YBR293W,0,-0.5425349,0.12694041430950165,0.9950932264328003,0.6987276077270508
YPL213W,YOR073W,0,-0.54343116,0.1269245147705078,0.9950932264328003,0.6988277435302734
YOL129W,YML125C,0,-0.54437655,0.12690863013267517,0.9950932264328003,0.6989279389381409
YBR299W,YCL026C-A,0,-0.54514885,0.12689276039600372,0.9950932264328003,0.6990281343460083
YBL028C,YDR499W,0,-0.5463661,0.12687687575817108,0.9950932264328003,0.6991283297538757
YEL015W,YNL273W,0,-0.54645026,0.12686100602149963,0.9950932264328003,0.6992285251617432
YOR066W,YKR042W,0,-0.5478517,0.12684513628482819,0.9950932264328003,0.6993287205696106
YLR410W-A,YGL090W,0,-0.54810494,0.12682926654815674,0.9950932264328003,0.699428915977478
YOL058W,YGR028W,0,-0.54874253,0.12681341171264648,0.9950932264328003,0.6995291113853455
YLR370C,YDR202C,0,-0.5496497,0.12679754197597504,0.9950932264328003,0.6996293067932129
YMR193W,YGR132C,0,-0.5501164,0.12678170204162598,0.9950932264328003,0.6997295022010803
YHR156C,YPL255W,0,-0.5501489,0.12676584720611572,0.9950932264328003,0.6998296976089478
YJR015W,YBR176W,0,-0.55030054,0.12675000727176666,0.9950932264328003,0.6999298930168152
YJL097W,YFL009W,0,-0.5506817,0.1267341524362564,0.9950932264328003,0.7000300288200378
YDR403W,YPL028W,0,-0.55116343,0.12671832740306854,0.9950932264328003,0.7001302242279053
YPR061C,YMR033W,0,-0.55131906,0.12670248746871948,0.9950932264328003,0.7002304196357727
YGL008C,YML025C,0,-0.55143464,0.12668666243553162,0.9950932264328003,0.7003306150436401
YLR309C,YDL083C,0,-0.55187327,0.12667083740234375,0.9950932264328003,0.7004308104515076
YCR003W,YLR064W,0,-0.55237013,0.12665501236915588,0.9950932264328003,0.700531005859375
YDR218C,YIL026C,0,-0.5524914,0.12663918733596802,0.9950932264328003,0.7006312012672424
YDR476C,YML070W,0,-0.5526547,0.12662337720394135,0.9950932264328003,0.7007313966751099
YJR125C,YML037C,0,-0.5539738,0.12660756707191467,0.9950932264328003,0.7008315920829773
YJR013W,YDR255C,0,-0.5541693,0.126591756939888,0.9950932264328003,0.7009317874908447
YNL202W,YOR269W,0,-0.55731004,0.12657596170902252,0.9950932264328003,0.7010319828987122
YKL090W,YLL023C,0,-0.55844223,0.12656016647815704,0.9950932264328003,0.7011321783065796
YOL091W,YEL022W,0,-0.55845654,0.12654437124729156,0.9950932264328003,0.7012323141098022
YPL066W,YMR020W,0,-0.55999887,0.1265285760164261,0.9950932264328003,0.7013325095176697
YLR227W-B,YGL200C,0,-0.5606352,0.1265127956867218,0.9950932264328003,0.7014327049255371
YLR441C,YIL006W,0,-0.5607084,0.12649700045585632,0.9950932264328003,0.7015329003334045
YGR028W,YDR262W,0,-0.5612797,0.12648122012615204,0.9950932264328003,0.701633095741272
YGR249W,YLL062C,0,-0.56383234,0.12646545469760895,0.9950932264328003,0.7017332911491394
YBR173C,YGR279C,0,-0.5638647,0.12644968926906586,0.9950932264328003,0.7018334865570068
YLR209C,YKR059W,0,-0.56433105,0.12643390893936157,0.9950932264328003,0.7019336819648743
YLR340W,YKL222C,0,-0.5647795,0.12641815841197968,0.9950932264328003,0.7020338773727417
YNL189W,YIL109C,0,-0.56557655,0.12640239298343658,0.9950932264328003,0.7021340727806091
YIR033W,YCR034W,0,-0.5660444,0.1263866424560547,0.9950932264328003,0.7022342681884766
YPL003W,YDR419W,0,-0.5680713,0.1263708919286728,0.9950932264328003,0.702334463596344
YOR151C,YPL072W,0,-0.5682627,0.1263551414012909,0.9950932264328003,0.7024345993995667
YHR023W,YDL015C,0,-0.5683222,0.126339390873909,0.9950932264328003,0.7025347948074341
YPR001W,YHR056C,0,-0.5689444,0.1263236552476883,0.9950932264328003,0.7026349902153015
YLR256W,YDR473C,0,-0.5694394,0.1263079196214676,0.9950932264328003,0.702735185623169
YNR057C,YML072C,0,-0.56953907,0.1262921839952469,0.9950932264328003,0.7028353810310364
YHR017W,YOR192C-B,0,-0.56979203,0.12627646327018738,0.9950932264328003,0.7029355764389038
YOR092W,YML032C,0,-0.5700946,0.12626074254512787,0.9950932264328003,0.7030357718467712
YIR006C,YPR036W,0,-0.5703405,0.12624502182006836,0.9950932264328003,0.7031359672546387
YOR173W,YNL078W,0,-0.5704768,0.12622930109500885,0.9950932264328003,0.7032361626625061
YJR028W,YBR103W,0,-0.5711956,0.12621359527111053,0.9950932264328003,0.7033363580703735
YER164W,YKL022C,0,-0.571574,0.12619788944721222,0.9950932264328003,0.703436553478241
YPL064C,YOL065C,0,-0.5716388,0.1261821836233139,0.9950932264328003,0.7035367488861084
YOR149C,YOR285W,0,-0.57464457,0.1261664777994156,0.9950932264328003,0.703636884689331
YPL186C,YJL062W,0,-0.5750171,0.12615078687667847,0.9950932264328003,0.7037370800971985
YNL242W,YDL108W,0,-0.5755786,0.12613509595394135,0.9950932264328003,0.7038372755050659
YOR063W,YMR323W,0,-0.5767306,0.12611940503120422,0.9950932264328003,0.7039374709129333
YLR369W,YPL237W,0,-0.57681143,0.1261037141084671,0.9950932264328003,0.7040376663208008
YFL002W-B,YLR105C,0,-0.5772387,0.12608803808689117,0.9950932264328003,0.7041378617286682
YLR238W,YKL008C,0,-0.5772797,0.12607236206531525,0.9950932264328003,0.7042380571365356
YNR018W,YML070W,0,-0.5774144,0.12605668604373932,0.9950932264328003,0.7043382525444031
YER039C,YBR167C,0,-0.57805765,0.12604102492332458,0.9950932264328003,0.7044384479522705
YMR100W,YEL022W,0,-0.5788286,0.12602534890174866,0.9950932264328003,0.7045386433601379
YHR010W,YDR086C,0,-0.57907015,0.12600968778133392,0.9950932264328003,0.7046388387680054
YPR041W,YPL072W,0,-0.57916784,0.12599404156208038,0.9950932264328003,0.704738974571228
YOR069W,YOR361C,0,-0.58179736,0.12597838044166565,0.9950932264328003,0.7048391699790955
YBR282W,YIL132C,0,-0.5820228,0.1259627342224121,0.9950932264328003,0.7049393653869629
YPR162C,YER008C,0,-0.5825075,0.12594708800315857,0.9950932264328003,0.7050395607948303
YOL133W,YOR116C,0,-0.58313596,0.12593144178390503,0.9950932264328003,0.7051397562026978
YML029W,YMR097C,0,-0.58386195,0.12591581046581268,0.9950932264328003,0.7052399516105652
YPL227C,YNL256W,0,-0.5848844,0.12590017914772034,0.9950932264328003,0.7053401470184326
YNL082W,YDL140C,0,-0.5886519,0.125884547829628,0.9950932264328003,0.7054403424263
YDR267C,YJL172W,0,-0.58910394,0.12586891651153564,0.9950932264328003,0.7055405378341675
YGR144W,YER159C-A,0,-0.58937067,0.1258533000946045,0.9950932264328003,0.7056407332420349
YOR304C-A,YMR142C,0,-0.5894778,0.12583768367767334,0.9950932264328003,0.7057409286499023
YNL110C,YOR037W,0,-0.58952945,0.1258220672607422,0.9950932264328003,0.7058411240577698
YCR052W,YPL258C,0,-0.58955115,0.12580645084381104,0.9950932264328003,0.7059412598609924
YKL171W,YBR009C,0,-0.5902946,0.12579084932804108,0.9950932264328003,0.7060414552688599
YGL250W,YIL129C,0,-0.59081817,0.12577524781227112,0.9950932264328003,0.7061416506767273
YGL048C,YPL212C,0,-0.5920273,0.12575964629650116,0.9950932264328003,0.7062418460845947
YBR302C,YLR077W,0,-0.5923184,0.1257440447807312,0.9950932264328003,0.7063420414924622
YGR169C,YKL209C,0,-0.592871,0.12572845816612244,0.9950932264328003,0.7064422369003296
YDR410C,YOR321W,0,-0.5930054,0.12571287155151367,0.9950932264328003,0.706542432308197
YBR125C,YOR274W,0,-0.5937134,0.1256972849369049,0.9950932264328003,0.7066426277160645
YLR370C,YGR058W,0,-0.5944989,0.12568169832229614,0.9950932264328003,0.7067428231239319
YJL117W,YOL062C,0,-0.5945151,0.12566612660884857,0.9950932264328003,0.7068430185317993
YBL078C,YHR124W,0,-0.5948826,0.125650554895401,0.9950932264328003,0.7069432139396667
YOL100W,YLR355C,0,-0.59568596,0.12563498318195343,0.9950932264328003,0.7070434093475342
YFR045W,YIL158W,0,-0.5957912,0.12561942636966705,0.9950932264328003,0.7071435451507568
YML097C,YNR061C,0,-0.5960292,0.12560386955738068,0.9950932264328003,0.7072437405586243
YHR152W,YGR295C,0,-0.59857464,0.1255883127450943,0.9950932264328003,0.7073439359664917
YNL086W,YBR223C,0,-0.5994796,0.12557275593280792,0.9950932264328003,0.7074441313743591
YKR101W,YJR036C,0,-0.5997277,0.12555719912052155,0.9950932264328003,0.7075443267822266
YLR309C,YNL231C,0,-0.59996724,0.12554165720939636,0.9950932264328003,0.707644522190094
YFL002W-A,YOL044W,0,-0.6022468,0.12552611529827118,0.9950932264328003,0.7077447175979614
YLR095C,YLR446W,0,-0.60288155,0.1255105882883072,0.9950932264328003,0.7078449130058289
YOL008W,YNL035C,0,-0.6029302,0.125495046377182,0.9950932264328003,0.7079451084136963
YJL187C,YLR116W,0,-0.60328734,0.12547951936721802,0.9950932264328003,0.7080453038215637
YDR103W,YDR371W,0,-0.60337067,0.12546399235725403,0.9950932264328003,0.7081454992294312
YKL126W,YPL060W,0,-0.6035029,0.12544846534729004,0.9950932264328003,0.7082456946372986
YPL274W,YGR088W,0,-0.6039033,0.12543295323848724,0.9950932264328003,0.7083458304405212
YJL051W,YOR344C,0,-0.6041746,0.12541744112968445,0.9950932264328003,0.7084460258483887
YKL038W,YER117W,0,-0.60620725,0.12540192902088165,0.9950932264328003,0.7085462212562561
YMR295C,YKL117W,0,-0.6063066,0.12538641691207886,0.9950932264328003,0.7086464166641235
YBR006W,YNL053W,0,-0.60672057,0.12537091970443726,0.9950932264328003,0.708746612071991
YMR311C,YGR037C,0,-0.6070028,0.12535542249679565,0.9950932264328003,0.7088468074798584
YJR075W,YOL088C,0,-0.6074787,0.12533992528915405,0.9950932264328003,0.7089470028877258
YOR367W,YGR159C,0,-0.60804975,0.12532442808151245,0.9950932264328003,0.7090471982955933
YKL176C,YLL017W,0,-0.60852635,0.12530894577503204,0.9950932264328003,0.7091473937034607
YHR117W,YDL107W,0,-0.60926336,0.12529346346855164,0.9950932264328003,0.7092475891113281
YPL060C-A,YIL027C,0,-0.6095116,0.12527798116207123,0.9950932264328003,0.7093477845191956
YJL080C,YDR006C,0,-0.61108994,0.12526251375675201,0.9950932264328003,0.709447979927063
YMR260C,YOR046C,0,-0.61186105,0.1252470314502716,0.9950932264328003,0.7095481157302856
YPR182W,YJL165C,0,-0.6121279,0.1252315640449524,0.9950932264328003,0.7096483111381531
YFR041C,YPR158C-D,0,-0.6125485,0.12521609663963318,0.9950932264328003,0.7097485065460205
YPL242C,YKR039W,0,-0.6127087,0.12520064413547516,0.9950932264328003,0.7098487019538879
YJR025C,YOR077W,0,-0.61305785,0.12518519163131714,0.9950932264328003,0.7099488973617554
YOR332W,YKR013W,0,-0.6152968,0.12516973912715912,0.9950932264328003,0.7100490927696228
YCR070W,YJL030W,0,-0.61555123,0.1251542866230011,0.9950932264328003,0.7101492881774902
YNR018W,YNL331C,0,-0.61571383,0.12513883411884308,0.9950932264328003,0.7102494835853577
YDR260C,YOR192C-B,0,-0.6167923,0.12512339651584625,0.9950932264328003,0.7103496789932251
YNR069C,YGR167W,0,-0.61810315,0.12510795891284943,0.9950932264328003,0.7104498744010925
YOR239W,YEL034W,0,-0.61914396,0.1250925213098526,0.9950932264328003,0.71055006980896
YPL218W,YNL321W,0,-0.62033415,0.12507709860801697,0.9950932264328003,0.7106502652168274
YAL034W-A,YIR010W,0,-0.62095445,0.12506166100502014,0.9950932264328003,0.71075040102005
YHR074W,YPL158C,0,-0.6214764,0.1250462383031845,0.9950932264328003,0.7108505964279175
YAL024C,YGL009C,0,-0.62237406,0.12503083050251007,0.9950932264328003,0.7109507918357849
YGR246C,YOR367W,0,-0.6223833,0.12501540780067444,0.9950932264328003,0.7110509872436523
YBR067C,YBL102W,0,-0.62347555,0.125,0.9950932264328003,0.7111511826515198
YOR142W-B,YNR010W,0,-0.6236448,0.12498459219932556,0.9950932264328003,0.7112513780593872
YJL122W,YFR007W,0,-0.6241343,0.12496919184923172,0.9950932264328003,0.7113515734672546
YJR152W,YJL213W,0,-0.6244768,0.12495379149913788,0.9950932264328003,0.7114517688751221
YHL009W-B,YPR028W,0,-0.6255187,0.12493839114904404,0.9950932264328003,0.7115519642829895
YBR183W,YHR039C,0,-0.62745225,0.12492299824953079,0.9950932264328003,0.7116521596908569
YER046W,YLR274W,0,-0.6279036,0.12490761280059814,0.9950932264328003,0.7117523550987244
YDL190C,YDL045W-A,0,-0.6279251,0.1248922273516655,0.9950932264328003,0.711852490901947
YIL084C,YKL156W,0,-0.6302215,0.12487684935331345,0.9950932264328003,0.7119526863098145
YPR073C,YPL099C,0,-0.6308428,0.1248614713549614,0.9950932264328003,0.7120528817176819
YHR124W,YBR297W,0,-0.6309816,0.12484609335660934,0.9950932264328003,0.7121530771255493
YBR229C,YPR081C,0,-0.63148975,0.12483073025941849,0.9950932264328003,0.7122532725334167
YIL135C,YPL024W,0,-0.6319382,0.12481535971164703,0.9950932264328003,0.7123534679412842
YOR174W,YDR404C,0,-0.63353515,0.12479999661445618,0.9950932264328003,0.7124536633491516
YLR100W,YDL207W,0,-0.63367593,0.12478464096784592,0.9950932264328003,0.712553858757019
YLR414C,YNL293W,0,-0.6338235,0.12476928532123566,0.9950932264328003,0.7126540541648865
YBL105C,YNR069C,0,-0.6339252,0.124753937125206,0.9950932264328003,0.7127542495727539
YPL226W,YNR031C,0,-0.6339979,0.12473858892917633,0.9950932264328003,0.7128544449806213
YDR420W,YNL009W,0,-0.6341978,0.12472324818372726,0.9950932264328003,0.7129546403884888
YML060W,YOR162C,0,-0.6347067,0.1247079074382782,0.9950932264328003,0.7130547761917114
YOL137W,YER137C-A,0,-0.6350261,0.12469257414340973,0.9950932264328003,0.7131549715995789
YMR218C,YLR081W,0,-0.6356838,0.12467724084854126,0.9950932264328003,0.7132551670074463
YGR238C,YDR387C,0,-0.6363441,0.12466191500425339,0.9950932264328003,0.7133553624153137
YOR265W,YJR121W,0,-0.63645375,0.12464658915996552,0.9950932264328003,0.7134555578231812
YOL108C,YJR028W,0,-0.63655573,0.12463127076625824,0.9950932264328003,0.7135557532310486
YJL050W,YLR301W,0,-0.6371016,0.12461595237255096,0.9950932264328003,0.713655948638916
YJR082C,YKL198C,0,-0.63777304,0.12460064142942429,0.9950932264328003,0.7137561440467834
YML040W,YGR156W,0,-0.6379295,0.12458533048629761,0.9950932264328003,0.7138563394546509
YGL123W,YDR208W,0,-0.63879824,0.12457002699375153,0.9950932264328003,0.7139565348625183
YDR103W,YEL041W,0,-0.6388185,0.12455472350120544,0.9950932264328003,0.7140567302703857
YLR440C,YBL005W-A,0,-0.64113486,0.12453942745923996,0.9950932264328003,0.7141569256782532
YBL069W,YDL142C,0,-0.6415834,0.12452413141727448,0.9950932264328003,0.7142570614814758
YFL013C,YIR007W,0,-0.64318323,0.12450884282588959,0.9950932264328003,0.7143572568893433
YKL140W,YPL032C,0,-0.64571023,0.1244935542345047,0.9950932264328003,0.7144574522972107
YKL046C,YGR180C,0,-0.64589095,0.12447827309370041,0.9950932264328003,0.7145576477050781
YOL058W,YNL224C,0,-0.6462326,0.12446299195289612,0.9950932264328003,0.7146578431129456
YIL160C,YNL097C,0,-0.64690685,0.12444771826267242,0.9950932264328003,0.714758038520813
YPR144C,YDL245C,0,-0.6469532,0.12443244457244873,0.9950932264328003,0.7148582339286804
YDL040C,YGR271C-A,0,-0.64712185,0.12441717833280563,0.9950932264328003,0.7149584293365479
YLR077W,YJL014W,0,-0.6486281,0.12440191209316254,0.9950932264328003,0.7150586247444153
YDR487C,YBR217W,0,-0.6493813,0.12438665330410004,0.9950932264328003,0.7151588201522827
YIL132C,YDR255C,0,-0.6495085,0.12437139451503754,0.9950932264328003,0.7152590155601501
YIL066C,YBR020W,0,-0.64965,0.12435614317655563,0.9950932264328003,0.7153592109680176
YLR107W,YPL265W,0,-0.6505048,0.12434089183807373,0.9950932264328003,0.7154593467712402
YNL327W,YNL242W,0,-0.6506494,0.12432564795017242,0.9950932264328003,0.7155595421791077
YDR163W,YNL325C,0,-0.65075994,0.12431041151285172,0.9950932264328003,0.7156597375869751
YBR210W,YML001W,0,-0.6530164,0.12429516762495041,0.9950932264328003,0.7157599329948425
YMR021C,YGL121C,0,-0.6533724,0.1242799386382103,0.9950932264328003,0.71586012840271
YDR163W,YNR050C,0,-0.65367687,0.12426470220088959,0.9950932264328003,0.7159603238105774
YPR159W,YLR318W,0,-0.654691,0.12424948066473007,0.9950932264328003,0.7160605192184448
YLR381W,YBL100W-A,0,-0.6549225,0.12423425912857056,0.9950932264328003,0.7161607146263123
YBR235W,YLR306W,0,-0.65603274,0.12421903759241104,0.9950932264328003,0.7162609100341797
YPL194W,YNL290W,0,-0.656328,0.12420382350683212,0.9950932264328003,0.7163611054420471
YJL113W,YML038C,0,-0.6567845,0.1241886094212532,0.9950932264328003,0.7164613008499146
YBL078C,YOR003W,0,-0.6578301,0.12417340278625488,0.9950932264328003,0.716561496257782
YER004W,YJL121C,0,-0.6583524,0.12415819615125656,0.9950932264328003,0.7166616320610046
YNL169C,YPL158C,0,-0.65889984,0.12414299696683884,0.9950932264328003,0.7167618274688721
YER151C,YOR174W,0,-0.6602296,0.12412779778242111,0.9950932264328003,0.7168620228767395
YIR018W,YDL069C,0,-0.660237,0.12411260604858398,0.9950932264328003,0.7169622182846069
YOL064C,YER117W,0,-0.66067374,0.12409741431474686,0.9950932264328003,0.7170624136924744
YJR110W,YOR240W,0,-0.66077507,0.12408223003149033,0.9950932264328003,0.7171626091003418
YOR373W,YER030W,0,-0.66145694,0.12406705319881439,0.9950932264328003,0.7172628045082092
YOR315W,YML069W,0,-0.6619434,0.12405186891555786,0.9950932264328003,0.7173629999160767
YNR021W,YLR155C,0,-0.66304994,0.12403669953346252,0.9950932264328003,0.7174631953239441
YLR191W,YBR120C,0,-0.6636871,0.12402152270078659,0.9950932264328003,0.7175633907318115
YGR281W,YGR071C,0,-0.6644331,0.12400636076927185,0.9950932264328003,0.717663586139679
YKR042W,YJR078W,0,-0.66447717,0.12399119883775711,0.9950932264328003,0.7177637219429016
YDL171C,YMR319C,0,-0.66594577,0.12397603690624237,0.9950932264328003,0.717863917350769
YDR171W,YDR138W,0,-0.6664301,0.12396088242530823,0.9950932264328003,0.7179641127586365
YLL009C,YOR044W,0,-0.6673187,0.12394572794437408,0.9950932264328003,0.7180643081665039
YPL258C,YJL056C,0,-0.6678903,0.12393058091402054,0.9950932264328003,0.7181645035743713
YJL002C,YDL184C,0,-0.668511,0.12391543388366699,0.9950932264328003,0.7182646989822388
YLL013C,YPR075C,0,-0.6686567,0.12390029430389404,0.9950932264328003,0.7183648943901062
YLR043C,YKL028W,0,-0.669042,0.1238851547241211,0.9950932264328003,0.7184650897979736
YPL108W,YCR017C,0,-0.6692811,0.12387002259492874,0.9950932264328003,0.7185652852058411
YDR195W,YLR176C,0,-0.67044747,0.12385489046573639,0.9950932264328003,0.7186654806137085
YDL008W,YGR089W,0,-0.67131376,0.12383976578712463,0.9950932264328003,0.7187656760215759
YGL112C,YGR155W,0,-0.67202806,0.12382464110851288,0.9950932264328003,0.7188658714294434
YDR218C,YHL032C,0,-0.6728194,0.12380952388048172,0.9950932264328003,0.718966007232666
YPL108W,YML001W,0,-0.6738366,0.12379440665245056,0.9950932264328003,0.7190662026405334
YLR064W,YPL249C,0,-0.67420036,0.123779296875,0.9950932264328003,0.7191663980484009
YJL091C,YEL036C,0,-0.6746247,0.12376418709754944,0.9950932264328003,0.7192665934562683
YNL271C,YDR056C,0,-0.67571104,0.12374908477067947,0.9950932264328003,0.7193667888641357
YGR263C,YGR081C,0,-0.6764796,0.12373398244380951,0.9950932264328003,0.7194669842720032
YDR119W,YLR050C,0,-0.6771662,0.12371888756752014,0.9950932264328003,0.7195671796798706
YGR118W,YDR362C,0,-0.677361,0.12370379269123077,0.9950932264328003,0.719667375087738
YPL155C,YNL283C,0,-0.67754334,0.123688705265522,0.9950932264328003,0.7197675704956055
YJR022W,YEL065W,0,-0.67889524,0.12367361783981323,0.9950932264328003,0.7198677659034729
YGL009C,YMR052W,0,-0.6792464,0.12365853786468506,0.9950932264328003,0.7199679613113403
YML014W,YDR022C,0,-0.6799854,0.12364345788955688,0.9950932264328003,0.7200681567192078
YOL018C,YBR243C,0,-0.6800072,0.12362838536500931,0.9950932264328003,0.7201682925224304
YNR011C,YDR293C,0,-0.681703,0.12361331284046173,0.9950932264328003,0.7202684879302979
YDR088C,YOR288C,0,-0.6830931,0.12359824776649475,0.9950932264328003,0.7203686833381653
YJL073W,YDL192W,0,-0.6848714,0.12358318269252777,0.9950932264328003,0.7204688787460327
YMR260C,YBR103W,0,-0.6852946,0.12356811761856079,0.9950932264328003,0.7205690741539001
YNL270C,YOL129W,0,-0.68535316,0.123553067445755,0.9950932264328003,0.7206692695617676
YGR282C,YDL004W,0,-0.6860314,0.12353800982236862,0.9950932264328003,0.720769464969635
YJR036C,YML028W,0,-0.6866039,0.12352295964956284,0.9950932264328003,0.7208696603775024
YOR239W,YMR168C,0,-0.6867244,0.12350791692733765,0.9950932264328003,0.7209698557853699
YPL151C,YJR129C,0,-0.6871115,0.12349287420511246,0.9950932264328003,0.7210700511932373
YBR156C,YDL028C,0,-0.68715703,0.12347783893346786,0.9950932264328003,0.7211702466011047
YHL044W,YHR128W,0,-0.6886561,0.12346280366182327,0.9950932264328003,0.7212704420089722
YHR187W,YFL037W,0,-0.6886637,0.12344776839017868,0.9950932264328003,0.7213705778121948
YJL113W,YIL129C,0,-0.69041383,0.12343274801969528,0.9950932264328003,0.7214707732200623
YMR251W-A,YIL136W,0,-0.69185936,0.12341772019863129,0.9950932264328003,0.7215709686279297
YER144C,YMR136W,0,-0.69272137,0.12340269982814789,0.9950932264328003,0.7216711640357971
YOR096W,YNL220W,0,-0.69380236,0.12338768690824509,0.9950932264328003,0.7217713594436646
YER087W,YML045W-A,0,-0.69428873,0.12337267398834229,0.9950932264328003,0.721871554851532
YOR242C,YIL160C,0,-0.6962223,0.12335766106843948,0.9950932264328003,0.7219717502593994
YJR059W,YHR061C,0,-0.6967156,0.12334265559911728,0.9950932264328003,0.7220719456672668
YDR349C,YAL010C,0,-0.69766706,0.12332765758037567,0.9950932264328003,0.7221721410751343
YGL086W,YHR011W,0,-0.698526,0.12331265956163406,0.9950932264328003,0.7222723364830017
YMR238W,YNR075W,0,-0.69998264,0.12329766899347305,0.9950932264328003,0.7223725318908691
YBL064C,YDL168W,0,-0.70080036,0.12328267842531204,0.9950932264328003,0.7224727272987366
YOR308C,YHR002W,0,-0.70583177,0.12326768785715103,0.9950932264328003,0.7225728631019592
YNR054C,YOR343W-B,0,-0.70624495,0.12325270473957062,0.9950932264328003,0.7226730585098267
YJL065C,YOR057W,0,-0.7065446,0.1232377216219902,0.9950932264328003,0.7227732539176941
YDR368W,YDR348C,0,-0.7071939,0.12322274595499039,0.9950932264328003,0.7228734493255615
YMR029C,YOR354C,0,-0.70879483,0.12320777773857117,0.9950932264328003,0.722973644733429
YPL143W,YKL001C,0,-0.70929825,0.12319280952215195,0.9950932264328003,0.7230738401412964
YPL218W,YER051W,0,-0.7111325,0.12317784130573273,0.9950932264328003,0.7231740355491638
YOL054W,YKL100C,0,-0.71160686,0.1231628805398941,0.9950932264328003,0.7232742309570312
YNL197C,YKL064W,0,-0.7125914,0.12314791977405548,0.9950932264328003,0.7233744263648987
YDR166C,YEL021W,0,-0.71282357,0.12313296645879745,0.9950932264328003,0.7234746217727661
YJR125C,YHR187W,0,-0.71374345,0.12311802059412003,0.9950932264328003,0.7235748171806335
YKL137W,YPL217C,0,-0.7151633,0.1231030747294426,0.9950932264328003,0.7236749529838562
YGR014W,YDR225W,0,-0.7160515,0.12308812886476517,0.9950932264328003,0.7237751483917236
YML052W,YGR106C,0,-0.716114,0.12307319045066833,0.9950932264328003,0.7238753437995911
YGR109W-B,YHR074W,0,-0.7161931,0.1230582520365715,0.9950932264328003,0.7239755392074585
YBR127C,YLR266C,0,-0.716287,0.12304332107305527,0.9950932264328003,0.7240757346153259
YFL016C,YBR166C,0,-0.7163305,0.12302839010953903,0.9950932264328003,0.7241759300231934
YDR314C,YPL174C,0,-0.7170938,0.1230134665966034,0.9950932264328003,0.7242761254310608
YPL186C,YAL058W,0,-0.7178643,0.12299854308366776,0.9950932264328003,0.7243763208389282
YJR092W,YDR322C-A,0,-0.71866864,0.12298362702131271,0.9950932264328003,0.7244765162467957
YHR085W,YNL138W,0,-0.7186724,0.12296871095895767,0.9950932264328003,0.7245767116546631
YML131W,YCL038C,0,-0.71989906,0.12295380234718323,0.9950932264328003,0.7246769070625305
YLR350W,YOR202W,0,-0.7201002,0.12293889373540878,0.9950932264328003,0.724777102470398
YOR374W,YPL028W,0,-0.7202332,0.12292399257421494,0.9950932264328003,0.7248772382736206
YJL010C,YGL119W,0,-0.7205198,0.12290909141302109,0.9950932264328003,0.724977433681488
YJL204C,YDR507C,0,-0.7211814,0.12289419770240784,0.9950932264328003,0.7250776290893555
YEL009C,YDR313C,0,-0.72157747,0.12287930399179459,0.9950932264328003,0.7251778244972229
YDR419W,YBR201W,0,-0.7222258,0.12286441028118134,0.9950932264328003,0.7252780199050903
YPR083W,YOR344C,0,-0.7231207,0.12284952402114868,0.9950932264328003,0.7253782153129578
YNL312W,YER027C,0,-0.7234091,0.12283464521169662,0.9950932264328003,0.7254784107208252
YBL066C,YBR155W,0,-0.72413635,0.12281976640224457,0.9950932264328003,0.7255786061286926
YKR062W,YML049C,0,-0.72458035,0.12280489504337311,0.9950932264328003,0.7256788015365601
YBR164C,YPR171W,0,-0.7246872,0.12279002368450165,0.9950932264328003,0.7257789969444275
YLR429W,YMR023C,0,-0.724837,0.12277515232563019,0.9950932264328003,0.7258791923522949
YMR256C,YIL078W,0,-0.7248945,0.12276028841733932,0.9950932264328003,0.7259793877601624
YBL042C,YFL053W,0,-0.72532177,0.12274543195962906,0.9950932264328003,0.726079523563385
YBL037W,YPL124W,0,-0.72564036,0.12273057550191879,0.9950932264328003,0.7261797189712524
YAL055W,YMR099C,0,-0.72576326,0.12271571904420853,0.9950932264328003,0.7262799143791199
YMR004W,YMR150C,0,-0.72587043,0.12270087003707886,0.9950932264328003,0.7263801097869873
YAR035W,YBR057C,0,-0.7274966,0.12268602848052979,0.9950932264328003,0.7264803051948547
YFL002C,YNL044W,0,-0.730186,0.12267117947340012,0.9950932264328003,0.7265805006027222
YDR527W,YDR099W,0,-0.7313468,0.12265634536743164,0.9950932264328003,0.7266806960105896
YNL077W,YLR401C,0,-0.73173594,0.12264151126146317,0.9950932264328003,0.726780891418457
YIL010W,YGR072W,0,-0.7344617,0.12262667715549469,0.9950932264328003,0.7268810868263245
YPR140W,YDL236W,0,-0.73499596,0.12261185050010681,0.9950932264328003,0.7269812822341919
YNL121C,YGR264C,0,-0.73601997,0.12259702384471893,0.9950932264328003,0.7270814776420593
YDR484W,YOR224C,0,-0.7362045,0.12258220463991165,0.9950932264328003,0.7271816730499268
YAL021C,YOR037W,0,-0.7368802,0.12256738543510437,0.9950932264328003,0.7272818088531494
YPL079W,YCR034W,0,-0.73820084,0.12255257368087769,0.9950932264328003,0.7273820042610168
YMR184W,YIR013C,0,-0.73828423,0.122537761926651,0.9950932264328003,0.7274821996688843
YMR123W,YDL188C,0,-0.7383104,0.12252295762300491,0.9950932264328003,0.7275823950767517
YBR092C,YJL020C,0,-0.7384411,0.12250815331935883,0.9950932264328003,0.7276825904846191
YDR177W,YOR192C-B,0,-0.73844975,0.12249335646629333,0.9950932264328003,0.7277827858924866
YOR206W,YBR120C,0,-0.73847973,0.12247855961322784,0.9950932264328003,0.727882981300354
YBR036C,YDL229W,0,-0.73865855,0.12246377021074295,0.9950932264328003,0.7279831767082214
YGR185C,YNL192W,0,-0.7389858,0.12244898080825806,0.9950932264328003,0.7280833721160889
YKL008C,YJR053W,0,-0.73926395,0.12243419140577316,0.9950932264328003,0.7281835675239563
YGR143W,YIR023W,0,-0.73928547,0.12241941690444946,0.9950932264328003,0.7282837629318237
YOR214C,YLR163C,0,-0.740207,0.12240463495254517,0.9950932264328003,0.7283839583396912
YBL028C,YLL008W,0,-0.7416023,0.12238986045122147,0.9950932264328003,0.7284840941429138
YJL076W,YDR462W,0,-0.7417308,0.12237509340047836,0.9950932264328003,0.7285842895507812
YMR034C,YOR221C,0,-0.74230397,0.12236032634973526,0.9950932264328003,0.7286844849586487
YJL082W,YPL051W,0,-0.74320817,0.12234555929899216,0.9950932264328003,0.7287846803665161
YJR065C,YGR038C-B,0,-0.7437104,0.12233079969882965,0.9950932264328003,0.7288848757743835
YML060W,YER110C,0,-0.74406016,0.12231604009866714,0.9950932264328003,0.728985071182251
YOR343W-B,YLR396C,0,-0.7442105,0.12230128794908524,0.9950932264328003,0.7290852665901184
YBR128C,YDR348C,0,-0.7462663,0.12228654325008392,0.9950932264328003,0.7291854619979858
YOR291W,YHL001W,0,-0.7470484,0.12227179855108261,0.9950932264328003,0.7292856574058533
YPR166C,YNL273W,0,-0.7481234,0.1222570538520813,0.9950932264328003,0.7293858528137207
YML033W,YNR047W,0,-0.7490521,0.12224231660366058,0.9950932264328003,0.7294860482215881
YBR196C,YLR153C,0,-0.74976027,0.12222757935523987,0.9950932264328003,0.7295861840248108
YNL300W,YFL033C,0,-0.7501134,0.12221284955739975,0.9950932264328003,0.7296863794326782
YMR295C,YDR312W,0,-0.7506336,0.12219811975955963,0.9950932264328003,0.7297865748405457
YGR229C,YOR005C,0,-0.75185853,0.12218339741230011,0.9950932264328003,0.7298867702484131
YNL138W,YHR083W,0,-0.75350505,0.12216867506504059,0.9950932264328003,0.7299869656562805
YPL060C-A,YPL032C,0,-0.7539511,0.12215396016836166,0.9950932264328003,0.730087161064148
YGL234W,YML115C,0,-0.7540313,0.12213924527168274,0.9950932264328003,0.7301873564720154
YGL048C,YJL140W,0,-0.7553897,0.12212453037500381,0.9950932264328003,0.7302875518798828
YBR127C,YHR207C,0,-0.757473,0.12210982292890549,0.9950932264328003,0.7303877472877502
YNL030W,YPL118W,0,-0.7578481,0.12209512293338776,0.9950932264328003,0.7304879426956177
YKL208W,YEL043W,0,-0.7581905,0.12208042293787003,0.9950932264328003,0.7305881381034851
YBR066C,YJR144W,0,-0.758961,0.12206573039293289,0.9950932264328003,0.7306883335113525
YNL026W,YHL016C,0,-0.7591145,0.12205103784799576,0.9950932264328003,0.7307884693145752
YGL174W,YER098W,0,-0.7592649,0.12203634530305862,0.9950932264328003,0.7308886647224426
YDL225W,YIL157C,0,-0.759611,0.12202166020870209,0.9950932264328003,0.7309888601303101
YDR252W,YFR015C,0,-0.76017356,0.12200697511434555,0.9950932264328003,0.7310890555381775
YNL159C,YLR042C,0,-0.76089156,0.12199229747056961,0.9950932264328003,0.7311892509460449
YML054C,YLR032W,0,-0.76090395,0.12197762727737427,0.9950932264328003,0.7312894463539124
YDR512C,YPL152W,0,-0.76112294,0.12196295708417892,0.9950932264328003,0.7313896417617798
YPR026W,YCL060C,0,-0.7613571,0.12194828689098358,0.9950932264328003,0.7314898371696472
YGR032W,YNL252C,0,-0.76207256,0.12193362414836884,0.9950932264328003,0.7315900325775146
YKL096W-A,YGR156W,0,-0.7624023,0.12191896140575409,0.9950932264328003,0.7316902279853821
YGL200C,YNL099C,0,-0.7625262,0.12190430611371994,0.9950932264328003,0.7317904233932495
YOR175C,YER144C,0,-0.762594,0.12188965082168579,0.9950932264328003,0.7318906188011169
YBL037W,YOL152W,0,-0.7627239,0.12187500298023224,0.9950932264328003,0.7319907546043396
YNL265C,YGL031C,0,-0.7631117,0.12186035513877869,0.9950932264328003,0.732090950012207
YOL086C,YDR118W,0,-0.76315546,0.12184570729732513,0.9950932264328003,0.7321911454200745
YER012W,YLR265C,0,-0.76572096,0.12183106690645218,0.9950932264328003,0.7322913408279419
YIL015W,YOR368W,0,-0.76596355,0.12181643396615982,0.9950932264328003,0.7323915362358093
YIL158W,YML019W,0,-0.7664412,0.12180180102586746,0.9950932264328003,0.7324917316436768
YFR055W,YMR115W,0,-0.766825,0.1217871755361557,0.9950932264328003,0.7325919270515442
YMR202W,YJL124C,0,-0.7670361,0.12177255004644394,0.9950932264328003,0.7326921224594116
YMR079W,YDR071C,0,-0.76721936,0.12175792455673218,0.9950932264328003,0.732792317867279
YCL057C-A,YNL229C,0,-0.7677151,0.12174330651760101,0.9950932264328003,0.7328925132751465
YDL232W,YMR043W,0,-0.76781285,0.12172868847846985,0.9950932264328003,0.7329927086830139
YOR080W,YDR210W,0,-0.7682088,0.12171407788991928,0.9950932264328003,0.7330929040908813
YOL129W,YGR295C,0,-0.76860625,0.12169947475194931,0.9950932264328003,0.733193039894104
YDR141C,YDR518W,0,-0.76882434,0.12168486416339874,0.9950932264328003,0.7332932353019714
YDL022W,YPR171W,0,-0.76924396,0.12167026847600937,0.9950932264328003,0.7333934307098389
YCL047C,YCL052C,0,-0.7692579,0.1216556653380394,0.9950932264328003,0.7334936261177063
YOL030W,YJR006W,0,-0.77038956,0.12164107710123062,0.9950932264328003,0.7335938215255737
YKR102W,YLL029W,0,-0.7705248,0.12162648141384125,0.9950932264328003,0.7336940169334412
YDR090C,YJL028W,0,-0.77067155,0.12161190062761307,0.9950932264328003,0.7337942123413086
YDR131C,YGR288W,0,-0.77109,0.12159731239080429,0.9950932264328003,0.733894407749176
YHL004W,YNL044W,0,-0.7711981,0.12158273160457611,0.9950932264328003,0.7339946031570435
YDR385W,YKR057W,0,-0.7719946,0.12156815826892853,0.9950932264328003,0.7340947985649109
YDR318W,YIR003W,0,-0.7722168,0.12155358493328094,0.9950932264328003,0.7341949939727783
YNL088W,YKL003C,0,-0.7722758,0.12153901159763336,0.9950932264328003,0.7342951893806458
YKL164C,YBR052C,0,-0.772717,0.12152444571256638,0.9950932264328003,0.7343953251838684
YGR169C,YDR307W,0,-0.7736262,0.12150988727807999,0.9950932264328003,0.7344955205917358
YKR058W,YFL057C,0,-0.7750504,0.1214953288435936,0.9950932264328003,0.7345957159996033
YIL040W,YLR151C,0,-0.7752279,0.12148077040910721,0.9950932264328003,0.7346959114074707
YLR025W,YNL126W,0,-0.7761483,0.12146621942520142,0.9950932264328003,0.7347961068153381
YNL049C,YBR120C,0,-0.77651215,0.12145166844129562,0.9950932264328003,0.7348963022232056
YFL021W,YOR014W,0,-0.7785946,0.12143712490797043,0.9950932264328003,0.734996497631073
YDR281C,YIL099W,0,-0.77894944,0.12142258137464523,0.9950932264328003,0.7350966930389404
YGR067C,YCR043C,0,-0.77926356,0.12140804529190063,0.9950932264328003,0.7351968884468079
YKR037C,YML111W,0,-0.7794337,0.12139350920915604,0.9950932264328003,0.7352970838546753
YLR319C,YGL206C,0,-0.780481,0.12137898057699203,0.9950932264328003,0.7353972792625427
YBL039C,YOR375C,0,-0.78161085,0.12136445194482803,0.9950932264328003,0.7354974746704102
YBL028C,YOR194C,0,-0.7817321,0.12134993076324463,0.9950932264328003,0.7355976104736328
YEL054C,YLR222C,0,-0.78213054,0.12133540958166122,0.9950932264328003,0.7356978058815002
YML033W,YBR056W,0,-0.7822809,0.12132088840007782,0.9950932264328003,0.7357980012893677
YJL036W,YDL103C,0,-0.7831712,0.12130637466907501,0.9950932264328003,0.7358981966972351
YJR138W,YOR061W,0,-0.783965,0.1212918683886528,0.9950932264328003,0.7359983921051025
YGR071C,YBR033W,0,-0.78473496,0.12127736210823059,0.9950932264328003,0.73609858751297
YKL086W,YLR343W,0,-0.78487813,0.12126285582780838,0.9950932264328003,0.7361987829208374
YDR214W,YCL052C,0,-0.78527266,0.12124835699796677,0.9950932264328003,0.7362989783287048
YML128C,YJL093C,0,-0.78546774,0.12123385816812515,0.9950932264328003,0.7363991737365723
YGL013C,YPL159C,0,-0.78581786,0.12121936678886414,0.9950932264328003,0.7364993691444397
YJL225C,YKL018W,0,-0.78640366,0.12120487540960312,0.9950932264328003,0.7365995645523071
YMR039C,YJL076W,0,-0.7874737,0.1211903914809227,0.9950932264328003,0.7366997003555298
YDR225W,YGL032C,0,-0.7881043,0.12117590755224228,0.9950932264328003,0.7367998957633972
YOR069W,YGR123C,0,-0.78815264,0.12116143107414246,0.9950932264328003,0.7369000911712646
YLR344W,YBL099W,0,-0.7889871,0.12114695459604263,0.9950932264328003,0.7370002865791321
YOR133W,YGR152C,0,-0.79004323,0.12113247811794281,0.9950932264328003,0.7371004819869995
YPR194C,YPL085W,0,-0.7907408,0.12111800909042358,0.9950932264328003,0.7372006773948669
YDR320C,YPR163C,0,-0.79112786,0.12110354751348495,0.9950932264328003,0.7373008728027344
YDR436W,YLR459W,0,-0.79160434,0.12108908593654633,0.9950932264328003,0.7374010682106018
YPR058W,YLR219W,0,-0.7918581,0.1210746243596077,0.9950932264328003,0.7375012636184692
YAL020C,YGR024C,1,-0.7920471,0.12117955833673477,0.9960745573043823,0.7375012636184692
YMR130W,YNL138W,0,-0.79209363,0.12116509675979614,0.9960745573043823,0.7376014590263367
YKR030W,YNL258C,0,-0.7929063,0.12115063518285751,0.9960745573043823,0.7377016544342041
YJR059W,YER140W,0,-0.79462826,0.12113617360591888,0.9960745573043823,0.7378018498420715
YHR079C,YPL031C,0,-0.79507065,0.12112171947956085,0.9960745573043823,0.7379019856452942
YDR506C,YNL299W,0,-0.79528856,0.12110726535320282,0.9960745573043823,0.7380021810531616
YMR251W-A,YHR031C,0,-0.7956026,0.12109281867742538,0.9960745573043823,0.738102376461029
YKR037C,YNL219C,0,-0.79591364,0.12107837200164795,0.9960745573043823,0.7382025718688965
YDR026C,YML132W,0,-0.797312,0.12106393277645111,0.9960745573043823,0.7383027672767639
YDR508C,YJR155W,0,-0.7992835,0.12104949355125427,0.9960745573043823,0.7384029626846313
YML128C,YLR431C,0,-0.7993621,0.12103506177663803,0.9960745573043823,0.7385031580924988
YPR165W,YGL003C,0,-0.7995868,0.12102063000202179,0.9960745573043823,0.7386033535003662
YML126C,YLR024C,0,-0.80285835,0.12100619822740555,0.9960745573043823,0.7387035489082336
YOR293W,YIL138C,0,-0.8032757,0.1209917739033699,0.9960745573043823,0.7388037443161011
YOR304W,YKL210W,0,-0.8034226,0.12097735702991486,0.9960745573043823,0.7389039397239685
YCL029C,YDR240C,1,-0.80442744,0.1210821121931076,0.9970559477806091,0.7389039397239685
YAR027W,YIR022W,0,-0.80635417,0.12106768041849136,0.9970559477806091,0.7390041351318359
YER125W,YJR064W,0,-0.8064587,0.12105325609445572,0.9970559477806091,0.7391042709350586
YCL063W,YDR018C,0,-0.8079432,0.12103883922100067,0.9970559477806091,0.739204466342926
YJR097W,YGR125W,0,-0.8080746,0.12102442234754562,0.9970559477806091,0.7393046617507935
YMR319C,YFL036W,0,-0.80899,0.12101000547409058,0.9970559477806091,0.7394048571586609
YDR484W,YLR408C,0,-0.80912626,0.12099559605121613,0.9970559477806091,0.7395050525665283
YBR125C,YHR166C,0,-0.8094199,0.12098118662834167,0.9970559477806091,0.7396052479743958
YKL178C,YAL054C,0,-0.81009495,0.12096678465604782,0.9970559477806091,0.7397054433822632
YEL031W,YHR018C,0,-0.81172884,0.12095238268375397,0.9970559477806091,0.7398056387901306
YLR148W,YDR216W,0,-0.8117366,0.12093798071146011,0.9970559477806091,0.739905834197998
YNL091W,YBR176W,0,-0.8121616,0.12092358618974686,0.9970559477806091,0.7400060296058655
YCR009C,YLR229C,0,-0.8122025,0.1209091991186142,0.9970559477806091,0.7401062250137329
YCR098C,YDR447C,0,-0.81418645,0.12089481204748154,0.9970559477806091,0.7402064204216003
YPL096W,YGL136C,0,-0.8157752,0.12088042497634888,0.9970559477806091,0.740306556224823
YGL168W,YPL242C,0,-0.81584245,0.12086604535579681,0.9970559477806091,0.7404067516326904
YBR115C,YOR162C,0,-0.8158425,0.12085167318582535,0.9970559477806091,0.7405069470405579
YPL131W,YJL047C,0,-0.8172091,0.12083730101585388,0.9970559477806091,0.7406071424484253
YDR479C,YOR221C,0,-0.8172842,0.12082292884588242,0.9970559477806091,0.7407073378562927
YBR014C,YGR239C,0,-0.81769586,0.12080856412649155,0.9970559477806091,0.7408075332641602
YGR229C,YOR066W,0,-0.8181733,0.12079419940710068,0.9970559477806091,0.7409077286720276
YLR244C,YCL020W,0,-0.82260054,0.12077983468770981,0.9970559477806091,0.741007924079895
YIL171W,YLR265C,0,-0.8239489,0.12076548486948013,0.9970559477806091,0.7411081194877625
YLR205C,YER002W,0,-0.82414496,0.12075112760066986,0.9970559477806091,0.7412083148956299
YLR157C-B,YDL214C,0,-0.8243984,0.12073677778244019,0.9970559477806091,0.7413085103034973
YKL161C,YGR256W,0,-0.8244195,0.12072243541479111,0.9970559477806091,0.7414087057113647
YPR054W,YGR125W,0,-0.82529473,0.12070809304714203,0.9970559477806091,0.7415088415145874
YMR159C,YJL114W,0,-0.8258732,0.12069375067949295,0.9970559477806091,0.7416090369224548
YKL148C,YIL083C,0,-0.82633126,0.12067941576242447,0.9970559477806091,0.7417092323303223
YFR009W,YHR121W,0,-0.826403,0.12066508084535599,0.9970559477806091,0.7418094277381897
YCR068W,YAL042W,0,-0.82700825,0.1206507533788681,0.9970559477806091,0.7419096231460571
YER160C,YGR121C,0,-0.8279385,0.12063642591238022,0.9970559477806091,0.7420098185539246
YLR047C,YHR051W,0,-0.82851195,0.12062210589647293,0.9970559477806091,0.742110013961792
YNL086W,YPR081C,0,-0.83062917,0.12060778588056564,0.9970559477806091,0.7422102093696594
YOR216C,YOL049W,0,-0.83145094,0.12059347331523895,0.9970559477806091,0.7423104047775269
YKL022C,YGL208W,0,-0.8338871,0.12057916074991226,0.9970559477806091,0.7424106001853943
YML036W,YDR254W,0,-0.83470917,0.12056484818458557,0.9970559477806091,0.7425107955932617
YOR311C,YPL259C,0,-0.83483195,0.12055054306983948,0.9970559477806091,0.7426109313964844
YOR347C,YKL008C,0,-0.8353943,0.12053624540567398,0.9970559477806091,0.7427111268043518
YOR290C,YOL082W,0,-0.8362019,0.12052194774150848,0.9970559477806091,0.7428113222122192
YDR358W,YCL003W,0,-0.8362331,0.12050765007734299,0.9970559477806091,0.7429115176200867
YOR142W,YML109W,0,-0.8371948,0.12049335986375809,0.9970559477806091,0.7430117130279541
YMR221C,YMR311C,0,-0.83815587,0.12047906965017319,0.9970559477806091,0.7431119084358215
YKR058W,YNL082W,0,-0.83876204,0.12046478688716888,0.9970559477806091,0.743212103843689
YDL035C,YGR281W,0,-0.84052396,0.12045050412416458,0.9970559477806091,0.7433122992515564
YDR062W,YKR001C,0,-0.8410267,0.12043622881174088,0.9970559477806091,0.7434124946594238
YCR092C,YJR098C,0,-0.8417769,0.12042195349931717,0.9970559477806091,0.7435126900672913
YOR066W,YJR121W,0,-0.84304035,0.12040767818689346,0.9970559477806091,0.7436128854751587
YLR439W,YJR137C,0,-0.8436552,0.12039341032505035,0.9970559477806091,0.7437130808830261
YJR090C,YOR179C,0,-0.84453875,0.12037914991378784,0.9970559477806091,0.7438132166862488
YJL085W,YGL186C,0,-0.8464749,0.12036488205194473,0.9970559477806091,0.7439134120941162
YNL127W,YNL229C,0,-0.8470769,0.12035062909126282,0.9970559477806091,0.7440136075019836
YKR102W,YKL035W,0,-0.8494068,0.1203363761305809,0.9970559477806091,0.7441138029098511
YIL072W,YLR316C,0,-0.84940696,0.12032212316989899,0.9970559477806091,0.7442139983177185
YMR117C,YNL172W,0,-0.85026544,0.12030787765979767,0.9970559477806091,0.7443141937255859
YLR380W,YCR068W,0,-0.8528919,0.12029363214969635,0.9970559477806091,0.7444143891334534
YDR348C,YNL225C,0,-0.85550696,0.12027938663959503,0.9970559477806091,0.7445145845413208
YLR009W,YGL135W,0,-0.856938,0.12026514858007431,0.9970559477806091,0.7446147799491882
YGR159C,YOR340C,0,-0.85731834,0.12025091797113419,0.9970559477806091,0.7447149753570557
YMR071C,YIL132C,0,-0.8593371,0.12023668736219406,0.9970559477806091,0.7448151707649231
YJL203W,YDL115C,0,-0.8617065,0.12022245675325394,0.9970559477806091,0.7449153661727905
YJR083C,YDR423C,0,-0.86235535,0.12020823359489441,0.9970559477806091,0.7450155019760132
YDL084W,YPL231W,0,-0.8634356,0.12019401043653488,0.9970559477806091,0.7451156973838806
YBL067C,YLR219W,0,-0.8637422,0.12017979472875595,0.9970559477806091,0.745215892791748
YGL158W,YER171W,0,-0.8641724,0.12016557902097702,0.9970559477806091,0.7453160881996155
YGR261C,YGR295C,0,-0.8648999,0.12015137076377869,0.9970559477806091,0.7454162836074829
YML128C,YLR165C,0,-0.86610293,0.12013716250658035,0.9970559477806091,0.7455164790153503
YJR005W,YBR247C,0,-0.8681917,0.12012296169996262,0.9970559477806091,0.7456166744232178
YMR184W,YDR446W,0,-0.8687203,0.12010876089334488,0.9970559477806091,0.7457168698310852
YMR316W,YAR035W,0,-0.8688742,0.12009456008672714,0.9970559477806091,0.7458170652389526
YGR090W,YBL002W,0,-0.8691752,0.12008036673069,0.9970559477806091,0.7459172606468201
YLR203C,YGR258C,0,-0.8699284,0.12006618082523346,0.9970559477806091,0.7460174560546875
YPR156C,YGR209C,0,-0.8710021,0.12005198746919632,0.9970559477806091,0.7461176514625549
YGL121C,YOR367W,0,-0.87156594,0.12003780901432037,0.9970559477806091,0.7462177872657776
YLR289W,YOR128C,0,-0.8721529,0.12002362310886383,0.9970559477806091,0.746317982673645
YFR041C,YPR022C,0,-0.8741001,0.12000945210456848,0.9970559477806091,0.7464181780815125
YMR167W,YLR164W,0,-0.87462914,0.11999527364969254,0.9970559477806091,0.7465183734893799
YNL207W,YLR034C,0,-0.874732,0.11998110264539719,0.9970559477806091,0.7466185688972473
YLR274W,YKL135C,0,-0.8749331,0.11996693909168243,0.9970559477806091,0.7467187643051147
YDR487C,YNL311C,0,-0.87513065,0.11995277553796768,0.9970559477806091,0.7468189597129822
YPR035W,YPR049C,0,-0.87528074,0.11993861198425293,0.9970559477806091,0.7469191551208496
YML048W,YBR127C,0,-0.87858135,0.11992445588111877,0.9970559477806091,0.747019350528717
YDL084W,YOR275C,0,-0.8791438,0.11991029977798462,0.9970559477806091,0.7471195459365845
YCL032W,YNL175C,0,-0.88018984,0.11989615112543106,0.9970559477806091,0.7472197413444519
YML106W,YKR039W,0,-0.88171697,0.1198820024728775,0.9970559477806091,0.7473199367523193
YDR410C,YDR447C,0,-0.8863251,0.11986786127090454,0.9970559477806091,0.747420072555542
YDR453C,YMR130W,0,-0.88675976,0.11985372006893158,0.9970559477806091,0.7475202679634094
YNL270C,YOR005C,0,-0.8871042,0.11983958631753922,0.9970559477806091,0.7476204633712769
YKL152C,YPL236C,0,-0.8873666,0.11982545256614685,0.9970559477806091,0.7477206587791443
YNL026W,YPR029C,0,-0.8889331,0.11981131881475449,0.9970559477806091,0.7478208541870117
YER095W,YGL133W,0,-0.8894932,0.11979719251394272,0.9970559477806091,0.7479210495948792
YOR115C,YLR153C,0,-0.8899029,0.11978307366371155,0.9970559477806091,0.7480212450027466
YPL098C,YOR074C,0,-0.8899375,0.11976894736289978,0.9970559477806091,0.748121440410614
YGL090W,YDL022W,0,-0.8900815,0.1197548359632492,0.9970559477806091,0.7482216358184814
YKL211C,YBR175W,0,-0.89026964,0.11974071711301804,0.9970559477806091,0.7483218312263489
YPL011C,YKL218C,0,-0.8920851,0.11972660571336746,0.9970559477806091,0.7484220266342163
YDR411C,YML007W,0,-0.89307094,0.11971250176429749,0.9970559477806091,0.748522162437439
YOL138C,YGR028W,0,-0.8934332,0.11969839781522751,0.9970559477806091,0.7486223578453064
YCR093W,YGL161C,0,-0.89441186,0.11968429386615753,0.9970559477806091,0.7487225532531738
YBR058C,YNL015W,0,-0.8954933,0.11967019736766815,0.9970559477806091,0.7488227486610413
YIL004C,YBR035C,0,-0.8956534,0.11965610831975937,0.9970559477806091,0.7489229440689087
YDR151C,YNR041C,0,-0.8958613,0.11964201927185059,0.9970559477806091,0.7490231394767761
YMR244C-A,YJR145C,0,-0.8959162,0.1196279302239418,0.9970559477806091,0.7491233348846436
YDR373W,YLR148W,0,-0.89694905,0.11961384862661362,0.9970559477806091,0.749223530292511
YJR026W,YHL009C,0,-0.897748,0.11959976702928543,0.9970559477806091,0.7493237257003784
YKL152C,YNL248C,0,-0.898455,0.11958568543195724,0.9970559477806091,0.7494239211082458
YKR094C,YLR256W,0,-0.89897114,0.11957161128520966,0.9970559477806091,0.7495241165161133
YIR038C,YGR241C,0,-0.89969116,0.11955754458904266,0.9970559477806091,0.7496243119239807
YPR192W,YBR072W,0,-0.89969957,0.11954347789287567,0.9970559477806091,0.7497244477272034
YOL110W,YBR257W,0,-0.90100586,0.11952941119670868,0.9970559477806091,0.7498246431350708
YJR110W,YFL041W,0,-0.90167403,0.11951535195112228,0.9970559477806091,0.7499248385429382
YPL024W,YKL189W,0,-0.902838,0.11950129270553589,0.9970559477806091,0.7500250339508057
YDL035C,YER019C-A,0,-0.9036381,0.11948724091053009,0.9970559477806091,0.7501252293586731
YFL013C,YNR045W,0,-0.9043746,0.11947318911552429,0.9970559477806091,0.7502254247665405
YIL158W,YPR198W,0,-0.90535986,0.11945914477109909,0.9970559477806091,0.750325620174408
YIL170W,YMR182C,0,-0.9060881,0.11944510042667389,0.9970559477806091,0.7504258155822754
YPL108W,YJR137C,0,-0.9067297,0.11943105608224869,0.9970559477806091,0.7505260109901428
YOR096W,YLL015W,0,-0.9079101,0.11941701918840408,0.9970559477806091,0.7506262063980103
YDR046C,YLR251W,0,-0.9131851,0.11940298229455948,0.9970559477806091,0.7507264018058777
YJL113W,YML005W,0,-0.9133673,0.11938895285129547,0.9970559477806091,0.7508265972137451
YBR221C,YPL214C,0,-0.91474664,0.11937492340803146,0.9970559477806091,0.7509267330169678
YDR051C,YNL044W,0,-0.9152819,0.11936090141534805,0.9970559477806091,0.7510269284248352
YCR077C,YLR098C,0,-0.91648316,0.11934687942266464,0.9970559477806091,0.7511271238327026
YDR221W,YJR056C,0,-0.9177121,0.11933286488056183,0.9970559477806091,0.7512273192405701
YDR392W,YDR508C,0,-0.9177866,0.11931885033845901,0.9970559477806091,0.7513275146484375
YKL130C,YBL093C,0,-0.9182718,0.1193048357963562,0.9970559477806091,0.7514277100563049
YMR276W,YNL241C,0,-0.91854286,0.11929082870483398,0.9970559477806091,0.7515279054641724
YGR282C,YOR162C,0,-0.91866744,0.11927682906389236,0.9970559477806091,0.7516281008720398
YNL202W,YBL066C,0,-0.9194423,0.11926282197237015,0.9970559477806091,0.7517282962799072
YGL245W,YDR186C,0,-0.91950536,0.11924882978200912,0.9970559477806091,0.7518284916877747
YBR087W,YPL255W,0,-0.9229281,0.1192348301410675,0.9970559477806091,0.7519286870956421
YJR090C,YER141W,0,-0.9252496,0.11922083795070648,0.9970559477806091,0.7520288825035095
YDR253C,YPR149W,0,-0.92563057,0.11920685321092606,0.9970559477806091,0.7521290183067322
YGR036C,YJL171C,0,-0.92606544,0.11919286847114563,0.9970559477806091,0.7522292137145996
YBR156C,YER130C,0,-0.9279375,0.1191788837313652,0.9970559477806091,0.752329409122467
YML115C,YML097C,0,-0.928843,0.11916490644216537,0.9970559477806091,0.7524296045303345
YPR137C-B,YML049C,0,-0.9295261,0.11915092915296555,0.9970559477806091,0.7525297999382019
YGR179C,YOL077C,0,-0.9305333,0.11913695931434631,0.9970559477806091,0.7526299953460693
YMR204C,YLL005C,0,-0.9307122,0.11912298947572708,0.9970559477806091,0.7527301907539368
YDR281C,YKL124W,0,-0.9310545,0.11910902708768845,0.9970559477806091,0.7528303861618042
YGR124W,YHL019C,0,-0.9313381,0.11909506469964981,0.9970559477806091,0.7529305815696716
YDR162C,YLR176C,0,-0.9319426,0.11908110976219177,0.9970559477806091,0.7530307769775391
YNR047W,YDR432W,0,-0.9325154,0.11906714737415314,0.9970559477806091,0.7531309723854065
YML001W,YDL184C,0,-0.932637,0.1190531998872757,0.9970559477806091,0.7532311677932739
YLR399C,YOL064C,0,-0.933669,0.11903925240039825,0.9970559477806091,0.7533313035964966
YGR249W,YPL055C,0,-0.9345037,0.11902530491352081,0.9970559477806091,0.753431499004364
YGR001C,YOL089C,0,-0.9349997,0.11901136487722397,0.9970559477806091,0.7535316944122314
YKL139W,YPR065W,0,-0.93531394,0.11899742484092712,0.9970559477806091,0.7536318898200989
YOL101C,YDL066W,0,-0.9353192,0.11898348480463028,0.9970559477806091,0.7537320852279663
YKL091C,YOR211C,0,-0.9358747,0.11896955221891403,0.9970559477806091,0.7538322806358337
YNL239W,YOL006C,0,-0.9363985,0.11895562708377838,0.9970559477806091,0.7539324760437012
YLR174W,YBR022W,0,-0.93666005,0.11894170194864273,0.9970559477806091,0.7540326714515686
YCR024C-A,YNL307C,0,-0.9369955,0.11892777681350708,0.9970559477806091,0.754132866859436
YER145C,YPR091C,0,-0.9372504,0.11891385912895203,0.9970559477806091,0.7542330622673035
YER018C,YAL017W,0,-0.93802905,0.11889994144439697,0.9970559477806091,0.7543332576751709
YOR326W,YEL016C,0,-0.9382564,0.11888603121042252,0.9970559477806091,0.7544334530830383
YKL190W,YER090W,0,-0.9386599,0.11887212097644806,0.9970559477806091,0.754533588886261
YGR287C,YML036W,0,-0.9394331,0.1188582107424736,0.9970559477806091,0.7546337842941284
YMR119W,YLR183C,0,-0.94017935,0.11884430795907974,0.9970559477806091,0.7547339797019958
YPR023C,YDR354W,0,-0.94033635,0.11883041262626648,0.9970559477806091,0.7548341751098633
YLR414C,YEL070W,0,-0.94125855,0.11881650984287262,0.9970559477806091,0.7549343705177307
YNL297C,YBR179C,0,-0.9417561,0.11880262196063995,0.9970559477806091,0.7550345659255981
YLR174W,YNL273W,0,-0.94222426,0.11878872662782669,0.9970559477806091,0.7551347613334656
YHR025W,YLR121C,0,-0.9436283,0.11877483874559402,0.9970559477806091,0.755234956741333
YDL195W,YML042W,0,-0.94711614,0.11876095831394196,0.9970559477806091,0.7553351521492004
YCR033W,YMR315W,0,-0.94750786,0.11874707788228989,0.9970559477806091,0.7554353475570679
YPR124W,YLR298C,0,-0.9487325,0.11873319745063782,0.9970559477806091,0.7555355429649353
YJL019W,YJL166W,0,-0.9494283,0.11871932446956635,0.9970559477806091,0.755635678768158
YPR162C,YMR170C,0,-0.9497417,0.11870545893907547,0.9970559477806091,0.7557358741760254
YDR373W,YOL089C,0,-0.9497508,0.118691585958004,0.9970559477806091,0.7558360695838928
YDR218C,YML039W,0,-0.95159376,0.11867772787809372,0.9970559477806091,0.7559362649917603
YDR026C,YKL152C,0,-0.9525001,0.11866386234760284,0.9970559477806091,0.7560364603996277
YHR160C,YNL153C,0,-0.9530045,0.11865000426769257,0.9970559477806091,0.7561366558074951
YJR057W,YOL082W,0,-0.9543363,0.11863615363836288,0.9970559477806091,0.7562368512153625
YDR126W,YBR288C,0,-0.9553143,0.1186223030090332,0.9970559477806091,0.75633704662323
YML073C,YNL182C,0,-0.95653045,0.11860845237970352,0.9970559477806091,0.7564372420310974
YKR101W,YDR077W,0,-0.9570763,0.11859460920095444,0.9970559477806091,0.7565374374389648
YMR094W,YHL001W,0,-0.95731235,0.11858076602220535,0.9970559477806091,0.7566376328468323
YDL040C,YGR223C,0,-0.9574224,0.11856693029403687,0.9970559477806091,0.7567378282546997
YKR086W,YGL121C,0,-0.9586133,0.11855309456586838,0.9970559477806091,0.7568379640579224
YKL088W,YKL094W,0,-0.96028113,0.11853925883769989,0.9970559477806091,0.7569381594657898
YOR085W,YNL325C,0,-0.9603534,0.118525430560112,0.9970559477806091,0.7570383548736572
YLR045C,YNR072W,0,-0.9623358,0.1185116097331047,0.9970559477806091,0.7571385502815247
YBR196C,YER048C,0,-0.9626709,0.11849778145551682,0.9970559477806091,0.7572387456893921
YOR008C,YGR063C,0,-0.96273375,0.11848396807909012,0.9970559477806091,0.7573389410972595
YBR118W,YNL241C,0,-0.96332264,0.11847014725208282,0.9970559477806091,0.757439136505127
YML112W,YDL188C,0,-0.96336794,0.11845633387565613,0.9970559477806091,0.7575393319129944
YML072C,YOR340C,0,-0.9636239,0.11844252794981003,0.9970559477806091,0.7576395273208618
YPL208W,YJL166W,0,-0.96362424,0.11842872202396393,0.9970559477806091,0.7577397227287292
YPL033C,YLR109W,0,-0.9636462,0.11841491609811783,0.9970559477806091,0.7578399181365967
YOR265W,YPL128C,0,-0.9640144,0.11840111762285233,0.9970559477806091,0.7579401135444641
YDR306C,YGL259W,0,-0.96443164,0.11838731914758682,0.9970559477806091,0.7580402493476868
YPR026W,YLL050C,0,-0.9651234,0.11837352812290192,0.9970559477806091,0.7581404447555542
YER150W,YOL133W,0,-0.96560895,0.11835973709821701,0.9970559477806091,0.7582406401634216
YOR367W,YDL109C,0,-0.9659151,0.1183459535241127,0.9970559477806091,0.7583408355712891
YJR149W,YLR398C,0,-0.967648,0.11833216995000839,0.9970559477806091,0.7584410309791565
YNL030W,YBR021W,0,-0.96923494,0.11831838637590408,0.9970559477806091,0.7585412263870239
YPL098C,YGR214W,0,-0.97091794,0.11830461025238037,0.9970559477806091,0.7586414217948914
YOR279C,YOL017W,0,-0.97182965,0.11829083412885666,0.9970559477806091,0.7587416172027588
YLR151C,YDL212W,0,-0.97475123,0.11827706545591354,0.9970559477806091,0.7588418126106262
YBL089W,YPL228W,0,-0.9752766,0.11826329678297043,0.9970559477806091,0.7589420080184937
YJR126C,YDL190C,0,-0.9756577,0.11824953556060791,0.9970559477806091,0.7590422034263611
YNL256W,YEL052W,0,-0.97576785,0.11823577433824539,0.9970559477806091,0.7591423988342285
YGR252W,YDL170W,0,-0.97661066,0.11822201311588287,0.9970559477806091,0.7592425346374512
YOR066W,YER053C,0,-0.97665906,0.11820825934410095,0.9970559477806091,0.7593427300453186
YLR336C,YOR239W,0,-0.97716033,0.11819450557231903,0.9970559477806091,0.759442925453186
YPR024W,YGR105W,0,-0.97733045,0.1181807592511177,0.9970559477806091,0.7595431208610535
YAL062W,YCL059C,0,-0.9792384,0.11816701292991638,0.9970559477806091,0.7596433162689209
YIR033W,YBR297W,0,-0.98067296,0.11815327405929565,0.9970559477806091,0.7597435116767883
YDR447C,YDR060W,0,-0.98138213,0.11813953518867493,0.9970559477806091,0.7598437070846558
YOL007C,YCL018W,0,-0.981647,0.1181257963180542,0.9970559477806091,0.7599439024925232
YJL097W,YDR138W,0,-0.9824171,0.11811206489801407,0.9970559477806091,0.7600440979003906
YDR237W,YDR452W,0,-0.9824457,0.11809834092855453,0.9970559477806091,0.7601442933082581
YOR173W,YBR261C,0,-0.98369324,0.1180846095085144,0.9970559477806091,0.7602444887161255
YKL201C,YNL186W,0,-0.98379326,0.11807088553905487,0.9970559477806091,0.7603446841239929
YER106W,YLR153C,0,-0.984205,0.11805716902017593,0.9970559477806091,0.7604448199272156
YDR047W,YHR046C,0,-0.9850575,0.118043452501297,0.9970559477806091,0.760545015335083
YMR314W,YLR008C,0,-0.9858378,0.11802974343299866,0.9970559477806091,0.7606452107429504
YER012W,YPL099C,0,-0.9860873,0.11801602691411972,0.9970559477806091,0.7607454061508179
YGR256W,YOR098C,0,-0.9868331,0.11800232529640198,0.9970559477806091,0.7608456015586853
YPL002C,YLR251W,0,-0.98752236,0.11798861622810364,0.9970559477806091,0.7609457969665527
YJL155C,YML070W,0,-0.98779523,0.11797492206096649,0.9970559477806091,0.7610459923744202
YMR039C,YDL092W,0,-0.98939586,0.11796122044324875,0.9970559477806091,0.7611461877822876
YLR373C,YLR213C,0,-0.9903009,0.1179475262761116,0.9970559477806091,0.761246383190155
YLR128W,YHR207C,0,-0.9910991,0.11793383955955505,0.9970559477806091,0.7613465785980225
YJR015W,YKL137W,0,-0.99128723,0.11792014539241791,0.9970559477806091,0.7614467740058899
YGR179C,YGR148C,0,-0.99135435,0.11790646612644196,0.9970559477806091,0.7615469098091125
YIL082W-A,YIR036C,0,-0.9921267,0.1178927794098854,0.9970559477806091,0.76164710521698
YOR096W,YEL043W,0,-0.9926213,0.11787910759449005,0.9970559477806091,0.7617473006248474
YBR238C,YIL088C,0,-0.9933299,0.1178654283285141,0.9970559477806091,0.7618474960327148
YDR076W,YOL092W,0,-0.993536,0.11785175651311874,0.9970559477806091,0.7619476914405823
YPL258C,YHR042W,0,-0.9976324,0.11783809214830399,0.9970559477806091,0.7620478868484497
YOR058C,YOR381W,0,-0.9976661,0.11782442033290863,0.9970559477806091,0.7621480822563171
YER003C,YPL011C,0,-0.99893665,0.11781076341867447,0.9970559477806091,0.7622482776641846
YGL181W,YLR170C,0,-1.0001963,0.11779709905385971,0.9970559477806091,0.762348473072052
YML130C,YFR001W,0,-1.0015423,0.11778344213962555,0.9970559477806091,0.7624486684799194
YNL297C,YGR037C,0,-1.0023339,0.11776979267597198,0.9970559477806091,0.7625488638877869
YDR440W,YOR187W,0,-1.0028794,0.11775614321231842,0.9970559477806091,0.7626490592956543
YCR083W,YOL139C,0,-1.0035236,0.11774249374866486,0.9970559477806091,0.762749195098877
YNR010W,YDR385W,0,-1.0038853,0.11772885173559189,0.9970559477806091,0.7628493905067444
YMR200W,YLR126C,0,-1.0043274,0.11771520972251892,0.9970559477806091,0.7629495859146118
YMR236W,YNL128W,0,-1.008418,0.11770157516002655,0.9970559477806091,0.7630497813224792
YDR408C,YBR035C,0,-1.0089245,0.11768794059753418,0.9970559477806091,0.7631499767303467
YDR460W,YOR067C,0,-1.0092909,0.1176743134856224,0.9970559477806091,0.7632501721382141
YOR066W,YFL048C,0,-1.0097245,0.11766068637371063,0.9970559477806091,0.7633503675460815
YOR221C,YBR202W,0,-1.0120261,0.11764705926179886,0.9970559477806091,0.763450562953949
YBR052C,YML132W,0,-1.0121118,0.11763343960046768,0.9970559477806091,0.7635507583618164
YDL058W,YGR278W,0,-1.0122535,0.1176198199391365,0.9970559477806091,0.7636509537696838
YDR076W,YHL022C,0,-1.0123098,0.11760620772838593,0.9970559477806091,0.7637511491775513
YER151C,YBL100W-A,0,-1.014405,0.11759259551763535,0.9970559477806091,0.7638513445854187
YDR031W,YMR247C,0,-1.0155144,0.11757898330688477,0.9970559477806091,0.7639514803886414
YKL126W,YKL007W,0,-1.0172553,0.11756537854671478,0.9970559477806091,0.7640516757965088
YKL003C,YMR071C,0,-1.0175123,0.1175517737865448,0.9970559477806091,0.7641518712043762
YIL034C,YJL044C,0,-1.0177143,0.11753817647695541,0.9970559477806091,0.7642520666122437
YOR056C,YBR150C,0,-1.0188105,0.11752457916736603,0.9970559477806091,0.7643522620201111
YDR226W,YIL095W,0,-1.0213692,0.11751098930835724,0.9970559477806091,0.7644524574279785
YFL004W,YOL030W,0,-1.0216746,0.11749739944934845,0.9970559477806091,0.764552652835846
YGR277C,YKL218C,0,-1.0222425,0.11748380959033966,0.9970559477806091,0.7646528482437134
YGR191W,YPL167C,0,-1.0223324,0.11747022718191147,0.9970559477806091,0.7647530436515808
YGL253W,YHR164C,0,-1.0226209,0.11745664477348328,0.9970559477806091,0.7648532390594482
YGR261C,YGR006W,0,-1.0229408,0.11744306981563568,0.9970559477806091,0.7649534344673157
YER082C,YJL154C,0,-1.024515,0.11742949485778809,0.9970559477806091,0.7650536298751831
YDR155C,YDR363W-A,0,-1.024987,0.11741592735052109,0.9970559477806091,0.7651537656784058
YGL010W,YER068W,0,-1.0254176,0.11740235984325409,0.9970559477806091,0.7652539610862732
YHR147C,YCL036W,0,-1.0257995,0.11738879233598709,0.9970559477806091,0.7653541564941406
YOL057W,YPR200C,0,-1.0258147,0.11737523227930069,0.9970559477806091,0.7654543519020081
YNL178W,YKL059C,0,-1.0276268,0.11736167222261429,0.9970559477806091,0.7655545473098755
YIR037W,YOL152W,0,-1.0281367,0.11734811961650848,0.9970559477806091,0.7656547427177429
YHR152W,YGR221C,0,-1.0286278,0.11733456701040268,0.9970559477806091,0.7657549381256104
YBL042C,YEL052W,0,-1.0316325,0.11732101440429688,0.9970559477806091,0.7658551335334778
YOR233W,YBR035C,0,-1.0329387,0.11730746924877167,0.9970559477806091,0.7659553289413452
YPL151C,YOL049W,0,-1.0334888,0.11729392409324646,0.9970559477806091,0.7660555243492126
YER094C,YMR236W,0,-1.0336983,0.11728038638830185,0.9970559477806091,0.7661557197570801
YHL034C,YMR146C,0,-1.0359694,0.11726684868335724,0.9970559477806091,0.7662559151649475
YBL017C,YNL330C,0,-1.0367287,0.11725331842899323,0.9970559477806091,0.7663560509681702
YJR019C,YNR067C,0,-1.0368637,0.11723978817462921,0.9970559477806091,0.7664562463760376
YNR013C,YOL006C,0,-1.041048,0.1172262579202652,0.9970559477806091,0.766556441783905
YGR010W,YOL092W,0,-1.0426694,0.11721273511648178,0.9970559477806091,0.7666566371917725
YIL050W,YDL201W,0,-1.043244,0.11719921231269836,0.9970559477806091,0.7667568325996399
YHR044C,YBR073W,0,-1.0441037,0.11718569695949554,0.9970559477806091,0.7668570280075073
YDL195W,YGL169W,0,-1.0441473,0.11717218160629272,0.9970559477806091,0.7669572234153748
YLR047C,YKR042W,0,-1.0451362,0.1171586737036705,0.9970559477806091,0.7670574188232422
YNL169C,YKL091C,0,-1.0454454,0.11714516580104828,0.9970559477806091,0.7671576142311096
YHL024W,YLR214W,0,-1.045527,0.11713165789842606,0.9970559477806091,0.767257809638977
YML015C,YER046W,0,-1.0464894,0.11711815744638443,0.9970559477806091,0.7673580050468445
YIL017C,YMR323W,0,-1.0472593,0.1171046569943428,0.9970559477806091,0.7674581408500671
YFL041W,YNL015W,0,-1.0482823,0.11709116399288177,0.9970559477806091,0.7675583362579346
YMR016C,YKL195W,0,-1.0485463,0.11707767099142075,0.9970559477806091,0.767658531665802
YOL129W,YGR125W,0,-1.0504558,0.11706417798995972,0.9970559477806091,0.7677587270736694
YOR326W,YDL214C,0,-1.051161,0.11705069243907928,0.9970559477806091,0.7678589224815369
YOL129W,YDR331W,0,-1.0511656,0.11703720688819885,0.9970559477806091,0.7679591178894043
YKL082C,YNL264C,0,-1.0535731,0.11702372878789902,0.9970559477806091,0.7680593132972717
YGL124C,YER061C,0,-1.0542649,0.11701025068759918,0.9970559477806091,0.7681595087051392
YPL092W,YPR042C,0,-1.0557986,0.11699677258729935,0.9970559477806091,0.7682597041130066
YNL079C,YBR048W,0,-1.057079,0.11698330193758011,0.9970559477806091,0.768359899520874
YPR137W,YCR079W,0,-1.0570805,0.11696983873844147,0.9970559477806091,0.7684600949287415
YGR258C,YMR170C,0,-1.0579727,0.11695636808872223,0.9970559477806091,0.7685602903366089
YFL057C,YAR027W,0,-1.0582485,0.11694291234016418,0.9970559477806091,0.7686604261398315
YDL195W,YIL035C,0,-1.0594845,0.11692944914102554,0.9970559477806091,0.768760621547699
YDR155C,YBR093C,0,-1.0600185,0.1169159933924675,0.9970559477806091,0.7688608169555664
YEL054C,YEL055C,0,-1.0602,0.11690254509449005,0.9970559477806091,0.7689610123634338
YKR020W,YER048C,0,-1.061228,0.1168890967965126,0.9970559477806091,0.7690612077713013
YGR075C,YCL034W,0,-1.0614109,0.11687564849853516,0.9970559477806091,0.7691614031791687
YDR151C,YEL020C,0,-1.062501,0.11686220020055771,0.9970559477806091,0.7692615985870361
YER083C,YML104C,0,-1.0633235,0.11684876680374146,0.9970559477806091,0.7693617939949036
YBL022C,YHR021C,0,-1.0634257,0.1168353259563446,0.9970559477806091,0.769461989402771
YJR014W,YPR042C,0,-1.064132,0.11682189255952835,0.9970559477806091,0.7695621848106384
YDR171W,YBR299W,0,-1.0648353,0.1168084591627121,0.9970559477806091,0.7696623802185059
YBR139W,YGR091W,0,-1.0654483,0.11679503321647644,0.9970559477806091,0.7697625756263733
YPL088W,YDR404C,0,-1.0679774,0.11678160727024078,0.9970559477806091,0.769862711429596
YLR319C,YBR185C,0,-1.0683311,0.11676818877458572,0.9970559477806091,0.7699629068374634
YLR074C,YJL151C,0,-1.0690476,0.11675477027893066,0.9970559477806091,0.7700631022453308
YIL103W,YOR292C,0,-1.070569,0.1167413517832756,0.9970559477806091,0.7701632976531982
YJR010C-A,YBR141C,0,-1.0708879,0.11672794073820114,0.9970559477806091,0.7702634930610657
YHR209W,YOR243C,0,-1.0716769,0.11671452969312668,0.9970559477806091,0.7703636884689331
YGR032W,YNR007C,0,-1.0722926,0.11670112609863281,0.9970559477806091,0.7704638838768005
YJR125C,YDR171W,0,-1.0740213,0.11668772250413895,0.9970559477806091,0.770564079284668
YDR279W,YPL017C,0,-1.0744753,0.11667431890964508,0.9970559477806091,0.7706642746925354
YAL034W-A,YCR093W,0,-1.0745885,0.11666092276573181,0.9970559477806091,0.7707644701004028
YNL106C,YDL061C,0,-1.0747428,0.11664753407239914,0.9970559477806091,0.7708646655082703
YBL002W,YMR309C,0,-1.0749182,0.11663413792848587,0.9970559477806091,0.7709648609161377
YPR132W,YNL070W,0,-1.0761157,0.1166207566857338,0.9970559477806091,0.7710649967193604
YBR298C,YOR212W,0,-1.078831,0.11660736799240112,0.9970559477806091,0.7711651921272278
YDR312W,YMR184W,0,-1.0791497,0.11659398674964905,0.9970559477806091,0.7712653875350952
YDR180W,YKL188C,0,-1.0797715,0.11658060550689697,0.9970559477806091,0.7713655829429626
YNL336W,YJR040W,0,-1.080389,0.1165672317147255,0.9970559477806091,0.7714657783508301
YBR014C,YEL029C,0,-1.0804176,0.11655385792255402,0.9970559477806091,0.7715659737586975
YKL085W,YNR041C,0,-1.0810528,0.11654049158096313,0.9970559477806091,0.7716661691665649
YDR118W,YLR298C,0,-1.0811125,0.11652712523937225,0.9970559477806091,0.7717663645744324
YML022W,YLR158C,0,-1.0817734,0.11651375889778137,0.9970559477806091,0.7718665599822998
YGR096W,YNL049C,0,-1.0822684,0.11650040000677109,0.9970559477806091,0.7719667553901672
YGL050W,YGR184C,0,-1.0827596,0.1164870411157608,0.9970559477806091,0.7720669507980347
YMR278W,YML025C,0,-1.0859187,0.11647368967533112,0.9970559477806091,0.7721671462059021
YDL101C,YNL223W,0,-1.0860621,0.11646033823490143,0.9970559477806091,0.7722672820091248
YDR107C,YML008C,0,-1.0879519,0.11644699424505234,0.9970559477806091,0.7723674774169922
YPL218W,YNR031C,0,-1.088306,0.11643365025520325,0.9970559477806091,0.7724676728248596
YJL019W,YKR071C,0,-1.0884193,0.11642030626535416,0.9970559477806091,0.772567868232727
YJL092W,YJL192C,0,-1.0887072,0.11640696972608566,0.9970559477806091,0.7726680636405945
YLR272C,YPL106C,0,-1.088978,0.11639363318681717,0.9970559477806091,0.7727682590484619
YLR306W,YDR387C,0,-1.0902011,0.11638029664754868,0.9970559477806091,0.7728684544563293
YKR013W,YBR048W,0,-1.0917128,0.11636696755886078,0.9970559477806091,0.7729686498641968
YGL160W,YOR143C,0,-1.0934811,0.11635363847017288,0.9970559477806091,0.7730688452720642
YGL203C,YLR009W,0,-1.0959773,0.11634031683206558,0.9970559477806091,0.7731690406799316
YPR113W,YCL008C,0,-1.0965953,0.11632699519395828,0.9970559477806091,0.7732692360877991
YCR042C,YBR160W,0,-1.1004376,0.11631368100643158,0.9970559477806091,0.7733694314956665
YCL066W,YOR233W,0,-1.1009076,0.11630036681890488,0.9970559477806091,0.7734695672988892
YDR205W,YDR031W,0,-1.1016243,0.11628705263137817,0.9970559477806091,0.7735697627067566
YNL236W,YPL206C,0,-1.1028306,0.11627374589443207,0.9970559477806091,0.773669958114624
YLR370C,YMR078C,0,-1.1035979,0.11626043915748596,0.9970559477806091,0.7737701535224915
YAL001C,YOL097C,0,-1.1066785,0.11624713987112045,0.9970559477806091,0.7738703489303589
YDR016C,YHL022C,0,-1.1068199,0.11623384058475494,0.9970559477806091,0.7739705443382263
YGR124W,YLR283W,0,-1.106837,0.11622054129838943,0.9970559477806091,0.7740707397460938
YLR048W,YLR307W,0,-1.1073184,0.11620724946260452,0.9970559477806091,0.7741709351539612
YGL043W,YIL105C,0,-1.1074063,0.11619396507740021,0.9970559477806091,0.7742711305618286
YOR214C,YPL099C,0,-1.1074281,0.1161806732416153,0.9970559477806091,0.774371325969696
YCR017C,YGR223C,0,-1.109102,0.11616738885641098,0.9970559477806091,0.7744715213775635
YNL090W,YDR313C,0,-1.1110864,0.11615411192178726,0.9970559477806091,0.7745716571807861
YIL160C,YMR270C,0,-1.1115696,0.11614083498716354,0.9970559477806091,0.7746718525886536
YDR411C,YDR003W,0,-1.1130695,0.11612755805253983,0.9970559477806091,0.774772047996521
YBR245C,YLR155C,0,-1.1131783,0.1161142885684967,0.9970559477806091,0.7748722434043884
YHR011W,YGR198W,0,-1.1138216,0.11610101908445358,0.9970559477806091,0.7749724388122559
YBR118W,YJL104W,0,-1.1138451,0.11608774960041046,0.9970559477806091,0.7750726342201233
YFL022C,YIR022W,0,-1.1142482,0.11607448756694794,0.9970559477806091,0.7751728296279907
YHR050W,YGR209C,0,-1.1148401,0.11606122553348541,0.9970559477806091,0.7752730250358582
YOL002C,YML073C,0,-1.1150442,0.11604797095060349,0.9970559477806091,0.7753732204437256
YHR043C,YJL095W,0,-1.1153369,0.11603471636772156,0.9970559477806091,0.775473415851593
YNL126W,YBL074C,0,-1.1199137,0.11602146923542023,0.9970559477806091,0.7755736112594604
YHR124W,YDR264C,0,-1.1209266,0.1160082221031189,0.9970559477806091,0.7756738066673279
YKL107W,YKL154W,0,-1.1229736,0.11599497497081757,0.9970559477806091,0.7757739424705505
YLR070C,YDR267C,0,-1.1230695,0.11598173528909683,0.9970559477806091,0.775874137878418
YMR004W,YNL222W,0,-1.1243373,0.1159684956073761,0.9970559477806091,0.7759743332862854
YMR302C,YJL115W,0,-1.1260052,0.11595526337623596,0.9970559477806091,0.7760745286941528
YLR144C,YDR033W,0,-1.1265454,0.11594203114509583,0.9970559477806091,0.7761747241020203
YDL069C,YEL064C,0,-1.1280996,0.11592879891395569,0.9970559477806091,0.7762749195098877
YEL042W,YIR009W,0,-1.1283972,0.11591557413339615,0.9970559477806091,0.7763751149177551
YKL084W,YKL100C,0,-1.1293031,0.11590234935283661,0.9970559477806091,0.7764753103256226
YBR014C,YBR084W,0,-1.1297717,0.11588913202285767,0.9970559477806091,0.77657550573349
YMR170C,YMR145C,0,-1.1308625,0.11587591469287872,0.9970559477806091,0.7766757011413574
YDL085W,YGR089W,0,-1.1348438,0.11586269736289978,0.9970559477806091,0.7767758965492249
YBL017C,YJL123C,0,-1.1349365,0.11584948748350143,0.9970559477806091,0.7768760919570923
YDR385W,YOR063W,0,-1.1368321,0.11583627760410309,0.9970559477806091,0.7769762277603149
YLR467W,YML019W,0,-1.1369698,0.11582307517528534,0.9970559477806091,0.7770764231681824
YAL054C,YEL022W,0,-1.1371678,0.11580987274646759,0.9970559477806091,0.7771766185760498
YOR340C,YJL165C,0,-1.1391816,0.11579667031764984,0.9970559477806091,0.7772768139839172
YPL237W,YPR018W,0,-1.1398132,0.11578347533941269,0.9970559477806091,0.7773770093917847
YOR085W,YBL021C,0,-1.1398959,0.11577028036117554,0.9970559477806091,0.7774772047996521
YMR117C,YEL022W,0,-1.141469,0.11575709283351898,0.9970559477806091,0.7775774002075195
YCL075W,YOR378W,0,-1.1426635,0.11574390530586243,0.9970559477806091,0.777677595615387
YLR009W,YIR033W,0,-1.1427373,0.11573071777820587,0.9970559477806091,0.7777777910232544
YLR388W,YDL069C,0,-1.1435208,0.11571753770112991,0.9970559477806091,0.7778779864311218
YER101C,YEL036C,0,-1.1437962,0.11570436507463455,0.9970559477806091,0.7779781818389893
YDR501W,YER061C,0,-1.1455239,0.1156911849975586,0.9970559477806091,0.7780783772468567
YKL064W,YGL026C,0,-1.1461115,0.11567801237106323,0.9970559477806091,0.7781785130500793
YIL034C,YMR047C,0,-1.1461494,0.11566484719514847,0.9970559477806091,0.7782787084579468
YGR191W,YDR027C,0,-1.1470919,0.1156516820192337,0.9970559477806091,0.7783789038658142
YLR206W,YPL046C,0,-1.151566,0.11563851684331894,0.9970559477806091,0.7784790992736816
YOL113W,YJL210W,0,-1.1517216,0.11562535911798477,0.9970559477806091,0.7785792946815491
YLR344W,YMR203W,0,-1.1525607,0.1156122013926506,0.9970559477806091,0.7786794900894165
YLR429W,YOR130C,0,-1.1533481,0.11559904366731644,0.9970559477806091,0.7787796854972839
YPL055C,YLR286C,0,-1.154618,0.11558589339256287,0.9970559477806091,0.7788798809051514
YER026C,YLR310C,0,-1.1549122,0.1155727431178093,0.9970559477806091,0.7789800763130188
YJL076W,YGR188C,0,-1.1550404,0.11555960029363632,0.9970559477806091,0.7790802717208862
YBR041W,YMR070W,0,-1.1555147,0.11554645746946335,0.9970559477806091,0.7791804671287537
YOR293W,YAL003W,0,-1.1570995,0.11553331464529037,0.9970559477806091,0.7792806625366211
YFL002W-A,YNR031C,0,-1.1579243,0.115520179271698,0.9970559477806091,0.7793807983398438
YOL088C,YMR309C,0,-1.1579292,0.11550705134868622,0.9970559477806091,0.7794809937477112
YOR224C,YLR452C,0,-1.1583288,0.11549391597509384,0.9970559477806091,0.7795811891555786
YHR007C,YIL160C,0,-1.1584898,0.11548078805208206,0.9970559477806091,0.779681384563446
YKL020C,YDL168W,0,-1.16122,0.11546766757965088,0.9970559477806091,0.7797815799713135
YOR122C,YMR130W,0,-1.1623116,0.1154545471072197,0.9970559477806091,0.7798817753791809
YNR047W,YMR137C,0,-1.1626415,0.11544142663478851,0.9970559477806091,0.7799819707870483
YPR181C,YDL190C,0,-1.1632029,0.11542831361293793,0.9970559477806091,0.7800821661949158
YLR077W,YDR380W,0,-1.1648462,0.11541520059108734,0.9970559477806091,0.7801823616027832
YLL002W,YGL131C,0,-1.1657252,0.11540208756923676,0.9970559477806091,0.7802825570106506
YNL116W,YHR102W,0,-1.1663373,0.11538898199796677,0.9970559477806091,0.7803827524185181
YJR025C,YHR058C,0,-1.1667042,0.11537587642669678,0.9970559477806091,0.7804828882217407
YGR264C,YPL258C,0,-1.1669742,0.11536277830600739,0.9970559477806091,0.7805830836296082
YNL336W,YKL024C,0,-1.1677921,0.115349680185318,0.9970559477806091,0.7806832790374756
YGL253W,YOR275C,0,-1.1708039,0.1153365895152092,0.9970559477806091,0.780783474445343
YAL010C,YHR183W,0,-1.1721287,0.1153234988451004,0.9970559477806091,0.7808836698532104
YNL154C,YDR107C,0,-1.172211,0.11531040817499161,0.9970559477806091,0.7809838652610779
YKL184W,YJL112W,0,-1.173698,0.11529732495546341,0.9970559477806091,0.7810840606689453
YJL019W,YPL180W,0,-1.175104,0.11528424173593521,0.9970559477806091,0.7811842560768127
YMR051C,YKL157W,0,-1.1774588,0.11527115851640701,0.9970559477806091,0.7812844514846802
YDR456W,YKL103C,0,-1.1779848,0.11525808274745941,0.9970559477806091,0.7813846468925476
YKL171W,YER101C,0,-1.1781349,0.11524500697851181,0.9970559477806091,0.781484842300415
YDR164C,YEL069C,0,-1.1789435,0.1152319386601448,0.9970559477806091,0.7815850377082825
YNL241C,YCL060C,0,-1.179211,0.1152188703417778,0.9970559477806091,0.7816851735115051
YBR156C,YER020W,0,-1.180335,0.1152058020234108,0.9970559477806091,0.7817853689193726
YNL093W,YDR043C,0,-1.1807325,0.11519274115562439,0.9970559477806091,0.78188556432724
YCL055W,YIL129C,0,-1.1810658,0.11517968773841858,0.9970559477806091,0.7819857597351074
YNL091W,YOL133W,0,-1.1813941,0.11516662687063217,0.9970559477806091,0.7820859551429749
YCR026C,YJL112W,0,-1.1819072,0.11515357345342636,0.9970559477806091,0.7821861505508423
YDL019C,YGR038W,0,-1.1822326,0.11514052748680115,0.9970559477806091,0.7822863459587097
YBR044C,YPL160W,0,-1.1827974,0.11512748152017593,0.9970559477806091,0.7823865413665771
YLR191W,YKL189W,0,-1.182873,0.11511443555355072,0.9970559477806091,0.7824867367744446
YPL088W,YPL060W,0,-1.1844357,0.1151013970375061,0.9970559477806091,0.782586932182312
YLR356W,YMR013C,0,-1.1854346,0.11508835852146149,0.9970559477806091,0.7826871275901794
YDR318W,YGL148W,0,-1.185653,0.11507532000541687,0.9970559477806091,0.7827873229980469
YNL259C,YBR019C,0,-1.1858096,0.11506228893995285,0.9970559477806091,0.7828874588012695
YKL157W,YBR048W,0,-1.1866307,0.11504925787448883,0.9970559477806091,0.782987654209137
YOR328W,YDR409W,0,-1.1867759,0.11503623425960541,0.9970559477806091,0.7830878496170044
YLR308W,YDR191W,0,-1.1872118,0.11502321064472198,0.9970559477806091,0.7831880450248718
YFR045W,YOR229W,0,-1.1881256,0.11501018702983856,0.9970559477806091,0.7832882404327393
YPR182W,YGL121C,0,-1.1884506,0.11499717086553574,0.9970559477806091,0.7833884358406067
YER003C,YIR012W,0,-1.1892177,0.11498415470123291,0.9970559477806091,0.7834886312484741
YIL009C-A,YDR443C,0,-1.1894568,0.11497114598751068,0.9970559477806091,0.7835888266563416
YCL057W,YLR045C,0,-1.1897031,0.11495813727378845,0.9970559477806091,0.783689022064209
YHR216W,YJL074C,0,-1.1908808,0.11494512856006622,0.9970559477806091,0.7837892174720764
YGR221C,YGL153W,0,-1.191685,0.11493212729692459,0.9970559477806091,0.7838894128799438
YNL321W,YBL100W-A,0,-1.193116,0.11491912603378296,0.9970559477806091,0.7839896082878113
YDR304C,YOR149C,0,-1.197599,0.11490613222122192,0.9970559477806091,0.7840897440910339
YKL216W,YOL110W,0,-1.1982808,0.11489313840866089,0.9970559477806091,0.7841899394989014
YOL016C,YHR084W,0,-1.1992345,0.11488014459609985,0.9970559477806091,0.7842901349067688
YLR203C,YJR103W,0,-1.1994485,0.11486715823411942,0.9970559477806091,0.7843903303146362
YFR006W,YJL129C,0,-1.2000089,0.11485417187213898,0.9970559477806091,0.7844905257225037
YAR014C,YER013W,0,-1.2033861,0.11484118551015854,0.9970559477806091,0.7845907211303711
YLR394W,YML026C,0,-1.2043972,0.1148282065987587,0.9970559477806091,0.7846909165382385
YHL027W,YBL034C,0,-1.2045922,0.11481523513793945,0.9970559477806091,0.784791111946106
YMR263W,YML110C,0,-1.2058644,0.11480225622653961,0.9970559477806091,0.7848913073539734
YMR045C,YAL055W,0,-1.2072246,0.11478929221630096,0.9970559477806091,0.7849915027618408
YBL075C,YMR250W,0,-1.2082195,0.11477632075548172,0.9970559477806091,0.7850916981697083
YNL271C,YDR194C,0,-1.2097052,0.11476335674524307,0.9970559477806091,0.7851918935775757
YER180C,YMR323W,0,-1.209738,0.11475039273500443,0.9970559477806091,0.7852920293807983
YDR385W,YLL055W,0,-1.2099917,0.11473743617534637,0.9970559477806091,0.7853922247886658
YDR453C,YLR034C,0,-1.2121966,0.11472447961568832,0.9970559477806091,0.7854924201965332
YNL291C,YPR096C,0,-1.2122021,0.11471153050661087,0.9970559477806091,0.7855926156044006
YML015C,YOR221C,0,-1.2125193,0.11469857394695282,0.9970559477806091,0.7856928110122681
YOR064C,YEL022W,0,-1.2151902,0.11468563228845596,0.9970559477806091,0.7857930064201355
YNL112W,YPL265W,0,-1.2163403,0.11467268317937851,0.9970559477806091,0.7858932018280029
YBR128C,YHR061C,0,-1.2192316,0.11465974152088165,0.9970559477806091,0.7859933972358704
YJR026W,YDR030C,0,-1.2195115,0.1146468073129654,0.9970559477806091,0.7860935926437378
YDR523C,YNR001C,0,-1.2210557,0.11463387310504913,0.9970559477806091,0.7861937880516052
YLR350W,YBR014C,0,-1.2229104,0.11462093889713287,0.9970559477806091,0.7862939834594727
YNL220W,YPL027W,0,-1.2229214,0.11460801213979721,0.9970559477806091,0.7863941192626953
YJL002C,YPR096C,0,-1.2231789,0.11459508538246155,0.9970559477806091,0.7864943146705627
YPR119W,YKR009C,0,-1.2240744,0.11458215862512589,0.9970559477806091,0.7865945100784302
YLR201C,YDL082W,0,-1.224441,0.11456923931837082,0.9970559477806091,0.7866947054862976
YJR063W,YML039W,0,-1.2254919,0.11455632001161575,0.9970559477806091,0.786794900894165
YGR061C,YMR201C,0,-1.2262825,0.11454340815544128,0.9970559477806091,0.7868950963020325
YOR057W,YPR108W,0,-1.2263539,0.11453049629926682,0.9970559477806091,0.7869952917098999
YAL031C,YJL109C,0,-1.2266259,0.11451758444309235,0.9970559477806091,0.7870954871177673
YKL065C,YLR079W,0,-1.228146,0.11450468003749847,0.9970559477806091,0.7871956825256348
YNL146W,YFL008W,0,-1.2295327,0.1144917756319046,0.9970559477806091,0.7872958779335022
YNL202W,YDR195W,0,-1.2300477,0.11447887122631073,0.9970559477806091,0.7873960733413696
YHR101C,YDR247W,0,-1.2307572,0.11446597427129745,0.9970559477806091,0.7874962687492371
YNL283C,YGR195W,0,-1.2308637,0.11445307731628418,0.9970559477806091,0.7875964045524597
YKR037C,YOL001W,0,-1.231394,0.1144401878118515,0.9970559477806091,0.7876965999603271
YJL153C,YJL154C,0,-1.233415,0.11442729830741882,0.9970559477806091,0.7877967953681946
YER065C,YER146W,0,-1.234124,0.11441441625356674,0.9970559477806091,0.787896990776062
YMR176W,YMR078C,0,-1.2353791,0.11440153419971466,0.9970559477806091,0.7879971861839294
YBR159W,YNL291C,0,-1.2359488,0.11438865214586258,0.9970559477806091,0.7880973815917969
YLR467W,YJL164C,0,-1.2361615,0.1143757775425911,0.9970559477806091,0.7881975769996643
YAR018C,YBR183W,0,-1.2362702,0.11436290293931961,0.9970559477806091,0.7882977724075317
YEL054C,YNL146W,0,-1.2362845,0.11435002833604813,0.9970559477806091,0.7883979678153992
YCR096C,YOR256C,0,-1.2375917,0.11433716118335724,0.9970559477806091,0.7884981632232666
YHR039C-A,YKL038W,0,-1.2383075,0.11432429403066635,0.9970559477806091,0.788598358631134
YNL323W,YMR170C,0,-1.2405473,0.11431143432855606,0.9970559477806091,0.7886985540390015
YMR134W,YDR043C,0,-1.2411803,0.11429857462644577,0.9970559477806091,0.7887986898422241
YGL249W,YDR225W,0,-1.2416322,0.11428571492433548,0.9970559477806091,0.7888988852500916
YOR308C,YOR348C,0,-1.2421651,0.11427286267280579,0.9970559477806091,0.788999080657959
YDR495C,YLR376C,0,-1.2432213,0.11426001042127609,0.9970559477806091,0.7890992760658264
YDR312W,YKL213C,0,-1.2440112,0.1142471581697464,0.9970559477806091,0.7891994714736938
YOR391C,YJL164C,0,-1.2440647,0.1142343133687973,0.9970559477806091,0.7892996668815613
YOL077C,YOR030W,0,-1.2448878,0.1142214760184288,0.9970559477806091,0.7893998622894287
YNL112W,YIL051C,0,-1.2465456,0.1142086312174797,0.9970559477806091,0.7895000576972961
YNL259C,YPL213W,0,-1.2466964,0.1141957938671112,0.9970559477806091,0.7896002531051636
YDR064W,YHR117W,0,-1.2472086,0.1141829639673233,0.9970559477806091,0.789700448513031
YHL012W,YKL213C,0,-1.2486409,0.1141701340675354,0.9970559477806091,0.7898006439208984
YDL101C,YNL080C,0,-1.2503358,0.1141573041677475,0.9970559477806091,0.7899008393287659
YIL140W,YPL042C,0,-1.252089,0.11414448171854019,0.9970559477806091,0.7900009751319885
YLR362W,YKL024C,0,-1.2524042,0.11413165926933289,0.9970559477806091,0.790101170539856
YKL107W,YLR268W,0,-1.2524624,0.11411883682012558,0.9970559477806091,0.7902013659477234
YLR297W,YLR343W,0,-1.2528099,0.11410602182149887,0.9970559477806091,0.7903015613555908
YFL016C,YHR115C,0,-1.2533493,0.11409320682287216,0.9970559477806091,0.7904017567634583
YFL009W,YBR012W-B,0,-1.2536812,0.11408039182424545,0.9970559477806091,0.7905019521713257
YER042W,YDR419W,0,-1.2544854,0.11406758427619934,0.9970559477806091,0.7906021475791931
YBR234C,YPL200W,0,-1.2559167,0.11405478417873383,0.9970559477806091,0.7907023429870605
YGL224C,YJL114W,0,-1.2581706,0.11404197663068771,0.9970559477806091,0.790802538394928
YPR066W,YAL058W,0,-1.2582175,0.1140291839838028,0.9970559477806091,0.7909027338027954
YGR108W,YGR189C,0,-1.2600957,0.11401638388633728,0.9970559477806091,0.7910029292106628
YJL099W,YOL147C,0,-1.2610183,0.11400359123945236,0.9970559477806091,0.7911031246185303
YNL127W,YHL047C,0,-1.2613165,0.11399079859256744,0.9970559477806091,0.7912032604217529
YCL066W,YIL140W,0,-1.2617877,0.11397801339626312,0.9970559477806091,0.7913034558296204
YDR373W,YOR098C,0,-1.2621597,0.1139652281999588,0.9970559477806091,0.7914036512374878
YPL258C,YGR162W,0,-1.2622309,0.11395244300365448,0.9970559477806091,0.7915038466453552
YJL097W,YGL065C,0,-1.262558,0.11393966525793076,0.9970559477806091,0.7916040420532227
YGL192W,YMR016C,1,-1.2626255,0.11403901875019073,0.9980372786521912,0.7916040420532227
YNL298W,YPL223C,0,-1.2630074,0.11402623355388641,0.9980372786521912,0.7917042374610901
YOR295W,YDR415C,0,-1.2642697,0.11401345580816269,0.9980372786521912,0.7918044328689575
YOR313C,YBR082C,0,-1.2654271,0.11400067061185837,0.9980372786521912,0.791904628276825
YGR148C,YLR050C,0,-1.265573,0.11398789286613464,0.9980372786521912,0.7920048236846924
YIL135C,YDL236W,0,-1.2659154,0.11397512257099152,0.9980372786521912,0.7921050190925598
YOR187W,YPL204W,0,-1.2661431,0.11396235227584839,0.9980372786521912,0.7922052145004272
YGR218W,YLR154C,0,-1.2684422,0.11394958198070526,0.9980372786521912,0.7923054099082947
YOR382W,YLR286C,0,-1.2688837,0.11393681168556213,0.9980372786521912,0.7924055457115173
YER115C,YGL037C,0,-1.269649,0.1139240488409996,0.9980372786521912,0.7925057411193848
YER165W,YML012W,0,-1.2712729,0.11391129344701767,0.9980372786521912,0.7926059365272522
YJR033C,YMR019W,0,-1.2714779,0.11389853060245514,0.9980372786521912,0.7927061319351196
YMR214W,YGR038W,0,-1.2715378,0.1138857752084732,0.9980372786521912,0.7928063273429871
YNL339C,YPR032W,0,-1.2728915,0.11387302726507187,0.9980372786521912,0.7929065227508545
YER104W,YOL156W,0,-1.2735766,0.11386027932167053,0.9980372786521912,0.7930067181587219
YML072C,YPL096W,0,-1.2736707,0.1138475313782692,0.9980372786521912,0.7931069135665894
YPR119W,YBL079W,0,-1.2742932,0.11383479088544846,0.9980372786521912,0.7932071089744568
YNL178W,YIR033W,0,-1.2753897,0.11382205039262772,0.9980372786521912,0.7933073043823242
YLR148W,YPL086C,0,-1.2758992,0.11380930989980698,0.9980372786521912,0.7934074997901917
YJL177W,YML112W,0,-1.2785922,0.11379657685756683,0.9980372786521912,0.7935076355934143
YDR310C,YMR284W,0,-1.2785995,0.11378384381532669,0.9980372786521912,0.7936078310012817
YMR278W,YGL122C,0,-1.2809697,0.11377111822366714,0.9980372786521912,0.7937080264091492
YGR109C,YJL106W,0,-1.282024,0.1137583926320076,0.9980372786521912,0.7938082218170166
YNL117W,YKR065C,0,-1.282074,0.11374566704034805,0.9980372786521912,0.793908417224884
YLR403W,YBR286W,0,-1.2828981,0.1137329488992691,0.9980372786521912,0.7940086126327515
YDL147W,YMR176W,0,-1.2830832,0.11372023075819016,0.9980372786521912,0.7941088080406189
YIL061C,YMR083W,0,-1.2854087,0.1137075126171112,0.9980372786521912,0.7942090034484863
YDR322W,YBR008C,0,-1.2864189,0.11369480192661285,0.9980372786521912,0.7943091988563538
YLR390W,YGL125W,0,-1.2866775,0.1136820912361145,0.9980372786521912,0.7944093942642212
YMR088C,YPR052C,0,-1.2871547,0.11366938799619675,0.9980372786521912,0.7945095896720886
YJR005W,YBR040W,0,-1.2878364,0.11365668475627899,0.9980372786521912,0.794609785079956
YCL034W,YLL042C,0,-1.2879268,0.11364398151636124,0.9980372786521912,0.7947099208831787
YLL055W,YBR024W,0,-1.2885355,0.11363128572702408,0.9980372786521912,0.7948101162910461
YMR164C,YMR238W,0,-1.2888851,0.11361858993768692,0.9980372786521912,0.7949103116989136
YHL033C,YGR289C,0,-1.2893531,0.11360590159893036,0.9980372786521912,0.795010507106781
YNL102W,YLR205C,0,-1.2896955,0.1135932058095932,0.9980372786521912,0.7951107025146484
YDR499W,YLR372W,0,-1.290081,0.11358052492141724,0.9980372786521912,0.7952108979225159
YDL075W,YJR127C,0,-1.2926579,0.11356783658266068,0.9980372786521912,0.7953110933303833
YHR156C,YMR008C,0,-1.293075,0.11355515569448471,0.9980372786521912,0.7954112887382507
YJR047C,YDL064W,0,-1.294247,0.11354248225688934,0.9980372786521912,0.7955114841461182
YOL111C,YMR266W,0,-1.2945917,0.11352980881929398,0.9980372786521912,0.7956116795539856
YGR158C,YGR249W,0,-1.2973014,0.11351713538169861,0.9980372786521912,0.795711874961853
YOL016C,YDR034C,0,-1.2975472,0.11350446194410324,0.9980372786521912,0.7958120703697205
YNR008W,YGL148W,0,-1.2986608,0.11349179595708847,0.9980372786521912,0.7959122061729431
YPL024W,YNL274C,0,-1.2993479,0.1134791374206543,0.9980372786521912,0.7960124015808105
YOR234C,YMR323W,0,-1.3013964,0.11346647143363953,0.9980372786521912,0.796112596988678
YDR164C,YLL022C,0,-1.3018229,0.11345381289720535,0.9980372786521912,0.7962127923965454
YLR188W,YOR374W,0,-1.3021547,0.11344116181135178,0.9980372786521912,0.7963129878044128
YLR414C,YOR077W,0,-1.3023578,0.1134285107254982,0.9980372786521912,0.7964131832122803
YPL002C,YDR115W,0,-1.303174,0.11341585963964462,0.9980372786521912,0.7965133786201477
YOL109W,YIL117C,0,-1.3032091,0.11340320855379105,0.9980372786521912,0.7966135740280151
YDL194W,YDR393W,0,-1.305344,0.11339056491851807,0.9980372786521912,0.7967137694358826
YJR063W,YGL190C,0,-1.3062048,0.11337792873382568,0.9980372786521912,0.79681396484375
YBR050C,YFL023W,0,-1.3078685,0.1133652850985527,0.9980372786521912,0.7969141602516174
YML075C,YLR043C,0,-1.3094232,0.11335265636444092,0.9980372786521912,0.7970143556594849
YGR118W,YOR076C,0,-1.3098795,0.11334002017974854,0.9980372786521912,0.7971144914627075
YML043C,YKL109W,0,-1.3115437,0.11332739144563675,0.9980372786521912,0.797214686870575
YJR083C,YDR294C,0,-1.3123851,0.11331476271152496,0.9980372786521912,0.7973148822784424
YDL083C,YER153C,0,-1.313791,0.11330214142799377,0.9980372786521912,0.7974150776863098
YDR101C,YER122C,0,-1.3163257,0.11328952014446259,0.9980372786521912,0.7975152730941772
YOR393W,YPR163C,0,-1.3163447,0.1132768988609314,0.9980372786521912,0.7976154685020447
YGL156W,YER069W,0,-1.3188636,0.1132642850279808,0.9980372786521912,0.7977156639099121
YJL028W,YBR126C,0,-1.3198508,0.11325167119503021,0.9980372786521912,0.7978158593177795
YKL008C,YLR219W,0,-1.3204424,0.11323905736207962,0.9980372786521912,0.797916054725647
YMR119W,YLR138W,0,-1.320606,0.11322645097970963,0.9980372786521912,0.7980162501335144
YGR023W,YLL015W,0,-1.3208477,0.11321385204792023,0.9980372786521912,0.7981164455413818
YNL236W,YOR369C,0,-1.3212405,0.11320124566555023,0.9980372786521912,0.7982166409492493
YOR367W,YEL071W,0,-1.3229502,0.11318864673376083,0.9980372786521912,0.7983167767524719
YDL035C,YGL223C,0,-1.3233275,0.11317605525255203,0.9980372786521912,0.7984169721603394
YJR005W,YJL112W,0,-1.3233802,0.11316345632076263,0.9980372786521912,0.7985171675682068
YLL003W,YJL095W,0,-1.3237045,0.11315086483955383,0.9980372786521912,0.7986173629760742
YIL091C,YKL189W,0,-1.3238184,0.11313828080892563,0.9980372786521912,0.7987175583839417
YBL034C,YML030W,0,-1.3241081,0.11312569677829742,0.9980372786521912,0.7988177537918091
YJR144W,YJR045C,0,-1.3246585,0.11311311274766922,0.9980372786521912,0.7989179491996765
YOR058C,YGL037C,0,-1.3260121,0.11310053616762161,0.9980372786521912,0.799018144607544
YER044C,YNR027W,0,-1.3264581,0.113087959587574,0.9980372786521912,0.7991183400154114
YDR266C,YGR133W,0,-1.3269918,0.1130753830075264,0.9980372786521912,0.7992185354232788
YIL103W,YBR173C,0,-1.327491,0.11306281387805939,0.9980372786521912,0.7993187308311462
YGR295C,YOR369C,0,-1.3278781,0.11305024474859238,0.9980372786521912,0.7994188666343689
YHL034C,YPL072W,0,-1.3302615,0.11303767561912537,0.9980372786521912,0.7995190620422363
YLR113W,YGL059W,0,-1.3306956,0.11302511394023895,0.9980372786521912,0.7996192574501038
YBR126C,YOL065C,0,-1.3310488,0.11301255971193314,0.9980372786521912,0.7997194528579712
YOR216C,YPR189W,0,-1.3344929,0.11299999803304672,0.9980372786521912,0.7998196482658386
YCR010C,YJR029W,0,-1.3346183,0.1129874438047409,0.9980372786521912,0.799919843673706
YDR453C,YOR162C,0,-1.336704,0.11297489702701569,0.9980372786521912,0.8000200390815735
YOL031C,YEL060C,0,-1.337653,0.11296234279870987,0.9980372786521912,0.8001202344894409
YGR268C,YLR383W,0,-1.3394679,0.11294980347156525,0.9980372786521912,0.8002204298973083
YML078W,YJR121W,0,-1.3401011,0.11293725669384003,0.9980372786521912,0.8003206253051758
YPL101W,YKR039W,0,-1.3405368,0.1129247173666954,0.9980372786521912,0.8004208207130432
YGR058W,YIL162W,0,-1.3407123,0.11291217803955078,0.9980372786521912,0.8005210161209106
YLR045C,YGR152C,0,-1.3409215,0.11289964616298676,0.9980372786521912,0.8006211519241333
YPR091C,YGL095C,0,-1.3417453,0.11288711428642273,0.9980372786521912,0.8007213473320007
YBR230C,YLR430W,0,-1.341753,0.1128745824098587,0.9980372786521912,0.8008215427398682
YBL082C,YDL099W,0,-1.3423967,0.11286205798387527,0.9980372786521912,0.8009217381477356
YJL170C,YOL094C,0,-1.344491,0.11284953355789185,0.9980372786521912,0.801021933555603
YOL165C,YPL009C,0,-1.3457174,0.11283701658248901,0.9980372786521912,0.8011221289634705
YDR536W,YMR052W,0,-1.3473933,0.11282449215650558,0.9980372786521912,0.8012223243713379
YBR289W,YLR216C,0,-1.3475362,0.11281198263168335,0.9980372786521912,0.8013225197792053
YGR048W,YDR449C,0,-1.3476315,0.11279946565628052,0.9980372786521912,0.8014227151870728
YNL227C,YBR282W,0,-1.3477578,0.11278695613145828,0.9980372786521912,0.8015229105949402
YGR276C,YDR418W,0,-1.3481748,0.11277445405721664,0.9980372786521912,0.8016231060028076
YKR104W,YGL134W,0,-1.3487325,0.11276194453239441,0.9980372786521912,0.801723301410675
YDR226W,YEL030W,0,-1.3498819,0.11274944245815277,0.9980372786521912,0.8018234372138977
YBL105C,YDR379W,0,-1.3522316,0.11273694783449173,0.9980372786521912,0.8019236326217651
YDL007W,YPR118W,0,-1.3547728,0.11272445321083069,0.9980372786521912,0.8020238280296326
YLR040C,YDR452W,0,-1.3556547,0.11271195858716965,0.9980372786521912,0.8021240234375
YPL144W,YBL061C,0,-1.3572766,0.1126994714140892,0.9980372786521912,0.8022242188453674
YDR134C,YKR028W,0,-1.3573076,0.11268698424100876,0.9980372786521912,0.8023244142532349
YPR061C,YDR228C,0,-1.3584056,0.11267449706792831,0.9980372786521912,0.8024246096611023
YMR080C,YDR450W,0,-1.359197,0.11266201734542847,0.9980372786521912,0.8025248050689697
YDL198C,YPL218W,0,-1.3606327,0.11264953762292862,0.9980372786521912,0.8026250004768372
YPR122W,YCL004W,0,-1.361723,0.11263705790042877,0.9980372786521912,0.8027251958847046
YGL010W,YML080W,0,-1.3626664,0.11262458562850952,0.9980372786521912,0.802825391292572
YCL050C,YGR070W,0,-1.363683,0.11261211335659027,0.9980372786521912,0.8029255867004395
YNL279W,YIL105C,0,-1.3641086,0.11259964853525162,0.9980372786521912,0.8030257225036621
YBL078C,YBR274W,0,-1.3646371,0.11258718371391296,0.9980372786521912,0.8031259179115295
YKR050W,YKL180W,0,-1.3663064,0.11257471889257431,0.9980372786521912,0.803226113319397
YJR086W,YDR142C,0,-1.3666763,0.11256226152181625,0.9980372786521912,0.8033263087272644
YDR320C,YMR239C,0,-1.3674655,0.1125498041510582,0.9980372786521912,0.8034265041351318
YGR271W,YDR018C,0,-1.3687558,0.11253734678030014,0.9980372786521912,0.8035266995429993
YKR029C,YIL026C,0,-1.3701344,0.11252489686012268,0.9980372786521912,0.8036268949508667
YJL113W,YBR142W,0,-1.3704181,0.11251244693994522,0.9980372786521912,0.8037270903587341
YFR013W,YML028W,0,-1.3706838,0.11249999701976776,0.9980372786521912,0.8038272857666016
YGL229C,YML109W,0,-1.3714936,0.1124875545501709,0.9980372786521912,0.803927481174469
YMR117C,YMR136W,0,-1.3716154,0.11247511953115463,0.9980372786521912,0.8040276765823364
YEL055C,YDL239C,0,-1.3719065,0.11246267706155777,0.9980372786521912,0.8041278719902039
YNL281W,YAL009W,0,-1.3731062,0.1124502420425415,0.9980372786521912,0.8042280077934265
YLR459W,YBR229C,0,-1.3738692,0.11243781447410583,0.9980372786521912,0.804328203201294
YHR156C,YHL034C,0,-1.3746518,0.11242537945508957,0.9980372786521912,0.8044283986091614
YJR058C,YPR111W,0,-1.375119,0.1124129518866539,0.9980372786521912,0.8045285940170288
YPR005C,YBR278W,0,-1.3767993,0.11240053176879883,0.9980372786521912,0.8046287894248962
YKL107W,YJL116C,0,-1.3773031,0.11238811165094376,0.9980372786521912,0.8047289848327637
YHR011W,YOL119C,0,-1.3785644,0.11237569153308868,0.9980372786521912,0.8048291802406311
YCR024C-A,YER112W,0,-1.3802857,0.11236327141523361,0.9980372786521912,0.8049293756484985
YML072C,YGL039W,0,-1.3804948,0.11235085874795914,0.9980372786521912,0.805029571056366
YOL080C,YBL022C,0,-1.3816534,0.11233845353126526,0.9980372786521912,0.8051297664642334
YHR030C,YLR222C,0,-1.3825097,0.11232604086399078,0.9980372786521912,0.8052299618721008
YGR249W,YNL283C,0,-1.3829145,0.1123136356472969,0.9980372786521912,0.8053300976753235
YKL034W,YHR203C,0,-1.3837445,0.11230123788118362,0.9980372786521912,0.8054302930831909
YGL190C,YDR011W,0,-1.3856204,0.11228884011507034,0.9980372786521912,0.8055304884910583
YGR199W,YOR030W,0,-1.3858117,0.11227644234895706,0.9980372786521912,0.8056306838989258
YDL029W,YDL214C,0,-1.3866454,0.11226404458284378,0.9980372786521912,0.8057308793067932
YAR002C-A,YMR025W,0,-1.3900554,0.1122516542673111,0.9980372786521912,0.8058310747146606
YKL203C,YPR021C,0,-1.39165,0.11223926395177841,0.9980372786521912,0.8059312701225281
YNL001W,YOR020C,0,-1.391704,0.11222688108682632,0.9980372786521912,0.8060314655303955
YIL113W,YJL145W,0,-1.3925608,0.11221449822187424,0.9980372786521912,0.8061316609382629
YAL017W,YGL184C,0,-1.3939288,0.11220211535692215,0.9980372786521912,0.8062318563461304
YAL060W,YLR447C,0,-1.394151,0.11218973994255066,0.9980372786521912,0.8063320517539978
YKL096W-A,YNL121C,0,-1.3950543,0.11217736452817917,0.9980372786521912,0.8064322471618652
YNL106C,YOR292C,0,-1.396285,0.11216499656438828,0.9980372786521912,0.8065323829650879
YPL208W,YOR202W,0,-1.3967738,0.11215262115001678,0.9980372786521912,0.8066325783729553
YDR307W,YAL003W,0,-1.3968234,0.11214026063680649,0.9980372786521912,0.8067327737808228
YBR057C,YPL087W,0,-1.3988216,0.1121278926730156,0.9980372786521912,0.8068329691886902
YDR067C,YHL034C,0,-1.3990929,0.1121155321598053,0.9980372786521912,0.8069331645965576
YDL225W,YDL074C,0,-1.399991,0.112103171646595,0.9980372786521912,0.807033360004425
YHL002W,YOL119C,0,-1.4005766,0.1120908185839653,0.9980372786521912,0.8071335554122925
YGR088W,YPL085W,0,-1.4017054,0.1120784655213356,0.9980372786521912,0.8072337508201599
YJR021C,YPR032W,0,-1.4022253,0.1120661124587059,0.9980372786521912,0.8073339462280273
YNR023W,YJR103W,0,-1.4106342,0.1120537668466568,0.9980372786521912,0.8074341416358948
YGL156W,YKL041W,0,-1.4122455,0.1120414212346077,0.9980372786521912,0.8075343370437622
YLR336C,YGR077C,0,-1.4134893,0.11202908307313919,0.9980372786521912,0.8076345324516296
YOL016C,YOR180C,0,-1.4154649,0.11201674491167068,0.9980372786521912,0.8077346682548523
YKL172W,YJL159W,0,-1.415627,0.11200440675020218,0.9980372786521912,0.8078348636627197
YCL061C,YGR070W,0,-1.4161022,0.11199206858873367,0.9980372786521912,0.8079350590705872
YKL137W,YOL017W,0,-1.4161782,0.11197973787784576,0.9980372786521912,0.8080352544784546
YIL142W,YOR312C,0,-1.4168686,0.11196741461753845,0.9980372786521912,0.808135449886322
YPL255W,YLR265C,0,-1.4169056,0.11195508390665054,0.9980372786521912,0.8082356452941895
YPL002C,YDL236W,0,-1.4169854,0.11194276064634323,0.9980372786521912,0.8083358407020569
YCR097W,YBR074W,0,-1.4194374,0.11193044483661652,0.9980372786521912,0.8084360361099243
YMR046C,YOR098C,0,-1.4196571,0.1119181215763092,0.9980372786521912,0.8085362315177917
YKR098C,YDL165W,0,-1.4201431,0.11190581321716309,0.9980372786521912,0.8086364269256592
YGL103W,YBR079C,0,-1.4209871,0.11189349740743637,0.9980372786521912,0.8087366223335266
YBR234C,YNL116W,0,-1.4213157,0.11188118904829025,0.9980372786521912,0.808836817741394
YIR006C,YDL184C,0,-1.4214003,0.11186888068914413,0.9980372786521912,0.8089369535446167
YDR151C,YDR349C,0,-1.4229503,0.11185657978057861,0.9980372786521912,0.8090371489524841
YDR358W,YDL010W,0,-1.4230517,0.11184427887201309,0.9980372786521912,0.8091373443603516
YKR003W,YLL042C,0,-1.4244096,0.11183197796344757,0.9980372786521912,0.809237539768219
YDL127W,YLL041C,0,-1.4248044,0.11181968450546265,0.9980372786521912,0.8093377351760864
YBR058C,YOR116C,0,-1.424871,0.11180739104747772,0.9980372786521912,0.8094379305839539
YCR011C,YML005W,0,-1.4251227,0.1117950975894928,0.9980372786521912,0.8095381259918213
YKR094C,YIL084C,0,-1.4257692,0.11178281158208847,0.9980372786521912,0.8096383213996887
YBR227C,YML070W,0,-1.425833,0.11177052557468414,0.9980372786521912,0.8097385168075562
YGL011C,YNL090W,0,-1.4260864,0.11175823956727982,0.9980372786521912,0.8098387122154236
YOR303W,YDR432W,0,-1.4275372,0.11174596101045609,0.9980372786521912,0.809938907623291
YNL047C,YBR077C,0,-1.4277077,0.11173368245363235,0.9980372786521912,0.8100391030311584
YBR261C,YIR017C,0,-1.428014,0.11172141134738922,0.9980372786521912,0.8101392388343811
YJL190C,YPL065W,0,-1.4281855,0.11170914024114609,0.9980372786521912,0.8102394342422485
YJR059W,YOL130W,0,-1.4294517,0.11169686913490295,0.9980372786521912,0.810339629650116
YGL035C,YLR368W,0,-1.42972,0.11168460547924042,0.9980372786521912,0.8104398250579834
YLR467W,YGR132C,0,-1.431983,0.11167234182357788,0.9980372786521912,0.8105400204658508
YKR010C,YBR031W,0,-1.4322045,0.11166007816791534,0.9980372786521912,0.8106402158737183
YDR099W,YMR162C,0,-1.4322627,0.1116478219628334,0.9980372786521912,0.8107404112815857
YNL115C,YNL046W,0,-1.4322877,0.11163556575775146,0.9980372786521912,0.8108406066894531
YMR246W,YGL011C,0,-1.4326272,0.11162330955266953,0.9980372786521912,0.8109408020973206
YNL010W,YPR006C,0,-1.4332008,0.11161106079816818,0.9980372786521912,0.811040997505188
YBR214W,YDL140C,0,-1.4340538,0.11159881204366684,0.9980372786521912,0.8111411929130554
YGL008C,YOR265W,0,-1.4352267,0.1115865707397461,0.9980372786521912,0.8112413883209229
YLL009C,YHR074W,0,-1.435641,0.11157432943582535,0.9980372786521912,0.8113415241241455
YJL079C,YDR531W,0,-1.4359119,0.1115620881319046,0.9980372786521912,0.8114417195320129
YLR153C,YGL206C,0,-1.4363563,0.11154985427856445,0.9980372786521912,0.8115419149398804
YGR009C,YCR073C,0,-1.4371539,0.1115376204252243,0.9980372786521912,0.8116421103477478
YLR028C,YMR168C,0,-1.4388857,0.11152538657188416,0.9980372786521912,0.8117423057556152
YMR090W,YPR072W,0,-1.4401994,0.1115131601691246,0.9980372786521912,0.8118425011634827
YKR104W,YDL193W,0,-1.4404674,0.11150093376636505,0.9980372786521912,0.8119426965713501
YER049W,YPL271W,0,-1.4417901,0.1114887073636055,0.9980372786521912,0.8120428919792175
YCL057C-A,YPL066W,0,-1.4430913,0.11147648841142654,0.9980372786521912,0.812143087387085
YMR039C,YGR118W,0,-1.4452215,0.11146426945924759,0.9980372786521912,0.8122432827949524
YJL187C,YBR207W,0,-1.4452922,0.11145205795764923,0.9980372786521912,0.8123434782028198
YOL013C,YKL135C,0,-1.4459975,0.11143983900547028,0.9980372786521912,0.8124436140060425
YLR210W,YOR291W,0,-1.446144,0.11142763495445251,0.9980372786521912,0.8125438094139099
YLR357W,YDR511W,0,-1.446387,0.11141542345285416,0.9980372786521912,0.8126440048217773
YOR188W,YBR237W,0,-1.4478428,0.1114032194018364,0.9980372786521912,0.8127442002296448
YOR020C,YKR059W,0,-1.4480466,0.11139101535081863,0.9980372786521912,0.8128443956375122
YNL030W,YDR479C,0,-1.4509634,0.11137881875038147,0.9980372786521912,0.8129445910453796
YPL167C,YPL223C,0,-1.4515187,0.1113666221499443,0.9980372786521912,0.8130447864532471
YNL079C,YJR010C-A,0,-1.45222,0.11135442554950714,0.9980372786521912,0.8131449818611145
YFL014W,YML036W,0,-1.4524617,0.11134223639965057,0.9980372786521912,0.8132451772689819
YDR155C,YBR222C,0,-1.4526227,0.111330047249794,0.9980372786521912,0.8133453726768494
YOR391C,YJR055W,0,-1.4531376,0.11131786555051804,0.9980372786521912,0.8134455680847168
YOL007C,YFL037W,0,-1.4543271,0.11130568385124207,0.9980372786521912,0.8135457634925842
YLR174W,YOR075W,0,-1.455058,0.1112935021519661,0.9980372786521912,0.8136458992958069
YBR080C,YDR245W,0,-1.4552977,0.11128132045269012,0.9980372786521912,0.8137460947036743
YNL128W,YMR104C,0,-1.4555357,0.11126914620399475,0.9980372786521912,0.8138462901115417
YNL030W,YPL149W,0,-1.4560009,0.11125697195529938,0.9980372786521912,0.8139464855194092
YHR206W,YLL055W,0,-1.4566015,0.1112448051571846,0.9980372786521912,0.8140466809272766
YOL123W,YNL122C,0,-1.4568076,0.11123263835906982,0.9980372786521912,0.814146876335144
YPL269W,YLL012W,0,-1.4579237,0.11122047156095505,0.9980372786521912,0.8142470717430115
YJL125C,YML087C,0,-1.4588575,0.11120831221342087,0.9980372786521912,0.8143472671508789
YIL109C,YBL055C,0,-1.459192,0.11119615286588669,0.9980372786521912,0.8144474625587463
YOL071W,YHR060W,0,-1.4609625,0.11118399351835251,0.9980372786521912,0.8145476579666138
YMR058W,YDR388W,0,-1.4615018,0.11117184162139893,0.9980372786521912,0.8146478533744812
YKL092C,YIL121W,0,-1.4621518,0.11115968972444534,0.9980372786521912,0.8147480487823486
YPR081C,YER068W,0,-1.4623015,0.11114753782749176,0.9980372786521912,0.8148481845855713
YLR388W,YLR266C,0,-1.4638736,0.11113539338111877,0.9980372786521912,0.8149483799934387
YJL225C,YEL041W,0,-1.4646534,0.11112324893474579,0.9980372786521912,0.8150485754013062
YIL103W,YIL006W,0,-1.4650816,0.1111111119389534,0.9980372786521912,0.8151487708091736
YLR121C,YJL221C,0,-1.4653279,0.11109897494316101,0.9980372786521912,0.815248966217041
YKR050W,YDR347W,0,-1.4662838,0.11108683794736862,0.9980372786521912,0.8153491616249084
YNL206C,YNR045W,0,-1.4674801,0.11107470840215683,0.9980372786521912,0.8154493570327759
YGR032W,YMR116C,0,-1.4687847,0.11106257140636444,0.9980372786521912,0.8155495524406433
YBR128C,YGR075C,0,-1.4696766,0.11105044931173325,0.9980372786521912,0.8156497478485107
YKR018C,YPL092W,0,-1.4703331,0.11103831976652145,0.9980372786521912,0.8157499432563782
YGR195W,YGL179C,0,-1.4708819,0.11102619767189026,0.9980372786521912,0.8158501386642456
YKL171W,YKL093W,0,-1.4717042,0.11101408302783966,0.9980372786521912,0.815950334072113
YJR149W,YER095W,0,-1.471798,0.11100196093320847,0.9980372786521912,0.8160504698753357
YOL013C,YLR410W,0,-1.4743283,0.11098985373973846,0.9980372786521912,0.8161506652832031
YHL022C,YML012W,0,-1.47433,0.11097773909568787,0.9980372786521912,0.8162508606910706
YGR179C,YJR155W,0,-1.4748032,0.11096563190221786,0.9980372786521912,0.816351056098938
YDR531W,YLR116W,0,-1.4761903,0.11095352470874786,0.9980372786521912,0.8164512515068054
YDR267C,YLR219W,0,-1.479182,0.11094141751527786,0.9980372786521912,0.8165514469146729
YLR353W,YDL133C-A,0,-1.4796808,0.11092931777238846,0.9980372786521912,0.8166516423225403
YLR213C,YMR109W,0,-1.4838501,0.11091721802949905,0.9980372786521912,0.8167518377304077
YOL001W,YKL073W,0,-1.4845405,0.11090512573719025,0.9980372786521912,0.8168520331382751
YOR324C,YKR066C,0,-1.4852808,0.11089303344488144,0.9980372786521912,0.8169522285461426
YPL037C,YOR084W,0,-1.4858425,0.11088094115257263,0.9980372786521912,0.81705242395401
YIL136W,YNL219C,0,-1.4862447,0.11086885631084442,0.9980372786521912,0.8171526193618774
YKR019C,YER124C,0,-1.4874365,0.11085677146911621,0.9980372786521912,0.8172527551651001
YKL107W,YDL155W,0,-1.4875941,0.110844686627388,0.9980372786521912,0.8173529505729675
YBL101C,YDR262W,0,-1.4894686,0.11083260923624039,0.9980372786521912,0.817453145980835
YLR373C,YKR067W,0,-1.4907141,0.11082053184509277,0.9980372786521912,0.8175533413887024
YPL218W,YOR338W,0,-1.4910681,0.11080845445394516,0.9980372786521912,0.8176535367965698
YJR086W,YLR138W,0,-1.4911065,0.11079638451337814,0.9980372786521912,0.8177537322044373
YKL001C,YJL176C,0,-1.4949036,0.11078431457281113,0.9980372786521912,0.8178539276123047
YGR158C,YGR037C,0,-1.4949641,0.11077224463224411,0.9980372786521912,0.8179541230201721
YOL030W,YHR104W,0,-1.4961609,0.11076018214225769,0.9980372786521912,0.8180543184280396
YML131W,YER162C,0,-1.4967093,0.11074811965227127,0.9980372786521912,0.818154513835907
YBR001C,YOR038C,0,-1.4971117,0.11073606461286545,0.9980372786521912,0.8182547092437744
YOR066W,YKL067W,0,-1.4975209,0.11072400957345963,0.9980372786521912,0.8183548450469971
YLR113W,YPL180W,0,-1.497818,0.1107119545340538,0.9980372786521912,0.8184550404548645
YLR186W,YOR232W,0,-1.4985962,0.11069989949464798,0.9980372786521912,0.8185552358627319
YGR155W,YHR064C,0,-1.4988174,0.11068785190582275,0.9980372786521912,0.8186554312705994
YLR386W,YMR061W,0,-1.499102,0.11067580431699753,0.9980372786521912,0.8187556266784668
YAL060W,YBR127C,0,-1.5004163,0.1106637641787529,0.9980372786521912,0.8188558220863342
YJR145C,YBR264C,0,-1.5012113,0.11065172404050827,0.9980372786521912,0.8189560174942017
YNL208W,YOR204W,0,-1.5013673,0.11063968390226364,0.9980372786521912,0.8190562129020691
YJL137C,YBR055C,0,-1.5014017,0.11062765121459961,0.9980372786521912,0.8191564083099365
YML007W,YDR115W,0,-1.5037137,0.11061561852693558,0.9980372786521912,0.819256603717804
YEL062W,YLR221C,0,-1.5057858,0.11060358583927155,0.9980372786521912,0.8193567991256714
YLL009C,YHR027C,0,-1.5074292,0.11059156060218811,0.9980372786521912,0.8194569945335388
YHR077C,YDR307W,0,-1.5075911,0.11057953536510468,0.9980372786521912,0.8195571303367615
YHR123W,YDR383C,0,-1.5076772,0.11056751757860184,0.9980372786521912,0.8196573257446289
YHR119W,YMR045C,0,-1.5077393,0.1105554923415184,0.9980372786521912,0.8197575211524963
YOR374W,YMR236W,0,-1.5078337,0.11054347455501556,0.9980372786521912,0.8198577165603638
YJL187C,YFL054C,0,-1.508008,0.11053146421909332,0.9980372786521912,0.8199579119682312
YBL046W,YPR107C,0,-1.5080379,0.11051945388317108,0.9980372786521912,0.8200581073760986
YDR104C,YOL001W,0,-1.5084193,0.11050744354724884,0.9980372786521912,0.8201583027839661
YLR028C,YDR153C,0,-1.5100489,0.1104954332113266,0.9980372786521912,0.8202584981918335
YOR384W,YPL255W,0,-1.5119245,0.11048343032598495,0.9980372786521912,0.8203586935997009
YOL129W,YER174C,0,-1.5122025,0.11047143489122391,0.9980372786521912,0.8204588890075684
YPL226W,YMR136W,0,-1.5127552,0.11045943200588226,0.9980372786521912,0.8205590844154358
YLR206W,YMR023C,0,-1.5138249,0.11044743657112122,0.9980372786521912,0.8206592798233032
YOR270C,YGR191W,0,-1.514122,0.11043544113636017,0.9980372786521912,0.8207594156265259
YDR146C,YBR176W,0,-1.5155185,0.11042345315217972,0.9980372786521912,0.8208596110343933
YDR440W,YDR382W,0,-1.515614,0.11041146516799927,0.9980372786521912,0.8209598064422607
YIR006C,YJR094W-A,0,-1.5181066,0.11039947718381882,0.9980372786521912,0.8210600018501282
YNR010W,YPL255W,0,-1.5185932,0.11038749665021896,0.9980372786521912,0.8211601972579956
YOR328W,YNR074C,0,-1.5188434,0.11037551611661911,0.9980372786521912,0.821260392665863
YDR081C,YML072C,0,-1.5229102,0.11036353558301926,0.9980372786521912,0.8213605880737305
YJR099W,YPR118W,0,-1.5230372,0.1103515625,0.9980372786521912,0.8214607834815979
YPL024W,YML062C,0,-1.5251276,0.11033958941698074,0.9980372786521912,0.8215609788894653
YEL041W,YOR327C,0,-1.5259044,0.11032761633396149,0.9980372786521912,0.8216611742973328
YCR017C,YDL004W,0,-1.52983,0.11031565070152283,0.9980372786521912,0.8217613697052002
YFL057C,YFR036W,0,-1.5303434,0.11030368506908417,0.9980372786521912,0.8218615651130676
YOR080W,YDL138W,0,-1.5311453,0.1102917268872261,0.9980372786521912,0.8219617009162903
YDR103W,YER120W,0,-1.5325575,0.11027976870536804,0.9980372786521912,0.8220618963241577
YGR229C,YBR012W-B,0,-1.5327051,0.11026781052350998,0.9980372786521912,0.8221620917320251
YLR297W,YDL007W,0,-1.5328248,0.11025585234165192,0.9980372786521912,0.8222622871398926
YOR187W,YOR369C,0,-1.5331163,0.11024390161037445,0.9980372786521912,0.82236248254776
YHR214C-B,YMR170C,0,-1.5331812,0.11023195087909698,0.9980372786521912,0.8224626779556274
YMR269W,YMR109W,0,-1.5342667,0.11022000759840012,0.9980372786521912,0.8225628733634949
YOR190W,YIL021W,0,-1.5363543,0.11020806431770325,0.9980372786521912,0.8226630687713623
YOL058W,YEL002C,0,-1.5366734,0.11019612103700638,0.9980372786521912,0.8227632641792297
YGR282C,YLR116W,0,-1.5366967,0.1101841852068901,0.9980372786521912,0.8228634595870972
YOR340C,YOL041C,0,-1.5383308,0.11017224937677383,0.9980372786521912,0.8229636549949646
YHR172W,YNR056C,0,-1.538421,0.11016031354665756,0.9980372786521912,0.823063850402832
YPL055C,YAR031W,0,-1.5385891,0.11014837771654129,0.9980372786521912,0.8231639862060547
YOR147W,YPR185W,0,-1.5404413,0.11013644933700562,0.9980372786521912,0.8232641816139221
YHR056C,YOL018C,0,-1.5410912,0.11012452840805054,0.9980372786521912,0.8233643770217896
YHR004C,YFL010W-A,0,-1.544069,0.11011260002851486,0.9980372786521912,0.823464572429657
YIL034C,YPL020C,0,-1.5450373,0.11010067909955978,0.9980372786521912,0.8235647678375244
YMR277W,YHR174W,0,-1.5469729,0.1100887656211853,0.9980372786521912,0.8236649632453918
YML113W,YIL042C,0,-1.5475872,0.11007684469223022,0.9980372786521912,0.8237651586532593
YNL121C,YIL039W,0,-1.5482535,0.11006493866443634,0.9980372786521912,0.8238653540611267
YMR056C,YPR118W,0,-1.5487239,0.11005302518606186,0.9980372786521912,0.8239655494689941
YNR021W,YPL228W,0,-1.5519315,0.11004111915826797,0.9980372786521912,0.8240657448768616
YLL023C,YPL124W,0,-1.5530028,0.11002921313047409,0.9980372786521912,0.824165940284729
YLR308W,YPR104C,0,-1.5534644,0.1100173071026802,0.9980372786521912,0.8242660760879517
YHR184W,YPL170W,0,-1.5546311,0.11000540852546692,0.9980372786521912,0.8243662714958191
YJL099W,YGL128C,0,-1.5553288,0.10999350994825363,0.9980372786521912,0.8244664669036865
YDR022C,YOL158C,0,-1.5554497,0.10998161882162094,0.9980372786521912,0.824566662311554
YMR043W,YDR237W,0,-1.5557926,0.10996972024440765,0.9980372786521912,0.8246668577194214
YKL042W,YCR020C,0,-1.5572026,0.10995783656835556,0.9980372786521912,0.8247670531272888
YPR192W,YOR175C,0,-1.5578374,0.10994594544172287,0.9980372786521912,0.8248672485351562
YNL015W,YCR040W,0,-1.558245,0.10993406176567078,0.9980372786521912,0.8249674439430237
YER026C,YCR026C,0,-1.558733,0.10992217808961868,0.9980372786521912,0.8250676393508911
YDR016C,YEL037C,0,-1.5589433,0.10991030186414719,0.9980372786521912,0.8251678347587585
YER162C,YLR212C,0,-1.5601414,0.10989842563867569,0.9980372786521912,0.825268030166626
YDR162C,YLL023C,0,-1.564613,0.1098865494132042,0.9980372786521912,0.8253682255744934
YLR369W,YBR171W,0,-1.5646639,0.1098746731877327,0.9980372786521912,0.8254683613777161
YOR066W,YPR023C,0,-1.5689805,0.1098628044128418,0.9980372786521912,0.8255685567855835
YDR373W,YMR263W,0,-1.5698568,0.1098509430885315,0.9980372786521912,0.8256687521934509
YFL021W,YOL010W,0,-1.5700403,0.1098390743136406,0.9980372786521912,0.8257689476013184
YMR013C,YGL004C,0,-1.5700428,0.10982721298933029,0.9980372786521912,0.8258691430091858
YJR076C,YIL035C,0,-1.5701072,0.10981535166501999,0.9980372786521912,0.8259693384170532
YDR258C,YJL112W,0,-1.5721136,0.10980349779129028,0.9980372786521912,0.8260695338249207
YMR043W,YBL102W,0,-1.5724324,0.10979164391756058,0.9980372786521912,0.8261697292327881
YOL013C,YIL079C,0,-1.5729122,0.10977979004383087,0.9980372786521912,0.8262699246406555
YAL017W,YPL029W,0,-1.5729927,0.10976794362068176,0.9980372786521912,0.826370120048523
YMR263W,YJL172W,0,-1.5740237,0.10975609719753265,0.9980372786521912,0.8264703154563904
YLR270W,YPR073C,0,-1.57465,0.10974425077438354,0.9980372786521912,0.8265705108642578
YMR029C,YCR048W,0,-1.5750132,0.10973241180181503,0.9980372786521912,0.8266706466674805
YGR077C,YKL089W,0,-1.577195,0.10972057282924652,0.9980372786521912,0.8267708420753479
YHL008C,YJR093C,0,-1.5797799,0.1097087413072586,0.9980372786521912,0.8268710374832153
YPL155C,YNL010W,0,-1.5802348,0.1096969023346901,0.9980372786521912,0.8269712328910828
YPR043W,YDL019C,0,-1.5827754,0.10968507081270218,0.9980372786521912,0.8270714282989502
YBR087W,YOR209C,0,-1.5845371,0.10967324674129486,0.9980372786521912,0.8271716237068176
YDR076W,YOL082W,0,-1.5867097,0.10966142266988754,0.9980372786521912,0.8272718191146851
YJL166W,YBR042C,0,-1.5880181,0.10964959859848022,0.9980372786521912,0.8273720145225525
YMR296C,YGR282C,0,-1.5887532,0.1096377745270729,0.9980372786521912,0.8274722099304199
YLL015W,YFR015C,0,-1.5889145,0.10962595790624619,0.9980372786521912,0.8275724053382874
YBR001C,YPL123C,0,-1.5898039,0.10961414128541946,0.9980372786521912,0.8276726007461548
YGL160W,YHR216W,0,-1.5898645,0.10960232466459274,0.9980372786521912,0.8277727961540222
YBR004C,YMR180C,0,-1.5925282,0.10959051549434662,0.9980372786521912,0.8278729319572449
YNL126W,YGR113W,0,-1.5939147,0.1095787063241005,0.9980372786521912,0.8279731273651123
YNL124W,YDL193W,0,-1.5980675,0.10956690460443497,0.9980372786521912,0.8280733227729797
YGL001C,YLR109W,0,-1.598508,0.10955510288476944,0.9980372786521912,0.8281735181808472
YPL123C,YMR182C,0,-1.5988662,0.10954330116510391,0.9980372786521912,0.8282737135887146
YDL022W,YOR332W,0,-1.5992825,0.10953149944543839,0.9980372786521912,0.828373908996582
YDR353W,YMR300C,0,-1.6016245,0.10951970517635345,0.9980372786521912,0.8284741044044495
YLR119W,YDL159W,0,-1.6037924,0.10950791090726852,0.9980372786521912,0.8285742998123169
YDR453C,YHR060W,0,-1.6068387,0.10949612408876419,0.9980372786521912,0.8286744952201843
YPL240C,YJR015W,0,-1.6076261,0.10948433727025986,0.9980372786521912,0.8287746906280518
YGR105W,YBR079C,0,-1.6079044,0.10947255045175552,0.9980372786521912,0.8288748860359192
YHR112C,YLR095C,0,-1.6093125,0.10946077108383179,0.9980372786521912,0.8289750814437866
YJR140C,YKL216W,0,-1.6101345,0.10944899171590805,0.9980372786521912,0.8290752172470093
YCR081W,YPR075C,0,-1.6106201,0.10943721234798431,0.9980372786521912,0.8291754126548767
YIL082W-A,YCL019W,0,-1.6113037,0.10942543298006058,0.9980372786521912,0.8292756080627441
YJR026W,YDR262W,0,-1.6119741,0.10941366106271744,0.9980372786521912,0.8293758034706116
YPL131W,YOR044W,0,-1.6122239,0.1094018965959549,0.9980372786521912,0.829475998878479
YLR026C,YMR163C,0,-1.6128323,0.10939012467861176,0.9980372786521912,0.8295761942863464
YPL088W,YDR064W,0,-1.6142342,0.10937836021184921,0.9980372786521912,0.8296763896942139
YMR188C,YDL222C,0,-1.615471,0.10936659574508667,0.9980372786521912,0.8297765851020813
YBR139W,YBR241C,0,-1.6156447,0.10935483872890472,0.9980372786521912,0.8298767805099487
YNL331C,YNL016W,0,-1.6174364,0.10934308171272278,0.9980372786521912,0.8299769759178162
YBR009C,YCR089W,0,-1.6178999,0.10933132469654083,0.9980372786521912,0.8300771713256836
YBL024W,YEL041W,0,-1.6180265,0.10931957513093948,0.9980372786521912,0.830177366733551
YCR002C,YFL023W,0,-1.6180618,0.10930782556533813,0.9980372786521912,0.8302775025367737
YDL136W,YPL118W,0,-1.6183043,0.10929607599973679,0.9980372786521912,0.8303776979446411
YKR003W,YFL021W,0,-1.6195672,0.10928433388471603,0.9980372786521912,0.8304778933525085
YLR370C,YDR404C,0,-1.6201859,0.10927259176969528,0.9980372786521912,0.830578088760376
YJL177W,YGR081C,0,-1.6217147,0.10926084965467453,0.9980372786521912,0.8306782841682434
YDR382W,YMR300C,0,-1.623864,0.10924911499023438,0.9980372786521912,0.8307784795761108
YNL093W,YJL209W,0,-1.6249626,0.10923738032579422,0.9980372786521912,0.8308786749839783
YGL226C-A,YIR036C,0,-1.6268497,0.10922564566135406,0.9980372786521912,0.8309788703918457
YCL045C,YPL174C,0,-1.6280836,0.1092139184474945,0.9980372786521912,0.8310790657997131
YOL021C,YPR073C,0,-1.6285642,0.10920219123363495,0.9980372786521912,0.8311792612075806
YLR336C,YAL021C,0,-1.6294103,0.10919046401977539,0.9980372786521912,0.831279456615448
YKL096W,YDR159W,0,-1.6297095,0.10917874425649643,0.9980372786521912,0.8313795924186707
YDR318W,YPR098C,0,-1.6300359,0.10916702449321747,0.9980372786521912,0.8314797878265381
YGR090W,YNR069C,0,-1.6315703,0.10915530472993851,0.9980372786521912,0.8315799832344055
YGL180W,YPL275W,0,-1.6326152,0.10914359241724014,0.9980372786521912,0.831680178642273
YOR063W,YHL013C,0,-1.632976,0.10913188010454178,0.9980372786521912,0.8317803740501404
YIL065C,YDL104C,0,-1.6347485,0.10912017524242401,0.9980372786521912,0.8318805694580078
YDL051W,YER131W,0,-1.6352018,0.10910846292972565,0.9980372786521912,0.8319807648658752
YJR015W,YML088W,0,-1.6365485,0.10909675806760788,0.9980372786521912,0.8320809602737427
YOR377W,YNL078W,0,-1.6378484,0.10908506065607071,0.9980372786521912,0.8321811556816101
YHR143W,YOR226C,0,-1.6378839,0.10907335579395294,0.9980372786521912,0.8322813510894775
YDR476C,YGL122C,0,-1.638723,0.10906166583299637,0.9980372786521912,0.832381546497345
YHR209W,YGR032W,0,-1.6395862,0.1090499684214592,0.9980372786521912,0.8324817419052124
YOR209C,YLR028C,0,-1.6397684,0.10903827846050262,0.9980372786521912,0.8325818777084351
YLR074C,YHR002W,0,-1.6403756,0.10902658849954605,0.9980372786521912,0.8326820731163025
YIL117C,YDL245C,0,-1.6425927,0.10901489853858948,0.9980372786521912,0.8327822685241699
YCR024C-A,YGR106C,0,-1.6470444,0.1090032160282135,0.9980372786521912,0.8328824639320374
YLL062C,YOR120W,0,-1.64756,0.10899153351783752,0.9980372786521912,0.8329826593399048
YGR256W,YLR103C,0,-1.6482352,0.10897985100746155,0.9980372786521912,0.8330828547477722
YFL031W,YLR142W,0,-1.649496,0.10896817594766617,0.9980372786521912,0.8331830501556396
YNR006W,YGR125W,0,-1.6505003,0.10895650088787079,0.9980372786521912,0.8332832455635071
YEL026W,YPL017C,0,-1.6516893,0.108944833278656,0.9980372786521912,0.8333834409713745
YCR094W,YLR164W,0,-1.6520677,0.10893316566944122,0.9980372786521912,0.8334836363792419
YIL017C,YLR221C,0,-1.6523302,0.10892149806022644,0.9980372786521912,0.8335838317871094
YDR059C,YIR022W,0,-1.6555732,0.10890983045101166,0.9980372786521912,0.8336840271949768
YBR215W,YOL013C,0,-1.6556876,0.10889817029237747,0.9980372786521912,0.8337841629981995
YDR326C,YDR196C,0,-1.6561663,0.10888651013374329,0.9980372786521912,0.8338843584060669
YOL097C,YPL096W,0,-1.6597733,0.1088748499751091,0.9980372786521912,0.8339845538139343
YLR212C,YDL184C,0,-1.6605973,0.10886319726705551,0.9980372786521912,0.8340847492218018
YPR054W,YKL154W,0,-1.6607306,0.10885154455900192,0.9980372786521912,0.8341849446296692
YDR484W,YKR042W,0,-1.6608562,0.10883989930152893,0.9980372786521912,0.8342851400375366
YHR036W,YNR069C,0,-1.6618361,0.10882825404405594,0.9980372786521912,0.834385335445404
YMR013C,YMR078C,0,-1.6644951,0.10881660878658295,0.9980372786521912,0.8344855308532715
YOR181W,YPR189W,0,-1.664976,0.10880496352910995,0.9980372786521912,0.8345857262611389
YJL190C,YFR019W,0,-1.6659198,0.10879332572221756,0.9980372786521912,0.8346859216690063
YPR192W,YEL015W,0,-1.6659418,0.10878168791532516,0.9980372786521912,0.8347861170768738
YGR195W,YOR299W,0,-1.667366,0.10877005010843277,0.9980372786521912,0.8348863124847412
YJR021C,YLR203C,0,-1.6675795,0.10875841975212097,0.9980372786521912,0.8349864482879639
YNL135C,YHR056C,0,-1.6687592,0.10874678939580917,0.9980372786521912,0.8350866436958313
YLR423C,YIL097W,0,-1.6699655,0.10873516649007797,0.9980372786521912,0.8351868391036987
YMR032W,YKL093W,0,-1.6711122,0.10872354358434677,0.9980372786521912,0.8352870345115662
YJL053W,YOR179C,0,-1.6713021,0.10871192067861557,0.9980372786521912,0.8353872299194336
YCR023C,YGL120C,0,-1.6736376,0.10870029777288437,0.9980372786521912,0.835487425327301
YOR373W,YDR233C,0,-1.6760483,0.10868868231773376,0.9980372786521912,0.8355876207351685
YJL002C,YMR038C,0,-1.6763287,0.10867706686258316,0.9980372786521912,0.8356878161430359
YOR047C,YBR128C,0,-1.677392,0.10866545885801315,0.9980372786521912,0.8357880115509033
YHR172W,YGR125W,0,-1.6775324,0.10865384340286255,0.9980372786521912,0.8358882069587708
YAL012W,YER124C,0,-1.6783379,0.10864223539829254,0.9980372786521912,0.8359884023666382
YKR058W,YDR346C,0,-1.6792806,0.10863063484430313,0.9980372786521912,0.8360885977745056
YNL192W,YNR022C,0,-1.6793215,0.10861903429031372,0.9980372786521912,0.8361887335777283
YER044C,YDR239C,0,-1.6793685,0.10860743373632431,0.9980372786521912,0.8362889289855957
YJR119C,YGR135W,0,-1.6830128,0.1085958331823349,0.9980372786521912,0.8363891243934631
YGR118W,YMR208W,0,-1.6879702,0.10858424007892609,0.9980372786521912,0.8364893198013306
YMR169C,YKR062W,0,-1.6879721,0.10857264697551727,0.9980372786521912,0.836589515209198
YGR195W,YPL242C,0,-1.6892378,0.10856106132268906,0.9980372786521912,0.8366897106170654
YNL166C,YDR486C,0,-1.6897185,0.10854946821928024,0.9980372786521912,0.8367899060249329
YER083C,YLR079W,0,-1.6914086,0.10853789001703262,0.9980372786521912,0.8368901014328003
YNR011C,YGL161C,0,-1.6932399,0.1085263043642044,0.9980372786521912,0.8369902968406677
YLR414C,YIR023W,0,-1.6934607,0.10851472616195679,0.9980372786521912,0.8370904922485352
YPL026C,YGR247W,0,-1.69368,0.10850314795970917,0.9980372786521912,0.8371906876564026
YPL032C,YOR179C,0,-1.6944855,0.10849156975746155,0.9980372786521912,0.8372908234596252
YPL157W,YMR284W,0,-1.6964056,0.10847999900579453,0.9980372786521912,0.8373910188674927
YBR067C,YJL192C,0,-1.6970971,0.1084684282541275,0.9980372786521912,0.8374912142753601
YOR384W,YBR042C,0,-1.6972502,0.10845686495304108,0.9980372786521912,0.8375914096832275
YER007W,YAR027W,0,-1.6980319,0.10844529420137405,0.9980372786521912,0.837691605091095
YLL028W,YHR206W,0,-1.6985178,0.10843373835086823,0.9980372786521912,0.8377918004989624
YOR131C,YOR304W,0,-1.6989416,0.1084221750497818,0.9980372786521912,0.8378919959068298
YKL015W,YOL082W,0,-1.6994916,0.10841061919927597,0.9980372786521912,0.8379921913146973
YLR274W,YKR020W,0,-1.7018676,0.10839906334877014,0.9980372786521912,0.8380923867225647
YGR183C,YER019C-A,0,-1.7023962,0.10838750749826431,0.9980372786521912,0.8381925821304321
YMR160W,YBR110W,0,-1.7045875,0.10837595909833908,0.9980372786521912,0.8382927775382996
YPR031W,YBR196C,0,-1.7060835,0.10836441069841385,0.9980372786521912,0.838392972946167
YMR316W,YML070W,0,-1.7069509,0.10835286229848862,0.9980372786521912,0.8384931087493896
YGL040C,YKL180W,0,-1.7073624,0.10834132134914398,0.9980372786521912,0.8385933041572571
YKL024C,YMR278W,0,-1.7074177,0.10832978039979935,0.9980372786521912,0.8386934995651245
YPL192C,YHR181W,0,-1.70814,0.10831824690103531,0.9980372786521912,0.8387936949729919
YBL042C,YLR376C,0,-1.708342,0.10830670595169067,0.9980372786521912,0.8388938903808594
YJR119C,YOR256C,0,-1.7086072,0.10829517990350723,0.9980372786521912,0.8389940857887268
YBR276C,YIL111W,0,-1.7093868,0.1082836464047432,0.9980372786521912,0.8390942811965942
YML060W,YDR043C,0,-1.710248,0.10827212035655975,0.9980372786521912,0.8391944766044617
YML001W,YAL021C,0,-1.7114503,0.10826059430837631,0.9980372786521912,0.8392946720123291
YGL051W,YER088C,0,-1.7119887,0.10824906826019287,0.9980372786521912,0.8393948674201965
YER018C,YPR009W,0,-1.71458,0.10823754966259003,0.9980372786521912,0.839495062828064
YCR024C-A,YOR084W,0,-1.7150016,0.10822603106498718,0.9980372786521912,0.8395952582359314
YER168C,YOR008C,0,-1.7171671,0.10821451246738434,0.9980372786521912,0.839695394039154
YGL003C,YGR152C,0,-1.7188009,0.10820300132036209,0.9980372786521912,0.8397955894470215
YBL040C,YKR010C,0,-1.7213304,0.10819149017333984,0.9980372786521912,0.8398957848548889
YIL039W,YBL005W-A,0,-1.7223341,0.1081799790263176,0.9980372786521912,0.8399959802627563
YJL005W,YML008C,0,-1.7249196,0.10816847532987595,0.9980372786521912,0.8400961756706238
YPL127C,YPL167C,0,-1.7251428,0.1081569716334343,0.9980372786521912,0.8401963710784912
YLR113W,YLR285W,0,-1.7255121,0.10814546793699265,0.9980372786521912,0.8402965664863586
YJL219W,YPL268W,0,-1.729868,0.10813397169113159,0.9980372786521912,0.8403967618942261
YBL040C,YCR054C,0,-1.7303354,0.10812247544527054,0.9980372786521912,0.8404969573020935
YPR080W,YOR288C,0,-1.731149,0.10811097919940948,0.9980372786521912,0.8405971527099609
YML052W,YDR142C,0,-1.7315598,0.10809949040412903,0.9980372786521912,0.8406973481178284
YKR058W,YER070W,0,-1.737265,0.10808800160884857,0.9980372786521912,0.8407975435256958
YKL101W,YNL152W,0,-1.7372878,0.10807651281356812,0.9980372786521912,0.8408976793289185
YPR201W,YLL054C,0,-1.7377486,0.10806503146886826,0.9980372786521912,0.8409978747367859
YJR015W,YMR012W,0,-1.7404119,0.1080535501241684,0.9980372786521912,0.8410980701446533
YER046W,YGR088W,0,-1.7429659,0.10804206877946854,0.9980372786521912,0.8411982655525208
YDR501W,YOR251C,0,-1.7439706,0.10803059488534927,0.9980372786521912,0.8412984609603882
YDR017C,YNR035C,0,-1.7443913,0.10801912099123001,0.9980372786521912,0.8413986563682556
YJL189W,YNL281W,0,-1.7446588,0.10800764709711075,0.9980372786521912,0.841498851776123
YMR086W,YNL016W,0,-1.7448885,0.10799618065357208,0.9980372786521912,0.8415990471839905
YGR054W,YMR038C,0,-1.7465773,0.10798470675945282,0.9980372786521912,0.8416992425918579
YNL138W,YJL166W,0,-1.7474232,0.10797324776649475,0.9980372786521912,0.8417994379997253
YMR150C,YMR070W,0,-1.747756,0.10796178132295609,0.9980372786521912,0.8418996334075928
YNR028W,YOR310C,0,-1.7485477,0.10795032232999802,0.9980372786521912,0.8419998288154602
YNL126W,YEL056W,0,-1.7495034,0.10793886333703995,0.9980372786521912,0.8420999646186829
YAL063C,YFR052W,0,-1.7514809,0.10792741179466248,0.9980372786521912,0.8422001600265503
YIL095W,YKL093W,0,-1.7525837,0.107915960252285,0.9980372786521912,0.8423003554344177
YJR043C,YGR258C,0,-1.7526078,0.10790450870990753,0.9980372786521912,0.8424005508422852
YMR077C,YHR017W,0,-1.7530007,0.10789306461811066,0.9980372786521912,0.8425007462501526
YOR007C,YJR121W,0,-1.7531934,0.10788161307573318,0.9980372786521912,0.84260094165802
YJL177W,YIR034C,0,-1.757503,0.1078701764345169,0.9980372786521912,0.8427011370658875
YKR057W,YOR020C,0,-1.758981,0.10785873234272003,0.9980372786521912,0.8428013324737549
YMR106C,YLL039C,0,-1.7616941,0.10784729570150375,0.9980372786521912,0.8429015278816223
YDL216C,YBR103W,0,-1.7625093,0.10783585906028748,0.9980372786521912,0.8430017232894897
YGL200C,YCR068W,0,-1.763191,0.1078244298696518,0.9980372786521912,0.8431019186973572
YGR199W,YPL065W,0,-1.7632099,0.10781299322843552,0.9980372786521912,0.8432020545005798
YNL220W,YMR056C,0,-1.7638594,0.10780157148838043,0.9980372786521912,0.8433022499084473
YKR067W,YGL250W,0,-1.7649355,0.10779014229774475,0.9980372786521912,0.8434024453163147
YOR322C,YHR214C-B,0,-1.7651314,0.10777872055768967,0.9980372786521912,0.8435026407241821
YER087C-A,YLR419W,0,-1.7657336,0.10776729881763458,0.9980372786521912,0.8436028361320496
YNR049C,YGL094C,0,-1.7659647,0.1077558770775795,0.9980372786521912,0.843703031539917
YHR023W,YJR016C,0,-1.7675302,0.10774446278810501,0.9980372786521912,0.8438032269477844
YKL082C,YNR006W,0,-1.7686874,0.10773304849863052,0.9980372786521912,0.8439034223556519
YDR081C,YGR125W,0,-1.7691712,0.10772164165973663,0.9980372786521912,0.8440036177635193
YOR389W,YDR069C,0,-1.7706181,0.10771022737026215,0.9980372786521912,0.8441038131713867
YML069W,YIL023C,0,-1.7713178,0.10769882798194885,0.9980372786521912,0.8442040085792542
YKR009C,YLR135W,0,-1.7717054,0.10768742114305496,0.9980372786521912,0.8443042039871216
YDR496C,YPR163C,0,-1.7721158,0.10767602175474167,0.9980372786521912,0.8444043397903442
YPL003W,YOL155C,0,-1.7729169,0.10766462236642838,0.9980372786521912,0.8445045351982117
YKL213C,YDR449C,0,-1.7734009,0.10765322297811508,0.9980372786521912,0.8446047306060791
YMR316W,YDR421W,0,-1.7737345,0.10764183104038239,0.9980372786521912,0.8447049260139465
YGL192W,YPL266W,1,-1.77525,0.1077362671494484,0.999018669128418,0.8447049260139465
YER036C,YDR099W,0,-1.7754191,0.1077248677611351,0.999018669128418,0.844805121421814
YLR170C,YLR342W,0,-1.7764535,0.10771346837282181,0.999018669128418,0.8449053168296814
YPL028W,YJL145W,0,-1.7772905,0.10770207643508911,0.999018669128418,0.8450055122375488
YGR179C,YLL027W,0,-1.7775338,0.10769067704677582,0.999018669128418,0.8451057076454163
YDL147W,YOR206W,0,-1.7788118,0.10767929255962372,0.999018669128418,0.8452059030532837
YML058W,YBL005W-A,0,-1.7789564,0.10766790062189102,0.999018669128418,0.8453060984611511
YPR030W,YDL133C-A,0,-1.7799048,0.10765651613473892,0.999018669128418,0.8454062938690186
YLR080W,YGL019W,0,-1.7839777,0.10764513164758682,0.999018669128418,0.845506489276886
YML039W,YDR465C,0,-1.7844443,0.10763374716043472,0.999018669128418,0.8456066250801086
YBR077C,YLR064W,0,-1.7848107,0.10762237012386322,0.999018669128418,0.8457068204879761
YNL088W,YHR004C,0,-1.7850704,0.10761099308729172,0.999018669128418,0.8458070158958435
YNR028W,YAL055W,0,-1.7858961,0.10759961605072021,0.999018669128418,0.8459072113037109
YPR066W,YLR208W,0,-1.7873161,0.10758824646472931,0.999018669128418,0.8460074067115784
YOR035C,YHL007C,0,-1.7881005,0.1075768768787384,0.999018669128418,0.8461076021194458
YLR081W,YJR029W,0,-1.7882423,0.1075655147433281,0.999018669128418,0.8462077975273132
YNL080C,YDL222C,0,-1.7891846,0.10755414515733719,0.999018669128418,0.8463079929351807
YDL180W,YIL046W,0,-1.7925471,0.10754278302192688,0.999018669128418,0.8464081883430481
YFR015C,YDL245C,0,-1.792628,0.10753142833709717,0.999018669128418,0.8465083837509155
YOL094C,YER098W,0,-1.7934377,0.10752006620168686,0.999018669128418,0.846608579158783
YFL023W,YMR098C,0,-1.7935038,0.10750871151685715,0.999018669128418,0.8467087745666504
YJR075W,YIR018W,0,-1.7953024,0.10749735683202744,0.999018669128418,0.846808910369873
YMR193W,YDR402C,0,-1.7959697,0.10748600959777832,0.999018669128418,0.8469091057777405
YGR183C,YNL067W,0,-1.7963698,0.1074746623635292,0.999018669128418,0.8470093011856079
YER006W,YPR107C,0,-1.7984866,0.10746331512928009,0.999018669128418,0.8471094965934753
YPR122W,YOL136C,0,-1.7998046,0.10745197534561157,0.999018669128418,0.8472096920013428
YPL124W,YDR503C,0,-1.7998707,0.10744063556194305,0.999018669128418,0.8473098874092102
YJR005W,YCL033C,0,-1.8008473,0.10742929577827454,0.999018669128418,0.8474100828170776
YMR184W,YDR353W,0,-1.801189,0.10741795599460602,0.999018669128418,0.8475102782249451
YMR087W,YKL156W,0,-1.8016436,0.1074066236615181,0.999018669128418,0.8476104736328125
YBR294W,YPL195W,0,-1.8020818,0.10739529132843018,0.999018669128418,0.8477106690406799
YHR025W,YDR288W,0,-1.8041761,0.10738396644592285,0.999018669128418,0.8478108644485474
YOR035C,YML123C,0,-1.8074794,0.10737264156341553,0.999018669128418,0.8479110598564148
YLR319C,YHR171W,0,-1.814503,0.1073613166809082,0.999018669128418,0.8480111956596375
YLR128W,YPL123C,0,-1.8145137,0.10734999179840088,0.999018669128418,0.8481113910675049
YJL042W,YGR155W,0,-1.8173571,0.10733867436647415,0.999018669128418,0.8482115864753723
YOR133W,YDR373W,0,-1.8174738,0.10732735693454742,0.999018669128418,0.8483117818832397
YMR197C,YGR135W,0,-1.8184338,0.1073160469532013,0.999018669128418,0.8484119772911072
YGL160W,YDR263C,0,-1.8193872,0.10730472952127457,0.999018669128418,0.8485121726989746
YJR144W,YDR425W,0,-1.8194636,0.10729342699050903,0.999018669128418,0.848612368106842
YLR106C,YNL293W,0,-1.8197918,0.1072821170091629,0.999018669128418,0.8487125635147095
YPR145W,YKL094W,0,-1.8232977,0.10727081447839737,0.999018669128418,0.8488127589225769
YKL021C,YPL249C,0,-1.8233311,0.10725951194763184,0.999018669128418,0.8489129543304443
YKR039W,YPL220W,0,-1.8238192,0.1072482094168663,0.999018669128418,0.8490131497383118
YNL010W,YGR010W,0,-1.823864,0.10723691433668137,0.999018669128418,0.8491132855415344
YEL054C,YCL057C-A,0,-1.8240434,0.10722561925649643,0.999018669128418,0.8492134809494019
YER039C,YJL210W,0,-1.8261628,0.10721432417631149,0.999018669128418,0.8493136763572693
YOR373W,YOR047C,0,-1.8267257,0.10720303654670715,0.999018669128418,0.8494138717651367
YOR175C,YBL016W,0,-1.8276452,0.10719174146652222,0.999018669128418,0.8495140671730042
YHR025W,YMR281W,0,-1.8310316,0.10718046128749847,0.999018669128418,0.8496142625808716
YPR063C,YCL043C,0,-1.837228,0.10716917365789413,0.999018669128418,0.849714457988739
YPL196W,YGL136C,0,-1.8386248,0.10715789347887039,0.999018669128418,0.8498146533966064
YGL220W,YMR104C,0,-1.8388939,0.10714661329984665,0.999018669128418,0.8499148488044739
YNL078W,YIL108W,0,-1.8400252,0.1071353405714035,0.999018669128418,0.8500150442123413
YNL300W,YCL074W,0,-1.8408129,0.10712406784296036,0.999018669128418,0.8501152396202087
YJR043C,YGL031C,0,-1.8417668,0.10711279511451721,0.999018669128418,0.8502154350280762
YBR115C,YDR294C,0,-1.8421059,0.10710152238607407,0.999018669128418,0.8503155708312988
YBR073W,YFR004W,0,-1.8425474,0.10709025710821152,0.999018669128418,0.8504157662391663
YGR225W,YLR013W,0,-1.8425808,0.10707899183034897,0.999018669128418,0.8505159616470337
YPL050C,YDR262W,0,-1.843626,0.10706773400306702,0.999018669128418,0.8506161570549011
YGR281W,YDL171C,0,-1.8439468,0.10705647617578506,0.999018669128418,0.8507163524627686
YGL008C,YHR039C-A,0,-1.844476,0.10704521834850311,0.999018669128418,0.850816547870636
YCR012W,YJR068W,0,-1.8449634,0.10703396052122116,0.999018669128418,0.8509167432785034
YCR067C,YPL143W,0,-1.845884,0.1070227101445198,0.999018669128418,0.8510169386863708
YGL002W,YML109W,0,-1.8460002,0.10701145976781845,0.999018669128418,0.8511171340942383
YNL218W,YOR007C,0,-1.8460584,0.1070002093911171,0.999018669128418,0.8512173295021057
YLR066W,YFL002C,0,-1.8476629,0.10698896646499634,0.999018669128418,0.8513175249099731
YNL115C,YJR068W,0,-1.8480446,0.10697772353887558,0.999018669128418,0.8514177203178406
YBR073W,YGR155W,0,-1.8494701,0.10696648061275482,0.999018669128418,0.8515178561210632
YHR084W,YDR330W,0,-1.852891,0.10695524513721466,0.999018669128418,0.8516180515289307
YKR025W,YJR047C,0,-1.8537424,0.1069440096616745,0.999018669128418,0.8517182469367981
YBL054W,YJR021C,0,-1.8542476,0.10693277418613434,0.999018669128418,0.8518184423446655
YAR008W,YAL038W,0,-1.8563081,0.10692153871059418,0.999018669128418,0.851918637752533
YDR322W,YDR415C,0,-1.8565922,0.10691031068563461,0.999018669128418,0.8520188331604004
YHR156C,YGL206C,0,-1.8584387,0.10689909011125565,0.999018669128418,0.8521190285682678
YDR353W,YML005W,0,-1.8594763,0.10688786208629608,0.999018669128418,0.8522192239761353
YDR109C,YDL190C,0,-1.8596416,0.10687664151191711,0.999018669128418,0.8523194193840027
YKL024C,YDR247W,0,-1.8600664,0.10686542093753815,0.999018669128418,0.8524196147918701
YMR042W,YJL063C,0,-1.8602993,0.10685420036315918,0.999018669128418,0.8525198101997375
YOR133W,YLR446W,0,-1.8634188,0.10684298723936081,0.999018669128418,0.852620005607605
YBR229C,YPL124W,0,-1.8646135,0.10683177411556244,0.999018669128418,0.8527201414108276
YOR214C,YOR244W,0,-1.8647084,0.10682056844234467,0.999018669128418,0.8528203368186951
YLR433C,YJL048C,0,-1.8654628,0.1068093553185463,0.999018669128418,0.8529205322265625
YPR083W,YLR142W,0,-1.8679558,0.10679815709590912,0.999018669128418,0.8530207276344299
YBL092W,YNR049C,0,-1.8690119,0.10678695142269135,0.999018669128418,0.8531209230422974
YBL005W-B,YLR144C,0,-1.8698915,0.10677575320005417,0.999018669128418,0.8532211184501648
YCL020W,YMR180C,0,-1.8707093,0.10676455497741699,0.999018669128418,0.8533213138580322
YDR222W,YMR145C,0,-1.8725737,0.10675335675477982,0.999018669128418,0.8534215092658997
YMR043W,YIL108W,0,-1.874619,0.10674215853214264,0.999018669128418,0.8535217046737671
YHR164C,YAL055W,0,-1.8750987,0.10673096776008606,0.999018669128418,0.8536219000816345
YDR059C,YDR371W,0,-1.8754648,0.10671978443861008,0.999018669128418,0.853722095489502
YLR081W,YKL198C,0,-1.8754879,0.1067085936665535,0.999018669128418,0.8538222908973694
YOR231W,YGL037C,0,-1.8769941,0.10669741034507751,0.999018669128418,0.853922426700592
YNL152W,YLR158C,0,-1.8776939,0.10668622702360153,0.999018669128418,0.8540226221084595
YNL326C,YGL250W,0,-1.8778251,0.10667505115270615,0.999018669128418,0.8541228175163269
YNR028W,YMR087W,0,-1.8786733,0.10666387528181076,0.999018669128418,0.8542230129241943
YHR160C,YDL064W,0,-1.8787276,0.10665269941091537,0.999018669128418,0.8543232083320618
YHR023W,YPL231W,0,-1.8799552,0.10664152354001999,0.999018669128418,0.8544234037399292
YMR314W,YLR330W,0,-1.8804829,0.1066303551197052,0.999018669128418,0.8545235991477966
YDL061C,YGL120C,0,-1.881566,0.10661918669939041,0.999018669128418,0.8546237945556641
YLR353W,YIL023C,0,-1.8821031,0.10660801827907562,0.999018669128418,0.8547239899635315
YKR029C,YML030W,0,-1.8842635,0.10659685730934143,0.999018669128418,0.8548241853713989
YCL061C,YML012W,0,-1.8853911,0.10658569633960724,0.999018669128418,0.8549243807792664
YKR090W,YOR094W,0,-1.8864228,0.10657454282045364,0.999018669128418,0.8550245761871338
YHL008C,YGR157W,0,-1.887045,0.10656338185071945,0.999018669128418,0.8551247119903564
YLR401C,YAL062W,0,-1.8885001,0.10655222833156586,0.999018669128418,0.8552249073982239
YGL249W,YIL125W,0,-1.8891895,0.10654107481241226,0.999018669128418,0.8553251028060913
YBR010W,YGL166W,0,-1.8903791,0.10652992874383926,0.999018669128418,0.8554252982139587
YPL007C,YFL014W,0,-1.8907051,0.10651878267526627,0.999018669128418,0.8555254936218262
YLL028W,YGL044C,0,-1.8946872,0.10650763660669327,0.999018669128418,0.8556256890296936
YDL035C,YJL050W,0,-1.8947775,0.10649649798870087,0.999018669128418,0.855725884437561
YGR241C,YNR006W,0,-1.8961216,0.10648535937070847,0.999018669128418,0.8558260798454285
YOR210W,YDR210W,0,-1.8987851,0.10647422075271606,0.999018669128418,0.8559262752532959
YDR299W,YBR199W,0,-1.8993905,0.10646308213472366,0.999018669128418,0.8560264706611633
YOR039W,YJL082W,0,-1.8997325,0.10645195096731186,0.999018669128418,0.8561266660690308
YDL058W,YJL139C,0,-1.9003227,0.10644081979990005,0.999018669128418,0.8562268018722534
YML010W,YJL066C,0,-1.9008393,0.10642968863248825,0.999018669128418,0.8563269972801208
YOR070C,YPL069C,0,-1.9012897,0.10641856491565704,0.999018669128418,0.8564271926879883
YKL093W,YGR008C,0,-1.9015708,0.10640744119882584,0.999018669128418,0.8565273880958557
YDR219C,YBR154C,0,-1.9036932,0.10639631748199463,0.999018669128418,0.8566275835037231
YLR396C,YDL168W,0,-1.905096,0.10638520121574402,0.999018669128418,0.8567277789115906
YMR051C,YDL190C,0,-1.9072192,0.10637408494949341,0.999018669128418,0.856827974319458
YOL120C,YMR100W,0,-1.9073381,0.1063629686832428,0.999018669128418,0.8569281697273254
YLR332W,YDR253C,0,-1.9088812,0.10635185986757278,0.999018669128418,0.8570283651351929
YPR181C,YER082C,0,-1.9088967,0.10634075105190277,0.999018669128418,0.8571285605430603
YMR298W,YDL112W,0,-1.9107358,0.10632964223623276,0.999018669128418,0.8572287559509277
YJR001W,YPL213W,0,-1.9109914,0.10631854087114334,0.999018669128418,0.8573289513587952
YBL061C,YIL084C,0,-1.9113019,0.10630743205547333,0.999018669128418,0.8574290871620178
YKR028W,YNL134C,0,-1.911458,0.10629633814096451,0.999018669128418,0.8575292825698853
YLR132C,YDL111C,0,-1.911726,0.10628523677587509,0.999018669128418,0.8576294779777527
YBR096W,YNL212W,0,-1.9122424,0.10627414286136627,0.999018669128418,0.8577296733856201
YPR185W,YBR257W,0,-1.9128711,0.10626304894685745,0.999018669128418,0.8578298687934875
YDL044C,YML070W,0,-1.9144602,0.10625195503234863,0.999018669128418,0.857930064201355
YDR222W,YKL160W,0,-1.9147043,0.10624086856842041,0.999018669128418,0.8580302596092224
YER027C,YBR171W,0,-1.9147301,0.10622978210449219,0.999018669128418,0.8581304550170898
YFR042W,YHR115C,0,-1.9170656,0.10621869564056396,0.999018669128418,0.8582306504249573
YIL082W-A,YNL304W,0,-1.9181974,0.10620761662721634,0.999018669128418,0.8583308458328247
YCR028C,YEL012W,0,-1.9203987,0.10619653761386871,0.999018669128418,0.8584310412406921
YMR143W,YLL055W,0,-1.9204688,0.10618545860052109,0.999018669128418,0.8585312366485596
YNL061W,YOR083W,0,-1.9209785,0.10617438703775406,0.999018669128418,0.8586313724517822
YGR086C,YPL087W,0,-1.9226351,0.10616331547498703,0.999018669128418,0.8587315678596497
YFL039C,YBR033W,0,-1.923759,0.10615224391222,0.999018669128418,0.8588317632675171
YPR181C,YNL209W,0,-1.9259624,0.10614117234945297,0.999018669128418,0.8589319586753845
YDR037W,YGL026C,0,-1.9268637,0.10613010823726654,0.999018669128418,0.859032154083252
YNL175C,YDR353W,0,-1.9287195,0.10611904412508011,0.999018669128418,0.8591323494911194
YDL108W,YGR247W,0,-1.9304745,0.10610798746347427,0.999018669128418,0.8592325448989868
YDR169C,YBL054W,0,-1.9308128,0.10609692335128784,0.999018669128418,0.8593327403068542
YJR151C,YPR204W,0,-1.9309101,0.106085866689682,0.999018669128418,0.8594329357147217
YOR375C,YJR036C,0,-1.9332218,0.10607481747865677,0.999018669128418,0.8595331311225891
YHR023W,YCR071C,0,-1.9343996,0.10606376081705093,0.999018669128418,0.8596333265304565
YER141W,YJL145W,0,-1.9360492,0.1060527116060257,0.999018669128418,0.859733521938324
YKL096W,YCL036W,0,-1.939949,0.10604166984558105,0.999018669128418,0.8598336577415466
YOR328W,YLL050C,0,-1.940867,0.10603062063455582,0.999018669128418,0.8599338531494141
YDR440W,YDR369C,0,-1.941144,0.10601957887411118,0.999018669128418,0.8600340485572815
YDR164C,YPL124W,0,-1.9414725,0.10600853711366653,0.999018669128418,0.8601342439651489
YOR167C,YMR099C,0,-1.9426167,0.10599750280380249,0.999018669128418,0.8602344393730164
YOL057W,YLR262C,0,-1.9482908,0.10598646849393845,0.999018669128418,0.8603346347808838
YFR041C,YNL178W,0,-1.9485128,0.1059754341840744,0.999018669128418,0.8604348301887512
YBR294W,YGR172C,0,-1.9489503,0.10596439987421036,0.999018669128418,0.8605350255966187
YKR020W,YNR046W,0,-1.9491715,0.10595337301492691,0.999018669128418,0.8606352210044861
YFR001W,YHR178W,0,-1.9498715,0.10594234615564346,0.999018669128418,0.8607354164123535
YJR057W,YAL013W,0,-1.9499028,0.10593131929636002,0.999018669128418,0.860835611820221
YGR285C,YOL043C,0,-1.9502125,0.10592029988765717,0.999018669128418,0.8609358072280884
YLR015W,YGR284C,0,-1.950742,0.10590928047895432,0.999018669128418,0.861035943031311
YIL034C,YML094W,0,-1.9511054,0.10589826107025146,0.999018669128418,0.8611361384391785
YDL103C,YGL022W,0,-1.9515014,0.10588724911212921,0.999018669128418,0.8612363338470459
YBR156C,YLR340W,0,-1.9549217,0.10587623715400696,0.999018669128418,0.8613365292549133
YGR038W,YJR151C,0,-1.9581728,0.1058652251958847,0.999018669128418,0.8614367246627808
YGR177C,YKL217W,0,-1.9585149,0.10585421323776245,0.999018669128418,0.8615369200706482
YAR018C,YBL024W,0,-1.9635816,0.1058432087302208,0.999018669128418,0.8616371154785156
YCL057C-A,YDR266C,0,-1.9647102,0.10583220422267914,0.999018669128418,0.8617373108863831
YOR373W,YOL040C,0,-1.9666834,0.10582120716571808,0.999018669128418,0.8618375062942505
YDR151C,YGR234W,0,-1.9674017,0.10581021010875702,0.999018669128418,0.8619377017021179
YOR287C,YKL007W,0,-1.9675899,0.10579921305179596,0.999018669128418,0.8620378971099854
YHR042W,YBR122C,0,-1.9686861,0.1057882159948349,0.999018669128418,0.862138032913208
YBR145W,YOR326W,0,-1.9727805,0.10577722638845444,0.999018669128418,0.8622382283210754
YGL032C,YHR016C,0,-1.9730611,0.10576623678207397,0.999018669128418,0.8623384237289429
YJR044C,YBR033W,0,-1.9740369,0.10575524717569351,0.999018669128418,0.8624386191368103
YNR044W,YPR160W,0,-1.974762,0.10574425756931305,0.999018669128418,0.8625388145446777
YGR032W,YKL119C,0,-1.9772024,0.10573327541351318,0.999018669128418,0.8626390099525452
YGL245W,YLR251W,0,-1.9778247,0.10572230070829391,0.999018669128418,0.8627392053604126
YNL072W,YGL259W,0,-1.9778805,0.10571131855249405,0.999018669128418,0.86283940076828
YPL155C,YBL091C-A,0,-1.9788249,0.10570034384727478,0.999018669128418,0.8629395961761475
YBR152W,YOR176W,0,-1.9797742,0.10568936914205551,0.999018669128418,0.8630397915840149
YNL202W,YDL212W,0,-1.9813514,0.10567839443683624,0.999018669128418,0.8631399869918823
YGR184C,YIL162W,0,-1.9826574,0.10566742718219757,0.999018669128418,0.8632401823997498
YKR010C,YGL187C,0,-1.9851823,0.1056564599275589,0.999018669128418,0.8633403182029724
YMR150C,YOR076C,0,-1.9861355,0.10564549267292023,0.999018669128418,0.8634405136108398
YMR321C,YML012W,0,-1.9865031,0.10563453286886215,0.999018669128418,0.8635407090187073
YIL117C,YOR340C,0,-1.9866259,0.10562357306480408,0.999018669128418,0.8636409044265747
YDR331W,YDR069C,0,-1.9906869,0.105612613260746,0.999018669128418,0.8637410998344421
YGR281W,YGL201C,0,-1.990881,0.10560166090726852,0.999018669128418,0.8638412952423096
YKL130C,YHR018C,0,-1.9948688,0.10559070855379105,0.999018669128418,0.863941490650177
YIL171W,YGR234W,0,-2.0033634,0.10557975620031357,0.999018669128418,0.8640416860580444
YHR176W,YDR495C,0,-2.0036755,0.10556880384683609,0.999018669128418,0.8641418814659119
YOR159C,YFR033C,0,-2.0037322,0.10555785894393921,0.999018669128418,0.8642420768737793
YMR188C,YJL159W,0,-2.006348,0.10554691404104233,0.999018669128418,0.8643422722816467
YGR157W,YBR179C,0,-2.0083113,0.10553597658872604,0.999018669128418,0.8644424676895142
YGR081C,YBR160W,0,-2.009469,0.10552503168582916,0.999018669128418,0.8645426034927368
YJL148W,YPR185W,0,-2.0095897,0.10551409423351288,0.999018669128418,0.8646427989006042
YHL034C,YCR073C,0,-2.014927,0.10550316423177719,0.999018669128418,0.8647429943084717
YNL046W,YBR260C,0,-2.015347,0.10549222677946091,0.999018669128418,0.8648431897163391
YMR251W-A,YBR198C,0,-2.0156717,0.10548129677772522,0.999018669128418,0.8649433851242065
YKR098C,YER099C,0,-2.0163417,0.10547036677598953,0.999018669128418,0.865043580532074
YBR236C,YEL046C,0,-2.017703,0.10545944422483444,0.999018669128418,0.8651437759399414
YFR055W,YDR306C,0,-2.0189302,0.10544852167367935,0.999018669128418,0.8652439713478088
YBR002C,YDR099W,0,-2.0190015,0.10543759912252426,0.999018669128418,0.8653441667556763
YDR498C,YNL268W,0,-2.0221086,0.10542667657136917,0.999018669128418,0.8654443621635437
YDR218C,YER112W,0,-2.022666,0.10541576147079468,0.999018669128418,0.8655445575714111
YBL105C,YLR429W,0,-2.0237224,0.10540484637022018,0.999018669128418,0.8656447529792786
YER094C,YJL071W,0,-2.0251002,0.10539393126964569,0.999018669128418,0.8657448887825012
YAL020C,YLR359W,0,-2.0269532,0.1053830236196518,0.999018669128418,0.8658450841903687
YMR271C,YNL101W,0,-2.0283928,0.1053721159696579,0.999018669128418,0.8659452795982361
YLR174W,YMR136W,0,-2.028469,0.105361208319664,0.999018669128418,0.8660454750061035
YKR026C,YDR529C,0,-2.0305362,0.1053503081202507,0.999018669128418,0.866145670413971
YIL172C,YMR307W,0,-2.0311828,0.1053394004702568,0.999018669128418,0.8662458658218384
YFR021W,YAL035W,0,-2.0319262,0.1053285077214241,0.999018669128418,0.8663460612297058
YBR012W-B,YHR041C,0,-2.033321,0.1053176075220108,0.999018669128418,0.8664462566375732
YKR026C,YHR043C,0,-2.0333986,0.1053067147731781,0.999018669128418,0.8665464520454407
YKL144C,YNL007C,0,-2.0360177,0.1052958220243454,0.999018669128418,0.8666466474533081
YOR095C,YGL179C,0,-2.0366554,0.1052849292755127,0.999018669128418,0.8667468428611755
YDR383C,YDR159W,0,-2.0367956,0.10527404397726059,0.999018669128418,0.866847038269043
YIL159W,YNL331C,0,-2.037938,0.10526315867900848,0.999018669128418,0.8669471740722656
YKL210W,YER110C,0,-2.0393872,0.10525227338075638,0.999018669128418,0.8670473694801331
YPR178W,YNR046W,0,-2.0395555,0.10524139553308487,0.999018669128418,0.8671475648880005
YDR315C,YDR461W,0,-2.0416675,0.10523051768541336,0.999018669128418,0.8672477602958679
YLR378C,YPR021C,0,-2.0432546,0.10521963983774185,0.999018669128418,0.8673479557037354
YDR083W,YJR104C,0,-2.0433912,0.10520876199007034,0.999018669128418,0.8674481511116028
YER045C,YLR287C-A,0,-2.0445538,0.10519789159297943,0.999018669128418,0.8675483465194702
YJL190C,YBR293W,0,-2.0452797,0.10518702119588852,0.999018669128418,0.8676485419273376
YDL078C,YLR357W,0,-2.0478058,0.1051761582493782,0.999018669128418,0.8677487373352051
YER130C,YMR292W,0,-2.0482426,0.10516528785228729,0.999018669128418,0.8678489327430725
YDR484W,YLR203C,0,-2.0494876,0.10515442490577698,0.999018669128418,0.8679491281509399
YGR098C,YAR027W,0,-2.0523396,0.10514356195926666,0.999018669128418,0.8680492639541626
YHR025W,YOR083W,0,-2.0525575,0.10513270646333694,0.999018669128418,0.86814945936203
YFL039C,YDR534C,0,-2.0534234,0.10512185096740723,0.999018669128418,0.8682496547698975
YBR204C,YJL172W,0,-2.0542114,0.10511099547147751,0.999018669128418,0.8683498501777649
YMR086W,YCR072C,0,-2.0548863,0.10510014742612839,0.999018669128418,0.8684500455856323
YDL146W,YFR051C,0,-2.0549319,0.10508929193019867,0.999018669128418,0.8685502409934998
YCR069W,YOR371C,0,-2.0570977,0.10507844388484955,0.999018669128418,0.8686504364013672
YJL210W,YNL307C,0,-2.0578017,0.10506760329008102,0.999018669128418,0.8687506318092346
YDR155C,YJR021C,0,-2.0601234,0.1050567626953125,0.999018669128418,0.868850827217102
YKR050W,YOL139C,0,-2.0605223,0.10504592210054398,0.999018669128418,0.8689510226249695
YGR192C,YAL053W,0,-2.0608444,0.10503508150577545,0.999018669128418,0.8690512180328369
YLL051C,YBL078C,0,-2.0617747,0.10502424091100693,0.999018669128418,0.8691514134407043
YER046W,YLL054C,0,-2.0676827,0.105013407766819,0.999018669128418,0.869251549243927
YHR008C,YLR154C,0,-2.0713792,0.10500258207321167,0.999018669128418,0.8693517446517944
YDR338C,YHL018W,0,-2.0723276,0.10499174892902374,0.999018669128418,0.8694519400596619
YLR080W,YDR118W,0,-2.072336,0.10498092323541641,0.999018669128418,0.8695521354675293
YOR035C,YMR288W,0,-2.0727413,0.10497009754180908,0.999018669128418,0.8696523308753967
YDR058C,YGR125W,0,-2.0759563,0.10495927184820175,0.999018669128418,0.8697525262832642
YHR052W,YPL111W,0,-2.0765288,0.10494845360517502,0.999018669128418,0.8698527216911316
YDR001C,YCL047C,0,-2.0765872,0.10493763536214828,0.999018669128418,0.869952917098999
YDR064W,YDR540C,0,-2.0767624,0.10492681711912155,0.999018669128418,0.8700531125068665
YBR186W,YDR358W,0,-2.07761,0.10491600632667542,0.999018669128418,0.8701533079147339
YJR053W,YDR084C,0,-2.080296,0.10490519553422928,0.999018669128418,0.8702535033226013
YDL127W,YNL159C,0,-2.0804515,0.10489438474178314,0.999018669128418,0.8703536987304688
YJL053W,YOR138C,0,-2.0810642,0.104883573949337,0.999018669128418,0.8704538345336914
YFR042W,YBL100W-A,0,-2.0811033,0.10487277060747147,0.999018669128418,0.8705540299415588
YCL032W,YBL005W-B,0,-2.0819843,0.10486196726560593,0.999018669128418,0.8706542253494263
YOR144C,YPL060W,0,-2.0834715,0.10485117137432098,0.999018669128418,0.8707544207572937
YJR005W,YGL173C,0,-2.0837586,0.10484036803245544,0.999018669128418,0.8708546161651611
YDR497C,YGR133W,0,-2.0844314,0.1048295721411705,0.999018669128418,0.8709548115730286
YOR337W,YGR247W,0,-2.0857382,0.10481878370046616,0.999018669128418,0.871055006980896
YKR003W,YFL001W,0,-2.0859644,0.10480798780918121,0.999018669128418,0.8711552023887634
YGL253W,YML116W,0,-2.090814,0.10479719936847687,0.999018669128418,0.8712553977966309
YML104C,YPL159C,0,-2.090926,0.10478641092777252,0.999018669128418,0.8713555932044983
YDL035C,YNL102W,0,-2.091629,0.10477562993764877,0.999018669128418,0.8714557886123657
YNL326C,YGL237C,0,-2.0917995,0.10476484149694443,0.999018669128418,0.8715559840202332
YKR090W,YLR287C-A,0,-2.0919082,0.10475406795740128,0.999018669128418,0.8716561198234558
YPR151C,YMR130W,0,-2.092311,0.10474328696727753,0.999018669128418,0.8717563152313232
YJR086W,YIL157C,0,-2.0947728,0.10473251342773438,0.999018669128418,0.8718565106391907
YOL123W,YOR256C,0,-2.096232,0.10472173988819122,0.999018669128418,0.8719567060470581
YKL154W,YNL231C,0,-2.0972385,0.10471096634864807,0.999018669128418,0.8720569014549255
YDR032C,YBR020W,0,-2.097562,0.10470019280910492,0.999018669128418,0.872157096862793
YNR010W,YMR052W,0,-2.101088,0.10468942672014236,0.999018669128418,0.8722572922706604
YGR288W,YNR003C,0,-2.102007,0.10467866063117981,0.999018669128418,0.8723574876785278
YFR041C,YOR057W,0,-2.103334,0.10466790199279785,0.999018669128418,0.8724576830863953
YBL020W,YPR149W,0,-2.1049347,0.1046571433544159,0.999018669128418,0.8725578784942627
YKL165C,YGL039W,0,-2.105497,0.10464638471603394,0.999018669128418,0.8726580739021301
YBR200W,YDL036C,0,-2.1057549,0.10463562607765198,0.999018669128418,0.8727582693099976
YHR004C,YLR040C,0,-2.1067324,0.10462487488985062,0.999018669128418,0.8728584051132202
YER164W,YNL134C,0,-2.1076026,0.10461411625146866,0.999018669128418,0.8729586005210876
YNL084C,YOR351C,0,-2.111106,0.1046033725142479,0.999018669128418,0.8730587959289551
YDR476C,YKR059W,0,-2.1130595,0.10459262132644653,0.999018669128418,0.8731589913368225
YBR026C,YJL114W,0,-2.114597,0.10458187758922577,0.999018669128418,0.8732591867446899
YJR161C,YLL023C,0,-2.1157937,0.104571133852005,0.999018669128418,0.8733593821525574
YGL099W,YJL165C,0,-2.1210177,0.10456039756536484,0.999018669128418,0.8734595775604248
YNL230C,YNR022C,0,-2.1273468,0.10454965382814407,0.999018669128418,0.8735597729682922
YPR184W,YNL229C,0,-2.1289158,0.1045389175415039,0.999018669128418,0.8736599683761597
YNR021W,YBR096W,0,-2.130579,0.10452818870544434,0.999018669128418,0.8737601637840271
YPR032W,YLR408C,0,-2.1317153,0.10451745241880417,0.999018669128418,0.8738603591918945
YNL107W,YHR018C,0,-2.1317196,0.1045067235827446,0.999018669128418,0.873960554599762
YOL129W,YIL105C,0,-2.1321297,0.10449599474668503,0.999018669128418,0.8740606904029846
YKL004W,YKL218C,0,-2.1344757,0.10448527336120605,0.999018669128418,0.874160885810852
YMR032W,YGR054W,0,-2.1375737,0.10447455197572708,0.999018669128418,0.8742610812187195
YNL327W,YJL165C,0,-2.138492,0.10446383059024811,0.999018669128418,0.8743612766265869
YGL023C,YAL008W,0,-2.138514,0.10445310920476913,0.999018669128418,0.8744614720344543
YPR145W,YOL092W,0,-2.1404843,0.10444239526987076,0.999018669128418,0.8745616674423218
YER074W,YHR116W,0,-2.1419964,0.10443168133497238,0.999018669128418,0.8746618628501892
YGR014W,YGR143W,0,-2.1445017,0.104420967400074,0.999018669128418,0.8747620582580566
YBL004W,YNL037C,0,-2.1448345,0.10441025346517563,0.999018669128418,0.8748622536659241
YDR214W,YLL050C,0,-2.1455286,0.10439954698085785,0.999018669128418,0.8749624490737915
YBR238C,YBR035C,0,-2.147955,0.10438884049654007,0.999018669128418,0.8750626444816589
YNL135C,YLR069C,0,-2.1494079,0.10437814146280289,0.999018669128418,0.8751627802848816
YOR096W,YOR217W,0,-2.1496391,0.1043674424290657,0.999018669128418,0.875262975692749
YGR289C,YIL115C,0,-2.1503649,0.10435674339532852,0.999018669128418,0.8753631711006165
YOR313C,YBR001C,0,-2.1505861,0.10434604436159134,0.999018669128418,0.8754633665084839
YOL045W,YMR170C,0,-2.1510892,0.10433534532785416,0.999018669128418,0.8755635619163513
YGR059W,YGL148W,0,-2.151929,0.10432465374469757,0.999018669128418,0.8756637573242188
YGR198W,YHR101C,0,-2.1520448,0.10431396961212158,0.999018669128418,0.8757639527320862
YGR249W,YIL080W,0,-2.1566553,0.104303278028965,0.999018669128418,0.8758641481399536
YMR271C,YHR029C,0,-2.1597533,0.10429259389638901,0.999018669128418,0.875964343547821
YLR097C,YNL231C,0,-2.1601558,0.10428190976381302,0.999018669128418,0.8760645389556885
YJR040W,YDL111C,0,-2.1609497,0.10427122563123703,0.999018669128418,0.8761647343635559
YAL001C,YHR018C,0,-2.1619601,0.10426054894924164,0.999018669128418,0.8762649297714233
YER118C,YLR095C,0,-2.1640472,0.10424987226724625,0.999018669128418,0.876365065574646
YOR219C,YER086W,0,-2.1660714,0.10423919558525085,0.999018669128418,0.8764652609825134
YMR272C,YMR067C,0,-2.171559,0.10422852635383606,0.999018669128418,0.8765654563903809
YKL113C,YBR079C,0,-2.1756978,0.10421785712242126,0.999018669128418,0.8766656517982483
YIL039W,YHR161C,0,-2.1774101,0.10420718789100647,0.999018669128418,0.8767658472061157
YLR113W,YGL147C,0,-2.1793122,0.10419651865959167,0.999018669128418,0.8768660426139832
YMR130W,YLL045C,0,-2.1799455,0.10418585687875748,0.999018669128418,0.8769662380218506
YAL063C,YBR012W-B,0,-2.181373,0.10417519509792328,0.999018669128418,0.877066433429718
YOR100C,YOR123C,0,-2.182135,0.10416453331708908,0.999018669128418,0.8771666288375854
YML064C,YLR307W,0,-2.182164,0.10415387898683548,0.999018669128418,0.8772668242454529
YHR092C,YGR010W,0,-2.1864736,0.10414322465658188,0.999018669128418,0.8773670196533203
YBR196C,YOR275C,0,-2.1870193,0.10413257032632828,0.999018669128418,0.8774672150611877
YCR072C,YNL301C,0,-2.1883056,0.10412191599607468,0.999018669128418,0.8775673508644104
YOL104C,YNL152W,0,-2.192247,0.10411126911640167,0.999018669128418,0.8776675462722778
YMR043W,YJL143W,0,-2.1934295,0.10410062223672867,0.999018669128418,0.8777677416801453
YKL092C,YNL026W,0,-2.1950297,0.10408998280763626,0.999018669128418,0.8778679370880127
YPR030W,YDR118W,0,-2.1977994,0.10407933592796326,0.999018669128418,0.8779681324958801
YNL075W,YPR042C,0,-2.2007217,0.10406869649887085,0.999018669128418,0.8780683279037476
YDL084W,YPL005W,0,-2.2014992,0.10405805706977844,0.999018669128418,0.878168523311615
YER095W,YOL094C,0,-2.2026649,0.10404742509126663,0.999018669128418,0.8782687187194824
YNL336W,YFL010W-A,0,-2.2035894,0.10403679311275482,0.999018669128418,0.8783689141273499
YBR199W,YOR221C,0,-2.208519,0.10402616113424301,0.999018669128418,0.8784691095352173
YML097C,YOR298W,0,-2.20895,0.1040155291557312,0.999018669128418,0.8785693049430847
YNL208W,YJL002C,0,-2.2115872,0.10400490462779999,0.999018669128418,0.8786695003509521
YML080W,YDR069C,0,-2.2118409,0.10399428009986877,0.999018669128418,0.8787696361541748
YKL101W,YJR099W,0,-2.212859,0.10398365557193756,0.999018669128418,0.8788698315620422
YDL017W,YHR174W,0,-2.217183,0.10397303849458694,0.999018669128418,0.8789700269699097
YLR423C,YOR205C,0,-2.2183626,0.10396242141723633,0.999018669128418,0.8790702223777771
YDR483W,YBR241C,0,-2.2187238,0.10395180433988571,0.999018669128418,0.8791704177856445
YGR071C,YLL019C,0,-2.219182,0.1039411872625351,0.999018669128418,0.879270613193512
YKL188C,YFR009W,0,-2.2207127,0.10393057763576508,0.999018669128418,0.8793708086013794
YLR186W,YGR223C,0,-2.2210317,0.10391996800899506,0.999018669128418,0.8794710040092468
YDL040C,YOL120C,0,-2.2216036,0.10390935838222504,0.999018669128418,0.8795711994171143
YLR272C,YJL210W,0,-2.2226956,0.10389875620603561,0.999018669128418,0.8796713948249817
YLR318W,YBR059C,0,-2.223719,0.10388815402984619,0.999018669128418,0.8797715902328491
YGR158C,YFR007W,0,-2.2274082,0.10387755185365677,0.999018669128418,0.8798717856407166
YNL282W,YPL031C,0,-2.2274368,0.10386694967746735,0.999018669128418,0.8799719214439392
YFL039C,YPL094C,0,-2.2288225,0.10385635495185852,0.999018669128418,0.8800721168518066
YKL154W,YGR247W,0,-2.2324252,0.1038457602262497,0.999018669128418,0.8801723122596741
YMR045C,YJR121W,0,-2.2335553,0.10383517295122147,0.999018669128418,0.8802725076675415
YPR145W,YKL167C,0,-2.2350154,0.10382457822561264,0.999018669128418,0.8803727030754089
YNL336W,YDR429C,0,-2.2391791,0.10381399095058441,0.999018669128418,0.8804728984832764
YJR033C,YHR119W,0,-2.2392263,0.10380340367555618,0.999018669128418,0.8805730938911438
YNL207W,YJL042W,0,-2.2435699,0.10379282385110855,0.999018669128418,0.8806732892990112
YDR334W,YML132W,0,-2.244503,0.10378224402666092,0.999018669128418,0.8807734847068787
YOR196C,YDL222C,0,-2.2448993,0.10377166420221329,0.999018669128418,0.8808736801147461
YEL015W,YPL163C,0,-2.245843,0.10376108437776566,0.999018669128418,0.8809738755226135
YPL154C,YGL124C,0,-2.2469482,0.10375051200389862,0.999018669128418,0.8810740113258362
YLR301W,YNL182C,0,-2.2505693,0.10373993963003159,0.999018669128418,0.8811742067337036
YPL090C,YNR049C,0,-2.251513,0.10372936725616455,0.999018669128418,0.881274402141571
YDR016C,YOR188W,0,-2.253706,0.10371879488229752,0.999018669128418,0.8813745975494385
YBL036C,YJL101C,0,-2.2543218,0.10370822995901108,0.999018669128418,0.8814747929573059
YPL154C,YJL157C,0,-2.261054,0.10369766503572464,0.999018669128418,0.8815749883651733
YGR092W,YMR282C,0,-2.2632804,0.1036871075630188,0.999018669128418,0.8816751837730408
YGR177C,YDL019C,0,-2.2634325,0.10367654263973236,0.999018669128418,0.8817753791809082
YML022W,YJR099W,0,-2.2643476,0.10366598516702652,0.999018669128418,0.8818755745887756
YFL023W,YGL206C,0,-2.2654805,0.10365543514490128,0.999018669128418,0.8819757699966431
YGL124C,YPL079W,0,-2.2656498,0.10364487767219543,0.999018669128418,0.8820759654045105
YNL012W,YNR010W,0,-2.2664595,0.10363432765007019,0.999018669128418,0.8821761608123779
YPL007C,YOR197W,0,-2.2713695,0.10362377762794495,0.999018669128418,0.8822762966156006
YFR004W,YGL147C,0,-2.273659,0.1036132350564003,0.999018669128418,0.882376492023468
YBL017C,YEL020C,0,-2.274651,0.10360268503427505,0.999018669128418,0.8824766874313354
YNL325C,YDR050C,0,-2.2747498,0.10359214246273041,0.999018669128418,0.8825768828392029
YNL331C,YML132W,0,-2.277838,0.10358159989118576,0.999018669128418,0.8826770782470703
YPL155C,YDR107C,0,-2.2806792,0.10357106477022171,0.999018669128418,0.8827772736549377
YHR032W,YJL221C,0,-2.2816167,0.10356052964925766,0.999018669128418,0.8828774690628052
YKR067W,YEL034W,0,-2.281631,0.10354999452829361,0.999018669128418,0.8829776644706726
YFL002W-A,YBR207W,0,-2.2835047,0.10353945940732956,0.999018669128418,0.88307785987854
YJL156C,YNL015W,0,-2.2835312,0.1035289317369461,0.999018669128418,0.8831780552864075
YDL112W,YLR283W,0,-2.2846315,0.10351840406656265,0.999018669128418,0.8832782506942749
YEL054C,YPR029C,0,-2.2857764,0.1035078763961792,0.999018669128418,0.8833784461021423
YOR133W,YDR444W,0,-2.2862425,0.10349735617637634,0.999018669128418,0.883478581905365
YDR043C,YML032C,0,-2.2878027,0.10348683595657349,0.999018669128418,0.8835787773132324
YGR041W,YOL030W,0,-2.2916942,0.10347631573677063,0.999018669128418,0.8836789727210999
YER144C,YHR128W,0,-2.299285,0.10346580296754837,0.999018669128418,0.8837791681289673
YER183C,YGR194C,0,-2.3006947,0.10345528274774551,0.999018669128418,0.8838793635368347
YML071C,YAL023C,0,-2.301023,0.10344476997852325,0.999018669128418,0.8839795589447021
YMR135C,YMR186W,0,-2.301026,0.10343426465988159,0.999018669128418,0.8840797543525696
YOL064C,YJL154C,0,-2.3034573,0.10342375189065933,0.999018669128418,0.884179949760437
YOR099W,YPR073C,0,-2.3038402,0.10341324657201767,0.999018669128418,0.8842801451683044
YFL014W,YIL079C,0,-2.3039753,0.10340274125337601,0.999018669128418,0.8843803405761719
YAR031W,YMR145C,0,-2.3047023,0.10339224338531494,0.999018669128418,0.8844805359840393
YOR168W,YDL097C,0,-2.309449,0.10338173806667328,0.999018669128418,0.8845807313919067
YDR099W,YGL145W,0,-2.310163,0.10337124019861221,0.999018669128418,0.8846808671951294
YKL012W,YGL135W,0,-2.3112445,0.10336074978113174,0.999018669128418,0.8847810626029968
YDL121C,YPL236C,0,-2.316658,0.10335025191307068,0.999018669128418,0.8848812580108643
YOR326W,YMR272C,0,-2.3171353,0.10333976149559021,0.999018669128418,0.8849814534187317
YBL058W,YJL210W,0,-2.3185005,0.10332927107810974,0.999018669128418,0.8850816488265991
YIL070C,YOR182C,0,-2.3224654,0.10331878811120987,0.999018669128418,0.8851818442344666
YNR049C,YPL217C,0,-2.32885,0.1033082976937294,0.999018669128418,0.885282039642334
YKL218C,YFL036W,0,-2.3292394,0.10329781472682953,0.999018669128418,0.8853822350502014
YAL063C,YLR164W,0,-2.3306153,0.10328733921051025,0.999018669128418,0.8854824304580688
YDR016C,YFL033C,0,-2.3320043,0.10327685624361038,0.999018669128418,0.8855826258659363
YBR156C,YOR155C,0,-2.3321214,0.10326638072729111,0.999018669128418,0.8856828212738037
YLR278C,YGR222W,0,-2.3355346,0.10325590521097183,0.999018669128418,0.8857830166816711
YDR258C,YJL072C,0,-2.340874,0.10324543714523315,0.999018669128418,0.8858831524848938
YDR320C,YGR148C,0,-2.3412838,0.10323496907949448,0.999018669128418,0.8859833478927612
YML118W,YLL019C,0,-2.3417168,0.1032245010137558,0.999018669128418,0.8860835433006287
YKL091C,YLR301W,0,-2.343306,0.10321403294801712,0.999018669128418,0.8861837387084961
YKR057W,YER048C,0,-2.3463085,0.10320356488227844,0.999018669128418,0.8862839341163635
YIR036C,YAR010C,0,-2.3469114,0.10319310426712036,0.999018669128418,0.886384129524231
YDL085W,YDR454C,0,-2.3492172,0.10318265110254288,0.999018669128418,0.8864843249320984
YKL024C,YNL202W,0,-2.3516092,0.1031721904873848,0.999018669128418,0.8865845203399658
YJL062W,YDR099W,0,-2.3551037,0.10316173732280731,0.999018669128418,0.8866847157478333
YOR089C,YLR212C,0,-2.3566906,0.10315128415822983,0.999018669128418,0.8867849111557007
YPR187W,YOL157C,0,-2.3567333,0.10314083099365234,0.999018669128418,0.8868851065635681
YMR246W,YFR008W,0,-2.35744,0.10313038527965546,0.999018669128418,0.8869852423667908
YML074C,YJL172W,0,-2.358054,0.10311993211507797,0.999018669128418,0.8870854377746582
YCR097W,YCL045C,0,-2.3582106,0.10310949385166168,0.999018669128418,0.8871856331825256
YML048W,YHR102W,0,-2.360427,0.1030990481376648,0.999018669128418,0.8872858285903931
YNL067W,YBR283C,0,-2.3607702,0.1030886098742485,0.999018669128418,0.8873860239982605
YNL086W,YKL222C,0,-2.3664067,0.10307817161083221,0.999018669128418,0.8874862194061279
YOR257W,YMR231W,0,-2.3677812,0.10306773334741592,0.999018669128418,0.8875864148139954
YDL192W,YDR216W,0,-2.3688273,0.10305730253458023,0.999018669128418,0.8876866102218628
YBR236C,YPL153C,0,-2.3712158,0.10304686427116394,0.999018669128418,0.8877868056297302
YLR357W,YNL202W,0,-2.3746402,0.10303644090890884,0.999018669128418,0.8878870010375977
YDR353W,YDR313C,0,-2.3763642,0.10302601009607315,0.999018669128418,0.8879871964454651
YLR268W,YPR026W,0,-2.3797143,0.10301558673381805,0.999018669128418,0.8880873918533325
YML063W,YAL035W,0,-2.3866916,0.10300516337156296,0.999018669128418,0.8881875276565552
YOR386W,YGL236C,0,-2.3884661,0.10299474000930786,0.999018669128418,0.8882877230644226
YBR031W,YBR044C,0,-2.3897123,0.10298431664705276,0.999018669128418,0.88838791847229
YLR045C,YPR132W,0,-2.3898766,0.10297390073537827,0.999018669128418,0.8884881138801575
YOR347C,YDL140C,0,-2.3908129,0.10296348482370377,0.999018669128418,0.8885883092880249
YOR270C,YMR033W,0,-2.3925743,0.10295307636260986,0.999018669128418,0.8886885046958923
YDR130C,YNL308C,0,-2.3935256,0.10294266045093536,0.999018669128418,0.8887887001037598
YOR063W,YNL128W,0,-2.3935547,0.10293225198984146,0.999018669128418,0.8888888955116272
YGL249W,YLR165C,0,-2.3941548,0.10292185097932816,0.999018669128418,0.8889890909194946
YLR305C,YPL206C,0,-2.394488,0.10291144251823425,0.999018669128418,0.8890892863273621
YJR058C,YBR171W,0,-2.395945,0.10290104150772095,0.999018669128418,0.8891894817352295
YPR132W,YOR073W,0,-2.3977137,0.10289064049720764,0.999018669128418,0.8892896771430969
YPR060C,YNL297C,0,-2.4011674,0.10288023948669434,0.999018669128418,0.8893898129463196
YEL002C,YEL015W,0,-2.4032307,0.10286984592676163,0.999018669128418,0.889490008354187
YDR436W,YNL298W,0,-2.4071198,0.10285945236682892,0.999018669128418,0.8895902037620544
YHR034C,YLR153C,0,-2.4074304,0.10284905880689621,0.999018669128418,0.8896903991699219
YBL068W,YGL048C,0,-2.4093614,0.1028386726975441,0.999018669128418,0.8897905945777893
YDL200C,YLL050C,0,-2.4115777,0.10282827913761139,0.999018669128418,0.8898907899856567
YGL124C,YNL302C,0,-2.4129655,0.10281790047883987,0.999018669128418,0.8899909853935242
YJR056C,YCL052C,0,-2.4146338,0.10280751436948776,0.999018669128418,0.8900911808013916
YDR402C,YNL070W,0,-2.4161386,0.10279713571071625,0.999018669128418,0.890191376209259
YNL106C,YIL127C,0,-2.4170487,0.10278674960136414,0.999018669128418,0.8902915716171265
YNL241C,YNR023W,0,-2.418696,0.10277637839317322,0.999018669128418,0.8903917670249939
YIR036C,YNR027W,0,-2.4195468,0.1027659997344017,0.999018669128418,0.8904919624328613
YLR073C,YKR046C,0,-2.422528,0.10275562852621078,0.999018669128418,0.890592098236084
YGR038W,YHR181W,0,-2.422687,0.10274525731801987,0.999018669128418,0.8906922936439514
YNL039W,YJR137C,0,-2.4229817,0.10273488610982895,0.999018669128418,0.8907924890518188
YDR031W,YDL074C,0,-2.4238043,0.10272452235221863,0.999018669128418,0.8908926844596863
YOL070C,YGR121C,0,-2.4243193,0.1027141585946083,0.999018669128418,0.8909928798675537
YBR156C,YOL120C,0,-2.4272292,0.10270379483699799,0.999018669128418,0.8910930752754211
YDR001C,YER140W,0,-2.4292808,0.10269343107938766,0.999018669128418,0.8911932706832886
YPR140W,YER096W,0,-2.4296045,0.10268307477235794,0.999018669128418,0.891293466091156
YJL155C,YML049C,0,-2.4351068,0.10267271846532822,0.999018669128418,0.8913936614990234
YKR014C,YJR147W,0,-2.435238,0.10266236215829849,0.999018669128418,0.8914938569068909
YIL080W,YGR092W,0,-2.4353247,0.10265201330184937,0.999018669128418,0.8915940523147583
YGL133W,YMR170C,0,-2.437665,0.10264166444540024,0.999018669128418,0.8916942477226257
YMR016C,YBR177C,0,-2.4402235,0.10263131558895111,0.999018669128418,0.8917943835258484
YCL032W,YOR085W,0,-2.4415584,0.10262096673250198,0.999018669128418,0.8918945789337158
YBR036C,YHR060W,0,-2.4418025,0.10261062532663345,0.999018669128418,0.8919947743415833
YMR223W,YIR037W,0,-2.442386,0.10260028392076492,0.999018669128418,0.8920949697494507
YLR278C,YGL250W,0,-2.443316,0.10258994251489639,0.999018669128418,0.8921951651573181
YNR035C,YDR302W,0,-2.4465723,0.10257960855960846,0.999018669128418,0.8922953605651855
YFR001W,YPL214C,0,-2.4475358,0.10256926715373993,0.999018669128418,0.892395555973053
YJR086W,YCR004C,0,-2.4572902,0.102558933198452,0.999018669128418,0.8924957513809204
YBR012W-A,YOR298W,0,-2.4580693,0.10254860669374466,0.999018669128418,0.8925959467887878
YFR036W,YLR013W,0,-2.4603548,0.10253827273845673,0.999018669128418,0.8926961421966553
YCL020W,YOR007C,0,-2.460541,0.10252794623374939,0.999018669128418,0.8927963376045227
YBR056W,YDR348C,0,-2.4607935,0.10251761972904205,0.999018669128418,0.8928965330123901
YOR141C,YLR408C,0,-2.4653773,0.10250730067491531,0.999018669128418,0.8929966688156128
YNL270C,YLR095C,0,-2.4659824,0.10249698162078857,0.999018669128418,0.8930968642234802
YPL032C,YPL204W,0,-2.4689605,0.10248666256666183,0.999018669128418,0.8931970596313477
YMR051C,YMR145C,0,-2.4691129,0.1024763435125351,0.999018669128418,0.8932972550392151
YDL198C,YFL057C,0,-2.4694839,0.10246603190898895,0.999018669128418,0.8933974504470825
YOL097C,YPL265W,0,-2.4701014,0.10245572030544281,0.999018669128418,0.89349764585495
YDR064W,YGR123C,0,-2.470214,0.10244540870189667,0.999018669128418,0.8935978412628174
YBR228W,YMR012W,0,-2.4706066,0.10243509709835052,0.999018669128418,0.8936980366706848
YCL050C,YBR223C,0,-2.4711046,0.10242479294538498,0.999018669128418,0.8937982320785522
YPR079W,YGR009C,0,-2.4722033,0.10241448879241943,0.999018669128418,0.8938984274864197
YOR219C,YPL128C,0,-2.4753637,0.10240418463945389,0.999018669128418,0.8939986228942871
YGL181W,YGR067C,0,-2.4788766,0.10239388793706894,0.999018669128418,0.8940987586975098
YDL077C,YBR214W,0,-2.4789872,0.1023835837841034,0.999018669128418,0.8941989541053772
YLR370C,YEL060C,0,-2.4843736,0.10237328708171844,0.999018669128418,0.8942991495132446
YMR020W,YJR006W,0,-2.4852905,0.10236299782991409,0.999018669128418,0.8943993449211121
YNL070W,YBR280C,0,-2.4874842,0.10235270112752914,0.999018669128418,0.8944995403289795
YCR067C,YOR057W,0,-2.4881725,0.10234241187572479,0.999018669128418,0.8945997357368469
YGR246C,YBR244W,0,-2.4907625,0.10233213007450104,0.999018669128418,0.8946999311447144
YPL124W,YPL046C,0,-2.4918604,0.10232184082269669,0.999018669128418,0.8948001265525818
YNL336W,YIL159W,0,-2.4923847,0.10231155902147293,0.999018669128418,0.8949003219604492
YGR229C,YML022W,0,-2.4928699,0.10230127722024918,0.999018669128418,0.8950005173683167
YGR008C,YJR158W,0,-2.495706,0.10229099541902542,0.999018669128418,0.8951007127761841
YMR032W,YJL176C,0,-2.4962273,0.10228072106838226,0.999018669128418,0.8952009081840515
YOR261C,YPR065W,0,-2.498073,0.1022704467177391,0.999018669128418,0.8953010439872742
YOR206W,YAL054C,0,-2.4983182,0.10226017236709595,0.999018669128418,0.8954012393951416
YLR103C,YBR110W,0,-2.4983191,0.10224989801645279,0.999018669128418,0.895501434803009
YGL023C,YLR142W,0,-2.499909,0.10223963111639023,0.999018669128418,0.8956016302108765
YPR187W,YDR511W,0,-2.5013037,0.10222936421632767,0.999018669128418,0.8957018256187439
YNL279W,YOR054C,0,-2.5045824,0.1022190973162651,0.999018669128418,0.8958020210266113
YLR314C,YGL180W,0,-2.5050032,0.10220883786678314,0.999018669128418,0.8959022164344788
YDL150W,YPL220W,0,-2.5054276,0.10219857096672058,0.999018669128418,0.8960024118423462
YLR070C,YGL174W,0,-2.505864,0.10218831896781921,0.999018669128418,0.8961026072502136
YML063W,YPR001W,0,-2.5064964,0.10217805951833725,0.999018669128418,0.896202802658081
YOR046C,YDR293C,0,-2.5101147,0.10216780751943588,0.999018669128418,0.8963029980659485
YDR077W,YNL153C,0,-2.5136213,0.10215754806995392,0.999018669128418,0.8964031934738159
YOR336W,YPR043W,0,-2.5141494,0.10214730352163315,0.999018669128418,0.8965033292770386
YDL148C,YEL020C,0,-2.5187688,0.10213705152273178,0.999018669128418,0.896603524684906
YPR029C,YLR418C,0,-2.519949,0.10212680697441101,0.999018669128418,0.8967037200927734
YBL069W,YKL218C,0,-2.5209877,0.10211656242609024,0.999018669128418,0.8968039155006409
YML093W,YMR109W,0,-2.5242896,0.10210631787776947,0.999018669128418,0.8969041109085083
YMR250W,YBL103C,0,-2.5251331,0.1020960807800293,0.999018669128418,0.8970043063163757
YJR059W,YDR263C,0,-2.5259235,0.10208584368228912,0.999018669128418,0.8971045017242432
YHR214C-B,YBR093C,0,-2.526655,0.10207560658454895,0.999018669128418,0.8972046971321106
YCL059C,YFL029C,0,-2.526955,0.10206536948680878,0.999018669128418,0.897304892539978
YJR005W,YMR229C,0,-2.5273519,0.1020551398396492,0.999018669128418,0.8974050879478455
YNR010W,YJR144W,0,-2.5288904,0.10204491019248962,0.999018669128418,0.8975052833557129
YOR128C,YOL103W,0,-2.5338764,0.10203468054533005,0.999018669128418,0.8976054787635803
YCL045C,YBR253W,0,-2.5382147,0.10202445089817047,0.999018669128418,0.897705614566803
YGR027C,YAR035W,0,-2.538669,0.10201422870159149,0.999018669128418,0.8978058099746704
YOR374W,YLR105C,0,-2.5387077,0.10200400650501251,0.999018669128418,0.8979060053825378
YKR020W,YLR106C,0,-2.5388408,0.10199379175901413,0.999018669128418,0.8980062007904053
YOL052C,YKR003W,0,-2.5396578,0.10198356956243515,0.999018669128418,0.8981063961982727
YJR013W,YBL058W,0,-2.5400178,0.10197335481643677,0.999018669128418,0.8982065916061401
YFL009W,YMR291W,0,-2.542334,0.10196314007043839,0.999018669128418,0.8983067870140076
YPR032W,YNL067W,0,-2.54796,0.1019529327750206,0.999018669128418,0.898406982421875
YDR251W,YER052C,0,-2.5485587,0.10194271802902222,0.999018669128418,0.8985071778297424
YMR043W,YBR253W,0,-2.5517428,0.10193251073360443,0.999018669128418,0.8986073732376099
YOR096W,YER164W,0,-2.5519652,0.10192230343818665,0.999018669128418,0.8987075686454773
YDR400W,YML118W,0,-2.552511,0.10191210359334946,0.999018669128418,0.8988077640533447
YJL080C,YDL206W,0,-2.5547113,0.10190190374851227,0.999018669128418,0.8989078998565674
YMR094W,YPR165W,0,-2.5547218,0.10189170390367508,0.999018669128418,0.8990080952644348
YNR039C,YOR120W,0,-2.5569327,0.10188150405883789,0.999018669128418,0.8991082906723022
YBR294W,YNL177C,0,-2.5576127,0.1018713116645813,0.999018669128418,0.8992084860801697
YBR170C,YMR200W,0,-2.5609345,0.10186111927032471,0.999018669128418,0.8993086814880371
YPR049C,YOR221C,0,-2.56372,0.10185092687606812,0.999018669128418,0.8994088768959045
YMR045C,YNL241C,0,-2.5647116,0.10184073448181152,0.999018669128418,0.899509072303772
YKL035W,YIL145C,0,-2.565218,0.10183054953813553,0.999018669128418,0.8996092677116394
YER039C,YER025W,0,-2.5654583,0.10182036459445953,0.999018669128418,0.8997094631195068
YFL002C,YPL113C,0,-2.5672903,0.10181017965078354,0.999018669128418,0.8998096585273743
YDR229W,YDL191W,0,-2.568152,0.10180000215768814,0.999018669128418,0.8999098539352417
YML131W,YNL339C,0,-2.5699918,0.10178982466459274,0.999018669128418,0.9000099897384644
YOL110W,YDR037W,0,-2.5774612,0.10177964717149734,0.999018669128418,0.9001101851463318
YKR046C,YML012W,0,-2.5792758,0.10176946967840195,0.999018669128418,0.9002103805541992
YGR287C,YOR312C,0,-2.5793097,0.10175929963588715,0.999018669128418,0.9003105759620667
YDL085W,YLR048W,0,-2.5797524,0.10174912214279175,0.999018669128418,0.9004107713699341
YOR373W,YMR224C,0,-2.5810075,0.10173895955085754,0.999018669128418,0.9005109667778015
YDR533C,YLR229C,0,-2.5817337,0.10172878950834274,0.999018669128418,0.900611162185669
YIL150C,YCR004C,0,-2.582908,0.10171862691640854,0.999018669128418,0.9007113575935364
YDR251W,YNL339C,0,-2.5838652,0.10170846432447433,0.999018669128418,0.9008115530014038
YJR089W,YDR065W,0,-2.583942,0.10169830173254013,0.999018669128418,0.9009117484092712
YAL055W,YOL105C,0,-2.5856528,0.10168814659118652,0.999018669128418,0.9010119438171387
YML064C,YKR048C,0,-2.5859575,0.10167798399925232,0.999018669128418,0.9011121392250061
YER164W,YAR031W,0,-2.5882719,0.10166782885789871,0.999018669128418,0.9012122750282288
YDL092W,YBR171W,0,-2.5885646,0.1016576811671257,0.999018669128418,0.9013124704360962
YGL051W,YOR293W,0,-2.5890849,0.1016475260257721,0.999018669128418,0.9014126658439636
YHR123W,YBL069W,0,-2.5904632,0.10163737833499908,0.999018669128418,0.901512861251831
YLL033W,YPR026W,0,-2.6011908,0.10162723064422607,0.999018669128418,0.9016130566596985
YOR303W,YDR247W,0,-2.6029334,0.10161709040403366,0.999018669128418,0.9017132520675659
YCL004W,YAL035W,0,-2.6055546,0.10160695016384125,0.999018669128418,0.9018134474754333
YKL182W,YMR109W,0,-2.606756,0.10159680992364883,0.999018669128418,0.9019136428833008
YDL195W,YEL009C,0,-2.6099439,0.10158666968345642,0.999018669128418,0.9020138382911682
YMR214W,YIL162W,0,-2.6127088,0.10157652944326401,0.999018669128418,0.9021140336990356
YML071C,YNL128W,0,-2.6127152,0.10156639665365219,0.999018669128418,0.9022142291069031
YNR027W,YOL117W,0,-2.6162214,0.10155626386404037,0.999018669128418,0.9023144245147705
YIR006C,YDL030W,0,-2.6174998,0.10154613107442856,0.999018669128418,0.9024145603179932
YDR186C,YPL227C,0,-2.6221652,0.10153600573539734,0.999018669128418,0.9025147557258606
YLL015W,YAR010C,0,-2.6228979,0.10152588039636612,0.999018669128418,0.902614951133728
YMR271C,YMR218C,0,-2.6242816,0.1015157550573349,0.999018669128418,0.9027151465415955
YGR023W,YKL205W,0,-2.6259258,0.10150563716888428,0.999018669128418,0.9028153419494629
YIL097W,YCR027C,0,-2.6262197,0.10149551182985306,0.999018669128418,0.9029155373573303
YHR042W,YPL170W,0,-2.6267738,0.10148539394140244,0.999018669128418,0.9030157327651978
YKL178C,YDR330W,0,-2.6291919,0.10147527605295181,0.999018669128418,0.9031159281730652
YLR310C,YJL074C,0,-2.6304398,0.10146516561508179,0.999018669128418,0.9032161235809326
YOR232W,YIL039W,0,-2.6305828,0.10145505517721176,0.999018669128418,0.9033163189888
YLL055W,YOR143C,0,-2.637962,0.10144494473934174,0.999018669128418,0.9034165143966675
YPR184W,YDR302W,0,-2.638174,0.10143483430147171,0.999018669128418,0.9035167098045349
YOR304C-A,YML111W,0,-2.6397686,0.10142473131418228,0.999018669128418,0.9036168456077576
YPL093W,YOR020C,0,-2.6430945,0.10141462087631226,0.999018669128418,0.903717041015625
YOR229W,YAL054C,0,-2.6435516,0.10140452533960342,0.999018669128418,0.9038172364234924
YBR280C,YDR478W,0,-2.6437361,0.101394422352314,0.999018669128418,0.9039174318313599
YNL265C,YLR095C,0,-2.6446843,0.10138432681560516,0.999018669128418,0.9040176272392273
YPR098C,YBR026C,0,-2.6485398,0.10137423127889633,0.999018669128418,0.9041178226470947
YHR102W,YPR098C,0,-2.6486418,0.1013641357421875,0.999018669128418,0.9042180180549622
YMR260C,YPL096W,0,-2.6489801,0.10135404020547867,0.999018669128418,0.9043182134628296
YKL124W,YML038C,0,-2.6497405,0.10134395211935043,0.999018669128418,0.904418408870697
YJL178C,YPR052C,0,-2.6509118,0.1013338640332222,0.999018669128418,0.9045186042785645
YJL079C,YMR045C,0,-2.6510172,0.10132377594709396,0.999018669128418,0.9046187996864319
YER088C,YMR199W,0,-2.651669,0.10131369531154633,0.999018669128418,0.9047189950942993
YDL161W,YNL210W,0,-2.6569853,0.10130361467599869,0.999018669128418,0.904819130897522
YLR423C,YLR214W,0,-2.66214,0.10129353404045105,0.999018669128418,0.9049193263053894
YJR104C,YKR038C,0,-2.662432,0.10128345340490341,0.999018669128418,0.9050195217132568
YHR026W,YOR037W,0,-2.663575,0.10127338021993637,0.999018669128418,0.9051197171211243
YOR361C,YAR007C,0,-2.6638575,0.10126330703496933,0.999018669128418,0.9052199125289917
YBR176W,YBL005W-A,0,-2.6681292,0.10125323385000229,0.999018669128418,0.9053201079368591
YIL034C,YNL229C,0,-2.6731641,0.10124316066503525,0.999018669128418,0.9054203033447266
YER008C,YOR261C,0,-2.675055,0.1012330949306488,0.999018669128418,0.905520498752594
YHR007C,YJR103W,0,-2.6754675,0.10122302919626236,0.999018669128418,0.9056206941604614
YER150W,YDR254W,0,-2.677481,0.10121296346187592,0.999018669128418,0.9057208895683289
YBL041W,YOR116C,0,-2.678242,0.10120290517807007,0.999018669128418,0.9058210849761963
YDR451C,YDR457W,0,-2.6805646,0.10119283944368362,0.999018669128418,0.905921220779419
YOR210W,YIL105C,0,-2.6813936,0.10118278861045837,0.999018669128418,0.9060214161872864
YMR235C,YNL293W,0,-2.685258,0.10117273032665253,0.999018669128418,0.9061216115951538
YMR005W,YPR028W,0,-2.6854067,0.10116267204284668,0.999018669128418,0.9062218070030212
YLR406C,YMR304W,0,-2.6860175,0.10115262120962143,0.999018669128418,0.9063220024108887
YMR200W,YOR245C,0,-2.6879926,0.10114257037639618,0.999018669128418,0.9064221978187561
YEL031W,YCR014C,0,-2.6882875,0.10113252699375153,0.999018669128418,0.9065223932266235
YIL160C,YDR346C,0,-2.6891274,0.10112247616052628,0.999018669128418,0.906622588634491
YCR053W,YFL052W,0,-2.6896086,0.10111243277788162,0.999018669128418,0.9067227840423584
YLR336C,YDR388W,0,-2.6910782,0.10110239684581757,0.999018669128418,0.9068229794502258
YNL069C,YLR325C,0,-2.6917844,0.10109235346317291,0.999018669128418,0.9069231748580933
YER185W,YOR182C,0,-2.6946607,0.10108231753110886,0.999018669128418,0.9070233702659607
YMR090W,YMR045C,0,-2.695758,0.1010722815990448,0.999018669128418,0.9071235060691833
YBL082C,YDL194W,0,-2.6991377,0.10106224566698074,0.999018669128418,0.9072237014770508
YML024W,YNL153C,0,-2.6992233,0.10105221718549728,0.999018669128418,0.9073238968849182
YMR146C,YFL037W,0,-2.70034,0.10104218125343323,0.999018669128418,0.9074240922927856
YDR077W,YIL042C,0,-2.7005115,0.10103215277194977,0.999018669128418,0.9075242877006531
YGR159C,YGR268C,0,-2.704757,0.1010221317410469,0.999018669128418,0.9076244831085205
YDR104C,YKR058W,0,-2.708385,0.10101210325956345,0.999018669128418,0.9077246785163879
YJL219W,YKL049C,0,-2.7089,0.10100208222866058,0.999018669128418,0.9078248739242554
YGL004C,YNL292W,0,-2.709529,0.10099206119775772,0.999018669128418,0.9079250693321228
YMR046C,YHR104W,0,-2.7112925,0.10098204761743546,0.999018669128418,0.9080252647399902
YOR208W,YPR190C,0,-2.711365,0.10097202658653259,0.999018669128418,0.9081254601478577
YER004W,YBL078C,0,-2.714257,0.10096201300621033,0.999018669128418,0.9082256555557251
YBR183W,YNL049C,0,-2.715053,0.10095200687646866,0.999018669128418,0.9083257913589478
YNL127W,YNL309W,0,-2.716371,0.10094199329614639,0.999018669128418,0.9084259867668152
YDR071C,YGR238C,0,-2.7179236,0.10093198716640472,0.999018669128418,0.9085261821746826
YMR297W,YMR306W,0,-2.719836,0.10092198103666306,0.999018669128418,0.90862637758255
YNL209W,YLR431C,0,-2.7212203,0.10091197490692139,0.999018669128418,0.9087265729904175
YKL020C,YCL074W,0,-2.7238462,0.10090196877717972,0.999018669128418,0.9088267683982849
YDR016C,YEL016C,0,-2.7242234,0.10089197009801865,0.999018669128418,0.9089269638061523
YKR020W,YOL010W,0,-2.7261496,0.10088197141885757,0.999018669128418,0.9090271592140198
YDR507C,YML012W,0,-2.728072,0.1008719801902771,0.999018669128418,0.9091273546218872
YMR045C,YER131W,0,-2.7285886,0.10086198151111603,0.999018669128418,0.9092275500297546
YJL221C,YNL256W,0,-2.732236,0.10085199028253555,0.999018669128418,0.9093277454376221
YNL241C,YGL223C,0,-2.7324696,0.10084199905395508,0.999018669128418,0.9094279408454895
YOR070C,YGR279C,0,-2.7325945,0.1008320152759552,0.999018669128418,0.9095280766487122
YMR218C,YBL064C,0,-2.7342494,0.10082202404737473,0.999018669128418,0.9096282720565796
YJR145C,YMR037C,0,-2.734509,0.10081204026937485,0.999018669128418,0.909728467464447
YPL113C,YNL256W,0,-2.735098,0.10080205649137497,0.999018669128418,0.9098286628723145
YDR055W,YLR178C,0,-2.7362125,0.10079208016395569,0.999018669128418,0.9099288582801819
YLR187W,YIR009W,0,-2.7372303,0.10078210383653641,0.999018669128418,0.9100290536880493
YBR009C,YNL223W,0,-2.7384124,0.10077212750911713,0.999018669128418,0.9101292490959167
YPR181C,YJL206C,0,-2.7388463,0.10076215118169785,0.999018669128418,0.9102294445037842
YBL037W,YPL032C,0,-2.7416916,0.10075217485427856,0.999018669128418,0.9103296399116516
YBR133C,YDR540C,0,-2.7434287,0.10074220597743988,0.999018669128418,0.910429835319519
YLR048W,YBR274W,0,-2.7442205,0.1007322371006012,0.999018669128418,0.9105300307273865
YLL023C,YPL008W,0,-2.749684,0.10072226822376251,0.999018669128418,0.9106302261352539
YER133W,YPL217C,0,-2.7500918,0.10071230679750443,0.999018669128418,0.9107303619384766
YMR271C,YPR101W,0,-2.7524486,0.10070234537124634,0.999018669128418,0.910830557346344
YOR382W,YCL031C,0,-2.756235,0.10069238394498825,0.999018669128418,0.9109307527542114
YIL017C,YDR330W,0,-2.7576785,0.10068242251873016,0.999018669128418,0.9110309481620789
YBR106W,YBL002W,0,-2.7609181,0.10067246854305267,0.999018669128418,0.9111311435699463
YPL060W,YPR185W,0,-2.762187,0.10066251456737518,0.999018669128418,0.9112313389778137
YNL323W,YGR086C,0,-2.7672858,0.10065256059169769,0.999018669128418,0.9113315343856812
YNL090W,YJR104C,0,-2.7683437,0.1006426066160202,0.999018669128418,0.9114317297935486
YOR360C,YEL002C,0,-2.7692146,0.10063266009092331,0.999018669128418,0.911531925201416
YIL020C,YDR247W,0,-2.7700517,0.10062271356582642,0.999018669128418,0.9116321206092834
YHR176W,YCR034W,0,-2.770728,0.10061276704072952,0.999018669128418,0.9117323160171509
YMR251W-A,YER111C,0,-2.7707489,0.10060282796621323,0.999018669128418,0.9118325114250183
YAL060W,YKR028W,0,-2.7710621,0.10059288889169693,0.999018669128418,0.911932647228241
YLR207W,YLL008W,0,-2.7734494,0.10058294981718063,0.999018669128418,0.9120328426361084
YGL249W,YLL039C,0,-2.7757158,0.10057301074266434,0.999018669128418,0.9121330380439758
YDR151C,YOR003W,0,-2.7783825,0.10056307166814804,0.999018669128418,0.9122332334518433
YLR429W,YKL222C,0,-2.7789478,0.10055314004421234,0.999018669128418,0.9123334288597107
YMR092C,YOR353C,0,-2.7810228,0.10054320842027664,0.999018669128418,0.9124336242675781
YML104C,YOR215C,0,-2.781443,0.10053328424692154,0.999018669128418,0.9125338196754456
YML064C,YCR020C,0,-2.783627,0.10052335262298584,0.999018669128418,0.912634015083313
YHR123W,YDL140C,0,-2.7849324,0.10051342844963074,0.999018669128418,0.9127342104911804
YNL001W,YMR291W,0,-2.7877018,0.10050350427627563,0.999018669128418,0.9128344058990479
YER144C,YLL023C,0,-2.7878132,0.10049358010292053,0.999018669128418,0.9129346013069153
YKR055W,YNL067W,0,-2.7878594,0.10048366338014603,0.999018669128418,0.9130347371101379
YCL014W,YJL066C,0,-2.788387,0.10047374665737152,0.999018669128418,0.9131349325180054
YMR193W,YBR097W,0,-2.7889447,0.10046382993459702,0.999018669128418,0.9132351279258728
YAL024C,YGR086C,0,-2.7891912,0.1004539206624031,0.999018669128418,0.9133353233337402
YMR250W,YLR142W,0,-2.7892492,0.1004440039396286,0.999018669128418,0.9134355187416077
YGR035C,YBL005W-A,0,-2.793674,0.10043409466743469,0.999018669128418,0.9135357141494751
YOR317W,YDL148C,0,-2.7936862,0.10042418539524078,0.999018669128418,0.9136359095573425
YJR125C,YGL120C,0,-2.7941144,0.10041428357362747,0.999018669128418,0.91373610496521
YLL029W,YDR085C,0,-2.7969713,0.10040438175201416,0.999018669128418,0.9138363003730774
YGR179C,YJL081C,0,-2.8045409,0.10039447993040085,0.999018669128418,0.9139364957809448
YER124C,YHR206W,0,-2.8050077,0.10038457810878754,0.999018669128418,0.9140366911888123
YKR036C,YNL015W,0,-2.8075302,0.10037467628717422,0.999018669128418,0.9141368865966797
YKL009W,YOL065C,0,-2.813047,0.10036478191614151,0.999018669128418,0.9142370223999023
YIL061C,YJR028W,0,-2.813367,0.1003548875451088,0.999018669128418,0.9143372178077698
YLR406C,YPL134C,0,-2.8160818,0.10034500062465668,0.999018669128418,0.9144374132156372
YLR350W,YKL174C,0,-2.8165421,0.10033510625362396,0.999018669128418,0.9145376086235046
YCR096C,YLR342W,0,-2.8181458,0.10032521933317184,0.999018669128418,0.9146378040313721
YMR114C,YOL030W,0,-2.819377,0.10031533241271973,0.999018669128418,0.9147379994392395
YBR167C,YKL100C,0,-2.820272,0.10030544549226761,0.999018669128418,0.9148381948471069
YDR151C,YMR163C,0,-2.8218608,0.10029556602239609,0.999018669128418,0.9149383902549744
YDR410C,YNL007C,0,-2.8228753,0.10028568655252457,0.999018669128418,0.9150385856628418
YMR022W,YOR233W,0,-2.8232694,0.10027580708265305,0.999018669128418,0.9151387810707092
YIL155C,YER112W,0,-2.8237588,0.10026592761278152,0.999018669128418,0.9152389764785767
YCR096C,YIL091C,0,-2.8245082,0.1002560555934906,0.999018669128418,0.9153391718864441
YJL111W,YCR034W,0,-2.824853,0.10024618357419968,0.999018669128418,0.9154393076896667
YJL178C,YHR101C,0,-2.8251593,0.10023631155490875,0.999018669128418,0.9155395030975342
YBL050W,YPL174C,0,-2.8266673,0.10022644698619843,0.999018669128418,0.9156396985054016
YGL222C,YJL191W,0,-2.8269997,0.1002165749669075,0.999018669128418,0.915739893913269
YMR165C,YBR187W,0,-2.83078,0.10020671039819717,0.999018669128418,0.9158400893211365
YEL047C,YIL112W,0,-2.833268,0.10019685328006744,0.999018669128418,0.9159402847290039
YDR270W,YDR262W,0,-2.8336859,0.10018698871135712,0.999018669128418,0.9160404801368713
YNL115C,YGR108W,0,-2.834572,0.10017713159322739,0.999018669128418,0.9161406755447388
YDR260C,YCL040W,0,-2.8367543,0.10016727447509766,0.999018669128418,0.9162408709526062
YAR027W,YOL094C,0,-2.8371944,0.10015741735696793,0.999018669128418,0.9163410663604736
YNL044W,YJR155W,0,-2.8380113,0.10014756768941879,0.999018669128418,0.9164412617683411
YBR031W,YBR283C,0,-2.8381367,0.10013771057128906,0.999018669128418,0.9165414571762085
YPL281C,YPR049C,0,-2.840455,0.10012786835432053,0.999018669128418,0.9166415929794312
YNL208W,YPL083C,0,-2.8447514,0.10011801868677139,0.999018669128418,0.9167417883872986
YPR122W,YIL132C,0,-2.8448339,0.10010816901922226,0.999018669128418,0.916841983795166
YDR403W,YLR401C,0,-2.8454003,0.10009832680225372,0.999018669128418,0.9169421792030334
YPR159W,YJR043C,0,-2.8460073,0.10008848458528519,0.999018669128418,0.9170423746109009
YNL016W,YKL100C,0,-2.849468,0.10007864981889725,0.999018669128418,0.9171425700187683
YOR151C,YOR187W,0,-2.855362,0.10006880760192871,0.999018669128418,0.9172427654266357
YBR265W,YKL067W,0,-2.858375,0.10005897283554077,0.999018669128418,0.9173429608345032
YLR270W,YKR104W,0,-2.8589063,0.10004913806915283,0.999018669128418,0.9174431562423706
YJL097W,YJL157C,0,-2.8605819,0.10003931075334549,0.999018669128418,0.917543351650238
YER133W,YNL125C,0,-2.8637252,0.10002947598695755,0.999018669128418,0.9176435470581055
YOR367W,YLR298C,0,-2.8642018,0.10001964867115021,0.999018669128418,0.9177437424659729
YBL075C,YPL172C,0,-2.8642423,0.10000982135534286,0.999018669128418,0.9178438782691956
YPL124W,YNL229C,0,-2.868904,0.10000000149011612,0.999018669128418,0.917944073677063
YDR383C,YDR291W,0,-2.8711004,0.09999017417430878,0.999018669128418,0.9180442690849304
YMR112C,YNR001C,0,-2.8726146,0.09998035430908203,0.999018669128418,0.9181444644927979
YDR001C,YPR184W,0,-2.875694,0.09997054189443588,0.999018669128418,0.9182446599006653
YHR104W,YOL049W,0,-2.8782039,0.09996072202920914,0.999018669128418,0.9183448553085327
YCL024W,YHR101C,0,-2.8795052,0.09995090961456299,0.999018669128418,0.9184450507164001
YMR297W,YPL096W,0,-2.8833475,0.09994109719991684,0.999018669128418,0.9185452461242676
YDL204W,YEL037C,0,-2.8874812,0.09993128478527069,0.999018669128418,0.918645441532135
YOR299W,YER175C,0,-2.8912137,0.09992147982120514,0.999018669128418,0.9187456369400024
YER029C,YGL229C,0,-2.8943539,0.09991166740655899,0.999018669128418,0.9188458323478699
YGR261C,YIR039C,0,-2.8957453,0.09990186244249344,0.999018669128418,0.9189459681510925
YDL085W,YGL031C,0,-2.9016297,0.09989206492900848,0.999018669128418,0.91904616355896
YEL017C-A,YNL223W,0,-2.9021785,0.09988225996494293,0.999018669128418,0.9191463589668274
YNR001C,YJR055W,0,-2.9055023,0.09987246245145798,0.999018669128418,0.9192465543746948
YGR056W,YPR149W,0,-2.9068928,0.09986266493797302,0.999018669128418,0.9193467497825623
YLR051C,YIL041W,0,-2.9075198,0.09985286742448807,0.999018669128418,0.9194469451904297
YPL032C,YML062C,0,-2.9075952,0.09984307736158371,0.999018669128418,0.9195471405982971
YML026C,YBR281C,0,-2.913512,0.09983328729867935,0.999018669128418,0.9196473360061646
YML054C,YLR425W,0,-2.9139366,0.099823497235775,0.999018669128418,0.919747531414032
YNL112W,YIL171W,0,-2.9172103,0.09981370717287064,0.999018669128418,0.9198477268218994
YGL181W,YLR343W,0,-2.9183831,0.09980392456054688,0.999018669128418,0.9199479222297668
YBL027W,YDR452W,0,-2.9190755,0.09979413449764252,0.999018669128418,0.9200481176376343
YOR173W,YDL005C,0,-2.9192853,0.09978435933589935,0.999018669128418,0.9201482534408569
YKR001C,YDR385W,0,-2.9229903,0.09977457672357559,0.999018669128418,0.9202484488487244
YPR005C,YER148W,0,-2.923152,0.09976480156183243,0.999018669128418,0.9203486442565918
YCR067C,YHR019C,0,-2.9242446,0.09975501894950867,0.999018669128418,0.9204488396644592
YBR055C,YKL007W,0,-2.9254606,0.0997452512383461,0.999018669128418,0.9205490350723267
YBR230C,YEL017C-A,0,-2.9262881,0.09973547607660294,0.999018669128418,0.9206492304801941
YJR044C,YBR155W,0,-2.9283648,0.09972570836544037,0.999018669128418,0.9207494258880615
YFL057C,YOL060C,0,-2.9291582,0.0997159332036972,0.999018669128418,0.920849621295929
YJL149W,YGR214W,0,-2.936973,0.09970617294311523,0.999018669128418,0.9209498167037964
YOR230W,YOR308C,0,-2.9394546,0.09969640523195267,0.999018669128418,0.9210500121116638
YAR008W,YPL119C,0,-2.9418614,0.0996866449713707,0.999018669128418,0.9211502075195312
YPL007C,YBR297W,0,-2.9474099,0.09967688471078873,0.999018669128418,0.9212504029273987
YCL040W,YDL028C,0,-2.9483752,0.09966712445020676,0.999018669128418,0.9213505387306213
YGR001C,YMR197C,0,-2.9504843,0.09965736418962479,0.999018669128418,0.9214507341384888
YMR190C,YJL114W,0,-2.9613862,0.09964761137962341,0.999018669128418,0.9215509295463562
YJR140C,YIR036C,0,-2.9632535,0.09963785856962204,0.999018669128418,0.9216511249542236
YPR137W,YGL062W,0,-2.963941,0.09962810575962067,0.999018669128418,0.9217513203620911
YJL153C,YDL192W,0,-2.9709177,0.09961836040019989,0.999018669128418,0.9218515157699585
YPL240C,YGL099W,0,-2.9737864,0.09960860759019852,0.999018669128418,0.9219517111778259
YOR118W,YPL059W,0,-2.9814644,0.09959886223077774,0.999018669128418,0.9220519065856934
YLR371W,YCR034W,0,-2.9818063,0.09958912432193756,0.999018669128418,0.9221521019935608
YML052W,YPL045W,0,-2.9829874,0.09957937896251678,0.999018669128418,0.9222522974014282
YCR057C,YPR185W,0,-2.9856496,0.0995696410536766,0.999018669128418,0.9223524928092957
YNR039C,YDL052C,0,-2.9867053,0.09955990314483643,0.999018669128418,0.9224526882171631
YDR228C,YLL039C,0,-2.9870334,0.09955016523599625,0.999018669128418,0.9225528240203857
YFR041C,YJR105W,0,-2.9903827,0.09954043477773666,0.999018669128418,0.9226530194282532
YMR046C,YDR142C,0,-2.991328,0.09953069686889648,0.999018669128418,0.9227532148361206
YDR411C,YBR170C,0,-2.994238,0.0995209664106369,0.999018669128418,0.922853410243988
YKL213C,YOL092W,0,-2.998218,0.09951124340295792,0.999018669128418,0.9229536056518555
YOR020C,YDR117C,0,-2.9997299,0.09950151294469833,0.999018669128418,0.9230538010597229
YDR518W,YOR162C,0,-3.0001965,0.09949178993701935,0.999018669128418,0.9231539964675903
YPL204W,YGR240C,0,-3.0003362,0.09948206692934036,0.999018669128418,0.9232541918754578
YDR097C,YJR066W,0,-3.002619,0.09947234392166138,0.999018669128418,0.9233543872833252
YNL146W,YBR110W,0,-3.0029922,0.09946262836456299,0.999018669128418,0.9234545826911926
YKL182W,YJR099W,0,-3.003157,0.0994529128074646,0.999018669128418,0.9235547780990601
YPL081W,YMR290C,0,-3.0062537,0.09944319725036621,0.999018669128418,0.9236549735069275
YBL040C,YDR137W,0,-3.0064569,0.09943348169326782,0.999018669128418,0.9237551093101501
YGR287C,YGL031C,0,-3.0084927,0.09942377358675003,0.999018669128418,0.9238553047180176
YMR116C,YIL168W,0,-3.0092244,0.09941406548023224,0.999018669128418,0.923955500125885
YGR285C,YLR452C,0,-3.0104907,0.09940435737371445,0.999018669128418,0.9240556955337524
YDL180W,YML121W,0,-3.0150177,0.09939464926719666,0.999018669128418,0.9241558909416199
YGL259W,YKL144C,0,-3.0211706,0.09938494861125946,0.999018669128418,0.9242560863494873
YDR090C,YBL100W-A,0,-3.0222924,0.09937524050474167,0.999018669128418,0.9243562817573547
YMR146C,YKL218C,0,-3.025292,0.09936554729938507,0.999018669128418,0.9244564771652222
YDR016C,YKL012W,0,-3.029499,0.09935584664344788,0.999018669128418,0.9245566725730896
YLR073C,YIL088C,0,-3.0306783,0.09934615343809128,0.999018669128418,0.924656867980957
YLR035C,YOL139C,0,-3.0312428,0.09933645278215408,0.999018669128418,0.9247570633888245
YDR153C,YPR028W,0,-3.032829,0.09932676702737808,0.999018669128418,0.9248571991920471
YIL082W-A,YFR015C,0,-3.033667,0.09931707382202148,0.999018669128418,0.9249573945999146
YPL079W,YBR205W,0,-3.035329,0.09930738806724548,0.999018669128418,0.925057590007782
YIR036C,YGL173C,0,-3.0364547,0.09929769486188889,0.999018669128418,0.9251577854156494
YML015C,YJL172W,0,-3.0398784,0.09928801655769348,0.999018669128418,0.9252579808235168
YOR206W,YNR006W,0,-3.0429595,0.09927833080291748,0.999018669128418,0.9253581762313843
YKL189W,YDR050C,0,-3.0478861,0.09926865249872208,0.999018669128418,0.9254583716392517
YER082C,YDR511W,0,-3.0503182,0.09925896674394608,0.999018669128418,0.9255585670471191
YOR239W,YDR479C,0,-3.0547476,0.09924929589033127,0.999018669128418,0.9256587624549866
YBL039C,YIL070C,0,-3.0561821,0.09923961758613586,0.999018669128418,0.925758957862854
YEL041W,YIR035C,0,-3.0634193,0.09922994673252106,0.999018669128418,0.9258591532707214
YCL057W,YAL063C,0,-3.0640411,0.09922027587890625,0.999018669128418,0.9259593486785889
YMR201C,YLL050C,0,-3.0671132,0.09921060502529144,0.999018669128418,0.9260594844818115
YOR307C,YOL031C,0,-3.0742362,0.09920093417167664,0.999018669128418,0.926159679889679
YDR077W,YFL053W,0,-3.0762262,0.09919127076864243,0.999018669128418,0.9262598752975464
YBR234C,YJL203W,0,-3.0799384,0.09918160736560822,0.999018669128418,0.9263600707054138
YPR016C,YDL185W,0,-3.0803094,0.099171943962574,0.999018669128418,0.9264602661132812
YDR484W,YJL143W,0,-3.0828028,0.0991622805595398,0.999018669128418,0.9265604615211487
YGR179C,YER111C,0,-3.0850334,0.09915262460708618,0.999018669128418,0.9266606569290161
YML052W,YJL111W,0,-3.0861166,0.09914296865463257,0.999018669128418,0.9267608523368835
YLR186W,YMR304W,0,-3.0862484,0.09913331270217896,0.999018669128418,0.926861047744751
YML071C,YIL124W,0,-3.0862803,0.09912366420030594,0.999018669128418,0.9269612431526184
YEL011W,YDR410C,0,-3.086804,0.09911400824785233,0.999018669128418,0.9270614385604858
YBL005W-A,YNL307C,0,-3.0871992,0.09910435974597931,0.999018669128418,0.9271616339683533
YGL210W,YDR423C,0,-3.0886147,0.09909471124410629,0.999018669128418,0.9272617697715759
YLR340W,YHR064C,0,-3.0892491,0.09908507019281387,0.999018669128418,0.9273619651794434
YOR122C,YHR065C,0,-3.0961757,0.09907542914152145,0.999018669128418,0.9274621605873108
YKR037C,YJL155C,0,-3.1028266,0.09906578063964844,0.999018669128418,0.9275623559951782
YDR373W,YNL257C,0,-3.111722,0.09905614703893661,0.999018669128418,0.9276625514030457
YDR339C,YDR388W,0,-3.1166081,0.0990465059876442,0.999018669128418,0.9277627468109131
YMR143W,YLR439W,0,-3.1166716,0.09903687238693237,0.999018669128418,0.9278629422187805
YLL055W,YMR142C,0,-3.117564,0.09902723878622055,0.999018669128418,0.927963137626648
YGR140W,YLR109W,0,-3.1188607,0.09901760518550873,0.999018669128418,0.9280633330345154
YPL106C,YPL122C,0,-3.1254873,0.0990079715847969,0.999018669128418,0.9281635284423828
YOR080W,YNL281W,0,-3.1268902,0.09899834543466568,0.999018669128418,0.9282637238502502
YLR224W,YOR347C,0,-3.1318493,0.09898871928453445,0.999018669128418,0.9283639192581177
YFL039C,YGL174W,0,-3.136283,0.09897909313440323,0.999018669128418,0.9284640550613403
YDL146W,YER184C,0,-3.1374948,0.0989694744348526,0.999018669128418,0.9285642504692078
YPL147W,YNL256W,0,-3.138222,0.09895985573530197,0.999018669128418,0.9286644458770752
YDR166C,YPR185W,0,-3.14159,0.09895022958517075,0.999018669128418,0.9287646412849426
YBR084C-A,YJL154C,0,-3.1486216,0.09894061833620071,0.999018669128418,0.9288648366928101
YLR396C,YPL152W,0,-3.1508064,0.09893099963665009,0.999018669128418,0.9289650321006775
YML128C,YEL053C,0,-3.1546073,0.09892138838768005,0.999018669128418,0.9290652275085449
YKL013C,YAL041W,0,-3.1555707,0.09891177713871002,0.999018669128418,0.9291654229164124
YNL115C,YJL124C,0,-3.1568623,0.09890216588973999,0.999018669128418,0.9292656183242798
YCR088W,YLR183C,0,-3.157124,0.09889256209135056,0.999018669128418,0.9293658137321472
YNR006W,YGL148W,0,-3.1640744,0.09888295084238052,0.999018669128418,0.9294660091400146
YPR075C,YLR003C,0,-3.1667175,0.09887334704399109,0.999018669128418,0.9295662045478821
YDL006W,YDR330W,0,-3.1675634,0.09886374324560165,0.999018669128418,0.9296663403511047
YPR029C,YCR043C,0,-3.1682963,0.09885414689779282,0.999018669128418,0.9297665357589722
YKL020C,YKR057W,0,-3.1683846,0.09884455054998398,0.999018669128418,0.9298667311668396
YGR194C,YGL174W,0,-3.1721096,0.09883495420217514,0.999018669128418,0.929966926574707
YBR265W,YKL124W,0,-3.1743279,0.0988253578543663,0.999018669128418,0.9300671219825745
YLR429W,YJL191W,0,-3.1752675,0.09881576150655746,0.999018669128418,0.9301673173904419
YGR092W,YEL016C,0,-3.176715,0.09880617260932922,0.999018669128418,0.9302675127983093
YNL085W,YFL062W,0,-3.1773539,0.09879658371210098,0.999018669128418,0.9303677082061768
YBR199W,YDR172W,0,-3.1780539,0.09878699481487274,0.999018669128418,0.9304679036140442
YBL101C,YER019C-A,0,-3.1800308,0.0987774133682251,0.999018669128418,0.9305680990219116
YDR195W,YBR241C,0,-3.1848614,0.09876782447099686,0.999018669128418,0.930668294429779
YMR123W,YOR022C,0,-3.1857657,0.09875824302434921,0.999018669128418,0.9307684898376465
YDR166C,YNL159C,0,-3.187356,0.09874866902828217,0.999018669128418,0.9308686256408691
YIL124W,YGL185C,0,-3.1902373,0.09873908758163452,0.999018669128418,0.9309688210487366
YGL156W,YOR149C,0,-3.1910915,0.09872951358556747,0.999018669128418,0.931069016456604
YBR231C,YLR178C,0,-3.1939335,0.09871993958950043,0.999018669128418,0.9311692118644714
YJR092W,YDR388W,0,-3.2106853,0.09871036559343338,0.999018669128418,0.9312694072723389
YPL196W,YLR214W,0,-3.2167053,0.09870079159736633,0.999018669128418,0.9313696026802063
YPL003W,YOR304C-A,0,-3.2205377,0.09869122505187988,0.999018669128418,0.9314697980880737
YKR094C,YGR285C,0,-3.2224672,0.09868165850639343,0.999018669128418,0.9315699934959412
YBR058C,YMR197C,0,-3.2260613,0.09867209196090698,0.999018669128418,0.9316701889038086
YGL222C,YMR049C,0,-3.2277646,0.09866253286600113,0.999018669128418,0.931770384311676
YML115C,YOR228C,0,-3.2285693,0.09865297377109528,0.999018669128418,0.9318705797195435
YBR002C,YAL061W,0,-3.2289166,0.09864340722560883,0.999018669128418,0.9319707155227661
YNL305C,YMR016C,0,-3.2369633,0.09863385558128357,0.999018669128418,0.9320709109306335
YER151C,YML132W,0,-3.241273,0.09862429648637772,0.999018669128418,0.932171106338501
YJL002C,YGL060W,0,-3.2433853,0.09861474484205246,0.999018669128418,0.9322713017463684
YOR374W,YOL158C,0,-3.243947,0.0986051931977272,0.999018669128418,0.9323714971542358
YJL130C,YMR098C,0,-3.2486372,0.09859564155340195,0.999018669128418,0.9324716925621033
YIL105C,YEL004W,0,-3.2584128,0.09858608990907669,0.999018669128418,0.9325718879699707
YBL052C,YBL050W,0,-3.2586074,0.09857654571533203,0.999018669128418,0.9326720833778381
YML015C,YIR039C,0,-3.2596416,0.09856700152158737,0.999018669128418,0.9327722787857056
YNL232W,YKR067W,0,-3.2615888,0.09855745732784271,0.999018669128418,0.932872474193573
YDR172W,YBR299W,0,-3.2647016,0.09854792058467865,0.999018669128418,0.9329726696014404
YNL126W,YDR210W,0,-3.266952,0.09853837639093399,0.999018669128418,0.9330728650093079
YOL080C,YMR135C,0,-3.2704778,0.09852883964776993,0.999018669128418,0.9331730008125305
YLR045C,YKL198C,0,-3.2799468,0.09851931035518646,0.999018669128418,0.933273196220398
YGL213C,YHR112C,0,-3.2876415,0.0985097736120224,0.999018669128418,0.9333733916282654
YOL086C,YNL189W,0,-3.28974,0.09850024431943893,0.999018669128418,0.9334735870361328
YLR406C,YMR315W,0,-3.2937684,0.09849071502685547,0.999018669128418,0.9335737824440002
YGL062W,YJR002W,0,-3.296503,0.098481185734272,0.999018669128418,0.9336739778518677
YDL226C,YMR008C,0,-3.297309,0.09847165644168854,0.999018669128418,0.9337741732597351
YGL077C,YGR238C,0,-3.2993274,0.09846213459968567,0.999018669128418,0.9338743686676025
YBR287W,YOR204W,0,-3.3013012,0.0984526127576828,0.999018669128418,0.93397456407547
YLR045C,YCR011C,0,-3.305166,0.09844309091567993,0.999018669128418,0.9340747594833374
YPL164C,YJL033W,0,-3.3058305,0.09843356907367706,0.999018669128418,0.9341749548912048
YJR110W,YMR029C,0,-3.30632,0.09842405468225479,0.999018669128418,0.9342751502990723
YMR135C,YIL158W,0,-3.3092017,0.09841454029083252,0.999018669128418,0.9343752861022949
YOR317W,YJR094W-A,0,-3.310131,0.09840502589941025,0.999018669128418,0.9344754815101624
YJL171C,YGR085C,0,-3.3191118,0.09839551150798798,0.999018669128418,0.9345756769180298
YLR251W,YDL042C,0,-3.3203785,0.0983860045671463,0.999018669128418,0.9346758723258972
YAR008W,YPL181W,0,-3.324527,0.09837649762630463,0.999018669128418,0.9347760677337646
YNL090W,YMR170C,0,-3.3261492,0.09836699068546295,0.999018669128418,0.9348762631416321
YER087W,YLR174W,0,-3.3290691,0.09835749119520187,0.999018669128418,0.9349764585494995
YPL123C,YGL122C,0,-3.3295488,0.0983479842543602,0.999018669128418,0.9350766539573669
YGL181W,YBL106C,0,-3.3365607,0.09833848476409912,0.999018669128418,0.9351768493652344
YGR200C,YOR162C,0,-3.3370192,0.09832898527383804,0.999018669128418,0.9352770447731018
YNL084C,YNL064C,0,-3.3403563,0.09831949323415756,0.999018669128418,0.9353772401809692
YGR216C,YPR075C,0,-3.3404248,0.09830999374389648,0.999018669128418,0.9354774355888367
YMR142C,YGR220C,0,-3.3406029,0.098300501704216,0.999018669128418,0.9355775713920593
YNL305C,YDL213C,0,-3.342267,0.09829100966453552,0.999018669128418,0.9356777667999268
YIL047C,YDL004W,0,-3.34405,0.09828152507543564,0.999018669128418,0.9357779622077942
YNL084C,YLR362W,0,-3.3456624,0.09827203303575516,0.999018669128418,0.9358781576156616
YOL120C,YBR286W,0,-3.3496575,0.09826254844665527,0.999018669128418,0.935978353023529
YPR004C,YGR027C,0,-3.3500662,0.09825306385755539,0.999018669128418,0.9360785484313965
YLL003W,YGR070W,0,-3.3533938,0.0982435792684555,0.999018669128418,0.9361787438392639
YGR295C,YHR081W,0,-3.356546,0.09823410212993622,0.999018669128418,0.9362789392471313
YPR122W,YNR001C,0,-3.3590035,0.09822462499141693,0.999018669128418,0.9363791346549988
YNL335W,YLR048W,0,-3.3666687,0.09821514785289764,0.999018669128418,0.9364793300628662
YLR319C,YFR052W,0,-3.370459,0.09820567071437836,0.999018669128418,0.9365795254707336
YNL084C,YOR116C,0,-3.3713493,0.09819620102643967,0.999018669128418,0.9366797208786011
YJL144W,YOR321W,0,-3.3727255,0.09818673133850098,0.999018669128418,0.9367798566818237
YNL248C,YIL108W,0,-3.376761,0.09817726165056229,0.999018669128418,0.9368800520896912
YPL101W,YJL005W,0,-3.3770614,0.0981677919626236,0.999018669128418,0.9369802474975586
YPL202C,YIR022W,0,-3.378457,0.0981583297252655,0.999018669128418,0.937080442905426
YKL161C,YMR311C,0,-3.3818355,0.09814886003732681,0.999018669128418,0.9371806383132935
YOR122C,YML006C,0,-3.3827262,0.09813939779996872,0.999018669128418,0.9372808337211609
YGL185C,YLR178C,0,-3.3828516,0.09812994301319122,0.999018669128418,0.9373810291290283
YPL106C,YDR486C,0,-3.3832464,0.09812048077583313,0.999018669128418,0.9374812245368958
YKL094W,YPL032C,0,-3.3846714,0.09811102598905563,0.999018669128418,0.9375814199447632
YJL033W,YDR214W,0,-3.3865528,0.09810157120227814,0.999018669128418,0.9376816153526306
YGL225W,YFL052W,0,-3.387435,0.09809211641550064,0.999018669128418,0.937781810760498
YNL032W,YOR008C,0,-3.3905923,0.09808266907930374,0.999018669128418,0.9378819465637207
YDR341C,YLR133W,0,-3.3951275,0.09807321429252625,0.999018669128418,0.9379821419715881
YBR037C,YDR418W,0,-3.3953753,0.09806376695632935,0.999018669128418,0.9380823373794556
YDR184C,YPR185W,0,-3.3964012,0.09805432707071304,0.999018669128418,0.938182532787323
YJL130C,YOR285W,0,-3.3980513,0.09804487973451614,0.999018669128418,0.9382827281951904
YOR239W,YDR018C,0,-3.3986757,0.09803543984889984,0.999018669128418,0.9383829236030579
YOR036W,YEL064C,0,-3.3996809,0.09802599996328354,0.999018669128418,0.9384831190109253
YOL039W,YJL145W,0,-3.4055195,0.09801656007766724,0.999018669128418,0.9385833144187927
YNL101W,YPL015C,0,-3.4122887,0.09800712764263153,0.999018669128418,0.9386835098266602
YGL181W,YML006C,0,-3.4142556,0.09799768775701523,0.999018669128418,0.9387837052345276
YIL155C,YLL034C,0,-3.4159336,0.09798825532197952,0.999018669128418,0.938883900642395
YML131W,YNL126W,0,-3.4169214,0.09797882288694382,0.999018669128418,0.9389840960502625
YPL259C,YOR369C,0,-3.4173837,0.09796939790248871,0.999018669128418,0.9390842318534851
YLR032W,YNL134C,0,-3.417449,0.0979599729180336,0.999018669128418,0.9391844272613525
YDR373W,YPR020W,0,-3.4213247,0.0979505404829979,0.999018669128418,0.93928462266922
YER103W,YHR132C,0,-3.4218533,0.09794112294912338,0.999018669128418,0.9393848180770874
YOR064C,YOR120W,0,-3.4218884,0.09793169796466827,0.999018669128418,0.9394850134849548
YJR149W,YOL139C,0,-3.4241338,0.09792228043079376,0.999018669128418,0.9395852088928223
YJL087C,YDL174C,0,-3.4303389,0.09791286289691925,0.999018669128418,0.9396854043006897
YOR047C,YFL014W,0,-3.4314904,0.09790344536304474,0.999018669128418,0.9397855997085571
YOR270C,YIL168W,0,-3.4330986,0.09789402782917023,0.999018669128418,0.9398857951164246
YOL086C,YML039W,0,-3.4355578,0.09788461774587631,0.999018669128418,0.939985990524292
YDR267C,YNL134C,0,-3.4382758,0.0978752076625824,0.999018669128418,0.9400861859321594
YOR338W,YDR196C,0,-3.438497,0.09786579757928848,0.999018669128418,0.9401863813400269
YFL014W,YKL067W,0,-3.4387932,0.09785638749599457,0.999018669128418,0.9402865171432495
YLR045C,YLR286C,0,-3.4405785,0.09784698486328125,0.999018669128418,0.9403867125511169
YJL103C,YEL034W,0,-3.441577,0.09783757477998734,0.999018669128418,0.9404869079589844
YBR031W,YDR242W,0,-3.4417427,0.09782817959785461,0.999018669128418,0.9405871033668518
YJR009C,YBR207W,0,-3.4451442,0.0978187769651413,0.999018669128418,0.9406872987747192
YOR061W,YMR268C,1,-3.450374,0.09790545701980591,1.0,0.9406872987747192
YBR115C,YDR099W,0,-3.4505277,0.09789605438709259,1.0,0.9407874941825867
YHR011W,YER172C,0,-3.4522555,0.09788664430379868,1.0,0.9408876895904541
YLR264W,YJR161C,0,-3.4553027,0.09787724167108536,1.0,0.9409878849983215
YBR084C-A,YDR254W,0,-3.4555187,0.09786784648895264,1.0,0.941088080406189
YLR327C,YDR507C,0,-3.456451,0.09785844385623932,1.0,0.9411882758140564
YER103W,YIR034C,0,-3.4598851,0.0978490486741066,1.0,0.9412884712219238
YFR042W,YER006W,0,-3.4603038,0.09783965349197388,1.0,0.9413886666297913
YER103W,YJR147W,0,-3.4627767,0.09783025830984116,1.0,0.9414888024330139
YOR206W,YNR032W,0,-3.46297,0.09782087057828903,1.0,0.9415889978408813
YNL006W,YBR141C,0,-3.4712362,0.09781148284673691,1.0,0.9416891932487488
YML056C,YKL208W,0,-3.473494,0.09780209511518478,1.0,0.9417893886566162
YLR353W,YMR161W,0,-3.48368,0.09779270738363266,1.0,0.9418895840644836
YKL172W,YHL019C,0,-3.499408,0.09778331965208054,1.0,0.9419897794723511
YMR160W,YKR013W,0,-3.5027976,0.09777393937110901,1.0,0.9420899748802185
YMR197C,YPL122C,0,-3.5029845,0.09776455909013748,1.0,0.9421901702880859
YMR250W,YKL049C,0,-3.50537,0.09775517880916595,1.0,0.9422903656959534
YBR302C,YIR010W,0,-3.5057101,0.09774580597877502,1.0,0.9423905611038208
YNL302C,YMR052W,0,-3.5156167,0.0977364256978035,1.0,0.9424907565116882
YKL189W,YPL160W,0,-3.5222375,0.09772705286741257,1.0,0.9425909519195557
YER056C-A,YDR242W,0,-3.5258956,0.09771768003702164,1.0,0.9426910877227783
YJR094W-A,YCL038C,0,-3.5384126,0.0977083146572113,1.0,0.9427912831306458
YOL021C,YLR097C,0,-3.5386238,0.09769894182682037,1.0,0.9428914785385132
YER118C,YOL155C,0,-3.539675,0.09768957644701004,1.0,0.9429916739463806
YHL036W,YNL082W,0,-3.5547652,0.09768021106719971,1.0,0.943091869354248
YIL105C,YHR081W,0,-3.555007,0.09767085313796997,1.0,0.9431920647621155
YBR261C,YGR008C,0,-3.558199,0.09766148775815964,1.0,0.9432922601699829
YDR022C,YGR247W,0,-3.5617905,0.0976521298289299,1.0,0.9433924555778503
YLR221C,YJL166W,0,-3.56263,0.09764277189970016,1.0,0.9434926509857178
YER008C,YLR283W,0,-3.5660415,0.09763342142105103,1.0,0.9435928463935852
YLR430W,YDR003W,0,-3.5694165,0.09762406349182129,1.0,0.9436930418014526
YGR255C,YPR198W,0,-3.5710208,0.09761471301317215,1.0,0.9437931776046753
YLR371W,YLR433C,0,-3.5817716,0.09760536253452301,1.0,0.9438933730125427
YJL111W,YGR209C,0,-3.582272,0.09759601205587387,1.0,0.9439935684204102
YLR370C,YBR036C,0,-3.5860808,0.09758666902780533,1.0,0.9440937638282776
YGL200C,YGL237C,0,-3.5889363,0.09757732599973679,1.0,0.944193959236145
YCL031C,YDL024C,0,-3.5918355,0.09756798297166824,1.0,0.9442941546440125
YLR174W,YOR061W,0,-3.5955381,0.0975586399435997,1.0,0.9443943500518799
YJR138W,YPR107C,0,-3.6032524,0.09754930436611176,1.0,0.9444945454597473
YLR100W,YOL016C,0,-3.6046548,0.09753996133804321,1.0,0.9445947408676147
YGL124C,YCR034W,0,-3.6049004,0.09753062576055527,1.0,0.9446949362754822
YLR310C,YDL097C,0,-3.6050458,0.09752129018306732,1.0,0.9447951316833496
YGR001C,YNL239W,0,-3.6051676,0.09751196205615997,1.0,0.944895327091217
YLR297W,YBR155W,0,-3.606653,0.09750263392925262,1.0,0.9449954628944397
YGL180W,YJR044C,0,-3.6098568,0.09749330580234528,1.0,0.9450956583023071
YLR310C,YGR012W,0,-3.6143413,0.09748397767543793,1.0,0.9451958537101746
YNL238W,YOR020C,0,-3.6224566,0.09747464954853058,1.0,0.945296049118042
YER008C,YKL222C,0,-3.6259208,0.09746532887220383,1.0,0.9453962445259094
YGR026W,YGR157W,0,-3.634284,0.09745600819587708,1.0,0.9454964399337769
YDL232W,YNR001C,0,-3.6542726,0.09744668751955032,1.0,0.9455966353416443
YHR052W,YDR107C,0,-3.654522,0.09743736684322357,1.0,0.9456968307495117
YOR066W,YGL037C,0,-3.6566424,0.09742805361747742,1.0,0.9457970261573792
YGR234W,YJR155W,0,-3.6571023,0.09741874039173126,1.0,0.9458972215652466
YKL152C,YCL008C,0,-3.6634212,0.09740942716598511,1.0,0.945997416973114
YOR167C,YGR281W,0,-3.6648874,0.09740011394023895,1.0,0.9460976123809814
YHR136C,YBR044C,0,-3.668218,0.0973908081650734,1.0,0.9461977481842041
YLL052C,YDR380W,0,-3.6686745,0.09738149493932724,1.0,0.9462979435920715
YGL234W,YKR066C,0,-3.681623,0.09737219661474228,1.0,0.946398138999939
YJL136C,YNL192W,0,-3.6828945,0.09736289083957672,1.0,0.9464983344078064
YER087C-A,YLR295C,0,-3.685677,0.09735358506441116,1.0,0.9465985298156738
YPR156C,YGL094C,0,-3.6861517,0.0973442867398262,1.0,0.9466987252235413
YJL136C,YPR001W,0,-3.6867023,0.09733498841524124,1.0,0.9467989206314087
YIR039C,YNL219C,0,-3.6873407,0.09732569009065628,1.0,0.9468991160392761
YDR022C,YKL125W,0,-3.690895,0.09731639921665192,1.0,0.9469993114471436
YDR016C,YEL020C,0,-3.6949515,0.09730710834264755,1.0,0.947099506855011
YOR096W,YPL164C,0,-3.696209,0.09729781001806259,1.0,0.9471997022628784
YER035W,YJL011C,0,-3.7027063,0.09728852659463882,1.0,0.9472998976707458
YMR161W,YKL189W,0,-3.7056947,0.09727923572063446,1.0,0.9474000334739685
YIL170W,YIL133C,0,-3.712173,0.0972699522972107,1.0,0.9475002288818359
YDR304C,YHR060W,0,-3.72273,0.09726066887378693,1.0,0.9476004242897034
YBR216C,YPL079W,0,-3.7231627,0.09725138545036316,1.0,0.9477006196975708
YER165W,YDR196C,0,-3.7279825,0.09724210202693939,1.0,0.9478008151054382
YLR440C,YCR020C,0,-3.7291806,0.09723282605409622,1.0,0.9479010105133057
YJL113W,YIL134W,0,-3.7294288,0.09722355008125305,1.0,0.9480012059211731
YLR371W,YDR450W,0,-3.7321787,0.09721427410840988,1.0,0.9481014013290405
YKL021C,YDR380W,0,-3.7329564,0.09720499813556671,1.0,0.948201596736908
YFL018C,YNL302C,0,-3.733563,0.09719572961330414,1.0,0.9483017921447754
YCR002C,YMR054W,0,-3.7356145,0.09718645364046097,1.0,0.9484019875526428
YKR042W,YDL052C,0,-3.7431753,0.0971771851181984,1.0,0.9485021829605103
YOR245C,YIL079C,0,-3.7604928,0.09716792404651642,1.0,0.9486023187637329
YNL115C,YBR055C,0,-3.7636485,0.09715865552425385,1.0,0.9487025141716003
YNL268W,YPR029C,0,-3.766415,0.09714939445257187,1.0,0.9488027095794678
YPL159C,YNL273W,0,-3.7672315,0.09714013338088989,1.0,0.9489029049873352
YDR016C,YIL040W,0,-3.7768018,0.09713087230920792,1.0,0.9490031003952026
YJL091C,YFL044C,0,-3.7789264,0.09712161868810654,1.0,0.9491032958030701
YML131W,YGL232W,0,-3.7810884,0.09711235761642456,1.0,0.9492034912109375
YPL196W,YHR143W,0,-3.7877793,0.09710310399532318,1.0,0.9493036866188049
YCR009C,YJR105W,0,-3.789027,0.0970938578248024,1.0,0.9494038820266724
YJL085W,YDR462W,0,-3.7988758,0.09708460420370102,1.0,0.9495040774345398
YJL148W,YOR150W,0,-3.7989633,0.09707535803318024,1.0,0.9496042728424072
YBR289W,YNL096C,0,-3.8032675,0.09706610441207886,1.0,0.9497044086456299
YDR358W,YDL150W,0,-3.8273232,0.09705686569213867,1.0,0.9498046040534973
YKL103C,YFR036W,0,-3.8305254,0.09704761952161789,1.0,0.9499047994613647
YOL129W,YCL019W,0,-3.8310883,0.0970383808016777,1.0,0.9500049948692322
YOL141W,YMR170C,0,-3.833203,0.09702913463115692,1.0,0.9501051902770996
YOR293W,YNL005C,0,-3.834466,0.09701989591121674,1.0,0.950205385684967
YGL135W,YDR293C,0,-3.8384855,0.09701066464185715,1.0,0.9503055810928345
YLR285W,YDL019C,0,-3.8393612,0.09700142592191696,1.0,0.9504057765007019
YDR198C,YIR039C,0,-3.8403249,0.09699219465255737,1.0,0.9505059719085693
YDR324C,YPL270W,0,-3.8436322,0.09698296338319778,1.0,0.9506061673164368
YNL283C,YLR064W,0,-3.8446398,0.0969737321138382,1.0,0.9507063627243042
YBR200W,YFR019W,0,-3.851476,0.0969645082950592,1.0,0.9508065581321716
YLR319C,YHR112C,0,-3.8515217,0.09695527702569962,1.0,0.9509066939353943
YAL055W,YDR184C,0,-3.8633738,0.09694605320692062,1.0,0.9510068893432617
YNR035C,YNL302C,0,-3.870819,0.09693683683872223,1.0,0.9511070847511292
YER055C,YMR159C,0,-3.871951,0.09692761301994324,1.0,0.9512072801589966
YKL009W,YGR067C,0,-3.8760118,0.09691839665174484,1.0,0.951307475566864
YNL293W,YMR239C,0,-3.8775382,0.09690918028354645,1.0,0.9514076709747314
YDR074W,YKL018W,0,-3.8792129,0.09689996391534805,1.0,0.9515078663825989
YPR029C,YNL015W,0,-3.879427,0.09689074754714966,1.0,0.9516080617904663
YPL090C,YNL335W,0,-3.8831708,0.09688153862953186,1.0,0.9517082571983337
YCR030C,YDL097C,0,-3.8859499,0.09687232971191406,1.0,0.9518084526062012
YJR145C,YDR194C,0,-3.8879027,0.09686312079429626,1.0,0.9519086480140686
YDR131C,YOL117W,0,-3.895056,0.09685391187667847,1.0,0.952008843421936
YLL001W,YDL051W,0,-3.9204354,0.09684470295906067,1.0,0.9521089792251587
YER025W,YNL202W,0,-3.9294057,0.09683550149202347,1.0,0.9522091746330261
YDL161W,YOR362C,0,-3.9306884,0.09682630002498627,1.0,0.9523093700408936
YLR350W,YAR018C,0,-3.9353518,0.09681709855794907,1.0,0.952409565448761
YKR008W,YNL007C,0,-3.936667,0.09680790454149246,1.0,0.9525097608566284
YKL096W-A,YOR329C,0,-3.939365,0.09679871052503586,1.0,0.9526099562644958
YDL056W,YBR052C,0,-3.945023,0.09678951650857925,1.0,0.9527101516723633
YBL034C,YHR016C,0,-3.9500556,0.09678032249212265,1.0,0.9528103470802307
YGL100W,YML131W,0,-3.9519172,0.09677112847566605,1.0,0.9529105424880981
YER021W,YML028W,0,-3.9551759,0.09676194190979004,1.0,0.9530107378959656
YHR153C,YBR199W,0,-3.9575944,0.09675275534391403,1.0,0.953110933303833
YER087C-A,YMR231W,0,-3.9699793,0.09674356877803802,1.0,0.9532111287117004
YOL013C,YBR031W,0,-3.9721541,0.09673438221216202,1.0,0.9533112645149231
YPR029C,YJL116C,0,-3.974657,0.09672520309686661,1.0,0.9534114599227905
YFL041W,YHR105W,0,-3.986875,0.0967160239815712,1.0,0.953511655330658
YKR003W,YOR310C,0,-3.9928212,0.09670684486627579,1.0,0.9536118507385254
YOR285W,YEL022W,0,-3.9950175,0.09669766575098038,1.0,0.9537120461463928
YCR004C,YKL027W,0,-4.0113683,0.09668849408626556,1.0,0.9538122415542603
YDR251W,YCR002C,0,-4.022385,0.09667931497097015,1.0,0.9539124369621277
YDR453C,YAR010C,0,-4.023939,0.09667014330625534,1.0,0.9540126323699951
YJR007W,YGR037C,0,-4.0250106,0.09666097164154053,1.0,0.9541128277778625
YAL017W,YKR038C,0,-4.0254693,0.09665180742740631,1.0,0.95421302318573
YFR015C,YKL166C,0,-4.028401,0.0966426432132721,1.0,0.9543132185935974
YLR314C,YHR010W,0,-4.031176,0.09663347899913788,1.0,0.9544134140014648
YLR034C,YOR182C,0,-4.0323205,0.09662431478500366,1.0,0.9545135498046875
YOL058W,YGL125W,0,-4.0339603,0.09661515057086945,1.0,0.9546137452125549
YER118C,YNR010W,0,-4.034715,0.09660599380731583,1.0,0.9547139406204224
YGR256W,YJL145W,0,-4.036998,0.09659683704376221,1.0,0.9548141360282898
YMR304W,YPL101W,0,-4.0397325,0.09658768028020859,1.0,0.9549143314361572
YMR169C,YDR195W,0,-4.040133,0.09657852351665497,1.0,0.9550145268440247
YKR020W,YHR084W,0,-4.043221,0.09656937420368195,1.0,0.9551147222518921
YNL006W,YGR163W,0,-4.0438895,0.09656021744012833,1.0,0.9552149176597595
YJL097W,YDR003W,0,-4.0499835,0.0965510681271553,1.0,0.955315113067627
YDR166C,YDR358W,0,-4.056779,0.09654192626476288,1.0,0.9554153084754944
YEL026W,YGR284C,0,-4.059212,0.09653277695178986,1.0,0.9555155038833618
YPR005C,YOR151C,0,-4.060885,0.09652363508939743,1.0,0.9556156992912292
YOL062C,YOR061W,0,-4.0743675,0.096514493227005,1.0,0.9557158350944519
YER118C,YER106W,0,-4.0804386,0.09650535136461258,1.0,0.9558160305023193
YLR051C,YAR031W,0,-4.089067,0.09649620950222015,1.0,0.9559162259101868
YML014W,YGR052W,0,-4.0899568,0.09648707509040833,1.0,0.9560164213180542
YGL050W,YEL011W,0,-4.0927196,0.0964779406785965,1.0,0.9561166167259216
YKL035W,YEL037C,0,-4.0948415,0.09646880626678467,1.0,0.9562168121337891
YBR199W,YGR159C,0,-4.099975,0.09645967185497284,1.0,0.9563170075416565
YMR271C,YER138C,0,-4.1164556,0.09645054489374161,1.0,0.9564172029495239
YNL188W,YPR061C,0,-4.1266522,0.09644141793251038,1.0,0.9565173983573914
YDR119W,YKL013C,0,-4.1273746,0.09643229097127914,1.0,0.9566175937652588
YMR311C,YMR229C,0,-4.1309056,0.09642316401004791,1.0,0.9567177891731262
YDL036C,YGR086C,0,-4.132961,0.09641404449939728,1.0,0.9568179249763489
YDL074C,YJL114W,0,-4.1403246,0.09640491753816605,1.0,0.9569181203842163
YFL022C,YNR002C,0,-4.141636,0.09639579802751541,1.0,0.9570183157920837
YJL219W,YHR089C,0,-4.1463857,0.09638667851686478,1.0,0.9571185111999512
YDL095W,YNL016W,0,-4.147074,0.09637756645679474,1.0,0.9572187066078186
YDR231C,YPR132W,0,-4.1553617,0.0963684543967247,1.0,0.957318902015686
YOL057W,YMR090W,0,-4.15895,0.09635933488607407,1.0,0.9574190974235535
YHR001W,YJL189W,0,-4.160832,0.09635023027658463,1.0,0.9575192928314209
YJR058C,YGR198W,0,-4.1682734,0.09634111821651459,1.0,0.9576194882392883
YBR177C,YDR447C,0,-4.178635,0.09633200615644455,1.0,0.9577196836471558
YNL030W,YJL114W,0,-4.1900005,0.09632290154695511,1.0,0.9578198790550232
YDL192W,YJR021C,0,-4.190883,0.09631379693746567,1.0,0.9579200744628906
YKR026C,YOL013C,0,-4.1917944,0.09630469977855682,1.0,0.9580202102661133
YLR120C,YIR010W,0,-4.1966615,0.09629559516906738,1.0,0.9581204056739807
YJR149W,YKR094C,0,-4.203089,0.09628649801015854,1.0,0.9582206010818481
YCR077C,YMR052W,0,-4.2110133,0.0962774008512497,1.0,0.9583207964897156
YHR008C,YNR054C,0,-4.217727,0.09626830369234085,1.0,0.958420991897583
YPR122W,YGR026W,0,-4.218699,0.0962592139840126,1.0,0.9585211873054504
YOR070C,YPR166C,0,-4.2310967,0.09625011682510376,1.0,0.9586213827133179
YLR388W,YBL024W,0,-4.238788,0.09624102711677551,1.0,0.9587215781211853
YOR347C,YOR355W,0,-4.241551,0.09623193740844727,1.0,0.9588217735290527
YIL094C,YDL222C,0,-4.2439423,0.09622285515069962,1.0,0.9589219689369202
YNL299W,YGL038C,0,-4.251744,0.09621376544237137,1.0,0.9590221643447876
YGL250W,YMR277W,0,-4.254992,0.09620468318462372,1.0,0.959122359752655
YKR037C,YPR091C,0,-4.2558074,0.09619560092687607,1.0,0.9592224955558777
YBR096W,YJR127C,0,-4.263475,0.09618651866912842,1.0,0.9593226909637451
YCR002C,YLR214W,0,-4.2648478,0.09617744386196136,1.0,0.9594228863716125
YPL160W,YLR157C,0,-4.2736945,0.09616836905479431,1.0,0.95952308177948
YLR186W,YDR388W,0,-4.279657,0.09615928679704666,1.0,0.9596232771873474
YLR151C,YGR145W,0,-4.2811494,0.0961502194404602,1.0,0.9597234725952148
YKR003W,YOR204W,0,-4.29379,0.09614114463329315,1.0,0.9598236680030823
YDR297W,YNL223W,0,-4.3040595,0.0961320772767067,1.0,0.9599238634109497
YFL004W,YKL013C,0,-4.307037,0.09612300992012024,1.0,0.9600240588188171
YJL130C,YKL013C,0,-4.307244,0.09611394256353378,1.0,0.9601242542266846
YJL177W,YNL230C,0,-4.310889,0.09610487520694733,1.0,0.960224449634552
YNL312W,YOR030W,0,-4.316604,0.09609581530094147,1.0,0.9603246450424194
YAL063C,YGR070W,0,-4.324573,0.09608674794435501,1.0,0.9604247808456421
YPL155C,YGR231C,0,-4.3249593,0.09607769548892975,1.0,0.9605249762535095
YNL312W,YBR001C,0,-4.3292656,0.09606863558292389,1.0,0.960625171661377
YLR430W,YLR151C,0,-4.3313437,0.09605957567691803,1.0,0.9607253670692444
YKL172W,YPR149W,0,-4.3367157,0.09605052322149277,1.0,0.9608255624771118
YBR275C,YPR026W,0,-4.3391566,0.0960414707660675,1.0,0.9609257578849792
YDR388W,YKL055C,0,-4.3455324,0.09603241831064224,1.0,0.9610259532928467
YMR160W,YOL040C,0,-4.3522925,0.09602337330579758,1.0,0.9611261487007141
YIL039W,YPL276W,0,-4.3547764,0.09601432085037231,1.0,0.9612263441085815
YPR132W,YKL007W,0,-4.35517,0.09600527584552765,1.0,0.961326539516449
YIL017C,YPR018W,0,-4.358185,0.09599623084068298,1.0,0.9614267349243164
YDR339C,YJL053W,0,-4.359305,0.09598718583583832,1.0,0.9615269303321838
YOR133W,YLR408C,0,-4.3661914,0.09597814828157425,1.0,0.9616270661354065
YDR131C,YDL075W,0,-4.3677945,0.09596911072731018,1.0,0.9617272615432739
YMR146C,YPR081C,0,-4.3845706,0.09596007317304611,1.0,0.9618274569511414
YJL050W,YFR052W,0,-4.3908644,0.09595103561878204,1.0,0.9619276523590088
YNL241C,YGL255W,0,-4.3952346,0.09594199806451797,1.0,0.9620278477668762
YGL156W,YGL173C,0,-4.397448,0.0959329679608345,1.0,0.9621280431747437
YBR006W,YML010W,0,-4.398177,0.09592393785715103,1.0,0.9622282385826111
YGL156W,YML131W,0,-4.401168,0.09591490775346756,1.0,0.9623284339904785
YMR250W,YBR261C,0,-4.4107633,0.09590588510036469,1.0,0.962428629398346
YOR144C,YOL016C,0,-4.4108176,0.09589685499668121,1.0,0.9625288248062134
YOR043W,YPL152W,0,-4.4117427,0.09588783234357834,1.0,0.9626290202140808
YDR354W,YOL151W,0,-4.415991,0.09587880969047546,1.0,0.9627291560173035
YCR012W,YNL096C,0,-4.416987,0.09586978703737259,1.0,0.9628293514251709
YPR165W,YGR068C,0,-4.417089,0.09586077183485031,1.0,0.9629295468330383
YGL008C,YGL002W,0,-4.4194026,0.09585175663232803,1.0,0.9630297422409058
YHR001W,YBL028C,0,-4.422496,0.09584274142980576,1.0,0.9631299376487732
YDR003W,YDR034C,0,-4.429832,0.09583372622728348,1.0,0.9632301330566406
YGR241C,YOR224C,0,-4.433375,0.0958247110247612,1.0,0.9633303284645081
YIL158W,YLL039C,0,-4.4362617,0.09581570327281952,1.0,0.9634305238723755
YFL045C,YNL125C,0,-4.4442897,0.09580669552087784,1.0,0.9635307192802429
YOR288C,YLR441C,0,-4.449371,0.09579768776893616,1.0,0.9636309146881104
YNL209W,YBR037C,0,-4.4583306,0.09578868001699448,1.0,0.9637311100959778
YKR001C,YKL168C,0,-4.4585557,0.09577967971563339,1.0,0.9638313055038452
YHR161C,YOR212W,0,-4.4592195,0.09577067941427231,1.0,0.9639314413070679
YKL210W,YNL292W,0,-4.46125,0.09576167911291122,1.0,0.9640316367149353
YLR353W,YDR479C,0,-4.4654317,0.09575267881155014,1.0,0.9641318321228027
YIL101C,YNR003C,0,-4.466621,0.09574367851018906,1.0,0.9642320275306702
YOR369C,YOL151W,0,-4.4955316,0.09573468565940857,1.0,0.9643322229385376
YPR190C,YDR196C,0,-4.4994135,0.09572569280862808,1.0,0.964432418346405
YML093W,YKR046C,0,-4.5000205,0.0957166999578476,1.0,0.9645326137542725
YBR087W,YMR071C,0,-4.5002017,0.0957077145576477,1.0,0.9646328091621399
YJR014W,YHR082C,0,-4.5048895,0.09569872170686722,1.0,0.9647330045700073
YER054C,YJL209W,0,-4.511564,0.09568973630666733,1.0,0.9648331999778748
YOR374W,YDR440W,0,-4.524321,0.09568075090646744,1.0,0.9649333953857422
YPR151C,YIL039W,0,-4.5304112,0.09567176550626755,1.0,0.9650335907936096
YGR034W,YHL019C,0,-4.538701,0.09566278755664825,1.0,0.9651337265968323
YGR074W,YAL008W,0,-4.5415244,0.09565380960702896,1.0,0.9652339220046997
YPL012W,YGL259W,0,-4.5423083,0.09564483165740967,1.0,0.9653341174125671
YMR080C,YBR201W,0,-4.547339,0.09563585370779037,1.0,0.9654343128204346
YEL026W,YCR010C,0,-4.549742,0.09562687575817108,1.0,0.965534508228302
YDR003W,YOL040C,0,-4.551801,0.09561790525913239,1.0,0.9656347036361694
YAR008W,YJR091C,0,-4.56163,0.09560893476009369,1.0,0.9657348990440369
YKL103C,YLR166C,0,-4.561705,0.09559996426105499,1.0,0.9658350944519043
YBR056W,YML012W,0,-4.563874,0.0955909937620163,1.0,0.9659352898597717
YJR145C,YLR201C,0,-4.5642347,0.0955820307135582,1.0,0.9660354852676392
YOL016C,YHR141C,0,-4.5705433,0.0955730602145195,1.0,0.9661356806755066
YER114C,YDR214W,0,-4.5751853,0.0955640971660614,1.0,0.966235876083374
YJR031C,YML118W,0,-4.576522,0.0955551415681839,1.0,0.9663360118865967
YOR138C,YGR234W,0,-4.582311,0.0955461785197258,1.0,0.9664362072944641
YPR113W,YIL099W,0,-4.5840907,0.0955372229218483,1.0,0.9665364027023315
YGL200C,YKL189W,0,-4.5875664,0.0955282673239708,1.0,0.966636598110199
YML040W,YJL210W,0,-4.58866,0.09551931172609329,1.0,0.9667367935180664
YDR033W,YGR255C,0,-4.590698,0.09551035612821579,1.0,0.9668369889259338
YJR013W,YGL173C,0,-4.5947657,0.09550140798091888,1.0,0.9669371843338013
YHR066W,YOR285W,0,-4.6115317,0.09549245983362198,1.0,0.9670373797416687
YDL021W,YFL014W,0,-4.6149445,0.09548351168632507,1.0,0.9671375751495361
YLR270W,YLR096W,0,-4.6235385,0.09547456353902817,1.0,0.9672377705574036
YKL172W,YIL099W,0,-4.6250024,0.09546561539173126,1.0,0.967337965965271
YHR136C,YOR344C,0,-4.6284013,0.09545667469501495,1.0,0.9674381613731384
YIL017C,YAL035W,0,-4.656011,0.09544773399829865,1.0,0.9675382971763611
YMR160W,YGL134W,0,-4.6596055,0.09543879330158234,1.0,0.9676384925842285
YJR125C,YDR012W,0,-4.6616244,0.09542985260486603,1.0,0.967738687992096
YCR069W,YNL248C,0,-4.666864,0.09542091935873032,1.0,0.9678388833999634
YJR094W-A,YDR085C,0,-4.6778464,0.0954119861125946,1.0,0.9679390788078308
YBR006W,YDR279W,0,-4.6794286,0.09540305286645889,1.0,0.9680392742156982
YDL014W,YPR006C,0,-4.6854873,0.09539411962032318,1.0,0.9681394696235657
YER114C,YBR059C,0,-4.690112,0.09538519382476807,1.0,0.9682396650314331
YHL033C,YIL105C,0,-4.6956563,0.09537626057863235,1.0,0.9683398604393005
YLR275W,YJL048C,0,-4.7007613,0.09536733478307724,1.0,0.968440055847168
YGL216W,YNR007C,0,-4.7013135,0.09535841643810272,1.0,0.9685402512550354
YHR123W,YLL028W,0,-4.704064,0.09534949064254761,1.0,0.9686403870582581
YJL177W,YJL159W,0,-4.706418,0.09534057229757309,1.0,0.9687405824661255
YOR096W,YPL270W,0,-4.7085233,0.09533164650201797,1.0,0.9688407778739929
YOR096W,YPR149W,0,-4.7101884,0.09532272815704346,1.0,0.9689409732818604
YMR184W,YLR449W,0,-4.7163463,0.09531381726264954,1.0,0.9690411686897278
YOR375C,YNL223W,0,-4.717608,0.09530489891767502,1.0,0.9691413640975952
YNL015W,YDR245W,0,-4.7269464,0.0952959880232811,1.0,0.9692415595054626
YLR362W,YMR170C,0,-4.7311997,0.09528707712888718,1.0,0.9693417549133301
YBR106W,YOR003W,0,-4.734319,0.09527816623449326,1.0,0.9694419503211975
YNL093W,YNL292W,0,-4.7467237,0.09526926279067993,1.0,0.9695421457290649
YJR089W,YBR273C,0,-4.746989,0.09526035189628601,1.0,0.9696423411369324
YBR132C,YKR013W,0,-4.751298,0.09525144845247269,1.0,0.9697425365447998
YNL064C,YLL019C,0,-4.77323,0.09524254500865936,1.0,0.9698426723480225
YDL014W,YLR246W,0,-4.7763524,0.09523364156484604,1.0,0.9699428677558899
YNL121C,YAR014C,0,-4.7806473,0.09522474557161331,1.0,0.9700430631637573
YML085C,YDL004W,0,-4.785835,0.09521584957838058,1.0,0.9701432585716248
YGR052W,YNL209W,0,-4.791055,0.09520695358514786,1.0,0.9702434539794922
YBL075C,YOL049W,0,-4.811708,0.09519805759191513,1.0,0.9703436493873596
YER118C,YPL181W,0,-4.8126173,0.0951891615986824,1.0,0.970443844795227
YHR030C,YDR077W,0,-4.812942,0.09518027305603027,1.0,0.9705440402030945
YIL140W,YGL054C,0,-4.815843,0.09517138451337814,1.0,0.9706442356109619
YOL080C,YNL336W,0,-4.8336024,0.09516249597072601,1.0,0.9707444310188293
YBR052C,YJL115W,0,-4.8449655,0.09515360742807388,1.0,0.9708446264266968
YGL020C,YPL123C,0,-4.855044,0.09514472633600235,1.0,0.9709448218345642
YBR234C,YKL055C,0,-4.8693986,0.09513584524393082,1.0,0.9710449576377869
YPL094C,YOR208W,0,-4.8709397,0.09512695670127869,1.0,0.9711451530456543
YAL055W,YLR197W,0,-4.8762393,0.09511808305978775,1.0,0.9712453484535217
YEL026W,YIL006W,0,-4.8899207,0.09510920196771622,1.0,0.9713455438613892
YHR216W,YJR091C,0,-4.8908925,0.09510032832622528,1.0,0.9714457392692566
YIL155C,YDL213C,0,-4.8935,0.09509145468473434,1.0,0.971545934677124
YKL082C,YNL092W,0,-4.9125476,0.09508258104324341,1.0,0.9716461300849915
YHR010W,YDL004W,0,-4.9265647,0.09507370740175247,1.0,0.9717463254928589
YMR030W,YMR014W,0,-4.931107,0.09506484121084213,1.0,0.9718465209007263
YLR357W,YNL160W,0,-4.937398,0.0950559675693512,1.0,0.9719467163085938
YNL061W,YDR254W,0,-4.9432454,0.09504710137844086,1.0,0.9720469117164612
YIL035C,YEL060C,0,-4.946514,0.09503824263811111,1.0,0.9721471071243286
YBR068C,YLR178C,0,-4.959478,0.09502937644720078,1.0,0.9722472429275513
YKR098C,YMR123W,0,-4.959943,0.09502051770687103,1.0,0.9723474383354187
YIL034C,YHR115C,0,-4.962004,0.0950116515159607,1.0,0.9724476337432861
YNL115C,YMR080C,0,-4.9673204,0.09500280022621155,1.0,0.9725478291511536
YDL051W,YLR206W,0,-4.973622,0.0949939414858818,1.0,0.972648024559021
YBL028C,YIL160C,0,-4.984039,0.09498508274555206,1.0,0.9727482199668884
YGL014W,YDR330W,0,-4.9886284,0.09497623145580292,1.0,0.9728484153747559
YML106W,YBR241C,0,-4.991425,0.09496738016605377,1.0,0.9729486107826233
YBL017C,YJR144W,0,-4.9982705,0.09495852887630463,1.0,0.9730488061904907
YJL080C,YML022W,0,-5.0362425,0.09494968503713608,1.0,0.9731490015983582
YHL036W,YLR183C,0,-5.044356,0.09494083374738693,1.0,0.9732491970062256
YBR052C,YLR229C,0,-5.0447917,0.09493198990821838,1.0,0.973349392414093
YIR003W,YLR003C,0,-5.0498753,0.09492314606904984,1.0,0.9734495282173157
YDR233C,YNL230C,0,-5.0608563,0.09491430968046188,1.0,0.9735497236251831
YJR092W,YDL222C,0,-5.0613217,0.09490546584129333,1.0,0.9736499190330505
YPR184W,YDR117C,0,-5.064837,0.09489662945270538,1.0,0.973750114440918
YNL192W,YKL027W,0,-5.0682845,0.09488779306411743,1.0,0.9738503098487854
YDL082W,YGR010W,0,-5.0690913,0.09487895667552948,1.0,0.9739505052566528
YNR039C,YLR178C,0,-5.0810328,0.09487012028694153,1.0,0.9740507006645203
YJL080C,YLR219W,0,-5.0853605,0.09486129134893417,1.0,0.9741508960723877
YKL143W,YGL229C,0,-5.115386,0.09485246241092682,1.0,0.9742510914802551
YBR048W,YKL001C,0,-5.1240277,0.09484363347291946,1.0,0.9743512868881226
YJL011C,YOR386W,0,-5.124561,0.09483480453491211,1.0,0.97445148229599
YLR206W,YHL007C,0,-5.130222,0.09482598304748535,1.0,0.9745516777038574
YMR250W,YML097C,0,-5.135542,0.0948171615600586,1.0,0.9746518135070801
YKL126W,YPR016C,0,-5.1568723,0.09480834007263184,1.0,0.9747520089149475
YJL103C,YNL209W,0,-5.1628566,0.09479951858520508,1.0,0.9748522043228149
YDL014W,YDR058C,0,-5.184999,0.09479069709777832,1.0,0.9749523997306824
YIR037W,YGR085C,0,-5.191774,0.09478188306093216,1.0,0.9750525951385498
YOR233W,YNL092W,0,-5.2027845,0.094773069024086,1.0,0.9751527905464172
YGL037C,YLL003W,0,-5.215303,0.09476425498723984,1.0,0.9752529859542847
YPL240C,YIL021W,0,-5.224773,0.09475544095039368,1.0,0.9753531813621521
YDR436W,YER148W,0,-5.225269,0.09474662691354752,1.0,0.9754533767700195
YDL112W,YJL151C,0,-5.244783,0.09473782032728195,1.0,0.975553572177887
YKL103C,YBR281C,0,-5.261566,0.09472901374101639,1.0,0.9756537675857544
YBR172C,YKL013C,0,-5.263957,0.09472020715475082,1.0,0.975753903388977
YJL103C,YNL087W,0,-5.2708797,0.09471140801906586,1.0,0.9758540987968445
YCR068W,YGR152C,0,-5.283439,0.09470260143280029,1.0,0.9759542942047119
YJR078W,YOR369C,0,-5.356095,0.09469380229711533,1.0,0.9760544896125793
YNL138W,YNR046W,0,-5.3716626,0.09468500316143036,1.0,0.9761546850204468
YGL008C,YMR271C,0,-5.384525,0.09467620402574539,1.0,0.9762548804283142
YKL140W,YNL064C,0,-5.389131,0.09466741234064102,1.0,0.9763550758361816
YDL143W,YNL159C,0,-5.4007215,0.09465861320495605,1.0,0.9764552712440491
YBR126C,YDL212W,0,-5.406482,0.09464982151985168,1.0,0.9765554666519165
YJL053W,YPL086C,0,-5.4076796,0.09464102983474731,1.0,0.9766556620597839
YGR249W,YLR448W,0,-5.4276323,0.09463224560022354,1.0,0.9767558574676514
YDR484W,YMR139W,0,-5.433931,0.09462345391511917,1.0,0.9768560528755188
YGL123W,YPL152W,0,-5.439845,0.0946146696805954,1.0,0.9769561886787415
YDR373W,YDR050C,0,-5.457201,0.09460588544607162,1.0,0.9770563840866089
YPL274W,YPL002C,0,-5.464668,0.09459710121154785,1.0,0.9771565794944763
YNL110C,YAR031W,0,-5.476133,0.09458832442760468,1.0,0.9772567749023438
YHR123W,YMR109W,0,-5.4845386,0.0945795401930809,1.0,0.9773569703102112
YLR164W,YDR262W,0,-5.5001264,0.09457076340913773,1.0,0.9774571657180786
YIR007W,YPL220W,0,-5.5234556,0.09456198662519455,1.0,0.977557361125946
YGL233W,YHR018C,0,-5.530168,0.09455321729183197,1.0,0.9776575565338135
YLR192C,YBL078C,0,-5.542789,0.0945444405078888,1.0,0.9777577519416809
YNL002C,YCR010C,0,-5.5641885,0.09453567117452621,1.0,0.9778579473495483
YBL039C,YJR130C,0,-5.5707555,0.09452690184116364,1.0,0.9779581427574158
YJR016C,YOR228C,0,-5.584638,0.09451813250780106,1.0,0.9780583381652832
YNL112W,YER103W,0,-5.60412,0.09450937062501907,1.0,0.9781584739685059
YHL024W,YER117W,0,-5.617308,0.0945006012916565,1.0,0.9782586693763733
YJL148W,YDR003W,0,-5.6248255,0.09449183940887451,1.0,0.9783588647842407
YGR155W,YPR127W,0,-5.635775,0.09448307752609253,1.0,0.9784590601921082
YJL103C,YDR450W,0,-5.6426787,0.09447431564331055,1.0,0.9785592555999756
YMR058W,YDR304C,0,-5.6463943,0.09446556121110916,1.0,0.978659451007843
YOL112W,YMR291W,0,-5.6516385,0.09445680677890778,1.0,0.9787596464157104
YBR088C,YNL301C,0,-5.653852,0.09444805234670639,1.0,0.9788598418235779
YML115C,YNR002C,0,-5.6571712,0.094439297914505,1.0,0.9789600372314453
YKL107W,YFR028C,0,-5.67433,0.09443054348230362,1.0,0.9790602326393127
YDR097C,YOR228C,0,-5.6834474,0.09442179650068283,1.0,0.9791604280471802
YKL091C,YML065W,0,-5.698705,0.09441304206848145,1.0,0.9792606234550476
YGL257C,YIL101C,0,-5.7043705,0.09440429508686066,1.0,0.9793607592582703
YMR079W,YER103W,0,-5.7059245,0.09439555555582047,1.0,0.9794609546661377
YBR012W-A,YER138C,0,-5.710706,0.09438680857419968,1.0,0.9795611500740051
YOL080C,YGR008C,0,-5.724097,0.09437806904315948,1.0,0.9796613454818726
YJL053W,YKR081C,0,-5.7569175,0.0943693295121193,1.0,0.97976154088974
YPR001W,YOR369C,0,-5.7663035,0.0943605899810791,1.0,0.9798617362976074
YDL166C,YKL217W,0,-5.781301,0.09435185045003891,1.0,0.9799619317054749
YMR092C,YPL037C,0,-5.7896695,0.09434311836957932,1.0,0.9800621271133423
YBR074W,YMR311C,0,-5.79162,0.09433437883853912,1.0,0.9801623225212097
YER053C,YMR300C,0,-5.8036103,0.09432564675807953,1.0,0.9802625179290771
YKR056W,YAL017W,0,-5.807182,0.09431692212820053,1.0,0.9803627133369446
YCR030C,YGR172C,0,-5.8073335,0.09430819004774094,1.0,0.980462908744812
YGL253W,YBR105C,0,-5.819762,0.09429946541786194,1.0,0.9805630445480347
YJR125C,YJL122W,0,-5.825682,0.09429074078798294,1.0,0.9806632399559021
YFL034C-A,YJR091C,0,-5.8426385,0.09428201615810394,1.0,0.9807634353637695
YHL024W,YPR190C,0,-5.8496757,0.09427329152822495,1.0,0.980863630771637
YKL156W,YBL101C,0,-5.8568883,0.09426456689834595,1.0,0.9809638261795044
YER114C,YNL177C,0,-5.858723,0.09425584971904755,1.0,0.9810640215873718
YCR030C,YGR106C,0,-5.863422,0.09424713253974915,1.0,0.9811642169952393
YPL123C,YNL151C,0,-5.8649464,0.09423841536045074,1.0,0.9812644124031067
YDR032C,YLR452C,0,-5.8885655,0.09422970563173294,1.0,0.9813646078109741
YNL175C,YIL125W,0,-5.9088664,0.09422098845243454,1.0,0.9814648032188416
YIL017C,YMR321C,0,-5.9109216,0.09421227872371674,1.0,0.981564998626709
YNL006W,YOL077C,0,-5.912251,0.09420356899499893,1.0,0.9816651344299316
YKL193C,YDR465C,0,-5.913682,0.09419485926628113,1.0,0.9817653298377991
YDL153C,YOR120W,0,-5.915694,0.09418615698814392,1.0,0.9818655252456665
YOR210W,YEL012W,0,-5.9243865,0.09417744725942612,1.0,0.9819657206535339
YOR133W,YKL067W,0,-5.9363184,0.09416874498128891,1.0,0.9820659160614014
YPR189W,YOL082W,0,-5.942552,0.0941600427031517,1.0,0.9821661114692688
YDL193W,YOR182C,0,-5.9465003,0.09415134787559509,1.0,0.9822663068771362
YNL012W,YGL103W,0,-5.955327,0.09414264559745789,1.0,0.9823665022850037
YOL070C,YGR008C,0,-5.9587903,0.09413395076990128,1.0,0.9824666976928711
YOR167C,YCL052C,0,-5.979569,0.09412525594234467,1.0,0.9825668931007385
YKL091C,YNL102W,0,-5.9833217,0.09411656111478806,1.0,0.982667088508606
YBR088C,YKL094W,0,-5.998173,0.09410786628723145,1.0,0.9827672839164734
YBR298C,YHR141C,0,-6.001049,0.09409917891025543,1.0,0.982867419719696
YBL075C,YMR239C,0,-6.004719,0.09409049153327942,1.0,0.9829676151275635
YCL024W,YEL060C,0,-6.014354,0.0940818041563034,1.0,0.9830678105354309
YDR077W,YGL145W,0,-6.0207486,0.09407311677932739,1.0,0.9831680059432983
YLR074C,YIR014W,0,-6.045259,0.09406442940235138,1.0,0.9832682013511658
YOR073W,YNL223W,0,-6.048299,0.09405574947595596,1.0,0.9833683967590332
YLR045C,YNL134C,0,-6.0678577,0.09404706954956055,1.0,0.9834685921669006
YLR028C,YOR095C,0,-6.083101,0.09403838962316513,1.0,0.9835687875747681
YDR032C,YLR086W,0,-6.0900044,0.09402970969676971,1.0,0.9836689829826355
YJL053W,YMR260C,0,-6.103274,0.0940210372209549,1.0,0.9837691783905029
YDR233C,YJL102W,0,-6.111201,0.09401236474514008,1.0,0.9838693737983704
YLR423C,YDL191W,0,-6.111339,0.09400369226932526,1.0,0.9839695692062378
YER035W,YGL029W,0,-6.143103,0.09399501979351044,1.0,0.9840697050094604
YMR297W,YDR144C,0,-6.1522684,0.09398634731769562,1.0,0.9841699004173279
YDR496C,YLL041C,0,-6.153159,0.0939776822924614,1.0,0.9842700958251953
YHR123W,YNL015W,0,-6.157768,0.09396901726722717,1.0,0.9843702912330627
YNL125C,YHR065C,0,-6.162475,0.09396035224199295,1.0,0.9844704866409302
YMR114C,YGR054W,0,-6.167307,0.09395168721675873,1.0,0.9845706820487976
YKL065C,YML014W,0,-6.1778455,0.0939430221915245,1.0,0.984670877456665
YPL129W,YOR386W,0,-6.182097,0.09393436461687088,1.0,0.9847710728645325
YGR255C,YPL227C,0,-6.1882577,0.09392570704221725,1.0,0.9848712682723999
YOR361C,YKR046C,0,-6.251204,0.09391704946756363,1.0,0.9849714636802673
YBR133C,YOR176W,0,-6.2702684,0.09390839189291,1.0,0.9850716590881348
YNR020C,YMR173W,0,-6.2708716,0.09389974176883698,1.0,0.9851718544960022
YJL144W,YCR047C,0,-6.2739005,0.09389109164476395,1.0,0.9852719902992249
YNL061W,YOR275C,0,-6.2744346,0.09388244152069092,1.0,0.9853721857070923
YGL225W,YJL048C,0,-6.284581,0.09387379139661789,1.0,0.9854723811149597
YGR285C,YMR315W,0,-6.2954426,0.09386514127254486,1.0,0.9855725765228271
YFR001W,YKR066C,0,-6.3060584,0.09385649859905243,1.0,0.9856727719306946
YJL148W,YGR194C,0,-6.3088307,0.09384785592556,1.0,0.985772967338562
YER114C,YDL114W,0,-6.309562,0.09383921325206757,1.0,0.9858731627464294
YBR234C,YJL072C,0,-6.31218,0.09383057057857513,1.0,0.9859733581542969
YPR112C,YMR135C,0,-6.325296,0.0938219353556633,1.0,0.9860735535621643
YBR056W,YDR206W,0,-6.3324785,0.09381329268217087,1.0,0.9861737489700317
YER035W,YER002W,0,-6.341157,0.09380465745925903,1.0,0.9862739443778992
YBL068W,YKL085W,0,-6.342796,0.0937960222363472,1.0,0.9863741397857666
YKL143W,YMR020W,0,-6.348977,0.09378738701343536,1.0,0.9864742755889893
YMR214W,YPL087W,0,-6.355318,0.09377875924110413,1.0,0.9865744709968567
YEL054C,YNL159C,0,-6.36904,0.09377013146877289,1.0,0.9866746664047241
YKL172W,YIR014W,0,-6.375618,0.09376150369644165,1.0,0.9867748618125916
YMR142C,YDR069C,0,-6.3825355,0.09375287592411041,1.0,0.986875057220459
YBR127C,YKL154W,0,-6.3858204,0.09374424815177917,1.0,0.9869752526283264
YKL021C,YMR291W,0,-6.4330373,0.09373562783002853,1.0,0.9870754480361938
YIL039W,YIL101C,0,-6.4490647,0.0937270075082779,1.0,0.9871756434440613
YCR068W,YPR163C,0,-6.454682,0.09371838718652725,1.0,0.9872758388519287
YLR186W,YLL019C,0,-6.485125,0.09370976686477661,1.0,0.9873760342597961
YJR130C,YGR148C,0,-6.50611,0.09370114654302597,1.0,0.9874762296676636
YDR479C,YGR280C,0,-6.5185175,0.09369253367185593,1.0,0.9875763654708862
YMR308C,YGR287C,0,-6.5830464,0.09368392080068588,1.0,0.9876765608787537
YER119C,YNL186W,0,-6.591249,0.09367530792951584,1.0,0.9877767562866211
YKL078W,YAL008W,0,-6.598919,0.0936666950583458,1.0,0.9878769516944885
YGR284C,YBR030W,0,-6.6540856,0.09365808963775635,1.0,0.987977147102356
YKL148C,YNR046W,0,-6.6662173,0.0936494842171669,1.0,0.9880773425102234
YBR302C,YBL024W,0,-6.685138,0.09364087134599686,1.0,0.9881775379180908
YIL111W,YLL008W,0,-6.6881423,0.093632273375988,1.0,0.9882777333259583
YAL063C,YJL141C,0,-6.6909876,0.09362366795539856,1.0,0.9883779287338257
YDR258C,YCR072C,0,-6.7026234,0.09361506998538971,1.0,0.9884781241416931
YAL023C,YJL048C,0,-6.730636,0.09360646456480026,1.0,0.9885783195495605
YFL023W,YOR285W,0,-6.7343917,0.09359786659479141,1.0,0.988678514957428
YHR069C,YBR126C,0,-6.7580795,0.09358927607536316,1.0,0.9887786507606506
YJL111W,YEL060C,0,-6.7616644,0.09358067810535431,1.0,0.9888788461685181
YNL300W,YJL155C,0,-6.806827,0.09357208758592606,1.0,0.9889790415763855
YEL011W,YJL095W,0,-6.814374,0.0935634896159172,1.0,0.9890792369842529
YNL001W,YNR001C,0,-6.8575044,0.09355489909648895,1.0,0.9891794323921204
YJR025C,YOL040C,0,-6.8635526,0.0935463160276413,1.0,0.9892796277999878
YDL075W,YOR275C,0,-6.868304,0.09353772550821304,1.0,0.9893798232078552
YBL068W,YKL168C,0,-6.8902874,0.09352914243936539,1.0,0.9894800186157227
YDR436W,YMR217W,0,-6.892603,0.09352055937051773,1.0,0.9895802140235901
YGL180W,YLR276C,0,-6.9346294,0.09351197630167007,1.0,0.9896804094314575
YDR032C,YLL008W,0,-6.946093,0.09350339323282242,1.0,0.989780604839325
YNL110C,YBL028C,0,-6.9732847,0.09349481761455536,1.0,0.9898808002471924
YJL080C,YAL008W,0,-6.9887176,0.0934862419962883,1.0,0.989980936050415
YCL040W,YJL115W,0,-6.995069,0.09347765892744064,1.0,0.9900811314582825
YHL033C,YIL160C,0,-7.0008864,0.09346909075975418,1.0,0.9901813268661499
YGR155W,YIL101C,0,-7.008542,0.09346051514148712,1.0,0.9902815222740173
YGL180W,YAL035W,0,-7.0533957,0.09345194697380066,1.0,0.9903817176818848
YNR007C,YDR086C,0,-7.0853686,0.0934433713555336,1.0,0.9904819130897522
YDL215C,YOR310C,0,-7.1092024,0.09343480318784714,1.0,0.9905821084976196
YDR465C,YGR086C,0,-7.121553,0.09342624247074127,1.0,0.9906823039054871
YDL025C,YGR109C,0,-7.14704,0.09341767430305481,1.0,0.9907824993133545
YPL081W,YDR069C,0,-7.1922383,0.09340911358594894,1.0,0.9908826947212219
YIL128W,YKL103C,0,-7.2069545,0.09340055286884308,1.0,0.9909828901290894
YJL080C,YNL293W,0,-7.221389,0.09339199215173721,1.0,0.9910830855369568
YJR059W,YNL206C,0,-7.222367,0.09338343143463135,1.0,0.9911832213401794
YDR003W,YML022W,0,-7.2258067,0.09337487071752548,1.0,0.9912834167480469
YHR019C,YOR386W,0,-7.2452183,0.09336631745100021,1.0,0.9913836121559143
YKL172W,YBR001C,0,-7.2499013,0.09335776418447495,1.0,0.9914838075637817
YPR016C,YJL141C,0,-7.2551513,0.09334921091794968,1.0,0.9915840029716492
YCR097W,YER003C,0,-7.258897,0.09334065765142441,1.0,0.9916841983795166
YML063W,YMR311C,0,-7.3730536,0.09333211183547974,1.0,0.991784393787384
YKL181W,YJL048C,0,-7.3887467,0.09332356601953506,1.0,0.9918845891952515
YMR278W,YOR224C,0,-7.4889617,0.0933150202035904,1.0,0.9919847846031189
YHR016C,YJL109C,0,-7.538111,0.09330647438764572,1.0,0.9920849800109863
YHR072W,YDR058C,0,-7.5955186,0.09329792857170105,1.0,0.9921851754188538
YPL081W,YGL121C,0,-7.625051,0.09328939020633698,1.0,0.9922853708267212
YPR043W,YCR068W,0,-7.6499014,0.0932808518409729,1.0,0.9923855066299438
YGL030W,YEL060C,0,-7.6593623,0.09327231347560883,1.0,0.9924857020378113
YNL166C,YMR291W,0,-7.7052684,0.09326377511024475,1.0,0.9925858974456787
YDL082W,YLR164W,0,-7.73343,0.09325523674488068,1.0,0.9926860928535461
YDR258C,YKL113C,0,-7.7550035,0.0932467058300972,1.0,0.9927862882614136
YHR216W,YDR255C,0,-7.7778716,0.09323817491531372,1.0,0.992886483669281
YER175C,YCR034W,0,-7.7939763,0.09322964400053024,1.0,0.9929866790771484
YDR388W,YCR034W,0,-7.8626275,0.09322111308574677,1.0,0.9930868744850159
YBR061C,YBR139W,0,-7.8667703,0.09321258962154388,1.0,0.9931870698928833
YLR285W,YPL230W,0,-7.8792863,0.0932040587067604,1.0,0.9932872653007507
YMR090W,YDL226C,0,-7.902982,0.09319553524255753,1.0,0.9933874607086182
YIR039C,YDR346C,0,-7.9357476,0.09318701177835464,1.0,0.9934876561164856
YBR234C,YML093W,0,-7.966987,0.09317849576473236,1.0,0.9935877919197083
YIL140W,YER053C,0,-7.973742,0.09316997230052948,1.0,0.9936879873275757
YDL092W,YJL048C,0,-8.047266,0.0931614562869072,1.0,0.9937881827354431
YDR533C,YCR057C,0,-8.0713,0.09315294027328491,1.0,0.9938883781433105
YMR014W,YDL222C,0,-8.157763,0.09314442425966263,1.0,0.993988573551178
YDR172W,YLR178C,0,-8.158262,0.09313590824604034,1.0,0.9940887689590454
YBR052C,YHL007C,0,-8.202886,0.09312739968299866,1.0,0.9941889643669128
YJR019C,YNL256W,0,-8.243235,0.09311889111995697,1.0,0.9942891597747803
YLR129W,YJL066C,0,-8.259164,0.09311038255691528,1.0,0.9943893551826477
YER117W,YEL012W,0,-8.265866,0.0931018739938736,1.0,0.9944895505905151
YNL115C,YBL076C,0,-8.324442,0.09309336543083191,1.0,0.9945897459983826
YOR145C,YKL100C,0,-8.326841,0.09308486431837082,1.0,0.9946898818016052
YMR092C,YLR009W,0,-8.367582,0.09307636320590973,1.0,0.9947900772094727
YFL045C,YPL186C,0,-8.437583,0.09306786209344864,1.0,0.9948902726173401
YBL061C,YLR178C,0,-8.507186,0.09305936098098755,1.0,0.9949904680252075
YBR214W,YLL035W,0,-8.549915,0.09305085986852646,1.0,0.995090663433075
YMR202W,YDL204W,0,-8.5648,0.09304236620664597,1.0,0.9951908588409424
YDL021W,YOL097C,0,-8.675951,0.09303387254476547,1.0,0.9952910542488098
YKR057W,YJL102W,0,-8.702272,0.09302537888288498,1.0,0.9953912496566772
YNL305C,YOR239W,0,-8.805334,0.09301688522100449,1.0,0.9954914450645447
YDL051W,YGR052W,0,-8.847355,0.09300839900970459,1.0,0.9955916404724121
YKR060W,YJL172W,0,-8.847545,0.0929999053478241,1.0,0.9956918358802795
YDR012W,YEL012W,0,-8.960857,0.0929914191365242,1.0,0.995792031288147
YDR171W,YDR113C,0,-9.072433,0.0929829329252243,1.0,0.9958921670913696
YOR073W,YMR170C,0,-9.1015415,0.092974454164505,1.0,0.9959923624992371
YKL082C,YNL160W,0,-9.168083,0.09296596795320511,1.0,0.9960925579071045
YNL178W,YNL223W,0,-9.193258,0.09295748919248581,1.0,0.9961927533149719
YMR169C,YPR187W,0,-9.277307,0.09294901043176651,1.0,0.9962929487228394
YNL085W,YOR120W,0,-9.277816,0.09294053167104721,1.0,0.9963931441307068
YJL136C,YFL014W,0,-9.313829,0.09293205291032791,1.0,0.9964933395385742
YLR029C,YDR171W,0,-9.325939,0.09292358160018921,1.0,0.9965935349464417
YOR168W,YKR067W,0,-9.464006,0.0929151102900505,1.0,0.9966937303543091
YLR327C,YOR206W,0,-9.478934,0.0929066389799118,1.0,0.9967939257621765
YNL113W,YBR056W,0,-9.488483,0.0928981676697731,1.0,0.996894121170044
YCR030C,YPL255W,0,-9.5341425,0.0928896963596344,1.0,0.9969943165779114
YGL234W,YJL048C,0,-9.564863,0.0928812325000763,1.0,0.997094452381134
YJL177W,YBL075C,0,-9.586622,0.09287276864051819,1.0,0.9971946477890015
YJL144W,YDL111C,0,-9.77739,0.09286430478096008,1.0,0.9972948431968689
YDR059C,YPL086C,0,-9.869858,0.09285584092140198,1.0,0.9973950386047363
YDR270W,YGL147C,0,-9.969133,0.09284737706184387,1.0,0.9974952340126038
YLR074C,YGL037C,0,-10.13897,0.09283892065286636,1.0,0.9975954294204712
YEL011W,YNL087W,0,-10.198077,0.09283046424388885,1.0,0.9976956248283386
YNR021W,YOL082W,0,-10.329696,0.09282200783491135,1.0,0.997795820236206
YKL172W,YPL087W,0,-10.440306,0.09281355142593384,1.0,0.9978960156440735
YDL146W,YJL125C,0,-10.500246,0.09280510246753693,1.0,0.9979962110519409
YER150W,YLR009W,0,-10.531658,0.09279664605855942,1.0,0.9980964064598083
YNL113W,YEL011W,0,-10.635343,0.0927881971001625,1.0,0.9981966018676758
YBR139W,YNL256W,0,-10.702338,0.0927797481417656,1.0,0.9982967376708984
YJL141C,YOL092W,0,-10.893391,0.09277130663394928,1.0,0.9983969330787659
YDL112W,YCR004C,0,-10.955517,0.09276285767555237,1.0,0.9984971284866333
YBR126C,YFR001W,0,-11.125993,0.09275441616773605,1.0,0.9985973238945007
YBR056W,YOR095C,0,-11.319981,0.09274597465991974,1.0,0.9986975193023682
YGR162W,YIR039C,0,-11.660339,0.09273753315210342,1.0,0.9987977147102356
YMR250W,YPL266W,0,-11.726526,0.09272909164428711,1.0,0.998897910118103
YGL156W,YKR026C,0,-11.780257,0.09272065758705139,1.0,0.9989981055259705
YER150W,YDL201W,0,-11.882701,0.09271221607923508,1.0,0.9990983009338379
YBL075C,YOR095C,0,-12.377241,0.09270378202199936,1.0,0.9991984963417053
YJL190C,YLR178C,0,-12.634794,0.09269534796476364,1.0,0.9992986917495728
YER006W,YBL064C,0,-12.685971,0.09268692135810852,1.0,0.9993988871574402
YMR250W,YJR002W,0,-12.804226,0.0926784873008728,1.0,0.9994990229606628
YGL156W,YIL133C,0,-12.98304,0.09267006069421768,1.0,0.9995992183685303
YBR214W,YPR187W,0,-13.07682,0.09266163408756256,1.0,0.9996994137763977
YGL156W,YNL002C,0,-14.3196945,0.09265320748090744,1.0,0.9997996091842651
YGR128C,YHR016C,0,-14.346293,0.09264478832483292,1.0,0.9998998045921326
YGL156W,YOR293W,0,-15.163845,0.0926363617181778,1.0,1.0
