Gene A,Gene B,Label,Score,Precision,Recall,False Positive Rate
YER008C,YDR409W,1,9.462561,1.0,0.0009980039903894067,0.0
YDR150W,YCL029C,1,9.208129,1.0,0.0019960079807788134,0.0
YHR161C,YDR379W,1,9.060017,1.0,0.002994012087583542,0.0
YML052W,YCR088W,1,8.771448,1.0,0.003992015961557627,0.0
YMR092C,YPR171W,1,8.530393,1.0,0.004990019835531712,0.0
YKL007W,YHR061C,1,8.159014,1.0,0.005988024175167084,0.0
YLR337C,YOR171C,1,8.084223,1.0,0.006986028049141169,0.0
YKL129C,YFR024C-A,1,8.075491,1.0,0.007984031923115253,0.0
YNL138W,YJR092W,1,8.063375,1.0,0.008982036262750626,0.0
YMR109W,YJR051W,0,8.006016,0.8999999761581421,0.008982036262750626,0.00010002000635722652
YMR109W,YOR122C,1,7.904651,0.9090909361839294,0.009980039671063423,0.00010002000635722652
YCR030C,YLR078C,0,7.8805175,0.8333333134651184,0.009980039671063423,0.00020004001271445304
YKL007W,YPR171W,1,7.8644958,0.8461538553237915,0.010978044010698795,0.00020004001271445304
YKL007W,YOR122C,1,7.8336654,0.8571428656578064,0.011976048350334167,0.00020004001271445304
YNL138W,YOR109W,1,7.77075,0.8666666746139526,0.012974051758646965,0.00020004001271445304
YMR092C,YJL124C,0,7.7497835,0.8125,0.012974051758646965,0.0003000600263476372
YKL129C,YLR314C,1,7.6501164,0.8235294222831726,0.013972056098282337,0.0003000600263476372
YIL140W,YJR125C,1,7.6407886,0.8333333134651184,0.014970059506595135,0.0003000600263476372
YIL034C,YNL079C,1,7.5833416,0.8421052694320679,0.015968063846230507,0.0003000600263476372
YPL269W,YKL129C,1,7.554341,0.8500000238418579,0.016966067254543304,0.0003000600263476372
YIL140W,YCR083W,0,7.440019,0.8095238208770752,0.016966067254543304,0.0004000800254289061
YKL101W,YKL007W,1,7.3808265,0.8181818127632141,0.01796407252550125,0.0004000800254289061
YBR102C,YHR061C,1,7.356185,0.8260869383811951,0.01896207593381405,0.0004000800254289061
YMR032W,YKL007W,1,7.3182225,0.8333333134651184,0.019960079342126846,0.0004000800254289061
YLR337C,YNL079C,1,7.312711,0.8399999737739563,0.020958084613084793,0.0004000800254289061
YDL161W,YLR045C,1,7.2835207,0.8461538553237915,0.02195608802139759,0.0004000800254289061
YIL095W,YGL233W,1,7.2445908,0.8518518805503845,0.022954091429710388,0.0004000800254289061
YLR337C,YEL040W,1,7.2435474,0.8571428656578064,0.023952096700668335,0.0004000800254289061
YCR009C,YIL140W,1,7.187823,0.8620689511299133,0.024950100108981133,0.0004000800254289061
YNL138W,YCR088W,1,7.161719,0.8666666746139526,0.02594810351729393,0.0004000800254289061
YCR030C,YJL156C,0,7.149136,0.8387096524238586,0.02594810351729393,0.000500100024510175
YCR002C,YDL161W,1,7.1356044,0.84375,0.026946106925606728,0.000500100024510175
YOR367W,YOR122C,1,7.116444,0.8484848737716675,0.027944112196564674,0.000500100024510175
YLR370C,YJL033W,0,7.083616,0.8235294222831726,0.027944112196564674,0.0006001200526952744
YHR107C,YHL034C,0,7.023477,0.800000011920929,0.027944112196564674,0.0007001400226727128
YCR002C,YHR023W,1,6.986985,0.8055555820465088,0.028942115604877472,0.0007001400226727128
YOR127W,YPL269W,1,6.983564,0.8108108043670654,0.02994011901319027,0.0007001400226727128
YCR002C,YOR367W,1,6.941858,0.8157894611358643,0.030938124284148216,0.0007001400226727128
YNL106C,YLR045C,1,6.925906,0.8205128312110901,0.031936127692461014,0.0007001400226727128
YCR030C,YPL101W,0,6.8914075,0.800000011920929,0.031936127692461014,0.0008001600508578122
YCL014W,YLR314C,1,6.8866982,0.8048780560493469,0.03293413296341896,0.0008001600508578122
YBL007C,YHR023W,1,6.876188,0.8095238208770752,0.03393213450908661,0.0008001600508578122
YGR241C,YHR023W,1,6.873648,0.8139534592628479,0.034930139780044556,0.0008001600508578122
YKL101W,YCR002C,1,6.857217,0.8181818127632141,0.0359281450510025,0.0008001600508578122
YMR092C,YDR309C,1,6.8352494,0.8222222328186035,0.03692614659667015,0.0008001600508578122
YPL269W,YHR114W,1,6.8052063,0.8260869383811951,0.0379241518676281,0.0008001600508578122
YCR009C,YHR061C,1,6.8038073,0.8297872543334961,0.038922157138586044,0.0008001600508578122
YHR161C,YOR329C,1,6.749602,0.8333333134651184,0.03992015868425369,0.0008001600508578122
YPL269W,YHR016C,1,6.7488008,0.8367347121238708,0.04091816395521164,0.0008001600508578122
YMR032W,YLR314C,1,6.7469964,0.8399999737739563,0.041916169226169586,0.0008001600508578122
YGR179C,YKL152C,0,6.7434115,0.8235294222831726,0.041916169226169586,0.0009001800208352506
YKL101W,YDL204W,1,6.732059,0.8269230723381042,0.042914170771837234,0.0009001800208352506
YCR002C,YIL140W,1,6.72399,0.8301886916160583,0.04391217604279518,0.0009001800208352506
YBL007C,YNL106C,1,6.710298,0.8333333134651184,0.04491018131375313,0.0009001800208352506
YNL138W,YGR032W,1,6.6826415,0.8363636136054993,0.045908182859420776,0.0009001800208352506
YKL013C,YJL165C,0,6.6825967,0.8214285969734192,0.045908182859420776,0.00100020004902035
YNR035C,YNL030W,0,6.6806865,0.8070175647735596,0.045908182859420776,0.0011002200189977884
YIL034C,YLR429W,1,6.6802206,0.8103448152542114,0.04690618813037872,0.0011002200189977884
YMR092C,YGL233W,1,6.676758,0.8135592937469482,0.04790419340133667,0.0011002200189977884
YNL020C,YJL020C,1,6.6738267,0.8166666626930237,0.04890219494700432,0.0011002200189977884
YCL014W,YFL039C,1,6.6651807,0.8196721076965332,0.049900200217962265,0.0011002200189977884
YMR092C,YIL159W,1,6.6443567,0.8225806355476379,0.05089820176362991,0.0011002200189977884
YMR032W,YLR404W,1,6.600802,0.8253968358039856,0.05189620703458786,0.0011002200189977884
YBR234C,YDR266C,0,6.59055,0.8125,0.05189620703458786,0.0012002401053905487
YLR166C,YCR088W,1,6.587911,0.8153846263885498,0.05289421230554581,0.0012002401053905487
YOR127W,YER149C,1,6.585927,0.8181818127632141,0.053892213851213455,0.0012002401053905487
YCR002C,YOR202W,0,6.5818763,0.8059701323509216,0.053892213851213455,0.0013002600753679872
YNL166C,YNL106C,1,6.581331,0.8088235259056091,0.0548902191221714,0.0013002600753679872
YFL039C,YDR447C,0,6.5704255,0.7971014380455017,0.0548902191221714,0.0014002800453454256
YCL014W,YGR059W,1,6.5669603,0.800000011920929,0.05588822439312935,0.0014002800453454256
YCR009C,YIL138C,1,6.564176,0.8028169274330139,0.056886225938797,0.0014002800453454256
YOR181W,YLR314C,1,6.558588,0.8055555820465088,0.057884231209754944,0.0014002800453454256
YNL106C,YLR330W,0,6.5560927,0.7945205569267273,0.057884231209754944,0.001500300015322864
YLR166C,YPR171W,1,6.5523467,0.7972972989082336,0.05888223648071289,0.001500300015322864
YCL014W,YGR080W,1,6.548551,0.800000011920929,0.05988023802638054,0.001500300015322864
YKL007W,YOR109W,1,6.5479264,0.8026315569877625,0.060878243297338486,0.001500300015322864
YDR388W,YLR314C,1,6.5376997,0.8051947951316833,0.06187624856829643,0.001500300015322864
YNL138W,YCR014C,0,6.531632,0.7948718070983887,0.06187624856829643,0.0016003201017156243
YBL007C,YIL138C,1,6.5285215,0.797468364238739,0.06287425011396408,0.0016003201017156243
YKL007W,YLR045C,1,6.4987025,0.800000011920929,0.06387225538492203,0.0016003201017156243
YCR009C,YHR114W,1,6.498595,0.8024691343307495,0.06487026065587997,0.0016003201017156243
YDL161W,YGL233W,1,6.494556,0.8048780560493469,0.06586826592683792,0.0016003201017156243
YJR092W,YHR098C,0,6.492572,0.7951807379722595,0.06586826592683792,0.0017003400716930628
YIL034C,YMR092C,1,6.491903,0.7976190447807312,0.06686626374721527,0.0017003400716930628
YNL106C,YLL021W,1,6.4904504,0.800000011920929,0.06786426901817322,0.0017003400716930628
YDL161W,YDR379W,1,6.4842243,0.8023256063461304,0.06886227428913116,0.0017003400716930628
YLR045C,YJR125C,1,6.4659753,0.8045976758003235,0.06986027956008911,0.0017003400716930628
YLR429W,YJR092W,1,6.4532385,0.8068181872367859,0.07085828483104706,0.0017003400716930628
YGR080W,YNL084C,1,6.4510465,0.8089887499809265,0.071856290102005,0.0017003400716930628
YLR337C,YJL020C,1,6.448428,0.8111110925674438,0.07285428792238235,0.0017003400716930628
YMR109W,YIL159W,1,6.4411697,0.8131868243217468,0.0738522931933403,0.0017003400716930628
YCR088W,YEL031W,0,6.426949,0.804347813129425,0.0738522931933403,0.0018003600416705012
YER008C,YDL225W,1,6.4267564,0.8064516186714172,0.07485029846429825,0.0018003600416705012
YLR206W,YKL101W,1,6.425102,0.8085106611251831,0.0758483037352562,0.0018003600416705012
YBR102C,YIL159W,1,6.4198885,0.8105263113975525,0.07684630900621414,0.0018003600416705012
YPL269W,YOR008C,1,6.418367,0.8125,0.07784431427717209,0.0018003600416705012
YPR171W,YFR024C-A,1,6.4106216,0.8144329786300659,0.07884231209754944,0.0018003600416705012
YPR055W,YFL039C,1,6.391748,0.8163265585899353,0.07984031736850739,0.0018003600416705012
YPL242C,YNL079C,1,6.385322,0.8181818127632141,0.08083832263946533,0.0018003600416705012
YNL138W,YLR166C,1,6.3523207,0.8199999928474426,0.08183632791042328,0.0018003600416705012
YLR337C,YOR109W,1,6.345103,0.8217821717262268,0.08283433318138123,0.0018003600416705012
YCR088W,YJR076C,1,6.3431754,0.8235294222831726,0.08383233845233917,0.0018003600416705012
YDR388W,YHR114W,1,6.31498,0.8252426981925964,0.08483033627271652,0.0018003600416705012
YPL269W,YHR023W,1,6.3129954,0.8269230723381042,0.08582834154367447,0.0018003600416705012
YLR319C,YEL040W,1,6.30757,0.8285714387893677,0.08682634681463242,0.0018003600416705012
YNL126W,YBR127C,0,6.306047,0.8207547068595886,0.08682634681463242,0.0019003801280632615
YCR030C,YNL309W,0,6.2997785,0.8130841255187988,0.08682634681463242,0.0020004000980407
YMR109W,YML052W,1,6.2982473,0.8148148059844971,0.08782435208559036,0.0020004000980407
YPL269W,YOR122C,1,6.2854724,0.8165137767791748,0.08882235735654831,0.0020004000980407
YDR166C,YGL181W,1,6.2668815,0.8181818127632141,0.08982036262750626,0.0020004000980407
YNL166C,YKL101W,1,6.2498183,0.8198198080062866,0.0908183604478836,0.0020004000980407
YNL138W,YNL152W,1,6.2473345,0.8214285969734192,0.09181636571884155,0.0020004000980407
YOR181W,YLR045C,1,6.2440968,0.8230088353157043,0.0928143709897995,0.0020004000980407
YOR367W,YDR309C,1,6.2209334,0.8245614171028137,0.09381237626075745,0.0020004000980407
YLR045C,YDL029W,0,6.2106967,0.8173912763595581,0.09381237626075745,0.0021004201844334602
YIL034C,YMR109W,1,6.1980867,0.818965494632721,0.0948103815317154,0.0021004201844334602
YDR388W,YCR088W,1,6.188497,0.8205128312110901,0.09580838680267334,0.0021004201844334602
YGR241C,YCL029C,1,6.18669,0.8220338821411133,0.09680638462305069,0.0021004201844334602
YGR241C,YMR109W,1,6.185595,0.8235294222831726,0.09780438989400864,0.0021004201844334602
YPR055W,YCL034W,1,6.180499,0.824999988079071,0.09880239516496658,0.0021004201844334602
YOR127W,YLR045C,1,6.177344,0.8264462947845459,0.09980040043592453,0.0021004201844334602
YDR166C,YIL140W,1,6.1708465,0.8278688788414001,0.10079840570688248,0.0021004201844334602
YHR161C,YGR215W,0,6.148079,0.8211382031440735,0.10079840570688248,0.002200440037995577
YCR002C,YNR001C,0,6.142619,0.8145161271095276,0.10079840570688248,0.002300460124388337
YGR080W,YDL225W,1,6.1177225,0.8159999847412109,0.10179640352725983,0.002300460124388337
YBL007C,YCR088W,1,6.1117635,0.817460298538208,0.10279440879821777,0.002300460124388337
YGR241C,YEL040W,1,6.109788,0.8188976645469666,0.10379241406917572,0.002300460124388337
YDR129C,YLR313C,1,6.103675,0.8203125,0.10479041934013367,0.002300460124388337
YPL269W,YDR129C,1,6.100942,0.8217054009437561,0.10578842461109161,0.002300460124388337
YPR055W,YIL138C,1,6.097745,0.8230769038200378,0.10678642988204956,0.002300460124388337
YCR009C,YJR076C,1,6.0944605,0.8244274854660034,0.10778442770242691,0.002300460124388337
YMR092C,YHR028C,0,6.084971,0.8181818127632141,0.10778442770242691,0.0024004802107810974
YGR080W,YDR409W,1,6.08302,0.8195488452911377,0.10878243297338486,0.0024004802107810974
YPL155C,YLR022C,0,6.081061,0.8134328126907349,0.10878243297338486,0.002500500064343214
YER114C,YKR046C,0,6.0765386,0.8074073791503906,0.10878243297338486,0.0026005201507359743
YCR030C,YML111W,0,6.073414,0.8014705777168274,0.10878243297338486,0.002700540004298091
YOR127W,YJR125C,1,6.072971,0.8029196858406067,0.1097804382443428,0.002700540004298091
YDL161W,YHR161C,1,6.0726457,0.804347813129425,0.11077844351530075,0.002700540004298091
YCR030C,YIL031W,0,6.068808,0.798561155796051,0.11077844351530075,0.002800560090690851
YDR129C,YHR107C,1,6.0617633,0.800000011920929,0.1117764487862587,0.002800560090690851
YHR161C,YJR076C,1,6.060488,0.8014184236526489,0.11277445405721664,0.002800560090690851
YKL101W,YDR379W,1,6.058888,0.8028169274330139,0.113772451877594,0.002800560090690851
YNL233W,YER149C,1,6.0583935,0.8041958212852478,0.11477045714855194,0.002800560090690851
YOL070C,YLR121C,0,6.054423,0.7986111044883728,0.11477045714855194,0.0029005801770836115
YOR181W,YMR092C,1,6.052171,0.800000011920929,0.11576846241950989,0.0029005801770836115
YNL138W,YJR076C,1,6.049261,0.801369845867157,0.11676646769046783,0.0029005801770836115
YLR166C,YBR130C,1,6.0449324,0.8027210831642151,0.11776447296142578,0.0029005801770836115
YPL242C,YLR314C,1,6.042889,0.8040540814399719,0.11876247823238373,0.0029005801770836115
YLR166C,YNL152W,1,6.0399833,0.8053691387176514,0.11976047605276108,0.0029005801770836115
YPR055W,YGR080W,1,6.033711,0.8066666722297668,0.12075848132371902,0.0029005801770836115
YCR088W,YHR114W,1,6.0335016,0.807947039604187,0.12175648659467697,0.0029005801770836115
YOR181W,YBR130C,1,6.0323415,0.8092105388641357,0.12275449186563492,0.0029005801770836115
YPR171W,YGL181W,1,6.028291,0.8104575276374817,0.12375249713659286,0.0029005801770836115
YLR166C,YHR061C,1,6.019132,0.8116883039474487,0.12475050240755081,0.0029005801770836115
YIL140W,YOL038W,0,6.015142,0.8064516186714172,0.12475050240755081,0.003000600030645728
YHR023W,YDR480W,0,6.0104194,0.8012820482254028,0.12475050240755081,0.0031006201170384884
YGR080W,YPR171W,1,6.005738,0.8025477528572083,0.12574850022792816,0.0031006201170384884
YLR337C,YFR024C-A,1,5.9992113,0.8037974834442139,0.1267465054988861,0.0031006201170384884
YDR388W,YOR329C,1,5.9677734,0.805031418800354,0.12774451076984406,0.0031006201170384884
YIL034C,YLR404W,1,5.9612374,0.8062499761581421,0.128742516040802,0.0031006201170384884
YCR088W,YCL031C,0,5.957064,0.8012422323226929,0.128742516040802,0.0032006402034312487
YER008C,YGR241C,1,5.955792,0.8024691343307495,0.12974052131175995,0.0032006402034312487
YCR009C,YOR233W,1,5.947285,0.803680956363678,0.1307385265827179,0.0032006402034312487
YNL020C,YHR061C,1,5.9465766,0.8048780560493469,0.13173653185367584,0.0032006402034312487
YCL014W,YDR129C,1,5.9260306,0.8060606122016907,0.1327345371246338,0.0032006402034312487
YER008C,YLR166C,1,5.9219537,0.8072289228439331,0.13373252749443054,0.0032006402034312487
YLR319C,YDL161W,1,5.9099126,0.8083832263946533,0.1347305327653885,0.0032006402034312487
YOR367W,YIL133C,0,5.902102,0.8035714030265808,0.1347305327653885,0.0033006600569933653
YLR353W,YPL214C,0,5.8955936,0.7988165616989136,0.1347305327653885,0.0034006801433861256
YOR181W,YPR055W,1,5.8888583,0.800000011920929,0.13572853803634644,0.0034006801433861256
YDL161W,YCR088W,1,5.8668447,0.8011695742607117,0.13672654330730438,0.0034006801433861256
YLR319C,YLL050C,1,5.859529,0.8023256063461304,0.13772454857826233,0.0034006801433861256
YOR181W,YPL269W,1,5.8543725,0.8034682273864746,0.13872255384922028,0.0034006801433861256
YCR002C,YDR379W,1,5.8479304,0.8045976758003235,0.13972055912017822,0.0034006801433861256
YLR166C,YKL129C,1,5.8415265,0.8057143092155457,0.14071856439113617,0.0034006801433861256
YCR009C,YMR109W,1,5.837506,0.8068181872367859,0.14171656966209412,0.0034006801433861256
YOR181W,YCL014W,1,5.833782,0.8079096078872681,0.14271457493305206,0.0034006801433861256
YOR367W,YFR024C-A,1,5.8270116,0.8089887499809265,0.14371258020401,0.0034006801433861256
YBL007C,YLR404W,1,5.81894,0.8100558519363403,0.14471058547496796,0.0034006801433861256
YKL013C,YGR279C,0,5.8169475,0.8055555820465088,0.14471058547496796,0.003500700229778886
YOR109W,YOR122C,1,5.8123307,0.8066298365592957,0.1457085758447647,0.003500700229778886
YGR080W,YKL007W,1,5.811635,0.807692289352417,0.14670658111572266,0.003500700229778886
YOR109W,YIL138C,1,5.8098903,0.8087431788444519,0.1477045863866806,0.003500700229778886
YKL101W,YOR171C,1,5.8080816,0.8097826242446899,0.14870259165763855,0.003500700229778886
YKL007W,YBR260C,1,5.7997746,0.8108108043670654,0.1497005969285965,0.003500700229778886
YNR035C,YMR211W,0,5.7994313,0.8064516186714172,0.1497005969285965,0.0036007200833410025
YMR032W,YKL101W,1,5.7914357,0.8074866533279419,0.15069860219955444,0.0036007200833410025
YCL014W,YHR107C,1,5.791013,0.8085106611251831,0.1516966074705124,0.0036007200833410025
YDL146W,YGR074W,0,5.789143,0.8042327761650085,0.1516966074705124,0.0037007401697337627
YLR337C,YLR319C,1,5.7863255,0.8052631616592407,0.15269461274147034,0.0037007401697337627
YHR161C,YLL021W,1,5.7848063,0.8062826991081238,0.15369261801242828,0.0037007401697337627
YIL034C,YJR127C,0,5.783728,0.8020833134651184,0.15369261801242828,0.003800760256126523
YPR055W,YKL007W,1,5.7798862,0.803108811378479,0.15469062328338623,0.003800760256126523
YBL007C,YBR102C,1,5.7780585,0.8041236996650696,0.15568862855434418,0.003800760256126523
YMR032W,YPL074W,1,5.7749715,0.8051282167434692,0.15668663382530212,0.003800760256126523
YNL138W,YCL029C,1,5.771718,0.8061224222183228,0.15768462419509888,0.003800760256126523
YCL014W,YNL106C,1,5.756365,0.807106614112854,0.15868262946605682,0.003800760256126523
YMR109W,YGL233W,1,5.7517796,0.808080792427063,0.15968063473701477,0.003800760256126523
YBR102C,YCR088W,1,5.7487864,0.8090452551841736,0.16067864000797272,0.003800760256126523
YCR030C,YKL183W,0,5.742736,0.8050000071525574,0.16067864000797272,0.0039007801096886396
YDL161W,YGR032W,1,5.7418494,0.8059701323509216,0.16167664527893066,0.0039007801096886396
YIL034C,YNL106C,1,5.737908,0.8069307208061218,0.1626746505498886,0.0039007801096886396
YPR171W,YLL021W,1,5.7375793,0.807881772518158,0.16367265582084656,0.0039007801096886396
YGR241C,YGL095C,0,5.728768,0.8039215803146362,0.16367265582084656,0.0040008001960814
YNL166C,YJR092W,1,5.728235,0.8048780560493469,0.1646706610918045,0.0040008001960814
YPR055W,YDR409W,1,5.72754,0.8058252334594727,0.16566866636276245,0.0040008001960814
YPR055W,YOR329C,1,5.719607,0.8067632913589478,0.1666666716337204,0.0040008001960814
YOR127W,YOR008C,1,5.718021,0.807692289352417,0.16766467690467834,0.0040008001960814
YER008C,YNL084C,1,5.717177,0.8086124658584595,0.1686626672744751,0.0040008001960814
YCL029C,YHR023W,1,5.7057176,0.8095238208770752,0.16966067254543304,0.0040008001960814
YMR092C,YFR003C,0,5.705095,0.8056871891021729,0.16966067254543304,0.0041008200496435165
YLR206W,YMR163C,0,5.6945057,0.801886796951294,0.16966067254543304,0.0042008403688669205
YIL095W,YOR340C,0,5.692591,0.7981220483779907,0.16966067254543304,0.004300860222429037
YGR241C,YKL048C,1,5.689709,0.7990654110908508,0.170658677816391,0.004300860222429037
YIL095W,YLR332W,0,5.6763186,0.7953488230705261,0.170658677816391,0.004400880075991154
YHR161C,YNL079C,1,5.6755543,0.7962962985038757,0.17165668308734894,0.004400880075991154
YBL007C,YKL007W,1,5.6662107,0.7972350120544434,0.17265468835830688,0.004400880075991154
YLR429W,YGL233W,1,5.661198,0.7981651425361633,0.17365269362926483,0.004400880075991154
YLR337C,YLL038C,1,5.660646,0.7990867495536804,0.17465069890022278,0.004400880075991154
YLR319C,YLR314C,1,5.6570044,0.800000011920929,0.17564870417118073,0.004400880075991154
YGR241C,YDR076W,0,5.6443896,0.7963801026344299,0.17564870417118073,0.004500900395214558
YNL166C,YCL029C,1,5.6441617,0.7972972989082336,0.17664670944213867,0.004500900395214558
YIR006C,YDR379W,1,5.6436152,0.7982062697410583,0.17764471471309662,0.004500900395214558
YMR109W,YOR205C,0,5.642216,0.7946428656578064,0.17764471471309662,0.004600920248776674
YCR002C,YHR161C,1,5.638634,0.7955555319786072,0.17864271998405457,0.004600920248776674
YGR080W,YBR130C,1,5.632914,0.7964601516723633,0.1796407252550125,0.004600920248776674
YNR049C,YOL017W,0,5.627829,0.7929515242576599,0.1796407252550125,0.004700940102338791
YLR370C,YPL066W,0,5.6265783,0.7894737124443054,0.1796407252550125,0.004800960421562195
YPR055W,YLR429W,1,5.6228695,0.7903929948806763,0.18063871562480927,0.004800960421562195
YMR092C,YLR313C,1,5.613397,0.791304349899292,0.1816367208957672,0.004800960421562195
YNL020C,YNL084C,1,5.6118126,0.7922077775001526,0.18263472616672516,0.004800960421562195
YOR127W,YLL021W,1,5.5630937,0.7931034564971924,0.1836327314376831,0.004800960421562195
YIR006C,YJL020C,1,5.560887,0.7939913868904114,0.18463073670864105,0.004800960421562195
YPL269W,YLL043W,0,5.546773,0.7905982732772827,0.18463073670864105,0.0049009802751243114
YLR337C,YDR233C,1,5.5427938,0.7914893627166748,0.185628741979599,0.0049009802751243114
YIL140W,YOR329C,1,5.5340447,0.7923728823661804,0.18662674725055695,0.0049009802751243114
YAL034W-A,YBR155W,0,5.5321383,0.7890295386314392,0.18662674725055695,0.005001000128686428
YBL007C,YKL129C,1,5.5241876,0.7899159789085388,0.1876247525215149,0.005001000128686428
YIR006C,YMR109W,1,5.52261,0.7907949686050415,0.18862275779247284,0.005001000128686428
YBL061C,YMR032W,1,5.5124993,0.7916666865348816,0.1896207630634308,0.005001000128686428
YPL242C,YHR061C,1,5.5093317,0.7925311326980591,0.19061876833438873,0.005001000128686428
YPL242C,YOR122C,1,5.503897,0.7933884263038635,0.19161677360534668,0.005001000128686428
YGR198W,YLR166C,1,5.4790187,0.7942386865615845,0.19261476397514343,0.005001000128686428
YGR241C,YDR309C,1,5.473857,0.7950819730758667,0.19361276924610138,0.005001000128686428
YOR127W,YJL020C,1,5.4733405,0.795918345451355,0.19461077451705933,0.005001000128686428
YNL166C,YNL079C,1,5.4724603,0.7967479825019836,0.19560877978801727,0.005001000128686428
YDR507C,YDL097C,0,5.4448357,0.7935222387313843,0.19560877978801727,0.005101019982248545
YOR181W,YDL225W,1,5.4446855,0.7943548560142517,0.19660678505897522,0.005101019982248545
YLR206W,YJR092W,1,5.4425616,0.7951807379722595,0.19760479032993317,0.005101019982248545
YBL007C,YGL181W,1,5.440853,0.7960000038146973,0.1986027956008911,0.005101019982248545
YDR388W,YNL079C,1,5.440416,0.7968127727508545,0.19960080087184906,0.005101019982248545
YBL061C,YDR218C,1,5.4332633,0.7976190447807312,0.200598806142807,0.005101019982248545
YCL029C,YPL269W,1,5.4327435,0.7984189987182617,0.20159681141376495,0.005101019982248545
YPR055W,YJL020C,1,5.432449,0.7992125749588013,0.2025948166847229,0.005101019982248545
YHR161C,YFL005W,1,5.4239388,0.800000011920929,0.20359280705451965,0.005101019982248545
YKL007W,YCR088W,1,5.4127703,0.80078125,0.2045908123254776,0.005101019982248545
YKL101W,YLR045C,1,5.410215,0.801556408405304,0.20558881759643555,0.005101019982248545
YKL007W,YDR233C,1,5.4092,0.8023256063461304,0.2065868228673935,0.005101019982248545
YMR092C,YHR107C,1,5.408076,0.8030887842178345,0.20758482813835144,0.005101019982248545
YDL192W,YPR081C,0,5.4012012,0.800000011920929,0.20758482813835144,0.005201040301471949
YOR367W,YFL031W,0,5.400926,0.7969348430633545,0.20758482813835144,0.005301060155034065
YCL029C,YHR016C,1,5.3984413,0.7977099418640137,0.2085828334093094,0.005301060155034065
YLR337C,YLR404W,1,5.3847857,0.7984790802001953,0.20958083868026733,0.005301060155034065
YBL037W,YDR144C,0,5.383962,0.7954545617103577,0.20958083868026733,0.005401080008596182
YLR045C,YHR016C,1,5.383137,0.796226441860199,0.21057884395122528,0.005401080008596182
YDL146W,YDR511W,0,5.3821783,0.7932330965995789,0.21057884395122528,0.005501100327819586
YOR367W,YNL152W,1,5.379629,0.7940074801445007,0.21157684922218323,0.005501100327819586
YNL138W,YLL021W,1,5.3642535,0.7947761416435242,0.21257485449314117,0.005501100327819586
YBL007C,YLL021W,1,5.364042,0.7955390214920044,0.21357285976409912,0.005501100327819586
YOR127W,YDR379W,1,5.3599916,0.7962962985038757,0.21457086503505707,0.005501100327819586
YLR319C,YOR008C,1,5.355402,0.7970479726791382,0.21556885540485382,0.005501100327819586
YOL112W,YNL160W,0,5.354219,0.7941176295280457,0.21556885540485382,0.005601120181381702
YOR367W,YHR114W,1,5.350116,0.7948718070983887,0.21656686067581177,0.005601120181381702
YNL020C,YPR171W,1,5.3499503,0.7956204414367676,0.21756486594676971,0.005601120181381702
YIL095W,YGR009C,0,5.34928,0.7927272915840149,0.21756486594676971,0.005701140034943819
YLR166C,YNL233W,1,5.3478904,0.79347825050354,0.21856287121772766,0.005701140034943819
YNL138W,YJL020C,1,5.3435655,0.7942238450050354,0.2195608764886856,0.005701140034943819
YLR166C,YOR367W,1,5.3431954,0.7949640154838562,0.22055888175964355,0.005701140034943819
YNL084C,YPL269W,1,5.3428698,0.7956989407539368,0.2215568870306015,0.005701140034943819
YOR127W,YLL050C,1,5.339144,0.7964285612106323,0.22255489230155945,0.005701140034943819
YDR251W,YJL190C,0,5.3263392,0.7935943007469177,0.22255489230155945,0.005801160354167223
YGR080W,YGR198W,1,5.324164,0.7943262457847595,0.2235528975725174,0.005801160354167223
YGR080W,YLL050C,1,5.3227715,0.7950530052185059,0.22455090284347534,0.005801160354167223
YMR092C,YEL040W,1,5.312247,0.7957746386528015,0.2255489081144333,0.005801160354167223
YDR388W,YBR102C,1,5.3112426,0.7964912056922913,0.22654691338539124,0.005801160354167223
YOR367W,YDL204W,1,5.3111753,0.7972028255462646,0.227544903755188,0.005801160354167223
YFL039C,YKR008W,0,5.3091435,0.7944250702857971,0.227544903755188,0.00590118020772934
YKL007W,YDL204W,1,5.3028293,0.7951388955116272,0.22854290902614594,0.00590118020772934
YBL061C,YJR125C,1,5.2973866,0.7958477735519409,0.22954091429710388,0.00590118020772934
YDL161W,YKL129C,1,5.295695,0.7965517044067383,0.23053891956806183,0.00590118020772934
YNL138W,YKL007W,1,5.293798,0.7972508668899536,0.23153692483901978,0.00590118020772934
YDL146W,YOR340C,0,5.2909656,0.7945205569267273,0.23153692483901978,0.006001200061291456
YKL101W,YDR218C,1,5.2772403,0.7952218651771545,0.23253493010997772,0.006001200061291456
YLR206W,YJR090C,1,5.2759824,0.795918345451355,0.23353293538093567,0.006001200061291456
YKL101W,YGR080W,1,5.2707915,0.7966101765632629,0.23453094065189362,0.006001200061291456
YHR114W,YDL225W,1,5.2682714,0.7972972989082336,0.23552894592285156,0.006001200061291456
YLR337C,YPL074W,1,5.265154,0.7979797720909119,0.2365269511938095,0.006001200061291456
YIL068C,YHR016C,1,5.2629056,0.7986577153205872,0.23752495646476746,0.006001200061291456
YOR181W,YHR016C,1,5.2623496,0.7993311285972595,0.2385229468345642,0.006001200061291456
YNL106C,YGL206C,0,5.262101,0.79666668176651,0.2385229468345642,0.00610122038051486
YCR009C,YJR090C,1,5.259806,0.7973421812057495,0.23952095210552216,0.00610122038051486
YNL106C,YLR429W,1,5.2581162,0.7980132699012756,0.2405189573764801,0.00610122038051486
YCL024W,YMR049C,0,5.248322,0.7953795194625854,0.2405189573764801,0.006201240234076977
YGR241C,YNL233W,1,5.2458425,0.7960526347160339,0.24151696264743805,0.006201240234076977
YLR045C,YGL233W,1,5.23943,0.796721339225769,0.242514967918396,0.006201240234076977
YKL129C,YCR088W,1,5.2316275,0.7973856329917908,0.24351297318935394,0.006201240234076977
YKL101W,YFL005W,1,5.230261,0.7980455756187439,0.2445109784603119,0.006201240234076977
YPR055W,YOR171C,1,5.2288404,0.798701286315918,0.24550898373126984,0.006201240234076977
YGR080W,YER149C,1,5.2275867,0.799352765083313,0.24650698900222778,0.006201240234076977
YNL106C,YHR016C,1,5.2212243,0.800000011920929,0.24750499427318573,0.006201240234076977
YCR009C,YKL101W,1,5.220612,0.8006430864334106,0.24850299954414368,0.006201240234076977
YGL203C,YML028W,0,5.216044,0.7980769276618958,0.24850299954414368,0.006301260087639093
YLR210W,YGR070W,0,5.214536,0.7955271601676941,0.24850299954414368,0.006401280406862497
YDR251W,YOR182C,0,5.2142825,0.7929936051368713,0.24850299954414368,0.006501300260424614
YNL138W,YKR066C,0,5.211106,0.7904762029647827,0.24850299954414368,0.006601320113986731
YKL101W,YHR061C,1,5.2109766,0.7911392450332642,0.24950100481510162,0.006601320113986731
YER008C,YOR171C,1,5.2101874,0.7917981147766113,0.25049901008605957,0.006601320113986731
YLR206W,YOR127W,1,5.2091136,0.7924528121948242,0.2514970004558563,0.006601320113986731
YNR035C,YPL218W,0,5.2050147,0.7899686694145203,0.2514970004558563,0.0067013404332101345
YMR092C,YIL076W,0,5.1982336,0.7875000238418579,0.2514970004558563,0.006801360286772251
YKL101W,YJR076C,1,5.197986,0.7881619930267334,0.25249502062797546,0.006801360286772251
YMR032W,YGL233W,1,5.192781,0.7888198494911194,0.2534930109977722,0.006801360286772251
YPR171W,YLR313C,1,5.1883163,0.7894737124443054,0.25449103116989136,0.006801360286772251
YIL095W,YLL021W,1,5.182978,0.790123462677002,0.2554890215396881,0.006801360286772251
YCR002C,YLL050C,1,5.181664,0.7907692193984985,0.25648701190948486,0.006801360286772251
YCL014W,YIL159W,1,5.1748548,0.7914110422134399,0.257485032081604,0.006801360286772251
YCL014W,YML052W,1,5.173905,0.7920489311218262,0.25848302245140076,0.006801360286772251
YOR127W,YML052W,1,5.173509,0.792682945728302,0.2594810426235199,0.006801360286772251
YJL158C,YJR090C,0,5.1701183,0.7902735471725464,0.2594810426235199,0.006901380140334368
YCL014W,YIL095W,1,5.1690583,0.7909091114997864,0.26047903299331665,0.006901380140334368
YNL166C,YPL074W,1,5.167416,0.791540801525116,0.2614770531654358,0.006901380140334368
YGR198W,YIL138C,1,5.162877,0.7921686768531799,0.26247504353523254,0.006901380140334368
YLR429W,YLR071C,0,5.162398,0.7897897958755493,0.26247504353523254,0.007001400459557772
YLR319C,YDR379W,1,5.1610017,0.7904191613197327,0.2634730637073517,0.007001400459557772
YHR023W,YJL104W,0,5.1498237,0.7880597114562988,0.2634730637073517,0.007101420313119888
YMR092C,YPL030W,0,5.147302,0.7857142686843872,0.2634730637073517,0.007201440166682005
YKL129C,YJR092W,1,5.147166,0.7863501310348511,0.26447105407714844,0.007201440166682005
YHR107C,YDR099W,0,5.146813,0.784023642539978,0.26447105407714844,0.007301460485905409
YCR009C,YAL003W,0,5.146293,0.7817109227180481,0.26447105407714844,0.0074014803394675255
YOR127W,YKL061W,0,5.1445937,0.779411792755127,0.26447105407714844,0.007501500193029642
YOR127W,YGL181W,1,5.138063,0.7800586223602295,0.2654690742492676,0.007501500193029642
YBL060W,YDR153C,0,5.1379976,0.7777777910232544,0.2654690742492676,0.007601520512253046
YDR166C,YHR128W,0,5.133836,0.7755101919174194,0.2654690742492676,0.007701540365815163
YNL138W,YMR109W,1,5.129581,0.7761628031730652,0.26646706461906433,0.007701540365815163
YBL061C,YOL040C,0,5.1226907,0.7739130258560181,0.26646706461906433,0.007801560219377279
YIL159W,YHR114W,1,5.120193,0.7745664715766907,0.2674650549888611,0.007801560219377279
YLL050C,YOR171C,1,5.1190104,0.7752161622047424,0.2684630751609802,0.007801560219377279
YIL068C,YPL269W,1,5.1152463,0.7758620977401733,0.269461065530777,0.007801560219377279
YLR429W,YEL013W,0,5.1145015,0.7736389636993408,0.269461065530777,0.007901580072939396
YLR187W,YMR067C,0,5.1051497,0.7714285850524902,0.269461065530777,0.0080016003921628
YPL032C,YLR026C,0,5.1045938,0.7692307829856873,0.269461065530777,0.008101620711386204
YNL233W,YIL095W,1,5.1006694,0.7698863744735718,0.2704590857028961,0.008101620711386204
YOR181W,YOR171C,1,5.094653,0.7705382704734802,0.27145707607269287,0.008101620711386204
YGR080W,YHR107C,1,5.093828,0.7711864113807678,0.272455096244812,0.008101620711386204
YPL242C,YPL269W,1,5.0925136,0.7718309760093689,0.27345308661460876,0.008101620711386204
YNL106C,YDL225W,1,5.091517,0.7724719047546387,0.2744511067867279,0.008101620711386204
YCR002C,YOR329C,1,5.091512,0.7731092572212219,0.27544909715652466,0.008101620711386204
YCR009C,YDL161W,1,5.0914407,0.7737430334091187,0.2764471173286438,0.008101620711386204
YML052W,YDR309C,1,5.089779,0.7743732333183289,0.27744510769844055,0.008101620711386204
YPR055W,YNL020C,1,5.0845904,0.7749999761581421,0.2784431278705597,0.008101620711386204
YNL106C,YPR171W,1,5.084128,0.7756232619285583,0.27944111824035645,0.008101620711386204
YML052W,YPR171W,1,5.0788913,0.7762430906295776,0.2804391086101532,0.008101620711386204
YKL101W,YDL222C,1,5.075928,0.7768595218658447,0.28143712878227234,0.008101620711386204
YOR181W,YDR512C,0,5.0755205,0.7747252583503723,0.28143712878227234,0.008201640099287033
YIR006C,YIL138C,1,5.073932,0.7753424644470215,0.2824351191520691,0.008201640099287033
YNL166C,YCR088W,1,5.0717816,0.7759562730789185,0.28343313932418823,0.008201640099287033
YLR166C,YDL204W,1,5.0655603,0.776566743850708,0.284431129693985,0.008201640099287033
YNL126W,YOL120C,0,5.060372,0.7744565010070801,0.284431129693985,0.008301660418510437
YCR088W,YHR107C,1,5.0558352,0.7750677466392517,0.2854291498661041,0.008301660418510437
YGR241C,YNL079C,1,5.049126,0.7756756544113159,0.2864271402359009,0.008301660418510437
YOR181W,YIL095W,1,5.0490932,0.7762803435325623,0.28742516040802,0.008301660418510437
YIL068C,YML052W,1,5.042952,0.7768816947937012,0.2884231507778168,0.008301660418510437
YBL007C,YDR388W,1,5.02644,0.777479887008667,0.2894211709499359,0.008301660418510437
YDR388W,YDR129C,1,5.022472,0.7780748605728149,0.29041916131973267,0.008301660418510437
YGR198W,YJR125C,1,5.022114,0.7786666750907898,0.2914171516895294,0.008301660418510437
YDR388W,YKL152C,0,5.0210485,0.7765957713127136,0.2914171516895294,0.008401680737733841
YOR367W,YDR379W,1,5.0186286,0.7771883010864258,0.29241517186164856,0.008401680737733841
YMR092C,YLR448W,0,5.0181823,0.7751322984695435,0.29241517186164856,0.00850170012563467
YCR009C,YGR032W,1,5.015082,0.7757256031036377,0.2934131622314453,0.00850170012563467
YIR033W,YMR099C,0,5.004008,0.7736842036247253,0.2934131622314453,0.008601720444858074
YER008C,YDR510W,1,5.0034404,0.7742782235145569,0.29441118240356445,0.008601720444858074
YBL007C,YFR024C-A,1,5.003104,0.7748690843582153,0.2954091727733612,0.008601720444858074
YOR181W,YCL029C,1,4.9987884,0.7754569053649902,0.29640719294548035,0.008601720444858074
YOR127W,YAL061W,0,4.9974275,0.7734375,0.29640719294548035,0.008701740764081478
YKL129C,YLR313C,1,4.996474,0.7740259766578674,0.2974051833152771,0.008701740764081478
YJR058C,YDR388W,0,4.99537,0.772020697593689,0.2974051833152771,0.008801760151982307
YDL161W,YLL050C,1,4.9927406,0.7726098299026489,0.29840320348739624,0.008801760151982307
YDL146W,YIL177C,0,4.9921036,0.7706185579299927,0.29840320348739624,0.008901780471205711
YLR319C,YLR429W,1,4.990239,0.7712082266807556,0.299401193857193,0.008901780471205711
YCR002C,YHR188C,0,4.988005,0.7692307829856873,0.299401193857193,0.009001800790429115
YBL007C,YOR109W,1,4.9792852,0.7698209881782532,0.30039921402931213,0.009001800790429115
YIL095W,YIR009W,0,4.9782577,0.7678571343421936,0.30039921402931213,0.009101820178329945
YBR102C,YPR188C,1,4.9712677,0.7684478163719177,0.3013972043991089,0.009101820178329945
YOR181W,YML052W,1,4.9634695,0.7690355181694031,0.30239519476890564,0.009101820178329945
YNL020C,YPL269W,1,4.9597645,0.7696202397346497,0.3033932149410248,0.009101820178329945
YLR337C,YDR129C,1,4.9582505,0.7702020406723022,0.30439120531082153,0.009101820178329945
YMR092C,YDL193W,0,4.95048,0.7682619690895081,0.30439120531082153,0.009201840497553349
YNL233W,YDL225W,1,4.9492593,0.7688442468643188,0.3053892254829407,0.009201840497553349
YER008C,YPR188C,1,4.949148,0.7694235444068909,0.3063872158527374,0.009201840497553349
YCL024W,YER133W,0,4.9353585,0.7674999833106995,0.3063872158527374,0.009301860816776752
YPL269W,YLR119W,0,4.931291,0.7655860185623169,0.3063872158527374,0.009401880204677582
YER008C,YMR032W,1,4.9257975,0.7661691308021545,0.30738523602485657,0.009401880204677582
YPL155C,YLR388W,0,4.9210773,0.7642679810523987,0.30738523602485657,0.009501900523900986
YIL140W,YPL111W,0,4.916468,0.7623762488365173,0.30738523602485657,0.00960192084312439
YJR005W,YDR503C,0,4.915347,0.760493814945221,0.30738523602485657,0.009701940231025219
YJR089W,YDR418W,0,4.9098926,0.7586206793785095,0.30738523602485657,0.009801960550248623
YPL269W,YLR410W,0,4.9088945,0.7567567825317383,0.30738523602485657,0.009901979938149452
YLR319C,YOR171C,1,4.906832,0.7573529481887817,0.3083832263946533,0.009901979938149452
YBL007C,YOR008C,1,4.900622,0.7579461932182312,0.30938124656677246,0.009901979938149452
YCR009C,YNL233W,1,4.8987174,0.7585365772247314,0.3103792369365692,0.009901979938149452
YOR367W,YPL255W,0,4.8980155,0.7566909790039062,0.3103792369365692,0.010002000257372856
YFR024C,YLR314C,1,4.894299,0.7572815418243408,0.31137725710868835,0.010002000257372856
YIR003W,YMR281W,0,4.894095,0.7554479241371155,0.31137725710868835,0.01010202057659626
YLR206W,YLR404W,1,4.888263,0.7560386657714844,0.3123752474784851,0.01010202057659626
YGL156W,YDL166C,0,4.8867154,0.7542168498039246,0.3123752474784851,0.01020203996449709
YLR206W,YNL152W,1,4.886066,0.754807710647583,0.31337326765060425,0.01020203996449709
YOR109W,YML052W,1,4.8737297,0.7553957104682922,0.314371258020401,0.01020203996449709
YLR045C,YLL038C,1,4.868886,0.7559808492660522,0.31536924839019775,0.01020203996449709
YOR181W,YHR081W,0,4.865086,0.7541766166687012,0.31536924839019775,0.010302060283720493
YJR076C,YDL120W,0,4.8573127,0.7523809671401978,0.31536924839019775,0.010402080602943897
YDL146W,YMR080C,0,4.852846,0.7505938410758972,0.31536924839019775,0.010502099990844727
YHR023W,YGL181W,1,4.850019,0.7511848211288452,0.3163672685623169,0.010502099990844727
YPR055W,YFR024C-A,1,4.8410764,0.7517730593681335,0.31736525893211365,0.010502099990844727
YKR090W,YLR040C,0,4.839108,0.75,0.31736525893211365,0.01060212031006813
YHR123W,YOL100W,0,4.8390083,0.748235285282135,0.31736525893211365,0.010702140629291534
YCR009C,YDR166C,1,4.8383746,0.748826265335083,0.3183632791042328,0.010702140629291534
YOR181W,YGL233W,1,4.835915,0.7494145035743713,0.31936126947402954,0.010702140629291534
YML064C,YMR291W,0,4.821736,0.7476635575294495,0.31936126947402954,0.010802160017192364
YIL034C,YKL093W,0,4.819962,0.745920717716217,0.31936126947402954,0.010902180336415768
YNL166C,YIL140W,1,4.81854,0.7465116381645203,0.3203592896461487,0.010902180336415768
YCL014W,YJR125C,1,4.8164287,0.747099757194519,0.32135728001594543,0.010902180336415768
YCL029C,YNL233W,1,4.812335,0.7476851940155029,0.3223553001880646,0.010902180336415768
YBL034C,YBR286W,0,4.798288,0.7459584474563599,0.3223553001880646,0.011002200655639172
YNL271C,YOR141C,0,4.7856803,0.7442396283149719,0.3223553001880646,0.011102220043540001
YHR023W,YLL038C,1,4.7832513,0.7448275685310364,0.32335329055786133,0.011102220043540001
YPL269W,YML019W,0,4.782353,0.7431192398071289,0.32335329055786133,0.011202240362763405
YML052W,YDL225W,1,4.779301,0.7437071204185486,0.32435131072998047,0.011202240362763405
YDL225W,YNL053W,0,4.777792,0.7420091032981873,0.32435131072998047,0.011302260681986809
YOR109W,YLR045C,1,4.7755594,0.7425968050956726,0.3253493010997772,0.011302260681986809
YGR080W,YLR319C,1,4.7665615,0.7431818246841431,0.326347291469574,0.011302260681986809
YIL159W,YHR018C,0,4.762935,0.7414966225624084,0.326347291469574,0.011402280069887638
YIL159W,YLL021W,1,4.7532125,0.7420814633369446,0.3273453116416931,0.011402280069887638
YCL029C,YLR313C,1,4.748344,0.7426636815071106,0.32834330201148987,0.011402280069887638
YDR166C,YGL121C,0,4.7440243,0.7409909963607788,0.32834330201148987,0.011502300389111042
YNL233W,YNL079C,1,4.7353573,0.7415730357170105,0.329341322183609,0.011502300389111042
YKL129C,YJR125C,1,4.732516,0.7421524524688721,0.33033931255340576,0.011502300389111042
YOR367W,YBR130C,1,4.728045,0.7427293062210083,0.3313373327255249,0.011502300389111042
YLL050C,YBR130C,1,4.722984,0.7433035969734192,0.33233532309532166,0.011502300389111042
YNL106C,YDR309C,1,4.7226987,0.74387526512146,0.3333333432674408,0.011502300389111042
YCR009C,YDR233C,1,4.7195005,0.7444444298744202,0.33433133363723755,0.011502300389111042
YCR002C,YFR024C-A,1,4.712501,0.7450110912322998,0.3353293538093567,0.011502300389111042
YKL101W,YBR130C,1,4.709858,0.7455752491950989,0.33632734417915344,0.011502300389111042
YLR370C,YNL032W,0,4.708814,0.743929386138916,0.33632734417915344,0.011602320708334446
YAL055W,YOR124C,0,4.702315,0.742290735244751,0.33632734417915344,0.011702340096235275
YPR055W,YIL034C,1,4.6997848,0.7428571581840515,0.3373253345489502,0.011702340096235275
YIL068C,YIL138C,1,4.697408,0.7434210777282715,0.33832335472106934,0.011702340096235275
YJL085W,YDR379W,1,4.6939883,0.7439824938774109,0.3393213450908661,0.011702340096235275
YHR114W,YGL181W,1,4.6930413,0.7445414662361145,0.34031936526298523,0.011702340096235275
YGL200C,YKL073W,0,4.692632,0.742919385433197,0.34031936526298523,0.01180236041545868
YCR030C,YDR312W,0,4.6912227,0.741304337978363,0.34031936526298523,0.011902380734682083
YHR161C,YPL084W,0,4.6895194,0.7396963238716125,0.34031936526298523,0.012002400122582912
YOR127W,YIL039W,0,4.675847,0.738095223903656,0.34031936526298523,0.012102420441806316
YCR009C,YJL092W,0,4.673798,0.7365010976791382,0.34031936526298523,0.01220244076102972
YER008C,YPR055W,1,4.67032,0.7370689511299133,0.341317355632782,0.01220244076102972
YOR367W,YJR092W,1,4.666959,0.7376344203948975,0.3423153758049011,0.01220244076102972
YOR188W,YOL105C,0,4.665092,0.7360514998435974,0.3423153758049011,0.01230246014893055
YOR304C-A,YMR023C,0,4.663099,0.7344753742218018,0.3423153758049011,0.012402480468153954
YNL020C,YIL068C,1,4.657771,0.7350427508354187,0.3433133661746979,0.012402480468153954
YFL047W,YIL066C,0,4.649085,0.7334755063056946,0.3433133661746979,0.012502500787377357
YCL014W,YJR090C,1,4.6367917,0.7340425252914429,0.344311386346817,0.012502500787377357
YBR200W,YBL046W,0,4.6360655,0.7324841022491455,0.344311386346817,0.012602520175278187
YMR032W,YPL269W,1,4.6301203,0.7330508232116699,0.34530937671661377,0.012602520175278187
YDR164C,YIR010W,0,4.6300535,0.731501042842865,0.34530937671661377,0.01270254049450159
YCR009C,YBR130C,1,4.62824,0.7320675253868103,0.3463073968887329,0.01270254049450159
YGL200C,YML062C,0,4.624586,0.730526328086853,0.3463073968887329,0.012802560813724995
YDR251W,YDR006C,0,4.617947,0.7289915680885315,0.3463073968887329,0.012902580201625824
YBR102C,YHR107C,1,4.6161704,0.7295597195625305,0.34730538725852966,0.012902580201625824
YER008C,YBL007C,1,4.615172,0.7301255464553833,0.3483034074306488,0.012902580201625824
YIL034C,YOL113W,0,4.6148677,0.7286012768745422,0.3483034074306488,0.013002600520849228
YOR008C,YFL005W,1,4.6146007,0.7291666865348816,0.34930139780044556,0.013002600520849228
YPL269W,YPR171W,1,4.61356,0.7297297120094299,0.3502993881702423,0.013002600520849228
YOR127W,YFL005W,1,4.6124663,0.7302904725074768,0.35129740834236145,0.013002600520849228
YBL061C,YNL079C,1,4.6117654,0.7308488488197327,0.3522953987121582,0.013002600520849228
YCR009C,YFL039C,1,4.5999784,0.7314049601554871,0.35329341888427734,0.013002600520849228
YHR149C,YBR260C,1,4.5978475,0.7319587469100952,0.3542914092540741,0.013002600520849228
YLR314C,YHR016C,1,4.5971146,0.7325102686882019,0.35528942942619324,0.013002600520849228
YGR241C,YNL032W,0,4.5950203,0.7310061454772949,0.35528942942619324,0.013102620840072632
YDR379W,YHR114W,1,4.594719,0.7315573692321777,0.35628741979599,0.013102620840072632
YNL106C,YLL038C,1,4.5935483,0.7321063280105591,0.35728543996810913,0.013102620840072632
YOR127W,YLR187W,0,4.592685,0.7306122183799744,0.35728543996810913,0.013202640227973461
YCR030C,YCR087C-A,0,4.5898137,0.7291242480278015,0.35728543996810913,0.013302660547196865
YMR032W,YGR032W,1,4.5834513,0.7296748161315918,0.3582834303379059,0.013302660547196865
YER118C,YLR182W,0,4.579952,0.7281947135925293,0.3582834303379059,0.013402680866420269
YKL007W,YHR107C,1,4.579883,0.7287449240684509,0.359281450510025,0.013402680866420269
YLR045C,YJR092W,1,4.5772595,0.7292929291725159,0.3602794408798218,0.013402680866420269
YLR370C,YNL072W,0,4.5768843,0.7278226017951965,0.3602794408798218,0.013502700254321098
YOR008C,YLR045C,1,4.575634,0.7283702492713928,0.36127743124961853,0.013502700254321098
YIL095W,YGR238C,0,4.5706944,0.7269076108932495,0.36127743124961853,0.013602720573544502
YGR241C,YNR013C,0,4.567783,0.725450873374939,0.36127743124961853,0.013702740892767906
YJR112W,YFL010W-A,0,4.5615673,0.7239999771118164,0.36127743124961853,0.013802760280668736
YPR055W,YOR367W,1,4.5598826,0.7245509028434753,0.36227545142173767,0.013802760280668736
YKL129C,YER149C,1,4.559748,0.7250996232032776,0.3632734417915344,0.013802760280668736
YER008C,YNL271C,1,4.546179,0.7256461381912231,0.36427146196365356,0.013802760280668736
YDR388W,YNL233W,1,4.539817,0.726190447807312,0.3652694523334503,0.013802760280668736
YPL155C,YGR188C,0,4.5391793,0.7247524857521057,0.3652694523334503,0.01390278059989214
YNL166C,YIL035C,0,4.533093,0.7233201861381531,0.3652694523334503,0.014002800919115543
YBL061C,YLR103C,0,4.530107,0.7218934893608093,0.3652694523334503,0.014102820307016373
YAL029C,YPL046C,0,4.525123,0.7204724550247192,0.3652694523334503,0.014202840626239777
YJR005W,YKL140W,0,4.5219064,0.7190569639205933,0.3652694523334503,0.01430286094546318
YNL106C,YHL032C,0,4.5163255,0.7176470756530762,0.3652694523334503,0.01440288033336401
YNL106C,YGR239C,0,4.5135045,0.7162426710128784,0.3652694523334503,0.014502900652587414
YDR233C,YDR129C,1,4.50825,0.716796875,0.36626747250556946,0.014502900652587414
YOR373W,YJL104W,0,4.505877,0.7153996229171753,0.36626747250556946,0.014602920971810818
YMR123W,YKL096W,0,4.505815,0.7140077948570251,0.36626747250556946,0.014702940359711647
YOR127W,YBR102C,1,4.5037346,0.7145631313323975,0.3672654628753662,0.014702940359711647
YIL034C,YNL299W,0,4.4974465,0.713178277015686,0.3672654628753662,0.014802960678935051
YMR032W,YDR326C,0,4.496032,0.7117988467216492,0.3672654628753662,0.014902980998158455
YDL225W,YJL144W,0,4.4918313,0.7104247212409973,0.3672654628753662,0.015003000386059284
YNL298W,YOR122C,1,4.4911222,0.7109826803207397,0.36826348304748535,0.015003000386059284
YIL140W,YBL018C,0,4.4888196,0.7096154093742371,0.36826348304748535,0.015103020705282688
YDL161W,YNL020C,1,4.481338,0.7101727724075317,0.3692614734172821,0.015103020705282688
YBL061C,YOR109W,1,4.479892,0.7107279896736145,0.37025949358940125,0.015103020705282688
YDR218C,YKL007W,1,4.478091,0.7112810611724854,0.371257483959198,0.015103020705282688
YJL085W,YIL105C,0,4.4734645,0.7099236845970154,0.371257483959198,0.015203041024506092
YJL085W,YOR232W,0,4.4693475,0.7085714340209961,0.371257483959198,0.015303060412406921
YBL061C,YJR090C,1,4.461473,0.7091254591941833,0.37225547432899475,0.015303060412406921
YBR102C,YOR008C,1,4.458071,0.7096773982048035,0.3732534945011139,0.015303060412406921
YLR045C,YAL060W,0,4.4548907,0.7083333134651184,0.3732534945011139,0.015403080731630325
YBL061C,YGL181W,1,4.4495664,0.7088847160339355,0.37425148487091064,0.015403080731630325
YPL255W,YDR050C,0,4.44816,0.7075471878051758,0.37425148487091064,0.01550310105085373
YNL271C,YJR092W,1,4.448025,0.7080979347229004,0.3752495050430298,0.01550310105085373
YOR127W,YML124C,0,4.441957,0.7067669034004211,0.3752495050430298,0.015603120438754559
YBL007C,YDR309C,1,4.429705,0.707317054271698,0.37624749541282654,0.015603120438754559
YOR109W,YOR329C,1,4.4255986,0.7078651785850525,0.3772455155849457,0.015603120438754559
YNL298W,YNL233W,1,4.4235864,0.7084112167358398,0.37824350595474243,0.015603120438754559
YKR090W,YNL049C,0,4.4182644,0.7070895433425903,0.37824350595474243,0.015703139826655388
YER008C,YGL181W,1,4.4169583,0.7076349854469299,0.3792415261268616,0.015703139826655388
YMR032W,YJR090C,1,4.413921,0.7081784605979919,0.3802395164966583,0.015703139826655388
YLR166C,YLR313C,1,4.4124827,0.7087198495864868,0.38123753666877747,0.015703139826655388
YPL242C,YBR260C,1,4.4122386,0.7092592716217041,0.3822355270385742,0.015703139826655388
YNL271C,YPL139C,0,4.4118323,0.7079482674598694,0.3822355270385742,0.015803160145878792
YPL269W,YDR067C,0,4.411424,0.7066420912742615,0.3822355270385742,0.015903180465102196
YNL166C,YNL233W,1,4.4108467,0.7071823477745056,0.38323354721069336,0.015903180465102196
YEL040W,YKL013C,0,4.408403,0.7058823704719543,0.38323354721069336,0.0160032007843256
YJR092W,YGR239C,0,4.4057984,0.7045871615409851,0.38323354721069336,0.016103221103549004
YLR166C,YDL222C,1,4.4021044,0.7051281929016113,0.3842315375804901,0.016103221103549004
YBR234C,YHR031C,0,4.385431,0.703839123249054,0.3842315375804901,0.016203241422772408
YPL269W,YDL069C,0,4.384523,0.7025547623634338,0.3842315375804901,0.016303259879350662
YER008C,YJR092W,1,4.359507,0.7030965685844421,0.38522952795028687,0.016303259879350662
YGL233W,YGL120C,0,4.3553185,0.7018181681632996,0.38522952795028687,0.016403280198574066
YIR006C,YOR329C,1,4.354731,0.7023593187332153,0.386227548122406,0.016403280198574066
YIR006C,YLR404W,1,4.3513103,0.7028985619544983,0.38722553849220276,0.016403280198574066
YBL007C,YHR107C,1,4.3502593,0.7034357786178589,0.3882235586643219,0.016403280198574066
YCL029C,YDL225W,1,4.3460507,0.7039711475372314,0.38922154903411865,0.016403280198574066
YPL269W,YDR166C,1,4.343406,0.7045044898986816,0.3902195692062378,0.016403280198574066
YDR233C,YOR329C,1,4.342133,0.7050359845161438,0.39121755957603455,0.016403280198574066
YBL037W,YER001W,0,4.335404,0.7037702202796936,0.39121755957603455,0.01650330051779747
YNR035C,YPL033C,0,4.3344064,0.7025089859962463,0.39121755957603455,0.016603320837020874
YLR206W,YHR149C,1,4.3327174,0.703041136264801,0.3922155797481537,0.016603320837020874
YOR127W,YHR114W,1,4.3317113,0.7035714387893677,0.39321357011795044,0.016603320837020874
YLR404W,YOR122C,1,4.3257117,0.7040998339653015,0.3942115902900696,0.016603320837020874
YDL225W,YJR076C,1,4.3152637,0.7046263217926025,0.39520958065986633,0.016603320837020874
YHR107C,YLR098C,0,4.314696,0.7033748030662537,0.39520958065986633,0.016703341156244278
YLR166C,YBR260C,1,4.31331,0.7039006948471069,0.3962075710296631,0.016703341156244278
YOR304C-A,YOR384W,0,4.3123536,0.7026548385620117,0.3962075710296631,0.016803361475467682
YPL155C,YBL055C,0,4.3034253,0.7014134526252747,0.3962075710296631,0.016903379932045937
YBR234C,YDR043C,0,4.298303,0.7001763582229614,0.3962075710296631,0.01700340025126934
YLR337C,YFR024C,1,4.2924013,0.7007042169570923,0.3972055912017822,0.01700340025126934
YLR337C,YJL021C,1,4.2924013,0.7012302279472351,0.398203581571579,0.01700340025126934
YNL166C,YGR032W,1,4.2903285,0.7017543911933899,0.3992016017436981,0.01700340025126934
YNL166C,YDL225W,1,4.282678,0.7022767066955566,0.4001995921134949,0.01700340025126934
YOR233W,YPR098C,0,4.2796607,0.7010489702224731,0.4001995921134949,0.017103420570492744
YHR149C,YGL181W,1,4.276268,0.7015706896781921,0.401197612285614,0.017103420570492744
YNR044W,YMR307W,0,4.2685876,0.700348436832428,0.401197612285614,0.01720344088971615
YOR122C,YJR125C,1,4.26811,0.7008695602416992,0.40219560265541077,0.01720344088971615
YBL061C,YGR186W,0,4.2678847,0.6996527910232544,0.40219560265541077,0.017303461208939552
YDL146W,YGL208W,0,4.2650914,0.6984401941299438,0.40219560265541077,0.017403481528162956
YOL062C,YDR451C,0,4.2638707,0.6972318291664124,0.40219560265541077,0.01750349998474121
YLR045C,YGR006W,0,4.2579465,0.6960276365280151,0.40219560265541077,0.017603520303964615
YLR166C,YPR188C,1,4.2575717,0.6965517401695251,0.4031936228275299,0.017603520303964615
YBR102C,YFL005W,1,4.2564874,0.6970739960670471,0.40419161319732666,0.017603520303964615
YCL029C,YLL038C,1,4.256022,0.6975945234298706,0.4051896333694458,0.017603520303964615
YLR206W,YGL181W,1,4.2518325,0.698113203048706,0.40618762373924255,0.017603520303964615
YKL101W,YJL020C,1,4.244639,0.698630154132843,0.4071856141090393,0.017603520303964615
YLR206W,YPL158C,0,4.241264,0.6974359154701233,0.4071856141090393,0.01770354062318802
YOR127W,YNL020C,1,4.2359514,0.6979522109031677,0.40818363428115845,0.01770354062318802
YOR008C,YHR107C,1,4.2268686,0.6984667778015137,0.4091816246509552,0.01770354062318802
YBL047C,YHR061C,1,4.225862,0.6989796161651611,0.41017964482307434,0.01770354062318802
YER114C,YLL012W,0,4.223744,0.6977928876876831,0.41017964482307434,0.017803560942411423
YBL007C,YJL085W,1,4.219507,0.698305070400238,0.4111776351928711,0.017803560942411423
YPL242C,YDR510W,1,4.217756,0.6988155841827393,0.41217565536499023,0.017803560942411423
YHR149C,YJL020C,1,4.2156267,0.6993243098258972,0.413173645734787,0.017803560942411423
YBL085W,YDR071C,0,4.213721,0.6981450319290161,0.413173645734787,0.017903581261634827
YFL039C,YLL021W,1,4.210895,0.6986532211303711,0.41417166590690613,0.017903581261634827
YNL020C,YFL005W,1,4.2080107,0.6991596817970276,0.4151696562767029,0.017903581261634827
YLR370C,YCR066W,0,4.1985393,0.6979866027832031,0.4151696562767029,0.01800360158085823
YPL242C,YBR155W,0,4.189668,0.6968173980712891,0.4151696562767029,0.018103620037436485
YLR319C,YNL020C,1,4.187884,0.6973243951797485,0.416167676448822,0.018103620037436485
YJL085W,YLL050C,1,4.181047,0.6978297233581543,0.4171656668186188,0.018103620037436485
YDR233C,YLR045C,1,4.1809096,0.6983333230018616,0.4181636869907379,0.018103620037436485
YKL129C,YLL038C,1,4.17716,0.6988352537155151,0.41916167736053467,0.018103620037436485
YPR171W,YDR166C,1,4.1752567,0.6993355751037598,0.4201596677303314,0.018103620037436485
YER114C,YDR451C,0,4.170797,0.6981757879257202,0.4201596677303314,0.01820364035665989
YJR092W,YEL058W,0,4.1658754,0.6970198750495911,0.4201596677303314,0.018303660675883293
YBR102C,YGL181W,1,4.1644745,0.6975206732749939,0.42115768790245056,0.018303660675883293
YLR429W,YJL122W,0,4.1620727,0.6963696479797363,0.42115768790245056,0.018403680995106697
YOR181W,YGL181W,1,4.158279,0.6968698501586914,0.4221556782722473,0.018403680995106697
YKL007W,YDR086C,0,4.1456594,0.6957237124443054,0.4221556782722473,0.0185037013143301
YBR059C,YPL085W,0,4.1443954,0.6945812702178955,0.4221556782722473,0.018603721633553505
YLR319C,YPR171W,1,4.1429257,0.6950819492340088,0.42315369844436646,0.018603721633553505
YCL029C,YIL138C,1,4.141813,0.6955810189247131,0.4241516888141632,0.018603721633553505
YPR188C,YJR125C,1,4.1394057,0.6960784196853638,0.42514970898628235,0.018603721633553505
YGR188C,YDR511W,0,4.138845,0.6949428915977478,0.42514970898628235,0.01870374009013176
YOR181W,YPR188C,1,4.1372604,0.6954397559165955,0.4261476993560791,0.01870374009013176
YNL166C,YGL233W,1,4.1285233,0.6959349513053894,0.42714571952819824,0.01870374009013176
YCL029C,YDR233C,1,4.125316,0.6964285969734192,0.428143709897995,0.01870374009013176
YCL029C,YML052W,1,4.125135,0.6969205737113953,0.42914173007011414,0.01870374009013176
YNL020C,YMR092C,1,4.124588,0.6974110007286072,0.4301397204399109,0.01870374009013176
YKL013C,YGR038W,0,4.121044,0.6962843537330627,0.4301397204399109,0.018803760409355164
YJR112W,YCR098C,0,4.120562,0.6951612830162048,0.4301397204399109,0.018903780728578568
YBR260C,YKL048C,1,4.116011,0.695652186870575,0.43113771080970764,0.018903780728578568
YKL129C,YFL005W,1,4.1144075,0.6961414813995361,0.4321357309818268,0.018903780728578568
YPL269W,YML052W,1,4.1102424,0.6966292262077332,0.43313372135162354,0.018903780728578568
YNR035C,YPL164C,0,4.109858,0.6955128312110901,0.43313372135162354,0.01900380104780197
YER008C,YHR114W,1,4.1020923,0.6959999799728394,0.4341317415237427,0.01900380104780197
YNR035C,YBL075C,0,4.0984125,0.694888174533844,0.4341317415237427,0.019103821367025375
YER114C,YGR234W,0,4.0877223,0.6937798857688904,0.4341317415237427,0.01920384168624878
YER008C,YBL047C,1,4.0872655,0.6942675113677979,0.43512973189353943,0.01920384168624878
YNL271C,YBL010C,0,4.0869794,0.6931637525558472,0.43512973189353943,0.019303860142827034
YLR166C,YJR076C,1,4.0850234,0.6936507821083069,0.43612775206565857,0.019303860142827034
YNL020C,YOR109W,1,4.0843444,0.6941362619400024,0.4371257424354553,0.019303860142827034
YNL020C,YOR008C,1,4.083477,0.6946202516555786,0.43812376260757446,0.019303860142827034
YCL014W,YLR319C,1,4.0821033,0.6951026916503906,0.4391217529773712,0.019303860142827034
YBL061C,YIL138C,1,4.080667,0.6955835819244385,0.44011977314949036,0.019303860142827034
YIL068C,YNL233W,1,4.080237,0.6960629820823669,0.4411177635192871,0.019303860142827034
YJR005W,YNL229C,0,4.078257,0.694968581199646,0.4411177635192871,0.019403880462050438
YLR381W,YCR042C,0,4.076403,0.6938775777816772,0.4411177635192871,0.019503900781273842
YNL166C,YBR260C,1,4.070902,0.6943573951721191,0.44211575388908386,0.019503900781273842
YMR092C,YGL181W,1,4.0678067,0.6948356628417969,0.443113774061203,0.019503900781273842
YHR161C,YDR166C,1,4.0639424,0.6953125,0.44411176443099976,0.019503900781273842
YMR032W,YPR001W,0,4.0634055,0.6942277550697327,0.44411176443099976,0.019603921100497246
YBL040C,YGL178W,0,4.0605254,0.6931464076042175,0.44411176443099976,0.01970394141972065
YBL060W,YDR086C,0,4.0545793,0.6920684576034546,0.44411176443099976,0.019803959876298904
YPL242C,YDR150W,1,4.0406938,0.6925466060638428,0.4451097846031189,0.019803959876298904
YLR206W,YJR125C,1,4.0406394,0.6930232644081116,0.44610777497291565,0.019803959876298904
YHR161C,YLR246W,0,4.0336857,0.6919504404067993,0.44610777497291565,0.01990398019552231
YLL050C,YIL138C,1,4.028953,0.6924265623092651,0.4471057951450348,0.01990398019552231
YCR004C,YPL256C,0,4.024622,0.6913580298423767,0.4471057951450348,0.020004000514745712
YGL181W,YIL088C,0,4.024535,0.6902927756309509,0.4471057951450348,0.020104020833969116
YHR107C,YNL245C,0,4.0176187,0.689230740070343,0.4471057951450348,0.02020404115319252
YPL269W,YLR313C,1,4.016498,0.6897081136703491,0.44810378551483154,0.02020404115319252
YDR164C,YLR446W,0,4.011707,0.6886503100395203,0.44810378551483154,0.020304061472415924
YKL042W,YML030W,0,4.0104585,0.6875957250595093,0.44810378551483154,0.02040407992899418
YNL166C,YPR171W,1,4.009296,0.6880733966827393,0.4491018056869507,0.02040407992899418
YOR127W,YKL048C,1,4.008543,0.6885496377944946,0.45009979605674744,0.02040407992899418
YFR024C,YLL021W,1,4.006143,0.6890243887901306,0.4510978162288666,0.02040407992899418
YCL029C,YDL161W,1,3.9983513,0.689497709274292,0.45209580659866333,0.02040407992899418
YFL039C,YHR107C,1,3.9939883,0.6899695992469788,0.45309382677078247,0.02040407992899418
YLR371W,YPL237W,0,3.9909623,0.6889225840568542,0.45309382677078247,0.020504100248217583
YPL242C,YPR171W,1,3.9902422,0.689393937587738,0.4540918171405792,0.020504100248217583
YNL166C,YBR130C,1,3.9876125,0.6898638606071472,0.455089807510376,0.020504100248217583
YIR006C,YBL007C,1,3.986316,0.6903323531150818,0.4560878276824951,0.020504100248217583
YER008C,YGR034W,0,3.9708793,0.6892911195755005,0.4560878276824951,0.020604120567440987
YLR314C,YDR309C,1,3.9678733,0.6897590160369873,0.45708581805229187,0.020604120567440987
YJL085W,YIL095W,1,3.9677236,0.6902255415916443,0.458083838224411,0.020604120567440987
YLR319C,YER149C,1,3.966977,0.6906906962394714,0.45908182859420776,0.020604120567440987
YHR161C,YIL095W,1,3.9665744,0.691154420375824,0.4600798487663269,0.020604120567440987
YNL084C,YNL233W,1,3.9570453,0.6916167736053467,0.46107783913612366,0.020604120567440987
YNL106C,YHR178W,0,3.953882,0.6905829310417175,0.46107783913612366,0.02070414088666439
YER008C,YDR309C,1,3.9500883,0.6910447478294373,0.4620758593082428,0.02070414088666439
YMR109W,YPR188C,1,3.9476264,0.6915051937103271,0.46307384967803955,0.02070414088666439
YDR331W,YKL152C,0,3.9458668,0.6904761791229248,0.46307384967803955,0.020804161205887794
YMR032W,YOR071C,0,3.944587,0.689450204372406,0.46307384967803955,0.0209041815251112
YLR319C,YKR080W,0,3.938604,0.6884273290634155,0.46307384967803955,0.021004199981689453
YGR080W,YDL222C,1,3.9271786,0.6888889074325562,0.4640718698501587,0.021004199981689453
YHR161C,YGL181W,1,3.9255817,0.6893491148948669,0.46506986021995544,0.021004199981689453
YNL020C,YIL140W,1,3.9236643,0.6898079514503479,0.4660678505897522,0.021004199981689453
YBL042C,YIL041W,0,3.9222858,0.6887905597686768,0.4660678505897522,0.021104220300912857
YJR089W,YJL122W,0,3.918576,0.6877761483192444,0.4660678505897522,0.02120424062013626
YPL269W,YDL052C,0,3.9147685,0.6867647171020508,0.4660678505897522,0.021304260939359665
YCR002C,YFL005W,1,3.909229,0.6872246861457825,0.46706587076187134,0.021304260939359665
YLR206W,YIL159W,1,3.9066875,0.6876832842826843,0.4680638611316681,0.021304260939359665
YGL021W,YGL106W,0,3.8967855,0.6866764426231384,0.4680638611316681,0.02140428125858307
YOR233W,YFL039C,1,3.895888,0.6871345043182373,0.46906188130378723,0.02140428125858307
YLR084C,YNR043W,0,3.8838475,0.6861313581466675,0.46906188130378723,0.021504301577806473
YER008C,YHR061C,1,3.8818548,0.6865889430046082,0.470059871673584,0.021504301577806473
YJL085W,YKL129C,1,3.87652,0.6870450973510742,0.4710578918457031,0.021504301577806473
YBR234C,YFR003C,0,3.8751504,0.6860465407371521,0.4710578918457031,0.021604320034384727
YBR234C,YNL014W,0,3.8746498,0.6850507855415344,0.4710578918457031,0.02170434035360813
YLR207W,YLR005W,0,3.8737419,0.6840579509735107,0.4710578918457031,0.021804360672831535
YLR045C,YHR102W,0,3.8703825,0.683068037033081,0.4710578918457031,0.02190438099205494
YLR406C,YPR135W,0,3.868096,0.6820809245109558,0.4710578918457031,0.022004401311278343
YMR117C,YDL110C,0,3.8652523,0.6810966730117798,0.4710578918457031,0.022104421630501747
YGR198W,YLL021W,1,3.8646133,0.681556224822998,0.4720558822154999,0.022104421630501747
YLR404W,YCR088W,1,3.8624227,0.6820144057273865,0.473053902387619,0.022104421630501747
YHR023W,YER149C,1,3.8612678,0.6824712753295898,0.47405189275741577,0.022104421630501747
YDL222C,YNL233W,1,3.8553865,0.6829268336296082,0.4750499129295349,0.022104421630501747
YOR109W,YFR024C-A,1,3.8444245,0.6833810806274414,0.47604790329933167,0.022104421630501747
YHR152W,YOL049W,0,3.8391454,0.6824034452438354,0.47604790329933167,0.022204440087080002
YLR423C,YPL242C,0,3.837412,0.6814285516738892,0.47604790329933167,0.022304460406303406
YPL242C,YGR059W,1,3.8334224,0.6818830370903015,0.4770458936691284,0.022304460406303406
YLR381W,YOR326W,0,3.825137,0.680911660194397,0.4770458936691284,0.02240448072552681
YNL020C,YGL233W,1,3.8205945,0.6813655495643616,0.47804391384124756,0.02240448072552681
YJR135C,YJL165C,0,3.8164937,0.6803977489471436,0.47804391384124756,0.022504501044750214
YPR171W,YPL112C,0,3.8142045,0.6794326305389404,0.47804391384124756,0.022604521363973618
YHR123W,YML008C,0,3.8141143,0.678470253944397,0.47804391384124756,0.02270454168319702
YHR061C,YIL140W,1,3.8126266,0.6789250373840332,0.4790419042110443,0.02270454168319702
YBR130C,YJR125C,1,3.8098738,0.6793785095214844,0.48003992438316345,0.02270454168319702
YLR274W,YMR199W,0,3.80113,0.6784203052520752,0.48003992438316345,0.022804560139775276
YIL159W,YGR194C,0,3.7943485,0.6774647831916809,0.48003992438316345,0.02290458045899868
YOR367W,YDR486C,0,3.791711,0.6765119433403015,0.48003992438316345,0.023004600778222084
YDR150W,YLL050C,1,3.7878454,0.6769663095474243,0.4810379147529602,0.023004600778222084
YOR122C,YJR092W,1,3.7876413,0.6774193644523621,0.48203593492507935,0.023004600778222084
YOR181W,YDR166C,1,3.7826622,0.6778711676597595,0.4830339252948761,0.023004600778222084
YAL029C,YML019W,0,3.7776587,0.6769230961799622,0.4830339252948761,0.023104621097445488
YLR370C,YGR209C,0,3.7767615,0.6759776473045349,0.4830339252948761,0.023204641416668892
YNR035C,YDR174W,0,3.776548,0.6750348806381226,0.4830339252948761,0.023304661735892296
YIL068C,YLL050C,1,3.770858,0.6754874587059021,0.48403194546699524,0.023304661735892296
YPR188C,YLL038C,1,3.770458,0.6759387850761414,0.485029935836792,0.023304661735892296
YOR153W,YDL055C,0,3.7700222,0.675000011920929,0.485029935836792,0.02340468019247055
YDL222C,YPL269W,1,3.769509,0.6754507422447205,0.48602795600891113,0.02340468019247055
YER008C,YDL138W,0,3.7660873,0.6745152473449707,0.48602795600891113,0.023504700511693954
YPL032C,YDR364C,0,3.7659295,0.6735823154449463,0.48602795600891113,0.02360472083091736
YDR218C,YKL129C,1,3.7649357,0.6740331649780273,0.4870259463787079,0.02360472083091736
YBL061C,YLR319C,1,3.764031,0.6744827628135681,0.488023966550827,0.02360472083091736
YMR032W,YPL144W,0,3.7610443,0.6735537052154541,0.488023966550827,0.023704741150140762
YPL066W,YGL153W,0,3.7591665,0.6726272106170654,0.488023966550827,0.023804761469364166
YNR035C,YJR066W,0,3.7536752,0.6717032790184021,0.488023966550827,0.02390478178858757
YLR225C,YFL038C,0,3.7519648,0.6707819104194641,0.488023966550827,0.024004800245165825
YDR379W,YKL129C,1,3.7474272,0.6712328791618347,0.4890219569206238,0.024004800245165825
YOR181W,YFR024C,1,3.7472436,0.6716826558113098,0.49001994729042053,0.024004800245165825
YML052W,YGR113W,0,3.7446706,0.6707650423049927,0.49001994729042053,0.02410482056438923
YJL021C,YLR314C,1,3.7413433,0.6712141633033752,0.4910179674625397,0.02410482056438923
YNL271C,YGL233W,1,3.7382405,0.6716621518135071,0.4920159578323364,0.02410482056438923
YNL106C,YKL199C,0,3.737416,0.6707482933998108,0.4920159578323364,0.024204840883612633
YCL014W,YDR309C,1,3.7275786,0.6711956262588501,0.49301397800445557,0.024204840883612633
YHR149C,YOR329C,1,3.7192097,0.6716417670249939,0.4940119683742523,0.024204840883612633
YIR006C,YCL034W,1,3.718338,0.6720867156982422,0.49500998854637146,0.024204840883612633
YDR495C,YOL003C,0,3.7174776,0.6711772680282593,0.49500998854637146,0.024304861202836037
YOR234C,YBL058W,0,3.715892,0.6702702641487122,0.49500998854637146,0.02440488152205944
YPL241C,YHR153C,0,3.7130053,0.6693657040596008,0.49500998854637146,0.024504901841282845
YBL047C,YNL152W,1,3.7116253,0.6698113083839417,0.4960079789161682,0.024504901841282845
YMR218C,YOR315W,0,3.7077174,0.6689098477363586,0.4960079789161682,0.0246049202978611
YOL070C,YER027C,0,3.7020388,0.6680107712745667,0.4960079789161682,0.024704940617084503
YFR041C,YDR054C,0,3.6995142,0.6671140789985657,0.4960079789161682,0.024804960936307907
YJR092W,YGR090W,0,3.6965392,0.6662198305130005,0.4960079789161682,0.02490498125553131
YNL243W,YHR061C,1,3.6964533,0.6666666865348816,0.49700599908828735,0.02490498125553131
YAL023C,YDL193W,0,3.6954427,0.6657754182815552,0.49700599908828735,0.025005001574754715
YNL020C,YHR107C,1,3.6948392,0.6662216186523438,0.4980039894580841,0.025005001574754715
YLR319C,YKL129C,1,3.685006,0.6666666865348816,0.49900200963020325,0.025005001574754715
YKL048C,YGL181W,1,3.6831343,0.6671105027198792,0.5,0.025005001574754715
YNL020C,YER149C,1,3.6742618,0.667553186416626,0.5009980201721191,0.025005001574754715
YOR122C,YIL140W,1,3.673039,0.6679946780204773,0.5019959807395935,0.025005001574754715
YNL194C,YCR002C,1,3.6721973,0.6684350371360779,0.5029940009117126,0.025005001574754715
YJR135C,YDR079W,0,3.669381,0.6675496697425842,0.5029940009117126,0.02510502189397812
YOR304C-A,YNL124W,0,3.6680942,0.6666666865348816,0.5029940009117126,0.025205040350556374
YGR188C,YPL047W,0,3.6621892,0.6657859683036804,0.5029940009117126,0.025305060669779778
YDR484W,YMR267W,0,3.657133,0.6649076342582703,0.5029940009117126,0.02540508098900318
YBR102C,YHR114W,1,3.6394086,0.6653491258621216,0.5039920210838318,0.02540508098900318
YNL020C,YLL038C,1,3.6387517,0.6657894849777222,0.5049900412559509,0.02540508098900318
YLL050C,YDL222C,1,3.636646,0.6662286520004272,0.5059880018234253,0.02540508098900318
YDR130C,YNL154C,0,3.6353014,0.665354311466217,0.5059880018234253,0.025505101308226585
YCR030C,YDL054C,0,3.63458,0.6644822955131531,0.5059880018234253,0.02560512162744999
YHR016C,YFR024C-A,1,3.631265,0.6649214625358582,0.5069860219955444,0.02560512162744999
YKL048C,YDR129C,1,3.6295848,0.6653594970703125,0.5079840421676636,0.02560512162744999
YPR055W,YIL159W,1,3.6252968,0.6657963395118713,0.5089820623397827,0.02560512162744999
YPL214C,YJR006W,0,3.6210556,0.6649283170700073,0.5089820623397827,0.025705141946673393
YNL243W,YML052W,1,3.620249,0.6653645634651184,0.5099800229072571,0.025705141946673393
YGL156W,YPL204W,0,3.6197355,0.6644993424415588,0.5099800229072571,0.025805160403251648
YJR086W,YOR155C,0,3.6157944,0.6636363863945007,0.5099800229072571,0.025905180722475052
YGR179C,YDL144C,0,3.6091745,0.6627756357192993,0.5099800229072571,0.026005201041698456
YJL204C,YMR116C,0,3.606404,0.6619170904159546,0.5099800229072571,0.02610522136092186
YOR373W,YLR003C,0,3.6019235,0.6610608100891113,0.5099800229072571,0.026205241680145264
YBL061C,YPR188C,1,3.6002977,0.6614987254142761,0.5109780430793762,0.026205241680145264
YKL048C,YLR314C,1,3.5999877,0.6619355082511902,0.5119760632514954,0.026205241680145264
YDR016C,YML001W,0,3.5948787,0.6610824465751648,0.5119760632514954,0.02630526013672352
YNL084C,YMR092C,1,3.5936112,0.6615186333656311,0.5129740238189697,0.02630526013672352
YPR122W,YMR224C,0,3.5922692,0.6606683731079102,0.5129740238189697,0.026405280455946922
YDR294C,YOR310C,0,3.5920389,0.6598202586174011,0.5129740238189697,0.026505300775170326
YKL101W,YLR337C,1,3.586233,0.6602563858032227,0.5139720439910889,0.026505300775170326
YNL138W,YJL085W,1,3.5860426,0.6606914401054382,0.514970064163208,0.026505300775170326
YIR006C,YLR314C,1,3.5842702,0.6611253023147583,0.5159680843353271,0.026505300775170326
YLR206W,YDR129C,1,3.5709522,0.6615580916404724,0.5169660449028015,0.026505300775170326
YNL166C,YDR218C,1,3.5707123,0.6619898080825806,0.5179640650749207,0.026505300775170326
YPL269W,YOR269W,0,3.5698538,0.6611465215682983,0.5179640650749207,0.02660532109439373
YML064C,YHR056C,0,3.5684917,0.6603053212165833,0.5179640650749207,0.026705341413617134
YDR233C,YLL038C,1,3.5682423,0.6607369780540466,0.5189620852470398,0.026705341413617134
YNL085W,YHR124W,0,3.551786,0.6598984599113464,0.5189620852470398,0.026805361732840538
YCL029C,YDR309C,1,3.5487082,0.6603295207023621,0.5199601054191589,0.026805361732840538
YOR008C,YHR114W,1,3.5479026,0.6607595086097717,0.5209580659866333,0.026805361732840538
YLR404W,YFL005W,1,3.5478966,0.6611883640289307,0.5219560861587524,0.026805361732840538
YGR041W,YDL140C,0,3.5410964,0.6603535413742065,0.5219560861587524,0.026905380189418793
YNR049C,YDR311W,0,3.5397954,0.6595208048820496,0.5219560861587524,0.027005400508642197
YER118C,YER117W,0,3.537163,0.6586901545524597,0.5219560861587524,0.0271054208278656
YIR006C,YOR127W,1,3.5309868,0.6591194868087769,0.5229541063308716,0.0271054208278656
YPR029C,YLL045C,0,3.526629,0.6582914590835571,0.5229541063308716,0.027205441147089005
YGR041W,YOL117W,0,3.5248215,0.6574655175209045,0.5229541063308716,0.02730546146631241
YOR127W,YOR367W,1,3.520964,0.6578947305679321,0.523952066898346,0.02730546146631241
YOR367W,YML062C,0,3.5105693,0.6570713520050049,0.523952066898346,0.027405481785535812
YBR133C,YDR093W,0,3.5094664,0.65625,0.523952066898346,0.027505500242114067
YAR019C,YCR060W,0,3.5082793,0.6554307341575623,0.523952066898346,0.02760552056133747
YIL159W,YNL331C,0,3.5049627,0.6546134948730469,0.523952066898346,0.027705540880560875
YJR090C,YDL225W,1,3.501359,0.6550436019897461,0.5249500870704651,0.027705540880560875
YPL155C,YDR228C,0,3.4962475,0.6542288661003113,0.5249500870704651,0.02780556119978428
YEL061C,YDL114W,0,3.495836,0.6534161567687988,0.5249500870704651,0.027905581519007683
YER118C,YGL004C,0,3.494124,0.6526054739952087,0.5249500870704651,0.028005601838231087
YGL181W,YMR087W,0,3.486651,0.6517967581748962,0.5249500870704651,0.02810562029480934
YJL021C,YBR260C,1,3.4842947,0.6522276997566223,0.5259481072425842,0.02810562029480934
YBR130C,YCR088W,1,3.4834042,0.6526576280593872,0.5269461274147034,0.02810562029480934
YFL039C,YBL105C,0,3.481006,0.6518518328666687,0.5269461274147034,0.028205640614032745
YCL029C,YOR008C,1,3.4786947,0.6522811055183411,0.5279440879821777,0.028205640614032745
YGL181W,YER025W,0,3.4759054,0.6514778137207031,0.5279440879821777,0.02830566093325615
YMR032W,YDR150W,1,3.4743588,0.6519064903259277,0.5289421081542969,0.02830566093325615
YOR122C,YDR166C,1,3.469719,0.6523341536521912,0.529940128326416,0.02830566093325615
YHR114W,YLL038C,1,3.4678993,0.6527607440948486,0.5309381484985352,0.02830566093325615
YDR379W,YIL138C,1,3.463814,0.6531862616539001,0.5319361090660095,0.02830566093325615
YLR342W,YJR092W,1,3.4609504,0.6536107659339905,0.5329341292381287,0.02830566093325615
YKL048C,YNL106C,1,3.4600484,0.6540342569351196,0.5339321494102478,0.02830566093325615
YBL047C,YKL129C,1,3.4545743,0.6544566750526428,0.5349301099777222,0.02830566093325615
YLR342W,YDR510W,1,3.4544458,0.6548780202865601,0.5359281301498413,0.02830566093325615
YLR371W,YMR019W,0,3.451317,0.6540803909301758,0.5359281301498413,0.028405681252479553
YDR507C,YKR065C,0,3.4433153,0.6532846689224243,0.5359281301498413,0.028505701571702957
YBR260C,YLL038C,1,3.4421985,0.6537059545516968,0.5369261503219604,0.028505701571702957
YBL061C,YCL034W,1,3.436819,0.6541262269020081,0.5379241704940796,0.028505701571702957
YBR200W,YOR010C,0,3.433769,0.653333306312561,0.5379241704940796,0.02860572189092636
YJL021C,YGR032W,1,3.4284203,0.6537530422210693,0.538922131061554,0.02860572189092636
YNL106C,YPL186C,0,3.4257896,0.6529625058174133,0.538922131061554,0.028705740347504616
YDL225W,YGL181W,1,3.4245489,0.6533816456794739,0.5399201512336731,0.028705740347504616
YBL007C,YNL233W,1,3.4236414,0.6537997722625732,0.5409181714057922,0.028705740347504616
YJR059W,YLL003W,0,3.422912,0.6530120372772217,0.5409181714057922,0.02880576066672802
YER124C,YPL204W,0,3.4221833,0.6522262096405029,0.5409181714057922,0.028905780985951424
YHR107C,YBR039W,0,3.42019,0.651442289352417,0.5409181714057922,0.029005801305174828
YBL061C,YMR283C,0,3.4200447,0.6506602764129639,0.5409181714057922,0.02910582162439823
YIR006C,YGL145W,0,3.4194305,0.6498801112174988,0.5409181714057922,0.029205841943621635
YIR014W,YJL071W,0,3.4173288,0.6491017937660217,0.5409181714057922,0.02930586040019989
YGR241C,YDL222C,1,3.4170296,0.64952152967453,0.5419161915779114,0.02930586040019989
YDL225W,YPL217C,0,3.413947,0.6487455368041992,0.5419161915779114,0.029405880719423294
YPR122W,YDR409W,0,3.4116175,0.6479713320732117,0.5419161915779114,0.029505901038646698
YDR318W,YKL209C,0,3.4088001,0.6471990346908569,0.5419161915779114,0.029605921357870102
YLR212C,YMR008C,0,3.4027562,0.6464285850524902,0.5419161915779114,0.029705941677093506
YNR035C,YIL088C,0,3.3996756,0.6456599235534668,0.5419161915779114,0.02980596199631691
YDR130C,YBR196C,0,3.3967664,0.6448931097984314,0.5419161915779114,0.029905980452895164
YNL271C,YMR033W,0,3.3964221,0.6441280841827393,0.5419161915779114,0.03000600077211857
YJL021C,YPL269W,1,3.3941026,0.6445497870445251,0.5429141521453857,0.03000600077211857
YDR510W,YJR125C,1,3.384873,0.6449704170227051,0.5439121723175049,0.03000600077211857
YJR089W,YIR010W,0,3.384338,0.6442080140113831,0.5439121723175049,0.030106021091341972
YPL003W,YDL192W,0,3.3830266,0.6434474587440491,0.5439121723175049,0.030206041410565376
YKL101W,YIL068C,1,3.3824606,0.6438679099082947,0.544910192489624,0.030206041410565376
YCR009C,YPR188C,1,3.3772218,0.6442874073982239,0.5459082126617432,0.030206041410565376
YBR133C,YDR142C,0,3.3748186,0.6435294151306152,0.5459082126617432,0.03030606172978878
YPR188C,YJR076C,1,3.3747132,0.6439483165740967,0.5469061732292175,0.03030606172978878
YIR006C,YMR092C,1,3.3746722,0.6443662047386169,0.5479041934013367,0.03030606172978878
YKL092C,YHR171W,0,3.3735402,0.6436107754707336,0.5479041934013367,0.030406082049012184
YNL243W,YKL101W,1,3.3693435,0.6440281271934509,0.5489022135734558,0.030406082049012184
YNL298W,YCR002C,1,3.3681715,0.644444465637207,0.5499001741409302,0.030406082049012184
YLR319C,YDR166C,1,3.3660853,0.644859790802002,0.5508981943130493,0.030406082049012184
YHR123W,YPR042C,0,3.362078,0.6441073417663574,0.5508981943130493,0.03050610050559044
YCL014W,YNL166C,1,3.359743,0.6445221304893494,0.5518962144851685,0.03050610050559044
YDR225W,YOL107W,0,3.3585935,0.6437718272209167,0.5518962144851685,0.030606120824813843
YNL058C,YLL001W,0,3.3573773,0.6430232524871826,0.5518962144851685,0.030706141144037247
YPR029C,YCL043C,0,3.351195,0.642276406288147,0.5518962144851685,0.03080616146326065
YCL020W,YGR234W,0,3.350051,0.6415313482284546,0.5518962144851685,0.030906181782484055
YER117W,YOR275C,0,3.345229,0.6407879590988159,0.5518962144851685,0.03100620210170746
YLR424W,YDR225W,0,3.3419664,0.6400462985038757,0.5518962144851685,0.031106220558285713
YBL007C,YGR198W,1,3.339228,0.6404623985290527,0.5528942346572876,0.031106220558285713
YML064C,YML006C,0,3.3350086,0.6397228837013245,0.5528942346572876,0.031206240877509117
YIR006C,YDR150W,1,3.3318534,0.6401383876800537,0.553892195224762,0.031206240877509117
YJL051W,YPL087W,0,3.3308866,0.6394008994102478,0.553892195224762,0.03130626305937767
YLR371W,YFR036W,0,3.330158,0.6386651396751404,0.553892195224762,0.031406279653310776
YDR497C,YMR301C,0,3.3291485,0.6379310488700867,0.553892195224762,0.03150629997253418
YDR483W,YIR022W,0,3.3279414,0.6371986269950867,0.553892195224762,0.031606320291757584
YKR010C,YGR163W,0,3.3130066,0.6364678740501404,0.553892195224762,0.03170634061098099
YBL037W,YDR173C,0,3.3112636,0.6357388496398926,0.553892195224762,0.03180636093020439
YNL079C,YDR484W,0,3.3093224,0.6350114345550537,0.553892195224762,0.031906381249427795
YKL092C,YLR385C,0,3.3067744,0.6342856884002686,0.553892195224762,0.0320064015686512
YML052W,YGL181W,1,3.305258,0.6347032189369202,0.5548902153968811,0.0320064015686512
YER008C,YIL068C,1,3.3033714,0.6351197361946106,0.5558882355690002,0.0320064015686512
YOR373W,YOR076C,0,3.298281,0.6343963742256165,0.5558882355690002,0.0321064218878746
YNL271C,YOR075W,0,3.2971184,0.6336746215820312,0.5558882355690002,0.03220644220709801
YBL061C,YBR260C,1,3.2966416,0.6340909004211426,0.5568862557411194,0.03220644220709801
YPL155C,YKR105C,0,3.2948105,0.6333711743354797,0.5568862557411194,0.03230646252632141
YIR006C,YDR129C,1,3.2933109,0.6337868571281433,0.5578842163085938,0.03230646252632141
YJR033C,YGR105W,0,3.2933016,0.6330690979957581,0.5578842163085938,0.032406482845544815
YDL204W,YHR114W,1,3.2895918,0.6334841847419739,0.5588822364807129,0.032406482845544815
YKR008W,YGR008C,0,3.285216,0.6327683329582214,0.5588822364807129,0.03250649943947792
YJL021C,YLR319C,1,3.28314,0.6331828236579895,0.559880256652832,0.03250649943947792
YDR409W,YNL079C,1,3.2816756,0.6335964202880859,0.5608782172203064,0.03250649943947792
YLR330W,YDL095W,0,3.2786171,0.6328828930854797,0.5608782172203064,0.032606519758701324
YMR305C,YMR123W,0,3.27668,0.6321709752082825,0.5608782172203064,0.03270654007792473
YBR260C,YNL106C,1,3.2725887,0.632584273815155,0.5618762373924255,0.03270654007792473
YOR347C,YOL049W,0,3.269251,0.6318743228912354,0.5618762373924255,0.03280656039714813
YCR088W,YHR016C,1,3.2688117,0.6322869658470154,0.5628742575645447,0.03280656039714813
YJL020C,YIL159W,1,3.2685535,0.6326987743377686,0.5638722777366638,0.03280656039714813
YBL037W,YPR030W,0,3.2625234,0.6319910287857056,0.5638722777366638,0.032906580716371536
YBR102C,YGR059W,1,3.2624044,0.632402241230011,0.5648702383041382,0.032906580716371536
YBL105C,YDR093W,0,3.2561295,0.6316964030265808,0.5648702383041382,0.03300660103559494
YOR106W,YJR010W,0,3.2542107,0.6309921741485596,0.5648702383041382,0.033106621354818344
YGR157W,YMR236W,0,3.2519689,0.6302895545959473,0.5648702383041382,0.03320664167404175
YJL128C,YLR221C,0,3.2507079,0.6295884251594543,0.5648702383041382,0.03330666199326515
YOR122C,YNL233W,1,3.2465718,0.6299999952316284,0.5658682584762573,0.03330666199326515
YPL269W,YLR452C,0,3.2441707,0.6293007731437683,0.5658682584762573,0.033406682312488556
YDR251W,YLR246W,0,3.2430775,0.6286031007766724,0.5658682584762573,0.03350670263171196
YBL034C,YOR323C,0,3.2388527,0.6279069781303406,0.5658682584762573,0.033606722950935364
YDR251W,YGR180C,0,3.2378242,0.627212405204773,0.5658682584762573,0.03370673954486847
YEL040W,YJR092W,1,3.2368987,0.6276243329048157,0.5668662786483765,0.03370673954486847
YBR260C,YBR130C,1,3.234112,0.628035306930542,0.5678642988204956,0.03370673954486847
YBL060W,YBL030C,0,3.2326272,0.6273428797721863,0.5678642988204956,0.03380675986409187
YNL243W,YDR379W,1,3.231735,0.6277533173561096,0.56886225938797,0.03380675986409187
YEL042W,YBR160W,0,3.2264497,0.6270626783370972,0.56886225938797,0.03390678018331528
YJR009C,YER171W,0,3.2254055,0.6263736486434937,0.56886225938797,0.03400680050253868
YML071C,YJR021C,0,3.2239969,0.6256860494613647,0.56886225938797,0.034106820821762085
YOR285W,YAL017W,0,3.2239501,0.625,0.56886225938797,0.03420684114098549
YNL084C,YPL019C,0,3.2213314,0.6243154406547546,0.56886225938797,0.03430686146020889
YHR172W,YKL156W,0,3.2212026,0.6236323714256287,0.56886225938797,0.0344068817794323
YJL085W,YNL020C,1,3.2192736,0.6240437030792236,0.5698602795600891,0.0344068817794323
YFL039C,YHR016C,1,3.2183328,0.624454140663147,0.5708582997322083,0.0344068817794323
YDR129C,YDR166C,1,3.2080605,0.6248636841773987,0.5718562602996826,0.0344068817794323
YGR106C,YGR049W,0,3.2079518,0.6241829991340637,0.5718562602996826,0.0345069020986557
YIR006C,YGR008C,0,3.2079463,0.6235038042068481,0.5718562602996826,0.034606922417879105
YMR152W,YKR081C,0,3.1998506,0.622826099395752,0.5718562602996826,0.03470694273710251
YDR221W,YHR099W,0,3.195308,0.6221498250961304,0.5718562602996826,0.03480696305632591
YLR028C,YER068W,0,3.1928387,0.6214750409126282,0.5718562602996826,0.03490697965025902
YHR023W,YPL055C,0,3.1895313,0.6208017468452454,0.5718562602996826,0.03500699996948242
YOR326W,YHR091C,0,3.1824183,0.6201298832893372,0.5718562602996826,0.035107020288705826
YHR026W,YCL063W,0,3.1754432,0.6194594502449036,0.5718562602996826,0.03520704060792923
YML065W,YOR204W,0,3.170698,0.6187905073165894,0.5718562602996826,0.035307060927152634
YLR404W,YNL084C,1,3.1695673,0.6192017197608948,0.5728542804718018,0.035307060927152634
YGL156W,YIL094C,0,3.1672456,0.618534505367279,0.5728542804718018,0.03540708124637604
YKR037C,YFR007W,0,3.1632671,0.6178686618804932,0.5728542804718018,0.03550710156559944
YKR037C,YFR004W,0,3.1612976,0.6172043085098267,0.5728542804718018,0.035607121884822845
YIL068C,YGL233W,1,3.1606755,0.6176154613494873,0.5738523006439209,0.035607121884822845
YBR235W,YPL206C,0,3.157403,0.6169527769088745,0.5738523006439209,0.03570714220404625
YKR020W,YGR191W,0,3.1569986,0.6162915229797363,0.5738523006439209,0.03580716252326965
YBL097W,YFR044C,0,3.156731,0.6156316995620728,0.5738523006439209,0.03590718284249306
YNL225C,YCL052C,0,3.152903,0.614973247051239,0.5738523006439209,0.03600720316171646
YKL048C,YDL225W,1,3.152817,0.6153846383094788,0.57485032081604,0.03600720316171646
YGR198W,YJR092W,1,3.147555,0.6157950758934021,0.5758482813835144,0.03600720316171646
YIR038C,YOR351C,0,3.1469176,0.615138590335846,0.5758482813835144,0.03610721975564957
YDR171W,YGL203C,0,3.142801,0.6144834756851196,0.5758482813835144,0.03620724007487297
YBR130C,YLR429W,1,3.1407127,0.6148936152458191,0.5768463015556335,0.03620724007487297
YDR484W,YDR503C,0,3.1401827,0.6142401695251465,0.5768463015556335,0.036307260394096375
YDR141C,YMR228W,0,3.139166,0.6135880947113037,0.5768463015556335,0.03640728071331978
YOL149W,YPR042C,0,3.1365979,0.6129374504089355,0.5768463015556335,0.03650730103254318
YBR260C,YLR079W,0,3.1338508,0.6122881174087524,0.5768463015556335,0.036607321351766586
YOR066W,YDR533C,0,3.131234,0.611640214920044,0.5768463015556335,0.03670734167098999
YDR233C,YDL225W,1,3.127914,0.6120507121086121,0.5778443217277527,0.03670734167098999
YNL243W,YIL159W,1,3.1253512,0.6124603748321533,0.5788423418998718,0.03670734167098999
YHR172W,YGL119W,0,3.1236825,0.6118143200874329,0.5788423418998718,0.036807361990213394
YIL138C,YML019W,0,3.121302,0.6111696362495422,0.5788423418998718,0.0369073823094368
YOR233W,YLR319C,1,3.1199756,0.6115789413452148,0.5798403024673462,0.0369073823094368
YNR049C,YNR003C,0,3.1178963,0.6109358668327332,0.5798403024673462,0.0370074026286602
YNL084C,YHR161C,1,3.1178682,0.6113445162773132,0.5808383226394653,0.0370074026286602
YNL166C,YFL005W,1,3.1132743,0.6117523312568665,0.5818363428115845,0.0370074026286602
YJL085W,YKL007W,1,3.112862,0.6121593117713928,0.5828343033790588,0.0370074026286602
YNL166C,YMR217W,0,3.112354,0.6115183234214783,0.5828343033790588,0.037107422947883606
YFR024C,YGR241C,1,3.109866,0.6119247078895569,0.583832323551178,0.037107422947883606
YMR297W,YKR105C,0,3.1092749,0.6112852692604065,0.583832323551178,0.03720744326710701
YOR127W,YNL227C,0,3.109266,0.6106472015380859,0.583832323551178,0.037307459861040115
YOR367W,YPL231W,0,3.1030424,0.6100104451179504,0.583832323551178,0.03740748018026352
YLR070C,YNL067W,0,3.0999618,0.609375,0.583832323551178,0.03750750049948692
YDR510W,YDR218C,1,3.095221,0.6097815036773682,0.5848303437232971,0.03750750049948692
YHR209W,YER117W,0,3.095164,0.6091476082801819,0.5848303437232971,0.03760752081871033
YFR024C,YDR388W,1,3.094023,0.6095534563064575,0.5858283638954163,0.03760752081871033
YIL140W,YMR312W,0,3.0935318,0.6089211702346802,0.5858283638954163,0.03770754113793373
YMR123W,YGL026C,0,3.086264,0.6082901358604431,0.5858283638954163,0.037807561457157135
YOR025W,YAR007C,0,3.0843012,0.6076604723930359,0.5858283638954163,0.03790758177638054
YHR019C,YER012W,0,3.0816877,0.607032060623169,0.5858283638954163,0.03800760209560394
YIL159W,YDL225W,1,3.0813324,0.6074380278587341,0.5868263244628906,0.03800760209560394
YDL185W,YJL192C,0,3.0803103,0.6068111658096313,0.5868263244628906,0.03810762241482735
YML033W,YKL059C,0,3.0799024,0.6061855554580688,0.5868263244628906,0.03820764273405075
YHR149C,YGR032W,1,3.078979,0.6065911650657654,0.5878243446350098,0.03820764273405075
YDR166C,YLL021W,1,3.0777745,0.6069958806037903,0.5888223648071289,0.03820764273405075
YOR109W,YHR114W,1,3.0772953,0.6073998212814331,0.589820384979248,0.03820764273405075
YDR510W,YGL233W,1,3.07411,0.6078028678894043,0.5908183455467224,0.03820764273405075
YCL034W,YNL079C,1,3.0713067,0.6082051396369934,0.5918163657188416,0.03820764273405075
YLR342W,YLL021W,1,3.0709236,0.6086065769195557,0.5928143858909607,0.03820764273405075
YGR089W,YOR348C,0,3.0691645,0.6079836487770081,0.5928143858909607,0.038307663053274155
YBL105C,YCR068W,0,3.0665658,0.6073619723320007,0.5928143858909607,0.03840768337249756
YNL084C,YGR032W,1,3.0651958,0.6077630519866943,0.5938123464584351,0.03840768337249756
YNL146W,YLR300W,0,3.0646245,0.6071428656578064,0.5938123464584351,0.038507699966430664
YGR054W,YPL163C,0,3.0636575,0.6065239310264587,0.5938123464584351,0.03860772028565407
YDL146W,YDR314C,0,3.0625026,0.6059063076972961,0.5938123464584351,0.03870774060487747
YHR149C,YKL129C,1,3.0581734,0.6063072085380554,0.5948103666305542,0.03870774060487747
YLR045C,YNL077W,0,3.0567012,0.6056910753250122,0.5948103666305542,0.038807760924100876
YER160C,YPL085W,0,3.0533903,0.6050761342048645,0.5948103666305542,0.03890778124332428
YLR206W,YLL038C,1,3.0529504,0.6054766774177551,0.5958083868026733,0.03890778124332428
YOR233W,YOR008C,1,3.0505564,0.6058763861656189,0.5968064069747925,0.03890778124332428
YOL112W,YGL012W,0,3.0408642,0.6052631735801697,0.5968064069747925,0.039007801562547684
YDR150W,YFL039C,1,3.040374,0.6056622862815857,0.5978043675422668,0.039007801562547684
YJL085W,YDR129C,1,3.0394537,0.6060606241226196,0.598802387714386,0.039007801562547684
YEL040W,YLR316C,0,3.0377681,0.6054490208625793,0.598802387714386,0.03910782188177109
YAR019C,YLR408C,0,3.037672,0.6048387289047241,0.598802387714386,0.03920784220099449
YGL050W,YPL232W,0,3.037309,0.6042296290397644,0.598802387714386,0.039307862520217896
YJL021C,YKL048C,1,3.034281,0.604627788066864,0.5998004078865051,0.039307862520217896
YCL040W,YML037C,0,3.034034,0.6040201187133789,0.5998004078865051,0.0394078828394413
YJR135C,YLR446W,0,3.0334952,0.6034136414527893,0.5998004078865051,0.0395079031586647
YHR026W,YNL264C,0,3.03033,0.60280841588974,0.5998004078865051,0.03960791975259781
YER118C,YLR268W,0,3.0292013,0.6022043824195862,0.5998004078865051,0.03970794007182121
YJL020C,YJR092W,1,3.0256498,0.6026026010513306,0.6007984280586243,0.03970794007182121
YLR342W,YCL014W,1,3.0247276,0.6029999852180481,0.6017963886260986,0.03970794007182121
YHR045W,YNL321W,0,3.023598,0.602397620677948,0.6017963886260986,0.03980796039104462
YBL060W,YDL144C,0,3.0224164,0.6017963886260986,0.6017963886260986,0.03990798071026802
YGR080W,YDL204W,1,3.0202515,0.6021934151649475,0.6027944087982178,0.03990798071026802
YLR353W,YDL170W,0,3.0194347,0.6015936136245728,0.6027944087982178,0.040008001029491425
YLR314C,YBR009C,0,3.0176504,0.6009950041770935,0.6027944087982178,0.04010802134871483
YGR177C,YNL310C,0,3.0173116,0.6003975868225098,0.6027944087982178,0.04020804166793823
YHR084W,YPR028W,0,3.0171688,0.5998013615608215,0.6027944087982178,0.040308061987161636
YGR179C,YJL133W,0,3.0141783,0.5992063283920288,0.6027944087982178,0.04040808230638504
YJR089W,YOR116C,0,3.0136938,0.5986124873161316,0.6027944087982178,0.040508102625608444
YER083C,YDR416W,0,3.0135293,0.5980197787284851,0.6027944087982178,0.04060812294483185
YFR024C,YLR319C,1,3.0111594,0.5984174013137817,0.6037924289703369,0.04060812294483185
YNL084C,YNL027W,0,3.0059838,0.5978260636329651,0.6037924289703369,0.04070814326405525
YMR296C,YLR084C,0,3.0009377,0.597235918045044,0.6037924289703369,0.04080815985798836
YOR109W,YLR429W,1,3.0003269,0.5976331233978271,0.6047903895378113,0.04080815985798836
YBR130C,YDR309C,1,2.998605,0.5980295538902283,0.6057884097099304,0.04080815985798836
YCR024C-A,YDR380W,0,2.9956672,0.5974409580230713,0.6057884097099304,0.04090818017721176
YDR348C,YNL134C,0,2.9950492,0.596853494644165,0.6057884097099304,0.041008200496435165
YLR314C,YNR021W,0,2.9896533,0.5962671637535095,0.6057884097099304,0.04110822081565857
YJR090C,YNL166C,1,2.9870226,0.5966634154319763,0.6067864298820496,0.04110822081565857
YFL039C,YCR088W,1,2.986329,0.5970588326454163,0.6077844500541687,0.04110822081565857
YNR028W,YBR237W,0,2.9834728,0.5964740514755249,0.6077844500541687,0.04120824113488197
YNL298W,YIL140W,1,2.9795237,0.5968688726425171,0.6087824106216431,0.04120824113488197
YJR125C,YBL010C,0,2.9768097,0.5962854623794556,0.6087824106216431,0.04130826145410538
YOR188W,YGR162W,0,2.9767935,0.595703125,0.6087824106216431,0.04140828177332878
YDR218C,YOR127W,1,2.9766657,0.5960975885391235,0.6097804307937622,0.04140828177332878
YGR284C,YBR048W,0,2.9665294,0.595516562461853,0.6097804307937622,0.041508302092552185
YGL207W,YOR073W,0,2.9611378,0.594936728477478,0.6097804307937622,0.04160832241177559
YDR342C,YJR031C,0,2.9593203,0.594357967376709,0.6097804307937622,0.04170834273099899
YDL226C,YIL138C,0,2.956642,0.5937803983688354,0.6097804307937622,0.0418083630502224
YOR043W,YLR229C,0,2.9528158,0.5932039022445679,0.6097804307937622,0.0419083833694458
YLR268W,YDL055C,0,2.9520242,0.592628538608551,0.6097804307937622,0.042008399963378906
YDR077W,YKL089W,0,2.9461105,0.5920542478561401,0.6097804307937622,0.04210842028260231
YGR282C,YGL131C,0,2.9440818,0.5914811491966248,0.6097804307937622,0.042208440601825714
YDR318W,YDR424C,0,2.9439325,0.5909090638160706,0.6097804307937622,0.04230846092104912
YLL050C,YHR107C,1,2.9439213,0.591304361820221,0.6107784509658813,0.04230846092104912
YNL271C,YKL048C,1,2.9438968,0.5916988253593445,0.6117764711380005,0.04230846092104912
YDR032C,YLR383W,0,2.942971,0.5911282300949097,0.6117764711380005,0.04240848124027252
YJL020C,YHR114W,1,2.9417703,0.5915221571922302,0.6127744317054749,0.04240848124027252
YBL047C,YDR218C,1,2.9411492,0.5919153094291687,0.613772451877594,0.04240848124027252
YNL138W,YJL021C,1,2.9406202,0.5923076868057251,0.6147704720497131,0.04240848124027252
YOR070C,YDR432W,0,2.940327,0.5917387008666992,0.6147704720497131,0.042508501559495926
YIR006C,YNL166C,1,2.938663,0.5921305418014526,0.6157684922218323,0.042508501559495926
YKL200C,YHL032C,0,2.9383333,0.591562807559967,0.6157684922218323,0.04260852187871933
YLR378C,YGR098C,0,2.936404,0.5909961462020874,0.6157684922218323,0.042708542197942734
YKL092C,YBR267W,0,2.9355376,0.5904306173324585,0.6157684922218323,0.04280856251716614
YOR219C,YMR321C,0,2.934342,0.5898661613464355,0.6157684922218323,0.04290858283638954
YIL159W,YHR061C,1,2.931746,0.5902578830718994,0.6167664527893066,0.04290858283638954
YML072C,YPR081C,0,2.9308527,0.5896946787834167,0.6167664527893066,0.043008603155612946
YOR115C,YJR010W,0,2.9289293,0.5891324877738953,0.6167664527893066,0.04310862347483635
YER018C,YGR010W,0,2.9288561,0.5885714292526245,0.6167664527893066,0.043208640068769455
YDR373W,YKR104W,0,2.9281375,0.5880114436149597,0.6167664527893066,0.04330866038799286
YOR171C,YLR045C,1,2.9256864,0.588403046131134,0.6177644729614258,0.04330866038799286
YKL140W,YMR199W,0,2.9253314,0.5878442525863647,0.6177644729614258,0.04340868070721626
YLL050C,YEL040W,1,2.922013,0.5882353186607361,0.6187624931335449,0.04340868070721626
YDR233C,YNL106C,1,2.9200518,0.5886256098747253,0.6197604537010193,0.04340868070721626
YLR206W,YGR032W,1,2.9196413,0.5890151262283325,0.6207584738731384,0.04340868070721626
YNL300W,YPL086C,0,2.9131653,0.5884578824043274,0.6207584738731384,0.04350870102643967
YGR116W,YDL095W,0,2.911451,0.5879017114639282,0.6207584738731384,0.04360872134566307
YDR294C,YJR152W,0,2.911396,0.5873465538024902,0.6207584738731384,0.043708741664886475
YBL047C,YGR198W,1,2.9094791,0.5877358317375183,0.6217564940452576,0.043708741664886475
YOR367W,YIL095W,1,2.907439,0.5881243944168091,0.6227545142173767,0.043708741664886475
YOR127W,YPR188C,1,2.90553,0.5885122418403625,0.6237524747848511,0.043708741664886475
YML071C,YER036C,0,2.8986676,0.5879586338996887,0.6237524747848511,0.04380876198410988
YNL265C,YMR033W,0,2.8976321,0.5874060392379761,0.6237524747848511,0.04390878230333328
YFL039C,YOR109W,1,2.8915875,0.5877934098243713,0.6247504949569702,0.04390878230333328
YPL037C,YKL015W,0,2.8861191,0.5872420072555542,0.6247504949569702,0.044008802622556686
YNL327W,YML012W,0,2.881356,0.586691677570343,0.6247504949569702,0.04410882294178009
YMR046C,YDL193W,0,2.8745968,0.5861423015594482,0.6247504949569702,0.044208843261003494
YJL021C,YDL225W,1,2.8721607,0.5865294933319092,0.6257485151290894,0.044208843261003494
YOR043W,YJL190C,0,2.869902,0.5859813094139099,0.6257485151290894,0.0443088635802269
YBL060W,YBR141C,0,2.867812,0.5854341983795166,0.6257485151290894,0.044408880174160004
YML064C,YDL047W,0,2.867066,0.5848880410194397,0.6257485151290894,0.04450890049338341
YJL080C,YLR206W,0,2.8644145,0.5843429565429688,0.6257485151290894,0.04460892081260681
YNL126W,YOR298C-A,0,2.864115,0.583798885345459,0.6257485151290894,0.044708941131830215
YCR067C,YKL135C,0,2.8637333,0.5832558274269104,0.6257485151290894,0.04480896145105362
YBR275C,YLR337W,0,2.8610318,0.582713782787323,0.6257485151290894,0.04490898177027702
YBL047C,YKL007W,1,2.8589895,0.583101212978363,0.6267465353012085,0.04490898177027702
YAL041W,YPL206C,0,2.8589036,0.5825603008270264,0.6267465353012085,0.04500900208950043
YKR002W,YGR279C,0,2.8569458,0.5820204019546509,0.6267465353012085,0.04510902240872383
YKL163W,YPL124W,0,2.8564608,0.5814814567565918,0.6267465353012085,0.045209042727947235
YBL052C,YMR315W,0,2.8551013,0.5809435844421387,0.6267465353012085,0.04530906304717064
YOR115C,YDR081C,0,2.852258,0.580406665802002,0.6267465353012085,0.04540908336639404
YBL047C,YDR150W,1,2.8510673,0.580794095993042,0.6277444958686829,0.04540908336639404
YJL019W,YOR126C,0,2.8483207,0.580258309841156,0.6277444958686829,0.04550909996032715
YNR023W,YGR008C,0,2.8465145,0.5797234773635864,0.6277444958686829,0.04560912027955055
YBL047C,YPR188C,1,2.846441,0.580110490322113,0.628742516040802,0.04560912027955055
YNL166C,YEL034W,0,2.8447306,0.5795767903327942,0.628742516040802,0.045709140598773956
YJR161C,YML037C,0,2.8442714,0.5790441036224365,0.628742516040802,0.04580916091799736
YOR073W,YOR194C,0,2.8423197,0.5785123705863953,0.628742516040802,0.045909181237220764
YNL243W,YIL095W,1,2.8410342,0.578899085521698,0.6297405362129211,0.045909181237220764
YGR229C,YBR074W,0,2.8405888,0.5783684849739075,0.6297405362129211,0.04600920155644417
YJR086W,YKL085W,0,2.8403826,0.5778388381004333,0.6297405362129211,0.04610922187566757
YGL065C,YGL112C,0,2.839741,0.5773101449012756,0.6297405362129211,0.046209242194890976
YEL026W,YBR166C,0,2.8349538,0.5767824649810791,0.6297405362129211,0.04630926251411438
YGR098C,YDR085C,0,2.8317363,0.5762556791305542,0.6297405362129211,0.046409282833337784
YHR107C,YIL083C,0,2.8306177,0.5757299065589905,0.6297405362129211,0.04650930315256119
YIL010W,YHR025W,0,2.8296554,0.5752050876617432,0.6297405362129211,0.04660932347178459
YDR304C,YDL127W,0,2.8291552,0.5746812224388123,0.6297405362129211,0.0467093400657177
YDR218C,YDR379W,1,2.8260317,0.5750682353973389,0.6307384967803955,0.0467093400657177
YIL015W,YGR135W,0,2.8251982,0.5745454430580139,0.6307384967803955,0.0468093603849411
YLR371W,YNL113W,0,2.8229911,0.5740236043930054,0.6307384967803955,0.046909380704164505
YCL029C,YNL152W,1,2.8229532,0.5744101405143738,0.6317365169525146,0.046909380704164505
YNL326C,YML115C,0,2.814774,0.5738893747329712,0.6317365169525146,0.04700940102338791
YAL020C,YDR086C,0,2.814185,0.573369562625885,0.6317365169525146,0.04710942134261131
YOR233W,YJR092W,1,2.813957,0.57375568151474,0.6327345371246338,0.04710942134261131
YLR404W,YLL021W,1,2.8123834,0.5741410255432129,0.6337325572967529,0.04710942134261131
YNR049C,YEL004W,0,2.809912,0.5736224055290222,0.6337325572967529,0.04720944166183472
YDR409W,YKL007W,1,2.8099015,0.5740072131156921,0.6347305178642273,0.04720944166183472
YNL291C,YNL212W,0,2.8077314,0.5734896063804626,0.6347305178642273,0.04730946198105812
YJL020C,YKL048C,1,2.806105,0.5738738775253296,0.6357285380363464,0.04730946198105812
YPL204W,YHR174W,0,2.8054578,0.573357343673706,0.6357285380363464,0.047409482300281525
YMR058W,YMR236W,0,2.8007143,0.5728417038917542,0.6357285380363464,0.04750950261950493
YHL033C,YGL119W,0,2.7996337,0.5723270177841187,0.6357285380363464,0.04760952293872833
YMR152W,YBL024W,0,2.7995868,0.5718132853507996,0.6357285380363464,0.047709543257951736
YGL048C,YHR141C,0,2.7985694,0.5713004469871521,0.6357285380363464,0.04780956357717514
YGL203C,YGL174W,0,2.7972825,0.5707885026931763,0.6357285380363464,0.047909580171108246
YLR008C,YJL108C,0,2.7944202,0.5702775120735168,0.6357285380363464,0.04800960049033165
YDR479C,YDR379W,0,2.7944028,0.569767415523529,0.6357285380363464,0.048109620809555054
YDL204W,YOR216C,0,2.793177,0.5692582726478577,0.6357285380363464,0.04820964112877846
YJR112W,YJL106W,0,2.7899516,0.5687500238418579,0.6357285380363464,0.04830966144800186
YJL021C,YGL181W,1,2.7885647,0.5691347122192383,0.6367265582084656,0.04830966144800186
YML054C,YPL112C,0,2.7870214,0.5686274766921997,0.6367265582084656,0.048409681767225266
YJL151C,YPR049C,0,2.7835314,0.568121075630188,0.6367265582084656,0.04850970208644867
YOR036W,YGR280C,0,2.7820666,0.5676156878471375,0.6367265582084656,0.04860972240567207
YCL034W,YOR109W,1,2.7807503,0.5680000185966492,0.6377245783805847,0.04860972240567207
YDR349C,YHR021C,0,2.773868,0.567495584487915,0.6377245783805847,0.04870974272489548
YKL222C,YDR153C,0,2.7722766,0.5669919848442078,0.6377245783805847,0.04880976304411888
YFR024C,YJR092W,1,2.7678754,0.567375898361206,0.6387225389480591,0.04880976304411888
YNL243W,YDR166C,1,2.767782,0.567759096622467,0.6397205591201782,0.04880976304411888
YOR373W,YOR054C,0,2.7669985,0.5672566294670105,0.6397205591201782,0.048909783363342285
YHL019C,YML065W,0,2.764836,0.5667550563812256,0.6397205591201782,0.04900980368256569
YJL021C,YOR008C,1,2.7636433,0.5671378374099731,0.6407185792922974,0.04900980368256569
YDR479C,YAL040C,0,2.7610958,0.5666372179985046,0.6407185792922974,0.049109820276498795
YNL268W,YJL114W,0,2.7565548,0.5661375522613525,0.6407185792922974,0.0492098405957222
YGR089W,YJR006W,0,2.7546847,0.5656387805938721,0.6407185792922974,0.0493098609149456
YNL243W,YCL014W,1,2.749542,0.5660211443901062,0.6417165398597717,0.0493098609149456
YDR251W,YMR189W,0,2.7458017,0.5655233263969421,0.6417165398597717,0.049409881234169006
YOR008C,YDR313C,0,2.743533,0.5650263428688049,0.6417165398597717,0.04950990155339241
YBL050W,YLR291C,0,2.740318,0.5645303130149841,0.6417165398597717,0.049609921872615814
YIL138C,YKL129C,1,2.740183,0.5649122595787048,0.6427145600318909,0.049609921872615814
YBR036C,YER087C-A,0,2.7375216,0.5644171833992004,0.6427145600318909,0.04970994219183922
YNL271C,YFR024C-A,1,2.7372966,0.5647985935211182,0.64371258020401,0.04970994219183922
YNL298W,YPL029W,0,2.7370756,0.5643044710159302,0.64371258020401,0.04980996251106262
YPL154C,YPL066W,0,2.736512,0.563811182975769,0.64371258020401,0.049909982830286026
YKR003W,YFR031C,0,2.735493,0.5633187890052795,0.64371258020401,0.05001000314950943
YFR041C,YKL120W,0,2.735425,0.5628272294998169,0.64371258020401,0.050110023468732834
YNL138W,YML116W,0,2.7333348,0.5623365044593811,0.64371258020401,0.05021004378795624
YBL047C,YIL095W,1,2.7324786,0.5627177953720093,0.6447106003761292,0.05021004378795624
YNL015W,YER013W,0,2.7324774,0.5622280240058899,0.6447106003761292,0.05031006038188934
YOR245C,YIL133C,0,2.7314823,0.5617391467094421,0.6447106003761292,0.05041008070111275
YNL153C,YBL101W-A,0,2.7294648,0.5612511038780212,0.6447106003761292,0.05051010102033615
YDR379W,YML052W,1,2.7267077,0.5616319179534912,0.6457085609436035,0.05051010102033615
YBL061C,YER149C,1,2.7259812,0.5620121359825134,0.6467065811157227,0.05051010102033615
YJL206C,YGR180C,0,2.7242215,0.5615251064300537,0.6467065811157227,0.050610121339559555
YOR301W,YLR448W,0,2.723833,0.5610389709472656,0.6467065811157227,0.05071014165878296
YNR049C,YLR265C,0,2.719546,0.5605536103248596,0.6467065811157227,0.05081016197800636
YMR319C,YCR079W,0,2.716633,0.5600691437721252,0.6467065811157227,0.05091018229722977
YJR090C,YHR061C,1,2.707906,0.5604490637779236,0.6477046012878418,0.05091018229722977
YNL230C,YGR192C,0,2.706853,0.5599654912948608,0.6477046012878418,0.05101020261645317
YHR215W,YEL071W,0,2.7059283,0.559482753276825,0.6477046012878418,0.051110222935676575
YOR188W,YFR031C,0,2.702278,0.5590008497238159,0.6477046012878418,0.05121024325489998
YIL129C,YOR332W,0,2.7012837,0.5585197806358337,0.6477046012878418,0.05131026357412338
YFR024C,YHR114W,1,2.6997406,0.5588994026184082,0.6487026214599609,0.05131026357412338
YGL060W,YJL052W,0,2.699573,0.5584192276000977,0.6487026214599609,0.051410283893346786
YJR134C,YML028W,0,2.693846,0.557939887046814,0.6487026214599609,0.05151030048727989
YJL021C,YNL084C,1,2.6924317,0.5583190321922302,0.6497005820274353,0.05151030048727989
YOR070C,YKL152C,0,2.690095,0.5578406453132629,0.6497005820274353,0.051610320806503296
YHR149C,YCR002C,1,2.688401,0.5582191944122314,0.6506986021995544,0.051610320806503296
YLR206W,YFR024C,1,2.6874092,0.5585970878601074,0.6516966223716736,0.051610320806503296
YFR024C,YML052W,1,2.6874092,0.5589743852615356,0.652694582939148,0.051610320806503296
YFR024C,YDR409W,1,2.6874092,0.5593509674072266,0.6536926031112671,0.051610320806503296
YJL021C,YIL095W,1,2.6874092,0.5597269535064697,0.6546906232833862,0.051610320806503296
YFR024C,YGL233W,1,2.6874092,0.5601022839546204,0.6556886434555054,0.051610320806503296
YJL021C,YGL233W,1,2.6874092,0.5604770183563232,0.6566866040229797,0.051610320806503296
YFR024C,YIL068C,1,2.6874092,0.5608510375022888,0.6576846241950989,0.051610320806503296
YFR024C,YHR023W,1,2.6874092,0.5612244606018066,0.658682644367218,0.051610320806503296
YNL298W,YBR141C,0,2.6858966,0.5607476830482483,0.658682644367218,0.0517103411257267
YJR090C,YDR166C,1,2.6814628,0.5611205697059631,0.6596806645393372,0.0517103411257267
YFR024C,YNL233W,1,2.6785882,0.5614928007125854,0.6606786251068115,0.0517103411257267
YMR051C,YPL265W,0,2.6782997,0.5610169768333435,0.6606786251068115,0.051810361444950104
YNR028W,YEL004W,0,2.6779084,0.5605419278144836,0.6606786251068115,0.05191038176417351
YOR373W,YNL257C,0,2.6774678,0.5600676536560059,0.6606786251068115,0.05201040208339691
YLR404W,YDR233C,1,2.6735103,0.5604395866394043,0.6616766452789307,0.05201040208339691
YGR014W,YIL090W,0,2.6734483,0.5599662065505981,0.6616766452789307,0.052110422402620316
YCL029C,YGL233W,1,2.6727862,0.5603375434875488,0.6626746654510498,0.052110422402620316
YJL021C,YNL298W,1,2.6708095,0.5607082843780518,0.6636726260185242,0.052110422402620316
YOR123C,YMR199W,0,2.6679575,0.5602359175682068,0.6636726260185242,0.05221044272184372
YLL055W,YAL023C,0,2.6676278,0.5597643256187439,0.6636726260185242,0.05231046304106712
YOR233W,YKL022C,0,2.6670067,0.5592935085296631,0.6636726260185242,0.05241048336029053
YNL014W,YDR512C,0,2.6657174,0.5588235259056091,0.6636726260185242,0.05251050367951393
YDR077W,YIL112W,0,2.6650717,0.5583543181419373,0.6636726260185242,0.05261052027344704
YJL021C,YDL222C,1,2.6636698,0.5587248206138611,0.6646706461906433,0.05261052027344704
YDR388W,YDR027C,0,2.6635396,0.5582565069198608,0.6646706461906433,0.05271054059267044
YAL047C,YLR283W,0,2.6612508,0.5577889680862427,0.6646706461906433,0.052810560911893845
YLR206W,YKL217W,0,2.6575022,0.5573222041130066,0.6646706461906433,0.05291058123111725
YDR349C,YOL108C,0,2.655197,0.5568562150001526,0.6646706461906433,0.05301060155034065
YER008C,YBL018C,0,2.653402,0.5563910007476807,0.6646706461906433,0.053110621869564056
YPR094W,YBR127C,0,2.6525748,0.5559265613555908,0.6646706461906433,0.05321064218878746
YFR041C,YLL002W,0,2.652099,0.5554628968238831,0.6646706461906433,0.053310662508010864
YDR476C,YKL108W,0,2.6507342,0.5550000071525574,0.6646706461906433,0.05341068282723427
YKL160W,YMR218C,0,2.6477728,0.5545378923416138,0.6646706461906433,0.05351070314645767
YGR041W,YDR519W,0,2.6475298,0.5540765523910522,0.6646706461906433,0.053610723465681076
YOR373W,YIL073C,0,2.6468952,0.5536159873008728,0.6646706461906433,0.05371074378490448
YLR210W,YBL101W-B,0,2.6450741,0.5531561374664307,0.6646706461906433,0.053810760378837585
YOL086C,YIR002C,0,2.643542,0.5526971220970154,0.6646706461906433,0.05391078069806099
YJL079C,YJL114W,0,2.641767,0.5522388219833374,0.6646706461906433,0.05401080101728439
YKR003W,YOR389W,0,2.6396296,0.5517812967300415,0.6646706461906433,0.0541108213365078
YNL006W,YAL021C,0,2.6393507,0.5513244867324829,0.6646706461906433,0.0542108416557312
YER008C,YDR195W,0,2.639225,0.5508685111999512,0.6646706461906433,0.054310861974954605
YHR121W,YJR139C,0,2.634684,0.5504132509231567,0.6646706461906433,0.05441088229417801
YJL020C,YLR429W,1,2.6329048,0.5507844686508179,0.6656686663627625,0.05441088229417801
YAL029C,YNL099C,0,2.629608,0.5503300428390503,0.6656686663627625,0.05451090261340141
YDR510W,YNL084C,1,2.628968,0.5507007241249084,0.6666666865348816,0.05451090261340141
YLR074C,YBR286W,0,2.6251318,0.5502471327781677,0.6666666865348816,0.05461092293262482
YDR130C,YGL227W,0,2.6236374,0.5497942566871643,0.6666666865348816,0.05471094325184822
YIL068C,YLR314C,1,2.6229966,0.5501644611358643,0.667664647102356,0.05471094325184822
YIL157C,YAR010C,0,2.6135585,0.5497124195098877,0.667664647102356,0.054810963571071625
YOR175C,YJL092W,0,2.608325,0.5492610931396484,0.667664647102356,0.05491098389029503
YPR035W,YOR076C,0,2.6063545,0.5488104820251465,0.667664647102356,0.055011000484228134
YLR404W,YLR314C,1,2.6063452,0.5491803288459778,0.6686626672744751,0.055011000484228134
YBL047C,YDR129C,1,2.6000993,0.5495495200157166,0.6696606874465942,0.055011000484228134
YNL230C,YLR395C,0,2.5970032,0.549099862575531,0.6696606874465942,0.05511102080345154
YMR080C,YDR208W,0,2.5952604,0.548650860786438,0.6696606874465942,0.05521104112267494
YGR089W,YMR033W,0,2.5941064,0.548202633857727,0.6696606874465942,0.055311061441898346
YNL283C,YOL038W,0,2.59288,0.5477551221847534,0.6696606874465942,0.05541108176112175
YLR342W,YDR379W,1,2.5890944,0.5481239557266235,0.6706587076187134,0.05541108176112175
YNL298W,YLR429W,1,2.5857255,0.5484922528266907,0.6716566681861877,0.05541108176112175
YER099C,YGR058W,0,2.5851567,0.5480455756187439,0.6716566681861877,0.055511102080345154
YJL029C,YOR291W,0,2.5844076,0.5475996732711792,0.6716566681861877,0.05561112239956856
YCL008C,YDR158W,0,2.5839396,0.5471544861793518,0.6716566681861877,0.05571114271879196
YKR037C,YDR011W,0,2.5830438,0.5467100143432617,0.6716566681861877,0.055811163038015366
YNL298W,YLR166C,1,2.5826519,0.5470778942108154,0.6726546883583069,0.055811163038015366
YGR128C,YLR133W,0,2.5811665,0.5466341972351074,0.6726546883583069,0.05591118335723877
YOR175C,YPR073C,0,2.5810845,0.5461912751197815,0.6726546883583069,0.05601120367646217
YDR177W,YCL003W,0,2.5804298,0.5457490086555481,0.6726546883583069,0.05611122399568558
YOR115C,YHR042W,0,2.580136,0.545307457447052,0.6726546883583069,0.05621124058961868
YNL274C,YMR198W,0,2.5800722,0.5448666214942932,0.6726546883583069,0.05631126090884209
YHR107C,YGL241W,0,2.5764172,0.5444265007972717,0.6726546883583069,0.05641128122806549
YNR049C,YNL122C,0,2.5763485,0.5439870953559875,0.6726546883583069,0.056511301547288895
YJR088C,YKL198C,0,2.576327,0.5435484051704407,0.6726546883583069,0.0566113218665123
YGR198W,YIL095W,1,2.5757058,0.5439162254333496,0.673652708530426,0.0566113218665123
YDR130C,YLR459W,0,2.5755756,0.54347825050354,0.673652708530426,0.0567113421857357
YGR175C,YKL190W,0,2.573156,0.5430410504341125,0.673652708530426,0.056811362504959106
YJR090C,YDR388W,1,2.5719519,0.5434083342552185,0.6746506690979004,0.056811362504959106
YLR337W,YER149C,1,2.5709918,0.5437750816345215,0.6756486892700195,0.056811362504959106
YOR351C,YDR530C,0,2.5701237,0.5433386564254761,0.6756486892700195,0.05691138282418251
YGR227W,YPL066W,0,2.5692647,0.542902946472168,0.6756486892700195,0.057011403143405914
YJR112W,YNL297C,0,2.5682929,0.5424679517745972,0.6756486892700195,0.05711142346262932
YML060W,YJL154C,0,2.5667613,0.5420336127281189,0.6756486892700195,0.05721144378185272
YLR381W,YBL079W,0,2.5659873,0.5415999889373779,0.6756486892700195,0.057311464101076126
YNL243W,YOR367W,1,2.5656896,0.541966438293457,0.6766467094421387,0.057311464101076126
YHR013C,YHR002W,0,2.563164,0.5415335297584534,0.6766467094421387,0.05741148069500923
YML124C,YDR255C,0,2.5627868,0.541101336479187,0.6766467094421387,0.057511501014232635
YFL004W,YML058W,0,2.5612786,0.540669858455658,0.6766467094421387,0.05761152133345604
YKL146W,YKL012W,0,2.5606291,0.5402390360832214,0.6766467094421387,0.05771154165267944
YOL019W,YPR118W,0,2.5598676,0.5398089289665222,0.6766467094421387,0.05781156197190285
YEL015W,YLL038C,0,2.5594158,0.5393794775009155,0.6766467094421387,0.05791158229112625
YLR350W,YMR068W,0,2.5589025,0.5389507412910461,0.6766467094421387,0.058011602610349655
YJL085W,YDL208W,0,2.5554447,0.5385226607322693,0.6766467094421387,0.05811162292957306
YIR006C,YKL048C,1,2.554905,0.5388888716697693,0.6776447296142578,0.05811162292957306
YNL243W,YJL020C,1,2.5531754,0.5392545461654663,0.6786426901817322,0.05811162292957306
YLR319C,YJR119C,0,2.5527496,0.5388272404670715,0.6786426901817322,0.05821164324879646
YNL243W,YIL138C,1,2.55035,0.5391923785209656,0.6796407103538513,0.05821164324879646
YIR006C,YEL022W,0,2.5494986,0.5387658476829529,0.6796407103538513,0.05831166356801987
YGR249W,YJL148W,0,2.5485451,0.5383399128913879,0.6796407103538513,0.05841168388724327
YMR297W,YPL204W,0,2.5484073,0.5379146933555603,0.6796407103538513,0.058511700481176376
YDR484W,YGR037C,0,2.547111,0.5374901294708252,0.6796407103538513,0.05861172080039978
YAL034W-A,YER153C,0,2.5469348,0.5370662212371826,0.6796407103538513,0.058711741119623184
YDL246C,YHR074W,0,2.5450816,0.5366430282592773,0.6796407103538513,0.05881176143884659
YHR119W,YOL039W,0,2.5428963,0.5362204909324646,0.6796407103538513,0.05891178175806999
YPR188C,YLL021W,1,2.5428662,0.5365853905677795,0.6806387305259705,0.05891178175806999
YPR188C,YDR166C,1,2.5420723,0.5369496941566467,0.6816367506980896,0.05891178175806999
YDR131C,YDL079C,0,2.5414646,0.5365278720855713,0.6816367506980896,0.059011802077293396
YBR230C,YKL158W,0,2.5396352,0.5361067652702332,0.6816367506980896,0.0591118223965168
YBR229C,YGL022W,0,2.5393343,0.5356862545013428,0.6816367506980896,0.059211842715740204
YGL008C,YGL223C,0,2.5381186,0.5352664589881897,0.6816367506980896,0.05931186303496361
YDR118W,YDR050C,0,2.5367105,0.5348473191261292,0.6816367506980896,0.05941188335418701
YLR313C,YDR166C,1,2.5363,0.5352112650871277,0.682634711265564,0.05941188335418701
YDR394W,YJL129C,0,2.5339515,0.5347927808761597,0.682634711265564,0.059511903673410416
YDR022C,YML028W,0,2.5298328,0.534375011920929,0.682634711265564,0.05961192399263382
YDR454C,YOR155C,0,2.5276654,0.533957839012146,0.682634711265564,0.059711940586566925
YHR200W,YKL158W,0,2.5274575,0.5335413217544556,0.682634711265564,0.05981196090579033
YIL158W,YIR007W,0,2.5248175,0.5331254601478577,0.682634711265564,0.05991198122501373
YDR233C,YJR076C,1,2.5246751,0.5334891080856323,0.6836327314376831,0.05991198122501373
YML048W,YML033W,0,2.5244954,0.533073902130127,0.6836327314376831,0.06001200154423714
YDR492W,YER053C,0,2.522676,0.5326594114303589,0.6836327314376831,0.06011202186346054
YDR224C,YML065W,0,2.5223749,0.5322455167770386,0.6836327314376831,0.060212042182683945
YGR282C,YLL010C,0,2.5208395,0.5318322777748108,0.6836327314376831,0.06031206250190735
YBL105C,YBR217W,0,2.5204287,0.5314196944236755,0.6836327314376831,0.06041208282113075
YDR059C,YBL040C,0,2.5192087,0.5310077667236328,0.6836327314376831,0.060512103140354156
YBL061C,YBR102C,1,2.5174937,0.5313710570335388,0.6846307516098022,0.060512103140354156
YLR350W,YJL074C,0,2.5152538,0.5309597253799438,0.6846307516098022,0.06061212345957756
YIL103W,YBR286W,0,2.5152528,0.5305491089820862,0.6846307516098022,0.060712143778800964
YJL085W,YOR109W,1,2.51388,0.530911922454834,0.6856287717819214,0.060712143778800964
YHR206W,YGR255C,0,2.5070524,0.5305019021034241,0.6856287717819214,0.06081216409802437
YPL053C,YBR253W,0,2.5051339,0.5300925970077515,0.6856287717819214,0.060912180691957474
YMR012W,YOL030W,0,2.5001285,0.5296838879585266,0.6856287717819214,0.06101220101118088
YOR233W,YDR388W,1,2.4992385,0.5300462245941162,0.6866267323493958,0.06101220101118088
YNL298W,YJR125C,1,2.498966,0.5304080247879028,0.6876247525215149,0.06101220101118088
YOR299W,YKR059W,0,2.4969528,0.5299999713897705,0.6876247525215149,0.06111222133040428
YMR202W,YDR279W,0,2.4956539,0.5295926332473755,0.6876247525215149,0.061212241649627686
YEL058W,YGL158W,0,2.494636,0.5291858911514282,0.6876247525215149,0.06131226196885109
YLR342W,YHR023W,1,2.493364,0.5295472145080566,0.688622772693634,0.06131226196885109
YIR038C,YOR197W,0,2.4931538,0.5291411280632019,0.688622772693634,0.06141228228807449
YBR130C,YGL181W,1,2.4922931,0.5295019149780273,0.6896207332611084,0.06141228228807449
YML074C,YNL138W,0,2.4910808,0.5290964841842651,0.6896207332611084,0.0615123026072979
YLR040C,YGL257C,0,2.4865487,0.5286916494369507,0.6896207332611084,0.0616123229265213
YIL082W-A,YKL184W,0,2.4863694,0.5282874703407288,0.6896207332611084,0.061712343245744705
YDR155C,YJR093C,0,2.483707,0.5278838872909546,0.6896207332611084,0.06181236356496811
YNL243W,YOR122C,1,2.4836342,0.5282442569732666,0.6906187534332275,0.06181236356496811
YER018C,YHR135C,0,2.4832635,0.527841329574585,0.6906187534332275,0.06191238388419151
YPL274W,YJR140C,0,2.4827843,0.5274389982223511,0.6906187534332275,0.06201240420341492
YLR404W,YOR261C,0,2.482252,0.5270373225212097,0.6906187534332275,0.06211242079734802
YDL204W,YHR084W,0,2.4812355,0.5266362428665161,0.6906187534332275,0.062212441116571426
YCL029C,YNL106C,1,2.4811518,0.5269961953163147,0.6916167736053467,0.062212441116571426
YBL034C,YDR167W,0,2.4793985,0.5265957713127136,0.6916167736053467,0.06231246143579483
YOR020C,YER013W,0,2.4768355,0.5261958837509155,0.6916167736053467,0.062412481755018234
YNL298W,YLL021W,1,2.4738743,0.5265553593635559,0.6926147937774658,0.062412481755018234
YOR171C,YNL106C,1,2.4731834,0.5269143581390381,0.6936127543449402,0.062412481755018234
YBL105C,YGR001C,0,2.4726474,0.5265151262283325,0.6936127543449402,0.06251250207424164
YKL172W,YER087C-A,0,2.4711297,0.5261165499687195,0.6936127543449402,0.06261252611875534
YMR304W,YGL031C,0,2.4703596,0.525718629360199,0.6936127543449402,0.06271254271268845
YNL298W,YIL159W,1,2.4702375,0.5260770916938782,0.6946107745170593,0.06271254271268845
YDR318W,YHR061C,0,2.4693959,0.5256797671318054,0.6946107745170593,0.06281255930662155
YHR149C,YKL048C,1,2.468436,0.5260377526283264,0.6956087946891785,0.06281255930662155
YBR186W,YNL128W,0,2.466553,0.5256410241127014,0.6956087946891785,0.06291258335113525
YOR242C,YIL124W,0,2.4636896,0.5252448916435242,0.6956087946891785,0.06301259994506836
YLR342W,YKL129C,1,2.4610353,0.525602400302887,0.6966068148612976,0.06301259994506836
YJR143C,YOR386W,0,2.4575472,0.5252069234848022,0.6966068148612976,0.06311262398958206
YMR169C,YNL091W,0,2.4569178,0.5248120427131653,0.6966068148612976,0.06321264058351517
YDR453C,YDL155W,0,2.4558866,0.5244177579879761,0.6966068148612976,0.06331266462802887
YCR012W,YLR291C,0,2.4545958,0.5240240097045898,0.6966068148612976,0.06341268122196198
YJL020C,YJR125C,1,2.4538682,0.5243811011314392,0.697604775428772,0.06341268122196198
YBL047C,YHR161C,1,2.453069,0.5247376561164856,0.6986027956008911,0.06341268122196198
YHR149C,YNL020C,1,2.4524596,0.5250936150550842,0.6996008157730103,0.06341268122196198
YCR094W,YDR084C,0,2.4522896,0.5247005820274353,0.6996008157730103,0.06351270526647568
YDR318W,YHR050W,0,2.4498727,0.5243081450462341,0.6996008157730103,0.06361272186040878
YGL156W,YEL015W,0,2.449641,0.5239163041114807,0.6996008157730103,0.06371274590492249
YNR049C,YJL028W,0,2.4493134,0.5235249996185303,0.6996008157730103,0.06381276249885559
YPL269W,YHL012W,0,2.4464111,0.5231343507766724,0.6996008157730103,0.0639127790927887
YBR044C,YJL123C,0,2.4439104,0.5227442383766174,0.6996008157730103,0.0640128031373024
YOR216C,YJL209W,0,2.4424036,0.5223547220230103,0.6996008157730103,0.0641128197312355
YIL117C,YLL034C,0,2.439977,0.521965742111206,0.6996008157730103,0.0642128437757492
YDL099W,YPL163C,0,2.4394014,0.5215773582458496,0.6996008157730103,0.06431286036968231
YDR001C,YIL091C,0,2.439317,0.5211895704269409,0.6996008157730103,0.06441288441419601
YMR296C,YGL232W,0,2.4382281,0.52080237865448,0.6996008157730103,0.06451290100812912
YFL002W-A,YHR039C,0,2.4376297,0.520415723323822,0.6996008157730103,0.06461292505264282
YHR149C,YLR313C,1,2.4368522,0.5207715034484863,0.7005987763404846,0.06461292505264282
YPR181C,YBR296C,0,2.4358056,0.5203854441642761,0.7005987763404846,0.06471294164657593
YNL219C,YPL059W,0,2.4340632,0.5199999809265137,0.7005987763404846,0.06481296569108963
YOR175C,YGL168W,0,2.4320772,0.519615113735199,0.7005987763404846,0.06491298228502274
YKR020W,YJL042W,0,2.4295619,0.5192307829856873,0.7005987763404846,0.06501299887895584
YMR168C,YBR020W,0,2.42861,0.5188469886779785,0.7005987763404846,0.06511302292346954
YJL024C,YKL012W,0,2.4240966,0.5184637904167175,0.7005987763404846,0.06521303951740265
YLR285W,YML126C,0,2.423158,0.5180811882019043,0.7005987763404846,0.06531306356191635
YOR240W,YIR028W,0,2.4211102,0.517699122428894,0.7005987763404846,0.06541308015584946
YHR045W,YLR133W,0,2.4206583,0.5173175930976868,0.7005987763404846,0.06551310420036316
YDR218C,YJL020C,1,2.4182732,0.5176730751991272,0.7015967965126038,0.06551310420036316
YPL259C,YBR059C,0,2.4155228,0.5172921419143677,0.7015967965126038,0.06561312079429626
YHR004C,YJL087C,0,2.4149172,0.5169117450714111,0.7015967965126038,0.06571314483880997
YMR295C,YOL148C,0,2.4148834,0.5165319442749023,0.7015967965126038,0.06581316143274307
YLR096W,YGL179C,0,2.4147062,0.5161527395248413,0.7015967965126038,0.06591318547725677
YOL149W,YGR049W,0,2.4141872,0.5157740116119385,0.7015967965126038,0.06601320207118988
YLR433C,YGR167W,0,2.4136155,0.5153958797454834,0.7015967965126038,0.06611322611570358
YLL009C,YDR182W,0,2.4106772,0.5150183439254761,0.7015967965126038,0.06621324270963669
YKR002W,YOL056W,0,2.409098,0.514641284942627,0.7015967965126038,0.0663132593035698
YER149C,YNL079C,1,2.4057763,0.514996349811554,0.7025948166847229,0.0663132593035698
YER131W,YHL019C,0,2.3986948,0.5146198868751526,0.7025948166847229,0.0664132833480835
YOL013C,YKR105C,0,2.3973587,0.5142439603805542,0.7025948166847229,0.0665132999420166
YKL101W,YDR166C,1,2.395294,0.514598548412323,0.703592836856842,0.0665132999420166
YNL166C,YIL159W,1,2.3952122,0.5149526000022888,0.7045907974243164,0.0665132999420166
YPR032W,YDR356W,0,2.393068,0.5145772695541382,0.7045907974243164,0.0666133239865303
YLR337W,YEL004W,0,2.390869,0.5142024755477905,0.7045907974243164,0.06671334058046341
YLL050C,YHR161C,1,2.3906195,0.5145560503005981,0.7055888175964355,0.06671334058046341
YLR342W,YLR045C,1,2.3902442,0.5149090886116028,0.7065868377685547,0.06671334058046341
YKL017C,YCL052C,0,2.3901856,0.5145348906517029,0.7065868377685547,0.06681336462497711
YIL017W,YMR272C,0,2.3899858,0.514161229133606,0.7065868377685547,0.06691338121891022
YBL105C,YLR240W,0,2.3863506,0.513788104057312,0.7065868377685547,0.06701340526342392
YDR394W,YDR478W,0,2.384371,0.513415515422821,0.7065868377685547,0.06711342185735703
YBR177C,YCR094W,0,2.3843195,0.5130434632301331,0.7065868377685547,0.06721344590187073
YDL150W,YCL003W,0,2.3784082,0.512671947479248,0.7065868377685547,0.06731346249580383
YBR012W-A,YEL038W,0,2.3774312,0.5123010277748108,0.7065868377685547,0.06741347908973694
YPL074W,YLL050C,1,2.3764818,0.512653648853302,0.7075848579406738,0.06741347908973694
YKL164C,YDL040C,0,2.3741136,0.5122832655906677,0.7075848579406738,0.06751350313425064
YLR340W,YGL174W,0,2.373884,0.5119133591651917,0.7075848579406738,0.06761351972818375
YBL061C,YGL233W,1,2.3726175,0.5122655034065247,0.7085828185081482,0.06761351972818375
YOR242C,YLR120C,0,2.3717227,0.5118961930274963,0.7085828185081482,0.06771354377269745
YIR006C,YFL039C,1,2.3707874,0.5122478604316711,0.7095808386802673,0.06771354377269745
YPL152W,YBL101W-A,0,2.3698761,0.511879026889801,0.7095808386802673,0.06781356036663055
YPL242C,YGR032W,1,2.365721,0.5122302174568176,0.7105788588523865,0.06781356036663055
YOR115C,YFR046C,0,2.365122,0.5118619799613953,0.7105788588523865,0.06791358441114426
YMR290C,YNL078W,0,2.3649924,0.5114942789077759,0.7105788588523865,0.06801360100507736
YBL047C,YLR166C,1,2.3628647,0.5118449330329895,0.7115768194198608,0.06801360100507736
YHR031C,YKL152C,0,2.3627527,0.5114777684211731,0.7115768194198608,0.06811362504959106
YDR032C,YHR168W,0,2.3598871,0.5111111402511597,0.7115768194198608,0.06821364164352417
YIL004C,YNL264C,0,2.3584251,0.5107449889183044,0.7115768194198608,0.06831366568803787
YGR162W,YGL002W,0,2.358269,0.5103793740272522,0.7115768194198608,0.06841368228197098
YNL271C,YPR188C,1,2.3558052,0.5107296109199524,0.71257483959198,0.06841368228197098
YKR045C,YDL140C,0,2.3553486,0.5103645324707031,0.71257483959198,0.06851370632648468
YML052W,YLR045C,1,2.3474126,0.5107142925262451,0.7135728597640991,0.06851370632648468
YMR065W,YHR172W,0,2.3467534,0.5103497505187988,0.7135728597640991,0.06861372292041779
YJR090C,YDR409W,1,2.3438838,0.5106989741325378,0.7145708799362183,0.06861372292041779
YOR070C,YOR143C,0,2.3422494,0.5103349685668945,0.7145708799362183,0.06871373951435089
YOR233W,YCR088W,1,2.3417828,0.5106837749481201,0.7155688405036926,0.06871373951435089
YCL019W,YNL275W,0,2.3410099,0.5103203058242798,0.7155688405036926,0.0688137635588646
YBR164C,YBR041W,0,2.3403459,0.5099573135375977,0.7155688405036926,0.0689137801527977
YOR233W,YDL222C,1,2.340308,0.510305643081665,0.7165668606758118,0.0689137801527977
YGL100W,YPR165W,0,2.3383172,0.5099431872367859,0.7165668606758118,0.0690138041973114
YOR233W,YIL095W,1,2.3379252,0.5102909803390503,0.7175648808479309,0.0690138041973114
YPR054W,YBL016W,0,2.3357894,0.5099290609359741,0.7175648808479309,0.0691138207912445
YGR278W,YDR158W,0,2.335591,0.5095676779747009,0.7175648808479309,0.06921384483575821
YDR017C,YIL093C,0,2.33511,0.5092067718505859,0.7175648808479309,0.06931386142969131
YHR149C,YPR171W,1,2.3346117,0.5095541477203369,0.71856290102005,0.06931386142969131
YLR264W,YGL162W,0,2.33336,0.5091937780380249,0.71856290102005,0.06941388547420502
YML042W,YML111W,0,2.3331697,0.5088339447975159,0.71856290102005,0.06951390206813812
YKL012W,YJL166W,0,2.3327703,0.508474588394165,0.71856290102005,0.06961392611265182
YLR391W,YLR376C,0,2.332185,0.5081157088279724,0.71856290102005,0.06971394270658493
YPL069C,YOR240W,0,2.3321092,0.5077574253082275,0.71856290102005,0.06981395930051804
YLL050C,YJR125C,1,2.3316617,0.5081043243408203,0.7195608615875244,0.06981395930051804
YMR297W,YJR076C,0,2.3314238,0.5077464580535889,0.7195608615875244,0.06991398334503174
YDR150W,YLL038C,1,2.3309872,0.5080928802490234,0.7205588817596436,0.06991398334503174
YKL071W,YLR337W,0,2.329789,0.5077356100082397,0.7205588817596436,0.07001399993896484
YBR125C,YNL136W,0,2.3296993,0.5073787569999695,0.7205588817596436,0.07011402398347855
YPL274W,YJR053W,0,2.3282404,0.507022500038147,0.7205588817596436,0.07021404057741165
YML037C,YPR036W,0,2.3281214,0.5066666603088379,0.7205588817596436,0.07031406462192535
YCL062W,YDR368W,0,2.3272877,0.5063113570213318,0.7205588817596436,0.07041408121585846
YMR068W,YCL043C,0,2.3259633,0.5059565305709839,0.7205588817596436,0.07051410526037216
YJL158C,YNL009W,0,2.3241546,0.505602240562439,0.7205588817596436,0.07061412185430527
YBL003C,YKL035W,0,2.3214104,0.5052484273910522,0.7205588817596436,0.07071414589881897
YLR070C,YNL258C,0,2.3197305,0.5048950910568237,0.7205588817596436,0.07081416249275208
YPR119W,YPL060W,0,2.3193128,0.5045422911643982,0.7205588817596436,0.07091418653726578
YML064C,YNL259C,0,2.3180716,0.5041899681091309,0.7205588817596436,0.07101420313119888
YIL090W,YBR247C,0,2.3148787,0.5038381218910217,0.7205588817596436,0.07111421972513199
YKL201C,YER111C,0,2.31477,0.5034867525100708,0.7205588817596436,0.07121424376964569
YNL271C,YHR161C,1,2.3131092,0.5038327574729919,0.7215569019317627,0.07121424376964569
YDR318W,YNL202W,0,2.3107374,0.5034818649291992,0.7215569019317627,0.0713142603635788
YKR039W,YDL002C,0,2.310622,0.5031315088272095,0.7215569019317627,0.0714142844080925
YHR119W,YPR098C,0,2.3100734,0.5027816295623779,0.7215569019317627,0.0715143010020256
YMR197C,YDR424C,0,2.3077798,0.5024322271347046,0.7215569019317627,0.0716143250465393
YGR191W,YJL172W,0,2.3065064,0.5020833611488342,0.7215569019317627,0.07171434164047241
YNL194C,YKL101W,1,2.3064132,0.5024288892745972,0.7225548624992371,0.07171434164047241
YER004W,YPL213W,0,2.3029606,0.5020804405212402,0.7225548624992371,0.07181436568498611
YGL210W,YLR110C,0,2.2998414,0.5017325282096863,0.7225548624992371,0.07191438227891922
YCL062W,YEL011W,0,2.29871,0.5013850331306458,0.7225548624992371,0.07201440632343292
YIL063C,YHR042W,0,2.2948062,0.5010380744934082,0.7225548624992371,0.07211442291736603
YAL012W,YDL188C,0,2.2913573,0.5006915926933289,0.7225548624992371,0.07221443951129913
YBR021W,YGR231C,0,2.2893734,0.5003455281257629,0.7225548624992371,0.07231446355581284
YPR159W,YPL160W,0,2.2860062,0.5,0.7225548624992371,0.07241448014974594
YBL112C,YJL063C,0,2.2832234,0.49965494871139526,0.7225548624992371,0.07251450419425964
YML104C,YGR161C-C,0,2.2830193,0.49931034445762634,0.7225548624992371,0.07261452078819275
YKR045C,YPL158C,0,2.2828968,0.4989662170410156,0.7225548624992371,0.07271454483270645
YOR297C,YIL017W,0,2.27868,0.4986225962638855,0.7225548624992371,0.07281456142663956
YBR055C,YHR008C,0,2.27849,0.4982794225215912,0.7225548624992371,0.07291458547115326
YOL013C,YOR159C,0,2.2753458,0.4979367256164551,0.7225548624992371,0.07301460206508636
YFL048C,YJR090C,0,2.270056,0.4975945055484772,0.7225548624992371,0.07311462610960007
YBR196C,YDR414C,0,2.2693481,0.4972527325153351,0.7225548624992371,0.07321464270353317
YLR337W,YJR076C,1,2.2686565,0.4975978136062622,0.7235528826713562,0.07321464270353317
YGL008C,YDR076W,0,2.2661316,0.4972565174102783,0.7235528826713562,0.07331465929746628
YNL197C,YKL094W,0,2.2660038,0.49691569805145264,0.7235528826713562,0.07341468334197998
YDR522C,YEL058W,0,2.2629237,0.49657535552978516,0.7235528826713562,0.07351469993591309
YER124C,YPL160W,0,2.2619717,0.4962354600429535,0.7235528826713562,0.07361472398042679
YFL039C,YHR114W,1,2.2604315,0.4965800344944,0.7245509028434753,0.07361472398042679
YGR065C,YDR307W,0,2.2580225,0.49624061584472656,0.7245509028434753,0.0737147405743599
YFL034C-B,YHR019C,0,2.2570307,0.4959016442298889,0.7245509028434753,0.0738147646188736
YOR025W,YIL040W,0,2.256646,0.4955631494522095,0.7245509028434753,0.0739147812128067
YOR233W,YHR166C,0,2.2559857,0.49522510170936584,0.7245509028434753,0.0740148052573204
YOR240W,YLR088W,0,2.25595,0.4948875308036804,0.7245509028434753,0.07411482185125351
YJR126C,YDL065C,0,2.255169,0.4945504069328308,0.7245509028434753,0.07421484589576721
YNL243W,YFL039C,1,2.2548077,0.49489447474479675,0.7255489230155945,0.07421484589576721
YGL055W,YKL073W,0,2.2532501,0.49455782771110535,0.7255489230155945,0.07431486248970032
YCL057W,YOR224C,0,2.2526653,0.49422162771224976,0.7255489230155945,0.07441488653421402
YGL125W,YDL029W,0,2.2521405,0.49388587474823,0.7255489230155945,0.07451490312814713
YMR117C,YKL109W,0,2.251375,0.493550568819046,0.7255489230155945,0.07461491972208023
YDR150W,YHR061C,1,2.2512164,0.49389415979385376,0.7265468835830688,0.07461491972208023
YLR113W,YNL177C,0,2.2490168,0.493559330701828,0.7265468835830688,0.07471494376659393
YDR507C,YNL222W,0,2.2480924,0.4932249188423157,0.7265468835830688,0.07481496036052704
YOR257W,YEL041W,0,2.2445579,0.49289098381996155,0.7265468835830688,0.07491498440504074
YCL062W,YMR070W,0,2.2443824,0.49255749583244324,0.7265468835830688,0.07501500099897385
YLR274W,YNR074C,0,2.2409337,0.49222448468208313,0.7265468835830688,0.07511502504348755
YGL048C,YKL179C,0,2.240187,0.49189189076423645,0.7265468835830688,0.07521504163742065
YIR013C,YPL244C,0,2.239218,0.4915597438812256,0.7265468835830688,0.07531506568193436
YDR447C,YPL084W,0,2.2379842,0.4912280738353729,0.7265468835830688,0.07541508227586746
YLR314C,YAL038W,0,2.2379692,0.4908968210220337,0.7265468835830688,0.07551510632038116
YLL050C,YLR429W,1,2.2376401,0.49123990535736084,0.727544903755188,0.07551510632038116
YCL033C,YPR198W,0,2.2371297,0.4909090995788574,0.727544903755188,0.07561512291431427
YNL283C,YBR299W,0,2.2359688,0.4905787408351898,0.727544903755188,0.07571513950824738
YDL121C,YNL280C,0,2.2357938,0.49024882912635803,0.727544903755188,0.07581516355276108
YGL168W,YLR418C,0,2.2354534,0.48991936445236206,0.727544903755188,0.07591518014669418
YCR002C,YLR024C,0,2.2344737,0.4895903170108795,0.727544903755188,0.07601520419120789
YOR230W,YDR281C,0,2.2344036,0.4892617464065552,0.727544903755188,0.07611522078514099
YDR062W,YGR261C,0,2.2343285,0.48893359303474426,0.727544903755188,0.0762152448296547
YML040W,YNL307C,0,2.2325628,0.48860588669776917,0.727544903755188,0.0763152614235878
YOL070C,YML028W,0,2.2307298,0.4882786273956299,0.727544903755188,0.0764152854681015
YMR046C,YDR354W,0,2.228433,0.4879518151283264,0.727544903755188,0.0765153020620346
YJR065C,YBR229C,0,2.2280889,0.4876254200935364,0.727544903755188,0.07661532610654831
YBL061C,YHR149C,1,2.2277734,0.48796790838241577,0.7285429239273071,0.07661532610654831
YKR002W,YDL140C,0,2.2270987,0.48764196038246155,0.7285429239273071,0.07671534270048141
YHR216W,YJL165C,0,2.2256238,0.48731642961502075,0.7285429239273071,0.07681536674499512
YGL200C,YDL194W,0,2.2239733,0.4869913160800934,0.7285429239273071,0.07691538333892822
YDR169C,YOR147W,0,2.2237542,0.4866666793823242,0.7285429239273071,0.07701539993286133
YOR070C,YBR031W,0,2.2236836,0.4863424301147461,0.7285429239273071,0.07711542397737503
YDR510W,YNL079C,1,2.2232006,0.4866844117641449,0.7295409440994263,0.07711542397737503
YCR024C-A,YPL190C,0,2.2223158,0.4863606095314026,0.7295409440994263,0.07721544057130814
YOR299W,YIL124W,0,2.2222912,0.4860372245311737,0.7295409440994263,0.07731546461582184
YNL127W,YBL050W,0,2.2219145,0.48571428656578064,0.7295409440994263,0.07741548120975494
YNR023W,YMR291W,0,2.219702,0.485391765832901,0.7295409440994263,0.07751550525426865
YDL008W,YLR212C,0,2.2191298,0.4850696623325348,0.7295409440994263,0.07761552184820175
YHR023W,YER048W-A,0,2.21857,0.4847480058670044,0.7295409440994263,0.07771554589271545
YLR009W,YBL058W,0,2.2159145,0.4844267666339874,0.7295409440994263,0.07781556248664856
YGR014W,YMR233W,0,2.2157462,0.4841059744358063,0.7295409440994263,0.07791558653116226
YOL158C,YBR155W,0,2.2152815,0.48378556966781616,0.7295409440994263,0.07801560312509537
YIL090W,YIL158W,0,2.215133,0.48346561193466187,0.7295409440994263,0.07811561971902847
YJL018W,YOL151W,0,2.2121103,0.483146071434021,0.7295409440994263,0.07821564376354218
YBR092C,YEL042W,0,2.20833,0.48282694816589355,0.7295409440994263,0.07831566035747528
YCL045C,YLR210W,0,2.2076426,0.48250824213027954,0.7295409440994263,0.07841568440198898
YOR297C,YBR056W,0,2.205771,0.48218998312950134,0.7295409440994263,0.07851570099592209
YPL074W,YDR379W,1,2.2034497,0.4825313091278076,0.7305389046669006,0.07851570099592209
YOR301W,YOR386W,0,2.2015533,0.48221343755722046,0.7305389046669006,0.07861572504043579
YIL105C,YNL182C,0,2.200205,0.48189598321914673,0.7305389046669006,0.0787157416343689
YDR320C,YKR065C,0,2.1969812,0.4815789461135864,0.7305389046669006,0.0788157656788826
YBL034C,YER075C,0,2.196492,0.48126232624053955,0.7305389046669006,0.0789157822728157
YCR067C,YGR171C,0,2.1955333,0.4809461236000061,0.7305389046669006,0.0790158063173294
YLL009C,YGL216W,0,2.1938136,0.4806303381919861,0.7305389046669006,0.07911582291126251
YGR282C,YJR067C,0,2.19364,0.4803149700164795,0.7305389046669006,0.07921583950519562
YMR164C,YLR383W,0,2.1912582,0.47999998927116394,0.7305389046669006,0.07931586354970932
YKL097W-A,YPL188W,0,2.190535,0.4796854555606842,0.7305389046669006,0.07941588014364243
YMR032W,YKL097W-A,0,2.18937,0.4793713092803955,0.7305389046669006,0.07951590418815613
YNL084C,YOL113W,0,2.1886551,0.47905758023262024,0.7305389046669006,0.07961592078208923
YJL008C,YBL010C,0,2.187451,0.4787442684173584,0.7305389046669006,0.07971594482660294
YPL083C,YBL100W-A,0,2.1874385,0.47843137383461,0.7305389046669006,0.07981596142053604
YKL182W,YML040W,0,2.1853025,0.4781188666820526,0.7305389046669006,0.07991598546504974
YDR488C,YGR063C,0,2.1851804,0.47780677676200867,0.7305389046669006,0.08001600205898285
YBR166C,YAL040C,0,2.1851773,0.47749510407447815,0.7305389046669006,0.08011602610349655
YBL042C,YLL005C,0,2.1837366,0.47718381881713867,0.7305389046669006,0.08021604269742966
YIL017W,YLR395C,0,2.1825945,0.4768729507923126,0.7305389046669006,0.08031606674194336
YLR355C,YGL185C,0,2.1815107,0.4765625,0.7305389046669006,0.08041608333587646
YHL008C,YPL131W,0,2.1779354,0.4762524366378784,0.7305389046669006,0.08051609992980957
YDL115C,YJR070C,0,2.1778557,0.47594279050827026,0.7305389046669006,0.08061612397432327
YGR261C,YGR185C,0,2.1777117,0.47563353180885315,0.7305389046669006,0.08071614056825638
YJR092W,YGR087C,0,2.1743991,0.4753246605396271,0.7305389046669006,0.08081616461277008
YNR028W,YPL122C,0,2.1737077,0.4750162363052368,0.7305389046669006,0.08091618120670319
YHR039C-B,YJR013W,0,2.1737041,0.4747081696987152,0.7305389046669006,0.08101620525121689
YFL035C,YHR207C,0,2.1725473,0.47440052032470703,0.7305389046669006,0.08111622184515
YJL018W,YKL201C,0,2.1725247,0.4740932583808899,0.7305389046669006,0.0812162458896637
YLR314C,YHR114W,1,2.1722674,0.47443366050720215,0.7315369248390198,0.0812162458896637
YCR067C,YMR260C,0,2.1712844,0.47412678599357605,0.7315369248390198,0.0813162624835968
YMR086W,YGR095C,0,2.1680539,0.473820298910141,0.7315369248390198,0.0814162865281105
YJR144W,YBL101W-A,0,2.1668928,0.473514199256897,0.7315369248390198,0.08151630312204361
YOR070C,YKL221W,0,2.1649861,0.4732085168361664,0.7315369248390198,0.08161631971597672
YNL093W,YHR070W,0,2.1636944,0.47290322184562683,0.7315369248390198,0.08171634376049042
YLL028W,YOL151W,0,2.1609385,0.4725983142852783,0.7315369248390198,0.08181636035442352
YKL096W-A,YHR023W,0,2.160445,0.47229382395744324,0.7315369248390198,0.08191638439893723
YBL060W,YGL179C,0,2.1596887,0.4719896912574768,0.7315369248390198,0.08201640099287033
YNL298W,YKR038C,0,2.158141,0.4716859757900238,0.7315369248390198,0.08211642503738403
YDR233C,YGL172W,0,2.157165,0.47138264775276184,0.7315369248390198,0.08221644163131714
YER083C,YBL074C,0,2.1561606,0.47107967734336853,0.7315369248390198,0.08231646567583084
YBR066C,YIR039C,0,2.1561053,0.47077712416648865,0.7315369248390198,0.08241648226976395
YER183C,YAL017W,0,2.1553533,0.4704749584197998,0.7315369248390198,0.08251650631427765
YKL096W,YIL049W,0,2.1552093,0.470173180103302,0.7315369248390198,0.08261652290821075
YBL011W,YNR041C,0,2.1551273,0.46987178921699524,0.7315369248390198,0.08271654695272446
YOL129W,YIL150C,0,2.1543536,0.4695707857608795,0.7315369248390198,0.08281656354665756
YEL015W,YNL314W,0,2.1536758,0.46927016973495483,0.7315369248390198,0.08291658014059067
YOR175C,YBR177C,0,2.153475,0.4689699411392212,0.7315369248390198,0.08301660418510437
YIL073C,YLL027W,0,2.1504014,0.4686700701713562,0.7315369248390198,0.08311662077903748
YCR067C,YDL040C,0,2.1494315,0.46837061643600464,0.7315369248390198,0.08321664482355118
YFL034C-B,YNR047W,0,2.148558,0.46807152032852173,0.7315369248390198,0.08331666141748428
YLL039C,YPL053C,0,2.1463661,0.46777281165122986,0.7315369248390198,0.08341668546199799
YNL243W,YNL298W,1,2.1457293,0.4681122303009033,0.7325349450111389,0.08341668546199799
YOL107W,YJR070C,0,2.144829,0.4678139090538025,0.7325349450111389,0.08351670205593109
YGR218W,YGR008C,0,2.1439583,0.4675159156322479,0.7325349450111389,0.0836167261004448
YGR282C,YJL116C,0,2.143543,0.4672183394432068,0.7325349450111389,0.0837167426943779
YHR112C,YLR226W,0,2.1435027,0.4669211208820343,0.7325349450111389,0.0838167667388916
YKL103C,YDR524C,0,2.1432474,0.46662428975105286,0.7325349450111389,0.08391678333282471
YER054C,YBR257W,0,2.1415505,0.46632781624794006,0.7325349450111389,0.08401679992675781
YJR090C,YGL145W,0,2.1414917,0.4660317599773407,0.7325349450111389,0.08411682397127151
YDR492W,YDL188C,0,2.1408787,0.4657360315322876,0.7325349450111389,0.08421684056520462
YNL297C,YJL116C,0,2.140277,0.4654407203197479,0.7325349450111389,0.08431686460971832
YOR336W,YGL147C,0,2.140049,0.4651457667350769,0.7325349450111389,0.08441688120365143
YAR019C,YJL020C,0,2.1386254,0.46485117077827454,0.7325349450111389,0.08451690524816513
YBL017C,YJR043C,0,2.1383152,0.4645569622516632,0.7325349450111389,0.08461692184209824
YLR138W,YDR254W,0,2.137982,0.46426311135292053,0.7325349450111389,0.08471694588661194
YKR003W,YML008C,0,2.1377654,0.4639696478843689,0.7325349450111389,0.08481696248054504
YDR170C,YHR098C,0,2.137373,0.4636765718460083,0.7325349450111389,0.08491698652505875
YPR029C,YPR083W,0,2.1365538,0.46338382363319397,0.7325349450111389,0.08501700311899185
YIL002C,YHR104W,0,2.131898,0.46309149265289307,0.7325349450111389,0.08511701971292496
YLR404W,YLR337W,1,2.130955,0.4634300172328949,0.7335329055786133,0.08511701971292496
YDR016C,YKR024C,0,2.1308095,0.46313798427581787,0.7335329055786133,0.08521704375743866
YDL019C,YHR135C,0,2.1307242,0.4628463387489319,0.7335329055786133,0.08531706035137177
YMR268C,YGR222W,0,2.1299984,0.46255508065223694,0.7335329055786133,0.08541708439588547
YKL125W,YCR012W,0,2.128668,0.46226415038108826,0.7335329055786133,0.08551710098981857
YNR026C,YOL127W,0,2.126956,0.4619736075401306,0.7335329055786133,0.08561712503433228
YKL165C,YDR153C,0,2.1257622,0.4616834223270416,0.7335329055786133,0.08571714162826538
YKL025C,YPL181W,0,2.1255434,0.4613935947418213,0.7335329055786133,0.08581716567277908
YNL152W,YER170W,0,2.1245205,0.461104154586792,0.7335329055786133,0.08591718226671219
YNR013C,YOR339C,0,2.1240306,0.46081504225730896,0.7335329055786133,0.08601720631122589
YGL241W,YHR174W,0,2.1236663,0.46052631735801697,0.7335329055786133,0.086117222905159
YCR024C-A,YDR499W,0,2.1232595,0.46023795008659363,0.7335329055786133,0.0862172469496727
YOL013C,YNL310C,0,2.1215904,0.45994994044303894,0.7335329055786133,0.0863172635436058
YGL207W,YOL101C,0,2.119374,0.4596622884273529,0.7335329055786133,0.08641728013753891
YDR051C,YOR389W,0,2.1189837,0.4593749940395355,0.7335329055786133,0.08651730418205261
YDR411C,YER103W,0,2.1187382,0.4590880572795868,0.7335329055786133,0.08661732077598572
YBR036C,YFR019W,0,2.1181223,0.4588015079498291,0.7335329055786133,0.08671734482049942
YDR510W,YMR109W,1,2.117893,0.4591391086578369,0.7345309257507324,0.08671734482049942
YJR034W,YGR238C,0,2.1177435,0.4588528573513031,0.7345309257507324,0.08681736141443253
YGR027W-B,YHR039C,0,2.1145499,0.45856696367263794,0.7345309257507324,0.08691738545894623
YDR126W,YDR196C,0,2.1139836,0.4582814574241638,0.7345309257507324,0.08701740205287933
YOR301W,YGR158C,0,2.1136224,0.45799627900123596,0.7345309257507324,0.08711742609739304
YMR297W,YJR060W,0,2.1113667,0.45771142840385437,0.7345309257507324,0.08721744269132614
YDL222C,YDR379W,1,2.1107366,0.4580484628677368,0.7355289459228516,0.08721744269132614
YKL096W,YGR085C,0,2.1105993,0.4577639698982239,0.7355289459228516,0.08731746673583984
YDR510W,YCR088W,1,2.1095827,0.4581005573272705,0.7365269660949707,0.08731746673583984
YML006C,YDR536W,0,2.109551,0.45781636238098145,0.7365269660949707,0.08741748332977295
YFR041C,YKL046C,0,2.108762,0.4575325548648834,0.7365269660949707,0.08751749992370605
YJL178C,YBR026C,0,2.1085992,0.45724907517433167,0.7365269660949707,0.08761752396821976
YGR189C,YDL155W,0,2.1077416,0.45696595311164856,0.7365269660949707,0.08771754056215286
YLR391W,YLL041C,0,2.1059754,0.4566831588745117,0.7365269660949707,0.08781756460666656
YDR373W,YBR041W,0,2.1040118,0.4564007520675659,0.7365269660949707,0.08791758120059967
YCL012W,YCR002C,1,2.1011314,0.4567367136478424,0.7375249266624451,0.08791758120059967
YCL034W,YLR429W,1,2.1008341,0.45707225799560547,0.7385229468345642,0.08791758120059967
YDR150W,YKL129C,1,2.0995343,0.4574074149131775,0.7395209670066833,0.08791758120059967
YJR015W,YCR055C,0,2.0983865,0.4571252167224884,0.7395209670066833,0.08801760524511337
YFL039C,YLR401C,0,2.0976255,0.45684340596199036,0.7395209670066833,0.08811762183904648
YFL039C,YGR036C,0,2.096866,0.4565619230270386,0.7395209670066833,0.08821764588356018
YHL012W,YOR084W,0,2.0962522,0.45628079771995544,0.7395209670066833,0.08831766247749329
YAR019C,YML033W,0,2.0955656,0.4560000002384186,0.7395209670066833,0.08841768652200699
YHR061C,YLL021W,1,2.094291,0.45633456110954285,0.7405189871788025,0.08841768652200699
YJL020C,YOR171C,1,2.091059,0.4566687047481537,0.7415169477462769,0.08841768652200699
YHR124W,YOR326W,0,2.0906684,0.4563882052898407,0.7415169477462769,0.0885177031159401
YCL012W,YER008C,1,2.0897958,0.4567219018936157,0.742514967918396,0.0885177031159401
YDR218C,YBR102C,1,2.0882576,0.4570552110671997,0.7435129880905151,0.0885177031159401
YDR218C,YDL161W,1,2.0882263,0.45738810300827026,0.7445109486579895,0.0885177031159401
YCL060C,YPL096W,0,2.087875,0.4571078419685364,0.7445109486579895,0.0886177271604538
YOR355W,YPL206C,0,2.0878298,0.45682793855667114,0.7445109486579895,0.0887177437543869
YGL047W,YLL003W,0,2.0873272,0.4565483331680298,0.7445109486579895,0.08881776034832001
YNL047C,YDL109C,0,2.084026,0.45626911520957947,0.7445109486579895,0.08891778439283371
YNL154C,YKL140W,0,2.0831196,0.4559902250766754,0.7445109486579895,0.08901780098676682
YDR251W,YPL132W,0,2.0828538,0.4557116627693176,0.7445109486579895,0.08911782503128052
YDL092W,YER018C,0,2.0809262,0.4554334580898285,0.7445109486579895,0.08921784162521362
YDL204W,YFR004W,0,2.0780947,0.4551555812358856,0.7445109486579895,0.08931786566972733
YOR270C,YGR026W,0,2.07804,0.4548780620098114,0.7445109486579895,0.08941788226366043
YGL012W,YGL003C,0,2.0773249,0.45460084080696106,0.7445109486579895,0.08951790630817413
YNL021W,YMR071C,0,2.0772176,0.45432400703430176,0.7445109486579895,0.08961792290210724
YKL095W,YOL120C,0,2.075522,0.45404747128486633,0.7445109486579895,0.08971794694662094
YOL088C,YKL012W,0,2.07531,0.45377129316329956,0.7445109486579895,0.08981796354055405
YLL055W,YGL131C,0,2.0743291,0.45349544286727905,0.7445109486579895,0.08991798013448715
YCR077C,YMR039C,0,2.0734556,0.4532199203968048,0.7445109486579895,0.09001800417900085
YDR205W,YOR187W,0,2.0732071,0.4529447555541992,0.7445109486579895,0.09011802077293396
YLR380W,YJL191W,0,2.0717485,0.4526698887348175,0.7445109486579895,0.09021804481744766
YLR268W,YCR034W,0,2.070745,0.45239537954330444,0.7445109486579895,0.09031806141138077
YMR032W,YJL021C,1,2.0706947,0.4527272582054138,0.7455089688301086,0.09031806141138077
YKR056W,YER048C,0,2.0705197,0.45245304703712463,0.7455089688301086,0.09041808545589447
YNL058C,YML037C,0,2.067779,0.4521791636943817,0.7455089688301086,0.09051810204982758
YGL001C,YEL043W,0,2.0674837,0.45190563797950745,0.7455089688301086,0.09061812609434128
YLR045C,YGR121C,0,2.0668085,0.45163241028785706,0.7455089688301086,0.09071814268827438
YLR391W,YLR071C,0,2.0666473,0.45135951042175293,0.7455089688301086,0.09081816673278809
YDR052C,YPL154C,0,2.0664647,0.45108696818351746,0.7455089688301086,0.09091818332672119
YBL105C,YAL061W,0,2.0662138,0.45081472396850586,0.7455089688301086,0.0910181999206543
YNR063W,YNL159C,0,2.065986,0.4505428373813629,0.7455089688301086,0.091118223965168
YNL274C,YBR243C,0,2.0652504,0.45027124881744385,0.7455089688301086,0.0912182405591011
YJR078W,YKL119C,0,2.064956,0.44999998807907104,0.7455089688301086,0.09131826460361481
YGR041W,YLR438C-A,0,2.0638053,0.4497290849685669,0.7455089688301086,0.09141828119754791
YOR085W,YOL038W,0,2.0636861,0.4494584798812866,0.7455089688301086,0.09151830524206161
YMR051C,YHR141C,0,2.062753,0.4491882026195526,0.7455089688301086,0.09161832183599472
YDR134C,YDR379W,0,2.0602953,0.44891828298568726,0.7455089688301086,0.09171834588050842
YNL298W,YOR171C,1,2.0597572,0.4492492377758026,0.7465069890022278,0.09171834588050842
YIL039W,YNL210W,0,2.0588024,0.44897958636283875,0.7465069890022278,0.09181836247444153
YCL075W,YPR158C-D,0,2.0574884,0.44871026277542114,0.7465069890022278,0.09191838651895523
YDR033W,YPR190C,0,2.05703,0.4484412372112274,0.7465069890022278,0.09201840311288834
YNL300W,YMR277W,0,2.056916,0.44817256927490234,0.7465069890022278,0.09211842715740204
YHR043C,YBR278W,0,2.0562344,0.44790419936180115,0.7465069890022278,0.09221844375133514
YBR222C,YCL003W,0,2.0558417,0.4476361572742462,0.7465069890022278,0.09231846034526825
YPR080W,YKL200C,0,2.0557725,0.44736841320991516,0.7465069890022278,0.09241848438978195
YCL012W,YBR260C,1,2.055156,0.4476987421512604,0.7475050091743469,0.09241848438978195
YGR229C,YJL191W,0,2.0551226,0.4474312961101532,0.7475050091743469,0.09251850098371506
YJL144W,YHR021C,0,2.0550935,0.4471641778945923,0.7475050091743469,0.09261852502822876
YBR199W,YKL027W,0,2.0550516,0.44689738750457764,0.7475050091743469,0.09271854162216187
YBL052C,YHR061C,0,2.0541823,0.44663089513778687,0.7475050091743469,0.09281856566667557
YBL061C,YGL039W,0,2.053164,0.44636473059654236,0.7475050091743469,0.09291858226060867
YNL039W,YKL056C,0,2.049176,0.44609886407852173,0.7475050091743469,0.09301860630512238
YMR051C,YJR066W,0,2.0479352,0.44583332538604736,0.7475050091743469,0.09311862289905548
YJR026W,YBR097W,0,2.0468793,0.44556811451911926,0.7475050091743469,0.09321864694356918
YGL106W,YOL133W,0,2.0464966,0.44530320167541504,0.7475050091743469,0.09331866353750229
YKL017C,YDR480W,0,2.0444515,0.4450386166572571,0.7475050091743469,0.0934186801314354
YLL028W,YOR174W,0,2.0435555,0.4447743594646454,0.7475050091743469,0.0935187041759491
YKR050W,YIR037W,0,2.0424478,0.44451040029525757,0.7475050091743469,0.0936187207698822
YDR476C,YJL200C,0,2.0407794,0.44424673914909363,0.7475050091743469,0.0937187448143959
YCL034W,YFR024C-A,1,2.040159,0.4445761740207672,0.7485029697418213,0.0937187448143959
YGL038C,YPL066W,0,2.0397446,0.44431281089782715,0.7485029697418213,0.09381876140832901
YGL123W,YIL042C,0,2.0395517,0.44404974579811096,0.7485029697418213,0.09391878545284271
YOL097C,YLR414C,0,2.0393858,0.44378697872161865,0.7485029697418213,0.09401880204677582
YHR107C,YPL181W,0,2.039385,0.4435245394706726,0.7485029697418213,0.09411882609128952
YCL062W,YGR241C,0,2.0381353,0.44326239824295044,0.7485029697418213,0.09421884268522263
YDL222C,YOR008C,1,2.035826,0.44359126687049866,0.7495009899139404,0.09421884268522263
YNL095C,YIL097W,0,2.035084,0.443329393863678,0.7495009899139404,0.09431886672973633
YPL192C,YOR141C,0,2.0340476,0.44306784868240356,0.7495009899139404,0.09441888332366943
YIR006C,YER149C,1,2.033179,0.4433962404727936,0.7504990100860596,0.09441888332366943
YGL233W,YBL029C-A,0,2.0323098,0.44313493371009827,0.7504990100860596,0.09451890736818314
YPL242C,YJL012C-A,0,2.0317144,0.4428739547729492,0.7504990100860596,0.09461892396211624
YOL107W,YPR043W,0,2.0305536,0.44261330366134644,0.7504990100860596,0.09471894055604935
YJL021C,YLR337W,1,2.0304234,0.44294118881225586,0.7514970302581787,0.09471894055604935
YDR373W,YNL186W,0,2.0297596,0.4426807761192322,0.7514970302581787,0.09481896460056305
YCL003W,YIL070C,0,2.0293868,0.44242069125175476,0.7514970302581787,0.09491898119449615
YML015C,YBR110W,0,2.028923,0.4421609044075012,0.7514970302581787,0.09501900523900986
YDR130C,YOL082W,0,2.028638,0.44190141558647156,0.7514970302581787,0.09511902183294296
YGR229C,YDL047W,0,2.025061,0.44164222478866577,0.7514970302581787,0.09521904587745667
YOR058C,YKL212W,0,2.0236304,0.44138336181640625,0.7514970302581787,0.09531906247138977
YBL075C,YOL093W,0,2.0209115,0.4411247670650482,0.7514970302581787,0.09541908651590347
YMR202W,YOR371C,0,2.0201104,0.44086650013923645,0.7514970302581787,0.09551910310983658
YNL021W,YPR166C,0,2.0175097,0.44060853123664856,0.7514970302581787,0.09561912715435028
YGR281W,YDL061C,0,2.0174181,0.44035089015960693,0.7514970302581787,0.09571914374828339
YDL099W,YER008C,0,2.0162494,0.4400935173034668,0.7514970302581787,0.09581916034221649
YDR358W,YER013W,0,2.0153081,0.43983644247055054,0.7514970302581787,0.0959191843867302
YGR029W,YBR261C,0,2.015272,0.43957969546318054,0.7514970302581787,0.0960192009806633
YHR039C-B,YML051W,0,2.0137973,0.43932321667671204,0.7514970302581787,0.096119225025177
YDR339C,YCR070W,0,2.013565,0.4390670657157898,0.7514970302581787,0.09621924161911011
YDR385W,YOR245C,0,2.01349,0.43881118297576904,0.7514970302581787,0.09631926566362381
YGR166W,YLR229C,0,2.011772,0.43855562806129456,0.7514970302581787,0.09641928225755692
YPL074W,YNL079C,1,2.0094333,0.43888241052627563,0.7524949908256531,0.09641928225755692
YNL166C,YFR024C,1,2.008452,0.43920883536338806,0.7534930109977722,0.09641928225755692
YML071C,YFL002C,0,2.0083897,0.4389534890651703,0.7534930109977722,0.09651930630207062
YCR026C,YGL124C,0,2.0067427,0.4386984407901764,0.7534930109977722,0.09661932289600372
YAL041W,YGL225W,0,2.0064135,0.438443660736084,0.7534930109977722,0.09671934694051743
YMR004W,YOR122C,0,2.0057719,0.43818920850753784,0.7534930109977722,0.09681936353445053
YDR218C,YKL048C,1,2.0056334,0.4385150671005249,0.7544910311698914,0.09681936353445053
YJL018W,YDR258C,0,2.0053718,0.43826088309288025,0.7544910311698914,0.09691938757896423
YEL031W,YNR056C,0,2.002717,0.4380069673061371,0.7544910311698914,0.09701940417289734
YPL218W,YGR028W,0,2.0023572,0.4377533197402954,0.7544910311698914,0.09711942076683044
YDR236C,YIL108W,0,2.0012348,0.4375,0.7544910311698914,0.09721944481134415
YPL186C,YPL124W,0,2.0003207,0.43724697828292847,0.7544910311698914,0.09731946140527725
YLR399C,YCR011C,0,1.9987782,0.4369942247867584,0.7544910311698914,0.09741948544979095
YDR318W,YDL213C,0,1.9979893,0.43674176931381226,0.7544910311698914,0.09751950204372406
YJR033C,YPL072W,0,1.9978868,0.43648961186408997,0.7544910311698914,0.09761952608823776
YLR256W,YBL079W,0,1.9977156,0.43623775243759155,0.7544910311698914,0.09771954268217087
YDR141C,YKL158W,0,1.9962741,0.43598616123199463,0.7544910311698914,0.09781956672668457
YOR073W,YPR104C,0,1.9959666,0.4357348680496216,0.7544910311698914,0.09791958332061768
YJL080C,YPL256C,0,1.9955693,0.4354838728904724,0.7544910311698914,0.09801960736513138
YBL061C,YHR161C,1,1.9954671,0.43580886721611023,0.7554890513420105,0.09801960736513138
YJL018W,YDL194W,0,1.9941837,0.43555811047554016,0.7554890513420105,0.09811962395906448
YKR061W,YDR529C,0,1.9934222,0.43530765175819397,0.7554890513420105,0.09821964055299759
YOR373W,YOR378W,0,1.9926587,0.43505746126174927,0.7554890513420105,0.09831966459751129
YMR238W,YNR043W,0,1.9911557,0.43480756878852844,0.7554890513420105,0.0984196811914444
YLR268W,YOR329C,0,1.9907874,0.4345579743385315,0.7554890513420105,0.0985197052359581
YDR164C,YDR346C,0,1.9903356,0.4343086779117584,0.7554890513420105,0.0986197218298912
YLR353W,YBR217W,0,1.9902292,0.43405961990356445,0.7554890513420105,0.09871974587440491
YCR096C,YCL043C,0,1.9886452,0.43381088972091675,0.7554890513420105,0.09881976246833801
YDR351W,YJR090C,0,1.9884342,0.43356242775917053,0.7554890513420105,0.09891978651285172
YCL014W,YFR024C,1,1.9883288,0.43388667702674866,0.7564870119094849,0.09891978651285172
YML085C,YHR091C,0,1.9872228,0.43363845348358154,0.7564870119094849,0.09901980310678482
YOR070C,YHR019C,0,1.9858037,0.4333904981613159,0.7564870119094849,0.09911982715129852
YMR032W,YFR024C,1,1.9857346,0.4337143003940582,0.757485032081604,0.09911982715129852
YGR010W,YLR337W,0,1.9844569,0.4334665834903717,0.757485032081604,0.09921984374523163
YDR476C,YBL089W,0,1.9835736,0.43321916460990906,0.757485032081604,0.09931986033916473
YGR277C,YPL256C,0,1.9829389,0.4329720437526703,0.757485032081604,0.09941988438367844
YLR342W,YFL005W,1,1.9821006,0.433295339345932,0.7584830522537231,0.09941988438367844
YPR159W,YMR030W,0,1.9802691,0.43304842710494995,0.7584830522537231,0.09951990097761154
YCR033W,YOR153W,0,1.9801806,0.4328018128871918,0.7584830522537231,0.09961992502212524
YBL047C,YOR367W,1,1.9777476,0.4331246316432953,0.7594810128211975,0.09961992502212524
YKR102W,YNL096C,0,1.9773093,0.4328782856464386,0.7594810128211975,0.09971994161605835
YAL003W,YDL239C,0,1.9765114,0.432632178068161,0.7594810128211975,0.09981996566057205
YPR030W,YDL002C,0,1.9761664,0.4323863685131073,0.7594810128211975,0.09991998225450516
YNL129W,YER159C-A,0,1.9759666,0.4321408271789551,0.7594810128211975,0.10002000629901886
YBR164C,YPL019C,0,1.9756275,0.43189558386802673,0.7594810128211975,0.10012002289295197
YNL298W,YCL061C,0,1.9746922,0.4316506087779999,0.7594810128211975,0.10022004693746567
YNL178W,YLR246W,0,1.9733807,0.4314059019088745,0.7594810128211975,0.10032006353139877
YNL326C,YBR196C,0,1.9725269,0.43116146326065063,0.7594810128211975,0.10042008757591248
YBR014C,YHR045W,0,1.9717194,0.43091732263565063,0.7594810128211975,0.10052010416984558
YFL035C,YER171W,0,1.971109,0.4306734502315521,0.7594810128211975,0.10062012076377869
YLR355C,YBR167C,0,1.9703468,0.4304298758506775,0.7594810128211975,0.10072014480829239
YDL005C,YNR060W,0,1.9684755,0.43018653988838196,0.7594810128211975,0.1008201614022255
YNL147W,YDR171W,0,1.9684397,0.4299435019493103,0.7594810128211975,0.1009201854467392
YLR314C,YGL095C,0,1.9680418,0.42970073223114014,0.7594810128211975,0.1010202020406723
YLR080W,YOR217W,0,1.9672347,0.42945823073387146,0.7594810128211975,0.101120226085186
YDR392W,YBL101W-A,0,1.9669479,0.42921602725982666,0.7594810128211975,0.10122024267911911
YBL011W,YIR036C,0,1.9669293,0.42897406220436096,0.7594810128211975,0.10132026672363281
YGL077C,YBR068C,0,1.9667603,0.42873239517211914,0.7594810128211975,0.10142028331756592
YCL043C,YOR095C,0,1.9655648,0.4284909963607788,0.7594810128211975,0.10152030736207962
YJR090C,YHR107C,1,1.9654528,0.42881259322166443,0.7604790329933167,0.10152030736207962
YPL274W,YDR210W,0,1.9648691,0.4285714328289032,0.7604790329933167,0.10162032395601273
YLR128W,YOR240W,0,1.9647547,0.42833051085472107,0.7604790329933167,0.10172034054994583
YMR305C,YNR051C,0,1.9639062,0.4280898869037628,0.7604790329933167,0.10182036459445953
YCR071C,YCR055C,0,1.9614378,0.42784953117370605,0.7604790329933167,0.10192038118839264
YGL020C,YDL019C,0,1.9611636,0.4276094138622284,0.7604790329933167,0.10202040523290634
YHR076W,YDR050C,0,1.9610773,0.4273695945739746,0.7604790329933167,0.10212042182683945
YDR151C,YOR008C,0,1.9583324,0.4271300435066223,0.7604790329933167,0.10222044587135315
YIL017W,YLR077W,0,1.9572183,0.4268907606601715,0.7604790329933167,0.10232046246528625
YMR012W,YNL134C,0,1.9560624,0.4266517460346222,0.7604790329933167,0.10242048650979996
YLR309C,YBR173C,0,1.9554178,0.426412969827652,0.7604790329933167,0.10252050310373306
YDR150W,YIL095W,1,1.9549998,0.4267337918281555,0.7614770531654358,0.10252050310373306
YLR341W,YDR371W,0,1.9547862,0.4264952540397644,0.7614770531654358,0.10262052714824677
YFL010W-A,YJR151C,0,1.9536783,0.4262569844722748,0.7614770531654358,0.10272054374217987
YPR152C,YCR055C,0,1.95324,0.42601898312568665,0.7614770531654358,0.10282056778669357
YOL044W,YPL124W,0,1.9524766,0.42578125,0.7614770531654358,0.10292058438062668
YJR090C,YLL021W,1,1.9517835,0.4261015057563782,0.7624750733375549,0.10292058438062668
YOR240W,YIL127C,0,1.9512948,0.42586398124694824,0.7624750733375549,0.10302060097455978
YLR399C,YBL002W,0,1.9505502,0.4256267547607422,0.7624750733375549,0.10312062501907349
YDR059C,YKL097W-A,0,1.9502107,0.42538976669311523,0.7624750733375549,0.10322064161300659
YKL193C,YCL034W,0,1.9486839,0.42515304684638977,0.7624750733375549,0.1033206656575203
YPL002C,YEL064C,0,1.9481176,0.4249165654182434,0.7624750733375549,0.1034206822514534
YJL207C,YMR037C,0,1.9480573,0.4246803820133209,0.7624750733375549,0.1035207062959671
YCL034W,YKL129C,1,1.9472128,0.42500001192092896,0.7634730339050293,0.1035207062959671
YNL049C,YDL110C,0,1.9468027,0.4247640073299408,0.7634730339050293,0.10362072288990021
YNL194C,YLL038C,1,1.9439169,0.4250832498073578,0.7644710540771484,0.10362072288990021
YKR055W,YBL101W-B,0,1.943385,0.42484748363494873,0.7644710540771484,0.10372074693441391
YGR061C,YLR270W,0,1.9419795,0.42461198568344116,0.7644710540771484,0.10382076352834702
YJL085W,YBR126C,0,1.9413072,0.4243767261505127,0.7644710540771484,0.10392078757286072
YLR321C,YPL082C,0,1.9394671,0.4241417348384857,0.7644710540771484,0.10402080416679382
YGR287C,YBR229C,0,1.938789,0.4239070415496826,0.7644710540771484,0.10412082076072693
YDR531W,YGL229C,0,1.9371997,0.42367255687713623,0.7644710540771484,0.10422084480524063
YGL048C,YDL227C,0,1.93604,0.4234383702278137,0.7644710540771484,0.10432086139917374
YDR318W,YDR330W,0,1.9337214,0.4232044219970703,0.7644710540771484,0.10442088544368744
YNL238W,YCR039C,0,1.9335672,0.4229707419872284,0.7644710540771484,0.10452090203762054
YMR214W,YOR226C,0,1.9333204,0.4227373003959656,0.7644710540771484,0.10462092608213425
YMR008C,YGL256W,0,1.9304866,0.42250412702560425,0.7644710540771484,0.10472094267606735
YJL178C,YBR257W,0,1.9297026,0.4222712218761444,0.7644710540771484,0.10482096672058105
YKL127W,YER022W,0,1.9282781,0.42203855514526367,0.7644710540771484,0.10492098331451416
YMR278W,YJR044C,0,1.927754,0.4218061566352844,0.7644710540771484,0.10502100735902786
YHR149C,YLR337W,1,1.9274455,0.42212438583374023,0.7654690742492676,0.10502100735902786
YDR062W,YOR099W,0,1.926175,0.4218921959400177,0.7654690742492676,0.10512102395296097
YJL019W,YOL054W,0,1.925357,0.42166024446487427,0.7654690742492676,0.10522104054689407
YLR391W,YNR003C,0,1.925136,0.4214285612106323,0.7654690742492676,0.10532106459140778
YKL127W,YJR032W,0,1.9241797,0.42119714617729187,0.7654690742492676,0.10542108118534088
YPL164C,YAL029C,0,1.9205462,0.4209659695625305,0.7654690742492676,0.10552110522985458
YAL060W,YMR227C,0,1.9204208,0.42073506116867065,0.7654690742492676,0.10562112182378769
YMR086W,YDL010W,0,1.9202248,0.4205043911933899,0.7654690742492676,0.10572114586830139
YHR166C,YHR128W,0,1.9201504,0.42027395963668823,0.7654690742492676,0.1058211624622345
YKL096W-A,YAR003W,0,1.91916,0.42004382610321045,0.7654690742492676,0.1059211865067482
YMR029C,YDR457W,0,1.9186269,0.4198139011859894,0.7654690742492676,0.1060212031006813
YDL044C,YCL060C,0,1.9175657,0.4195842444896698,0.7654690742492676,0.10612122714519501
YOR313C,YDR031W,0,1.9173232,0.4193548262119293,0.7654690742492676,0.10622124373912811
YNL243W,YOR109W,1,1.9164194,0.4196721315383911,0.7664670944213867,0.10622124373912811
YDL143W,YLR182W,0,1.9159151,0.41944292187690735,0.7664670944213867,0.10632126778364182
YBR235W,YGR218W,0,1.9158727,0.4192139804363251,0.7664670944213867,0.10642128437757492
YNL312W,YCR055C,0,1.9153274,0.4189852774143219,0.7664670944213867,0.10652130097150803
YIL073C,YOR085W,0,1.9138068,0.4187568128108978,0.7664670944213867,0.10662132501602173
YAL038W,YMR302C,0,1.9136862,0.41852861642837524,0.7664670944213867,0.10672134160995483
YNL094W,YKL129C,1,1.9134032,0.4188453257083893,0.7674650549888611,0.10672134160995483
YKL200C,YLR357W,0,1.9098984,0.418617308139801,0.7674650549888611,0.10682136565446854
YMR029C,YBR020W,0,1.9097625,0.41838955879211426,0.7674650549888611,0.10692138224840164
YLR337W,YBR130C,1,1.9092778,0.4187058210372925,0.7684630751609802,0.10692138224840164
YMR200W,YOL077C,0,1.9087485,0.41847825050354004,0.7684630751609802,0.10702140629291534
YLR034C,YNL102W,0,1.9068452,0.4182509481906891,0.7684630751609802,0.10712142288684845
YLR424W,YBR072W,0,1.9064032,0.41802388429641724,0.7684630751609802,0.10722144693136215
YNR036C,YGR261C,0,1.9052216,0.4177970588207245,0.7684630751609802,0.10732146352529526
YPR159W,YDR454C,0,1.9051479,0.4175705015659332,0.7684630751609802,0.10742148756980896
YKL092C,YMR046C,0,1.9033438,0.41734418272972107,0.7684630751609802,0.10752150416374207
YLR027C,YGR278W,0,1.9017009,0.417118102312088,0.7684630751609802,0.10762152075767517
YEL046C,YML039W,0,1.9005505,0.41689226031303406,0.7684630751609802,0.10772154480218887
YGR026W,YBR057C,0,1.8994504,0.4166666567325592,0.7684630751609802,0.10782156139612198
YIR014W,YIL041W,0,1.8983294,0.41644132137298584,0.7684630751609802,0.10792158544063568
YDR038C,YJR090C,0,1.8979632,0.4162162244319916,0.7684630751609802,0.10802160203456879
YKR009C,YCL003W,0,1.897659,0.4159913659095764,0.7684630751609802,0.10812162607908249
YJR090C,YGL010W,0,1.8943392,0.41576674580574036,0.7684630751609802,0.1082216426730156
YDR141C,YLR057W,0,1.8939129,0.4155423641204834,0.7684630751609802,0.1083216667175293
YPR032W,YML070W,0,1.8929497,0.41531822085380554,0.7684630751609802,0.1084216833114624
YHR149C,YNL233W,1,1.8906718,0.4156334102153778,0.7694610953330994,0.1084216833114624
YDR138W,YKL056C,0,1.8897167,0.41540947556495667,0.7694610953330994,0.1085217073559761
YDR510W,YDR129C,1,1.889443,0.4157242774963379,0.7704590559005737,0.1085217073559761
YMR200W,YOR171C,0,1.889233,0.41550055146217346,0.7704590559005737,0.10862172394990921
YDL092W,YEL069C,0,1.8890914,0.41527703404426575,0.7704590559005737,0.10872174799442291
YNL027W,YNL159C,0,1.887874,0.41505375504493713,0.7704590559005737,0.10882176458835602
YOR192C-A,YJR135W-A,0,1.8878545,0.41483074426651,0.7704590559005737,0.10892178118228912
YHR149C,YDR379W,1,1.8869046,0.41514500975608826,0.7714570760726929,0.10892178118228912
YPL206C,YDR253C,0,1.8865844,0.41492217779159546,0.7714570760726929,0.10902180522680283
YPL037C,YNL245C,0,1.8858293,0.41469958424568176,0.7714570760726929,0.10912182182073593
YGR075C,YCL043C,0,1.8855447,0.4144771993160248,0.7714570760726929,0.10922184586524963
YOR173W,YHR070W,0,1.8850454,0.4142550826072693,0.7714570760726929,0.10932186245918274
YMR116C,YJL172W,0,1.8848087,0.4140332043170929,0.7714570760726929,0.10942188650369644
YNL084C,YPL086C,0,1.8828593,0.4138115644454956,0.7714570760726929,0.10952190309762955
YDR443C,YOR327C,0,1.8826162,0.4135901629924774,0.7714570760726929,0.10962192714214325
YJL187C,YNL007C,0,1.881015,0.41336897015571594,0.7714570760726929,0.10972194373607635
YDR226W,YGR026W,0,1.8800269,0.41314804553985596,0.7714570760726929,0.10982196778059006
YGR009C,YLR106C,0,1.8785411,0.4129273593425751,0.7714570760726929,0.10992198437452316
YLR391W,YJR045C,0,1.878389,0.4127068817615509,0.7714570760726929,0.11002200096845627
YLR080W,YNL016W,0,1.8783509,0.4124866724014282,0.7714570760726929,0.11012202501296997
YDR016C,YMR323W,0,1.8777224,0.41226667165756226,0.7714570760726929,0.11022204160690308
YLR350W,YBR216C,0,1.8775142,0.4120469093322754,0.7714570760726929,0.11032206565141678
YGL156W,YDL115C,0,1.8768927,0.4118273854255676,0.7714570760726929,0.11042208224534988
YBL078C,YCR055C,0,1.8765405,0.41160809993743896,0.7714570760726929,0.11052210628986359
YGR191W,YCR040W,0,1.8764864,0.411389023065567,0.7714570760726929,0.11062212288379669
YDR320C-A,YGR238C,0,1.8751365,0.41117021441459656,0.7714570760726929,0.1107221469283104
YER091C,YNL292W,0,1.8741528,0.4109516143798828,0.7714570760726929,0.1108221635222435
YBR159W,YLR291C,0,1.8732497,0.41073325276374817,0.7714570760726929,0.1109221875667572
YER094C,YBL101W-B,0,1.8727933,0.4105151295661926,0.7714570760726929,0.11102220416069031
YIL017W,YLR459W,0,1.8726505,0.4102972447872162,0.7714570760726929,0.11112222075462341
YJL046W,YLR109W,0,1.8724366,0.41007956862449646,0.7714570760726929,0.11122224479913712
YPR188C,YIL138C,1,1.8719493,0.4103923738002777,0.772455096244812,0.11122224479913712
YPR058W,YHR184W,0,1.8709141,0.4101748764514923,0.772455096244812,0.11132226139307022
YGR198W,YDR309C,1,1.8696598,0.4104872941970825,0.7734531164169312,0.11132226139307022
YOR240W,YPL236C,0,1.8695358,0.41026997566223145,0.7734531164169312,0.11142228543758392
YBR186W,YGL136C,0,1.8662893,0.4100528955459595,0.7734531164169312,0.11152230203151703
YGR263C,YOR028C,0,1.8662225,0.4098360538482666,0.7734531164169312,0.11162232607603073
YER019W,YDR225W,0,1.865821,0.40961945056915283,0.7734531164169312,0.11172234266996384
YIL034C,YLR337W,1,1.8648897,0.40993133187294006,0.7744510769844055,0.11172234266996384
YPL026C,YHR076W,0,1.8629228,0.40971487760543823,0.7744510769844055,0.11182236671447754
YJL113W,YLL015W,0,1.8623382,0.4094986915588379,0.7744510769844055,0.11192238330841064
YGL083W,YKR013W,0,1.8619851,0.40928271412849426,0.7744510769844055,0.11202240735292435
YJL091C,YOR140W,0,1.8614827,0.40906694531440735,0.7744510769844055,0.11212242394685745
YGR113W,YPL255W,0,1.8586246,0.40885141491889954,0.7744510769844055,0.11222244799137115
YGR009C,YNL125C,0,1.8582932,0.4086361229419708,0.7744510769844055,0.11232246458530426
YDR383C,YGR076C,0,1.8577372,0.40842103958129883,0.7744510769844055,0.11242248117923737
YPL189C-A,YBR160W,0,1.8570505,0.40820619463920593,0.7744510769844055,0.11252250522375107
YLR174W,YHR214W-G,0,1.8570505,0.40799158811569214,0.7744510769844055,0.11262252181768417
YLR312C-B,YOR122C,1,1.8570505,0.4083026945590973,0.7754490971565247,0.11262252181768417
YMR202W,YLR312C-B,0,1.8570505,0.40808823704719543,0.7754490971565247,0.11272254586219788
YBL008W-A,YPR056W,0,1.8570505,0.4078740179538727,0.7754490971565247,0.11282256245613098
YLR182W,YLR391W-A,0,1.8570505,0.40766000747680664,0.7754490971565247,0.11292258650064468
YCL012W,YFR024C-A,1,1.8570505,0.4079706370830536,0.7764471173286438,0.11292258650064468
YCR029C-A,YKL015W,0,1.8570505,0.4077568054199219,0.7764471173286438,0.11302260309457779
YGR184C,YCR055C,0,1.8570505,0.40754321217536926,0.7764471173286438,0.11312262713909149
YKL097W-A,YDL074C,0,1.8570505,0.40732985734939575,0.7764471173286438,0.1132226437330246
YOR115C,YDR210W-D,0,1.8570505,0.40711668133735657,0.7764471173286438,0.1133226677775383
YER058W,YPL189C-A,0,1.8570505,0.40690377354621887,0.7764471173286438,0.1134226843714714
YNL138W-A,YER029C,0,1.8570505,0.4066910743713379,0.7764471173286438,0.11352270096540451
YGR031C-A,YJR001W,0,1.8570505,0.4064785838127136,0.7764471173286438,0.11362272500991821
YLR410W-A,YOR343C-B,0,1.8570505,0.40626633167266846,0.7764471173286438,0.11372274160385132
YOR261C,YDR210W-D,0,1.8570505,0.40605428814888,0.7764471173286438,0.11382276564836502
YCR029C-A,YKL173W,0,1.8570505,0.40584245324134827,0.7764471173286438,0.11392278224229813
YNL024C-A,YIR002C,0,1.8570505,0.40563085675239563,0.7764471173286438,0.11402280628681183
YCL027C-A,YOL065C,0,1.8570505,0.4054194986820221,0.7764471173286438,0.11412282288074493
YFL011W-A,YOR204W,0,1.8570505,0.4052083194255829,0.7764471173286438,0.11422284692525864
YNL054W-B,YAR044W,0,1.8570505,0.40499740839004517,0.7764471173286438,0.11432286351919174
YPL009C,YLR312C-B,0,1.8570505,0.4047866761684418,0.7764471173286438,0.11442288756370544
YMR043W,YFL011W-A,0,1.8570505,0.4045761823654175,0.7764471173286438,0.11452290415763855
YOR343C-B,YGR280C,0,1.8570505,0.4043658971786499,0.7764471173286438,0.11462292820215225
YBL007C,YLR337W,1,1.8570505,0.40467533469200134,0.7774451375007629,0.11462292820215225
YKL170W,YAR070W-A,0,1.8570505,0.4044651985168457,0.7774451375007629,0.11472294479608536
YOL053C-A,YJL095W,0,1.8570505,0.40425533056259155,0.7774451375007629,0.11482296139001846
YBL008W-A,YDR254W,0,1.8570505,0.40404564142227173,0.7774451375007629,0.11492298543453217
YLR312C-B,YIL159W,1,1.8570505,0.40435460209846497,0.7784430980682373,0.11492298543453217
YHR123W,YNL138W-A,0,1.8570505,0.40414509177207947,0.7784430980682373,0.11502300202846527
YMR032W,YPL096C-A,0,1.8570505,0.4039357900619507,0.7784430980682373,0.11512302607297897
YPL188W,YDR014W-A,0,1.8570505,0.4037266969680786,0.7784430980682373,0.11522304266691208
YLR312C-B,YMR122W-A,0,1.8570505,0.40351784229278564,0.7784430980682373,0.11532306671142578
YGR031C-A,YGL134W,0,1.8570505,0.4033091962337494,0.7784430980682373,0.11542308330535889
YKR099C-A,YFL008W,0,1.8570505,0.40310078859329224,0.7784430980682373,0.11552310734987259
YDR123C,YCL027C-A,0,1.8570505,0.4028925597667694,0.7784430980682373,0.1156231239438057
YPL154C,YLR391W-A,0,1.8570505,0.4026845693588257,0.7784430980682373,0.1157231479883194
YCL048W-A,YPL078C,0,1.8570505,0.40247678756713867,0.7784430980682373,0.1158231645822525
YPL060C-A,YGL046W,0,1.8570505,0.4022692143917084,0.7784430980682373,0.11592318117618561
YLR154W-A,YER166W,0,1.8570505,0.4020618498325348,0.7784430980682373,0.11602320522069931
YLR391W-A,YER029C,0,1.8570505,0.4018547236919403,0.7784430980682373,0.11612322181463242
YBL008W-A,YJL076W,0,1.8570505,0.40164777636528015,0.7784430980682373,0.11622324585914612
YOR142W-B,YCR097WB,0,1.8570505,0.4014410674571991,0.7784430980682373,0.11632326245307922
YMR012W,YPL189C-A,0,1.8570505,0.40123456716537476,0.7784430980682373,0.11642328649759293
YHR214W-G,YDL155W,0,1.8570505,0.40102827548980713,0.7784430980682373,0.11652330309152603
YJL151C,YAR070W-A,0,1.8570505,0.4008221924304962,0.7784430980682373,0.11662332713603973
YCR029C-A,YOR327C,0,1.8570505,0.400616317987442,0.7784430980682373,0.11672334372997284
YDL054C,YLR312C-B,0,1.8570505,0.4004106819629669,0.7784430980682373,0.11682336777448654
YER119C,YBL008W-A,0,1.8570505,0.40020522475242615,0.7784430980682373,0.11692338436841965
YLR154W-A,YGR199W,0,1.8570505,0.4000000059604645,0.7784430980682373,0.11702340096235275
YPL012W,YCL027C-A,0,1.8570505,0.39979496598243713,0.7784430980682373,0.11712342500686646
YLR391W-A,YML125C,0,1.8570505,0.3995901644229889,0.7784430980682373,0.11722344160079956
YDR533C,YBR111W-A,0,1.8570505,0.39938557147979736,0.7784430980682373,0.11732346564531326
YDR210W-D,YML116W,0,1.8570505,0.39918115735054016,0.7784430980682373,0.11742348223924637
YBL008W-A,YOR346W,0,1.8570505,0.39897698163986206,0.7784430980682373,0.11752350628376007
YJL063C,YDR014W-A,0,1.8570505,0.3987730145454407,0.7784430980682373,0.11762352287769318
YBL008W-A,YLR316C,0,1.8570505,0.3985692262649536,0.7784430980682373,0.11772354692220688
YKR099C-A,YHR082C,0,1.8570505,0.39836567640304565,0.7784430980682373,0.11782356351613998
YCL048W-A,YDR210W-A,0,1.8570505,0.3981623351573944,0.7784430980682373,0.11792358756065369
YGL258W-A,YPL096C-A,0,1.8570505,0.3979591727256775,0.7784430980682373,0.11802360415458679
YIL015W,YCL048W-A,0,1.8570505,0.3977562487125397,0.7784430980682373,0.1181236281991005
YCR070W,YJR101W,0,1.8570505,0.3975535035133362,0.7784430980682373,0.1182236447930336
YOR010C,YOR343C-B,0,1.8570505,0.3973509967327118,0.7784430980682373,0.1183236613869667
YCL050C,YPL189C-A,0,1.8570505,0.39714866876602173,0.7784430980682373,0.11842368543148041
YCL027C-A,YGL255W,0,1.8570505,0.39694657921791077,0.7784430980682373,0.11852370202541351
YBL008W-A,YER137C-A,0,1.8570505,0.39674466848373413,0.7784430980682373,0.11862372606992722
YCR029C-A,YIL082W-A,0,1.8570505,0.3965429663658142,0.7784430980682373,0.11872374266386032
YGR026W,YOR343C-B,0,1.8570505,0.396341472864151,0.7784430980682373,0.11882376670837402
YLR312C-B,YDR146C,0,1.8570505,0.3961401581764221,0.7784430980682373,0.11892378330230713
YCL027C-A,YJR064W,0,1.8570505,0.39593908190727234,0.7784430980682373,0.11902380734682083
YLR312C-B,YPR054W,0,1.8570505,0.3957382142543793,0.7784430980682373,0.11912382394075394
YLR312C-B,YLR297W,0,1.8570505,0.39553752541542053,0.7784430980682373,0.11922384798526764
YLR312C-B,YGR059W,1,1.8570505,0.39584389328956604,0.7794411182403564,0.11922384798526764
YNL138W-A,YKR069W,0,1.8570505,0.39564335346221924,0.7794411182403564,0.11932386457920074
YIR006C,YCL012W,1,1.8570505,0.3959493637084961,0.7804391384124756,0.11932386457920074
YCR029C-A,YJL214W,0,1.8570505,0.3957490026950836,0.7804391384124756,0.11942388117313385
YGR031C-A,YCR093W,0,1.8570505,0.39554882049560547,0.7804391384124756,0.11952390521764755
YNL083W,YNL138W-A,0,1.8570505,0.39534884691238403,0.7804391384124756,0.11962392181158066
YFL038C,YOR343C-B,0,1.8570505,0.3951490521430969,0.7804391384124756,0.11972394585609436
YKR025W,YDR210W-D,0,1.8570505,0.3949494957923889,0.7804391384124756,0.11982396245002747
YML018C,YBR111W-A,0,1.8570505,0.39475011825561523,0.7804391384124756,0.11992398649454117
YLR312C-B,YPL099C,0,1.8570505,0.39455094933509827,0.7804391384124756,0.12002400308847427
YLR312C-B,YPR125W,0,1.8570505,0.394351989030838,0.7804391384124756,0.12012402713298798
YNL024C-A,YIL172C,0,1.8570505,0.3941532373428345,0.7804391384124756,0.12022404372692108
YJR125C,YCR029C-A,0,1.8570505,0.39395466446876526,0.7804391384124756,0.12032406777143478
YLR337W,YIL095W,1,1.8570505,0.39425981044769287,0.78143709897995,0.12032406777143478
YDR210W-D,YOR130C,0,1.8570505,0.3940613865852356,0.78143709897995,0.12042408436536789
YDR210W-D,YER051W,0,1.8570505,0.39386317133903503,0.78143709897995,0.12052410840988159
YGR031C-A,YML110C,0,1.8570505,0.3936651647090912,0.78143709897995,0.1206241250038147
YKL097W-A,YBR166C,0,1.8570505,0.39346733689308167,0.78143709897995,0.1207241415977478
YLR312C-B,YGR080W,1,1.8570505,0.3937719762325287,0.7824351191520691,0.1207241415977478
YDR409W,YLR337W,1,1.8570505,0.39407631754875183,0.7834331393241882,0.1207241415977478
YLR312C-B,YLR313C,1,1.8570505,0.3943803310394287,0.7844311594963074,0.1207241415977478
YBR012W-A,YHR214W-G,0,1.8570505,0.3941825330257416,0.7844311594963074,0.1208241656422615
YLR312C-B,YGL055W,0,1.8570505,0.39398497343063354,0.7844311594963074,0.12092418223619461
YCL020W,YCL027C-A,0,1.8570505,0.39378756284713745,0.7844311594963074,0.12102420628070831
YLR391W-A,YNL212W,0,1.8570505,0.39359039068222046,0.7844311594963074,0.12112422287464142
YGL112C,YOR343C-B,0,1.8570505,0.3933933973312378,0.7844311594963074,0.12122424691915512
YDR487C,YPL096C-A,0,1.8570505,0.39319661259651184,0.7844311594963074,0.12132426351308823
YPL127C,YDR210W-D,0,1.8570505,0.3930000066757202,0.7844311594963074,0.12142428755760193
YLR014C,YBR111W-A,0,1.8570505,0.3928036093711853,0.7844311594963074,0.12152430415153503
YLR312C-B,YBL007C,1,1.8570505,0.3931069076061249,0.7854291200637817,0.12152430415153503
YGL136C,YAR070W-A,0,1.8570505,0.3929106295108795,0.7854291200637817,0.12162432819604874
YNL024C-A,YGR020C,0,1.8570505,0.39271456003189087,0.7854291200637817,0.12172434478998184
YMR268W-A,YKL010C,0,1.8570505,0.39251869916915894,0.7854291200637817,0.12182436138391495
YJR057W,YPL189C-A,0,1.8570505,0.39232301712036133,0.7854291200637817,0.12192438542842865
YDR226W,YMR268W-A,0,1.8570505,0.39212754368782043,0.7854291200637817,0.12202440202236176
YLR312C-B,YLL021W,1,1.8570505,0.39243027567863464,0.7864271402359009,0.12202440202236176
YLR312C-B,YDR309C,1,1.8570505,0.392732709646225,0.78742516040802,0.12202440202236176
YLR312C-B,YLR045C,1,1.8570505,0.39303481578826904,0.7884231805801392,0.12202440202236176
YCR029C-A,YHR023W,0,1.8570505,0.39283937215805054,0.7884231805801392,0.12212442606687546
YFR001W,YOR343C-B,0,1.8570505,0.39264413714408875,0.7884231805801392,0.12222444266080856
YLR312C-B,YGR198W,1,1.8570505,0.3929458558559418,0.7894211411476135,0.12222444266080856
YJR090C,YLR337W,1,1.8570505,0.3932472765445709,0.7904191613197327,0.12222444266080856
YLR312C-B,YOR127W,1,1.8570505,0.3935483992099762,0.7914171814918518,0.12222444266080856
YKL201C,YOL053C-A,0,1.8570505,0.3933531641960144,0.7914171814918518,0.12232446670532227
YDL065C,YGL210W-A,0,1.8570505,0.3931581676006317,0.7914171814918518,0.12242448329925537
YJL137C,YNL024C-A,0,1.8570505,0.39296332001686096,0.7914171814918518,0.12252450734376907
YDR150W,YLR337W,1,1.8570505,0.3932639956474304,0.7924151420593262,0.12252450734376907
YPL189C-A,YDR313C,0,1.8570505,0.3930692970752716,0.7924151420593262,0.12262452393770218
YNL012W,YBR111W-A,0,1.8570505,0.3928748071193695,0.7924151420593262,0.12272454798221588
YHR160C,YPL096C-A,0,1.8570505,0.3926805257797241,0.7924151420593262,0.12282456457614899
YLR206W,YCL012W,1,1.8570505,0.3929807245731354,0.7934131622314453,0.12282456457614899
YLR391W-A,YPR042C,0,1.8570505,0.39278656244277954,0.7934131622314453,0.12292458862066269
YKR103W,YDR014W-A,0,1.8570505,0.39259257912635803,0.7934131622314453,0.1230246052145958
YCL048W-A,YDL159W,0,1.8570505,0.39239880442619324,0.7934131622314453,0.1231246218085289
YOL053C-A,YGL173C,0,1.8570505,0.39220523834228516,0.7934131622314453,0.1232246458530426
YJR033C,YHR039C-B,0,1.8570505,0.392011821269989,0.7934131622314453,0.12332466244697571
YLR312C-B,YIL095W,1,1.8570505,0.3923114836215973,0.7944111824035645,0.12332466244697571
YDR368W,YAR070W-A,0,1.8570505,0.3921182155609131,0.7944111824035645,0.12342468649148941
YOR064C,YDR210W-D,0,1.8570505,0.3919251561164856,0.7944111824035645,0.12352470308542252
YLR312C-B,YBR102C,1,1.8570505,0.39222440123558044,0.7954092025756836,0.12352470308542252
YPL189C-A,YLR316C,0,1.8570505,0.3920314908027649,0.7954092025756836,0.12362472712993622
YFL035C,YHL040C,0,1.8570505,0.3918387293815613,0.7954092025756836,0.12372474372386932
YML033W,YMR323W,0,1.8570505,0.39164620637893677,0.7954092025756836,0.12382476776838303
YHR214W-G,YDR322C-A,0,1.8570505,0.3914538323879242,0.7954092025756836,0.12392478436231613
YLR312C-B,YDL222C,1,1.8570505,0.39175257086753845,0.796407163143158,0.12392478436231613
YEL003W,YDR014W-A,0,1.8570505,0.3915603458881378,0.796407163143158,0.12402480840682983
YMR022W,YHR214W-G,0,1.8570505,0.3913683295249939,0.796407163143158,0.12412482500076294
YKR099C-A,YKL222C,0,1.8570505,0.3911764621734619,0.796407163143158,0.12422484159469604
YOL053C-A,YML025C,0,1.8570505,0.39098480343818665,0.796407163143158,0.12432486563920975
YDL130W-A,YBL101W-A,0,1.8570505,0.3907933533191681,0.796407163143158,0.12442488223314285
YOL052C,YBR111W-A,0,1.8570505,0.3906020522117615,0.796407163143158,0.12452490627765656
YGR031C-A,YGR023W,0,1.8570505,0.3904109597206116,0.796407163143158,0.12462492287158966
YDR524C-B,YFR031C,0,1.8570505,0.390220046043396,0.796407163143158,0.12472494691610336
YLR312C-B,YNL271C,1,1.8570505,0.39051806926727295,0.7974051833152771,0.12472494691610336
YMR268W-A,YML030W,0,1.8570505,0.3903273046016693,0.7974051833152771,0.12482496351003647
YJL177W,YOL053C-A,0,1.8570505,0.39013671875,0.7974051833152771,0.12492498755455017
YNL147W,YHR214W-G,0,1.8570505,0.389946311712265,0.7974051833152771,0.12502500414848328
YBR010W,YHR214W-G,0,1.8570505,0.38975608348846436,0.7974051833152771,0.12512502074241638
YDR210W-D,YKL189W,0,1.8570505,0.3895660638809204,0.7974051833152771,0.12522505223751068
YLR154W-A,YPL255W,0,1.8570505,0.3893762230873108,0.7974051833152771,0.1253250688314438
YBL052C,YHR214W-G,0,1.8570505,0.3891865611076355,0.7974051833152771,0.1254250854253769
YAR070W-A,YGL201C,0,1.8570505,0.38899707794189453,0.7974051833152771,0.12552510201931
YLR312C-B,YBR130C,1,1.8570505,0.38929441571235657,0.7984032034873962,0.12552510201931
YCR009C,YLR337W,1,1.8570505,0.38959142565727234,0.7994012236595154,0.12552510201931
YLR312C-B,YIL138C,1,1.8570505,0.389888197183609,0.8003991842269897,0.12552510201931
YGR229C,YDR524C-B,0,1.8570505,0.38969874382019043,0.8003991842269897,0.1256251186132431
YDR477W,YHR214W-G,0,1.8570505,0.3895094692707062,0.8003991842269897,0.1257251501083374
YER165W,YLR391W-A,0,1.8570505,0.38932037353515625,0.8003991842269897,0.1258251667022705
YCR029C-A,YHR172W,0,1.8570505,0.38913148641586304,0.8003991842269897,0.1259251832962036
YEL003W,YBR111W-A,0,1.8570505,0.38894277811050415,0.8003991842269897,0.12602519989013672
YKR099C-A,YOR228C,0,1.8570505,0.3887542486190796,0.8003991842269897,0.12612523138523102
YBR111W-A,YDR337W,0,1.8570505,0.38856589794158936,0.8003991842269897,0.12622524797916412
YNL094W,YLR312C-B,1,1.8570505,0.3888619840145111,0.8013972043991089,0.12622524797916412
YBL101W-B,YBL071W-A,0,1.8570505,0.3886737525463104,0.8013972043991089,0.12632526457309723
YGL168W,YCL027C-A,0,1.8570505,0.38848572969436646,0.8013972043991089,0.12642528116703033
YNL218W,YDR014W-A,0,1.8570505,0.3882978856563568,0.8013972043991089,0.12652529776096344
YLR154W-A,YCR004C,0,1.8570505,0.3881101906299591,0.8013972043991089,0.12662532925605774
YLR312C-B,YNL264C,0,1.8570505,0.3879227042198181,0.8013972043991089,0.12672534584999084
YNR063W,YNL138W-A,0,1.8570505,0.38773539662361145,0.8013972043991089,0.12682536244392395
YCL060C,YCL061C,0,1.8570505,0.3875482678413391,0.8013972043991089,0.12692537903785706
YMR268W-A,YOL005C,0,1.8570505,0.3873613178730011,0.8013972043991089,0.12702541053295135
YCR029C-A,YLR186W,0,1.8570505,0.3871745467185974,0.8013972043991089,0.12712542712688446
YPL242C,YLR337W,1,1.8570505,0.3874698877334595,0.802395224571228,0.12712542712688446
YLR312C-B,YOR008C,1,1.8570505,0.38776493072509766,0.8033931851387024,0.12712542712688446
YIL017W,YGR038C-B,0,1.8570505,0.38757824897766113,0.8033931851387024,0.12722544372081757
YLR312C-B,YDL204W,1,1.8570505,0.38787296414375305,0.8043912053108215,0.12722544372081757
YLR154W-A,YKR030W,0,1.8570505,0.3876864016056061,0.8043912053108215,0.12732546031475067
YKL200C,YPR049C,0,1.8570505,0.38749998807907104,0.8043912053108215,0.12742549180984497
YDR210W-D,YPL170W,0,1.8570505,0.3873137831687927,0.8043912053108215,0.12752550840377808
YGR047C,YDR524C-B,0,1.8570505,0.38712775707244873,0.8043912053108215,0.12762552499771118
YJL046W,YMR268W-A,0,1.8570505,0.38694190979003906,0.8043912053108215,0.1277255415916443
YNL238W,YBR067C,0,1.8563358,0.3867562413215637,0.8043912053108215,0.1278255581855774
YCR060W,YLR337W,0,1.8554231,0.3865707516670227,0.8043912053108215,0.1279255896806717
YLR441C,YHR171W,0,1.8543507,0.386385440826416,0.8043912053108215,0.1280256062746048
YLR078C,YCR055C,0,1.8533369,0.38620027899742126,0.8043912053108215,0.1281256228685379
YLR342W,YFR024C-A,1,1.8517989,0.3864942491054535,0.8053892254829407,0.1281256228685379
YCL012W,YLR337W,1,1.8516268,0.38678795099258423,0.8063872456550598,0.1281256228685379
YOL101C,YPL113C,0,1.8487278,0.38660287857055664,0.8063872456550598,0.128225639462471
YDR320C-A,YER126C,0,1.8471195,0.3864179849624634,0.8063872456550598,0.1283256709575653
YMR169C,YFR036W,0,1.8466684,0.38623327016830444,0.8063872456550598,0.1284256875514984
YOL044W,YOR159C,0,1.844513,0.38604873418807983,0.8063872456550598,0.12852570414543152
YNL327W,YCR040W,0,1.8436428,0.38586437702178955,0.8063872456550598,0.12862572073936462
YPR049C,YLR368W,0,1.8432823,0.3856801986694336,0.8063872456550598,0.12872575223445892
YDR038C,YLR372W,0,1.8422698,0.3854961693286896,0.8063872456550598,0.12882576882839203
YKL097W-A,YNR012W,0,1.8420683,0.38531234860420227,0.8063872456550598,0.12892578542232513
YPL274W,YHR129C,0,1.8420261,0.3851287066936493,0.8063872456550598,0.12902580201625824
YFL013C,YIL132C,0,1.8384796,0.38494521379470825,0.8063872456550598,0.12912581861019135
YDR432W,YGR172C,0,1.8382386,0.38476189970970154,0.8063872456550598,0.12922585010528564
YER095W,YIL150C,0,1.8380481,0.38457876443862915,0.8063872456550598,0.12932586669921875
YDR032C,YIL108W,0,1.8367049,0.3843958079814911,0.8063872456550598,0.12942588329315186
YFL045C,YLR425W,0,1.8360997,0.38421303033828735,0.8063872456550598,0.12952589988708496
YMR005W,YNL272C,0,1.8336104,0.38403043150901794,0.8063872456550598,0.12962593138217926
YDR150W,YDL204W,1,1.8334581,0.38432303071022034,0.8073852062225342,0.12962593138217926
YDR013W,YBR018C,0,1.8321449,0.3841405510902405,0.8073852062225342,0.12972594797611237
YBL040C,YFL035C,0,1.8314987,0.38395822048187256,0.8073852062225342,0.12982596457004547
YNL268W,YNL322C,0,1.8296224,0.38377609848976135,0.8073852062225342,0.12992598116397858
YCL012W,YPR055W,1,1.828427,0.3840682804584503,0.8083832263946533,0.12992598116397858
YDR218C,YNL106C,1,1.8268596,0.3843601942062378,0.8093812465667725,0.12992598116397858
YLR086W,YGR155W,0,1.8260413,0.384178102016449,0.8093812465667725,0.13002599775791168
YLR106C,YHR041C,0,1.8244349,0.38399621844291687,0.8093812465667725,0.13012602925300598
YOL097C,YMR298W,0,1.8234752,0.3838144838809967,0.8093812465667725,0.1302260458469391
YDL085W,YNL222W,0,1.822261,0.38363292813301086,0.8093812465667725,0.1303260624408722
YDR027C,YBR201W,0,1.8221031,0.38345155119895935,0.8093812465667725,0.1304260790348053
YMR295C,YDL107W,0,1.820809,0.3832703232765198,0.8093812465667725,0.1305261105298996
YDR077W,YHR079C-A,0,1.8202759,0.3830892741680145,0.8093812465667725,0.1306261271238327
YDR334W,YER180C,0,1.8174821,0.3829084038734436,0.8093812465667725,0.1307261437177658
YLR174W,YNR008W,0,1.8166052,0.382727712392807,0.8093812465667725,0.1308261603116989
YGL224C,YLR135W,0,1.816068,0.38254716992378235,0.8093812465667725,0.1309261918067932
YGR218W,YKL096W,0,1.8154374,0.382366806268692,0.8093812465667725,0.13102620840072632
YPR183W,YCL060C,0,1.812872,0.382186621427536,0.8093812465667725,0.13112622499465942
YOR368W,YOR162C,0,1.8128568,0.38200658559799194,0.8093812465667725,0.13122624158859253
YHR039C-B,YJL071W,0,1.8124963,0.3818267285823822,0.8093812465667725,0.13132625818252563
YBL078C,YNL124W,0,1.8123652,0.3816470503807068,0.8093812465667725,0.13142628967761993
YLR027C,YDR065W,0,1.8120152,0.3814675509929657,0.8093812465667725,0.13152630627155304
YKL103C,YER168C,0,1.8110198,0.38128820061683655,0.8093812465667725,0.13162632286548615
YKL097W-A,YDR488C,0,1.8106803,0.3811090290546417,0.8093812465667725,0.13172633945941925
YPR029C,YOL152W,0,1.8093256,0.38093000650405884,0.8093812465667725,0.13182637095451355
YDR248C,YDR261C-C,0,1.8086363,0.3807511627674103,0.8093812465667725,0.13192638754844666
YDR320C-A,YDL047W,0,1.8078545,0.38057249784469604,0.8093812465667725,0.13202640414237976
YGR240C,YJL108C,0,1.8073078,0.38039398193359375,0.8093812465667725,0.13212642073631287
YHL019C,YGR198W,0,1.8059121,0.3802156448364258,0.8093812465667725,0.13222645223140717
YDL204W,YPR188C,1,1.8057922,0.38050609827041626,0.8103792667388916,0.13222645223140717
YER106W,YBL061C,0,1.8057133,0.38032788038253784,0.8103792667388916,0.13232646882534027
YPR162C,YDR385W,0,1.8053313,0.38014981150627136,0.8103792667388916,0.13242648541927338
YHL004W,YLR391W,0,1.8044428,0.3799719214439392,0.8103792667388916,0.13252650201320648
YNL194C,YLR337W,1,1.8041245,0.38026192784309387,0.811377227306366,0.13252650201320648
YKL200C,YNL175C,0,1.8040391,0.38008415699005127,0.811377227306366,0.1326265186071396
YBR296C,YLR157C,0,1.8031188,0.3799065351486206,0.811377227306366,0.1327265501022339
YDR146C,YBL101W-B,0,1.8030535,0.37972909212112427,0.811377227306366,0.132826566696167
YIL138C,YNL106C,1,1.801236,0.3800186812877655,0.8123752474784851,0.132826566696167
YLR274W,YPL154C,0,1.800984,0.3798413574695587,0.8123752474784851,0.1329265832901001
YDR501W,YKL120W,0,1.8004748,0.37966418266296387,0.8123752474784851,0.1330265998840332
YMR169C,YDR052C,0,1.800408,0.37948718667030334,0.8123752474784851,0.1331266313791275
YIL124W,YDR348C,0,1.800083,0.37931033968925476,0.8123752474784851,0.1332266479730606
YDR318W,YNL159C,0,1.7989246,0.3791336715221405,0.8123752474784851,0.1333266645669937
YNL298W,YHR016C,1,1.7968489,0.37942272424697876,0.8133732676506042,0.1333266645669937
YGL077C,YLR285W,0,1.7962781,0.37924617528915405,0.8133732676506042,0.13342668116092682
YBL003C,YLR391W,0,1.7958742,0.3790697753429413,0.8133732676506042,0.13352671265602112
YKR097W,YPL068C,0,1.7958528,0.37889352440834045,0.8133732676506042,0.13362672924995422
YDL128W,YLR009W,0,1.7902371,0.37871748208999634,0.8133732676506042,0.13372674584388733
YBR142W,YGL011C,0,1.7876152,0.3785415589809418,0.8133732676506042,0.13382676243782043
YNL327W,YER088C,0,1.787489,0.3783658444881439,0.8133732676506042,0.13392677903175354
YML115C,YJL165C,0,1.7872652,0.3781902492046356,0.8133732676506042,0.13402681052684784
YPL094C,YNR063W,0,1.7872204,0.37801483273506165,0.8133732676506042,0.13412682712078094
YLR178C,YPL204W,0,1.7869693,0.377839595079422,0.8133732676506042,0.13422684371471405
YLR274W,YLR275W,0,1.786842,0.3776645064353943,0.8133732676506042,0.13432686030864716
YCL060C,YIL108W,0,1.7867979,0.3774895668029785,0.8133732676506042,0.13442689180374146
YDR267C,YBL101W-B,0,1.7852241,0.37731480598449707,0.8133732676506042,0.13452690839767456
YHR183W,YNL080C,0,1.7848452,0.37714022397994995,0.8133732676506042,0.13462692499160767
YGR287C,YKL200C,0,1.7845591,0.3769657611846924,0.8133732676506042,0.13472694158554077
YDR315C,YER013W,0,1.7843624,0.37679150700569153,0.8133732676506042,0.13482695817947388
YIL017W,YNL159C,0,1.7841617,0.3766173720359802,0.8133732676506042,0.13492698967456818
YKR010C,YHR060W,0,1.7834564,0.37644341588020325,0.8133732676506042,0.13502700626850128
YNL006W,YMR034C,0,1.7823688,0.3762696087360382,0.8133732676506042,0.1351270228624344
YDL021W,YJR127C,0,1.7802303,0.3760959804058075,0.8133732676506042,0.1352270394563675
YGL050W,YLL039C,0,1.7800329,0.3759225010871887,0.8133732676506042,0.1353270709514618
YCL040W,YNL298W,0,1.779792,0.3757492005825043,0.8133732676506042,0.1354270875453949
YCR052W,YHR141C,0,1.7796416,0.37557604908943176,0.8133732676506042,0.135527104139328
YKL097W-A,YPL005W,0,1.7781793,0.3754030466079712,0.8133732676506042,0.1356271207332611
YCR070W,YCL030C,0,1.7779124,0.37523019313812256,0.8133732676506042,0.1357271522283554
YMR211W,YMR194W,0,1.777275,0.37505751848220825,0.8133732676506042,0.1358271688222885
YNL243W,YFL005W,1,1.7771572,0.37534499168395996,0.8143712282180786,0.1358271688222885
YLR404W,YOR367W,1,1.7769775,0.3756321966648102,0.8153692483901978,0.1358271688222885
YDR356W,YIL112W,0,1.7769257,0.37545955181121826,0.8153692483901978,0.13592718541622162
YDR033W,YDR510W,0,1.7765075,0.37528708577156067,0.8153692483901978,0.13602720201015472
YHR039C,YLL050C,0,1.7764908,0.3751147985458374,0.8153692483901978,0.13612721860408783
YOR148C,YOL117W,0,1.7759789,0.3749426305294037,0.8153692483901978,0.13622725009918213
YJL091C,YPR009W,0,1.7753934,0.3747706413269043,0.8153692483901978,0.13632726669311523
YPL218W,YDL043C,0,1.7738104,0.37459880113601685,0.8153692483901978,0.13642728328704834
YIL039W,YNL151C,0,1.7732953,0.3744271397590637,0.8153692483901978,0.13652729988098145
YCL012W,YHR114W,1,1.7731522,0.3747136890888214,0.8163672685623169,0.13652729988098145
YCL012W,YJR092W,1,1.772969,0.375,0.817365288734436,0.13652729988098145
YER004W,YDR143C,0,1.7729486,0.37482836842536926,0.817365288734436,0.13662733137607574
YLR310C,YDR415C,0,1.7729007,0.37465691566467285,0.817365288734436,0.13672734797000885
YJR090C,YJR158W,0,1.7727805,0.374485582113266,0.817365288734436,0.13682736456394196
YKL046C,YCL060C,0,1.7723148,0.37431445717811584,0.817365288734436,0.13692738115787506
YHR017W,YBR281C,0,1.7714747,0.37414345145225525,0.817365288734436,0.13702741265296936
YNL147W,YBL078C,0,1.7708375,0.3739725947380066,0.817365288734436,0.13712742924690247
YMR235C,YOR240W,0,1.7701478,0.37380191683769226,0.817365288734436,0.13722744584083557
YHR132C,YHR018C,0,1.7699771,0.37363138794898987,0.817365288734436,0.13732746243476868
YLR268W,YML038C,0,1.7696191,0.3734610080718994,0.817365288734436,0.13742747902870178
YNR049C,YKR035W-A,0,1.7691813,0.3732908070087433,0.817365288734436,0.13752751052379608
YAR027W,YPL122C,0,1.7686979,0.3731207251548767,0.817365288734436,0.1376275271177292
YPL022W,YJL030W,0,1.768631,0.37295082211494446,0.817365288734436,0.1377275437116623
YDR096W,YKL119C,0,1.768563,0.37278106808662415,0.817365288734436,0.1378275603055954
YPR056W,YCR004C,0,1.7683111,0.37261146306991577,0.817365288734436,0.1379275918006897
YCL012W,YHR016C,1,1.76756,0.3728967607021332,0.8183632493019104,0.1379275918006897
YMR043W,YHR178W,0,1.765817,0.37272727489471436,0.8183632493019104,0.1380276083946228
YNL138W,YLR337W,1,1.7646588,0.3730122745037079,0.8193612694740295,0.1380276083946228
YDL194W,YGR247W,0,1.7645763,0.3728428781032562,0.8193612694740295,0.1381276249885559
YPR103W,YHR085W,0,1.764177,0.3726736307144165,0.8193612694740295,0.138227641582489
YJL099W,YBR290W,0,1.7639693,0.3725045323371887,0.8193612694740295,0.13832765817642212
YDL015C,YFL001W,0,1.7634237,0.37233561277389526,0.8193612694740295,0.13842768967151642
YBL018C,YOR181W,0,1.7631991,0.37216681241989136,0.8193612694740295,0.13852770626544952
YNL243W,YCL012W,1,1.7625153,0.3724513053894043,0.8203592896461487,0.13852770626544952
YHR004C,YKR087C,0,1.7619694,0.37228259444236755,0.8203592896461487,0.13862772285938263
YOR194C,YIL121W,0,1.7618287,0.3721140921115875,0.8203592896461487,0.13872773945331573
YBL047C,YDL225W,1,1.761572,0.3723981976509094,0.8213573098182678,0.13872773945331573
YOR322C,YNL092W,0,1.7615067,0.37222975492477417,0.8213573098182678,0.13882777094841003
YDR316W-A,YER091C,0,1.7610829,0.37206149101257324,0.8213573098182678,0.13892778754234314
YJL151C,YKL158W,0,1.7603834,0.37189334630966187,0.8213573098182678,0.13902780413627625
YBR056W,YBL101W-B,0,1.7599915,0.3717253804206848,0.8213573098182678,0.13912782073020935
YOR208W,YCR080W,0,1.7595419,0.3715575635433197,0.8213573098182678,0.13922785222530365
YLR330W,YMR278W,0,1.7583145,0.37138989567756653,0.8213573098182678,0.13932786881923676
YPR112C,YGR036C,0,1.7582858,0.3712223768234253,0.8213573098182678,0.13942788541316986
YKR105C,YJR151C,0,1.7576966,0.371055006980896,0.8213573098182678,0.13952790200710297
YNL115C,YDL007W,0,1.7574216,0.37088778614997864,0.8213573098182678,0.13962791860103607
YLR310C,YHL007C,0,1.7569898,0.3707207143306732,0.8213573098182678,0.13972795009613037
YOL030W,YLR154C,0,1.756195,0.37055379152297974,0.8213573098182678,0.13982796669006348
YDR130C,YHR164C,0,1.7559626,0.3703870475292206,0.8213573098182678,0.13992798328399658
YJL079C,YLR429W,0,1.7555906,0.370220422744751,0.8213573098182678,0.1400279998779297
YNL325C,YBL101W-A,0,1.7548652,0.3700539469718933,0.8213573098182678,0.140128031373024
YLR187W,YLR214W,0,1.7546154,0.36988765001296997,0.8213573098182678,0.1402280479669571
YLR078C,YHL001W,0,1.7541455,0.3697214722633362,0.8213573098182678,0.1403280645608902
YKL064W,YKL124W,0,1.7533683,0.36955544352531433,0.8213573098182678,0.1404280811548233
YDR251W,YGL255W,0,1.7515037,0.3693895936012268,0.8213573098182678,0.1405281126499176
YGL090W,YCR097WB,0,1.7511168,0.36922386288642883,0.8213573098182678,0.1406281292438507
YKL164C,YKL173W,0,1.7505728,0.3690582811832428,0.8213573098182678,0.1407281458377838
YDR130C,YHR129C,0,1.7504991,0.3688928782939911,0.8213573098182678,0.14082816243171692
YGR192C,YHR101C,0,1.7490135,0.36872759461402893,0.8213573098182678,0.14092817902565002
YJL034W,YIR022W,0,1.7481008,0.3685624599456787,0.8213573098182678,0.14102821052074432
YOL071W,YCR080W,0,1.7477922,0.3683975040912628,0.8213573098182678,0.14112822711467743
YER149C,YGL233W,1,1.7456292,0.36868008971214294,0.8223552703857422,0.14112822711467743
YCL012W,YDL225W,1,1.7449646,0.36896243691444397,0.8233532905578613,0.14112822711467743
YDR055W,YKL113C,0,1.744537,0.36879751086235046,0.8233532905578613,0.14122824370861053
YDL099W,YHR140W,0,1.7444013,0.3686327040195465,0.8233532905578613,0.14132826030254364
YJR093C,YEL034W,0,1.743878,0.3684680759906769,0.8233532905578613,0.14142829179763794
YOR287C,YGR010W,0,1.7433193,0.3683035671710968,0.8233532905578613,0.14152830839157104
YMR106C,YDR524C,0,1.7432388,0.36813923716545105,0.8233532905578613,0.14162832498550415
YJR143C,YHR117W,0,1.7424401,0.36797502636909485,0.8233532905578613,0.14172834157943726
YJL091C,YMR005W,0,1.7420377,0.3678109645843506,0.8233532905578613,0.14182837307453156
YOR369C,YIR022W,0,1.7417563,0.36764705181121826,0.8233532905578613,0.14192838966846466
YIR006C,YFL045C,0,1.7416259,0.3674832880496979,0.8233532905578613,0.14202840626239777
YPL129W,YJL176C,0,1.7415704,0.36731967329978943,0.8233532905578613,0.14212842285633087
YOR299W,YJL154C,0,1.7398951,0.3671562075614929,0.8233532905578613,0.14222843945026398
YBL040C,YNL261W,0,1.739411,0.36699289083480835,0.8233532905578613,0.14232847094535828
YLR227W-B,YDR147W,0,1.7392292,0.36682969331741333,0.8233532905578613,0.14242848753929138
YJR064W,YLR433C,0,1.7384839,0.36666667461395264,0.8233532905578613,0.1425285041332245
YMR295C,YMR168C,0,1.7381374,0.3665037751197815,0.8233532905578613,0.1426285207271576
YNR028W,YER022W,0,1.7380912,0.3663410246372223,0.8233532905578613,0.1427285522222519
YPL257W-A,YDR510W,0,1.7373112,0.366178423166275,0.8233532905578613,0.142828568816185
YCL062W,YOR196C,0,1.7370409,0.3660159707069397,0.8233532905578613,0.1429285854101181
YEL065W,YCR043C,0,1.7361523,0.3658536672592163,0.8233532905578613,0.1430286020040512
YJR090C,YLR319C,1,1.7353226,0.36613476276397705,0.8243513107299805,0.1430286020040512
YJL099W,YLR359W,0,1.7352965,0.36597251892089844,0.8243513107299805,0.14312861859798431
YLL052C,YKL158W,0,1.7346691,0.36581045389175415,0.8243513107299805,0.1432286500930786
YCL012W,YGR080W,1,1.7343466,0.36609119176864624,0.8253493309020996,0.1432286500930786
YHR200W,YDR489W,0,1.7341756,0.3659292161464691,0.8253493309020996,0.14332866668701172
YBR040W,YPL273W,0,1.7341012,0.36576735973358154,0.8253493309020996,0.14342868328094482
YOL149W,YHR077C,0,1.7333978,0.3656056523323059,0.8253493309020996,0.14352869987487793
YLL009C,YKL097W-A,0,1.7318883,0.3654440939426422,0.8253493309020996,0.14362873136997223
YGR175C,YBL101W-B,0,1.7314161,0.36528268456459045,0.8253493309020996,0.14372874796390533
YIL142W,YDR012W,0,1.7310008,0.36512142419815063,0.8253493309020996,0.14382876455783844
YHR211W,YCR055C,0,1.7309045,0.36496028304100037,0.8253493309020996,0.14392878115177155
YHR039C-B,YPL265W,0,1.730063,0.36479929089546204,0.8253493309020996,0.14402881264686584
YDR081C,YGL153W,0,1.7300283,0.36463844776153564,0.8253493309020996,0.14412882924079895
YML033W,YNL229C,0,1.7295376,0.3644777536392212,0.8253493309020996,0.14422884583473206
YCL012W,YHR161C,1,1.7291483,0.3647577166557312,0.826347291469574,0.14422884583473206
YIL041W,YHR061C,0,1.7286209,0.3645970821380615,0.826347291469574,0.14432886242866516
YLR350W,YGR200C,0,1.7280225,0.36443662643432617,0.826347291469574,0.14442887902259827
YHR007C,YDR314C,0,1.7278302,0.36427628993988037,0.826347291469574,0.14452891051769257
YIL017W,YNL099C,0,1.7277471,0.3641161024570465,0.826347291469574,0.14462892711162567
YJR026W,YCR027C,0,1.7276069,0.3639560341835022,0.826347291469574,0.14472894370555878
YPR137C-A,YCR020C,0,1.7272708,0.3637961447238922,0.826347291469574,0.14482896029949188
YKL103C,YOL038W,0,1.727126,0.3636363744735718,0.826347291469574,0.14492899179458618
YDR281C,YJR121W,0,1.7270771,0.3634767234325409,0.826347291469574,0.1450290083885193
YDR156W,YCR055C,0,1.7266049,0.36331725120544434,0.826347291469574,0.1451290249824524
YCL012W,YOR122C,1,1.7265896,0.36359649896621704,0.8273453116416931,0.1451290249824524
YBR276C,YBL101W-A,0,1.7263132,0.36343708634376526,0.8273453116416931,0.1452290415763855
YER056C-A,YHR027C,0,1.726013,0.3632778227329254,0.8273453116416931,0.1453290730714798
YGL223C,YML045W-A,0,1.7258365,0.3631187081336975,0.8273453116416931,0.1454290896654129
YCL012W,YKL129C,1,1.7256628,0.3633975386619568,0.8283433318138123,0.1454290896654129
YGR262C,YKL158W,0,1.725476,0.36323851346969604,0.8283433318138123,0.145529106259346
YFR041C,YHR034C,0,1.7249811,0.36307960748672485,0.8283433318138123,0.1456291228532791
YLR166C,YLR337W,1,1.7239496,0.36335811018943787,0.8293412923812866,0.1456291228532791
YDL225W,YCR080W,0,1.7239411,0.36319929361343384,0.8293412923812866,0.14572913944721222
YCL062W,YDR195W,0,1.7238135,0.36304062604904175,0.8293412923812866,0.14582917094230652
YBR052C,YKL158W,0,1.7237763,0.3628821074962616,0.8293412923812866,0.14592918753623962
YDR304C,YGL134W,0,1.7234125,0.362723708152771,0.8293412923812866,0.14602920413017273
YBL066C,YNL217W,0,1.7220436,0.36256545782089233,0.8293412923812866,0.14612922072410583
YKL008C,YDL197C,0,1.7214664,0.3624073266983032,0.8293412923812866,0.14622925221920013
YDL021W,YBR155W,0,1.7211692,0.36224934458732605,0.8293412923812866,0.14632926881313324
YJL019W,YMR288W,0,1.7201693,0.3620915114879608,0.8293412923812866,0.14642928540706635
YNL152W,YDL222C,1,1.7198144,0.3623693287372589,0.8303393125534058,0.14642928540706635
YER021W,YHR203C,0,1.7187463,0.36221158504486084,0.8303393125534058,0.14652930200099945
YGR009C,YDR356W,0,1.7187091,0.3620539605617523,0.8303393125534058,0.14662931859493256
YPL088W,YIR009W,0,1.7185618,0.36189648509025574,0.8303393125534058,0.14672935009002686
YHL044W,YER030W,0,1.7182738,0.3617391288280487,0.8303393125534058,0.14682936668395996
YEL040W,YDL204W,1,1.7180694,0.3620165288448334,0.8313373327255249,0.14682936668395996
YHR149C,YEL040W,1,1.7180061,0.36229366064071655,0.832335352897644,0.14682936668395996
YPR181C,YMR025W,0,1.7165301,0.3621363341808319,0.832335352897644,0.14692938327789307
YEL061C,YBL113C,0,1.7163373,0.3619791567325592,0.832335352897644,0.14702939987182617
YHR043C,YJR137C,0,1.7155763,0.36182212829589844,0.832335352897644,0.14712943136692047
YHR214C-B,YAL060W,0,1.7147838,0.3616652190685272,0.832335352897644,0.14722944796085358
YMR011W,YBR260C,0,1.7141274,0.36150845885276794,0.832335352897644,0.14732946455478668
YJR063W,YBR014C,0,1.714055,0.3613518178462982,0.832335352897644,0.1474294811487198
YGL257C,YOL105C,0,1.7136403,0.36119532585144043,0.832335352897644,0.1475295126438141
YML048W,YOL007C,0,1.7127104,0.3610389530658722,0.832335352897644,0.1476295292377472
YKL182W,YOL019W,0,1.7123333,0.3608827292919159,0.832335352897644,0.1477295458316803
YPL057C,YJR134C,0,1.7118329,0.36072665452957153,0.832335352897644,0.1478295624256134
YGL191W,YCR040W,0,1.7118309,0.3605706989765167,0.832335352897644,0.1479295790195465
YFR042W,YPL158C,0,1.7113904,0.36041486263275146,0.832335352897644,0.1480296105146408
YNL312W,YKL130C,0,1.7097307,0.36025917530059814,0.832335352897644,0.1481296271085739
YIR037W,YGR280C,0,1.708252,0.36010363698005676,0.832335352897644,0.14822964370250702
YJL219W,YDR113C,0,1.7071657,0.35994821786880493,0.832335352897644,0.14832966029644012
YJR089W,YMR281W,0,1.7067647,0.35979291796684265,0.832335352897644,0.14842969179153442
YER130C,YNL021W,0,1.7053579,0.3596377670764923,0.832335352897644,0.14852970838546753
YBL061C,YLR364W,0,1.7046008,0.3594827651977539,0.832335352897644,0.14862972497940063
YLL043W,YNL322C,0,1.7038023,0.35932788252830505,0.832335352897644,0.14872974157333374
YNR075W,YPR082C,0,1.7026228,0.35917311906814575,0.832335352897644,0.14882977306842804
YNR031C,YKL100C,0,1.7002704,0.3590185046195984,0.832335352897644,0.14892978966236115
YHR187W,YHR174W,0,1.6984295,0.35886403918266296,0.832335352897644,0.14902980625629425
YML052W,YFL005W,1,1.6983744,0.3591397702693939,0.8333333134651184,0.14902980625629425
YNL279W,YGR295C,0,1.6981246,0.35898539423942566,0.8333333134651184,0.14912982285022736
YFR041C,YPL099C,0,1.6979744,0.35883110761642456,0.8333333134651184,0.14922983944416046
YHR112C,YPL151C,0,1.697886,0.3586769700050354,0.8333333134651184,0.14932987093925476
YKL189W,YHR064C,0,1.6972297,0.3585229814052582,0.8333333134651184,0.14942988753318787
YBR014C,YFR019W,0,1.6970779,0.3583691120147705,0.8333333134651184,0.14952990412712097
YPL094C,YCR066W,0,1.6939312,0.3582153618335724,0.8333333134651184,0.14962992072105408
YKR056W,YPL069C,0,1.6937805,0.3580617606639862,0.8333333134651184,0.14972995221614838
YGL048C,YDR465C,0,1.6930319,0.3579082787036896,0.8333333134651184,0.14982996881008148
YAL034W-A,YDL045W-A,0,1.692562,0.3577549159526825,0.8333333134651184,0.1499299854040146
YJR065C,YJL109C,0,1.6920961,0.35760170221328735,0.8333333134651184,0.1500300019979477
YKL160W,YOL107W,0,1.6918887,0.35744863748550415,0.8333333134651184,0.1501300185918808
YDR218C,YML078W,0,1.6918589,0.3572956919670105,0.8333333134651184,0.1502300500869751
YGR026W,YDR262W,0,1.6915056,0.3571428656578064,0.8333333134651184,0.1503300666809082
YIL082W-A,YER036C,0,1.6914077,0.35699015855789185,0.8333333134651184,0.1504300832748413
YCL034W,YDR371W,0,1.6912497,0.35683760046958923,0.8333333134651184,0.15053009986877441
YPR119W,YOL003C,0,1.6906458,0.35668519139289856,0.8333333134651184,0.1506301313638687
YJL113W,YJL092W,0,1.689996,0.35653287172317505,0.8333333134651184,0.15073014795780182
YJR143C,YDR440W,0,1.6890892,0.3563807010650635,0.8333333134651184,0.15083016455173492
YDR218C,YCL029C,1,1.6888689,0.3566552996635437,0.8343313336372375,0.15083016455173492
YGL241W,YGR161C-C,0,1.688528,0.3565031886100769,0.8343313336372375,0.15093018114566803
YPR107C,YFR004W,0,1.6870217,0.35635122656822205,0.8343313336372375,0.15103021264076233
YPL257W-A,YAR050W,0,1.6858541,0.3561994135379791,0.8343313336372375,0.15113022923469543
YOL110W,YMR272C,0,1.6857924,0.35604768991470337,0.8343313336372375,0.15123024582862854
YDR222W,YKL009W,0,1.6857232,0.35589611530303955,0.8343313336372375,0.15133026242256165
YLR327C,YDR214W,0,1.6837238,0.35574468970298767,0.8343313336372375,0.15143027901649475
YMR296C,YOR056C,0,1.6834179,0.35559335350990295,0.8343313336372375,0.15153031051158905
YIR006C,YDR309C,1,1.681203,0.3558673560619354,0.8353293538093567,0.15153031051158905
YNL325C,YHR135C,0,1.6809636,0.35571610927581787,0.8353293538093567,0.15163032710552216
YLR113W,YMR093W,0,1.6808604,0.35556498169898987,0.8353293538093567,0.15173034369945526
YDR309C,YJR092W,1,1.6798328,0.3558386266231537,0.8363273739814758,0.15173034369945526
YML071C,YDL143W,0,1.6793474,0.35568761825561523,0.8363273739814758,0.15183036029338837
YBR210W,YNR011C,0,1.6789901,0.35553669929504395,0.8363273739814758,0.15193039178848267
YLR128W,YJR147W,0,1.6770293,0.3553859293460846,0.8363273739814758,0.15203040838241577
YOR020C,YIL049W,0,1.676986,0.3552352786064148,0.8363273739814758,0.15213042497634888
YOR257W,YNL223W,0,1.6762661,0.35508474707603455,0.8363273739814758,0.15223044157028198
YOR234C,YHR050W,0,1.6756675,0.35493436455726624,0.8363273739814758,0.15233047306537628
YDR510W,YML052W,1,1.6739222,0.3552074432373047,0.8373253345489502,0.15233047306537628
YGL065C,YGR049W,0,1.6737694,0.35505712032318115,0.8373253345489502,0.1524304896593094
YJL187C,YIL111W,0,1.6723987,0.35490694642066956,0.8373253345489502,0.1525305062532425
YGR027W-B,YHR058C,0,1.6721538,0.3547568619251251,0.8373253345489502,0.1526305228471756
YBR008C,YER137C,0,1.671774,0.3546069264411926,0.8373253345489502,0.1527305394411087
YHR085W,YIL006W,0,1.6705408,0.3544571101665497,0.8373253345489502,0.152830570936203
YOR231W,YDR012W,0,1.6693171,0.3543074429035187,0.8373253345489502,0.1529305875301361
YOR278W,YOR179C,0,1.6692373,0.35415786504745483,0.8373253345489502,0.1530306041240692
YGR282C,YJR101W,0,1.6688248,0.35400843620300293,0.8373253345489502,0.15313062071800232
YDL180W,YCR043C,0,1.6687393,0.3538591265678406,0.8373253345489502,0.15323065221309662
YOR328W,YOR178C,0,1.6681141,0.3537099361419678,0.8373253345489502,0.15333066880702972
YLR089C,YER001W,0,1.6679745,0.3535608947277069,0.8373253345489502,0.15343068540096283
YLL038C,YFL029C,0,1.667432,0.3534119725227356,0.8373253345489502,0.15353070199489594
YMR022W,YPR137C-A,0,1.666327,0.35326316952705383,0.8373253345489502,0.15363073348999023
YMR267W,YJR029W,0,1.665387,0.3531144857406616,0.8373253345489502,0.15373075008392334
YMR034C,YDR034C,0,1.6650187,0.35296592116355896,0.8373253345489502,0.15383076667785645
YBL047C,YDR309C,1,1.6615185,0.3532380163669586,0.8383233547210693,0.15383076667785645
YGR225W,YLL039C,0,1.6614035,0.3530895411968231,0.8383233547210693,0.15393078327178955
YKL091C,YML045W-A,0,1.6594037,0.3529411852359772,0.8383233547210693,0.15403079986572266
YBR234C,YIL082W-A,0,1.6586868,0.3527929484844208,0.8383233547210693,0.15413083136081696
YAR027W,YHR099W,0,1.6581078,0.35264483094215393,0.8383233547210693,0.15423084795475006
YJL079C,YDL190C,0,1.6577176,0.352496862411499,0.8383233547210693,0.15433086454868317
YGL160W,YIL150C,0,1.6577109,0.3523489832878113,0.8383233547210693,0.15443088114261627
YJL128C,YGR086C,0,1.6570317,0.3522012531757355,0.8383233547210693,0.15453091263771057
YJR040W,YDR208W,0,1.6558986,0.3520536422729492,0.8383233547210693,0.15463092923164368
YMR051C,YML028W,0,1.6554211,0.3519061505794525,0.8383233547210693,0.15473094582557678
YDR104C,YPR160W,0,1.6551225,0.35175880789756775,0.8383233547210693,0.1548309624195099
YNL268W,YPR021C,0,1.6550685,0.35161155462265015,0.8383233547210693,0.154930979013443
YCR012W,YDR146C,0,1.6549052,0.3514644205570221,0.8383233547210693,0.1550310105085373
YML052W,YGL019W,0,1.6526755,0.351317435503006,0.8383233547210693,0.1551310271024704
YJR026W,YNR004W,0,1.6524903,0.3511705696582794,0.8383233547210693,0.1552310436964035
YNL014W,YBR207W,0,1.651285,0.3510238230228424,0.8383233547210693,0.1553310602903366
YNL026W,YCR089W,0,1.6505421,0.35087719559669495,0.8383233547210693,0.1554310917854309
YMR168C,YOL142W,0,1.6501867,0.35073068737983704,0.8383233547210693,0.155531108379364
YNL308C,YHR018C,0,1.6498822,0.3505842983722687,0.8383233547210693,0.15563112497329712
YGR061C,YLR404W,0,1.6482459,0.35043805837631226,0.8383233547210693,0.15573114156723022
YCL034W,YHL007C,0,1.6481968,0.350291907787323,0.8383233547210693,0.15583117306232452
YER022W,YDR452W,0,1.6479661,0.3501459062099457,0.8383233547210693,0.15593118965625763
YDR510W,YNL233W,1,1.6441234,0.3504166603088379,0.8393213748931885,0.15593118965625763
YHR016C,YAL042W,0,1.6440848,0.35027071833610535,0.8393213748931885,0.15603120625019073
YLR274W,YPL270W,0,1.6435231,0.35012489557266235,0.8393213748931885,0.15613122284412384
YER074W-A,YDR446W,0,1.6428353,0.3499791920185089,0.8393213748931885,0.15623123943805695
YER103W,YJR093C,0,1.642158,0.349833607673645,0.8393213748931885,0.15633127093315125
YOR301W,YML010W,0,1.640022,0.3496881425380707,0.8393213748931885,0.15643128752708435
YOR233W,YLR337C,1,1.639708,0.3499584496021271,0.8403193354606628,0.15643128752708435
YLR227W-B,YDL130W-A,0,1.6386082,0.3498130440711975,0.8403193354606628,0.15653130412101746
YOR301W,YKL084W,0,1.6380769,0.3496677875518799,0.8403193354606628,0.15663132071495056
YEL043W,YEL069C,0,1.6377221,0.3495226204395294,0.8403193354606628,0.15673135221004486
YNL308C,YPL091W,0,1.6377217,0.3493776023387909,0.8403193354606628,0.15683136880397797
YML048W,YAL005C,0,1.6369447,0.34923267364501953,0.8403193354606628,0.15693138539791107
YJL115W,YOL155C,0,1.6367575,0.3490878939628601,0.8403193354606628,0.15703140199184418
YDR210W-B,YDR494W,0,1.6365471,0.34894323348999023,0.8403193354606628,0.15713143348693848
YNL027W,YNL153C,0,1.6361865,0.3487986624240875,0.8403193354606628,0.15723145008087158
YER083C,YGR091W,0,1.63451,0.34865424036979675,0.8403193354606628,0.1573314666748047
YNR056C,YPR138C,0,1.633443,0.34850993752479553,0.8403193354606628,0.1574314832687378
YNL094W,YLR166C,1,1.6326703,0.34877946972846985,0.841317355632782,0.1574314832687378
YGR279C,YJL164C,0,1.6323279,0.3486352264881134,0.841317355632782,0.1575314998626709
YDR342C,YLR424W,0,1.6315302,0.3484911024570465,0.841317355632782,0.1576315313577652
YGR118W,YPL174C,0,1.6313511,0.34834709763526917,0.841317355632782,0.1577315479516983
YOR308C,YGR008C,0,1.6308876,0.34820321202278137,0.841317355632782,0.1578315645456314
YDR072C,YJL184W,0,1.6288253,0.34805944561958313,0.841317355632782,0.15793158113956451
YAL012W,YIL088C,0,1.6284188,0.34791579842567444,0.841317355632782,0.1580316126346588
YOR070C,YKL021C,0,1.6267978,0.3477722704410553,0.841317355632782,0.15813162922859192
YLR342W,YOL142W,0,1.6257114,0.3476288616657257,0.841317355632782,0.15823164582252502
YOR233W,YGR059W,1,1.6246094,0.3478977680206299,0.8423153758049011,0.15823164582252502
YDR484W,YPL158C,0,1.6244664,0.34775441884994507,0.8423153758049011,0.15833166241645813
YGL021W,YBR271W,0,1.6236271,0.3476111888885498,0.8423153758049011,0.15843167901039124
YMR159C,YGR156W,0,1.6223569,0.3474681079387665,0.8423153758049011,0.15853171050548553
YOL039W,YJR021C,0,1.6213816,0.3473251163959503,0.8423153758049011,0.15863172709941864
YNL194C,YGR032W,1,1.6211823,0.3475935757160187,0.8433133959770203,0.15863172709941864
YBR213W,YKL180W,0,1.6193328,0.3474506437778473,0.8433133959770203,0.15873174369335175
YGR027C,YDR030C,0,1.6186662,0.34730786085128784,0.8433133959770203,0.15883176028728485
YNR026C,YKL137W,0,1.6181998,0.34716516733169556,0.8433133959770203,0.15893179178237915
YKL020C,YDL022W,0,1.6174786,0.3470225930213928,0.8433133959770203,0.15903180837631226
YLL038C,YJR125C,1,1.6170295,0.34729063510894775,0.8443113565444946,0.15903180837631226
YMR022W,YLR378C,0,1.6155082,0.3471481204032898,0.8443113565444946,0.15913182497024536
YLR192C,YML085C,0,1.6150073,0.3470057547092438,0.8443113565444946,0.15923184156417847
YOL088C,YOR197W,0,1.6143255,0.3468634784221649,0.8443113565444946,0.15933187305927277
YNR026C,YNL298W,0,1.6136509,0.3467213213443756,0.8443113565444946,0.15943188965320587
YOR025W,YKL210W,0,1.6121014,0.34657928347587585,0.8443113565444946,0.15953190624713898
YCR081W,YHR119W,0,1.610743,0.34643733501434326,0.8443113565444946,0.15963192284107208
YNL030W,YAR019C,0,1.6100922,0.3462955355644226,0.8443113565444946,0.1597319394350052
YOR382W,YDR291W,0,1.6096954,0.3461538553237915,0.8443113565444946,0.1598319709300995
YPR185W,YJR006W,0,1.6086828,0.34601226449012756,0.8443113565444946,0.1599319875240326
YBR213W,YGR020C,0,1.6085616,0.34587082266807556,0.8443113565444946,0.1600320041179657
YDR508C,YOL062C,0,1.6081141,0.3457294702529907,0.8443113565444946,0.1601320207118988
YHR149C,YDR409W,1,1.6079583,0.3459967374801636,0.8453093767166138,0.1601320207118988
YDR519W,YDL043C,0,1.6079291,0.3458554446697235,0.8453093767166138,0.1602320522069931
YIL085C,YLR013W,0,1.607582,0.345714271068573,0.8453093767166138,0.1603320688009262
YDR403W,YDR210W-A,0,1.6061782,0.3455732464790344,0.8453093767166138,0.16043208539485931
YMR200W,YOR179C,0,1.6057119,0.345432311296463,0.8453093767166138,0.16053210198879242
YDR074W,YDR416W,0,1.6051847,0.34529146552085876,0.8453093767166138,0.16063213348388672
YGR006W,YCL014W,0,1.6045871,0.34515076875686646,0.8453093767166138,0.16073215007781982
YLR128W,YNL325C,0,1.6045773,0.3450101912021637,0.8453093767166138,0.16083216667175293
YOR025W,YAL042W,0,1.6043531,0.3448697030544281,0.8453093767166138,0.16093218326568604
YFL039C,YDR388W,1,1.6039134,0.3451363444328308,0.8463073968887329,0.16093218326568604
YDR381C-A,YCR033W,0,1.603877,0.3449959456920624,0.8463073968887329,0.16103219985961914
YPL038W,YLL040C,0,1.603761,0.3448556363582611,0.8463073968887329,0.16113223135471344
YAR003W,YOL117W,0,1.6035808,0.3447154462337494,0.8463073968887329,0.16123224794864655
YNL243W,YBR130C,1,1.6033101,0.34498170018196106,0.847305417060852,0.16123224794864655
YCL034W,YDR388W,1,1.6030763,0.3452477753162384,0.8483033776283264,0.16123224794864655
YOR313C,YPL079W,0,1.6016135,0.3451075851917267,0.8483033776283264,0.16133226454257965
YGR288W,YGR207C,0,1.6010102,0.3449675440788269,0.8483033776283264,0.16143228113651276
YDL204W,YOR361C,0,1.6008543,0.3448275923728943,0.8483033776283264,0.16153231263160706
YMR013C,YOR131C,0,1.600452,0.3446877598762512,0.8483033776283264,0.16163232922554016
YIL133C,YGL145W,0,1.5993574,0.3445480465888977,0.8483033776283264,0.16173234581947327
YPL195W,YBR158W,0,1.5988442,0.34440842270851135,0.8483033776283264,0.16183236241340637
YGL020C,YGL122C,0,1.5988175,0.34426894783973694,0.8483033776283264,0.16193239390850067
YDL126C,YNL129W,0,1.5984169,0.3441295623779297,0.8483033776283264,0.16203241050243378
YPR049C,YBR019C,0,1.5971807,0.343990296125412,0.8483033776283264,0.16213242709636688
YBR276C,YLR201C,0,1.5949872,0.34385111927986145,0.8483033776283264,0.1622324436903
YDL049C,YNL321W,0,1.5944254,0.34371209144592285,0.8483033776283264,0.1623324602842331
YCL061C,YOR371C,0,1.5943921,0.3435731530189514,0.8483033776283264,0.1624324917793274
YGL225W,YPL046C,0,1.5938979,0.34343433380126953,0.8483033776283264,0.1625325083732605
YPR049C,YPR018W,0,1.5928272,0.3432956337928772,0.8483033776283264,0.1626325249671936
YJR135C,YHR079C-A,0,1.5923449,0.3431570529937744,0.8483033776283264,0.1627325415611267
YOR171C,YOR008C,1,1.5922582,0.3434221148490906,0.8493013978004456,0.1627325415611267
YJL198W,YOR197W,0,1.5921503,0.34328359365463257,0.8493013978004456,0.162832573056221
YGR239C,YDL130W,0,1.5914227,0.3431451618671417,0.8493013978004456,0.1629325896501541
YPR159W,YNL096C,0,1.5895563,0.34300684928894043,0.8493013978004456,0.16303260624408722
YKR054C,YNL099C,0,1.588458,0.3428686559200287,0.8493013978004456,0.16313262283802032
YLL050C,YPR082C,0,1.5867206,0.3427305817604065,0.8493013978004456,0.16323263943195343
YOR375C,YKL012W,0,1.58648,0.34259259700775146,0.8493013978004456,0.16333267092704773
YBR245C,YLR425W,0,1.5853823,0.342454731464386,0.8493013978004456,0.16343268752098083
YJR015W,YLR425W,0,1.5850619,0.34231698513031006,0.8493013978004456,0.16353270411491394
YNL217W,YOR030W,0,1.5843061,0.3421793282032013,0.8493013978004456,0.16363272070884705
YLR227W-B,YIL139C,0,1.584203,0.3420417904853821,0.8493013978004456,0.16373275220394135
YGL137W,YPL066W,0,1.5839388,0.3419043719768524,0.8493013978004456,0.16383276879787445
YJR125C,YCR042C,0,1.582348,0.3417670726776123,0.8493013978004456,0.16393278539180756
YDR346C,YOL019W,0,1.5821594,0.34162986278533936,0.8493013978004456,0.16403280198574066
YHR039C,YDR142C,0,1.5819223,0.34149277210235596,0.8493013978004456,0.16413283348083496
YOR216C,YJR010C-A,0,1.581848,0.3413558006286621,0.8493013978004456,0.16423285007476807
YBR115C,YOR261C,0,1.5816573,0.3412189185619354,0.8493013978004456,0.16433286666870117
YLR089C,YLR142W,0,1.5805674,0.3410821557044983,0.8493013978004456,0.16443288326263428
YNL175C,YKL034W,0,1.5803376,0.3409455120563507,0.8493013978004456,0.16453289985656738
YDL109C,YDR348C,0,1.5799655,0.3408089578151703,0.8493013978004456,0.16463293135166168
YER020W,YBL098W,0,1.5797635,0.3406725525856018,0.8493013978004456,0.1647329479455948
YNL091W,YOR174W,0,1.5788469,0.3405362069606781,0.8493013978004456,0.1648329645395279
YER119C,YDL099W,0,1.5787843,0.34040001034736633,0.8493013978004456,0.164932981133461
YOL110W,YLR368W,0,1.5769659,0.34026390314102173,0.8493013978004456,0.1650330126285553
YER054C,YDL127W,0,1.5766145,0.3401278853416443,0.8493013978004456,0.1651330292224884
YER026C,YIL072W,0,1.5762469,0.3399920165538788,0.8493013978004456,0.1652330458164215
YMR087W,YGR155W,0,1.5756911,0.33985623717308044,0.8493013978004456,0.16533306241035461
YER086W,YDR261C-D,0,1.5739123,0.33972054719924927,0.8493013978004456,0.1654330939054489
YDL126C,YBL020W,0,1.5737809,0.33958500623703003,0.8493013978004456,0.16553311049938202
YML015C,YGR198W,0,1.5731696,0.33944955468177795,0.8493013978004456,0.16563312709331512
YGL157W,YJL063C,0,1.5731028,0.33931419253349304,0.8493013978004456,0.16573314368724823
YDR392W,YLR148W,0,1.571093,0.3391789495944977,0.8493013978004456,0.16583316028118134
YPR164W,YJL090C,0,1.5702673,0.33904382586479187,0.8493013978004456,0.16593319177627563
YOR171C,YHR107C,1,1.5696518,0.33930703997612,0.8502994179725647,0.16593319177627563
YOL031C,YKR081C,0,1.5690116,0.33917197585105896,0.8502994179725647,0.16603320837020874
YDR150W,YLR337C,1,1.5686256,0.339434951543808,0.8512973785400391,0.16603320837020874
YGR288W,YHL013C,0,1.5685939,0.33929991722106934,0.8512973785400391,0.16613322496414185
YKL193C,YLR343W,0,1.567434,0.33916500210762024,0.8512973785400391,0.16623324155807495
YFL045C,YBR160W,0,1.566157,0.3390302062034607,0.8512973785400391,0.16633327305316925
YDR104C,YER044C,0,1.5637006,0.3388954997062683,0.8512973785400391,0.16643328964710236
YDR304C,YBR228W,0,1.5635371,0.3387609124183655,0.8512973785400391,0.16653330624103546
YBR068C,YNL273W,0,1.5633978,0.3386264443397522,0.8512973785400391,0.16663332283496857
YNL300W,YKR026C,0,1.5633584,0.3384920656681061,0.8512973785400391,0.16673333942890167
YOR233W,YMR078C,0,1.5628127,0.3383578062057495,0.8512973785400391,0.16683337092399597
YNL243W,YHR016C,1,1.5621246,0.3386201560497284,0.8522953987121582,0.16683337092399597
YMR160W,YHR046C,0,1.5615724,0.3384859263896942,0.8522953987121582,0.16693338751792908
YPL246C,YOR178C,0,1.5614066,0.3383518159389496,0.8522953987121582,0.16703340411186218
YJR134C,YNL125C,0,1.5606817,0.3382178246974945,0.8522953987121582,0.1671334207057953
YMR045C,YGL089C,0,1.5605122,0.3380839228630066,0.8522953987121582,0.1672334522008896
YOL045W,YLR164W,0,1.5599418,0.3379501402378082,0.8522953987121582,0.1673334687948227
YDR304C,YCR040W,0,1.5588592,0.337816447019577,0.8522953987121582,0.1674334853887558
YBL068W,YBR126C,0,1.5576354,0.3376828730106354,0.8522953987121582,0.1675335019826889
YJL065C,YGR113W,0,1.5572405,0.3375494182109833,0.8522953987121582,0.1676335334777832
YPR113W,YLL017W,0,1.5554836,0.33741605281829834,0.8522953987121582,0.1677335500717163
YNL293W,YGL071W,0,1.5551482,0.33728277683258057,0.8522953987121582,0.16783356666564941
YKR003W,YDL020C,0,1.5549918,0.33714962005615234,0.8522953987121582,0.16793358325958252
YER044C,YGR012W,0,1.5549653,0.33701658248901367,0.8522953987121582,0.16803359985351562
YDL195W,YIL082W-A,0,1.5548576,0.33688363432884216,0.8522953987121582,0.16813363134860992
YLR207W,YPL240C,0,1.5540501,0.3367507755756378,0.8522953987121582,0.16823364794254303
YPR111W,YHR147C,0,1.5538591,0.3366180658340454,0.8522953987121582,0.16833366453647614
YKR014C,YJR026W,0,1.5531082,0.3364854156970978,0.8522953987121582,0.16843368113040924
YDL092W,YCL008C,0,1.5517161,0.3363528847694397,0.8522953987121582,0.16853371262550354
YOL064C,YPR158W-A,0,1.5516042,0.33622047305107117,0.8522953987121582,0.16863372921943665
YDR196C,YDL245C,0,1.5513344,0.3360881507396698,0.8522953987121582,0.16873374581336975
YEL062W,YLL038C,0,1.5513262,0.335955947637558,0.8522953987121582,0.16883376240730286
YER161C,YER053C,0,1.5496969,0.33582383394241333,0.8522953987121582,0.16893379390239716
YJL020C,YBR130C,1,1.5488641,0.33608490228652954,0.8532934188842773,0.16893379390239716
YNL243W,YOR233W,1,1.5466763,0.33634576201438904,0.8542914390563965,0.16893379390239716
YGL031C,YKL064W,0,1.5466202,0.3362136781215668,0.8542914390563965,0.16903381049633026
YPL148C,YCR053W,0,1.5462154,0.3360816538333893,0.8542914390563965,0.16913382709026337
YBR158W,YDR387C,0,1.5461457,0.33594977855682373,0.8542914390563965,0.16923384368419647
YOR285W,YJL109C,0,1.5459768,0.33581796288490295,0.8542914390563965,0.16933386027812958
YJL019W,YJR152W,0,1.5448209,0.33568626642227173,0.8542914390563965,0.16943389177322388
YDR522C,YDL164C,0,1.544784,0.33555468916893005,0.8542914390563965,0.16953390836715698
YMR058W,YOL041C,0,1.5447779,0.33542320132255554,0.8542914390563965,0.1696339249610901
YMR046C,YKL024C,0,1.5446515,0.3352918028831482,0.8542914390563965,0.1697339415550232
YAR027W,YGL017W,0,1.5429502,0.3351605236530304,0.8542914390563965,0.1698339730501175
YDL065C,YMR135C,0,1.541373,0.33502936363220215,0.8542914390563965,0.1699339896440506
YNR026C,YCR004C,0,1.54118,0.33489829301834106,0.8542914390563965,0.1700340062379837
YNL290W,YER090W,0,1.5385463,0.33476731181144714,0.8542914390563965,0.1701340228319168
YDR409W,YLL021W,1,1.5377403,0.3350273668766022,0.8552893996238708,0.1701340228319168
YBR081C,YDL133C-A,0,1.5372787,0.334896445274353,0.8552893996238708,0.17023403942584991
YMR106C,YBL050W,0,1.5359478,0.33476561307907104,0.8552893996238708,0.1703340709209442
YGL163C,YNL186W,0,1.5358616,0.3346349000930786,0.8552893996238708,0.17043408751487732
YPR063C,YDR404C,0,1.5334268,0.33450430631637573,0.8552893996238708,0.17053410410881042
YPR066W,YGL089C,0,1.533042,0.3343737721443176,0.8552893996238708,0.17063412070274353
YJR160C,YML019W,0,1.5327529,0.3342433571815491,0.8552893996238708,0.17073415219783783
YBR073W,YOL117W,0,1.5310646,0.33411306142807007,0.8552893996238708,0.17083416879177094
YNL092W,YIL049W,0,1.5308303,0.3339828550815582,0.8552893996238708,0.17093418538570404
YDR342C,YLR376C,0,1.5305327,0.33385273814201355,0.8552893996238708,0.17103420197963715
YBR070C,YLR013W,0,1.5302368,0.3337227404117584,0.8552893996238708,0.17113423347473145
YFL038C,YJL081C,0,1.5285119,0.33359283208847046,0.8552893996238708,0.17123425006866455
YDL207W,YIL070C,0,1.5283494,0.33346304297447205,0.8552893996238708,0.17133426666259766
YBR125C,YBR012W-B,0,1.5281473,0.3333333432674408,0.8552893996238708,0.17143428325653076
YFL009W,YMR025W,0,1.5279527,0.3332037329673767,0.8552893996238708,0.17153429985046387
YDL195W,YCR042C,0,1.5269092,0.3330742418766022,0.8552893996238708,0.17163433134555817
YGR026W,YPL131W,0,1.5265716,0.3329448401927948,0.8552893996238708,0.17173434793949127
YDR411C,YJL149W,0,1.5265152,0.3328155279159546,0.8552893996238708,0.17183436453342438
YDR210C-C,YCR014C,0,1.5261043,0.33268633484840393,0.8552893996238708,0.17193438112735748
YDR432W,YHR076W,0,1.5255022,0.33255723118782043,0.8552893996238708,0.17203441262245178
YNL300W,YOL017W,0,1.5252577,0.3324282467365265,0.8552893996238708,0.1721344292163849
YDR497C,YDR314C,0,1.5252539,0.3322993516921997,0.8552893996238708,0.172234445810318
YOR014W,YGL147C,0,1.5251822,0.3321705460548401,0.8552893996238708,0.1723344624042511
YDR339C,YBR036C,0,1.5249404,0.33204182982444763,0.8552893996238708,0.1724344938993454
YOR175C,YKL003C,0,1.5245806,0.3319132328033447,0.8552893996238708,0.1725345104932785
YBR068C,YGR063C,0,1.5238217,0.33178475499153137,0.8552893996238708,0.1726345270872116
YDR389W,YKL193C,0,1.5225644,0.3316563367843628,0.8552893996238708,0.17273454368114471
YCR026C,YHR143W-A,0,1.5214671,0.33152803778648376,0.8552893996238708,0.17283456027507782
YLL061W,YJR032W,0,1.5199004,0.3313998579978943,0.8552893996238708,0.17293459177017212
YEL011W,YGR034W,0,1.5192358,0.3312717378139496,0.8552893996238708,0.17303460836410522
YHR143W,YGL256W,0,1.5186366,0.33114373683929443,0.8552893996238708,0.17313462495803833
YGL183C,YGR279C,0,1.5186272,0.33101582527160645,0.8552893996238708,0.17323464155197144
YML058W,YDL107W,0,1.5179094,0.330888032913208,0.8552893996238708,0.17333467304706573
YLR297W,YGR090W,0,1.516162,0.33076032996177673,0.8552893996238708,0.17343468964099884
YDR050C,YMR309C,0,1.5159178,0.3306327164173126,0.8552893996238708,0.17353470623493195
YGR177C,YFR036W,0,1.5153857,0.3305051922798157,0.8552893996238708,0.17363472282886505
YDR218C,YHR061C,1,1.5148741,0.3307633101940155,0.85628741979599,0.17363472282886505
YGR144W,YPR104C,0,1.5148375,0.33063584566116333,0.85628741979599,0.17373475432395935
YGL023C,YDL197C,0,1.5145739,0.3305084705352783,0.85628741979599,0.17383477091789246
YJR127C,YOR174W,0,1.5127169,0.33038121461868286,0.85628741979599,0.17393478751182556
YEL040W,YHR174W,0,1.5122524,0.33025404810905457,0.85628741979599,0.17403480410575867
YOR020C,YOR228C,0,1.5120342,0.33012697100639343,0.85628741979599,0.17413482069969177
YGR175C,YDR488C,0,1.5120168,0.33000001311302185,0.85628741979599,0.17423485219478607
YNL084C,YAL060W,0,1.5117066,0.32987311482429504,0.85628741979599,0.17433486878871918
YJR026W,YGR068C,0,1.5115687,0.3297463357448578,0.85628741979599,0.17443488538265228
YDR349C,YHR121W,0,1.510811,0.3296196758747101,0.85628741979599,0.1745349019765854
YDR411C,YOL102C,0,1.5105057,0.32949307560920715,0.85628741979599,0.1746349334716797
YBR012W-A,YHR203C,0,1.5099592,0.3293665945529938,0.85628741979599,0.1747349500656128
YGR038C-A,YMR056C,0,1.5091218,0.32924020290374756,0.85628741979599,0.1748349666595459
YLR264W,YDR423C,0,1.5089766,0.3291139304637909,0.85628741979599,0.174934983253479
YPL103C,YDR351W,0,1.5083171,0.328987717628479,0.85628741979599,0.1750349998474121
YJL020C,YIL095W,1,1.5079573,0.3292449116706848,0.8572854399681091,0.1750349998474121
YOL064C,YDL059C,0,1.5053538,0.3291187882423401,0.8572854399681091,0.1751350313425064
YGR166W,YOL034W,0,1.5042437,0.32899272441864014,0.8572854399681091,0.17523504793643951
YOL013C,YMR135C,0,1.5029259,0.32886677980422974,0.8572854399681091,0.17533506453037262
YMR202W,YMR135C,0,1.5024554,0.3287409245967865,0.8572854399681091,0.17543508112430573
YOR329C,YFR024C-A,1,1.5022337,0.3289977014064789,0.8582834601402283,0.17543508112430573
YPR081C,YML045W-A,0,1.5007645,0.3288719058036804,0.8582834601402283,0.17553511261940002
YCR042C,YNR003C,0,1.5006583,0.32874616980552673,0.8582834601402283,0.17563512921333313
YDR260C,YBR035C,0,1.5006486,0.3286205530166626,0.8582834601402283,0.17573514580726624
YEL064C,YNL307C,0,1.5004443,0.3284950256347656,0.8582834601402283,0.17583516240119934
YOL052C,YOL133W,0,1.4983145,0.3283696174621582,0.8582834601402283,0.17593519389629364
YHR032W,YNR002C,0,1.4983131,0.32824426889419556,0.8582834601402283,0.17603521049022675
YBL089W,YDR304C,0,1.4979371,0.32811903953552246,0.8582834601402283,0.17613522708415985
YBR215W,YNL082W,0,1.4972466,0.32799389958381653,0.8582834601402283,0.17623524367809296
YGR221C,YDL231C,0,1.4958676,0.32786884903907776,0.8582834601402283,0.17633526027202606
YBR183W,YHR065C,0,1.4957889,0.32774388790130615,0.8582834601402283,0.17643529176712036
YGR191W,YLL050C,0,1.4951216,0.3276190459728241,0.8582834601402283,0.17653530836105347
YNL166C,YHR149C,1,1.4950122,0.3278751075267792,0.8592814207077026,0.17653530836105347
YMR123W,YPR001W,0,1.4948157,0.3277502954006195,0.8592814207077026,0.17663532495498657
YGR014W,YPR042C,0,1.4947202,0.327625572681427,0.8592814207077026,0.17673534154891968
YFL037W,YMR323W,0,1.4944643,0.32750093936920166,0.8592814207077026,0.17683537304401398
YHL019C,YGR161C-C,0,1.4944545,0.32737642526626587,0.8592814207077026,0.17693538963794708
YGL047W,YGL030W,0,1.4943278,0.32725200057029724,0.8592814207077026,0.1770354062318802
YLR380W,YMR257C,0,1.4940631,0.3271276652812958,0.8592814207077026,0.1771354228258133
YGR059W,YJR092W,1,1.4937838,0.32738322019577026,0.8602794408798218,0.1771354228258133
YPL101W,YPL122C,0,1.4924723,0.3272589147090912,0.8602794408798218,0.1772354543209076
YDL075W,YBR216C,0,1.4924222,0.32713472843170166,0.8602794408798218,0.1773354709148407
YJL140W,YJR088C,0,1.4917177,0.3270106315612793,0.8602794408798218,0.1774354875087738
YDR454C,YDR210W-A,0,1.491608,0.3268866240978241,0.8602794408798218,0.1775355041027069
YDL204W,YFL005W,1,1.4898714,0.32714176177978516,0.8612774610519409,0.1775355041027069
YNL327W,YOR094W,0,1.4897976,0.32701781392097473,0.8612774610519409,0.17763552069664001
YER103W,YDR153C,0,1.4896451,0.3268939256668091,0.8612774610519409,0.17773555219173431
YDL132W,YGL055W,0,1.4885279,0.326770156621933,0.8612774610519409,0.17783556878566742
YGR175C,YEL063C,0,1.4875813,0.32664647698402405,0.8612774610519409,0.17793558537960052
YGR263C,YLR404W,0,1.4874161,0.3265228867530823,0.8612774610519409,0.17803560197353363
YBR229C,YDL171C,0,1.4873432,0.32639938592910767,0.8612774610519409,0.17813563346862793
YGR098C,YDR457W,0,1.4873227,0.3262760043144226,0.8612774610519409,0.17823565006256104
YPR026W,YOL141W,0,1.487207,0.3261526823043823,0.8612774610519409,0.17833566665649414
YER083C,YKL180W,0,1.4869235,0.3260294795036316,0.8612774610519409,0.17843568325042725
YHR072W,YNL219C,0,1.4862279,0.32590633630752563,0.8612774610519409,0.17853569984436035
YBL019W,YPL032C,0,1.4861504,0.32578331232070923,0.8612774610519409,0.17863573133945465
YCR020C,YNR046W,0,1.4855826,0.32566037774086,0.8612774610519409,0.17873574793338776
YDR088C,YLR109W,0,1.4848758,0.3255375325679779,0.8612774610519409,0.17883576452732086
YBR073W,YPL074W,0,1.4844459,0.325414776802063,0.8612774610519409,0.17893578112125397
YMR006C,YLR373C,0,1.4814771,0.32529211044311523,0.8612774610519409,0.17903581261634827
YDR420W,YAL013W,0,1.4809583,0.32516956329345703,0.8612774610519409,0.17913582921028137
YPR119W,YMR043W,0,1.4807693,0.3250470757484436,0.8612774610519409,0.17923584580421448
YGL106W,YKL173W,0,1.4794012,0.3249247074127197,0.8612774610519409,0.17933586239814758
YHR001W,YNL152W,0,1.4787918,0.3248023986816406,0.8612774610519409,0.17943589389324188
YBR093C,YPR018W,0,1.4785916,0.3246802091598511,0.8612774610519409,0.179535910487175
YMR172W,YLR034C,0,1.4782242,0.3245581090450287,0.8612774610519409,0.1796359270811081
YDR330W,YDR107C,0,1.4780278,0.32443609833717346,0.8612774610519409,0.1797359436750412
YMR065W,YPL051W,0,1.4777098,0.3243141770362854,0.8612774610519409,0.1798359602689743
YBR012W-A,YPR030W,0,1.4776993,0.3241923451423645,0.8612774610519409,0.1799359917640686
YPL163C,YLR219W,0,1.4774159,0.32407060265541077,0.8612774610519409,0.1800360083580017
YER119C,YBL079W,0,1.4772829,0.3239489495754242,0.8612774610519409,0.18013602495193481
YML128C,YMR316W,0,1.4770886,0.3238273859024048,0.8612774610519409,0.18023604154586792
YDR409W,YFL005W,1,1.4760088,0.32408103346824646,0.8622754216194153,0.18023604154586792
YKL095W,YBR024W,0,1.4758798,0.32395949959754944,0.8622754216194153,0.18033607304096222
YLR321C,YDL188C,0,1.475403,0.32383808493614197,0.8622754216194153,0.18043608963489532
YDR424C,YIL172C,0,1.4748925,0.32371675968170166,0.8622754216194153,0.18053610622882843
YNL219C,YHL001W,0,1.4745423,0.32359549403190613,0.8622754216194153,0.18063612282276154
YGR279C,YLL023C,0,1.474167,0.32347434759140015,0.8622754216194153,0.18073615431785583
YOR122C,YGR010W,0,1.4737555,0.32335329055786133,0.8622754216194153,0.18083617091178894
YLR138W,YLR219W,0,1.4732794,0.3232323229312897,0.8622754216194153,0.18093618750572205
YHR156C,YLR256W-A,0,1.4731988,0.3231114447116852,0.8622754216194153,0.18103620409965515
YNL162W,YNR054C,0,1.4725261,0.32299065589904785,0.8622754216194153,0.18113622069358826
YMR051C,YNL192W,0,1.4715279,0.3228699564933777,0.8622754216194153,0.18123625218868256
YNL039W,YNL083W,0,1.4696091,0.3227493464946747,0.8622754216194153,0.18133626878261566
YHR209W,YLR388W,0,1.4690785,0.32262882590293884,0.8622754216194153,0.18143628537654877
YLR227W-B,YGR035C,0,1.4679514,0.32250839471817017,0.8622754216194153,0.18153630197048187
YGL160W,YOR075W,0,1.4676532,0.32238805294036865,0.8622754216194153,0.18163633346557617
YMR046C,YIR033W,0,1.4674753,0.3222678005695343,0.8622754216194153,0.18173635005950928
YDR131C,YHR005C-A,0,1.466884,0.3221476376056671,0.8622754216194153,0.18183636665344238
YER117W,YLL008W,0,1.4663693,0.3220275938510895,0.8622754216194153,0.1819363832473755
YLR209C,YLR368W,0,1.4650041,0.3219076097011566,0.8622754216194153,0.1820363998413086
YDR415C,YDR534C,0,1.4644679,0.3217877149581909,0.8622754216194153,0.1821364313364029
YCR026C,YHR028C,0,1.4635676,0.3216679096221924,0.8622754216194153,0.182236447930336
YPR029C,YBR039W,0,1.4635195,0.321548193693161,0.8622754216194153,0.1823364645242691
YDR524C,YMR070W,0,1.4630374,0.3214285671710968,0.8622754216194153,0.1824364811182022
YLR029C,YKR003W,0,1.4617711,0.32130903005599976,0.8622754216194153,0.1825365126132965
YGL003C,YGR214W,0,1.4605201,0.3211895823478699,0.8622754216194153,0.18263652920722961
YOL165C,YDR211W,0,1.4597985,0.32107022404670715,0.8622754216194153,0.18273654580116272
YOR290C,YLR024C,0,1.459597,0.3209509551525116,0.8622754216194153,0.18283656239509583
YDR483W,YOR245C,0,1.45953,0.3208317756652832,0.8622754216194153,0.18293659389019012
YDR077W,YMR236W,0,1.4577891,0.320712685585022,0.8622754216194153,0.18303661048412323
YBR087W,YOL049W,0,1.4572319,0.3205936849117279,0.8622754216194153,0.18313662707805634
YDR218C,YOR144C,0,1.4571573,0.320474773645401,0.8622754216194153,0.18323664367198944
YDL025C,YBR067C,0,1.4570194,0.32035595178604126,0.8622754216194153,0.18333666026592255
YLL002W,YDL097C,0,1.455489,0.3202372193336487,0.8622754216194153,0.18343669176101685
YLR079W,YPL244C,0,1.4551328,0.32011857628822327,0.8622754216194153,0.18353670835494995
YDR454C,YPR066W,0,1.4543248,0.3199999928474426,0.8622754216194153,0.18363672494888306
YDR304C,YGR068C,0,1.4539806,0.31988152861595154,0.8622754216194153,0.18373674154281616
YBR098W,YER053C,0,1.4527607,0.3197631239891052,0.8622754216194153,0.18383677303791046
YDL204W,YDR129C,1,1.4524995,0.3200148046016693,0.8632734417915344,0.18383677303791046
YOR291W,YJL066C,0,1.4519104,0.3198964595794678,0.8632734417915344,0.18393678963184357
YLR406C,YOL094C,0,1.4514141,0.319778174161911,0.8632734417915344,0.18403680622577667
YMR292W,YMR139W,0,1.4482566,0.3196600079536438,0.8632734417915344,0.18413682281970978
YML072C,YGR199W,0,1.4470032,0.31954193115234375,0.8632734417915344,0.18423685431480408
YEL041W,YDR452W,0,1.4456125,0.31942394375801086,0.8632734417915344,0.18433687090873718
YDR141C,YOR283W,0,1.4455811,0.31930601596832275,0.8632734417915344,0.1844368875026703
YLR040C,YGL158W,0,1.4455435,0.3191881775856018,0.8632734417915344,0.1845369040966034
YHR001W,YGR135W,0,1.444702,0.3190704584121704,0.8632734417915344,0.1846369206905365
YLR342W,YPL074W,1,1.4443578,0.31932154297828674,0.8642714619636536,0.1846369206905365
YPL218W,YML097C,0,1.4437541,0.31920382380485535,0.8642714619636536,0.1847369521856308
YDL128W,YGR059W,0,1.4436527,0.3190862238407135,0.8642714619636536,0.1848369687795639
YOR233W,YBR127C,0,1.4425614,0.31896868348121643,0.8642714619636536,0.184936985373497
YMR011W,YNL166C,0,1.4424461,0.3188512623310089,0.8642714619636536,0.18503700196743011
YDR011W,YFR033C,0,1.4416202,0.31873390078544617,0.8642714619636536,0.18513703346252441
YNL258C,YEL016C,0,1.4406799,0.3186166286468506,0.8642714619636536,0.18523705005645752
YHR056C,YBR154C,0,1.4391679,0.31849944591522217,0.8642714619636536,0.18533706665039062
YGL050W,YDL097C,0,1.4381036,0.3183823525905609,0.8642714619636536,0.18543708324432373
YMR235C,YHR018C,0,1.4379755,0.3182653486728668,0.8642714619636536,0.18553711473941803
YDR315C,YLR308W,0,1.4376976,0.3181484341621399,0.8642714619636536,0.18563713133335114
YKL117W,YLR010C,0,1.4361333,0.31803157925605774,0.8642714619636536,0.18573714792728424
YPR158C-D,YMR227C,0,1.4352083,0.31791484355926514,0.8642714619636536,0.18583716452121735
YER049W,YBL027W,0,1.4348654,0.3177981674671173,0.8642714619636536,0.18593718111515045
YLR430W,YGL121C,0,1.4324294,0.31768158078193665,0.8642714619636536,0.18603721261024475
YBR004C,YBR106W,0,1.4323475,0.31756508350372314,0.8642714619636536,0.18613722920417786
YDR032C,YGR036C,0,1.4323269,0.3174486756324768,0.8642714619636536,0.18623724579811096
YDR130C,YDR186C,0,1.4322444,0.31733235716819763,0.8642714619636536,0.18633726239204407
YAR019C,YCR087C-A,0,1.4319333,0.3172161281108856,0.8642714619636536,0.18643729388713837
YJL113W,YOR304C-A,0,1.4317764,0.3170999586582184,0.8642714619636536,0.18653731048107147
YER029C,YOL113W,0,1.4311845,0.3169839084148407,0.8642714619636536,0.18663732707500458
YOR382W,YBR133C,0,1.4306593,0.3168679177761078,0.8642714619636536,0.18673734366893768
YEL062W,YDL232W,0,1.4297162,0.31675201654434204,0.8642714619636536,0.1868373602628708
YER162C,YNL272C,0,1.4289299,0.31663620471954346,0.8642714619636536,0.1869373917579651
YOL058W,YPR009W,0,1.4276065,0.31652048230171204,0.8642714619636536,0.1870374083518982
YDL204W,YNL079C,1,1.4275482,0.31677019596099854,0.8652694821357727,0.1870374083518982
YDR326C,YDR003W,0,1.427394,0.3166545033454895,0.8652694821357727,0.1871374249458313
YJL014W,YCR004C,0,1.4271909,0.31653887033462524,0.8652694821357727,0.1872374415397644
YBR087W,YIL122W,0,1.4264472,0.31642335653305054,0.8652694821357727,0.1873374730348587
YOR322C,YBR278W,0,1.42613,0.3163079023361206,0.8652694821357727,0.1874374896287918
YMR278W,YNL008C,0,1.42545,0.3161925673484802,0.8652694821357727,0.18753750622272491
YGR032W,YOR122C,1,1.4248853,0.3164418637752533,0.8662674427032471,0.18753750622272491
YGR032W,YGL181W,1,1.4248723,0.31669095158576965,0.8672654628753662,0.18753750622272491
YDR451C,YBR280C,0,1.4236459,0.3165755867958069,0.8672654628753662,0.18763752281665802
YPR113W,YJL081C,0,1.4234111,0.3164603114128113,0.8672654628753662,0.18773755431175232
YLR216C,YJL066C,0,1.4215275,0.31634509563446045,0.8672654628753662,0.18783757090568542
YJL140W,YDR033W,0,1.4211524,0.31622999906539917,0.8672654628753662,0.18793758749961853
YBL092W,YDR191W,0,1.42018,0.31611496210098267,0.8672654628753662,0.18803760409355164
YDL056W,YOR150W,0,1.4201345,0.3160000145435333,0.8672654628753662,0.18813762068748474
YOL002C,YIL097W,0,1.419891,0.31588512659072876,0.8672654628753662,0.18823765218257904
YGL019W,YFL044C,0,1.4195585,0.31577035784721375,0.8672654628753662,0.18833766877651215
YIL082W-A,YPL032C,0,1.4195268,0.3156556487083435,0.8672654628753662,0.18843768537044525
YNL283C,YDR507C,0,1.4189866,0.31554102897644043,0.8672654628753662,0.18853770196437836
YPR063C,YGR085C,0,1.4188102,0.3154264986515045,0.8672654628753662,0.18863773345947266
YHR004C,YNL219C,0,1.4183146,0.31531205773353577,0.8672654628753662,0.18873775005340576
YHR085W,YGR184C,0,1.4182593,0.3151976764202118,0.8672654628753662,0.18883776664733887
YNL102W,YMR099C,0,1.4166027,0.315083384513855,0.8672654628753662,0.18893778324127197
YKL210W,YER068W,0,1.4159387,0.31496918201446533,0.8672654628753662,0.18903781473636627
YDR326C,YLR300W,0,1.4149214,0.31485506892204285,0.8672654628753662,0.18913783133029938
YDR436W,YGR199W,0,1.4146321,0.3147410452365875,0.8672654628753662,0.18923784792423248
YLR327C,YNL222W,0,1.4143573,0.314627081155777,0.8672654628753662,0.1893378645181656
YPL257W-A,YIR012W,0,1.414132,0.3145132064819336,0.8672654628753662,0.1894378811120987
YLR227W-B,YLR015W,0,1.4136549,0.3143994212150574,0.8672654628753662,0.189537912607193
YOR338W,YBR229C,0,1.4127526,0.3142857253551483,0.8672654628753662,0.1896379292011261
YPL149W,YDL075W,0,1.4124037,0.31417208909988403,0.8672654628753662,0.1897379457950592
YBL017C,YNL268W,0,1.411489,0.3140585422515869,0.8672654628753662,0.1898379623889923
YBL019W,YKL010C,0,1.4106654,0.31394508481025696,0.8672654628753662,0.1899379938840866
YLR034C,YEL077C,0,1.4100052,0.31383171677589417,0.8672654628753662,0.19003801047801971
YPR138C,YER166W,0,1.4097928,0.31371840834617615,0.8672654628753662,0.19013802707195282
YOR066W,YNL188W,0,1.4093937,0.3136051893234253,0.8672654628753662,0.19023804366588593
YKL117W,YJL151C,0,1.4093882,0.3134920597076416,0.8672654628753662,0.19033806025981903
YHR004C,YNL300W,0,1.4068104,0.3133790194988251,0.8672654628753662,0.19043809175491333
YHR183W,YJL209W,0,1.4067808,0.3132660388946533,0.8672654628753662,0.19053810834884644
YLR192C,YJR015W,0,1.4050347,0.31315314769744873,0.8672654628753662,0.19063812494277954
YNL082W,YML070W,0,1.4048097,0.3130403459072113,0.8672654628753662,0.19073814153671265
YML045W-A,YHL009W-A,0,1.404276,0.31292763352394104,0.8672654628753662,0.19083817303180695
YHR153C,YHR084W,0,1.403947,0.31281498074531555,0.8672654628753662,0.19093818962574005
YNL094W,YCR002C,1,1.4036318,0.31306225061416626,0.8682634830474854,0.19093818962574005
YLR404W,YNL233W,1,1.4028962,0.31330934166908264,0.8692615032196045,0.19093818962574005
YKL190W,YLR033W,0,1.4027838,0.31319668889045715,0.8692615032196045,0.19103820621967316
YJL156C,YLR238W,0,1.4015099,0.31308412551879883,0.8692615032196045,0.19113822281360626
YCL057W,YFL016C,0,1.4014832,0.3129716217517853,0.8692615032196045,0.19123825430870056
YNL325C,YDL214C,0,1.4009359,0.3128592073917389,0.8692615032196045,0.19133827090263367
YLR103C,YIL105C,0,1.4001533,0.3127468526363373,0.8692615032196045,0.19143828749656677
YMR296C,YPR149W,0,1.3992344,0.31263458728790283,0.8692615032196045,0.19153830409049988
YLR097C,YOR025W,0,1.3990027,0.31252241134643555,0.8692615032196045,0.19163832068443298
YOR351C,YKR003W,0,1.3988286,0.3124103248119354,0.8692615032196045,0.19173835217952728
YDR383C,YGL212W,0,1.3985182,0.31229832768440247,0.8692615032196045,0.1918383687734604
YOR233W,YDR462W,0,1.398415,0.3121863901615143,0.8692615032196045,0.1919383853673935
YLR378C,YLR210W,0,1.3963064,0.3120745122432709,0.8692615032196045,0.1920384019613266
YML072C,YJL071W,0,1.3962964,0.311962753534317,0.8692615032196045,0.1921384334564209
YDR394W,YLR164W,0,1.3961388,0.31185105443000793,0.8692615032196045,0.192238450050354
YDR378C,YJR047C,0,1.3960575,0.311739444732666,0.8692615032196045,0.1923384666442871
YNL291C,YBL016W,0,1.3951889,0.31162789463996887,0.8692615032196045,0.19243848323822021
YPL031C,YDR266C,0,1.3945862,0.3115164637565613,0.8692615032196045,0.19253851473331451
YOR329C,YLL021W,1,1.3934432,0.31176260113716125,0.8702594637870789,0.19253851473331451
YEL062W,YJL020C,0,1.391735,0.31165117025375366,0.8702594637870789,0.19263853132724762
YLR256W-A,YPR107C,0,1.3914822,0.31153982877731323,0.8702594637870789,0.19273854792118073
YDR130C,YNL080C,0,1.3907832,0.31142857670783997,0.8702594637870789,0.19283856451511383
YPR066W,YDR489W,0,1.3902311,0.3113173842430115,0.8702594637870789,0.19293858110904694
YOL129W,YGL039W,0,1.3900502,0.31120628118515015,0.8702594637870789,0.19303861260414124
YKR071C,YDR255C,0,1.389313,0.311095267534256,0.8702594637870789,0.19313862919807434
YOR171C,YKL048C,1,1.3890477,0.31134092807769775,0.871257483959198,0.19313862919807434
YIL142W,YER106W,0,1.387985,0.311229944229126,0.871257483959198,0.19323864579200745
YDL069C,YDR170C,0,1.3879722,0.311119019985199,0.871257483959198,0.19333866238594055
YLR227W-B,YBR287W,0,1.3872218,0.31100818514823914,0.871257483959198,0.19343869388103485
YKR045C,YLR289W,0,1.3871293,0.31089743971824646,0.871257483959198,0.19353871047496796
YGR234W,YHR129C,0,1.386288,0.31078675389289856,0.871257483959198,0.19363872706890106
YBR125C,YGR192C,0,1.3862549,0.3106761574745178,0.871257483959198,0.19373874366283417
YLR410W-A,YBR217W,0,1.3856636,0.31056562066078186,0.871257483959198,0.19383877515792847
YML048W,YMR290C,0,1.3855041,0.31045520305633545,0.871257483959198,0.19393879175186157
YNL079C,YKR101W,0,1.3853239,0.3103448152542114,0.871257483959198,0.19403880834579468
YDR510W,YFL039C,1,1.3837419,0.31058990955352783,0.8722555041313171,0.19403880834579468
YNL102W,YGR222W,0,1.3828214,0.3104795813560486,0.8722555041313171,0.19413882493972778
YHR132C,YER020W,0,1.3827268,0.3103693127632141,0.8722555041313171,0.1942388415336609
YJL128C,YBL085W,0,1.382231,0.3102591335773468,0.8722555041313171,0.1943388730287552
YNL261W,YJL165C,0,1.3820808,0.31014904379844666,0.8722555041313171,0.1944388896226883
YLR381W,YLR005W,0,1.3808261,0.3100390136241913,0.8722555041313171,0.1945389062166214
YPR032W,YOL155C,0,1.3807765,0.3099290728569031,0.8722555041313171,0.1946389228105545
YPL194W,YOR003W,0,1.380721,0.30981922149658203,0.8722555041313171,0.1947389543056488
YPR073C,YJR051W,0,1.3806539,0.30970942974090576,0.8722555041313171,0.1948389708995819
YHR112C,YNL272C,0,1.379478,0.30959972739219666,0.8722555041313171,0.19493898749351501
YLR427W,YBL026W,0,1.3784742,0.3094900846481323,0.8722555041313171,0.19503900408744812
YGR287C,YBR290W,0,1.3777689,0.30938053131103516,0.8722555041313171,0.19513902068138123
YLR304C,YJR025C,0,1.3773954,0.30927106738090515,0.8722555041313171,0.19523905217647552
YMR161W,YPL122C,0,1.3771855,0.3091616630554199,0.8722555041313171,0.19533906877040863
YNL014W,YHR060W,0,1.3758944,0.30905234813690186,0.8722555041313171,0.19543908536434174
YLR264W,YIL097W,0,1.3758734,0.30894309282302856,0.8722555041313171,0.19553910195827484
YNL326C,YLL043W,0,1.3749748,0.30883392691612244,0.8722555041313171,0.19563913345336914
YCR024C-A,YDR294C,0,1.3732319,0.3087248206138611,0.8722555041313171,0.19573915004730225
YKL126W,YBL074C,0,1.3716954,0.3086158335208893,0.8722555041313171,0.19583916664123535
YHR030C,YMR137C,0,1.3701626,0.30850687623023987,0.8722555041313171,0.19593918323516846
YNL128W,YIL162W,0,1.369938,0.30839803814888,0.8722555041313171,0.19603921473026276
YLR314C,YER149C,1,1.3697191,0.3086419701576233,0.8732534646987915,0.19603921473026276
YDR394W,YLL034C,0,1.3692534,0.3085331320762634,0.8732534646987915,0.19613923132419586
YKL201C,YOR057W,0,1.3679491,0.3084243834018707,0.8732534646987915,0.19623924791812897
YGL160W,YOR124C,0,1.3676808,0.3083157241344452,0.8732534646987915,0.19633926451206207
YGR124W,YJL213W,0,1.3664197,0.30820712447166443,0.8732534646987915,0.19643928110599518
YKL095W,YGR214W,0,1.3657682,0.30809858441352844,0.8732534646987915,0.19653931260108948
YDR394W,YGR092W,0,1.3647559,0.3079901337623596,0.8732534646987915,0.19663932919502258
YIL109C,YPL096W,0,1.3646609,0.30788177251815796,0.8732534646987915,0.1967393457889557
YPL257W-A,YCR077C,0,1.3639406,0.3077734708786011,0.8732534646987915,0.1968393623828888
YDR062W,YDR472W,0,1.3636159,0.30766525864601135,0.8732534646987915,0.1969393938779831
YGR287C,YLR421C,0,1.3624872,0.3075571060180664,0.8732534646987915,0.1970394104719162
YKR003W,YDR346C,0,1.3619627,0.3074490427970886,0.8732534646987915,0.1971394270658493
YNL113W,YNR001C,0,1.3614643,0.307341068983078,0.8732534646987915,0.1972394436597824
YOR329C,YGL181W,1,1.3595291,0.3075842559337616,0.8742514848709106,0.1972394436597824
YKR003W,YMR054W,0,1.3589169,0.30747631192207336,0.8742514848709106,0.1973394751548767
YJR031C,YIR022W,0,1.358667,0.3073684275150299,0.8742514848709106,0.19743949174880981
YDR210C-C,YKR058W,0,1.3584192,0.3072606027126312,0.8742514848709106,0.19753950834274292
YML074C,YML038C,0,1.3582028,0.3071528673171997,0.8742514848709106,0.19763952493667603
YLR378C,YDR033W,0,1.3574775,0.30704522132873535,0.8742514848709106,0.19773954153060913
YNL283C,YDL180W,0,1.3564171,0.30693763494491577,0.8742514848709106,0.19783957302570343
YPL196W,YNR003C,0,1.3560114,0.30683010816574097,0.8742514848709106,0.19793958961963654
YDR150W,YCL034W,1,1.3559612,0.30707281827926636,0.8752495050430298,0.19793958961963654
YMR240C,YLR429W,0,1.3553529,0.30696535110473633,0.8752495050430298,0.19803960621356964
YGL166W,YGR280C,0,1.354844,0.3068579435348511,0.8752495050430298,0.19813962280750275
YDL148C,YML049C,0,1.3545829,0.306750625371933,0.8752495050430298,0.19823965430259705
YFL002W-A,YOR084W,0,1.3544964,0.30664336681365967,0.8752495050430298,0.19833967089653015
YDR207C,YDR071C,0,1.3542136,0.30653616786003113,0.8752495050430298,0.19843968749046326
YMR045C,YCR012W,0,1.3537655,0.30642905831336975,0.8752495050430298,0.19853970408439636
YCL075W,YOR304C-A,0,1.3537344,0.30632203817367554,0.8752495050430298,0.19863972067832947
YOR142W-A,YFL048C,0,1.3535994,0.3062150776386261,0.8752495050430298,0.19873975217342377
YNR056C,YMR179W,0,1.3528595,0.3061082065105438,0.8752495050430298,0.19883976876735687
YHR191C,YNL321W,0,1.3526952,0.3060013949871063,0.8752495050430298,0.19893978536128998
YHR017W,YER013W,0,1.3521751,0.305894672870636,0.8752495050430298,0.19903980195522308
YGR035C,YDL080C,0,1.3512921,0.3057880103588104,0.8752495050430298,0.19913983345031738
YJR135C,YOL092W,0,1.3510398,0.30568140745162964,0.8752495050430298,0.1992398500442505
YOL086C,YPL266W,0,1.350736,0.3055749237537384,0.8752495050430298,0.1993398666381836
YCR066W,YNL032W,0,1.3483188,0.30546846985816956,0.8752495050430298,0.1994398832321167
YIL129C,YHR101C,0,1.3479657,0.30536210536956787,0.8752495050430298,0.199539914727211
YLR209C,YFL038C,0,1.3476446,0.30525583028793335,0.8752495050430298,0.1996399313211441
YMR197C,YDR123C,0,1.3476409,0.3051496148109436,0.8752495050430298,0.1997399479150772
YKL116C,YML070W,0,1.3468158,0.305043488740921,0.8752495050430298,0.19983996450901031
YPR066W,YCR075C,0,1.34679,0.3049374222755432,0.8752495050430298,0.19993998110294342
YDR226W,YJR028W,0,1.3463938,0.3048314154148102,0.8752495050430298,0.20004001259803772
YKR009C,YJL191W,0,1.346367,0.3047254979610443,0.8752495050430298,0.20014002919197083
YOR234C,YHR046C,0,1.3461995,0.3046196699142456,0.8752495050430298,0.20024004578590393
YPL194W,YMR284W,0,1.3461791,0.3045139014720917,0.8752495050430298,0.20034006237983704
YBL092W,YGR087C,0,1.3449997,0.3044081926345825,0.8752495050430298,0.20044009387493134
YGR027C,YGR008C,0,1.3446442,0.3043025732040405,0.8752495050430298,0.20054011046886444
YLR278C,YGR026W,0,1.343772,0.3041970133781433,0.8752495050430298,0.20064012706279755
YNL009W,YLR330W,0,1.343396,0.30409154295921326,0.8752495050430298,0.20074014365673065
YFL022C,YLR170C,0,1.343338,0.303986132144928,0.8752495050430298,0.20084017515182495
YDR173C,YGR155W,0,1.3430113,0.30388081073760986,0.8752495050430298,0.20094019174575806
YGR058W,YGR214W,0,1.3425078,0.3037755489349365,0.8752495050430298,0.20104020833969116
YJL204C,YDR037W,0,1.3423153,0.30367034673690796,0.8752495050430298,0.20114022493362427
YGR027W-B,YDR446W,0,1.3420544,0.30356523394584656,0.8752495050430298,0.20124024152755737
YGR277C,YDR210W-B,0,1.3417207,0.3034602105617523,0.8752495050430298,0.20134027302265167
YHR001W,YDR479C,0,1.3417171,0.30335524678230286,0.8752495050430298,0.20144028961658478
YPL123C,YLR164W,0,1.3414716,0.30325034260749817,0.8752495050430298,0.20154030621051788
YDR518W,YDR330W,0,1.3407335,0.30314552783966064,0.8752495050430298,0.201640322804451
YMR210W,YGR009C,0,1.3398684,0.3030407726764679,0.8752495050430298,0.2017403542995453
YDL194W,YOR285W,0,1.3392359,0.3029361069202423,0.8752495050430298,0.2018403708934784
YCR004C,YDR158W,0,1.3391465,0.3028315007686615,0.8752495050430298,0.2019403874874115
YJL141C,YIR002C,0,1.3385888,0.30272695422172546,0.8752495050430298,0.2020404040813446
YHR044C,YBR267W,0,1.3377059,0.3026224970817566,0.8752495050430298,0.2021404206752777
YLR256W,YPR107C,0,1.3373811,0.3025180995464325,0.8752495050430298,0.202240452170372
YDL147W,YKR058W,0,1.3366838,0.30241379141807556,0.8752495050430298,0.20234046876430511
YCL034W,YLR166C,1,1.3350784,0.3026542663574219,0.8762475252151489,0.20234046876430511
YJR033C,YLR096W,0,1.3350655,0.30254995822906494,0.8762475252151489,0.20244048535823822
YNL058C,YPL206C,0,1.3342766,0.30244573950767517,0.8762475252151489,0.20254050195217133
YPL241C,YJR094W-A,0,1.3329327,0.30234161019325256,0.8762475252151489,0.20264053344726562
YGR109C,YMR284W,0,1.3328072,0.30223751068115234,0.8762475252151489,0.20274055004119873
YLR404W,YKL129C,1,1.3326466,0.30247762799263,0.8772454857826233,0.20274055004119873
YDR162C,YGR027W-B,0,1.3322948,0.30237358808517456,0.8772454857826233,0.20284056663513184
YMR268C,YJL144W,0,1.3305852,0.3022696077823639,0.8772454857826233,0.20294058322906494
YER021W,YHR021C,0,1.3304552,0.302165687084198,0.8772454857826233,0.20304061472415924
YPL157W,YDL142C,0,1.3301655,0.30206185579299927,0.8772454857826233,0.20314063131809235
YMR047C,YLR209C,0,1.3300618,0.3019580841064453,0.8772454857826233,0.20324064791202545
YGL249W,YNL159C,0,1.3281611,0.3018544018268585,0.8772454857826233,0.20334066450595856
YOR142W-A,YOR386W,0,1.327954,0.3017507791519165,0.8772454857826233,0.20344068109989166
YOR209C,YMR036C,0,1.3267788,0.30164721608161926,0.8772454857826233,0.20354071259498596
YFR013W,YLR153C,0,1.3263575,0.3015437424182892,0.8772454857826233,0.20364072918891907
YPR108W,YDR058C,0,1.3256619,0.3014403283596039,0.8772454857826233,0.20374074578285217
YDL024C,YGL241W,0,1.3247929,0.30133700370788574,0.8772454857826233,0.20384076237678528
YGL137W,YDL142C,0,1.3244997,0.30123370885849,0.8772454857826233,0.20394079387187958
YOR140W,YPL177C,0,1.3243951,0.3011305332183838,0.8772454857826233,0.20404081046581268
YMR202W,YPR041W,0,1.3243941,0.3010273873806,0.8772454857826233,0.2041408270597458
YBR070C,YKL124W,0,1.3237394,0.3009243309497833,0.8772454857826233,0.2042408436536789
YCR092C,YLR166C,0,1.3224164,0.30082136392593384,0.8772454857826233,0.2043408751487732
YBL082C,YLR389C,0,1.322316,0.30071842670440674,0.8772454857826233,0.2044408917427063
YER082C,YPR026W,0,1.3221972,0.3006156086921692,0.8772454857826233,0.2045409083366394
YLR160C,YJL074C,0,1.3221244,0.30051282048225403,0.8772454857826233,0.2046409249305725
YDR226W,YNL146W,0,1.3206428,0.30041012167930603,0.8772454857826233,0.20474094152450562
YBR073W,YHL009C,0,1.3201543,0.3003074824810028,0.8772454857826233,0.20484097301959991
YGR059W,YGL233W,1,1.3201536,0.30054643750190735,0.8782435059547424,0.20484097301959991
YKL113C,YFR033C,0,1.3197243,0.3004438281059265,0.8782435059547424,0.20494098961353302
YDL232W,YLL023C,0,1.3195611,0.30034130811691284,0.8782435059547424,0.20504100620746613
YDR226W,YKR090W,0,1.318234,0.30023881793022156,0.8782435059547424,0.20514102280139923
YDR349C,YER125W,0,1.3178037,0.30013641715049744,0.8782435059547424,0.20524105429649353
YJL158C,YJL011C,0,1.3174459,0.3000341057777405,0.8782435059547424,0.20534107089042664
YBL003C,YDR448W,0,1.3174341,0.2999318242073059,0.8782435059547424,0.20544108748435974
YPL064C,YJR090C,0,1.3173625,0.2998296320438385,0.8782435059547424,0.20554110407829285
YKL160W,YER048C,0,1.3166691,0.29972752928733826,0.8782435059547424,0.20564113557338715
YPL027W,YBR030W,0,1.3165525,0.2996254563331604,0.8782435059547424,0.20574115216732025
YHR152W,YJR110W,0,1.3163193,0.2995234727859497,0.8782435059547424,0.20584116876125336
YEL043W,YGR188C,0,1.3160405,0.2994215786457062,0.8782435059547424,0.20594118535518646
YOR219C,YJL115W,0,1.3159286,0.29931971430778503,0.8782435059547424,0.20604120194911957
YBR296C,YPL249C,0,1.3156167,0.29921793937683105,0.8782435059547424,0.20614123344421387
YOL113W,YGR133W,0,1.3145324,0.29911625385284424,0.8782435059547424,0.20624125003814697
YLR145W,YDR099W,0,1.3141054,0.2990145981311798,0.8782435059547424,0.20634126663208008
YJL019W,YBR200W,0,1.313528,0.29891303181648254,0.8782435059547424,0.20644128322601318
YBR231C,YBL019W,0,1.3132502,0.29881155490875244,0.8782435059547424,0.20654131472110748
YDR150W,YLR429W,1,1.3131936,0.2990495562553406,0.8792415261268616,0.20654131472110748
YML006C,YBR067C,0,1.3120258,0.2989480793476105,0.8792415261268616,0.2066413313150406
YPL200W,YGR161W-B,0,1.3119352,0.29884666204452515,0.8792415261268616,0.2067413479089737
YOR058C,YHR171W,0,1.3113002,0.298745334148407,0.8792415261268616,0.2068413645029068
YJL187C,YOR304W,0,1.3102654,0.2986440658569336,0.8792415261268616,0.2069413810968399
YAL024C,YGR038C-B,0,1.3101496,0.298542857170105,0.8792415261268616,0.2070414125919342
YHR152W,YPL208W,0,1.30972,0.29844173789024353,0.8792415261268616,0.2071414291858673
YOR144C,YHR147C,0,1.3091248,0.29834067821502686,0.8792415261268616,0.20724144577980042
YNL073W,YDR034C-C,0,1.3074373,0.29823967814445496,0.8792415261268616,0.20734146237373352
YFL053W,YOL010W,0,1.307351,0.29813873767852783,0.8792415261268616,0.20744149386882782
YNR063W,YER091C,0,1.307115,0.29803788661956787,0.8792415261268616,0.20754151046276093
YLR404W,YIL159W,1,1.3060714,0.29827529191970825,0.8802395462989807,0.20754151046276093
YPR159W,YNL224C,0,1.3055238,0.2981744408607483,0.8802395462989807,0.20764152705669403
YML007W,YDR409W,0,1.3055063,0.2980736792087555,0.8802395462989807,0.20774154365062714
YJR063W,YHR174W,0,1.3042923,0.29797297716140747,0.8802395462989807,0.20784157514572144
YDR150W,YLR319C,1,1.3039984,0.2982100546360016,0.8812375068664551,0.20784157514572144
YER007W,YNL054W-B,0,1.3032581,0.29810938239097595,0.8812375068664551,0.20794159173965454
YOL101C,YLR332W,0,1.3032497,0.2980087697505951,0.8812375068664551,0.20804160833358765
YBL005W-B,YDR020C,0,1.303003,0.2979082465171814,0.8812375068664551,0.20814162492752075
YNL300W,YPL265W,0,1.302806,0.2978077530860901,0.8812375068664551,0.20824164152145386
YIL117C,YJR076C,0,1.3025826,0.29770734906196594,0.8812375068664551,0.20834167301654816
YNL194C,YLR045C,1,1.3021597,0.297944039106369,0.8822355270385742,0.20834167301654816
YJR015W,YOR371C,0,1.3014928,0.29784366488456726,0.8822355270385742,0.20844168961048126
YEL029C,YLR410W-B,0,1.3010939,0.2977433502674103,0.8822355270385742,0.20854170620441437
YLR047C,YHL004W,0,1.3010434,0.29764309525489807,0.8822355270385742,0.20864172279834747
YPL024W,YNL330C,0,1.2996548,0.297542929649353,0.8822355270385742,0.20874175429344177
YLR207W,YGR198W,0,1.2992674,0.29744279384613037,0.8822355270385742,0.20884177088737488
YHR004C,YKL061W,0,1.2987312,0.2973427474498749,0.8822355270385742,0.20894178748130798
YDL075W,YBR239C,0,1.2984811,0.29724276065826416,0.8822355270385742,0.2090418040752411
YKL082C,YNL304W,0,1.2964648,0.2971428632736206,0.8822355270385742,0.2091418355703354
YER160C,YPR021C,0,1.2953649,0.2970430254936218,0.8822355270385742,0.2092418521642685
YGL161C,YGL099W,0,1.2953341,0.29694321751594543,0.8822355270385742,0.2093418687582016
YNL094W,YCR009C,1,1.2951632,0.29717931151390076,0.8832335472106934,0.2093418687582016
YMR260C,YAL042W,0,1.2946526,0.29707956314086914,0.8832335472106934,0.2094418853521347
YPL190C,YPR082C,0,1.2938461,0.2969798743724823,0.8832335472106934,0.2095419019460678
YOR115C,YPL050C,0,1.2938014,0.29688024520874023,0.8832335472106934,0.2096419334411621
YJR091C,YOL103W,0,1.2937084,0.29678067564964294,0.8832335472106934,0.20974195003509521
YPL022W,YBR201W,0,1.2936378,0.2966811954975128,0.8832335472106934,0.20984196662902832
YHR132C,YJL164C,0,1.2933995,0.29658177495002747,0.8832335472106934,0.20994198322296143
YDL246C,YDR429C,0,1.2933248,0.2964824140071869,0.8832335472106934,0.21004201471805573
YJL080C,YCR075C,0,1.29222,0.2963831126689911,0.8832335472106934,0.21014203131198883
YCR053W,YMR263W,0,1.2915646,0.29628390073776245,0.8832335472106934,0.21024204790592194
YER021W,YGR214W,0,1.2912655,0.2961847484111786,0.8832335472106934,0.21034206449985504
YOR343W-A,YGR145W,0,1.2909569,0.2960856556892395,0.8832335472106934,0.21044208109378815
YER056C-A,YOR171C,0,1.29009,0.2959866225719452,0.8832335472106934,0.21054211258888245
YLL015W,YER074W-A,0,1.2900628,0.29588764905929565,0.8832335472106934,0.21064212918281555
YNL335W,YHR153C,0,1.2900453,0.2957887649536133,0.8832335472106934,0.21074214577674866
YIL142W,YNL054W-B,0,1.2899178,0.2956899404525757,0.8832335472106934,0.21084216237068176
YLR088W,YFL017W-A,0,1.2896612,0.29559117555618286,0.8832335472106934,0.21094219386577606
YLR040C,YMR024W,0,1.2889462,0.2954925000667572,0.8832335472106934,0.21104221045970917
YMR075W,YLR369W,0,1.2888167,0.29539385437965393,0.8832335472106934,0.21114222705364227
YPL194W,YKL091C,0,1.2885154,0.2952952980995178,0.8832335472106934,0.21124224364757538
YIL159W,YOR343W-A,0,1.2873437,0.2951968014240265,0.8832335472106934,0.21134227514266968
YER029C,YIL027C,0,1.2873126,0.29509836435317993,0.8832335472106934,0.21144229173660278
YFL024C,YOR198C,0,1.2872163,0.29499998688697815,0.8832335472106934,0.2115423083305359
YDL185W,YCL074W,0,1.2867826,0.29490169882774353,0.8832335472106934,0.211642324924469
YKR022C,YDR443C,0,1.2866222,0.2948034703731537,0.8832335472106934,0.2117423415184021
YJR149W,YGL031C,0,1.2864593,0.2947053015232086,0.8832335472106934,0.2118423730134964
YOR343W-B,YCL052C,0,1.2863004,0.2946071922779083,0.8832335472106934,0.2119423896074295
YDR477W,YCL019W,0,1.2860268,0.2945091426372528,0.8832335472106934,0.2120424062013626
YDR218C,YLL038C,1,1.2854862,0.2947438359260559,0.8842315077781677,0.2120424062013626
YLR192C,YFR004W,0,1.2850431,0.2946458160877228,0.8842315077781677,0.21214242279529572
YBL047C,YKL048C,1,1.2837528,0.29488033056259155,0.8852295279502869,0.21214242279529572
YDR318W,YLR394W,0,1.283187,0.2947823107242584,0.8852295279502869,0.21224245429039001
YJL073W,YJL166W,0,1.2825409,0.29468438029289246,0.8852295279502869,0.21234247088432312
YGL190C,YCR075C,0,1.2824818,0.29458650946617126,0.8852295279502869,0.21244248747825623
YDR218C,YOR109W,1,1.2824591,0.29482072591781616,0.886227548122406,0.21244248747825623
YLL002W,YBR223C,0,1.2823788,0.29472285509109497,0.886227548122406,0.21254250407218933
YFR041C,YDR218C,0,1.2821113,0.29462507367134094,0.886227548122406,0.21264253556728363
YHR152W,YOR025W,0,1.2811493,0.2945273518562317,0.886227548122406,0.21274255216121674
YDR150W,YHR161C,1,1.2803253,0.2947612702846527,0.8872255682945251,0.21274255216121674
YGR109C,YGR163W,0,1.2796392,0.29466357827186584,0.8872255682945251,0.21284256875514984
YOR171C,YIL140W,1,1.2791337,0.29489728808403015,0.8882235288619995,0.21284256875514984
YOR038C,YGR008C,0,1.2785302,0.2947995960712433,0.8882235288619995,0.21294258534908295
YLR321C,YIL158W,0,1.2783601,0.2947019934654236,0.8882235288619995,0.21304260194301605
YMR297W,YBL061C,0,1.2767466,0.29460445046424866,0.8882235288619995,0.21314263343811035
YDR510W,YJL085W,1,1.2761921,0.2948378622531891,0.8892215490341187,0.21314263343811035
YPR159W,YDR030C,0,1.2756442,0.29474031925201416,0.8892215490341187,0.21324265003204346
YDR141C,YNL099C,0,1.2732927,0.2946428656578064,0.8892215490341187,0.21334266662597656
YPL257W-A,YHR043C,0,1.2714776,0.294545441865921,0.8892215490341187,0.21344268321990967
YIL016W,YML126C,0,1.2709655,0.2944481074810028,0.8892215490341187,0.21354271471500397
YOL028C,YDR077W,0,1.2705458,0.29435083270072937,0.8892215490341187,0.21364273130893707
YKL211C,YKL198C,0,1.2702872,0.2942536473274231,0.8892215490341187,0.21374274790287018
YCR024C-A,YCR096C,0,1.2698512,0.2941564917564392,0.8892215490341187,0.21384276449680328
YFL002W-B,YML043C,0,1.2694997,0.2940593957901001,0.8892215490341187,0.21394279599189758
YDL051W,YER051W,0,1.2694324,0.29396238923072815,0.8892215490341187,0.2140428125858307
YLR406C,YGR156W,0,1.2693709,0.293865442276001,0.8892215490341187,0.2141428291797638
YBR214W,YCL019W,0,1.26932,0.2937685549259186,0.8892215490341187,0.2142428457736969
YLR027C,YKR026C,0,1.2692875,0.29367172718048096,0.8892215490341187,0.21434286236763
YKL035W,YGR063C,0,1.2689009,0.2935749590396881,0.8892215490341187,0.2144428938627243
YGR275W,YPL024W,0,1.2685453,0.29347825050354004,0.8892215490341187,0.2145429104566574
YOR145C,YGR086C,0,1.2685226,0.29338163137435913,0.8892215490341187,0.21464292705059052
YOR233W,YJL085W,1,1.2683465,0.2936142086982727,0.8902195692062378,0.21464292705059052
YBL082C,YGR214W,0,1.267763,0.2935176193714142,0.8902195692062378,0.21474294364452362
YOR067C,YPR104C,0,1.2669686,0.29342105984687805,0.8902195692062378,0.21484297513961792
YKR018C,YDL052C,0,1.2663082,0.2933245599269867,0.8902195692062378,0.21494299173355103
YNL194C,YHR023W,1,1.2655777,0.2935568690299988,0.8912175893783569,0.21494299173355103
YFR028C,YNR032W,0,1.265539,0.2934603989124298,0.8912175893783569,0.21504300832748413
YBR105C,YBL084C,0,1.2643882,0.2933639883995056,0.8912175893783569,0.21514302492141724
YDR198C,YFR046C,0,1.2641956,0.2932676374912262,0.8912175893783569,0.21524304151535034
YGL100W,YGR261C,0,1.263841,0.29317137598991394,0.8912175893783569,0.21534307301044464
YER055C,YDR349C,0,1.2638341,0.2930751442909241,0.8912175893783569,0.21544308960437775
YDR392W,YGL017W,0,1.2636486,0.29297900199890137,0.8912175893783569,0.21554310619831085
YGR027W-A,YOR067C,0,1.2634486,0.29288291931152344,0.8912175893783569,0.21564312279224396
YOR237W,YDR380W,0,1.2633728,0.2927868962287903,0.8912175893783569,0.21574315428733826
YPR158C-D,YIL124W,0,1.263206,0.2926909327507019,0.8912175893783569,0.21584317088127136
YDL222C,YCR088W,1,1.2622825,0.2929226756095886,0.8922155499458313,0.21584317088127136
YDR341C,YOR030W,0,1.2608247,0.29282674193382263,0.8922155499458313,0.21594318747520447
YGL021W,YGL079W,0,1.2607652,0.29273083806037903,0.8922155499458313,0.21604320406913757
YNL148C,YGR148C,0,1.2600855,0.2926350235939026,0.8922155499458313,0.21614323556423187
YPL152W,YPR052C,0,1.2597511,0.2925392687320709,0.8922155499458313,0.21624325215816498
YOL008W,YLR066W,0,1.2593285,0.29244357347488403,0.8922155499458313,0.21634326875209808
YBL040C,YDR198C,0,1.2592515,0.2923479378223419,0.8922155499458313,0.2164432853460312
YLR207W,YJL091C,0,1.2591964,0.2922523617744446,0.8922155499458313,0.2165433019399643
YCL061C,YOR323C,0,1.2589501,0.2921568751335144,0.8922155499458313,0.2166433334350586
YDL079C,YHR062C,0,1.2587041,0.2920614182949066,0.8922155499458313,0.2167433500289917
YKL198C,YHR143W-A,0,1.2579619,0.2919660210609436,0.8922155499458313,0.2168433666229248
YNL115C,YKL086W,0,1.2574733,0.29187071323394775,0.8922155499458313,0.2169433832168579
YDR409W,YLR089C,0,1.2569575,0.2917754650115967,0.8922155499458313,0.2170434147119522
YBR036C,YPR082C,0,1.256127,0.291680246591568,0.8922155499458313,0.21714343130588531
YHR061C,YFR024C-A,1,1.2557381,0.2919112741947174,0.8932135701179504,0.21714343130588531
YML048W,YPL150W,0,1.25556,0.2918161153793335,0.8932135701179504,0.21724344789981842
YLL029W,YMR047C,0,1.2555534,0.291720986366272,0.8932135701179504,0.21734346449375153
YCR004C,YCR102C,0,1.255509,0.2916259467601776,0.8932135701179504,0.21744349598884583
YPL022W,YGL200C,0,1.2554783,0.29153093695640564,0.8932135701179504,0.21754351258277893
YMR065W,YER020W,0,1.2551267,0.29143601655960083,0.8932135701179504,0.21764352917671204
YOR233W,YNL166C,1,1.2550436,0.2916666567325592,0.8942115902900696,0.21764352917671204
YIL121W,YBR042C,0,1.2540063,0.2915717661380768,0.8942115902900696,0.21774354577064514
YPR182W,YFL031W,0,1.2539002,0.29147690534591675,0.8942115902900696,0.21784356236457825
YPL081W,YPL230W,0,1.2532693,0.2913821041584015,0.8942115902900696,0.21794359385967255
YGL008C,YMR283C,0,1.252935,0.2912873923778534,0.8942115902900696,0.21804361045360565
YEL055C,YDR316W-A,0,1.2526139,0.2911927103996277,0.8942115902900696,0.21814362704753876
YNL146W,YDR364C,0,1.251706,0.29109811782836914,0.8942115902900696,0.21824364364147186
YHR036W,YER091C,0,1.2515115,0.29100358486175537,0.8942115902900696,0.21834367513656616
YOR315W,YBR223C,0,1.2513125,0.290909081697464,0.8942115902900696,0.21844369173049927
YGR077C,YGL009C,0,1.2511374,0.29081466794013977,0.8942115902900696,0.21854370832443237
YGL090W,YNL268W,0,1.2507201,0.2907203137874603,0.8942115902900696,0.21864372491836548
YGL156W,YLR042C,0,1.250357,0.29062601923942566,0.8942115902900696,0.21874374151229858
YGR059W,YLL021W,1,1.2488333,0.2908560335636139,0.8952096104621887,0.21874374151229858
YOR192C-B,YLL012W,0,1.248592,0.2907617390155792,0.8952096104621887,0.21884377300739288
YLR274W,YDL190C,0,1.2485087,0.2906675338745117,0.8952096104621887,0.218943789601326
YBR081C,YOL129W,0,1.2481339,0.2905733585357666,0.8952096104621887,0.2190438061952591
YDR034C-C,YBR205W,0,1.2477945,0.29047927260398865,0.8952096104621887,0.2191438227891922
YKL206C,YKR013W,0,1.2475435,0.29038524627685547,0.8952096104621887,0.2192438542842865
YLR406C,YML069W,0,1.2472732,0.2902912497520447,0.8952096104621887,0.2193438708782196
YMR224C,YGR161C-C,0,1.2451098,0.29019734263420105,0.8952096104621887,0.2194438874721527
YNL284C-A,YJL052W,0,1.2450169,0.2901034951210022,0.8952096104621887,0.21954390406608582
YDL077C,YKL038W,0,1.2445542,0.2900097072124481,0.8952096104621887,0.21964393556118011
YPL074W,YOR008C,1,1.244435,0.2902391850948334,0.8962075710296631,0.21964393556118011
YAR015W,YBR077C,0,1.2440106,0.2901453971862793,0.8962075710296631,0.21974395215511322
YBR014C,YLR204W,0,1.2439193,0.29005166888237,0.8962075710296631,0.21984396874904633
YLR404W,YPR188C,1,1.2435299,0.29028090834617615,0.8972055912017822,0.21984396874904633
YER074W-A,YGR188C,0,1.2435127,0.29018720984458923,0.8972055912017822,0.21994398534297943
YHR007C,YGR154C,0,1.2434615,0.2900935709476471,0.8972055912017822,0.22004400193691254
YOL044W,YCL069W,0,1.2434216,0.28999999165534973,0.8972055912017822,0.22014403343200684
YLR447C,YGR161C-C,0,1.242858,0.28990647196769714,0.8972055912017822,0.22024405002593994
YDR202C,YJL066C,0,1.2425321,0.28981301188468933,0.8972055912017822,0.22034406661987305
YDR365W-B,YML036W,0,1.2420975,0.2897196114063263,0.8972055912017822,0.22044408321380615
YKL160W,YGR067C,0,1.2410401,0.2896263003349304,0.8972055912017822,0.22054411470890045
YLR287C-A,YOL107W,0,1.2397991,0.28953301906585693,0.8972055912017822,0.22064413130283356
YER096W,YLR050C,0,1.2395455,0.2894397974014282,0.8972055912017822,0.22074414789676666
YER099C,YML045W-A,0,1.2392479,0.2893466353416443,0.8972055912017822,0.22084416449069977
YDR038C,YDR082W,0,1.2391393,0.2892535328865051,0.8972055912017822,0.22094419598579407
YIR035C,YDR261W-B,0,1.2384332,0.28916049003601074,0.8972055912017822,0.22104421257972717
YOR242C,YDL144C,0,1.237772,0.2890675365924835,0.8972055912017822,0.22114422917366028
YKL116C,YOR327C,0,1.2348181,0.2889746129512787,0.8972055912017822,0.22124424576759338
YBR123C,YGL184C,0,1.2340117,0.28888174891471863,0.8972055912017822,0.2213442623615265
YFR003C,YHR203C,0,1.2339113,0.28878894448280334,0.8972055912017822,0.2214442938566208
YGR195W,YDR012W,0,1.2336838,0.28869619965553284,0.8972055912017822,0.2215443104505539
YPR029C,YNR032W,0,1.232682,0.2886035442352295,0.8972055912017822,0.221644327044487
YLR035C-A,YER018C,0,1.2323071,0.28851091861724854,0.8972055912017822,0.2217443436384201
YDR071C,YDR348C,0,1.2320548,0.28841835260391235,0.8972055912017822,0.2218443751335144
YIL084C,YGR088W,0,1.232024,0.28832584619522095,0.8972055912017822,0.2219443917274475
YPL113C,YHL009W-B,0,1.2312192,0.2882333993911743,0.8972055912017822,0.22204440832138062
YPR108W,YML124C,0,1.2307369,0.28814101219177246,0.8972055912017822,0.22214442491531372
YMR251W-A,YDR424C,0,1.2303141,0.28804871439933777,0.8972055912017822,0.22224444150924683
YNL116W,YHR060W,0,1.2300103,0.28795644640922546,0.8972055912017822,0.22234447300434113
YPL164C,YGR034W,0,1.2293035,0.28786423802375793,0.8972055912017822,0.22244448959827423
YMR316W,YMR163C,0,1.2288455,0.2877720892429352,0.8972055912017822,0.22254450619220734
YDR119W,YML028W,0,1.2274877,0.2876800000667572,0.8972055912017822,0.22264452278614044
YNL298W,YCR088W,1,1.2268573,0.2879078686237335,0.8982036113739014,0.22264452278614044
YML128C,YMR227C,0,1.2266423,0.28781580924987793,0.8982036113739014,0.22274455428123474
YJL034W,YPR158C-C,0,1.2258282,0.2877237796783447,0.8982036113739014,0.22284457087516785
YDL204W,YKL129C,1,1.2250346,0.28795140981674194,0.8992015719413757,0.22284457087516785
YGR209C,YDR147W,0,1.2244519,0.28785941004753113,0.8992015719413757,0.22294458746910095
YJR010C-A,YPR082C,0,1.2241923,0.2877674996852875,0.8992015719413757,0.22304460406303406
YMR121C,YOL006C,0,1.2238183,0.2876756191253662,0.8992015719413757,0.22314463555812836
YJL160C,YOR216C,0,1.2237328,0.2875837981700897,0.8992015719413757,0.22324465215206146
YGL043W,YOL107W,0,1.2237014,0.287492036819458,0.8992015719413757,0.22334466874599457
YLR133W,YKR056W,0,1.2236649,0.2874003052711487,0.8992015719413757,0.22344468533992767
YPL079W,YJL176C,0,1.2236062,0.2873086631298065,0.8992015719413757,0.22354470193386078
YPL038W,YDL097C,0,1.223322,0.28721708059310913,0.8992015719413757,0.22364473342895508
YNL094W,YHR061C,1,1.2223431,0.28744423389434814,0.9001995921134949,0.22364473342895508
YDR315C,YDR330W,0,1.222179,0.28735265135765076,0.9001995921134949,0.22374475002288818
YBL020W,YAL029C,0,1.2218456,0.28726115822792053,0.9001995921134949,0.2238447666168213
YER133W,YKL198C,0,1.2215365,0.2871696949005127,0.9001995921134949,0.2239447832107544
YGR014W,YGR038W,0,1.2210563,0.28707829117774963,0.9001995921134949,0.2240448147058487
YDR316W-A,YLR042C,0,1.219906,0.28698694705963135,0.9001995921134949,0.2241448312997818
YMR146C,YBR241C,0,1.2195313,0.28689566254615784,0.9001995921134949,0.2242448478937149
YHL034C,YCL055W,0,1.2194275,0.2868044376373291,0.9001995921134949,0.224344864487648
YKR045C,YBR040W,0,1.2193745,0.28671327233314514,0.9001995921134949,0.2244448959827423
YMR154C,YLR034C,0,1.2189564,0.28662216663360596,0.9001995921134949,0.22454491257667542
YPR113W,YLL023C,0,1.2181823,0.28653112053871155,0.9001995921134949,0.22464492917060852
YJR090C,YGR059W,1,1.2180167,0.2867577075958252,0.901197612285614,0.22464492917060852
YGR059W,YIL095W,1,1.2176465,0.2869841158390045,0.9021956324577332,0.22464492917060852
YCL020W,YIL004C,0,1.2172557,0.2868930399417877,0.9021956324577332,0.22474494576454163
YPR070W,YLL038C,0,1.2166885,0.2868020236492157,0.9021956324577332,0.22484496235847473
YDR064W,YJL149W,0,1.2165416,0.28671106696128845,0.9021956324577332,0.22494499385356903
YJL101C,YLL005C,0,1.2153741,0.286620169878006,0.9021956324577332,0.22504501044750214
YOR288C,YJL029C,0,1.2149869,0.2865293323993683,0.9021956324577332,0.22514502704143524
YDR472W,YOR192C-B,0,1.2141143,0.286438524723053,0.9021956324577332,0.22524504363536835
YER045C,YNL274C,0,1.2138871,0.28634780645370483,0.9021956324577332,0.22534507513046265
YGL162W,YEL034W,0,1.2135458,0.2862571179866791,0.9021956324577332,0.22544509172439575
YBR152W,YIL079C,0,1.213452,0.2861665189266205,0.9021956324577332,0.22554510831832886
YLR357W,YGL145W,0,1.2133747,0.2860759496688843,0.9021956324577332,0.22564512491226196
YOR322C,YLR446W,0,1.2118357,0.28598544001579285,0.9021956324577332,0.22574515640735626
YKL165C,YPR107C,0,1.2115,0.2858949899673462,0.9021956324577332,0.22584517300128937
YMR128W,YOR141C,0,1.2111737,0.2858046293258667,0.9021956324577332,0.22594518959522247
YOR230W,YOL088C,0,1.2108635,0.2857142984867096,0.9021956324577332,0.22604520618915558
YHR147C,YDR293C,0,1.2101718,0.28562402725219727,0.9021956324577332,0.22614522278308868
YHR061C,YGL181W,1,1.2099913,0.2858496606349945,0.9031935930252075,0.22614522278308868
YNL298W,YGL181W,1,1.2095431,0.2860751450061798,0.9041916131973267,0.22614522278308868
YBR010W,YJR090C,0,1.2095025,0.2859848439693451,0.9041916131973267,0.22624525427818298
YLR399C,YOL110W,0,1.209165,0.28589460253715515,0.9041916131973267,0.2263452708721161
YGL237C,YDL239C,0,1.2081476,0.28580442070961,0.9041916131973267,0.2264452874660492
YJL138C,YBR129C,0,1.2079965,0.2857142984867096,0.9041916131973267,0.2265453040599823
YPR190C,YOR343W-A,0,1.2076705,0.2856242060661316,0.9041916131973267,0.2266453355550766
YOL088C,YKL152C,0,1.2073628,0.28553420305252075,0.9041916131973267,0.2267453521490097
YMR164C,YDR313C,0,1.2067221,0.2854442298412323,0.9041916131973267,0.2268453687429428
YJL158C,YPL252C,0,1.205779,0.2853543162345886,0.9041916131973267,0.22694538533687592
YLR066W,YNL083W,0,1.2055817,0.2852644920349121,0.9041916131973267,0.22704540193080902
YGR229C,YJR129C,0,1.2049155,0.285174697637558,0.9041916131973267,0.22714543342590332
YGR263C,YER050C,0,1.2033055,0.28508496284484863,0.9041916131973267,0.22724545001983643
YCR077C,YMR054W,0,1.2020836,0.28499528765678406,0.9041916131973267,0.22734546661376953
YPR005C,YNL238W,0,1.2013366,0.28490567207336426,0.9041916131973267,0.22744548320770264
YER103W,YGL174W,0,1.2012862,0.28481608629226685,0.9041916131973267,0.22754551470279694
YJR010C-A,YLR446W,0,1.2007126,0.2847265899181366,0.9041916131973267,0.22764553129673004
YJL062W,YLL012W,0,1.2003464,0.28463712334632874,0.9041916131973267,0.22774554789066315
YAR008W,YIR039C,0,1.2003244,0.28454774618148804,0.9041916131973267,0.22784556448459625
YDR261C-C,YDL097C,0,1.2002553,0.2844583988189697,0.9041916131973267,0.22794559597969055
YNR023W,YPL099C,0,1.2001194,0.2843691110610962,0.9041916131973267,0.22804561257362366
YGR277C,YJL190C,0,1.1996987,0.28427988290786743,0.9041916131973267,0.22814562916755676
YBR074W,YOR153W,0,1.1996039,0.28419071435928345,0.9041916131973267,0.22824564576148987
YPR137C-A,YDR283C,0,1.1986996,0.28410160541534424,0.9041916131973267,0.22834566235542297
YDR207C,YAL054C,0,1.198557,0.2840125262737274,0.9041916131973267,0.22844569385051727
YDR403W,YKL164C,0,1.1985394,0.28392353653907776,0.9041916131973267,0.22854571044445038
YLR342W,YEL040W,1,1.1982628,0.28414785861968994,0.9051896333694458,0.22854571044445038
YPR072W,YHL024W,0,1.1981844,0.2840588688850403,0.9051896333694458,0.22864572703838348
YPR190C,YJL165C,0,1.1979867,0.2839699387550354,0.9051896333694458,0.2287457436323166
YHR026W,YBR031W,0,1.1970834,0.2838810682296753,0.9051896333694458,0.2288457751274109
YCL057C-A,YJL101C,0,1.196085,0.2837922275066376,0.9051896333694458,0.228945791721344
YBR287W,YCL047C,0,1.1953881,0.283703476190567,0.9051896333694458,0.2290458083152771
YGR075C,YLR084C,0,1.1953431,0.28361475467681885,0.9051896333694458,0.2291458249092102
YFR004W,YKR069W,0,1.1943475,0.28352609276771545,0.9051896333694458,0.2292458564043045
YDR338C,YIL129C,0,1.1943153,0.28343749046325684,0.9051896333694458,0.2293458729982376
YMR169C,YKR002W,0,1.1934828,0.283348947763443,0.9051896333694458,0.22944588959217072
YBR082C,YKL189W,0,1.1925982,0.2832604646682739,0.9051896333694458,0.22954590618610382
YKR061W,YMR309C,0,1.1914777,0.28317201137542725,0.9051896333694458,0.22964592278003693
YKR105C,YML025C,0,1.1900347,0.28308364748954773,0.9051896333694458,0.22974595427513123
YOR287C,YLL055W,0,1.1899017,0.2829953134059906,0.9051896333694458,0.22984597086906433
YPR158C-C,YDR307W,0,1.1898994,0.28290703892707825,0.9051896333694458,0.22994598746299744
YNL185C,YDR261W-B,0,1.1885747,0.28281882405281067,0.9051896333694458,0.23004600405693054
YFL057C,YMR264W,0,1.1885692,0.28273066878318787,0.9051896333694458,0.23014603555202484
YCR024C-A,YOR007C,0,1.1881806,0.28264257311820984,0.9051896333694458,0.23024605214595795
YOL028C,YOL101C,0,1.1879803,0.2825545072555542,0.9051896333694458,0.23034606873989105
YPL265W,YGR068C,0,1.1873573,0.2824665307998657,0.9051896333694458,0.23044608533382416
YIL017C,YLR110C,0,1.1872649,0.28237858414649963,0.9051896333694458,0.23054610192775726
YPL164C,YMR184W,0,1.1867384,0.2822906970977783,0.9051896333694458,0.23064613342285156
YMR051C,YLR099C,0,1.1864017,0.2822028696537018,0.9051896333694458,0.23074615001678467
YLR350W,YGR140W,0,1.1858399,0.28211507201194763,0.9051896333694458,0.23084616661071777
YOR307C,YML036W,0,1.1856595,0.28202736377716064,0.9051896333694458,0.23094618320465088
YPR005C,YGL186C,0,1.1855868,0.28193968534469604,0.9051896333694458,0.23104621469974518
YLR227W-B,YLR212C,0,1.1852182,0.2818520963191986,0.9051896333694458,0.23114623129367828
YJR086W,YJL112W,0,1.1850172,0.28176453709602356,0.9051896333694458,0.2312462478876114
YBR291C,YPR158W-A,0,1.1849035,0.2816770076751709,0.9051896333694458,0.2313462644815445
YNL159C,YOL082W,0,1.1841642,0.2815895676612854,0.9051896333694458,0.2314462959766388
YDL024C,YER113C,0,1.1840099,0.2815021872520447,0.9051896333694458,0.2315463125705719
YPL281C,YBR179C,0,1.1839217,0.28141483664512634,0.9051896333694458,0.231646329164505
YGR035C,YPR178W,0,1.1834638,0.2813275456428528,0.9051896333694458,0.2317463457584381
YDR394W,YDL184C,0,1.1831952,0.281240314245224,0.9051896333694458,0.23184636235237122
YBR200W,YDR261C-C,0,1.1828992,0.28115314245224,0.9051896333694458,0.23194639384746552
YKR042W,YDR050C,0,1.1828798,0.28106600046157837,0.9051896333694458,0.23204641044139862
YML115C,YDL043C,0,1.1827027,0.2809789478778839,0.9051896333694458,0.23214642703533173
YKL108W,YMR189W,0,1.1826301,0.28089192509651184,0.9051896333694458,0.23224644362926483
YGR027W-B,YOL017W,0,1.1824341,0.28080496191978455,0.9051896333694458,0.23234647512435913
YDR113C,YDR337W,0,1.1824113,0.280718058347702,0.9051896333694458,0.23244649171829224
YJL092W,YBR299W,0,1.1810747,0.2806311845779419,0.9051896333694458,0.23254650831222534
YER087C-A,YMR302C,0,1.1805168,0.2805444002151489,0.9051896333694458,0.23264652490615845
YPL090C,YML124C,0,1.1798706,0.28045764565467834,0.9051896333694458,0.23274655640125275
YNL153C,YBL098W,0,1.1791414,0.28037095069885254,0.9051896333694458,0.23284657299518585
YML029W,YOR224C,0,1.1790568,0.2802843153476715,0.9051896333694458,0.23294658958911896
YLR034C,YLR120C,0,1.1786256,0.28019770979881287,0.9051896333694458,0.23304660618305206
YGL048C,YDL141W,0,1.178207,0.2801111936569214,0.9051896333694458,0.23314662277698517
YJR014W,YLR364W,0,1.1780583,0.2800247073173523,0.9051896333694458,0.23324665427207947
YFL034C-B,YML123C,0,1.1780342,0.279938280582428,0.9051896333694458,0.23334667086601257
YIL160C,YOR381W,0,1.1775889,0.27985188364982605,0.9051896333694458,0.23344668745994568
YDR022C,YJR034W,0,1.1766306,0.2797655761241913,0.9051896333694458,0.23354670405387878
YML045W-A,YBR042C,0,1.1763989,0.2796792984008789,0.9051896333694458,0.23364673554897308
YIL002C,YML019W,0,1.175882,0.2795930802822113,0.9051896333694458,0.2337467521429062
YGR148C,YLR433C,0,1.1747924,0.2795069217681885,0.9051896333694458,0.2338467687368393
YCL034W,YNL297C,0,1.1739303,0.2794208228588104,0.9051896333694458,0.2339467853307724
YHR034C,YDR307W,0,1.1733029,0.27933478355407715,0.9051896333694458,0.2340468019247055
YML046W,YGR062C,0,1.1725324,0.27924877405166626,0.9051896333694458,0.2341468334197998
YOR115C,YDR281C,0,1.1721426,0.27916282415390015,0.9051896333694458,0.2342468500137329
YJL106W,YOL155C,0,1.172063,0.2790769338607788,0.9051896333694458,0.23434686660766602
YLR330W,YGR121C,0,1.1720454,0.27899107336997986,0.9051896333694458,0.23444688320159912
YMR046C,YER098W,0,1.1719209,0.27890530228614807,0.9051896333694458,0.23454691469669342
YOR301W,YIR021W,0,1.1718489,0.27881956100463867,0.9051896333694458,0.23464693129062653
YBR257W,YNL257C,0,1.1716126,0.27873387932777405,0.9051896333694458,0.23474694788455963
YIL158W,YLR410W-B,0,1.1715847,0.2786482274532318,0.9051896333694458,0.23484696447849274
YAL063C,YGR132C,0,1.1711242,0.27856266498565674,0.9051896333694458,0.23494699597358704
YLR325C,YER012W,0,1.1707748,0.27847713232040405,0.9051896333694458,0.23504701256752014
YDR221W,YFL041W,0,1.170672,0.27839165925979614,0.9051896333694458,0.23514702916145325
YJR065C,YOR371C,0,1.1705366,0.2783062160015106,0.9051896333694458,0.23524704575538635
YER111C,YKL137W,0,1.1703678,0.27822086215019226,0.9051896333694458,0.23534706234931946
YGL008C,YEL042W,0,1.1690906,0.2781355381011963,0.9051896333694458,0.23544709384441376
YJL190C,YIL132C,0,1.1681865,0.2780502736568451,0.9051896333694458,0.23554711043834686
YOR343W-A,YDL214C,0,1.1677434,0.27796506881713867,0.9051896333694458,0.23564712703227997
YPL244C,YOR221C,0,1.1674718,0.27787989377975464,0.9051896333694458,0.23574714362621307
YER185W,YOL129W,0,1.1671337,0.27779480814933777,0.9051896333694458,0.23584717512130737
YKR019C,YHL019C,0,1.1661099,0.2777097225189209,0.9051896333694458,0.23594719171524048
YOR355W,YKL152C,0,1.1659013,0.2776247262954712,0.9051896333694458,0.23604720830917358
YCR040W,YDR196C,0,1.1657723,0.27753978967666626,0.9051896333694458,0.2361472249031067
YPL240C,YMR273C,0,1.1649411,0.2774548828601837,0.9051896333694458,0.236247256398201
YGR108W,YBR223C,0,1.164547,0.27737003564834595,0.9051896333694458,0.2363472729921341
YPL211W,YGR231C,0,1.1639446,0.27728524804115295,0.9051896333694458,0.2364472895860672
YPL092W,YPR178W,0,1.1632735,0.27720049023628235,0.9051896333694458,0.2365473061800003
YML094W,YJL192C,0,1.1623067,0.2771157920360565,0.9051896333694458,0.2366473227739334
YNL148C,YPR127W,0,1.1622263,0.27703115344047546,0.9051896333694458,0.2367473542690277
YPR058W,YER174C,0,1.1619188,0.2769465744495392,0.9051896333694458,0.23684737086296082
YHR214C-B,YLR430W,0,1.1609946,0.2768620252609253,0.9051896333694458,0.23694738745689392
YNL026W,YGR034W,0,1.1591145,0.2767775356769562,0.9051896333694458,0.23704740405082703
YLR350W,YPL196W,0,1.1587685,0.27669310569763184,0.9051896333694458,0.23714743554592133
YPR041W,YDR388W,0,1.1585699,0.27660873532295227,0.9051896333694458,0.23724745213985443
YKR054C,YGR038C-B,0,1.1568896,0.2765243947505951,0.9051896333694458,0.23734746873378754
YBR159W,YDL099W,0,1.1567696,0.2764401137828827,0.9051896333694458,0.23744748532772064
YDL017W,YBR281C,0,1.1565591,0.27635589241981506,0.9051896333694458,0.23754751682281494
YDR031W,YOL070C,0,1.1563221,0.2762717008590698,0.9051896333694458,0.23764753341674805
YMR228W,YBR297W,0,1.1562184,0.27618756890296936,0.9051896333694458,0.23774755001068115
YBR240C,YKL173W,0,1.1561404,0.27610349655151367,0.9051896333694458,0.23784756660461426
YMR165C,YDR316W-A,0,1.1558051,0.27601948380470276,0.9051896333694458,0.23794758319854736
YHR026W,YER173W,0,1.1557701,0.27593550086021423,0.9051896333694458,0.23804761469364166
YGR162W,YGL162W,0,1.1542916,0.2758515775203705,0.9051896333694458,0.23814763128757477
YGR108W,YCL074W,0,1.1541983,0.2757677137851715,0.9051896333694458,0.23824764788150787
YNL274C,YEL022W,0,1.1535718,0.2756838798522949,0.9051896333694458,0.23834766447544098
YOR142W-A,YAL047C,0,1.1534244,0.2756001353263855,0.9051896333694458,0.23844769597053528
YGL249W,YDR058C,0,1.1531383,0.2755163908004761,0.9051896333694458,0.23854771256446838
YPL123C,YHR050W,0,1.1530619,0.2754327356815338,0.9051896333694458,0.2386477291584015
YPL258C,YMR070W,0,1.1529244,0.27534911036491394,0.9051896333694458,0.2387477457523346
YGR275W,YJL082W,0,1.1522375,0.27526554465293884,0.9051896333694458,0.2388477623462677
YCR033W,YKR028W,0,1.1520606,0.2751820385456085,0.9051896333694458,0.238947793841362
YKL096W,YOL105C,0,1.151914,0.2750985622406006,0.9051896333694458,0.2390478104352951
YGR059W,YGL244W,0,1.1512926,0.2750151753425598,0.9051896333694458,0.2391478270292282
YKL210W,YCL036W,0,1.1506923,0.27493178844451904,0.9051896333694458,0.23924784362316132
YDR330W,YOR162C,0,1.149918,0.27484849095344543,0.9051896333694458,0.23934787511825562
YPR137C-A,YOL103W,0,1.1486292,0.2747652232646942,0.9051896333694458,0.23944789171218872
YOR106W,YJL141C,0,1.1482196,0.27468201518058777,0.9051896333694458,0.23954790830612183
YHR044C,YHR041C,0,1.1475298,0.2745988368988037,0.9051896333694458,0.23964792490005493
YNL223W,YNL225C,0,1.1471921,0.2745157480239868,0.9051896333694458,0.23974795639514923
YOR128C,YDR400W,0,1.145654,0.2744326889514923,0.9051896333694458,0.23984797298908234
YER011W,YML028W,0,1.1456047,0.2743496596813202,0.9051896333694458,0.23994798958301544
YDL206W,YGR192C,0,1.1441002,0.27426671981811523,0.9051896333694458,0.24004800617694855
YOL057W,YMR168C,0,1.1436754,0.27418380975723267,0.9051896333694458,0.24014802277088165
YGL174W,YKL007W,0,1.1436598,0.2741009294986725,0.9051896333694458,0.24024805426597595
YIL128W,YNL321W,0,1.1427613,0.27401813864707947,0.9051896333694458,0.24034807085990906
YJR063W,YNR049C,0,1.1423427,0.27393537759780884,0.9051896333694458,0.24044808745384216
YER120W,YOR182C,0,1.1417357,0.2738526463508606,0.9051896333694458,0.24054810404777527
YDR170C,YER153C,0,1.1416209,0.2737700045108795,0.9051896333694458,0.24064813554286957
YJR047C,YDR388W,0,1.1408442,0.2736873924732208,0.9051896333694458,0.24074815213680267
YDR033W,YBR205W,0,1.1398193,0.2736048400402069,0.9051896333694458,0.24084816873073578
YBR183W,YPR104C,0,1.1382407,0.2735223174095154,0.9051896333694458,0.24094818532466888
YDR297W,YGL251C,0,1.1374176,0.27343985438346863,0.9051896333694458,0.24104821681976318
YLR043C,YIL016W,0,1.1368607,0.27335745096206665,0.9051896333694458,0.2411482334136963
YCR053W,YGL250W,0,1.1367685,0.27327507734298706,0.9051896333694458,0.2412482500076294
YDR409W,YOR171C,1,1.1366228,0.2734939754009247,0.9061876535415649,0.2412482500076294
YDR510W,YLR404W,1,1.1363814,0.27371272444725037,0.9071856141090393,0.2412482500076294
YPR026W,YNR003C,0,1.1359862,0.2736303508281708,0.9071856141090393,0.2413482666015625
YHL034C,YDR011W,0,1.1359385,0.2735480070114136,0.9071856141090393,0.2414482831954956
YOR245C,YPR165W,0,1.1346065,0.27346569299697876,0.9071856141090393,0.2415483146905899
YDL079C,YDR206W,0,1.1344713,0.2733834683895111,0.9071856141090393,0.241648331284523
YGR038C-A,YLL041C,0,1.1338354,0.27330127358436584,0.9071856141090393,0.24174834787845612
YDR017C,YDL246C,0,1.1336101,0.27321910858154297,0.9071856141090393,0.24184836447238922
YMR323W,YOR077W,0,1.1334347,0.27313703298568726,0.9071856141090393,0.24194839596748352
YGR072W,YKR013W,0,1.132351,0.27305495738983154,0.9071856141090393,0.24204841256141663
YNR063W,YOL062C,0,1.1317058,0.272972971200943,0.9071856141090393,0.24214842915534973
YBR010W,YHR116W,0,1.131095,0.27289101481437683,0.9071856141090393,0.24224844574928284
YMR321C,YBR223C,0,1.1299795,0.27280911803245544,0.9071856141090393,0.24234846234321594
YKR028W,YBR026C,0,1.1293486,0.27272728085517883,0.9071856141090393,0.24244849383831024
YDR409W,YPR171W,1,1.1282674,0.2729454040527344,0.9081836342811584,0.24244849383831024
YDR038C,YBR239C,0,1.1280695,0.27286356687545776,0.9081836342811584,0.24254851043224335
YPL057C,YPL084W,0,1.1280137,0.2727817893028259,0.9081836342811584,0.24264852702617645
YDL079C,YKL015W,0,1.1278187,0.2727000415325165,0.9081836342811584,0.24274854362010956
YGR116W,YDR261C-C,0,1.1275603,0.2726183235645294,0.9081836342811584,0.24284857511520386
YBR222C,YHR085W,0,1.127294,0.2725366950035095,0.9081836342811584,0.24294859170913696
YPL106C,YOR351C,0,1.1265826,0.272455096244812,0.9081836342811584,0.24304860830307007
YER133W,YOR037W,0,1.1260444,0.2723735272884369,0.9081836342811584,0.24314862489700317
YEL042W,YKL094W,0,1.1258872,0.27229204773902893,0.9081836342811584,0.24324865639209747
YDR477W,YHR121W,0,1.1257983,0.27221059799194336,0.9081836342811584,0.24334867298603058
YFL039C,YHL040C,0,1.1249369,0.2721291780471802,0.9081836342811584,0.24344868957996368
YEL038W,YGR037C,0,1.1243252,0.27204781770706177,0.9081836342811584,0.2435487061738968
YGL150C,YPL157W,0,1.1241423,0.27196651697158813,0.9081836342811584,0.2436487227678299
YMR210W,YLR410W,0,1.1235105,0.2718852758407593,0.9081836342811584,0.2437487542629242
YGL123W,YDL115C,0,1.12344,0.2718040645122528,0.9081836342811584,0.2438487708568573
YNR054C,YGR038C-B,0,1.123048,0.2717229127883911,0.9081836342811584,0.2439487874507904
YOR125C,YER114C,0,1.1229688,0.2716417908668518,0.9081836342811584,0.2440488040447235
YLR157C-A,YDR462W,0,1.1220099,0.2715607285499573,0.9081836342811584,0.2441488355398178
YGR195W,YHL009W-B,0,1.1214491,0.2714797258377075,0.9081836342811584,0.24424885213375092
YGR009C,YPR171W,0,1.120557,0.27139875292778015,0.9081836342811584,0.24434886872768402
YPL113C,YMR099C,0,1.120357,0.27131783962249756,0.9081836342811584,0.24444888532161713
YGL150C,YER174C,0,1.1202854,0.27123695611953735,0.9081836342811584,0.24454891681671143
YER119C,YOR355W,0,1.1200546,0.2711561322212219,0.9081836342811584,0.24464893341064453
YFR015C,YDR346C,0,1.1200403,0.27107536792755127,0.9081836342811584,0.24474895000457764
YDR210C-C,YPL099C,0,1.1196157,0.270994633436203,0.9081836342811584,0.24484896659851074
YBR287W,YGR172C,0,1.1194724,0.2709139585494995,0.9081836342811584,0.24494898319244385
YJR033C,YNL206C,0,1.1194512,0.2708333432674408,0.9081836342811584,0.24504901468753815
YML026C,YAL061W,0,1.1193243,0.27075275778770447,0.9081836342811584,0.24514903128147125
YJR093C,YGR062C,0,1.1183435,0.2706722319126129,0.9081836342811584,0.24524904787540436
YGR032W,YDR129C,1,1.1181029,0.2708890736103058,0.9091816544532776,0.24524904787540436
YPR018W,YDR379W,0,1.1171247,0.27080854773521423,0.9091816544532776,0.24534906446933746
YBR156C,YOL064C,0,1.1170135,0.27072808146476746,0.9091816544532776,0.24544909596443176
YFR029W,YMR117C,0,1.116725,0.27064764499664307,0.9091816544532776,0.24554911255836487
YDL147W,YJL093C,0,1.1156362,0.27056726813316345,0.9091816544532776,0.24564912915229797
YIL171W,YGL225W,0,1.1155934,0.2704869210720062,0.9091816544532776,0.24574914574623108
YMR269W,YLR120C,0,1.1154214,0.27040666341781616,0.9091816544532776,0.24584917724132538
YKL065C,YEL077C,0,1.1153167,0.2703264057636261,0.9091816544532776,0.24594919383525848
YGL001C,YER162C,0,1.1149287,0.2702462077140808,0.9091816544532776,0.2460492104291916
YNL316C,YEL016C,0,1.1142794,0.2701660692691803,0.9091816544532776,0.2461492270231247
YGR198W,YFR024C,1,1.113396,0.27038243412971497,0.910179615020752,0.2461492270231247
YHR085W,YIL084C,0,1.1123203,0.27030232548713684,0.910179615020752,0.2462492436170578
YML097C,YMR236W,0,1.112083,0.2702222168445587,0.910179615020752,0.2463492751121521
YOR133W,YOR171C,0,1.1115831,0.27014216780662537,0.910179615020752,0.2464492917060852
YJL114W,YMR166C,0,1.1113797,0.2700621783733368,0.910179615020752,0.2465493083000183
YDL099W,YOL043C,0,1.1101545,0.269982248544693,0.910179615020752,0.24664932489395142
YBR245C,YKL157W,0,1.1100574,0.2699023485183716,0.910179615020752,0.24674935638904572
YOL130W,YMR281W,0,1.1096839,0.26982247829437256,0.910179615020752,0.24684937298297882
YJR013W,YDR058C,0,1.1091708,0.2697426676750183,0.910179615020752,0.24694938957691193
YGR279C,YER137C,0,1.1070044,0.26966291666030884,0.910179615020752,0.24704940617084503
YDR074W,YER147C,0,1.1069716,0.26958319544792175,0.910179615020752,0.24714942276477814
YDR520C,YPL257W-A,0,1.1065542,0.26950353384017944,0.910179615020752,0.24724945425987244
YCR011C,YHR207C,0,1.105811,0.2694239318370819,0.910179615020752,0.24734947085380554
YOR307C,YGL241W,0,1.1051685,0.26934435963630676,0.910179615020752,0.24744948744773865
YKR029C,YHR039C-A,0,1.1047224,0.2692648470401764,0.910179615020752,0.24754950404167175
YLR459W,YML070W,0,1.1035948,0.2691853642463684,0.910179615020752,0.24764953553676605
YDR510W,YIL140W,1,1.1035651,0.26940101385116577,0.9111776351928711,0.24764953553676605
YDR261C-D,YNL292W,0,1.1034392,0.2693215310573578,0.9111776351928711,0.24774955213069916
YOR171C,YBR299W,0,1.1033938,0.2692421078681946,0.9111776351928711,0.24784956872463226
YEL037C,YGR038C-B,0,1.1028352,0.26916274428367615,0.9111776351928711,0.24794958531856537
YBR058C,YPL271W,0,1.1016693,0.2690834105014801,0.9111776351928711,0.24804961681365967
YKL164C,YNL212W,0,1.1015528,0.26900413632392883,0.9111776351928711,0.24814963340759277
YCR081W,YIR022W,0,1.1010288,0.26892489194869995,0.9111776351928711,0.24824965000152588
YGR221C,YOR367W,0,1.1010284,0.26884570717811584,0.9111776351928711,0.24834966659545898
YDR510W,YLR314C,1,1.1009012,0.2690609395503998,0.9121756553649902,0.24834966659545898
YOR192C-B,YJL090C,0,1.1002893,0.2689817547798157,0.9121756553649902,0.2484496831893921
YGR032W,YER095W,0,1.0988446,0.26890262961387634,0.9121756553649902,0.2485497146844864
YNL330C,YNR060W,0,1.0978829,0.2688235342502594,0.9121756553649902,0.2486497312784195
YJL187C,YDL083C,0,1.0978314,0.26874449849128723,0.9121756553649902,0.2487497478723526
YFL022C,YDR316W-A,0,1.0967987,0.26866549253463745,0.9121756553649902,0.2488497644662857
YLR459W,YOR174W,0,1.0953099,0.26858654618263245,0.9121756553649902,0.24894979596138
YDR155C,YIL050W,0,1.0947095,0.26850762963294983,0.9121756553649902,0.2490498125553131
YGL156W,YDR118W,0,1.0946649,0.268428772687912,0.9121756553649902,0.24914982914924622
YHR057C,YNL162W,0,1.0946532,0.2683499753475189,0.9121756553649902,0.24924984574317932
YER162C,YHR061C,0,1.0945748,0.26827120780944824,0.9121756553649902,0.24934987723827362
YOL107W,YER069W,0,1.0940008,0.26819249987602234,0.9121756553649902,0.24944989383220673
YNL244C,YOR192C-B,0,1.0934709,0.2681138217449188,0.9121756553649902,0.24954991042613983
YFL057C,YDL077C,0,1.0933889,0.2680352032184601,0.9121756553649902,0.24964992702007294
YNL335W,YML121W,0,1.0924073,0.26795661449432373,0.9121756553649902,0.24974994361400604
YKL198C,YKL064W,0,1.0922779,0.26787808537483215,0.9121756553649902,0.24984997510910034
YJL019W,YAL014C,0,1.0916711,0.26779958605766296,0.9121756553649902,0.24994999170303345
YGR048W,YHL009W-B,0,1.0916691,0.26772114634513855,0.9121756553649902,0.25005000829696655
YDL035C,YPR024W,0,1.0916482,0.2676427662372589,0.9121756553649902,0.25015002489089966
YOR175C,YBR145W,0,1.0901729,0.26756441593170166,0.9121756553649902,0.25025004148483276
YJR149W,YBR118W,0,1.0895838,0.2674860954284668,0.9121756553649902,0.25035005807876587
YBR293W,YDR034C-C,0,1.0895832,0.2674078345298767,0.9121756553649902,0.25045010447502136
YBL040C,YML038C,0,1.0894492,0.2673296332359314,0.9121756553649902,0.25055012106895447
YGR041W,YDR518W,0,1.0886635,0.26725146174430847,0.9121756553649902,0.2506501376628876
YOR224C,YDR326C,0,1.0882559,0.2671733498573303,0.9121756553649902,0.2507501542568207
YNR020C,YER103W,0,1.0873262,0.26709526777267456,0.9121756553649902,0.2508501708507538
YDR263C,YJL165C,0,1.0872482,0.2670172452926636,0.9121756553649902,0.2509501874446869
YOR293W,YHR050W,0,1.0870568,0.266939252614975,0.9121756553649902,0.25105020403862
YML128C,YOL044W,0,1.0858133,0.26686131954193115,0.9121756553649902,0.2511502206325531
YBR291C,YPL060C-A,0,1.0855836,0.2667834162712097,0.9121756553649902,0.2512502372264862
YKL130C,YER169W,0,1.085451,0.26670557260513306,0.9121756553649902,0.2513502836227417
YDR409W,YOR336W,0,1.0850242,0.2666277587413788,0.9121756553649902,0.2514503002166748
YAR071W,YLR138W,0,1.0841033,0.2665500044822693,0.9121756553649902,0.2515503168106079
YJR010W,YGL201C,0,1.0837854,0.26647230982780457,0.9121756553649902,0.251650333404541
YFR003C,YDR365W-B,0,1.083505,0.26639464497566223,0.9121756553649902,0.2517503499984741
YGL161C,YDL109C,0,1.083182,0.2663170099258423,0.9121756553649902,0.2518503665924072
YDR466W,YDR245W,0,1.0821103,0.2662394344806671,0.9121756553649902,0.25195038318634033
YOR391C,YLL010C,0,1.0821059,0.2661619186401367,0.9121756553649902,0.25205039978027344
YJR033C,YFR004W,0,1.0815824,0.2660844326019287,0.9121756553649902,0.25215041637420654
YLR174W,YDL043C,0,1.0814286,0.2660069763660431,0.9121756553649902,0.25225046277046204
YPR048W,YGR247W,0,1.0809652,0.26592957973480225,0.9121756553649902,0.25235047936439514
YEL062W,YER082C,0,1.0808924,0.2658522427082062,0.9121756553649902,0.25245049595832825
YDL141W,YER030W,0,1.0807629,0.2657749354839325,0.9121756553649902,0.25255051255226135
YNL186W,YBR299W,0,1.0804728,0.2656976878643036,0.9121756553649902,0.25265052914619446
YPL257W-A,YPL240C,0,1.080141,0.26562047004699707,0.9121756553649902,0.25275054574012756
YHL008C,YLR028C,0,1.0791496,0.26554328203201294,0.9121756553649902,0.25285056233406067
YJL134W,YMR203W,0,1.0787561,0.2654661536216736,0.9121756553649902,0.2529505789279938
YOR301W,YMR070W,0,1.0786928,0.265389084815979,0.9121756553649902,0.2530505955219269
YGR105W,YNR056C,0,1.0782976,0.2653120458126068,0.9121756553649902,0.2531506419181824
YLR336C,YDR423C,0,1.0781022,0.2652350664138794,0.9121756553649902,0.2532506585121155
YJL019W,YNL166C,0,1.0774698,0.26515811681747437,0.9121756553649902,0.2533506751060486
YJL190C,YDL058W,0,1.0769811,0.2650811970233917,0.9121756553649902,0.2534506916999817
YMR296C,YML018C,0,1.0762111,0.26500433683395386,0.9121756553649902,0.2535507082939148
YPL274W,YBR073W,0,1.0760728,0.26492753624916077,0.9121756553649902,0.2536507248878479
YDR252W,YDL095W,0,1.075832,0.26485076546669006,0.9121756553649902,0.253750741481781
YMR068W,YAL031C,0,1.0747865,0.26477405428886414,0.9121756553649902,0.2538507580757141
YAR019C,YDL030W,0,1.0747169,0.2646973729133606,0.9121756553649902,0.2539508044719696
YLR160C,YOL108C,0,1.0733246,0.26462072134017944,0.9121756553649902,0.2540508210659027
YBR092C,YAL024C,0,1.0729712,0.26454412937164307,0.9121756553649902,0.2541508376598358
YMR164C,YHR010W,0,1.0724565,0.26446759700775146,0.9121756553649902,0.2542508542537689
YMR045C,YBL024W,0,1.0724443,0.26439109444618225,0.9121756553649902,0.254350870847702
YMR122W-A,YDR159W,0,1.0717102,0.2643146216869354,0.9121756553649902,0.25445088744163513
YML128C,YJL106W,0,1.0704689,0.2642382085323334,0.9121756553649902,0.25455090403556824
YFL004W,YIL035C,0,1.0696902,0.2641618549823761,0.9121756553649902,0.25465092062950134
YMR298W,YGL232W,0,1.0692412,0.2640855312347412,0.9121756553649902,0.25475093722343445
YJL160C,YJR139C,0,1.0685232,0.2640092372894287,0.9121756553649902,0.25485098361968994
YGR281W,YDR261C-C,0,1.0681207,0.263933002948761,0.9121756553649902,0.25495100021362305
YDR221W,YOR100C,0,1.0670589,0.26385679841041565,0.9121756553649902,0.25505101680755615
YOR311C,YDR512C,0,1.0664905,0.2637806534767151,0.9121756553649902,0.25515103340148926
YDR163W,YDR388W,0,1.0663165,0.2637045681476593,0.9121756553649902,0.25525104999542236
YOL019W,YDL064W,0,1.0661063,0.2636284828186035,0.9121756553649902,0.25535106658935547
YMR296C,YDR242W,0,1.0651346,0.2635524868965149,0.9121756553649902,0.2554510831832886
YGL150C,YOR295W,0,1.0647122,0.26347652077674866,0.9121756553649902,0.2555510997772217
YKL090W,YDL236W,0,1.0644523,0.2634005844593048,0.9121756553649902,0.2556511163711548
YOR005C,YKL049C,0,1.0643262,0.26332467794418335,0.9121756553649902,0.2557511627674103
YBR187W,YMR204C,0,1.0639324,0.26324886083602905,0.9121756553649902,0.2558511793613434
YEL017C-A,YKL216W,0,1.0633248,0.26317304372787476,0.9121756553649902,0.2559511959552765
YER091C,YMR023C,0,1.0629536,0.26309728622436523,0.9121756553649902,0.2560512125492096
YFR006W,YIL170W,0,1.0628518,0.2630215883255005,0.9121756553649902,0.2561512291431427
YGR249W,YPL127C,0,1.0627971,0.26294592022895813,0.9121756553649902,0.2562512457370758
YMR198W,YKL156W,0,1.0623971,0.26287028193473816,0.9121756553649902,0.2563512623310089
YER083C,YMR119W,0,1.0623218,0.26279470324516296,0.9121756553649902,0.256451278924942
YEL071W,YOR076C,0,1.0620059,0.26271918416023254,0.9121756553649902,0.2565512955188751
YPR158C-C,YKL018W,0,1.0608965,0.2626436650753021,0.9121756553649902,0.2566513419151306
YLR009W,YDR423C,0,1.0592324,0.26256823539733887,0.9121756553649902,0.2567513585090637
YBR055C,YEL013W,0,1.0589262,0.2624928057193756,0.9121756553649902,0.2568513751029968
YGL003C,YER153C,0,1.0588263,0.2624174654483795,0.9121756553649902,0.25695139169692993
YKL160W,YLR423C,0,1.0580649,0.2623421251773834,0.9121756553649902,0.25705140829086304
YJR033C,YKR037C,0,1.0576861,0.2622668445110321,0.9121756553649902,0.25715142488479614
YDR436W,YPL177C,0,1.0576652,0.26219162344932556,0.9121756553649902,0.25725144147872925
YER131W,YAL041W,0,1.057076,0.2621164321899414,0.9121756553649902,0.25735145807266235
YGR288W,YBR154C,0,1.055922,0.26204127073287964,0.9121756553649902,0.25745150446891785
YOL044W,YOR192C-B,0,1.0546484,0.26196616888046265,0.9121756553649902,0.25755152106285095
YHR136C,YEL061C,0,1.0543194,0.26189112663269043,0.9121756553649902,0.25765153765678406
YDL226C,YMR213W,0,1.0540773,0.2618160843849182,0.9121756553649902,0.25775155425071716
YGR289C,YDR379W,0,1.0540437,0.26174113154411316,0.9121756553649902,0.25785157084465027
YML039W,YHR028C,0,1.0536942,0.2616661787033081,0.9121756553649902,0.2579515874385834
YLR038C,YBR257W,0,1.0533849,0.2615912854671478,0.9121756553649902,0.2580516040325165
YHR042W,YJL114W,0,1.0522059,0.2615164518356323,0.9121756553649902,0.2581516206264496
YML125C,YNL172W,0,1.0513457,0.2614416480064392,0.9121756553649902,0.2582516372203827
YHR005C-A,YIL115C,0,1.0503002,0.2613668739795685,0.9121756553649902,0.2583516836166382
YNR023W,YPL069C,0,1.0499238,0.26129215955734253,0.9121756553649902,0.2584517002105713
YOR210W,YNR001C,0,1.0499004,0.26121750473976135,0.9121756553649902,0.2585517168045044
YMR276W,YLR318W,0,1.0494229,0.2611428499221802,0.9121756553649902,0.2586517333984375
YER094C,YHR012W,0,1.0485965,0.2610682547092438,0.9121756553649902,0.2587517499923706
YLR119W,YNL222W,0,1.0484096,0.26099371910095215,0.9121756553649902,0.2588517665863037
YPR156C,YCL069W,0,1.0483063,0.2609192132949829,0.9121756553649902,0.2589517831802368
YHR188C,YPL066W,0,1.0482019,0.26084473729133606,0.9121756553649902,0.2590517997741699
YNL107W,YDR394W,0,1.0480889,0.260770320892334,0.9121756553649902,0.259151816368103
YLL029W,YDR381C-A,0,1.04799,0.2606959640979767,0.9121756553649902,0.2592518627643585
YHR027C,YGL055W,0,1.0467067,0.2606216073036194,0.9121756553649902,0.2593518793582916
YKR039W,YMR109W,0,1.0465127,0.26054731011390686,0.9121756553649902,0.25945189595222473
YJL002C,YCL004W,0,1.0459737,0.2604730725288391,0.9121756553649902,0.25955191254615784
YKL137W,YGL065C,0,1.0457734,0.26039886474609375,0.9121756553649902,0.25965192914009094
YHR057C,YGR034W,0,1.0454973,0.2603246867656708,0.9121756553649902,0.25975194573402405
YGR158C,YLR251W,0,1.0453453,0.2602505683898926,0.9121756553649902,0.25985196232795715
YLR251W,YDL245C,0,1.0453299,0.26017647981643677,0.9121756553649902,0.25995197892189026
YJR075W,YNL091W,0,1.0447575,0.26010245084762573,0.9121756553649902,0.26005199551582336
YDR394W,YOL027C,0,1.0447531,0.2600284516811371,0.9121756553649902,0.26015204191207886
YGR109C,YJR091C,0,1.0443074,0.2599544823169708,0.9121756553649902,0.26025205850601196
YDR222W,YIL135C,0,1.0435259,0.25988057255744934,0.9121756553649902,0.26035207509994507
YBL003C,YCR079W,0,1.0432963,0.25980672240257263,0.9121756553649902,0.2604520916938782
YJL206C,YPL236C,0,1.0423294,0.2597328722476959,0.9121756553649902,0.2605521082878113
YHR026W,YHR008C,0,1.0416241,0.259659081697464,0.9121756553649902,0.2606521248817444
YIL131C,YGR013W,0,1.0414718,0.25958535075187683,0.9121756553649902,0.2607521414756775
YPL090C,YGR195W,0,1.0410475,0.25951164960861206,0.9121756553649902,0.2608521580696106
YLR133W,YLR418C,0,1.0397252,0.2594379782676697,0.9121756553649902,0.2609522044658661
YDR299W,YBR059C,0,1.039554,0.25936436653137207,0.9121756553649902,0.2610522210597992
YJR082C,YDL024C,0,1.0393829,0.25929078459739685,0.9121756553649902,0.2611522376537323
YBR192W,YPR082C,0,1.0390669,0.259217232465744,0.9121756553649902,0.2612522542476654
YDR410C,YEL020C,0,1.0377537,0.25914373993873596,0.9121756553649902,0.2613522708415985
YIL082W-A,YHR191C,0,1.0372661,0.2590703070163727,0.9121756553649902,0.2614522874355316
YOR142W-A,YKL212W,0,1.0365258,0.2589968740940094,0.9121756553649902,0.2615523040294647
YER122C,YIL108W,0,1.0362784,0.2589235007762909,0.9121756553649902,0.2616523206233978
YDR472W,YDL197C,0,1.0355233,0.25885018706321716,0.9121756553649902,0.26175233721733093
YLR153C,YIL021W,0,1.0354762,0.2587769031524658,0.9121756553649902,0.2618523836135864
YGL168W,YLL008W,0,1.0345885,0.25870364904403687,0.9121756553649902,0.26195240020751953
YDR117C,YDR158W,0,1.0344895,0.2586304545402527,0.9121756553649902,0.26205241680145264
YLR372W,YEL030W,0,1.0343062,0.2585572898387909,0.9121756553649902,0.26215243339538574
YJR082C,YGL160W,0,1.0325466,0.2584841549396515,0.9121756553649902,0.26225244998931885
YEL012W,YPR070W,0,1.032092,0.25841107964515686,0.9121756553649902,0.26235246658325195
YFL022C,YOL092W,0,1.0316703,0.2583380341529846,0.9121756553649902,0.26245248317718506
YJL034W,YOL145C,0,1.0314626,0.25826504826545715,0.9121756553649902,0.26255249977111816
YDR155C,YML038C,0,1.03113,0.2581920921802521,0.9121756553649902,0.26265251636505127
YLR307W,YHR046C,0,1.0308274,0.2581191658973694,0.9121756553649902,0.26275256276130676
YCR024C-A,YGL048C,0,1.0305728,0.25804629921913147,0.9121756553649902,0.26285257935523987
YGL125W,YDL193W,0,1.0304297,0.25797346234321594,0.9121756553649902,0.262952595949173
YMR200W,YJL111W,0,1.0298837,0.2579006850719452,0.9121756553649902,0.2630526125431061
YDL231C,YDR158W,0,1.0284574,0.2578279376029968,0.9121756553649902,0.2631526291370392
YFR042W,YGL014W,0,1.0283905,0.25775521993637085,0.9121756553649902,0.2632526457309723
YDR167W,YCL014W,0,1.0280749,0.25768256187438965,0.9121756553649902,0.2633526623249054
YCL034W,YER048C,0,1.0280188,0.25760993361473083,0.9121756553649902,0.2634526789188385
YBR210W,YHR168W,0,1.0270091,0.2575373351573944,0.9121756553649902,0.263552725315094
YPL007C,YJL190C,0,1.0265719,0.25746479630470276,0.9121756553649902,0.2636527419090271
YLR380W,YGL226C-A,0,1.0265437,0.2573922872543335,0.9121756553649902,0.2637527585029602
YIL082W-A,YPR073C,0,1.0261308,0.2573198080062866,0.9121756553649902,0.2638527750968933
YDR498C,YAR008W,0,1.0257999,0.2572473883628845,0.9121756553649902,0.2639527916908264
YPL002C,YPR042C,0,1.0255874,0.2571750283241272,0.9121756553649902,0.2640528082847595
YDR436W,YDR072C,0,1.0254596,0.2571026682853699,0.9121756553649902,0.2641528248786926
YLR155C,YHR203C,0,1.02538,0.2570303678512573,0.9121756553649902,0.26425284147262573
YHR119W,YOL017W,0,1.0245866,0.25695809721946716,0.9121756553649902,0.26435285806655884
YMR159C,YER030W,0,1.0244654,0.2568858861923218,0.9121756553649902,0.26445290446281433
YNL014W,YER161C,0,1.0241836,0.2568137049674988,0.9121756553649902,0.26455292105674744
YKL188C,YDL184C,0,1.0240809,0.25674158334732056,0.9121756553649902,0.26465293765068054
YBR081C,YER053C,0,1.0239285,0.25666946172714233,0.9121756553649902,0.26475295424461365
YPL111W,YMR287C,0,1.0236925,0.2565974295139313,0.9121756553649902,0.26485297083854675
YIL142W,YPL087W,0,1.023539,0.2565253973007202,0.9121756553649902,0.26495298743247986
YDL108W,YKL130C,0,1.0219008,0.25645342469215393,0.9121756553649902,0.26505300402641296
YBR166C,YLR383W,0,1.021659,0.25638148188591003,0.9121756553649902,0.26515302062034607
YBR182C,YDR270W,0,1.0212055,0.2563095986843109,0.9121756553649902,0.2652530372142792
YKL119C,YHR002W,0,1.0207336,0.2562377452850342,0.9121756553649902,0.26535308361053467
YPR137C-B,YPR021C,0,1.0198563,0.25616592168807983,0.9121756553649902,0.2654531002044678
YOR142W-A,YIR033W,0,1.0193495,0.25609415769577026,0.9121756553649902,0.2655531167984009
YER019W,YGR049W,0,1.0191635,0.2560224235057831,0.9121756553649902,0.265653133392334
YKL176C,YDR314C,0,1.0190147,0.2559507191181183,0.9121756553649902,0.2657531499862671
YBR123C,YNL172W,0,1.0184325,0.2558790445327759,0.9121756553649902,0.2658531665802002
YDR453C,YOL007C,0,1.0180655,0.25580745935440063,0.9121756553649902,0.2659531831741333
YNR027W,YGR161W-B,0,1.0178351,0.2557358741760254,0.9121756553649902,0.2660531997680664
YML130C,YIL006W,0,1.0175372,0.2556643486022949,0.9121756553649902,0.2661532163619995
YGR023W,YLR404W,0,1.01721,0.25559285283088684,0.9121756553649902,0.266253262758255
YGR195W,YJR155W,0,1.0168573,0.25552138686180115,0.9121756553649902,0.2663532793521881
YHR026W,YDL215C,0,1.0166303,0.25544998049736023,0.9121756553649902,0.2664532959461212
YHR200W,YLR176C,0,1.0158838,0.2553786039352417,0.9121756553649902,0.2665533125400543
YDR409W,YDL171C,0,1.0154692,0.25530725717544556,0.9121756553649902,0.2666533291339874
YOR229W,YDR030C,0,1.0150204,0.2552359700202942,0.9121756553649902,0.26675334572792053
YAL041W,YBR176W,0,1.0140123,0.2551647126674652,0.9121756553649902,0.26685336232185364
YDR540C,YLR121C,0,1.0139781,0.2550934851169586,0.9121756553649902,0.26695337891578674
YER173W,YJL114W,0,1.0135541,0.2550223171710968,0.9121756553649902,0.26705342531204224
YBR129C,YCL052C,0,1.0135126,0.2549511790275574,0.9121756553649902,0.26715344190597534
YML015C,YJL153C,0,1.0134428,0.2548801004886627,0.9121756553649902,0.26725345849990845
YLR431C,YLR106C,0,1.0128666,0.25480902194976807,0.9121756553649902,0.26735347509384155
YKL086W,YBR278W,0,1.0117788,0.2547380030155182,0.9121756553649902,0.26745349168777466
YCR069W,YMR077C,0,1.0113434,0.2546670436859131,0.9121756553649902,0.26755350828170776
YNL152W,YDR129C,1,1.0113299,0.25487464666366577,0.9131736755371094,0.26755350828170776
YGL186C,YMR162C,0,1.0111061,0.25480368733406067,0.9131736755371094,0.26765352487564087
YGR037C,YDR331W,0,1.0110855,0.25473272800445557,0.9131736755371094,0.267753541469574
YOR301W,YGL124C,0,1.0107806,0.25466182827949524,0.9131736755371094,0.2678535580635071
YOR290C,YHL009W-A,0,1.0102023,0.2545909881591797,0.9131736755371094,0.2679536044597626
YLR080W,YNL279W,0,1.0100578,0.2545201778411865,0.9131736755371094,0.2680536210536957
YDR400W,YJL082W,0,1.0096866,0.25444939732551575,0.9131736755371094,0.2681536376476288
YER140W,YGR189C,0,1.0087863,0.25437864661216736,0.9131736755371094,0.2682536542415619
YPR158C-D,YLR298C,0,1.0087186,0.25430795550346375,0.9131736755371094,0.268353670835495
YHR140W,YJL052W,0,1.008057,0.2542372941970825,0.9131736755371094,0.2684536874294281
YNL270C,YJL085W,0,1.0066974,0.2541666626930237,0.9131736755371094,0.2685537040233612
YBR166C,YDR069C,0,1.0065137,0.2540960907936096,0.9131736755371094,0.2686537206172943
YNL283C,YMR068W,0,1.0064044,0.25402554869651794,0.9131736755371094,0.2687537372112274
YCL043C,YJL095W,0,1.0064031,0.25395503640174866,0.9131736755371094,0.2688537836074829
YPR081C,YCR094W,0,1.0058426,0.25388458371162415,0.9131736755371094,0.268953800201416
YOR285W,YGL173C,0,1.0056906,0.253814160823822,0.9131736755371094,0.2690538167953491
YMR176W,YGR192C,0,1.0052311,0.2537437677383423,0.9131736755371094,0.2691538333892822
YOL108C,YMR036C,0,1.004298,0.25367340445518494,0.9131736755371094,0.26925384998321533
YDR510W,YPR055W,1,1.004188,0.25388026237487793,0.9141716361045837,0.26925384998321533
YGR249W,YOR243C,0,1.0040193,0.25380992889404297,0.9141716361045837,0.26935386657714844
YKR019C,YOL072W,0,1.0039214,0.2537396252155304,0.9141716361045837,0.26945388317108154
YJL198W,YPL159C,0,1.0038556,0.2536693513393402,0.9141716361045837,0.26955389976501465
YGL020C,YBR057C,0,1.0036824,0.2535991072654724,0.9141716361045837,0.26965391635894775
YOR025W,YHR141C,0,1.0035888,0.2535289227962494,0.9141716361045837,0.26975396275520325
YDR261C-D,YDL079C,0,1.0029758,0.25345876812934875,0.9141716361045837,0.26985397934913635
YER173W,YIL039W,0,1.0027916,0.2533886730670929,0.9141716361045837,0.26995399594306946
YJL079C,YOR007C,0,1.0026329,0.25331857800483704,0.9141716361045837,0.27005401253700256
YMR278W,YPR121W,0,1.0022553,0.25324854254722595,0.9141716361045837,0.27015402913093567
YJR159W,YPL047W,0,1.0021969,0.25317853689193726,0.9141716361045837,0.2702540457248688
YDR261C-D,YNL153C,0,1.0015403,0.25310859084129333,0.9141716361045837,0.2703540623188019
YHR207C,YPL085W,0,1.0014309,0.2530386745929718,0.9141716361045837,0.270454078912735
YPL257W-A,YIL042C,0,1.0011828,0.25296878814697266,0.9141716361045837,0.2705541253089905
YDR390C,YPL050C,0,1.0005704,0.2528989613056183,0.9141716361045837,0.2706541419029236
YNL152W,YLR429W,1,1.0005292,0.25310516357421875,0.9151696562767029,0.2706541419029236
YCR037C,YPR194C,0,1.0004886,0.253035306930542,0.9151696562767029,0.2707541584968567
YGR227W,YPR112C,0,1.000269,0.25296550989151,0.9151696562767029,0.2708541750907898
YLR144C,YER126C,0,0.9992734,0.2528957426548004,0.9151696562767029,0.2709541916847229
YGL032C,YOR221C,0,0.99888444,0.2528260350227356,0.9151696562767029,0.271054208278656
YER150W,YNR011C,0,0.9988034,0.2527563273906708,0.9151696562767029,0.2711542248725891
YDR409W,YHR016C,1,0.99843204,0.25296226143836975,0.916167676448822,0.2711542248725891
YOR292C,YGL227W,0,0.99822533,0.25289255380630493,0.916167676448822,0.2712542414665222
YHR089C,YNL093W,0,0.9981984,0.2528229057788849,0.916167676448822,0.2713542580604553
YBL069W,YLR120C,0,0.9981612,0.2527533173561096,0.916167676448822,0.2714543044567108
YOL149W,YEL022W,0,0.9981493,0.25268372893333435,0.916167676448822,0.2715543210506439
YDR270W,YCL010C,0,0.9980631,0.25261420011520386,0.916167676448822,0.271654337644577
YOR178C,YPL124W,0,0.9977013,0.25254470109939575,0.916167676448822,0.27175435423851013
YNL094W,YDR150W,1,0.9973811,0.2527502775192261,0.9171656966209412,0.27175435423851013
YLR378C,YPL186C,0,0.9971013,0.25268077850341797,0.9171656966209412,0.27185437083244324
YPL019C,YER012W,0,0.9970521,0.25261133909225464,0.9171656966209412,0.27195438742637634
YFR042W,YNL291C,0,0.99617136,0.2525418996810913,0.9171656966209412,0.27205440402030945
YGL060W,YDL130W,0,0.99614847,0.25247251987457275,0.9171656966209412,0.27215442061424255
YNL323W,YDL144C,0,0.99588466,0.252403199672699,0.9171656966209412,0.27225443720817566
YHR039C,YLR008C,0,0.9955591,0.2523338794708252,0.9171656966209412,0.27235448360443115
YMR221C,YHL013C,0,0.99539506,0.2522646188735962,0.9171656966209412,0.27245450019836426
YMR021C,YNL039W,0,0.9953201,0.2521953880786896,0.9171656966209412,0.27255451679229736
YFR041C,YBR290W,0,0.9950118,0.25212618708610535,0.9171656966209412,0.27265453338623047
YML097C,YKL042W,0,0.99426913,0.2520570456981659,0.9171656966209412,0.2727545499801636
YCL032W,YPR081C,0,0.994185,0.25198793411254883,0.9171656966209412,0.2728545665740967
YPL257W-A,YDR198C,0,0.9940108,0.25191885232925415,0.9171656966209412,0.2729545831680298
YDR291W,YAL017W,0,0.9938035,0.25184983015060425,0.9171656966209412,0.2730545997619629
YBR179C,YJR028W,0,0.9926324,0.25178080797195435,0.9171656966209412,0.273154616355896
YNL094W,YOR181W,1,0.9922756,0.2519857585430145,0.9181636571884155,0.273154616355896
YBR236C,YFL052W,0,0.99218786,0.251916766166687,0.9181636571884155,0.2732546627521515
YNL047C,YDR261C-C,0,0.99132276,0.2518478035926819,0.9181636571884155,0.2733546793460846
YDR123C,YBR019C,0,0.9909992,0.25177887082099915,0.9181636571884155,0.2734546959400177
YIR007W,YDR380W,0,0.9909674,0.2517099976539612,0.9181636571884155,0.2735547125339508
YLR130C,YNL301C,0,0.9908978,0.2516411244869232,0.9181636571884155,0.2736547291278839
YCL074W,YOL003C,0,0.9904722,0.2515723407268524,0.9181636571884155,0.273754745721817
YBR164C,YNL225C,0,0.99002063,0.2515035569667816,0.9181636571884155,0.2738547623157501
YOR304W,YOR073W,0,0.98993385,0.2514348328113556,0.9181636571884155,0.2739547789096832
YPL094C,YDR153C,0,0.98903716,0.25136610865592957,0.9181636571884155,0.2740548253059387
YFR007W,YOL133W,0,0.98902667,0.2512974739074707,0.9181636571884155,0.2741548418998718
YDR334W,YBL002W,0,0.988855,0.25122883915901184,0.9181636571884155,0.27425485849380493
YKR045C,YMR304W,0,0.9886917,0.25116026401519775,0.9181636571884155,0.27435487508773804
YCL020W,YJL111W,0,0.9880744,0.25109168887138367,0.9181636571884155,0.27445489168167114
YOR304W,YOL016C,0,0.9879707,0.25102320313453674,0.9181636571884155,0.27455490827560425
YFR041C,YGR216C,0,0.98664534,0.2509547173976898,0.9181636571884155,0.27465492486953735
YCL066W,YOR054C,0,0.9864911,0.25088629126548767,0.9181636571884155,0.27475494146347046
YKR061W,YBR154C,0,0.98638606,0.2508178949356079,0.9181636571884155,0.27485495805740356
YHR147C,YLL040C,0,0.9861685,0.25074952840805054,0.9181636571884155,0.27495500445365906
YER165W,YDR418W,0,0.9861144,0.25068119168281555,0.9181636571884155,0.27505502104759216
YMR288W,YIL080W,0,0.9856678,0.25061291456222534,0.9181636571884155,0.27515503764152527
YAR003W,YOL077C,0,0.98555696,0.2505446672439575,0.9181636571884155,0.2752550542354584
YBL021C,YJL151C,0,0.9852556,0.2504764497280121,0.9181636571884155,0.2753550708293915
YDR103W,YDR128W,0,0.98507535,0.25040826201438904,0.9181636571884155,0.2754550874233246
YLR350W,YNL264C,0,0.9842727,0.25034013390541077,0.9181636571884155,0.2755551040172577
YOR138C,YKL212W,0,0.98399055,0.2502720355987549,0.9181636571884155,0.2756551206111908
YJL144W,YOR324C,0,0.98384273,0.2502039670944214,0.9181636571884155,0.2757551372051239
YBL088C,YPL195W,0,0.98326826,0.25013595819473267,0.9181636571884155,0.2758551836013794
YMR321C,YGL131C,0,0.9831617,0.25006794929504395,0.9181636571884155,0.2759552001953125
YOR159C,YPR160W,0,0.9830719,0.25,0.9181636571884155,0.2760552167892456
YBR002C,YFL037W,0,0.9815047,0.24993208050727844,0.9181636571884155,0.2761552333831787
YKR094C,YHR098C,0,0.9814111,0.24986420571804047,0.9181636571884155,0.2762552499771118
YKL020C,YOR192C-A,0,0.98130476,0.24979636073112488,0.9181636571884155,0.2763552665710449
YOR233W,YIL068C,1,0.9802371,0.25,0.9191616773605347,0.2763552665710449
YPL274W,YOR143C,0,0.97980464,0.2499321550130844,0.9191616773605347,0.276455283164978
YMR137C,YLL042C,0,0.97972274,0.2498643547296524,0.9191616773605347,0.27655529975891113
YOR056C,YOL060C,0,0.97944903,0.24979658424854279,0.9191616773605347,0.27665531635284424
YDL205C,YOR150W,0,0.97882855,0.24972884356975555,0.9191616773605347,0.27675536274909973
YOR230W,YDL006W,0,0.97844803,0.2496611475944519,0.9191616773605347,0.27685537934303284
YML114C,YPL249C,0,0.9781275,0.24959349632263184,0.9191616773605347,0.27695539593696594
YIL063C,YLL002W,0,0.97810555,0.24952587485313416,0.9191616773605347,0.27705541253089905
YOL057W,YNL265C,0,0.97800994,0.24945828318595886,0.9191616773605347,0.27715542912483215
YBR198C,YMR099C,0,0.97764933,0.24939073622226715,0.9191616773605347,0.27725544571876526
YOR232W,YIL162W,0,0.9770334,0.24932323396205902,0.9191616773605347,0.27735546231269836
YHR061C,YKL129C,1,0.9761367,0.24952638149261475,0.9201596975326538,0.27735546231269836
YLL022C,YNL314W,0,0.9760822,0.24945887923240662,0.9201596975326538,0.27745547890663147
YGR027W-B,YGR092W,0,0.9749956,0.24939139187335968,0.9201596975326538,0.27755552530288696
YMR276W,YHR019C,0,0.97434664,0.24932396411895752,0.9201596975326538,0.27765554189682007
YKR048C,YJR036C,0,0.97374165,0.24925655126571655,0.9201596975326538,0.2777555584907532
YPR035W,YPR065W,0,0.9723464,0.24918918311595917,0.9201596975326538,0.2778555750846863
YJL123C,YMR166C,0,0.972065,0.24912185966968536,0.9201596975326538,0.2779555916786194
YDL065C,YMR289W,0,0.9717567,0.24905456602573395,0.9201596975326538,0.2780556082725525
YLR320W,YGL211W,0,0.97163904,0.24898730218410492,0.9201596975326538,0.2781556248664856
YDL005C,YJR155W,0,0.970811,0.24892008304595947,0.9201596975326538,0.2782556414604187
YML036W,YDR210W-B,0,0.9707762,0.2488529086112976,0.9201596975326538,0.2783556580543518
YLR183C,YPL092W,0,0.96977556,0.24878574907779694,0.9201596975326538,0.2784557044506073
YML063W,YDL190C,0,0.96947587,0.24871863424777985,0.9201596975326538,0.2785557210445404
YPR162C,YOR038C,0,0.9693898,0.24865156412124634,0.9201596975326538,0.2786557376384735
YOL086C,YJL056C,0,0.96895325,0.24858452379703522,0.9201596975326538,0.2787557542324066
YCL057C-A,YMR224C,0,0.96842957,0.24851751327514648,0.9201596975326538,0.2788557708263397
YDL188C,YKL034W,0,0.9682478,0.24845054745674133,0.9201596975326538,0.2789557874202728
YLR336C,YJL213W,0,0.9677347,0.24838362634181976,0.9201596975326538,0.27905580401420593
YIR015W,YDL161W,0,0.96767414,0.2483167201280594,0.9201596975326538,0.27915582060813904
YDL215C,YKL007W,0,0.9675081,0.2482498586177826,0.9201596975326538,0.27925583720207214
YNL297C,YMR266W,0,0.96658885,0.24818304181098938,0.9201596975326538,0.27935588359832764
YPL023C,YKL154W,0,0.9661616,0.24811625480651855,0.9201596975326538,0.27945590019226074
YLR381W,YDR011W,0,0.96479917,0.24804949760437012,0.9201596975326538,0.27955591678619385
YOR233W,YDL225W,1,0.96466887,0.2482517510652542,0.9211576581001282,0.27955591678619385
YGR184C,YJL092W,0,0.9643612,0.24818499386310577,0.9211576581001282,0.27965593338012695
YGL050W,YCL052C,0,0.9640099,0.24811828136444092,0.9211576581001282,0.27975594997406006
YJR026W,YLR057W,0,0.9623842,0.24805159866809845,0.9211576581001282,0.27985596656799316
YBR198C,YGR086C,0,0.9623325,0.24798496067523956,0.9211576581001282,0.27995598316192627
YDL049C,YOR140W,0,0.96206415,0.24791835248470306,0.9211576581001282,0.2800559997558594
YBR265W,YML032C,0,0.9616964,0.24785177409648895,0.9211576581001282,0.2801560163497925
YML114C,YML027W,0,0.9614513,0.24778524041175842,0.9211576581001282,0.280256062746048
YPL259C,YCR057C,0,0.96135235,0.24771873652935028,0.9211576581001282,0.2803560793399811
YLR138W,YER110C,0,0.9612974,0.24765226244926453,0.9211576581001282,0.2804560959339142
YGL250W,YAL003W,0,0.96125877,0.24758583307266235,0.9211576581001282,0.2805561125278473
YLL061W,YNL152W,0,0.96015966,0.24751944839954376,0.9211576581001282,0.2806561291217804
YPL259C,YKL064W,0,0.9601437,0.24745307862758636,0.9211576581001282,0.2807561457157135
YJL143W,YGR033C,0,0.9598328,0.24738675355911255,0.9211576581001282,0.2808561623096466
YBR057C,YDL197C,0,0.9595994,0.24732047319412231,0.9211576581001282,0.2809561789035797
YGR227W,YOL057W,0,0.9594141,0.24725422263145447,0.9211576581001282,0.2810562252998352
YGR027W-A,YPR152C,0,0.9593731,0.247188001871109,0.9211576581001282,0.2811562418937683
YOR329C,YIL095W,1,0.9592755,0.247389554977417,0.9221556782722473,0.2811562418937683
YDR416W,YEL041W,0,0.9588312,0.24732333421707153,0.9221556782722473,0.2812562584877014
YKR029C,YJL190C,0,0.95860434,0.24725715816020966,0.9221556782722473,0.2813562750816345
YDL101C,YOL088C,0,0.9584476,0.24719101190567017,0.9221556782722473,0.2814562916755676
YDR339C,YPL121C,0,0.95827484,0.24712489545345306,0.9221556782722473,0.28155630826950073
YDR476C,YOR007C,0,0.95815647,0.24705882370471954,0.9221556782722473,0.28165632486343384
YIL171W,YLR430W,0,0.9572083,0.2469927817583084,0.9221556782722473,0.28175634145736694
YBR237W,YHL001W,0,0.9570452,0.24692678451538086,0.9221556782722473,0.28185635805130005
YGR229C,YDR320C-A,0,0.95673335,0.2468608021736145,0.9221556782722473,0.28195640444755554
YER160C,YDR237W,0,0.9566568,0.24679486453533173,0.9221556782722473,0.28205642104148865
YDR369C,YNL245C,0,0.95644,0.24672897160053253,0.9221556782722473,0.28215643763542175
YDL143W,YJL194W,0,0.9562669,0.24666310846805573,0.9221556782722473,0.28225645422935486
YOR299W,YJL048C,0,0.95616055,0.2465972751379013,0.9221556782722473,0.28235647082328796
YKL176C,YKL055C,0,0.9558358,0.24653148651123047,0.9221556782722473,0.28245648741722107
YER138C,YKR022C,0,0.9549285,0.24646572768688202,0.9221556782722473,0.2825565040111542
YMR264W,YBR009C,0,0.9537884,0.24639999866485596,0.9221556782722473,0.2826565206050873
YLR427W,YGL220W,0,0.9536166,0.24633431434631348,0.9221556782722473,0.2827565371990204
YDR484W,YKL165C,0,0.95303357,0.24626865983009338,0.9221556782722473,0.2828565835952759
YDR342C,YOR354C,0,0.9527427,0.24620303511619568,0.9221556782722473,0.282956600189209
YKL201C,YOR038C,0,0.952353,0.24613745510578156,0.9221556782722473,0.2830566167831421
YOR005C,YPL122C,0,0.9522549,0.24607190489768982,0.9221556782722473,0.2831566333770752
YDR126W,YKL212W,0,0.951944,0.24600638449192047,0.9221556782722473,0.2832566499710083
YIL101C,YBR141C,0,0.9510819,0.2459409087896347,0.9221556782722473,0.2833566665649414
YER138C,YNR051C,0,0.95101833,0.24587546288967133,0.9221556782722473,0.2834566831588745
YOR278W,YAL058W,0,0.94990265,0.24581006169319153,0.9221556782722473,0.2835566997528076
YDR316W-A,YFL008W,0,0.9498435,0.24574467539787292,0.9221556782722473,0.2836567461490631
YDR131C,YGL200C,0,0.94893587,0.2456793338060379,0.9221556782722473,0.2837567627429962
YAL012W,YPL237W,0,0.94848144,0.24561403691768646,0.9221556782722473,0.2838567793369293
YDR169C,YPR047W,0,0.948213,0.2455487698316574,0.9221556782722473,0.2839567959308624
YCR057C,YDL020C,0,0.9480152,0.24548353254795074,0.9221556782722473,0.28405681252479553
YOR233W,YNL106C,1,0.94715977,0.2456839382648468,0.9231536984443665,0.28405681252479553
YER046W,YOR219C,0,0.9471308,0.24561870098114014,0.9231536984443665,0.28415682911872864
YJR032W,YGR116W,0,0.9470048,0.24555349349975586,0.9231536984443665,0.28425684571266174
YKL064W,YIL051C,0,0.946669,0.24548831582069397,0.9231536984443665,0.28435686230659485
YGR156W,YGL227W,0,0.94636774,0.24542318284511566,0.9231536984443665,0.28445687890052795
YMR021C,YER091C,0,0.9461919,0.24535809457302094,0.9231536984443665,0.28455692529678345
YPL048W,YLR316C,0,0.944958,0.2452930212020874,0.9231536984443665,0.28465694189071655
YHR215W,YNL152W,0,0.94473374,0.24522799253463745,0.9231536984443665,0.28475695848464966
YBR068C,YHR063C,0,0.94434214,0.2451629936695099,0.9231536984443665,0.28485697507858276
YGR105W,YKR013W,0,0.9439906,0.2450980395078659,0.9231536984443665,0.28495699167251587
YKL078W,YMR037C,0,0.94365025,0.2450331151485443,0.9231536984443665,0.285057008266449
YDL058W,YHR168W,0,0.9430492,0.2449682205915451,0.9231536984443665,0.2851570248603821
YLR262C,YER117W,0,0.9423138,0.2449033558368683,0.9231536984443665,0.2852570414543152
YOR067C,YHL022C,0,0.9420346,0.24483853578567505,0.9231536984443665,0.2853570580482483
YGL095C,YNL078W,0,0.9419669,0.2447737455368042,0.9231536984443665,0.2854571044445038
YJL097W,YIL142W,0,0.94080937,0.24470899999141693,0.9231536984443665,0.2855571210384369
YFL038C,YJR045C,0,0.94058955,0.24464426934719086,0.9231536984443665,0.28565713763237
YIR037W,YDR299W,0,0.94037163,0.24457958340644836,0.9231536984443665,0.2857571542263031
YER007W,YCR008W,0,0.94007313,0.24451494216918945,0.9231536984443665,0.2858571708202362
YLR342W,YKL173W,0,0.9399437,0.24445031583309174,0.9231536984443665,0.2859571874141693
YGL133W,YOR353C,0,0.9396496,0.2443857342004776,0.9231536984443665,0.2860572040081024
YGL113W,YNL310C,0,0.93960965,0.24432118237018585,0.9231536984443665,0.2861572206020355
YGL249W,YDR030C,0,0.9395288,0.2442566603422165,0.9231536984443665,0.28625723719596863
YPL227C,YJR006W,0,0.9385276,0.2441921830177307,0.9231536984443665,0.2863572835922241
YPL211W,YOR231W,0,0.9384805,0.24412773549556732,0.9231536984443665,0.2864573001861572
YGL250W,YER016W,0,0.93840146,0.24406331777572632,0.9231536984443665,0.28655731678009033
YOL104C,YJR144W,0,0.9382539,0.2439989447593689,0.9231536984443665,0.28665733337402344
YLR080W,YJR055W,0,0.9377587,0.24393460154533386,0.9231536984443665,0.28675734996795654
YOR014W,YPL085W,0,0.93772113,0.24387028813362122,0.9231536984443665,0.28685736656188965
YLR227W-B,YOR367W,0,0.9370316,0.24380600452423096,0.9231536984443665,0.28695738315582275
YKL164C,YJR134C,0,0.9348954,0.24374176561832428,0.9231536984443665,0.28705739974975586
YEL071W,YOR332W,0,0.9345243,0.24367755651474,0.9231536984443665,0.28715744614601135
YER046W,YBR216C,0,0.93443215,0.2436133772134781,0.9231536984443665,0.28725746273994446
YML113W,YDR254W,0,0.9343809,0.24354924261569977,0.9231536984443665,0.28735747933387756
YER140W,YNR072W,0,0.9340874,0.24348512291908264,0.9231536984443665,0.28745749592781067
YML026C,YKL015W,0,0.9336046,0.2434210479259491,0.9231536984443665,0.2875575125217438
YPR158C-C,YEL016C,0,0.9333831,0.24335701763629913,0.9231536984443665,0.2876575291156769
YBR152W,YDR225W,0,0.9328848,0.24329300224781036,0.9231536984443665,0.28775754570961
YDR051C,YHR077C,0,0.9328835,0.24322903156280518,0.9231536984443665,0.2878575623035431
YBL097W,YDR034C-D,0,0.9327409,0.24316509068012238,0.9231536984443665,0.2879575788974762
YGL212W,YGL083W,0,0.9322101,0.24310117959976196,0.9231536984443665,0.2880576252937317
YDR510W,YIL095W,1,0.93131554,0.24330005049705505,0.9241517186164856,0.2880576252937317
YLR256W-A,YNL021W,0,0.9312755,0.24323613941669464,0.9241517186164856,0.2881576418876648
YLR009W,YIR010W,0,0.92946863,0.2431722730398178,0.9241517186164856,0.2882576584815979
YNL095C,YPR158W-A,0,0.9294003,0.24310842156410217,0.9241517186164856,0.288357675075531
YPL079W,YIL031W,0,0.9285635,0.24304461479187012,0.9241517186164856,0.2884576916694641
YKL168C,YFR004W,0,0.9280503,0.24298083782196045,0.9241517186164856,0.2885577082633972
YOL115W,YHR143W,0,0.92709076,0.24291710555553436,0.9241517186164856,0.2886577248573303
YDR339C,YOR182C,0,0.92701423,0.24285340309143066,0.9241517186164856,0.2887577414512634
YKL025C,YPL162C,0,0.9267105,0.24278971552848816,0.9241517186164856,0.28885775804519653
YNL297C,YKR068C,0,0.9265679,0.24272608757019043,0.9241517186164856,0.288957804441452
YPL131W,YKL210W,0,0.925902,0.2426624745130539,0.9241517186164856,0.28905782103538513
YPL196W,YFR031C,0,0.9247807,0.24259890615940094,0.9241517186164856,0.28915783762931824
YPR164W,YDR128W,0,0.92466176,0.24253535270690918,0.9241517186164856,0.28925785422325134
YPL081W,YLR381W,0,0.92396367,0.242471843957901,0.9241517186164856,0.28935787081718445
YNL032W,YNL331C,0,0.9233781,0.2424083799123764,0.9241517186164856,0.28945788741111755
YMR088C,YGR081C,0,0.92271936,0.242344930768013,0.9241517186164856,0.28955790400505066
YNL162W,YOL141W,0,0.92226124,0.24228152632713318,0.9241517186164856,0.28965792059898376
YNL264C,YDR261W-A,0,0.92208564,0.24221815168857574,0.9241517186164856,0.28975793719291687
YNR047W,YJR006W,0,0.92139506,0.2421548068523407,0.9241517186164856,0.28985798358917236
YGR288W,YML043C,0,0.92066014,0.24209150671958923,0.9241517186164856,0.28995800018310547
YIL004C,YOR171C,0,0.9203979,0.24202822148799896,0.9241517186164856,0.2900580167770386
YPL027W,YCL010C,0,0.92034173,0.24196498095989227,0.9241517186164856,0.2901580333709717
YLR388W,YMR044W,0,0.92008245,0.24190177023410797,0.9241517186164856,0.2902580499649048
YOL103W-B,YDR158W,0,0.9200338,0.24183860421180725,0.9241517186164856,0.2903580665588379
YER021W,YLR251W,0,0.9200182,0.24177545309066772,0.9241517186164856,0.290458083152771
YDR487C,YDR334W,0,0.91999257,0.24171234667301178,0.9241517186164856,0.2905580997467041
YLR227W-B,YGR026W,0,0.9192121,0.24164927005767822,0.9241517186164856,0.2906581461429596
YKL154W,YIL027C,0,0.91732764,0.24158622324466705,0.9241517186164856,0.2907581627368927
YNL189W,YIL109C,0,0.91714656,0.24152320623397827,0.9241517186164856,0.2908581793308258
YPL064C,YFL021W,0,0.9170399,0.24146023392677307,0.9241517186164856,0.2909581959247589
YIL160C,YPL027W,0,0.9166409,0.24139729142189026,0.9241517186164856,0.291058212518692
YGL033W,YDL159W,0,0.9164336,0.24133437871932983,0.9241517186164856,0.2911582291126251
YJR149W,YEL058W,0,0.9163059,0.2412714958190918,0.9241517186164856,0.2912582457065582
YHR021C,YDR314C,0,0.91628873,0.24120864272117615,0.9241517186164856,0.29135826230049133
YFL013C,YLR163C,0,0.9159099,0.24114583432674408,0.9241517186164856,0.29145827889442444
YDL191W,YGL121C,0,0.9158907,0.2410830557346344,0.9241517186164856,0.29155832529067993
YGL014W,YMR300C,0,0.91576517,0.2410203069448471,0.9241517186164856,0.29165834188461304
YER190W,YOR299W,0,0.915565,0.2409575879573822,0.9241517186164856,0.29175835847854614
YLR120C,YCR083W,0,0.9153887,0.24089489877223969,0.9241517186164856,0.29185837507247925
YDR196C,YPL122C,0,0.91496813,0.24083225429058075,0.9241517186164856,0.29195839166641235
YDR403W,YDR118W,0,0.9149667,0.240769624710083,0.9241517186164856,0.29205840826034546
YDL192W,YMR098C,0,0.9149256,0.24070703983306885,0.9241517186164856,0.29215842485427856
YHR200W,YIL177C,0,0.914562,0.24064448475837708,0.9241517186164856,0.29225844144821167
YBL066C,YNL053W,0,0.9140538,0.24058197438716888,0.9241517186164856,0.2923584580421448
YPL159C,YBR237W,0,0.91388035,0.2405194789171219,0.9241517186164856,0.29245850443840027
YGL128C,YDR452W,0,0.9136876,0.24045702815055847,0.9241517186164856,0.2925585210323334
YOR343W-B,YGR163W,0,0.9132744,0.24039460718631744,0.9241517186164856,0.2926585376262665
YKR042W,YAR027W,0,0.9130131,0.2403322160243988,0.9241517186164856,0.2927585542201996
YLR176C,YJL030W,0,0.91215193,0.24026985466480255,0.9241517186164856,0.2928585708141327
YNL054W-B,YAL043C,0,0.9121262,0.2402075231075287,0.9241517186164856,0.2929585874080658
YNL208W,YHR081W,0,0.9120773,0.2401452213525772,0.9241517186164856,0.2930586040019989
YDR373W,YGR009C,0,0.91177654,0.24008296430110931,0.9241517186164856,0.293158620595932
YPL164C,YPL031C,0,0.9112264,0.2400207370519638,0.9241517186164856,0.2932586371898651
YPR083W,YMR312W,0,0.90921617,0.23995853960514069,0.9241517186164856,0.2933586835861206
YHR214C-B,YBR139W,0,0.90884984,0.23989637196063995,0.9241517186164856,0.2934587001800537
YNL154C,YIL034C,0,0.9087858,0.2398342341184616,0.9241517186164856,0.2935587167739868
YPL074W,YBR102C,1,0.9085077,0.24003107845783234,0.92514967918396,0.2935587167739868
YOR106W,YFR004W,0,0.90843093,0.239968940615654,0.92514967918396,0.2936587333679199
YNL128W,YLL035W,0,0.9056145,0.23990683257579803,0.92514967918396,0.293758749961853
YKL184W,YOR084W,0,0.9050739,0.23984475433826447,0.92514967918396,0.29385876655578613
YIL117C,YHR012W,0,0.9048201,0.23978272080421448,0.92514967918396,0.29395878314971924
YGR221C,YGR038C-B,0,0.9047966,0.23972071707248688,0.92514967918396,0.29405879974365234
YCR089W,YBR296C,0,0.90420556,0.23965874314308167,0.92514967918396,0.29415884613990784
YIR009W,YLR408C,0,0.9041598,0.23959679901599884,0.92514967918396,0.29425886273384094
YNL152W,YIL159W,1,0.9039937,0.23979328572750092,0.9261476993560791,0.29425886273384094
YCR027C,YEL041W,0,0.9035846,0.2397313416004181,0.9261476993560791,0.29435887932777405
YIL016W,YKL165C,0,0.90319383,0.23966942727565765,0.9261476993560791,0.29445889592170715
YER103W,YNL159C,0,0.90300333,0.2396075427532196,0.9261476993560791,0.29455891251564026
YMR218C,YOL066C,0,0.90254366,0.23954568803310394,0.9261476993560791,0.29465892910957336
YOR313C,YJL004C,0,0.90247786,0.23948387801647186,0.9261476993560791,0.29475894570350647
YJL148W,YDR208W,0,0.9018687,0.23942208290100098,0.9261476993560791,0.2948589622974396
YJR060W,YMR293C,0,0.9017266,0.23936033248901367,0.9261476993560791,0.2949589788913727
YNL238W,YBL041W,0,0.9014164,0.23929861187934875,0.9261476993560791,0.2950590252876282
YMR218C,YDR354W,0,0.9007906,0.23923692107200623,0.9261476993560791,0.2951590418815613
YLR355C,YPR168W,0,0.90055645,0.23917526006698608,0.9261476993560791,0.2952590584754944
YLR238W,YAL062W,0,0.90041554,0.23911362886428833,0.9261476993560791,0.2953590750694275
YDR338C,YFR031C,0,0.9000517,0.23905204236507416,0.9261476993560791,0.2954590916633606
YGL031C,YLR026C,0,0.89966905,0.23899047076702118,0.9261476993560791,0.2955591082572937
YLR227W-B,YGL180W,0,0.89876735,0.23892894387245178,0.9261476993560791,0.2956591248512268
YOR270C,YOR197W,0,0.89813066,0.23886743187904358,0.9261476993560791,0.2957591414451599
YBR010W,YJL002C,0,0.8969377,0.23880596458911896,0.9261476993560791,0.295859158039093
YFR015C,YCL027W,0,0.8968582,0.23874452710151672,0.9261476993560791,0.2959592044353485
YDL204W,YLR313C,1,0.895898,0.23894032835960388,0.9271457195281982,0.2959592044353485
YOL140W,YGR109W-B,0,0.89571214,0.23887889087200165,0.9271457195281982,0.2960592210292816
YDR519W,YIR006C,0,0.89506507,0.2388174831867218,0.9271457195281982,0.2961592376232147
YER099C,YML036W,0,0.89504004,0.23875610530376434,0.9271457195281982,0.2962592542171478
YDR218C,YIL140W,1,0.89488137,0.2389516979455948,0.9281437397003174,0.2962592542171478
YCR052W,YDL236W,0,0.8947072,0.23889032006263733,0.9281437397003174,0.29635927081108093
YLR033W,YML069W,0,0.8943062,0.23882897198200226,0.9281437397003174,0.29645928740501404
YGR234W,YJR036C,0,0.8939582,0.23876765370368958,0.9281437397003174,0.29655930399894714
YLR431C,YGL227W,0,0.89383876,0.23870636522769928,0.9281437397003174,0.29665932059288025
YLR205C,YLR396C,0,0.89366186,0.23864510655403137,0.9281437397003174,0.29675933718681335
YPL163C,YGR203W,0,0.8928852,0.23858389258384705,0.9281437397003174,0.29685938358306885
YHL009W-A,YJL165C,0,0.89233124,0.2385226935148239,0.9281437397003174,0.29695940017700195
YGR184C,YGR240C,0,0.8916521,0.23846153914928436,0.9281437397003174,0.29705941677093506
YER044C,YOR274W,0,0.8909484,0.2384004145860672,0.9281437397003174,0.29715943336486816
YPR121W,YLR408C,0,0.8909339,0.23833931982517242,0.9281437397003174,0.29725944995880127
YML034W,YGL174W,0,0.89087987,0.23827825486660004,0.9281437397003174,0.2973594665527344
YDR225W,YOR211C,0,0.8907057,0.23821721971035004,0.9281437397003174,0.2974594831466675
YAL060W,YNL064C,0,0.8894888,0.23815621435642242,0.9281437397003174,0.2975594997406006
YBR118W,YJL125C,0,0.8887925,0.2380952388048172,0.9281437397003174,0.2976595461368561
YNL116W,YMR104C,0,0.88847387,0.23803429305553436,0.9281437397003174,0.2977595627307892
YER133W,YPR009W,0,0.888147,0.2379733920097351,0.9281437397003174,0.2978595793247223
YDR420W,YGR037C,0,0.8878964,0.23791250586509705,0.9281437397003174,0.2979595959186554
YGR023W,YDL165W,0,0.88727915,0.23785166442394257,0.9281437397003174,0.2980596125125885
YLR233C,YER098W,0,0.886955,0.23779085278511047,0.9281437397003174,0.2981596291065216
YER036C,YHL009W-A,0,0.8867831,0.23773005604743958,0.9281437397003174,0.2982596457004547
YNL135C,YGL224C,0,0.88668907,0.23766930401325226,0.9281437397003174,0.2983596622943878
YNL220W,YNR073C,0,0.886492,0.23760858178138733,0.9281437397003174,0.2984596788883209
YLR427W,YAR027W,0,0.8855252,0.2375478893518448,0.9281437397003174,0.2985597252845764
YDR330W,YPL244C,0,0.88460195,0.23748722672462463,0.9281437397003174,0.2986597418785095
YLR240W,YGR148C,0,0.88459945,0.23742660880088806,0.9281437397003174,0.2987597584724426
YDR409W,YJR092W,1,0.8841107,0.2376212328672409,0.9291417002677917,0.2987597584724426
YBR276C,YIR002C,0,0.8839568,0.23756060004234314,0.9291417002677917,0.29885977506637573
YGR113W,YFL029C,0,0.88349044,0.23749999701976776,0.9291417002677917,0.29895979166030884
YGR261C,YAR044W,0,0.8832406,0.23743942379951477,0.9291417002677917,0.29905980825424194
YCL034W,YOR329C,1,0.882504,0.2376338541507721,0.9301397204399109,0.29905980825424194
YKR018C,YDL195W,0,0.88236153,0.2375732809305191,0.9301397204399109,0.29915982484817505
YPL223C,YOR327C,0,0.88124156,0.2375127375125885,0.9301397204399109,0.29925984144210815
YPR184W,YKR055W,0,0.8799983,0.23745222389698029,0.9301397204399109,0.29935985803604126
YGR032W,YKL154W,0,0.8792809,0.23739174008369446,0.9301397204399109,0.29945990443229675
YOL091W,YBR243C,0,0.87927425,0.2373313009738922,0.9301397204399109,0.29955992102622986
YER124C,YOL103W-B,0,0.8789475,0.23727087676525116,0.9301397204399109,0.29965993762016296
YDR331W,YPR198W,0,0.8785521,0.2372104823589325,0.9301397204399109,0.29975995421409607
YLR332W,YHR168W,0,0.87754107,0.2371501326560974,0.9301397204399109,0.2998599708080292
YOR270C,YOR142W,0,0.87648547,0.23708979785442352,0.9301397204399109,0.2999599874019623
YER070W,YGR085C,0,0.8764,0.23702950775623322,0.9301397204399109,0.3000600039958954
YPR058W,YMR224C,0,0.8757621,0.2369692325592041,0.9301397204399109,0.3001600205898285
YHL009W-A,YFR021W,0,0.8738533,0.23690900206565857,0.9301397204399109,0.3002600371837616
YEL069C,YLR408C,0,0.8734218,0.23684878647327423,0.9301397204399109,0.3003600835800171
YOR237W,YOL103W-B,0,0.87331665,0.23678861558437347,0.9301397204399109,0.3004601001739502
YGR275W,YGR276C,0,0.8731718,0.2367284744977951,0.9301397204399109,0.3005601167678833
YER101C,YLL032C,0,0.8725647,0.23666836321353912,0.9301397204399109,0.3006601333618164
YGR038C-B,YGR112W,0,0.87249374,0.23660828173160553,0.9301397204399109,0.3007601499557495
YBR128C,YKL218C,0,0.871523,0.23654823005199432,0.9301397204399109,0.3008601665496826
YKR039W,YLR130C,0,0.87151325,0.2364882081747055,0.9301397204399109,0.3009601831436157
YFL005W,YIL140W,1,0.87114394,0.23668189346790314,0.93113774061203,0.3009601831436157
YKL025C,YLR135W,0,0.87099814,0.23662185668945312,0.93113774061203,0.30106019973754883
YMR247C,YBR039W,0,0.87039363,0.2365618646144867,0.93113774061203,0.3011602461338043
YOR173W,YOR367W,0,0.87023675,0.23650190234184265,0.93113774061203,0.3012602627277374
YPR158C-D,YDR416W,0,0.87002635,0.236441969871521,0.93113774061203,0.30136027932167053
YNR036C,YDR495C,0,0.8696873,0.23638206720352173,0.93113774061203,0.30146029591560364
YBL066C,YGL039W,0,0.86944246,0.23632219433784485,0.93113774061203,0.30156031250953674
YKL091C,YBR098W,0,0.8693346,0.23626235127449036,0.93113774061203,0.30166032910346985
YIR013C,YJR090C,0,0.8689469,0.23620253801345825,0.93113774061203,0.30176034569740295
YDR365W-B,YDL061C,0,0.86812174,0.23614275455474854,0.93113774061203,0.30186036229133606
YDR512C,YHR121W,0,0.86811364,0.2360830008983612,0.93113774061203,0.30196037888526917
YMR146C,YKL195W,0,0.86769056,0.23602327704429626,0.93113774061203,0.30206042528152466
YMR114C,YLR410W,0,0.86694205,0.2359635829925537,0.93113774061203,0.30216044187545776
YGL183C,YKL218C,0,0.8664385,0.23590391874313354,0.93113774061203,0.30226045846939087
YGR047C,YPL149W,0,0.8663827,0.23584428429603577,0.93113774061203,0.302360475063324
YKR003W,YPL180W,0,0.8661386,0.23578467965126038,0.93113774061203,0.3024604916572571
YGL033W,YAR071W,0,0.8656534,0.23572511970996857,0.93113774061203,0.3025605082511902
YGL020C,YDR261W-B,0,0.8636148,0.23566557466983795,0.93113774061203,0.3026605248451233
YJR126C,YER078C,0,0.86360705,0.23560605943202972,0.93113774061203,0.3027605414390564
YOL101C,YML087C,0,0.8632585,0.23554657399654388,0.93113774061203,0.3028605580329895
YDL079C,YGR156W,0,0.86316407,0.23548713326454163,0.93113774061203,0.302960604429245
YKL163W,YNL158W,0,0.8630178,0.23542770743370056,0.93113774061203,0.3030606210231781
YLR431C,YNL304W,0,0.8624166,0.23536831140518188,0.93113774061203,0.3031606376171112
YDR163W,YBR070C,0,0.86239624,0.2353089600801468,0.93113774061203,0.3032606542110443
YML069W,YGR125W,0,0.8613256,0.2352496236562729,0.93113774061203,0.3033606708049774
YOL008W,YJR029W,0,0.8612908,0.23519031703472137,0.93113774061203,0.3034606873989105
YDL133C-A,YBL100W-A,0,0.8611456,0.23513105511665344,0.93113774061203,0.30356070399284363
YEL056W,YOR014W,0,0.8610616,0.2350718080997467,0.93113774061203,0.30366072058677673
YBR040W,YOR126C,0,0.860361,0.23501259088516235,0.93113774061203,0.3037607669830322
YOL149W,YPR138C,0,0.86004746,0.23495341837406158,0.93113774061203,0.30386078357696533
YDL212W,YER014C-A,0,0.85997105,0.234894260764122,0.93113774061203,0.30396080017089844
YEL069C,YOR192C-B,0,0.85943973,0.23483513295650482,0.93113774061203,0.30406081676483154
YDR489W,YOL040C,0,0.8590336,0.23477604985237122,0.93113774061203,0.30416083335876465
YPL192C,YJL115W,0,0.85860693,0.2347169816493988,0.93113774061203,0.30426084995269775
YAR027W,YPL206C,0,0.8578526,0.23465794324874878,0.93113774061203,0.30436086654663086
YBL088C,YKL018W,0,0.857723,0.23459894955158234,0.93113774061203,0.30446088314056396
YNL026W,YAL005C,0,0.857106,0.2345399707555771,0.93113774061203,0.30456089973449707
YNL194C,YDL225W,1,0.85634005,0.23473234474658966,0.9321357011795044,0.30456089973449707
YIL128W,YFL047W,0,0.8558998,0.2346733659505844,0.9321357011795044,0.30466094613075256
YKL009W,YML130C,0,0.8557631,0.23461441695690155,0.9321357011795044,0.30476096272468567
YOR175C,YMR052W,0,0.85525227,0.23455549776554108,0.9321357011795044,0.3048609793186188
YIR037W,YER147C,0,0.8551173,0.234496608376503,0.9321357011795044,0.3049609959125519
YBR070C,YAL047C,0,0.8542856,0.2344377487897873,0.9321357011795044,0.305061012506485
YGR221C,YBR141C,0,0.8537313,0.23437891900539398,0.9321357011795044,0.3051610291004181
YDL024C,YFR009W,0,0.8535365,0.23432011902332306,0.9321357011795044,0.3052610456943512
YOR099W,YFR008W,0,0.8528657,0.23426134884357452,0.9321357011795044,0.3053610622882843
YLR264W,YGL158W,0,0.85269,0.23420260846614838,0.9321357011795044,0.3054610788822174
YLR003C,YBL005W-A,0,0.85082877,0.23414389789104462,0.9321357011795044,0.3055611252784729
YDR006C,YMR287C,0,0.85052085,0.23408521711826324,0.9321357011795044,0.305661141872406
YMR154C,YER016W,0,0.8501241,0.23402656614780426,0.9321357011795044,0.3057611584663391
YKR062W,YGL130W,0,0.849195,0.23396793007850647,0.9321357011795044,0.3058611750602722
YCL027W,YLR138W,0,0.84885776,0.23390933871269226,0.9321357011795044,0.3059611916542053
YDR038C,YDR239C,0,0.84872186,0.23385077714920044,0.9321357011795044,0.3060612082481384
YDR420W,YPR018W,0,0.8484942,0.233792245388031,0.9321357011795044,0.30616122484207153
YNL220W,YJL020C,0,0.84769285,0.23373372852802277,0.9321357011795044,0.30626124143600464
YOL158C,YBR274W,0,0.8475504,0.2336752563714981,0.9321357011795044,0.30636125802993774
YCL063W,YML049C,0,0.84718573,0.23361681401729584,0.9321357011795044,0.30646130442619324
YEL017C-A,YPR101W,0,0.8469976,0.23355838656425476,0.9321357011795044,0.30656132102012634
YDR512C,YJL115W,0,0.84573686,0.23350000381469727,0.9321357011795044,0.30666133761405945
YMR316W,YNL258C,0,0.84545696,0.23344163596630096,0.9321357011795044,0.30676135420799255
YFL003C,YPL195W,0,0.8449851,0.23338331282138824,0.9321357011795044,0.30686137080192566
YDR205W,YLR129W,0,0.8447827,0.23332500457763672,0.9321357011795044,0.30696138739585876
YDL035C,YFL066C,0,0.84466803,0.23326672613620758,0.9321357011795044,0.30706140398979187
YBR087W,YPR204W,0,0.84385955,0.23320849239826202,0.9321357011795044,0.307161420583725
YBR006W,YDR064W,0,0.8438057,0.23315027356147766,0.9321357011795044,0.30726146697998047
YDL195W,YGL048C,0,0.8437799,0.23309208452701569,0.9321357011795044,0.3073614835739136
YML039W,YJL115W,0,0.84351766,0.2330339252948761,0.9321357011795044,0.3074615001678467
YOL007C,YGL124C,0,0.84316313,0.2329758107662201,0.9321357011795044,0.3075615167617798
YNL115C,YIL097W,0,0.84298146,0.23291771113872528,0.9321357011795044,0.3076615333557129
YMR216C,YCR023C,0,0.84269845,0.23285964131355286,0.9321357011795044,0.307761549949646
YGL047W,YOR033C,0,0.8426535,0.23280160129070282,0.9321357011795044,0.3078615665435791
YOL120C,YNL032W,0,0.8415618,0.23274357616901398,0.9321357011795044,0.3079615831375122
YJR056C,YDR481C,0,0.84119177,0.23268559575080872,0.9321357011795044,0.3080615997314453
YLR386W,YPL273W,0,0.8409705,0.23262764513492584,0.9321357011795044,0.3081616461277008
YGR077C,YER012W,0,0.8408698,0.23256972432136536,0.9321357011795044,0.3082616627216339
YPL074W,YLR045C,1,0.8404783,0.23276077210903168,0.9331337213516235,0.3082616627216339
YGR287C,YLR182W,0,0.8404714,0.23270283639431,0.9331337213516235,0.308361679315567
YPL274W,YIL085C,0,0.8392943,0.2326449304819107,0.9331337213516235,0.3084616959095001
YPR065W,YLR283W,0,0.83898175,0.232587069272995,0.9331337213516235,0.3085617125034332
YGR035C,YML118W,0,0.8382902,0.23252922296524048,0.9331337213516235,0.30866172909736633
YER117W,YLL054C,0,0.8378917,0.23247140645980835,0.9331337213516235,0.30876174569129944
YGL077C,YDL166C,0,0.8373015,0.2324136197566986,0.9331337213516235,0.30886176228523254
YPL030W,YLR157C-B,0,0.83692443,0.23235586285591125,0.9331337213516235,0.30896177887916565
YBR056W,YMR227C,0,0.83639896,0.2322981357574463,0.9331337213516235,0.30906182527542114
YHR057C,YDL079C,0,0.83639324,0.2322404384613037,0.9331337213516235,0.30916184186935425
YNR010W,YDL227C,0,0.8363589,0.23218277096748352,0.9331337213516235,0.30926185846328735
YGR002C,YPR042C,0,0.836295,0.23212511837482452,0.9331337213516235,0.30936187505722046
YDR222W,YMR113W,0,0.8355708,0.2320675104856491,0.9331337213516235,0.30946189165115356
YLR446W,YIR022W,0,0.83533704,0.23200993239879608,0.9331337213516235,0.30956190824508667
YCL020W,YCL010C,0,0.8349979,0.23195236921310425,0.9331337213516235,0.3096619248390198
YEL063C,YML124C,0,0.8348582,0.2318948358297348,0.9331337213516235,0.3097619414329529
YDL085W,YPL094C,0,0.83468187,0.23183734714984894,0.9331337213516235,0.309861958026886
YBL075C,YHR047C,0,0.8327062,0.23177987337112427,0.9331337213516235,0.3099620044231415
YDR131C,YLR174W,0,0.83255327,0.23172242939472198,0.9331337213516235,0.3100620210170746
YNL322C,YMR186W,0,0.83240616,0.2316650152206421,0.9331337213516235,0.3101620376110077
YIL103W,YIL010W,0,0.83215594,0.23160763084888458,0.9331337213516235,0.3102620542049408
YNL298W,YAL035W,0,0.83191,0.23155027627944946,0.9331337213516235,0.3103620707988739
YBR002C,YHR141C,0,0.8314165,0.23149293661117554,0.9331337213516235,0.310462087392807
YER122C,YLR187W,0,0.8310571,0.2314356416463852,0.9331337213516235,0.3105621039867401
YAL013W,YDR195W,0,0.8296119,0.23137837648391724,0.9331337213516235,0.3106621205806732
YML104C,YFL047W,0,0.82927597,0.23132112622261047,0.9331337213516235,0.3107621669769287
YOL002C,YBR261C,0,0.828797,0.2312639057636261,0.9331337213516235,0.3108621835708618
YPL148C,YPL159C,0,0.82783854,0.2312067300081253,0.9331337213516235,0.3109622001647949
YBL092W,YDR379W,0,0.827085,0.2311495691537857,0.9331337213516235,0.311062216758728
YBR173C,YOR308C,0,0.8270649,0.2310924381017685,0.9331337213516235,0.31116223335266113
YKL046C,YER013W,0,0.8269367,0.23103533685207367,0.9331337213516235,0.31126224994659424
YKL130C,YBR158W,0,0.82660294,0.23097826540470123,0.9331337213516235,0.31136226654052734
YNL009W,YDR331W,0,0.82638407,0.23092120885849,0.9331337213516235,0.31146228313446045
YNL092W,YJR066W,0,0.82615197,0.23086419701576233,0.9331337213516235,0.31156229972839355
YJR125C,YDL092W,0,0.8253889,0.23080721497535706,0.9331337213516235,0.31166234612464905
YOR311C,YMR244C-A,0,0.8246741,0.23075024783611298,0.9331337213516235,0.31176236271858215
YGR287C,YDL150W,0,0.8245603,0.23069331049919128,0.9331337213516235,0.31186237931251526
YOR063W,YLR116W,0,0.823956,0.23063640296459198,0.9331337213516235,0.31196239590644836
YKR042W,YLR244C,0,0.8231654,0.23057952523231506,0.9331337213516235,0.31206241250038147
YGR032W,YLR313C,1,0.82267785,0.23076923191547394,0.9341317415237427,0.31206241250038147
YML112W,YNL149C,0,0.822608,0.23071235418319702,0.9341317415237427,0.3121624290943146
YLR336C,YOL155C,0,0.8225838,0.2306554913520813,0.9341317415237427,0.3122624456882477
YKL127W,YBR257W,0,0.8223107,0.23059867322444916,0.9341317415237427,0.3123624622821808
YLR225C,YER012W,0,0.82219005,0.2305418699979782,0.9341317415237427,0.3124624788761139
YPL023C,YPL068C,0,0.8209939,0.23048509657382965,0.9341317415237427,0.3125625252723694
YNL101W,YIL070C,0,0.82080615,0.23042836785316467,0.9341317415237427,0.3126625418663025
YEL004W,YLR147C,0,0.81999147,0.2303716391324997,0.9341317415237427,0.3127625584602356
YBL113C,YPR185W,0,0.8196589,0.2303149551153183,0.9341317415237427,0.3128625750541687
YJR067C,YOR017W,0,0.81929624,0.2302583009004593,0.9341317415237427,0.3129625916481018
YGL008C,YGL225W,0,0.8180281,0.23020167648792267,0.9341317415237427,0.3130626082420349
YOR159C,YGR292W,0,0.8177186,0.23014506697654724,0.9341317415237427,0.313162624835968
YNL069C,YGR203W,0,0.81769884,0.2300885021686554,0.9341317415237427,0.3132626414299011
YER087W,YGR109W-B,0,0.81732106,0.23003195226192474,0.9341317415237427,0.31336265802383423
YDR480W,YDR472W,0,0.8172699,0.22997543215751648,0.9341317415237427,0.3134627044200897
YMR014W,YMR162C,0,0.81699955,0.2299189418554306,0.9341317415237427,0.3135627210140228
YLR410W-A,YOR128C,0,0.816882,0.22986248135566711,0.9341317415237427,0.31366273760795593
YHL016C,YDL200C,0,0.816795,0.22980603575706482,0.9341317415237427,0.31376275420188904
YBR156C,YER101C,0,0.8167615,0.2297496348619461,0.9341317415237427,0.31386277079582214
YOR173W,YNL330C,0,0.8164513,0.2296932488679886,0.9341317415237427,0.31396278738975525
YJL194W,YML028W,0,0.81628263,0.22963689267635345,0.9341317415237427,0.31406280398368835
YHR135C,YDR216W,0,0.816278,0.2295805811882019,0.9341317415237427,0.31416282057762146
YMR071C,YOR192C-B,0,0.81564534,0.22952426970005035,0.9341317415237427,0.31426286697387695
YHR050W,YFL008W,0,0.81559896,0.22946800291538239,0.9341317415237427,0.31436288356781006
YIL015W,YNL307C,0,0.8155035,0.2294117659330368,0.9341317415237427,0.31446290016174316
YDL191W,YPL158C,0,0.81528366,0.22935554385185242,0.9341317415237427,0.31456291675567627
YKL205W,YLL002W,0,0.8135334,0.2292993664741516,0.9341317415237427,0.3146629333496094
YOL038W,YLR298C,0,0.813349,0.229243203997612,0.9341317415237427,0.3147629499435425
YBL023C,YAL031C,0,0.81295073,0.22918707132339478,0.9341317415237427,0.3148629665374756
YDR174W,YGR223C,0,0.81216776,0.22913096845149994,0.9341317415237427,0.3149629831314087
YNR010W,YPL252C,0,0.81124675,0.2290748953819275,0.9341317415237427,0.3150629997253418
YLR170C,YFR037C,0,0.8109673,0.22901883721351624,0.9341317415237427,0.3151630461215973
YJR110W,YBR126C,0,0.8105154,0.22896282374858856,0.9341317415237427,0.3152630627155304
YJL198W,YER094C,0,0.8104478,0.22890682518482208,0.9341317415237427,0.3153630793094635
YGL212W,YDR046C,0,0.810447,0.228850856423378,0.9341317415237427,0.3154630959033966
YDR365W-B,YOR304C-A,0,0.8101102,0.2287949174642563,0.9341317415237427,0.3155631124973297
YJR093C,YNL078W,0,0.81007683,0.22873900830745697,0.9341317415237427,0.3156631290912628
YPL023C,YOR347C,0,0.80939925,0.22868311405181885,0.9341317415237427,0.3157631456851959
YCL011C,YLR130C,0,0.8091737,0.2286272644996643,0.9341317415237427,0.31586316227912903
YBR152W,YIL103W,0,0.80898166,0.22857142984867096,0.9341317415237427,0.31596317887306213
YBR058C-A,YER069W,0,0.8085985,0.228515625,0.9341317415237427,0.3160632252693176
YKR071C,YDR208W,0,0.80853975,0.22845984995365143,0.9341317415237427,0.31616324186325073
YBR056W,YLR026C,0,0.8082994,0.22840410470962524,0.9341317415237427,0.31626325845718384
YPL149W,YNL002C,0,0.80819786,0.22834837436676025,0.9341317415237427,0.31636327505111694
YER145C,YER013W,0,0.80791473,0.22829268872737885,0.9341317415237427,0.31646329164505005
YEL047C,YBR115C,0,0.8078762,0.22823701798915863,0.9341317415237427,0.31656330823898315
YHR032W,YBR001C,0,0.8077338,0.2281813770532608,0.9341317415237427,0.31666332483291626
YOL031C,YMR034C,0,0.8074471,0.22812576591968536,0.9341317415237427,0.31676334142684937
YJL177W,YMR078C,0,0.8074362,0.22807016968727112,0.9341317415237427,0.31686335802078247
YPR158C-D,YJR016C,0,0.8071338,0.22801461815834045,0.9341317415237427,0.31696340441703796
YOR142W-A,YOR066W,0,0.80711615,0.22795908153057098,0.9341317415237427,0.31706342101097107
YNR041C,YDR210W-B,0,0.8071157,0.2279035747051239,0.9341317415237427,0.3171634376049042
YMR123W,YKR105C,0,0.80691624,0.2278480976819992,0.9341317415237427,0.3172634541988373
YEL002C,YLR109W,0,0.8067721,0.2277926504611969,0.9341317415237427,0.3173634707927704
YLR459W,YEL071W,0,0.80635846,0.22773723304271698,0.9341317415237427,0.3174634873867035
YDR013W,YDL168W,0,0.80621636,0.22768183052539825,0.9341317415237427,0.3175635039806366
YGR225W,YDR362C,0,0.80610454,0.22762645781040192,0.9341317415237427,0.3176635205745697
YER050C,YDR387C,0,0.805948,0.22757111489772797,0.9341317415237427,0.3177635669708252
YBL092W,YDR109C,0,0.8049816,0.2275158017873764,0.9341317415237427,0.3178635835647583
YGL123W,YPL031C,0,0.8049139,0.22746050357818604,0.9341317415237427,0.3179636001586914
YDR103W,YNR036C,0,0.8046062,0.22740525007247925,0.9341317415237427,0.3180636167526245
YDR113C,YFL021W,0,0.8042153,0.22735001146793365,0.9341317415237427,0.3181636333465576
YOR274W,YPR083W,0,0.8038372,0.22729480266571045,0.9341317415237427,0.3182636499404907
YDL007W,YDR261W-B,0,0.8017231,0.22723962366580963,0.9341317415237427,0.31836366653442383
YNL194C,YNL271C,1,0.8009709,0.2274271845817566,0.9351297616958618,0.31836366653442383
YMR119W,YOR036W,0,0.8009249,0.22737199068069458,0.9351297616958618,0.31846368312835693
YJL047C,YNL264C,0,0.8006425,0.22731684148311615,0.9351297616958618,0.31856369972229004
YLR440C,YJL194W,0,0.7998078,0.2272617071866989,0.9351297616958618,0.31866374611854553
YHR042W,YGR002C,0,0.79942036,0.22720660269260406,0.9351297616958618,0.31876376271247864
YDL195W,YBR289W,0,0.7990993,0.2271515130996704,0.9351297616958618,0.31886377930641174
YPL094C,YOR295W,0,0.7984134,0.22709646821022034,0.9351297616958618,0.31896379590034485
YOL016C,YMR182C,0,0.7975662,0.22704143822193146,0.9351297616958618,0.31906381249427795
YKR068C,YOR054C,0,0.79740834,0.22698643803596497,0.9351297616958618,0.31916382908821106
YIL150C,YLR246W,0,0.79736054,0.22693146765232086,0.9351297616958618,0.31926384568214417
YHR021C,YOR099W,0,0.79691255,0.22687651216983795,0.9351297616958618,0.31936386227607727
YKR045C,YMR200W,0,0.7964393,0.22682158648967743,0.9351297616958618,0.3194638788700104
YMR314W,YDR210W-A,0,0.7960645,0.2267667055130005,0.9351297616958618,0.31956392526626587
YOR361C,YPL249C,0,0.79526067,0.22671182453632355,0.9351297616958618,0.319663941860199
YJR044C,YNL163C,0,0.7951683,0.2266569882631302,0.9351297616958618,0.3197639584541321
YNL091W,YMR203W,0,0.7951493,0.22660218179225922,0.9351297616958618,0.3198639750480652
YDR088C,YNL280C,0,0.795102,0.22654739022254944,0.9351297616958618,0.3199639916419983
YGL123W,YPL059W,0,0.79429495,0.22649262845516205,0.9351297616958618,0.3200640082359314
YHR001W,YBR097W,0,0.7941021,0.22643789649009705,0.9351297616958618,0.3201640248298645
YGL174W,YKR046C,0,0.7936411,0.22638317942619324,0.9351297616958618,0.3202640414237976
YKL163W,YOR339C,0,0.79359293,0.226328507065773,0.9351297616958618,0.3203640580177307
YJR010W,YDR034C,0,0.79339564,0.22627384960651398,0.9351297616958618,0.3204641044139862
YOL039W,YPL085W,0,0.79315233,0.22621922194957733,0.9351297616958618,0.3205641210079193
YGL207W,YNR026C,0,0.7928978,0.22616460919380188,0.9351297616958618,0.3206641376018524
YIR038C,YHR140W,0,0.79249585,0.22611004114151,0.9351297616958618,0.3207641541957855
YDR180W,YOL151W,0,0.79236853,0.22605548799037933,0.9351297616958618,0.32086417078971863
YKR030W,YDR003W,0,0.79124415,0.22600096464157104,0.9351297616958618,0.32096418738365173
YFR046C,YJL154C,0,0.7910336,0.22594647109508514,0.9351297616958618,0.32106420397758484
YOL156W,YCR014C,0,0.79097676,0.22589199244976044,0.9351297616958618,0.32116422057151794
YPL074W,YOR329C,1,0.7903191,0.2260785698890686,0.9361277222633362,0.32116422057151794
YDL039C,YML123C,0,0.79029405,0.2260240912437439,0.9361277222633362,0.32126426696777344
YMR201C,YPR185W,0,0.7895647,0.22596964240074158,0.9361277222633362,0.32136428356170654
YOL066C,YCR020C,0,0.7893363,0.22591522336006165,0.9361277222633362,0.32146430015563965
YDL156W,YBR080C,0,0.7891817,0.2258608192205429,0.9361277222633362,0.32156431674957275
YGR108W,YDL107W,0,0.788556,0.22580644488334656,0.9361277222633362,0.32166433334350586
YCL075W,YNL172W,0,0.78848803,0.2257521003484726,0.9361277222633362,0.32176434993743896
YPL103C,YBR257W,0,0.7880062,0.22569778561592102,0.9361277222633362,0.32186436653137207
YML045W-A,YOL151W,0,0.78785694,0.22564348578453064,0.9361277222633362,0.3219643831253052
YJL034W,YGR246C,0,0.78767383,0.22558923065662384,0.9361277222633362,0.3220643997192383
YFL004W,YGR161W-B,0,0.7875968,0.22553499042987823,0.9361277222633362,0.3221644461154938
YPL143W,YHR187W,0,0.7873472,0.22548076510429382,0.9361277222633362,0.3222644627094269
YDR167W,YGR037C,0,0.7869302,0.225426584482193,0.9361277222633362,0.32236447930336
YBL075C,YHR085W,0,0.7867794,0.22537241876125336,0.9361277222633362,0.3224644958972931
YOL045W,YNL046W,0,0.7864388,0.2253182828426361,0.9361277222633362,0.3225645124912262
YMR165C,YEL060C,0,0.78583395,0.22526416182518005,0.9361277222633362,0.3226645290851593
YHR056C,YJL062W,0,0.78548944,0.22521008551120758,0.9361277222633362,0.3227645456790924
YOR142W-B,YPL144W,0,0.7854116,0.2251560240983963,0.9361277222633362,0.3228645622730255
YIL124W,YDR270W,0,0.7851796,0.2251019924879074,0.9361277222633362,0.3229645788669586
YJR090C,YHR149C,1,0.78435075,0.22528791427612305,0.9371257424354553,0.3229645788669586
YDR252W,YLR020C,0,0.78434205,0.22523386776447296,0.9371257424354553,0.3230646252632141
YIL041W,YBR274W,0,0.78423774,0.22517985105514526,0.9371257424354553,0.3231646418571472
YOR343W-A,YGL236C,0,0.7839484,0.22512586414813995,0.9371257424354553,0.3232646584510803
YML005W,YOL040C,0,0.7839099,0.22507190704345703,0.9371257424354553,0.3233646750450134
YLR300W,YCR102C,0,0.78374827,0.2250179797410965,0.9371257424354553,0.32346469163894653
YMR172W,YEL060C,0,0.783247,0.22496406733989716,0.9371257424354553,0.32356470823287964
YPL094C,YDR001C,0,0.7831187,0.2249101847410202,0.9371257424354553,0.32366472482681274
YOR368W,YNL310C,0,0.7818394,0.22485631704330444,0.9371257424354553,0.32376474142074585
YJL187C,YKL109W,0,0.7813331,0.22480249404907227,0.9371257424354553,0.32386478781700134
YDR260C,YLR016C,0,0.7810558,0.22474868595600128,0.9371257424354553,0.32396480441093445
YLL017W,YAL042W,0,0.7802594,0.22469490766525269,0.9371257424354553,0.32406482100486755
YBL040C,YGL253W,0,0.7796681,0.22464114427566528,0.9371257424354553,0.32416483759880066
YML014W,YPR101W,0,0.7795936,0.22458742558956146,0.9371257424354553,0.32426485419273376
YCR020C,YIR007W,0,0.7795888,0.22453372180461884,0.9371257424354553,0.32436487078666687
YOR140W,YHL009W-B,0,0.77928984,0.2244800329208374,0.9371257424354553,0.3244648873806
YDR510W,YHR172W,0,0.77873623,0.22442638874053955,0.9371257424354553,0.3245649039745331
YPR162C,YML109W,0,0.7786912,0.2243727594614029,0.9371257424354553,0.3246649205684662
YDR461W,YNL177C,0,0.7786846,0.22431915998458862,0.9371257424354553,0.3247649669647217
YPL050C,YLR197W,0,0.778371,0.22426559031009674,0.9371257424354553,0.3248649835586548
YLR406C,YDR081C,0,0.7780855,0.22421203553676605,0.9371257424354553,0.3249650001525879
YDR436W,YBL019W,0,0.7778444,0.22415851056575775,0.9371257424354553,0.325065016746521
YDR492W,YHR029C,0,0.7775049,0.22410501539707184,0.9371257424354553,0.3251650333404541
YPL057C,YHR079C-A,0,0.7774937,0.22405153512954712,0.9371257424354553,0.3252650499343872
YER052C,YPL122C,0,0.77688384,0.2239980846643448,0.9371257424354553,0.3253650665283203
YDL231C,YJL108C,0,0.7767998,0.22394466400146484,0.9371257424354553,0.3254650831222534
YLR106C,YIL083C,0,0.77662694,0.2238912731409073,0.9371257424354553,0.3255650997161865
YHR025W,YGL010W,0,0.776579,0.22383789718151093,0.9371257424354553,0.325665146112442
YMR039C,YKL113C,0,0.7761258,0.22378455102443695,0.9371257424354553,0.3257651627063751
YGR227W,YDR447C,0,0.77606785,0.22373123466968536,0.9371257424354553,0.3258651793003082
YPL192C,YEL058W,0,0.77575624,0.22367794811725616,0.9371257424354553,0.32596519589424133
YOR033C,YPL083C,0,0.77561414,0.22362467646598816,0.9371257424354553,0.32606521248817444
YDL052C,YGL037C,0,0.77555466,0.22357143461704254,0.9371257424354553,0.32616522908210754
YLR216C,YFL034C-A,0,0.77554893,0.22351820766925812,0.9371257424354553,0.32626524567604065
YNL014W,YDR283C,0,0.7753029,0.22346501052379608,0.9371257424354553,0.32636526226997375
YKL034W,YDR210W-B,0,0.7747474,0.22341184318065643,0.9371257424354553,0.32646527886390686
YLR038C,YJR095W,0,0.7744622,0.22335870563983917,0.9371257424354553,0.32656532526016235
YKL017C,YOL065C,0,0.7743876,0.2233055830001831,0.9371257424354553,0.32666534185409546
YGL089C,YGL037C,0,0.77382016,0.22325249016284943,0.9371257424354553,0.32676535844802856
YOR244W,YNL186W,0,0.77352786,0.22319942712783813,0.9371257424354553,0.32686537504196167
YLL052C,YNL075W,0,0.7735262,0.22314639389514923,0.9371257424354553,0.3269653916358948
YPL153C,YDR031W,0,0.7733232,0.22309337556362152,0.9371257424354553,0.3270654082298279
YKL020C,YDR147W,0,0.7731,0.2230403870344162,0.9371257424354553,0.327165424823761
YBR006W,YDR226W,0,0.772949,0.22298741340637207,0.9371257424354553,0.3272654414176941
YHR128W,YPL047W,0,0.77291965,0.22293446958065033,0.9371257424354553,0.3273654878139496
YPL266W,YAL054C,0,0.7728691,0.22288155555725098,0.9371257424354553,0.3274655044078827
YMR165C,YFL038C,0,0.7726015,0.222828671336174,0.9371257424354553,0.3275655210018158
YNR063W,YER068W,0,0.771693,0.22277580201625824,0.9371257424354553,0.3276655375957489
YLR025W,YDR261W-A,0,0.7715187,0.22272296249866486,0.9371257424354553,0.327765554189682
YFL003C,YOR182C,0,0.77098846,0.22267013788223267,0.9371257424354553,0.3278655707836151
YJL079C,YER008C,0,0.7709421,0.22261735796928406,0.9371257424354553,0.3279655873775482
YBR073W,YPL005W,0,0.77067995,0.22256459295749664,0.9371257424354553,0.3280656039714813
YBL005W-B,YMR113W,0,0.77067995,0.22251184284687042,0.9371257424354553,0.32816562056541443
YLR268W,YGL135W,0,0.77044094,0.22245913743972778,0.9371257424354553,0.3282656669616699
YDR485C,YPL103C,0,0.77015173,0.22240644693374634,0.9371257424354553,0.328365683555603
YMR194W,YDR356W,0,0.77005935,0.2223537713289261,0.9371257424354553,0.32846570014953613
YBR198C,YBR201W,0,0.76995707,0.22230114042758942,0.9371257424354553,0.32856571674346924
YOR244W,YER144C,0,0.76955545,0.22224852442741394,0.9371257424354553,0.32866573333740234
YBR092C,YOR008C,0,0.76949644,0.22219592332839966,0.9371257424354553,0.32876574993133545
YGR163W,YHL009W-A,0,0.76922035,0.22214336693286896,0.9371257424354553,0.32886576652526855
YAL032C,YMR291W,0,0.7677884,0.22209082543849945,0.9371257424354553,0.32896578311920166
YML073C,YDL104C,0,0.7670084,0.22203831374645233,0.9371257424354553,0.32906579971313477
YBL042C,YNL082W,0,0.7665262,0.2219858169555664,0.9371257424354553,0.32916584610939026
YLR427W,YOR005C,0,0.76633835,0.22193334996700287,0.9371257424354553,0.32926586270332336
YFL005W,YER149C,1,0.76533115,0.22211720049381256,0.9381237626075745,0.32926586270332336
YNL312W,YOR206W,0,0.7652581,0.22206473350524902,0.9381237626075745,0.32936587929725647
YGL039W,YJL159W,0,0.76512814,0.22201228141784668,0.9381237626075745,0.3294658958911896
YDL040C,YDR174W,0,0.76478195,0.22195985913276672,0.9381237626075745,0.3295659124851227
YHL009W-B,YML124C,0,0.764609,0.22190746665000916,0.9381237626075745,0.3296659290790558
YLR186W,YPL195W,0,0.7645929,0.22185508906841278,0.9381237626075745,0.3297659456729889
YPL147W,YPR171W,0,0.764302,0.2218027412891388,0.9381237626075745,0.329865962266922
YBR008C,YLL042C,0,0.76350987,0.221750408411026,0.9381237626075745,0.3299659788608551
YFL002W-B,YKL167C,0,0.7630712,0.2216981202363968,0.9381237626075745,0.3300660252571106
YPL090C,YBL102W,0,0.76287043,0.22164583206176758,0.9381237626075745,0.3301660418510437
YMR030W,YOR299W,0,0.7626648,0.22159358859062195,0.9381237626075745,0.3302660584449768
YLR141W,YDL185W,0,0.76232743,0.2215413600206375,0.9381237626075745,0.3303660750389099
YPR072W,YDR529C,0,0.76231945,0.22148916125297546,0.9381237626075745,0.330466091632843
YMR305C,YPR032W,0,0.7613975,0.2214369773864746,0.9381237626075745,0.3305661082267761
YMR021C,YOL127W,0,0.7610793,0.22138483822345734,0.9381237626075745,0.33066612482070923
YKL046C,YBR177C,0,0.76097524,0.22133269906044006,0.9381237626075745,0.33076614141464233
YBL002W,YBR024W,0,0.76068103,0.22128060460090637,0.9381237626075745,0.3308661878108978
YJR126C,YPL194W,0,0.76020086,0.22122852504253387,0.9381237626075745,0.33096620440483093
YHR183W,YGR037C,0,0.75996566,0.22117647528648376,0.9381237626075745,0.33106622099876404
YDR365W-B,YNL125C,0,0.75927055,0.22112444043159485,0.9381237626075745,0.33116623759269714
YDR460W,YKR081C,0,0.7587062,0.22107243537902832,0.9381237626075745,0.33126625418663025
YMR137C,YDL079C,0,0.7580489,0.22102046012878418,0.9381237626075745,0.33136627078056335
YFR028C,YDR202C,0,0.75779843,0.22096849977970123,0.9381237626075745,0.33146628737449646
YDR326C,YKR066C,0,0.75767756,0.22091656923294067,0.9381237626075745,0.33156630396842957
YMR228W,YLR077W,0,0.7572422,0.2208646684885025,0.9381237626075745,0.33166632056236267
YGL100W,YBR237W,0,0.75685275,0.22081278264522552,0.9381237626075745,0.33176636695861816
YML128C,YNL086W,0,0.756444,0.22076092660427094,0.9381237626075745,0.33186638355255127
YGL186C,YIL133C,0,0.75588083,0.22070908546447754,0.9381237626075745,0.3319664001464844
YOR244W,YGR088W,0,0.7550336,0.22065727412700653,0.9381237626075745,0.3320664167404175
YPL257W-A,YMR163C,0,0.754933,0.2206054925918579,0.9381237626075745,0.3321664333343506
YOR257W,YNL280C,0,0.7546557,0.22055372595787048,0.9381237626075745,0.3322664499282837
YPL164C,YJR103W,0,0.754506,0.22050198912620544,0.9381237626075745,0.3323664665222168
YCR028C,YJL030W,0,0.75392425,0.2204502820968628,0.9381237626075745,0.3324664831161499
YDL101C,YNL037C,0,0.753162,0.22039858996868134,0.9381237626075745,0.332566499710083
YDR342C,YJL034W,0,0.7526802,0.22034692764282227,0.9381237626075745,0.3326665461063385
YNL339C,YCR014C,0,0.7520387,0.22029529511928558,0.9381237626075745,0.3327665627002716
YMR164C,YHR187W,0,0.75098014,0.2202436774969101,0.9381237626075745,0.3328665792942047
YDR221W,YDR116C,0,0.75078344,0.220192089676857,0.9381237626075745,0.3329665958881378
YBR186W,YDR393W,0,0.75073814,0.2201405167579651,0.9381237626075745,0.3330666124820709
YBR215W,YLR381W,0,0.75028145,0.22008897364139557,0.9381237626075745,0.33316662907600403
YFR042W,YBR247C,0,0.74999845,0.22003746032714844,0.9381237626075745,0.33326664566993713
YDR488C,YDR182W,0,0.7490355,0.2199859619140625,0.9381237626075745,0.33336666226387024
YDL180W,YOL060C,0,0.7489275,0.21993449330329895,0.9381237626075745,0.33346667885780334
YPL038W,YNL307C,0,0.74858713,0.2198830395936966,0.9381237626075745,0.33356672525405884
YCL066W,YER068W,0,0.7485633,0.21983161568641663,0.9381237626075745,0.33366674184799194
YDR240C,YOL147C,0,0.74848986,0.21978022158145905,0.9381237626075745,0.33376675844192505
YOR257W,YBR079C,0,0.7481617,0.21972884237766266,0.9381237626075745,0.33386677503585815
YNR028W,YDL028C,0,0.7479569,0.21967749297618866,0.9381237626075745,0.33396679162979126
YOR374W,YER159C-A,0,0.7479354,0.21962617337703705,0.9381237626075745,0.33406680822372437
YLR028C,YCL030C,0,0.7474201,0.21957486867904663,0.9381237626075745,0.33416682481765747
YDL195W,YLR224W,0,0.7468034,0.2195235937833786,0.9381237626075745,0.3342668414115906
YLR002C,YML012W,0,0.74647343,0.21947233378887177,0.9381237626075745,0.33436688780784607
YNL302C,YOR393W,0,0.7464329,0.21942110359668732,0.9381237626075745,0.3344669044017792
YGR034W,YBR012W-B,0,0.7463193,0.21936988830566406,0.9381237626075745,0.3345669209957123
YDR524C,YIL168W,0,0.7460847,0.2193187177181244,0.9381237626075745,0.3346669375896454
YPL246C,YBR282W,0,0.7453288,0.21926754713058472,0.9381237626075745,0.3347669541835785
YER045C,YPR127W,0,0.7452234,0.21921642124652863,0.9381237626075745,0.3348669707775116
YIR015W,YDR194C,0,0.74511564,0.21916531026363373,0.9381237626075745,0.3349669873714447
YDR245W,YPL174C,0,0.7449281,0.21911421418190002,0.9381237626075745,0.3350670039653778
YOL124C,YNR041C,0,0.7446146,0.2190631628036499,0.9381237626075745,0.3351670205593109
YOR025W,YJL004C,0,0.7444117,0.21901211142539978,0.9381237626075745,0.3352670669555664
YMR013C,YER166W,0,0.7439785,0.21896110475063324,0.9381237626075745,0.3353670835494995
YNL329C,YLR310C,0,0.74374044,0.2189101129770279,0.9381237626075745,0.3354671001434326
YPL153C,YKR046C,0,0.7432612,0.21885913610458374,0.9381237626075745,0.3355671167373657
YPR033C,YPL008W,0,0.7429507,0.21880818903446198,0.9381237626075745,0.33566713333129883
YOR393W,YLR214W,0,0.74282944,0.2187572717666626,0.9381237626075745,0.33576714992523193
YNR039C,YIL067C,0,0.74244237,0.21870636940002441,0.9381237626075745,0.33586716651916504
YHR136C,YLR191W,0,0.7421937,0.21865549683570862,0.9381237626075745,0.33596718311309814
YDR429C,YBR293W,0,0.741768,0.2186046540737152,0.9381237626075745,0.33606719970703125
YDR146C,YIL021W,0,0.7414484,0.218553826212883,0.9381237626075745,0.33616724610328674
YPL139C,YMR036C,0,0.74114037,0.21850302815437317,0.9381237626075745,0.33626726269721985
YIR036C,YOR014W,0,0.7410611,0.21845224499702454,0.9381237626075745,0.33636727929115295
YGL090W,YOR324C,0,0.74064076,0.2184014916419983,0.9381237626075745,0.33646729588508606
YDR403W,YDR523C,0,0.7403747,0.21835075318813324,0.9381237626075745,0.33656731247901917
YPL060C-A,YIL114C,0,0.74022114,0.21830004453659058,0.9381237626075745,0.33666732907295227
YOR288C,YGR192C,0,0.7400768,0.2182493656873703,0.9381237626075745,0.3367673456668854
YKL144C,YHL009W-A,0,0.73964834,0.21819870173931122,0.9381237626075745,0.3368673622608185
YNL015W,YDR416W,0,0.7393838,0.21814806759357452,0.9381237626075745,0.3369673788547516
YBR275C,YAL017W,0,0.7391257,0.21809744834899902,0.9381237626075745,0.3370674252510071
YJR161C,YMR045C,0,0.7387934,0.2180468589067459,0.9381237626075745,0.3371674418449402
YLR047C,YIL170W,0,0.73858666,0.217996284365654,0.9381237626075745,0.3372674584388733
YMR046C,YBR068C,0,0.7374822,0.21794573962688446,0.9381237626075745,0.3373674750328064
YNL030W,YDR086C,0,0.7372447,0.21789522469043732,0.9381237626075745,0.3374674916267395
YDR206W,YOR151C,0,0.7371423,0.21784472465515137,0.9381237626075745,0.3375675082206726
YPL151C,YBR026C,0,0.73703134,0.2177942544221878,0.9381237626075745,0.3376675248146057
YBR245C,YNL290W,0,0.73658395,0.21774379909038544,0.9381237626075745,0.3377675414085388
YNL194C,YOR008C,1,0.73652554,0.21792496740818024,0.9391217827796936,0.3377675414085388
YLR297W,YPR185W,0,0.73592293,0.21787451207637787,0.9391217827796936,0.3378675878047943
YMR240C,YLL055W,0,0.73477113,0.2178240716457367,0.9391217827796936,0.3379676043987274
YLL029W,YIL108W,0,0.73417294,0.2177736610174179,0.9391217827796936,0.3380676209926605
YGL004C,YNR047W,0,0.7341614,0.2177232801914215,0.9391217827796936,0.33816763758659363
YNL335W,YOL062C,0,0.7337096,0.2176729142665863,0.9391217827796936,0.33826765418052673
YNL015W,YNL172W,0,0.73338914,0.2176225781440735,0.9391217827796936,0.33836767077445984
YKR057W,YJL172W,0,0.7332748,0.21757225692272186,0.9391217827796936,0.33846768736839294
YOR324C,YGL216W,0,0.7332363,0.21752196550369263,0.9391217827796936,0.33856770396232605
YCL034W,YHR061C,1,0.73290193,0.21770279109477997,0.940119743347168,0.33856770396232605
YBR156C,YOR338W,0,0.73179615,0.21765249967575073,0.940119743347168,0.33866772055625916
YDL051W,YMR281W,0,0.7302313,0.2176022231578827,0.940119743347168,0.33876776695251465
YMR045C,YKR039W,0,0.7300874,0.21755196154117584,0.940119743347168,0.33886778354644775
YGL186C,YMR130W,0,0.730077,0.21750172972679138,0.940119743347168,0.33896780014038086
YJR075W,YER044C,0,0.72921777,0.2174515277147293,0.940119743347168,0.33906781673431396
YDR103W,YER011W,0,0.72852945,0.21740134060382843,0.940119743347168,0.33916783332824707
YGR282C,YDR494W,0,0.72850895,0.21735118329524994,0.940119743347168,0.3392678499221802
YBR118W,YHR079C,0,0.72799504,0.21730104088783264,0.940119743347168,0.3393678665161133
YJL144W,YHR161C,0,0.72791696,0.21725092828273773,0.940119743347168,0.3394678831100464
YGR275W,YHR056C,0,0.72596264,0.21720083057880402,0.940119743347168,0.3395678997039795
YLR009W,YKR055W,0,0.7250726,0.2171507626771927,0.940119743347168,0.339667946100235
YPR112C,YPL074W,0,0.7247509,0.21710070967674255,0.940119743347168,0.3397679626941681
YBR136W,YCL033C,0,0.72434866,0.2170506864786148,0.940119743347168,0.3398679792881012
YDR131C,YHR091C,0,0.7234366,0.21700069308280945,0.940119743347168,0.3399679958820343
YLR136C,YLR359W,0,0.72321904,0.21695071458816528,0.940119743347168,0.3400680124759674
YOR064C,YPR196W,0,0.72268915,0.2169007658958435,0.940119743347168,0.3401680290699005
YPL202C,YHR091C,0,0.72241485,0.21685083210468292,0.940119743347168,0.3402680456638336
YNL088W,YGR075C,0,0.72202027,0.21680091321468353,0.940119743347168,0.3403680622577667
YJR017C,YPL028W,0,0.72172415,0.21675103902816772,0.940119743347168,0.34046807885169983
YDL035C,YMR260C,0,0.7212944,0.2167011797428131,0.940119743347168,0.3405681252479553
YDR498C,YPR016C,0,0.7204329,0.2166513353586197,0.940119743347168,0.3406681418418884
YNL006W,YPR049C,0,0.7203995,0.21660152077674866,0.940119743347168,0.34076815843582153
YMR184W,YDR291W,0,0.72035074,0.21655172109603882,0.940119743347168,0.34086817502975464
YCR053W,YJR086W,0,0.7192224,0.21650195121765137,0.940119743347168,0.34096819162368774
YAR031W,YJR055W,0,0.71874976,0.2164522111415863,0.940119743347168,0.34106820821762085
YLR304C,YNL298W,0,0.71868956,0.21640248596668243,0.940119743347168,0.34116822481155396
YKL127W,YOL091W,0,0.7186537,0.21635277569293976,0.940119743347168,0.34126824140548706
YDR519W,YOL044W,0,0.7182298,0.21630309522151947,0.940119743347168,0.34136828780174255
YBL097W,YAL003W,0,0.71794176,0.21625344455242157,0.940119743347168,0.34146830439567566
YKL126W,YDR076W,0,0.7178899,0.21620380878448486,0.940119743347168,0.34156832098960876
YOR283W,YER013W,0,0.7168968,0.21615420281887054,0.940119743347168,0.34166833758354187
YDR499W,YKL041W,0,0.71681404,0.21610461175441742,0.940119743347168,0.341768354177475
YFR046C,YNL291C,0,0.7165103,0.21605505049228668,0.940119743347168,0.3418683707714081
YLR424W,YNL314W,0,0.7162553,0.21600550413131714,0.940119743347168,0.3419683873653412
YGR071C,YDR388W,0,0.71611345,0.21595598757266998,0.940119743347168,0.3420684039592743
YBL006C,YDR348C,0,0.715359,0.21590648591518402,0.940119743347168,0.3421684205532074
YHR013C,YBR136W,0,0.7153511,0.21585701406002045,0.940119743347168,0.3422684669494629
YDR033W,YPL231W,0,0.71424854,0.21580755710601807,0.940119743347168,0.342368483543396
YDL055C,YPL206C,0,0.71408796,0.21575812995433807,0.940119743347168,0.3424685001373291
YLR274W,YMR277W,0,0.71400607,0.21570871770381927,0.940119743347168,0.3425685167312622
YGL133W,YDR046C,0,0.7137984,0.21565933525562286,0.940119743347168,0.3426685333251953
YAL024C,YMR282C,0,0.7135879,0.21560998260974884,0.940119743347168,0.3427685499191284
YKL193C,YAR014C,0,0.71300924,0.215560644865036,0.940119743347168,0.3428685665130615
YDR224C,YLR089C,0,0.71246374,0.21551132202148438,0.940119743347168,0.34296858310699463
YDL075W,YER013W,0,0.71236265,0.21546202898025513,0.940119743347168,0.34306859970092773
YKR010C,YHR099W,0,0.71212375,0.21541276574134827,0.940119743347168,0.3431686460971832
YDR501W,YPL074W,0,0.71176374,0.2153635174036026,0.940119743347168,0.34326866269111633
YOR141C,YDR307W,0,0.7115555,0.21531428396701813,0.940119743347168,0.34336867928504944
YOR329C,YHL007C,0,0.7112497,0.21526508033275604,0.940119743347168,0.34346869587898254
YER159C-A,YLR396C,0,0.71118975,0.21521590650081635,0.940119743347168,0.34356871247291565
YGL207W,YDR320C,0,0.7111087,0.21516674757003784,0.940119743347168,0.34366872906684875
YGR091W,YDR003W,0,0.71081495,0.21511760354042053,0.940119743347168,0.34376874566078186
YMR164C,YDR172W,0,0.7104727,0.2150684893131256,0.940119743347168,0.34386876225471497
YDL206W,YGL089C,0,0.7098322,0.21501940488815308,0.940119743347168,0.34396880865097046
YOR197W,YGR255C,0,0.7096642,0.21497033536434174,0.940119743347168,0.34406882524490356
YCR067C,YMR113W,0,0.70957685,0.2149212807416916,0.940119743347168,0.34416884183883667
YDR221W,YDR267C,0,0.7095295,0.21487225592136383,0.940119743347168,0.3442688584327698
YOL117W,YOL065C,0,0.7093184,0.21482326090335846,0.940119743347168,0.3443688750267029
YNL335W,YER082C,0,0.7091886,0.21477428078651428,0.940119743347168,0.344468891620636
YJL117W,YOR232W,0,0.7089828,0.2147253304719925,0.940119743347168,0.3445689082145691
YOR337W,YNR008W,0,0.70887744,0.2146763950586319,0.940119743347168,0.3446689248085022
YNL094W,YPL242C,1,0.7082199,0.21485531330108643,0.9411177635192871,0.3446689248085022
YKL015W,YPL084W,0,0.70805573,0.21480637788772583,0.9411177635192871,0.3447689414024353
YKR024C,YMR121C,0,0.7079358,0.21475745737552643,0.9411177635192871,0.3448689877986908
YBR082C,YIL170W,0,0.7075646,0.21470856666564941,0.9411177635192871,0.3449690043926239
YJR067C,YOL075C,0,0.7074785,0.2146596908569336,0.9411177635192871,0.345069020986557
YKL017C,YPR171W,0,0.7074133,0.21461082994937897,0.9411177635192871,0.3451690375804901
YHR072W,YKL152C,0,0.705912,0.21456199884414673,0.9411177635192871,0.3452690541744232
YDR211W,YPL096W,0,0.70528746,0.21451319754123688,0.9411177635192871,0.3453690707683563
YAL034W-A,YDR261W-A,0,0.7051084,0.21446441113948822,0.9411177635192871,0.34546908736228943
YCR073C,YMR099C,0,0.7051023,0.21441563963890076,0.9411177635192871,0.34556910395622253
YER122C,YER137C-A,0,0.70425284,0.21436689794063568,0.9411177635192871,0.34566912055015564
YDL006W,YMR036C,0,0.70414484,0.214318186044693,0.9411177635192871,0.34576916694641113
YPR080W,YDR195W,0,0.7040889,0.2142694890499115,0.9411177635192871,0.34586918354034424
YDR270W,YIL162W,0,0.70397234,0.2142208069562912,0.9411177635192871,0.34596920013427734
YDR392W,YIR010W,0,0.7037356,0.2141721546649933,0.9411177635192871,0.34606921672821045
YMR235C,YDR216W,0,0.702968,0.21412351727485657,0.9411177635192871,0.34616923332214355
YDR224C,YDR288W,0,0.7028805,0.21407490968704224,0.9411177635192871,0.34626924991607666
YNL147W,YER027C,0,0.702546,0.2140263319015503,0.9411177635192871,0.34636926651000977
YNL152W,YIL095W,1,0.702216,0.21420466899871826,0.9421157836914062,0.34636926651000977
YDR034C-D,YDR194C,0,0.70145786,0.21415607631206512,0.9421157836914062,0.34646928310394287
YNL297C,YOL030W,0,0.7010813,0.21410751342773438,0.9421157836914062,0.346569299697876
YLR043C,YIR017C,0,0.69973993,0.21405895054340363,0.9421157836914062,0.34666934609413147
YER056C-A,YOR347C,0,0.6996523,0.21401043236255646,0.9421157836914062,0.3467693626880646
YDL200C,YDR503C,0,0.6994977,0.21396192908287048,0.9421157836914062,0.3468693792819977
YDL075W,YNL299W,0,0.6992272,0.2139134407043457,0.9421157836914062,0.3469693958759308
YPR158C-D,YPR144C,0,0.69880664,0.2138649821281433,0.9421157836914062,0.3470694124698639
YDR081C,YER124C,0,0.6982806,0.2138165384531021,0.9421157836914062,0.347169429063797
YDR017C,YGL001C,0,0.6982441,0.2137681096792221,0.9421157836914062,0.3472694456577301
YLR394W,YIR013C,0,0.69821763,0.21371972560882568,0.9421157836914062,0.3473694622516632
YGL186C,YPL112C,0,0.6978059,0.21367134153842926,0.9421157836914062,0.3474695086479187
YLR274W,YHR181W,0,0.6974957,0.21362298727035522,0.9421157836914062,0.3475695252418518
YDR022C,YER145C,0,0.6974821,0.21357466280460358,0.9421157836914062,0.3476695418357849
YJL130C,YBR297W,0,0.69671786,0.21352635324001312,0.9421157836914062,0.347769558429718
YER183C,YBR205W,0,0.69648635,0.21347805857658386,0.9421157836914062,0.3478695750236511
YOR085W,YKR046C,0,0.69606984,0.213429793715477,0.9421157836914062,0.34796959161758423
YGL150C,YDR153C,0,0.6957307,0.2133815586566925,0.9421157836914062,0.34806960821151733
YJL189W,YER020W,0,0.6953155,0.2133333384990692,0.9421157836914062,0.34816962480545044
YLL002W,YOL016C,0,0.6944945,0.21328513324260712,0.9421157836914062,0.34826964139938354
YMR022W,YPL275W,0,0.6944425,0.2132369577884674,0.9421157836914062,0.34836968779563904
YPR036W,YNR003C,0,0.693575,0.2131887972354889,0.9421157836914062,0.34846970438957214
YDR466W,YKL085W,0,0.6933546,0.21314066648483276,0.9421157836914062,0.34856972098350525
YKR008W,YIL035C,0,0.69321144,0.21309255063533783,0.9421157836914062,0.34866973757743835
YDR351W,YER175C,0,0.6927037,0.21304446458816528,0.9421157836914062,0.34876975417137146
YKL127W,YPL152W,0,0.6924263,0.21299639344215393,0.9421157836914062,0.34886977076530457
YGL249W,YOL128C,0,0.69232213,0.21294833719730377,0.9421157836914062,0.34896978735923767
YKR010C,YLL038C,0,0.6920247,0.212900310754776,0.9421157836914062,0.3490698039531708
YOR142W-B,YLR307W,0,0.6916872,0.21285231411457062,0.9421157836914062,0.3491698205471039
YDR501W,YKR097W,0,0.6915765,0.21280433237552643,0.9421157836914062,0.3492698669433594
YLR268W,YER113C,0,0.69151783,0.21275636553764343,0.9421157836914062,0.3493698835372925
YMR104C,YKL007W,0,0.69115293,0.21270842850208282,0.9421157836914062,0.3494699001312256
YBR058C-A,YNR026C,0,0.6904191,0.2126605063676834,0.9421157836914062,0.3495699167251587
YBR095C,YGL208W,0,0.6902654,0.21261261403560638,0.9421157836914062,0.3496699333190918
YML104C,YDL236W,0,0.6899413,0.21256473660469055,0.9421157836914062,0.3497699499130249
YGL031C,YER051W,0,0.68970954,0.2125168889760971,0.9421157836914062,0.349869966506958
YML032C,YMR282C,0,0.68947613,0.21246905624866486,0.9421157836914062,0.3499699831008911
YDR218C,YGL181W,1,0.6894059,0.2126462608575821,0.9431137442588806,0.3499699831008911
YMR316W,YBR282W,0,0.6892158,0.21259842813014984,0.9431137442588806,0.3500699996948242
YBR161W,YJR053W,0,0.6890702,0.21255061030387878,0.9431137442588806,0.3501700460910797
YJR098C,YKL212W,0,0.6886848,0.21250280737876892,0.9431137442588806,0.3502700626850128
YJR065C,YNL072W,0,0.6882826,0.21245503425598145,0.9431137442588806,0.3503700792789459
YML015C,YOL158C,0,0.6878247,0.21240727603435516,0.9431137442588806,0.35047009587287903
YDL065C,YDL005C,0,0.68752253,0.21235954761505127,0.9431137442588806,0.35057011246681213
YHR066W,YMR004W,0,0.6873362,0.21231183409690857,0.9431137442588806,0.35067012906074524
YPL257W-B,YHR171W,0,0.68722177,0.21226415038108826,0.9431137442588806,0.35077014565467834
YPR196W,YAL009W,0,0.68720484,0.21221648156642914,0.9431137442588806,0.35087016224861145
YDR218C,YDL204W,1,0.68690467,0.2123933583498001,0.9441117644309998,0.35087016224861145
YLR450W,YNL064C,0,0.6862353,0.2123456746339798,0.9441117644309998,0.35097020864486694
YDL108W,YJR060W,0,0.68595994,0.21229802072048187,0.9441117644309998,0.35107022523880005
YEL053C,YPL015C,0,0.68553805,0.21225039660930634,0.9441117644309998,0.35117024183273315
YGR282C,YDR338C,0,0.68441963,0.212202787399292,0.9441117644309998,0.35127025842666626
YHR116W,YER022W,0,0.6843411,0.21215519309043884,0.9441117644309998,0.35137027502059937
YML128C,YKL220C,0,0.6840862,0.21210762858390808,0.9441117644309998,0.35147029161453247
YDR393W,YPR028W,0,0.6839881,0.2120600789785385,0.9441117644309998,0.3515703082084656
YIL132C,YDR348C,0,0.6834521,0.21201254427433014,0.9441117644309998,0.3516703248023987
YML080W,YEL034W,0,0.68326545,0.21196503937244415,0.9441117644309998,0.3517703413963318
YOR092W,YOR283W,0,0.6831796,0.21191756427288055,0.9441117644309998,0.3518703877925873
YCL027W,YGL147C,0,0.68274224,0.21187010407447815,0.9441117644309998,0.3519704043865204
YER190W,YBL084C,0,0.68243897,0.21182265877723694,0.9441117644309998,0.3520704209804535
YCR097W,YLR098C,0,0.68243444,0.21177524328231812,0.9441117644309998,0.3521704375743866
YGR263C,YLR170C,0,0.6821898,0.21172784268856049,0.9441117644309998,0.3522704541683197
YHR029C,YPL084W,0,0.68195474,0.21168047189712524,0.9441117644309998,0.3523704707622528
YDR233C,YEL040W,1,0.68162155,0.21185682713985443,0.9451097846031189,0.3523704707622528
YNL323W,YDL148C,0,0.6814934,0.211809441447258,0.9451097846031189,0.3524704873561859
YPL164C,YMR319C,0,0.68129134,0.21176207065582275,0.9451097846031189,0.352570503950119
YBL075C,YMR113W,0,0.6811265,0.2117147296667099,0.9451097846031189,0.3526705205440521
YNL053W,YAL041W,0,0.68066895,0.21166741847991943,0.9451097846031189,0.3527705669403076
YDR170W-A,YKL189W,0,0.6804726,0.21162010729312897,0.9451097846031189,0.3528705835342407
YLR264W,YER051W,0,0.68011844,0.2115728259086609,0.9451097846031189,0.35297060012817383
YHR043C,YOR284W,0,0.68005896,0.2115255743265152,0.9451097846031189,0.35307061672210693
YLR386W,YBL098W,0,0.6790961,0.2114783376455307,0.9451097846031189,0.35317063331604004
YER185W,YOR229W,0,0.678702,0.2114311158657074,0.9451097846031189,0.35327064990997314
YNL182C,YDR210W-B,0,0.6784948,0.21138392388820648,0.9451097846031189,0.35337066650390625
YNL300W,YNR056C,0,0.6783563,0.21133676171302795,0.9451097846031189,0.35347068309783936
YPR063C,YLR089C,0,0.6781901,0.21128959953784943,0.9451097846031189,0.35357069969177246
YGL022W,YJL115W,0,0.67810893,0.2112424671649933,0.9451097846031189,0.35367074608802795
YMR304W,YGR112W,0,0.6780633,0.21119536459445953,0.9451097846031189,0.35377076268196106
YJL157C,YKR066C,0,0.6778115,0.21114827692508698,0.9451097846031189,0.35387077927589417
YPL151C,YKL218C,0,0.677282,0.2111012041568756,0.9451097846031189,0.35397079586982727
YLR410W-A,YIL125W,0,0.6771953,0.21105416119098663,0.9451097846031189,0.3540708124637604
YKR048C,YDR245W,0,0.67617714,0.21100713312625885,0.9451097846031189,0.3541708290576935
YDR358W,YDR416W,0,0.6761683,0.21096011996269226,0.9451097846031189,0.3542708456516266
YGL133W,YER112W,0,0.6758536,0.21091313660144806,0.9451097846031189,0.3543708622455597
YBR115C,YGL084C,0,0.67540574,0.21086618304252625,0.9451097846031189,0.3544709086418152
YOR142W-B,YLR401C,0,0.67530644,0.21081922948360443,0.9451097846031189,0.3545709252357483
YOL031C,YDL120W,0,0.6752609,0.210772305727005,0.9451097846031189,0.3546709418296814
YOL002C,YGR246C,0,0.6752455,0.21072541177272797,0.9451097846031189,0.3547709584236145
YJR160C,YOL070C,0,0.67522275,0.21067853271961212,0.9451097846031189,0.3548709750175476
YIL065C,YAL013W,0,0.6751448,0.21063166856765747,0.9451097846031189,0.3549709916114807
YNL050C,YMR068W,0,0.6738417,0.2105848342180252,0.9451097846031189,0.3550710082054138
YPL170W,YCL069W,0,0.6736474,0.21053801476955414,0.9451097846031189,0.3551710247993469
YER087C-A,YPL256C,0,0.67353,0.21049122512340546,0.9451097846031189,0.35527104139328003
YPL122C,YNR003C,0,0.67320645,0.21044445037841797,0.9451097846031189,0.3553710877895355
YMR273C,YMR285C,0,0.67283607,0.21039769053459167,0.9451097846031189,0.35547110438346863
YJR147W,YDL185W,0,0.6726098,0.21035096049308777,0.9451097846031189,0.35557112097740173
YLR216C,YPL244C,0,0.67247546,0.21030424535274506,0.9451097846031189,0.35567113757133484
YLR203C,YBL005W-A,0,0.67221117,0.21025754511356354,0.9451097846031189,0.35577115416526794
YCL034W,YHR107C,1,0.6720953,0.21043285727500916,0.946107804775238,0.35577115416526794
YDR400W,YKL061W,0,0.67187953,0.21038615703582764,0.946107804775238,0.35587117075920105
YDL190C,YBR009C,0,0.6716144,0.2103394716978073,0.946107804775238,0.35597118735313416
YOR067C,YGL223C,0,0.67151403,0.21029281616210938,0.946107804775238,0.35607120394706726
YKR020W,YML046W,0,0.6706046,0.21024617552757263,0.946107804775238,0.35617122054100037
YNL152W,YDR379W,1,0.67023075,0.21042127907276154,0.9471057653427124,0.35617122054100037
YOR007C,YDL155W,0,0.6696273,0.2103746384382248,0.9471057653427124,0.35627126693725586
YIL122W,YDR307W,0,0.6694945,0.21032801270484924,0.9471057653427124,0.35637128353118896
YBL113C,YAL003W,0,0.66848314,0.2102814018726349,0.9471057653427124,0.35647130012512207
YOL039W,YHL009W-B,0,0.6678722,0.21023482084274292,0.9471057653427124,0.3565713167190552
YIL126W,YGL039W,0,0.66742575,0.21018825471401215,0.9471057653427124,0.3566713333129883
YEL056W,YCR093W,0,0.6674173,0.21014171838760376,0.9471057653427124,0.3567713499069214
YLL017W,YOR386W,0,0.6668203,0.21009519696235657,0.9471057653427124,0.3568713665008545
YIR038C,YNL218W,0,0.66606224,0.21004869043827057,0.9471057653427124,0.3569713830947876
YKL163W,YNR043W,0,0.6657288,0.21000221371650696,0.9471057653427124,0.3570713996887207
YPL164C,YLR320W,0,0.6657206,0.20995575189590454,0.9471057653427124,0.3571714460849762
YMR268C,YOL086C,0,0.66526854,0.20990930497646332,0.9471057653427124,0.3572714626789093
YNL245C,YMR049C,0,0.6649375,0.20986288785934448,0.9471057653427124,0.3573714792728424
YNL299W,YKL189W,0,0.66489553,0.20981650054454803,0.9471057653427124,0.3574714958667755
YLR097C,YGL121C,0,0.6644945,0.2097701132297516,0.9471057653427124,0.3575715124607086
YBR276C,YER018C,0,0.66420066,0.20972375571727753,0.9471057653427124,0.3576715290546417
YPR158C-D,YIR010W,0,0.66418517,0.20967741310596466,0.9471057653427124,0.35777154564857483
YOR378W,YLR308W,0,0.6641575,0.20963110029697418,0.9471057653427124,0.35787156224250793
YJR033C,YNL095C,0,0.6638876,0.2095848023891449,0.9471057653427124,0.3579716086387634
YKL020C,YOR391C,0,0.6632291,0.209538534283638,0.9471057653427124,0.35807162523269653
YDR501W,YGR246C,0,0.6630641,0.2094922810792923,0.9471057653427124,0.35817164182662964
YDR090C,YMR139W,0,0.66294074,0.2094460427761078,0.9471057653427124,0.35827165842056274
YBR126C,YLR418C,0,0.6617365,0.20939981937408447,0.9471057653427124,0.35837167501449585
YDL170W,YGL033W,0,0.6612984,0.20935362577438354,0.9471057653427124,0.35847169160842896
YPR164W,YJR103W,0,0.6594485,0.209307461977005,0.9471057653427124,0.35857170820236206
YLR244C,YHR207C,0,0.65933204,0.20926129817962646,0.9471057653427124,0.35867172479629517
YJL099W,YDR531W,0,0.65869355,0.2092151641845703,0.9471057653427124,0.35877174139022827
YFR042W,YNL297C,0,0.65851426,0.20916905999183655,0.9471057653427124,0.35887178778648376
YIL082W-A,YPL204W,0,0.6581774,0.20912295579910278,0.9471057653427124,0.35897180438041687
YMR240C,YGL178W,0,0.6580696,0.2090768963098526,0.9471057653427124,0.35907182097435
YHR050W,YOR344C,0,0.6575897,0.20903083682060242,0.9471057653427124,0.3591718375682831
YER164W,YBR282W,0,0.65652406,0.20898480713367462,0.9471057653427124,0.3592718541622162
YFL002W-B,YFL010W-A,0,0.6563492,0.20893879234790802,0.9471057653427124,0.3593718707561493
YBR273C,YGL038C,0,0.6560222,0.2088928073644638,0.9471057653427124,0.3594718873500824
YAL041W,YNL192W,0,0.6558533,0.2088468372821808,0.9471057653427124,0.3595719039440155
YLL004W,YJR145C,0,0.65580654,0.20880088210105896,0.9471057653427124,0.3596719205379486
YOR084W,YBR253W,0,0.6556798,0.20875495672225952,0.9471057653427124,0.3597719669342041
YDR498C,YFR021W,0,0.65552235,0.20870904624462128,0.9471057653427124,0.3598719835281372
YBR172C,YJR025C,0,0.6543863,0.20866315066814423,0.9471057653427124,0.3599720001220703
YKL090W,YLR089C,0,0.65429366,0.20861728489398956,0.9471057653427124,0.3600720167160034
YLL002W,YHR018C,0,0.6542727,0.2085714340209961,0.9471057653427124,0.3601720333099365
YGR282C,YBR241C,0,0.65341616,0.20852559804916382,0.9471057653427124,0.36027204990386963
YJL005W,YPL151C,0,0.65324855,0.20847979187965393,0.9471057653427124,0.36037206649780273
YOR171C,YDR166C,1,0.65312314,0.20865362882614136,0.9481037855148315,0.36037206649780273
YGR006W,YER019C-A,0,0.65290356,0.20860782265663147,0.9481037855148315,0.36047208309173584
YNL178W,YBR080C,0,0.652285,0.20856201648712158,0.9481037855148315,0.36057209968566895
YGR036C,YGR268C,0,0.65193415,0.20851624011993408,0.9481037855148315,0.36067214608192444
YKL015W,YGR112W,0,0.6514081,0.20847047865390778,0.9481037855148315,0.36077216267585754
YBL042C,YGR252W,0,0.6511549,0.20842474699020386,0.9481037855148315,0.36087217926979065
YHR175W,YDR071C,0,0.65008676,0.20837903022766113,0.9481037855148315,0.36097219586372375
YLR355C,YOR321W,0,0.6500094,0.2083333283662796,0.9481037855148315,0.36107221245765686
YOR251C,YMR047C,0,0.6498828,0.20828765630722046,0.9481037855148315,0.36117222905158997
YGR009C,YHR129C,0,0.6488676,0.2082419991493225,0.9481037855148315,0.36127224564552307
YDL170W,YAL035W,0,0.6483778,0.20819635689258575,0.9481037855148315,0.3613722622394562
YKR098C,YMR193W,0,0.64837456,0.2081507444381714,0.9481037855148315,0.36147230863571167
YNR069C,YDL045W-A,0,0.64813864,0.2081051468849182,0.9481037855148315,0.3615723252296448
YER180C,YBR052C,0,0.64813733,0.20805956423282623,0.9481037855148315,0.3616723418235779
YIL084C,YDL052C,0,0.6478143,0.20801401138305664,0.9481037855148315,0.361772358417511
YOL141W,YCR009C,0,0.647647,0.20796847343444824,0.9481037855148315,0.3618723750114441
YER019W,YCR027C,0,0.64753187,0.20792296528816223,0.9481037855148315,0.3619723916053772
YER039C,YGR068C,0,0.64705825,0.20787745714187622,0.9481037855148315,0.3620724081993103
YBR073W,YJL157C,0,0.6466826,0.2078319787979126,0.9481037855148315,0.3621724247932434
YCL032W,YKL198C,0,0.64563894,0.20778653025627136,0.9481037855148315,0.3622724413871765
YLR034C,YBR021W,0,0.64556503,0.20774108171463013,0.9481037855148315,0.362372487783432
YBR196C,YDR034C-C,0,0.64460194,0.20769567787647247,0.9481037855148315,0.3624725043773651
YGL155W,YBR022W,0,0.6442127,0.20765027403831482,0.9481037855148315,0.3625725209712982
YER125W,YGR200C,0,0.6437255,0.20760490000247955,0.9481037855148315,0.3626725375652313
YDR506C,YKR001C,0,0.64339864,0.20755954086780548,0.9481037855148315,0.36277255415916443
YBR036C,YNR032W,0,0.64330804,0.2075141966342926,0.9481037855148315,0.36287257075309753
YLR343W,YOR285W,0,0.64170146,0.2074688822031021,0.9481037855148315,0.36297258734703064
YOR245C,YOL103W-B,0,0.6414654,0.20742358267307281,0.9481037855148315,0.36307260394096375
YDR067C,YIL009C-A,0,0.64038396,0.2073782980442047,0.9481037855148315,0.36317262053489685
YKR019C,YDR478W,0,0.6402043,0.207333043217659,0.9481037855148315,0.36327266693115234
YDR218C,YIL095W,1,0.6398808,0.207506000995636,0.9491018056869507,0.36327266693115234
YDR324C,YDR446W,0,0.6395731,0.20746073126792908,0.9491018056869507,0.36337268352508545
YMR268C,YLR300W,0,0.63907826,0.20741549134254456,0.9491018056869507,0.36347270011901855
YBR214W,YAL023C,0,0.63897705,0.20737025141716003,0.9491018056869507,0.36357271671295166
YPR041W,YGL065C,0,0.6387447,0.2073250561952591,0.9491018056869507,0.36367273330688477
YLR145W,YNL097C,0,0.63859534,0.20727986097335815,0.9491018056869507,0.36377274990081787
YLR191W,YHL009W-A,0,0.63833857,0.2072346955537796,0.9491018056869507,0.363872766494751
YHR045W,YHR160C,0,0.6378701,0.20718954503536224,0.9491018056869507,0.3639727830886841
YKR061W,YBL100W-A,0,0.63640714,0.20714440941810608,0.9491018056869507,0.3640727996826172
YPR036W,YBR102C,0,0.63609266,0.2070993036031723,0.9491018056869507,0.3641728460788727
YNL135C,YBR136W,0,0.63606715,0.20705421268939972,0.9491018056869507,0.3642728626728058
YER144C,YOL156W,0,0.6353433,0.20700913667678833,0.9491018056869507,0.3643728792667389
YLR100W,YGL148W,0,0.6350101,0.20696409046649933,0.9491018056869507,0.364472895860672
YER020W,YDR363W-A,0,0.6336396,0.20691905915737152,0.9491018056869507,0.3645729124546051
YEL062W,YGR249W,0,0.6336043,0.2068740427494049,0.9491018056869507,0.3646729290485382
YBR281C,YJR105W,0,0.63342357,0.20682905614376068,0.9491018056869507,0.3647729456424713
YOL058W,YMR017W,0,0.63303447,0.20678408443927765,0.9491018056869507,0.3648729622364044
YLR035C-A,YCR040W,0,0.63273907,0.2067391276359558,0.9491018056869507,0.3649730086326599
YNL304W,YBR286W,0,0.63213277,0.20669420063495636,0.9491018056869507,0.365073025226593
YLR207W,YOR022C,0,0.6320833,0.2066492885351181,0.9491018056869507,0.3651730418205261
YPL064C,YDR322W,0,0.6319176,0.20660439133644104,0.9491018056869507,0.36527305841445923
YKR010C,YKR055W,0,0.63085806,0.20655950903892517,0.9491018056869507,0.36537307500839233
YMR090W,YML130C,0,0.63060796,0.2065146565437317,0.9491018056869507,0.36547309160232544
YOR202W,YGR223C,0,0.62976396,0.2064698189496994,0.9491018056869507,0.36557310819625854
YNL218W,YLL012W,0,0.6297449,0.2064250111579895,0.9491018056869507,0.36567312479019165
YMR013C,YLR064W,0,0.6288562,0.2063802033662796,0.9491018056869507,0.36577314138412476
YHR160C,YPL256C,0,0.62826324,0.2063354253768921,0.9491018056869507,0.36587318778038025
YDL025C,YPR075C,0,0.6269635,0.20629067718982697,0.9491018056869507,0.36597320437431335
YEL042W,YHR098C,0,0.62637794,0.20624592900276184,0.9491018056869507,0.36607322096824646
YNL093W,YPL051W,0,0.62630093,0.2062012106180191,0.9491018056869507,0.36617323756217957
YNL079C,YLR287C-A,0,0.62596214,0.20615650713443756,0.9491018056869507,0.36627325415611267
YLR359W,YDR093W,0,0.6254524,0.2061118334531784,0.9491018056869507,0.3663732707500458
YPL258C,YML039W,0,0.6245506,0.20606717467308044,0.9491018056869507,0.3664732873439789
YKR097W,YMR047C,0,0.6244316,0.20602253079414368,0.9491018056869507,0.366573303937912
YNL194C,YDR166C,1,0.6241474,0.20619450509548187,0.9500998258590698,0.366573303937912
YDR324C,YDL097C,0,0.6236197,0.2061498463153839,0.9500998258590698,0.3666733205318451
YGL044C,YOR159C,0,0.6235738,0.20610521733760834,0.9500998258590698,0.3667733669281006
YFL053W,YDR418W,0,0.62341404,0.20606060326099396,0.9500998258590698,0.3668733835220337
YDR210C-C,YDL140C,0,0.62308764,0.20601601898670197,0.9500998258590698,0.3669734001159668
YOR231W,YHL009C,0,0.6226709,0.20597143471240997,0.9500998258590698,0.3670734167098999
YKL210W,YJL029C,0,0.6225395,0.20592688024044037,0.9500998258590698,0.367173433303833
YCL074W,YDR210W,0,0.6225265,0.20588235557079315,0.9500998258590698,0.3672734498977661
YKL188C,YKR062W,0,0.6217947,0.20583783090114594,0.9500998258590698,0.3673734664916992
YJR014W,YGL162W,0,0.6217941,0.2057933360338211,0.9500998258590698,0.3674734830856323
YJL097W,YKR059W,0,0.621678,0.20574887096881866,0.9500998258590698,0.3675735294818878
YNL222W,YLR120C,0,0.62128615,0.20570440590381622,0.9500998258590698,0.3676735460758209
YLR440C,YBR171W,0,0.62122166,0.20565997064113617,0.9500998258590698,0.36777356266975403
YKR048C,YHR062C,0,0.6212187,0.2056155502796173,0.9500998258590698,0.36787357926368713
YHL008C,YGL145W,0,0.6211636,0.20557114481925964,0.9500998258590698,0.36797359585762024
YJL187C,YLR430W,0,0.62044466,0.20552676916122437,0.9500998258590698,0.36807361245155334
YIR037W,YIL170W,0,0.62005556,0.20548240840435028,0.9500998258590698,0.36817362904548645
YKL012W,YLR098C,0,0.62003636,0.2054380625486374,0.9500998258590698,0.36827364563941956
YDR210C-C,YER054C,0,0.61992884,0.2053937464952469,0.9500998258590698,0.36837366223335266
YNL208W,YDR055W,0,0.6196201,0.20534944534301758,0.9500998258590698,0.36847370862960815
YNL259C,YPR042C,0,0.61941504,0.20530515909194946,0.9500998258590698,0.36857372522354126
YJL214W,YIL006W,0,0.6191374,0.20526088774204254,0.9500998258590698,0.36867374181747437
YDR349C,YOR030W,0,0.6172732,0.205216646194458,0.9500998258590698,0.36877375841140747
YLR099C,YER020W,0,0.6164496,0.20517241954803467,0.9500998258590698,0.3688737750053406
YHR085W,YGR081C,0,0.6162188,0.20512820780277252,0.9500998258590698,0.3689737915992737
YDL143W,YDR393W,0,0.6160654,0.20508401095867157,0.9500998258590698,0.3690738081932068
YPL149W,YDR210W,0,0.61575234,0.205039843916893,0.9500998258590698,0.3691738247871399
YLR099C,YOR310C,0,0.6147492,0.20499569177627563,0.9500998258590698,0.369273841381073
YBR156C,YOL125W,0,0.61383843,0.20495155453681946,0.9500998258590698,0.3693738877773285
YHR211W,YER002W,0,0.6135895,0.20490744709968567,0.9500998258590698,0.3694739043712616
YGR192C,YDL208W,0,0.61319757,0.20486335456371307,0.9500998258590698,0.3695739209651947
YGR108W,YGR161W-B,0,0.6128268,0.20481927692890167,0.9500998258590698,0.3696739375591278
YOR217W,YMR182C,0,0.61281705,0.20477521419525146,0.9500998258590698,0.3697739541530609
YBR115C,YEL058W,0,0.61278117,0.20473118126392365,0.9500998258590698,0.369873970746994
YGL097W,YGR133W,0,0.61267555,0.20468716323375702,0.9500998258590698,0.3699739873409271
YMR172W,YDR507C,0,0.6117213,0.2046431601047516,0.9500998258590698,0.37007400393486023
YPL022W,YIL114C,0,0.61121,0.20459918677806854,0.9500998258590698,0.37017402052879333
YDR470C,YKR054C,0,0.610922,0.2045552283525467,0.9500998258590698,0.37027406692504883
YKR001C,YKR060W,0,0.6107955,0.20451128482818604,0.9500998258590698,0.37037408351898193
YGL097W,YNL077W,0,0.610571,0.20446735620498657,0.9500998258590698,0.37047410011291504
YOL093W,YOL151W,0,0.6102669,0.2044234424829483,0.9500998258590698,0.37057411670684814
YIL122W,YFL034C-B,0,0.6101526,0.20437955856323242,0.9500998258590698,0.37067413330078125
YLR145W,YPR125W,0,0.60978997,0.20433568954467773,0.9500998258590698,0.37077414989471436
YCR008W,YDL108W,0,0.60950375,0.20429185032844543,0.9500998258590698,0.37087416648864746
YKR086W,YOR028C,0,0.60918164,0.20424801111221313,0.9500998258590698,0.37097418308258057
YBR265W,YPL158C,0,0.608889,0.20420420169830322,0.9500998258590698,0.37107422947883606
YNR004W,YLL003W,0,0.6088544,0.2041604071855545,0.9500998258590698,0.37117424607276917
YDR510W,YGR241C,1,0.6085752,0.20433104038238525,0.9510977864265442,0.37117424607276917
YDR033W,YOL110W,0,0.60830045,0.20428724586963654,0.9510977864265442,0.37127426266670227
YIL088C,YKL209C,0,0.60828376,0.204243466258049,0.9510977864265442,0.3713742792606354
YPL050C,YBL074C,0,0.60815203,0.20419970154762268,0.9510977864265442,0.3714742958545685
YOR178C,YNL032W,0,0.6075264,0.20415595173835754,0.9510977864265442,0.3715743124485016
YGR014W,YPR060C,0,0.6068734,0.2041122317314148,0.9510977864265442,0.3716743290424347
YOR125C,YPL226W,0,0.60664475,0.20406852662563324,0.9510977864265442,0.3717743456363678
YJL073W,YHR105W,0,0.6066098,0.20402483642101288,0.9510977864265442,0.3718743622303009
YLR350W,YDR432W,0,0.6045022,0.2039811611175537,0.9510977864265442,0.3719744086265564
YER159C-A,YDR128W,0,0.60447264,0.20393751561641693,0.9510977864265442,0.3720744252204895
YCR012W,YKR059W,0,0.60425425,0.20389388501644135,0.9510977864265442,0.3721744418144226
YOR033C,YDR210W-B,0,0.6040752,0.20385026931762695,0.9510977864265442,0.3722744584083557
YDR421W,YER016W,0,0.60374475,0.20380666851997375,0.9510977864265442,0.3723744750022888
YOR171C,YGL233W,1,0.6036335,0.20397691428661346,0.9520958065986633,0.3723744750022888
YJL097W,YMR044W,0,0.60306597,0.20393329858779907,0.9520958065986633,0.3724744915962219
YNL245C,YPR166C,0,0.60284173,0.20388971269130707,0.9520958065986633,0.37257450819015503
YDR315C,YDR229W,0,0.6028199,0.20384615659713745,0.9520958065986633,0.37267452478408813
YJR083C,YDR159W,0,0.6026392,0.20380260050296783,0.9520958065986633,0.37277454137802124
YGR068C,YGL236C,0,0.6023718,0.2037590742111206,0.9520958065986633,0.37287458777427673
YKL103C,YGL163C,0,0.6020844,0.20371556282043457,0.9520958065986633,0.37297460436820984
YPR096C,YCR043C,0,0.60190773,0.20367208123207092,0.9520958065986633,0.37307462096214294
YGL071W,YIL121W,0,0.6012943,0.20362859964370728,0.9520958065986633,0.37317463755607605
YLR427W,YPL268W,0,0.60111046,0.20358514785766602,0.9520958065986633,0.37327465415000916
YJL143W,YPL124W,0,0.60062134,0.20354171097278595,0.9520958065986633,0.37337467074394226
YDL099W,YLR393W,0,0.5999514,0.20349828898906708,0.9520958065986633,0.37347468733787537
YBR203W,YPR124W,0,0.5998509,0.2034548968076706,0.9520958065986633,0.37357470393180847
YMR264W,YER019C-A,0,0.59951055,0.2034115195274353,0.9520958065986633,0.3736747205257416
YGR059W,YEL004W,0,0.5991626,0.2033681571483612,0.9520958065986633,0.37377476692199707
YDR022C,YGL259W,0,0.5984757,0.2033248096704483,0.9520958065986633,0.3738747835159302
YGR109W-B,YEL021W,0,0.5983788,0.2032814770936966,0.9520958065986633,0.3739748001098633
YNR008W,YPR101W,0,0.5973965,0.20323817431926727,0.9520958065986633,0.3740748167037964
YGR006W,YDR071C,0,0.5973438,0.20319488644599915,0.9520958065986633,0.3741748332977295
YML130C,YDR186C,0,0.59679115,0.2031516134738922,0.9520958065986633,0.3742748498916626
YPL016W,YHL009W-A,0,0.59672666,0.20310837030410767,0.9520958065986633,0.3743748664855957
YLR404W,YEL041W,0,0.59622145,0.20306512713432312,0.9520958065986633,0.3744748830795288
YDR454C,YDR258C,0,0.59582675,0.20302191376686096,0.9520958065986633,0.3745749294757843
YML087C,YPR204W,0,0.5956789,0.2029787302017212,0.9520958065986633,0.3746749460697174
YLR459W,YHL009C,0,0.59518886,0.20293554663658142,0.9520958065986633,0.3747749626636505
YOR138C,YKL027W,0,0.59516823,0.20289239287376404,0.9520958065986633,0.3748749792575836
YBR170C,YKR101W,0,0.5948969,0.20284923911094666,0.9520958065986633,0.3749749958515167
YLR071C,YGL201C,0,0.5947721,0.20280611515045166,0.9520958065986633,0.37507501244544983
YGL224C,YIR036C,0,0.594753,0.20276302099227905,0.9520958065986633,0.37517502903938293
YLR240W,YIL034C,0,0.5946622,0.20271992683410645,0.9520958065986633,0.37527504563331604
YML097C,YNL279W,0,0.59428644,0.20267686247825623,0.9520958065986633,0.37537506222724915
YBR098W,YJR064W,0,0.5941324,0.2026338130235672,0.9520958065986633,0.37547510862350464
YLR410W-A,YDL017W,0,0.59325266,0.20259077847003937,0.9520958065986633,0.37557512521743774
YKR001C,YDR202C,0,0.5932238,0.20254777371883392,0.9520958065986633,0.37567514181137085
YKL107W,YGR220C,0,0.593151,0.20250476896762848,0.9520958065986633,0.37577515840530396
YBR082C,YHL047C,0,0.5923821,0.20246179401874542,0.9520958065986633,0.37587517499923706
YBL017C,YGR148C,0,0.59223485,0.20241884887218475,0.9520958065986633,0.37597519159317017
YBR199W,YBR012W-B,0,0.59195733,0.20237590372562408,0.9520958065986633,0.37607520818710327
YIL124W,YOR291W,0,0.59121644,0.2023329734802246,0.9520958065986633,0.3761752247810364
YHR004C,YMR104C,0,0.59109414,0.20229007303714752,0.9520958065986633,0.3762752413749695
YHR019C,YBR258C,0,0.5910107,0.20224718749523163,0.9520958065986633,0.376375287771225
YBR088C,YGL206C,0,0.5909089,0.20220431685447693,0.9520958065986633,0.3764753043651581
YBR290W,YDR302W,0,0.59082437,0.20216147601604462,0.9520958065986633,0.3765753209590912
YOR343W-B,YER153C,0,0.59030545,0.2021186500787735,0.9520958065986633,0.3766753375530243
YJL020C,YGR032W,1,0.5899401,0.20228764414787292,0.9530938267707825,0.3766753375530243
YOL026C,YCR047C,0,0.589885,0.2022448182106018,0.9530938267707825,0.3767753541469574
YOR058C,YEL017C-A,0,0.5886532,0.2022019922733307,0.9530938267707825,0.3768753707408905
YJR155W,YIL035C,0,0.58780766,0.20215918123722076,0.9530938267707825,0.3769753873348236
YDR285W,YKR006C,0,0.5871527,0.20211640000343323,0.9530938267707825,0.3770754039287567
YGL097W,YHR174W,0,0.5867983,0.20207363367080688,0.9530938267707825,0.3771754205226898
YJR065C,YEL012W,0,0.58651066,0.20203088223934174,0.9530938267707825,0.3772754669189453
YDR334W,YGL026C,0,0.5864879,0.20198816061019897,0.9530938267707825,0.3773754835128784
YJR013W,YPL024W,0,0.58562815,0.2019454389810562,0.9530938267707825,0.3774755001068115
YOR219C,YNL080C,0,0.5849472,0.20190274715423584,0.9530938267707825,0.37757551670074463
YDR141C,YNL069C,0,0.5844039,0.20186007022857666,0.9530938267707825,0.37767553329467773
YDR077W,YDR267C,0,0.58399343,0.20181740820407867,0.9530938267707825,0.37777554988861084
YFR003C,YHR143W-A,0,0.5839187,0.20177477598190308,0.9530938267707825,0.37787556648254395
YKR018C,YPL153C,0,0.5838436,0.20173214375972748,0.9530938267707825,0.37797558307647705
YOL092W,YHR081W,0,0.5817851,0.20168954133987427,0.9530938267707825,0.37807562947273254
YBR216C,YGR076C,0,0.5814023,0.20164695382118225,0.9530938267707825,0.37817564606666565
YJR065C,YAL032C,0,0.5813588,0.20160439610481262,0.9530938267707825,0.37827566266059875
YPR186C,YOR232W,0,0.5813348,0.201561838388443,0.9530938267707825,0.37837567925453186
YHR084W,YPL113C,0,0.581298,0.20151931047439575,0.9530938267707825,0.37847569584846497
YCR052W,YLR369W,0,0.5811415,0.2014767974615097,0.9530938267707825,0.37857571244239807
YJL160C,YJL006C,0,0.5808594,0.20143429934978485,0.9530938267707825,0.3786757290363312
YJL062W,YER137C,0,0.5800935,0.2013918161392212,0.9530938267707825,0.3787757456302643
YBR066C,YOR020C,0,0.57899797,0.20134936273097992,0.9530938267707825,0.3788757622241974
YCL032W,YOR274W,0,0.5788511,0.20130690932273865,0.9530938267707825,0.3789758086204529
YHR013C,YDR352W,0,0.57843983,0.20126448571681976,0.9530938267707825,0.379075825214386
YNL121C,YGL233W,0,0.5780723,0.20122207701206207,0.9530938267707825,0.3791758418083191
YNL085W,YDL028C,0,0.5780517,0.20117969810962677,0.9530938267707825,0.3792758584022522
YOL113W,YER013W,0,0.57783306,0.20113731920719147,0.9530938267707825,0.3793758749961853
YMR323W,YER019C-A,0,0.5772122,0.20109497010707855,0.9530938267707825,0.3794758915901184
YGL161C,YMR145C,0,0.5765244,0.20105263590812683,0.9530938267707825,0.3795759081840515
YML104C,YML030W,0,0.57594955,0.2010103166103363,0.9530938267707825,0.3796759247779846
YDR236C,YPL228W,0,0.57584083,0.20096801221370697,0.9530938267707825,0.3797759413719177
YNL146W,YNL119W,0,0.57570815,0.20092573761940002,0.9530938267707825,0.3798759877681732
YJL106W,YLR301W,0,0.57563186,0.20088346302509308,0.9530938267707825,0.3799760043621063
YDR378C,YPL008W,0,0.5755762,0.20084121823310852,0.9530938267707825,0.38007602095603943
YGR144W,YCL030C,0,0.57520354,0.20079898834228516,0.9530938267707825,0.38017603754997253
YCR089W,YLR155C,0,0.5750731,0.20075677335262299,0.9530938267707825,0.38027605414390564
YGR276C,YJR028W,0,0.5745219,0.2007145881652832,0.9530938267707825,0.38037607073783875
YOR126C,YGL054C,0,0.5741005,0.20067240297794342,0.9530938267707825,0.38047608733177185
YGL259W,YBR009C,0,0.5736693,0.20063024759292603,0.9530938267707825,0.38057610392570496
YEL062W,YGL106W,0,0.57260835,0.20058810710906982,0.9530938267707825,0.38067612051963806
YNL208W,YLL036C,0,0.57179344,0.200545996427536,0.9530938267707825,0.38077616691589355
YPL003W,YCL052C,0,0.57139945,0.2005038857460022,0.9530938267707825,0.38087618350982666
YER049W,YPL066W,0,0.57114744,0.20046178996562958,0.9530938267707825,0.38097620010375977
YER130C,YBR298C,0,0.57051325,0.20041972398757935,0.9530938267707825,0.38107621669769287
YPR066W,YCR102C,0,0.5703038,0.2003776729106903,0.9530938267707825,0.381176233291626
YGL100W,YOR343W-B,0,0.5697111,0.20033563673496246,0.9530938267707825,0.3812762498855591
YGR195W,YJR094W-A,0,0.5695276,0.200293630361557,0.9530938267707825,0.3813762664794922
YML131W,YCR077C,0,0.5695038,0.20025162398815155,0.9530938267707825,0.3814762830734253
YLR380W,YPL030W,0,0.56895924,0.20020964741706848,0.9530938267707825,0.3815763294696808
YEL042W,YDL231C,0,0.56879103,0.2001676857471466,0.9530938267707825,0.3816763460636139
YER021W,YBR258C,0,0.5687007,0.20012573897838593,0.9530938267707825,0.381776362657547
YKL116C,YNL072W,0,0.5670624,0.20008380711078644,0.9530938267707825,0.3818763792514801
YGR216C,YLL017W,0,0.56695783,0.20004189014434814,0.9530938267707825,0.3819763958454132
YDL229W,YCR039C,0,0.56670284,0.20000000298023224,0.9530938267707825,0.3820764124393463
YER083C,YJR066W,0,0.5667014,0.19995813071727753,0.9530938267707825,0.3821764290332794
YKL146W,YDR529C,0,0.5666721,0.19991625845432281,0.9530938267707825,0.3822764456272125
YLR238W,YKR067W,0,0.56610084,0.19987443089485168,0.9530938267707825,0.38237646222114563
YNL093W,YOL146W,0,0.56601644,0.19983260333538055,0.9530938267707825,0.3824765086174011
YKL064W,YDL207W,0,0.56507206,0.19979079067707062,0.9530938267707825,0.38257652521133423
YDR320C,YLR225C,0,0.56477904,0.19974900782108307,0.9530938267707825,0.38267654180526733
YNL188W,YDR267C,0,0.5646906,0.1997072398662567,0.9530938267707825,0.38277655839920044
YCL066W,YMR269W,0,0.56455684,0.19966548681259155,0.9530938267707825,0.38287657499313354
YOL056W,YOR076C,0,0.5641593,0.19962374866008759,0.9530938267707825,0.38297659158706665
YGR249W,YNL050C,0,0.5638454,0.1995820254087448,0.9530938267707825,0.38307660818099976
YOR311C,YER162C,0,0.5634062,0.19954033195972443,0.9530938267707825,0.38317662477493286
YDR411C,YHR183W,0,0.5627916,0.19949863851070404,0.9530938267707825,0.38327664136886597
YNL314W,YBR201W,0,0.5626724,0.19945697486400604,0.9530938267707825,0.38337668776512146
YPR058W,YLL034C,0,0.5626651,0.19941532611846924,0.9530938267707825,0.38347670435905457
YJR083C,YNL010W,0,0.56223965,0.19937369227409363,0.9530938267707825,0.38357672095298767
YBR216C,YKL146W,0,0.5619025,0.1993320882320404,0.9530938267707825,0.3836767375469208
YDR393W,YKL173W,0,0.56172156,0.19929048418998718,0.9530938267707825,0.3837767541408539
YDL144C,YDR237W,0,0.561638,0.19924890995025635,0.9530938267707825,0.383876770734787
YEL034W,YNR075W,0,0.5615902,0.1992073357105255,0.9530938267707825,0.3839767873287201
YNL094W,YKL048C,1,0.56138,0.19937434792518616,0.9540917873382568,0.3839767873287201
YBR281C,YER175C,0,0.56116927,0.19933277368545532,0.9540917873382568,0.3840768039226532
YBR235W,YMR134W,0,0.56103325,0.19929122924804688,0.9540917873382568,0.3841768205165863
YMR247C,YJR070C,0,0.5605409,0.19924968481063843,0.9540917873382568,0.3842768669128418
YDL035C,YLR419W,0,0.5593573,0.19920817017555237,0.9540917873382568,0.3843768835067749
YGL166W,YPL220W,0,0.5592977,0.1991666704416275,0.9540917873382568,0.384476900100708
YKR029C,YDR011W,0,0.559131,0.19912518560886383,0.9540917873382568,0.3845769166946411
YMR319C,YER011W,0,0.5588639,0.19908371567726135,0.9540917873382568,0.3846769332885742
YDR162C,YGR095C,0,0.5587758,0.19904226064682007,0.9540917873382568,0.3847769498825073
YGL012W,YJL166W,0,0.55877376,0.19900083541870117,0.9540917873382568,0.38487696647644043
YBR183W,YHR041C,0,0.55868185,0.19895941019058228,0.9540917873382568,0.38497698307037354
YMR122W-A,YDR118W,0,0.55802536,0.19891801476478577,0.9540917873382568,0.38507702946662903
YDR006C,YOL129W,0,0.5577345,0.19887663424015045,0.9540917873382568,0.38517704606056213
YMR159C,YJL124C,0,0.55771303,0.19883526861667633,0.9540917873382568,0.38527706265449524
YNL271C,YHR079C-A,0,0.55748487,0.1987939327955246,0.9540917873382568,0.38537707924842834
YLR320W,YKL218C,0,0.5572226,0.19875259697437286,0.9540917873382568,0.38547709584236145
YIL160C,YLR158C,0,0.55700076,0.19871129095554352,0.9540917873382568,0.38557711243629456
YPL028W,YNL008C,0,0.5559975,0.19866998493671417,0.9540917873382568,0.38567712903022766
YDL015C,YHL047C,0,0.5554627,0.19862870872020721,0.9540917873382568,0.38577714562416077
YPL258C,YGL233W,0,0.5548867,0.19858744740486145,0.9540917873382568,0.38587716221809387
YGR067C,YPL128C,0,0.55481195,0.19854621589183807,0.9540917873382568,0.38597720861434937
YDL065C,YLR368W,0,0.55456066,0.1985049843788147,0.9540917873382568,0.38607722520828247
YOL115W,YLR147C,0,0.55433476,0.19846376776695251,0.9540917873382568,0.3861772418022156
YBR096W,YPL249C,0,0.55354655,0.19842258095741272,0.9540917873382568,0.3862772583961487
YDR411C,YPL028W,0,0.55251706,0.19838140904903412,0.9540917873382568,0.3863772749900818
YPL153C,YGR148C,0,0.5516168,0.1983402520418167,0.9540917873382568,0.3864772915840149
YEL003W,YHR072W,0,0.5516132,0.1982991099357605,0.9540917873382568,0.386577308177948
YNL243W,YHR149C,1,0.5514302,0.19846536219120026,0.955089807510376,0.386577308177948
YBR156C,YGL245W,0,0.5499369,0.19842422008514404,0.955089807510376,0.3866773247718811
YAL017W,YPL180W,0,0.54976904,0.19838307797908783,0.955089807510376,0.3867773413658142
YCR033W,YLR410W-B,0,0.5496433,0.198341965675354,0.955089807510376,0.3868773877620697
YDL110C,YJL184W,0,0.5494729,0.19830086827278137,0.955089807510376,0.3869774043560028
YKL022C,YLR447C,0,0.54886115,0.19825978577136993,0.955089807510376,0.3870774209499359
YBR210W,YDL210W,0,0.5482998,0.1982187181711197,0.955089807510376,0.387177437543869
YPR198W,YMR017W,0,0.54824555,0.19817768037319183,0.955089807510376,0.3872774541378021
YER094C,YDR488C,0,0.54807115,0.19813664257526398,0.955089807510376,0.38737747073173523
YLR394W,YGR049W,0,0.5472466,0.1980956345796585,0.955089807510376,0.38747748732566833
YLR051C,YDL142C,0,0.5471816,0.19805464148521423,0.955089807510376,0.38757750391960144
YLR378C,YMR106C,0,0.54712033,0.19801366329193115,0.955089807510376,0.38767755031585693
YDR047W,YDR011W,0,0.5468826,0.19797269999980927,0.955089807510376,0.38777756690979004
YLR099C,YNL224C,0,0.54636407,0.19793175160884857,0.955089807510376,0.38787758350372314
YDR088C,YMR061W,0,0.5459938,0.19789081811904907,0.955089807510376,0.38797760009765625
YMR161W,YIL162W,0,0.5454372,0.19784989953041077,0.955089807510376,0.38807761669158936
YOR265W,YLR157C-B,0,0.54388714,0.19780901074409485,0.955089807510376,0.38817763328552246
YMR203W,YPL042C,0,0.5438404,0.19776813685894012,0.955089807510376,0.38827764987945557
YNL075W,YIR008C,0,0.5435507,0.1977272778749466,0.955089807510376,0.38837766647338867
YGR281W,YAL032C,0,0.543506,0.19768643379211426,0.955089807510376,0.3884776830673218
YMR263W,YDR293C,0,0.54300416,0.19764560461044312,0.955089807510376,0.38857772946357727
YLR110C,YDR465C,0,0.542819,0.19760479032993317,0.955089807510376,0.3886777460575104
YOL056W,YOR196C,0,0.54266703,0.1975639909505844,0.955089807510376,0.3887777626514435
YOR080W,YHL020C,0,0.5423535,0.19752322137355804,0.955089807510376,0.3888777792453766
YNL297C,YMR008C,0,0.5420681,0.19748246669769287,0.955089807510376,0.3889777958393097
YOL001W,YER051W,0,0.5418899,0.1974417120218277,0.955089807510376,0.3890778124332428
YOR393W,YPR028W,0,0.5405892,0.1974009871482849,0.955089807510376,0.3891778290271759
YNL336W,YOR043W,0,0.5401968,0.19736027717590332,0.955089807510376,0.389277845621109
YGL212W,YML088W,0,0.5401951,0.19731958210468292,0.955089807510376,0.3893778622150421
YOR230W,YER160C,0,0.5386846,0.1972789168357849,0.955089807510376,0.3894779086112976
YPL241C,YNL206C,0,0.53843224,0.1972382515668869,0.955089807510376,0.3895779252052307
YDL205C,YKL061W,0,0.53840065,0.19719761610031128,0.955089807510376,0.3896779417991638
YER046W,YNL054W-B,0,0.5372757,0.19715698063373566,0.955089807510376,0.3897779583930969
YPR108W,YAR010C,0,0.5365448,0.19711637496948242,0.955089807510376,0.38987797498703003
YBR203W,YNR032W,0,0.5355787,0.19707578420639038,0.955089807510376,0.38997799158096313
YOR324C,YPR070W,0,0.5354531,0.19703520834445953,0.955089807510376,0.39007800817489624
YDR206W,YLR057W,0,0.5353706,0.19699464738368988,0.955089807510376,0.39017802476882935
YOR133W,YBL067C,0,0.5353246,0.19695410132408142,0.955089807510376,0.39027804136276245
YLR341W,YML094W,0,0.53502107,0.19691358506679535,0.955089807510376,0.39037808775901794
YLR404W,YDL204W,1,0.53485,0.19707879424095154,0.9560878276824951,0.39037808775901794
YLR291C,YDL208W,0,0.5347675,0.19703826308250427,0.9560878276824951,0.39047810435295105
YOR230W,YLR210W,0,0.53427255,0.196997731924057,0.9560878276824951,0.39057812094688416
YGR282C,YOR347C,0,0.53380215,0.19695723056793213,0.9560878276824951,0.39067813754081726
YJR098C,YER117W,0,0.53346,0.19691675901412964,0.9560878276824951,0.39077815413475037
YKL163W,YDR454C,0,0.5333923,0.19687628746032715,0.9560878276824951,0.39087817072868347
YJR145C,YBR057C,0,0.5331825,0.19683583080768585,0.9560878276824951,0.3909781873226166
YMR198W,YEL064C,0,0.5328939,0.19679540395736694,0.9560878276824951,0.3910782039165497
YDR237W,YPR171W,0,0.53253484,0.19675497710704803,0.9560878276824951,0.3911782503128052
YDL084W,YHR167W,0,0.53216517,0.1967145800590515,0.9560878276824951,0.3912782669067383
YDR195W,YNR043W,0,0.5313866,0.1966741979122162,0.9560878276824951,0.3913782835006714
YPL106C,YLR459W,0,0.5307399,0.19663383066654205,0.9560878276824951,0.3914783000946045
YBL069W,YAR019C,0,0.53065157,0.1965934783220291,0.9560878276824951,0.3915783166885376
YNL321W,YLR166C,0,0.5306419,0.19655314087867737,0.9560878276824951,0.3916783332824707
YDR113C,YGL003C,0,0.53059673,0.19651281833648682,0.9560878276824951,0.3917783498764038
YNL008C,YML049C,0,0.53048027,0.19647252559661865,0.9560878276824951,0.3918783664703369
YOR143C,YML085C,0,0.5300218,0.1964322328567505,0.9560878276824951,0.39197838306427
YMR061W,YGL039W,0,0.5294901,0.1963919699192047,0.9560878276824951,0.3920784294605255
YCL057W,YER153C,0,0.52941144,0.19635170698165894,0.9560878276824951,0.3921784460544586
YGR280C,YNL008C,0,0.5292772,0.19631147384643555,0.9560878276824951,0.3922784626483917
YGL022W,YDR293C,0,0.5285696,0.19627125561237335,0.9560878276824951,0.39237847924232483
YLR336C,YLR147C,0,0.5285218,0.19623105227947235,0.9560878276824951,0.39247849583625793
YKR104W,YOL128C,0,0.52849066,0.19619086384773254,0.9560878276824951,0.39257851243019104
YPL170W,YBR299W,0,0.5281974,0.19615069031715393,0.9560878276824951,0.39267852902412415
YNL085W,YOR187W,0,0.5276562,0.1961105465888977,0.9560878276824951,0.39277854561805725
YLR332W,YDL197C,0,0.5271834,0.19607040286064148,0.9560878276824951,0.39287856221199036
YIR012W,YPL031C,0,0.5264449,0.19603028893470764,0.9560878276824951,0.39297860860824585
YNL197C,YLL017W,0,0.52611864,0.1959901750087738,0.9560878276824951,0.39307862520217896
YNL194C,YGR241C,1,0.5256709,0.1961546391248703,0.9570858478546143,0.39307862520217896
YGL150C,YOL027C,0,0.5254328,0.19611452519893646,0.9570858478546143,0.39317864179611206
YBR229C,YJR055W,0,0.52537,0.19607442617416382,0.9570858478546143,0.39327865839004517
YCR089W,YPR149W,0,0.5249797,0.19603434205055237,0.9570858478546143,0.39337867498397827
YNL107W,YJR152W,0,0.5244485,0.1959942728281021,0.9570858478546143,0.3934786915779114
YJL137C,YKL216W,0,0.5243306,0.19595423340797424,0.9570858478546143,0.3935787081718445
YCR068W,YOR180C,0,0.5241629,0.19591419398784637,0.9570858478546143,0.3936787247657776
YMR323W,YBR048W,0,0.52344406,0.1958741843700409,0.9570858478546143,0.3937787413597107
YOR142W-B,YGR166W,0,0.5230596,0.1958341896533966,0.9570858478546143,0.3938787877559662
YBL092W,YDL179W,0,0.52172947,0.19579419493675232,0.9570858478546143,0.3939788043498993
YKR101W,YNR069C,0,0.52113855,0.19575423002243042,0.9570858478546143,0.3940788209438324
YDR267C,YGR092W,0,0.5209458,0.19571428000926971,0.9570858478546143,0.3941788375377655
YGR198W,YPL074W,1,0.51899254,0.19587838649749756,0.9580838084220886,0.3941788375377655
YOR092W,YLL022C,0,0.5185795,0.19583843648433685,0.9580838084220886,0.3942788541316986
YOR217W,YJL192C,0,0.51823735,0.19579848647117615,0.9580838084220886,0.3943788707256317
YKR102W,YGL168W,0,0.5169971,0.19575856626033783,0.9580838084220886,0.3944788873195648
YBR142W,YIL023C,0,0.5168067,0.1957186609506607,0.9580838084220886,0.3945789039134979
YPL153C,YPL026C,0,0.5167347,0.19567875564098358,0.9580838084220886,0.3946789503097534
YKR105C,YGL172W,0,0.5160878,0.19563888013362885,0.9580838084220886,0.3947789669036865
YMR260C,YFR015C,0,0.51601017,0.1955990195274353,0.9580838084220886,0.39487898349761963
YHR079C,YLR233C,0,0.5158949,0.19555917382240295,0.9580838084220886,0.39497900009155273
YML037C,YLR003C,0,0.5154513,0.1955193430185318,0.9580838084220886,0.39507901668548584
YBR014C,YOL027C,0,0.5152987,0.19547954201698303,0.9580838084220886,0.39517903327941895
YLR329W,YIL027C,0,0.5148009,0.19543974101543427,0.9580838084220886,0.39527904987335205
YBL028C,YKL112W,0,0.51463187,0.1953999549150467,0.9580838084220886,0.39537906646728516
YGR177C,YDL245C,0,0.51441205,0.1953601986169815,0.9580838084220886,0.39547908306121826
YPL276W,YCR014C,0,0.51336145,0.19532044231891632,0.9580838084220886,0.39557912945747375
YNR036C,YHR083W,0,0.5130267,0.19528071582317352,0.9580838084220886,0.39567914605140686
YPR192W,YMR284W,0,0.51289487,0.19524100422859192,0.9580838084220886,0.39577916264533997
YOR210W,YGR279C,0,0.5126895,0.1952013075351715,0.9580838084220886,0.39587917923927307
YMR180C,YOR371C,0,0.512581,0.1951616108417511,0.9580838084220886,0.3959791958332062
YLR447C,YBL101C,0,0.51215196,0.19512194395065308,0.9580838084220886,0.3960792124271393
YDR222W,YPL268W,0,0.5120604,0.19508230686187744,0.9580838084220886,0.3961792290210724
YLL029W,YPR035W,0,0.51138914,0.1950426697731018,0.9580838084220886,0.3962792456150055
YJL053W,YGR277C,0,0.51134014,0.19500304758548737,0.9580838084220886,0.3963792622089386
YOR080W,YLR084C,0,0.5105984,0.19496344029903412,0.9580838084220886,0.3964793086051941
YGR002C,YNL119W,0,0.51017547,0.19492386281490326,0.9580838084220886,0.3965793251991272
YLL033W,YMR170C,0,0.50997615,0.1948842853307724,0.9580838084220886,0.3966793417930603
YJL020C,YKL152C,0,0.50989974,0.19484473764896393,0.9580838084220886,0.3967793583869934
YGR282C,YPL275W,0,0.50982916,0.19480518996715546,0.9580838084220886,0.3968793749809265
YKR105C,YOL125W,0,0.5087285,0.19476567208766937,0.9580838084220886,0.3969793915748596
YHR017W,YMR052W,0,0.50839126,0.19472616910934448,0.9580838084220886,0.3970794081687927
YHR025W,YBR257W,0,0.5083188,0.1946866810321808,0.9580838084220886,0.39717942476272583
YOR003W,YJL171C,0,0.5082345,0.19464720785617828,0.9580838084220886,0.39727944135665894
YGR158C,YLR176C,0,0.50772727,0.19460774958133698,0.9580838084220886,0.39737948775291443
YER094C,YHR002W,0,0.50764525,0.19456830620765686,0.9580838084220886,0.39747950434684753
YNL208W,YKL213C,0,0.5066824,0.19452887773513794,0.9580838084220886,0.39757952094078064
YMR046C,YDR288W,0,0.5066736,0.1944894641637802,0.9580838084220886,0.39767953753471375
YMR167W,YNL283C,0,0.5065346,0.19445006549358368,0.9580838084220886,0.39777955412864685
YGR135W,YDL010W,0,0.50612724,0.19441069662570953,0.9580838084220886,0.39787957072257996
YCR066W,YGL201C,0,0.50611925,0.1943713277578354,0.9580838084220886,0.39797958731651306
YOR047C,YDR074W,0,0.50599265,0.19433198869228363,0.9580838084220886,0.39807960391044617
YLR132C,YDR381C-A,0,0.50561345,0.19429264962673187,0.9580838084220886,0.39817965030670166
YDR483W,YJL122W,0,0.5054281,0.1942533403635025,0.9580838084220886,0.39827966690063477
YNR070W,YGL009C,0,0.5053303,0.19421404600143433,0.9580838084220886,0.39837968349456787
YPL127C,YGR239C,0,0.50530624,0.19417475163936615,0.9580838084220886,0.398479700088501
YLR383W,YJL030W,0,0.5050787,0.19413548707962036,0.9580838084220886,0.3985797166824341
YGR177C,YDR447C,0,0.5047263,0.19409623742103577,0.9580838084220886,0.3986797332763672
YDR320C,YML018C,0,0.5040846,0.19405700266361237,0.9580838084220886,0.3987797498703003
YOR329C,YCL074W,0,0.5024915,0.19401778280735016,0.9580838084220886,0.3988797664642334
YJL047C,YDR529C,0,0.5019407,0.19397857785224915,0.9580838084220886,0.3989797830581665
YOL091W,YDL110C,0,0.5018828,0.19393938779830933,0.9580838084220886,0.399079829454422
YJR060W,YGL095C,0,0.5017909,0.1939002275466919,0.9580838084220886,0.3991798460483551
YBR195C,YOR275C,0,0.5014458,0.19386106729507446,0.9580838084220886,0.3992798626422882
YLR240W,YMR121C,0,0.50142765,0.19382192194461823,0.9580838084220886,0.3993798792362213
YIR011C,YDR013W,0,0.5012791,0.19378280639648438,0.9580838084220886,0.3994798958301544
YLL004W,YGL012W,0,0.5011848,0.19374369084835052,0.9580838084220886,0.3995799124240875
YDR520C,YER012W,0,0.49952754,0.19370460510253906,0.9580838084220886,0.39967992901802063
YKL127W,YNL160W,0,0.4990696,0.1936655193567276,0.9580838084220886,0.39977994561195374
YBR294W,YPL152W,0,0.4990119,0.19362646341323853,0.9580838084220886,0.39987996220588684
YLR403W,YJL123C,0,0.49886373,0.19358742237091064,0.9580838084220886,0.39998000860214233
YKR062W,YNL245C,0,0.49826434,0.19354838132858276,0.9580838084220886,0.40008002519607544
YDR103W,YPR024W,0,0.49826267,0.19350937008857727,0.9580838084220886,0.40018004179000854
YKR030W,YDR082W,0,0.49824473,0.19347037374973297,0.9580838084220886,0.40028005838394165
YAL020C,YDR423C,0,0.49801412,0.19343139231204987,0.9580838084220886,0.40038007497787476
YOR362C,YLR291C,0,0.4979951,0.19339242577552795,0.9580838084220886,0.40048009157180786
YDR334W,YDL109C,0,0.49687526,0.19335347414016724,0.9580838084220886,0.40058010816574097
YDL195W,YGR109W-B,0,0.49656287,0.1933145374059677,0.9580838084220886,0.4006801247596741
YMR296C,YHR135C,0,0.49627832,0.19327561557292938,0.9580838084220886,0.4007801413536072
YIL090W,YIL085C,0,0.49614695,0.19323670864105225,0.9580838084220886,0.40088018774986267
YER137C-A,YDR364C,0,0.4961051,0.1931978315114975,0.9580838084220886,0.4009802043437958
YGR295C,YOL151W,0,0.49591222,0.19315895438194275,0.9580838084220886,0.4010802209377289
YDR304C,YMR319C,0,0.49550894,0.1931200921535492,0.9580838084220886,0.401180237531662
YDR056C,YOR149C,0,0.49502423,0.19308125972747803,0.9580838084220886,0.4012802541255951
YDR378C,YOL082W,0,0.49356022,0.19304242730140686,0.9580838084220886,0.4013802707195282
YCR008W,YNR063W,0,0.49345157,0.19300362467765808,0.9580838084220886,0.4014802873134613
YDR155C,YJR091C,0,0.4934471,0.1929648220539093,0.9580838084220886,0.4015803039073944
YPR073C,YOL038W,0,0.49322978,0.1929260492324829,0.9580838084220886,0.4016803503036499
YGR148C,YDR489W,0,0.4925467,0.19288727641105652,0.9580838084220886,0.401780366897583
YLR157C-A,YER185W,0,0.4921836,0.19284853339195251,0.9580838084220886,0.4018803834915161
YCL032W,YDR047W,0,0.4918826,0.1928098052740097,0.9580838084220886,0.4019804000854492
YMR221C,YIL040W,0,0.49184087,0.1927710771560669,0.9580838084220886,0.4020804166793823
YOL107W,YLL041C,0,0.49158314,0.19273237884044647,0.9580838084220886,0.40218043327331543
YGL190C,YBR222C,0,0.49108317,0.19269369542598724,0.9580838084220886,0.40228044986724854
YGR227W,YDR182W,0,0.4906985,0.1926550269126892,0.9580838084220886,0.40238046646118164
YHR077C,YLR166C,0,0.49060276,0.19261637330055237,0.9580838084220886,0.40248048305511475
YDL007W,YER061C,0,0.49039117,0.19257773458957672,0.9580838084220886,0.40258052945137024
YMR240C,YIL084C,0,0.48910335,0.19253911077976227,0.9580838084220886,0.40268054604530334
YGR288W,YLR164W,0,0.48908845,0.192500501871109,0.9580838084220886,0.40278056263923645
YPL012W,YCR094W,0,0.48831764,0.19246190786361694,0.9580838084220886,0.40288057923316956
YBR118W,YJL052W,0,0.48810354,0.19242332875728607,0.9580838084220886,0.40298059582710266
YBR229C,YDR393W,0,0.48720464,0.1923847645521164,0.9580838084220886,0.40308061242103577
YMR088C,YMR194W,0,0.4862472,0.1923462301492691,0.9580838084220886,0.40318062901496887
YCL011C,YDR531W,0,0.48624662,0.19230769574642181,0.9580838084220886,0.403280645608902
YAL022C,YNL325C,0,0.48623237,0.19226917624473572,0.9580838084220886,0.4033806622028351
YAL024C,YEL026W,0,0.4858183,0.19223067164421082,0.9580838084220886,0.4034807085990906
YPR072W,YER069W,0,0.48488858,0.1921921968460083,0.9580838084220886,0.4035807251930237
YBR203W,YML048W,0,0.48461643,0.1921537220478058,0.9580838084220886,0.4036807417869568
YHR102W,YDL141W,0,0.48458555,0.19211526215076447,0.9580838084220886,0.4037807583808899
YBL050W,YPL270W,0,0.4843581,0.19207683205604553,0.9580838084220886,0.403880774974823
YJR161C,YDR164C,0,0.48345122,0.1920384019613266,0.9580838084220886,0.4039807915687561
YMR218C,YGL031C,0,0.48337522,0.19200000166893005,0.9580838084220886,0.4040808081626892
YLR127C,YPL031C,0,0.48324278,0.1919616013765335,0.9580838084220886,0.4041808247566223
YDR056C,YLR329W,0,0.4831849,0.19192323088645935,0.9580838084220886,0.4042808413505554
YPL057C,YJR060W,0,0.48316625,0.1918848752975464,0.9580838084220886,0.4043808877468109
YDR349C,YHR178W,0,0.48316517,0.19184651970863342,0.9580838084220886,0.404480904340744
YBR177C,YLR396C,0,0.48284802,0.19180819392204285,0.9580838084220886,0.4045809209346771
YDR485C,YJL206C,0,0.48223606,0.19176988303661346,0.9580838084220886,0.40468093752861023
YOR080W,YOR140W,0,0.48216453,0.19173157215118408,0.9580838084220886,0.40478095412254333
YPR026W,YBR022W,0,0.48192266,0.1916932910680771,0.9580838084220886,0.40488097071647644
YER049W,YOR085W,0,0.48182252,0.1916550248861313,0.9580838084220886,0.40498098731040955
YJL144W,YMR113W,0,0.4815471,0.19161677360534668,0.9580838084220886,0.40508100390434265
YLR078C,YLL022C,0,0.48147592,0.19157852232456207,0.9580838084220886,0.40518105030059814
YHR206W,YIL168W,0,0.48126575,0.19154030084609985,0.9580838084220886,0.40528106689453125
YEL021W,YNL172W,0,0.48060092,0.19150209426879883,0.9580838084220886,0.40538108348846436
YLL028W,YOR180C,0,0.480545,0.191463902592659,0.9580838084220886,0.40548110008239746
YDR346C,YPL220W,0,0.48009548,0.19142572581768036,0.9580838084220886,0.40558111667633057
YOR257W,YHL020C,0,0.47992048,0.19138756394386292,0.9580838084220886,0.40568113327026367
YER039C,YMR026C,0,0.47882953,0.19134941697120667,0.9580838084220886,0.4057811498641968
YLR028C,YOR038C,0,0.47838953,0.1913112848997116,0.9580838084220886,0.4058811664581299
YLR160C,YGR049W,0,0.4780034,0.19127316772937775,0.9580838084220886,0.405981183052063
YMR296C,YOR348C,0,0.47786978,0.19123506546020508,0.9580838084220886,0.4060812294483185
YBR215W,YDR082W,0,0.47727266,0.1911969780921936,0.9580838084220886,0.4061812460422516
YER133W,YNL223W,0,0.47722694,0.19115890562534332,0.9580838084220886,0.4062812626361847
YDR485C,YNL116W,0,0.4771286,0.19112084805965424,0.9580838084220886,0.4063812792301178
YLR320W,YGR203W,0,0.4771081,0.19108280539512634,0.9580838084220886,0.4064812958240509
YAL021C,YBR120C,0,0.4769118,0.19104477763175964,0.9580838084220886,0.406581312417984
YPR058W,YFL003C,0,0.476065,0.19100676476955414,0.9580838084220886,0.4066813290119171
YHR042W,YOR187W,0,0.47592637,0.19096876680850983,0.9580838084220886,0.4067813456058502
YHL034C,YNR047W,0,0.47583345,0.1909307837486267,0.9580838084220886,0.4068813621997833
YPL164C,YHR034C,0,0.47532633,0.19089281558990479,0.9580838084220886,0.4069814085960388
YPL144W,YMR017W,0,0.4750115,0.19085487723350525,0.9580838084220886,0.4070814251899719
YER007W,YBR066C,0,0.47417918,0.1908169388771057,0.9580838084220886,0.40718144178390503
YOR046C,YKL209C,0,0.4734296,0.19077901542186737,0.9580838084220886,0.40728145837783813
YLR399C,YBR037C,0,0.4733865,0.19074110686779022,0.9580838084220886,0.40738147497177124
YDR034C-C,YJL092W,0,0.47263482,0.19070321321487427,0.9580838084220886,0.40748149156570435
YFR006W,YMR135C,0,0.4725946,0.1906653493642807,0.9580838084220886,0.40758150815963745
YMR142C,YML038C,0,0.47239044,0.19062748551368713,0.9580838084220886,0.40768152475357056
YER003C,YMR224C,0,0.47188833,0.19058963656425476,0.9580838084220886,0.40778157114982605
YGR098C,YBR187W,0,0.47129974,0.19055180251598358,0.9580838084220886,0.40788158774375916
YDR228C,YML072C,0,0.47096482,0.1905139982700348,0.9580838084220886,0.40798160433769226
YDL069C,YMR301C,0,0.47069559,0.190476194024086,0.9580838084220886,0.40808162093162537
YNL188W,YPL060W,0,0.47052535,0.1904384046792984,0.9580838084220886,0.40818163752555847
YDR358W,YHL018W,0,0.47009733,0.190400630235672,0.9580838084220886,0.4082816541194916
YNL147W,YDR240C,0,0.4697465,0.19036288559436798,0.9580838084220886,0.4083816707134247
YDR051C,YAL008W,0,0.46960154,0.19032514095306396,0.9580838084220886,0.4084816873073578
YEL021W,YJR006W,0,0.46889266,0.19028741121292114,0.9580838084220886,0.4085817039012909
YER007W,YNL052W,0,0.4675921,0.19024969637393951,0.9580838084220886,0.4086817502975464
YLR174W,YNL218W,0,0.46732888,0.19021201133728027,0.9580838084220886,0.4087817668914795
YCR092C,YML104C,0,0.46693024,0.19017432630062103,0.9580838084220886,0.4088817834854126
YGL008C,YDL153C,0,0.46672246,0.19013665616512299,0.9580838084220886,0.4089818000793457
YGR282C,YIR008C,0,0.46658537,0.19009901583194733,0.9580838084220886,0.4090818166732788
YFR055W,YOR099W,0,0.46636382,0.19006137549877167,0.9580838084220886,0.4091818332672119
YDR097C,YPL053C,0,0.466103,0.1900237500667572,0.9580838084220886,0.409281849861145
YBL058W,YBR018C,0,0.46550038,0.18998613953590393,0.9580838084220886,0.4093818664550781
YNL135C,YOL129W,0,0.46495453,0.18994855880737305,0.9580838084220886,0.40948188304901123
YNL115C,YLL028W,0,0.4648718,0.18991097807884216,0.9580838084220886,0.4095819294452667
YCL020W,YGR006W,0,0.46459058,0.18987341225147247,0.9580838084220886,0.40968194603919983
YML014W,YGL003C,0,0.46454695,0.18983587622642517,0.9580838084220886,0.40978196263313293
YMR316W,YDR056C,0,0.46446624,0.18979834020137787,0.9580838084220886,0.40988197922706604
YDR392W,YEL056W,0,0.46421918,0.18976081907749176,0.9580838084220886,0.40998199582099915
YHR061C,YLL038C,1,0.46420673,0.18992094695568085,0.9590818285942078,0.40998199582099915
YPR164W,YPR125W,0,0.46385893,0.18988342583179474,0.9590818285942078,0.41008201241493225
YGL086W,YDR421W,0,0.46322837,0.18984590470790863,0.9590818285942078,0.41018202900886536
YNR010W,YGR148C,0,0.46310768,0.1898084133863449,0.9590818285942078,0.41028204560279846
YDL156W,YHL036W,0,0.4629803,0.18977093696594238,0.9590818285942078,0.41038206219673157
YER165W,YCR102C,0,0.46209338,0.18973346054553986,0.9590818285942078,0.41048210859298706
YNL115C,YPL172C,0,0.46202978,0.18969601392745972,0.9590818285942078,0.41058212518692017
YIL006W,YOR030W,0,0.46131846,0.18965858221054077,0.9590818285942078,0.41068214178085327
YJL160C,YMR300C,0,0.46128574,0.18962115049362183,0.9590818285942078,0.4107821583747864
YBL016W,YDR379W,0,0.46119705,0.18958374857902527,0.9590818285942078,0.4108821749687195
YOR283W,YBR176W,0,0.46079066,0.1895463466644287,0.9590818285942078,0.4109821915626526
YBL075C,YPR187W,0,0.4604114,0.18950897455215454,0.9590818285942078,0.4110822081565857
YGL212W,YDR530C,0,0.4603373,0.18947160243988037,0.9590818285942078,0.4111822247505188
YGL106W,YLR155C,0,0.45974067,0.1894342601299286,0.9590818285942078,0.4112822711467743
YMR143W,YLR429W,0,0.45958975,0.189396932721138,0.9590818285942078,0.4113822877407074
YPL017C,YNL292W,0,0.45948187,0.1893596053123474,0.9590818285942078,0.4114823043346405
YLR310C,YER144C,0,0.45935127,0.1893223077058792,0.9590818285942078,0.4115823209285736
YJR145C,YNL227C,0,0.4581572,0.189285010099411,0.9590818285942078,0.4116823375225067
YDR142C,YHR186C,0,0.45770976,0.1892477422952652,0.9590818285942078,0.4117823541164398
YGR282C,YOL070C,0,0.4572163,0.18921047449111938,0.9590818285942078,0.4118823707103729
YGR227W,YBR287W,0,0.45705792,0.18917322158813477,0.9590818285942078,0.41198238730430603
YMR164C,YKL041W,0,0.4566519,0.18913599848747253,0.9590818285942078,0.41208240389823914
YBR192W,YDR352W,0,0.4553924,0.1890987753868103,0.9590818285942078,0.41218245029449463
YCR053W,YDR478W,0,0.45523217,0.18906158208847046,0.9590818285942078,0.41228246688842773
YIL171W,YBR278W,0,0.45516828,0.18902438879013062,0.9590818285942078,0.41238248348236084
YML130C,YLR395C,0,0.45488742,0.18898721039295197,0.9590818285942078,0.41248250007629395
YHR042W,YDR382W,0,0.45484462,0.1889500617980957,0.9590818285942078,0.41258251667022705
YNL015W,YOL049W,0,0.45465496,0.18891291320323944,0.9590818285942078,0.41268253326416016
YBR041W,YNL016W,0,0.45431665,0.18887577950954437,0.9590818285942078,0.41278254985809326
YMR123W,YPR082C,0,0.45421693,0.1888386756181717,0.9590818285942078,0.41288256645202637
YER011W,YIL094C,0,0.45407733,0.188801571726799,0.9590818285942078,0.4129825830459595
YFL002W-B,YNL232W,0,0.4535989,0.18876448273658752,0.9590818285942078,0.41308262944221497
YDR117C,YLR447C,0,0.45348296,0.18872740864753723,0.9590818285942078,0.41318264603614807
YDL129W,YDR529C,0,0.45308235,0.18869036436080933,0.9590818285942078,0.4132826626300812
YJL121C,YAL054C,0,0.4529316,0.18865332007408142,0.9590818285942078,0.4133826792240143
YML075C,YLR421C,0,0.45272192,0.1886162906885147,0.9590818285942078,0.4134826958179474
YLR450W,YKL096W,0,0.45272127,0.1885792762041092,0.9590818285942078,0.4135827124118805
YMR193W,YBR103W,0,0.45270804,0.18854227662086487,0.9590818285942078,0.4136827290058136
YDL121C,YCR030C,0,0.45242432,0.18850529193878174,0.9590818285942078,0.4137827455997467
YDR465C,YLR013W,0,0.45216826,0.1884683221578598,0.9590818285942078,0.4138827621936798
YKR050W,YJR040W,0,0.4520965,0.18843136727809906,0.9590818285942078,0.4139828085899353
YNL035C,YGR203W,0,0.4516591,0.1883944272994995,0.9590818285942078,0.4140828251838684
YLL009C,YLR341W,0,0.45163575,0.18835750222206116,0.9590818285942078,0.4141828417778015
YPL038W,YNL005C,0,0.45135382,0.188320592045784,0.9590818285942078,0.4142828583717346
YCR008W,YLL008W,0,0.4513332,0.18828369677066803,0.9590818285942078,0.4143828749656677
YKR086W,YGR200C,0,0.45122364,0.18824681639671326,0.9590818285942078,0.41448289155960083
YJL116C,YPR042C,0,0.4495975,0.18820995092391968,0.9590818285942078,0.41458290815353394
YDR454C,YLR208W,0,0.44947758,0.1881731003522873,0.9590818285942078,0.41468292474746704
YDL099W,YDR330W,0,0.44938394,0.1881362497806549,0.9590818285942078,0.41478297114372253
YPL023C,YBR196C,0,0.44855973,0.1880994290113449,0.9590818285942078,0.41488298773765564
YLR373C,YGL236C,0,0.44852248,0.1880626231431961,0.9590818285942078,0.41498300433158875
YER160C,YGR278W,0,0.44844022,0.1880258321762085,0.9590818285942078,0.41508302092552185
YPL007C,YOR043W,0,0.44838938,0.1879890412092209,0.9590818285942078,0.41518303751945496
YJL207C,YKL073W,0,0.4483575,0.18795228004455566,0.9590818285942078,0.41528305411338806
YPR132W,YDR107C,0,0.4482492,0.18791551887989044,0.9590818285942078,0.41538307070732117
YCL055W,YGL145W,0,0.44807777,0.1878787875175476,0.9590818285942078,0.4154830873012543
YCR073C,YKR087C,0,0.44805458,0.18784207105636597,0.9590818285942078,0.4155831038951874
YJL129C,YJL093C,0,0.44755915,0.18780535459518433,0.9590818285942078,0.41568315029144287
YJR103W,YDR058C,0,0.4471996,0.18776865303516388,0.9590818285942078,0.415783166885376
YOR303W,YKL154W,0,0.4471189,0.18773198127746582,0.9590818285942078,0.4158831834793091
YDR291W,YDL180W,0,0.44707373,0.18769530951976776,0.9590818285942078,0.4159832000732422
YML006C,YPR035W,0,0.4470732,0.1876586675643921,0.9590818285942078,0.4160832166671753
YER104W,YLL050C,0,0.4463301,0.18762202560901642,0.9590818285942078,0.4161832332611084
YOL088C,YHL007C,0,0.44595882,0.18758539855480194,0.9590818285942078,0.4162832498550415
YNL220W,YPL275W,0,0.44536588,0.18754878640174866,0.9590818285942078,0.4163832664489746
YHR042W,YMR229C,0,0.4450927,0.18751218914985657,0.9590818285942078,0.4164832830429077
YJR010C-A,YMR088C,0,0.44484475,0.18747562170028687,0.9590818285942078,0.4165833294391632
YHR183W,YMR170C,0,0.44418696,0.18743905425071716,0.9590818285942078,0.4166833460330963
YMR042W,YNR067C,0,0.44416746,0.18740250170230865,0.9590818285942078,0.4167833626270294
YGL043W,YDR116C,0,0.4429367,0.18736596405506134,0.9590818285942078,0.4168833792209625
YDL195W,YJR107W,0,0.44272175,0.18732944130897522,0.9590818285942078,0.41698339581489563
YCR017C,YOL019W,0,0.44225118,0.1872929185628891,0.9590818285942078,0.41708341240882874
YKL183W,YML085C,0,0.44162193,0.18725642561912537,0.9590818285942078,0.41718342900276184
YNR004W,YER146W,0,0.44093326,0.18721994757652283,0.9590818285942078,0.41728344559669495
YKL082C,YER075C,0,0.44072488,0.18718348443508148,0.9590818285942078,0.41738346219062805
YPL101W,YBL055C,0,0.44025508,0.18714703619480133,0.9590818285942078,0.41748350858688354
YPL249C-A,YDR034C-D,0,0.4401895,0.18711058795452118,0.9590818285942078,0.41758352518081665
YLR214W,YJL165C,0,0.43991092,0.18707416951656342,0.9590818285942078,0.41768354177474976
YJL214W,YJL200C,0,0.4392561,0.18703775107860565,0.9590818285942078,0.41778355836868286
YNL152W,YPR171W,1,0.43923047,0.18719595670700073,0.9600798487663269,0.41778355836868286
YKL096W,YMR217W,0,0.43867692,0.18715953826904297,0.9600798487663269,0.41788357496261597
YLR394W,YDR120C,0,0.43721858,0.1871231347322464,0.9600798487663269,0.4179835915565491
YOR140W,YNL007C,0,0.43697008,0.18708673119544983,0.9600798487663269,0.4180836081504822
YNR051C,YAL042W,0,0.4368637,0.18705035746097565,0.9600798487663269,0.4181836247444153
YOR297C,YJR086W,0,0.43683878,0.18701399862766266,0.9600798487663269,0.4182836711406708
YLR157C-B,YER140W,0,0.4364629,0.18697765469551086,0.9600798487663269,0.4183836877346039
YJL047C,YOL112W,0,0.43636265,0.18694131076335907,0.9600798487663269,0.418483704328537
YCL033C,YOL003C,0,0.43613818,0.18690499663352966,0.9600798487663269,0.4185837209224701
YDL195W,YKL125W,0,0.43564346,0.18686868250370026,0.9600798487663269,0.4186837375164032
YDR382W,YGR070W,0,0.43545863,0.18683239817619324,0.9600798487663269,0.4187837541103363
YKR039W,YGR088W,0,0.4345161,0.18679611384868622,0.9600798487663269,0.4188837707042694
YOR307C,YOR143C,0,0.43413094,0.1867598593235016,0.9600798487663269,0.4189837872982025
YDR030C,YCR034W,0,0.4340444,0.18672360479831696,0.9600798487663269,0.4190838038921356
YML052W,YIR035C,0,0.43402138,0.18668736517429352,0.9600798487663269,0.4191838502883911
YMR172W,YMR319C,0,0.43388906,0.18665114045143127,0.9600798487663269,0.4192838668823242
YCR004C,YLL042C,0,0.4333178,0.18661493062973022,0.9600798487663269,0.4193838834762573
YHR061C,YOR329C,1,0.4330559,0.1867726892232895,0.961077868938446,0.4193838834762573
YJL130C,YDL222C,0,0.43272808,0.18673647940158844,0.961077868938446,0.41948390007019043
YCL045C,YOL129W,0,0.43194047,0.1867002695798874,0.961077868938446,0.41958391666412354
YMR200W,YEL061C,0,0.4319184,0.18666408956050873,0.961077868938446,0.41968393325805664
YDR055W,YMR306W,0,0.4314517,0.18662790954113007,0.961077868938446,0.41978394985198975
YGR075C,YKL120W,0,0.43119684,0.1865917444229126,0.961077868938446,0.41988396644592285
YOL038W,YBR297W,0,0.43092772,0.18655559420585632,0.961077868938446,0.41998398303985596
YIL110W,YJL159W,0,0.4305208,0.18651945888996124,0.961077868938446,0.42008402943611145
YOR098C,YOR008C,0,0.43033543,0.18648335337638855,0.961077868938446,0.42018404603004456
YPL153C,YLL008W,0,0.430092,0.18644724786281586,0.961077868938446,0.42028406262397766
YLR404W,YCL029C,1,0.4298751,0.18660472333431244,0.9620758295059204,0.42028406262397766
YKR042W,YNL072W,0,0.4295211,0.18656860291957855,0.9620758295059204,0.42038407921791077
YER045C,YLR024C,0,0.42864946,0.18653251230716705,0.9620758295059204,0.42048409581184387
YLR205C,YGL054C,0,0.42827472,0.18649642169475555,0.9620758295059204,0.420584112405777
YPR111W,YIL115C,0,0.42647955,0.18646034598350525,0.9620758295059204,0.4206841289997101
YLR343W,YLL054C,0,0.42641595,0.18642428517341614,0.9620758295059204,0.4207841455936432
YKL086W,YGL254W,0,0.42595086,0.18638823926448822,0.9620758295059204,0.4208841621875763
YDR472W,YPL002C,0,0.42581287,0.1863522082567215,0.9620758295059204,0.4209842085838318
YEL038W,YHL009W-B,0,0.42558542,0.18631619215011597,0.9620758295059204,0.4210842251777649
YMR236W,YGR161W-B,0,0.4253449,0.18628019094467163,0.9620758295059204,0.421184241771698
YML063W,YIL080W,0,0.42521158,0.1862442046403885,0.9620758295059204,0.4212842583656311
YGL121C,YNL124W,0,0.42504928,0.18620823323726654,0.9620758295059204,0.4213842749595642
YNL188W,YLR419W,0,0.4248897,0.1861722618341446,0.9620758295059204,0.4214842915534973
YPR060C,YLR209C,0,0.42429653,0.18613632023334503,0.9620758295059204,0.4215843081474304
YIL135C,YMR121C,0,0.42423347,0.18610039353370667,0.9620758295059204,0.4216843247413635
YGR252W,YJL106W,0,0.42332533,0.1860644668340683,0.9620758295059204,0.421784371137619
YER058W,YHR079C,0,0.4233053,0.18602855503559113,0.9620758295059204,0.4218843877315521
YJR110W,YOR239W,0,0.42275658,0.18599267303943634,0.9620758295059204,0.42198440432548523
YOL117W,YLR359W,0,0.4225947,0.18595679104328156,0.9620758295059204,0.42208442091941833
YKL124W,YDR261W-B,0,0.42233822,0.18592092394828796,0.9620758295059204,0.42218443751335144
YLR028C,YDR488C,0,0.42216328,0.18588507175445557,0.9620758295059204,0.42228445410728455
YDR512C,YBL101C,0,0.4220455,0.18584923446178436,0.9620758295059204,0.42238447070121765
YDR378C,YPL152W,0,0.4219462,0.18581341207027435,0.9620758295059204,0.42248448729515076
YGL136C,YIL162W,0,0.42184845,0.18577760457992554,0.9620758295059204,0.42258450388908386
YFL002W-A,YER007W,0,0.421721,0.18574181199073792,0.9620758295059204,0.42268455028533936
YJR004C,YMR161W,0,0.42074165,0.1857060343027115,0.9620758295059204,0.42278456687927246
YNL113W,YOR127W,0,0.42007342,0.18567025661468506,0.9620758295059204,0.42288458347320557
YDR304C,YHR168W,0,0.42002156,0.18563450872898102,0.9620758295059204,0.42298460006713867
YDR044W,YLR240W,0,0.41996697,0.18559876084327698,0.9620758295059204,0.4230846166610718
YDR285W,YDR026C,0,0.4197195,0.18556304275989532,0.9620758295059204,0.4231846332550049
YGR075C,YOR162C,0,0.41926625,0.18552732467651367,0.9620758295059204,0.423284649848938
YDR498C,YLR117C,0,0.41842404,0.1854916363954544,0.9620758295059204,0.4233846664428711
YGR234W,YER075C,0,0.41840717,0.18545594811439514,0.9620758295059204,0.4234846830368042
YPR113W,YNL284C,0,0.41780153,0.18542027473449707,0.9620758295059204,0.4235847294330597
YDR389W,YJL189W,0,0.41758534,0.1853846162557602,0.9620758295059204,0.4236847460269928
YKL144C,YHL018W,0,0.41745862,0.1853489726781845,0.9620758295059204,0.4237847626209259
YNL039W,YMR044W,0,0.4173303,0.18531334400177002,0.9620758295059204,0.423884779214859
YGR002C,YKL221W,0,0.41671708,0.18527773022651672,0.9620758295059204,0.4239847958087921
YJR021C,YOR037W,0,0.4164622,0.18524211645126343,0.9620758295059204,0.4240848124027252
YML048W,YDR320C,0,0.41645893,0.18520653247833252,0.9620758295059204,0.4241848289966583
YIL065C,YPL028W,0,0.41620532,0.1851709634065628,0.9620758295059204,0.42428484559059143
YKR059W,YOR204W,0,0.41614488,0.1851353943347931,0.9620758295059204,0.42438486218452454
YBL074C,YPL069C,0,0.41555932,0.18509984016418457,0.9620758295059204,0.42448490858078003
YER021W,YNL229C,0,0.41506758,0.18506431579589844,0.9620758295059204,0.42458492517471313
YDL030W,YIL080W,0,0.4146932,0.1850287914276123,0.9620758295059204,0.42468494176864624
YIL134W,YLR216C,0,0.41455975,0.18499328196048737,0.9620758295059204,0.42478495836257935
YMR280C,YPL027W,0,0.41414425,0.18495778739452362,0.9620758295059204,0.42488497495651245
YGL113W,YKL174C,0,0.41365466,0.18492230772972107,0.9620758295059204,0.42498499155044556
YIL145C,YJL114W,0,0.41361728,0.1848868429660797,0.9620758295059204,0.42508500814437866
YPL144W,YPL228W,0,0.41319093,0.18485139310359955,0.9620758295059204,0.42518502473831177
YDR310C,YDR043C,0,0.41269687,0.18481595814228058,0.9620758295059204,0.42528507113456726
YML065W,YPL217C,0,0.4119719,0.1847805231809616,0.9620758295059204,0.42538508772850037
YPL194W,YER029C,0,0.41183552,0.18474511802196503,0.9620758295059204,0.42548510432243347
YMR065W,YGL043W,0,0.41178277,0.18470971286296844,0.9620758295059204,0.4255851209163666
YKR092C,YDL103C,0,0.4113215,0.18467432260513306,0.9620758295059204,0.4256851375102997
YFR042W,YDL069C,0,0.4111499,0.18463896214962006,0.9620758295059204,0.4257851541042328
YKR008W,YLR286C,0,0.41080323,0.18460360169410706,0.9620758295059204,0.4258851706981659
YML029W,YCR089W,0,0.4103665,0.18456825613975525,0.9620758295059204,0.425985187292099
YML072C,YIL021W,0,0.40885666,0.18453292548656464,0.9620758295059204,0.4260852038860321
YGL013C,YDL170W,0,0.4085665,0.18449760973453522,0.9620758295059204,0.4261852502822876
YCL045C,YOR368W,0,0.40771845,0.184462308883667,0.9620758295059204,0.4262852668762207
YGR032W,YGL113W,0,0.40660664,0.18442700803279877,0.9620758295059204,0.4263852834701538
YPR167C,YGR163W,0,0.40659723,0.18439173698425293,0.9620758295059204,0.4264853000640869
YMR043W,YER018C,0,0.40626064,0.1843564808368683,0.9620758295059204,0.42658531665802
YLR362W,YOL155C,0,0.40516266,0.18432122468948364,0.9620758295059204,0.4266853332519531
YIL135C,YHR129C,0,0.40513065,0.1842859834432602,0.9620758295059204,0.42678534984588623
YBR139W,YOL130W,0,0.40411893,0.18425075709819794,0.9620758295059204,0.42688536643981934
YDL188C,YBL099W,0,0.40340194,0.18421556055545807,0.9620758295059204,0.42698538303375244
YLR396C,YBL041W,0,0.40332094,0.1841803640127182,0.9620758295059204,0.42708542943000793
YGL003C,YGL172W,0,0.40276054,0.18414518237113953,0.9620758295059204,0.42718544602394104
YNL194C,YKL129C,1,0.4025227,0.1843009889125824,0.9630738496780396,0.42718544602394104
YBR014C,YNL113W,0,0.4023936,0.18426580727100372,0.9630738496780396,0.42728546261787415
YPL240C,YGL033W,0,0.4022663,0.18423062562942505,0.9630738496780396,0.42738547921180725
YOR046C,YKL206C,0,0.40214685,0.18419545888900757,0.9630738496780396,0.42748549580574036
YBR275C,YBR207W,0,0.40210798,0.18416030704975128,0.9630738496780396,0.42758551239967346
YBR130C,YFL005W,1,0.40205827,0.18431596457958221,0.9640718698501587,0.42758551239967346
YDR245W,YER030W,0,0.4019226,0.18428081274032593,0.9640718698501587,0.42768552899360657
YLR401C,YBR204C,0,0.4013013,0.18424566090106964,0.9640718698501587,0.4277855455875397
YNL261W,YDR210W,0,0.40118268,0.18421052396297455,0.9640718698501587,0.42788559198379517
YOR035C,YCL052C,0,0.40086356,0.18417540192604065,0.9640718698501587,0.42798560857772827
YML109W,YJL184W,0,0.4006267,0.18414029479026794,0.9640718698501587,0.4280856251716614
YLR350W,YLR066W,0,0.40019706,0.18410520255565643,0.9640718698501587,0.4281856417655945
YMR273C,YDR332W,0,0.39979604,0.18407012522220612,0.9640718698501587,0.4282856583595276
YKR029C,YOR179C,0,0.3985193,0.1840350478887558,0.9640718698501587,0.4283856749534607
YKL020C,YBR210W,0,0.3979819,0.18400000035762787,0.9640718698501587,0.4284856915473938
YPL082C,YPL084W,0,0.3979477,0.18396495282649994,0.9640718698501587,0.4285857081413269
YLR242C,YDR293C,0,0.3979136,0.1839299350976944,0.9640718698501587,0.42868572473526
YAL016W,YOL092W,0,0.39782658,0.18389491736888885,0.9640718698501587,0.4287857711315155
YNL245C,YOR162C,0,0.39779338,0.1838599145412445,0.9640718698501587,0.4288857877254486
YMR306W,YPR052C,0,0.39773527,0.18382492661476135,0.9640718698501587,0.4289858043193817
YDL138W,YDR210W-B,0,0.39763108,0.1837899535894394,0.9640718698501587,0.4290858209133148
YDR265W,YIR009W,0,0.3967977,0.18375499546527863,0.9640718698501587,0.4291858375072479
YPL094C,YLR110C,0,0.39657608,0.18372005224227905,0.9640718698501587,0.42928585410118103
YJL081C,YBR286W,0,0.39537457,0.18368510901927948,0.9640718698501587,0.42938587069511414
YDR170W-A,YDL213C,0,0.3953413,0.1836501955986023,0.9640718698501587,0.42948588728904724
YOR336W,YLR154C,0,0.39504865,0.1836152821779251,0.9640718698501587,0.42958590388298035
YIL039W,YKR055W,0,0.39314213,0.18358038365840912,0.9640718698501587,0.42968595027923584
YDR167W,YMR303C,0,0.3930975,0.18354550004005432,0.9640718698501587,0.42978596687316895
YOR315W,YJL093C,0,0.39296117,0.18351063132286072,0.9640718698501587,0.42988598346710205
YLR406C,YPR031W,0,0.39289454,0.1834757775068283,0.9640718698501587,0.42998600006103516
YOL141W,YGL163C,0,0.39287397,0.1834409385919571,0.9640718698501587,0.43008601665496826
YOR257W,YGR264C,0,0.39262262,0.18340611457824707,0.9640718698501587,0.43018603324890137
YGL205W,YNL212W,0,0.392409,0.18337130546569824,0.9640718698501587,0.4302860498428345
YOR306C,YMR213W,0,0.39228585,0.18333649635314941,0.9640718698501587,0.4303860664367676
YGL166W,YFR028C,0,0.39220795,0.18330170214176178,0.9640718698501587,0.4304860830307007
YJL158C,YDL245C,0,0.3921202,0.18326693773269653,0.9640718698501587,0.4305861294269562
YNL300W,YPR158C-D,0,0.39124265,0.1832321733236313,0.9640718698501587,0.4306861460208893
YOR368W,YFL029C,0,0.39101973,0.18319742381572723,0.9640718698501587,0.4307861626148224
YGR169C,YDR507C,0,0.39061692,0.18316268920898438,0.9640718698501587,0.4308861792087555
YDR090C,YOR292C,0,0.39030936,0.1831279695034027,0.9640718698501587,0.4309861958026886
YBR289W,YML115C,0,0.38962194,0.18309324979782104,0.9640718698501587,0.4310862123966217
YDR067C,YMR306W,0,0.38901094,0.18305855989456177,0.9640718698501587,0.4311862289905548
YLR126C,YGR140W,0,0.38892028,0.1830238699913025,0.9640718698501587,0.4312862455844879
YAR008W,YGR175C,0,0.38887587,0.1829892098903656,0.9640718698501587,0.4313862919807434
YJL198W,YLL054C,0,0.38881186,0.1829545497894287,0.9640718698501587,0.4314863085746765
YPR005C,YER154W,0,0.38863638,0.18291990458965302,0.9640718698501587,0.4315863251686096
YJR047C,YGL223C,0,0.38817802,0.1828852742910385,0.9640718698501587,0.4316863417625427
YPR156C,YBR067C,0,0.3879806,0.1828506588935852,0.9640718698501587,0.43178635835647583
YDR017C,YCL008C,0,0.3872433,0.1828160434961319,0.9640718698501587,0.43188637495040894
YPL275W,YLR298C,0,0.38704774,0.18278145790100098,0.9640718698501587,0.43198639154434204
YFL002W-A,YHL007C,0,0.38613036,0.18274687230587006,0.9640718698501587,0.43208640813827515
YPL274W,YMR013C,0,0.38610318,0.18271231651306152,0.9640718698501587,0.43218642473220825
YBR014C,YGL079W,0,0.3851793,0.182677760720253,0.9640718698501587,0.43228647112846375
YNL330C,YPL059W,0,0.3850921,0.18264321982860565,0.9640718698501587,0.43238648772239685
YMR194W,YOL142W,0,0.38470057,0.1826086938381195,0.9640718698501587,0.43248650431632996
YFR003C,YOR100C,0,0.38426676,0.18257418274879456,0.9640718698501587,0.43258652091026306
YHR019C,YPL124W,0,0.38413283,0.1825396865606308,0.9640718698501587,0.43268653750419617
YDR034C-D,YPR125W,0,0.3836197,0.18250519037246704,0.9640718698501587,0.4327865540981293
YLR440C,YDL170W,0,0.38330635,0.18247072398662567,0.9640718698501587,0.4328865706920624
YHR164C,YKR028W,0,0.3829585,0.1824362576007843,0.9640718698501587,0.4329865872859955
YGR032W,YBR288C,0,0.38283554,0.18240180611610413,0.9640718698501587,0.4330866038799286
YFL034C-B,YMR319C,0,0.3825954,0.18236738443374634,0.9640718698501587,0.4331866502761841
YNL102W,YLR364W,0,0.381986,0.18233296275138855,0.9640718698501587,0.4332866668701172
YMR278W,YJR155W,0,0.3816019,0.18229854106903076,0.9640718698501587,0.4333866834640503
YDL112W,YOR327C,0,0.38138583,0.18226414918899536,0.9640718698501587,0.4334867000579834
YNL270C,YBR141C,0,0.3813564,0.18222977221012115,0.9640718698501587,0.4335867166519165
YER159C-A,YDR538W,0,0.38133684,0.18219539523124695,0.9640718698501587,0.4336867332458496
YDR385W,YJL044C,0,0.38105336,0.18216104805469513,0.9640718698501587,0.4337867498397827
YOR313C,YPL131W,0,0.38061813,0.1821267008781433,0.9640718698501587,0.4338867664337158
YPL016W,YOR232W,0,0.38031688,0.18209236860275269,0.9640718698501587,0.4339867830276489
YPL050C,YLR237W,0,0.38025853,0.18205805122852325,0.9640718698501587,0.4340868294239044
YBR096W,YLR024C,0,0.3800892,0.18202374875545502,0.9640718698501587,0.4341868460178375
YNL014W,YOR057W,0,0.3797548,0.18198944628238678,0.9640718698501587,0.43428686261177063
YNR026C,YPR024W,0,0.377673,0.18195517361164093,0.9640718698501587,0.43438687920570374
YER012W,YDR253C,0,0.37704965,0.18192090094089508,0.9640718698501587,0.43448689579963684
YNL331C,YNR006W,0,0.3770018,0.18188664317131042,0.9640718698501587,0.43458691239356995
YGR186W,YLR276C,0,0.3766242,0.18185241520404816,0.9640718698501587,0.43468692898750305
YNL236W,YOR381W,0,0.37565258,0.1818181872367859,0.9640718698501587,0.43478694558143616
YOR303W,YDR058C,0,0.3755246,0.18178397417068481,0.9640718698501587,0.43488699197769165
YDL049C,YGL128C,0,0.375235,0.18174976110458374,0.9640718698501587,0.43498700857162476
YGL185C,YCR048W,0,0.37469557,0.18171557784080505,0.9640718698501587,0.43508702516555786
YEL003W,YJR040W,0,0.37424704,0.18168139457702637,0.9640718698501587,0.43518704175949097
YJL091C,YHR112C,0,0.37348774,0.18164724111557007,0.9640718698501587,0.4352870583534241
YDR226W,YJL106W,0,0.37205496,0.18161308765411377,0.9640718698501587,0.4353870749473572
YBL017C,YIL121W,0,0.3716413,0.18157894909381866,0.9640718698501587,0.4354870915412903
YJL097W,YMR154C,0,0.37030545,0.18154482543468475,0.9640718698501587,0.4355871081352234
YPL149W,YGL099W,0,0.3699191,0.18151071667671204,0.9640718698501587,0.4356871247291565
YLR127C,YOR099W,0,0.36927876,0.18147660791873932,0.9640718698501587,0.435787171125412
YOL136C,YOR228C,0,0.36808732,0.181442528963089,0.9640718698501587,0.4358871877193451
YOR343W-B,YAL041W,0,0.3674293,0.18140845000743866,0.9640718698501587,0.4359872043132782
YDR315C,YGR065C,0,0.367193,0.18137438595294952,0.9640718698501587,0.4360872209072113
YJL047C,YKR057W,0,0.36560187,0.18134033679962158,0.9640718698501587,0.4361872375011444
YNL058C,YEL069C,0,0.36448094,0.18130630254745483,0.9640718698501587,0.4362872540950775
YJR161C,YLR157C-A,0,0.3644065,0.18127228319644928,0.9640718698501587,0.4363872706890106
YKL107W,YOR007C,0,0.3643764,0.18123827874660492,0.9640718698501587,0.4364872872829437
YLR051C,YPL084W,0,0.3643559,0.18120427429676056,0.9640718698501587,0.43658730387687683
YPR102C,YGL256W,0,0.36425748,0.1811702996492386,0.9640718698501587,0.4366873502731323
YOR080W,YLR103C,0,0.36412868,0.1811363250017166,0.9640718698501587,0.43678736686706543
YNL035C,YGR215W,0,0.36388412,0.18110236525535583,0.9640718698501587,0.43688738346099854
YJR133W,YGL141W,0,0.36382517,0.18106842041015625,0.9640718698501587,0.43698740005493164
YDL222C,YGL181W,1,0.36368397,0.1812218874692917,0.9650698900222778,0.43698740005493164
YDL039C,YBR182C,0,0.3636125,0.1811879277229309,0.9650698900222778,0.43708741664886475
YIL072W,YLR237W,0,0.36330655,0.18115398287773132,0.9650698900222778,0.43718743324279785
YKR030W,YDL010W,0,0.36319068,0.18112005293369293,0.9650698900222778,0.43728744983673096
YGR091W,YGL084C,0,0.36306056,0.18108613789081573,0.9650698900222778,0.43738746643066406
YPL098C,YDL114W,0,0.3626127,0.18105223774909973,0.9650698900222778,0.43748748302459717
YPR162C,YBL069W,0,0.3622109,0.18101835250854492,0.9650698900222778,0.43758752942085266
YBR281C,YLR446W,0,0.3613918,0.1809844672679901,0.9650698900222778,0.43768754601478577
YJL118W,YGR133W,0,0.3609201,0.1809505969285965,0.9650698900222778,0.43778756260871887
YMR029C,YPR200C,0,0.36060414,0.18091674149036407,0.9650698900222778,0.437887579202652
YKL024C,YIL076W,0,0.36045042,0.18088290095329285,0.9650698900222778,0.4379875957965851
YIR032C,YIR017C,0,0.35959557,0.1808490753173828,0.9650698900222778,0.4380876123905182
YGR035C,YNL314W,0,0.35928252,0.18081526458263397,0.9650698900222778,0.4381876289844513
YJR133W,YDL045C,0,0.3590773,0.18078145384788513,0.9650698900222778,0.4382876455783844
YOL138C,YGL206C,0,0.35868564,0.18074765801429749,0.9650698900222778,0.4383876919746399
YOR122C,YFL005W,1,0.3582665,0.18090076744556427,0.9660678505897522,0.4383876919746399
YNL134C,YDL207W,0,0.35807505,0.18086697161197662,0.9660678505897522,0.438487708568573
YGR225W,YJL030W,0,0.3578361,0.18083317577838898,0.9660678505897522,0.4385877251625061
YGL031C,YIL046W,0,0.3572636,0.18079940974712372,0.9660678505897522,0.4386877417564392
YIR015W,YCR017C,0,0.35721478,0.18076564371585846,0.9660678505897522,0.4387877583503723
YPR025C,YNL274C,0,0.3566158,0.1807318925857544,0.9660678505897522,0.4388877749443054
YPR065W,YKL007W,0,0.356392,0.18069815635681152,0.9660678505897522,0.4389877915382385
YOR317W,YPL022W,0,0.3563724,0.18066442012786865,0.9660678505897522,0.43908780813217163
YJR001W,YGL125W,0,0.356208,0.18063071370124817,0.9660678505897522,0.43918782472610474
YNL339C,YDR346C,0,0.35472843,0.18059702217578888,0.9660678505897522,0.43928787112236023
YLR157C-A,YAL021C,0,0.35463527,0.1805633306503296,0.9660678505897522,0.43938788771629333
YDR293C,YPR009W,0,0.3545018,0.1805296540260315,0.9660678505897522,0.43948790431022644
YNL092W,YKL056C,0,0.35401264,0.1804959923028946,0.9660678505897522,0.43958792090415955
YKL020C,YNL072W,0,0.3538417,0.18046234548091888,0.9660678505897522,0.43968793749809265
YNL284C-A,YDR214W,0,0.3537474,0.18042869865894318,0.9660678505897522,0.43978795409202576
YKL107W,YOR351C,0,0.3535758,0.18039508163928986,0.9660678505897522,0.43988797068595886
YLR357W,YKL179C,0,0.35347173,0.18036146461963654,0.9660678505897522,0.43998798727989197
YHL009W-A,YAR071W,0,0.3524529,0.1803278625011444,0.9660678505897522,0.4400880038738251
YKR080W,YGL212W,0,0.3522232,0.18029427528381348,0.9660678505897522,0.44018805027008057
YGR289C,YHR017W,0,0.3518181,0.18026070296764374,0.9660678505897522,0.44028806686401367
YGR134W,YBR057C,0,0.35085526,0.1802271455526352,0.9660678505897522,0.4403880834579468
YGR047C,YGR247W,0,0.3507155,0.18019360303878784,0.9660678505897522,0.4404881000518799
YKL213C,YLR057W,0,0.350601,0.1801600605249405,0.9660678505897522,0.440588116645813
YKL172W,YEL058W,0,0.35054126,0.18012653291225433,0.9660678505897522,0.4406881332397461
YHR057C,YPL093W,0,0.3501108,0.18009302020072937,0.9660678505897522,0.4407881498336792
YKL198C,YDR210W-A,0,0.35000756,0.1800595223903656,0.9660678505897522,0.4408881664276123
YNL238W,YJR029W,0,0.3492575,0.18002603948116302,0.9660678505897522,0.4409881830215454
YDL070W,YCR075C,0,0.34840062,0.17999255657196045,0.9660678505897522,0.4410882294178009
YGL210W,YIL051C,0,0.34834942,0.17995910346508026,0.9660678505897522,0.441188246011734
YOR176W,YPR073C,0,0.34791204,0.17992565035820007,0.9660678505897522,0.4412882626056671
YNL044W,YOL060C,0,0.34786883,0.17989221215248108,0.9660678505897522,0.4413882791996002
YMR297W,YAL013W,0,0.34761086,0.17985878884792328,0.9660678505897522,0.4414882957935333
YBR199W,YEL053C,0,0.3473492,0.17982538044452667,0.9660678505897522,0.44158831238746643
YLR172C,YHR084W,0,0.34679714,0.17979197204113007,0.9660678505897522,0.44168832898139954
YGR274C,YDR264C,0,0.34659562,0.17975859344005585,0.9660678505897522,0.44178834557533264
YOL088C,YCR073C,0,0.34644344,0.17972521483898163,0.9660678505897522,0.44188839197158813
YLR077W,YGL038C,0,0.34615555,0.1796918511390686,0.9660678505897522,0.44198840856552124
YFL057C,YOR384W,0,0.3461049,0.17965850234031677,0.9660678505897522,0.44208842515945435
YJL103C,YBR261C,0,0.34597543,0.17962516844272614,0.9660678505897522,0.44218844175338745
YFL002W-B,YGL113W,0,0.3457903,0.1795918345451355,0.9660678505897522,0.44228845834732056
YGR264C,YOL067C,0,0.3456159,0.17955853044986725,0.9660678505897522,0.44238847494125366
YMR169C,YMR201C,0,0.34553316,0.179525226354599,0.9660678505897522,0.44248849153518677
YIL111W,YNL264C,0,0.34491006,0.17949193716049194,0.9660678505897522,0.4425885081291199
YML010W,YCR096C,0,0.3447605,0.17945866286754608,0.9660678505897522,0.442688524723053
YDR143C,YNL186W,0,0.34469405,0.17942538857460022,0.9660678505897522,0.44278857111930847
YOL058W,YGR013W,0,0.34295526,0.17939214408397675,0.9660678505897522,0.4428885877132416
YOR014W,YNL064C,0,0.34270874,0.17935889959335327,0.9660678505897522,0.4429886043071747
YOL108C,YJR086W,0,0.34234598,0.179325670003891,0.9660678505897522,0.4430886209011078
YMR240C,YKL093W,0,0.34142318,0.1792924553155899,0.9660678505897522,0.4431886374950409
YHR191C,YOR070C,0,0.34049323,0.17925925552845,0.9660678505897522,0.443288654088974
YMR058W,YKL021C,0,0.34034488,0.1792260706424713,0.9660678505897522,0.4433886706829071
YKR029C,YLR427W,0,0.34018293,0.17919288575649261,0.9660678505897522,0.4434886872768402
YOR131C,YDL029W,0,0.33994952,0.1791597306728363,0.9660678505897522,0.4435887038707733
YDR143C,YEL002C,0,0.3399329,0.17912657558918,0.9660678505897522,0.4436887502670288
YOR194C,YHL032C,0,0.33891395,0.17909343540668488,0.9660678505897522,0.4437887668609619
YOL100W,YAL005C,0,0.3384457,0.17906031012535095,0.9660678505897522,0.443888783454895
YNL094W,YGR032W,1,0.3377935,0.17921213805675507,0.9670658707618713,0.443888783454895
YOR035C,YER090W,0,0.33778092,0.17917899787425995,0.9670658707618713,0.4439888000488281
YGL019W,YDR262W,0,0.33756277,0.17914587259292603,0.9670658707618713,0.44408881664276123
YOL137W,YLR096W,0,0.33756164,0.1791127473115921,0.9670658707618713,0.44418883323669434
YBR010W,YHR140W,0,0.33732465,0.17907965183258057,0.9670658707618713,0.44428884983062744
YFR006W,YOL100W,0,0.33732072,0.17904655635356903,0.9670658707618713,0.44438886642456055
YOR234C,YEL029C,0,0.33724377,0.17901349067687988,0.9670658707618713,0.44448888301849365
YGR065C,YLR138W,0,0.33719173,0.17898042500019073,0.9670658707618713,0.44458892941474915
YOR222W,YNR016C,0,0.33711496,0.17894737422466278,0.9670658707618713,0.44468894600868225
YDR032C,YJL143W,0,0.33616844,0.17891432344913483,0.9670658707618713,0.44478896260261536
YLR362W,YJL115W,0,0.3358741,0.17888130247592926,0.9670658707618713,0.44488897919654846
YJL191W,YBR155W,0,0.33568558,0.1788482815027237,0.9670658707618713,0.44498899579048157
YMR277W,YJL210W,0,0.33493248,0.17881527543067932,0.9670658707618713,0.4450890123844147
YBL097W,YLR141W,0,0.33488837,0.17878228425979614,0.9670658707618713,0.4451890289783478
YGL002W,YDL185W,0,0.33479437,0.17874930799007416,0.9670658707618713,0.4452890455722809
YOR360C,YKL017C,0,0.33470795,0.17871634662151337,0.9670658707618713,0.4453890919685364
YLR116W,YDR363W-A,0,0.33415666,0.17868338525295258,0.9670658707618713,0.4454891085624695
YLR452C,YDL142C,0,0.33408335,0.17865043878555298,0.9670658707618713,0.4455891251564026
YEL062W,YDR424C,0,0.33377853,0.17861750721931458,0.9670658707618713,0.4456891417503357
YOL028C,YDL015C,0,0.33297363,0.17858459055423737,0.9670658707618713,0.4457891583442688
YPR096C,YLR276C,0,0.33296528,0.17855168879032135,0.9670658707618713,0.4458891749382019
YGL009C,YNL292W,0,0.33255896,0.17851878702640533,0.9670658707618713,0.445989191532135
YEL042W,YEL053C,0,0.33246806,0.1784859150648117,0.9670658707618713,0.4460892081260681
YLR213C,YDR262W,0,0.33153245,0.17845304310321808,0.9670658707618713,0.4461892247200012
YNL152W,YJL020C,1,0.33043757,0.17860430479049683,0.9680638909339905,0.4461892247200012
YDR540C,YOR057W,0,0.33017185,0.1785714328289032,0.9680638909339905,0.4462892711162567
YOR288C,YIL101C,0,0.32996836,0.17853856086730957,0.9680638909339905,0.4463892877101898
YHR166C,YDR326C,0,0.32990012,0.17850570380687714,0.9680638909339905,0.4464893043041229
YNL326C,YPR189W,0,0.32982984,0.1784728616476059,0.9680638909339905,0.44658932089805603
YLR051C,YHR047C,0,0.3294079,0.17844003438949585,0.9680638909339905,0.44668933749198914
YER087C-A,YDR206W,0,0.3290933,0.1784072071313858,0.9680638909339905,0.44678935408592224
YOR159C,YPR018W,0,0.329042,0.17837440967559814,0.9680638909339905,0.44688937067985535
YMR296C,YDR043C,0,0.32888916,0.17834161221981049,0.9680638909339905,0.44698938727378845
YGR169C,YBL050W,0,0.3283687,0.17830882966518402,0.9680638909339905,0.44708940386772156
YDR258C,YNL186W,0,0.32805392,0.17827604711055756,0.9680638909339905,0.44718945026397705
YJR034W,YDR034C,0,0.32754222,0.17824329435825348,0.9680638909339905,0.44728946685791016
YOL094C,YJR006W,0,0.32748333,0.1782105416059494,0.9680638909339905,0.44738948345184326
YBR166C,YMR038C,0,0.32731828,0.17817780375480652,0.9680638909339905,0.44748950004577637
YBR152W,YKR013W,0,0.3246391,0.17814508080482483,0.9680638909339905,0.4475895166397095
YHR077C,YLL045C,0,0.32460454,0.17811237275600433,0.9680638909339905,0.4476895332336426
YBR082C,YNR011C,0,0.32456556,0.17807967960834503,0.9680638909339905,0.4477895498275757
YHR184W,YGL128C,0,0.3244247,0.17804698646068573,0.9680638909339905,0.4478895664215088
YDL049C,YKL078W,0,0.32347056,0.17801430821418762,0.9680638909339905,0.4479896128177643
YKR069W,YGR185C,0,0.323167,0.1779816448688507,0.9680638909339905,0.4480896294116974
YGR075C,YBR216C,0,0.32309416,0.177948996424675,0.9680638909339905,0.4481896460056305
YGR068C,YER166W,0,0.32280377,0.17791636288166046,0.9680638909339905,0.4482896625995636
YDL040C,YFR028C,0,0.3222387,0.17788372933864594,0.9680638909339905,0.4483896791934967
YNL261W,YOL097C,0,0.32114652,0.1778511255979538,0.9680638909339905,0.4484896957874298
YLR110C,YBR075W,0,0.3207231,0.17781852185726166,0.9680638909339905,0.4485897123813629
YJR014W,YHL032C,0,0.32063726,0.17778591811656952,0.9680638909339905,0.448689728975296
YLR035C,YPL195W,0,0.32046816,0.17775334417819977,0.9680638909339905,0.4487897455692291
YLL033W,YDR084C,0,0.3201497,0.17772077023983002,0.9680638909339905,0.4488897919654846
YBL017C,YGL187C,0,0.31994084,0.17768822610378265,0.9680638909339905,0.4489898085594177
YER003C,YKR001C,0,0.31892928,0.1776556819677353,0.9680638909339905,0.44908982515335083
YBL075C,YNL302C,0,0.31859538,0.17762315273284912,0.9680638909339905,0.44918984174728394
YNL030W,YNR004W,0,0.3185834,0.17759062349796295,0.9680638909339905,0.44928985834121704
YPR054W,YDR283C,0,0.3185458,0.17755812406539917,0.9680638909339905,0.44938987493515015
YDR533C,YML025C,0,0.31814864,0.1775256246328354,0.9680638909339905,0.44948989152908325
YLR077W,YDR071C,0,0.31766745,0.1774931401014328,0.9680638909339905,0.44958990812301636
YGL207W,YDR297W,0,0.3172181,0.1774606704711914,0.9680638909339905,0.44968992471694946
YMR134W,YER029C,0,0.3167118,0.17742820084095,0.9680638909339905,0.44978997111320496
YGR109C,YAL040C,0,0.3163809,0.177395761013031,0.9680638909339905,0.44988998770713806
YPL256C,YIL121W,0,0.31622127,0.177363321185112,0.9680638909339905,0.44999000430107117
YDL077C,YPL086C,0,0.31539652,0.1773308962583542,0.9680638909339905,0.4500900208950043
YDR383C,YGR075C,0,0.31500402,0.17729848623275757,0.9680638909339905,0.4501900374889374
YOR285W,YDR264C,0,0.31461242,0.17726607620716095,0.9680638909339905,0.4502900540828705
YLL013C,YDR326C,0,0.31459013,0.17723369598388672,0.9680638909339905,0.4503900706768036
YJR152W,YGL250W,0,0.31425765,0.1772013157606125,0.9680638909339905,0.4504900872707367
YCL066W,YDR228C,0,0.31423226,0.17716895043849945,0.9680638909339905,0.4505901038646698
YBL101C,YOL103W-B,0,0.31385556,0.1771366000175476,0.9680638909339905,0.4506901502609253
YLR388W,YEL034W,0,0.31374928,0.17710424959659576,0.9680638909339905,0.4507901668548584
YLR278C,YOR061W,0,0.3133742,0.1770719289779663,0.9680638909339905,0.4508901834487915
YJR161C,YMR267W,0,0.31328645,0.17703960835933685,0.9680638909339905,0.4509902000427246
YKL188C,YGR089W,0,0.3131949,0.1770073026418686,0.9680638909339905,0.4510902166366577
YJL137C,YLR022C,0,0.31300858,0.17697501182556152,0.9680638909339905,0.4511902332305908
YMR135C,YPR104C,0,0.3127288,0.17694272100925446,0.9680638909339905,0.4512902498245239
YCR066W,YKR067W,0,0.3126423,0.17691044509410858,0.9680638909339905,0.45139026641845703
YPR063C,YPL275W,0,0.31226233,0.1768781840801239,0.9680638909339905,0.4514903128147125
YER046W,YOR217W,0,0.31214967,0.17684593796730042,0.9680638909339905,0.45159032940864563
YLR157C-B,YPL152W,0,0.31204,0.17681370675563812,0.9680638909339905,0.45169034600257874
YDR219C,YCL020W,0,0.31167117,0.17678149044513702,0.9680638909339905,0.45179036259651184
YIL040W,YIL027C,0,0.31136945,0.17674927413463593,0.9680638909339905,0.45189037919044495
YIL097W,YBR273C,0,0.31023458,0.17671707272529602,0.9680638909339905,0.45199039578437805
YGL097W,YEL061C,0,0.31023154,0.1766848862171173,0.9680638909339905,0.45209041237831116
YIL015W,YJR010W,0,0.30973813,0.1766526997089386,0.9680638909339905,0.45219042897224426
YMR165C,YNL166C,0,0.30949917,0.17662054300308228,0.9680638909339905,0.45229044556617737
YPR043W,YHR086W,0,0.30885968,0.17658838629722595,0.9680638909339905,0.45239049196243286
YJL140W,YPR025C,0,0.3086361,0.17655624449253082,0.9680638909339905,0.45249050855636597
YNL261W,YMR017W,0,0.3075882,0.1765241175889969,0.9680638909339905,0.4525905251502991
YLL009C,YML077W,0,0.30722627,0.17649199068546295,0.9680638909339905,0.4526905417442322
YLR128W,YPL009C,0,0.30671927,0.1764598935842514,0.9680638909339905,0.4527905583381653
YJR103W,YOR381W,0,0.30652532,0.17642779648303986,0.9680638909339905,0.4528905749320984
YDR302W,YOR226C,0,0.3064812,0.1763957142829895,0.9680638909339905,0.4529905915260315
YCR052W,YJR043C,0,0.30640724,0.17636363208293915,0.9680638909339905,0.4530906081199646
YDL039C,YJR135C,0,0.3062239,0.17633157968521118,0.9680638909339905,0.4531906247138977
YFR013W,YKL012W,0,0.30610326,0.17629952728748322,0.9680638909339905,0.4532906711101532
YDL126C,YOR028C,0,0.30589607,0.17626748979091644,0.9680638909339905,0.4533906877040863
YJR060W,YHR124W,0,0.3054826,0.17623546719551086,0.9680638909339905,0.4534907042980194
YDR155C,YLR042C,0,0.3054339,0.17620344460010529,0.9680638909339905,0.4535907208919525
YML040W,YDR364C,0,0.30491415,0.1761714518070221,0.9680638909339905,0.4536907374858856
YKR094C,YMR070W,0,0.3042163,0.1761394590139389,0.9680638909339905,0.4537907540798187
YIL110W,YKR029C,0,0.30420187,0.1761074811220169,0.9680638909339905,0.45389077067375183
YLR278C,YPR032W,0,0.30385986,0.1760755181312561,0.9680638909339905,0.45399078726768494
YEL042W,YDL024C,0,0.3035231,0.1760435551404953,0.9680638909339905,0.45409080386161804
YJL103C,YDR218C,0,0.30341193,0.1760116070508957,0.9680638909339905,0.45419085025787354
YMR316W,YCR040W,0,0.3031691,0.17597967386245728,0.9680638909339905,0.45429086685180664
YDR510W,YLR429W,1,0.30288634,0.17612914741039276,0.9690618515014648,0.45429086685180664
YJL079C,YHR160C,0,0.30259934,0.17609721422195435,0.9690618515014648,0.45439088344573975
YKL108W,YLL038C,0,0.30259857,0.17606528103351593,0.9690618515014648,0.45449090003967285
YJL225C,YHR065C,0,0.3025243,0.1760333627462387,0.9690618515014648,0.45459091663360596
YOR064C,YAL062W,0,0.30227795,0.1760014444589615,0.9690618515014648,0.45469093322753906
YHR152W,YNL172W,0,0.30198947,0.17596955597400665,0.9690618515014648,0.45479094982147217
YNL146W,YDR037W,0,0.30159524,0.17593766748905182,0.9690618515014648,0.4548909664154053
YDR446W,YDR443C,0,0.30159464,0.17590579390525818,0.9690618515014648,0.45499101281166077
YOL108C,YGR172C,0,0.30153278,0.17587393522262573,0.9690618515014648,0.45509102940559387
YDR353W,YDL115C,0,0.30137005,0.17584209144115448,0.9690618515014648,0.455191045999527
YKL160W,YFL037W,0,0.3006139,0.17581024765968323,0.9690618515014648,0.4552910625934601
YNR023W,YGL022W,0,0.3005884,0.17577841877937317,0.9690618515014648,0.4553910791873932
YBL076C,YJR090C,0,0.30008498,0.1757466048002243,0.9690618515014648,0.4554910957813263
YGL205W,YGR049W,0,0.29986677,0.17571480572223663,0.9690618515014648,0.4555911123752594
YDR477W,YDR245W,0,0.29893056,0.17568300664424896,0.9690618515014648,0.4556911289691925
YPL074W,YJR159W,0,0.29870358,0.17565123736858368,0.9690618515014648,0.4557911455631256
YFL002W-A,YHL001W,0,0.29852393,0.1756194680929184,0.9690618515014648,0.4558911919593811
YMR014W,YEL058W,0,0.2984626,0.1755876988172531,0.9690618515014648,0.4559912085533142
YPL281C,YKR022C,0,0.29845718,0.17555595934391022,0.9690618515014648,0.4560912251472473
YBL017C,YPR065W,0,0.29809812,0.17552421987056732,0.9690618515014648,0.4561912417411804
YOR329C,YMR203W,0,0.29803672,0.17549249529838562,0.9690618515014648,0.4562912583351135
YBR074W,YGL131C,0,0.29763624,0.1754607856273651,0.9690618515014648,0.45639127492904663
YPL276W,YDL002C,0,0.29747322,0.1754290908575058,0.9690618515014648,0.45649129152297974
YGL009C,YLR283W,0,0.29726568,0.17539739608764648,0.9690618515014648,0.45659130811691284
YBR291C,YER087C-A,0,0.29699436,0.17536571621894836,0.9690618515014648,0.45669132471084595
YMR198W,YLR139C,0,0.29674843,0.17533405125141144,0.9690618515014648,0.45679137110710144
YBR055C,YNL289W,0,0.29608932,0.1753024011850357,0.9690618515014648,0.45689138770103455
YOL101C,YER087C-B,0,0.29604098,0.17527075111865997,0.9690618515014648,0.45699140429496765
YNL026W,YOR126C,0,0.29570577,0.17523913085460663,0.9690618515014648,0.45709142088890076
YJL138C,YDR362C,0,0.2956396,0.17520751059055328,0.9690618515014648,0.45719143748283386
YPL037C,YLR002C,0,0.29508606,0.17517589032649994,0.9690618515014648,0.45729145407676697
YNL030W,YGR206W,0,0.2944279,0.17514429986476898,0.9690618515014648,0.4573914706707001
YMR086W,YKL025C,0,0.2939243,0.17511270940303802,0.9690618515014648,0.4574914872646332
YNL312W,YCR047C,0,0.29362926,0.17508113384246826,0.9690618515014648,0.4575915038585663
YIL080W,YIR010W,0,0.29342493,0.1750495731830597,0.9690618515014648,0.4576915502548218
YDR077W,YPR127W,0,0.29220453,0.17501802742481232,0.9690618515014648,0.4577915668487549
YMR193W,YJL051W,0,0.29201075,0.17498648166656494,0.9690618515014648,0.457891583442688
YAL063C,YLR266C,0,0.29180506,0.17495495080947876,0.9690618515014648,0.4579916000366211
YPL283C,YLR157C-B,0,0.2916024,0.17492343485355377,0.9690618515014648,0.4580916166305542
YBR061C,YHR161C,0,0.29146662,0.17489193379878998,0.9690618515014648,0.4581916332244873
YGL033W,YBR288C,0,0.29117253,0.17486043274402618,0.9690618515014648,0.4582916498184204
YML095C,YJL109C,0,0.2911307,0.17482894659042358,0.9690618515014648,0.4583916664123535
YNL242W,YOL093W,0,0.29108158,0.17479747533798218,0.9690618515014648,0.458491712808609
YGR256W,YLL023C,0,0.29074475,0.17476601898670197,0.9690618515014648,0.4585917294025421
YIL122W,YGR027W-B,0,0.29043546,0.17473456263542175,0.9690618515014648,0.4586917459964752
YLR077W,YIL129C,0,0.29012838,0.17470313608646393,0.9690618515014648,0.4587917625904083
YJL187C,YGL220W,0,0.29002967,0.1746717095375061,0.9690618515014648,0.45889177918434143
YNL238W,YOL003C,0,0.28990927,0.17464028298854828,0.9690618515014648,0.45899179577827454
YCR060W,YLR342W,0,0.28948972,0.17460888624191284,0.9690618515014648,0.45909181237220764
YLL032C,YNL163C,0,0.2889143,0.1745774894952774,0.9690618515014648,0.45919182896614075
YFL033C,YDL036C,0,0.2886403,0.17454610764980316,0.9690618515014648,0.45929184556007385
YKL148C,YER172C,0,0.28848216,0.1745147407054901,0.9690618515014648,0.45939189195632935
YDR466W,YBR186W,0,0.28749326,0.17448337376117706,0.9690618515014648,0.45949190855026245
YOR287C,YJR064W,0,0.28718635,0.1744520366191864,0.9690618515014648,0.45959192514419556
YPR016C,YNL159C,0,0.28717163,0.17442069947719574,0.9690618515014648,0.45969194173812866
YPR162C,YGL133W,0,0.2870669,0.17438936233520508,0.9690618515014648,0.45979195833206177
YOR036W,YOR196C,0,0.28706333,0.1743580549955368,0.9690618515014648,0.4598919749259949
YCL050C,YDR538W,0,0.28682455,0.17432674765586853,0.9690618515014648,0.459991991519928
YOR080W,YPR009W,0,0.28670505,0.17429545521736145,0.9690618515014648,0.4600920081138611
YDR316W-A,YMR113W,0,0.2858838,0.17426417768001556,0.9690618515014648,0.4601920247077942
YDL198C,YKL140W,0,0.285647,0.17423291504383087,0.9690618515014648,0.4602920711040497
YDR444W,YLR307W,0,0.285188,0.17420165240764618,0.9690618515014648,0.4603920876979828
YPR080W,YPL147W,0,0.2844452,0.17417040467262268,0.9690618515014648,0.4604921042919159
YKR018C,YJL225C,0,0.28427586,0.17413917183876038,0.9690618515014648,0.460592120885849
YHL033C,YKL193C,0,0.28361025,0.17410793900489807,0.9690618515014648,0.4606921374797821
YER159C-A,YDL214C,0,0.28340623,0.17407673597335815,0.9690618515014648,0.4607921540737152
YMR080C,YML005W,0,0.28320816,0.17404553294181824,0.9690618515014648,0.4608921706676483
YBR058C,YNL125C,0,0.2829146,0.17401432991027832,0.9690618515014648,0.4609921872615814
YNL289W,YOR284W,0,0.2828088,0.1739831566810608,0.9690618515014648,0.4610922038555145
YHR017W,YER090W,0,0.28260323,0.17395198345184326,0.9690618515014648,0.46119225025177
YIL044C,YHR186C,0,0.28258732,0.17392082512378693,0.9690618515014648,0.4612922668457031
YFL001W,YMR282C,0,0.2824146,0.17388968169689178,0.9690618515014648,0.46139228343963623
YML018C,YKR062W,0,0.28241184,0.17385855317115784,0.9690618515014648,0.46149230003356934
YOR058C,YGL254W,0,0.281831,0.1738274246454239,0.9690618515014648,0.46159231662750244
YGR118W,YDR444W,0,0.28141323,0.17379631102085114,0.9690618515014648,0.46169233322143555
YDR465C,YPR036W,0,0.28085116,0.17376521229743958,0.9690618515014648,0.46179234981536865
YMR203W,YPL099C,0,0.28084233,0.17373411357402802,0.9690618515014648,0.46189236640930176
YOR038C,YPR049C,0,0.28064305,0.17370304465293884,0.9690618515014648,0.46199241280555725
YBR012W-B,YLL003W,0,0.27945027,0.17367197573184967,0.9690618515014648,0.46209242939949036
YDR454C,YDR031W,0,0.2794303,0.1736409217119217,0.9690618515014648,0.46219244599342346
YGL003C,YNL293W,0,0.27937242,0.1736098676919937,0.9690618515014648,0.46229246258735657
YLR340W,YPR091C,0,0.27884242,0.17357882857322693,0.9690618515014648,0.4623924791812897
YPR181C,YIR017C,0,0.27849773,0.17354780435562134,0.9690618515014648,0.4624924957752228
YPR030W,YER090W,0,0.2783911,0.17351679503917694,0.9690618515014648,0.4625925123691559
YOR098C,YMR272C,0,0.27784488,0.17348580062389374,0.9690618515014648,0.462692528963089
YHL044W,YOR377W,0,0.27771273,0.17345480620861053,0.9690618515014648,0.4627925455570221
YMR304W,YMR289W,0,0.2774524,0.17342382669448853,0.9690618515014648,0.4628925919532776
YGR091W,YCR004C,0,0.27650225,0.1733928620815277,0.9690618515014648,0.4629926085472107
YBR258C,YOL003C,0,0.27630192,0.1733618974685669,0.9690618515014648,0.4630926251411438
YKL181W,YDR238C,0,0.27628362,0.17333094775676727,0.9690618515014648,0.4631926417350769
YJL219W,YOR361C,0,0.27562344,0.17330001294612885,0.9690618515014648,0.46329265832901
YKL119C,YER016W,0,0.27507648,0.1732690930366516,0.9690618515014648,0.4633926749229431
YDL204W,YMR161W,0,0.27486232,0.17323817312717438,0.9690618515014648,0.4634926915168762
YJL046W,YDL120W,0,0.27486193,0.17320728302001953,0.9690618515014648,0.4635927081108093
YLR228C,YOL093W,0,0.27465102,0.17317639291286469,0.9690618515014648,0.46369272470474243
YDR451C,YOR014W,0,0.27439967,0.17314550280570984,0.9690618515014648,0.4637927711009979
YGL232W,YLL017W,0,0.27358022,0.17311464250087738,0.9690618515014648,0.46389278769493103
YKR029C,YGL084C,0,0.27283636,0.17308378219604492,0.9690618515014648,0.46399280428886414
YLR096W,YDR299W,0,0.27191624,0.17305293679237366,0.9690618515014648,0.46409282088279724
YNL117W,YBR228W,0,0.27188322,0.1730220913887024,0.9690618515014648,0.46419283747673035
YEL056W,YDR018C,0,0.2718136,0.17299127578735352,0.9690618515014648,0.46429285407066345
YJL012C-A,YDL064W,0,0.27156156,0.17296046018600464,0.9690618515014648,0.46439287066459656
YGL186C,YOR396W,0,0.27156156,0.17292965948581696,0.9690618515014648,0.46449288725852966
YJL012C-A,YLL054C,0,0.27156156,0.17289885878562927,0.9690618515014648,0.46459290385246277
YMR246W,YOR017W,0,0.27067783,0.17286807298660278,0.9690618515014648,0.46469295024871826
YLR035C-A,YDR478W,0,0.2702032,0.1728373020887375,0.9690618515014648,0.46479296684265137
YKL164C,YGL062W,0,0.26926157,0.1728065460920334,0.9690618515014648,0.4648929834365845
YDR451C,YCR017C,0,0.26910728,0.17277580499649048,0.9690618515014648,0.4649930000305176
YIR015W,YAL016W,0,0.26887104,0.17274506390094757,0.9690618515014648,0.4650930166244507
YDR379W,YER149C,1,0.268867,0.17289221286773682,0.970059871673584,0.4650930166244507
YDR487C,YBL088C,0,0.26868287,0.17286145687103271,0.970059871673584,0.4651930332183838
YNL032W,YKR046C,0,0.26861906,0.172830730676651,0.970059871673584,0.4652930498123169
YOL030W,YJL030W,0,0.268344,0.1728000044822693,0.970059871673584,0.46539306640625
YGL133W,YLR393W,0,0.26820812,0.17276927828788757,0.970059871673584,0.4654931128025055
YPL186C,YDL007W,0,0.26784095,0.17273858189582825,0.970059871673584,0.4655931293964386
YDR411C,YPL051W,0,0.26701653,0.17270788550376892,0.970059871673584,0.4656931459903717
YDR472W,YIL085C,0,0.26681176,0.1726772040128708,0.970059871673584,0.4657931625843048
YNL016W,YGL244W,0,0.26670954,0.17264653742313385,0.970059871673584,0.4658931791782379
YHR063C,YER153C,0,0.2666829,0.1726158708333969,0.970059871673584,0.465993195772171
YGL039W,YNL275W,0,0.26649526,0.17258523404598236,0.970059871673584,0.4660932123661041
YHR152W,YPL144W,0,0.26592854,0.17255458235740662,0.970059871673584,0.46619322896003723
YBR018C,YNL264C,0,0.26543054,0.17252396047115326,0.970059871673584,0.46629324555397034
YCL032W,YLL015W,0,0.26470235,0.1724933385848999,0.970059871673584,0.46639329195022583
YDL198C,YMR029C,0,0.26453498,0.17246274650096893,0.970059871673584,0.46649330854415894
YLR106C,YMR203W,0,0.26394853,0.17243213951587677,0.970059871673584,0.46659332513809204
YJR135W-A,YJR147W,0,0.2639233,0.172401562333107,0.970059871673584,0.46669334173202515
YMR004W,YHR008C,0,0.26370946,0.17237098515033722,0.970059871673584,0.46679335832595825
YCR053W,YBR196C,0,0.2633542,0.17234042286872864,0.970059871673584,0.46689337491989136
YOL120C,YOR210W,0,0.26332483,0.17230987548828125,0.970059871673584,0.46699339151382446
YIR036C,YGL141W,0,0.26288554,0.17227932810783386,0.970059871673584,0.46709340810775757
YFL024C,YMR121C,0,0.26215532,0.17224881052970886,0.970059871673584,0.4671934247016907
YDL024C,YLR086W,0,0.2618957,0.17221827805042267,0.970059871673584,0.46729347109794617
YLR394W,YKL010C,0,0.26182374,0.17218777537345886,0.970059871673584,0.4673934876918793
YOR360C,YLR439W,0,0.2616018,0.17215727269649506,0.970059871673584,0.4674935042858124
YBL113C,YGR284C,0,0.261539,0.17212679982185364,0.970059871673584,0.4675935208797455
YIL073C,YIL122W,0,0.2615097,0.17209631204605103,0.970059871673584,0.4676935374736786
YMR316W,YJR043C,0,0.26145253,0.1720658540725708,0.970059871673584,0.4677935540676117
YKL181W,YLR424W,0,0.2614251,0.17203539609909058,0.970059871673584,0.4678935706615448
YBR278W,YNL037C,0,0.2614008,0.17200495302677155,0.970059871673584,0.4679935872554779
YBR004C,YOL141W,0,0.26126608,0.1719745248556137,0.970059871673584,0.468093603849411
YIL080W,YDL150W,0,0.26112863,0.17194409668445587,0.970059871673584,0.4681936502456665
YJR014W,YOR127W,0,0.26056227,0.17191368341445923,0.970059871673584,0.4682936668395996
YGR027C,YNL219C,0,0.2596335,0.17188328504562378,0.970059871673584,0.4683936834335327
YCR033W,YNL102W,0,0.25955963,0.17185290157794952,0.970059871673584,0.4684937000274658
YLR399C,YNL039W,0,0.25941136,0.17182251811027527,0.970059871673584,0.4685937166213989
YDR131C,YAL021C,0,0.2593723,0.1717921495437622,0.970059871673584,0.46869373321533203
YPL088W,YHL032C,0,0.2587772,0.17176179587841034,0.970059871673584,0.46879374980926514
YFL022C,YJL191W,0,0.2585819,0.17173144221305847,0.970059871673584,0.46889376640319824
YNL113W,YEL065W,0,0.25825223,0.171701118350029,0.970059871673584,0.46899381279945374
YMR316W,YPR190C,0,0.25798514,0.1716707944869995,0.970059871673584,0.46909382939338684
YNL197C,YER030W,0,0.25744882,0.17164047062397003,0.970059871673584,0.46919384598731995
YNL238W,YOR206W,0,0.25737554,0.17161017656326294,0.970059871673584,0.46929386258125305
YOR388C,YIL159W,0,0.25705406,0.17157988250255585,0.970059871673584,0.46939387917518616
YOR338W,YDL200C,0,0.25700054,0.17154958844184875,0.970059871673584,0.46949389576911926
YHL034C,YGR223C,0,0.25694883,0.17151932418346405,0.970059871673584,0.46959391236305237
YLR406C,YOR056C,0,0.25693366,0.17148905992507935,0.970059871673584,0.4696939289569855
YLR043C,YKL015W,0,0.2563186,0.17145881056785583,0.970059871673584,0.4697939455509186
YOR230W,YML116W,0,0.25600287,0.17142857611179352,0.970059871673584,0.4698939919471741
YMR121C,YBR024W,0,0.2541751,0.1713983416557312,0.970059871673584,0.4699940085411072
YNR054C,YDL194W,0,0.2539821,0.17136812210083008,0.970059871673584,0.4700940251350403
YAR015W,YOR155C,0,0.25382176,0.17133791744709015,0.970059871673584,0.4701940417289734
YNL267W,YML111W,0,0.25310174,0.17130771279335022,0.970059871673584,0.4702940583229065
YGL157W,YLR357W,0,0.25308314,0.17127753794193268,0.970059871673584,0.4703940749168396
YLR141W,YOR217W,0,0.2528238,0.17124736309051514,0.970059871673584,0.4704940915107727
YFR006W,YJR025C,0,0.25267574,0.1712171882390976,0.970059871673584,0.4705941081047058
YBL020W,YDL194W,0,0.25263593,0.17118704319000244,0.970059871673584,0.4706941246986389
YDL121C,YDR449C,0,0.25192544,0.1711568981409073,0.970059871673584,0.4707941710948944
YLR129W,YCR102C,0,0.2518375,0.17112676799297333,0.970059871673584,0.4708941876888275
YDR424C,YOR149C,0,0.25061047,0.17109663784503937,0.970059871673584,0.4709942042827606
YGR251W,YDL020C,0,0.2505315,0.1710665225982666,0.970059871673584,0.4710942208766937
YHR105W,YGR209C,0,0.24942288,0.17103642225265503,0.970059871673584,0.47119423747062683
YHR089C,YER133W,0,0.24870741,0.17100633680820465,0.970059871673584,0.47129425406455994
YKR003W,YDR320C-A,0,0.24866447,0.17097625136375427,0.970059871673584,0.47139427065849304
YDR038C,YHR028C,0,0.24858448,0.1709461808204651,0.970059871673584,0.47149428725242615
YEL002C,YMR113W,0,0.24816576,0.1709161251783371,0.970059871673584,0.47159433364868164
YFL003C,YLR410W-B,0,0.24812266,0.1708860695362091,0.970059871673584,0.47169435024261475
YLR127C,YKL203C,0,0.24809757,0.1708560436964035,0.970059871673584,0.47179436683654785
YNL194C,YFR024C,1,0.24809733,0.17100176215171814,0.9710578918457031,0.47179436683654785
YOR377W,YLR344W,0,0.24732056,0.17097170650959015,0.9710578918457031,0.47189438343048096
YPR005C,YNL242W,0,0.24651858,0.17094166576862335,0.9710578918457031,0.47199440002441406
YMR100W,YDR348C,0,0.24617827,0.17091163992881775,0.9710578918457031,0.47209441661834717
YOR067C,YML097C,0,0.2461093,0.17088162899017334,0.9710578918457031,0.4721944332122803
YML006C,YCR040W,0,0.24575797,0.17085161805152893,0.9710578918457031,0.4722944498062134
YNL107W,YIL070C,0,0.24480185,0.17082162201404572,0.9710578918457031,0.4723944664001465
YIL142W,YDR202C,0,0.24455714,0.1707916408777237,0.9710578918457031,0.472494512796402
YOL120C,YFR018C,0,0.24452338,0.17076167464256287,0.9710578918457031,0.4725945293903351
YFR006W,YKL198C,0,0.24446186,0.17073170840740204,0.9710578918457031,0.4726945459842682
YOL031C,YOL034W,0,0.2442582,0.1707017570734024,0.9710578918457031,0.4727945625782013
YPL276W,YJL006C,0,0.24423659,0.17067180573940277,0.9710578918457031,0.4728945791721344
YLL029W,YNL316C,0,0.24418798,0.17064188420772552,0.9710578918457031,0.4729945957660675
YDR448W,YKR028W,0,0.24365821,0.17061196267604828,0.9710578918457031,0.4730946123600006
YLR208W,YPL217C,0,0.24306151,0.17058204114437103,0.9710578918457031,0.4731946289539337
YEL070W,YBR155W,0,0.24303883,0.17055214941501617,0.9710578918457031,0.4732946455478668
YIL142W,YOR022C,0,0.24287838,0.17052225768566132,0.9710578918457031,0.4733946919441223
YDR052C,YNL252C,0,0.24279526,0.17049238085746765,0.9710578918457031,0.4734947085380554
YBR216C,YKL046C,0,0.24263182,0.170462504029274,0.9710578918457031,0.4735947251319885
YLR418C,YGL054C,0,0.24251148,0.1704326570034027,0.9710578918457031,0.47369474172592163
YCL034W,YDL004W,0,0.2421293,0.17040279507637024,0.9710578918457031,0.47379475831985474
YDL148C,YDL133C-A,0,0.24144503,0.17037296295166016,0.9710578918457031,0.47389477491378784
YNR063W,YBR026C,0,0.24104613,0.17034313082695007,0.9710578918457031,0.47399479150772095
YLL062C,YDR341C,0,0.23985073,0.17031331360340118,0.9710578918457031,0.47409480810165405
YNL087W,YMR319C,0,0.23984027,0.1702835112810135,0.9710578918457031,0.47419482469558716
YBL066C,YBR274W,0,0.23981842,0.170253723859787,0.9710578918457031,0.47429487109184265
YKL182W,YKL221W,0,0.23966715,0.17022393643856049,0.9710578918457031,0.47439488768577576
YOR257W,YDR020C,0,0.23941335,0.17019416391849518,0.9710578918457031,0.47449490427970886
YHL012W,YBR132C,0,0.23885748,0.17016439139842987,0.9710578918457031,0.47459492087364197
YBL076C,YNL010W,0,0.2381131,0.17013463377952576,0.9710578918457031,0.4746949374675751
YFR031C,YEL052W,0,0.23761061,0.17010489106178284,0.9710578918457031,0.4747949540615082
YJR104C,YGR215W,0,0.23753497,0.1700751632452011,0.9710578918457031,0.4748949706554413
YBL004W,YKL007W,0,0.23740336,0.17004543542861938,0.9710578918457031,0.4749949872493744
YIL076W,YIR007W,0,0.23739028,0.17001572251319885,0.9710578918457031,0.4750950336456299
YIL126W,YNL281W,0,0.23730981,0.16998602449893951,0.9710578918457031,0.475195050239563
YOL156W,YHR101C,0,0.23638615,0.16995632648468018,0.9710578918457031,0.4752950668334961
YHR175W,YOL005C,0,0.23622921,0.16992664337158203,0.9710578918457031,0.4753950834274292
YDL061C,YCR083W,0,0.23604545,0.16989697515964508,0.9710578918457031,0.4754951000213623
YDR162C,YPL121C,0,0.23572883,0.16986732184886932,0.9710578918457031,0.4755951166152954
YBR115C,YDR153C,0,0.23563051,0.16983766853809357,0.9710578918457031,0.4756951332092285
YKL198C,YFL001W,0,0.23548675,0.169808030128479,0.9710578918457031,0.4757951498031616
YGR048W,YML118W,0,0.23496512,0.16977839171886444,0.9710578918457031,0.4758951663970947
YDR017C,YNL026W,0,0.23482427,0.16974878311157227,0.9710578918457031,0.4759952127933502
YPR005C,YPR028W,0,0.2332477,0.1697191745042801,0.9710578918457031,0.4760952293872833
YNL158W,YLR440C,0,0.23305726,0.16968956589698792,0.9710578918457031,0.47619524598121643
YFR041C,YGR002C,0,0.23303625,0.16965998709201813,0.9710578918457031,0.47629526257514954
YPL240C,YHR104W,0,0.23285356,0.16963040828704834,0.9710578918457031,0.47639527916908264
YHR176W,YER016W,0,0.23282328,0.16960082948207855,0.9710578918457031,0.47649529576301575
YOR198C,YDR116C,0,0.23240718,0.16957128047943115,0.9710578918457031,0.47659531235694885
YGR075C,YHR031C,0,0.23229498,0.16954173147678375,0.9710578918457031,0.47669532895088196
YGL047W,YLR035C-A,0,0.23224291,0.16951219737529755,0.9710578918457031,0.47679534554481506
YPL259C,YKR060W,0,0.2320785,0.16948266327381134,0.9710578918457031,0.47689539194107056
YML115C,YOL054W,0,0.23174962,0.16945315897464752,0.9710578918457031,0.47699540853500366
YNL047C,YJR121W,0,0.23164597,0.1694236397743225,0.9710578918457031,0.47709542512893677
YOR064C,YER110C,0,0.23163906,0.16939415037631989,0.9710578918457031,0.4771954417228699
YAL012W,YBL079W,0,0.2313726,0.16936466097831726,0.9710578918457031,0.477295458316803
YMR311C,YGR140W,0,0.23130307,0.16933518648147583,0.9710578918457031,0.4773954749107361
YBR006W,YMR224C,0,0.23082367,0.1693057268857956,0.9710578918457031,0.4774954915046692
YHR214C-B,YDR055W,0,0.23068339,0.16927626729011536,0.9710578918457031,0.4775955080986023
YJL103C,YAL035W,0,0.22981298,0.1692468225955963,0.9710578918457031,0.4776955246925354
YHR191C,YML024W,0,0.22936472,0.16921739280223846,0.9710578918457031,0.4777955710887909
YJR033C,YKL143W,0,0.2289637,0.16918796300888062,0.9710578918457031,0.477895587682724
YNL084C,YBL005W-A,0,0.22892627,0.16915854811668396,0.9710578918457031,0.4779956042766571
YDR485C,YOR321W,0,0.22866765,0.1691291481256485,0.9710578918457031,0.4780956208705902
YNR031C,YDR069C,0,0.22787401,0.16909976303577423,0.9710578918457031,0.4781956374645233
YHR143W-A,YJR053W,0,0.22786468,0.16907037794589996,0.9710578918457031,0.4782956540584564
YBR287W,YIL132C,0,0.22739616,0.1690410077571869,0.9710578918457031,0.4783956706523895
YOR270C,YNL136W,0,0.22711816,0.16901163756847382,0.9710578918457031,0.47849568724632263
YMR169C,YBL006C,0,0.22689256,0.16898228228092194,0.9710578918457031,0.4785957336425781
YIR038C,YDR033W,0,0.22655869,0.16895294189453125,0.9710578918457031,0.47869575023651123
YNL194C,YML052W,1,0.22644994,0.16909721493721008,0.9720559120178223,0.47869575023651123
YDR051C,YKL095W,0,0.22608522,0.1690678745508194,0.9720559120178223,0.47879576683044434
YDR171W,YOL149W,0,0.2255806,0.1690385341644287,0.9720559120178223,0.47889578342437744
YKL093W,YJR009C,0,0.22534573,0.16900919377803802,0.9720559120178223,0.47899580001831055
YEL026W,YDR099W,0,0.22509351,0.16897986829280853,0.9720559120178223,0.47909581661224365
YDR224C,YGL236C,0,0.22478423,0.16895055770874023,0.9720559120178223,0.47919583320617676
YHR034C,YMR297W,0,0.2241644,0.16892126202583313,0.9720559120178223,0.47929584980010986
YOR005C,YKL213C,0,0.22389278,0.16889196634292603,0.9720559120178223,0.47939586639404297
YOR069W,YJR021C,0,0.22297263,0.16886268556118011,0.9720559120178223,0.47949591279029846
YNL154C,YMR017W,0,0.22272015,0.1688334196805954,0.9720559120178223,0.47959592938423157
YLR355C,YLR163C,0,0.22249404,0.16880415380001068,0.9720559120178223,0.4796959459781647
YOR231W,YGL119W,0,0.22222671,0.16877490282058716,0.9720559120178223,0.4797959625720978
YMR022W,YPL106C,0,0.22189566,0.16874566674232483,0.9720559120178223,0.4798959791660309
YDL227C,YCR010C,0,0.22168955,0.1687164455652237,0.9720559120178223,0.479995995759964
YDR329C,YNL301C,0,0.22133082,0.16868722438812256,0.9720559120178223,0.4800960123538971
YPL096W,YPR190C,0,0.22128084,0.16865800321102142,0.9720559120178223,0.4801960289478302
YKL217W,YJL145W,0,0.22095138,0.16862881183624268,0.9720559120178223,0.4802960455417633
YDR034C-D,YPL202C,0,0.22086346,0.16859962046146393,0.9720559120178223,0.4803960919380188
YOL128C,YOR118W,0,0.2207849,0.16857044398784637,0.9720559120178223,0.4804961085319519
YER087W,YIL026C,0,0.22019842,0.16854126751422882,0.9720559120178223,0.480596125125885
YLR404W,YOL082W,0,0.22019407,0.16851210594177246,0.9720559120178223,0.4806961417198181
YOL100W,YFL041W,0,0.21956843,0.1684829592704773,0.9720559120178223,0.4807961583137512
YDR064W,YML126C,0,0.21932468,0.16845382750034332,0.9720559120178223,0.4808961749076843
YOR283W,YJL006C,0,0.21884891,0.16842469573020935,0.9720559120178223,0.48099619150161743
YHL004W,YNR032W,0,0.21848175,0.16839557886123657,0.9720559120178223,0.48109620809555054
YEL038W,YHR102W,0,0.21775684,0.1683664619922638,0.9720559120178223,0.48119622468948364
YOR244W,YFL023W,0,0.21752498,0.1683373600244522,0.9720559120178223,0.48129627108573914
YFL002W-A,YNL258C,0,0.2173948,0.16830827295780182,0.9720559120178223,0.48139628767967224
YNL254C,YIR021W,0,0.2172741,0.16827920079231262,0.9720559120178223,0.48149630427360535
YDR221W,YLR431C,0,0.21662709,0.16825012862682343,0.9720559120178223,0.48159632086753845
YDR155C,YBR251W,0,0.21630102,0.16822107136249542,0.9720559120178223,0.48169633746147156
YDR104C,YOL058W,0,0.21604678,0.1681920289993286,0.9720559120178223,0.48179635405540466
YGR067C,YNL159C,0,0.2160435,0.1681629866361618,0.9720559120178223,0.48189637064933777
YDR119W,YNL290W,0,0.21588936,0.1681339591741562,0.9720559120178223,0.4819963872432709
YER173W,YLL005C,0,0.21582633,0.16810493171215057,0.9720559120178223,0.48209643363952637
YOR123C,YOR036W,0,0.21552703,0.16807593405246735,0.9720559120178223,0.4821964502334595
YOR092W,YPL213W,0,0.21512082,0.16804692149162292,0.9720559120178223,0.4822964668273926
YIL044C,YDR529C,0,0.21509972,0.1680179387331009,0.9720559120178223,0.4823964834213257
YNR047W,YFR008W,0,0.21463677,0.16798895597457886,0.9720559120178223,0.4824965000152588
YIL135C,YDR103W,0,0.21463528,0.16795998811721802,0.9720559120178223,0.4825965166091919
YMR022W,YLR447C,0,0.21453124,0.16793103516101837,0.9720559120178223,0.482696533203125
YLR100W,YDL192W,0,0.21450046,0.16790208220481873,0.9720559120178223,0.4827965497970581
YPL090C,YPR181C,0,0.2144188,0.16787314414978027,0.9720559120178223,0.4828965663909912
YHR164C,YDR247W,0,0.21414629,0.16784422099590302,0.9720559120178223,0.4829966127872467
YNR023W,YLR283W,0,0.213994,0.16781529784202576,0.9720559120178223,0.4830966293811798
YLR342W,YOR329C,1,0.21389857,0.16795866191387177,0.9730538725852966,0.4830966293811798
YJL082W,YAL042W,0,0.21371445,0.1679297238588333,0.9730538725852966,0.4831966459751129
YIL160C,YOR304W,0,0.2130051,0.16790081560611725,0.9730538725852966,0.483296662569046
YHR057C,YFL002W-A,0,0.21281633,0.16787190735340118,0.9730538725852966,0.4833966791629791
YDR520C,YDL059C,0,0.21253297,0.16784299910068512,0.9730538725852966,0.48349669575691223
YDR522C,YCR094W,0,0.21112302,0.16781412065029144,0.9730538725852966,0.48359671235084534
YIL065C,YMR312W,0,0.2109927,0.16778524219989777,0.9730538725852966,0.48369672894477844
YDR461W,YLR370C,0,0.21096411,0.1677563637495041,0.9730538725852966,0.48379674553871155
YNL230C,YFR005C,0,0.21025673,0.1677275002002716,0.9730538725852966,0.48389679193496704
YFR003C,YAL035W,0,0.20990601,0.16769865155220032,0.9730538725852966,0.48399680852890015
YHR021C,YOR037W,0,0.2098119,0.16766981780529022,0.9730538725852966,0.48409682512283325
YGR144W,YLL038C,0,0.2090236,0.16764098405838013,0.9730538725852966,0.48419684171676636
YDL015C,YDR231C,0,0.2089769,0.16761216521263123,0.9730538725852966,0.48429685831069946
YCR081W,YDR090C,0,0.20889392,0.16758336126804352,0.9730538725852966,0.48439687490463257
YLR096W,YMR250W,0,0.20883924,0.1675545573234558,0.9730538725852966,0.4844968914985657
YPL060C-A,YDL192W,0,0.20858538,0.1675257682800293,0.9730538725852966,0.4845969080924988
YLR388W,YLR121C,0,0.20805866,0.16749699413776398,0.9730538725852966,0.4846969246864319
YPR200C,YDL008W,0,0.20789897,0.16746821999549866,0.9730538725852966,0.4847969710826874
YOR070C,YOR346W,0,0.20771846,0.16743946075439453,0.9730538725852966,0.4848969876766205
YLR287C-A,YDR034C,0,0.20765981,0.1674107164144516,0.9730538725852966,0.4849970042705536
YDR076W,YHR147C,0,0.20761055,0.16738197207450867,0.9730538725852966,0.4850970208644867
YOR346W,YCR042C,0,0.20750147,0.16735324263572693,0.9730538725852966,0.4851970374584198
YBR014C,YER126C,0,0.20747122,0.16732452809810638,0.9730538725852966,0.4852970540523529
YGR163W,YLR141W,0,0.20743328,0.16729581356048584,0.9730538725852966,0.485397070646286
YKL137W,YGL071W,0,0.20730487,0.1672671139240265,0.9730538725852966,0.4854970872402191
YLR207W,YFL029C,0,0.20722833,0.16723842918872833,0.9730538725852966,0.4855971336364746
YER137C-A,YFL054C,0,0.20702356,0.16720974445343018,0.9730538725852966,0.4856971502304077
YIL145C,YOL006C,0,0.20660833,0.1671810746192932,0.9730538725852966,0.4857971668243408
YGL035C,YOR232W,0,0.20589477,0.16715240478515625,0.9730538725852966,0.4858971834182739
YLR174W,YPL072W,0,0.20558253,0.16712374985218048,0.9730538725852966,0.48599720001220703
YDR510W,YDR309C,1,0.20534566,0.16726648807525635,0.9740518927574158,0.48599720001220703
YHL002W,YNR018W,0,0.20526195,0.16723783314228058,0.9740518927574158,0.48609721660614014
YFL055W,YKL165C,0,0.20520288,0.1672091782093048,0.9740518927574158,0.48619723320007324
YMR285C,YJL090C,0,0.2044645,0.16718053817749023,0.9740518927574158,0.48629724979400635
YHR136C,YPL266W,0,0.20442685,0.16715191304683685,0.9740518927574158,0.48639726638793945
YDR540C,YKL154W,0,0.20437604,0.16712328791618347,0.9740518927574158,0.48649731278419495
YBR204C,YIL047C,0,0.20399746,0.16709467768669128,0.9740518927574158,0.48659732937812805
YBL084C,YOL043C,0,0.20357457,0.1670660674571991,0.9740518927574158,0.48669734597206116
YPR005C,YDR086C,0,0.20264432,0.1670374870300293,0.9740518927574158,0.48679736256599426
YPL144W,YOL088C,0,0.20239997,0.1670088917016983,0.9740518927574158,0.48689737915992737
YFR036W,YOL158C,0,0.2020022,0.1669803261756897,0.9740518927574158,0.4869973957538605
YKR061W,YNL316C,0,0.20155099,0.1669517606496811,0.9740518927574158,0.4870974123477936
YPL194W,YKR069W,0,0.20139727,0.16692321002483368,0.9740518927574158,0.4871974289417267
YOR133W,YKL206C,0,0.20121235,0.16689465939998627,0.9740518927574158,0.4872974455356598
YAR031W,YDR126W,0,0.20037827,0.16686612367630005,0.9740518927574158,0.4873974919319153
YDL021W,YER161C,0,0.20029214,0.16683760285377502,0.9740518927574158,0.4874975085258484
YDR310C,YJR010W,0,0.1997607,0.1668090969324112,0.9740518927574158,0.4875975251197815
YGL224C,YGR112W,0,0.19939959,0.16678059101104736,0.9740518927574158,0.4876975417137146
YOR291W,YOL075C,0,0.19926354,0.16675209999084473,0.9740518927574158,0.4877975583076477
YBR186W,YDR050C,0,0.19892803,0.1667236089706421,0.9740518927574158,0.4878975749015808
YOR338W,YML132W,0,0.19827607,0.16669513285160065,0.9740518927574158,0.4879975914955139
YBR056W,YMR020W,0,0.19729522,0.1666666716337204,0.9740518927574158,0.488097608089447
YBR012W-B,YML012W,0,0.19728884,0.16663821041584015,0.9740518927574158,0.4881976246833801
YOR148C,YCL043C,0,0.19711593,0.1666097640991211,0.9740518927574158,0.4882976710796356
YDL232W,YAR071W,0,0.1967718,0.16658133268356323,0.9740518927574158,0.4883976876735687
YMR034C,YMR214W,0,0.1964679,0.16655290126800537,0.9740518927574158,0.48849770426750183
YJL206C,YGL225W,0,0.19580069,0.1665244847536087,0.9740518927574158,0.48859772086143494
YGL062W,YBL101C,0,0.1957505,0.16649608314037323,0.9740518927574158,0.48869773745536804
YOR315W,YHL022C,0,0.19496444,0.16646768152713776,0.9740518927574158,0.48879775404930115
YPL048W,YLR431C,0,0.19419107,0.16643929481506348,0.9740518927574158,0.48889777064323425
YAL040C,YHR064C,0,0.19398752,0.1664109081029892,0.9740518927574158,0.48899778723716736
YPL132W,YGR036C,0,0.19380352,0.1663825362920761,0.9740518927574158,0.48909783363342285
YMR122W-A,YMR216C,0,0.19368213,0.16635417938232422,0.9740518927574158,0.48919785022735596
YEL009C,YMR139W,0,0.19363478,0.16632583737373352,0.9740518927574158,0.48929786682128906
YER087C-A,YPL214C,0,0.1929833,0.16629749536514282,0.9740518927574158,0.48939788341522217
YGR006W,YLR418C,0,0.19291109,0.16626916825771332,0.9740518927574158,0.4894979000091553
YNL300W,YDL029W,0,0.19289237,0.1662408411502838,0.9740518927574158,0.4895979166030884
YBR012W-B,YNL134C,0,0.19270158,0.1662125289440155,0.9740518927574158,0.4896979331970215
YNR020C,YCL057C-A,0,0.19250289,0.1661842316389084,0.9740518927574158,0.4897979497909546
YOR039W,YDR338C,0,0.19229054,0.16615593433380127,0.9740518927574158,0.4898979663848877
YLL038C,YCL025C,0,0.19224152,0.16612766683101654,0.9740518927574158,0.4899980127811432
YOR304W,YHR010W,0,0.19183835,0.16609938442707062,0.9740518927574158,0.4900980293750763
YER159C-A,YOR198C,0,0.19161117,0.16607113182544708,0.9740518927574158,0.4901980459690094
YDR067C,YDL227C,0,0.19122675,0.16604286432266235,0.9740518927574158,0.4902980625629425
YAL010C,YER159C-A,0,0.1910719,0.1660146266222,0.9740518927574158,0.4903980791568756
YGR014W,YHR092C,0,0.19054088,0.16598638892173767,0.9740518927574158,0.4904980957508087
YDL232W,YGL035C,0,0.19052139,0.16595816612243652,0.9740518927574158,0.4905981123447418
YGL019W,YCR004C,0,0.19002834,0.16592995822429657,0.9740518927574158,0.4906981289386749
YML114C,YJR043C,0,0.18984565,0.16590175032615662,0.9740518927574158,0.49079814553260803
YOR323C,YGR231C,0,0.18972713,0.16587355732917786,0.9740518927574158,0.4908981919288635
YDR173C,YPL085W,0,0.18972412,0.1658453643321991,0.9740518927574158,0.49099820852279663
YDR373W,YIL027C,0,0.1896894,0.16581718623638153,0.9740518927574158,0.49109822511672974
YOR125C,YEL052W,0,0.18943542,0.16578902304172516,0.9740518927574158,0.49119824171066284
YHR160C,YDL201W,0,0.18942142,0.16576087474822998,0.9740518927574158,0.49129825830459595
YOL165C,YCR034W,0,0.18881229,0.1657327264547348,0.9740518927574158,0.49139827489852905
YNR072W,YGL174W,0,0.18876207,0.16570457816123962,0.9740518927574158,0.49149829149246216
YDR315C,YCR048W,0,0.18808997,0.16567645967006683,0.9740518927574158,0.49159830808639526
YDR492W,YOL008W,0,0.18796584,0.16564834117889404,0.9740518927574158,0.49169835448265076
YGR162W,YDR174W,0,0.18777242,0.16562022268772125,0.9740518927574158,0.49179837107658386
YBR092C,YMR152W,0,0.18712208,0.16559213399887085,0.9740518927574158,0.49189838767051697
YNL339C,YEL041W,0,0.1861392,0.16556403040885925,0.9740518927574158,0.4919984042644501
YGL224C,YJR093C,0,0.18579909,0.16553595662117004,0.9740518927574158,0.4920984208583832
YGR075C,YJL063C,0,0.18454021,0.16550788283348083,0.9740518927574158,0.4921984374523163
YGL040C,YNL050C,0,0.18342918,0.16547982394695282,0.9740518927574158,0.4922984540462494
YDR085C,YPL082C,0,0.18328628,0.1654517650604248,0.9740518927574158,0.4923984706401825
YJR015W,YLL038C,0,0.1826328,0.16542373597621918,0.9740518927574158,0.4924984872341156
YPL098C,YCR028C,0,0.18260261,0.16539569199085236,0.9740518927574158,0.4925985336303711
YFL004W,YGR072W,0,0.18245488,0.16536767780780792,0.9740518927574158,0.4926985502243042
YNL152W,YBR102C,1,0.1822569,0.16550906002521515,0.9750499129295349,0.4926985502243042
YDL246C,YDR254W,0,0.18217432,0.16548103094100952,0.9750499129295349,0.4927985668182373
YOR039W,YGR013W,0,0.18142024,0.1654530018568039,0.9750499129295349,0.4928985834121704
YLR209C,YJR066W,0,0.18041366,0.16542498767375946,0.9750499129295349,0.4929986000061035
YNR020C,YBR048W,0,0.17873642,0.16539698839187622,0.9750499129295349,0.4930986166000366
YNR054C,YGR087C,0,0.17849287,0.16536898910999298,0.9750499129295349,0.4931986331939697
YBL022C,YIL041W,0,0.17773917,0.16534100472927094,0.9750499129295349,0.49329864978790283
YER058W,YOR221C,0,0.1773431,0.16531303524971008,0.9750499129295349,0.49339866638183594
YOR106W,YJR129C,0,0.1770863,0.16528506577014923,0.9750499129295349,0.49349871277809143
YDL141W,YIL027C,0,0.17634723,0.16525711119174957,0.9750499129295349,0.49359872937202454
YHR140W,YOR076C,0,0.17588872,0.16522915661334991,0.9750499129295349,0.49369874596595764
YIR014W,YCL019W,0,0.1748859,0.16520121693611145,0.9750499129295349,0.49379876255989075
YPL055C,YLR459W,0,0.17431882,0.16517329216003418,0.9750499129295349,0.49389877915382385
YOR074C,YHR104W,0,0.17385432,0.1651453673839569,0.9750499129295349,0.49399879574775696
YOR130C,YGR268C,0,0.17339036,0.16511745750904083,0.9750499129295349,0.49409881234169006
YIL139C,YJL047C,0,0.17286143,0.16508956253528595,0.9750499129295349,0.49419882893562317
YNL127W,YPL249C,0,0.17269138,0.16506166756153107,0.9750499129295349,0.4942988455295563
YOR028C,YNL272C,0,0.17261907,0.16503378748893738,0.9750499129295349,0.49439889192581177
YML039W,YDR393W,0,0.17256317,0.1650059074163437,0.9750499129295349,0.4944989085197449
YAR003W,YKL112W,0,0.17192212,0.1649780422449112,0.9750499129295349,0.494598925113678
YER035W,YNL310C,0,0.17178825,0.1649501919746399,0.9750499129295349,0.4946989417076111
YOR140W,YNL321W,0,0.17146862,0.16492235660552979,0.9750499129295349,0.4947989583015442
YMR201C,YMR208W,0,0.17137668,0.16489452123641968,0.9750499129295349,0.4948989748954773
YKR081C,YMR214W,0,0.1713748,0.16486668586730957,0.9750499129295349,0.4949989914894104
YLR153C,YOR145C,0,0.17093405,0.16483888030052185,0.9750499129295349,0.4950990080833435
YHR140W,YML030W,0,0.17057028,0.16481105983257294,0.9750499129295349,0.495199054479599
YDR460W,YJR101W,0,0.17020923,0.1647832691669464,0.9750499129295349,0.4952990710735321
YHR112C,YDR402C,0,0.16972765,0.16475547850131989,0.9750499129295349,0.4953990876674652
YBR293W,YGL172W,0,0.16934857,0.16472770273685455,0.9750499129295349,0.4954991042613983
YGL020C,YIL168W,0,0.1692349,0.16469992697238922,0.9750499129295349,0.4955991208553314
YLR410W-A,YKL086W,0,0.16798905,0.16467216610908508,0.9750499129295349,0.4956991374492645
YBR081C,YKL130C,0,0.16773146,0.16464442014694214,0.9750499129295349,0.49579915404319763
YNL326C,YMR198W,0,0.16766772,0.1646166741847992,0.9750499129295349,0.49589917063713074
YKL220C,YDR387C,0,0.16753504,0.16458894312381744,0.9750499129295349,0.49599918723106384
YOR295W,YJL160C,0,0.16738111,0.1645612269639969,0.9750499129295349,0.49609923362731934
YCR093W,YML027W,0,0.16677654,0.16453351080417633,0.9750499129295349,0.49619925022125244
YGL023C,YDR449C,0,0.16604826,0.16450580954551697,0.9750499129295349,0.49629926681518555
YDR226W,YKR056W,0,0.16590798,0.1644781082868576,0.9750499129295349,0.49639928340911865
YDR229W,YDR388W,0,0.16509685,0.16445042192935944,0.9750499129295349,0.49649930000305176
YHR010W,YGR140W,0,0.16463229,0.16442275047302246,0.9750499129295349,0.49659931659698486
YFL048C,YCR023C,0,0.16452733,0.16439509391784668,0.9750499129295349,0.49669933319091797
YMR198W,YCL038C,0,0.1641621,0.1643674224615097,0.9750499129295349,0.4967993497848511
YLR145W,YDL138W,0,0.16397128,0.16433978080749512,0.9750499129295349,0.4968993663787842
YDL129W,YIL138C,0,0.16369605,0.16431213915348053,0.9750499129295349,0.4969994127750397
YLR264W,YDL137W,0,0.16354224,0.16428451240062714,0.9750499129295349,0.4970994293689728
YGL106W,YLL010C,0,0.1629956,0.16425688564777374,0.9750499129295349,0.4971994459629059
YLR080W,YBR290W,0,0.16291606,0.16422928869724274,0.9750499129295349,0.497299462556839
YML066C,YGR074W,0,0.1624941,0.16420167684555054,0.9750499129295349,0.4973994791507721
YIL044C,YLR035C,0,0.16232687,0.16417409479618073,0.9750499129295349,0.4974994957447052
YNR074C,YIL108W,0,0.16228232,0.1641465127468109,0.9750499129295349,0.4975995123386383
YIL126W,YBR235W,0,0.16218206,0.1641189306974411,0.9750499129295349,0.4976995289325714
YMR269W,YJL108C,0,0.16129768,0.16409136354923248,0.9750499129295349,0.4977995455265045
YLR327C,YIL084C,0,0.16086471,0.16406381130218506,0.9750499129295349,0.49789959192276
YJL020C,YGL181W,1,0.16016561,0.1642041653394699,0.976047933101654,0.49789959192276
YPL257W-A,YOR014W,0,0.15990895,0.1641765981912613,0.976047933101654,0.4979996085166931
YPR185W,YOR198C,0,0.1597887,0.16414904594421387,0.976047933101654,0.4980996251106262
YPL016W,YOL107W,0,0.15971547,0.16412149369716644,0.976047933101654,0.4981996417045593
YLR080W,YLR186W,0,0.15967843,0.1640939563512802,0.976047933101654,0.49829965829849243
YLR433C,YJL164C,0,0.15943798,0.16406643390655518,0.976047933101654,0.49839967489242554
YLR222C,YKL034W,0,0.15920374,0.16403891146183014,0.976047933101654,0.49849969148635864
YNL241C,YJL005W,0,0.15853107,0.1640114039182663,0.976047933101654,0.49859970808029175
YMR134W,YLL034C,0,0.15782228,0.16398389637470245,0.976047933101654,0.49869975447654724
YPR112C,YDR402C,0,0.1575895,0.163956418633461,0.976047933101654,0.49879977107048035
YBR198C,YMR112C,0,0.15746924,0.16392892599105835,0.976047933101654,0.49889978766441345
YHR021C,YOR324C,0,0.15730113,0.1639014631509781,0.976047933101654,0.49899980425834656
YNR026C,YER078C,0,0.1570437,0.16387400031089783,0.976047933101654,0.49909982085227966
YLR100W,YCL063W,0,0.15672398,0.16384653747081757,0.976047933101654,0.49919983744621277
YOR014W,YDR117C,0,0.15595874,0.1638190895318985,0.976047933101654,0.4992998540401459
YPL121C,YCL074W,0,0.15550989,0.16379165649414062,0.976047933101654,0.499399870634079
YFR036W,YBL090W,0,0.15451375,0.16376423835754395,0.976047933101654,0.4994998872280121
YJL080C,YAR066W,0,0.15440574,0.16373682022094727,0.976047933101654,0.4995999336242676
YJR160C,YLR424W,0,0.15419254,0.16370940208435059,0.976047933101654,0.4996999502182007
YBL093C,YER098W,0,0.15398535,0.1636820137500763,0.976047933101654,0.4997999668121338
YHL024W,YLR404W,0,0.15340576,0.163654625415802,0.976047933101654,0.4998999834060669
YIL050W,YHR172W,0,0.15316352,0.1636272370815277,0.976047933101654,0.5
YIL090W,YPL170W,0,0.15300518,0.1635998636484146,0.976047933101654,0.5001000165939331
YKL217W,YJL108C,0,0.1528041,0.1635725051164627,0.976047933101654,0.5002000331878662
YOR222W,YLR145W,0,0.15189603,0.1635451465845108,0.976047933101654,0.5003000497817993
YBR152W,YHR132C,0,0.15166828,0.1635178029537201,0.976047933101654,0.5004000663757324
YLR022C,YNL339C,0,0.15130457,0.16349047422409058,0.976047933101654,0.5005000829696655
YJR032W,YOR089C,0,0.15124509,0.16346314549446106,0.976047933101654,0.5006000995635986
YGL229C,YMR309C,0,0.15117076,0.16343583166599274,0.976047933101654,0.5007001161575317
YGL153W,YCL074W,0,0.15098706,0.16340851783752441,0.976047933101654,0.5008001327514648
YIL063C,YGR101W,0,0.15059936,0.16338121891021729,0.976047933101654,0.5009002089500427
YHR057C,YGR041W,0,0.15039423,0.16335393488407135,0.976047933101654,0.5010002255439758
YDL246C,YJL209W,0,0.15039241,0.16332665085792542,0.976047933101654,0.5011002421379089
YLR410W-A,YGR222W,0,0.1503416,0.16329938173294067,0.976047933101654,0.501200258731842
YOL008W,YJR152W,0,0.15009335,0.16327212750911713,0.976047933101654,0.5013002753257751
YHR047C,YGL094C,0,0.15006506,0.16324487328529358,0.976047933101654,0.5014002919197083
YMR113W,YGL130W,0,0.14981261,0.16321761906147003,0.976047933101654,0.5015003085136414
YLR404W,YHR114W,1,0.14961961,0.16335724294185638,0.9770458936691284,0.5015003085136414
YFL048C,YKL021C,0,0.14950803,0.16333000361919403,0.9770458936691284,0.5016003251075745
YGL013C,YER027C,0,0.14875191,0.16330274939537048,0.9770458936691284,0.5017003417015076
YHR121W,YGL094C,0,0.14870164,0.16327551007270813,0.9770458936691284,0.5018003582954407
YOR075W,YBR141C,0,0.14792302,0.16324828565120697,0.9770458936691284,0.5019003748893738
YPL268W,YLL054C,0,0.14762497,0.163221076130867,0.9770458936691284,0.5020003914833069
YNL072W,YOR020C,0,0.14746496,0.16319386661052704,0.9770458936691284,0.50210040807724
YLL013C,YDL058W,0,0.14627144,0.16316667199134827,0.9770458936691284,0.5022004246711731
YFR019W,YDL045C,0,0.14612624,0.1631394773721695,0.9770458936691284,0.5023004412651062
YDL077C,YKL028W,0,0.14608663,0.16311229765415192,0.9770458936691284,0.5024004578590393
YHR005C-A,YDR414C,0,0.14599806,0.16308511793613434,0.9770458936691284,0.5025004744529724
YNR010W,YOR196C,0,0.14585713,0.16305796802043915,0.9770458936691284,0.5026004910469055
YDR151C,YNL308C,0,0.14574173,0.16303080320358276,0.9770458936691284,0.5027005672454834
YNL212W,YOL038W,0,0.1452637,0.16300366818904877,0.9770458936691284,0.5028005838394165
YFL002W-B,YMR280C,0,0.14521244,0.16297653317451477,0.9770458936691284,0.5029006004333496
YIL090W,YFR013W,0,0.14518926,0.16294939815998077,0.9770458936691284,0.5030006170272827
YDR237W,YKL183W,0,0.1449619,0.16292227804660797,0.9770458936691284,0.5031006336212158
YJR083C,YDL080C,0,0.14460665,0.16289517283439636,0.9770458936691284,0.5032006502151489
YLR048W,YJL093C,0,0.14422959,0.16286808252334595,0.9770458936691284,0.503300666809082
YLR359W,YJR151C,0,0.14419642,0.16284097731113434,0.9770458936691284,0.5034006834030151
YNL148C,YBR228W,0,0.14412099,0.16281390190124512,0.9770458936691284,0.5035006999969482
YNL335W,YGL244W,0,0.14402947,0.1627868264913559,0.9770458936691284,0.5036007165908813
YGR002C,YHR124W,0,0.14349476,0.16275976598262787,0.9770458936691284,0.5037007331848145
YLR450W,YDL052C,0,0.14324138,0.16273270547389984,0.9770458936691284,0.5038007497787476
YCR033W,YKL011C,0,0.14197281,0.162705659866333,0.9770458936691284,0.5039007663726807
YER049W,YCL030C,0,0.14155003,0.16267862915992737,0.9770458936691284,0.5040007829666138
YER095W,YDL127W,0,0.14138946,0.16265159845352173,0.9770458936691284,0.5041007995605469
YBR236C,YDR186C,0,0.14114225,0.16262458264827728,0.9770458936691284,0.50420081615448
YLR098C,YML124C,0,0.14087448,0.16259758174419403,0.9770458936691284,0.5043008327484131
YER012W,YJR139C,0,0.14074346,0.16257058084011078,0.9770458936691284,0.504400908946991
YPR096C,YFR008W,0,0.14012188,0.16254357993602753,0.9770458936691284,0.5045009255409241
YGL084C,YHR083W,0,0.13994774,0.16251659393310547,0.9770458936691284,0.5046009421348572
YKL082C,YNL026W,0,0.13976875,0.1624896228313446,0.9770458936691284,0.5047009587287903
YGR035C,YDR267C,0,0.13959602,0.16246266663074493,0.9770458936691284,0.5048009753227234
YLR205C,YNR045W,0,0.13943404,0.16243571043014526,0.9770458936691284,0.5049009919166565
YGL150C,YIL097W,0,0.13925639,0.1624087542295456,0.9770458936691284,0.5050010085105896
YDR394W,YBR035C,0,0.1388962,0.1623818278312683,0.9770458936691284,0.5051010251045227
YLR330W,YNL282W,0,0.13869044,0.16235488653182983,0.9770458936691284,0.5052010416984558
YDR470C,YLR342W,0,0.13838315,0.16232797503471375,0.9770458936691284,0.5053010582923889
YOL054W,YDR153C,0,0.13826254,0.16230106353759766,0.9770458936691284,0.505401074886322
YDR389W,YDR348C,0,0.13804394,0.16227415204048157,0.9770458936691284,0.5055010914802551
YPL055C,YML054C,0,0.13694802,0.16224727034568787,0.9770458936691284,0.5056011080741882
YLR141W,YJL171C,0,0.13632211,0.16222037374973297,0.9770458936691284,0.5057011246681213
YBR098W,YBR040W,0,0.13625479,0.16219350695610046,0.9770458936691284,0.5058011412620544
YOR382W,YAL010C,0,0.13605449,0.16216664016246796,0.9770458936691284,0.5059011578559875
YBR115C,YKL027W,0,0.13578752,0.16213978826999664,0.9770458936691284,0.5060011744499207
YGR109W-B,YBR297W,0,0.13499263,0.16211293637752533,0.9770458936691284,0.5061011910438538
YNL339C,YER070W,0,0.13466099,0.1620860993862152,0.9770458936691284,0.5062012672424316
YPL144W,YGL010W,0,0.13444692,0.1620592623949051,0.9770458936691284,0.5063012838363647
YER025W,YDL064W,0,0.13261685,0.16203244030475616,0.9770458936691284,0.5064013004302979
YER106W,YEL013W,0,0.13254905,0.16200563311576843,0.9770458936691284,0.506501317024231
YLR386W,YLR265C,0,0.13220158,0.1619788259267807,0.9770458936691284,0.5066013336181641
YMR146C,YGR027W-B,0,0.13180575,0.16195203363895416,0.9770458936691284,0.5067013502120972
YOL005C,YGR062C,0,0.13174844,0.16192524135112762,0.9770458936691284,0.5068013668060303
YOL052C,YOL064C,0,0.13162538,0.16189846396446228,0.9770458936691284,0.5069013833999634
YJL074C,YCR009C,0,0.13152212,0.16187168657779694,0.9770458936691284,0.5070013999938965
YGL210W,YLR440C,0,0.13055363,0.16184493899345398,0.9770458936691284,0.5071014165878296
YDR403W,YOR304W,0,0.13046402,0.16181817650794983,0.9770458936691284,0.5072014331817627
YMR314W,YDL231C,0,0.13039455,0.16179144382476807,0.9770458936691284,0.5073014497756958
YDL065C,YNR063W,0,0.13026443,0.1617647111415863,0.9770458936691284,0.5074014663696289
YLR418C,YDL245C,0,0.12945375,0.16173797845840454,0.9770458936691284,0.507501482963562
YNR004W,YPL196W,0,0.12931737,0.16171126067638397,0.9770458936691284,0.5076014995574951
YOR159C,YJL115W,0,0.12810203,0.1616845577955246,0.9770458936691284,0.5077015161514282
YHR052W,YDR011W,0,0.1277676,0.16165785491466522,0.9770458936691284,0.5078015327453613
YGL004C,YNR007C,0,0.12768391,0.16163116693496704,0.9770458936691284,0.5079016089439392
YLR414C,YMR023C,0,0.12737489,0.16160449385643005,0.9770458936691284,0.5080016255378723
YBR258C,YOL093W,0,0.12688538,0.16157782077789307,0.9770458936691284,0.5081016421318054
YER058W,YBR202W,0,0.12679753,0.16155114769935608,0.9770458936691284,0.5082016587257385
YDL128W,YDR320C,0,0.12676603,0.16152450442314148,0.9770458936691284,0.5083016753196716
YBR009C,YLR134W,0,0.126587,0.16149786114692688,0.9770458936691284,0.5084016919136047
YFR009W,YHR029C,0,0.12576404,0.16147121787071228,0.9770458936691284,0.5085017085075378
YGL128C,YBL100W-A,0,0.1254156,0.16144458949565887,0.9770458936691284,0.508601725101471
YDR141C,YOR389W,0,0.12522507,0.16141797602176666,0.9770458936691284,0.508701741695404
YOR099W,YCR023C,0,0.12458581,0.16139136254787445,0.9770458936691284,0.5088017582893372
YJR010C-A,YER171W,0,0.12437382,0.16136476397514343,0.9770458936691284,0.5089017748832703
YOR159C,YML125C,0,0.12414238,0.16133816540241241,0.9770458936691284,0.5090017914772034
YML066C,YFL044C,0,0.12396318,0.1613115817308426,0.9770458936691284,0.5091018080711365
YDR265W,YDR480W,0,0.1239163,0.16128501296043396,0.9770458936691284,0.5092018246650696
YGR264C,YML019W,0,0.123556584,0.16125844419002533,0.9770458936691284,0.5093018412590027
YGL112C,YML091C,0,0.123224765,0.1612318903207779,0.9770458936691284,0.5094018578529358
YMR321C,YGR152C,0,0.12256867,0.16120533645153046,0.9770458936691284,0.5095018744468689
YHR215W,YGR271C-A,0,0.12234071,0.1611787974834442,0.9770458936691284,0.509601891040802
YJL103C,YIL158W,0,0.122291476,0.16115225851535797,0.9770458936691284,0.5097019672393799
YGR195W,YMR135C,0,0.12196252,0.16112573444843292,0.9770458936691284,0.509801983833313
YOR128C,YHR077C,0,0.12189916,0.16109922528266907,0.9770458936691284,0.5099020004272461
YGL244W,YJL172W,0,0.12170488,0.1610727161169052,0.9770458936691284,0.5100020170211792
YOL045W,YGL131C,0,0.12150806,0.16104622185230255,0.9770458936691284,0.5101020336151123
YIL142W,YLR203C,0,0.1211302,0.16101974248886108,0.9770458936691284,0.5102020502090454
YOR298C-A,YOL094C,0,0.120997906,0.16099326312541962,0.9770458936691284,0.5103020668029785
YDR520C,YDR501W,0,0.12076661,0.16096678376197815,0.9770458936691284,0.5104020833969116
YER117W,YGR185C,0,0.120496154,0.16094031929969788,0.9770458936691284,0.5105020999908447
YPL074W,YLR429W,1,0.120303184,0.16107824444770813,0.9780439138412476,0.5105020999908447
YDR131C,YDR342C,0,0.11983496,0.16105176508426666,0.9780439138412476,0.5106021165847778
YOR257W,YMR172W,0,0.11957857,0.1610253006219864,0.9780439138412476,0.5107021331787109
YKR039W,YBR297W,0,0.11914405,0.1609988510608673,0.9780439138412476,0.510802149772644
YNL010W,YDR495C,0,0.11887789,0.16097240149974823,0.9780439138412476,0.5109021663665771
YOR003W,YKL183W,0,0.11886829,0.16094596683979034,0.9780439138412476,0.5110021829605103
YEL009C,YDL217C,0,0.11884585,0.16091954708099365,0.9780439138412476,0.5111021995544434
YBR012W-A,YPL084W,0,0.11857417,0.16089312732219696,0.9780439138412476,0.5112022161483765
YHR056C,YLR305C,0,0.11827695,0.16086670756340027,0.9780439138412476,0.5113022327423096
YLR081W,YGR048W,0,0.11723158,0.16084030270576477,0.9780439138412476,0.5114023089408875
YOR069W,YBR056W,0,0.11634773,0.16081391274929047,0.9780439138412476,0.5115023255348206
YOR229W,YDL236W,0,0.11568388,0.16078753769397736,0.9780439138412476,0.5116023421287537
YOR153W,YKL199C,0,0.1156511,0.16076114773750305,0.9780439138412476,0.5117023587226868
YBR081C,YMR142C,0,0.11526719,0.16073478758335114,0.9780439138412476,0.5118023753166199
YOR043W,YGR145W,0,0.11437026,0.16070842742919922,0.9780439138412476,0.511902391910553
YDR501W,YHR092C,0,0.114282876,0.1606820821762085,0.9780439138412476,0.5120024085044861
YBL028C,YJL225C,0,0.11295381,0.16065573692321777,0.9780439138412476,0.5121024250984192
YLR405W,YDR118W,0,0.11274269,0.16062940657138824,0.9780439138412476,0.5122024416923523
YNL077W,YDL165W,0,0.112656295,0.16060307621955872,0.9780439138412476,0.5123024582862854
YML114C,YHR101C,0,0.11244026,0.16057676076889038,0.9780439138412476,0.5124024748802185
YER087C-B,YGR241C,0,0.1122053,0.16055046021938324,0.9780439138412476,0.5125024914741516
YPL088W,YIR007W,0,0.11155519,0.1605241596698761,0.9780439138412476,0.5126025080680847
YHR004C,YJL221C,0,0.11107162,0.16049787402153015,0.9780439138412476,0.5127025246620178
YJR022W,YPL271W,0,0.11099303,0.1604715883731842,0.9780439138412476,0.5128025412559509
YFL048C,YPL089C,0,0.11092684,0.16044531762599945,0.9780439138412476,0.512902557849884
YCR037C,YGR118W,0,0.110697776,0.1604190468788147,0.9780439138412476,0.5130025744438171
YKR056W,YDR488C,0,0.1105749,0.16039280593395233,0.9780439138412476,0.5131025910377502
YIL128W,YHR136C,0,0.10987651,0.16036655008792877,0.9780439138412476,0.5132026672363281
YGL035C,YIL114C,0,0.10959861,0.1603403091430664,0.9780439138412476,0.5133026838302612
YOR173W,YLR427W,0,0.109081894,0.16031408309936523,0.9780439138412476,0.5134027004241943
YKL201C,YKL055C,0,0.108550996,0.16028785705566406,0.9780439138412476,0.5135027170181274
YIL101C,YPR082C,0,0.108308256,0.16026164591312408,0.9780439138412476,0.5136027336120605
YOL067C,YNL096C,0,0.108239084,0.1602354496717453,0.9780439138412476,0.5137027502059937
YDR172W,YJL134W,0,0.1074177,0.16020925343036652,0.9780439138412476,0.5138027667999268
YMR112C,YIL031W,0,0.107390136,0.16018307209014893,0.9780439138412476,0.5139027833938599
YDR481C,YOR071C,0,0.10655725,0.16015689074993134,0.9780439138412476,0.514002799987793
YCL075W,YAL063C,0,0.105985194,0.16013072431087494,0.9780439138412476,0.5141028165817261
YDL056W,YOL019W,0,0.105790585,0.16010455787181854,0.9780439138412476,0.5142028331756592
YJL153C,YAR050W,0,0.1050801,0.16007840633392334,0.9780439138412476,0.5143028497695923
YMR051C,YBR093C,0,0.10500473,0.16005225479602814,0.9780439138412476,0.5144028663635254
YMR005W,YDR263C,0,0.10463908,0.16002613306045532,0.9780439138412476,0.5145028829574585
YBR187W,YEL011W,0,0.1045495,0.1599999964237213,0.9780439138412476,0.5146028995513916
YKL004W,YHR002W,0,0.10378048,0.1599738746881485,0.9780439138412476,0.5147029161453247
YIL010W,YOR279C,0,0.103707284,0.15994776785373688,0.9780439138412476,0.5148029327392578
YGL245W,YML072C,0,0.103461295,0.15992167592048645,0.9780439138412476,0.5149030089378357
YGR048W,YJL074C,0,0.10334474,0.15989558398723602,0.9780439138412476,0.5150030255317688
YPL074W,YDR129C,1,0.10250363,0.16003262996673584,0.9790419340133667,0.5150030255317688
YDR059C,YNL075W,0,0.102428466,0.16000652313232422,0.9790419340133667,0.5151030421257019
YDR411C,YJR160C,0,0.102421075,0.1599804311990738,0.9790419340133667,0.515203058719635
YGR128C,YNL049C,0,0.10202047,0.15995433926582336,0.9790419340133667,0.5153030753135681
YGR106C,YNL284C,0,0.10196763,0.15992826223373413,0.9790419340133667,0.5154030919075012
YOR355W,YNL046W,0,0.1012083,0.1599022001028061,0.9790419340133667,0.5155031085014343
YOL109W,YLR305C,0,0.100497365,0.15987613797187805,0.9790419340133667,0.5156031250953674
YER021W,YDR330W,0,0.10022828,0.1598500907421112,0.9790419340133667,0.5157031416893005
YGR032W,YBR273C,0,0.09973028,0.15982404351234436,0.9790419340133667,0.5158031582832336
YLR369W,YJR151C,0,0.09961447,0.1597980111837387,0.9790419340133667,0.5159031748771667
YNL229C,YJL095W,0,0.0992198,0.15977199375629425,0.9790419340133667,0.5160031914710999
YPL177C,YKL073W,0,0.09881577,0.1597459763288498,0.9790419340133667,0.516103208065033
YBL113C,YER112W,0,0.09825519,0.15971995890140533,0.9790419340133667,0.5162032246589661
YMR221C,YOL120C,0,0.09817156,0.15969395637512207,0.9790419340133667,0.5163032412528992
YER161C,YGR089W,0,0.09804556,0.15966796875,0.9790419340133667,0.5164032578468323
YGR032W,YIL140W,1,0.09791455,0.15980471670627594,0.9800398945808411,0.5164032578468323
YDR088C,YOR242C,0,0.09743902,0.15977871417999268,0.9800398945808411,0.5165032744407654
YDL147W,YBR182C,0,0.09738138,0.1597527265548706,0.9800398945808411,0.5166032910346985
YLL061W,YLR459W,0,0.09594712,0.15972673892974854,0.9800398945808411,0.5167033672332764
YPL060C-A,YNR002C,0,0.09586868,0.15970076620578766,0.9800398945808411,0.5168033838272095
YLR238W,YGR172C,0,0.09560004,0.15967479348182678,0.9800398945808411,0.5169034004211426
YGR098C,YJR095W,0,0.095526814,0.1596488356590271,0.9800398945808411,0.5170034170150757
YKR010C,YDR419W,0,0.09552649,0.1596228927373886,0.9800398945808411,0.5171034336090088
YOL060C,YPR127W,0,0.094997466,0.15959694981575012,0.9800398945808411,0.5172034502029419
YPL079W,YER120W,0,0.09466031,0.15957100689411163,0.9800398945808411,0.517303466796875
YNL147W,YBR238C,0,0.09421432,0.15954507887363434,0.9800398945808411,0.5174034833908081
YAL041W,YGL026C,0,0.09394595,0.15951916575431824,0.9800398945808411,0.5175034999847412
YLR396C,YGL134W,0,0.09382042,0.15949325263500214,0.9800398945808411,0.5176035165786743
YIL117C,YDR018C,0,0.09358832,0.15946735441684723,0.9800398945808411,0.5177035331726074
YOL017W,YKR068C,0,0.09358546,0.15944147109985352,0.9800398945808411,0.5178035497665405
YIL065C,YPL019C,0,0.09282437,0.1594155877828598,0.9800398945808411,0.5179035663604736
YPL081W,YML125C,0,0.092687696,0.1593897044658661,0.9800398945808411,0.5180035829544067
YBL023C,YLR265C,0,0.09261125,0.15936383605003357,0.9800398945808411,0.5181035995483398
YLR138W,YNR016C,0,0.09222153,0.15933798253536224,0.9800398945808411,0.518203616142273
YMR251W-A,YOR303W,0,0.09190661,0.15931212902069092,0.9800398945808411,0.518303632736206
YLR048W,YEL043W,0,0.0916768,0.1592862904071808,0.9800398945808411,0.5184037089347839
YHR036W,YNL311C,0,0.09143308,0.15926046669483185,0.9800398945808411,0.518503725528717
YDR421W,YOL109W,0,0.090566725,0.1592346429824829,0.9800398945808411,0.5186037421226501
YPL144W,YDR096W,0,0.09050855,0.15920881927013397,0.9800398945808411,0.5187037587165833
YGR134W,YBR048W,0,0.0904088,0.15918301045894623,0.9800398945808411,0.5188037753105164
YDR197W,YJR029W,0,0.09028795,0.15915721654891968,0.9800398945808411,0.5189037919044495
YBR058C,YPL022W,0,0.09004474,0.15913142263889313,0.9800398945808411,0.5190038084983826
YDR031W,YOL072W,0,0.08978751,0.15910564363002777,0.9800398945808411,0.5191038250923157
YNL124W,YDR253C,0,0.08917257,0.15907986462116241,0.9800398945808411,0.5192038416862488
YPL265W,YBR179C,0,0.08842334,0.15905410051345825,0.9800398945808411,0.5193038582801819
YOR317W,YOR022C,0,0.08838251,0.1590283364057541,0.9800398945808411,0.519403874874115
YOR274W,YMR037C,0,0.088184744,0.15900258719921112,0.9800398945808411,0.5195038914680481
YJL204C,YOR145C,0,0.08730218,0.15897685289382935,0.9800398945808411,0.5196039080619812
YBR002C,YLR130C,0,0.087106556,0.15895111858844757,0.9800398945808411,0.5197039246559143
YDL204W,YGL181W,1,0.086708486,0.15908722579479218,0.9810379147529602,0.5197039246559143
YMR019W,YGL083W,0,0.08665565,0.1590614914894104,0.9810379147529602,0.5198039412498474
YJL076W,YDL120W,0,0.08581397,0.15903575718402863,0.9810379147529602,0.5199039578437805
YKL024C,YPR061C,0,0.08576423,0.15901002287864685,0.9810379147529602,0.5200039744377136
YGL014W,YPR138C,0,0.08452645,0.15898431837558746,0.9810379147529602,0.5201039910316467
YMR061W,YPL259C,0,0.08447805,0.15895859897136688,0.9810379147529602,0.5202040672302246
YJR145C,YOR393W,0,0.08411929,0.1589329093694687,0.9810379147529602,0.5203040838241577
YGL172W,YNL124W,0,0.0841009,0.1589072048664093,0.9810379147529602,0.5204041004180908
YJL020C,YER069W,0,0.08309093,0.1588815301656723,0.9810379147529602,0.5205041170120239
YOR064C,YIL042C,0,0.08287072,0.1588558554649353,0.9810379147529602,0.520604133605957
YDL126C,YNL242W,0,0.082348734,0.1588301807641983,0.9810379147529602,0.5207041501998901
YBR087W,YIL121W,0,0.08222166,0.1588045209646225,0.9810379147529602,0.5208041667938232
YDR466W,YNL302C,0,0.08196905,0.15877887606620789,0.9810379147529602,0.5209041833877563
YDL061C,YHR176W,0,0.081483364,0.15875323116779327,0.9810379147529602,0.5210041999816895
YIL047C,YGR125W,0,0.081254184,0.15872760117053986,0.9810379147529602,0.5211042165756226
YPL012W,YER126C,0,0.08111948,0.15870197117328644,0.9810379147529602,0.5212042331695557
YDL128W,YDL171C,0,0.08107123,0.1586763560771942,0.9810379147529602,0.5213042497634888
YJR015W,YLR421C,0,0.07999733,0.158650740981102,0.9810379147529602,0.5214042663574219
YJL073W,YER137C-A,0,0.079741836,0.15862514078617096,0.9810379147529602,0.521504282951355
YOL092W,YER153C,0,0.079523206,0.15859955549240112,0.9810379147529602,0.5216042995452881
YMR013C,YKL190W,0,0.07951167,0.1585739701986313,0.9810379147529602,0.5217043161392212
YOR174W,YFL029C,0,0.07848677,0.15854838490486145,0.9810379147529602,0.5218043327331543
YBR195C,YGL166W,0,0.07782972,0.1585228145122528,0.9810379147529602,0.5219044089317322
YAL017W,YLR419W,0,0.07778239,0.15849725902080536,0.9810379147529602,0.5220044255256653
YLR221C,YOR326W,0,0.07719487,0.1584717035293579,0.9810379147529602,0.5221044421195984
YMR180C,YMR098C,0,0.07695052,0.15844616293907166,0.9810379147529602,0.5222044587135315
YHR143W-A,YPR107C,0,0.076685876,0.1584206223487854,0.9810379147529602,0.5223044753074646
YPL091W,YER159C-A,0,0.076471895,0.15839509665966034,0.9810379147529602,0.5224044919013977
YDR059C,YGR026W,0,0.076039046,0.15836958587169647,0.9810379147529602,0.5225045084953308
YOR066W,YPL268W,0,0.075871944,0.1583440750837326,0.9810379147529602,0.5226045250892639
YNL069C,YDR307W,0,0.07568511,0.15831856429576874,0.9810379147529602,0.522704541683197
YGR116W,YER184C,0,0.0755139,0.15829306840896606,0.9810379147529602,0.5228045582771301
YJR022W,YPL152W,0,0.07545918,0.15826758742332458,0.9810379147529602,0.5229045748710632
YGL237C,YLR147C,0,0.075063586,0.1582421064376831,0.9810379147529602,0.5230045914649963
YOR125C,YDL185W,0,0.0748921,0.15821664035320282,0.9810379147529602,0.5231046080589294
YKR048C,YJL209W,0,0.07484272,0.15819117426872253,0.9810379147529602,0.5232046246528625
YLR224W,YIL047C,0,0.074742705,0.15816572308540344,0.9810379147529602,0.5233046412467957
YLR136C,YHR003C,0,0.074316174,0.15814028680324554,0.9810379147529602,0.5234046578407288
YIL088C,YOR216C,0,0.074162036,0.15811485052108765,0.9810379147529602,0.5235046744346619
YNR010W,YFL031W,0,0.074038565,0.15808941423892975,0.9810379147529602,0.5236047506332397
YBL050W,YOL107W,0,0.07391742,0.15806399285793304,0.9810379147529602,0.5237047672271729
YAR007C,YLR133W,0,0.07389444,0.15803858637809753,0.9810379147529602,0.523804783821106
YLR238W,YBR257W,0,0.072840124,0.15801317989826202,0.9810379147529602,0.5239048004150391
YCR037C,YBL028C,0,0.072708935,0.1579877883195877,0.9810379147529602,0.5240048170089722
YLR106C,YLR295C,0,0.071312815,0.1579623967409134,0.9810379147529602,0.5241048336029053
YOR332W,YDR027C,0,0.071170956,0.15793702006340027,0.9810379147529602,0.5242048501968384
YER039C,YCR057C,0,0.07069126,0.15791164338588715,0.9810379147529602,0.5243048667907715
YDR266C,YML008C,0,0.07029855,0.15788628160953522,0.9810379147529602,0.5244048833847046
YHR140W,YGR133W,0,0.070180565,0.15786093473434448,0.9810379147529602,0.5245048999786377
YNR039C,YJL118W,0,0.070163935,0.15783558785915375,0.9810379147529602,0.5246049165725708
YDR460W,YPL016W,0,0.070059806,0.157810240983963,0.9810379147529602,0.5247049331665039
YPR079W,YNR007C,0,0.06975031,0.15778490900993347,0.9810379147529602,0.524804949760437
YNR028W,YMR260C,0,0.06951237,0.15775959193706512,0.9810379147529602,0.5249049663543701
YCL066W,YBR129C,0,0.06949672,0.15773427486419678,0.9810379147529602,0.5250049829483032
YKL139W,YKL126W,0,0.06946862,0.15770897269248962,0.9810379147529602,0.5251049995422363
YBR159W,YGR062C,0,0.068766445,0.15768367052078247,0.9810379147529602,0.5252050161361694
YLR207W,YJL153C,0,0.06836769,0.1576583832502365,0.9810379147529602,0.5253050327301025
YDR263C,YPL085W,0,0.06816554,0.15763309597969055,0.9810379147529602,0.5254051089286804
YPL057C,YLR286C,0,0.06792548,0.1576078236103058,0.9810379147529602,0.5255051255226135
YPR163C,YNL160W,0,0.0678494,0.15758255124092102,0.9810379147529602,0.5256051421165466
YDR229W,YHR081W,0,0.06782445,0.15755729377269745,0.9810379147529602,0.5257051587104797
YOR190W,YER061C,0,0.06780407,0.15753205120563507,0.9810379147529602,0.5258051753044128
YGL191W,YOR384W,0,0.06710902,0.1575068086385727,0.9810379147529602,0.525905191898346
YAL025C,YIR008C,0,0.06695214,0.1574815809726715,0.9810379147529602,0.526005208492279
YGR271W,YDR291W,0,0.06680161,0.15745635330677032,0.9810379147529602,0.5261052250862122
YER159C-A,YMR267W,0,0.06665948,0.15743114054203033,0.9810379147529602,0.5262052416801453
YGR285C,YNL008C,0,0.06621638,0.15740592777729034,0.9810379147529602,0.5263052582740784
YOL141W,YNL212W,0,0.065775126,0.15738072991371155,0.9810379147529602,0.5264052748680115
YOR324C,YCR087C-A,0,0.06460425,0.15735553205013275,0.9810379147529602,0.5265052914619446
YDR172W,YIL023C,0,0.06425023,0.15733034908771515,0.9810379147529602,0.5266053080558777
YPR192W,YML038C,0,0.063771725,0.15730516612529755,0.9810379147529602,0.5267053246498108
YLR099C,YEL031W,0,0.063633144,0.15727999806404114,0.9810379147529602,0.5268053412437439
YLR025W,YCR057C,0,0.0626432,0.15725484490394592,0.9810379147529602,0.526905357837677
YMR264W,YGR200C,0,0.0621489,0.1572296917438507,0.9810379147529602,0.5270053744316101
YBL020W,YHR102W,0,0.06169662,0.1572045385837555,0.9810379147529602,0.527105450630188
YGR162W,YGR261C,0,0.061686516,0.15717940032482147,0.9810379147529602,0.5272054672241211
YML019W,YNL280C,0,0.061041474,0.15715427696704865,0.9810379147529602,0.5273054838180542
YGL019W,YER111C,0,0.060937822,0.15712915360927582,0.9810379147529602,0.5274055004119873
YHR175W,YDR252W,0,0.060871333,0.15710404515266418,0.9810379147529602,0.5275055170059204
YOR336W,YFL052W,0,0.060471505,0.15707893669605255,0.9810379147529602,0.5276055335998535
YDR466W,YPL147W,0,0.06046796,0.1570538431406021,0.9810379147529602,0.5277055501937866
YMR305C,YDR457W,0,0.060048908,0.15702874958515167,0.9810379147529602,0.5278055667877197
YOR246C,YBR202W,0,0.059397697,0.15700367093086243,0.9810379147529602,0.5279055833816528
YPR107C,YOL139C,0,0.05932629,0.15697860717773438,0.9810379147529602,0.5280055999755859
YBR258C,YNL231C,0,0.058618277,0.15695354342460632,0.9810379147529602,0.528105616569519
YHR140W,YOR243C,0,0.057762027,0.15692847967147827,0.9810379147529602,0.5282056331634521
YLR355C,YLL010C,0,0.057553858,0.1569034308195114,0.9810379147529602,0.5283056497573853
YBL074C,YLR229C,0,0.057513922,0.15687839686870575,0.9810379147529602,0.5284056663513184
YJL189W,YOR206W,0,0.057147086,0.15685336291790009,0.9810379147529602,0.5285056829452515
YER103W,YNR040W,0,0.057139784,0.15682832896709442,0.9810379147529602,0.5286056995391846
YIL006W,YOL082W,0,0.056384712,0.15680332481861115,0.9810379147529602,0.5287057161331177
YGR106C,YJL194W,0,0.05636564,0.15677830576896667,0.9810379147529602,0.5288057327270508
YHL020C,YHR207C,0,0.05634716,0.1567533016204834,0.9810379147529602,0.5289058089256287
YMR202W,YLR048W,0,0.05630073,0.15672831237316132,0.9810379147529602,0.5290058255195618
YDR055W,YGR278W,0,0.05618438,0.15670333802700043,0.9810379147529602,0.5291058421134949
YCR096C,YPL129W,0,0.055889845,0.15667834877967834,0.9810379147529602,0.529205858707428
YOL130W,YGL062W,0,0.05547437,0.15665338933467865,0.9810379147529602,0.5293058753013611
YMR119W,YPL121C,0,0.055333227,0.15662842988967896,0.9810379147529602,0.5294058918952942
YPL148C,YJR094W-A,0,0.05530998,0.15660347044467926,0.9810379147529602,0.5295059084892273
YER065C,YLR155C,0,0.054984063,0.15657852590084076,0.9810379147529602,0.5296059250831604
YPL060C-A,YFL052W,0,0.054874033,0.15655359625816345,0.9810379147529602,0.5297059416770935
YMR011W,YPL270W,0,0.05454126,0.15652866661548615,0.9810379147529602,0.5298059582710266
YMR080C,YLR226W,0,0.05450082,0.15650373697280884,0.9810379147529602,0.5299059748649597
YJL156C,YML088W,0,0.0536021,0.15647882223129272,0.9810379147529602,0.5300059914588928
YNL236W,YER007W,0,0.05337909,0.1564539223909378,0.9810379147529602,0.5301060080528259
YGL001C,YLR431C,0,0.052841008,0.15642902255058289,0.9810379147529602,0.530206024646759
YHR196W,YGR161W-B,0,0.05195853,0.15640413761138916,0.9810379147529602,0.5303060412406921
YLL045C,YNL044W,0,0.051950067,0.15637925267219543,0.9810379147529602,0.5304060578346252
YDL190C,YDR348C,0,0.05147174,0.1563543826341629,0.9810379147529602,0.5305060744285583
YMR136W,YMR287C,0,0.05113843,0.15632951259613037,0.9810379147529602,0.5306061506271362
YER051W,YER154W,0,0.05081868,0.15630465745925903,0.9810379147529602,0.5307061672210693
YPR060C,YLL005C,0,0.05077508,0.1562798023223877,0.9810379147529602,0.5308061838150024
YCR089W,YDR532C,0,0.050596267,0.15625496208667755,0.9810379147529602,0.5309062004089355
YMR006C,YOR028C,0,0.050195366,0.1562301367521286,0.9810379147529602,0.5310062170028687
YGR169C,YMR008C,0,0.050139546,0.15620531141757965,0.9810379147529602,0.5311062335968018
YGR027W-A,YGR038C-B,0,0.050126374,0.1561804860830307,0.9810379147529602,0.5312062501907349
YOL080C,YMR291W,0,0.049818307,0.15615567564964294,0.9810379147529602,0.531306266784668
YML095C,YML124C,0,0.049777985,0.15613088011741638,0.9810379147529602,0.5314062833786011
YBL017C,YMR172W,0,0.049765646,0.15610608458518982,0.9810379147529602,0.5315062999725342
YOR071C,YOL060C,0,0.049061626,0.15608128905296326,0.9810379147529602,0.5316063165664673
YCL027W,YML038C,0,0.048268348,0.15605652332305908,0.9810379147529602,0.5317063331604004
YDR107C,YGL227W,0,0.04810083,0.1560317426919937,0.9810379147529602,0.5318063497543335
YGR054W,YKL055C,0,0.04810062,0.15600697696208954,0.9810379147529602,0.5319063663482666
YOL165C,YBL058W,0,0.048033208,0.15598222613334656,0.9810379147529602,0.5320063829421997
YBL064C,YIL031W,0,0.04758632,0.15595747530460358,0.9810379147529602,0.5321063995361328
YNL265C,YPR032W,0,0.047529668,0.1559327393770218,0.9810379147529602,0.5322064161300659
YER104W,YNR016C,0,0.047168672,0.15590800344944,0.9810379147529602,0.532306432723999
YMR034C,YBR039W,0,0.046817213,0.1558832824230194,0.9810379147529602,0.5324065089225769
YPR166C,YOL152W,0,0.046518624,0.15585857629776,0.9810379147529602,0.53250652551651
YLR272C,YLR410W-B,0,0.04505828,0.15583385527133942,0.9810379147529602,0.5326065421104431
YDR297W,YHR045W,0,0.04448843,0.1558091640472412,0.9810379147529602,0.5327065587043762
YAR002C-A,YDR210W,0,0.044455618,0.155784472823143,0.9810379147529602,0.5328065752983093
YHR121W,YER169W,0,0.044028252,0.1557597815990448,0.9810379147529602,0.5329065918922424
YER130C,YCR096C,0,0.043610126,0.1557351052761078,0.9810379147529602,0.5330066084861755
YPL023C,YER171W,0,0.043408185,0.15571044385433197,0.9810379147529602,0.5331066250801086
YOR039W,YMR135C,0,0.04322976,0.15568578243255615,0.9810379147529602,0.5332066416740417
YNR073C,YLR452C,0,0.042894304,0.15566112101078033,0.9810379147529602,0.5333066582679749
YMR204C,YOL065C,0,0.04271394,0.1556364744901657,0.9810379147529602,0.533406674861908
YMR029C,YDR177W,0,0.04228735,0.15561184287071228,0.9810379147529602,0.5335066914558411
YPL064C,YOL026C,0,0.041615903,0.15558721125125885,0.9810379147529602,0.5336067080497742
YER091C,YOR327C,0,0.041499525,0.1555625945329666,0.9810379147529602,0.5337067246437073
YNR031C,YGL257C,0,0.041188926,0.15553797781467438,0.9810379147529602,0.5338067412376404
YMR123W,YKR054C,0,0.040913254,0.15551336109638214,0.9810379147529602,0.5339067578315735
YNL094W,YLL038C,1,0.040857464,0.15564695000648499,0.9820359349250793,0.5339067578315735
YML112W,YJL106W,0,0.04031071,0.15562233328819275,0.9820359349250793,0.5340067744255066
YNL182C,YOR204W,0,0.039933562,0.1555977165699005,0.9820359349250793,0.5341068506240845
YNL026W,YER126C,0,0.03957191,0.15557312965393066,0.9820359349250793,0.5342068672180176
YPL088W,YPL122C,0,0.03946978,0.15554852783679962,0.9820359349250793,0.5343068838119507
YFL013C,YER157W,0,0.039258063,0.15552394092082977,0.9820359349250793,0.5344069004058838
YDL083C,YJR053W,0,0.038955003,0.15549936890602112,0.9820359349250793,0.5345069169998169
YBR158W,YNR067C,0,0.038503945,0.15547479689121246,0.9820359349250793,0.53460693359375
YGL033W,YIL042C,0,0.037970334,0.155450239777565,0.9820359349250793,0.5347069501876831
YLR096W,YBR139W,0,0.037963033,0.15542568266391754,0.9820359349250793,0.5348069667816162
YJR155W,YDR452W,0,0.037623376,0.15540114045143127,0.9820359349250793,0.5349069833755493
YDL129W,YBR035C,0,0.03712836,0.155376598238945,0.9820359349250793,0.5350069999694824
YMR172W,YML088W,0,0.03682956,0.15535207092761993,0.9820359349250793,0.5351070165634155
YDR205W,YKR003W,0,0.03661427,0.15532754361629486,0.9820359349250793,0.5352070331573486
YOR148C,YDR263C,0,0.03514588,0.15530303120613098,0.9820359349250793,0.5353070497512817
YBR261C,YCR010C,0,0.034612626,0.1552785187959671,0.9820359349250793,0.5354070663452148
YLR276C,YML124C,0,0.034425765,0.15525402128696442,0.9820359349250793,0.535507082939148
YIL143C,YHL009W-B,0,0.032228976,0.15522953867912292,0.9820359349250793,0.535607099533081
YIL073C,YGR063C,0,0.03210029,0.15520504117012024,0.9820359349250793,0.5357071161270142
YJL106W,YBL010C,0,0.031966656,0.15518057346343994,0.9820359349250793,0.5358071327209473
YPR183W,YIR021W,0,0.031894207,0.15515610575675964,0.9820359349250793,0.5359072089195251
YDR403W,YML128C,0,0.03158024,0.15513163805007935,0.9820359349250793,0.5360072255134583
YJR014W,YMR273C,0,0.03139241,0.15510718524456024,0.9820359349250793,0.5361072421073914
YCR093W,YGL017W,0,0.029609084,0.15508274734020233,0.9820359349250793,0.5362072587013245
YMR016C,YGL162W,0,0.029531747,0.15505830943584442,0.9820359349250793,0.5363072752952576
YOR275C,YDR326C,0,0.029503167,0.1550338715314865,0.9820359349250793,0.5364072918891907
YLR192C,YLR164W,0,0.029342413,0.1550094485282898,0.9820359349250793,0.5365073084831238
YPL131W,YOL054W,0,0.029122889,0.15498504042625427,0.9820359349250793,0.5366073250770569
YDR444W,YPL079W,0,0.027972281,0.15496063232421875,0.9820359349250793,0.53670734167099
YAL016W,YEL071W,0,0.027726114,0.15493622422218323,0.9820359349250793,0.5368073582649231
YGL190C,YBL017C,0,0.027636588,0.1549118459224701,0.9820359349250793,0.5369073748588562
YOL086C,YKL218C,0,0.02674672,0.15488745272159576,0.9820359349250793,0.5370073914527893
YGR061C,YNL290W,0,0.026239648,0.15486307442188263,0.9820359349250793,0.5371074080467224
YLL028W,YPR135W,0,0.025462657,0.1548387110233307,0.9820359349250793,0.5372074246406555
YDR151C,YLR033W,0,0.024878427,0.15481434762477875,0.9820359349250793,0.5373074412345886
YBR186W,YPR063C,0,0.024688095,0.154789999127388,0.9820359349250793,0.5374074578285217
YDR409W,YOR085W,0,0.024138719,0.15476565062999725,0.9820359349250793,0.5375074744224548
YLR306W,YER112W,0,0.024041712,0.1547413170337677,0.9820359349250793,0.5376075506210327
YGR221C,YEL022W,0,0.023674548,0.15471698343753815,0.9820359349250793,0.5377075672149658
YLR410W-A,YKL216W,0,0.02331096,0.1546926647424698,0.9820359349250793,0.5378075838088989
YMR210W,YKR048C,0,0.023051977,0.15466834604740143,0.9820359349250793,0.537907600402832
YDR022C,YCR066W,0,0.022783607,0.15464404225349426,0.9820359349250793,0.5380076169967651
YDR170W-A,YJR040W,0,0.02257438,0.1546197384595871,0.9820359349250793,0.5381076335906982
YDR470C,YDR507C,0,0.022211194,0.15459544956684113,0.9820359349250793,0.5382076501846313
YJR057W,YBL021C,0,0.021788895,0.15457116067409515,0.9820359349250793,0.5383076667785645
YCL057W,YKR037C,0,0.021752596,0.15454688668251038,0.9820359349250793,0.5384076833724976
YBL040C,YFL041W,0,0.021644995,0.1545226126909256,0.9820359349250793,0.5385076999664307
YDL035C,YKL171W,0,0.021487758,0.15449835360050201,0.9820359349250793,0.5386077165603638
YMR228W,YNL117W,0,0.020818204,0.15447409451007843,0.9820359349250793,0.5387077331542969
YGL209W,YDR034C,0,0.020751968,0.15444985032081604,0.9820359349250793,0.53880774974823
YNR004W,YGL044C,0,0.020730793,0.15442560613155365,0.9820359349250793,0.5389077663421631
YGR118W,YNR067C,0,0.016640216,0.15440137684345245,0.9820359349250793,0.5390077829360962
YIL015W,YLL055W,0,0.016600937,0.15437716245651245,0.9820359349250793,0.5391077995300293
YJL187C,YLR157C-A,0,0.015922576,0.15435294806957245,0.9820359349250793,0.5392078161239624
YFL014W,YIL177C,0,0.015775919,0.15432873368263245,0.9820359349250793,0.5393078327178955
YDR294C,YBR227C,0,0.01479128,0.15430453419685364,0.9820359349250793,0.5394079089164734
YBR055C,YML036W,0,0.013993755,0.15428033471107483,0.9820359349250793,0.5395079255104065
YLL005C,YPR198W,0,0.013830811,0.15425615012645721,0.9820359349250793,0.5396079421043396
YIL061C,YDR120C,0,0.013679534,0.1542319804430008,0.9820359349250793,0.5397079586982727
YHR179W,YPL017C,0,0.013461217,0.15420781075954437,0.9820359349250793,0.5398079752922058
YDL040C,YPR096C,0,0.013261378,0.15418364107608795,0.9820359349250793,0.5399079918861389
YIL171W,YML001W,0,0.01325798,0.15415948629379272,0.9820359349250793,0.540008008480072
YDL074C,YJR155W,0,0.01295118,0.1541353315114975,0.9820359349250793,0.5401080250740051
YJR032W,YOR037W,0,0.012317091,0.15411119163036346,0.9820359349250793,0.5402080416679382
YDR519W,YPL096W,0,0.010873288,0.15408706665039062,0.9820359349250793,0.5403080582618713
YER137C,YGR215W,0,0.009965524,0.15406294167041779,0.9820359349250793,0.5404080748558044
YHR101C,YEL016C,0,0.009431958,0.15403881669044495,0.9820359349250793,0.5405080914497375
YML118W,YDR489W,0,0.009088337,0.1540147066116333,0.9820359349250793,0.5406081080436707
YOR391C,YLL040C,0,0.008242846,0.15399061143398285,0.9820359349250793,0.5407081246376038
YMR190C,YDR410C,0,0.007820219,0.1539665162563324,0.9820359349250793,0.5408081412315369
YMR288W,YAL035W,0,0.0075185895,0.15394242107868195,0.9820359349250793,0.54090815782547
YKL163W,YMR052W,0,0.0074665695,0.1539183408021927,0.9820359349250793,0.5410081744194031
YNL010W,YLL022C,0,0.0072231293,0.15389427542686462,0.9820359349250793,0.541108250617981
YNL308C,YDR018C,0,0.0061700046,0.15387021005153656,0.9820359349250793,0.5412082672119141
YJR107W,YDR410C,0,0.0059218407,0.1538461595773697,0.9820359349250793,0.5413082838058472
YOR239W,YMR238W,0,0.0051621646,0.15382210910320282,0.9820359349250793,0.5414083003997803
YPR200C,YHR147C,0,0.0051595867,0.15379805862903595,0.9820359349250793,0.5415083169937134
YLL002W,YMR056C,0,0.0048172474,0.15377402305603027,0.9820359349250793,0.5416083335876465
YBR156C,YOR145C,0,0.0047092736,0.1537500023841858,0.9820359349250793,0.5417083501815796
YMR032W,YBR012W-B,0,0.004617363,0.1537259817123413,0.9820359349250793,0.5418083667755127
YHR069C,YPL153C,0,0.004478365,0.15370196104049683,0.9820359349250793,0.5419083833694458
YGL212W,YNL064C,0,0.0043861866,0.15367797017097473,0.9820359349250793,0.5420083999633789
YLL023C,YNR022C,0,0.004077643,0.15365396440029144,0.9820359349250793,0.542108416557312
YPL089C,YMR109W,0,0.0040553957,0.15362997353076935,0.9820359349250793,0.5422084331512451
YDR480W,YDR415C,0,0.0040036887,0.15360599756240845,0.9820359349250793,0.5423084497451782
YNL335W,YDL049C,0,0.0038137585,0.15358202159404755,0.9820359349250793,0.5424084663391113
YOL045W,YLR157C-B,0,0.003733486,0.15355804562568665,0.9820359349250793,0.5425084829330444
YKL139W,YJL159W,0,0.003546089,0.15353409945964813,0.9820359349250793,0.5426084995269775
YLR246W,YNL229C,0,0.00339666,0.15351013839244843,0.9820359349250793,0.5427085161209106
YHR143W-A,YCR093W,0,0.0033896267,0.1534861922264099,0.9820359349250793,0.5428085327148438
YMR065W,YPL111W,0,0.0032368153,0.1534622609615326,0.9820359349250793,0.5429086089134216
YPR018W,YLR064W,0,0.0030284375,0.15343832969665527,0.9820359349250793,0.5430086255073547
YJL042W,YNL049C,0,0.002987951,0.15341441333293915,0.9820359349250793,0.5431086421012878
YNL129W,YDR038C,0,0.0023627728,0.15339049696922302,0.9820359349250793,0.543208658695221
YLR228C,YLL011W,0,0.0017053187,0.1533665806055069,0.9820359349250793,0.543308675289154
YNL148C,YAL020C,0,0.00084143877,0.15334267914295197,0.9820359349250793,0.5434086918830872
YNR021W,YOL052C,0,0.00067576766,0.15331879258155823,0.9820359349250793,0.5435087084770203
YDR238C,YPL128C,0,0.00047120452,0.1532949060201645,0.9820359349250793,0.5436087250709534
YMR314W,YOL060C,0,-0.0004350543,0.15327103435993195,0.9820359349250793,0.5437087416648865
YBR195C,YLR380W,0,-0.0004723221,0.1532471626996994,0.9820359349250793,0.5438087582588196
YBR258C,YGR203W,0,-0.00056234,0.15322329103946686,0.9820359349250793,0.5439087748527527
YDR342C,YBL068W,0,-0.00093925,0.1531994342803955,0.9820359349250793,0.5440087914466858
YGR087C,YGR223C,0,-0.0018191487,0.15317559242248535,0.9820359349250793,0.5441088080406189
YMR167W,YDR405W,0,-0.0018771887,0.1531517505645752,0.9820359349250793,0.544208824634552
YLR309C,YLR343W,0,-0.0019271374,0.15312792360782623,0.9820359349250793,0.5443088412284851
YER065C,YDL006W,0,-0.0021054596,0.15310409665107727,0.9820359349250793,0.5444088578224182
YNL326C,YEL004W,0,-0.0023915917,0.1530802696943283,0.9820359349250793,0.5445088744163513
YNR047W,YNL152W,0,-0.0025148392,0.15305645763874054,0.9820359349250793,0.5446089506149292
YMR241W,YFR041C,0,-0.0030057132,0.15303266048431396,0.9820359349250793,0.5447089672088623
YMR200W,YGL030W,0,-0.0031116307,0.1530088633298874,0.9820359349250793,0.5448089838027954
YMR202W,YPL032C,0,-0.003782481,0.152985081076622,0.9820359349250793,0.5449090003967285
YFL004W,YLR321C,0,-0.0042838156,0.15296129882335663,0.9820359349250793,0.5450090169906616
YIL115C,YJL213W,0,-0.0045342892,0.15293751657009125,0.9820359349250793,0.5451090335845947
YDR338C,YBR072W,0,-0.004551679,0.15291374921798706,0.9820359349250793,0.5452090501785278
YKL163W,YGL187C,0,-0.0050233454,0.15288999676704407,0.9820359349250793,0.5453090667724609
YGR061C,YCL052C,0,-0.005238086,0.15286624431610107,0.9820359349250793,0.545409083366394
YOR231W,YIL091C,0,-0.0053922236,0.15284249186515808,0.9820359349250793,0.5455090999603271
YOR083W,YCL074W,0,-0.0054095685,0.15281875431537628,0.9820359349250793,0.5456091165542603
YJR126C,YER190W,0,-0.00543043,0.15279503166675568,0.9820359349250793,0.5457091331481934
YFR013W,YGR074W,0,-0.005474478,0.15277130901813507,0.9820359349250793,0.5458091497421265
YPL159C,YBR286W,0,-0.0061475337,0.15274760127067566,0.9820359349250793,0.5459091663360596
YOR382W,YER146W,0,-0.006735489,0.15272389352321625,0.9820359349250793,0.5460091829299927
YOR124C,YBR020W,0,-0.00698182,0.15270018577575684,0.9820359349250793,0.5461091995239258
YNL311C,YCL052C,0,-0.007039845,0.15267649292945862,0.9820359349250793,0.5462092161178589
YMR240C,YKR080W,0,-0.0072183013,0.1526528149843216,0.9820359349250793,0.546309232711792
YKL220C,YER089C,0,-0.007855371,0.15262913703918457,0.9820359349250793,0.5464093089103699
YGR065C,YEL041W,0,-0.008665115,0.15260545909404755,0.9820359349250793,0.546509325504303
YKL165C,YML051W,0,-0.0088754,0.15258179605007172,0.9820359349250793,0.5466093420982361
YKL117W,YHR109W,0,-0.00903599,0.1525581330060959,0.9820359349250793,0.5467093586921692
YPL241C,YNL281W,0,-0.010084972,0.15253448486328125,0.9820359349250793,0.5468093752861023
YER122C,YOL138C,0,-0.010279685,0.1525108516216278,0.9820359349250793,0.5469093918800354
YDR453C,YIL080W,0,-0.010664195,0.15248721837997437,0.9820359349250793,0.5470094084739685
YJL138C,YER075C,0,-0.011074737,0.15246358513832092,0.9820359349250793,0.5471094250679016
YBR066C,YKL218C,0,-0.011134714,0.15243996679782867,0.9820359349250793,0.5472094416618347
YDL065C,YML051W,0,-0.011283606,0.15241636335849762,0.9820359349250793,0.5473094582557678
YBR135W,YAL035W,0,-0.01173225,0.15239274501800537,0.9820359349250793,0.5474094748497009
YML080W,YDR311W,0,-0.011983007,0.1523691564798355,0.9820359349250793,0.547509491443634
YBR214W,YOL010W,0,-0.012840331,0.15234556794166565,0.9820359349250793,0.5476095080375671
YFR005C,YPR043W,0,-0.013271838,0.1523219794034958,0.9820359349250793,0.5477095246315002
YHR007C,YHR135C,0,-0.013636127,0.15229840576648712,0.9820359349250793,0.5478095412254333
YOR355W,YBR202W,0,-0.013835847,0.15227483212947845,0.9820359349250793,0.5479095578193665
YHL008C,YLR320W,0,-0.013891816,0.15225127339363098,0.9820359349250793,0.5480095744132996
YBR040W,YCL008C,0,-0.014067233,0.1522277295589447,0.9820359349250793,0.5481096506118774
YBR082C,YDR393W,0,-0.014213398,0.15220417082309723,0.9820359349250793,0.5482096672058105
YGR264C,YLR283W,0,-0.014471903,0.15218064188957214,0.9820359349250793,0.5483096837997437
YGL023C,YLL023C,0,-0.014492467,0.15215709805488586,0.9820359349250793,0.5484097003936768
YPL118W,YIL138C,0,-0.014568642,0.15213358402252197,0.9820359349250793,0.5485097169876099
YOR270C,YMR321C,0,-0.016090125,0.15211006999015808,0.9820359349250793,0.548609733581543
YDR118W,YDR362C,0,-0.01624465,0.1520865559577942,0.9820359349250793,0.5487097501754761
YML043C,YKL161C,0,-0.016293004,0.1520630568265915,0.9820359349250793,0.5488097667694092
YDR067C,YBR155W,0,-0.016454965,0.1520395576953888,0.9820359349250793,0.5489097833633423
YNL336W,YHR084W,0,-0.01753132,0.1520160734653473,0.9820359349250793,0.5490097999572754
YDR074W,YOL094C,0,-0.018089697,0.1519925892353058,0.9820359349250793,0.5491098165512085
YFL038C,YNL301C,0,-0.01949972,0.15196910500526428,0.9820359349250793,0.5492098331451416
YOL104C,YJL155C,0,-0.02006054,0.15194565057754517,0.9820359349250793,0.5493098497390747
YCR048W,YAL054C,0,-0.020152897,0.15192218124866486,0.9820359349250793,0.5494098663330078
YIL126W,YGR295C,0,-0.020802408,0.15189872682094574,0.9820359349250793,0.5495098829269409
YOR234C,YKR061W,0,-0.020981938,0.15187528729438782,0.9820359349250793,0.549609899520874
YLR357W,YPR016C,0,-0.021688342,0.1518518477678299,0.9820359349250793,0.5497099161148071
YBR123C,YOL155C,0,-0.02175659,0.15182842314243317,0.9820359349250793,0.5498099327087402
YDR226W,YDL040C,0,-0.02271375,0.15180499851703644,0.9820359349250793,0.5499100089073181
YLR389C,YHR046C,0,-0.022839636,0.1517815887928009,0.9820359349250793,0.5500100255012512
YHR215W,YHR188C,0,-0.022877112,0.15175817906856537,0.9820359349250793,0.5501100420951843
YLR117C,YDL045W-A,0,-0.023205847,0.15173476934432983,0.9820359349250793,0.5502100586891174
YER026C,YER098W,0,-0.023452371,0.1517113745212555,0.9820359349250793,0.5503100752830505
YCL031C,YJR092W,0,-0.023903072,0.15168799459934235,0.9820359349250793,0.5504100918769836
YLR452C,YBR283C,0,-0.024573594,0.1516646146774292,0.9820359349250793,0.5505101084709167
YLR330W,YEL053C,0,-0.024611056,0.15164123475551605,0.9820359349250793,0.5506101250648499
YGR275W,YGR065C,0,-0.024781048,0.1516178697347641,0.9820359349250793,0.550710141658783
YBL026W,YMR198W,0,-0.025546402,0.15159451961517334,0.9820359349250793,0.5508101582527161
YPR048W,YDR013W,0,-0.025615469,0.15157116949558258,0.9820359349250793,0.5509101748466492
YLR314C,YDR166C,1,-0.025709748,0.15170183777809143,0.9830339550971985,0.5509101748466492
YKR058W,YKR087C,0,-0.02579692,0.15167847275733948,0.9830339550971985,0.5510101914405823
YPL240C,YNL213C,0,-0.025857165,0.15165512263774872,0.9830339550971985,0.5511102080345154
YPL090C,YBR093C,0,-0.025905073,0.15163177251815796,0.9830339550971985,0.5512102246284485
YMR100W,YAR035W,0,-0.0263886,0.1516084372997284,0.9830339550971985,0.5513102412223816
YKL024C,YBR207W,0,-0.026643187,0.15158510208129883,0.9830339550971985,0.5514102578163147
YNL007C,YBR120C,0,-0.026852965,0.15156178176403046,0.9830339550971985,0.5515102744102478
YOR140W,YCL004W,0,-0.026983753,0.15153846144676208,0.9830339550971985,0.5516103506088257
YHR076W,YIL027C,0,-0.02727127,0.1515151560306549,0.9830339550971985,0.5517103672027588
YKL116C,YHR017W,0,-0.027389288,0.15149185061454773,0.9830339550971985,0.5518103837966919
YML093W,YHR060W,0,-0.027778566,0.15146856009960175,0.9830339550971985,0.551910400390625
YNL212W,YCR034W,0,-0.027852833,0.15144526958465576,0.9830339550971985,0.5520104169845581
YER150W,YJR058C,0,-0.029054374,0.15142197906970978,0.9830339550971985,0.5521104335784912
YGL048C,YOL028C,0,-0.02948314,0.151398703455925,0.9830339550971985,0.5522104501724243
YNR031C,YBL098W,0,-0.02955693,0.1513754427433014,0.9830339550971985,0.5523104667663574
YKR029C,YEL059C-A,0,-0.029593527,0.1513521820306778,0.9830339550971985,0.5524104833602905
YIL006W,YGL071W,0,-0.029732466,0.1513289362192154,0.9830339550971985,0.5525104999542236
YJR138W,YDR030C,0,-0.030489296,0.151305690407753,0.9830339550971985,0.5526105165481567
YMR116C,YPL256C,0,-0.030846879,0.1512824445962906,0.9830339550971985,0.5527105331420898
YPR189W,YMR052W,0,-0.031089634,0.15125921368598938,0.9830339550971985,0.552810549736023
YNL001W,YNL153C,0,-0.031436443,0.15123598277568817,0.9830339550971985,0.552910566329956
YBR213W,YKL189W,0,-0.03176421,0.15121276676654816,0.9830339550971985,0.5530105829238892
YIL139C,YPR189W,0,-0.032574713,0.15118956565856934,0.9830339550971985,0.5531105995178223
YNL088W,YLR081W,0,-0.033608943,0.15116636455059052,0.9830339550971985,0.5532106161117554
YDR207C,YOL039W,0,-0.0342485,0.1511431634426117,0.9830339550971985,0.5533106327056885
YDR052C,YDR120C,0,-0.03425999,0.15111997723579407,0.9830339550971985,0.5534107089042664
YPL016W,YLR157C,0,-0.034483686,0.15109679102897644,0.9830339550971985,0.5535107254981995
YPL265W,YNR041C,0,-0.034562126,0.15107361972332,0.9830339550971985,0.5536107420921326
YLR208W,YOR153W,0,-0.034757093,0.15105044841766357,0.9830339550971985,0.5537107586860657
YNL279W,YNL125C,0,-0.035041735,0.15102729201316833,0.9830339550971985,0.5538107752799988
YIR014W,YGL026C,0,-0.03523034,0.1510041356086731,0.9830339550971985,0.5539107918739319
YPR167C,YFR007W,0,-0.035239667,0.15098099410533905,0.9830339550971985,0.554010808467865
YGL209W,YAR007C,0,-0.03551346,0.150957852602005,0.9830339550971985,0.5541108250617981
YDR064W,YBL085W,0,-0.03583622,0.15093472599983215,0.9830339550971985,0.5542108416557312
YDR339C,YLR144C,0,-0.0363712,0.1509115993976593,0.9830339550971985,0.5543108582496643
YOL065C,YKR087C,0,-0.037575036,0.15088848769664764,0.9830339550971985,0.5544108748435974
YLR388W,YOL149W,0,-0.037613317,0.150865375995636,0.9830339550971985,0.5545108914375305
YJL005W,YNL256W,0,-0.038099974,0.15084226429462433,0.9830339550971985,0.5546109080314636
YDR090C,YGR006W,0,-0.03950414,0.15081916749477386,0.9830339550971985,0.5547109246253967
YDR219C,YMR161W,0,-0.039584905,0.1507960855960846,0.9830339550971985,0.5548109412193298
YCL032W,YPL127C,0,-0.041279763,0.15077300369739532,0.9830339550971985,0.5549109578132629
YER082C,YMR166C,0,-0.041573748,0.15074992179870605,0.9830339550971985,0.555010974407196
YPL258C,YBL024W,0,-0.041835338,0.15072685480117798,0.9830339550971985,0.5551110506057739
YLR107W,YDL064W,0,-0.042029142,0.1507037878036499,0.9830339550971985,0.555211067199707
YGL128C,YNL099C,0,-0.043100625,0.15068073570728302,0.9830339550971985,0.5553110837936401
YPR108W,YHR063C,0,-0.043869793,0.15065769851207733,0.9830339550971985,0.5554111003875732
YJL190C,YPL123C,0,-0.04468426,0.15063464641571045,0.9830339550971985,0.5555111169815063
YER103W,YLR032W,0,-0.04502563,0.15061162412166595,0.9830339550971985,0.5556111335754395
YNL327W,YMR312W,0,-0.045611992,0.15058860182762146,0.9830339550971985,0.5557111501693726
YDL210W,YOR143C,0,-0.04604298,0.15056557953357697,0.9830339550971985,0.5558111667633057
YBR198C,YKL120W,0,-0.04619035,0.15054255723953247,0.9830339550971985,0.5559111833572388
YNL162W,YIL101C,0,-0.0462299,0.15051956474781036,0.9830339550971985,0.5560111999511719
YOR324C,YER117W,0,-0.046553493,0.15049655735492706,0.9830339550971985,0.556111216545105
YOL137W,YHR109W,0,-0.047299802,0.15047356486320496,0.9830339550971985,0.5562112331390381
YLR014C,YCR020C,0,-0.047545344,0.15045058727264404,0.9830339550971985,0.5563112497329712
YOR303W,YNL053W,0,-0.048130363,0.15042760968208313,0.9830339550971985,0.5564112663269043
YHL033C,YMR070W,0,-0.048497677,0.1504046469926834,0.9830339550971985,0.5565112829208374
YOR257W,YLR014C,0,-0.0485411,0.1503816843032837,0.9830339550971985,0.5566112995147705
YLR256W,YPR144C,0,-0.048778117,0.15035872161388397,0.9830339550971985,0.5567113161087036
YJR140C,YDR447C,0,-0.04884456,0.15033577382564545,0.9830339550971985,0.5568113327026367
YGL035C,YDR440W,0,-0.049268603,0.15031284093856812,0.9830339550971985,0.5569114089012146
YHR183W,YDR237W,0,-0.049346954,0.1502898931503296,0.9830339550971985,0.5570114254951477
YAR027W,YDR449C,0,-0.049594104,0.15026697516441345,0.9830339550971985,0.5571114420890808
YNL152W,YNL106C,1,-0.050210506,0.15039658546447754,0.9840319156646729,0.5571114420890808
YML087C,YHR076W,0,-0.05041316,0.1503736525774002,0.9840319156646729,0.5572114586830139
YGR034W,YLR421C,0,-0.05046892,0.15035071969032288,0.9840319156646729,0.557311475276947
YGR029W,YLR439W,0,-0.050823018,0.15032778680324554,0.9840319156646729,0.5574114918708801
YCR097W,YOR328W,0,-0.0508565,0.1503048837184906,0.9840319156646729,0.5575115084648132
YJR044C,YDL170W,0,-0.051013395,0.15028196573257446,0.9840319156646729,0.5576115250587463
YOL017W,YJL221C,0,-0.051184714,0.15025906264781952,0.9840319156646729,0.5577115416526794
YDL115C,YPL046C,0,-0.051264524,0.15023617446422577,0.9840319156646729,0.5578115582466125
YML010W,YFL045C,0,-0.051353514,0.15021328628063202,0.9840319156646729,0.5579115748405457
YNL129W,YJL200C,0,-0.0516544,0.15019039809703827,0.9840319156646729,0.5580115914344788
YOR020C,YOL082W,0,-0.052045554,0.1501675248146057,0.9840319156646729,0.5581116080284119
YGR148C,YDL005C,0,-0.0527744,0.15014466643333435,0.9840319156646729,0.558211624622345
YGL013C,YPL085W,0,-0.05280234,0.150121808052063,0.9840319156646729,0.5583116412162781
YMR224C,YBL093C,0,-0.053319365,0.15009894967079163,0.9840319156646729,0.5584116578102112
YER162C,YHR134W,0,-0.05403176,0.15007610619068146,0.9840319156646729,0.5585116744041443
YOL008W,YPL266W,0,-0.054871336,0.1500532627105713,0.9840319156646729,0.5586117506027222
YHL036W,YGL136C,0,-0.055741623,0.15003043413162231,0.9840319156646729,0.5587117671966553
YHR007C,YDR079C-A,0,-0.055821404,0.15000760555267334,0.9840319156646729,0.5588117837905884
YKR102W,YIL066C,0,-0.055896893,0.14998479187488556,0.9840319156646729,0.5589118003845215
YEL040W,YIL171W,0,-0.05590345,0.14996197819709778,0.9840319156646729,0.5590118169784546
YML015C,YLR403W,0,-0.056040093,0.1499391794204712,0.9840319156646729,0.5591118335723877
YMR281W,YCL004W,0,-0.05658424,0.1499163806438446,0.9840319156646729,0.5592118501663208
YNL134C,YAL042W,0,-0.056720942,0.14989358186721802,0.9840319156646729,0.5593118667602539
YGL232W,YCR093W,0,-0.057243317,0.14987079799175262,0.9840319156646729,0.559411883354187
YKL182W,YOR261C,0,-0.058239922,0.14984802901744843,0.9840319156646729,0.5595118999481201
YPL046C,YJL104W,0,-0.058831707,0.14982526004314423,0.9840319156646729,0.5596119165420532
YPL190C,YER146W,0,-0.059310853,0.14980249106884003,0.9840319156646729,0.5597119331359863
YHR027C,YGR109W-B,0,-0.05932279,0.14977973699569702,0.9840319156646729,0.5598119497299194
YDR162C,YOR130C,0,-0.059340894,0.14975698292255402,0.9840319156646729,0.5599119663238525
YGR118W,YFL054C,0,-0.059380963,0.1497342437505722,0.9840319156646729,0.5600119829177856
YOR099W,YOR130C,0,-0.05995664,0.1497115045785904,0.9840319156646729,0.5601119995117188
YGR206W,YGR231C,0,-0.060110778,0.14968878030776978,0.9840319156646729,0.5602120161056519
YNL026W,YIL114C,0,-0.060138106,0.14966605603694916,0.9840319156646729,0.560312032699585
YGR061C,YNL178W,0,-0.06108144,0.14964334666728973,0.9840319156646729,0.5604121088981628
YPR030W,YMR034C,0,-0.061629966,0.1496206372976303,0.9840319156646729,0.560512125492096
YPL090C,YPL124W,0,-0.061917394,0.14959794282913208,0.9840319156646729,0.560612142086029
YGL157W,YAR019C,0,-0.062128305,0.14957524836063385,0.9840319156646729,0.5607121586799622
YIL170W,YEL002C,0,-0.062334403,0.14955255389213562,0.9840319156646729,0.5608121752738953
YIR033W,YLL040C,0,-0.06242183,0.14952987432479858,0.9840319156646729,0.5609121918678284
YPL160W,YCL008C,0,-0.062726304,0.14950720965862274,0.9840319156646729,0.5610122084617615
YGL086W,YGL119W,0,-0.06305677,0.1494845300912857,0.9840319156646729,0.5611122250556946
YER173W,YGL083W,0,-0.063062444,0.14946188032627106,0.9840319156646729,0.5612122416496277
YNL131W,YDL042C,0,-0.0631191,0.1494392305612564,0.9840319156646729,0.5613122582435608
YBR073W,YPR149W,0,-0.06398097,0.14941658079624176,0.9840319156646729,0.5614122748374939
YML036W,YJR129C,0,-0.06539473,0.1493939459323883,0.9840319156646729,0.561512291431427
YBR210W,YCL052C,0,-0.06547265,0.14937131106853485,0.9840319156646729,0.5616123080253601
YGL169W,YIL023C,0,-0.066294014,0.1493486762046814,0.9840319156646729,0.5617123246192932
YMR228W,YIL080W,0,-0.066333875,0.14932607114315033,0.9840319156646729,0.5618123412132263
YLR244C,YAR007C,0,-0.0664866,0.14930345118045807,0.9840319156646729,0.5619123578071594
YDL109C,YCR010C,0,-0.0668316,0.149280846118927,0.9840319156646729,0.5620123744010925
YOL165C,YDR255C,0,-0.067131415,0.14925825595855713,0.9840319156646729,0.5621124505996704
YNL283C,YLR147C,0,-0.0672874,0.14923566579818726,0.9840319156646729,0.5622124671936035
YDR240C,YGL183C,0,-0.067738146,0.14921307563781738,0.9840319156646729,0.5623124837875366
YCR092C,YJL020C,0,-0.067771,0.1491905003786087,0.9840319156646729,0.5624125003814697
YLR306W,YGR252W,0,-0.06804949,0.14916792511940002,0.9840319156646729,0.5625125169754028
YHR067W,YOR071C,0,-0.068707034,0.14914536476135254,0.9840319156646729,0.5626125335693359
YCR092C,YGR284C,0,-0.06902254,0.14912280440330505,0.9840319156646729,0.562712550163269
YNL112W,YNL008C,0,-0.06930973,0.14910025894641876,0.9840319156646729,0.5628125667572021
YOR038C,YHR143W,0,-0.06954715,0.14907771348953247,0.9840319156646729,0.5629125833511353
YDL079C,YEL041W,0,-0.06982386,0.14905518293380737,0.9840319156646729,0.5630125999450684
YGL259W,YNL301C,0,-0.07022034,0.14903265237808228,0.9840319156646729,0.5631126165390015
YPL162C,YOL038W,0,-0.07061651,0.14901012182235718,0.9840319156646729,0.5632126331329346
YAL038W,YNL005C,0,-0.0706515,0.14898760616779327,0.9840319156646729,0.5633126497268677
YBR084C-A,YPL101W,0,-0.07098025,0.14896510541439056,0.9840319156646729,0.5634126663208008
YBR173C,YMR211W,0,-0.07168582,0.14894260466098785,0.9840319156646729,0.5635126829147339
YGR225W,YGR281W,0,-0.07204002,0.14892010390758514,0.9840319156646729,0.563612699508667
YOR069W,YDR512C,0,-0.07206723,0.14889761805534363,0.9840319156646729,0.5637127161026001
YDR334W,YOR194C,0,-0.072131634,0.1488751322031021,0.9840319156646729,0.563812792301178
YBR152W,YDR238C,0,-0.07320845,0.1488526612520218,0.9840319156646729,0.5639128088951111
YOR265W,YML008C,0,-0.07348356,0.14883019030094147,0.9840319156646729,0.5640128254890442
YOL089C,YBR080C,0,-0.07355848,0.14880773425102234,0.9840319156646729,0.5641128420829773
YJL156C,YCR047C,0,-0.073752806,0.1487852782011032,0.9840319156646729,0.5642128586769104
YLR070C,YLR109W,0,-0.07426587,0.14876282215118408,0.9840319156646729,0.5643128752708435
YGR061C,YBR095C,0,-0.0747526,0.14874038100242615,0.9840319156646729,0.5644128918647766
YOR306C,YPL255W,0,-0.07478675,0.1487179547548294,0.9840319156646729,0.5645129084587097
YPL266W,YDR012W,0,-0.0755544,0.14869551360607147,0.9840319156646729,0.5646129250526428
YLR048W,YKL143W,0,-0.075555995,0.14867310225963593,0.9840319156646729,0.5647129416465759
YDR306C,YML009C,0,-0.0765827,0.14865069091320038,0.9840319156646729,0.564812958240509
YDR198C,YGR124W,0,-0.07677573,0.14862827956676483,0.9840319156646729,0.5649129748344421
YDR408C,YDL007W,0,-0.07696749,0.14860588312149048,0.9840319156646729,0.5650129914283752
YDR134C,YNL280C,0,-0.07698926,0.14858348667621613,0.9840319156646729,0.5651130080223083
YOR324C,YLR142W,0,-0.07739025,0.14856109023094177,0.9840319156646729,0.5652130246162415
YLR242C,YJR137C,0,-0.0775522,0.1485387235879898,0.9840319156646729,0.5653130412101746
YNL006W,YPR070W,0,-0.07808548,0.14851634204387665,0.9840319156646729,0.5654130578041077
YOR080W,YEL059C-A,0,-0.07930148,0.14849397540092468,0.9840319156646729,0.5655130743980408
YNR020C,YNL044W,0,-0.07941064,0.14847160875797272,0.9840319156646729,0.5656131505966187
YJR093C,YMR290C,0,-0.07969761,0.14844925701618195,0.9840319156646729,0.5657131671905518
YJL124C,YMR270C,0,-0.079719946,0.14842692017555237,0.9840319156646729,0.5658131837844849
YDR487C,YPR032W,0,-0.08089563,0.1484045684337616,0.9840319156646729,0.565913200378418
YFR055W,YML042W,0,-0.08172594,0.1483822464942932,0.9840319156646729,0.5660132169723511
YHR187W,YLR117C,0,-0.08290912,0.14835990965366364,0.9840319156646729,0.5661132335662842
YNL069C,YNR031C,0,-0.08302809,0.14833760261535645,0.9840319156646729,0.5662132501602173
YDL025C,YBR243C,0,-0.08401543,0.14831528067588806,0.9840319156646729,0.5663132667541504
YER137C-A,YPL177C,0,-0.08417922,0.14829297363758087,0.9840319156646729,0.5664132833480835
YBR186W,YGR189C,0,-0.08509317,0.14827068150043488,0.9840319156646729,0.5665132999420166
YOR274W,YGR276C,0,-0.085144326,0.14824838936328888,0.9840319156646729,0.5666133165359497
YDL040C,YMR240C,0,-0.085253626,0.14822609722614288,0.9840319156646729,0.5667133331298828
YCL057W,YNL002C,0,-0.08566335,0.14820381999015808,0.9840319156646729,0.5668133497238159
YJL219W,YDR231C,0,-0.08614397,0.14818154275417328,0.9840319156646729,0.566913366317749
YLR405W,YNR016C,0,-0.086238995,0.14815928041934967,0.9840319156646729,0.5670133829116821
YGR239C,YAL003W,0,-0.08669256,0.14813701808452606,0.9840319156646729,0.5671133995056152
YDR376W,YLR342W,0,-0.086717755,0.14811477065086365,0.9840319156646729,0.5672134160995483
YER039C,YBL076C,0,-0.08678213,0.14809252321720123,0.9840319156646729,0.5673134922981262
YPR019W,YLR395C,0,-0.086886,0.14807027578353882,0.9840319156646729,0.5674135088920593
YGR001C,YPR033C,0,-0.08711089,0.1480480432510376,0.9840319156646729,0.5675135254859924
YMR021C,YDL129W,0,-0.087451756,0.14802582561969757,0.9840319156646729,0.5676135420799255
YPL268W,YAR010C,0,-0.08758834,0.14800360798835754,0.9840319156646729,0.5677135586738586
YBR231C,YML038C,0,-0.08760835,0.14798139035701752,0.9840319156646729,0.5678135752677917
YJR107W,YGL119W,0,-0.08805606,0.14795918762683868,0.9840319156646729,0.5679135918617249
YOL107W,YGR008C,0,-0.08819148,0.14793698489665985,0.9840319156646729,0.568013608455658
YML126C,YBR037C,0,-0.088298306,0.1479147970676422,0.9840319156646729,0.5681136250495911
YLR148W,YJL072C,0,-0.08863279,0.14789260923862457,0.9840319156646729,0.5682136416435242
YLR098C,YPR022C,0,-0.08909263,0.14787042140960693,0.9840319156646729,0.5683136582374573
YAL016W,YPL159C,0,-0.08932105,0.1478482484817505,0.9840319156646729,0.5684136748313904
YEL062W,YPL038W,0,-0.08955017,0.14782609045505524,0.9840319156646729,0.5685136914253235
YJR098C,YGR010W,0,-0.08969323,0.14780393242835999,0.9840319156646729,0.5686137080192566
YDR304C,YHR029C,0,-0.08972907,0.14778177440166473,0.9840319156646729,0.5687137246131897
YBR012W-A,YMR061W,0,-0.08993819,0.14775963127613068,0.9840319156646729,0.5688137412071228
YIL171W,YDL153C,0,-0.090233326,0.14773748815059662,0.9840319156646729,0.5689137578010559
YLR080W,YHL034C,0,-0.090387225,0.14771535992622375,0.9840319156646729,0.569013774394989
YJL160C,YNL134C,0,-0.09061837,0.1476932317018509,0.9840319156646729,0.5691138505935669
YNL218W,YLR430W,0,-0.09084603,0.14767110347747803,0.9840319156646729,0.5692138671875
YBR175W,YKL152C,0,-0.09109226,0.14764899015426636,0.9840319156646729,0.5693138837814331
YLR081W,YLR414C,0,-0.09205276,0.14762689173221588,0.9840319156646729,0.5694139003753662
YOR133W,YJL093C,0,-0.09224753,0.1476047933101654,0.9840319156646729,0.5695139169692993
YBR214W,YDL047W,0,-0.09256986,0.14758269488811493,0.9840319156646729,0.5696139335632324
YDR489W,YPL072W,0,-0.093440786,0.14756061136722565,0.9840319156646729,0.5697139501571655
YAR018C,YMR312W,0,-0.09344283,0.14753852784633636,0.9840319156646729,0.5698139667510986
YKR018C,YJR005W,0,-0.09608351,0.14751645922660828,0.9840319156646729,0.5699139833450317
YFR001W,YDL028C,0,-0.09621884,0.1474943906068802,0.9840319156646729,0.5700139999389648
YOR393W,YFL038C,0,-0.09668638,0.1474723368883133,0.9840319156646729,0.570114016532898
YKL124W,YCL074W,0,-0.09794803,0.1474502831697464,0.9840319156646729,0.570214033126831
YMR119W,YDR478W,0,-0.097956575,0.1474282294511795,0.9840319156646729,0.5703140497207642
YCL010C,YEL020C,0,-0.09808029,0.1474061906337738,0.9840319156646729,0.5704140663146973
YGR123C,YBR024W,0,-0.09811005,0.1473841518163681,0.9840319156646729,0.5705140829086304
YNR073C,YKL206C,0,-0.09838982,0.1473621279001236,0.9840319156646729,0.5706140995025635
YPL132W,YKR039W,0,-0.09872186,0.1473401039838791,0.9840319156646729,0.5707141160964966
YHR003C,YMR038C,0,-0.09873979,0.14731809496879578,0.9840319156646729,0.5708141922950745
YPL011C,YBL093C,0,-0.09899518,0.14729608595371246,0.9840319156646729,0.5709142088890076
YPL144W,YDL066W,0,-0.10002399,0.14727409183979034,0.9840319156646729,0.5710142254829407
YGR144W,YPL046C,0,-0.10003591,0.14725209772586823,0.9840319156646729,0.5711142420768738
YER140W,YPL275W,0,-0.10016182,0.1472301036119461,0.9840319156646729,0.5712142586708069
YDL112W,YML125C,0,-0.10114631,0.14720812439918518,0.9840319156646729,0.57131427526474
YGR123C,YML038C,0,-0.10206921,0.14718614518642426,0.9840319156646729,0.5714142918586731
YKL189W,YNL160W,0,-0.10220455,0.14716418087482452,0.9840319156646729,0.5715143084526062
YJL140W,YHR008C,0,-0.10237344,0.1471422165632248,0.9840319156646729,0.5716143250465393
YAL001C,YKL125W,0,-0.10275913,0.14712026715278625,0.9840319156646729,0.5717143416404724
YGR143W,YKR094C,0,-0.10360395,0.14709831774234772,0.9840319156646729,0.5718143582344055
YNL046W,YLR142W,0,-0.10407314,0.14707636833190918,0.9840319156646729,0.5719143748283386
YIR038C,YIL110W,0,-0.104469165,0.14705443382263184,0.9840319156646729,0.5720143914222717
YDR339C,YNL329C,0,-0.10492789,0.14703251421451569,0.9840319156646729,0.5721144080162048
YDL148C,YLR105C,0,-0.10658244,0.14701057970523834,0.9840319156646729,0.5722144246101379
YJR059W,YNR069C,0,-0.10687674,0.1469886749982834,0.9840319156646729,0.572314441204071
YOR142W-B,YKL198C,0,-0.10721484,0.14696675539016724,0.9840319156646729,0.5724144577980042
YER045C,YDR020C,0,-0.107266456,0.14694486558437347,0.9840319156646729,0.5725144743919373
YMR233W,YJR051W,0,-0.10756089,0.14692296087741852,0.9840319156646729,0.5726145505905151
YPL053C,YEL077C,0,-0.10804764,0.14690107107162476,0.9840319156646729,0.5727145671844482
YPL194W,YNL202W,0,-0.108538896,0.1468791961669922,0.9840319156646729,0.5728145837783813
YOR307C,YCR011C,0,-0.109230466,0.14685730636119843,0.9840319156646729,0.5729146003723145
YOR025W,YOL156W,0,-0.10998316,0.14683544635772705,0.9840319156646729,0.5730146169662476
YCL045C,YER050C,0,-0.11031956,0.14681358635425568,0.9840319156646729,0.5731146335601807
YBL042C,YGR072W,0,-0.11187199,0.1467917263507843,0.9840319156646729,0.5732146501541138
YML048W,YGL220W,0,-0.11295265,0.14676986634731293,0.9840319156646729,0.5733146667480469
YFR003C,YJL189W,0,-0.113206305,0.14674802124500275,0.9840319156646729,0.57341468334198
YGL175C,YDL222C,0,-0.11329482,0.14672619104385376,0.9840319156646729,0.5735146999359131
YBR216C,YBR037C,0,-0.11396493,0.14670436084270477,0.9840319156646729,0.5736147165298462
YPR184W,YOL139C,0,-0.11402263,0.1466825306415558,0.9840319156646729,0.5737147331237793
YPL226W,YKL078W,0,-0.11452999,0.146660715341568,0.9840319156646729,0.5738147497177124
YKL211C,YOR356W,0,-0.11458385,0.1466389000415802,0.9840319156646729,0.5739147663116455
YLR329W,YGR284C,0,-0.11537102,0.1466170996427536,0.9840319156646729,0.5740147829055786
YER104W,YJL214W,0,-0.115644306,0.146595299243927,0.9840319156646729,0.5741147994995117
YOR324C,YJL160C,0,-0.115824446,0.1465735137462616,0.9840319156646729,0.5742148160934448
YNL094W,YLR404W,1,-0.115969144,0.14670035243034363,0.985029935836792,0.5742148160934448
YLR035C-A,YGL065C,0,-0.11723474,0.14667855203151703,0.985029935836792,0.5743148922920227
YDL054C,YER173W,0,-0.117300905,0.14665676653385162,0.985029935836792,0.5744149088859558
YKR058W,YAL055W,0,-0.11749141,0.14663496613502502,0.985029935836792,0.5745149254798889
YOR214C,YJL074C,0,-0.11763929,0.1466131955385208,0.985029935836792,0.574614942073822
YBR044C,YEL002C,0,-0.11806304,0.1465914100408554,0.985029935836792,0.5747149586677551
YPL022W,YOR030W,0,-0.11810842,0.1465696394443512,0.985029935836792,0.5748149752616882
YMR090W,YPR158C-D,0,-0.118383825,0.14654788374900818,0.985029935836792,0.5749149918556213
YMR263W,YFL044C,0,-0.11902179,0.14652612805366516,0.985029935836792,0.5750150084495544
YCR052W,YKR068C,0,-0.119231895,0.14650437235832214,0.985029935836792,0.5751150250434875
YKL211C,YGR089W,0,-0.11927845,0.14648263156414032,0.985029935836792,0.5752150416374207
YDR524C,YHR171W,0,-0.119313665,0.1464609056711197,0.985029935836792,0.5753150582313538
YLR268W,YPR022C,0,-0.119980544,0.14643916487693787,0.985029935836792,0.5754150748252869
YPL110C,YCR098C,0,-0.120081805,0.14641743898391724,0.985029935836792,0.57551509141922
YOR361C,YGL124C,0,-0.12037669,0.1463957279920578,0.985029935836792,0.5756151080131531
YPL030W,YJR127C,0,-0.1205259,0.14637401700019836,0.985029935836792,0.5757151246070862
YIL009C-A,YNL272C,0,-0.12105438,0.14635230600833893,0.985029935836792,0.5758151412010193
YGR159C,YLR155C,0,-0.12340662,0.14633060991764069,0.985029935836792,0.5759151577949524
YGL191W,YKL011C,0,-0.123556815,0.14630892872810364,0.985029935836792,0.5760151743888855
YDR224C,YDR079W,0,-0.123634264,0.1462872326374054,0.985029935836792,0.5761152505874634
YOL068C,YLL036C,0,-0.123827204,0.14626556634902954,0.985029935836792,0.5762152671813965
YDR487C,YOR071C,0,-0.12415584,0.1462438851594925,0.985029935836792,0.5763152837753296
YGR177C,YKL120W,0,-0.12519313,0.14622221887111664,0.985029935836792,0.5764153003692627
YIL044C,YMR167W,0,-0.12554741,0.14620056748390198,0.985029935836792,0.5765153169631958
YLR256W,YDR387C,0,-0.12577564,0.14617891609668732,0.985029935836792,0.5766153335571289
YNL291C,YBR205W,0,-0.12588716,0.14615726470947266,0.985029935836792,0.576715350151062
YKL181W,YDR369C,0,-0.12629896,0.1461356282234192,0.985029935836792,0.5768153667449951
YDR211W,YPL202C,0,-0.12641579,0.14611399173736572,0.985029935836792,0.5769153833389282
YGL259W,YJL074C,0,-0.12661579,0.14609235525131226,0.985029935836792,0.5770153999328613
YDR403W,YLR135W,0,-0.12665929,0.14607074856758118,0.985029935836792,0.5771154165267944
YLR401C,YIL138C,0,-0.12698494,0.1460491269826889,0.985029935836792,0.5772154331207275
YGL128C,YPL196W,0,-0.1274144,0.14602752029895782,0.985029935836792,0.5773154497146606
YOL092W,YBR020W,0,-0.1274747,0.14600591361522675,0.985029935836792,0.5774154663085938
YJL014W,YER019C-A,0,-0.12766191,0.14598432183265686,0.985029935836792,0.5775154829025269
YBR275C,YHR051W,0,-0.12792906,0.14596273005008698,0.985029935836792,0.57761549949646
YLR320W,YJL102W,0,-0.1284666,0.14594115316867828,0.985029935836792,0.5777155160903931
YMR089C,YGL153W,0,-0.12916347,0.1459195762872696,0.985029935836792,0.577815592288971
YDR281C,YHR063C,0,-0.12921672,0.1458979994058609,0.985029935836792,0.577915608882904
YGL229C,YDR452W,0,-0.1296348,0.1458764374256134,0.985029935836792,0.5780156254768372
YAL021C,YNR032W,0,-0.12970795,0.1458548903465271,0.985029935836792,0.5781156420707703
YIL126W,YOR179C,0,-0.13016883,0.1458333283662796,0.985029935836792,0.5782156586647034
YDR358W,YOR044W,0,-0.1302073,0.1458117961883545,0.985029935836792,0.5783156752586365
YJL050W,YOR205C,0,-0.13077512,0.1457902491092682,0.985029935836792,0.5784156918525696
YAR003W,YGR048W,0,-0.13085589,0.14576871693134308,0.985029935836792,0.5785157084465027
YNL330C,YJL090C,0,-0.13089283,0.14574719965457916,0.985029935836792,0.5786157250404358
YOR089C,YML039W,0,-0.13094723,0.14572568237781525,0.985029935836792,0.5787157416343689
YOL057W,YGL123W,0,-0.13163584,0.14570416510105133,0.985029935836792,0.578815758228302
YMR208W,YOR120W,0,-0.13202241,0.1456826627254486,0.985029935836792,0.5789157748222351
YLR304C,YDR405W,0,-0.13235018,0.1456611603498459,0.985029935836792,0.5790157914161682
YML126C,YLL045C,0,-0.13247132,0.14563965797424316,0.985029935836792,0.5791158080101013
YCR027C,YOL133W,0,-0.13268015,0.14561817049980164,0.985029935836792,0.5792158246040344
YOL089C,YNL021W,0,-0.13298276,0.1455966979265213,0.985029935836792,0.5793158411979675
YJL170C,YJL106W,0,-0.13313785,0.14557522535324097,0.985029935836792,0.5794158577919006
YNL069C,YLR135W,0,-0.13335836,0.14555375277996063,0.985029935836792,0.5795158743858337
YGR155W,YMR186W,0,-0.1337887,0.1455322951078415,0.985029935836792,0.5796159505844116
YCR033W,YPR190C,0,-0.13413689,0.14551083743572235,0.985029935836792,0.5797159671783447
YPR016C,YFR013W,0,-0.13421349,0.1454893797636032,0.985029935836792,0.5798159837722778
YLR399C,YIL138C,0,-0.13463435,0.14546793699264526,0.985029935836792,0.5799160003662109
YOR197W,YFL001W,0,-0.13501336,0.1454465091228485,0.985029935836792,0.580016016960144
YJR126C,YJL047C,0,-0.13510963,0.14542508125305176,0.985029935836792,0.5801160335540771
YPL009C,YDR013W,0,-0.13511017,0.145403653383255,0.985029935836792,0.5802160501480103
YDR369C,YBL099W,0,-0.13519919,0.14538224041461945,0.985029935836792,0.5803160667419434
YOL017W,YFL010W-A,0,-0.1354822,0.1453608274459839,0.985029935836792,0.5804160833358765
YDR480W,YPR021C,0,-0.13653207,0.14533941447734833,0.985029935836792,0.5805160999298096
YDR297W,YDL122W,0,-0.13686118,0.14531801640987396,0.985029935836792,0.5806161165237427
YLR081W,YCL019W,0,-0.13692343,0.1452966332435608,0.985029935836792,0.5807161331176758
YFR045W,YLR376C,0,-0.13702491,0.14527525007724762,0.985029935836792,0.5808161497116089
YDR191W,YMR037C,0,-0.13719708,0.14525386691093445,0.985029935836792,0.580916166305542
YCL045C,YKR059W,0,-0.13909562,0.14523248374462128,0.985029935836792,0.5810161828994751
YNL262W,YCR010C,0,-0.1397592,0.1452111154794693,0.985029935836792,0.5811161994934082
YNR021W,YHR196W,0,-0.1399912,0.14518976211547852,0.985029935836792,0.5812162160873413
YLR160C,YBL022C,0,-0.14014047,0.14516840875148773,0.985029935836792,0.5813162922859192
YJR160C,YGR035C,0,-0.14069363,0.14514705538749695,0.985029935836792,0.5814163088798523
YPR041W,YAR071W,0,-0.14142026,0.14512571692466736,0.985029935836792,0.5815163254737854
YER049W,YDR314C,0,-0.14150584,0.14510437846183777,0.985029935836792,0.5816163420677185
YPR058W,YOR306C,0,-0.14253399,0.14508305490016937,0.985029935836792,0.5817163586616516
YKR067W,YER018C,0,-0.14297259,0.14506173133850098,0.985029935836792,0.5818163752555847
YJL214W,YML129C,0,-0.14334483,0.14504040777683258,0.985029935836792,0.5819163918495178
YKL203C,YDR478W,0,-0.1445603,0.14501909911632538,0.985029935836792,0.5820164084434509
YBL005W-B,YLR116W,0,-0.14468978,0.14499779045581818,0.985029935836792,0.582116425037384
YMR300C,YPL249C,0,-0.14469439,0.14497649669647217,0.985029935836792,0.5822164416313171
YDR541C,YNL067W,0,-0.14475387,0.14495520293712616,0.985029935836792,0.5823164582252502
YOL100W,YGR268C,0,-0.1449976,0.14493392407894135,0.985029935836792,0.5824164748191833
YLL061W,YOL077W-A,0,-0.14535154,0.14491264522075653,0.985029935836792,0.5825164914131165
YDR267C,YLR008C,0,-0.14562589,0.14489136636257172,0.985029935836792,0.5826165080070496
YMR014W,YHR178W,0,-0.14578395,0.1448701024055481,0.985029935836792,0.5827165246009827
YCL020W,YOR343W-B,0,-0.14583924,0.14484883844852448,0.985029935836792,0.5828165411949158
YER106W,YLR197W,0,-0.14598867,0.14482758939266205,0.985029935836792,0.5829165577888489
YLR073C,YER087C-A,0,-0.14608964,0.14480634033679962,0.985029935836792,0.583016574382782
YDR073W,YLL036C,0,-0.14675057,0.1447850912809372,0.985029935836792,0.5831166505813599
YBR258C,YMR166C,0,-0.1469425,0.14476385712623596,0.985029935836792,0.583216667175293
YLR081W,YDR032C,0,-0.1479632,0.14474263787269592,0.985029935836792,0.5833166837692261
YJR025C,YPL065W,0,-0.14814684,0.1447214037179947,0.985029935836792,0.5834167003631592
YDL109C,YMR231W,0,-0.14815672,0.14470018446445465,0.985029935836792,0.5835167169570923
YNL274C,YGL174W,0,-0.14850685,0.1446789801120758,0.985029935836792,0.5836167335510254
YPL240C,YOR269W,0,-0.14883739,0.14465777575969696,0.985029935836792,0.5837167501449585
YLR244C,YMR054W,0,-0.15041941,0.14463657140731812,0.985029935836792,0.5838167667388916
YPL074W,YHR107C,1,-0.15122093,0.14476190507411957,0.9860279560089111,0.5838167667388916
YMR240C,YLR447C,0,-0.15129896,0.14474070072174072,0.9860279560089111,0.5839167833328247
YKL189W,YHR178W,0,-0.15157516,0.14471949636936188,0.9860279560089111,0.5840167999267578
YOL148C,YJR029W,0,-0.15164712,0.14469830691814423,0.9860279560089111,0.5841168165206909
YGL100W,YPR125W,0,-0.15166244,0.14467711746692657,0.9860279560089111,0.584216833114624
YKL071W,YHR061C,0,-0.15173566,0.14465592801570892,0.9860279560089111,0.5843168497085571
YKR050W,YGR238C,0,-0.15243709,0.14463475346565247,0.9860279560089111,0.5844168663024902
YBL023C,YPL237W,0,-0.1535132,0.144613578915596,0.9860279560089111,0.5845168828964233
YJR032W,YJL063C,0,-0.1535451,0.14459241926670074,0.9860279560089111,0.5846168994903564
YHR013C,YDR013W,0,-0.15362725,0.14457125961780548,0.9860279560089111,0.5847169160842896
YPL074W,YPR188C,1,-0.15376619,0.1446964144706726,0.9870259761810303,0.5847169160842896
YDR119W,YGL112C,0,-0.15381193,0.14467525482177734,0.9870259761810303,0.5848169922828674
YBR058C,YJR076C,0,-0.1542632,0.14465409517288208,0.9870259761810303,0.5849170088768005
YLL013C,YIR009W,0,-0.15456472,0.14463293552398682,0.9870259761810303,0.5850170254707336
YOR014W,YIL112W,0,-0.15457977,0.14461179077625275,0.9870259761810303,0.5851170420646667
YDR436W,YOR088W,0,-0.15461247,0.14459064602851868,0.9870259761810303,0.5852170586585999
YER082C,YER061C,0,-0.15471561,0.1445695012807846,0.9870259761810303,0.585317075252533
YHR112C,YPL217C,0,-0.15475462,0.14454837143421173,0.9870259761810303,0.5854170918464661
YGR059W,YBR199W,0,-0.1556416,0.14452725648880005,0.9870259761810303,0.5855171084403992
YDR465C,YAL040C,0,-0.15565917,0.14450614154338837,0.9870259761810303,0.5856171250343323
YGR054W,YER126C,0,-0.15629768,0.14448502659797668,0.9870259761810303,0.5857171416282654
YDR510W,YHR121W,0,-0.15646468,0.1444639265537262,0.9870259761810303,0.5858171582221985
YBR161W,YDL215C,0,-0.1564858,0.1444428265094757,0.9870259761810303,0.5859171748161316
YKL163W,YMR211W,0,-0.15656334,0.14442172646522522,0.9870259761810303,0.5860171914100647
YER082C,YJL044C,0,-0.15692586,0.14440064132213593,0.9870259761810303,0.5861172080039978
YIL134W,YDR519W,0,-0.15705308,0.14437955617904663,0.9870259761810303,0.5862172245979309
YJL139C,YNL191W,0,-0.15714633,0.14435848593711853,0.9870259761810303,0.586317241191864
YKL086W,YLR287C-A,0,-0.15747282,0.14433741569519043,0.9870259761810303,0.5864172577857971
YEL069C,YML132W,0,-0.15775543,0.14431636035442352,0.9870259761810303,0.5865172743797302
YOR124C,YGR156W,0,-0.15981674,0.14429530501365662,0.9870259761810303,0.5866173505783081
YMR180C,YDR011W,0,-0.16121408,0.1442742496728897,0.9870259761810303,0.5867173671722412
YIR018W,YHR019C,0,-0.16193539,0.144253209233284,0.9870259761810303,0.5868173837661743
YJR077C,YPL060C-A,0,-0.16198501,0.14423216879367828,0.9870259761810303,0.5869174003601074
YLR418C,YER051W,0,-0.16255713,0.14421114325523376,0.9870259761810303,0.5870174169540405
YDR173C,YKL156W,0,-0.16293204,0.14419011771678925,0.9870259761810303,0.5871174335479736
YLR016C,YDL201W,0,-0.16391602,0.14416909217834473,0.9870259761810303,0.5872174501419067
YBR215W,YJR028W,0,-0.16410787,0.1441480815410614,0.9870259761810303,0.5873174667358398
YML132W,YIL157C,0,-0.16469914,0.14412707090377808,0.9870259761810303,0.587417483329773
YMR161W,YCR048W,0,-0.16518608,0.14410607516765594,0.9870259761810303,0.587517499923706
YMR122W-A,YGR172C,0,-0.1657556,0.1440850794315338,0.9870259761810303,0.5876175165176392
YDR420W,YGL099W,0,-0.16580696,0.14406409859657288,0.9870259761810303,0.5877175331115723
YDR248C,YLR381W,0,-0.16601415,0.14404311776161194,0.9870259761810303,0.5878175497055054
YMR244C-A,YBR202W,0,-0.1660671,0.144022136926651,0.9870259761810303,0.5879175662994385
YMR176W,YLR010C,0,-0.16656533,0.14400117099285126,0.9870259761810303,0.5880175828933716
YMR228W,YDL207W,0,-0.16664332,0.1439802050590515,0.9870259761810303,0.5881175994873047
YLR121C,YJL157C,0,-0.16738841,0.14395923912525177,0.9870259761810303,0.5882176160812378
YIR037W,YGR271W,0,-0.16739471,0.14393828809261322,0.9870259761810303,0.5883176922798157
YOR346W,YOL082W,0,-0.16759153,0.14391735196113586,0.9870259761810303,0.5884177088737488
YLL029W,YOR181W,0,-0.1676607,0.14389640092849731,0.9870259761810303,0.5885177254676819
YBL103C,YDL006W,0,-0.16900453,0.14387547969818115,0.9870259761810303,0.588617742061615
YER150W,YPR048W,0,-0.16951159,0.1438545435667038,0.9870259761810303,0.5887177586555481
YPL281C,YDR402C,0,-0.16952908,0.14383362233638763,0.9870259761810303,0.5888177752494812
YDR477W,YJR105W,0,-0.16958715,0.14381271600723267,0.9870259761810303,0.5889177918434143
YHR206W,YGL145W,0,-0.16982949,0.1437917947769165,0.9870259761810303,0.5890178084373474
YPL037C,YOR242C,0,-0.16990894,0.14377090334892273,0.9870259761810303,0.5891178250312805
YKL107W,YCL026C-A,0,-0.17073396,0.14374999701976776,0.9870259761810303,0.5892178416252136
YJR145C,YML018C,0,-0.17102808,0.143729105591774,0.9870259761810303,0.5893178582191467
YJL207C,YKR003W,0,-0.17131695,0.1437082290649414,0.9870259761810303,0.5894178748130798
YJR047C,YAL017W,0,-0.17200509,0.14368735253810883,0.9870259761810303,0.5895178914070129
YOL101C,YGR086C,0,-0.17224634,0.14366647601127625,0.9870259761810303,0.589617908000946
YHL009C,YML062C,0,-0.17232428,0.14364559948444366,0.9870259761810303,0.5897179245948792
YBR058C,YHR004C,0,-0.17256361,0.14362475275993347,0.9870259761810303,0.5898179411888123
YDR226W,YOL155C,0,-0.1729119,0.14360389113426208,0.9870259761810303,0.5899179577827454
YOL002C,YEL062W,0,-0.1729162,0.1435830444097519,0.9870259761810303,0.5900179743766785
YDR131C,YEL058W,0,-0.17307428,0.1435621976852417,0.9870259761810303,0.5901180505752563
YBR050C,YKL173W,0,-0.17329547,0.1435413658618927,0.9870259761810303,0.5902180671691895
YGR295C,YML065W,0,-0.17346634,0.1435205340385437,0.9870259761810303,0.5903180837631226
YCR052W,YNL075W,0,-0.17369026,0.1434997171163559,0.9870259761810303,0.5904181003570557
YNL115C,YKL038W,0,-0.17387864,0.1434788852930069,0.9870259761810303,0.5905181169509888
YDL191W,YKL183W,0,-0.1741021,0.14345808327198029,0.9870259761810303,0.5906181335449219
YNL241C,YOL156W,0,-0.17451793,0.14343726634979248,0.9870259761810303,0.590718150138855
YDR383C,YGR200C,0,-0.17498061,0.14341647922992706,0.9870259761810303,0.5908181667327881
YJL118W,YDL065C,0,-0.17558704,0.14339567720890045,0.9870259761810303,0.5909181833267212
YNL241C,YFR031C,0,-0.17623737,0.14337489008903503,0.9870259761810303,0.5910181999206543
YGL249W,YNR051C,0,-0.17626481,0.14335410296916962,0.9870259761810303,0.5911182165145874
YGL020C,YMR260C,0,-0.17656219,0.1433333307504654,0.9870259761810303,0.5912182331085205
YER044C,YNL331C,0,-0.1765784,0.14331255853176117,0.9870259761810303,0.5913182497024536
YGL086W,YDR270W,0,-0.17718399,0.14329180121421814,0.9870259761810303,0.5914182662963867
YKR001C,YIL091C,0,-0.1780175,0.1432710438966751,0.9870259761810303,0.5915182828903198
YER118C,YBL042C,0,-0.17832485,0.14325028657913208,0.9870259761810303,0.5916182994842529
YLR029C,YGR279C,0,-0.17835131,0.14322954416275024,0.9870259761810303,0.591718316078186
YJL020C,YDL222C,1,-0.17853384,0.14335361123085022,0.9880239367485046,0.591718316078186
YBR058C,YPL053C,0,-0.1790222,0.1433328539133072,0.9880239367485046,0.5918183922767639
YOR224C,YKR065C,0,-0.17942569,0.14331209659576416,0.9880239367485046,0.591918408870697
YBR170C,YIR013C,0,-0.17967927,0.14329135417938232,0.9880239367485046,0.5920184254646301
YKL116C,YOL039W,0,-0.18020818,0.14327062666416168,0.9880239367485046,0.5921184420585632
YHR124W,YDL159W,0,-0.1806024,0.14324988424777985,0.9880239367485046,0.5922184586524963
YML022W,YNR074C,0,-0.18066044,0.1432291716337204,0.9880239367485046,0.5923184752464294
YGR109W-B,YGR159C,0,-0.18067448,0.14320844411849976,0.9880239367485046,0.5924184918403625
YHR017W,YHR029C,0,-0.18146592,0.1431877315044403,0.9880239367485046,0.5925185084342957
YLR225C,YML019W,0,-0.18201971,0.14316703379154205,0.9880239367485046,0.5926185250282288
YJL042W,YGR247W,0,-0.1826883,0.1431463211774826,0.9880239367485046,0.5927185416221619
YIR015W,YOL146W,0,-0.18334723,0.14312563836574554,0.9880239367485046,0.592818558216095
YHR216W,YLR203C,0,-0.18342979,0.1431049406528473,0.9880239367485046,0.5929185748100281
YBL097W,YJL117W,0,-0.18506253,0.14308425784111023,0.9880239367485046,0.5930185914039612
YOL054W,YOR196C,0,-0.1854491,0.14306358993053436,0.9880239367485046,0.5931186079978943
YGL168W,YGR198W,0,-0.18634358,0.1430429071187973,0.9880239367485046,0.5932186245918274
YKR097W,YHR124W,0,-0.18709329,0.14302225410938263,0.9880239367485046,0.5933186411857605
YJL111W,YIL108W,0,-0.1877018,0.14300158619880676,0.9880239367485046,0.5934186577796936
YOR038C,YKL140W,0,-0.18792385,0.1429809331893921,0.9880239367485046,0.5935186743736267
YHR066W,YCR017C,0,-0.18830054,0.1429602950811386,0.9880239367485046,0.5936187505722046
YGL237C,YML132W,0,-0.18883145,0.14293964207172394,0.9880239367485046,0.5937187671661377
YCR023C,YPR127W,0,-0.1902645,0.14291901886463165,0.9880239367485046,0.5938187837600708
YBR055C,YKL205W,0,-0.1903988,0.14289838075637817,0.9880239367485046,0.5939188003540039
YOR214C,YBR093C,0,-0.19049236,0.1428777575492859,0.9880239367485046,0.594018816947937
YLR431C,YKL216W,0,-0.19152698,0.1428571492433548,0.9880239367485046,0.5941188335418701
YNL054W-B,YJR029W,0,-0.19153245,0.1428365260362625,0.9880239367485046,0.5942188501358032
YGR216C,YLR197W,0,-0.19162549,0.14281593263149261,0.9880239367485046,0.5943188667297363
YMR285C,YBR281C,0,-0.19204372,0.14279532432556152,0.9880239367485046,0.5944188833236694
YBR289W,YHR070W,0,-0.1920836,0.14277473092079163,0.9880239367485046,0.5945188999176025
YJL141C,YDR252W,0,-0.1923215,0.14275415241718292,0.9880239367485046,0.5946189165115356
YDR492W,YGL054C,0,-0.19278783,0.14273355901241302,0.9880239367485046,0.5947189331054688
YOL104C,YDR498C,0,-0.19305518,0.14271299540996552,0.9880239367485046,0.5948189496994019
YNL270C,YMR316W,0,-0.19362344,0.1426924169063568,0.9880239367485046,0.594918966293335
YJL194W,YHR061C,0,-0.193908,0.1426718533039093,0.9880239367485046,0.5950189828872681
YNL227C,YHL018W,0,-0.19409597,0.1426512897014618,0.9880239367485046,0.5951189994812012
YDR020C,YAL043C,0,-0.19412681,0.14263074100017548,0.9880239367485046,0.5952190160751343
YDR315C,YDR394W,0,-0.19431202,0.14261019229888916,0.9880239367485046,0.5953190922737122
YDL075W,YKR060W,0,-0.19431688,0.14258965849876404,0.9880239367485046,0.5954191088676453
YOR244W,YDR109C,0,-0.19457828,0.14256912469863892,0.9880239367485046,0.5955191254615784
YPL226W,YNL222W,0,-0.19468695,0.1425485908985138,0.9880239367485046,0.5956191420555115
YFL022C,YJL020C,0,-0.1949284,0.14252807199954987,0.9880239367485046,0.5957191586494446
YDR156W,YNL239W,0,-0.1960145,0.14250755310058594,0.9880239367485046,0.5958191752433777
YOR360C,YMR013C,0,-0.19602591,0.1424870491027832,0.9880239367485046,0.5959191918373108
YDR006C,YDR405W,0,-0.19675499,0.14246654510498047,0.9880239367485046,0.5960192084312439
YNR051C,YOL040C,0,-0.19736551,0.14244604110717773,0.9880239367485046,0.596119225025177
YGL166W,YOR344C,0,-0.19743013,0.1424255520105362,0.9880239367485046,0.5962192416191101
YKL217W,YGL227W,0,-0.19788326,0.14240506291389465,0.9880239367485046,0.5963192582130432
YHR030C,YDR167W,0,-0.19813773,0.1423845887184143,0.9880239367485046,0.5964192748069763
YDR486C,YJL109C,0,-0.19836825,0.14236409962177277,0.9880239367485046,0.5965192914009094
YIR034C,YKR087C,0,-0.19894232,0.1423436403274536,0.9880239367485046,0.5966193079948425
YKR097W,YPL226W,0,-0.19899549,0.14232318103313446,0.9880239367485046,0.5967193245887756
YGR088W,YLR372W,0,-0.19917999,0.1423027217388153,0.9880239367485046,0.5968193411827087
YJL076W,YAL014C,0,-0.19940151,0.14228226244449615,0.9880239367485046,0.5969193577766418
YLR388W,YHR042W,0,-0.20015842,0.1422618180513382,0.9880239367485046,0.597019374370575
YPL022W,YPL244C,0,-0.20019372,0.14224137365818024,0.9880239367485046,0.5971194505691528
YOR036W,YBR120C,0,-0.20047607,0.14222094416618347,0.9880239367485046,0.5972194671630859
YJL053W,YJL005W,0,-0.2005133,0.1422005146741867,0.9880239367485046,0.597319483757019
YJL118W,YPL024W,0,-0.20054422,0.14218010008335114,0.9880239367485046,0.5974195003509521
YGR026W,YDR492W,0,-0.20071006,0.14215968549251556,0.9880239367485046,0.5975195169448853
YBR127C,YJR051W,0,-0.2010707,0.14213927090168,0.9880239367485046,0.5976195335388184
YBR123C,YPR041W,0,-0.20179056,0.14211885631084442,0.9880239367485046,0.5977195501327515
YGL223C,YIL124W,0,-0.20179251,0.14209847152233124,0.9880239367485046,0.5978195667266846
YHR132C,YLR453C,0,-0.20255971,0.14207807183265686,0.9880239367485046,0.5979195833206177
YMR146C,YJR127C,0,-0.20324452,0.14205768704414368,0.9880239367485046,0.5980195999145508
YHR187W,YDL019C,0,-0.20372817,0.1420373022556305,0.9880239367485046,0.5981196165084839
YLR418C,YAL054C,0,-0.20395452,0.1420169323682785,0.9880239367485046,0.598219633102417
YNL092W,YAL008W,0,-0.20421976,0.1419965624809265,0.9880239367485046,0.5983196496963501
YLR318W,YER112W,0,-0.204242,0.14197619259357452,0.9880239367485046,0.5984196662902832
YLR097C,YGL220W,0,-0.20440412,0.14195583760738373,0.9880239367485046,0.5985196828842163
YFL005W,YOR329C,1,-0.20448709,0.14207884669303894,0.9890219569206238,0.5985196828842163
YDR082W,YDR255C,0,-0.20500576,0.14205849170684814,0.9890219569206238,0.5986196994781494
YJR161C,YOR243C,0,-0.20537281,0.14203812181949615,0.9890219569206238,0.5987197160720825
YKL139W,YJR101W,0,-0.20562603,0.14201776683330536,0.9890219569206238,0.5988197922706604
YGR279C,YLR010C,0,-0.20567642,0.14199742674827576,0.9890219569206238,0.5989198088645935
YER026C,YLR237W,0,-0.20589566,0.14197707176208496,0.9890219569206238,0.5990198254585266
YMR054W,YDL109C,0,-0.20636553,0.14195674657821655,0.9890219569206238,0.5991198420524597
YGL237C,YLR064W,0,-0.20646822,0.14193640649318695,0.9890219569206238,0.5992198586463928
YHR031C,YER091C,0,-0.20683013,0.14191608130931854,0.9890219569206238,0.5993198752403259
YNR061C,YGL095C,0,-0.20684046,0.14189575612545013,0.9890219569206238,0.599419891834259
YCR037C,YJL047C,0,-0.20742217,0.14187544584274292,0.9890219569206238,0.5995199084281921
YPR183W,YCL032W,0,-0.20781206,0.1418551355600357,0.9890219569206238,0.5996199250221252
YOL115W,YDL043C,0,-0.20794699,0.14183484017848969,0.9890219569206238,0.5997199416160583
YDR191W,YDR352W,0,-0.20841964,0.14181454479694366,0.9890219569206238,0.5998199582099915
YNR050C,YFR006W,0,-0.20899175,0.14179424941539764,0.9890219569206238,0.5999199748039246
YJL116C,YJR113C,0,-0.20914322,0.14177396893501282,0.9890219569206238,0.6000199913978577
YBR222C,YDR186C,0,-0.20926893,0.141753688454628,0.9890219569206238,0.6001200079917908
YJL207C,YJL125C,0,-0.20934425,0.14173340797424316,0.9890219569206238,0.6002200245857239
YOR343W-B,YKL012W,0,-0.21024713,0.14171314239501953,0.9890219569206238,0.600320041179657
YOR155C,YMR213W,0,-0.21113153,0.1416928768157959,0.9890219569206238,0.6004200577735901
YPL118W,YKL213C,0,-0.211415,0.14167262613773346,0.9890219569206238,0.6005200743675232
YER025W,YDR231C,0,-0.2116029,0.14165237545967102,0.9890219569206238,0.6006201505661011
YDR520C,YKL028W,0,-0.21169984,0.14163212478160858,0.9890219569206238,0.6007201671600342
YPR164W,YDR281C,0,-0.21172522,0.14161188900470734,0.9890219569206238,0.6008201837539673
YDR540C,YLR219W,0,-0.211822,0.1415916532278061,0.9890219569206238,0.6009202003479004
YLR350W,YCL026C-B,0,-0.2124354,0.14157143235206604,0.9890219569206238,0.6010202169418335
YJR107W,YNL037C,0,-0.21252193,0.141551211476326,0.9890219569206238,0.6011202335357666
YHR187W,YGL017W,0,-0.21259186,0.14153099060058594,0.9890219569206238,0.6012202501296997
YDR195W,YBL093C,0,-0.21264444,0.14151078462600708,0.9890219569206238,0.6013202667236328
YER115C,YOR130C,0,-0.21284294,0.14149057865142822,0.9890219569206238,0.6014202833175659
YNL230C,YDR488C,0,-0.2140033,0.14147037267684937,0.9890219569206238,0.601520299911499
YEL026W,YNL097C,0,-0.21426547,0.1414501816034317,0.9890219569206238,0.6016203165054321
YOR142W-B,YHR121W,0,-0.2145898,0.14143000543117523,0.9890219569206238,0.6017203330993652
YML097C,YDR128W,0,-0.21562418,0.14140981435775757,0.9890219569206238,0.6018203496932983
YGR199W,YML087C,0,-0.21566105,0.1413896381855011,0.9890219569206238,0.6019203662872314
YPL081W,YMR189W,0,-0.21573506,0.14136947691440582,0.9890219569206238,0.6020203828811646
YBR161W,YLR406C,0,-0.21646309,0.14134931564331055,0.9890219569206238,0.6021203994750977
YGR118W,YLR057W,0,-0.2166838,0.14132915437221527,0.9890219569206238,0.6022204160690308
YLR310C,YKL108W,0,-0.21721292,0.14130899310112,0.9890219569206238,0.6023204922676086
YBL075C,YOR003W,0,-0.2173517,0.1412888467311859,0.9890219569206238,0.6024205088615417
YHL013C,YBR253W,0,-0.2174177,0.14126871526241302,0.9890219569206238,0.6025205254554749
YDR291W,YBR287W,0,-0.21774508,0.14124856889247894,0.9890219569206238,0.602620542049408
YNR070W,YBR080C,0,-0.21782069,0.14122845232486725,0.9890219569206238,0.6027205586433411
YNL329C,YBR230C,0,-0.21858034,0.14120832085609436,0.9890219569206238,0.6028205752372742
YGL002W,YGL134W,0,-0.21893543,0.14118820428848267,0.9890219569206238,0.6029205918312073
YGR289C,YIL074C,0,-0.21933895,0.14116808772087097,0.9890219569206238,0.6030206084251404
YMR193W,YGR222W,0,-0.21936657,0.14114798605442047,0.9890219569206238,0.6031206250190735
YLL001W,YLR050C,0,-0.21940216,0.14112788438796997,0.9890219569206238,0.6032206416130066
YJR014W,YLR176C,0,-0.2197289,0.14110778272151947,0.9890219569206238,0.6033206582069397
YHR102W,YJL159W,0,-0.22029528,0.14108769595623016,0.9890219569206238,0.6034206748008728
YCL030C,YMR162C,0,-0.22048052,0.14106760919094086,0.9890219569206238,0.6035206913948059
YAL032C,YKL206C,0,-0.22095709,0.14104753732681274,0.9890219569206238,0.603620707988739
YIL135C,YOL151W,0,-0.22164154,0.14102746546268463,0.9890219569206238,0.6037207245826721
YOL088C,YOR338W,0,-0.22181791,0.14100739359855652,0.9890219569206238,0.6038207411766052
YPL232W,YDL054C,0,-0.22189099,0.1409873366355896,0.9890219569206238,0.6039207577705383
YNL209W,YER137C,0,-0.22263706,0.14096727967262268,0.9890219569206238,0.6040207743644714
YDR046C,YGL120C,0,-0.22269183,0.14094723761081696,0.9890219569206238,0.6041208505630493
YKL161C,YHR019C,0,-0.22279698,0.14092719554901123,0.9890219569206238,0.6042208671569824
YOR145C,YOR088W,0,-0.22320129,0.1409071534872055,0.9890219569206238,0.6043208837509155
YGL150C,YIL091C,0,-0.22379772,0.14088712632656097,0.9890219569206238,0.6044209003448486
YJL143W,YGL134W,0,-0.22448081,0.14086709916591644,0.9890219569206238,0.6045209169387817
YOL058W,YDR477W,0,-0.22473946,0.1408470720052719,0.9890219569206238,0.6046209335327148
YOL130W,YMR161W,0,-0.22518091,0.14082705974578857,0.9890219569206238,0.604720950126648
YGR059W,YLR405W,0,-0.22521684,0.14080704748630524,0.9890219569206238,0.604820966720581
YNL139C,YDL205C,0,-0.22523537,0.1407870501279831,0.9890219569206238,0.6049209833145142
YPR033C,YLR084C,0,-0.2254371,0.14076705276966095,0.9890219569206238,0.6050209999084473
YOR128C,YDR172W,0,-0.22545333,0.1407470554113388,0.9890219569206238,0.6051210165023804
YIL115C,YOR120W,0,-0.22564542,0.14072707295417786,0.9890219569206238,0.6052210330963135
YER094C,YJR158W,0,-0.22565961,0.1407070904970169,0.9890219569206238,0.6053210496902466
YJR068W,YNL302C,0,-0.22598077,0.14068710803985596,0.9890219569206238,0.6054210662841797
YDL179W,YER174C,0,-0.22744343,0.1406671404838562,0.9890219569206238,0.6055210828781128
YNR075W,YDL207W,0,-0.22762862,0.14064717292785645,0.9890219569206238,0.6056210994720459
YPL064C,YAR003W,0,-0.228056,0.14062722027301788,0.9890219569206238,0.605721116065979
YLR340W,YPR187W,0,-0.22837692,0.14060726761817932,0.9890219569206238,0.6058211922645569
YLR398C,YGL174W,0,-0.22857007,0.14058731496334076,0.9890219569206238,0.60592120885849
YDR279W,YOL088C,0,-0.22896937,0.1405673772096634,0.9890219569206238,0.6060212254524231
YLR079W,YOL010W,0,-0.22926238,0.14054743945598602,0.9890219569206238,0.6061212420463562
YKL143W,YHR056C,0,-0.22938232,0.14052751660346985,0.9890219569206238,0.6062212586402893
YDR436W,YCR004C,0,-0.22960104,0.14050757884979248,0.9890219569206238,0.6063212752342224
YMR019W,YDL019C,0,-0.22975658,0.1404876708984375,0.9890219569206238,0.6064212918281555
YKL009W,YLR278C,0,-0.2305741,0.14046774804592133,0.9890219569206238,0.6065213084220886
YBR115C,YMR070W,0,-0.23092544,0.14044784009456635,0.9890219569206238,0.6066213250160217
YHR171W,YJL159W,0,-0.23117699,0.14042794704437256,0.9890219569206238,0.6067213416099548
YLR357W,YNL032W,0,-0.23127437,0.14040805399417877,0.9890219569206238,0.6068213582038879
YGR061C,YOL109W,0,-0.23283121,0.14038816094398499,0.9890219569206238,0.606921374797821
YNL119W,YMR012W,0,-0.23331523,0.1403682678937912,0.9890219569206238,0.6070213913917542
YDL130W,YCR042C,0,-0.23403582,0.1403483897447586,0.9890219569206238,0.6071214079856873
YBR132C,YOR381W,0,-0.23409815,0.140328511595726,0.9890219569206238,0.6072214245796204
YGL249W,YHR168W,0,-0.23417777,0.14030864834785461,0.9890219569206238,0.6073214411735535
YGR295C,YGL030W,0,-0.23495623,0.14028878509998322,0.9890219569206238,0.6074214577674866
YHR156C,YOR130C,0,-0.23517995,0.140268936753273,0.9890219569206238,0.6075215339660645
YPL002C,YEL052W,0,-0.23524734,0.1402490735054016,0.9890219569206238,0.6076215505599976
YNR070W,YAL009W,0,-0.23555967,0.1402292400598526,0.9890219569206238,0.6077215671539307
YGR014W,YHR164C,0,-0.2367279,0.1402093917131424,0.9890219569206238,0.6078215837478638
YJL118W,YGR109C,0,-0.23706931,0.14018955826759338,0.9890219569206238,0.6079216003417969
YML014W,YPL015C,0,-0.23757772,0.14016972482204437,0.9890219569206238,0.60802161693573
YFL021W,YNL021W,0,-0.23782326,0.14014990627765656,0.9890219569206238,0.6081216335296631
YJR019C,YIL105C,0,-0.23784748,0.14013008773326874,0.9890219569206238,0.6082216501235962
YNL175C,YCL069W,0,-0.23788978,0.14011028409004211,0.9890219569206238,0.6083216667175293
YFL024C,YEL040W,0,-0.2384595,0.1400904655456543,0.9890219569206238,0.6084216833114624
YAL010C,YMR217W,0,-0.23879716,0.14007067680358887,0.9890219569206238,0.6085216999053955
YFL004W,YCL026C-B,0,-0.23921828,0.14005087316036224,0.9890219569206238,0.6086217164993286
YDR266C,YIL067C,0,-0.23922151,0.14003108441829681,0.9890219569206238,0.6087217330932617
YCR054C,YDR164C,0,-0.23948064,0.14001129567623138,0.9890219569206238,0.6088217496871948
YOR298W,YFR037C,0,-0.24053635,0.13999152183532715,0.9890219569206238,0.6089217662811279
YPL148C,YHR086W,0,-0.24066298,0.1399717479944229,0.9890219569206238,0.609021782875061
YDR088C,YNL256W,0,-0.24070472,0.13995198905467987,0.9890219569206238,0.6091217994689941
YGR001C,YLL028W,0,-0.2407432,0.13993221521377563,0.9890219569206238,0.6092218160629272
YDL108W,YBR075W,0,-0.24095464,0.1399124711751938,0.9890219569206238,0.6093218922615051
YGR177C,YDR126W,0,-0.24117424,0.13989271223545074,0.9890219569206238,0.6094219088554382
YLR014C,YER115C,0,-0.24187854,0.1398729681968689,0.9890219569206238,0.6095219254493713
YPR023C,YCR057C,0,-0.24276152,0.13985323905944824,0.9890219569206238,0.6096219420433044
YLR405W,YBL091C-A,0,-0.24291013,0.1398334950208664,0.9890219569206238,0.6097219586372375
YIL097W,YLR403W,0,-0.24311179,0.13981376588344574,0.9890219569206238,0.6098219752311707
YDR456W,YAL044C,0,-0.24330667,0.13979405164718628,0.9890219569206238,0.6099219918251038
YDR077W,YOR003W,0,-0.24337853,0.13977433741092682,0.9890219569206238,0.6100220084190369
YKL082C,YDR247W,0,-0.24354494,0.13975462317466736,0.9890219569206238,0.61012202501297
YPL231W,YBR207W,0,-0.2443833,0.1397349089384079,0.9890219569206238,0.6102220416069031
YMR106C,YKL144C,0,-0.24454212,0.13971520960330963,0.9890219569206238,0.6103220582008362
YMR014W,YLR178C,0,-0.24474627,0.13969551026821136,0.9890219569206238,0.6104220747947693
YDR163W,YKL172W,0,-0.24521339,0.1396758258342743,0.9890219569206238,0.6105220913887024
YDR533C,YGL019W,0,-0.24522376,0.13965614140033722,0.9890219569206238,0.6106221079826355
YIL002C,YKR001C,0,-0.24625197,0.13963647186756134,0.9890219569206238,0.6107221245765686
YLR448W,YOR194C,0,-0.24654615,0.13961678743362427,0.9890219569206238,0.6108221411705017
YMR223W,YMR152W,0,-0.24662033,0.13959713280200958,0.9890219569206238,0.6109221577644348
YPR182W,YMR235C,0,-0.24702747,0.1395774632692337,0.9890219569206238,0.6110222339630127
YMR006C,YOR168W,0,-0.24821173,0.13955780863761902,0.9890219569206238,0.6111222505569458
YNL135C,YLR003C,0,-0.2492332,0.13953815400600433,0.9890219569206238,0.6112222671508789
YMR134W,YPL083C,0,-0.24927872,0.13951851427555084,0.9890219569206238,0.611322283744812
YBR018C,YHR028C,0,-0.24991752,0.13949887454509735,0.9890219569206238,0.6114223003387451
YFR005C,YLR353W,0,-0.25030836,0.13947923481464386,0.9890219569206238,0.6115223169326782
YIL004C,YBL091C-A,0,-0.2504377,0.13945960998535156,0.9890219569206238,0.6116223335266113
YMR068W,YER147C,0,-0.25081033,0.13943998515605927,0.9890219569206238,0.6117223501205444
YDR334W,YLR155C,0,-0.25086802,0.13942037522792816,0.9890219569206238,0.6118223667144775
YOR047C,YPR135W,0,-0.25102174,0.13940076529979706,0.9890219569206238,0.6119223833084106
YKR069W,YJL101C,0,-0.25104162,0.13938115537166595,0.9890219569206238,0.6120223999023438
YDL101C,YPL192C,0,-0.2513805,0.13936154544353485,0.9890219569206238,0.6121224164962769
YJL024C,YPL050C,0,-0.251848,0.13934195041656494,0.9890219569206238,0.61222243309021
YNL323W,YJR139C,0,-0.25217035,0.13932237029075623,0.9890219569206238,0.6123224496841431
YGR216C,YOL155C,0,-0.25291786,0.1393027901649475,0.9890219569206238,0.6124224662780762
YJR015W,YOR381W,0,-0.25295705,0.1392832100391388,0.9890219569206238,0.6125224828720093
YML114C,YIL040W,0,-0.25301346,0.13926362991333008,0.9890219569206238,0.6126224994659424
YDR198C,YOR329C,0,-0.2534169,0.13924406468868256,0.9890219569206238,0.6127225160598755
YLR043C,YNL151C,0,-0.25368083,0.13922449946403503,0.9890219569206238,0.6128225922584534
YIL009C-A,YEL013W,0,-0.25417656,0.1392049491405487,0.9890219569206238,0.6129226088523865
YJR056C,YJR094W-A,0,-0.25421944,0.13918539881706238,0.9890219569206238,0.6130226254463196
YEL013W,YIL070C,0,-0.25589845,0.13916584849357605,0.9890219569206238,0.6131226420402527
YJL148W,YKL022C,0,-0.25622332,0.13914631307125092,0.9890219569206238,0.6132226586341858
YOR317W,YGL155W,0,-0.25668,0.13912677764892578,0.9890219569206238,0.6133226752281189
YDR311W,YPR190C,0,-0.25700316,0.13910724222660065,0.9890219569206238,0.613422691822052
YDR294C,YER078C,0,-0.25747603,0.1390877217054367,0.9890219569206238,0.6135227084159851
YLR182W,YBR019C,0,-0.25755236,0.13906820118427277,0.9890219569206238,0.6136227250099182
YPR101W,YLR251W,0,-0.25808787,0.13904868066310883,0.9890219569206238,0.6137227416038513
YJR083C,YLR441C,0,-0.2588526,0.13902917504310608,0.9890219569206238,0.6138227581977844
YHR187W,YDL058W,0,-0.2592755,0.13900968432426453,0.9890219569206238,0.6139227747917175
YDR312W,YOR073W,0,-0.2594409,0.13899017870426178,0.9890219569206238,0.6140227913856506
YHR085W,YDR288W,0,-0.2605629,0.13897068798542023,0.9890219569206238,0.6141228079795837
YDR163W,YFL037W,0,-0.2605915,0.13895121216773987,0.9890219569206238,0.6142228245735168
YNL073W,YNL225C,0,-0.2606148,0.13893172144889832,0.9890219569206238,0.61432284116745
YHR027C,YMR276W,0,-0.26100844,0.13891224563121796,0.9890219569206238,0.6144228577613831
YHR085W,YDR266C,0,-0.2611242,0.1388927847146988,0.9890219569206238,0.6145229339599609
YNL146W,YAL035W,0,-0.2613571,0.13887332379817963,0.9890219569206238,0.614622950553894
YJL125C,YOR278W,0,-0.26201358,0.13885386288166046,0.9890219569206238,0.6147229671478271
YMR060C,YGL172W,0,-0.26219317,0.1388344019651413,0.9890219569206238,0.6148229837417603
YLR427W,YOR178C,0,-0.26359254,0.13881495594978333,0.9890219569206238,0.6149230003356934
YDR103W,YER168C,0,-0.2636895,0.13879552483558655,0.9890219569206238,0.6150230169296265
YIL113W,YLR008C,0,-0.26428944,0.13877607882022858,0.9890219569206238,0.6151230335235596
YLR238W,YBR273C,0,-0.2645442,0.1387566477060318,0.9890219569206238,0.6152230501174927
YNL102W,YBR048W,0,-0.2653402,0.13873723149299622,0.9890219569206238,0.6153230667114258
YML126C,YCL033C,0,-0.2659183,0.13871780037879944,0.9890219569206238,0.6154230833053589
YPR083W,YKR013W,0,-0.26622087,0.13869838416576385,0.9890219569206238,0.615523099899292
YLR343W,YML091C,0,-0.2671872,0.13867898285388947,0.9890219569206238,0.6156231164932251
YMR202W,YMR054W,0,-0.26736277,0.13865958154201508,0.9890219569206238,0.6157231330871582
YJL113W,YOR100C,0,-0.2675063,0.13864018023014069,0.9890219569206238,0.6158231496810913
YKL163W,YMR025W,0,-0.2685413,0.1386207789182663,0.9890219569206238,0.6159231662750244
YPR054W,YPL147W,0,-0.26876444,0.1386013925075531,0.9890219569206238,0.6160231828689575
YDR088C,YGL030W,0,-0.26962698,0.1385820209980011,0.9890219569206238,0.6161231994628906
YPL068C,YNL192W,0,-0.27018124,0.1385626345872879,0.9890219569206238,0.6162232160568237
YGL150C,YGL227W,0,-0.27022362,0.1385432630777359,0.9890219569206238,0.6163232922554016
YDR368W,YBR037C,0,-0.27326465,0.1385239064693451,0.9890219569206238,0.6164233088493347
YGR010W,YIL078W,0,-0.2734373,0.1385045349597931,0.9890219569206238,0.6165233254432678
YCR077C,YDL028C,0,-0.27361822,0.13848519325256348,0.9890219569206238,0.6166233420372009
YLR406C,YER150W,0,-0.27370092,0.13846583664417267,0.9890219569206238,0.616723358631134
YHR018C,YBR201W,0,-0.27401036,0.13844649493694305,0.9890219569206238,0.6168233752250671
YGR029W,YGL106W,0,-0.27411038,0.13842715322971344,0.9890219569206238,0.6169233918190002
YGL150C,YDR518W,0,-0.2742325,0.13840782642364502,0.9890219569206238,0.6170234084129333
YKL117W,YBL042C,0,-0.27458426,0.1383884996175766,0.9890219569206238,0.6171234250068665
YML115C,YML081C-A,0,-0.27472258,0.13836917281150818,0.9890219569206238,0.6172234416007996
YOR069W,YIL097W,0,-0.27480495,0.13834984600543976,0.9890219569206238,0.6173234581947327
YGR184C,YJL145W,0,-0.27486873,0.13833054900169373,0.9890219569206238,0.6174234747886658
YMR280C,YDL036C,0,-0.27504915,0.1383112370967865,0.9890219569206238,0.6175234913825989
YEL017C-A,YGR086C,0,-0.27509472,0.13829194009304047,0.9890219569206238,0.617623507976532
YJR126C,YOL008W,0,-0.275164,0.13827264308929443,0.9890219569206238,0.6177235245704651
YOR219C,YDL111C,0,-0.27555498,0.1382533460855484,0.9890219569206238,0.6178235411643982
YHR011W,YPL082C,0,-0.27567843,0.13823406398296356,0.9890219569206238,0.6179235577583313
YBL004W,YOR037W,0,-0.27589047,0.13821478188037872,0.9890219569206238,0.6180236339569092
YML131W,YGR159C,0,-0.27601078,0.13819551467895508,0.9890219569206238,0.6181236505508423
YFL050C,YDR069C,0,-0.27624902,0.13817624747753143,0.9890219569206238,0.6182236671447754
YHR092C,YOR118W,0,-0.27668777,0.1381569802761078,0.9890219569206238,0.6183236837387085
YMR228W,YGL065C,0,-0.27796784,0.13813771307468414,0.9890219569206238,0.6184237003326416
YNR031C,YLL019C,0,-0.2781532,0.1381184607744217,0.9890219569206238,0.6185237169265747
YDR073W,YHL020C,0,-0.27821255,0.13809922337532043,0.9890219569206238,0.6186237335205078
YPR160W,YDR314C,0,-0.2782333,0.13807997107505798,0.9890219569206238,0.6187237501144409
YIL063C,YMR263W,0,-0.27877873,0.13806074857711792,0.9890219569206238,0.618823766708374
YOR222W,YKL015W,0,-0.27925247,0.13804151117801666,0.9890219569206238,0.6189237833023071
YJL041W,YJR094W-A,0,-0.28012052,0.1380222886800766,0.9890219569206238,0.6190237998962402
YOR123C,YBR182C,0,-0.2803569,0.13800306618213654,0.9890219569206238,0.6191238164901733
YNL244C,YGR067C,0,-0.28049472,0.13798384368419647,0.9890219569206238,0.6192238330841064
YPL162C,YDL122W,0,-0.28051287,0.1379646360874176,0.9890219569206238,0.6193238496780396
YDR479C,YNL037C,0,-0.28062236,0.13794542849063873,0.9890219569206238,0.6194238662719727
YER087C-B,YBL078C,0,-0.28170073,0.13792623579502106,0.9890219569206238,0.6195238828659058
YDL112W,YER013W,0,-0.2818471,0.13790704309940338,0.9890219569206238,0.6196238994598389
YMR193W,YGR215W,0,-0.28185728,0.1378878504037857,0.9890219569206238,0.619723916053772
YDL207W,YBL102W,0,-0.28234488,0.13786867260932922,0.9890219569206238,0.6198239922523499
YLR103C,YLR372W,0,-0.28275752,0.13784949481487274,0.9890219569206238,0.619924008846283
YML125C,YEL063C,0,-0.28337002,0.13783031702041626,0.9890219569206238,0.6200240254402161
YER056C-A,YER094C,0,-0.28349632,0.13781115412712097,0.9890219569206238,0.6201240420341492
YLR242C,YDL074C,0,-0.28397498,0.13779199123382568,0.9890219569206238,0.6202240586280823
YDR238C,YKL156W,0,-0.2840206,0.1377728283405304,0.9890219569206238,0.6203240752220154
YFR019W,YEL036C,0,-0.2841015,0.1377536803483963,0.9890219569206238,0.6204240918159485
YNL212W,YHR186C,0,-0.28430927,0.1377345323562622,0.9890219569206238,0.6205241084098816
YBL112C,YGR272C,0,-0.28457952,0.1377153992652893,0.9890219569206238,0.6206241250038147
YFL024C,YIL172C,0,-0.284812,0.1376962661743164,0.9890219569206238,0.6207241415977478
YPR192W,YKL198C,0,-0.2852285,0.1376771330833435,0.9890219569206238,0.6208241581916809
YGR023W,YDR252W,0,-0.28533652,0.1376580148935318,0.9890219569206238,0.620924174785614
YBR228W,YLR438C-A,0,-0.28572267,0.1376388818025589,0.9890219569206238,0.6210241913795471
YPL057C,YOR116C,0,-0.2857483,0.1376197785139084,0.9890219569206238,0.6211242079734802
YLR080W,YBR139W,0,-0.28589967,0.13760066032409668,0.9890219569206238,0.6212242245674133
YGL048C,YOR251C,0,-0.28678152,0.13758155703544617,0.9890219569206238,0.6213242411613464
YMR150C,YBR141C,0,-0.28707904,0.13756246864795685,0.9890219569206238,0.6214242577552795
YKL025C,YOR324C,0,-0.28780368,0.13754336535930634,0.9890219569206238,0.6215243339538574
YJR057W,YMR319C,0,-0.28803152,0.1375242918729782,0.9890219569206238,0.6216243505477905
YKL088W,YPL098C,0,-0.28803453,0.1375052034854889,0.9890219569206238,0.6217243671417236
YBR083W,YER035W,0,-0.2885788,0.13748612999916077,0.9890219569206238,0.6218243837356567
YOL157C,YFL062W,0,-0.2885839,0.13746705651283264,0.9890219569206238,0.6219244003295898
YPR019W,YLR151C,0,-0.2886182,0.13744798302650452,0.9890219569206238,0.622024416923523
YPR031W,YNL035C,0,-0.2886529,0.13742892444133759,0.9890219569206238,0.622124433517456
YOR148C,YFR021W,0,-0.28900534,0.13740986585617065,0.9890219569206238,0.6222244501113892
YBR213W,YJL063C,0,-0.29027668,0.13739082217216492,0.9890219569206238,0.6223244667053223
YMR038C,YOR143C,0,-0.2906834,0.13737177848815918,0.9890219569206238,0.6224244832992554
YOL077C,YMR231W,0,-0.29158694,0.13735273480415344,0.9890219569206238,0.6225244998931885
YNL302C,YJR051W,0,-0.29166093,0.1373337060213089,0.9890219569206238,0.6226245164871216
YIR007W,YBR171W,0,-0.29166704,0.13731467723846436,0.9890219569206238,0.6227245330810547
YBR123C,YBR192W,0,-0.29213583,0.1372956484556198,0.9890219569206238,0.6228245496749878
YPR102C,YAR014C,0,-0.29290158,0.13727663457393646,0.9890219569206238,0.6229245662689209
YDL080C,YER120W,0,-0.29306233,0.1372576206922531,0.9890219569206238,0.623024582862854
YOL125W,YNR069C,0,-0.29344565,0.13723860681056976,0.9890219569206238,0.6231245994567871
YJR059W,YGL153W,0,-0.2937097,0.1372196078300476,0.9890219569206238,0.6232246160507202
YML039W,YLR410W-B,0,-0.29373112,0.13720060884952545,0.9890219569206238,0.6233246922492981
YBL039C,YDR013W,0,-0.2953651,0.1371816098690033,0.9890219569206238,0.6234247088432312
YHR175W,YBR036C,0,-0.2956428,0.13716262578964233,0.9890219569206238,0.6235247254371643
YCR003W,YIL031W,0,-0.29586244,0.13714364171028137,0.9890219569206238,0.6236247420310974
YIL122W,YDR510W,0,-0.29642904,0.1371246725320816,0.9890219569206238,0.6237247586250305
YHR105W,YPL275W,0,-0.29649758,0.13710570335388184,0.9890219569206238,0.6238247752189636
YCR053W,YFR037C,0,-0.29780707,0.13708673417568207,0.9890219569206238,0.6239247918128967
YNL092W,YLL040C,0,-0.29828542,0.1370677798986435,0.9890219569206238,0.6240248084068298
YOR069W,YHR046C,0,-0.2988122,0.13704881072044373,0.9890219569206238,0.6241248250007629
YOR003W,YJL020C,0,-0.29911596,0.13702987134456635,0.9890219569206238,0.624224841594696
YGR246C,YDR238C,0,-0.29913038,0.13701091706752777,0.9890219569206238,0.6243248581886292
YDL208W,YBR202W,0,-0.2994693,0.1369919776916504,0.9890219569206238,0.6244248747825623
YOL028C,YBL055C,0,-0.29973933,0.1369730532169342,0.9890219569206238,0.6245248913764954
YEL037C,YBL046W,0,-0.30023232,0.13695411384105682,0.9890219569206238,0.6246249079704285
YML056C,YGR058W,0,-0.3003016,0.13693518936634064,0.9890219569206238,0.6247249245643616
YBR186W,YNL113W,0,-0.3004049,0.13691627979278564,0.9890219569206238,0.6248249411582947
YNL082W,YOR283W,0,-0.3012756,0.13689735531806946,0.9890219569206238,0.6249249577522278
YDL246C,YER170W,0,-0.30201024,0.13687844574451447,0.9890219569206238,0.6250250339508057
YJR138W,YDR408C,0,-0.3028262,0.13685955107212067,0.9890219569206238,0.6251250505447388
YDL144C,YMR236W,0,-0.30311167,0.13684065639972687,0.9890219569206238,0.6252250671386719
YML075C,YGR163W,0,-0.30332398,0.13682176172733307,0.9890219569206238,0.625325083732605
YDL148C,YBL100W-A,0,-0.30358112,0.13680286705493927,0.9890219569206238,0.6254251003265381
YHR036W,YBL018C,0,-0.30404398,0.13678398728370667,0.9890219569206238,0.6255251169204712
YJR149W,YLR042C,0,-0.30439663,0.13676510751247406,0.9890219569206238,0.6256251335144043
YDL022W,YKR022C,0,-0.30488712,0.13674624264240265,0.9890219569206238,0.6257251501083374
YMR184W,YOR145C,0,-0.30559817,0.13672737777233124,0.9890219569206238,0.6258251667022705
YOR393W,YLL010C,0,-0.30588874,0.13670851290225983,0.9890219569206238,0.6259251832962036
YPL042C,YHL032C,0,-0.3063533,0.13668964803218842,0.9890219569206238,0.6260251998901367
YHR164C,YBL074C,0,-0.30642456,0.1366707980632782,0.9890219569206238,0.6261252164840698
YLR350W,YOR388C,0,-0.3071166,0.13665196299552917,0.9890219569206238,0.6262252330780029
YBR222C,YBR237W,0,-0.30713025,0.13663311302661896,0.9890219569206238,0.626325249671936
YNL254C,YOL043C,0,-0.30821538,0.13661427795886993,0.9890219569206238,0.6264252662658691
YER174C,YNR067C,0,-0.30825537,0.1365954577922821,0.9890219569206238,0.6265252828598022
YDL085W,YJL082W,0,-0.30845487,0.13657662272453308,0.9890219569206238,0.6266252994537354
YCR057C,YOR284W,0,-0.30940193,0.13655780255794525,0.9890219569206238,0.6267253160476685
YLR329W,YOR389W,0,-0.30952382,0.13653899729251862,0.9890219569206238,0.6268253922462463
YMR093W,YNL302C,0,-0.3107905,0.1365201771259308,0.9890219569206238,0.6269254088401794
YBL011W,YGL035C,0,-0.31114572,0.13650137186050415,0.9890219569206238,0.6270254254341125
YEL020C,YKL055C,0,-0.31153062,0.1364825814962387,0.9890219569206238,0.6271254420280457
YJL121C,YCR023C,0,-0.31167936,0.13646379113197327,0.9890219569206238,0.6272254586219788
YER099C,YDL144C,0,-0.3117511,0.13644500076770782,0.9890219569206238,0.6273254752159119
YKR029C,YHR051W,0,-0.312958,0.13642621040344238,0.9890219569206238,0.627425491809845
YBR261C,YML032C,0,-0.31328166,0.13640743494033813,0.9890219569206238,0.6275255084037781
YOR375C,YHR018C,0,-0.3135763,0.1363886594772339,0.9890219569206238,0.6276255249977112
YBR241C,YOL103W,0,-0.31358808,0.13636988401412964,0.9890219569206238,0.6277255415916443
YDR530C,YJL006C,0,-0.31376165,0.13635112345218658,0.9890219569206238,0.6278255581855774
YHR057C,YDR346C,0,-0.31384325,0.13633236289024353,0.9890219569206238,0.6279255747795105
YDR038C,YER172C,0,-0.31394655,0.13631361722946167,0.9890219569206238,0.6280255913734436
YER074W,YDR247W,0,-0.31415373,0.1362948715686798,0.9890219569206238,0.6281256079673767
YGR227W,YOL089C,0,-0.31477693,0.13627612590789795,0.9890219569206238,0.6282256245613098
YML027W,YKL089W,0,-0.31498873,0.13625739514827728,0.9890219569206238,0.6283256411552429
YJL051W,YJR129C,0,-0.31556225,0.13623866438865662,0.9890219569206238,0.628425657749176
YMR121C,YLL038C,0,-0.31652662,0.13621993362903595,0.9890219569206238,0.6285257339477539
YPL192C,YLR262C,0,-0.31726062,0.13620120286941528,0.9890219569206238,0.628625750541687
YIL133C,YIL047C,0,-0.31771255,0.1361824870109558,0.9890219569206238,0.6287257671356201
YGL019W,YNL323W,0,-0.3179831,0.13616378605365753,0.9890219569206238,0.6288257837295532
YNL254C,YBR110W,0,-0.3180765,0.13614507019519806,0.9890219569206238,0.6289258003234863
YOR088W,YBR024W,0,-0.318559,0.13612636923789978,0.9890219569206238,0.6290258169174194
YJL118W,YGL032C,0,-0.31923133,0.1361076831817627,0.9890219569206238,0.6291258335113525
YKR054C,YKL176C,0,-0.31935343,0.13608898222446442,0.9890219569206238,0.6292258501052856
YKL009W,YKR028W,0,-0.31952608,0.13607029616832733,0.9890219569206238,0.6293258666992188
YLR207W,YER019W,0,-0.31959295,0.13605162501335144,0.9890219569206238,0.6294258832931519
YLR270W,YFL054C,0,-0.31991756,0.13603293895721436,0.9890219569206238,0.629525899887085
YIL124W,YKR087C,0,-0.32017413,0.13601426780223846,0.9890219569206238,0.6296259164810181
YMR150C,YHR029C,0,-0.32039282,0.13599561154842377,0.9890219569206238,0.6297259330749512
YBL113C,YDR036C,0,-0.32070246,0.13597695529460907,0.9890219569206238,0.6298259496688843
YER019W,YLL052C,0,-0.32085347,0.13595829904079437,0.9890219569206238,0.6299259662628174
YML073C,YDR368W,0,-0.32130393,0.13593964278697968,0.9890219569206238,0.6300259828567505
YBR251W,YHR012W,0,-0.32136106,0.13592100143432617,0.9890219569206238,0.6301259994506836
YDR195W,YHR010W,0,-0.3215027,0.13590236008167267,0.9890219569206238,0.6302260160446167
YPL240C,YLL027W,0,-0.32192123,0.13588371872901917,0.9890219569206238,0.6303260922431946
YGR221C,YDR457W,0,-0.3225802,0.13586509227752686,0.9890219569206238,0.6304261088371277
YJR134C,YJR055W,0,-0.32268614,0.13584646582603455,0.9890219569206238,0.6305261254310608
YBL084C,YKL028W,0,-0.322789,0.13582785427570343,0.9890219569206238,0.6306261420249939
YDL040C,YPR049C,0,-0.3227987,0.13580924272537231,0.9890219569206238,0.630726158618927
YPL037C,YPL252C,0,-0.3228516,0.1357906311750412,0.9890219569206238,0.6308261752128601
YKR025W,YOR005C,0,-0.32292402,0.13577201962471008,0.9890219569206238,0.6309261918067932
YMR297W,YKR069W,0,-0.3229648,0.13575342297554016,0.9890219569206238,0.6310262084007263
YNL064C,YLR005W,0,-0.32308164,0.13573482632637024,0.9890219569206238,0.6311262249946594
YKL095W,YGR157W,0,-0.32311964,0.1357162445783615,0.9890219569206238,0.6312262415885925
YAR008W,YBR267W,0,-0.3235346,0.13569766283035278,0.9890219569206238,0.6313262581825256
YBR004C,YNL099C,0,-0.32389253,0.13567908108234406,0.9890219569206238,0.6314262747764587
YNL052W,YMR077C,0,-0.32390887,0.13566049933433533,0.9890219569206238,0.6315262913703918
YLR144C,YNL326C,0,-0.32416162,0.1356419324874878,0.9890219569206238,0.631626307964325
YNR010W,YMR314W,0,-0.32501435,0.13562338054180145,0.9890219569206238,0.6317263245582581
YPL283C,YLR307W,0,-0.32579452,0.13560481369495392,0.9890219569206238,0.6318263411521912
YDL144C,YML126C,0,-0.3262928,0.13558626174926758,0.9890219569206238,0.6319263577461243
YJL079C,YAL062W,0,-0.32677284,0.13556770980358124,0.9890219569206238,0.6320264339447021
YKL107W,YOL151W,0,-0.3268562,0.1355491727590561,0.9890219569206238,0.6321264505386353
YFL057C,YOL082W,0,-0.32702112,0.13553063571453094,0.9890219569206238,0.6322264671325684
YBL024W,YLL022C,0,-0.32735083,0.1355120986700058,0.9890219569206238,0.6323264837265015
YOR261C,YBR201W,0,-0.32748324,0.13549357652664185,0.9890219569206238,0.6324265003204346
YGL249W,YPL089C,0,-0.32756025,0.1354750543832779,0.9890219569206238,0.6325265169143677
YBR258C,YHL001W,0,-0.32773066,0.13545653223991394,0.9890219569206238,0.6326265335083008
YBR010W,YPR025C,0,-0.3279183,0.13543802499771118,0.9890219569206238,0.6327265501022339
YBR021W,YGR278W,0,-0.32936752,0.13541951775550842,0.9890219569206238,0.632826566696167
YBR041W,YNL075W,0,-0.32991415,0.13540101051330566,0.9890219569206238,0.6329265832901001
YHR039C,YPR009W,0,-0.33000064,0.1353825181722641,0.9890219569206238,0.6330265998840332
YDR177W,YNL027W,0,-0.330052,0.13536402583122253,0.9890219569206238,0.6331266164779663
YNL096C,YCL026C-A,0,-0.33009323,0.13534553349018097,0.9890219569206238,0.6332266330718994
YMR042W,YKL144C,0,-0.33019707,0.1353270560503006,0.9890219569206238,0.6333266496658325
YOR321W,YML038C,0,-0.3303667,0.13530857861042023,0.9890219569206238,0.6334266662597656
YOL107W,YLR002C,0,-0.3304172,0.13529010117053986,0.9890219569206238,0.6335266828536987
YMR146C,YOR278W,0,-0.3309898,0.13527163863182068,0.9890219569206238,0.6336266994476318
YOL064C,YAL022C,0,-0.33213773,0.1352531760931015,0.9890219569206238,0.6337267160415649
YPL079W,YCR048W,0,-0.3323121,0.13523471355438232,0.9890219569206238,0.6338267922401428
YLR264W,YBR267W,0,-0.3327183,0.13521626591682434,0.9890219569206238,0.6339268088340759
YDR137W,YOR085W,0,-0.3328237,0.13519781827926636,0.9890219569206238,0.634026825428009
YIL097W,YJL044C,0,-0.3332246,0.13517937064170837,0.9890219569206238,0.6341268420219421
YMR283C,YMR025W,0,-0.33337584,0.13516093790531158,0.9890219569206238,0.6342268586158752
YOL117W,YGL084C,0,-0.33368075,0.1351425051689148,0.9890219569206238,0.6343268752098083
YCR020W-B,YCR083W,0,-0.33401492,0.135124072432518,0.9890219569206238,0.6344268918037415
YDR520C,YOR382W,0,-0.33415484,0.1351056545972824,0.9890219569206238,0.6345269083976746
YNL262W,YLR183C,0,-0.33425468,0.13508723676204681,0.9890219569206238,0.6346269249916077
YKL137W,YGL236C,0,-0.33467624,0.1350688338279724,0.9890219569206238,0.6347269415855408
YIL139C,YKL120W,0,-0.3350603,0.13505041599273682,0.9890219569206238,0.6348269581794739
YLR272C,YOL103W,0,-0.33566993,0.1350320279598236,0.9890219569206238,0.634926974773407
YOL138C,YFL034C-A,0,-0.33589432,0.1350136250257492,0.9890219569206238,0.6350269913673401
YGR047C,YER153C,0,-0.33667755,0.134995236992836,0.9890219569206238,0.6351270079612732
YHR152W,YJR007W,0,-0.33697343,0.1349768489599228,0.9890219569206238,0.6352270245552063
YFL057C,YPL051W,0,-0.33782405,0.13495846092700958,0.9890219569206238,0.6353270411491394
YPL030W,YEL071W,0,-0.33812916,0.13494008779525757,0.9890219569206238,0.6354270577430725
YGL037C,YEL016C,0,-0.34071526,0.13492171466350555,0.9890219569206238,0.6355271339416504
YGL183C,YPR189W,0,-0.34100997,0.13490334153175354,0.9890219569206238,0.6356271505355835
YHR160C,YGR185C,0,-0.34242412,0.13488498330116272,0.9890219569206238,0.6357271671295166
YPL275W,YFR037C,0,-0.34294242,0.1348666250705719,0.9890219569206238,0.6358271837234497
YDL210W,YER013W,0,-0.3429858,0.13484828174114227,0.9890219569206238,0.6359272003173828
YDR224C,YGR185C,0,-0.34462065,0.13482993841171265,0.9890219569206238,0.6360272169113159
YDL112W,YHR046C,0,-0.34487766,0.13481159508228302,0.9890219569206238,0.636127233505249
YBR275C,YAR031W,0,-0.3450197,0.1347932517528534,0.9890219569206238,0.6362272500991821
YOR148C,YOL089C,0,-0.34513366,0.13477492332458496,0.9890219569206238,0.6363272666931152
YHR074W,YOR143C,0,-0.3454338,0.13475659489631653,0.9890219569206238,0.6364272832870483
YGR071C,YKR044W,0,-0.34562355,0.1347382664680481,0.9890219569206238,0.6365272998809814
YGR095C,YLR448W,0,-0.34590867,0.13471995294094086,0.9890219569206238,0.6366273164749146
YDR260C,YDL024C,0,-0.34603965,0.13470163941383362,0.9890219569206238,0.6367273330688477
YCL011C,YDR318W,0,-0.34613687,0.13468334078788757,0.9890219569206238,0.6368273496627808
YNR013C,YNL273W,0,-0.34681606,0.13466504216194153,0.9890219569206238,0.6369273662567139
YAL024C,YGR154C,0,-0.34700924,0.13464674353599548,0.9890219569206238,0.637027382850647
YMR123W,YDL184C,0,-0.34711227,0.13462844491004944,0.9890219569206238,0.6371273994445801
YDR454C,YGL158W,0,-0.34738576,0.1346101611852646,0.9890219569206238,0.6372274160385132
YOR239W,YPR020W,0,-0.34763837,0.13459187746047974,0.9890219569206238,0.6373274922370911
YCL045C,YIR034C,0,-0.34808138,0.13457360863685608,0.9890219569206238,0.6374275088310242
YJL091C,YBR022W,0,-0.34860545,0.13455532491207123,0.9890219569206238,0.6375275254249573
YMR235C,YDR419W,0,-0.34871933,0.13453705608844757,0.9890219569206238,0.6376275420188904
YNR012W,YNL134C,0,-0.34877062,0.1345188021659851,0.9890219569206238,0.6377275586128235
YGR098C,YOL062C,0,-0.34948403,0.13450054824352264,0.9890219569206238,0.6378275752067566
YPR178W,YOL158C,0,-0.34999272,0.13448229432106018,0.9890219569206238,0.6379275918006897
YGL141W,YLL045C,0,-0.35070214,0.13446404039859772,0.9890219569206238,0.6380276083946228
YCL018W,YER174C,0,-0.35165256,0.13444580137729645,0.9890219569206238,0.6381276249885559
YOL030W,YFR032C-A,0,-0.35197762,0.13442756235599518,0.9890219569206238,0.638227641582489
YEL065W,YMR008C,0,-0.3520491,0.1344093382358551,0.9890219569206238,0.6383276581764221
YKR019C,YLL043W,0,-0.35319257,0.13439109921455383,0.9890219569206238,0.6384276747703552
YOL090W,YML111W,0,-0.3534148,0.13437287509441376,0.9890219569206238,0.6385276913642883
YMR042W,YJR099W,0,-0.35352927,0.13435466587543488,0.9890219569206238,0.6386277079582214
YPL143W,YPL087W,0,-0.35564774,0.134336456656456,0.9890219569206238,0.6387277245521545
YJR082C,YMR281W,0,-0.35574245,0.1343182474374771,0.9890219569206238,0.6388277411460876
YLR441C,YDR541C,0,-0.35594308,0.13430003821849823,0.9890219569206238,0.6389277577400208
YMR024W,YOR077W,0,-0.35600683,0.13428184390068054,0.9890219569206238,0.6390278339385986
YOR069W,YDR171W,0,-0.35619366,0.13426364958286285,0.9890219569206238,0.6391278505325317
YLR275W,YNL224C,0,-0.35625535,0.13424545526504517,0.9890219569206238,0.6392278671264648
YCR069W,YGR166W,0,-0.35725302,0.13422727584838867,0.9890219569206238,0.639327883720398
YGL023C,YDL222C,0,-0.35841385,0.13420909643173218,0.9890219569206238,0.639427900314331
YJL125C,YER013W,0,-0.35874832,0.13419093191623688,0.9890219569206238,0.6395279169082642
YLR336C,YPR070W,0,-0.3587546,0.13417275249958038,0.9890219569206238,0.6396279335021973
YNL119W,YOR326W,0,-0.35878927,0.13415460288524628,0.9890219569206238,0.6397279500961304
YER012W,YHR091C,0,-0.35901585,0.13413643836975098,0.9890219569206238,0.6398279666900635
YML034W,YPL113C,0,-0.3591371,0.13411828875541687,0.9890219569206238,0.6399279832839966
YNL139C,YGL237C,0,-0.35942334,0.13410013914108276,0.9890219569206238,0.6400279998779297
YDR143C,YDR380W,0,-0.35950822,0.13408198952674866,0.9890219569206238,0.6401280164718628
YGR061C,YKL108W,0,-0.35954928,0.13406385481357574,0.9890219569206238,0.6402280330657959
YFL033C,YNL138W,0,-0.36053145,0.13404572010040283,0.9890219569206238,0.640328049659729
YHR143W-A,YKL222C,0,-0.36064994,0.13402758538722992,0.9890219569206238,0.6404280662536621
YPL088W,YHR171W,0,-0.36103377,0.1340094655752182,0.9890219569206238,0.6405280828475952
YMR086W,YGR065C,0,-0.36171037,0.13399134576320648,0.9890219569206238,0.6406280994415283
YMR058W,YCR009C,0,-0.3617364,0.13397322595119476,0.9890219569206238,0.6407281160354614
YKR098C,YNR027W,0,-0.3618859,0.13395512104034424,0.9890219569206238,0.6408281922340393
YBL006C,YPL020C,0,-0.36191002,0.1339370161294937,0.9890219569206238,0.6409282088279724
YKL125W,YLR431C,0,-0.36204964,0.13391892611980438,0.9890219569206238,0.6410282254219055
YML093W,YJR051W,0,-0.36259076,0.13390082120895386,0.9890219569206238,0.6411282420158386
YMR165C,YGR076C,0,-0.36272293,0.13388273119926453,0.9890219569206238,0.6412282586097717
YPL003W,YKL183W,0,-0.3629387,0.1338646560907364,0.9890219569206238,0.6413282752037048
YER004W,YOL111C,0,-0.3634405,0.13384656608104706,0.9890219569206238,0.6414282917976379
YDL040C,YGL131C,0,-0.3635252,0.13382849097251892,0.9890219569206238,0.641528308391571
YGR072W,YFL008W,0,-0.36370748,0.13381043076515198,0.9890219569206238,0.6416283249855042
YBR173C,YBR239C,0,-0.36384457,0.13379235565662384,0.9890219569206238,0.6417283415794373
YHR116W,YPL139C,0,-0.36393133,0.1337742954492569,0.9890219569206238,0.6418283581733704
YEL037C,YNL206C,0,-0.36432797,0.13375623524188995,0.9890219569206238,0.6419283747673035
YNR063W,YOL041C,0,-0.36507413,0.1337381899356842,0.9890219569206238,0.6420283913612366
YDR309C,YLR313C,1,-0.36652404,0.13385507464408875,0.9900199770927429,0.6420283913612366
YKL198C,YER180C,0,-0.36654845,0.1338370144367218,0.9900199770927429,0.6421284079551697
YOR035C,YLR208W,0,-0.36660048,0.13381896913051605,0.9900199770927429,0.6422284245491028
YOR010C,YGR148C,0,-0.36802787,0.1338009238243103,0.9900199770927429,0.6423284411430359
YDR527W,YJL101C,0,-0.36807314,0.13378287851810455,0.9900199770927429,0.642428457736969
YLR342W,YMR319C,0,-0.3681232,0.1337648332118988,0.9900199770927429,0.6425285339355469
YBR289W,YJL178C,0,-0.36819905,0.13374680280685425,0.9900199770927429,0.64262855052948
YFR013W,YNL186W,0,-0.36915174,0.1337287724018097,0.9900199770927429,0.6427285671234131
YDL130W,YML027W,0,-0.36933315,0.13371074199676514,0.9900199770927429,0.6428285837173462
YMR051C,YNL124W,0,-0.3695805,0.13369272649288177,0.9900199770927429,0.6429286003112793
YMR100W,YKR048C,0,-0.37027735,0.1336747109889984,0.9900199770927429,0.6430286169052124
YOR251C,YDR001C,0,-0.37076655,0.13365669548511505,0.9900199770927429,0.6431286334991455
YKL025C,YCR083W,0,-0.3708362,0.13363869488239288,0.9900199770927429,0.6432286500930786
YOL091W,YEL063C,0,-0.3708369,0.13362069427967072,0.9900199770927429,0.6433286666870117
YDR109C,YJL139C,0,-0.37128627,0.13360269367694855,0.9900199770927429,0.6434286832809448
YJR088C,YBR214W,0,-0.37138006,0.13358470797538757,0.9900199770927429,0.6435286998748779
YBR239C,YFR021W,0,-0.37206224,0.1335667222738266,0.9900199770927429,0.643628716468811
YBR058C,YNR075W,0,-0.37300694,0.13354873657226562,0.9900199770927429,0.6437287330627441
YNL119W,YDR153C,0,-0.37307012,0.13353075087070465,0.9900199770927429,0.6438287496566772
YDR473C,YIL035C,0,-0.37360004,0.13351278007030487,0.9900199770927429,0.6439287662506104
YPR192W,YPR066W,0,-0.37398314,0.13349482417106628,0.9900199770927429,0.6440287828445435
YOL094C,YMR020W,0,-0.37404308,0.1334768533706665,0.9900199770927429,0.6441287994384766
YLR160C,YMR304W,0,-0.37417525,0.13345889747142792,0.9900199770927429,0.6442288160324097
YGR087C,YDR337W,0,-0.37466347,0.13344094157218933,0.9900199770927429,0.6443288922309875
YER153C,YJL192C,0,-0.37569028,0.13342300057411194,0.9900199770927429,0.6444289088249207
YMR083W,YDL108W,0,-0.37588343,0.13340505957603455,0.9900199770927429,0.6445289254188538
YBR055C,YJR040W,0,-0.37759563,0.13338711857795715,0.9900199770927429,0.6446289420127869
YBR036C,YHR029C,0,-0.3781046,0.13336919248104095,0.9900199770927429,0.64472895860672
YDR390C,YPL092W,0,-0.37822807,0.13335125148296356,0.9900199770927429,0.6448289752006531
YER183C,YMR194W,0,-0.37831116,0.13333334028720856,0.9900199770927429,0.6449289917945862
YLR144C,YOL071W,0,-0.37920082,0.13331541419029236,0.9900199770927429,0.6450290083885193
YJL143W,YOR098C,0,-0.37938932,0.13329750299453735,0.9900199770927429,0.6451290249824524
YNL001W,YLR388W,0,-0.3795467,0.13327959179878235,0.9900199770927429,0.6452290415763855
YEL053C,YDR536W,0,-0.38008595,0.13326168060302734,0.9900199770927429,0.6453290581703186
YIL017C,YJR143C,0,-0.38034365,0.13324378430843353,0.9900199770927429,0.6454290747642517
YHR153C,YGR077C,0,-0.3812477,0.13322588801383972,0.9900199770927429,0.6455290913581848
YER036C,YOR057W,0,-0.38140565,0.1332080066204071,0.9900199770927429,0.6456291079521179
YBR186W,YOL070C,0,-0.38142452,0.1331901252269745,0.9900199770927429,0.645729124546051
YBR170C,YKL073W,0,-0.3827454,0.13317224383354187,0.9900199770927429,0.6458291411399841
YPL226W,YOR077W,0,-0.3831738,0.13315436244010925,0.9900199770927429,0.6459291577339172
YKR058W,YOR232W,0,-0.38369703,0.13313649594783783,0.9900199770927429,0.6460292339324951
YBR115C,YML008C,0,-0.38373172,0.1331186294555664,0.9900199770927429,0.6461292505264282
YGR256W,YDL079C,0,-0.38452306,0.13310076296329498,0.9900199770927429,0.6462292671203613
YNR013C,YJL172W,0,-0.38472635,0.13308291137218475,0.9900199770927429,0.6463292837142944
YER026C,YDL236W,0,-0.38483542,0.13306505978107452,0.9900199770927429,0.6464293003082275
YFL002C,YCR002C,0,-0.38487175,0.1330472081899643,0.9900199770927429,0.6465293169021606
YNR073C,YBR033W,0,-0.3849631,0.13302937150001526,0.9900199770927429,0.6466293334960938
YDR520C,YHL019C,0,-0.38536724,0.13301153481006622,0.9900199770927429,0.6467293500900269
YNL323W,YNL209W,0,-0.3856467,0.1329936981201172,0.9900199770927429,0.64682936668396
YML046W,YNR057C,0,-0.38602448,0.13297587633132935,0.9900199770927429,0.6469293832778931
YNL012W,YNL265C,0,-0.3864812,0.1329580545425415,0.9900199770927429,0.6470293998718262
YFR007W,YOR255W,0,-0.38681802,0.13294023275375366,0.9900199770927429,0.6471294164657593
YJL160C,YPL128C,0,-0.38689274,0.13292241096496582,0.9900199770927429,0.6472294330596924
YNL244C,YML126C,0,-0.38701382,0.13290460407733917,0.9900199770927429,0.6473294496536255
YGL223C,YDL104C,0,-0.38710532,0.13288681209087372,0.9900199770927429,0.6474294662475586
YIR015W,YDR436W,0,-0.387197,0.13286900520324707,0.9900199770927429,0.6475294828414917
YLR141W,YOR208W,0,-0.38788915,0.13285121321678162,0.9900199770927429,0.6476294994354248
YML054C,YDR358W,0,-0.38796574,0.13283342123031616,0.9900199770927429,0.6477295756340027
YPR079W,YAL021C,0,-0.38861063,0.1328156441450119,0.9900199770927429,0.6478295922279358
YDR156W,YOL158C,0,-0.3897361,0.13279785215854645,0.9900199770927429,0.6479296088218689
YBR204C,YBR035C,0,-0.39034954,0.13278008997440338,0.9900199770927429,0.648029625415802
YDR409W,YIL159W,1,-0.3908349,0.13289614021778107,0.9910179376602173,0.648029625415802
YER184C,YBR286W,0,-0.39088959,0.1328783631324768,0.9910179376602173,0.6481296420097351
YNL039W,YFR042W,0,-0.3916544,0.13286058604717255,0.9910179376602173,0.6482296586036682
YEL047C,YBR159W,0,-0.39168563,0.1328428089618683,0.9910179376602173,0.6483296751976013
YGR155W,YJR064W,0,-0.39312214,0.13282504677772522,0.9910179376602173,0.6484296917915344
YJL080C,YMR239C,0,-0.3931793,0.13280726969242096,0.9910179376602173,0.6485297083854675
YOR232W,YPL112C,0,-0.3942945,0.1327895224094391,0.9910179376602173,0.6486297249794006
YBR035C,YBR012W-B,0,-0.39456594,0.13277176022529602,0.9910179376602173,0.6487297415733337
YCR069W,YDL025C,0,-0.39462683,0.13275401294231415,0.9910179376602173,0.6488297581672668
YPL064C,YLL033W,0,-0.39509767,0.13273626565933228,0.9910179376602173,0.6489297747612
YMR223W,YBL061C,0,-0.3953357,0.1327185183763504,0.9910179376602173,0.6490297913551331
YPR164W,YNR075W,0,-0.39633095,0.13270078599452972,0.9910179376602173,0.6491298079490662
YLR025W,YMR200W,0,-0.3967784,0.13268305361270905,0.9910179376602173,0.6492298245429993
YBR203W,YKL189W,0,-0.39783657,0.13266533613204956,0.9910179376602173,0.6493298411369324
YBR006W,YOR044W,0,-0.39820164,0.13264760375022888,0.9910179376602173,0.6494298577308655
YOR047C,YHL013C,0,-0.39847636,0.1326298862695694,0.9910179376602173,0.6495299339294434
YGL122C,YDL058W,0,-0.3985254,0.1326121836900711,0.9910179376602173,0.6496299505233765
YHR116W,YOL030W,0,-0.3992629,0.13259446620941162,0.9910179376602173,0.6497299671173096
YIL099W,YDR347W,0,-0.39926755,0.13257676362991333,0.9910179376602173,0.6498299837112427
YNL281W,YHR099W,0,-0.39964825,0.13255907595157623,0.9910179376602173,0.6499300003051758
YBR010W,YGR203W,0,-0.39973894,0.13254137337207794,0.9910179376602173,0.6500300168991089
YER104W,YPR011C,0,-0.40043575,0.13252368569374084,0.9910179376602173,0.650130033493042
YOR256C,YIL172C,0,-0.40061116,0.13250599801540375,0.9910179376602173,0.6502300500869751
YDL147W,YKL163W,0,-0.4012854,0.13248832523822784,0.9910179376602173,0.6503300666809082
YDR498C,YLR320W,0,-0.40134344,0.13247065246105194,0.9910179376602173,0.6504300832748413
YHL008C,YOL138C,0,-0.40231782,0.13245297968387604,0.9910179376602173,0.6505300998687744
YOR301W,YMR182C,0,-0.40297812,0.13243532180786133,0.9910179376602173,0.6506301164627075
YLR100W,YDR294C,0,-0.40318653,0.13241764903068542,0.9910179376602173,0.6507301330566406
YIR013C,YML042W,0,-0.40398464,0.1324000060558319,0.9910179376602173,0.6508301496505737
YKL205W,YOR127W,0,-0.404092,0.1323823481798172,0.9910179376602173,0.6509301662445068
YBR009C,YGL046W,0,-0.40427113,0.13236470520496368,0.9910179376602173,0.6510301828384399
YJL010C,YMR264W,0,-0.40477562,0.13234706223011017,0.9910179376602173,0.651130199432373
YLR080W,YNR040W,0,-0.4049893,0.13232941925525665,0.9910179376602173,0.6512302756309509
YLR121C,YBR057C,0,-0.4050036,0.13231179118156433,0.9910179376602173,0.651330292224884
YGR256W,YHR082C,0,-0.40558493,0.132294163107872,0.9910179376602173,0.6514303088188171
YIL002C,YMR127C,0,-0.40569854,0.1322765350341797,0.9910179376602173,0.6515303254127502
YNL083W,YGR037C,0,-0.40583038,0.13225892186164856,0.9910179376602173,0.6516303420066833
YLR172C,YAR071W,0,-0.40588123,0.13224130868911743,0.9910179376602173,0.6517303586006165
YDL085W,YOL060C,0,-0.40722215,0.1322236955165863,0.9910179376602173,0.6518303751945496
YDR101C,YOL152W,0,-0.40734392,0.13220609724521637,0.9910179376602173,0.6519303917884827
YLR047C,YGL120C,0,-0.4082221,0.13218849897384644,0.9910179376602173,0.6520304083824158
YDR281C,YDL194W,0,-0.40877938,0.1321709007024765,0.9910179376602173,0.6521304249763489
YML007W,YGR135W,0,-0.40914267,0.13215331733226776,0.9910179376602173,0.652230441570282
YKR019C,YGR186W,0,-0.41015324,0.13213573396205902,0.9910179376602173,0.6523304581642151
YLR204W,YPL069C,0,-0.41088587,0.13211815059185028,0.9910179376602173,0.6524304747581482
YOR212W,YER014C-A,0,-0.41089222,0.13210056722164154,0.9910179376602173,0.6525304913520813
YHR112C,YKL038W,0,-0.4112779,0.132082998752594,0.9910179376602173,0.6526305079460144
YDR252W,YBR258C,0,-0.41186768,0.13206543028354645,0.9910179376602173,0.6527305245399475
YPL086C,YBR201W,0,-0.41251707,0.1320478767156601,0.9910179376602173,0.6528305411338806
YDL049C,YPR191W,0,-0.4125269,0.13203030824661255,0.9910179376602173,0.6529305577278137
YOR222W,YDR383C,0,-0.41264728,0.1320127695798874,0.9910179376602173,0.6530306339263916
YIL040W,YNL272C,0,-0.41297007,0.13199521601200104,0.9910179376602173,0.6531306505203247
YMR201C,YCR011C,0,-0.413539,0.13197767734527588,0.9910179376602173,0.6532306671142578
YPL113C,YMR180C,0,-0.4140185,0.13196013867855072,0.9910179376602173,0.6533306837081909
YGR186W,YEL002C,0,-0.41413286,0.13194260001182556,0.9910179376602173,0.653430700302124
YGR027W-B,YCL036W,0,-0.41469622,0.1319250762462616,0.9910179376602173,0.6535307168960571
YJR063W,YBL066C,0,-0.41540417,0.13190755248069763,0.9910179376602173,0.6536307334899902
YBR161W,YBR230C,0,-0.41560042,0.13189002871513367,0.9910179376602173,0.6537307500839233
YDR138W,YOL105C,0,-0.41569632,0.1318725049495697,0.9910179376602173,0.6538307666778564
YJL087C,YDR519W,0,-0.41586095,0.13185499608516693,0.9910179376602173,0.6539307832717896
YDL101C,YKL130C,0,-0.41588426,0.13183748722076416,0.9910179376602173,0.6540307998657227
YGR118W,YBR155W,0,-0.4159013,0.13181999325752258,0.9910179376602173,0.6541308164596558
YAR003W,YMR099C,0,-0.41644412,0.131802499294281,0.9910179376602173,0.6542308330535889
YOR328W,YGL205W,0,-0.4168201,0.13178500533103943,0.9910179376602173,0.654330849647522
YNR020C,YJR159W,0,-0.41718245,0.13176751136779785,0.9910179376602173,0.6544308662414551
YKR086W,YDR128W,0,-0.4173895,0.13175003230571747,0.9910179376602173,0.6545308828353882
YBR243C,YBR280C,0,-0.4175455,0.13173255324363708,0.9910179376602173,0.6546308994293213
YDR363W,YPR194C,0,-0.4179442,0.1317150741815567,0.9910179376602173,0.6547309756278992
YLR186W,YLL040C,0,-0.41859362,0.1316976100206375,0.9910179376602173,0.6548309922218323
YNL088W,YMR227C,0,-0.41892773,0.13168014585971832,0.9910179376602173,0.6549310088157654
YBR014C,YMR088C,0,-0.41921657,0.13166268169879913,0.9910179376602173,0.6550310254096985
YMR176W,YIL010W,0,-0.41965914,0.13164523243904114,0.9910179376602173,0.6551310420036316
YDR457W,YKL100C,0,-0.41994375,0.13162778317928314,0.9910179376602173,0.6552310585975647
YLL055W,YEL030W,0,-0.41999817,0.13161033391952515,0.9910179376602173,0.6553310751914978
YOL110W,YFL010W-A,0,-0.42055812,0.13159289956092834,0.9910179376602173,0.6554310917854309
YEL053C,YIL129C,0,-0.42074203,0.13157546520233154,0.9910179376602173,0.655531108379364
YFL018C,YNL032W,0,-0.42097783,0.13155803084373474,0.9910179376602173,0.6556311249732971
YBR074W,YDR479C,0,-0.42109084,0.13154059648513794,0.9910179376602173,0.6557311415672302
YJL010C,YOR279C,0,-0.4214384,0.13152317702770233,0.9910179376602173,0.6558311581611633
YLR265C,YML019W,0,-0.4220758,0.13150575757026672,0.9910179376602173,0.6559311747550964
YPR168W,YDL165W,0,-0.42221564,0.1314883530139923,0.9910179376602173,0.6560311913490295
YJR033C,YIL072W,0,-0.42233115,0.1314709335565567,0.9910179376602173,0.6561312079429626
YGL130W,YPR021C,0,-0.42255566,0.1314535290002823,0.9910179376602173,0.6562312245368958
YMR136W,YDR270W,0,-0.42328382,0.13143613934516907,0.9910179376602173,0.6563312411308289
YOR083W,YMR307W,0,-0.42342037,0.13141873478889465,0.9910179376602173,0.656431257724762
YDR353W,YDR465C,0,-0.42360136,0.13140134513378143,0.9910179376602173,0.6565313339233398
YML063W,YDL040C,0,-0.423694,0.1313839703798294,0.9910179376602173,0.656631350517273
YJL148W,YLL005C,0,-0.4240639,0.1313665807247162,0.9910179376602173,0.656731367111206
YGR192C,YGR038W,0,-0.42413667,0.13134920597076416,0.9910179376602173,0.6568313837051392
YOL057W,YLR344W,0,-0.42434478,0.13133183121681213,0.9910179376602173,0.6569314002990723
YNL220W,YDR086C,0,-0.42469376,0.1313144713640213,0.9910179376602173,0.6570314168930054
YDR033W,YDR283C,0,-0.42537308,0.13129711151123047,0.9910179376602173,0.6571314334869385
YLR174W,YIL171W,0,-0.42759612,0.13127975165843964,0.9910179376602173,0.6572314500808716
YLR228C,YGL124C,0,-0.42775306,0.1312623918056488,0.9910179376602173,0.6573314666748047
YFR028C,YGL017W,0,-0.42801586,0.13124504685401917,0.9910179376602173,0.6574314832687378
YJL087C,YMR288W,0,-0.42853957,0.13122770190238953,0.9910179376602173,0.6575314998626709
YPL281C,YLR364W,0,-0.42910907,0.1312103569507599,0.9910179376602173,0.657631516456604
YIL041W,YDL214C,0,-0.42929226,0.13119302690029144,0.9910179376602173,0.6577315330505371
YNL049C,YBR227C,0,-0.42940384,0.131175696849823,0.9910179376602173,0.6578315496444702
YLR275W,YNL244C,0,-0.42983526,0.13115836679935455,0.9910179376602173,0.6579315662384033
YAR003W,YJR107W,0,-0.43002197,0.1311410516500473,0.9910179376602173,0.6580315828323364
YHR034C,YHR161C,0,-0.43064123,0.13112372159957886,0.9910179376602173,0.6581315994262695
YKL143W,YDR117C,0,-0.4309327,0.1311064213514328,0.9910179376602173,0.6582316756248474
YBR152W,YDR352W,0,-0.43266457,0.13108910620212555,0.9910179376602173,0.6583316922187805
YBR055C,YDR364C,0,-0.432897,0.1310718059539795,0.9910179376602173,0.6584317088127136
YKL146W,YMR290C,0,-0.43294668,0.13105450570583344,0.9910179376602173,0.6585317254066467
YDR064W,YPL217C,0,-0.43307444,0.13103722035884857,0.9910179376602173,0.6586317420005798
YEL070W,YER051W,0,-0.4333129,0.13101992011070251,0.9910179376602173,0.6587317585945129
YDR229W,YPR127W,0,-0.43335408,0.13100263476371765,0.9910179376602173,0.658831775188446
YIL135C,YCR098C,0,-0.4335065,0.13098536431789398,0.9910179376602173,0.6589317917823792
YGL209W,YDR477W,0,-0.433793,0.13096807897090912,0.9910179376602173,0.6590318083763123
YIR013C,YDR346C,0,-0.4344862,0.13095080852508545,0.9910179376602173,0.6591318249702454
YDR531W,YNL223W,0,-0.43452314,0.13093353807926178,0.9910179376602173,0.6592318415641785
YER144C,YMR099C,0,-0.4346028,0.1309162825345993,0.9910179376602173,0.6593318581581116
YGR256W,YGL079W,0,-0.43470225,0.13089902698993683,0.9910179376602173,0.6594318747520447
YGR118W,YIL006W,0,-0.43480903,0.13088177144527435,0.9910179376602173,0.6595318913459778
YFR036W,YNL245C,0,-0.43507904,0.13086451590061188,0.9910179376602173,0.6596319079399109
YJL050W,YBR296C,0,-0.43678552,0.1308472752571106,0.9910179376602173,0.659731924533844
YGL168W,YDL231C,0,-0.43712896,0.13083003461360931,0.9910179376602173,0.6598319411277771
YIR017C,YBR057C,0,-0.43722504,0.13081280887126923,0.9910179376602173,0.6599319577217102
YOL058W,YLR441C,0,-0.4372263,0.13079556822776794,0.9910179376602173,0.6600320339202881
YMR136W,YBR020W,0,-0.4377131,0.13077834248542786,0.9910179376602173,0.6601320505142212
YOR212W,YPL051W,0,-0.4377188,0.13076113164424896,0.9910179376602173,0.6602320671081543
YOR219C,YLR205C,0,-0.4382904,0.13074390590190887,0.9910179376602173,0.6603320837020874
YCL045C,YDR486C,0,-0.43861127,0.13072669506072998,0.9910179376602173,0.6604321002960205
YAL038W,YDR452W,0,-0.43877012,0.1307094842195511,0.9910179376602173,0.6605321168899536
YOR317W,YBR241C,0,-0.43877372,0.1306922882795334,0.9910179376602173,0.6606321334838867
YNR057C,YBL026W,0,-0.43908444,0.13067509233951569,0.9910179376602173,0.6607321500778198
YGL125W,YGL134W,0,-0.43920356,0.13065789639949799,0.9910179376602173,0.6608321666717529
YNL139C,YPL162C,0,-0.4392165,0.13064070045948029,0.9910179376602173,0.660932183265686
YPL148C,YOL152W,0,-0.43939003,0.13062351942062378,0.9910179376602173,0.6610321998596191
YMR061W,YDL006W,0,-0.43959737,0.13060633838176727,0.9910179376602173,0.6611322164535522
YOR293W,YLL012W,0,-0.43990716,0.13058915734291077,0.9910179376602173,0.6612322330474854
YDL083C,YDR351W,0,-0.44083765,0.13057199120521545,0.9910179376602173,0.6613322496414185
YLR138W,YJL210W,0,-0.4415076,0.13055482506752014,0.9910179376602173,0.6614322662353516
YFR028C,YGL135W,0,-0.44171274,0.13053765892982483,0.9910179376602173,0.6615322828292847
YML130C,YPR127W,0,-0.44184583,0.1305205076932907,0.9910179376602173,0.6616322994232178
YCR054C,YPL122C,0,-0.4420122,0.1305033564567566,0.9910179376602173,0.6617323756217957
YEL047C,YBR182C,0,-0.44348446,0.13048620522022247,0.9910179376602173,0.6618323922157288
YMR078C,YGR215W,0,-0.4435079,0.13046905398368835,0.9910179376602173,0.6619324088096619
YFL001W,YDL174C,0,-0.44352043,0.13045191764831543,0.9910179376602173,0.662032425403595
YHR112C,YNR061C,0,-0.44385943,0.1304347813129425,0.9910179376602173,0.6621324419975281
YBR244W,YER153C,0,-0.44422144,0.13041764497756958,0.9910179376602173,0.6622324585914612
YGL183C,YDR144C,0,-0.44470203,0.13040052354335785,0.9910179376602173,0.6623324751853943
YDR453C,YDL004W,0,-0.44493455,0.13038340210914612,0.9910179376602173,0.6624324917793274
YKL198C,YNL067W,0,-0.44508177,0.1303662806749344,0.9910179376602173,0.6625325083732605
YOL108C,YDL107W,0,-0.4453172,0.13034917414188385,0.9910179376602173,0.6626325249671936
YKR030W,YNL217W,0,-0.44660902,0.1303320676088333,0.9910179376602173,0.6627325415611267
YCL057W,YDR534C,0,-0.44688654,0.13031496107578278,0.9910179376602173,0.6628325581550598
YGR154C,YPL202C,0,-0.44880813,0.13029785454273224,0.9910179376602173,0.6629325747489929
YHR092C,YDR488C,0,-0.44882178,0.1302807629108429,0.9910179376602173,0.663032591342926
YDL222C,YHR016C,1,-0.44906223,0.1303948611021042,0.9920159578323364,0.663032591342926
YJR126C,YDR191W,0,-0.450084,0.13037775456905365,0.9920159578323364,0.6631326079368591
YMR087W,YFL052W,0,-0.4501098,0.1303606629371643,0.9920159578323364,0.6632326245307922
YPL055C,YDL060W,0,-0.45069373,0.13034355640411377,0.9920159578323364,0.6633326411247253
YLR357W,YPL020C,0,-0.4514314,0.13032646477222443,0.9920159578323364,0.6634326577186584
YPL231W,YER137C,0,-0.4517426,0.13030938804149628,0.9920159578323364,0.6635327339172363
YOR100C,YMR023C,0,-0.4523091,0.13029231131076813,0.9920159578323364,0.6636327505111694
YOR322C,YBR166C,0,-0.4533022,0.13027523458003998,0.9920159578323364,0.6637327671051025
YNL131W,YOR243C,0,-0.45378944,0.13025815784931183,0.9920159578323364,0.6638327836990356
YGL013C,YGR091W,0,-0.45447218,0.13024109601974487,0.9920159578323364,0.6639328002929688
YLR126C,YDR394W,0,-0.4551585,0.13022403419017792,0.9920159578323364,0.6640328168869019
YOR124C,YOL027C,0,-0.45541447,0.13020697236061096,0.9920159578323364,0.664132833480835
YML015C,YMR244C-A,0,-0.45548797,0.130189910531044,0.9920159578323364,0.6642328500747681
YJL148W,YNR027W,0,-0.45590228,0.13017286360263824,0.9920159578323364,0.6643328666687012
YLR406C,YPL200W,0,-0.45614594,0.13015581667423248,0.9920159578323364,0.6644328832626343
YGR184C,YHR065C,0,-0.45619947,0.13013878464698792,0.9920159578323364,0.6645328998565674
YLR216C,YOR389W,0,-0.45644045,0.13012173771858215,0.9920159578323364,0.6646329164505005
YGR268C,YOR371C,0,-0.4565159,0.13010470569133759,0.9920159578323364,0.6647329330444336
YDR088C,YKL199C,0,-0.45659524,0.1300876885652542,0.9920159578323364,0.6648329496383667
YPR020W,YER138C,0,-0.45666176,0.13007065653800964,0.9920159578323364,0.6649329662322998
YNL113W,YDR446W,0,-0.45760164,0.13005363941192627,0.9920159578323364,0.6650329828262329
YBR058C-A,YIL093C,0,-0.4579361,0.1300366371870041,0.9920159578323364,0.665132999420166
YDR163W,YGR195W,0,-0.45804948,0.13001962006092072,0.9920159578323364,0.6652330756187439
YLR096W,YJL171C,0,-0.45873854,0.13000261783599854,0.9920159578323364,0.665333092212677
YER001W,YDL045W-A,0,-0.4588219,0.12998561561107635,0.9920159578323364,0.6654331088066101
YJL097W,YOL043C,0,-0.459063,0.12996861338615417,0.9920159578323364,0.6655331254005432
YBR216C,YOR355W,0,-0.45911753,0.1299516260623932,0.9920159578323364,0.6656331419944763
YKR097W,YPL181W,0,-0.45952076,0.1299346387386322,0.9920159578323364,0.6657331585884094
YBR087W,YHR116W,0,-0.45969397,0.12991765141487122,0.9920159578323364,0.6658331751823425
YOR346W,YLR176C,0,-0.46053305,0.12990067899227142,0.9920159578323364,0.6659331917762756
YDL099W,YBR175W,0,-0.46053955,0.12988370656967163,0.9920159578323364,0.6660332083702087
YNL197C,YFL034C-B,0,-0.46127096,0.12986673414707184,0.9920159578323364,0.6661332249641418
YDR492W,YGR087C,0,-0.46132416,0.12984977662563324,0.9920159578323364,0.666233241558075
YGL229C,YMR293C,0,-0.4620509,0.12983280420303345,0.9920159578323364,0.6663332581520081
YKL086W,YOL030W,0,-0.4622867,0.12981586158275604,0.9920159578323364,0.6664332747459412
YOR257W,YHR098C,0,-0.4623486,0.12979890406131744,0.9920159578323364,0.6665332913398743
YHL012W,YBR067C,0,-0.46244603,0.12978196144104004,0.9920159578323364,0.6666333079338074
YMR193W,YJL164C,0,-0.46284312,0.12976501882076263,0.9920159578323364,0.6667333245277405
YJL079C,YBR079C,0,-0.4632211,0.12974807620048523,0.9920159578323364,0.6668333411216736
YAL016W,YLR153C,0,-0.4634652,0.12973113358020782,0.9920159578323364,0.6669333577156067
YNL131W,YMR239C,0,-0.46370372,0.1297142058610916,0.9920159578323364,0.6670334339141846
YDR342C,YDL085W,0,-0.4638571,0.1296972930431366,0.9920159578323364,0.6671334505081177
YMR224C,YGL046W,0,-0.46426848,0.12968036532402039,0.9920159578323364,0.6672334671020508
YPR182W,YDR497C,0,-0.4647696,0.12966345250606537,0.9920159578323364,0.6673334836959839
YGR206W,YDL004W,0,-0.4648252,0.12964653968811035,0.9920159578323364,0.667433500289917
YOR375C,YKL146W,0,-0.4650219,0.12962962687015533,0.9920159578323364,0.6675335168838501
YDL074C,YMR036C,0,-0.4658195,0.1296127289533615,0.9920159578323364,0.6676335334777832
YIL083C,YOL151W,0,-0.46604043,0.1295958310365677,0.9920159578323364,0.6677335500717163
YKL020C,YMR176W,0,-0.46621478,0.12957893311977386,0.9920159578323364,0.6678335666656494
YDL166C,YHR112C,0,-0.46694386,0.12956205010414124,0.9920159578323364,0.6679335832595825
YDL074C,YHR063C,0,-0.46730858,0.1295451521873474,0.9920159578323364,0.6680335998535156
YOR270C,YDL180W,0,-0.4677484,0.12952828407287598,0.9920159578323364,0.6681336164474487
YMR193W,YDR423C,0,-0.4682837,0.12951140105724335,0.9920159578323364,0.6682336330413818
YGL166W,YPL181W,0,-0.468575,0.1294945329427719,0.9920159578323364,0.6683336496353149
YBR006W,YDR352W,0,-0.468603,0.12947766482830048,0.9920159578323364,0.668433666229248
YLR029C,YCL018W,0,-0.4701055,0.12946079671382904,0.9920159578323364,0.6685336828231812
YJL073W,YNR032W,0,-0.4701135,0.1294439435005188,0.9920159578323364,0.6686336994171143
YEL055C,YFL054C,0,-0.47036567,0.12942709028720856,0.9920159578323364,0.6687337756156921
YLR408C,YDR293C,0,-0.47048768,0.12941023707389832,0.9920159578323364,0.6688337922096252
YLR388W,YJL225C,0,-0.47049034,0.12939338386058807,0.9920159578323364,0.6689338088035583
YDR006C,YLR138W,0,-0.4710504,0.12937654554843903,0.9920159578323364,0.6690338253974915
YNL259C,YLR154C,0,-0.47165018,0.12935970723628998,0.9920159578323364,0.6691338419914246
YNL087W,YJR152W,0,-0.47200158,0.12934286892414093,0.9920159578323364,0.6692338585853577
YGL169W,YOR327C,0,-0.47208196,0.12932604551315308,0.9920159578323364,0.6693338751792908
YNL135C,YBR186W,0,-0.47318938,0.12930922210216522,0.9920159578323364,0.6694338917732239
YLR320W,YJR036C,0,-0.47319025,0.12929239869117737,0.9920159578323364,0.669533908367157
YNL330C,YGL163C,0,-0.47347188,0.1292755901813507,0.9920159578323364,0.6696339249610901
YNL112W,YMR168C,0,-0.4738053,0.12925878167152405,0.9920159578323364,0.6697339415550232
YBR067C,YDR158W,0,-0.4747234,0.1292419731616974,0.9920159578323364,0.6698339581489563
YBR297W,YCL026C-A,0,-0.4749683,0.12922516465187073,0.9920159578323364,0.6699339747428894
YKL015W,YMR282C,0,-0.47537652,0.12920837104320526,0.9920159578323364,0.6700339913368225
YMR122W-A,YJR094W-A,0,-0.47564992,0.1291915774345398,0.9920159578323364,0.6701340079307556
YJR097W,YGL103W,0,-0.4757253,0.12917478382587433,0.9920159578323364,0.6702340245246887
YNL146W,YML062C,0,-0.47595784,0.12915800511837006,0.9920159578323364,0.6703340411186218
YLR329W,YGL130W,0,-0.47597113,0.12914122641086578,0.9920159578323364,0.6704340577125549
YBL068W,YLR373C,0,-0.47632754,0.1291244477033615,0.9920159578323364,0.6705341339111328
YBL054W,YOR073W,0,-0.47713086,0.12910766899585724,0.9920159578323364,0.6706341505050659
YKR059W,YGL179C,0,-0.47727868,0.12909090518951416,0.9920159578323364,0.670734167098999
YAR066W,YOL019W,0,-0.47753137,0.12907414138317108,0.9920159578323364,0.6708341836929321
YGR206W,YBR022W,0,-0.4782401,0.1290573924779892,0.9920159578323364,0.6709342002868652
YDR081C,YKL199C,0,-0.47950205,0.12904062867164612,0.9920159578323364,0.6710342168807983
YER058W,YDR414C,0,-0.4796293,0.12902387976646423,0.9920159578323364,0.6711342334747314
YML075C,YPL111W,0,-0.4801309,0.12900713086128235,0.9920159578323364,0.6712342500686646
YKL171W,YPR163C,0,-0.48024228,0.12899039685726166,0.9920159578323364,0.6713342666625977
YBL017C,YEL077C,0,-0.4803292,0.12897366285324097,0.9920159578323364,0.6714342832565308
YNL154C,YHR101C,0,-0.48045123,0.12895692884922028,0.9920159578323364,0.6715342998504639
YER091C,YGL134W,0,-0.48091924,0.12894019484519958,0.9920159578323364,0.671634316444397
YCR053W,YNL032W,0,-0.48188156,0.1289234757423401,0.9920159578323364,0.6717343330383301
YNL007C,YNL073W,0,-0.4819854,0.1289067566394806,0.9920159578323364,0.6718343496322632
YPL050C,YPR187W,0,-0.48224905,0.1288900375366211,0.9920159578323364,0.6719343662261963
YNL053W,YDR382W,0,-0.48230755,0.1288733333349228,0.9920159578323364,0.6720343828201294
YLR237W,YPL237W,0,-0.48233324,0.1288566291332245,0.9920159578323364,0.6721343994140625
YHR008C,YDR082W,0,-0.48281357,0.12883992493152618,0.9920159578323364,0.6722344756126404
YDR448W,YCR014C,0,-0.4828633,0.12882322072982788,0.9920159578323364,0.6723344922065735
YIR036C,YHR012W,0,-0.48356882,0.12880653142929077,0.9920159578323364,0.6724345088005066
YDL141W,YOR202W,0,-0.48445195,0.12878984212875366,0.9920159578323364,0.6725345253944397
YDR123C,YDL059C,0,-0.4853674,0.12877315282821655,0.9920159578323364,0.6726345419883728
YIL160C,YLL036C,0,-0.48551682,0.12875647842884064,0.9920159578323364,0.6727345585823059
YDL232W,YDL153C,0,-0.48597708,0.12873980402946472,0.9920159578323364,0.672834575176239
YDR103W,YDR267C,0,-0.48613372,0.1287231296300888,0.9920159578323364,0.6729345917701721
YLR340W,YDR405W,0,-0.4869056,0.1287064552307129,0.9920159578323364,0.6730346083641052
YER104W,YIL168W,0,-0.4871558,0.12868979573249817,0.9920159578323364,0.6731346249580383
YLR318W,YBR207W,0,-0.4874422,0.12867313623428345,0.9920159578323364,0.6732346415519714
YDR172W,YGL131C,0,-0.4874511,0.12865649163722992,0.9920159578323364,0.6733346581459045
YPR066W,YPL167C,0,-0.48802385,0.1286398321390152,0.9920159578323364,0.6734346747398376
YDL061C,YMR097C,0,-0.48814765,0.12862318754196167,0.9920159578323364,0.6735346913337708
YER087C-B,YLR116W,0,-0.48825642,0.12860654294490814,0.9920159578323364,0.6736347079277039
YNL242W,YJL063C,0,-0.4884443,0.1285899132490158,0.9920159578323364,0.673734724521637
YMR143W,YHR160C,0,-0.4885727,0.12857328355312347,0.9920159578323364,0.6738347411155701
YNL088W,YER096W,0,-0.4885931,0.12855665385723114,0.9920159578323364,0.6739347577095032
YMR303C,YNR075W,0,-0.48866293,0.1285400241613388,0.9920159578323364,0.674034833908081
YJL136C,YNL206C,0,-0.48870158,0.12852340936660767,0.9920159578323364,0.6741348505020142
YNR004W,YOR149C,0,-0.4891919,0.12850679457187653,0.9920159578323364,0.6742348670959473
YNL202W,YLR086W,0,-0.48997912,0.12849017977714539,0.9920159578323364,0.6743348836898804
YOL137W,YLR145W,0,-0.49053863,0.12847356498241425,0.9920159578323364,0.6744349002838135
YDL015C,YGL003C,0,-0.49062067,0.1284569650888443,0.9920159578323364,0.6745349168777466
YDL043C,YJL172W,0,-0.49096048,0.12844036519527435,0.9920159578323364,0.6746349334716797
YBR093C,YNR075W,0,-0.49190995,0.1284237653017044,0.9920159578323364,0.6747349500656128
YPL016W,YGL222C,0,-0.49381387,0.12840718030929565,0.9920159578323364,0.6748349666595459
YFR007W,YML080W,0,-0.49386185,0.1283905953168869,0.9920159578323364,0.674934983253479
YAL020C,YLL022C,0,-0.49425828,0.12837401032447815,0.9920159578323364,0.6750349998474121
YIL073C,YDL080C,0,-0.49478394,0.1283574402332306,0.9920159578323364,0.6751350164413452
YOR304W,YNL049C,0,-0.4948773,0.12834087014198303,0.9920159578323364,0.6752350330352783
YBR275C,YMR159C,0,-0.49550098,0.12832430005073547,0.9920159578323364,0.6753350496292114
YOL031C,YMR150C,0,-0.49592477,0.12830772995948792,0.9920159578323364,0.6754350662231445
YKR081C,YGL022W,0,-0.49670354,0.12829117476940155,0.9920159578323364,0.6755350828170776
YDL155W,YPL236C,0,-0.49740565,0.12827461957931519,0.9920159578323364,0.6756350994110107
YPL064C,YGL174W,0,-0.49744925,0.12825806438922882,0.9920159578323364,0.6757351756095886
YHR153C,YHR094C,0,-0.49764615,0.12824152410030365,0.9920159578323364,0.6758351922035217
YPL119C,YMR179W,0,-0.4989088,0.12822496891021729,0.9920159578323364,0.6759352087974548
YDR421W,YBR244W,0,-0.4989924,0.12820842862129211,0.9920159578323364,0.6760352253913879
YPL275W,YDL155W,0,-0.49914584,0.12819190323352814,0.9920159578323364,0.676135241985321
YCL063W,YOR194C,0,-0.50017655,0.12817537784576416,0.9920159578323364,0.6762352585792542
YHL033C,YML006C,0,-0.50029814,0.128158837556839,0.9920159578323364,0.6763352751731873
YDL115C,YBR077C,0,-0.5006652,0.1281423270702362,0.9920159578323364,0.6764352917671204
YDL205C,YML005W,0,-0.5019356,0.12812580168247223,0.9920159578323364,0.6765353083610535
YIR005W,YHR065C,0,-0.50204706,0.12810929119586945,0.9920159578323364,0.6766353249549866
YML034W,YOR020C,0,-0.5021859,0.12809278070926666,0.9920159578323364,0.6767353415489197
YFR042W,YOL152W,0,-0.50264263,0.12807628512382507,0.9920159578323364,0.6768353581428528
YKL053C-A,YBR057C,0,-0.5027746,0.1280597746372223,0.9920159578323364,0.6769353747367859
YOR210W,YLR329W,0,-0.50320053,0.1280432790517807,0.9920159578323364,0.677035391330719
YGL029W,YER124C,0,-0.50326073,0.1280267834663391,0.9920159578323364,0.6771354079246521
YDL108W,YLR164W,0,-0.50470495,0.12801030278205872,0.9920159578323364,0.6772354245185852
YPL108W,YHR094C,0,-0.5048171,0.12799382209777832,0.9920159578323364,0.6773354411125183
YBR244W,YGL186C,0,-0.5051331,0.12797734141349792,0.9920159578323364,0.6774354577064514
YER091C,YGR112W,0,-0.50552833,0.12796086072921753,0.9920159578323364,0.6775355339050293
YCR003W,YNL339C,0,-0.5055661,0.12794439494609833,0.9920159578323364,0.6776355504989624
YOR230W,YGL185C,0,-0.50586766,0.12792792916297913,0.9920159578323364,0.6777355670928955
YER173W,YGL068W,0,-0.5064916,0.12791146337985992,0.9920159578323364,0.6778355836868286
YIR037W,YOR339C,0,-0.5067241,0.12789501249790192,0.9920159578323364,0.6779356002807617
YIL021W,YDL197C,0,-0.5069572,0.12787854671478271,0.9920159578323364,0.6780356168746948
YOL072W,YHR016C,0,-0.5071564,0.1278621107339859,0.9920159578323364,0.6781356334686279
YLR127C,YHR116W,0,-0.5072421,0.1278456598520279,0.9920159578323364,0.678235650062561
YKR018C,YGR012W,0,-0.50766337,0.12782922387123108,0.9920159578323364,0.6783356666564941
YBR040W,YFL052W,0,-0.50782335,0.12781278789043427,0.9920159578323364,0.6784356832504272
YBR172C,YKL170W,0,-0.5079005,0.12779635190963745,0.9920159578323364,0.6785356998443604
YGR006W,YHR196W,0,-0.5079012,0.12777991592884064,0.9920159578323364,0.6786357164382935
YPL268W,YHR196W,0,-0.5080339,0.12776349484920502,0.9920159578323364,0.6787357330322266
YDR163W,YGR144W,0,-0.508503,0.1277470737695694,0.9920159578323364,0.6788357496261597
YOL127W,YIL094C,0,-0.508862,0.12773066759109497,0.9920159578323364,0.6789357662200928
YIL129C,YKR046C,0,-0.5094203,0.12771424651145935,0.9920159578323364,0.6790357828140259
YDR465C,YCR083W,0,-0.5096941,0.12769784033298492,0.9920159578323364,0.679135799407959
YNR021W,YLL019C,0,-0.51003766,0.1276814341545105,0.9920159578323364,0.6792358756065369
YOL066C,YJL143W,0,-0.5104635,0.12766504287719727,0.9920159578323364,0.67933589220047
YDR279W,YOR080W,0,-0.51134336,0.12764865159988403,0.9920159578323364,0.6794359087944031
YEL042W,YMR194W,0,-0.5116199,0.1276322603225708,0.9920159578323364,0.6795359253883362
YDR088C,YGL089C,0,-0.5116367,0.12761586904525757,0.9920159578323364,0.6796359419822693
YMR176W,YGR067C,0,-0.51177347,0.12759949266910553,0.9920159578323364,0.6797359585762024
YLR073C,YGR268C,0,-0.51208454,0.1275831013917923,0.9920159578323364,0.6798359751701355
YJL117W,YLR439W,0,-0.51246,0.12756673991680145,0.9920159578323364,0.6799359917640686
YFR029W,YDR196C,0,-0.51258177,0.12755036354064941,0.9920159578323364,0.6800360083580017
YCR033W,YGL131C,0,-0.5131111,0.12753400206565857,0.9920159578323364,0.6801360249519348
YDL226C,YBR061C,0,-0.51409614,0.12751764059066772,0.9920159578323364,0.6802360415458679
YER087W,YOL090W,0,-0.5144961,0.12750127911567688,0.9920159578323364,0.680336058139801
YPL190C,YPL151C,0,-0.51459056,0.12748493254184723,0.9920159578323364,0.6804360747337341
YBL050W,YBL101C,0,-0.5147133,0.12746858596801758,0.9920159578323364,0.6805360913276672
YLL009C,YFR052W,0,-0.51493233,0.12745223939418793,0.9920159578323364,0.6806361079216003
YNL124W,YPL236C,0,-0.5155412,0.12743589282035828,0.9920159578323364,0.6807361245155334
YNL209W,YMR227C,0,-0.516204,0.12741956114768982,0.9920159578323364,0.6808361411094666
YJR014W,YMR210W,0,-0.5165136,0.12740322947502136,0.9920159578323364,0.6809361577033997
YGL155W,YOR150W,0,-0.5167687,0.1273868978023529,0.9920159578323364,0.6810362339019775
YJL065C,YEL030W,0,-0.5169357,0.12737058103084564,0.9920159578323364,0.6811362504959106
YDR408C,YML027W,0,-0.51702523,0.12735426425933838,0.9920159578323364,0.6812362670898438
YLR032W,YLR449W,0,-0.51748675,0.12733794748783112,0.9920159578323364,0.6813362836837769
YLR099C,YMR113W,0,-0.517612,0.12732163071632385,0.9920159578323364,0.68143630027771
YFL002W-B,YNR040W,0,-0.5176698,0.12730532884597778,0.9920159578323364,0.6815363168716431
YDL014W,YNL099C,0,-0.51767206,0.1272890269756317,0.9920159578323364,0.6816363334655762
YJR103W,YDL184C,0,-0.51923084,0.12727272510528564,0.9920159578323364,0.6817363500595093
YPR194C,YPR190C,0,-0.51968324,0.12725643813610077,0.9920159578323364,0.6818363666534424
YBL009W,YHR107C,0,-0.5212054,0.1272401362657547,0.9920159578323364,0.6819363832473755
YBL039C,YJL138C,0,-0.5214577,0.12722386419773102,0.9920159578323364,0.6820363998413086
YGR023W,YJR032W,0,-0.5217489,0.12720757722854614,0.9920159578323364,0.6821364164352417
YCR024C-A,YNR036C,0,-0.52325827,0.12719130516052246,0.9920159578323364,0.6822364330291748
YOR140W,YDR330W,0,-0.5233635,0.12717501819133759,0.9920159578323364,0.6823364496231079
YOR388C,YLR116W,0,-0.52336705,0.1271587610244751,0.9920159578323364,0.682436466217041
YOR074C,YKL213C,0,-0.5236381,0.12714248895645142,0.9920159578323364,0.6825364828109741
YDL103C,YGL106W,0,-0.52368665,0.12712623178958893,0.9920159578323364,0.6826364994049072
YPR030W,YOR095C,0,-0.52372694,0.12710997462272644,0.9920159578323364,0.6827365756034851
YGR048W,YMR180C,0,-0.52470315,0.12709371745586395,0.9920159578323364,0.6828365921974182
YDR339C,YDR451C,0,-0.5257542,0.12707747519016266,0.9920159578323364,0.6829366087913513
YDL022W,YHR091C,0,-0.52643895,0.12706123292446136,0.9920159578323364,0.6830366253852844
YPL074W,YHR016C,1,-0.5264888,0.1271727979183197,0.9930139780044556,0.6830366253852844
YDR263C,YJL109C,0,-0.52760124,0.1271565556526184,0.9930139780044556,0.6831366419792175
YHR043C,YOR150W,0,-0.5278591,0.12714029848575592,0.9930139780044556,0.6832366585731506
YMR047C,YCR048W,0,-0.5279844,0.12712405622005463,0.9930139780044556,0.6833366751670837
YGR195W,YGL254W,0,-0.52828765,0.12710781395435333,0.9930139780044556,0.6834366917610168
YCL075W,YFL044C,0,-0.5286783,0.12709158658981323,0.9930139780044556,0.68353670835495
YLR310C,YKR092C,0,-0.52951276,0.12707534432411194,0.9930139780044556,0.6836367249488831
YNL128W,YPL230W,0,-0.5299227,0.12705911695957184,0.9930139780044556,0.6837367415428162
YDL020C,YCR043C,0,-0.5300707,0.12704290449619293,0.9930139780044556,0.6838367581367493
YMR199W,YNL280C,0,-0.53070724,0.12702667713165283,0.9930139780044556,0.6839367747306824
YMR208W,YPL065W,0,-0.5308952,0.12701046466827393,0.9930139780044556,0.6840367913246155
YKL084W,YLR373C,0,-0.5312102,0.12699425220489502,0.9930139780044556,0.6841368079185486
YJL203W,YLL036C,0,-0.53121674,0.1269780546426773,0.9930139780044556,0.6842368245124817
YKL127W,YML056C,0,-0.53146076,0.1269618421792984,0.9930139780044556,0.6843368411064148
YBR186W,YPR096C,0,-0.53155625,0.1269456446170807,0.9930139780044556,0.6844368577003479
YOL147C,YMR168C,0,-0.531636,0.12692946195602417,0.9930139780044556,0.6845369338989258
YML095C,YLR014C,0,-0.53175294,0.12691326439380646,0.9930139780044556,0.6846369504928589
YMR223W,YGR206W,0,-0.5320153,0.12689708173274994,0.9930139780044556,0.684736967086792
YBR150C,YGR133W,0,-0.53212976,0.12688089907169342,0.9930139780044556,0.6848369836807251
YPR200C,YPL074W,0,-0.53229296,0.1268647164106369,0.9930139780044556,0.6849370002746582
YNL292W,YLR158C,0,-0.5326447,0.12684854865074158,0.9930139780044556,0.6850370168685913
YOR375C,YDR454C,0,-0.5326499,0.12683238089084625,0.9930139780044556,0.6851370334625244
YBR092C,YOL027C,0,-0.5326843,0.12681621313095093,0.9930139780044556,0.6852370500564575
YOR039W,YGL002W,0,-0.5326998,0.1268000453710556,0.9930139780044556,0.6853370666503906
YML115C,YDL170W,0,-0.5329596,0.12678389251232147,0.9930139780044556,0.6854370832443237
YOR039W,YGL179C,0,-0.5330091,0.12676773965358734,0.9930139780044556,0.6855370998382568
YLR103C,YER110C,0,-0.5330581,0.1267515867948532,0.9930139780044556,0.6856371164321899
YPR056W,YCR083W,0,-0.5331568,0.12673544883728027,0.9930139780044556,0.685737133026123
YPL048W,YBR167C,0,-0.5343282,0.12671931087970734,0.9930139780044556,0.6858371496200562
YFR013W,YDL208W,0,-0.5345508,0.1267031729221344,0.9930139780044556,0.6859371662139893
YER169W,YDL045W-A,0,-0.53567433,0.12668703496456146,0.9930139780044556,0.6860371828079224
YDL191W,YAL009W,0,-0.5359739,0.12667091190814972,0.9930139780044556,0.6861371994018555
YGR047C,YNL084C,0,-0.5366192,0.12665478885173798,0.9930139780044556,0.6862372756004333
YNL220W,YOR211C,0,-0.53742456,0.12663866579532623,0.9930139780044556,0.6863372921943665
YAL009W,YGR112W,0,-0.53791094,0.12662255764007568,0.9930139780044556,0.6864373087882996
YEL011W,YHL036W,0,-0.53795165,0.12660643458366394,0.9930139780044556,0.6865373253822327
YGL190C,YMR162C,0,-0.53807616,0.1265903264284134,0.9930139780044556,0.6866373419761658
YPL110C,YBR299W,0,-0.53828,0.12657423317432404,0.9930139780044556,0.6867373585700989
YPR033C,YPL240C,0,-0.5383602,0.1265581250190735,0.9930139780044556,0.686837375164032
YJR063W,YMR012W,0,-0.53836703,0.12654203176498413,0.9930139780044556,0.6869373917579651
YHL022C,YOL075C,0,-0.5397172,0.12652593851089478,0.9930139780044556,0.6870374083518982
YBL046W,YMR238W,0,-0.5397333,0.1265098601579666,0.9930139780044556,0.6871374249458313
YGR162W,YEL020C,0,-0.54101187,0.12649376690387726,0.9930139780044556,0.6872374415397644
YMR159C,YJR015W,0,-0.54120517,0.1264776885509491,0.9930139780044556,0.6873374581336975
YDR501W,YLR090W,0,-0.5413978,0.12646161019802094,0.9930139780044556,0.6874374747276306
YLR203C,YJL090C,0,-0.5416446,0.12644554674625397,0.9930139780044556,0.6875374913215637
YDR485C,YHR079C-A,0,-0.542148,0.126429483294487,0.9930139780044556,0.6876375079154968
YOR261C,YDR060W,0,-0.5432813,0.12641341984272003,0.9930139780044556,0.6877375245094299
YJR119C,YDR380W,0,-0.5434874,0.12639735639095306,0.9930139780044556,0.687837541103363
YKR044W,YJL149W,0,-0.5438658,0.1263813078403473,0.9930139780044556,0.6879376173019409
YOL008W,YKL124W,0,-0.5442785,0.12636525928974152,0.9930139780044556,0.688037633895874
YCL045C,YOR261C,0,-0.54429364,0.12634921073913574,0.9930139780044556,0.6881376504898071
YJL153C,YJL166W,0,-0.544693,0.12633316218852997,0.9930139780044556,0.6882376670837402
YDR017C,YDR090C,0,-0.5453119,0.1263171285390854,0.9930139780044556,0.6883376836776733
YDR171W,YCL036W,0,-0.5457252,0.1263010948896408,0.9930139780044556,0.6884377002716064
YGL207W,YGR191W,0,-0.54579973,0.12628506124019623,0.9930139780044556,0.6885377168655396
YOR274W,YGR155W,0,-0.54636216,0.12626904249191284,0.9930139780044556,0.6886377334594727
YDL014W,YNL131W,0,-0.5465278,0.12625300884246826,0.9930139780044556,0.6887377500534058
YML036W,YDR107C,0,-0.5466878,0.12623699009418488,0.9930139780044556,0.6888377666473389
YOR180C,YAL008W,0,-0.5470185,0.12622098624706268,0.9930139780044556,0.688937783241272
YCL057W,YHR086W,0,-0.5475855,0.1262049674987793,0.9930139780044556,0.6890377998352051
YMR281W,YER048C,0,-0.5482954,0.1261889636516571,0.9930139780044556,0.6891378164291382
YKL211C,YPL085W,0,-0.548517,0.1261729598045349,0.9930139780044556,0.6892378330230713
YOR346W,YHR172W,0,-0.548614,0.1261569708585739,0.9930139780044556,0.6893378496170044
YDR520C,YDR390C,0,-0.5488113,0.12614096701145172,0.9930139780044556,0.6894378662109375
YNR054C,YDR352W,0,-0.54997826,0.12612497806549072,0.9930139780044556,0.6895378828048706
YER173W,YOL117W,0,-0.5500115,0.12610900402069092,0.9930139780044556,0.6896378993988037
YPR167C,YOL102C,0,-0.5504586,0.12609301507472992,0.9930139780044556,0.6897379755973816
YPL090C,YGR020C,0,-0.55086464,0.12607704102993011,0.9930139780044556,0.6898379921913147
YDR180W,YML032C,0,-0.55099654,0.1260610669851303,0.9930139780044556,0.6899380087852478
YLR336C,YOL010W,0,-0.5510423,0.1260450929403305,0.9930139780044556,0.6900380253791809
YBR215W,YFL002C,0,-0.5514779,0.1260291337966919,0.9930139780044556,0.690138041973114
YJL046W,YDL227C,0,-0.55197144,0.12601317465305328,0.9930139780044556,0.6902380585670471
YBL084C,YDR503C,0,-0.5522193,0.12599721550941467,0.9930139780044556,0.6903380751609802
YIL139C,YOR294W,0,-0.5524621,0.12598125636577606,0.9930139780044556,0.6904380917549133
YDR512C,YHR203C,0,-0.5524875,0.12596531212329865,0.9930139780044556,0.6905381083488464
YLR362W,YOR378W,0,-0.55271375,0.12594936788082123,0.9930139780044556,0.6906381249427795
YDL024C,YDR140W,0,-0.5533525,0.1259334236383438,0.9930139780044556,0.6907381415367126
YML080W,YCR034W,0,-0.55359685,0.1259174942970276,0.9930139780044556,0.6908381581306458
YER099C,YGR222W,0,-0.55424607,0.12590155005455017,0.9930139780044556,0.6909381747245789
YDR117C,YNL223W,0,-0.5551903,0.12588562071323395,0.9930139780044556,0.691038191318512
YER101C,YML070W,0,-0.5552639,0.12586970627307892,0.9930139780044556,0.6911382079124451
YER082C,YOR201C,0,-0.5555154,0.1258537769317627,0.9930139780044556,0.6912382245063782
YGR002C,YBR166C,0,-0.55559474,0.12583786249160767,0.9930139780044556,0.6913382411003113
YKL186C,YNL067W,0,-0.55618894,0.12582194805145264,0.9930139780044556,0.6914383172988892
YDR527W,YJL172W,0,-0.5564797,0.1258060485124588,0.9930139780044556,0.6915383338928223
YGR277C,YLL038C,0,-0.55738103,0.12579013407230377,0.9930139780044556,0.6916383504867554
YOR176W,YKR054C,0,-0.5581942,0.12577423453330994,0.9930139780044556,0.6917383670806885
YJL134W,YOR046C,0,-0.55833745,0.1257583349943161,0.9930139780044556,0.6918383836746216
YOL141W,YLR117C,0,-0.55868524,0.12574245035648346,0.9930139780044556,0.6919384002685547
YEL064C,YBR024W,0,-0.5587256,0.12572656571865082,0.9930139780044556,0.6920384168624878
YDR530C,YFR044C,0,-0.5594312,0.12571068108081818,0.9930139780044556,0.6921384334564209
YHR058C,YDR452W,0,-0.5599978,0.12569479644298553,0.9930139780044556,0.692238450050354
YPL081W,YOR038C,0,-0.5609617,0.1256789118051529,0.9930139780044556,0.6923384666442871
YDL056W,YNL212W,0,-0.5615287,0.12566304206848145,0.9930139780044556,0.6924384832382202
YLR327C,YER185W,0,-0.56294703,0.12564717233181,0.9930139780044556,0.6925384998321533
YKR029C,YDL165W,0,-0.5630466,0.12563131749629974,0.9930139780044556,0.6926385164260864
YPL098C,YLR178C,0,-0.563324,0.1256154477596283,0.9930139780044556,0.6927385330200195
YIR034C,YDR270W,0,-0.56361806,0.12559959292411804,0.9930139780044556,0.6928385496139526
YJL080C,YKR060W,0,-0.5638542,0.1255837380886078,0.9930139780044556,0.6929385662078857
YBR012W-B,YDL010W,0,-0.56412315,0.12556789815425873,0.9930139780044556,0.6930385828018188
YDL008W,YLR191W,0,-0.5641802,0.12555204331874847,0.9930139780044556,0.693138599395752
YOL045W,YIL114C,0,-0.56493354,0.12553620338439941,0.9930139780044556,0.6932386755943298
YGR048W,YOR278W,0,-0.56536084,0.12552037835121155,0.9930139780044556,0.6933386921882629
YLR264W,YDR060W,0,-0.56539464,0.1255045384168625,0.9930139780044556,0.693438708782196
YFL013C,YPL213W,0,-0.56563854,0.12548871338367462,0.9930139780044556,0.6935387253761292
YPL086C,YML019W,0,-0.5661304,0.12547288835048676,0.9930139780044556,0.6936387419700623
YGR109W-B,YGR085C,0,-0.5664216,0.1254570633172989,0.9930139780044556,0.6937387585639954
YNL117W,YDR267C,0,-0.5664726,0.12544125318527222,0.9930139780044556,0.6938387751579285
YPR152C,YLR266C,0,-0.56687576,0.12542544305324554,0.9930139780044556,0.6939387917518616
YEL003W,YOL033W,0,-0.5669637,0.12540963292121887,0.9930139780044556,0.6940388083457947
YMR233W,YHR203C,0,-0.5672883,0.1253938227891922,0.9930139780044556,0.6941388249397278
YOR217W,YNL153C,0,-0.56830454,0.12537802755832672,0.9930139780044556,0.6942388415336609
YCR042C,YDL059C,0,-0.5692729,0.12536223232746124,0.9930139780044556,0.694338858127594
YPL186C,YPL249C,0,-0.5696546,0.12534643709659576,0.9930139780044556,0.6944388747215271
YJL160C,YDR322C-A,0,-0.5697613,0.12533064186573029,0.9930139780044556,0.6945388913154602
YDR489W,YDL207W,0,-0.5698855,0.125314861536026,0.9930139780044556,0.6946389079093933
YDR436W,YJR006W,0,-0.570206,0.12529908120632172,0.9930139780044556,0.6947389245033264
YLR285W,YPL053C,0,-0.57037365,0.12528330087661743,0.9930139780044556,0.6948389410972595
YKL137W,YJL004C,0,-0.57060236,0.12526753544807434,0.9930139780044556,0.6949390172958374
YLR441C,YML110C,0,-0.5710902,0.12525175511837006,0.9930139780044556,0.6950390338897705
YIL143C,YER169W,0,-0.5713587,0.12523600459098816,0.9930139780044556,0.6951390504837036
YKL116C,YLR106C,0,-0.57271206,0.12522023916244507,0.9930139780044556,0.6952390670776367
YNL163C,YFL062W,0,-0.5728817,0.12520447373390198,0.9930139780044556,0.6953390836715698
YDR299W,YPL180W,0,-0.57296324,0.12518872320652008,0.9930139780044556,0.6954391002655029
YML131W,YFR013W,0,-0.5742972,0.12517297267913818,0.9930139780044556,0.695539116859436
YNL259C,YLL062C,0,-0.5743406,0.12515723705291748,0.9930139780044556,0.6956391334533691
YER174C,YBR241C,0,-0.57453763,0.12514148652553558,0.9930139780044556,0.6957391500473022
YGR001C,YNL039W,0,-0.57462156,0.12512575089931488,0.9930139780044556,0.6958391666412354
YLR341W,YGR096W,0,-0.57496643,0.12511001527309418,0.9930139780044556,0.6959391832351685
YOR150W,YOL038W,0,-0.57536805,0.12509429454803467,0.9930139780044556,0.6960391998291016
YER046W,YOL007C,0,-0.575693,0.12507857382297516,0.9930139780044556,0.6961392164230347
YBR183W,YLR295C,0,-0.5763799,0.12506285309791565,0.9930139780044556,0.6962392330169678
YNL284C,YMR198W,0,-0.57657945,0.12504713237285614,0.9930139780044556,0.6963392496109009
YFL050C,YOR312C,0,-0.5766851,0.12503141164779663,0.9930139780044556,0.696439266204834
YLR362W,YML129C,0,-0.5767795,0.12501570582389832,0.9930139780044556,0.6965392827987671
YHL036W,YGR194C,0,-0.57798195,0.125,0.9930139780044556,0.6966392993927002
YLR238W,YLL011W,0,-0.5784273,0.12498430162668228,0.9930139780044556,0.6967393755912781
YAR008W,YDL210W,0,-0.57901907,0.12496860325336456,0.9930139780044556,0.6968393921852112
YAR018C,YNL325C,0,-0.57913786,0.12495290488004684,0.9930139780044556,0.6969394087791443
YKR050W,YDL214C,0,-0.5795205,0.12493721395730972,0.9930139780044556,0.6970394253730774
YCR037C,YFR037C,0,-0.57960224,0.1249215304851532,0.9930139780044556,0.6971394419670105
YOL052C,YML029W,0,-0.5797059,0.12490584701299667,0.9930139780044556,0.6972394585609436
YNL094W,YGR198W,1,-0.5800936,0.12501569092273712,0.9940119981765747,0.6972394585609436
YGL135W,YNL229C,0,-0.58027595,0.125,0.9940119981765747,0.6973394751548767
YDR473C,YMR194W,0,-0.58062875,0.12498431652784348,0.9940119981765747,0.6974394917488098
YBR075W,YDR037W,0,-0.5809858,0.12496863305568695,0.9940119981765747,0.6975395083427429
YPR194C,YBR110W,0,-0.5810318,0.12495295703411102,0.9940119981765747,0.697639524936676
YOR295W,YPL159C,0,-0.58145773,0.1249372810125351,0.9940119981765747,0.6977395415306091
YNR004W,YGL071W,0,-0.581518,0.12492161244153976,0.9940119981765747,0.6978395581245422
YPL030W,YDL097C,0,-0.58179283,0.12490594387054443,0.9940119981765747,0.6979395747184753
YDL038C,YGL227W,0,-0.58183694,0.1248902827501297,0.9940119981765747,0.6980395913124084
YGR287C,YJL012C-A,0,-0.58183694,0.12487462162971497,0.9940119981765747,0.6981396079063416
YGL258W-A,YAL017W,0,-0.58183694,0.12485896795988083,0.9940119981765747,0.6982396245002747
YGL258W-A,YGR152C,0,-0.58183694,0.12484332174062729,0.9940119981765747,0.6983396410942078
YDL038C,YGR188C,0,-0.58183694,0.12482767552137375,0.9940119981765747,0.6984397172927856
YLR318W,YJL012C-A,0,-0.58183694,0.12481202930212021,0.9940119981765747,0.6985397338867188
YJR004C,YJL012C-A,0,-0.58183694,0.12479639053344727,0.9940119981765747,0.6986397504806519
YMR306W,YOR088W,0,-0.58183694,0.12478075921535492,0.9940119981765747,0.698739767074585
YGL258W-A,YNR001C,0,-0.58183694,0.12476512789726257,0.9940119981765747,0.6988397836685181
YOR396W,YLR237W,0,-0.58183694,0.12474949657917023,0.9940119981765747,0.6989398002624512
YDL038C,YMR036C,0,-0.58183694,0.12473387271165848,0.9940119981765747,0.6990398168563843
YIL177C,YGL046W,0,-0.58183694,0.12471825629472733,0.9940119981765747,0.6991398334503174
YDL038C,YGR238C,0,-0.58183694,0.12470263987779617,0.9940119981765747,0.6992398500442505
YOR396W,YBR286W,0,-0.58183694,0.12468703091144562,0.9940119981765747,0.6993398666381836
YDL080C,YLR453C,0,-0.58215237,0.12467142194509506,0.9940119981765747,0.6994398832321167
YBL020W,YKR060W,0,-0.5821829,0.1246558204293251,0.9940119981765747,0.6995398998260498
YHL020C,YGR085C,0,-0.5824845,0.12464021891355515,0.9940119981765747,0.6996399164199829
YOR231W,YER011W,0,-0.5826659,0.12462462484836578,0.9940119981765747,0.699739933013916
YKR018C,YPR024W,0,-0.5828772,0.12460903078317642,0.9940119981765747,0.6998399496078491
YGR075C,YDR069C,0,-0.58304125,0.12459344416856766,0.9940119981765747,0.6999399662017822
YLR308W,YDR363W-A,0,-0.58375645,0.12457785755395889,0.9940119981765747,0.7000399827957153
YMR116C,YOL089C,0,-0.58571494,0.12456227838993073,0.9940119981765747,0.7001399993896484
YBL054W,YKL179C,0,-0.5859281,0.12454670667648315,0.9940119981765747,0.7002400755882263
YEL011W,YGL163C,0,-0.58649695,0.12453113496303558,0.9940119981765747,0.7003400921821594
YCR089W,YDL239C,0,-0.5877001,0.12451556324958801,0.9940119981765747,0.7004401087760925
YJR138W,YLR343W,0,-0.58933157,0.12449999898672104,0.9940119981765747,0.7005401253700256
YHR215W,YJR160C,0,-0.58943343,0.12448444217443466,0.9940119981765747,0.7006401419639587
YNR010W,YKL056C,0,-0.5912342,0.12446888536214828,0.9940119981765747,0.7007401585578918
YOR317W,YDR318W,0,-0.5915431,0.12445332854986191,0.9940119981765747,0.700840175151825
YNL071W,YPR070W,0,-0.5916698,0.12443777918815613,0.9940119981765747,0.7009401917457581
YDR097C,YGR095C,0,-0.5923729,0.12442223727703094,0.9940119981765747,0.7010402083396912
YKR024C,YCR017C,0,-0.5926201,0.12440669536590576,0.9940119981765747,0.7011402249336243
YHR211W,YMR285C,0,-0.59285784,0.12439116090536118,0.9940119981765747,0.7012402415275574
YKL143W,YKR039W,0,-0.5933968,0.12437562644481659,0.9940119981765747,0.7013402581214905
YOR298C-A,YGR037C,0,-0.5935446,0.124360091984272,0.9940119981765747,0.7014402747154236
YMR014W,YPL002C,0,-0.5937887,0.12434457242488861,0.9940119981765747,0.7015402913093567
YOR080W,YOR336W,0,-0.5944098,0.12432904541492462,0.9940119981765747,0.7016403079032898
YMR067C,YIL049W,0,-0.5944234,0.12431353330612183,0.9940119981765747,0.7017403244972229
YLR008C,YOL034W,0,-0.59491503,0.12429801374673843,0.9940119981765747,0.701840341091156
YGR271W,YBR207W,0,-0.59571433,0.12428250908851624,0.9940119981765747,0.7019404172897339
YJL148W,YBL023C,0,-0.5958409,0.12426699697971344,0.9940119981765747,0.702040433883667
YKL163W,YJR059W,0,-0.59598553,0.12425149977207184,0.9940119981765747,0.7021404504776001
YNL088W,YDL130W-A,0,-0.596599,0.12423599511384964,0.9940119981765747,0.7022404670715332
YDR523C,YOR008C,0,-0.59679496,0.12422050535678864,0.9940119981765747,0.7023404836654663
YHL033C,YJL159W,0,-0.5972589,0.12420501559972763,0.9940119981765747,0.7024405002593994
YGL253W,YDR393W,0,-0.59731686,0.12418952584266663,0.9940119981765747,0.7025405168533325
YDR498C,YIR007W,0,-0.59738797,0.12417404353618622,0.9940119981765747,0.7026405334472656
YKL139W,YDR119W,0,-0.5975976,0.12415856122970581,0.9940119981765747,0.7027405500411987
YLR127C,YBR093C,0,-0.5978863,0.124143086373806,0.9940119981765747,0.7028405666351318
YBL068W,YMR029C,0,-0.59795856,0.12412761896848679,0.9940119981765747,0.7029405832290649
YBR001C,YOR377W,0,-0.59864247,0.12411215156316757,0.9940119981765747,0.703040599822998
YER095W,YJR101W,0,-0.59986305,0.12409668415784836,0.9940119981765747,0.7031406164169312
YNL312W,YOR022C,0,-0.5999087,0.12408122420310974,0.9940119981765747,0.7032406330108643
YMR106C,YNR011C,0,-0.60022426,0.12406577169895172,0.9940119981765747,0.7033406496047974
YML075C,YDR065W,0,-0.6014178,0.1240503191947937,0.9940119981765747,0.7034406661987305
YEL055C,YDR402C,0,-0.6015065,0.12403486669063568,0.9940119981765747,0.7035406827926636
YOL002C,YPR198W,0,-0.60162437,0.12401942163705826,0.9940119981765747,0.7036406993865967
YLL032C,YDR314C,0,-0.6017283,0.12400398403406143,0.9940119981765747,0.7037407755851746
YPL283C,YGL173C,0,-0.602602,0.1239885464310646,0.9940119981765747,0.7038407921791077
YDR403W,YOL077W-A,0,-0.6028019,0.12397311627864838,0.9940119981765747,0.7039408087730408
YHR031C,YKL109W,0,-0.6030569,0.12395768612623215,0.9940119981765747,0.7040408253669739
YBR271W,YOR384W,0,-0.60308313,0.12394226342439651,0.9940119981765747,0.704140841960907
YIL076W,YCR011C,0,-0.60349715,0.12392684072256088,0.9940119981765747,0.7042408585548401
YDR481C,YNR049C,0,-0.6036135,0.12391141802072525,0.9940119981765747,0.7043408751487732
YBR267W,YGL022W,0,-0.60433257,0.12389601022005081,0.9940119981765747,0.7044408917427063
YOL137W,YER146W,0,-0.60480976,0.12388059496879578,0.9940119981765747,0.7045409083366394
YHR039C-A,YDR248C,0,-0.6057274,0.12386519461870193,0.9940119981765747,0.7046409249305725
YOR332W,YBR057C,0,-0.60577023,0.1238497868180275,0.9940119981765747,0.7047409415245056
YER087W,YPL046C,0,-0.6059109,0.12383438646793365,0.9940119981765747,0.7048409581184387
YMR090W,YPL096W,0,-0.60594475,0.12381899356842041,0.9940119981765747,0.7049409747123718
YBR278W,YOR243C,0,-0.6060913,0.12380360811948776,0.9940119981765747,0.7050409913063049
YDL069C,YGL099W,0,-0.60695565,0.12378821521997452,0.9940119981765747,0.705141007900238
YDR473C,YMR203W,0,-0.6070888,0.12377283722162247,0.9940119981765747,0.7052410244941711
YDR267C,YDR283C,0,-0.6072793,0.12375745177268982,0.9940119981765747,0.7053410410881042
YDR123C,YNR016C,0,-0.6078106,0.12374208122491837,0.9940119981765747,0.7054411172866821
YDR523C,YGL251C,0,-0.6083156,0.12372671067714691,0.9940119981765747,0.7055411338806152
YBR238C,YML039W,0,-0.60833013,0.12371134012937546,0.9940119981765747,0.7056411504745483
YDL229W,YOR243C,0,-0.6088276,0.1236959770321846,0.9940119981765747,0.7057411670684814
YKR025W,YLR078C,0,-0.60917604,0.12368061393499374,0.9940119981765747,0.7058411836624146
YLR287C-A,YLR008C,0,-0.60931385,0.12366525828838348,0.9940119981765747,0.7059412002563477
YHR187W,YDR369C,0,-0.6096504,0.12364991009235382,0.9940119981765747,0.7060412168502808
YDL039C,YGL046W,0,-0.60990196,0.12363455444574356,0.9940119981765747,0.7061412334442139
YOR080W,YPR083W,0,-0.61096656,0.1236192137002945,0.9940119981765747,0.706241250038147
YLR244C,YML069W,0,-0.6110593,0.12360387295484543,0.9940119981765747,0.7063412666320801
YLR032W,YGR268C,0,-0.61107236,0.12358853220939636,0.9940119981765747,0.7064412832260132
YCR003W,YAL017W,0,-0.6116576,0.1235731989145279,0.9940119981765747,0.7065412998199463
YPR152C,YJL133W,0,-0.611673,0.12355787307024002,0.9940119981765747,0.7066413164138794
YIL133C,YBR283C,0,-0.6127571,0.12354254722595215,0.9940119981765747,0.7067413330078125
YNL026W,YLR157C,0,-0.61298615,0.12352722138166428,0.9940119981765747,0.7068413496017456
YKL221W,YNR022C,0,-0.61304677,0.123511902987957,0.9940119981765747,0.7069413661956787
YDL179W,YLR439W,0,-0.61344796,0.12349659204483032,0.9940119981765747,0.7070413827896118
YDR046C,YBR097W,0,-0.61412096,0.12348128110170364,0.9940119981765747,0.7071413993835449
YKL116C,YLR027C,0,-0.6141418,0.12346597015857697,0.9940119981765747,0.7072414755821228
YBL076C,YNL172W,0,-0.6141628,0.12345066666603088,0.9940119981765747,0.7073414921760559
YPL089C,YLR002C,0,-0.61430025,0.1234353706240654,0.9940119981765747,0.707441508769989
YNR012W,YKL010C,0,-0.6150421,0.12342007458209991,0.9940119981765747,0.7075415253639221
YJR107W,YJL112W,0,-0.61529446,0.12340478599071503,0.9940119981765747,0.7076415419578552
YBR158W,YDL174C,0,-0.61562765,0.12338949739933014,0.9940119981765747,0.7077415585517883
YGR095C,YOL125W,0,-0.615808,0.12337420880794525,0.9940119981765747,0.7078415751457214
YCR097W,YML029W,0,-0.61607116,0.12335892766714096,0.9940119981765747,0.7079415917396545
YOR304W,YNL282W,0,-0.61630523,0.12334365397691727,0.9940119981765747,0.7080416083335876
YPL033C,YOR138C,0,-0.61645,0.12332838028669357,0.9940119981765747,0.7081416249275208
YDR173C,YEL069C,0,-0.6164787,0.12331311404705048,0.9940119981765747,0.7082416415214539
YOL157C,YAL035W,0,-0.61662537,0.12329784780740738,0.9940119981765747,0.708341658115387
YHR011W,YGL150C,0,-0.6168289,0.12328258156776428,0.9940119981765747,0.7084416747093201
YLR172C,YOR288C,0,-0.61712134,0.12326733022928238,0.9940119981765747,0.7085416913032532
YPL022W,YNL293W,0,-0.61751354,0.12325207144021988,0.9940119981765747,0.7086417078971863
YGL039W,YPL163C,0,-0.617522,0.12323682010173798,0.9940119981765747,0.7087417244911194
YHR102W,YKR024C,0,-0.6181599,0.12322157621383667,0.9940119981765747,0.7088417410850525
YJL046W,YKL109W,0,-0.61824775,0.12320633232593536,0.9940119981765747,0.7089418172836304
YLR009W,YLL042C,0,-0.6186678,0.12319109588861465,0.9940119981765747,0.7090418338775635
YCR060W,YOL010W,0,-0.6190269,0.12317585945129395,0.9940119981765747,0.7091418504714966
YOR283W,YJL139C,0,-0.6190926,0.12316063046455383,0.9940119981765747,0.7092418670654297
YNR027W,YDL184C,0,-0.61981344,0.12314540147781372,0.9940119981765747,0.7093418836593628
YDR378C,YLR225C,0,-0.62104154,0.1231301799416542,0.9940119981765747,0.7094419002532959
YJR056C,YDR392W,0,-0.62108463,0.12311495840549469,0.9940119981765747,0.709541916847229
YHR175W,YGL254W,0,-0.6211883,0.12309973686933517,0.9940119981765747,0.7096419334411621
YMR087W,YOL124C,0,-0.6215582,0.12308453023433685,0.9940119981765747,0.7097419500350952
YER027C,YIL078W,0,-0.62167823,0.12306931614875793,0.9940119981765747,0.7098419666290283
YNR039C,YPR006C,0,-0.6218127,0.12305411696434021,0.9940119981765747,0.7099419832229614
YDR487C,YCR075C,0,-0.6220888,0.12303891032934189,0.9940119981765747,0.7100419998168945
YML093W,YHL022C,0,-0.62300336,0.12302371859550476,0.9940119981765747,0.7101420164108276
YML131W,YMR277W,0,-0.6230705,0.12300851941108704,0.9940119981765747,0.7102420330047607
YPL086C,YOR283W,0,-0.62324715,0.1229933351278305,0.9940119981765747,0.7103420495986938
YLR388W,YML094W,0,-0.62352926,0.12297814339399338,0.9940119981765747,0.710442066192627
YML022W,YEL052W,0,-0.6235912,0.12296296656131744,0.9940119981765747,0.7105420827865601
YPR137C-B,YPR158C-D,0,-0.62365496,0.12294778227806091,0.9940119981765747,0.7106420993804932
YER055C,YOL112W,0,-0.62373054,0.12293261289596558,0.9940119981765747,0.710742175579071
YHL027W,YLR396C,0,-0.62376106,0.12291743606328964,0.9940119981765747,0.7108421921730042
YDL147W,YGR067C,0,-0.6245671,0.1229022741317749,0.9940119981765747,0.7109422087669373
YDL078C,YER153C,0,-0.6248298,0.12288710474967957,0.9940119981765747,0.7110422253608704
YOL129W,YNL222W,0,-0.62500775,0.12287195026874542,0.9940119981765747,0.7111422419548035
YHR034C,YAR010C,0,-0.62630343,0.12285678833723068,0.9940119981765747,0.7112422585487366
YDR483W,YBR041W,0,-0.6263062,0.12284164130687714,0.9940119981765747,0.7113422751426697
YFL004W,YGR010W,0,-0.62698805,0.122826486825943,0.9940119981765747,0.7114422917366028
YIL063C,YLR214W,0,-0.6269905,0.12281134724617004,0.9940119981765747,0.7115423083305359
YIR032C,YMR006C,0,-0.62700665,0.1227962002158165,0.9940119981765747,0.711642324924469
YDR531W,YFL017W-A,0,-0.6271805,0.12278106808662415,0.9940119981765747,0.7117423415184021
YFR042W,YJL115W,0,-0.6293658,0.1227659285068512,0.9940119981765747,0.7118423581123352
YIL143C,YNL256W,0,-0.6295942,0.12275080382823944,0.9940119981765747,0.7119423747062683
YGL019W,YMR025W,0,-0.63005173,0.12273567169904709,0.9940119981765747,0.7120423913002014
YOR304W,YJR025C,0,-0.6306287,0.12272055447101593,0.9940119981765747,0.7121424078941345
YGL178W,YGR195W,0,-0.6306726,0.12270542979240417,0.9940119981765747,0.7122424244880676
YNR012W,YMR071C,0,-0.63068855,0.12269032001495361,0.9940119981765747,0.7123424410820007
YMR164C,YKR059W,0,-0.6309731,0.12267520278692245,0.9940119981765747,0.7124425172805786
YOR312C,YPL011C,0,-0.6328213,0.12266010046005249,0.9940119981765747,0.7125425338745117
YIL143C,YLR205C,0,-0.63284564,0.12264499813318253,0.9940119981765747,0.7126425504684448
YOR083W,YLR187W,0,-0.63322115,0.12262989580631256,0.9940119981765747,0.7127425670623779
YGR002C,YNR003C,0,-0.633433,0.1226148009300232,0.9940119981765747,0.712842583656311
YNL072W,YKL170W,0,-0.6341144,0.12259970605373383,0.9940119981765747,0.7129426002502441
YMR211W,YOR384W,0,-0.6341997,0.12258461862802505,0.9940119981765747,0.7130426168441772
YML075C,YKL178C,0,-0.6347945,0.12256953120231628,0.9940119981765747,0.7131426334381104
YGL103W,YML126C,0,-0.6358372,0.12255445122718811,0.9940119981765747,0.7132426500320435
YJR082C,YFL034C-A,0,-0.6365973,0.12253937125205994,0.9940119981765747,0.7133426666259766
YNL299W,YBR258C,0,-0.63679254,0.12252429872751236,0.9940119981765747,0.7134426832199097
YLR275W,YMR054W,0,-0.63689804,0.12250922620296478,0.9940119981765747,0.7135426998138428
YOL137W,YJR090C,0,-0.63694525,0.1224941611289978,0.9940119981765747,0.7136427164077759
YPL055C,YGR262C,0,-0.63735306,0.12247909605503082,0.9940119981765747,0.713742733001709
YNL113W,YCL010C,0,-0.637465,0.12246403843164444,0.9940119981765747,0.7138427495956421
YDR408C,YJL006C,0,-0.6376436,0.12244898080825806,0.9940119981765747,0.7139427661895752
YMR154C,YDL060W,0,-0.63787615,0.12243393063545227,0.9940119981765747,0.7140427827835083
YIL142W,YDR073W,0,-0.6380938,0.12241888046264648,0.9940119981765747,0.7141427993774414
YBL066C,YPR081C,0,-0.63848436,0.1224038377404213,0.9940119981765747,0.7142428755760193
YDR169C,YMR008C,0,-0.63857,0.1223887950181961,0.9940119981765747,0.7143428921699524
YLR320W,YDR405W,0,-0.6399833,0.12237375229597092,0.9940119981765747,0.7144429087638855
YDR096W,YMR289W,0,-0.64004254,0.12235872447490692,0.9940119981765747,0.7145429253578186
YDR541C,YMR309C,0,-0.6405756,0.12234368920326233,0.9940119981765747,0.7146429419517517
YML048W,YPL099C,0,-0.6406279,0.12232866883277893,0.9940119981765747,0.7147429585456848
YKL108W,YJR045C,0,-0.640702,0.12231364101171494,0.9940119981765747,0.7148429751396179
YCR068W,YDR147W,0,-0.64126635,0.12229862809181213,0.9940119981765747,0.714942991733551
YNL073W,YGR198W,0,-0.6413456,0.12228360772132874,0.9940119981765747,0.7150430083274841
YKL220C,YFL052W,0,-0.6414075,0.12226859480142593,0.9940119981765747,0.7151430249214172
YBR170C,YNL330C,0,-0.64184976,0.12225358933210373,0.9940119981765747,0.7152430415153503
YDR446W,YDR288W,0,-0.64228654,0.12223858386278152,0.9940119981765747,0.7153430581092834
YDL136W,YIL035C,0,-0.6424265,0.12222358584403992,0.9940119981765747,0.7154430747032166
YBR198C,YLL019C,0,-0.64249593,0.12220858782529831,0.9940119981765747,0.7155430912971497
YMR273C,YKL004W,0,-0.6425499,0.1221935972571373,0.9940119981765747,0.7156431078910828
YPL230W,YDR196C,0,-0.64277244,0.12217860668897629,0.9940119981765747,0.7157431244850159
YLR450W,YOR071C,0,-0.6437485,0.12216362357139587,0.9940119981765747,0.715843141078949
YLR148W,YOR143C,0,-0.6442598,0.12214864045381546,0.9940119981765747,0.7159432172775269
YDL101C,YBR243C,0,-0.6449319,0.12213365733623505,0.9940119981765747,0.71604323387146
YNL090W,YOL130W,0,-0.6459443,0.12211868911981583,0.9940119981765747,0.7161432504653931
YPR162C,YNL153C,0,-0.64605105,0.12210371345281601,0.9940119981765747,0.7162432670593262
YLR240W,YGL223C,0,-0.64615536,0.12208874523639679,0.9940119981765747,0.7163432836532593
YNL049C,YLR003C,0,-0.64656365,0.12207378447055817,0.9940119981765747,0.7164433002471924
YPL031C,YGR203W,0,-0.64675343,0.12205882370471954,0.9940119981765747,0.7165433168411255
YKR018C,YMR163C,0,-0.64693534,0.12204387038946152,0.9940119981765747,0.7166433334350586
YDL198C,YGR070W,0,-0.64754224,0.12202891707420349,0.9940119981765747,0.7167433500289917
YDL164C,YFL008W,0,-0.64766204,0.12201396375894547,0.9940119981765747,0.7168433666229248
YIL135C,YGR240C,0,-0.6480582,0.12199901789426804,0.9940119981765747,0.7169433832168579
YEL037C,YMR145C,0,-0.6488037,0.1219840794801712,0.9940119981765747,0.717043399810791
YLR107W,YDR216W,0,-0.6490123,0.12196914106607437,0.9940119981765747,0.7171434164047241
YGR047C,YNR018W,0,-0.64939225,0.12195420265197754,0.9940119981765747,0.7172434329986572
YFR029W,YIL080W,0,-0.6497667,0.1219392716884613,0.9940119981765747,0.7173434495925903
YBR066C,YOR339C,0,-0.6500262,0.12192434817552567,0.9940119981765747,0.7174434661865234
YNL236W,YMR186W,0,-0.65010047,0.12190942466259003,0.9940119981765747,0.7175434827804565
YKL071W,YAL005C,0,-0.65027833,0.12189450860023499,0.9940119981765747,0.7176434993743896
YGR278W,YDR206W,0,-0.65034795,0.12187959253787994,0.9940119981765747,0.7177435755729675
YDL022W,YCL004W,0,-0.65069354,0.1218646764755249,0.9940119981765747,0.7178435921669006
YLL051C,YBL041W,0,-0.6527233,0.12184976786375046,0.9940119981765747,0.7179436087608337
YDR329C,YBR103W,0,-0.6529331,0.12183485925197601,0.9940119981765747,0.7180436253547668
YLR035C,YIL160C,0,-0.65296483,0.12181995809078217,0.9940119981765747,0.7181436419487
YPR183W,YNL274C,0,-0.653486,0.12180506438016891,0.9940119981765747,0.7182436585426331
YJL113W,YGR278W,0,-0.6543894,0.12179017066955566,0.9940119981765747,0.7183436751365662
YKL188C,YMR029C,0,-0.65488625,0.12177527695894241,0.9940119981765747,0.7184436917304993
YLR228C,YAR044W,0,-0.65496075,0.12176039069890976,0.9940119981765747,0.7185437083244324
YLR107W,YNR007C,0,-0.6552347,0.1217455044388771,0.9940119981765747,0.7186437249183655
YOR255W,YMR224C,0,-0.6554731,0.12173062562942505,0.9940119981765747,0.7187437415122986
YDR260C,YOR389W,0,-0.65575635,0.12171575427055359,0.9940119981765747,0.7188437581062317
YNL039W,YBR213W,0,-0.6558118,0.12170088291168213,0.9940119981765747,0.7189437747001648
YPL164C,YER014C-A,0,-0.6560869,0.12168601155281067,0.9940119981765747,0.7190437912940979
YER056C-A,YLR368W,0,-0.6562876,0.1216711476445198,0.9940119981765747,0.719143807888031
YDR079C-A,YER120W,0,-0.6572945,0.12165628373622894,0.9940119981765747,0.7192438244819641
YEL056W,YMR145C,0,-0.65760636,0.12164142727851868,0.9940119981765747,0.7193438410758972
YGL169W,YMR067C,0,-0.6581862,0.12162657082080841,0.9940119981765747,0.7194439172744751
YBR236C,YMR058W,0,-0.6582438,0.12161172181367874,0.9940119981765747,0.7195439338684082
YBL021C,YDR338C,0,-0.6587615,0.12159687280654907,0.9940119981765747,0.7196439504623413
YCR066W,YDR182W,0,-0.65908104,0.12158203125,0.9940119981765747,0.7197439670562744
YDR104C,YGR054W,0,-0.6592159,0.12156718969345093,0.9940119981765747,0.7198439836502075
YMR268C,YOR178C,0,-0.6605266,0.12155235558748245,0.9940119981765747,0.7199440002441406
YDR291W,YER169W,0,-0.6605501,0.12153752148151398,0.9940119981765747,0.7200440168380737
YNL077W,YGL174W,0,-0.66317475,0.1215226948261261,0.9940119981765747,0.7201440334320068
YDR352W,YNL248C,0,-0.663257,0.12150786817073822,0.9940119981765747,0.7202440500259399
YDR334W,YBR298C,0,-0.66337955,0.12149304896593094,0.9940119981765747,0.720344066619873
YDR239C,YCL043C,0,-0.6641426,0.12147822976112366,0.9940119981765747,0.7204440832138062
YKL139W,YLR419W,0,-0.66425765,0.12146341800689697,0.9940119981765747,0.7205440998077393
YDL210W,YBL074C,0,-0.66514254,0.12144860625267029,0.9940119981765747,0.7206441164016724
YDR003W,YBR296C,0,-0.66588867,0.1214337944984436,0.9940119981765747,0.7207441329956055
YGR171C,YGR020C,0,-0.6661663,0.12141899019479752,0.9940119981765747,0.7208441495895386
YFR007W,YOR178C,0,-0.6663202,0.12140419334173203,0.9940119981765747,0.7209441661834717
YDL141W,YOR204W,0,-0.6666124,0.12138939648866653,0.9940119981765747,0.7210441827774048
YOL056W,YBR223C,0,-0.6668465,0.12137460708618164,0.9940119981765747,0.7211441993713379
YPL086C,YDR534C,0,-0.66740686,0.12135981768369675,0.9940119981765747,0.7212442755699158
YOR298W,YMR122W-A,0,-0.66749895,0.12134502828121185,0.9940119981765747,0.7213442921638489
YML026C,YGR209C,0,-0.66841096,0.12133024632930756,0.9940119981765747,0.721444308757782
YIL145C,YPL053C,0,-0.6687192,0.12131547182798386,0.9940119981765747,0.7215443253517151
YIL099W,YBL002W,0,-0.6687553,0.12130069732666016,0.9940119981765747,0.7216443419456482
YGR109C,YJR129C,0,-0.66896856,0.12128592282533646,0.9940119981765747,0.7217443585395813
YFL021W,YDR147W,0,-0.66897273,0.12127115577459335,0.9940119981765747,0.7218443751335144
YDL213C,YOR130C,0,-0.6699581,0.12125638872385025,0.9940119981765747,0.7219443917274475
YMR202W,YMR145C,0,-0.66996723,0.12124162912368774,0.9940119981765747,0.7220444083213806
YOR098C,YOL071W,0,-0.67077446,0.12122687697410583,0.9940119981765747,0.7221444249153137
YNL107W,YBR093C,0,-0.6713624,0.12121212482452393,0.9940119981765747,0.7222444415092468
YDR415C,YCR087C-A,0,-0.67196774,0.12119737267494202,0.9940119981765747,0.7223444581031799
YPR080W,YDR226W,0,-0.6719903,0.1211826279759407,0.9940119981765747,0.722444474697113
YPL159C,YJL072C,0,-0.67212284,0.12116788327693939,0.9940119981765747,0.7225444912910461
YKL061W,YEL036C,0,-0.67234874,0.12115314602851868,0.9940119981765747,0.7226445078849792
YHR164C,YJL100W,0,-0.67242503,0.12113840878009796,0.9940119981765747,0.7227445244789124
YBR239C,YFL010W-A,0,-0.67245597,0.12112367898225784,0.9940119981765747,0.7228445410728455
YKR026C,YLR246W,0,-0.6725477,0.12110894918441772,0.9940119981765747,0.7229446172714233
YIR014W,YOR022C,0,-0.6727903,0.1210942268371582,0.9940119981765747,0.7230446338653564
YCR020W-B,YPL103C,0,-0.6731039,0.12107950448989868,0.9940119981765747,0.7231446504592896
YPL108W,YMR269W,0,-0.67416465,0.12106478959321976,0.9940119981765747,0.7232446670532227
YGR128C,YFR031C,0,-0.6745374,0.12105007469654083,0.9940119981765747,0.7233446836471558
YMR013C,YML111W,0,-0.67458737,0.12103535979986191,0.9940119981765747,0.7234447002410889
YLR022C,YBR167C,0,-0.6749133,0.12102065980434418,0.9940119981765747,0.723544716835022
YDR079C-A,YDR113C,0,-0.67531407,0.12100595235824585,0.9940119981765747,0.7236447334289551
YEL055C,YLR410W,0,-0.6753677,0.12099125236272812,0.9940119981765747,0.7237447500228882
YJL002C,YKL022C,0,-0.6755183,0.12097655981779099,0.9940119981765747,0.7238447666168213
YJR014W,YDR352W,0,-0.6761867,0.12096186727285385,0.9940119981765747,0.7239447832107544
YCR066W,YDR109C,0,-0.6761979,0.12094717472791672,0.9940119981765747,0.7240447998046875
YBR265W,YNL268W,0,-0.6766427,0.12093248963356018,0.9940119981765747,0.7241448163986206
YBL016W,YEL063C,0,-0.6767334,0.12091781198978424,0.9940119981765747,0.7242448329925537
YPL055C,YJL219W,0,-0.677334,0.1209031343460083,0.9940119981765747,0.7243448495864868
YJR022W,YDL232W,0,-0.67800033,0.12088845670223236,0.9940119981765747,0.7244448661804199
YLR109W,YDL114W,0,-0.6784923,0.12087378650903702,0.9940119981765747,0.724544882774353
YDL039C,YBL103C,0,-0.67889357,0.12085911631584167,0.9940119981765747,0.7246448993682861
YOL165C,YHR012W,0,-0.6790618,0.12084445357322693,0.9940119981765747,0.724744975566864
YDR411C,YLR395C,0,-0.6791004,0.12082979828119278,0.9940119981765747,0.7248449921607971
YER022W,YDR388W,0,-0.67962044,0.12081513553857803,0.9940119981765747,0.7249450087547302
YPR094W,YLL008W,0,-0.6799607,0.12080048769712448,0.9940119981765747,0.7250450253486633
YOL057W,YPR127W,0,-0.68017876,0.12078583240509033,0.9940119981765747,0.7251450419425964
YML128C,YOL045W,0,-0.6804497,0.12077119201421738,0.9940119981765747,0.7252450585365295
YML058W,YNL330C,0,-0.6805068,0.12075654417276382,0.9940119981765747,0.7253450751304626
YLR014C,YGR186W,0,-0.68060565,0.12074191123247147,0.9940119981765747,0.7254450917243958
YDL110C,YGR209C,0,-0.6809169,0.12072727084159851,0.9940119981765747,0.7255451083183289
YBR127C,YNL151C,0,-0.68112236,0.12071263790130615,0.9940119981765747,0.725645124912262
YBL091C-A,YGL106W,0,-0.6832752,0.12069801241159439,0.9940119981765747,0.7257451415061951
YDR520C,YLR376C,0,-0.683624,0.12068338692188263,0.9940119981765747,0.7258451581001282
YAL010C,YMR204C,0,-0.6839073,0.12066876888275146,0.9940119981765747,0.7259451746940613
YPL202C,YNL252C,0,-0.6839545,0.1206541508436203,0.9940119981765747,0.7260451912879944
YOL125W,YLL008W,0,-0.68477786,0.12063953280448914,0.9940119981765747,0.7261452078819275
YIL050W,YDR174W,0,-0.6848643,0.12062492221593857,0.9940119981765747,0.7262452244758606
YPL190C,YDR279W,0,-0.6850189,0.1206103190779686,0.9940119981765747,0.7263452410697937
YDL022W,YDR177W,0,-0.68887967,0.12059571593999863,0.9940119981765747,0.7264453172683716
YLR107W,YDR348C,0,-0.68936706,0.12058111280202866,0.9940119981765747,0.7265453338623047
YOR355W,YLR348C,0,-0.68940187,0.12056651711463928,0.9940119981765747,0.7266453504562378
YMR217W,YEL015W,0,-0.68989336,0.12055192142724991,0.9940119981765747,0.7267453670501709
YGL190C,YGR070W,0,-0.6902797,0.12053733319044113,0.9940119981765747,0.726845383644104
YHL004W,YHR069C,0,-0.6906857,0.12052275240421295,0.9940119981765747,0.7269454002380371
YDR447C,YGR280C,0,-0.6909309,0.12050816416740417,0.9940119981765747,0.7270454168319702
YKL201C,YER020W,0,-0.6911854,0.12049359083175659,0.9940119981765747,0.7271454334259033
YGL141W,YPL230W,0,-0.69155777,0.12047901004552841,0.9940119981765747,0.7272454500198364
YAL012W,YMR016C,0,-0.6925652,0.12046444416046143,0.9940119981765747,0.7273454666137695
YDR408C,YPL167C,0,-0.69316703,0.12044987082481384,0.9940119981765747,0.7274454832077026
YDR485C,YMR287C,0,-0.69331884,0.12043530493974686,0.9940119981765747,0.7275454998016357
YLR272C,YLR224W,0,-0.6939044,0.12042074650526047,0.9940119981765747,0.7276455163955688
YER162C,YLR421C,0,-0.6945746,0.12040618807077408,0.9940119981765747,0.727745532989502
YGR169C,YLR423C,0,-0.6946869,0.12039163708686829,0.9940119981765747,0.7278455495834351
YJL033W,YML109W,0,-0.69486773,0.1203770861029625,0.9940119981765747,0.7279455661773682
YPL055C,YOR292C,0,-0.69503546,0.1203625351190567,0.9940119981765747,0.7280455827713013
YGR282C,YIL124W,0,-0.69505715,0.1203479915857315,0.9940119981765747,0.7281455993652344
YNR020C,YNL037C,0,-0.69509244,0.12033345550298691,0.9940119981765747,0.7282456755638123
YBL022C,YOL039W,0,-0.69653976,0.12031891942024231,0.9940119981765747,0.7283456921577454
YDR120C,YGR203W,0,-0.6968657,0.12030438333749771,0.9940119981765747,0.7284457087516785
YBL005W-B,YJR057W,0,-0.69690907,0.12028985470533371,0.9940119981765747,0.7285457253456116
YMR271C,YJR144W,0,-0.6971749,0.12027532607316971,0.9940119981765747,0.7286457419395447
YJL206C,YDR073W,0,-0.69746065,0.1202608048915863,0.9940119981765747,0.7287457585334778
YGR158C,YMR186W,0,-0.69771767,0.1202462911605835,0.9940119981765747,0.7288457751274109
YER104W,YKR057W,0,-0.6979779,0.12023176997900009,0.9940119981765747,0.728945791721344
YDL210W,YCR023C,0,-0.69820386,0.12021726369857788,0.9940119981765747,0.7290458083152771
YBL019W,YDL170W,0,-0.69830084,0.12020274996757507,0.9940119981765747,0.7291458249092102
YJL207C,YGR077C,0,-0.69835293,0.12018824368715286,0.9940119981765747,0.7292458415031433
YDR483W,YER054C,0,-0.69851434,0.12017374485731125,0.9940119981765747,0.7293458580970764
YGL135W,YMR239C,0,-0.6988599,0.12015924602746964,0.9940119981765747,0.7294458746910095
YDL056W,YIL110W,0,-0.6991303,0.12014475464820862,0.9940119981765747,0.7295458912849426
YDL049C,YLR376C,0,-0.69972754,0.1201302632689476,0.9940119981765747,0.7296459078788757
YMR186W,YMR229C,0,-0.7002567,0.12011577188968658,0.9940119981765747,0.7297459244728088
YGL161C,YFL066C,0,-0.70097136,0.12010128796100616,0.9940119981765747,0.7298459410667419
YHR109W,YNL151C,0,-0.70166326,0.12008681148290634,0.9940119981765747,0.7299460172653198
YIL139C,YPL129W,0,-0.70211446,0.12007233500480652,0.9940119981765747,0.7300460338592529
YJR125C,YDL069C,0,-0.7025683,0.1200578585267067,0.9940119981765747,0.730146050453186
YDR054C,YJL115W,0,-0.7025858,0.12004338949918747,0.9940119981765747,0.7302460670471191
YLR009W,YDL110C,0,-0.7034774,0.12002892047166824,0.9940119981765747,0.7303460836410522
YFR005C,YOL109W,0,-0.7041446,0.12001445889472961,0.9940119981765747,0.7304461002349854
YGR262C,YHR172W,0,-0.7041627,0.11999999731779099,0.9940119981765747,0.7305461168289185
YBR142W,YOR393W,0,-0.7048974,0.11998554319143295,0.9940119981765747,0.7306461334228516
YOL104C,YMR281W,0,-0.7050128,0.11997108906507492,0.9940119981765747,0.7307461500167847
YDL166C,YML001W,0,-0.70515,0.11995664238929749,0.9940119981765747,0.7308461666107178
YPR019W,YPR006C,0,-0.705696,0.11994219571352005,0.9940119981765747,0.7309461832046509
YGL213C,YOR344C,0,-0.705817,0.11992775648832321,0.9940119981765747,0.731046199798584
YDR044W,YLR033W,0,-0.706738,0.11991331726312637,0.9940119981765747,0.7311462163925171
YGR105W,YDL045W-A,0,-0.7073407,0.11989887803792953,0.9940119981765747,0.7312462329864502
YOR215C,YLL022C,0,-0.7079848,0.1198844462633133,0.9940119981765747,0.7313462495803833
YGL113W,YOR226C,0,-0.7088131,0.11987002193927765,0.9940119981765747,0.7314462661743164
YMR304W,YMR020W,0,-0.7090498,0.119855597615242,0.9940119981765747,0.7315462827682495
YER055C,YGL123W,0,-0.70908844,0.11984117329120636,0.9940119981765747,0.7316463589668274
YLR048W,YOR328W,0,-0.70917016,0.11982675641775131,0.9940119981765747,0.7317463755607605
YEL029C,YLL005C,0,-0.70925844,0.11981233954429626,0.9940119981765747,0.7318463921546936
YPL240C,YLR038C,0,-0.70990264,0.11979793012142181,0.9940119981765747,0.7319464087486267
YLR014C,YBL106C,0,-0.7100539,0.11978352069854736,0.9940119981765747,0.7320464253425598
YOL028C,YDR119W,0,-0.7103747,0.11976911872625351,0.9940119981765747,0.7321464419364929
YER044C,YPR184W,0,-0.7107444,0.11975471675395966,0.9940119981765747,0.732246458530426
YML051W,YPL072W,0,-0.71152544,0.1197403222322464,0.9940119981765747,0.7323464751243591
YDR143C,YCL034W,0,-0.7117172,0.11972592771053314,0.9940119981765747,0.7324464917182922
YBR290W,YDL033C,0,-0.7123695,0.11971154063940048,0.9940119981765747,0.7325465083122253
YDR073W,YKL184W,0,-0.71293485,0.11969715356826782,0.9940119981765747,0.7326465249061584
YDR403W,YNR001C,0,-0.7131679,0.11968276649713516,0.9940119981765747,0.7327465415000916
YML099C,YDR356W,0,-0.71378887,0.1196683868765831,0.9940119981765747,0.7328465580940247
YOR360C,YPR056W,0,-0.7145772,0.11965401470661163,0.9940119981765747,0.7329465746879578
YOR020C,YOR344C,0,-0.7150111,0.11963964253664017,0.9940119981765747,0.7330465912818909
YIL157C,YBR264C,0,-0.71535015,0.1196252703666687,0.9940119981765747,0.733146607875824
YJL111W,YLR301W,0,-0.71577215,0.11961090564727783,0.9940119981765747,0.7332466244697571
YPL159C,YIL079C,0,-0.7160839,0.11959654092788696,0.9940119981765747,0.7333466410636902
YOR039W,YLL055W,0,-0.7162511,0.11958218365907669,0.9940119981765747,0.7334467172622681
YJL014W,YIL112W,0,-0.7163541,0.11956782639026642,0.9940119981765747,0.7335467338562012
YOR288C,YGL254W,0,-0.7164198,0.11955347657203674,0.9940119981765747,0.7336467504501343
YPR111W,YDR144C,0,-0.7168219,0.11953912675380707,0.9940119981765747,0.7337467670440674
YDR118W,YJL116C,0,-0.7171935,0.11952478438615799,0.9940119981765747,0.7338467836380005
YIR032C,YDR320C-A,0,-0.717313,0.11951044201850891,0.9940119981765747,0.7339468002319336
YDL156W,YKL212W,0,-0.71757483,0.11949609965085983,0.9940119981765747,0.7340468168258667
YDL129W,YPR137W,0,-0.7183361,0.11948176473379135,0.9940119981765747,0.7341468334197998
YDL198C,YDR425W,0,-0.71847403,0.11946743726730347,0.9940119981765747,0.7342468500137329
YLR100W,YBR198C,0,-0.71888924,0.11945310980081558,0.9940119981765747,0.734346866607666
YHR066W,YPL123C,0,-0.7191801,0.1194387823343277,0.9940119981765747,0.7344468832015991
YOR317W,YGL244W,0,-0.7192861,0.11942446231842041,0.9940119981765747,0.7345468997955322
YBR061C,YHR117W,0,-0.71936846,0.11941014230251312,0.9940119981765747,0.7346469163894653
YGR225W,YGR183C,0,-0.72069657,0.11939582973718643,0.9940119981765747,0.7347469329833984
YOR100C,YNL077W,0,-0.72101283,0.11938151717185974,0.9940119981765747,0.7348469495773315
YGR098C,YKL216W,0,-0.72116756,0.11936721205711365,0.9940119981765747,0.7349469661712646
YBR267W,YBR290W,0,-0.72172546,0.11935290694236755,0.9940119981765747,0.7350469827651978
YBL067C,YKL113C,0,-0.7231382,0.11933860182762146,0.9940119981765747,0.7351470589637756
YIR011C,YHR178W,0,-0.72371805,0.11932431161403656,0.9940119981765747,0.7352470755577087
YPR080W,YML051W,0,-0.72448134,0.11931001394987106,0.9940119981765747,0.7353470921516418
YAL009W,YDL005C,0,-0.72451174,0.11929572373628616,0.9940119981765747,0.735447108745575
YMR267W,YOL103W,0,-0.7246829,0.11928143352270126,0.9940119981765747,0.7355471253395081
YBR294W,YGR184C,0,-0.7247689,0.11926715075969696,0.9940119981765747,0.7356471419334412
YBR299W,YJL108C,0,-0.7249348,0.11925287544727325,0.9940119981765747,0.7357471585273743
YLR043C,YNL209W,0,-0.7251371,0.11923860013484955,0.9940119981765747,0.7358471751213074
YHR206W,YMR302C,0,-0.72561693,0.11922432482242584,0.9940119981765747,0.7359471917152405
YAL020C,YBL019W,0,-0.7264645,0.11921005696058273,0.9940119981765747,0.7360472083091736
YKR103W,YOR148C,0,-0.7268456,0.11919578909873962,0.9940119981765747,0.7361472249031067
YGR061C,YCL061C,0,-0.727034,0.11918152123689651,0.9940119981765747,0.7362472414970398
YJL033W,YOR256C,0,-0.727823,0.1191672682762146,0.9940119981765747,0.7363472580909729
YBR185C,YKL101W,0,-0.7280406,0.11915300786495209,0.9940119981765747,0.736447274684906
YEL055C,YBR258C,0,-0.7285199,0.11913875490427017,0.9940119981765747,0.7365472912788391
YPL033C,YEL050C,0,-0.7287532,0.11912450939416885,0.9940119981765747,0.7366473078727722
YOR077W,YIL094C,0,-0.72954166,0.11911026388406754,0.9940119981765747,0.7367473244667053
YIR017C,YMR070W,0,-0.73055947,0.11909601837396622,0.9940119981765747,0.7368473410606384
YAL032C,YNL309W,0,-0.7317853,0.1190817803144455,0.9940119981765747,0.7369474172592163
YGL029W,YGL035C,0,-0.73185146,0.11906754225492477,0.9940119981765747,0.7370474338531494
YIL010W,YPR137W,0,-0.73185956,0.11905331164598465,0.9940119981765747,0.7371474504470825
YIL135C,YEL040W,0,-0.73186314,0.11903908103704453,0.9940119981765747,0.7372474670410156
YCL034W,YHR160C,0,-0.73207855,0.119024857878685,0.9940119981765747,0.7373474836349487
YPR200C,YMR203W,0,-0.73208654,0.11901063472032547,0.9940119981765747,0.7374475002288818
YKR103W,YJL125C,0,-0.73280907,0.11899641901254654,0.9940119981765747,0.7375475168228149
YPL106C,YCL061C,0,-0.7333592,0.11898220330476761,0.9940119981765747,0.737647533416748
YKR036C,YKL101W,0,-0.73358977,0.11896798759698868,0.9940119981765747,0.7377475500106812
YDL215C,YBR217W,0,-0.73555815,0.11895377933979034,0.9940119981765747,0.7378475666046143
YBR198C,YMR216C,0,-0.7357842,0.11893957853317261,0.9940119981765747,0.7379475831985474
YPL081W,YNL131W,0,-0.736006,0.11892537027597427,0.9940119981765747,0.7380475997924805
YGR148C,YMR117C,0,-0.7379503,0.11891117691993713,0.9940119981765747,0.7381476163864136
YMR228W,YER184C,0,-0.7381685,0.1188969761133194,0.9940119981765747,0.7382476329803467
YLR099C,YMR306W,0,-0.7388128,0.11888279020786285,0.9940119981765747,0.7383476495742798
YPL088W,YBR221C,0,-0.73888826,0.11886859685182571,0.9940119981765747,0.7384476661682129
YDL044C,YCR071C,0,-0.7391473,0.11885441839694977,0.9940119981765747,0.738547682762146
YGR108W,YPR184W,0,-0.7399703,0.11884023249149323,0.9940119981765747,0.7386477589607239
YGR001C,YDR211W,0,-0.7403616,0.11882605403661728,0.9940119981765747,0.738747775554657
YFR003C,YGL200C,0,-0.7410402,0.11881188303232193,0.9940119981765747,0.7388477921485901
YLR268W,YGR257C,0,-0.7413087,0.11879771202802658,0.9940119981765747,0.7389478087425232
YDR081C,YDR322W,0,-0.74261653,0.11878354102373123,0.9940119981765747,0.7390478253364563
YDR079C-A,YBR031W,0,-0.74287987,0.11876937747001648,0.9940119981765747,0.7391478419303894
YOR328W,YHR179W,0,-0.74379003,0.11875521391630173,0.9940119981765747,0.7392478585243225
YIL083C,YDR478W,0,-0.74391866,0.11874105781316757,0.9940119981765747,0.7393478751182556
YJL065C,YBL021C,0,-0.7444978,0.11872690171003342,0.9940119981765747,0.7394478917121887
YNL323W,YNL101W,0,-0.7467551,0.11871275305747986,0.9940119981765747,0.7395479083061218
YDL036C,YBL041W,0,-0.74743676,0.1186986044049263,0.9940119981765747,0.7396479249000549
YDR527W,YGR063C,0,-0.7474531,0.11868446320295334,0.9940119981765747,0.739747941493988
YGL222C,YBR129C,0,-0.7476518,0.11867032200098038,0.9940119981765747,0.7398479580879211
YMR088C,YLR226W,0,-0.74772346,0.11865618079900742,0.9940119981765747,0.7399479746818542
YBR087W,YDR507C,0,-0.74779034,0.11864204704761505,0.9940119981765747,0.7400479912757874
YFL004W,YCL034W,0,-0.74809813,0.11862792074680328,0.9940119981765747,0.7401480078697205
YMR214W,YML111W,0,-0.74837446,0.11861378699541092,0.9940119981765747,0.7402480244636536
YNL107W,YML132W,0,-0.7486317,0.11859966814517975,0.9940119981765747,0.7403480410575867
YOL067C,YPR185W,0,-0.7489685,0.11858554929494858,0.9940119981765747,0.7404481172561646
YLR103C,YDR115W,0,-0.74908173,0.11857143044471741,0.9940119981765747,0.7405481338500977
YKL161C,YMR014W,0,-0.7490978,0.11855731159448624,0.9940119981765747,0.7406481504440308
YNL282W,YNL339C,0,-0.74941695,0.11854320764541626,0.9940119981765747,0.7407481670379639
YMR112C,YIL129C,0,-0.74985135,0.11852909624576569,0.9940119981765747,0.740848183631897
YKL090W,YML060W,0,-0.749967,0.11851499229669571,0.9940119981765747,0.7409482002258301
YDR415C,YNL152W,0,-0.7506435,0.11850089579820633,0.9940119981765747,0.7410482168197632
YJL125C,YLL003W,0,-0.7507762,0.11848679184913635,0.9940119981765747,0.7411482334136963
YJL113W,YDL222C,0,-0.7513311,0.11847270280122757,0.9940119981765747,0.7412482500076294
YMR289W,YDR253C,0,-0.7515203,0.11845861375331879,0.9940119981765747,0.7413482666015625
YBR152W,YPL202C,0,-0.75212455,0.11844452470541,0.9940119981765747,0.7414482831954956
YLL001W,YER029C,0,-0.7527163,0.11843044310808182,0.9940119981765747,0.7415482997894287
YER173W,YBR056W,0,-0.7527257,0.11841636151075363,0.9940119981765747,0.7416483163833618
YKL109W,YGL009C,0,-0.7538328,0.11840227991342545,0.9940119981765747,0.7417483329772949
YJL111W,YMR150C,0,-0.7545043,0.11838820576667786,0.9940119981765747,0.741848349571228
YLR336C,YLR309C,0,-0.75451636,0.11837413907051086,0.9940119981765747,0.7419483661651611
YDR522C,YNR004W,0,-0.7546381,0.11836007237434387,0.9940119981765747,0.7420483827590942
YHR092C,YMR323W,0,-0.75479114,0.11834600567817688,0.9940119981765747,0.7421484589576721
YML042W,YDR352W,0,-0.7548584,0.11833194643259048,0.9940119981765747,0.7422484755516052
YCR060W,YMR161W,0,-0.75524485,0.11831788718700409,0.9940119981765747,0.7423484921455383
YGR052W,YBL055C,0,-0.7554486,0.11830383539199829,0.9940119981765747,0.7424485087394714
YPL274W,YLR316C,0,-0.75569355,0.11828978359699249,0.9940119981765747,0.7425485253334045
YNL262W,YNR060W,0,-0.7563112,0.11827573925256729,0.9940119981765747,0.7426485419273376
YDR198C,YDR084C,0,-0.7576133,0.11826169490814209,0.9940119981765747,0.7427485585212708
YDR498C,YIL172C,0,-0.7579199,0.11824765801429749,0.9940119981765747,0.7428485751152039
YMR240C,YJR160C,0,-0.75809383,0.11823362112045288,0.9940119981765747,0.742948591709137
YDL214C,YLR283W,0,-0.7581903,0.11821958422660828,0.9940119981765747,0.7430486083030701
YLR035C,YER051W,0,-0.75977635,0.11820555478334427,0.9940119981765747,0.7431486248970032
YNL335W,YGR113W,0,-0.76032066,0.11819152534008026,0.9940119981765747,0.7432486414909363
YNR011C,YOL146W,0,-0.760386,0.11817750334739685,0.9940119981765747,0.7433486580848694
YFL037W,YCR040W,0,-0.76043856,0.11816348135471344,0.9940119981765747,0.7434486746788025
YGR002C,YOL124C,0,-0.76088,0.11814946681261063,0.9940119981765747,0.7435486912727356
YBL075C,YKL073W,0,-0.7616906,0.11813545227050781,0.9940119981765747,0.7436487078666687
YBL076C,YOR243C,0,-0.76171494,0.1181214451789856,0.9940119981765747,0.7437487244606018
YCL018W,YOL155C,0,-0.76211655,0.11810743808746338,0.9940119981765747,0.7438487410545349
YOL117W,YEL052W,0,-0.7625445,0.11809343099594116,0.9940119981765747,0.7439488172531128
YDR171W,YEL077C,0,-0.7629262,0.11807943135499954,0.9940119981765747,0.7440488338470459
YFR021W,YBL071W-A,0,-0.7632276,0.11806543171405792,0.9940119981765747,0.744148850440979
YGL168W,YNL229C,0,-0.76324654,0.1180514395236969,0.9940119981765747,0.7442488670349121
YNL262W,YDR522C,0,-0.7633362,0.11803744733333588,0.9940119981765747,0.7443488836288452
YJR103W,YPR021C,0,-0.7642416,0.11802346259355545,0.9940119981765747,0.7444489002227783
YOR244W,YDR423C,0,-0.7648078,0.11800947785377502,0.9940119981765747,0.7445489168167114
YBR167C,YBR030W,0,-0.7653177,0.1179955005645752,0.9940119981765747,0.7446489334106445
YER161C,YNL172W,0,-0.76628757,0.11798152327537537,0.9940119981765747,0.7447489500045776
YHR007C,YDR158W,0,-0.76632214,0.11796754598617554,0.9940119981765747,0.7448489665985107
YPR187W,YKL209C,0,-0.76655376,0.1179535761475563,0.9940119981765747,0.7449489831924438
YGR132C,YGR198W,0,-0.7669771,0.11793960630893707,0.9940119981765747,0.745048999786377
YLR128W,YKL042W,0,-0.76712465,0.11792564392089844,0.9940119981765747,0.7451490163803101
YIL083C,YOL010W,0,-0.7674401,0.1179116815328598,0.9940119981765747,0.7452490329742432
YGR271W,YCR087C-A,0,-0.7680135,0.11789772659540176,0.9940119981765747,0.7453490495681763
YFL016C,YNL162W,0,-0.7684902,0.11788377165794373,0.9940119981765747,0.7454490661621094
YDR051C,YBL027W,0,-0.76864624,0.11786982417106628,0.9940119981765747,0.7455490827560425
YHR135C,YJL004C,0,-0.77002716,0.11785587668418884,0.9940119981765747,0.7456491589546204
YDL101C,YHR107C,0,-0.7704356,0.1178419291973114,0.9940119981765747,0.7457491755485535
YKR054C,YGR199W,0,-0.770512,0.11782798916101456,0.9940119981765747,0.7458491921424866
YOR131C,YLR283W,0,-0.7707478,0.11781404912471771,0.9940119981765747,0.7459492087364197
YKL008C,YPR056W,0,-0.7721822,0.11780011653900146,0.9940119981765747,0.7460492253303528
YKL161C,YOR095C,0,-0.7724649,0.11778618395328522,0.9940119981765747,0.7461492419242859
YHR052W,YDL138W,0,-0.77384424,0.11777225881814957,0.9940119981765747,0.746249258518219
YFR006W,YLR120C,0,-0.7739078,0.11775833368301392,0.9940119981765747,0.7463492751121521
YDR533C,YOL060C,0,-0.7744137,0.11774441599845886,0.9940119981765747,0.7464492917060852
YDR079C-A,YER058W,0,-0.7749475,0.11773049831390381,0.9940119981765747,0.7465493083000183
YER049W,YBR205W,0,-0.7751094,0.11771658062934875,0.9940119981765747,0.7466493248939514
YFL002W-A,YKL175W,0,-0.7751311,0.1177026703953743,0.9940119981765747,0.7467493414878845
YBR001C,YER012W,0,-0.7751765,0.11768876016139984,0.9940119981765747,0.7468493580818176
YML112W,YGR048W,0,-0.7752614,0.11767485737800598,0.9940119981765747,0.7469493746757507
YMR038C,YKL012W,0,-0.7752824,0.11766095459461212,0.9940119981765747,0.7470493912696838
YAL013W,YGR214W,0,-0.77575755,0.11764705926179886,0.9940119981765747,0.7471494078636169
YBL069W,YGR118W,0,-0.7763226,0.1176331639289856,0.9940119981765747,0.74724942445755
YPR094W,YKR094C,0,-0.77637124,0.11761927604675293,0.9940119981765747,0.7473494410514832
YIR021W,YOR181W,0,-0.7765533,0.11760538071393967,0.9940119981765747,0.747449517250061
YLL029W,YOR274W,0,-0.7770778,0.1175915002822876,0.9940119981765747,0.7475495338439941
YJL048C,YDR387C,0,-0.7779026,0.11757761985063553,0.9940119981765747,0.7476495504379272
YCL034W,YGL174W,0,-0.7786417,0.11756373941898346,0.9940119981765747,0.7477495670318604
YDR104C,YHR092C,0,-0.7789389,0.11754986643791199,0.9940119981765747,0.7478495836257935
YJR032W,YER029C,0,-0.77973676,0.11753599345684052,0.9940119981765747,0.7479496002197266
YIL079C,YDL174C,0,-0.7800863,0.11752212047576904,0.9940119981765747,0.7480496168136597
YIL039W,YDR338C,0,-0.7811698,0.11750825494527817,0.9940119981765747,0.7481496334075928
YIR011C,YML110C,0,-0.7822112,0.11749439686536789,0.9940119981765747,0.7482496500015259
YDR233C,YGR032W,1,-0.7825525,0.11759848892688751,0.9950099587440491,0.7482496500015259
YHR092C,YJR006W,0,-0.7836107,0.11758462339639664,0.9950099587440491,0.748349666595459
YPL081W,YBR033W,0,-0.7838961,0.11757075786590576,0.9950099587440491,0.7484496831893921
YCR093W,YMR224C,0,-0.78479755,0.11755689233541489,0.9950099587440491,0.7485496997833252
YML010W,YOL043C,0,-0.785009,0.11754303425550461,0.9950099587440491,0.7486497163772583
YHR069C,YLR222C,0,-0.7855544,0.11752917617559433,0.9950099587440491,0.7487497329711914
YER137C-A,YLR105C,0,-0.7857883,0.11751532554626465,0.9950099587440491,0.7488497495651245
YDR454C,YOL097C,0,-0.7866292,0.11750147491693497,0.9950099587440491,0.7489497661590576
YGL050W,YER073W,0,-0.7866849,0.11748762428760529,0.9950099587440491,0.7490497827529907
YHL027W,YER087C-B,0,-0.78800917,0.1174737811088562,0.9950099587440491,0.7491498589515686
YDR242W,YJL090C,0,-0.78835833,0.11745994538068771,0.9950099587440491,0.7492498755455017
YDL122W,YJL149W,0,-0.78858495,0.11744610965251923,0.9950099587440491,0.7493498921394348
YNL308C,YLL023C,0,-0.7886456,0.11743227392435074,0.9950099587440491,0.7494499087333679
YOR353C,YNL080C,0,-0.7890905,0.11741844564676285,0.9950099587440491,0.749549925327301
YDR496C,YLR385C,0,-0.7899004,0.11740461736917496,0.9950099587440491,0.7496499419212341
YCL011C,YHR134W,0,-0.7906914,0.11739078909158707,0.9950099587440491,0.7497499585151672
YLR343W,YNL282W,0,-0.79089403,0.11737696826457977,0.9950099587440491,0.7498499751091003
YGR061C,YGR086C,0,-0.791142,0.11736315488815308,0.9950099587440491,0.7499499917030334
YDL107W,YDL005C,0,-0.7912123,0.11734934151172638,0.9950099587440491,0.7500500082969666
YDL021W,YCL030C,0,-0.79129314,0.11733552813529968,0.9950099587440491,0.7501500248908997
YCL032W,YHR160C,0,-0.7923937,0.11732172220945358,0.9950099587440491,0.7502500414848328
YML039W,YDR416W,0,-0.7925595,0.11730791628360748,0.9950099587440491,0.7503500580787659
YPL177C,YDR538W,0,-0.79287946,0.11729411780834198,0.9950099587440491,0.750450074672699
YER103W,YDR211W,0,-0.7935624,0.11728031933307648,0.9950099587440491,0.7505500912666321
YGL209W,YDL049C,0,-0.794889,0.11726652830839157,0.9950099587440491,0.7506501078605652
YPR019W,YPL265W,0,-0.79617393,0.11725273728370667,0.9950099587440491,0.7507501244544983
YJR022W,YJR130C,0,-0.7965642,0.11723894625902176,0.9950099587440491,0.7508501410484314
YML130C,YOR332W,0,-0.7967199,0.11722516268491745,0.9950099587440491,0.7509502172470093
YDL022W,YKL195W,0,-0.7969996,0.11721137911081314,0.9950099587440491,0.7510502338409424
YKL137W,YPL204W,0,-0.7970598,0.11719760298728943,0.9950099587440491,0.7511502504348755
YIL099W,YHR041C,0,-0.797328,0.11718382686376572,0.9950099587440491,0.7512502670288086
YPR079W,YIL084C,0,-0.7975544,0.1171700581908226,0.9950099587440491,0.7513502836227417
YBR084C-A,YHR109W,0,-0.79755497,0.11715628951787949,0.9950099587440491,0.7514503002166748
YMR241W,YLR155C,0,-0.797657,0.11714252084493637,0.9950099587440491,0.7515503168106079
YOR211C,YPL195W,0,-0.7979791,0.11712875962257385,0.9950099587440491,0.751650333404541
YPL033C,YDR432W,0,-0.7981366,0.11711499840021133,0.9950099587440491,0.7517503499984741
YOR313C,YNL315C,0,-0.7988857,0.11710124462842941,0.9950099587440491,0.7518503665924072
YBR172C,YOR206W,0,-0.80088377,0.11708749085664749,0.9950099587440491,0.7519503831863403
YJR145C,YPL032C,0,-0.802086,0.11707374453544617,0.9950099587440491,0.7520503997802734
YER065C,YNL212W,0,-0.80229163,0.11705999821424484,0.9950099587440491,0.7521504163742065
YMR019W,YAL001C,0,-0.8035823,0.11704625189304352,0.9950099587440491,0.7522504329681396
YCR033W,YPL276W,0,-0.80453277,0.11703251302242279,0.9950099587440491,0.7523504495620728
YDR324C,YMR257C,0,-0.8045417,0.11701878160238266,0.9950099587440491,0.7524504661560059
YGR116W,YDR446W,0,-0.8051715,0.11700504273176193,0.9950099587440491,0.752550482749939
YCR077C,YHR196W,0,-0.80567896,0.1169913187623024,0.9950099587440491,0.7526505589485168
YHL024W,YHR206W,0,-0.80668163,0.11697758734226227,0.9950099587440491,0.75275057554245
YDR055W,YHL020C,0,-0.8067827,0.11696386337280273,0.9950099587440491,0.7528505921363831
YLR373C,YNL119W,0,-0.8073925,0.1169501468539238,0.9950099587440491,0.7529506087303162
YPL249C-A,YAL058W,0,-0.8074676,0.11693643033504486,0.9950099587440491,0.7530506253242493
YKL174C,YAL035W,0,-0.8078122,0.11692271381616592,0.9950099587440491,0.7531506419181824
YLR117C,YLR164W,0,-0.8081162,0.11690900474786758,0.9950099587440491,0.7532506585121155
YNR057C,YMR270C,0,-0.80815136,0.11689529567956924,0.9950099587440491,0.7533506751060486
YAL060W,YLR013W,0,-0.8084234,0.1168815940618515,0.9950099587440491,0.7534506916999817
YOR244W,YDR170W-A,0,-0.8092468,0.11686789244413376,0.9950099587440491,0.7535507082939148
YGR222W,YIL051C,0,-0.8100116,0.11685419827699661,0.9950099587440491,0.7536507248878479
YDR151C,YJR043C,0,-0.81126964,0.11684050410985947,0.9950099587440491,0.753750741481781
YPL055C,YML116W,0,-0.81162846,0.11682680994272232,0.9950099587440491,0.7538507580757141
YPL212C,YOR036W,0,-0.8125552,0.11681312322616577,0.9950099587440491,0.7539507746696472
YIL063C,YGR140W,0,-0.8126116,0.11679943650960922,0.9950099587440491,0.7540507912635803
YDL205C,YGL039W,0,-0.81304884,0.11678575724363327,0.9950099587440491,0.7541508078575134
YJL019W,YBL005W-A,0,-0.81346583,0.11677207797765732,0.9950099587440491,0.7542508244514465
YBR031W,YER175C,0,-0.81377745,0.11675840616226196,0.9950099587440491,0.7543508410453796
YDL092W,YOL071W,0,-0.8138746,0.11674473434686661,0.9950099587440491,0.7544509172439575
YJR007W,YLR376C,0,-0.8141124,0.11673106253147125,0.9950099587440491,0.7545509338378906
YBR074W,YDR523C,0,-0.8144262,0.1167173981666565,0.9950099587440491,0.7546509504318237
YDL079C,YGR209C,0,-0.8153869,0.11670373380184174,0.9950099587440491,0.7547509670257568
YPL258C,YJR158W,0,-0.8156215,0.11669007688760757,0.9950099587440491,0.7548509836196899
YJR022W,YFL001W,0,-0.8157147,0.11667641997337341,0.9950099587440491,0.754951000213623
YDR389W,YJL138C,0,-0.8157196,0.11666276305913925,0.9950099587440491,0.7550510168075562
YBR183W,YDR018C,0,-0.8158457,0.11664911359548569,0.9950099587440491,0.7551510334014893
YPL026C,YKL096W,0,-0.8161205,0.11663547158241272,0.9950099587440491,0.7552510499954224
YMR019W,YOL077W-A,0,-0.8177167,0.11662182956933975,0.9950099587440491,0.7553510665893555
YHR056C,YFL031W,0,-0.8178098,0.11660818755626678,0.9950099587440491,0.7554510831832886
YNR039C,YMR019W,0,-0.8182869,0.11659455299377441,0.9950099587440491,0.7555510997772217
YDL205C,YOR339C,0,-0.8185278,0.11658091843128204,0.9950099587440491,0.7556511163711548
YCL034W,YDL204W,1,-0.81869006,0.1166842058300972,0.9960079789161682,0.7556511163711548
YER078C,YJL090C,0,-0.8192694,0.11667056381702423,0.9960079789161682,0.7557511329650879
YLR119W,YML074C,0,-0.81967485,0.11665692925453186,0.9960079789161682,0.755851149559021
YJL113W,YPL015C,0,-0.8197919,0.11664329469203949,0.9960079789161682,0.7559511661529541
YMR106C,YOL016C,0,-0.8200996,0.11662966012954712,0.9960079789161682,0.7560511827468872
YDR219C,YKL152C,0,-0.82031035,0.11661603301763535,0.9960079789161682,0.7561512589454651
YJR016C,YER078C,0,-0.8210989,0.11660240590572357,0.9960079789161682,0.7562512755393982
YPR178W,YOR044W,0,-0.8211827,0.1165887862443924,0.9960079789161682,0.7563512921333313
YGR029W,YOR228C,0,-0.8215308,0.11657516658306122,0.9960079789161682,0.7564513087272644
YER147C,YBR280C,0,-0.82175565,0.11656155437231064,0.9960079789161682,0.7565513253211975
YGL169W,YDR443C,0,-0.82310295,0.11654794216156006,0.9960079789161682,0.7566513419151306
YDR527W,YMR017W,0,-0.8233094,0.11653432995080948,0.9960079789161682,0.7567513585090637
YOL102C,YIL094C,0,-0.8233768,0.1165207251906395,0.9960079789161682,0.7568513751029968
YDL130W,YPR138C,0,-0.8252616,0.11650712043046951,0.9960079789161682,0.7569513916969299
YBR041W,YKR022C,0,-0.82572556,0.11649352312088013,0.9960079789161682,0.757051408290863
YDL074C,YPR098C,0,-0.8269249,0.11647992581129074,0.9960079789161682,0.7571514248847961
YFL013C,YMR099C,0,-0.8271431,0.11646632850170135,0.9960079789161682,0.7572514414787292
YNL223W,YKL021C,0,-0.8274139,0.11645273864269257,0.9960079789161682,0.7573514580726624
YDR376W,YBR041W,0,-0.82743204,0.11643915623426437,0.9960079789161682,0.7574514746665955
YCR060W,YLR024C,0,-0.8276856,0.11642557382583618,0.9960079789161682,0.7575514912605286
YMR078C,YFL066C,0,-0.82786596,0.11641199141740799,0.9960079789161682,0.7576515078544617
YER168C,YDL045W-A,0,-0.82814395,0.1163984164595604,0.9960079789161682,0.7577515244483948
YJR055W,YMR186W,0,-0.82820666,0.1163848415017128,0.9960079789161682,0.7578515410423279
YBR236C,YEL055C,0,-0.82857525,0.1163712665438652,0.9960079789161682,0.7579516172409058
YKL164C,YHR176W,0,-0.8285949,0.1163576990365982,0.9960079789161682,0.7580516338348389
YEL055C,YMR180C,0,-0.8286036,0.1163441389799118,0.9960079789161682,0.758151650428772
YJL221C,YDL114W,0,-0.82867897,0.1163305714726448,0.9960079789161682,0.7582516670227051
YML010W,YKL216W,0,-0.82970405,0.116317018866539,0.9960079789161682,0.7583516836166382
YGR189C,YPR065W,0,-0.8297249,0.1163034588098526,0.9960079789161682,0.7584517002105713
YGR195W,YPR020W,0,-0.82975185,0.1162899062037468,0.9960079789161682,0.7585517168045044
YDR487C,YOL100W,0,-0.83053195,0.11627636104822159,0.9960079789161682,0.7586517333984375
YDR079C-A,YDL028C,0,-0.8312514,0.11626281589269638,0.9960079789161682,0.7587517499923706
YLR318W,YNL175C,0,-0.83215106,0.11624927073717117,0.9960079789161682,0.7588517665863037
YOR033C,YCL026C-B,0,-0.83268213,0.11623573303222656,0.9960079789161682,0.7589517831802368
YDL180W,YLR307W,0,-0.833735,0.11622219532728195,0.9960079789161682,0.7590517997741699
YBR093C,YPL276W,0,-0.83444726,0.11620866507291794,0.9960079789161682,0.759151816368103
YKL020C,YAL054C,0,-0.8357556,0.11619513481855392,0.9960079789161682,0.7592518329620361
YOR144C,YJR090C,0,-0.83591664,0.11618160456418991,0.9960079789161682,0.7593518495559692
YEL054C,YLR106C,0,-0.8360872,0.1161680817604065,0.9960079789161682,0.7594518661499023
YOR313C,YMR233W,0,-0.8362105,0.11615455895662308,0.9960079789161682,0.7595518827438354
YMR077C,YOR010C,0,-0.8364018,0.11614104360342026,0.9960079789161682,0.7596519589424133
YBR195C,YHR056C,0,-0.8364197,0.11612752825021744,0.9960079789161682,0.7597519755363464
YOR080W,YJL213W,0,-0.83687186,0.11611402034759521,0.9960079789161682,0.7598519921302795
YKL059C,YMR214W,0,-0.83689153,0.11610051244497299,0.9960079789161682,0.7599520087242126
YPR144C,YJR135W-A,0,-0.8370489,0.11608700454235077,0.9960079789161682,0.7600520253181458
YIL113W,YHR060W,0,-0.83713853,0.11607350409030914,0.9960079789161682,0.7601520419120789
YOL125W,YJR158W,0,-0.8381392,0.11606000363826752,0.9960079789161682,0.760252058506012
YDR531W,YER078C,0,-0.8382535,0.11604651063680649,0.9960079789161682,0.7603520750999451
YGL253W,YJR010C-A,0,-0.83877504,0.11603301763534546,0.9960079789161682,0.7604520916938782
YPR167C,YHR064C,0,-0.8389269,0.11601953208446503,0.9960079789161682,0.7605521082878113
YDR173C,YPL042C,0,-0.8393619,0.1160060465335846,0.9960079789161682,0.7606521248817444
YMR011W,YGR086C,0,-0.8407674,0.11599256098270416,0.9960079789161682,0.7607521414756775
YOR261C,YLR233C,0,-0.84109104,0.11597908288240433,0.9960079789161682,0.7608521580696106
YNL218W,YML019W,0,-0.8414291,0.11596560478210449,0.9960079789161682,0.7609521746635437
YBL091C-A,YGR049W,0,-0.84194875,0.11595213413238525,0.9960079789161682,0.7610521912574768
YML113W,YJL159W,0,-0.8425971,0.11593866348266602,0.9960079789161682,0.7611522078514099
YBL027W,YMR227C,0,-0.84266984,0.11592519283294678,0.9960079789161682,0.761252224445343
YNL316C,YJL051W,0,-0.8436527,0.11591172963380814,0.9960079789161682,0.7613522410392761
YNL308C,YNL113W,0,-0.8456707,0.1158982664346695,0.9960079789161682,0.761452317237854
YER074W,YOR384W,0,-0.84579694,0.11588481068611145,0.9960079789161682,0.7615523338317871
YOR171C,YGR059W,1,-0.8462343,0.11598745733499527,0.9970059990882874,0.7615523338317871
YNL129W,YML080W,0,-0.84644663,0.11597399413585663,0.9970059990882874,0.7616523504257202
YOR217W,YDR322C-A,0,-0.8467554,0.11596053093671799,0.9970059990882874,0.7617523670196533
YPR096C,YBL085W,0,-0.84728837,0.11594707518815994,0.9970059990882874,0.7618523836135864
YMR097C,YOR061W,0,-0.84738445,0.1159336194396019,0.9970059990882874,0.7619524002075195
YEL047C,YDL065C,0,-0.8477502,0.11592016369104385,0.9970059990882874,0.7620524168014526
YMR106C,YML038C,0,-0.8484645,0.1159067153930664,0.9970059990882874,0.7621524333953857
YOR142W,YPL139C,0,-0.8488585,0.11589327454566956,0.9970059990882874,0.7622524499893188
YJR139C,YLR408C,0,-0.8492907,0.11587982624769211,0.9970059990882874,0.762352466583252
YKL074C,YGL208W,0,-0.8499943,0.11586638540029526,0.9970059990882874,0.7624524831771851
YCL075W,YGL180W,0,-0.85022104,0.115852952003479,0.9970059990882874,0.7625524997711182
YPL273W,YOR088W,0,-0.8503058,0.11583951860666275,0.9970059990882874,0.7626525163650513
YPL111W,YKL135C,0,-0.8514452,0.1158260852098465,0.9970059990882874,0.7627525329589844
YDL064W,YDL060W,0,-0.8519231,0.11581265926361084,0.9970059990882874,0.7628525495529175
YMR306W,YGR123C,0,-0.85226595,0.11579923331737518,0.9970059990882874,0.7629525661468506
YJL130C,YGL020C,0,-0.85252213,0.11578581482172012,0.9970059990882874,0.7630525827407837
YGL048C,YJL062W-A,0,-0.8533362,0.11577239632606506,0.9970059990882874,0.7631526589393616
YLR369W,YOR123C,0,-0.8536657,0.11575897783041,0.9970059990882874,0.7632526755332947
YDR173C,YDR186C,0,-0.85426307,0.11574556678533554,0.9970059990882874,0.7633526921272278
YOL067C,YDR060W,0,-0.8559878,0.11573215574026108,0.9970059990882874,0.7634527087211609
YBL018C,YBR227C,0,-0.8565141,0.11571875214576721,0.9970059990882874,0.763552725315094
YDR109C,YOR202W,0,-0.8567338,0.11570534855127335,0.9970059990882874,0.7636527419090271
YGL222C,YBR257W,0,-0.8568269,0.11569195240736008,0.9970059990882874,0.7637527585029602
YFR042W,YCR008W,0,-0.8569571,0.11567855626344681,0.9970059990882874,0.7638527750968933
YML078W,YMR038C,0,-0.8582524,0.11566516011953354,0.9970059990882874,0.7639527916908264
YBR281C,YFL053W,0,-0.8584142,0.11565177142620087,0.9970059990882874,0.7640528082847595
YFL041W,YKR029C,0,-0.8585708,0.1156383827328682,0.9970059990882874,0.7641528248786926
YMR190C,YOR329C,0,-0.8586391,0.11562500149011612,0.9970059990882874,0.7642528414726257
YML001W,YPL124W,0,-0.85868347,0.11561162024736404,0.9970059990882874,0.7643528580665588
YDR059C,YKL137W,0,-0.8598194,0.11559823900461197,0.9970059990882874,0.7644528746604919
YER119C,YMR020W,0,-0.8599516,0.11558486521244049,0.9970059990882874,0.764552891254425
YIL076W,YDL005C,0,-0.86012745,0.11557149142026901,0.9970059990882874,0.7646529078483582
YKL086W,YFR018C,0,-0.86023974,0.11555812507867813,0.9970059990882874,0.7647529244422913
YLR264W,YKL027W,0,-0.86025214,0.11554475873708725,0.9970059990882874,0.7648529410362244
YGR128C,YGL133W,0,-0.86030054,0.11553139984607697,0.9970059990882874,0.7649530172348022
YDR169C,YML113W,0,-0.86050856,0.11551804095506668,0.9970059990882874,0.7650530338287354
YMR079W,YGL046W,0,-0.86084175,0.1155046820640564,0.9970059990882874,0.7651530504226685
YGR272C,YOR298C-A,0,-0.86084175,0.11549133062362671,0.9970059990882874,0.7652530670166016
YGL046W,YNL172W,0,-0.86084175,0.11547797918319702,0.9970059990882874,0.7653530836105347
YHR031C,YGL258W-A,0,-0.86084175,0.11546463519334793,0.9970059990882874,0.7654531002044678
YKL182W,YGR275W,0,-0.8619504,0.11545129120349884,0.9970059990882874,0.7655531167984009
YFR006W,YBR037C,0,-0.8620163,0.11543794721364975,0.9970059990882874,0.765653133392334
YBR072W,YHR174W,0,-0.8621496,0.11542461067438126,0.9970059990882874,0.7657531499862671
YCL059C,YLL010C,0,-0.8626039,0.11541127413511276,0.9970059990882874,0.7658531665802002
YNL087W,YDR211W,0,-0.8627285,0.11539794504642487,0.9970059990882874,0.7659531831741333
YML097C,YML113W,0,-0.8628899,0.11538461595773697,0.9970059990882874,0.7660531997680664
YDR368W,YKL093W,0,-0.8633598,0.11537128686904907,0.9970059990882874,0.7661532163619995
YJR022W,YDL130W-A,0,-0.8634956,0.11535796523094177,0.9970059990882874,0.7662532329559326
YLR028C,YBR227C,0,-0.8644506,0.11534465104341507,0.9970059990882874,0.7663532495498657
YBR006W,YGR191W,0,-0.8651191,0.11533132940530777,0.9970059990882874,0.7664532661437988
YDR226W,YMR077C,0,-0.8654548,0.11531802266836166,0.9970059990882874,0.7665532827377319
YKL022C,YDL201W,0,-0.8656676,0.11530470848083496,0.9970059990882874,0.7666533589363098
YBL036C,YML051W,0,-0.86578107,0.11529140174388885,0.9970059990882874,0.7667533755302429
YMR173W,YPL047W,0,-0.86578166,0.11527809500694275,0.9970059990882874,0.766853392124176
YEL056W,YDR322C-A,0,-0.866027,0.11526479572057724,0.9970059990882874,0.7669534087181091
YHR011W,YDL055C,0,-0.8664273,0.11525149643421173,0.9970059990882874,0.7670534253120422
YPL249C-A,YER087C-A,0,-0.8667631,0.11523820459842682,0.9970059990882874,0.7671534419059753
YIL082W-A,YLR453C,0,-0.86709034,0.1152249127626419,0.9970059990882874,0.7672534584999084
YML036W,YNL124W,0,-0.86737216,0.11521162837743759,0.9970059990882874,0.7673534750938416
YGR023W,YDR058C,0,-0.86775494,0.11519833654165268,0.9970059990882874,0.7674534916877747
YDL217C,YAL044C,0,-0.8679993,0.11518505960702896,0.9970059990882874,0.7675535082817078
YER068W,YAR014C,0,-0.8680657,0.11517177522182465,0.9970059990882874,0.7676535248756409
YBL018C,YOR226C,0,-0.8682035,0.11515849828720093,0.9970059990882874,0.767753541469574
YBR050C,YDR229W,0,-0.8682947,0.1151452288031578,0.9970059990882874,0.7678535580635071
YDL144C,YDR394W,0,-0.8685999,0.11513195931911469,0.9970059990882874,0.7679535746574402
YHR050W,YBR171W,0,-0.8695018,0.11511868983507156,0.9970059990882874,0.7680535912513733
YDR341C,YDR121W,0,-0.8698865,0.11510542780160904,0.9970059990882874,0.7681536078453064
YMR043W,YML060W,0,-0.8705723,0.11509216576814651,0.9970059990882874,0.7682536244392395
YGR029W,YJR152W,0,-0.87067664,0.11507891118526459,0.9970059990882874,0.7683536410331726
YLR395C,YPL181W,0,-0.8716407,0.11506565660238266,0.9970059990882874,0.7684537172317505
YPL082C,YDL184C,0,-0.871995,0.11505240201950073,0.9970059990882874,0.7685537338256836
YDR369C,YJL109C,0,-0.87216663,0.1150391548871994,0.9970059990882874,0.7686537504196167
YEL050C,YKL183W,0,-0.8723917,0.11502590775489807,0.9970059990882874,0.7687537670135498
YGL147C,YKL021C,0,-0.8725709,0.11501266062259674,0.9970059990882874,0.7688537836074829
YLR134W,YEL052W,0,-0.87365127,0.11499942094087601,0.9970059990882874,0.768953800201416
YAL020C,YIL066C,0,-0.8737664,0.11498618870973587,0.9970059990882874,0.7690538167953491
YBR056W,YOR211C,0,-0.8741034,0.11497295647859573,0.9970059990882874,0.7691538333892822
YDL061C,YLR213C,0,-0.8743316,0.1149597242474556,0.9970059990882874,0.7692538499832153
YER150W,YPL099C,0,-0.8749534,0.11494649946689606,0.9970059990882874,0.7693538665771484
YFR045W,YMR194W,0,-0.8751687,0.11493327468633652,0.9970059990882874,0.7694538831710815
YLR133W,YMR224C,0,-0.8752377,0.11492004990577698,0.9970059990882874,0.7695538997650146
YDR030C,YBR020W,0,-0.8754811,0.11490683257579803,0.9970059990882874,0.7696539163589478
YMR019W,YBL050W,0,-0.87556267,0.11489361524581909,0.9970059990882874,0.7697539329528809
YNL067W,YBR020W,0,-0.8760158,0.11488040536642075,0.9970059990882874,0.769853949546814
YNL194C,YHR016C,1,-0.87658536,0.11498218029737473,0.9980040192604065,0.769853949546814
YKL012W,YLR129W,0,-0.8769543,0.11496895551681519,0.9980040192604065,0.7699539661407471
YNL087W,YOL041C,0,-0.8780581,0.11495574563741684,0.9980040192604065,0.7700539827346802
YNL175C,YMR179W,0,-0.8786535,0.1149425283074379,0.9980040192604065,0.7701540589332581
YNL261W,YER130C,0,-0.87878823,0.11492931842803955,0.9980040192604065,0.7702540755271912
YER122C,YCR010C,0,-0.8804486,0.1149161085486412,0.9980040192604065,0.7703540921211243
YGL043W,YOR201C,0,-0.8808445,0.11490290611982346,0.9980040192604065,0.7704541087150574
YPL231W,YLL012W,0,-0.88105226,0.1148897036910057,0.9980040192604065,0.7705541253089905
YOR297C,YLR116W,0,-0.8820194,0.11487650871276855,0.9980040192604065,0.7706541419029236
YMR106C,YHR112C,0,-0.8822653,0.1148633137345314,0.9980040192604065,0.7707541584968567
YER035W,YHR164C,0,-0.88272333,0.11485011875629425,0.9980040192604065,0.7708541750907898
YKL205W,YML125C,0,-0.88278806,0.1148369312286377,0.9980040192604065,0.7709541916847229
YKL220C,YNL311C,0,-0.88324356,0.11482374370098114,0.9980040192604065,0.771054208278656
YNR060W,YBL071W-A,0,-0.88449454,0.11481056362390518,0.9980040192604065,0.7711542248725891
YJR105W,YLR453C,0,-0.88469756,0.11479738354682922,0.9980040192604065,0.7712542414665222
YBL022C,YHR128W,0,-0.88473916,0.11478420346975327,0.9980040192604065,0.7713542580604553
YMR240C,YPR070W,0,-0.88540816,0.1147710308432579,0.9980040192604065,0.7714542746543884
YHR034C,YBR176W,0,-0.88548374,0.11475785821676254,0.9980040192604065,0.7715542912483215
YLR372W,YLR050C,0,-0.88548565,0.11474469304084778,0.9980040192604065,0.7716543078422546
YNL274C,YBL093C,0,-0.88587594,0.11473152786493301,0.9980040192604065,0.7717543244361877
YIL134W,YDR022C,0,-0.8871306,0.11471836268901825,0.9980040192604065,0.7718544006347656
YPL127C,YFR021W,0,-0.88779294,0.11470520496368408,0.9980040192604065,0.7719544172286987
YLR186W,YDL039C,0,-0.8879937,0.11469205468893051,0.9980040192604065,0.7720544338226318
YBR235W,YJR160C,0,-0.88849807,0.11467889696359634,0.9980040192604065,0.7721544504165649
YGR274C,YCL008C,0,-0.8885124,0.11466574668884277,0.9980040192604065,0.772254467010498
YLR126C,YLR110C,0,-0.88864005,0.1146526038646698,0.9980040192604065,0.7723544836044312
YLR355C,YGR155W,0,-0.89037585,0.11463946104049683,0.9980040192604065,0.7724545001983643
YDL166C,YOL062C,0,-0.89097524,0.11462631821632385,0.9980040192604065,0.7725545167922974
YKL148C,YKL038W,0,-0.8912462,0.11461318284273148,0.9980040192604065,0.7726545333862305
YLR103C,YER012W,0,-0.8922242,0.1146000474691391,0.9980040192604065,0.7727545499801636
YHR203C,YNL225C,0,-0.89279175,0.11458691209554672,0.9980040192604065,0.7728545665740967
YHR029C,YKL174C,0,-0.8930634,0.11457378417253494,0.9980040192604065,0.7729545831680298
YJR160C,YOR339C,0,-0.89359736,0.11456065624952316,0.9980040192604065,0.7730545997619629
YKL084W,YEL065W,0,-0.894156,0.11454753577709198,0.9980040192604065,0.773154616355896
YPR094W,YLR246W,0,-0.89420307,0.1145344153046608,0.9980040192604065,0.7732546329498291
YPL012W,YLR182W,0,-0.8947575,0.11452130228281021,0.9980040192604065,0.7733546495437622
YMR143W,YDR093W,0,-0.894971,0.11450818926095963,0.9980040192604065,0.7734546661376953
YGL100W,YBR280C,0,-0.8952279,0.11449507623910904,0.9980040192604065,0.7735546827316284
YGR076C,YPL217C,0,-0.8954841,0.11448197066783905,0.9980040192604065,0.7736547589302063
YLR441C,YLR285W,0,-0.8965037,0.11446886509656906,0.9980040192604065,0.7737547755241394
YPL144W,YJR133W,0,-0.89670324,0.11445575952529907,0.9980040192604065,0.7738547921180725
YNL039W,YOR118W,0,-0.8967097,0.11444266140460968,0.9980040192604065,0.7739548087120056
YGL029W,YMR231W,0,-0.8973992,0.11442957073450089,0.9980040192604065,0.7740548253059387
YML131W,YCR047C,0,-0.8974867,0.11441647261381149,0.9980040192604065,0.7741548418998718
YPL212C,YBR057C,0,-0.8975682,0.1144033893942833,0.9980040192604065,0.7742548584938049
YLR390W,YJL154C,0,-0.8977984,0.1143902987241745,0.9980040192604065,0.774354875087738
YFR019W,YGL169W,0,-0.8984915,0.1143772155046463,0.9980040192604065,0.7744548916816711
YBR041W,YOR327C,0,-0.89865386,0.1143641322851181,0.9980040192604065,0.7745549082756042
YIL110W,YLR208W,0,-0.89875746,0.1143510565161705,0.9980040192604065,0.7746549248695374
YLR308W,YKR022C,0,-0.8993187,0.1143379807472229,0.9980040192604065,0.7747549414634705
YLR081W,YFL018C,0,-0.89995,0.1143249124288559,0.9980040192604065,0.7748549580574036
YDR163W,YLR010C,0,-0.90002525,0.11431184411048889,0.9980040192604065,0.7749549746513367
YNL236W,YBR074W,0,-0.90113425,0.11429877579212189,0.9980040192604065,0.7750549912452698
YBR210W,YNL314W,0,-0.90127313,0.11428571492433548,0.9980040192604065,0.7751550078392029
YLR183C,YMR145C,0,-0.9020101,0.11427265405654907,0.9980040192604065,0.775255024433136
YOR347C,YPL231W,0,-0.90231645,0.11425960063934326,0.9980040192604065,0.7753551006317139
YBR096W,YKL216W,0,-0.9023403,0.11424654722213745,0.9980040192604065,0.775455117225647
YOR321W,YOR211C,0,-0.9031054,0.11423349380493164,0.9980040192604065,0.7755551338195801
YER122C,YGR203W,0,-0.90312934,0.11422044783830643,0.9980040192604065,0.7756551504135132
YLL013C,YDR252W,0,-0.9031427,0.11420740187168121,0.9980040192604065,0.7757551670074463
YIL063C,YCR096C,0,-0.9032074,0.114194355905056,0.9980040192604065,0.7758551836013794
YKR069W,YJL093C,0,-0.903772,0.11418131738901138,0.9980040192604065,0.7759552001953125
YKL180W,YPL129W,0,-0.90459096,0.11416828632354736,0.9980040192604065,0.7760552167892456
YBL039C,YDL008W,0,-0.90463233,0.11415524780750275,0.9980040192604065,0.7761552333831787
YAR014C,YMR213W,0,-0.9051759,0.11414222419261932,0.9980040192604065,0.7762552499771118
YHR102W,YML113W,0,-0.9059752,0.1141291931271553,0.9980040192604065,0.7763552665710449
YIL073C,YGR271C-A,0,-0.9063884,0.11411616951227188,0.9980040192604065,0.776455283164978
YFL013C,YGR157W,0,-0.90642655,0.11410314589738846,0.9980040192604065,0.7765552997589111
YBL026W,YLL042C,0,-0.9066113,0.11409012973308563,0.9980040192604065,0.7766553163528442
YER022W,YKL094W,0,-0.90814865,0.1140771135687828,0.9980040192604065,0.7767553329467773
YGR048W,YOR149C,0,-0.9091109,0.11406410485506058,0.9980040192604065,0.7768553495407104
YNL207W,YOR073W,0,-0.91110146,0.11405109614133835,0.9980040192604065,0.7769553661346436
YJR010W,YDL004W,0,-0.9112443,0.11403808742761612,0.9980040192604065,0.7770553827285767
YFR055W,YDL115C,0,-0.9117712,0.11402508616447449,0.9980040192604065,0.7771554589271545
YBR172C,YDL079C,0,-0.91217756,0.11401208490133286,0.9980040192604065,0.7772554755210876
YJL156C,YPL167C,0,-0.9122975,0.11399909108877182,0.9980040192604065,0.7773554921150208
YMR246W,YDR086C,0,-0.9128947,0.11398609727621078,0.9980040192604065,0.7774555087089539
YFR029W,YOR337W,0,-0.91293144,0.11397310346364975,0.9980040192604065,0.777555525302887
YHR191C,YLR182W,0,-0.91333616,0.11396011710166931,0.9980040192604065,0.7776555418968201
YDR265W,YGR125W,0,-0.9140477,0.11394713073968887,0.9980040192604065,0.7777555584907532
YPR140W,YER157W,0,-0.91415036,0.11393414437770844,0.9980040192604065,0.7778555750846863
YOR133W,YER087C-A,0,-0.91452837,0.1139211654663086,0.9980040192604065,0.7779555916786194
YGR169C,YNR013C,0,-0.91486824,0.11390818655490875,0.9980040192604065,0.7780556082725525
YOL136C,YBL026W,0,-0.9153085,0.11389521509408951,0.9980040192604065,0.7781556248664856
YFL023W,YOR226C,0,-0.91537917,0.11388224363327026,0.9980040192604065,0.7782556414604187
YJR068W,YDR195W,0,-0.91612554,0.11386927962303162,0.9980040192604065,0.7783556580543518
YEL038W,YPL059W,0,-0.916626,0.11385631561279297,0.9980040192604065,0.7784556746482849
YDR238C,YLR002C,0,-0.91789293,0.11384335160255432,0.9980040192604065,0.778555691242218
YKL074C,YBR175W,0,-0.9181801,0.11383039504289627,0.9980040192604065,0.7786557078361511
YBR061C,YDR116C,0,-0.91854227,0.11381743848323822,0.9980040192604065,0.7787557244300842
YDR079C-A,YGR091W,0,-0.919011,0.11380448192358017,0.9980040192604065,0.7788558006286621
YNL001W,YEL009C,0,-0.9190382,0.11379153281450272,0.9980040192604065,0.7789558172225952
YBR302C,YLL051C,0,-0.91914,0.11377858370542526,0.9980040192604065,0.7790558338165283
YPL081W,YBR127C,0,-0.9191991,0.1137656420469284,0.9980040192604065,0.7791558504104614
YGR246C,YBR030W,0,-0.91927755,0.11375270038843155,0.9980040192604065,0.7792558670043945
YNL151C,YNL122C,0,-0.9194473,0.11373976618051529,0.9980040192604065,0.7793558835983276
YAR002C-A,YJL004C,0,-0.91951144,0.11372682452201843,0.9980040192604065,0.7794559001922607
YOR244W,YBR283C,0,-0.919513,0.11371389776468277,0.9980040192604065,0.7795559167861938
YDR470C,YIL099W,0,-0.9207133,0.11370096355676651,0.9980040192604065,0.779655933380127
YGL044C,YGL216W,0,-0.9222237,0.11368803679943085,0.9980040192604065,0.7797559499740601
YPR060C,YCL034W,0,-0.92243135,0.11367511749267578,0.9980040192604065,0.7798559665679932
YBL046W,YGL148W,0,-0.9231216,0.11366219818592072,0.9980040192604065,0.7799559831619263
YBR093C,YER042W,0,-0.9232005,0.11364927887916565,0.9980040192604065,0.7800559997558594
YHR153C,YGL122C,0,-0.9232353,0.11363636702299118,0.9980040192604065,0.7801560163497925
YGR028W,YPL045W,0,-0.92324984,0.11362345516681671,0.9980040192604065,0.7802560329437256
YLR287C-A,YNL275W,0,-0.9233966,0.11361054331064224,0.9980040192604065,0.7803560495376587
YFL004W,YMR023C,0,-0.92349327,0.11359763890504837,0.9980040192604065,0.7804560661315918
YLR244C,YDL120W,0,-0.924649,0.1135847344994545,0.9980040192604065,0.7805560827255249
YOR340C,YML005W,0,-0.9248327,0.11357183754444122,0.9980040192604065,0.7806561589241028
YEL026W,YOR145C,0,-0.9252032,0.11355894058942795,0.9980040192604065,0.7807561755180359
YLR430W,YLR165C,0,-0.92550266,0.11354604363441467,0.9980040192604065,0.780856192111969
YDR240C,YMR216C,0,-0.9259906,0.113533154129982,0.9980040192604065,0.7809562087059021
YNR015W,YBR251W,0,-0.9263674,0.11352026462554932,0.9980040192604065,0.7810562252998352
YNL061W,YER087C-B,0,-0.92647874,0.11350737512111664,0.9980040192604065,0.7811562418937683
YKL038W,YMR098C,0,-0.926872,0.11349449306726456,0.9980040192604065,0.7812562584877014
YKL084W,YLR151C,0,-0.92770576,0.11348161846399307,0.9980040192604065,0.7813562750816345
YNL021W,YJL154C,0,-0.9278878,0.11346873641014099,0.9980040192604065,0.7814562916755676
YDR390C,YPL283C,0,-0.9282001,0.1134558692574501,0.9980040192604065,0.7815563082695007
YLR107W,YOR179C,0,-0.9282187,0.11344299465417862,0.9980040192604065,0.7816563248634338
YCR093W,YNL149C,0,-0.9291321,0.11343012750148773,0.9980040192604065,0.7817563414573669
YER106W,YMR087W,0,-0.9291352,0.11341726034879684,0.9980040192604065,0.7818563580513
YDR218C,YDL030W,0,-0.92956984,0.11340440064668655,0.9980040192604065,0.7819563746452332
YNL335W,YER091C,0,-0.93040264,0.11339154094457626,0.9980040192604065,0.7820563912391663
YLR275W,YPL089C,0,-0.9314766,0.11337868124246597,0.9980040192604065,0.7821564078330994
YDR369C,YOR088W,0,-0.93262637,0.11336582899093628,0.9980040192604065,0.7822564244270325
YMR036C,YMR239C,0,-0.93306184,0.11335298418998718,0.9980040192604065,0.7823565006256104
YDL085W,YIL016W,0,-0.93311954,0.11334013193845749,0.9980040192604065,0.7824565172195435
YNL021W,YBL093C,0,-0.9338925,0.11332728713750839,0.9980040192604065,0.7825565338134766
YDR453C,YBR074W,0,-0.9339299,0.11331444978713989,0.9980040192604065,0.7826565504074097
YGR158C,YBL092W,0,-0.9358138,0.11330161243677139,0.9980040192604065,0.7827565670013428
YDR163W,YER140W,0,-0.9377707,0.1132887750864029,0.9980040192604065,0.7828565835952759
YNL117W,YDL111C,0,-0.93779063,0.1132759377360344,0.9980040192604065,0.782956600189209
YDL194W,YBR296C,0,-0.9383527,0.11326310783624649,0.9980040192604065,0.7830566167831421
YNL115C,YJL033W,0,-0.9383786,0.11325028538703918,0.9980040192604065,0.7831566333770752
YJL060W,YML037C,0,-0.93851125,0.11323745548725128,0.9980040192604065,0.7832566499710083
YBR241C,YNL008C,0,-0.93915737,0.11322464048862457,0.9980040192604065,0.7833566665649414
YOR039W,YMR264W,0,-0.9391955,0.11321181803941727,0.9980040192604065,0.7834566831588745
YJR004C,YOL111C,0,-0.9397824,0.11319900304079056,0.9980040192604065,0.7835566997528076
YBR175W,YER051W,0,-0.93993115,0.11318618804216385,0.9980040192604065,0.7836567163467407
YKL148C,YBL010C,0,-0.9405267,0.11317338049411774,0.9980040192604065,0.7837567329406738
YDL205C,YPL217C,0,-0.940529,0.11316057294607162,0.9980040192604065,0.7838567495346069
YFL066C,YOL094C,0,-0.9427216,0.11314777284860611,0.9980040192604065,0.78395676612854
YOL002C,YPL092W,0,-0.9432969,0.1131349727511406,0.9980040192604065,0.7840567827224731
YKR092C,YPL082C,0,-0.9454366,0.11312217265367508,0.9980040192604065,0.784156858921051
YJL214W,YNL009W,0,-0.9455162,0.11310938000679016,0.9980040192604065,0.7842568755149841
YOR173W,YPR127W,0,-0.94552207,0.11309658735990524,0.9980040192604065,0.7843568921089172
YGL029W,YKR024C,0,-0.94601345,0.11308379471302032,0.9980040192604065,0.7844569087028503
YKL216W,YER170W,0,-0.9467199,0.113071009516716,0.9980040192604065,0.7845569252967834
YMR260C,YOR346W,0,-0.9467536,0.11305822432041168,0.9980040192604065,0.7846569418907166
YPR060C,YIL093C,0,-0.9469067,0.11304544657468796,0.9980040192604065,0.7847569584846497
YNL064C,YKL209C,0,-0.94752085,0.11303266882896423,0.9980040192604065,0.7848569750785828
YDR079C-A,YPL150W,0,-0.94817805,0.11301989108324051,0.9980040192604065,0.7849569916725159
YGR192C,YDL070W,0,-0.9486195,0.11300712078809738,0.9980040192604065,0.785057008266449
YNL015W,YLR134W,0,-0.949105,0.11299435049295425,0.9980040192604065,0.7851570248603821
YDR139C,YBR264C,0,-0.94937325,0.11298158764839172,0.9980040192604065,0.7852570414543152
YCR046C,YER130C,0,-0.94989884,0.1129688173532486,0.9980040192604065,0.7853570580482483
YNL147W,YKL056C,0,-0.95015013,0.11295606195926666,0.9980040192604065,0.7854570746421814
YNR021W,YBR222C,0,-0.9512671,0.11294329911470413,0.9980040192604065,0.7855570912361145
YBR291C,YIL117C,0,-0.9516102,0.1129305511713028,0.9980040192604065,0.7856571078300476
YDR285W,YBR296C,0,-0.9516853,0.11291779577732086,0.9980040192604065,0.7857571244239807
YNL010W,YPL068C,0,-0.9522046,0.11290504783391953,0.9980040192604065,0.7858572006225586
YBR195C,YHR072W-A,0,-0.9522538,0.11289229989051819,0.9980040192604065,0.7859572172164917
YDR485C,YLL043W,0,-0.9523915,0.11287955939769745,0.9980040192604065,0.7860572338104248
YBL058W,YDL140C,0,-0.9525331,0.11286681890487671,0.9980040192604065,0.7861572504043579
YJR134C,YMR236W,0,-0.9526415,0.11285407841205597,0.9980040192604065,0.786257266998291
YGR134W,YDL070W,0,-0.9527241,0.11284134536981583,0.9980040192604065,0.7863572835922241
YJR019C,YLR064W,0,-0.95288944,0.11282861232757568,0.9980040192604065,0.7864573001861572
YNL316C,YDR356W,0,-0.95327735,0.11281588673591614,0.9980040192604065,0.7865573167800903
YJR056C,YOL034W,0,-0.95357203,0.11280316114425659,0.9980040192604065,0.7866573333740234
YOL001W,YNR046W,0,-0.95431495,0.11279043555259705,0.9980040192604065,0.7867573499679565
YBR166C,YDR128W,0,-0.95462024,0.1127777174115181,0.9980040192604065,0.7868573665618896
YPR132W,YDL104C,0,-0.9550384,0.11276499927043915,0.9980040192604065,0.7869573831558228
YGL128C,YJR105W,0,-0.95594585,0.1127522811293602,0.9980040192604065,0.7870573997497559
YFR042W,YDR107C,0,-0.9563563,0.11273957043886185,0.9980040192604065,0.787157416343689
YGR252W,YNL225C,0,-0.95699024,0.1127268597483635,0.9980040192604065,0.7872574329376221
YJL033W,YDR144C,0,-0.95735943,0.11271415650844574,0.9980040192604065,0.7873574495315552
YNL014W,YDR510W,0,-0.95853317,0.11270145326852798,0.9980040192604065,0.7874574661254883
YGL048C,YML058W-A,0,-0.9602498,0.11268875002861023,0.9980040192604065,0.7875574827194214
YIL122W,YAL044C,0,-0.96094704,0.11267605423927307,0.9980040192604065,0.7876575589179993
YOR063W,YJR127C,0,-0.96153855,0.11266335844993591,0.9980040192604065,0.7877575755119324
YOR384W,YDR245W,0,-0.96155953,0.11265067011117935,0.9980040192604065,0.7878575921058655
YOL028C,YIL066C,0,-0.9617773,0.11263798177242279,0.9980040192604065,0.7879576086997986
YGL059W,YDR026C,0,-0.96299505,0.11262529343366623,0.9980040192604065,0.7880576252937317
YLL013C,YLR174W,0,-0.964697,0.11261261254549026,0.9980040192604065,0.7881576418876648
YMR201C,YFL029C,0,-0.9649581,0.1125999316573143,0.9980040192604065,0.7882576584815979
YPR133W-A,YFR052W,0,-0.96555054,0.11258725821971893,0.9980040192604065,0.788357675075531
YIL145C,YOR336W,0,-0.9663334,0.11257457733154297,0.9980040192604065,0.7884576916694641
YPR098C,YGR278W,0,-0.96767676,0.1125619113445282,0.9980040192604065,0.7885577082633972
YHR184W,YNR049C,0,-0.968326,0.11254923790693283,0.9980040192604065,0.7886577248573303
YCR060W,YER087C-B,0,-0.96899486,0.11253657191991806,0.9980040192604065,0.7887577414512634
YMR283C,YFR037C,0,-0.9694644,0.11252391338348389,0.9980040192604065,0.7888577580451965
YIL017C,YJL153C,0,-0.9699398,0.11251125484704971,0.9980040192604065,0.7889577746391296
YBR128C,YDR387C,0,-0.97002864,0.11249859631061554,0.9980040192604065,0.7890577912330627
YDR522C,YMR229C,0,-0.97131264,0.11248593777418137,0.9980040192604065,0.7891578078269958
YMR042W,YOL019W,0,-0.9726547,0.11247328668832779,0.9980040192604065,0.789257824420929
YGR180C,YNR007C,0,-0.97273004,0.11246063560247421,0.9980040192604065,0.7893579006195068
YML024W,YJL121C,0,-0.9735236,0.11244799196720123,0.9980040192604065,0.7894579172134399
YOR222W,YJR135W-A,0,-0.97388554,0.11243534833192825,0.9980040192604065,0.789557933807373
YDL024C,YFL044C,0,-0.9739187,0.11242271214723587,0.9980040192604065,0.7896579504013062
YOR133W,YGR132C,0,-0.9760593,0.11241006851196289,0.9980040192604065,0.7897579669952393
YLR079W,YKL012W,0,-0.97712886,0.1123974397778511,0.9980040192604065,0.7898579835891724
YDL103C,YMR098C,0,-0.97723985,0.11238480359315872,0.9980040192604065,0.7899580001831055
YPR072W,YDR313C,0,-0.97729254,0.11237217485904694,0.9980040192604065,0.7900580167770386
YPL005W,YKL013C,0,-0.97750103,0.11235955357551575,0.9980040192604065,0.7901580333709717
YFL004W,YIL135C,0,-0.97756267,0.11234692484140396,0.9980040192604065,0.7902580499649048
YPL064C,YGL020C,0,-0.9777001,0.11233430355787277,0.9980040192604065,0.7903580665588379
YFL045C,YGR276C,0,-0.9778942,0.11232168972492218,0.9980040192604065,0.790458083152771
YNR012W,YHR211W,0,-0.9783789,0.11230907589197159,0.9980040192604065,0.7905580997467041
YNL014W,YPR191W,0,-0.979082,0.112296462059021,0.9980040192604065,0.7906581163406372
YDR403W,YDL178W,0,-0.9797344,0.112283855676651,0.9980040192604065,0.7907581329345703
YLR390W,YGL212W,0,-0.97988033,0.112271249294281,0.9980040192604065,0.7908581495285034
YOR348C,YLR166C,0,-0.9799746,0.11225864291191101,0.9980040192604065,0.7909581661224365
YHR112C,YCL004W,0,-0.9802699,0.11224604398012161,0.9980040192604065,0.7910581827163696
YDL216C,YKL148C,0,-0.980518,0.11223344504833221,0.9980040192604065,0.7911582589149475
YMR128W,YOR120W,0,-0.98077965,0.11222085356712341,0.9980040192604065,0.7912582755088806
YGL011C,YIL160C,0,-0.981452,0.11220826208591461,0.9980040192604065,0.7913582921028137
YOL111C,YKR035W-A,0,-0.9823687,0.11219567060470581,0.9980040192604065,0.7914583086967468
YDR128W,YPR082C,0,-0.982782,0.11218307912349701,0.9980040192604065,0.7915583252906799
YIL061C,YPL103C,0,-0.983001,0.1121705025434494,0.9980040192604065,0.791658341884613
YBR026C,YPL124W,0,-0.9846649,0.1121579185128212,0.9980040192604065,0.7917583584785461
YPR060C,YNL053W,0,-0.98548615,0.11214534193277359,0.9980040192604065,0.7918583750724792
YMR314W,YMR319C,0,-0.9855658,0.11213276535272598,0.9980040192604065,0.7919583916664124
YDL036C,YOR014W,0,-0.9859319,0.11212019622325897,0.9980040192604065,0.7920584082603455
YAR015W,YLR342W,0,-0.98604393,0.11210761964321136,0.9980040192604065,0.7921584248542786
YPR031W,YBL082C,0,-0.9875572,0.11209505796432495,0.9980040192604065,0.7922584414482117
YOR274W,YLR348C,0,-0.9876424,0.11208249628543854,0.9980040192604065,0.7923584580421448
YHR196W,YPL236C,0,-0.988009,0.11206993460655212,0.9980040192604065,0.7924584746360779
YBL054W,YBL034C,0,-0.98828113,0.11205737292766571,0.9980040192604065,0.792558491230011
YLR130C,YHL032C,0,-0.9884943,0.1120448186993599,0.9980040192604065,0.7926585078239441
YHR152W,YOR064C,0,-0.9885155,0.11203226447105408,0.9980040192604065,0.7927585244178772
YDR120C,YOR323C,0,-0.98974586,0.11201971769332886,0.9980040192604065,0.7928586006164551
YDR408C,YHL013C,0,-0.9899832,0.11200717091560364,0.9980040192604065,0.7929586172103882
YIL017C,YDR221W,0,-0.9903182,0.11199462413787842,0.9980040192604065,0.7930586338043213
YDR026C,YGR159C,0,-0.9911759,0.1119820848107338,0.9980040192604065,0.7931586503982544
YOR269W,YDR307W,0,-0.99173963,0.11196954548358917,0.9980040192604065,0.7932586669921875
YOR118W,YMR025W,0,-0.99242234,0.11195700615644455,0.9980040192604065,0.7933586835861206
YDR236C,YHR121W,0,-0.9927404,0.11194447427988052,0.9980040192604065,0.7934587001800537
YPL110C,YKR030W,0,-0.9928185,0.1119319424033165,0.9980040192604065,0.7935587167739868
YMR240C,YDL042C,0,-0.993417,0.11191941797733307,0.9980040192604065,0.7936587333679199
YDL078C,YEL056W,0,-0.99426985,0.11190689355134964,0.9980040192604065,0.793758749961853
YHR026W,YPR149W,0,-0.9948034,0.11189436912536621,0.9980040192604065,0.7938587665557861
YDR488C,YLL022C,0,-0.99548876,0.11188185214996338,0.9980040192604065,0.7939587831497192
YAL022C,YDR247W,0,-0.9968554,0.11186933517456055,0.9980040192604065,0.7940587997436523
YNL302C,YGL039W,0,-0.9985864,0.11185682564973831,0.9980040192604065,0.7941588163375854
YJL056C,YFL036W,0,-0.9986421,0.11184431612491608,0.9980040192604065,0.7942588329315186
YNR011C,YPL202C,0,-0.99912083,0.11183180660009384,0.9980040192604065,0.7943588495254517
YDR405W,YNL037C,0,-1.0019588,0.1118192970752716,0.9980040192604065,0.7944588661193848
YML095C,YDR416W,0,-1.0031314,0.11180679500102997,0.9980040192604065,0.7945588827133179
YDR146C,YJR158W,0,-1.0036639,0.11179430037736893,0.9980040192604065,0.7946589589118958
YHR027C,YFL038C,0,-1.0050062,0.11178179830312729,0.9980040192604065,0.7947589755058289
YGR154C,YDL133C-A,0,-1.0061554,0.11176931113004684,0.9980040192604065,0.794858992099762
YMR075W,YDR238C,0,-1.0067822,0.1117568165063858,0.9980040192604065,0.7949590086936951
YMR169C,YLR158C,0,-1.0087323,0.11174432933330536,0.9980040192604065,0.7950590252876282
YLR029C,YOL097C,0,-1.0088431,0.11173184216022491,0.9980040192604065,0.7951590418815613
YMR114C,YNL307C,0,-1.0095727,0.11171936243772507,0.9980040192604065,0.7952590584754944
YGR264C,YIR014W,0,-1.0095835,0.11170688271522522,0.9980040192604065,0.7953590750694275
YBR115C,YOL139C,0,-1.0096133,0.11169440299272537,0.9980040192604065,0.7954590916633606
YJR161C,YGL010W,0,-1.0104403,0.11168193072080612,0.9980040192604065,0.7955591082572937
YDR088C,YNL134C,0,-1.010994,0.11166945844888687,0.9980040192604065,0.7956591248512268
YKL093W,YMR068W,0,-1.0110383,0.11165698617696762,0.9980040192604065,0.7957591414451599
YLR438C-A,YOL038W,0,-1.0115843,0.11164452135562897,0.9980040192604065,0.795859158039093
YOR340C,YIL035C,0,-1.011945,0.11163206398487091,0.9980040192604065,0.7959591746330261
YDL138W,YLR024C,0,-1.012,0.11161959916353226,0.9980040192604065,0.7960591912269592
YFR007W,YER166W,0,-1.0125302,0.1116071417927742,0.9980040192604065,0.7961592078208923
YGL048C,YMR150C,0,-1.0128956,0.11159468442201614,0.9980040192604065,0.7962592244148254
YDL229W,YKR066C,0,-1.0132418,0.11158223450183868,0.9980040192604065,0.7963593006134033
YGL137W,YLR385C,0,-1.0142721,0.11156978458166122,0.9980040192604065,0.7964593172073364
YML131W,YLR265C,0,-1.014703,0.11155734211206436,0.9980040192604065,0.7965593338012695
YEL029C,YBR160W,0,-1.0149232,0.1115448996424675,0.9980040192604065,0.7966593503952026
YOR131C,YCL027W,0,-1.0152107,0.11153245717287064,0.9980040192604065,0.7967593669891357
YDL078C,YMR150C,0,-1.0158623,0.11152001470327377,0.9980040192604065,0.7968593835830688
YPR168W,YAR066W,0,-1.0159103,0.11150757968425751,0.9980040192604065,0.796959400177002
YML001W,YJR158W,0,-1.0160906,0.11149515211582184,0.9980040192604065,0.7970594167709351
YPR031W,YER016W,0,-1.0162152,0.11148271709680557,0.9980040192604065,0.7971594333648682
YDR137W,YDL213C,0,-1.0167617,0.1114702895283699,0.9980040192604065,0.7972594499588013
YNL336W,YHR098C,0,-1.0182343,0.11145786941051483,0.9980040192604065,0.7973594665527344
YLL032C,YBR037C,0,-1.0188012,0.11144544929265976,0.9980040192604065,0.7974594831466675
YDR453C,YMR025W,0,-1.0189902,0.11143302917480469,0.9980040192604065,0.7975594997406006
YNL159C,YBR253W,0,-1.0189908,0.11142061650753021,0.9980040192604065,0.7976595163345337
YOR069W,YBR042C,0,-1.0196304,0.11140819638967514,0.9980040192604065,0.7977595329284668
YJL041W,YJL200C,0,-1.0201235,0.11139579117298126,0.9980040192604065,0.7978595495223999
YER172C,YOR303W,0,-1.0202479,0.11138337850570679,0.9980040192604065,0.797959566116333
YMR297W,YPR006C,0,-1.0212411,0.11137097328901291,0.9980040192604065,0.7980595827102661
YKL088W,YOR077W,0,-1.0212804,0.11135857552289963,0.9980040192604065,0.798159658908844
YDR265W,YER112W,0,-1.022064,0.11134617775678635,0.9980040192604065,0.7982596755027771
YBL021C,YDR060W,0,-1.0222167,0.11133377999067307,0.9980040192604065,0.7983596920967102
YIL135C,YBR075W,0,-1.0233278,0.11132138222455978,0.9980040192604065,0.7984597086906433
YFL014W,YDL130W-A,0,-1.0235744,0.1113089919090271,0.9980040192604065,0.7985597252845764
YNL163C,YBR097W,0,-1.0245028,0.11129660904407501,0.9980040192604065,0.7986597418785095
YOL004W,YBL098W,0,-1.0255886,0.11128421872854233,0.9980040192604065,0.7987597584724426
YPR166C,YGR268C,0,-1.0257659,0.11127183586359024,0.9980040192604065,0.7988597750663757
YKL174C,YDR293C,0,-1.0259042,0.11125946044921875,0.9980040192604065,0.7989597916603088
YLR300W,YPL042C,0,-1.0265046,0.11124707758426666,0.9980040192604065,0.7990598082542419
YOR167C,YOR237W,0,-1.0275697,0.11123470216989517,0.9980040192604065,0.799159824848175
YCL011C,YJL095W,0,-1.0280293,0.11122233420610428,0.9980040192604065,0.7992598414421082
YJR113C,YKR038C,0,-1.0283142,0.11120996624231339,0.9980040192604065,0.7993598580360413
YIR018W,YNL268W,0,-1.0287148,0.11119759827852249,0.9980040192604065,0.7994598746299744
YML131W,YGL258W-A,0,-1.0287672,0.1111852377653122,0.9980040192604065,0.7995598912239075
YCR093W,YNL210W,0,-1.0288033,0.1111728772521019,0.9980040192604065,0.7996599078178406
YPR031W,YLR429W,0,-1.0298331,0.1111605167388916,0.9980040192604065,0.7997599244117737
YPL048W,YPR137W,0,-1.0305518,0.1111481636762619,0.9980040192604065,0.7998600006103516
YNL010W,YOR217W,0,-1.0309074,0.1111358106136322,0.9980040192604065,0.7999600172042847
YGR163W,YCL004W,0,-1.0311593,0.1111234575510025,0.9980040192604065,0.8000600337982178
YAR008W,YKL038W,0,-1.0313067,0.1111111119389534,0.9980040192604065,0.8001600503921509
YNL077W,YLR098C,0,-1.0324786,0.1110987663269043,0.9980040192604065,0.800260066986084
YCR020W-B,YDR083W,0,-1.0328605,0.11108642816543579,0.9980040192604065,0.8003600835800171
YKR057W,YKL199C,0,-1.0329756,0.11107409000396729,0.9980040192604065,0.8004601001739502
YGR098C,YDR503C,0,-1.0341617,0.11106175184249878,0.9980040192604065,0.8005601167678833
YMR164C,YMR052W,0,-1.0347457,0.11104941368103027,0.9980040192604065,0.8006601333618164
YLL013C,YGR036C,0,-1.0350538,0.11103708297014236,0.9980040192604065,0.8007601499557495
YBR057C,YNR075W,0,-1.0355258,0.11102475970983505,0.9980040192604065,0.8008601665496826
YOR232W,YDR416W,0,-1.0357432,0.11101243644952774,0.9980040192604065,0.8009601831436157
YOR354C,YOR181W,0,-1.0359696,0.11100011318922043,0.9980040192604065,0.8010601997375488
YGL035C,YOR348C,0,-1.036345,0.11098778992891312,0.9980040192604065,0.8011602163314819
YDL166C,YPL086C,0,-1.0377605,0.1109754741191864,0.9980040192604065,0.801260232925415
YAL020C,YBL093C,0,-1.0399704,0.11096315830945969,0.9980040192604065,0.8013602495193481
YLR224W,YDR432W,0,-1.0404916,0.11095084995031357,0.9980040192604065,0.8014602661132812
YDR533C,YDL042C,0,-1.0406369,0.11093854159116745,0.9980040192604065,0.8015602827072144
YLR100W,YJR144W,0,-1.0417285,0.11092623323202133,0.9980040192604065,0.8016603589057922
YDR487C,YLR051C,0,-1.0427014,0.11091393232345581,0.9980040192604065,0.8017603754997253
YER049W,YOR046C,0,-1.0431514,0.11090163141489029,0.9980040192604065,0.8018603920936584
YPR060C,YGR278W,0,-1.0433071,0.11088933050632477,0.9980040192604065,0.8019604086875916
YLR205C,YGR088W,0,-1.0444868,0.11087703704833984,0.9980040192604065,0.8020604252815247
YER049W,YKL073W,0,-1.044754,0.11086474359035492,0.9980040192604065,0.8021604418754578
YDR481C,YGL257C,0,-1.0452312,0.11085245758295059,0.9980040192604065,0.8022604584693909
YMR167W,YJR064W,0,-1.0461414,0.11084017157554626,0.9980040192604065,0.802360475063324
YLR340W,YHR079C-A,0,-1.0478318,0.11082788556814194,0.9980040192604065,0.8024604916572571
YER144C,YOR269W,0,-1.0485022,0.11081559956073761,0.9980040192604065,0.8025605082511902
YJL125C,YMR224C,0,-1.0494212,0.11080332100391388,0.9980040192604065,0.8026605248451233
YEL003W,YNL209W,0,-1.0496801,0.11079104989767075,0.9980040192604065,0.8027605414390564
YML058W-A,YIL127C,0,-1.0497355,0.11077877134084702,0.9980040192604065,0.8028605580329895
YKR097W,YPL276W,0,-1.0498768,0.11076650768518448,0.9980040192604065,0.8029605746269226
YPR102C,YDR320C-A,0,-1.0502161,0.11075423657894135,0.9980040192604065,0.8030605912208557
YHR117W,YPL158C,0,-1.0509443,0.11074197292327881,0.9980040192604065,0.8031606078147888
YGL090W,YOR148C,0,-1.052215,0.11072970926761627,0.9980040192604065,0.8032606244087219
YER151C,YLL040C,0,-1.0523299,0.11071744561195374,0.9980040192604065,0.8033607006072998
YGR075C,YDR418W,0,-1.0523547,0.1107051894068718,0.9980040192604065,0.8034607172012329
YGL166W,YHR181W,0,-1.0523564,0.11069294065237045,0.9980040192604065,0.803560733795166
YPR033C,YMR269W,0,-1.0524458,0.11068068444728851,0.9980040192604065,0.8036607503890991
YER087W,YDR294C,0,-1.0530798,0.11066843569278717,0.9980040192604065,0.8037607669830322
YLL009C,YIL065C,0,-1.0531718,0.11065619438886642,0.9980040192604065,0.8038607835769653
YMR079W,YJL138C,0,-1.0538682,0.11064394563436508,0.9980040192604065,0.8039608001708984
YAR035W,YHR206W,0,-1.053873,0.11063170433044434,0.9980040192604065,0.8040608167648315
YPL232W,YPR168W,0,-1.0546203,0.11061947047710419,0.9980040192604065,0.8041608333587646
YOL021C,YDL214C,0,-1.0547824,0.11060723662376404,0.9980040192604065,0.8042608499526978
YLR178C,YNL223W,0,-1.0551454,0.11059500277042389,0.9980040192604065,0.8043608665466309
YJL046W,YDL129W,0,-1.0565993,0.11058276891708374,0.9980040192604065,0.804460883140564
YLR183C,YPR204W,0,-1.056869,0.11057054251432419,0.9980040192604065,0.8045608997344971
YHR050W,YOR211C,0,-1.0572381,0.11055831611156464,0.9980040192604065,0.8046609163284302
YMR201C,YOR003W,0,-1.0574057,0.11054609715938568,0.9980040192604065,0.8047609329223633
YDL144C,YGR135W,0,-1.0576184,0.11053387820720673,0.9980040192604065,0.8048609495162964
YOR361C,YMR068W,0,-1.0581816,0.11052165925502777,0.9980040192604065,0.8049609661102295
YJL087C,YPR102C,0,-1.0581887,0.11050944775342941,0.9980040192604065,0.8050609827041626
YDL171C,YHL001W,0,-1.05824,0.11049723625183105,0.9980040192604065,0.8051610589027405
YEL054C,YDR424C,0,-1.058283,0.1104850322008133,0.9980040192604065,0.8052610754966736
YOL008W,YAL017W,0,-1.0587717,0.11047282069921494,0.9980040192604065,0.8053610920906067
YDR233C,YKL216W,0,-1.0589887,0.11046062409877777,0.9980040192604065,0.8054611086845398
YJL122W,YBR261C,0,-1.0590819,0.11044842004776001,0.9980040192604065,0.8055611252784729
YGL241W,YER113C,0,-1.0606551,0.11043622344732285,0.9980040192604065,0.805661141872406
YAL038W,YBR075W,0,-1.0612707,0.11042402684688568,0.9980040192604065,0.8057611584663391
YOR118W,YIR035C,0,-1.0613887,0.11041183769702911,0.9980040192604065,0.8058611750602722
YOR100C,YML019W,0,-1.0615379,0.11039964854717255,0.9980040192604065,0.8059611916542053
YBL076C,YGL124C,0,-1.0624901,0.11038745939731598,0.9980040192604065,0.8060612082481384
YLR467W,YJR097W,0,-1.0628533,0.11037527769804001,0.9980040192604065,0.8061612248420715
YGR177C,YGL255W,0,-1.063032,0.11036309599876404,0.9980040192604065,0.8062612414360046
YDL040C,YGL103W,0,-1.0644379,0.11035091429948807,0.9980040192604065,0.8063612580299377
YNL232W,YNL127W,0,-1.0647569,0.1103387400507927,0.9980040192604065,0.8064612746238708
YIL150C,YCL010C,0,-1.0648046,0.11032656580209732,0.9980040192604065,0.806561291217804
YPR019W,YNL299W,0,-1.0651973,0.11031439900398254,0.9980040192604065,0.8066613078117371
YNR027W,YPR196W,0,-1.0669267,0.11030222475528717,0.9980040192604065,0.8067613244056702
YJL080C,YOR206W,0,-1.0675337,0.11029006540775299,0.9980040192604065,0.806861400604248
YFL057C,YBR260C,0,-1.0684402,0.11027789860963821,0.9980040192604065,0.8069614171981812
YNL230C,YPR149W,0,-1.068769,0.11026573926210403,0.9980040192604065,0.8070614337921143
YML097C,YHL020C,0,-1.069329,0.11025357991456985,0.9980040192604065,0.8071614503860474
YDR054C,YDL174C,0,-1.069671,0.11024142801761627,0.9980040192604065,0.8072614669799805
YDR425W,YNL134C,0,-1.0697898,0.11022927612066269,0.9980040192604065,0.8073614835739136
YDR211W,YIL047C,0,-1.0698229,0.1102171242237091,0.9980040192604065,0.8074615001678467
YKR103W,YAL009W,0,-1.0701731,0.11020497977733612,0.9980040192604065,0.8075615167617798
YKL167C,YHR161C,0,-1.0704118,0.11019283533096313,0.9980040192604065,0.8076615333557129
YKL156W,YLL045C,0,-1.0704283,0.11018069833517075,0.9980040192604065,0.807761549949646
YGL134W,YGL046W,0,-1.0707616,0.11016856133937836,0.9980040192604065,0.8078615665435791
YOL129W,YKL212W,0,-1.0711265,0.11015642434358597,0.9980040192604065,0.8079615831375122
YHR039C-A,YGR184C,0,-1.0711328,0.11014428734779358,0.9980040192604065,0.8080615997314453
YPR200C,YAR031W,0,-1.0713739,0.11013215780258179,0.9980040192604065,0.8081616163253784
YKL157W,YOR327C,0,-1.0717933,0.11012002825737,0.9980040192604065,0.8082616329193115
YNL080C,YAL058W,0,-1.0718793,0.1101079061627388,0.9980040192604065,0.8083616495132446
YJR078W,YDL033C,0,-1.0727605,0.1100957840681076,0.9980040192604065,0.8084616661071777
YJR130C,YNL092W,0,-1.0734123,0.11008366197347641,0.9980040192604065,0.8085616827011108
YNL265C,YPR073C,0,-1.0738887,0.11007154732942581,0.9980040192604065,0.8086617588996887
YDL056W,YGR052W,0,-1.0742848,0.11005943268537521,0.9980040192604065,0.8087617754936218
YJR022W,YPR149W,0,-1.0751817,0.11004731804132462,0.9980040192604065,0.8088617920875549
YER082C,YIL076W,0,-1.0756738,0.11003521084785461,0.9980040192604065,0.808961808681488
YLR051C,YNR054C,0,-1.0758709,0.11002310365438461,0.9980040192604065,0.8090618252754211
YKL024C,YHR045W,0,-1.075994,0.11001100391149521,0.9980040192604065,0.8091618418693542
YOR369C,YDR084C,0,-1.0769569,0.10999889671802521,0.9980040192604065,0.8092618584632874
YHR207C,YJL172W,0,-1.0784779,0.1099868044257164,0.9980040192604065,0.8093618750572205
YBL091C-A,YDR055W,0,-1.0789558,0.109974704682827,0.9980040192604065,0.8094618916511536
YIL170W,YDR450W,0,-1.0809488,0.10996261239051819,0.9980040192604065,0.8095619082450867
YDR363W,YFL018C,0,-1.08277,0.10995052009820938,0.9980040192604065,0.8096619248390198
YMR043W,YPR018W,0,-1.083666,0.10993843525648117,0.9980040192604065,0.8097619414329529
YLR127C,YOL128C,0,-1.0846665,0.10992635041475296,0.9980040192604065,0.809861958026886
YKL186C,YDR264C,0,-1.0847676,0.10991426557302475,0.9980040192604065,0.8099619746208191
YBR221C,YGR262C,0,-1.0850242,0.10990218818187714,0.9980040192604065,0.8100619912147522
YKR026C,YMR070W,0,-1.0851511,0.10989011079072952,0.9980040192604065,0.8101620078086853
YLR106C,YBR237W,0,-1.0857767,0.10987803339958191,0.9980040192604065,0.8102620244026184
YIL072W,YDR313C,0,-1.0860732,0.10986596345901489,0.9980040192604065,0.8103621006011963
YOL045W,YKL022C,0,-1.0871726,0.10985389351844788,0.9980040192604065,0.8104621171951294
YNL236W,YDL171C,0,-1.0881616,0.10984183102846146,0.9980040192604065,0.8105621337890625
YPR168W,YAL039C,0,-1.088253,0.10982976108789444,0.9980040192604065,0.8106621503829956
YBR103W,YDL111C,0,-1.0894798,0.10981770604848862,0.9980040192604065,0.8107621669769287
YLR244C,YOL077W-A,0,-1.090484,0.1098056435585022,0.9980040192604065,0.8108621835708618
YNR036C,YOR344C,0,-1.0906087,0.10979358851909637,0.9980040192604065,0.8109622001647949
YDR460W,YLR408C,0,-1.0916631,0.10978153347969055,0.9980040192604065,0.811062216758728
YOR310C,YKL195W,0,-1.0922772,0.10976948589086533,0.9980040192604065,0.8111622333526611
YHR156C,YGL113W,0,-1.0923859,0.1097574383020401,0.9980040192604065,0.8112622499465942
YLR009W,YER061C,0,-1.092647,0.10974539071321487,0.9980040192604065,0.8113622665405273
YPL064C,YNR022C,0,-1.0935462,0.10973335057497025,0.9980040192604065,0.8114622831344604
YFL022C,YPL275W,0,-1.0938038,0.10972131043672562,0.9980040192604065,0.8115622997283936
YMR304W,YIL020C,0,-1.0944201,0.10970927029848099,0.9980040192604065,0.8116623163223267
YLR100W,YDL185W,0,-1.0944437,0.10969723761081696,0.9980040192604065,0.8117623329162598
YDL085W,YGR068C,0,-1.0945587,0.10968520492315292,0.9980040192604065,0.8118623495101929
YGL173C,YLR129W,0,-1.0959122,0.10967317223548889,0.9980040192604065,0.811962366104126
YBL022C,YKL173W,0,-1.0972253,0.10966114699840546,0.9980040192604065,0.8120623826980591
YJL207C,YBL085W,0,-1.0976777,0.10964912176132202,0.9980040192604065,0.812162458896637
YBR084W,YGL153W,0,-1.0977223,0.10963710397481918,0.9980040192604065,0.8122624754905701
YPL188W,YBR079C,0,-1.0987043,0.10962507873773575,0.9980040192604065,0.8123624920845032
YEL047C,YOR257W,0,-1.0989504,0.10961306840181351,0.9980040192604065,0.8124625086784363
YLR441C,YMR288W,0,-1.0991529,0.10960105061531067,0.9980040192604065,0.8125625252723694
YBR128C,YHR081W,0,-1.0993534,0.10958904027938843,0.9980040192604065,0.8126625418663025
YER119C,YPL033C,0,-1.0995833,0.10957702994346619,0.9980040192604065,0.8127625584602356
YPL017C,YBR257W,0,-1.1014478,0.10956502705812454,0.9980040192604065,0.8128625750541687
YLR188W,YFL048C,0,-1.1028407,0.1095530241727829,0.9980040192604065,0.8129625916481018
YNL046W,YIL042C,0,-1.1033506,0.10954102128744125,0.9980040192604065,0.8130626082420349
YNL107W,YMR094W,0,-1.1044341,0.1095290258526802,0.9980040192604065,0.813162624835968
YLR403W,YCR079W,0,-1.105008,0.10951703041791916,0.9980040192604065,0.8132626414299011
YGR061C,YKL175W,0,-1.1057546,0.10950503498315811,0.9980040192604065,0.8133626580238342
YJL123C,YIR009W,0,-1.1072476,0.10949304699897766,0.9980040192604065,0.8134626746177673
YBR083W,YEL009C,0,-1.1074462,0.10948105901479721,0.9980040192604065,0.8135626912117004
YER025W,YFR021W,0,-1.1075609,0.10946907848119736,0.9980040192604065,0.8136627078056335
YDR306C,YOL120C,0,-1.1076555,0.1094570904970169,0.9980040192604065,0.8137627243995667
YBL068W,YGL206C,0,-1.1082404,0.10944510996341705,0.9980040192604065,0.8138628005981445
YML075C,YJR034W,0,-1.1089312,0.1094331368803978,0.9980040192604065,0.8139628171920776
YLR107W,YJL008C,0,-1.1107497,0.10942116379737854,0.9980040192604065,0.8140628337860107
YHR152W,YPL157W,0,-1.111248,0.10940919071435928,0.9980040192604065,0.8141628503799438
YHR008C,YLL002W,0,-1.111332,0.10939721763134003,0.9980040192604065,0.814262866973877
YKR026C,YOL138C,0,-1.1124306,0.10938525199890137,0.9980040192604065,0.8143628835678101
YMR308C,YOR381W,0,-1.1131376,0.1093732938170433,0.9980040192604065,0.8144629001617432
YMR090W,YDR079W,0,-1.1136957,0.10936132818460464,0.9980040192604065,0.8145629167556763
YKR094C,YER101C,0,-1.1146039,0.10934937000274658,0.9980040192604065,0.8146629333496094
YGL014W,YDL030W,0,-1.1146753,0.10933741182088852,0.9980040192604065,0.8147629499435425
YKL186C,YHR161C,0,-1.1149929,0.10932546108961105,0.9980040192604065,0.8148629665374756
YOR219C,YOL158C,0,-1.1154872,0.10931351035833359,0.9980040192604065,0.8149629831314087
YHR067W,YNL032W,0,-1.1160997,0.10930155962705612,0.9980040192604065,0.8150629997253418
YDR481C,YFR009W,0,-1.1161938,0.10928961634635925,0.9980040192604065,0.8151630163192749
YGR052W,YJL072C,0,-1.1186676,0.10927767306566238,0.9980040192604065,0.815263032913208
YOL140W,YOR210W,0,-1.1208515,0.10926573723554611,0.9980040192604065,0.8153630495071411
YGL040C,YMR188C,0,-1.1213093,0.10925379395484924,0.9980040192604065,0.8154630661010742
YER147C,YOL038W,0,-1.121513,0.10924185812473297,0.9980040192604065,0.8155631422996521
YKL193C,YML131W,0,-1.1216431,0.1092299297451973,0.9980040192604065,0.8156631588935852
YNR040W,YGL089C,0,-1.1220968,0.10921800136566162,0.9980040192604065,0.8157631754875183
YML118W,YDL214C,0,-1.1231306,0.10920607298612595,0.9980040192604065,0.8158631920814514
YAL020C,YGR194C,0,-1.1232004,0.10919414460659027,0.9980040192604065,0.8159632086753845
YLR157C,YDL184C,0,-1.1241235,0.10918222367763519,0.9980040192604065,0.8160632252693176
YDL136W,YOR346W,0,-1.1245985,0.10917030274868011,0.9980040192604065,0.8161632418632507
YIL103W,YEL065W,0,-1.125517,0.10915838927030563,0.9980040192604065,0.8162632584571838
YGL253W,YPR006C,0,-1.1258637,0.10914647579193115,0.9980040192604065,0.8163632750511169
YAR014C,YMR227C,0,-1.1265764,0.10913456231355667,0.9980040192604065,0.81646329164505
YPL003W,YBR039W,0,-1.1270404,0.10912265628576279,0.9980040192604065,0.8165633082389832
YDR221W,YAR014C,0,-1.1271815,0.1091107502579689,0.9980040192604065,0.8166633248329163
YPR041W,YJR036C,0,-1.1272514,0.10909884423017502,0.9980040192604065,0.8167633414268494
YLR314C,YDL030W,0,-1.1276537,0.10908694565296173,0.9980040192604065,0.8168633580207825
YCL031C,YGL233W,0,-1.1279738,0.10907504707574844,0.9980040192604065,0.8169633746147156
YJL130C,YOL158C,0,-1.1281462,0.10906314849853516,0.9980040192604065,0.8170633912086487
YHR191C,YLL022C,0,-1.1283634,0.10905125737190247,0.9980040192604065,0.8171634078025818
YJL129C,YOR130C,0,-1.1292605,0.10903936624526978,0.9980040192604065,0.8172634243965149
YPR186C,YLR045C,0,-1.1301967,0.10902747511863708,0.9980040192604065,0.8173635005950928
YPL194W,YCR046C,0,-1.13031,0.10901559144258499,0.9980040192604065,0.8174635171890259
YMR208W,YPL015C,0,-1.1305009,0.1090037077665329,0.9980040192604065,0.817563533782959
YMR114C,YOL123W,0,-1.1309922,0.1089918240904808,0.9980040192604065,0.8176635503768921
YDR456W,YDR252W,0,-1.1313676,0.10897994786500931,0.9980040192604065,0.8177635669708252
YMR116C,YNR043W,0,-1.1318951,0.10896807163953781,0.9980040192604065,0.8178635835647583
YPL131W,YER183C,0,-1.1320369,0.10895620286464691,0.9980040192604065,0.8179636001586914
YOL125W,YML008C,0,-1.1325678,0.10894432663917542,0.9980040192604065,0.8180636167526245
YGR262C,YMR068W,0,-1.1337477,0.10893246531486511,0.9980040192604065,0.8181636333465576
YOR098C,YMR239C,0,-1.1339076,0.10892059653997421,0.9980040192604065,0.8182636499404907
YJR063W,YHR008C,0,-1.1339215,0.10890873521566391,0.9980040192604065,0.8183636665344238
YNR050C,YOR133W,0,-1.1343117,0.10889687389135361,0.9980040192604065,0.8184636831283569
YNL331C,YLR134W,0,-1.1347804,0.1088850200176239,0.9980040192604065,0.81856369972229
YOR131C,YAL031C,0,-1.1355107,0.1088731661438942,0.9980040192604065,0.8186637163162231
YER046W,YPL220W,0,-1.1360313,0.10886131227016449,0.9980040192604065,0.8187637329101562
YOR234C,YJR113C,0,-1.1367552,0.10884945839643478,0.9980040192604065,0.8188637495040894
YPL030W,YML006C,0,-1.136787,0.10883761197328568,0.9980040192604065,0.8189637660980225
YBL057C,YDL097C,0,-1.1368483,0.10882577300071716,0.9980040192604065,0.8190638422966003
YBR126C,YAL058W,0,-1.1380074,0.10881392657756805,0.9980040192604065,0.8191638588905334
YDR304C,YDR022C,0,-1.1389735,0.10880208760499954,0.9980040192604065,0.8192638754844666
YOL100W,YBR048W,0,-1.139189,0.10879025608301163,0.9980040192604065,0.8193638920783997
YJR067C,YJR159W,0,-1.1396326,0.10877841711044312,0.9980040192604065,0.8194639086723328
YDR191W,YER137C,0,-1.139987,0.1087665855884552,0.9980040192604065,0.8195639252662659
YDL153C,YOR095C,0,-1.1401247,0.10875476151704788,0.9980040192604065,0.819663941860199
YLL029W,YGR287C,0,-1.1420349,0.10874292999505997,0.9980040192604065,0.8197639584541321
YHR059W,YKR003W,0,-1.1441019,0.10873110592365265,0.9980040192604065,0.8198639750480652
YNL121C,YDR452W,0,-1.1449636,0.10871928930282593,0.9980040192604065,0.8199639916419983
YHR072W,YDL036C,0,-1.146135,0.10870746523141861,0.9980040192604065,0.8200640082359314
YBR183W,YDR265W,0,-1.1461446,0.10869564861059189,0.9980040192604065,0.8201640248298645
YDR177W,YJL062W-A,0,-1.1468176,0.10868383944034576,0.9980040192604065,0.8202640414237976
YLR133W,YEL060C,0,-1.1473253,0.10867203027009964,0.9980040192604065,0.8203640580177307
YKR103W,YER006W,0,-1.148265,0.10866022109985352,0.9980040192604065,0.8204640746116638
YCR020W-B,YNL039W,0,-1.1486067,0.10864841192960739,0.9980040192604065,0.8205640912055969
YDR194C,YDR142C,0,-1.1498033,0.10863661020994186,0.9980040192604065,0.82066410779953
YDL198C,YMR152W,0,-1.1499183,0.10862480849027634,0.9980040192604065,0.8207641243934631
YEL054C,YMR006C,0,-1.1507254,0.1086130142211914,0.9980040192604065,0.820864200592041
YGR132C,YER051W,0,-1.150803,0.10860121995210648,0.9980040192604065,0.8209642171859741
YIL010W,YLL012W,0,-1.151273,0.10858942568302155,0.9980040192604065,0.8210642337799072
YOR312C,YPL159C,0,-1.1538996,0.10857763141393661,0.9980040192604065,0.8211642503738403
YKL085W,YML025C,0,-1.1543045,0.10856584459543228,0.9980040192604065,0.8212642669677734
YJR144W,YDL207W,0,-1.1545428,0.10855405777692795,0.9980040192604065,0.8213642835617065
YDL017W,YIR025W,0,-1.1570274,0.10854227840900421,0.9980040192604065,0.8214643001556396
YLR077W,YPL273W,0,-1.1572033,0.10853049904108047,0.9980040192604065,0.8215643167495728
YJL148W,YAR044W,0,-1.15772,0.10851871967315674,0.9980040192604065,0.8216643333435059
YBR021W,YKL021C,0,-1.1592306,0.1085069477558136,0.9980040192604065,0.821764349937439
YOR089C,YER126C,0,-1.1605359,0.10849516838788986,0.9980040192604065,0.8218643665313721
YLR295C,YDR107C,0,-1.1610802,0.10848340392112732,0.9980040192604065,0.8219643831253052
YOR353C,YLR283W,0,-1.1619744,0.10847163200378418,0.9980040192604065,0.8220643997192383
YML078W,YML085C,0,-1.162025,0.10845986753702164,0.9980040192604065,0.8221644163131714
YJL221C,YKL028W,0,-1.1641569,0.10844811052083969,0.9980040192604065,0.8222644329071045
YDR403W,YCL011C,0,-1.1644143,0.10843634605407715,0.9980040192604065,0.8223644495010376
YML095C,YOR256C,0,-1.1645831,0.1084245890378952,0.9980040192604065,0.8224644660949707
YBR291C,YJR025C,0,-1.16466,0.10841283947229385,0.9980040192604065,0.8225645422935486
YFL023W,YEL043W,0,-1.1648996,0.10840108245611191,0.9980040192604065,0.8226645588874817
YBR145W,YPL188W,0,-1.1650683,0.10838933289051056,0.9980040192604065,0.8227645754814148
YCR060W,YLR306W,0,-1.1664377,0.10837759077548981,0.9980040192604065,0.8228645920753479
YHR104W,YGL147C,0,-1.1670207,0.10836584120988846,0.9980040192604065,0.822964608669281
YMR016C,YLR301W,0,-1.1670746,0.1083540990948677,0.9980040192604065,0.8230646252632141
YKR029C,YLR142W,0,-1.1672407,0.10834236443042755,0.9980040192604065,0.8231646418571472
YDL017W,YLR119W,0,-1.1672454,0.1083306223154068,0.9980040192604065,0.8232646584510803
YDL056W,YLR128W,0,-1.1689748,0.10831888765096664,0.9980040192604065,0.8233646750450134
YPL252C,YDR011W,0,-1.1690472,0.10830716043710709,0.9980040192604065,0.8234646916389465
YBL057C,YDR499W,0,-1.1693547,0.10829543322324753,0.9980040192604065,0.8235647082328796
YBR215W,YKL015W,0,-1.169768,0.10828370600938797,0.9980040192604065,0.8236647248268127
YOR391C,YML022W,0,-1.1708931,0.10827197879552841,0.9980040192604065,0.8237647414207458
YBR175W,YCR028C,0,-1.1709353,0.10826025903224945,0.9980040192604065,0.823864758014679
YOR069W,YDR186C,0,-1.1711185,0.10824853926897049,0.9980040192604065,0.8239647746086121
YJL020C,YER149C,1,-1.1712209,0.10834506154060364,0.9990019798278809,0.8239647746086121
YBR166C,YKR068C,0,-1.1715556,0.10833333432674408,0.9990019798278809,0.8240647912025452
YOR069W,YPL190C,0,-1.1720796,0.10832160711288452,0.9990019798278809,0.8241648077964783
YCL026C-B,YGR105W,0,-1.1724286,0.10830988734960556,0.9990019798278809,0.8242648243904114
YNL046W,YDR479C,0,-1.1729769,0.1082981750369072,0.9990019798278809,0.8243649005889893
YHR104W,YBR077C,0,-1.1740991,0.10828645527362823,0.9990019798278809,0.8244649171829224
YDR076W,YLR446W,0,-1.1753412,0.10827474296092987,0.9990019798278809,0.8245649337768555
YDR454C,YPL252C,0,-1.1755596,0.1082630306482315,0.9990019798278809,0.8246649503707886
YJL191W,YPR032W,0,-1.1760054,0.10825132578611374,0.9990019798278809,0.8247649669647217
YFL066C,YER048C,0,-1.1767977,0.10823962092399597,0.9990019798278809,0.8248649835586548
YKL167C,YLR373C,0,-1.1773673,0.1082279160618782,0.9990019798278809,0.8249650001525879
YCR077C,YBL099W,0,-1.177477,0.10821621865034103,0.9990019798278809,0.825065016746521
YML060W,YDL213C,0,-1.177719,0.10820452123880386,0.9990019798278809,0.8251650333404541
YDR097C,YFL001W,0,-1.1786213,0.1081928238272667,0.9990019798278809,0.8252650499343872
YKL020C,YMR190C,0,-1.1788862,0.10818113386631012,0.9990019798278809,0.8253650665283203
YHR166C,YAL009W,0,-1.1789414,0.10816944390535355,0.9990019798278809,0.8254650831222534
YDR081C,YNL101W,0,-1.1792513,0.10815775394439697,0.9990019798278809,0.8255650997161865
YLR427W,YJR129C,0,-1.180549,0.1081460639834404,0.9990019798278809,0.8256651163101196
YJL041W,YER115C,0,-1.1805634,0.10813438147306442,0.9990019798278809,0.8257651329040527
YOR057W,YIR028W,0,-1.1810112,0.10812270641326904,0.9990019798278809,0.8258651494979858
YLR107W,YKL053C-A,0,-1.1813158,0.10811102390289307,0.9990019798278809,0.825965166091919
YIL136W,YJL157C,0,-1.1832577,0.10809934884309769,0.9990019798278809,0.8260652422904968
YGL125W,YER011W,0,-1.1868144,0.1080876812338829,0.9990019798278809,0.8261652588844299
YML058W,YPR204W,0,-1.1879267,0.10807600617408752,0.9990019798278809,0.826265275478363
YGL210W,YDR449C,0,-1.1881028,0.10806433856487274,0.9990019798278809,0.8263652920722961
YOL060C,YBL098W,0,-1.189098,0.10805267840623856,0.9990019798278809,0.8264653086662292
YLR205C,YOR179C,0,-1.1892248,0.10804101824760437,0.9990019798278809,0.8265653252601624
YKL210W,YDL115C,0,-1.1897982,0.10802935808897018,0.9990019798278809,0.8266653418540955
YIL103W,YPR189W,0,-1.1909052,0.108017697930336,0.9990019798278809,0.8267653584480286
YCL026C-B,YLR373C,0,-1.1913457,0.10800604522228241,0.9990019798278809,0.8268653750419617
YLR438C-A,YKL015W,0,-1.1916724,0.10799439251422882,0.9990019798278809,0.8269653916358948
YDR283C,YBR141C,0,-1.1924467,0.10798273980617523,0.9990019798278809,0.8270654082298279
YKL067W,YBR286W,0,-1.1927118,0.10797109454870224,0.9990019798278809,0.827165424823761
YML018C,YGR203W,0,-1.1937869,0.10795944929122925,0.9990019798278809,0.8272654414176941
YOR210W,YLR130C,0,-1.1938024,0.10794780403375626,0.9990019798278809,0.8273654580116272
YLR424W,YDR239C,0,-1.1958476,0.10793616622686386,0.9990019798278809,0.8274654746055603
YMR090W,YPL015C,0,-1.1960872,0.10792452841997147,0.9990019798278809,0.8275654911994934
YER073W,YAL061W,0,-1.1969917,0.10791289061307907,0.9990019798278809,0.8276655077934265
YDL217C,YPL011C,0,-1.1970675,0.10790126025676727,0.9990019798278809,0.8277655243873596
YKR025W,YJL076W,0,-1.197901,0.10788962990045547,0.9990019798278809,0.8278656005859375
YOR382W,YHR181W,0,-1.1980127,0.10787800699472427,0.9990019798278809,0.8279656171798706
YFL050C,YMR244C-A,0,-1.1983944,0.10786637663841248,0.9990019798278809,0.8280656337738037
YKR066C,YLR064W,0,-1.1986446,0.10785475373268127,0.9990019798278809,0.8281656503677368
YPL249C-A,YIR007W,0,-1.1988548,0.10784313827753067,0.9990019798278809,0.8282656669616699
YMR251W-A,YML070W,0,-1.199455,0.10783152282238007,0.9990019798278809,0.828365683555603
YOR144C,YFL057C,0,-1.2006246,0.10781990736722946,0.9990019798278809,0.8284657001495361
YKR055W,YJL155C,0,-1.2012198,0.10780829191207886,0.9990019798278809,0.8285657167434692
YDR205W,YJL079C,0,-1.2019854,0.10779668390750885,0.9990019798278809,0.8286657333374023
YDL030W,YNR075W,0,-1.2024461,0.10778507590293884,0.9990019798278809,0.8287657499313354
YNL308C,YJR086W,0,-1.204449,0.10777346789836884,0.9990019798278809,0.8288657665252686
YPL038W,YJL062W-A,0,-1.2049547,0.10776186734437943,0.9990019798278809,0.8289657831192017
YBL019W,YMR229C,0,-1.2057772,0.10775026679039001,0.9990019798278809,0.8290657997131348
YBL028C,YER141W,0,-1.2066238,0.1077386736869812,0.9990019798278809,0.8291658163070679
YLR070C,YJL115W,0,-1.207674,0.10772708058357239,0.9990019798278809,0.829265832901001
YKR065C,YER120W,0,-1.2077134,0.10771548748016357,0.9990019798278809,0.8293658494949341
YOR246C,YER042W,0,-1.2083035,0.10770389437675476,0.9990019798278809,0.8294658660888672
YML088W,YBR039W,0,-1.2087847,0.10769230872392654,0.9990019798278809,0.8295659422874451
YAL012W,YPL186C,0,-1.2101872,0.10768072307109833,0.9990019798278809,0.8296659588813782
YPR043W,YHR203C,0,-1.2111166,0.10766913741827011,0.9990019798278809,0.8297659754753113
YDR531W,YDR496C,0,-1.2112824,0.10765755921602249,0.9990019798278809,0.8298659920692444
YGR143W,YJR133W,0,-1.2114167,0.10764598101377487,0.9990019798278809,0.8299660086631775
YGR023W,YIL134W,0,-1.2119589,0.10763441026210785,0.9990019798278809,0.8300660252571106
YBR066C,YJR040W,0,-1.212296,0.10762283951044083,0.9990019798278809,0.8301660418510437
YDR405W,YOL072W,0,-1.2124745,0.1076112687587738,0.9990019798278809,0.8302660584449768
YOR066W,YDL054C,0,-1.212994,0.10759969800710678,0.9990019798278809,0.8303660750389099
YER017C,YGR095C,0,-1.2144665,0.10758813470602036,0.9990019798278809,0.830466091632843
YIR021W,YGL119W,0,-1.2147508,0.10757657140493393,0.9990019798278809,0.8305661082267761
YNL305C,YHR051W,0,-1.2154536,0.1075650081038475,0.9990019798278809,0.8306661248207092
YGL224C,YLL051C,0,-1.215543,0.10755345225334167,0.9990019798278809,0.8307661414146423
YFR019W,YLR079W,0,-1.2177135,0.10754189640283585,0.9990019798278809,0.8308661580085754
YOR246C,YIL091C,0,-1.2188718,0.10753034800291061,0.9990019798278809,0.8309661746025085
YIL017C,YML123C,0,-1.219054,0.10751879960298538,0.9990019798278809,0.8310661911964417
YLR401C,YKR028W,0,-1.2198513,0.10750725120306015,0.9990019798278809,0.8311662077903748
YIL061C,YFR055W,0,-1.2215494,0.10749570280313492,0.9990019798278809,0.8312662243843079
YCL057W,YLL062C,0,-1.2221045,0.10748416185379028,0.9990019798278809,0.8313663005828857
YER049W,YJL178C,0,-1.2231125,0.10747262090444565,0.9990019798278809,0.8314663171768188
YLR048W,YOL089C,0,-1.2233068,0.10746108740568161,0.9990019798278809,0.831566333770752
YFR013W,YPL181W,0,-1.2238806,0.10744954645633698,0.9990019798278809,0.8316663503646851
YDL054C,YOL013C,0,-1.2244216,0.10743801295757294,0.9990019798278809,0.8317663669586182
YMR204C,YJL090C,0,-1.2249575,0.1074264869093895,0.9990019798278809,0.8318663835525513
YKL086W,YKR081C,0,-1.2255127,0.10741496086120605,0.9990019798278809,0.8319664001464844
YMR051C,YBR227C,0,-1.2266659,0.10740343481302261,0.9990019798278809,0.8320664167404175
YEL055C,YOR346W,0,-1.2267416,0.10739190876483917,0.9990019798278809,0.8321664333343506
YLR107W,YHR166C,0,-1.226762,0.10738039016723633,0.9990019798278809,0.8322664499282837
YAL010C,YIL088C,0,-1.2268332,0.10736887156963348,0.9990019798278809,0.8323664665222168
YMR278W,YCL036W,0,-1.2275326,0.10735736042261124,0.9990019798278809,0.8324664831161499
YGR275W,YKL001C,0,-1.2281693,0.10734584182500839,0.9990019798278809,0.832566499710083
YNR012W,YDR402C,0,-1.2283059,0.10733433067798615,0.9990019798278809,0.8326665163040161
YNL185C,YDR260C,0,-1.2284864,0.1073228269815445,0.9990019798278809,0.8327665328979492
YGL090W,YDR362C,0,-1.2290713,0.10731132328510284,0.9990019798278809,0.8328665494918823
YPR103W,YOR022C,0,-1.2297502,0.1072998195886612,0.9990019798278809,0.8329665660858154
YDR265W,YDL231C,0,-1.2297806,0.10728831589221954,0.9990019798278809,0.8330666422843933
YGL254W,YGL084C,0,-1.2298977,0.10727681964635849,0.9990019798278809,0.8331666588783264
YOR287C,YNR075W,0,-1.2302265,0.10726532340049744,0.9990019798278809,0.8332666754722595
YML022W,YBR019C,0,-1.2331097,0.10725382715463638,0.9990019798278809,0.8333666920661926
YCL026C-B,YPR191W,0,-1.2344242,0.10724233835935593,0.9990019798278809,0.8334667086601257
YLR320W,YDR011W,0,-1.2355732,0.10723084956407547,0.9990019798278809,0.8335667252540588
YGL211W,YMR068W,0,-1.2401389,0.10721936821937561,0.9990019798278809,0.8336667418479919
YPR140W,YDR208W,0,-1.2402706,0.10720787942409515,0.9990019798278809,0.833766758441925
YER082C,YPR152C,0,-1.2421461,0.1071963980793953,0.9990019798278809,0.8338667750358582
YOL086C,YOR384W,0,-1.2421787,0.10718492418527603,0.9990019798278809,0.8339667916297913
YBL103C,YPL181W,0,-1.242586,0.10717345029115677,0.9990019798278809,0.8340668082237244
YER056C-A,YNR012W,0,-1.2447361,0.1071619763970375,0.9990019798278809,0.8341668248176575
YBR261C,YHR099W,0,-1.244801,0.10715050250291824,0.9990019798278809,0.8342668414115906
YJR070C,YLR389C,0,-1.2449054,0.10713903605937958,0.9990019798278809,0.8343668580055237
YLR369W,YML113W,0,-1.2453469,0.10712756961584091,0.9990019798278809,0.8344668745994568
YOL064C,YDL174C,0,-1.2459625,0.10711610317230225,0.9990019798278809,0.8345668911933899
YGL155W,YGL203C,0,-1.2461799,0.10710464417934418,0.9990019798278809,0.834666907787323
YLR459W,YGR163W,0,-1.2471026,0.10709318518638611,0.9990019798278809,0.8347669243812561
YBL052C,YFR001W,0,-1.2477723,0.10708172619342804,0.9990019798278809,0.834867000579834
YLL029W,YGL123W,0,-1.2480854,0.10707027465105057,0.9990019798278809,0.8349670171737671
YNL209W,YMR293C,0,-1.2487336,0.1070588231086731,0.9990019798278809,0.8350670337677002
YBR275C,YDR043C,0,-1.2502924,0.10704737156629562,0.9990019798278809,0.8351670503616333
YDR466W,YDL210W,0,-1.2507224,0.10703592747449875,0.9990019798278809,0.8352670669555664
YKL061W,YBR110W,0,-1.2517928,0.10702448338270187,0.9990019798278809,0.8353670835494995
YLR213C,YJL014W,0,-1.2530731,0.107013039290905,0.9990019798278809,0.8354671001434326
YEL009C,YJR070C,0,-1.253997,0.10700160264968872,0.9990019798278809,0.8355671167373657
YMR113W,YMR139W,0,-1.2548071,0.10699016600847244,0.9990019798278809,0.8356671333312988
YLR027C,YDL045W-A,0,-1.2548181,0.10697872936725616,0.9990019798278809,0.8357671499252319
YDR324C,YFR045W,0,-1.2559558,0.10696730017662048,0.9990019798278809,0.835867166519165
YKL175W,YOR303W,0,-1.2569542,0.1069558709859848,0.9990019798278809,0.8359671831130981
YOR290C,YPL151C,0,-1.2577325,0.10694444179534912,0.9990019798278809,0.8360671997070312
YAL001C,YER151C,0,-1.2584366,0.10693302005529404,0.9990019798278809,0.8361672163009644
YAL016W,YJR129C,0,-1.2591139,0.10692159831523895,0.9990019798278809,0.8362672328948975
YMR256C,YLR188W,0,-1.2591865,0.10691017657518387,0.9990019798278809,0.8363672494888306
YOL097C,YJR135W-A,0,-1.2595521,0.10689876228570938,0.9990019798278809,0.8364672660827637
YOR304W,YER070W,0,-1.2621199,0.1068873479962349,0.9990019798278809,0.8365673422813416
YLR378C,YBL030C,0,-1.2626089,0.1068759337067604,0.9990019798278809,0.8366673588752747
YNL329C,YMR190C,0,-1.2627155,0.10686452686786652,0.9990019798278809,0.8367673754692078
YDR109C,YLR452C,0,-1.2630416,0.10685312002897263,0.9990019798278809,0.8368673920631409
YMR267W,YBR253W,0,-1.2635581,0.10684171319007874,0.9990019798278809,0.836967408657074
YJL050W,YEL021W,0,-1.2651743,0.10683030635118484,0.9990019798278809,0.8370674252510071
YOL004W,YOR144C,0,-1.2657627,0.10681890696287155,0.9990019798278809,0.8371674418449402
YGL047W,YER053C,0,-1.2659395,0.10680751502513885,0.9990019798278809,0.8372674584388733
YCR003W,YDR320C,0,-1.2670076,0.10679611563682556,0.9990019798278809,0.8373674750328064
YGR096W,YGL044C,0,-1.2672304,0.10678472369909286,0.9990019798278809,0.8374674916267395
YGL178W,YDR382W,0,-1.2675413,0.10677333176136017,0.9990019798278809,0.8375675082206726
YOR234C,YPR132W,0,-1.26924,0.10676194727420807,0.9990019798278809,0.8376675248146057
YOR130C,YMR173W,0,-1.2694551,0.10675056278705597,0.9990019798278809,0.8377675414085388
YDL207W,YIL168W,0,-1.2709298,0.10673917829990387,0.9990019798278809,0.8378675580024719
YFL048C,YLR032W,0,-1.271824,0.10672779381275177,0.9990019798278809,0.837967574596405
YER096W,YDR314C,0,-1.2718674,0.10671641677618027,0.9990019798278809,0.8380675911903381
YER025W,YOL077W-A,0,-1.2719915,0.10670503973960876,0.9990019798278809,0.8381676077842712
YJL194W,YHR140W,0,-1.2720951,0.10669367015361786,0.9990019798278809,0.8382676243782043
YNL265C,YIL171W,0,-1.2723702,0.10668230056762695,0.9990019798278809,0.8383677005767822
YKL125W,YIR035C,0,-1.2731473,0.10667093098163605,0.9990019798278809,0.8384677171707153
YPL213W,YML077W,0,-1.2734767,0.10665956139564514,0.9990019798278809,0.8385677337646484
YDR026C,YGR292W,0,-1.2736486,0.10664819926023483,0.9990019798278809,0.8386677503585815
YPR004C,YIR006C,0,-1.275406,0.10663683712482452,0.9990019798278809,0.8387677669525146
YGR052W,YDR253C,0,-1.2756333,0.10662548243999481,0.9990019798278809,0.8388677835464478
YEL055C,YLR129W,0,-1.2761523,0.1066141203045845,0.9990019798278809,0.8389678001403809
YNR007C,YIL066C,0,-1.276493,0.10660276561975479,0.9990019798278809,0.839067816734314
YDR031W,YGL121C,0,-1.2780466,0.10659141838550568,0.9990019798278809,0.8391678333282471
YBL103C,YAR031W,0,-1.2790798,0.10658007115125656,0.9990019798278809,0.8392678499221802
YPL144W,YJR152W,0,-1.2801793,0.10656872391700745,0.9990019798278809,0.8393678665161133
YOL045W,YLR154C,0,-1.2803029,0.10655737668275833,0.9990019798278809,0.8394678831100464
YDR171W,YCR072C,0,-1.280403,0.10654603689908981,0.9990019798278809,0.8395678997039795
YPL068C,YDR191W,0,-1.2822127,0.1065346971154213,0.9990019798278809,0.8396679162979126
YMR271C,YNL261W,0,-1.282785,0.10652335733175278,0.9990019798278809,0.8397679328918457
YEL037C,YBR020W,0,-1.2839086,0.10651202499866486,0.9990019798278809,0.8398679494857788
YDR143C,YKL021C,0,-1.2848307,0.10650069266557693,0.9990019798278809,0.8399679660797119
YBR195C,YDR172W,0,-1.2857159,0.10648936033248901,0.9990019798278809,0.8400680422782898
YGR158C,YBL029C-A,0,-1.2862579,0.10647803544998169,0.9990019798278809,0.8401680588722229
YOR393W,YOR292C,0,-1.2865938,0.10646671056747437,0.9990019798278809,0.840268075466156
YJL028W,YEL004W,0,-1.2871635,0.10645538568496704,0.9990019798278809,0.8403680920600891
YDR429C,YOL044W,0,-1.2877241,0.10644406825304031,0.9990019798278809,0.8404681086540222
YIR036C,YBR155W,0,-1.2886113,0.10643275082111359,0.9990019798278809,0.8405681252479553
YOL130W,YLR300W,0,-1.2887737,0.10642143338918686,0.9990019798278809,0.8406681418418884
YEL054C,YDR363W-A,0,-1.2908701,0.10641012340784073,0.9990019798278809,0.8407681584358215
YMR159C,YGR200C,0,-1.2919298,0.106398805975914,0.9990019798278809,0.8408681750297546
YNL112W,YKL198C,0,-1.2920245,0.10638750344514847,0.9990019798278809,0.8409681916236877
YHR166C,YDL206W,0,-1.2926503,0.10637619346380234,0.9990019798278809,0.8410682082176208
YOR297C,YMR006C,0,-1.2927604,0.1063648909330368,0.9990019798278809,0.841168224811554
YOR308C,YDR184C,0,-1.2934285,0.10635358840227127,0.9990019798278809,0.8412682414054871
YPR060C,YDL017W,0,-1.2939521,0.10634229332208633,0.9990019798278809,0.8413682579994202
YML131W,YDL210W,0,-1.2940111,0.1063309982419014,0.9990019798278809,0.8414682745933533
YJR101W,YEL030W,0,-1.2951131,0.10631970316171646,0.9990019798278809,0.8415682911872864
YCR047C,YOR232W,0,-1.295136,0.10630840808153152,0.9990019798278809,0.8416683077812195
YBL003C,YGR028W,0,-1.2954727,0.10629712045192719,0.9990019798278809,0.8417683243751526
YER002W,YNL027W,0,-1.2957404,0.10628583282232285,0.9990019798278809,0.8418684005737305
YDR197W,YDR318W,0,-1.2968153,0.1062745526432991,0.9990019798278809,0.8419684171676636
YNL308C,YBL052C,0,-1.2979661,0.10626327246427536,0.9990019798278809,0.8420684337615967
YIL020C,YKL195W,0,-1.299362,0.10625199228525162,0.9990019798278809,0.8421684503555298
YKL181W,YML109W,0,-1.299796,0.10624071210622787,0.9990019798278809,0.8422684669494629
YKR038C,YMR182C,0,-1.3006836,0.10622943937778473,0.9990019798278809,0.842368483543396
YIR018W,YLR205C,0,-1.302034,0.10621816664934158,0.9990019798278809,0.8424685001373291
YOR047C,YMR300C,0,-1.3031139,0.10620689392089844,0.9990019798278809,0.8425685167312622
YLR396C,YOL019W,0,-1.3051907,0.10619562864303589,0.9990019798278809,0.8426685333251953
YGL029W,YLR301W,0,-1.3057876,0.10618436336517334,0.9990019798278809,0.8427685499191284
YKL139W,YLR040C,0,-1.3070806,0.10617309808731079,0.9990019798278809,0.8428685665130615
YEL047C,YML027W,0,-1.307407,0.10616184026002884,0.9990019798278809,0.8429685831069946
YJR056C,YOR243C,0,-1.3074366,0.10615058243274689,0.9990019798278809,0.8430685997009277
YFR009W,YNR032W,0,-1.3084426,0.10613932460546494,0.9990019798278809,0.8431686162948608
YML058W-A,YPR056W,0,-1.3091441,0.10612807422876358,0.9990019798278809,0.843268632888794
YOR212W,YPR191W,0,-1.309385,0.10611682385206223,0.9990019798278809,0.843368649482727
YGR262C,YLR147C,0,-1.3096536,0.10610557347536087,0.9990019798278809,0.8434686660766602
YMR257C,YHR016C,0,-1.3122498,0.10609433054924011,0.9990019798278809,0.843568742275238
YPR103W,YFR051C,0,-1.3124108,0.10608308762311935,0.9990019798278809,0.8436687588691711
YKL181W,YDL077C,0,-1.3153561,0.1060718446969986,0.9990019798278809,0.8437687754631042
YGL023C,YDR096W,0,-1.3161188,0.10606060922145844,0.9990019798278809,0.8438687920570374
YCR047C,YJL008C,0,-1.3161763,0.10604936629533768,0.9990019798278809,0.8439688086509705
YCL026C-B,YGL019W,0,-1.3164499,0.10603813827037811,0.9990019798278809,0.8440688252449036
YGR034W,YEL034W,0,-1.3172485,0.10602690279483795,0.9990019798278809,0.8441688418388367
YLR025W,YGL125W,0,-1.3175782,0.10601567476987839,0.9990019798278809,0.8442688584327698
YOR237W,YML058W-A,0,-1.3178955,0.10600444674491882,0.9990019798278809,0.8443688750267029
YER056C-A,YHR025W,0,-1.3201362,0.10599322617053986,0.9990019798278809,0.844468891620636
YNL306W,YER183C,0,-1.320268,0.10598199814558029,0.9990019798278809,0.8445689082145691
YJL041W,YDR170W-A,0,-1.3216136,0.10597077757120132,0.9990019798278809,0.8446689248085022
YMR283C,YER113C,0,-1.3234459,0.10595956444740295,0.9990019798278809,0.8447689414024353
YBR275C,YBR201W,0,-1.323696,0.10594835132360458,0.9990019798278809,0.8448689579963684
YBR183W,YHR171W,0,-1.325231,0.10593713819980621,0.9990019798278809,0.8449689745903015
YBR082C,YKL008C,0,-1.3253738,0.10592592507600784,0.9990019798278809,0.8450689911842346
YIL135C,YBL017C,0,-1.3269554,0.10591471940279007,0.9990019798278809,0.8451690077781677
YHR021C,YBR299W,0,-1.327324,0.1059035137295723,0.9990019798278809,0.8452690243721008
YJR047C,YIR010W,0,-1.32743,0.10589230805635452,0.9990019798278809,0.8453691005706787
YLR401C,YOR003W,0,-1.3277817,0.10588110983371735,0.9990019798278809,0.8454691171646118
YDR454C,YLL052C,0,-1.3284749,0.10586991161108017,0.9990019798278809,0.8455691337585449
YGL128C,YIL047C,0,-1.3287518,0.105858713388443,0.9990019798278809,0.845669150352478
YEL053C,YDR443C,0,-1.3289356,0.10584752261638641,0.9990019798278809,0.8457691669464111
YOL165C,YHR076W,0,-1.329588,0.10583633184432983,0.9990019798278809,0.8458691835403442
YDR047W,YBR037C,0,-1.3299599,0.10582514107227325,0.9990019798278809,0.8459692001342773
YKR067W,YDL045C,0,-1.3301502,0.10581395030021667,0.9990019798278809,0.8460692167282104
YOL108C,YGR071C,0,-1.3307337,0.10580276697874069,0.9990019798278809,0.8461692333221436
YJR032W,YPR061C,0,-1.3331599,0.1057915911078453,0.9990019798278809,0.8462692499160767
YMR025W,YGL135W,0,-1.3340642,0.10578040778636932,0.9990019798278809,0.8463692665100098
YJR151C,YBR296C,0,-1.3343784,0.10576923191547394,0.9990019798278809,0.8464692831039429
YHR072W,YOR064C,0,-1.3358757,0.10575805604457855,0.9990019798278809,0.846569299697876
YJL136C,YDL184C,0,-1.3362309,0.10574688017368317,0.9990019798278809,0.8466693162918091
YML126C,YHR081W,0,-1.3369008,0.10573571175336838,0.9990019798278809,0.8467693328857422
YIL031W,YHR186C,0,-1.3382901,0.10572454333305359,0.9990019798278809,0.8468693494796753
YMR093W,YDR262W,0,-1.3392121,0.1057133823633194,0.9990019798278809,0.8469693660736084
YOL128C,YIL083C,0,-1.3401182,0.10570221394300461,0.9990019798278809,0.8470694422721863
YJL154C,YNL223W,0,-1.3409421,0.10569106042385101,0.9990019798278809,0.8471694588661194
YJL036W,YBR072W,0,-1.3421644,0.10567989945411682,0.9990019798278809,0.8472694754600525
YMR316W,YBR244W,0,-1.3439921,0.10566874593496323,0.9990019798278809,0.8473694920539856
YLR208W,YDR298C,0,-1.3441783,0.10565759241580963,0.9990019798278809,0.8474695086479187
YGR012W,YMR199W,0,-1.3443655,0.10564643889665604,0.9990019798278809,0.8475695252418518
YBR231C,YML093W,0,-1.3448952,0.10563529282808304,0.9990019798278809,0.8476695418357849
YKL082C,YLR148W,0,-1.3455477,0.10562413930892944,0.9990019798278809,0.847769558429718
YNL331C,YDR012W,0,-1.3456261,0.10561300069093704,0.9990019798278809,0.8478695750236511
YDR316W,YDR510W,0,-1.3459848,0.10560185462236404,0.9990019798278809,0.8479695916175842
YPL172C,YNL219C,0,-1.346066,0.10559071600437164,0.9990019798278809,0.8480696082115173
YOR237W,YPL132W,0,-1.3461064,0.10557957738637924,0.9990019798278809,0.8481696248054504
YGR012W,YPL053C,0,-1.3464401,0.10556844621896744,0.9990019798278809,0.8482696413993835
YML114C,YLR097C,0,-1.3468189,0.10555731505155563,0.9990019798278809,0.8483696579933167
YGL253W,YOR327C,0,-1.3481482,0.10554618388414383,0.9990019798278809,0.8484696745872498
YKR057W,YJL062W-A,0,-1.3494886,0.10553505271673203,0.9990019798278809,0.8485696911811829
YHR066W,YMR308C,0,-1.3498054,0.10552392899990082,0.9990019798278809,0.848669707775116
YDR298C,YJL165C,0,-1.3503119,0.10551280528306961,0.9990019798278809,0.8487697243690491
YDR173C,YAL034W-A,0,-1.3507153,0.105501689016819,0.9990019798278809,0.848869800567627
YBR084W,YDL025C,0,-1.3510995,0.10549056529998779,0.9990019798278809,0.8489698171615601
YHL002W,YPL132W,0,-1.3518595,0.10547944903373718,0.9990019798278809,0.8490698337554932
YER006W,YPL167C,0,-1.3519655,0.10546834021806717,0.9990019798278809,0.8491698503494263
YER119C,YKL148C,0,-1.351991,0.10545722395181656,0.9990019798278809,0.8492698669433594
YBR291C,YIL138C,0,-1.3525134,0.10544611513614655,0.9990019798278809,0.8493698835372925
YOR222W,YLR276C,0,-1.3526946,0.10543501377105713,0.9990019798278809,0.8494699001312256
YPR137W,YCR083W,0,-1.35355,0.10542390495538712,0.9990019798278809,0.8495699167251587
YJR082C,YJL050W,0,-1.3539066,0.1054128035902977,0.9990019798278809,0.8496699333190918
YFL048C,YLR035C-A,0,-1.3542888,0.10540170222520828,0.9990019798278809,0.8497699499130249
YGR032W,YOR298C-A,0,-1.3548027,0.10539060831069946,0.9990019798278809,0.849869966506958
YNR004W,YDR363W-A,0,-1.354984,0.10537951439619064,0.9990019798278809,0.8499699831008911
YBR291C,YIL105C,0,-1.3559628,0.10536842048168182,0.9990019798278809,0.8500699996948242
YFR055W,YLR158C,0,-1.3569276,0.1053573340177536,0.9990019798278809,0.8501700162887573
YER162C,YER171W,0,-1.3569556,0.10534624010324478,0.9990019798278809,0.8502700328826904
YGL040C,YER058W,0,-1.3571415,0.10533515363931656,0.9990019798278809,0.8503700494766235
YJR144W,YBL102W,0,-1.3573598,0.10532407462596893,0.9990019798278809,0.8504700660705566
YPL252C,YMR182C,0,-1.3576103,0.10531299561262131,0.9990019798278809,0.8505701422691345
YEL021W,YDL208W,0,-1.357924,0.10530191659927368,0.9990019798278809,0.8506701588630676
YOR069W,YDR389W,0,-1.3593669,0.10529083758592606,0.9990019798278809,0.8507701754570007
YHR196W,YBR283C,0,-1.3597225,0.10527976602315903,0.9990019798278809,0.8508701920509338
YKL011C,YML028W,0,-1.3600962,0.105268694460392,0.9990019798278809,0.8509702086448669
YML046W,YPR083W,0,-1.3607868,0.10525762289762497,0.9990019798278809,0.8510702252388
YKL148C,YLR286C,0,-1.3610798,0.10524655878543854,0.9990019798278809,0.8511702418327332
YJL115W,YMR229C,0,-1.3612816,0.1052354946732521,0.9990019798278809,0.8512702584266663
YLR025W,YGR096W,0,-1.3616827,0.10522443056106567,0.9990019798278809,0.8513702750205994
YBR223C,YOR030W,0,-1.3628072,0.10521336644887924,0.9990019798278809,0.8514702916145325
YER055C,YLL051C,0,-1.3629776,0.10520230978727341,0.9990019798278809,0.8515703082084656
YJL103C,YLR032W,0,-1.3632299,0.10519125312566757,0.9990019798278809,0.8516703248023987
YPR145W,YDR143C,0,-1.3638706,0.10518020391464233,0.9990019798278809,0.8517703413963318
YKR094C,YBR172C,0,-1.3644811,0.1051691547036171,0.9990019798278809,0.8518703579902649
YDL201W,YLR003C,0,-1.3647896,0.10515810549259186,0.9990019798278809,0.851970374584198
YCL075W,YBR132C,0,-1.36528,0.10514705628156662,0.9990019798278809,0.8520703911781311
YJR009C,YAL023C,0,-1.3661898,0.10513601452112198,0.9990019798278809,0.8521704077720642
YDR408C,YGL179C,0,-1.3667055,0.10512497276067734,0.9990019798278809,0.8522704243659973
YFL041W,YPL068C,0,-1.3674136,0.1051139310002327,0.9990019798278809,0.8523705005645752
YLR336C,YNL290W,0,-1.3687646,0.10510289669036865,0.9990019798278809,0.8524705171585083
YOL043C,YKL049C,0,-1.3713225,0.10509186238050461,0.9990019798278809,0.8525705337524414
YER095W,YDR038C,0,-1.3717725,0.10508082807064056,0.9990019798278809,0.8526705503463745
YML030W,YOR194C,0,-1.3728856,0.10506980121135712,0.9990019798278809,0.8527705669403076
YGR061C,YML043C,0,-1.3729861,0.10505877435207367,0.9990019798278809,0.8528705835342407
YLR304C,YNR013C,0,-1.3739872,0.10504774749279022,0.9990019798278809,0.8529706001281738
YAL025C,YIL171W,0,-1.3755985,0.10503672808408737,0.9990019798278809,0.8530706167221069
YDR139C,YBR072W,0,-1.3775308,0.10502570867538452,0.9990019798278809,0.85317063331604
YGR071C,YOR194C,0,-1.3775645,0.10501468926668167,0.9990019798278809,0.8532706499099731
YBL057C,YOR217W,0,-1.3781897,0.10500366985797882,0.9990019798278809,0.8533706665039062
YKL201C,YCR046C,0,-1.379681,0.10499265789985657,0.9990019798278809,0.8534706830978394
YBR195C,YBL009W,0,-1.3797945,0.10498164594173431,0.9990019798278809,0.8535706996917725
YPL095C,YLR089C,0,-1.3799185,0.10497063398361206,0.9990019798278809,0.8536707162857056
YIL134W,YCR083W,0,-1.3802011,0.1049596294760704,0.9990019798278809,0.8537707328796387
YOR328W,YDR382W,0,-1.3808655,0.10494862496852875,0.9990019798278809,0.8538707494735718
YKR025W,YPL180W,0,-1.3809172,0.10493762791156769,0.9990019798278809,0.8539707660675049
YCL026C-B,YGL236C,0,-1.3815411,0.10492662340402603,0.9990019798278809,0.8540708422660828
YOR148C,YER184C,0,-1.3853933,0.10491562634706497,0.9990019798278809,0.8541708588600159
YJR034W,YGR112W,0,-1.3864115,0.10490462929010391,0.9990019798278809,0.854270875453949
YLR237W,YBR293W,0,-1.3868638,0.10489363968372345,0.9990019798278809,0.8543708920478821
YDL122W,YLR138W,0,-1.3880599,0.10488265007734299,0.9990019798278809,0.8544709086418152
YOR069W,YIL084C,0,-1.3884813,0.10487166047096252,0.9990019798278809,0.8545709252357483
YOR196C,YOR356W,0,-1.3891318,0.10486067831516266,0.9990019798278809,0.8546709418296814
YLL062C,YIR028W,0,-1.3893769,0.1048496887087822,0.9990019798278809,0.8547709584236145
YGR255C,YKR059W,0,-1.3893956,0.10483870655298233,0.9990019798278809,0.8548709750175476
YER099C,YNL178W,0,-1.3900707,0.10482773184776306,0.9990019798278809,0.8549709916114807
YEL009C,YHR028C,0,-1.3920091,0.10481675714254379,0.9990019798278809,0.8550710082054138
YML094W,YNR046W,0,-1.3922721,0.10480578243732452,0.9990019798278809,0.8551710247993469
YIL072W,YBR278W,0,-1.3926224,0.10479480773210526,0.9990019798278809,0.85527104139328
YGR185C,YLR071C,0,-1.3937658,0.10478384047746658,0.9990019798278809,0.8553710579872131
YPR185W,YDR158W,0,-1.3938055,0.10477287322282791,0.9990019798278809,0.8554710745811462
YMR301C,YFR004W,0,-1.3939838,0.10476190596818924,0.9990019798278809,0.8555710911750793
YPR047W,YBR276C,0,-1.3940275,0.10475093871355057,0.9990019798278809,0.8556711077690125
YGL035C,YDR086C,0,-1.394196,0.10473997890949249,0.9990019798278809,0.8557711839675903
YLR073C,YPL096W,0,-1.394646,0.10472901910543442,0.9990019798278809,0.8558712005615234
YOL004W,YOL003C,0,-1.3955866,0.10471806675195694,0.9990019798278809,0.8559712171554565
YDL181W,YHR050W,0,-1.3958775,0.10470711439847946,0.9990019798278809,0.8560712337493896
YLR113W,YDR082W,0,-1.3959345,0.10469616204500198,0.9990019798278809,0.8561712503433228
YPR101W,YIR034C,0,-1.396632,0.1046852096915245,0.9990019798278809,0.8562712669372559
YCR083W,YGR240C,0,-1.3968841,0.10467426478862762,0.9990019798278809,0.856371283531189
YLR025W,YIL026C,0,-1.3974379,0.10466331988573074,0.9990019798278809,0.8564713001251221
YDR498C,YOR180C,0,-1.3975748,0.10465237498283386,0.9990019798278809,0.8565713167190552
YER169W,YDR216W,0,-1.3983401,0.10464143753051758,0.9990019798278809,0.8566713333129883
YIL076W,YGL071W,0,-1.398579,0.1046305000782013,0.9990019798278809,0.8567713499069214
YER091C,YKL034W,0,-1.3986775,0.10461956262588501,0.9990019798278809,0.8568713665008545
YGR199W,YDR322C-A,0,-1.3986987,0.10460863262414932,0.9990019798278809,0.8569713830947876
YJR097W,YKL217W,0,-1.3994392,0.10459770262241364,0.9990019798278809,0.8570713996887207
YMR167W,YIL046W,0,-1.4009274,0.10458677262067795,0.9990019798278809,0.8571714162826538
YPR112C,YJL157C,0,-1.4012812,0.10457584261894226,0.9990019798278809,0.8572714328765869
YLR106C,YJL139C,0,-1.4018282,0.10456492006778717,0.9990019798278809,0.85737144947052
YHR019C,YPR082C,0,-1.4018396,0.10455399751663208,0.9990019798278809,0.8574714660644531
YNL325C,YLR449W,0,-1.4020354,0.10454308241605759,0.9990019798278809,0.857571542263031
YIL135C,YFR032C-A,0,-1.4020597,0.1045321673154831,0.9990019798278809,0.8576715588569641
YHR117W,YPR101W,0,-1.402076,0.1045212522149086,0.9990019798278809,0.8577715754508972
YBR026C,YGR085C,0,-1.4032418,0.1045103371143341,0.9990019798278809,0.8578715920448303
YKL186C,YKR101W,0,-1.4046477,0.10449942946434021,0.9990019798278809,0.8579716086387634
YDL085W,YGL162W,0,-1.4057447,0.10448851436376572,0.9990019798278809,0.8580716252326965
YGL184C,YDR347W,0,-1.4060825,0.10447761416435242,0.9990019798278809,0.8581716418266296
YER171W,YBR141C,0,-1.4076563,0.10446670651435852,0.9990019798278809,0.8582716584205627
YNL110C,YLR237W,0,-1.4084023,0.10445580631494522,0.9990019798278809,0.8583716750144958
YOR133W,YML070W,0,-1.4085699,0.10444490611553192,0.9990019798278809,0.858471691608429
YDR197W,YML109W,0,-1.4089085,0.10443401336669922,0.9990019798278809,0.8585717082023621
YER017C,YLL033W,0,-1.4094243,0.10442312061786652,0.9990019798278809,0.8586717247962952
YBL054W,YER029C,0,-1.4095699,0.10441222786903381,0.9990019798278809,0.8587717413902283
YJR152W,YKR059W,0,-1.4103322,0.10440133512020111,0.9990019798278809,0.8588717579841614
YJL080C,YBR154C,0,-1.4103917,0.104390449821949,0.9990019798278809,0.8589717745780945
YKL189W,YNL289W,0,-1.4107958,0.1043795645236969,0.9990019798278809,0.8590717911720276
YHR116W,YNL124W,0,-1.4121507,0.1043686792254448,0.9990019798278809,0.8591718077659607
YOR133W,YOR233W,0,-1.4133726,0.10435780137777328,0.9990019798278809,0.8592718839645386
YKL164C,YPR098C,0,-1.4172473,0.10434691607952118,0.9990019798278809,0.8593719005584717
YPL172C,YNL315C,0,-1.4191066,0.10433604568243027,0.9990019798278809,0.8594719171524048
YCR023C,YAL058W,0,-1.4191958,0.10432516783475876,0.9990019798278809,0.8595719337463379
YHR152W,YDR373W,0,-1.4196814,0.10431429743766785,0.9990019798278809,0.859671950340271
YDR312W,YPL124W,0,-1.4200941,0.10430342704057693,0.9990019798278809,0.8597719669342041
YML123C,YGR157W,0,-1.4238213,0.10429256409406662,0.9990019798278809,0.8598719835281372
YGR061C,YIL158W,0,-1.4240612,0.10428169369697571,0.9990019798278809,0.8599720001220703
YHR057C,YGL062W,0,-1.4253048,0.1042708307504654,0.9990019798278809,0.8600720167160034
YNL306W,YDR251W,0,-1.4262916,0.10425997525453568,0.9990019798278809,0.8601720333099365
YLR121C,YPL089C,0,-1.4273597,0.10424911230802536,0.9990019798278809,0.8602720499038696
YER027C,YKL018W,0,-1.4278499,0.10423825681209564,0.9990019798278809,0.8603720664978027
YDR044W,YJL122W,0,-1.4285315,0.10422740876674652,0.9990019798278809,0.8604720830917358
YFL008W,YOR179C,0,-1.4287146,0.1042165532708168,0.9990019798278809,0.860572099685669
YPR163C,YMR166C,0,-1.4294404,0.10420570522546768,0.9990019798278809,0.860672116279602
YLR244C,YMR312W,0,-1.4304463,0.10419485718011856,0.9990019798278809,0.8607721328735352
YDL143W,YDR262W,0,-1.4307582,0.10418401658535004,0.9990019798278809,0.8608721494674683
YKL053C-A,YNR011C,0,-1.4326698,0.10417316854000092,0.9990019798278809,0.8609721660614014
YPL026C,YLL045C,0,-1.4330498,0.10416232794523239,0.9990019798278809,0.8610722422599792
YDL110C,YCL025C,0,-1.434997,0.10415149480104446,0.9990019798278809,0.8611722588539124
YLR153C,YNL280C,0,-1.4361109,0.10414065420627594,0.9990019798278809,0.8612722754478455
YER126C,YNR022C,0,-1.4364101,0.10412982106208801,0.9990019798278809,0.8613722920417786
YJL118W,YML074C,0,-1.4370371,0.10411899536848068,0.9990019798278809,0.8614723086357117
YDL083C,YDR508C,0,-1.4371556,0.10410816222429276,0.9990019798278809,0.8615723252296448
YNL112W,YPL030W,0,-1.4374343,0.10409733653068542,0.9990019798278809,0.8616723418235779
YML030W,YHR082C,0,-1.4385463,0.1040865108370781,0.9990019798278809,0.861772358417511
YBR267W,YLR301W,0,-1.4385698,0.10407569259405136,0.9990019798278809,0.8618723750114441
YOL124C,YNL182C,0,-1.4397985,0.10406487435102463,0.9990019798278809,0.8619723916053772
YBR275C,YNL151C,0,-1.4402112,0.1040540561079979,0.9990019798278809,0.8620724081993103
YPL271W,YLR418C,0,-1.4402153,0.10404323786497116,0.9990019798278809,0.8621724247932434
YMR235C,YOR348C,0,-1.4406025,0.10403242707252502,0.9990019798278809,0.8622724413871765
YNL329C,YDL051W,0,-1.4406779,0.10402161628007889,0.9990019798278809,0.8623724579811096
YER096W,YJR135W-A,0,-1.4434327,0.10401080548763275,0.9990019798278809,0.8624724745750427
YFL002C,YOR274W,0,-1.4447901,0.10400000214576721,0.9990019798278809,0.8625724911689758
YLL009C,YPL159C,0,-1.4473115,0.10398919880390167,0.9990019798278809,0.8626725077629089
YKR101W,YFR018C,0,-1.4479991,0.10397839546203613,0.9990019798278809,0.8627725839614868
YNL259C,YHR025W,0,-1.4483808,0.1039675921201706,0.9990019798278809,0.8628726005554199
YLL062C,YJR034W,0,-1.449326,0.10395679622888565,0.9990019798278809,0.862972617149353
YHR109W,YJR137C,0,-1.4514805,0.10394600033760071,0.9990019798278809,0.8630726337432861
YHL004W,YMR292W,0,-1.4517967,0.10393521189689636,0.9990019798278809,0.8631726503372192
YMR280C,YAL043C,0,-1.4518473,0.10392441600561142,0.9990019798278809,0.8632726669311523
YDR137W,YDR322C-A,0,-1.4537815,0.10391362756490707,0.9990019798278809,0.8633726835250854
YDL054C,YNR061C,0,-1.456452,0.10390284657478333,0.9990019798278809,0.8634727001190186
YJR145C,YML130C,0,-1.4569721,0.10389205813407898,0.9990019798278809,0.8635727167129517
YPR200C,YGR223C,0,-1.4580328,0.10388127714395523,0.9990019798278809,0.8636727333068848
YMR169C,YGR234W,0,-1.4591919,0.10387049615383148,0.9990019798278809,0.8637727499008179
YER165W,YNL282W,0,-1.4624869,0.10385972261428833,0.9990019798278809,0.863872766494751
YDL085W,YJL109C,0,-1.462653,0.10384894907474518,0.9990019798278809,0.8639727830886841
YOL052C,YOR294W,0,-1.4632642,0.10383817553520203,0.9990019798278809,0.8640727996826172
YDR265W,YOR198C,0,-1.4634134,0.10382740199565887,0.9990019798278809,0.8641728162765503
YGR154C,YPL082C,0,-1.4643126,0.10381663590669632,0.9990019798278809,0.8642728328704834
YKR035W-A,YIL133C,0,-1.4657393,0.10380586981773376,0.9990019798278809,0.8643728494644165
YHL033C,YBL074C,0,-1.465926,0.10379510372877121,0.9990019798278809,0.8644728660583496
YMR162C,YKR046C,0,-1.4662741,0.10378434509038925,0.9990019798278809,0.8645729422569275
YAL043C,YCL038C,0,-1.4668725,0.1037735864520073,0.9990019798278809,0.8646729588508606
YLR016C,YML085C,0,-1.4681113,0.10376282781362534,0.9990019798278809,0.8647729754447937
YJR138W,YJL210W,0,-1.4691133,0.10375207662582397,0.9990019798278809,0.8648729920387268
YDR415C,YDR036C,0,-1.4691427,0.10374131798744202,0.9990019798278809,0.8649730086326599
YGL155W,YGR081C,0,-1.4698524,0.10373056679964066,0.9990019798278809,0.865073025226593
YBR152W,YKL183W,0,-1.4716848,0.10371982306241989,0.9990019798278809,0.8651730418205261
YDL166C,YJL011C,0,-1.4718717,0.10370907932519913,0.9990019798278809,0.8652730584144592
YML110C,YJL157C,0,-1.471942,0.10369833558797836,0.9990019798278809,0.8653730750083923
YBR207W,YNL231C,0,-1.4730798,0.1036875918507576,0.9990019798278809,0.8654730916023254
YEL055C,YJL062W-A,0,-1.4738973,0.10367684811353683,0.9990019798278809,0.8655731081962585
YKL004W,YBR033W,0,-1.4748403,0.10366611182689667,0.9990019798278809,0.8656731247901917
YGL250W,YPL147W,0,-1.4763216,0.1036553829908371,0.9990019798278809,0.8657731413841248
YPR102C,YLR439W,0,-1.4769078,0.10364464670419693,0.9990019798278809,0.8658731579780579
YCR046C,YNL006W,0,-1.4770001,0.10363391786813736,0.9990019798278809,0.865973174571991
YDR346C,YDL060W,0,-1.4773237,0.10362318903207779,0.9990019798278809,0.8660731911659241
YMR308C,YNL124W,0,-1.4776908,0.10361246019601822,0.9990019798278809,0.8661732077598572
YOR003W,YLR316C,0,-1.4777284,0.10360173881053925,0.9990019798278809,0.8662732839584351
YNL308C,YBR222C,0,-1.4778339,0.10359101742506027,0.9990019798278809,0.8663733005523682
YKR042W,YPL258C,0,-1.4787384,0.1035802960395813,0.9990019798278809,0.8664733171463013
YKL109W,YKL189W,0,-1.4789811,0.10356958210468292,0.9990019798278809,0.8665733337402344
YOR251C,YOR036W,0,-1.4797512,0.10355886816978455,0.9990019798278809,0.8666733503341675
YMR283C,YLL022C,0,-1.4801337,0.10354815423488617,0.9990019798278809,0.8667733669281006
YOR176W,YDR153C,0,-1.4803122,0.10353744029998779,0.9990019798278809,0.8668733835220337
YMR115W,YBR123C,0,-1.481072,0.10352673381567001,0.9990019798278809,0.8669734001159668
YJR025C,YNR007C,0,-1.4832586,0.10351602733135223,0.9990019798278809,0.8670734167098999
YPL108W,YML097C,0,-1.4837732,0.10350532829761505,0.9990019798278809,0.867173433303833
YFR032C-A,YJR139C,0,-1.4838597,0.10349462181329727,0.9990019798278809,0.8672734498977661
YDL067C,YOL141W,0,-1.484408,0.10348392277956009,0.9990019798278809,0.8673734664916992
YML063W,YJL129C,0,-1.4844627,0.1034732237458229,0.9990019798278809,0.8674734830856323
YMR143W,YLR295C,0,-1.4850781,0.10346253216266632,0.9990019798278809,0.8675734996795654
YNL311C,YNL080C,0,-1.4851971,0.10345184057950974,0.9990019798278809,0.8676735162734985
YKL009W,YDR408C,0,-1.4852277,0.10344114899635315,0.9990019798278809,0.8677735328674316
YLR148W,YLR009W,0,-1.4872571,0.10343045741319656,0.9990019798278809,0.8678735494613647
YMR288W,YOL041C,0,-1.4875726,0.10341977328062057,0.9990019798278809,0.8679735660552979
YNL115C,YLR205C,0,-1.4888102,0.10340908914804459,0.9990019798278809,0.8680736422538757
YGR144W,YOR159C,0,-1.4895769,0.1033984124660492,0.9990019798278809,0.8681736588478088
YMR024W,YEL013W,0,-1.4908813,0.1033877283334732,0.9990019798278809,0.8682736754417419
YGL043W,YPL202C,0,-1.4940447,0.10337705165147781,0.9990019798278809,0.868373692035675
YBR142W,YPR061C,0,-1.4945436,0.10336637496948242,0.9990019798278809,0.8684737086296082
YMR039C,YDR258C,0,-1.495597,0.10335570573806763,0.9990019798278809,0.8685737252235413
YBR290W,YCR068W,0,-1.4960023,0.10334503650665283,0.9990019798278809,0.8686737418174744
YGR163W,YPL157W,0,-1.4963137,0.10333436727523804,0.9990019798278809,0.8687737584114075
YHL004W,YDR228C,0,-1.4982114,0.10332369804382324,0.9990019798278809,0.8688737750053406
YDR456W,YCR098C,0,-1.4986166,0.10331303626298904,0.9990019798278809,0.8689737915992737
YGL250W,YKR055W,0,-1.4994268,0.10330237448215485,0.9990019798278809,0.8690738081932068
YLR439W,YOR353C,0,-1.5001658,0.10329171270132065,0.9990019798278809,0.8691738247871399
YPL088W,YLR097C,0,-1.5010761,0.10328105837106705,0.9990019798278809,0.869273841381073
YCL075W,YLR164W,0,-1.5010942,0.10327040404081345,0.9990019798278809,0.8693738579750061
YMR123W,YHR089C,0,-1.5022079,0.10325974971055984,0.9990019798278809,0.8694738745689392
YOR374W,YLR372W,0,-1.5031189,0.10324909538030624,0.9990019798278809,0.8695738911628723
YDL074C,YDR267C,0,-1.5034958,0.10323844850063324,0.9990019798278809,0.8696739077568054
YDL112W,YDR266C,0,-1.5037707,0.10322780162096024,0.9990019798278809,0.8697739839553833
YGL224C,YML123C,0,-1.5038681,0.10321715474128723,0.9990019798278809,0.8698740005493164
YDR120C,YDL005C,0,-1.5040249,0.10320651531219482,0.9990019798278809,0.8699740171432495
YMR301C,YBR297W,0,-1.5054811,0.10319587588310242,0.9990019798278809,0.8700740337371826
YOR149C,YDL213C,0,-1.5054885,0.10318523645401001,0.9990019798278809,0.8701740503311157
YIL002C,YER184C,0,-1.5055431,0.1031746044754982,0.9990019798278809,0.8702740669250488
YLR309C,YMR142C,0,-1.5057136,0.10316397249698639,0.9990019798278809,0.8703740835189819
YDR121W,YOL151W,0,-1.5066375,0.10315334051847458,0.9990019798278809,0.870474100112915
YML093W,YLR376C,0,-1.507121,0.10314270853996277,0.9990019798278809,0.8705741167068481
YML093W,YNL275W,0,-1.5090474,0.10313208401203156,0.9990019798278809,0.8706741333007812
YHR011W,YFR031C,0,-1.5092021,0.10312145948410034,0.9990019798278809,0.8707741498947144
YAL033W,YGL148W,0,-1.5095266,0.10311083495616913,0.9990019798278809,0.8708741664886475
YOR354C,YPR152C,0,-1.5102682,0.10310021787881851,0.9990019798278809,0.8709741830825806
YBR195C,YHR013C,0,-1.5115317,0.1030896008014679,0.9990019798278809,0.8710741996765137
YDR104C,YML125C,0,-1.5143503,0.10307898372411728,0.9990019798278809,0.8711742162704468
YOL028C,YDL110C,0,-1.5145372,0.10306836664676666,0.9990019798278809,0.8712742328643799
YIR015W,YBR283C,0,-1.5149841,0.10305775701999664,0.9990019798278809,0.871374249458313
YML025C,YOL105C,0,-1.5171952,0.10304714739322662,0.9990019798278809,0.8714742660522461
YCL040W,YOR215C,0,-1.5181261,0.1030365377664566,0.9990019798278809,0.871574342250824
YDR228C,YMR270C,0,-1.5201771,0.10302593559026718,0.9990019798278809,0.8716743588447571
YJL036W,YOR005C,0,-1.5203508,0.10301533341407776,0.9990019798278809,0.8717743754386902
YNL186W,YCR043C,0,-1.5203785,0.10300473123788834,0.9990019798278809,0.8718743920326233
YDR421W,YDR371W,0,-1.5205144,0.10299413651227951,0.9990019798278809,0.8719744086265564
YMR090W,YOL052C,0,-1.5224088,0.10298354178667068,0.9990019798278809,0.8720744252204895
YDL137W,YOL010W,0,-1.5236428,0.10297294706106186,0.9990019798278809,0.8721744418144226
YHR027C,YBR247C,0,-1.5237881,0.10296235233545303,0.9990019798278809,0.8722744584083557
YML129C,YPL026C,0,-1.5239464,0.1029517650604248,0.9990019798278809,0.8723744750022888
YNR040W,YOR187W,0,-1.5247326,0.10294117778539658,0.9990019798278809,0.8724744915962219
YNR002C,YBR067C,0,-1.5249091,0.10293059051036835,0.9990019798278809,0.872574508190155
YPR041W,YDL120W,0,-1.5265485,0.10292001068592072,0.9990019798278809,0.8726745247840881
YER074W,YBL106C,0,-1.5275686,0.10290943086147308,0.9990019798278809,0.8727745413780212
YEL047C,YLR107W,0,-1.5304277,0.10289885103702545,0.9990019798278809,0.8728745579719543
YGR286C,YFR021W,0,-1.5304402,0.10288827121257782,0.9990019798278809,0.8729745745658875
YOL102C,YHR196W,0,-1.530479,0.10287769883871078,0.9990019798278809,0.8730745911598206
YOL056W,YJL192C,0,-1.5314612,0.10286712646484375,0.9990019798278809,0.8731746077537537
YML010W,YLR103C,0,-1.5315355,0.10285655409097672,0.9990019798278809,0.8732746839523315
YMR093W,YBR257W,0,-1.5325145,0.10284598916769028,0.9990019798278809,0.8733747005462646
YPL283C,YEL016C,0,-1.5329386,0.10283542424440384,0.9990019798278809,0.8734747171401978
YMR136W,YER020W,0,-1.5332168,0.1028248593211174,0.9990019798278809,0.8735747337341309
YMR128W,YHR175W,0,-1.5373325,0.10281429439783096,0.9990019798278809,0.873674750328064
YDL229W,YDR419W,0,-1.5374064,0.10280373692512512,0.9990019798278809,0.8737747669219971
YPL271W,YNL136W,0,-1.5374287,0.10279317945241928,0.9990019798278809,0.8738747835159302
YKR009C,YOR298C-A,0,-1.5391074,0.10278262943029404,0.9990019798278809,0.8739748001098633
YDL178W,YER151C,0,-1.540314,0.1027720719575882,0.9990019798278809,0.8740748167037964
YBR230C,YMR071C,0,-1.5405327,0.10276152193546295,0.9990019798278809,0.8741748332977295
YMR089C,YOR076C,0,-1.541655,0.10275097191333771,0.9990019798278809,0.8742748498916626
YPR016C,YPL122C,0,-1.5417591,0.10274042934179306,0.9990019798278809,0.8743748664855957
YPR033C,YFL054C,0,-1.5420042,0.10272988677024841,0.9990019798278809,0.8744748830795288
YGR095C,YMR217W,0,-1.5424349,0.10271934419870377,0.9990019798278809,0.8745748996734619
YPR060C,YNL127W,0,-1.54361,0.10270880162715912,0.9990019798278809,0.874674916267395
YKR006C,YDR473C,0,-1.5445589,0.10269826650619507,0.9990019798278809,0.8747749328613281
YOL004W,YDL064W,0,-1.5453485,0.10268773138523102,0.9990019798278809,0.8748749494552612
YER173W,YFL054C,0,-1.5459249,0.10267719626426697,0.9990019798278809,0.8749749660491943
YIL110W,YLR297W,0,-1.5459803,0.10266666859388351,0.9990019798278809,0.8750750422477722
YLR191W,YER137C,0,-1.5471104,0.10265614092350006,0.9990019798278809,0.8751750588417053
YGR162W,YBR288C,0,-1.547953,0.10264561325311661,0.9990019798278809,0.8752750754356384
YHR005C-A,YDL213C,0,-1.5509257,0.10263508558273315,0.9990019798278809,0.8753750920295715
YML058W-A,YLR344W,0,-1.5523908,0.1026245653629303,0.9990019798278809,0.8754751086235046
YBR105C,YOR242C,0,-1.5527686,0.10261404514312744,0.9990019798278809,0.8755751252174377
YHL027W,YOR010C,0,-1.5537966,0.10260352492332458,0.9990019798278809,0.8756751418113708
YER035W,YDL129W,0,-1.553806,0.10259301215410233,0.9990019798278809,0.875775158405304
YDR363W,YDR202C,0,-1.5539205,0.10258249938488007,0.9990019798278809,0.8758751749992371
YML018C,YML118W,0,-1.5544351,0.1025719866156578,0.9990019798278809,0.8759751915931702
YPR023C,YLR174W,0,-1.5546881,0.10256147384643555,0.9990019798278809,0.8760752081871033
YJL074C,YDR447C,0,-1.5566198,0.10255096852779388,0.9990019798278809,0.8761752247810364
YLR348C,YNL325C,0,-1.5586324,0.10254046320915222,0.9990019798278809,0.8762752413749695
YLR081W,YPR061C,0,-1.5598277,0.10252995789051056,0.9990019798278809,0.8763752579689026
YMR308C,YGR085C,0,-1.5599993,0.1025194600224495,0.9990019798278809,0.8764752745628357
YOL033W,YGR240C,0,-1.5603694,0.10250896215438843,0.9990019798278809,0.8765752911567688
YKR080W,YDR202C,0,-1.5614183,0.10249846428632736,0.9990019798278809,0.8766753077507019
YPR187W,YLR033W,0,-1.5629748,0.1024879664182663,0.9990019798278809,0.8767753839492798
YIL113W,YLR310C,0,-1.5633111,0.10247747600078583,0.9990019798278809,0.8768754005432129
YPL252C,YKL007W,0,-1.5638536,0.10246698558330536,0.9990019798278809,0.876975417137146
YMR004W,YMR047C,0,-1.5639818,0.10245650261640549,0.9990019798278809,0.8770754337310791
YLL015W,YNL117W,0,-1.5648915,0.10244601219892502,0.9990019798278809,0.8771754503250122
YDR026C,YOL128C,0,-1.567809,0.10243552923202515,0.9990019798278809,0.8772754669189453
YLR188W,YDR324C,0,-1.5679853,0.10242504626512527,0.9990019798278809,0.8773754835128784
YJR138W,YPL082C,0,-1.5700138,0.102414570748806,0.9990019798278809,0.8774755001068115
YPL241C,YLR009W,0,-1.570216,0.10240409523248672,0.9990019798278809,0.8775755167007446
YLR329W,YBR077C,0,-1.5703806,0.10239361971616745,0.9990019798278809,0.8776755332946777
YHR117W,YOR217W,0,-1.5708824,0.10238314419984818,0.9990019798278809,0.8777755498886108
YMR256C,YJR021C,0,-1.571129,0.1023726761341095,0.9990019798278809,0.877875566482544
YNR041C,YJL125C,0,-1.5715115,0.10236220806837082,0.9990019798278809,0.877975583076477
YDR329C,YOR085W,0,-1.5724164,0.10235174000263214,0.9990019798278809,0.8780755996704102
YDR104C,YML118W,0,-1.5728703,0.10234127193689346,0.9990019798278809,0.8781756162643433
YLR081W,YDR363W-A,0,-1.5733019,0.10233081132173538,0.9990019798278809,0.8782756328582764
YOR360C,YDL171C,0,-1.5759445,0.1023203507065773,0.9990019798278809,0.8783756494522095
YHL047C,YKL218C,0,-1.5762542,0.10230989009141922,0.9990019798278809,0.8784756660461426
YNL116W,YBR182C,0,-1.5762724,0.10229943692684174,0.9990019798278809,0.8785757422447205
YEL034W,YML087C,0,-1.5778723,0.10228898376226425,0.9990019798278809,0.8786757588386536
YGL059W,YLR008C,0,-1.5780703,0.10227853059768677,0.9990019798278809,0.8787757754325867
YFL004W,YBR127C,0,-1.5780714,0.10226808488368988,0.9990019798278809,0.8788757920265198
YBL068W,YLR186W,0,-1.5784085,0.102257639169693,0.9990019798278809,0.8789758086204529
YPL048W,YOR344C,0,-1.5789026,0.1022471934556961,0.9990019798278809,0.879075825214386
YER165W,YLR142W,0,-1.5795664,0.10223674774169922,0.9990019798278809,0.8791758418083191
YJL194W,YOR367W,0,-1.5832101,0.10222630947828293,0.9990019798278809,0.8792758584022522
YLR395C,YPL270W,0,-1.5834421,0.10221587121486664,0.9990019798278809,0.8793758749961853
YMR083W,YNL222W,0,-1.5848383,0.10220543295145035,0.9990019798278809,0.8794758915901184
YMR314W,YDL115C,0,-1.584966,0.10219499468803406,0.9990019798278809,0.8795759081840515
YFR036W,YOR384W,0,-1.5854386,0.10218456387519836,0.9990019798278809,0.8796759247779846
YJR047C,YPR104C,0,-1.585678,0.10217413306236267,0.9990019798278809,0.8797759413719177
YDL144C,YPR191W,0,-1.5879217,0.10216370970010757,0.9990019798278809,0.8798759579658508
YHR066W,YNR021W,0,-1.5885751,0.10215327888727188,0.9990019798278809,0.8799759745597839
YGL255W,YLL050C,0,-1.5899758,0.10214285552501678,0.9990019798278809,0.880075991153717
YJR032W,YGR214W,0,-1.5901676,0.10213243216276169,0.9990019798278809,0.8801760077476501
YKR092C,YOL054W,0,-1.5914863,0.10212201625108719,0.9990019798278809,0.880276083946228
YLR264W,YGR225W,0,-1.5924629,0.10211160033941269,0.9990019798278809,0.8803761005401611
YDR226W,YNL300W,0,-1.5981203,0.10210118442773819,0.9990019798278809,0.8804761171340942
YDR121W,YKR065C,0,-1.599587,0.10209076851606369,0.9990019798278809,0.8805761337280273
YER147C,YOR356W,0,-1.5997044,0.10208036005496979,0.9990019798278809,0.8806761503219604
YMR024W,YGL201C,0,-1.6010137,0.10206995159387589,0.9990019798278809,0.8807761669158936
YIL113W,YNL058C,0,-1.6016258,0.10205954313278198,0.9990019798278809,0.8808761835098267
YER172C,YLR002C,0,-1.6042606,0.10204914212226868,0.9990019798278809,0.8809762001037598
YJL116C,YJL172W,0,-1.6043848,0.10203873366117477,0.9990019798278809,0.8810762166976929
YDR476C,YER020W,0,-1.604626,0.10202833265066147,0.9990019798278809,0.881176233291626
YKL188C,YOR211C,0,-1.6062185,0.10201793909072876,0.9990019798278809,0.8812762498855591
YMR283C,YMR300C,0,-1.6073838,0.10200753808021545,0.9990019798278809,0.8813762664794922
YGL241W,YHL009C,0,-1.6079556,0.10199714452028275,0.9990019798278809,0.8814762830734253
YPL211W,YER018C,0,-1.6079918,0.10198675841093063,0.9990019798278809,0.8815762996673584
YER056C-A,YBL030C,0,-1.608135,0.10197636485099792,0.9990019798278809,0.8816763162612915
YDR097C,YJL209W,0,-1.6087862,0.10196597874164581,0.9990019798278809,0.8817763328552246
YKR026C,YJL194W,0,-1.611902,0.1019555926322937,0.9990019798278809,0.8818763494491577
YBR031W,YDR452W,0,-1.6129743,0.10194520652294159,0.9990019798278809,0.8819763660430908
YGR239C,YDL111C,0,-1.6130689,0.10193482786417007,0.9990019798278809,0.8820764422416687
YER025W,YHR050W,0,-1.6130857,0.10192444920539856,0.9990019798278809,0.8821764588356018
YNL061W,YJL085W,0,-1.6152803,0.10191407054662704,0.9990019798278809,0.8822764754295349
YDR226W,YCL043C,0,-1.6155065,0.10190369188785553,0.9990019798278809,0.882376492023468
YDR279W,YPL157W,0,-1.6157438,0.10189332067966461,0.9990019798278809,0.8824765086174011
YOR063W,YBL090W,0,-1.6160157,0.1018829494714737,0.9990019798278809,0.8825765252113342
YIL138C,YLL035W,0,-1.6160692,0.10187258571386337,0.9990019798278809,0.8826765418052673
YMR241W,YNL001W,0,-1.6165434,0.10186221450567245,0.9990019798278809,0.8827765583992004
YML018C,YOR293W,0,-1.6183401,0.10185185074806213,0.9990019798278809,0.8828765749931335
YNL077W,YPR190C,0,-1.6191281,0.10184148699045181,0.9990019798278809,0.8829765915870667
YFL050C,YPR111W,0,-1.619688,0.10183113068342209,0.9990019798278809,0.8830766081809998
YDR138W,YJR002W,0,-1.6204171,0.10182077437639236,0.9990019798278809,0.8831766247749329
YHR039C-A,YJL133W,0,-1.6209124,0.10181041806936264,0.9990019798278809,0.883276641368866
YOL028C,YHR064C,0,-1.6212044,0.10180006176233292,0.9990019798278809,0.8833766579627991
YMR119W,YOL138C,0,-1.6297523,0.10178970545530319,0.9990019798278809,0.8834766745567322
YGR033C,YOR153W,0,-1.6317598,0.10177935659885406,0.9990019798278809,0.8835766911506653
YBR084W,YPR182W,0,-1.6317979,0.10176901519298553,0.9990019798278809,0.8836767077445984
YFL044C,YIL172C,0,-1.6318237,0.10175866633653641,0.9990019798278809,0.8837767839431763
YGL011C,YKL125W,0,-1.632011,0.10174832493066788,0.9990019798278809,0.8838768005371094
YLR270W,YKL205W,0,-1.6326414,0.10173798352479935,0.9990019798278809,0.8839768171310425
YMR290C,YDR298C,0,-1.6332728,0.10172764211893082,0.9990019798278809,0.8840768337249756
YGR106C,YJL006C,0,-1.6359633,0.10171730816364288,0.9990019798278809,0.8841768503189087
YNL052W,YNR072W,0,-1.6360422,0.10170696675777435,0.9990019798278809,0.8842768669128418
YDL065C,YLR329W,0,-1.6364986,0.10169664025306702,0.9990019798278809,0.8843768835067749
YJL133W,YMR266W,0,-1.6364986,0.10168630629777908,0.9990019798278809,0.884476900100708
YGR171C,YOR349W,0,-1.6374822,0.10167597979307175,0.9990019798278809,0.8845769166946411
YKR018C,YER069W,0,-1.6381642,0.10166565328836441,0.9990019798278809,0.8846769332885742
YDR460W,YOR126C,0,-1.638203,0.10165532678365707,0.9990019798278809,0.8847769498825073
YOR308C,YPL174C,0,-1.6383449,0.10164500772953033,0.9990019798278809,0.8848769664764404
YDR239C,YEL002C,0,-1.6408092,0.101634681224823,0.9990019798278809,0.8849769830703735
YLR240W,YDR065W,0,-1.6428659,0.10162436217069626,0.9990019798278809,0.8850769996643066
YNR011C,YGL222C,0,-1.6432375,0.10161405056715012,0.9990019798278809,0.8851770162582397
YMR089C,YPL046C,0,-1.644196,0.10160373896360397,0.9990019798278809,0.8852770328521729
YML054C,YOR116C,0,-1.6455973,0.10159341990947723,0.9990019798278809,0.885377049446106
YOL141W,YDL207W,0,-1.6460776,0.10158311575651169,0.9990019798278809,0.8854770660400391
YCL034W,YDL222C,1,-1.6464452,0.10167427361011505,1.0,0.8854770660400391
YGR154C,YPR167C,0,-1.6474272,0.10166396200656891,1.0,0.8855771422386169
YER104W,YCR053W,0,-1.6476539,0.10165365040302277,1.0,0.88567715883255
YCR092C,YDR496C,0,-1.6485845,0.10164333879947662,1.0,0.8857771754264832
YPL069C,YMR180C,0,-1.6525685,0.10163302719593048,1.0,0.8858771920204163
YOR285W,YJR095W,0,-1.6537373,0.10162271559238434,1.0,0.8859772086143494
YGL166W,YKR019C,0,-1.6544307,0.10161241143941879,1.0,0.8860772252082825
YEL009C,YAL014C,0,-1.6562217,0.10160210728645325,1.0,0.8861772418022156
YCR020W-B,YBR008C,0,-1.6617291,0.1015918105840683,1.0,0.8862772583961487
YHR179W,YOL124C,0,-1.6631284,0.10158150643110275,1.0,0.8863772749900818
YDR312W,YPL271W,0,-1.664395,0.1015712097287178,1.0,0.8864772915840149
YML054C,YNR002C,0,-1.6644244,0.10156091302633286,1.0,0.886577308177948
YOR295W,YOR294W,0,-1.6644658,0.1015506237745285,1.0,0.8866773247718811
YLR069C,YJR076C,0,-1.6664985,0.10154033452272415,1.0,0.8867773413658142
YER053C,YOR299W,0,-1.6685559,0.1015300452709198,1.0,0.8868773579597473
YGR275W,YLR368W,0,-1.6686378,0.10151975601911545,1.0,0.8869773745536804
YIL155C,YDR251W,0,-1.6701634,0.1015094742178917,1.0,0.8870773911476135
YPL249C-A,YMR122W-A,0,-1.6703786,0.10149919241666794,1.0,0.8871774077415466
YLR107W,YLR368W,0,-1.6705042,0.10148891061544418,1.0,0.8872774839401245
YKL172W,YJL111W,0,-1.6723394,0.10147862881422043,1.0,0.8873775005340576
YAL044C,YKL119C,0,-1.6767315,0.10146835446357727,1.0,0.8874775171279907
YGR028W,YMR227C,0,-1.6774642,0.10145808011293411,1.0,0.8875775337219238
YDL054C,YAL009W,0,-1.6794931,0.10144780576229095,1.0,0.8876775503158569
YNL113W,YBR247C,0,-1.6798097,0.1014375388622284,1.0,0.88777756690979
YPR144C,YGL223C,0,-1.6798378,0.10142727196216583,1.0,0.8878775835037231
YNL001W,YOR265W,0,-1.6815758,0.10141700506210327,1.0,0.8879776000976562
YPR001W,YOL027C,0,-1.6837498,0.10140673816204071,1.0,0.8880776166915894
YKL172W,YNL252C,0,-1.6852363,0.10139647871255875,1.0,0.8881776332855225
YKL053C-A,YKL113C,0,-1.6855333,0.10138621926307678,1.0,0.8882776498794556
YDL129W,YHR079C,0,-1.6866556,0.10137595981359482,1.0,0.8883776664733887
YLR348C,YGR198W,0,-1.6882428,0.10136570781469345,1.0,0.8884776830673218
YPL154C,YMR008C,0,-1.6882926,0.10135545581579208,1.0,0.8885776996612549
YLR127C,YHR140W,0,-1.6885945,0.10134520381689072,1.0,0.888677716255188
YLR074C,YBR271W,0,-1.6887848,0.10133495181798935,1.0,0.8887777328491211
YDR456W,YGR200C,0,-1.6892017,0.10132470726966858,1.0,0.8888777494430542
YNL107W,YER006W,0,-1.6892453,0.10131446272134781,1.0,0.8889777660369873
YLR144C,YER069W,0,-1.6894236,0.10130421817302704,1.0,0.8890778422355652
YKL086W,YGR271C-A,0,-1.6900638,0.10129397362470627,1.0,0.8891778588294983
YLL015W,YMR087W,0,-1.6904458,0.1012837365269661,1.0,0.8892778754234314
YKL035W,YNL014W,0,-1.6916875,0.10127349942922592,1.0,0.8893778920173645
YGR095C,YJL109C,0,-1.692253,0.10126326233148575,1.0,0.8894779086112976
YCR087C-A,YDR076W,0,-1.6927139,0.10125303268432617,1.0,0.8895779252052307
YJR022W,YOL127W,0,-1.695189,0.1012428030371666,1.0,0.8896779417991638
YDL168W,YKL206C,0,-1.6961353,0.10123257339000702,1.0,0.8897779583930969
YMR079W,YBR280C,0,-1.7003645,0.10122234374284744,1.0,0.88987797498703
YGR222W,YML038C,0,-1.7007428,0.10121212154626846,1.0,0.8899779915809631
YDR420W,YER088C,0,-1.7008351,0.10120189934968948,1.0,0.8900780081748962
YHR003C,YIL109C,0,-1.701505,0.1011916771531105,1.0,0.8901780247688293
YLR188W,YER164W,0,-1.7023119,0.10118146240711212,1.0,0.8902780413627625
YER068W,YCR048W,0,-1.7031358,0.10117124766111374,1.0,0.8903780579566956
YPR156C,YDL236W,0,-1.7035868,0.10116103291511536,1.0,0.8904780745506287
YDL166C,YEL053C,0,-1.704515,0.10115081816911697,1.0,0.8905780911445618
YDR017C,YHR052W,0,-1.704654,0.10114061087369919,1.0,0.8906781077384949
YKL211C,YNR046W,0,-1.7054073,0.1011303961277008,1.0,0.8907781839370728
YER025W,YBR044C,0,-1.7055371,0.10112019628286362,1.0,0.8908782005310059
YNL112W,YLR368W,0,-1.7055634,0.10110998898744583,1.0,0.890978217124939
YKR046C,YDR511W,0,-1.7055652,0.10109978914260864,1.0,0.8910782337188721
YMR241W,YBR253W,0,-1.7060128,0.10108958929777145,1.0,0.8911782503128052
YOL043C,YIL121W,0,-1.7083064,0.10107938945293427,1.0,0.8912782669067383
YOR069W,YEL053C,0,-1.709023,0.10106919705867767,1.0,0.8913782835006714
YFR005C,YFL036W,0,-1.7106782,0.10105900466442108,1.0,0.8914783000946045
YDL042C,YBR039W,0,-1.711362,0.10104881227016449,1.0,0.8915783166885376
YGR047C,YLR097C,0,-1.7116557,0.1010386198759079,1.0,0.8916783332824707
YJL011C,YMR293C,0,-1.7118901,0.1010284349322319,1.0,0.8917783498764038
YGL211W,YMR315W,0,-1.7141217,0.10101824998855591,1.0,0.8918783664703369
YLR043C,YGR159C,0,-1.7144651,0.10100806504487991,1.0,0.89197838306427
YFR046C,YDR140W,0,-1.7146357,0.10099788010120392,1.0,0.8920783996582031
YDL044C,YBR290W,0,-1.7152449,0.10098770260810852,1.0,0.8921784162521362
YOL033W,YLR033W,0,-1.7154627,0.10097752511501312,1.0,0.8922784328460693
YMR097C,YDL020C,0,-1.7155639,0.10096735507249832,1.0,0.8923784494400024
YLR390W,YBR196C,0,-1.7157722,0.10095717757940292,1.0,0.8924784660339355
YOL004W,YLL035W,0,-1.7161347,0.10094700753688812,1.0,0.8925785422325134
YPL091W,YFR045W,0,-1.7165663,0.10093683749437332,1.0,0.8926785588264465
YMR276W,YGR086C,0,-1.7167112,0.10092667490243912,1.0,0.8927785754203796
YAL038W,YPR204W,0,-1.7170844,0.10091650485992432,1.0,0.8928785920143127
YEL009C,YOR046C,0,-1.7186359,0.10090634226799011,1.0,0.8929786086082458
YPR186C,YBR217W,0,-1.720707,0.1008961871266365,1.0,0.893078625202179
YPL005W,YFR052W,0,-1.722798,0.1008860245347023,1.0,0.8931786417961121
YKR060W,YHR070W,0,-1.7231321,0.1008758693933487,1.0,0.8932786583900452
YER082C,YKR022C,0,-1.7235966,0.10086571425199509,1.0,0.8933786749839783
YOL148C,YHR058C,0,-1.724173,0.10085555911064148,1.0,0.8934786915779114
YMR049C,YIL162W,0,-1.7250488,0.10084541141986847,1.0,0.8935787081718445
YOR234C,YPR184W,0,-1.7251316,0.10083526372909546,1.0,0.8936787247657776
YNL121C,YPR171W,0,-1.7254833,0.10082511603832245,1.0,0.8937787413597107
YMR301C,YOR003W,0,-1.7257451,0.10081496834754944,1.0,0.8938787579536438
YER147C,YIL121W,0,-1.7261248,0.10080482810735703,1.0,0.8939787745475769
YLR321C,YHL018W,0,-1.7273226,0.10079468786716461,1.0,0.89407879114151
YGL224C,YKR024C,0,-1.7285286,0.1007845476269722,1.0,0.8941788077354431
YBR282W,YEL060C,0,-1.733359,0.10077441483736038,1.0,0.894278883934021
YGL023C,YNL212W,0,-1.7351918,0.10076428204774857,1.0,0.8943789005279541
YNL306W,YBR167C,0,-1.7355548,0.10075414925813675,1.0,0.8944789171218872
YLR312W-A,YOR008C,0,-1.7359042,0.10074401646852493,1.0,0.8945789337158203
YNL220W,YDL112W,0,-1.7359617,0.10073389112949371,1.0,0.8946789503097534
YDR312W,YOL005C,0,-1.7371614,0.1007237657904625,1.0,0.8947789669036865
YPL101W,YFL057C,0,-1.7376784,0.10071364045143127,1.0,0.8948789834976196
YLR121C,YJL044C,0,-1.7386643,0.10070351511240005,1.0,0.8949790000915527
YHR051W,YDR093W,0,-1.7388059,0.10069339722394943,1.0,0.8950790166854858
YBL021C,YPR149W,0,-1.7402297,0.10068327933549881,1.0,0.895179033279419
YOR243C,YIL021W,0,-1.7402309,0.10067316144704819,1.0,0.895279049873352
YJL118W,YDL217C,0,-1.7434547,0.10066305100917816,1.0,0.8953790664672852
YNL169C,YDR113C,0,-1.7441362,0.10065294057130814,1.0,0.8954790830612183
YPR047W,YJR099W,0,-1.7448466,0.10064283013343811,1.0,0.8955790996551514
YLR406C,YPL079W,0,-1.7450927,0.10063271969556808,1.0,0.8956791162490845
YNL202W,YBR299W,0,-1.7452697,0.10062261670827866,1.0,0.8957791328430176
YGL211W,YNR012W,0,-1.7453499,0.10061251372098923,1.0,0.8958791494369507
YNL052W,YPR032W,0,-1.7480338,0.1006024107336998,1.0,0.8959792256355286
YMR104C,YEL060C,0,-1.7493976,0.10059230774641037,1.0,0.8960792422294617
YDR533C,YOL117W,0,-1.7500957,0.10058221220970154,1.0,0.8961792588233948
YLR266C,YNL186W,0,-1.750821,0.1005721166729927,1.0,0.8962792754173279
YDL056W,YER054C,0,-1.7510084,0.10056202113628387,1.0,0.896379292011261
YOR201C,YHR132C,0,-1.751019,0.10055193305015564,1.0,0.8964793086051941
YLR090W,YMR023C,0,-1.7521679,0.1005418449640274,1.0,0.8965793251991272
YGL079W,YIR010W,0,-1.7537718,0.10053175687789917,1.0,0.8966793417930603
YOL056W,YNL037C,0,-1.757161,0.10052166879177094,1.0,0.8967793583869934
YOR346W,YLR154C,0,-1.7575428,0.1005115881562233,1.0,0.8968793749809265
YLR390W,YDL092W,0,-1.7601866,0.10050150752067566,1.0,0.8969793915748596
YGR263C,YML038C,0,-1.760193,0.10049142688512802,1.0,0.8970794081687927
YKL157W,YLR226W,0,-1.7610626,0.10048134624958038,1.0,0.8971794247627258
YKL179C,YCR083W,0,-1.7635391,0.10047127306461334,1.0,0.8972794413566589
YGR076C,YHR083W,0,-1.764438,0.1004611998796463,1.0,0.897379457950592
YIR032C,YOR348C,0,-1.7679268,0.10045112669467926,1.0,0.8974794745445251
YKR065C,YKR013W,0,-1.7681091,0.10044106096029282,1.0,0.8975794911384583
YKL061W,YGL179C,0,-1.7689215,0.10043098777532578,1.0,0.8976795077323914
YJL063C,YDL213C,0,-1.7691897,0.10042092949151993,1.0,0.8977795839309692
YJR138W,YDR011W,0,-1.7692945,0.10041086375713348,1.0,0.8978796005249023
YGL059W,YJL191W,0,-1.7708207,0.10040079802274704,1.0,0.8979796171188354
YOL125W,YDR449C,0,-1.7716113,0.10039073973894119,1.0,0.8980796337127686
YBR291C,YLR128W,0,-1.7721097,0.10038068890571594,1.0,0.8981796503067017
YML058W-A,YGR279C,0,-1.7740934,0.1003706306219101,1.0,0.8982796669006348
YER168C,YLR251W,0,-1.7751964,0.10036057978868484,1.0,0.8983796834945679
YGR207C,YGL044C,0,-1.7778423,0.1003505289554596,1.0,0.898479700088501
YKL074C,YPR082C,0,-1.7781386,0.10034047812223434,1.0,0.8985797166824341
YNR006W,YIL026C,0,-1.7795204,0.1003304272890091,1.0,0.8986797332763672
YGR049W,YBR077C,0,-1.7796322,0.10032038390636444,1.0,0.8987797498703003
YDR083W,YBR070C,0,-1.7813396,0.10031034052371979,1.0,0.8988797664642334
YDL133C-A,YKR046C,0,-1.7828132,0.10030029714107513,1.0,0.8989797830581665
YER053C,YLR348C,0,-1.784401,0.10029026120901108,1.0,0.8990797996520996
YJL100W,YNL075W,0,-1.7850906,0.10028022527694702,1.0,0.8991798162460327
YNR032W,YPL031C,0,-1.7862787,0.10027018934488297,1.0,0.8992798328399658
YMR171C,YFR042W,0,-1.7866901,0.10026015341281891,1.0,0.8993798494338989
YDL191W,YDR494W,0,-1.7895075,0.10025012493133545,1.0,0.8994799256324768
YPL276W,YDR255C,0,-1.7896115,0.10024009644985199,1.0,0.8995799422264099
YNL110C,YMR130W,0,-1.7908098,0.10023006796836853,1.0,0.899679958820343
YML110C,YMR012W,0,-1.7910863,0.10022004693746567,1.0,0.8997799754142761
YMR083W,YJR058C,0,-1.7941445,0.10021001845598221,1.0,0.8998799920082092
YML131W,YJL079C,0,-1.7947382,0.10019999742507935,1.0,0.8999800086021423
YCR020W-B,YOR142W,0,-1.794816,0.10018998384475708,1.0,0.9000800251960754
YJR001W,YBL054W,0,-1.7948877,0.10017996281385422,1.0,0.9001800417900085
YOL089C,YGR013W,0,-1.7951863,0.10016994923353195,1.0,0.9002800583839417
YEL055C,YKR092C,0,-1.7954079,0.10015993565320969,1.0,0.9003800749778748
YCR087C-A,YMR109W,0,-1.7958418,0.10014992207288742,1.0,0.9004800915718079
YMR267W,YML069W,0,-1.7962797,0.10013991594314575,1.0,0.900580108165741
YKL053C-A,YDL064W,0,-1.7984992,0.10012990981340408,1.0,0.9006801247596741
YMR302C,YKL173W,0,-1.7995216,0.10011990368366241,1.0,0.9007801413536072
YMR042W,YER052C,0,-1.7999164,0.10010989755392075,1.0,0.9008801579475403
YGR220C,YIR009W,0,-1.8003768,0.10009989887475967,1.0,0.9009801745414734
YML018C,YJL157C,0,-1.8016778,0.1000899001955986,1.0,0.9010801911354065
YJL166W,YDR107C,0,-1.8035756,0.10007990151643753,1.0,0.9011802077293396
YDR324C,YMR270C,0,-1.8064874,0.10006991028785706,1.0,0.9012802839279175
YOR147W,YKL038W,0,-1.8065228,0.10005991905927658,1.0,0.9013803005218506
YLR048W,YNL014W,0,-1.807768,0.1000499278306961,1.0,0.9014803171157837
YLR090W,YNL127W,0,-1.8082794,0.10003993660211563,1.0,0.9015803337097168
YHR051W,YHR041C,0,-1.8095884,0.10002994537353516,1.0,0.9016803503036499
YNL014W,YKL119C,0,-1.8098139,0.10001996159553528,1.0,0.901780366897583
YLR264W,YGL009C,0,-1.8123752,0.1000099778175354,1.0,0.9018803834915161
YML110C,YDR117C,0,-1.8132602,0.10000000149011612,1.0,0.9019804000854492
YBL057C,YMR044W,0,-1.8139428,0.09999001771211624,1.0,0.9020804166793823
YGL251C,YKL183W,0,-1.8142503,0.09998004138469696,1.0,0.9021804332733154
YER112W,YLR002C,0,-1.8142895,0.09997007250785828,1.0,0.9022804498672485
YPR006C,YGR215W,0,-1.8144991,0.099960096180439,1.0,0.9023804664611816
YPR132W,YOR159C,0,-1.8152124,0.09995012730360031,1.0,0.9024804830551147
YKR080W,YNR073C,0,-1.8166335,0.09994015842676163,1.0,0.9025804996490479
YIL031W,YGR215W,0,-1.8179824,0.09993018954992294,1.0,0.902680516242981
YMR276W,YOR388C,0,-1.8184777,0.09992022067308426,1.0,0.9027805328369141
YML024W,YOR143C,0,-1.8188763,0.09991025924682617,1.0,0.9028805494308472
YOR118W,YLR110C,0,-1.8190821,0.09990029782056808,1.0,0.902980625629425
YDL092W,YDR496C,0,-1.8199223,0.09989033639431,1.0,0.9030806422233582
YJR063W,YGR077C,0,-1.820562,0.09988038241863251,1.0,0.9031806588172913
YNL185C,YNL212W,0,-1.8207152,0.09987042844295502,1.0,0.9032806754112244
YGR148C,YDR174W,0,-1.8211405,0.09986047446727753,1.0,0.9033806920051575
YMR188C,YLR005W,0,-1.8215181,0.09985052049160004,1.0,0.9034807085990906
YOL142W,YNL257C,0,-1.8217084,0.09984057396650314,1.0,0.9035807251930237
YPL249C-A,YHR003C,0,-1.8222793,0.09983062744140625,1.0,0.9036807417869568
YJR007W,YPL123C,0,-1.8224007,0.09982068091630936,1.0,0.9037807583808899
YML075C,YLR393W,0,-1.8237823,0.09981074184179306,1.0,0.903880774974823
YGR090W,YCR068W,0,-1.8240492,0.09980079531669617,1.0,0.9039807915687561
YIL076W,YDL020C,0,-1.8243841,0.09979085624217987,1.0,0.9040808081626892
YLR188W,YNR070W,0,-1.8258595,0.09978091716766357,1.0,0.9041808247566223
YKL208W,YOL105C,0,-1.826732,0.09977098554372787,1.0,0.9042808413505554
YDR533C,YDL054C,0,-1.8285376,0.09976105391979218,1.0,0.9043808579444885
YDR119W,YAR027W,0,-1.8293399,0.09975112229585648,1.0,0.9044808745384216
YAL010C,YOR209C,0,-1.8312907,0.09974119067192078,1.0,0.9045808911323547
YDL036C,YNL015W,0,-1.831901,0.09973126649856567,1.0,0.9046809077262878
YDR065W,YCR093W,0,-1.8328636,0.09972133487462997,1.0,0.9047809839248657
YLL015W,YDR462W,0,-1.8330618,0.09971141070127487,1.0,0.9048810005187988
YKL024C,YIL145C,0,-1.8353187,0.09970149397850037,1.0,0.9049810171127319
YIR021W,YLR079W,0,-1.835908,0.09969156980514526,1.0,0.905081033706665
YBL099W,YML038C,0,-1.8378868,0.09968165308237076,1.0,0.9051810503005981
YOL054W,YGR072W,0,-1.8381091,0.09967173635959625,1.0,0.9052810668945312
YKL011C,YNL099C,0,-1.8422781,0.09966182708740234,1.0,0.9053810834884644
YOR354C,YBR141C,0,-1.8437845,0.09965191781520844,1.0,0.9054811000823975
YJL087C,YGR152C,0,-1.8440593,0.09964200109243393,1.0,0.9055811166763306
YDL166C,YKL015W,0,-1.8458706,0.09963209927082062,1.0,0.9056811332702637
YLR312W-A,YMR044W,0,-1.8480871,0.09962218999862671,1.0,0.9057811498641968
YLR222C,YDR030C,0,-1.8491942,0.0996122881770134,1.0,0.9058811664581299
YBR056W,YML125C,0,-1.8507408,0.09960238635540009,1.0,0.905981183052063
YDL178W,YAL060W,0,-1.8513087,0.09959248453378677,1.0,0.9060811996459961
YLR203C,YOR077W,0,-1.8534867,0.09958259016275406,1.0,0.9061812162399292
YPR132W,YMR208W,0,-1.8537832,0.09957268834114075,1.0,0.9062812328338623
YJL060W,YPL028W,0,-1.8540387,0.09956280142068863,1.0,0.9063812494277954
YGL079W,YKL218C,0,-1.8558341,0.09955290704965591,1.0,0.9064813256263733
YGL040C,YOL030W,0,-1.8573915,0.0995430126786232,1.0,0.9065813422203064
YLR048W,YGR112W,0,-1.8605502,0.09953312575817108,1.0,0.9066813588142395
YBL045C,YOR148C,0,-1.8627632,0.09952323883771896,1.0,0.9067813754081726
YKR071C,YMR210W,0,-1.8654541,0.09951335936784744,1.0,0.9068813920021057
YDR065W,YLR133W,0,-1.8668789,0.09950347244739532,1.0,0.9069814085960388
YNL086W,YKR056W,0,-1.8689119,0.0994935929775238,1.0,0.9070814251899719
YIL115C,YDR182W,0,-1.8691746,0.09948372095823288,1.0,0.907181441783905
YDL040C,YJR070C,0,-1.8713747,0.09947384148836136,1.0,0.9072814583778381
YOL033W,YBR237W,0,-1.8730792,0.09946396946907043,1.0,0.9073814749717712
YNL220W,YLR008C,0,-1.8767036,0.09945409744977951,1.0,0.9074814915657043
YJR101W,YJL006C,0,-1.8769466,0.09944422543048859,1.0,0.9075815081596375
YDL178W,YDL164C,0,-1.8776929,0.09943435341119766,1.0,0.9076815247535706
YJL200C,YAL017W,0,-1.8829367,0.09942448884248734,1.0,0.9077815413475037
YER190W,YBR041W,0,-1.8855535,0.09941462427377701,1.0,0.9078815579414368
YDR137W,YMR176W,0,-1.8859628,0.09940475970506668,1.0,0.9079815745353699
YDL166C,YPR135W,0,-1.8884476,0.09939490258693695,1.0,0.908081591129303
YDR083W,YOR216C,0,-1.8895739,0.09938504546880722,1.0,0.9081816077232361
YIL093C,YER068W,0,-1.8905613,0.09937518835067749,1.0,0.908281683921814
YDR376W,YDL190C,0,-1.8915468,0.09936533123254776,1.0,0.9083817005157471
YML095C,YLR404W,0,-1.892156,0.09935548156499863,1.0,0.9084817171096802
YER036C,YPL157W,0,-1.8938287,0.0993456244468689,1.0,0.9085817337036133
YLL009C,YKR059W,0,-1.8941153,0.09933578222990036,1.0,0.9086817502975464
YBR122C,YHL032C,0,-1.8946798,0.09932593256235123,1.0,0.9087817668914795
YNL185C,YCL031C,0,-1.895324,0.09931609034538269,1.0,0.9088817834854126
YBL064C,YOL027C,0,-1.8968848,0.09930624067783356,1.0,0.9089818000793457
YJL050W,YML113W,0,-1.8970042,0.09929640591144562,1.0,0.9090818166732788
YDR306C,YOL040C,0,-1.8971212,0.09928656369447708,1.0,0.9091818332672119
YGR264C,YMR309C,0,-1.8978803,0.09927672892808914,1.0,0.909281849861145
YDL120W,YBL102W,0,-1.8991501,0.0992668941617012,1.0,0.9093818664550781
YOR037W,YDR364C,0,-1.8994495,0.09925705939531326,1.0,0.9094818830490112
YMR137C,YGL216W,0,-1.9039143,0.09924722462892532,1.0,0.9095818996429443
YER017C,YKL203C,0,-1.9061033,0.09923739731311798,1.0,0.9096819162368774
YDL066W,YJL192C,0,-1.9068584,0.09922756999731064,1.0,0.9097819328308105
YPR103W,YFL004W,0,-1.9078074,0.0992177426815033,1.0,0.9098819494247437
YGR257C,YDL170W,0,-1.909432,0.09920792281627655,1.0,0.9099820256233215
YNL220W,YIR035C,0,-1.9095607,0.09919809550046921,1.0,0.9100820422172546
YAL062W,YMR319C,0,-1.909726,0.09918828308582306,1.0,0.9101820588111877
YKL011C,YPR049C,0,-1.910859,0.09917846322059631,1.0,0.9102820754051208
YLR251W,YIL162W,0,-1.9131621,0.09916864335536957,1.0,0.910382091999054
YDR194C,YLR453C,0,-1.9143265,0.09915883094072342,1.0,0.9104821085929871
YDR267C,YMR071C,0,-1.9146842,0.09914901852607727,1.0,0.9105821251869202
YNL158W,YEL029C,0,-1.9165317,0.09913921356201172,1.0,0.9106821417808533
YJL144W,YNL014W,0,-1.9204443,0.09912940114736557,1.0,0.9107821583747864
YNR017W,YDL165W,0,-1.9216713,0.09911959618330002,1.0,0.9108821749687195
YNR017W,YKR042W,0,-1.9245725,0.09910979121923447,1.0,0.9109821915626526
YIR021W,YPL002C,0,-1.926155,0.09909999370574951,1.0,0.9110822081565857
YIL031W,YGR063C,0,-1.9265422,0.09909018874168396,1.0,0.9111822247505188
YDR219C,YDR013W,0,-1.9266163,0.099080391228199,1.0,0.9112822413444519
YPR048W,YPR167C,0,-1.9270345,0.09907059371471405,1.0,0.911382257938385
YMR160W,YKL093W,0,-1.9298607,0.09906080365180969,1.0,0.9114822745323181
YJL148W,YLR224W,0,-1.9308292,0.09905100613832474,1.0,0.9115822911262512
YNR018W,YLR145W,0,-1.931743,0.09904121607542038,1.0,0.9116823077201843
YLL023C,YGR231C,0,-1.9330031,0.09903142601251602,1.0,0.9117823839187622
YNL052W,YDR065W,0,-1.933719,0.09902164340019226,1.0,0.9118824005126953
YBR127C,YHL047C,0,-1.933833,0.0990118607878685,1.0,0.9119824171066284
YGR183C,YMR113W,0,-1.9339108,0.09900207817554474,1.0,0.9120824337005615
YPR168W,YBL019W,0,-1.9351404,0.09899229556322098,1.0,0.9121824502944946
YDR296W,YNL323W,0,-1.9360491,0.09898251295089722,1.0,0.9122824668884277
YJL063C,YJL052W,0,-1.9410346,0.09897273778915405,1.0,0.9123824834823608
YJL191W,YOR348C,0,-1.9429162,0.09896296262741089,1.0,0.912482500076294
YLR356W,YJR107W,0,-1.9430462,0.09895318746566772,1.0,0.912582516670227
YDL022W,YPL187W,0,-1.9454807,0.09894341975450516,1.0,0.9126825332641602
YGR289C,YBR286W,0,-1.9468793,0.09893365204334259,1.0,0.9127825498580933
YGL059W,YLR362W,0,-1.9478364,0.09892388433218002,1.0,0.9128825664520264
YFL018C,YGR013W,0,-1.9480536,0.09891411662101746,1.0,0.9129825830459595
YEL026W,YNL175C,0,-1.9481364,0.09890435636043549,1.0,0.9130825996398926
YGL220W,YCR028C,0,-1.9493259,0.09889458864927292,1.0,0.9131826162338257
YDR046C,YIL125W,0,-1.9498837,0.09888482838869095,1.0,0.9132826328277588
YDR184C,YKR065C,0,-1.9504453,0.09887507557868958,1.0,0.9133826494216919
YIL136W,YOR261C,0,-1.9526266,0.0988653153181076,1.0,0.9134827256202698
YMR083W,YMR012W,0,-1.9530228,0.09885556250810623,1.0,0.9135827422142029
YIL111W,YMR266W,0,-1.9541649,0.09884580969810486,1.0,0.913682758808136
YNL071W,YLL010C,0,-1.9550494,0.09883606433868408,1.0,0.9137827754020691
YDL044C,YJL020C,0,-1.9562824,0.09882631152868271,1.0,0.9138827919960022
YNL232W,YIL072W,0,-1.9572289,0.09881656616926193,1.0,0.9139828085899353
YPL005W,YMR030W,0,-1.9573859,0.09880682080984116,1.0,0.9140828251838684
YKR036C,YGR167W,0,-1.9574524,0.09879708290100098,1.0,0.9141828417778015
YNL071W,YOL130W,0,-1.9575115,0.0987873375415802,1.0,0.9142828583717346
YPR145W,YOR148C,0,-1.9579887,0.09877759963274002,1.0,0.9143828749656677
YOL127W,YNL075W,0,-1.9629,0.09876786917448044,1.0,0.9144828915596008
YOL136C,YOL092W,0,-1.9630207,0.09875813126564026,1.0,0.9145829081535339
YIR021W,YMR098C,0,-1.9653298,0.09874840080738068,1.0,0.914682924747467
YDL202W,YPR032W,0,-1.9656168,0.0987386703491211,1.0,0.9147829413414001
YDR172W,YOL071W,0,-1.965798,0.09872893989086151,1.0,0.9148829579353333
YDL194W,YMR229C,0,-1.9663923,0.09871920943260193,1.0,0.9149829745292664
YLL009C,YNL135C,0,-1.969481,0.09870948642492294,1.0,0.9150829911231995
YKL003C,YOL157C,0,-1.9698647,0.09869976341724396,1.0,0.9151830077171326
YBL045C,YOL141W,0,-1.970524,0.09869004040956497,1.0,0.9152830839157104
YIR017C,YPL230W,0,-1.9722278,0.09868032485246658,1.0,0.9153831005096436
YLR340W,YGR067C,0,-1.9724091,0.0986706092953682,1.0,0.9154831171035767
YNL242W,YLL035W,0,-1.9730111,0.0986608937382698,1.0,0.9155831336975098
YIR012W,YML121W,0,-1.9749173,0.09865117818117142,1.0,0.9156831502914429
YBL022C,YKL209C,0,-1.9757956,0.09864146262407303,1.0,0.915783166885376
YDL044C,YIL035C,0,-1.9771425,0.09863175451755524,1.0,0.9158831834793091
YPL029W,YLR219W,0,-1.9778663,0.09862204641103745,1.0,0.9159832000732422
YOR246C,YNL086W,0,-1.9789126,0.09861233830451965,1.0,0.9160832166671753
YGR286C,YJL160C,0,-1.9807584,0.09860263764858246,1.0,0.9161832332611084
YBR061C,YBR293W,0,-1.9828353,0.09859293699264526,1.0,0.9162832498550415
YER056C-A,YEL034W,0,-1.9834776,0.09858323633670807,1.0,0.9163832664489746
YML078W,YCR004C,0,-1.9840816,0.09857353568077087,1.0,0.9164832830429077
YDR462W,YDR489W,0,-1.9867036,0.09856384247541428,1.0,0.9165832996368408
YBL099W,YMR282C,0,-1.9886702,0.09855414927005768,1.0,0.9166833162307739
YFL021W,YNL280C,0,-1.9900497,0.09854445606470108,1.0,0.916783332824707
YNL071W,YJR067C,0,-1.9908278,0.09853476285934448,1.0,0.9168833494186401
YDL202W,YOR255W,0,-1.9920274,0.09852507710456848,1.0,0.916983425617218
YJR145C,YHR183W,0,-1.9932806,0.09851538389921188,1.0,0.9170834422111511
YOR297C,YLR427W,0,-1.9956269,0.09850570559501648,1.0,0.9171834588050842
YDL166C,YPL024W,0,-1.9959948,0.09849601984024048,1.0,0.9172834753990173
YBL016W,YCL025C,0,-1.9960544,0.09848633408546448,1.0,0.9173834919929504
YHR067W,YNR075W,0,-1.996677,0.09847665578126907,1.0,0.9174835085868835
YBR087W,YBR278W,0,-1.9980477,0.09846697747707367,1.0,0.9175835251808167
YNL259C,YOR039W,0,-2.001159,0.09845730662345886,1.0,0.9176835417747498
YDR163W,YDR121W,0,-2.001341,0.09844763576984406,1.0,0.9177835583686829
YJL036W,YBR278W,0,-2.0028865,0.09843795746564865,1.0,0.917883574962616
YHR160C,YFL054C,0,-2.0035012,0.09842829406261444,1.0,0.9179835915565491
YOR201C,YKL038W,0,-2.0057914,0.09841862320899963,1.0,0.9180836081504822
YGR106C,YLR206W,0,-2.0065308,0.09840895980596542,1.0,0.9181836247444153
YGR222W,YOL041C,0,-2.0071433,0.09839929640293121,1.0,0.9182836413383484
YDR064W,YOR315W,0,-2.008625,0.098389632999897,1.0,0.9183836579322815
YML063W,YLR204W,0,-2.0089948,0.09837996959686279,1.0,0.9184836745262146
YOL072W,YHR186C,0,-2.0132163,0.09837031364440918,1.0,0.9185836911201477
YGR095C,YDR020C,0,-2.0136378,0.09836065769195557,1.0,0.9186837077140808
YDL022W,YBR122C,0,-2.013926,0.09835100173950195,1.0,0.9187837839126587
YDR014W,YLR157C,0,-2.0144162,0.09834134578704834,1.0,0.9188838005065918
YDL178W,YLR219W,0,-2.0180812,0.09833169728517532,1.0,0.9189838171005249
YNL052W,YHR062C,0,-2.0186462,0.09832204878330231,1.0,0.919083833694458
YMR026C,YER171W,0,-2.0201418,0.09831240028142929,1.0,0.9191838502883911
YHL032C,YEL020C,0,-2.0212078,0.09830275923013687,1.0,0.9192838668823242
YJL010C,YMR266W,0,-2.0213714,0.09829311072826385,1.0,0.9193838834762573
YGR095C,YDR447C,0,-2.0219164,0.09828346967697144,1.0,0.9194839000701904
YPL108W,YLR433C,0,-2.0257928,0.09827383607625961,1.0,0.9195839166641235
YML095C,YCR008W,0,-2.0270517,0.0982641950249672,1.0,0.9196839332580566
YEL011W,YJR121W,0,-2.0273352,0.09825456142425537,1.0,0.9197839498519897
YKR036C,YGR058W,0,-2.0284233,0.09824492782354355,1.0,0.9198839664459229
YER150W,YNL306W,0,-2.0315263,0.09823529422283173,1.0,0.919983983039856
YGR076C,YPL256C,0,-2.031839,0.0982256606221199,1.0,0.9200839996337891
YJL137C,YNL305C,0,-2.0331972,0.09821603447198868,1.0,0.9201840162277222
YDR405W,YFL034C-A,0,-2.0381997,0.09820640832185745,1.0,0.9202840328216553
YDL227C,YEL026W,0,-2.039074,0.09819678217172623,1.0,0.9203840494155884
YNL329C,YDR387C,0,-2.0391126,0.0981871634721756,1.0,0.9204841256141663
YGR062C,YJL048C,0,-2.039714,0.09817754477262497,1.0,0.9205841422080994
YBL045C,YGR295C,0,-2.0402045,0.09816792607307434,1.0,0.9206841588020325
YNL329C,YLR127C,0,-2.040337,0.09815830737352371,1.0,0.9207841753959656
YDL178W,YDR443C,0,-2.0426724,0.09814868867397308,1.0,0.9208841919898987
YOL043C,YOL151W,0,-2.0437548,0.09813907742500305,1.0,0.9209842085838318
YDR465C,YJL209W,0,-2.0438514,0.09812946617603302,1.0,0.9210842251777649
YGR096W,YOR205C,0,-2.0447035,0.09811986237764359,1.0,0.921184241771698
YJR113C,YBR155W,0,-2.046294,0.09811025112867355,1.0,0.9212842583656311
YPR020W,YMR020W,0,-2.0468872,0.09810064733028412,1.0,0.9213842749595642
YGR171C,YHR153C,0,-2.0469499,0.09809104353189468,1.0,0.9214842915534973
YLR126C,YFR021W,0,-2.049605,0.09808143973350525,1.0,0.9215843081474304
YPL037C,YPR137W,0,-2.0503345,0.09807184338569641,1.0,0.9216843247413635
YOR224C,YJR070C,0,-2.050486,0.09806223958730698,1.0,0.9217843413352966
YBR001C,YLR440C,0,-2.050658,0.09805265069007874,1.0,0.9218843579292297
YKL211C,YBR103W,0,-2.0540135,0.0980430543422699,1.0,0.9219843745231628
YNL335W,YPR001W,0,-2.0548916,0.09803345799446106,1.0,0.922084391117096
YAL061W,YLR307W,0,-2.0551171,0.09802386909723282,1.0,0.922184407711029
YBR127C,YCR089W,0,-2.056335,0.09801428020000458,1.0,0.9222844839096069
YJL143W,YOR393W,0,-2.0587971,0.09800469130277634,1.0,0.92238450050354
YLR105C,YOL006C,0,-2.059399,0.09799510985612869,1.0,0.9224845170974731
YPR186C,YBR283C,0,-2.059468,0.09798552840948105,1.0,0.9225845336914062
YAL025C,YOR147W,0,-2.0602345,0.0979759469628334,1.0,0.9226845502853394
YMR241W,YFR046C,0,-2.061197,0.09796636551618576,1.0,0.9227845668792725
YDR425W,YKL212W,0,-2.0613446,0.09795679152011871,1.0,0.9228845834732056
YNL261W,YDL198C,0,-2.0625985,0.09794721752405167,1.0,0.9229846000671387
YML034W,YDR034C,0,-2.0626295,0.09793764352798462,1.0,0.9230846166610718
YPR192W,YIL093C,0,-2.0639162,0.09792806953191757,1.0,0.9231846332550049
YLR369W,YMR104C,0,-2.0667996,0.09791849553585052,1.0,0.923284649848938
YOR133W,YOL097C,0,-2.06779,0.09790892899036407,1.0,0.9233846664428711
YDL017W,YFL062W,0,-2.0679743,0.09789936244487762,1.0,0.9234846830368042
YJL071W,YPR006C,0,-2.0690107,0.09788980334997177,1.0,0.9235846996307373
YLR289W,YDR020C,0,-2.0771217,0.09788023680448532,1.0,0.9236847162246704
YOR201C,YNL014W,0,-2.077617,0.09787067770957947,1.0,0.9237847328186035
YER162C,YLR291C,0,-2.078337,0.09786111861467361,1.0,0.9238847494125366
YMR077C,YER013W,0,-2.0789454,0.09785155951976776,1.0,0.9239848256111145
YNL220W,YHR147C,0,-2.0832093,0.0978420078754425,1.0,0.9240848422050476
YGR033C,YJL109C,0,-2.084576,0.09783245623111725,1.0,0.9241848587989807
YOR098C,YML087C,0,-2.084841,0.09782290458679199,1.0,0.9242848753929138
YNL052W,YBL088C,0,-2.0851898,0.09781335294246674,1.0,0.9243848919868469
YER165W,YKR104W,0,-2.0853205,0.09780380874872208,1.0,0.92448490858078
YFR029W,YFL018C,0,-2.0870562,0.09779426455497742,1.0,0.9245849251747131
YPL069C,YLL017W,0,-2.0876398,0.09778472036123276,1.0,0.9246849417686462
YDR453C,YKL217W,0,-2.088132,0.0977751761674881,1.0,0.9247849583625793
YLR038C,YGR175C,0,-2.0883431,0.09776563197374344,1.0,0.9248849749565125
YOR201C,YNL032W,0,-2.0884182,0.09775609523057938,1.0,0.9249849915504456
YML074C,YJL048C,0,-2.0889256,0.09774655848741531,1.0,0.9250850081443787
YDR264C,YMR272C,0,-2.0898192,0.09773702919483185,1.0,0.9251850247383118
YDR237W,YJR064W,0,-2.0907502,0.09772749245166779,1.0,0.9252850413322449
YLL034C,YIL101C,0,-2.0922225,0.09771796315908432,1.0,0.925385057926178
YJR101W,YDL095W,0,-2.0927076,0.09770843386650085,1.0,0.9254850745201111
YLR439W,YDR538W,0,-2.0928977,0.09769890457391739,1.0,0.9255850911140442
YPR031W,YFL037W,0,-2.0947602,0.09768938273191452,1.0,0.9256851077079773
YLL062C,YDR036C,0,-2.095915,0.09767986088991165,1.0,0.9257851839065552
YOR142W,YBR125C,0,-2.0961149,0.09767033904790878,1.0,0.9258852005004883
YGR101W,YDR483W,0,-2.0981526,0.09766081720590591,1.0,0.9259852170944214
YMR267W,YNR051C,0,-2.0995855,0.09765130281448364,1.0,0.9260852336883545
YGR033C,YEL022W,0,-2.099716,0.09764178842306137,1.0,0.9261852502822876
YGR008C,YML042W,0,-2.100744,0.0976322740316391,1.0,0.9262852668762207
YFR001W,YMR068W,0,-2.101107,0.09762275964021683,1.0,0.9263852834701538
YDL085W,YMR180C,0,-2.1017473,0.09761324524879456,1.0,0.9264853000640869
YNL213C,YDR511W,0,-2.1035533,0.09760373830795288,1.0,0.92658531665802
YER122C,YBL042C,0,-2.105578,0.0975942313671112,1.0,0.9266853332519531
YCR060W,YPR125W,0,-2.1108913,0.09758473187685013,1.0,0.9267853498458862
YBR267W,YGR159C,0,-2.1120777,0.09757522493600845,1.0,0.9268853664398193
YJR034W,YDR267C,0,-2.1121716,0.09756572544574738,1.0,0.9269853830337524
YNL071W,YER068W,0,-2.1128526,0.0975562259554863,1.0,0.9270853996276855
YFL002C,YGL244W,0,-2.114101,0.09754672646522522,1.0,0.9271854162216187
YNR018W,YGL162W,0,-2.1147795,0.09753723442554474,1.0,0.9272854328155518
YLR201C,YMR036C,0,-2.1151865,0.09752774238586426,1.0,0.9273854494094849
YLR390W,YFL066C,0,-2.119196,0.09751825034618378,1.0,0.9274855256080627
YMR170C,YDR352W,0,-2.1210527,0.0975087583065033,1.0,0.9275855422019958
YIL126W,YNL323W,0,-2.1217704,0.09749927371740341,1.0,0.927685558795929
YLR240W,YJL033W,0,-2.121895,0.09748978167772293,1.0,0.9277855753898621
YDR346C,YOL113W,0,-2.1228507,0.09748029708862305,1.0,0.9278855919837952
YBR230C,YMR315W,0,-2.1244547,0.09747081995010376,1.0,0.9279856085777283
YPL094C,YLR214W,0,-2.1261756,0.09746133536100388,1.0,0.9280856251716614
YBR187W,YGL012W,0,-2.127165,0.09745185822248459,1.0,0.9281856417655945
YNL230C,YGR013W,0,-2.1291733,0.0974423810839653,1.0,0.9282856583595276
YFL018C,YLR034C,0,-2.1291988,0.09743290394544601,1.0,0.9283856749534607
YKL009W,YKR036C,0,-2.13083,0.09742343425750732,1.0,0.9284856915473938
YGR234W,YOR312C,0,-2.134791,0.09741395711898804,1.0,0.9285857081413269
YHR059W,YJL160C,0,-2.13503,0.09740448743104935,1.0,0.92868572473526
YKL107W,YNL117W,0,-2.1356432,0.09739502519369125,1.0,0.9287857413291931
YLR151C,YDR423C,0,-2.1399994,0.09738555550575256,1.0,0.9288857579231262
YJR121W,YKL015W,0,-2.1405735,0.09737609326839447,1.0,0.9289857745170593
YLR073C,YOL021C,0,-2.1410599,0.09736663103103638,1.0,0.9290857911109924
YER086W,YOR304W,0,-2.1432035,0.09735716879367828,1.0,0.9291858077049255
YKR036C,YPL099C,0,-2.1451616,0.09734771400690079,1.0,0.9292858839035034
YPL091W,YGL175C,0,-2.145336,0.0973382517695427,1.0,0.9293859004974365
YDL141W,YNL149C,0,-2.1475415,0.0973287969827652,1.0,0.9294859170913696
YDR226W,YIR036C,0,-2.1496992,0.0973193496465683,1.0,0.9295859336853027
YML022W,YDL201W,0,-2.1499827,0.0973098948597908,1.0,0.9296859502792358
YOR118W,YPL093W,0,-2.152336,0.0973004475235939,1.0,0.929785966873169
YPR060C,YIL050W,0,-2.1537995,0.097291000187397,1.0,0.929885983467102
YPR060C,YJL025W,0,-2.1556087,0.0972815528512001,1.0,0.9299860000610352
YDR044W,YIL170W,0,-2.1566126,0.0972721129655838,1.0,0.9300860166549683
YHR047C,YNL160W,0,-2.156723,0.0972626656293869,1.0,0.9301860332489014
YHR147C,YLL039C,0,-2.1574748,0.0972532257437706,1.0,0.9302860498428345
YNR050C,YIR034C,0,-2.1607175,0.0972437858581543,1.0,0.9303860664367676
YEL054C,YDR324C,0,-2.1612632,0.09723435342311859,1.0,0.9304860830307007
YBR238C,YJR015W,0,-2.161567,0.09722492098808289,1.0,0.9305860996246338
YNL003C,YGR194C,0,-2.1628542,0.09721548110246658,1.0,0.9306861162185669
YGL211W,YGL038C,0,-2.1636193,0.09720605611801147,1.0,0.9307861328125
YDR376W,YDL168W,0,-2.16363,0.09719662368297577,1.0,0.9308861494064331
YDL067C,YBR228W,0,-2.1652167,0.09718719869852066,1.0,0.930986225605011
YGL191W,YGR145W,0,-2.167208,0.09717777371406555,1.0,0.9310862421989441
YEL055C,YNR011C,0,-2.1672869,0.09716834872961044,1.0,0.9311862587928772
YLR035C,YBR079C,0,-2.168227,0.09715892374515533,1.0,0.9312862753868103
YPL091W,YGR071C,0,-2.1692297,0.09714950621128082,1.0,0.9313862919807434
YGL155W,YOR005C,0,-2.1694007,0.09714008867740631,1.0,0.9314863085746765
YKR026C,YOR208W,0,-2.1710079,0.0971306711435318,1.0,0.9315863251686096
YOL021C,YNL117W,0,-2.1712074,0.09712125360965729,1.0,0.9316863417625427
YNL284C,YKL027W,0,-2.1727452,0.09711184352636337,1.0,0.9317863583564758
YNL299W,YMR235C,0,-2.1733952,0.09710243344306946,1.0,0.9318863749504089
YPL030W,YBR018C,0,-2.1759675,0.09709302335977554,1.0,0.931986391544342
YJL133W,YPL019C,0,-2.1764994,0.09708361327648163,1.0,0.9320864081382751
YML054C,YDR494W,0,-2.1772192,0.09707421064376831,1.0,0.9321864247322083
YPL091W,YAR027W,0,-2.17828,0.09706480801105499,1.0,0.9322864413261414
YPL022W,YDR496C,0,-2.180678,0.09705540537834167,1.0,0.9323864579200745
YML081C-A,YDL114W,0,-2.1831512,0.09704600274562836,1.0,0.9324864745140076
YIL017C,YFL053W,0,-2.1842759,0.09703660756349564,1.0,0.9325864911079407
YPR140W,YKL025C,0,-2.1845353,0.09702721238136292,1.0,0.9326865077018738
YPR047W,YLR069C,0,-2.18524,0.0970178171992302,1.0,0.9327865839004517
YKR036C,YGR156W,0,-2.1856544,0.09700842201709747,1.0,0.9328866004943848
YBL022C,YNL050C,0,-2.1861918,0.09699903428554535,1.0,0.9329866170883179
YGR049W,YGL244W,0,-2.186759,0.09698963910341263,1.0,0.933086633682251
YGR084C,YIR033W,0,-2.1891193,0.0969802588224411,1.0,0.9331866502761841
YDL178W,YCR014C,0,-2.1897612,0.09697087109088898,1.0,0.9332866668701172
YDR231C,YBL113C,0,-2.1907175,0.09696148335933685,1.0,0.9333866834640503
YMR308C,YAR015W,0,-2.1911983,0.09695210307836533,1.0,0.9334867000579834
YHR047C,YJL090C,0,-2.1929953,0.0969427227973938,1.0,0.9335867166519165
YOL004W,YDR140W,0,-2.193901,0.09693334251642227,1.0,0.9336867332458496
YJL200C,YOR088W,0,-2.1950493,0.09692396968603134,1.0,0.9337867498397827
YNR017W,YDR446W,0,-2.195982,0.09691459685564041,1.0,0.9338867664337158
YMR267W,YMR186W,0,-2.1987336,0.09690522402524948,1.0,0.9339867830276489
YGR101W,YNR010W,0,-2.2000425,0.09689585119485855,1.0,0.934086799621582
YHR089C,YGL236C,0,-2.202538,0.09688648581504822,1.0,0.9341868162155151
YNL070W,YER030W,0,-2.202747,0.09687711298465729,1.0,0.9342868328094482
YLR121C,YLR452C,0,-2.2051153,0.09686774760484695,1.0,0.9343868494033813
YLR356W,YER019W,0,-2.2054813,0.09685838222503662,1.0,0.9344869256019592
YAL033W,YIL027C,0,-2.2085202,0.09684902429580688,1.0,0.9345869421958923
YFR032C-A,YEL020C,0,-2.209054,0.09683966636657715,1.0,0.9346869587898254
YDL036C,YOR206W,0,-2.2117324,0.09683030843734741,1.0,0.9347869753837585
YMR241W,YDL174C,0,-2.2119472,0.09682095050811768,1.0,0.9348869919776917
YPR020W,YGR076C,0,-2.2122066,0.09681159257888794,1.0,0.9349870085716248
YFL016C,YOL103W,0,-2.2126205,0.0968022421002388,1.0,0.9350870251655579
YNR017W,YBL023C,0,-2.2147758,0.09679289162158966,1.0,0.935187041759491
YNL119W,YKL154W,0,-2.2168067,0.09678354114294052,1.0,0.9352870583534241
YJL154C,YML024W,0,-2.2176917,0.09677419066429138,1.0,0.9353870749473572
YMR256C,YOR386W,0,-2.2177758,0.09676484763622284,1.0,0.9354870915412903
YOR084W,YIL042C,0,-2.2202759,0.0967555046081543,1.0,0.9355871081352234
YIL110W,YDR231C,0,-2.2217138,0.09674616158008575,1.0,0.9356871247291565
YML018C,YMR211W,0,-2.2233841,0.09673681855201721,1.0,0.9357871413230896
YBR221C,YKR024C,0,-2.2239406,0.09672748297452927,1.0,0.9358871579170227
YPL249C-A,YFL036W,0,-2.2263043,0.09671814739704132,1.0,0.9359871745109558
YBR142W,YIR021W,0,-2.2264059,0.09670881181955338,1.0,0.9360871911048889
YLR283W,YER014C-A,0,-2.228682,0.09669947624206543,1.0,0.936187207698822
YJR104C,YML030W,0,-2.2289007,0.09669014811515808,1.0,0.9362872838973999
YJL200C,YDR085C,0,-2.2294073,0.09668081998825073,1.0,0.936387300491333
YIL125W,YCL047C,0,-2.2317743,0.09667149186134338,1.0,0.9364873170852661
YJR025C,YAL008W,0,-2.235575,0.09666216373443604,1.0,0.9365873336791992
YBL036C,YML115C,0,-2.2358224,0.09665284305810928,1.0,0.9366873502731323
YER053C,YHR167W,0,-2.2359579,0.09664351493120193,1.0,0.9367873668670654
YGR286C,YJR110W,0,-2.2384508,0.09663420170545578,1.0,0.9368873834609985
YGR132C,YBR243C,0,-2.2397053,0.09662488102912903,1.0,0.9369874000549316
YJL025W,YDL171C,0,-2.2427647,0.09661556035280228,1.0,0.9370874166488647
YGR101W,YBR288C,0,-2.2429984,0.09660624712705612,1.0,0.9371874332427979
YBR221C,YLR088W,0,-2.2432444,0.09659693390130997,1.0,0.937287449836731
YPL270W,YDR307W,0,-2.2479432,0.09658762067556381,1.0,0.9373874664306641
YHR008C,YGR012W,0,-2.2484095,0.09657831490039825,1.0,0.9374874830245972
YCR054C,YGL255W,0,-2.2515426,0.0965690016746521,1.0,0.9375874996185303
YOR297C,YPR113W,0,-2.2579594,0.09655969589948654,1.0,0.9376875162124634
YJL190C,YBR251W,0,-2.2614534,0.09655039757490158,1.0,0.9377875328063965
YMR077C,YOR303W,0,-2.2618833,0.09654109179973602,1.0,0.9378875494003296
YMR193W,YLR452C,0,-2.2625403,0.09653179347515106,1.0,0.9379876255989075
YPL069C,YNL070W,0,-2.2657826,0.0965224951505661,1.0,0.9380876421928406
YOR230W,YKL085W,0,-2.267618,0.09651319682598114,1.0,0.9381876587867737
YMR188C,YCR014C,0,-2.2699337,0.09650389850139618,1.0,0.9382876753807068
YDL004W,YHL001W,0,-2.2712643,0.09649460762739182,1.0,0.9383876919746399
YML025C,YOR228C,0,-2.2757814,0.09648531675338745,1.0,0.938487708568573
YKL157W,YBR171W,0,-2.278555,0.09647602587938309,1.0,0.9385877251625061
YOR270C,YDR170W-A,0,-2.2804797,0.09646673500537872,1.0,0.9386877417564392
YMR167W,YMR128W,0,-2.2823102,0.09645745158195496,1.0,0.9387877583503723
YLR204W,YEL061C,0,-2.2829752,0.09644816815853119,1.0,0.9388877749443054
YLL017W,YDL174C,0,-2.2855153,0.09643888473510742,1.0,0.9389877915382385
YOR142W,YCL040W,0,-2.288836,0.09642960131168365,1.0,0.9390878081321716
YLL041C,YOR143C,0,-2.2891386,0.09642032533884048,1.0,0.9391878247261047
YIL103W,YBR167C,0,-2.2899947,0.09641104936599731,1.0,0.9392878413200378
YBL028C,YOL010W,0,-2.2905352,0.09640177339315414,1.0,0.939387857913971
YOR201C,YPL020C,0,-2.2912674,0.09639249742031097,1.0,0.939487874507904
YJL033W,YHL013C,0,-2.2948713,0.0963832214474678,1.0,0.9395878911018372
YMR189W,YER091C,0,-2.2959833,0.09637395292520523,1.0,0.939687967300415
YGR207C,YFL003C,0,-2.2959983,0.09636468440294266,1.0,0.9397879838943481
YIL127C,YBR202W,0,-2.2976403,0.09635541588068008,1.0,0.9398880004882812
YNL232W,YGR163W,0,-2.3036995,0.09634615480899811,1.0,0.9399880170822144
YJR070C,YLL008W,0,-2.3060372,0.09633689373731613,1.0,0.9400880336761475
YOR360C,YHR117W,0,-2.306387,0.09632763266563416,1.0,0.9401880502700806
YIL136W,YKL212W,0,-2.30784,0.09631837159395218,1.0,0.9402880668640137
YML095C,YDR541C,0,-2.3105772,0.0963091105222702,1.0,0.9403880834579468
YHR003C,YBR251W,0,-2.3108296,0.09629985690116882,1.0,0.9404881000518799
YIL111W,YHR045W,0,-2.3117611,0.09629060328006744,1.0,0.940588116645813
YIL122W,YNR054C,0,-2.3124354,0.09628134965896606,1.0,0.9406881332397461
YNL163C,YDR331W,0,-2.3132384,0.09627209603786469,1.0,0.9407881498336792
YKR006C,YGR272C,0,-2.3167512,0.0962628498673439,1.0,0.9408881664276123
YJR077C,YBR030W,0,-2.3177135,0.09625360369682312,1.0,0.9409881830215454
YNL259C,YGL148W,0,-2.3191283,0.09624435752630234,1.0,0.9410881996154785
YPL148C,YDR465C,0,-2.3219,0.09623511135578156,1.0,0.9411882162094116
YOL140W,YKL183W,0,-2.3254979,0.09622587263584137,1.0,0.9412882328033447
YLR163C,YER126C,0,-2.3255756,0.09621663391590118,1.0,0.9413882493972778
YLR356W,YMR005W,0,-2.325802,0.096207395195961,1.0,0.9414883255958557
YLR312W-A,YHR188C,0,-2.3278792,0.09619815647602081,1.0,0.9415883421897888
YMR176W,YLR138W,0,-2.3283992,0.09618892520666122,1.0,0.9416883587837219
YGR264C,YDR385W,0,-2.3287926,0.09617968648672104,1.0,0.941788375377655
YLR186W,YBR120C,0,-2.329136,0.09617045521736145,1.0,0.9418883919715881
YMR083W,YKL064W,0,-2.3297508,0.09616123139858246,1.0,0.9419884085655212
YDR231C,YLR033W,0,-2.3303802,0.09615200012922287,1.0,0.9420884251594543
YDL164C,YNR013C,0,-2.3304589,0.09614277631044388,1.0,0.9421884417533875
YDR376W,YOR124C,0,-2.3328717,0.09613355249166489,1.0,0.9422884583473206
YIL136W,YHL007C,0,-2.33297,0.0961243286728859,1.0,0.9423884749412537
YFR045W,YEL013W,0,-2.3372798,0.0961151048541069,1.0,0.9424884915351868
YDR342C,YMR250W,0,-2.3395412,0.09610588848590851,1.0,0.9425885081291199
YDL104C,YIL066C,0,-2.3403578,0.09609667211771011,1.0,0.942688524723053
YBL064C,YLR154C,0,-2.3422809,0.09608745574951172,1.0,0.9427885413169861
YIL111W,YJL090C,0,-2.3426325,0.09607824683189392,1.0,0.9428885579109192
YHR183W,YOR369C,0,-2.3452008,0.09606903046369553,1.0,0.9429885745048523
YDR296W,YOR310C,0,-2.3458889,0.09605982154607773,1.0,0.9430885910987854
YPL092W,YGR123C,0,-2.3508263,0.09605061262845993,1.0,0.9431886672973633
YJR063W,YJL056C,0,-2.3524184,0.09604140371084213,1.0,0.9432886838912964
YDR487C,YGL047W,0,-2.3540928,0.09603220224380493,1.0,0.9433887004852295
YER074W,YER026C,0,-2.3596132,0.09602300077676773,1.0,0.9434887170791626
YKL167C,YMR088C,0,-2.3599727,0.09601379930973053,1.0,0.9435887336730957
YPR016C,YGR162W,0,-2.3616893,0.09600459784269333,1.0,0.9436887502670288
YGL062W,YDR414C,0,-2.3627253,0.09599540382623672,1.0,0.9437887668609619
YOR360C,YCL059C,0,-2.3641222,0.09598620235919952,1.0,0.943888783454895
YLR139C,YDL120W,0,-2.365537,0.09597700834274292,1.0,0.9439888000488281
YIL111W,YPL228W,0,-2.365896,0.09596782177686691,1.0,0.9440888166427612
YPL183W-A,YHR085W,0,-2.3665884,0.09595862776041031,1.0,0.9441888332366943
YBR183W,YLR448W,0,-2.3688006,0.0959494411945343,1.0,0.9442888498306274
YDR337W,YOL038W,0,-2.3693993,0.0959402546286583,1.0,0.9443888664245605
YER086W,YCR002C,0,-2.3708918,0.09593106806278229,1.0,0.9444888830184937
YGL155W,YAR071W,0,-2.3750405,0.09592188149690628,1.0,0.9445888996124268
YDR385W,YMR264W,0,-2.3759072,0.09591270238161087,1.0,0.9446889162063599
YER061C,YDR116C,0,-2.3769383,0.09590352326631546,1.0,0.944788932800293
YJL194W,YMR012W,0,-2.3813875,0.09589434415102005,1.0,0.9448889493942261
YDR296W,YKL218C,0,-2.3815567,0.09588516503572464,1.0,0.944989025592804
YGR271W,YOR206W,0,-2.3818538,0.09587599337100983,1.0,0.9450890421867371
YDR533C,YML018C,0,-2.382846,0.09586682170629501,1.0,0.9451890587806702
YOR201C,YJL005W,0,-2.3835142,0.0958576500415802,1.0,0.9452890753746033
YLR447C,YPR160W,0,-2.386192,0.09584847837686539,1.0,0.9453890919685364
YOR361C,YJL145W,0,-2.3877656,0.09583931416273117,1.0,0.9454891085624695
YPR041W,YPL113C,0,-2.3883436,0.09583014249801636,1.0,0.9455891251564026
YKL009W,YGL255W,0,-2.3892763,0.09582097828388214,1.0,0.9456891417503357
YDR296W,YNL310C,0,-2.3915622,0.09581182152032852,1.0,0.9457891583442688
YJR007W,YBR228W,0,-2.3938777,0.0958026573061943,1.0,0.9458891749382019
YOR147W,YLR244C,0,-2.3943098,0.09579350054264069,1.0,0.945989191532135
YMR246W,YLR174W,0,-2.3956306,0.09578434377908707,1.0,0.9460892081260681
YDL164C,YDR115W,0,-2.3965335,0.09577518701553345,1.0,0.9461892247200012
YDR137W,YFR001W,0,-2.3967907,0.09576603025197983,1.0,0.9462892413139343
YOR147W,YIL042C,0,-2.3997529,0.0957568809390068,1.0,0.9463892579078674
YPL118W,YGL258W-A,0,-2.3999815,0.09574773162603378,1.0,0.9464892745018005
YAL039C,YGL258W-A,0,-2.3999815,0.09573858231306076,1.0,0.9465892910957336
YPL083C,YJL012C-A,0,-2.3999815,0.09572943300008774,1.0,0.9466893672943115
YBL022C,YJL012C-A,0,-2.3999815,0.09572029113769531,1.0,0.9467893838882446
YMR011W,YHR051W,0,-2.4004557,0.09571114927530289,1.0,0.9468894004821777
YBR120C,YLR364W,0,-2.401657,0.09570200741291046,1.0,0.9469894170761108
YOR095C,YBR296C,0,-2.402921,0.09569286555051804,1.0,0.947089433670044
YMR116C,YMR217W,0,-2.4058769,0.09568373113870621,1.0,0.947189450263977
YDR376W,YHR166C,0,-2.4072962,0.09567458927631378,1.0,0.9472894668579102
YOL004W,YNL220W,0,-2.4075863,0.09566545486450195,1.0,0.9473894834518433
YMR290C,YPL273W,0,-2.4077656,0.09565632790327072,1.0,0.9474895000457764
YPL017C,YML042W,0,-2.40881,0.09564719349145889,1.0,0.9475895166397095
YDR226W,YER004W,0,-2.4088137,0.09563806653022766,1.0,0.9476895332336426
YNL090W,YML132W,0,-2.4093237,0.09562893956899643,1.0,0.9477895498275757
YPR024W,YJL221C,0,-2.4120631,0.0956198126077652,1.0,0.9478895664215088
YBR221C,YAR044W,0,-2.4139645,0.09561068564653397,1.0,0.9479895830154419
YDR316W,YBL098W,0,-2.4159944,0.09560156613588333,1.0,0.948089599609375
YDL033C,YMR293C,0,-2.417316,0.0955924466252327,1.0,0.9481896162033081
YDR174W,YCR098C,0,-2.419478,0.09558332711458206,1.0,0.9482896327972412
YMR014W,YGR185C,0,-2.4227517,0.09557420760393143,1.0,0.9483896493911743
YDL202W,YER146W,0,-2.4270942,0.09556509554386139,1.0,0.9484897255897522
YNL121C,YGR048W,0,-2.4292681,0.09555597603321075,1.0,0.9485897421836853
YHR051W,YPL157W,0,-2.4299862,0.09554686397314072,1.0,0.9486897587776184
YDR322W,YGL054C,0,-2.4301527,0.09553775936365128,1.0,0.9487897753715515
YKL071W,YDR465C,0,-2.430824,0.09552864730358124,1.0,0.9488897919654846
YER048W-A,YPR187W,0,-2.4309795,0.0955195426940918,1.0,0.9489898085594177
YGR012W,YOL093W,0,-2.4329002,0.09551043808460236,1.0,0.9490898251533508
YOR142W,YHR072W-A,0,-2.4351869,0.09550133347511292,1.0,0.9491898417472839
YPR002W,YGR271W,0,-2.435499,0.09549223631620407,1.0,0.949289858341217
YGL068W,YJL159W,0,-2.4368908,0.09548313170671463,1.0,0.9493898749351501
YLR448W,YMR193W,0,-2.4395776,0.09547403454780579,1.0,0.9494898915290833
YIL093C,YLR089C,0,-2.44237,0.09546493738889694,1.0,0.9495899081230164
YLR395C,YBL058W,0,-2.443026,0.0954558476805687,1.0,0.9496899247169495
YFL054C,YBR039W,0,-2.4430344,0.09544675052165985,1.0,0.9497899413108826
YDL202W,YOR061W,0,-2.444177,0.0954376608133316,1.0,0.9498899579048157
YNL086W,YJL170C,0,-2.4484916,0.09542857110500336,1.0,0.9499899744987488
YLR390W,YOR043W,0,-2.4506629,0.09541948139667511,1.0,0.9500899910926819
YLR312W-A,YER124C,0,-2.4526355,0.09541039913892746,1.0,0.9501900672912598
YER002W,YDR532C,0,-2.4528573,0.09540131688117981,1.0,0.9502900838851929
YNR018W,YKL220C,0,-2.4548788,0.09539223462343216,1.0,0.950390100479126
YIR021W,YNL153C,0,-2.4560585,0.09538315236568451,1.0,0.9504901170730591
YNR017W,YOR346W,0,-2.4567168,0.09537407010793686,1.0,0.9505901336669922
YOR224C,YDL174C,0,-2.4595633,0.0953649953007698,1.0,0.9506901502609253
YJR016C,YMR052W,0,-2.4610894,0.09535592049360275,1.0,0.9507901668548584
YNR017W,YNL021W,0,-2.4612567,0.0953468456864357,1.0,0.9508901834487915
YPL252C,YER146W,0,-2.4612567,0.09533777087926865,1.0,0.9509902000427246
YDR533C,YDR172W,0,-2.462928,0.09532870352268219,1.0,0.9510902166366577
YGR118W,YPL093W,0,-2.4632003,0.09531963616609573,1.0,0.9511902332305908
YPR145W,YDR329C,0,-2.4633853,0.09531056880950928,1.0,0.9512902498245239
YBR001C,YNL093W,0,-2.4684706,0.09530150145292282,1.0,0.951390266418457
YDR296W,YER103W,0,-2.4688807,0.09529244154691696,1.0,0.9514902830123901
YPL091W,YIR014W,0,-2.4769146,0.0952833741903305,1.0,0.9515902996063232
YDL104C,YIL027C,0,-2.4802835,0.09527431428432465,1.0,0.9516903162002563
YPR033C,YKL109W,0,-2.4857202,0.09526526182889938,1.0,0.9517903327941895
YIL093C,YER090W,0,-2.4892642,0.09525620192289352,1.0,0.9518903493881226
YJR010W,YFL045C,0,-2.4918664,0.09524714946746826,1.0,0.9519904255867004
YGL097W,YLR129W,0,-2.494039,0.095238097012043,1.0,0.9520904421806335
YLR188W,YOL021C,0,-2.4963605,0.09522904455661774,1.0,0.9521904587745667
YGR286C,YKL117W,0,-2.496465,0.09521999210119247,1.0,0.9522904753684998
YHR051W,YLL027W,0,-2.4993804,0.09521094709634781,1.0,0.9523904919624329
YOL004W,YJL219W,0,-2.5000346,0.09520190209150314,1.0,0.952490508556366
YLR439W,YGL236C,0,-2.5018356,0.09519285708665848,1.0,0.9525905251502991
YMR280C,YML030W,0,-2.5043185,0.09518381208181381,1.0,0.9526905417442322
YAL039C,YJL194W,0,-2.505049,0.09517477452754974,1.0,0.9527905583381653
YLR295C,YDR139C,0,-2.5079174,0.09516572952270508,1.0,0.9528905749320984
YKL053C-A,YIR021W,0,-2.5130498,0.09515669196844101,1.0,0.9529905915260315
YER061C,YIR009W,0,-2.5193965,0.09514766186475754,1.0,0.9530906081199646
YML063W,YGL205W,0,-2.5237095,0.09513862431049347,1.0,0.9531906247138977
YOL043C,YAL014C,0,-2.5252047,0.09512959420681,1.0,0.9532906413078308
YGR257C,YDR128W,0,-2.5324667,0.09512056410312653,1.0,0.9533906579017639
YDR376W,YGL009C,0,-2.5326772,0.09511153399944305,1.0,0.953490674495697
YLR069C,YNR032W,0,-2.5342011,0.09510250389575958,1.0,0.9535906910896301
YAR015W,YMR235C,0,-2.5366259,0.09509348124265671,1.0,0.953690767288208
YPL183W-A,YIL084C,0,-2.5376956,0.09508445858955383,1.0,0.9537907838821411
YHR051W,YOR094W,0,-2.538006,0.09507543593645096,1.0,0.9538908004760742
YLR449W,YOL093W,0,-2.5381346,0.09506641328334808,1.0,0.9539908170700073
YKL074C,YCL031C,0,-2.5394313,0.0950573980808258,1.0,0.9540908336639404
YHR008C,YHL034C,0,-2.540943,0.09504837542772293,1.0,0.9541908502578735
YGL169W,YML019W,0,-2.5412018,0.09503936022520065,1.0,0.9542908668518066
YEL050C,YOL082W,0,-2.5433116,0.09503035247325897,1.0,0.9543908834457397
YDR322W,YGR289C,0,-2.5535562,0.0950213372707367,1.0,0.9544909000396729
YBR291C,YNL275W,0,-2.5553005,0.09501232951879501,1.0,0.954590916633606
YMR137C,YKR069W,0,-2.5554554,0.09500332176685333,1.0,0.9546909332275391
YDL130W-A,YPL258C,0,-2.5564501,0.09499431401491165,1.0,0.9547909498214722
YGR062C,YHL032C,0,-2.5566761,0.09498530626296997,1.0,0.9548909664154053
YIL128W,YOL077C,0,-2.558379,0.09497630596160889,1.0,0.9549909830093384
YFR044C,YLR117C,0,-2.5587866,0.0949672982096672,1.0,0.9550909996032715
YER049W,YPL188W,0,-2.5593092,0.09495830535888672,1.0,0.9551910161972046
YPR047W,YDL014W,0,-2.5595536,0.09494930505752563,1.0,0.9552910327911377
YGR047C,YLR182W,0,-2.5595567,0.09494030475616455,1.0,0.9553910493850708
YHL013C,YNL252C,0,-2.563283,0.09493131190538406,1.0,0.9554911255836487
YDL044C,YKR039W,0,-2.5638075,0.09492231905460358,1.0,0.9555911421775818
YDL164C,YHR077C,0,-2.567236,0.09491332620382309,1.0,0.9556911587715149
YPR047W,YAL033W,0,-2.571452,0.0949043408036232,1.0,0.955791175365448
YNL071W,YJR159W,0,-2.5744355,0.09489534795284271,1.0,0.9558911919593811
YLL041C,YER014C-A,0,-2.5788214,0.09488636255264282,1.0,0.9559912085533142
YOR354C,YHR025W,0,-2.5810442,0.09487737715244293,1.0,0.9560912251472473
YGR101W,YJL002C,0,-2.5827682,0.09486839920282364,1.0,0.9561912417411804
YDL022W,YGR172C,0,-2.5835528,0.09485941380262375,1.0,0.9562912583351135
YKL009W,YBR021W,0,-2.5866582,0.09485043585300446,1.0,0.9563912749290466
YOR215C,YER148W,0,-2.5901947,0.09484145790338516,1.0,0.9564912915229797
YBR031W,YKR039W,0,-2.5910351,0.09483247995376587,1.0,0.9565913081169128
YOR297C,YER151C,0,-2.5961688,0.09482350945472717,1.0,0.956691324710846
YGL187C,YDL058W,0,-2.6014888,0.09481453150510788,1.0,0.956791341304779
YJL087C,YHR052W,0,-2.603267,0.09480556100606918,1.0,0.9568913578987122
YLR048W,YFL014W,0,-2.6054661,0.09479659050703049,1.0,0.9569913744926453
YMR014W,YMR023C,0,-2.6061363,0.09478762745857239,1.0,0.9570913910865784
YDL067C,YDR014W,0,-2.6064456,0.09477865695953369,1.0,0.9571914672851562
YBR055C,YGR124W,0,-2.6078107,0.09476969391107559,1.0,0.9572914838790894
YBR127C,YCL038C,0,-2.6107957,0.09476073086261749,1.0,0.9573915004730225
YOR246C,YNL163C,0,-2.6124566,0.09475177526473999,1.0,0.9574915170669556
YOL043C,YFL003C,0,-2.617254,0.09474281221628189,1.0,0.9575915336608887
YPL188W,YIL039W,0,-2.6180668,0.09473385661840439,1.0,0.9576915502548218
YBL099W,YKL173W,0,-2.6180782,0.09472490102052689,1.0,0.9577915668487549
YBL090W,YNL322C,0,-2.6190076,0.09471594542264938,1.0,0.957891583442688
YDR376W,YMR176W,0,-2.6207745,0.09470699727535248,1.0,0.9579916000366211
YLR327C,YMR293C,0,-2.622489,0.09469804167747498,1.0,0.9580916166305542
YML129C,YDR518W,0,-2.6235485,0.09468909353017807,1.0,0.9581916332244873
YNL305C,YPL154C,0,-2.6261532,0.09468014538288116,1.0,0.9582916498184204
YPR004C,YGL033W,0,-2.6270874,0.09467120468616486,1.0,0.9583916664123535
YDR101C,YBR079C,0,-2.6286461,0.09466225653886795,1.0,0.9584916830062866
YGR101W,YKL018W,0,-2.6311367,0.09465331584215164,1.0,0.9585916996002197
YDR194C,YAR066W,0,-2.6390915,0.09464437514543533,1.0,0.9586917161941528
YPR151C,YNR013C,0,-2.6420166,0.09463543444871902,1.0,0.9587917327880859
YDL164C,YOR284W,0,-2.6449554,0.09462650120258331,1.0,0.958891749382019
YNL315C,YER146W,0,-2.653731,0.094617560505867,1.0,0.9589918255805969
YDR322W,YGR071C,0,-2.659632,0.09460862725973129,1.0,0.95909184217453
YPR001W,YNL279W,0,-2.661966,0.09459970146417618,1.0,0.9591918587684631
YBR196C,YGL012W,0,-2.6647563,0.09459076821804047,1.0,0.9592918753623962
YGR183C,YER113C,0,-2.6665883,0.09458184242248535,1.0,0.9593918919563293
YDR530C,YKR056W,0,-2.666878,0.09457290917634964,1.0,0.9594919085502625
YPR151C,YPL087W,0,-2.6693478,0.09456398338079453,1.0,0.9595919251441956
YEL050C,YEL009C,0,-2.6706176,0.09455506503582001,1.0,0.9596919417381287
YFL002C,YDR322C-A,0,-2.672417,0.09454613924026489,1.0,0.9597919583320618
YHR052W,YHR167W,0,-2.6790533,0.09453722089529037,1.0,0.9598919749259949
YGR062C,YAR071W,0,-2.6826336,0.09452830255031586,1.0,0.959991991519928
YPR047W,YGL251C,0,-2.6844947,0.09451938420534134,1.0,0.9600920081138611
YPL091W,YBR127C,0,-2.688544,0.09451047331094742,1.0,0.9601920247077942
YCL031C,YDL153C,0,-2.6925595,0.0945015549659729,1.0,0.9602920413017273
YBL022C,YIL111W,0,-2.6991727,0.09449264407157898,1.0,0.9603920578956604
YBR170C,YBR039W,0,-2.7013023,0.09448373317718506,1.0,0.9604920744895935
YML106W,YKL137W,0,-2.7031376,0.09447482228279114,1.0,0.9605920910835266
YML060W,YHL032C,0,-2.7033482,0.09446591883897781,1.0,0.9606921672821045
YMR256C,YDL165W,0,-2.7079384,0.09445701539516449,1.0,0.9607921838760376
YBR238C,YOR353C,0,-2.7182715,0.09444811195135117,1.0,0.9608922004699707
YNL185C,YDR496C,0,-2.718748,0.09443920850753784,1.0,0.9609922170639038
YML081C-A,YCR096C,0,-2.7192996,0.09443030506372452,1.0,0.9610922336578369
YAL039C,YKL013C,0,-2.7194922,0.09442140907049179,1.0,0.96119225025177
YMR287C,YDR536W,0,-2.7216923,0.09441251307725906,1.0,0.9612922668457031
YOL027C,YBR299W,0,-2.7228334,0.09440361708402634,1.0,0.9613922834396362
YMR188C,YNR013C,0,-2.724899,0.09439472109079361,1.0,0.9614923000335693
YGR207C,YPL160W,0,-2.7250068,0.09438583254814148,1.0,0.9615923166275024
YLR204W,YNR004W,0,-2.7274973,0.09437694400548935,1.0,0.9616923332214355
YOR361C,YIL125W,0,-2.728286,0.09436805546283722,1.0,0.9617923498153687
YPL083C,YAR050W,0,-2.7282913,0.09435916692018509,1.0,0.9618923664093018
YKL208W,YLR064W,0,-2.7284787,0.09435028582811356,1.0,0.9619923830032349
YOR196C,YPL046C,0,-2.7314925,0.09434139728546143,1.0,0.962092399597168
YLR356W,YGR172C,0,-2.7341723,0.09433251619338989,1.0,0.9621924161911011
YLR388W,YOR294W,0,-2.742337,0.09432363510131836,1.0,0.9622924327850342
YLR025W,YCR028C-A,0,-2.7433178,0.09431476145982742,1.0,0.9623924493789673
YHR003C,YOR374W,0,-2.7457912,0.09430588036775589,1.0,0.9624925255775452
YIL113W,YNL035C,0,-2.7463844,0.09429700672626495,1.0,0.9625925421714783
YML022W,YLL041C,0,-2.750456,0.09428813308477402,1.0,0.9626925587654114
YBL022C,YER124C,0,-2.75058,0.09427925944328308,1.0,0.9627925753593445
YNL069C,YPR006C,0,-2.751232,0.09427039325237274,1.0,0.9628925919532776
YBR132C,YHL024W,0,-2.756645,0.0942615270614624,1.0,0.9629926085472107
YKL195W,YPL174C,0,-2.7573876,0.09425266087055206,1.0,0.9630926251411438
YDR026C,YKR056W,0,-2.7574313,0.09424379467964172,1.0,0.9631926417350769
YOR201C,YFR028C,0,-2.7580502,0.09423492848873138,1.0,0.96329265832901
YGR028W,YOR182C,0,-2.7596264,0.09422606974840164,1.0,0.9633926749229431
YLL027W,YHR091C,0,-2.760979,0.0942172110080719,1.0,0.9634926915168762
YMR098C,YPR018W,0,-2.763048,0.09420835226774216,1.0,0.9635927081108093
YOL077W-A,YPL042C,0,-2.7636855,0.09419949352741241,1.0,0.9636927247047424
YMR115W,YNR004W,0,-2.7646995,0.09419063478708267,1.0,0.9637927412986755
YDL178W,YLR385C,0,-2.7647479,0.09418178349733353,1.0,0.9638927578926086
YKL091C,YEL052W,0,-2.766298,0.09417293220758438,1.0,0.9639927744865417
YLR204W,YJL115W,0,-2.7668407,0.09416408091783524,1.0,0.9640927910804749
YIL113W,YCL050C,0,-2.767213,0.09415523707866669,1.0,0.9641928672790527
YDL164C,YOR141C,0,-2.7725236,0.09414638578891754,1.0,0.9642928838729858
YPR060C,YGR081C,0,-2.774771,0.09413754194974899,1.0,0.964392900466919
YLR188W,YBR223C,0,-2.776251,0.09412869811058044,1.0,0.964492917060852
YAL012W,YLR002C,0,-2.7777169,0.0941198542714119,1.0,0.9645929336547852
YIL111W,YJL164C,0,-2.7824311,0.09411101788282394,1.0,0.9646929502487183
YBR185C,YAL040C,0,-2.7858732,0.09410218149423599,1.0,0.9647929668426514
YDR376W,YGR012W,0,-2.79369,0.09409334510564804,1.0,0.9648929834365845
YLR132C,YOL094C,0,-2.7950442,0.09408450871706009,1.0,0.9649930000305176
YLR069C,YHR206W,0,-2.7967556,0.09407567232847214,1.0,0.9650930166244507
YML043C,YPL086C,0,-2.798051,0.09406684339046478,1.0,0.9651930332183838
YER017C,YGL003C,0,-2.7992764,0.09405801445245743,1.0,0.9652930498123169
YDL044C,YNR012W,0,-2.8007896,0.09404918551445007,1.0,0.96539306640625
YPL134C,YJL071W,0,-2.8030097,0.09404035657644272,1.0,0.9654930830001831
YCL034W,YML116W,0,-2.805546,0.09403153508901596,1.0,0.9655930995941162
YBR120C,YCR075C,0,-2.807367,0.0940227061510086,1.0,0.9656931161880493
YDR536W,YNR007C,0,-2.807433,0.09401388466358185,1.0,0.9657931327819824
YIL113W,YBR057C,0,-2.807809,0.09400506317615509,1.0,0.9658931493759155
YER078C,YMR236W,0,-2.8097575,0.09399624913930893,1.0,0.9659932255744934
YPL271W,YNL322C,0,-2.8116138,0.09398742765188217,1.0,0.9660932421684265
YLR348C,YDL212W,0,-2.812731,0.09397861361503601,1.0,0.9661932587623596
YOL077W-A,YBR127C,0,-2.8134727,0.09396979957818985,1.0,0.9662932753562927
YFL016C,YGL038C,0,-2.8143237,0.09396099299192429,1.0,0.9663932919502258
YNL083W,YLL011W,0,-2.81455,0.09395217895507812,1.0,0.9664933085441589
YMR268C,YMR308C,0,-2.81801,0.09394337236881256,1.0,0.966593325138092
YLR201C,YGR180C,0,-2.8225062,0.093934565782547,1.0,0.9666933417320251
YBR104W,YDR146C,0,-2.826888,0.09392575919628143,1.0,0.9667933583259583
YMR115W,YJR044C,0,-2.8295066,0.09391695261001587,1.0,0.9668933749198914
YDR036C,YPL042C,0,-2.8323028,0.0939081534743309,1.0,0.9669933915138245
YNL185C,YHR018C,0,-2.8381944,0.09389935433864594,1.0,0.9670934081077576
YPR004C,YDL067C,0,-2.838197,0.09389055520296097,1.0,0.9671934247016907
YER006W,YFR001W,0,-2.839,0.093881756067276,1.0,0.9672934412956238
YJL200C,YCL069W,0,-2.8413165,0.09387296438217163,1.0,0.9673934578895569
YOR063W,YHR104W,0,-2.8429558,0.09386416524648666,1.0,0.96749347448349
YLR163C,YLL008W,0,-2.847126,0.0938553735613823,1.0,0.9675934910774231
YJL062W-A,YBL010C,0,-2.847345,0.09384658932685852,1.0,0.967693567276001
YLR105C,YLR305C,0,-2.85243,0.09383779764175415,1.0,0.9677935838699341
YDR231C,YKL001C,0,-2.8586555,0.09382901340723038,1.0,0.9678936004638672
YPL183W-A,YER148W,0,-2.8627954,0.09382022172212601,1.0,0.9679936170578003
YER048W-A,YER172C,0,-2.8656552,0.09381143748760223,1.0,0.9680936336517334
YMR093W,YIL094C,0,-2.8689625,0.09380266070365906,1.0,0.9681936502456665
YMR077C,YOR231W,0,-2.8720038,0.09379387646913528,1.0,0.9682936668395996
YBL023C,YLR002C,0,-2.8731937,0.09378509968519211,1.0,0.9683936834335327
YNL169C,YOR067C,0,-2.8740666,0.09377632290124893,1.0,0.9684937000274658
YBL090W,YJL210W,0,-2.8746037,0.09376754611730576,1.0,0.9685937166213989
YER006W,YDR194C,0,-2.881502,0.09375876933336258,1.0,0.968693733215332
YLR283W,YHR178W,0,-2.894211,0.09375,1.0,0.9687937498092651
YPL091W,YMR020W,0,-2.8946671,0.09374123066663742,1.0,0.9688937664031982
YML025C,YBL055C,0,-2.8978248,0.09373246133327484,1.0,0.9689937829971313
YDR496C,YGR251W,0,-2.8989213,0.09372369199991226,1.0,0.9690937995910645
YNL037C,YDR532C,0,-2.9027636,0.09371493011713028,1.0,0.9691938161849976
YER074W,YKL148C,0,-2.9073598,0.0937061607837677,1.0,0.9692938327789307
YDR316W,YNR003C,0,-2.9124396,0.09369739890098572,1.0,0.9693938493728638
YIL035C,YNL248C,0,-2.9138784,0.09368863701820374,1.0,0.9694939255714417
YMR302C,YER089C,0,-2.9159586,0.09367988258600235,1.0,0.9695939421653748
YJL050W,YGR124W,0,-2.919673,0.09367112070322037,1.0,0.9696939587593079
YGR171C,YLR097C,0,-2.9197533,0.09366236627101898,1.0,0.969793975353241
YJL063C,YPR187W,0,-2.9220526,0.0936536118388176,1.0,0.9698939919471741
YPR060C,YJR135C,0,-2.924126,0.09364485740661621,1.0,0.9699940085411072
YKL120W,YDL002C,0,-2.9255939,0.09363611042499542,1.0,0.9700940251350403
YJR070C,YIR035C,0,-2.9264562,0.09362735599279404,1.0,0.9701940417289734
YOR209C,YNR043W,0,-2.9265068,0.09361860901117325,1.0,0.9702940583229065
YPR061C,YMR227C,0,-2.927243,0.09360986202955246,1.0,0.9703940749168396
YOL071W,YOL092W,0,-2.9279912,0.09360112249851227,1.0,0.9704940915107727
YLR051C,YER087W,0,-2.9284403,0.09359237551689148,1.0,0.9705941081047058
YDR296W,YGR154C,0,-2.929014,0.09358363598585129,1.0,0.9706941246986389
YDL014W,YMR146C,0,-2.9333622,0.0935748964548111,1.0,0.970794141292572
YNL073W,YDR283C,0,-2.9362128,0.0935661569237709,1.0,0.9708941578865051
YOR150W,YLR307W,0,-2.9378018,0.09355742484331131,1.0,0.9709941744804382
YER048W-A,YDR356W,0,-2.94542,0.09354868531227112,1.0,0.9710941910743713
YLR304C,YDR341C,0,-2.9559143,0.09353995323181152,1.0,0.9711942672729492
YDR354W,YIR034C,0,-2.9567468,0.09353122115135193,1.0,0.9712942838668823
YOL077W-A,YPR198W,0,-2.9599662,0.09352249652147293,1.0,0.9713943004608154
YER165W,YNL119W,0,-2.965575,0.09351376444101334,1.0,0.9714943170547485
YOL080C,YNR020C,0,-2.9663537,0.09350503981113434,1.0,0.9715943336486816
YBR104W,YLR287C-A,0,-2.966624,0.09349631518125534,1.0,0.9716943502426147
YKL167C,YJR112W,0,-2.9708588,0.09348759055137634,1.0,0.9717943668365479
YDL067C,YHR124W,0,-2.971519,0.09347886592149734,1.0,0.971894383430481
YLR289W,YDL229W,0,-2.9727926,0.09347014874219894,1.0,0.9719944000244141
YOR297C,YKR026C,0,-2.9755986,0.09346143156290054,1.0,0.9720944166183472
YLR132C,YDR294C,0,-2.9769485,0.09345271438360214,1.0,0.9721944332122803
YDL178W,YMR034C,0,-2.9777658,0.09344399720430374,1.0,0.9722944498062134
YNL232W,YLR069C,0,-2.9793355,0.09343528747558594,1.0,0.9723944664001465
YDL033C,YGR279C,0,-2.9840457,0.09342657029628754,1.0,0.9724944829940796
YLL001W,YNL087W,0,-2.9894478,0.09341786056756973,1.0,0.9725944995880127
YBL064C,YBR019C,0,-2.990604,0.09340915083885193,1.0,0.9726945161819458
YOR142W,YOR022C,0,-2.9922726,0.09340044856071472,1.0,0.9727945327758789
YJL154C,YOR221C,0,-2.9943068,0.09339173883199692,1.0,0.972894549369812
YER141W,YHR104W,0,-2.995672,0.09338303655385971,1.0,0.9729946255683899
YGL031C,YDL036C,0,-2.999015,0.0933743342757225,1.0,0.973094642162323
YPL143W,YOL040C,0,-3.001724,0.0933656319975853,1.0,0.9731946587562561
YNL239W,YPL177C,0,-3.010964,0.09335693717002869,1.0,0.9732946753501892
YLL034C,YMR145C,0,-3.0115557,0.09334824234247208,1.0,0.9733946919441223
YNL306W,YDR322W,0,-3.0122538,0.09333954006433487,1.0,0.9734947085380554
YGL068W,YBR024W,0,-3.0131905,0.09333085268735886,1.0,0.9735947251319885
YFL018C,YLR032W,0,-3.0152829,0.09332215785980225,1.0,0.9736947417259216
YNL256W,YER137C,0,-3.015712,0.09331346303224564,1.0,0.9737947583198547
YNR040W,YBR103W,0,-3.0183141,0.09330477565526962,1.0,0.9738947749137878
YKL170W,YIL162W,0,-3.018525,0.09329608827829361,1.0,0.973994791507721
YOL077W-A,YDR291W,0,-3.0185678,0.0932874009013176,1.0,0.974094808101654
YMR060C,YLR103C,0,-3.0211847,0.09327872097492218,1.0,0.9741948246955872
YML025C,YEL036C,0,-3.022476,0.09327003359794617,1.0,0.9742948412895203
YKL167C,YOR224C,0,-3.0347223,0.09326135367155075,1.0,0.9743948578834534
YGR012W,YLR316C,0,-3.036743,0.09325267374515533,1.0,0.9744948744773865
YDR322W,YMR284W,0,-3.0450418,0.09324400126934052,1.0,0.9745948910713196
YNR017W,YLR448W,0,-3.0460951,0.0932353213429451,1.0,0.9746949672698975
YIL145C,YLR002C,0,-3.0517902,0.09322664886713028,1.0,0.9747949838638306
YIR021W,YPR127W,0,-3.0584512,0.09321797639131546,1.0,0.9748950004577637
YOL077W-A,YPL028W,0,-3.060438,0.09320930391550064,1.0,0.9749950170516968
YGL059W,YPR042C,0,-3.0639021,0.09320063143968582,1.0,0.9750950336456299
YMR115W,YBR110W,0,-3.072435,0.0931919664144516,1.0,0.975195050239563
YJL154C,YAL009W,0,-3.0739365,0.09318330138921738,1.0,0.9752950668334961
YGR101W,YLL011W,0,-3.0752373,0.09317463636398315,1.0,0.9753950834274292
YOL077W-A,YGR257C,0,-3.0763795,0.09316597133874893,1.0,0.9754951000213623
YMR160W,YML125C,0,-3.0768926,0.09315730631351471,1.0,0.9755951166152954
YKL004W,YCR039C,0,-3.0809512,0.09314864873886108,1.0,0.9756951332092285
YGR012W,YER153C,0,-3.0846646,0.09313999116420746,1.0,0.9757951498031616
YLR289W,YML008C,0,-3.084747,0.09313133358955383,1.0,0.9758951663970947
YDR258C,YDR486C,0,-3.0899727,0.09312267601490021,1.0,0.9759951829910278
YJL191W,YFL017W-A,0,-3.099185,0.09311402589082718,1.0,0.9760951995849609
YPR187W,YKL021C,0,-3.1011744,0.09310536831617355,1.0,0.976195216178894
YER073W,YOR209C,0,-3.10199,0.09309671819210052,1.0,0.9762952327728271
YMR189W,YBR088C,0,-3.1029222,0.0930880680680275,1.0,0.9763952493667603
YNL232W,YNL012W,0,-3.1033018,0.09307942539453506,1.0,0.9764953255653381
YIL155C,YBL055C,0,-3.104456,0.09307077527046204,1.0,0.9765953421592712
YNL175C,YPR190C,0,-3.105076,0.0930621325969696,1.0,0.9766953587532043
YDR258C,YNL279W,0,-3.1134818,0.09305348992347717,1.0,0.9767953753471375
YHL004W,YDR363W-A,0,-3.1165664,0.09304484724998474,1.0,0.9768953919410706
YDL067C,YCL043C,0,-3.1169078,0.0930362120270729,1.0,0.9769954085350037
YMR060C,YNR054C,0,-3.117357,0.09302757680416107,1.0,0.9770954251289368
YAL010C,YKR069W,0,-3.1209326,0.09301894158124924,1.0,0.9771954417228699
YPL183W-A,YFL013C,0,-3.1244981,0.0930103063583374,1.0,0.977295458316803
YFR044C,YJR158W,0,-3.127702,0.09300167113542557,1.0,0.9773954749107361
YDR296W,YOR149C,0,-3.129572,0.09299303591251373,1.0,0.9774954915046692
YMR169C,YML054C,0,-3.1370742,0.0929844081401825,1.0,0.9775955080986023
YDR425W,YJL115W,0,-3.1388578,0.09297578036785126,1.0,0.9776955246925354
YOR294W,YPR118W,0,-3.1437159,0.09296715259552002,1.0,0.9777955412864685
YDR119W,YLR129W,0,-3.156185,0.09295853227376938,1.0,0.9778955578804016
YBR084C-A,YJL148W,0,-3.1570075,0.09294990450143814,1.0,0.9779955744743347
YNL185C,YER118C,0,-3.159941,0.0929412841796875,1.0,0.9780955910682678
YGR251W,YML038C,0,-3.1603005,0.09293266385793686,1.0,0.9781956672668457
YCR083W,YDL165W,0,-3.161474,0.09292404353618622,1.0,0.9782956838607788
YPR016C,YJR104C,0,-3.1680803,0.09291543066501617,1.0,0.9783957004547119
YIL113W,YBR079C,0,-3.1685169,0.09290681779384613,1.0,0.978495717048645
YJR022W,YNL151C,0,-3.1693864,0.09289820492267609,1.0,0.9785957336425781
YNR017W,YJR045C,0,-3.1727195,0.09288959205150604,1.0,0.9786957502365112
YBL036C,YLR401C,0,-3.174344,0.092880979180336,1.0,0.9787957668304443
YIL111W,YOR064C,0,-3.1835244,0.09287236630916595,1.0,0.9788957834243774
YPL060W,YLR042C,0,-3.1935804,0.09286376088857651,1.0,0.9789958000183105
YFL018C,YDR489W,0,-3.1948645,0.09285515546798706,1.0,0.9790958166122437
YGR207C,YNL209W,0,-3.1956975,0.09284655004739761,1.0,0.9791958332061768
YDL181W,YGR067C,0,-3.1977828,0.09283795207738876,1.0,0.9792958498001099
YCR028C-A,YAL034W-A,0,-3.2044604,0.09282934665679932,1.0,0.979395866394043
YPR061C,YLR359W,0,-3.2074022,0.09282074868679047,1.0,0.9794958829879761
YGR195W,YLR449W,0,-3.2106147,0.09281215071678162,1.0,0.9795958995819092
YIL113W,YAL035W,0,-3.2165291,0.09280356019735336,1.0,0.9796959161758423
YPR061C,YML062C,0,-3.222034,0.09279496222734451,1.0,0.9797959327697754
YCR028C-A,YNR047W,0,-3.2318504,0.09278637170791626,1.0,0.9798960089683533
YPL060W,YKL100C,0,-3.2330387,0.092777781188488,1.0,0.9799960255622864
YKL120W,YGL233W,0,-3.2350028,0.09276919066905975,1.0,0.9800960421562195
YPR047W,YGR076C,0,-3.2359607,0.0927606001496315,1.0,0.9801960587501526
YBR084W,YOL155C,0,-3.2364378,0.09275200963020325,1.0,0.9802960753440857
YPR079W,YCR098C,0,-3.2364423,0.09274342656135559,1.0,0.9803960919380188
YJL060W,YGR121C,0,-3.2397912,0.09273484349250793,1.0,0.9804961085319519
YPL131W,YNR036C,0,-3.2400248,0.09272626042366028,1.0,0.980596125125885
YLR356W,YOL145C,0,-3.2408328,0.09271768480539322,1.0,0.9806961417198181
YDL067C,YMR025W,0,-3.243912,0.09270910173654556,1.0,0.9807961583137512
YDR231C,YDR174W,0,-3.2527492,0.0927005261182785,1.0,0.9808961749076843
YKR060W,YMR023C,0,-3.2531428,0.09269195050001144,1.0,0.9809961915016174
YMR083W,YGR028W,0,-3.2690327,0.09268337488174438,1.0,0.9810962080955505
YKL167C,YDR060W,0,-3.271507,0.09267480671405792,1.0,0.9811962246894836
YIL136W,YOL157C,0,-3.2813292,0.09266623854637146,1.0,0.9812962412834167
YMR189W,YDR027C,0,-3.2834451,0.0926576629281044,1.0,0.9813962578773499
YPR002W,YGL123W,0,-3.2864268,0.09264909476041794,1.0,0.981496274471283
YER048W-A,YCR042C,0,-3.2898948,0.09264053404331207,1.0,0.9815962910652161
YCR028C-A,YDR524C,0,-3.2992284,0.09263196587562561,1.0,0.981696367263794
YER048W-A,YOR151C,0,-3.3011596,0.09262340515851974,1.0,0.981796383857727
YJL136C,YLR372W,0,-3.3021705,0.09261484444141388,1.0,0.9818964004516602
YDL178W,YOL033W,0,-3.302294,0.09260628372430801,1.0,0.9819964170455933
YBR230C,YML019W,0,-3.304346,0.09259772300720215,1.0,0.9820964336395264
YNL306W,YBR251W,0,-3.3112426,0.09258916974067688,1.0,0.9821964502334595
YFL018C,YKL071W,0,-3.3228564,0.09258061647415161,1.0,0.9822964668273926
YBR185C,YPL031C,0,-3.326927,0.09257206320762634,1.0,0.9823964834213257
YGL187C,YIL049W,0,-3.3294826,0.09256350994110107,1.0,0.9824965000152588
YPR187W,YNL153C,0,-3.3346863,0.0925549566745758,1.0,0.9825965166091919
YPL183W-A,YMR011W,0,-3.3365028,0.09254641085863113,1.0,0.982696533203125
YBR282W,YLL036C,0,-3.3382843,0.09253786504268646,1.0,0.9827965497970581
YOL071W,YBL093C,0,-3.340255,0.09252931922674179,1.0,0.9828965663909912
YBR084W,YGL255W,0,-3.3777337,0.09252077341079712,1.0,0.9829965829849243
YIL111W,YBR280C,0,-3.383513,0.09251223504543304,1.0,0.9830965995788574
YDR405W,YHR128W,0,-3.3959706,0.09250368922948837,1.0,0.9831966161727905
YLR139C,YMR033W,0,-3.3977692,0.0924951508641243,1.0,0.9832966327667236
YAR002C-A,YOR344C,0,-3.4034612,0.09248661249876022,1.0,0.9833967089653015
YLR090W,YGL237C,0,-3.4066799,0.09247808158397675,1.0,0.9834967255592346
YPL183W-A,YKL034W,0,-3.4078038,0.09246954321861267,1.0,0.9835967421531677
YJR077C,YEL060C,0,-3.4081333,0.0924610123038292,1.0,0.9836967587471008
YNL067W,YIR035C,0,-3.4083815,0.09245248138904572,1.0,0.9837967753410339
YBR104W,YJL166W,0,-3.4159687,0.09244395047426224,1.0,0.983896791934967
YKL003C,YBR139W,0,-3.4194238,0.09243542701005936,1.0,0.9839968085289001
YLR289W,YOR205C,0,-3.422346,0.09242689609527588,1.0,0.9840968251228333
YDL066W,YNL208W,0,-3.4278858,0.092418372631073,1.0,0.9841968417167664
YLR295C,YBR286W,0,-3.4313595,0.09240984916687012,1.0,0.9842968583106995
YDR425W,YMR099C,0,-3.4428563,0.09240132570266724,1.0,0.9843968749046326
YIL125W,YOL110W,0,-3.4445927,0.09239280968904495,1.0,0.9844968914985657
YNL121C,YBL099W,0,-3.4479458,0.09238428622484207,1.0,0.9845969080924988
YPR001W,YPL082C,0,-3.4505346,0.09237577021121979,1.0,0.9846969246864319
YMR235C,YGL120C,0,-3.4662347,0.0923672541975975,1.0,0.984796941280365
YMR060C,YDR120C,0,-3.468022,0.09235874563455582,1.0,0.9848969578742981
YPR061C,YBR186W,0,-3.4686205,0.09235022962093353,1.0,0.9849969744682312
YJL154C,YMR026C,0,-3.471979,0.09234172105789185,1.0,0.9850969910621643
YLR090W,YMR321C,0,-3.4731522,0.09233321249485016,1.0,0.9851970672607422
YPL249C-A,YNL301C,0,-3.4929388,0.09232470393180847,1.0,0.9852970838546753
YBR227C,YNL046W,0,-3.4970787,0.09231619536876678,1.0,0.9853971004486084
YOR147W,YLL036C,0,-3.5033295,0.0923076942563057,1.0,0.9854971170425415
YPL172C,YHR017W,0,-3.5098493,0.09229918569326401,1.0,0.9855971336364746
YPR011C,YGR194C,0,-3.5161512,0.09229068458080292,1.0,0.9856971502304077
YER069W,YBR247C,0,-3.5178301,0.09228219091892242,1.0,0.9857971668243408
YIL136W,YHR026W,0,-3.5191143,0.09227368980646133,1.0,0.9858971834182739
YLR369W,YLR348C,0,-3.5215228,0.09226519614458084,1.0,0.985997200012207
YLR090W,YMR208W,0,-3.5247695,0.09225669503211975,1.0,0.9860972166061401
YNL213C,YOL092W,0,-3.5250828,0.09224820137023926,1.0,0.9861972332000732
YPL104W,YKL035W,0,-3.5262935,0.09223971515893936,1.0,0.9862972497940063
YJL133W,YCL040W,0,-3.5304499,0.09223122149705887,1.0,0.9863972663879395
YFL055W,YAL012W,0,-3.531243,0.09222273528575897,1.0,0.9864972829818726
YMR188C,YHR203C,0,-3.5315368,0.09221424907445908,1.0,0.9865972995758057
YPR061C,YLR214W,0,-3.5408053,0.09220576286315918,1.0,0.9866973161697388
YOR354C,YDR055W,0,-3.5417273,0.09219727665185928,1.0,0.9867973327636719
YJL200C,YML024W,0,-3.544246,0.09218879044055939,1.0,0.9868974089622498
YPL091W,YMR272C,0,-3.545196,0.09218031167984009,1.0,0.9869974255561829
YMR089C,YCL040W,0,-3.550547,0.09217183291912079,1.0,0.987097442150116
YAL039C,YBR030W,0,-3.5509744,0.09216335415840149,1.0,0.9871974587440491
YLR244C,YMR290C,0,-3.5574641,0.09215487539768219,1.0,0.9872974753379822
YJL112W,YKR038C,0,-3.568328,0.09214640408754349,1.0,0.9873974919319153
YJR016C,YLR449W,0,-3.5731642,0.09213793277740479,1.0,0.9874975085258484
YKL208W,YGR192C,0,-3.5857947,0.09212946146726608,1.0,0.9875975251197815
YMR056C,YNL159C,0,-3.587283,0.09212099015712738,1.0,0.9876975417137146
YPR004C,YGR148C,0,-3.5912092,0.09211251884698868,1.0,0.9877975583076477
YDL067C,YDR306C,0,-3.591929,0.09210405498743057,1.0,0.9878975749015808
YDR347W,YMR017W,0,-3.5920477,0.09209559112787247,1.0,0.9879975914955139
YJR113C,YLL040C,0,-3.5927,0.09208712726831436,1.0,0.988097608089447
YDL044C,YLL034C,0,-3.5962446,0.09207866340875626,1.0,0.9881976246833801
YPL104W,YNL122C,0,-3.5974212,0.09207019954919815,1.0,0.9882976412773132
YPL127C,YIL155C,0,-3.598546,0.09206174314022064,1.0,0.9883976578712463
YDR405W,YGL060W,0,-3.6110036,0.09205328673124313,1.0,0.9884976744651794
YBR104W,YMR229C,0,-3.6229398,0.09204483032226562,1.0,0.9885976910591125
YMR307W,YIL083C,0,-3.6319554,0.09203637391328812,1.0,0.9886977672576904
YMR301C,YKL001C,0,-3.637954,0.09202791750431061,1.0,0.9887977838516235
YOR234C,YER131W,0,-3.644819,0.0920194685459137,1.0,0.9888978004455566
YKL021C,YEL060C,0,-3.646056,0.09201101958751678,1.0,0.9889978170394897
YIL136W,YHR089C,0,-3.6467917,0.09200257062911987,1.0,0.9890978336334229
YOL043C,YIR013C,0,-3.6581113,0.09199412167072296,1.0,0.989197850227356
YDR219C,YOL123W,0,-3.6664026,0.09198568016290665,1.0,0.9892978668212891
YPL183W-A,YJR155W,0,-3.6684067,0.09197723865509033,1.0,0.9893978834152222
YBR185C,YMR247C,0,-3.6731122,0.09196878969669342,1.0,0.9894979000091553
YJR016C,YHR141C,0,-3.6845317,0.0919603556394577,1.0,0.9895979166030884
YNL185C,YDL110C,0,-3.6912973,0.09195191413164139,1.0,0.9896979331970215
YEL050C,YDR060W,0,-3.6996286,0.09194347262382507,1.0,0.9897979497909546
YBL045C,YDL115C,0,-3.7093904,0.09193503856658936,1.0,0.9898979663848877
YKL157W,YML005W,0,-3.7240484,0.09192660450935364,1.0,0.9899979829788208
YMR300C,YLR129W,0,-3.7257984,0.09191817045211792,1.0,0.9900979995727539
YLR270W,YIL160C,0,-3.727979,0.0919097438454628,1.0,0.990198016166687
YML025C,YJL005W,0,-3.7321851,0.09190130978822708,1.0,0.9902980327606201
YOR133W,YOR095C,0,-3.739401,0.09189288318157196,1.0,0.990398108959198
YNL284C,YML022W,0,-3.7510326,0.09188445657491684,1.0,0.9904981255531311
YBR221C,YML130C,0,-3.7566698,0.09187602996826172,1.0,0.9905981421470642
YDL181W,YCR011C,0,-3.767517,0.0918676108121872,1.0,0.9906981587409973
YBR238C,YPL046C,0,-3.7714217,0.09185918420553207,1.0,0.9907981753349304
YGR171C,YCR010C,0,-3.772549,0.09185076504945755,1.0,0.9908981919288635
YDR298C,YMR017W,0,-3.774195,0.09184234589338303,1.0,0.9909982085227966
YJR101W,YMR182C,0,-3.7786195,0.0918339267373085,1.0,0.9910982251167297
YBR238C,YHR107C,0,-3.7829015,0.09182551503181458,1.0,0.9911982417106628
YHR059W,YOR005C,0,-3.8100355,0.09181709587574005,1.0,0.991298258304596
YJL071W,YLR064W,0,-3.8122218,0.09180868417024612,1.0,0.991398274898529
YGR222W,YFR032C-A,0,-3.8151128,0.0918002724647522,1.0,0.9914982914924622
YMR097C,YJL153C,0,-3.8192685,0.09179186820983887,1.0,0.9915983080863953
YPL005W,YJL095W,0,-3.8280795,0.09178345650434494,1.0,0.9916983246803284
YLL001W,YKR046C,0,-3.8310182,0.09177505224943161,1.0,0.9917983412742615
YMR115W,YKL168C,0,-3.838698,0.09176664799451828,1.0,0.9918983578681946
YER170W,YDR270W,0,-3.8535526,0.09175824373960495,1.0,0.9919983744621277
YGR033C,YKL056C,0,-3.854324,0.09174983948469162,1.0,0.9920983910560608
YGL234W,YGL068W,0,-3.8618925,0.09174144268035889,1.0,0.9921984672546387
YGR076C,YLR359W,0,-3.866523,0.09173303842544556,1.0,0.9922984838485718
YBL045C,YHL040C,0,-3.8733966,0.09172464162111282,1.0,0.9923985004425049
YMR083W,YFL041W,0,-3.8930142,0.09171624481678009,1.0,0.992498517036438
YPL271W,YNR045W,0,-3.894938,0.09170785546302795,1.0,0.9925985336303711
YHR008C,YER131W,0,-3.911493,0.09169945865869522,1.0,0.9926985502243042
YER153C,YER042W,0,-3.918926,0.09169106930494308,1.0,0.9927985668182373
YPR024W,YKR035W-A,0,-3.9207485,0.09168267995119095,1.0,0.9928985834121704
YMR188C,YBL078C,0,-3.9238236,0.09167429059743881,1.0,0.9929986000061035
YLR439W,YJL101C,0,-3.9319746,0.09166590124368668,1.0,0.9930986166000366
YBR104W,YDL045W-A,0,-3.9354436,0.09165751934051514,1.0,0.9931986331939697
YPR061C,YGL010W,0,-3.9413526,0.0916491374373436,1.0,0.9932986497879028
YER086W,YNL101W,0,-3.9466093,0.09164075553417206,1.0,0.9933986663818359
YJR077C,YJL192C,0,-3.9496176,0.09163237363100052,1.0,0.993498682975769
YAL044C,YOR312C,0,-3.955616,0.09162399172782898,1.0,0.9935986995697021
YHR059W,YLR014C,0,-3.960036,0.09161561727523804,1.0,0.9936987161636353
YOR147W,YPR191W,0,-3.9930136,0.0916072428226471,1.0,0.9937987327575684
YDL104C,YAL047C,0,-4.00029,0.09159886837005615,1.0,0.9938988089561462
YPL249C-A,YJR070C,0,-4.016455,0.09159049391746521,1.0,0.9939988255500793
YJR007W,YPL271W,0,-4.0168643,0.09158211946487427,1.0,0.9940988421440125
YPL183W-A,YKL171W,0,-4.023343,0.09157375246286392,1.0,0.9941988587379456
YBR026C,YCL030C,0,-4.081555,0.09156538546085358,1.0,0.9942988753318787
YML009C,YOR168W,0,-4.0941563,0.09155701845884323,1.0,0.9943988919258118
YDL181W,YLR191W,0,-4.09948,0.09154865145683289,1.0,0.9944989085197449
YGR028W,YDR116C,0,-4.1063414,0.09154029190540314,1.0,0.994598925113678
YJL102W,YLR219W,0,-4.120128,0.09153192490339279,1.0,0.9946989417076111
YHR067W,YJL014W,0,-4.122253,0.09152356535196304,1.0,0.9947989583015442
YJL063C,YJL066C,0,-4.136062,0.0915152058005333,1.0,0.9948989748954773
YBL039C,YMR246W,0,-4.141325,0.09150684624910355,1.0,0.9949989914894104
YKR080W,YGR159C,0,-4.1435337,0.0914984941482544,1.0,0.9950990080833435
YPR002W,YBL102W,0,-4.144031,0.09149014204740524,1.0,0.9951990246772766
YML056C,YPR191W,0,-4.1442347,0.0914817824959755,1.0,0.9952990412712097
YMR256C,YFR001W,0,-4.1507936,0.09147343784570694,1.0,0.9953990578651428
YHR052W,YDR322W,0,-4.1695747,0.09146508574485779,1.0,0.9954990744590759
YNR041C,YPL053C,0,-4.1773853,0.09145673364400864,1.0,0.995599091053009
YNL061W,YGR076C,0,-4.180452,0.09144838899374008,1.0,0.9956991672515869
YBL045C,YML129C,0,-4.2114434,0.09144004434347153,1.0,0.99579918384552
YCR046C,YOL082W,0,-4.2141304,0.09143169969320297,1.0,0.9958992004394531
YMR307W,YHR041C,0,-4.2316146,0.09142335504293442,1.0,0.9959992170333862
YPR001W,YCR004C,0,-4.2316227,0.09141501784324646,1.0,0.9960992336273193
YER073W,YGR280C,0,-4.2337756,0.0914066806435585,1.0,0.9961992502212524
YMR060C,YLL041C,0,-4.2499814,0.09139834344387054,1.0,0.9962992668151855
YDR219C,YER006W,0,-4.2559233,0.09139000624418259,1.0,0.9963992834091187
YGR171C,YML080W,0,-4.2600894,0.09138166904449463,1.0,0.9964993000030518
YBR084W,YJL138C,0,-4.2720957,0.09137333929538727,1.0,0.9965993165969849
YKR006C,YHR143W-A,0,-4.274546,0.09136500209569931,1.0,0.996699333190918
YBL090W,YPR043W,0,-4.2751164,0.09135667234659195,1.0,0.9967993497848511
YBR291C,YDR478W,0,-4.2873325,0.09134834259748459,1.0,0.9968993663787842
YBR104W,YJL033W,0,-4.289829,0.09134002029895782,1.0,0.9969993829727173
YBR104W,YOR070C,0,-4.315401,0.09133169054985046,1.0,0.9970993995666504
YCR003W,YCR020C,0,-4.394493,0.0913233682513237,1.0,0.9971994161605835
YBR001C,YNL301C,0,-4.4071655,0.09131504595279694,1.0,0.9972994327545166
YBR104W,YBR244W,0,-4.469956,0.09130672365427017,1.0,0.9973995089530945
YPR002W,YHR117W,0,-4.5110626,0.091298408806324,1.0,0.9974995255470276
YGR171C,YDR258C,0,-4.5131626,0.09129008650779724,1.0,0.9975995421409607
YML129C,YLR003C,0,-4.5182533,0.09128177165985107,1.0,0.9976995587348938
YML009C,YLL041C,0,-4.544108,0.09127345681190491,1.0,0.9977995753288269
YIL113W,YNL207W,0,-4.631493,0.09126514196395874,1.0,0.99789959192276
YLR356W,YMR251W-A,0,-4.651926,0.09125682711601257,1.0,0.9979996085166931
YER061C,YOR294W,0,-4.679564,0.091248519718647,1.0,0.9980996251106262
YDL181W,YJL042W,0,-4.73432,0.09124021232128143,1.0,0.9981996417045593
YIL155C,YGR162W,0,-4.764292,0.09123190492391586,1.0,0.9982996582984924
YGR076C,YPR191W,0,-4.7992377,0.09122359752655029,1.0,0.9983996748924255
YNL306W,YLR029C,0,-4.8286996,0.09121529012918472,1.0,0.9984996914863586
YLR132C,YLR405W,0,-4.831304,0.09120699018239975,1.0,0.9985997080802917
YBR238C,YNL191W,0,-4.8524327,0.09119869023561478,1.0,0.9986997246742249
YGR028W,YCR004C,0,-4.854894,0.0911903902888298,1.0,0.998799741268158
YML009C,YPL255W,0,-4.8580127,0.09118209034204483,1.0,0.9988997578620911
YGR183C,YBR039W,0,-4.9090447,0.09117379784584045,1.0,0.9989997744560242
YKL085W,YGR231C,0,-5.079174,0.09116549789905548,1.0,0.9990997910499573
YOR354C,YHR064C,0,-5.1101794,0.0911572054028511,1.0,0.9991998672485352
YLR186W,YMR093W,0,-5.1327977,0.09114891290664673,1.0,0.9992998838424683
YNL315C,YIL133C,0,-5.26259,0.09114062041044235,1.0,0.9993999004364014
YOR354C,YPR132W,0,-5.3753333,0.09113233536481857,1.0,0.9994999170303345
YBR104W,YHR004C,0,-5.426445,0.0911240428686142,1.0,0.9995999336242676
YLR312W-A,YLR002C,0,-5.641519,0.09111575782299042,1.0,0.9996999502182007
YML009C,YOL120C,0,-5.6640215,0.09110747277736664,1.0,0.9997999668121338
YLR312W-A,YLR449W,0,-5.6654477,0.09109918773174286,1.0,0.9998999834060669
YOR374W,YHR216W,0,-6.46252,0.09109091013669968,1.0,1.0
