YORF	NAME	GWEIGHT	Primig00_SK1a alpha t 0	Primig00_SK1a alpha 1h	Primig00_SK1a alpha 2h	Primig00_SK1a alpha 3h	Primig00_SK1a alpha 4h	Primig00_SK1a alpha 6h	Primig00_SK1a alpha 8h	Primig00_SK1a alpha 10h	Primig00_SK1alpha alpha t 0	Primig00_SK1alpha alpha 2h	Primig00_SK1alpha alpha 4h	Primig00_SK1alpha alpha 6h	Primig00_SK1alpha alpha 8h	Primig00_W303a alpha t 0	Primig00_W303a alpha 2h	Primig00_W303a alpha 4h	Primig00_W303a alpha 6h	Primig00_W303a alpha 8h	Primig00_W303a alpha 10h	Primig00_W303a alpha 12h	Primig00_W303a a t 0	Primig00_W303a a 2h	Primig00_W303a a 4h	Primig00_ 6h
EWEIGHT			-1.5434357525379785	0.21483675671507527	0.11531275936207419	-2.4717717090243636	-0.21943715376815323	-0.371806987609884	0.9930525077885007	-0.8282985732823533	-0.5444207825089044	-0.14975759423167917	-0.8062573580211627	2.166743508186338	-1.4736493616943642	-1.4355196196664284	0.8448313435452165	-1.5777976531049718	0.2760726807665823	-0.9878655790920422	0.6609957087204187	0.5124485764225438	-0.2610682449390141	-0.20509295011968678	1.52124145275111	1.5862155928134134
YDL025C	YDL025C	1.0	-2.246984236609821	-2.4083644432056923	-0.6912240395170602	-2.1904549589582922	-1.56539502451431	-1.3524549747502874	-0.06045245846764273	0.9670236863018294	1.2636983416520569	-0.9606786760156142	0.8973964459377389	0.7080520436891425	-1.0691817706253044	-2.737195051089247	-0.14262114870980586	-0.10824686234842845	-0.6590996942744057	-0.5887017245726331	0.646102364165233	-0.3923661743294281	-0.18376604540261857	-0.05614072693159294	-0.684071696271912	-1.3339759391016766
YPR128C	YPR128C	1.0	0.9057350186669374	-0.5297729840576044	0.029974830199569622	-1.5093296890045484	0.9408852666232221	-1.3765160173842852	-1.426346444095528	-1.0067263783666751	0.2269049783773602	-0.08729702068760743	0.40024003043234097	0.8998959459389506	-0.23612125852097934	1.0792783297728643	-0.31924104882394927	-0.7177405557854046	1.7811780919821734	-0.4767388847385573	0.9007587522816869	1.2678346084901964	0.5022481189603142	0.8879832794346667	0.7622983206175332	-1.783976198820169
YKL032C	YKL032C	1.0	-1.9241840042682372	1.250447781708651	1.1702993049894237	-0.8267907606718432	0.7006758793520088	-0.9789949728634645	0.563779060497729	0.6461316912251264	-1.2514157163178823	1.6438566637804117	1.943341473204764	0.3777281015871372	-0.45478217813882704	0.16901748204379277	0.3781722331471466	-1.4218527565293775	1.4706093546582002	0.10732729680102068	0.41412920474510856	1.1692778337758254	0.4104351148726078	-1.0964584334801084	0.7466374248849768	-1.2465831285251
YNL325C	YNL325C	1.0	-1.2993228597010595	-0.2779189664059141	1.126441588739961	0.9041707862063986	0.35138065932146345	1.040130372878905	1.1768427517423976	1.5769243889324196	1.5380610086016542	-1.4508454189558793	0.06424754687337683	2.173797990644109	0.979275620404152	1.3937828206871312	0.21878935899273957	1.3750590129276192	0.7964440568000917	1.0235760417614777	0.029107191666603843	-0.3023810596982805	-0.20518950646360634	0.4121123371310665	0.01990817230676578	-0.5746488260631157
YJR150C	YJR150C	1.0	-1.8656425083175807	0.6889742049151873	-1.1330404287124582	-0.29642514278703225	-0.13054968796125224	1.0528829421901298	-0.45714541664058744	0.5563823431542342	1.6517075262140717	0.1202929306689319	1.5458487086313815	-0.9684338037509571	-0.42106796274088726	-0.1475564467101066	-2.3581079127969957	-0.4156416857751563	0.3968135416610909	-0.14481370090078863	-0.6631356560410847	-0.3263618082604246	-1.8166405969434067	0.9409589851970298	-0.7181772364170712	0.6958906624566786
YPL201C	YPL201C	1.0	0.44519846724567125	2.306148731117425	1.345374577943668	-0.9666992774370787	-0.34762915596693694	0.29692232573746064	1.0776534909645188	-2.040889725890379	-0.34474467581090906	-0.627582475033234	-0.2564076991726391	-0.502821840810123	-1.4095199411134425	0.10271880347884761	0.13583884826623924	-0.6239222644502649	1.5027160686410497	1.445530654824641	1.0120786164154785	0.49165837580467575	1.9542589431903037	0.34813037338770836	-0.4284534599610302	1.1320446878568766
YPR097W	YPR097W	1.0	-2.0994519239683833	1.2820967766273825	1.3896316008131218	0.11361560678686199	-0.2969050135198017	-0.7491209574194296	0.16804948360848085	-1.7090955597260487	0.9102033038352958	-0.15075489646739434	-0.156898051953765	-1.5956883851496548	-0.23735521442494953	-0.841602298949653	1.0088168090617373	1.1201356243819918	1.2892183576733787	1.2404206647131777	-1.668502462238776	1.035468277440851	-0.8495245224539744	1.0484038939251883	0.953055221569271	0.4333765693250755
YER048C	YER048C	1.0	-1.6411826310846604	1.5524668632446197	0.25855227871957887	-0.6742633798752686	-1.2044693741925776	0.9200990337614082	0.16318524218013347	-0.5584326968372787	-2.6302568344255755	-0.5083908255958638	-0.6744936262454245	-0.1897097604778817	0.38880031197712445	0.028641835796574953	-0.25918201345598446	-0.6875787238592261	-0.09154158572437433	-0.7228672091405884	-0.07985533523045256	2.272402344529004	1.3545368371003044	0.6233785134073848	-0.5947984416045989	1.3819255354420266
YIL114C	YIL114C	1.0	0.3161587202299887	0.97915637170262	0.7224407146428303	-0.3090926172577473	-0.13724175494618068	-0.9626686138663079	-0.1893629936118041	-0.3492693074302643	-0.31922149112611536	1.019424235468477	-0.1928247748739186	-0.0700117192656595	0.585911809547011	-0.26253486851519897	-1.4639842056941266	0.9213248333935959	-1.0635830351921884	-0.03481404484209166	-0.09259428607959791	1.1302994412313594	1.444780165063471	-1.4828988758087813	1.2978323175163806	1.5963440479802664
YBL018C	YBL018C	1.0	-0.8968605990602218	0.3440865734595256	0.1838303467336598	-0.09051892421793992	1.2790706398487468	-1.2504220852494066	-0.9792911718767227	-0.6645986792924514	0.03684113285450534	0.2864003387300698	1.7017909383275576	0.20738565348929872	-1.1966065431336703	-1.5265607283886238	-0.5111732270853603	0.6726083625263857	-0.3629418328423541	-0.7850937522267323	-0.5910551022454176	1.4596800824235543	0.06163638025539897	-0.7725601367635903	0.5732963806416382	0.8588120328777028
YNL098C	YNL098C	1.0	1.8638275101926038	1.6307896716501487	0.2859358237300159	-1.240427424387973	-0.4556267273665756	-1.0675370414007068	0.037855881072346546	-0.9911721880097079	0.91638093726611	-0.7325345227585967	0.14920994873264018	-0.09914059350949996	-1.390955996606741	-1.8190126107619191	0.7033006498197036	0.9637418316266169	0.9263539944261248	0.987270414253516	-0.008208559714429287	-0.8453080609584649	-1.7484502875248968	0.4747731725880413	1.8793071178527407	-0.9946425598691091
YBR234C	YBR234C	1.0	0.1772700999393204	-0.07742613339076493	1.3875800450734743	0.010714744972562473	2.4688345326782057	-0.1769287458770475	-0.6277611703386459	0.5366385242747811	-0.24555037961478626	1.4863482491847517	-1.1527423020885157	-0.05252900282729084	0.6510574436610065	3.5171325261208826	0.852578527285797	0.833596686171315	1.469107979224728	-0.10081531728564913	-0.11639204966640443	1.9858341696193762	0.9576384847036138	2.274993060085554	-1.129264663945867	-0.8572952714307314
YJL166W	YJL166W	1.0	0.9948318211697589	-1.3843458288082549	-0.5816206371408723	-1.3011925537575697	0.546576590883092	0.9853574874494927	0.05237975216872554	-1.4052693585332607	0.5336038551959932	0.3158486716829292	-0.6574254503231631	-0.16676126945231412	-0.5933775408691182	-0.42683408273714163	0.5668962731936523	0.759193058556691	-0.6236794492435171	-1.6640382788019745	-0.6268023631239047	-1.0894089719308047	0.4079505342184244	-0.09327622511053242	0.7597852808131447	-0.9421033225344753
YDR006C	YDR006C	1.0	0.22899021479378223	0.19726582276904708	-2.2815409424199915	-1.1508569021541715	0.36515692508114267	-1.1218241397878301	-0.7121729205640637	-0.2726316620229812	-1.3419412590005657	-1.016097228293476	-2.3860785007969354	0.4744690348503777	0.1555384463232028	-1.3966289688555513	-1.1908940658841531	0.9938973441924012	-0.15379210688902517	-0.4484544957741609	-1.6481381456481057	-0.3456431928828539	-0.36853427176912695	-1.0544926257105738	-0.5475339052189526	0.9135790548422368
YCR014C	YCR014C	1.0	-1.2753289657237274	0.18037287346070713	0.6618897606799533	1.024771107159218	0.48102351513718256	-1.272286528544777	1.6872346428392968	-0.23729617901932662	1.1123318499437311	2.2335703650084957	-1.3314012620865094	-1.2521239576603533	-2.622902114530556	-1.190710893101003	-0.9256210686933003	1.3411203151936684	0.04865464283169345	1.9461377872572365	0.5571875714417772	-0.6246000483205175	-0.48620345088415273	0.9510947632621262	0.4370125333075336	-0.7388545859657276
YOR291W	YOR291W	1.0	0.5945175781542466	1.3357487753249346	1.9770707706110988	-0.12144463935144872	0.491771500927136	0.07703841055247593	-0.36221438323993915	-1.0157346090276425	-0.5022927983949186	-0.9159218158628271	1.3684354660457245	-0.30058658614872785	-1.242663671848032	0.7102853459090045	-0.9971246002926635	-0.8597802819396398	1.2215906243885546	0.7653673551951903	-0.003514378788996575	-1.4121387947130584	0.03420936603969966	-0.22158573373553841	-1.610426137517489	1.2979087839960688
YNL252C	YNL252C	1.0	0.6136874024664537	-0.0845396605795077	-1.4680822653769146	0.76173511807381	0.8537387405765379	-1.475827720107961	1.2214907420020482	-0.9374969677602583	0.15461326495884609	0.24256877145850345	1.2055149275521173	0.5132413269153013	-0.6499644916424748	-1.0623753192712277	1.4131817030249125	-0.547446497792546	0.4584274302560809	-0.4871288187968465	-1.2919629437227254	-1.3587339813022152	1.2450929554234276	0.4475241025609399	0.4050747679898684	0.17380488068924857
YGL215W	YGL215W	1.0	1.370296378705222	0.5340980310016185	0.012829885899428156	-0.8547845590450313	-0.12774443869949953	0.38226024900685107	0.1631929815161486	-0.6015866372541258	1.021462145966615	-2.1888614640927617	0.6568936263396717	1.1110386557074423	0.3960730070167606	-0.7374693154670683	-0.2671766670847695	-0.23967599238942067	0.10336069446991726	-0.9622763460561269	0.24230606030979635	0.519041210184782	1.098598224695105	1.7196805427746131	-1.9066516460978253	0.47591516531762285
YER185W	YER185W	1.0	-0.27291339093910566	-1.9040926705210803	-1.68890392277059	-1.1227646609156485	1.0066998722128198	0.607618917087478	0.14775735479971228	-0.0027280911377762914	0.07770728597876317	-0.33323709520945166	-0.8824163574922882	1.4301148847898677	0.8971948132026268	-0.5353593145484293	0.22100360668738497	-0.8526817381729573	-1.3261202833102652	0.2518514150027918	0.662958288600983	-1.5695767511469298	1.6076362312154373	-1.4613280604878007	1.3102330541494496	0.7592006418543625
YDL209C	YDL209C	1.0	-0.9065072946375968	1.6219303874929094	-0.608761564334633	0.653020287585644	1.1368008129189613	-0.20056941110084614	0.1305312758943819	0.2181514457402935	0.41226144026116	0.4886522239353098	-2.081492154447984	-1.9351835643525042	0.9155365153245429	-0.1954894389903069	-0.42100569078217215	0.16773230223814273	-0.27266453395797824	-0.7168728146301675	-1.3630797911998451	-1.178604189020748	1.3511182618009356	0.18810692333147	0.011115544094349611	0.7669641996082687
YBR113W	YBR113W	1.0	-0.3351796451882781	-1.3351386984880027	1.7667568596195742	-1.6146994871379234	-0.5185548285359404	-0.0851706868615982	0.6652385534541629	0.21587185435522027	-0.3042732794868822	-0.22567905092156468	0.7367153715105905	-1.9935193875646546	-0.003687643764251505	-0.3540261771351557	-0.5510778232214948	1.1412954692865096	1.5066136118516988	1.2306139904216389	1.2376086393050878	-0.4891859439911271	0.26165730473635496	-0.5910148551990778	0.8319740239039894	0.5372782760231403
YGL052W	YGL052W	1.0	0.663042606933454	-0.26512374613383216	-0.4665336220003353	-1.0638470522608416	-0.40168908664659975	-0.20738105012432106	1.7504897150323573	0.14563654095954578	0.9735306069291001	-0.22080856479754224	-0.14693896136232257	-1.4591547918285364	-2.088834516749222	-0.998334833508515	0.6357987362284386	1.226411525229108	-0.3282605053121322	0.5972492124307044	0.49297756819362504	-0.3626084020875604	0.30516336759435025	-1.635685872562339	0.7694164175656859	1.1338718237332572
YMR027W	YMR027W	1.0	1.450851890635649	1.4418442176123412	-1.406104203222215	0.018785610708983307	0.5448992978151449	-0.6742191403332246	0.5372862696595395	-0.7929896149044857	3.2803048427122907	-0.10255979005842863	-2.351608375576644	0.8710274900407879	-0.6520730784595391	0.689201665136937	0.4352692501570253	-1.8236272050728135	-2.201485363586808	1.0780547824483018	1.3236405446874036	0.4937358973516017	0.2789149122660812	-0.7844882881956424	0.3350803141737193	-0.06670173214740745
YDR398W	YDR398W	1.0	1.6863207042943953	1.1704255269909263	-1.86404234734338	0.5928047988885223	-0.918498007176323	-0.13960990763698736	-0.5997654842300628	-0.6141707138227841	-0.4228576918765777	0.6673184101490751	-0.8993846706653814	-1.7169132643957807	0.7011677671655896	-1.0492764327269295	0.449700307305319	1.6679111416563082	-0.7097204388718358	0.02056706413938697	0.13830345510686365	0.45412785727007077	0.9860317950889046	-1.4688021503186401	-1.584095866501901	1.1307971627777933
YLR105C	YLR105C	1.0	-0.695728564936954	0.025311632048897564	0.41119818669118813	1.286133896528989	2.06216786447758	-0.9349835341477164	2.349256562982108	1.3125416777412209	-1.1168607885056405	-0.6140177688655292	0.06087667559040991	0.6591630480655857	-0.2846654668360711	0.7988352396264603	-1.3083969087803626	-1.1485634771746347	-2.016353516443412	-0.28519268960764327	0.6815876256303771	-0.5599529139435575	-0.1763094531087551	0.7230230462783562	1.3633542944647703	-0.5026246361027765
YJL210W	YJL210W	1.0	-0.5601803057508756	-0.29479873772640314	0.6194186904366068	0.009438120240159885	2.198590282638993	0.19339733866577277	-0.2078038996416592	1.7915092582448566	0.2916830146294028	0.8538161013062179	-1.833485549606454	1.7861921402653855	-0.10227214457854138	0.8138504111399746	-0.24768437743606841	-0.5160444595873477	-0.13373070543804902	-0.00609807078497102	-0.18382974355246476	1.064674729307747	-1.3067048355176465	-0.9843926938583232	0.9288675104700086	-0.15867168334604184
YBR111C	YBR111C	1.0	-0.16327510829272537	-0.35366129613873376	-0.32498303208936635	-0.6019639799714783	0.15952591585972578	-0.3176035661932032	1.2993131027593747	-0.5645959824273427	0.6022621039019433	1.5955757606916292	-0.2684381714638967	0.9939079070437573	-0.5018790215592586	-0.48644528384790675	-0.3802753973685407	1.1799963988251096	1.0232485315668847	-0.6122724009980598	-0.1865381286958316	0.755682186824723	1.178544947419115	0.29711434314492646	-0.6510253507249311	-0.21368726664313367
YDR243C	YDR243C	1.0	1.2157824957764274	0.2701336479821469	0.5988550987183966	-0.5254457585580246	-0.6331709950546731	-0.01498095770574034	0.7067400357100229	1.1565203277920844	0.041059965515457146	0.04773372651750454	0.7620831297540882	0.8891304325399302	-1.4006061414616846	0.01442929846830141	0.7284127087220794	-0.4950391757923181	2.2959789353516835	-0.1250690958564638	-0.4567826417563349	-0.7497573369695475	-0.5502566416592826	-2.8931049367075734	-0.25916649668706015	0.08898768727722568
YMR046C	YMR046C	1.0	0.6487679839557519	-0.9398772946573798	-0.4541892782656924	-0.6281272031364104	-0.37422360409616456	1.3795536438016565	0.20931301507575256	0.09273158812273016	0.4904766337364117	-0.2515393029714532	0.32098478514650775	-1.358438370789899	-1.415122736643844	-1.0180277325868732	-0.7666305882539618	-0.06333908006340715	-0.16532233150451314	0.04882075695026188	-1.4551274580959022	-0.643878768807999	0.11980865034400759	1.4958925096754754	-0.5583168200057841	-1.1457300906207115
YDR356W	YDR356W	1.0	-1.2142025359185813	1.80431059818818	-0.04804839506391039	-0.6070359997084722	-0.3580260162196783	0.10542520261606242	-0.2649772953953218	0.2875650093896615	0.11548454655666718	0.20536734804021164	0.09902635500516031	0.1057164120460496	-0.7484612673501819	1.220621625468265	-0.7475396050364159	0.26720435372698126	-0.4408251982681351	0.5612772346206734	-0.8510804092385412	-0.259854012690039	1.4022185081957232	1.3686287826913508	-0.7088529151035409	0.8561868482549146
YML103C	YML103C	1.0	0.8367353017305881	0.829939558751844	-0.1253401276559154	-0.9616187084043014	-1.190775603863242	1.02490931753755	0.683028837919359	-0.8488905483185548	0.5034135884983427	-0.1715244318129172	-1.1287592527997843	0.4805214924021221	0.1967070012160522	0.1627196195990595	0.7734045738591053	-1.7191809526453816	-0.38130110380935456	1.934435800142752	-0.18460200301631383	0.26819181640662915	-0.8577224942533308	1.232110925901791	-0.1816043057981986	1.253119775445863
YKL128C	YKL128C	1.0	0.4329917616205743	0.42574427315611346	-0.8534885104875806	-0.9920283413749333	-0.8050390488922942	-0.02071093641172686	1.9908500802264988	-1.2916994584457926	-0.09918251222880128	0.20367227866434168	-1.0060899327876263	-1.3542308637914773	-1.9613101727459936	-1.2990709849297672	-0.13573942636649325	0.6025996352440249	-0.5038101824623739	-0.11579236674553359	-0.3879891122052496	0.18795009473751273	0.6456184374586249	1.557523733540644	-1.0456032311249503	0.03767364095172863
YJR030C	YJR030C	1.0	-2.478608158037643	0.14349491069485745	-1.1115306849728297	0.6298921004020019	0.5650471914379357	0.5605660178790755	-1.8723661980679156	-0.6707076515853574	0.8115223771493896	1.0047806979092455	-0.8551411796963818	1.735214747287791	1.966683439259877	-1.1006170514199656	-0.3759930245731957	0.32150110411450766	0.4061877004320218	-1.175472079035085	-0.1618999121018073	-1.1597981788773737	1.0519968203669094	-1.218272380035812	0.5251040239594517	0.5905524976226562
YJL200C	YJL200C	1.0	-0.5890392585094228	0.05691609389245448	-1.022189268936913	-0.694641885296091	2.120464437082439	0.9673820768371111	-1.5090865079320959	-1.4097513092097955	0.996556376515056	-1.4379142398341962	-1.1066397522371363	0.4754045771287408	-0.6005800962268282	-0.6558793779395657	-0.014049373929923368	0.8147248975340292	0.05404934933565978	1.6215229255329326	0.19042303396404675	0.6590796755087259	0.45799160853491855	-1.5312789857515663	1.991556556831173	-1.7623436824228955
YCL031C	YCL031C	1.0	1.0283160677834644	-0.3579178151143312	0.8293749572791737	-0.5407910309886074	0.9074991692409333	1.7137558293891462	1.112244936757898	-0.1931135153952624	-0.6515882434849362	2.1091296740389547	-1.4779829946085656	-0.6868148861866882	0.10144218171003656	1.5043962959743675	0.8047880963341898	-0.5207319530511225	-1.7232139995966254	-0.41748658805729605	1.355448427570685	-0.6970122831009778	0.609319566581356	-0.9916604438732805	-1.399978684491619	-0.47929387996029565
YLR159W	YLR159W	1.0	-2.623978864027463	0.27244896197004803	1.086831570630829	0.41978747634088587	-1.0141628319354679	-0.03032237570698733	0.668681368201191	-0.2785367457976229	-0.3810982958401025	-0.12592744623822996	1.7605105584962	0.34693774431385943	1.875976288414872	1.0139202379210035	-2.231635367444662	2.7838039113766486	1.221668709560098	0.7850005472532885	-1.2808916005693858	-1.0142792218563588	-0.8278428521178597	-0.6974699575614646	0.21786425446573815	0.5426349105512516
YFL066C	YFL066C	1.0	1.8668372147022092	0.08229276477997491	-0.3737251669012163	0.4120003193104086	-0.5125610246961254	-0.490141567485848	1.6538090688996712	1.3652451883705632	0.15084242609727228	1.036027181948716	-0.9615601445286954	0.32382604238364604	0.8564361757547402	-0.0007710209980357676	0.4491672617618948	0.12179927566926291	-0.9371897459172254	-0.5188016527440124	0.04690360005649902	-0.6821836948325339	-0.6019318175989621	-0.3707760249719662	0.9569729679861346	0.06437561105512006
YBR023C	YBR023C	1.0	-0.9319013475773948	-0.08368856904543673	1.8265954734175973	0.37571270709598004	0.2809800331409439	0.4829022944893986	-1.2762789125774323	0.6053654130626771	1.7674602973195845	-0.7351636753446954	0.27591862046059784	0.06220406030922509	-0.007213654033708519	-2.2480053369061572	-1.5361161718441847	0.6054258964382104	0.9380251159030911	0.6008544069948436	0.5032906713410488	-1.378219313676206	-0.059503047849687164	-1.7643488733950639	0.5780265085649369	-0.6039371785101434
YGL011C	YGL011C	1.0	1.6374338883251776	-0.8975514597741772	-0.17240628797480065	2.190305301514492	0.5780186375570115	0.9657158948214853	-1.3952127032704957	0.4319516185267506	-1.1678213891693763	0.872856228900751	-0.29960660871834144	-1.5660841917248987	-0.5633258297828577	1.0029920851072696	0.7370943453639172	-1.1212218036149841	-0.15401582307549358	0.8578989905458406	-1.3421526756859752	1.6697764362957135	-0.6472245296640068	-0.32223458022558704	-1.1134391620340809	-0.05014402875772411
YNL327W	YNL327W	1.0	-0.2680782507426118	-0.6146500646587397	0.15186390047106568	1.6706136100433238	0.4317205117830946	-0.269764458346232	0.06456595765815225	0.43615408254331156	-1.6761675289206037	0.7895764164791863	0.5183550785894037	-1.5252285046019294	0.3165109518005607	1.0159908021031874	-0.23929560665699168	0.5824303731626379	0.14695162627896363	0.027558155243742298	0.9146322927322644	-1.1132869572487152	-0.3319346207604759	0.6167819241669535	-0.6481729019432976	1.1747065911945722
YKR021W	YKR021W	1.0	1.688522203169555	0.47278456381108136	0.2656642742202688	1.7728461696125715	0.24444683816773652	-2.821129991720142	-1.367923288103712	1.0398289431619285	0.5635690322836502	2.013899563260291	0.1345615801520723	-1.789015229798143	-0.39334337088481036	2.0266513628401257	0.4024940615863848	-0.47908368632820947	-0.6767554473116576	-1.16870319279313	-1.5721246333688952	-1.3585112948548665	-0.3701258984165409	-0.36957367108282885	1.902267230767899	0.4620238029350698
YLR003C	YLR003C	1.0	0.5869893308660274	-0.06935778483179897	0.9112890806735409	1.071668683390238	1.273627919937583	-0.753738288064934	0.32785228259696714	-1.3705447727625497	-2.0446057344821726	-0.911692432335504	-0.7219256212980021	0.3848049774719469	0.3347562657584062	-0.20928597178362143	0.7061201955146825	-0.18264445151046152	0.4412378850907587	1.399149542543193	-1.1334829012196384	-1.1617543264793133	-0.5219705903739069	-1.46391210817957	0.0280471673354342	0.21935767802710976
YEL049W	YEL049W	1.0	2.0329592808719306	-1.556205036522873	-0.005256826849185544	-0.7638932480802868	-1.5821925339936769	0.19924876730043498	2.0044505159135495	-0.767782319011938	-0.7244676237670173	-0.051579545964346156	0.0645997370896405	0.6166032105918097	1.2686536902657892	-0.5552539697404358	1.1206307750740432	-1.2535356411371685	2.089513332008096	0.6004917874732706	1.2752457080038555	0.8388046716928317	1.7018498915557358	-0.43871626814735476	-0.054826775947310565	0.7747830473113657
YGR235C	YGR235C	1.0	1.304124383216059	-1.3891283327933985	-1.1019780872459324	-0.5134914534769034	-2.19355056815777	0.6390741089395721	0.4381172254814131	1.0207400645056015	0.361754606488917	1.471297397811363	1.7690698037227528	-0.03364806549568767	1.6695120325972612	-1.5504745907342299	0.21137688392786472	-0.8577689098252063	1.842286009837408	-1.9409443328972333	1.5775258308390463	-0.4379842904606448	0.20553885434027552	-0.4710977532107966	1.7178860013078314	1.6010748485737367
YMR221C	YMR221C	1.0	2.150124215800879	-1.37695217307939	0.424400562467177	-0.9463529208570332	1.0193581994296372	0.831540476998157	0.50459551170543	1.640173511530688	-1.933820387704491	-1.0790774358648132	0.8247814770799007	-0.23299430090366635	-0.5517927229985314	-1.0991993557812902	0.15243600079345848	0.9856358451719194	-0.39432869726368475	0.7279525406285715	0.3087885748656413	1.8350951385874568	-0.08767515537385831	1.0189303096759355	0.554346110448312	0.17910878355927032
YER101C	YER101C	1.0	-0.9173735770819714	1.1705173828361992	-1.0749888877780722	1.5034621150205645	1.7515003102064606	-0.14025473374182412	0.03748140831021218	-0.3139346864950612	0.20953749702260496	3.434731419238671	-0.2691248803965867	1.6803333539009528	-1.153400777531033	0.3432346599937442	-0.5844340913287265	-1.1271012197779535	-0.608442997156247	-0.5145235635024958	1.1694172870009145	-0.6853724297405237	0.565214542485549	-0.9099636952002382	-0.3735364421005842	0.6840942946102335
YCL017C	YCL017C	1.0	-0.23207543147117507	0.5597550357053337	0.6650576652418417	-1.5330544376022983	-0.35259816701795454	1.1404994535865571	-0.08700156524625074	-1.0679424250661262	1.0537789484159508	0.3571556314055404	1.5250041098333535	-0.8004157830970811	0.16962695586587972	-0.24104399766006201	0.6627915203344892	1.2365756369792416	-1.3532920558338961	-1.1659534140875858	-1.0982606193348994	1.1214926160513021	-0.6238967512011162	-0.1434445660604567	-0.048908587739940584	1.1342780669525312
YGL017W	YGL017W	1.0	1.1304928717813554	0.128433001487248	-1.6195449553095378	1.124551765645008	0.12447394843334314	0.2803817883617581	-0.7414046236918094	-0.3560894020416998	1.9226965194328307	-1.5153213387030924	0.0715279940280078	0.2149212824737297	1.6181801385682466	-0.403679695503644	0.324655888207272	0.3735830872499732	-0.32532344490462156	-0.3744748508998088	0.571277749878342	1.7270856640127785	0.9493102567294882	-0.7717306642000914	1.4180679069841962	1.7296779024731586
YIL037C	YIL037C	1.0	-1.0813952404770741	-2.2458804300021367	-1.3005757505726083	-0.7719358580046826	-1.3823074369361792	-1.5641639597036845	0.9645911166461236	-0.7185457541495898	-0.9847935320312702	0.41672239172853226	1.281616864697403	-0.002097409142779639	0.3785114124183836	-1.08514659925805	-1.9245163582569287	0.07094390215618693	1.135190453111697	-0.47930906041948657	-0.35374731509917423	1.7895690559147335	0.26915496400682737	1.8070972119508744	-0.446087345431224	0.1714839762153371
YMR134W	YMR134W	1.0	0.3344428099317861	-0.5254686685767027	0.8766379021345165	0.5965352131272483	-0.30307050323691936	2.432428274796425	-0.7037473034206014	0.8499005166476901	0.40719355540253754	0.812427215143191	0.18656906271190088	2.7573346804788463	0.6652007238108129	-0.2752363671220604	0.8263184298705253	1.3999625012792871	1.125613605238285	1.316836626549575	0.5238278164132771	2.817446226744685	-0.30744428757398995	-0.15698478265912102	1.9601705104448581	-0.7403564006636891
YDR177W	YDR177W	1.0	-0.6938666577820124	-1.7289735750774022	-0.29990217054227236	-0.9884534412801663	0.2570876260078135	0.6022756537669794	-1.8927658714291693	-0.7213669532861975	-1.4639447316048073	0.8086014977217645	-0.060999527616433624	0.8947041660076159	-0.15900746294370477	-0.12681184774177537	1.383955076204962	-0.2665790464357394	0.8494593634868497	-0.15432002745637655	1.5585278318855513	-0.23075142777632612	-1.397709071334795	-1.1787277863081913	0.818409661972362	-2.0826676409507705
YER168C	YER168C	1.0	1.9132854506710548	-0.7683454057771385	-1.1070580155206984	-1.15390062229838	1.527152211522266	0.08494598999332512	0.9942508067100956	0.6058023332422378	-0.023110586831500014	-1.165164933379823	-1.1805383493884791	0.3135376994789875	0.38297556714644027	-0.23584391772328228	-0.2764492947495179	0.5092607041079137	0.35594737997921067	0.23094009968107893	-0.7715180815459243	-0.33578707364200094	0.1790213192528767	1.763501387302061	-0.5955483167421746	0.05291059973433025
YPR051W	YPR051W	1.0	-1.76050666007628	-0.015357727240485505	-0.939431922102472	-2.229412507706771	-1.2335562499953674	-0.28805945010624834	1.1790419716297966	0.7722190471404725	1.1975746241572645	3.0933386856490435	-0.39570028352205744	1.203697123569463	-0.8587773766528407	0.6469090560386966	1.6959301453191962	-1.5806533673780387	-1.079362128626755	-0.7862300305568283	0.4760228985776082	1.5698568898911889	0.7420244707016008	0.19031095939893963	1.2164967622876768	-0.5404581284883031
YLR220W	YLR220W	1.0	-0.05130224485185974	0.705640979820064	-0.9611967923775633	0.27662837816520014	-0.8601791998542488	-1.3499773218741955	-0.7508424173054469	0.37300343866850966	1.3300036518183644	-0.3274618514124316	0.1671356637672294	0.31334480058442177	-0.059938921547340575	0.08874162244851123	1.9192632936384262	-0.6354236290646001	-0.2741874083801099	1.4879727650305339	0.7908567764412612	-1.1808045984570834	0.288079272849945	0.9705427061757681	0.013914816015423529	0.6291063650078573
YDR516C	YDR516C	1.0	1.1689045392904371	-0.42278734819805724	0.8570993787538083	-3.8614104941840566	-0.3171658836936967	-0.5739071899465505	0.15928170035057593	-0.11696840545219324	-0.5684460429326287	0.1227294711397162	-2.529974805451504	-0.5137862724377227	-0.6748749308162073	-0.7303888332260026	1.2760978866429642	-0.3479513569146482	-1.3758584066937825	-0.037750232871316576	0.46172907865997126	1.2870535911034662	0.09208632260961157	-0.6176015830967388	-1.537942148444852	0.08168285193203949
YPR010C	YPR010C	1.0	-0.1467513116581863	-0.2232206104124788	0.803643437784351	-0.1329005420769632	-0.6545420615187987	-0.24295675962924593	-0.7243190651006152	0.48077883224713935	-0.2504367995197664	-1.611452513131894	-0.9188625839219342	-1.7994823016928978	0.9436463083649058	-1.0611858313680442	0.49109290948031353	1.3257129787616162	-0.1203767202587366	-0.9360051794266008	-0.12858389385038368	0.32318600436550704	0.13097445923893994	0.5494900443889736	0.605284604784609	-2.800788834677
YPR171W	YPR171W	1.0	1.137327679151908	-1.7910545687380215	-0.31551967102325035	-1.8690680107775846	-0.09795018330209462	0.3236075210660983	0.32787940314780517	0.8430527077388935	-0.7738203899128961	-0.811780444649595	0.7200510905042783	-0.20496278797228507	0.49834267026448426	-1.6088666378941308	-0.2572341634387813	0.18069547942526012	-0.750802256925274	-0.5126787759638783	-0.1649893192095961	1.4247944323250787	-0.8665540189755703	-0.9432504609178417	-0.7633187515582951	1.0940427653323737
YOR150W	YOR150W	1.0	-1.142941804459935	-1.4404518376344981	0.5860209235730808	-1.0721110693910019	1.3152622950331665	0.8408086099309446	-0.22432573619521007	0.6416692384775196	0.052139707888756034	0.15154689845250027	-0.0734000204265982	-0.41582490040661524	-0.8712753010867794	-1.0981399490916604	-0.4119948887546447	1.3940487695591621	-0.4381453908657123	-2.1293427359462895	-0.7054085556676176	-0.2898279675199124	0.06287399526980575	-0.17868587145337383	-0.21738101053883702	1.2272636547328977
YJL143W	YJL143W	1.0	1.6461190650691147	-1.5885095519556833	-0.016117861003802053	-0.8025555591054224	0.5636135180901188	-0.57002775654806	-1.7835320903056477	0.8249047843577941	-0.3349309600875792	0.6205668032831173	0.6294162203522314	0.6587096785166708	-0.35409928568896626	0.06285380127985045	0.49988015470522573	-0.79368500958516	-1.8300869057693714	0.7405035301041253	-0.6252080705973381	-0.476181078433067	-0.16062906067322522	0.19237426506200905	-0.018591537310369638	-0.3892318274315504
YBR164C	YBR164C	1.0	1.2227931436062525	0.6770871163568413	0.04042224933945054	0.1855583286226813	-0.36349546855258497	-0.6401139736227719	-0.2402052479982973	0.3649862588313078	-1.2677920975521753	-0.9876276848488394	0.014448985619299373	0.9993084465072644	-1.7796621950594944	-1.0187365682865133	1.270927162975736	0.3518098390280871	-0.6747469765270261	1.151239168017658	0.5268032791948777	0.29687051680617604	-0.18802261874601928	2.412860065262253	0.2945836997934074	-0.8028999006133097
YBR286W	YBR286W	1.0	0.3137593808597403	2.1927221591666863	0.0860172784946774	0.8902768691000955	1.1996189301816984	-0.13277891165521674	-0.2577131116270901	-0.5534825876776736	-0.014924570223419965	1.175454839184246	1.4017313180850424	0.03226832842761032	1.7138264267700545	0.9070021658982993	-0.33970410944772095	-0.26745091038461427	0.9074293043328094	-0.29638909699732296	0.4133799165194646	1.0212359912275508	-0.3808312823324924	0.45460603468343097	-0.40982422296978405	0.7659501643502981
YEL066W	YEL066W	1.0	1.5597357707431871	-0.43678453076087864	0.46542276514161857	0.9052961866431293	0.8084091587820798	1.28740518352864	1.2514480257867895	1.0767158296711017	-0.24939159316785034	-0.26686721209834013	1.1721067493091282	-1.6845466528983593	0.54580471714159	-0.23054900861039593	0.11731902058660736	0.729072605471813	-1.0172395962314646	-0.2665177862854135	-0.7574847361156628	-2.4835721255392884	-1.6735858525846101	1.3632446300252363	-1.4910513118161723	-0.34538975096456453
YPL213W	YPL213W	1.0	-1.1348836049298645	0.27901818398598754	0.09336167076684848	-1.0843022750331357	0.5330061729665213	0.5087790820985605	-0.05965207886422101	-0.08705828118987397	-0.6389889121608334	-0.07672933855012996	-0.8506601749620066	-0.8504655969301548	-0.25507982661728323	1.2930045185236074	1.0984450773516239	1.2681384242392701	0.3696727958784108	-0.34291007566422216	-0.32938237496815165	0.4818573784434668	-1.9552213557458082	-1.788703129385109	-0.31875167836760826	0.283578976830862
YCR087W	YCR087W	1.0	-0.24387053891724744	-0.08687673485904632	-0.703906360315501	1.2418513033139342	0.6617189209026648	-0.019226984573517195	-0.3397821424181482	-0.9441849929688991	0.4066302905062505	1.189699110154257	0.5473572474659232	0.5672810056246017	0.12981991691255468	0.6552494945675571	-2.0362816744033845	-0.1014671913431711	-0.6411151531625237	0.76175635005478	-0.058908778685246375	0.18726750632407813	0.888240508518884	0.32516397874348235	0.4705385629231743	0.15694125153916788
YDL136W	YDL136W	1.0	-1.3998486434253135	0.5540588464885327	-1.0352984533832192	-0.9222693554300248	0.3245220048135331	-1.976853899581865	-0.12808325576809468	1.1504197339080104	-0.03960108396264708	0.6453571091452126	-0.020457854957991687	0.33458786640016647	0.019153619518761534	0.19521873785295965	1.2639860020447569	0.9518685486308308	0.3594815287154373	-1.0699142744303276	-0.5049731684829365	1.9134539209560681	0.9307655787759805	-0.12519333479490227	0.9743785335690824	1.9676009323762762
YML074C	YML074C	1.0	1.2815284501375364	0.4399168310230884	0.025339908064590577	0.35418415923880975	-0.7483024208762823	-0.2037864717391831	-1.6105213404707415	1.024500845728021	-0.2969449008996881	0.9796620942537115	1.4509525933506553	-1.2874059224770504	-1.4829866411187484	0.21945815426596027	1.2048513486188137	0.016369740733842442	0.15395398841961352	-0.21886141776643978	-0.7403485293832592	2.3784751198956147	-0.7642707199330623	0.7033375408317222	0.0734987900754524	0.5647884485515426
YHR112C	YHR112C	1.0	-0.13313569612430254	-0.5746255780133843	0.2859208803735317	0.4078726990638275	-0.6915728370249313	1.7689470333794064	0.7581011272411671	-1.9753107290624803	-0.2828235109719154	-1.4631167892091455	-0.45803635161631695	0.7033353112938888	1.245282682127455	-1.7679286599759567	-1.3684303546401053	0.4401600840859425	0.3483728059106904	-0.3018208753122428	-0.7499038305978575	-0.7712539809985325	0.08569104221391881	-0.49573412690372276	1.0651334846661662	0.8918871653741464
YJL031C	YJL031C	1.0	-1.5516733449026163	-0.34973566327680156	-2.141249337763457	-0.06589051731925705	1.0595721960085653	2.2323793784989365	2.4594260960463026	-0.2422282850150012	0.398924422571349	-1.3036935665723355	-0.7993211323530867	0.5098711505589497	-0.40006158541426406	1.8429029192162816	-0.4342558929591928	0.6655812760240531	0.4597706891282706	-1.1683863701284751	-0.8079421860933268	-0.019343087989972092	2.159263905253256	0.4704537046865769	0.09677527980939496	-1.3169375514969757
YLR357W	YLR357W	1.0	0.326381899431853	2.00080587125864	-1.184074310678248	-0.8345621368598677	-0.5547510397140881	-0.5096154963221258	-0.5923732964444053	-0.3189821924725285	-0.13321869641985887	-1.1526847183309223	0.3225407561566406	1.1580130266627073	-2.4813799602126894	2.3701461294318884	-1.3260734848404792	1.4590775669779057	-0.4380310346859052	-1.1420559501509833	-0.31632161894775795	0.1355739764972691	-0.44056459545341137	2.8970781118354565	-0.7332706567268047	0.4082581139635884
YNL195C	YNL195C	1.0	-0.36749548125989706	0.25049164946528785	-1.0290940630382828	0.5905891977783818	0.943726678367354	-1.3066961569270883	-1.8465785188118318	1.2128201706397133	1.3214573030752725	0.5400634274797512	0.25740693344170545	0.7789701494189541	0.6245113531485926	0.4302653706343173	1.0179969319043027	0.3476643539626926	1.2669398919852892	-0.280793445791572	1.20145340216874	1.1202340612426864	1.5604599602506448	-1.0147632849621122	0.08041525848751806	-1.2407177466902557
YDR522C	YDR522C	1.0	0.7360926863892694	0.5496505244713051	0.21758190859674897	-0.373122617977756	2.2439518631609268	-0.6290890090470831	-1.1015053355751858	-0.32855113150614346	1.9879045230113523	1.5569665065656162	0.6353492040194362	-0.561119918918962	-0.2725099347921886	0.5036960760819668	0.14820805904208414	0.7042624915943505	-1.6262470096001869	0.6210549677837799	0.3137793880177736	1.6197593826374777	0.24868325074491177	0.24659340390932016	-0.8792013729709992	1.958066012327325
YKL010C	YKL010C	1.0	-1.905623077368658	1.470096185927966	-0.9722631720170392	-0.12624572510318477	0.44192359903400436	-0.8194118669876966	1.354019521279247	0.12902285170663574	0.027151008174107025	-0.5030676420217057	-1.1112443128119964	0.4509777745272847	-0.02650473546726896	1.3431216166035054	-0.3122304080008645	0.5221514608454633	0.43840033996664685	-0.3113782831844485	-0.3589884485774309	0.8565841172700389	-0.12576815117927606	-0.9734995718619223	-0.7444975216640456	-0.03835089753141422
YPR153W	YPR153W	1.0	-1.1676936188362015	1.0298828016126027	-0.9124038165441775	-0.6102132680956753	-0.9380298968869966	-0.41808824275158774	-1.0820937743295809	-0.7106873119422352	0.35048768337566816	-1.084570917935072	1.063860952960404	0.7676314793469694	0.27839096749816417	1.6166633559673609	0.12421022349595467	0.2881569042175943	0.20204197772410717	-0.1897191476942621	0.2841023354327479	-0.1743482275383648	0.9845839645788682	-1.3032249903253004	1.147710264994023	1.174026233119564
YGL179C	YGL179C	1.0	0.35261970353511074	-0.6728843765273211	-0.06872706658165888	1.3654585050543575	-0.891417651901667	-1.1436495545028527	0.028268254828921507	0.08739345976772227	-0.8003418088972295	0.8385716315754681	2.0675949731937706	-0.29822271738213235	-0.9802564857980391	1.8043356126209156	-2.2062404606756707	-1.1942719684236125	1.9314489190772104	0.4719152590970677	-2.3785711555199094	0.8973295623972188	0.981043781307054	-0.9861865248701651	-0.3957526512405136	0.09147099241514399
YGR293C	YGR293C	1.0	-0.046423998736242776	-0.162521816134409	0.9860939142671883	0.10687314907406104	0.8217429233570103	0.5835905169067731	0.20116406204359435	1.4751603369280517	-0.11045176568336855	-2.0227386858116994	0.8401244042505939	0.006130040300849752	0.8535254612607149	0.9234298013214977	-0.634070417443979	1.6882647205203742	1.2393568036808518	-0.8148618452798065	-0.8898122400675355	-0.42530805050848175	-1.6023935219466525	-2.543088856956692	-0.38142020357152645	-0.230129774520266
YER152C	YER152C	1.0	-0.13601492764249468	-1.4825505240494883	0.39406827388576965	-2.4904412003985676	-0.25938759347122525	0.9139385296996955	-0.21109367949211824	1.009494144025407	0.13019276503395993	0.10750035443890317	1.6350945747176653	1.1813185354179876	-0.168184773088382	0.3218634554080387	-0.4969071318670095	-0.16120612090750427	0.970986759355556	0.8907438244564753	0.5203910273334622	0.3006190118870307	0.6899572853571108	3.757159843088871	-0.2782951654158635	1.7364714828694485
YDL123W	YDL123W	1.0	1.8073424262993554	-0.25611140041934094	-0.5474318204183477	-0.29536312340247295	-0.6029413480942085	0.9509741928082837	-0.2258181104032181	-0.7065475572045476	0.5914379451418537	-1.8538351175255132	0.9296143317596106	0.535111801963883	1.026754725837425	-0.6027886731629891	0.5753769618002514	-0.37377127373092445	-1.5905765324781687	1.0448547616603858	0.45084328840248783	-2.058374683963098	1.900324155143984	0.45454930242823516	0.8430921141301557	1.3305130999110415
YGR086C	YGR086C	1.0	1.2341794595178435	-0.2928882926807967	0.30699125187987386	1.2770402494332938	0.657427678512168	0.49373824839779035	1.5383319800164128	-2.094383908856011	-0.6681350721569514	1.1239302728804699	0.6902325529421964	-1.1959047180397278	1.197301179164835	1.7353651238291115	0.3568163751251298	-1.0215209829570313	0.03207944891671294	0.3822861933118387	0.7660370058323063	1.5858475996091042	0.958045518963199	0.013528371594231689	-0.2484809020682822	-0.4426096598086172
YOL123W	YOL123W	1.0	1.2734122858013972	0.07916103804772735	-0.4671434482300639	0.4104913654500562	-0.4239605176822039	-0.7263598912971649	-0.3039071687339613	0.06817930766491742	-1.3149534593127505	-0.6429474971645748	0.9100785598952431	0.23314576445522908	-1.2275483394230113	1.0231867655240905	-0.45597312309009463	-1.0066818640881192	0.27917549809585246	1.1528227680800731	0.283567771934646	0.11516194619831517	-0.5975989237593806	0.799409566655916	-0.31024125429568883	-0.24677199284027454
YML017W	YML017W	1.0	0.5968798148817006	-0.3723940014362421	1.3207867687525283	0.6007493031570422	-0.21068564116977465	0.5294690797386172	-0.3182575058461266	-0.05466973268391998	-0.15027263595071716	0.2669732316780186	0.9809519225875489	-0.07655348142779146	-2.1570223579245797	-0.5245585514594245	0.10541139480780955	1.3149276681977642	-0.7408822423083836	1.0617868034533573	-0.057517755544827694	-0.44681530152324345	1.2479522240330787	0.15468766193143627	-0.6244832578118054	0.6649598799819804
YLR068W	YLR068W	1.0	-0.9196884675539906	-0.35616397408671496	-0.3742997696322246	-0.747187427569524	-0.05565923042101977	0.42591194363503165	-0.02789805781586761	0.5159518263868828	0.3947831591551033	-0.5680253062222216	0.24375557110076604	-0.13469326839129067	0.38365627076776204	-1.933422904700025	0.05288733874946895	-0.01768163117095893	-0.09006273557230461	-1.4782200525294884	-2.2523843320948473	0.015682203982010253	-1.2012266410060122	0.2107690943993598	0.35436061754623	0.6507487472092603
YML112W	YML112W	1.0	1.2090977450800142	0.3410070713716205	1.9035906123874744	0.04152068613256315	-0.7139375882904955	-0.5412109817557527	0.25443567687269664	-0.7220586390114696	0.15876585848418936	-0.43760336818655193	-2.866005748572431	0.3116531683176327	0.47061414753028136	-0.3959965163086924	-0.30430044891636043	-0.26605262038612704	0.22539285507227844	-0.255462245306859	-1.7859754188547052	0.1586910161524481	1.8803143898973491	0.030482305295709423	1.6218456874884448	2.0907903790150786
YER055C	YER055C	1.0	0.24580481384730332	0.8873302431883953	1.5071544980355347	1.5958169109397655	0.2648253302144728	-0.5850270732414952	-0.8744521083966813	-1.9198723682941836	0.034812204716718254	-1.084015417648908	0.4292196642510477	-1.0144508294003436	0.3797764801236139	1.3668003758132874	-0.045234284934877	1.6142366822242225	-0.3009229020425984	-0.15115853642467736	-0.3988933296856665	-0.11846579086091008	0.4364301076040796	0.7942604253882813	0.2807031430456217	-0.6334002575094498
YHR113W	YHR113W	1.0	-0.8430403943522268	1.108860475150863	-0.3423447924656787	0.04179352771143687	-1.3470883895175203	-0.13511135899809243	3.0978768288232046	1.2040663828710811	-0.7628557533415474	-0.17046005709037404	-0.867072969152673	-0.3098275763203944	-0.0343279018909108	0.6281379306079747	0.9540976009343811	-0.5128520540883984	-0.26111090967429584	-0.2898338604469168	0.9937862475610361	0.1876241849361631	-1.364643125066713	-0.829694688471821	-0.2616337347579438	-0.5947111810382928
YMR030W	YMR030W	1.0	1.2494472969698636	0.10875773604273986	-0.16687227304414592	-0.6099595348820661	0.4498757439746423	-0.7873719573262616	-0.07478215577279058	0.0029589701989827066	-0.8129306856422399	0.2450534673261338	1.3320846036266625	-0.8606813905810505	0.7497148775986703	0.5832797833545521	0.6438448686787883	0.016548887854821667	0.5166321836080404	-0.08470751727689252	1.9982431031248782	-1.7935807282192777	-0.010890163192064541	0.27870573632802875	-0.8758033835448097	-0.3379736626205801
YLR204W	YLR204W	1.0	0.014908600079897652	2.0858554405315073	1.0568269806769128	-0.48264064911174664	-0.4435967987455199	0.7350586224580438	-0.0722622715871952	1.9986542407225294	-0.9320524854093926	0.17263711075287605	-1.6176529159922213	-0.5079407156691345	0.3595440443860895	0.8463391582137689	-2.167395035205122	0.4079874384460366	-1.4060967194375844	-0.06610177694058726	0.058096865321444154	0.5321810745325538	0.548999409620455	-1.0056936595315442	1.534290450687327	0.37102151222585444
YNL257C	YNL257C	1.0	0.32453911677294145	1.1978714812324862	-1.1474135747128102	0.3390632887660257	0.2899062948166051	-0.9302759339711674	0.5313668411364323	0.014543515317814532	-0.0873511296747149	0.6188189919586121	-1.1691182541511467	-0.8091146136900982	0.6462245121284789	-0.5363997300578385	-0.698649660738766	-0.9784659579320082	-1.7195828474071333	-2.3978599874448596	1.0030196642103335	0.9213154132099453	-0.7845918471577996	-0.6141623000565697	2.894609311339789	1.345186965901542
YMR093W	YMR093W	1.0	0.49698228588299403	-0.13641300348889535	-2.163937653205446	-0.24008495708088473	1.1614741529379788	-1.0094675492355645	-0.16343959466945918	-0.8948530740934532	-1.8353911541452461	0.7544456346297211	-0.9158126169050269	-0.7636591798977732	-0.08497807771109503	1.016479608667329	-1.4045682059730225	1.4052671856242311	1.0355299264751265	-0.36814328933048823	-0.4255581259142947	-1.6233865470766202	1.6565828006553305	-0.8377476376470088	0.5943025248969778	1.9044032241174709
YGL199C	YGL199C	1.0	-0.08308284545631286	0.12755831837680445	0.22660584858431798	1.0085327205320622	-0.5966000649199196	0.7701393999962352	0.5854503297938932	-1.1856633317330456	-0.179015650541989	-0.07675391316253999	-1.5351162164375087	-0.05883119592882567	0.5743979914611861	0.6313244813261311	0.7117871838051643	-1.2154712108075005	2.437331094336853	0.10990169728254036	-1.2367053988513583	-1.3821045640709266	-0.07222164390653588	0.7923433573587912	-1.583005225064502	-1.2379707919391483
YDL006W	YDL006W	1.0	2.1939291209927028	1.3563300630299426	1.88835352071137	-1.1264319830602438	-0.32675123343062834	-0.702887457713858	1.0415365483497958	1.203344765323592	0.0911591685248827	0.7273858048282037	-0.23765997218121676	2.210811614029108	1.9181483946980729	0.2944675452405966	1.3047701221384738	0.755335681479337	0.03251027876391027	-1.3116939396707574	0.46754861853837953	-1.1071812001043413	1.7395052856479645	0.426095069484242	1.655762267490208	0.40363287157049615
YML061C	YML061C	1.0	0.4030193094065805	0.7264632575674567	1.2921679379693265	1.1596525984898125	2.5600541970261856	0.5862728912091754	-1.035977617823938	0.7751683455159182	0.4870471295340847	-1.1223314578823298	-0.044722073738419355	-0.3964106500214966	0.31662519737226813	2.0027177468754402	-0.3304369114870222	1.4190314161988273	0.48864106799441	0.28604171227475733	-0.022145059274758017	0.39119536170019065	-0.4634645171325877	-0.04898025499646369	1.9514784898189748	-0.4720127577727052
YDR150W	YDR150W	1.0	0.4851196544881125	-0.329554963140783	-0.751268402289559	1.2398615933212294	-0.2568255064054403	0.11066503156150631	0.22798258375735592	0.522736829991905	1.6269421934519857	0.6911926209313717	1.7571224303728155	0.5256617475501462	-1.1348316096871516	0.16908876657669414	1.0871908430121662	0.5622049019524226	1.870427975098484	1.3234355083165275	1.105130864490734	2.1640818983988717	0.9465655762547736	0.043688936993312555	1.170711135062293	1.5185170097855722
YLL013C	YLL013C	1.0	0.8048999356667144	-1.3367222285934435	1.640672916842408	1.7287955952366867	-0.0538212212266484	-1.2305384422963104	-0.8600159863565187	-0.5203744164109974	0.7824526053390762	0.08658519471771697	0.2544174263945792	1.2811227372404626	-1.3804863632975253	0.23354640855130065	-0.49416823586918385	-0.08869945255412431	0.5105712212481973	0.4038933143644919	0.11081987480349048	2.8519062804759954	0.7701488774595752	-0.34962151335327135	1.0623809036731218	1.333332212775042
YHR120W	YHR120W	1.0	0.8123689841370885	2.20706453596785	0.3775868658457865	0.9848824155384144	0.6355200610372772	1.7242905350936442	0.46910628579030833	1.4177474541138329	-0.20740165971989238	-0.48727722184380423	1.6908775885688065	-0.3657841470346805	0.12925915200450305	1.7965445518987027	0.9463017606319242	1.8253295437615324	1.0624340087623405	0.5235350263339964	1.9667505246448955	0.11204582333845625	1.2723348102220815	-0.6610577683065557	0.39931314846887056	0.03716252403804399
YGR101W	YGR101W	1.0	1.9247882384928554	-0.8161360117878682	0.9449881032163834	1.7349843440615056	-0.7715497360516865	-0.8193699051488965	1.1702350361138707	1.0898171905742968	1.6847063328797494	2.0182024004250323	0.21519138829099776	0.3977184646494353	0.8732427947948859	0.4194231079343378	-0.7387733664169338	1.4017070750690759	-0.5368988536637282	0.5647113605791493	1.9145715451915408	0.15110541984414594	1.8708205867324024	0.9503547372098322	0.8567992297262395	0.3611465800243765
YML104C	YML104C	1.0	1.4654755916616906	0.3323899608293065	-0.47744298360502596	1.2576281653124848	0.22854461358175127	-0.46469069644214206	-0.6373067130530572	0.37833908488346224	-0.7704516361064768	0.5422513148812033	1.1554558519583409	0.6945230121480954	-1.648711738372234	1.8766834183687136	-0.3973845743423106	0.26414938810911365	-0.8443567237103538	1.034086713545095	0.4347118639406422	-0.13606792464090217	0.20970624537876947	0.30568427199181536	0.9392420437443771	1.0839789417355046
YJL063C	YJL063C	1.0	-0.40416654517033673	0.8197865772184381	-1.2656202914968029	1.0164520539768112	0.9383834708469443	-0.03760510849049653	-1.024509131912662	0.09185978687304325	0.8572863235961853	-0.4134093972101504	0.5031306855311667	2.261199068064559	1.3957503868172068	1.3539968450954123	1.1458454046954631	1.4237468566952665	1.1036789967854785	-0.4174320282914919	-0.25016724998093315	0.8484745527221964	2.0528542094571947	0.2921236551850014	-0.046770362098746576	1.5649409530002307
YIL065C	YIL065C	1.0	1.0189912524878273	3.2083462961720977	2.0709847470626	1.4711201747502376	0.6926203537900538	-0.20232594151151867	0.580505526022508	-0.07591200247933877	2.1560638373103544	0.9066417284871123	-0.054550296847147905	-2.556518001937806	0.3749672292089905	2.3458404659563152	1.2410427886723783	0.6080410378200262	1.9794140982899675	1.7730890587611936	1.6005928682329522	-0.07758580521486441	1.3682008710731381	-0.1728344876262023	1.1228698603472154	0.24080636514796921
YPL098C	YPL098C	1.0	1.693076072081659	2.011206453467903	1.2836990819954717	1.0169795428577908	0.10191012414567124	-0.47039503962917345	1.4647545051509414	-0.35665332035657343	1.3444936296510643	0.5147745267016399	1.69548327098166	1.826532270523924	1.6850425407964689	0.32021741357966316	-0.9008535986164836	0.3397402208294414	-0.7129626874889066	0.3901284716104871	0.20102800733942794	2.577389782353233	0.58621763838252	1.239435617545769	-0.15501112235760234	0.5849985160416077
