YORF	NAME	GWEIGHT	Primig00_SK1a alpha t 0	Primig00_SK1a alpha 1h	Primig00_SK1a alpha 2h	Primig00_SK1a alpha 3h	Primig00_SK1a alpha 4h	Primig00_SK1a alpha 6h	Primig00_SK1a alpha 8h	Primig00_SK1a alpha 10h	Primig00_SK1alpha alpha t 0	Primig00_SK1alpha alpha 2h	Primig00_SK1alpha alpha 4h	Primig00_SK1alpha alpha 6h	Primig00_SK1alpha alpha 8h	Primig00_W303a alpha t 0	Primig00_W303a alpha 2h	Primig00_W303a alpha 4h	Primig00_W303a alpha 6h	Primig00_W303a alpha 8h	Primig00_W303a alpha 10h	Primig00_W303a alpha 12h	Primig00_W303a a t 0	Primig00_W303a a 2h	Primig00_W303a a 4h	Primig00_ 6h
EWEIGHT			-0.2721172400593863	-0.7586699084515681	0.816811621503097	-0.5433087279040179	0.885897270627107	1.1978688779152387	0.7756574406063997	1.578247043707036	-0.15637337850276792	0.4747671687877174	0.6028709027972214	0.916741642893666	-1.0551458413869246	0.9964398522534637	-0.4217118010772998	0.7684111783221496	-0.9738583441281843	1.3945842663611931	-1.1425881042459838	-0.7608438949655378	0.9959370716335655	-1.3075466285645738	-0.8623499751475919	1.3116636619716375
YDL025C	YDL025C	1.0	-0.9449870325495621	0.8070083796597768	-0.35852399753517294	0.8254025304519098	0.5441752551516684	-0.5669083527331327	0.655213784116762	-0.6593568277550963	1.7934309173722263	-0.4034580851907118	1.382877364774677	-0.7705974555155708	0.022826480748123275	1.272065838995571	-0.6339734375347578	0.3238205059110528	-0.8599978231096684	-0.32104485089172646	-0.7331119721237778	0.07705178082370435	-0.7334764755486866	0.3459555398808674	0.5242089232654933	-2.0396866403809804
YPR128C	YPR128C	1.0	0.3153570256541879	0.05100453654360556	1.483502452889098	1.2500387788061091	0.5791473314055272	-0.7098375396494927	-0.03555131063377778	-0.6152342156963893	0.005447467113791449	0.3540505062226624	-0.17377989767964702	1.1969673303042245	2.1667742088425657	2.4046676769026303	1.5534243853856848	-1.3071188577499449	-0.673373967244237	0.23489722013364414	1.2349782728312744	-1.7024972427822798	0.08552867695514227	0.38106371952866736	-1.0134108192104574	-0.7838882485219327
YKL032C	YKL032C	1.0	-1.2464112956243047	0.639741571837487	-2.038265439807222	-0.15408941079836155	-0.22317130457731976	-2.0602457424362197	0.7917907268808766	0.5976465431823241	-1.0033958481220353	-1.6719430669341875	1.2562087367825654	-1.2405701900428137	-0.9738245927948359	-0.28643132519821046	-2.48623880611299	0.21613579926824883	-2.02260464829384	-0.5113951115520985	0.6039663666252458	0.9352846003984908	-0.8065717751872629	0.13819914233126065	-1.7917141044855236	-0.3048763991394377
YNL325C	YNL325C	1.0	1.711595386994563	-0.0052540950870008886	1.0476488478768282	-0.8844443326767354	-0.2460587413699796	1.8062653846054835	-1.0842709980117338	0.43364199411749177	0.30066510427074805	0.2372231750526064	-0.1567307310280834	0.13340896814960335	0.5103699287932513	0.693109786201528	0.39466325950668607	1.38576066625957	1.294834613862839	0.871361421113511	0.01941346141302741	-0.3883360605443833	0.8131627348007168	1.762230537941863	0.6718290896499395	-0.16131770394903358
YJR150C	YJR150C	1.0	0.25398542239495114	-0.9628923270475803	0.8242825308363338	1.1625185612665365	-0.9219204531241598	-0.3057196044791488	0.36086808586440233	-0.06044205743881413	-1.3155782670498277	1.1514883344714375	-0.9200596391896746	0.5425479692401154	-0.35485583417661704	-0.9371174394173045	1.2457378914726724	-1.679472284721246	-1.0989789028094572	-0.8568501013633422	-0.6831727611809393	0.7616606190993813	0.22992524836098507	-0.82983985477337	1.3811896744635601	-0.40411514052690883
YPL201C	YPL201C	1.0	1.7824511553890656	0.6549722738708619	0.6608547741968589	0.722637615344493	0.9763797206457434	-1.561028297977683	0.3067342442729516	-0.3593715452768424	-1.3398707266368555	0.27202267186208856	-0.6720103779319263	0.4302813924815788	0.20852736202406036	-1.5750413134938444	-0.7075908658001011	0.990186979835996	-0.8266734930349746	-0.04747642675630003	0.11038454431022897	0.07216738896532368	-1.4619752553851861	-1.228500864991308	0.6358131382549055	-0.7369043423211289
YPR097W	YPR097W	1.0	1.6708635009378991	-0.10804252947607508	0.4239768977953405	-1.0480494068851294	-1.8255183415283245	0.8294172121730143	1.887048825992861	0.10616997548229688	1.1583865716980024	-0.54954866391769	-2.036860167862254	-0.38721741485923256	0.2674381144629251	2.7119734352191314	-0.539418233410764	-1.0264038983158572	-2.1545699546591455	0.43825369361088534	-1.5604135192640405	0.4112372919161766	1.5167341707814488	0.5483239933301438	-0.7811324639254034	-1.4967686026175149
YER048C	YER048C	1.0	0.43452539000789947	2.3817003708325912	1.269537714294429	-0.5265289971774508	1.2861553996666037	1.0442594333186057	-0.09714291116982825	1.3527551182700026	-1.0930111231391015	-1.2009079598013312	0.4537413894527101	0.2533846492480073	0.09950995854054216	1.4039149448522883	-0.29990646358436956	-0.07173916164567985	-0.8886291281429387	-2.5249021148005686	-0.1424931408633512	-1.868092053787485	0.5697213410937229	-2.013855581612076	-0.6675792586437977	1.361020822281906
YIL114C	YIL114C	1.0	-1.2269672837911978	1.0814110202412999	1.2746599548484188	2.4461791936218593	-0.5013186942868806	-1.5089473001601452	-1.1173624892384706	1.2509922960687678	-2.2162681562512634	0.8665107254770095	-1.1737680969555186	-0.534237659631875	0.5519890801770416	1.0131479791046518	-0.4953453669266138	1.2078944226022714	0.34411479184372595	-0.5735052900891567	-0.5968791106870163	0.8999377696653666	-1.753850298144333	-1.151871703191524	-0.7292420638749229	1.5963253825778954
YBL018C	YBL018C	1.0	-1.075744800426441	-1.517830939485891	-0.017867169200300837	0.14788283474430994	-0.36613361940567835	-1.1113328613790199	0.8987201963587692	1.908085207948902	1.2281332933992106	-1.420364486201377	-0.16710347925852193	-0.23092883841754666	-0.900510915173294	0.12344620268916508	-0.7525658879083063	0.32572642113946415	-1.0442304656305048	-0.5927689546687642	-0.47061365256393833	-0.36056366618452895	-0.26326043037267377	-0.25458041332620945	0.6039135892484425	0.06498622645688344
YNL098C	YNL098C	1.0	-1.4142441640238024	0.39992243767856284	-1.8723464784158108	-0.08724227392088629	0.11674459674568614	1.4235436958975771	0.5738233071799208	-1.4054764742230217	2.0271310362353434	0.021019828192411813	0.885950211075278	-0.6841245550862795	0.6814590686358131	0.9123185291969343	-0.8535795505106468	0.8564123060548139	-1.1201400787964824	0.2523691498900835	0.25504052131511334	0.004058496120747644	0.5759305267587228	0.19654445212436192	-0.6523242370617383	-2.0689691153249767
YBR234C	YBR234C	1.0	-1.300851231645794	-0.8753938666434105	0.07471088665980441	0.18539486185317333	-0.049296713860331576	0.25921470869594093	1.563447158490526	1.0016348622111317	-0.907087325360459	-1.2208173906879611	0.6135162033300903	1.2420142134044772	-1.680082930142548	1.3387995485377608	-0.8454586476379338	-1.7329720954134746	-0.306622379423448	0.9975328916958606	0.722641539648076	2.0564482107730027	0.5829683592637683	-1.515351224346818	2.2060614187961227	0.5786427768007816
YJL166W	YJL166W	1.0	2.012894251734268	0.5885249148231809	-3.173616165329422	-0.19132671555340466	0.6168109832287578	1.7678531206729926	-0.29266986401092576	0.5987742331482756	1.8684189450091564	0.21450636803791354	0.8670460586376455	0.5205856350998224	-0.8515529462991411	-0.08411157853177476	0.4973647053572781	-1.3195933469603103	-1.2348179913932444	0.03271596146773795	0.3143290933275087	-1.2216593358775314	0.12422673900242481	0.9827114352722771	0.49385007165563555	-1.1302989855982266
YDR006C	YDR006C	1.0	0.4749196999178355	1.3775171784259406	1.9397665871299863	-0.1980898100291593	-0.8611917347096588	0.13312433655559008	0.17274579484407554	-1.049104601541923	0.712628951273678	1.31412265548614	1.8984552062241664	0.20568159621412666	1.053046634059506	0.5159310309323041	-0.07488774154342301	1.4163026395937701	-1.4467660156185354	-1.5780725591879703	1.2896660446765866	-0.12969477666282395	-1.802482970412222	-1.0756001204280898	0.5016822866679317	-0.43829686739158996
YCR014C	YCR014C	1.0	-0.08112403063517577	-0.321376857606442	1.2228881063516652	-0.6481622397126063	1.3773286813573327	0.2934486221492144	0.03763963151830329	0.43151958257502393	0.3961057206974091	0.07730230923541247	-0.6080289768325854	-0.291561490465135	-0.3744924677627912	-0.3117152409616034	1.0630348957532585	2.121212092308416	-0.5089904391272702	-0.3202310177426938	-2.250529475270656	1.2814871160702983	0.12898371119619081	0.20956331534925116	0.614244610085059	0.5873094286146283
YOR291W	YOR291W	1.0	1.9033524248014568	0.5139882143405627	-1.2183478663513503	2.0663759745691155	0.9450595635435717	-0.6602154211277572	0.16336505105822607	-0.6037885437760265	-0.21997002381159061	0.32867376599158926	-0.07552495149254933	-0.24701693896179985	-0.30560265928337893	1.187324919874776	1.0215954877649174	0.18745842176919233	-1.9764436806351278	1.6747042725880608	-0.3859611987297556	1.4765759694400657	-0.32044905152418873	-1.3612459189571307	-2.129872186775524	0.8676046454053824
YNL252C	YNL252C	1.0	-0.44496171127885326	0.03282332623231711	0.5478221046595004	-0.4304002841864589	-0.12115856436807479	0.4920612798507834	-0.1911548306865511	0.280707459115722	1.354527784460312	0.43048035923966477	2.1821085927962156	-0.9029079548898287	0.06728963357768068	0.413263869510083	-0.0813280256130206	0.8956767535851933	1.7406602122973036	-0.6770969493741473	-0.43764857582325334	0.7786108611115937	0.1466147266686075	-0.5943451300484477	-1.552361268983462	-0.503989502382667
YGL215W	YGL215W	1.0	-0.31262742078833694	0.208760864906089	-0.5992925229280992	-0.6641489564520331	-0.40162586076027273	-1.3081941714199992	-0.3245969430706783	0.31294483525859684	-1.0457292441119064	-1.1816644509917695	-1.1649072144094206	-0.4200276230243224	-0.3969631672449996	0.9076968936251446	2.7963939953048897	-1.7215904225628471	0.053412473368196774	-0.7547668396854185	1.058909613343713	-0.020041890455693434	-2.0279984513313862	-1.0287611472876568	1.460560944797867	-0.6981541672426727
YER185W	YER185W	1.0	1.1240528839241375	-1.4273025995546167	0.655513977998545	-0.48742144144867794	0.9922923347834067	-1.1826109892125491	0.1407038642440849	0.008091400671577443	2.243018249469988	-1.0612151103726297	-1.494396685398341	-0.5007616123998314	0.0833960797644039	0.6367875533446797	0.2386220534187279	0.8827211339692316	0.5027724530146572	-0.3254763068976739	0.03310224781779652	0.29231728379214283	-0.24191343955143346	-2.077061539581408	-0.27877127844527727	0.5862290444737611
YDL209C	YDL209C	1.0	1.5487914329876273	-0.9388543016474703	0.7814716805430532	0.06701822437754584	1.008656683626895	-1.2366591443770194	0.5795824004420967	1.3116814314155287	0.06976000312528706	-1.447377628383256	-1.6988301951286013	-0.14271735785626996	-0.8598674147663042	1.7175203622058246	-0.040889646603536015	-0.3110336908187889	0.17033491834590256	-0.1322920699153767	-0.12983943332276646	1.1279166628403634	-0.4936434872528313	-0.9832462454513602	-1.2255215655248286	-0.2510983654379401
YBR113W	YBR113W	1.0	0.6466176205058556	-0.44562831839114947	-0.11642019074959098	-0.7032689865805747	-0.021931921253415528	-0.6972001868431154	0.1972613385540664	0.13307872158738784	1.0819781924792882	-0.3265501905786383	-0.0410475764197236	1.041012635822285	0.8029634823620747	-0.015114252843525241	1.9503302928090371	-0.08991909798311326	0.9734022597340762	-0.7786457806432775	0.30810678202928116	-2.7383037868070983	0.3878622834159199	1.246673799906326	0.3555481457615906	0.08825971809279863
YGL052W	YGL052W	1.0	-0.44692549093240286	-1.6303124286307495	-0.0644883968383378	-1.3830458535203987	0.08741930799531696	0.12488364173633036	-0.37574912197916116	1.8937410159260117	1.1069476570127368	0.7293174937714291	0.16155837178317303	0.33553161187396063	-1.009653412862185	-1.1119746986995063	1.294731105995467	-0.5344002316778397	-0.31271866637919166	0.49666348488468637	0.9514971550744571	-0.8302149556366221	-0.31307088242988274	-0.7127946830199902	0.17606286676774532	-0.584146667917218
YMR027W	YMR027W	1.0	-1.7541566654234915	-0.1275108224423346	-1.70658726338723	0.8217132461529681	0.4845530693557116	-0.37315763193005547	-1.3884430104856074	1.124454393412926	-0.17342202894635136	0.2811974385858599	1.6262987686780261	1.8164541018753215	-0.18491049695493375	-0.3140031533080326	-1.5354850847415704	1.3880305974669085	0.739091201612476	-1.3407666464265557	1.0101554276611826	-0.01762179057918931	1.3338335927197584	-0.45301961348113917	1.633554521664056	-1.7333447255270293
YDR398W	YDR398W	1.0	0.8448511106579117	-0.12182825246341016	0.35397674565988	1.303826377922724	0.09338680005958216	0.8443637138897495	1.5454407195047755	1.197234297314788	-0.9980390184290447	0.1859830042919288	-0.6909443780111794	1.0427765359790422	1.071471944526485	1.170319572719234	0.9173968499461719	0.2556911485688458	-0.4963874378546656	-1.2982931350253217	0.9618278577231733	-1.3791667137965269	0.5073739509248085	0.26023922058117577	-0.9364289287885407	0.597445794384563
YLR105C	YLR105C	1.0	-2.191215744187678	-1.525940873616946	-2.5528738118499463	-0.23898196245860007	0.08932657300733503	-0.3168881501979142	0.5756727930272633	1.1423995574830432	-1.1641586166360398	-0.029672116781404804	0.9837996885723176	-0.37525585574276177	0.7595488867032145	-0.12758827838087322	-0.7520153294928573	-2.456382287975927	0.7620717522423119	1.650374572098481	0.754581029585431	-0.4398522243542105	-0.20802000254890116	-0.4104976295608047	-4.15296055600747	0.769980537073567
YJL210W	YJL210W	1.0	-1.0330105524994093	0.5566521779189055	0.4766646945845302	0.6756497070656182	-1.0709521052389626	-0.15588519659158656	-0.16659478935174252	-0.9208162605158668	-0.5180520586043468	-0.5018177691730502	1.2816107027550534	1.4950037671618104	-0.0343245866724213	0.5457805326756631	0.36767031220450247	-0.21501498409535716	0.2819949247548928	-1.384573581516648	-0.12137630090002394	1.1052973765208343	0.3038504794325502	0.31201785846314195	0.08177380010047826	0.6935959526280919
YBR111C	YBR111C	1.0	-1.1839561673318786	0.9653858675130438	0.5068943918871325	-0.5671046327869863	-1.9399729689385776	-0.16892232857976147	0.27272408690049105	0.47870276452736255	1.1008589983844006	-0.06507786861439746	0.04820261776390602	0.41798524140166227	-2.003728086614721	1.1155088878528774	0.16228287846380038	0.19895235011284215	1.1836559512940519	1.4602222499568815	0.5826367848239147	-0.4571256588828772	-1.0745479320947573	0.9179988481747754	1.1006479899578663	-2.11087308783884
YDR243C	YDR243C	1.0	-0.16553027299702275	1.1438834097823383	1.20457397060995	-1.3633533947690424	-0.12291848506979475	-0.9407147905666373	0.560135212434809	-1.4089512593841917	1.0078334982882613	0.28010177672064124	-0.6105932990812949	0.34701760063035675	1.3189044014346818	1.4333003208919997	1.6585183535231032	-0.975798329156994	-0.22161103956066375	-0.6632514828195664	0.6923114719439547	-1.51930657874228	0.47281307016434254	-1.126156621472918	-0.8986664551238155	0.296504120853017
YMR046C	YMR046C	1.0	0.6466971687812105	1.515706818728638	0.008269946010247449	-1.5062222305459305	-1.1223162916739706	0.3658093846248029	0.14828523171902236	0.271845318783268	-0.5125888627738564	2.0006815893328995	0.31140575859179676	-0.09938320113729494	-0.6525866033068316	-0.42594399474834	-0.8164713030707482	-0.34115191161599145	0.4116956257493772	2.2336439666070347	0.5539646528187828	-0.32369992147894794	0.8133425863698974	0.11406641193691064	1.4986394143427515	-0.6258262614593278
YDR356W	YDR356W	1.0	-1.2068069773221874	-0.5896837971792999	0.24409221504133835	-0.29613367009563496	0.24398926252829647	1.8610087359464214	-0.4181641363744975	-0.41819937404082974	0.046480465378400414	-0.9826048852469573	0.2808124378791178	0.24565818639517037	-0.15791279940607997	-0.3483256715309868	0.9915821275730506	1.5306397692905647	1.1525030898448163	-0.5042808420571976	1.0185045700938837	-0.7168808310304438	-0.6458479755271964	-0.6366518932019327	0.8119999053189644	-1.3378456686224571
YML103C	YML103C	1.0	1.1234340789422126	-0.0019088276550757693	-0.7898946223261898	-1.5322557456701404	0.5478119935421364	0.6161850034461483	-1.18179258039221	1.8614295979730358	-1.2885284723032528	-1.879953330711403	-1.3557132621087131	-0.5018117585278271	1.73118166661763	0.21882715754311632	1.228169565783317	0.22925170965553407	0.7731579682783326	-0.4239837154776363	0.3388991897616112	0.48014168052984063	0.41849439403480787	0.23383923573699256	0.3614529649601393	0.6209017912449782
YKL128C	YKL128C	1.0	0.09700157329956563	1.089085393710788	0.6783697087306196	2.226584433017854	-0.5492125088342831	0.9585358327569901	-1.1111093333726498	1.202815156890552	0.14020395304258826	-1.3047293723403015	0.7232302554714705	-0.5786196366622319	-2.4763836586724186	-0.6443284491795173	1.1144261703390799	1.6812424362289902	-0.935931745719391	0.8939205190836631	0.4311860326115797	-0.2179093177737299	-0.688227615436926	-0.549557940690677	0.49890500369127044	-1.8503571761864408
YJR030C	YJR030C	1.0	0.04035617603527571	-1.8773907777697374	1.3996337117801032	-0.7458187438554353	-0.13039258209801202	0.9390167374441475	-0.026516151760968942	-1.5272819862860698	0.4871465279286638	0.7802738832701146	0.26212792412641683	2.276551505670708	1.0393758573198393	0.9095792528692351	0.2086994966725407	0.8987343768816102	-0.30476325248837877	-0.963630650661457	-1.964648592537265	-0.09505866669168496	-0.2435679074347229	-1.5069625675290381	-0.7467509018844268	-0.9132614045014429
YJL200C	YJL200C	1.0	0.026860941980523075	0.6306315261651304	0.5559497184978927	-0.3099108916349515	-1.0746963738501976	-0.37896872244045304	0.4004241714993395	-0.7538389243604631	2.353482040861064	-1.0526576109765748	0.20743767957631226	0.01706239551839419	-0.8707020261882961	1.0143462779264045	1.103567972142997	0.852501276396742	1.2496118189400551	1.3729746489693542	-0.6122345243830347	1.059038307938571	-0.9641538618160475	-2.392033314758538	1.945288113863691	-1.4679320456304328
YCL031C	YCL031C	1.0	1.021748493600621	0.6462186687735806	-0.8027539682023708	0.5857352127755768	2.5433421446936486	-0.5146666384858737	-0.32006214777503583	-1.757829903189314	0.4291943746106113	-1.5708250432361082	-1.4754809741571044	-1.7537880849457232	-1.2600514223231734	-0.23586774277159123	-0.6403090991091093	0.9411212508939827	0.4901052892854195	-0.9182345449258988	-0.309617538111128	-2.783054037530625	-0.9996112793183137	-0.13907901592808003	0.5842474193536568	-1.1203434738218423
YLR159W	YLR159W	1.0	-0.5086771072145454	-0.05009407940808433	-0.008662995721895493	-0.36456557191499184	1.156115844189289	-1.010736235886893	-0.718452426413072	-0.08085420491152429	1.8214007545240438	-0.10200127152789883	1.012770693819481	1.8328401698772292	0.25153348774130063	0.938256469205722	-0.2673414535010061	-0.7037662968570523	-0.368560299565027	0.6128462845192768	-1.0882686468791436	-0.4559835940885425	0.232112694766632	-0.4268454189864865	1.0227092082234248	-0.6557081603812833
YFL066C	YFL066C	1.0	-0.39474659044974625	0.08483824412253343	-1.3608481046912915	0.03040125744421641	-0.7912679573910862	1.9641471306717746	-1.3172645955463624	-0.6704355608127845	-1.0340858356620275	0.5219228319927773	0.6010868475415506	0.027570074258624285	0.6392711137741128	1.0394672278107897	-0.48432716639356477	-0.7649499839993107	-1.2788603383524892	0.8529136714068146	-1.2100695693127776	-0.862830386484434	0.36780109573092457	-0.1006659295402808	-0.57215215029891	-1.2989282340520434
YBR023C	YBR023C	1.0	0.05592724955031446	-0.1037124339305743	0.422024837724154	0.8687314215233634	-0.9052970807466191	0.4701131154838366	2.1353088651838794	-0.2003783192535149	0.10899786545562219	2.535705669255481	1.1884173386736752	1.7691716397898667	0.2331688435325741	0.4204634096582436	0.9036154738716433	1.0384503447055375	-0.11061633184712516	-0.8651341681462066	-0.2959414409244233	-0.23398960103446406	-1.1414640180583147	0.708788155965579	-0.05160124318553483	-0.2866685996247288
YGL011C	YGL011C	1.0	1.7248556924491505	1.7866015406874065	-0.3468673001066882	-0.3166998759755808	-0.18790055102659217	-0.813156850340922	0.22326249534928877	-0.8754007985637046	0.8142797308374355	0.9329803284972225	0.44703227312700783	0.29158919970093194	1.9014365212535866	-0.18613157918960885	-1.9639723887822849	0.47062807596687023	1.8079129266082803	0.9890921966053754	0.0006985493523255697	1.6605307112428005	0.8557013683682703	0.830971169835179	-0.30007576904705446	-1.2183291084534584
YNL327W	YNL327W	1.0	0.022200934582946433	0.5208766503535929	-1.2640219191134163	0.4469545942822375	-0.4740180932717246	-0.2074645686599111	0.21796118224768335	1.3135689317698334	-0.9410216268514884	-0.526037144774723	-0.649009229281141	-0.6192137831398028	-0.2855923960335725	0.7543696484524605	-0.3056588165168841	-1.038512992045124	1.1857879122215982	0.1516109023404504	0.733722387978922	0.9013017635125355	-0.07237485651693261	-0.11592674469799694	-1.9897758807940884	0.7319719685215867
YKR021W	YKR021W	1.0	1.1021276353493903	0.09331964819304435	0.4030410739202297	-1.5711939421481966	0.013902713927274197	-1.086719632578246	-0.20222807888932406	-0.8177053856002969	-0.7408930068582017	1.4793886087659636	-0.15524346248494275	-0.802766858881464	-1.1237970440447298	-0.8279520239597367	-0.17212507200803528	-0.38131547800840626	0.32592976843068344	0.46733049385724823	-1.0613806892475637	-0.07507405550201515	-2.3215194086397783	2.4016664960437475	-0.2596465165177321	1.0064001943172165
YLR003C	YLR003C	1.0	0.08036237633151742	0.5565932610100636	-0.5896368572357682	-0.9706665901582042	0.39976013946723515	1.3405419120287314	1.077593095789921	-0.1052490184445231	0.25995395405250743	0.5906977128182538	0.7738190166899289	-0.71981086689498	1.5682196160286743	0.8472699646430595	-0.42436851920157304	0.41938807352618823	0.4860134658392268	0.15885451235902573	0.027651146208155977	0.21362993627393584	1.3209788198480599	-0.3520488866607891	0.426393103100828	0.7461089016299159
YEL049W	YEL049W	1.0	0.20755335274135556	0.7124671802379146	-0.4372771874895291	1.4986604995819484	-0.44432981851532527	-1.0728870954240393	1.5614399202497304	-1.4658110955246981	0.604443401339216	-1.4536368525858836	1.0268945399922376	0.006635917316263239	0.16247285803467207	0.7562813608537754	-1.4361369513347855	0.341034215317089	-1.0403026270269091	-1.933369428813949	0.953271017413611	-0.11318878085330572	-1.0773431702006575	1.2565875353161235	-0.32961868078760315	-0.5602859227411116
YGR235C	YGR235C	1.0	-1.021996969617047	1.0305397635284892	-0.11373187345461737	0.07922597286391285	0.11391358502634542	-1.1763649447765774	0.7681333978664424	0.4631066545067754	0.6067475889782284	0.037796015105192815	-0.7850389740675153	-2.2763980057975948	-0.4524619071928868	0.019828380504569358	-0.22427670684604276	-1.118863026348511	1.6490673233896411	-1.5730848938707125	-0.9761431962693855	-0.31975481460932015	-0.9576989708334135	-1.1603448965413934	0.04495908891282763	0.2506273238439309
YMR221C	YMR221C	1.0	0.8118194425961122	-0.7595838570920893	-0.8637172567637563	-0.7804640895061373	0.09402816950697815	0.6267735795874333	-0.5910571967994894	-2.067038362965773	1.4403506696664574	-0.9784487337572363	-1.4529543381616583	-1.1998701480056673	0.6581515717028779	-1.0984240936173633	0.7628178540418429	0.02544785920459217	0.512830671089472	0.5788308071515716	-2.715603187347003	-1.5981770181360264	-1.417086785231559	1.081724291562475	-1.0810373576987993	1.0657257989895177
YER101C	YER101C	1.0	1.4832043405542827	-0.5036591312920362	-1.255789604065949	-0.658149702977389	-0.10205234829128064	-1.4175266496187853	1.176044850193028	-0.6868944646467059	0.5351998479958436	-0.728895865814805	-0.4129811863731294	-0.1796571950163946	-0.28747607215770027	-1.0756421551117248	-0.9780540247779169	0.06345558793558745	-1.1944751572537122	-1.2384567716206138	-0.20079893303558077	-0.19537525506849748	0.0972216638679466	0.9673301779800102	-0.8038053171005733	-0.8257919818826269
YCL017C	YCL017C	1.0	-0.40755327591298723	0.7068890105827148	0.5450613127918617	1.376454228580606	-1.2602113370669787	0.46937833076709806	-0.9483801927990202	-1.4886638279955395	-0.5584152569076968	0.6229663824037055	0.44890178204650283	0.33998080977906836	0.07078258930629128	0.7637099817092636	0.9136560982593607	0.5372951302691849	-0.35688992470112924	-0.12267046486673132	0.15226074979099027	0.039116933114181324	-0.025755712130837206	-0.6344508507278835	-0.6805157816041328	-2.532770633713928
YGL017W	YGL017W	1.0	-0.3640054676836861	1.1053658172408904	0.10127820021491951	1.6981267030494398	1.1279641960672682	1.0393132781468626	0.5905669663701844	-0.30786167499399986	0.9229441067780044	0.8797109564627745	-1.3114753717425967	-1.46351845492855	-1.514788256631183	0.43793485920972064	-0.544239093024415	0.08865991631790977	-1.741095465986876	1.3312148613789496	-0.7074083106034772	0.17641961891888241	-0.2397337218406267	-0.45341671138504996	1.0611098409615558	-0.3414460934631908
YIL037C	YIL037C	1.0	0.5914912874599312	-0.5548444272219397	-1.7770820792251825	-0.07643618010224824	-1.9685936707117522	-0.42877624400640524	0.7367649891305678	0.8231114044874813	1.1577972619551298	0.15668583575399028	0.27935384665973667	-0.8383663511885104	-0.13339732379272648	0.41167762412712294	-1.0994047881000877	0.3800018937693266	-0.8141988348134981	-0.6629704765007614	-1.1843978665101567	-0.18707105852394776	-0.46399534302368134	2.0008861098289294	-0.8097444291516909	1.0951820870423896
YMR134W	YMR134W	1.0	0.6357864676984112	0.7501885672275774	0.04576373147042839	1.0942743653969802	0.06375072267755971	0.6068149537672017	1.0720695210244209	0.07078119911167224	-0.5777743225041032	2.6463802367504212	0.05709131508202936	0.5849846496666572	1.226080689774181	0.35137219598197417	-1.6846899526250465	1.3232835616197272	-0.11760632401631327	1.0095627346996836	1.5207306770098257	-0.8224487164460033	-0.4596911312868836	0.9628083858842164	0.575696214805262	0.5555547916230257
YDR177W	YDR177W	1.0	-0.4673519168471789	2.1516526167947623	-0.4625434695789466	0.23047653107382285	0.04917270254622212	-0.8039046668127291	-1.937980244292156	0.3300370517517372	0.040380595586097336	-1.1219986235189499	1.3989953235495285	-1.87809347831823	-0.8971955401469422	1.3681470403253784	-1.422903766577639	1.4573242866332792	0.9523336285498221	-0.6986118861685818	1.677293041657514	1.0339265813765113	2.486520258350589	0.16328863775216787	0.604954307202007	-0.000174028342689368
YER168C	YER168C	1.0	0.4916539291544569	-1.0717856712924345	0.12815358597708898	-0.8996320230546888	-2.5183458748869723	0.2320915204519118	1.1481187105884125	-2.08796124049337	-0.287505084410239	-0.4146829643275678	2.577440491200451	-1.5779702385912315	1.294131821071868	-0.8437418831554169	-0.7981629452902798	0.26664995505701317	-1.4310859461117449	-0.6034119395941397	-0.2341429469465863	-2.04551637365323	-0.3525494229867151	0.1442411253878775	-0.5804178645830181	-0.4948005631158102
YPR051W	YPR051W	1.0	1.1414104465264472	0.04577256492294334	-1.1234158629763542	0.6249168278102886	-0.23305155488527782	0.3905650571154442	0.8415855724156054	-1.4900110297838285	0.3086347058066606	0.765615827854486	-1.0615526869147653	0.631207425677961	-0.19253746021562793	2.130539949943324	-0.22318285158170706	1.1751291702096212	-2.5471228353721176	-0.5747663909799273	0.7001166818826726	0.2136916954990574	-1.2416478585618032	-0.8855365739701649	-0.7147250574760031	0.4824441214612036
YLR220W	YLR220W	1.0	0.9271317197984545	0.12042399363537923	0.919511024112214	1.605142059361057	1.2911001371694815	0.9338038991971251	0.6428762584766743	0.7355383898195036	-0.24409981700699507	2.5501000796565267	1.4242386088744117	1.1223843538845575	0.8989189865262244	1.9466220875041447	0.30768010033350013	-0.11111404973115495	0.7788551443114352	-0.11268436127506112	0.669945249102497	1.3428202485504412	0.3766227900559863	0.83798783022927	0.10581989077907532	-0.9199611470508279
YDR516C	YDR516C	1.0	1.1488045617341902	1.2808558020270389	0.2613554543236465	-0.37698076434165795	-0.6704392322565466	-0.8372328481244072	-0.5637502227753781	0.14774465499951342	0.5743751680338789	1.8270521174273322	1.2971229795169767	-0.5909182848880944	0.3325114052065684	0.5563931839521954	0.5036773650665033	-0.6694700708054203	-0.3287019352617098	-0.06307155141322708	-0.17240082369201937	-0.306482958827228	0.38645816214067064	-0.8527335500282294	-0.27525232644724595	0.26887547692827185
YPR010C	YPR010C	1.0	1.6096309741131274	-0.29161888008008313	0.1975549988932628	-0.08417111664126331	-1.4091215453995543	-1.701297889592938	0.1978612379145007	-1.3366981047379802	0.7985239495358518	-0.19558840374474232	0.08921658542023571	1.3859504871767006	1.8772982463724586	0.26617840772781337	1.436016921345222	-0.9371096182490674	0.5972435007075809	-1.080398535787127	0.6316115275210656	-0.6554440356069297	-1.5357813276211294	0.2983232763000901	0.7825860483787379	0.46294306782723815
YPR171W	YPR171W	1.0	0.6297072602394201	-1.5472515829731557	0.2883260243884241	-1.1312664893146698	0.6697349339309553	-0.05836069942224781	-0.10593981370537678	-0.6226771070211048	0.8806495558576201	0.010147506834440937	0.23715664339488696	-0.27556823163692484	0.4053987588213905	-0.030858044041229542	1.8010209903446766	1.3872244141933203	1.1349506119056034	-2.1511431163552546	0.45907680715048443	-1.0797832952727962	0.3833890701274058	0.2738021761864504	-1.8046587588864877	-0.21925585224060234
YOR150W	YOR150W	1.0	0.8947141404857079	0.043151562047778716	0.3134048600553266	-1.0509210558782802	0.05170086395494562	-0.4386458742114633	0.5868993393769849	-0.17892419034258605	0.8375287140204921	-0.4905998257048365	-1.3945788238009935	0.8529950124251756	-1.4151716105086036	-0.006100452866302331	-2.0405037439295413	-0.5757513167812538	0.3198218858947117	-0.047625133024168105	-0.6618115143080213	-0.4419785946835065	1.4703842719477178	0.5028638744123485	-0.21049818516393	-1.0210202284149095
YJL143W	YJL143W	1.0	-0.6049055197327919	-1.062108253154731	0.13898243945484204	-1.1578732755196164	0.2349795211814317	0.573268980496908	-1.394004742140631	0.7914812595243188	0.6513345156605445	-1.3504853734854376	0.638396755662771	-0.3308993941357784	-0.47878303496836	0.7412548853630502	-2.1040565011917174	2.232658237460695	-1.6922040539429195	-0.7756213232336797	1.635175923796987	-0.3705415715281996	-0.11722034901552111	0.5030123261614204	1.961189340790897	0.9687248726072062
YBR164C	YBR164C	1.0	-0.68266680486531	-1.7079001727361516	2.109561915822557	-1.7579031611855984	-1.631804153300245	-0.3844143952485254	1.111593399613862	-1.138443588305157	-0.161068363376222	0.284919157918791	-0.17552093728096435	2.227341248502267	1.230946599429268	0.9603912457482522	-0.9122149391063574	0.13196389484645893	0.32711298050586923	-2.928613374600078	0.32694386794254304	0.33646133196652894	1.2072589882873355	-0.03661920746673495	2.7855916169770554	-0.3586714267278098
YBR286W	YBR286W	1.0	0.5050482859861114	0.28093741202010036	-1.0483143438129314	-1.823567707467018	1.9995134733076958	0.17274328859872004	0.6892548482142531	-1.1679797519341324	-0.8992971470921161	0.5716439939704023	0.07450559107259266	1.1749426625447688	-0.6775456711449865	-0.3533160321837964	-0.846261046673427	-0.7965996658647374	-1.9210744353824858	1.0695442019132642	-1.5980106742404179	-3.488714193630137	-0.5863979274672593	-1.0740336369763914	-0.20096163760778912	-0.7309588499936372
YEL066W	YEL066W	1.0	-1.3229988996784228	2.504992464845874	0.06595157783520454	0.9280271899539391	-0.24103901837005207	-0.1830111534154673	-0.7804447191841145	0.40572943618646673	0.047697775059486656	-1.1055405008977612	1.7148305679518667	0.6977083234606221	0.33344761111574267	-0.5227408373061718	0.3640426246071694	-0.24820868292173967	-1.885617841476094	-0.39317441218403437	-0.8354945902745272	-1.6498884520916288	1.1093191592355867	0.7741285315117438	-1.2321535127325978	-0.5463648733683069
YPL213W	YPL213W	1.0	-2.166914097733309	1.470279734753728	0.1286433005530006	1.6427903529010088	0.029330027960917913	0.0415902002664626	-0.12311641338631876	-1.2808994896286627	-0.5005910917947938	0.18569251421872401	-2.375615466448733	0.08743771610711731	-1.1634720177979117	1.8378144665063951	0.1879383709482988	-1.557971214672277	-0.09787383225969248	1.0905880228382143	1.0667520373550767	0.5850698181309714	-1.572632053036614	0.4304325848473365	0.4922322747342675	-0.6121774442427823
YCR087W	YCR087W	1.0	-0.7047880393145151	0.3506439945806604	-0.777664471705342	0.14039067632424576	0.8075109274642622	-1.3994671805831	0.32584328055766104	-0.08038501946108506	0.3194079221551328	-1.4358409441699451	-0.9494060138606251	0.3149633721427901	0.871665237435706	-1.1867155306341313	0.18566944225161258	1.0969406324151427	0.1609109121483133	-1.1955521436320782	-0.9065624434791285	0.12267651157422126	-1.5976299049539073	-0.38842820525941885	1.5887239839008696	0.8258076640569341
YDL136W	YDL136W	1.0	-0.5233170406917871	0.5961600802194318	0.6168327549512758	-0.5815180518285218	-1.6722017677907361	-1.2709788996552662	-0.2810420745928742	-0.7046374983460246	0.5645871447470917	1.6146883477720075	1.4694110043746866	-1.0379182920687742	0.4741246654255134	-1.6639549863133678	0.7815412441504132	0.15534338310261747	-1.1787425910469655	-1.8738757182110413	1.3675443675704575	0.3501699635546253	1.3702571571060413	-0.5930148104555298	-0.21212147453368546	-0.22701298658012775
YML074C	YML074C	1.0	0.48231176374288826	-0.23654895673279375	-0.21564254226950466	0.3648944106897658	-1.867041416250968	-0.72424498239046	2.426604040612994	0.6609884514471832	-0.07755460675844729	-0.37729858783826103	0.97705744067254	1.1593925873918716	1.413930564278937	-0.20312855130585092	-1.1580892642989322	0.19293072916153803	1.1036475245052875	0.3361025024335445	-0.7609018480137582	-0.9711082496620322	1.0598508882814144	0.2781085951119647	-0.14114753088124318	-0.4565407369341092
YHR112C	YHR112C	1.0	0.03607085098423797	-0.6816006333169987	1.2454358820630547	-0.5508421679133846	0.7523240920793386	0.3299042329610499	-0.8068298259269019	0.6531909585290392	0.6723418781556066	0.762914771599266	0.7307882580323669	1.666617537419525	1.751898803728716	0.2434200191497772	1.9950837545758924	0.7011428082364852	-0.627911133982729	-0.6613256200231971	-0.21442249111305203	-0.3175320944837047	-0.003207980497821257	0.6573508223926644	0.17803351552728944	-0.047436046649654416
YJL031C	YJL031C	1.0	-1.3088375737960996	2.3181543846047608	-0.5771294590659392	0.17451015214774784	1.4311714896095316	0.23784597972131463	-1.259285797811531	0.19897782115162482	1.008439327930307	0.5278762334412276	-0.26627276643173775	1.0414365430464734	-0.8515909363887842	2.0184718345654935	-1.007422124532196	0.3532791136526539	0.7077059593903451	0.9036098142037285	-2.5065056358799924	1.0561937211712094	1.2318681765112596	0.0673634593572417	0.5886594562798212	1.3932061039053045
YLR357W	YLR357W	1.0	-0.2510121718600949	0.008245320986346538	-0.5379971352975391	0.039320662956132034	0.18282030321137174	-0.9263142919252929	-0.5635920919851253	0.2127699059785295	1.2016038429595672	-0.7064508251372554	2.147418926216757	0.9867476698020335	-1.3050607623564274	-0.32492999234007813	-0.5885939463234103	-0.3998808712408002	0.5695156205945713	0.5659530617703928	2.0793849843280814	0.5393859240883885	0.05980094317108202	-0.09806616365951745	1.3223954741762054	0.40586743497279865
YNL195C	YNL195C	1.0	1.6363682763272556	1.1548772159912963	-0.25400472148694275	-0.09041635509885941	0.437804906438759	0.7443972610774187	-1.2953274695090853	-2.5402676436724407	-0.2706066307858295	1.0749574796788768	-0.8546296685931637	0.678430410731256	-0.010988989124246616	-0.6096624827842881	0.1137096472875541	-1.2042919341284781	-1.4898905378811609	0.4120151640418882	1.0987363872639795	1.0426647357066823	-0.35477462038096064	0.9527794606899707	-0.5186631864279772	-0.22734593675108222
YDR522C	YDR522C	1.0	1.0848422115895777	1.5302651920224255	-0.40191962489533933	-0.7584012645319105	1.3092759464048738	0.1763692998046991	0.16656204053824653	0.3571165089855719	-0.004641530930902715	0.5078079799748594	-0.3915681469365891	0.8738110208014672	0.32245147148673486	0.332319311347632	0.4015741278098941	0.8722156384268925	-0.3325851896632192	2.0628476899709534	-1.519507082002054	-1.8826376177621962	-0.5409797976864491	-0.47035728260989307	-2.4061460538487878	-1.403567000745826
YKL010C	YKL010C	1.0	-0.19677881541265294	-0.04326886896506704	0.2886474677800153	-1.6498603545277741	0.9630101437315268	0.21031576578299208	0.09057015817464938	0.3573388991896048	0.5577198889943172	0.12056314362186216	1.054299616721776	-2.1417798954529235	-1.335766501040422	-0.12516858138256312	0.1849886581566002	1.808114542790739	0.058490184216713516	-0.4224274015219788	-1.2152788607699556	-0.8276067013009653	-0.7083010310497108	0.16774574814013385	0.22880426447376281	-0.6165451138075102
YPR153W	YPR153W	1.0	-2.01958357402997	-0.7264927681656581	0.9263164653055992	-1.5245950536268889	2.057624112075286	0.43033983182358276	-0.4072833577650819	-1.371127871315544	-0.2502983262866344	0.269084519532654	-1.429876819370543	-0.14349070314247417	1.5540959919918511	-0.02740691013412172	0.2468468671894481	1.5175148361259407	0.47454529798389644	-0.3223340063739536	-0.5052919951594308	0.5612220929920859	-1.0006585624308957	3.236316138537796	1.3015270402870545	0.7188988519045095
YGL179C	YGL179C	1.0	-0.4548954414062025	-0.567501176928017	-0.47979629999198803	-1.3598383221337278	0.6427696761527631	1.3306217709826822	-0.5766229020847493	-0.809019322237604	1.388380312491025	0.5866829165983662	-0.04997436359411334	0.351237503735883	1.3481832958422075	0.13118761934941278	0.242470282221307	0.6708045049228436	-0.5131172325304795	-0.15860953853036083	-0.9143711052538539	0.6107769841447601	-0.5097314043556914	-2.491854664624409	0.7142986549515115	0.2136002600062946
YGR293C	YGR293C	1.0	-1.427482048401471	0.9616468669435229	-1.653459330273853	0.39389211313578637	0.5921452210933155	-0.07964493082874288	0.7144954690012758	0.0035673390590052877	-0.134360965797561	-1.0808467800730202	-0.07997258599100536	-0.6244394777995436	0.02163418219383505	-1.584406672296795	-0.1713601648162073	1.5107788561936544	1.5056157067269178	-0.9388388688357453	-0.5367602187486562	0.2319987300271042	-0.05551939236066014	-1.1690651515219663	-0.37752732558204743	0.35363737252278205
YER152C	YER152C	1.0	0.6697971109828013	-0.17174919133876676	-0.29462769805222194	1.1277749098340046	0.653747761180115	-0.06126223333357876	0.32828710527502714	1.553469414645754	1.289006892612899	0.6311716950628908	-0.13988749671826253	-1.1639957083918657	-1.0049214291728137	0.5555981628311781	-0.885642385851662	-0.32763033576245804	-0.5408129224917984	-0.7700548324934444	-0.9959498040116709	-0.5228229221748183	1.9912252971417301	0.5407101008081155	-1.2918637634958763	0.31357658483709266
YDL123W	YDL123W	1.0	0.7866565858575624	1.1047289844315848	-0.2595906270948234	1.0042371521798834	-0.47784651458336724	-0.8614859295070816	-0.3041092922718577	0.46341145868538536	1.3745975849215362	-0.7905971622632636	-0.04092143675904808	1.2022509860265684	-0.3209531597225816	3.1838384777326185	0.2446558264889866	1.9566201300749835	-1.1970181570556468	1.1415826991723779	-0.0428790309733368	0.5445180472069963	0.10108396784310679	-0.7945591181951418	0.009011780962019333	-0.5826754730655789
YGR086C	YGR086C	1.0	0.9495520413310014	1.153718636496396	0.14403435178909568	0.17621592578919168	-0.5889918911569441	1.366855487824753	0.43218571537236156	-1.3851561735424383	0.9307044383077789	-1.3149226377321048	0.6247746169288062	0.391059008970198	-1.5125048523346458	0.3453247646969028	-0.46130231594384413	-1.5053400937716672	-0.821146727061738	-0.5565540680407592	-1.674909300646301	-0.052143863686820856	-0.763922490331309	1.8583916805337237	-0.0013538469427763875	-0.43580290902894514
YOL123W	YOL123W	1.0	-0.07272589435733615	0.5847982212788982	1.413093723805489	0.8894104236746077	-0.3959720538111841	-1.1077481141910919	0.17221654852127025	0.20476729145214329	-1.0741219843787841	1.5929190457003006	-1.5695685834851936	1.3053727890060558	-0.6302975796537691	-0.12223230204326943	1.2791721647145151	0.7698309453569413	0.3601393574075516	0.13384195163529428	-0.6445668722254526	1.4538535514706545	-2.0444451991597608	1.2877568804575137	0.5721241991898135	1.4711690140299856
YML017W	YML017W	1.0	-0.7929597306881366	0.9618908690569983	-0.3948846064773279	0.10896102520758366	-1.2586948681975492	0.6269745264208014	-0.7896899635828607	0.38901607339001093	-1.6886056950017188	-0.8380378102132391	0.7277366504226238	1.3679517697866355	0.19545917137925947	-0.41979218981476163	-0.8034229893657875	0.4936981381998426	0.6362272075798698	1.6803877906746205	0.34953786275926285	-0.8514058668627963	-1.1327833053176461	-1.6906299528838449	-0.7442182592851964	1.2411256364095138
YLR068W	YLR068W	1.0	0.49954872128385314	0.5986718150118202	-0.5198641434543728	0.7469991290225416	-0.07213046407384899	-0.02239591049791796	-1.1586492528350518	-1.8345024464329782	1.3168277121316536	0.8009495117709399	1.5337469615605575	-0.2947011377298029	0.1078360766194446	1.5148265508938346	1.190233528881664	0.5707944271177715	0.9898039862179514	0.47997187079393383	-0.3164861690393681	2.097595960741033	-1.177005781597522	-0.24886714999427487	0.19684195917079333	-1.250890748952402
YML112W	YML112W	1.0	0.6574875963496452	0.6847413191846123	-0.8062013065215102	0.1945074576802161	1.0006862767208404	-0.5696074096713372	-0.7681575740320068	-0.7647176313203836	-0.32722442898429593	0.0350537351607219	-1.644231783694718	0.6449229440284895	2.2924114330583336	-2.037789378819479	0.8787287816444531	-0.3457741363256887	0.15461554103420472	-0.3567571137109924	-0.6993764265800486	0.24083267703193434	1.3491750750378158	-0.1466424364593857	-1.0519147966815845	-0.6018973114573505
YER055C	YER055C	1.0	-1.2095745839530065	1.1183444109023504	-0.10216537510842585	0.2669283835211241	1.4512833729486958	-0.3612266102383434	-2.3724746927091274	0.4389230859434968	-0.07937258827748972	0.7250013623465562	1.173133926115403	1.0719842156031916	-0.6270218150806111	1.61395533278406	0.5446010015154992	1.6682121437397717	0.5809471384148537	-0.15396206978504803	-0.6616934409632825	-0.574027111441592	0.17915220070811577	0.141918519756243	-0.2951388140411189	-1.2653368020067923
YHR113W	YHR113W	1.0	-0.3470743251553141	1.083339318146008	2.3448118215948317	-0.1090154472416161	0.023899574233140725	-1.1755991230552172	1.7720506626278105	0.019358475257950144	1.6065164956043452	-0.9633816445680504	0.4486740609122557	0.2907023948984796	-1.0233660247448264	-1.30613874418874	-0.12344587298513268	-0.23914597255667938	1.3207659093184099	-0.7337776223818046	-0.7493506408768049	-0.12160827069664705	1.0966458487604362	0.2113639377560515	0.3982971308274607	2.2420490469506023
YMR030W	YMR030W	1.0	0.790605418835564	1.186226194977979	0.020211970863016092	-0.001021801081057859	-2.218575165854308	-0.38940040110366414	1.4145179188782298	0.23944135084286608	1.6315425639324137	-0.10848177915845673	0.005196621618120387	1.5376655070047023	-1.4902349262760095	-0.2953746770443496	2.0442823325560897	-0.10540989355400898	1.3824707777803837	-0.6327961476608112	-2.2530325649458365	0.3405362748006104	-1.4733892702715514	1.30598795475318	-0.06451645117042011	0.08357072021552855
YLR204W	YLR204W	1.0	-1.754665011780019	-0.4987980152783479	-1.1408633775058996	0.7019010569633348	0.127204085185844	-0.5581946011634199	0.15050185924902093	-0.985202324026036	2.1542864402749964	-1.8936270100113732	-2.100537643227511	-0.6452256418155995	-0.658917608184143	0.3931223483466047	-0.07045592314877507	0.5425178227005911	-1.0962673249442068	-0.2150239275511138	-0.28036448405555725	0.584507872093978	1.9219220908670807	-1.895681590801524	-0.5877804647772081	0.13357805505287088
YNL257C	YNL257C	1.0	-0.7085546519030339	0.1473148275019375	-1.1503197112368446	-0.36267006509807664	1.2285018664870733	1.3464497425130593	-0.3948658600180185	0.647088407940438	-0.14497645476447707	0.06303278667325588	-1.0250334039717455	-1.0861597066185023	-0.26474579652690466	-1.020933520266485	0.014118481040479532	-0.5967425232505952	-1.7550182094543962	2.1094721300594776	0.8225534725093024	0.9888038309754508	0.1475382172772958	1.42346223772972	1.811954793182341	-0.14412558161915054
YMR093W	YMR093W	1.0	0.08843815305923634	-1.081162137429802	-0.8828998001434583	0.3138682964996432	-0.9404247226854354	-0.6494237457187527	-0.33400039929329667	0.2964627210834036	-0.04331435476843679	-0.19506044414497126	-1.2887923932096983	0.019308110016388665	0.5531993820049894	0.4365581001677085	0.20449148611564802	0.9113587451933348	1.0490872139692575	-1.6006731394321845	-0.5640475213557816	0.875600418292171	-1.2450821416845044	-0.8058322198090001	-1.069995910243972	-0.3463014962151682
YGL199C	YGL199C	1.0	0.022703134218316632	0.3628437768982174	0.7316073333174847	1.6641308605257825	0.7668934205600378	-0.08014094954330052	-0.8825222431509077	0.7956505677428114	-0.5401715097323869	0.841304725317526	-0.7630585641380805	-0.2785568201493863	2.0105460186473567	-0.4141979983310864	-0.6385734784923205	1.1878451049663117	1.0361837895151285	-0.9998417481420464	-1.5507038633680095	-0.20330952030167707	-0.4628808873357485	-0.06667692597784924	0.09918446677429854	-0.4407316722245414
YDL006W	YDL006W	1.0	0.797315478096591	1.2897262794097533	0.34840483222494545	1.3893540825130326	0.9431876175263647	2.7582672592690214	0.2757754815332095	-0.38866016836159695	-1.127217658229898	0.8513655688735641	-0.15612640602694455	0.24054501281115764	0.4311147500991833	0.8887903782806421	0.8679561612849829	0.1785256381448881	2.2851269490477857	1.0387916916885365	0.35005639487183193	-1.5204582713503432	-0.5457004982016935	0.8619755769458326	0.5255391979636902	2.203798120095113
YML061C	YML061C	1.0	-1.944517315840685	-0.8736762824698314	0.14564426483995918	0.9267516018497742	1.146599137370739	0.7404621368473839	-1.4334111273793035	1.2543820079340295	-0.7556321251005191	0.6847437427930841	1.6403435766351737	-0.6666428843278407	0.9194090868600164	1.4684192760088308	1.2008430452723813	-0.6486349015227779	-1.1994145331749426	-1.7471555185723195	-0.16445730602910796	-0.26658846886653825	-0.3398889768529972	-0.23310919900155452	0.8034674404087252	1.710967745107425
YDR150W	YDR150W	1.0	1.4442466981510675	-1.12816206407585	-0.8795513807002064	1.148877150881962	0.3034217153863053	1.059973795385621	0.7007366499747439	-0.022707374122170332	-0.5430620078085939	1.082012575979708	1.171849705602548	1.0196707582752988	1.0372393516689749	-0.4393985471877994	1.4503935831429602	0.28032441205165504	-0.9625006926120021	-1.2768748641272454	0.4405036650058372	-0.19378852727892276	1.1664348633109924	-0.3709399497886667	0.9806948572892209	0.759709019489115
YLL013C	YLL013C	1.0	-0.8403995773338773	0.4954614801168884	0.9561077264205381	-0.38497703633002006	0.6939324523372883	0.4126965715974256	0.6316676141599037	0.19261491352352467	0.6211288388858653	0.48320726629645216	1.7553827153574904	-0.13090355210891175	2.0608479651337195	0.8333468011628307	0.76808269853886	-0.6770703637950284	0.011494440101159353	-0.5087643665946682	0.3918053619591946	-0.7702199682058071	1.7287168026626458	0.654016803089269	-0.9904280472430107	0.13316298449819897
YHR120W	YHR120W	1.0	-1.533804729587236	1.5310200786676882	1.5424310710898916	2.09938015761406	0.5471103918938154	0.6435689407532574	-0.3358288938421498	1.1175463376678956	1.6055511133949418	-0.7583953986890517	-0.8067709726380747	1.258524864870792	0.625855560619551	1.469411832417975	1.9132483638255198	0.9791760503075473	2.1263150801317647	0.009581817289984973	1.2063750180480646	1.1021376989367324	0.39513324571316666	0.15078487411508068	-0.23597870068315913	-0.22859956248065133
YGR101W	YGR101W	1.0	-0.23492754983208003	1.0851805263306644	-1.4803038630832928	-0.2531479736467463	0.8273106600306112	0.5280900455490888	0.3243117178318594	1.6675512827008705	0.6090119807664882	1.5630509010491616	0.9197069113863293	-1.2074321134490427	-1.5486563982447836	0.23520217153750855	-1.6056691501276843	0.7385531248850892	0.019139347999033662	0.9289187986735741	0.8012175627927453	0.6340211073128588	1.9472951852579037	1.5681017851683847	1.496130517077669	1.210675861253747
YML104C	YML104C	1.0	1.2820161297057464	2.766627275258444	-0.9975596505079249	1.6357884823262003	-1.077613105775877	0.6858937330071335	-0.25410042867639243	-0.10841482905071359	1.1540510026271906	-0.16330143928517254	0.7692716938450267	-0.2294568988332542	1.8592734928456003	0.8299236587152529	-0.1567526217549015	1.9626135180855098	-0.29489823592566194	0.18652034310436305	0.5586595042515582	1.4805074660111621	-0.9857995161974005	1.3350300423651271	0.6883634461706192	-0.5504900710483676
YJL063C	YJL063C	1.0	1.3029968541915664	0.7228693603957671	1.8391321940953949	1.002866600501186	0.4192950270213562	0.5969796464824279	0.49588469043005257	1.4768797246435892	-1.061108387610851	-0.2900450810871997	1.489828904069283	0.13709028636593362	0.9392286247397478	0.823907960371525	-0.0426399545957214	2.6336920966721675	1.4970854431511906	0.8046943452465685	1.4620870552353373	-0.24151347538398266	1.566527229445664	1.4920891090586703	0.24081782383575012	0.5493266557306808
YIL065C	YIL065C	1.0	-0.2203752367889879	0.4268102284369511	1.6071795014830694	0.24812624276811107	0.6766258502565943	-0.36225960425986053	0.7757137709658941	0.3909799163235855	1.5787412933934017	0.4710840779563425	0.21313769826633877	2.117814760371949	0.6244036638709188	0.2721046910741931	1.21912802022028	-0.8786687013104968	0.17349680363582942	-0.3146910416068636	1.340908958697964	0.06085975289283907	0.5520511914125547	1.7926517757541034	2.126289056940969	0.10661479525118234
YPL098C	YPL098C	1.0	-0.3521800310840247	0.7567221358969115	-0.1336164953016728	0.2341613871928186	-1.484779808630448	0.19728919587570054	1.8642564944987539	2.7604084451729123	0.29862537795493754	0.6122608776751866	-0.7084185601001214	0.396684835078397	2.232863504054952	-0.028799458927003474	0.8410397960529962	1.541699490416649	1.0000980696167554	-0.13252310464678568	0.2060797446482755	-0.10770810544455439	-0.7844801992716908	1.127311059204838	0.3452931981464944	0.6997607176604435
