YORF	NAME	GWEIGHT	Primig00_SK1a alpha t 0	Primig00_SK1a alpha 1h	Primig00_SK1a alpha 2h	Primig00_SK1a alpha 3h	Primig00_SK1a alpha 4h	Primig00_SK1a alpha 6h	Primig00_SK1a alpha 8h	Primig00_SK1a alpha 10h	Primig00_SK1alpha alpha t 0	Primig00_SK1alpha alpha 2h	Primig00_SK1alpha alpha 4h	Primig00_SK1alpha alpha 6h	Primig00_SK1alpha alpha 8h	Primig00_W303a alpha t 0	Primig00_W303a alpha 2h	Primig00_W303a alpha 4h	Primig00_W303a alpha 6h	Primig00_W303a alpha 8h	Primig00_W303a alpha 10h	Primig00_W303a alpha 12h	Primig00_W303a a t 0	Primig00_W303a a 2h	Primig00_W303a a 4h	Primig00_ 6h
EWEIGHT			0.7462905992734366	0.2650481272903159	2.6615024468726647	0.026795953373109492	-0.508841663971111	-0.41607019961606717	1.4365614291944229	-0.8057285739343558	0.28544676015868187	0.8266109807374034	-0.812842225862151	0.8851309959371187	-0.9593232415337446	-0.10727658264347689	-1.0701950587738889	0.9837638826211985	-0.3090921401814338	-1.7151506127690725	0.6303091479572132	0.5089328427457862	-0.4249982307750272	0.015762117990977445	2.042543386769042	-0.8011622105350866
YDL025C	YDL025C	1.0	1.470916948854531	-1.1013927598317825	-0.9967529233055287	0.291166127055805	-0.487516949054575	-0.8480079557532553	-0.8097393207243979	2.239538096812444	-0.028662154027372332	-1.2300219964361683	-0.3141771186161059	-0.8728492922234286	-0.11080144894005887	-1.2676371637911852	-0.8991556897949766	0.9410619432833955	-0.261226673577389	0.2545390281255788	0.46504936539277525	-0.13578533125571174	0.09973306184876128	-0.49758108860630756	0.8267080737516315	-1.3032435185345168
YPR128C	YPR128C	1.0	-2.2623501637434025	1.5700611543295842	2.453925162519893	-0.12883169402515623	-0.5821803558195651	0.3099952152848572	-0.8002680407106268	-1.1884496592486464	-0.849530836516617	-1.1349623956307329	0.768365217389162	-0.8449191131957761	2.214523995915587	1.461489027634076	0.7045478291888104	-0.49414235188260663	-0.6001314067558682	-0.7117530358374643	2.5006162452453276	-0.6957611201130166	-0.5681753610509553	1.3503808865142621	0.2562218762509579	-0.4239302084568145
YKL032C	YKL032C	1.0	-1.914283293238848	1.0551957707910982	0.12787982111852095	-0.38963224514122663	1.2790959224994178	0.8043145450674525	0.2964395721632076	0.8881182270251036	0.8149151845494235	0.005841237096846717	1.6915024729267039	0.6671267969717709	0.9552646509107914	0.09669554682757794	-1.2926055292317298	-2.3754984830924584	0.22757007378285418	1.6340646972691382	0.26872121844801605	-0.5331969344946054	0.37409840843789105	0.7030395451177134	0.38569263830878053	1.0434390423737265
YNL325C	YNL325C	1.0	1.062473162943554	0.9513055469874878	-0.28621689986497373	-0.06486841801136885	-1.802657279269347	-0.21601955507329842	-0.17942366751885636	-0.3764009186595459	-0.23500621013609685	-1.1404885609539335	0.8013261441084955	0.09073242519994469	-1.4718888418956173	-0.42480130939017785	0.41198681287194283	0.07336267921542977	-0.11404912426328563	-0.15472057287631805	-0.8595224623135438	-1.5115927110839384	-0.11405604799598226	0.22363165624897446	0.019116307294169264	-0.3844344041539855
YJR150C	YJR150C	1.0	1.362529169916922	0.025169151195783435	0.2511398183882707	-1.9178590047629978	0.599841523847308	0.7111584611218931	1.35374250868293	0.12174907224053234	-0.0674205539374742	-0.22065532651870765	-0.22616769732288816	-1.7964210640549576	0.48067060957400964	1.468602707640477	0.6676335311105599	0.023558811922003188	2.1178851170871162	0.2847129821796621	-0.19101696020681752	2.4513706130221755	-0.9068533993256823	0.9887406237652338	-0.5445984018361221	-1.5187560594924019
YPL201C	YPL201C	1.0	0.9168499599205403	-0.7870528851506006	1.2151382991497126	2.473980262733361	0.4583433422190889	-0.2653521018541937	-0.7414031260972412	0.22904858132949601	-0.6964626950400513	0.5258070848743717	0.8764978980566882	2.1586213275573525	-0.5369424839934569	-1.058660672791014	-1.5959050996667372	0.35438746308154584	-1.3734731919824015	-0.8039605171580144	0.10504522767745322	0.4607073798316525	-0.511715953649841	1.205940210163768	-0.5804895053516345	0.27220675784021886
YPR097W	YPR097W	1.0	-0.62071714572154	0.30923009456331585	0.2135985527305699	0.36740297808026723	0.16915452790833221	-2.770415502205008	1.300437582043382	-0.9786104641820336	0.24590888417515397	0.3062402766546072	-0.588575827567777	-0.8323018688290601	-1.199112659182867	-0.13916434466116442	0.6923462100218915	0.4189528677233513	-1.9820972459642918	1.0622392794105162	-0.7293369311663912	-0.5692008460672346	0.47189401851872215	1.15966432361885	-0.4579631882808342	0.2166172836478197
YER048C	YER048C	1.0	-0.3483923881036397	-0.08370890414166768	-0.1778919779213361	-1.6758906189067613	0.6553739628358338	-1.7168987272183491	-0.6708459664634006	1.702562030904432	1.408313356138783	0.2851993169880962	-0.06836135280093268	-0.42009141103082	0.7607211662957416	0.8952719116571692	0.20205142292891673	1.0481227886509692	-0.5284647684366699	0.7098840509382367	-0.2751476796014767	-2.765972148740563	0.2717638004946026	-0.38771235716389735	0.43365667803679536	0.4790989782351355
YIL114C	YIL114C	1.0	0.6713128180560376	0.25159675740921256	-0.7035118487481298	0.531468863447045	-0.03487186312990697	-0.03175561102477359	-0.953603690264812	-0.2035662916793119	0.6317997859775206	-0.026138633119280937	-0.5935131018250378	-0.20332376198516042	0.28217344671206784	1.1104347315017193	1.580320075033912	0.2675337153261295	2.2464182146853395	0.6090341514628278	0.1552599467571192	-0.7438441665205554	1.249253779880728	-0.4213211250273502	-0.6667623630100318	0.62040557194659
YBL018C	YBL018C	1.0	-1.533677609272948	0.6966948889662283	-1.8847596868431737	-0.6338561938621218	-1.6119803453768784	-1.3102809537625966	1.71313179352811	-0.254378749560081	1.0927780471489676	-1.0997537146942578	-1.1034777692975521	-1.6191896873188687	-0.7887344339680369	-0.37553643070267956	-0.9980861850244219	-2.4114048869420888	-0.693531122486191	0.08667443115006837	0.3039239583780715	-0.14014680880084276	-0.39892533950107056	1.5091991180212063	1.6306336601728642	-0.27133864503621064
YNL098C	YNL098C	1.0	-0.18628988771358956	-0.2329948308511422	0.5163671100423349	0.892995374543614	-0.2585398875674787	-0.7160285078289604	-0.6599055534534944	0.020380257946687557	0.20618551991289605	-1.0045008505549187	-0.3608906404212969	0.7440073714826219	-1.556396820239139	0.7746116578496264	0.9453917356353447	-0.46843659056433945	-0.8333574428365252	0.27212395885029206	1.8737978245051174	-0.6655396259202516	-0.9716460105126787	-0.423647245244244	1.0529647517188885	-0.6569282342545313
YBR234C	YBR234C	1.0	0.5796792358358608	-0.404695860437495	0.9631452613199312	0.4044040330576265	0.05490298938657523	0.4070229455361035	1.3782241232028403	0.4644778361648479	0.8950570496843577	0.11447037826111056	-0.7212245364228611	1.0913206679478369	-0.8310177505868248	1.5680390437587823	-0.7366653355188142	-0.04080863127072981	-0.9785994946549605	0.21327723110534108	1.184951749585203	-0.039305248251689184	0.9854973308115547	0.7679213705884714	0.3407535683574023	0.2663740242101071
YJL166W	YJL166W	1.0	-2.4092194474527275	2.082815262640715	-1.7355146525098972	-0.6127972831077537	-0.1273103996194889	0.7504744695971995	0.1668664648448689	-0.1293123662150223	-1.3628522914730687	-0.5691349729810757	-0.4390926229433075	0.004377819019386957	-0.4201182483366122	-0.8822646232310207	0.314595320656739	-0.15424916030341257	-0.9031887599426872	-1.0164925822914788	-0.8261228723584118	-1.3072843775079381	1.5598565744073634	1.5478422846494564	0.0352985283468772	0.8624394479074342
YDR006C	YDR006C	1.0	1.2461830321516738	-0.4331165934327514	1.0462944659859652	-0.943100097189818	0.662987559099568	0.23283607251174096	0.6296374838902655	-1.963923988421076	0.02731209235667489	-0.5708483664303794	0.527386204715029	1.1640624930977375	0.9132435258148008	2.5257600979716814	-1.1799278819181926	-0.36908023748120494	-0.6865019380185453	-1.6344780403118435	-1.4747793171710053	0.5280252931150602	0.05288877855390315	-0.9398406023234903	-0.4876296020222998	0.4022148340474812
YCR014C	YCR014C	1.0	0.5191686910186032	-0.5445414537891158	-0.8630027954629539	-0.9174586050455549	-1.4754987887285416	0.7822076698188202	0.09208606204417619	-0.3961220355547383	0.5443063668265135	0.25573770849879085	1.7339620921456145	-0.9198994225901281	0.011822281034038137	1.1730203009245705	-0.9027054532303596	0.7171157663202788	-1.0138315213989113	0.6253051594643111	-0.09483892902413973	-1.6044503002360744	0.9640445345336022	-1.044481737939198	0.8350101161217465	-0.5863515596494098
YOR291W	YOR291W	1.0	1.669104409071277	1.2943262372165696	0.8830013244013882	0.2540413891593162	-1.1731785787180138	0.696472629598573	-1.1341666679334947	0.36248698329389983	-0.022423099001871557	-0.023098229231887507	1.1447647070296552	-2.6212878008733944	-0.3442939405962354	0.4940174859929819	-1.499688203032924	0.36928799545973856	-0.395253725150855	-1.2112288515072616	-0.6644059324016354	0.48369927786248257	-1.1341751445184043	-0.02715160361700873	1.606330060542065	-0.9428445392830113
YNL252C	YNL252C	1.0	1.9417664196016404	1.0959332593357747	0.33132051659688666	0.8282228865494272	0.4262675737449266	-0.17815399375594462	-0.43965446563782795	-0.15880345323322406	-0.7143052144536032	0.037950757776303565	-0.2787247066252095	0.26879242218023947	-2.2652955732277937	0.5801172782412704	-0.06933300336536768	-2.050874550768875	-0.5731330280848733	-1.3003212996170121	0.9328113393874762	0.04882024545325053	-0.7003798996958239	0.2670544623377879	0.14466761778051954	0.5442213360667476
YGL215W	YGL215W	1.0	0.11223891317026106	-1.139250160435828	1.3194424671078773	0.5708180847022487	-0.5928883180536403	-0.7391085933911464	1.4066488532536714	-0.5776149044371734	0.5163835046163509	0.23397604690463827	1.0829956069713347	1.5382288077512742	-0.11146552026040943	1.1089611470015157	1.9442733519381694	-0.7034166415585418	-0.3033567452256705	0.043248749708752914	0.014291506330641416	-1.6314377419878912	-0.3473556802403784	-0.3101222727811956	0.6409045592666353	-0.7613225530062632
YER185W	YER185W	1.0	-0.48488865887273636	-0.7110618781182304	-0.1222156133503827	-0.9668076652175375	0.7562359249235978	0.6108379918680827	-1.421076531889216	-1.323430373759622	-0.08801736173117064	-0.060948999479780316	-0.17760211831259587	-0.7059961495348634	-1.1881013077301343	1.6232392639649311	-0.5076081237959827	0.7089813996542237	0.22028147982470112	0.08618830058648475	-1.6660968861388556	1.111656413753934	1.1282779411926744	-0.42459534520200165	-0.5183008676546381	-1.2919172559169794
YDL209C	YDL209C	1.0	0.9357785945539017	-0.5412617158490662	-0.7533650877971693	-0.19561056601170682	0.47642206946793475	-0.7239871803589311	0.8669871698988426	0.8032209156687615	-0.8169679566798517	-1.4814622115211802	0.8707230774718075	-2.0943509830245235	1.3330098050083867	0.29994120500852195	-0.47499245419636804	0.7554793334723768	1.6894889300985436	-0.4288514424051317	-0.3115140494545372	0.4480208831867186	0.55537971022582	1.059265120297582	1.2657897264338345	-0.34876319023204555
YBR113W	YBR113W	1.0	-0.936163334991478	-0.032057153259188065	1.2434813071098034	-0.36162258725270635	-1.5866376010027314	1.5270793875472806	1.0405504445832159	-1.2863859451615778	0.15603291324995314	0.17578443095991453	-2.217540517524023	-0.07358879455456073	-0.8640186722427937	0.10509364718440592	-0.5640474690471448	1.5163466851557912	-1.3877337469627717	0.7272566309523543	-1.7113439594843796	1.0514563129474994	-0.14496977690648674	-0.7900544412466515	-0.742054182139554	0.5243066364494472
YGL052W	YGL052W	1.0	0.6248157367741212	0.038033542309375695	-0.47242267508307345	0.4652138250494034	0.8769724085765301	1.1015066295140703	-0.21687965501824927	-0.4138725043327062	-2.339296872068863	0.5569207507342324	-0.3030423781371867	0.23816704516881995	-1.8091194940744728	-0.6897122169171968	1.39437333837393	-1.3902274045312182	-1.8791965721783266	0.6490361377004157	-0.558862895543757	-0.8583444020102844	1.3779078863969327	-1.571079489080777	0.12170819778067406	-0.3715989427469642
YMR027W	YMR027W	1.0	1.8753623222094167	0.2245492482486319	-0.3502611425554114	-0.8523503273375388	-1.6291018985496746	-0.19933996857978242	-0.37525521519556865	-0.14402432188801556	1.6561274492149116	-0.9733259513471101	1.3468566785290546	0.8568367704868337	1.109863313113664	-1.1227363813219424	0.27739300575559517	0.3134150395118979	0.5679882007714141	0.03119670542505907	-0.007316142384893349	0.5612832470477059	-0.10744616236236001	0.5159666614798702	-0.003329611848487175	0.08346075569699463
YDR398W	YDR398W	1.0	-0.30456292193125734	-0.2916527590216215	-0.5759128413838751	-0.22161670038520195	-0.7556494989313335	0.23090090511300163	2.0239985850867126	-0.14656772861855547	-1.654414414907884	-0.5424662348889053	0.29040342339438757	-0.8521512731866198	0.18431117537405206	0.447640311642644	1.2991563187948107	0.14241601728940553	0.6835180592114071	0.7266213309157976	-0.22600712218892707	-0.39877258363116874	0.6812072617814997	0.0005832856848184288	-0.21220599269812923	1.0449809267442198
YLR105C	YLR105C	1.0	1.930480613190887	1.2850934573066521	-0.17817457887746538	0.5660566989473018	-0.2736541535916561	-0.18479816472409086	0.6857827529484573	-1.0683785139433157	-0.2180915623334059	0.23656971558537085	-1.2837698082519602	-0.9599061531096051	0.6648538100613226	-0.9565360125965174	-1.5275227583673257	0.4150968166384332	-0.5587263914343331	1.7629114112622297	1.5283539881999202	0.6023877600210074	0.5364043193213495	0.11318390594249902	1.6319502326464077	-1.1067602584366523
YJL210W	YJL210W	1.0	-1.4753964515542095	0.9917851969372391	-0.9735536551912303	1.4539502575875531	0.8489557450983339	0.13267657082740875	0.43745251966567905	0.7704346687416774	1.196771180579657	1.2616652712620176	-0.949081898230475	-0.15470059234045946	0.8285260253239272	0.3081900625676232	0.8340768398155566	0.7720805903555831	-0.2576902749957099	-0.046007927065151485	0.7675173183713977	-0.6707991906686434	0.951037047546661	2.046352585442424	-0.6955515261527331	0.08088800055287594
YBR111C	YBR111C	1.0	-0.27296796287255454	0.8090385665125862	0.5323705869772662	0.481256528918666	-0.5204820478553243	-0.3233755293229497	0.9877859232207464	-1.2828516282063822	-0.741669040677259	1.2243266288300596	-1.1759542785674606	-1.940247653207945	1.3883205583697198	1.5223640618663832	0.5355054140009835	-1.0765761907621898	-0.2639515484498377	0.6609051388174978	-0.4592473195661072	0.17620552370057785	-0.1537063397729348	-0.8884639463578933	-0.1583782794376076	0.9742167276591875
YDR243C	YDR243C	1.0	-1.5410698585855622	-0.509230337165496	1.5637715493650943	0.20596238790874824	-1.4828563427298451	-2.127391022532788	0.341512813679193	0.9328598572299742	1.2104923880803276	-0.6652883928849257	0.15033681412923894	-1.2259170078652102	0.7738206976563883	-0.18477148932510418	-0.35932282365698515	-0.5227154413086897	-0.0653411697485598	-1.384473916631213	1.6128918845566935	0.076318151701222	-0.2986131497872245	-1.2155558992641986	0.9620207596757833	1.2616429518823375
YMR046C	YMR046C	1.0	0.6460707591884565	1.6465302591198403	0.17399251616762493	-1.6501864833354332	0.4887409362959709	2.115879947990171	0.05443471747670736	0.7899227758077281	0.5007135402440772	0.5404344474054477	-1.114614676085692	1.550602597185115	0.6193821368226933	-0.03490343048224191	-0.7162220947215231	1.5973408248345538	-0.3180037788386919	-1.3316270644961121	0.41576455281448604	-0.5433180151481046	2.5704033797963555	2.6861340284417685	-0.011443290843817922	0.6549638902987961
YDR356W	YDR356W	1.0	0.4906783109152699	0.37626656110936396	0.6205814733363004	0.48028937168235836	0.33252781974109297	-0.7688503010637101	-0.627680178827245	0.28355618269385136	1.2111070663229337	-1.178406091760584	-0.11170192171717058	-1.172552556979488	0.26259473799277594	-0.6324619736270827	0.6321259515330896	-0.2424805916526553	-1.214205373833486	0.5782630045225086	1.9743082778801049	-2.207436160803983	-1.3647221620318248	0.19306163449506483	-0.31598504186788956	-1.895101275298209
YML103C	YML103C	1.0	1.2003498526769851	-1.2307641574153103	-0.37766029731588446	-2.165197763608221	-0.30202823791880684	2.266640578125605	-0.9910875700096008	0.638298747688345	0.902558546881817	1.1415171925977419	0.6717447304367903	-2.2772741340757663	0.2572981843738141	0.6172184238184742	0.13182534854295405	0.47897349907679493	0.6791036240636663	0.22452886018710197	0.6373215544624096	0.4648762900847115	-0.05934137013908184	-0.04886538170345837	-1.2119178154301784	-0.9320313494076002
YKL128C	YKL128C	1.0	-0.19473874775009245	1.966454755113039	-1.1530257846482448	-0.04350157430805082	-1.9816880715044973	1.3689745149482908	-0.32493914987901207	-2.612689001364727	0.3753814161765959	0.5136064395998352	-0.22145720407499486	-0.4758979704330364	0.5584311656503274	-0.11062730509183216	1.3189889414744105	1.5082914620627188	-0.2642632573490375	-0.3356109145763577	0.8645621996487697	1.1515067774704528	1.2971540390153007	1.0035335936346332	0.47453959773488097	-1.3142205614029283
YJR030C	YJR030C	1.0	-0.00724510637027827	1.8508923189332847	-0.9985291940376309	-0.402398074842663	-0.3911819366820208	-0.5256294737822941	0.7888990303245128	1.1127324710483613	-0.18071251771514144	0.17569160864734307	2.2023661088362885	0.39761412617178776	-0.8459288200564408	1.4045625761434135	0.1868126814481029	0.6159808727793754	-0.9510088323849594	0.35617735773078074	-0.587009506291636	0.9605598355317989	-1.1658681111553975	0.8113500741489498	0.26442593822838767	1.6118900205509883
YJL200C	YJL200C	1.0	0.39295820983448626	0.22510166019146713	-0.32212490907798513	0.7871293683195304	-1.3343237916468806	1.202726040822483	2.4317334793499557	-2.257188838338911	-0.7717035270644169	0.8425919410110033	-0.054470074338453564	-0.9612761613774414	-0.3306442283073106	-0.4858867489113134	1.2721221972337244	0.13202988433259452	0.9915273116375609	0.6167259032862576	-1.4356920675609	2.27395763144349	-2.1003924485400858	-0.13702685753184618	-2.063307233986319	-0.11418317728994996
YCL031C	YCL031C	1.0	-2.4665447228853177	-0.843439061720504	1.498846778414161	0.49592711219380636	-0.34122221456013135	-0.3121018561657455	-0.8331024052650123	1.8471834320809641	-0.6022070426433996	-0.4514268156371562	0.9289266368764295	0.9030486470941849	0.7033915738530344	-1.1869824179920812	-0.7565924870718432	1.1101521291661431	-0.21653827210197452	-0.4317800340181343	0.6334660950207804	1.0555846921216143	0.7442718840156188	-0.4278699650381409	0.26062108797749667	-1.2499400729411092
YLR159W	YLR159W	1.0	-1.4835396307331554	0.7592099809418689	0.3028721061813882	0.3931085451805382	0.7367882562368524	-0.9644622353100354	-2.281240140292233	0.12054541428422044	-0.26833356868705066	2.146325164197578	-0.8340806026187746	-1.589544036871258	2.1724218182908093	0.5578865656492928	0.5843620119140606	-0.820090949515365	0.3801764963737969	1.0050067981168287	2.0424259051735625	0.7007661232959143	0.782749905094786	0.02699167432526696	0.07478445592706921	-0.9443510599997109
YFL066C	YFL066C	1.0	0.5307358534789914	1.4433292316075441	0.13098698751069401	0.33454767488031517	-0.8785221840022166	-1.2073724509913193	1.1533644552860596	0.2214896499267695	-1.2106296192617967	-0.011692359410060513	-0.33264592256190534	0.5896015679721329	1.6810710237287017	-0.19247230395792503	-0.606101117247022	-0.2599682453117864	-0.4408182977788184	-0.11934538358101039	-0.6743050717040571	-0.4699560746901945	-0.22751383840542624	2.508371237943334	-1.5155826606305387	-0.6894251552396858
YBR023C	YBR023C	1.0	0.8330660897417759	0.604936952662071	0.9601105315183013	-0.1578058072174196	0.10534416395028014	0.28004212828896974	0.19525440839037492	0.044829176008208856	1.2169183639390295	-0.3270449719704265	1.8346750773158351	-1.812014222527578	-1.268287460335776	0.02822021441422009	0.0899896492317026	-0.40768712746700686	-0.2568094491145457	-0.6245966867484674	0.5185738800567377	1.2556105678072231	0.025617096662036033	0.9283347441198506	-0.19896068889359322	0.38525720113739337
YGL011C	YGL011C	1.0	-0.11009067049747191	0.8199548722541278	-0.24665471571743822	0.7331268057687214	1.0363563997929626	0.19598314179096346	-0.9143506644649865	0.8054558477191005	-0.5573152004787844	0.22742721851273623	0.24937034091454954	0.1467848690574448	-0.9748108419582701	-0.11897127164386455	-2.073558775755589	0.4434472366635055	-0.7410635216373305	-2.3863916545956836	-0.08393733008733789	-4.634095003531255e-06	-0.3973225166499912	-1.4119849264884556	-0.9608335587486866	-0.9834948650068533
YNL327W	YNL327W	1.0	0.35871222488334514	-0.5838412940900823	-0.11789608095308135	-1.4884161794034916	-1.0591461205729515	1.816659907008198	0.19426993750665514	-0.2907416080742872	-0.10449169552714349	0.11404306100600169	-1.459035070070982	-1.4167086780621991	-0.42587978290078005	-0.11455323279123854	0.8519762640244251	1.464706768017967	-0.7805125971146814	-0.9680561921814413	-1.0710790856372312	-0.2881848792072965	0.21077922406756971	0.5007446271296794	-0.9486287873178424	-0.6814050410495041
YKR021W	YKR021W	1.0	1.0345089903374902	-0.20802077737236674	-0.27478564750501805	-0.04098046768753168	0.824671956232247	0.6981249196071108	0.3129272160271877	3.724356370413231	-1.2609901115076325	1.5284331735505792	0.28536031056441646	0.962852018150096	0.5025949804340882	0.2284807152769304	-0.20664320243475615	-0.0010712875369486875	0.2368667168277841	-0.31667526927311146	-1.5443417293202757	-0.8905725369711935	1.2996904394092241	0.34204653752453595	-0.9366884186216062	-0.0930477681372581
YLR003C	YLR003C	1.0	-0.03980771302323216	-0.8766930149019965	-0.14047910728054233	-1.4451353321545983	1.4984516409723936	0.01541394810385693	-1.4299302131564169	1.1846412570613756	-0.12381172039169218	0.42803932103781595	-0.7507685250101366	-0.7656785271279554	-1.1899186533444672	-0.5470538809529277	0.7283929944931309	-0.16170633095318152	-0.6814346929134605	-1.1378579115972316	0.14273492774151889	1.4906112169423444	1.0500797884649333	-0.4120997891888656	0.04365426383583394	0.4084757365498601
YEL049W	YEL049W	1.0	0.5410410325023748	-0.8857598989513744	-1.330163963011786	1.0182840550516192	0.4534418057541136	0.5618442570908744	-1.2147459285461537	-1.229361612688945	0.12591195024664031	-0.9937623033298136	0.5142650224635424	-1.0006495558012072	-2.425196191998857	-0.6460484801330043	-0.5995466974300657	1.6117175766415928	0.3876576415976035	-0.8134200651248313	-1.7932423804144861	1.115841102136746	-1.0127079936067467	0.14174885990782857	-0.718181562577228	1.3593487098921528
YGR235C	YGR235C	1.0	-0.08503921278957247	-0.14647913228780748	0.8329369893392524	-0.25707112542654936	1.4799186844202665	-0.48523609958650693	-0.659100717601757	-0.2237359877213756	0.9242397329982527	0.6731150644566898	-1.9758231776847939	-0.6575573076207769	0.4902716847357625	-0.38126711068200553	-0.16167174828546113	1.652395859031282	0.5394486537637925	0.3318245152607931	-0.6108505894426223	0.24345841321118483	1.398946600029454	-0.5049875286975563	0.7296906166997473	-0.42218888797750687
YMR221C	YMR221C	1.0	-0.39887620355010084	0.38308828774822534	-0.6418677422116613	-0.6265568012009493	0.25642164249695804	-1.708364336261624	-0.3292072795973935	-0.44887797405983376	0.02139169930584436	-1.774499614282799	0.2944454616727959	0.7752547286415894	1.4558331686399415	-0.2923603829609336	0.4260737071731684	-0.42331390639179023	-0.8020820119526583	0.10367406277592403	0.17099413607165959	1.9421375994041026	-1.1499344225277137	-1.1282220824035654	0.8526646016179537	-0.22525915546258315
YER101C	YER101C	1.0	1.7808827195747452	-1.3048422262465174	1.1691587824550953	0.4897289607816786	-0.22612869869778107	-0.656734025939379	-0.500914608349109	-0.25291478525615163	-1.1293656293390462	1.9132792733226285	-1.2903975377469328	0.7327830386210326	-1.8829403222665402	-1.102733632678582	-0.8946541967057727	-0.5844960990061191	-0.9683782100943384	-0.7084572902023709	0.9197826565046454	1.9363786821956577	0.7648269212687289	-0.5512747313361301	0.02087738837127306	0.6100230929387027
YCL017C	YCL017C	1.0	0.27749682223036365	-0.29447007450082263	-0.8003731481446611	-0.7354376826568119	0.18598973024166157	0.026951814267269208	-0.654169505108475	1.3233872416533514	0.44679167968060585	0.22912279248450285	1.3809378055301156	-1.1118548633955587	-1.9014128482499557	1.342674545064078	-1.5378120351442481	-1.1988486185938496	0.532296011083929	1.979551999308182	0.4059477515494214	-0.2098655193881362	0.2534547576943937	-0.2181563691031655	1.0092776041632703	-1.1751170005080074
YGL017W	YGL017W	1.0	1.2014445904196538	2.003707125106838	0.8601808692242646	0.5016945632651747	-0.21842958290891507	0.9051230925069808	1.4693455500149393	-0.0645081362644597	-1.5513510889549407	-0.24940591283747904	-0.8357079419451415	0.9199862489586266	0.23766141786807518	-2.036928541586529	-0.13981037879680946	-1.342011611138413	-0.6679795620061827	0.10035141806346178	-1.4058374366489081	2.0725628737287085	0.658794250782282	-0.5819868615609626	0.9743039228194386	-0.06936455029046633
YIL037C	YIL037C	1.0	-1.4092254199943002	-2.0182611611762815	-0.765665195318563	0.9719956365013656	-0.4530062468241802	1.1293410147668552	0.8603511769166753	0.6795044953569033	0.338790269646343	-0.2052888902127238	-1.0733911155083882	-0.1587029088095127	-0.2738619206881821	0.9296823805609673	-0.5650602407268032	-0.33548234499404245	0.1574631530363618	-1.2485262009716236	-0.35476100357276646	0.29650741741610526	0.21743076859933672	-1.7689072144716607	-0.5481615615100506	1.3981275358529268
YMR134W	YMR134W	1.0	0.26124443422371063	-0.5986947218842726	-0.3658644472021099	0.7753959640036155	1.6518312926426988	-0.4974581877995841	0.10152658545343285	1.076252425212751	0.4087235751097982	1.259529727003566	2.2959484606252376	1.992850206378701	0.832849898299201	0.5805675529858303	1.2919577629417154	-0.5578922157143991	-0.27399156150199994	-0.3607981511095362	-0.28565840970425976	0.5402209861639284	-1.3442547693144438	-0.02082524860615459	1.0945744965977973	1.6800597786237355
YDR177W	YDR177W	1.0	0.49945306244400345	0.24270936173236973	0.5059183161586651	-0.630824750057567	-0.005234253175396123	-0.7284299041771467	-0.5322804581016974	-0.552678082742164	-1.071650816053632	0.7195553202906884	-0.7369547096412339	-0.6906883092340713	0.22450721718198363	-1.3997412336759578	-2.9501662381992357	1.012564878660807	0.5322105831550178	-0.0894011598528289	1.3508629634942038	-1.272263633984487	1.1665623355236152	0.4192515520439782	0.48963088369677366	-1.344667723799338
YER168C	YER168C	1.0	0.05782599963422187	1.3496130675875728	1.442861074617127	2.3992127319677263	0.1519774502899013	0.20803053721026454	0.4509299394879894	-1.504731641305454	-0.9284055597386724	0.2761815151888153	0.532059998268792	-1.200634079672084	0.43509379592761765	-0.3510817197291728	-0.03868459174141025	1.025124217561489	-1.4861306146203925	1.797327907388112	2.808466966085077	-0.3580596189589111	0.3459140229310398	-1.3100532674699827	-0.5264164556425674	-0.4146437919101044
YPR051W	YPR051W	1.0	-0.19583537804041998	-0.5129096133377308	2.1867850896471963	-1.3674966611128747	0.7187500164220567	-1.5426909592984361	-0.9221774986635285	0.5510556676410366	1.4389402576515253	-0.8113031277194019	-0.2113131298066725	-0.7873745095262641	0.35056712124042205	-1.0750311501807834	0.3582595098121831	-0.3736975904288017	1.2237191940837118	0.21747525782216665	0.7005843692844562	-0.06908554153443594	0.13018618238466306	-0.6088939781005086	1.6554657500005403	-0.5959657076016426
YLR220W	YLR220W	1.0	2.514992892529349	-0.026807315641047345	-1.4793922896556044	-0.2238385230541895	0.15065585592074027	0.18176407809947975	0.10043338656127	-0.8101017083250599	0.005188188667992188	0.703690328101673	-0.8404189213237915	1.7361889727414836	0.3272340387760852	-1.7980319411776307	-0.03335007389341212	-1.1393239680111795	-0.6356649536547317	-0.11839392485390751	-0.0687059697742873	-0.0652753805040985	0.44328329500142066	0.13041676700025834	-1.0077367886634907	1.2622108771280007
YDR516C	YDR516C	1.0	-0.42832980696226564	0.2724625431146886	0.019862682861441137	-0.7647233591590398	-0.310498557745098	-0.04005589614393536	1.4559065687333226	0.46502460343390345	-1.7608298973916492	1.2442983502797085	0.9822602501126453	0.17475051841578124	-0.54136074678868	1.8834872054734295	1.179904816314702	0.33748921718577096	-0.1607243969993333	2.1689718049146745	-0.6545482609268968	-0.5234385141571465	0.10345021972642193	-0.48137901484327295	-0.6954733329054873	-1.2837064823004276
YPR010C	YPR010C	1.0	-0.08294048018516333	-1.612533049097949	-0.37930376333576593	-1.2876031959912175	-0.8891013279014932	-0.7259349830638789	0.22683904315508224	1.8456279011285623	1.0258017177070766	0.18500060375303	-0.40095930930357737	1.2541216953784893	-1.2459279134827077	-0.6820279353612083	-0.37590816918001113	0.2785097518516787	-0.06678215486392089	-0.5522789084261608	0.19163891350439508	1.7567774742943842	1.1141867840091253	1.3772164516766643	0.9930992736522083	0.23790975134092598
YPR171W	YPR171W	1.0	-0.32978535000106735	0.2831699509940322	-0.03828922382969275	0.13521868946719096	-2.0776695886026038	1.8147502279904821	-0.8448225112363781	1.0945890120735562	2.3955203924831694	-0.9031607813156608	-0.22298178474709796	0.1983730863111203	-1.9689204214727296	0.7131728036065306	0.1793631008626213	-0.8650493909526388	0.29757553020600497	0.18830354386128598	0.1934556322790305	-0.6938995799936952	-0.8821743043262197	-1.2229090328471008	-0.6214411636610507	-0.7207972486076135
YOR150W	YOR150W	1.0	-0.8724465877381177	0.4372783162910433	1.7146517396763605	-1.4916894118861623	-0.7844855473480671	-0.11219836594917726	-0.07842166919224733	0.3408951521658989	0.29919296459366257	0.9022543169770696	-2.190262779604018	-1.914514170084126	-0.8237719748214393	-1.171352088143427	0.9540940691051961	1.0936037017440494	-1.011900247325956	-0.3503504445094746	-0.407472365655236	0.4881276098690611	0.3314697030101322	0.9966874513335936	-1.162696155609662	0.7551067694561394
YJL143W	YJL143W	1.0	0.4620792364378675	-1.4218721537460792	-0.10035309223485708	1.8887400431790538	-0.33719670985244327	0.16177888364968568	0.7745243132318548	0.3915310213965869	-0.025522912223179282	0.5384210825686996	0.32120375331753054	-0.06457812457253329	-1.5430433667035197	-0.08508433205712349	0.4017078250791303	-1.3885499184740242	-0.2747878552518604	0.29812094135855755	-0.34559891126866704	2.374124098358554	0.4660124134364699	-0.37363880334738303	-0.6439457989131858	-0.6399101145793585
YBR164C	YBR164C	1.0	0.1889246520532589	-1.6409639942769034	-0.27132545766812566	0.44367326533115414	-0.33508155207879387	-0.07150474319100857	-0.09807993591844656	-1.2866561542630923	0.3774071050134747	-0.0007494721121423617	-0.9273873862431592	-0.2938786753735491	0.9444454587351203	-1.338581382127876	-0.5646560688416612	-0.2945600246411405	0.8360228261335729	-0.6984580393207491	-1.5545099510711144	0.1767513927398585	-0.2535282842290159	0.9932171288192568	-0.86046286933168	-0.4524337460989382
YBR286W	YBR286W	1.0	-1.5202837179907556	-1.3045111514159757	-0.5879089228348224	0.38805993162781927	-1.7464997996940481	-0.792651273085274	-0.6805348832320546	-0.767595852095166	-1.091723801575942	-0.431159159693002	1.5643926880375785	0.5746363622748177	0.18690770996538575	-0.9691127691113527	-1.7975499637155368	2.6232390160808534	-1.617254162695037	0.14358003390162	0.8941144857484831	-1.9411332321139863	-0.16845606540878477	0.8489870659458333	-1.733728981076788	1.0652623945718493
YEL066W	YEL066W	1.0	0.9007621012899036	-0.9960463751196765	-0.5415087043406877	0.09575010590850606	0.4559683201654942	-0.012995318199168496	0.6369699668402029	0.7503975558461978	0.5507897706989843	-1.4835965907774893	-1.0777579729342632	-1.1434929972561305	-0.8779557573145006	-0.7579494873674041	-1.4520857134667822	-1.8799332081820443	0.7251642159110661	-2.0123981482921276	2.2807974224688916	-1.1546829214428442	1.8703170856960607	2.185391456312058	0.20070144133222032	-0.9864226877751076
YPL213W	YPL213W	1.0	-0.71912099087066	-0.9467623647737261	-0.05784722348245189	-0.7303547491661151	-0.11617872813373617	1.0918735183930555	1.3405745372797342	1.260007249881496	0.27250461674219373	-0.8846059635907702	0.47441299678642973	-2.76224701337389	0.3563931406897428	1.3966454992226398	-0.7102281732945581	-0.026757767041883353	-1.2769067087983081	-0.0787807579749786	1.2655159686234927	2.077421776217352	0.5152814372636149	-0.21147989692874328	0.38478205593833764	-0.3204542908668873
YCR087W	YCR087W	1.0	0.011187293319960179	-0.5401754742091466	-2.031385397865254	0.48547464224731174	0.8957430809363599	0.3281090377117149	0.5864372298365349	-0.13793122821870163	-0.2608676521152643	2.4594958666047018	1.1119591501759571	-0.3939388923063923	0.17572756909624307	-0.22046649663974577	1.2482087993755548	-1.0559403403494676	-0.0921444303637016	0.8260030889020392	1.4022569735647519	0.27537910145493844	-0.9621252060411865	-0.9367563371622243	-0.020869179256470062	-1.1341130773539405
YDL136W	YDL136W	1.0	-0.48923420892364716	1.5220159870150132	-1.5714198399943633	-0.6068949335122237	0.4752445827280991	0.26688545258055035	1.2770492611267399	1.3085410184046489	-0.5785067138051955	0.6729766539494095	-0.6024635333545615	0.856132363278516	-0.3996193653732002	1.3264039099969485	0.6895660223153096	-0.17110770603459302	1.8016844044316744	0.9097350005490767	0.7608094051531504	0.41434403064498515	-1.8335565093980881	0.48237011151441417	1.2822051609675535	-0.5403875542371467
YML074C	YML074C	1.0	0.6277116467607091	-0.9208056996585806	0.9199787829517657	-1.9874808983280587	0.9882388704895299	-1.6338291289385487	0.4158097615051507	0.6000699835843066	1.0723015479201328	-0.1976031977648176	0.40788121399245847	-0.30848379893491706	0.8373832282086513	-1.632591036566114	0.9575382187255262	-0.03724013889922608	-1.2735027297142238	0.4899948088210606	-0.19382155796742634	0.6336172114626512	-0.8182475370598993	0.7861291853483451	0.28602734923243367	-0.4876064241476656
YHR112C	YHR112C	1.0	0.48556710441567386	-1.332010834517606	-0.5467438334553852	-0.7133662276236514	0.2849230373796217	-0.9991875662230001	2.6594949983068155	1.5881327913326502	-0.22331187433918834	-0.10213217090969388	0.3040255358589443	-0.6211087638528296	-0.6739035916922735	0.14008422294371986	0.9855410482734583	1.1255605323535494	-0.41572007995612115	-0.5045209521653409	0.11716709017014519	-0.29735705508162774	-1.4674807767483073	0.06640490024380462	-0.44082733757774784	0.23412398199639264
YJL031C	YJL031C	1.0	0.3651183974244667	0.12496379032412017	0.5927236450932254	1.8837913826971369	-0.07749053628588166	0.8987130453260603	-1.5314134526993126	-1.0591336069149409	-1.6668059040065757	0.7502482839967218	-0.06555078204873244	-0.07425036276921404	-0.5497113919828052	-1.851208924981712	2.131288217110794	-0.3918000985197696	-0.5399811975281439	1.223081989047923	-0.0925991473843997	0.44141833493800303	0.3135630377562184	-0.325276139664524	-0.2807869041030324	-1.9876535278395364
YLR357W	YLR357W	1.0	0.7993644511128476	1.0862450037236286	0.8366073338427515	-0.00482626324904336	0.3146464514395434	-1.588892114161508	-0.006394094605552523	-1.3484850851739554	-0.6861327757082509	-1.0912231494515856	0.9937923300339225	-0.14207400033992756	-2.4414839527584564	-0.6194173768611481	-0.5663624731567524	1.2583662891438296	0.18896019445403464	0.3378194184941301	0.34092858192445846	0.7169773917591225	1.5621656676402742	-1.466347788967777	0.5066351262538361	-2.047168977882484
YNL195C	YNL195C	1.0	1.4057740582238931	-0.2321135126661775	-1.1908847218197973	-0.9957881022969327	-0.23857853375395252	-1.3734411392237522	0.11115361719750023	1.3574742100848098	0.03560157572917196	-0.2797380377577834	1.2704163315942318	1.0016481595675117	0.34279440048287424	-1.0370347202349228	-0.34215350450003545	0.16533840798313934	-0.8725417926890268	-0.09792833280461012	-0.9315399244310593	0.7213899570417369	0.043977975765901116	0.25419659438717507	-0.5980948600481163	-0.2745159535607554
YDR522C	YDR522C	1.0	0.5056869518582728	-0.2862948162031111	-1.1501661531107932	-0.48188837315108046	-0.20489111492620304	0.36466946097398395	0.724446545842868	1.0923819394245333	-1.0584048452972814	-0.47145810886072775	1.0264124788168871	0.0834645795808039	0.1809302903730026	-0.10465375466862466	1.6890465824018783	0.16907956490512638	-0.6291773954238985	1.9029399428405782	0.11606280602861697	-0.1834983272066616	-1.9772148575271384	-2.350851385118431	-2.116736634578311	-1.2504417063708013
YKL010C	YKL010C	1.0	1.2037555230411965	-1.0460388693665763	-1.0675903407606706	1.0971694826134681	1.626445589258303	-0.4351706721873244	0.12724350881380975	0.8105750487258659	0.38781360366629514	0.11434129149735481	1.9326461837816495	-1.5618778877948416	-0.6145211150883988	0.2116948652022543	-0.4555412025290479	0.35973667023597933	0.49338471719523325	-1.7355406979019659	-0.7663651387307264	-0.050228629103908594	0.9393112356065192	0.7899905580858959	-0.1082382550682371	-0.49827766692962605
YPR153W	YPR153W	1.0	-0.5376207950433805	0.7990037317664264	-1.687718497547476	0.8135040118663304	-0.6070275567312993	-0.001662699570813463	0.08108877782663697	0.36949551423854904	0.0818279248504555	-0.3527204291665151	0.10003702284897056	-1.5412336088936123	-0.07751667620367798	0.8915712634968471	2.617250996758022	1.3511990011408026	0.05293021044516665	-1.2779702067859062	0.6765375281025083	0.382810206998906	-1.0093950478947527	0.8127889908156093	-0.7059093934155978	1.1614758751779168
YGL179C	YGL179C	1.0	-0.049744613968966504	-2.0321418366257675	0.7434072252809611	-0.09990553844286958	0.7541592694848428	0.2776562575285484	1.5265203506816285	0.3308824122968044	-1.5698176311037804	-0.1336099757606188	-0.09743837774206086	-1.1844936818349867	0.4624526883584218	-0.011867003764507543	-0.9095470652992025	-0.387600619192652	-1.0147895345256497	-0.3235737862154726	-0.9214274139859496	2.0075625714261225	-0.7795294749107655	-0.7986810177439577	-0.4108697381418737	0.5549746244588639
YGR293C	YGR293C	1.0	-0.3749159798196744	-0.592099585188185	-1.1471295978475817	2.234384459922197	0.017428780844881746	0.3357348932037831	-2.0124700653093694	1.0391285293120436	-1.3359379017806217	0.7786750520322407	0.11065006340016291	0.17967377487680383	0.5957558500624561	1.1070976286875123	-0.5005791161039658	-0.34834553829183695	0.5832358595274756	0.052876639350143105	0.5187939745065864	-0.15675415914553034	-0.4769672471803463	-0.930173054405546	0.2236476792035054	-0.9405395996758534
YER152C	YER152C	1.0	0.5727137759243908	-1.1331123693553935	0.174401293565451	-0.06557029003632009	-0.8225015550317799	1.1124062775874082	0.5591836732923475	-0.9701472225946978	-0.794394717298435	0.03371713344733018	1.6075380765270453	-0.6315332586992705	1.921281958145923	-0.06704129638765242	-1.3389594072847402	-0.2672633631169043	1.5732041495739209	1.3426289533931668	0.8610274396826397	0.6977310006449516	-0.456315334337632	-0.0929917227253037	1.2577917643606704	0.12528573873098414
YDL123W	YDL123W	1.0	-0.8460044660482142	-2.2675302973355245	-0.7312016584477772	-0.6538642683691326	1.228059156046046	-0.0006925984411849638	0.3843147561793197	-0.9420045738401004	-2.299223855195352	0.7480863719529315	-2.928345544404343	1.4625696376338844	0.3855832360694545	0.4576498284979321	-0.3721643755339885	0.6710905763315388	-1.2211373743394356	2.99062731126794	-0.882421412389759	-0.049119981683814345	1.4380248161378255	-0.220442236867762	-0.10815336452901571	0.42898719005181346
YGR086C	YGR086C	1.0	-0.71396137103019	-1.6129882713764039	-0.15052440613774642	-1.5112689996722046	0.8112162698198707	-0.26017301932630066	0.31113871831852835	-0.1864085912767713	-0.6871482573386666	2.59872482752764	-0.8423672749195469	0.5147505069906423	0.5456445556823769	-1.1347219254851175	-1.1562473156744384	-0.3046900066985455	1.0452087298240176	1.702803898833916	0.49919640667355514	-1.015228740916541	1.616839914705899	-0.6193012217303933	0.7946683629230511	0.9361577149755468
YOL123W	YOL123W	1.0	0.6130769652166049	-0.6516826808975914	0.10937130530312741	-2.2498638467563166	1.6128544252498982	-0.5348959281466193	0.6115951982534229	0.6526589809647986	-0.5037338305282425	-2.8197880727118356	1.3712389834433405	-1.216560922909798	-1.0535369822176834	0.6384059764379248	0.0031006782657845454	-0.5601100637193278	0.37137288681972985	0.49662113407152925	-1.1729325765976204	-1.6632112171792006	0.3555409289891017	-0.7492006675197987	0.6351000236578243	0.8890539054965906
YML017W	YML017W	1.0	-1.23075309501514	0.30751654398709044	0.634505304187673	-0.1635238243768786	0.05562851899390604	0.9244202713688967	-0.005531098145130301	-0.7913911421102923	0.9607558495481858	-0.4662578595131951	1.1261482888800955	-0.7571439289068329	0.6039844624931364	0.03197995004677347	-0.008787626417555641	-0.9127330057958983	0.8113979974109926	0.7874157242308435	1.2092565545776477	-1.710215877390653	-1.3470263520559211	-0.5771858910738052	-0.8337915250351255	1.343793178892579
YLR068W	YLR068W	1.0	2.778636345736455	-0.3415702593849423	1.0299350771623628	0.2286762959396828	0.6914635454579816	-0.27175545984510585	2.39611072814044	0.18603231017452135	-1.054808180725404	-0.996610330175971	-0.1211973793814072	0.04802923695603957	1.8404611204440149	-1.1542052931202085	0.7944124259524975	1.3913356076927594	0.25358571642811417	-0.002255309373979657	1.1586250684473494	0.5503552490002971	-0.10154831064722017	-0.6324390929463901	0.6200925490569863	1.1861825553836607
YML112W	YML112W	1.0	-1.8428446643662477	-0.8075647049985591	2.1662294646863467	0.040637497961356545	0.720735583536187	0.6581532479877401	-0.3556586508062047	-1.124146266574752	0.6994151569396766	-1.2247031185033912	0.5906645561835079	-0.7060439571680257	-0.19024585118349255	-1.3869965007783176	1.1734390655123157	0.5896792610927355	-0.1253003398870227	0.3378817640526021	-0.18742559629971314	-1.0761884431905608	1.028523952730998	0.07049102255518822	0.05739902799348558	-0.13197848040828514
YER055C	YER055C	1.0	-1.130130470729845	-1.7259783475939778	1.1311572256642832	0.16699265531786225	-0.4539218021040599	-1.1030376113749047	2.417224537172581	1.3209744394136014	-1.1403427002217252	2.329773533656005	1.5865130836975285	-0.23253737889251164	1.3794616581462595	0.96299471595507	1.299639320209808	0.23888461170455216	0.6241623905336643	-0.7464753515304758	-0.7978837408457343	-0.5180594652687153	1.5779338424930047	-0.17464018741505408	0.615589356775824	-0.33460546084440446
YHR113W	YHR113W	1.0	0.007213533566651743	0.5103959990100332	-0.054177819532049684	0.9683226103233348	0.7594236653271043	0.9209293123653336	-0.8557365439539225	-0.1493709671325065	-1.157410439053946	0.9435765487310381	-1.1709384416378632	2.251130360478351	0.31810530214246663	-1.3355115086517257	-0.19054735814928095	-0.5340288981330699	-0.14094039812448095	0.28477880995042915	-1.7107221695418637	0.8478746551422194	0.29724892454927293	-0.4830743391251532	0.39522879105019704	0.3881069865635756
YMR030W	YMR030W	1.0	0.06783880146802676	0.6761686939293704	-1.3253631690939265	-0.6237158322696404	-0.6898110652789224	-0.5160403623572023	-0.4542311315569688	1.0787440072622756	0.5495696816933503	-0.1456000222719767	1.7681964969121777	0.23515260963782947	-0.13991272502798843	-1.2389398459256187	-0.3424031425720947	0.41378754388610317	-0.09810956619408814	2.6608687824135484	-1.5745740268671897	-0.022368858535381314	-1.6023072042618591	-1.18924335463561	0.11574409532911344	-1.8259053641210998
YLR204W	YLR204W	1.0	0.10839484914030241	1.2125844430423403	0.7744119213738827	0.4554754944605315	0.6879899201423164	-0.8722107009973492	0.5523365642649688	-1.9131052750190816	-0.25139866454324356	-0.3517294230880746	-0.4462550354021181	-0.9767719464468022	-0.6390956864397195	-0.08993617428020934	-0.20986579053209925	0.36200998776052573	-0.16407628992820106	1.2397859211295619	-0.7426974335125759	-1.4043568060465927	-0.25183481818017855	-2.07542469919837	-1.8817244032280331	1.1807754668304358
YNL257C	YNL257C	1.0	-0.7699605046041177	-0.057382615369794235	2.0130923198682225	-0.558584680221921	1.2465927079081969	0.673425562852905	2.0772339488917453	0.22060830335800652	-0.47952733125720204	1.198749663283891	0.056250325867518616	0.039844736531572965	1.6925575670871935	-0.9207798540047888	0.07259354333810868	0.16437180335480514	0.1304433102536314	-0.7658110598309573	0.08767335728980241	-1.7710414497927758	-0.27496149068825837	1.162602246227059	-0.6099005359511775	0.8318239367178879
YMR093W	YMR093W	1.0	0.7604136362071339	0.4813144093342649	0.3032777759683921	-1.0611133675282682	1.8025239701311087	-0.19595551936319444	-0.9349337301355173	1.1508034983336473	-0.5373838314756951	0.10574809367279246	1.0866420936880368	-0.9378989779963465	-0.464313152505675	-1.101904845994084	1.1282686070112624	0.27283401950882985	-0.48708852499135974	-0.0424613397150375	0.5631919263179443	0.9178510630779039	-0.12614222787290033	-0.6275138318238004	-0.9301195386683238	0.17526786879490466
YGL199C	YGL199C	1.0	1.6991519489165336	0.1443554082027644	-0.7076228306141038	0.6413292911515336	0.23226782991258213	-0.7086907788831776	1.0840858016700379	2.092577634088578	-0.7679385312058065	-0.37325040360034617	-0.05223757592701706	-1.0984200003904705	-0.3660118240542225	-1.457942218198257	-0.10760626235131608	-1.8080347889453858	0.14231383056916685	-0.40740543020512243	1.5809949775301764	1.7235004279989972	-0.3957574046520197	-0.49103412805041896	-0.41817279809183777	-0.6976262484976988
YDL006W	YDL006W	1.0	0.1117252151580837	1.115801709809642	0.7303702836923557	0.6613792949720927	-0.3935796452518247	0.6029973609761523	2.8093859114364705	-0.7245769593966247	1.0681596586161193	0.057528515234314626	1.1317225037011152	0.9819312468456161	0.3086959366139178	-0.24556136898720965	0.9055754040119914	1.2046241044197894	1.5860549109306126	-0.6736567594934062	0.34879897894258194	-0.5695807864151192	0.9297300595729041	-0.06436083893487204	-1.4574645491166751	1.5348643672167237
YML061C	YML061C	1.0	1.3792181490524038	0.6567480132529738	-1.761810078953491	-0.09478913270719375	0.16910019961907558	1.763916935839442	0.7294896773244083	0.5075238396431024	0.9415289384613549	1.2440024325073746	-0.551296144294454	-1.7600684019264805	-0.9286379861042331	-1.4086105114694654	0.8138605349508192	1.2540661989394937	1.045206855475148	1.5475082927225463	-0.7807144545953135	1.4942352132731158	2.012863478546142	1.1064401698487345	1.1708340378874331	1.9872964516453806
YDR150W	YDR150W	1.0	0.3821917811798404	0.27297324241134313	1.1109776914567389	-0.07493190167155622	-0.18837406948951535	-0.029902349906758496	-0.035524010902646286	1.486274972341869	0.4911412831890397	-0.41298983427907815	-0.4418989560971734	-0.2715211839416238	2.9555158613472456	1.3048137841529424	1.6991930562813162	1.6290471350134959	2.1269869468238483	1.3482435710819378	1.4944151556636807	0.6988042075497121	0.431432376004076	1.9109040463879952	1.2132678470771052	0.1152067843531479
YLL013C	YLL013C	1.0	0.9871158663645461	-0.5453096701815847	-0.578955489204138	2.055928032202458	0.0005271249441113901	1.2960876040783091	-1.8826143116255336	1.4376551007268137	1.1107121874341908	1.6007994003099397	2.2925568500474673	-1.2569236496065157	-0.10833521145064601	0.03045971264020164	0.983567897469122	2.7447226465014363	0.6116208163129442	0.5472479992993596	0.025344032560640606	0.5749554781153806	0.22300380192896485	-2.3926427880515955	0.182189626731391	0.9445915666419319
YHR120W	YHR120W	1.0	-0.08102201100876188	-0.6892208577094454	2.1767061898275384	-0.31118272720414536	0.5982049973424	0.43883245149201755	0.5162833489659583	2.195048603982081	0.9202095491570683	1.6376895274475922	-1.2022639757625706	1.8649011929180654	0.8429506663124153	1.0600898920873063	1.576591683471485	1.3559320344535093	-0.8771306122968896	1.1929207886911444	0.6013868680609593	0.6837879949334462	1.6428760198834	-0.08327262734438795	2.0932507917044316	0.5447634829523482
YGR101W	YGR101W	1.0	-0.4370836682253549	1.7778563792204767	-1.1330708300066024	0.38090937670380554	-1.1620501371600138	0.5764912357567159	0.44622719786865844	1.1312470918616044	0.1917505134258472	1.6414983079541108	-1.387930332769225	0.8703794344192084	1.3349125680241816	1.5174418168958628	0.7553407956775018	-0.12575132021050967	0.3283877662027074	1.3817601447294783	1.0695831018035675	0.43632158000254756	-0.996621825609757	0.4578892556079079	-1.5300552329112218	0.401867729005727
YML104C	YML104C	1.0	0.055646764820308614	-0.2661655299570193	0.2601264002799289	1.1615559455128672	0.3523340118354913	2.295682666446578	0.9192323381220967	1.1113103802177262	0.19910936777060995	-0.0754422987770656	2.35237454447033	-0.6655761252923726	0.5498794933754861	-0.3924220700444166	1.5003037424868981	-0.595907673412422	-0.1001469070621655	0.5248644028932541	0.08718196763251512	0.08265009015104147	1.4766332851983934	-0.22958511141398258	1.1832068722659945	0.9769336814080742
YJL063C	YJL063C	1.0	2.371305503378272	0.03260515464746028	-0.21325060115650557	1.5706000893677052	0.5932125484419773	0.4440678902133198	0.40983437153576285	0.9049657016182606	-0.15260339864569789	-0.7358238695144717	-0.574551831676201	0.19599621371668408	0.3593764091977548	-0.019247853414296523	1.1237368166874053	-0.6979443347755108	-0.6921950879959262	-0.1324815216922946	-0.03976760233641502	0.374199867516705	0.9785522819340478	1.2074317360622837	1.2611949170819199	2.02874056413724
YIL065C	YIL065C	1.0	1.5693498511658273	-0.7455941180819166	-0.21415563222792516	-1.2747020490163405	-0.8399247587750855	2.2600240412804435	0.8464209908415884	0.3084425869219075	-0.12035093603082397	0.6633533309038148	0.5878178673280836	0.6709690439836654	-0.6205847020871798	-0.06550781595637561	1.5129777553171717	0.3708617394976397	-0.6443077402758317	0.7210029265848259	1.0631994931865922	0.41475333396849545	-0.8401288672578093	-0.011744669590190548	0.8315037605737998	0.2506649007865004
YPL098C	YPL098C	1.0	2.304842415201864	0.3546987211727051	1.297769274723853	1.331157357741349	0.2145727702580943	0.5984727058577702	0.9938164538272181	1.8546243459127565	-0.20885771874251308	0.6639634691148188	1.0685443246103954	-0.9633574905649143	-0.5039403879394513	0.5069346848493905	1.4699713045126033	1.253174631508267	1.2751284519458677	-0.5027300275523583	0.242967366737963	0.5334504996905279	0.5695019418525566	0.974129359721511	1.6892087894825218	0.23932129800583585
