Gene A,Gene B,Label,Score,Precision,Recall,False Positive Rate
YHR215W,YLR178C,1,8.907128,1.0,0.0009708738070912659,0.0
YCR017C,YOL041C,0,8.697493,0.5,0.0009708738070912659,0.00010030090197687969
YNL088W,YMR280C,0,8.537522,0.3333333432674408,0.0009708738070912659,0.00020060180395375937
YPL163C,YLR093C,1,7.407587,0.5,0.0019417476141825318,0.00020060180395375937
YML018C,YKL124W,1,7.3690352,0.6000000238418579,0.002912621246650815,0.00020060180395375937
YPL100W,YNR013C,1,7.2181234,0.6666666865348816,0.0038834952283650637,0.00020060180395375937
YCL040W,YCR024C-A,0,7.1089935,0.5714285969734192,0.0038834952283650637,0.00030090269865468144
YGL006W,YER072W,1,7.1033134,0.625,0.004854368977248669,0.00030090269865468144
YER144C,YBR199W,0,6.857975,0.5555555820465088,0.004854368977248669,0.00040120360790751874
YJL151C,YMR305C,0,6.7110796,0.5,0.004854368977248669,0.000501504517160356
YDR284C,YER072W,1,6.658285,0.5454545617103577,0.00582524249330163,0.000501504517160356
YDR281C,YNL006W,1,6.5900564,0.5833333134651184,0.006796116475015879,0.000501504517160356
YPL163C,YGR295C,1,6.5780563,0.6153846383094788,0.007766990456730127,0.000501504517160356
YNR061C,YIL099W,1,6.3872776,0.6428571343421936,0.008737863972783089,0.000501504517160356
YNL015W,YHR205W,1,6.3703766,0.6666666865348816,0.009708737954497337,0.000501504517160356
YPL019C,YKL124W,1,6.3505588,0.6875,0.010679611936211586,0.000501504517160356
YDL077C,YPL154C,1,6.341234,0.7058823704719543,0.01165048498660326,0.000501504517160356
YHR026W,YFR019W,1,6.3066235,0.7222222089767456,0.012621358968317509,0.000501504517160356
YDL239C,YKR001C,0,6.2184634,0.6842105388641357,0.012621358968317509,0.0006018053973093629
YGL047W,YJL138C,0,6.1056676,0.6499999761581421,0.012621358968317509,0.0007021063356660306
YPL152W,YEL011W,0,5.982046,0.6190476417541504,0.012621358968317509,0.0008024072158150375
YOL084W,YDR313C,1,5.9770246,0.6363636255264282,0.013592232950031757,0.0008024072158150375
YHR113W,YNR013C,1,5.973482,0.6521739363670349,0.014563106931746006,0.0008024072158150375
YDR313C,YLL051C,1,5.97099,0.6666666865348816,0.015533980913460255,0.0008024072158150375
YER073W,YCR003W,0,5.9687705,0.6399999856948853,0.015533980913460255,0.0009027080959640443
YHR039C,YPR020W,0,5.9686913,0.6153846383094788,0.015533980913460255,0.001003009034320712
YDR171W,YBL009W,0,5.9325237,0.5925925970077515,0.015533980913460255,0.001103309914469719
YOL129W,YOL084W,1,5.9146786,0.6071428656578064,0.01650485396385193,0.001103309914469719
YLR378C,YOR245C,0,5.888867,0.5862069129943848,0.01650485396385193,0.0012036107946187258
YHR113W,YLL051C,1,5.8683786,0.6000000238418579,0.017475727945566177,0.0012036107946187258
YDR281C,YMR195W,1,5.837956,0.6129032373428345,0.018446601927280426,0.0012036107946187258
YLR372W,YPL187W,0,5.8270764,0.59375,0.018446601927280426,0.0013039117911830544
YOL154W,YML132W,1,5.8064985,0.6060606241226196,0.019417475908994675,0.0013039117911830544
YKR013W,YEL020C,0,5.7924547,0.5882353186607361,0.019417475908994675,0.0014042126713320613
YJL012C,YKL103C,1,5.778223,0.6000000238418579,0.020388349890708923,0.0014042126713320613
YDL128W,YHR113W,1,5.7565746,0.6111111044883728,0.021359223872423172,0.0014042126713320613
YOR205C,YOR122C,0,5.7534933,0.5945945978164673,0.021359223872423172,0.0015045135514810681
YER039C,YLR205C,0,5.7529926,0.5789473652839661,0.021359223872423172,0.001604814431630075
YDL211C,YKL103C,1,5.7235427,0.5897436141967773,0.02233009785413742,0.001604814431630075
YEL060C,YLR396C,1,5.7145376,0.6000000238418579,0.02330096997320652,0.001604814431630075
YNL134C,YJR161C,0,5.7092133,0.5853658318519592,0.02330096997320652,0.0017051153117790818
YBR280C,YPR181C,0,5.7044973,0.5714285969734192,0.02330096997320652,0.0018054161919280887
YNL300W,YNL037C,0,5.6760144,0.5581395626068115,0.02330096997320652,0.0019057171884924173
YEL027W,YDR481C,1,5.674218,0.5681818127632141,0.02427184395492077,0.0019057171884924173
YPR058W,YOL119C,0,5.6725383,0.5555555820465088,0.02427184395492077,0.002006018068641424
YGR284C,YMR083W,0,5.671048,0.54347825050354,0.02427184395492077,0.002106318948790431
YPL283C,YDR409W,0,5.6434,0.5319148898124695,0.02427184395492077,0.002206619828939438
YNL115C,YGR106C,1,5.630391,0.5416666865348816,0.025242717936635017,0.002206619828939438
YDR216W,YAR071W,0,5.624904,0.5306122303009033,0.025242717936635017,0.0023069207090884447
YDL191W,YIL122W,0,5.622923,0.5199999809265137,0.025242717936635017,0.0024072215892374516
YHR215W,YML121W,1,5.598814,0.529411792755127,0.026213591918349266,0.0024072215892374516
YER072W,YBR132C,1,5.594991,0.5384615659713745,0.027184465900063515,0.0024072215892374516
YBL045C,YJL111W,0,5.5841513,0.5283018946647644,0.027184465900063515,0.0025075224693864584
YGR254W,YOL052C-A,1,5.562246,0.5370370149612427,0.028155339881777763,0.0025075224693864584
YDR538W,YBR204C,0,5.556576,0.5272727012634277,0.028155339881777763,0.002607823582366109
YPR025C,YMR305C,0,5.5209,0.5178571343421936,0.028155339881777763,0.0027081244625151157
YPR036W,YBR162C,1,5.5168467,0.5263158082962036,0.029126213863492012,0.0027081244625151157
YJR161C,YNL054W,1,5.504492,0.5344827771186829,0.03009708784520626,0.0027081244625151157
YGR192C,YEL011W,0,5.50426,0.5254237055778503,0.03009708784520626,0.0028084253426641226
YNL088W,YKL157W,0,5.496483,0.5166666507720947,0.03009708784520626,0.0029087262228131294
YOL039W,YGL125W,0,5.4885006,0.5081967115402222,0.03009708784520626,0.0030090271029621363
YDL181W,YNR054C,0,5.4783063,0.5,0.03009708784520626,0.003109327983111143
YGR166W,YLL023C,0,5.47717,0.4920634925365448,0.03009708784520626,0.00320962886326015
YDL212W,YLL028W,0,5.4625597,0.484375,0.03009708784520626,0.003309929743409157
YBR127C,YCL038C,1,5.460268,0.4923076927661896,0.03106796182692051,0.003309929743409157
YDR003W,YOL154W,1,5.4593296,0.5,0.03203883394598961,0.003309929743409157
YJR040W,YNL015W,1,5.4589963,0.5074626803398132,0.03300970792770386,0.003309929743409157
YOL016C,YHR042W,0,5.456175,0.5,0.03300970792770386,0.0034102306235581636
YKR007W,YHR215W,1,5.452158,0.5072463750839233,0.033980581909418106,0.0034102306235581636
YNL325C,YFL004W,1,5.441183,0.5142857432365417,0.034951455891132355,0.0034102306235581636
YJR161C,YNR051C,0,5.432932,0.5070422291755676,0.034951455891132355,0.0035105315037071705
YPL149W,YPR075C,1,5.428965,0.5138888955116272,0.0359223298728466,0.0035105315037071705
YOR196C,YGL187C,0,5.427817,0.5068492889404297,0.0359223298728466,0.0036108323838561773
YPR164W,YPL283C,0,5.4184637,0.5,0.0359223298728466,0.003711133496835828
YMR058W,YKL157W,0,5.4102273,0.4933333396911621,0.0359223298728466,0.0038114343769848347
YOR344C,YNL106C,0,5.3921404,0.4868420958518982,0.0359223298728466,0.003911735024303198
YHR019C,YCR097W,0,5.388453,0.48051947355270386,0.0359223298728466,0.004012036137282848
YLR272C,YBR139W,0,5.386282,0.4743589758872986,0.0359223298728466,0.0041123367846012115
YEL051W,YDR481C,1,5.3795533,0.4810126721858978,0.03689320385456085,0.0041123367846012115
YKL035W,YDL014W,0,5.3766937,0.4749999940395355,0.03689320385456085,0.004212637897580862
YFL052W,YEL071W,0,5.371037,0.4691357910633087,0.03689320385456085,0.0043129390105605125
YOL154W,YBR302C,1,5.337447,0.47560974955558777,0.0378640778362751,0.0043129390105605125
YOL084W,YIL088C,1,5.335243,0.4819277226924896,0.03883495181798935,0.0043129390105605125
YOR316C,YMR297W,1,5.3278356,0.488095223903656,0.0398058257997036,0.0043129390105605125
YDR085C,YDR267C,0,5.3277535,0.48235294222831726,0.0398058257997036,0.004413239657878876
YLR116W,YBR126C,0,5.3220925,0.4767441749572754,0.0398058257997036,0.004513540770858526
YBR139W,YPR052C,0,5.3207345,0.4712643623352051,0.0398058257997036,0.004613841418176889
YKL049C,YDR354W,0,5.318854,0.46590909361839294,0.0398058257997036,0.00471414253115654
YKL035W,YPR112C,0,5.3134403,0.4606741666793823,0.0398058257997036,0.004814443178474903
YOL154W,YDR481C,1,5.3132305,0.46666666865348816,0.04077669978141785,0.004814443178474903
YAR071W,YPL270W,0,5.3109145,0.4615384638309479,0.04077669978141785,0.004914744291454554
YJL014W,YDR258C,0,5.3106804,0.45652174949645996,0.04077669978141785,0.005015044938772917
YKL184W,YJL036W,0,5.3097935,0.4516128897666931,0.04077669978141785,0.005115346051752567
YDR221W,YHR026W,0,5.303858,0.44680851697921753,0.04077669978141785,0.005215647164732218
YGR023W,YLR405W,0,5.2981024,0.4421052634716034,0.04077669978141785,0.005315947812050581
YJL091C,YJL115W,0,5.2969913,0.4375,0.04077669978141785,0.0054162489250302315
YJR161C,YLR396C,1,5.296749,0.44329896569252014,0.041747573763132095,0.0054162489250302315
YOL060C,YDL239C,0,5.2941155,0.43877550959587097,0.041747573763132095,0.005516549572348595
YEL051W,YBR162C,1,5.2931433,0.4444444477558136,0.042718447744846344,0.005516549572348595
YGL121C,YOR153W,0,5.2854033,0.4399999976158142,0.042718447744846344,0.005616850685328245
YGR209C,YOR231W,0,5.2846355,0.4356435537338257,0.042718447744846344,0.005717151332646608
YHR063C,YGL184C,0,5.27781,0.4313725531101227,0.042718447744846344,0.005817452445626259
YJL047C,YGL012W,0,5.277487,0.42718446254730225,0.042718447744846344,0.005917753092944622
YJL137C,YNR075W,0,5.274837,0.42307692766189575,0.042718447744846344,0.0060180542059242725
YOL052C-A,YMR160W,1,5.2703567,0.4285714328289032,0.04368932172656059,0.0060180542059242725
YLR034C,YNL015W,1,5.2678823,0.43396225571632385,0.04466019570827484,0.0060180542059242725
YHR104W,YDR097C,0,5.2543077,0.42990654706954956,0.04466019570827484,0.006118354853242636
YLR178C,YFL041W,1,5.2526407,0.43518519401550293,0.04563106968998909,0.006118354853242636
YHR175W,YPR075C,1,5.2516227,0.4403669834136963,0.04660193994641304,0.006118354853242636
YDR281C,YHR028C,1,5.245184,0.44545453786849976,0.04757281392812729,0.006118354853242636
YNL336W,YJL100W,1,5.2423706,0.45045045018196106,0.04854368790984154,0.006118354853242636
YOL052C-A,YKR013W,1,5.224092,0.4553571343421936,0.049514561891555786,0.006118354853242636
YBR018C,YMR305C,0,5.218166,0.45132744312286377,0.049514561891555786,0.006218655966222286
YDR216W,YGL257C,0,5.2173977,0.44736841320991516,0.049514561891555786,0.006318957079201937
YBL102W,YHL001W,0,5.215273,0.4434782564640045,0.049514561891555786,0.0064192577265203
YKL184W,YLR421C,0,5.2086353,0.4396551847457886,0.049514561891555786,0.00651955883949995
YHR174W,YFR019W,1,5.196066,0.4444444477558136,0.050485435873270035,0.00651955883949995
YDR338C,YHL033C,0,5.1947536,0.4406779706478119,0.050485435873270035,0.006619859486818314
YKL163W,YDL014W,0,5.1935716,0.43697479367256165,0.050485435873270035,0.006720160599797964
YOL084W,YHR205W,1,5.1746845,0.4416666626930237,0.05145630985498428,0.006720160599797964
YOL084W,YKR039W,1,5.172546,0.44628098607063293,0.05242718383669853,0.006720160599797964
YPL246C,YLR240W,0,5.171319,0.44262295961380005,0.05242718383669853,0.006820461247116327
YBL102W,YOL089C,0,5.164942,0.4390243887901306,0.05242718383669853,0.006920762360095978
YEL011W,YLR226W,0,5.164052,0.4354838728904724,0.05242718383669853,0.007021063007414341
YBL040C,YPR025C,0,5.1464186,0.4320000112056732,0.05242718383669853,0.0071213641203939915
YNL037C,YNL256W,0,5.145584,0.4285714328289032,0.05242718383669853,0.007221664767712355
YDL025C,YBL009W,0,5.132292,0.4251968562602997,0.05242718383669853,0.007321965880692005
YCL038C,YKL184W,0,5.130331,0.421875,0.05242718383669853,0.007422266993671656
YIL099W,YKL152C,0,5.13019,0.41860464215278625,0.05242718383669853,0.007522567640990019
YPR075C,YBR161W,1,5.121686,0.42307692766189575,0.05339805781841278,0.007522567640990019
YHR175W,YMR195W,1,5.1192427,0.42748090624809265,0.05436893180012703,0.007522567640990019
YHR175W,YJL172W,1,5.1182995,0.4318181872367859,0.05533980578184128,0.007522567640990019
YNL125C,YNL275W,0,5.112833,0.4285714328289032,0.05533980578184128,0.007622868753969669
YGR087C,YOR303W,0,5.109123,0.4253731369972229,0.05533980578184128,0.0077231694012880325
YJL172W,YHR039C-A,1,5.1055975,0.4296296238899231,0.05631067976355553,0.0077231694012880325
YGL255W,YBR077C,0,5.0902686,0.4264705777168274,0.05631067976355553,0.007823470048606396
YDR058C,YKL209C,0,5.086649,0.42335766553878784,0.05631067976355553,0.007923771627247334
YGL250W,YHL001W,0,5.0853543,0.4202898442745209,0.05631067976355553,0.008024072274565697
YPL120W,YLR001C,1,5.0849485,0.42446044087409973,0.057281553745269775,0.008024072274565697
YDL010W,YPL236C,1,5.082663,0.4285714328289032,0.058252427726984024,0.008024072274565697
YHR216W,YDL010W,0,5.080619,0.42553192377090454,0.058252427726984024,0.00812437292188406
YDR104C,YPR004C,0,5.077621,0.4225352108478546,0.058252427726984024,0.008224673569202423
YJL111W,YHR083W,0,5.074254,0.4195804297924042,0.058252427726984024,0.008324975147843361
YPL154C,YNR013C,1,5.0712833,0.4236111044883728,0.05922330170869827,0.008324975147843361
YPL268W,YML126C,0,5.0708904,0.4206896424293518,0.05922330170869827,0.008425275795161724
YEL034W,YNL224C,0,5.063404,0.4178082048892975,0.05922330170869827,0.008525576442480087
YNL336W,YNL305C,1,5.062644,0.4217686951160431,0.06019417569041252,0.008525576442480087
YGR287C,YEL046C,0,5.059023,0.4189189076423645,0.06019417569041252,0.008625878021121025
YNR061C,YBR132C,1,5.0538325,0.42281877994537354,0.06116504967212677,0.008625878021121025
YLR240W,YDR097C,0,5.048151,0.41999998688697815,0.06116504967212677,0.008726178668439388
YPL236C,YBR244W,0,5.0465403,0.41721853613853455,0.06116504967212677,0.008826479315757751
YGL011C,YMR106C,0,5.0452886,0.41447368264198303,0.06116504967212677,0.008926779963076115
YGR183C,YCR024C-A,0,5.0441465,0.4117647111415863,0.06116504967212677,0.009027081541717052
YJR137C,YNL087W,0,5.0428634,0.40909090638160706,0.06116504967212677,0.009127382189035416
YOR035C,YLR362W,0,5.042433,0.40645161271095276,0.06116504967212677,0.009227682836353779
YNL015W,YKL165C,1,5.038317,0.41025641560554504,0.06213592365384102,0.009227682836353779
YLR071C,YGR183C,0,5.034382,0.40764331817626953,0.06213592365384102,0.009327984414994717
YPL255W,YKR046C,0,5.025561,0.40506330132484436,0.06213592365384102,0.00942828506231308
YIL099W,YML046W,0,5.024733,0.402515709400177,0.06213592365384102,0.009528585709631443
YHR019C,YLR421C,0,5.02382,0.4000000059604645,0.06213592365384102,0.009628886356949806
YDR043C,YLR089C,0,5.0227523,0.39751553535461426,0.06213592365384102,0.009729187935590744
YBR162C,YPL154C,1,5.014866,0.40123456716537476,0.06310679763555527,0.009729187935590744
YEL060C,YDL077C,1,5.0095806,0.4049079716205597,0.06407766789197922,0.009729187935590744
YBR106W,YMR271C,0,5.0025377,0.40243902802467346,0.06407766789197922,0.009829488582909107
YNL069C,YOR329C,0,4.9938183,0.4000000059604645,0.06407766789197922,0.00992978923022747
YNL323W,YIL099W,0,4.9893303,0.39759036898612976,0.06407766789197922,0.010030089877545834
YMR088C,YBR139W,1,4.9876986,0.401197612285614,0.06504854559898376,0.010030089877545834
YMR119W,YGR087C,0,4.9837,0.3988095223903656,0.06504854559898376,0.010130391456186771
YLR362W,YBR244W,0,4.9825745,0.3964497148990631,0.06504854559898376,0.010230692103505135
YBR128C,YDR281C,1,4.977227,0.4000000059604645,0.06601941585540771,0.010230692103505135
YMR266W,YGR206W,0,4.975188,0.3976608216762543,0.06601941585540771,0.010330992750823498
YPL019C,YJR161C,1,4.974742,0.4011628031730652,0.06699029356241226,0.010330992750823498
YDR051C,YKR065C,0,4.974427,0.3988439440727234,0.06699029356241226,0.010431294329464436
YDL123W,YLR043C,1,4.964316,0.40229883790016174,0.06796116381883621,0.010431294329464436
YLR034C,YGL055W,0,4.964222,0.4000000059604645,0.06796116381883621,0.010531594976782799
YNL321W,YIR035C,0,4.963891,0.39772728085517883,0.06796116381883621,0.010631895624101162
YGR254W,YLR220W,1,4.9592113,0.40112993121147156,0.06893204152584076,0.010631895624101162
YEL060C,YFL004W,1,4.958558,0.40449437499046326,0.06990291178226471,0.010631895624101162
YOL084W,YIL067C,1,4.9577894,0.4078212380409241,0.07087378948926926,0.010631895624101162
YDR382W,YLR308W,0,4.956975,0.4055555462837219,0.07087378948926926,0.010732196271419525
YJL138C,YPR140W,0,4.9527054,0.4033149182796478,0.07087378948926926,0.010832497850060463
YEL060C,YMR221C,1,4.950521,0.4065934121608734,0.0718446597456932,0.010832497850060463
YNL321W,YFR055W,0,4.9433613,0.40437158942222595,0.0718446597456932,0.010932798497378826
YNL264C,YER026C,0,4.9399867,0.4021739065647125,0.0718446597456932,0.01103309914469719
YDR073W,YHR019C,0,4.936062,0.4000000059604645,0.0718446597456932,0.011133399792015553
YGL255W,YGR206W,0,4.932786,0.3978494703769684,0.0718446597456932,0.01123370137065649
YKL167C,YPL158C,0,4.9243774,0.3957219123840332,0.0718446597456932,0.011334002017974854
YGR125W,YEL011W,0,4.9173064,0.39361703395843506,0.0718446597456932,0.011434302665293217
YDR422C,YJR161C,1,4.916101,0.3968254029750824,0.07281553745269775,0.011434302665293217
YAR071W,YHR018C,0,4.914989,0.3947368562221527,0.07281553745269775,0.011534604243934155
YDR180W,YGL047W,0,4.913998,0.3926701545715332,0.07281553745269775,0.011634904891252518
YOL084W,YOR273C,1,4.9080257,0.3958333432674408,0.0737864077091217,0.011634904891252518
YDR281C,YDL128W,1,4.905796,0.39896371960639954,0.07475727796554565,0.011634904891252518
YDR155C,YLR378C,0,4.8882756,0.3969072103500366,0.07475727796554565,0.011735205538570881
YOR332W,YBR139W,1,4.8820767,0.4000000059604645,0.0757281556725502,0.011735205538570881
YEL011W,YHR083W,0,4.8796954,0.3979591727256775,0.0757281556725502,0.011835506185889244
YOR332W,YDL046W,1,4.8773284,0.4010152220726013,0.07669902592897415,0.011835506185889244
YKR018C,YLR136C,0,4.8750525,0.39898988604545593,0.07669902592897415,0.011935807764530182
YOL060C,YER072W,1,4.8725996,0.402010053396225,0.0776699036359787,0.011935807764530182
YKL107W,YBR004C,0,4.8714466,0.4000000059604645,0.0776699036359787,0.012036108411848545
YGR028W,YDR147W,0,4.868102,0.3980099558830261,0.0776699036359787,0.012136409059166908
YDL042C,YNL321W,0,4.866089,0.39603960514068604,0.0776699036359787,0.012236709706485271
YEL063C,YMR135C,0,4.8625064,0.39408865571022034,0.0776699036359787,0.01233701128512621
YDL025C,YDL239C,0,4.8518763,0.3921568691730499,0.0776699036359787,0.012437311932444572
YDL180W,YNR013C,1,4.8490543,0.3951219618320465,0.07864077389240265,0.012437311932444572
YDR006C,YIL016W,0,4.8394275,0.39320388436317444,0.07864077389240265,0.012537612579762936
YBR161W,YIL122W,0,4.838201,0.3913043439388275,0.07864077389240265,0.012637914158403873
YDL079C,YLR027C,0,4.83167,0.38942307233810425,0.07864077389240265,0.012738214805722237
YOR344C,YLL023C,0,4.826708,0.38755980134010315,0.07864077389240265,0.0128385154530406
YMR021C,YJL002C,0,4.826371,0.3857142925262451,0.07864077389240265,0.012938816100358963
YEL060C,YCR024C-A,0,4.8257556,0.3838862478733063,0.07864077389240265,0.0130391176789999
YDR006C,YGL077C,0,4.8229256,0.3820754587650299,0.07864077389240265,0.013139418326318264
YPL265W,YBR199W,0,4.820938,0.3802816867828369,0.07864077389240265,0.013239718973636627
YNL336W,YDR313C,1,4.8160515,0.38317757844924927,0.0796116515994072,0.013239718973636627
YNL058C,YMR305C,0,4.8149424,0.3813953399658203,0.0796116515994072,0.01334001962095499
YMR014W,YMR251W-A,0,4.8125744,0.37962964177131653,0.0796116515994072,0.013440321199595928
YNL154C,YPR079W,0,4.8055153,0.37788018584251404,0.0796116515994072,0.013540621846914291
YGL006W,YOL154W,1,4.8047523,0.3807339370250702,0.08058252185583115,0.013540621846914291
YDR214W,YIL103W,0,4.8023033,0.37899544835090637,0.08058252185583115,0.013640922494232655
YEL020C,YGL054C,0,4.790889,0.37727272510528564,0.08058252185583115,0.013741224072873592
YLR242C,YDL025C,0,4.7871685,0.37556561827659607,0.08058252185583115,0.013841524720191956
YBR068C,YPR140W,0,4.7862005,0.37387385964393616,0.08058252185583115,0.013941825367510319
YER003C,YOL016C,0,4.783368,0.37219730019569397,0.08058252185583115,0.014042126014828682
YMR195W,YMR243C,1,4.7810516,0.375,0.0815533995628357,0.014042126014828682
YHR174W,YOR316C,1,4.7807565,0.3777777850627899,0.08252426981925964,0.014042126014828682
YNL300W,YIL017C,0,4.7770586,0.3761062026023865,0.08252426981925964,0.01414242759346962
YOL084W,YOR087W,1,4.7763762,0.3788546323776245,0.08349514752626419,0.01414242759346962
YGR108W,YKL148C,0,4.774432,0.37719297409057617,0.08349514752626419,0.014242728240787983
YOL115W,YIL099W,0,4.767885,0.375545859336853,0.08349514752626419,0.014343028888106346
YKL184W,YMR029C,0,4.7641325,0.373913049697876,0.08349514752626419,0.01444332953542471
YIL105C,YLR362W,0,4.764002,0.3722943663597107,0.08349514752626419,0.014543631114065647
YOR007C,YGR067C,0,4.7634964,0.37068966031074524,0.08349514752626419,0.01464393176138401
YGR209C,YOL021C,0,4.7608747,0.3690987229347229,0.08349514752626419,0.014744232408702374
YNL035C,YGL187C,0,4.758129,0.36752137541770935,0.08349514752626419,0.014844533987343311
YGL001C,YHR102W,0,4.7526116,0.36595743894577026,0.08349514752626419,0.014944834634661674
YPR026W,YMR054W,1,4.751174,0.3686440587043762,0.08446601778268814,0.014944834634661674
YFL062W,YLR095C,0,4.7459793,0.3670886158943176,0.08446601778268814,0.015045135281980038
YML131W,YER118C,0,4.744397,0.36554622650146484,0.08446601778268814,0.015145435929298401
YMR077C,YKR013W,1,4.740307,0.3682008385658264,0.08543689548969269,0.015145435929298401
YNL058C,YLR449W,0,4.7394886,0.36666667461395264,0.08543689548969269,0.015245737507939339
YML058W,YNL087W,0,4.735013,0.3651452362537384,0.08543689548969269,0.015346038155257702
YHR174W,YOL122C,1,4.7311354,0.3677685856819153,0.08640776574611664,0.015346038155257702
YPL230W,YNR075W,0,4.728878,0.36625513434410095,0.08640776574611664,0.015446338802576065
YJL100W,YFL004W,1,4.7231855,0.3688524663448334,0.08737864345312119,0.015446338802576065
YBR139W,YNL336W,1,4.722544,0.37142857909202576,0.08834951370954514,0.015446338802576065
YGL156W,YLL051C,1,4.7220116,0.3739837408065796,0.08932039141654968,0.015446338802576065
YDR284C,YJR066W,1,4.7186465,0.37651821970939636,0.09029126167297363,0.015446338802576065
YDL025C,YPR058W,0,4.7170563,0.375,0.09029126167297363,0.015546640381217003
YML123C,YCR034W,0,4.7152104,0.3734939694404602,0.09029126167297363,0.01564694009721279
YDR171W,YNL312W,0,4.703547,0.3720000088214874,0.09029126167297363,0.01574724167585373
YER141W,YMR251W-A,0,4.702412,0.37051793932914734,0.09029126167297363,0.015847543254494667
YNR013C,YNL325C,1,4.6984034,0.3730158805847168,0.09126213937997818,0.015847543254494667
YLL039C,YDR043C,0,4.6969233,0.37154150009155273,0.09126213937997818,0.015947842970490456
YDL128W,YKL124W,1,4.688736,0.374015748500824,0.09223300963640213,0.015947842970490456
YGR125W,YML026C,0,4.687447,0.37254902720451355,0.09223300963640213,0.016048144549131393
YBL040C,YGR198W,0,4.6791496,0.37109375,0.09223300963640213,0.01614844612777233
YBR288C,YML072C,0,4.6763897,0.3696497976779938,0.09223300963640213,0.01624874584376812
YJL172W,YMR243C,1,4.6761823,0.3720930218696594,0.09320387989282608,0.01624874584376812
YGL047W,YER183C,0,4.674816,0.3706563711166382,0.09320387989282608,0.016349047422409058
YGL001C,YLR070C,0,4.6633735,0.3692307770252228,0.09320387989282608,0.016449347138404846
YOR273C,YLL048C,1,4.657098,0.37164750695228577,0.09417475759983063,0.016449347138404846
YPR036W,YML132W,1,4.6538353,0.37404578924179077,0.09514562785625458,0.016449347138404846
YOL052C-A,YGR106C,1,4.652802,0.3764258623123169,0.09611650556325912,0.016449347138404846
YCL040W,YBR171W,0,4.649145,0.375,0.09611650556325912,0.016549648717045784
YCR097W,YBR167C,0,4.64906,0.37358489632606506,0.09611650556325912,0.016649950295686722
YKR013W,YHR112C,0,4.6479216,0.3721804618835449,0.09611650556325912,0.01675025001168251
YHR019C,YGL187C,0,4.647403,0.37078651785850525,0.09611650556325912,0.016850551590323448
YML118W,YDL150W,0,4.6462355,0.3694029748439789,0.09611650556325912,0.016950853168964386
YMR202W,YCL040W,0,4.640845,0.36802974343299866,0.09611650556325912,0.017051152884960175
YOR328W,YBR171W,0,4.6345305,0.36666667461395264,0.09611650556325912,0.017151454463601112
YLR340W,YDL147W,0,4.634,0.36531364917755127,0.09611650556325912,0.01725175604224205
YJR001W,YNL305C,1,4.6306257,0.36764705181121826,0.09708737581968307,0.01725175604224205
YDL128W,YNL217W,1,4.627599,0.3699633777141571,0.09805825352668762,0.01725175604224205
YFL018C,YOR312C,0,4.627104,0.3686131238937378,0.09805825352668762,0.01735205575823784
YGR108W,YGL181W,0,4.623337,0.3672727346420288,0.09805825352668762,0.017452357336878777
YHR113W,YLR396C,1,4.622518,0.3695652186870575,0.09902912378311157,0.017452357336878777
YDR481C,YBR139W,1,4.6202283,0.371841162443161,0.10000000149011612,0.017452357336878777
YIR014W,YLR447C,1,4.6198525,0.3741007149219513,0.10097087174654007,0.017452357336878777
YBR187W,YLL051C,1,4.619654,0.37634408473968506,0.10194174945354462,0.017452357336878777
YHR083W,YKL167C,0,4.6183915,0.375,0.10194174945354462,0.017552657052874565
YNR036C,YOL027C,0,4.6085167,0.3736654818058014,0.10194174945354462,0.017652958631515503
YNL037C,YJL111W,0,4.6080103,0.3723404109477997,0.10194174945354462,0.01775326021015644
YLR148W,YEL026W,0,4.6072845,0.3710247278213501,0.10194174945354462,0.01785355992615223
YBL050W,YOR202W,0,4.606518,0.3697183132171631,0.10194174945354462,0.017953861504793167
YJR086W,YOR198C,0,4.6055317,0.3684210479259491,0.10194174945354462,0.018054163083434105
YMR088C,YDR229W,1,4.6021137,0.37062937021255493,0.10291261970996857,0.018054163083434105
YKL035W,YBR221C,0,4.6019225,0.3693379759788513,0.10291261970996857,0.018154462799429893
YGL022W,YCR097W,0,4.599949,0.3680555522441864,0.10291261970996857,0.01825476437807083
YEL011W,YGR240C,0,4.595726,0.366782009601593,0.10291261970996857,0.01835506595671177
YCL040W,YLR449W,0,4.5944724,0.3655172288417816,0.10291261970996857,0.018455365672707558
YPL055C,YDL014W,0,4.5918245,0.3642611801624298,0.10291261970996857,0.018555667251348495
YLR084C,YPL170W,0,4.5900965,0.36301368474960327,0.10291261970996857,0.018655968829989433
YOR035C,YNL003C,0,4.58632,0.361774742603302,0.10291261970996857,0.018756268545985222
YAL005C,YML121W,1,4.5802665,0.3639455735683441,0.10388349741697311,0.018756268545985222
YOR010C,YLR089C,0,4.5779247,0.3627118766307831,0.10388349741697311,0.01885657012462616
YML126C,YKR046C,0,4.576523,0.3614864945411682,0.10388349741697311,0.018956869840621948
YDR119W,YLR178C,1,4.5748377,0.3636363744735718,0.10485436767339706,0.018956869840621948
YBL040C,YOL013C,0,4.5693326,0.3624161183834076,0.10485436767339706,0.019057171419262886
YDL054C,YCL063W,1,4.56462,0.3645485043525696,0.10582524538040161,0.019057171419262886
YLR297W,YJL002C,0,4.5624437,0.3633333444595337,0.10582524538040161,0.019157472997903824
YMR052W,YER169W,0,4.5619636,0.3621262311935425,0.10582524538040161,0.019257772713899612
YNL176C,YCL038C,1,4.5611424,0.3642384111881256,0.10679611563682556,0.019257772713899612
YML110C,YJL159W,0,4.55887,0.36303630471229553,0.10679611563682556,0.01935807429254055
YIL099W,YHR132C,1,4.557996,0.36513158679008484,0.10776699334383011,0.01935807429254055
YJR090C,YKR098C,0,4.5574083,0.3639344274997711,0.10776699334383011,0.019458375871181488
YLR144C,YGL002W,0,4.5563717,0.36274510622024536,0.10776699334383011,0.019558675587177277
YLR376C,YNL329C,0,4.5529904,0.361563503742218,0.10776699334383011,0.019658977165818214
YKL193C,YJL093C,0,4.552532,0.3603896200656891,0.10776699334383011,0.019759278744459152
YNL217W,YGR125W,1,4.5516796,0.36245954036712646,0.10873786360025406,0.019759278744459152
YOL129W,YDR422C,1,4.5515966,0.36451613903045654,0.1097087413072586,0.019759278744459152
YOR178C,YOR153W,0,4.548271,0.3633440434932709,0.1097087413072586,0.01985957846045494
YDL232W,YKL148C,0,4.5475187,0.3621794879436493,0.1097087413072586,0.01995988003909588
YCR079W,YAR071W,0,4.545889,0.36102235317230225,0.1097087413072586,0.020060179755091667
YOL052C-A,YML018C,1,4.5452185,0.36305731534957886,0.11067961156368256,0.020060179755091667
YLR220W,YGR295C,1,4.5449824,0.3650793731212616,0.1116504818201065,0.020060179755091667
YMR202W,YOR198C,0,4.544562,0.3639240562915802,0.1116504818201065,0.020160481333732605
YHR175W,YLR220W,1,4.543936,0.36593058705329895,0.11262135952711105,0.020160481333732605
YMR266W,YNL241C,0,4.543551,0.36477985978126526,0.11262135952711105,0.020260782912373543
YFL052W,YJL014W,0,4.543438,0.3636363744735718,0.11262135952711105,0.02036108262836933
YDL168W,YHL001W,0,4.541131,0.36250001192092896,0.11262135952711105,0.02046138420701027
YJL074C,YOR125C,0,4.539397,0.361370712518692,0.11262135952711105,0.020561685785651207
YGR287C,YPR181C,0,4.539164,0.3602484464645386,0.11262135952711105,0.020661985501646996
YPL256C,YCL033C,0,4.5367727,0.35913312435150146,0.11262135952711105,0.020762287080287933
YOL089C,YDL222C,0,4.5317955,0.3580246865749359,0.11262135952711105,0.02086258865892887
YKL165C,YJR033C,1,4.530428,0.36000001430511475,0.113592229783535,0.02086258865892887
YGL006W,YBR131W,1,4.5300884,0.3619631826877594,0.11456310749053955,0.02086258865892887
YLR034C,YEL051W,1,4.52927,0.3639143705368042,0.1155339777469635,0.02086258865892887
YLR216C,YGL032C,0,4.5270987,0.3628048896789551,0.1155339777469635,0.02096288837492466
YMR278W,YLR081W,0,4.526553,0.3617021143436432,0.1155339777469635,0.021063189953565598
YPL032C,YNL265C,0,4.525865,0.3606060743331909,0.1155339777469635,0.021163489669561386
YMR116C,YBR293W,0,4.5229692,0.35951662063598633,0.1155339777469635,0.021263791248202324
YOR210W,YNL134C,0,4.5171146,0.35843372344970703,0.1155339777469635,0.02136409282684326
YMR135C,YPR112C,0,4.516762,0.35735735297203064,0.1155339777469635,0.02146439254283905
YOL084W,YLR299W,1,4.515376,0.359281450510025,0.11650485545396805,0.02146439254283905
YPR025C,YOR133W,0,4.511019,0.35820895433425903,0.11650485545396805,0.021564694121479988
YOR219C,YOR316C,1,4.5108423,0.3601190447807312,0.117475725710392,0.021564694121479988
YDR481C,YPL234C,1,4.509336,0.36201781034469604,0.11844660341739655,0.021564694121479988
YGR087C,YMR052W,0,4.5085297,0.36094674468040466,0.11844660341739655,0.021664995700120926
YML123C,YMR278W,0,4.5061045,0.3598819971084595,0.11844660341739655,0.021765295416116714
YML131W,YIR003W,0,4.50422,0.3588235378265381,0.11844660341739655,0.021865596994757652
YOR208W,YNL256W,0,4.5040965,0.35777124762535095,0.11844660341739655,0.02196589857339859
YMR121C,YOR122C,0,4.503232,0.35672515630722046,0.11844660341739655,0.02206619828939438
YJL151C,YOR010C,0,4.502733,0.35568514466285706,0.11844660341739655,0.022166499868035316
YPR185W,YHR026W,0,4.5017724,0.35465115308761597,0.11844660341739655,0.022266799584031105
YOR125C,YOL068C,0,4.50146,0.3536231815814972,0.11844660341739655,0.022367101162672043
YER119C,YHR128W,0,4.4959207,0.35260117053985596,0.11844660341739655,0.02246740274131298
YLR340W,YNL229C,0,4.4946227,0.3515850007534027,0.11844660341739655,0.02256770245730877
YGR108W,YHR003C,0,4.494541,0.35057470202445984,0.11844660341739655,0.022668004035949707
YKL035W,YCL010C,0,4.4937506,0.34957021474838257,0.11844660341739655,0.022768305614590645
YKL008C,YAL061W,0,4.4900103,0.34857141971588135,0.11844660341739655,0.022868605330586433
YBR127C,YNL006W,1,4.4890437,0.3504273593425751,0.1194174736738205,0.022868605330586433
YMR011W,YIL097W,0,4.4885063,0.3494318127632141,0.1194174736738205,0.02296890690922737
YDR338C,YMR116C,0,4.4881177,0.3484419286251068,0.1194174736738205,0.02306920848786831
YNL069C,YGL048C,0,4.486974,0.347457617521286,0.1194174736738205,0.023169508203864098
YHR039C-A,YMR088C,1,4.485937,0.3492957651615143,0.12038835138082504,0.023169508203864098
YLL023C,YHR026W,0,4.485526,0.3483146131038666,0.12038835138082504,0.023269809782505035
YHR216W,YPL170W,0,4.484582,0.3473389446735382,0.12038835138082504,0.023370109498500824
YER054C,YOR198C,0,4.4838867,0.3463687002658844,0.12038835138082504,0.023470411077141762
YPL246C,YDL126C,0,4.4826283,0.34540390968322754,0.12038835138082504,0.0235707126557827
YOR095C,YBR068C,0,4.4821067,0.3444444537162781,0.12038835138082504,0.023671012371778488
YKL055C,YNL134C,0,4.4792585,0.3434903025627136,0.12038835138082504,0.023771313950419426
YHR039C,YKL148C,0,4.475122,0.3425414264202118,0.12038835138082504,0.023871615529060364
YGL047W,YDL014W,0,4.4751005,0.3415977954864502,0.12038835138082504,0.023971915245056152
YBR200W,YHR026W,0,4.474482,0.34065935015678406,0.12038835138082504,0.02407221682369709
YNL116W,YOR028C,0,4.474369,0.3397260308265686,0.12038835138082504,0.024172518402338028
YFL009W,YER035W,0,4.473831,0.33879780769348145,0.12038835138082504,0.024272818118333817
YLR077W,YIR035C,0,4.4701633,0.3378746509552002,0.12038835138082504,0.024373119696974754
YER003C,YDR191W,0,4.469931,0.33695653080940247,0.12038835138082504,0.024473419412970543
YLR132C,YOR344C,0,4.4696198,0.3360433578491211,0.12038835138082504,0.02457372099161148
YNL064C,YFL052W,0,4.4635887,0.3351351320743561,0.12038835138082504,0.02467402257025242
YGR138C,YLR386W,1,4.4617023,0.33692723512649536,0.12135922163724899,0.02467402257025242
YNL300W,YKR098C,0,4.4613714,0.3360215127468109,0.12135922163724899,0.024774322286248207
YGR132C,YNR051C,0,4.460965,0.33512064814567566,0.12135922163724899,0.024874623864889145
YDR338C,YOR202W,0,4.459854,0.3342246115207672,0.12135922163724899,0.024974925443530083
YEL055C,YKL167C,0,4.458873,0.3333333432674408,0.12135922163724899,0.02507522515952587
YLL024C,YJL151C,1,4.456946,0.33510637283325195,0.12233009934425354,0.02507522515952587
YER003C,YDR293C,0,4.4536943,0.33421751856803894,0.12233009934425354,0.02517552673816681
YJR043C,YNL125C,0,4.4535255,0.3333333432674408,0.12233009934425354,0.025275828316807747
YOL052C-A,YOR087W,1,4.4529157,0.33509233593940735,0.12330096960067749,0.025275828316807747
YMR162C,YMR199W,0,4.4513006,0.33421051502227783,0.12330096960067749,0.025376128032803535
YDR519W,YHR019C,0,4.445119,0.3333333432674408,0.12330096960067749,0.025476429611444473
YAL005C,YPR026W,1,4.4451036,0.33507853746414185,0.12427184730768204,0.025476429611444473
YGL255W,YPR151C,0,4.444031,0.33420366048812866,0.12427184730768204,0.025576729327440262
YHR072W,YNL265C,0,4.4421577,0.3333333432674408,0.12427184730768204,0.0256770309060812
YGR148C,YER073W,0,4.4370484,0.33246752619743347,0.12427184730768204,0.025777332484722137
YCL038C,YPR052C,0,4.43675,0.3316062092781067,0.12427184730768204,0.025877632200717926
YER094C,YMR305C,0,4.4358196,0.33074936270713806,0.12427184730768204,0.025977933779358864
YDL185W,YHR186C,1,4.433899,0.3324742317199707,0.12524272501468658,0.025977933779358864
YLR064W,YJL002C,0,4.4338455,0.331619530916214,0.12524272501468658,0.0260782353579998
YGL212W,YJR040W,1,4.4314117,0.3333333432674408,0.12621359527111053,0.0260782353579998
YGL001C,YLR240W,0,4.431114,0.3324808180332184,0.12621359527111053,0.02617853507399559
YKL107W,YBR221C,0,4.428488,0.3316326439380646,0.12621359527111053,0.026278836652636528
YMR243C,YMR160W,1,4.4277906,0.3333333432674408,0.12718446552753448,0.026278836652636528
YBL089W,YAL002W,1,4.425592,0.3350253701210022,0.12815533578395844,0.026278836652636528
YMR077C,YDR352W,1,4.4255905,0.3367088735103607,0.12912622094154358,0.026278836652636528
YDR147W,YBR139W,0,4.425089,0.3358585834503174,0.12912622094154358,0.026379138231277466
YOL092W,YJR066W,1,4.425085,0.3375314772129059,0.13009709119796753,0.026379138231277466
YIR028W,YBL027W,0,4.4227805,0.3366834223270416,0.13009709119796753,0.026479437947273254
YHR001W,YBR167C,0,4.4225683,0.3358395993709564,0.13009709119796753,0.026579739525914192
YKR013W,YIL050W,0,4.4218936,0.33500000834465027,0.13009709119796753,0.02668003924190998
YDR099W,YJL100W,0,4.420964,0.3341645896434784,0.13009709119796753,0.02678034082055092
YDR020C,YDR540C,0,4.419198,0.3333333432674408,0.13009709119796753,0.026880642399191856
YKL165C,YDR105C,1,4.4187984,0.3349875807762146,0.13106796145439148,0.026880642399191856
YAR071W,YGR240C,0,4.41696,0.33415842056274414,0.13106796145439148,0.026980942115187645
YDR043C,YNL087W,0,4.416709,0.3333333432674408,0.13106796145439148,0.027081243693828583
YKL184W,YMR251W-A,0,4.415139,0.3325123190879822,0.13106796145439148,0.02718154527246952
YNR028W,YFR021W,1,4.4121056,0.33415234088897705,0.13203883171081543,0.02718154527246952
YNL072W,YIL065C,0,4.409838,0.3333333432674408,0.13203883171081543,0.02728184498846531
YGR254W,YOL119C,1,4.407169,0.334963321685791,0.13300970196723938,0.02728184498846531
YGL224C,YLR362W,0,4.405278,0.3341463506221771,0.13300970196723938,0.027382146567106247
YKL008C,YOR256C,0,4.404105,0.3333333432674408,0.13300970196723938,0.027482448145747185
YER072W,YLR297W,1,4.4025993,0.3349514603614807,0.13398058712482452,0.027482448145747185
YAL005C,YLL051C,1,4.4008646,0.33656173944473267,0.13495145738124847,0.027482448145747185
YNL154C,YDR155C,0,4.400187,0.3357487916946411,0.13495145738124847,0.027582747861742973
YDL005C,YKL193C,0,4.3970857,0.33493974804878235,0.13495145738124847,0.02768304944038391
YGR295C,YOL019W,1,4.395813,0.3365384638309479,0.13592232763767242,0.02768304944038391
YLL039C,YBR135W,0,4.3940253,0.3357314169406891,0.13592232763767242,0.0277833491563797
YMR266W,YPL024W,0,4.38978,0.3349282443523407,0.13592232763767242,0.027883650735020638
YOL052C-A,YDR422C,1,4.3883834,0.33651551604270935,0.13689319789409637,0.027883650735020638
YPL163C,YOR219C,1,4.3827534,0.3380952477455139,0.13786408305168152,0.027883650735020638
YER072W,YDR105C,1,4.3822956,0.3396674692630768,0.13883495330810547,0.027883650735020638
YGL184C,YMR134W,0,4.3805,0.3388625681400299,0.13883495330810547,0.027983952313661575
YEL064C,YPR026W,1,4.380255,0.3404255211353302,0.13980582356452942,0.027983952313661575
YNL154C,YGL125W,0,4.3781357,0.3396226465702057,0.13980582356452942,0.028084252029657364
YHR115C,YBR179C,0,4.3780775,0.338823527097702,0.13980582356452942,0.0281845536082983
YJR161C,YDR486C,1,4.37778,0.3403755724430084,0.14077669382095337,0.0281845536082983
YMR243C,YGR138C,1,4.3763175,0.3419203758239746,0.1417475789785385,0.0281845536082983
YOR298C-A,YKL220C,0,4.37377,0.34112149477005005,0.1417475789785385,0.02828485518693924
YLR027C,YBR008C,0,4.369769,0.34032633900642395,0.1417475789785385,0.028385154902935028
YGR254W,YEL064C,1,4.3675776,0.34186047315597534,0.14271844923496246,0.028385154902935028
YOL052C-A,YPL120W,1,4.36742,0.3433874845504761,0.1436893194913864,0.028385154902935028
YLR297W,YJL111W,0,4.36662,0.34259259700775146,0.1436893194913864,0.028485456481575966
YIR014W,YJR033C,1,4.365812,0.3441108465194702,0.14466018974781036,0.028485456481575966
YDL185W,YPR075C,1,4.36272,0.34562212228775024,0.1456310749053955,0.028485456481575966
YDL194W,YJR007W,0,4.362371,0.3448275923728943,0.1456310749053955,0.028585758060216904
YKR087C,YJL093C,0,4.3596945,0.34403669834136963,0.1456310749053955,0.028686057776212692
YJR161C,YDR480W,0,4.3596096,0.34324944019317627,0.1456310749053955,0.02878635935485363
YDR294C,YIL105C,0,4.35921,0.34246575832366943,0.1456310749053955,0.02888665907084942
YKR086W,YNL030W,0,4.3574753,0.3416856527328491,0.1456310749053955,0.028986960649490356
YMR170C,YBR288C,0,4.3565273,0.34090909361839294,0.1456310749053955,0.029087262228131294
YMR266W,YPL003W,0,4.3557525,0.3401360511779785,0.1456310749053955,0.029187561944127083
YNL315C,YNR075W,0,4.3550897,0.33936652541160583,0.1456310749053955,0.02928786352276802
YBR234C,YAL001C,0,4.353119,0.3386004567146301,0.1456310749053955,0.02938816510140896
YBR207W,YHR113W,1,4.3512936,0.3400900959968567,0.14660194516181946,0.02938816510140896
YLR174W,YGL207W,0,4.349062,0.33932584524154663,0.14660194516181946,0.029488464817404747
YDR214W,YBL036C,0,4.348722,0.33856502175331116,0.14660194516181946,0.029588766396045685
YDL025C,YHR026W,0,4.3475204,0.3378075957298279,0.14660194516181946,0.029689067974686623
YJL091C,YIL017C,0,4.3435273,0.3370535671710968,0.14660194516181946,0.02978936769068241
YPR156C,YPL006W,1,4.3426256,0.3385300636291504,0.1475728154182434,0.02978936769068241
YEL020C,YNR069C,0,4.3414025,0.3377777636051178,0.1475728154182434,0.02988966926932335
YPL100W,YNL101W,1,4.3402534,0.33924612402915955,0.14854368567466736,0.02988966926932335
YBL050W,YLR368W,0,4.3397064,0.3384955823421478,0.14854368567466736,0.029989968985319138
YGL255W,YFL003C,0,4.336416,0.33774834871292114,0.14854368567466736,0.030090270563960075
YDR043C,YML001W,0,4.332363,0.3370043933391571,0.14854368567466736,0.030190572142601013
YMR189W,YBR104W,0,4.331787,0.3362637460231781,0.14854368567466736,0.030290871858596802
YGR121C,YMR251W-A,0,4.331394,0.33552631735801697,0.14854368567466736,0.03039117343723774
YKL077W,YLL028W,1,4.3304067,0.33698031306266785,0.1495145559310913,0.03039117343723774
YBR179C,YOL113W,0,4.3295603,0.3362445533275604,0.1495145559310913,0.030491475015878677
YBR126C,YLR136C,0,4.326396,0.3355119824409485,0.1495145559310913,0.030591774731874466
YNL115C,YKL175W,1,4.3226385,0.33695653080940247,0.15048544108867645,0.030591774731874466
YKL165C,YHR202W,1,4.322451,0.33839479088783264,0.1514563113451004,0.030591774731874466
YGR140W,YIL050W,0,4.322097,0.33766233921051025,0.1514563113451004,0.030692076310515404
YOR316C,YFL004W,1,4.3203573,0.339092880487442,0.15242718160152435,0.030692076310515404
YIL085C,YDR216W,0,4.318282,0.33836206793785095,0.15242718160152435,0.03079237788915634
YLR117C,YNL220W,0,4.3159785,0.337634414434433,0.15242718160152435,0.03089267760515213
YGR192C,YPL241C,0,4.313889,0.33690986037254333,0.15242718160152435,0.030992979183793068
YBR298C,YGL011C,0,4.3125496,0.3361884355545044,0.15242718160152435,0.031093280762434006
YBR302C,YMR251W-A,0,4.3080997,0.3354700803756714,0.15242718160152435,0.031193580478429794
YDL123W,YOL078W,1,4.307416,0.336887001991272,0.1533980518579483,0.031193580478429794
YMR266W,YGL131C,0,4.3056693,0.3361702263355255,0.1533980518579483,0.03129388019442558
YBL099W,YBR154C,0,4.305554,0.3354564607143402,0.1533980518579483,0.03139418363571167
YDL128W,YDR229W,1,4.3040314,0.3368644118309021,0.15436893701553345,0.03139418363571167
YPL100W,YPL221W,1,4.303227,0.33826637268066406,0.1553398072719574,0.03139418363571167
YFL050C,YPL079W,0,4.2976236,0.3375527560710907,0.1553398072719574,0.03149448335170746
YNL209W,YMR030W,0,4.2946887,0.3368421196937561,0.1553398072719574,0.03159478306770325
YPL163C,YOL122C,1,4.294132,0.3382352888584137,0.15631067752838135,0.03159478306770325
YCR048W,YGL187C,0,4.2940245,0.33752620220184326,0.15631067752838135,0.031695086508989334
YCR023C,YLL052C,0,4.2938585,0.3368200957775116,0.15631067752838135,0.03179538622498512
YGR227W,YCR083W,0,4.2920465,0.3361169099807739,0.15631067752838135,0.03189568594098091
YOR010C,YJR019C,0,4.2907743,0.33541667461395264,0.15631067752838135,0.031995989382267
YPL120W,YFL041W,1,4.2906876,0.3367983400821686,0.1572815477848053,0.031995989382267
YDR104C,YPR165W,0,4.290427,0.3360995948314667,0.1572815477848053,0.03209628909826279
YGR020C,YDR481C,1,4.28864,0.33747410774230957,0.15825243294239044,0.03209628909826279
YCR083W,YPR140W,0,4.283615,0.33677685260772705,0.15825243294239044,0.032196588814258575
YFR021W,YCL038C,1,4.283375,0.33814433217048645,0.1592233031988144,0.032196588814258575
YNL115C,YLR297W,1,4.2833614,0.3395061790943146,0.16019417345523834,0.032196588814258575
YBL003C,YOR030W,0,4.2832375,0.3388090431690216,0.16019417345523834,0.03229689225554466
YGR227W,YNR023W,0,4.280172,0.33811476826667786,0.16019417345523834,0.03239719197154045
YCL040W,YLR066W,0,4.2791376,0.33742332458496094,0.16019417345523834,0.03249749168753624
YBR073W,YHR176W,0,4.2770905,0.33673468232154846,0.16019417345523834,0.03259779512882233
YKL035W,YLR368W,0,4.2748575,0.3360488712787628,0.16019417345523834,0.032698094844818115
YLR242C,YER035W,0,4.274305,0.3353658616542816,0.16019417345523834,0.032798394560813904
YPR061C,YNL125C,0,4.273587,0.3346855938434601,0.16019417345523834,0.03289869427680969
YOR173W,YNL047C,0,4.273566,0.3340080976486206,0.16019417345523834,0.03299899771809578
YBL045C,YGR172C,0,4.2686806,0.3333333432674408,0.16019417345523834,0.03309929743409157
YGR121C,YJL091C,0,4.2681675,0.33266130089759827,0.16019417345523834,0.03319959715008736
YBL078C,YLR043C,1,4.265026,0.3340040147304535,0.1611650437116623,0.03319959715008736
YKL096W,YMR106C,0,4.2648344,0.3333333432674408,0.1611650437116623,0.033299900591373444
YGR041W,YDR001C,0,4.264619,0.3326653242111206,0.1611650437116623,0.03340020030736923
YDR142C,YNL272C,0,4.2640867,0.3319999873638153,0.1611650437116623,0.03350050002336502
YLR166C,YMR266W,0,4.26392,0.3313373327255249,0.1611650437116623,0.03360080346465111
YLR138W,YNL241C,0,4.2616954,0.3306773006916046,0.1611650437116623,0.033701103180646896
YIR003W,YBR288C,0,4.2616086,0.33001989126205444,0.1611650437116623,0.033801402896642685
YOR095C,YGL134W,0,4.261133,0.329365074634552,0.1611650437116623,0.03390170633792877
YBR162C,YBR132C,1,4.259471,0.3306930661201477,0.16213592886924744,0.03390170633792877
YIR033W,YIL099W,0,4.258932,0.33003953099250793,0.16213592886924744,0.03400200605392456
YCR079W,YGL011C,0,4.2588406,0.3293885588645935,0.16213592886924744,0.03410230576992035
YHL008C,YOL019W,1,4.258404,0.33070865273475647,0.1631067991256714,0.03410230576992035
YGL255W,YNL321W,0,4.2552485,0.3300589323043823,0.1631067991256714,0.034202609211206436
YER078C,YBR199W,0,4.254902,0.3294117748737335,0.1631067991256714,0.034302908927202225
YER003C,YNR049C,0,4.2541814,0.3287671208381653,0.1631067991256714,0.03440320864319801
YGL184C,YNL003C,0,4.2505174,0.328125,0.1631067991256714,0.0345035120844841
YNL300W,YDR314C,0,4.249503,0.3274853825569153,0.1631067991256714,0.03460381180047989
YPL230W,YGL257C,0,4.249234,0.32684823870658875,0.1631067991256714,0.03470411151647568
YIR022W,YER004W,0,4.246612,0.3262135982513428,0.1631067991256714,0.034804414957761765
YML078W,YDR206W,0,4.245825,0.3255814015865326,0.1631067991256714,0.03490471467375755
YPL152W,YDR264C,0,4.245487,0.3249516487121582,0.1631067991256714,0.03500501438975334
YER042W,YKL055C,0,4.2441034,0.3243243098258972,0.1631067991256714,0.03510531410574913
YCR017C,YOL113W,0,4.242294,0.323699414730072,0.1631067991256714,0.03520561754703522
YLR132C,YGL065C,0,4.2404976,0.32307693362236023,0.1631067991256714,0.035305917263031006
YCR034W,YPL005W,0,4.238205,0.32245680689811707,0.1631067991256714,0.035406216979026794
YPL016W,YOR022C,0,4.237352,0.3218390941619873,0.1631067991256714,0.03550652042031288
YLR225C,YOL089C,0,4.2372017,0.3212237060070038,0.1631067991256714,0.03560682013630867
YHR104W,YNL035C,0,4.23668,0.3206106722354889,0.1631067991256714,0.03570711985230446
YMR030W,YDR450W,0,4.229114,0.3199999928474426,0.1631067991256714,0.035807423293590546
YMR197C,YHR083W,0,4.228697,0.3193916380405426,0.1631067991256714,0.035907723009586334
YPL170W,YBR079C,0,4.2286696,0.31878557801246643,0.1631067991256714,0.03600802272558212
YDR422C,YGL156W,1,4.228333,0.32007575035095215,0.16407766938209534,0.03600802272558212
YNL217W,YCR023C,1,4.227208,0.32136106491088867,0.1650485396385193,0.03600802272558212
YIR022W,YBL099W,0,4.224348,0.3207547068595886,0.1650485396385193,0.03610832616686821
YNL336W,YKR039W,1,4.2238364,0.32203391194343567,0.16601942479610443,0.03610832616686821
YBR132C,YML001W,1,4.221863,0.3233082592487335,0.16699029505252838,0.03610832616686821
YPR020W,YCR083W,0,4.220009,0.32270169258117676,0.16699029505252838,0.036208625882864
YKL049C,YOL013C,0,4.219104,0.32209739089012146,0.16699029505252838,0.03630892559885979
YBR302C,YPR201W,0,4.2187595,0.32149532437324524,0.16699029505252838,0.036409229040145874
YOL001W,YCR083W,0,4.216775,0.3208955228328705,0.16699029505252838,0.03650952875614166
YLR128W,YMR266W,0,4.2165756,0.3202979564666748,0.16699029505252838,0.03660982847213745
YOL110W,YDL191W,0,4.2156944,0.3197025954723358,0.16699029505252838,0.03671013191342354
YCL030C,YLR362W,0,4.212326,0.3191094696521759,0.16699029505252838,0.03681043162941933
YJR090C,YGL250W,0,4.2105656,0.3185185194015503,0.16699029505252838,0.036910731345415115
YEL020C,YNL134C,0,4.210308,0.31792977452278137,0.16699029505252838,0.0370110347867012
YGL006W,YOL138C,1,4.209684,0.3191881775856018,0.16796116530895233,0.0370110347867012
YPL246C,YDR221W,0,4.2092924,0.3186003565788269,0.16796116530895233,0.03711133450269699
YDR293C,YNL279W,0,4.206105,0.3180147111415863,0.16796116530895233,0.03721163421869278
YGR209C,YDR284C,1,4.2038164,0.31926605105400085,0.16893203556537628,0.03721163421869278
YKR067W,YOR100C,0,4.2032948,0.3186813294887543,0.16893203556537628,0.03731193765997887
YPL072W,YCR048W,0,4.202074,0.3180987238883972,0.16893203556537628,0.037412237375974655
YLR148W,YCR024C-A,0,4.2019644,0.3175182342529297,0.16893203556537628,0.037512537091970444
YER078C,YLR027C,0,4.201901,0.3169398903846741,0.16893203556537628,0.03761283680796623
YPL100W,YHR132C,1,4.199748,0.3181818127632141,0.16990290582180023,0.03761283680796623
YPR020W,YPR079W,0,4.198538,0.3176043629646301,0.16990290582180023,0.03771314024925232
YGR108W,YOR360C,0,4.197934,0.3170289993286133,0.16990290582180023,0.03781343996524811
YPL255W,YKL222C,0,4.193898,0.3164556920528412,0.16990290582180023,0.037913739681243896
YPL152W,YBL050W,0,4.1880436,0.31588447093963623,0.16990290582180023,0.038014043122529984
YDR262W,YGL124C,1,4.187253,0.3171171247959137,0.17087379097938538,0.038014043122529984
YPR058W,YDR155C,0,4.18645,0.316546767950058,0.17087379097938538,0.03811434283852577
YBR132C,YJR007W,0,4.1841884,0.315978467464447,0.17087379097938538,0.03821464255452156
YNL169C,YMR068W,0,4.1806383,0.3154121935367584,0.17087379097938538,0.03831494599580765
YBL099W,YGL257C,0,4.180583,0.3148479461669922,0.17087379097938538,0.038415245711803436
YGL002W,YGL179C,0,4.1803093,0.3142857253551483,0.17087379097938538,0.038515545427799225
YJL113W,YLR110C,0,4.1794086,0.3137255012989044,0.17087379097938538,0.03861584886908531
YDL212W,YKR046C,0,4.1773787,0.3131672739982605,0.17087379097938538,0.0387161485850811
YHR188C,YMR268C,0,4.17449,0.31261101365089417,0.17087379097938538,0.03881644830107689
YMR162C,YMR251W-A,0,4.173768,0.3120567500591278,0.17087379097938538,0.038916751742362976
YKL096W,YIL017C,0,4.1731186,0.31150442361831665,0.17087379097938538,0.039017051458358765
YLR240W,YGL029W,0,4.1724405,0.3109540641307831,0.17087379097938538,0.03911735117435455
YGL125W,YPR112C,0,4.171729,0.3104056417942047,0.17087379097938538,0.03921765461564064
YPR075C,YER094C,0,4.169539,0.30985915660858154,0.17087379097938538,0.03931795433163643
YFL052W,YMR121C,0,4.1672635,0.3093145787715912,0.17087379097938538,0.03941825404763222
YHR063C,YLL028W,0,4.16674,0.30877193808555603,0.17087379097938538,0.039518557488918304
YGR198W,YLL015W,0,4.1661386,0.3082311749458313,0.17087379097938538,0.03961885720491409
YKL188C,YIL016W,0,4.1655073,0.3076923191547394,0.17087379097938538,0.03971915692090988
YHR187W,YPL268W,0,4.165298,0.3071553111076355,0.17087379097938538,0.03981945663690567
YLR001C,YPL234C,1,4.1646967,0.30836236476898193,0.17184466123580933,0.03981945663690567
YPL084W,YAR071W,0,4.163784,0.30782610177993774,0.17184466123580933,0.03991976007819176
YLR225C,YGL187C,0,4.163729,0.3072916567325592,0.17184466123580933,0.040020059794187546
YJL092W,YKL055C,0,4.162841,0.3067590892314911,0.17184466123580933,0.040120359510183334
YBR133C,YGR183C,0,4.1628265,0.306228369474411,0.17184466123580933,0.04022066295146942
YPR036W,YNL015W,1,4.159349,0.3074266016483307,0.17281553149223328,0.04022066295146942
YFL024C,YHR026W,0,4.1552143,0.30689653754234314,0.17281553149223328,0.04032096266746521
YDR481C,YGR125W,1,4.1545954,0.3080894947052002,0.17378640174865723,0.04032096266746521
YDR262W,YPL006W,1,4.1535645,0.30927833914756775,0.17475728690624237,0.04032096266746521
YEL027W,YMR088C,1,4.1535516,0.3104631304740906,0.17572815716266632,0.04032096266746521
YJL092W,YLR178C,0,4.152808,0.30993151664733887,0.17572815716266632,0.040421262383461
YGL208W,YLR275W,0,4.1521053,0.3094017207622528,0.17572815716266632,0.040521565824747086
YAR003W,YMR291W,0,4.1519046,0.30887371301651,0.17572815716266632,0.040621865540742874
YML131W,YLR144C,0,4.1515846,0.30834752321243286,0.17572815716266632,0.04072216525673866
YEL060C,YLL051C,1,4.1510134,0.3095238208770752,0.17669902741909027,0.04072216525673866
YGR223C,YAL002W,1,4.1504593,0.3106960952281952,0.17766989767551422,0.04072216525673866
YDL188C,YPR052C,0,4.150075,0.3101694881916046,0.17766989767551422,0.04082246869802475
YML126C,YNL229C,0,4.1499705,0.3096446692943573,0.17766989767551422,0.04092276841402054
YDR058C,YLR449W,0,4.149805,0.30912160873413086,0.17766989767551422,0.04102306813001633
YER065C,YDR258C,0,4.1484985,0.3086003363132477,0.17766989767551422,0.041123371571302414
YGR125W,YDL147W,0,4.1479053,0.3080808222293854,0.17766989767551422,0.0412236712872982
YGR209C,YKL196C,1,4.1477885,0.30924370884895325,0.17864078283309937,0.0412236712872982
YKL203C,YLR001C,1,4.1460085,0.31040269136428833,0.17961165308952332,0.0412236712872982
YBR207W,YDR486C,1,4.1443033,0.311557799577713,0.18058252334594727,0.0412236712872982
YOL129W,YDR452W,1,4.143092,0.3127090334892273,0.18155339360237122,0.0412236712872982
YBR127C,YNL101W,1,4.1419797,0.31385642290115356,0.18252427875995636,0.0412236712872982
YOL084W,YJR040W,1,4.141815,0.3149999976158142,0.1834951490163803,0.0412236712872982
YDR214W,YIR035C,0,4.1415153,0.3144758641719818,0.1834951490163803,0.04132397100329399
YDR382W,YDL236W,0,4.140726,0.3139534890651703,0.1834951490163803,0.04142427444458008
YBR139W,YJR161C,1,4.1401234,0.31509122252464294,0.18446601927280426,0.04142427444458008
YLR110C,YKL065C,0,4.136034,0.31456953287124634,0.18446601927280426,0.04152457416057587
YOL084W,YKL196C,1,4.1338034,0.3157024681568146,0.1854368895292282,0.04152457416057587
YJL210W,YMR052W,0,4.133762,0.31518152356147766,0.1854368895292282,0.041624873876571655
YGL054C,YER166W,0,4.128913,0.31466227769851685,0.1854368895292282,0.04172517731785774
YPL217C,YMR291W,0,4.128066,0.31414473056793213,0.1854368895292282,0.04182547703385353
YNL037C,YBR106W,0,4.1270013,0.3136289119720459,0.1854368895292282,0.04192577674984932
YPL019C,YGL124C,1,4.1265,0.31475409865379333,0.18640775978565216,0.04192577674984932
YNR028W,YML018C,1,4.126456,0.3158756196498871,0.1873786449432373,0.04192577674984932
YDR354W,YPL181W,0,4.1220117,0.3153594732284546,0.1873786449432373,0.04202607646584511
YJL151C,YML008C,0,4.1213894,0.3148450255393982,0.1873786449432373,0.042126379907131195
YIR014W,YCR075C,1,4.1200027,0.31596091389656067,0.18834951519966125,0.042126379907131195
YMR135C,YBR106W,0,4.118293,0.3154471516609192,0.18834951519966125,0.042226679623126984
YOR178C,YOL130W,0,4.115351,0.3149350583553314,0.18834951519966125,0.04232697933912277
YJR040W,YDR486C,1,4.1111836,0.3160453736782074,0.1893203854560852,0.04232697933912277
YML110C,YGR098C,0,4.1094394,0.31553396582603455,0.1893203854560852,0.04242728278040886
YEL051W,YMR054W,1,4.1091394,0.3166397511959076,0.19029125571250916,0.04242728278040886
YOL060C,YDL077C,1,4.10806,0.31774193048477173,0.1912621408700943,0.04242728278040886
YEL060C,YLR066W,0,4.1059995,0.3172302842140198,0.1912621408700943,0.04252758249640465
YKL008C,YGL208W,0,4.105645,0.31672024726867676,0.1912621408700943,0.042627882212400436
YMR058W,YML121W,0,4.1050987,0.31621187925338745,0.1912621408700943,0.04272818565368652
YNL325C,YLR001C,1,4.1043377,0.3173076808452606,0.19223301112651825,0.04272818565368652
YNL082W,YDR155C,0,4.1013174,0.31679999828338623,0.19223301112651825,0.04282848536968231
YNL069C,YDL126C,0,4.096668,0.3162939250469208,0.19223301112651825,0.0429287850856781
YDL014W,YBR201W,0,4.094713,0.31578946113586426,0.19223301112651825,0.04302908852696419
YDL058W,YIL050W,0,4.0939846,0.31528663635253906,0.19223301112651825,0.043129388242959976
YOL039W,YGL254W,0,4.093765,0.314785361289978,0.19223301112651825,0.043229687958955765
YMR088C,YMR159C,1,4.093395,0.31587302684783936,0.1932038813829422,0.043229687958955765
YOR344C,YGL055W,0,4.0922065,0.31537243723869324,0.1932038813829422,0.04332999140024185
YBR235W,YMR021C,0,4.0860386,0.31487342715263367,0.1932038813829422,0.04343029111623764
YJR007W,YCR023C,0,4.085184,0.31437599658966064,0.1932038813829422,0.04353059083223343
YPR026W,YLL043W,1,4.0851617,0.31545740365982056,0.19417475163936615,0.04353059083223343
YBL040C,YDR394W,0,4.0844955,0.31496062874794006,0.19417475163936615,0.043630894273519516
YOR128C,YEL047C,0,4.0830193,0.31446540355682373,0.19417475163936615,0.043731193989515305
YJL123C,YGR087C,0,4.081791,0.31397172808647156,0.19417475163936615,0.04383149370551109
YKL165C,YNL336W,1,4.0800767,0.315047025680542,0.1951456367969513,0.04383149370551109
YDL239C,YNR051C,0,4.0792437,0.31455397605895996,0.1951456367969513,0.04393179714679718
YMR221C,YML132W,1,4.0792093,0.31562501192092896,0.19611650705337524,0.04393179714679718
YEL027W,YOR219C,1,4.078701,0.31669268012046814,0.1970873773097992,0.04393179714679718
YAL005C,YPR066W,0,4.0780683,0.3161993622779846,0.1970873773097992,0.04403209686279297
YLR297W,YGL124C,1,4.0779696,0.31726282835006714,0.19805824756622314,0.04403209686279297
YBR139W,YMR260C,0,4.0772166,0.31677019596099854,0.19805824756622314,0.04413239657878876
YNL125C,YNL093W,0,4.077134,0.3162790834903717,0.19805824756622314,0.044232696294784546
YGR192C,YEL060C,0,4.076944,0.31578946113586426,0.19805824756622314,0.04433299973607063
YPL246C,YOL113W,0,4.076827,0.31530138850212097,0.19805824756622314,0.04443329945206642
YMR221C,YMR159C,1,4.0763984,0.3163580298423767,0.1990291327238083,0.04443329945206642
YDR073W,YFR051C,0,4.075777,0.31587058305740356,0.1990291327238083,0.04453359916806221
YPR183W,YLR155C,0,4.074766,0.3153846263885498,0.1990291327238083,0.0446339026093483
YHR174W,YJR138W,1,4.073748,0.3164362609386444,0.20000000298023224,0.0446339026093483
YKR007W,YOL092W,1,4.07246,0.31748467683792114,0.2009708732366562,0.0446339026093483
YDR338C,YPL212C,0,4.072143,0.3169984817504883,0.2009708732366562,0.044734202325344086
YGR041W,YKL012W,0,4.071971,0.3165137469768524,0.2009708732366562,0.044834502041339874
YMR014W,YGR183C,0,4.0718,0.3160305321216583,0.2009708732366562,0.04493480548262596
YKL096W,YJL036W,0,4.0710363,0.31554877758026123,0.2009708732366562,0.04503510519862175
YDL168W,YML118W,0,4.07002,0.31506848335266113,0.2009708732366562,0.04513540491461754
YPL053C,YCR079W,0,4.0692163,0.3145896792411804,0.2009708732366562,0.045235708355903625
YGR133W,YNL169C,0,4.0687647,0.3141123056411743,0.2009708732366562,0.045336008071899414
YPL120W,YJL079C,1,4.0685062,0.31515151262283325,0.20194174349308014,0.045336008071899414
YJL111W,YIL050W,0,4.067595,0.3146747350692749,0.20194174349308014,0.0454363077878952
YCR069W,YOL130W,0,4.0647674,0.31419938802719116,0.20194174349308014,0.04553661122918129
YPR181C,YCR024C-A,0,4.0635877,0.3137255012989044,0.20194174349308014,0.04563691094517708
YBL102W,YLR378C,0,4.063183,0.3132530152797699,0.20194174349308014,0.04573721066117287
YBL099W,YPR058W,0,4.0627437,0.31278195977211,0.20194174349308014,0.045837514102458954
YPL055C,YJL002C,0,4.0617914,0.3123123049736023,0.20194174349308014,0.04593781381845474
YPL128C,YGL008C,0,4.0604897,0.3118440806865692,0.20194174349308014,0.04603811353445053
YHR026W,YGR092W,0,4.0590863,0.31137725710868835,0.20194174349308014,0.04613841697573662
YOR270C,YPL154C,1,4.057108,0.3124065697193146,0.20291262865066528,0.04613841697573662
YPL217C,YNL305C,0,4.056897,0.3119403123855591,0.20291262865066528,0.04623871669173241
YKL096W,YPR107C,0,4.0545483,0.31147539615631104,0.20291262865066528,0.046339016407728195
YIR014W,YLL051C,1,4.0543857,0.3125,0.20388349890708923,0.046339016407728195
YKL188C,YPR075C,0,4.0534964,0.3120356500148773,0.20388349890708923,0.046439316123723984
YDL150W,YPL265W,0,4.0517063,0.31157270073890686,0.20388349890708923,0.04653961956501007
YDR097C,YEL020C,0,4.048692,0.31111112236976624,0.20388349890708923,0.04663991928100586
YBR221C,YPR065W,0,4.048648,0.31065088510513306,0.20388349890708923,0.04674021899700165
YBR057C,YJR019C,0,4.046283,0.3101920187473297,0.20388349890708923,0.046840522438287735
YJL111W,YFL034C-A,0,4.044283,0.3097345232963562,0.20388349890708923,0.046940822154283524
YMR160W,YKL196C,1,4.041371,0.3107511103153229,0.20485436916351318,0.046940822154283524
YDR462W,YFL034C-B,0,4.041048,0.31029412150382996,0.20485436916351318,0.04704112187027931
YPL032C,YDL049C,0,4.0392246,0.3098384737968445,0.20485436916351318,0.0471414253115654
YDR354W,YOR028C,0,4.039174,0.30938416719436646,0.20485436916351318,0.04724172502756119
YLR220W,YPR075C,1,4.038559,0.3103953003883362,0.20582523941993713,0.04724172502756119
YGL017W,YMR170C,0,4.03668,0.30994153022766113,0.20582523941993713,0.047342024743556976
YBR216C,YJR077C,0,4.034935,0.30948904156684875,0.20582523941993713,0.04744232818484306
YGL224C,YGR289C,0,4.0345106,0.3090378940105438,0.20582523941993713,0.04754262790083885
YML126C,YMR197C,0,4.0337644,0.30858805775642395,0.20582523941993713,0.04764292761683464
YDL077C,YNL321W,1,4.0313034,0.3095930218696594,0.20679610967636108,0.04764292761683464
YDL212W,YDL222C,0,4.030173,0.30914369225502014,0.20679610967636108,0.04774323105812073
YML007W,YMR154C,0,4.027672,0.30869564414024353,0.20679610967636108,0.047843530774116516
YEL034W,YLR117C,0,4.027288,0.308248907327652,0.20679610967636108,0.047943830490112305
YEL027W,YLR148W,1,4.0249143,0.30924856662750244,0.20776699483394623,0.047943830490112305
YIL110W,YER094C,0,4.0230217,0.3088023066520691,0.20776699483394623,0.04804413393139839
YFL031W,YBR161W,0,4.022297,0.3083573579788208,0.20776699483394623,0.04814443364739418
YDR462W,YOR133W,0,4.0221643,0.3079136610031128,0.20776699483394623,0.04824473336338997
YHL001W,YPL270W,0,4.0196695,0.30747127532958984,0.20776699483394623,0.048345036804676056
YER078C,YIL016W,0,4.0183916,0.3070301413536072,0.20776699483394623,0.048445336520671844
YGL181W,YEL009C,0,4.0170135,0.3065902590751648,0.20776699483394623,0.04854563623666763
YBL102W,YOR083W,0,4.012287,0.3061516582965851,0.20776699483394623,0.04864593595266342
YOR173W,YLR081W,0,4.011849,0.30571427941322327,0.20776699483394623,0.04874623939394951
YLR220W,YDR486C,1,4.0111446,0.30670469999313354,0.20873786509037018,0.04874623939394951
YLR205C,YGR209C,0,4.0104,0.30626779794692993,0.20873786509037018,0.0488465391099453
YJR088C,YGR065C,0,4.0101423,0.3058321475982666,0.20873786509037018,0.048946838825941086
YBR132C,YNL275W,1,4.0086584,0.3068181872367859,0.20970873534679413,0.048946838825941086
YML123C,YJL137C,0,4.0075507,0.3063829839229584,0.20970873534679413,0.04904714226722717
YLR132C,YLL032C,0,4.0053997,0.30594900250434875,0.20970873534679413,0.04914744198322296
YOL110W,YDR291W,0,4.005179,0.3055162727832794,0.20970873534679413,0.04924774169921875
YGL002W,YNR069C,0,4.0028267,0.3050847351551056,0.20970873534679413,0.04934804514050484
YOR247W,YNL325C,1,4.000957,0.3060648739337921,0.21067960560321808,0.04934804514050484
YGR240C,YOR035C,0,4.000779,0.3056338131427765,0.21067960560321808,0.049448344856500626
YGL156W,YOL113W,0,3.9967184,0.30520394444465637,0.21067960560321808,0.049548644572496414
YML123C,YOL089C,0,3.9962618,0.30477526783943176,0.21067960560321808,0.0496489480137825
YNL126W,YJR161C,0,3.9939055,0.30434781312942505,0.21067960560321808,0.04974924772977829
YDR452W,YOL019W,1,3.9930477,0.30532214045524597,0.21165049076080322,0.04974924772977829
YER003C,YPL008W,0,3.9925938,0.3048951029777527,0.21165049076080322,0.04984954744577408
YMR116C,YCR097W,0,3.9915705,0.3044692873954773,0.21165049076080322,0.049949850887060165
YAR050W,YHR043C,0,3.9909847,0.304044634103775,0.21165049076080322,0.050050150603055954
YOR362C,YGL187C,0,3.9901817,0.30362117290496826,0.21165049076080322,0.05015045031905174
YKL055C,YBR106W,0,3.9899616,0.3031988739967346,0.21165049076080322,0.05025075376033783
YIL121W,YOL130W,0,3.9894826,0.3027777671813965,0.21165049076080322,0.05035105347633362
YHR175W,YGR020C,1,3.9894567,0.3037447929382324,0.21262136101722717,0.05035105347633362
YBR056W,YDR156W,0,3.9882908,0.3033241033554077,0.21262136101722717,0.05045135319232941
YKL091C,YMR266W,0,3.9878845,0.30290457606315613,0.21262136101722717,0.050551656633615494
YGL179C,YBR014C,0,3.987012,0.3024861812591553,0.21262136101722717,0.05065195634961128
YNL325C,YBR161W,1,3.986907,0.30344828963279724,0.21359223127365112,0.05065195634961128
YPR165W,YLL042C,0,3.9848714,0.3030303120613098,0.21359223127365112,0.05075225606560707
YML130C,YOR077W,0,3.9831223,0.3026134669780731,0.21359223127365112,0.05085255950689316
YJL097W,YLR447C,1,3.9815688,0.3035714328289032,0.21456310153007507,0.05085255950689316
YBL040C,YNL336W,0,3.9812965,0.30315500497817993,0.21456310153007507,0.05095285922288895
YDL077C,YNL101W,1,3.9778678,0.3041096031665802,0.21553398668766022,0.05095285922288895
YLR155C,YNL336W,0,3.9753497,0.303693562746048,0.21553398668766022,0.051053158938884735
YEL034W,YDR171W,0,3.9739683,0.30327868461608887,0.21553398668766022,0.051153458654880524
YPL246C,YIL023C,0,3.9737005,0.3028649389743805,0.21553398668766022,0.05125376209616661
YLR034C,YOL078W,1,3.972158,0.30381470918655396,0.21650485694408417,0.05125376209616661
YGL133W,YGL187C,0,3.9714108,0.3034013509750366,0.21650485694408417,0.0513540618121624
YMR195W,YHR050W,1,3.9711761,0.30434781312942505,0.21747572720050812,0.0513540618121624
YGL043W,YER035W,0,3.970684,0.30393487215042114,0.21747572720050812,0.05145436152815819
YOR149C,YHR176W,0,3.968545,0.3035230338573456,0.21747572720050812,0.051554664969444275
YJR129C,YKR065C,0,3.9682777,0.30311232805252075,0.21747572720050812,0.051654964685440063
YDR191W,YKL216W,0,3.96736,0.3027026951313019,0.21747572720050812,0.05175526440143585
YDL181W,YPL266W,0,3.9666057,0.30229419469833374,0.21747572720050812,0.05185556784272194
YGR277C,YKL193C,0,3.9652948,0.30188679695129395,0.21747572720050812,0.05195586755871773
YNL154C,YLR393W,0,3.964922,0.3014804720878601,0.21747572720050812,0.052056167274713516
YPR082C,YKL184W,0,3.9639423,0.301075279712677,0.21747572720050812,0.0521564707159996
YMR162C,YCR003W,0,3.963448,0.30067113041877747,0.21747572720050812,0.05225677043199539
YGR186W,YNL327W,0,3.958975,0.3002680838108063,0.21747572720050812,0.05235707014799118
YLR138W,YCR097W,0,3.9587307,0.2998661398887634,0.21747572720050812,0.05245737358927727
YBR179C,YOR197W,0,3.9586487,0.29946523904800415,0.21747572720050812,0.052557673305273056
YCL038C,YNL197C,0,3.9542444,0.29906541109085083,0.21747572720050812,0.052657973021268845
YKL188C,YPR107C,0,3.9533052,0.29866665601730347,0.21747572720050812,0.05275827646255493
YFL031W,YKR003W,0,3.952107,0.29826897382736206,0.21747572720050812,0.05285857617855072
YOR295W,YDL236W,0,3.9510634,0.2978723347187042,0.21747572720050812,0.05295887589454651
YPL152W,YML058W,0,3.950903,0.29747676849365234,0.21747572720050812,0.053059179335832596
YLR408C,YML075C,0,3.9500046,0.29708221554756165,0.21747572720050812,0.053159479051828384
YDR477W,YGL077C,0,3.9481902,0.2966887354850769,0.21747572720050812,0.05325977876782417
YGR108W,YGR033C,0,3.9456887,0.29629629850387573,0.21747572720050812,0.05336007848381996
YGL011C,YLR372W,0,3.9449704,0.29590487480163574,0.21747572720050812,0.05346038192510605
YJL028W,YLR110C,0,3.9446778,0.2955145239830017,0.21747572720050812,0.05356068164110184
YGL023C,YBR161W,1,3.944325,0.2964426875114441,0.21844659745693207,0.05356068164110184
YML018C,YOL119C,1,3.942143,0.2973684072494507,0.2194174826145172,0.05356068164110184
YNL064C,YER069W,0,3.940915,0.2969776690006256,0.2194174826145172,0.053660981357097626
YOR273C,YBR162C,1,3.9408867,0.2979002594947815,0.22038835287094116,0.053660981357097626
YDL181W,YBL027W,0,3.940794,0.2975098192691803,0.22038835287094116,0.05376128479838371
YPL237W,YOR328W,0,3.9404678,0.29712042212486267,0.22038835287094116,0.0538615845143795
YBR234C,YER035W,0,3.9396677,0.2967320382595062,0.22038835287094116,0.05396188423037529
YDL005C,YHR001W,0,3.939541,0.2963446378707886,0.22038835287094116,0.05406218767166138
YHR018C,YOR010C,0,3.9393888,0.2959582805633545,0.22038835287094116,0.054162487387657166
YBR179C,YGR098C,0,3.9383938,0.2955729067325592,0.22038835287094116,0.054262787103652954
YOR256C,YPR052C,0,3.9353702,0.2951885461807251,0.22038835287094116,0.05436309054493904
YEL064C,YJR001W,1,3.9346492,0.29610389471054077,0.2213592231273651,0.05436309054493904
YDR104C,YJR007W,0,3.9336677,0.29571983218193054,0.2213592231273651,0.05446339026093483
YGR121C,YNL021W,0,3.9311316,0.2953367829322815,0.2213592231273651,0.05456368997693062
YOL137W,YDL222C,0,3.9298363,0.29495471715927124,0.2213592231273651,0.054663993418216705
YOL094C,YLR297W,0,3.9274483,0.2945736348628998,0.2213592231273651,0.054764293134212494
YHR043C,YML111W,0,3.9272184,0.2941935360431671,0.2213592231273651,0.05486459285020828
YLR393W,YPR181C,0,3.9270794,0.29381442070007324,0.2213592231273651,0.05496489629149437
YGR207C,YGR098C,0,3.9270246,0.29343628883361816,0.2213592231273651,0.05506519600749016
YDR346C,YLR216C,0,3.9269414,0.2930591404438019,0.2213592231273651,0.05516549572348595
YDR155C,YDR382W,0,3.9240346,0.2926829159259796,0.2213592231273651,0.055265799164772034
YER072W,YOL019W,1,3.9225388,0.2935897409915924,0.22233009338378906,0.055265799164772034
YNL082W,YFR044C,0,3.9218907,0.293213814496994,0.22233009338378906,0.05536609888076782
YGL023C,YGR209C,1,3.9216218,0.29411765933036804,0.223300963640213,0.05536609888076782
YBR253W,YNL169C,0,3.920103,0.29374203085899353,0.223300963640213,0.05546639859676361
YLR174W,YLR064W,0,3.9186373,0.2933673560619354,0.223300963640213,0.0555666983127594
YHR026W,YOR320C,1,3.9145215,0.2942675054073334,0.22427184879779816,0.0555666983127594
YOR270C,YNL305C,1,3.9085603,0.29516538977622986,0.2252427190542221,0.0555666983127594
YPL047W,YLR398C,0,3.9064507,0.2947903573513031,0.2252427190542221,0.055667001754045486
YMR119W,YDR452W,0,3.905915,0.29441624879837036,0.2252427190542221,0.055767301470041275
YLL048C,YJL079C,1,3.905522,0.29531052708625793,0.22621358931064606,0.055767301470041275
YPR079W,YMR029C,0,3.9049466,0.2949367165565491,0.22621358931064606,0.055867601186037064
YIR034C,YPL003W,0,3.9048915,0.29456382989883423,0.22621358931064606,0.05596790462732315
YIL114C,YLR089C,0,3.9027014,0.2941919267177582,0.22621358931064606,0.05606820434331894
YFL050C,YML026C,0,3.9024248,0.29382094740867615,0.22621358931064606,0.05616850405931473
YDR432W,YLR362W,0,3.9015746,0.29345089197158813,0.22621358931064606,0.056268807500600815
YGR183C,YDL191W,0,3.9006636,0.29308176040649414,0.22621358931064606,0.0563691072165966
YML114C,YCL030C,0,3.8995547,0.29271358251571655,0.22621358931064606,0.05646940693259239
YGL207W,YOR303W,0,3.8985784,0.2923462986946106,0.22621358931064606,0.05656971037387848
YBR216C,YHR026W,0,3.8982575,0.29197993874549866,0.22621358931064606,0.05667001008987427
YJL138C,YKL012W,0,3.8981874,0.2916145324707031,0.22621358931064606,0.056770309805870056
YLR340W,YDR258C,0,3.8976736,0.29124999046325684,0.22621358931064606,0.05687061324715614
YLR376C,YHR018C,0,3.8962393,0.29088640213012695,0.22621358931064606,0.05697091296315193
YBR126C,YBL101C,0,3.8942957,0.2905236780643463,0.22621358931064606,0.05707121267914772
YHR003C,YLL028W,0,3.8940134,0.2901619076728821,0.22621358931064606,0.05717151612043381
YIL117C,YKL101W,0,3.8939252,0.2898010015487671,0.22621358931064606,0.057271815836429596
YGR125W,YDR262W,1,3.8931463,0.29068323969841003,0.22718445956707,0.057271815836429596
YBL102W,YLR135W,0,3.8922973,0.29032257199287415,0.22718445956707,0.057372115552425385
YDL010W,YIL010W,0,3.8909476,0.2899628281593323,0.22718445956707,0.05747241899371147
YGL255W,YKR045C,0,3.8901944,0.28960394859313965,0.22718445956707,0.05757271870970726
YDR323C,YPL234C,1,3.88527,0.2904820740222931,0.22815534472465515,0.05757271870970726
YDR346C,YDL222C,0,3.8851593,0.29012346267700195,0.22815534472465515,0.05767301842570305
YPR018W,YBL045C,0,3.8831034,0.28976571559906006,0.22815534472465515,0.05777331814169884
YJR099W,YLR256W,0,3.8830516,0.2894088625907898,0.22815534472465515,0.057873621582984924
YCR068W,YGR295C,1,3.881599,0.2902829051017761,0.2291262149810791,0.057873621582984924
YDL025C,YMR323W,0,3.8798816,0.28992629051208496,0.2291262149810791,0.05797392129898071
YMR058W,YCR003W,0,3.8797817,0.28957054018974304,0.2291262149810791,0.0580742210149765
YPL055C,YOL049W,0,3.878878,0.28921568393707275,0.2291262149810791,0.05817452445626259
YIL099W,YJR014W,0,3.8770897,0.2888616919517517,0.2291262149810791,0.05827482417225838
YJL151C,YCR068W,1,3.8769326,0.28973105549812317,0.23009708523750305,0.05827482417225838
YEL004W,YNL225C,0,3.87572,0.2893773019313812,0.23009708523750305,0.058375123888254166
YHL002W,YDR006C,0,3.8756623,0.28902438282966614,0.23009708523750305,0.05847542732954025
YCR102C,YGR206W,0,3.874256,0.2886723577976227,0.23009708523750305,0.05857572704553604
YIR028W,YGL029W,0,3.873989,0.2883211672306061,0.23009708523750305,0.05867602676153183
YBR216C,YHL001W,0,3.8730037,0.2879708409309387,0.23009708523750305,0.05877633020281792
YMR297W,YDR080W,1,3.8725045,0.28883495926856995,0.231067955493927,0.05877633020281792
YMR119W,YFL016C,0,3.870564,0.2884848415851593,0.231067955493927,0.058876629918813705
YMR195W,YLL015W,1,3.8693671,0.28934624791145325,0.23203884065151215,0.058876629918813705
YLR205C,YBR039W,0,3.868881,0.2889963686466217,0.23203884065151215,0.058976929634809494
YPL124W,YPL015C,0,3.8683689,0.2886473536491394,0.23203884065151215,0.05907723307609558
YNL152W,YLL023C,0,3.868064,0.2882991433143616,0.23203884065151215,0.05917753279209137
YER039C,YPR058W,0,3.8655653,0.287951797246933,0.23203884065151215,0.05927783250808716
YOL078W,YAL002W,1,3.865223,0.288808673620224,0.2330097109079361,0.05927783250808716
YKL152C,YJL138C,0,3.8652058,0.2884615361690521,0.2330097109079361,0.059378135949373245
YLR406C,YGR183C,0,3.8633227,0.2881152331829071,0.2330097109079361,0.059478435665369034
YNR056C,YOR354C,0,3.8629382,0.28776979446411133,0.2330097109079361,0.05957873538136482
YHR098C,YEL011W,0,3.8628385,0.28742516040802,0.2330097109079361,0.05967903882265091
YHR216W,YGR121C,0,3.8627753,0.2870813310146332,0.2330097109079361,0.0597793385386467
YER183C,YDL239C,0,3.861921,0.2867383658885956,0.2330097109079361,0.05987963825464249
YDR338C,YHR128W,0,3.8618062,0.28639617562294006,0.2330097109079361,0.059979937970638275
YKL163W,YEL047C,0,3.8572717,0.2860548198223114,0.2330097109079361,0.06008024141192436
YGR223C,YJL172W,1,3.8553238,0.2869047522544861,0.23398058116436005,0.06008024141192436
YOR354C,YPL023C,0,3.8541427,0.28656360507011414,0.23398058116436005,0.06018054112792015
YGR186W,YML058W,0,3.8540654,0.28622329235076904,0.23398058116436005,0.06028084084391594
YGR033C,YER169W,0,3.8519073,0.28588375449180603,0.23398058116436005,0.060381144285202026
YGR125W,YMR260C,0,3.8517625,0.2855450212955475,0.23398058116436005,0.060481444001197815
YPL030W,YIL050W,0,3.850493,0.2852070927619934,0.23398058116436005,0.060581743717193604
YDL025C,YLR362W,0,3.850434,0.2848699688911438,0.23398058116436005,0.06068204715847969
YKR086W,YML072C,0,3.8501577,0.28453364968299866,0.23398058116436005,0.06078234687447548
YMR119W,YLR136C,0,3.8496227,0.2841981053352356,0.23398058116436005,0.06088264659047127
YOR273C,YBR187W,1,3.8496118,0.2850412130355835,0.234951451420784,0.06088264659047127
YOL084W,YDL010W,1,3.848435,0.2858823537826538,0.23592233657836914,0.06088264659047127
YMR195W,YER119C,1,3.8482237,0.28672149777412415,0.2368932068347931,0.06088264659047127
YBR077C,YKR039W,1,3.8464446,0.2875586748123169,0.23786407709121704,0.06088264659047127
YFR019W,YGR163W,1,3.8459764,0.28839391469955444,0.238834947347641,0.06088264659047127
YPR020W,YKR046C,0,3.8450541,0.2880561947822571,0.238834947347641,0.060982950031757355
YDL103C,YMR113W,0,3.844616,0.2877193093299866,0.238834947347641,0.06108324974775314
YFR042W,YHR124W,0,3.8439271,0.28738316893577576,0.238834947347641,0.06118354946374893
YPL187W,YKR065C,0,3.8435845,0.2870478332042694,0.238834947347641,0.06128385290503502
YPL217C,YMR068W,0,3.8428693,0.28671327233314514,0.238834947347641,0.06138415262103081
YGR087C,YML062C,0,3.8422208,0.28637951612472534,0.238834947347641,0.061484452337026596
YML024W,YGL181W,0,3.840931,0.28604650497436523,0.238834947347641,0.06158475577831268
YMR278W,YPL187W,0,3.8392134,0.2857142984867096,0.238834947347641,0.06168505549430847
YGL001C,YLR423C,0,3.8386514,0.28538283705711365,0.238834947347641,0.06178535521030426
YDR080W,YLR043C,1,3.8366625,0.28621089458465576,0.23980583250522614,0.06178535521030426
YPR029C,YEL047C,0,3.836402,0.28587964177131653,0.23980583250522614,0.06188565865159035
YDR452W,YGL008C,0,3.8354664,0.285549134016037,0.23980583250522614,0.061985958367586136
YML123C,YHR200W,0,3.833775,0.2852194011211395,0.23980583250522614,0.062086258083581924
YGR020C,YCR044C,1,3.8320267,0.28604382276535034,0.24077670276165009,0.062086258083581924
YML110C,YMR189W,0,3.8316731,0.2857142984867096,0.24077670276165009,0.06218656152486801
YKR013W,YHR043C,0,3.8307886,0.28538548946380615,0.24077670276165009,0.0622868612408638
YJL151C,YJL111W,0,3.8307185,0.2850574851036072,0.24077670276165009,0.06238716095685959
YPL024W,YNL134C,0,3.830553,0.2847301959991455,0.24077670276165009,0.06248746067285538
YAR050W,YDR155C,0,3.8293128,0.2844036817550659,0.24077670276165009,0.06258776038885117
YOR256C,YBR008C,0,3.8277173,0.28407788276672363,0.24077670276165009,0.06268806755542755
YMR266W,YLR081W,0,3.826794,0.2837528586387634,0.24077670276165009,0.06278836727142334
YJR019C,YOR197W,0,3.8261175,0.2834285795688629,0.24077670276165009,0.06288866698741913
YPR183W,YLR135W,0,3.8258538,0.2831050157546997,0.24077670276165009,0.06298896670341492
YPL241C,YNL097C,0,3.8245382,0.2827822268009186,0.24077670276165009,0.0630892664194107
YEL011W,YDR293C,0,3.8240013,0.28246012330055237,0.24077670276165009,0.0631895661354065
YJL139C,YDR214W,0,3.8236876,0.28213879466056824,0.24077670276165009,0.06328987330198288
YGL184C,YDR293C,0,3.8230958,0.2818181812763214,0.24077670276165009,0.06339017301797867
YPL047W,YDL168W,0,3.8229444,0.2814982831478119,0.24077670276165009,0.06349047273397446
YGR209C,YNR061C,1,3.8223972,0.28231292963027954,0.24174757301807404,0.06349047273397446
YNL329C,YIL114C,0,3.8208363,0.28199321031570435,0.24174757301807404,0.06359077244997025
YNR054C,YGR209C,0,3.8207407,0.28167420625686646,0.24174757301807404,0.06369107216596603
YHR094C,YGR041W,0,3.8197403,0.28135591745376587,0.24174757301807404,0.06379137188196182
YKL086W,YFL034C-B,0,3.8179631,0.281038373708725,0.24174757301807404,0.06389167159795761
YBR126C,YOR375C,0,3.8174872,0.2807215452194214,0.24174757301807404,0.063991978764534
YPR018W,YGL187C,0,3.8173814,0.2804054021835327,0.24174757301807404,0.06409227848052979
YHR016C,YLR089C,0,3.8170297,0.28008997440338135,0.24174757301807404,0.06419257819652557
YAL032C,YKL216W,0,3.816978,0.2797752916812897,0.24174757301807404,0.06429287791252136
YKR007W,YHR026W,1,3.813377,0.28058362007141113,0.24271844327449799,0.06429287791252136
YGR125W,YPL006W,1,3.8132339,0.28139013051986694,0.24368931353092194,0.06429287791252136
YOL129W,YJR138W,1,3.8128133,0.2821948528289795,0.24466019868850708,0.06429287791252136
YBR280C,YDR484W,0,3.8109474,0.281879186630249,0.24466019868850708,0.06439317762851715
YGL006W,YKR039W,1,3.8105643,0.28268155455589294,0.24563106894493103,0.06439317762851715
YKL203C,YBR139W,1,3.8101375,0.2834821343421936,0.24660193920135498,0.06439317762851715
YKL101W,YJL159W,0,3.8088183,0.2831661105155945,0.24660193920135498,0.06449347734451294
YEL055C,YKR046C,0,3.80856,0.2828507721424103,0.24660193920135498,0.06459378451108932
YLR410W,YNL097C,0,3.808457,0.2825361490249634,0.24660193920135498,0.06469408422708511
YBR280C,YDR302W,0,3.80792,0.2822222113609314,0.24660193920135498,0.0647943839430809
YER039C,YLR449W,0,3.8078935,0.2819089889526367,0.24660193920135498,0.06489468365907669
YBR302C,YNL101W,1,3.8077903,0.2827050983905792,0.24757280945777893,0.06489468365907669
YOL052C-A,YOR288C,1,3.8075037,0.28349944949150085,0.24854369461536407,0.06489468365907669
YDL181W,YKR025W,0,3.8065748,0.28318583965301514,0.24854369461536407,0.06499498337507248
YKL080W,YLR297W,1,3.8043966,0.2839778959751129,0.24951456487178802,0.06499498337507248
YBR110W,YPL187W,0,3.8028688,0.2836644649505615,0.24951456487178802,0.06509528309106827
YLR225C,YML007W,0,3.8020458,0.28335171937942505,0.24951456487178802,0.06519559025764465
YDR003W,YPL045W,1,3.8019133,0.2841409742832184,0.25048545002937317,0.06519559025764465
YHR083W,YOR022C,0,3.8018315,0.28382837772369385,0.25048545002937317,0.06529588997364044
YDR202C,YJL207C,0,3.8014066,0.2835164964199066,0.25048545002937317,0.06539618968963623
YHR187W,YPL230W,0,3.8004842,0.2832052707672119,0.25048545002937317,0.06549648940563202
YJL047C,YER183C,0,3.799842,0.28289473056793213,0.25048545002937317,0.06559678912162781
YER003C,YPL181W,0,3.7996042,0.28258487582206726,0.25048545002937317,0.0656970888376236
YKL008C,YPL023C,0,3.799332,0.2822757065296173,0.25048545002937317,0.06579738855361938
YBL099W,YOR140W,0,3.7979016,0.2819672226905823,0.25048545002937317,0.06589769572019577
YEL020C,YGR065C,0,3.797255,0.28165939450263977,0.25048545002937317,0.06599799543619156
YHR028C,YOR270C,1,3.796667,0.28244274854660034,0.2514563202857971,0.06599799543619156
YHR191C,YML014W,0,3.796588,0.2821350693702698,0.2514563202857971,0.06609829515218735
YOL129W,YGL212W,1,3.7964594,0.28291621804237366,0.25242719054222107,0.06609829515218735
YJR105W,YDL079C,0,3.7945924,0.28260868787765503,0.25242719054222107,0.06619859486818314
YIR034C,YNL047C,0,3.794064,0.2823018431663513,0.25242719054222107,0.06629889458417892
YLR174W,YOR234C,0,3.7936575,0.28199565410614014,0.25242719054222107,0.06639919430017471
YOL088C,YLL023C,0,3.792381,0.28169015049934387,0.25242719054222107,0.0664995014667511
YBR167C,YDL161W,0,3.7912636,0.28138527274131775,0.25242719054222107,0.06659980118274689
YNL316C,YHR050W,0,3.7908225,0.28108108043670654,0.25242719054222107,0.06670010089874268
YKL165C,YDL054C,1,3.7908144,0.2818574607372284,0.253398060798645,0.06670010089874268
YDL168W,YJL020C,0,3.7901926,0.28155338764190674,0.253398060798645,0.06680040061473846
YGR020C,YDR080W,1,3.790183,0.2823275923728943,0.25436893105506897,0.06680040061473846
YPL019C,YDR481C,1,3.7900481,0.28310009837150574,0.2553398013114929,0.06680040061473846
YCR017C,YKL167C,0,3.786662,0.2827956974506378,0.2553398013114929,0.06690070033073425
YML018C,YAL002W,1,3.786294,0.28356605768203735,0.25631067156791687,0.06690070033073425
YOR003W,YML111W,0,3.7856002,0.28326180577278137,0.25631067156791687,0.06700100004673004
YER123W,YPL154C,1,3.7855442,0.284030020236969,0.2572815418243408,0.06700100004673004
YJR066W,YDL211C,1,3.7846627,0.2847965657711029,0.25825244188308716,0.06700100004673004
YLR216C,YKR042W,0,3.784597,0.28449198603630066,0.25825244188308716,0.06710130721330643
YOL089C,YKL193C,0,3.7843485,0.28418803215026855,0.25825244188308716,0.06720160692930222
YMR135C,YGL224C,0,3.7837422,0.283884733915329,0.25825244188308716,0.067301906645298
YGL032C,YDL165W,0,3.7835288,0.28358209133148193,0.25825244188308716,0.06740220636129379
YCR102C,YEL004W,0,3.7828221,0.28328007459640503,0.25825244188308716,0.06750250607728958
YMR058W,YIR035C,0,3.7827806,0.28297871351242065,0.25825244188308716,0.06760280579328537
YNL082W,YLR070C,0,3.782729,0.2826780080795288,0.25825244188308716,0.06770311295986176
YPL024W,YOR344C,0,3.7825477,0.2823779284954071,0.25825244188308716,0.06780341267585754
YDL002C,YJL092W,0,3.7822528,0.28207847476005554,0.25825244188308716,0.06790371239185333
YHR216W,YOL075C,0,3.7814233,0.2817796468734741,0.25825244188308716,0.06800401210784912
YJL204C,YIL097W,0,3.7809317,0.28148147463798523,0.25825244188308716,0.06810431182384491
YHR104W,YIL067C,0,3.7801251,0.2811839282512665,0.25825244188308716,0.0682046115398407
YIL010W,YDL236W,0,3.7786715,0.28088700771331787,0.25825244188308716,0.06830491125583649
YLR144C,YBR008C,0,3.7779348,0.2805907130241394,0.25825244188308716,0.06840521842241287
YDR348C,YKL035W,0,3.7765481,0.2802950441837311,0.25825244188308716,0.06850551813840866
YLR138W,YNL305C,0,3.7745628,0.2800000011920929,0.25825244188308716,0.06860581785440445
YLR297W,YFL062W,1,3.7737377,0.2807570993900299,0.2592233121395111,0.06860581785440445
YGL033W,YGL008C,0,3.7735581,0.2804621756076813,0.2592233121395111,0.06870611757040024
YER123W,YBR302C,1,3.7669616,0.28121721744537354,0.26019418239593506,0.06870611757040024
YOR122C,YNL270C,0,3.7657251,0.28092244267463684,0.26019418239593506,0.06880641728639603
YNL209W,YNL083W,0,3.7654245,0.2806282639503479,0.26019418239593506,0.06890671700239182
YNR026C,YKR046C,0,3.7647123,0.2803347408771515,0.26019418239593506,0.0690070241689682
YCR069W,YOR344C,0,3.7642817,0.28004178404808044,0.26019418239593506,0.06910732388496399
YGL224C,YBL009W,0,3.7632833,0.27974948287010193,0.26019418239593506,0.06920762360095978
YKR060W,YIL121W,0,3.76207,0.27945777773857117,0.26019418239593506,0.06930792331695557
YNL336W,YGR125W,1,3.7615771,0.2802083194255829,0.261165052652359,0.06930792331695557
YDR073W,YEL034W,0,3.7611008,0.27991676330566406,0.261165052652359,0.06940822303295135
YER166W,YLR355C,0,3.7610908,0.2796257734298706,0.261165052652359,0.06950852274894714
YBR221C,YGL187C,0,3.758905,0.2793354094028473,0.261165052652359,0.06960882991552353
YIL158W,YLR093C,1,3.7586403,0.2800830006599426,0.26213592290878296,0.06960882991552353
YAR071W,YOR197W,0,3.758202,0.27979275584220886,0.26213592290878296,0.06970912963151932
YPR145W,YLR362W,0,3.756153,0.27950310707092285,0.26213592290878296,0.0698094293475151
YLR174W,YHR083W,0,3.7555473,0.2792140543460846,0.26213592290878296,0.0699097290635109
YML038C,YLR174W,0,3.754611,0.2789256274700165,0.26213592290878296,0.07001002877950668
YMR092C,YEL020C,0,3.7542853,0.27863776683807373,0.26213592290878296,0.07011032849550247
YOR058C,YEL009C,0,3.7542155,0.27835050225257874,0.26213592290878296,0.07021062821149826
YCR066W,YCR017C,0,3.7518053,0.2780638635158539,0.26213592290878296,0.07031093537807465
YJR159W,YHR026W,0,3.750196,0.2777777910232544,0.26213592290878296,0.07041123509407043
YHL007C,YKR098C,0,3.7500224,0.2774922847747803,0.26213592290878296,0.07051153481006622
YML114C,YAL001C,0,3.749405,0.2772074043750763,0.26213592290878296,0.07061183452606201
YHR216W,YLR421C,0,3.7488196,0.2769230902194977,0.26213592290878296,0.0707121342420578
YLR135W,YBR039W,0,3.7464259,0.27663934230804443,0.26213592290878296,0.07081243395805359
YEL005C,YPL019C,1,3.7435937,0.27737972140312195,0.2631067931652069,0.07081243395805359
YNL071W,YDL191W,0,3.7433653,0.27709612250328064,0.2631067931652069,0.07091274112462997
YOR273C,YIL067C,1,3.7424607,0.27783453464508057,0.26407766342163086,0.07091274112462997
YAL014C,YNL220W,0,3.7419064,0.2775510251522064,0.26407766342163086,0.07101304084062576
YPR026W,YML132W,1,3.7401175,0.27828747034072876,0.2650485336780548,0.07101304084062576
YKR086W,YLR133W,0,3.7387536,0.27800408005714417,0.2650485336780548,0.07111334055662155
YGR108W,YHR084W,0,3.738607,0.27772125601768494,0.2650485336780548,0.07121364027261734
YKL008C,YKL211C,0,3.7384963,0.27743902802467346,0.2650485336780548,0.07131393998861313
YBL099W,YGL153W,0,3.7375169,0.27715736627578735,0.2650485336780548,0.07141423970460892
YHL002W,YOR133W,0,3.7374253,0.2768762707710266,0.2650485336780548,0.0715145468711853
YPR164W,YOL041C,0,3.7354972,0.27659574151039124,0.2650485336780548,0.07161484658718109
YAL032C,YKL127W,0,3.7335546,0.2763157784938812,0.2650485336780548,0.07171514630317688
YGR227W,YBR161W,0,3.7331676,0.27603641152381897,0.2650485336780548,0.07181544601917267
YDR216W,YPL255W,0,3.7324686,0.2757575809955597,0.2650485336780548,0.07191574573516846
YMR116C,YHR200W,0,3.7297516,0.2754793167114258,0.2650485336780548,0.07201604545116425
YIL041W,YPL008W,0,3.7283635,0.27520161867141724,0.2650485336780548,0.07211635261774063
YIL117C,YDL049C,0,3.727478,0.27492445707321167,0.2650485336780548,0.07221665233373642
YBR126C,YKR092C,0,3.7252376,0.27464789152145386,0.2650485336780548,0.07231695204973221
YEL034W,YKL163W,0,3.724544,0.274371862411499,0.2650485336780548,0.072417251765728
YMR088C,YKR039W,1,3.7237258,0.2751004099845886,0.26601940393447876,0.072417251765728
YBR290W,YML072C,0,3.7233002,0.27482447028160095,0.26601940393447876,0.07251755148172379
YPL246C,YCR083W,0,3.722493,0.27454909682273865,0.26601940393447876,0.07261785119771957
YHR028C,YNL321W,1,3.7215672,0.2752752900123596,0.2669903039932251,0.07261785119771957
YER141W,YPL232W,0,3.7205892,0.2750000059604645,0.2669903039932251,0.07271815091371536
YMR011W,YDR171W,0,3.7198944,0.2747252881526947,0.2669903039932251,0.07281845808029175
YNL316C,YHR019C,0,3.7193341,0.2744511067867279,0.2669903039932251,0.07291875779628754
YER166W,YLR256W,0,3.7191253,0.2741774618625641,0.2669903039932251,0.07301905751228333
YPR029C,YIL097W,0,3.7188044,0.27390438318252563,0.2669903039932251,0.07311935722827911
YGR028W,YCR089W,0,3.718598,0.27363184094429016,0.2669903039932251,0.0732196569442749
YNL037C,YPL069C,0,3.7184062,0.27335983514785767,0.2669903039932251,0.07331995666027069
YJR095W,YLR205C,0,3.7170389,0.27308839559555054,0.2669903039932251,0.07342026382684708
YDR003W,YNL326C,1,3.7170343,0.2738095223903656,0.26796117424964905,0.07342026382684708
YFL062W,YDR432W,0,3.7169926,0.27353814244270325,0.26796117424964905,0.07352056354284286
YMR135C,YGR152C,0,3.7160544,0.27326732873916626,0.26796117424964905,0.07362086325883865
YGR192C,YLR423C,0,3.7159834,0.27299702167510986,0.26796117424964905,0.07372116297483444
YMR047C,YPR103W,0,3.714042,0.27272728085517883,0.26796117424964905,0.07382146269083023
YNL300W,YOR003W,0,3.7139933,0.2724580466747284,0.26796117424964905,0.07392176240682602
YGL100W,YGL208W,0,3.7123291,0.27218934893608093,0.26796117424964905,0.0740220695734024
YPR183W,YCR023C,0,3.7102807,0.27192118763923645,0.26796117424964905,0.0741223692893982
YGR209C,YBR221C,0,3.7100518,0.27165353298187256,0.26796117424964905,0.07422266900539398
YOR115C,YIL099W,0,3.7087843,0.27138644456863403,0.26796117424964905,0.07432296872138977
YBR128C,YDR313C,1,3.7084417,0.27210214734077454,0.268932044506073,0.07432296872138977
YIL017C,YNL220W,0,3.7078195,0.2718351185321808,0.268932044506073,0.07442326843738556
YGR209C,YPL265W,0,3.707055,0.27156862616539,0.268932044506073,0.07452356815338135
YNL069C,YOR173W,0,3.705779,0.27130264043807983,0.268932044506073,0.07462387531995773
YFL041W,YOR288C,1,3.705438,0.27201566100120544,0.26990291476249695,0.07462387531995773
YDL126C,YBR098W,0,3.7048278,0.2717497646808624,0.26990291476249695,0.07472417503595352
YKL146W,YGR209C,1,3.7044706,0.2724609375,0.2708737850189209,0.07472417503595352
YGR183C,YLR256W,0,3.7043881,0.27219513058662415,0.2708737850189209,0.07482447475194931
YAL014C,YLL028W,0,3.7041142,0.2719298303127289,0.2708737850189209,0.0749247744679451
YJL172W,YDR481C,1,3.7022777,0.2726387679576874,0.27184465527534485,0.0749247744679451
YBR014C,YPR026W,1,3.702223,0.27334630489349365,0.2728155255317688,0.0749247744679451
YML111W,YEL047C,0,3.7010324,0.27308064699172974,0.2728155255317688,0.07502507418394089
YBR039W,YGL065C,0,3.7002163,0.2728155255317688,0.2728155255317688,0.07512537389993668
YHL001W,YIL122W,0,3.699461,0.27255091071128845,0.2728155255317688,0.07522567361593246
YFR009W,YGR284C,0,3.6990042,0.2722868323326111,0.2728155255317688,0.07532598078250885
YOL052C-A,YGR138C,1,3.6983929,0.2729912996292114,0.27378639578819275,0.07532598078250885
YJR091C,YBL003C,0,3.6971893,0.27272728085517883,0.27378639578819275,0.07542628049850464
YKR046C,YJL100W,0,3.6962962,0.27246376872062683,0.27378639578819275,0.07552658021450043
YPR056W,YPL015C,0,3.6956978,0.2722007632255554,0.27378639578819275,0.07562687993049622
YGR090W,YIL017C,0,3.6943054,0.271938294172287,0.27378639578819275,0.075727179646492
YOR202W,YNR039C,0,3.6926441,0.27167630195617676,0.27378639578819275,0.07582747936248779
YHR178W,YGL008C,0,3.6921718,0.2714148163795471,0.27378639578819275,0.07592778652906418
YLR034C,YFR055W,0,3.6919715,0.27115383744239807,0.27378639578819275,0.07602808624505997
YDL010W,YNR013C,1,3.6917722,0.2718539834022522,0.2747572958469391,0.07602808624505997
YKR067W,YJR077C,0,3.69133,0.2715930938720703,0.2747572958469391,0.07612838596105576
YDL079C,YDL236W,0,3.6898632,0.27133268117904663,0.2747572958469391,0.07622868567705154
YIL023C,YCR024C-A,0,3.6890578,0.2710728049278259,0.2747572958469391,0.07632898539304733
YIL158W,YJL058C,1,3.688183,0.27177032828330994,0.27572816610336304,0.07632898539304733
YPL088W,YJL111W,0,3.688076,0.271510511636734,0.27572816610336304,0.07642928510904312
YBR280C,YNL099C,0,3.6868858,0.27125120162963867,0.27572816610336304,0.0765295922756195
YJR105W,YPR140W,0,3.6860476,0.27099236845970154,0.27572816610336304,0.0766298919916153
YML078W,YBR070C,0,3.6856403,0.270734041929245,0.27572816610336304,0.07673019170761108
YDR422C,YKL103C,1,3.6847534,0.27142858505249023,0.276699036359787,0.07673019170761108
YLR406C,YKL148C,0,3.6824174,0.27117031812667847,0.276699036359787,0.07683049142360687
YER003C,YPR201W,0,3.6818564,0.2709125578403473,0.276699036359787,0.07693079113960266
YHR104W,YJL074C,0,3.681608,0.2706552743911743,0.276699036359787,0.07703109085559845
YGR125W,YLR043C,1,3.6814039,0.2713472545146942,0.27766990661621094,0.07703109085559845
YLL024C,YPL154C,1,3.6801739,0.27203792333602905,0.2786407768726349,0.07703109085559845
YPL237W,YNR032W,0,3.6799119,0.2717803120613098,0.2786407768726349,0.07713139057159424
YNR061C,YGR020C,1,3.6798673,0.27246925234794617,0.27961164712905884,0.07713139057159424
YFL022C,YOL113W,0,3.679607,0.2722117304801941,0.27961164712905884,0.07723169773817062
YPL053C,YJL100W,0,3.6794224,0.2719546854496002,0.27961164712905884,0.07733199745416641
YJL014W,YHR026W,0,3.6774752,0.27169811725616455,0.27961164712905884,0.0774322971701622
YFL041W,YKL077W,1,3.6767964,0.27238455414772034,0.2805825173854828,0.0774322971701622
YMR197C,YHL018W,0,3.6750853,0.27212804555892944,0.2805825173854828,0.07753259688615799
YJL042W,YOR336W,0,3.674621,0.27187207341194153,0.2805825173854828,0.07763289660215378
YHR175W,YDR105C,1,3.6745336,0.2725563943386078,0.28155338764190674,0.07763289660215378
YER119C,YJR138W,1,3.6737661,0.2732394337654114,0.2825242578983307,0.07763289660215378
YLR166C,YHR018C,0,3.672857,0.2729831039905548,0.2825242578983307,0.07773319631814957
YER054C,YNL087W,0,3.6728356,0.27272728085517883,0.2825242578983307,0.07783350348472595
YKL165C,YBR132C,1,3.6713588,0.2734082341194153,0.283495157957077,0.07783350348472595
YDR043C,YBR004C,0,3.670826,0.2731524705886841,0.283495157957077,0.07793380320072174
YDR255C,YKR042W,0,3.6698647,0.2728971838951111,0.283495157957077,0.07803410291671753
YBR217W,YDL239C,0,3.6695619,0.2726424038410187,0.283495157957077,0.07813440263271332
YHR063C,YER035W,0,3.6695042,0.2723880708217621,0.283495157957077,0.0782347023487091
YDR519W,YDR037W,0,3.6689126,0.2721342146396637,0.283495157957077,0.0783350020647049
YOR367W,YOR303W,0,3.6689115,0.2718808054924011,0.283495157957077,0.07843530923128128
YPL236C,YDL044C,0,3.6676269,0.27162790298461914,0.283495157957077,0.07853560894727707
YFL041W,YER093C,1,3.6671853,0.27230483293533325,0.284466028213501,0.07853560894727707
YIL040W,YGR256W,0,3.6668992,0.27205199003219604,0.284466028213501,0.07863590866327286
YKL209C,YCR043C,0,3.6665716,0.27179962396621704,0.284466028213501,0.07873620837926865
YKL184W,YOR171C,0,3.6663153,0.27154773473739624,0.284466028213501,0.07883650809526443
YBR280C,YMR116C,0,3.6654716,0.27129629254341125,0.284466028213501,0.07893680781126022
YPL162C,YBR161W,1,3.662313,0.27197039127349854,0.2854368984699249,0.07893680781126022
YNR013C,YDR486C,1,3.6613622,0.2726432681083679,0.2864077687263489,0.07893680781126022
YBR127C,YNL305C,1,3.660638,0.27331486344337463,0.2873786389827728,0.07893680781126022
YEL020C,YMR029C,0,3.6601396,0.27306273579597473,0.2873786389827728,0.07903711497783661
YDR489W,YJR161C,0,3.6598697,0.27281105518341064,0.2873786389827728,0.0791374146938324
YEL020C,YKL221W,0,3.6574197,0.27255985140800476,0.2873786389827728,0.07923771440982819
YDL002C,YPL015C,0,3.656868,0.2723090946674347,0.2873786389827728,0.07933801412582397
YDR104C,YJL159W,0,3.6555474,0.2720588147640228,0.2873786389827728,0.07943831384181976
YGL131C,YDR382W,0,3.6553888,0.27180901169776917,0.2873786389827728,0.07953861355781555
YOR095C,YDR258C,0,3.6543593,0.27155962586402893,0.2873786389827728,0.07963891327381134
YKL152C,YOL027C,0,3.6537905,0.2713107168674469,0.2873786389827728,0.07973922044038773
YMR135C,YDR162C,0,3.6510255,0.27106228470802307,0.2873786389827728,0.07983952015638351
YDL180W,YOL052C-A,1,3.6508179,0.27172917127609253,0.2883495092391968,0.07983952015638351
YPL020C,YKL209C,0,3.6500082,0.2714807987213135,0.2883495092391968,0.0799398198723793
YKR013W,YML010W,0,3.6499777,0.27123287320137024,0.2883495092391968,0.08004011958837509
YML126C,YPL181W,0,3.6493194,0.2709853947162628,0.2883495092391968,0.08014041930437088
YOR130C,YPR140W,0,3.6490068,0.2707383632659912,0.2883495092391968,0.08024071902036667
YGL023C,YMR305C,0,3.6487303,0.2704918086528778,0.2883495092391968,0.08034102618694305
YNL252C,YER073W,0,3.648698,0.27024567127227783,0.2883495092391968,0.08044132590293884
YDL123W,YGR125W,1,3.6480997,0.2709091007709503,0.2893203794956207,0.08044132590293884
YLR093C,YLR396C,1,3.6470993,0.2715713083744049,0.2902912497520447,0.08044132590293884
YJL063C,YBR110W,0,3.6469386,0.27132487297058105,0.2902912497520447,0.08054162561893463
YLR070C,YMR309C,0,3.6469147,0.271078884601593,0.2902912497520447,0.08064192533493042
YEL046C,YOR028C,0,3.645507,0.2708333432674408,0.2902912497520447,0.08074222505092621
YKL101W,YDR293C,0,3.6450706,0.2705882489681244,0.2902912497520447,0.080842524766922
YNL336W,YOR303W,0,3.6450462,0.2703435719013214,0.2902912497520447,0.08094283193349838
YER011W,YAR066W,0,3.6440878,0.27009937167167664,0.2902912497520447,0.08104313164949417
YGL207W,YJR161C,0,3.643756,0.2698555886745453,0.2902912497520447,0.08114343136548996
YLR210W,YGR231C,0,3.6431196,0.26961225271224976,0.2902912497520447,0.08124373108148575
YPL066W,YIL097W,0,3.6431012,0.26936936378479004,0.2902912497520447,0.08134403079748154
YCL040W,YGL022W,0,3.642426,0.26912692189216614,0.2902912497520447,0.08144433051347733
YML126C,YOR035C,0,3.6419034,0.26888489723205566,0.2902912497520447,0.08154463022947311
YPL100W,YNL217W,1,3.6411998,0.26954177021980286,0.291262149810791,0.08154463022947311
YER144C,YHR115C,0,3.6383634,0.26929983496665955,0.291262149810791,0.0816449373960495
YIL114C,YBR244W,0,3.6382873,0.2690582871437073,0.291262149810791,0.08174523711204529
YDR363W,YDR208W,0,3.637597,0.2688172161579132,0.291262149810791,0.08184553682804108
YHR123W,YOR005C,0,3.635955,0.2685765326023102,0.291262149810791,0.08194583654403687
YOR173W,YDR206W,0,3.6352491,0.26833632588386536,0.291262149810791,0.08204613626003265
YPL045W,YJL091C,0,3.6348958,0.2680965065956116,0.291262149810791,0.08214643597602844
YIR035C,YNL097C,0,3.6348846,0.2678571343421936,0.291262149810791,0.08224674314260483
YPR036W,YFL041W,1,3.6347132,0.26851025223731995,0.29223302006721497,0.08224674314260483
YER166W,YJR077C,0,3.6339507,0.26827093958854675,0.29223302006721497,0.08234704285860062
YKL025C,YOR202W,0,3.6338496,0.268032044172287,0.29223302006721497,0.0824473425745964
YJL111W,YNL241C,0,3.6336339,0.26779359579086304,0.29223302006721497,0.0825476422905922
YOL113W,YNR075W,0,3.6300735,0.2675555646419525,0.29223302006721497,0.08264794200658798
YLL043W,YLR043C,1,3.6298018,0.26820603013038635,0.2932038903236389,0.08264794200658798
YNL169C,YER026C,0,3.6293974,0.2679680585861206,0.2932038903236389,0.08274824172258377
YMR170C,YBR135W,0,3.6290705,0.2677305042743683,0.2932038903236389,0.08284854888916016
YHR063C,YMR271C,0,3.62833,0.2674933671951294,0.2932038903236389,0.08294884860515594
YHR094C,YHR196W,0,3.628056,0.26725664734840393,0.2932038903236389,0.08304914832115173
YGL006W,YHR026W,1,3.6262484,0.26790452003479004,0.29417476058006287,0.08304914832115173
YFL024C,YLR027C,0,3.625744,0.26766782999038696,0.29417476058006287,0.08314944803714752
YBR077C,YPL190C,0,3.6253438,0.2674315869808197,0.29417476058006287,0.08324974775314331
YPR082C,YOR328W,0,3.6248183,0.26719576120376587,0.29417476058006287,0.0833500474691391
YBL102W,YMR170C,0,3.6238866,0.26696035265922546,0.29417476058006287,0.08345035463571548
YNL115C,YDR486C,1,3.622635,0.26760563254356384,0.2951456308364868,0.08345035463571548
YHR032W,YKL193C,0,3.6224043,0.2673702836036682,0.2951456308364868,0.08355065435171127
YIL067C,YFR019W,1,3.6222086,0.2680140733718872,0.29611650109291077,0.08355065435171127
YDR519W,YAL001C,0,3.6208682,0.26777875423431396,0.29611650109291077,0.08365095406770706
YIL117C,YOR141C,0,3.6207745,0.26754385232925415,0.29611650109291077,0.08375125378370285
YHR026W,YOL019W,1,3.620304,0.2681857943534851,0.2970873713493347,0.08375125378370285
YJL204C,YOR178C,0,3.6198192,0.26795095205307007,0.2970873713493347,0.08385155349969864
YML038C,YPR004C,0,3.618936,0.26771652698516846,0.2970873713493347,0.08395185321569443
YKL213C,YGL013C,0,3.616517,0.2674825191497803,0.2970873713493347,0.08405215293169022
YPR036W,YLR447C,1,3.6161811,0.26812228560447693,0.29805824160575867,0.08405215293169022
YNL075W,YLR308W,0,3.6160824,0.26788830757141113,0.29805824160575867,0.0841524600982666
YML038C,YKL216W,0,3.6157439,0.26765474677085876,0.29805824160575867,0.08425275981426239
YIL066C,YOR035C,0,3.6149716,0.2674216032028198,0.29805824160575867,0.08435305953025818
YDR119W,YJL079C,1,3.6126738,0.2680591940879822,0.2990291118621826,0.08435305953025818
YOR312C,YIL122W,0,3.612192,0.2678260803222656,0.2990291118621826,0.08445335924625397
YPR029C,YFL055W,0,3.611323,0.2675933837890625,0.2990291118621826,0.08455365896224976
YHR124W,YLR136C,0,3.6101859,0.2673611044883728,0.2990291118621826,0.08465395867824554
YKL008C,YLR216C,0,3.6101325,0.26712924242019653,0.2990291118621826,0.08475426584482193
YCR068W,YBR236C,0,3.6083539,0.2668977379798889,0.2990291118621826,0.08485456556081772
YER011W,YNL265C,0,3.6073973,0.2666666805744171,0.2990291118621826,0.08495486527681351
YLR388W,YBR044C,0,3.6069741,0.26643598079681396,0.2990291118621826,0.0850551649928093
YAL001C,YCR024C-A,0,3.6056786,0.26620569825172424,0.2990291118621826,0.08515546470880508
YMR190C,YDR099W,0,3.6042125,0.26597583293914795,0.2990291118621826,0.08525576442480087
YBL002W,YNL014W,0,3.604167,0.2657463252544403,0.2990291118621826,0.08535607159137726
YJR152W,YHR183W,0,3.6028588,0.2655172348022461,0.2990291118621826,0.08545637130737305
YNL169C,YDR043C,0,3.6027126,0.2652885317802429,0.2990291118621826,0.08555667102336884
YDR119W,YCR075C,1,3.6005259,0.26592081785202026,0.30000001192092896,0.08555667102336884
YGR287C,YER042W,0,3.5998924,0.26569217443466187,0.30000001192092896,0.08565697073936462
YOL016C,YKL211C,0,3.5995243,0.2654639184474945,0.30000001192092896,0.08575727045536041
YER123W,YDL054C,1,3.597552,0.2660944163799286,0.3009708821773529,0.08575727045536041
YEL051W,YDR135C,1,3.5966291,0.2667238414287567,0.30194175243377686,0.08575727045536041
YJL159W,YDL239C,0,3.5938287,0.2664952874183655,0.30194175243377686,0.0858575701713562
YBR234C,YPR107C,0,3.593781,0.2662671208381653,0.30194175243377686,0.08595787733793259
YGL100W,YAL001C,0,3.5933495,0.26603934168815613,0.30194175243377686,0.08605817705392838
YLR071C,YBR098W,0,3.5927446,0.2658119797706604,0.30194175243377686,0.08615847676992416
YHR043C,YNL087W,0,3.592456,0.2655849754810333,0.30194175243377686,0.08625877648591995
YGL017W,YLR148W,0,3.5923693,0.2653583586215973,0.30194175243377686,0.08635907620191574
YBL006C,YBR234C,0,3.5922565,0.2651321291923523,0.30194175243377686,0.08645937591791153
YNL257C,YLR376C,0,3.5919983,0.2649063169956207,0.30194175243377686,0.08655967563390732
YBL084C,YBR132C,0,3.591633,0.2646808624267578,0.30194175243377686,0.0866599828004837
YMR047C,YER004W,0,3.591401,0.26445579528808594,0.30194175243377686,0.08676028251647949
YIL105C,YDR208W,0,3.5894084,0.2642310857772827,0.30194175243377686,0.08686058223247528
YPL053C,YCR097W,0,3.5892885,0.2640067934989929,0.30194175243377686,0.08696088194847107
YEL063C,YML046W,0,3.588246,0.2637828588485718,0.30194175243377686,0.08706118166446686
YPL047W,YNL305C,0,3.5868015,0.2635593116283417,0.30194175243377686,0.08716148138046265
YML131W,YJR152W,0,3.5860705,0.2633361518383026,0.30194175243377686,0.08726178854703903
YDR073W,YDL014W,0,3.5849266,0.2631133794784546,0.30194175243377686,0.08736208826303482
YOL154W,YGL124C,1,3.584767,0.2637362778186798,0.3029126226902008,0.08736208826303482
YMR236W,YDR354W,0,3.584332,0.2635135054588318,0.3029126226902008,0.08746238797903061
YMR068W,YJL079C,1,3.5842226,0.2641350328922272,0.30388349294662476,0.08746238797903061
YLR144C,YMR083W,0,3.5827398,0.2639123201370239,0.30388349294662476,0.0875626876950264
YPR058W,YOR367W,0,3.5825126,0.26368996500968933,0.30388349294662476,0.08766298741102219
YNL225C,YGL245W,0,3.5803828,0.26346802711486816,0.30388349294662476,0.08776328712701797
YLR069C,YDR382W,0,3.5802255,0.26324641704559326,0.30388349294662476,0.08786359429359436
YNL106C,YER001W,0,3.5801988,0.2630252242088318,0.30388349294662476,0.08796389400959015
YBR098W,YOR360C,0,3.5800524,0.2628043591976166,0.30388349294662476,0.08806419372558594
YBR298C,YKR042W,0,3.579607,0.2625838816165924,0.30388349294662476,0.08816449344158173
YHR128W,YJL036W,0,3.5790343,0.2623637914657593,0.30388349294662476,0.08826479315757751
YML131W,YKR045C,0,3.577412,0.2621440589427948,0.30388349294662476,0.0883650928735733
YKL160W,YGL054C,0,3.5767922,0.261924684047699,0.30388349294662476,0.08846539258956909
YBL099W,YDL207W,0,3.572997,0.2617056965827942,0.30388349294662476,0.08856569975614548
YHL033C,YER073W,0,3.5725412,0.26148703694343567,0.30388349294662476,0.08866599947214127
YLR089C,YDL222C,0,3.5719292,0.2612687945365906,0.30388349294662476,0.08876629918813705
YKR067W,YKL146W,0,3.571138,0.26105087995529175,0.30388349294662476,0.08886659890413284
YPL228W,YBR204C,0,3.5705628,0.2608333230018616,0.30388349294662476,0.08896689862012863
YJR001W,YCL038C,1,3.5704207,0.26144880056381226,0.3048543632030487,0.08896689862012863
YGR023W,YGR140W,0,3.5700822,0.26123127341270447,0.3048543632030487,0.08906719833612442
YLR034C,YEL047C,0,3.569641,0.2610141336917877,0.3048543632030487,0.0891675055027008
YGL184C,YHR166C,0,3.5688746,0.2607973515987396,0.3048543632030487,0.0892678052186966
YMR266W,YBR102C,0,3.5684085,0.2605809271335602,0.3048543632030487,0.08936810493469238
YOR361C,YDL239C,0,3.5664907,0.260364830493927,0.3048543632030487,0.08946840465068817
YLR274W,YGL179C,0,3.5663748,0.26014912128448486,0.3048543632030487,0.08956870436668396
YNL169C,YMR268C,0,3.566162,0.2599337697029114,0.3048543632030487,0.08966900408267975
YPL152W,YGR132C,0,3.5659895,0.25971877574920654,0.3048543632030487,0.08976931124925613
YLR274W,YMR154C,0,3.5659802,0.25950413942337036,0.3048543632030487,0.08986961096525192
YNL321W,YGL095C,1,3.5650055,0.2601155936717987,0.30582523345947266,0.08986961096525192
YBR207W,YDL010W,1,3.564552,0.26072606444358826,0.3067961037158966,0.08986961096525192
YDL210W,YFL004W,1,3.5640867,0.2613355219364166,0.30776700377464294,0.08986961096525192
YJR099W,YPL015C,0,3.5632763,0.2611202597618103,0.30776700377464294,0.08996991068124771
YGR033C,YPR164W,0,3.563095,0.26090535521507263,0.30776700377464294,0.0900702103972435
YER119C,YLR449W,0,3.562709,0.2606907784938812,0.30776700377464294,0.09017051011323929
YEL011W,YIR013C,0,3.5620372,0.26047658920288086,0.30776700377464294,0.09027080982923508
YKL084W,YIL017C,0,3.5606582,0.26026272773742676,0.30776700377464294,0.09037111699581146
YOR375C,YDR001C,0,3.5599775,0.2600492238998413,0.30776700377464294,0.09047141671180725
YKL035W,YOR140W,0,3.5594382,0.2598360776901245,0.30776700377464294,0.09057171642780304
YKR080W,YGL022W,0,3.5586932,0.259623259305954,0.30776700377464294,0.09067201614379883
YER146W,YFL052W,0,3.5573864,0.2594107985496521,0.30776700377464294,0.09077231585979462
YGR183C,YGL011C,0,3.5564008,0.25919869542121887,0.30776700377464294,0.0908726155757904
YBR298C,YHR128W,0,3.5561817,0.2589869201183319,0.30776700377464294,0.0909729152917862
YOL128C,YBR056W,0,3.5561168,0.2587755024433136,0.30776700377464294,0.09107322245836258
YGL224C,YBL105C,0,3.5561147,0.25856444239616394,0.30776700377464294,0.09117352217435837
YER069W,YJL091C,0,3.5545688,0.25835371017456055,0.30776700377464294,0.09127382189035416
YNL064C,YPR066W,0,3.5543175,0.2581433355808258,0.30776700377464294,0.09137412160634995
YDR452W,YDR135C,1,3.5532699,0.2587469518184662,0.3087378740310669,0.09137412160634995
YPL037C,YOR344C,0,3.5520854,0.25853657722473145,0.3087378740310669,0.09147442132234573
YDR085C,YML075C,0,3.5503306,0.25832656025886536,0.3087378740310669,0.09157472103834152
YPL055C,YLL023C,0,3.5493429,0.25811687111854553,0.3087378740310669,0.09167502820491791
YJL172W,YPR156C,1,3.5484376,0.2587185800075531,0.30970874428749084,0.09167502820491791
YDR519W,YLR136C,0,3.5472922,0.25850892066955566,0.30970874428749084,0.0917753279209137
YBR004C,YOL089C,0,3.546975,0.2582995891571045,0.30970874428749084,0.09187562763690948
YNL252C,YDR354W,0,3.5457096,0.258090615272522,0.30970874428749084,0.09197592735290527
YMR280C,YGL245W,0,3.545645,0.2578819692134857,0.30970874428749084,0.09207622706890106
YNR056C,YFR004W,0,3.5454984,0.2576736807823181,0.30970874428749084,0.09217652678489685
YNL154C,YDR258C,0,3.5437942,0.2574656903743744,0.30970874428749084,0.09227683395147324
YOL017W,YOR256C,0,3.5433297,0.2572580575942993,0.30970874428749084,0.09237713366746902
YDR016C,YLR408C,0,3.5429626,0.2570507526397705,0.30970874428749084,0.09247743338346481
YOL017W,YBR008C,0,3.5419931,0.25684380531311035,0.30970874428749084,0.0925777330994606
YNL325C,YKR039W,1,3.5409193,0.2574416697025299,0.3106796145439148,0.0925777330994606
YMR277W,YBR139W,0,3.5400589,0.25723472237586975,0.3106796145439148,0.09267803281545639
YHR079C-A,YHR001W,0,3.5390596,0.25702810287475586,0.3106796145439148,0.09277833253145218
YKL073W,YNL220W,0,3.5386062,0.2568218410015106,0.3106796145439148,0.09287863224744797
YJR088C,YCR048W,0,3.5383408,0.25661587715148926,0.3106796145439148,0.09297893941402435
YDL188C,YFR044C,0,3.5381126,0.25641027092933655,0.3106796145439148,0.09307923913002014
YOL129W,YOR273C,1,3.5376258,0.25700560212135315,0.31165048480033875,0.09307923913002014
YJR105W,YOL148C,0,3.5373573,0.25679999589920044,0.31165048480033875,0.09317953884601593
YGR249W,YCR083W,0,3.5368161,0.256594717502594,0.31165048480033875,0.09327983856201172
YBR161W,YDR156W,0,3.536655,0.2563897669315338,0.31165048480033875,0.09338013827800751
YBL089W,YOL019W,1,3.5358932,0.2569832503795624,0.3126213550567627,0.09338013827800751
YKL086W,YLL042C,0,3.5358386,0.2567782998085022,0.3126213550567627,0.0934804379940033
YBL040C,YGL207W,0,3.5357091,0.25657370686531067,0.3126213550567627,0.09358074516057968
YJR054W,YLR001C,1,3.5344687,0.2571656107902527,0.31359222531318665,0.09358074516057968
YDL010W,YEL026W,0,3.5344672,0.25696101784706116,0.31359222531318665,0.09368104487657547
YGR209C,YLR043C,1,3.533413,0.2575516700744629,0.3145630955696106,0.09368104487657547
YIL063C,YAL009W,0,3.5330677,0.25734710693359375,0.3145630955696106,0.09378134459257126
YHR083W,YMR058W,0,3.5325272,0.2571428716182709,0.3145630955696106,0.09388164430856705
YDR225W,YPL005W,0,3.5324922,0.2569389343261719,0.3145630955696106,0.09398194402456284
YML078W,YCL040W,0,3.5322185,0.25673535466194153,0.3145630955696106,0.09408224374055862
YGR227W,YPL088W,0,3.5314069,0.25653207302093506,0.3145630955696106,0.09418255090713501
YJL092W,YGL055W,0,3.5308194,0.25632911920547485,0.3145630955696106,0.0942828506231308
YOR202W,YKL073W,0,3.530443,0.2561264932155609,0.3145630955696106,0.09438315033912659
YGL121C,YGL150C,0,3.5264835,0.25592416524887085,0.3145630955696106,0.09448345005512238
YNR036C,YLR378C,0,3.5255594,0.25572216510772705,0.3145630955696106,0.09458374977111816
YBR215W,YAL061W,0,3.5249686,0.2555204927921295,0.3145630955696106,0.09468404948711395
YDR202C,YDL104C,0,3.5249119,0.25531914830207825,0.3145630955696106,0.09478435665369034
YCR066W,YGL100W,0,3.524164,0.25511810183525085,0.3145630955696106,0.09488465636968613
YPR061C,YIL017C,0,3.5224895,0.2549173831939697,0.3145630955696106,0.09498495608568192
YPL057C,YDR264C,0,3.5223238,0.25471699237823486,0.3145630955696106,0.0950852558016777
YGL011C,YHR094C,0,3.5215845,0.2545168995857239,0.3145630955696106,0.09518555551767349
YOR371C,YGL160W,0,3.5214348,0.25431710481643677,0.3145630955696106,0.09528585523366928
YCL038C,YPL012W,0,3.520441,0.2541176378726959,0.3145630955696106,0.09538615494966507
YPL152W,YNL264C,0,3.5199416,0.25391849875450134,0.3145630955696106,0.09548646211624146
YOR058C,YER001W,0,3.5197475,0.25371965765953064,0.3145630955696106,0.09558676183223724
YDR294C,YGR186W,0,3.5196261,0.2535211145877838,0.3145630955696106,0.09568706154823303
YFR019W,YJL058C,1,3.519415,0.25410476326942444,0.31553396582603455,0.09568706154823303
YMR058W,YKL012W,0,3.51865,0.25390625,0.31553396582603455,0.09578736126422882
YDR097C,YFL031W,0,3.5185137,0.25370803475379944,0.31553396582603455,0.09588766098022461
YGL166W,YGL012W,0,3.5167549,0.25351014733314514,0.31553396582603455,0.0959879606962204
YLR174W,YGR240C,0,3.5154896,0.2533125579357147,0.31553396582603455,0.09608826786279678
YJR161C,YER075C,0,3.515211,0.2531152665615082,0.31553396582603455,0.09618856757879257
YBR280C,YGR198W,0,3.5145087,0.2529182732105255,0.31553396582603455,0.09628886729478836
YPL246C,YER058W,0,3.5143607,0.2527216076850891,0.31553396582603455,0.09638916701078415
YJR044C,YNL270C,0,3.5143266,0.2525252401828766,0.31553396582603455,0.09648946672677994
YJL210W,YIL105C,0,3.513798,0.2523292005062103,0.31553396582603455,0.09658976644277573
YBR127C,YPL024W,0,3.5137954,0.25213342905044556,0.31553396582603455,0.09669007360935211
YER123W,YLR396C,1,3.513755,0.2527131736278534,0.3165048658847809,0.09669007360935211
YKR086W,YDR307W,0,3.513729,0.252517431974411,0.3165048658847809,0.0967903733253479
YPL265W,YOR367W,0,3.5134473,0.2523219883441925,0.3165048658847809,0.09689067304134369
YDR104C,YNL209W,0,3.5134392,0.2521268427371979,0.3165048658847809,0.09699097275733948
YER144C,YOR028C,0,3.5130043,0.2519319951534271,0.3165048658847809,0.09709127247333527
YNR069C,YIL017C,0,3.512629,0.25173744559288025,0.3165048658847809,0.09719157218933105
YLR135W,YEL060C,0,3.512504,0.25154322385787964,0.3165048658847809,0.09729187190532684
YGL234W,YER166W,0,3.5122137,0.2513492703437805,0.3165048658847809,0.09739217907190323
YAL055W,YKR001C,0,3.5117497,0.2511556148529053,0.3165048658847809,0.09749247878789902
YDR006C,YGR183C,0,3.5104945,0.2509622871875763,0.3165048658847809,0.0975927785038948
YER039C,YDL212W,0,3.5100553,0.2507692277431488,0.3165048658847809,0.0976930782198906
YGR172C,YNL097C,0,3.5098162,0.2505764663219452,0.3165048658847809,0.09779337793588638
YDR085C,YBR265W,0,3.5095785,0.25038403272628784,0.3165048658847809,0.09789367765188217
YGR023W,YMR068W,0,3.507509,0.250191867351532,0.3165048658847809,0.09799398481845856
YBR039W,YDL161W,0,3.5067372,0.25,0.3165048658847809,0.09809428453445435
YNL329C,YOR344C,0,3.5064132,0.2498084306716919,0.3165048658847809,0.09819458425045013
YDR452W,YMR088C,1,3.5047476,0.25038284063339233,0.31747573614120483,0.09819458425045013
YDL064W,YGL032C,0,3.5043406,0.25019127130508423,0.31747573614120483,0.09829488396644592
YCR042C,YGR172C,0,3.502215,0.25,0.31747573614120483,0.09839518368244171
YHR216W,YGL011C,0,3.4999952,0.24980901181697845,0.31747573614120483,0.0984954833984375
YBR235W,YER094C,0,3.499771,0.2496183216571808,0.31747573614120483,0.09859579056501389
YBR221C,YMR044W,0,3.4979515,0.2494279146194458,0.31747573614120483,0.09869609028100967
YIR035C,YKR042W,0,3.4969552,0.2492378056049347,0.31747573614120483,0.09879638999700546
YJL063C,YDL236W,0,3.4957368,0.24904797971248627,0.31747573614120483,0.09889668971300125
YLR166C,YIR035C,0,3.4928527,0.24885845184326172,0.31747573614120483,0.09899698942899704
YIR035C,YGL054C,0,3.4901376,0.24866920709609985,0.31747573614120483,0.09909728914499283
YLL005C,YGR256W,0,3.4900756,0.24848024547100067,0.31747573614120483,0.09919759631156921
YJR044C,YDR264C,0,3.4899974,0.24829156696796417,0.31747573614120483,0.099297896027565
YER003C,YDR208W,0,3.4899697,0.24810318648815155,0.31747573614120483,0.09939819574356079
YNL002C,YGR125W,0,3.4891171,0.2479150891304016,0.31747573614120483,0.09949849545955658
YOR293W,YOR344C,0,3.488596,0.24772727489471436,0.31747573614120483,0.09959879517555237
YMR221C,YCR068W,1,3.4883404,0.24829673767089844,0.3184466063976288,0.09959879517555237
YER141W,YJR088C,0,3.4882648,0.24810892343521118,0.3184466063976288,0.09969909489154816
YPL154C,YOR106W,1,3.4877858,0.24867725372314453,0.31941747665405273,0.09969909489154816
YPL012W,YIL050W,0,3.4875674,0.24848942458629608,0.31941747665405273,0.09979939460754395
YOL122C,YML132W,1,3.4875298,0.2490566074848175,0.3203883469104767,0.09979939460754395
YPL118W,YGR098C,0,3.4866648,0.24886877834796906,0.3203883469104767,0.09989970177412033
YPR145W,YDR225W,0,3.485759,0.2486812323331833,0.3203883469104767,0.10000000149011612
YDR099W,YDR394W,0,3.485384,0.2484939694404602,0.3203883469104767,0.10010030120611191
YPL030W,YGR256W,0,3.485196,0.248307004570961,0.3203883469104767,0.1002006009221077
YPR020W,YIL067C,0,3.4841619,0.24812030792236328,0.3203883469104767,0.10030090063810349
YDR016C,YLR378C,0,3.4832468,0.24793387949466705,0.3203883469104767,0.10040120035409927
YHL001W,YOL089C,0,3.482974,0.2477477490901947,0.3203883469104767,0.10050150752067566
YCR088W,YFR055W,0,3.4827871,0.24756188690662384,0.3203883469104767,0.10060180723667145
YDR258C,YDR037W,0,3.4814463,0.24737630784511566,0.3203883469104767,0.10070210695266724
YDR142C,YML038C,0,3.480004,0.24719101190567017,0.3203883469104767,0.10080240666866302
YJR088C,YOR245C,0,3.4794455,0.24700598418712616,0.3203883469104767,0.10090270638465881
YGL254W,YPR033C,0,3.4789176,0.24682123959064484,0.3203883469104767,0.1010030061006546
YML110C,YNL082W,0,3.478445,0.2466367781162262,0.3203883469104767,0.10110331326723099
YKR067W,YJL203W,0,3.4780545,0.24645256996154785,0.3203883469104767,0.10120361298322678
YOL119C,YBR070C,0,3.4765465,0.24626865983009338,0.3203883469104767,0.10130391269922256
YPL020C,YPR103W,0,3.4759896,0.2460850179195404,0.3203883469104767,0.10140421241521835
YGL047W,YPR052C,0,3.4758024,0.24590164422988892,0.3203883469104767,0.10150451213121414
YJL099W,YNL241C,0,3.4753766,0.24571853876113892,0.3203883469104767,0.10160481184720993
YLR408C,YBL105C,0,3.4744396,0.2455357164144516,0.3203883469104767,0.10170511901378632
YCL011C,YCR024C-A,0,3.4740992,0.24535316228866577,0.3203883469104767,0.1018054187297821
YHR104W,YBR221C,0,3.4722009,0.24517087638378143,0.3203883469104767,0.1019057184457779
YIR035C,YOR083W,0,3.4714653,0.24498885869979858,0.3203883469104767,0.10200601816177368
YDR171W,YCR048W,0,3.4713385,0.24480712413787842,0.3203883469104767,0.10210631787776947
YPL232W,YBR139W,0,3.4709024,0.24462564289569855,0.3203883469104767,0.10220661759376526
YBR216C,YKL073W,0,3.4700513,0.24444444477558136,0.3203883469104767,0.10230691730976105
YJR137C,YNR039C,0,3.4699414,0.24426351487636566,0.3203883469104767,0.10240722447633743
YNL257C,YLR138W,0,3.4696705,0.24408283829689026,0.3203883469104767,0.10250752419233322
YML131W,YLR256W,0,3.4692266,0.24390244483947754,0.3203883469104767,0.10260782390832901
YPR107C,YER042W,0,3.469222,0.24372230470180511,0.3203883469104767,0.1027081236243248
YPR026W,YAL002W,1,3.4686015,0.24428044259548187,0.32135921716690063,0.1027081236243248
YHL009C,YJL207C,0,3.4679604,0.24410028755664825,0.32135921716690063,0.10280842334032059
YEL063C,YML019W,0,3.4677315,0.24392041563987732,0.32135921716690063,0.10290872305631638
YOR320C,YJL079C,1,3.4675689,0.24447716772556305,0.3223300874233246,0.10290872305631638
YPR107C,YGR132C,0,3.4660811,0.24429728090763092,0.3223300874233246,0.10300903022289276
YCR066W,YHR115C,0,3.4658976,0.2441176474094391,0.3223300874233246,0.10310932993888855
YGR183C,YBR102C,0,3.465832,0.24393828213214874,0.3223300874233246,0.10320962965488434
YDL181W,YKL176C,0,3.4645982,0.2437591850757599,0.3223300874233246,0.10330992937088013
YGL002W,YLR035C,0,3.4641676,0.24358034133911133,0.3223300874233246,0.10341022908687592
YNL067W,YHR178W,0,3.4634986,0.24340176582336426,0.3223300874233246,0.1035105288028717
YBR127C,YOL138C,1,3.4628758,0.2439560443162918,0.32330095767974854,0.1035105288028717
YBL066C,YNL003C,0,3.462719,0.24377745389938354,0.32330095767974854,0.10361083596944809
YML022W,YKR003W,0,3.4625745,0.24359911680221558,0.32330095767974854,0.10371113568544388
YLR340W,YFL055W,0,3.4618876,0.2434210479259491,0.32330095767974854,0.10381143540143967
YOR231W,YDR001C,0,3.4616165,0.2432432472705841,0.32330095767974854,0.10391173511743546
YNL225C,YOR133W,0,3.4610271,0.2430656999349594,0.32330095767974854,0.10401203483343124
YMR216C,YKR065C,0,3.4606123,0.242888405919075,0.32330095767974854,0.10411233454942703
YGR152C,YDR255C,0,3.459757,0.2427113652229309,0.32330095767974854,0.10421263426542282
YDL042C,YJR161C,0,3.4582722,0.2425345927476883,0.32330095767974854,0.1043129414319992
YER072W,YOR288C,1,3.458055,0.24308587610721588,0.3242718577384949,0.1043129414319992
YHR112C,YER157W,0,3.4573166,0.24290908873081207,0.3242718577384949,0.104413241147995
YPR029C,YNL154C,0,3.456712,0.24273255467414856,0.3242718577384949,0.10451354086399078
YLL024C,YHL008C,1,3.4566674,0.2432824969291687,0.3252427279949188,0.10451354086399078
YNR073C,YGL077C,0,3.4565825,0.243105947971344,0.3252427279949188,0.10461384057998657
YCR083W,YGL153W,0,3.4561443,0.24292965233325958,0.3252427279949188,0.10471414029598236
YMR195W,YMR068W,1,3.4557736,0.24347825348377228,0.3262135982513428,0.10471414029598236
YPR075C,YMR159C,1,3.4531856,0.2440260648727417,0.3271844685077667,0.10471414029598236
YNL169C,YDR394W,0,3.452528,0.2438494861125946,0.3271844685077667,0.10481444001197815
YOL122C,YGL095C,1,3.4524062,0.24439623951911926,0.3281553387641907,0.10481444001197815
YNL327W,YPL008W,0,3.451423,0.24421964585781097,0.3281553387641907,0.10491474717855453
YJL093C,YNL265C,0,3.45116,0.24404332041740417,0.3281553387641907,0.10501504689455032
YOL084W,YBR077C,1,3.449521,0.24458874762058258,0.3291262090206146,0.10501504689455032
YBR073W,YPR066W,0,3.4487786,0.2444124072790146,0.3291262090206146,0.10511534661054611
YDR422C,YMR077C,1,3.4486961,0.24495677649974823,0.3300970792770386,0.10511534661054611
YOL091W,YKR003W,0,3.4486625,0.24478042125701904,0.3300970792770386,0.1052156463265419
YKR007W,YHR186C,1,3.4480786,0.24532374739646912,0.3310679495334625,0.1052156463265419
YBR128C,YJL097W,1,3.4477398,0.24586628377437592,0.33203884959220886,0.1052156463265419
YGL011C,YLR027C,0,3.44736,0.24568966031074524,0.33203884959220886,0.10531594604253769
YER078C,YOR033C,0,3.447277,0.24551327526569366,0.33203884959220886,0.10541624575853348
YDR486C,YAL002W,1,3.4467564,0.2460545152425766,0.3330097198486328,0.10541624575853348
YBR298C,YJR019C,0,3.4465992,0.24587813019752502,0.3330097198486328,0.10551655292510986
YOR273C,YGR125W,1,3.4465873,0.24641834199428558,0.33398059010505676,0.10551655292510986
YGR183C,YLL032C,0,3.446292,0.24624194204807281,0.33398059010505676,0.10561685264110565
YOR329C,YDR489W,0,3.4457035,0.24606581032276154,0.33398059010505676,0.10571715235710144
YER039C,YGL011C,0,3.4455528,0.24588991701602936,0.33398059010505676,0.10581745207309723
YBL040C,YGL150C,0,3.445358,0.24571429193019867,0.33398059010505676,0.10591775178909302
YML110C,YBR236C,0,3.4440775,0.24553890526294708,0.33398059010505676,0.1060180515050888
YML118W,YPL037C,0,3.4420075,0.2453637719154358,0.33398059010505676,0.10611835867166519
YER144C,YBR200W,0,3.4412887,0.2451888769865036,0.33398059010505676,0.10621865838766098
YGR209C,YDL010W,1,3.4411802,0.24572649598121643,0.3349514603614807,0.10621865838766098
YMR119W,YPL232W,0,3.4409392,0.24555160105228424,0.3349514603614807,0.10631895810365677
YGL250W,YDR294C,0,3.4405673,0.24537695944309235,0.3349514603614807,0.10641925781965256
YMR263W,YNR056C,0,3.438924,0.24520255625247955,0.3349514603614807,0.10651955753564835
YOR173W,YML123C,0,3.4388633,0.24502840638160706,0.3349514603614807,0.10661985725164413
YIR021W,YCR089W,0,3.4373903,0.24485450983047485,0.3349514603614807,0.10672015696763992
YER042W,YOR028C,0,3.437313,0.24468085169792175,0.3349514603614807,0.10682046413421631
YDR216W,YGL008C,0,3.4350338,0.24450744688510895,0.3349514603614807,0.1069207638502121
YKL027W,YPR004C,0,3.4342754,0.24433428049087524,0.3349514603614807,0.10702106356620789
YKL025C,YML123C,0,3.4342053,0.24416135251522064,0.3349514603614807,0.10712136328220367
YLR274W,YDR258C,0,3.4339943,0.24398867785930634,0.3349514603614807,0.10722166299819946
YML130C,YBR280C,0,3.433283,0.24381625652313232,0.3349514603614807,0.10732196271419525
YER146W,YMR202W,0,3.4330359,0.24364407360553741,0.3349514603614807,0.10742226988077164
YHR028C,YGL124C,1,3.432795,0.24417783319950104,0.33592233061790466,0.10742226988077164
YNL058C,YOL089C,0,3.4324296,0.24400563538074493,0.33592233061790466,0.10752256959676743
YJL063C,YIL016W,0,3.4316602,0.24383369088172913,0.33592233061790466,0.10762286931276321
YMR266W,YFL003C,0,3.4289117,0.24366196990013123,0.33592233061790466,0.107723169028759
YJL042W,YML007W,0,3.428682,0.24349050223827362,0.33592233061790466,0.10782346874475479
YML046W,YMR154C,0,3.4263287,0.24331927299499512,0.33592233061790466,0.10792376846075058
YHR112C,YDR352W,0,3.424004,0.24314828217029572,0.33592233061790466,0.10802407562732697
YOR362C,YDL058W,0,3.4232583,0.24297752976417542,0.33592233061790466,0.10812437534332275
YER119C,YNL047C,0,3.4215178,0.24280701577663422,0.33592233061790466,0.10822467505931854
YBR127C,YNL005C,0,3.4209926,0.24263674020767212,0.33592233061790466,0.10832497477531433
YLR027C,YNL224C,0,3.4204555,0.24246671795845032,0.33592233061790466,0.10842527449131012
YDR338C,YMR199W,0,3.419436,0.24229691922664642,0.33592233061790466,0.10852557420730591
YHL008C,YNL101W,1,3.4193125,0.2428271472454071,0.3368932008743286,0.10852557420730591
YCR020W-B,YHR026W,0,3.419294,0.2426573485136032,0.3368932008743286,0.1086258739233017
YPR079W,YDR264C,0,3.4192617,0.24248777329921722,0.3368932008743286,0.10872618108987808
YDR262W,YFL062W,1,3.4190278,0.24301676452159882,0.33786407113075256,0.10872618108987808
YDR058C,YDR214W,0,3.4189446,0.24284717440605164,0.33786407113075256,0.10882648080587387
YKL188C,YPL249C-A,0,3.4185777,0.24267782270908356,0.33786407113075256,0.10892678052186966
YDR540C,YMR167W,0,3.4183254,0.24250870943069458,0.33786407113075256,0.10902708023786545
YEL055C,YNL083W,0,3.4176493,0.2423398345708847,0.33786407113075256,0.10912737995386124
YOL146W,YJL093C,0,3.4170032,0.24217118322849274,0.33786407113075256,0.10922767966985703
YKL091C,YNL154C,0,3.4167335,0.24200278520584106,0.33786407113075256,0.10932798683643341
YGL044C,YGL054C,0,3.4167287,0.2418346107006073,0.33786407113075256,0.1094282865524292
YGR192C,YLR368W,0,3.4160843,0.24166665971279144,0.33786407113075256,0.10952858626842499
YNL300W,YOR005C,0,3.4155896,0.24149896204471588,0.33786407113075256,0.10962888598442078
YDR104C,YML110C,0,3.4153333,0.24133148789405823,0.33786407113075256,0.10972918570041656
YER073W,YJL014W,0,3.4147937,0.24116423726081848,0.33786407113075256,0.10982948541641235
YNR012W,YDL010W,0,3.414112,0.24099722504615784,0.33786407113075256,0.10992979258298874
YOL052C-A,YGL156W,1,3.4137034,0.24152249097824097,0.3388349413871765,0.10992979258298874
YLR386W,YKL077W,1,3.4136982,0.2420470267534256,0.33980581164360046,0.10992979258298874
YGR227W,YDR084C,0,3.4132876,0.24187974631786346,0.33980581164360046,0.11003009229898453
YPR156C,YBR290W,1,3.4117603,0.2424033135175705,0.3407767117023468,0.11003009229898453
YFL009W,YBL099W,0,3.4110606,0.24223601818084717,0.3407767117023468,0.11013039201498032
YOR256C,YLL054C,0,3.410695,0.24206896126270294,0.3407767117023468,0.1102306917309761
YLR332W,YPL072W,0,3.4106016,0.24190214276313782,0.3407767117023468,0.1103309914469719
YGL048C,YOL058W,0,3.410573,0.2417355328798294,0.3407767117023468,0.11043129116296768
YDL064W,YOR371C,0,3.4105113,0.2415691614151001,0.3407767117023468,0.11053159832954407
YOR095C,YOR022C,0,3.4101968,0.2414030283689499,0.3407767117023468,0.11063189804553986
YPL246C,YHR091C,0,3.4098904,0.2412371188402176,0.3407767117023468,0.11073219776153564
YIR014W,YJL172W,1,3.409389,0.24175824224948883,0.34174758195877075,0.11073219776153564
YGR223C,YMR195W,1,3.4093232,0.24227865040302277,0.3427184522151947,0.11073219776153564
YMR135C,YCR028C-A,0,3.4090805,0.24211248755455017,0.3427184522151947,0.11083249747753143
YPR052C,YCR097W,0,3.4078407,0.2419465333223343,0.3427184522151947,0.11093279719352722
YJR159W,YJL100W,0,3.4073617,0.2417808175086975,0.3427184522151947,0.11103309690952301
YLR297W,YAL014C,0,3.4067914,0.24161532521247864,0.3427184522151947,0.1111333966255188
YMR011W,YOL027C,0,3.406779,0.24145007133483887,0.3427184522151947,0.11123370379209518
YJL151C,YMR202W,0,3.4064207,0.2412850260734558,0.3427184522151947,0.11133400350809097
YGL001C,YPL015C,0,3.4060557,0.24112021923065186,0.3427184522151947,0.11143430322408676
YDL168W,YPR065W,0,3.40514,0.2409556359052658,0.3427184522151947,0.11153460294008255
YPR140W,YPL066W,0,3.4050741,0.24079127609729767,0.3427184522151947,0.11163490265607834
YCR017C,YDR043C,0,3.4049616,0.24062712490558624,0.3427184522151947,0.11173520237207413
YOR362C,YBL099W,0,3.40454,0.24046321213245392,0.3427184522151947,0.11183550953865051
YIR034C,YGL038C,0,3.4040847,0.2402995228767395,0.3427184522151947,0.1119358092546463
YDL010W,YKL196C,1,3.4040356,0.24081632494926453,0.34368932247161865,0.1119358092546463
YML038C,YHR183W,0,3.402627,0.24065262079238892,0.34368932247161865,0.11203610897064209
YPR104C,YAL061W,0,3.401431,0.24048912525177002,0.34368932247161865,0.11213640868663788
YGR152C,YER069W,0,3.4009764,0.24032586812973022,0.34368932247161865,0.11223670840263367
YKR060W,YDR338C,0,3.4009755,0.24016281962394714,0.34368932247161865,0.11233700811862946
YGR033C,YBR221C,0,3.4003792,0.23999999463558197,0.34368932247161865,0.11243731528520584
YDR346C,YDL079C,0,3.3996606,0.2398373931646347,0.34368932247161865,0.11253761500120163
YDL193W,YDR519W,0,3.3979187,0.23967501521110535,0.34368932247161865,0.11263791471719742
YPL283C,YMR083W,0,3.3959558,0.2395128607749939,0.34368932247161865,0.1127382144331932
YBR217W,YNR039C,0,3.39575,0.23935091495513916,0.34368932247161865,0.112838514149189
YAR003W,YDL174C,0,3.395635,0.23918919265270233,0.34368932247161865,0.11293881386518478
YFL062W,YML001W,1,3.3951478,0.23970291018486023,0.3446601927280426,0.11293881386518478
YNL072W,YFL062W,0,3.3942583,0.239541158080101,0.3446601927280426,0.11303912103176117
YDR346C,YER069W,0,3.3933659,0.2393796294927597,0.3446601927280426,0.11313942074775696
YKL196C,YJL079C,1,3.392733,0.23989218473434448,0.34563106298446655,0.11313942074775696
YPL047W,YDR171W,0,3.3924842,0.23973064124584198,0.34563106298446655,0.11323972046375275
YDR163W,YKL167C,0,3.391985,0.2395693063735962,0.34563106298446655,0.11334002017974854
YBR216C,YJR047C,0,3.390163,0.2394082099199295,0.34563106298446655,0.11344031989574432
YPL120W,YGR295C,1,3.3899798,0.23991934955120087,0.3466019332408905,0.11344031989574432
YDR003W,YOR320C,1,3.3895116,0.2404298186302185,0.34757280349731445,0.11344031989574432
YPL047W,YKL035W,0,3.389008,0.24026845395565033,0.34757280349731445,0.11354061961174011
YDL210W,YER119C,1,3.388891,0.24077799916267395,0.3485437035560608,0.11354061961174011
YOR256C,YLR424W,0,3.388667,0.24061661958694458,0.3485437035560608,0.1136409193277359
YDL054C,YKL196C,1,3.387038,0.24112525582313538,0.34951457381248474,0.1136409193277359
YPR022C,YKR065C,0,3.3862092,0.2409638613462448,0.34951457381248474,0.11374122649431229
YER069W,YIR028W,0,3.3855796,0.24080267548561096,0.34951457381248474,0.11384152621030807
YBL050W,YBL105C,0,3.3850865,0.24064171314239502,0.34951457381248474,0.11394182592630386
YML007W,YBR110W,0,3.3841429,0.2404809594154358,0.34951457381248474,0.11404212564229965
YNL336W,YHR205W,1,3.3833709,0.24098798632621765,0.3504854440689087,0.11404212564229965
YGR198W,YBR161W,0,3.3833075,0.24082721769809723,0.3504854440689087,0.11414242535829544
YNL154C,YOL119C,0,3.3819604,0.24066667258739471,0.3504854440689087,0.11424272507429123
YIL023C,YHR123W,0,3.3814652,0.2405063360929489,0.3504854440689087,0.11434303224086761
YHL033C,YNL058C,0,3.3814206,0.24034620821475983,0.3504854440689087,0.1144433319568634
YJR161C,YAL002W,1,3.379208,0.24085162580013275,0.35145631432533264,0.1144433319568634
YER019W,YIL010W,0,3.3791447,0.24069148302078247,0.35145631432533264,0.11454363167285919
YEL060C,YDR477W,1,3.3789086,0.24119600653648376,0.3524271845817566,0.11454363167285919
YBR098W,YIL044C,0,3.3777575,0.24103586375713348,0.3524271845817566,0.11464393138885498
YNL326C,YKL103C,1,3.3767562,0.24153947830200195,0.35339805483818054,0.11464393138885498
YBL102W,YGR206W,0,3.375647,0.24137930572032928,0.35339805483818054,0.11474423110485077
YOL039W,YHR176W,0,3.374774,0.24121935665607452,0.35339805483818054,0.11484453082084656
YHR176W,YOR303W,0,3.3743625,0.24105960130691528,0.35339805483818054,0.11494483798742294
YBR127C,YLR155C,0,3.3743062,0.24090006947517395,0.35339805483818054,0.11504513770341873
YPL211W,YHR018C,0,3.3736458,0.24074074625968933,0.35339805483818054,0.11514543741941452
YPL152W,YPR082C,0,3.3733706,0.24058163166046143,0.35339805483818054,0.11524573713541031
YLR388W,YIR028W,0,3.3726587,0.24042272567749023,0.35339805483818054,0.1153460368514061
YGR038W,YDL147W,0,3.3723383,0.24026402831077576,0.35339805483818054,0.11544633656740189
YDR394W,YBR008C,0,3.3717678,0.240105539560318,0.35339805483818054,0.11554663628339767
YNL115C,YFR021W,1,3.371719,0.24060645699501038,0.3543689250946045,0.11554663628339767
YPL128C,YIL050W,0,3.3711581,0.24044795334339142,0.3543689250946045,0.11564694344997406
YPR082C,YJL210W,0,3.3700135,0.24028965830802917,0.3543689250946045,0.11574724316596985
YFL016C,YJL118W,0,3.3694487,0.24013157188892365,0.3543689250946045,0.11584754288196564
YOR133W,YPL249C,0,3.369093,0.23997369408607483,0.3543689250946045,0.11594784259796143
YJL151C,YBR057C,0,3.3690367,0.23981602489948273,0.3543689250946045,0.11604814231395721
YGR106C,YMR068W,1,3.3689725,0.24031516909599304,0.35533979535102844,0.11604814231395721
YOR307C,YNL134C,0,3.368854,0.24015748500823975,0.35533979535102844,0.116148442029953
YOR321W,YER166W,0,3.3688169,0.23999999463558197,0.35533979535102844,0.11624874919652939
YPR151C,YLR110C,0,3.3687952,0.2398427277803421,0.35533979535102844,0.11634904891252518
YKR003W,YBR106W,0,3.3680594,0.23968565464019775,0.35533979535102844,0.11644934862852097
YMR011W,YJL063C,0,3.3679903,0.23952879011631012,0.35533979535102844,0.11654964834451675
YBR128C,YPR075C,1,3.3676343,0.24002616107463837,0.3563106656074524,0.11654964834451675
YLR225C,YEL046C,0,3.3674555,0.23986928164958954,0.3563106656074524,0.11664994806051254
YOR321W,YCR068W,0,3.3664284,0.23971261084079742,0.3563106656074524,0.11675024777650833
YJR161C,YBR286W,1,3.366384,0.24020887911319733,0.35728156566619873,0.11675024777650833
YDR184C,YBR139W,0,3.3662324,0.24005217850208282,0.35728156566619873,0.11685055494308472
YJR047C,YBR199W,0,3.3657968,0.23989570140838623,0.35728156566619873,0.1169508546590805
YKR010C,YLR233C,0,3.3656976,0.23973941802978516,0.35728156566619873,0.1170511543750763
YBR068C,YBR139W,0,3.3650446,0.2395833283662796,0.35728156566619873,0.11715145409107208
YER021W,YNR075W,0,3.3649588,0.23942746222019196,0.35728156566619873,0.11725175380706787
YPL236C,YNL326C,1,3.364587,0.23992197215557098,0.3582524359226227,0.11725175380706787
YLR342W,YKR098C,0,3.3645205,0.23976607620716095,0.3582524359226227,0.11735205352306366
YIL023C,YNR039C,0,3.3644576,0.23961038887500763,0.3582524359226227,0.11745236068964005
YBR083W,YPL266W,0,3.3633306,0.23945489525794983,0.3582524359226227,0.11755266040563583
YLR051C,YLL028W,0,3.3633018,0.23929961025714874,0.3582524359226227,0.11765296012163162
YDL126C,YGL086W,0,3.3632426,0.23914451897144318,0.3582524359226227,0.11775325983762741
YPL230W,YGR098C,0,3.3632035,0.23898963630199432,0.3582524359226227,0.1178535595536232
YER019W,YLR034C,0,3.3623712,0.238834947347641,0.3582524359226227,0.11795385926961899
YOL119C,YGL207W,0,3.3622856,0.23868046700954437,0.3582524359226227,0.11805415898561478
YDL005C,YKR087C,0,3.3620195,0.23852618038654327,0.3582524359226227,0.11815446615219116
YPR061C,YOR141C,0,3.3614464,0.2383720874786377,0.3582524359226227,0.11825476586818695
YHR183W,YKL216W,0,3.3571076,0.23821820318698883,0.3582524359226227,0.11835506558418274
YDL226C,YHR200W,0,3.3567472,0.23806451261043549,0.3582524359226227,0.11845536530017853
YOR125C,YDL044C,0,3.3559017,0.23791103065013885,0.3582524359226227,0.11855566501617432
YOR178C,YPR112C,0,3.3539972,0.23775772750377655,0.3582524359226227,0.1186559647321701
YPR061C,YHR042W,0,3.35303,0.23760463297367096,0.3582524359226227,0.11875627189874649
YAL014C,YDL239C,0,3.352265,0.2374517321586609,0.3582524359226227,0.11885657161474228
YBR039W,YBR179C,0,3.3518157,0.23729903995990753,0.3582524359226227,0.11895687133073807
YGR125W,YFL003C,0,3.3509946,0.2371465265750885,0.3582524359226227,0.11905717104673386
YER093C,YML001W,1,3.3504944,0.2376364767551422,0.35922330617904663,0.11905717104673386
YPL053C,YFL016C,0,3.350236,0.237483948469162,0.35922330617904663,0.11915747076272964
YHR183W,YER073W,0,3.3494363,0.23733162879943848,0.35922330617904663,0.11925777047872543
YML110C,YGL133W,0,3.348445,0.2371794879436493,0.35922330617904663,0.11935807764530182
YPL242C,YOR028C,0,3.3482273,0.23702754080295563,0.35922330617904663,0.11945837736129761
YLR388W,YBR293W,0,3.3481205,0.23687580227851868,0.35922330617904663,0.1195586770772934
YLR034C,YPL265W,0,3.3476672,0.23672424256801605,0.35922330617904663,0.11965897679328918
YDR171W,YBR229C,0,3.3471122,0.23657289147377014,0.35922330617904663,0.11975927650928497
YFR019W,YLR447C,1,3.3463392,0.23706069588661194,0.3601941764354706,0.11975927650928497
YPR033C,YML121W,0,3.344802,0.23690932989120483,0.3601941764354706,0.11985957622528076
YHR107C,YNL134C,0,3.3445692,0.23675814270973206,0.3601941764354706,0.11995987594127655
YAL032C,YKL184W,0,3.3433871,0.2366071492433548,0.3601941764354706,0.12006018310785294
YHR050W,YDR229W,1,3.34337,0.23709368705749512,0.36116504669189453,0.12006018310785294
YLR135W,YML123C,0,3.3432593,0.23694267868995667,0.36116504669189453,0.12016048282384872
YGR227W,YBL050W,0,3.3429053,0.23679184913635254,0.36116504669189453,0.12026078253984451
YIR003W,YPR004C,0,3.3427,0.23664122819900513,0.36116504669189453,0.1203610822558403
YNL037C,YBR167C,0,3.3425791,0.23649078607559204,0.36116504669189453,0.12046138197183609
YBR161W,YLR447C,1,3.3421848,0.23697586357593536,0.3621359169483185,0.12046138197183609
YNL015W,YPL120W,1,3.3417838,0.23746031522750854,0.36310678720474243,0.12046138197183609
YOR328W,YOR064C,0,3.3416681,0.23730964958667755,0.36310678720474243,0.12056168168783188
YKL165C,YMR171C,1,3.3402953,0.23779328167438507,0.3640776574611664,0.12056168168783188
YHR007C,YAL009W,0,3.3394113,0.2376425862312317,0.3640776574611664,0.12066198885440826
YLR205C,YJL160C,0,3.3391347,0.23749208450317383,0.3640776574611664,0.12076228857040405
YNL323W,YDL174C,0,3.3380718,0.2373417764902115,0.3640776574611664,0.12086258828639984
YPL047W,YER065C,0,3.337879,0.23719164729118347,0.3640776574611664,0.12096288800239563
YDR221W,YBR204C,0,3.337541,0.23704172670841217,0.3640776574611664,0.12106318771839142
YBR106W,YLR362W,0,3.3375082,0.236891970038414,0.3640776574611664,0.12116348743438721
YMR106C,YKL209C,0,3.336898,0.23674242198467255,0.3640776574611664,0.12126379460096359
YPL084W,YOR122C,0,3.3332448,0.23659305274486542,0.3640776574611664,0.12136409431695938
YBR128C,YLR299W,1,3.3328989,0.23707440495491028,0.3650485575199127,0.12136409431695938
YER058W,YGR065C,0,3.332892,0.23692502081394196,0.3650485575199127,0.12146439403295517
YJR159W,YIL017C,0,3.330921,0.23677581548690796,0.3650485575199127,0.12156469374895096
YMR119W,YLR135W,0,3.3300908,0.23662680387496948,0.3650485575199127,0.12166499346494675
YBR014C,YDL123W,1,3.3290987,0.23710691928863525,0.36601942777633667,0.12166499346494675
YGL145W,YKR065C,0,3.3286908,0.23695789277553558,0.36601942777633667,0.12176529318094254
YMR236W,YBR221C,0,3.327373,0.23680904507637024,0.36601942777633667,0.12186560034751892
YNL329C,YML046W,0,3.3270216,0.23666039109230042,0.36601942777633667,0.12196590006351471
YDL046W,YGL095C,1,3.3253675,0.2371392697095871,0.3669902980327606,0.12196590006351471
YJL139C,YOR208W,0,3.3231351,0.23699060082435608,0.3669902980327606,0.1220661997795105
YBL016W,YNL125C,0,3.3226278,0.2368421107530594,0.3669902980327606,0.12216649949550629
YIR034C,YNR075W,0,3.3224146,0.23669379949569702,0.3669902980327606,0.12226679921150208
YGL255W,YNR049C,0,3.3220882,0.23654568195343018,0.3669902980327606,0.12236709892749786
YIR007W,YPR104C,0,3.3214447,0.23639774322509766,0.3669902980327606,0.12246739864349365
YBR234C,YCR102C,0,3.321077,0.23624999821186066,0.3669902980327606,0.12256770581007004
YLR034C,YMR189W,0,3.3209143,0.23610243201255798,0.3669902980327606,0.12266800552606583
YDR214W,YOL060C,0,3.320348,0.23595505952835083,0.3669902980327606,0.12276830524206161
YHR123W,YJR129C,0,3.32027,0.235807865858078,0.3669902980327606,0.1228686049580574
YEL064C,YDR313C,1,3.3198438,0.2362842857837677,0.36796116828918457,0.1228686049580574
YLR071C,YIL105C,0,3.319623,0.23613707721233368,0.36796116828918457,0.12296890467405319
YJL002C,YOR245C,0,3.3190022,0.2359900325536728,0.36796116828918457,0.12306920439004898
YPR107C,YEL011W,0,3.3173823,0.23584318161010742,0.36796116828918457,0.12316951155662537
YDR153C,YJR077C,0,3.3173077,0.23569652438163757,0.36796116828918457,0.12326981127262115
YLR034C,YEL064C,1,3.3171759,0.23617152869701385,0.3689320385456085,0.12326981127262115
YDR202C,YGL224C,0,3.316539,0.23602484166622162,0.3689320385456085,0.12337011098861694
YGR020C,YIL099W,1,3.316516,0.23649907112121582,0.36990290880203247,0.12337011098861694
YHR043C,YPL008W,0,3.3149476,0.2363523542881012,0.36990290880203247,0.12347041070461273
YHR039C,YHR102W,0,3.314435,0.2362058311700821,0.36990290880203247,0.12357071042060852
YDL181W,YJL076W,0,3.314384,0.23605948686599731,0.36990290880203247,0.12367101013660431
YOL128C,YLR369W,0,3.314313,0.23591330647468567,0.36990290880203247,0.1237713173031807
YML118W,YDL191W,0,3.3136563,0.23576731979846954,0.36990290880203247,0.12387161701917648
YLR376C,YLL028W,0,3.31322,0.23562152683734894,0.36990290880203247,0.12397191673517227
YPL009C,YKL035W,0,3.3131928,0.23547589778900146,0.36990290880203247,0.12407221645116806
YDR131C,YLR043C,1,3.3128407,0.2359481155872345,0.3708737790584564,0.12407221645116806
YPL164C,YHR178W,0,3.3126826,0.23580247163772583,0.3708737790584564,0.12417251616716385
YGL065C,YLR117C,0,3.312045,0.2356570065021515,0.3708737790584564,0.12427281588315964
YPL242C,YPL265W,0,3.31025,0.23551172018051147,0.3708737790584564,0.12437312304973602
YEL063C,YKL049C,0,3.3099096,0.2353665977716446,0.3708737790584564,0.12447342276573181
YIL041W,YML038C,0,3.3099012,0.23522166907787323,0.3708737790584564,0.1245737224817276
YER124C,YER094C,0,3.3094547,0.2350769191980362,0.3708737790584564,0.12467402219772339
YHR063C,YMR167W,0,3.3091612,0.23493234813213348,0.3708737790584564,0.12477432191371918
YPR009W,YNL097C,0,3.3086472,0.2347879558801651,0.3708737790584564,0.12487462162971497
YBL040C,YLR225C,0,3.3082728,0.23464372754096985,0.3708737790584564,0.12497492134571075
YOL115W,YNL037C,0,3.3081818,0.23449969291687012,0.3708737790584564,0.12507522106170654
YHR018C,YBR104W,0,3.3080835,0.23435582220554352,0.3708737790584564,0.12517552077770233
YJL051W,YML001W,0,3.3077023,0.23421214520931244,0.3708737790584564,0.12527582049369812
YFL062W,YML069W,0,3.3074923,0.2340686321258545,0.3708737790584564,0.1253761351108551
YJR137C,YJR088C,0,3.3069448,0.23392529785633087,0.3708737790584564,0.1254764348268509
YOR128C,YBR221C,0,3.306392,0.23378212749958038,0.3708737790584564,0.12557673454284668
YJL172W,YPL236C,1,3.3055253,0.2342507690191269,0.37184464931488037,0.12557673454284668
YLR393W,YHR128W,0,3.304793,0.2341075837612152,0.37184464931488037,0.12567703425884247
YIL041W,YBL067C,0,3.3042343,0.23396456241607666,0.37184464931488037,0.12577733397483826
YDR284C,YMR077C,1,3.303618,0.23443223536014557,0.3728155195713043,0.12577733397483826
YKL165C,YKL146W,1,3.3012094,0.23489932715892792,0.37378641963005066,0.12577733397483826
YCL040W,YDR331W,0,3.3009274,0.23475609719753265,0.37378641963005066,0.12587763369083405
YOL122C,YOL019W,1,3.3004408,0.23522242903709412,0.3747572898864746,0.12587763369083405
YGR125W,YJL074C,0,3.3003538,0.23507916927337646,0.3747572898864746,0.12597793340682983
YFL041W,YFL062W,1,3.3003516,0.23554474115371704,0.37572816014289856,0.12597793340682983
YPL170W,YPR065W,0,3.3003435,0.2354014664888382,0.37572816014289856,0.12607823312282562
YGL006W,YLL024C,1,3.2998433,0.2358662635087967,0.3766990303993225,0.12607823312282562
YER078C,YFL009W,0,3.29781,0.23572295904159546,0.3766990303993225,0.1261785328388214
YDR001C,YDL222C,0,3.2975738,0.23557984828948975,0.3766990303993225,0.1262788325548172
YDR477W,YNR075W,0,3.2974956,0.23543688654899597,0.3766990303993225,0.126379132270813
YBR056W,YKL073W,0,3.2958775,0.23529411852359772,0.3766990303993225,0.12647943198680878
YHL033C,YBR199W,0,3.2952268,0.2351515144109726,0.3766990303993225,0.12657974660396576
YPR145W,YKR010C,0,3.2947392,0.2350090891122818,0.3766990303993225,0.12668004631996155
YKL146W,YJL115W,0,3.2947156,0.23486682772636414,0.3766990303993225,0.12678034603595734
YKL176C,YHR026W,0,3.294715,0.2347247451543808,0.3766990303993225,0.12688064575195312
YKL188C,YGL038C,0,3.2946186,0.2345828264951706,0.3766990303993225,0.1269809454679489
YJL111W,YKR065C,0,3.2940478,0.23444108664989471,0.3766990303993225,0.1270812451839447
YML064C,YBL002W,0,3.293896,0.23429951071739197,0.3766990303993225,0.1271815448999405
YHR191C,YHL001W,0,3.292774,0.23415811359882355,0.3766990303993225,0.12728184461593628
YPR124W,YOR058C,0,3.2918112,0.23401688039302826,0.3766990303993225,0.12738214433193207
YBR106W,YLL010C,0,3.289329,0.2338758260011673,0.3766990303993225,0.12748244404792786
YMR189W,YLL052C,0,3.2884977,0.23373493552207947,0.3766990303993225,0.12758274376392365
YCR028C-A,YLR178C,0,3.2871504,0.23359422385692596,0.3766990303993225,0.12768304347991943
YLR001C,YNL006W,1,3.286497,0.23405535519123077,0.37766990065574646,0.12768304347991943
YPL055C,YMR083W,0,3.2862945,0.23391461372375488,0.37766990065574646,0.12778334319591522
YNL176C,YJR161C,1,3.286195,0.234375,0.3786407709121704,0.12778334319591522
YOR149C,YDR155C,0,3.2847161,0.23423422873020172,0.3786407709121704,0.1278836578130722
YML130C,YNL125C,0,3.2846632,0.23409363627433777,0.3786407709121704,0.127983957529068
YLR275W,YGR092W,0,3.2844944,0.23395320773124695,0.3786407709121704,0.12808425724506378
YKL146W,YMR244C-A,0,3.2844553,0.23381294310092926,0.3786407709121704,0.12818455696105957
YJR044C,YNL256W,0,3.2821646,0.2336728572845459,0.3786407709121704,0.12828485667705536
YML132W,YDR352W,1,3.282041,0.23413173854351044,0.37961164116859436,0.12828485667705536
YLR144C,YBR014C,0,3.2814739,0.2339916229248047,0.37961164116859436,0.12838515639305115
YBR187W,YOR288C,1,3.281122,0.23444975912570953,0.3805825114250183,0.12838515639305115
YPL228W,YKR046C,0,3.2806063,0.2343096286058426,0.3805825114250183,0.12848545610904694
YOL146W,YNR049C,0,3.2805653,0.23416964709758759,0.3805825114250183,0.12858575582504272
YOL129W,YOR106W,1,3.2801905,0.2346268594264984,0.38155341148376465,0.12858575582504272
YGR108W,YFL008W,0,3.2800424,0.2344868779182434,0.38155341148376465,0.1286860555410385
YDR255C,YKR024C,0,3.2792172,0.23434704542160034,0.38155341148376465,0.1287863552570343
YBL050W,YBR265W,0,3.2774754,0.2342073917388916,0.38155341148376465,0.1288866549730301
YDL077C,YBR132C,1,3.2764904,0.2346634864807129,0.3825242817401886,0.1288866549730301
YNR073C,YLL039C,0,3.276104,0.23452380299568176,0.3825242817401886,0.12898695468902588
YPL120W,YNL326C,1,3.2757,0.23497918248176575,0.38349515199661255,0.12898695468902588
YOR068C,YJL097W,1,3.2713997,0.23543401062488556,0.3844660222530365,0.12898695468902588
YGR138C,YER093C,1,3.2712998,0.2358882874250412,0.38543689250946045,0.12898695468902588
YDR184C,YIL073C,0,3.2702196,0.23574821650981903,0.38543689250946045,0.12908725440502167
YGL156W,YHR042W,0,3.2688127,0.23560830950737,0.38543689250946045,0.12918756902217865
YKL055C,YPL158C,0,3.26847,0.2354685664176941,0.38543689250946045,0.12928786873817444
YNL134C,YLL054C,0,3.2682376,0.23532898724079132,0.38543689250946045,0.12938816845417023
YEL011W,YDR143C,0,3.267382,0.23518957197666168,0.38543689250946045,0.12948846817016602
YER093C,YHR202W,1,3.2673552,0.23564238846302032,0.3864077627658844,0.12948846817016602
YHR115C,YLR393W,0,3.2668371,0.2355029582977295,0.3864077627658844,0.1295887678861618
YBR127C,YBR293W,1,3.2668104,0.23595505952835083,0.38737863302230835,0.1295887678861618
YPL227C,YDR352W,0,3.266675,0.2358155995607376,0.38737863302230835,0.1296890676021576
YDR191W,YNL209W,0,3.2662807,0.23567631840705872,0.38737863302230835,0.12978936731815338
YLR144C,YHR016C,0,3.265775,0.23553718626499176,0.38737863302230835,0.12988966703414917
YMR197C,YEL026W,0,3.265749,0.23539823293685913,0.38737863302230835,0.12998996675014496
YNL321W,YJR014W,0,3.265653,0.23525942862033844,0.38737863302230835,0.13009026646614075
YML131W,YOR205C,0,3.2656426,0.23512080311775208,0.38737863302230835,0.13019056618213654
YBL050W,YPR181C,0,3.2655504,0.23498232662677765,0.38737863302230835,0.13029086589813232
YEL013W,YNL006W,1,3.2654982,0.23543260991573334,0.3883495032787323,0.13029086589813232
YBL018C,YGL254W,0,3.2654579,0.23529411852359772,0.3883495032787323,0.1303911805152893
YIL023C,YJL138C,0,3.2652974,0.23515579104423523,0.3883495032787323,0.1304914802312851
YNL321W,YKR046C,0,3.2648711,0.23501762747764587,0.3883495032787323,0.13059177994728088
YDL128W,YBR131W,1,3.2647028,0.2354668229818344,0.38932037353515625,0.13059177994728088
YBR126C,YPL275W,0,3.2646675,0.23532864451408386,0.38932037353515625,0.13069207966327667
YLR233C,YNL327W,0,3.2643287,0.23519061505794525,0.38932037353515625,0.13079237937927246
YDL207W,YKR003W,0,3.2630882,0.23505274951457977,0.38932037353515625,0.13089267909526825
YBR102C,YAR071W,0,3.2623775,0.23491506278514862,0.38932037353515625,0.13099297881126404
YIL131C,YJL093C,0,3.262134,0.2347775101661682,0.38932037353515625,0.13109327852725983
YGL001C,YBR133C,0,3.2609725,0.23464013636112213,0.38932037353515625,0.13119357824325562
YKR039W,YGL095C,1,3.2602522,0.23508772253990173,0.3902912735939026,0.13119357824325562
YLR310C,YLR362W,0,3.2590299,0.23495031893253326,0.3902912735939026,0.1312938779592514
YLR240W,YCL040W,0,3.2589774,0.23481307923793793,0.3902912735939026,0.1313941776752472
YEL013W,YOL138C,1,3.2589195,0.2352597713470459,0.39126214385032654,0.1313941776752472
YEL060C,YPR056W,0,3.2579234,0.23512251675128937,0.39126214385032654,0.13149447739124298
YHR039C-A,YLL051C,1,3.2578287,0.23556850850582123,0.3922330141067505,0.13149447739124298
YOL052C-A,YCR044C,1,3.257308,0.2360139787197113,0.39320388436317444,0.13149447739124298
YIL031W,YML046W,0,3.256115,0.23587653040885925,0.39320388436317444,0.13159477710723877
YBR235W,YJL159W,0,3.2560217,0.23573923110961914,0.39320388436317444,0.13169509172439575
YJR007W,YDR409W,0,3.2558632,0.23560209572315216,0.39320388436317444,0.13179539144039154
YDR142C,YBR161W,0,3.255537,0.23546510934829712,0.39320388436317444,0.13189569115638733
YMR280C,YER124C,0,3.2555256,0.2353283017873764,0.39320388436317444,0.13199599087238312
YBR084C-A,YGR231C,0,3.2549725,0.23519164323806763,0.39320388436317444,0.1320962905883789
YBR077C,YCR024C-A,0,3.2542162,0.2350551337003708,0.39320388436317444,0.1321965903043747
YOR316C,YOR106W,1,3.2538714,0.23549884557724,0.3941747546195984,0.1321965903043747
YMR202W,YJL014W,0,3.253149,0.23536232113838196,0.3941747546195984,0.13229689002037048
YKR046C,YOR367W,0,3.2527227,0.23522596061229706,0.3941747546195984,0.13239718973636627
YJL116C,YOR344C,0,3.2521935,0.2350897490978241,0.3941747546195984,0.13249748945236206
YDR221W,YPL079W,0,3.2521474,0.23495370149612427,0.3941747546195984,0.13259778916835785
YBR234C,YJR077C,0,3.2504754,0.23481781780719757,0.3941747546195984,0.13269808888435364
YJR056C,YER122C,0,3.2484303,0.2346820831298828,0.3941747546195984,0.13279838860034943
YHR113W,YNL217W,1,3.2478976,0.23512420058250427,0.39514562487602234,0.13279838860034943
YCR024C-A,YBR221C,0,3.2474847,0.23498845100402832,0.39514562487602234,0.1328987032175064
YIL117C,YOL130W,0,3.2469656,0.2348528504371643,0.39514562487602234,0.1329990029335022
YKL188C,YGL156W,0,3.2468126,0.23471741378307343,0.39514562487602234,0.13309930264949799
YKL125W,YDL178W,0,3.2466598,0.23458212614059448,0.39514562487602234,0.13319960236549377
YNL082W,YPL066W,0,3.246193,0.23444700241088867,0.39514562487602234,0.13329990208148956
YDR284C,YOL138C,1,3.2460396,0.2348877340555191,0.3961164951324463,0.13329990208148956
YDL005C,YLR066W,0,3.2458873,0.2347525954246521,0.3961164951324463,0.13340020179748535
YOL119C,YOR035C,0,3.245799,0.23461759090423584,0.3961164951324463,0.13350050151348114
YBR127C,YDR229W,1,3.2457848,0.23505747318267822,0.39708736538887024,0.13350050151348114
YOL052C-A,YHR186C,1,3.2457585,0.23549683392047882,0.3980582654476166,0.13350050151348114
YKR003W,YNL305C,0,3.2456563,0.23536165058612823,0.3980582654476166,0.13360080122947693
YHR216W,YKL163W,0,3.245263,0.2352266162633896,0.3980582654476166,0.13370110094547272
YMR068W,YKL211C,0,3.245216,0.23509174585342407,0.3980582654476166,0.1338014006614685
YJL092W,YAL055W,0,3.24509,0.2349570244550705,0.3980582654476166,0.1339017003774643
YBR241C,YDR313C,1,3.2448905,0.23539519309997559,0.3990291357040405,0.1339017003774643
YIL010W,YER001W,0,3.2448664,0.23526044189929962,0.3990291357040405,0.13400200009346008
YJR033C,YCL038C,1,3.2441354,0.235697939991951,0.4000000059604645,0.13400200009346008
YOR128C,YPL086C,0,3.2432187,0.23556317389011383,0.4000000059604645,0.13410229980945587
YHR121W,YGL020C,0,3.2423737,0.2354285717010498,0.4000000059604645,0.13420261442661285
YLL043W,YBR132C,1,3.2423697,0.23586522042751312,0.4009708762168884,0.13420261442661285
YOL128C,YOR321W,0,3.2423434,0.2357305884361267,0.4009708762168884,0.13430291414260864
YOR178C,YJL076W,0,3.241882,0.23559612035751343,0.4009708762168884,0.13440321385860443
YPR183W,YOR284W,0,3.241798,0.23546180129051208,0.4009708762168884,0.13450351357460022
YJR007W,YCR048W,0,3.2409968,0.23532763123512268,0.4009708762168884,0.134603813290596
YNL224C,YGR041W,0,3.2403874,0.2351936250925064,0.4009708762168884,0.1347041130065918
YBR128C,YEL064C,1,3.2394369,0.2356289178133011,0.4019417464733124,0.1347041130065918
YGL038C,YCR023C,0,3.2387896,0.23549488186836243,0.4019417464733124,0.13480441272258759
YJR007W,YNL321W,0,3.238767,0.2353609949350357,0.4019417464733124,0.13490471243858337
YOR361C,YDR307W,0,3.2383578,0.23522727191448212,0.4019417464733124,0.13500501215457916
YDL002C,YEL047C,0,3.2379546,0.23509369790554047,0.4019417464733124,0.13510531187057495
YCR102C,YER042W,0,3.2376173,0.23496027290821075,0.4019417464733124,0.13520561158657074
YHR216W,YDR452W,0,3.23743,0.23482699692249298,0.4019417464733124,0.13530591130256653
YHR174W,YDR486C,1,3.2374272,0.2352607697248459,0.40291261672973633,0.13530591130256653
YER146W,YKL160W,0,3.2361188,0.23512747883796692,0.40291261672973633,0.1354062259197235
YGR152C,YCR028C-A,0,3.2359688,0.2349943369626999,0.40291261672973633,0.1355065256357193
YCL011C,YDL122W,0,3.2343435,0.2348613440990448,0.40291261672973633,0.1356068253517151
YOR354C,YOR362C,0,3.234311,0.23472850024700165,0.40291261672973633,0.13570712506771088
YPL236C,YNR046W,0,3.233026,0.23459582030773163,0.40291261672973633,0.13580742478370667
YOR208W,YPL255W,0,3.232976,0.23446327447891235,0.40291261672973633,0.13590772449970245
YML022W,YIL065C,0,3.2327893,0.2343308925628662,0.40291261672973633,0.13600802421569824
YMR197C,YGR209C,0,3.2324367,0.2341986447572708,0.40291261672973633,0.13610832393169403
YHR063C,YGL011C,0,3.232419,0.23406656086444855,0.40291261672973633,0.13620862364768982
YPL211W,YGR163W,0,3.2324002,0.23393461108207703,0.40291261672973633,0.1363089233636856
YOR149C,YJL210W,0,3.2322412,0.23380281031131744,0.40291261672973633,0.1364092230796814
YBR126C,YPL037C,0,3.2321289,0.233671173453331,0.40291261672973633,0.13650952279567719
YHR026W,YHL008C,1,3.2319894,0.23410241305828094,0.4038834869861603,0.13650952279567719
YPL268W,YGL001C,0,3.2315378,0.2339707463979721,0.4038834869861603,0.13660982251167297
YLL048C,YMR054W,1,3.230394,0.23440134525299072,0.40485435724258423,0.13660982251167297
YPL154C,YDR229W,1,3.229712,0.23483146727085114,0.40582525730133057,0.13660982251167297
YJR091C,YGL011C,0,3.22901,0.23469960689544678,0.40582525730133057,0.13671013712882996
YNL257C,YPR121W,0,3.2288156,0.23456789553165436,0.40582525730133057,0.13681043684482574
YCR023C,YJL058C,1,3.228798,0.2349971979856491,0.4067961275577545,0.13681043684482574
YDR097C,YAR071W,0,3.2270727,0.2348654717206955,0.4067961275577545,0.13691073656082153
YOR173W,YML019W,0,3.2270503,0.23473389446735382,0.4067961275577545,0.13701103627681732
YIL023C,YLR095C,0,3.226824,0.23460246622562408,0.4067961275577545,0.1371113359928131
YNL064C,YLR453C,0,3.226427,0.2344711869955063,0.4067961275577545,0.1372116357088089
YBL016W,YFR044C,0,3.2258642,0.23434004187583923,0.4067961275577545,0.1373119354248047
YOL052C-A,YNL054W,1,3.2246585,0.23476803302764893,0.40776699781417847,0.1373119354248047
YKL091C,YLR319C,0,3.2242093,0.23463687300682068,0.40776699781417847,0.13741223514080048
YGR227W,YMR119W,0,3.223682,0.23450586199760437,0.40776699781417847,0.13751253485679626
YGR186W,YDR382W,0,3.2232945,0.234375,0.40776699781417847,0.13761283457279205
YER118C,YKR086W,0,3.222373,0.23424428701400757,0.40776699781417847,0.13771313428878784
YDL002C,YPL246C,0,3.2220933,0.23411370813846588,0.40776699781417847,0.13781343400478363
YLR225C,YPL228W,0,3.221125,0.23398329317569733,0.40776699781417847,0.1379137486219406
YLR242C,YER170W,0,3.2211185,0.23385301232337952,0.40776699781417847,0.1380140483379364
YMR323W,YMR058W,0,3.2203746,0.23372286558151245,0.40776699781417847,0.1381143480539322
YOL075C,YPL030W,0,3.2203531,0.23359288275241852,0.40776699781417847,0.13821464776992798
YBR234C,YLR144C,0,3.219142,0.23346303403377533,0.40776699781417847,0.13831494748592377
YMR189W,YPR020W,0,3.2171602,0.23333333432674408,0.40776699781417847,0.13841524720191956
YOL122C,YDL046W,1,3.2168283,0.23375901579856873,0.4087378680706024,0.13841524720191956
YGR020C,YDR262W,1,3.2157984,0.23418423533439636,0.40970873832702637,0.13841524720191956
YOL146W,YAR071W,0,3.2146401,0.2340543568134308,0.40970873832702637,0.13851554691791534
YCR071C,YHR026W,0,3.214325,0.23392461240291595,0.40970873832702637,0.13861584663391113
YER048C,YBR179C,0,3.2141767,0.23379501700401306,0.40970873832702637,0.13871614634990692
YDL004W,YGR284C,0,3.2136555,0.2336655557155609,0.40970873832702637,0.1388164460659027
YOR371C,YIL040W,0,3.2125528,0.2335362434387207,0.40970873832702637,0.1389167457818985
YPR145W,YGR186W,0,3.2116437,0.23340708017349243,0.40970873832702637,0.1390170454978943
YBR204C,YNL220W,0,3.2115965,0.2332780510187149,0.40970873832702637,0.13911734521389008
YEL051W,YML132W,1,3.2112954,0.2337016612291336,0.4106796085834503,0.13911734521389008
YGR183C,YAL042W,0,3.2109468,0.23357261717319489,0.4106796085834503,0.13921765983104706
YKL208W,YER157W,0,3.2109368,0.2334437072277069,0.4106796085834503,0.13931795954704285
YBR133C,YNL106C,0,3.2106347,0.23331494629383087,0.4106796085834503,0.13941825926303864
YPR156C,YBR241C,1,3.2105951,0.23373760282993317,0.41165047883987427,0.13941825926303864
YBR162C,YNL101W,1,3.2102509,0.23415978252887726,0.4126213490962982,0.13941825926303864
YPL019C,YPL234C,1,3.2102418,0.23458150029182434,0.41359221935272217,0.13941825926303864
YLR034C,YKL077W,1,3.2095559,0.23500275611877441,0.4145631194114685,0.13941825926303864
YKR087C,YDR316W,0,3.2090921,0.23487348854541779,0.4145631194114685,0.13951855897903442
YGR140W,YMR271C,0,3.2080834,0.2347443699836731,0.4145631194114685,0.1396188586950302
YOL154W,YPR156C,1,3.2074752,0.2351648360490799,0.41553398966789246,0.1396188586950302
YPL249C,YKL148C,0,3.206795,0.23503568768501282,0.41553398966789246,0.139719158411026
YBL105C,YIL050W,0,3.2064114,0.23490670323371887,0.41553398966789246,0.1398194581270218
YML110C,YER094C,0,3.2060223,0.23477783799171448,0.41553398966789246,0.13991975784301758
YHL008C,YPL236C,1,3.205021,0.23519736528396606,0.4165048599243164,0.13991975784301758
YIL088C,YMR159C,1,3.2049901,0.23561644554138184,0.41747573018074036,0.13991975784301758
YJR033C,YML121W,1,3.2045722,0.2360350489616394,0.4184466004371643,0.13991975784301758
YOR320C,YBR139W,1,3.2044873,0.23645320534706116,0.41941747069358826,0.13991975784301758
YGR256W,YNR049C,0,3.2043364,0.23632384836673737,0.41941747069358826,0.14002005755901337
YKL086W,YNL329C,0,3.203625,0.2361946403980255,0.41941747069358826,0.14012035727500916
YPL265W,YNL265C,0,3.2035787,0.2360655665397644,0.41941747069358826,0.14022065699100494
YGL055W,YOR375C,0,3.2033632,0.23593664169311523,0.41941747069358826,0.14032095670700073
YGL023C,YOR173W,0,3.2011614,0.235807865858078,0.41941747069358826,0.14042125642299652
YGL001C,YLR155C,0,3.2002358,0.23567920923233032,0.41941747069358826,0.1405215710401535
YHR104W,YJL093C,0,3.1993842,0.23555070161819458,0.41941747069358826,0.1406218707561493
YLR310C,YKL146W,0,3.1990762,0.23542234301567078,0.41941747069358826,0.14072217047214508
YFL018C,YGL166W,0,3.1987596,0.23529411852359772,0.41941747069358826,0.14082247018814087
YKL146W,YLR119W,0,3.1963515,0.2351660281419754,0.41941747069358826,0.14092276990413666
YGR038W,YNR051C,0,3.1961877,0.23503808677196503,0.41941747069358826,0.14102306962013245
YLR298C,YER157W,0,3.1961691,0.2349102795124054,0.41941747069358826,0.14112336933612823
YIR034C,YBR106W,0,3.1956053,0.2347826063632965,0.41941747069358826,0.14122366905212402
YDR210W,YGL012W,0,3.1955922,0.23465508222579956,0.41941747069358826,0.1413239687681198
YLR342W,YPL249C-A,0,3.1953201,0.23452769219875336,0.41941747069358826,0.1414242684841156
YDL010W,YOR312C,0,3.1942592,0.2344004362821579,0.41941747069358826,0.1415245682001114
YOR288C,YML121W,1,3.193512,0.23481561243534088,0.4203883409500122,0.1415245682001114
YPL256C,YBR216C,0,3.1930065,0.23468834161758423,0.4203883409500122,0.14162486791610718
YMR231W,YCR023C,1,3.1917815,0.23510292172431946,0.42135921120643616,0.14162486791610718
YER003C,YJR056C,0,3.191196,0.2349756360054016,0.42135921120643616,0.14172518253326416
YDR171W,YKL152C,0,3.1911767,0.2348484843969345,0.42135921120643616,0.14182548224925995
YJR066W,YOR106W,1,3.191174,0.23526230454444885,0.4223301112651825,0.14182548224925995
YLR423C,YKL176C,0,3.1910214,0.23513513803482056,0.4223301112651825,0.14192578196525574
YBR229C,YOL001W,0,3.1906686,0.235008105635643,0.4223301112651825,0.14202608168125153
YGR074W,YOR256C,0,3.1903553,0.2348812073469162,0.4223301112651825,0.14212638139724731
YMR297W,YFR021W,1,3.1902905,0.23529411852359772,0.42330098152160645,0.14212638139724731
YDL168W,YBR004C,0,3.1898656,0.23516720533370972,0.42330098152160645,0.1422266811132431
YJL063C,YPL046C,0,3.188973,0.23504042625427246,0.42330098152160645,0.1423269808292389
YDR104C,YDR480W,0,3.1873684,0.23491379618644714,0.42330098152160645,0.14242728054523468
YCR043C,YGR261C,0,3.1867914,0.23478728532791138,0.42330098152160645,0.14252758026123047
YMR052W,YDR099W,0,3.186553,0.23466092348098755,0.42330098152160645,0.14262787997722626
YLR242C,YAL055W,0,3.1862438,0.23453469574451447,0.42330098152160645,0.14272817969322205
YER042W,YML121W,0,3.186239,0.23440860211849213,0.42330098152160645,0.14282847940921783
YLR084C,YGL077C,0,3.1861572,0.23428264260292053,0.42330098152160645,0.14292877912521362
YBR019C,YKR039W,0,3.1852877,0.23415681719779968,0.42330098152160645,0.1430290937423706
YML025C,YPR065W,0,3.1849563,0.23403112590312958,0.42330098152160645,0.1431293934583664
YBR215W,YLR136C,0,3.1843512,0.2339055836200714,0.42330098152160645,0.14322969317436218
YLR132C,YLR144C,0,3.1841445,0.2337801605463028,0.42330098152160645,0.14332999289035797
YLR093C,YOR292C,1,3.1835258,0.23419077694416046,0.4242718517780304,0.14332999289035797
YMR119W,YBR056W,0,3.1834426,0.23406533896923065,0.4242718517780304,0.14343029260635376
YPL170W,YGL008C,0,3.1832879,0.23394005000591278,0.4242718517780304,0.14353059232234955
YKL086W,YDR143C,0,3.183271,0.23381488025188446,0.4242718517780304,0.14363089203834534
YKL209C,YEL047C,0,3.1831927,0.23368984460830688,0.4242718517780304,0.14373119175434113
YBL105C,YMR271C,0,3.1830182,0.23356494307518005,0.4242718517780304,0.14383149147033691
YJL159W,YDL122W,0,3.1828542,0.23344017565250397,0.4242718517780304,0.1439317911863327
YDL002C,YOR202W,0,3.1827788,0.23331554234027863,0.4242718517780304,0.1440320909023285
YDL126C,YLR051C,0,3.1827693,0.23319102823734283,0.4242718517780304,0.14413239061832428
YPR075C,YGR284C,0,3.1821227,0.23306666314601898,0.4242718517780304,0.14423270523548126
YPL283C,YPR004C,0,3.182076,0.23294243216514587,0.4242718517780304,0.14433300495147705
YKL146W,YLR136C,0,3.181643,0.23281832039356232,0.4242718517780304,0.14443330466747284
YOL122C,YJL097W,1,3.1815567,0.23322683572769165,0.42524272203445435,0.14443330466747284
YKR098C,YBR215W,0,3.1811693,0.2331027090549469,0.42524272203445435,0.14453360438346863
YBL016W,YKR087C,0,3.1811018,0.2329787164926529,0.42524272203445435,0.14463390409946442
YLR431C,YBR244W,0,3.1804547,0.23285485804080963,0.42524272203445435,0.1447342038154602
YBR234C,YNR026C,0,3.1791487,0.23273113369941711,0.42524272203445435,0.144834503531456
YER035W,YDR477W,0,3.1789198,0.23260754346847534,0.42524272203445435,0.14493480324745178
YGR049W,YLR225C,0,3.1788368,0.23248407244682312,0.42524272203445435,0.14503510296344757
YKL213C,YJR064W,0,3.1785107,0.23236073553562164,0.42524272203445435,0.14513540267944336
YGR254W,YIL158W,1,3.177679,0.2327677607536316,0.4262135922908783,0.14513540267944336
YJL012C,YHR050W,1,3.1774075,0.23317435383796692,0.42718446254730225,0.14513540267944336
YJL063C,YML022W,0,3.1766653,0.2330508530139923,0.42718446254730225,0.14523570239543915
YPR061C,YHR016C,0,3.1765618,0.23292747139930725,0.42718446254730225,0.14533600211143494
YMR280C,YBR236C,0,3.1762576,0.23280423879623413,0.42718446254730225,0.14543630182743073
YDL193W,YOR005C,0,3.176208,0.23268112540245056,0.42718446254730225,0.1455366164445877
YJL091C,YJR161C,0,3.1759515,0.23255814611911774,0.42718446254730225,0.1456369161605835
YHL018W,YBL002W,0,3.175466,0.23243528604507446,0.42718446254730225,0.14573721587657928
YLR027C,YDR394W,0,3.1729581,0.23231256008148193,0.42718446254730225,0.14583751559257507
YDR338C,YGR028W,0,3.1706204,0.23218996822834015,0.42718446254730225,0.14593781530857086
YEL064C,YGL095C,1,3.1702647,0.23259493708610535,0.4281553328037262,0.14593781530857086
YDR349C,YKL008C,0,3.1700113,0.23247233033180237,0.4281553328037262,0.14603811502456665
YFL055W,YGR209C,0,3.169536,0.23234984278678894,0.4281553328037262,0.14613841474056244
YFL016C,YJR161C,0,3.1679575,0.23222748935222626,0.4281553328037262,0.14623871445655823
YGL001C,YLR089C,0,3.167611,0.23210527002811432,0.4281553328037262,0.14633901417255402
YBR018C,YNL003C,0,3.1674218,0.23198316991329193,0.4281553328037262,0.1464393138885498
YLR205C,YNR069C,0,3.1670694,0.2318612039089203,0.4281553328037262,0.1465396136045456
YMR309C,YER004W,0,3.1669657,0.2317393571138382,0.4281553328037262,0.14663991332054138
YPR020W,YMR278W,0,3.1667984,0.23161764442920685,0.4281553328037262,0.14674022793769836
YFL018C,YER157W,0,3.1666858,0.23149606585502625,0.4281553328037262,0.14684052765369415
YOR140W,YNL326C,0,3.1664972,0.2313746064901352,0.4281553328037262,0.14694082736968994
YBR070C,YNL005C,0,3.1656163,0.23125328123569489,0.4281553328037262,0.14704112708568573
YNR039C,YIL067C,0,3.1653368,0.23113207519054413,0.4281553328037262,0.14714142680168152
YJR099W,YDL214C,0,3.165276,0.23101100325584412,0.4281553328037262,0.1472417265176773
YJR161C,YOR367W,0,3.1652331,0.23089005053043365,0.4281553328037262,0.1473420262336731
YDL010W,YDR267C,0,3.1648355,0.23076923191547394,0.4281553328037262,0.14744232594966888
YNL327W,YGL153W,0,3.164083,0.23064853250980377,0.4281553328037262,0.14754262566566467
YOR003W,YLR368W,0,3.1639116,0.23052796721458435,0.4281553328037262,0.14764292538166046
YBR187W,YHR202W,1,3.1636972,0.23092998564243317,0.42912620306015015,0.14764292538166046
YOR115C,YBR068C,0,3.1636763,0.23080940544605255,0.42912620306015015,0.14774322509765625
YLR298C,YJL137C,0,3.1628323,0.2306889295578003,0.42912620306015015,0.14784352481365204
YCR068W,YJR138W,1,3.1625066,0.231090247631073,0.4300970733165741,0.14784352481365204
YDR171W,YPL032C,0,3.1622953,0.23096975684165955,0.4300970733165741,0.14794382452964783
YPL152W,YBR216C,0,3.1620035,0.23084940016269684,0.4300970733165741,0.1480441391468048
YPR183W,YFL053W,0,3.161633,0.23072916269302368,0.4300970733165741,0.1481444388628006
YML064C,YBR221C,0,3.1615114,0.23060905933380127,0.4300970733165741,0.1482447385787964
YNL275W,YFR019W,1,3.161151,0.2310093641281128,0.43106797337532043,0.1482447385787964
YNL015W,YML018C,1,3.1610017,0.2314092516899109,0.4320388436317444,0.1482447385787964
YER172C,YBR110W,0,3.160849,0.23128898441791534,0.4320388436317444,0.14834503829479218
YNR073C,YHR141C,0,3.1604955,0.23116883635520935,0.4320388436317444,0.14844533801078796
YPR185W,YLR022C,0,3.1600952,0.2310488075017929,0.4320388436317444,0.14854563772678375
YBR234C,YCL026C-A,0,3.1600323,0.23092889785766602,0.4320388436317444,0.14864593744277954
YMR135C,YML075C,0,3.159846,0.23080912232398987,0.4320388436317444,0.14874623715877533
YOR095C,YKL107W,0,3.159107,0.23068948090076447,0.4320388436317444,0.14884653687477112
YML110C,YER006W,0,3.1590729,0.23056994378566742,0.4320388436317444,0.1489468365907669
YER144C,YDL010W,0,3.1586616,0.23045054078102112,0.4320388436317444,0.1490471363067627
YCL010C,YJR161C,0,3.1585073,0.23033125698566437,0.4320388436317444,0.14914743602275848
YNL275W,YPL221W,1,3.1584058,0.23072943091392517,0.43300971388816833,0.14914743602275848
YGL184C,YBR139W,0,3.1582603,0.23061013221740723,0.43300971388816833,0.14924775063991547
YLR226W,YPL162C,0,3.157405,0.23049095273017883,0.43300971388816833,0.14934805035591125
YPL009C,YHR018C,0,3.157311,0.23037190735340118,0.43300971388816833,0.14944835007190704
YGL002W,YDR314C,0,3.1570044,0.2302529662847519,0.43300971388816833,0.14954864978790283
YBR229C,YNL134C,0,3.1567273,0.23013415932655334,0.43300971388816833,0.14964894950389862
YDR194C,YGL150C,0,3.1565816,0.23001547157764435,0.43300971388816833,0.1497492492198944
YNR028W,YHL008C,1,3.156494,0.23041236400604248,0.4339805841445923,0.1497492492198944
YER003C,YOL027C,0,3.156333,0.2302936613559723,0.4339805841445923,0.1498495489358902
YBL040C,YKL148C,0,3.155793,0.23017507791519165,0.4339805841445923,0.149949848651886
YOR256C,YFR055W,0,3.1552823,0.23005661368370056,0.4339805841445923,0.15005014836788177
YNL030W,YJL014W,0,3.1549408,0.22993826866149902,0.4339805841445923,0.15015044808387756
YBL046W,YLR378C,0,3.154656,0.22982005774974823,0.4339805841445923,0.15025074779987335
YDR229W,YLR396C,1,3.1544666,0.23021583259105682,0.43495145440101624,0.15025074779987335
YPL020C,YGL012W,0,3.1543326,0.23009759187698364,0.43495145440101624,0.15035104751586914
YMR280C,YIL044C,0,3.1529198,0.2299794703722,0.43495145440101624,0.15045134723186493
YMR236W,YKL073W,0,3.152563,0.22986146807670593,0.43495145440101624,0.1505516618490219
YFR046C,YIR022W,0,3.1524558,0.2297435849905014,0.43495145440101624,0.1506519615650177
YAL002W,YCL038C,1,3.1523497,0.2301383912563324,0.4359223246574402,0.1506519615650177
YNL256W,YLR362W,0,3.1522422,0.23002049326896667,0.4359223246574402,0.1507522612810135
YML123C,YLR449W,0,3.1517396,0.2299027144908905,0.4359223246574402,0.15085256099700928
YFL008W,YJL100W,0,3.151156,0.22978505492210388,0.4359223246574402,0.15095286071300507
YLR336C,YNL125C,0,3.1509635,0.2296675145626068,0.4359223246574402,0.15105316042900085
YNR023W,YDR338C,0,3.1503863,0.22955010831356049,0.4359223246574402,0.15115346014499664
YHR065C,YER035W,0,3.150225,0.22943280637264252,0.4359223246574402,0.15125375986099243
YNL053W,YPL181W,0,3.1495726,0.2293156236410141,0.4359223246574402,0.15135405957698822
YOR033C,YHR019C,0,3.149279,0.22919857501983643,0.4359223246574402,0.151454359292984
YDR006C,YHR141C,0,3.1489842,0.2290816307067871,0.4359223246574402,0.1515546590089798
YML123C,YBR057C,0,3.1474414,0.22896482050418854,0.4359223246574402,0.15165495872497559
YEL020C,YLL054C,0,3.1472044,0.22884811460971832,0.4359223246574402,0.15175525844097137
YBL009W,YOR171C,0,3.1461494,0.22873152792453766,0.4359223246574402,0.15185557305812836
YGR020C,YJL100W,1,3.1451645,0.22912423312664032,0.43689319491386414,0.15185557305812836
YPR140W,YGL257C,0,3.1443813,0.22900763154029846,0.43689319491386414,0.15195587277412415
YIR034C,YMR113W,0,3.1440024,0.22889114916324615,0.43689319491386414,0.15205617249011993
YER016W,YDL236W,0,3.143691,0.2287747859954834,0.43689319491386414,0.15215647220611572
YNL257C,YBR088C,0,3.1435232,0.2286585420370102,0.43689319491386414,0.1522567719221115
YBR302C,YBL003C,0,3.1429205,0.22854240238666534,0.43689319491386414,0.1523570716381073
YPL187W,YGL077C,0,3.1428766,0.22842639684677124,0.43689319491386414,0.1524573713541031
YCR088W,YKR046C,0,3.14283,0.2283104956150055,0.43689319491386414,0.15255767107009888
YJL123C,YLR110C,0,3.1423368,0.2281947284936905,0.43689319491386414,0.15265797078609467
YGL166W,YBR110W,0,3.1422842,0.22807906568050385,0.43689319491386414,0.15275827050209045
YGR209C,YNL325C,1,3.1418028,0.228470116853714,0.4378640651702881,0.15275827050209045
YKR080W,YJR064W,0,3.141374,0.22835442423820496,0.4378640651702881,0.15285857021808624
YBR228W,YGR278W,0,3.1403465,0.22823886573314667,0.4378640651702881,0.15295886993408203
YOR118W,YFR044C,0,3.1399302,0.22812342643737793,0.4378640651702881,0.153059184551239
YCR088W,YLR362W,0,3.139827,0.22800809144973755,0.4378640651702881,0.1531594842672348
YML123C,YDL213C,0,3.1392505,0.22789287567138672,0.4378640651702881,0.1532597839832306
YPR151C,YPR201W,0,3.1388135,0.22777777910232544,0.4378640651702881,0.15336008369922638
YPR183W,YGL175C,0,3.1379833,0.2276628017425537,0.4378640651702881,0.15346038341522217
YHL007C,YAL061W,0,3.137045,0.22754792869091034,0.4378640651702881,0.15356068313121796
YIL121W,YML072C,0,3.1364436,0.22743317484855652,0.4378640651702881,0.15366098284721375
YDR058C,YBR106W,0,3.1364055,0.22731855511665344,0.4378640651702881,0.15376128256320953
YDL155W,YNL053W,0,3.1357021,0.22720402479171753,0.4378640651702881,0.15386158227920532
YKL091C,YDR037W,0,3.1356468,0.22708962857723236,0.4378640651702881,0.1539618819952011
YNL327W,YAL009W,0,3.13562,0.22697533667087555,0.4378640651702881,0.1540621817111969
YER011W,YCR083W,0,3.1355133,0.2268611639738083,0.4378640651702881,0.1541624814271927
YPR075C,YFR021W,1,3.1350856,0.227249875664711,0.4388349652290344,0.1541624814271927
YGL038C,YOL021C,0,3.1343472,0.22713567316532135,0.4388349652290344,0.15426278114318848
YHR028C,YOR068C,1,3.1343284,0.22752386331558228,0.4398058354854584,0.15426278114318848
YDL194W,YGL012W,0,3.1334252,0.22740964591503143,0.4398058354854584,0.15436309576034546
YPR023C,YDR480W,0,3.1330173,0.22729553282260895,0.4398058354854584,0.15446339547634125
YFL050C,YCR043C,0,3.1328602,0.227181538939476,0.4398058354854584,0.15456369519233704
YDR422C,YHR132C,1,3.1328173,0.22756892442703247,0.4407767057418823,0.15456369519233704
YKL167C,YIL044C,0,3.1326227,0.22745491564273834,0.4407767057418823,0.15466399490833282
YHR141C,YDR258C,0,3.1321921,0.22734101116657257,0.4407767057418823,0.1547642946243286
YDR477W,YKL124W,1,3.1321154,0.2277277261018753,0.4417475759983063,0.1547642946243286
YMR135C,YLR399C,0,3.1317608,0.22761380672454834,0.4417475759983063,0.1548645943403244
YPL020C,YPR185W,0,3.1299727,0.22750000655651093,0.4417475759983063,0.1549648940563202
YKL184W,YHR166C,0,3.1297874,0.22738631069660187,0.4417475759983063,0.15506519377231598
YOL007C,YHR026W,1,3.129135,0.22777222096920013,0.4427184462547302,0.15506519377231598
YKL008C,YJR093C,0,3.1289377,0.22765851020812988,0.4427184462547302,0.15516549348831177
YOL008W,YBR236C,0,3.1287553,0.227544903755188,0.4427184462547302,0.15526579320430756
YHR124W,YOL039W,0,3.1286945,0.22743141651153564,0.4427184462547302,0.15536609292030334
YAL001C,YGR140W,0,3.128068,0.22731804847717285,0.4427184462547302,0.15546639263629913
YDL181W,YGL184C,0,3.126943,0.22720478475093842,0.4427184462547302,0.15556670725345612
YEL013W,YDR352W,1,3.126624,0.22758963704109192,0.4436893165111542,0.15556670725345612
YDR027C,YPR121W,0,3.124709,0.2274763584136963,0.4436893165111542,0.1556670069694519
YLR116W,YJR125C,0,3.1246653,0.22736318409442902,0.4436893165111542,0.1557673066854477
YPR082C,YBR008C,0,3.1242437,0.2272501289844513,0.4436893165111542,0.15586760640144348
YOR073W,YMR305C,0,3.1240516,0.22713717818260193,0.4436893165111542,0.15596790611743927
YNL090W,YPL086C,0,3.1240292,0.22702434659004211,0.4436893165111542,0.15606820583343506
YKL107W,YNL327W,0,3.123769,0.22691161930561066,0.4436893165111542,0.15616850554943085
YJL177W,YBL019W,0,3.1234076,0.22679901123046875,0.4436893165111542,0.15626880526542664
YGR013W,YBL003C,0,3.1232147,0.2266865074634552,0.4436893165111542,0.15636910498142242
YHR174W,YER123W,1,3.1228805,0.2270698994398117,0.4446601867675781,0.15636910498142242
YOR003W,YKL139W,0,3.122,0.22695738077163696,0.4446601867675781,0.1564694046974182
YER019W,YDR541C,0,3.1219873,0.22684496641159058,0.4446601867675781,0.156569704413414
YER144C,YBR039W,0,3.1219754,0.22673267126083374,0.4446601867675781,0.1566700041294098
YNR056C,YDR489W,0,3.1213398,0.22662048041820526,0.4446601867675781,0.15677030384540558
YPR020W,YFR055W,0,3.12067,0.22650840878486633,0.4446601867675781,0.15687061846256256
YBR077C,YFL031W,0,3.1202188,0.22639644145965576,0.4446601867675781,0.15697091817855835
YMR104C,YLR372W,0,3.1198497,0.22628457844257355,0.4446601867675781,0.15707121789455414
YKL146W,YJR095W,0,3.1192658,0.22617283463478088,0.4446601867675781,0.15717151761054993
YJL047C,YER001W,0,3.1186688,0.22606121003627777,0.4446601867675781,0.15727181732654572
YNL325C,YCR023C,1,3.118322,0.22644302248954773,0.4456310570240021,0.15727181732654572
YDL194W,YOL041C,0,3.117679,0.22633136808872223,0.4456310570240021,0.1573721170425415
YFR042W,YGL099W,0,3.1174593,0.22621981799602509,0.4456310570240021,0.1574724167585373
YER144C,YLL052C,0,3.1174457,0.2261083722114563,0.4456310570240021,0.15757271647453308
YOR256C,YIL017C,0,3.117402,0.22599704563617706,0.4456310570240021,0.15767301619052887
YEL063C,YGL125W,0,3.116569,0.22588582336902618,0.4456310570240021,0.15777331590652466
YDR182W,YJL160C,0,3.1163516,0.22577472031116486,0.4456310570240021,0.15787361562252045
YDL123W,YDR135C,1,3.116326,0.2261553555727005,0.446601927280426,0.15787361562252045
YNR036C,YJR093C,0,3.1156921,0.22604422271251678,0.446601927280426,0.15797391533851624
YDR221W,YOR375C,0,3.1153696,0.22593320906162262,0.446601927280426,0.15807422995567322
YFL031W,YPR052C,0,3.1153162,0.22582228481769562,0.446601927280426,0.158174529671669
YMR268C,YER001W,0,3.1146376,0.22571147978305817,0.446601927280426,0.1582748293876648
YLL015W,YOR320C,1,3.1145039,0.22609122097492218,0.44757282733917236,0.1582748293876648
YIR021W,YHR166C,0,3.1143308,0.22598038613796234,0.44757282733917236,0.15837512910366058
YLR178C,YDR313C,1,3.1129684,0.22635962069034576,0.4485436975955963,0.15837512910366058
YPR145W,YBR127C,0,3.1118395,0.22624877095222473,0.4485436975955963,0.15847542881965637
YPL024W,YGL065C,0,3.1114254,0.22613802552223206,0.4485436975955963,0.15857572853565216
YGR125W,YJR129C,0,3.1107752,0.22602739930152893,0.4485436975955963,0.15867602825164795
YOL060C,YOR247W,1,3.110198,0.22640587389469147,0.44951456785202026,0.15867602825164795
YJL042W,YDR156W,0,3.109128,0.22629520297050476,0.44951456785202026,0.15877632796764374
YKL096W,YCR097W,0,3.1089888,0.2261846661567688,0.44951456785202026,0.15887662768363953
YBR044C,YJR077C,0,3.1089625,0.22607421875,0.44951456785202026,0.15897692739963531
YHR102W,YMR251W-A,0,3.1067195,0.22596389055252075,0.44951456785202026,0.1590772271156311
YHR050W,YLR240W,1,3.106518,0.22634145617485046,0.4504854381084442,0.1590772271156311
YNR036C,YJR007W,0,3.1062346,0.22623111307621002,0.4504854381084442,0.1591775268316269
YGR287C,YGL207W,0,3.1055326,0.22612085938453674,0.4504854381084442,0.15927782654762268
YHR098C,YBR008C,0,3.1053414,0.22601071000099182,0.4504854381084442,0.15937814116477966
YML066C,YDR394W,0,3.1051748,0.22590067982673645,0.4504854381084442,0.15947844088077545
YPL164C,YKR092C,0,3.1036448,0.22579075396060944,0.4504854381084442,0.15957874059677124
YMR135C,YPL212C,0,3.103402,0.22568093240261078,0.4504854381084442,0.15967904031276703
YDR171W,YNL152W,0,3.102718,0.22557121515274048,0.4504854381084442,0.15977934002876282
YMR189W,YGL179C,0,3.1024823,0.22546161711215973,0.4504854381084442,0.1598796397447586
YNL169C,YEL020C,0,3.1019797,0.22535210847854614,0.4504854381084442,0.1599799394607544
YNL015W,YMR068W,1,3.1014853,0.22572815418243408,0.45145630836486816,0.1599799394607544
YJR099W,YLR089C,0,3.1011667,0.2256186306476593,0.45145630836486816,0.16008023917675018
YJR040W,YDR128W,1,3.100972,0.22599418461322784,0.4524271786212921,0.16008023917675018
YCR042C,YNL134C,0,3.1009686,0.22588463127613068,0.4524271786212921,0.16018053889274597
YJL116C,YNL067W,0,3.1000793,0.22577519714832306,0.4524271786212921,0.16028083860874176
YJL207C,YPL124W,0,3.0998392,0.2256658524274826,0.4524271786212921,0.16038113832473755
YGR227W,YPR061C,0,3.0991151,0.2255566269159317,0.4524271786212921,0.16048143804073334
YPR156C,YMR297W,1,3.0986307,0.2259313017129898,0.45339804887771606,0.16048143804073334
YMR068W,YER073W,0,3.0983372,0.22582204639911652,0.45339804887771606,0.16058175265789032
YEL063C,YMR079W,0,3.0979705,0.22571291029453278,0.45339804887771606,0.1606820523738861
YOR190W,YFR009W,0,3.0964692,0.2256038635969162,0.45339804887771606,0.1607823520898819
YNL257C,YPR018W,0,3.0963814,0.22549493610858917,0.45339804887771606,0.16088265180587769
YGR275W,YMR197C,0,3.0961938,0.2253860980272293,0.45339804887771606,0.16098295152187347
YGL011C,YMR190C,0,3.0954404,0.225277379155159,0.45339804887771606,0.16108325123786926
YDL212W,YLR064W,0,3.0951793,0.22516874969005585,0.45339804887771606,0.16118355095386505
YAR003W,YOR130C,0,3.0950344,0.22506023943424225,0.45339804887771606,0.16128385066986084
YHR215W,YHR039C-A,1,3.0944262,0.22543352842330933,0.45436891913414,0.16128385066986084
YFR042W,YBL027W,0,3.094406,0.22532498836517334,0.45436891913414,0.16138415038585663
YOR208W,YGL187C,0,3.0929122,0.2252165526151657,0.45436891913414,0.16148445010185242
YDR480W,YBR014C,0,3.0927317,0.22510822117328644,0.45436891913414,0.1615847498178482
YJL137C,YLR398C,0,3.0924854,0.22499999403953552,0.45436891913414,0.161685049533844
YER073W,YPR004C,0,3.0918171,0.22489188611507416,0.45436891913414,0.16178534924983978
YLR003C,YGR256W,0,3.0917745,0.22478386759757996,0.45436891913414,0.16188566386699677
YOL089C,YHR128W,0,3.091095,0.2246759533882141,0.45436891913414,0.16198596358299255
YEL060C,YNR049C,0,3.090415,0.22456814348697662,0.45436891913414,0.16208626329898834
YDR182W,YMR197C,0,3.0901103,0.2244604378938675,0.45436891913414,0.16218656301498413
YPR023C,YER042W,0,3.089761,0.22435282170772552,0.45436891913414,0.16228686273097992
YHR187W,YML130C,0,3.089262,0.2242453247308731,0.45436891913414,0.1623871624469757
YGL133W,YHR200W,0,3.0888476,0.22413793206214905,0.45436891913414,0.1624874621629715
YKL092C,YJR077C,0,3.0882134,0.22403064370155334,0.45436891913414,0.16258776187896729
YLR166C,YHR115C,0,3.0874772,0.2239234447479248,0.45436891913414,0.16268806159496307
YBL050W,YJL036W,0,3.087435,0.22381635010242462,0.45436891913414,0.16278836131095886
YOL154W,YMR221C,1,3.086151,0.22418737411499023,0.45533981919288635,0.16278836131095886
YNL300W,YKL012W,0,3.0853333,0.22408026456832886,0.45533981919288635,0.16288866102695465
YKL035W,YDL064W,0,3.0849915,0.22397325932979584,0.45533981919288635,0.16298896074295044
YLR174W,YMR106C,0,3.0848346,0.22386634349822998,0.45533981919288635,0.16308926045894623
YHR098C,YMR199W,0,3.0843792,0.22375954687595367,0.45533981919288635,0.1631895750761032
YGR223C,YML001W,1,3.0842342,0.22412970662117004,0.4563106894493103,0.1631895750761032
YLR148W,YOR005C,0,3.084221,0.22402288019657135,0.4563106894493103,0.163289874792099
YJR095W,YDL222C,0,3.0840855,0.22391614317893982,0.4563106894493103,0.1633901745080948
YHL002W,YJR095W,0,3.0834663,0.22380952537059784,0.4563106894493103,0.16349047422409058
YIR028W,YLR022C,0,3.082229,0.22370299696922302,0.4563106894493103,0.16359077394008636
YGR023W,YJL099W,0,3.0822072,0.22359657287597656,0.4563106894493103,0.16369107365608215
YNL264C,YLR398C,0,3.0821571,0.22349025309085846,0.4563106894493103,0.16379137337207794
YNR012W,YMR154C,0,3.0819793,0.2233840376138687,0.4563106894493103,0.16389167308807373
YDR314C,YCR017C,0,3.0815506,0.22327791154384613,0.4563106894493103,0.16399197280406952
YLR298C,YMR170C,0,3.0812778,0.2231718897819519,0.4563106894493103,0.1640922725200653
YPL047W,YHR112C,0,3.0804858,0.22306597232818604,0.4563106894493103,0.1641925722360611
YNL115C,YDR135C,1,3.0804682,0.22343453764915466,0.45728155970573425,0.1641925722360611
YCR024C-A,YDR123C,0,3.0798512,0.2233285903930664,0.45728155970573425,0.16429287195205688
YMR119W,YER119C,0,3.0791123,0.2232227474451065,0.45728155970573425,0.16439318656921387
YHR216W,YFL034C-B,0,3.079072,0.22311700880527496,0.45728155970573425,0.16449348628520966
YJR093C,YIR035C,0,3.0786543,0.22301135957241058,0.45728155970573425,0.16459378600120544
YDL004W,YPR079W,0,3.0776787,0.22290581464767456,0.45728155970573425,0.16469408571720123
YNL006W,YHR132C,1,3.077331,0.2232734113931656,0.4582524299621582,0.16469408571720123
YDL002C,YLR136C,0,3.0770721,0.22316785156726837,0.4582524299621582,0.16479438543319702
YDR153C,YGL187C,0,3.0770364,0.22306238114833832,0.4582524299621582,0.1648946851491928
YDL188C,YPL088W,0,3.0768385,0.22295701503753662,0.4582524299621582,0.1649949848651886
YOR361C,YNL005C,0,3.0765529,0.22285175323486328,0.4582524299621582,0.1650952845811844
YNR012W,YBR228W,0,3.0762181,0.2227465808391571,0.4582524299621582,0.16519558429718018
YDL168W,YOR178C,0,3.0761552,0.22264151275157928,0.4582524299621582,0.16529588401317596
YJR043C,YDR307W,0,3.075718,0.22253653407096863,0.4582524299621582,0.16539618372917175
YBR210W,YLR178C,0,3.0734534,0.22243167459964752,0.4582524299621582,0.16549648344516754
YNL009W,YDR141C,0,3.073453,0.22232688963413239,0.4582524299621582,0.16559678316116333
YER003C,YNL209W,0,3.0728273,0.2222222238779068,0.4582524299621582,0.1656970977783203
YLR297W,YDR147W,0,3.072713,0.22211764752864838,0.4582524299621582,0.1657973974943161
YFR051C,YLR424W,0,3.07269,0.2220131754875183,0.4582524299621582,0.1658976972103119
YGL133W,YPL057C,0,3.0726628,0.2219087928533554,0.4582524299621582,0.16599799692630768
YOR326W,YPL236C,1,3.0725143,0.22227443754673004,0.45922330021858215,0.16599799692630768
YLR132C,YGR013W,0,3.0718641,0.22217004001140594,0.45922330021858215,0.16609829664230347
YMR030W,YPL181W,0,3.071856,0.222065731883049,0.45922330021858215,0.16619859635829926
YLR155C,YML046W,0,3.0716019,0.22196151316165924,0.45922330021858215,0.16629889607429504
YDR142C,YDR322C-A,0,3.0712996,0.22185741364955902,0.45922330021858215,0.16639919579029083
YBR179C,YOL060C,0,3.0706513,0.22175340354442596,0.45922330021858215,0.16649949550628662
YOR208W,YMR029C,0,3.0689783,0.22164948284626007,0.45922330021858215,0.1665997952222824
YNL072W,YFL024C,0,3.067748,0.22154566645622253,0.45922330021858215,0.1667000949382782
YJL028W,YOR303W,0,3.0670297,0.22144195437431335,0.45922330021858215,0.166800394654274
YML001W,YOR198C,0,3.0664608,0.22133833169937134,0.45922330021858215,0.16690070927143097
YEL063C,YDR267C,0,3.0663457,0.22123479843139648,0.45922330021858215,0.16700100898742676
YPL081W,YKL222C,0,3.0661037,0.22113136947155,0.45922330021858215,0.16710130870342255
YLR262C,YBL018C,0,3.0660353,0.22102804481983185,0.45922330021858215,0.16720160841941833
YFL009W,YAL001C,0,3.065421,0.22092479467391968,0.45922330021858215,0.16730190813541412
YPL162C,YML132W,1,3.0652258,0.2212885171175003,0.4601941704750061,0.16730190813541412
YEL064C,YMR160W,1,3.0651913,0.22165189683437347,0.46116504073143005,0.16730190813541412
YOR208W,YAL014C,0,3.065016,0.22154851257801056,0.46116504073143005,0.1674022078514099
YDR147W,YLR136C,0,3.0646527,0.2214452177286148,0.46116504073143005,0.1675025075674057
YDR385W,YER039C,0,3.064074,0.2213420271873474,0.46116504073143005,0.1676028072834015
YHR079C-A,YKL211C,0,3.0636353,0.22123894095420837,0.46116504073143005,0.16770310699939728
YOR270C,YCR023C,1,3.0634842,0.2216014862060547,0.462135910987854,0.16770310699939728
YGR023W,YDL207W,0,3.0629067,0.22149837017059326,0.462135910987854,0.16780340671539307
YHR115C,YML111W,0,3.062594,0.221395343542099,0.462135910987854,0.16790370643138885
YPR029C,YDR267C,0,3.062203,0.2212924212217331,0.462135910987854,0.16800400614738464
YEL063C,YBL006C,0,3.0615451,0.22118958830833435,0.462135910987854,0.16810430586338043
YPL009C,YGR256W,0,3.0612042,0.22108685970306396,0.462135910987854,0.16820462048053741
YDL161W,YLR229C,0,3.0606637,0.22098422050476074,0.462135910987854,0.1683049201965332
YML069W,YLL052C,0,3.0598812,0.22088167071342468,0.462135910987854,0.168405219912529
YMR216C,YHR176W,0,3.0598598,0.22077922523021698,0.462135910987854,0.16850551962852478
YMR277W,YMR251W-A,0,3.0595224,0.22067686915397644,0.462135910987854,0.16860581934452057
YFL009W,YMR280C,0,3.0573843,0.22057460248470306,0.462135910987854,0.16870611906051636
YLR376C,YML029W,0,3.0566082,0.22047244012355804,0.462135910987854,0.16880641877651215
YBL099W,YJL104W,0,3.0565848,0.2203703671693802,0.462135910987854,0.16890671849250793
YBR019C,YEL071W,0,3.0563188,0.2202683985233307,0.462135910987854,0.16900701820850372
YGR148C,YNL058C,0,3.0562558,0.22016651928424835,0.462135910987854,0.1691073179244995
YPR065W,YPL015C,0,3.0562172,0.22006472945213318,0.462135910987854,0.1692076176404953
YPL283C,YDL222C,0,3.056034,0.21996302902698517,0.462135910987854,0.1693079173564911
YNL336W,YPR156C,1,3.0555875,0.2203233242034912,0.46310678124427795,0.1693079173564911
YFR051C,YFL003C,0,3.0555177,0.220221608877182,0.46310678124427795,0.16940823197364807
YNL323W,YPL162C,0,3.0554335,0.22011998295783997,0.46310678124427795,0.16950853168964386
YNL321W,YGL029W,0,3.0551963,0.2200184464454651,0.46310678124427795,0.16960883140563965
YBL040C,YFR055W,0,3.0551472,0.21991701424121857,0.46310678124427795,0.16970913112163544
YIL066C,YNL279W,0,3.0549552,0.2198156714439392,0.46310678124427795,0.16980943083763123
YHR104W,YER042W,0,3.0546842,0.21971441805362701,0.46310678124427795,0.16990973055362701
YGR038W,YBR244W,0,3.0545566,0.21961325407028198,0.46310678124427795,0.1700100302696228
YCR068W,YBR106W,0,3.0544581,0.2195121943950653,0.46310678124427795,0.1701103299856186
YJR043C,YMR068W,0,3.0543761,0.2194112241268158,0.46310678124427795,0.17021062970161438
YDL064W,YHR083W,0,3.0540555,0.21931034326553345,0.46310678124427795,0.17031092941761017
YNL209W,YMR060C,0,3.0535543,0.21920955181121826,0.46310678124427795,0.17041122913360596
YEL011W,YBR239C,0,3.0530095,0.21910886466503143,0.46310678124427795,0.17051152884960175
YKL018W,YGR067C,0,3.0525522,0.21900826692581177,0.46310678124427795,0.17061182856559753
YGR133W,YOL089C,0,3.0524445,0.21890775859355927,0.46310678124427795,0.17071214318275452
YLR166C,YOR003W,0,3.052372,0.21880733966827393,0.46310678124427795,0.1708124428987503
YOR354C,YDL010W,0,3.052351,0.21870701014995575,0.46310678124427795,0.1709127426147461
YDR180W,YGR249W,0,3.0520477,0.21860678493976593,0.46310678124427795,0.17101304233074188
YJL113W,YHR019C,0,3.0518637,0.21850664913654327,0.46310678124427795,0.17111334204673767
YOL119C,YML001W,1,3.0508995,0.21886447072029114,0.4640776813030243,0.17111334204673767
YGR109C,YMR134W,0,3.0503168,0.2187643051147461,0.4640776813030243,0.17121364176273346
YER016W,YDL122W,0,3.0502868,0.2186642289161682,0.4640776813030243,0.17131394147872925
YHR034C,YMR058W,0,3.0501418,0.2185642421245575,0.4640776813030243,0.17141424119472504
YER039C,YPR121W,0,3.0494645,0.21846434473991394,0.4640776813030243,0.17151454091072083
YGL048C,YGL013C,0,3.0485878,0.21836455166339874,0.4640776813030243,0.1716148406267166
YOL021C,YLL023C,0,3.0485206,0.21826483309268951,0.4640776813030243,0.1717151403427124
YDL207W,YGR240C,0,3.0483675,0.21816521883010864,0.4640776813030243,0.1718154400587082
YDL126C,YNL220W,0,3.047535,0.21806569397449493,0.4640776813030243,0.17191575467586517
YCR066W,YDR037W,0,3.0472462,0.2179662585258484,0.4640776813030243,0.17201605439186096
YML078W,YPL005W,0,3.046339,0.217866912484169,0.4640776813030243,0.17211635410785675
YER078C,YIL065C,0,3.0461779,0.2177676558494568,0.4640776813030243,0.17221665382385254
YMR291W,YOR344C,0,3.0460794,0.21766848862171173,0.4640776813030243,0.17231695353984833
YIL127C,YGL047W,0,3.045463,0.21756941080093384,0.4640776813030243,0.17241725325584412
YER157W,YML058W,0,3.0452971,0.2174704223871231,0.4640776813030243,0.1725175529718399
YMR116C,YDL044C,0,3.0438435,0.21737153828144073,0.4640776813030243,0.1726178526878357
YBL084C,YJL099W,0,3.043479,0.21727272868156433,0.4640776813030243,0.17271815240383148
YOL052C-A,YBR286W,1,3.0421705,0.2176283448934555,0.46504855155944824,0.17271815240383148
YBL089W,YDR262W,1,3.0420256,0.2179836481809616,0.4660194218158722,0.17271815240383148
YDL155W,YLR148W,0,3.041707,0.21788470447063446,0.4660194218158722,0.17281845211982727
YDR293C,YEL009C,0,3.041318,0.21778585016727448,0.4660194218158722,0.17291875183582306
YOR354C,YGL043W,0,3.040399,0.21768707036972046,0.4660194218158722,0.17301905155181885
YJR047C,YKR003W,0,3.0399513,0.2175883948802948,0.4660194218158722,0.17311935126781464
YEL004W,YJR002W,0,3.0398004,0.2174898087978363,0.4660194218158722,0.17321966588497162
YMR058W,YER122C,0,3.0397134,0.21739129722118378,0.4660194218158722,0.1733199656009674
YLR205C,YPL008W,0,3.0396316,0.2172928899526596,0.4660194218158722,0.1734202653169632
YLR205C,YOL027C,0,3.039443,0.2171945720911026,0.4660194218158722,0.17352056503295898
YDR462W,YGL179C,0,3.0390205,0.21709634363651276,0.4660194218158722,0.17362086474895477
YDL232W,YBR126C,0,3.0387945,0.21699818968772888,0.4660194218158722,0.17372116446495056
YDR163W,YOR125C,0,3.0384502,0.21690014004707336,0.4660194218158722,0.17382146418094635
YDR446W,YPR165W,0,3.0380354,0.21680216491222382,0.4660194218158722,0.17392176389694214
YIL088C,YOR068C,1,3.037428,0.21715575456619263,0.46699029207229614,0.17392176389694214
YGL017W,YMR266W,0,3.0373678,0.21705776453018188,0.46699029207229614,0.17402206361293793
YGR163W,YHR202W,1,3.0369606,0.21741092205047607,0.4679611623287201,0.17402206361293793
YHR094C,YOL058W,0,3.0368195,0.21731288731098175,0.4679611623287201,0.17412236332893372
YNL021W,YDR477W,0,3.03634,0.21721495687961578,0.4679611623287201,0.1742226630449295
YEL011W,YKR001C,0,3.0361412,0.21711711585521698,0.4679611623287201,0.1743229627609253
YBL067C,YGR065C,0,3.0355542,0.21701936423778534,0.4679611623287201,0.17442326247692108
YCL045C,YJL159W,0,3.0352266,0.21692168712615967,0.4679611623287201,0.17452357709407806
YDL126C,YOR293W,0,3.035146,0.21682411432266235,0.4679611623287201,0.17462387681007385
YLR166C,YMR244C-A,0,3.0341668,0.216726616024971,0.4679611623287201,0.17472417652606964
YGR087C,YMR030W,0,3.033615,0.21662920713424683,0.4679611623287201,0.17482447624206543
YEL064C,YMR077C,1,3.0332527,0.21698112785816193,0.46893203258514404,0.17482447624206543
YDR099W,YLR229C,0,3.0332522,0.21688370406627655,0.46893203258514404,0.17492477595806122
YDL046W,YKL196C,1,3.033072,0.21723519265651703,0.469902902841568,0.17492477595806122
YIL067C,YOL092W,1,3.0326853,0.21758636832237244,0.47087377309799194,0.17492477595806122
YMR116C,YJL184W,0,3.0325205,0.21748879551887512,0.47087377309799194,0.175025075674057
YHR007C,YOR196C,0,3.0323412,0.21739129722118378,0.47087377309799194,0.1751253753900528
YGR121C,YPL079W,0,3.0319412,0.2172939032316208,0.47087377309799194,0.17522567510604858
YBL099W,YNL177C,0,3.0319111,0.21719659864902496,0.47087377309799194,0.17532597482204437
YJR056C,YGL208W,0,3.031384,0.2170993685722351,0.47087377309799194,0.17542627453804016
YGR096W,YDR208W,0,3.0311232,0.2170022428035736,0.47087377309799194,0.17552657425403595
YPL162C,YPL005W,0,3.0309243,0.21690519154071808,0.47087377309799194,0.17562687397003174
YIL103W,YOR005C,0,3.0308588,0.2168082296848297,0.47087377309799194,0.17572718858718872
YNL272C,YKR046C,0,3.030789,0.21671134233474731,0.47087377309799194,0.1758274883031845
YJR090C,YMR251W-A,0,3.0305104,0.21661455929279327,0.47087377309799194,0.1759277880191803
YHR188C,YCL026C-A,0,3.0301423,0.2165178507566452,0.47087377309799194,0.1760280877351761
YER119C,YGL044C,0,3.0299993,0.2164212465286255,0.47087377309799194,0.17612838745117188
YPR075C,YLR424W,0,3.029725,0.21632471680641174,0.47087377309799194,0.17622868716716766
YDL212W,YDR255C,0,3.029623,0.21622826159000397,0.47087377309799194,0.17632898688316345
YBR152W,YLR453C,0,3.0294256,0.21613191068172455,0.47087377309799194,0.17642928659915924
YNL326C,YDR352W,1,3.0292873,0.2164810746908188,0.4718446731567383,0.17642928659915924
YFR055W,YPR056W,0,3.0292277,0.2163846790790558,0.4718446731567383,0.17652958631515503
YHR018C,YMR251W-A,0,3.0286255,0.21628838777542114,0.4718446731567383,0.17662988603115082
YHR039C,YEL004W,0,3.0286207,0.21619217097759247,0.4718446731567383,0.1767301857471466
YGR257C,YDL213C,0,3.028193,0.21609604358673096,0.4718446731567383,0.1768304854631424
YML069W,YIL114C,0,3.0279164,0.2160000056028366,0.4718446731567383,0.17693078517913818
YBL003C,YNL005C,0,3.027481,0.21590404212474823,0.4718446731567383,0.17703109979629517
YGR198W,YFR004W,0,3.0265286,0.21580816805362701,0.4718446731567383,0.17713139951229095
YKR018C,YGR013W,0,3.0263467,0.21571238338947296,0.4718446731567383,0.17723169922828674
YAL005C,YLR378C,0,3.026057,0.21561668813228607,0.4718446731567383,0.17733199894428253
YDL014W,YDR480W,0,3.0259056,0.21552106738090515,0.4718446731567383,0.17743229866027832
YOR371C,YHR183W,0,3.0253277,0.2154255360364914,0.4718446731567383,0.1775325983762741
YDR432W,YEL011W,0,3.025191,0.2153300791978836,0.4718446731567383,0.1776328980922699
YBR236C,YER018C,0,3.0251322,0.21523472666740417,0.4718446731567383,0.17773319780826569
YDR153C,YIL097W,0,3.0246928,0.2151394486427307,0.4718446731567383,0.17783349752426147
YJL139C,YLR133W,0,3.0245633,0.21504424512386322,0.4718446731567383,0.17793379724025726
YPL152W,YCL033C,0,3.024238,0.2149491310119629,0.4718446731567383,0.17803409695625305
YDL077C,YEL013W,1,3.023906,0.2152961939573288,0.47281554341316223,0.17803409695625305
YDL010W,YOR247W,1,3.0223794,0.21564295887947083,0.4737864136695862,0.17803409695625305
YGR138C,YNL275W,1,3.022356,0.2159893959760666,0.47475728392601013,0.17803409695625305
YCR102C,YNL336W,0,3.0222309,0.21589404344558716,0.47475728392601013,0.17813439667224884
YBL002W,YLR002C,0,3.0222216,0.2157987654209137,0.47475728392601013,0.17823471128940582
YOL039W,YPL170W,0,3.0213099,0.2157035768032074,0.47475728392601013,0.1783350110054016
YDR338C,YDL025C,0,3.0204344,0.21560846269130707,0.47475728392601013,0.1784353107213974
YLR013W,YML123C,0,3.020238,0.2155134379863739,0.47475728392601013,0.1785356104373932
YHR028C,YDR128W,1,3.019831,0.21585902571678162,0.4757281541824341,0.1785356104373932
YOR068C,YPR156C,1,3.0196276,0.21620431542396545,0.47669902443885803,0.1785356104373932
YOL001W,YPL057C,0,3.0190673,0.21610915660858154,0.47669902443885803,0.17863591015338898
YJR159W,YPL069C,0,3.0189188,0.2160140722990036,0.47669902443885803,0.17873620986938477
YJL116C,YPR066W,0,3.0184178,0.21591909229755402,0.47669902443885803,0.17883650958538055
YMR021C,YMR047C,0,3.018313,0.2158241719007492,0.47669902443885803,0.17893680930137634
YPL045W,YBL003C,0,3.017702,0.21572935581207275,0.47669902443885803,0.17903710901737213
YJL145W,YIR021W,0,3.0176802,0.21563461422920227,0.47669902443885803,0.17913740873336792
YLR406C,YLR423C,0,3.016782,0.21553994715213776,0.47669902443885803,0.1792377084493637
YHR175W,YLL051C,1,3.016704,0.21588416397571564,0.477669894695282,0.1792377084493637
YER078C,YNL005C,0,3.0166655,0.21578946709632874,0.477669894695282,0.1793380081653595
YOR035C,YPL270W,0,3.0161123,0.2156948745250702,0.477669894695282,0.17943830788135529
YMR047C,YPR066W,0,3.016077,0.21560035645961761,0.477669894695282,0.17953862249851227
YOL007C,YFR019W,1,3.0156615,0.21594393253326416,0.47864076495170593,0.17953862249851227
YPR075C,YOR298C-A,0,3.0153942,0.2158493846654892,0.47864076495170593,0.17963892221450806
YPR201W,YEL026W,0,3.0153296,0.2157549262046814,0.47864076495170593,0.17973922193050385
YDR214W,YHR062C,0,3.0150912,0.21566054224967957,0.47864076495170593,0.17983952164649963
YNL257C,YAL001C,0,3.014701,0.2155662477016449,0.47864076495170593,0.17993982136249542
YDR162C,YEL003W,0,3.0142717,0.2154720276594162,0.47864076495170593,0.1800401210784912
YAL001C,YPL232W,0,3.0133424,0.21537789702415466,0.47864076495170593,0.180140420794487
YHR123W,YLR368W,0,3.0132036,0.2152838408946991,0.47864076495170593,0.1802407205104828
YAL005C,YNL275W,1,3.0127223,0.21562635898590088,0.47961166501045227,0.1802407205104828
YLR166C,YLR376C,0,3.0122688,0.21553228795528412,0.47961166501045227,0.18034102022647858
YEL055C,YNL241C,0,3.0121353,0.21543829143047333,0.47961166501045227,0.18044131994247437
YGR091W,YDL236W,0,3.0117664,0.2153443694114685,0.47961166501045227,0.18054161965847015
YIL121W,YLL028W,0,3.0111027,0.21525055170059204,0.47961166501045227,0.18064191937446594
YGL255W,YOR130C,0,3.0102506,0.21515679359436035,0.47961166501045227,0.18074223399162292
YER119C,YJL079C,1,3.0096004,0.21549847722053528,0.4805825352668762,0.18074223399162292
YMR221C,YBR290W,1,3.0094929,0.21583986282348633,0.48155340552330017,0.18074223399162292
YNL058C,YER122C,0,3.009396,0.2157459706068039,0.48155340552330017,0.1808425337076187
YJL104W,YDR352W,0,3.008886,0.21565216779708862,0.48155340552330017,0.1809428334236145
YNL037C,YPL124W,0,3.008727,0.21555845439434052,0.48155340552330017,0.1810431331396103
YGL234W,YMR268C,0,3.008161,0.21546481549739838,0.48155340552330017,0.18114343285560608
YPL024W,YLR081W,0,3.0076103,0.2153712511062622,0.48155340552330017,0.18124373257160187
YLL039C,YBR152W,0,3.0074146,0.2152777761220932,0.48155340552330017,0.18134403228759766
YAL005C,YKL203C,1,3.007317,0.21561822295188904,0.4825242757797241,0.18134403228759766
YOL017W,YKL152C,0,3.0069075,0.21552471816539764,0.4825242757797241,0.18144433200359344
YOL060C,YPR026W,1,3.0066686,0.21586476266384125,0.48349514603614807,0.18144433200359344
YFR042W,YHR141C,0,3.006215,0.21577122807502747,0.48349514603614807,0.18154463171958923
YJR001W,YMR159C,1,3.005754,0.21611087024211884,0.484466016292572,0.18154463171958923
YDR128W,YER119C,1,3.0052805,0.21645021438598633,0.48543688654899597,0.18154463171958923
YDR143C,YIL157C,0,3.0041094,0.216356560587883,0.48543688654899597,0.18164493143558502
YGL099W,YPR065W,0,3.0032368,0.21626298129558563,0.48543688654899597,0.1817452311515808
YOR202W,YDR538W,0,3.0026522,0.21616947650909424,0.48543688654899597,0.1818455308675766
YHR003C,YDL122W,0,3.0020561,0.21607606112957,0.48543688654899597,0.1819458305835724
YKR080W,YGL054C,0,3.0017343,0.21598272025585175,0.48543688654899597,0.18204614520072937
YGL065C,YJL138C,0,3.0017133,0.21588946878910065,0.48543688654899597,0.18214644491672516
YHL001W,YBR293W,0,3.000607,0.21579629182815552,0.48543688654899597,0.18224674463272095
YDR043C,YBR070C,0,3.0003939,0.21570318937301636,0.48543688654899597,0.18234704434871674
YDR452W,YER122C,0,2.9996238,0.21561017632484436,0.48543688654899597,0.18244734406471252
YAR050W,YGL022W,0,2.9993567,0.21551723778247833,0.48543688654899597,0.1825476437807083
YBL016W,YBR070C,0,2.9991963,0.21542438864707947,0.48543688654899597,0.1826479434967041
YDR194C,YER094C,0,2.9990377,0.21533161401748657,0.48543688654899597,0.1827482432126999
YLR110C,YFR044C,0,2.9977407,0.21523891389369965,0.48543688654899597,0.18284854292869568
YPR023C,YMR052W,0,2.9975648,0.21514630317687988,0.48543688654899597,0.18294884264469147
YER021W,YLR424W,0,2.997035,0.2150537669658661,0.48543688654899597,0.18304914236068726
YDR452W,YDL211C,1,2.9965215,0.21539123356342316,0.4864077568054199,0.18304914236068726
YJL160C,YDR264C,0,2.996326,0.21529866755008698,0.4864077568054199,0.18314944207668304
YBR235W,YEL009C,0,2.9961815,0.21520619094371796,0.4864077568054199,0.18324975669384003
YBR280C,YOL039W,0,2.9960973,0.2151137888431549,0.4864077568054199,0.18335005640983582
YOL084W,YOL138C,1,2.9960752,0.21545064449310303,0.48737862706184387,0.18335005640983582
YGL017W,YML007W,0,2.9954536,0.2153582125902176,0.48737862706184387,0.1834503561258316
YNL021W,YFR044C,0,2.9953237,0.21526587009429932,0.48737862706184387,0.1835506558418274
YBR200W,YHR016C,0,2.9951775,0.215173602104187,0.48737862706184387,0.18365095555782318
YLR240W,YDL025C,0,2.9947827,0.21508140861988068,0.48737862706184387,0.18375125527381897
YDR481C,YHR205W,1,2.9940531,0.21541756391525269,0.4883495271205902,0.18375125527381897
YFL052W,YNL035C,0,2.9938917,0.21532534062862396,0.4883495271205902,0.18385155498981476
YIL041W,YML072C,0,2.9938703,0.2152332067489624,0.4883495271205902,0.18395185470581055
YEL034W,YGR067C,0,2.9934578,0.2151411473751068,0.4883495271205902,0.18405215442180634
YKR067W,YBR235W,0,2.9932795,0.2150491625070572,0.4883495271205902,0.18415245413780212
YKL220C,YKL073W,0,2.9919653,0.21495726704597473,0.4883495271205902,0.1842527538537979
YOR362C,YIR028W,0,2.9917302,0.21486544609069824,0.4883495271205902,0.1843530535697937
YER141W,YGL150C,0,2.9916825,0.21477369964122772,0.4883495271205902,0.1844533532857895
YDL010W,YEL071W,0,2.9912248,0.21468202769756317,0.4883495271205902,0.18455366790294647
YLR274W,YHR001W,0,2.990861,0.21459044516086578,0.4883495271205902,0.18465396761894226
YGL208W,YJL050W,0,2.9908195,0.21449893712997437,0.4883495271205902,0.18475426733493805
YER157W,YKR039W,0,2.9907267,0.21440750360488892,0.4883495271205902,0.18485456705093384
YAL014C,YJR125C,0,2.990384,0.21431614458560944,0.4883495271205902,0.18495486676692963
YMR119W,YFR004W,0,2.990238,0.21422487497329712,0.4883495271205902,0.18505516648292542
YGL001C,YGR257C,0,2.9898894,0.21413367986679077,0.4883495271205902,0.1851554661989212
YGL208W,YJR019C,0,2.9895926,0.2140425592660904,0.4883495271205902,0.185255765914917
YOR178C,YML010W,0,2.9893184,0.21395151317119598,0.4883495271205902,0.18535606563091278
YMR092C,YBL027W,0,2.9888496,0.21386054158210754,0.4883495271205902,0.18545636534690857
YML110C,YBR077C,0,2.9883003,0.21376965939998627,0.4883495271205902,0.18555666506290436
YGR227W,YDR216W,0,2.9879541,0.21367885172367096,0.4883495271205902,0.18565696477890015
YPL232W,YNL047C,0,2.985653,0.21358810365200043,0.4883495271205902,0.18575726449489594
YDL194W,YIR035C,0,2.9856324,0.21349745988845825,0.4883495271205902,0.18585757911205292
YLR386W,YDR352W,1,2.9841614,0.21383114159107208,0.48932039737701416,0.18585757911205292
YLR133W,YMR231W,0,2.9838343,0.21374045312404633,0.48932039737701416,0.1859578788280487
YNL336W,YNR075W,0,2.9831824,0.21364985406398773,0.48932039737701416,0.1860581785440445
YPL069C,YFR055W,0,2.9830809,0.2135593146085739,0.48932039737701416,0.18615847826004028
YNL075W,YJL210W,0,2.9827967,0.21346886456012726,0.48932039737701416,0.18625877797603607
YDR266C,YJL036W,0,2.9820023,0.21337848901748657,0.48932039737701416,0.18635907769203186
YML132W,YPL006W,1,2.981822,0.21371138095855713,0.4902912676334381,0.18635907769203186
YIL015W,YHR128W,0,2.9809282,0.21362097561359406,0.4902912676334381,0.18645937740802765
YIL066C,YPR079W,0,2.9806619,0.21353065967559814,0.4902912676334381,0.18655967712402344
YMR079W,YGR256W,0,2.979108,0.213440403342247,0.4902912676334381,0.18665997684001923
YJL123C,YLR064W,0,2.9788456,0.21335023641586304,0.4902912676334381,0.18676027655601501
YHR191C,YNL256W,0,2.9784226,0.21326012909412384,0.4902912676334381,0.1868605762720108
YJR099W,YMR216C,0,2.9783034,0.2131701111793518,0.4902912676334381,0.1869608759880066
YKL107W,YIL105C,0,2.9778705,0.21308016777038574,0.4902912676334381,0.18706119060516357
YNL222W,YIL114C,0,2.9776554,0.21299029886722565,0.4902912676334381,0.18716149032115936
YGR132C,YLR453C,0,2.9776344,0.21290050446987152,0.4902912676334381,0.18726179003715515
YKL163W,YOR375C,0,2.9774246,0.21281078457832336,0.4902912676334381,0.18736208975315094
YKL107W,YKR087C,0,2.977055,0.21272113919258118,0.4902912676334381,0.18746238946914673
YDL168W,YER001W,0,2.9760666,0.21263158321380615,0.4902912676334381,0.18756268918514252
YDR294C,YMR309C,0,2.9759488,0.2125420868396759,0.4902912676334381,0.1876629889011383
YOR035C,YDL058W,0,2.9749513,0.21245266497135162,0.4902912676334381,0.1877632886171341
YER042W,YDR141C,0,2.9744925,0.2123633325099945,0.4902912676334381,0.18786358833312988
YPL055C,YCR069W,0,2.9733477,0.21227405965328217,0.4902912676334381,0.18796388804912567
YOR298C-A,YER170W,0,2.9732218,0.212184876203537,0.4902912676334381,0.18806418776512146
YKL152C,YER001W,0,2.9722307,0.21209575235843658,0.4902912676334381,0.18816448748111725
YGL133W,YGL179C,0,2.972194,0.21200671792030334,0.4902912676334381,0.18826478719711304
YNL264C,YNR049C,0,2.9717083,0.21191775798797607,0.4902912676334381,0.18836510181427002
YIL129C,YKR039W,0,2.9709435,0.21182885766029358,0.4902912676334381,0.1884654015302658
YIR035C,YNL220W,0,2.9707255,0.21174004673957825,0.4902912676334381,0.1885657012462616
YNL323W,YDR043C,0,2.9706416,0.2116512954235077,0.4902912676334381,0.18866600096225739
YHR072W,YFL018C,0,2.9705186,0.2115626335144043,0.4902912676334381,0.18876630067825317
YPR061C,YPL232W,0,2.970323,0.21147403120994568,0.4902912676334381,0.18886660039424896
YER039C,YIR022W,0,2.9700723,0.21138551831245422,0.4902912676334381,0.18896690011024475
YDR073W,YHR083W,0,2.969529,0.21129706501960754,0.4902912676334381,0.18906719982624054
YBR216C,YKL157W,0,2.969472,0.21120870113372803,0.4902912676334381,0.18916749954223633
YJR091C,YBR293W,0,2.967802,0.2111203968524933,0.4902912676334381,0.18926779925823212
YER021W,YCR034W,0,2.9674995,0.2110321819782257,0.4902912676334381,0.1893680989742279
YHR098C,YHR196W,0,2.9670281,0.2109440267086029,0.4902912676334381,0.1894683986902237
YKL080W,YHR205W,1,2.9667172,0.21127349138259888,0.49126213788986206,0.1894683986902237
YPR164W,YEL047C,0,2.9653296,0.2111853063106537,0.49126213788986206,0.18956871330738068
YDR262W,YOR326W,1,2.96491,0.2115143984556198,0.492233008146286,0.18956871330738068
YGL255W,YPL057C,0,2.9647868,0.21142618358135223,0.492233008146286,0.18966901302337646
YGL055W,YDR198C,0,2.9640932,0.21133805811405182,0.492233008146286,0.18976931273937225
YJR159W,YNL229C,0,2.9636126,0.21125000715255737,0.492233008146286,0.18986961245536804
YJL139C,YOR298C-A,0,2.963463,0.2111620157957077,0.492233008146286,0.18996991217136383
YEL046C,YBL003C,0,2.9625258,0.211074098944664,0.492233008146286,0.19007021188735962
YPL180W,YHR039C-A,1,2.9614758,0.21140241622924805,0.49320387840270996,0.19007021188735962
YLR071C,YOR178C,0,2.961349,0.21131446957588196,0.49320387840270996,0.1901705116033554
YCR102C,YER065C,0,2.960666,0.21122661232948303,0.49320387840270996,0.1902708113193512
YDL066W,YER166W,0,2.960085,0.21113881468772888,0.49320387840270996,0.19037111103534698
YBR098W,YJL002C,0,2.9597979,0.2110511064529419,0.49320387840270996,0.19047141075134277
YNL326C,YPR056W,0,2.959723,0.21096345782279968,0.49320387840270996,0.19057171046733856
YBL042C,YIL099W,0,2.958976,0.21087588369846344,0.49320387840270996,0.19067201018333435
YMR221C,YNL321W,1,2.958216,0.21120332181453705,0.4941747486591339,0.19067201018333435
YML131W,YOR022C,0,2.9580605,0.21111571788787842,0.4941747486591339,0.19077230989933014
YER166W,YPR065W,0,2.957713,0.21102818846702576,0.4941747486591339,0.19087262451648712
YCR068W,YOR312C,0,2.9575336,0.21094073355197906,0.4941747486591339,0.1909729242324829
YDL214C,YMR251W-A,0,2.9574585,0.21085335314273834,0.4941747486591339,0.1910732239484787
YER048C,YDR480W,0,2.9573457,0.2107660472393036,0.4941747486591339,0.1911735236644745
YDR307W,YDR363W,0,2.9568968,0.2106788009405136,0.4941747486591339,0.19127382338047028
YFL062W,YDL010W,1,2.9567966,0.21100537478923798,0.49514561891555786,0.19127382338047028
YJL111W,YBR008C,0,2.9564972,0.2109181135892868,0.49514561891555786,0.19137412309646606
YBR073W,YJL036W,0,2.9561048,0.2108309268951416,0.49514561891555786,0.19147442281246185
YAL001C,YHR094C,0,2.9552326,0.21074379980564117,0.49514561891555786,0.19157472252845764
YDL188C,YDR037W,0,2.954847,0.21065674722194672,0.49514561891555786,0.19167502224445343
YKR067W,YBR127C,0,2.9545212,0.21056978404521942,0.49514561891555786,0.19177532196044922
YLR220W,YBL089W,1,2.9542828,0.2108955830335617,0.4961165189743042,0.19177532196044922
YLR342W,YHR191C,0,2.9541569,0.21080857515335083,0.4961165189743042,0.191875621676445
YJL137C,YFL002C,0,2.954136,0.21072165668010712,0.4961165189743042,0.1919759213924408
YNL072W,YDR237W,0,2.9539423,0.21063478291034698,0.4961165189743042,0.19207623600959778
YJL028W,YOR122C,0,2.9534018,0.21054799854755402,0.4961165189743042,0.19217653572559357
YPR181C,YOR058C,0,2.9533503,0.21046128869056702,0.4961165189743042,0.19227683544158936
YOR208W,YML007W,0,2.952815,0.2103746384382248,0.4961165189743042,0.19237713515758514
YML018C,YDR229W,1,2.9524443,0.21069958806037903,0.49708738923072815,0.19237713515758514
YOL094C,YBR161W,0,2.951311,0.2106129229068756,0.49708738923072815,0.19247743487358093
YEL063C,YJR088C,0,2.950726,0.21052631735801697,0.49708738923072815,0.19257773458957672
YIL121W,YGL047W,0,2.9498053,0.2104397863149643,0.49708738923072815,0.1926780343055725
YJL210W,YOR064C,0,2.9496846,0.2103533297777176,0.49708738923072815,0.1927783340215683
YDL181W,YDR324C,0,2.949562,0.21026694774627686,0.49708738923072815,0.1928786337375641
YLR307W,YDL147W,0,2.9493752,0.2101806253194809,0.49708738923072815,0.19297893345355988
YGL013C,YBR229C,0,2.9492497,0.2100943773984909,0.49708738923072815,0.19307923316955566
YMR011W,YGL011C,0,2.948736,0.21000820398330688,0.49708738923072815,0.19317953288555145
YKR067W,YHR050W,0,2.9485927,0.20992210507392883,0.49708738923072815,0.19327983260154724
YNL090W,YKR001C,0,2.9478574,0.20983606576919556,0.49708738923072815,0.19338014721870422
YDR488C,YOR344C,0,2.947573,0.20975010097026825,0.49708738923072815,0.1934804469347
YBL042C,YBL009W,0,2.9474049,0.2096642106771469,0.49708738923072815,0.1935807466506958
YGL224C,YKR046C,0,2.947063,0.20957837998867035,0.49708738923072815,0.1936810463666916
YMR030W,YOR130C,0,2.9469876,0.20949263870716095,0.49708738923072815,0.19378134608268738
YNL009W,YDR258C,0,2.9469838,0.20940695703029633,0.49708738923072815,0.19388164579868317
YGR121C,YPR140W,0,2.9467509,0.20932133495807648,0.49708738923072815,0.19398194551467896
YBR293W,YLR043C,1,2.9467373,0.20964446663856506,0.4980582594871521,0.19398194551467896
YNL082W,YDL066W,0,2.9467106,0.20955882966518402,0.4980582594871521,0.19408224523067474
YNL154C,YGL153W,0,2.9466684,0.20947325229644775,0.4980582594871521,0.19418254494667053
YDR221W,YEL020C,0,2.944934,0.20938774943351746,0.4980582594871521,0.19428284466266632
YER124C,YCR048W,0,2.944635,0.20930232107639313,0.4980582594871521,0.1943831443786621
YDR485C,YGL179C,0,2.9442909,0.20921696722507477,0.4980582594871521,0.1944834440946579
YGR240C,YHR128W,0,2.9441736,0.20913167297840118,0.4980582594871521,0.1945837438106537
YDR541C,YBR014C,0,2.9440498,0.20904645323753357,0.4980582594871521,0.19468405842781067
YIL023C,YJL020C,0,2.9435227,0.20896130800247192,0.4980582594871521,0.19478435814380646
YLR386W,YFR021W,1,2.9426026,0.20928338170051575,0.49902912974357605,0.19478435814380646
YDR104C,YJR129C,0,2.942454,0.2091982066631317,0.49902912974357605,0.19488465785980225
YIR022W,YDR293C,0,2.9422274,0.20911310613155365,0.49902912974357605,0.19498495757579803
YLR423C,YGR261C,0,2.9419138,0.20902806520462036,0.49902912974357605,0.19508525729179382
YGL038C,YFL022C,0,2.9419136,0.20894308388233185,0.49902912974357605,0.1951855570077896
YDR180W,YDR043C,0,2.9417021,0.2088581919670105,0.49902912974357605,0.1952858567237854
YJR066W,YBR187W,1,2.9416368,0.20917953550815582,0.5,0.1952858567237854
YML093W,YGR256W,0,2.9410086,0.2090945988893509,0.5,0.1953861564397812
YPR029C,YBR070C,0,2.9409497,0.20900973677635193,0.5,0.19548645615577698
YDR264C,YNL093W,0,2.9406486,0.20892494916915894,0.5,0.19558675587177277
YHL002W,YDL005C,0,2.9401822,0.20884022116661072,0.5,0.19568705558776855
YLR135W,YHR094C,0,2.9401054,0.20875556766986847,0.5,0.19578735530376434
YHR045W,YLR110C,0,2.93825,0.2086709886789322,0.5,0.19588766992092133
YHL020C,YOR303W,0,2.9381485,0.20858646929264069,0.5,0.19598796963691711
YDL214C,YGL012W,0,2.9380295,0.20850202441215515,0.5,0.1960882693529129
YOR208W,YML010W,0,2.9375353,0.2084176391363144,0.5,0.1961885690689087
YDR311W,YGR261C,0,2.9361331,0.2083333283662796,0.5,0.19628886878490448
YDR314C,YLR226W,0,2.9360127,0.20824909210205078,0.5,0.19638916850090027
YPR183W,YMR106C,0,2.9357858,0.20816491544246674,0.5,0.19648946821689606
YDL104C,YLL054C,0,2.935749,0.20808081328868866,0.5,0.19658976793289185
YDR084C,YJL020C,0,2.9355197,0.20799677073955536,0.5,0.19669006764888763
YHR200W,YLR089C,0,2.9352207,0.20791280269622803,0.5,0.19679036736488342
YCR028C-A,YPL008W,0,2.934981,0.20782889425754547,0.5,0.1968906670808792
YOR329C,YGR087C,0,2.9346352,0.20774506032466888,0.5,0.196990966796875
YMR044W,YIL017C,0,2.933994,0.20766128599643707,0.5,0.1970912665128708
YGR275W,YBR056W,0,2.93355,0.20757758617401123,0.5,0.19719158113002777
YLL024C,YNL015W,1,2.933302,0.2078968584537506,0.5009709000587463,0.19719158113002777
YJR159W,YNL220W,0,2.9330425,0.20781312882900238,0.5009709000587463,0.19729188084602356
YOR144C,YDR001C,0,2.932696,0.20772947371006012,0.5009709000587463,0.19739218056201935
YPL163C,YLR447C,1,2.9324346,0.2080482840538025,0.5019417405128479,0.19739218056201935
YEL060C,YMR171C,1,2.9321384,0.20836685597896576,0.5029126405715942,0.19739218056201935
YOR247W,YDR105C,1,2.9315834,0.20868515968322754,0.5038834810256958,0.19739218056201935
YMR079W,YDL066W,0,2.931312,0.20860128104686737,0.5038834810256958,0.19749248027801514
YIL016W,YFR044C,0,2.9312472,0.20851747691631317,0.5038834810256958,0.19759277999401093
YER021W,YNR069C,0,2.9305735,0.20843373239040375,0.5038834810256958,0.1976930797100067
YLR222C,YDR208W,0,2.9305582,0.2083500623703003,0.5038834810256958,0.1977933794260025
YGR170W,YLR447C,1,2.9299777,0.20866774022579193,0.5048543810844421,0.1977933794260025
YGR109C,YBR171W,0,2.9299426,0.2085840404033661,0.5048543810844421,0.1978936791419983
YGL038C,YDR352W,0,2.929741,0.20850040018558502,0.5048543810844421,0.19799397885799408
YHR050W,YDR080W,1,2.9294276,0.20881763100624084,0.5058252215385437,0.19799397885799408
YOR100C,YFR055W,0,2.929185,0.20873397588729858,0.5058252215385437,0.19809427857398987
YBR235W,YOL027C,0,2.9288073,0.2086503803730011,0.5058252215385437,0.19819457828998566
YHR050W,YOR344C,0,2.9286208,0.20856685936450958,0.5058252215385437,0.19829487800598145
YIR022W,YAR003W,0,2.9280648,0.20848339796066284,0.5058252215385437,0.19839519262313843
YGL250W,YCR028C-A,0,2.9275453,0.20839999616146088,0.5058252215385437,0.19849549233913422
YBR073W,YGL020C,0,2.9274645,0.20831666886806488,0.5058252215385437,0.19859579205513
YHR019C,YIL031W,0,2.9273734,0.20823341608047485,0.5058252215385437,0.1986960917711258
YDR382W,YLR368W,0,2.926744,0.2081502228975296,0.5058252215385437,0.19879639148712158
YER078C,YJR067C,0,2.926712,0.20806708931922913,0.5058252215385437,0.19889669120311737
YOL097C,YIL162W,0,2.9257839,0.20798403024673462,0.5058252215385437,0.19899699091911316
YJL063C,YBL050W,0,2.925698,0.2079010307788849,0.5058252215385437,0.19909729063510895
YER119C,YAL009W,0,2.9253407,0.20781810581684113,0.5058252215385437,0.19919759035110474
YBL099W,YNL093W,0,2.9251764,0.20773524045944214,0.5058252215385437,0.19929789006710052
YOL006C,YOL119C,0,2.9248786,0.20765244960784912,0.5058252215385437,0.1993981897830963
YBR132C,YAL002W,1,2.9236798,0.20796813070774078,0.50679612159729,0.1993981897830963
YDL159W,YGL166W,0,2.9233117,0.20788531005382538,0.50679612159729,0.1994984894990921
YGL006W,YLR093C,1,2.9230225,0.2082006335258484,0.5077669620513916,0.1994984894990921
YLR424W,YDL058W,0,2.9227483,0.2081177830696106,0.5077669620513916,0.1995987892150879
YPL163C,YDL128W,1,2.922407,0.20843277871608734,0.5087378621101379,0.1995987892150879
YNL321W,YAR014C,0,2.9223735,0.20834989845752716,0.5087378621101379,0.19969910383224487
YBR235W,YHR121W,0,2.9222562,0.20826709270477295,0.5087378621101379,0.19979940354824066
YAL005C,YDL210W,1,2.921849,0.20858164131641388,0.5097087621688843,0.19979940354824066
YGR195W,YNL134C,0,2.9217293,0.20849880576133728,0.5097087621688843,0.19989970326423645
YML130C,YOR362C,0,2.9215376,0.20841604471206665,0.5097087621688843,0.20000000298023224
YNR036C,YJR144W,0,2.9210706,0.2083333283662796,0.5097087621688843,0.20010030269622803
YGL125W,YER170W,0,2.9198709,0.20825070142745972,0.5097087621688843,0.20020060241222382
YJR019C,YDL191W,0,2.918079,0.2081681191921234,0.5097087621688843,0.2003009021282196
YML123C,YPL072W,0,2.9165478,0.20808561146259308,0.5097087621688843,0.2004012018442154
YDL054C,YCL069W,1,2.9161184,0.20839937031269073,0.5106796026229858,0.2004012018442154
YHR050W,YOL058W,0,2.9160485,0.208316832780838,0.5106796026229858,0.20050150156021118
YFL024C,YNL336W,0,2.9156678,0.20823436975479126,0.5106796026229858,0.20060180127620697
YHR079C-A,YMR119W,0,2.915646,0.2081519514322281,0.5106796026229858,0.20070210099220276
YOR007C,YJL002C,0,2.9154396,0.20806962251663208,0.5106796026229858,0.20080240070819855
YMR160W,YOR320C,1,2.9149694,0.2083827555179596,0.5116505026817322,0.20080240070819855
YGL150C,YIL044C,0,2.914812,0.2083003968000412,0.5116505026817322,0.20090271532535553
YOL017W,YKR065C,0,2.9147031,0.20821809768676758,0.5116505026817322,0.20100301504135132
YLR226W,YNL265C,0,2.9145517,0.20813585817813873,0.5116505026817322,0.2011033147573471
YHR026W,YDR105C,1,2.9144804,0.20844848453998566,0.5126213431358337,0.2011033147573471
YDR155C,YNL177C,0,2.9141836,0.20836621522903442,0.5126213431358337,0.2012036144733429
YGL011C,YDL236W,0,2.913635,0.20828402042388916,0.5126213431358337,0.20130391418933868
YDR162C,YDL010W,0,2.913014,0.20820190012454987,0.5126213431358337,0.20140421390533447
YOL154W,YMR077C,1,2.9129052,0.2085139900445938,0.5135922431945801,0.20140421390533447
YCR033W,YMR251W-A,0,2.912659,0.20843183994293213,0.5135922431945801,0.20150451362133026
YPL211W,YEL020C,0,2.9124773,0.20834974944591522,0.5135922431945801,0.20160481333732605
YPR107C,YLR148W,0,2.9122024,0.2082677185535431,0.5135922431945801,0.20170511305332184
YPR023C,YJL100W,0,2.9114633,0.20818574726581573,0.5135922431945801,0.20180541276931763
YOR284W,YKL073W,0,2.910671,0.20810385048389435,0.5135922431945801,0.20190571248531342
YDR477W,YNL336W,1,2.91065,0.20841525495052338,0.5145630836486816,0.20190571248531342
YPL047W,YOR100C,0,2.9106169,0.2083333283662796,0.5145630836486816,0.2020060122013092
YKL046C,YJR159W,0,2.9103222,0.2082514762878418,0.5145630836486816,0.202106311917305
YBR070C,YJL100W,0,2.909955,0.20816968381404877,0.5145630836486816,0.20220662653446198
YOR007C,YJR161C,0,2.909626,0.2080879509449005,0.5145630836486816,0.20230692625045776
YBL050W,YDL004W,0,2.9090428,0.20800627768039703,0.5145630836486816,0.20240722596645355
YJL092W,YOR003W,0,2.9089699,0.20792467892169952,0.5145630836486816,0.20250752568244934
YHR034C,YCR088W,0,2.907291,0.2078431397676468,0.5145630836486816,0.20260782539844513
YJR095W,YLR362W,0,2.9068456,0.20776166021823883,0.5145630836486816,0.20270812511444092
YJR047C,YGR256W,0,2.9067082,0.20768025517463684,0.5145630836486816,0.2028084248304367
YJL151C,YFL062W,1,2.9064946,0.2079906016588211,0.515533983707428,0.2028084248304367
YJL115W,YCR089W,0,2.9063482,0.20790916681289673,0.515533983707428,0.2029087245464325
YML022W,YCR097W,0,2.906196,0.20782779157161713,0.515533983707428,0.20300902426242828
YOR190W,YBL105C,0,2.9058266,0.2077464759349823,0.515533983707428,0.20310932397842407
YER141W,YKR086W,0,2.9054036,0.20766523480415344,0.515533983707428,0.20320962369441986
YHR124W,YOR153W,0,2.9050388,0.20758405327796936,0.515533983707428,0.20330992341041565
YDR016C,YJR105W,0,2.9048362,0.20750293135643005,0.515533983707428,0.20341023802757263
YPR061C,YAL009W,0,2.9047306,0.20742186903953552,0.515533983707428,0.20351053774356842
YGR172C,YGR092W,0,2.9044914,0.20734088122844696,0.515533983707428,0.2036108374595642
YGR121C,YNL134C,0,2.904211,0.20725995302200317,0.515533983707428,0.20371113717556
YMR164C,YGL179C,0,2.9038906,0.20717908442020416,0.515533983707428,0.2038114368915558
YOR017W,YNL305C,0,2.9038444,0.20709829032421112,0.515533983707428,0.20391173660755157
YLR034C,YDL210W,1,2.9027824,0.2074074000120163,0.5165048837661743,0.20391173660755157
YDR294C,YCR034W,0,2.9027286,0.20732657611370087,0.5165048837661743,0.20401203632354736
YJL207C,YBR199W,0,2.9024515,0.2072458118200302,0.5165048837661743,0.20411233603954315
YER065C,YBR018C,0,2.9020371,0.20716510713100433,0.5165048837661743,0.20421263575553894
YGR059W,YMR058W,0,2.9019973,0.20708446204662323,0.5165048837661743,0.20431293547153473
YDR481C,YJR138W,1,2.901272,0.20739299058914185,0.5174757242202759,0.20431293547153473
YDL064W,YKR086W,0,2.9010792,0.20731233060359955,0.5174757242202759,0.20441323518753052
YER078C,YOR367W,0,2.9008393,0.20723173022270203,0.5174757242202759,0.2045135349035263
YDL004W,YOR073W,0,2.900735,0.20715118944644928,0.5174757242202759,0.2046138346195221
YDL193W,YMR236W,0,2.900732,0.2070707082748413,0.5174757242202759,0.20471414923667908
YER146W,YCR042C,0,2.9002903,0.2069902867078781,0.5174757242202759,0.20481444895267487
YOL130W,YNL093W,0,2.9001336,0.2069099396467209,0.5174757242202759,0.20491474866867065
YHL002W,YMR231W,0,2.8998747,0.20682965219020844,0.5174757242202759,0.20501504838466644
YPL086C,YCR033W,0,2.8988144,0.20674942433834076,0.5174757242202759,0.20511534810066223
YDR363W,YHR043C,0,2.8987074,0.20666925609111786,0.5174757242202759,0.20521564781665802
YGR038W,YLR421C,0,2.8976092,0.20658914744853973,0.5174757242202759,0.2053159475326538
YER018C,YMR251W-A,0,2.8971007,0.20650909841060638,0.5174757242202759,0.2054162472486496
YGL017W,YBR018C,0,2.8964174,0.206429123878479,0.5174757242202759,0.20551654696464539
YFL055W,YPR056W,0,2.8960083,0.2063492089509964,0.5174757242202759,0.20561684668064117
YOR316C,YGL124C,1,2.8959968,0.206656351685524,0.5184466242790222,0.20561684668064117
YBR215W,YIL097W,0,2.8955421,0.206576406955719,0.5184466242790222,0.20571714639663696
YHR141C,YMR030W,0,2.8951802,0.20649652183055878,0.5184466242790222,0.20581744611263275
YBR088C,YFR055W,0,2.8950562,0.20641669631004333,0.5184466242790222,0.20591774582862854
YGR049W,YGL181W,0,2.8949795,0.20633694529533386,0.5184466242790222,0.20601806044578552
YPL009C,YMR189W,0,2.8947575,0.20625723898410797,0.5184466242790222,0.2061183601617813
YGL121C,YPL128C,0,2.894617,0.20617760717868805,0.5184466242790222,0.2062186598777771
YOR100C,YDR255C,0,2.894013,0.2060980349779129,0.5184466242790222,0.2063189595937729
YKL163W,YER075C,0,2.8937683,0.20601852238178253,0.5184466242790222,0.20641925930976868
YLR128W,YER001W,0,2.8932002,0.20593906939029694,0.5184466242790222,0.20651955902576447
YPR018W,YHR123W,0,2.893098,0.20585967600345612,0.5184466242790222,0.20661985874176025
YGL207W,YKR087C,0,2.8917198,0.20578034222126007,0.5184466242790222,0.20672015845775604
YGL029W,YHR026W,0,2.8913493,0.20570108294487,0.5184466242790222,0.20682045817375183
YOL060C,YDR119W,1,2.8912222,0.20600692927837372,0.5194174647331238,0.20682045817375183
YKL165C,YOR087W,1,2.8899078,0.20631255209445953,0.5203883647918701,0.20682045817375183
YBL099W,YML010W,0,2.889839,0.2062331736087799,0.5203883647918701,0.20692075788974762
YML075C,YER160C,0,2.889816,0.20615383982658386,0.5203883647918701,0.2070210576057434
YLR144C,YDR354W,0,2.8897634,0.2060745805501938,0.5203883647918701,0.2071213573217392
YKL211C,YNL270C,0,2.8887348,0.2059953808784485,0.5203883647918701,0.20722167193889618
YLR340W,YER157W,0,2.8881655,0.20591625571250916,0.5203883647918701,0.20732197165489197
YDR104C,YKR098C,0,2.8875136,0.2058371752500534,0.5203883647918701,0.20742227137088776
YOL154W,YIR014W,1,2.887044,0.20614203810691833,0.5213592052459717,0.20742227137088776
YGR186W,YBR204C,0,2.8867803,0.2060629278421402,0.5213592052459717,0.20752257108688354
YOR219C,YMR160W,1,2.8863192,0.20636747777462006,0.522330105304718,0.20752257108688354
YLR262C,YHL022C,0,2.885646,0.20628833770751953,0.522330105304718,0.20762287080287933
YDL002C,YGR172C,0,2.8854346,0.20620927214622498,0.522330105304718,0.20772317051887512
YML022W,YHR123W,0,2.8854141,0.2061302661895752,0.522330105304718,0.2078234702348709
YOR321W,YJR137C,0,2.8854113,0.2060513198375702,0.522330105304718,0.2079237699508667
YNL217W,YOR320C,1,2.8852577,0.2063552886247635,0.5233009457588196,0.2079237699508667
YLR320W,YNL030W,0,2.8849213,0.2062763124704361,0.5233009457588196,0.2080240696668625
YNL125C,YMR251W-A,0,2.883689,0.20619739592075348,0.5233009457588196,0.20812436938285828
YJL092W,YPL181W,0,2.8828986,0.20611855387687683,0.5233009457588196,0.20822466909885406
YJR091C,YJR088C,0,2.882723,0.20603975653648376,0.5233009457588196,0.20832496881484985
YDR540C,YLR424W,0,2.8825717,0.20596101880073547,0.5233009457588196,0.20842526853084564
YOR087W,YBR139W,1,2.8820186,0.20626431703567505,0.5242718458175659,0.20842526853084564
YML066C,YGR163W,0,2.8813884,0.20618556439876556,0.5242718458175659,0.20852558314800262
YDR155C,YIL067C,0,2.8810604,0.20610687136650085,0.5242718458175659,0.2086258828639984
YDL188C,YMR216C,0,2.8797297,0.20602823793888092,0.5242718458175659,0.2087261825799942
YHR063C,YDR214W,0,2.8794599,0.20594966411590576,0.5242718458175659,0.20882648229599
YER078C,YLR035C,0,2.8787735,0.20587113499641418,0.5242718458175659,0.20892678201198578
YKR060W,YKL222C,0,2.8782563,0.20579268038272858,0.5242718458175659,0.20902708172798157
YHL002W,YKL035W,0,2.8776662,0.20571428537368774,0.5242718458175659,0.20912738144397736
YER144C,YNL087W,0,2.8776007,0.2056359499692917,0.5242718458175659,0.20922768115997314
YKR003W,YJL122W,0,2.8765335,0.2055576741695404,0.5242718458175659,0.20932798087596893
YPL053C,YML111W,0,2.876108,0.2054794579744339,0.5242718458175659,0.20942828059196472
YPR020W,YJL036W,0,2.8752549,0.20540128648281097,0.5242718458175659,0.2095285803079605
YLR340W,YNR063W,0,2.8733883,0.20532318949699402,0.5242718458175659,0.2096288800239563
YER048C,YHL001W,0,2.8729284,0.20524515211582184,0.5242718458175659,0.20972919464111328
YNL124W,YBL002W,0,2.8728878,0.20516717433929443,0.5242718458175659,0.20982949435710907
YMR283C,YNL327W,0,2.8699923,0.2050892561674118,0.5242718458175659,0.20992979407310486
YFL009W,YLL015W,0,2.8693314,0.20501138269901276,0.5242718458175659,0.21003009378910065
YJL051W,YBL045C,0,2.8692102,0.20493358373641968,0.5242718458175659,0.21013039350509644
YER069W,YDR258C,0,2.8689096,0.20485584437847137,0.5242718458175659,0.21023069322109222
YIL085C,YCR023C,0,2.8687685,0.20477814972400665,0.5242718458175659,0.210330992937088
YJR067C,YGL012W,0,2.868544,0.2047005295753479,0.5242718458175659,0.2104312926530838
YLR297W,YHR102W,0,2.86744,0.20462296903133392,0.5242718458175659,0.2105315923690796
YER144C,YGL207W,0,2.8672905,0.20454545319080353,0.5242718458175659,0.21063189208507538
YDR163W,YPR124W,0,2.8668883,0.2044680118560791,0.5242718458175659,0.21073219180107117
YGL160W,YIL103W,0,2.8660288,0.20439061522483826,0.5242718458175659,0.21083249151706696
YNR023W,YOR328W,0,2.8660045,0.2043132781982422,0.5242718458175659,0.21093279123306274
YDR202C,YCL045C,0,2.8654685,0.2042360007762909,0.5242718458175659,0.21103310585021973
YDR519W,YGL133W,0,2.8654232,0.20415878295898438,0.5242718458175659,0.21113340556621552
YEL046C,YMR106C,0,2.8650343,0.20408163964748383,0.5242718458175659,0.2112337052822113
YGR049W,YOR133W,0,2.8649402,0.20400452613830566,0.5242718458175659,0.2113340049982071
YKR098C,YAL014C,0,2.864275,0.20392748713493347,0.5242718458175659,0.21143430471420288
YNL071W,YGR195W,0,2.8642194,0.20385050773620605,0.5242718458175659,0.21153460443019867
YIL067C,YPL108W,0,2.8640738,0.2037735879421234,0.5242718458175659,0.21163490414619446
YLR274W,YJL091C,0,2.863834,0.20369671285152435,0.5242718458175659,0.21173520386219025
YHR186C,YFL004W,1,2.8637,0.20399698615074158,0.5252427458763123,0.21173520386219025
YCR027C,YKL209C,0,2.8636444,0.20392009615898132,0.5252427458763123,0.21183550357818604
YFR042W,YLR376C,0,2.863515,0.20384325087070465,0.5252427458763123,0.21193580329418182
YGR287C,YOR208W,0,2.8632245,0.20376648008823395,0.5252427458763123,0.2120361030101776
YKL146W,YML093W,0,2.8629122,0.20368975400924683,0.5252427458763123,0.2121364027261734
YML126C,YCR033W,0,2.8629098,0.20361310243606567,0.5252427458763123,0.21223671734333038
YMR088C,YDR131C,1,2.8628135,0.20391272008419037,0.5262135863304138,0.21223671734333038
YEL063C,YDL020C,0,2.862685,0.20383602380752563,0.5262135863304138,0.21233701705932617
YDR006C,YCR028C-A,0,2.8626425,0.20375940203666687,0.5262135863304138,0.21243731677532196
YLR376C,YGR028W,0,2.8622923,0.2036828249692917,0.5262135863304138,0.21253761649131775
YLR376C,YFR055W,0,2.8622496,0.20360630750656128,0.5262135863304138,0.21263791620731354
YPL162C,YOL001W,0,2.8622155,0.20352984964847565,0.5262135863304138,0.21273821592330933
YHR091C,YOR198C,0,2.8621721,0.2034534513950348,0.5262135863304138,0.21283851563930511
YOR256C,YNL327W,0,2.8620043,0.2033771127462387,0.5262135863304138,0.2129388153553009
YOR321W,YKL209C,0,2.8619273,0.2033008188009262,0.5262135863304138,0.2130391150712967
YGL156W,YDR486C,1,2.8617287,0.20359955728054047,0.5271844863891602,0.2130391150712967
YLR274W,YDR452W,0,2.8616922,0.20352323353290558,0.5271844863891602,0.21313941478729248
YBL045C,YGL020C,0,2.861591,0.20344698429107666,0.5271844863891602,0.21323971450328827
YBR302C,YJR105W,0,2.8613207,0.20337077975273132,0.5271844863891602,0.21334001421928406
YDL181W,YFL031W,0,2.8608332,0.20329464972019196,0.5271844863891602,0.21344031393527985
YIR034C,YBR221C,0,2.8605628,0.20321856439113617,0.5271844863891602,0.21354062855243683
YER021W,YKR087C,0,2.8603256,0.20314253866672516,0.5271844863891602,0.21364092826843262
YIL127C,YBR139W,0,2.8598952,0.20306657254695892,0.5271844863891602,0.2137412279844284
YBR210W,YOL130W,0,2.859765,0.20299065113067627,0.5271844863891602,0.2138415277004242
YDR163W,YGL181W,0,2.8593583,0.20291480422019958,0.5271844863891602,0.21394182741641998
YOR362C,YCL020W,0,2.8589263,0.20283900201320648,0.5271844863891602,0.21404212713241577
YPR183W,YNL257C,0,2.8585615,0.20276325941085815,0.5271844863891602,0.21414242684841156
YMR266W,YOR140W,0,2.8584287,0.2026875764131546,0.5271844863891602,0.21424272656440735
YBR104W,YLR022C,0,2.8582792,0.20261193811893463,0.5271844863891602,0.21434302628040314
YDL232W,YCR088W,0,2.857738,0.20253637433052063,0.5271844863891602,0.21444332599639893
YEL071W,YKR039W,0,2.857582,0.2024608552455902,0.5271844863891602,0.21454362571239471
YIL023C,YKL193C,0,2.8573208,0.20238539576530457,0.5271844863891602,0.2146439254283905
YLR133W,YLR117C,0,2.8563905,0.2023099809885025,0.5271844863891602,0.21474424004554749
YHR123W,YOR083W,0,2.8563783,0.2022346407175064,0.5271844863891602,0.21484453976154327
YDR294C,YPL003W,0,2.8557603,0.2021593451499939,0.5271844863891602,0.21494483947753906
YPR185W,YDL122W,0,2.8557289,0.20208410918712616,0.5271844863891602,0.21504513919353485
YOR128C,YER019W,0,2.8554473,0.2020089328289032,0.5271844863891602,0.21514543890953064
YKR098C,YLR449W,0,2.8554344,0.20193380117416382,0.5271844863891602,0.21524573862552643
YLR216C,YML014W,0,2.8553724,0.2018587291240692,0.5271844863891602,0.21534603834152222
YLR069C,YPL181W,0,2.8553603,0.20178371667861938,0.5271844863891602,0.215446338057518
YDL168W,YBL002W,0,2.8546238,0.20170876383781433,0.5271844863891602,0.2155466377735138
YLR034C,YLL024C,1,2.8540478,0.20200519263744354,0.5281553268432617,0.2155466377735138
YJL204C,YER054C,0,2.853666,0.2019302099943161,0.5281553268432617,0.21564693748950958
YPL265W,YDL161W,0,2.853461,0.20185528695583344,0.5281553268432617,0.21574723720550537
YNL325C,YBR302C,1,2.853285,0.2021513283252716,0.5291262269020081,0.21574723720550537
YPR151C,YPL275W,0,2.8531582,0.20207637548446655,0.5291262269020081,0.21584753692150116
YBR207W,YER093C,1,2.8530164,0.20237213373184204,0.5300970673561096,0.21584753692150116
YMR189W,YBR044C,0,2.852723,0.2022971510887146,0.5300970673561096,0.21594783663749695
YOL115W,YIL121W,0,2.852682,0.20222222805023193,0.5300970673561096,0.21604815125465393
YML007W,YNL093W,0,2.852228,0.20214734971523285,0.5300970673561096,0.21614845097064972
YMR079W,YGR068C,0,2.8519387,0.20207254588603973,0.5300970673561096,0.2162487506866455
YHR091C,YGL038C,0,2.8511171,0.2019977867603302,0.5300970673561096,0.2163490504026413
YOL016C,YOL091W,0,2.8505874,0.20192307233810425,0.5300970673561096,0.21644935011863708
YGR152C,YER065C,0,2.8502517,0.20184843242168427,0.5300970673561096,0.21654964983463287
YKL008C,YPR165W,0,2.8492165,0.20177383720874786,0.5300970673561096,0.21664994955062866
YBL102W,YPL053C,0,2.8491292,0.20169930160045624,0.5300970673561096,0.21675024926662445
YMR170C,YMR231W,0,2.8481581,0.2016248106956482,0.5300970673561096,0.21685054898262024
YGL099W,YGL047W,0,2.8476348,0.20155039429664612,0.5300970673561096,0.21695084869861603
YNL014W,YHR043C,0,2.8461833,0.20147600769996643,0.5300970673561096,0.21705114841461182
YCR068W,YOR320C,1,2.8454266,0.20177055895328522,0.531067967414856,0.21705114841461182
YOL119C,YBR161W,1,2.8450484,0.2020649015903473,0.5320388078689575,0.21705114841461182
YKR029C,YIL122W,0,2.842948,0.20199041068553925,0.5320388078689575,0.2171514481306076
YER118C,YMR323W,0,2.8427386,0.20191599428653717,0.5320388078689575,0.2172517478466034
YNR032W,YGL008C,0,2.8423471,0.20184162259101868,0.5320388078689575,0.21735206246376038
YLR310C,YER004W,0,2.8419065,0.20176731050014496,0.5320388078689575,0.21745236217975616
YMR135C,YOL119C,0,2.8416774,0.20169304311275482,0.5320388078689575,0.21755266189575195
YGL145W,YOL058W,0,2.8408878,0.20161883533000946,0.5320388078689575,0.21765296161174774
YDL193W,YEL055C,0,2.8404808,0.20154468715190887,0.5320388078689575,0.21775326132774353
YLR069C,YIL114C,0,2.8404803,0.20147058367729187,0.5320388078689575,0.21785356104373932
YHR112C,YFR044C,0,2.8403816,0.20139653980731964,0.5320388078689575,0.2179538607597351
YHR178W,YOL041C,0,2.840369,0.2013225555419922,0.5320388078689575,0.2180541604757309
YGR257C,YLR027C,0,2.8397684,0.20124861598014832,0.5320388078689575,0.21815446019172668
YML130C,YML007W,0,2.8388214,0.20117473602294922,0.5320388078689575,0.21825475990772247
YGL124C,YLR174W,0,2.8387299,0.2011009156703949,0.5320388078689575,0.21835505962371826
YDL052C,YLL042C,0,2.8381283,0.20102714002132416,0.5320388078689575,0.21845535933971405
YBR179C,YKL084W,0,2.8379893,0.2009534239768982,0.5320388078689575,0.21855567395687103
YDR180W,YLR178C,0,2.837984,0.200879767537117,0.5320388078689575,0.21865597367286682
YBR084C-A,YHR016C,0,2.8376367,0.2008061558008194,0.5320388078689575,0.2187562733888626
YJL207C,YOR344C,0,2.837585,0.20073260366916656,0.5320388078689575,0.2188565731048584
YIR034C,YGL245W,0,2.8375425,0.20065909624099731,0.5320388078689575,0.2189568728208542
YBL050W,YNL071W,0,2.8364363,0.20058564841747284,0.5320388078689575,0.21905717253684998
YGL001C,YGR163W,0,2.8352633,0.20051226019859314,0.5320388078689575,0.21915747225284576
YCL030C,YMR154C,0,2.834786,0.20043891668319702,0.5320388078689575,0.21925777196884155
YCR102C,YOL039W,0,2.8344755,0.20036563277244568,0.5320388078689575,0.21935807168483734
YNR073C,YLR272C,0,2.834304,0.20029239356517792,0.5320388078689575,0.21945837140083313
YHR187W,YDR540C,0,2.8341208,0.20021921396255493,0.5320388078689575,0.21955867111682892
YKL184W,YKR029C,0,2.8337407,0.20014609396457672,0.5320388078689575,0.2196589708328247
YDL049C,YBR070C,0,2.8336644,0.2000730186700821,0.5320388078689575,0.2197592705488205
YLR093C,YCR044C,1,2.8331428,0.20036496222019196,0.5330097079277039,0.2197592705488205
YBR083W,YGL166W,0,2.832719,0.20029185712337494,0.5330097079277039,0.21985958516597748
YDL212W,YPR103W,0,2.8325238,0.2002188116312027,0.5330097079277039,0.21995988488197327
YIL088C,YHR132C,1,2.8321724,0.20051038265228271,0.5339806079864502,0.21995988488197327
YOR153W,YNR049C,0,2.8321612,0.20043732225894928,0.5339806079864502,0.22006018459796906
YDR432W,YHR091C,0,2.831562,0.20036429166793823,0.5339806079864502,0.22016048431396484
YER021W,YGR240C,0,2.8315306,0.20029133558273315,0.5339806079864502,0.22026078402996063
YLR225C,YFL018C,0,2.8315191,0.20021842420101166,0.5339806079864502,0.22036108374595642
YDR051C,YGR231C,0,2.8314705,0.20014555752277374,0.5339806079864502,0.2204613834619522
YNL067W,YMR044W,0,2.8308897,0.2000727504491806,0.5339806079864502,0.220561683177948
YCR024C-A,YOR298C-A,0,2.830743,0.20000000298023224,0.5339806079864502,0.2206619828939438
YOL115W,YBL016W,0,2.8307085,0.19992730021476746,0.5339806079864502,0.22076228260993958
YGL048C,YDR221W,0,2.829453,0.19985465705394745,0.5339806079864502,0.22086258232593536
YIL063C,YHR050W,0,2.8293982,0.19978205859661102,0.5339806079864502,0.22096288204193115
YDR058C,YFL052W,0,2.8293116,0.19970951974391937,0.5339806079864502,0.22106319665908813
YIL168W,YBR014C,0,2.8283148,0.1996370255947113,0.5339806079864502,0.22116349637508392
YMR119W,YBR098W,0,2.825549,0.199564591050148,0.5339806079864502,0.2212637960910797
YML126C,YLR119W,0,2.8253703,0.1994922012090683,0.5339806079864502,0.2213640958070755
YNL321W,YDR313C,1,2.824972,0.19978244602680206,0.5349514484405518,0.2213640958070755
YNL329C,YLR229C,0,2.8245554,0.19971004128456116,0.5349514484405518,0.2214643955230713
YBL002W,YKR087C,0,2.8243861,0.19963768124580383,0.5349514484405518,0.22156469523906708
YBR128C,YKL146W,1,2.8236866,0.19992756843566895,0.5359223484992981,0.22156469523906708
YLR174W,YJR099W,0,2.8231425,0.19985517859458923,0.5359223484992981,0.22166499495506287
YIL016W,YIR008C,0,2.8230753,0.1997828483581543,0.5359223484992981,0.22176529467105865
YHR191C,YOR028C,0,2.822729,0.19971056282520294,0.5359223484992981,0.22186559438705444
YOL013C,YMR199W,0,2.8219419,0.19963833689689636,0.5359223484992981,0.22196589410305023
YBR216C,YGL002W,0,2.8218832,0.19956615567207336,0.5359223484992981,0.22206619381904602
YDL147W,YGL153W,0,2.8218193,0.19949403405189514,0.5359223484992981,0.2221664935350418
YJL076W,YEL047C,0,2.8216882,0.1994219720363617,0.5359223484992981,0.2222667932510376
YPL152W,YOR022C,0,2.8216736,0.19934993982315063,0.5359223484992981,0.22236710786819458
YDR216W,YGL153W,0,2.8213897,0.19927798211574554,0.5359223484992981,0.22246740758419037
YIL117C,YMR011W,0,2.8212593,0.19920606911182404,0.5359223484992981,0.22256770730018616
YDL232W,YJL210W,0,2.8209312,0.1991342008113861,0.5359223484992981,0.22266800701618195
YKL127W,YOR130C,0,2.8208518,0.19906239211559296,0.5359223484992981,0.22276830673217773
YJR113C,YLR421C,0,2.8192418,0.1989906281232834,0.5359223484992981,0.22286860644817352
YPL053C,YKL065C,0,2.8190408,0.1989189237356186,0.5359223484992981,0.2229689061641693
YBL084C,YIR021W,0,2.8188736,0.19884726405143738,0.5359223484992981,0.2230692058801651
YHR216W,YNR073C,0,2.8186517,0.19877566397190094,0.5359223484992981,0.2231695055961609
YJL028W,YOR095C,0,2.8182087,0.19870410859584808,0.5359223484992981,0.22326980531215668
YBR018C,YPL079W,0,2.8178635,0.1986325979232788,0.5359223484992981,0.22337010502815247
YDL025C,YMR199W,0,2.817645,0.1985611468553543,0.5359223484992981,0.22347040474414825
YLR423C,YMR278W,0,2.8175995,0.19848975539207458,0.5359223484992981,0.22357071936130524
YCL033C,YIR035C,0,2.8173952,0.19841840863227844,0.5359223484992981,0.22367101907730103
YKR098C,YLR178C,0,2.8172398,0.19834710657596588,0.5359223484992981,0.22377131879329681
YOR094W,YLR369W,0,2.8171492,0.1982758641242981,0.5359223484992981,0.2238716185092926
YFL034C-B,YKL012W,0,2.8166134,0.1982046663761139,0.5359223484992981,0.2239719182252884
YIL085C,YCR068W,0,2.8165941,0.19813352823257446,0.5359223484992981,0.22407221794128418
YLR262C,YGR098C,0,2.8165207,0.19806243479251862,0.5359223484992981,0.22417251765727997
YJR067C,YJL100W,0,2.8159103,0.19799138605594635,0.5359223484992981,0.22427281737327576
YOR321W,YPL190C,0,2.8154068,0.19792039692401886,0.5359223484992981,0.22437311708927155
YPL268W,YNL113W,0,2.8148313,0.19784946739673615,0.5359223484992981,0.22447341680526733
YBL045C,YHR178W,0,2.81464,0.19777856767177582,0.5359223484992981,0.22457371652126312
YGR096W,YLR133W,0,2.814632,0.19770774245262146,0.5359223484992981,0.2246740162372589
YOL097C,YJL093C,0,2.814217,0.1976369470357895,0.5359223484992981,0.2247743159532547
YJL063C,YER183C,0,2.813975,0.1975662112236023,0.5359223484992981,0.22487463057041168
YMR068W,YHR205W,1,2.8133307,0.19785331189632416,0.5368931889533997,0.22487463057041168
YGL099W,YMR189W,0,2.813324,0.19778254628181458,0.5368931889533997,0.22497493028640747
YPL152W,YHR188C,0,2.8130403,0.19771184027194977,0.5368931889533997,0.22507523000240326
YOL115W,YGR023W,0,2.8129194,0.19764117896556854,0.5368931889533997,0.22517552971839905
YJR095W,YBR068C,0,2.8122678,0.1975705623626709,0.5368931889533997,0.22527582943439484
YDR349C,YMR024W,0,2.812068,0.19750000536441803,0.5368931889533997,0.22537612915039062
YCL040W,YCR088W,0,2.8117232,0.19742949306964874,0.5368931889533997,0.2254764288663864
YJR105W,YDR225W,0,2.8104117,0.19735902547836304,0.5368931889533997,0.2255767285823822
YPL016W,YAL009W,0,2.809956,0.1972886174917221,0.5368931889533997,0.225677028298378
YML029W,YHR091C,0,2.809568,0.19721825420856476,0.5368931889533997,0.22577732801437378
YER119C,YLR332W,0,2.8093338,0.19714795053005219,0.5368931889533997,0.22587762773036957
YIR035C,YDL236W,0,2.8093028,0.1970776915550232,0.5368931889533997,0.22597792744636536
YCR017C,YJR144W,0,2.809144,0.19700747728347778,0.5368931889533997,0.22607824206352234
YIL099W,YFL041W,1,2.8086243,0.1972934454679489,0.537864089012146,0.22607824206352234
YML038C,YBL019W,0,2.8084471,0.1972232162952423,0.537864089012146,0.22617854177951813
YNL336W,YJL097W,1,2.8084092,0.19750890135765076,0.5388349294662476,0.22617854177951813
YER003C,YGL207W,0,2.8081186,0.19743862748146057,0.5388349294662476,0.22627884149551392
YJL076W,YMR029C,0,2.8079708,0.19736842811107635,0.5388349294662476,0.2263791412115097
YNR056C,YLR378C,0,2.8071046,0.19729825854301453,0.5388349294662476,0.2264794409275055
YPL032C,YLR308W,0,2.8068724,0.19722814857959747,0.5388349294662476,0.22657974064350128
YER069W,YHR176W,0,2.8058805,0.197158083319664,0.5388349294662476,0.22668004035949707
YBR056W,YML007W,0,2.805727,0.1970880627632141,0.5388349294662476,0.22678034007549286
YKR086W,YBR204C,0,2.8054223,0.197018101811409,0.5388349294662476,0.22688063979148865
YCL033C,YDR153C,0,2.805295,0.19694818556308746,0.5388349294662476,0.22698093950748444
YBR068C,YLR229C,0,2.8052819,0.1968783289194107,0.5388349294662476,0.22708123922348022
YGR295C,YKL196C,1,2.8043501,0.19716311991214752,0.5398058295249939,0.22708123922348022
YKL146W,YLR240W,1,2.8034515,0.19744771718978882,0.5407766699790955,0.22708123922348022
YER016W,YGL044C,0,2.80341,0.1973777413368225,0.5407766699790955,0.227181538939476
YDR097C,YOL119C,0,2.803321,0.19730782508850098,0.5407766699790955,0.2272818386554718
YDR135C,YPL045W,1,2.8030353,0.19759206473827362,0.5417475700378418,0.2272818386554718
YFL053W,YMR116C,0,2.8028688,0.1975221186876297,0.5417475700378418,0.22738215327262878
YJL139C,YOR361C,0,2.8027184,0.19745223224163055,0.5417475700378418,0.22748245298862457
YIL040W,YMR113W,0,2.8022065,0.197382390499115,0.5417475700378418,0.22758275270462036
YGR121C,YDL052C,0,2.8020341,0.197312593460083,0.5417475700378418,0.22768305242061615
YOR231W,YNL097C,0,2.8014307,0.1972428411245346,0.5417475700378418,0.22778335213661194
YCL038C,YIL131C,0,2.8013897,0.19717314839363098,0.5417475700378418,0.22788365185260773
YJR161C,YBR302C,1,2.8012643,0.1974567323923111,0.5427184700965881,0.22788365185260773
YOR214C,YNL312W,0,2.8007662,0.19738700985908508,0.5427184700965881,0.22798395156860352
YHR123W,YIL015W,0,2.8007152,0.19731733202934265,0.5427184700965881,0.2280842512845993
YDL002C,YEL011W,0,2.8006349,0.197247713804245,0.5427184700965881,0.2281845510005951
YNL139C,YDL010W,0,2.800601,0.19717812538146973,0.5427184700965881,0.22828485071659088
YMR293C,YCR083W,0,2.8005154,0.19710859656333923,0.5427184700965881,0.22838515043258667
YBR235W,YKR042W,0,2.8002684,0.19703912734985352,0.5427184700965881,0.22848545014858246
YCR048W,YLR119W,0,2.7999563,0.19696970283985138,0.5427184700965881,0.22858574986457825
YGL184C,YLR319C,0,2.7999182,0.19690032303333282,0.5427184700965881,0.22868606448173523
YKL152C,YGL234W,0,2.7995892,0.19683098793029785,0.5427184700965881,0.22878636419773102
YHR001W,YOL041C,0,2.7992377,0.19676169753074646,0.5427184700965881,0.2288866639137268
YMR119W,YIL121W,0,2.7991195,0.19669246673583984,0.5427184700965881,0.2289869636297226
YHR112C,YBR215W,0,2.7990441,0.1966232806444168,0.5427184700965881,0.22908726334571838
YLR240W,YDR258C,0,2.798442,0.19655415415763855,0.5427184700965881,0.22918756306171417
YPR145W,YFL053W,0,2.7983625,0.19648505747318268,0.5427184700965881,0.22928786277770996
YKL008C,YDR155C,0,2.7978132,0.19641602039337158,0.5427184700965881,0.22938816249370575
YKR060W,YLR229C,0,2.7974343,0.19634702801704407,0.5427184700965881,0.22948846220970154
YCR017C,YML014W,0,2.7973132,0.19627809524536133,0.5427184700965881,0.22958876192569733
YNR026C,YCL026C-A,0,2.7972841,0.19620919227600098,0.5427184700965881,0.22968906164169312
YNL272C,YHR026W,0,2.7971082,0.1961403489112854,0.5427184700965881,0.2297893613576889
YEL042W,YFL002C,0,2.797051,0.1960715502500534,0.5427184700965881,0.2298896759748459
YNL082W,YFL052W,0,2.7969604,0.1960028111934662,0.5427184700965881,0.22998997569084167
YHL002W,YOR298C-A,0,2.7969003,0.19593410193920135,0.5427184700965881,0.23009027540683746
YDR162C,YDL161W,0,2.7964017,0.1958654522895813,0.5427184700965881,0.23019057512283325
YPL008W,YNL272C,0,2.7948422,0.19579684734344482,0.5427184700965881,0.23029087483882904
YDR316W,YKR042W,0,2.7945518,0.19572828710079193,0.5427184700965881,0.23039117455482483
YFL024C,YHR094C,0,2.7940433,0.1956597864627838,0.5427184700965881,0.23049147427082062
YDR307W,YMR305C,0,2.7938757,0.19559131562709808,0.5427184700965881,0.2305917739868164
YJL160C,YDL161W,0,2.7938197,0.19552290439605713,0.5427184700965881,0.2306920737028122
YAL014C,YIL017C,0,2.7937737,0.19545455276966095,0.5427184700965881,0.23079237341880798
YJL123C,YDR258C,0,2.7933998,0.19538623094558716,0.5427184700965881,0.23089267313480377
YBL050W,YDL165W,0,2.7926168,0.19531795382499695,0.5427184700965881,0.23099297285079956
YHR039C-A,YLR297W,1,2.7924833,0.1955990195274353,0.5436893105506897,0.23099297285079956
YGL156W,YOR003W,0,2.7921536,0.1955307275056839,0.5436893105506897,0.23109327256679535
YLR369W,YMR052W,0,2.7903414,0.19546248018741608,0.5436893105506897,0.23119358718395233
YNR073C,YNR075W,0,2.7893999,0.19539427757263184,0.5436893105506897,0.23129388689994812
YFR042W,YER003C,0,2.7890568,0.19532611966133118,0.5436893105506897,0.2313941866159439
YDL005C,YDL104C,0,2.7890115,0.1952580213546753,0.5436893105506897,0.2314944863319397
YBR229C,YDR477W,0,2.7889552,0.195189967751503,0.5436893105506897,0.23159478604793549
YGR209C,YHR174W,1,2.787753,0.19547037780284882,0.544660210609436,0.23159478604793549
YIL016W,YLL039C,0,2.7877092,0.19540229439735413,0.544660210609436,0.23169508576393127
YBL102W,YGR195W,0,2.7874632,0.19533425569534302,0.544660210609436,0.23179538547992706
YJL050W,YBR056W,0,2.7873259,0.19526627659797668,0.544660210609436,0.23189568519592285
YER141W,YOR058C,0,2.7870326,0.19519832730293274,0.544660210609436,0.23199598491191864
YFL024C,YDR452W,0,2.785181,0.19513043761253357,0.544660210609436,0.23209628462791443
YNL090W,YBR044C,0,2.7848527,0.19506259262561798,0.544660210609436,0.23219658434391022
YEL064C,YPL045W,1,2.7846928,0.19534237682819366,0.5456310510635376,0.23219658434391022
YNL176C,YHR174W,1,2.7839794,0.19562195241451263,0.5466019511222839,0.23219658434391022
YKL025C,YGR013W,0,2.783742,0.19555401802062988,0.5466019511222839,0.232296884059906
YKL213C,YGL184C,0,2.78342,0.19548611342906952,0.5466019511222839,0.232397198677063
YDR214W,YKL018W,0,2.7827609,0.19541825354099274,0.5466019511222839,0.23249749839305878
YPL037C,YKR029C,0,2.7821655,0.19535045325756073,0.5466019511222839,0.23259779810905457
YJR152W,YDR155C,0,2.7820876,0.1952826976776123,0.5466019511222839,0.23269809782505035
YNL069C,YNL071W,0,2.7810123,0.19521497189998627,0.5466019511222839,0.23279839754104614
YFL018C,YPL066W,0,2.7798615,0.1951473206281662,0.5466019511222839,0.23289869725704193
YGR109C,YLR027C,0,2.7796597,0.19507969915866852,0.5466019511222839,0.23299899697303772
YGL055W,YDL058W,0,2.7789989,0.19501212239265442,0.5466019511222839,0.2330992966890335
YDR382W,YKL157W,0,2.7785907,0.1949446052312851,0.5466019511222839,0.2331995964050293
YJL092W,YIL017C,0,2.7775857,0.19487711787223816,0.5466019511222839,0.23329989612102509
YIR007W,YMR278W,0,2.7775097,0.194809690117836,0.5466019511222839,0.23340019583702087
YMR283C,YJL002C,0,2.7768736,0.19474230706691742,0.5466019511222839,0.23350049555301666
YGR148C,YER069W,0,2.7767167,0.19467496871948242,0.5466019511222839,0.23360079526901245
YDL211C,YPL234C,1,2.7759156,0.1949533373117447,0.5475727915763855,0.23360079526901245
YPL256C,YJR056C,0,2.7758217,0.1948859691619873,0.5475727915763855,0.23370110988616943
YJL111W,YGR092W,0,2.775488,0.1948186457157135,0.5475727915763855,0.23380140960216522
YLR225C,YMR083W,0,2.775472,0.19475138187408447,0.5475727915763855,0.233901709318161
YDR408C,YML022W,0,2.7751408,0.19468416273593903,0.5475727915763855,0.2340020090341568
YJR033C,YDR323C,1,2.7748733,0.1949620395898819,0.5485436916351318,0.2340020090341568
YBR298C,YJL160C,0,2.7747965,0.19489479064941406,0.5485436916351318,0.2341023087501526
YOR122C,YJR077C,0,2.7747889,0.1948275864124298,0.5485436916351318,0.23420260846614838
YBR258C,YGR284C,0,2.7746813,0.19476042687892914,0.5485436916351318,0.23430290818214417
YLR393W,YHR196W,0,2.77465,0.19469331204891205,0.5485436916351318,0.23440320789813995
YFR042W,YNL058C,0,2.7745864,0.19462624192237854,0.5485436916351318,0.23450350761413574
YDL025C,YEL004W,0,2.7741258,0.1945592314004898,0.5485436916351318,0.23460380733013153
YGL100W,YKL216W,0,2.7738912,0.19449225068092346,0.5485436916351318,0.23470410704612732
YEL055C,YGR256W,0,2.7737916,0.1944253295660019,0.5485436916351318,0.2348044067621231
YNL054W,YDR262W,1,2.7733593,0.19470244646072388,0.5495145916938782,0.2348044067621231
YGL006W,YGL023C,1,2.7725449,0.19497936964035034,0.5504854321479797,0.2348044067621231
YGR121C,YLR081W,0,2.771956,0.19491234421730042,0.5504854321479797,0.2349047213792801
YML078W,YOR005C,0,2.771493,0.19484536349773407,0.5504854321479797,0.23500502109527588
YMR280C,YNL093W,0,2.7712557,0.1947784274816513,0.5504854321479797,0.23510532081127167
YKL163W,YJL047C,0,2.7708879,0.19471153616905212,0.5504854321479797,0.23520562052726746
YAR003W,YJR088C,0,2.7705379,0.19464468955993652,0.5504854321479797,0.23530592024326324
YKL008C,YKL120W,0,2.7701037,0.1945779025554657,0.5504854321479797,0.23540621995925903
YBL050W,YOL091W,0,2.7700522,0.19451114535331726,0.5504854321479797,0.23550651967525482
YMR134W,YNL197C,0,2.769685,0.1944444477558136,0.5504854321479797,0.2356068193912506
YDR307W,YNL254C,0,2.7692266,0.19437777996063232,0.5504854321479797,0.2357071191072464
YBL050W,YIL129C,0,2.7690704,0.19431117177009583,0.5504854321479797,0.2358074188232422
YDR003W,YLR001C,1,2.768389,0.19458718597888947,0.5514563322067261,0.2358074188232422
YLR240W,YJR001W,1,2.7680573,0.19486300647258759,0.5524271726608276,0.2358074188232422
YLL023C,YJR125C,0,2.7680433,0.19479630887508392,0.5524271726608276,0.23590771853923798
YBR203W,YDR119W,0,2.7678728,0.19472964107990265,0.5524271726608276,0.23600801825523376
YGL254W,YLL052C,0,2.7673726,0.19466301798820496,0.5524271726608276,0.23610831797122955
YCR044C,YDL211C,1,2.7669346,0.19493843615055084,0.553398072719574,0.23610831797122955
YIL088C,YDL210W,1,2.766303,0.1952136754989624,0.5543689131736755,0.23610831797122955
YBR228W,YNL116W,0,2.7662597,0.19514696300029755,0.5543689131736755,0.23620863258838654
YIL066C,YDR027C,0,2.7657318,0.19508028030395508,0.5543689131736755,0.23630893230438232
YKR067W,YJL160C,0,2.7656827,0.19501365721225739,0.5543689131736755,0.2364092320203781
YHR216W,YGL131C,0,2.7654858,0.19494707882404327,0.5543689131736755,0.2365095317363739
YGR140W,YIL129C,0,2.764607,0.19488054513931274,0.5543689131736755,0.2366098314523697
YCR033W,YML001W,0,2.7640738,0.1948140561580658,0.5543689131736755,0.23671013116836548
YOR284W,YBR079C,0,2.7639205,0.19474761188030243,0.5543689131736755,0.23681043088436127
YJL177W,YLR089C,0,2.7638936,0.19468121230602264,0.5543689131736755,0.23691073060035706
YPR025C,YER122C,0,2.7627904,0.19461485743522644,0.5543689131736755,0.23701103031635284
YMR280C,YMR068W,0,2.762195,0.19454854726791382,0.5543689131736755,0.23711133003234863
YOL016C,YBL100W-A,0,2.7618623,0.19448228180408478,0.5543689131736755,0.23721162974834442
YPL005W,YHR203C,0,2.7615328,0.1944160759449005,0.5543689131736755,0.2373119294643402
YDR016C,YDR123C,0,2.7614954,0.19434989988803864,0.5543689131736755,0.2374122440814972
YMR202W,YOL130W,0,2.7610252,0.19428376853466034,0.5543689131736755,0.23751254379749298
YPL230W,YIR010W,0,2.7607145,0.19421768188476562,0.5543689131736755,0.23761284351348877
YDL181W,YML038C,0,2.760645,0.19415165483951569,0.5543689131736755,0.23771314322948456
YDL132W,YJL210W,0,2.7601364,0.19408565759658813,0.5543689131736755,0.23781344294548035
YPL024W,YNL009W,0,2.7600641,0.19401970505714417,0.5543689131736755,0.23791374266147614
YJL137C,YAR003W,0,2.7596703,0.19395379722118378,0.5543689131736755,0.23801404237747192
YKL065C,YNL265C,0,2.759577,0.19388794898986816,0.5543689131736755,0.2381143420934677
YNL329C,YAL009W,0,2.7591212,0.19382213056087494,0.5543689131736755,0.2382146418094635
YDR519W,YGR240C,0,2.7587962,0.1937563568353653,0.5543689131736755,0.2383149415254593
YFR019W,YPL006W,1,2.7587445,0.19402985274791718,0.5553398132324219,0.2383149415254593
YJR040W,YIL067C,1,2.7587147,0.19430315494537354,0.5563106536865234,0.2383149415254593
YER119C,YEL011W,0,2.7583969,0.19423729181289673,0.5563106536865234,0.23841524124145508
YDL049C,YNL099C,0,2.7583385,0.1941714733839035,0.5563106536865234,0.23851554095745087
YDR221W,YOR022C,0,2.7582839,0.19410568475723267,0.5563106536865234,0.23861584067344666
YGR038W,YDL064W,0,2.7579367,0.1940399557352066,0.5563106536865234,0.23871615529060364
YBR084C-A,YFL050C,0,2.75733,0.19397427141666412,0.5563106536865234,0.23881645500659943
YGR166W,YMR305C,0,2.7571144,0.19390863180160522,0.5563106536865234,0.23891675472259521
YOL039W,YBR161W,0,2.756945,0.1938430368900299,0.5563106536865234,0.239017054438591
YOR339C,YGL055W,0,2.756606,0.19377747178077698,0.5563106536865234,0.2391173541545868
YIL031W,YER001W,0,2.7565084,0.19371196627616882,0.5563106536865234,0.23921765387058258
YDL122W,YPL066W,0,2.7564578,0.19364650547504425,0.5563106536865234,0.23931795358657837
YHL007C,YGL179C,0,2.7562256,0.19358107447624207,0.5563106536865234,0.23941825330257416
YIL121W,YNL275W,0,2.7557697,0.19351570308208466,0.5563106536865234,0.23951855301856995
YLR225C,YIL015W,0,2.7556617,0.19345037639141083,0.5563106536865234,0.23961885273456573
YLR064W,YCL030C,0,2.7555442,0.1933850795030594,0.5563106536865234,0.23971915245056152
YGL234W,YGL133W,0,2.7555223,0.19331984221935272,0.5563106536865234,0.2398194521665573
YBR014C,YBR131W,1,2.755448,0.19359190762043,0.5572815537452698,0.2398194521665573
YJR137C,YMR060C,0,2.754234,0.19352664053440094,0.5572815537452698,0.2399197518825531
YDR210W,YPL086C,0,2.7539682,0.19346140325069427,0.5572815537452698,0.24002006649971008
YHR107C,YML001W,0,2.7539668,0.19339622557163239,0.5572815537452698,0.24012036621570587
YJL010C,YPL045W,0,2.753919,0.19333109259605408,0.5572815537452698,0.24022066593170166
YLR034C,YOR247W,1,2.7537642,0.19360269606113434,0.5582524538040161,0.24022066593170166
YCL026C-A,YMR024W,0,2.753011,0.19353753328323364,0.5582524538040161,0.24032096564769745
YDR143C,YJR093C,0,2.7527492,0.19347241520881653,0.5582524538040161,0.24042126536369324
YHR107C,YDR293C,0,2.75261,0.1934073269367218,0.5582524538040161,0.24052156507968903
YDR006C,YJR077C,0,2.7525637,0.19334229826927185,0.5582524538040161,0.24062186479568481
YCR088W,YML046W,0,2.751893,0.19327731430530548,0.5582524538040161,0.2407221645116806
YNL315C,YGL125W,0,2.7514853,0.1932123601436615,0.5582524538040161,0.2408224642276764
YPL227C,YDL168W,0,2.7514553,0.1931474655866623,0.5582524538040161,0.24092276394367218
YBR073W,YMR060C,0,2.7514224,0.19308260083198547,0.5582524538040161,0.24102306365966797
YHR091C,YER004W,0,2.7513473,0.19301779568195343,0.5582524538040161,0.24112336337566376
YOR293W,YDR307W,0,2.7508411,0.19295302033424377,0.5582524538040161,0.24122367799282074
YHR115C,YPR201W,0,2.7508347,0.1928882896900177,0.5582524538040161,0.24132397770881653
YLL024C,YGL095C,1,2.750607,0.19315895438194275,0.5592232942581177,0.24132397770881653
YHR216W,YDR348C,0,2.750543,0.1930941939353943,0.5592232942581177,0.24142427742481232
YOR100C,YNL197C,0,2.7503152,0.1930294930934906,0.5592232942581177,0.2415245771408081
YIL040W,YMR231W,0,2.7500262,0.1929648220539093,0.5592232942581177,0.2416248768568039
YGR192C,YGL124C,0,2.7499135,0.19290019571781158,0.5592232942581177,0.24172517657279968
YJL207C,YOR190W,0,2.7499,0.19283561408519745,0.5592232942581177,0.24182547628879547
YML029W,YJL050W,0,2.7492106,0.1927710771560669,0.5592232942581177,0.24192577600479126
YAL014C,YMR154C,0,2.7485914,0.19270658493041992,0.5592232942581177,0.24202607572078705
YBL102W,YLR002C,0,2.7485824,0.19264213740825653,0.5592232942581177,0.24212637543678284
YKL184W,YGR098C,0,2.748518,0.19257773458957672,0.5592232942581177,0.24222667515277863
YGR133W,YDR302W,0,2.748053,0.1925133615732193,0.5592232942581177,0.24232697486877441
YKL152C,YLR095C,0,2.747836,0.19244904816150665,0.5592232942581177,0.2424272745847702
YML131W,YJR093C,0,2.7475467,0.1923847645521164,0.5592232942581177,0.24252758920192719
YGL001C,YBR221C,0,2.7475324,0.1923205405473709,0.5592232942581177,0.24262788891792297
YOR229W,YKR039W,0,2.746965,0.19225634634494781,0.5592232942581177,0.24272818863391876
YLR148W,YJR019C,0,2.7469573,0.1921921968460083,0.5592232942581177,0.24282848834991455
YEL046C,YJL074C,0,2.7467465,0.19212809205055237,0.5592232942581177,0.24292878806591034
YKL049C,YBR200W,0,2.7459579,0.19206401705741882,0.5592232942581177,0.24302908778190613
YGL013C,YJL091C,0,2.7451215,0.19200000166893005,0.5592232942581177,0.24312938749790192
YLR138W,YHR178W,0,2.7445443,0.19193601608276367,0.5592232942581177,0.2432296872138977
YCR067C,YGL008C,0,2.7434008,0.19187209010124207,0.5592232942581177,0.2433299869298935
YKR086W,YJR044C,0,2.7433836,0.19180819392204285,0.5592232942581177,0.24343028664588928
YMR297W,YML121W,1,2.743383,0.19207723438739777,0.560194194316864,0.24343028664588928
YLR272C,YJR125C,0,2.743361,0.19201330840587616,0.560194194316864,0.24353058636188507
YNL067W,YDL044C,0,2.742332,0.19194942712783813,0.560194194316864,0.24363088607788086
YOR256C,YGR041W,0,2.7423265,0.19188560545444489,0.560194194316864,0.24373120069503784
YGL065C,YIL110W,0,2.741951,0.19182181358337402,0.560194194316864,0.24383150041103363
YDR202C,YDL168W,0,2.7417827,0.19175806641578674,0.560194194316864,0.24393180012702942
YDL123W,YJR033C,1,2.741467,0.19202658534049988,0.5611650347709656,0.24393180012702942
YHR200W,YJL020C,0,2.7412252,0.1919628083705902,0.5611650347709656,0.2440320998430252
YOR095C,YPL003W,0,2.7403517,0.19189907610416412,0.5611650347709656,0.244132399559021
YOR095C,YMR068W,0,2.7398474,0.19183537364006042,0.5611650347709656,0.24423269927501678
YHR016C,YER122C,0,2.7395701,0.1917717307806015,0.5611650347709656,0.24433299899101257
YML131W,YNL106C,0,2.7394269,0.19170813262462616,0.5611650347709656,0.24443329870700836
YBR203W,YOL001W,0,2.7390337,0.1916445642709732,0.5611650347709656,0.24453359842300415
YPR145W,YOR307C,0,2.7387657,0.19158104062080383,0.5611650347709656,0.24463389813899994
YIL015W,YNL225C,0,2.738535,0.19151756167411804,0.5611650347709656,0.24473419785499573
YGR209C,YMR068W,1,2.7384434,0.19178536534309387,0.5621359348297119,0.24473419785499573
YMR197C,YOL049W,0,2.7379322,0.1917218565940857,0.5621359348297119,0.24483449757099152
YMR266W,YPR075C,0,2.7378159,0.1916583925485611,0.5621359348297119,0.2449347972869873
YDR322C-A,YKL211C,0,2.7372265,0.19159497320652008,0.5621359348297119,0.2450351119041443
YOL097C,YDR155C,0,2.736586,0.19153159856796265,0.5621359348297119,0.24513541162014008
YHR050W,YEL013W,1,2.7361312,0.19179894030094147,0.5631067752838135,0.24513541162014008
YOL001W,YJR125C,0,2.7359824,0.19173553586006165,0.5631067752838135,0.24523571133613586
YJR113C,YIL040W,0,2.7359817,0.1916721761226654,0.5631067752838135,0.24533601105213165
YNL316C,YDR085C,0,2.7358472,0.19160886108875275,0.5631067752838135,0.24543631076812744
YCR042C,YOR368W,0,2.7353656,0.19154557585716248,0.5631067752838135,0.24553661048412323
YCL033C,YAL042W,0,2.735138,0.1914823353290558,0.5631067752838135,0.24563691020011902
YGL100W,YNL154C,0,2.734713,0.19141913950443268,0.5631067752838135,0.2457372099161148
YDR302W,YNL224C,0,2.7340837,0.19135598838329315,0.5631067752838135,0.2458375096321106
YDL004W,YOR339C,0,2.734055,0.1912928819656372,0.5631067752838135,0.24593780934810638
YIR035C,YLR319C,0,2.7337234,0.19122980535030365,0.5631067752838135,0.24603810906410217
YER021W,YGL133W,0,2.733345,0.19116677343845367,0.5631067752838135,0.24613840878009796
YGR132C,YEL003W,0,2.732688,0.19110378623008728,0.5631067752838135,0.24623872339725494
YDL128W,YBR187W,1,2.732407,0.19137021899223328,0.5640776753425598,0.24623872339725494
YJR090C,YNL257C,0,2.731787,0.1913072168827057,0.5640776753425598,0.24633902311325073
YLR034C,YOL013C,0,2.7314782,0.1912442445755005,0.5640776753425598,0.24643932282924652
YGR183C,YMR052W,0,2.7311754,0.19118131697177887,0.5640776753425598,0.2465396225452423
YPL227C,YIL050W,0,2.7305896,0.19111841917037964,0.5640776753425598,0.2466399222612381
YAL061W,YBL003C,0,2.7303958,0.19105558097362518,0.5640776753425598,0.2467402219772339
YPL032C,YOR178C,0,2.7299314,0.19099277257919312,0.5640776753425598,0.24684052169322968
YCR068W,YGL245W,0,2.7299144,0.19093000888824463,0.5640776753425598,0.24694082140922546
YLR144C,YKL152C,0,2.729902,0.19086727499961853,0.5640776753425598,0.24704112112522125
YBR106W,YKR065C,0,2.7297802,0.1908046007156372,0.5640776753425598,0.24714142084121704
YPL032C,YAR071W,0,2.729278,0.19074195623397827,0.5640776753425598,0.24724172055721283
YLR408C,YDL191W,0,2.728963,0.19067935645580292,0.5640776753425598,0.24734202027320862
YHR098C,YJL111W,0,2.728887,0.19061680138111115,0.5640776753425598,0.2474423199892044
YGL011C,YOL113W,0,2.7288115,0.19055427610874176,0.5640776753425598,0.2475426346063614
YLR299W,YMR171C,1,2.72688,0.1908196657896042,0.5650485157966614,0.2475426346063614
YKL211C,YDR484W,0,2.7267804,0.1907571256160736,0.5650485157966614,0.24764293432235718
YHR188C,YOR003W,0,2.72678,0.1906946301460266,0.5650485157966614,0.24774323403835297
YOR298C-A,YOR022C,0,2.7266045,0.190632164478302,0.5650485157966614,0.24784353375434875
YEL063C,YDR408C,0,2.7264662,0.19056974351406097,0.5650485157966614,0.24794383347034454
YOL119C,YKR025W,0,2.726334,0.19050736725330353,0.5650485157966614,0.24804413318634033
YPL084W,YOL044W,0,2.7262182,0.19044502079486847,0.5650485157966614,0.24814443290233612
YLR297W,YAR014C,0,2.7261982,0.19038273394107819,0.5650485157966614,0.2482447326183319
YJL115W,YOR205C,0,2.7260253,0.1903204768896103,0.5650485157966614,0.2483450323343277
YGR157W,YNR023W,0,2.7255368,0.19025824964046478,0.5650485157966614,0.2484453320503235
YDR348C,YLR372W,0,2.7243412,0.19019608199596405,0.5650485157966614,0.24854563176631927
YJL074C,YAR066W,0,2.723215,0.1901339441537857,0.5650485157966614,0.24864593148231506
YDR506C,YMR291W,0,2.722874,0.19007185101509094,0.5650485157966614,0.24874624609947205
YDR385W,YCR027C,0,2.721843,0.19000978767871857,0.5650485157966614,0.24884654581546783
YOL122C,YGL124C,1,2.7213955,0.19027414917945862,0.5660194158554077,0.24884654581546783
YOR270C,YKL146W,1,2.721264,0.19053833186626434,0.566990315914154,0.24884654581546783
YOL027C,YKR003W,0,2.7212434,0.190476194024086,0.566990315914154,0.24894684553146362
YGL133W,YNL030W,0,2.7210276,0.19041408598423004,0.566990315914154,0.2490471452474594
YJR105W,YLL023C,0,2.7207694,0.19035202264785767,0.566990315914154,0.2491474449634552
YOL089C,YPL230W,0,2.7205992,0.19029000401496887,0.566990315914154,0.249247744679451
YPR121W,YNR075W,0,2.7205787,0.19022801518440247,0.566990315914154,0.24934804439544678
YCL019W,YIL157C,0,2.719874,0.19016607105731964,0.566990315914154,0.24944834411144257
YOR007C,YDR540C,0,2.7197351,0.1901041716337204,0.566990315914154,0.24954864382743835
YBR152W,YOR344C,0,2.7196846,0.19004230201244354,0.566990315914154,0.24964894354343414
YPR201W,YLR256W,0,2.7195678,0.18998047709465027,0.566990315914154,0.24974924325942993
YPL053C,YDR316W,0,2.7192616,0.18991869688034058,0.566990315914154,0.24984954297542572
YBR293W,YER119C,1,2.7192245,0.19018206000328064,0.5679611563682556,0.24984954297542572
YGL250W,YBL100W-A,0,2.719224,0.19012024998664856,0.5679611563682556,0.2499498426914215
YBR132C,YPR023C,0,2.719126,0.19005848467350006,0.5679611563682556,0.2500501573085785
YJL012C,YMR068W,1,2.718894,0.19032153487205505,0.568932056427002,0.2500501573085785
YOR247W,YLL051C,1,2.7188492,0.19058442115783691,0.5699028968811035,0.2500501573085785
YPL268W,YFL016C,0,2.7188315,0.19052255153656006,0.5699028968811035,0.2501504421234131
YGL002W,YGL011C,0,2.7186122,0.19046074151992798,0.5699028968811035,0.25025075674057007
YLR034C,YKL146W,1,2.7185974,0.19072331488132477,0.5708737969398499,0.25025075674057007
YIL023C,YOL017W,0,2.7178473,0.1906614750623703,0.5708737969398499,0.25035104155540466
YFL018C,YLR226W,0,2.7174788,0.19059967994689941,0.5708737969398499,0.25045135617256165
YOR371C,YKR042W,0,2.7173562,0.19053791463375092,0.5708737969398499,0.25055164098739624
YKR013W,YDL010W,1,2.7169013,0.19080013036727905,0.5718446373939514,0.25055164098739624
YDR394W,YLR216C,0,2.7166648,0.19073833525180817,0.5718446373939514,0.2506519556045532
YDR105C,YLR386W,1,2.7161427,0.1910003274679184,0.5728155374526978,0.2506519556045532
YIL103W,YGL181W,0,2.716086,0.19093851745128632,0.5728155374526978,0.2507522702217102
YLR174W,YDR206W,0,2.7158606,0.19087673723697662,0.5728155374526978,0.2508525550365448
YML019W,YPL124W,0,2.7155015,0.1908150017261505,0.5728155374526978,0.2509528696537018
YPL088W,YPR058W,0,2.714796,0.19075331091880798,0.5728155374526978,0.2510531544685364
YFL050C,YMR309C,0,2.7144084,0.19069166481494904,0.5728155374526978,0.25115346908569336
YNL315C,YLL032C,0,2.7139573,0.19063004851341248,0.5728155374526978,0.25125375390052795
YBR077C,YOR298C-A,0,2.7138133,0.1905684769153595,0.5728155374526978,0.25135406851768494
YNR054C,YEL060C,0,2.7136426,0.1905069351196289,0.5728155374526978,0.25145435333251953
YDR477W,YPL221W,1,2.7135324,0.19076824188232422,0.5737864375114441,0.25145435333251953
YNL088W,YDR522C,0,2.713149,0.19070668518543243,0.5737864375114441,0.2515546679496765
YGR087C,YCR089W,0,2.7117543,0.19064515829086304,0.5737864375114441,0.2516549527645111
YPL164C,YEL042W,0,2.7114282,0.19058367609977722,0.5737864375114441,0.2517552673816681
YDR477W,YEL064C,1,2.7112436,0.1908446103334427,0.5747572779655457,0.2517552673816681
YFR009W,YGL008C,0,2.7109668,0.19078311324119568,0.5747572779655457,0.2518555521965027
YMR202W,YMR121C,0,2.710707,0.19072164595127106,0.5747572779655457,0.25195586681365967
YGR257C,YDR214W,0,2.7106125,0.19066022336483002,0.5747572779655457,0.25205618143081665
YPL032C,YOR003W,0,2.7105117,0.19059884548187256,0.5747572779655457,0.25215646624565125
YJR099W,YER065C,0,2.7104692,0.1905374974012375,0.5747572779655457,0.2522567808628082
YDR338C,YNL134C,0,2.710019,0.190476194024086,0.5747572779655457,0.2523570656776428
YEL004W,YDL122W,0,2.7098343,0.1904149204492569,0.5747572779655457,0.2524573802947998
YNR023W,YNL256W,0,2.7097673,0.19035369157791138,0.5747572779655457,0.2525576651096344
YML069W,YDR084C,0,2.7093353,0.19029250741004944,0.5747572779655457,0.2526579797267914
YER119C,YFR055W,0,2.7089343,0.19023136794567108,0.5747572779655457,0.252758264541626
YOR361C,YBR019C,0,2.7083347,0.1901702582836151,0.5747572779655457,0.25285857915878296
YHR124W,YOR133W,0,2.7079873,0.19010917842388153,0.5747572779655457,0.25295886397361755
YBR039W,YKR046C,0,2.7077966,0.19004815816879272,0.5747572779655457,0.25305917859077454
YOR247W,YJL059W,1,2.7068121,0.1903080940246582,0.575728178024292,0.25305917859077454
YJL012C,YBR161W,1,2.7051444,0.19056785106658936,0.5766990184783936,0.25305917859077454
YMR164C,YJR077C,0,2.705014,0.1905067414045334,0.5766990184783936,0.2531594932079315
YER006W,YJL118W,0,2.7046137,0.1904456615447998,0.5766990184783936,0.2532597780227661
YIR028W,YBR004C,0,2.7045565,0.1903846114873886,0.5766990184783936,0.2533600926399231
YPL190C,YDL222C,0,2.7042184,0.1903236210346222,0.5766990184783936,0.2534603774547577
YFR042W,YJR088C,0,2.7034247,0.19026264548301697,0.5766990184783936,0.2535606920719147
YEL060C,YOR288C,1,2.7027965,0.1905219405889511,0.5776699185371399,0.2535606920719147
YNL177C,YNL152W,0,2.7027373,0.1904609501361847,0.5776699185371399,0.25366097688674927
YJL051W,YKR001C,0,2.7012744,0.19040000438690186,0.5776699185371399,0.25376129150390625
YOR128C,YHR104W,0,2.7009618,0.1903390884399414,0.5776699185371399,0.25386157631874084
YGL017W,YLR362W,0,2.700409,0.19027821719646454,0.5776699185371399,0.2539618909358978
YJL151C,YDR162C,0,2.699963,0.19021739065647125,0.5776699185371399,0.2540621757507324
YOR256C,YER172C,0,2.6997974,0.19015659391880035,0.5776699185371399,0.2541624903678894
YOR288C,YKR039W,1,2.6992826,0.19041533768177032,0.5786407589912415,0.2541624903678894
YGL134W,YLR117C,0,2.6982675,0.19035452604293823,0.5786407589912415,0.254262775182724
YAL009W,YIR008C,0,2.6969504,0.19029374420642853,0.5786407589912415,0.254363089799881
YIL158W,YDR001C,0,2.6964662,0.1902330070734024,0.5786407589912415,0.25446340441703796
YDR322C-A,YOR214C,0,2.6963503,0.19017229974269867,0.5786407589912415,0.25456368923187256
YFR009W,YOR100C,0,2.6951325,0.19011163711547852,0.5786407589912415,0.25466400384902954
YML029W,YDR258C,0,2.6941814,0.19005101919174194,0.5786407589912415,0.25476428866386414
YGL022W,YLR362W,0,2.694162,0.18999043107032776,0.5786407589912415,0.2548646032810211
YDR394W,YMR162C,0,2.6940293,0.18992988765239716,0.5786407589912415,0.2549648880958557
YDR284C,YOR273C,1,2.6938396,0.1901879608631134,0.5796116590499878,0.2549648880958557
YJR090C,YGR087C,0,2.6932511,0.1901273876428604,0.5796116590499878,0.2550652027130127
YDR073W,YNL047C,0,2.6930525,0.190066859126091,0.5796116590499878,0.2551654875278473
YKL188C,YBR126C,0,2.6926627,0.19000636041164398,0.5796116590499878,0.2552658021450043
YBR280C,YPL088W,0,2.6926599,0.18994590640068054,0.5796116590499878,0.25536608695983887
YDL103C,YMR309C,0,2.692309,0.18988549709320068,0.5796116590499878,0.25546640157699585
YMR047C,YGL065C,0,2.691902,0.1898251175880432,0.5796116590499878,0.25556668639183044
YMR024W,YIL073C,0,2.6915913,0.18976478278636932,0.5796116590499878,0.2556670010089874
YER021W,YER122C,0,2.6901803,0.18970447778701782,0.5796116590499878,0.2557673156261444
YDR293C,YFR004W,0,2.6901455,0.1896442174911499,0.5796116590499878,0.255867600440979
YDR346C,YPL170W,0,2.68925,0.18958400189876556,0.5796116590499878,0.255967915058136
YPL211W,YAR066W,0,2.6886122,0.1895238161087036,0.5796116590499878,0.2560681998729706
YDL004W,YDR017C,0,2.6884408,0.18946366012096405,0.5796116590499878,0.25616851449012756
YDR267C,YDL104C,0,2.6882484,0.18940354883670807,0.5796116590499878,0.25626879930496216
YMR159C,YOL138C,1,2.687302,0.18966063857078552,0.5805824995040894,0.25626879930496216
YOL091W,YBR204C,0,2.6860933,0.18960051238536835,0.5805824995040894,0.25636911392211914
YJR113C,YKR025W,0,2.6860175,0.18954041600227356,0.5805824995040894,0.25646939873695374
YEL020C,YOL044W,0,2.6853514,0.18948034942150116,0.5805824995040894,0.2565697133541107
YOL013C,YOL119C,0,2.684684,0.18942034244537354,0.5805824995040894,0.2566699981689453
YGR108W,YPL029W,0,2.6839259,0.1893603503704071,0.5805824995040894,0.2567703127861023
YGL002W,YGR013W,0,2.6837769,0.18930041790008545,0.5805824995040894,0.2568705976009369
YJR019C,YLR399C,0,2.6829867,0.189240500330925,0.5805824995040894,0.25697091221809387
YNR012W,YGL125W,0,2.6815796,0.1891806423664093,0.5805824995040894,0.25707122683525085
YFR042W,YGR172C,0,2.6814961,0.189120814204216,0.5805824995040894,0.25717151165008545
YHR187W,YDR307W,0,2.681448,0.1890610158443451,0.5805824995040894,0.25727182626724243
YBR077C,YJR138W,1,2.6813092,0.18931731581687927,0.5815533995628357,0.25727182626724243
YNL115C,YAL002W,1,2.6810732,0.1895734667778015,0.582524299621582,0.25727182626724243
YOL060C,YPR079W,0,2.6810431,0.18951357901096344,0.582524299621582,0.257372111082077
YIR007W,YDL049C,0,2.6810324,0.18945373594760895,0.582524299621582,0.257472425699234
YDR307W,YPR009W,0,2.680932,0.18939393758773804,0.582524299621582,0.2575727105140686
YMR092C,YHR083W,0,2.6805105,0.18933416903018951,0.582524299621582,0.2576730251312256
YBR235W,YNL209W,0,2.6798086,0.18927444517612457,0.582524299621582,0.2577733099460602
YMR077C,YBR286W,1,2.6797,0.1895301192998886,0.5834951400756836,0.2577733099460602
YJL100W,YLR256W,0,2.6793785,0.18947036564350128,0.5834951400756836,0.25787362456321716
YPR181C,YJR129C,0,2.6793537,0.18941065669059753,0.5834951400756836,0.25797390937805176
YAL032C,YDR171W,0,2.6775818,0.18935097754001617,0.5834951400756836,0.25807422399520874
YHR183W,YJR077C,0,2.67717,0.1892913430929184,0.5834951400756836,0.25817450881004333
YNR054C,YOR035C,0,2.675569,0.189231738448143,0.5834951400756836,0.2582748234272003
YOL016C,YNL009W,0,2.6755536,0.1891721785068512,0.5834951400756836,0.2583751380443573
YGR068C,YGL032C,0,2.6744804,0.18911264836788177,0.5834951400756836,0.2584754228591919
YBR161W,YOL068C,0,2.67423,0.18905316293239594,0.5834951400756836,0.2585757374763489
YDR202C,YHR102W,0,2.6740818,0.18899370729923248,0.5834951400756836,0.25867602229118347
YOR298C-A,YBR244W,0,2.6738372,0.1889342963695526,0.5834951400756836,0.25877633690834045
YJL063C,YPL016W,0,2.6729946,0.18887491524219513,0.5834951400756836,0.25887662172317505
YGL125W,YDR484W,0,2.6728663,0.18881557881832123,0.5834951400756836,0.25897693634033203
YGL207W,YOR005C,0,2.6728544,0.1887562870979309,0.5834951400756836,0.2590772211551666
YBR290W,YBR235W,0,2.6726649,0.18869701027870178,0.5834951400756836,0.2591775357723236
YFL016C,YML123C,0,2.6725426,0.18863779306411743,0.5834951400756836,0.2592778205871582
YER141W,YMR067C,0,2.6724653,0.18857860565185547,0.5834951400756836,0.2593781352043152
YOR128C,YLL028W,0,2.6724246,0.1885194480419159,0.5834951400756836,0.25947844982147217
YCR089W,YLR066W,0,2.6724167,0.1884603351354599,0.5834951400756836,0.25957873463630676
YOR173W,YLR274W,0,2.6724107,0.1884012520313263,0.5834951400756836,0.25967904925346375
YNL209W,YJL207C,0,2.6719398,0.18834221363067627,0.5834951400756836,0.25977933406829834
YMR190C,YIR008C,0,2.6718597,0.18828320503234863,0.5834951400756836,0.2598796486854553
YLR274W,YJL159W,0,2.6716895,0.18822424113750458,0.5834951400756836,0.2599799335002899
YMR280C,YDL236W,0,2.6712577,0.1881653070449829,0.5834951400756836,0.2600802481174469
YLL032C,YKL157W,0,2.671029,0.18810641765594482,0.5834951400756836,0.2601805329322815
YMR202W,YER166W,0,2.6701589,0.18804755806922913,0.5834951400756836,0.2602808475494385
YGL250W,YHR178W,0,2.6701283,0.187988743185997,0.5834951400756836,0.26038113236427307
YMR293C,YIL016W,0,2.6690984,0.18792995810508728,0.5834951400756836,0.26048144698143005
YLR210W,YLL015W,0,2.66893,0.18787120282649994,0.5834951400756836,0.26058173179626465
YDR073W,YKL046C,0,2.6686778,0.18781250715255737,0.5834951400756836,0.26068204641342163
YBR073W,YML026C,0,2.6683378,0.187753826379776,0.5834951400756836,0.2607823610305786
YNL088W,YGL121C,0,2.667515,0.1876951903104782,0.5834951400756836,0.2608826458454132
YLR070C,YML007W,0,2.6674,0.1876365840435028,0.5834951400756836,0.2609829604625702
YPL242C,YDR354W,0,2.6670957,0.187578022480011,0.5834951400756836,0.2610832452774048
YOL097C,YAL009W,0,2.6663835,0.18751950562000275,0.5834951400756836,0.26118355989456177
YMR197C,YJL099W,0,2.666,0.1874610036611557,0.5834951400756836,0.26128384470939636
YBR298C,YNL099C,0,2.665131,0.18740256130695343,0.5834951400756836,0.26138415932655334
YIL117C,YNL037C,0,2.66507,0.18734413385391235,0.5834951400756836,0.26148444414138794
YPL237W,YJR152W,0,2.664884,0.18728576600551605,0.5834951400756836,0.2615847587585449
YDR119W,YFR021W,1,2.66476,0.18753893673419952,0.5844660401344299,0.2615847587585449
YKL208W,YLL054C,0,2.6644316,0.18748053908348083,0.5844660401344299,0.2616850435733795
YOL006C,YIL097W,0,2.6643672,0.18742217123508453,0.5844660401344299,0.2617853581905365
YHL009C,YBR004C,0,2.6642418,0.18736383318901062,0.5844660401344299,0.2618856430053711
YGR209C,YDR051C,0,2.664196,0.1873055398464203,0.5844660401344299,0.2619859576225281
YBL036C,YIL065C,0,2.6635566,0.18724727630615234,0.5844660401344299,0.26208627223968506
YIL041W,YIL067C,0,2.6635246,0.18718905746936798,0.5844660401344299,0.26218655705451965
YNL257C,YDR221W,0,2.6634665,0.187130868434906,0.5844660401344299,0.26228687167167664
YJR095W,YBR236C,0,2.662716,0.18707270920276642,0.5844660401344299,0.26238715648651123
YNL006W,YPL236C,1,2.6626372,0.18732525408267975,0.5854368805885315,0.26238715648651123
YFL055W,YDL207W,0,2.662603,0.18726707994937897,0.5854368805885315,0.2624874711036682
YBR133C,YLR155C,0,2.6624398,0.18720893561840057,0.5854368805885315,0.2625877559185028
YHR115C,YKL137W,0,2.6621327,0.18715083599090576,0.5854368805885315,0.2626880705356598
YGL121C,YEL047C,0,2.6616712,0.18709276616573334,0.5854368805885315,0.2627883553504944
YNL152W,YPR056W,0,2.661168,0.1870347410440445,0.5854368805885315,0.26288866996765137
YIL023C,YNL327W,0,2.660844,0.18697674572467804,0.5854368805885315,0.26298895478248596
YGL013C,YFL008W,0,2.6606438,0.18691878020763397,0.5854368805885315,0.26308926939964294
YGL255W,YHR091C,0,2.66059,0.1868608593940735,0.5854368805885315,0.26318955421447754
YBR073W,YCR024C-A,0,2.6605697,0.1868029683828354,0.5854368805885315,0.2632898688316345
YIL162W,YLR275W,0,2.6604977,0.18674512207508087,0.5854368805885315,0.2633901834487915
YHR018C,YDR480W,0,2.6588755,0.18668730556964874,0.5854368805885315,0.2634904682636261
YBL040C,YBR203W,0,2.6582336,0.1866295337677002,0.5854368805885315,0.2635907828807831
YOL119C,YBR221C,0,2.6579506,0.18657177686691284,0.5854368805885315,0.2636910676956177
YHR107C,YKL152C,0,2.6565118,0.18651407957077026,0.5854368805885315,0.26379138231277466
YHR003C,YGR240C,0,2.6553469,0.18645639717578888,0.5854368805885315,0.26389166712760925
YDR281C,YOR106W,1,2.6553137,0.18670788407325745,0.5864077806472778,0.26389166712760925
YLR178C,YNL326C,1,2.6548548,0.18695920705795288,0.5873786211013794,0.26389166712760925
YPR029C,YPR107C,0,2.6536791,0.18690145015716553,0.5873786211013794,0.26399198174476624
YML130C,YPL084W,0,2.6536443,0.18684373795986176,0.5873786211013794,0.26409226655960083
YDR194C,YJR044C,0,2.6533709,0.18678604066371918,0.5873786211013794,0.2641925811767578
YHR079C-A,YFL018C,0,2.6533546,0.18672838807106018,0.5873786211013794,0.2642928659915924
YPL162C,YOR197W,0,2.6532474,0.18667078018188477,0.5873786211013794,0.2643931806087494
YEL063C,YJR113C,0,2.6530843,0.18661320209503174,0.5873786211013794,0.26449349522590637
YIL162W,YDR147W,0,2.6525111,0.1865556538105011,0.5873786211013794,0.26459378004074097
YER004W,YPR033C,0,2.6510444,0.18649815022945404,0.5873786211013794,0.26469409465789795
YGL156W,YNL099C,0,2.6510403,0.18644067645072937,0.5873786211013794,0.26479437947273254
YPL088W,YOL089C,0,2.6507144,0.18638324737548828,0.5873786211013794,0.2648946940898895
YLR262C,YML026C,0,2.6504707,0.1863258332014084,0.5873786211013794,0.2649949789047241
YJL138C,YBR057C,0,2.6502352,0.18626847863197327,0.5873786211013794,0.2650952935218811
YDR452W,YPL029W,0,2.6484988,0.18621113896369934,0.5873786211013794,0.2651955783367157
YLR205C,YOR367W,0,2.6483526,0.186153843998909,0.5873786211013794,0.2652958929538727
YBR132C,YHR205W,1,2.6482236,0.18640418350696564,0.5883495211601257,0.2652958929538727
YBL042C,YOR368W,0,2.6479318,0.1863468587398529,0.5883495211601257,0.2653961777687073
YOR354C,YMR251W-A,0,2.647544,0.18628957867622375,0.5883495211601257,0.26549649238586426
YKL035W,YGR206W,0,2.646687,0.186232328414917,0.5883495211601257,0.26559677720069885
YDL002C,YBL102W,0,2.6465673,0.18617510795593262,0.5883495211601257,0.26569709181785583
YBL006C,YKL073W,0,2.6464794,0.18611793220043182,0.5883495211601257,0.2657974064350128
YJR113C,YDL165W,0,2.6463394,0.18606078624725342,0.5883495211601257,0.2658976912498474
YHR183W,YKR018C,0,2.6462798,0.1860036849975586,0.5883495211601257,0.2659980058670044
YKL025C,YBR215W,0,2.6462033,0.18594661355018616,0.5883495211601257,0.266098290681839
YGR249W,YNL058C,0,2.6460526,0.1858895719051361,0.5883495211601257,0.26619860529899597
YMR161W,YBR079C,0,2.6458592,0.18583256006240845,0.5883495211601257,0.26629889011383057
YHR215W,YOR247W,1,2.6455297,0.1860821545124054,0.5893203616142273,0.26629889011383057
YGL166W,YOL060C,0,2.6447692,0.18602512776851654,0.5893203616142273,0.26639920473098755
YMR202W,YBR004C,0,2.6447368,0.18596813082695007,0.5893203616142273,0.26649948954582214
YGR048W,YMR251W-A,0,2.6446497,0.1859111785888672,0.5893203616142273,0.2665998041629791
YJL042W,YFR044C,0,2.644033,0.1858542561531067,0.5893203616142273,0.2667000889778137
YIL015W,YEL003W,0,2.6431994,0.18579736351966858,0.5893203616142273,0.2668004035949707
YBR004C,YDR186C,0,2.6422327,0.18574051558971405,0.5893203616142273,0.2669006884098053
YNR023W,YER021W,0,2.6421072,0.1856836974620819,0.5893203616142273,0.2670010030269623
YER019W,YOR362C,0,2.6419082,0.18562690913677216,0.5893203616142273,0.26710131764411926
YNL015W,YHL008C,1,2.6416385,0.18587587773799896,0.5902912616729736,0.26710131764411926
YIL016W,YPL124W,0,2.6411657,0.18581907451152802,0.5902912616729736,0.26720160245895386
YJL151C,YNL256W,0,2.641101,0.18576230108737946,0.5902912616729736,0.26730191707611084
YHR050W,YBR290W,1,2.640153,0.18601100146770477,0.59126216173172,0.26730191707611084
YLR064W,YOL089C,0,2.6398358,0.18595419824123383,0.59126216173172,0.26740220189094543
YKR013W,YBR187W,1,2.639607,0.18620269000530243,0.5922330021858215,0.26740220189094543
YBR127C,YFL062W,1,2.638616,0.1864510178565979,0.5932039022445679,0.26740220189094543
YPL088W,YIR013C,0,2.6385374,0.18639414012432098,0.5932039022445679,0.2675025165081024
YBR018C,YDL165W,0,2.6374495,0.18633729219436646,0.5932039022445679,0.267602801322937
YGR254W,YBR139W,1,2.6365993,0.18658536672592163,0.5941747426986694,0.267602801322937
YBR057C,YPR065W,0,2.6364667,0.1865285038948059,0.5941747426986694,0.267703115940094
YHR072W,YJL100W,0,2.6362565,0.18647167086601257,0.5941747426986694,0.2678034007549286
YER011W,YOR284W,0,2.6356955,0.18641486763954163,0.5941747426986694,0.26790371537208557
YNR051C,YLR308W,0,2.6347473,0.18635809421539307,0.5941747426986694,0.26800400018692017
YMR113W,YNL134C,0,2.6346781,0.1863013654947281,0.5941747426986694,0.26810431480407715
YKL025C,YER048C,0,2.6344326,0.1862446814775467,0.5941747426986694,0.26820459961891174
YIL049W,YLR136C,0,2.634253,0.1861880123615265,0.5941747426986694,0.2683049142360687
YLR116W,YNL256W,0,2.633928,0.18613138794898987,0.5941747426986694,0.2684052288532257
YLR233C,YPL265W,0,2.6335077,0.18607479333877563,0.5941747426986694,0.2685055136680603
YML022W,YNR063W,0,2.6332989,0.18601824343204498,0.5941747426986694,0.2686058282852173
YNL169C,YPL057C,0,2.6330886,0.18596170842647552,0.5941747426986694,0.2687061131000519
YCR102C,YBR102C,0,2.6330528,0.18590521812438965,0.5941747426986694,0.26880642771720886
YHR113W,YML132W,1,2.6321614,0.18615244328975677,0.5951456427574158,0.26880642771720886
YDR202C,YKL222C,0,2.6317062,0.1860959380865097,0.5951456427574158,0.26890671253204346
YBR179C,YOR375C,0,2.6315157,0.18603944778442383,0.5951456427574158,0.26900702714920044
YER157W,YJL100W,0,2.6311426,0.18598301708698273,0.5951456427574158,0.26910731196403503
YDR020C,YGR132C,0,2.6310816,0.18592660129070282,0.5951456427574158,0.269207626581192
YKL188C,YER054C,0,2.630743,0.1858702301979065,0.5951456427574158,0.2693079113960266
YMR052W,YER183C,0,2.6302273,0.18581388890743256,0.5951456427574158,0.2694082260131836
YML046W,YEL071W,0,2.6301167,0.185757577419281,0.5951456427574158,0.2695085108280182
YOR234C,YBL002W,0,2.6293225,0.18570129573345184,0.5951456427574158,0.26960882544517517
YDL153C,YKR080W,0,2.628618,0.18564505875110626,0.5951456427574158,0.26970914006233215
YML025C,YGL077C,0,2.6277914,0.18558885157108307,0.5951456427574158,0.26980942487716675
YHL001W,YOL130W,0,2.6276674,0.18553268909454346,0.5951456427574158,0.26990973949432373
YOR033C,YGL121C,0,2.6274662,0.18547655642032623,0.5951456427574158,0.2700100243091583
YNL336W,YKL157W,0,2.6273298,0.1854204535484314,0.5951456427574158,0.2701103389263153
YEL064C,YLR396C,1,2.6272874,0.1856667697429657,0.5961164832115173,0.2701103389263153
YLR057W,YDR084C,0,2.6272523,0.18561063706874847,0.5961164832115173,0.2702106237411499
YLR332W,YLR340W,0,2.6269379,0.18555454909801483,0.5961164832115173,0.2703109383583069
YHR191C,YGR109C,0,2.626664,0.18549849092960358,0.5961164832115173,0.2704112231731415
YLR398C,YGL166W,0,2.6262922,0.1854424625635147,0.5961164832115173,0.27051153779029846
YJL204C,YOL113W,0,2.6261647,0.18538647890090942,0.5961164832115173,0.27061182260513306
YLR376C,YCR088W,0,2.6260674,0.18533051013946533,0.5961164832115173,0.27071213722229004
YDR338C,YPR033C,0,2.6259522,0.18527458608150482,0.5961164832115173,0.270812451839447
YJL123C,YPL246C,0,2.6258297,0.1852187067270279,0.5961164832115173,0.2709127366542816
YAR050W,YCL030C,0,2.6246371,0.18516284227371216,0.5961164832115173,0.2710130512714386
YCR102C,YDR538W,0,2.6239896,0.18510702252388,0.5961164832115173,0.2711133360862732
YBR290W,YGR209C,1,2.623969,0.185352623462677,0.5970873832702637,0.2711133360862732
YBR241C,YDR131C,1,2.623571,0.18559807538986206,0.5980582237243652,0.2711133360862732
YDL010W,YDR128W,1,2.6234245,0.18584337830543518,0.5990291237831116,0.2711133360862732
YGR257C,YDR363W,0,2.6231227,0.1857874095439911,0.5990291237831116,0.2712136507034302
YDL079C,YKR018C,0,2.622932,0.18573148548603058,0.5990291237831116,0.27131393551826477
YER123W,YFL004W,1,2.6224246,0.1859765201807022,0.6000000238418579,0.27131393551826477
YPL020C,YDR084C,0,2.6223152,0.1859205812215805,0.6000000238418579,0.27141425013542175
YGL130W,YHR043C,0,2.6222913,0.18586465716362,0.6000000238418579,0.27151453495025635
YIL040W,YJL002C,0,2.620634,0.18580877780914307,0.6000000238418579,0.27161484956741333
YJR086W,YIL114C,0,2.6195002,0.18575292825698853,0.6000000238418579,0.2717151343822479
YNL257C,YNL097C,0,2.6192715,0.18569710850715637,0.6000000238418579,0.2718154489994049
YLR077W,YGL234W,0,2.6190848,0.1856413334608078,0.6000000238418579,0.2719157338142395
YOL068C,YPL158C,0,2.6190412,0.18558558821678162,0.6000000238418579,0.2720160484313965
YLR132C,YGR240C,0,2.618792,0.18552987277507782,0.6000000238418579,0.27211636304855347
YNL090W,YJL207C,0,2.6181958,0.1854741871356964,0.6000000238418579,0.27221664786338806
YBR127C,YER166W,0,2.6171086,0.18541854619979858,0.6000000238418579,0.27231696248054504
YAR014C,YLR216C,0,2.6170912,0.18536292016506195,0.6000000238418579,0.27241724729537964
YER065C,YER054C,0,2.616363,0.1853073537349701,0.6000000238418579,0.2725175619125366
YPL005W,YLR256W,0,2.616044,0.18525180220603943,0.6000000238418579,0.2726178467273712
YGL029W,YER001W,0,2.6157782,0.18519628047943115,0.6000000238418579,0.2727181613445282
YKL222C,YIL050W,0,2.6156566,0.18514080345630646,0.6000000238418579,0.2728184461593628
YHL007C,YDR202C,0,2.6149998,0.18508535623550415,0.6000000238418579,0.2729187607765198
YEL013W,YML018C,1,2.6149004,0.1853293478488922,0.6009708642959595,0.2729187607765198
YLR148W,YJR066W,1,2.6144674,0.18557317554950714,0.6019417643547058,0.2729187607765198
YBR079C,YER169W,0,2.6141763,0.18551765382289886,0.6019417643547058,0.27301904559135437
YNL169C,YPL232W,0,2.6140904,0.18546216189861298,0.6019417643547058,0.27311936020851135
YDR016C,YLR298C,0,2.6140094,0.18540669977664948,0.6019417643547058,0.27321964502334595
YML131W,YOR077W,0,2.613852,0.18535126745700836,0.6019417643547058,0.27331995964050293
YPR183W,YML038C,0,2.6138427,0.18529587984085083,0.6019417643547058,0.2734202742576599
YNL053W,YPR023C,0,2.6134844,0.1852405071258545,0.6019417643547058,0.2735205590724945
YOR005C,YJL020C,0,2.6134171,0.18518517911434174,0.6019417643547058,0.2736208736896515
YHL033C,YKL148C,0,2.613372,0.18512989580631256,0.6019417643547058,0.2737211585044861
YPL236C,YCR083W,0,2.6128259,0.18507462739944458,0.6019417643547058,0.27382147312164307
YJL118W,YGR261C,0,2.6124287,0.18501940369606018,0.6019417643547058,0.27392175793647766
YPL265W,YOR295W,0,2.6123748,0.18496419489383698,0.6019417643547058,0.27402207255363464
YKR081C,YJR113C,0,2.6122675,0.18490903079509735,0.6019417643547058,0.27412235736846924
YER048C,YDL092W,0,2.6121151,0.1848539113998413,0.6019417643547058,0.2742226719856262
YNR061C,YML001W,1,2.6116643,0.185096874833107,0.6029126048088074,0.2742226719856262
YGR033C,YCR083W,0,2.6115048,0.18504171073436737,0.6029126048088074,0.2743229568004608
YER019W,YNL225C,0,2.6113515,0.18498659133911133,0.6029126048088074,0.2744232714176178
YHR121W,YNL030W,0,2.6112957,0.18493150174617767,0.6029126048088074,0.2745235562324524
YPL256C,YLR275W,0,2.6110084,0.1848764568567276,0.6029126048088074,0.2746238708496094
YPL255W,YMR154C,0,2.6106467,0.18482142686843872,0.6029126048088074,0.27472418546676636
YCL040W,YBR167C,0,2.6101537,0.18476644158363342,0.6029126048088074,0.27482447028160095
YPR104C,YNL265C,0,2.6086345,0.1847114861011505,0.6029126048088074,0.27492478489875793
YOL091W,YMR121C,0,2.6081781,0.18465656042099,0.6029126048088074,0.27502506971359253
YKL071W,YKL167C,0,2.6078224,0.18460166454315186,0.6029126048088074,0.2751253843307495
YFR019W,YLL015W,1,2.6075618,0.1848439872264862,0.6038835048675537,0.2751253843307495
YER054C,YOR202W,0,2.6075134,0.18478906154632568,0.6038835048675537,0.2752256691455841
YMR309C,YNL270C,0,2.6069303,0.18473418056964874,0.6038835048675537,0.2753259837627411
YCR017C,YJR088C,0,2.6060174,0.1846793293952942,0.6038835048675537,0.2754262685775757
YDL025C,YDR123C,0,2.6056423,0.18462452292442322,0.6038835048675537,0.27552658319473267
YPL012W,YJR125C,0,2.605626,0.18456973135471344,0.6038835048675537,0.27562686800956726
YPR033C,YDR264C,0,2.6054382,0.18451498448848724,0.6038835048675537,0.27572718262672424
YBR127C,YGR140W,0,2.6052299,0.18446026742458344,0.6038835048675537,0.2758274972438812
YHL007C,YKR001C,0,2.6048746,0.18440558016300201,0.6038835048675537,0.2759277820587158
YCR079W,YGL153W,0,2.6046345,0.18435092270374298,0.6038835048675537,0.2760280966758728
YDL010W,YBR057C,0,2.6038609,0.18429629504680634,0.6038835048675537,0.2761283814907074
YNL264C,YIL023C,0,2.603561,0.18424171209335327,0.6038835048675537,0.2762286961078644
YMR216C,YNL220W,0,2.6034794,0.1841871440410614,0.6038835048675537,0.276328980922699
YDL207W,YLR070C,0,2.6028597,0.1841326206922531,0.6038835048675537,0.27642929553985596
YLR057W,YOR010C,0,2.602599,0.1840781271457672,0.6038835048675537,0.27652958035469055
YOL110W,YGL065C,0,2.602481,0.1840236634016037,0.6038835048675537,0.27662989497184753
YOL122C,YLL015W,1,2.6022577,0.18426501750946045,0.6048543453216553,0.27662989497184753
YBL045C,YAL009W,0,2.6020818,0.18421052396297455,0.6048543453216553,0.27673017978668213
YMR266W,YGL032C,0,2.6016123,0.18415607511997223,0.6048543453216553,0.2768304944038391
YNL217W,YER119C,1,2.6009698,0.1843971610069275,0.6058252453804016,0.2768304944038391
YLR070C,YNL275W,0,2.6009007,0.18434268236160278,0.6058252453804016,0.2769307792186737
YOR202W,YBR244W,0,2.6003532,0.18428824841976166,0.6058252453804016,0.2770310938358307
YPR023C,YJL203W,0,2.6002083,0.18423382937908173,0.6058252453804016,0.27713140845298767
YIL131C,YNL241C,0,2.6001487,0.18417945504188538,0.6058252453804016,0.27723169326782227
YER054C,YIL015W,0,2.599904,0.1841251105070114,0.6058252453804016,0.27733200788497925
YDR017C,YLR178C,0,2.5996764,0.18407079577445984,0.6058252453804016,0.27743229269981384
YPR164W,YOR005C,0,2.5990334,0.18401651084423065,0.6058252453804016,0.2775326073169708
YPR104C,YBR179C,0,2.598378,0.18396227061748505,0.6058252453804016,0.2776328921318054
YLR423C,YOL049W,0,2.5981226,0.18390804529190063,0.6058252453804016,0.2777332067489624
YNL154C,YLR035C,0,2.5981178,0.1838538646697998,0.6058252453804016,0.277833491563797
YOL039W,YDR477W,0,2.597817,0.18379969894886017,0.6058252453804016,0.277933806180954
YDR182W,YKL152C,0,2.5974064,0.1837455779314041,0.6058252453804016,0.2780340909957886
YAL055W,YLR117C,0,2.597395,0.18369148671627045,0.6058252453804016,0.27813440561294556
YPL265W,YPL079W,0,2.5972724,0.18363744020462036,0.6058252453804016,0.27823469042778015
YBR234C,YOR033C,0,2.5969086,0.18358340859413147,0.6058252453804016,0.27833500504493713
YML126C,YGR132C,0,2.5961685,0.18352940678596497,0.6058252453804016,0.2784353196620941
YHR001W,YLR453C,0,2.595942,0.18347544968128204,0.6058252453804016,0.2785356044769287
YLR132C,YPL255W,0,2.595459,0.1834215223789215,0.6058252453804016,0.2786359190940857
YPL163C,YDR477W,1,2.5952299,0.18366147577762604,0.606796145439148,0.2786359190940857
YDL188C,YJL036W,0,2.5943546,0.18360751867294312,0.606796145439148,0.2787362039089203
YHR079C-A,YOR354C,0,2.594314,0.18355359137058258,0.606796145439148,0.27883651852607727
YAR003W,YKL148C,0,2.5939846,0.18349970877170563,0.606796145439148,0.27893680334091187
YAR003W,YGL038C,0,2.5939476,0.18344584107398987,0.606796145439148,0.27903711795806885
YDR452W,YLR178C,1,2.5938907,0.18368545174598694,0.6077669858932495,0.27903711795806885
YGR013W,YNL058C,0,2.5937681,0.18363156914710999,0.6077669858932495,0.27913740277290344
YPL152W,YNL083W,0,2.5933225,0.18357771635055542,0.6077669858932495,0.2792377173900604
YDL010W,YJR066W,1,2.592209,0.183817058801651,0.6087378859519958,0.2792377173900604
YIR014W,YLR148W,1,2.5921144,0.18405626714229584,0.6097087264060974,0.2792377173900604
YDR485C,YLL039C,0,2.5919101,0.1840023398399353,0.6097087264060974,0.279338002204895
YDL226C,YJL207C,0,2.59153,0.18394844233989716,0.6097087264060974,0.279438316822052
YIL041W,YLR275W,0,2.5909963,0.1838945895433426,0.6097087264060974,0.2795386016368866
YHR098C,YGL208W,0,2.5906465,0.18384075164794922,0.6097087264060974,0.2796389162540436
YDL188C,YNL088W,0,2.5899384,0.18378694355487823,0.6097087264060974,0.27973923087120056
YML078W,YBR210W,0,2.589884,0.18373318016529083,0.6097087264060974,0.27983951568603516
YER069W,YBL004W,0,2.5898652,0.18367943167686462,0.6097087264060974,0.27993983030319214
YMR170C,YDL147W,0,2.5898075,0.183625727891922,0.6097087264060974,0.28004011511802673
YGR170W,YLL024C,1,2.5885744,0.18386436998844147,0.6106796264648438,0.28004011511802673
YBR302C,YER018C,0,2.588408,0.18381063640117645,0.6106796264648438,0.2801404297351837
YDR194C,YLR035C,0,2.5874903,0.18375693261623383,0.6106796264648438,0.2802407145500183
YGR157W,YBL027W,0,2.5870047,0.18370327353477478,0.6106796264648438,0.2803410291671753
YNR069C,YLR308W,0,2.586886,0.18364962935447693,0.6106796264648438,0.2804413139820099
YHR216W,YBL084C,0,2.5865707,0.18359602987766266,0.6106796264648438,0.28054162859916687
YLR423C,YKL035W,0,2.5842986,0.18354246020317078,0.6106796264648438,0.28064191341400146
YPL081W,YOR122C,0,2.5839124,0.18348892033100128,0.6106796264648438,0.28074222803115845
YPL053C,YLR178C,0,2.5836563,0.18343541026115417,0.6106796264648438,0.28084251284599304
YNL264C,YNL003C,0,2.583287,0.18338192999362946,0.6106796264648438,0.28094282746315
YDL155W,YLR410W,0,2.5832787,0.18332847952842712,0.6106796264648438,0.281043142080307
YBL040C,YBL105C,0,2.5831015,0.18327505886554718,0.6106796264648438,0.2811434268951416
YOR125C,YDR450W,0,2.582827,0.18322166800498962,0.6106796264648438,0.2812437415122986
YDR180W,YHR123W,0,2.5817666,0.18316832184791565,0.6106796264648438,0.2813440263271332
YPL246C,YDL239C,0,2.5814273,0.18311499059200287,0.6106796264648438,0.28144434094429016
YGR125W,YPL255W,0,2.5805624,0.18306170403957367,0.6106796264648438,0.28154462575912476
YJL139C,YLR069C,0,2.5802746,0.18300843238830566,0.6106796264648438,0.28164494037628174
YCL019W,YNL058C,0,2.580109,0.18295520544052124,0.6106796264648438,0.28174522519111633
YDR346C,YPL088W,0,2.5798345,0.1829020082950592,0.6106796264648438,0.2818455398082733
YDL010W,YLR386W,1,2.579282,0.18313953280448914,0.6116504669189453,0.2818455398082733
YHR216W,YPL081W,0,2.579244,0.1830863058567047,0.6116504669189453,0.2819458246231079
YGR125W,YLR135W,0,2.5786304,0.18303312361240387,0.6116504669189453,0.2820461392402649
YER039C,YKL092C,0,2.5783062,0.18297995626926422,0.6116504669189453,0.2821464538574219
YNL327W,YCR043C,0,2.5782423,0.18292683362960815,0.6116504669189453,0.28224673867225647
YHR183W,YOL001W,0,2.578014,0.18287372589111328,0.6116504669189453,0.28234705328941345
YPR026W,YNL325C,1,2.5774927,0.18311084806919098,0.6126213669776917,0.28234705328941345
YGR125W,YML118W,0,2.5771084,0.1830577254295349,0.6126213669776917,0.28244733810424805
YFL003C,YJL118W,0,2.5769649,0.18300464749336243,0.6126213669776917,0.28254765272140503
YGR138C,YHR202W,1,2.5769246,0.18324151635169983,0.6135922074317932,0.28254765272140503
YIL023C,YBR079C,0,2.5768433,0.18318840861320496,0.6135922074317932,0.2826479375362396
YPR145W,YBR229C,0,2.5767941,0.18313531577587128,0.6135922074317932,0.2827482521533966
YML126C,YMR068W,0,2.5765562,0.18308226764202118,0.6135922074317932,0.2828485369682312
YDL159W,YJL002C,0,2.576004,0.18302924931049347,0.6135922074317932,0.2829488515853882
YCR033W,YDL165W,0,2.5758793,0.18297626078128815,0.6135922074317932,0.2830491364002228
YER039C,YGR128C,0,2.5756397,0.1829233020544052,0.6135922074317932,0.28314945101737976
YNL067W,YLR148W,0,2.5756156,0.18287037312984467,0.6135922074317932,0.28324973583221436
YCL038C,YLR431C,0,2.5753384,0.1828174740076065,0.6135922074317932,0.28335005044937134
YDR394W,YHR045W,0,2.5753367,0.18276460468769073,0.6135922074317932,0.2834503650665283
YEL060C,YML065W,0,2.5750518,0.18271176517009735,0.6135922074317932,0.2835506498813629
YJR091C,YMR244C-A,0,2.575047,0.18265895545482635,0.6135922074317932,0.2836509644985199
YML069W,YPL118W,0,2.5749464,0.18260619044303894,0.6135922074317932,0.2837512493133545
YDL180W,YDR313C,1,2.5748353,0.18284228444099426,0.6145631074905396,0.2837512493133545
YGR209C,YFL062W,1,2.5743654,0.18307825922966003,0.6155340075492859,0.2837512493133545
YBR136W,YOR122C,0,2.57365,0.18302540481090546,0.6155340075492859,0.2838515639305115
YLL032C,YLR362W,0,2.5735414,0.18297258019447327,0.6155340075492859,0.28395184874534607
YAL032C,YML022W,0,2.5733624,0.18291978538036346,0.6155340075492859,0.28405216336250305
YOL094C,YKR029C,0,2.572789,0.18286703526973724,0.6155340075492859,0.28415244817733765
YGL079W,YMR154C,0,2.572422,0.18281430006027222,0.6155340075492859,0.28425276279449463
YDR488C,YBR139W,0,2.572396,0.18276160955429077,0.6155340075492859,0.2843530476093292
YBL066C,YBR221C,0,2.5721073,0.18270893394947052,0.6155340075492859,0.2844533622264862
YGR133W,YOL008W,0,2.5720906,0.18265628814697266,0.6155340075492859,0.2845536470413208
YHR191C,YKR001C,0,2.571778,0.18260368704795837,0.6155340075492859,0.2846539616584778
YCR044C,YDR313C,1,2.5717478,0.1828390508890152,0.6165048480033875,0.2846539616584778
YDR163W,YPL181W,0,2.5713768,0.18278641998767853,0.6165048480033875,0.28475427627563477
YBR132C,YMR216C,0,2.5709095,0.18273381888866425,0.6165048480033875,0.28485456109046936
YPR020W,YLR372W,0,2.57027,0.18268124759197235,0.6165048480033875,0.28495487570762634
YDL126C,YGR278W,0,2.5702124,0.18262870609760284,0.6165048480033875,0.28505516052246094
YBL042C,YHR045W,0,2.5686011,0.18257619440555573,0.6165048480033875,0.2851554751396179
YPL227C,YOR298C-A,0,2.567477,0.182523712515831,0.6165048480033875,0.2852557599544525
YHR175W,YDR135C,1,2.5673625,0.1827586144208908,0.6174757480621338,0.2852557599544525
YMR263W,YBL003C,0,2.567218,0.18270611763000488,0.6174757480621338,0.2853560745716095
YOR033C,YFR055W,0,2.5665236,0.18265365064144135,0.6174757480621338,0.2854563593864441
YDR210W,YBR039W,0,2.565733,0.182601198554039,0.6174757480621338,0.2855566740036011
YDL042C,YHR043C,0,2.5650158,0.18254879117012024,0.6174757480621338,0.28565695881843567
YPR075C,YLR372W,0,2.5645428,0.18249641358852386,0.6174757480621338,0.28575727343559265
YNL152W,YEL071W,0,2.563933,0.18244406580924988,0.6174757480621338,0.28585755825042725
YHR079C-A,YKL096W,0,2.5638027,0.18239174783229828,0.6174757480621338,0.28595787286758423
YBL006C,YPL128C,0,2.5635977,0.18233944475650787,0.6174757480621338,0.2860581874847412
YLL048C,YGL095C,1,2.562975,0.1825738102197647,0.6184465885162354,0.2860581874847412
YGR152C,YGL133W,0,2.5625656,0.1825214922428131,0.6184465885162354,0.2861584722995758
YJL100W,YGR163W,1,2.5623777,0.18275566399097443,0.6194174885749817,0.2861584722995758
YLR013W,YNL113W,0,2.5613472,0.18270331621170044,0.6194174885749817,0.2862587869167328
YGR198W,YNL177C,0,2.560983,0.18265101313591003,0.6194174885749817,0.2863590717315674
YGL065C,YKL092C,0,2.5609083,0.18259873986244202,0.6194174885749817,0.28645938634872437
YJR019C,YGR256W,0,2.5599651,0.1825464963912964,0.6194174885749817,0.28655967116355896
YML078W,YHR018C,0,2.5597148,0.18249428272247314,0.6194174885749817,0.28665998578071594
YHR196W,YER001W,0,2.559566,0.1824420988559723,0.6194174885749817,0.28676027059555054
YDR006C,YNL323W,0,2.5595117,0.18238992989063263,0.6194174885749817,0.2868605852127075
YGR048W,YBR039W,0,2.5590608,0.18233780562877655,0.6194174885749817,0.2869608700275421
YBL066C,YMR067C,0,2.558997,0.18228571116924286,0.6194174885749817,0.2870611846446991
YPL164C,YIL131C,0,2.5589786,0.18223364651203156,0.6194174885749817,0.2871614992618561
YGR152C,YOR303W,0,2.5588174,0.18218161165714264,0.6194174885749817,0.2872617840766907
YLR262C,YNL067W,0,2.5586038,0.1821296066045761,0.6194174885749817,0.28736209869384766
YPL164C,YPL088W,0,2.5579772,0.18207763135433197,0.6194174885749817,0.28746238350868225
YLR174W,YGL125W,0,2.5569334,0.18202567100524902,0.6194174885749817,0.28756269812583923
YAL061W,YJR019C,0,2.556895,0.18197375535964966,0.6194174885749817,0.28766298294067383
YPR181C,YGR065C,0,2.5566244,0.18192186951637268,0.6194174885749817,0.2877632975578308
YBR235W,YML126C,0,2.5552018,0.1818700134754181,0.6194174885749817,0.2878635823726654
YLR210W,YPL187W,0,2.5550773,0.1818181872367859,0.6194174885749817,0.2879638969898224
YML131W,YOR361C,0,2.5549579,0.18176637589931488,0.6194174885749817,0.288064181804657
YER003C,YNL088W,0,2.5546103,0.18171460926532745,0.6194174885749817,0.28816449642181396
YML062C,YLR453C,0,2.5540586,0.18166287243366241,0.6194174885749817,0.28826478123664856
YER019W,YDR291W,0,2.553343,0.18161116540431976,0.6194174885749817,0.28836509585380554
YLR307W,YLR242C,0,2.5529704,0.1815594732761383,0.6194174885749817,0.2884654104709625
YOL146W,YML010W,0,2.5522828,0.18150782585144043,0.6194174885749817,0.2885656952857971
YGR059W,YPR009W,0,2.5520952,0.18145619332790375,0.6194174885749817,0.2886660099029541
YDR408C,YLR307W,0,2.551717,0.18140460550785065,0.6194174885749817,0.2887662947177887
YPR022C,YOR133W,0,2.5513072,0.18135304749011993,0.6194174885749817,0.2888666093349457
YBR103W,YKL213C,0,2.5511765,0.18130150437355042,0.6194174885749817,0.2889668941497803
YPR145W,YPL283C,0,2.551116,0.18125000596046448,0.6194174885749817,0.28906720876693726
YER003C,YGL245W,0,2.5509691,0.18119852244853973,0.6194174885749817,0.28916749358177185
YOR017W,YEL071W,0,2.5504928,0.18114706873893738,0.6194174885749817,0.28926780819892883
YER141W,YKL018W,0,2.5504355,0.1810956597328186,0.6194174885749817,0.2893680930137634
YFL016C,YLR119W,0,2.550071,0.18104426562786102,0.6194174885749817,0.2894684076309204
YJL123C,YGL043W,0,2.5498414,0.18099290132522583,0.6194174885749817,0.289568692445755
YOR307C,YJL074C,0,2.5492637,0.18094158172607422,0.6194174885749817,0.289669007062912
YGL038C,YLR117C,0,2.5488534,0.1808902770280838,0.6194174885749817,0.28976932168006897
YFL062W,YBR221C,0,2.548654,0.18083900213241577,0.6194174885749817,0.28986960649490356
YAR050W,YJR007W,0,2.5484037,0.18078775703907013,0.6194174885749817,0.28996992111206055
YLR034C,YHR202W,1,2.5481038,0.1810198277235031,0.6203883290290833,0.28996992111206055
YPL053C,YDR186C,0,2.5470552,0.18096856772899628,0.6203883290290833,0.29007020592689514
YDR214W,YOR122C,0,2.547051,0.18091732263565063,0.6203883290290833,0.2901705205440521
YHR123W,YIL114C,0,2.5464277,0.18086612224578857,0.6203883290290833,0.2902708053588867
YMR021C,YMR083W,0,2.5460367,0.1808149367570877,0.6203883290290833,0.2903711199760437
YKL211C,YML121W,0,2.5459247,0.18076379597187042,0.6203883290290833,0.2904714047908783
YER026C,YEL047C,0,2.545564,0.18071267008781433,0.6203883290290833,0.2905717194080353
YHR034C,YIL065C,0,2.5452428,0.18066157400608063,0.6203883290290833,0.2906720042228699
YLR336C,YKL018W,0,2.5451136,0.1806105077266693,0.6203883290290833,0.29077231884002686
YBR235W,YGR207C,0,2.545098,0.18055948615074158,0.6203883290290833,0.29087260365486145
YNL275W,YNL005C,0,2.544734,0.18050847947597504,0.6203883290290833,0.29097291827201843
YKR086W,YLR229C,0,2.5446103,0.18045750260353088,0.6203883290290833,0.2910732328891754
YPR164W,YKL092C,0,2.5445123,0.18040655553340912,0.6203883290290833,0.29117351770401
YER144C,YHL018W,0,2.544013,0.18035563826560974,0.6203883290290833,0.291273832321167
YBR228W,YNL265C,0,2.5437999,0.18030473589897156,0.6203883290290833,0.2913741171360016
YDR489W,YGL179C,0,2.5437865,0.18025387823581696,0.6203883290290833,0.29147443175315857
YHL007C,YNL003C,0,2.5425406,0.18020305037498474,0.6203883290290833,0.29157471656799316
YFL022C,YNL326C,0,2.5425,0.18015223741531372,0.6203883290290833,0.29167503118515015
YER069W,YDR488C,0,2.541937,0.18010146915912628,0.6203883290290833,0.29177531599998474
YGR275W,YAL032C,0,2.541905,0.18005071580410004,0.6203883290290833,0.2918756306171417
YPR164W,YLL023C,0,2.5413642,0.18000000715255737,0.6203883290290833,0.2919759154319763
YAL032C,YIL097W,0,2.5405574,0.1799493134021759,0.6203883290290833,0.2920762300491333
YGR183C,YDL150W,0,2.5400405,0.17989864945411682,0.6203883290290833,0.2921765148639679
YNL088W,YGR166W,0,2.5391374,0.17984801530838013,0.6203883290290833,0.2922768294811249
YMR280C,YJL036W,0,2.538688,0.17979741096496582,0.6203883290290833,0.29237714409828186
YOL097C,YNL106C,0,2.5372586,0.1797468364238739,0.6203883290290833,0.29247742891311646
YBR161W,YJL058C,1,2.5372038,0.17997750639915466,0.6213592290878296,0.29247742891311646
YKL188C,YLR117C,0,2.5369668,0.17992690205574036,0.6213592290878296,0.29257774353027344
YMR266W,YPR164W,0,2.5366328,0.17987634241580963,0.6213592290878296,0.29267802834510803
YKL175W,YGR106C,1,2.5362082,0.1801067739725113,0.6223300695419312,0.29267802834510803
YMR167W,YDR352W,0,2.5358782,0.18005618453025818,0.6223300695419312,0.292778342962265
YEL034W,YGR278W,0,2.5357056,0.18000560998916626,0.6223300695419312,0.2928786277770996
YGR157W,YIL121W,0,2.53461,0.17995508015155792,0.6223300695419312,0.2929789423942566
YDR142C,YIL067C,0,2.5339122,0.17990458011627197,0.6223300695419312,0.2930792272090912
YDL168W,YNL113W,0,2.533843,0.17985409498214722,0.6223300695419312,0.29317954182624817
YOR270C,YDR352W,1,2.533544,0.18008415400981903,0.6233009696006775,0.29317954182624817
YMR214W,YMR060C,0,2.5331464,0.18003365397453308,0.6233009696006775,0.29327982664108276
YPR183W,YDL226C,0,2.532674,0.17998318374156952,0.6233009696006775,0.29338014125823975
YCR068W,YKR039W,1,2.532166,0.18021300435066223,0.6242718696594238,0.29338014125823975
YBL006C,YBR073W,0,2.5320516,0.18016250431537628,0.6242718696594238,0.29348045587539673
YPL055C,YGL150C,0,2.5315855,0.1801120489835739,0.6242718696594238,0.2935807406902313
YKL213C,YNL209W,0,2.531301,0.18006160855293274,0.6242718696594238,0.2936810553073883
YJL111W,YMR154C,0,2.5310926,0.18001119792461395,0.6242718696594238,0.2937813401222229
YNL326C,YKR065C,0,2.530939,0.17996081709861755,0.6242718696594238,0.2938816547393799
YMR135C,YGL254W,0,2.5304382,0.17991046607494354,0.6242718696594238,0.2939819395542145
YKL008C,YEL071W,0,2.5304275,0.17986014485359192,0.6242718696594238,0.29408225417137146
YFL062W,YOR133W,0,2.5300531,0.1798098385334015,0.6242718696594238,0.29418253898620605
YBR132C,YDR294C,0,2.5293877,0.17975957691669464,0.6242718696594238,0.29428285360336304
YLR148W,YJL002C,0,2.5292854,0.179709330201149,0.6242718696594238,0.29438313841819763
YPL164C,YGL131C,0,2.5292664,0.17965912818908691,0.6242718696594238,0.2944834530353546
YLR408C,YPL158C,0,2.528945,0.17960894107818604,0.6242718696594238,0.2945837378501892
YLR081W,YLR421C,0,2.5287426,0.17955878376960754,0.6242718696594238,0.2946840524673462
YKL091C,YPR201W,0,2.5285854,0.17950865626335144,0.6242718696594238,0.2947843670845032
YPL164C,YGR203W,0,2.5281935,0.17945855855941772,0.6242718696594238,0.29488465189933777
YLR368W,YGR172C,0,2.5275009,0.1794084757566452,0.6242718696594238,0.29498496651649475
YGR247W,YPL232W,0,2.527285,0.17935843765735626,0.6242718696594238,0.29508525133132935
YBR056W,YPL030W,0,2.5269842,0.17930841445922852,0.6242718696594238,0.29518556594848633
YAL047C,YFR055W,0,2.5264497,0.17925843596458435,0.6242718696594238,0.2952858507633209
YOR210W,YGR163W,0,2.5257952,0.17920847237110138,0.6242718696594238,0.2953861653804779
YER119C,YDL132W,0,2.525471,0.1791585385799408,0.6242718696594238,0.2954864501953125
YMR263W,YHR019C,0,2.5249972,0.1791086345911026,0.6242718696594238,0.2955867648124695
YJL177W,YOR022C,0,2.5234518,0.1790587604045868,0.6242718696594238,0.2956870496273041
YIL041W,YKL160W,0,2.5224855,0.17900891602039337,0.6242718696594238,0.29578736424446106
YOL044W,YIL050W,0,2.5220518,0.17895908653736115,0.6242718696594238,0.29588764905929565
YLR119W,YPL249C,0,2.521727,0.1789092868566513,0.6242718696594238,0.29598796367645264
YGR163W,YKR024C,0,2.5214372,0.17885953187942505,0.6242718696594238,0.2960882782936096
YGL201C,YPL230W,0,2.5214093,0.17880979180335999,0.6242718696594238,0.2961885631084442
YBR127C,YFL022C,0,2.5212212,0.1787600815296173,0.6242718696594238,0.2962888777256012
YMR119W,YDL058W,0,2.520834,0.17871040105819702,0.6242718696594238,0.2963891625404358
YKL096W,YJL207C,0,2.5205345,0.17866073548793793,0.6242718696594238,0.2964894771575928
YAR050W,YML038C,0,2.5203564,0.17861111462116241,0.6242718696594238,0.29658976197242737
YHL002W,YMR068W,0,2.5203233,0.1785615086555481,0.6242718696594238,0.29669007658958435
YIL067C,YML026C,0,2.5202885,0.17851193249225616,0.6242718696594238,0.29679036140441895
YIL099W,YGL023C,1,2.5201294,0.17873993515968323,0.6252427101135254,0.29679036140441895
YBR084C-A,YMR029C,0,2.519809,0.1786903440952301,0.6252427101135254,0.2968906760215759
YPL242C,YIR035C,0,2.5194423,0.17864078283309937,0.6252427101135254,0.2969909608364105
YDR194C,YER124C,0,2.5194383,0.17859123647212982,0.6252427101135254,0.2970912754535675
YMR024W,YEL047C,0,2.5186174,0.17854171991348267,0.6252427101135254,0.2971915602684021
YLR225C,YNL116W,0,2.5183153,0.1784922331571579,0.6252427101135254,0.2972918748855591
YIL162W,YER021W,0,2.5182958,0.17844277620315552,0.6252427101135254,0.29739218950271606
YLR116W,YPR056W,0,2.5179687,0.17839334905147552,0.6252427101135254,0.29749247431755066
YOR133W,YKL012W,0,2.5174325,0.17834395170211792,0.6252427101135254,0.29759278893470764
YBL066C,YIL010W,0,2.5163293,0.1782945692539215,0.6252427101135254,0.29769307374954224
YFR051C,YML069W,0,2.5160682,0.17824523150920868,0.6252427101135254,0.2977933883666992
YDR210W,YCR003W,0,2.5160608,0.17819590866565704,0.6252427101135254,0.2978936731815338
YLR148W,YNL305C,1,2.5158267,0.17842324078083038,0.6262136101722717,0.2978936731815338
YDL159W,YHL001W,0,2.515459,0.17837388813495636,0.6262136101722717,0.2979939877986908
YLR084C,YGL179C,0,2.515417,0.17832458019256592,0.6262136101722717,0.2980942726135254
YCR034W,YCR097W,0,2.5150757,0.17827528715133667,0.6262136101722717,0.2981945872306824
YPL053C,YHR083W,0,2.5144067,0.1782260239124298,0.6262136101722717,0.29829487204551697
YDR338C,YPL249C-A,0,2.5140548,0.17817679047584534,0.6262136101722717,0.29839518666267395
YKL046C,YBR236C,0,2.514011,0.17812758684158325,0.6262136101722717,0.29849550127983093
YLR274W,YJL093C,0,2.5135067,0.17807841300964355,0.6262136101722717,0.2985957860946655
YNL115C,YJR033C,1,2.5112867,0.1783052682876587,0.6271844506263733,0.2985957860946655
YML019W,YDR123C,0,2.5109599,0.1782560646533966,0.6271844506263733,0.2986961007118225
YGR121C,YKL222C,0,2.5107732,0.1782068908214569,0.6271844506263733,0.2987963855266571
YDR541C,YIR003W,0,2.5101728,0.1781577467918396,0.6271844506263733,0.2988967001438141
YHL018W,YPR009W,0,2.509818,0.17810863256454468,0.6271844506263733,0.2989969849586487
YIL097W,YLR022C,0,2.5097864,0.17805953323841095,0.6271844506263733,0.29909729957580566
YNR026C,YNL106C,0,2.5097582,0.1780104786157608,0.6271844506263733,0.29919758439064026
YJR159W,YGR261C,0,2.5094,0.17796143889427185,0.6271844506263733,0.29929789900779724
YGR186W,YEL060C,0,2.5091853,0.1779124140739441,0.6271844506263733,0.29939818382263184
YLR178C,YOR068C,1,2.5087461,0.17813876271247864,0.6281553506851196,0.29939818382263184
YLR077W,YPR025C,0,2.508656,0.17808973789215088,0.6281553506851196,0.2994984984397888
YDL079C,YIL015W,0,2.5085943,0.17804072797298431,0.6281553506851196,0.2995987832546234
YNR056C,YER048C,0,2.5082502,0.17799174785614014,0.6281553506851196,0.2996990978717804
YPR023C,YBR139W,0,2.507605,0.17794279754161835,0.6281553506851196,0.2997994124889374
YNL021W,YPR025C,0,2.5071037,0.17789386212825775,0.6281553506851196,0.299899697303772
YFL055W,YMR092C,0,2.505896,0.17784497141838074,0.6281553506851196,0.30000001192092896
YBR210W,YNL241C,0,2.5050006,0.17779609560966492,0.6281553506851196,0.30010029673576355
YGL086W,YNL083W,0,2.5049663,0.17774724960327148,0.6281553506851196,0.30020061135292053
YHL022C,YNL241C,0,2.5049176,0.17769843339920044,0.6281553506851196,0.3003008961677551
YLR240W,YCR023C,1,2.5044804,0.17792421579360962,0.6291261911392212,0.3003008961677551
YML019W,YFR044C,0,2.5041876,0.17787538468837738,0.6291261911392212,0.3004012107849121
YDL232W,YIL162W,0,2.5037537,0.17782656848430634,0.6291261911392212,0.3005014955997467
YBR057C,YCR097W,0,2.5031242,0.17777778208255768,0.6291261911392212,0.3006018102169037
YCR068W,YOR106W,1,2.5031102,0.17800329625606537,0.6300970911979675,0.3006018102169037
YJR159W,YHL020C,0,2.5029144,0.17795448005199432,0.6300970911979675,0.3007020950317383
YKL065C,YGL179C,0,2.502551,0.17790570855140686,0.6300970911979675,0.30080240964889526
YBR265W,YLR368W,0,2.5025206,0.1778569519519806,0.6300970911979675,0.30090269446372986
YBR127C,YFL004W,1,2.5024467,0.1780821979045868,0.6310679316520691,0.30090269446372986
YPR029C,YPL057C,0,2.5024226,0.17803341150283813,0.6310679316520691,0.30100300908088684
YGL224C,YNL113W,0,2.501998,0.17798466980457306,0.6310679316520691,0.3011033236980438
YER124C,YML121W,0,2.5016243,0.17793594300746918,0.6310679316520691,0.3012036085128784
YDR214W,YJL020C,0,2.5014486,0.17788724601268768,0.6310679316520691,0.3013039231300354
YDL181W,YIL031W,0,2.5011716,0.17783857882022858,0.6310679316520691,0.30140420794487
YMR309C,YLR453C,0,2.5008554,0.17778994143009186,0.6310679316520691,0.301504522562027
YGR278W,YGL187C,0,2.499509,0.17774131894111633,0.6310679316520691,0.3016048073768616
YJL076W,YER004W,0,2.4993377,0.1776927262544632,0.6310679316520691,0.30170512199401855
YIL016W,YDR162C,0,2.4986598,0.17764416337013245,0.6310679316520691,0.30180540680885315
YHR063C,YOL027C,0,2.49863,0.17759563028812408,0.6310679316520691,0.30190572142601013
YNR023W,YGL011C,0,2.4982576,0.17754711210727692,0.6310679316520691,0.3020060062408447
YJL184W,YPL158C,0,2.4981592,0.17749863862991333,0.6310679316520691,0.3021063208580017
YER124C,YNL005C,0,2.4979405,0.17745018005371094,0.6310679316520691,0.3022066056728363
YML126C,YNL336W,0,2.4979324,0.17740175127983093,0.6310679316520691,0.3023069202899933
YCR008W,YPL124W,0,2.4977593,0.17735333740711212,0.6310679316520691,0.30240723490715027
YDL207W,YKL167C,0,2.497564,0.1773049682378769,0.6310679316520691,0.30250751972198486
YDR184C,YNL058C,0,2.4974966,0.17725661396980286,0.6310679316520691,0.30260783433914185
YDR142C,YIR010W,0,2.4972641,0.1772082895040512,0.6310679316520691,0.30270811915397644
YGR023W,YDL165W,0,2.4967637,0.17715999484062195,0.6310679316520691,0.3028084337711334
YGR209C,YHR113W,1,2.4959652,0.17738419771194458,0.6320388317108154,0.3028084337711334
YDR210W,YHR003C,0,2.495504,0.17733587324619293,0.6320388317108154,0.302908718585968
YPL242C,YKL065C,0,2.4948559,0.17728757858276367,0.6320388317108154,0.303009033203125
YIL158W,YJR033C,1,2.4943216,0.1775115728378296,0.6330097317695618,0.303009033203125
YDR311W,YGR087C,0,2.4941254,0.17746324837207794,0.6330097317695618,0.3031093180179596
YOR007C,YBL027W,0,2.4938183,0.17741496860980988,0.6330097317695618,0.3032096326351166
YBL045C,YDR155C,0,2.4937806,0.177366703748703,0.6330097317695618,0.30330991744995117
YBL036C,YBR110W,0,2.4930375,0.17731846868991852,0.6330097317695618,0.30341023206710815
YBR215W,YLR341W,0,2.4929438,0.17727024853229523,0.6330097317695618,0.30351051688194275
YOR354C,YIR008C,0,2.4928474,0.17722207307815552,0.6330097317695618,0.30361083149909973
YPL237W,YOR153W,0,2.4926367,0.177173912525177,0.6330097317695618,0.3037111461162567
YHR091C,YDR099W,0,2.4926121,0.17712578177452087,0.6330097317695618,0.3038114309310913
YBR131W,YBR139W,1,2.4923656,0.1773492693901062,0.6339805722236633,0.3038114309310913
YIL117C,YOL044W,0,2.4917414,0.17730110883712769,0.6339805722236633,0.3039117455482483
YJR090C,YOL013C,0,2.491726,0.17725299298763275,0.6339805722236633,0.3040120303630829
YOR298C-A,YAL061W,0,2.491571,0.177204892039299,0.6339805722236633,0.30411234498023987
YNR073C,YFR051C,0,2.4914284,0.17715680599212646,0.6339805722236633,0.30421262979507446
YPL241C,YGL013C,0,2.4914198,0.1771087646484375,0.6339805722236633,0.30431294441223145
YPL236C,YOR010C,0,2.491363,0.17706073820590973,0.6339805722236633,0.30441322922706604
YJL014W,YJL020C,0,2.4912682,0.17701274156570435,0.6339805722236633,0.304513543844223
YKR092C,YKL209C,0,2.4909039,0.17696477472782135,0.6339805722236633,0.3046138286590576
YPL228W,YPL057C,0,2.4905977,0.17691682279109955,0.6339805722236633,0.3047141432762146
YKL216W,YNL220W,0,2.4901762,0.17686890065670013,0.6339805722236633,0.3048144578933716
YKR060W,YJL137C,0,2.4901686,0.1768210083246231,0.6339805722236633,0.3049147427082062
YOL013C,YOR336W,0,2.4900951,0.17677314579486847,0.6339805722236633,0.30501505732536316
YGR192C,YLR027C,0,2.4889686,0.17672529816627502,0.6339805722236633,0.30511534214019775
YNL336W,YNL099C,0,2.4876814,0.17667749524116516,0.6339805722236633,0.30521565675735474
YBR018C,YIL017C,0,2.487369,0.1766296923160553,0.6339805722236633,0.30531594157218933
YDR058C,YLR089C,0,2.4873137,0.17658193409442902,0.6339805722236633,0.3054162561893463
YGR215W,YGL187C,0,2.4872584,0.17653420567512512,0.6339805722236633,0.3055165410041809
YLR408C,YNL125C,0,2.4870427,0.17648649215698242,0.6339805722236633,0.3056168556213379
YLR064W,YAL047C,0,2.485895,0.17643879354000092,0.6339805722236633,0.3057171404361725
YGR209C,YML058W,0,2.4856172,0.176391139626503,0.6339805722236633,0.30581745505332947
YDR202C,YOR197W,0,2.4852202,0.17634350061416626,0.6339805722236633,0.30591773986816406
YKL092C,YJR125C,0,2.4851635,0.17629589140415192,0.6339805722236633,0.30601805448532104
YPL100W,YLR299W,1,2.4848113,0.17651821672916412,0.6349514722824097,0.30601805448532104
YDR452W,YNL058C,1,2.484648,0.17674042284488678,0.6359223127365112,0.30601805448532104
YIL010W,YML014W,0,2.4845023,0.17669273912906647,0.6359223127365112,0.306118369102478
YOR328W,YPR079W,0,2.4840872,0.17664508521556854,0.6359223127365112,0.3062186539173126
YNL186W,YLR408C,0,2.4840689,0.176597461104393,0.6359223127365112,0.3063189685344696
YMR024W,YLR229C,0,2.4838653,0.17654986679553986,0.6359223127365112,0.3064192533493042
YBR073W,YCR003W,0,2.4837012,0.1765022873878479,0.6359223127365112,0.3065195679664612
YIL067C,YBR132C,1,2.483202,0.1767241358757019,0.6368932127952576,0.3065195679664612
YBL066C,YDR156W,0,2.4831762,0.17667654156684875,0.6368932127952576,0.3066198527812958
YOR118W,YDR293C,0,2.4827864,0.176628977060318,0.6368932127952576,0.30672016739845276
YBL099W,YDR541C,0,2.4825225,0.17658142745494843,0.6368932127952576,0.30682045221328735
YGL097W,YGL187C,0,2.4820352,0.17653390765190125,0.6368932127952576,0.30692076683044434
YGL207W,YJL118W,0,2.4815273,0.17648641765117645,0.6368932127952576,0.30702105164527893
YGR275W,YOR017W,0,2.480999,0.17643894255161285,0.6368932127952576,0.3071213662624359
YLR132C,YDR206W,0,2.4809532,0.17639149725437164,0.6368932127952576,0.3072216510772705
YFL034C-A,YDR208W,0,2.4805028,0.17634408175945282,0.6368932127952576,0.3073219656944275
YNL009W,YEL042W,0,2.4802928,0.17629669606685638,0.6368932127952576,0.3074222803115845
YDL123W,YNL325C,1,2.480199,0.1765180081129074,0.6378640532493591,0.3074222803115845
YMR197C,YKL222C,0,2.4795203,0.1764705926179886,0.6378640532493591,0.30752256512641907
YOR336W,YLR368W,0,2.479381,0.17642320692539215,0.6378640532493591,0.30762287974357605
YCR075C,YIL099W,1,2.4785438,0.17664429545402527,0.6388349533081055,0.30762287974357605
YER011W,YLL005C,0,2.4782915,0.17659687995910645,0.6388349533081055,0.30772316455841064
YBR014C,YNL326C,1,2.4778829,0.17681781947612762,0.6398058533668518,0.30772316455841064
YOR255W,YLR355C,0,2.477586,0.1767703890800476,0.6398058533668518,0.3078234791755676
YBR103W,YBR236C,0,2.4770179,0.17672298848628998,0.6398058533668518,0.3079237639904022
YCR028C-A,YDR037W,0,2.4769135,0.17667560279369354,0.6398058533668518,0.3080240786075592
YLR132C,YCR066W,0,2.4768891,0.1766282469034195,0.6398058533668518,0.3081243634223938
YOR128C,YPL072W,0,2.4766457,0.17658092081546783,0.6398058533668518,0.3082246780395508
YGR247W,YLR095C,0,2.4761608,0.17653362452983856,0.6398058533668518,0.3083249628543854
YPL256C,YLR369W,0,2.4759016,0.17648634314537048,0.6398058533668518,0.30842527747154236
YLR077W,YOR140W,0,2.4758267,0.1764390915632248,0.6398058533668518,0.30852556228637695
YJL050W,YLR081W,0,2.4754272,0.1763918697834015,0.6398058533668518,0.30862587690353394
YDR294C,YLL042C,0,2.4750466,0.17634466290473938,0.6398058533668518,0.3087261915206909
YPR075C,YGR295C,1,2.4748676,0.1765650063753128,0.6407766938209534,0.3087261915206909
YFL062W,YIL044C,0,2.4746122,0.1765177845954895,0.6407766938209534,0.3088264763355255
YOR010C,YER122C,0,2.4744997,0.1764705926179886,0.6407766938209534,0.3089267909526825
YBL050W,YGR249W,0,2.4744744,0.17642341554164886,0.6407766938209534,0.3090270757675171
YOL049W,YLR089C,0,2.4743962,0.17637626826763153,0.6407766938209534,0.3091273903846741
YGR059W,YNL113W,0,2.4743357,0.17632915079593658,0.6407766938209534,0.30922767519950867
YHR019C,YJL014W,0,2.4737692,0.17628204822540283,0.6407766938209534,0.30932798981666565
YMR266W,YDR477W,0,2.4731057,0.17623497545719147,0.6407766938209534,0.30942827463150024
YAL032C,YPL066W,0,2.4727287,0.1761879324913025,0.6407766938209534,0.3095285892486572
YKL092C,YJR088C,0,2.4725547,0.1761409193277359,0.6407766938209534,0.3096288740634918
YPL016W,YOL060C,0,2.472458,0.1760939210653305,0.6407766938209534,0.3097291886806488
YBR210W,YOL060C,0,2.472337,0.1760469526052475,0.6407766938209534,0.3098295032978058
YGL133W,YER004W,0,2.4723158,0.17599999904632568,0.6407766938209534,0.3099297881126404
YDL178W,YHR183W,0,2.4720893,0.17595307528972626,0.6407766938209534,0.31003010272979736
YBR293W,YKL146W,1,2.472035,0.17617270350456238,0.6417475938796997,0.31003010272979736
YKL175W,YDL010W,1,2.4719105,0.17639221251010895,0.6427184343338013,0.31003010272979736
YCR069W,YKL222C,0,2.4716868,0.17634522914886475,0.6427184343338013,0.31013038754463196
YKL208W,YGR041W,0,2.4715493,0.17629827558994293,0.6427184343338013,0.31023070216178894
YDL042C,YMR154C,0,2.4709244,0.1762513369321823,0.6427184343338013,0.31033098697662354
YBL050W,YBL097W,0,2.4708755,0.17620441317558289,0.6427184343338013,0.3104313015937805
YCR067C,YCR089W,0,2.4706376,0.17615753412246704,0.6427184343338013,0.3105315864086151
YLR410W,YOR022C,0,2.4706044,0.1761106699705124,0.6427184343338013,0.3106319010257721
YKL220C,YIL073C,0,2.47021,0.17606383562088013,0.6427184343338013,0.3107321858406067
YIL085C,YPL249C,0,2.4690962,0.17601701617240906,0.6427184343338013,0.31083250045776367
YOL130W,YJL014W,0,2.469077,0.17597022652626038,0.6427184343338013,0.31093278527259827
YGR108W,YPL241C,0,2.4688778,0.17592346668243408,0.6427184343338013,0.31103309988975525
YER146W,YJL042W,0,2.4687433,0.17587672173976898,0.6427184343338013,0.31113341450691223
YBR073W,YMR119W,0,2.468544,0.17583000659942627,0.6427184343338013,0.3112336993217468
YDR099W,YOR367W,0,2.4684296,0.17578332126140594,0.6427184343338013,0.3113340139389038
YML038C,YKR065C,0,2.4682095,0.175736665725708,0.6427184343338013,0.3114342987537384
YGR198W,YOR010C,0,2.4678931,0.17569002509117126,0.6427184343338013,0.3115346133708954
YBR200W,YHL001W,0,2.4678602,0.17564339935779572,0.6427184343338013,0.31163489818573
YOR307C,YLR117C,0,2.467221,0.17559681832790375,0.6427184343338013,0.31173521280288696
YGR109C,YGL020C,0,2.4666967,0.17555025219917297,0.6427184343338013,0.31183549761772156
YHR001W,YPL072W,0,2.46558,0.1755037158727646,0.6427184343338013,0.31193581223487854
YJR137C,YLR089C,0,2.465519,0.1754571944475174,0.6427184343338013,0.31203609704971313
YPL237W,YBR229C,0,2.465443,0.1754107028245926,0.6427184343338013,0.3121364116668701
YMR189W,YKL092C,0,2.4653673,0.17536424100399017,0.6427184343338013,0.3122366964817047
YFL062W,YCR069W,0,2.4651444,0.17531779408454895,0.6427184343338013,0.3123370110988617
YPL158C,YJL100W,0,2.4649296,0.17527137696743011,0.6427184343338013,0.3124373257160187
YLR034C,YGR172C,0,2.46486,0.17522498965263367,0.6427184343338013,0.31253761053085327
YAL042W,YLR110C,0,2.4648466,0.1751786172389984,0.6427184343338013,0.31263792514801025
YDL232W,YNL134C,0,2.4648242,0.17513227462768555,0.6427184343338013,0.31273820996284485
YCR008W,YOR367W,0,2.46448,0.17508596181869507,0.6427184343338013,0.31283852458000183
YMR092C,YJR014W,0,2.4629009,0.17503966391086578,0.6427184343338013,0.3129388093948364
YNL035C,YGL160W,0,2.4627726,0.1749933958053589,0.6427184343338013,0.3130391240119934
YDR541C,YPR124W,0,2.4626267,0.17494714260101318,0.6427184343338013,0.313139408826828
YGR140W,YBL105C,0,2.462607,0.17490091919898987,0.6427184343338013,0.313239723443985
YBL042C,YKL211C,0,2.4609861,0.17485472559928894,0.6427184343338013,0.3133400082588196
YJL151C,YNL224C,0,2.4608536,0.1748085618019104,0.6427184343338013,0.31344032287597656
YHR050W,YKL148C,0,2.4607375,0.17476241290569305,0.6427184343338013,0.31354060769081116
YER058W,YML111W,0,2.460381,0.1747162789106369,0.6427184343338013,0.31364092230796814
YKR018C,YHR196W,0,2.4593506,0.17467018961906433,0.6427184343338013,0.3137412369251251
YPL187W,YMR029C,0,2.459297,0.17462411522865295,0.6427184343338013,0.3138415217399597
YIL091C,YNL154C,0,2.45889,0.17457805573940277,0.6427184343338013,0.3139418363571167
YMR202W,YPL158C,0,2.4585872,0.17453202605247498,0.6427184343338013,0.3140421211719513
YIL041W,YDR450W,0,2.4584613,0.17448602616786957,0.6427184343338013,0.3141424357891083
YKR098C,YOL017W,0,2.4580898,0.17444005608558655,0.6427184343338013,0.31424272060394287
YOL110W,YNL148C,0,2.4580889,0.17439410090446472,0.6427184343338013,0.31434303522109985
YER026C,YER094C,0,2.4580545,0.17434817552566528,0.6427184343338013,0.31444332003593445
YDR452W,YHR050W,1,2.458027,0.17456555366516113,0.6436893343925476,0.31444332003593445
YOR362C,YFL053W,0,2.4572968,0.1745196133852005,0.6436893343925476,0.31454363465309143
YDR143C,YLR155C,0,2.4571877,0.17447368800640106,0.6436893343925476,0.314643919467926
YIR034C,YNL329C,0,2.4563513,0.17442777752876282,0.6436893343925476,0.314744234085083
YGL065C,YBR221C,0,2.4561222,0.17438189685344696,0.6436893343925476,0.3148445188999176
YFR051C,YKL209C,0,2.4560914,0.1743360459804535,0.6436893343925476,0.3149448335170746
YNL090W,YGL022W,0,2.4559221,0.1742902249097824,0.6436893343925476,0.31504514813423157
YOR332W,YJR138W,1,2.45536,0.1745072305202484,0.6446601748466492,0.31504514813423157
YDL178W,YLL010C,0,2.4552765,0.17446137964725494,0.6446601748466492,0.31514543294906616
YOR153W,YNL270C,0,2.4552598,0.17441554367542267,0.6446601748466492,0.31524574756622314
YOR173W,YDR156W,0,2.454082,0.17436975240707397,0.6446601748466492,0.31534603238105774
YCR069W,YKL152C,0,2.4538617,0.17432397603988647,0.6446601748466492,0.3154463469982147
YLR071C,YPR066W,0,2.4536436,0.17427821457386017,0.6446601748466492,0.3155466318130493
YDR155C,YFR055W,0,2.4536042,0.17423248291015625,0.6446601748466492,0.3156469464302063
YKL157W,YLR119W,0,2.453264,0.17418678104877472,0.6446601748466492,0.3157472312450409
YGL184C,YLR135W,0,2.4528499,0.17414109408855438,0.6446601748466492,0.3158475458621979
YML069W,YJL207C,0,2.4518704,0.17409543693065643,0.6446601748466492,0.31594783067703247
YHR113W,YOR320C,1,2.4518118,0.17431192100048065,0.6456310749053955,0.31594783067703247
YDR003W,YGL023C,1,2.4513423,0.1745283007621765,0.6466019153594971,0.31594783067703247
YPL227C,YHR072W,0,2.4507098,0.1744825839996338,0.6466019153594971,0.31604814529418945
YER078C,YMR197C,0,2.450674,0.17443688213825226,0.6466019153594971,0.31614845991134644
YEL060C,YGR254W,1,2.4506507,0.1746530532836914,0.6475728154182434,0.31614845991134644
YFL008W,YGL032C,0,2.4501967,0.17460733652114868,0.6475728154182434,0.31624874472618103
YHR098C,YNL229C,0,2.450086,0.17456163465976715,0.6475728154182434,0.316349059343338
YGR170W,YBR207W,1,2.449987,0.17477759718894958,0.6485437154769897,0.316349059343338
YMR214W,YPL249C,0,2.449904,0.17473188042640686,0.6485437154769897,0.3164493441581726
YBR126C,YLR210W,0,2.4492443,0.17468619346618652,0.6485437154769897,0.3165496587753296
YLR406C,YKL221W,0,2.4490693,0.17464052140712738,0.6485437154769897,0.3166499435901642
YDR191W,YMR134W,0,2.4482536,0.17459487915039062,0.6485437154769897,0.31675025820732117
YJR159W,YNL134C,0,2.4472241,0.17454925179481506,0.6485437154769897,0.31685054302215576
YGR048W,YDL058W,0,2.4470162,0.1745036542415619,0.6485437154769897,0.31695085763931274
YGL017W,YOR298C-A,0,2.4469666,0.1744580864906311,0.6485437154769897,0.31705114245414734
YGL002W,YKR001C,0,2.4468827,0.1744125336408615,0.6485437154769897,0.3171514570713043
YPR094W,YNL087W,0,2.4466462,0.1743670105934143,0.6485437154769897,0.3172517418861389
YDL132W,YMR283C,0,2.445852,0.1743215024471283,0.6485437154769897,0.3173520565032959
YJL042W,YBR102C,0,2.4455764,0.17427602410316467,0.6485437154769897,0.3174523711204529
YKR013W,YOR368W,0,2.4454653,0.17423057556152344,0.6485437154769897,0.3175526559352875
YPL256C,YKR018C,0,2.4453769,0.1741851419210434,0.6485437154769897,0.31765297055244446
YHR016C,YGL166W,0,2.4443865,0.17413972318172455,0.6485437154769897,0.31775325536727905
YER026C,YOR307C,0,2.443648,0.17409434914588928,0.6485437154769897,0.31785356998443604
YBR298C,YKR087C,0,2.4433978,0.1740489900112152,0.6485437154769897,0.31795385479927063
YBR088C,YEL004W,0,2.4430203,0.17400364577770233,0.6485437154769897,0.3180541694164276
YDR346C,YCR042C,0,2.441754,0.17395833134651184,0.6485437154769897,0.3181544542312622
YNL030W,YLR421C,0,2.4416218,0.17391304671764374,0.6485437154769897,0.3182547688484192
YBR084C-A,YKL160W,0,2.4415383,0.17386777698993683,0.6485437154769897,0.3183550536632538
YOR339C,YLL028W,0,2.4414792,0.1738225370645523,0.6485437154769897,0.31845536828041077
YLR064W,YOL058W,0,2.4409456,0.17377731204032898,0.6485437154769897,0.31855565309524536
YLR408C,YOL060C,0,2.4399881,0.17373211681842804,0.6485437154769897,0.31865596771240234
YPR004C,YOR122C,0,2.4398122,0.1736869513988495,0.6485437154769897,0.3187562823295593
YHL018W,YPL015C,0,2.4397173,0.17364180088043213,0.6485437154769897,0.3188565671443939
YOR149C,YKL112W,0,2.4391642,0.17359668016433716,0.6485437154769897,0.3189568817615509
YBR210W,YJL177W,0,2.439113,0.17355157434940338,0.6485437154769897,0.3190571665763855
YPL227C,YGR240C,0,2.4388068,0.173506498336792,0.6485437154769897,0.3191574811935425
YLR424W,YPR004C,0,2.4382913,0.1734614372253418,0.6485437154769897,0.3192577660083771
YMR014W,YER169W,0,2.4378214,0.173416405916214,0.6485437154769897,0.31935808062553406
YNL326C,YFR055W,0,2.4376693,0.17337140440940857,0.6485437154769897,0.31945836544036865
YPR101W,YGR128C,0,2.436992,0.17332641780376434,0.6485437154769897,0.31955868005752563
YML123C,YNL014W,0,2.4366536,0.1732814460992813,0.6485437154769897,0.31965896487236023
YPR181C,YBR288C,0,2.4364257,0.17323651909828186,0.6485437154769897,0.3197592794895172
YPL211W,YGL121C,0,2.43537,0.1731916069984436,0.6485437154769897,0.3198595643043518
YBR077C,YGL097W,0,2.4344783,0.17314670979976654,0.6485437154769897,0.3199598789215088
YDL153C,YPR181C,0,2.4343686,0.17310184240341187,0.6485437154769897,0.32006019353866577
YAR008W,YFR055W,0,2.434263,0.17305698990821838,0.6485437154769897,0.32016047835350037
YBR132C,YIL063C,0,2.4336584,0.1730121672153473,0.6485437154769897,0.32026079297065735
YNR032W,YLR178C,0,2.4336092,0.17296737432479858,0.6485437154769897,0.32036107778549194
YOL033W,YNL134C,0,2.433054,0.17292259633541107,0.6485437154769897,0.3204613924026489
YOR095C,YPL005W,0,2.4329476,0.17287784814834595,0.6485437154769897,0.3205616772174835
YDR073W,YKR080W,0,2.4317756,0.17283311486244202,0.6485437154769897,0.3206619918346405
YKL222C,YLL010C,0,2.4314747,0.17278841137886047,0.6485437154769897,0.3207622766494751
YLR132C,YDL174C,0,2.4311903,0.17274372279644012,0.6485437154769897,0.3208625912666321
YMR135C,YDL193W,0,2.4310813,0.17269906401634216,0.6485437154769897,0.3209628760814667
YOR128C,YPR065W,0,2.4308996,0.1726544350385666,0.6485437154769897,0.32106319069862366
YLR431C,YEL042W,0,2.4300537,0.1726098209619522,0.6485437154769897,0.32116350531578064
YOL110W,YGR092W,0,2.4298491,0.17256522178649902,0.6485437154769897,0.32126379013061523
YNL321W,YGR295C,1,2.4295926,0.17277891933918,0.6495145559310913,0.32126379013061523
YBR234C,YJL010C,0,2.429174,0.1727343201637268,0.6495145559310913,0.3213641047477722
YDL044C,YPL079W,0,2.4291253,0.17268972098827362,0.6495145559310913,0.3214643895626068
YGR108W,YEL077C,0,2.429058,0.17264516651630402,0.6495145559310913,0.3215647041797638
YGR278W,YHR018C,0,2.42905,0.1726006120443344,0.6495145559310913,0.3216649889945984
YGL022W,YOL130W,0,2.4288974,0.1725561022758484,0.6495145559310913,0.32176530361175537
YGL212W,YBR077C,1,2.4288325,0.1727694720029831,0.6504854559898376,0.32176530361175537
YMR195W,YNL058C,1,2.4286385,0.17298272252082825,0.6514562964439392,0.32176530361175537
YER119C,YBR215W,0,2.4285529,0.17293813824653625,0.6514562964439392,0.32186558842658997
YGR059W,YKL211C,0,2.4283893,0.17289358377456665,0.6514562964439392,0.32196590304374695
YGR163W,YOR133W,0,2.4283729,0.17284904420375824,0.6514562964439392,0.32206618785858154
YBL102W,YGL079W,0,2.4282262,0.17280453443527222,0.6514562964439392,0.3221665024757385
YPL020C,YHR003C,0,2.4278848,0.1727600395679474,0.6514562964439392,0.3222667872905731
YLR027C,YBR068C,0,2.4270875,0.17271557450294495,0.6514562964439392,0.3223671019077301
YHR176W,YNL005C,0,2.4268441,0.1726711243391037,0.6514562964439392,0.3224674165248871
YML069W,YJR064W,0,2.4266648,0.17262670397758484,0.6514562964439392,0.3225677013397217
YER006W,YPR181C,0,2.4264727,0.17258229851722717,0.6514562964439392,0.32266801595687866
YPR107C,YPR079W,0,2.4263558,0.1725379228591919,0.6514562964439392,0.32276830077171326
YGR133W,YLR368W,0,2.4259157,0.172493577003479,0.6514562964439392,0.32286861538887024
YML008C,YNR075W,0,2.4258564,0.1724492460489273,0.6514562964439392,0.32296890020370483
YBR229C,YNR075W,0,2.4256725,0.1724049299955368,0.6514562964439392,0.3230692148208618
YIR014W,YJR066W,1,2.4256144,0.17261752486228943,0.6524271965026855,0.3230692148208618
YGL033W,YDR264C,0,2.4254405,0.17257319390773773,0.6524271965026855,0.3231694996356964
YJL116C,YKL091C,0,2.425395,0.17252887785434723,0.6524271965026855,0.3232698142528534
YNR013C,YOL119C,1,2.4252617,0.17274127900600433,0.6533980369567871,0.3232698142528534
YNL053W,YGL013C,0,2.4249043,0.17269694805145264,0.6533980369567871,0.323370099067688
YHL009C,YEL047C,0,2.4245148,0.17265264689922333,0.6533980369567871,0.32347041368484497
YLR431C,YKR087C,0,2.424033,0.1726083606481552,0.6533980369567871,0.32357069849967957
YOL013C,YGL002W,0,2.4239063,0.17256410419940948,0.6533980369567871,0.32367101311683655
YLR070C,YGL234W,0,2.4238057,0.17251986265182495,0.6533980369567871,0.32377132773399353
YHR216W,YOR196C,0,2.4224482,0.1724756509065628,0.6533980369567871,0.3238716125488281
YFL062W,YJR088C,0,2.4223213,0.17243146896362305,0.6533980369567871,0.3239719271659851
YGR289C,YGL008C,0,2.4223008,0.17238730192184448,0.6533980369567871,0.3240722119808197
YDL010W,YNL152W,0,2.422102,0.1723431497812271,0.6533980369567871,0.3241725265979767
YBR133C,YNR036C,0,2.421786,0.17229902744293213,0.6533980369567871,0.3242728114128113
YOR068C,YLR001C,1,2.4211564,0.17251087725162506,0.6543689370155334,0.3242728114128113
YJL051W,YNL047C,0,2.4211397,0.17246674001216888,0.6543689370155334,0.32437312602996826
YNL321W,YHR183W,0,2.4211202,0.1724226176738739,0.6543689370155334,0.32447341084480286
YNR039C,YLL042C,0,2.4210901,0.1723785102367401,0.6543689370155334,0.32457372546195984
YCR042C,YPR094W,0,2.4206107,0.1723344475030899,0.6543689370155334,0.32467401027679443
YBR079C,YCR033W,0,2.4203265,0.1722903847694397,0.6543689370155334,0.3247743248939514
YBR228W,YNL097C,0,2.42027,0.17224635183811188,0.6543689370155334,0.324874609708786
YMR011W,YLR406C,0,2.4200306,0.17220234870910645,0.6543689370155334,0.324974924325943
YCL030C,YJL020C,0,2.4199932,0.1721583604812622,0.6543689370155334,0.3250752389431
YCR075C,YFR019W,1,2.4197915,0.17236976325511932,0.655339777469635,0.3250752389431
YLR051C,YFL022C,0,2.4195006,0.1723257601261139,0.655339777469635,0.32517552375793457
YMR164C,YEL011W,0,2.4183764,0.17228177189826965,0.655339777469635,0.32527583837509155
YPR181C,YNL113W,0,2.418339,0.1722378134727478,0.655339777469635,0.32537612318992615
YHR124W,YGR092W,0,2.4182997,0.17219388484954834,0.655339777469635,0.32547643780708313
YMR236W,YNL030W,0,2.4182997,0.17214995622634888,0.655339777469635,0.3255767226219177
YDR180W,YIR028W,0,2.4182072,0.172106072306633,0.655339777469635,0.3256770372390747
YMR170C,YKL216W,0,2.4178243,0.1720622032880783,0.655339777469635,0.3257773220539093
YGL048C,YOR307C,0,2.4177876,0.17201834917068481,0.655339777469635,0.3258776366710663
YEL004W,YNL272C,0,2.4177418,0.1719745248556137,0.655339777469635,0.3259779214859009
YOL119C,YGR247W,0,2.4175568,0.1719307154417038,0.655339777469635,0.32607823610305786
YAL014C,YGL055W,0,2.4175515,0.17188693583011627,0.655339777469635,0.32617852091789246
YNL245C,YBR083W,0,2.4167943,0.17184317111968994,0.655339777469635,0.32627883553504944
YJL209W,YOR028C,0,2.4165578,0.171799436211586,0.655339777469635,0.3263791501522064
YMR119W,YDR147W,0,2.4162173,0.17175573110580444,0.655339777469635,0.326479434967041
YCR017C,YNL116W,0,2.4152994,0.1717120260000229,0.655339777469635,0.326579749584198
YCL030C,YOR100C,0,2.4150925,0.17166836559772491,0.655339777469635,0.3266800343990326
YCL030C,YOL148C,0,2.414397,0.17162472009658813,0.655339777469635,0.3267803490161896
YDL010W,YLL052C,0,2.4143696,0.17158108949661255,0.655339777469635,0.32688063383102417
YIR033W,YOR371C,0,2.413858,0.17153748869895935,0.655339777469635,0.32698094844818115
YDL132W,YAR071W,0,2.4138145,0.17149390280246735,0.655339777469635,0.32708123326301575
YDR293C,YDL201W,0,2.4134073,0.17145034670829773,0.655339777469635,0.32718154788017273
YMR047C,YCR043C,0,2.4127746,0.1714068055152893,0.655339777469635,0.3272818326950073
YAL005C,YML123C,0,2.412592,0.17136329412460327,0.655339777469635,0.3273821473121643
YOR208W,YML029W,0,2.4124966,0.17131979763507843,0.655339777469635,0.3274824619293213
YNL014W,YPR165W,0,2.4120293,0.17127633094787598,0.655339777469635,0.3275827467441559
YCR071C,YPL124W,0,2.4117157,0.17123287916183472,0.655339777469635,0.32768306136131287
YKL086W,YNL088W,0,2.4112763,0.17118944227695465,0.655339777469635,0.32778334617614746
YGL224C,YBR136W,0,2.4110584,0.17114605009555817,0.655339777469635,0.32788366079330444
YBL016W,YJL047C,0,2.4106207,0.17110265791416168,0.655339777469635,0.32798394560813904
YPL060C-A,YCR089W,0,2.4105637,0.17105929553508759,0.655339777469635,0.328084260225296
YIL040W,YGR261C,0,2.4102259,0.17101596295833588,0.655339777469635,0.3281845450401306
YER054C,YBR215W,0,2.4095597,0.17097264528274536,0.655339777469635,0.3282848596572876
YGR152C,YNL071W,0,2.4090645,0.17092934250831604,0.655339777469635,0.3283851444721222
YEL003W,YGL012W,0,2.409047,0.1708860695362091,0.655339777469635,0.3284854590892792
YIL073C,YNL003C,0,2.4085374,0.17084282636642456,0.655339777469635,0.32858574390411377
YGL023C,YPL221W,1,2.408267,0.17105263471603394,0.6563106775283813,0.32858574390411377
YLL039C,YPR025C,0,2.408017,0.171009361743927,0.6563106775283813,0.32868605852127075
YDL103C,YMR260C,0,2.4076166,0.17096610367298126,0.6563106775283813,0.32878637313842773
YDL212W,YHR034C,0,2.4070282,0.1709228754043579,0.6563106775283813,0.32888665795326233
YDR322C-A,YOR010C,0,2.4067588,0.17087967693805695,0.6563106775283813,0.3289869725704193
YDL193W,YIR007W,0,2.406499,0.17083649337291718,0.6563106775283813,0.3290872573852539
YER146W,YDR141C,0,2.405448,0.1707933247089386,0.6563106775283813,0.3291875720024109
YDR097C,YGR198W,0,2.405291,0.1707501858472824,0.6563106775283813,0.3292878568172455
YCR066W,YGR172C,0,2.4044228,0.1707070767879486,0.6563106775283813,0.32938817143440247
YKL146W,YCL030C,0,2.4038863,0.1706639677286148,0.6563106775283813,0.32948845624923706
YPR183W,YNL229C,0,2.4036522,0.1706209033727646,0.6563106775283813,0.32958877086639404
YMR171C,YFR021W,1,2.4032555,0.17083017528057098,0.6572815775871277,0.32958877086639404
YDR311W,YOR010C,0,2.4031434,0.17078708112239838,0.6572815775871277,0.32968905568122864
YDR073W,YMR047C,0,2.4027348,0.17074401676654816,0.6572815775871277,0.3297893702983856
YIL023C,YNL058C,0,2.4019809,0.17070095241069794,0.6572815775871277,0.3298896551132202
YFL034C-B,YGL166W,0,2.4017324,0.1706579327583313,0.6572815775871277,0.3299899697303772
YPL009C,YHR121W,0,2.4017065,0.17061491310596466,0.6572815775871277,0.3300902843475342
YOR144C,YNL125C,0,2.4015827,0.1705719381570816,0.6572815775871277,0.3301905691623688
YDR485C,YBR280C,0,2.4013815,0.17052896320819855,0.6572815775871277,0.33029088377952576
YLR307W,YGL065C,0,2.4010139,0.17048601806163788,0.6572815775871277,0.33039116859436035
YPL152W,YLR051C,0,2.4009054,0.1704431027173996,0.6572815775871277,0.33049148321151733
YDR293C,YGL008C,0,2.400251,0.1704002022743225,0.6572815775871277,0.33059176802635193
YOR144C,YCR079W,0,2.3992734,0.17035731673240662,0.6572815775871277,0.3306920826435089
YDL207W,YDR363W,0,2.3984442,0.1703144609928131,0.6572815775871277,0.3307923674583435
YPR029C,YLL010C,0,2.3977988,0.170271635055542,0.6572815775871277,0.3308926820755005
YHR098C,YGL020C,0,2.397784,0.17022880911827087,0.6572815775871277,0.3309929668903351
YGR133W,YDR480W,0,2.3976545,0.17018602788448334,0.6572815775871277,0.33109328150749207
YBR083W,YDL104C,0,2.3973265,0.1701432466506958,0.6572815775871277,0.33119356632232666
YKL107W,YBL019W,0,2.3969445,0.17010049521923065,0.6572815775871277,0.33129388093948364
YDR142C,YCL011C,0,2.395904,0.1700577735900879,0.6572815775871277,0.3313941955566406
YDL214C,YML065W,0,2.3958998,0.17001506686210632,0.6572815775871277,0.3314944803714752
YDL180W,YMR054W,1,2.3948193,0.1702234447002411,0.6582524180412292,0.3314944803714752
YLR388W,YDR208W,0,2.39464,0.17018072307109833,0.6582524180412292,0.3315947949886322
YDR194C,YBR068C,0,2.39437,0.17013801634311676,0.6582524180412292,0.3316950798034668
YBR302C,YKL213C,0,2.3943179,0.17009533941745758,0.6582524180412292,0.3317953944206238
YKR081C,YDL010W,0,2.3942127,0.1700526773929596,0.6582524180412292,0.3318956792354584
YJL137C,YML058W,0,2.3940794,0.1700100302696228,0.6582524180412292,0.33199599385261536
YDL103C,YBR244W,0,2.3938465,0.1699674129486084,0.6582524180412292,0.33209627866744995
YDL128W,YBR162C,1,2.3937178,0.1701754331588745,0.6592233180999756,0.33209627866744995
YIL158W,YGL124C,1,2.3934171,0.17038336396217346,0.6601941585540771,0.33209627866744995
YHL009C,YDL020C,0,2.3931155,0.17034068703651428,0.6601941585540771,0.33219659328460693
YLR307W,YNR032W,0,2.3927174,0.1702980250120163,0.6601941585540771,0.33229687809944153
YPL009C,YER166W,0,2.3911967,0.1702553778886795,0.6601941585540771,0.3323971927165985
YNR054C,YML058W,0,2.390576,0.1702127605676651,0.6601941585540771,0.3324975073337555
YLR132C,YPL158C,0,2.390244,0.17017017304897308,0.6601941585540771,0.3325977921485901
YJR099W,YMR268C,0,2.389887,0.17012760043144226,0.6601941585540771,0.33269810676574707
YNR026C,YKL209C,0,2.3897977,0.17008504271507263,0.6601941585540771,0.33279839158058167
YIL063C,YDR099W,0,2.389717,0.1700425148010254,0.6601941585540771,0.33289870619773865
YER054C,YNR075W,0,2.3896046,0.17000000178813934,0.6601941585540771,0.33299899101257324
YKL167C,YIR010W,0,2.3891792,0.1699575036764145,0.6601941585540771,0.3330993056297302
YPL024W,YBR004C,0,2.3886364,0.16991503536701202,0.6601941585540771,0.3331995904445648
YHR113W,YGR020C,1,2.388472,0.1701224148273468,0.6611650586128235,0.3331995904445648
YER011W,YPL079W,0,2.387545,0.17007991671562195,0.6611650586128235,0.3332999050617218
YPL029W,YOR360C,0,2.3873472,0.17003744840621948,0.6611650586128235,0.3334001898765564
YDR027C,YGL065C,0,2.3869305,0.1699950098991394,0.6611650586128235,0.3335005044937134
YPL118W,YLR449W,0,2.3851743,0.16995258629322052,0.6611650586128235,0.333600789308548
YOR100C,YDL239C,0,2.3847919,0.16991017758846283,0.6611650586128235,0.33370110392570496
YHL002W,YGR166W,0,2.3844142,0.16986779868602753,0.6611650586128235,0.33380141854286194
YOR125C,YGL055W,0,2.3837059,0.16982543468475342,0.6611650586128235,0.33390170335769653
YKL220C,YCR020W-B,0,2.382699,0.1697831004858017,0.6611650586128235,0.3340020179748535
YGL145W,YGR206W,0,2.3825817,0.16974078118801117,0.6611650586128235,0.3341023027896881
YPL242C,YCR071C,0,2.3824084,0.16969847679138184,0.6611650586128235,0.3342026174068451
YMR263W,YJL014W,0,2.3821986,0.1696562021970749,0.6611650586128235,0.3343029022216797
YKL188C,YCR027C,0,2.38205,0.16961394250392914,0.6611650586128235,0.33440321683883667
YCR028C-A,YHR176W,0,2.3819091,0.16957171261310577,0.6611650586128235,0.33450350165367126
YER003C,YLR135W,0,2.3816986,0.1695294976234436,0.6611650586128235,0.33460381627082825
YBR073W,YPL187W,0,2.3809552,0.16948731243610382,0.6611650586128235,0.33470410108566284
YJL020C,YGL179C,0,2.3804698,0.16944514214992523,0.6611650586128235,0.3348044157028198
YOR316C,YOR292C,1,2.3791165,0.16965174674987793,0.662135899066925,0.3348044157028198
YBR057C,YNL336W,0,2.379073,0.16960954666137695,0.662135899066925,0.3349047005176544
YEL046C,YLL005C,0,2.3787823,0.16956737637519836,0.662135899066925,0.3350050151348114
YCR088W,YDR293C,0,2.37746,0.16952523589134216,0.662135899066925,0.3351053297519684
YKL071W,YLL036C,0,2.3774278,0.16948309540748596,0.662135899066925,0.335205614566803
YGR020C,YOR326W,1,2.3771696,0.16968944668769836,0.6631067991256714,0.335205614566803
YER069W,YOR210W,0,2.3766704,0.16964729130268097,0.6631067991256714,0.33530592918395996
YFL008W,YBR014C,0,2.3760443,0.16960516571998596,0.6631067991256714,0.33540621399879456
YJL093C,YIL129C,0,2.375783,0.16956305503845215,0.6631067991256714,0.33550652861595154
YPL020C,YKL211C,0,2.3752584,0.16952097415924072,0.6631067991256714,0.33560681343078613
YBR161W,YPL006W,1,2.3751388,0.16972704231739044,0.6640776991844177,0.33560681343078613
YLR431C,YPL162C,0,2.3743403,0.16968494653701782,0.6640776991844177,0.3357071280479431
YIL088C,YGL212W,1,2.374137,0.1698908656835556,0.6650485396385193,0.3357071280479431
YAL032C,YIL105C,0,2.3736746,0.1698487550020218,0.6650485396385193,0.3358074128627777
YLR398C,YNR032W,0,2.373407,0.16980664432048798,0.6650485396385193,0.3359077274799347
YGR049W,YBR132C,0,2.3733816,0.16976456344127655,0.6650485396385193,0.3360080122947693
YIL082W-A,YHR176W,0,2.3732836,0.16972249746322632,0.6650485396385193,0.33610832691192627
YDR314C,YER011W,0,2.372844,0.16968046128749847,0.6650485396385193,0.33620861172676086
YGL224C,YAR014C,0,2.3719501,0.16963844001293182,0.6650485396385193,0.33630892634391785
YGR148C,YKL157W,0,2.3715982,0.16959643363952637,0.6650485396385193,0.33640924096107483
YIL041W,YGL002W,0,2.3706338,0.1695544570684433,0.6650485396385193,0.3365095257759094
YPL187W,YPL249C,0,2.3706298,0.16951249539852142,0.6650485396385193,0.3366098403930664
YGR148C,YKR029C,0,2.3705087,0.16947056353092194,0.6650485396385193,0.336710125207901
YPL047W,YEL071W,0,2.3704352,0.16942864656448364,0.6650485396385193,0.336810439825058
YOL049W,YPL158C,0,2.370393,0.16938674449920654,0.6650485396385193,0.3369107246398926
YJL137C,YBR004C,0,2.3701398,0.16934487223625183,0.6650485396385193,0.33701103925704956
YLR077W,YIL110W,0,2.3699217,0.1693030148744583,0.6650485396385193,0.33711132407188416
YPR058W,YKL184W,0,2.369914,0.16926118731498718,0.6650485396385193,0.33721163868904114
YLR174W,YNL152W,0,2.3698978,0.16921937465667725,0.6650485396385193,0.33731192350387573
YCR028C-A,YJR152W,0,2.36963,0.1691775768995285,0.6650485396385193,0.3374122381210327
YML019W,YPL181W,0,2.3695922,0.16913580894470215,0.6650485396385193,0.3375125229358673
YGL038C,YNL099C,0,2.369228,0.169094055891037,0.6650485396385193,0.3376128375530243
YLR064W,YNL169C,0,2.369039,0.16905231773853302,0.6650485396385193,0.3377131521701813
YDR128W,YBR241C,1,2.3690345,0.16925734281539917,0.6660194396972656,0.3377131521701813
YIR033W,YGR038W,0,2.3687985,0.169215589761734,0.6660194396972656,0.33781343698501587
YKL107W,YJR007W,0,2.3686407,0.16917386651039124,0.6660194396972656,0.33791375160217285
YNL224C,YLL028W,0,2.3679075,0.16913214325904846,0.6660194396972656,0.33801403641700745
YPR018W,YPR124W,0,2.3676562,0.16909046471118927,0.6660194396972656,0.33811435103416443
YKL071W,YNL106C,0,2.3676388,0.16904878616333008,0.6660194396972656,0.338214635848999
YOL006C,YJL020C,0,2.3674302,0.16900713741779327,0.6660194396972656,0.338314950466156
YGR132C,YPL270W,0,2.3673024,0.16896551847457886,0.6660194396972656,0.3384152352809906
YFL018C,YOR007C,0,2.3664913,0.16892391443252563,0.6660194396972656,0.3385155498981476
YNL327W,YBL105C,0,2.3663836,0.1688823252916336,0.6660194396972656,0.3386158347129822
YNL245C,YLL054C,0,2.3663616,0.16884075105190277,0.6660194396972656,0.33871614933013916
YOL013C,YKL084W,0,2.3662214,0.16879920661449432,0.6660194396972656,0.33881646394729614
YDL212W,YDL079C,0,2.3662157,0.16875769197940826,0.6660194396972656,0.33891674876213074
YOR273C,YDR323C,1,2.3659196,0.16896212100982666,0.6669902801513672,0.33891674876213074
YDR314C,YDR331W,0,2.3658621,0.1689205765724182,0.6669902801513672,0.3390170633792877
YER006W,YKL208W,0,2.365369,0.16887906193733215,0.6669902801513672,0.3391173481941223
YDR348C,YPL181W,0,2.364519,0.1688375473022461,0.6669902801513672,0.3392176628112793
YOR115C,YJL002C,0,2.363889,0.16879606246948242,0.6669902801513672,0.3393179476261139
YOR202W,YBR227C,0,2.3638139,0.16875460743904114,0.6669902801513672,0.3394182622432709
YDR338C,YNL329C,0,2.363256,0.16871316730976105,0.6669902801513672,0.33951854705810547
YMR106C,YJR064W,0,2.3632114,0.16867174208164215,0.6669902801513672,0.33961886167526245
YFL018C,YDR540C,0,2.3622642,0.16863033175468445,0.6669902801513672,0.33971914649009705
YDR016C,YIR034C,0,2.3622189,0.16858895123004913,0.6669902801513672,0.33981946110725403
YDR043C,YFL002C,0,2.3620675,0.1685476005077362,0.6669902801513672,0.3399197459220886
YBR133C,YAL014C,0,2.3620296,0.16850624978542328,0.6669902801513672,0.3400200605392456
YIL105C,YLR453C,0,2.3615232,0.16846492886543274,0.6669902801513672,0.3401203751564026
YPR058W,YML025C,0,2.361386,0.1684236377477646,0.6669902801513672,0.3402206599712372
YEL011W,YNL225C,0,2.360835,0.16838234663009644,0.6669902801513672,0.34032097458839417
YMR243C,YMR231W,1,2.3603096,0.1685861349105835,0.6679611802101135,0.34032097458839417
YBR152W,YFL003C,0,2.3602014,0.16854482889175415,0.6679611802101135,0.34042125940322876
YMR323W,YML111W,0,2.360179,0.1685035526752472,0.6679611802101135,0.34052157402038574
YGL234W,YDL058W,0,2.3601503,0.16846229135990143,0.6679611802101135,0.34062185883522034
YDL052C,YOR303W,0,2.3600461,0.16842105984687805,0.6679611802101135,0.3407221734523773
YLR116W,YPL217C,0,2.3598623,0.16837982833385468,0.6679611802101135,0.3408224582672119
YCL030C,YMR134W,0,2.359749,0.16833864152431488,0.6679611802101135,0.3409227728843689
YKR080W,YCL010C,0,2.3596654,0.16829745471477509,0.6679611802101135,0.3410230576992035
YPL008W,YNL265C,0,2.3590064,0.16825629770755768,0.6679611802101135,0.3411233723163605
YLR369W,YDL010W,0,2.3585029,0.16821515560150146,0.6679611802101135,0.34122365713119507
YOR307C,YLR136C,0,2.3577774,0.16817404329776764,0.6679611802101135,0.34132397174835205
YMR288W,YDL066W,0,2.356901,0.168132945895195,0.6679611802101135,0.34142428636550903
YJL151C,YOR064C,0,2.3565524,0.16809186339378357,0.6679611802101135,0.34152457118034363
YLR307W,YMR161W,0,2.3562164,0.16805081069469452,0.6679611802101135,0.3416248857975006
YJL123C,YOL058W,0,2.3559215,0.16800977289676666,0.6679611802101135,0.3417251706123352
YOR007C,YER001W,0,2.3552337,0.16796875,0.6679611802101135,0.3418254852294922
YLR089C,YNL220W,0,2.354967,0.16792775690555573,0.6679611802101135,0.3419257700443268
YDL054C,YML001W,1,2.3549032,0.1681308001279831,0.6689320206642151,0.3419257700443268
YLR298C,YOR367W,0,2.3547962,0.16808977723121643,0.6689320206642151,0.34202608466148376
YOL060C,YOR003W,0,2.3547063,0.16804878413677216,0.6689320206642151,0.34212636947631836
YGL100W,YIL105C,0,2.3545551,0.16800780594348907,0.6689320206642151,0.34222668409347534
YPL029W,YER166W,0,2.3542886,0.1679668426513672,0.6689320206642151,0.34232696890830994
YCL040W,YHR152W,0,2.3534455,0.1679259091615677,0.6689320206642151,0.3424272835254669
YLR174W,YKL209C,0,2.3527136,0.16788499057292938,0.6689320206642151,0.3425275683403015
YPL227C,YEL011W,0,2.3523498,0.16784408688545227,0.6689320206642151,0.3426278829574585
YGL017W,YMR190C,0,2.3522692,0.16780321300029755,0.6689320206642151,0.3427281975746155
YDR349C,YLR229C,0,2.352199,0.16776235401630402,0.6689320206642151,0.3428284823894501
YOL033W,YDR123C,0,2.351925,0.16772152483463287,0.6689320206642151,0.34292879700660706
YDR191W,YEL055C,0,2.3517704,0.16768069565296173,0.6689320206642151,0.34302908182144165
YER123W,YMR231W,1,2.3511958,0.16788321733474731,0.6699029207229614,0.34302908182144165
YGR254W,YCL063W,1,2.3510165,0.16808561980724335,0.670873761177063,0.34302908182144165
YGL254W,YLR089C,0,2.350763,0.16804474592208862,0.670873761177063,0.34312939643859863
YNL139C,YBR167C,0,2.3499923,0.1680038869380951,0.670873761177063,0.3432296812534332
YPL232W,YDR522C,0,2.3491244,0.16796305775642395,0.670873761177063,0.3433299958705902
YLR307W,YOR198C,0,2.3487895,0.1679222285747528,0.670873761177063,0.3434302806854248
YGR209C,YPR022C,0,2.348628,0.16788144409656525,0.670873761177063,0.3435305953025818
YAR050W,YER146W,0,2.3484256,0.16784065961837769,0.670873761177063,0.3436308801174164
YGR277C,YBR179C,0,2.3481746,0.1677999049425125,0.670873761177063,0.34373119473457336
YPR145W,YBR265W,0,2.3475392,0.16775916516780853,0.670873761177063,0.34383150935173035
YHR039C,YIL023C,0,2.3472323,0.16771844029426575,0.670873761177063,0.34393179416656494
YGR133W,YKR046C,0,2.3470092,0.16767774522304535,0.670873761177063,0.3440321087837219
YDR194C,YGR172C,0,2.3468761,0.16763706505298615,0.670873761177063,0.3441323935985565
YDR284C,YBR128C,1,2.346528,0.1678389459848404,0.6718446612358093,0.3441323935985565
YHR003C,YIR008C,0,2.3464966,0.16779825091362,0.6718446612358093,0.3442327082157135
YDR194C,YPL255W,0,2.346484,0.1677575707435608,0.6718446612358093,0.3443329930305481
YIL041W,YMR291W,0,2.3462605,0.16771692037582397,0.6718446612358093,0.3444333076477051
YDR488C,YOR030W,0,2.3456297,0.16767628490924835,0.6718446612358093,0.3445335924625397
YBL040C,YGR275W,0,2.3435133,0.16763566434383392,0.6718446612358093,0.34463390707969666
YHL022C,YBL005W-A,0,2.342959,0.1675950586795807,0.6718446612358093,0.34473419189453125
YHR062C,YPR124W,0,2.3428864,0.16755448281764984,0.6718446612358093,0.34483450651168823
YOR173W,YGR048W,0,2.3427703,0.1675139218568802,0.6718446612358093,0.3449347913265228
YOR118W,YDL020C,0,2.3424997,0.16747337579727173,0.6718446612358093,0.3450351059436798
YBR039W,YAL042W,0,2.3423295,0.16743285953998566,0.6718446612358093,0.3451354205608368
YJR043C,YKR029C,0,2.3420386,0.16739235818386078,0.6718446612358093,0.3452357053756714
YGL208W,YMR170C,0,2.34175,0.1673518717288971,0.6718446612358093,0.34533601999282837
YDR147W,YDL122W,0,2.3414245,0.1673114150762558,0.6718446612358093,0.34543630480766296
YER078C,YHR091C,0,2.3412192,0.1672709733247757,0.6718446612358093,0.34553661942481995
YLR431C,YMR271C,0,2.3408763,0.1672305464744568,0.6718446612358093,0.34563690423965454
YBL027W,YOL148C,0,2.3408208,0.16719014942646027,0.6718446612358093,0.3457372188568115
YMR202W,YHR091C,0,2.340708,0.16714975237846375,0.6718446612358093,0.3458375036716461
YML130C,YOR198C,0,2.3406007,0.1671094000339508,0.6718446612358093,0.3459378182888031
YIR034C,YNL315C,0,2.34057,0.16706904768943787,0.6718446612358093,0.3460381031036377
YDR266C,YMR244C-A,0,2.3400764,0.16702872514724731,0.6718446612358093,0.3461384177207947
YIL063C,YJR064W,0,2.3395429,0.16698841750621796,0.6718446612358093,0.3462387025356293
YOR288C,YLL028W,1,2.3392096,0.16718938946723938,0.6728155612945557,0.3462387025356293
YOR115C,YHR102W,0,2.3390512,0.16714905202388763,0.6728155612945557,0.34633901715278625
YGL250W,YGR028W,0,2.3389802,0.16710875928401947,0.6728155612945557,0.34643933176994324
YJR095W,YLR119W,0,2.3389308,0.1670684665441513,0.6728155612945557,0.34653961658477783
YGR186W,YGL208W,0,2.3388128,0.16702820360660553,0.6728155612945557,0.3466399312019348
YER003C,YLR388W,0,2.338351,0.16698795557022095,0.6728155612945557,0.3467402160167694
YJR086W,YOR336W,0,2.3365226,0.16694772243499756,0.6728155612945557,0.3468405306339264
YLR071C,YLR064W,0,2.3363948,0.16690751910209656,0.6728155612945557,0.346940815448761
YDR163W,YDR293C,0,2.3363688,0.16686733067035675,0.6728155612945557,0.34704113006591797
YHR188C,YER018C,0,2.3356748,0.16682715713977814,0.6728155612945557,0.34714141488075256
YDL174C,YKL148C,0,2.3352728,0.16678699851036072,0.6728155612945557,0.34724172949790955
YER069W,YDR477W,0,2.334949,0.16674686968326569,0.6728155612945557,0.34734201431274414
YKR067W,YDL020C,0,2.3348572,0.16670675575733185,0.6728155612945557,0.3474423289299011
YLR027C,YNR051C,0,2.3347754,0.1666666716337204,0.6728155612945557,0.3475426137447357
YDL239C,YIL122W,0,2.333872,0.16662658751010895,0.6728155612945557,0.3476429283618927
YMR011W,YGR247W,0,2.3337002,0.16658653318881989,0.6728155612945557,0.3477432429790497
YGR163W,YDL191W,0,2.3336182,0.1665465086698532,0.6728155612945557,0.3478435277938843
YBR239C,YHR152W,0,2.333571,0.16650648415088654,0.6728155612945557,0.34794384241104126
YPL047W,YBR018C,0,2.3335638,0.16646648943424225,0.6728155612945557,0.34804412722587585
YDR182W,YIL067C,0,2.3331356,0.16642650961875916,0.6728155612945557,0.34814444184303284
YPL023C,YOR133W,0,2.3330317,0.16638655960559845,0.6728155612945557,0.34824472665786743
YDR051C,YPL230W,0,2.331835,0.16634660959243774,0.6728155612945557,0.3483450412750244
YGR028W,YPR107C,0,2.3318172,0.16630668938159943,0.6728155612945557,0.348445326089859
YPR124W,YDR141C,0,2.331746,0.1662667989730835,0.6728155612945557,0.348545640707016
YJR091C,YIL063C,0,2.3314633,0.16622690856456757,0.6728155612945557,0.3486459255218506
YHR039C,YOL006C,0,2.3314183,0.16618704795837402,0.6728155612945557,0.34874624013900757
YBR200W,YCR068W,0,2.3311815,0.16614720225334167,0.6728155612945557,0.34884652495384216
YGR183C,YLL036C,0,2.3310866,0.1661073863506317,0.6728155612945557,0.34894683957099915
YKL120W,YPL079W,0,2.331002,0.16606757044792175,0.6728155612945557,0.34904715418815613
YDR147W,YHR016C,0,2.3307662,0.16602778434753418,0.6728155612945557,0.3491474390029907
YHR016C,YNL245C,0,2.3306835,0.165988028049469,0.6728155612945557,0.3492477536201477
YBR200W,YDR489W,0,2.330663,0.1659482717514038,0.6728155612945557,0.3493480384349823
YLR116W,YPL079W,0,2.3305547,0.165908545255661,0.6728155612945557,0.3494483530521393
YJL207C,YPL270W,0,2.3302534,0.1658688336610794,0.6728155612945557,0.3495486378669739
YGL130W,YLR453C,0,2.3301902,0.1658291518688202,0.6728155612945557,0.34964895248413086
YMR309C,YOR339C,0,2.329977,0.16578947007656097,0.6728155612945557,0.34974923729896545
YAL014C,YIR010W,0,2.3295941,0.16574981808662415,0.6728155612945557,0.34984955191612244
YKL049C,YNL083W,0,2.3290586,0.1657101809978485,0.6728155612945557,0.34994983673095703
YDL005C,YLR117C,0,2.328921,0.16567057371139526,0.6728155612945557,0.350050151348114
YDL178W,YMR029C,0,2.3285706,0.1656309813261032,0.6728155612945557,0.350150465965271
YBR187W,YDR131C,1,2.3285158,0.1658303439617157,0.6737864017486572,0.350150465965271
YDR104C,YPL088W,0,2.328495,0.16579073667526245,0.6737864017486572,0.3502507507801056
YFL016C,YLR133W,0,2.3282561,0.1657511293888092,0.6737864017486572,0.3503510653972626
YDL168W,YMR047C,0,2.3278124,0.16571155190467834,0.6737864017486572,0.35045135021209717
YIL099W,YOR245C,0,2.327537,0.16567200422286987,0.6737864017486572,0.35055166482925415
YLR144C,YPL236C,0,2.3272772,0.1656324565410614,0.6737864017486572,0.35065194964408875
YOR005C,YPL270W,0,2.3272142,0.16559293866157532,0.6737864017486572,0.3507522642612457
YLR340W,YPR181C,0,2.3271658,0.16555343568325043,0.6737864017486572,0.3508525490760803
YLR133W,YML010W,0,2.326982,0.16551394760608673,0.6737864017486572,0.3509528636932373
YCL040W,YDR001C,0,2.3260818,0.16547448933124542,0.6737864017486572,0.3510531485080719
YKL073W,YLR136C,0,2.325914,0.1654350459575653,0.6737864017486572,0.3511534631252289
YPL170W,YBR088C,0,2.325657,0.1653956174850464,0.6737864017486572,0.3512537479400635
YBR280C,YCR020W-B,0,2.324741,0.16535620391368866,0.6737864017486572,0.35135406255722046
YDR462W,YJL160C,0,2.3247344,0.16531682014465332,0.6737864017486572,0.35145437717437744
YFL052W,YNR032W,0,2.3246684,0.16527745127677917,0.6737864017486572,0.35155466198921204
YIL049W,YDL103C,0,2.3245645,0.16523809731006622,0.6737864017486572,0.351654976606369
YKR080W,YDL020C,0,2.3245358,0.16519875824451447,0.6737864017486572,0.3517552614212036
YML110C,YJL203W,0,2.3238287,0.1651594489812851,0.6737864017486572,0.3518555760383606
YNL177C,YLR136C,0,2.323773,0.16512015461921692,0.6737864017486572,0.3519558608531952
YDL058W,YPL015C,0,2.3237371,0.16508087515830994,0.6737864017486572,0.3520561754703522
YDR006C,YMR190C,0,2.3231466,0.16504161059856415,0.6737864017486572,0.35215646028518677
YNL075W,YBR229C,0,2.3225398,0.16500237584114075,0.6737864017486572,0.35225677490234375
YIR034C,YER160C,0,2.321875,0.16496315598487854,0.6737864017486572,0.35235705971717834
YOL007C,YER093C,1,2.3216896,0.165161594748497,0.6747573018074036,0.35235705971717834
YOR292C,YCL063W,1,2.3215556,0.16535994410514832,0.6757281422615051,0.35235705971717834
YER065C,YBL099W,0,2.321465,0.16532066464424133,0.6757281422615051,0.3524573743343353
YNL257C,YBR136W,0,2.3209174,0.16528140008449554,0.6757281422615051,0.3525576591491699
YDR338C,YHR178W,0,2.320842,0.16524216532707214,0.6757281422615051,0.3526579737663269
YJL210W,YKL055C,0,2.3205166,0.16520294547080994,0.6757281422615051,0.3527582883834839
YKR098C,YNL116W,0,2.3198366,0.16516374051570892,0.6757281422615051,0.3528585731983185
YJL116C,YPL217C,0,2.31951,0.1651245504617691,0.6757281422615051,0.35295888781547546
YNL116W,YOR133W,0,2.3192081,0.16508539021015167,0.6757281422615051,0.35305917263031006
YGR148C,YLR423C,0,2.3189538,0.16504624485969543,0.6757281422615051,0.35315948724746704
YPL045W,YOR130C,0,2.3186474,0.1650071144104004,0.6757281422615051,0.35325977206230164
YNL316C,YNL003C,0,2.3177419,0.16496799886226654,0.6757281422615051,0.3533600866794586
YGR277C,YGR231C,0,2.3176868,0.16492891311645508,0.6757281422615051,0.3534603714942932
YGR163W,YBL003C,0,2.3172042,0.1648898422718048,0.6757281422615051,0.3535606861114502
YEL071W,YDL122W,0,2.317141,0.16485078632831573,0.6757281422615051,0.3536609709262848
YDR186C,YBR201W,0,2.3171406,0.16481174528598785,0.6757281422615051,0.3537612855434418
YOR100C,YML111W,0,2.316341,0.16477273404598236,0.6757281422615051,0.35386157035827637
YBR133C,YOR202W,0,2.3162315,0.16473372280597687,0.6757281422615051,0.35396188497543335
YLR070C,YDL122W,0,2.315959,0.16469474136829376,0.6757281422615051,0.35406219959259033
YNL316C,YIL122W,0,2.3152893,0.16465578973293304,0.6757281422615051,0.3541624844074249
YKL107W,YOR196C,0,2.3150663,0.16461683809757233,0.6757281422615051,0.3542627990245819
YMR047C,YPL037C,0,2.3150585,0.164577916264534,0.6757281422615051,0.3543630838394165
YGR038W,YLR089C,0,2.314979,0.16453900933265686,0.6757281422615051,0.3544633984565735
YGR170W,YHR132C,1,2.3147926,0.16473646461963654,0.6766990423202515,0.3544633984565735
YCR079W,YFR009W,0,2.3147397,0.1646975427865982,0.6766990423202515,0.3545636832714081
YDR302W,YPR140W,0,2.3143387,0.16465863585472107,0.6766990423202515,0.35466399788856506
YKL160W,YGL044C,0,2.3140106,0.16461974382400513,0.6766990423202515,0.35476428270339966
YOR173W,YKL163W,0,2.31384,0.16458086669445038,0.6766990423202515,0.35486459732055664
YHL008C,YNL305C,1,2.3133736,0.16477809846401215,0.677669882774353,0.35486459732055664
YDR210W,YJL122W,0,2.3131297,0.1647392064332962,0.677669882774353,0.35496488213539124
YER124C,YNL087W,0,2.3130875,0.16470032930374146,0.677669882774353,0.3550651967525482
YDL132W,YEL071W,0,2.3128467,0.1646614819765091,0.677669882774353,0.3551655113697052
YMR293C,YLR372W,0,2.3125231,0.16462263464927673,0.677669882774353,0.3552657961845398
YEL026W,YNL220W,0,2.312493,0.16458381712436676,0.677669882774353,0.3553661108016968
YHR028C,YKL203C,1,2.311985,0.16478076577186584,0.6786407828330994,0.3553661108016968
YHL009C,YOR128C,0,2.3118887,0.16474193334579468,0.6786407828330994,0.35546639561653137
YBR253W,YBR161W,0,2.3118277,0.1647031158208847,0.6786407828330994,0.35556671023368835
YOL129W,YLL028W,1,2.3109674,0.16489988565444946,0.6796116232872009,0.35556671023368835
YGR049W,YOL013C,0,2.3103743,0.1648610383272171,0.6796116232872009,0.35566699504852295
YPR079W,YFL008W,0,2.3098783,0.16482222080230713,0.6796116232872009,0.35576730966567993
YDR339C,YLL015W,0,2.3098578,0.16478343307971954,0.6796116232872009,0.3558675944805145
YOR339C,YMR024W,0,2.3096843,0.16474464535713196,0.6796116232872009,0.3559679090976715
YKL049C,YER094C,0,2.309585,0.16470588743686676,0.6796116232872009,0.3560681939125061
YNL176C,YBR241C,1,2.3088048,0.16490237414836884,0.6805825233459473,0.3560681939125061
YGR074W,YLR421C,0,2.3085938,0.16486358642578125,0.6805825233459473,0.3561685085296631
YBR068C,YMR244C-A,0,2.308042,0.16482482850551605,0.6805825233459473,0.3562687933444977
YML126C,YIL121W,0,2.307817,0.16478608548641205,0.6805825233459473,0.35636910796165466
YIL041W,YLR071C,0,2.3077822,0.16474735736846924,0.6805825233459473,0.35646942257881165
YIL067C,YMR297W,1,2.3077483,0.1649436056613922,0.6815534234046936,0.35646942257881165
YJL047C,YEL009C,0,2.307746,0.1649048626422882,0.6815534234046936,0.35656970739364624
YJL184W,YLR216C,0,2.3075378,0.1648661345243454,0.6815534234046936,0.3566700220108032
YPL237W,YKL208W,0,2.3069334,0.16482742130756378,0.6815534234046936,0.3567703068256378
YDR385W,YOR003W,0,2.306912,0.16478873789310455,0.6815534234046936,0.3568706214427948
YOR284W,YDL161W,0,2.3062134,0.16475005447864532,0.6815534234046936,0.3569709062576294
YNL067W,YBR239C,0,2.3061619,0.16471140086650848,0.6815534234046936,0.3570712208747864
YHR091C,YGR207C,0,2.3060808,0.16467276215553284,0.6815534234046936,0.35717150568962097
YOL041C,YBR008C,0,2.305716,0.16463415324687958,0.6815534234046936,0.35727182030677795
YJR105W,YEL009C,0,2.3051798,0.16459554433822632,0.6815534234046936,0.35737210512161255
YPL211W,YOR017W,0,2.3044012,0.16455696523189545,0.6815534234046936,0.35747241973876953
YJR019C,YKL065C,0,2.3040018,0.16451840102672577,0.6815534234046936,0.3575727045536041
YKL167C,YPL079W,0,2.3039799,0.16447985172271729,0.6815534234046936,0.3576730191707611
YKL146W,YDR486C,1,2.3032289,0.16467556357383728,0.6825242638587952,0.3576730191707611
YJL092W,YDR156W,0,2.3031788,0.1646369993686676,0.6825242638587952,0.3577733337879181
YOR118W,YGL002W,0,2.3023949,0.16459845006465912,0.6825242638587952,0.3578736186027527
YEL063C,YOR083W,0,2.3023086,0.16455993056297302,0.6825242638587952,0.35797393321990967
YOR208W,YNL326C,0,2.3021822,0.16452141106128693,0.6825242638587952,0.35807421803474426
YOR033C,YCR042C,0,2.3020968,0.16448292136192322,0.6825242638587952,0.35817453265190125
YBL045C,YIR008C,0,2.3019056,0.1644444465637207,0.6825242638587952,0.35827481746673584
YCR071C,YNL197C,0,2.3016362,0.16440598666667938,0.6825242638587952,0.3583751320838928
YGR166W,YOL049W,0,2.3014605,0.16436754167079926,0.6825242638587952,0.3584754168987274
YKR010C,YPL005W,0,2.3012373,0.16432912647724152,0.6825242638587952,0.3585757315158844
YNR023W,YIL044C,0,2.3012142,0.16429072618484497,0.6825242638587952,0.358676016330719
YLR240W,YHR124W,0,2.3009486,0.16425234079360962,0.6825242638587952,0.358776330947876
YNL071W,YOR003W,0,2.3002503,0.16421397030353546,0.6825242638587952,0.35887661576271057
YKL163W,YIR013C,0,2.299878,0.1641756147146225,0.6825242638587952,0.35897693037986755
YDR294C,YNL197C,0,2.2998571,0.16413728892803192,0.6825242638587952,0.35907724499702454
YOL008W,YCR028C-A,0,2.2998266,0.16409897804260254,0.6825242638587952,0.35917752981185913
YJL116C,YOL113W,0,2.2993157,0.16406068205833435,0.6825242638587952,0.3592778444290161
YOR247W,YFL004W,1,2.2987132,0.16425572335720062,0.6834951639175415,0.3592778444290161
YOR307C,YGR065C,0,2.298636,0.16421739757061005,0.6834951639175415,0.3593781292438507
YKL213C,YPR018W,0,2.2986007,0.16417910158634186,0.6834951639175415,0.3594784438610077
YHR091C,YJR077C,0,2.2984183,0.16414082050323486,0.6834951639175415,0.3595787286758423
YLR421C,YDR001C,0,2.298212,0.16410256922245026,0.6834951639175415,0.35967904329299927
YCR028C-A,YPR112C,0,2.2981842,0.16406431794166565,0.6834951639175415,0.35977932810783386
YPL246C,YPL003W,0,2.297892,0.16402609646320343,0.6834951639175415,0.35987964272499084
YPL055C,YNR032W,0,2.2977948,0.1639878898859024,0.6834951639175415,0.35997992753982544
YHR141C,YLR431C,0,2.2976758,0.16394969820976257,0.6834951639175415,0.3600802421569824
YNL176C,YHR039C-A,1,2.2970047,0.1641443520784378,0.6844660043716431,0.3600802421569824
YGR108W,YJL203W,0,2.2964704,0.16410614550113678,0.6844660043716431,0.360180526971817
YOR198C,YGL153W,0,2.2961376,0.16406795382499695,0.6844660043716431,0.360280841588974
YOR141C,YHR050W,0,2.2957716,0.1640297770500183,0.6844660043716431,0.360381156206131
YMR280C,YLR002C,0,2.295641,0.16399163007736206,0.6844660043716431,0.3604814410209656
YOR141C,YLR256W,0,2.2956285,0.1639534831047058,0.6844660043716431,0.36058175563812256
YIL031W,YDR266C,0,2.2955117,0.16391536593437195,0.6844660043716431,0.36068204045295715
YCR003W,YER166W,0,2.2953324,0.16387726366519928,0.6844660043716431,0.36078235507011414
YER141W,YKR022C,0,2.2938685,0.1638391762971878,0.6844660043716431,0.36088263988494873
YHR178W,YGL029W,0,2.2936285,0.16380111873149872,0.6844660043716431,0.3609829545021057
YKR067W,YNL241C,0,2.2927635,0.16376306116580963,0.6844660043716431,0.3610832393169403
YDL193W,YIL016W,0,2.2921033,0.16372503340244293,0.6844660043716431,0.3611835539340973
YKL027W,YKL184W,0,2.292027,0.16368702054023743,0.6844660043716431,0.3612838387489319
YGR198W,YDL122W,0,2.2908912,0.16364902257919312,0.6844660043716431,0.36138415336608887
YGL255W,YML024W,0,2.2908692,0.16361103951931,0.6844660043716431,0.36148446798324585
YMR266W,YPL023C,0,2.2906847,0.16357308626174927,0.6844660043716431,0.36158475279808044
YBR068C,YJR002W,0,2.2904348,0.16353514790534973,0.6844660043716431,0.3616850674152374
YOR022C,YGL153W,0,2.2903862,0.1634972244501114,0.6844660043716431,0.361785352230072
YNL272C,YLR256W,0,2.289864,0.16345931589603424,0.6844660043716431,0.361885666847229
YJR091C,YML058W,0,2.289154,0.1634214222431183,0.6844660043716431,0.3619859516620636
YMR052W,YDR237W,0,2.2890763,0.16338354349136353,0.6844660043716431,0.3620862662792206
YMR058W,YJR014W,0,2.288904,0.16334569454193115,0.6844660043716431,0.3621865510940552
YHR188C,YNR046W,0,2.2883856,0.16330784559249878,0.6844660043716431,0.36228686571121216
YMR052W,YPL212C,0,2.2883787,0.1632700264453888,0.6844660043716431,0.36238715052604675
YBL084C,YOR245C,0,2.2881186,0.1632322371006012,0.6844660043716431,0.36248746514320374
YJR044C,YFL003C,0,2.2879353,0.1631944477558136,0.6844660043716431,0.36258774995803833
YLR013W,YBR004C,0,2.2879303,0.1631566733121872,0.6844660043716431,0.3626880645751953
YKL165C,YNL058C,1,2.2877088,0.16335029900074005,0.6854369044303894,0.3626880645751953
YGL022W,YDR208W,0,2.2875094,0.16331250965595245,0.6854369044303894,0.3627883791923523
YBR019C,YPL170W,0,2.2871928,0.16327475011348724,0.6854369044303894,0.3628886640071869
YNR073C,YOR361C,0,2.2866437,0.16323699057102203,0.6854369044303894,0.36298897862434387
YNL124W,YCL038C,0,2.2865632,0.1631992608308792,0.6854369044303894,0.36308926343917847
YHR016C,YLL015W,0,2.28643,0.16316154599189758,0.6854369044303894,0.36318957805633545
YLR071C,YLL015W,0,2.2861605,0.16312384605407715,0.6854369044303894,0.36328986287117004
YKL049C,YMR162C,0,2.2854748,0.1630861610174179,0.6854369044303894,0.363390177488327
YPR140W,YLL028W,0,2.2852926,0.16304850578308105,0.6854369044303894,0.3634904623031616
YDR294C,YHR176W,0,2.2852082,0.1630108505487442,0.6854369044303894,0.3635907769203186
YIL131C,YGR074W,0,2.2847948,0.16297322511672974,0.6854369044303894,0.3636910617351532
YDR003W,YNL321W,1,2.2847207,0.16316640377044678,0.686407744884491,0.3636910617351532
YKL112W,YEL004W,0,2.2845826,0.16312874853610992,0.686407744884491,0.3637913763523102
YHR188C,YJR129C,0,2.2842865,0.16309112310409546,0.686407744884491,0.3638916611671448
YNL035C,YGR207C,0,2.2839808,0.1630535125732422,0.686407744884491,0.36399197578430176
YNL125C,YOR307C,0,2.282781,0.1630159169435501,0.686407744884491,0.36409229040145874
YGR223C,YMR297W,1,2.2825205,0.16320885717868805,0.6873786449432373,0.36409229040145874
YDR294C,YGR240C,0,2.2820594,0.16317123174667358,0.6873786449432373,0.36419257521629333
YIL041W,YER183C,0,2.281951,0.1631336361169815,0.6873786449432373,0.3642928898334503
YBR186W,YLL039C,0,2.2818344,0.16309605538845062,0.6873786449432373,0.3643931746482849
YFR046C,YEL004W,0,2.2818313,0.16305850446224213,0.6873786449432373,0.3644934892654419
YFL034C-B,YIL129C,0,2.2818098,0.16302095353603363,0.6873786449432373,0.3645937740802765
YLR369W,YML014W,0,2.281524,0.16298343241214752,0.6873786449432373,0.36469408869743347
YDR113C,YBR161W,0,2.2812467,0.1629459112882614,0.6873786449432373,0.36479437351226807
YLR205C,YPR185W,0,2.2809172,0.1629084199666977,0.6873786449432373,0.36489468812942505
YLR298C,YNL197C,0,2.2805586,0.16287094354629517,0.6873786449432373,0.36499497294425964
YAL032C,YDR143C,0,2.280022,0.16283348202705383,0.6873786449432373,0.3650952875614166
YPL236C,YOR064C,0,2.2798898,0.1627960503101349,0.6873786449432373,0.3651955723762512
YLR421C,YOR010C,0,2.2798164,0.16275861859321594,0.6873786449432373,0.3652958869934082
YNL315C,YIL105C,0,2.2790647,0.16272121667861938,0.6873786449432373,0.3653962016105652
YOR173W,YGL160W,0,2.2787392,0.16268382966518402,0.6873786449432373,0.3654964864253998
YGR257C,YPR033C,0,2.2785742,0.16264645755290985,0.6873786449432373,0.36559680104255676
YGL125W,YBL067C,0,2.278522,0.16260910034179688,0.6873786449432373,0.36569708585739136
YDL066W,YKR046C,0,2.2782843,0.1625717580318451,0.6873786449432373,0.36579740047454834
YIL127C,YMR280C,0,2.2781534,0.1625344306230545,0.6873786449432373,0.36589768528938293
YPR183W,YGR033C,0,2.2779517,0.1624971330165863,0.6873786449432373,0.3659979999065399
YER035W,YOR125C,0,2.2778454,0.1624598503112793,0.6873786449432373,0.3660982847213745
YMR268C,YML075C,0,2.2773106,0.1624225676059723,0.6873786449432373,0.3661985993385315
YNL312W,YLR110C,0,2.277205,0.16238531470298767,0.6873786449432373,0.3662988841533661
YPR082C,YOR188W,0,2.2771316,0.16234809160232544,0.6873786449432373,0.36639919877052307
YBL006C,YBR204C,0,2.2758908,0.1623108685016632,0.6873786449432373,0.36649951338768005
YDL004W,YDR477W,0,2.2758641,0.16227366030216217,0.6873786449432373,0.36659979820251465
YOR307C,YDL044C,0,2.275864,0.16223648190498352,0.6873786449432373,0.36670011281967163
YPR065W,YLR319C,0,2.2754703,0.16219931840896606,0.6873786449432373,0.3668003976345062
YDL132W,YJL118W,0,2.2754397,0.1621621549129486,0.6873786449432373,0.3669007122516632
YJL154C,YKL148C,0,2.2754092,0.16212502121925354,0.6873786449432373,0.3670009970664978
YOR188W,YHR026W,0,2.2743037,0.16208791732788086,0.6873786449432373,0.3671013116836548
YNL116W,YDR484W,0,2.2742295,0.16205081343650818,0.6873786449432373,0.3672015964984894
YGR209C,YEL005C,1,2.2741091,0.1622425615787506,0.6883494853973389,0.3672015964984894
YJL050W,YAR066W,0,2.274106,0.16220544278621674,0.6883494853973389,0.36730191111564636
YEL051W,YNL336W,1,2.2739816,0.16239707171916962,0.6893203854560852,0.36730191111564636
YBR018C,YGR256W,0,2.273897,0.16235993802547455,0.6893203854560852,0.36740219593048096
YHR104W,YCR020W-B,0,2.2738748,0.16232281923294067,0.6893203854560852,0.36750251054763794
YGR271C-A,YMR280C,0,2.2738595,0.162285715341568,0.6893203854560852,0.36760279536247253
YPL084W,YJL100W,0,2.2736478,0.1622486263513565,0.6893203854560852,0.3677031099796295
YOR173W,YDL201W,0,2.2734635,0.1622115671634674,0.6893203854560852,0.3678034245967865
YKL008C,YIR035C,0,2.2731943,0.1621745079755783,0.6893203854560852,0.3679037094116211
YGL254W,YPR056W,0,2.2728329,0.1621374785900116,0.6893203854560852,0.3680040240287781
YJR086W,YHR084W,0,2.2724736,0.16210044920444489,0.6893203854560852,0.36810430884361267
YHR141C,YBR228W,0,2.2723165,0.16206344962120056,0.6893203854560852,0.36820462346076965
YMR189W,YNL252C,0,2.2719631,0.16202646493911743,0.6893203854560852,0.36830490827560425
YOR022C,YGR284C,0,2.2719364,0.1619895100593567,0.6893203854560852,0.36840522289276123
YFL034C-B,YJR088C,0,2.2719178,0.16195255517959595,0.6893203854560852,0.3685055077075958
YDR162C,YKR065C,0,2.271028,0.1619156152009964,0.6893203854560852,0.3686058223247528
YER054C,YPL057C,0,2.2709637,0.16187870502471924,0.6893203854560852,0.3687061071395874
YLR035C,YGL032C,0,2.2709496,0.16184180974960327,0.6893203854560852,0.3688064217567444
YJR152W,YMR231W,0,2.2707,0.1618049293756485,0.6893203854560852,0.368906706571579
YGR023W,YJR019C,0,2.2702825,0.16176806390285492,0.6893203854560852,0.36900702118873596
YGR192C,YCR034W,0,2.2702794,0.16173121333122253,0.6893203854560852,0.36910733580589294
YHR050W,YDR409W,0,2.270276,0.16169437766075134,0.6893203854560852,0.36920762062072754
YDR003W,YNL115C,1,2.2702496,0.16188524663448334,0.6902912855148315,0.36920762062072754
YCR079W,YGL029W,0,2.2698553,0.16184839606285095,0.6902912855148315,0.3693079352378845
YBR133C,YNR051C,0,2.2695093,0.16181156039237976,0.6902912855148315,0.3694082200527191
YDR346C,YLR064W,0,2.2695017,0.16177473962306976,0.6902912855148315,0.3695085346698761
YDR322C-A,YNR026C,0,2.269485,0.16173794865608215,0.6902912855148315,0.3696088194847107
YGL006W,YPL100W,1,2.2693017,0.16192859411239624,0.6912621259689331,0.3696088194847107
YOR329C,YMR309C,0,2.2688384,0.16189177334308624,0.6912621259689331,0.3697091341018677
YML126C,YNL256W,0,2.2686362,0.16185496747493744,0.6912621259689331,0.36980941891670227
YDR186C,YOR010C,0,2.2681239,0.16181817650794983,0.6912621259689331,0.36990973353385925
YDR506C,YGR140W,0,2.2681067,0.1617814153432846,0.6912621259689331,0.37001001834869385
YPL055C,YPL084W,0,2.2680387,0.16174465417861938,0.6912621259689331,0.37011033296585083
YOR328W,YDL161W,0,2.268022,0.16170792281627655,0.6912621259689331,0.3702106177806854
YPL029W,YDL213C,0,2.2677946,0.1616712063550949,0.6912621259689331,0.3703109323978424
YBL016W,YKL146W,0,2.2677932,0.16163450479507446,0.6912621259689331,0.3704112470149994
YPL020C,YBL018C,0,2.267329,0.1615978181362152,0.6912621259689331,0.370511531829834
YKL073W,YNL256W,0,2.2664075,0.16156114637851715,0.6912621259689331,0.37061184644699097
YFL052W,YBL066C,0,2.266154,0.16152450442314148,0.6912621259689331,0.37071213126182556
YGL029W,YGR067C,0,2.2655125,0.1614878624677658,0.6912621259689331,0.37081244587898254
YNL275W,YOR339C,0,2.2651758,0.16145125031471252,0.6912621259689331,0.37091273069381714
YJR105W,YBL002W,0,2.264092,0.16141463816165924,0.6912621259689331,0.3710130453109741
YIL023C,YNL106C,0,2.2634988,0.16137805581092834,0.6912621259689331,0.3711133301258087
YPR061C,YJL036W,0,2.263039,0.16134148836135864,0.6912621259689331,0.3712136447429657
YCR071C,YLR229C,0,2.2630005,0.16130493581295013,0.6912621259689331,0.3713139295578003
YJL113W,YDR316W,0,2.2626543,0.16126839816570282,0.6912621259689331,0.3714142441749573
YBR228W,YKL127W,0,2.262534,0.1612318903207779,0.6912621259689331,0.37151452898979187
YHR039C,YIL067C,0,2.2623725,0.16119538247585297,0.6912621259689331,0.37161484360694885
YNR049C,YDL161W,0,2.2622948,0.16115888953208923,0.6912621259689331,0.37171515822410583
YHR001W,YKL139W,0,2.2618308,0.1611224263906479,0.6912621259689331,0.37181544303894043
YAL047C,YKL148C,0,2.2613733,0.16108597815036774,0.6912621259689331,0.3719157576560974
YGR249W,YPL057C,0,2.2607427,0.16104952991008759,0.6912621259689331,0.372016042470932
YDR097C,YOR022C,0,2.2606432,0.16101311147212982,0.6912621259689331,0.372116357088089
YFR051C,YAL014C,0,2.25989,0.16097670793533325,0.6912621259689331,0.3722166419029236
YIR022W,YDL014W,0,2.2598195,0.16094031929969788,0.6912621259689331,0.37231695652008057
YNL072W,YKL073W,0,2.2597327,0.1609039604663849,0.6912621259689331,0.37241724133491516
YHR143W-A,YOR153W,0,2.2594686,0.1608676016330719,0.6912621259689331,0.37251755595207214
YGR280C,YGL187C,0,2.2591217,0.1608312577009201,0.6912621259689331,0.37261784076690674
YDR281C,YHR186C,1,2.2590494,0.16102077066898346,0.6922330260276794,0.37261784076690674
YDR043C,YEL047C,0,2.2589757,0.16098442673683167,0.6922330260276794,0.3727181553840637
YDR153C,YGL156W,0,2.2585907,0.16094808280467987,0.6922330260276794,0.3728184700012207
YKL127W,YDR186C,0,2.2578804,0.16091175377368927,0.6922330260276794,0.3729187548160553
YGL207W,YLR424W,0,2.2576036,0.16087545454502106,0.6922330260276794,0.3730190694332123
YLR225C,YGR091W,0,2.257121,0.16083915531635284,0.6922330260276794,0.3731193542480469
YLR340W,YGL207W,0,2.2569225,0.16080288589000702,0.6922330260276794,0.37321966886520386
YPL187W,YDR208W,0,2.256862,0.1607666313648224,0.6922330260276794,0.37331995368003845
YPR145W,YLR410W,0,2.256787,0.16073039174079895,0.6922330260276794,0.37342026829719543
YBR127C,YMR116C,0,2.25665,0.1606941670179367,0.6922330260276794,0.37352055311203003
YBL084C,YEL047C,0,2.2561707,0.16065795719623566,0.6922330260276794,0.373620867729187
YDR522C,YGR284C,0,2.2559733,0.1606217622756958,0.6922330260276794,0.3737211525440216
YGR166W,YML025C,0,2.2556863,0.16058558225631714,0.6922330260276794,0.3738214671611786
YML123C,YAR003W,0,2.2554922,0.16054943203926086,0.6922330260276794,0.3739217519760132
YOR214C,YPL079W,0,2.2548935,0.1605132818222046,0.6922330260276794,0.37402206659317017
YGR192C,YER094C,0,2.254667,0.1604771614074707,0.6922330260276794,0.37412238121032715
YPL162C,YHR050W,1,2.2540162,0.1606660634279251,0.693203866481781,0.37412238121032715
YJL028W,YPR075C,0,2.2537413,0.16062992811203003,0.693203866481781,0.37422266602516174
YDL103C,YML026C,0,2.2534592,0.16059379279613495,0.693203866481781,0.3743229806423187
YHR083W,YPR004C,0,2.253406,0.16055767238140106,0.693203866481781,0.3744232654571533
YGR249W,YJR125C,0,2.2531126,0.16052158176898956,0.693203866481781,0.3745235800743103
YJL160C,YLR229C,0,2.2516232,0.16048550605773926,0.693203866481781,0.3746238648891449
YFL009W,YKL137W,0,2.2504268,0.16044944524765015,0.693203866481781,0.3747241795063019
YGL133W,YNL003C,0,2.2501783,0.16041338443756104,0.693203866481781,0.3748244643211365
YJL138C,YDR538W,0,2.2492013,0.1603773534297943,0.693203866481781,0.37492477893829346
YFL008W,YNL326C,0,2.2485116,0.16034133732318878,0.693203866481781,0.37502506375312805
YJL116C,YBR152W,0,2.2483575,0.16030533611774445,0.693203866481781,0.37512537837028503
YHR107C,YLR081W,0,2.2482076,0.1602693647146225,0.693203866481781,0.37522566318511963
YDL159W,YML118W,0,2.247909,0.16023339331150055,0.693203866481781,0.3753259778022766
YHR115C,YKL139W,0,2.247827,0.1601974368095398,0.693203866481781,0.3754262924194336
YOL060C,YDR484W,0,2.247676,0.16016151010990143,0.693203866481781,0.3755265772342682
YOL115W,YBR110W,0,2.2466836,0.16012558341026306,0.693203866481781,0.37562689185142517
YGL130W,YPL275W,0,2.2465613,0.16008968651294708,0.693203866481781,0.37572717666625977
YJL063C,YJL204C,0,2.246434,0.1600538045167923,0.693203866481781,0.37582749128341675
YNL053W,YGR198W,0,2.246431,0.1600179225206375,0.693203866481781,0.37592777609825134
YCL040W,YML029W,0,2.2458968,0.15998207032680511,0.693203866481781,0.3760280907154083
YOL094C,YGL100W,0,2.244299,0.1599462330341339,0.693203866481781,0.3761283755302429
YCR044C,YBL089W,1,2.2442684,0.16013437509536743,0.6941747665405273,0.3761283755302429
YKL027W,YMR266W,0,2.24369,0.16009852290153503,0.6941747665405273,0.3762286901473999
YJL092W,YML014W,0,2.2434223,0.16006268560886383,0.6941747665405273,0.3763289749622345
YIR007W,YBR265W,0,2.2423048,0.16002686321735382,0.6941747665405273,0.3764292895793915
YDL159W,YOR017W,0,2.2421162,0.159991055727005,0.6941747665405273,0.3765295743942261
YGR275W,YFR051C,0,2.2419555,0.15995526313781738,0.6941747665405273,0.37662988901138306
YHL008C,YKL196C,1,2.2418215,0.1601431518793106,0.6951456069946289,0.37662988901138306
YDL207W,YEL047C,0,2.2417386,0.1601073294878006,0.6951456069946289,0.37673020362854004
YPL016W,YOR003W,0,2.2413006,0.16007153689861298,0.6951456069946289,0.37683048844337463
YHR098C,YAL047C,0,2.241017,0.16003575921058655,0.6951456069946289,0.3769308030605316
YNL209W,YOR371C,0,2.2409923,0.1599999964237213,0.6951456069946289,0.3770310878753662
YLR178C,YLL010C,0,2.2404304,0.15996424853801727,0.6951456069946289,0.3771314024925232
YLR166C,YPL275W,0,2.239884,0.15992853045463562,0.6951456069946289,0.3772316873073578
YDR191W,YJR105W,0,2.2398634,0.15989281237125397,0.6951456069946289,0.37733200192451477
YLR064W,YGR087C,0,2.2397287,0.1598571091890335,0.6951456069946289,0.37743228673934937
YLR376C,YCR003W,0,2.2390604,0.15982143580913544,0.6951456069946289,0.37753260135650635
YIR028W,YER073W,0,2.238988,0.15978576242923737,0.6951456069946289,0.37763288617134094
YPL118W,YDR206W,0,2.2387335,0.15975011885166168,0.6951456069946289,0.3777332007884979
YMR323W,YLR133W,0,2.2386522,0.159714475274086,0.6951456069946289,0.3778334856033325
YNL006W,YGR295C,1,2.2386394,0.15990187227725983,0.6961165070533752,0.3778334856033325
YBR161W,YNL058C,1,2.2384522,0.1600891798734665,0.6970874071121216,0.3778334856033325
YDR105C,YLR001C,1,2.2381196,0.1602764129638672,0.6980582475662231,0.3778334856033325
YHR112C,YER035W,0,2.2379947,0.16024069488048553,0.6980582475662231,0.3779338002204895
YDR216W,YGR183C,0,2.2379599,0.16020499169826508,0.6980582475662231,0.3780341148376465
YPR183W,YOR022C,0,2.2374063,0.1601693034172058,0.6980582475662231,0.3781343996524811
YBR207W,YDL077C,1,2.2357912,0.160356342792511,0.6990291476249695,0.3781343996524811
YOR007C,YMR121C,0,2.2356107,0.16032063961029053,0.6990291476249695,0.37823471426963806
YKL163W,YJR064W,0,2.2352817,0.16028495132923126,0.6990291476249695,0.37833499908447266
YAR050W,YNL152W,0,2.2350993,0.1602492779493332,0.6990291476249695,0.37843531370162964
YDL044C,YPR066W,0,2.2348866,0.1602136194705963,0.6990291476249695,0.37853559851646423
YPL232W,YHR042W,0,2.2344341,0.16017797589302063,0.6990291476249695,0.3786359131336212
YFL062W,YGR096W,0,2.2343907,0.16014234721660614,0.6990291476249695,0.3787361979484558
YDR311W,YKL025C,0,2.2343674,0.16010673344135284,0.6990291476249695,0.3788365125656128
YBR221C,YGR249W,0,2.2343132,0.16007114946842194,0.6990291476249695,0.3789367973804474
YBR290W,YBR139W,1,2.2340012,0.16025783121585846,0.699999988079071,0.3789367973804474
YJL137C,YPL283C,0,2.2334847,0.16022221744060516,0.699999988079071,0.37903711199760437
YNL067W,YBR102C,0,2.2333915,0.16018661856651306,0.699999988079071,0.37913742661476135
YDR073W,YGR133W,0,2.2330236,0.16015104949474335,0.699999988079071,0.37923771142959595
YGR287C,YDR163W,0,2.2328281,0.16011548042297363,0.699999988079071,0.37933802604675293
YLR332W,YJR129C,0,2.2324843,0.1600799262523651,0.699999988079071,0.3794383108615875
YPL016W,YOR030W,0,2.2321808,0.16004440188407898,0.699999988079071,0.3795386254787445
YLR034C,YJL059W,1,2.2315497,0.16023080050945282,0.7009708881378174,0.3795386254787445
YMR135C,YNR054C,0,2.2313955,0.1601952463388443,0.7009708881378174,0.3796389102935791
YNL003C,YJL160C,0,2.2312937,0.16015972197055817,0.7009708881378174,0.3797392249107361
YOR153W,YHR026W,0,2.2310994,0.16012419760227203,0.7009708881378174,0.3798395097255707
YPR029C,YAL032C,0,2.2310677,0.1600886881351471,0.7009708881378174,0.37993982434272766
YOR208W,YNL245C,0,2.2308154,0.16005320847034454,0.7009708881378174,0.38004010915756226
YJR137C,YAL061W,0,2.2303948,0.160017728805542,0.7009708881378174,0.38014042377471924
YBR131W,YBL089W,1,2.230185,0.16020385921001434,0.701941728591919,0.38014042377471924
YDL181W,YIR010W,0,2.2299135,0.1601683646440506,0.701941728591919,0.38024070858955383
YMR011W,YOL049W,0,2.2297592,0.16013288497924805,0.701941728591919,0.3803410232067108
YDR322C-A,YOR202W,0,2.2297564,0.16009743511676788,0.701941728591919,0.3804413378238678
YNL209W,YFL016C,0,2.2297149,0.16006198525428772,0.701941728591919,0.3805416226387024
YBR228W,YEL004W,0,2.2295017,0.16002656519412994,0.701941728591919,0.3806419372558594
YIL066C,YCR017C,0,2.229487,0.15999114513397217,0.701941728591919,0.38074222207069397
YER124C,YJL203W,0,2.2290483,0.15995575487613678,0.701941728591919,0.38084253668785095
YGL224C,YIL121W,0,2.2288156,0.1599203646183014,0.701941728591919,0.38094282150268555
YDR311W,YLR336C,0,2.2282186,0.1598850041627884,0.701941728591919,0.38104313611984253
YKL046C,YPL158C,0,2.2279015,0.15984965860843658,0.701941728591919,0.3811434209346771
YLR064W,YER183C,0,2.2277205,0.15981432795524597,0.701941728591919,0.3812437355518341
YHR124W,YDR225W,0,2.2266154,0.15977901220321655,0.701941728591919,0.3813440203666687
YPR075C,YOR083W,0,2.2263079,0.15974369645118713,0.701941728591919,0.3814443349838257
YPL181W,YDL161W,0,2.2258854,0.1597084105014801,0.701941728591919,0.3815446197986603
YDR452W,YDR538W,0,2.2258604,0.15967313945293427,0.701941728591919,0.38164493441581726
YHR043C,YER094C,0,2.225559,0.15963788330554962,0.701941728591919,0.38174524903297424
YJR044C,YJR002W,0,2.2254922,0.15960264205932617,0.701941728591919,0.38184553384780884
YBR133C,YBR021W,0,2.2236886,0.1595674306154251,0.701941728591919,0.3819458484649658
YLR064W,YPL069C,0,2.2234573,0.15953221917152405,0.701941728591919,0.3820461332798004
YJL042W,YJL184W,0,2.2233994,0.15949702262878418,0.701941728591919,0.3821464478969574
YIL041W,YOR344C,0,2.2233284,0.1594618409872055,0.701941728591919,0.382246732711792
YLR406C,YBR210W,0,2.2227395,0.15942667424678802,0.701941728591919,0.382347047328949
YGL250W,YNL014W,0,2.2225487,0.15939153730869293,0.701941728591919,0.38244733214378357
YML024W,YOR198C,0,2.2224915,0.15935640037059784,0.701941728591919,0.38254764676094055
YKR010C,YKL055C,0,2.2224407,0.15932129323482513,0.701941728591919,0.38264793157577515
YKL049C,YNL220W,0,2.2220075,0.15928618609905243,0.701941728591919,0.38274824619293213
YIR035C,YMR271C,0,2.221881,0.1592511087656021,0.701941728591919,0.3828485310077667
YNL336W,YML010W,0,2.2217436,0.1592160314321518,0.701941728591919,0.3829488456249237
YHR007C,YOR058C,0,2.2215734,0.15918098390102386,0.701941728591919,0.3830491602420807
YDL020C,YPL037C,0,2.2214456,0.15914593636989594,0.701941728591919,0.3831494450569153
YLR077W,YJR088C,0,2.2207797,0.1591109186410904,0.701941728591919,0.38324975967407227
YPL249C-A,YLL010C,0,2.2205915,0.15907590091228485,0.701941728591919,0.38335004448890686
YDR422C,YKR039W,1,2.220518,0.15926088392734528,0.7029126286506653,0.38335004448890686
YJL151C,YDL155W,0,2.220107,0.15922586619853973,0.7029126286506653,0.38345035910606384
YDL123W,YDR128W,1,2.2197533,0.1594107300043106,0.7038834691047668,0.38345035910606384
YCR079W,YML058W,0,2.2191873,0.15937568247318268,0.7038834691047668,0.38355064392089844
YKR060W,YNL321W,0,2.2187152,0.15934066474437714,0.7038834691047668,0.3836509585380554
YNL058C,YHR200W,0,2.2184515,0.1593056470155716,0.7038834691047668,0.38375124335289
YHL007C,YIL121W,0,2.2177327,0.15927064418792725,0.7038834691047668,0.383851557970047
YGR108W,YIL082W-A,0,2.2174952,0.15923567116260529,0.7038834691047668,0.3839518427848816
YHL009C,YKL008C,0,2.217415,0.15920069813728333,0.7038834691047668,0.3840521574020386
YBL102W,YGR215W,0,2.216909,0.15916575491428375,0.7038834691047668,0.38415247201919556
YJL209W,YLR332W,0,2.2167096,0.15913081169128418,0.7038834691047668,0.38425275683403015
YPL211W,YOR196C,0,2.2162824,0.159095898270607,0.7038834691047668,0.38435307145118713
YFR046C,YJR064W,0,2.2159572,0.1590609848499298,0.7038834691047668,0.38445335626602173
YIR010W,YNL220W,0,2.2149696,0.159026101231575,0.7038834691047668,0.3845536708831787
YLR369W,YPL241C,0,2.214373,0.1589912325143814,0.7038834691047668,0.3846539556980133
YAL005C,YKL160W,0,2.2138336,0.1589563637971878,0.7038834691047668,0.3847542703151703
YML114C,YJL091C,0,2.2138186,0.1589215248823166,0.7038834691047668,0.3848545551300049
YER003C,YHR062C,0,2.213818,0.15888670086860657,0.7038834691047668,0.38495486974716187
YLR262C,YLL015W,0,2.2137642,0.15885189175605774,0.7038834691047668,0.38505515456199646
YPR183W,YDR522C,0,2.2137437,0.1588170826435089,0.7038834691047668,0.38515546917915344
YOR149C,YHR121W,0,2.2130394,0.15878230333328247,0.7038834691047668,0.38525575399398804
YGR033C,YPL128C,0,2.2127202,0.15874753892421722,0.7038834691047668,0.385356068611145
YBR152W,YDR293C,0,2.212634,0.15871278941631317,0.7038834691047668,0.385456383228302
YML038C,YOR210W,0,2.2121856,0.1586780548095703,0.7038834691047668,0.3855566680431366
YGL022W,YIL010W,0,2.2121608,0.15864332020282745,0.7038834691047668,0.3856569826602936
YLL010C,YFL002C,0,2.2120528,0.15860861539840698,0.7038834691047668,0.3857572674751282
YLR233C,YER118C,0,2.2117887,0.1585739254951477,0.7038834691047668,0.38585758209228516
YMR202W,YJR014W,0,2.2117534,0.15853925049304962,0.7038834691047668,0.38595786690711975
YDR073W,YCR033W,0,2.2114172,0.15850459039211273,0.7038834691047668,0.38605818152427673
YHR079C-A,YBR227C,0,2.2114027,0.15846994519233704,0.7038834691047668,0.38615846633911133
YBR171W,YOR367W,0,2.2113013,0.15843531489372253,0.7038834691047668,0.3862587809562683
YPL124W,YDR450W,0,2.2110965,0.15840069949626923,0.7038834691047668,0.3863590657711029
YIL041W,YPL108W,0,2.2106032,0.1583660989999771,0.7038834691047668,0.3864593803882599
YPR094W,YJR137C,0,2.210323,0.1583315134048462,0.7038834691047668,0.3865596652030945
YDR202C,YHR128W,0,2.2102842,0.15829694271087646,0.7038834691047668,0.38665997982025146
YHL018W,YMR271C,0,2.2099636,0.15826238691806793,0.7038834691047668,0.38676029443740845
YOR149C,YBR221C,0,2.2096984,0.1582278460264206,0.7038834691047668,0.38686057925224304
YPR151C,YBR236C,0,2.2093003,0.15819332003593445,0.7038834691047668,0.3869608938694
YNL154C,YJL093C,0,2.2092276,0.1581588089466095,0.7038834691047668,0.3870611786842346
YKL049C,YDR221W,0,2.209168,0.15812431275844574,0.7038834691047668,0.3871614933013916
YNL326C,YNL054W,1,2.2090075,0.15830789506435394,0.7048543691635132,0.3871614933013916
YLR116W,YMR323W,0,2.2083678,0.158273383975029,0.7048543691635132,0.3872617781162262
YKL035W,YCR071C,0,2.2079258,0.15823888778686523,0.7048543691635132,0.3873620927333832
YDR051C,YOL027C,0,2.2077787,0.15820440649986267,0.7048543691635132,0.3874623775482178
YCL030C,YMR291W,0,2.207772,0.1581699401140213,0.7048543691635132,0.38756269216537476
YMR011W,YOR056C,0,2.207139,0.15813548862934113,0.7048543691635132,0.38766297698020935
YPL032C,YBR236C,0,2.206635,0.15810105204582214,0.7048543691635132,0.38776329159736633
YPL237W,YMR083W,0,2.2063012,0.15806663036346436,0.7048543691635132,0.3878635764122009
YCR069W,YDL049C,0,2.2055974,0.15803220868110657,0.7048543691635132,0.3879638910293579
YMR030W,YDL222C,0,2.2054753,0.15799781680107117,0.7048543691635132,0.3880642056465149
YBR236C,YGR284C,0,2.2053537,0.15796343982219696,0.7048543691635132,0.3881644904613495
YGL006W,YPL221W,1,2.2053037,0.15814661979675293,0.7058252692222595,0.3881644904613495
YNR028W,YDR486C,1,2.204945,0.15832971036434174,0.7067961096763611,0.3881644904613495
YGR125W,YFR009W,0,2.2049446,0.15829528868198395,0.7067961096763611,0.38826480507850647
YJL059W,YHR039C-A,1,2.204753,0.1584782600402832,0.7077670097351074,0.38826480507850647
YER118C,YDR538W,0,2.2047276,0.15844382345676422,0.7077670097351074,0.38836508989334106
YGR140W,YER169W,0,2.2044678,0.15840938687324524,0.7077670097351074,0.38846540451049805
YKL055C,YJL076W,0,2.2043285,0.15837498009204865,0.7077670097351074,0.38856568932533264
YNL058C,YGR163W,1,2.204102,0.15855777263641357,0.708737850189209,0.38856568932533264
YMR164C,YDL222C,0,2.2039607,0.1585233509540558,0.708737850189209,0.3886660039424896
YDR540C,YGL181W,0,2.2036102,0.158488929271698,0.708737850189209,0.3887662887573242
YKR086W,YJL076W,0,2.2035475,0.1584545224905014,0.708737850189209,0.3888666033744812
YGL224C,YGR096W,0,2.2032118,0.1584201455116272,0.708737850189209,0.3889668881893158
YER144C,YGR096W,0,2.2025287,0.158385768532753,0.708737850189209,0.3890672028064728
YDR349C,YNL097C,0,2.2025018,0.15835140645503998,0.708737850189209,0.3891674876213074
YBR073W,YML058W,0,2.2019453,0.15831707417964935,0.708737850189209,0.38926780223846436
YGR098C,YML010W,0,2.201663,0.15828274190425873,0.708737850189209,0.38936811685562134
YJR047C,YIL063C,0,2.2013488,0.1582484245300293,0.708737850189209,0.38946840167045593
YER141W,YJL207C,0,2.2012193,0.15821413695812225,0.708737850189209,0.3895687162876129
YHR084W,YDL122W,0,2.201219,0.1581798493862152,0.708737850189209,0.3896690011024475
YOR354C,YML062C,0,2.2010632,0.15814557671546936,0.708737850189209,0.3897693157196045
YMR047C,YEL026W,0,2.2009835,0.1581113338470459,0.708737850189209,0.3898696005344391
YOR293W,YDL092W,0,2.2009141,0.15807709097862244,0.708737850189209,0.38996991515159607
YHR091C,YIL082W-A,0,2.2009025,0.15804286301136017,0.708737850189209,0.39007019996643066
YER118C,YBR244W,0,2.2003458,0.1580086648464203,0.708737850189209,0.39017051458358765
YGL033W,YPL057C,0,2.2003293,0.1579744666814804,0.708737850189209,0.39027079939842224
YOL041C,YLR066W,0,2.1998005,0.15794028341770172,0.708737850189209,0.3903711140155792
YPR183W,YML007W,0,2.1997912,0.15790611505508423,0.708737850189209,0.3904714286327362
YDR016C,YML046W,0,2.1993055,0.15787197649478912,0.708737850189209,0.3905717134475708
YGR186W,YMR190C,0,2.1990912,0.15783783793449402,0.708737850189209,0.3906720280647278
YLR077W,YMR164C,0,2.1987958,0.1578037142753601,0.708737850189209,0.3907723128795624
YOR328W,YMR189W,0,2.1986983,0.15776962041854858,0.708737850189209,0.39087262749671936
YOL148C,YGR280C,0,2.1985192,0.15773552656173706,0.708737850189209,0.39097291231155396
YDR097C,YLR135W,0,2.1983275,0.15770144760608673,0.708737850189209,0.39107322692871094
YBR073W,YLR341W,0,2.1979787,0.1576673835515976,0.708737850189209,0.39117351174354553
YOR128C,YOL044W,0,2.197898,0.15763333439826965,0.708737850189209,0.3912738263607025
YLR406C,YOR196C,0,2.1977472,0.1575993150472641,0.708737850189209,0.3913741111755371
YEL034W,YDR450W,0,2.1974382,0.15756529569625854,0.708737850189209,0.3914744257926941
YGR157W,YKL101W,0,2.1966434,0.15753129124641418,0.708737850189209,0.3915747106075287
YIL162W,YGL012W,0,2.1964974,0.15749730169773102,0.708737850189209,0.39167502522468567
YMR047C,YDL014W,0,2.1964393,0.15746332705020905,0.708737850189209,0.39177533984184265
YJL091C,YOR133W,0,2.1955962,0.15742936730384827,0.708737850189209,0.39187562465667725
YML114C,YPR124W,0,2.1951923,0.15739542245864868,0.708737850189209,0.39197593927383423
YDR477W,YOR247W,1,2.1951833,0.15757706761360168,0.7097087502479553,0.39197593927383423
YPR145W,YPR025C,0,2.195169,0.1575431078672409,0.7097087502479553,0.3920762240886688
YPL088W,YOR336W,0,2.1947598,0.15750916302204132,0.7097087502479553,0.3921765387058258
YPR075C,YIL099W,1,2.19473,0.1576906442642212,0.7106795907020569,0.3921765387058258
YDR017C,YLL023C,0,2.1946173,0.1576566845178604,0.7106795907020569,0.3922768235206604
YDR261C-C,YDR316W,0,2.1939745,0.15762273967266083,0.7106795907020569,0.3923771381378174
YBR200W,YDL161W,0,2.1938684,0.15758880972862244,0.7106795907020569,0.392477422952652
YLR424W,YGL153W,0,2.193524,0.15755487978458405,0.7106795907020569,0.39257773756980896
YLR116W,YBR068C,0,2.1933043,0.15752097964286804,0.7106795907020569,0.39267802238464355
YNL300W,YBR057C,0,2.193281,0.15748709440231323,0.7106795907020569,0.39277833700180054
YOL119C,YMR030W,0,2.193099,0.15745320916175842,0.7106795907020569,0.39287862181663513
YHR191C,YKL222C,0,2.192973,0.157419353723526,0.7106795907020569,0.3929789364337921
YDR485C,YGR067C,0,2.1918566,0.15738551318645477,0.7106795907020569,0.3930792510509491
YGR247W,YLR002C,0,2.1914916,0.15735167264938354,0.7106795907020569,0.3931795358657837
YGL002W,YHL013C,0,2.191139,0.1573178619146347,0.7106795907020569,0.3932798504829407
YFL022C,YER122C,0,2.1908221,0.15728405117988586,0.7106795907020569,0.39338013529777527
YHL007C,YBR265W,0,2.1908038,0.1572502702474594,0.7106795907020569,0.39348044991493225
YBR106W,YHR203C,0,2.1905022,0.15721648931503296,0.7106795907020569,0.39358073472976685
YHL009W-A,YJL159W,0,2.1904879,0.1571827381849289,0.7106795907020569,0.39368104934692383
YDR322C-A,YOR007C,0,2.1900165,0.15714898705482483,0.7106795907020569,0.3937813341617584
YER069W,YIR013C,0,2.1899192,0.15711526572704315,0.7106795907020569,0.3938816487789154
YPL009C,YGR227W,0,2.189648,0.15708154439926147,0.7106795907020569,0.39398193359375
YOR328W,YKR003W,0,2.1893225,0.157047837972641,0.7106795907020569,0.394082248210907
YGL160W,YAL061W,0,2.1885111,0.1570141613483429,0.7106795907020569,0.3941825330257416
YBR187W,YPL234C,1,2.1884642,0.15719494223594666,0.7116504907608032,0.3941825330257416
YDR541C,YOR360C,0,2.1883726,0.15716123580932617,0.7116504907608032,0.39428284764289856
YLR210W,YNL336W,0,2.1882296,0.15712754428386688,0.7116504907608032,0.39438316226005554
YBL006C,YDR267C,0,2.1880155,0.1570938676595688,0.7116504907608032,0.39448344707489014
YOR149C,YDL147W,0,2.1877124,0.15706020593643188,0.7116504907608032,0.3945837616920471
YJR017C,YER075C,0,2.1875572,0.15702655911445618,0.7116504907608032,0.3946840465068817
YFL050C,YGL150C,0,2.1874526,0.15699292719364166,0.7116504907608032,0.3947843611240387
YOR326W,YDR352W,1,2.1870584,0.15717345476150513,0.7126213312149048,0.3947843611240387
YPR183W,YMR260C,0,2.1838372,0.15713979303836823,0.7126213312149048,0.3948846459388733
YNR073C,YDL222C,0,2.1829722,0.1571061611175537,0.7126213312149048,0.3949849605560303
YIL121W,YHR043C,0,2.1828818,0.1570725440979004,0.7126213312149048,0.39508524537086487
YJR056C,YOL130W,0,2.1828465,0.15703894197940826,0.7126213312149048,0.39518555998802185
YGR059W,YHR007C,0,2.1826518,0.15700535476207733,0.7126213312149048,0.39528584480285645
YKL188C,YMR216C,0,2.1824489,0.1569717675447464,0.7126213312149048,0.3953861594200134
YLR369W,YAL001C,0,2.1821995,0.15693821012973785,0.7126213312149048,0.3954864740371704
YDR123C,YHR128W,0,2.1814628,0.1569046527147293,0.7126213312149048,0.395586758852005
YIL099W,YNL321W,1,2.1814055,0.1570848524570465,0.7135922312736511,0.395586758852005
YGR275W,YMR162C,0,2.1813104,0.15705128014087677,0.7135922312736511,0.395687073469162
YCR008W,YBR201W,0,2.1809773,0.15701773762702942,0.7135922312736511,0.3957873582839966
YBR127C,YEL047C,0,2.180933,0.15698419511318207,0.7135922312736511,0.39588767290115356
YGL100W,YJR064W,0,2.180541,0.1569506675004959,0.7135922312736511,0.39598795771598816
YPL164C,YJL050W,0,2.1804934,0.15691716969013214,0.7135922312736511,0.39608827233314514
YDL226C,YPL249C-A,0,2.1804924,0.15688367187976837,0.7135922312736511,0.39618855714797974
YOR007C,YDR409W,0,2.180228,0.1568501889705658,0.7135922312736511,0.3962888717651367
YJL123C,YML078W,0,2.180037,0.15681672096252441,0.7135922312736511,0.3963891565799713
YMR092C,YKR001C,0,2.1790576,0.15678328275680542,0.7135922312736511,0.3964894711971283
YBR083W,YPR079W,0,2.1789012,0.15674984455108643,0.7135922312736511,0.3965897560119629
YNL053W,YBR021W,0,2.1787486,0.15671642124652863,0.7135922312736511,0.3966900706291199
YGL002W,YDL049C,0,2.1785808,0.15668301284313202,0.7135922312736511,0.39679038524627686
YHR121W,YMR083W,0,2.1785114,0.1566496193408966,0.7135922312736511,0.39689067006111145
YIL015W,YIL103W,0,2.1783824,0.1566162407398224,0.7135922312736511,0.39699098467826843
YLR034C,YGL002W,0,2.178163,0.15658287703990936,0.7135922312736511,0.397091269493103
YPR121W,YDR255C,0,2.1781223,0.15654951333999634,0.7135922312736511,0.39719158411026
YGR108W,YGL029W,0,2.1780727,0.1565161794424057,0.7135922312736511,0.3972918689250946
YML022W,YPR004C,0,2.177963,0.15648286044597626,0.7135922312736511,0.3973921835422516
YMR058W,YEL071W,0,2.1779208,0.156449556350708,0.7135922312736511,0.3974924683570862
YBR073W,YDR522C,0,2.1777668,0.15641625225543976,0.7135922312736511,0.39759278297424316
YOR115C,YJL118W,0,2.176721,0.1563829779624939,0.7135922312736511,0.39769306778907776
YAL014C,YNL279W,0,2.176505,0.15634971857070923,0.7135922312736511,0.39779338240623474
YPR082C,YNL229C,0,2.1760397,0.15631645917892456,0.7135922312736511,0.39789366722106934
YJR137C,YLR210W,0,2.175811,0.15628322958946228,0.7135922312736511,0.3979939818382263
YDR267C,YLR355C,0,2.1750512,0.15625,0.7135922312736511,0.3980942964553833
YML038C,YGR203W,0,2.174067,0.1562167853116989,0.7135922312736511,0.3981945812702179
YIR022W,YGL234W,0,2.1739397,0.15618360042572021,0.7135922312736511,0.3982948958873749
YPR029C,YPL081W,0,2.1735525,0.15615041553974152,0.7135922312736511,0.3983951807022095
YHR016C,YLL054C,0,2.1733952,0.156117245554924,0.7135922312736511,0.39849549531936646
YIL158W,YER072W,1,2.173263,0.15629644691944122,0.7145631313323975,0.39849549531936646
YMR104C,YBR008C,0,2.1730304,0.15626327693462372,0.7145631313323975,0.39859578013420105
YGR096W,YGR277C,0,2.173006,0.1562301069498062,0.7145631313323975,0.39869609475135803
YKR022C,YJL159W,0,2.1728663,0.1561969369649887,0.7145631313323975,0.3987963795661926
YFL031W,YLR210W,0,2.1722698,0.1561637967824936,0.7145631313323975,0.3988966941833496
YHR098C,YFL018C,0,2.1716194,0.15613067150115967,0.7145631313323975,0.3989969789981842
YML038C,YER122C,0,2.171543,0.15609756112098694,0.7145631313323975,0.3990972936153412
YPL128C,YEL042W,0,2.17134,0.1560644656419754,0.7145631313323975,0.3991975784301758
YIL085C,YMR266W,0,2.1711614,0.15603137016296387,0.7145631313323975,0.39929789304733276
YIR008C,YDR264C,0,2.1711173,0.15599830448627472,0.7145631313323975,0.39939820766448975
YNR012W,YGL077C,0,2.1700838,0.15596525371074677,0.7145631313323975,0.39949849247932434
YBR203W,YGR277C,0,2.1693907,0.1559322029352188,0.7145631313323975,0.3995988070964813
YLR340W,YOR208W,0,2.1687436,0.15589916706085205,0.7145631313323975,0.3996990919113159
YMR283C,YDL236W,0,2.1685681,0.15586616098880768,0.7145631313323975,0.3997994065284729
YIR021W,YOR133W,0,2.1680183,0.1558331549167633,0.7145631313323975,0.3998996913433075
YBL046W,YOR017W,0,2.1679914,0.15580016374588013,0.7145631313323975,0.4000000059604645
YCR097W,YJR161C,0,2.167605,0.15576720237731934,0.7145631313323975,0.4001002907752991
YCR048W,YLR089C,0,2.1675148,0.15573424100875854,0.7145631313323975,0.40020060539245605
YER039C,YOR245C,0,2.1674216,0.15570129454135895,0.7145631313323975,0.40030089020729065
YCL045C,YML072C,0,2.1673632,0.15566836297512054,0.7145631313323975,0.40040120482444763
YDL004W,YKL084W,0,2.167353,0.15563544631004333,0.7145631313323975,0.4005014896392822
YPL236C,YNL058C,1,2.167188,0.15581394731998444,0.715533971786499,0.4005014896392822
YPL170W,YER004W,0,2.1671124,0.15578101575374603,0.715533971786499,0.4006018042564392
YJL113W,YGL047W,0,2.1670737,0.15574809908866882,0.715533971786499,0.4007021188735962
YBR239C,YNL134C,0,2.166976,0.1557151973247528,0.715533971786499,0.4008024036884308
YML019W,YML001W,0,2.1664739,0.1556822955608368,0.715533971786499,0.40090271830558777
YOR149C,YPR022C,0,2.1663606,0.15564942359924316,0.715533971786499,0.40100300312042236
YMR052W,YDR051C,0,2.1662247,0.15561655163764954,0.715533971786499,0.40110331773757935
YBR088C,YBL002W,0,2.1660638,0.1555837094783783,0.715533971786499,0.40120360255241394
YNR023W,YPR151C,0,2.1657414,0.15555086731910706,0.715533971786499,0.4013039171695709
YKL176C,YDL174C,0,2.164966,0.155518040060997,0.715533971786499,0.4014042019844055
YKR013W,YGR038C-A,0,2.164538,0.15548522770404816,0.715533971786499,0.4015045166015625
YGR092W,YIL122W,0,2.1644735,0.1554524302482605,0.715533971786499,0.4016048014163971
YPR103W,YGR098C,0,2.1637654,0.15541964769363403,0.715533971786499,0.4017051160335541
YJR044C,YDR001C,0,2.1634984,0.15538688004016876,0.715533971786499,0.40180543065071106
YPR165W,YBR288C,0,2.1634297,0.15535412728786469,0.715533971786499,0.40190571546554565
YKR013W,YNL058C,1,2.1633599,0.1555321365594864,0.7165048718452454,0.40190571546554565
YCR067C,YOL039W,0,2.163351,0.15549936890602112,0.7165048718452454,0.40200603008270264
YML093W,YOR035C,0,2.163202,0.15546661615371704,0.7165048718452454,0.40210631489753723
YHR045W,YDL058W,0,2.1630378,0.15543386340141296,0.7165048718452454,0.4022066295146942
YDL132W,YFL052W,0,2.1627688,0.15540114045143127,0.7165048718452454,0.4023069143295288
YMR323W,YOR293W,0,2.1626308,0.15536841750144958,0.7165048718452454,0.4024072289466858
YDR017C,YFR044C,0,2.1625648,0.15533572435379028,0.7165048718452454,0.4025075137615204
YBR179C,YDR538W,0,2.162446,0.15530303120613098,0.7165048718452454,0.40260782837867737
YDR194C,YJL113W,0,2.1620615,0.15527035295963287,0.7165048718452454,0.40270811319351196
YOL078W,YLR447C,1,2.1619608,0.1554480493068695,0.7174757122993469,0.40270811319351196
YHR079C-A,YDR198C,0,2.1619353,0.1554153561592102,0.7174757122993469,0.40280842781066895
YPR164W,YOL113W,0,2.1617918,0.1553826779127121,0.7174757122993469,0.40290871262550354
YDR156W,YOR022C,0,2.1617002,0.15535001456737518,0.7174757122993469,0.4030090272426605
YCR042C,YPL249C,0,2.1616893,0.15531736612319946,0.7174757122993469,0.4031093418598175
YDR229W,YAL002W,1,2.16115,0.15549485385417938,0.7184466123580933,0.4031093418598175
YMR291W,YAL009W,0,2.1608574,0.15546219050884247,0.7184466123580933,0.4032096266746521
YBL102W,YML064C,0,2.1608193,0.15542952716350555,0.7184466123580933,0.4033099412918091
YKL220C,YDL058W,0,2.160596,0.15539689362049103,0.7184466123580933,0.4034102261066437
YGR133W,YFL062W,0,2.1605701,0.1553642600774765,0.7184466123580933,0.40351054072380066
YBR253W,YLR355C,0,2.1604648,0.15533165633678436,0.7184466123580933,0.40361082553863525
YMR079W,YLR119W,0,2.160232,0.15529905259609222,0.7184466123580933,0.40371114015579224
YHR050W,YGL077C,0,2.1602032,0.15526646375656128,0.7184466123580933,0.40381142497062683
YPL249C-A,YDR538W,0,2.1601381,0.15523390471935272,0.7184466123580933,0.4039117395877838
YHR050W,YIL114C,0,2.1589131,0.15520134568214417,0.7184466123580933,0.4040120244026184
YER065C,YDL153C,0,2.1588264,0.1551688015460968,0.7184466123580933,0.4041123390197754
YOL013C,YOR056C,0,2.157936,0.15513627231121063,0.7184466123580933,0.40421262383461
YCL026C-A,YGR261C,0,2.1577468,0.15510375797748566,0.7184466123580933,0.40431293845176697
YOR149C,YNL030W,0,2.1565444,0.15507124364376068,0.7184466123580933,0.40441325306892395
YJR001W,YLL015W,1,2.1563869,0.1552482694387436,0.7194174528121948,0.40441325306892395
YBR258C,YIL015W,0,2.1562605,0.15521575510501862,0.7194174528121948,0.40451353788375854
YLR226W,YGL133W,0,2.1562233,0.15518324077129364,0.7194174528121948,0.4046138525009155
YBR073W,YKR022C,0,2.1561565,0.15515075623989105,0.7194174528121948,0.4047141373157501
YPL256C,YGR140W,0,2.155867,0.15511827170848846,0.7194174528121948,0.4048144519329071
YLR110C,YKR042W,0,2.1558142,0.15508581697940826,0.7194174528121948,0.4049147367477417
YPL088W,YBR229C,0,2.1556964,0.15505336225032806,0.7194174528121948,0.4050150513648987
YGL181W,YDR352W,0,2.155682,0.15502092242240906,0.7194174528121948,0.4051153361797333
YNL014W,YNL270C,0,2.1556718,0.15498849749565125,0.7194174528121948,0.40521565079689026
YFL034C-B,YOL058W,0,2.1550906,0.15495608747005463,0.7194174528121948,0.40531593561172485
YHR112C,YHL033C,0,2.155045,0.1549236923456192,0.7194174528121948,0.40541625022888184
YJL123C,YCL026C-A,0,2.154944,0.15489129722118378,0.7194174528121948,0.40551653504371643
YJL047C,YGL079W,0,2.153908,0.15485893189907074,0.7194174528121948,0.4056168496608734
YBL006C,YDR198C,0,2.1538835,0.1548265814781189,0.7194174528121948,0.4057171642780304
YHR039C-A,YNL275W,1,2.153506,0.1550031304359436,0.7203883528709412,0.4057171642780304
YPR151C,YGR092W,0,2.1534119,0.15497076511383057,0.7203883528709412,0.405817449092865
YPL053C,YFL055W,0,2.1532826,0.15493839979171753,0.7203883528709412,0.405917763710022
YPL246C,YDR365W-B,0,2.1531086,0.15490604937076569,0.7203883528709412,0.40601804852485657
YPR201W,YER169W,0,2.1525826,0.15487372875213623,0.7203883528709412,0.40611836314201355
YAL014C,YIL073C,0,2.1522982,0.15484140813350677,0.7203883528709412,0.40621864795684814
YJR090C,YNL220W,0,2.1516423,0.1548091024160385,0.7203883528709412,0.4063189625740051
YLL036C,YMR268C,0,2.1513047,0.15477681159973145,0.7203883528709412,0.4064192473888397
YOL146W,YDR538W,0,2.1511662,0.15474452078342438,0.7203883528709412,0.4065195620059967
YLR320W,YFL052W,0,2.1508155,0.1547122597694397,0.7203883528709412,0.4066198468208313
YER035W,YEL004W,0,2.1505258,0.1546800136566162,0.7203883528709412,0.4067201614379883
YBR103W,YCR068W,0,2.1504726,0.15464776754379272,0.7203883528709412,0.40682047605514526
YIL041W,YCR003W,0,2.1502998,0.15461555123329163,0.7203883528709412,0.40692076086997986
YMR190C,YKR001C,0,2.1501207,0.15458333492279053,0.7203883528709412,0.40702107548713684
YPL268W,YDR394W,0,2.1497188,0.15455113351345062,0.7203883528709412,0.40712136030197144
YNL209W,YMR305C,0,2.149698,0.1545189470052719,0.7203883528709412,0.4072216749191284
YMR244C-A,YNL336W,0,2.1494823,0.1544867753982544,0.7203883528709412,0.407321959733963
YOL137W,YGL179C,0,2.1492012,0.15445461869239807,0.7203883528709412,0.40742227435112
YPL009C,YHR183W,0,2.1491995,0.15442247688770294,0.7203883528709412,0.4075225591659546
YER119C,YDR221W,0,2.1491725,0.154390349984169,0.7203883528709412,0.4076228737831116
YLR423C,YLR336C,0,2.1488333,0.15435822308063507,0.7203883528709412,0.40772315859794617
YPL211W,YDR522C,0,2.1486707,0.15432612597942352,0.7203883528709412,0.40782347321510315
YML014W,YGL175C,0,2.1479673,0.15429402887821198,0.7203883528709412,0.40792375802993774
YMR079W,YBL105C,0,2.147868,0.15426196157932281,0.7203883528709412,0.4080240726470947
YHR018C,YDR352W,0,2.1475954,0.15422989428043365,0.7203883528709412,0.4081243872642517
YBR083W,YOR298C-A,0,2.1474714,0.1541978418827057,0.7203883528709412,0.4082246720790863
YHR026W,YDR352W,1,2.1471188,0.15437357127666473,0.7213592529296875,0.4082246720790863
YJR090C,YPR056W,0,2.147027,0.15434150397777557,0.7213592529296875,0.4083249866962433
YOR326W,YPL234C,1,2.1469827,0.15451712906360626,0.7223300933837891,0.4083249866962433
YNL257C,YIR013C,0,2.146637,0.1544850468635559,0.7223300933837891,0.4084252715110779
YLL036C,YNL152W,0,2.1462514,0.15445297956466675,0.7223300933837891,0.40852558612823486
YHR039C-A,YOR087W,1,2.1459346,0.1546284705400467,0.7233009934425354,0.40852558612823486
YKL120W,YNL220W,0,2.1457164,0.15459638833999634,0.7233009934425354,0.40862587094306946
YGR203W,YLR229C,0,2.145647,0.15456432104110718,0.7233009934425354,0.40872618556022644
YML078W,YGR038C-A,0,2.1452217,0.15453225374221802,0.7233009934425354,0.40882647037506104
YPL020C,YDR141C,0,2.1446123,0.15450020134449005,0.7233009934425354,0.408926784992218
YJR091C,YPR052C,0,2.144341,0.15446817874908447,0.7233009934425354,0.4090270698070526
YBR084C-A,YGL011C,0,2.1441846,0.1544361561536789,0.7233009934425354,0.4091273844242096
YGR209C,YLR222C,0,2.1440997,0.1544041484594345,0.7233009934425354,0.4092276692390442
YFR028C,YIL065C,0,2.1440706,0.15437215566635132,0.7233009934425354,0.40932798385620117
YHL018W,YBR199W,0,2.1433122,0.15434016287326813,0.7233009934425354,0.40942829847335815
YPR107C,YBL105C,0,2.1432877,0.15430819988250732,0.7233009934425354,0.40952858328819275
YOR118W,YLR205C,0,2.14321,0.15427625179290771,0.7233009934425354,0.40962889790534973
YGR192C,YOR328W,0,2.1423216,0.1542443037033081,0.7233009934425354,0.4097291827201843
YLR225C,YEL020C,0,2.142163,0.15421238541603088,0.7233009934425354,0.4098294973373413
YLR166C,YJR019C,0,2.1421251,0.15418046712875366,0.7233009934425354,0.4099297821521759
YDR153C,YER183C,0,2.1415296,0.15414856374263763,0.7233009934425354,0.4100300967693329
YOR118W,YDR331W,0,2.1408577,0.1541166752576828,0.7233009934425354,0.4101303815841675
YCL062W,YDL104C,0,2.1406124,0.15408480167388916,0.7233009934425354,0.41023069620132446
YNL125C,YHR152W,0,2.1403346,0.1540529429912567,0.7233009934425354,0.41033098101615906
YGL255W,YBR136W,0,2.1402469,0.15402108430862427,0.7233009934425354,0.41043129563331604
YER144C,YML033W,0,2.139982,0.1539892554283142,0.7233009934425354,0.41053158044815063
YPR145W,YDL147W,0,2.1399791,0.15395742654800415,0.7233009934425354,0.4106318950653076
YBL084C,YJR019C,0,2.139941,0.15392561256885529,0.7233009934425354,0.4107322096824646
YBR132C,YDR261C-C,0,2.1397097,0.1538938283920288,0.7233009934425354,0.4108324944972992
YCL062W,YPL221W,1,2.1396744,0.15406855940818787,0.724271833896637,0.4108324944972992
YML066C,YLR066W,0,2.1394956,0.1540367603302002,0.724271833896637,0.4109328091144562
YPL047W,YOR231W,0,2.1393898,0.15400496125221252,0.724271833896637,0.41103309392929077
YBL102W,YBR167C,0,2.1388369,0.15397316217422485,0.724271833896637,0.41113340854644775
YPL255W,YDR354W,0,2.138649,0.15394139289855957,0.724271833896637,0.41123369336128235
YER039C,YNL270C,0,2.1385188,0.15390963852405548,0.724271833896637,0.41133400797843933
YML001W,YNL336W,1,2.1384807,0.15408416092395782,0.7252427339553833,0.41133400797843933
YOL058W,YGR065C,0,2.1384265,0.15405237674713135,0.7252427339553833,0.4114342927932739
YOL115W,YGR161C-C,0,2.1383808,0.15402062237262726,0.7252427339553833,0.4115346074104309
YKL125W,YDR432W,0,2.138229,0.15398886799812317,0.7252427339553833,0.4116348922252655
YBR253W,YCR070W,0,2.1378536,0.15395712852478027,0.7252427339553833,0.4117352068424225
YGR087C,YOR030W,0,2.137848,0.15392540395259857,0.7252427339553833,0.4118354916572571
YDR016C,YLR449W,0,2.1377304,0.15389369428157806,0.7252427339553833,0.41193580627441406
YEL011W,YLR341W,0,2.1376812,0.15386199951171875,0.7252427339553833,0.41203612089157104
YIL015W,YJR161C,0,2.1368399,0.15383031964302063,0.7252427339553833,0.41213640570640564
YBR070C,YHR203C,0,2.1364758,0.1537986397743225,0.7252427339553833,0.4122367203235626
YER119C,YOL091W,0,2.136344,0.15376698970794678,0.7252427339553833,0.4123370051383972
YLR002C,YDR210W-A,0,2.135719,0.15373533964157104,0.7252427339553833,0.4124373197555542
YBR083W,YPL066W,0,2.135692,0.1537037044763565,0.7252427339553833,0.4125376045703888
YCR070W,YOR073W,0,2.1355371,0.15367208421230316,0.7252427339553833,0.4126379191875458
YCL062W,YOR035C,0,2.1355224,0.153640478849411,0.7252427339553833,0.41273820400238037
YIR007W,YLR399C,0,2.135313,0.15360888838768005,0.7252427339553833,0.41283851861953735
YCR033W,YBL027W,0,2.1351047,0.1535772979259491,0.7252427339553833,0.41293880343437195
YKR018C,YGR091W,0,2.1350582,0.15354573726654053,0.7252427339553833,0.41303911805152893
YGR192C,YCL062W,0,2.134929,0.15351417660713196,0.7252427339553833,0.4131394326686859
YIL041W,YML033W,0,2.1345599,0.15348263084888458,0.7252427339553833,0.4132397174835205
YAR066W,YGL077C,0,2.1341023,0.1534511148929596,0.7252427339553833,0.4133400321006775
YDR113C,YDL079C,0,2.133441,0.1534195989370346,0.7252427339553833,0.4134403169155121
YDL042C,YGL254W,0,2.1329958,0.15338808298110962,0.7252427339553833,0.41354063153266907
YPL084W,YMR106C,0,2.1328764,0.15335659682750702,0.7252427339553833,0.41364091634750366
YDL212W,YNL327W,0,2.1326828,0.1533251255750656,0.7252427339553833,0.41374123096466064
YER065C,YJR088C,0,2.1326125,0.1532936543226242,0.7252427339553833,0.41384151577949524
YBR179C,YGL077C,0,2.1319985,0.1532622128725052,0.7252427339553833,0.4139418303966522
YGR109C,YGL065C,0,2.1317987,0.15323077142238617,0.7252427339553833,0.4140421152114868
YLR410W,YDR210W,0,2.1317742,0.15319934487342834,0.7252427339553833,0.4141424298286438
YGL131C,YDR171W,0,2.131718,0.1531679332256317,0.7252427339553833,0.4142427146434784
YNR026C,YDL207W,0,2.131651,0.15313653647899628,0.7252427339553833,0.4143430292606354
YPL236C,YPR009W,0,2.1313915,0.15310513973236084,0.7252427339553833,0.41444334387779236
YJL092W,YGL125W,0,2.1313424,0.1530737727880478,0.7252427339553833,0.41454362869262695
YFL016C,YDR037W,0,2.1311014,0.15304240584373474,0.7252427339553833,0.41464394330978394
YPR082C,YOR375C,0,2.1304832,0.15301105380058289,0.7252427339553833,0.41474422812461853
YDR135C,YGL095C,1,2.1304183,0.15318451821804047,0.7262135744094849,0.41474422812461853
YNL222W,YLR089C,0,2.1303937,0.15315315127372742,0.7262135744094849,0.4148445427417755
YEL051W,YLL043W,1,2.1303198,0.15332651138305664,0.7271844744682312,0.4148445427417755
YLR084C,YCR070W,0,2.1302552,0.1532951295375824,0.7271844744682312,0.4149448275566101
YDR221W,YBR293W,0,2.1301744,0.15326376259326935,0.7271844744682312,0.4150451421737671
YML078W,YJR044C,0,2.1294427,0.1532324105501175,0.7271844744682312,0.4151454269886017
YGL013C,YHR178W,0,2.12927,0.15320105850696564,0.7271844744682312,0.41524574160575867
YBL046W,YBR171W,0,2.1290965,0.15316973626613617,0.7271844744682312,0.41534602642059326
YOR202W,YGL150C,0,2.128973,0.1531384140253067,0.7271844744682312,0.41544634103775024
YCR027C,YMR197C,0,2.1280532,0.15310710668563843,0.7271844744682312,0.41554662585258484
YDR314C,YGL179C,0,2.1272469,0.15307582914829254,0.7271844744682312,0.4156469404697418
YIL040W,YBL105C,0,2.1268363,0.15304455161094666,0.7271844744682312,0.4157472550868988
YNL148C,YGL054C,0,2.1267035,0.15301327407360077,0.7271844744682312,0.4158475399017334
YPR156C,YHR039C-B,1,2.1266294,0.15318627655506134,0.7281553149223328,0.4158475399017334
YFL024C,YGL207W,0,2.1266084,0.15315499901771545,0.7281553149223328,0.4159478545188904
YNL305C,YHR039C-B,1,2.1263576,0.15332788228988647,0.7291262149810791,0.4159478545188904
YNL257C,YMR309C,0,2.126116,0.1532965898513794,0.7291262149810791,0.416048139333725
YKL027W,YLR035C,0,2.126106,0.1532653123140335,0.7291262149810791,0.41614845395088196
YFL052W,YFL018C,0,2.1258776,0.15323403477668762,0.7291262149810791,0.41624873876571655
YHR187W,YJL209W,0,2.12579,0.15320277214050293,0.7291262149810791,0.41634905338287354
YJL018W,YHR065C,0,2.1252303,0.15317152440547943,0.7291262149810791,0.41644933819770813
YOL068C,YNL093W,0,2.1248403,0.15314029157161713,0.7291262149810791,0.4165496528148651
YDR408C,YMR092C,0,2.1245813,0.15310907363891602,0.7291262149810791,0.4166499376296997
YKL208W,YGR065C,0,2.1244483,0.1530778706073761,0.7291262149810791,0.4167502522468567
YKL035W,YJR159W,0,2.1243024,0.15304666757583618,0.7291262149810791,0.4168505370616913
YJL018W,YKL065C,0,2.1241283,0.15301547944545746,0.7291262149810791,0.41695085167884827
YDR446W,YGL255W,0,2.123917,0.15298432111740112,0.7291262149810791,0.41705116629600525
YPR009W,YDR210W-A,0,2.123867,0.1529531627893448,0.7291262149810791,0.41715145111083984
YDR284C,YDR477W,1,2.1238458,0.15312564373016357,0.7300971150398254,0.41715145111083984
YLR148W,YOR197W,0,2.1238446,0.15309445559978485,0.7300971150398254,0.4172517657279968
YPR104C,YLR362W,0,2.123468,0.15306329727172852,0.7300971150398254,0.4173520505428314
YGR108W,YHR062C,0,2.123088,0.15303215384483337,0.7300971150398254,0.4174523651599884
YOR354C,YPR158W-A,0,2.1229565,0.15300101041793823,0.7300971150398254,0.417552649974823
YEL013W,YHR039C-B,1,2.1229525,0.1531733125448227,0.731067955493927,0.417552649974823
YCL062W,YCR083W,0,2.1228848,0.15314215421676636,0.731067955493927,0.41765296459198
YAL001C,YBR135W,0,2.1227088,0.1531110256910324,0.731067955493927,0.4177532494068146
YOR088W,YBR132C,1,2.121953,0.15328319370746613,0.7320388555526733,0.4177532494068146
YMR021C,YML033W,0,2.1208968,0.1532520353794098,0.7320388555526733,0.41785356402397156
YGL184C,YGR161C-C,0,2.1207023,0.15322089195251465,0.7320388555526733,0.41795384883880615
YKR081C,YCL062W,0,2.1203957,0.1531897634267807,0.7320388555526733,0.41805416345596313
YFL055W,YCR048W,0,2.1199355,0.15315864980220795,0.7320388555526733,0.4181544780731201
YHR205W,YGL124C,1,2.119923,0.15333062410354614,0.7330096960067749,0.4181544780731201
YNL090W,YML008C,0,2.1198142,0.1532994955778122,0.7330096960067749,0.4182547628879547
YDR261C-C,YGL130W,0,2.1191974,0.15326836705207825,0.7330096960067749,0.4183550775051117
YOL060C,YLL028W,1,2.118606,0.1534402221441269,0.7339805960655212,0.4183550775051117
YGL029W,YOR088W,0,2.118247,0.15340909361839294,0.7339805960655212,0.4184553623199463
YHR216W,YIL157C,0,2.1181908,0.153377965092659,0.7339805960655212,0.41855567693710327
YKR003W,YOR205C,0,2.1180418,0.15334685146808624,0.7339805960655212,0.41865596175193787
YMR077C,YBR161W,1,2.1179323,0.15351855754852295,0.7349514365196228,0.41865596175193787
YHL002W,YNL099C,0,2.1178908,0.153487429022789,0.7349514365196228,0.41875627636909485
YOR128C,YJL047C,0,2.1178186,0.15345631539821625,0.7349514365196228,0.41885656118392944
YDL064W,YML121W,0,2.1178048,0.1534252166748047,0.7349514365196228,0.4189568758010864
YGR198W,YCR070W,0,2.1176755,0.15339411795139313,0.7349514365196228,0.419057160615921
YNL115C,YBR131W,1,2.1175458,0.1535656452178955,0.7359223365783691,0.419057160615921
YKL209C,YPR033C,0,2.1172051,0.15353453159332275,0.7359223365783691,0.419157475233078
YDR147W,YGL181W,0,2.117167,0.1535034477710724,0.7359223365783691,0.4192577600479126
YAR050W,YDR194C,0,2.1170025,0.15347236394882202,0.7359223365783691,0.4193580746650696
YMR092C,YEL042W,0,2.1167808,0.15344129502773285,0.7359223365783691,0.41945838928222656
YER078C,YCR070W,0,2.1165478,0.15341024100780487,0.7359223365783691,0.41955867409706116
YMR030W,YAL042W,0,2.1165037,0.15337920188903809,0.7359223365783691,0.41965898871421814
YOR196C,YDR316W,0,2.1164923,0.1533481627702713,0.7359223365783691,0.41975927352905273
YDR153C,YBR004C,0,2.1164443,0.1533171534538269,0.7359223365783691,0.4198595881462097
YEL034W,YCR071C,0,2.1152205,0.1532861441373825,0.7359223365783691,0.4199598729610443
YHR141C,YLR399C,0,2.1151,0.1532551497220993,0.7359223365783691,0.4200601875782013
YJL018W,YOR190W,0,2.1150208,0.1532241702079773,0.7359223365783691,0.4201604723930359
YJL097W,YJL079C,1,2.1149695,0.15339531004428864,0.7368931770324707,0.4201604723930359
YIL031W,YPL192C,0,2.1141005,0.15336431562900543,0.7368931770324707,0.42026078701019287
YCR071C,YBL101C,0,2.1140504,0.15333333611488342,0.7368931770324707,0.42036107182502747
YDR489W,YER094C,0,2.113669,0.1533023566007614,0.7368931770324707,0.42046138644218445
YCL062W,YLR002C,0,2.113495,0.1532714068889618,0.7368931770324707,0.42056167125701904
YIL099W,YGL038C,0,2.1134033,0.15324045717716217,0.7368931770324707,0.420661985874176
YDR365W-B,YPL128C,0,2.1132593,0.15320952236652374,0.7368931770324707,0.420762300491333
YGL099W,YGL179C,0,2.1131158,0.1531786024570465,0.7368931770324707,0.4208625853061676
YGR203W,YNR051C,0,2.1125202,0.15314769744873047,0.7368931770324707,0.4209628999233246
YGR013W,YGL008C,0,2.1123185,0.15311680734157562,0.7368931770324707,0.4210631847381592
YDR225W,YGR041W,0,2.1121855,0.15308591723442078,0.7368931770324707,0.42116349935531616
YOL088C,YBR179C,0,2.1118999,0.15305505692958832,0.7368931770324707,0.42126378417015076
YML078W,YKL046C,0,2.1115565,0.15302419662475586,0.7368931770324707,0.42136409878730774
YDR119W,YGL047W,0,2.111496,0.1529933512210846,0.7368931770324707,0.42146438360214233
YCR068W,YDL239C,0,2.1113389,0.15296252071857452,0.7368931770324707,0.4215646982192993
YBR217W,YPR079W,0,2.111103,0.15293169021606445,0.7368931770324707,0.4216649830341339
YKL221W,YPR124W,0,2.1109266,0.15290088951587677,0.7368931770324707,0.4217652976512909
YKL146W,YHR039C-B,1,2.1109178,0.15307150781154633,0.737864077091217,0.4217652976512909
YLL052C,YGR092W,0,2.1109009,0.15304067730903625,0.737864077091217,0.4218655824661255
YGR028W,YLR095C,0,2.110543,0.15300986170768738,0.737864077091217,0.42196589708328247
YIR033W,YDR153C,0,2.1102514,0.1529790610074997,0.737864077091217,0.42206621170043945
YOR141C,YDR488C,0,2.1101575,0.1529482752084732,0.737864077091217,0.42216649651527405
YNL169C,YGL234W,0,2.110025,0.1529175043106079,0.737864077091217,0.42226681113243103
YOR307C,YFL003C,0,2.109558,0.1528867483139038,0.737864077091217,0.4223670959472656
YGR157W,YJL063C,0,2.109535,0.1528559923171997,0.737864077091217,0.4224674105644226
YIL067C,YKL165C,1,2.1095343,0.15302634239196777,0.7388349771499634,0.4224674105644226
YDR462W,YDR408C,0,2.109493,0.15299557149410248,0.7388349771499634,0.4225676953792572
YMR135C,YCR079W,0,2.1093624,0.15296483039855957,0.7388349771499634,0.4226680099964142
YFR046C,YHL009W-A,0,2.1092968,0.15293408930301666,0.7388349771499634,0.4227682948112488
YDR184C,YDR409W,0,2.1091876,0.15290334820747375,0.7388349771499634,0.42286860942840576
YCR028C-A,YPL079W,0,2.1077695,0.15287263691425323,0.7388349771499634,0.42296889424324036
YPL045W,YJL159W,0,2.1077003,0.1528419405221939,0.7388349771499634,0.42306920886039734
YLR376C,YBR210W,0,2.1075215,0.15281124413013458,0.7388349771499634,0.42316949367523193
YMR159C,YDR262W,1,2.1067505,0.15298132598400116,0.7398058176040649,0.42316949367523193
YBR133C,YHL001W,0,2.1066918,0.15295062959194183,0.7398058176040649,0.4232698082923889
YLR148W,YDL058W,0,2.1065183,0.1529199331998825,0.7398058176040649,0.4233701229095459
YFR004W,YIL129C,0,2.1061437,0.15288925170898438,0.7398058176040649,0.4234704077243805
YOL013C,YOL068C,0,2.1059167,0.15285857021808624,0.7398058176040649,0.4235707223415375
YFL024C,YOR088W,0,2.1057396,0.1528279185295105,0.7398058176040649,0.42367100715637207
YOR354C,YJR159W,0,2.1056652,0.15279726684093475,0.7398058176040649,0.42377132177352905
YLR242C,YFL002C,0,2.1055896,0.1527666449546814,0.7398058176040649,0.42387160658836365
YIL041W,YAL014C,0,2.10551,0.15273602306842804,0.7398058176040649,0.42397192120552063
YDR113C,YGR065C,0,2.10548,0.15270541608333588,0.7398058176040649,0.4240722060203552
YDL103C,YDR352W,0,2.1054287,0.1526748090982437,0.7398058176040649,0.4241725206375122
YGL181W,YER169W,0,2.1052732,0.15264423191547394,0.7398058176040649,0.4242728054523468
YOR328W,YLR066W,0,2.105133,0.15261365473270416,0.7398058176040649,0.4243731200695038
YHL018W,YJL160C,0,2.1048203,0.15258309245109558,0.7398058176040649,0.42447343468666077
YGR161C-C,YGR271C-A,0,2.1047912,0.1525525599718094,0.7398058176040649,0.42457371950149536
YIL121W,YLR319C,0,2.104621,0.152522012591362,0.7398058176040649,0.42467403411865234
YDL103C,YKL220C,0,2.1043482,0.152491495013237,0.7398058176040649,0.42477431893348694
YIL158W,YGL166W,0,2.1041236,0.152460977435112,0.7398058176040649,0.4248746335506439
YCL062W,YKL216W,0,2.1041007,0.1524304896593094,0.7398058176040649,0.4249749183654785
YBL046W,YNL075W,0,2.103917,0.15240000188350677,0.7398058176040649,0.4250752329826355
YKL213C,YPL024W,0,2.1032457,0.15236952900886536,0.7398058176040649,0.4251755177974701
YBR127C,YDR210W-A,0,2.1025136,0.15233907103538513,0.7398058176040649,0.4252758324146271
YBL040C,YDL155W,0,2.102044,0.1523086130619049,0.7398058176040649,0.42537611722946167
YDR016C,YGL208W,0,2.101931,0.15227818489074707,0.7398058176040649,0.42547643184661865
YLR272C,YLR256W,0,2.1013339,0.15224775671958923,0.7398058176040649,0.42557671666145325
YNL300W,YDR354W,0,2.100912,0.1522173434495926,0.7398058176040649,0.42567703127861023
YBL006C,YOR033C,0,2.1005077,0.15218694508075714,0.7398058176040649,0.4257773458957672
YJL018W,YBL009W,0,2.0996323,0.1521565467119217,0.7398058176040649,0.4258776307106018
YDR119W,YNL272C,0,2.099193,0.15212617814540863,0.7398058176040649,0.4259779453277588
YLR297W,YGR133W,0,2.0990362,0.15209580957889557,0.7398058176040649,0.4260782301425934
YHR191C,YMR154C,0,2.098858,0.1520654559135437,0.7398058176040649,0.42617854475975037
YML046W,YML001W,0,2.0988076,0.15203511714935303,0.7398058176040649,0.42627882957458496
YNR012W,YMR021C,0,2.0987175,0.15200479328632355,0.7398058176040649,0.42637914419174194
YBL084C,YIL040W,0,2.0986898,0.15197446942329407,0.7398058176040649,0.42647942900657654
YNR012W,YML033W,0,2.0983648,0.15194416046142578,0.7398058176040649,0.4265797436237335
YDL025C,YKR086W,0,2.0981393,0.15191388130187988,0.7398058176040649,0.4266800284385681
YML064C,YBR133C,0,2.0974874,0.15188360214233398,0.7398058176040649,0.4267803430557251
YBL046W,YMR309C,0,2.0974107,0.15185332298278809,0.7398058176040649,0.4268806278705597
YOR307C,YLR229C,0,2.0973415,0.15182307362556458,0.7398058176040649,0.4269809424877167
YML038C,YCL010C,0,2.097262,0.15179282426834106,0.7398058176040649,0.42708125710487366
YDR261C-C,YDR020C,0,2.0969353,0.15176258981227875,0.7398058176040649,0.42718154191970825
YCR102C,YMR116C,0,2.0967684,0.15173237025737762,0.7398058176040649,0.42728185653686523
YER124C,YDR409W,0,2.0966756,0.1517021656036377,0.7398058176040649,0.42738214135169983
YOL088C,YOR344C,0,2.0964062,0.15167197585105896,0.7398058176040649,0.4274824559688568
YHL009C,YEL026W,0,2.09629,0.15164178609848022,0.7398058176040649,0.4275827407836914
YBR227C,YDR141C,0,2.096205,0.15161162614822388,0.7398058176040649,0.4276830554008484
YDR162C,YPL008W,0,2.0960004,0.15158146619796753,0.7398058176040649,0.427783340215683
YFL053W,YCR070W,0,2.0958543,0.15155130624771118,0.7398058176040649,0.42788365483283997
YDL002C,YGL150C,0,2.0957017,0.15152117609977722,0.7398058176040649,0.42798393964767456
YAL055W,YEL071W,0,2.0954962,0.15149106085300446,0.7398058176040649,0.42808425426483154
YPR094W,YOR088W,0,2.0950258,0.1514609456062317,0.7398058176040649,0.42818453907966614
YKL213C,YLL054C,0,2.0946648,0.15143084526062012,0.7398058176040649,0.4282848536968231
YPL268W,YOR088W,0,2.0942545,0.15140075981616974,0.7398058176040649,0.4283851683139801
YDR202C,YAR066W,0,2.0941257,0.15137067437171936,0.7398058176040649,0.4284854531288147
YLR034C,YDR262W,1,2.0939593,0.15153922140598297,0.7407767176628113,0.4284854531288147
YOL128C,YDL044C,0,2.09386,0.1515091359615326,0.7407767176628113,0.4285857677459717
YOR005C,YIL129C,0,2.093559,0.15147905051708221,0.7407767176628113,0.4286860525608063
YDR261C-C,YCR079W,0,2.0934935,0.15144899487495422,0.7407767176628113,0.42878636717796326
YJR137C,YNL148C,0,2.093492,0.15141893923282623,0.7407767176628113,0.42888665199279785
YDR261C-C,YDR394W,0,2.0929785,0.15138888359069824,0.7407767176628113,0.42898696660995483
YJR088C,YCR003W,0,2.0926852,0.15135885775089264,0.7407767176628113,0.42908725142478943
YER006W,YHR188C,0,2.0924125,0.15132883191108704,0.7407767176628113,0.4291875660419464
YPL152W,YJR014W,0,2.092247,0.15129883587360382,0.7407767176628113,0.429287850856781
YNL009W,YJL118W,0,2.0921519,0.1512688398361206,0.7407767176628113,0.429388165473938
YBR018C,YDL147W,0,2.0918057,0.1512388437986374,0.7407767176628113,0.42948848009109497
YML029W,YCR070W,0,2.0916398,0.15120887756347656,0.7407767176628113,0.42958876490592957
YDL188C,YHL033C,0,2.0909312,0.15117891132831573,0.7407767176628113,0.42968907952308655
YGR023W,YPR201W,0,2.09068,0.1511489748954773,0.7407767176628113,0.42978936433792114
YBL050W,YGR240C,0,2.0903735,0.15111903846263885,0.7407767176628113,0.4298896789550781
YCL045C,YPL242C,0,2.0899284,0.15108910202980042,0.7407767176628113,0.4299899637699127
YDL077C,YLR240W,1,2.0898867,0.15125717222690582,0.7417475581169128,0.4299899637699127
YIL049W,YHL020C,0,2.0898638,0.15122723579406738,0.7417475581169128,0.4300902783870697
YNL321W,YHR032W,0,2.0898132,0.15119731426239014,0.7417475581169128,0.4301905632019043
YPL232W,YJR125C,0,2.0897737,0.1511673927307129,0.7417475581169128,0.4302908778190613
YBL018C,YIL129C,0,2.0895555,0.15113748610019684,0.7417475581169128,0.4303911626338959
YDL188C,YBR104W,0,2.0895476,0.15110759437084198,0.7417475581169128,0.43049147725105286
YER054C,YLR372W,0,2.0893335,0.15107771754264832,0.7417475581169128,0.43059176206588745
YHL018W,YHR188C,0,2.08926,0.15104784071445465,0.7417475581169128,0.43069207668304443
YPL045W,YDL126C,0,2.0885155,0.15101799368858337,0.7417475581169128,0.4307923913002014
YNL264C,YBL067C,0,2.088213,0.1509881466627121,0.7417475581169128,0.430892676115036
YKL035W,YNL265C,0,2.0881393,0.15095831453800201,0.7417475581169128,0.430992990732193
YJL010C,YGL033W,0,2.0881033,0.15092848241329193,0.7417475581169128,0.4310932755470276
YCR020W-B,YGR207C,0,2.0880337,0.15089868009090424,0.7417475581169128,0.43119359016418457
YDR162C,YBR044C,0,2.0875344,0.15086887776851654,0.7417475581169128,0.43129387497901917
YFL034C-B,YHR203C,0,2.0873466,0.15083909034729004,0.7417475581169128,0.43139418959617615
YBL036C,YCR008W,0,2.0870347,0.15080931782722473,0.7417475581169128,0.43149447441101074
YOL097C,YKL073W,0,2.086931,0.15077956020832062,0.7417475581169128,0.4315947890281677
YOR125C,YDR331W,0,2.0866933,0.1507498025894165,0.7417475581169128,0.4316950738430023
YGL020C,YPL066W,0,2.0866475,0.15072005987167358,0.7417475581169128,0.4317953884601593
YER119C,YBL005W-A,0,2.0865457,0.15069033205509186,0.7417475581169128,0.4318956732749939
YGR013W,YNL093W,0,2.0863929,0.15066061913967133,0.7417475581169128,0.4319959878921509
YNL047C,YAL042W,0,2.0863605,0.150630921125412,0.7417475581169128,0.43209630250930786
YMR134W,YER170W,0,2.0860825,0.15060122311115265,0.7417475581169128,0.43219658732414246
YOR354C,YJL115W,0,2.0860236,0.1505715399980545,0.7417475581169128,0.43229690194129944
YGL255W,YGL153W,0,2.0860016,0.15054187178611755,0.7417475581169128,0.43239718675613403
YGR203W,YLR431C,0,2.0859601,0.1505122184753418,0.7417475581169128,0.432497501373291
YMR054W,YJL079C,1,2.0859523,0.15067952871322632,0.7427184581756592,0.432497501373291
YML131W,YCL062W,0,2.0848713,0.15064986050128937,0.7427184581756592,0.4325977861881256
YOR219C,YOR288C,1,2.0847068,0.15081709623336792,0.7436892986297607,0.4325977861881256
YDL239C,YGR027W-A,0,2.0842633,0.15078739821910858,0.7436892986297607,0.4326981008052826
YCR044C,YJR138W,1,2.083713,0.15095452964305878,0.7446601986885071,0.4326981008052826
YKL163W,YDR293C,0,2.0836146,0.15092483162879944,0.7446601986885071,0.4327983856201172
YDR142C,YPR009W,0,2.0832405,0.1508951336145401,0.7446601986885071,0.43289870023727417
YOL034W,YNR075W,0,2.0828812,0.15086546540260315,0.7446601986885071,0.43299898505210876
YNL067W,YDL066W,0,2.0826292,0.1508357971906662,0.7446601986885071,0.43309929966926575
YKL146W,YPL192C,0,2.082528,0.15080612897872925,0.7446601986885071,0.43319958448410034
YDR408C,YPL217C,0,2.0815406,0.15077649056911469,0.7446601986885071,0.4332998991012573
YMR216C,YKL084W,0,2.0813441,0.15074685215950012,0.7446601986885071,0.4334002137184143
YKL125W,YER016W,0,2.0811822,0.15071722865104675,0.7446601986885071,0.4335004985332489
YHL022C,YOR030W,0,2.0806956,0.15068762004375458,0.7446601986885071,0.4336008131504059
YLR148W,YMR106C,0,2.0806665,0.1506580263376236,0.7446601986885071,0.4337010979652405
YJL018W,YLR274W,0,2.080657,0.15062843263149261,0.7446601986885071,0.43380141258239746
YKL127W,YJL076W,0,2.0805721,0.15059885382652283,0.7446601986885071,0.43390169739723206
YFL018C,YIL067C,0,2.0805142,0.15056928992271423,0.7446601986885071,0.43400201201438904
YBR133C,YML046W,0,2.080277,0.15053974092006683,0.7446601986885071,0.43410229682922363
YLR222C,YLR421C,0,2.079817,0.15051020681858063,0.7446601986885071,0.4342026114463806
YOR118W,YKR046C,0,2.079802,0.15048067271709442,0.7446601986885071,0.4343028962612152
YJR056C,YKL148C,0,2.07949,0.1504511535167694,0.7446601986885071,0.4344032108783722
YML131W,YBR056W,0,2.0788174,0.1504216492176056,0.7446601986885071,0.4345034956932068
YGR247W,YOL068C,0,2.0785913,0.15039215981960297,0.7446601986885071,0.43460381031036377
YPL084W,YMR323W,0,2.078223,0.15036267042160034,0.7446601986885071,0.43470412492752075
YLR332W,YGR163W,0,2.077807,0.1503331959247589,0.7446601986885071,0.43480440974235535
YGR161C-C,YIL168W,0,2.0775027,0.15030373632907867,0.7446601986885071,0.43490472435951233
YDL122W,YLR089C,0,2.0774853,0.15027429163455963,0.7446601986885071,0.4350050091743469
YCR028C-A,YMR260C,0,2.0772653,0.15024486184120178,0.7446601986885071,0.4351053237915039
YOR298C-A,YOR197W,0,2.0770965,0.15021543204784393,0.7446601986885071,0.4352056086063385
YIR021W,YER075C,0,2.076725,0.15018601715564728,0.7446601986885071,0.4353059232234955
YBR132C,YPL006W,1,2.076696,0.1503523886203766,0.7456310391426086,0.4353059232234955
YPL088W,YEL004W,0,2.076663,0.15032295882701874,0.7456310391426086,0.4354062080383301
YPR121W,YPL003W,0,2.0766616,0.15029354393482208,0.7456310391426086,0.43550652265548706
YOL077W-A,YGR098C,0,2.0766249,0.15026412904262543,0.7456310391426086,0.43560680747032166
YHL022C,YBR004C,0,2.0764558,0.15023474395275116,0.7456310391426086,0.43570712208747864
YJL018W,YKL160W,0,2.0763304,0.1502053588628769,0.7456310391426086,0.4358074367046356
YGR198W,YMR060C,0,2.076033,0.15017598867416382,0.7456310391426086,0.4359077215194702
YPL012W,YJL160C,0,2.0760307,0.15014663338661194,0.7456310391426086,0.4360080361366272
YCL011C,YER004W,0,2.0759037,0.15011727809906006,0.7456310391426086,0.4361083209514618
YPL128C,YER073W,0,2.0757143,0.15008793771266937,0.7456310391426086,0.4362086355686188
YER119C,YCL062W,1,2.0750694,0.1502540111541748,0.746601939201355,0.4362086355686188
YCR067C,YMR164C,0,2.0739923,0.15022465586662292,0.746601939201355,0.43630892038345337
YNL009W,YBR227C,0,2.0737762,0.15019531548023224,0.746601939201355,0.43640923500061035
YJL002C,YGL054C,0,2.0729656,0.15016598999500275,0.746601939201355,0.43650951981544495
YBR290W,YBR132C,1,2.072183,0.15033189952373505,0.7475728392601013,0.43650951981544495
YBR203W,YMR244C-A,0,2.072053,0.15030255913734436,0.7475728392601013,0.43660983443260193
YNL300W,YNL225C,0,2.0717745,0.15027321875095367,0.7475728392601013,0.4367101192474365
YIL127C,YLR077W,0,2.0715857,0.15024390816688538,0.7475728392601013,0.4368104338645935
YIL041W,YGL065C,0,2.0713868,0.15021459758281708,0.7475728392601013,0.4369107186794281
YHR175W,YPL180W,1,2.0711505,0.15038034319877625,0.7485436797142029,0.4369107186794281
YOR118W,YDL188C,0,2.0711398,0.15035101771354675,0.7485436797142029,0.4370110332965851
YKL184W,YKL073W,0,2.071103,0.15032170712947845,0.7485436797142029,0.43711134791374207
YHR216W,YOR033C,0,2.0709448,0.15029239654541016,0.7485436797142029,0.43721163272857666
YKR022C,YKR046C,0,2.0709398,0.15026310086250305,0.7485436797142029,0.43731194734573364
YBR179C,YGR231C,0,2.070421,0.15023382008075714,0.7485436797142029,0.43741223216056824
YOR125C,YPR165W,0,2.0698564,0.15020455420017242,0.7485436797142029,0.4375125467777252
YHL002W,YPR164W,0,2.069561,0.1501753032207489,0.7485436797142029,0.4376128315925598
YEL063C,YDR034C-D,0,2.0694366,0.15014605224132538,0.7485436797142029,0.4377131462097168
YKL188C,YOR003W,0,2.0692134,0.15011681616306305,0.7485436797142029,0.4378134310245514
YDR408C,YPR065W,0,2.068836,0.15008759498596191,0.7485436797142029,0.4379137456417084
YCR070W,YKR039W,0,2.068817,0.15005838871002197,0.7485436797142029,0.43801403045654297
YNL090W,YHL022C,0,2.0687919,0.15002918243408203,0.7485436797142029,0.43811434507369995
YOL060C,YMR243C,1,2.068724,0.15019455552101135,0.7495145797729492,0.43811434507369995
YDL212W,YDL122W,0,2.0683157,0.15016533434391022,0.7495145797729492,0.43821462988853455
YIR028W,YGL234W,0,2.068243,0.15013612806797028,0.7495145797729492,0.43831494450569153
YGR161C-C,YGL175C,0,2.0680437,0.15010693669319153,0.7495145797729492,0.4384152591228485
YNL224C,YDR198C,0,2.0679736,0.15007776021957397,0.7495145797729492,0.4385155439376831
YPL120W,YJR033C,1,2.0675914,0.15024295449256897,0.7504854202270508,0.4385155439376831
YHR063C,YBL097W,0,2.067501,0.15021376311779022,0.7504854202270508,0.4386158585548401
YOR128C,YDR210W-A,0,2.067155,0.15018457174301147,0.7504854202270508,0.4387161433696747
YOR321W,YMR083W,0,2.0671158,0.15015539526939392,0.7504854202270508,0.43881645798683167
YPL124W,YDR141C,0,2.0670059,0.15012623369693756,0.7504854202270508,0.43891674280166626
YKL112W,YBR244W,0,2.066991,0.1500970870256424,0.7504854202270508,0.43901705741882324
YPL045W,YHR098C,0,2.0666807,0.15006795525550842,0.7504854202270508,0.43911734223365784
YGR287C,YHR019C,0,2.0666134,0.15003882348537445,0.7504854202270508,0.4392176568508148
YHL020C,YOR197W,0,2.066604,0.15000970661640167,0.7504854202270508,0.4393179416656494
YDR006C,YPL162C,0,2.066525,0.1499806046485901,0.7504854202270508,0.4394182562828064
YML066C,YER141W,0,2.0664546,0.1499515026807785,0.7504854202270508,0.439518541097641
YBR200W,YIL010W,0,2.066398,0.1499224156141281,0.7504854202270508,0.439618855714798
YLR034C,YOR058C,0,2.0662758,0.14989334344863892,0.7504854202270508,0.43971917033195496
YIR021W,YCL062W,0,2.0658958,0.1498642861843109,0.7504854202270508,0.43981945514678955
YPL249C-A,YJR125C,0,2.065044,0.1498352438211441,0.7504854202270508,0.43991976976394653
YCR070W,YNL113W,0,2.0647132,0.1498062014579773,0.7504854202270508,0.44002005457878113
YJR125C,YDL213C,0,2.0643766,0.14977717399597168,0.7504854202270508,0.4401203691959381
YHR124W,YGR038W,0,2.064009,0.14974816143512726,0.7504854202270508,0.4402206540107727
YDL052C,YMR278W,0,2.063932,0.14971914887428284,0.7504854202270508,0.4403209686279297
YJR007W,YOL027C,0,2.0636587,0.1496901661157608,0.7504854202270508,0.4404212534427643
YDR104C,YOL044W,0,2.0635805,0.14966118335723877,0.7504854202270508,0.44052156805992126
YBR235W,YNL053W,0,2.0634925,0.14963221549987793,0.7504854202270508,0.44062185287475586
YGR284C,YFL003C,0,2.0633402,0.1496032476425171,0.7504854202270508,0.44072216749191284
YDR143C,YPR052C,0,2.063178,0.14957430958747864,0.7504854202270508,0.4408224821090698
YKL107W,YHR003C,0,2.0631533,0.14954537153244019,0.7504854202270508,0.4409227669239044
YKL160W,YHR084W,0,2.0629706,0.14951644837856293,0.7504854202270508,0.4410230815410614
YLL023C,YOL148C,0,2.0626373,0.14948752522468567,0.7504854202270508,0.441123366355896
YOR033C,YNL279W,0,2.062395,0.1494586169719696,0.7504854202270508,0.441223680973053
YGR128C,YBR110W,0,2.0621495,0.14942973852157593,0.7504854202270508,0.4413239657878876
YGR161C-C,YJL159W,0,2.0619524,0.14940084517002106,0.7504854202270508,0.44142428040504456
YIL105C,YKR042W,0,2.061226,0.14937198162078857,0.7504854202270508,0.44152456521987915
YLR081W,YMR044W,0,2.06075,0.1493431180715561,0.7504854202270508,0.44162487983703613
YOL060C,YNL265C,0,2.0604916,0.1493142694234848,0.7504854202270508,0.4417251646518707
YDR034C-D,YGR207C,0,2.0603297,0.1492854356765747,0.7504854202270508,0.4418254792690277
YLR157C-B,YNL305C,0,2.0602908,0.1492566168308258,0.7504854202270508,0.4419257640838623
YNL264C,YBR221C,0,2.0601115,0.1492277979850769,0.7504854202270508,0.4420260787010193
YLR222C,YFR055W,0,2.0601,0.1491989940404892,0.7504854202270508,0.44212639331817627
YHL018W,YDR163W,0,2.0599627,0.14917020499706268,0.7504854202270508,0.44222667813301086
YLR081W,YML065W,0,2.0598078,0.14914143085479736,0.7504854202270508,0.44232699275016785
YPR181C,YKL211C,0,2.0595903,0.14911265671253204,0.7504854202270508,0.44242727756500244
YBR203W,YDR432W,0,2.0595725,0.14908389747142792,0.7504854202270508,0.4425275921821594
YBL008W-A,YOR362C,0,2.0595007,0.14905515313148499,0.7504854202270508,0.442627876996994
YPL149W,YJL012C-A,1,2.0595007,0.14921920001506805,0.7514563202857971,0.442627876996994
YGL210W-A,YGR195W,0,2.0595007,0.14919044077396393,0.7514563202857971,0.442728191614151
YNL024C-A,YHR176W,0,2.0595007,0.1491616815328598,0.7514563202857971,0.4428284764289856
YJL047C,YCL027C-A,0,2.0595007,0.14913295209407806,0.7514563202857971,0.4429287910461426
YHR134W,YCL027C-A,0,2.0595007,0.14910422265529633,0.7514563202857971,0.4430290758609772
YDL210W,YCL005W-A,1,2.0595007,0.14926810562610626,0.7524271607398987,0.4430290758609772
YMR164C,YGL210W-A,0,2.0595007,0.14923936128616333,0.7524271607398987,0.44312939047813416
YNL024C-A,YPR065W,0,2.0595007,0.1492106318473816,0.7524271607398987,0.44322967529296875
YGL210W-A,YFL053W,0,2.0595007,0.14918190240859985,0.7524271607398987,0.44332998991012573
YDR210W-D,YJR105W,0,2.0595007,0.1491531878709793,0.7524271607398987,0.4434303045272827
YML025C,YCR070W,0,2.0595007,0.14912448823451996,0.7524271607398987,0.4435305893421173
YNL015W,YOL053C-A,1,2.0595007,0.14928819239139557,0.753398060798645,0.4435305893421173
YBR127C,YCL005W-A,1,2.0595007,0.1494518220424652,0.7543689608573914,0.4435305893421173
YNL024C-A,YNL067W,0,2.0595007,0.14942307770252228,0.7543689608573914,0.4436309039592743
YBL008W-A,YLR210W,0,2.0595007,0.14939434826374054,0.7543689608573914,0.4437311887741089
YDL226C,YKR099C-A,0,2.0595007,0.14936563372612,0.7543689608573914,0.44383150339126587
YNL037C,YGL210W-A,0,2.0595007,0.14933691918849945,0.7543689608573914,0.44393178820610046
YDR210W-D,YHR187W,0,2.0595007,0.1493082195520401,0.7543689608573914,0.44403210282325745
YOL053C-A,YNL325C,1,2.0595007,0.14947165548801422,0.7553398013114929,0.44403210282325745
YOL053C-A,YMR171C,1,2.0595007,0.14963503181934357,0.7563107013702393,0.44403210282325745
YAR050W,YKR099C-A,0,2.0595007,0.14960630238056183,0.7563107013702393,0.44413238763809204
YDR524C-B,YLR136C,0,2.0595007,0.1495775729417801,0.7563107013702393,0.444232702255249
YDR210W-D,YGL160W,0,2.0595007,0.14954885840415955,0.7563107013702393,0.4443329870700836
YMR170C,YKR099C-A,0,2.0595007,0.1495201587677002,0.7563107013702393,0.4444333016872406
YDR142C,YGL210W-A,0,2.0595007,0.14949145913124084,0.7563107013702393,0.4445335865020752
YGL210W-A,YPL249C-A,0,2.0595007,0.1494627743959427,0.7563107013702393,0.4446339011192322
YOL053C-A,YDL054C,1,2.0595007,0.14962594211101532,0.7572815418243408,0.4446339011192322
YLR386W,YJL012C-A,1,2.0595007,0.14978903532028198,0.7582524418830872,0.4446339011192322
YGR287C,YCL027C-A,0,2.0595007,0.14976030588150024,0.7582524418830872,0.44473421573638916
YNL024C-A,YDR171W,0,2.0595007,0.1497315913438797,0.7582524418830872,0.44483450055122375
YOL053C-A,YKL165C,1,2.0595007,0.149894580245018,0.7592232823371887,0.44483450055122375
YBL008W-A,YAL042W,0,2.0595007,0.14986585080623627,0.7592232823371887,0.44493481516838074
YHR050W,YJL012C-A,1,2.0595007,0.15002873539924622,0.7601941823959351,0.44493481516838074
YBL008W-A,YIL114C,0,2.0595007,0.15000000596046448,0.7601941823959351,0.44503509998321533
YDR210W-D,YJR017C,0,2.0595007,0.14997127652168274,0.7601941823959351,0.4451354146003723
YDR210W-D,YOR128C,0,2.0595007,0.149942547082901,0.7601941823959351,0.4452356994152069
YFL041W,YJL012C-A,1,2.0595007,0.1501052975654602,0.7611650228500366,0.4452356994152069
YOR256C,YOR343C-B,0,2.0595007,0.15007656812667847,0.7611650228500366,0.4453360140323639
YGL201C,YOR343C-B,0,2.0595007,0.15004785358905792,0.7611650228500366,0.4454362988471985
YKR099C-A,YBR244W,0,2.0595007,0.15001913905143738,0.7611650228500366,0.44553661346435547
YDR524C-B,YOL130W,0,2.0595007,0.14999043941497803,0.7611650228500366,0.44563689827919006
YOR130C,YKR099C-A,0,2.0595007,0.14996173977851868,0.7611650228500366,0.44573721289634705
YNL024C-A,YNR075W,0,2.0595007,0.1499330699443817,0.7611650228500366,0.44583749771118164
YNL024C-A,YGL224C,0,2.0595007,0.14990440011024475,0.7611650228500366,0.4459378123283386
YGR109C,YDR524C-B,0,2.0595007,0.14987574517726898,0.7611650228500366,0.4460381269454956
YGL210W-A,YGL160W,0,2.0595007,0.1498470902442932,0.7611650228500366,0.4461384117603302
YJR033C,YCL062W,1,2.0595007,0.15000955760478973,0.762135922908783,0.4461384117603302
YCR102C,YCL027C-A,0,2.0595007,0.14998088777065277,0.762135922908783,0.4462387263774872
YGL145W,YDR524C-B,0,2.0595007,0.1499522477388382,0.762135922908783,0.4463390111923218
YJL116C,YKR099C-A,0,2.0595007,0.14992360770702362,0.762135922908783,0.44643932580947876
YDR079C-A,YIL017C,0,2.0595007,0.14989498257637024,0.762135922908783,0.44653961062431335
YOR173W,YCR070W,0,2.0595007,0.14986635744571686,0.762135922908783,0.44663992524147034
YNL024C-A,YNR036C,0,2.0595007,0.14983776211738586,0.762135922908783,0.44674021005630493
YGL210W-A,YKR087C,0,2.0595007,0.14980916678905487,0.762135922908783,0.4468405246734619
YBL008W-A,YGR109C,0,2.0595007,0.14978057146072388,0.762135922908783,0.4469408094882965
YDL079C,YOR343C-B,0,2.0595007,0.14975200593471527,0.762135922908783,0.4470411241054535
YHR079C-A,YJL018W,0,2.0595007,0.14972344040870667,0.762135922908783,0.4471414387226105
YDR422C,YJL012C-A,1,2.0595007,0.14988557994365692,0.7631068229675293,0.4471414387226105
YGL017W,YBL008W-A,0,2.0595007,0.14985699951648712,0.7631068229675293,0.44724172353744507
YDR524C-B,YLR216C,0,2.0595007,0.14982843399047852,0.7631068229675293,0.44734203815460205
YOR144C,YDR524C-B,0,2.0595007,0.1497998833656311,0.7631068229675293,0.44744232296943665
YDL193W,YNL024C-A,0,2.0595007,0.14977134764194489,0.7631068229675293,0.44754263758659363
YDR210W-D,YAL001C,0,2.0595007,0.14974281191825867,0.7631068229675293,0.4476429224014282
YDR349C,YGL210W-A,0,2.0595007,0.14971429109573364,0.7631068229675293,0.4477432370185852
YER146W,YNL024C-A,0,2.0595007,0.14968577027320862,0.7631068229675293,0.4478435218334198
YPL100W,YOL053C-A,1,2.0595007,0.14984767138957977,0.7640776634216309,0.4478435218334198
YDR524C-B,YMR216C,0,2.0595007,0.14981915056705475,0.7640776634216309,0.4479438364505768
YMR214W,YBL008W-A,0,2.0595007,0.14979062974452972,0.7640776634216309,0.4480441212654114
YDR210W-D,YDR489W,0,2.0595007,0.1497621387243271,0.7640776634216309,0.44814443588256836
YGL130W,YKR099C-A,0,2.0595007,0.14973363280296326,0.7640776634216309,0.44824472069740295
YOL053C-A,YMR159C,1,2.0595007,0.14989538490772247,0.7650485634803772,0.44824472069740295
YGL210W-A,YLR133W,0,2.0595007,0.14986686408519745,0.7650485634803772,0.44834503531455994
YCL019W,YGL210W-A,0,2.0595007,0.1498383730649948,0.7650485634803772,0.4484453499317169
YDR210W-D,YER058W,0,2.0595007,0.14980988204479218,0.7650485634803772,0.4485456347465515
YLL024C,YOL053C-A,1,2.0595007,0.14997148513793945,0.7660194039344788,0.4485456347465515
YDR210W-D,YKR080W,0,2.0595007,0.14994299411773682,0.7660194039344788,0.4486459493637085
YGL210W-A,YMR162C,0,2.0595007,0.14991450309753418,0.7660194039344788,0.4487462341785431
YBL008W-A,YOR100C,0,2.0595007,0.14988601207733154,0.7660194039344788,0.4488465487957001
YHR039C-B,YFR019W,1,2.0595007,0.15004748106002808,0.7669903039932251,0.4488465487957001
YDR006C,YGL210W-A,0,2.0595007,0.15001899003982544,0.7669903039932251,0.44894683361053467
YGL002W,YOR343C-B,0,2.0595007,0.149990513920784,0.7669903039932251,0.44904714822769165
YCL069W,YJL012C-A,1,2.0595007,0.15015186369419098,0.7679611444473267,0.44904714822769165
YOL053C-A,YOR270C,1,2.0595007,0.15031315386295319,0.768932044506073,0.44904714822769165
YGL032C,YCL027C-A,0,2.0595007,0.15028463304042816,0.768932044506073,0.44914743304252625
YOL053C-A,YCR044C,1,2.0595007,0.1504458338022232,0.7699028849601746,0.44914743304252625
YGR013W,YCL027C-A,0,2.0595007,0.150417298078537,0.7699028849601746,0.4492477476596832
YGL210W-A,YFL022C,0,2.0595007,0.15038877725601196,0.7699028849601746,0.4493480324745178
YDR210W-D,YLR077W,0,2.0595007,0.15036025643348694,0.7699028849601746,0.4494483470916748
YBR131W,YJL012C-A,1,2.0595007,0.15052132308483124,0.7708737850189209,0.4494483470916748
YGL210W-A,YBR044C,0,2.0595007,0.1504928022623062,0.7708737850189209,0.4495486319065094
YDR210W-D,YOL110W,0,2.0595007,0.1504642814397812,0.7708737850189209,0.4496489465236664
YDR171W,YOR343C-B,0,2.0595007,0.15043577551841736,0.7708737850189209,0.44974926114082336
YOL097C,YBL008W-A,0,2.0595007,0.15040726959705353,0.7708737850189209,0.44984954595565796
YDR153C,YGL210W-A,0,2.0595007,0.15037879347801208,0.7708737850189209,0.44994986057281494
YGR038W,YOR343C-B,0,2.0595007,0.15035031735897064,0.7708737850189209,0.45005014538764954
YPR164W,YKR099C-A,0,2.0595007,0.1503218412399292,0.7708737850189209,0.4501504600048065
YDR210W-D,YOR007C,0,2.0595007,0.15029339492321014,0.7708737850189209,0.4502507448196411
YDR210W-D,YJR088C,0,2.0595007,0.1502649486064911,0.7708737850189209,0.4503510594367981
YER183C,YCL027C-A,0,2.0595007,0.15023651719093323,0.7708737850189209,0.4504513442516327
YNL264C,YCL027C-A,0,2.0595007,0.15020810067653656,0.7708737850189209,0.4505516588687897
YPL149W,YCL005W-A,1,2.0595007,0.1503688246011734,0.7718446850776672,0.4505516588687897
YML072C,YCL027C-A,0,2.0595007,0.15034039318561554,0.7718446850776672,0.45065194368362427
YPR065W,YOR343C-B,0,2.0595007,0.15031196177005768,0.7718446850776672,0.45075225830078125
YOL053C-A,YNL101W,1,2.0595007,0.15047259628772736,0.7728155255317688,0.45075225830078125
YBL008W-A,YMR251W-A,0,2.0595007,0.1504441499710083,0.7728155255317688,0.45085254311561584
YOR343C-B,YDL222C,0,2.0595007,0.15041571855545044,0.7728155255317688,0.4509528577327728
YKR098C,YGL210W-A,0,2.0595007,0.15038730204105377,0.7728155255317688,0.4510531723499298
YNL024C-A,YBR110W,0,2.0595007,0.1503589004278183,0.7728155255317688,0.4511534571647644
YDR210W-D,YNL024C-A,0,2.0595007,0.15033049881458282,0.7728155255317688,0.4512537717819214
YDR363W,YCL027C-A,0,2.0595007,0.15030211210250854,0.7728155255317688,0.451354056596756
YGL210W-A,YJL002C,0,2.0595007,0.15027374029159546,0.7728155255317688,0.45145437121391296
YOL053C-A,YNR013C,1,2.0595007,0.15043412148952484,0.7737864255905151,0.45145437121391296
YPL283C,YBL071W-A,0,2.0595007,0.15040573477745056,0.7737864255905151,0.45155465602874756
YNL326C,YCL027C-A,0,2.0595007,0.15037736296653748,0.7737864255905151,0.45165497064590454
YFL024C,YOR343C-B,0,2.0595007,0.1503489911556244,0.7737864255905151,0.45175525546073914
YKR046C,YCL027C-A,0,2.0595007,0.1503206342458725,0.7737864255905151,0.4518555700778961
YMR021C,YGL210W-A,0,2.0595007,0.1502922922372818,0.7737864255905151,0.4519558548927307
YGL210W-A,YOR153W,0,2.0595007,0.1502639502286911,0.7737864255905151,0.4520561695098877
YML019W,YOR343C-B,0,2.0595007,0.1502356231212616,0.7737864255905151,0.4521564841270447
YDR323C,YJL012C-A,1,2.0595007,0.15039578080177307,0.7747572660446167,0.4521564841270447
YOL053C-A,YLL043W,1,2.0595007,0.15055586397647858,0.775728166103363,0.4521564841270447
YNL024C-A,YGL029W,0,2.0595007,0.15052750706672668,0.775728166103363,0.4522567689418793
YDR382W,YCL027C-A,0,2.0595007,0.1504991501569748,0.775728166103363,0.45235708355903625
YPR061C,YCL027C-A,0,2.0595007,0.1504708081483841,0.775728166103363,0.45245736837387085
YDR079C-A,YML111W,0,2.0595007,0.1504424810409546,0.775728166103363,0.45255768299102783
YHL007C,YBL008W-A,0,2.0595007,0.15041415393352509,0.775728166103363,0.4526579678058624
YBL102W,YKR099C-A,0,2.0595007,0.15038584172725677,0.775728166103363,0.4527582824230194
YCL005W-A,YLL048C,1,2.0595007,0.15054573118686676,0.7766990065574646,0.4527582824230194
YDR210W-D,YBL005W-A,0,2.0595007,0.15051740407943726,0.7766990065574646,0.452858567237854
YOL053C-A,YOL122C,1,2.0595007,0.15067720413208008,0.7776699066162109,0.452858567237854
YNL024C-A,YEL034W,0,2.0595007,0.15064886212348938,0.7776699066162109,0.452958881855011
YBL008W-A,YFR055W,0,2.0595007,0.15062053501605988,0.7776699066162109,0.4530591666698456
YNL024C-A,YIR013C,0,2.0595007,0.15059222280979156,0.7776699066162109,0.45315948128700256
YNL024C-A,YLR071C,0,2.0595007,0.15056391060352325,0.7776699066162109,0.45325976610183716
YPL211W,YGL210W-A,0,2.0595007,0.15053561329841614,0.7776699066162109,0.45336008071899414
YLR406C,YCL062W,0,2.0595007,0.15050733089447021,0.7776699066162109,0.4534603953361511
YNL024C-A,YDR452W,0,2.0595007,0.1504790484905243,0.7776699066162109,0.4535606801509857
YNL024C-A,YIL015W,0,2.0595007,0.15045079588890076,0.7776699066162109,0.4536609947681427
YGR257C,YOR343C-B,0,2.0595007,0.15042252838611603,0.7776699066162109,0.4537612795829773
YPR052C,YKR099C-A,0,2.0595007,0.1503942906856537,0.7776699066162109,0.4538615942001343
YNL316C,YGL210W-A,0,2.0595007,0.15036605298519135,0.7776699066162109,0.45396187901496887
YOL052C-A,YJL012C-A,1,2.0595007,0.1505255252122879,0.7786407470703125,0.45396187901496887
YOR371C,YDR524C-B,0,2.0595007,0.15049727261066437,0.7786407470703125,0.45406219363212585
YOL053C-A,YOR320C,1,2.0595007,0.15065665543079376,0.7796116471290588,0.45406219363212585
YDL181W,YNL024C-A,0,2.0595007,0.15062840282917023,0.7796116471290588,0.45416247844696045
YCL005W-A,YLL015W,1,2.0595007,0.15078769624233246,0.7805825471878052,0.45416247844696045
YPR104C,YCR070W,0,2.0595007,0.15075942873954773,0.7805825471878052,0.45426279306411743
YPR075C,YOR343C-B,0,2.0595007,0.150731161236763,0.7805825471878052,0.454363077878952
YIL158W,YCL005W-A,1,2.0595007,0.15089035034179688,0.7815533876419067,0.454363077878952
YHR039C,YDR524C-B,0,2.0595007,0.15086206793785095,0.7815533876419067,0.454463392496109
YGR038C-A,YCL062W,0,2.0595007,0.15083380043506622,0.7815533876419067,0.4545636773109436
YBL008W-A,YFL062W,0,2.0595007,0.1508055478334427,0.7815533876419067,0.4546639919281006
YGL210W-A,YJR093C,0,2.0595007,0.15077729523181915,0.7815533876419067,0.45476430654525757
YBL008W-A,YER122C,0,2.0595007,0.1507490575313568,0.7815533876419067,0.45486459136009216
YER141W,YOR343C-B,0,2.0595007,0.15072083473205566,0.7815533876419067,0.45496490597724915
YNL090W,YCL027C-A,0,2.0595007,0.1506926268339157,0.7815533876419067,0.45506519079208374
YDR210W-D,YCR017C,0,2.0595007,0.15066441893577576,0.7815533876419067,0.4551655054092407
YDR210W-D,YDL066W,0,2.0595007,0.150636225938797,0.7815533876419067,0.4552657902240753
YLR453C,YOR343C-B,0,2.0595007,0.15060804784297943,0.7815533876419067,0.4553661048412323
YOR321W,YCL027C-A,0,2.0595007,0.15057986974716187,0.7815533876419067,0.4554663896560669
YDR210W-D,YBR133C,0,2.0595007,0.1505517065525055,0.7815533876419067,0.4555667042732239
YOL053C-A,YPL019C,1,2.0595007,0.1507105529308319,0.7825242877006531,0.4555667042732239
YER078C,YGL210W-A,0,2.0595007,0.15068237483501434,0.7825242877006531,0.45566698908805847
YCL005W-A,YPL234C,1,2.0595007,0.1508411169052124,0.7834951281547546,0.45566698908805847
YGL130W,YOR343C-B,0,2.0595007,0.15081293880939484,0.7834951281547546,0.45576730370521545
YKR099C-A,YBL071W-A,0,2.0595007,0.15078476071357727,0.7834951281547546,0.45586758852005005
YGR132C,YKR099C-A,0,2.0595007,0.1507565826177597,0.7834951281547546,0.45596790313720703
YPL241C,YCL027C-A,0,2.0595007,0.15072843432426453,0.7834951281547546,0.456068217754364
YEL034W,YKR099C-A,0,2.0595007,0.15070028603076935,0.7834951281547546,0.4561685025691986
YMR014W,YKR099C-A,0,2.0595007,0.15067213773727417,0.7834951281547546,0.4562688171863556
YCL005W-A,YCL062W,1,2.0595007,0.1508306860923767,0.784466028213501,0.4562688171863556
YDR524C-B,YMR167W,0,2.0595007,0.15080253779888153,0.784466028213501,0.4563691020011902
YOL094C,YKR099C-A,0,2.0595007,0.15077440440654755,0.784466028213501,0.45646941661834717
YKL203C,YJL012C-A,1,2.0595007,0.15093283355236053,0.7854368686676025,0.45646941661834717
YIL105C,YKR099C-A,0,2.0595007,0.15090468525886536,0.7854368686676025,0.45656970143318176
YGL156W,YCL027C-A,0,2.0595007,0.15087653696537018,0.7854368686676025,0.45667001605033875
YBL008W-A,YML069W,0,2.0595007,0.1508484035730362,0.7854368686676025,0.45677030086517334
YPR018W,YBL008W-A,0,2.0595007,0.1508202850818634,0.7854368686676025,0.4568706154823303
YBL008W-A,YPR158W-A,0,2.0595007,0.1507921665906906,0.7854368686676025,0.4569709002971649
YBL008W-A,YCL040W,0,2.0595007,0.15076406300067902,0.7854368686676025,0.4570712149143219
YDR524C-B,YOR171C,0,2.0595007,0.1507359743118286,0.7854368686676025,0.4571714997291565
YFL050C,YCL027C-A,0,2.0595007,0.1507079005241394,0.7854368686676025,0.4572718143463135
YBL008W-A,YOR328W,0,2.0595007,0.1506798267364502,0.7854368686676025,0.45737212896347046
YCL005W-A,YLR001C,1,2.0595007,0.1508379876613617,0.7864077687263489,0.45737212896347046
YGR249W,YCL027C-A,0,2.0595007,0.1508098989725113,0.7864077687263489,0.45747241377830505
YJR002W,YKR099C-A,0,2.0595007,0.15078182518482208,0.7864077687263489,0.45757272839546204
YGL210W-A,YDR480W,0,2.0595007,0.15075376629829407,0.7864077687263489,0.45767301321029663
YDR210W-D,YLL005C,0,2.0595007,0.15072572231292725,0.7864077687263489,0.4577733278274536
YOR344C,YGR041W,0,2.059311,0.15069767832756042,0.7864077687263489,0.4578736126422882
YJR086W,YJL014W,0,2.059076,0.1506696492433548,0.7864077687263489,0.4579739272594452
YNR028W,YBR131W,1,2.0585172,0.15082760155200958,0.7873786687850952,0.4579739272594452
YOL006C,YCR028C-A,0,2.058495,0.15079955756664276,0.7873786687850952,0.4580742120742798
YDL214C,YGL245W,0,2.057735,0.15077151358127594,0.7873786687850952,0.45817452669143677
YMR119W,YCR069W,0,2.057298,0.1507434993982315,0.7873786687850952,0.45827481150627136
YDR284C,YJL100W,1,2.057197,0.15090131759643555,0.7883495092391968,0.45827481150627136
YOL094C,YJR125C,0,2.0567174,0.15087328851222992,0.7883495092391968,0.45837512612342834
YIL099W,YOR141C,0,2.056108,0.1508452594280243,0.7883495092391968,0.4584754407405853
YDL042C,YOR256C,0,2.0556955,0.15081723034381866,0.7883495092391968,0.4585757255554199
YHR191C,YEL026W,0,2.0555804,0.15078923106193542,0.7883495092391968,0.4586760401725769
YBR128C,YOR219C,1,2.0554202,0.15094690024852753,0.7893204092979431,0.4586760401725769
YER146W,YNL134C,0,2.0551546,0.1509188860654831,0.7893204092979431,0.4587763249874115
YLR077W,YBR057C,0,2.0549319,0.15089087188243866,0.7893204092979431,0.4588766396045685
YJL018W,YHL022C,0,2.0542724,0.15086287260055542,0.7893204092979431,0.4589769244194031
YCL019W,YNR049C,0,2.0540638,0.15083487331867218,0.7893204092979431,0.45907723903656006
YLR069C,YAL001C,0,2.0539086,0.15080690383911133,0.7893204092979431,0.45917752385139465
YDL064W,YDR141C,0,2.0537674,0.15077893435955048,0.7893204092979431,0.45927783846855164
YER026C,YGR240C,0,2.0530014,0.15075097978115082,0.7893204092979431,0.45937812328338623
YNL064C,YDL236W,0,2.052992,0.15072302520275116,0.7893204092979431,0.4594784379005432
YLR393W,YDL052C,0,2.0527053,0.1506950855255127,0.7893204092979431,0.4595787227153778
YOL110W,YGL145W,0,2.0525625,0.15066716074943542,0.7893204092979431,0.4596790373325348
YLR064W,YJR144W,0,2.0521984,0.15063925087451935,0.7893204092979431,0.4597793519496918
YPL268W,YJL115W,0,2.0517426,0.15061134099960327,0.7893204092979431,0.45987963676452637
YLR262C,YCL062W,0,2.051367,0.1505834460258484,0.7893204092979431,0.45997995138168335
YKL049C,YCR042C,0,2.0512583,0.1505555510520935,0.7893204092979431,0.46008023619651794
YDL212W,YCL011C,0,2.0512104,0.150527685880661,0.7893204092979431,0.4601805508136749
YPR156C,YOR320C,1,2.0511856,0.15068493783473969,0.7902912497520447,0.4601805508136749
YKR007W,YDR486C,1,2.0505066,0.15084213018417358,0.791262149810791,0.4601805508136749
YHR141C,YOR202W,0,2.0502262,0.1508142054080963,0.791262149810791,0.4602808356285095
YOL097C,YOR088W,0,2.0497994,0.15078631043434143,0.791262149810791,0.4603811502456665
YHR104W,YGL022W,0,2.0497198,0.15075841546058655,0.791262149810791,0.4604814350605011
YNL315C,YPL241C,0,2.0496972,0.15073053538799286,0.791262149810791,0.4605817496776581
YBL045C,YIL121W,0,2.0496123,0.15070265531539917,0.791262149810791,0.4606820344924927
YML131W,YIR021W,0,2.0495503,0.15067480504512787,0.791262149810791,0.46078234910964966
YBR127C,YNL245C,0,2.0494895,0.15064695477485657,0.791262149810791,0.46088263392448425
YFL055W,YOR035C,0,2.049335,0.15061910450458527,0.791262149810791,0.46098294854164124
YOR354C,YGL029W,0,2.0493276,0.15059128403663635,0.791262149810791,0.4610832631587982
YPL016W,YGR027W-A,0,2.0490155,0.15056346356868744,0.791262149810791,0.4611835479736328
YBR073W,YKL221W,0,2.0488443,0.15053564310073853,0.791262149810791,0.4612838625907898
YDR349C,YDR085C,0,2.0487792,0.150507852435112,0.791262149810791,0.4613841474056244
YBL099W,YPL072W,0,2.0486622,0.15048006176948547,0.791262149810791,0.46148446202278137
YGL208W,YJR159W,0,2.048616,0.15045228600502014,0.791262149810791,0.46158474683761597
YPR103W,YGL245W,0,2.0484874,0.1504245102405548,0.791262149810791,0.46168506145477295
YHR124W,YNL030W,0,2.0484767,0.15039674937725067,0.791262149810791,0.46178534626960754
YGL125W,YKR025W,0,2.048174,0.15036900341510773,0.791262149810791,0.4618856608867645
YDL181W,YMR119W,0,2.0478487,0.15034127235412598,0.791262149810791,0.4619859457015991
YHR174W,YLL015W,1,2.0475435,0.15049797296524048,0.7922329902648926,0.4619859457015991
YGR277C,YML033W,0,2.0473723,0.15047021210193634,0.7922329902648926,0.4620862603187561
YMR202W,YDR097C,0,2.0471692,0.1504424810409546,0.7922329902648926,0.4621865451335907
YOR100C,YMR121C,0,2.046967,0.15041474997997284,0.7922329902648926,0.4622868597507477
YBR258C,YGL255W,0,2.0466757,0.1503870189189911,0.7922329902648926,0.46238717436790466
YPL060C-A,YJR017C,0,2.0466268,0.15035931766033173,0.7922329902648926,0.46248745918273926
YGL011C,YNL003C,0,2.0464053,0.15033161640167236,0.7922329902648926,0.46258777379989624
YPL055C,YNL093W,0,2.0460148,0.1503039300441742,0.7922329902648926,0.46268805861473083
YOR219C,YJR066W,1,2.0459547,0.1504604071378708,0.7932038903236389,0.46268805861473083
YML069W,YPL124W,0,2.0457501,0.15043270587921143,0.7932038903236389,0.4627883732318878
YPL163C,YJR001W,1,2.0453086,0.15058910846710205,0.7941747307777405,0.4627883732318878
YHR007C,YIR003W,0,2.045291,0.1505613774061203,0.7941747307777405,0.4628886580467224
YOR088W,YHR026W,1,2.0452385,0.15071770548820496,0.7951456308364868,0.4628886580467224
YKL213C,YLR341W,0,2.0450718,0.1506899744272232,0.7951456308364868,0.4629889726638794
YML019W,YHR045W,0,2.045002,0.15066225826740265,0.7951456308364868,0.463089257478714
YOL092W,YPL234C,1,2.0447893,0.15081846714019775,0.7961165308952332,0.463089257478714
YDR084C,YJL014W,0,2.0442858,0.150790736079216,0.7961165308952332,0.46318957209587097
YLR240W,YML075C,0,2.0439544,0.15076300501823425,0.7961165308952332,0.46328985691070557
YEL046C,YDR382W,0,2.0438137,0.1507352888584137,0.7961165308952332,0.46339017152786255
YDL005C,YMR154C,0,2.0433373,0.15070758759975433,0.7961165308952332,0.46349048614501953
YIL162W,YLR431C,0,2.042711,0.15067990124225616,0.7961165308952332,0.4635907709598541
YDR135C,YER093C,1,2.0426223,0.15083593130111694,0.7970873713493347,0.4635907709598541
YNL264C,YDR142C,0,2.0424802,0.15080823004245758,0.7970873713493347,0.4636910855770111
YDR267C,YAL009W,0,2.0424457,0.15078052878379822,0.7970873713493347,0.4637913703918457
YDR099W,YIL010W,0,2.04219,0.15075284242630005,0.7970873713493347,0.4638916850090027
YPR036W,YOR088W,1,2.042152,0.15090875327587128,0.798058271408081,0.4638916850090027
YOR130C,YGR067C,0,2.0419848,0.15088105201721191,0.798058271408081,0.4639919698238373
YDR221W,YAR008W,0,2.0415747,0.15085336565971375,0.798058271408081,0.46409228444099426
YDR488C,YMR083W,0,2.0413775,0.15082569420337677,0.798058271408081,0.46419256925582886
YDR314C,YMR236W,0,2.0410829,0.1507980227470398,0.798058271408081,0.46429288387298584
YNL325C,YOL119C,1,2.0408924,0.15095378458499908,0.7990291118621826,0.46429288387298584
YJL145W,YNL087W,0,2.0407467,0.15092609822750092,0.7990291118621826,0.46439316868782043
YPR075C,YCL040W,0,2.0402484,0.15089842677116394,0.7990291118621826,0.4644934833049774
YBR127C,YNL093W,0,2.040204,0.15087075531482697,0.7990291118621826,0.464593768119812
YLR398C,YGR261C,0,2.0400054,0.15084311366081238,0.7990291118621826,0.464694082736969
YJL010C,YBR244W,0,2.0399585,0.1508154720067978,0.7990291118621826,0.464794397354126
YDR237W,YOR367W,0,2.0398784,0.1507878303527832,0.7990291118621826,0.46489468216896057
YOR371C,YLR275W,0,2.0381708,0.150760218501091,0.7990291118621826,0.46499499678611755
YNL323W,YDL025C,0,2.038163,0.1507326066493988,0.7990291118621826,0.46509528160095215
YLR002C,YGR284C,0,2.037933,0.1507049947977066,0.7990291118621826,0.46519559621810913
YOL008W,YPL283C,0,2.0378366,0.1506774127483368,0.7990291118621826,0.4652958810329437
YOR368W,YDL122W,0,2.037815,0.15064983069896698,0.7990291118621826,0.4653961956501007
YJR090C,YOL110W,0,2.037487,0.15062224864959717,0.7990291118621826,0.4654964804649353
YLR084C,YOR205C,0,2.0365508,0.15059469640254974,0.7990291118621826,0.4655967950820923
YDR365W-B,YOR173W,0,2.0364628,0.15056714415550232,0.7990291118621826,0.4656970798969269
YDR338C,YOL060C,0,2.0361056,0.1505396068096161,0.7990291118621826,0.46579739451408386
YPL057C,YML075C,0,2.0359173,0.15051206946372986,0.7990291118621826,0.46589767932891846
YOR307C,YBR204C,0,2.035815,0.15048454701900482,0.7990291118621826,0.46599799394607544
YJL113W,YMR291W,0,2.0356922,0.15045703947544098,0.7990291118621826,0.4660983085632324
YGL006W,YBR077C,1,2.0356717,0.15061232447624207,0.800000011920929,0.4660983085632324
YIL041W,YBR106W,0,2.0349135,0.15058480203151703,0.800000011920929,0.466198593378067
YPR082C,YBR021W,0,2.0347376,0.150557279586792,0.800000011920929,0.466298907995224
YDR506C,YOR005C,0,2.0342445,0.15052977204322815,0.800000011920929,0.4663991928100586
YDL194W,YMR268C,0,2.034083,0.1505022794008255,0.800000011920929,0.4664995074272156
YKR003W,YER073W,0,2.0338793,0.15047480165958405,0.800000011920929,0.46659979224205017
YLR132C,YGR038C-B,0,2.033823,0.1504473239183426,0.800000011920929,0.46670010685920715
YBL042C,YNL053W,0,2.033806,0.15041986107826233,0.800000011920929,0.46680039167404175
YOR144C,YJL020C,0,2.0334,0.15039241313934326,0.800000011920929,0.46690070629119873
YJR091C,YMR047C,0,2.0330951,0.1503649652004242,0.800000011920929,0.4670009911060333
YNR023W,YJR056C,0,2.0327742,0.15033753216266632,0.800000011920929,0.4671013057231903
YBR186W,YMR030W,0,2.0327098,0.15031009912490845,0.800000011920929,0.4672015905380249
YHR079C-A,YKL101W,0,2.0325308,0.15028269588947296,0.800000011920929,0.4673019051551819
YAR003W,YGR092W,0,2.0316453,0.15025529265403748,0.800000011920929,0.46740221977233887
YNL169C,YJL104W,0,2.0315082,0.150227889418602,0.800000011920929,0.46750250458717346
YJL010C,YNL270C,0,2.0313368,0.1502005159854889,0.800000011920929,0.46760281920433044
YPR033C,YJL160C,0,2.0309188,0.1501731425523758,0.800000011920929,0.46770310401916504
YMR190C,YLL010C,0,2.0305514,0.1501457691192627,0.800000011920929,0.467803418636322
YDL226C,YBR106W,0,2.0301745,0.15011842548847198,0.800000011920929,0.4679037034511566
YLR116W,YOR022C,0,2.0297806,0.15009108185768127,0.800000011920929,0.4680040180683136
YOR293W,YHR083W,0,2.0295284,0.15006373822689056,0.800000011920929,0.4681043028831482
YGL038C,YPL192C,0,2.029256,0.15003640949726105,0.800000011920929,0.4682046175003052
YLR069C,YNL279W,0,2.0291715,0.15000909566879272,0.800000011920929,0.46830490231513977
YGL011C,YKL222C,0,2.0291135,0.1499817967414856,0.800000011920929,0.46840521693229675
YJL207C,YCR033W,0,2.029085,0.14995449781417847,0.800000011920929,0.46850550174713135
YIL049W,YJL076W,0,2.02857,0.14992721378803253,0.800000011920929,0.46860581636428833
YMR044W,YBR204C,0,2.0285575,0.1498999446630478,0.800000011920929,0.4687061309814453
YBL084C,YGL153W,0,2.028337,0.14987267553806305,0.800000011920929,0.4688064157962799
YGL054C,YOR122C,0,2.0282156,0.1498454213142395,0.800000011920929,0.4689067304134369
YML110C,YER048C,0,2.0281491,0.14981818199157715,0.800000011920929,0.4690070152282715
YPL268W,YLR002C,0,2.0280828,0.1497909426689148,0.800000011920929,0.46910732984542847
YCL026C-A,YJR064W,0,2.0280175,0.14976371824741364,0.800000011920929,0.46920761466026306
YBR207W,YHR039C-B,1,2.0279512,0.14991822838783264,0.8009708523750305,0.46920761466026306
YDR142C,YOL060C,0,2.0278974,0.1498909890651703,0.8009708523750305,0.46930792927742004
YJL210W,YLR431C,0,2.0270865,0.14986376464366913,0.8009708523750305,0.46940821409225464
YOR293W,YBR244W,0,2.026535,0.14983654022216797,0.8009708523750305,0.4695085287094116
YPR026W,YIR014W,1,2.0263073,0.14999091625213623,0.8019417524337769,0.4695085287094116
YCR027C,YGL047W,0,2.0254974,0.14996369183063507,0.8019417524337769,0.4696088135242462
YPR023C,YNR049C,0,2.0253546,0.1499364674091339,0.8019417524337769,0.4697091281414032
YOL154W,YDL211C,1,2.0251775,0.15009073913097382,0.8029125928878784,0.4697091281414032
YOR083W,YML058W,0,2.0250046,0.15006351470947266,0.8029125928878784,0.4698094427585602
YDL004W,YOL091W,0,2.0245447,0.1500362902879715,0.8029125928878784,0.4699097275733948
YDR365W-B,YKR003W,0,2.023862,0.15000906586647034,0.8029125928878784,0.47001004219055176
YGL201C,YML033W,0,2.0235114,0.14998187124729156,0.8029125928878784,0.47011032700538635
YBR019C,YDR302W,0,2.023465,0.1499546617269516,0.8029125928878784,0.47021064162254333
YBR132C,YCR102C,0,2.0230114,0.14992748200893402,0.8029125928878784,0.47031092643737793
YLR410W,YHR152W,0,2.0220754,0.14990030229091644,0.8029125928878784,0.4704112410545349
YJL051W,YDL010W,0,2.021865,0.14987313747406006,0.8029125928878784,0.4705115258693695
YLR378C,YGL054C,0,2.021854,0.14984598755836487,0.8029125928878784,0.4706118404865265
YDR477W,YMR167W,0,2.0217512,0.14981883764266968,0.8029125928878784,0.4707121253013611
YBR084C-A,YER094C,0,2.0215564,0.14979170262813568,0.8029125928878784,0.47081243991851807
YOR149C,YER141W,0,2.0215323,0.14976458251476288,0.8029125928878784,0.47091272473335266
YHR039C-B,YMR171C,1,2.0213673,0.14991852641105652,0.8038834929466248,0.47091272473335266
YOL128C,YDR538W,0,2.0212557,0.14989137649536133,0.8038834929466248,0.47101303935050964
YKL188C,YHR124W,0,2.0212493,0.14986425638198853,0.8038834929466248,0.4711133539676666
YGR163W,YDR486C,1,2.0211835,0.1500180959701538,0.8048543930053711,0.4711133539676666
YLR132C,YAR008W,0,2.0210338,0.14999094605445862,0.8048543930053711,0.4712136387825012
YML069W,YLR035C,0,2.0209618,0.14996382594108582,0.8048543930053711,0.4713139533996582
YDL103C,YPL023C,0,2.020913,0.14993669092655182,0.8048543930053711,0.4714142382144928
YBR210W,YKL120W,0,2.0207481,0.1499095857143402,0.8048543930053711,0.4715145528316498
YMR236W,YPR056W,0,2.0207078,0.1498824805021286,0.8048543930053711,0.4716148376464844
YHR083W,YJR161C,0,2.0202174,0.14985539019107819,0.8048543930053711,0.47171515226364136
YBR207W,YHR050W,1,2.0200334,0.15000903606414795,0.8058252334594727,0.47171515226364136
YEL020C,YLR222C,0,2.0199761,0.14998193085193634,0.8058252334594727,0.47181543707847595
YPL217C,YNR069C,0,2.0195663,0.14995482563972473,0.8058252334594727,0.47191575169563293
YNL067W,YLR084C,0,2.019545,0.1499277502298355,0.8058252334594727,0.47201603651046753
YBR126C,YLR155C,0,2.0188217,0.1499006748199463,0.8058252334594727,0.4721163511276245
YGR157W,YDR450W,0,2.0186524,0.14987359941005707,0.8058252334594727,0.4722166359424591
YBR216C,YHR112C,0,2.0183907,0.14984653890132904,0.8058252334594727,0.4723169505596161
YIL117C,YNL071W,0,2.0183861,0.1498194932937622,0.8058252334594727,0.47241726517677307
YDR338C,YJR043C,0,2.0183609,0.14979246258735657,0.8058252334594727,0.47251754999160767
YGR166W,YMR244C-A,0,2.0183465,0.14976543188095093,0.8058252334594727,0.47261786460876465
YGL086W,YEL071W,0,2.0180604,0.14973841607570648,0.8058252334594727,0.47271814942359924
YMR106C,YPL037C,0,2.017776,0.14971140027046204,0.8058252334594727,0.4728184640407562
YER141W,YPL072W,0,2.0176125,0.14968439936637878,0.8058252334594727,0.4729187488555908
YJR105W,YOL017W,0,2.017537,0.14965741336345673,0.8058252334594727,0.4730190634727478
YKL027W,YJR129C,0,2.0169306,0.14963042736053467,0.8058252334594727,0.4731193482875824
YGL201C,YOR100C,0,2.0167594,0.1496034562587738,0.8058252334594727,0.4732196629047394
YPR183W,YPR004C,0,2.016376,0.14957650005817413,0.8058252334594727,0.473319947719574
YDR408C,YGR068C,0,2.0156875,0.14954954385757446,0.8058252334594727,0.47342026233673096
YPL211W,YGR161C-C,0,2.015369,0.149522602558136,0.8058252334594727,0.47352054715156555
YDR365W-B,YOR141C,0,2.0148911,0.1494956761598587,0.8058252334594727,0.47362086176872253
YCL033C,YHR115C,0,2.014723,0.14946874976158142,0.8058252334594727,0.4737211763858795
YEL051W,YNL275W,1,2.0147045,0.1496218889951706,0.806796133518219,0.4737211763858795
YLR408C,YAL001C,0,2.0144444,0.1495949625968933,0.806796133518219,0.4738214612007141
YGL125W,YKL055C,0,2.0144331,0.14956803619861603,0.806796133518219,0.4739217758178711
YDR314C,YDR302W,0,2.0142117,0.14954112470149994,0.806796133518219,0.4740220606327057
YNL312W,YGL008C,0,2.0139978,0.14951421320438385,0.806796133518219,0.47412237524986267
YNR061C,YMR243C,1,2.0139925,0.14966720342636108,0.8077669739723206,0.47412237524986267
YML008C,YIL073C,0,2.0138934,0.149640291929245,0.8077669739723206,0.47422266006469727
YER016W,YGL234W,0,2.013511,0.1496133804321289,0.8077669739723206,0.47432297468185425
YLR216C,YDR316W,0,2.0132568,0.149586483836174,0.8077669739723206,0.47442325949668884
YDR385W,YDR210W-A,0,2.01259,0.14955958724021912,0.8077669739723206,0.4745235741138458
YIL049W,YGL099W,0,2.012344,0.14953270554542542,0.8077669739723206,0.4746238589286804
YIL157C,YOL049W,0,2.0118227,0.1495058387517929,0.8077669739723206,0.4747241735458374
YOR354C,YLR035C,0,2.011808,0.1494789868593216,0.8077669739723206,0.4748244881629944
YDR214W,YBR228W,0,2.0117037,0.14945213496685028,0.8077669739723206,0.474924772977829
YAR050W,YOR329C,0,2.0115817,0.14942528307437897,0.8077669739723206,0.47502508759498596
YGL208W,YDL066W,0,2.0115194,0.14939846098423004,0.8077669739723206,0.47512537240982056
YGR038C-B,YJL100W,0,2.011472,0.14937163889408112,0.8077669739723206,0.47522568702697754
YOR247W,YLR386W,1,2.0108297,0.14952431619167328,0.8087378740310669,0.47522568702697754
YMR288W,YML118W,0,2.0105972,0.14949749410152435,0.8087378740310669,0.47532597184181213
YPL152W,YMR280C,0,2.010349,0.14947065711021423,0.8087378740310669,0.4754262864589691
YDL210W,YNL325C,1,2.0091279,0.14962324500083923,0.8097087144851685,0.4754262864589691
YML110C,YPR104C,0,2.0089796,0.1495964080095291,0.8097087144851685,0.4755265712738037
YGL023C,YER073W,0,2.0087228,0.1495695859193802,0.8097087144851685,0.4756268858909607
YGL022W,YJL154C,0,2.0082047,0.14954276382923126,0.8097087144851685,0.4757271707057953
YML118W,YOR005C,0,2.0079808,0.14951595664024353,0.8097087144851685,0.47582748532295227
YPR185W,YOR205C,0,2.0076694,0.1494891494512558,0.8097087144851685,0.47592777013778687
YOR022C,YOL058W,0,2.0076032,0.14946237206459045,0.8097087144851685,0.47602808475494385
YGL130W,YNL035C,0,2.0070577,0.14943557977676392,0.8097087144851685,0.47612839937210083
YNR036C,YGR027W-A,0,2.006904,0.14940881729125977,0.8097087144851685,0.4762286841869354
YDL232W,YMR162C,0,2.0067387,0.14938205480575562,0.8097087144851685,0.4763289988040924
YBR235W,YDR394W,0,2.0066996,0.14935530722141266,0.8097087144851685,0.476429283618927
YBL018C,YGL245W,0,2.0066473,0.1493285596370697,0.8097087144851685,0.476529598236084
YEL026W,YGR027W-A,0,2.006542,0.14930182695388794,0.8097087144851685,0.4766298830509186
YOR326W,YLL051C,1,2.006354,0.14945408701896667,0.8106796145439148,0.4766298830509186
YGR287C,YIL168W,0,2.0061815,0.14942733943462372,0.8106796145439148,0.47673019766807556
YLR274W,YBL101C,0,2.006107,0.14940060675144196,0.8106796145439148,0.47683048248291016
YOL110W,YHR166C,0,2.0060704,0.1493738889694214,0.8106796145439148,0.47693079710006714
YGR198W,YPL242C,0,2.0056112,0.14934717118740082,0.8106796145439148,0.47703108191490173
YMR092C,YML001W,0,2.0053778,0.14932045340538025,0.8106796145439148,0.4771313965320587
YDR171W,YHR183W,0,2.005082,0.14929376542568207,0.8106796145439148,0.4772316813468933
YBL006C,YCR008W,0,2.0050287,0.1492670774459839,0.8106796145439148,0.4773319959640503
YMR021C,YAL042W,0,2.004542,0.1492403894662857,0.8106796145439148,0.4774323105812073
YLL005C,YLR081W,0,2.0042279,0.1492137312889099,0.8106796145439148,0.47753259539604187
YPR075C,YHR200W,0,2.0025554,0.14918705821037292,0.8106796145439148,0.47763291001319885
YHL001W,YDR163W,0,2.0021138,0.14916041493415833,0.8106796145439148,0.47773319482803345
YCR042C,YMR268C,0,2.0021074,0.14913377165794373,0.8106796145439148,0.47783350944519043
YDR147W,YER170W,0,2.001996,0.14910714328289032,0.8106796145439148,0.477933794260025
YDR119W,YNL252C,0,2.0017006,0.14908051490783691,0.8106796145439148,0.478034108877182
YOR178C,YDR051C,0,2.0016365,0.1490539163351059,0.8106796145439148,0.4781343936920166
YIR003W,YPL003W,0,2.0011458,0.14902730286121368,0.8106796145439148,0.4782347083091736
YDL066W,YKL065C,0,2.0007246,0.14900071918964386,0.8106796145439148,0.4783349931240082
YLR310C,YJR044C,0,2.0005352,0.14897413551807404,0.8106796145439148,0.47843530774116516
YDR365W-B,YOR245C,0,2.0003889,0.1489475518465042,0.8106796145439148,0.47853559255599976
YCL026C-A,YDR484W,0,2.0001671,0.14892099797725677,0.8106796145439148,0.47863590717315674
YPR065W,YLL010C,0,2.0001345,0.14889442920684814,0.8106796145439148,0.4787362217903137
YGL179C,YKR039W,0,1.999998,0.1488678902387619,0.8106796145439148,0.4788365066051483
YJR047C,YOL075C,0,1.999534,0.14884135127067566,0.8106796145439148,0.4789368212223053
YDR506C,YIL010W,0,1.9992225,0.1488148272037506,0.8106796145439148,0.4790371060371399
YLR084C,YFR004W,0,1.9987009,0.14878831803798676,0.8106796145439148,0.4791374206542969
YER039C,YNL030W,0,1.9984082,0.1487618088722229,0.8106796145439148,0.47923770546913147
YIL041W,YDL226C,0,1.9982896,0.14873529970645905,0.8106796145439148,0.47933802008628845
YCR034W,YNL326C,0,1.9981748,0.14870882034301758,0.8106796145439148,0.47943830490112305
YGR038C-A,YML062C,0,1.998159,0.1486823409795761,0.8106796145439148,0.47953861951828003
YOL033W,YPL190C,0,1.9981176,0.14865586161613464,0.8106796145439148,0.4796389043331146
YKL025C,YJL204C,0,1.9980458,0.14862941205501556,0.8106796145439148,0.4797392189502716
YHL022C,YKL073W,0,1.9980043,0.1486029475927353,0.8106796145439148,0.4798395037651062
YMR161W,YDR307W,0,1.9976724,0.1485765129327774,0.8106796145439148,0.4799398183822632
YLR424W,YPR065W,0,1.9975628,0.14855007827281952,0.8106796145439148,0.48004013299942017
YHR028C,YGL023C,1,1.9975518,0.1487015336751938,0.8116505146026611,0.48004013299942017
YDR365W-B,YKL222C,0,1.9971343,0.1486750841140747,0.8116505146026611,0.48014041781425476
YHR063C,YDR198C,0,1.9971193,0.14864864945411682,0.8116505146026611,0.48024073243141174
YKL112W,YNL197C,0,1.997102,0.14862221479415894,0.8116505146026611,0.48034101724624634
YJL204C,YIL122W,0,1.9965655,0.14859580993652344,0.8116505146026611,0.4804413318634033
YDR006C,YAL032C,0,1.9963446,0.14856939017772675,0.8116505146026611,0.4805416166782379
YGL224C,YDR221W,0,1.996178,0.14854300022125244,0.8116505146026611,0.4806419312953949
YPL283C,YBR068C,0,1.9959302,0.14851661026477814,0.8116505146026611,0.4807422161102295
YLR205C,YDR123C,0,1.9958899,0.14849023520946503,0.8116505146026611,0.4808425307273865
YPR075C,YNR069C,0,1.9958593,0.14846386015415192,0.8116505146026611,0.48094281554222107
YKL101W,YNR039C,0,1.9954965,0.1484375,0.8116505146026611,0.48104313015937805
YLL005C,YDR210W-A,0,1.9951345,0.14841115474700928,0.8116505146026611,0.48114344477653503
YOR128C,YGL156W,0,1.9951326,0.14838480949401855,0.8116505146026611,0.48124372959136963
YNR028W,YHR039C-B,1,1.9946612,0.14853593707084656,0.8126213550567627,0.48124372959136963
YOR173W,YLR388W,0,1.9944557,0.14850957691669464,0.8126213550567627,0.4813440442085266
YGL201C,YPL046C,0,1.9944302,0.14848323166370392,0.8126213550567627,0.4814443290233612
YOR125C,YPL066W,0,1.993925,0.1484569013118744,0.8126213550567627,0.4815446436405182
YNL139C,YGR203W,0,1.9936675,0.14843057096004486,0.8126213550567627,0.4816449284553528
YBR131W,YGL095C,1,1.9933048,0.14858156442642212,0.813592255115509,0.4816449284553528
YBR098W,YMR060C,0,1.9931842,0.1485552191734314,0.813592255115509,0.48174524307250977
YJL210W,YBR104W,0,1.9930729,0.14852888882160187,0.813592255115509,0.48184552788734436
YDL226C,YLR393W,0,1.9927478,0.14850257337093353,0.813592255115509,0.48194584250450134
YJR002W,YIR010W,0,1.9927462,0.1484762579202652,0.813592255115509,0.48204612731933594
YNL169C,YAL047C,0,1.9927069,0.14844995737075806,0.813592255115509,0.4821464419364929
YPL053C,YGR261C,0,1.992375,0.14842365682125092,0.813592255115509,0.4822467267513275
YBR098W,YGL038C,0,1.9915818,0.14839738607406616,0.813592255115509,0.4823470413684845
YPL019C,YKL196C,1,1.9913267,0.1485481560230255,0.8145630955696106,0.4823470413684845
YCR071C,YKR024C,0,1.9912027,0.14852185547351837,0.8145630955696106,0.4824473559856415
YBR290W,YPL192C,0,1.9909518,0.14849556982517242,0.8145630955696106,0.4825476408004761
YDR216W,YMR021C,0,1.9905818,0.14846929907798767,0.8145630955696106,0.48264795541763306
YNR012W,YBR199W,0,1.9901137,0.14844302833080292,0.8145630955696106,0.48274824023246765
YBR139W,YBR201W,0,1.9900116,0.14841677248477936,0.8145630955696106,0.48284855484962463
YDR293C,YGR284C,0,1.9897069,0.1483905166387558,0.8145630955696106,0.48294883966445923
YNL325C,YCL062W,1,1.9893775,0.14854110777378082,0.8155339956283569,0.48294883966445923
YKR022C,YLL028W,0,1.9893616,0.14851485192775726,0.8155339956283569,0.4830491542816162
YJL139C,YKL220C,0,1.9892572,0.1484885960817337,0.8155339956283569,0.4831494390964508
YML025C,YML046W,0,1.9889,0.14846235513687134,0.8155339956283569,0.4832497537136078
YDR452W,YLR119W,0,1.9886059,0.14843611419200897,0.8155339956283569,0.4833500385284424
YNL037C,YNL125C,0,1.9884611,0.1484098881483078,0.8155339956283569,0.48345035314559937
YGL043W,YPR052C,0,1.9884338,0.14838367700576782,0.8155339956283569,0.48355063796043396
YOR298C-A,YOR214C,0,1.9879819,0.14835746586322784,0.8155339956283569,0.48365095257759094
YOR219C,YNL321W,1,1.9875104,0.14850786328315735,0.8165048360824585,0.48365095257759094
YLR135W,YMR052W,0,1.9872078,0.14848163723945618,0.8165048360824585,0.4837512671947479
YBL050W,YIL010W,0,1.9866109,0.1484554260969162,0.8165048360824585,0.4838515520095825
YBR187W,YCL062W,1,1.9863017,0.14860571920871735,0.8174757361412048,0.4838515520095825
YPL242C,YGR087C,0,1.9862369,0.14857949316501617,0.8174757361412048,0.4839518666267395
YPR020W,YPL212C,0,1.9857881,0.1485532820224762,0.8174757361412048,0.4840521514415741
YIL121W,YOR010C,0,1.9855131,0.14852707087993622,0.8174757361412048,0.4841524660587311
YNL257C,YGR033C,0,1.9854456,0.14850087463855743,0.8174757361412048,0.4842527508735657
YGL131C,YER122C,0,1.9842097,0.14847469329833984,0.8174757361412048,0.48435306549072266
YJL018W,YOR007C,0,1.9839755,0.14844851195812225,0.8174757361412048,0.48445335030555725
YLR226W,YNL275W,0,1.9837228,0.14842234551906586,0.8174757361412048,0.48455366492271423
YPR018W,YNL265C,0,1.983713,0.14839619398117065,0.8174757361412048,0.48465394973754883
YNL315C,YOL021C,0,1.9836916,0.14837004244327545,0.8174757361412048,0.4847542643547058
YDR365W-B,YBR298C,0,1.9836793,0.14834390580654144,0.8174757361412048,0.4848545491695404
YCR003W,YKR039W,0,1.9830313,0.14831776916980743,0.8174757361412048,0.4849548637866974
YBR077C,YGR109C,0,1.9829605,0.14829164743423462,0.8174757361412048,0.48505517840385437
YFL055W,YOR188W,0,1.9827603,0.148265540599823,0.8174757361412048,0.48515546321868896
YKR013W,YNL177C,0,1.9827602,0.14823943376541138,0.8174757361412048,0.48525577783584595
YAL005C,YFR009W,0,1.9824923,0.14821334183216095,0.8174757361412048,0.48535606265068054
YGR108W,YDR506C,0,1.9823424,0.14818726480007172,0.8174757361412048,0.4854563772678375
YDL005C,YDL126C,0,1.9821407,0.14816118776798248,0.8174757361412048,0.4855566620826721
YNL058C,YJL122W,0,1.9820086,0.14813511073589325,0.8174757361412048,0.4856569766998291
YNL072W,YBR004C,0,1.9809393,0.1481090635061264,0.8174757361412048,0.4857572615146637
YLR410W,YNL083W,0,1.9809207,0.14808301627635956,0.8174757361412048,0.4858575761318207
YHR039C-B,YDR313C,1,1.9808489,0.1482328176498413,0.8184465765953064,0.4858575761318207
YDR316W,YML075C,0,1.9805751,0.14820675551891327,0.8184465765953064,0.4859578609466553
YLR262C,YIL085C,0,1.9799453,0.14818069338798523,0.8184465765953064,0.48605817556381226
YBR200W,YCR088W,0,1.9794941,0.14815466105937958,0.8184465765953064,0.48615849018096924
YCL062W,YJL036W,0,1.9794751,0.14812862873077393,0.8184465765953064,0.48625877499580383
YHR191C,YCR089W,0,1.9794726,0.14810259640216827,0.8184465765953064,0.4863590896129608
YDL165W,YMR305C,0,1.9792671,0.14807657897472382,0.8184465765953064,0.4864593744277954
YGR152C,YBR234C,0,1.9791433,0.14805057644844055,0.8184465765953064,0.4865596890449524
YDR349C,YOR293W,0,1.9789103,0.14802458882331848,0.8184465765953064,0.486659973859787
YLR262C,YOL041C,0,1.9782158,0.1479986011981964,0.8184465765953064,0.48676028847694397
YDR001C,YLL028W,0,1.9778913,0.14797261357307434,0.8184465765953064,0.48686057329177856
YGL054C,YDL165W,0,1.9778291,0.14794664084911346,0.8184465765953064,0.48696088790893555
YKR067W,YBR229C,0,1.9775107,0.14792068302631378,0.8184465765953064,0.48706117272377014
YAR003W,YFR004W,0,1.9774607,0.1478947401046753,0.8184465765953064,0.4871614873409271
YLR340W,YNL321W,0,1.977039,0.1478687971830368,0.8184465765953064,0.4872617721557617
YBR167C,YPR065W,0,1.9769193,0.1478428691625595,0.8184465765953064,0.4873620867729187
YER144C,YNL152W,0,1.9767183,0.14781694114208221,0.8184465765953064,0.4874624013900757
YKL167C,YKR065C,0,1.9762398,0.1477910280227661,0.8184465765953064,0.4875626862049103
YDL155W,YNL209W,0,1.976108,0.14776511490345,0.8184465765953064,0.48766300082206726
YJR043C,YPL015C,0,1.976092,0.1477392166852951,0.8184465765953064,0.48776328563690186
YJL139C,YLL028W,0,1.9759465,0.1477133333683014,0.8184465765953064,0.48786360025405884
YHR079C-A,YJL209W,0,1.9756886,0.14768745005130768,0.8184465765953064,0.48796388506889343
YDR462W,YBR235W,0,1.9751602,0.14766158163547516,0.8184465765953064,0.4880641996860504
YHL009W-A,YKL018W,0,1.9749669,0.14763572812080383,0.8184465765953064,0.488164484500885
YGL048C,YMR029C,0,1.9749503,0.1476098746061325,0.8184465765953064,0.488264799118042
YHR196W,YKR029C,0,1.9746784,0.14758403599262238,0.8184465765953064,0.4883650839328766
YNL209W,YNL279W,0,1.9740326,0.14755819737911224,0.8184465765953064,0.48846539855003357
YKL092C,YOR003W,0,1.9737777,0.1475323736667633,0.8184465765953064,0.48856568336486816
YPL152W,YDL165W,0,1.9732671,0.14750656485557556,0.8184465765953064,0.48866599798202515
YNL245C,YPL228W,0,1.9732138,0.14748075604438782,0.8184465765953064,0.48876631259918213
YGR278W,YJR125C,0,1.9729668,0.14745496213436127,0.8184465765953064,0.4888665974140167
YGR161C-C,YPL057C,0,1.9729367,0.14742916822433472,0.8184465765953064,0.4889669120311737
YGR041W,YIL067C,0,1.9727088,0.14740338921546936,0.8184465765953064,0.4890671968460083
YBR216C,YGR013W,0,1.9725106,0.1473776251077652,0.8184465765953064,0.4891675114631653
YGL250W,YBR216C,0,1.9723748,0.14735186100006104,0.8184465765953064,0.4892677962779999
YDR043C,YBR068C,0,1.9720898,0.14732611179351807,0.8184465765953064,0.48936811089515686
YPL163C,YML018C,1,1.9718196,0.14747509360313416,0.8194174766540527,0.48936811089515686
YBR131W,YCL062W,1,1.9716138,0.14762404561042786,0.8203883767127991,0.48936811089515686
YHR062C,YGR284C,0,1.9715084,0.1475982517004013,0.8203883767127991,0.48946839570999146
YDL155W,YLR398C,0,1.9713024,0.14757247269153595,0.8203883767127991,0.48956871032714844
YKR080W,YGR027W-A,0,1.9700876,0.1475467085838318,0.8203883767127991,0.48966899514198303
YHL033C,YFL003C,0,1.970036,0.14752094447612762,0.8203883767127991,0.48976930975914
YBR280C,YCL038C,0,1.9696728,0.14749519526958466,0.8203883767127991,0.4898695945739746
YEL060C,YBR152W,0,1.9691832,0.14746946096420288,0.8203883767127991,0.4899699091911316
YGR109C,YGL038C,0,1.9690855,0.1474437266588211,0.8203883767127991,0.4900702238082886
YBR068C,YNR032W,0,1.9685248,0.14741800725460052,0.8203883767127991,0.49017050862312317
YBR132C,YDR142C,0,1.9684324,0.14739228785037994,0.8203883767127991,0.49027082324028015
YJL137C,YDR522C,0,1.9681737,0.14736658334732056,0.8203883767127991,0.49037110805511475
YBR162C,YML018C,1,1.9678568,0.14751525223255157,0.8213592171669006,0.49037110805511475
YML025C,YJR014W,0,1.9677899,0.147489532828331,0.8213592171669006,0.49047142267227173
YDL004W,YCR088W,0,1.9674451,0.1474638283252716,0.8213592171669006,0.4905717074871063
YDL188C,YDL132W,0,1.9674407,0.1474381387233734,0.8213592171669006,0.4906720221042633
YIR033W,YGR289C,0,1.9674182,0.14741243422031403,0.8213592171669006,0.4907723069190979
YNL082W,YNL265C,0,1.9673511,0.14738675951957703,0.8213592171669006,0.4908726215362549
YPR121W,YPR140W,0,1.9671046,0.14736108481884003,0.8213592171669006,0.4909729063510895
YIL099W,YKL163W,0,1.9669511,0.14733542501926422,0.8213592171669006,0.49107322096824646
YPR158W-A,YOR197W,0,1.9662697,0.14730976521968842,0.8213592171669006,0.49117350578308105
YJL050W,YGL055W,0,1.9662697,0.1472841203212738,0.8213592171669006,0.49127382040023804
YDL020C,YEL004W,0,1.9660888,0.14725849032402039,0.8213592171669006,0.491374135017395
YGL001C,YCR070W,0,1.964743,0.14723286032676697,0.8213592171669006,0.4914744198322296
YGL022W,YJL100W,0,1.9647268,0.14720724523067474,0.8213592171669006,0.4915747344493866
YJL010C,YKR029C,0,1.9646807,0.14718163013458252,0.8213592171669006,0.4916750192642212
YMR024W,YHR102W,0,1.9646331,0.1471560299396515,0.8213592171669006,0.4917753338813782
YJL111W,YDR141C,0,1.964438,0.14713042974472046,0.8213592171669006,0.49187561869621277
YCR017C,YGR038C-B,0,1.9643518,0.14710484445095062,0.8213592171669006,0.49197593331336975
YHR091C,YOR088W,0,1.9636447,0.14707927405834198,0.8213592171669006,0.49207621812820435
YER021W,YGL029W,0,1.9635388,0.14705370366573334,0.8213592171669006,0.49217653274536133
YNR012W,YLL054C,0,1.963505,0.1470281481742859,0.8213592171669006,0.4922768175601959
YLR116W,YPR082C,0,1.9630018,0.14700260758399963,0.8213592171669006,0.4923771321773529
YPL024W,YHR183W,0,1.9628845,0.14697706699371338,0.8213592171669006,0.4924774467945099
YGR227W,YMR231W,0,1.9628211,0.14695154130458832,0.8213592171669006,0.4925777316093445
YEL004W,YGL077C,0,1.9628122,0.14692601561546326,0.8213592171669006,0.49267804622650146
YGR048W,YER074W-A,0,1.9627792,0.1469005048274994,0.8213592171669006,0.49277833104133606
YPL149W,YPR156C,1,1.9626279,0.14704860746860504,0.822330117225647,0.49277833104133606
YKL071W,YOR133W,0,1.9624403,0.14702308177947998,0.822330117225647,0.49287864565849304
YOL016C,YOR077W,0,1.962293,0.1469975709915161,0.822330117225647,0.49297893047332764
YBR293W,YDL210W,1,1.9621092,0.1471455842256546,0.8233009576797485,0.49297893047332764
YKR010C,YKL220C,0,1.9617847,0.14712005853652954,0.8233009576797485,0.4930792450904846
YLR116W,YJL122W,0,1.9613463,0.14709453284740448,0.8233009576797485,0.4931795299053192
YDR020C,YIL067C,0,1.9610119,0.1470690220594406,0.8233009576797485,0.4932798445224762
YKL008C,YNL177C,0,1.9609443,0.14704352617263794,0.8233009576797485,0.4933801293373108
YCL019W,YPR065W,0,1.9604181,0.14701803028583527,0.8233009576797485,0.4934804439544678
YDL020C,YBL067C,0,1.9603299,0.1469925493001938,0.8233009576797485,0.49358072876930237
YMR164C,YLR027C,0,1.9602882,0.1469670683145523,0.8233009576797485,0.49368104338645935
YBL101C,YPR056W,0,1.9597486,0.14694160223007202,0.8233009576797485,0.49378135800361633
YBR253W,YIL017C,0,1.9596046,0.14691615104675293,0.8233009576797485,0.4938816428184509
YOR088W,YCR044C,1,1.9595774,0.14706391096115112,0.8242718577384949,0.4938816428184509
YPL003W,YFL034C-A,0,1.958785,0.14703844487667084,0.8242718577384949,0.4939819574356079
YPR082C,YBR106W,0,1.9577755,0.14701299369335175,0.8242718577384949,0.4940822422504425
YOL130W,YDL044C,0,1.9575387,0.14698752760887146,0.8242718577384949,0.4941825568675995
YNL300W,YDR198C,0,1.9573376,0.14696209132671356,0.8242718577384949,0.4942828416824341
YPL164C,YLR256W,0,1.9572846,0.14693665504455566,0.8242718577384949,0.49438315629959106
YDL188C,YFR004W,0,1.9571866,0.14691123366355896,0.8242718577384949,0.49448344111442566
YNL300W,YOR077W,0,1.9566944,0.14688581228256226,0.8242718577384949,0.49458375573158264
YDL181W,YLL010C,0,1.9562467,0.14686040580272675,0.8242718577384949,0.49468404054641724
YPR058W,YJR067C,0,1.9561646,0.14683499932289124,0.8242718577384949,0.4947843551635742
YCR034W,YKL065C,0,1.9559492,0.14680960774421692,0.8242718577384949,0.4948846399784088
YOL075C,YGR067C,0,1.9558228,0.1467842310667038,0.8242718577384949,0.4949849545955658
YHR191C,YOL075C,0,1.9554487,0.14675885438919067,0.8242718577384949,0.4950852692127228
YEL013W,YNL058C,1,1.9549801,0.14690633118152618,0.8252426981925964,0.4950852692127228
YHR124W,YDL239C,0,1.9545995,0.14688093960285187,0.8252426981925964,0.4951855540275574
YEL034W,YLR157C-A,0,1.9544076,0.14685556292533875,0.8252426981925964,0.49528586864471436
YOR371C,YMR170C,0,1.9541433,0.14683020114898682,0.8252426981925964,0.49538615345954895
YDL226C,YGL077C,0,1.9541185,0.1468048393726349,0.8252426981925964,0.49548646807670593
YHL020C,YNR046W,0,1.9540824,0.14677949249744415,0.8252426981925964,0.4955867528915405
YHR191C,YKR003W,0,1.9535255,0.14675414562225342,0.8252426981925964,0.4956870675086975
YLR310C,YPR151C,0,1.9527929,0.14672881364822388,0.8252426981925964,0.4957873523235321
YCR042C,YNL329C,0,1.952325,0.14670348167419434,0.8252426981925964,0.4958876669406891
YPR101W,YDR363W,0,1.9519386,0.146678164601326,0.8252426981925964,0.4959879517555237
YDR171W,YER016W,0,1.951721,0.14665286242961884,0.8252426981925964,0.49608826637268066
YGL201C,YLR229C,0,1.9513355,0.14662756025791168,0.8252426981925964,0.49618855118751526
YLR157C-A,YHR094C,0,1.9511896,0.14660227298736572,0.8252426981925964,0.49628886580467224
YLR166C,YBL045C,0,1.951182,0.14657700061798096,0.8252426981925964,0.4963891804218292
YKL096W,YLL015W,0,1.9510773,0.1465517282485962,0.8252426981925964,0.4964894652366638
YOL033W,YLR081W,0,1.9510192,0.14652645587921143,0.8252426981925964,0.4965897798538208
YPL158C,YLR319C,0,1.9505223,0.14650121331214905,0.8252426981925964,0.4966900646686554
YKL163W,YKL084W,0,1.9504908,0.14647595584392548,0.8252426981925964,0.4967903792858124
YHR034C,YNL265C,0,1.9504626,0.1464507281780243,0.8252426981925964,0.496890664100647
YCL062W,YPL088W,0,1.9500074,0.1464255005121231,0.8252426981925964,0.49699097871780396
YIR003W,YLR421C,0,1.9497079,0.14640027284622192,0.8252426981925964,0.49709126353263855
YNL264C,YBL018C,0,1.9496955,0.14637506008148193,0.8252426981925964,0.49719157814979553
YJR159W,YGR289C,0,1.948949,0.14634986221790314,0.8252426981925964,0.4972918629646301
YJL028W,YOR010C,0,1.9489186,0.14632466435432434,0.8252426981925964,0.4973921775817871
YER069W,YJL115W,0,1.9485273,0.14629948139190674,0.8252426981925964,0.4974924921989441
YGR195W,YOR336W,0,1.9484282,0.14627431333065033,0.8252426981925964,0.4975927770137787
YDR141C,YPR033C,0,1.9483246,0.14624914526939392,0.8252426981925964,0.49769309163093567
YNL275W,YOR245C,0,1.9482934,0.1462239772081375,0.8252426981925964,0.49779337644577026
YNL053W,YGR247W,0,1.947631,0.1461988240480423,0.8252426981925964,0.49789369106292725
YDR261C-C,YCR017C,0,1.9474407,0.14617368578910828,0.8252426981925964,0.49799397587776184
YDR294C,YOR033C,0,1.947353,0.14614856243133545,0.8252426981925964,0.4980942904949188
YEL055C,YOR153W,0,1.9472274,0.14612342417240143,0.8252426981925964,0.4981945753097534
YCL062W,YOR087W,1,1.9470599,0.14627020061016083,0.8262135982513428,0.4981945753097534
YPL180W,YHR132C,1,1.94664,0.14641691744327545,0.8271844387054443,0.4981945753097534
YKR086W,YGL029W,0,1.946142,0.14639174938201904,0.8271844387054443,0.4982948899269104
YLR166C,YLR155C,0,1.9458132,0.14636661112308502,0.8271844387054443,0.498395174741745
YHR188C,YBL066C,0,1.9457904,0.1463414579629898,0.8271844387054443,0.498495489358902
YML018C,YKL077W,1,1.9457175,0.14648807048797607,0.8281553387641907,0.498495489358902
YOL115W,YOR173W,0,1.9455836,0.14646291732788086,0.8281553387641907,0.4985957741737366
YEL020C,YKR045C,0,1.9454702,0.14643776416778564,0.8281553387641907,0.49869608879089355
YPL241C,YMR197C,0,1.9453402,0.14641262590885162,0.8281553387641907,0.49879640340805054
YMR197C,YDR540C,0,1.9452479,0.1463875025510788,0.8281553387641907,0.49889668822288513
YFR009W,YMR154C,0,1.9452223,0.14636239409446716,0.8281553387641907,0.4989970028400421
YGR038C-A,YEL042W,0,1.9446696,0.14633728563785553,0.8281553387641907,0.4990972876548767
YJL137C,YPL265W,0,1.9433528,0.1463121771812439,0.8281553387641907,0.4991976022720337
YCR028C-A,YOR344C,0,1.9433043,0.14628708362579346,0.8281553387641907,0.4992978870868683
YBR228W,YHL009W-A,0,1.943131,0.1462620049715042,0.8281553387641907,0.49939820170402527
YLR262C,YLR342W,0,1.9431105,0.14623692631721497,0.8281553387641907,0.49949848651885986
YDR365W-B,YHR094C,0,1.942525,0.14621186256408691,0.8281553387641907,0.49959880113601685
YJL063C,YMR162C,0,1.9424754,0.14618679881095886,0.8281553387641907,0.49969908595085144
YEL042W,YOR197W,0,1.9422611,0.146161749958992,0.8281553387641907,0.4997994005680084
YJR099W,YNL177C,0,1.941855,0.14613671600818634,0.8281553387641907,0.499899685382843
YKL152C,YMR154C,0,1.9418381,0.14611168205738068,0.8281553387641907,0.5
YML130C,YNL299W,0,1.9411756,0.1460866630077362,0.8281553387641907,0.500100314617157
YKL025C,YPL003W,0,1.9405417,0.14606164395809174,0.8281553387641907,0.500200629234314
YOR178C,YKR086W,0,1.9399425,0.14603663980960846,0.8281553387641907,0.5003008842468262
YOL008W,YPL030W,0,1.9391769,0.14601163566112518,0.8281553387641907,0.5004011988639832
YBR217W,YDR097C,0,1.9388773,0.1459866464138031,0.8281553387641907,0.5005015134811401
YGR209C,YKL120W,0,1.9384357,0.1459616720676422,0.8281553387641907,0.5006018280982971
YLR342W,YDL174C,0,1.9380316,0.14593669772148132,0.8281553387641907,0.5007020831108093
YHL001W,YGL020C,0,1.9379351,0.14591173827648163,0.8281553387641907,0.5008023977279663
YNL009W,YOR064C,0,1.9372095,0.14588677883148193,0.8281553387641907,0.5009027123451233
YMR014W,YPL181W,0,1.9368333,0.14586183428764343,0.8281553387641907,0.5010030269622803
YKL065C,YDL191W,0,1.9366908,0.14583688974380493,0.8281553387641907,0.5011032819747925
YBR201W,YIL168W,0,1.9366239,0.14581196010112762,0.8281553387641907,0.5012035965919495
YJL159W,YCR003W,0,1.9363596,0.1457870453596115,0.8281553387641907,0.5013039112091064
YLR069C,YFL031W,0,1.9361249,0.1457621306180954,0.8281553387641907,0.5014042258262634
YHL009W-A,YIR010W,0,1.9361199,0.14573723077774048,0.8281553387641907,0.5015045404434204
YOR368W,YPL265W,0,1.9359778,0.14571233093738556,0.8281553387641907,0.5016047954559326
YHR112C,YHR121W,0,1.9359533,0.14568744599819183,0.8281553387641907,0.5017051100730896
YDR034C-D,YHR098C,0,1.9358878,0.1456625610589981,0.8281553387641907,0.5018054246902466
YER019W,YOR022C,0,1.9358222,0.14563770592212677,0.8281553387641907,0.5019057393074036
YBL004W,YNL093W,0,1.9357975,0.14561283588409424,0.8281553387641907,0.5020059943199158
YML062C,YER094C,0,1.9353002,0.1455879807472229,0.8281553387641907,0.5021063089370728
YPL237W,YDR266C,0,1.935168,0.14556314051151276,0.8281553387641907,0.5022066235542297
YBR239C,YER074W-A,0,1.935103,0.1455383002758026,0.8281553387641907,0.5023069381713867
YNR023W,YDR210W-A,0,1.9350759,0.14551347494125366,0.8281553387641907,0.5024071931838989
YBL046W,YML033W,0,1.935073,0.1454886645078659,0.8281553387641907,0.5025075078010559
YIL016W,YDR258C,0,1.9346255,0.14546385407447815,0.8281553387641907,0.5026078224182129
YER054C,YOR339C,0,1.9346185,0.1454390436410904,0.8281553387641907,0.5027081370353699
YOR128C,YJL051W,0,1.9345413,0.14541424810886383,0.8281553387641907,0.5028084516525269
YER058W,YHR166C,0,1.9344747,0.14538946747779846,0.8281553387641907,0.5029087066650391
YIR013C,YPL187W,0,1.9341776,0.1453646868467331,0.8281553387641907,0.503009021282196
YDR085C,YHL009W-A,0,1.9336617,0.14533992111682892,0.8281553387641907,0.503109335899353
YMR244C-A,YNL220W,0,1.9336566,0.14531515538692474,0.8281553387641907,0.50320965051651
YDR311W,YDL165W,0,1.9334959,0.14529040455818176,0.8281553387641907,0.5033099055290222
YNL126W,YOR354C,0,1.9333153,0.14526566863059998,0.8281553387641907,0.5034102201461792
YLR132C,YPL023C,0,1.9332782,0.1452409327030182,0.8281553387641907,0.5035105347633362
YNR073C,YOR028C,0,1.9329858,0.1452162116765976,0.8281553387641907,0.5036108493804932
YHR007C,YNL329C,0,1.9325504,0.145191490650177,0.8281553387641907,0.5037111043930054
YDL212W,YOR295W,0,1.9324741,0.1451667845249176,0.8281553387641907,0.5038114190101624
YHR178W,YDR307W,0,1.9319887,0.1451420783996582,0.8281553387641907,0.5039117336273193
YGL124C,YFL055W,0,1.9316736,0.14511738717556,0.8281553387641907,0.5040120482444763
YKL086W,YOR007C,0,1.9311379,0.1450926959514618,0.8281553387641907,0.5041123628616333
YKL222C,YLR095C,0,1.9308618,0.14506803452968597,0.8281553387641907,0.5042126178741455
YPR025C,YLR308W,0,1.9301416,0.14504335820674896,0.8281553387641907,0.5043129324913025
YGL017W,YKL071W,0,1.929999,0.14501869678497314,0.8281553387641907,0.5044132471084595
YOL146W,YNR039C,0,1.9298795,0.14499405026435852,0.8281553387641907,0.5045135617256165
YJL123C,YNL329C,0,1.9296601,0.1449694037437439,0.8281553387641907,0.5046138167381287
YFL024C,YFR004W,0,1.9295977,0.14494477212429047,0.8281553387641907,0.5047141313552856
YPR082C,YBL036C,0,1.9295648,0.14492015540599823,0.8281553387641907,0.5048144459724426
YJR056C,YBR008C,0,1.9295149,0.144895538687706,0.8281553387641907,0.5049147605895996
YNL069C,YGL175C,0,1.9291764,0.14487092196941376,0.8281553387641907,0.5050150156021118
YML118W,YIL105C,0,1.9291577,0.14484632015228271,0.8281553387641907,0.5051153302192688
YPR029C,YCR003W,0,1.928349,0.14482173323631287,0.8281553387641907,0.5052156448364258
YOR307C,YLR089C,0,1.928272,0.14479714632034302,0.8281553387641907,0.5053159594535828
YPL152W,YOR094W,0,1.9282204,0.14477257430553436,0.8281553387641907,0.5054162740707397
YKL176C,YJL154C,0,1.9281508,0.1447480022907257,0.8281553387641907,0.505516529083252
YDR216W,YIL063C,0,1.9279536,0.14472344517707825,0.8281553387641907,0.5056168437004089
YOR270C,YLR148W,1,1.9276814,0.14486853778362274,0.829126238822937,0.5056168437004089
YPL228W,YOR367W,0,1.9275256,0.1448439657688141,0.829126238822937,0.5057171583175659
YNL035C,YPR004C,0,1.9272448,0.14481939375400543,0.829126238822937,0.5058174729347229
YGR161C-C,YCR083W,0,1.9267851,0.14479485154151917,0.829126238822937,0.5059177279472351
YKL046C,YOR190W,0,1.9260451,0.1447702944278717,0.829126238822937,0.5060180425643921
YLR406C,YOL091W,0,1.9260341,0.14474576711654663,0.829126238822937,0.5061183571815491
YGR038C-A,YMR083W,0,1.9258133,0.14472123980522156,0.829126238822937,0.506218671798706
YDR216W,YDR084C,0,1.9256192,0.14469671249389648,0.829126238822937,0.506318986415863
YPL170W,YDL222C,0,1.9251717,0.1446722000837326,0.829126238822937,0.5064192414283752
YOL017W,YOR293W,0,1.924967,0.14464770257472992,0.829126238822937,0.5065195560455322
YJR001W,YOR326W,1,1.9248149,0.14479254186153412,0.8300970792770386,0.5065195560455322
YML114C,YNL225C,0,1.924764,0.14476802945137024,0.8300970792770386,0.5066198706626892
YEL060C,YCR070W,0,1.92475,0.14474353194236755,0.8300970792770386,0.5067201852798462
YKR098C,YGR249W,0,1.924684,0.14471901953220367,0.8300970792770386,0.5068204402923584
YCR023C,YOR130C,0,1.9245497,0.14469453692436218,0.8300970792770386,0.5069207549095154
YJL018W,YGL131C,0,1.9243982,0.1446700543165207,0.8300970792770386,0.5070210695266724
YDR186C,YGL245W,0,1.9242606,0.1446455717086792,0.8300970792770386,0.5071213841438293
YML069W,YER074W-A,0,1.9240468,0.1446211040019989,0.8300970792770386,0.5072216391563416
YML064C,YGL065C,0,1.9238592,0.1445966511964798,0.8300970792770386,0.5073219537734985
YGL160W,YDR331W,0,1.923796,0.1445721983909607,0.8300970792770386,0.5074222683906555
YPL132W,YOR328W,0,1.9234111,0.14454776048660278,0.8300970792770386,0.5075225830078125
YJL050W,YPR103W,0,1.9233125,0.14452332258224487,0.8300970792770386,0.5076228976249695
YPL037C,YIL017C,0,1.9232229,0.14449889957904816,0.8300970792770386,0.5077231526374817
YPL045W,YOR320C,1,1.9231092,0.14464345574378967,0.8310679793357849,0.5077231526374817
YLR297W,YPR066W,0,1.923072,0.14461901783943176,0.8310679793357849,0.5078234672546387
YBR084C-A,YNL009W,0,1.9230001,0.14459459483623505,0.8310679793357849,0.5079237818717957
YLR077W,YOL021C,0,1.9229387,0.14457017183303833,0.8310679793357849,0.5080240964889526
YGL131C,YJL093C,0,1.9228865,0.1445457637310028,0.8310679793357849,0.5081243515014648
YNL126W,YLR144C,0,1.92268,0.14452135562896729,0.8310679793357849,0.5082246661186218
YMR260C,YLR368W,0,1.9223026,0.14449696242809296,0.8310679793357849,0.5083249807357788
YBR132C,YNL037C,0,1.9220921,0.14447256922721863,0.8310679793357849,0.5084252953529358
YDR034C-D,YDR113C,0,1.9217845,0.1444481909275055,0.8310679793357849,0.508525550365448
YNL003C,YDR484W,0,1.9217298,0.14442382752895355,0.8310679793357849,0.508625864982605
YOL094C,YJL018W,0,1.9215045,0.1443994641304016,0.8310679793357849,0.508726179599762
YMR288W,YLL042C,0,1.9211901,0.14437510073184967,0.8310679793357849,0.508826494216919
YJL018W,YCL030C,0,1.9209819,0.14435075223445892,0.8310679793357849,0.5089268088340759
YNL222W,YCL026C-A,0,1.9208478,0.14432641863822937,0.8310679793357849,0.5090270638465881
YML072C,YER074W-A,0,1.9207019,0.14430208504199982,0.8310679793357849,0.5091273784637451
YHR063C,YKR022C,0,1.9206537,0.14427776634693146,0.8310679793357849,0.5092276930809021
YIR035C,YNL305C,0,1.9203461,0.1442534476518631,0.8310679793357849,0.5093280076980591
YDR225W,YDR210W-A,0,1.9202147,0.14422914385795593,0.8310679793357849,0.5094282627105713
YDR099W,YLL052C,0,1.9199156,0.14420485496520996,0.8310679793357849,0.5095285773277283
YHR018C,YDR316W,0,1.9197975,0.144180566072464,0.8310679793357849,0.5096288919448853
YGR198W,YNL169C,0,1.9197072,0.14415627717971802,0.8310679793357849,0.5097292065620422
YDR255C,YOR088W,0,1.9194875,0.14413200318813324,0.8310679793357849,0.5098294615745544
YBL097W,YFR055W,0,1.9193157,0.14410774409770966,0.8310679793357849,0.5099297761917114
YJL151C,YBR077C,1,1.9191653,0.14425180852413177,0.8320388197898865,0.5099297761917114
YAL032C,YOR005C,0,1.9191569,0.144227534532547,0.8320388197898865,0.5100300908088684
YKL222C,YPL008W,0,1.9191452,0.14420326054096222,0.8320388197898865,0.5101304054260254
YOL060C,YGL156W,1,1.9190985,0.14434723556041718,0.8330097198486328,0.5101304054260254
YIL110W,YPR004C,0,1.9179106,0.1443229615688324,0.8330097198486328,0.5102307200431824
YDR162C,YGR087C,0,1.9178616,0.14429868757724762,0.8330097198486328,0.5103309750556946
YNL257C,YJR064W,0,1.9177054,0.14427442848682404,0.8330097198486328,0.5104312896728516
YEL077C,YDL147W,0,1.9173712,0.14425016939640045,0.8330097198486328,0.5105316042900085
YOR100C,YDR363W,0,1.9170269,0.14422592520713806,0.8330097198486328,0.5106319189071655
YKL120W,YMR260C,0,1.9169391,0.14420168101787567,0.8330097198486328,0.5107321739196777
YFR028C,YMR251W-A,0,1.9162136,0.14417745172977448,0.8330097198486328,0.5108324885368347
YOL146W,YLR256W,0,1.9155296,0.14415322244167328,0.8330097198486328,0.5109328031539917
YPR145W,YPR201W,0,1.9151541,0.14412900805473328,0.8330097198486328,0.5110331177711487
YNL327W,YGL008C,0,1.9148184,0.14410480856895447,0.8330097198486328,0.5111333727836609
YPL227C,YBR235W,0,1.9143124,0.14408060908317566,0.8330097198486328,0.5112336874008179
YMR119W,YBR083W,0,1.9138415,0.14405640959739685,0.8330097198486328,0.5113340020179749
YLR077W,YDL165W,0,1.9137753,0.14403222501277924,0.8330097198486328,0.5114343166351318
YJR090C,YDR214W,0,1.9136313,0.14400805532932281,0.8330097198486328,0.5115346312522888
YJL145W,YDR210W-A,0,1.9134891,0.1439838856458664,0.8330097198486328,0.511634886264801
YNL002C,YOR122C,0,1.913344,0.14395973086357117,0.8330097198486328,0.511735200881958
YOR094W,YJR159W,0,1.9132849,0.14393557608127594,0.8330097198486328,0.511835515499115
YBL050W,YOL017W,0,1.9132527,0.1439114362001419,0.8330097198486328,0.511935830116272
YOR178C,YNL106C,0,1.912266,0.14388731122016907,0.8330097198486328,0.5120360851287842
YIL049W,YIL063C,0,1.9122127,0.14386318624019623,0.8330097198486328,0.5121363997459412
YML078W,YDR352W,0,1.9121323,0.1438390612602234,0.8330097198486328,0.5122367143630981
YGR108W,YLR378C,0,1.9120964,0.14381495118141174,0.8330097198486328,0.5123370289802551
YPL162C,YPL230W,0,1.9117408,0.1437908560037613,0.8330097198486328,0.5124372839927673
YBL102W,YLL042C,0,1.9117306,0.14376676082611084,0.8330097198486328,0.5125375986099243
YKR060W,YAL014C,0,1.9116832,0.1437426656484604,0.8330097198486328,0.5126379132270813
YLR157C-A,YDL092W,0,1.9115385,0.14371860027313232,0.8330097198486328,0.5127382278442383
YJL139C,YBR253W,0,1.9111849,0.14369451999664307,0.8330097198486328,0.5128385424613953
YDR016C,YMR277W,0,1.9110601,0.1436704695224762,0.8330097198486328,0.5129387974739075
YER039C,YMR164C,0,1.9106785,0.14364640414714813,0.8330097198486328,0.5130391120910645
YPL055C,YDL147W,0,1.9104552,0.14362236857414246,0.8330097198486328,0.5131394267082214
YDL194W,YAL009W,0,1.9104034,0.14359833300113678,0.8330097198486328,0.5132397413253784
YKR080W,YGL055W,0,1.9100584,0.1435742974281311,0.8330097198486328,0.5133399963378906
YGL150C,YPL066W,0,1.9100372,0.14355027675628662,0.8330097198486328,0.5134403109550476
YMR263W,YLR084C,0,1.9097623,0.14352625608444214,0.8330097198486328,0.5135406255722046
YBR167C,YOR171C,0,1.9097072,0.14350226521492004,0.8330097198486328,0.5136409401893616
YMR024W,YLR421C,0,1.909494,0.14347825944423676,0.8330097198486328,0.5137411952018738
YLR340W,YNL222W,0,1.9090301,0.14345426857471466,0.8330097198486328,0.5138415098190308
YLL005C,YPR185W,0,1.9089319,0.14343029260635376,0.8330097198486328,0.5139418244361877
YIL066C,YHR042W,0,1.9085763,0.14340631663799286,0.8330097198486328,0.5140421390533447
YGR121C,YMR029C,0,1.9082782,0.14338235557079315,0.8330097198486328,0.5141424536705017
YBR126C,YGR027W-A,0,1.9078783,0.14335839450359344,0.8330097198486328,0.5142427086830139
YEL004W,YIL168W,0,1.9077646,0.14333444833755493,0.8330097198486328,0.5143430233001709
YLR242C,YAR008W,0,1.9076328,0.14331050217151642,0.8330097198486328,0.5144433379173279
YOR141C,YDR267C,0,1.9069438,0.1432865709066391,0.8330097198486328,0.5145436525344849
YLR157C-A,YBR044C,0,1.9067191,0.14326265454292297,0.8330097198486328,0.5146439075469971
YBR199W,YOR375C,0,1.9059813,0.14323873817920685,0.8330097198486328,0.514744222164154
YDL064W,YPR164W,0,1.9057523,0.14321482181549072,0.8330097198486328,0.514844536781311
YLL052C,YNR049C,0,1.9056054,0.1431909203529358,0.8330097198486328,0.514944851398468
YLR002C,YGL054C,0,1.9055222,0.14316703379154205,0.8330097198486328,0.5150451064109802
YAR071W,YBR161W,0,1.9054192,0.14314314723014832,0.8330097198486328,0.5151454210281372
YKL125W,YLL052C,0,1.9047581,0.14311926066875458,0.8330097198486328,0.5152457356452942
YGR278W,YNR069C,0,1.9046966,0.14309540390968323,0.8330097198486328,0.5153460502624512
YHR121W,YLR095C,0,1.9044193,0.14307153224945068,0.8330097198486328,0.5154463648796082
YKR046C,YGR206W,0,1.9043766,0.14304767549037933,0.8330097198486328,0.5155466198921204
YJL177W,YLR408C,0,1.9043392,0.14302383363246918,0.8330097198486328,0.5156469345092773
YLR431C,YLL054C,0,1.9041511,0.14300000667572021,0.8330097198486328,0.5157472491264343
YDR084C,YLL028W,0,1.9038881,0.14297616481781006,0.8330097198486328,0.5158475637435913
YKL146W,YKL107W,0,1.9038728,0.1429523527622223,0.8330097198486328,0.5159478187561035
YPL132W,YDL042C,0,1.9037615,0.14292854070663452,0.8330097198486328,0.5160481333732605
YCR070W,YER169W,0,1.9035746,0.14290472865104675,0.8330097198486328,0.5161484479904175
YJR056C,YHL018W,0,1.9027549,0.14288093149662018,0.8330097198486328,0.5162487626075745
YKR018C,YBR057C,0,1.9021362,0.1428571492433548,0.8330097198486328,0.5163490176200867
YOR229W,YGR125W,0,1.9021064,0.14283336699008942,0.8330097198486328,0.5164493322372437
YLR132C,YIL122W,0,1.9020878,0.14280958473682404,0.8330097198486328,0.5165496468544006
YOL077W-A,YCR043C,0,1.9020306,0.14278581738471985,0.8330097198486328,0.5166499614715576
YDR462W,YIL063C,0,1.9014868,0.14276206493377686,0.8330097198486328,0.5167502760887146
YGR275W,YGR287C,0,1.9013077,0.14273831248283386,0.8330097198486328,0.5168505311012268
YPL236C,YLR336C,0,1.9012288,0.14271457493305206,0.8330097198486328,0.5169508457183838
YHR186C,YLR386W,1,1.9000481,0.1428571492433548,0.8339805603027344,0.5169508457183838
YNL005C,YPL249C,0,1.8999125,0.1428333818912506,0.8339805603027344,0.5170511603355408
YOR229W,YKR065C,0,1.8996363,0.1428096443414688,0.8339805603027344,0.5171514749526978
YCL011C,YMR068W,0,1.8995669,0.142785906791687,0.8339805603027344,0.51725172996521
YIL063C,YCL040W,0,1.8993195,0.1427621692419052,0.8339805603027344,0.5173520445823669
YLR057W,YOR298C-A,0,1.8993171,0.1427384465932846,0.8339805603027344,0.5174523591995239
YJL018W,YKL091C,0,1.8991976,0.1427147388458252,0.8339805603027344,0.5175526738166809
YJL204C,YDR394W,0,1.8985082,0.14269103109836578,0.8339805603027344,0.5176529884338379
YNL264C,YJL074C,0,1.8983129,0.14266733825206757,0.8339805603027344,0.5177532434463501
YPR145W,YHR203C,0,1.8978266,0.14264364540576935,0.8339805603027344,0.5178535580635071
YOR321W,YOR197W,0,1.8976041,0.14261995255947113,0.8339805603027344,0.5179538726806641
YDR123C,YDR291W,0,1.897562,0.1425962746143341,0.8339805603027344,0.518054187297821
YPR075C,YKR018C,0,1.8974807,0.14257261157035828,0.8339805603027344,0.5181544423103333
YGL033W,YLR002C,0,1.897464,0.14254894852638245,0.8339805603027344,0.5182547569274902
YHL001W,YFR004W,0,1.8968331,0.1425253003835678,0.8339805603027344,0.5183550715446472
YJL099W,YGL245W,0,1.896716,0.14250165224075317,0.8339805603027344,0.5184553861618042
YDR365W-B,YAL001C,0,1.8967122,0.14247801899909973,0.8339805603027344,0.5185556411743164
YGR121C,YGR261C,0,1.8964256,0.14245440065860748,0.8339805603027344,0.5186559557914734
YDR261C-C,YGR132C,0,1.8961812,0.14243076741695404,0.8339805603027344,0.5187562704086304
YGL207W,YMR113W,0,1.8959836,0.14240716397762299,0.8339805603027344,0.5188565850257874
YKL213C,YHL022C,0,1.8957369,0.14238356053829193,0.8339805603027344,0.5189568996429443
YPR104C,YJR056C,0,1.895667,0.14235995709896088,0.8339805603027344,0.5190571546554565
YOR361C,YOL130W,0,1.895516,0.14233636856079102,0.8339805603027344,0.5191574692726135
YHR079C-A,YGL125W,0,1.8954192,0.14231279492378235,0.8339805603027344,0.5192577838897705
YLR034C,YMR216C,0,1.8953182,0.14228922128677368,0.8339805603027344,0.5193580985069275
YCR066W,YKL055C,0,1.8950601,0.14226564764976501,0.8339805603027344,0.5194583535194397
YOL097C,YCL045C,0,1.894962,0.14224208891391754,0.8339805603027344,0.5195586681365967
YHR112C,YLR298C,0,1.8944508,0.14221854507923126,0.8339805603027344,0.5196589827537537
YCR067C,YMR092C,0,1.894375,0.14219500124454498,0.8339805603027344,0.5197592973709106
YIL066C,YHR072W,0,1.8936509,0.1421714723110199,0.8339805603027344,0.5198595523834229
YLR013W,YDL153C,0,1.8933758,0.1421479433774948,0.8339805603027344,0.5199598670005798
YAR050W,YNL134C,0,1.8929889,0.14212441444396973,0.8339805603027344,0.5200601816177368
YLR157C-A,YDL052C,0,1.892764,0.14210091531276703,0.8339805603027344,0.5201604962348938
YLR081W,YBR227C,0,1.8926202,0.14207740128040314,0.8339805603027344,0.5202608108520508
YMR221C,YML018C,1,1.8921838,0.14221927523612976,0.8349514603614807,0.5202608108520508
YOR173W,YNL139C,0,1.8920559,0.14219576120376587,0.8349514603614807,0.520361065864563
YLR166C,YDL147W,0,1.8910991,0.14217226207256317,0.8349514603614807,0.52046138048172
YCL019W,YDR314C,0,1.8903764,0.14214876294136047,0.8349514603614807,0.520561695098877
YIL023C,YGL181W,0,1.8902313,0.14212526381015778,0.8349514603614807,0.5206620097160339
YBR077C,YML033W,0,1.8901778,0.14210177958011627,0.8349514603614807,0.5207622647285461
YNL327W,YHR196W,0,1.8901113,0.14207831025123596,0.8349514603614807,0.5208625793457031
YOR149C,YOL027C,0,1.8899014,0.14205484092235565,0.8349514603614807,0.5209628939628601
YER004W,YJL093C,0,1.889428,0.14203137159347534,0.8349514603614807,0.5210632085800171
YDR346C,YDL178W,0,1.8893455,0.14200793206691742,0.8349514603614807,0.5211634635925293
YLR307W,YCR068W,0,1.8889962,0.1419844776391983,0.8349514603614807,0.5212637782096863
YBR229C,YNL087W,0,1.8888294,0.14196103811264038,0.8349514603614807,0.5213640928268433
YDR153C,YGR163W,0,1.888678,0.14193761348724365,0.8349514603614807,0.5214644074440002
YPL020C,YMR029C,0,1.8883393,0.14191418886184692,0.8349514603614807,0.5215647220611572
YFR051C,YHL018W,0,1.8881347,0.1418907791376114,0.8349514603614807,0.5216649770736694
YBL004W,YML033W,0,1.8880082,0.14186736941337585,0.8349514603614807,0.5217652916908264
YNR063W,YLR372W,0,1.8879726,0.1418439745903015,0.8349514603614807,0.5218656063079834
YHR001W,YHR178W,0,1.887752,0.14182057976722717,0.8349514603614807,0.5219659209251404
YHR191C,YCL062W,0,1.8875307,0.14179719984531403,0.8349514603614807,0.5220661759376526
YHR042W,YKR001C,0,1.8871824,0.14177381992340088,0.8349514603614807,0.5221664905548096
YHL007C,YDR331W,0,1.8871287,0.14175045490264893,0.8349514603614807,0.5222668051719666
YDR477W,YJR161C,1,1.8867197,0.14189189672470093,0.8359223008155823,0.5222668051719666
YCL045C,YBR154C,0,1.8864456,0.14186851680278778,0.8359223008155823,0.5223671197891235
YER122C,YBL019W,0,1.8863235,0.14184513688087463,0.8359223008155823,0.5224673748016357
YNL014W,YDL191W,0,1.8863083,0.14182177186012268,0.8359223008155823,0.5225676894187927
YJR047C,YGL181W,0,1.8862238,0.14179842174053192,0.8359223008155823,0.5226680040359497
YDR210W-A,YGR206W,0,1.885983,0.14177507162094116,0.8359223008155823,0.5227683186531067
YOL041C,YBL019W,0,1.8858646,0.1417517215013504,0.8359223008155823,0.5228686332702637
YHR196W,YIL050W,0,1.8858029,0.14172840118408203,0.8359223008155823,0.5229688882827759
YCL011C,YLR155C,0,1.8856969,0.14170506596565247,0.8359223008155823,0.5230692028999329
YER021W,YMR277W,0,1.8851961,0.1416817456483841,0.8359223008155823,0.5231695175170898
YLR128W,YLR002C,0,1.8851631,0.14165844023227692,0.8359223008155823,0.5232698321342468
YER042W,YDL214C,0,1.884867,0.14163513481616974,0.8359223008155823,0.523370087146759
YMR021C,YGL131C,0,1.8848606,0.14161184430122375,0.8359223008155823,0.523470401763916
YDL194W,YDL010W,0,1.8846674,0.14158855378627777,0.8359223008155823,0.523570716381073
YEL060C,YOR088W,1,1.8846642,0.1417296975851059,0.8368932008743286,0.523570716381073
YIL049W,YIL131C,0,1.8846066,0.14170639216899872,0.8368932008743286,0.52367103099823
YHR039C-B,YHR132C,1,1.8845631,0.14184746146202087,0.837864100933075,0.52367103099823
YPR029C,YOR058C,0,1.8845063,0.1418241560459137,0.837864100933075,0.5237712860107422
YJL139C,YER074W-A,0,1.8840319,0.14180085062980652,0.837864100933075,0.5238716006278992
YDR180W,YOR307C,0,1.8827702,0.14177756011486053,0.837864100933075,0.5239719152450562
YCL045C,YDR522C,0,1.8827407,0.14175426959991455,0.837864100933075,0.5240722298622131
YLR424W,YKR029C,0,1.8826119,0.14173099398612976,0.837864100933075,0.5241725444793701
YIL040W,YLR368W,0,1.882522,0.14170771837234497,0.837864100933075,0.5242727994918823
YDL232W,YBR014C,0,1.8825029,0.14168445765972137,0.837864100933075,0.5243731141090393
YOL016C,YBR244W,0,1.882183,0.14166119694709778,0.837864100933075,0.5244734287261963
YER001W,YFR055W,0,1.8820819,0.14163795113563538,0.837864100933075,0.5245737433433533
YJR093C,YNL229C,0,1.8820404,0.14161470532417297,0.837864100933075,0.5246739983558655
YGR108W,YOL033W,0,1.881852,0.14159147441387177,0.837864100933075,0.5247743129730225
YBR302C,YDL165W,0,1.881741,0.14156824350357056,0.837864100933075,0.5248746275901794
YDL226C,YHL013C,0,1.8814293,0.14154502749443054,0.837864100933075,0.5249749422073364
YLR205C,YNL272C,0,1.8811296,0.14152181148529053,0.837864100933075,0.5250751972198486
YHR007C,YMR244C-A,0,1.8810532,0.1414986103773117,0.837864100933075,0.5251755118370056
YCR028C-A,YBL009W,0,1.8807521,0.14147540926933289,0.837864100933075,0.5252758264541626
YBR293W,YLR093C,1,1.880553,0.14161613583564758,0.8388349413871765,0.5252758264541626
YPL283C,YEL009C,0,1.8805233,0.14159291982650757,0.8388349413871765,0.5253761410713196
YBR127C,YDR323C,1,1.8803786,0.1417335718870163,0.8398058414459229,0.5253761410713196
YIL085C,YDR522C,0,1.8802532,0.14171035587787628,0.8398058414459229,0.5254764556884766
YOR088W,YPL120W,1,1.8802274,0.14185094833374023,0.8407766819000244,0.5254764556884766
YFL031W,YFL002C,0,1.8801805,0.14182771742343903,0.8407766819000244,0.5255767107009888
YKR086W,YNL220W,0,1.8801605,0.14180448651313782,0.8407766819000244,0.5256770253181458
YNL275W,YER094C,0,1.8800056,0.1417812705039978,0.8407766819000244,0.5257773399353027
YDR408C,YNL270C,0,1.8797694,0.1417580544948578,0.8407766819000244,0.5258776545524597
YPR124W,YMR244C-A,0,1.8793527,0.14173486828804016,0.8407766819000244,0.5259779095649719
YHR112C,YOR088W,0,1.8792702,0.14171166718006134,0.8407766819000244,0.5260782241821289
YLR408C,YOL041C,0,1.8790624,0.1416884809732437,0.8407766819000244,0.5261785387992859
YER119C,YOR140W,0,1.8790072,0.14166530966758728,0.8407766819000244,0.5262788534164429
YGR090W,YEL020C,0,1.8789251,0.14164213836193085,0.8407766819000244,0.5263791084289551
YHL009W-A,YHR043C,0,1.8788756,0.14161896705627441,0.8407766819000244,0.5264794230461121
YAR066W,YHR166C,0,1.8781524,0.14159581065177917,0.8407766819000244,0.526579737663269
YKL222C,YGR041W,0,1.8780159,0.14157266914844513,0.8407766819000244,0.526680052280426
YKL071W,YJL050W,0,1.877887,0.14154952764511108,0.8407766819000244,0.526780366897583
YJR086W,YPR201W,0,1.8777691,0.14152638614177704,0.8407766819000244,0.5268806219100952
YDR314C,YER004W,0,1.8776687,0.14150327444076538,0.8407766819000244,0.5269809365272522
YMR092C,YNL099C,0,1.877455,0.14148014783859253,0.8407766819000244,0.5270812511444092
YPR101W,YGL125W,0,1.8771777,0.14145703613758087,0.8407766819000244,0.5271815657615662
YHL007C,YML121W,0,1.8770121,0.1414339393377304,0.8407766819000244,0.5272818207740784
YFR028C,YHL009W-A,0,1.8768305,0.14141084253787994,0.8407766819000244,0.5273821353912354
YLL024C,YAL002W,1,1.8764886,0.14155101776123047,0.8417475819587708,0.5273821353912354
YFL016C,YPL072W,0,1.876226,0.14152792096138,0.8417475819587708,0.5274824500083923
YGR161C-C,YPL015C,0,1.8760122,0.14150480926036835,0.8417475819587708,0.5275827646255493
YDL159W,YGR132C,0,1.8759937,0.14148172736167908,0.8417475819587708,0.5276830196380615
YMR058W,YNL003C,0,1.8759519,0.1414586454629898,0.8417475819587708,0.5277833342552185
YGL212W,YDR481C,1,1.8757532,0.14159870147705078,0.8427184224128723,0.5277833342552185
YOL017W,YLR256W,0,1.8752044,0.14157560467720032,0.8427184224128723,0.5278836488723755
YJL207C,YAL009W,0,1.874936,0.14155250787734985,0.8427184224128723,0.5279839634895325
YNL264C,YDR208W,0,1.874651,0.14152942597866058,0.8427184224128723,0.5280842781066895
YDR171W,YMR044W,0,1.8745518,0.1415063589811325,0.8427184224128723,0.5281845331192017
YIL091C,YKL160W,0,1.8745393,0.14148329198360443,0.8427184224128723,0.5282848477363586
YER144C,YOR141C,0,1.8745292,0.14146023988723755,0.8427184224128723,0.5283851623535156
YGL001C,YLL032C,0,1.8741778,0.14143718779087067,0.8427184224128723,0.5284854769706726
YJL159W,YLR110C,0,1.8739725,0.14141413569450378,0.8427184224128723,0.5285857319831848
YDR079C-A,YOR360C,0,1.8739194,0.1413911134004593,0.8427184224128723,0.5286860466003418
YNL097C,YJL100W,0,1.8734092,0.1413680762052536,0.8427184224128723,0.5287863612174988
YMR021C,YKL148C,0,1.8730971,0.1413450539112091,0.8427184224128723,0.5288866758346558
YDL004W,YHR107C,0,1.8727814,0.1413220465183258,0.8427184224128723,0.5289869904518127
YBR077C,YKL124W,1,1.8727623,0.1414618194103241,0.8436893224716187,0.5289869904518127
YOR073W,YNL097C,0,1.8721732,0.1414387971162796,0.8436893224716187,0.529087245464325
YDL103C,YJL104W,0,1.8718175,0.1414157897233963,0.8436893224716187,0.5291875600814819
YLR342W,YMR271C,0,1.8717545,0.141392782330513,0.8436893224716187,0.5292878746986389
YEL060C,YBR302C,1,1.8717135,0.14153245091438293,0.844660222530365,0.5292878746986389
YIL121W,YBR083W,0,1.8710732,0.14150942862033844,0.844660222530365,0.5293881893157959
YJL151C,YIL023C,0,1.8708999,0.14148642122745514,0.844660222530365,0.5294884443283081
YPL132W,YJL209W,0,1.8707954,0.14146341383457184,0.844660222530365,0.5295887589454651
YDR034C-D,YNR051C,0,1.8707224,0.14144042134284973,0.844660222530365,0.5296890735626221
YGR049W,YDR522C,0,1.8706832,0.14141742885112762,0.844660222530365,0.529789388179779
YML131W,YFL016C,0,1.8700935,0.14139443635940552,0.844660222530365,0.5298896431922913
YPL016W,YIL065C,0,1.8699669,0.1413714587688446,0.844660222530365,0.5299899578094482
YGR157W,YJL138C,0,1.869825,0.14134849607944489,0.844660222530365,0.5300902724266052
YML123C,YMR251W-A,0,1.86964,0.14132553339004517,0.844660222530365,0.5301905870437622
YGR033C,YPR022C,0,1.8695856,0.14130258560180664,0.844660222530365,0.5302909016609192
YDR143C,YDR352W,0,1.869552,0.14127963781356812,0.844660222530365,0.5303911566734314
YNL015W,YML132W,1,1.8692132,0.14141906797885895,0.8456310629844666,0.5303911566734314
YGL125W,YGL065C,0,1.8690633,0.14139610528945923,0.8456310629844666,0.5304914712905884
YLR431C,YGL179C,0,1.8684927,0.1413731575012207,0.8456310629844666,0.5305917859077454
YDR314C,YPL003W,0,1.8682387,0.14135020971298218,0.8456310629844666,0.5306921005249023
YKL086W,YCR020W-B,0,1.8682321,0.14132727682590485,0.8456310629844666,0.5307923555374146
YBL045C,YJL036W,0,1.868101,0.14130434393882751,0.8456310629844666,0.5308926701545715
YGR067C,YBR008C,0,1.8676249,0.14128142595291138,0.8456310629844666,0.5309929847717285
YJL100W,YHR039C-A,1,1.8674437,0.14142069220542908,0.8466019630432129,0.5309929847717285
YGL250W,YDR540C,0,1.8674041,0.14139775931835175,0.8466019630432129,0.5310932993888855
YDR079C-A,YDR208W,0,1.866694,0.1413748413324356,0.8466019630432129,0.5311935544013977
YDR016C,YIR013C,0,1.866496,0.14135192334651947,0.8466019630432129,0.5312938690185547
YAL001C,YDL044C,0,1.8664266,0.14132900536060333,0.8466019630432129,0.5313941836357117
YIL105C,YAL061W,0,1.8664168,0.1413061022758484,0.8466019630432129,0.5314944982528687
YNR032W,YLR399C,0,1.8662926,0.14128321409225464,0.8466019630432129,0.5315948128700256
YBR293W,YKL080W,1,1.8660638,0.1414223164319992,0.8475728034973145,0.5315948128700256
YOR125C,YDR409W,0,1.8660083,0.14139941334724426,0.8475728034973145,0.5316950678825378
YOL097C,YOR125C,0,1.8657591,0.1413765251636505,0.8475728034973145,0.5317953824996948
YJL204C,YPR107C,0,1.8657146,0.14135362207889557,0.8475728034973145,0.5318956971168518
YDR184C,YKL139W,0,1.8656691,0.141330748796463,0.8475728034973145,0.5319960117340088
YNR051C,YDR409W,0,1.8654459,0.14130786061286926,0.8475728034973145,0.532096266746521
YMR221C,YGR163W,1,1.8651043,0.14144682884216309,0.8485437035560608,0.532096266746521
YJL092W,YBL100W-A,0,1.8641078,0.14142395555973053,0.8485437035560608,0.532196581363678
YDL193W,YDR324C,0,1.8638406,0.14140106737613678,0.8485437035560608,0.532296895980835
YAL005C,YER065C,0,1.8633511,0.14137819409370422,0.8485437035560608,0.5323972105979919
YCR079W,YFL034C-A,0,1.8632578,0.14135533571243286,0.8485437035560608,0.5324974656105042
YKL027W,YDR307W,0,1.8628324,0.1413324773311615,0.8485437035560608,0.5325977802276611
YDL165W,YNL093W,0,1.8625063,0.14130961894989014,0.8485437035560608,0.5326980948448181
YCR027C,YIL044C,0,1.862353,0.14128677546977997,0.8485437035560608,0.5327984094619751
YLR226W,YKL184W,0,1.8621122,0.141263946890831,0.8485437035560608,0.5328987240791321
YNL037C,YIR008C,0,1.8616587,0.14124111831188202,0.8485437035560608,0.5329989790916443
YLR242C,YHR102W,0,1.8614057,0.14121828973293304,0.8485437035560608,0.5330992937088013
YHR003C,YPR165W,0,1.8612869,0.14119547605514526,0.8485437035560608,0.5331996083259583
YCL026C-A,YDR186C,0,1.8612697,0.14117267727851868,0.8485437035560608,0.5332999229431152
YJL111W,YBR004C,0,1.8608916,0.1411498636007309,0.8485437035560608,0.5334001779556274
YPL084W,YNR049C,0,1.8599197,0.1411270797252655,0.8485437035560608,0.5335004925727844
YPR020W,YBR088C,0,1.8590103,0.1411042958498001,0.8485437035560608,0.5336008071899414
YFR042W,YER160C,0,1.8585781,0.14108151197433472,0.8485437035560608,0.5337011218070984
YGL208W,YML121W,0,1.858574,0.14105874300003052,0.8485437035560608,0.5338013768196106
YJL042W,YPL270W,0,1.8585119,0.1410359889268875,0.8485437035560608,0.5339016914367676
YDR394W,YIL157C,0,1.8578708,0.1410132348537445,0.8485437035560608,0.5340020060539246
YLR423C,YOR339C,0,1.8576753,0.1409904807806015,0.8485437035560608,0.5341023206710815
YHR091C,YDL042C,0,1.857622,0.1409677416086197,0.8485437035560608,0.5342026352882385
YOR208W,YLR431C,0,1.8574284,0.14094500243663788,0.8485437035560608,0.5343028903007507
YGL002W,YGL131C,0,1.8567413,0.14092227816581726,0.8485437035560608,0.5344032049179077
YJR090C,YLR372W,0,1.856457,0.14089956879615784,0.8485437035560608,0.5345035195350647
YFL034C-A,YHR166C,0,1.8560505,0.1408768594264984,0.8485437035560608,0.5346038341522217
YBR236C,YBL105C,0,1.8557223,0.140854150056839,0.8485437035560608,0.5347040891647339
YLR051C,YJL160C,0,1.855184,0.14083145558834076,0.8485437035560608,0.5348044037818909
YML038C,YCL026C-A,0,1.8551797,0.14080876111984253,0.8485437035560608,0.5349047183990479
YGR059W,YCR066W,0,1.8549932,0.1407860815525055,0.8485437035560608,0.5350050330162048
YCL019W,YGL153W,0,1.8545567,0.14076340198516846,0.8485437035560608,0.535105288028717
YPR185W,YDL092W,0,1.8543936,0.14074073731899261,0.8485437035560608,0.535205602645874
YBR132C,YLR424W,0,1.8543465,0.14071808755397797,0.8485437035560608,0.535305917263031
YGR203W,YDR291W,0,1.8541831,0.14069542288780212,0.8485437035560608,0.535406231880188
YDL132W,YLR275W,0,1.8538017,0.14067278802394867,0.8485437035560608,0.535506546497345
YCL062W,YGL047W,0,1.8531965,0.14065013825893402,0.8485437035560608,0.5356068015098572
YJR056C,YER073W,0,1.853115,0.14062751829624176,0.8485437035560608,0.5357071161270142
YDR261C-C,YEL020C,0,1.8527895,0.1406048834323883,0.8485437035560608,0.5358074307441711
YBR234C,YJL051W,0,1.8523849,0.14058227837085724,0.8485437035560608,0.5359077453613281
YBR298C,YML118W,0,1.8523438,0.14055965840816498,0.8485437035560608,0.5360080003738403
YBR077C,YMR189W,0,1.8517205,0.1405370682477951,0.8485437035560608,0.5361083149909973
YER124C,YNL329C,0,1.8514284,0.14051446318626404,0.8485437035560608,0.5362086296081543
YJL138C,YKL216W,0,1.851413,0.14049188792705536,0.8485437035560608,0.5363089442253113
YGR215W,YNL003C,0,1.8512045,0.14046929776668549,0.8485437035560608,0.5364091992378235
YHR113W,YHR039C-B,1,1.8511146,0.14060741662979126,0.8495145440101624,0.5364091992378235
YDL103C,YKL139W,0,1.8509855,0.1405848264694214,0.8495145440101624,0.5365095138549805
YOL016C,YER074W-A,0,1.8508999,0.1405622512102127,0.8495145440101624,0.5366098284721375
YLR051C,YDL155W,0,1.850772,0.14053967595100403,0.8495145440101624,0.5367101430892944
YKL112W,YML007W,0,1.850731,0.14051710069179535,0.8495145440101624,0.5368104577064514
YML007W,YLR003C,0,1.8505034,0.14049454033374786,0.8495145440101624,0.5369107127189636
YCR027C,YJR125C,0,1.850425,0.14047197997570038,0.8495145440101624,0.5370110273361206
YBR077C,YNL275W,1,1.8502932,0.1406099498271942,0.8504854440689087,0.5370110273361206
YGR257C,YGL145W,0,1.8500308,0.14058738946914673,0.8504854440689087,0.5371113419532776
YKR001C,YKL157W,0,1.8499979,0.14056482911109924,0.8504854440689087,0.5372116565704346
YPL016W,YMR293C,0,1.8497211,0.14054226875305176,0.8504854440689087,0.5373119115829468
YNL154C,YGL207W,0,1.8491489,0.14051972329616547,0.8504854440689087,0.5374122262001038
YHR079C-A,YGR121C,0,1.8490229,0.14049719274044037,0.8504854440689087,0.5375125408172607
YCL062W,YHR166C,0,1.8488106,0.14047466218471527,0.8504854440689087,0.5376128554344177
YBR288C,YPL046C,0,1.8487571,0.14045214653015137,0.8504854440689087,0.5377131104469299
YCR068W,YIL158W,1,1.8482232,0.14058993756771088,0.8514562845230103,0.5377131104469299
YNL316C,YMR116C,0,1.8477448,0.14056739211082458,0.8514562845230103,0.5378134250640869
YHR178W,YGL181W,0,1.8477114,0.14054487645626068,0.8514562845230103,0.5379137396812439
YGR109C,YNL058C,0,1.8476799,0.14052234590053558,0.8514562845230103,0.5380140542984009
YLR128W,YGL250W,0,1.8471669,0.14049984514713287,0.8514562845230103,0.5381143689155579
YNR054C,YMR251W-A,0,1.847007,0.14047732949256897,0.8514562845230103,0.5382146239280701
YGR068C,YBL009W,0,1.8465728,0.14045484364032745,0.8514562845230103,0.538314938545227
YDR522C,YJR137C,0,1.8465515,0.14043234288692474,0.8514562845230103,0.538415253162384
YNL053W,YIL015W,0,1.8462557,0.14040985703468323,0.8514562845230103,0.538515567779541
YDR261C-C,YDR294C,0,1.8461194,0.1403873860836029,0.8514562845230103,0.5386158227920532
YOR190W,YGR027W-A,0,1.8455318,0.14036491513252258,0.8514562845230103,0.5387161374092102
YDR085C,YPL187W,0,1.8454734,0.14034245908260345,0.8514562845230103,0.5388164520263672
YDR261C-C,YML025C,0,1.8452544,0.14032000303268433,0.8514562845230103,0.5389167666435242
YNR069C,YLR089C,0,1.8451452,0.1402975469827652,0.8514562845230103,0.5390170216560364
YOL039W,YPL124W,0,1.8449916,0.14027510583400726,0.8514562845230103,0.5391173362731934
YBR216C,YJL159W,0,1.84488,0.14025267958641052,0.8514562845230103,0.5392176508903503
YLR013W,YNR069C,0,1.8445526,0.14023025333881378,0.8514562845230103,0.5393179655075073
YPL120W,YDR486C,1,1.8444121,0.14036770164966583,0.8524271845817566,0.5393179655075073
YNL014W,YMR044W,0,1.8443896,0.1403452754020691,0.8524271845817566,0.5394182801246643
YJL092W,YMR083W,0,1.8443137,0.14032283425331116,0.8524271845817566,0.5395185351371765
YDR365W-B,YJR125C,0,1.8442397,0.1403004229068756,0.8524271845817566,0.5396188497543335
YBR239C,YHR143W-A,0,1.8440204,0.14027799665927887,0.8524271845817566,0.5397191643714905
YJL018W,YOL113W,0,1.8436294,0.14025558531284332,0.8524271845817566,0.5398194789886475
YMR202W,YCR028C-A,0,1.8431247,0.14023318886756897,0.8524271845817566,0.5399197340011597
YOR196C,YDR477W,0,1.8428433,0.14021079242229462,0.8524271845817566,0.5400200486183167
YDR034C-D,YLR210W,0,1.8423756,0.14018841087818146,0.8524271845817566,0.5401203632354736
YHR039C-B,YOR288C,1,1.8419737,0.140325665473938,0.8533980846405029,0.5401203632354736
YDR006C,YDR291W,0,1.8418854,0.14030326902866364,0.8533980846405029,0.5402206778526306
YKR022C,YCR070W,0,1.841256,0.14028088748455048,0.8533980846405029,0.5403209924697876
YDR210W,YPL003W,0,1.8411306,0.14025849103927612,0.8533980846405029,0.5404212474822998
YEL026W,YNL152W,0,1.8407981,0.14023612439632416,0.8533980846405029,0.5405215620994568
YHL022C,YAL032C,0,1.8406427,0.140213742852211,0.8533980846405029,0.5406218767166138
YBR290W,YDL064W,0,1.8399764,0.14019139111042023,0.8533980846405029,0.5407221913337708
YKR098C,YPR107C,0,1.8398973,0.14016903936862946,0.8533980846405029,0.540822446346283
YDR365W-B,YHR102W,0,1.839399,0.14014668762683868,0.8533980846405029,0.5409227609634399
YBR014C,YJL058C,1,1.8393517,0.1402837485074997,0.8543689250946045,0.5409227609634399
YOR094W,YEL004W,0,1.8392571,0.14026139676570892,0.8543689250946045,0.5410230755805969
YJR056C,YPL072W,0,1.8391203,0.14023904502391815,0.8543689250946045,0.5411233901977539
YOL091W,YIL031W,0,1.8385642,0.14021669328212738,0.8543689250946045,0.5412236452102661
YDR191W,YCL062W,0,1.8381993,0.1401943564414978,0.8543689250946045,0.5413239598274231
YOL089C,YKL139W,0,1.837877,0.14017203450202942,0.8543689250946045,0.5414242744445801
YJL123C,YHR112C,0,1.8375307,0.14014971256256104,0.8543689250946045,0.5415245890617371
YLR240W,YBL016W,0,1.8372902,0.14012739062309265,0.8543689250946045,0.541624903678894
YPR103W,YPL190C,0,1.8369933,0.14010508358478546,0.8543689250946045,0.5417251586914062
YLR081W,YGR207C,0,1.8369892,0.14008277654647827,0.8543689250946045,0.5418254733085632
YBR200W,YLL052C,0,1.8369343,0.14006048440933228,0.8543689250946045,0.5419257879257202
YIR033W,YPR094W,0,1.8369128,0.14003819227218628,0.8543689250946045,0.5420261025428772
YJR047C,YHR026W,0,1.8368939,0.14001591503620148,0.8543689250946045,0.5421263575553894
YNL125C,YMR106C,0,1.8362188,0.13999363780021667,0.8543689250946045,0.5422266721725464
YDR034C-D,YPR065W,0,1.8361304,0.13997137546539307,0.8543689250946045,0.5423269867897034
YDR365W-B,YOL021C,0,1.8355584,0.13994911313056946,0.8543689250946045,0.5424273014068604
YGL043W,YPL020C,0,1.8353164,0.13992685079574585,0.8543689250946045,0.5425275564193726
YKL008C,YNL169C,0,1.8350952,0.13990460336208344,0.8543689250946045,0.5426278710365295
YKL139W,YDR480W,0,1.8344196,0.13988237082958221,0.8543689250946045,0.5427281856536865
YMR197C,YDR363W,0,1.8340616,0.139860138297081,0.8543689250946045,0.5428285002708435
YGL201C,YOL060C,0,1.8339504,0.13983792066574097,0.8543689250946045,0.5429288148880005
YPR181C,YJL122W,0,1.8339249,0.13981570303440094,0.8543689250946045,0.5430290699005127
YOR208W,YBR135W,0,1.8336748,0.1397934854030609,0.8543689250946045,0.5431293845176697
YPL256C,YLR110C,0,1.8336164,0.13977128267288208,0.8543689250946045,0.5432296991348267
YIL162W,YNL336W,0,1.8335353,0.13974907994270325,0.8543689250946045,0.5433300137519836
YER074W-A,YPR112C,0,1.8326055,0.1397268921136856,0.8543689250946045,0.5434302687644958
YAL047C,YLR133W,0,1.8323051,0.13970471918582916,0.8543689250946045,0.5435305833816528
YPL246C,YPL024W,0,1.8320823,0.13968254625797272,0.8543689250946045,0.5436308979988098
YPR022C,YGR027W-A,0,1.8315009,0.13966037333011627,0.8543689250946045,0.5437312126159668
YNL154C,YDR043C,0,1.8313929,0.13963821530342102,0.8543689250946045,0.543831467628479
YMR263W,YNL272C,0,1.8309017,0.13961605727672577,0.8543689250946045,0.543931782245636
YCR017C,YPL275W,0,1.8307984,0.1395939141511917,0.8543689250946045,0.544032096862793
YPR183W,YOL058W,0,1.8302112,0.13957177102565765,0.8543689250946045,0.54413241147995
YNL015W,YHR039C-B,1,1.8301675,0.13970822095870972,0.8553398251533508,0.54413241147995
YPR107C,YNL106C,0,1.8296505,0.13968606293201447,0.8553398251533508,0.5442327260971069
YOR058C,YJR002W,0,1.8295534,0.1396639198064804,0.8553398251533508,0.5443329811096191
YPL249C-A,YLR398C,0,1.829443,0.13964177668094635,0.8553398251533508,0.5444332957267761
YIL023C,YDR194C,0,1.8290079,0.1396196484565735,0.8553398251533508,0.5445336103439331
YDR142C,YGL245W,0,1.8289832,0.13959753513336182,0.8553398251533508,0.5446339249610901
YGR284C,YLR133W,0,1.8289361,0.13957540690898895,0.8553398251533508,0.5447341799736023
YLR157C-A,YIL127C,0,1.8287777,0.13955330848693848,0.8553398251533508,0.5448344945907593
YOR141C,YLR066W,0,1.8286237,0.1395311951637268,0.8553398251533508,0.5449348092079163
YOR125C,YAL047C,0,1.828614,0.13950911164283752,0.8553398251533508,0.5450351238250732
YMR288W,YDR079C-A,0,1.8285401,0.13948701322078705,0.8553398251533508,0.5451353788375854
YKR098C,YNL139C,0,1.8281437,0.13946492969989777,0.8553398251533508,0.5452356934547424
YDL025C,YGR183C,0,1.8279887,0.13944286108016968,0.8553398251533508,0.5453360080718994
YLR272C,YOR058C,0,1.8277687,0.1394207924604416,0.8553398251533508,0.5454363226890564
YNR026C,YJL118W,0,1.8276224,0.1393987387418747,0.8553398251533508,0.5455366373062134
YDR446W,YPL005W,0,1.8273685,0.1393766850233078,0.8553398251533508,0.5456368923187256
YBR280C,YIR021W,0,1.8272026,0.1393546313047409,0.8553398251533508,0.5457372069358826
YLL039C,YNL083W,0,1.826831,0.1393325924873352,0.8553398251533508,0.5458375215530396
YDR261C-C,YMR154C,0,1.8263062,0.1393105685710907,0.8553398251533508,0.5459378361701965
YGR038C-A,YER021W,0,1.8262757,0.1392885446548462,0.8553398251533508,0.5460380911827087
YOR298C-A,YNL327W,0,1.8262175,0.13926652073860168,0.8553398251533508,0.5461384057998657
YOR033C,YDL191W,0,1.8255991,0.13924451172351837,0.8553398251533508,0.5462387204170227
YJL159W,YGL179C,0,1.8251752,0.13922250270843506,0.8553398251533508,0.5463390350341797
YPL086C,YCR008W,0,1.8251114,0.13920050859451294,0.8553398251533508,0.5464392900466919
YCL062W,YGR038W,0,1.8250835,0.13917851448059082,0.8553398251533508,0.5465396046638489
YOR095C,YGR186W,0,1.8249965,0.1391565352678299,0.8553398251533508,0.5466399192810059
YML025C,YMR271C,0,1.8248744,0.13913455605506897,0.8553398251533508,0.5467402338981628
YML110C,YDL191W,0,1.8246852,0.13911259174346924,0.8553398251533508,0.5468405485153198
YPL256C,YDR316W,0,1.8246332,0.1390906274318695,0.8553398251533508,0.546940803527832
YNL113W,YER074W-A,0,1.8243642,0.13906866312026978,0.8553398251533508,0.547041118144989
YGR203W,YMR199W,0,1.8242675,0.13904671370983124,0.8553398251533508,0.547141432762146
YLR424W,YBL105C,0,1.824226,0.1390247792005539,0.8553398251533508,0.547241747379303
YML131W,YHR050W,0,1.8239272,0.13900284469127655,0.8553398251533508,0.5473420023918152
YDL159W,YBR008C,0,1.8238804,0.1389809101819992,0.8553398251533508,0.5474423170089722
YGR271C-A,YPR121W,0,1.8226448,0.13895899057388306,0.8553398251533508,0.5475426316261292
YPR065W,YER074W-A,0,1.8218733,0.1389370709657669,0.8553398251533508,0.5476429462432861
YHL009C,YGL055W,0,1.8214866,0.13891516625881195,0.8553398251533508,0.5477432012557983
YGR161C-C,YCR088W,0,1.821011,0.138893261551857,0.8553398251533508,0.5478435158729553
YML111W,YDR264C,0,1.8209398,0.13887137174606323,0.8553398251533508,0.5479438304901123
YCR088W,YMR216C,0,1.8202964,0.13884948194026947,0.8553398251533508,0.5480441451072693
YGR023W,YAL061W,0,1.8200634,0.1388276070356369,0.8553398251533508,0.5481444597244263
YLR157C-A,YGL201C,0,1.8198997,0.13880573213100433,0.8553398251533508,0.5482447147369385
YBL040C,YPR022C,0,1.8197157,0.13878387212753296,0.8553398251533508,0.5483450293540955
YOR202W,YPL046C,0,1.8196338,0.13876201212406158,0.8553398251533508,0.5484453439712524
YHL033C,YNL152W,0,1.8196334,0.1387401521205902,0.8553398251533508,0.5485456585884094
YER119C,YGL043W,0,1.8194996,0.13871830701828003,0.8553398251533508,0.5486459136009216
YGR074W,YKL222C,0,1.8194468,0.13869647681713104,0.8553398251533508,0.5487462282180786
YEL063C,YPL079W,0,1.8193957,0.13867464661598206,0.8553398251533508,0.5488465428352356
YOL137W,YER074W-A,0,1.8193817,0.13865281641483307,0.8553398251533508,0.5489468574523926
YOL027C,YDL122W,0,1.818937,0.13863100111484528,0.8553398251533508,0.5490471124649048
YLR138W,YMR134W,0,1.8185543,0.13860918581485748,0.8553398251533508,0.5491474270820618
YLR128W,YPL181W,0,1.8184196,0.13858738541603088,0.8553398251533508,0.5492477416992188
YLR071C,YKL008C,0,1.8184137,0.13856558501720428,0.8553398251533508,0.5493480563163757
YKL176C,YCR033W,0,1.8183969,0.13854379951953888,0.8553398251533508,0.5494483709335327
YBL040C,YOL091W,0,1.8179039,0.13852201402187347,0.8553398251533508,0.5495486259460449
YHL009W-A,YEL071W,0,1.8177869,0.13850022852420807,0.8553398251533508,0.5496489405632019
YOR094W,YGR038C-A,0,1.8177751,0.13847847282886505,0.8553398251533508,0.5497492551803589
YDL214C,YLL052C,0,1.8175453,0.13845670223236084,0.8553398251533508,0.5498495697975159
YDR079C-A,YMR231W,0,1.8172776,0.13843494653701782,0.8553398251533508,0.5499498248100281
YIL110W,YER074W-A,0,1.8171631,0.1384131908416748,0.8553398251533508,0.5500501394271851
YPR158W-A,YLR398C,0,1.8168719,0.13839145004749298,0.8553398251533508,0.550150454044342
YJR017C,YNR051C,0,1.816501,0.13836972415447235,0.8553398251533508,0.550250768661499
YAR071W,YPL069C,0,1.8163449,0.13834798336029053,0.8553398251533508,0.5503510236740112
YBL005W-A,YLL054C,0,1.8161893,0.1383262723684311,0.8553398251533508,0.5504513382911682
YML029W,YPL275W,0,1.8161519,0.13830454647541046,0.8553398251533508,0.5505516529083252
YFR042W,YER122C,0,1.8154919,0.13828285038471222,0.8553398251533508,0.5506519675254822
YLR132C,YFL050C,0,1.8152188,0.13826113939285278,0.8553398251533508,0.5507522821426392
YDR349C,YJR105W,0,1.8151166,0.13823944330215454,0.8553398251533508,0.5508525371551514
YLR242C,YOL075C,0,1.814583,0.1382177621126175,0.8553398251533508,0.5509528517723083
YOL130W,YML010W,0,1.8144577,0.13819608092308044,0.8553398251533508,0.5510531663894653
YAR050W,YGR027W-A,0,1.8144302,0.1381743997335434,0.8553398251533508,0.5511534810066223
YPR121W,YER074W-A,0,1.8142556,0.13815273344516754,0.8553398251533508,0.5512537360191345
YML008C,YBL009W,0,1.8141922,0.13813108205795288,0.8553398251533508,0.5513540506362915
YHR124W,YNL124W,0,1.8139497,0.13810941576957703,0.8553398251533508,0.5514543652534485
YMR014W,YGR203W,0,1.8138922,0.13808777928352356,0.8553398251533508,0.5515546798706055
YDR348C,YPR066W,0,1.8123852,0.1380661278963089,0.8553398251533508,0.5516549944877625
YDL132W,YLR081W,0,1.8122317,0.13804450631141663,0.8553398251533508,0.5517552495002747
YGL023C,YJL014W,0,1.8122069,0.13802286982536316,0.8553398251533508,0.5518555641174316
YGR247W,YGL055W,0,1.8117988,0.1380012482404709,0.8553398251533508,0.5519558787345886
YHR094C,YFL003C,0,1.8114755,0.1379796415567398,0.8553398251533508,0.5520561933517456
YMR024W,YDL122W,0,1.8113953,0.13795803487300873,0.8553398251533508,0.5521564483642578
YJR105W,YDR237W,0,1.8111643,0.13793642818927765,0.8553398251533508,0.5522567629814148
YJL042W,YPR094W,0,1.8110074,0.13791483640670776,0.8553398251533508,0.5523570775985718
YFR046C,YMR189W,0,1.810933,0.13789325952529907,0.8553398251533508,0.5524573922157288
YGR038C-A,YOR307C,0,1.810882,0.1378716677427292,0.8553398251533508,0.552557647228241
YLR174W,YKL220C,0,1.8105124,0.1378501057624817,0.8553398251533508,0.552657961845398
YBR133C,YNL154C,0,1.8103126,0.137828528881073,0.8553398251533508,0.5527582764625549
YOL049W,YGR027W-A,0,1.8099288,0.1378069818019867,0.8553398251533508,0.5528585910797119
YJR099W,YML029W,0,1.8099054,0.1377854198217392,0.8553398251533508,0.5529589056968689
YNL088W,YNL327W,0,1.8098575,0.1377638727426529,0.8553398251533508,0.5530591607093811
YER006W,YCR048W,0,1.8098475,0.13774234056472778,0.8553398251533508,0.5531594753265381
YGR038C-B,YOR245C,0,1.8096454,0.13772080838680267,0.8553398251533508,0.5532597899436951
YOL033W,YBL019W,0,1.8096021,0.13769927620887756,0.8553398251533508,0.553360104560852
YDR104C,YGL022W,0,1.8094679,0.13767775893211365,0.8553398251533508,0.5534603595733643
YDL126C,YHR121W,0,1.8092281,0.13765625655651093,0.8553398251533508,0.5535606741905212
YGL100W,YLR336C,0,1.8089756,0.137634739279747,0.8553398251533508,0.5536609888076782
YMR068W,YDR131C,1,1.8084127,0.1377694457769394,0.8563106656074524,0.5536609888076782
YCL062W,YBR244W,0,1.8080635,0.13774792850017548,0.8563106656074524,0.5537613034248352
YIL117C,YGR125W,0,1.8077533,0.13772642612457275,0.8563106656074524,0.5538615584373474
YAR066W,YDR450W,0,1.8076725,0.13770492374897003,0.8563106656074524,0.5539618730545044
YDR408C,YFR051C,0,1.8071842,0.1376834213733673,0.8563106656074524,0.5540621876716614
YGL099W,YPR023C,0,1.8067545,0.13766193389892578,0.8563106656074524,0.5541625022888184
YBR290W,YPL249C-A,0,1.8066941,0.13764044642448425,0.8563106656074524,0.5542628169059753
YJL063C,YML062C,0,1.8065338,0.13761897385120392,0.8563106656074524,0.5543630719184875
YDL002C,YOR231W,0,1.8065246,0.13759750127792358,0.8563106656074524,0.5544633865356445
YJL113W,YGL166W,0,1.8063065,0.13757604360580444,0.8563106656074524,0.5545637011528015
YPL053C,YHR183W,0,1.80558,0.1375545859336853,0.8563106656074524,0.5546640157699585
YOL097C,YGR161C-C,0,1.8052164,0.13753314316272736,0.8563106656074524,0.5547642707824707
YDR034C-D,YDR156W,0,1.8050042,0.1375117003917694,0.8563106656074524,0.5548645853996277
YGL023C,YML025C,0,1.804949,0.13749025762081146,0.8563106656074524,0.5549649000167847
YML118W,YPR121W,0,1.8044341,0.1374688297510147,0.8563106656074524,0.5550652146339417
YNL015W,YBR302C,1,1.8041216,0.13760323822498322,0.8572815656661987,0.5550652146339417
YOR094W,YOL089C,0,1.803847,0.13758179545402527,0.8572815656661987,0.5551654696464539
YGR096W,YGL121C,0,1.8035152,0.13756036758422852,0.8572815656661987,0.5552657842636108
YBL050W,YCR068W,0,1.803419,0.13753893971443176,0.8572815656661987,0.5553660988807678
YDR155C,YMR231W,0,1.8033167,0.1375175267457962,0.8572815656661987,0.5554664134979248
YKL086W,YLR226W,0,1.802903,0.13749611377716064,0.8572815656661987,0.5555667281150818
YIL049W,YLR138W,0,1.8028444,0.13747470080852509,0.8572815656661987,0.555666983127594
YHR112C,YCR070W,0,1.802457,0.13745330274105072,0.8572815656661987,0.555767297744751
YLR376C,YKL065C,0,1.8024436,0.13743190467357635,0.8572815656661987,0.555867612361908
YGL013C,YOL034W,0,1.802405,0.13741052150726318,0.8572815656661987,0.5559679269790649
YKL101W,YIL065C,0,1.8022672,0.13738913834095,0.8572815656661987,0.5560681819915771
YLR410W,YDR506C,0,1.8022251,0.13736777007579803,0.8572815656661987,0.5561684966087341
YLR057W,YOL075C,0,1.8021368,0.13734640181064606,0.8572815656661987,0.5562688112258911
YOL006C,YPL029W,0,1.8019556,0.13732503354549408,0.8572815656661987,0.5563691258430481
YKL096W,YDR316W,0,1.8019258,0.1373036801815033,0.8572815656661987,0.5564693808555603
YPL045W,YGR207C,0,1.8018409,0.1372823417186737,0.8572815656661987,0.5565696954727173
YMR214W,YJR093C,0,1.8017768,0.13726100325584412,0.8572815656661987,0.5566700100898743
YCL038C,YOL058W,0,1.8017758,0.13723966479301453,0.8572815656661987,0.5567703247070312
YBR258C,YLR368W,0,1.8015766,0.13721834123134613,0.8572815656661987,0.5568706393241882
YML062C,YLR341W,0,1.8009003,0.13719701766967773,0.8572815656661987,0.5569708943367004
YFL016C,YGR161C-C,0,1.8003517,0.13717570900917053,0.8572815656661987,0.5570712089538574
YKL137W,YHR042W,0,1.8001308,0.13715440034866333,0.8572815656661987,0.5571715235710144
YNL064C,YKL120W,0,1.8000982,0.13713309168815613,0.8572815656661987,0.5572718381881714
YBL027W,YMR060C,0,1.8000084,0.13711179792881012,0.8572815656661987,0.5573720932006836
YML130C,YML033W,0,1.7999195,0.1370905190706253,0.8572815656661987,0.5574724078178406
YNL116W,YHR166C,0,1.7997121,0.1370692402124405,0.8572815656661987,0.5575727224349976
YER144C,YGR027W-A,0,1.7996827,0.13704796135425568,0.8572815656661987,0.5576730370521545
YLR013W,YKR024C,0,1.7996062,0.13702669739723206,0.8572815656661987,0.5577732920646667
YNL327W,YJR077C,0,1.799556,0.13700543344020844,0.8572815656661987,0.5578736066818237
YNL053W,YCR028C-A,0,1.7994086,0.13698416948318481,0.8572815656661987,0.5579739212989807
YER124C,YKL221W,0,1.7987524,0.13696293532848358,0.8572815656661987,0.5580742359161377
YDR051C,YKR025W,0,1.7983992,0.13694168627262115,0.8572815656661987,0.5581745505332947
YDR365W-B,YNL315C,0,1.798302,0.13692045211791992,0.8572815656661987,0.5582748055458069
YIL103W,YDL236W,0,1.7982084,0.1368992179632187,0.8572815656661987,0.5583751201629639
YBR290W,YNL229C,0,1.7981974,0.13687799870967865,0.8572815656661987,0.5584754347801208
YNL222W,YDR484W,0,1.7978247,0.1368567943572998,0.8572815656661987,0.5585757493972778
YLR372W,YPL066W,0,1.7975357,0.13683557510375977,0.8572815656661987,0.55867600440979
YGR257C,YNL229C,0,1.7974972,0.13681438565254211,0.8572815656661987,0.558776319026947
YPL268W,YJR144W,0,1.7971023,0.13679318130016327,0.8572815656661987,0.558876633644104
YPL256C,YDL132W,0,1.7967472,0.13677199184894562,0.8572815656661987,0.558976948261261
YER065C,YLL010C,0,1.796403,0.13675081729888916,0.8572815656661987,0.5590772032737732
YNL075W,YJR159W,0,1.7962224,0.1367296427488327,0.8572815656661987,0.5591775178909302
YLR225C,YLR070C,0,1.7959927,0.13670846819877625,0.8572815656661987,0.5592778325080872
YGL020C,YPL158C,0,1.7959667,0.13668730854988098,0.8572815656661987,0.5593781471252441
YNR026C,YDR264C,0,1.7959666,0.13666614890098572,0.8572815656661987,0.5594784617424011
YJR047C,YOR188W,0,1.7955192,0.13664500415325165,0.8572815656661987,0.5595787167549133
YPR181C,YBR239C,0,1.7953364,0.13662385940551758,0.8572815656661987,0.5596790313720703
YDL052C,YDL044C,0,1.7952973,0.1366027295589447,0.8572815656661987,0.5597793459892273
YPL236C,YFR055W,0,1.794973,0.13658159971237183,0.8572815656661987,0.5598796606063843
YGL001C,YOL088C,0,1.7945873,0.13656046986579895,0.8572815656661987,0.5599799156188965
YBR258C,YPR185W,0,1.7944871,0.13653935492038727,0.8572815656661987,0.5600802302360535
YHR003C,YDR085C,0,1.7944158,0.13651823997497559,0.8572815656661987,0.5601805448532104
YDR182W,YPL124W,0,1.7943106,0.1364971399307251,0.8572815656661987,0.5602808594703674
YOL097C,YOR368W,0,1.794259,0.1364760398864746,0.8572815656661987,0.5603811144828796
YNL312W,YDR316W,0,1.7938068,0.13645495474338531,0.8572815656661987,0.5604814291000366
YOR141C,YLR362W,0,1.7936786,0.13643386960029602,0.8572815656661987,0.5605817437171936
YDR324C,YIL017C,0,1.7936171,0.13641278445720673,0.8572815656661987,0.5606820583343506
YNL072W,YPL047W,0,1.7935048,0.13639171421527863,0.8572815656661987,0.5607823729515076
YML114C,YDL104C,0,1.7929496,0.13637065887451172,0.8572815656661987,0.5608826279640198
YKL163W,YPR079W,0,1.7928902,0.1363496035337448,0.8572815656661987,0.5609829425811768
YML008C,YDR488C,0,1.7928888,0.1363285481929779,0.8572815656661987,0.5610832571983337
YHR178W,YML033W,0,1.7926897,0.1363075077533722,0.8572815656661987,0.5611835718154907
YBL018C,YBR008C,0,1.7924074,0.13628646731376648,0.8572815656661987,0.5612838268280029
YPR094W,YAL014C,0,1.7921013,0.13626542687416077,0.8572815656661987,0.5613841414451599
YDR221W,YJL113W,0,1.7911938,0.13624440133571625,0.8572815656661987,0.5614844560623169
YMR024W,YKR042W,0,1.7910248,0.13622339069843292,0.8572815656661987,0.5615847706794739
YMR202W,YER074W-A,0,1.7909316,0.1362023800611496,0.8572815656661987,0.5616850256919861
YCR023C,YOR022C,0,1.7904233,0.13618136942386627,0.8572815656661987,0.5617853403091431
YDR346C,YPR201W,0,1.7900025,0.13616037368774414,0.8572815656661987,0.5618856549263
YCR024C-A,YDL156W,0,1.7896174,0.136139377951622,0.8572815656661987,0.561985969543457
YPR158W-A,YJL050W,0,1.7895607,0.13611839711666107,0.8572815656661987,0.562086284160614
YIR035C,YER172C,0,1.7886245,0.13609741628170013,0.8572815656661987,0.5621865391731262
YPL005W,YLR341W,0,1.7885951,0.1360764354467392,0.8572815656661987,0.5622868537902832
YOR033C,YPR201W,0,1.7885474,0.13605546951293945,0.8572815656661987,0.5623871684074402
YHR098C,YGR109C,0,1.7877951,0.1360345035791397,0.8572815656661987,0.5624874830245972
YOR095C,YBR039W,0,1.7877172,0.13601355254650116,0.8572815656661987,0.5625877380371094
YFL055W,YDR079C-A,0,1.7876691,0.1359926015138626,0.8572815656661987,0.5626880526542664
YBR236C,YLR089C,0,1.787639,0.13597166538238525,0.8572815656661987,0.5627883672714233
YNL097C,YIL122W,0,1.7876002,0.1359507292509079,0.8572815656661987,0.5628886818885803
YJL063C,YGR091W,0,1.7873163,0.13592980802059174,0.8572815656661987,0.5629889965057373
YDR027C,YLR222C,0,1.7870885,0.13590888679027557,0.8572815656661987,0.5630892515182495
YBR102C,YEL004W,0,1.7870775,0.1358879655599594,0.8572815656661987,0.5631895661354065
YBR236C,YBR104W,0,1.7868823,0.13586705923080444,0.8572815656661987,0.5632898807525635
YLR297W,YJL207C,0,1.786819,0.13584615290164948,0.8572815656661987,0.5633901953697205
YDR237W,YDL161W,0,1.7864059,0.1358252614736557,0.8572815656661987,0.5634904503822327
YFR046C,YDL052C,0,1.7861654,0.13580437004566193,0.8572815656661987,0.5635907649993896
YJL204C,YOR298C-A,0,1.7860055,0.13578347861766815,0.8572815656661987,0.5636910796165466
YDR079C-A,YIL097W,0,1.7856451,0.13576260209083557,0.8572815656661987,0.5637913942337036
YOL119C,YHL009W-A,0,1.7854043,0.13574174046516418,0.8572815656661987,0.5638916492462158
YHR026W,YGR280C,0,1.7853912,0.1357208788394928,0.8572815656661987,0.5639919638633728
YIL099W,YNR036C,0,1.7851534,0.1357000172138214,0.8572815656661987,0.5640922784805298
YDL150W,YPL079W,0,1.7851094,0.13567917048931122,0.8572815656661987,0.5641925930976868
YHR072W,YPL255W,0,1.7850283,0.13565832376480103,0.8572815656661987,0.5642929077148438
YIL040W,YGR027W-A,0,1.7846633,0.13563747704029083,0.8572815656661987,0.564393162727356
YAL042W,YOR073W,0,1.7842212,0.13561664521694183,0.8572815656661987,0.5644934773445129
YKR045C,YGL160W,0,1.7839562,0.13559582829475403,0.8572815656661987,0.5645937919616699
YBR298C,YOL130W,0,1.7837623,0.13557499647140503,0.8572815656661987,0.5646941065788269
YDR034C-D,YPL029W,0,1.7837055,0.13555419445037842,0.8572815656661987,0.5647943615913391
YCL019W,YMR161W,0,1.7834361,0.1355333775281906,0.8572815656661987,0.5648946762084961
YPL045W,YER021W,0,1.7831433,0.1355125904083252,0.8572815656661987,0.5649949908256531
YDR043C,YGL145W,0,1.7825583,0.13549178838729858,0.8572815656661987,0.5650953054428101
YDL049C,YHR083W,0,1.7825035,0.13547100126743317,0.8572815656661987,0.5651955604553223
YBL040C,YIR010W,0,1.7823869,0.13545022904872894,0.8572815656661987,0.5652958750724792
YNR073C,YNL014W,0,1.782272,0.13542944192886353,0.8572815656661987,0.5653961896896362
YHL002W,YGR257C,0,1.7817284,0.1354086846113205,0.8572815656661987,0.5654965043067932
YNL323W,YOR005C,0,1.7817272,0.13538791239261627,0.8572815656661987,0.5655968189239502
YOL013C,YHR001W,0,1.7812635,0.13536715507507324,0.8572815656661987,0.5656970739364624
YCR033W,YIL017C,0,1.7804286,0.1353464126586914,0.8572815656661987,0.5657973885536194
YLR372W,YJL154C,0,1.7802832,0.13532567024230957,0.8572815656661987,0.5658977031707764
YHR063C,YNL299W,0,1.7799639,0.13530492782592773,0.8572815656661987,0.5659980177879333
YPL255W,YIR008C,0,1.7792879,0.1352842003107071,0.8572815656661987,0.5660982728004456
YER078C,YOL034W,0,1.77909,0.13526348769664764,0.8572815656661987,0.5661985874176025
YMR119W,YPR112C,0,1.7788049,0.135242760181427,0.8572815656661987,0.5662989020347595
YOR231W,YPL190C,0,1.7787513,0.13522204756736755,0.8572815656661987,0.5663992166519165
YJL204C,YDL188C,0,1.7786653,0.1352013498544693,0.8572815656661987,0.5664994716644287
YOR214C,YGR065C,0,1.7779039,0.13518065214157104,0.8572815656661987,0.5665997862815857
YDR261C-C,YDR363W,0,1.7777321,0.1351599544286728,0.8572815656661987,0.5667001008987427
YMR309C,YPR140W,0,1.7773892,0.13513927161693573,0.8572815656661987,0.5668004155158997
YLR362W,YLR449W,0,1.7773467,0.13511858880519867,0.8572815656661987,0.5669007301330566
YGR140W,YAL009W,0,1.7762151,0.1350979208946228,0.8572815656661987,0.5670009851455688
YLR298C,YER075C,0,1.7760497,0.13507725298404694,0.8572815656661987,0.5671012997627258
YHR019C,YLL054C,0,1.7758621,0.13505658507347107,0.8572815656661987,0.5672016143798828
YBL102W,YIL023C,0,1.7757202,0.1350359320640564,0.8572815656661987,0.5673019289970398
YDR522C,YFL002C,0,1.7756213,0.13501529395580292,0.8572815656661987,0.567402184009552
YOR007C,YDR293C,0,1.7754048,0.13499465584754944,0.8572815656661987,0.567502498626709
YNL069C,YGR172C,0,1.7753719,0.13497401773929596,0.8572815656661987,0.567602813243866
YDL049C,YKL065C,0,1.7753321,0.13495337963104248,0.8572815656661987,0.567703127861023
YGL079W,YOR100C,0,1.7752349,0.1349327564239502,0.8572815656661987,0.5678033828735352
YBR302C,YML065W,0,1.774574,0.1349121481180191,0.8572815656661987,0.5679036974906921
YER048C,YDR037W,0,1.7745028,0.134891539812088,0.8572815656661987,0.5680040121078491
YGR038C-A,YGR256W,0,1.7743319,0.13487093150615692,0.8572815656661987,0.5681043267250061
YLL039C,YIL044C,0,1.7742571,0.13485033810138702,0.8572815656661987,0.5682046413421631
YJL028W,YDL104C,0,1.7738991,0.13482974469661713,0.8572815656661987,0.5683048963546753
YAL055W,YLR022C,0,1.7736536,0.13480916619300842,0.8572815656661987,0.5684052109718323
YGR152C,YBR044C,0,1.7734419,0.13478858768939972,0.8572815656661987,0.5685055255889893
YER169W,YJR019C,0,1.7734152,0.13476800918579102,0.8572815656661987,0.5686058402061462
YOR329C,YLR157C-B,0,1.7733685,0.1347474455833435,0.8572815656661987,0.5687060952186584
YNL125C,YLL036C,0,1.7731289,0.134726881980896,0.8572815656661987,0.5688064098358154
YLR368W,YDR079C-A,0,1.7725319,0.13470633327960968,0.8572815656661987,0.5689067244529724
YCR079W,YGR109C,0,1.7723733,0.13468578457832336,0.8572815656661987,0.5690070390701294
YNR023W,YGR257C,0,1.7723511,0.13466523587703705,0.8572815656661987,0.5691072940826416
YBL097W,YHR203C,0,1.7720904,0.13464470207691193,0.8572815656661987,0.5692076086997986
YNL229C,YLR449W,0,1.7713267,0.134624183177948,0.8572815656661987,0.5693079233169556
YOL097C,YMR291W,0,1.7711805,0.13460366427898407,0.8572815656661987,0.5694082379341125
YBL002W,YLR003C,0,1.7701274,0.13458314538002014,0.8572815656661987,0.5695085525512695
YML024W,YER166W,0,1.7694482,0.1345626264810562,0.8572815656661987,0.5696088075637817
YPL162C,YKL175W,1,1.7691308,0.13469450175762177,0.8582524061203003,0.5696088075637817
YHR216W,YGL032C,0,1.7688358,0.13467398285865784,0.8582524061203003,0.5697091221809387
YMR268C,YDL014W,0,1.7688297,0.1346534639596939,0.8582524061203003,0.5698094367980957
YGL008C,YJR077C,0,1.7686466,0.13463295996189117,0.8582524061203003,0.5699097514152527
YNR032W,YOR058C,0,1.7682289,0.13461245596408844,0.8582524061203003,0.5700100064277649
YOR208W,YEL071W,0,1.768117,0.1345919668674469,0.8582524061203003,0.5701103210449219
YDL126C,YGL134W,0,1.7678467,0.13457147777080536,0.8582524061203003,0.5702106356620789
YER141W,YGR261C,0,1.766976,0.13455098867416382,0.8582524061203003,0.5703109502792358
YHR003C,YKL184W,0,1.7661214,0.13453051447868347,0.8582524061203003,0.570411205291748
YLR262C,YGL023C,0,1.7659739,0.13451004028320312,0.8582524061203003,0.570511519908905
YJL116C,YDR202C,0,1.7659577,0.13448958098888397,0.8582524061203003,0.570611834526062
YDR365W-B,YNL272C,0,1.7654623,0.13446912169456482,0.8582524061203003,0.570712149143219
YKL096W,YPL008W,0,1.7654378,0.13444866240024567,0.8582524061203003,0.570812463760376
YJL010C,YIL121W,0,1.7650877,0.1344282180070877,0.8582524061203003,0.5709127187728882
YCR067C,YGL124C,0,1.7649876,0.13440778851509094,0.8582524061203003,0.5710130333900452
YLR274W,YLR424W,0,1.7647803,0.13438735902309418,0.8582524061203003,0.5711133480072021
YML072C,YML058W,0,1.7645628,0.1343669295310974,0.8582524061203003,0.5712136626243591
YBL040C,YCL011C,0,1.7644013,0.13434650003910065,0.8582524061203003,0.5713139176368713
YFL062W,YLL042C,0,1.7642773,0.13432608544826508,0.8582524061203003,0.5714142322540283
YER124C,YMR260C,0,1.7640606,0.1343056857585907,0.8582524061203003,0.5715145468711853
YBR104W,YOR133W,0,1.7638682,0.13428528606891632,0.8582524061203003,0.5716148614883423
YGR038C-A,YNL225C,0,1.7637799,0.13426488637924194,0.8582524061203003,0.5717151165008545
YPL241C,YLR449W,0,1.7628176,0.13424450159072876,0.8582524061203003,0.5718154311180115
YHR072W,YLR372W,0,1.7625245,0.13422411680221558,0.8582524061203003,0.5719157457351685
YER078C,YGL131C,0,1.7623903,0.1342037320137024,0.8582524061203003,0.5720160603523254
YGR074W,YHL009W-A,0,1.7623599,0.1341833621263504,0.8582524061203003,0.5721163749694824
YOR256C,YCR070W,0,1.7622846,0.1341629922389984,0.8582524061203003,0.5722166299819946
YAL032C,YLR136C,0,1.7622211,0.13414263725280762,0.8582524061203003,0.5723169445991516
YJL145W,YJL100W,0,1.7620783,0.13412228226661682,0.8582524061203003,0.5724172592163086
YLR372W,YGR206W,0,1.7620333,0.13410194218158722,0.8582524061203003,0.5725175738334656
YIL063C,YNL047C,0,1.7616547,0.13408160209655762,0.8582524061203003,0.5726178288459778
YHR007C,YNL336W,0,1.7614316,0.13406126201152802,0.8582524061203003,0.5727181434631348
YDR073W,YJL203W,0,1.7613431,0.1340409368276596,0.8582524061203003,0.5728184580802917
YJL203W,YPR033C,0,1.7607436,0.1340206116437912,0.8582524061203003,0.5729187726974487
YGL017W,YLR274W,0,1.7606165,0.13400030136108398,0.8582524061203003,0.5730190277099609
YDL126C,YGR195W,0,1.760454,0.13397999107837677,0.8582524061203003,0.5731193423271179
YIL110W,YOR083W,0,1.76015,0.13395969569683075,0.8582524061203003,0.5732196569442749
YFR009W,YLR368W,0,1.7598815,0.13393940031528473,0.8582524061203003,0.5733199715614319
YOR088W,YDR481C,1,1.7595594,0.13407059013843536,0.8592233061790466,0.5733199715614319
YCR102C,YDR043C,0,1.7595202,0.13405029475688934,0.8592233061790466,0.5734202861785889
YNL115C,YBR132C,1,1.7594749,0.1341814398765564,0.8601941466331482,0.5734202861785889
YPL124W,YHR042W,0,1.759338,0.134161114692688,0.8601941466331482,0.5735205411911011
YPR094W,YDL222C,0,1.7593068,0.13414080440998077,0.8601941466331482,0.5736208558082581
YHR094C,YML046W,0,1.7589039,0.13412049412727356,0.8601941466331482,0.573721170425415
YBR073W,YDR409W,0,1.7588586,0.13410019874572754,0.8601941466331482,0.573821485042572
YBR098W,YCL026C-A,0,1.7586323,0.13407990336418152,0.8601941466331482,0.5739217400550842
YDR142C,YDR307W,0,1.7582397,0.1340596228837967,0.8601941466331482,0.5740220546722412
YPR018W,YML024W,0,1.7578088,0.13403932750225067,0.8601941466331482,0.5741223692893982
YJL137C,YER124C,0,1.75766,0.13401906192302704,0.8601941466331482,0.5742226839065552
YOL060C,YDR352W,1,1.7574859,0.13415002822875977,0.8611650466918945,0.5742226839065552
YDL079C,YDL147W,0,1.7573557,0.13412974774837494,0.8611650466918945,0.5743229985237122
YGR038C-A,YMR116C,0,1.7573158,0.1341094672679901,0.8611650466918945,0.5744232535362244
YGL207W,YNL177C,0,1.7569554,0.13408918678760529,0.8611650466918945,0.5745235681533813
YER035W,YOL060C,0,1.7569076,0.13406892120838165,0.8611650466918945,0.5746238827705383
YAL055W,YGR128C,0,1.7565011,0.13404865562915802,0.8611650466918945,0.5747241973876953
YOL115W,YBR077C,0,1.7563128,0.13402840495109558,0.8611650466918945,0.5748244524002075
YHR072W,YNL241C,0,1.7553972,0.13400815427303314,0.8611650466918945,0.5749247670173645
YGR203W,YDR099W,0,1.7553753,0.1339879184961319,0.8611650466918945,0.5750250816345215
YGR038C-A,YNL224C,0,1.7548223,0.13396768271923065,0.8611650466918945,0.5751253962516785
YGL125W,YOR088W,0,1.754243,0.1339474469423294,0.8611650466918945,0.5752256512641907
YDL153C,YGR027W-A,0,1.7541405,0.13392722606658936,0.8611650466918945,0.5753259658813477
YPL227C,YDR034C-D,0,1.7541131,0.1339070051908493,0.8611650466918945,0.5754262804985046
YHR183W,YLR256W,0,1.7537388,0.13388679921627045,0.8611650466918945,0.5755265951156616
YLR132C,YNL035C,0,1.7530124,0.1338665932416916,0.8611650466918945,0.5756269097328186
YHL022C,YPL124W,0,1.7527632,0.13384638726711273,0.8611650466918945,0.5757271647453308
YPL132W,YOL119C,0,1.7527133,0.13382619619369507,0.8611650466918945,0.5758274793624878
YFL018C,YOR214C,0,1.7522928,0.1338060051202774,0.8611650466918945,0.5759277939796448
YLR342W,YOL089C,0,1.752225,0.13378582894802094,0.8611650466918945,0.5760281085968018
YDL005C,YKL071W,0,1.7519411,0.13376565277576447,0.8611650466918945,0.576128363609314
YBR235W,YGR271C-A,0,1.7518904,0.133745476603508,0.8611650466918945,0.576228678226471
YNL064C,YKL018W,0,1.7515658,0.13372531533241272,0.8611650466918945,0.5763289928436279
YJL010C,YOL130W,0,1.7514356,0.13370515406131744,0.8611650466918945,0.5764293074607849
YAL005C,YKR092C,0,1.7510552,0.13368500769138336,0.8611650466918945,0.5765295624732971
YGR257C,YDR339C,0,1.7510515,0.13366486132144928,0.8611650466918945,0.5766298770904541
YHR187W,YGL001C,0,1.7510381,0.1336447149515152,0.8611650466918945,0.5767301917076111
YDL150W,YMR244C-A,0,1.7508769,0.1336245834827423,0.8611650466918945,0.5768305063247681
YBR217W,YPR022C,0,1.7508012,0.13360445201396942,0.8611650466918945,0.576930820941925
YPL227C,YPR023C,0,1.7506632,0.13358433544635773,0.8611650466918945,0.5770310759544373
YMR167W,YNR039C,0,1.750403,0.13356421887874603,0.8611650466918945,0.5771313905715942
YIL067C,YGR027W-A,0,1.7500703,0.13354411721229553,0.8611650466918945,0.5772317051887512
YLR320W,YIL015W,0,1.7500106,0.13352401554584503,0.8611650466918945,0.5773320198059082
YOR336W,YGR038C-B,0,1.7499528,0.13350391387939453,0.8611650466918945,0.5774322748184204
YHR072W-A,YER170W,0,1.7499179,0.13348382711410522,0.8611650466918945,0.5775325894355774
YDR331W,YKR046C,0,1.7499062,0.13346374034881592,0.8611650466918945,0.5776329040527344
YPR026W,YIL158W,1,1.7496552,0.1335940957069397,0.8621359467506409,0.5776329040527344
YGL124C,YER157W,0,1.7494793,0.1335740089416504,0.8621359467506409,0.5777332186698914
YEL020C,YMR024W,0,1.7492213,0.13355392217636108,0.8621359467506409,0.5778334736824036
YNL316C,YJR113C,0,1.7492055,0.13353383541107178,0.8621359467506409,0.5779337882995605
YGR049W,YML014W,0,1.7491072,0.13351376354694366,0.8621359467506409,0.5780341029167175
YNL154C,YPR094W,0,1.7490466,0.13349369168281555,0.8621359467506409,0.5781344175338745
YPL108W,YIL017C,0,1.7487955,0.13347361981868744,0.8621359467506409,0.5782347321510315
YGR068C,YIL031W,0,1.7487599,0.13345356285572052,0.8621359467506409,0.5783349871635437
YPR183W,YGR289C,0,1.7480222,0.1334335058927536,0.8621359467506409,0.5784353017807007
YBL006C,YKR087C,0,1.747938,0.13341346383094788,0.8621359467506409,0.5785356163978577
YMR288W,YGR068C,0,1.7477382,0.13339342176914215,0.8621359467506409,0.5786359310150146
YNL072W,YOR312C,0,1.7476943,0.13337337970733643,0.8621359467506409,0.5787361860275269
YLR135W,YDR208W,0,1.7476356,0.1333533525466919,0.8621359467506409,0.5788365006446838
YOL007C,YNR028W,1,1.747495,0.13348348438739777,0.8631067872047424,0.5788365006446838
YOR003W,YNL099C,0,1.7470299,0.13346344232559204,0.8631067872047424,0.5789368152618408
YDR043C,YLR405W,0,1.7469355,0.1334434151649475,0.8631067872047424,0.5790371298789978
YPR181C,YJL118W,0,1.7468656,0.13342338800430298,0.8631067872047424,0.57913738489151
YNL037C,YBR110W,0,1.7466847,0.13340336084365845,0.8631067872047424,0.579237699508667
YNL090W,YDR210W-A,0,1.7457293,0.1333833485841751,0.8631067872047424,0.579338014125824
YOR307C,YHR196W,0,1.745284,0.13336333632469177,0.8631067872047424,0.579438328742981
YNL323W,YBL003C,0,1.7445743,0.13334333896636963,0.8631067872047424,0.5795386433601379
YMR011W,YJL122W,0,1.7445594,0.13332334160804749,0.8631067872047424,0.5796388983726501
YNL037C,YKL148C,0,1.7443202,0.13330334424972534,0.8631067872047424,0.5797392129898071
YIL158W,YNL220W,0,1.7438153,0.1332833617925644,0.8631067872047424,0.5798395276069641
YLR070C,YMR323W,0,1.7437668,0.13326337933540344,0.8631067872047424,0.5799398422241211
YDR365W-B,YML046W,0,1.7430495,0.1332434117794037,0.8631067872047424,0.5800400972366333
YAR050W,YPR022C,0,1.741442,0.13322344422340393,0.8631067872047424,0.5801404118537903
YBL105C,YCR043C,0,1.7414058,0.13320347666740417,0.8631067872047424,0.5802407264709473
YIR022W,YOR125C,0,1.7412417,0.1331835240125656,0.8631067872047424,0.5803410410881042
YHR141C,YPL024W,0,1.7408997,0.13316357135772705,0.8631067872047424,0.5804412961006165
YMR058W,YMR067C,0,1.7407141,0.13314363360404968,0.8631067872047424,0.5805416107177734
YIL117C,YAL009W,0,1.7405494,0.13312369585037231,0.8631067872047424,0.5806419253349304
YHL020C,YGR289C,0,1.7403934,0.13310375809669495,0.8631067872047424,0.5807422399520874
YCR067C,YER006W,0,1.7398039,0.13308383524417877,0.8631067872047424,0.5808425545692444
YGL250W,YNL152W,0,1.7396482,0.1330639123916626,0.8631067872047424,0.5809428095817566
YBL084C,YPR020W,0,1.7396114,0.13304400444030762,0.8631067872047424,0.5810431241989136
YCR070W,YPL230W,0,1.7395439,0.13302409648895264,0.8631067872047424,0.5811434388160706
YGR096W,YGL032C,0,1.7390977,0.13300418853759766,0.8631067872047424,0.5812437534332275
YOR017W,YIL129C,0,1.7390236,0.13298429548740387,0.8631067872047424,0.5813440084457397
YBR084C-A,YIL063C,0,1.7381603,0.13296440243721008,0.8631067872047424,0.5814443230628967
YGR133W,YIR008C,0,1.7379879,0.1329445242881775,0.8631067872047424,0.5815446376800537
YKR067W,YGL175C,0,1.7378198,0.1329246461391449,0.8631067872047424,0.5816449522972107
YBR290W,YKL196C,1,1.7376596,0.13305427134037018,0.8640776872634888,0.5816449522972107
YOR083W,YMR271C,0,1.7376553,0.1330343782901764,0.8640776872634888,0.5817452073097229
YMR135C,YDR016C,0,1.7373613,0.1330145001411438,0.8640776872634888,0.5818455219268799
YGR049W,YLR128W,0,1.7371026,0.1329946219921112,0.8640776872634888,0.5819458365440369
YBR221C,YBR044C,0,1.7367876,0.1329747438430786,0.8640776872634888,0.5820461511611938
YNR056C,YGL201C,0,1.7365879,0.13295488059520721,0.8640776872634888,0.5821464657783508
YBR039W,YMR277W,0,1.7364216,0.132935032248497,0.8640776872634888,0.582246720790863
YLR320W,YIR003W,0,1.736313,0.1329151690006256,0.8640776872634888,0.58234703540802
YBR131W,YDR323C,1,1.7362105,0.13304464519023895,0.8650485277175903,0.58234703540802
YBR131W,YDR229W,1,1.7360028,0.1331740766763687,0.8660194277763367,0.58234703540802
YDL178W,YNL225C,0,1.7359825,0.13315419852733612,0.8660194277763367,0.582447350025177
YJL018W,YMR119W,0,1.7356552,0.13313433527946472,0.8660194277763367,0.582547664642334
YBL003C,YOR360C,0,1.7355572,0.13311445713043213,0.8660194277763367,0.5826479196548462
YJL047C,YKR087C,0,1.7351123,0.13309459388256073,0.8660194277763367,0.5827482342720032
YOR292C,YDR229W,1,1.7350307,0.13322393596172333,0.8669902682304382,0.5827482342720032
YDL194W,YGR098C,0,1.7346741,0.13320405781269073,0.8669902682304382,0.5828485488891602
YKL221W,YOR035C,0,1.7343287,0.13318419456481934,0.8669902682304382,0.5829488635063171
YLR157C-A,YGL125W,0,1.7342986,0.13316433131694794,0.8669902682304382,0.5830491185188293
YDL077C,YEL051W,1,1.7341679,0.13329356908798218,0.8679611682891846,0.5830491185188293
YDL155W,YML033W,0,1.7339969,0.13327370584011078,0.8679611682891846,0.5831494331359863
YLR077W,YDL150W,0,1.7337857,0.13325384259223938,0.8679611682891846,0.5832497477531433
YMR135C,YIL040W,0,1.7332212,0.13323397934436798,0.8679611682891846,0.5833500623703003
YJL137C,YDR291W,0,1.7329323,0.13321413099765778,0.8679611682891846,0.5834503769874573
YDL174C,YOR205C,0,1.7327794,0.13319428265094757,0.8679611682891846,0.5835506319999695
YKL046C,YKL055C,0,1.7324823,0.13317443430423737,0.8679611682891846,0.5836509466171265
YDR210W-A,YHR166C,0,1.7324649,0.13315460085868835,0.8679611682891846,0.5837512612342834
YNR056C,YCR028C-A,0,1.731575,0.13313476741313934,0.8679611682891846,0.5838515758514404
YCR027C,YHR166C,0,1.7315224,0.13311494886875153,0.8679611682891846,0.5839518308639526
YER039C,YIL158W,0,1.7310996,0.1330951303243637,0.8679611682891846,0.5840521454811096
YJR152W,YBR293W,0,1.7302667,0.13307532668113708,0.8679611682891846,0.5841524600982666
YMR113W,YJR129C,0,1.7296995,0.13305550813674927,0.8679611682891846,0.5842527747154236
YER021W,YPL005W,0,1.7295862,0.13303571939468384,0.8679611682891846,0.5843530297279358
YKL165C,YOL019W,1,1.7294208,0.13316470384597778,0.8689320683479309,0.5843530297279358
YPR201W,YPL265W,0,1.7293785,0.13314490020275116,0.8689320683479309,0.5844533443450928
YHR134W,YNL116W,0,1.7291719,0.13312509655952454,0.8689320683479309,0.5845536589622498
YLR071C,YPL008W,0,1.7291232,0.1331052929162979,0.8689320683479309,0.5846539735794067
YHL022C,YMR190C,0,1.7290084,0.13308550417423248,0.8689320683479309,0.5847542881965637
YLR332W,YML038C,0,1.7289416,0.13306571543216705,0.8689320683479309,0.5848545432090759
YML018C,YNL058C,1,1.7282897,0.13319459557533264,0.8699029088020325,0.5848545432090759
YBR019C,YHL009W-A,0,1.7280741,0.13317479193210602,0.8699029088020325,0.5849548578262329
YOR368W,YML062C,0,1.7273496,0.1331550031900406,0.8699029088020325,0.5850551724433899
YBR133C,YJL203W,0,1.726728,0.13313521444797516,0.8699029088020325,0.5851554870605469
YNL315C,YDR017C,0,1.7264801,0.13311544060707092,0.8699029088020325,0.5852557420730591
YPL045W,YCR068W,1,1.726232,0.13324420154094696,0.8708738088607788,0.5852557420730591
YLR408C,YMR189W,0,1.7257751,0.13322441279888153,0.8708738088607788,0.5853560566902161
YLR174W,YDR210W-A,0,1.7256373,0.1332046389579773,0.8708738088607788,0.585456371307373
YPL265W,YJL160C,0,1.7255377,0.13318485021591187,0.8708738088607788,0.58555668592453
YDL155W,YDR171W,0,1.7254189,0.13316507637500763,0.8708738088607788,0.585657000541687
YBR132C,YGL184C,0,1.7252456,0.1331453174352646,0.8708738088607788,0.5857572555541992
YGR096W,YHL033C,0,1.7252289,0.13312555849552155,0.8708738088607788,0.5858575701713562
YMR309C,YOR028C,0,1.7251736,0.1331057995557785,0.8708738088607788,0.5859578847885132
YGR133W,YDR363W,0,1.7248966,0.13308605551719666,0.8708738088607788,0.5860581994056702
YDR027C,YLR003C,0,1.7246171,0.1330663114786148,0.8708738088607788,0.5861584544181824
YNL321W,YOR030W,0,1.7245234,0.13304656744003296,0.8708738088607788,0.5862587690353394
YOL007C,YOR270C,1,1.7244211,0.13317514955997467,0.8718446493148804,0.5862587690353394
YER144C,YGL023C,0,1.7244192,0.13315539062023163,0.8718446493148804,0.5863590836524963
YGR183C,YOR284W,0,1.7243929,0.13313566148281097,0.8718446493148804,0.5864593982696533
YNL075W,YNL058C,0,1.7240835,0.13311591744422913,0.8718446493148804,0.5865596532821655
YJL116C,YDR314C,0,1.7233309,0.13309618830680847,0.8718446493148804,0.5866599678993225
YMR011W,YBR073W,0,1.7224706,0.133076474070549,0.8718446493148804,0.5867602825164795
YBL040C,YOL130W,0,1.7222859,0.13305674493312836,0.8718446493148804,0.5868605971336365
YNL082W,YLR226W,0,1.7220699,0.1330370306968689,0.8718446493148804,0.5869609117507935
YML007W,YNL326C,0,1.721855,0.13301733136177063,0.8718446493148804,0.5870611667633057
YGR092W,YER074W-A,0,1.721717,0.13299763202667236,0.8718446493148804,0.5871614813804626
YDR365W-B,YDL004W,0,1.7211028,0.1329779326915741,0.8718446493148804,0.5872617959976196
YDR237W,YMR068W,0,1.7210761,0.13295824825763702,0.8718446493148804,0.5873621106147766
YOR229W,YDL194W,0,1.7210002,0.13293856382369995,0.8718446493148804,0.5874623656272888
YBR258C,YLR148W,0,1.7208945,0.13291889429092407,0.8718446493148804,0.5875626802444458
YDR432W,YIL110W,0,1.7202948,0.132899209856987,0.8718446493148804,0.5876629948616028
YIR003W,YMR291W,0,1.7195936,0.13287955522537231,0.8718446493148804,0.5877633094787598
YAL005C,YOL001W,0,1.7195086,0.13285988569259644,0.8718446493148804,0.587863564491272
YDR016C,YBR004C,0,1.7192181,0.13284023106098175,0.8718446493148804,0.587963879108429
YER078C,YGR161C-C,0,1.7189034,0.13282059133052826,0.8718446493148804,0.5880641937255859
YPR082C,YNR051C,0,1.718593,0.13280095160007477,0.8718446493148804,0.5881645083427429
YIL157C,YPL158C,0,1.7181863,0.13278131186962128,0.8718446493148804,0.5882648229598999
YHL002W,YDL155W,0,1.7179054,0.13276167213916779,0.8718446493148804,0.5883650779724121
YBR018C,YIL122W,0,1.7178243,0.1327420473098755,0.8718446493148804,0.5884653925895691
YBR217W,YBR298C,0,1.7170812,0.13272243738174438,0.8718446493148804,0.5885657072067261
YML066C,YGR038C-B,0,1.7170166,0.13270282745361328,0.8718446493148804,0.5886660218238831
YOR362C,YDL044C,0,1.7166423,0.13268321752548218,0.8718446493148804,0.5887662768363953
YPR029C,YLR355C,0,1.7163051,0.13266360759735107,0.8718446493148804,0.5888665914535522
YDR003W,YOR273C,1,1.7162431,0.13279172778129578,0.8728155493736267,0.5888665914535522
YEL055C,YGL254W,0,1.7159554,0.13277211785316467,0.8728155493736267,0.5889669060707092
YJR019C,YOR153W,0,1.7159196,0.13275250792503357,0.8728155493736267,0.5890672206878662
YLR116W,YMR060C,0,1.7153443,0.13273291289806366,0.8728155493736267,0.5891674757003784
YLR421C,YKR042W,0,1.7146614,0.13271331787109375,0.8728155493736267,0.5892677903175354
YLR242C,YDR210W-A,0,1.714398,0.13269372284412384,0.8728155493736267,0.5893681049346924
YOR118W,YML078W,0,1.7141306,0.13267414271831512,0.8728155493736267,0.5894684195518494
YNL329C,YOL077W-A,0,1.7139657,0.1326545625925064,0.8728155493736267,0.5895687341690063
YBR103W,YPL060C-A,0,1.7137355,0.1326349973678589,0.8728155493736267,0.5896689891815186
YGL134W,YDR331W,0,1.713487,0.13261543214321136,0.8728155493736267,0.5897693037986755
YBR207W,YDR080W,1,1.7133495,0.13274335861206055,0.8737863898277283,0.5897693037986755
YJL059W,YOR087W,1,1.7130219,0.13287125527858734,0.8747572898864746,0.5897693037986755
YDR261C-C,YDL155W,0,1.7129579,0.13285166025161743,0.8747572898864746,0.5898696184158325
YJR137C,YKL065C,0,1.7126914,0.13283208012580872,0.8747572898864746,0.5899699330329895
YER021W,YER172C,0,1.7126501,0.1328125,0.8747572898864746,0.5900701880455017
YJL063C,YGR074W,0,1.7126411,0.13279291987419128,0.8747572898864746,0.5901705026626587
YBR302C,YNL139C,0,1.7121872,0.13277335464954376,0.8747572898864746,0.5902708172798157
YPL152W,YOR208W,0,1.7120837,0.13275378942489624,0.8747572898864746,0.5903711318969727
YOL027C,YPL249C,0,1.7112272,0.1327342391014099,0.8747572898864746,0.5904713869094849
YAR014C,YOR298C-A,0,1.7106744,0.13271468877792358,0.8747572898864746,0.5905717015266418
YHR121W,YOR035C,0,1.7099279,0.13269513845443726,0.8747572898864746,0.5906720161437988
YPL255W,YJL159W,0,1.7098869,0.13267560303211212,0.8747572898864746,0.5907723307609558
YIL121W,YOR202W,0,1.7098219,0.132656067609787,0.8747572898864746,0.5908726453781128
YDL207W,YEL046C,0,1.7096962,0.13263653218746185,0.8747572898864746,0.590972900390625
YGL254W,YGL133W,0,1.7096337,0.1326170116662979,0.8747572898864746,0.591073215007782
YOR073W,YNL270C,0,1.7084444,0.13259749114513397,0.8747572898864746,0.591173529624939
YDL212W,YKR022C,0,1.707917,0.13257798552513123,0.8747572898864746,0.591273844242096
YPR104C,YAR066W,0,1.707878,0.13255847990512848,0.8747572898864746,0.5913740992546082
YOR144C,YBR068C,0,1.7074689,0.13253898918628693,0.8747572898864746,0.5914744138717651
YAR050W,YGL166W,0,1.7074549,0.13251948356628418,0.8747572898864746,0.5915747284889221
YNR073C,YGL043W,0,1.7068839,0.13249999284744263,0.8747572898864746,0.5916750431060791
YMR214W,YKL101W,0,1.7067142,0.13248051702976227,0.8747572898864746,0.5917752981185913
YDL054C,YPL236C,1,1.7057506,0.1326080560684204,0.8757281303405762,0.5917752981185913
YLR388W,YKR029C,0,1.7057494,0.13258856534957886,0.8757281303405762,0.5918756127357483
YOL021C,YER172C,0,1.7056903,0.1325690746307373,0.8757281303405762,0.5919759273529053
YPL023C,YBR079C,0,1.7052519,0.13254959881305695,0.8757281303405762,0.5920762419700623
YLR376C,YML065W,0,1.7047426,0.1325301229953766,0.8757281303405762,0.5921765565872192
YLR369W,YOR336W,0,1.7046628,0.13251064717769623,0.8757281303405762,0.5922768115997314
YFL034C-B,YIL114C,0,1.7044138,0.13249118626117706,0.8757281303405762,0.5923771262168884
YKL018W,YKL012W,0,1.7042884,0.1324717253446579,0.8757281303405762,0.5924774408340454
YML064C,YDR198C,0,1.7042681,0.13245227932929993,0.8757281303405762,0.5925777554512024
YGR068C,YPL060C-A,0,1.7042542,0.13243283331394196,0.8757281303405762,0.5926780104637146
YDR034C-D,YJR056C,0,1.7042183,0.13241338729858398,0.8757281303405762,0.5927783250808716
YDR394W,YGR065C,0,1.7032527,0.1323939561843872,0.8757281303405762,0.5928786396980286
YDR123C,YDR208W,0,1.7028247,0.13237452507019043,0.8757281303405762,0.5929789543151855
YCR073C,YKL127W,0,1.701976,0.13235509395599365,0.8757281303405762,0.5930792093276978
YFL024C,YML121W,0,1.7019353,0.13233567774295807,0.8757281303405762,0.5931795239448547
YMR011W,YNL106C,0,1.7015451,0.13231626152992249,0.8757281303405762,0.5932798385620117
YJL042W,YBL100W-A,0,1.7014896,0.1322968602180481,0.8757281303405762,0.5933801531791687
YEL064C,YNL275W,1,1.7014846,0.13242411613464355,0.8766990303993225,0.5933801531791687
YOR210W,YMR323W,0,1.7005316,0.13240468502044678,0.8766990303993225,0.5934804677963257
YEL026W,YGR092W,0,1.7000915,0.1323852837085724,0.8766990303993225,0.5935807228088379
YMR263W,YBR204C,0,1.699339,0.132365882396698,0.8766990303993225,0.5936810374259949
YNL321W,YBR167C,0,1.6993217,0.1323464810848236,0.8766990303993225,0.5937813520431519
YAR071W,YDR079C-A,0,1.6992047,0.13232707977294922,0.8766990303993225,0.5938816666603088
YML058W,YIR010W,0,1.6986896,0.13230769336223602,0.8766990303993225,0.593981921672821
YGL245W,YLR449W,0,1.6985072,0.13228830695152283,0.8766990303993225,0.594082236289978
YGL038C,YPL266W,0,1.6983553,0.13226893544197083,0.8766990303993225,0.594182550907135
YDR522C,YDR119W,0,1.6982931,0.13224956393241882,0.8766990303993225,0.594282865524292
YML033W,YHR128W,0,1.6982492,0.13223019242286682,0.8766990303993225,0.5943831205368042
YNL323W,YBR106W,0,1.6978605,0.132210835814476,0.8766990303993225,0.5944834351539612
YIR021W,YBR201W,0,1.6975281,0.1321914792060852,0.8766990303993225,0.5945837497711182
YCR069W,YDR293C,0,1.6973702,0.1321721374988556,0.8766990303993225,0.5946840643882751
YBR215W,YOR303W,0,1.69704,0.13215278089046478,0.8766990303993225,0.5947843790054321
YPL256C,YMR278W,0,1.6970075,0.13213345408439636,0.8766990303993225,0.5948846340179443
YBR265W,YBL097W,0,1.6969281,0.13211411237716675,0.8766990303993225,0.5949849486351013
YLR242C,YKL160W,0,1.6963973,0.13209478557109833,0.8766990303993225,0.5950852632522583
YLR262C,YLR393W,0,1.6957723,0.1320754736661911,0.8766990303993225,0.5951855778694153
YGR038C-A,YGL234W,0,1.6951011,0.13205616176128387,0.8766990303993225,0.5952858328819275
YLR128W,YIR028W,0,1.6950668,0.13203684985637665,0.8766990303993225,0.5953861474990845
YDR079C-A,YOR198C,0,1.6948353,0.13201753795146942,0.8766990303993225,0.5954864621162415
YDR006C,YDL005C,0,1.6948344,0.1319982409477234,0.8766990303993225,0.5955867767333984
YKL152C,YLL042C,0,1.6938337,0.13197895884513855,0.8766990303993225,0.5956870317459106
YPR058W,YGR277C,0,1.6936554,0.13195966184139252,0.8766990303993225,0.5957873463630676
YDL064W,YOR375C,0,1.6936158,0.13194037973880768,0.8766990303993225,0.5958876609802246
YMR024W,YNL099C,0,1.6934185,0.13192111253738403,0.8766990303993225,0.5959879755973816
YLR408C,YNL312W,0,1.6932117,0.1319018453359604,0.8766990303993225,0.5960882902145386
YBR133C,YBL009W,0,1.6926812,0.13188257813453674,0.8766990303993225,0.5961885452270508
YLL024C,YPL162C,1,1.6925262,0.1320093423128128,0.8776699304580688,0.5961885452270508
YOL115W,YIL066C,0,1.6924977,0.13199007511138916,0.8776699304580688,0.5962888598442078
YKR029C,YGR206W,0,1.6923528,0.13197080790996552,0.8776699304580688,0.5963891744613647
YDR365W-B,YLL042C,0,1.6922734,0.13195154070854187,0.8776699304580688,0.5964894890785217
YOR149C,YGL181W,0,1.6920308,0.13193228840827942,0.8776699304580688,0.5965897440910339
YMR079W,YBR216C,0,1.6920168,0.13191303610801697,0.8776699304580688,0.5966900587081909
YJR152W,YMR280C,0,1.6919883,0.13189378380775452,0.8776699304580688,0.5967903733253479
YBR088C,YOR231W,0,1.6918813,0.13187454640865326,0.8776699304580688,0.5968906879425049
YLR034C,YPR061C,0,1.6916825,0.131855309009552,0.8776699304580688,0.5969910025596619
YHR191C,YJL137C,0,1.6910957,0.13183608651161194,0.8776699304580688,0.5970912575721741
YHR183W,YBR199W,0,1.6909323,0.13181684911251068,0.8776699304580688,0.597191572189331
YOR017W,YJL014W,0,1.6909264,0.1317976415157318,0.8776699304580688,0.597291886806488
YGR209C,YPR124W,0,1.6896535,0.13177841901779175,0.8776699304580688,0.597392201423645
YML038C,YKR042W,0,1.6895831,0.13175921142101288,0.8776699304580688,0.5974924564361572
YDR365W-B,YPL249C,0,1.6894225,0.1317400187253952,0.8776699304580688,0.5975927710533142
YLL023C,YCR043C,0,1.6893865,0.13172082602977753,0.8776699304580688,0.5976930856704712
YOL092W,YLR148W,1,1.6893238,0.1318473219871521,0.8786407709121704,0.5976930856704712
YPL232W,YMR251W-A,0,1.6885533,0.13182811439037323,0.8786407709121704,0.5977934002876282
YKR080W,YPL170W,0,1.6882223,0.13180890679359436,0.8786407709121704,0.5978936553001404
YKL025C,YDR221W,0,1.6880782,0.13178971409797668,0.8786407709121704,0.5979939699172974
YGR271C-A,YGR096W,0,1.6872536,0.1317705363035202,0.8786407709121704,0.5980942845344543
YHR187W,YDR541C,0,1.6869632,0.13175134360790253,0.8786407709121704,0.5981945991516113
YJL028W,YBR234C,0,1.6868385,0.13173216581344604,0.8786407709121704,0.5982949137687683
YGL234W,YBR288C,0,1.6867908,0.13171300292015076,0.8786407709121704,0.5983951687812805
YOL122C,YOR292C,1,1.6866585,0.1318393498659134,0.8796116709709167,0.5983951687812805
YDL212W,YGL032C,0,1.6866022,0.1318201720714569,0.8796116709709167,0.5984954833984375
YGL254W,YIL031W,0,1.6864009,0.13180099427700043,0.8796116709709167,0.5985957980155945
YIL041W,YBR234C,0,1.6863945,0.13178181648254395,0.8796116709709167,0.5986961126327515
YGR038C-A,YDR348C,0,1.6859586,0.13176265358924866,0.8796116709709167,0.5987963676452637
YGL156W,YGL179C,0,1.685846,0.13174349069595337,0.8796116709709167,0.5988966822624207
YHR203C,YPL066W,0,1.6857413,0.13172434270381927,0.8796116709709167,0.5989969968795776
YGL250W,YFL018C,0,1.6853536,0.13170519471168518,0.8796116709709167,0.5990973114967346
YBL097W,YPL270W,0,1.6850055,0.1316860467195511,0.8796116709709167,0.5991975665092468
YEL063C,YEL047C,0,1.6844636,0.13166691362857819,0.8796116709709167,0.5992978811264038
YPL009C,YER016W,0,1.6843649,0.13164778053760529,0.8796116709709167,0.5993981957435608
YGL033W,YHR107C,0,1.6841158,0.13162864744663239,0.8796116709709167,0.5994985103607178
YMR189W,YNR063W,0,1.6836319,0.13160952925682068,0.8796116709709167,0.5995988249778748
YDR261C-C,YOL148C,0,1.6835726,0.13159041106700897,0.8796116709709167,0.599699079990387
YGL208W,YIL031W,0,1.6833655,0.13157130777835846,0.8796116709709167,0.599799394607544
YPL047W,YMR268C,0,1.6828957,0.13155220448970795,0.8796116709709167,0.5998997092247009
YDR522C,YNR039C,0,1.6824232,0.13153310120105743,0.8796116709709167,0.6000000238418579
YDR446W,YHR188C,0,1.6824051,0.13151401281356812,0.8796116709709167,0.6001002788543701
YBL004W,YDR316W,0,1.6823044,0.1314949244260788,0.8796116709709167,0.6002005934715271
YNR056C,YOR122C,0,1.681039,0.13147583603858948,0.8796116709709167,0.6003009080886841
YLR166C,YMR161W,0,1.6807377,0.13145676255226135,0.8796116709709167,0.6004012227058411
YDL002C,YDL126C,0,1.6802316,0.13143768906593323,0.8796116709709167,0.6005014777183533
YMR291W,YKL092C,0,1.6798445,0.1314186304807663,0.8796116709709167,0.6006017923355103
YLR116W,YKL221W,0,1.6798178,0.13139957189559937,0.8796116709709167,0.6007021069526672
YPL283C,YHR072W-A,0,1.6797998,0.13138051331043243,0.8796116709709167,0.6008024215698242
YGL002W,YHL009W-A,0,1.6797302,0.1313614547252655,0.8796116709709167,0.6009027361869812
YJL116C,YCR067C,0,1.679477,0.13134241104125977,0.8796116709709167,0.6010029911994934
YDL185W,YJL172W,1,1.6793636,0.13146832585334778,0.8805825114250183,0.6010029911994934
YCL026C-A,YOR205C,0,1.679106,0.13144928216934204,0.8805825114250183,0.6011033058166504
YML118W,YOL068C,0,1.6788388,0.1314302235841751,0.8805825114250183,0.6012036204338074
YJR099W,YLR157C-B,0,1.6787996,0.13141117990016937,0.8805825114250183,0.6013039350509644
YDR034C-D,YGR261C,0,1.678496,0.13139215111732483,0.8805825114250183,0.6014041900634766
YKL211C,YHR203C,0,1.6781191,0.13137312233448029,0.8805825114250183,0.6015045046806335
YGR068C,YDR264C,0,1.6780492,0.13135409355163574,0.8805825114250183,0.6016048192977905
YBR302C,YJL154C,0,1.6779703,0.1313350647687912,0.8805825114250183,0.6017051339149475
YGR087C,YEL004W,0,1.6764852,0.13131605088710785,0.8805825114250183,0.6018053889274597
YJL028W,YNL058C,0,1.6764761,0.1312970519065857,0.8805825114250183,0.6019057035446167
YBR161W,YPL124W,0,1.6763893,0.13127803802490234,0.8805825114250183,0.6020060181617737
YCL040W,YJR002W,0,1.6763464,0.1312590390443802,0.8805825114250183,0.6021063327789307
YNL035C,YBL071W-A,0,1.6759869,0.13124005496501923,0.8805825114250183,0.6022066473960876
YBR102C,YPL079W,0,1.6759082,0.13122107088565826,0.8805825114250183,0.6023069024085999
YCR027C,YPL060C-A,0,1.6756667,0.1312020868062973,0.8805825114250183,0.6024072170257568
YLR002C,YLR178C,0,1.675483,0.13118310272693634,0.8805825114250183,0.6025075316429138
YIL158W,YIL010W,0,1.675438,0.13116413354873657,0.8805825114250183,0.6026078462600708
YPL162C,YPL270W,0,1.6753298,0.1311451643705368,0.8805825114250183,0.602708101272583
YLR064W,YMR260C,0,1.6749911,0.13112621009349823,0.8805825114250183,0.60280841588974
YLR423C,YMR068W,0,1.6747725,0.13110725581645966,0.8805825114250183,0.602908730506897
YPR004C,YGL077C,0,1.674459,0.13108830153942108,0.8805825114250183,0.603009045124054
YOR214C,YOR303W,0,1.6743842,0.1310693621635437,0.8805825114250183,0.6031093001365662
YBR139W,YPR185W,0,1.6743051,0.13105042278766632,0.8805825114250183,0.6032096147537231
YOL097C,YML069W,0,1.6742953,0.13103149831295013,0.8805825114250183,0.6033099293708801
YOR307C,YHR072W-A,0,1.6742655,0.13101257383823395,0.8805825114250183,0.6034102439880371
YLR226W,YGL065C,0,1.6735054,0.13099364936351776,0.8805825114250183,0.6035105586051941
YBR293W,YDL236W,0,1.6733035,0.13097472488880157,0.8805825114250183,0.6036108136177063
YMR024W,YPL265W,0,1.6723036,0.13095581531524658,0.8805825114250183,0.6037111282348633
YBL018C,YPL124W,0,1.6722119,0.13093692064285278,0.8805825114250183,0.6038114428520203
YLR342W,YHL013C,0,1.6720623,0.1309180110692978,0.8805825114250183,0.6039117574691772
YLR332W,YGR161C-C,0,1.6719371,0.130899116396904,0.8805825114250183,0.6040120124816895
YGR067C,YER074W-A,0,1.671884,0.1308802366256714,0.8805825114250183,0.6041123270988464
YPL120W,YKL124W,1,1.6718091,0.13100562989711761,0.8815534114837646,0.6041123270988464
YPR018W,YLR362W,0,1.671743,0.13098673522472382,0.8815534114837646,0.6042126417160034
YOR141C,YOL130W,0,1.6717376,0.13096784055233002,0.8815534114837646,0.6043129563331604
YGL100W,YLR274W,0,1.6714514,0.13094894587993622,0.8815534114837646,0.6044132113456726
YIL049W,YCL045C,0,1.6712636,0.1309300661087036,0.8815534114837646,0.6045135259628296
YMR047C,YOR083W,0,1.671261,0.130911186337471,0.8815534114837646,0.6046138405799866
YGL250W,YPR124W,0,1.671213,0.1308923214673996,0.8815534114837646,0.6047141551971436
YOR118W,YKL073W,0,1.6709493,0.13087345659732819,0.8815534114837646,0.6048144698143005
YBL084C,YLR410W,0,1.6709063,0.13085459172725677,0.8815534114837646,0.6049147248268127
YNR073C,YJL160C,0,1.6703824,0.13083574175834656,0.8815534114837646,0.6050150394439697
YBR088C,YOL089C,0,1.6703299,0.13081689178943634,0.8815534114837646,0.6051153540611267
YHR043C,YJR125C,0,1.6701471,0.13079804182052612,0.8815534114837646,0.6052156686782837
YNL252C,YGL245W,0,1.6700801,0.1307792067527771,0.8815534114837646,0.6053159236907959
YMR170C,YMR216C,0,1.6700336,0.13076037168502808,0.8815534114837646,0.6054162383079529
YMR263W,YER141W,0,1.6699078,0.13074153661727905,0.8815534114837646,0.6055165529251099
YNR049C,YMR231W,0,1.6697881,0.13072271645069122,0.8815534114837646,0.6056168675422668
YDR182W,YIL131C,0,1.6696706,0.1307038962841034,0.8815534114837646,0.605717122554779
YNL058C,YDL147W,0,1.6693834,0.13068509101867676,0.8815534114837646,0.605817437171936
YBL002W,YMR067C,0,1.6693724,0.13066628575325012,0.8815534114837646,0.605917751789093
YMR067C,YMR083W,0,1.669024,0.1306474804878235,0.8815534114837646,0.60601806640625
YBR057C,YNL279W,0,1.6689124,0.13062869012355804,0.8815534114837646,0.606118381023407
YML024W,YGR140W,0,1.668521,0.1306098997592926,0.8815534114837646,0.6062186360359192
YOR190W,YDL191W,0,1.6679605,0.13059110939502716,0.8815534114837646,0.6063189506530762
YBR056W,YLR216C,0,1.6672114,0.1305723339319229,0.8815534114837646,0.6064192652702332
YMR293C,YGR207C,0,1.6665186,0.13055355846881866,0.8815534114837646,0.6065195798873901
YDL232W,YNR069C,0,1.6658021,0.13053478300571442,0.8815534114837646,0.6066198348999023
YGR068C,YDR324C,0,1.665668,0.13051602244377136,0.8815534114837646,0.6067201495170593
YMR014W,YGL150C,0,1.6655564,0.1304972618818283,0.8815534114837646,0.6068204641342163
YDR210W,YAL055W,0,1.6642383,0.13047851622104645,0.8815534114837646,0.6069207787513733
YCR073C,YGR027W-A,0,1.6639421,0.1304597705602646,0.8815534114837646,0.6070210337638855
YGL086W,YJR144W,0,1.6639035,0.13044102489948273,0.8815534114837646,0.6071213483810425
YLR274W,YAL009W,0,1.6636082,0.13042229413986206,0.8815534114837646,0.6072216629981995
YBL003C,YBL071W-A,0,1.6634748,0.1304035633802414,0.8815534114837646,0.6073219776153564
YGR192C,YMR283C,0,1.663237,0.13038483262062073,0.8815534114837646,0.6074222922325134
YNL014W,YGR038C-B,0,1.662802,0.13036611676216125,0.8815534114837646,0.6075225472450256
YIL049W,YBR236C,0,1.6626506,0.13034740090370178,0.8815534114837646,0.6076228618621826
YNL222W,YKL211C,0,1.6625615,0.1303286850452423,0.8815534114837646,0.6077231764793396
YPR104C,YNL197C,0,1.6625212,0.13030998408794403,0.8815534114837646,0.6078234910964966
YDR267C,YCR003W,0,1.6623496,0.13029128313064575,0.8815534114837646,0.6079237461090088
YHR187W,YPL069C,0,1.6622303,0.13027259707450867,0.8815534114837646,0.6080240607261658
YDL210W,YGR106C,1,1.6618184,0.13039736449718475,0.8825242519378662,0.6080240607261658
YOR361C,YER048C,0,1.6611619,0.13037866353988647,0.8825242519378662,0.6081243753433228
YOR033C,YML024W,0,1.6611413,0.1303599625825882,0.8825242519378662,0.6082246899604797
YDL153C,YKL157W,0,1.6600916,0.13034126162528992,0.8825242519378662,0.6083250045776367
YMR263W,YNR069C,0,1.6600596,0.13032257556915283,0.8825242519378662,0.6084252595901489
YAR050W,YDL104C,0,1.6598977,0.13030390441417694,0.8825242519378662,0.6085255742073059
YOL049W,YER169W,0,1.6597754,0.13028521835803986,0.8825242519378662,0.6086258888244629
YOL088C,YJL160C,0,1.6591003,0.13026654720306396,0.8825242519378662,0.6087262034416199
YLR388W,YKL211C,0,1.6585984,0.13024789094924927,0.8825242519378662,0.6088264584541321
YLR205C,YLR272C,0,1.658126,0.13022921979427338,0.8825242519378662,0.6089267730712891
YBR228W,YER094C,0,1.6578908,0.13021057844161987,0.8825242519378662,0.609027087688446
YDR202C,YHR032W,0,1.6560706,0.13019192218780518,0.8825242519378662,0.609127402305603
YHL007C,YGL255W,0,1.6557405,0.13017328083515167,0.8825242519378662,0.6092276573181152
YIL016W,YDR079C-A,0,1.6555158,0.13015463948249817,0.8825242519378662,0.6093279719352722
YJL210W,YMR154C,0,1.6549145,0.13013601303100586,0.8825242519378662,0.6094282865524292
YPL227C,YGR209C,0,1.6543137,0.13011737167835236,0.8825242519378662,0.6095286011695862
YLR362W,YPL187W,0,1.6527795,0.13009876012802124,0.8825242519378662,0.6096289157867432
YIL073C,YOR083W,0,1.6524899,0.13008013367652893,0.8825242519378662,0.6097291707992554
YML110C,YOL017W,0,1.6524262,0.13006152212619781,0.8825242519378662,0.6098294854164124
YPL045W,YIR034C,0,1.6523334,0.1300429254770279,0.8825242519378662,0.6099298000335693
YDR446W,YHR001W,0,1.6521173,0.13002431392669678,0.8825242519378662,0.6100301146507263
YER039C,YNL090W,0,1.6515769,0.13000571727752686,0.8825242519378662,0.6101303696632385
YPR065W,YFL002C,0,1.6514726,0.12998713552951813,0.8825242519378662,0.6102306842803955
YAL032C,YOR303W,0,1.6509324,0.1299685388803482,0.8825242519378662,0.6103309988975525
YNL009W,YPL072W,0,1.6507744,0.12994995713233948,0.8825242519378662,0.6104313135147095
YDR506C,YJL160C,0,1.650692,0.12993139028549194,0.8825242519378662,0.6105315685272217
YGR020C,YDR323C,1,1.6503828,0.1300557404756546,0.8834951519966125,0.6105315685272217
YDL232W,YMR231W,0,1.6500324,0.13003715872764587,0.8834951519966125,0.6106318831443787
YGL124C,YNR026C,0,1.6499922,0.13001857697963715,0.8834951519966125,0.6107321977615356
YGR038C-B,YLR421C,0,1.6498345,0.12999999523162842,0.8834951519966125,0.6108325123786926
YLL023C,YIL065C,0,1.6498327,0.12998142838478088,0.8834951519966125,0.6109328269958496
YDR003W,YMR159C,1,1.6495224,0.13010568916797638,0.8844659924507141,0.6109328269958496
YPL268W,YBR104W,0,1.6494936,0.13008710741996765,0.8844659924507141,0.6110330820083618
YNL222W,YLR256W,0,1.6490263,0.13006852567195892,0.8844659924507141,0.6111333966255188
YDR105C,YGL156W,1,1.649012,0.13019272685050964,0.8854368925094604,0.6111333966255188
YKL160W,YGL245W,0,1.6485409,0.13017413020133972,0.8854368925094604,0.6112337112426758
YDR034C-D,YEL020C,0,1.6484138,0.1301555633544922,0.8854368925094604,0.6113340258598328
YLR148W,YNL006W,1,1.6474708,0.13027967512607574,0.8864077925682068,0.6113340258598328
YGL130W,YPL192C,0,1.6471083,0.13026109337806702,0.8864077925682068,0.611434280872345
YOL129W,YJL097W,1,1.6467463,0.130385160446167,0.8873786330223083,0.611434280872345
YGL255W,YER160C,0,1.6466229,0.13036656379699707,0.8873786330223083,0.611534595489502
YGR059W,YNL326C,0,1.6462783,0.13034798204898834,0.8873786330223083,0.6116349101066589
YOR361C,YOR214C,0,1.6460724,0.13032938539981842,0.8873786330223083,0.6117352247238159
YDL212W,YMR293C,0,1.6457655,0.1303108036518097,0.8873786330223083,0.6118354797363281
YDR034C-D,YGR247W,0,1.6457623,0.13029223680496216,0.8873786330223083,0.6119357943534851
YHL002W,YFL008W,0,1.645683,0.13027365505695343,0.8873786330223083,0.6120361089706421
YGR163W,YDR313C,1,1.6456028,0.13039760291576385,0.8883495330810547,0.6120361089706421
YNL245C,YBL019W,0,1.6455663,0.13037902116775513,0.8883495330810547,0.6121364235877991
YMR216C,YDL150W,0,1.6445342,0.1303604543209076,0.8883495330810547,0.612236738204956
YOR056C,YBL071W-A,0,1.6445187,0.13034188747406006,0.8883495330810547,0.6123369932174683
YOR115C,YGL048C,0,1.6439153,0.13032332062721252,0.8883495330810547,0.6124373078346252
YGR287C,YIL065C,0,1.643773,0.130304753780365,0.8883495330810547,0.6125376224517822
YGL207W,YNL116W,0,1.6432679,0.13028620183467865,0.8883495330810547,0.6126379370689392
YPR075C,YCR008W,0,1.643102,0.1302676498889923,0.8883495330810547,0.6127381920814514
YKL107W,YJR002W,0,1.643086,0.13024911284446716,0.8883495330810547,0.6128385066986084
YDL052C,YNR046W,0,1.6430178,0.13023057579994202,0.8883495330810547,0.6129388213157654
YLR298C,YHL009W-A,0,1.6428657,0.13021203875541687,0.8883495330810547,0.6130391359329224
YOR022C,YNL312W,0,1.6426847,0.13019351661205292,0.8883495330810547,0.6131393909454346
YOR214C,YLR355C,0,1.6424934,0.13017499446868896,0.8883495330810547,0.6132397055625916
YAR050W,YNL254C,0,1.6421429,0.130156472325325,0.8883495330810547,0.6133400201797485
YNL257C,YFL024C,0,1.6417153,0.13013796508312225,0.8883495330810547,0.6134403347969055
YNL186W,YCR027C,0,1.6416959,0.1301194578409195,0.8883495330810547,0.6135406494140625
YOL060C,YDL104C,0,1.6415709,0.13010095059871674,0.8883495330810547,0.6136409044265747
YNL252C,YPR004C,0,1.6415148,0.13008245825767517,0.8883495330810547,0.6137412190437317
YER157W,YJL076W,0,1.6414281,0.1300639659166336,0.8883495330810547,0.6138415336608887
YDR186C,YOR140W,0,1.6411334,0.13004547357559204,0.8883495330810547,0.6139418482780457
YLR157C-A,YDR480W,0,1.6408063,0.13002699613571167,0.8883495330810547,0.6140421032905579
YPL242C,YDL239C,0,1.6407255,0.1300085186958313,0.8883495330810547,0.6141424179077148
YKL220C,YLR210W,0,1.640473,0.12999005615711212,0.8883495330810547,0.6142427325248718
YNR073C,YDR324C,0,1.6403958,0.12997159361839294,0.8883495330810547,0.6143430471420288
YHR032W,YPR066W,0,1.6401347,0.12995313107967377,0.8883495330810547,0.614443302154541
YLR064W,YDL092W,0,1.6399235,0.12993468344211578,0.8883495330810547,0.614543616771698
YLR378C,YLL054C,0,1.6397271,0.1299162358045578,0.8883495330810547,0.614643931388855
YHR079C-A,YBR008C,0,1.6386648,0.12989778816699982,0.8883495330810547,0.614744246006012
YHR124W,YKL220C,0,1.6386572,0.12987934052944183,0.8883495330810547,0.614844560623169
YDR293C,YFL034C-A,0,1.6374332,0.12986090779304504,0.8883495330810547,0.6149448156356812
YLR406C,YGR198W,0,1.6372758,0.12984248995780945,0.8883495330810547,0.6150451302528381
YJL076W,YHR019C,0,1.6370564,0.12982405722141266,0.8883495330810547,0.6151454448699951
YOR362C,YBL002W,0,1.6370147,0.12980563938617706,0.8883495330810547,0.6152457594871521
YDL049C,YML062C,0,1.6366266,0.12978723645210266,0.8883495330810547,0.6153460144996643
YGR170W,YLL015W,1,1.6358997,0.1299106478691101,0.8893203735351562,0.6153460144996643
YPL275W,YJL020C,0,1.6357887,0.1298922300338745,0.8893203735351562,0.6154463291168213
YNL125C,YDR141C,0,1.635684,0.12987381219863892,0.8893203735351562,0.6155466437339783
YIR013C,YMR134W,0,1.6356143,0.12985539436340332,0.8893203735351562,0.6156469583511353
YOL013C,YLR226W,0,1.6347195,0.12983699142932892,0.8893203735351562,0.6157472133636475
YKL160W,YNL279W,0,1.6346337,0.12981858849525452,0.8893203735351562,0.6158475279808044
YNL186W,YKL184W,0,1.6340731,0.1298002004623413,0.8893203735351562,0.6159478425979614
YIR033W,YNR039C,0,1.6334566,0.1297818124294281,0.8893203735351562,0.6160481572151184
YPL170W,YDR079C-A,0,1.6334106,0.1297634243965149,0.8893203735351562,0.6161484718322754
YGL234W,YOL049W,0,1.6332527,0.12974503636360168,0.8893203735351562,0.6162487268447876
YER141W,YPL275W,0,1.6331242,0.12972666323184967,0.8893203735351562,0.6163490414619446
YLR310C,YLR057W,0,1.6328843,0.12970830500125885,0.8893203735351562,0.6164493560791016
YFR009W,YMR167W,0,1.6326324,0.12968993186950684,0.8893203735351562,0.6165496706962585
YJL050W,YJL091C,0,1.6321146,0.12967157363891602,0.8893203735351562,0.6166499257087708
YNR051C,YPL008W,0,1.6321048,0.1296532154083252,0.8893203735351562,0.6167502403259277
YCR068W,YJR002W,0,1.6320852,0.12963487207889557,0.8893203735351562,0.6168505549430847
YKL213C,YNL323W,0,1.6319692,0.12961652874946594,0.8893203735351562,0.6169508695602417
YBR161W,YGR172C,0,1.6317543,0.12959818542003632,0.8893203735351562,0.6170511245727539
YGR133W,YPL046C,0,1.6314851,0.12957985699176788,0.8893203735351562,0.6171514391899109
YOR329C,YPR079W,0,1.6311704,0.12956152856349945,0.8893203735351562,0.6172517538070679
YGR033C,YHL018W,0,1.6303128,0.12954320013523102,0.8893203735351562,0.6173520684242249
YDR281C,YDR119W,1,1.6301669,0.1296662837266922,0.8902912735939026,0.6173520684242249
YLR022C,YBL071W-A,0,1.6301543,0.12964795529842377,0.8902912735939026,0.6174523830413818
YDL212W,YPR022C,0,1.6298813,0.12962962687015533,0.8902912735939026,0.617552638053894
YJR099W,YCR097W,0,1.6295344,0.1296113133430481,0.8902912735939026,0.617652952671051
YJR044C,YNL116W,0,1.6294621,0.12959298491477966,0.8902912735939026,0.617753267288208
YDR261C-C,YCR027C,0,1.6292633,0.12957467138767242,0.8902912735939026,0.617853581905365
YIL099W,YML062C,0,1.6288222,0.12955637276172638,0.8902912735939026,0.6179538369178772
YBL002W,YLL052C,0,1.6286842,0.12953807413578033,0.8902912735939026,0.6180541515350342
YNR023W,YOR058C,0,1.6283234,0.1295197755098343,0.8902912735939026,0.6181544661521912
YHR019C,YHR128W,0,1.6280762,0.12950147688388824,0.8902912735939026,0.6182547807693481
YHR188C,YLR216C,0,1.6279266,0.1294831931591034,0.8902912735939026,0.6183550357818604
YNL090W,YPR158W-A,0,1.6279004,0.12946490943431854,0.8902912735939026,0.6184553503990173
YAL005C,YHR166C,0,1.6276836,0.12944664061069489,0.8902912735939026,0.6185556650161743
YDL212W,YPL032C,0,1.6275963,0.12942837178707123,0.8902912735939026,0.6186559796333313
YHR032W,YKR001C,0,1.6275572,0.12941010296344757,0.8902912735939026,0.6187562942504883
YJL115W,YMR113W,0,1.6274962,0.1293918490409851,0.8902912735939026,0.6188565492630005
YGL038C,YER157W,0,1.627289,0.12937359511852264,0.8902912735939026,0.6189568638801575
YDR365W-B,YKL008C,0,1.6270841,0.12935534119606018,0.8902912735939026,0.6190571784973145
YBR258C,YPL020C,0,1.626827,0.12933708727359772,0.8902912735939026,0.6191574931144714
YNL316C,YDR264C,0,1.6265109,0.12931884825229645,0.8902912735939026,0.6192577481269836
YNL115C,YPL236C,1,1.6256794,0.12944161891937256,0.8912621140480042,0.6192577481269836
YMR014W,YHR050W,0,1.6254166,0.1294233798980713,0.8912621140480042,0.6193580627441406
YNR069C,YHL020C,0,1.6251255,0.12940512597560883,0.8912621140480042,0.6194583773612976
YHR187W,YMR106C,0,1.6250304,0.12938688695430756,0.8912621140480042,0.6195586919784546
YBR179C,YAL061W,0,1.6247737,0.12936866283416748,0.8912621140480042,0.6196590065956116
YGL121C,YPL275W,0,1.6243871,0.1293504238128662,0.8912621140480042,0.6197592616081238
YLR135W,YDL161W,0,1.6243138,0.12933219969272614,0.8912621140480042,0.6198595762252808
YBR186W,YCR097W,0,1.6230627,0.12931399047374725,0.8912621140480042,0.6199598908424377
YBR068C,YIL122W,0,1.6226803,0.12929578125476837,0.8912621140480042,0.6200602054595947
YNL072W,YJR105W,0,1.6224545,0.1292775720357895,0.8912621140480042,0.6201604604721069
YDR079C-A,YCR043C,0,1.6219978,0.1292593628168106,0.8912621140480042,0.6202607750892639
YHR115C,YBL067C,0,1.6218538,0.12924116849899292,0.8912621140480042,0.6203610897064209
YLR406C,YGR166W,0,1.6213675,0.12922297418117523,0.8912621140480042,0.6204614043235779
YJL047C,YNL229C,0,1.6213552,0.12920477986335754,0.8912621140480042,0.6205616593360901
YOL077W-A,YAL009W,0,1.6201704,0.12918660044670105,0.8912621140480042,0.6206619739532471
YER011W,YOL060C,0,1.6200434,0.12916842103004456,0.8912621140480042,0.620762288570404
YNR056C,YPR183W,0,1.6194872,0.12915025651454926,0.8912621140480042,0.620862603187561
YFL031W,YLL032C,0,1.6193558,0.12913209199905396,0.8912621140480042,0.620962917804718
YDR162C,YMR047C,0,1.6193137,0.12911392748355865,0.8912621140480042,0.6210631728172302
YNL186W,YML126C,0,1.6191097,0.12909576296806335,0.8912621140480042,0.6211634874343872
YDR237W,YNL148C,0,1.61909,0.12907761335372925,0.8912621140480042,0.6212638020515442
YDL004W,YPR056W,0,1.6188785,0.12905946373939514,0.8912621140480042,0.6213641166687012
YAR066W,YJR161C,0,1.6188145,0.12904132902622223,0.8912621140480042,0.6214643716812134
YDL193W,YIL097W,0,1.6187602,0.12902319431304932,0.8912621140480042,0.6215646862983704
YNL090W,YOR130C,0,1.6184025,0.1290050595998764,0.8912621140480042,0.6216650009155273
YOR354C,YDR316W,0,1.6183144,0.12898693978786469,0.8912621140480042,0.6217653155326843
YGR013W,YGL012W,0,1.6177597,0.12896880507469177,0.8912621140480042,0.6218655705451965
YKL113C,YFL052W,0,1.6176451,0.12895070016384125,0.8912621140480042,0.6219658851623535
YHR187W,YOL027C,0,1.6173185,0.12893258035182953,0.8912621140480042,0.6220661997795105
YER011W,YBR057C,0,1.6172394,0.128914475440979,0.8912621140480042,0.6221665143966675
YCR023C,YDR409W,0,1.6170131,0.12889637053012848,0.8912621140480042,0.6222668290138245
YNL075W,YAL014C,0,1.6168605,0.12887828052043915,0.8912621140480042,0.6223670840263367
YGR257C,YDL004W,0,1.6168503,0.12886019051074982,0.8912621140480042,0.6224673986434937
YLL048C,YJL151C,1,1.6168253,0.12898245453834534,0.8922330141067505,0.6224673986434937
YGL079W,YDR001C,0,1.6164769,0.1289643496274948,0.8922330141067505,0.6225677132606506
YGL001C,YMR216C,0,1.616417,0.12894625961780548,0.8922330141067505,0.6226680278778076
YOR208W,YGR163W,0,1.6163883,0.12892816960811615,0.8922330141067505,0.6227682828903198
YLR342W,YOR371C,0,1.6163801,0.12891007959842682,0.8922330141067505,0.6228685975074768
YCL019W,YDR206W,0,1.6161085,0.12889200448989868,0.8922330141067505,0.6229689121246338
YGR223C,YPL162C,1,1.6157609,0.12901416420936584,0.893203854560852,0.6229689121246338
YLR408C,YER073W,0,1.6157087,0.1289960741996765,0.893203854560852,0.6230692267417908
YHL007C,YBR290W,0,1.6155082,0.12897798418998718,0.893203854560852,0.623169481754303
YCL019W,YDR208W,0,1.6153582,0.12895990908145905,0.893203854560852,0.62326979637146
YPR151C,YBR215W,0,1.6151575,0.1289418339729309,0.893203854560852,0.6233701109886169
YER146W,YDR339C,0,1.6150364,0.12892377376556396,0.893203854560852,0.6234704256057739
YDR163W,YPR056W,0,1.6149244,0.12890569865703583,0.893203854560852,0.6235707402229309
YHR019C,YPR033C,0,1.6146746,0.12888763844966888,0.893203854560852,0.6236709952354431
YMR154C,YOR028C,0,1.6146492,0.12886959314346313,0.893203854560852,0.6237713098526001
YOL146W,YIR021W,0,1.6145968,0.12885154783725739,0.893203854560852,0.6238716244697571
YLR342W,YKL008C,0,1.6143116,0.12883350253105164,0.893203854560852,0.6239719390869141
YNL316C,YKR025W,0,1.6141698,0.1288154572248459,0.893203854560852,0.6240721940994263
YKL113C,YPL249C-A,0,1.6141578,0.12879742681980133,0.893203854560852,0.6241725087165833
YBR019C,YHR176W,0,1.6141442,0.12877939641475677,0.893203854560852,0.6242728233337402
YMR119W,YHR032W,0,1.6136652,0.12876136600971222,0.893203854560852,0.6243731379508972
YBR290W,YBL071W-A,0,1.6131343,0.12874335050582886,0.893203854560852,0.6244733929634094
YNR032W,YOL148C,0,1.6129074,0.1287253350019455,0.893203854560852,0.6245737075805664
YOL128C,YGR041W,0,1.6127163,0.12870733439922333,0.893203854560852,0.6246740221977234
YNR073C,YKL213C,0,1.6126934,0.12868933379650116,0.893203854560852,0.6247743368148804
YPL084W,YNL256W,0,1.6125695,0.128671333193779,0.893203854560852,0.6248746514320374
YDR084C,YLR449W,0,1.6123784,0.12865333259105682,0.893203854560852,0.6249749064445496
YLR320W,YMR060C,0,1.6123449,0.12863534688949585,0.893203854560852,0.6250752210617065
YNL083W,YDR210W-A,0,1.6122683,0.12861736118793488,0.893203854560852,0.6251755356788635
YOR033C,YPR158W-A,0,1.6113421,0.1285993903875351,0.893203854560852,0.6252758502960205
YFR042W,YER042W,0,1.6112632,0.12858140468597412,0.893203854560852,0.6253761053085327
YER001W,YHR166C,0,1.6108066,0.12856344878673553,0.893203854560852,0.6254764199256897
YGL234W,YER170W,0,1.6096829,0.12854547798633575,0.893203854560852,0.6255767345428467
YCL033C,YGL208W,0,1.6095413,0.12852752208709717,0.893203854560852,0.6256770491600037
YPR036W,YBR014C,1,1.6093255,0.1286492496728897,0.8941747546195984,0.6256770491600037
YGL234W,YNL224C,0,1.6086812,0.12863127887248993,0.8941747546195984,0.6257773041725159
YDR186C,YNL116W,0,1.6083862,0.12861332297325134,0.8941747546195984,0.6258776187896729
YML046W,YJL118W,0,1.6079006,0.12859536707401276,0.8941747546195984,0.6259779334068298
YDL049C,YOR293W,0,1.6075004,0.12857741117477417,0.8941747546195984,0.6260782480239868
YDR348C,YGR038C-B,0,1.6074895,0.12855947017669678,0.8941747546195984,0.6261785626411438
YIR007W,YKR086W,0,1.6072167,0.1285415142774582,0.8941747546195984,0.626278817653656
YDR314C,YCR048W,0,1.6071707,0.128523588180542,0.8941747546195984,0.626379132270813
YDL002C,YGL224C,0,1.6071113,0.1285056471824646,0.8941747546195984,0.62647944688797
YDL079C,YNR075W,0,1.6067353,0.1284877210855484,0.8941747546195984,0.626579761505127
YHR083W,YLR341W,0,1.6061454,0.1284697949886322,0.8941747546195984,0.6266800165176392
YLR071C,YPL242C,0,1.6061252,0.1284518837928772,0.8941747546195984,0.6267803311347961
YML024W,YNL087W,0,1.6060871,0.1284339725971222,0.8941747546195984,0.6268806457519531
YHR007C,YGR277C,0,1.6058599,0.1284160614013672,0.8941747546195984,0.6269809603691101
YDR051C,YGL038C,0,1.6052397,0.12839816510677338,0.8941747546195984,0.6270812153816223
YPL084W,YLL054C,0,1.6044084,0.12838026881217957,0.8941747546195984,0.6271815299987793
YKL125W,YOL077W-A,0,1.604104,0.12836237251758575,0.8941747546195984,0.6272818446159363
YGL086W,YGL156W,0,1.6033888,0.12834447622299194,0.8941747546195984,0.6273821592330933
YNR032W,YGR207C,0,1.6031128,0.12832659482955933,0.8941747546195984,0.6274824738502502
YGR038C-A,YGR261C,0,1.6030065,0.1283087283372879,0.8941747546195984,0.6275827288627625
YIL091C,YPR165W,0,1.602722,0.12829084694385529,0.8941747546195984,0.6276830434799194
YHR141C,YIL105C,0,1.6023076,0.12827298045158386,0.8941747546195984,0.6277833580970764
YKL073W,YBL071W-A,0,1.6016275,0.12825511395931244,0.8941747546195984,0.6278836727142334
YIL016W,YLR027C,0,1.6014414,0.1282372623682022,0.8941747546195984,0.6279839277267456
YGR148C,YML014W,0,1.6007805,0.12821941077709198,0.8941747546195984,0.6280842423439026
YBR098W,YJR125C,0,1.6006209,0.12820155918598175,0.8941747546195984,0.6281845569610596
YER001W,YOL058W,0,1.6004742,0.12818372249603271,0.8941747546195984,0.6282848715782166
YGR128C,YEL003W,0,1.6004742,0.12816587090492249,0.8941747546195984,0.6283851265907288
YNL006W,YKL103C,1,1.6001279,0.1282871812582016,0.8951456546783447,0.6283851265907288
YNR028W,YNL101W,1,1.5997078,0.12840846180915833,0.8961164951324463,0.6283851265907288
YBR070C,YBL071W-A,0,1.599641,0.1283905953168869,0.8961164951324463,0.6284854412078857
YPL023C,YHR045W,0,1.5995294,0.12837274372577667,0.8961164951324463,0.6285857558250427
YPR183W,YGR240C,0,1.5994716,0.12835489213466644,0.8961164951324463,0.6286860704421997
YOL088C,YJL020C,0,1.5993814,0.1283370405435562,0.8961164951324463,0.6287863850593567
YGL212W,YIL067C,1,1.5991672,0.12845821678638458,0.8970873951911926,0.6287863850593567
YHR042W,YNR046W,0,1.5988914,0.12844036519527435,0.8970873951911926,0.6288866400718689
YGR090W,YIL114C,0,1.598509,0.12842251360416412,0.8970873951911926,0.6289869546890259
YPL241C,YCR034W,0,1.5983144,0.1284046620130539,0.8970873951911926,0.6290872693061829
YLR071C,YIL122W,0,1.5982577,0.12838682532310486,0.8970873951911926,0.6291875839233398
YNL209W,YIL044C,0,1.5980598,0.12836898863315582,0.8970873951911926,0.629287838935852
YBL050W,YHR152W,0,1.5978545,0.12835116684436798,0.8970873951911926,0.629388153553009
YLR077W,YOR367W,0,1.597669,0.12833333015441895,0.8970873951911926,0.629488468170166
YOR095C,YLR069C,0,1.5974735,0.1283155083656311,0.8970873951911926,0.629588782787323
YOL097C,YCR048W,0,1.5973271,0.12829770147800446,0.8970873951911926,0.6296890377998352
YOR140W,YGR207C,0,1.5972985,0.1282798796892166,0.8970873951911926,0.6297893524169922
YDR020C,YJL020C,0,1.5960933,0.12826207280158997,0.8970873951911926,0.6298896670341492
YGL245W,YPL265W,0,1.5953544,0.1282442808151245,0.8970873951911926,0.6299899816513062
YPR058W,YGR027W-A,0,1.5953423,0.12822647392749786,0.8970873951911926,0.6300902962684631
YPL047W,YOR368W,0,1.5952033,0.1282086819410324,0.8970873951911926,0.6301905512809753
YJL209W,YPL008W,0,1.5951307,0.12819090485572815,0.8970873951911926,0.6302908658981323
YBR210W,YPL088W,0,1.5941595,0.1281731128692627,0.8970873951911926,0.6303911805152893
YEL063C,YJL139C,0,1.5938946,0.12815533578395844,0.8970873951911926,0.6304914951324463
YLR369W,YIL067C,0,1.593577,0.12813757359981537,0.8970873951911926,0.6305917501449585
YGL254W,YOR298C-A,0,1.5933224,0.1281197965145111,0.8970873951911926,0.6306920647621155
YMR278W,YJL122W,0,1.5929056,0.12810203433036804,0.8970873951911926,0.6307923793792725
YOR022C,YHR196W,0,1.5927339,0.12808428704738617,0.8970873951911926,0.6308926939964294
YGL048C,YOR125C,0,1.5925238,0.1280665248632431,0.8970873951911926,0.6309930086135864
YGR049W,YLR378C,0,1.5920782,0.12804877758026123,0.8970873951911926,0.6310932636260986
YDL042C,YJL014W,0,1.59188,0.12803104519844055,0.8970873951911926,0.6311935782432556
YOR056C,YMR231W,0,1.5916479,0.12801329791545868,0.8970873951911926,0.6312938928604126
YIL041W,YJL204C,0,1.5914572,0.127995565533638,0.8970873951911926,0.6313942074775696
YLR069C,YGR195W,0,1.5912124,0.12797783315181732,0.8970873951911926,0.6314944624900818
YHR062C,YPL230W,0,1.5911791,0.12796011567115784,0.8970873951911926,0.6315947771072388
YBR253W,YOR336W,0,1.5907937,0.12794239819049835,0.8970873951911926,0.6316950917243958
YLR135W,YPR158W-A,0,1.5905972,0.12792468070983887,0.8970873951911926,0.6317954063415527
YDR394W,YMR251W-A,0,1.5905186,0.12790697813034058,0.8970873951911926,0.6318956613540649
YGR203W,YCR028C-A,0,1.5889531,0.12788927555084229,0.8970873951911926,0.6319959759712219
YPL005W,YJR125C,0,1.5885642,0.127871572971344,0.8970873951911926,0.6320962905883789
YJR152W,YDL222C,0,1.588416,0.1278538852930069,0.8970873951911926,0.6321966052055359
YNL003C,YJR144W,0,1.588352,0.1278361976146698,0.8970873951911926,0.6322969198226929
YPL060C-A,YML058W,0,1.5881765,0.1278185099363327,0.8970873951911926,0.6323971748352051
YLR116W,YOR003W,0,1.5876153,0.1278008371591568,0.8970873951911926,0.6324974894523621
YOL094C,YNL229C,0,1.587026,0.1277831494808197,0.8970873951911926,0.632597804069519
YMR236W,YMR268C,0,1.5870203,0.127765491604805,0.8970873951911926,0.632698118686676
YEL060C,YHR072W-A,0,1.5869509,0.1277478188276291,0.8970873951911926,0.6327983736991882
YKL049C,YIL129C,0,1.586557,0.12773016095161438,0.8970873951911926,0.6328986883163452
YOR144C,YGR207C,0,1.5857158,0.12771250307559967,0.8970873951911926,0.6329990029335022
YCR068W,YHL020C,0,1.5854155,0.12769486010074615,0.8970873951911926,0.6330993175506592
YDL214C,YDR206W,0,1.5852176,0.12767721712589264,0.8970873951911926,0.6331995725631714
YMR309C,YPR004C,0,1.5843335,0.12765957415103912,0.8970873951911926,0.6332998871803284
YDR034C-D,YPL032C,0,1.5840265,0.1276419460773468,0.8970873951911926,0.6334002017974854
YOR339C,YFR004W,0,1.5837735,0.1276243031024933,0.8970873951911926,0.6335005164146423
YDR034C-D,YKL127W,0,1.5837585,0.12760668992996216,0.8970873951911926,0.6336008310317993
YDL174C,YER094C,0,1.5837573,0.12758906185626984,0.8970873951911926,0.6337010860443115
YGR041W,YGR067C,0,1.583727,0.1275714486837387,0.8970873951911926,0.6338014006614685
YMR119W,YDL194W,0,1.5836968,0.12755383551120758,0.8970873951911926,0.6339017152786255
YNR026C,YDR352W,0,1.583682,0.12753623723983765,0.8970873951911926,0.6340020298957825
YDR314C,YNL014W,0,1.5835022,0.12751862406730652,0.8970873951911926,0.6341022849082947
YMR283C,YLL028W,0,1.5831965,0.12750104069709778,0.8970873951911926,0.6342025995254517
YKL049C,YIL067C,0,1.5831627,0.12748344242572784,0.8970873951911926,0.6343029141426086
YDR073W,YAL061W,0,1.5829489,0.1274658590555191,0.8970873951911926,0.6344032287597656
YIL157C,YJL118W,0,1.5828274,0.12744827568531036,0.8970873951911926,0.6345034837722778
YDL226C,YOR083W,0,1.5827569,0.12743069231510162,0.8970873951911926,0.6346037983894348
YML019W,YHR200W,0,1.5823947,0.12741312384605408,0.8970873951911926,0.6347041130065918
YPL047W,YCR073C,0,1.5815194,0.12739555537700653,0.8970873951911926,0.6348044276237488
YPR140W,YOR171C,0,1.580881,0.12737800180912018,0.8970873951911926,0.6349047422409058
YOL115W,YER069W,0,1.5806557,0.12736044824123383,0.8970873951911926,0.635004997253418
YMR024W,YOR375C,0,1.5803245,0.12734289467334747,0.8970873951911926,0.635105311870575
YLR166C,YGL207W,0,1.580306,0.12732534110546112,0.8970873951911926,0.6352056264877319
YDL064W,YIL131C,0,1.5799172,0.12730780243873596,0.8970873951911926,0.6353059411048889
YER011W,YFL002C,0,1.5797056,0.1272902637720108,0.8970873951911926,0.6354061961174011
YPL009C,YIL017C,0,1.5797035,0.12727272510528564,0.8970873951911926,0.6355065107345581
YPL212C,YDR409W,0,1.5787753,0.12725520133972168,0.8970873951911926,0.6356068253517151
YDR058C,YGR277C,0,1.5787598,0.12723767757415771,0.8970873951911926,0.6357071399688721
YGL224C,YMR236W,0,1.5785443,0.12722015380859375,0.8970873951911926,0.6358073949813843
YJL139C,YFR009W,0,1.5774597,0.12720264494419098,0.8970873951911926,0.6359077095985413
YOR328W,YCR079W,0,1.5766937,0.1271851360797882,0.8970873951911926,0.6360080242156982
YKL008C,YPL242C,0,1.5765878,0.12716762721538544,0.8970873951911926,0.6361083388328552
YMR161W,YOR307C,0,1.5763303,0.12715013325214386,0.8970873951911926,0.6362086534500122
YFR051C,YML014W,0,1.5762273,0.12713263928890228,0.8970873951911926,0.6363089084625244
YNL069C,YCR071C,0,1.5758457,0.1271151453256607,0.8970873951911926,0.6364092230796814
YOR149C,YIL067C,0,1.5757705,0.12709766626358032,0.8970873951911926,0.6365095376968384
YDR180W,YLL010C,0,1.5754496,0.12708018720149994,0.8970873951911926,0.6366098523139954
YJR113C,YGL055W,0,1.5749861,0.12706270813941956,0.8970873951911926,0.6367101073265076
YGL145W,YNL087W,0,1.5748442,0.12704522907733917,0.8970873951911926,0.6368104219436646
YLR166C,YBR019C,0,1.5741826,0.12702776491641998,0.8970873951911926,0.6369107365608215
YML078W,YJR144W,0,1.5741286,0.127010315656662,0.8970873951911926,0.6370110511779785
YJR099W,YFL008W,0,1.5733472,0.1269928514957428,0.8970873951911926,0.6371113061904907
YOL039W,YML058W,0,1.5732496,0.1269754022359848,0.8970873951911926,0.6372116208076477
YIL015W,YOR245C,0,1.573077,0.1269579529762268,0.8970873951911926,0.6373119354248047
YOL007C,YDR352W,1,1.5729743,0.1270778924226761,0.8980582356452942,0.6373119354248047
YCR088W,YOR214C,0,1.5728257,0.1270604431629181,0.8980582356452942,0.6374122500419617
YOL097C,YDR316W,0,1.5728045,0.1270429939031601,0.8980582356452942,0.6375125646591187
YOR073W,YFL002C,0,1.572796,0.1270255446434021,0.8980582356452942,0.6376128196716309
YPR201W,YOR371C,0,1.5726233,0.1270080953836441,0.8980582356452942,0.6377131342887878
YGR049W,YGL134W,0,1.5715598,0.1269906610250473,0.8980582356452942,0.6378134489059448
YIR021W,YOL021C,0,1.5713643,0.1269732266664505,0.8980582356452942,0.6379137635231018
YOL119C,YAR066W,0,1.5713512,0.1269558072090149,0.8980582356452942,0.638014018535614
YDL020C,YGR261C,0,1.570618,0.12693838775157928,0.8980582356452942,0.638114333152771
YDR162C,YLR081W,0,1.5701829,0.12692096829414368,0.8980582356452942,0.638214647769928
YDL226C,YER016W,0,1.5701393,0.12690354883670807,0.8980582356452942,0.638314962387085
YDR162C,YML026C,0,1.5698283,0.12688614428043365,0.8980582356452942,0.6384152173995972
YLR298C,YDL122W,0,1.5697794,0.12686873972415924,0.8980582356452942,0.6385155320167542
YHL001W,YDR488C,0,1.569671,0.12685135006904602,0.8980582356452942,0.6386158466339111
YMR106C,YBR135W,0,1.569627,0.1268339455127716,0.8980582356452942,0.6387161612510681
YLR298C,YGL179C,0,1.569123,0.1268165558576584,0.8980582356452942,0.6388164758682251
YDR294C,YGR041W,0,1.5689646,0.12679918110370636,0.8980582356452942,0.6389167308807373
YMR260C,YBR288C,0,1.568915,0.12678179144859314,0.8980582356452942,0.6390170454978943
YBR019C,YKR024C,0,1.5688576,0.1267644166946411,0.8980582356452942,0.6391173601150513
YDR171W,YGR163W,0,1.5687202,0.12674705684185028,0.8980582356452942,0.6392176747322083
YJL116C,YIR035C,0,1.5686007,0.12672968208789825,0.8980582356452942,0.6393179297447205
YJL207C,YHR128W,0,1.5682873,0.12671232223510742,0.8980582356452942,0.6394182443618774
YGL153W,YNL270C,0,1.5680836,0.12669497728347778,0.8980582356452942,0.6395185589790344
YGR257C,YKL025C,0,1.5674967,0.12667761743068695,0.8980582356452942,0.6396188735961914
YDR147W,YOR367W,0,1.5674871,0.1266602724790573,0.8980582356452942,0.6397191286087036
YIL131C,YBR106W,0,1.5664226,0.12664294242858887,0.8980582356452942,0.6398194432258606
YBR103W,YLR320W,0,1.5664178,0.12662559747695923,0.8980582356452942,0.6399197578430176
YKL160W,YGL047W,0,1.5664064,0.12660826742649078,0.8980582356452942,0.6400200724601746
YDR186C,YNR039C,0,1.5659629,0.12659093737602234,0.8980582356452942,0.6401203870773315
YDR141C,YIR008C,0,1.5659567,0.1265736222267151,0.8980582356452942,0.6402206420898438
YBR127C,YNR061C,1,1.5658988,0.12669311463832855,0.8990291357040405,0.6402206420898438
YML064C,YDR519W,0,1.5657779,0.1266757845878601,0.8990291357040405,0.6403209567070007
YPR158W-A,YPR065W,0,1.5657468,0.12665845453739166,0.8990291357040405,0.6404212713241577
YKL137W,YGR098C,0,1.5656568,0.1266411393880844,0.8990291357040405,0.6405215859413147
YML093W,YJL014W,0,1.5650762,0.12662382423877716,0.8990291357040405,0.6406218409538269
YHR072W-A,YHR026W,0,1.5647631,0.1266065090894699,0.8990291357040405,0.6407221555709839
YKL146W,YNL054W,1,1.564597,0.1267259120941162,0.8999999761581421,0.6407221555709839
YDL079C,YKL216W,0,1.5638801,0.12670858204364777,0.8999999761581421,0.6408224701881409
YDL020C,YER166W,0,1.5636653,0.12669126689434052,0.8999999761581421,0.6409227848052979
YCR102C,YAL061W,0,1.5634004,0.12667395174503326,0.8999999761581421,0.6410230398178101
YMR283C,YKR087C,0,1.5631479,0.1266566514968872,0.8999999761581421,0.641123354434967
YOL034W,YPR124W,0,1.5630143,0.12663935124874115,0.8999999761581421,0.641223669052124
YGL145W,YBL009W,0,1.5626432,0.1266220510005951,0.8999999761581421,0.641323983669281
YDR506C,YMR044W,0,1.5622224,0.12660475075244904,0.8999999761581421,0.641424298286438
YGR132C,YPL057C,0,1.5619644,0.12658746540546417,0.8999999761581421,0.6415245532989502
YDR099W,YDR409W,0,1.5615689,0.1265701800584793,0.8999999761581421,0.6416248679161072
YBR253W,YPL079W,0,1.5615643,0.12655289471149445,0.8999999761581421,0.6417251825332642
YJR007W,YKL018W,0,1.5615505,0.12653562426567078,0.8999999761581421,0.6418254971504211
YGL125W,YLR210W,0,1.5613093,0.1265183538198471,0.8999999761581421,0.6419257521629333
YMR079W,YPL275W,0,1.5612293,0.12650109827518463,0.8999999761581421,0.6420260667800903
YNL252C,YHL009W-A,0,1.561182,0.12648382782936096,0.8999999761581421,0.6421263813972473
YGR109C,YDR255C,0,1.5611342,0.1264665722846985,0.8999999761581421,0.6422266960144043
YLR297W,YLR178C,1,1.5610482,0.12658573687076569,0.9009708762168884,0.6422266960144043
YHR187W,YNL088W,0,1.560933,0.12656846642494202,0.9009708762168884,0.6423270106315613
YNL209W,YLR424W,0,1.5607849,0.12655121088027954,0.9009708762168884,0.6424272656440735
YER118C,YML062C,0,1.5605901,0.12653395533561707,0.9009708762168884,0.6425275802612305
YLR410W,YIL110W,0,1.5605031,0.1265166997909546,0.9009708762168884,0.6426278948783875
YCR067C,YLR233C,0,1.5603582,0.1264994591474533,0.9009708762168884,0.6427282094955444
YKL152C,YPL212C,0,1.5602703,0.12648221850395203,0.9009708762168884,0.6428284645080566
YJL111W,YHR072W-A,0,1.5601002,0.12646497786045074,0.9009708762168884,0.6429287791252136
YML110C,YDR349C,0,1.5600296,0.12644775211811066,0.9009708762168884,0.6430290937423706
YBR298C,YOR035C,0,1.5599457,0.12643051147460938,0.9009708762168884,0.6431294083595276
YBR084C-A,YIR003W,0,1.5599362,0.12641330063343048,0.9009708762168884,0.6432296633720398
YCR048W,YOR295W,0,1.5598059,0.1263960748910904,0.9009708762168884,0.6433299779891968
YLR226W,YOR083W,0,1.5586679,0.1263788640499115,0.9009708762168884,0.6434302926063538
YMR323W,YBR229C,0,1.5586482,0.1263616532087326,0.9009708762168884,0.6435306072235107
YDR237W,YDR484W,0,1.5585617,0.1263444572687149,0.9009708762168884,0.6436309218406677
YIR033W,YDL165W,0,1.5585549,0.126327246427536,0.9009708762168884,0.6437311768531799
YPR151C,YHL013C,0,1.5579417,0.1263100653886795,0.9009708762168884,0.6438314914703369
YPR201W,YNL225C,0,1.5576023,0.1262928694486618,0.9009708762168884,0.6439318060874939
YGL002W,YDR079C-A,0,1.557588,0.1262756884098053,0.9009708762168884,0.6440321207046509
YFL050C,YJL154C,0,1.5568233,0.1262585073709488,0.9009708762168884,0.6441323757171631
YDR180W,YNL014W,0,1.5567311,0.12624132633209229,0.9009708762168884,0.6442326903343201
YBL016W,YOL027C,0,1.5565253,0.12622416019439697,0.9009708762168884,0.644333004951477
YCR034W,YOL077W-A,0,1.5563506,0.12620699405670166,0.9009708762168884,0.644433319568634
YKR098C,YJL118W,0,1.5561517,0.12618982791900635,0.9009708762168884,0.6445335745811462
YGL023C,YMR106C,0,1.5560011,0.12617267668247223,0.9009708762168884,0.6446338891983032
YDL212W,YDL049C,0,1.5553733,0.1261555254459381,0.9009708762168884,0.6447342038154602
YMR260C,YDR186C,0,1.5552412,0.126138374209404,0.9009708762168884,0.6448345184326172
YLR388W,YLR133W,0,1.5551004,0.12612122297286987,0.9009708762168884,0.6449348330497742
YDR541C,YCL026C-A,0,1.5550188,0.12610408663749695,0.9009708762168884,0.6450350880622864
YDL232W,YHL018W,0,1.5549214,0.12608695030212402,0.9009708762168884,0.6451354026794434
YKL220C,YLR222C,0,1.55424,0.1260698288679123,0.9009708762168884,0.6452357172966003
YBR286W,YPL006W,1,1.5536363,0.12618853151798248,0.9019417762756348,0.6452357172966003
YDR058C,YHR152W,0,1.553139,0.12617139518260956,0.9019417762756348,0.6453360319137573
YMR214W,YOL021C,0,1.5530998,0.12615425884723663,0.9019417762756348,0.6454362869262695
YLR262C,YMR190C,0,1.5515852,0.1261371374130249,0.9019417762756348,0.6455366015434265
YPR151C,YHR072W-A,0,1.5513197,0.12612001597881317,0.9019417762756348,0.6456369161605835
YBL006C,YGR203W,0,1.5511458,0.12610289454460144,0.9019417762756348,0.6457372307777405
YCR073C,YOR130C,0,1.5506123,0.1260857731103897,0.9019417762756348,0.6458374857902527
YDR506C,YER141W,0,1.5506113,0.12606866657733917,0.9019417762756348,0.6459378004074097
YGR098C,YLL010C,0,1.5505943,0.12605156004428864,0.9019417762756348,0.6460381150245667
YOL039W,YBL105C,0,1.5501753,0.1260344535112381,0.9019417762756348,0.6461384296417236
YCL033C,YJL093C,0,1.5497247,0.12601736187934875,0.9019417762756348,0.6462387442588806
YJL118W,YBR014C,0,1.5496987,0.1260002702474594,0.9019417762756348,0.6463389992713928
YML038C,YML111W,0,1.5496498,0.12598317861557007,0.9019417762756348,0.6464393138885498
YHR188C,YOL049W,0,1.5491363,0.12596610188484192,0.9019417762756348,0.6465396285057068
YGR203W,YJL210W,0,1.5490834,0.12594902515411377,0.9019417762756348,0.6466399431228638
YKL211C,YBL101C,0,1.5489776,0.12593194842338562,0.9019417762756348,0.646740198135376
YFL055W,YLR393W,0,1.5487839,0.12591488659381866,0.9019417762756348,0.646840512752533
YCL010C,YIL097W,0,1.5477644,0.1258978247642517,0.9019417762756348,0.6469408273696899
YFL062W,YLR336C,0,1.5477123,0.12588076293468475,0.9019417762756348,0.6470411419868469
YJR064W,YDR450W,0,1.5458006,0.1258637011051178,0.9019417762756348,0.6471413969993591
YAL032C,YBR083W,0,1.5447711,0.12584665417671204,0.9019417762756348,0.6472417116165161
YDR294C,YML072C,0,1.544686,0.12582960724830627,0.9019417762756348,0.6473420262336731
YBR039W,YCR097W,0,1.5446777,0.1258125603199005,0.9019417762756348,0.6474423408508301
YJL116C,YHR018C,0,1.544381,0.12579552829265594,0.9019417762756348,0.6475426554679871
YPL227C,YPR101W,0,1.5442269,0.12577849626541138,0.9019417762756348,0.6476429104804993
YHR063C,YBR079C,0,1.5440236,0.125761479139328,0.9019417762756348,0.6477432250976562
YLR369W,YJL076W,0,1.5436506,0.12574444711208344,0.9019417762756348,0.6478435397148132
YHR007C,YER144C,0,1.5433954,0.12572742998600006,0.9019417762756348,0.6479438543319702
YLR272C,YLR275W,0,1.5433786,0.1257104128599167,0.9019417762756348,0.6480441093444824
YMR113W,YFR004W,0,1.5430769,0.1256934106349945,0.9019417762756348,0.6481444239616394
YDR214W,YCR073C,0,1.5428449,0.12567640841007233,0.9019417762756348,0.6482447385787964
YMR030W,YOR141C,0,1.542771,0.12565940618515015,0.9019417762756348,0.6483450531959534
YIL091C,YKL220C,0,1.5422648,0.12564241886138916,0.9019417762756348,0.6484453082084656
YGL131C,YEL004W,0,1.5416871,0.12562541663646698,0.9019417762756348,0.6485456228256226
YBR200W,YDR365W-B,0,1.5409244,0.1256084442138672,0.9019417762756348,0.6486459374427795
YHR079C-A,YOL089C,0,1.5406945,0.1255914568901062,0.9019417762756348,0.6487462520599365
YGL011C,YHL009W-A,0,1.5403472,0.1255744844675064,0.9019417762756348,0.6488465666770935
YOR130C,YGR027W-A,0,1.5403074,0.12555751204490662,0.9019417762756348,0.6489468216896057
YKL101W,YMR323W,0,1.539531,0.12554053962230682,0.9019417762756348,0.6490471363067627
YOR115C,YPL066W,0,1.53928,0.12552358210086823,0.9019417762756348,0.6491474509239197
YFL053W,YPR022C,0,1.5390326,0.12550662457942963,0.9019417762756348,0.6492477655410767
YGL201C,YOR198C,0,1.5389005,0.12548966705799103,0.9019417762756348,0.6493480205535889
YCR027C,YGR092W,0,1.5387591,0.12547272443771362,0.9019417762756348,0.6494483351707458
YBR290W,YLR081W,0,1.5380214,0.12545576691627502,0.9019417762756348,0.6495486497879028
YNR051C,YDR037W,0,1.5379726,0.1254388391971588,0.9019417762756348,0.6496489644050598
YOR214C,YHL020C,0,1.5376717,0.1254218965768814,0.9019417762756348,0.649749219417572
YJR014W,YHR102W,0,1.5375537,0.1254049688577652,0.9019417762756348,0.649849534034729
YGR209C,YIL103W,0,1.5375051,0.125388041138649,0.9019417762756348,0.649949848651886
YDL207W,YDR540C,0,1.5366803,0.12537111341953278,0.9019417762756348,0.650050163269043
YDL132W,YOL148C,0,1.5364338,0.12535420060157776,0.9019417762756348,0.6501504778862
YGL020C,YJL104W,0,1.5360645,0.12533728778362274,0.9019417762756348,0.6502507328987122
YKL163W,YER094C,0,1.5359261,0.12532038986682892,0.9019417762756348,0.6503510475158691
YOR005C,YKR024C,0,1.5351726,0.1253034770488739,0.9019417762756348,0.6504513621330261
YMR077C,YKL146W,1,1.5345577,0.1254214495420456,0.9029126167297363,0.6504513621330261
YCL033C,YDR331W,0,1.5345572,0.12540453672409058,0.9029126167297363,0.6505516767501831
YPL060C-A,YGR256W,0,1.5340875,0.12538762390613556,0.9029126167297363,0.6506519317626953
YPL236C,YNL005C,0,1.5334991,0.12537072598934174,0.9029126167297363,0.6507522463798523
YBL066C,YPL187W,0,1.5327574,0.1253538280725479,0.9029126167297363,0.6508525609970093
YEL011W,YOR064C,0,1.5326813,0.1253369301557541,0.9029126167297363,0.6509528756141663
YER054C,YGL055W,0,1.5324411,0.12532003223896027,0.9029126167297363,0.6510531306266785
YGL043W,YHL020C,0,1.5322558,0.12530314922332764,0.9029126167297363,0.6511534452438354
YMR119W,YAL047C,0,1.531144,0.125286266207695,0.9029126167297363,0.6512537598609924
YPR183W,YFR055W,0,1.52926,0.12526939809322357,0.9029126167297363,0.6513540744781494
YDL020C,YOL077W-A,0,1.5292201,0.12525252997875214,0.9029126167297363,0.6514543890953064
YBR126C,YDL178W,0,1.5291142,0.1252356618642807,0.9029126167297363,0.6515546441078186
YDR349C,YKL027W,0,1.5289878,0.12521879374980927,0.9029126167297363,0.6516549587249756
YML066C,YGL153W,0,1.528946,0.12520194053649902,0.9029126167297363,0.6517552733421326
YBR203W,YKR086W,0,1.5289001,0.12518508732318878,0.9029126167297363,0.6518555879592896
YGL054C,YMR083W,0,1.528782,0.12516823410987854,0.9029126167297363,0.6519558429718018
YBR103W,YNL154C,0,1.5284005,0.1251513957977295,0.9029126167297363,0.6520561575889587
YDL201W,YDL236W,0,1.5281197,0.12513455748558044,0.9029126167297363,0.6521564722061157
YMR243C,YML018C,1,1.5279042,0.12525224685668945,0.9038835167884827,0.6521564722061157
YCL033C,YBL018C,0,1.5276922,0.1252354085445404,0.9038835167884827,0.6522567868232727
YOL077W-A,YOR375C,0,1.5272117,0.12521855533123016,0.9038835167884827,0.6523570418357849
YBL099W,YJL115W,0,1.5268247,0.12520171701908112,0.9038835167884827,0.6524573564529419
YCR027C,YJL014W,0,1.5267799,0.12518489360809326,0.9038835167884827,0.6525576710700989
YDR294C,YPL212C,0,1.5265186,0.1251680552959442,0.9038835167884827,0.6526579856872559
YDR016C,YBR083W,0,1.5263077,0.12515123188495636,0.9038835167884827,0.6527583003044128
YPR121W,YMR134W,0,1.5259293,0.1251344084739685,0.9038835167884827,0.652858555316925
YKL208W,YDR331W,0,1.5255097,0.12511758506298065,0.9038835167884827,0.652958869934082
YKL027W,YNL099C,0,1.5252255,0.125100776553154,0.9038835167884827,0.653059184551239
YLL024C,YNL275W,1,1.5247358,0.12521833181381226,0.9048543572425842,0.653059184551239
YLR406C,YMR251W-A,0,1.5247067,0.1252015084028244,0.9048543572425842,0.653159499168396
YGL048C,YPL255W,0,1.5242087,0.12518468499183655,0.9048543572425842,0.6532597541809082
YCR071C,YLR398C,0,1.5240971,0.1251678764820099,0.9048543572425842,0.6533600687980652
YGR133W,YDL213C,0,1.5240728,0.12515106797218323,0.9048543572425842,0.6534603834152222
YDR541C,YJL100W,0,1.5240624,0.12513425946235657,0.9048543572425842,0.6535606980323792
YOR284W,YIL017C,0,1.5237595,0.1251174658536911,0.9048543572425842,0.6536610126495361
YLR376C,YHL013C,0,1.523585,0.12510067224502563,0.9048543572425842,0.6537612676620483
YAR008W,YER157W,0,1.5235835,0.12508387863636017,0.9048543572425842,0.6538615822792053
YNL003C,YFL034C-A,0,1.5231583,0.1250670999288559,0.9048543572425842,0.6539618968963623
YIL082W-A,YER170W,0,1.5225965,0.12505032122135162,0.9048543572425842,0.6540622115135193
YJR099W,YPL024W,0,1.5219156,0.12503354251384735,0.9048543572425842,0.6541624665260315
YLR157C-B,YDR480W,0,1.5216774,0.12501676380634308,0.9048543572425842,0.6542627811431885
YML072C,YDL222C,0,1.5215065,0.125,0.9048543572425842,0.6543630957603455
YGR140W,YCR043C,0,1.5214119,0.12498323619365692,0.9048543572425842,0.6544634103775024
YGR028W,YMR197C,0,1.5213305,0.12496647983789444,0.9048543572425842,0.6545636653900146
YOR328W,YML121W,0,1.5211824,0.12494972348213196,0.9048543572425842,0.6546639800071716
YIR021W,YGR074W,0,1.5207314,0.12493297457695007,0.9048543572425842,0.6547642946243286
YGL033W,YKL163W,0,1.5205382,0.12491623312234879,0.9048543572425842,0.6548646092414856
YGR038C-A,YMR271C,0,1.5204602,0.1248994916677475,0.9048543572425842,0.6549649238586426
YCL040W,YML014W,0,1.5203861,0.1248827576637268,0.9048543572425842,0.6550651788711548
YLR148W,YMR029C,0,1.5201776,0.12486602365970612,0.9048543572425842,0.6551654934883118
YJL099W,YOR064C,0,1.5201043,0.12484929710626602,0.9048543572425842,0.6552658081054688
YOR141C,YOL137W,0,1.5199374,0.12483257800340652,0.9048543572425842,0.6553661227226257
YOR140W,YJR144W,0,1.5194459,0.12481585890054703,0.9048543572425842,0.6554663777351379
YBR298C,YFL050C,0,1.519184,0.12479913979768753,0.9048543572425842,0.6555666923522949
YMR058W,YPL069C,0,1.5184894,0.12478243559598923,0.9048543572425842,0.6556670069694519
YPR158W-A,YNL265C,0,1.5181481,0.12476573139429092,0.9048543572425842,0.6557673215866089
YMR011W,YLL010C,0,1.5180078,0.12474902719259262,0.9048543572425842,0.6558675765991211
YLR144C,YIL121W,0,1.5177007,0.12473233044147491,0.9048543572425842,0.6559678912162781
YBR217W,YDR255C,0,1.5176224,0.1247156411409378,0.9048543572425842,0.6560682058334351
YDR141C,YOR367W,0,1.5168307,0.12469895929098129,0.9048543572425842,0.656168520450592
YDL159W,YIL067C,0,1.5164636,0.12468227744102478,0.9048543572425842,0.656268835067749
YHR001W,YJR017C,0,1.5160261,0.12466559559106827,0.9048543572425842,0.6563690900802612
YMR323W,YPL275W,0,1.5153464,0.12464892119169235,0.9048543572425842,0.6564694046974182
YOR064C,YER166W,0,1.5152435,0.12463225424289703,0.9048543572425842,0.6565697193145752
YOR202W,YNL035C,0,1.5149049,0.12461558729410172,0.9048543572425842,0.6566700339317322
YJL014W,YKL157W,0,1.5147791,0.124598927795887,0.9048543572425842,0.6567702889442444
YOL027C,YKR029C,0,1.5144025,0.12458227574825287,0.9048543572425842,0.6568706035614014
YAL055W,YHR176W,0,1.5141364,0.12456562370061874,0.9048543572425842,0.6569709181785583
YGL133W,YOR205C,0,1.514122,0.12454897910356522,0.9048543572425842,0.6570712327957153
YOR033C,YKL127W,0,1.5139449,0.12453233450651169,0.9048543572425842,0.6571714878082275
YPL012W,YBL071W-A,0,1.5138623,0.12451569736003876,0.9048543572425842,0.6572718024253845
YLR084C,YEL055C,0,1.5133358,0.12449906766414642,0.9048543572425842,0.6573721170425415
YGL013C,YER004W,0,1.5133164,0.12448243796825409,0.9048543572425842,0.6574724316596985
YDL005C,YOL091W,0,1.5132607,0.12446580827236176,0.9048543572425842,0.6575727462768555
YPL086C,YJL115W,0,1.5131733,0.12444919347763062,0.9048543572425842,0.6576730012893677
YOL077W-A,YNL099C,0,1.512625,0.12443257868289948,0.9048543572425842,0.6577733159065247
YGL254W,YPL228W,0,1.5126084,0.12441596388816833,0.9048543572425842,0.6578736305236816
YKL027W,YGL038C,0,1.5124675,0.12439935654401779,0.9048543572425842,0.6579739451408386
YNL186W,YNL336W,0,1.5119997,0.12438275665044785,0.9048543572425842,0.6580742001533508
YDR311W,YML065W,0,1.5119203,0.1243661567568779,0.9048543572425842,0.6581745147705078
YPL227C,YOR368W,0,1.5115296,0.12434956431388855,0.9048543572425842,0.6582748293876648
YPL124W,YNL265C,0,1.5104111,0.1243329793214798,0.9048543572425842,0.6583751440048218
YNL053W,YBR070C,0,1.5099617,0.12431639432907104,0.9048543572425842,0.658475399017334
YPR165W,YGR280C,0,1.5096482,0.12429981678724289,0.9048543572425842,0.658575713634491
YDR485C,YMR231W,0,1.5092775,0.12428323924541473,0.9048543572425842,0.658676028251648
YBR136W,YPL190C,0,1.5090108,0.12426666915416718,0.9048543572425842,0.6587763428688049
YPL086C,YPL158C,0,1.5087751,0.12425009906291962,0.9048543572425842,0.6588766574859619
YMR293C,YNL009W,0,1.5083843,0.12423353642225266,0.9048543572425842,0.6589769124984741
YLR431C,YER157W,0,1.5076039,0.12421698123216629,0.9048543572425842,0.6590772271156311
YDL159W,YBR021W,0,1.5072525,0.12420042604207993,0.9048543572425842,0.6591775417327881
YGR209C,YBL066C,0,1.5069232,0.12418387830257416,0.9048543572425842,0.6592778563499451
YGL011C,YPL232W,0,1.5065457,0.12416733056306839,0.9048543572425842,0.6593781113624573
YJL207C,YEL060C,0,1.5057356,0.12415079027414322,0.9048543572425842,0.6594784259796143
YDR221W,YNL083W,0,1.5055057,0.12413425743579865,0.9048543572425842,0.6595787405967712
YJR099W,YDL064W,0,1.5053717,0.12411772459745407,0.9048543572425842,0.6596790552139282
YGL043W,YOR205C,0,1.5041656,0.1241011992096901,0.9048543572425842,0.6597793102264404
YLR013W,YMR268C,0,1.5028609,0.12408467382192612,0.9048543572425842,0.6598796248435974
YBL006C,YOR083W,0,1.5026892,0.12406815588474274,0.9048543572425842,0.6599799394607544
YML029W,YNL058C,0,1.502669,0.12405164539813995,0.9048543572425842,0.6600802540779114
YCL045C,YPL079W,0,1.502566,0.12403513491153717,0.9048543572425842,0.6601805686950684
YGL022W,YPL072W,0,1.5025455,0.12401863187551498,0.9048543572425842,0.6602808237075806
YNL275W,YPR022C,0,1.5018563,0.1240021288394928,0.9048543572425842,0.6603811383247375
YIL073C,YOR188W,0,1.5018517,0.12398563325405121,0.9048543572425842,0.6604814529418945
YNL264C,YER018C,0,1.501703,0.12396913766860962,0.9048543572425842,0.6605817675590515
YLR297W,YPL060C-A,0,1.5015131,0.12395265698432922,0.9048543572425842,0.6606820225715637
YKR081C,YPL228W,0,1.5011057,0.12393616884946823,0.9048543572425842,0.6607823371887207
YBR203W,YBR014C,0,1.5006958,0.12391968816518784,0.9048543572425842,0.6608826518058777
YHR003C,YBL019W,0,1.5005063,0.12390321493148804,0.9048543572425842,0.6609829664230347
YHR003C,YMR170C,0,1.5003363,0.12388674914836884,0.9048543572425842,0.6610832214355469
YCR020W-B,YJL036W,0,1.4994506,0.12387028336524963,0.9048543572425842,0.6611835360527039
YBR139W,YCR048W,0,1.4993159,0.12385381758213043,0.9048543572425842,0.6612838506698608
YLR157C-A,YPL108W,0,1.4987743,0.12383736670017242,0.9048543572425842,0.6613841652870178
YPL227C,YCR034W,0,1.4984432,0.12382090836763382,0.9048543572425842,0.6614844799041748
YNL264C,YJR152W,0,1.4981849,0.12380446493625641,0.9048543572425842,0.661584734916687
YDR294C,YGL130W,0,1.497999,0.123788021504879,0.9048543572425842,0.661685049533844
YLR423C,YGR109C,0,1.4974489,0.12377157807350159,0.9048543572425842,0.661785364151001
YGL134W,YMR271C,0,1.4973329,0.12375514209270477,0.9048543572425842,0.661885678768158
YPL246C,YGL043W,0,1.4970542,0.12373871356248856,0.9048543572425842,0.6619859337806702
YIL049W,YHR062C,0,1.4966341,0.12372228503227234,0.9048543572425842,0.6620862483978271
YJL113W,YHR178W,0,1.4962646,0.12370586395263672,0.9048543572425842,0.6621865630149841
YGL181W,YAL061W,0,1.4959668,0.1236894503235817,0.9048543572425842,0.6622868776321411
YKL101W,YOR178C,0,1.4952998,0.12367303669452667,0.9048543572425842,0.6623871326446533
YHL013C,YNL312W,0,1.4948673,0.12365663051605225,0.9048543572425842,0.6624874472618103
YKL139W,YBR110W,0,1.4945532,0.12364022433757782,0.9048543572425842,0.6625877618789673
YLR144C,YJL050W,0,1.494092,0.12362382560968399,0.9048543572425842,0.6626880764961243
YBL084C,YBR014C,0,1.4938852,0.12360742688179016,0.9048543572425842,0.6627883911132812
YKR045C,YDR484W,0,1.4937996,0.12359103560447693,0.9048543572425842,0.6628886461257935
YBR088C,YML058W,0,1.4936944,0.1235746517777443,0.9048543572425842,0.6629889607429504
YKL124W,YPL236C,1,1.4936097,0.12369083613157272,0.9058252573013306,0.6629889607429504
YML038C,YJL014W,0,1.4931567,0.12367444485425949,0.9058252573013306,0.6630892753601074
YNL082W,YJL047C,0,1.4923004,0.12365805357694626,0.9058252573013306,0.6631895899772644
YGL023C,YHR202W,1,1.4920989,0.12377418577671051,0.9067960977554321,0.6631895899772644
YBR216C,YJR152W,0,1.4918586,0.12375778704881668,0.9067960977554321,0.6632898449897766
YPL128C,YLR155C,0,1.4913036,0.12374138832092285,0.9067960977554321,0.6633901596069336
YJR091C,YDR171W,0,1.4908326,0.12372499704360962,0.9067960977554321,0.6634904742240906
YOL077W-A,YPL265W,0,1.4907368,0.12370860576629639,0.9067960977554321,0.6635907888412476
YMR266W,YJL115W,0,1.4902476,0.12369222939014435,0.9067960977554321,0.6636910438537598
YKL124W,YBR302C,1,1.4898177,0.12380826473236084,0.9077669978141785,0.6636910438537598
YNR012W,YBL101C,0,1.4894114,0.12379187345504761,0.9077669978141785,0.6637913584709167
YIL023C,YOR245C,0,1.4893924,0.12377548217773438,0.9077669978141785,0.6638916730880737
YLR077W,YCR071C,0,1.4892263,0.12375909835100174,0.9077669978141785,0.6639919877052307
YGR033C,YGR172C,0,1.4888014,0.1237427219748497,0.9077669978141785,0.6640923023223877
YKR086W,YER124C,0,1.488696,0.12372634559869766,0.9077669978141785,0.6641925573348999
YPL164C,YPR107C,0,1.4886407,0.12370997667312622,0.9077669978141785,0.6642928719520569
YKR060W,YOR198C,0,1.4884979,0.12369360774755478,0.9077669978141785,0.6643931865692139
YBR290W,YHR072W-A,0,1.4884355,0.12367724627256393,0.9077669978141785,0.6644935011863708
YMR052W,YOR171C,0,1.4881881,0.12366089224815369,0.9077669978141785,0.6645937561988831
YOR115C,YDL025C,0,1.4880987,0.12364453822374344,0.9077669978141785,0.66469407081604
YBL084C,YBR239C,0,1.4880028,0.12362819164991379,0.9077669978141785,0.664794385433197
YIR007W,YHR141C,0,1.4877174,0.12361184507608414,0.9077669978141785,0.664894700050354
YIR013C,YDL222C,0,1.4874433,0.12359550595283508,0.9077669978141785,0.664995014667511
YLR423C,YMR044W,0,1.4865004,0.12357916682958603,0.9077669978141785,0.6650952696800232
YMR079W,YMR268C,0,1.4859189,0.12356283515691757,0.9077669978141785,0.6651955842971802
YDL193W,YPL190C,0,1.4856954,0.12354651093482971,0.9077669978141785,0.6652958989143372
YDR385W,YOL077W-A,0,1.4850787,0.12353018671274185,0.9077669978141785,0.6653962135314941
YHR191C,YMR161W,0,1.4849447,0.12351386994123459,0.9077669978141785,0.6654964685440063
YGR148C,YJL209W,0,1.4848405,0.12349755316972733,0.9077669978141785,0.6655967831611633
YFL034C-A,YLL015W,0,1.4846398,0.12348124384880066,0.9077669978141785,0.6656970977783203
YPR018W,YNL209W,0,1.484578,0.12346494197845459,0.9077669978141785,0.6657974123954773
YML019W,YGL156W,0,1.4843755,0.12344864010810852,0.9077669978141785,0.6658976674079895
YPL211W,YHR045W,0,1.483687,0.12343234568834305,0.9077669978141785,0.6659979820251465
YDR480W,YMR083W,0,1.483628,0.12341605126857758,0.9077669978141785,0.6660982966423035
YDL165W,YDR001C,0,1.4834136,0.1233997642993927,0.9077669978141785,0.6661986112594604
YML038C,YNL021W,0,1.4826332,0.12338347733020782,0.9077669978141785,0.6662989258766174
YLR128W,YDL005C,0,1.4819636,0.12336719781160355,0.9077669978141785,0.6663991808891296
YDL226C,YML025C,0,1.4816738,0.12335092574357986,0.9077669978141785,0.6664994955062866
YML064C,YNL197C,0,1.480039,0.12333465367555618,0.9077669978141785,0.6665998101234436
YPL162C,YLR119W,0,1.4795705,0.1233183890581131,0.9077669978141785,0.6667001247406006
YGL086W,YNL256W,0,1.4795152,0.12330212444067001,0.9077669978141785,0.6668003797531128
YDR073W,YDR147W,0,1.4793338,0.12328586727380753,0.9077669978141785,0.6669006943702698
YDR186C,YDL104C,0,1.4793266,0.12326961010694504,0.9077669978141785,0.6670010089874268
YPL255W,YEL042W,0,1.4790406,0.12325336039066315,0.9077669978141785,0.6671013236045837
YGL020C,YPL037C,0,1.478763,0.12323711812496185,0.9077669978141785,0.667201578617096
YCL020W,YJL118W,0,1.4786485,0.12322087585926056,0.9077669978141785,0.6673018932342529
YHL033C,YHR188C,0,1.47863,0.12320464104413986,0.9077669978141785,0.6674022078514099
YPL037C,YLR378C,0,1.4783709,0.12318840622901917,0.9077669978141785,0.6675025224685669
YKL163W,YHR032W,0,1.4775949,0.12317217886447906,0.9077669978141785,0.6676028370857239
YPL164C,YNL197C,0,1.4774278,0.12315595149993896,0.9077669978141785,0.6677030920982361
YBR199W,YLR341W,0,1.4772183,0.12313973158597946,0.9077669978141785,0.6678034067153931
YPL016W,YER069W,0,1.476847,0.12312351912260056,0.9077669978141785,0.66790372133255
YJR067C,YPL162C,0,1.4768265,0.12310730665922165,0.9077669978141785,0.668004035949707
YMR135C,YLL028W,0,1.476752,0.12309110164642334,0.9077669978141785,0.6681042909622192
YNL071W,YBR021W,0,1.4761934,0.12307489663362503,0.9077669978141785,0.6682046055793762
YIL099W,YPL045W,1,1.4760708,0.12319031357765198,0.90873783826828,0.6682046055793762
YMR293C,YER054C,0,1.4759897,0.12317410111427307,0.90873783826828,0.6683049201965332
YKR092C,YPR065W,0,1.4759549,0.12315789610147476,0.90873783826828,0.6684052348136902
YPL236C,YOR375C,0,1.4744264,0.12314169108867645,0.90873783826828,0.6685054898262024
YMR268C,YOR073W,0,1.4738568,0.12312549352645874,0.90873783826828,0.6686058044433594
YGR271C-A,YOR307C,0,1.473447,0.12310929596424103,0.90873783826828,0.6687061190605164
YOR234C,YMR044W,0,1.4734337,0.12309310585260391,0.90873783826828,0.6688064336776733
YOR354C,YLR399C,0,1.4733607,0.1230769231915474,0.90873783826828,0.6689067482948303
YLR388W,YKR022C,0,1.4728371,0.12306074053049088,0.90873783826828,0.6690070033073425
YDR079C-A,YNL270C,0,1.4728082,0.12304456532001495,0.90873783826828,0.6691073179244995
YGR059W,YPR082C,0,1.4724257,0.12302839010953903,0.90873783826828,0.6692076325416565
YER039C,YDR153C,0,1.4723365,0.12301222234964371,0.90873783826828,0.6693079471588135
YJL209W,YOR284W,0,1.4723133,0.12299605458974838,0.90873783826828,0.6694082021713257
YEL060C,YER183C,0,1.472279,0.12297989428043365,0.90873783826828,0.6695085167884827
YPL023C,YLR449W,0,1.4716252,0.12296374142169952,0.90873783826828,0.6696088314056396
YOR321W,YOL077W-A,0,1.4715617,0.1229475885629654,0.90873783826828,0.6697091460227966
YDR506C,YML014W,0,1.4713745,0.12293144315481186,0.90873783826828,0.6698094010353088
YEL055C,YNL225C,0,1.4713577,0.12291529774665833,0.90873783826828,0.6699097156524658
YKL025C,YGL254W,0,1.4712677,0.12289915978908539,0.90873783826828,0.6700100302696228
YDR084C,YOL034W,0,1.4711133,0.12288302183151245,0.90873783826828,0.6701103448867798
YPL047W,YOR295W,0,1.4702853,0.12286689132452011,0.90873783826828,0.6702106595039368
YBR136W,YKL220C,0,1.469932,0.12285076826810837,0.90873783826828,0.670310914516449
YKL211C,YOR312C,0,1.4698199,0.12283464521169662,0.90873783826828,0.670411229133606
YOR125C,YPL057C,0,1.4697335,0.12281852960586548,0.90873783826828,0.6705115437507629
YFR019W,YML121W,1,1.4696879,0.12293361127376556,0.9097087383270264,0.6705115437507629
YBR207W,YCL069W,1,1.4694757,0.12304867058992386,0.9106796383857727,0.6705115437507629
YJL207C,YOR339C,0,1.4693795,0.12303252518177032,0.9106796383857727,0.6706118583679199
YKL113C,YLR307W,0,1.4693221,0.12301639467477798,0.9106796383857727,0.6707121133804321
YGL017W,YLR222C,0,1.4690553,0.12300026416778564,0.9106796383857727,0.6708124279975891
YLR069C,YNL116W,0,1.4689826,0.1229841336607933,0.9106796383857727,0.6709127426147461
YPR075C,YLR386W,1,1.4687532,0.12309911102056503,0.9116504788398743,0.6709127426147461
YPR104C,YJL099W,0,1.4686462,0.1230829730629921,0.9116504788398743,0.6710130572319031
YPR201W,YBL101C,0,1.4682177,0.12306684255599976,0.9116504788398743,0.6711133122444153
YGL022W,YMR167W,0,1.4680629,0.12305071204900742,0.9116504788398743,0.6712136268615723
YGR109C,YJL099W,0,1.4677048,0.12303458899259567,0.9116504788398743,0.6713139414787292
YBR217W,YGR186W,0,1.4672533,0.12301847338676453,0.9116504788398743,0.6714142560958862
YPL088W,YKL055C,0,1.4665531,0.12300235778093338,0.9116504788398743,0.6715145707130432
YDR339C,YHR050W,0,1.4664365,0.12298624962568283,0.9116504788398743,0.6716148257255554
YJL051W,YLR066W,0,1.4663972,0.12297014147043228,0.9116504788398743,0.6717151403427124
YIR028W,YGR065C,0,1.4662157,0.12295404076576233,0.9116504788398743,0.6718154549598694
YCR017C,YHR176W,0,1.4658403,0.12293794006109238,0.9116504788398743,0.6719157695770264
YPR181C,YML022W,0,1.4657816,0.12292184680700302,0.9116504788398743,0.6720160245895386
YFR028C,YOL058W,0,1.4657398,0.12290576100349426,0.9116504788398743,0.6721163392066956
YPL020C,YLR272C,0,1.4654609,0.1228896751999855,0.9116504788398743,0.6722166538238525
YAR066W,YNL106C,0,1.4653045,0.12287359684705734,0.9116504788398743,0.6723169684410095
YKL101W,YLR393W,0,1.4650968,0.12285751849412918,0.9116504788398743,0.6724172234535217
YPR058W,YKR042W,0,1.4649528,0.12284144759178162,0.9116504788398743,0.6725175380706787
YOL006C,YLR066W,0,1.4647771,0.12282537668943405,0.9116504788398743,0.6726178526878357
YKL221W,YMR024W,0,1.4647708,0.12280931323766708,0.9116504788398743,0.6727181673049927
YCL033C,YNL323W,0,1.4647645,0.12279324978590012,0.9116504788398743,0.6728184819221497
YGL022W,YJL122W,0,1.4645445,0.12277719378471375,0.9116504788398743,0.6729187369346619
YMR263W,YAR014C,0,1.4645091,0.12276114523410797,0.9116504788398743,0.6730190515518188
YKL188C,YDL150W,0,1.4641668,0.1227450966835022,0.9116504788398743,0.6731193661689758
YNL071W,YIL050W,0,1.4640666,0.12272905558347702,0.9116504788398743,0.6732196807861328
YML078W,YCR003W,0,1.4638542,0.12271301448345184,0.9116504788398743,0.673319935798645
YDR522C,YGR163W,0,1.4638125,0.12269698083400726,0.9116504788398743,0.673420250415802
YMR293C,YCR079W,0,1.4636471,0.12268095463514328,0.9116504788398743,0.673520565032959
YPL081W,YGR207C,0,1.4634473,0.1226649284362793,0.9116504788398743,0.673620879650116
YER039C,YJL010C,0,1.4632924,0.12264890223741531,0.9116504788398743,0.6737211346626282
YJR067C,YMR024W,0,1.4631346,0.12263288348913193,0.9116504788398743,0.6738214492797852
YBL004W,YOR005C,0,1.4623044,0.12261687219142914,0.9116504788398743,0.6739217638969421
YGL255W,YIL110W,0,1.4619708,0.12260086089372635,0.9116504788398743,0.6740220785140991
YOL094C,YBR229C,0,1.4619282,0.12258485704660416,0.9116504788398743,0.6741223931312561
YFR028C,YPR201W,0,1.4619128,0.12256885319948196,0.9116504788398743,0.6742226481437683
YGR023W,YGL145W,0,1.4616922,0.12255285680294037,0.9116504788398743,0.6743229627609253
YJL154C,YOR058C,0,1.4604722,0.12253686785697937,0.9116504788398743,0.6744232773780823
YGR125W,YOR196C,0,1.4601176,0.12252087891101837,0.9116504788398743,0.6745235919952393
YKL125W,YDL064W,0,1.4592849,0.12250488996505737,0.9116504788398743,0.6746238470077515
YCR068W,YHR205W,1,1.4590944,0.12261936068534851,0.9126213788986206,0.6746238470077515
YBL042C,YDL191W,0,1.4580121,0.12260336428880692,0.9126213788986206,0.6747241616249084
YKL125W,YJR086W,0,1.4578441,0.12258737534284592,0.9126213788986206,0.6748244762420654
YGR247W,YDL222C,0,1.4574823,0.12257139384746552,0.9126213788986206,0.6749247908592224
YDR202C,YPR033C,0,1.4571489,0.12255541235208511,0.9126213788986206,0.6750250458717346
YPL237W,YLR272C,0,1.4570203,0.12253943085670471,0.9126213788986206,0.6751253604888916
YPR164W,YDR540C,0,1.4569174,0.1225234642624855,0.9126213788986206,0.6752256751060486
YFR051C,YOR321W,0,1.4567298,0.1225074902176857,0.9126213788986206,0.6753259897232056
YKL018W,YER172C,0,1.4566685,0.12249153107404709,0.9126213788986206,0.6754263043403625
YJR113C,YOR255W,0,1.4559594,0.12247557193040848,0.9126213788986206,0.6755265593528748
YDR538W,YGR041W,0,1.4559239,0.12245961278676987,0.9126213788986206,0.6756268739700317
YMR190C,YOR171C,0,1.45567,0.12244366109371185,0.9126213788986206,0.6757271885871887
YPR022C,YBR167C,0,1.4551724,0.12242771685123444,0.9126213788986206,0.6758275032043457
YHR072W,YPR033C,0,1.4545499,0.12241177260875702,0.9126213788986206,0.6759277582168579
YPL227C,YPL053C,0,1.4541615,0.1223958358168602,0.9126213788986206,0.6760280728340149
YOL088C,YDR141C,0,1.4538456,0.12237989902496338,0.9126213788986206,0.6761283874511719
YIR033W,YBR127C,0,1.4534922,0.12236396968364716,0.9126213788986206,0.6762287020683289
YML025C,YGR231C,0,1.4525517,0.12234804034233093,0.9126213788986206,0.6763290166854858
YJL123C,YPR025C,0,1.4522756,0.1223321184515953,0.9126213788986206,0.676429271697998
YBR210W,YCR024C-A,0,1.4522341,0.12231620401144028,0.9126213788986206,0.676529586315155
YPL100W,YDR229W,1,1.4521244,0.12243039160966873,0.9135922193527222,0.676529586315155
YDL193W,YJR113C,0,1.450909,0.12241446226835251,0.9135922193527222,0.676629900932312
YOR028C,YER160C,0,1.4507142,0.12239854037761688,0.9135922193527222,0.676730215549469
YKL208W,YHR072W-A,0,1.450467,0.12238262593746185,0.9135922193527222,0.6768304705619812
YDR365W-B,YHR196W,0,1.4502283,0.12236671149730682,0.9135922193527222,0.6769307851791382
YCL045C,YOL034W,0,1.4500678,0.1223507970571518,0.9135922193527222,0.6770310997962952
YOR255W,YNL241C,0,1.4497393,0.12233489006757736,0.9135922193527222,0.6771314144134521
YPL255W,YMR309C,0,1.4492897,0.12231899052858353,0.9135922193527222,0.6772316694259644
YMR092C,YNL327W,0,1.4486538,0.12230309098958969,0.9135922193527222,0.6773319840431213
YDL232W,YNL316C,0,1.4483454,0.12228719890117645,0.9135922193527222,0.6774322986602783
YDL207W,YNL152W,0,1.4478358,0.12227130681276321,0.9135922193527222,0.6775326132774353
YER026C,YGL234W,0,1.4477297,0.12225542217493057,0.9135922193527222,0.6776329278945923
YLR272C,YDR119W,0,1.4472843,0.12223954498767853,0.9135922193527222,0.6777331829071045
YKL213C,YOL049W,0,1.4471136,0.12222366780042648,0.9135922193527222,0.6778334975242615
YDR408C,YBL099W,0,1.4470572,0.12220779061317444,0.9135922193527222,0.6779338121414185
YPR201W,YLR272C,0,1.4468416,0.12219192087650299,0.9135922193527222,0.6780341267585754
YBR088C,YPL003W,0,1.4467099,0.12217605859041214,0.9135922193527222,0.6781343817710876
YCL038C,YCL010C,0,1.4465642,0.12216019630432129,0.9135922193527222,0.6782346963882446
YPR009W,YNL336W,0,1.4465436,0.12214434146881104,0.9135922193527222,0.6783350110054016
YPL227C,YNL279W,0,1.4456478,0.12212848663330078,0.9135922193527222,0.6784353256225586
YNL323W,YNL152W,0,1.4455041,0.12211263924837112,0.9135922193527222,0.6785355806350708
YHR188C,YHR166C,0,1.4453182,0.12209679186344147,0.9135922193527222,0.6786358952522278
YBR171W,YML075C,0,1.4453017,0.12208095192909241,0.9135922193527222,0.6787362098693848
YKL209C,YMR309C,0,1.444885,0.12206511944532394,0.9135922193527222,0.6788365244865417
YNL225C,YML065W,0,1.4447066,0.12204928696155548,0.9135922193527222,0.6789368391036987
YMR021C,YHR084W,0,1.4446125,0.12203346192836761,0.9135922193527222,0.6790370941162109
YNL245C,YNR049C,0,1.4445398,0.12201763689517975,0.9135922193527222,0.6791374087333679
YGR157W,YGR195W,0,1.4443852,0.12200181186199188,0.9135922193527222,0.6792377233505249
YDL002C,YMR029C,0,1.4441499,0.12198600172996521,0.9135922193527222,0.6793380379676819
YDR016C,YBR239C,0,1.4433516,0.12197019159793854,0.9135922193527222,0.6794382929801941
YGR287C,YOR144C,0,1.4432895,0.12195438146591187,0.9135922193527222,0.6795386075973511
YGR068C,YLR070C,0,1.4428402,0.12193857878446579,0.9135922193527222,0.6796389222145081
YOR354C,YOR144C,0,1.4428227,0.12192277610301971,0.9135922193527222,0.679739236831665
YIL049W,YFR055W,0,1.4422396,0.12190698087215424,0.9135922193527222,0.6798394918441772
YMR243C,YML001W,1,1.4420978,0.12202072888612747,0.9145631194114685,0.6798394918441772
YKL073W,YLR256W,0,1.4420127,0.1220049187541008,0.9145631194114685,0.6799398064613342
YHR178W,YOL077W-A,0,1.4418133,0.12198912352323532,0.9145631194114685,0.6800401210784912
YOL021C,YDL122W,0,1.4416661,0.12197332829236984,0.9145631194114685,0.6801404356956482
YLR210W,YMR044W,0,1.4415678,0.12195753306150436,0.9145631194114685,0.6802407503128052
YBR203W,YFR042W,0,1.4415146,0.12194174528121948,0.9145631194114685,0.6803410053253174
YOR307C,YOL130W,0,1.441313,0.1219259649515152,0.9145631194114685,0.6804413199424744
YLR233C,YDL058W,0,1.4412702,0.12191018462181091,0.9145631194114685,0.6805416345596313
YDR365W-B,YGR121C,0,1.4408337,0.12189441174268723,0.9145631194114685,0.6806419491767883
YJR105W,YPR101W,0,1.440663,0.12187863886356354,0.9145631194114685,0.6807422041893005
YGL212W,YPR026W,1,1.4403362,0.12199223786592484,0.9155339598655701,0.6807422041893005
YLR155C,YPL190C,0,1.4395995,0.12197645753622055,0.9155339598655701,0.6808425188064575
YML072C,YLR453C,0,1.4395236,0.12196068465709686,0.9155339598655701,0.6809428334236145
YGL201C,YBR244W,0,1.4386297,0.12194491177797318,0.9155339598655701,0.6810431480407715
YMR161W,YML007W,0,1.4385563,0.12192914634943008,0.9155339598655701,0.6811434030532837
YGR068C,YER169W,0,1.438476,0.121913380920887,0.9155339598655701,0.6812437176704407
YNL064C,YGL023C,0,1.4382695,0.1218976229429245,0.9155339598655701,0.6813440322875977
YJR090C,YDR058C,0,1.4374217,0.121881864964962,0.9155339598655701,0.6814443469047546
YIL041W,YMR167W,0,1.4372007,0.12186611443758011,0.9155339598655701,0.6815446615219116
YPL212C,YBR088C,0,1.4369417,0.12185037136077881,0.9155339598655701,0.6816449165344238
YDR293C,YKL120W,0,1.4367913,0.12183462828397751,0.9155339598655701,0.6817452311515808
YOR188W,YLL010C,0,1.4353846,0.12181888520717621,0.9155339598655701,0.6818455457687378
YIL158W,YNR013C,1,1.4349955,0.12193232029676437,0.9165048599243164,0.6818455457687378
YJL042W,YHR166C,0,1.4346689,0.12191656976938248,0.9165048599243164,0.6819458603858948
YOL041C,YDR484W,0,1.433999,0.12190082669258118,0.9165048599243164,0.682046115398407
YHR039C,YBR288C,0,1.4339509,0.12188508361577988,0.9165048599243164,0.682146430015564
YBL100W-A,YHR026W,0,1.4334928,0.12186935544013977,0.9165048599243164,0.682246744632721
YKL046C,YPL128C,0,1.4329886,0.12185361981391907,0.9165048599243164,0.6823470592498779
YHL009C,YFL034C-B,0,1.4329132,0.12183789163827896,0.9165048599243164,0.6824473142623901
YBR039W,YMR309C,0,1.4322652,0.12182217091321945,0.9165048599243164,0.6825476288795471
YLR157C-B,YDR291W,0,1.4320878,0.12180645018815994,0.9165048599243164,0.6826479434967041
YMR283C,YNL148C,0,1.4316747,0.12179073691368103,0.9165048599243164,0.6827482581138611
YDR034C-D,YLR034C,0,1.4316567,0.12177502363920212,0.9165048599243164,0.6828485727310181
YKR045C,YCR034W,0,1.431309,0.1217593178153038,0.9165048599243164,0.6829488277435303
YDL159W,YHL018W,0,1.4304249,0.12174361944198608,0.9165048599243164,0.6830491423606873
YGR198W,YOR214C,0,1.430055,0.12172792106866837,0.9165048599243164,0.6831494569778442
YCL011C,YJL118W,0,1.4291635,0.12171222269535065,0.9165048599243164,0.6832497715950012
YPR058W,YJL074C,0,1.4288484,0.12169653177261353,0.9165048599243164,0.6833500266075134
YGR049W,YPR181C,0,1.427725,0.121680848300457,0.9165048599243164,0.6834503412246704
YER003C,YKL160W,0,1.4276841,0.12166516482830048,0.9165048599243164,0.6835506558418274
YKL046C,YHR062C,0,1.4276067,0.12164948135614395,0.9165048599243164,0.6836509704589844
YPL088W,YDR123C,0,1.4272653,0.12163381278514862,0.9165048599243164,0.6837512254714966
YPR020W,YHR072W-A,0,1.4271795,0.12161813676357269,0.9165048599243164,0.6838515400886536
YKR098C,YOR073W,0,1.4271456,0.12160247564315796,0.9165048599243164,0.6839518547058105
YLR138W,YIR008C,0,1.4269361,0.12158681452274323,0.9165048599243164,0.6840521693229675
YGL131C,YDL058W,0,1.4268528,0.12157115340232849,0.9165048599243164,0.6841524839401245
YIL063C,YDL092W,0,1.4268403,0.12155549973249435,0.9165048599243164,0.6842527389526367
YBR126C,YMR293C,0,1.4257329,0.12153984606266022,0.9165048599243164,0.6843530535697937
YGR059W,YPL020C,0,1.4252769,0.12152419984340668,0.9165048599243164,0.6844533681869507
YOR028C,YHR166C,0,1.4250455,0.12150856107473373,0.9165048599243164,0.6845536828041077
YOL033W,YNL037C,0,1.4249249,0.12149292230606079,0.9165048599243164,0.6846539378166199
YOL088C,YDR541C,0,1.4243227,0.12147729098796844,0.9165048599243164,0.6847542524337769
YCR073C,YHR083W,0,1.4233414,0.1214616596698761,0.9165048599243164,0.6848545670509338
YDL207W,YDR484W,0,1.4232796,0.12144602835178375,0.9165048599243164,0.6849548816680908
YML131W,YDR363W,0,1.4232577,0.1214304119348526,0.9165048599243164,0.685055136680603
YOR219C,YGL156W,1,1.4230719,0.12154340744018555,0.917475700378418,0.685055136680603
YIL066C,YNL222W,0,1.4229541,0.1215277761220932,0.917475700378418,0.68515545129776
YBR258C,YOR303W,0,1.4226266,0.12151215225458145,0.917475700378418,0.685255765914917
YDR119W,YNL014W,0,1.4218394,0.1214965283870697,0.917475700378418,0.685356080532074
YHR079C-A,YDL150W,0,1.4217829,0.12148091197013855,0.917475700378418,0.685456395149231
YMR231W,YLL043W,1,1.4216002,0.12159383296966553,0.9184466004371643,0.685456395149231
YNR032W,YHR102W,0,1.4213754,0.12157820165157318,0.9184466004371643,0.6855566501617432
YJR086W,YOR130C,0,1.4212881,0.12156257778406143,0.9184466004371643,0.6856569647789001
YKR029C,YLR362W,0,1.4209822,0.12154696136713028,0.9184466004371643,0.6857572793960571
YBL005W-A,YNL270C,0,1.4205875,0.12153134495019913,0.9184466004371643,0.6858575940132141
YKL065C,YIR010W,0,1.4201633,0.12151573598384857,0.9184466004371643,0.6859578490257263
YML064C,YNL177C,0,1.4200922,0.12150012701749802,0.9184466004371643,0.6860581636428833
YNL257C,YDL122W,0,1.4200482,0.12148452550172806,0.9184466004371643,0.6861584782600403
YKR098C,YLL023C,0,1.4198421,0.1214689239859581,0.9184466004371643,0.6862587928771973
YBR217W,YLR013W,0,1.4197909,0.12145332992076874,0.9184466004371643,0.6863590478897095
YHR124W,YKL137W,0,1.4190077,0.12143774330615997,0.9184466004371643,0.6864593625068665
YKL071W,YLR210W,0,1.418923,0.12142215669155121,0.9184466004371643,0.6865596771240234
YGR096W,YDR480W,0,1.4188763,0.12140657007694244,0.9184466004371643,0.6866599917411804
YBL040C,YKR024C,0,1.4184071,0.12139099091291428,0.9184466004371643,0.6867603063583374
YKL120W,YLR089C,0,1.4176806,0.1213754191994667,0.9184466004371643,0.6868605613708496
YML069W,YPL084W,0,1.416081,0.12135984748601913,0.9184466004371643,0.6869608759880066
YPL072W,YML024W,0,1.4151453,0.12134427577257156,0.9184466004371643,0.6870611906051636
YGL020C,YKR029C,0,1.4148155,0.12132871896028519,0.9184466004371643,0.6871615052223206
YER016W,YDR489W,0,1.4141017,0.12131315469741821,0.9184466004371643,0.6872617602348328
YBL084C,YIR008C,0,1.4130293,0.12129760533571243,0.9184466004371643,0.6873620748519897
YLR148W,YJR138W,1,1.4130259,0.12141025811433792,0.9194175004959106,0.6873620748519897
YPL164C,YOR178C,0,1.4123746,0.12139469385147095,0.9194175004959106,0.6874623894691467
YIL041W,YER054C,0,1.4121617,0.12137913703918457,0.9194175004959106,0.6875627040863037
YBL002W,YOL044W,0,1.4120325,0.1213635802268982,0.9194175004959106,0.6876630187034607
YLR431C,YLR421C,0,1.4118067,0.12134802341461182,0.9194175004959106,0.6877632737159729
YPR018W,YGR027W-A,0,1.4114007,0.12133248150348663,0.9194175004959106,0.6878635883331299
YOR095C,YJL159W,0,1.4107811,0.12131693214178085,0.9194175004959106,0.6879639029502869
YCR079W,YML093W,0,1.4106021,0.12130139768123627,0.9194175004959106,0.6880642175674438
YBR201W,YJR125C,0,1.4097432,0.12128586322069168,0.9194175004959106,0.688164472579956
YKL209C,YDR489W,0,1.4091364,0.1212703287601471,0.9194175004959106,0.688264787197113
YPL128C,YBR104W,0,1.4089929,0.1212548017501831,0.9194175004959106,0.68836510181427
YML066C,YNL252C,0,1.4088341,0.12123927474021912,0.9194175004959106,0.688465416431427
YOR371C,YGR067C,0,1.4085834,0.12122375518083572,0.9194175004959106,0.6885656714439392
YJR113C,YGL038C,0,1.4082664,0.12120824307203293,0.9194175004959106,0.6886659860610962
YPL009C,YMR067C,0,1.4080355,0.12119273096323013,0.9194175004959106,0.6887663006782532
YMR104C,YPL192C,0,1.4079484,0.12117722630500793,0.9194175004959106,0.6888666152954102
YNL090W,YJL184W,0,1.4077564,0.12116172164678574,0.9194175004959106,0.6889669299125671
YNL005C,YLR119W,0,1.4076319,0.12114621698856354,0.9194175004959106,0.6890671849250793
YJL010C,YLR157C-B,0,1.4074534,0.12113072723150253,0.9194175004959106,0.6891674995422363
YDL212W,YGR271C-A,0,1.4071684,0.12111523002386093,0.9194175004959106,0.6892678141593933
YBR234C,YMR291W,0,1.4068731,0.12109974771738052,0.9194175004959106,0.6893681287765503
YPL190C,YDR489W,0,1.4067693,0.12108425796031952,0.9194175004959106,0.6894683837890625
YHR134W,YPR061C,0,1.406576,0.12106878310441971,0.9194175004959106,0.6895686984062195
YLR135W,YKL222C,0,1.4062918,0.1210533007979393,0.9194175004959106,0.6896690130233765
YFR042W,YGR247W,0,1.4062852,0.12103783339262009,0.9194175004959106,0.6897693276405334
YJR044C,YGR091W,0,1.4054333,0.12102236598730087,0.9194175004959106,0.6898695826530457
YCL011C,YLL032C,0,1.4051391,0.12100689858198166,0.9194175004959106,0.6899698972702026
YPL084W,YBR229C,0,1.4044914,0.12099143862724304,0.9194175004959106,0.6900702118873596
YIL114C,YLR355C,0,1.4044408,0.12097598612308502,0.9194175004959106,0.6901705265045166
YDR186C,YDL222C,0,1.4042448,0.120960533618927,0.9194175004959106,0.6902708411216736
YDL042C,YPL190C,0,1.4039259,0.12094508111476898,0.9194175004959106,0.6903710961341858
YGL022W,YPL162C,0,1.4036001,0.12092963606119156,0.9194175004959106,0.6904714107513428
YCR066W,YLR205C,0,1.4029347,0.12091419845819473,0.9194175004959106,0.6905717253684998
YKL120W,YDR198C,0,1.4028634,0.1208987608551979,0.9194175004959106,0.6906720399856567
YIR021W,YDL014W,0,1.4028422,0.12088333070278168,0.9194175004959106,0.690772294998169
YCR068W,YCR079W,0,1.4019139,0.12086790055036545,0.9194175004959106,0.6908726096153259
YDL025C,YFL053W,0,1.4016114,0.12085247784852982,0.9194175004959106,0.6909729242324829
YKL027W,YMR106C,0,1.4015208,0.12083705514669418,0.9194175004959106,0.6910732388496399
YGR247W,YIL017C,0,1.4010937,0.12082163989543915,0.9194175004959106,0.6911734938621521
YJL203W,YNL326C,0,1.4009527,0.12080622464418411,0.9194175004959106,0.6912738084793091
YOR190W,YOR017W,0,1.4008726,0.12079081684350967,0.9194175004959106,0.6913741230964661
YLR310C,YML025C,0,1.4003263,0.12077540904283524,0.9194175004959106,0.691474437713623
YMR119W,YEL055C,0,1.4002428,0.1207600086927414,0.9194175004959106,0.69157475233078
YFL009W,YGL055W,0,1.3997256,0.12074461579322815,0.9194175004959106,0.6916750073432922
YDR182W,YFR028C,0,1.3997183,0.1207292228937149,0.9194175004959106,0.6917753219604492
YPL060C-A,YDR267C,0,1.398935,0.12071382999420166,0.9194175004959106,0.6918756365776062
YER141W,YJL160C,0,1.3983091,0.12069844454526901,0.9194175004959106,0.6919759511947632
YPL120W,YJR066W,1,1.3978852,0.12081050127744675,0.9203883409500122,0.6919759511947632
YLL005C,YOR140W,0,1.3974636,0.1207951083779335,0.9203883409500122,0.6920762062072754
YML019W,YGR206W,0,1.3973092,0.12077971547842026,0.9203883409500122,0.6921765208244324
YJR086W,YER170W,0,1.3971463,0.12076433002948761,0.9203883409500122,0.6922768354415894
YDL153C,YBR102C,0,1.3967799,0.12074895203113556,0.9203883409500122,0.6923771500587463
YLR144C,YLR148W,0,1.3967241,0.12073357403278351,0.9203883409500122,0.6924774050712585
YGR195W,YHR166C,0,1.3961986,0.12071819603443146,0.9203883409500122,0.6925777196884155
YDR485C,YBL018C,0,1.396191,0.12070282548666,0.9203883409500122,0.6926780343055725
YPR082C,YNL021W,0,1.3960575,0.12068746238946915,0.9203883409500122,0.6927783489227295
YOL077W-A,YOR171C,0,1.395413,0.12067209929227829,0.9203883409500122,0.6928786635398865
YMR011W,YCR067C,0,1.395296,0.12065673619508743,0.9203883409500122,0.6929789185523987
YDR348C,YDR210W-A,0,1.3941673,0.12064138799905777,0.9203883409500122,0.6930792331695557
YDR097C,YDL104C,0,1.3938833,0.12062603235244751,0.9203883409500122,0.6931795477867126
YBR057C,YDL191W,0,1.3936397,0.12061068415641785,0.9203883409500122,0.6932798624038696
YKL211C,YLR117C,0,1.3932902,0.12059534341096878,0.9203883409500122,0.6933801174163818
YMR189W,YJR091C,0,1.3931135,0.12058000266551971,0.9203883409500122,0.6934804320335388
YMR164C,YER172C,0,1.3926512,0.12056466937065125,0.9203883409500122,0.6935807466506958
YDR006C,YOR030W,0,1.3924121,0.12054933607578278,0.9203883409500122,0.6936810612678528
YNL009W,YNL224C,0,1.3923354,0.1205340102314949,0.9203883409500122,0.693781316280365
YLR274W,YNR051C,0,1.391797,0.12051868438720703,0.9203883409500122,0.693881630897522
YER048C,YOR073W,0,1.3917929,0.12050336599349976,0.9203883409500122,0.693981945514679
YPL217C,YBR228W,0,1.3916346,0.12048805505037308,0.9203883409500122,0.6940822601318359
YPR103W,YNL252C,0,1.391558,0.1204727441072464,0.9203883409500122,0.6941825747489929
YPL055C,YDR194C,0,1.3913568,0.12045743316411972,0.9203883409500122,0.6942828297615051
YML078W,YGR140W,0,1.3906122,0.12044212967157364,0.9203883409500122,0.6943831443786621
YKL086W,YGL047W,0,1.3905426,0.12042682617902756,0.9203883409500122,0.6944834589958191
YDL004W,YDL104C,0,1.3905042,0.12041153013706207,0.9203883409500122,0.6945837736129761
YNL299W,YOR178C,0,1.3903174,0.12039624154567719,0.9203883409500122,0.6946840286254883
YML064C,YDR210W,0,1.3901886,0.1203809529542923,0.9203883409500122,0.6947843432426453
YER119C,YMR293C,0,1.3901225,0.12036566436290741,0.9203883409500122,0.6948846578598022
YPL283C,YKR086W,0,1.3896939,0.12035039067268372,0.9203883409500122,0.6949849724769592
YDL010W,YLL005C,0,1.3895687,0.12033510953187943,0.9203883409500122,0.6950852274894714
YCL026C-A,YOL060C,0,1.3895097,0.12031983584165573,0.9203883409500122,0.6951855421066284
YGL022W,YKR025W,0,1.3894591,0.12030456960201263,0.9203883409500122,0.6952858567237854
YPL023C,YFL031W,0,1.3884492,0.12028930336236954,0.9203883409500122,0.6953861713409424
YBL067C,YJR088C,0,1.3883086,0.12027404457330704,0.9203883409500122,0.6954864859580994
YHR007C,YKL209C,0,1.388221,0.12025878578424454,0.9203883409500122,0.6955867409706116
YGR215W,YBR057C,0,1.3878417,0.12024353444576263,0.9203883409500122,0.6956870555877686
YDR363W,YJL020C,0,1.3877648,0.12022828310728073,0.9203883409500122,0.6957873702049255
YOR196C,YHL013C,0,1.3875438,0.12021303921937943,0.9203883409500122,0.6958876848220825
YLL036C,YKR018C,0,1.3873421,0.12019779533147812,0.9203883409500122,0.6959879398345947
YDR034C-D,YDR210W-A,0,1.386876,0.12018255889415741,0.9203883409500122,0.6960882544517517
YGR157W,YGL145W,0,1.3861234,0.1201673224568367,0.9203883409500122,0.6961885690689087
YOL017W,YNL299W,0,1.3859038,0.12015209347009659,0.9203883409500122,0.6962888836860657
YNL069C,YOL044W,0,1.385873,0.12013686448335648,0.9203883409500122,0.6963891386985779
YDR339C,YDR302W,0,1.3857806,0.12012164294719696,0.9203883409500122,0.6964894533157349
YCR071C,YER172C,0,1.3857671,0.12010642141103745,0.9203883409500122,0.6965897679328918
YHR050W,YJL097W,1,1.3855997,0.12021788954734802,0.9213592410087585,0.6965897679328918
YGL150C,YGL097W,0,1.385452,0.12020266056060791,0.9213592410087585,0.6966900825500488
YOR210W,YKR086W,0,1.3851165,0.1201874390244484,0.9213592410087585,0.6967903971672058
YIL162W,YJR159W,0,1.3836901,0.12017221748828888,0.9213592410087585,0.696890652179718
YDR073W,YHR123W,0,1.3836826,0.12015700340270996,0.9213592410087585,0.696990966796875
YNR012W,YIR013C,0,1.3836694,0.12014178931713104,0.9213592410087585,0.697091281414032
YDR043C,YJR144W,0,1.383639,0.12012658268213272,0.9213592410087585,0.697191596031189
YML025C,YGL029W,0,1.3834938,0.1201113760471344,0.9213592410087585,0.6972918510437012
YDL188C,YPL190C,0,1.3834097,0.12009617686271667,0.9213592410087585,0.6973921656608582
YLR013W,YOR190W,0,1.3824477,0.12008098512887955,0.9213592410087585,0.6974924802780151
YGR166W,YLR066W,0,1.3821025,0.12006578594446182,0.9213592410087585,0.6975927948951721
YMR011W,YBR235W,0,1.3810195,0.12005060166120529,0.9213592410087585,0.6976930499076843
YDR477W,YPL057C,0,1.3807977,0.12003541737794876,0.9213592410087585,0.6977933645248413
YBR021W,YLR424W,0,1.380109,0.12002023309469223,0.9213592410087585,0.6978936791419983
YLR077W,YDR163W,0,1.3797042,0.1200050562620163,0.9213592410087585,0.6979939937591553
YMR058W,YBL071W-A,0,1.379629,0.11998988687992096,0.9213592410087585,0.6980943083763123
YGR090W,YGL234W,0,1.3794132,0.11997471749782562,0.9213592410087585,0.6981945633888245
YIL049W,YOR234C,0,1.3793615,0.11995954811573029,0.9213592410087585,0.6982948780059814
YBR084C-A,YJL091C,0,1.3792431,0.11994438618421555,0.9213592410087585,0.6983951926231384
YJL115W,YOR077W,0,1.3789501,0.1199292317032814,0.9213592410087585,0.6984955072402954
YOR003W,YPR140W,0,1.3777968,0.11991407722234726,0.9213592410087585,0.6985957622528076
YKR045C,YGL097W,0,1.3777494,0.11989892274141312,0.9213592410087585,0.6986960768699646
YBR290W,YNL054W,1,1.3766636,0.12001010775566101,0.9223300814628601,0.6986960768699646
YBL042C,YDR538W,0,1.3762665,0.11999494582414627,0.9223300814628601,0.6987963914871216
YIL117C,YMR029C,0,1.3758309,0.11997979134321213,0.9223300814628601,0.6988967061042786
YJR056C,YER118C,0,1.3755556,0.11996464431285858,0.9223300814628601,0.6989970207214355
YJL184W,YBR161W,0,1.3748585,0.11994949728250504,0.9223300814628601,0.6990972757339478
YDR237W,YJR129C,0,1.3746405,0.11993435025215149,0.9223300814628601,0.6991975903511047
YOL128C,YPR164W,0,1.3745338,0.11991921067237854,0.9223300814628601,0.6992979049682617
YLR242C,YML121W,0,1.3744506,0.11990407854318619,0.9223300814628601,0.6993982195854187
YIR007W,YNL197C,0,1.3742176,0.11988894641399384,0.9223300814628601,0.6994984745979309
YNL071W,YHR072W-A,0,1.3741394,0.11987381428480148,0.9223300814628601,0.6995987892150879
YDR281C,YJR040W,1,1.3739562,0.11998485773801804,0.9233009815216064,0.6995987892150879
YGR023W,YNL323W,0,1.3738762,0.11996972560882568,0.9233009815216064,0.6996991038322449
YMR106C,YPL181W,0,1.3733982,0.11995459347963333,0.9233009815216064,0.6997994184494019
YCR079W,YOR303W,0,1.3730593,0.11993946135044098,0.9233009815216064,0.6998996734619141
YGR215W,YKR065C,0,1.3728316,0.11992433667182922,0.9233009815216064,0.699999988079071
YGR152C,YPL158C,0,1.3725189,0.11990921944379807,0.9233009815216064,0.700100302696228
YGR068C,YAR003W,0,1.3724936,0.1198941022157669,0.9233009815216064,0.700200617313385
YPL053C,YGR249W,0,1.3723922,0.11987898498773575,0.9233009815216064,0.700300931930542
YPR075C,YNL197C,0,1.3722601,0.11986387521028519,0.9233009815216064,0.7004011869430542
YGL124C,YNR032W,0,1.3722109,0.11984877288341522,0.9233009815216064,0.7005015015602112
YNL064C,YGR284C,0,1.3715559,0.11983367055654526,0.9233009815216064,0.7006018161773682
YPL132W,YBL100W-A,0,1.3714708,0.11981856822967529,0.9233009815216064,0.7007021307945251
YBR235W,YDR141C,0,1.3711294,0.11980347335338593,0.9233009815216064,0.7008023858070374
YHR072W,YER157W,0,1.3709399,0.11978838592767715,0.9233009815216064,0.7009027004241943
YNL125C,YER058W,0,1.3704895,0.11977329850196838,0.9233009815216064,0.7010030150413513
YJL113W,YGL153W,0,1.3701489,0.11975821852684021,0.9233009815216064,0.7011033296585083
YLR376C,YBR083W,0,1.3698012,0.11974313855171204,0.9233009815216064,0.7012035846710205
YNL323W,YNL220W,0,1.369778,0.11972806602716446,0.9233009815216064,0.7013038992881775
YBR288C,YDR141C,0,1.3691491,0.11971299350261688,0.9233009815216064,0.7014042139053345
YLR308W,YBR008C,0,1.3690941,0.1196979209780693,0.9233009815216064,0.7015045285224915
YBL016W,YLL052C,0,1.3689746,0.11968285590410233,0.9233009815216064,0.7016048431396484
YLR240W,YLR319C,0,1.3684887,0.11966779828071594,0.9233009815216064,0.7017050981521606
YOR125C,YHR166C,0,1.3683778,0.11965274065732956,0.9233009815216064,0.7018054127693176
YMR293C,YOR205C,0,1.3682522,0.11963769048452377,0.9233009815216064,0.7019057273864746
YPL128C,YDL014W,0,1.3681512,0.11962264031171799,0.9233009815216064,0.7020060420036316
YLR157C-A,YML121W,0,1.3677179,0.1196075975894928,0.9233009815216064,0.7021062970161438
YOR094W,YML029W,0,1.3675812,0.11959255486726761,0.9233009815216064,0.7022066116333008
YPL242C,YML111W,0,1.3669052,0.11957751959562302,0.9233009815216064,0.7023069262504578
YML029W,YBL018C,0,1.3667198,0.11956248432397842,0.9233009815216064,0.7024072408676147
YKL113C,YBR265W,0,1.3656801,0.11954745650291443,0.9233009815216064,0.702507495880127
YJR091C,YBR079C,0,1.3656533,0.11953242868185043,0.9233009815216064,0.7026078104972839
YGL023C,YBR132C,1,1.3655156,0.11964308470487595,0.924271821975708,0.7026078104972839
YGR028W,YFL003C,0,1.3653086,0.11962804943323135,0.924271821975708,0.7027081251144409
YLR342W,YKL125W,0,1.3652554,0.11961301416158676,0.924271821975708,0.7028084397315979
YGL020C,YDL014W,0,1.3638467,0.11959798634052277,0.924271821975708,0.7029087543487549
YNL222W,YDR206W,0,1.3624693,0.11958296597003937,0.924271821975708,0.7030090093612671
YHR191C,YIL040W,0,1.362167,0.11956794559955597,0.924271821975708,0.7031093239784241
YHR187W,YPL246C,0,1.3615661,0.11955293267965317,0.924271821975708,0.703209638595581
YBR215W,YHR050W,0,1.3614691,0.11953791975975037,0.924271821975708,0.703309953212738
YDR073W,YEL055C,0,1.3614322,0.11952291429042816,0.924271821975708,0.7034102082252502
YKR081C,YGL130W,0,1.3614119,0.11950790882110596,0.924271821975708,0.7035105228424072
YNL316C,YDR484W,0,1.3613476,0.11949291080236435,0.924271821975708,0.7036108374595642
YIL117C,YGR041W,0,1.3611166,0.11947791278362274,0.924271821975708,0.7037111520767212
YDR084C,YLR308W,0,1.360986,0.11946292221546173,0.924271821975708,0.7038114070892334
YHL020C,YDR409W,0,1.3607576,0.11944793164730072,0.924271821975708,0.7039117217063904
YLR369W,YHR121W,0,1.3606118,0.11943294107913971,0.924271821975708,0.7040120363235474
YLR057W,YBL019W,0,1.3605309,0.11941796541213989,0.924271821975708,0.7041123509407043
YDR237W,YGL077C,0,1.3605226,0.11940298229455948,0.924271821975708,0.7042126655578613
YDR314C,YNR039C,0,1.3594961,0.11938801407814026,0.924271821975708,0.7043129205703735
YHR152W,YER169W,0,1.3589342,0.11937303841114044,0.924271821975708,0.7044132351875305
YGL033W,YEL077C,0,1.3589147,0.11935807764530182,0.924271821975708,0.7045135498046875
YLR034C,YFL016C,0,1.3587325,0.1193431094288826,0.924271821975708,0.7046138644218445
YER039C,YMR068W,0,1.3585192,0.11932815611362457,0.924271821975708,0.7047141194343567
YLR336C,YOR339C,0,1.3576046,0.11931319534778595,0.924271821975708,0.7048144340515137
YIL117C,YBR290W,0,1.3568429,0.11929824203252792,0.924271821975708,0.7049147486686707
YMR079W,YDR354W,0,1.3564017,0.1192832961678505,0.924271821975708,0.7050150632858276
YML093W,YGR231C,0,1.3562008,0.11926835030317307,0.924271821975708,0.7051153182983398
YOL077W-A,YER004W,0,1.3561064,0.11925341188907623,0.924271821975708,0.7052156329154968
YLR128W,YGL047W,0,1.3559178,0.1192384734749794,0.924271821975708,0.7053159475326538
YDR043C,YER018C,0,1.3557775,0.11922354251146317,0.924271821975708,0.7054162621498108
YLR116W,YML110C,0,1.3557606,0.11920861154794693,0.924271821975708,0.7055165767669678
YBR127C,YOL077W-A,0,1.3556067,0.11919368803501129,0.924271821975708,0.70561683177948
YEL020C,YCL011C,0,1.3553368,0.11917876452207565,0.924271821975708,0.705717146396637
YJR095W,YJL050W,0,1.3552936,0.11916384845972061,0.924271821975708,0.705817461013794
YBR021W,YLR136C,0,1.3548801,0.11914893984794617,0.924271821975708,0.7059177756309509
YPR145W,YER172C,0,1.354756,0.11913402378559113,0.924271821975708,0.7060180306434631
YBR280C,YMR024W,0,1.3546878,0.11911912262439728,0.924271821975708,0.7061183452606201
YGR195W,YPL255W,0,1.3533376,0.11910421401262283,0.924271821975708,0.7062186598777771
YLR225C,YER166W,0,1.3526522,0.11908932030200958,0.924271821975708,0.7063189744949341
YNL264C,YLR135W,0,1.3523844,0.11907441914081573,0.924271821975708,0.7064192295074463
YOR336W,YOR198C,0,1.3523656,0.11905953288078308,0.924271821975708,0.7065195441246033
YIL158W,YDL010W,1,1.3521255,0.1191696897149086,0.9252427220344543,0.7065195441246033
YGL156W,YLR447C,1,1.3521034,0.11927981674671173,0.9262135624885559,0.7065195441246033
YJR090C,YKL084W,0,1.3517971,0.11926490813493729,0.9262135624885559,0.7066198587417603
YKL101W,YDL156W,0,1.3512336,0.11924999952316284,0.9262135624885559,0.7067201733589172
YGR198W,YGL043W,0,1.3511354,0.119235098361969,0.9262135624885559,0.7068204879760742
YGR287C,YER170W,0,1.3511002,0.11922019720077515,0.9262135624885559,0.7069207429885864
YBL042C,YBR171W,0,1.3510884,0.1192052960395813,0.9262135624885559,0.7070210576057434
YMR164C,YOR375C,0,1.350732,0.11919040232896805,0.9262135624885559,0.7071213722229004
YDR506C,YPL029W,0,1.3499347,0.1191755160689354,0.9262135624885559,0.7072216868400574
YIL063C,YPR124W,0,1.3499235,0.11916062980890274,0.9262135624885559,0.7073219418525696
YDL020C,YBR154C,0,1.3492777,0.11914575099945068,0.9262135624885559,0.7074222564697266
YBL084C,YBR288C,0,1.3489356,0.11913087218999863,0.9262135624885559,0.7075225710868835
YOL094C,YLR119W,0,1.3486012,0.11911599338054657,0.9262135624885559,0.7076228857040405
YOR118W,YOR371C,0,1.3484067,0.11910112202167511,0.9262135624885559,0.7077231407165527
YKR080W,YER058W,0,1.3481473,0.11908625811338425,0.9262135624885559,0.7078234553337097
YMR116C,YOL137W,0,1.3477437,0.11907139420509338,0.9262135624885559,0.7079237699508667
YNL217W,YKR039W,1,1.3470014,0.119181327521801,0.9271844625473022,0.7079237699508667
YDR194C,YOR284W,0,1.3467938,0.11916645616292953,0.9271844625473022,0.7080240845680237
YPL211W,YEL003W,0,1.345951,0.11915159225463867,0.9271844625473022,0.7081243991851807
YLR307W,YNL125C,0,1.3456011,0.11913672834634781,0.9271844625473022,0.7082246541976929
YIR021W,YBL018C,0,1.3450308,0.11912186443805695,0.9271844625473022,0.7083249688148499
YCR023C,YDR123C,0,1.344895,0.11910700798034668,0.9271844625473022,0.7084252834320068
YLR340W,YGL055W,0,1.3448592,0.11909215897321701,0.9271844625473022,0.7085255980491638
YOR095C,YER001W,0,1.3446013,0.11907730996608734,0.9271844625473022,0.708625853061676
YPL132W,YER011W,0,1.3444985,0.11906246095895767,0.9271844625473022,0.708726167678833
YOR125C,YMR134W,0,1.3442334,0.1190476194024086,0.9271844625473022,0.70882648229599
YAL005C,YOR144C,0,1.3439393,0.11903277784585953,0.9271844625473022,0.708926796913147
YPL170W,YDR237W,0,1.3438557,0.11901794373989105,0.9271844625473022,0.7090270519256592
YER065C,YDR079C-A,0,1.3431574,0.11900311708450317,0.9271844625473022,0.7091273665428162
YLR310C,YDR339C,0,1.3429538,0.1189882904291153,0.9271844625473022,0.7092276811599731
YPR101W,YML024W,0,1.3426322,0.11897346377372742,0.9271844625473022,0.7093279957771301
YCL020W,YGL257C,0,1.3424579,0.11895864456892014,0.9271844625473022,0.7094283103942871
YKL209C,YOR005C,0,1.3423674,0.11894382536411285,0.9271844625473022,0.7095285654067993
YNR032W,YGR284C,0,1.3421682,0.11892901360988617,0.9271844625473022,0.7096288800239563
YNL082W,YPL249C,0,1.3419923,0.11891420930624008,0.9271844625473022,0.7097291946411133
YKR001C,YHR026W,0,1.3419343,0.118899405002594,0.9271844625473022,0.7098295092582703
YOL115W,YBR288C,0,1.3413385,0.1188846006989479,0.9271844625473022,0.7099297642707825
YEL027W,YAL005C,1,1.3409249,0.11899427324533463,0.9281553626060486,0.7099297642707825
YPL190C,YPR165W,0,1.3405479,0.11897946149110794,0.9281553626060486,0.7100300788879395
YDR184C,YGL255W,0,1.340232,0.11896465718746185,0.9281553626060486,0.7101303935050964
YGR249W,YDL044C,0,1.3396614,0.11894986033439636,0.9281553626060486,0.7102307081222534
YNR054C,YOL077W-A,0,1.3394042,0.11893505603075027,0.9281553626060486,0.7103310227394104
YNL336W,YNL005C,0,1.3393443,0.11892026662826538,0.9281553626060486,0.7104312777519226
YEL077C,YGL160W,0,1.3393106,0.11890546977519989,0.9281553626060486,0.7105315923690796
YLR093C,YCL038C,1,1.3392849,0.11901504546403885,0.9291262030601501,0.7105315923690796
YEL046C,YDR198C,0,1.3387349,0.11900024861097336,0.9291262030601501,0.7106319069862366
YER072W,YFR021W,1,1.338689,0.11910978704690933,0.9300971031188965,0.7106319069862366
YDR194C,YGL257C,0,1.3383033,0.11909497529268265,0.9300971031188965,0.7107322216033936
YIL158W,YDL239C,0,1.3372358,0.11908017098903656,0.9300971031188965,0.7108324766159058
YMR202W,YML001W,0,1.3371999,0.11906537413597107,0.9300971031188965,0.7109327912330627
YGR195W,YOR205C,0,1.3371674,0.11905057728290558,0.9300971031188965,0.7110331058502197
YBL005W-A,YGL044C,0,1.3371066,0.11903578788042068,0.9300971031188965,0.7111334204673767
YMR309C,YBR106W,0,1.3369496,0.11902099847793579,0.9300971031188965,0.7112336754798889
YIL158W,YKR042W,0,1.3362432,0.1190062090754509,0.9300971031188965,0.7113339900970459
YOL049W,YDR141C,0,1.3360777,0.1189914271235466,0.9300971031188965,0.7114343047142029
YOL154W,YIL158W,1,1.3358124,0.11910084635019302,0.931067943572998,0.7114343047142029
YMR268C,YER170W,0,1.3352925,0.11908605694770813,0.931067943572998,0.7115346193313599
YJL159W,YLR341W,0,1.3343693,0.11907126754522324,0.931067943572998,0.7116349339485168
YJL111W,YHR128W,0,1.3342491,0.11905648559331894,0.931067943572998,0.711735188961029
YHR098C,YKL211C,0,1.3341296,0.11904171109199524,0.931067943572998,0.711835503578186
YDL232W,YBR008C,0,1.3337352,0.11902693659067154,0.931067943572998,0.711935818195343
YPL032C,YMR067C,0,1.3336042,0.11901216208934784,0.931067943572998,0.7120361328125
YPL057C,YIR008C,0,1.3333038,0.11899739503860474,0.931067943572998,0.7121363878250122
YNL186W,YDR085C,0,1.3329678,0.11898262798786163,0.931067943572998,0.7122367024421692
YOR005C,YBL071W-A,0,1.3326039,0.11896786838769913,0.931067943572998,0.7123370170593262
YBR084C-A,YDR017C,0,1.3324403,0.11895311623811722,0.931067943572998,0.7124373316764832
YOR321W,YLR424W,0,1.3324262,0.11893836408853531,0.931067943572998,0.7125375866889954
YNL169C,YFL002C,0,1.3321615,0.1189236119389534,0.931067943572998,0.7126379013061523
YOR298C-A,YDL044C,0,1.3321398,0.11890886723995209,0.931067943572998,0.7127382159233093
YGL013C,YBR004C,0,1.3319324,0.11889412254095078,0.931067943572998,0.7128385305404663
YNL275W,YER093C,1,1.3317845,0.11900334805250168,0.9320388436317444,0.7128385305404663
YJL203W,YCR097W,0,1.3315152,0.11898859590291977,0.9320388436317444,0.7129388451576233
YHR152W,YLL023C,0,1.3309833,0.11897385120391846,0.9320388436317444,0.7130391001701355
YNL176C,YPL162C,1,1.330633,0.11908302456140518,0.933009684085846,0.7130391001701355
YOR125C,YKL221W,0,1.3305959,0.11906827241182327,0.933009684085846,0.7131394147872925
YKL092C,YOL077W-A,0,1.3305167,0.11905352026224136,0.933009684085846,0.7132397294044495
YGL125W,YDR293C,0,1.3298787,0.11903876811265945,0.933009684085846,0.7133400440216064
YOR229W,YOL077W-A,0,1.329825,0.11902403086423874,0.933009684085846,0.7134402990341187
YDL010W,YGL055W,0,1.3297374,0.11900928616523743,0.933009684085846,0.7135406136512756
YPR104C,YPR103W,0,1.3295823,0.11899454891681671,0.933009684085846,0.7136409282684326
YDR408C,YGL099W,0,1.3289284,0.11897981911897659,0.933009684085846,0.7137412428855896
YNL305C,YPR033C,0,1.3278644,0.11896508932113647,0.933009684085846,0.7138414978981018
YOR354C,YER058W,0,1.3278286,0.11895036697387695,0.933009684085846,0.7139418125152588
YBL018C,YBR070C,0,1.3277715,0.11893564462661743,0.933009684085846,0.7140421271324158
YDL005C,YNL087W,0,1.3276092,0.11892092227935791,0.933009684085846,0.7141424417495728
YJL042W,YIL050W,0,1.3261285,0.11890621483325958,0.933009684085846,0.7142427563667297
YPL045W,YOR371C,0,1.3258454,0.11889149993658066,0.933009684085846,0.7143430113792419
YPR104C,YOR214C,0,1.3251861,0.11887679249048233,0.933009684085846,0.7144433259963989
YGR121C,YJL076W,0,1.3249793,0.1188620924949646,0.933009684085846,0.7145436406135559
YHR124W,YER073W,0,1.3249224,0.11884739249944687,0.933009684085846,0.7146439552307129
YDR322C-A,YNL305C,0,1.3247217,0.11883269250392914,0.933009684085846,0.7147442102432251
YNL315C,YDR382W,0,1.3246614,0.118817999958992,0.933009684085846,0.7148445248603821
YNL152W,YCR043C,0,1.3244222,0.11880331486463547,0.933009684085846,0.7149448394775391
YLL005C,YLR022C,0,1.324011,0.11878862977027893,0.933009684085846,0.715045154094696
YGR203W,YJL184W,0,1.3238128,0.1187739446759224,0.933009684085846,0.7151454091072083
YBR258C,YDR477W,0,1.3237287,0.11875926703214645,0.933009684085846,0.7152457237243652
YPR094W,YEL055C,0,1.3232735,0.11874459683895111,0.933009684085846,0.7153460383415222
YOR245C,YIL017C,0,1.3229764,0.11872992664575577,0.933009684085846,0.7154463529586792
YNR051C,YER166W,0,1.3229527,0.11871525645256042,0.933009684085846,0.7155466675758362
YGL181W,YFR004W,0,1.3221196,0.11870059370994568,0.933009684085846,0.7156469225883484
YNL053W,YGL175C,0,1.3218336,0.11868593096733093,0.933009684085846,0.7157472372055054
YNL272C,YOR367W,0,1.3218162,0.11867127567529678,0.933009684085846,0.7158475518226624
YNL071W,YLL036C,0,1.3200723,0.11865662783384323,0.933009684085846,0.7159478664398193
YDR522C,YJR093C,0,1.3200396,0.11864197254180908,0.933009684085846,0.7160481214523315
YCR066W,YLL042C,0,1.3189789,0.11862733215093613,0.933009684085846,0.7161484360694885
YDR099W,YEL003W,0,1.3187459,0.11861269176006317,0.933009684085846,0.7162487506866455
YLR405W,YDL122W,0,1.3187383,0.11859805136919022,0.933009684085846,0.7163490653038025
YBR210W,YPR121W,0,1.318416,0.11858341842889786,0.933009684085846,0.7164493203163147
YFR051C,YMR305C,0,1.3182819,0.1185687854886055,0.933009684085846,0.7165496349334717
YDR163W,YDL014W,0,1.318192,0.11855415999889374,0.933009684085846,0.7166499495506287
YLR240W,YMR216C,0,1.3180073,0.11853953450918198,0.933009684085846,0.7167502641677856
YJL036W,YNL270C,0,1.3178394,0.11852491647005081,0.933009684085846,0.7168505787849426
YKL208W,YKR087C,0,1.3176097,0.11851029843091965,0.933009684085846,0.7169508337974548
YDR194C,YER021W,0,1.3175148,0.11849568784236908,0.933009684085846,0.7170511484146118
YJL115W,YDR331W,0,1.3168418,0.11848107725381851,0.933009684085846,0.7171514630317688
YOR208W,YOR234C,0,1.3164076,0.11846646666526794,0.933009684085846,0.7172517776489258
YGL255W,YDR267C,0,1.3164047,0.11845187097787857,0.933009684085846,0.717352032661438
YGL013C,YGL254W,0,1.3159202,0.1184372678399086,0.933009684085846,0.717452347278595
YHL022C,YGL033W,0,1.3152704,0.11842267215251923,0.933009684085846,0.717552661895752
YOR094W,YLR362W,0,1.315249,0.11840808391571045,0.933009684085846,0.7176529765129089
YBR217W,YGL023C,0,1.3151641,0.11839349567890167,0.933009684085846,0.7177532315254211
YDR206W,YMR244C-A,0,1.3150415,0.1183789074420929,0.933009684085846,0.7178535461425781
YGR254W,YEL005C,1,1.3147366,0.11848749965429306,0.9339805841445923,0.7178535461425781
YGR059W,YDR307W,0,1.3142966,0.11847290396690369,0.9339805841445923,0.7179538607597351
YER019W,YBL099W,0,1.3140324,0.11845831573009491,0.9339805841445923,0.7180541753768921
YNR073C,YDL103C,0,1.3139253,0.11844373494386673,0.9339805841445923,0.7181544899940491
YHR215W,YHR186C,1,1.3134564,0.11855226010084152,0.9349514842033386,0.7181544899940491
YBR302C,YLR119W,0,1.3133427,0.11853766441345215,0.9349514842033386,0.7182547450065613
YKL071W,YPR025C,0,1.3128421,0.11852307617664337,0.9349514842033386,0.7183550596237183
YGR133W,YNL264C,0,1.3123343,0.1185084879398346,0.9349514842033386,0.7184553742408752
YJL210W,YHR143W-A,0,1.3121966,0.11849390715360641,0.9349514842033386,0.7185556888580322
YIR021W,YBL097W,0,1.312004,0.11847933381795883,0.9349514842033386,0.7186559438705444
YKL146W,YGR068C,0,1.3118917,0.11846475303173065,0.9349514842033386,0.7187562584877014
YDR113C,YHR001W,0,1.3105301,0.11845018714666367,0.9349514842033386,0.7188565731048584
YKL146W,YDR128W,1,1.3105104,0.1185586005449295,0.9359223246574402,0.7188565731048584
YCL011C,YIL097W,0,1.3095369,0.11854402720928192,0.9359223246574402,0.7189568877220154
YER048C,YML008C,0,1.3095022,0.11852944642305374,0.9359223246574402,0.7190571427345276
YNL021W,YOR375C,0,1.3094962,0.11851487308740616,0.9359223246574402,0.7191574573516846
YHR003C,YBL009W,0,1.3094395,0.11850030720233917,0.9359223246574402,0.7192577719688416
YNL067W,YDR147W,0,1.3078502,0.11848574131727219,0.9359223246574402,0.7193580865859985
YHR134W,YLR256W,0,1.3073965,0.1184711828827858,0.9359223246574402,0.7194584012031555
YBL002W,YIL050W,0,1.3072485,0.11845662444829941,0.9359223246574402,0.7195586562156677
YDL002C,YLR119W,0,1.3070567,0.11844206601381302,0.9359223246574402,0.7196589708328247
YOR056C,YGR092W,0,1.307006,0.11842751502990723,0.9359223246574402,0.7197592854499817
YOR115C,YKR081C,0,1.3069268,0.11841297149658203,0.9359223246574402,0.7198596000671387
YPR094W,YGL011C,0,1.3068365,0.11839842796325684,0.9359223246574402,0.7199598550796509
YGR215W,YLR148W,0,1.3058206,0.11838388442993164,0.9359223246574402,0.7200601696968079
YDR017C,YNL327W,0,1.3056594,0.11836934834718704,0.9359223246574402,0.7201604843139648
YML019W,YHR196W,0,1.3047286,0.11835481971502304,0.9359223246574402,0.7202607989311218
YGL134W,YNR069C,0,1.3044057,0.11834029108285904,0.9359223246574402,0.720361053943634
YMR199W,YIL044C,0,1.3043882,0.11832576245069504,0.9359223246574402,0.720461368560791
YLR166C,YLR157C-B,0,1.303448,0.11831124126911163,0.9359223246574402,0.720561683177948
YOR339C,YDR206W,0,1.3034302,0.11829672008752823,0.9359223246574402,0.720661997795105
YBR019C,YGR013W,0,1.303302,0.11828220635652542,0.9359223246574402,0.720762312412262
YMR119W,YDR084C,0,1.3028976,0.11826770007610321,0.9359223246574402,0.7208625674247742
YCR066W,YDR143C,0,1.30274,0.1182531863451004,0.9359223246574402,0.7209628820419312
YHL002W,YPL086C,0,1.3026547,0.11823868751525879,0.9359223246574402,0.7210631966590881
YGR048W,YJR144W,0,1.3023362,0.11822418123483658,0.9359223246574402,0.7211635112762451
YER011W,YMR231W,0,1.3022481,0.11820968985557556,0.9359223246574402,0.7212637662887573
YKR092C,YBR056W,0,1.3010149,0.11819519102573395,0.9359223246574402,0.7213640809059143
YMR011W,YGR048W,0,1.3010095,0.11818070709705353,0.9359223246574402,0.7214643955230713
YPR201W,YCR097W,0,1.300864,0.11816621571779251,0.9359223246574402,0.7215647101402283
YBR201W,YJR077C,0,1.3008095,0.11815173178911209,0.9359223246574402,0.7216650247573853
YHR079C-A,YBL100W-A,0,1.3005604,0.11813725531101227,0.9359223246574402,0.7217652797698975
YHL020C,YDL165W,0,1.3003836,0.11812277883291245,0.9359223246574402,0.7218655943870544
YKL027W,YBL071W-A,0,1.2996889,0.11810830980539322,0.9359223246574402,0.7219659090042114
YGR087C,YPL128C,0,1.299059,0.11809384077787399,0.9359223246574402,0.7220662236213684
YLR342W,YGR033C,0,1.2987655,0.11807937175035477,0.9359223246574402,0.7221664786338806
YCR048W,YDL092W,0,1.2986676,0.11806491017341614,0.9359223246574402,0.7222667932510376
YDL168W,YPL187W,0,1.2983872,0.1180504560470581,0.9359223246574402,0.7223671078681946
YNR056C,YOR144C,0,1.298134,0.11803600192070007,0.9359223246574402,0.7224674224853516
YPR033C,YOR153W,0,1.29783,0.11802154779434204,0.9359223246574402,0.7225676774978638
YLR406C,YOL041C,0,1.2966986,0.1180071011185646,0.9359223246574402,0.7226679921150208
YHL022C,YDR180W,0,1.2958764,0.11799265444278717,0.9359223246574402,0.7227683067321777
YKR010C,YDL104C,0,1.2953138,0.11797821521759033,0.9359223246574402,0.7228686213493347
YBL097W,YDR264C,0,1.2950046,0.1179637759923935,0.9359223246574402,0.7229689359664917
YNL323W,YOL049W,0,1.2942666,0.11794934421777725,0.9359223246574402,0.7230691909790039
YNR056C,YDR349C,0,1.294031,0.11793491244316101,0.9359223246574402,0.7231695055961609
YOR214C,YPL008W,0,1.2939558,0.11792048811912537,0.9359223246574402,0.7232698202133179
YGL022W,YFL003C,0,1.2938191,0.11790606379508972,0.9359223246574402,0.7233701348304749
YOL094C,YBL019W,0,1.2936714,0.11789164692163467,0.9359223246574402,0.7234703898429871
YGR152C,YCR008W,0,1.2936071,0.11787723004817963,0.9359223246574402,0.723570704460144
YPR103W,YMR024W,0,1.2935982,0.11786282062530518,0.9359223246574402,0.723671019077301
YFL016C,YPR201W,0,1.2934555,0.11784841120243073,0.9359223246574402,0.723771333694458
YLR077W,YDL156W,0,1.2931839,0.11783400923013687,0.9359223246574402,0.7238715887069702
YBR126C,YOR368W,0,1.2931542,0.11781960725784302,0.9359223246574402,0.7239719033241272
YDR084C,YOL077W-A,0,1.2925853,0.11780520528554916,0.9359223246574402,0.7240722179412842
YGR152C,YIR022W,0,1.2923304,0.11779081076383591,0.9359223246574402,0.7241725325584412
YCL030C,YHR143W-A,0,1.2920815,0.11777642369270325,0.9359223246574402,0.7242728471755981
YKR022C,YJL014W,0,1.2919718,0.11776202917098999,0.9359223246574402,0.7243731021881104
YGL184C,YER058W,0,1.2918941,0.11774764955043793,0.9359223246574402,0.7244734168052673
YNR012W,YNL327W,0,1.2916127,0.11773326992988586,0.9359223246574402,0.7245737314224243
YPL236C,YDL004W,0,1.291527,0.1177188903093338,0.9359223246574402,0.7246740460395813
YBL067C,YLR256W,0,1.2909573,0.11770451813936234,0.9359223246574402,0.7247743010520935
YML114C,YDR221W,0,1.2908089,0.11769014596939087,0.9359223246574402,0.7248746156692505
YML046W,YDR291W,0,1.2902865,0.11767578125,0.9359223246574402,0.7249749302864075
YHL020C,YEL071W,0,1.2898984,0.11766141653060913,0.9359223246574402,0.7250752449035645
YDL226C,YLR157C-B,0,1.289888,0.11764705926179886,0.9359223246574402,0.7251754999160767
YOR229W,YIL073C,0,1.2883207,0.11763270199298859,0.9359223246574402,0.7252758145332336
YBL036C,YOR339C,0,1.2878021,0.11761835217475891,0.9359223246574402,0.7253761291503906
YMR214W,YHR123W,0,1.2873996,0.11760400235652924,0.9359223246574402,0.7254764437675476
YBR298C,YIL110W,0,1.2866257,0.11758965253829956,0.9359223246574402,0.7255767583847046
YLR174W,YCR071C,0,1.2862558,0.11757531762123108,0.9359223246574402,0.7256770133972168
YJR152W,YPL005W,0,1.2862216,0.117560975253582,0.9359223246574402,0.7257773280143738
YAL042W,YOR153W,0,1.2857157,0.11754664033651352,0.9359223246574402,0.7258776426315308
YFL024C,YPR112C,0,1.2853118,0.11753231287002563,0.9359223246574402,0.7259779572486877
YOR329C,YNL229C,0,1.2846774,0.11751797795295715,0.9359223246574402,0.7260782122612
YKR022C,YCR088W,0,1.2842401,0.11750365793704987,0.9359223246574402,0.7261785268783569
YBR302C,YMR083W,0,1.2840513,0.11748933792114258,0.9359223246574402,0.7262788414955139
YJR113C,YER124C,0,1.2839373,0.11747501790523529,0.9359223246574402,0.7263791561126709
YIR033W,YDL226C,0,1.2838066,0.1174607053399086,0.9359223246574402,0.7264794111251831
YKL211C,YGR098C,0,1.283732,0.11744639277458191,0.9359223246574402,0.7265797257423401
YDR446W,YGR198W,0,1.2822353,0.11743208765983582,0.9359223246574402,0.7266800403594971
YOR256C,YLR453C,0,1.282234,0.11741778254508972,0.9359223246574402,0.726780354976654
YJR043C,YNL152W,0,1.2816645,0.11740348488092422,0.9359223246574402,0.726880669593811
YML001W,YKL216W,0,1.2816445,0.11738918721675873,0.9359223246574402,0.7269809246063232
YIL117C,YOR293W,0,1.2804328,0.11737489700317383,0.9359223246574402,0.7270812392234802
YBR302C,YPR140W,0,1.2802458,0.11736060678958893,0.9359223246574402,0.7271815538406372
YOL008W,YDR225W,0,1.2801303,0.11734631657600403,0.9359223246574402,0.7272818684577942
YOR368W,YOR336W,0,1.2796434,0.11733203381299973,0.9359223246574402,0.7273821234703064
YPR183W,YIL082W-A,0,1.2793097,0.11731775850057602,0.9359223246574402,0.7274824380874634
YOR329C,YHR016C,0,1.2791344,0.11730348318815231,0.9359223246574402,0.7275827527046204
YLR157C-B,YOR030W,0,1.2760347,0.11728920787572861,0.9359223246574402,0.7276830673217773
YLR225C,YCR097W,0,1.2752947,0.1172749400138855,0.9359223246574402,0.7277833223342896
YBR203W,YBL018C,0,1.2748083,0.11726067215204239,0.9359223246574402,0.7278836369514465
YNR075W,YGL153W,0,1.2746838,0.11724641174077988,0.9359223246574402,0.7279839515686035
YGR098C,YOR295W,0,1.2744437,0.11723215132951736,0.9359223246574402,0.7280842661857605
YNL009W,YCR023C,0,1.2739483,0.11721789836883545,0.9359223246574402,0.7281845808029175
YDR408C,YGR261C,0,1.2738112,0.11720364540815353,0.9359223246574402,0.7282848358154297
YDR485C,YDL191W,0,1.2738097,0.11718939989805222,0.9359223246574402,0.7283851504325867
YJL122W,YLR453C,0,1.2732933,0.1171751543879509,0.9359223246574402,0.7284854650497437
YJR091C,YOR205C,0,1.2732475,0.11716091632843018,0.9359223246574402,0.7285857796669006
YNL021W,YBR088C,0,1.2728323,0.11714667826890945,0.9359223246574402,0.7286860346794128
YBL105C,YOR030W,0,1.2726343,0.11713244020938873,0.9359223246574402,0.7287863492965698
YPR029C,YPL228W,0,1.2723951,0.11711820960044861,0.9359223246574402,0.7288866639137268
YPL069C,YNR051C,0,1.2722963,0.11710398644208908,0.9359223246574402,0.7289869785308838
YMR291W,YJR044C,0,1.2712802,0.11708976328372955,0.9359223246574402,0.729087233543396
YFR028C,YBR199W,0,1.2707452,0.11707554012537003,0.9359223246574402,0.729187548160553
YKL124W,YBR290W,1,1.2704664,0.11718275398015976,0.9368932247161865,0.729187548160553
YMR202W,YAR066W,0,1.2702788,0.11716853082180023,0.9368932247161865,0.72928786277771
YGR121C,YIL017C,0,1.2700934,0.11715430021286011,0.9368932247161865,0.7293881773948669
YBR217W,YGR277C,0,1.2692,0.11714008450508118,0.9368932247161865,0.7294884920120239
YMR263W,YDR198C,0,1.2691994,0.11712586134672165,0.9368932247161865,0.7295887470245361
YOL146W,YMR121C,0,1.269039,0.11711165308952332,0.9368932247161865,0.7296890616416931
YDR446W,YLR089C,0,1.2687321,0.11709743738174438,0.9368932247161865,0.7297893762588501
YLR233C,YCR102C,0,1.2677454,0.11708322912454605,0.9368932247161865,0.7298896908760071
YLR307W,YGL020C,0,1.2675259,0.11706902831792831,0.9368932247161865,0.7299899458885193
YPL242C,YML069W,0,1.2673109,0.11705482751131058,0.9368932247161865,0.7300902605056763
YHL007C,YOR017W,0,1.266585,0.11704063415527344,0.9368932247161865,0.7301905751228333
YJR099W,YNL099C,0,1.2663137,0.1170264333486557,0.9368932247161865,0.7302908897399902
YKL188C,YNL083W,0,1.2662727,0.11701224744319916,0.9368932247161865,0.7303911447525024
YOR339C,YBR167C,0,1.2662519,0.11699806153774261,0.9368932247161865,0.7304914593696594
YDR365W-B,YHR121W,0,1.2659575,0.11698387563228607,0.9368932247161865,0.7305917739868164
YDR349C,YBL009W,0,1.2657377,0.11696969717741013,0.9368932247161865,0.7306920886039734
YCL045C,YLR071C,0,1.2653949,0.11695551872253418,0.9368932247161865,0.7307924032211304
YNL047C,YML026C,0,1.2650344,0.11694134771823883,0.9368932247161865,0.7308926582336426
YOR362C,YCR043C,0,1.2649465,0.11692717671394348,0.9368932247161865,0.7309929728507996
YDL079C,YLL023C,0,1.2648629,0.11691301316022873,0.9368932247161865,0.7310932874679565
YNL209W,YOR010C,0,1.2647856,0.11689884960651398,0.9368932247161865,0.7311936020851135
YBR079C,YMR060C,0,1.264277,0.11688469350337982,0.9368932247161865,0.7312938570976257
YOR361C,YNL030W,0,1.2635709,0.11687053740024567,0.9368932247161865,0.7313941717147827
YDR104C,YKL055C,0,1.262999,0.11685638129711151,0.9368932247161865,0.7314944863319397
YOR094W,YNR051C,0,1.2628547,0.11684223264455795,0.9368932247161865,0.7315948009490967
YPR101W,YBR201W,0,1.2623892,0.1168280839920044,0.9368932247161865,0.7316950559616089
YGR033C,YGR215W,0,1.2622559,0.11681394279003143,0.9368932247161865,0.7317953705787659
YAL055W,YOR188W,0,1.2622061,0.11679980903863907,0.9368932247161865,0.7318956851959229
YHR039C,YBR106W,0,1.2620282,0.11678566783666611,0.9368932247161865,0.7319959998130798
YCL010C,YIR008C,0,1.2618512,0.11677154153585434,0.9368932247161865,0.7320963144302368
YLR233C,YDL122W,0,1.2613984,0.11675740778446198,0.9368932247161865,0.732196569442749
YDL207W,YGR278W,0,1.2611872,0.1167432889342308,0.9368932247161865,0.732296884059906
YIL067C,YDR080W,1,1.2610404,0.11685013025999069,0.9378640651702881,0.732296884059906
YDR322C-A,YDR194C,0,1.2608582,0.11683599650859833,0.9378640651702881,0.732397198677063
YCR071C,YKR045C,0,1.260718,0.11682186275720596,0.9378640651702881,0.73249751329422
YDR363W,YLR095C,0,1.2598037,0.1168077364563942,0.9378640651702881,0.7325977683067322
YHR003C,YGL207W,0,1.2598001,0.11679361760616302,0.9378640651702881,0.7326980829238892
YBR056W,YPL015C,0,1.2596983,0.11677949875593185,0.9378640651702881,0.7327983975410461
YML024W,YOL044W,0,1.2590925,0.11676537990570068,0.9378640651702881,0.7328987121582031
YLR226W,YBR106W,0,1.2587305,0.11675126850605011,0.9378640651702881,0.7329990267753601
YHR123W,YGL257C,0,1.2586201,0.11673715710639954,0.9378640651702881,0.7330992817878723
YGL234W,YBR106W,0,1.2583057,0.11672305315732956,0.9378640651702881,0.7331995964050293
YPR107C,YPL124W,0,1.2580382,0.11670894920825958,0.9378640651702881,0.7332999110221863
YDL025C,YIL016W,0,1.2572598,0.1166948527097702,0.9378640651702881,0.7334002256393433
YKL027W,YKL216W,0,1.2571656,0.11668075621128082,0.9378640651702881,0.7335004806518555
YMR134W,YBR204C,0,1.2570056,0.11666666716337204,0.9378640651702881,0.7336007952690125
YOR292C,YKL196C,1,1.2568117,0.1167733371257782,0.9388349652290344,0.7336007952690125
YNL082W,YNR032W,0,1.2563535,0.11675923317670822,0.9388349652290344,0.7337011098861694
YDR385W,YOL146W,0,1.2562107,0.11674514412879944,0.9388349652290344,0.7338014245033264
YLR372W,YKL137W,0,1.2560627,0.11673104763031006,0.9388349652290344,0.7339016795158386
YLR157C-A,YLR424W,0,1.255337,0.11671695858240128,0.9388349652290344,0.7340019941329956
YPL053C,YPL037C,0,1.2551392,0.11670286953449249,0.9388349652290344,0.7341023087501526
YDR191W,YJR125C,0,1.2550199,0.1166887879371643,0.9388349652290344,0.7342026233673096
YDL232W,YPL266W,0,1.2546381,0.11667471379041672,0.9388349652290344,0.7343029379844666
YBR133C,YDR147W,0,1.2544156,0.11666063219308853,0.9388349652290344,0.7344031929969788
YGL048C,YBR018C,0,1.2540072,0.11664656549692154,0.9388349652290344,0.7345035076141357
YDR191W,YDL150W,0,1.2534915,0.11663249135017395,0.9388349652290344,0.7346038222312927
YPL132W,YIL099W,0,1.2534302,0.11661842465400696,0.9388349652290344,0.7347041368484497
YOR321W,YOR017W,0,1.2524148,0.11660436540842056,0.9388349652290344,0.7348043918609619
YPR104C,YPR107C,0,1.25238,0.11659030616283417,0.9388349652290344,0.7349047064781189
YHL033C,YBR288C,0,1.2523557,0.11657625436782837,0.9388349652290344,0.7350050210952759
YLR423C,YHR188C,0,1.2518157,0.11656219512224197,0.9388349652290344,0.7351053357124329
YOR035C,YOR077W,0,1.2516133,0.11654815077781677,0.9388349652290344,0.7352055907249451
YDL155W,YCR088W,0,1.2515582,0.11653410643339157,0.9388349652290344,0.735305905342102
YKR081C,YDR141C,0,1.2513762,0.11652006208896637,0.9388349652290344,0.735406219959259
YPL241C,YCR083W,0,1.2509838,0.11650602519512177,0.9388349652290344,0.735506534576416
YGL002W,YMR260C,0,1.2509071,0.11649198830127716,0.9388349652290344,0.735606849193573
YGL145W,YHR019C,0,1.250667,0.11647795885801315,0.9388349652290344,0.7357071042060852
YIL082W-A,YGR013W,0,1.2502326,0.11646392941474915,0.9388349652290344,0.7358074188232422
YER183C,YLR368W,0,1.2495008,0.11644989997148514,0.9388349652290344,0.7359077334403992
YLR332W,YBL071W-A,0,1.249358,0.11643588542938232,0.9388349652290344,0.7360080480575562
YBR019C,YCR043C,0,1.2491945,0.11642186343669891,0.9388349652290344,0.7361083030700684
YDR191W,YDR221W,0,1.2489594,0.1164078488945961,0.9388349652290344,0.7362086176872253
YKL127W,YDL191W,0,1.2488208,0.11639383435249329,0.9388349652290344,0.7363089323043823
YHL009C,YLR117C,0,1.2484413,0.11637982726097107,0.9388349652290344,0.7364092469215393
YGR157W,YHR187W,0,1.2478163,0.11636582762002945,0.9388349652290344,0.7365095019340515
YHR079C-A,YGL153W,0,1.2476996,0.11635182052850723,0.9388349652290344,0.7366098165512085
YDR346C,YNL082W,0,1.2476337,0.11633782833814621,0.9388349652290344,0.7367101311683655
YOR336W,YER166W,0,1.2473584,0.11632382869720459,0.9388349652290344,0.7368104457855225
YPR124W,YDR480W,0,1.2472111,0.11630983650684357,0.9388349652290344,0.7369107604026794
YGR247W,YOL027C,0,1.2471999,0.11629585176706314,0.9388349652290344,0.7370110154151917
YDR202C,YPR094W,0,1.2470859,0.11628186702728271,0.9388349652290344,0.7371113300323486
YPR201W,YOR100C,0,1.2469612,0.11626788228750229,0.9388349652290344,0.7372116446495056
YPL232W,YNR046W,0,1.2468759,0.11625390499830246,0.9388349652290344,0.7373119592666626
YOR229W,YJR007W,0,1.2459238,0.11623993515968323,0.9388349652290344,0.7374122142791748
YOR321W,YLR274W,0,1.2457622,0.1162259578704834,0.9388349652290344,0.7375125288963318
YJR161C,YDL174C,0,1.245567,0.11621199548244476,0.9388349652290344,0.7376128435134888
YER021W,YMR260C,0,1.2455028,0.11619802564382553,0.9388349652290344,0.7377131581306458
YPL217C,YCR003W,0,1.2451464,0.11618407070636749,0.9388349652290344,0.737813413143158
YJR056C,YIL017C,0,1.2450558,0.11617010831832886,0.9388349652290344,0.7379137277603149
YGR090W,YNL229C,0,1.2439045,0.11615615338087082,0.9388349652290344,0.7380140423774719
YGL208W,YKL092C,0,1.2435576,0.11614220589399338,0.9388349652290344,0.7381143569946289
YMR277W,YOL077W-A,0,1.2434222,0.11612825840711594,0.9388349652290344,0.7382146716117859
YJL184W,YGR128C,0,1.2433064,0.1161143109202385,0.9388349652290344,0.7383149266242981
YMR278W,YKR045C,0,1.2431906,0.11610037088394165,0.9388349652290344,0.7384152412414551
YGR157W,YLR157C-B,0,1.242925,0.1160864382982254,0.9388349652290344,0.7385155558586121
YDL168W,YPL029W,0,1.2428542,0.11607249826192856,0.9388349652290344,0.738615870475769
YOR095C,YNL053W,0,1.2425913,0.11605856567621231,0.9388349652290344,0.7387161254882812
YGR049W,YGL153W,0,1.2418953,0.11604464054107666,0.9388349652290344,0.7388164401054382
YLL052C,YHR042W,0,1.241552,0.11603071540594101,0.9388349652290344,0.7389167547225952
YLR262C,YKR003W,0,1.2409523,0.11601679772138596,0.9388349652290344,0.7390170693397522
YML110C,YOL077W-A,0,1.2402581,0.1160028800368309,0.9388349652290344,0.7391173243522644
YDR225W,YPL029W,0,1.2402247,0.11598896235227585,0.9388349652290344,0.7392176389694214
YPL047W,YJR099W,0,1.2401872,0.11597505211830139,0.9388349652290344,0.7393179535865784
YLR157C-B,YCR034W,0,1.2400316,0.11596114933490753,0.9388349652290344,0.7394182682037354
YLR166C,YBR098W,0,1.2396169,0.11594723910093307,0.9388349652290344,0.7395185828208923
YML126C,YCR043C,0,1.238961,0.11593334376811981,0.9388349652290344,0.7396188378334045
YPL192C,YDR198C,0,1.2387245,0.11591944098472595,0.9388349652290344,0.7397191524505615
YDR506C,YMR277W,0,1.2374237,0.11590555310249329,0.9388349652290344,0.7398194670677185
YJR007W,YFR055W,0,1.2370094,0.11589165776968002,0.9388349652290344,0.7399197816848755
YBL003C,YLR022C,0,1.2366881,0.11587776988744736,0.9388349652290344,0.7400200366973877
YJL051W,YJL210W,0,1.2363191,0.11586388945579529,0.9388349652290344,0.7401203513145447
YGR186W,YBL066C,0,1.2363026,0.11585000902414322,0.9388349652290344,0.7402206659317017
YDR156W,YJL002C,0,1.2355123,0.11583612859249115,0.9388349652290344,0.7403209805488586
YCR020W-B,YOL077W-A,0,1.2352852,0.11582225561141968,0.9388349652290344,0.7404212355613708
YFR028C,YER157W,0,1.2351693,0.1158083826303482,0.9388349652290344,0.7405215501785278
YIL162W,YPL187W,0,1.2345041,0.11579451709985733,0.9388349652290344,0.7406218647956848
YBR302C,YPR107C,0,1.2340358,0.11578065156936646,0.9388349652290344,0.7407221794128418
YLR408C,YLL042C,0,1.233971,0.11576679348945618,0.9388349652290344,0.7408224940299988
YHR034C,YOL089C,0,1.2332457,0.1157529354095459,0.9388349652290344,0.740922749042511
YCR083W,YDR206W,0,1.233226,0.11573907732963562,0.9388349652290344,0.741023063659668
YOL097C,YNR051C,0,1.2328981,0.11572522670030594,0.9388349652290344,0.741123378276825
YPL283C,YDR156W,0,1.231965,0.11571137607097626,0.9388349652290344,0.7412236928939819
YAL032C,YNL279W,0,1.2315803,0.11569753289222717,0.9388349652290344,0.7413239479064941
YER016W,YOR153W,0,1.2315658,0.11568369716405869,0.9388349652290344,0.7414242625236511
YAL032C,YPL249C-A,0,1.231145,0.1156698539853096,0.9388349652290344,0.7415245771408081
YMR214W,YGR121C,0,1.2311206,0.11565602570772171,0.9388349652290344,0.7416248917579651
YJL139C,YGL224C,0,1.2308851,0.11564218997955322,0.9388349652290344,0.7417251467704773
YGR195W,YMR231W,0,1.2307929,0.11562836170196533,0.9388349652290344,0.7418254613876343
YGL020C,YDR450W,0,1.2306575,0.11561454087495804,0.9388349652290344,0.7419257760047913
YCR097W,YLR453C,0,1.2298923,0.11560072004795074,0.9388349652290344,0.7420260906219482
YGL207W,YOL137W,0,1.2289884,0.11558689922094345,0.9388349652290344,0.7421264052391052
YGR059W,YDL004W,0,1.2282016,0.11557308584451675,0.9388349652290344,0.7422266602516174
YCL033C,YLL042C,0,1.2274728,0.11555927246809006,0.9388349652290344,0.7423269748687744
YOR007C,YAL061W,0,1.2268796,0.11554546654224396,0.9388349652290344,0.7424272894859314
YER119C,YKR045C,0,1.2255478,0.11553166061639786,0.9388349652290344,0.7425276041030884
YKL112W,YLR135W,0,1.2252856,0.11551786214113235,0.9388349652290344,0.7426278591156006
YJR033C,YGR295C,1,1.2251607,0.11562350392341614,0.939805805683136,0.7426278591156006
YDR216W,YMR060C,0,1.2250806,0.11560969799757004,0.939805805683136,0.7427281737327576
YIL040W,YDL014W,0,1.224984,0.11559589207172394,0.939805805683136,0.7428284883499146
YOR362C,YFL002C,0,1.2247378,0.11558208614587784,0.939805805683136,0.7429288029670715
YLR410W,YOR153W,0,1.2239139,0.11556828767061234,0.939805805683136,0.7430290579795837
YER146W,YNR036C,0,1.2229989,0.11555449664592743,0.939805805683136,0.7431293725967407
YDR316W,YPL270W,0,1.2229167,0.11554069817066193,0.939805805683136,0.7432296872138977
YKL137W,YDR480W,0,1.2223004,0.11552691459655762,0.939805805683136,0.7433300018310547
YPL084W,YOR360C,0,1.2219738,0.11551312357187271,0.939805805683136,0.7434303164482117
YDR113C,YKL092C,0,1.2219254,0.115499347448349,0.939805805683136,0.7435305714607239
YGL047W,YDR123C,0,1.221536,0.11548556387424469,0.939805805683136,0.7436308860778809
YPL283C,YHR166C,0,1.2212511,0.11547178775072098,0.939805805683136,0.7437312006950378
YJR105W,YML121W,0,1.2208221,0.11545801162719727,0.939805805683136,0.7438315153121948
YPL232W,YNL256W,0,1.2205456,0.11544424295425415,0.939805805683136,0.743931770324707
YNL312W,YJL122W,0,1.2194107,0.11543048173189163,0.939805805683136,0.744032084941864
YMR216C,YFL002C,0,1.219361,0.11541671305894852,0.939805805683136,0.744132399559021
YKL125W,YBR239C,0,1.2188138,0.1154029592871666,0.939805805683136,0.744232714176178
YCR071C,YPL187W,0,1.2180271,0.11538919806480408,0.939805805683136,0.744333028793335
YNL067W,YCR083W,0,1.2179528,0.11537544429302216,0.939805805683136,0.7444332838058472
YMR014W,YHR102W,0,1.2179018,0.11536169797182083,0.939805805683136,0.7445335984230042
YLR240W,YLR399C,0,1.2177154,0.1153479516506195,0.939805805683136,0.7446339130401611
YDR311W,YCR067C,0,1.217667,0.11533420532941818,0.939805805683136,0.7447342276573181
YCL033C,YOR022C,0,1.2175735,0.11532046645879745,0.939805805683136,0.7448344826698303
YNL115C,YOL122C,1,1.2172805,0.11542584747076035,0.9407767057418823,0.7448344826698303
YAL032C,YDL147W,0,1.2171754,0.11541210114955902,0.9407767057418823,0.7449347972869873
YOL016C,YER058W,0,1.2167919,0.1153983548283577,0.9407767057418823,0.7450351119041443
YIL031W,YIL122W,0,1.216329,0.11538461595773697,0.9407767057418823,0.7451354265213013
YLR376C,YLR308W,0,1.2162126,0.11537087708711624,0.9407767057418823,0.7452356815338135
YHR034C,YDL214C,0,1.2161909,0.11535714566707611,0.9407767057418823,0.7453359961509705
YGR275W,YJR017C,0,1.2157739,0.11534341424703598,0.9407767057418823,0.7454363107681274
YOL060C,YBR154C,0,1.2157217,0.11532968282699585,0.9407767057418823,0.7455366253852844
YBR133C,YBL066C,0,1.2156966,0.11531595885753632,0.9407767057418823,0.7456369400024414
YDR225W,YKL152C,0,1.2156808,0.11530223488807678,0.9407767057418823,0.7457371950149536
YOR210W,YDR266C,0,1.2153035,0.11528851836919785,0.9407767057418823,0.7458375096321106
YGL131C,YLR210W,0,1.2152485,0.11527480185031891,0.9407767057418823,0.7459378242492676
YHL007C,YMR291W,0,1.2147982,0.11526109278202057,0.9407767057418823,0.7460381388664246
YOR362C,YKL035W,0,1.2144936,0.11524738371372223,0.9407767057418823,0.7461383938789368
YLR388W,YBR161W,0,1.2135036,0.11523367464542389,0.9407767057418823,0.7462387084960938
YGR231C,YOR188W,0,1.2134281,0.11521997302770615,0.9407767057418823,0.7463390231132507
YHR065C,YMR134W,0,1.2132186,0.115206278860569,0.9407767057418823,0.7464393377304077
YGR049W,YPR058W,0,1.2130569,0.11519258469343185,0.9407767057418823,0.7465395927429199
YOR354C,YKR098C,0,1.212855,0.11517889052629471,0.9407767057418823,0.7466399073600769
YIL117C,YDR006C,0,1.2127877,0.11516520380973816,0.9407767057418823,0.7467402219772339
YGR215W,YPL190C,0,1.2122637,0.11515151709318161,0.9407767057418823,0.7468405365943909
YNR032W,YKR029C,0,1.2119861,0.11513783037662506,0.9407767057418823,0.7469408512115479
YNL037C,YML001W,0,1.2115906,0.11512415111064911,0.9407767057418823,0.7470411062240601
YHL009C,YLR308W,0,1.2108673,0.11511047929525375,0.9407767057418823,0.747141420841217
YNL139C,YER075C,0,1.210857,0.1150968074798584,0.9407767057418823,0.747241735458374
YGR121C,YJL014W,0,1.2107776,0.11508313566446304,0.9407767057418823,0.747342050075531
YFL052W,YIL067C,0,1.2105814,0.11506947129964828,0.9407767057418823,0.7474423050880432
YHR134W,YKL222C,0,1.2103094,0.11505580693483353,0.9407767057418823,0.7475426197052002
YBR098W,YOR198C,0,1.2099376,0.11504215002059937,0.9407767057418823,0.7476429343223572
YBR127C,YNL217W,1,1.2098013,0.1151471957564354,0.9417475461959839,0.7476429343223572
YDR225W,YGL179C,0,1.2096298,0.11513353139162064,0.9417475461959839,0.7477432489395142
YOR368W,YML001W,0,1.2095058,0.11511986702680588,0.9417475461959839,0.7478435039520264
YEL055C,YOR205C,0,1.2093018,0.11510620266199112,0.9417475461959839,0.7479438185691833
YBR018C,YOR064C,0,1.2088108,0.11509254574775696,0.9417475461959839,0.7480441331863403
YDR348C,YJL210W,0,1.2086498,0.1150788962841034,0.9417475461959839,0.7481444478034973
YBR203W,YHR176W,0,1.2086369,0.11506524682044983,0.9417475461959839,0.7482447624206543
YMR216C,YMR231W,0,1.2085736,0.11505159735679626,0.9417475461959839,0.7483450174331665
YBR152W,YHR019C,0,1.2076213,0.1150379478931427,0.9417475461959839,0.7484453320503235
YLR210W,YNR049C,0,1.2071545,0.11502430588006973,0.9417475461959839,0.7485456466674805
YPR023C,YPL162C,0,1.2068006,0.11501067131757736,0.9417475461959839,0.7486459612846375
YLR393W,YDR363W,0,1.206335,0.11499703675508499,0.9417475461959839,0.7487462162971497
YBR128C,YLL024C,1,1.2054784,0.11510194092988968,0.9427184462547302,0.7487462162971497
YGL224C,YNL090W,0,1.2051905,0.11508829891681671,0.9427184462547302,0.7488465309143066
YDL002C,YER011W,0,1.2050089,0.11507466435432434,0.9427184462547302,0.7489468455314636
YFL055W,YCL010C,0,1.2046992,0.11506102979183197,0.9427184462547302,0.7490471601486206
YJR129C,YBR135W,0,1.2045435,0.1150473952293396,0.9427184462547302,0.7491474151611328
YPR018W,YMR280C,0,1.2044874,0.11503376066684723,0.9427184462547302,0.7492477297782898
YDR237W,YDR363W,0,1.2038332,0.11502014100551605,0.9427184462547302,0.7493480443954468
YDR051C,YDR141C,0,1.2037724,0.11500651389360428,0.9427184462547302,0.7494483590126038
YGL100W,YFL008W,0,1.2037103,0.1149928942322731,0.9427184462547302,0.7495486736297607
YDR043C,YHR128W,0,1.2036256,0.11497927457094193,0.9427184462547302,0.749648928642273
YPL060C-A,YPL283C,0,1.2023302,0.11496566236019135,0.9427184462547302,0.7497492432594299
YGR157W,YIL091C,0,1.2013563,0.11495205760002136,0.9427184462547302,0.7498495578765869
YGR223C,YBR139W,1,1.2000129,0.11505682021379471,0.9436893463134766,0.7498495578765869
YPR066W,YJL118W,0,1.1996945,0.11504320055246353,0.9436893463134766,0.7499498724937439
YGL043W,YGR109C,0,1.1993008,0.11502958834171295,0.9436893463134766,0.7500501275062561
YJL209W,YFR009W,0,1.1991264,0.11501597613096237,0.9436893463134766,0.7501504421234131
YDR311W,YIR021W,0,1.1989466,0.11500236392021179,0.9436893463134766,0.7502507567405701
YNL021W,YMR244C-A,0,1.1986982,0.11498875916004181,0.9436893463134766,0.750351071357727
YJL051W,YKR045C,0,1.1984367,0.11497516185045242,0.9436893463134766,0.7504513263702393
YNL177C,YKR042W,0,1.1981939,0.11496156454086304,0.9436893463134766,0.7505516409873962
YMR024W,YOL077W-A,0,1.1981523,0.11494796723127365,0.9436893463134766,0.7506519556045532
YMR216C,YML121W,0,1.1976725,0.11493437737226486,0.9436893463134766,0.7507522702217102
YGR091W,YNL265C,0,1.1975706,0.11492078751325607,0.9436893463134766,0.7508525848388672
YER035W,YML062C,0,1.1963853,0.11490719765424728,0.9436893463134766,0.7509528398513794
YDL168W,YKL137W,0,1.1962515,0.11489361524581909,0.9436893463134766,0.7510531544685364
YDL005C,YMR121C,0,1.1960872,0.1148800402879715,0.9436893463134766,0.7511534690856934
YDR153C,YLR453C,0,1.1949644,0.1148664653301239,0.9436893463134766,0.7512537837028503
YLR310C,YDR208W,0,1.1947,0.1148528903722763,0.9436893463134766,0.7513540387153625
YML069W,YGL079W,0,1.1935474,0.11483932286500931,0.9436893463134766,0.7514543533325195
YNL264C,YOR295W,0,1.193509,0.11482575535774231,0.9436893463134766,0.7515546679496765
YML078W,YJR086W,0,1.193236,0.11481218785047531,0.9436893463134766,0.7516549825668335
YDR113C,YGL077C,0,1.1931252,0.11479862779378891,0.9436893463134766,0.7517552375793457
YMR161W,YMR060C,0,1.1930152,0.1147850751876831,0.9436893463134766,0.7518555521965027
YPR103W,YDR480W,0,1.1925236,0.1147715225815773,0.9436893463134766,0.7519558668136597
YJL010C,YPL249C-A,0,1.1918142,0.1147579699754715,0.9436893463134766,0.7520561814308167
YNL148C,YEL009C,0,1.1915685,0.11474442481994629,0.9436893463134766,0.7521564960479736
YFR042W,YER004W,0,1.1911478,0.11473087966442108,0.9436893463134766,0.7522567510604858
YCR017C,YLR229C,0,1.1909906,0.11471733450889587,0.9436893463134766,0.7523570656776428
YMR216C,YHR050W,0,1.1906942,0.11470379680395126,0.9436893463134766,0.7524573802947998
YPL088W,YDR522C,0,1.1903418,0.11469026654958725,0.9436893463134766,0.7525576949119568
YKR060W,YOR329C,0,1.1890801,0.11467673629522324,0.9436893463134766,0.752657949924469
YLR210W,YNL256W,0,1.1890513,0.11466320604085922,0.9436893463134766,0.752758264541626
YBR203W,YKR045C,0,1.1889791,0.1146496832370758,0.9436893463134766,0.752858579158783
YNL323W,YPL072W,0,1.1887661,0.11463616043329239,0.9436893463134766,0.7529588937759399
YDR191W,YHR065C,0,1.1883439,0.11462264508008957,0.9436893463134766,0.7530591487884521
YLR340W,YDR198C,0,1.1879392,0.11460912972688675,0.9436893463134766,0.7531594634056091
YPR018W,YMR161W,0,1.1877835,0.11459561437368393,0.9436893463134766,0.7532597780227661
YPL081W,YKL012W,0,1.187613,0.1145821064710617,0.9436893463134766,0.7533600926399231
YIL067C,YML065W,0,1.1873283,0.11456859856843948,0.9436893463134766,0.7534604072570801
YLR307W,YLR136C,0,1.1868362,0.11455509811639786,0.9436893463134766,0.7535606622695923
YOL094C,YOL016C,0,1.1866876,0.11454159766435623,0.9436893463134766,0.7536609768867493
YKL137W,YNL336W,0,1.1865917,0.1145281046628952,0.9436893463134766,0.7537612915039062
YKL137W,YLR453C,0,1.1864284,0.11451461166143417,0.9436893463134766,0.7538616061210632
YFR028C,YMR154C,0,1.1862887,0.11450111865997314,0.9436893463134766,0.7539618611335754
YBL036C,YPL212C,0,1.1861995,0.11448763310909271,0.9436893463134766,0.7540621757507324
YBR186W,YHR124W,0,1.1857644,0.11447414755821228,0.9436893463134766,0.7541624903678894
YKL025C,YGL245W,0,1.1855148,0.11446066945791245,0.9436893463134766,0.7542628049850464
YCR073C,YLR216C,0,1.1852106,0.11444719135761261,0.9436893463134766,0.7543630599975586
YER011W,YOR058C,0,1.1850234,0.11443372070789337,0.9436893463134766,0.7544633746147156
YGR028W,YAR014C,0,1.1849256,0.11442025005817413,0.9436893463134766,0.7545636892318726
YPR058W,YOR255W,0,1.1847712,0.1144067794084549,0.9436893463134766,0.7546640038490295
YDR180W,YML026C,0,1.1832601,0.11439331620931625,0.9436893463134766,0.7547643184661865
YOL130W,YGR091W,0,1.1831244,0.11437985301017761,0.9436893463134766,0.7548645734786987
YLR299W,YJL151C,1,1.1827883,0.11448405683040619,0.9446601867675781,0.7548645734786987
YMR243C,YLR396C,1,1.1825475,0.11458823829889297,0.9456310868263245,0.7548645734786987
YKL092C,YPR065W,0,1.1815295,0.11457475274801254,0.9456310868263245,0.7549648880958557
YJL028W,YKR045C,0,1.1810762,0.1145612820982933,0.9456310868263245,0.7550652027130127
YDR104C,YLR319C,0,1.1807522,0.11454780399799347,0.9456310868263245,0.7551655173301697
YCL010C,YDR293C,0,1.1794347,0.11453433334827423,0.9456310868263245,0.7552657723426819
YEL077C,YPR025C,0,1.1793407,0.11452087014913559,0.9456310868263245,0.7553660869598389
YBL016W,YMR280C,0,1.1792113,0.11450740694999695,0.9456310868263245,0.7554664015769958
YKL146W,YER124C,0,1.1787893,0.1144939437508583,0.9456310868263245,0.7555667161941528
YKR092C,YOR255W,0,1.1785976,0.11448048800230026,0.9456310868263245,0.755666971206665
YJR090C,YIL110W,0,1.1770767,0.11446703225374222,0.9456310868263245,0.755767285823822
YLR128W,YNL275W,0,1.1770751,0.11445358395576477,0.9456310868263245,0.755867600440979
YOR307C,YHR203C,0,1.1769661,0.11444013565778732,0.9456310868263245,0.755967915058136
YKR087C,YNL087W,0,1.1765972,0.11442669481039047,0.9456310868263245,0.756068229675293
YLR320W,YKL152C,0,1.17649,0.11441325396299362,0.9456310868263245,0.7561684846878052
YEL046C,YGR172C,0,1.1759409,0.11439981311559677,0.9456310868263245,0.7562687993049622
YCL019W,YMR164C,0,1.1759342,0.11438637971878052,0.9456310868263245,0.7563691139221191
YGR074W,YKR024C,0,1.1759238,0.11437294632196426,0.9456310868263245,0.7564694285392761
YNL315C,YHR128W,0,1.1757902,0.11435951292514801,0.9456310868263245,0.7565696835517883
YJL059W,YBR187W,1,1.1757357,0.11446348577737808,0.946601927280426,0.7565696835517883
YGR049W,YGL150C,0,1.1756145,0.11445005238056183,0.946601927280426,0.7566699981689453
YML064C,YOR298C-A,0,1.1754724,0.11443661898374557,0.946601927280426,0.7567703127861023
YKR018C,YHR032W,0,1.1754467,0.11442319303750992,0.946601927280426,0.7568706274032593
YDR141C,YNL099C,0,1.1753739,0.11440975964069366,0.946601927280426,0.7569709420204163
YOR005C,YMR244C-A,0,1.1753224,0.1143963411450386,0.946601927280426,0.7570711970329285
YKL163W,YPR094W,0,1.1744751,0.11438291519880295,0.946601927280426,0.7571715116500854
YDR538W,YEL003W,0,1.174344,0.11436950415372849,0.946601927280426,0.7572718262672424
YDR202C,YPR124W,0,1.1734635,0.11435608565807343,0.946601927280426,0.7573721408843994
YLR376C,YJL115W,0,1.1716087,0.11434267461299896,0.946601927280426,0.7574723958969116
YEL063C,YFL034C-A,0,1.171376,0.1143292710185051,0.946601927280426,0.7575727105140686
YJL113W,YOR100C,0,1.1713045,0.11431585997343063,0.946601927280426,0.7576730251312256
YDR316W,YNL097C,0,1.1710135,0.11430246382951736,0.946601927280426,0.7577733397483826
YGL079W,YDR266C,0,1.1701034,0.1142890602350235,0.946601927280426,0.7578735947608948
YNL222W,YDR141C,0,1.1700833,0.11427567154169083,0.946601927280426,0.7579739093780518
YDL226C,YFR009W,0,1.1700803,0.11426227539777756,0.946601927280426,0.7580742239952087
YOL119C,YGL145W,0,1.1697692,0.11424888670444489,0.946601927280426,0.7581745386123657
YNL126W,YNL257C,0,1.1692351,0.11423549801111221,0.946601927280426,0.7582748532295227
YJL002C,YKL216W,0,1.1688133,0.11422211676836014,0.946601927280426,0.7583751082420349
YNL014W,YMR067C,0,1.1683676,0.11420873552560806,0.946601927280426,0.7584754228591919
YGR049W,YBL009W,0,1.167891,0.11419536173343658,0.946601927280426,0.7585757374763489
YLR406C,YML001W,0,1.1664792,0.1141819879412651,0.946601927280426,0.7586760520935059
YHR003C,YLR178C,0,1.1663352,0.11416862159967422,0.946601927280426,0.7587763071060181
YNL124W,YBR167C,0,1.1654699,0.11415524780750275,0.946601927280426,0.758876621723175
YNL299W,YOL077W-A,0,1.1627859,0.11414188891649246,0.946601927280426,0.758976936340332
YLR423C,YOR141C,0,1.1626596,0.11412852257490158,0.946601927280426,0.759077250957489
YKL046C,YOL039W,0,1.1624396,0.1141151711344719,0.946601927280426,0.7591775059700012
YDR186C,YNR046W,0,1.1620914,0.11410181224346161,0.946601927280426,0.7592778205871582
YKL211C,YGL029W,0,1.1620897,0.11408846080303192,0.946601927280426,0.7593781352043152
YOR144C,YBR179C,0,1.1616724,0.11407511681318283,0.946601927280426,0.7594784498214722
YOR028C,YCR043C,0,1.1616479,0.11406176537275314,0.946601927280426,0.7595787644386292
YEL026W,YHL020C,0,1.1612066,0.11404842883348465,0.946601927280426,0.7596790194511414
YOR118W,YDL122W,0,1.1608583,0.11403508484363556,0.946601927280426,0.7597793340682983
YEL026W,YAL042W,0,1.1605335,0.11402174830436707,0.946601927280426,0.7598796486854553
YKL027W,YBR021W,0,1.1603674,0.11400841921567917,0.946601927280426,0.7599799633026123
YHL022C,YDR113C,0,1.1602958,0.11399509012699127,0.946601927280426,0.7600802183151245
YFL053W,YNL275W,0,1.1600944,0.11398176103830338,0.946601927280426,0.7601805329322815
YKL055C,YMR068W,0,1.1598765,0.11396843940019608,0.946601927280426,0.7602808475494385
YHR188C,YNL014W,0,1.1595031,0.11395511776208878,0.946601927280426,0.7603811621665955
YML123C,YHR152W,0,1.1583834,0.11394180357456207,0.946601927280426,0.7604814171791077
YBR216C,YMR260C,0,1.15737,0.11392848938703537,0.946601927280426,0.7605817317962646
YEL064C,YBR161W,1,1.1568252,0.11403201520442963,0.9475728273391724,0.7605817317962646
YOR173W,YDR316W,0,1.1556147,0.11401869356632233,0.9475728273391724,0.7606820464134216
YGR074W,YFL008W,0,1.1548102,0.11400537192821503,0.9475728273391724,0.7607823610305786
YHR141C,YOL034W,0,1.1547974,0.11399205774068832,0.9475728273391724,0.7608826756477356
YOL137W,YDR484W,0,1.1546401,0.11397874355316162,0.9475728273391724,0.7609829306602478
YBR258C,YDL156W,0,1.1533136,0.11396543681621552,0.9475728273391724,0.7610832452774048
YPR183W,YGL234W,0,1.1531869,0.11395213007926941,0.9475728273391724,0.7611835598945618
YKL176C,YGR038C-B,0,1.152676,0.1139388307929039,0.9475728273391724,0.7612838745117188
YHR191C,YBR288C,0,1.1520818,0.11392553150653839,0.9475728273391724,0.761384129524231
YJL145W,YNL209W,0,1.152022,0.11391223222017288,0.9475728273391724,0.7614844441413879
YDL153C,YOR202W,0,1.1519052,0.11389894038438797,0.9475728273391724,0.7615847587585449
YNL067W,YOR307C,0,1.151703,0.11388564854860306,0.9475728273391724,0.7616850733757019
YLR013W,YNR039C,0,1.150961,0.11387235671281815,0.9475728273391724,0.7617853283882141
YBR127C,YHL001W,0,1.1508814,0.11385907977819443,0.9475728273391724,0.7618856430053711
YIL121W,YJL050W,0,1.1508039,0.11384579539299011,0.9475728273391724,0.7619859576225281
YDR339C,YKR029C,0,1.1504724,0.1138325184583664,0.9475728273391724,0.7620862722396851
YOR229W,YPL266W,0,1.1500185,0.11381924152374268,0.9475728273391724,0.762186586856842
YDR432W,YFR028C,0,1.1499418,0.11380597203969955,0.9475728273391724,0.7622868418693542
YOL016C,YLR013W,0,1.1498648,0.11379270255565643,0.9475728273391724,0.7623871564865112
YOR196C,YDR264C,0,1.149638,0.11377943307161331,0.9475728273391724,0.7624874711036682
YBR126C,YGL208W,0,1.1492645,0.11376617103815079,0.9475728273391724,0.7625877857208252
YDL226C,YKL184W,0,1.1489948,0.11375291645526886,0.9475728273391724,0.7626880407333374
YGR038W,YNL254C,0,1.1487836,0.11373965442180634,0.9475728273391724,0.7627883553504944
YJL028W,YER169W,0,1.1487381,0.113726407289505,0.9475728273391724,0.7628886699676514
YJL159W,YKR046C,0,1.1487119,0.11371315270662308,0.9475728273391724,0.7629889845848083
YPR082C,YPL008W,0,1.1486217,0.11369990557432175,0.9475728273391724,0.7630892395973206
YLR405W,YGL012W,0,1.1471716,0.11368666589260101,0.9475728273391724,0.7631895542144775
YGL043W,YKL208W,0,1.1464201,0.11367341876029968,0.9475728273391724,0.7632898688316345
YPL132W,YIL168W,0,1.1455415,0.11366018652915955,0.9475728273391724,0.7633901834487915
YOR118W,YPR107C,0,1.1443111,0.11364694684743881,0.9475728273391724,0.7634904980659485
YDL005C,YCL011C,0,1.1436632,0.11363371461629868,0.9475728273391724,0.7635907530784607
YGL166W,YIR035C,0,1.1436353,0.11362048983573914,0.9475728273391724,0.7636910676956177
YCR020W-B,YGL054C,0,1.1424085,0.1136072650551796,0.9475728273391724,0.7637913823127747
YOL097C,YDR153C,0,1.1422673,0.11359404027462006,0.9475728273391724,0.7638916969299316
YHL009C,YHR032W,0,1.1422671,0.11358082294464111,0.9475728273391724,0.7639919519424438
YLR071C,YAR008W,0,1.1419436,0.11356760561466217,0.9475728273391724,0.7640922665596008
YHR178W,YPL275W,0,1.1406218,0.11355439573526382,0.9475728273391724,0.7641925811767578
YJL050W,YJR044C,0,1.1404978,0.11354117840528488,0.9475728273391724,0.7642928957939148
YKR013W,YFR028C,0,1.1404362,0.11352797597646713,0.9475728273391724,0.764393150806427
YGL150C,YHR102W,0,1.1398007,0.11351477354764938,0.9475728273391724,0.764493465423584
YLR336C,YJR129C,0,1.1391934,0.11350157111883163,0.9475728273391724,0.764593780040741
YLR226W,YHR128W,0,1.1386327,0.11348836869001389,0.9475728273391724,0.764694094657898
YJR129C,YMR044W,0,1.137963,0.11347517371177673,0.9475728273391724,0.7647944092750549
YBR235W,YEL042W,0,1.1376673,0.11346198618412018,0.9475728273391724,0.7648946642875671
YEL026W,YDR198C,0,1.1375445,0.11344879865646362,0.9475728273391724,0.7649949789047241
YOR094W,YDL004W,0,1.1372504,0.11343561112880707,0.9475728273391724,0.7650952935218811
YPL016W,YDR294C,0,1.1371833,0.11342243105173111,0.9475728273391724,0.7651956081390381
YLR166C,YPR061C,0,1.137002,0.11340925097465515,0.9475728273391724,0.7652958631515503
YNL124W,YPL072W,0,1.136487,0.1133960708975792,0.9475728273391724,0.7653961777687073
YER065C,YPR058W,0,1.1360146,0.11338289827108383,0.9475728273391724,0.7654964923858643
YKL096W,YBR229C,0,1.1357695,0.11336972564458847,0.9475728273391724,0.7655968070030212
YMR104C,YKR092C,0,1.1352898,0.1133565604686737,0.9475728273391724,0.7656970620155334
YPL029W,YBR161W,0,1.1342393,0.11334339529275894,0.9475728273391724,0.7657973766326904
YGR028W,YKL208W,0,1.1339837,0.11333023756742477,0.9475728273391724,0.7658976912498474
YNL252C,YKL012W,0,1.133808,0.1133170798420906,0.9475728273391724,0.7659980058670044
YJR044C,YCR043C,0,1.1336619,0.11330392211675644,0.9475728273391724,0.7660983204841614
YBL006C,YPL212C,0,1.1336163,0.11329077184200287,0.9475728273391724,0.7661985754966736
YER119C,YNL177C,0,1.13353,0.1132776215672493,0.9475728273391724,0.7662988901138306
YKL146W,YFL053W,0,1.1335027,0.11326447874307632,0.9475728273391724,0.7663992047309875
YOR125C,YJL093C,0,1.1331832,0.11325133591890335,0.9475728273391724,0.7664995193481445
YOL088C,YLR340W,0,1.1331416,0.11323819309473038,0.9475728273391724,0.7665997743606567
YOL094C,YDL052C,0,1.1320728,0.113225057721138,0.9475728273391724,0.7667000889778137
YGR163W,YLL015W,1,1.1317025,0.11332792043685913,0.9485436677932739,0.7667000889778137
YDR020C,YDL178W,0,1.1310979,0.11331477761268616,0.9485436677932739,0.7668004035949707
YOL088C,YDL122W,0,1.1310657,0.11330163478851318,0.9485436677932739,0.7669007182121277
YPL020C,YPL192C,0,1.1309536,0.1132884994149208,0.9485436677932739,0.7670009732246399
YPL227C,YLR310C,0,1.130663,0.11327536404132843,0.9485436677932739,0.7671012878417969
YDL168W,YHR072W,0,1.1295788,0.11326222866773605,0.9485436677932739,0.7672016024589539
YLR340W,YJL002C,0,1.1282911,0.11324910074472427,0.9485436677932739,0.7673019170761108
YGL044C,YNL099C,0,1.12779,0.1132359728217125,0.9485436677932739,0.7674022316932678
YOR144C,YBR244W,0,1.1277639,0.11322285234928131,0.9485436677932739,0.76750248670578
YNL075W,YEL011W,0,1.1273429,0.11320973187685013,0.9485436677932739,0.767602801322937
YPR158W-A,YLR319C,0,1.1270808,0.11319661885499954,0.9485436677932739,0.767703115940094
YBL004W,YJL002C,0,1.126837,0.11318350583314896,0.9485436677932739,0.767803430557251
YLR336C,YDL058W,0,1.1267723,0.11317039281129837,0.9485436677932739,0.7679036855697632
YPL211W,YIL131C,0,1.1262182,0.11315728724002838,0.9485436677932739,0.7680040001869202
YFR009W,YPR065W,0,1.1259885,0.11314418166875839,0.9485436677932739,0.7681043148040771
YOR128C,YGR023W,0,1.1257366,0.1131310760974884,0.9485436677932739,0.7682046294212341
YGR068C,YML010W,0,1.1257244,0.11311797797679901,0.9485436677932739,0.7683049440383911
YBR200W,YOR210W,0,1.1255797,0.11310488730669022,0.9485436677932739,0.7684051990509033
YDR349C,YMR092C,0,1.1255392,0.11309179663658142,0.9485436677932739,0.7685055136680603
YOR247W,YPL234C,1,1.1251559,0.11319444328546524,0.9495145678520203,0.7685055136680603
YGL086W,YML008C,0,1.1250211,0.11318134516477585,0.9495145678520203,0.7686058282852173
YOL041C,YGL055W,0,1.1248447,0.11316824704408646,0.9495145678520203,0.7687061429023743
YPR061C,YDR153C,0,1.1247406,0.11315515637397766,0.9495145678520203,0.7688063979148865
YIL131C,YOL068C,0,1.1241163,0.11314206570386887,0.9495145678520203,0.7689067125320435
YGR152C,YDR206W,0,1.1240638,0.11312897503376007,0.9495145678520203,0.7690070271492004
YDL002C,YML114C,0,1.1234399,0.11311589181423187,0.9495145678520203,0.7691073417663574
YDL049C,YDR488C,0,1.1232086,0.11310280859470367,0.9495145678520203,0.7692075967788696
YNL009W,YBR057C,0,1.1225432,0.11308973282575607,0.9495145678520203,0.7693079113960266
YPL047W,YGL044C,0,1.1220975,0.11307665705680847,0.9495145678520203,0.7694082260131836
YOR100C,YOR214C,0,1.1217965,0.11306358128786087,0.9495145678520203,0.7695085406303406
YOR368W,YBL003C,0,1.1216649,0.11305051296949387,0.9495145678520203,0.7696088552474976
YOR190W,YPR112C,0,1.1214132,0.11303744465112686,0.9495145678520203,0.7697091102600098
YER144C,YDR314C,0,1.1211882,0.11302438378334045,0.9495145678520203,0.7698094248771667
YLR262C,YOL113W,0,1.1210719,0.11301132291555405,0.9495145678520203,0.7699097394943237
YDR073W,YDL147W,0,1.1209098,0.11299826949834824,0.9495145678520203,0.7700100541114807
YBR215W,YCL030C,0,1.1207391,0.11298521608114243,0.9495145678520203,0.7701103091239929
YNR046W,YGL175C,0,1.1204693,0.11297216266393661,0.9495145678520203,0.7702106237411499
YKL213C,YAR014C,0,1.1203192,0.1129591092467308,0.9495145678520203,0.7703109383583069
YOR208W,YEL077C,0,1.120236,0.11294607073068619,0.9495145678520203,0.7704112529754639
YIL091C,YFL022C,0,1.1201388,0.11293302476406097,0.9495145678520203,0.7705115079879761
YGL130W,YPL170W,0,1.1198455,0.11291998624801636,0.9495145678520203,0.7706118226051331
YPL128C,YOR130C,0,1.1193978,0.11290694773197174,0.9495145678520203,0.77071213722229
YBR133C,YDR079C-A,0,1.1193079,0.11289391666650772,0.9495145678520203,0.770812451839447
YBL006C,YDL191W,0,1.1192499,0.1128808856010437,0.9495145678520203,0.770912766456604
YCR073C,YDR488C,0,1.1188815,0.11286786198616028,0.9495145678520203,0.7710130214691162
YDR339C,YJL014W,0,1.118354,0.11285483837127686,0.9495145678520203,0.7711133360862732
YPL047W,YIR021W,0,1.1181539,0.11284181475639343,0.9495145678520203,0.7712136507034302
YKL035W,YOL077W-A,0,1.117986,0.1128287985920906,0.9495145678520203,0.7713139653205872
YOL068C,YPL192C,0,1.1179638,0.11281578242778778,0.9495145678520203,0.7714142203330994
YAL061W,YLL023C,0,1.1176131,0.11280276626348495,0.9495145678520203,0.7715145349502563
YOL097C,YMR060C,0,1.1173418,0.11278975754976273,0.9495145678520203,0.7716148495674133
YGL153W,YNL113W,0,1.1171309,0.1127767562866211,0.9495145678520203,0.7717151641845703
YMR263W,YBR056W,0,1.1167256,0.11276374757289886,0.9495145678520203,0.7718154191970825
YDR311W,YLR069C,0,1.1159717,0.11275074630975723,0.9495145678520203,0.7719157338142395
YBR241C,YHR202W,1,1.115538,0.1128530278801918,0.9504854083061218,0.7719157338142395
YDL194W,YKL018W,0,1.1148024,0.11284001916646957,0.9504854083061218,0.7720160484313965
YKL113C,YBR077C,0,1.1142594,0.11282701045274734,0.9504854083061218,0.7721163630485535
YML064C,YGR128C,0,1.1141291,0.11281400918960571,0.9504854083061218,0.7722166776657104
YML064C,YHR062C,0,1.1140617,0.11280101537704468,0.9504854083061218,0.7723169326782227
YDL049C,YLR308W,0,1.1129297,0.11278802156448364,0.9504854083061218,0.7724172472953796
YDR452W,YGR163W,1,1.1124095,0.11289022117853165,0.9514563083648682,0.7724172472953796
YLR013W,YOR073W,0,1.1117134,0.11287721991539001,0.9514563083648682,0.7725175619125366
YER019W,YDL079C,0,1.1111538,0.11286421865224838,0.9514563083648682,0.7726178765296936
YHR141C,YDR156W,0,1.110825,0.11285121738910675,0.9514563083648682,0.7727181315422058
YHR121W,YGL153W,0,1.1105171,0.11283822357654572,0.9514563083648682,0.7728184461593628
YIL127C,YDL049C,0,1.1095651,0.11282523721456528,0.9514563083648682,0.7729187607765198
YLR066W,YGR098C,0,1.1093926,0.11281225085258484,0.9514563083648682,0.7730190753936768
YLR128W,YML058W,0,1.1084957,0.1127992644906044,0.9514563083648682,0.773119330406189
YEL005C,YIR014W,1,1.1083287,0.11290136724710464,0.9524272084236145,0.773119330406189
YDR156W,YIL017C,0,1.1083124,0.1128883808851242,0.9524272084236145,0.773219645023346
YHR091C,YDR266C,0,1.1078575,0.11287538707256317,0.9524272084236145,0.7733199596405029
YJR086W,YLR022C,0,1.1076924,0.11286240071058273,0.9524272084236145,0.7734202742576599
YLR376C,YLR222C,0,1.1074463,0.11284942179918289,0.9524272084236145,0.7735205888748169
YNL275W,YKL196C,1,1.1069802,0.11295145750045776,0.9533980488777161,0.7735205888748169
YDL010W,YCL010C,0,1.1069325,0.11293847113847733,0.9533980488777161,0.7736208438873291
YPL029W,YJL076W,0,1.1062037,0.11292548477649689,0.9533980488777161,0.7737211585044861
YDR302W,YCR043C,0,1.1057314,0.11291249841451645,0.9533980488777161,0.7738214731216431
YBR077C,YPL266W,0,1.1053202,0.11289951950311661,0.9533980488777161,0.7739217877388
YKL176C,YPL079W,0,1.1052779,0.11288654059171677,0.9533980488777161,0.7740220427513123
YHR007C,YIL049W,0,1.1052645,0.11287356168031693,0.9533980488777161,0.7741223573684692
YHL008C,YDR229W,1,1.1048517,0.11297552287578583,0.9543689489364624,0.7741223573684692
YDL188C,YBR004C,0,1.1048145,0.11296253651380539,0.9543689489364624,0.7742226719856262
YPR018W,YHR091C,0,1.1045277,0.11294955760240555,0.9543689489364624,0.7743229866027832
YDL079C,YGL160W,0,1.1039275,0.1129365786910057,0.9543689489364624,0.7744232416152954
YMR309C,YDR484W,0,1.1039099,0.11292360723018646,0.9543689489364624,0.7745235562324524
YMR323W,YFL008W,0,1.103777,0.11291063576936722,0.9543689489364624,0.7746238708496094
YLR057W,YBR293W,0,1.1034313,0.11289767175912857,0.9543689489364624,0.7747241854667664
YNR056C,YLR155C,0,1.1025742,0.11288470029830933,0.9543689489364624,0.7748245000839233
YOR149C,YGL145W,0,1.1023053,0.11287174373865128,0.9543689489364624,0.7749247550964355
YDR311W,YKL211C,0,1.1011814,0.11285877972841263,0.9543689489364624,0.7750250697135925
YBR186W,YCL026C-A,0,1.1003181,0.11284583061933517,0.9543689489364624,0.7751253843307495
YLR084C,YHR196W,0,1.0998145,0.11283287405967712,0.9543689489364624,0.7752256989479065
YIR013C,YOR202W,0,1.0993632,0.11281992495059967,0.9543689489364624,0.7753259539604187
YML025C,YML010W,0,1.0993586,0.11280697584152222,0.9543689489364624,0.7754262685775757
YER183C,YML026C,0,1.0983016,0.11279403418302536,0.9543689489364624,0.7755265831947327
YEL077C,YGR065C,0,1.0975662,0.1127810925245285,0.9543689489364624,0.7756268978118896
YMR052W,YIL168W,0,1.0975266,0.11276815086603165,0.9543689489364624,0.7757271528244019
YER001W,YNR046W,0,1.0968457,0.11275521665811539,0.9543689489364624,0.7758274674415588
YGR257C,YOR256C,0,1.0965682,0.11274228990077972,0.9543689489364624,0.7759277820587158
YPL162C,YPL006W,1,1.0953561,0.11284403502941132,0.955339789390564,0.7759277820587158
YLR431C,YER021W,0,1.095328,0.11283110082149506,0.955339789390564,0.7760280966758728
YPL032C,YOR058C,0,1.0951732,0.1128181591629982,0.955339789390564,0.7761284112930298
YBL097W,YOL113W,0,1.0950724,0.11280522495508194,0.955339789390564,0.776228666305542
YNR036C,YBL002W,0,1.0940735,0.11279229819774628,0.955339789390564,0.776328980922699
YML062C,YOR293W,0,1.0940417,0.11277937144041061,0.955339789390564,0.776429295539856
YJR105W,YOL137W,0,1.0937289,0.11276644468307495,0.955339789390564,0.7765296101570129
YJL151C,YOL013C,0,1.0936388,0.11275352537631989,0.955339789390564,0.7766298651695251
YOR064C,YGR206W,0,1.0934144,0.11274060606956482,0.955339789390564,0.7767301797866821
YPR029C,YGL033W,0,1.0932472,0.11272768676280975,0.955339789390564,0.7768304944038391
YKR013W,YDL191W,0,1.0922545,0.11271477490663528,0.955339789390564,0.7769308090209961
YBL005W-A,YBR135W,0,1.0921727,0.11270187050104141,0.955339789390564,0.7770310640335083
YGL121C,YPL005W,0,1.0916737,0.11268895864486694,0.955339789390564,0.7771313786506653
YBR298C,YJL154C,0,1.0915754,0.11267605423927307,0.955339789390564,0.7772316932678223
YJR064W,YGR091W,0,1.0913237,0.1126631572842598,0.955339789390564,0.7773320078849792
YOR149C,YLR388W,0,1.0909013,0.11265026032924652,0.955339789390564,0.7774323225021362
YDL193W,YOR231W,0,1.0908056,0.11263736337423325,0.955339789390564,0.7775325775146484
YHR062C,YBR135W,0,1.0907134,0.11262447386980057,0.955339789390564,0.7776328921318054
YLR013W,YPL249C,0,1.0902123,0.11261158436536789,0.955339789390564,0.7777332067489624
YOR208W,YDR339C,0,1.0900676,0.11259869486093521,0.955339789390564,0.7778335213661194
YDR202C,YIR003W,0,1.0900209,0.11258581280708313,0.955339789390564,0.7779337763786316
YDR147W,YCR048W,0,1.0890404,0.11257293075323105,0.955339789390564,0.7780340909957886
YOR064C,YNL326C,0,1.0890008,0.11256005614995956,0.955339789390564,0.7781344056129456
YLR148W,YDL150W,0,1.0886344,0.11254718154668808,0.955339789390564,0.7782347202301025
YMR011W,YGR068C,0,1.0884627,0.1125343069434166,0.955339789390564,0.7783349752426147
YER048C,YMR044W,0,1.0882193,0.11252143979072571,0.955339789390564,0.7784352898597717
YIL131C,YOL021C,0,1.0880964,0.11250857263803482,0.955339789390564,0.7785356044769287
YLR431C,YDL161W,0,1.0877583,0.11249571293592453,0.955339789390564,0.7786359190940857
YLR332W,YDR488C,0,1.0868467,0.11248285323381424,0.955339789390564,0.7787362337112427
YOL033W,YLL042C,0,1.086805,0.11246999353170395,0.955339789390564,0.7788364887237549
YLR388W,YJR077C,0,1.0863982,0.11245714128017426,0.955339789390564,0.7789368033409119
YNL009W,YLR155C,0,1.0848719,0.11244428902864456,0.955339789390564,0.7790371179580688
YKL124W,YBR131W,1,1.0843538,0.11254570633172989,0.9563106894493103,0.7790371179580688
YOR118W,YKL160W,0,1.0839329,0.1125328466296196,0.9563106894493103,0.7791374325752258
YHR050W,YBR187W,1,1.082529,0.11263422667980194,0.9572815299034119,0.7791374325752258
YDR348C,YGL130W,0,1.0805078,0.11262135952711105,0.9572815299034119,0.779237687587738
YDL066W,YOL077W-A,0,1.0804867,0.11260849982500076,0.9572815299034119,0.779338002204895
YLR116W,YBL016W,0,1.0796859,0.11259564012289047,0.9572815299034119,0.779438316822052
YLR332W,YHR200W,0,1.0792133,0.11258278042078018,0.9572815299034119,0.779538631439209
YGL184C,YIR010W,0,1.0787333,0.11256992816925049,0.9572815299034119,0.779638946056366
YNR039C,YLR066W,0,1.0777749,0.1125570759177208,0.9572815299034119,0.7797392010688782
YHR003C,YNL125C,0,1.0774244,0.1125442311167717,0.9572815299034119,0.7798395156860352
YBL042C,YGL077C,0,1.0770422,0.1125313863158226,0.9572815299034119,0.7799398303031921
YLR262C,YJR067C,0,1.0763069,0.1125185415148735,0.9572815299034119,0.7800401449203491
YBR302C,YPL030W,0,1.0761889,0.112505704164505,0.9572815299034119,0.7801403999328613
YMR119W,YOR125C,0,1.0760767,0.1124928668141365,0.9572815299034119,0.7802407145500183
YKL025C,YPL237W,0,1.0760393,0.1124800369143486,0.9572815299034119,0.7803410291671753
YOL049W,YLR368W,0,1.0747222,0.1124672070145607,0.9572815299034119,0.7804413437843323
YGL047W,YOR003W,0,1.0745498,0.1124543771147728,0.9572815299034119,0.7805415987968445
YMR077C,YPL045W,1,1.0744245,0.112555593252182,0.9582524299621582,0.7805415987968445
YNR061C,YDR352W,1,1.0743581,0.11265678703784943,0.9592233300209045,0.7805415987968445
YJL123C,YPL270W,0,1.0741612,0.11264394223690033,0.9592233300209045,0.7806419134140015
YGR041W,YOR005C,0,1.072657,0.11263109743595123,0.9592233300209045,0.7807422280311584
YER157W,YML010W,0,1.071493,0.11261826008558273,0.9592233300209045,0.7808425426483154
YDR302W,YMR291W,0,1.0713283,0.11260542273521423,0.9592233300209045,0.7809428572654724
YBR186W,YGR121C,0,1.0711212,0.11259259283542633,0.9592233300209045,0.7810431122779846
YGL134W,YKL208W,0,1.0708935,0.11257976293563843,0.9592233300209045,0.7811434268951416
YDL232W,YGR163W,0,1.070707,0.11256693303585052,0.9592233300209045,0.7812437415122986
YOR058C,YOR077W,0,1.0700523,0.11255411058664322,0.9592233300209045,0.7813440561294556
YGL254W,YCR089W,0,1.069193,0.11254128813743591,0.9592233300209045,0.7814443111419678
YBL027W,YIL065C,0,1.0690142,0.1125284731388092,0.9592233300209045,0.7815446257591248
YNL003C,YER075C,0,1.068732,0.1125156581401825,0.9592233300209045,0.7816449403762817
YHR124W,YHL020C,0,1.0686632,0.11250284314155579,0.9592233300209045,0.7817452549934387
YBR133C,YBR288C,0,1.0678445,0.11249003559350967,0.9592233300209045,0.7818455100059509
YOL097C,YOR077W,0,1.0673372,0.11247722804546356,0.9592233300209045,0.7819458246231079
YOR336W,YGL044C,0,1.0672112,0.11246442794799805,0.9592233300209045,0.7820461392402649
YJR159W,YGR091W,0,1.0670267,0.11245162785053253,0.9592233300209045,0.7821464538574219
YIL085C,YBR239C,0,1.0669686,0.11243882775306702,0.9592233300209045,0.7822467684745789
YBL042C,YMR079W,0,1.0667075,0.1124260351061821,0.9592233300209045,0.7823470234870911
YEL026W,YHR200W,0,1.0641491,0.11241324245929718,0.9592233300209045,0.782447338104248
YDR450W,YBR008C,0,1.0640155,0.11240045726299286,0.9592233300209045,0.782547652721405
YJL137C,YJL184W,0,1.0634292,0.11238767206668854,0.9592233300209045,0.782647967338562
YDR229W,YBL078C,1,1.0625861,0.11248862743377686,0.9601941704750061,0.782647967338562
YNL003C,YKL084W,0,1.0619383,0.11247583478689194,0.9601941704750061,0.7827482223510742
YDR147W,YML022W,0,1.0617335,0.11246304214000702,0.9601941704750061,0.7828485369682312
YPL190C,YDL161W,0,1.0613312,0.1124502569437027,0.9601941704750061,0.7829488515853882
YBR133C,YLR341W,0,1.0604947,0.11243747174739838,0.9601941704750061,0.7830491662025452
YML078W,YIL129C,0,1.0603422,0.11242468655109406,0.9601941704750061,0.7831494212150574
YJR095W,YOR307C,0,1.0595527,0.11241190880537033,0.9601941704750061,0.7832497358322144
YDR540C,YLR136C,0,1.058969,0.1123991385102272,0.9601941704750061,0.7833500504493713
YBR132C,YBR286W,1,1.0589446,0.11249999701976776,0.9611650705337524,0.7833500504493713
YPL192C,YIL129C,0,1.0588652,0.11248721927404404,0.9611650705337524,0.7834503650665283
YDR143C,YNL279W,0,1.0568365,0.11247443407773972,0.9611650705337524,0.7835506796836853
YLR233C,YPL255W,0,1.0566686,0.11246166378259659,0.9611650705337524,0.7836509346961975
YKL222C,YOR339C,0,1.0560755,0.11244888603687286,0.9611650705337524,0.7837512493133545
YOR368W,YPL124W,0,1.0559298,0.11243611574172974,0.9611650705337524,0.7838515639305115
YOR361C,YOR360C,0,1.055853,0.11242334544658661,0.9611650705337524,0.7839518785476685
YGR257C,YOR178C,0,1.055449,0.11241058260202408,0.9611650705337524,0.7840521335601807
YOL041C,YIR010W,0,1.0552658,0.11239781975746155,0.9611650705337524,0.7841524481773376
YBL066C,YBR044C,0,1.0548458,0.11238506436347961,0.9611650705337524,0.7842527627944946
YMR231W,YOR367W,0,1.0546731,0.11237230151891708,0.9611650705337524,0.7843530774116516
YIL041W,YHR001W,0,1.0544544,0.11235955357551575,0.9611650705337524,0.7844533324241638
YMR121C,YIL097W,0,1.0543913,0.11234679818153381,0.9611650705337524,0.7845536470413208
YOL001W,YGR261C,0,1.0539207,0.11233405023813248,0.9611650705337524,0.7846539616584778
YNR026C,YOR367W,0,1.0534142,0.11232130974531174,0.9611650705337524,0.7847542762756348
YML025C,YNL099C,0,1.0534129,0.1123085618019104,0.9611650705337524,0.7848545908927917
YJL177W,YER122C,0,1.0531001,0.11229582875967026,0.9611650705337524,0.784954845905304
YDL156W,YGR098C,0,1.052867,0.11228308826684952,0.9611650705337524,0.7850551605224609
YLR070C,YPR094W,0,1.0527407,0.11227035522460938,0.9611650705337524,0.7851554751396179
YHR091C,YKL157W,0,1.0525483,0.11225762218236923,0.9611650705337524,0.7852557897567749
YER019W,YER073W,0,1.0520705,0.11224489659070969,0.9611650705337524,0.7853560447692871
YGR148C,YOL049W,0,1.0497867,0.11223217099905014,0.9611650705337524,0.7854563593864441
YDL147W,YHR166C,0,1.0497563,0.11221945285797119,0.9611650705337524,0.7855566740036011
YCR071C,YJL076W,0,1.0497073,0.11220673471689224,0.9611650705337524,0.7856569886207581
YLR376C,YOR295W,0,1.0495678,0.1121940165758133,0.9611650705337524,0.7857572436332703
YOL122C,YMR171C,1,1.0493435,0.11229461431503296,0.962135910987854,0.7857572436332703
YKR060W,YNL265C,0,1.0492858,0.11228189617395401,0.962135910987854,0.7858575582504272
YLR423C,YJR002W,0,1.0491076,0.11226917058229446,0.962135910987854,0.7859578728675842
YGR195W,YDL058W,0,1.0487884,0.11225645989179611,0.962135910987854,0.7860581874847412
YAL014C,YMR216C,0,1.0486832,0.11224374175071716,0.962135910987854,0.7861585021018982
YIL162W,YKL073W,0,1.0481731,0.11223103106021881,0.962135910987854,0.7862587571144104
YGR278W,YHR045W,0,1.0470166,0.11221832036972046,0.962135910987854,0.7863590717315674
YIR013C,YML019W,0,1.0466396,0.1122056171298027,0.962135910987854,0.7864593863487244
YOL110W,YBR210W,0,1.046573,0.11219291388988495,0.962135910987854,0.7865597009658813
YHR072W-A,YKL193C,0,1.0465366,0.1121802106499672,0.962135910987854,0.7866599559783936
YML118W,YJR129C,0,1.0449268,0.11216751486063004,0.962135910987854,0.7867602705955505
YMR214W,YOR140W,0,1.0445019,0.11215481907129288,0.962135910987854,0.7868605852127075
YLR332W,YOR367W,0,1.0440121,0.11214213073253632,0.962135910987854,0.7869608998298645
YDR058C,YLR081W,0,1.0439961,0.11212944239377975,0.962135910987854,0.7870611548423767
YKR080W,YJR017C,0,1.043895,0.1121167540550232,0.962135910987854,0.7871614694595337
YOR354C,YFL062W,0,1.0434073,0.11210407316684723,0.962135910987854,0.7872617840766907
YGR074W,YLR256W,0,1.0433433,0.11209139227867126,0.962135910987854,0.7873620986938477
YOL044W,YMR067C,0,1.043198,0.1120787188410759,0.962135910987854,0.7874624133110046
YKL027W,YDR538W,0,1.0422779,0.11206603795289993,0.962135910987854,0.7875626683235168
YKL211C,YHR042W,0,1.0411762,0.11205337196588516,0.962135910987854,0.7876629829406738
YKL092C,YPL265W,0,1.0408474,0.1120406985282898,0.962135910987854,0.7877632975578308
YLR178C,YOR122C,0,1.0406322,0.11202803254127502,0.962135910987854,0.7878636121749878
YLR210W,YLR216C,0,1.0400056,0.11201537400484085,0.962135910987854,0.7879638671875
YPL046C,YDL236W,0,1.039383,0.11200271546840668,0.962135910987854,0.788064181804657
YOR118W,YHR039C,0,1.039226,0.1119900569319725,0.962135910987854,0.788164496421814
YHR079C-A,YOR336W,0,1.0389179,0.11197739839553833,0.962135910987854,0.788264811038971
YLR071C,YGL134W,0,1.0383966,0.11196474730968475,0.962135910987854,0.7883650660514832
YPL132W,YBR104W,0,1.0379473,0.11195210367441177,0.962135910987854,0.7884653806686401
YLR132C,YML058W,0,1.0377637,0.1119394525885582,0.962135910987854,0.7885656952857971
YDL213C,YNR075W,0,1.037594,0.11192681640386581,0.962135910987854,0.7886660099029541
YIL049W,YNL329C,0,1.03591,0.11191417276859283,0.962135910987854,0.7887663245201111
YDR210W,YGL029W,0,1.0357337,0.11190153658390045,0.962135910987854,0.7888665795326233
YBR241C,YPL006W,1,1.035615,0.11200180649757385,0.9631068110466003,0.7888665795326233
YCR069W,YDL174C,0,1.0355226,0.11198916286230087,0.9631068110466003,0.7889668941497803
YLR332W,YIL016W,0,1.0350252,0.1119765192270279,0.9631068110466003,0.7890672087669373
YLR225C,YOR003W,0,1.0334247,0.11196388304233551,0.9631068110466003,0.7891675233840942
YML114C,YHL018W,0,1.033119,0.11195124685764313,0.9631068110466003,0.7892677783966064
YLR138W,YKL176C,0,1.0329641,0.11193861067295074,0.9631068110466003,0.7893680930137634
YMR293C,YJL074C,0,1.0324706,0.11192598193883896,0.9631068110466003,0.7894684076309204
YLR307W,YPR201W,0,1.0323371,0.11191336065530777,0.9631068110466003,0.7895687222480774
YBR217W,YDR198C,0,1.031631,0.11190073192119598,0.9631068110466003,0.7896689772605896
YHR134W,YHR045W,0,1.0316261,0.1118881106376648,0.9631068110466003,0.7897692918777466
YPR020W,YLR453C,0,1.0315679,0.1118754968047142,0.9631068110466003,0.7898696064949036
YGL125W,YHR042W,0,1.0307342,0.11186287552118301,0.9631068110466003,0.7899699211120605
YHL018W,YNL035C,0,1.0302076,0.11185026168823242,0.9631068110466003,0.7900702357292175
YOR371C,YGR249W,0,1.0296322,0.11183765530586243,0.9631068110466003,0.7901704907417297
YDL212W,YNL072W,0,1.0294241,0.11182504892349243,0.9631068110466003,0.7902708053588867
YLL039C,YKL157W,0,1.0291555,0.11181244254112244,0.9631068110466003,0.7903711199760437
YPL268W,YJR019C,0,1.0291239,0.11179984360933304,0.9631068110466003,0.7904714345932007
YNR056C,YLR210W,0,1.029014,0.11178724467754364,0.9631068110466003,0.7905716896057129
YDR408C,YOR303W,0,1.0288633,0.11177464574575424,0.9631068110466003,0.7906720042228699
YDR113C,YML008C,0,1.0286721,0.11176205426454544,0.9631068110466003,0.7907723188400269
YOL146W,YER003C,0,1.028661,0.11174946278333664,0.9631068110466003,0.7908726334571838
YJR095W,YDR153C,0,1.0281868,0.11173687875270844,0.9631068110466003,0.7909729480743408
YIL157C,YDR409W,0,1.0269903,0.11172429472208023,0.9631068110466003,0.791073203086853
YKR081C,YFL008W,0,1.0268339,0.11171171069145203,0.9631068110466003,0.79117351770401
YEL077C,YER157W,0,1.026613,0.11169913411140442,0.9631068110466003,0.791273832321167
YPR104C,YOL068C,0,1.0261484,0.11168655753135681,0.9631068110466003,0.791374146938324
YBR217W,YCR027C,0,1.0261227,0.1116739809513092,0.9631068110466003,0.7914744019508362
YGL099W,YNL021W,0,1.0257746,0.1116614118218422,0.9631068110466003,0.7915747165679932
YOR255W,YPL072W,0,1.02536,0.11164884269237518,0.9631068110466003,0.7916750311851501
YHL022C,YDL239C,0,1.0250124,0.11163628101348877,0.9631068110466003,0.7917753458023071
YLR421C,YDL165W,0,1.0247754,0.11162371933460236,0.9631068110466003,0.7918756008148193
YEL009C,YDR409W,0,1.024471,0.11161115765571594,0.9631068110466003,0.7919759154319763
YOL110W,YPL008W,0,1.0242125,0.11159860342741013,0.9631068110466003,0.7920762300491333
YFL008W,YNR051C,0,1.0241872,0.11158604919910431,0.9631068110466003,0.7921765446662903
YDL020C,YIL131C,0,1.024161,0.11157350242137909,0.9631068110466003,0.7922768592834473
YHR102W,YDL174C,0,1.0235902,0.11156095564365387,0.9631068110466003,0.7923771142959595
YNL071W,YJL099W,0,1.0235187,0.11154840886592865,0.9631068110466003,0.7924774289131165
YLR138W,YPL232W,0,1.0221528,0.11153586953878403,0.9631068110466003,0.7925777435302734
YKR010C,YOL089C,0,1.0208324,0.1115233302116394,0.9631068110466003,0.7926780581474304
YNL186W,YDR477W,0,1.0199969,0.11151079088449478,0.9631068110466003,0.7927783131599426
YAL014C,YDL150W,0,1.0199854,0.11149825900793076,0.9631068110466003,0.7928786277770996
YNL030W,YBR135W,0,1.0197643,0.11148572713136673,0.9631068110466003,0.7929789423942566
YPR075C,YLR051C,0,1.0195869,0.1114732027053833,0.9631068110466003,0.7930792570114136
YIL023C,YHR032W,0,1.0189687,0.11146067082881927,0.9631068110466003,0.7931795120239258
YFL016C,YGL022W,0,1.0185046,0.11144815385341644,0.9631068110466003,0.7932798266410828
YNL316C,YJL159W,0,1.0182354,0.11143562942743301,0.9631068110466003,0.7933801412582397
YGR068C,YPL236C,0,1.0168587,0.11142311245203018,0.9631068110466003,0.7934804558753967
YGL033W,YJL104W,0,1.0165197,0.11141060292720795,0.9631068110466003,0.7935807704925537
YBR079C,YEL047C,0,1.0165128,0.11139809340238571,0.9631068110466003,0.7936810255050659
YDR302W,YGR013W,0,1.0165089,0.11138558387756348,0.9631068110466003,0.7937813401222229
YKL091C,YML078W,0,1.0159875,0.11137307435274124,0.9631068110466003,0.7938816547393799
YOR362C,YHR200W,0,1.0149995,0.1113605722784996,0.9631068110466003,0.7939819693565369
YMR263W,YNR073C,0,1.0146984,0.11134807765483856,0.9631068110466003,0.7940822243690491
YBR136W,YNL047C,0,1.0143957,0.11133557558059692,0.9631068110466003,0.794182538986206
YPL053C,YOR140W,0,1.0142028,0.11132308095693588,0.9631068110466003,0.794282853603363
YNL139C,YBR019C,0,1.0136718,0.11131059378385544,0.9631068110466003,0.79438316822052
YGR038W,YLR027C,0,1.0133859,0.111298106610775,0.9631068110466003,0.7944834232330322
YOR115C,YLR077W,0,1.0127363,0.11128561943769455,0.9631068110466003,0.7945837378501892
YJR044C,YOR153W,0,1.0124019,0.1112731322646141,0.9631068110466003,0.7946840524673462
YKL113C,YNR046W,0,1.0116827,0.11126065254211426,0.9631068110466003,0.7947843670845032
YDR462W,YPL270W,0,1.0116402,0.11124818027019501,0.9631068110466003,0.7948846817016602
YGL086W,YHR203C,0,1.0114703,0.11123570054769516,0.9631068110466003,0.7949849367141724
YGL124C,YHR032W,0,1.0112283,0.11122322827577591,0.9631068110466003,0.7950852513313293
YER018C,YOR312C,0,1.0105232,0.11121076345443726,0.9631068110466003,0.7951855659484863
YPR101W,YOR196C,0,1.009559,0.1111982986330986,0.9631068110466003,0.7952858805656433
YKR081C,YPL053C,0,1.0093441,0.11118583381175995,0.9631068110466003,0.7953861355781555
YBR073W,YLR336C,0,1.0087076,0.1111733689904213,0.9631068110466003,0.7954864501953125
YJL111W,YDL191W,0,1.0087008,0.11116091161966324,0.9631068110466003,0.7955867648124695
YDL025C,YNL265C,0,1.008084,0.11114846169948578,0.9631068110466003,0.7956870794296265
YGL160W,YLR341W,0,1.0076104,0.11113600432872772,0.9631068110466003,0.7957873344421387
YML130C,YLR216C,0,1.006915,0.11112355440855026,0.9631068110466003,0.7958876490592957
YDR123C,YKL092C,0,1.0064607,0.1111111119389534,0.9631068110466003,0.7959879636764526
YLL052C,YOL089C,0,1.0063566,0.11109866946935654,0.9631068110466003,0.7960882782936096
YER016W,YGR207C,0,1.0058954,0.11108622699975967,0.9631068110466003,0.7961885929107666
YBR258C,YDR462W,0,1.0056301,0.11107378453016281,0.9631068110466003,0.7962888479232788
YAR003W,YBR102C,0,1.0056225,0.11106134951114655,0.9631068110466003,0.7963891625404358
YMR190C,YDL122W,0,1.0054517,0.11104892194271088,0.9631068110466003,0.7964894771575928
YLR027C,YPR033C,0,1.0052372,0.11103648692369461,0.9631068110466003,0.7965897917747498
YJR093C,YDR488C,0,1.0048493,0.11102405935525894,0.9631068110466003,0.796690046787262
YGR067C,YDR198C,0,1.0047927,0.11101163923740387,0.9631068110466003,0.796790361404419
YBL084C,YML008C,0,1.0037916,0.1109992191195488,0.9631068110466003,0.7968906760215759
YNL300W,YBR167C,0,1.0035067,0.11098679900169373,0.9631068110466003,0.7969909906387329
YDL064W,YGR249W,0,1.0034645,0.11097437888383865,0.9631068110466003,0.7970912456512451
YJL099W,YDL174C,0,1.0029634,0.11096196621656418,0.9631068110466003,0.7971915602684021
YER048C,YGL043W,0,1.0028576,0.1109495609998703,0.9631068110466003,0.7972918748855591
YPL256C,YLR136C,0,1.0025938,0.11093714833259583,0.9631068110466003,0.7973921895027161
YFR042W,YHR102W,0,1.0022311,0.11092474311590195,0.9631068110466003,0.797492504119873
YPR023C,YJR002W,0,1.0021831,0.11091234534978867,0.9631068110466003,0.7975927591323853
YGL017W,YHR128W,0,1.0016416,0.11089994758367538,0.9631068110466003,0.7976930737495422
YDR020C,YBR019C,0,1.001605,0.1108875498175621,0.9631068110466003,0.7977933883666992
YML007W,YIL110W,0,1.0014838,0.11087515205144882,0.9631068110466003,0.7978937029838562
YJR086W,YML069W,0,1.0008781,0.11086276173591614,0.9631068110466003,0.7979939579963684
YDR073W,YMR268C,0,1.0006597,0.11085037142038345,0.9631068110466003,0.7980942726135254
YOR360C,YOR198C,0,0.99979,0.11083798855543137,0.9631068110466003,0.7981945872306824
YLR424W,YLR022C,0,0.9995875,0.11082560569047928,0.9631068110466003,0.7982949018478394
YPL072W,YJR019C,0,0.9993095,0.11081322282552719,0.9631068110466003,0.7983951568603516
YJR099W,YGR261C,0,0.9990725,0.1108008474111557,0.9631068110466003,0.7984954714775085
YMR263W,YFL053W,0,0.9988988,0.11078847199678421,0.9631068110466003,0.7985957860946655
YKL211C,YNL272C,0,0.9982642,0.11077610403299332,0.9631068110466003,0.7986961007118225
YLR424W,YGR261C,0,0.9975956,0.11076373606920242,0.9631068110466003,0.7987964153289795
YGL033W,YOR141C,0,0.997526,0.11075136810541153,0.9631068110466003,0.7988966703414917
YFR042W,YLR368W,0,0.9974328,0.11073900759220123,0.9631068110466003,0.7989969849586487
YPL217C,YGR038W,0,0.99650854,0.11072664707899094,0.9631068110466003,0.7990972995758057
YER118C,YJR017C,0,0.9963904,0.11071428656578064,0.9631068110466003,0.7991976141929626
YDR020C,YER160C,0,0.9961887,0.11070193350315094,0.9631068110466003,0.7992978692054749
YKR081C,YHR124W,0,0.99605036,0.11068958044052124,0.9631068110466003,0.7993981838226318
YDR123C,YLR089C,0,0.9956898,0.11067722737789154,0.9631068110466003,0.7994984984397888
YIL127C,YLR148W,0,0.9950024,0.11066488176584244,0.9631068110466003,0.7995988130569458
YDR186C,YML121W,0,0.994477,0.11065253615379333,0.9631068110466003,0.799699068069458
YNL169C,YLR405W,0,0.994411,0.11064019799232483,0.9631068110466003,0.799799382686615
YPL016W,YDR156W,0,0.99413824,0.11062785983085632,0.9631068110466003,0.799899697303772
YBR018C,YOR245C,0,0.99405307,0.11061552166938782,0.9631068110466003,0.800000011920929
YIL157C,YLR119W,0,0.9940147,0.11060319095849991,0.9631068110466003,0.8001003265380859
YKR060W,YML001W,0,0.99359626,0.110590860247612,0.9631068110466003,0.8002005815505981
YIL127C,YDR206W,0,0.9934252,0.11057852953672409,0.9631068110466003,0.8003008961677551
YKR025W,YJR077C,0,0.9928834,0.11056620627641678,0.9631068110466003,0.8004012107849121
YOL008W,YLR320W,0,0.99228376,0.11055388301610947,0.9631068110466003,0.8005015254020691
YDR202C,YML019W,0,0.99176455,0.11054156720638275,0.9631068110466003,0.8006017804145813
YMR162C,YJL160C,0,0.9914852,0.11052925139665604,0.9631068110466003,0.8007020950317383
YML114C,YHR178W,0,0.99087584,0.11051693558692932,0.9631068110466003,0.8008024096488953
YDR194C,YOR035C,0,0.9907648,0.1105046197772026,0.9631068110466003,0.8009027242660522
YOR118W,YOL088C,0,0.99029297,0.11049231141805649,0.9631068110466003,0.8010029792785645
YHR016C,YJR067C,0,0.99025995,0.11048001050949097,0.9631068110466003,0.8011032938957214
YEL026W,YER004W,0,0.99021953,0.11046770960092545,0.9631068110466003,0.8012036085128784
YDR020C,YLR066W,0,0.9898036,0.11045540869235992,0.9631068110466003,0.8013039231300354
YPR023C,YPL118W,0,0.9894774,0.1104431077837944,0.9631068110466003,0.8014042377471924
YIL162W,YPL128C,0,0.9891374,0.11043081432580948,0.9631068110466003,0.8015044927597046
YDL025C,YDL178W,0,0.98842293,0.11041852086782455,0.9631068110466003,0.8016048073768616
YDR143C,YIR008C,0,0.9882923,0.11040623486042023,0.9631068110466003,0.8017051219940186
YGL001C,YER006W,0,0.98797125,0.1103939488530159,0.9631068110466003,0.8018054366111755
YBR126C,YOR367W,0,0.9865656,0.11038166284561157,0.9631068110466003,0.8019056916236877
YLR369W,YNL327W,0,0.98415226,0.11036938428878784,0.9631068110466003,0.8020060062408447
YBR021W,YLR272C,0,0.9840529,0.11035710573196411,0.9631068110466003,0.8021063208580017
YBL006C,YGR206W,0,0.9839875,0.11034482717514038,0.9631068110466003,0.8022066354751587
YMR011W,YJL092W,0,0.98344463,0.11033255606889725,0.9631068110466003,0.8023069500923157
YNL139C,YGL032C,0,0.9826034,0.11032028496265411,0.9631068110466003,0.8024072051048279
YGR249W,YOL044W,0,0.9822392,0.11030801385641098,0.9631068110466003,0.8025075197219849
YHR112C,YKL193C,0,0.98173,0.11029575020074844,0.9631068110466003,0.8026078343391418
YGL207W,YML065W,0,0.9814832,0.1102834939956665,0.9631068110466003,0.8027081489562988
YOR329C,YJR152W,0,0.9805886,0.11027123034000397,0.9631068110466003,0.802808403968811
YOL013C,YIL162W,0,0.9805861,0.11025897413492203,0.9631068110466003,0.802908718585968
YGR209C,YOR214C,0,0.9800455,0.11024671792984009,0.9631068110466003,0.803009033203125
YGL047W,YIL103W,0,0.9797125,0.11023446917533875,0.9631068110466003,0.803109347820282
YHR187W,YNL329C,0,0.9790696,0.1102222204208374,0.9631068110466003,0.8032096028327942
YDL214C,YBR204C,0,0.97861356,0.11020997911691666,0.9631068110466003,0.8033099174499512
YCR089W,YNR069C,0,0.978421,0.11019773036241531,0.9631068110466003,0.8034102320671082
YHR188C,YKL120W,0,0.9781414,0.11018549650907516,0.9631068110466003,0.8035105466842651
YOL137W,YLR256W,0,0.9769445,0.11017325520515442,0.9631068110466003,0.8036108613014221
YEL005C,YLR240W,1,0.97685605,0.11027207225561142,0.9640776515007019,0.8036108613014221
YHR039C,YLR372W,0,0.9766465,0.11025982350111008,0.9640776515007019,0.8037111163139343
YIL157C,YPL190C,0,0.97641313,0.11024758219718933,0.9640776515007019,0.8038114309310913
YML066C,YKL127W,0,0.97604394,0.11023534834384918,0.9640776515007019,0.8039117455482483
YLR084C,YCR071C,0,0.9755179,0.11022310703992844,0.9640776515007019,0.8040120601654053
YNL148C,YIL044C,0,0.9754169,0.11021087318658829,0.9640776515007019,0.8041123151779175
YDR221W,YHR166C,0,0.9753389,0.11019864678382874,0.9640776515007019,0.8042126297950745
YLR369W,YNL177C,0,0.97527784,0.11018642038106918,0.9640776515007019,0.8043129444122314
YDR522C,YNL270C,0,0.97466964,0.11017419397830963,0.9640776515007019,0.8044132590293884
YHR203C,YPR004C,0,0.97438836,0.11016196757555008,0.9640776515007019,0.8045135140419006
YGL255W,YKL127W,0,0.9743336,0.11014974862337112,0.9640776515007019,0.8046138286590576
YKL208W,YOR214C,0,0.97328466,0.11013752967119217,0.9640776515007019,0.8047141432762146
YDL155W,YGL033W,0,0.9729068,0.11012531816959381,0.9640776515007019,0.8048144578933716
YDL194W,YDL161W,0,0.97249097,0.11011310666799545,0.9640776515007019,0.8049147725105286
YGR275W,YEL071W,0,0.9723509,0.1101008951663971,0.9640776515007019,0.8050150275230408
YMR079W,YKR024C,0,0.9718351,0.11008869111537933,0.9640776515007019,0.8051153421401978
YCR042C,YIL103W,0,0.9709597,0.11007648706436157,0.9640776515007019,0.8052156567573547
YLR027C,YNL327W,0,0.97019064,0.11006429046392441,0.9640776515007019,0.8053159713745117
YJR090C,YPR018W,0,0.9698525,0.11005208641290665,0.9640776515007019,0.8054162263870239
YBR103W,YER048C,0,0.96974164,0.11003989726305008,0.9640776515007019,0.8055165410041809
YIR003W,YJL115W,0,0.96826005,0.11002770066261292,0.9640776515007019,0.8056168556213379
YKL175W,YCL069W,1,0.96825445,0.1101263016462326,0.9650485515594482,0.8056168556213379
YLR205C,YDL156W,0,0.9671189,0.11011410504579544,0.9650485515594482,0.8057171702384949
YJL145W,YOR321W,0,0.96647173,0.11010190844535828,0.9650485515594482,0.8058174252510071
YDL044C,YLR256W,0,0.9647338,0.11008971184492111,0.9650485515594482,0.8059177398681641
YLR132C,YPL118W,0,0.96457285,0.11007752269506454,0.9650485515594482,0.806018054485321
YGR152C,YPR075C,0,0.9645475,0.11006533354520798,0.9650485515594482,0.806118369102478
YGR195W,YBL097W,0,0.9644419,0.11005314439535141,0.9650485515594482,0.806218683719635
YPR151C,YDR302W,0,0.96415466,0.11004096269607544,0.9650485515594482,0.8063189387321472
YDR519W,YGR195W,0,0.9637949,0.11002878099679947,0.9650485515594482,0.8064192533493042
YDL207W,YPR201W,0,0.9628517,0.1100165992975235,0.9650485515594482,0.8065195679664612
YJL059W,YBR131W,1,0.9628341,0.11011509597301483,0.9660193920135498,0.8065195679664612
YJR064W,YGL029W,0,0.9616312,0.11010290682315826,0.9660193920135498,0.8066198825836182
YOR208W,YKL167C,0,0.9606715,0.1100907251238823,0.9660193920135498,0.8067201375961304
YPL246C,YGR098C,0,0.9600258,0.11007855087518692,0.9660193920135498,0.8068204522132874
YGR157W,YOR197W,0,0.9599031,0.11006636917591095,0.9660193920135498,0.8069207668304443
YMR214W,YPL275W,0,0.95977604,0.11005419492721558,0.9660193920135498,0.8070210814476013
YPL032C,YDR489W,0,0.9593826,0.1100420281291008,0.9660193920135498,0.8071213364601135
YLR071C,YBR021W,0,0.9584624,0.11002985388040543,0.9660193920135498,0.8072216510772705
YOR329C,YER075C,0,0.9578739,0.11001769453287125,0.9660193920135498,0.8073219656944275
YBL042C,YNL088W,0,0.95719373,0.11000552773475647,0.9660193920135498,0.8074222803115845
YDL155W,YPL275W,0,0.95708174,0.10999336838722229,0.9660193920135498,0.8075225949287415
YPR201W,YNL270C,0,0.9550236,0.10998120903968811,0.9660193920135498,0.8076228499412537
YDL232W,YOR022C,0,0.9549148,0.10996905714273453,0.9660193920135498,0.8077231645584106
YOL119C,YDR131C,1,0.9548803,0.11006741225719452,0.9669902920722961,0.8077231645584106
YPR151C,YAR066W,0,0.95459586,0.11005524545907974,0.9669902920722961,0.8078234791755676
YBR098W,YLR210W,0,0.9540885,0.11004308611154556,0.9669902920722961,0.8079237937927246
YDR349C,YNL245C,0,0.95386964,0.11003093421459198,0.9669902920722961,0.8080240488052368
YGL044C,YGL245W,0,0.95367795,0.1100187748670578,0.9669902920722961,0.8081243634223938
YPL283C,YNL270C,0,0.95347613,0.11000663042068481,0.9669902920722961,0.8082246780395508
YNR028W,YOL078W,1,0.9528004,0.11010491102933884,0.9679611921310425,0.8082246780395508
YCL020W,YFL003C,0,0.9526857,0.11009275913238525,0.9679611921310425,0.8083249926567078
YDL168W,YEL003W,0,0.952452,0.11008059978485107,0.9679611921310425,0.80842524766922
YJL137C,YCL020W,0,0.95105237,0.11006844788789749,0.9679611921310425,0.808525562286377
YER006W,YPL190C,0,0.9504023,0.11005629599094391,0.9679611921310425,0.8086258769035339
YHR034C,YLL052C,0,0.94955444,0.11004415154457092,0.9679611921310425,0.8087261915206909
YFL034C-A,YCR097W,0,0.94941014,0.11003200709819794,0.9679611921310425,0.8088265061378479
YGR172C,YAL061W,0,0.9493955,0.11001986265182495,0.9679611921310425,0.8089267611503601
YKL203C,YLL048C,1,0.9490434,0.11011806130409241,0.968932032585144,0.8089267611503601
YJL051W,YKL176C,0,0.9473056,0.11010591685771942,0.968932032585144,0.8090270757675171
YAL005C,YPR185W,0,0.9468217,0.11009376496076584,0.968932032585144,0.8091273903846741
YHR062C,YKR001C,0,0.9465345,0.11008162051439285,0.968932032585144,0.809227705001831
YGL044C,YIL122W,0,0.9449782,0.11006948351860046,0.968932032585144,0.8093279600143433
YOR284W,YNL047C,0,0.9445562,0.11005734652280807,0.968932032585144,0.8094282746315002
YOR362C,YLR095C,0,0.9443465,0.11004520952701569,0.968932032585144,0.8095285892486572
YOL049W,YGL029W,0,0.9439172,0.1100330725312233,0.968932032585144,0.8096289038658142
YMR288W,YNL224C,0,0.9438806,0.1100209429860115,0.968932032585144,0.8097291588783264
YHR042W,YMR067C,0,0.943868,0.11000882089138031,0.968932032585144,0.8098294734954834
YNL125C,YBL018C,0,0.94362324,0.10999669134616852,0.968932032585144,0.8099297881126404
YKR013W,YLR341W,0,0.94341767,0.10998456925153732,0.968932032585144,0.8100301027297974
YMR189W,YMR251W-A,0,0.9433813,0.10997245460748672,0.968932032585144,0.8101304173469543
YOR284W,YKL139W,0,0.9433636,0.10996033251285553,0.968932032585144,0.8102306723594666
YNR073C,YBR204C,0,0.94325846,0.10994821786880493,0.968932032585144,0.8103309869766235
YBR161W,YPL266W,0,0.9423323,0.10993611067533493,0.968932032585144,0.8104313015937805
YMR104C,YPL086C,0,0.9403312,0.10992400348186493,0.968932032585144,0.8105316162109375
YNR036C,YOR190W,0,0.93992513,0.10991189628839493,0.968932032585144,0.8106318712234497
YBR154C,YOR367W,0,0.93958086,0.10989978909492493,0.968932032585144,0.8107321858406067
YJR093C,YBR135W,0,0.9395605,0.10988768935203552,0.968932032585144,0.8108325004577637
YGR271C-A,YKL092C,0,0.93943334,0.10987558960914612,0.968932032585144,0.8109328150749207
YAL001C,YJR093C,0,0.93900245,0.10986349731683731,0.968932032585144,0.8110330700874329
YOR307C,YDR484W,0,0.938804,0.1098514050245285,0.968932032585144,0.8111333847045898
YOR007C,YPL066W,0,0.9385241,0.1098393127322197,0.968932032585144,0.8112336993217468
YKL086W,YCR069W,0,0.93824214,0.10982722789049149,0.968932032585144,0.8113340139389038
YOR362C,YLR319C,0,0.93756753,0.10981514304876328,0.968932032585144,0.8114343285560608
YNL075W,YIL082W-A,0,0.93735856,0.10980305820703506,0.968932032585144,0.811534583568573
YJR095W,YFL022C,0,0.9369288,0.10979098081588745,0.968932032585144,0.81163489818573
YBL016W,YDR450W,0,0.93665737,0.10977890342473984,0.968932032585144,0.811735212802887
YPL212C,YLR362W,0,0.9365563,0.10976682603359222,0.968932032585144,0.811835527420044
YMR283C,YGR215W,0,0.9365429,0.10975475609302521,0.968932032585144,0.8119357824325562
YOR307C,YBL097W,0,0.93577826,0.10974268615245819,0.968932032585144,0.8120360970497131
YJR159W,YPR185W,0,0.93575704,0.10973062366247177,0.968932032585144,0.8121364116668701
YLR398C,YML026C,0,0.9351116,0.10971856117248535,0.968932032585144,0.8122367262840271
YFR042W,YDR324C,0,0.93486536,0.10970649868249893,0.968932032585144,0.8123369812965393
YGL055W,YPR112C,0,0.93454975,0.10969443619251251,0.968932032585144,0.8124372959136963
YLR310C,YLR027C,0,0.93432087,0.10968238115310669,0.968932032585144,0.8125376105308533
YLR398C,YIL110W,0,0.9336794,0.10967032611370087,0.968932032585144,0.8126379251480103
YGL160W,YBL097W,0,0.9330437,0.10965827852487564,0.968932032585144,0.8127382397651672
YDR162C,YNL035C,0,0.9327176,0.10964623093605042,0.968932032585144,0.8128384947776794
YHR191C,YOR073W,0,0.93267566,0.10963418334722519,0.968932032585144,0.8129388093948364
YDL020C,YDL150W,0,0.93265975,0.10962214320898056,0.968932032585144,0.8130391240119934
YMR293C,YGR067C,0,0.9321218,0.10961010307073593,0.968932032585144,0.8131394386291504
YKL146W,YCR073C,0,0.93187946,0.1095980703830719,0.968932032585144,0.8132396936416626
YML025C,YNL326C,0,0.93129176,0.10958603024482727,0.968932032585144,0.8133400082588196
YLR166C,YJL123C,0,0.93116623,0.10957399755716324,0.968932032585144,0.8134403228759766
YGR087C,YHR128W,0,0.9306524,0.1095619723200798,0.968932032585144,0.8135406374931335
YPL037C,YDL014W,0,0.9306448,0.10954994708299637,0.968932032585144,0.8136409521102905
YOR255W,YMR029C,0,0.92934793,0.10953792184591293,0.968932032585144,0.8137412071228027
YNL072W,YMR202W,0,0.92920864,0.1095258966088295,0.968932032585144,0.8138415217399597
YJL154C,YDR489W,0,0.92869896,0.10951387882232666,0.968932032585144,0.8139418363571167
YKR010C,YNL316C,0,0.9282325,0.10950186848640442,0.968932032585144,0.8140421509742737
YNL134C,YHR043C,0,0.92725974,0.10948985069990158,0.968932032585144,0.8141424059867859
YER119C,YLR013W,0,0.92702526,0.10947784036397934,0.968932032585144,0.8142427206039429
YMR104C,YPL162C,0,0.92692286,0.1094658300280571,0.968932032585144,0.8143430352210999
YGL099W,YBR293W,0,0.9267606,0.10945382714271545,0.968932032585144,0.8144433498382568
YBR179C,YNR032W,0,0.9263805,0.10944182425737381,0.968932032585144,0.814543604850769
YLR084C,YBL105C,0,0.9253455,0.10942982137203217,0.968932032585144,0.814643919467926
YMR113W,YNL113W,0,0.9240381,0.10941782593727112,0.968932032585144,0.814744234085083
YKL096W,YGR109C,0,0.9239643,0.10940583050251007,0.968932032585144,0.81484454870224
YIR007W,YAL047C,0,0.9233631,0.10939384251832962,0.968932032585144,0.814944863319397
YCL040W,YNL225C,0,0.92232114,0.10938184708356857,0.968932032585144,0.8150451183319092
YGL099W,YFL031W,0,0.92201287,0.10936986654996872,0.968932032585144,0.8151454329490662
YDL103C,YKL008C,0,0.920678,0.10935787856578827,0.968932032585144,0.8152457475662231
YGL181W,YLR133W,0,0.91914004,0.10934589803218842,0.968932032585144,0.8153460621833801
YLR148W,YKL080W,1,0.9185703,0.10944347083568573,0.9699029326438904,0.8153460621833801
YOR214C,YDL201W,0,0.91845924,0.10943148285150528,0.9699029326438904,0.8154463171958923
YDR432W,YLR002C,0,0.91841125,0.10941949486732483,0.9699029326438904,0.8155466318130493
YIR003W,YDR180W,0,0.91815877,0.10940751433372498,0.9699029326438904,0.8156469464302063
YPR075C,YLR013W,0,0.9171111,0.10939553380012512,0.9699029326438904,0.8157472610473633
YLR336C,YEL003W,0,0.9171027,0.10938355326652527,0.9699029326438904,0.8158475160598755
YNL316C,YJL099W,0,0.9169237,0.10937158018350601,0.9699029326438904,0.8159478306770325
YFL008W,YPL192C,0,0.91670215,0.10935960710048676,0.9699029326438904,0.8160481452941895
YBR236C,YLR341W,0,0.9155019,0.1093476340174675,0.9699029326438904,0.8161484599113464
YBR077C,YLR341W,0,0.9146251,0.10933566838502884,0.9699029326438904,0.8162487745285034
YBR171W,YGR163W,0,0.9136392,0.10932370275259018,0.9699029326438904,0.8163490295410156
YGL065C,YDR206W,0,0.91304845,0.10931174457073212,0.9699029326438904,0.8164493441581726
YGL130W,YCR088W,0,0.9129895,0.10929977893829346,0.9699029326438904,0.8165496587753296
YKR010C,YEL042W,0,0.91209257,0.1092878207564354,0.9699029326438904,0.8166499733924866
YFR051C,YDR225W,0,0.911854,0.10927587002515793,0.9699029326438904,0.8167502284049988
YOR094W,YNL209W,0,0.9115712,0.10926391929388046,0.9699029326438904,0.8168505430221558
YLR116W,YNL315C,0,0.9114385,0.109251968562603,0.9699029326438904,0.8169508576393127
YDR522C,YNL225C,0,0.9113165,0.10924002528190613,0.9699029326438904,0.8170511722564697
YGL023C,YLR410W,0,0.9112633,0.10922807455062866,0.9699029326438904,0.8171514272689819
YLR144C,YNR046W,0,0.9103693,0.10921613872051239,0.9699029326438904,0.8172517418861389
YKL049C,YBL019W,0,0.9098486,0.10920419543981552,0.9699029326438904,0.8173520565032959
YNR073C,YNR032W,0,0.90946704,0.10919225960969925,0.9699029326438904,0.8174523711204529
YFR028C,YPL275W,0,0.90937394,0.10918033123016357,0.9699029326438904,0.8175526857376099
YMR309C,YMR162C,0,0.90930015,0.1091683954000473,0.9699029326438904,0.8176529407501221
YBL084C,YGL181W,0,0.90848434,0.10915646702051163,0.9699029326438904,0.817753255367279
YAR050W,YBL016W,0,0.90840787,0.10914454609155655,0.9699029326438904,0.817853569984436
YIL066C,YLR027C,0,0.907743,0.10913261771202087,0.9699029326438904,0.817953884601593
YPR061C,YKL055C,0,0.9071033,0.1091206967830658,0.9699029326438904,0.8180541396141052
YLR388W,YOL044W,0,0.9068451,0.10910878330469131,0.9699029326438904,0.8181544542312622
YKL027W,YCR042C,0,0.90665406,0.10909686237573624,0.9699029326438904,0.8182547688484192
YPR094W,YOR007C,0,0.90659815,0.10908495634794235,0.9699029326438904,0.8183550834655762
YNL072W,YMR014W,0,0.90655965,0.10907304286956787,0.9699029326438904,0.8184553384780884
YJL063C,YDR258C,0,0.9065128,0.10906113684177399,0.9699029326438904,0.8185556530952454
YML019W,YDR163W,0,0.90588546,0.1090492308139801,0.9699029326438904,0.8186559677124023
YKL167C,YPR140W,0,0.9058774,0.10903732478618622,0.9699029326438904,0.8187562823295593
YNR023W,YPR022C,0,0.9054723,0.10902542620897293,0.9699029326438904,0.8188565969467163
YEL003W,YNL270C,0,0.90542156,0.10901352763175964,0.9699029326438904,0.8189568519592285
YLR116W,YJR064W,0,0.90535825,0.10900163650512695,0.9699029326438904,0.8190571665763855
YGR140W,YDL191W,0,0.9051177,0.10898974537849426,0.9699029326438904,0.8191574811935425
YBR127C,YLR043C,1,0.90465206,0.10908694565296173,0.9708737730979919,0.8191574811935425
YNL075W,YJL113W,0,0.90446585,0.10907504707574844,0.9708737730979919,0.8192577958106995
YLR071C,YGL245W,0,0.90403205,0.10906314849853516,0.9708737730979919,0.8193580508232117
YDR194C,YMR251W-A,0,0.90390486,0.10905125737190247,0.9708737730979919,0.8194583654403687
YPL029W,YDR489W,0,0.9031752,0.10903936624526978,0.9708737730979919,0.8195586800575256
YPL088W,YLR275W,0,0.9030933,0.10902747511863708,0.9708737730979919,0.8196589946746826
YGL201C,YGR140W,0,0.9029611,0.10901559144258499,0.9708737730979919,0.8197592496871948
YGL033W,YPR020W,0,0.9026582,0.1090037077665329,0.9708737730979919,0.8198595643043518
YHR062C,YHR200W,0,0.9025521,0.1089918240904808,0.9708737730979919,0.8199598789215088
YHR187W,YKR042W,0,0.902396,0.10897994786500931,0.9708737730979919,0.8200601935386658
YMR263W,YJL209W,0,0.9023215,0.10896807163953781,0.9708737730979919,0.8201605081558228
YJL042W,YBR239C,0,0.9016509,0.10895620286464691,0.9708737730979919,0.820260763168335
YNL075W,YHR123W,0,0.9011773,0.10894432663917542,0.9708737730979919,0.8203610777854919
YDR363W,YLR119W,0,0.8985906,0.10893246531486511,0.9708737730979919,0.8204613924026489
YLR013W,YNL197C,0,0.8983957,0.10892059653997421,0.9708737730979919,0.8205617070198059
YOL119C,YHR102W,0,0.89820737,0.10890873521566391,0.9708737730979919,0.8206619620323181
YGL134W,YCR071C,0,0.8963783,0.10889687389135361,0.9708737730979919,0.8207622766494751
YNL030W,YDR331W,0,0.8952147,0.1088850200176239,0.9708737730979919,0.8208625912666321
YGR278W,YOR375C,0,0.89502645,0.1088731661438942,0.9708737730979919,0.8209629058837891
YFL052W,YML062C,0,0.8938656,0.10886131227016449,0.9708737730979919,0.8210631608963013
YDR255C,YDR316W,0,0.89382374,0.10884945839643478,0.9708737730979919,0.8211634755134583
YEL034W,YOL039W,0,0.8931368,0.10883761197328568,0.9708737730979919,0.8212637901306152
YKR067W,YKR065C,0,0.89276236,0.10882577300071716,0.9708737730979919,0.8213641047477722
YDR348C,YIL082W-A,0,0.89257526,0.10881392657756805,0.9708737730979919,0.8214644193649292
YKL027W,YDL042C,0,0.89246184,0.10880208760499954,0.9708737730979919,0.8215646743774414
YOL008W,YBR139W,0,0.8917055,0.10879025608301163,0.9708737730979919,0.8216649889945984
YLR225C,YBL005W-A,0,0.8913165,0.10877841711044312,0.9708737730979919,0.8217653036117554
YMR113W,YOR214C,0,0.89102805,0.1087665855884552,0.9708737730979919,0.8218656182289124
YJL151C,YIR028W,0,0.890578,0.10875476151704788,0.9708737730979919,0.8219658732414246
YGR203W,YGR256W,0,0.8904304,0.10874292999505997,0.9708737730979919,0.8220661878585815
YIL082W-A,YLL005C,0,0.8901813,0.10873110592365265,0.9708737730979919,0.8221665024757385
YKL163W,YOR196C,0,0.8899478,0.10871928930282593,0.9708737730979919,0.8222668170928955
YDR058C,YML072C,0,0.8898949,0.10870746523141861,0.9708737730979919,0.8223670721054077
YNR051C,YEL009C,0,0.88977885,0.10869564861059189,0.9708737730979919,0.8224673867225647
YPL275W,YOR133W,0,0.8895819,0.10868383944034576,0.9708737730979919,0.8225677013397217
YOR190W,YLR399C,0,0.8886232,0.10867203027009964,0.9708737730979919,0.8226680159568787
YJR099W,YOL041C,0,0.8884161,0.10866022109985352,0.9708737730979919,0.8227683305740356
YBL084C,YOL008W,0,0.8879112,0.10864841192960739,0.9708737730979919,0.8228685855865479
YGR090W,YBR288C,0,0.8876088,0.10863661020994186,0.9708737730979919,0.8229689002037048
YGL134W,YNL116W,0,0.88740677,0.10862480849027634,0.9708737730979919,0.8230692148208618
YFL055W,YOR214C,0,0.8868972,0.1086130142211914,0.9708737730979919,0.8231695294380188
YFL053W,YPL228W,0,0.886453,0.10860121995210648,0.9708737730979919,0.823269784450531
YML126C,YKL018W,0,0.8862632,0.10858942568302155,0.9708737730979919,0.823370099067688
YGL145W,YBR265W,0,0.8855384,0.10857763141393661,0.9708737730979919,0.823470413684845
YDR020C,YDL042C,0,0.88553643,0.10856584459543228,0.9708737730979919,0.823570728302002
YLR222C,YHR042W,0,0.88386375,0.10855405777692795,0.9708737730979919,0.8236709833145142
YNL126W,YKR045C,0,0.8838436,0.10854227840900421,0.9708737730979919,0.8237712979316711
YHR063C,YML062C,0,0.88320214,0.10853049904108047,0.9708737730979919,0.8238716125488281
YGR186W,YNL093W,0,0.8828779,0.10851871967315674,0.9708737730979919,0.8239719271659851
YBR235W,YPL212C,0,0.882329,0.1085069477558136,0.9708737730979919,0.8240722417831421
YLR077W,YOR197W,0,0.8818898,0.10849516838788986,0.9708737730979919,0.8241724967956543
YMR190C,YNL197C,0,0.8816458,0.10848340392112732,0.9708737730979919,0.8242728114128113
YMR011W,YNL124W,0,0.8799601,0.10847163200378418,0.9708737730979919,0.8243731260299683
YDR302W,YNL113W,0,0.87987345,0.10845986753702164,0.9708737730979919,0.8244734406471252
YNL069C,YML024W,0,0.87885857,0.10844811052083969,0.9708737730979919,0.8245736956596375
YNL072W,YBL002W,0,0.878558,0.10843634605407715,0.9708737730979919,0.8246740102767944
YPL256C,YBL005W-A,0,0.8777376,0.1084245890378952,0.9708737730979919,0.8247743248939514
YOR229W,YOL021C,0,0.8770389,0.10841283947229385,0.9708737730979919,0.8248746395111084
YJL209W,YGL099W,0,0.8762546,0.10840108245611191,0.9708737730979919,0.8249749541282654
YNL225C,YOL001W,0,0.87624884,0.10838933289051056,0.9708737730979919,0.8250752091407776
YFR046C,YGR048W,0,0.87559044,0.10837759077548981,0.9708737730979919,0.8251755237579346
YGL208W,YNL099C,0,0.87466055,0.10836584120988846,0.9708737730979919,0.8252758383750916
YBR280C,YML118W,0,0.87460613,0.1083540990948677,0.9708737730979919,0.8253761529922485
YDL212W,YIL103W,0,0.87458795,0.10834236443042755,0.9708737730979919,0.8254764080047607
YDR349C,YJL093C,0,0.87436485,0.1083306223154068,0.9708737730979919,0.8255767226219177
YNR012W,YIR022W,0,0.8733311,0.10831888765096664,0.9708737730979919,0.8256770372390747
YCL020W,YNR046W,0,0.8727022,0.10830716043710709,0.9708737730979919,0.8257773518562317
YDR522C,YHR203C,0,0.87216204,0.10829543322324753,0.9708737730979919,0.8258776068687439
YGR192C,YJR099W,0,0.8720878,0.10828370600938797,0.9708737730979919,0.8259779214859009
YOR234C,YPL283C,0,0.87090474,0.10827197879552841,0.9708737730979919,0.8260782361030579
YJL145W,YBR136W,0,0.8708095,0.10826025903224945,0.9708737730979919,0.8261785507202148
YBL016W,YDL147W,0,0.87079513,0.10824853926897049,0.9708737730979919,0.8262788653373718
YDR058C,YJL042W,0,0.87031215,0.10823681950569153,0.9708737730979919,0.826379120349884
YJL074C,YCR034W,0,0.8701162,0.10822510719299316,0.9708737730979919,0.826479434967041
YLR274W,YOR307C,0,0.8699193,0.1082133948802948,0.9708737730979919,0.826579749584198
YHL001W,YGL029W,0,0.86920184,0.10820169001817703,0.9708737730979919,0.826680064201355
YMR021C,YDL025C,0,0.8679783,0.10818998515605927,0.9708737730979919,0.8267803192138672
YMR106C,YNL047C,0,0.8672293,0.1081782802939415,0.9708737730979919,0.8268806338310242
YGR278W,YEL004W,0,0.8669887,0.10816657543182373,0.9708737730979919,0.8269809484481812
YOR118W,YBR057C,0,0.8662442,0.10815487802028656,0.9708737730979919,0.8270812630653381
YLR332W,YNR036C,0,0.8661242,0.10814318060874939,0.9708737730979919,0.8271815180778503
YBL018C,YDR409W,0,0.86608773,0.10813149064779282,0.9708737730979919,0.8272818326950073
YIL067C,YOR316C,1,0.86588436,0.1082279160618782,0.9718446731567383,0.8272818326950073
YDR020C,YNL252C,0,0.86556244,0.10821621865034103,0.9718446731567383,0.8273821473121643
YKL125W,YPR023C,0,0.8652736,0.10820452123880386,0.9718446731567383,0.8274824619293213
YCR089W,YDR291W,0,0.86526304,0.1081928238272667,0.9718446731567383,0.8275827765464783
YBR258C,YMR113W,0,0.8651325,0.10818113386631012,0.9718446731567383,0.8276830315589905
YKL163W,YOR231W,0,0.86448354,0.10816944390535355,0.9718446731567383,0.8277833461761475
YOR128C,YPR121W,0,0.86378706,0.10815775394439697,0.9718446731567383,0.8278836607933044
YNL003C,YNL113W,0,0.86332947,0.1081460639834404,0.9718446731567383,0.8279839754104614
YLR116W,YIL015W,0,0.8625712,0.10813438147306442,0.9718446731567383,0.8280842304229736
YIL157C,YJL020C,0,0.8625662,0.10812270641326904,0.9718446731567383,0.8281845450401306
YKR098C,YBR229C,0,0.86210614,0.10811102390289307,0.9718446731567383,0.8282848596572876
YLR178C,YBR139W,1,0.8620512,0.1082073450088501,0.9728155136108398,0.8282848596572876
YPL086C,YAL055W,0,0.8601674,0.10819566249847412,0.9728155136108398,0.8283851742744446
YCL069W,YPL221W,1,0.85973793,0.10829194635152817,0.9737864136695862,0.8283851742744446
YKR022C,YLR210W,0,0.85932153,0.1082802563905716,0.9737864136695862,0.8284854292869568
YIL117C,YLR222C,0,0.85811764,0.10826856642961502,0.9737864136695862,0.8285857439041138
YBR186W,YKR029C,0,0.85730964,0.10825688391923904,0.9737864136695862,0.8286860585212708
YGR203W,YHR091C,0,0.8572422,0.10824519395828247,0.9737864136695862,0.8287863731384277
YDL004W,YAL061W,0,0.8561414,0.10823351889848709,0.9737864136695862,0.8288866877555847
YKL112W,YML001W,0,0.8542543,0.10822183638811111,0.9737864136695862,0.8289869427680969
YOL091W,YNL116W,0,0.8541346,0.10821016132831573,0.9737864136695862,0.8290872573852539
YLR138W,YOR171C,0,0.8531795,0.10819848626852036,0.9737864136695862,0.8291875720024109
YMR106C,YPL158C,0,0.85305846,0.10818681865930557,0.9737864136695862,0.8292878866195679
YIL085C,YJR017C,0,0.8529355,0.10817515105009079,0.9737864136695862,0.8293881416320801
YCL026C-A,YMR113W,0,0.85187906,0.10816348344087601,0.9737864136695862,0.8294884562492371
YBL046W,YCR089W,0,0.85076165,0.10815182328224182,0.9737864136695862,0.829588770866394
YLR166C,YAR003W,0,0.8503872,0.10814016312360764,0.9737864136695862,0.829689085483551
YKL188C,YGR271C-A,0,0.8499844,0.10812850296497345,0.9737864136695862,0.8297893404960632
YOR339C,YOR205C,0,0.84930855,0.10811685025691986,0.9737864136695862,0.8298896551132202
YJL113W,YOL089C,0,0.848939,0.10810519754886627,0.9737864136695862,0.8299899697303772
YOR128C,YMR167W,0,0.84891933,0.10809354484081268,0.9737864136695862,0.8300902843475342
YDL193W,YFL003C,0,0.8477754,0.10808189958333969,0.9737864136695862,0.8301905989646912
YIL162W,YDL044C,0,0.8474869,0.1080702543258667,0.9737864136695862,0.8302908539772034
YKL049C,YGL131C,0,0.84679645,0.10805860906839371,0.9737864136695862,0.8303911685943604
YHR121W,YKL137W,0,0.8464804,0.10804697126150131,0.9737864136695862,0.8304914832115173
YOR118W,YGL054C,0,0.84454745,0.10803532600402832,0.9737864136695862,0.8305917978286743
YLR336C,YPL242C,0,0.84405106,0.10802369564771652,0.9737864136695862,0.8306920528411865
YDR432W,YOR064C,0,0.8439359,0.10801205784082413,0.9737864136695862,0.8307923674583435
YFR042W,YCR043C,0,0.84390444,0.10800042748451233,0.9737864136695862,0.8308926820755005
YLR388W,YMR189W,0,0.84361863,0.10798880457878113,0.9737864136695862,0.8309929966926575
YKL008C,YLL005C,0,0.8425384,0.10797717422246933,0.9737864136695862,0.8310932517051697
YKR022C,YJR088C,0,0.84222835,0.10796555131673813,0.9737864136695862,0.8311935663223267
YKL160W,YIL073C,0,0.84146196,0.10795393586158752,0.9737864136695862,0.8312938809394836
YKR092C,YOR133W,0,0.84142506,0.10794231295585632,0.9737864136695862,0.8313941955566406
YPR058W,YOR293W,0,0.841376,0.10793069750070572,0.9737864136695862,0.8314945101737976
YLR393W,YPL057C,0,0.8405034,0.10791908949613571,0.9737864136695862,0.8315947651863098
YNL002C,YDL156W,0,0.84040886,0.10790747404098511,0.9737864136695862,0.8316950798034668
YOR368W,YMR044W,0,0.8396941,0.1078958660364151,0.9737864136695862,0.8317953944206238
YGR028W,YOL006C,0,0.83939385,0.10788426548242569,0.9737864136695862,0.8318957090377808
YDR097C,YNL299W,0,0.839328,0.10787265747785568,0.9737864136695862,0.831995964050293
YDR162C,YJL184W,0,0.8384687,0.10786105692386627,0.9737864136695862,0.83209627866745
YMR283C,YNL254C,0,0.83805054,0.10784946382045746,0.9737864136695862,0.8321965932846069
YLR084C,YLL005C,0,0.835839,0.10783786326646805,0.9737864136695862,0.8322969079017639
YEL020C,YLR308W,0,0.83536255,0.10782627761363983,0.9737864136695862,0.8323971629142761
YJR095W,YNL106C,0,0.83384913,0.10781468451023102,0.9737864136695862,0.8324974775314331
YNL115C,YBR014C,1,0.8335367,0.10791057348251343,0.9747572541236877,0.8324974775314331
YPR036W,YML001W,1,0.8325976,0.10800644755363464,0.9757281541824341,0.8324974775314331
YBL006C,YGL044C,0,0.8325204,0.10799483954906464,0.9757281541824341,0.8325977921485901
YGL124C,YNL225C,0,0.8312523,0.10798323899507523,0.9757281541824341,0.8326981067657471
YNL124W,YCL026C-A,0,0.83100396,0.10797163844108582,0.9757281541824341,0.832798421382904
YOR293W,YDL122W,0,0.8308776,0.1079600378870964,0.9757281541824341,0.8328986763954163
YIR033W,YHR203C,0,0.83041847,0.10794844478368759,0.9757281541824341,0.8329989910125732
YJL028W,YOL094C,0,0.8300281,0.10793685168027878,0.9757281541824341,0.8330993056297302
YIR013C,YNL005C,0,0.8292506,0.10792525857686996,0.9757281541824341,0.8331996202468872
YNR026C,YBL097W,0,0.8290053,0.10791366547346115,0.9757281541824341,0.8332998752593994
YML046W,YOR375C,0,0.82831264,0.10790207982063293,0.9757281541824341,0.8334001898765564
YNL254C,YPL066W,0,0.8281389,0.10789050161838531,0.9757281541824341,0.8335005044937134
YPL256C,YGR065C,0,0.8277623,0.1078789159655571,0.9757281541824341,0.8336008191108704
YMR088C,YOR087W,1,0.8276775,0.10797467082738876,0.9766990542411804,0.8336008191108704
YKL184W,YER160C,0,0.8271013,0.10796308517456055,0.9766990542411804,0.8337010741233826
YFR009W,YLR362W,0,0.82645494,0.10795149952173233,0.9766990542411804,0.8338013887405396
YKL086W,YHR043C,0,0.8258354,0.10793991386890411,0.9766990542411804,0.8339017033576965
YGL079W,YHR143W-A,0,0.8255467,0.1079283356666565,0.9766990542411804,0.8340020179748535
YGR049W,YBL040C,0,0.8253345,0.10791675746440887,0.9766990542411804,0.8341023325920105
YGR275W,YKL113C,0,0.8250455,0.10790517926216125,0.9766990542411804,0.8342025876045227
YPL045W,YGL124C,1,0.8248939,0.10800085961818695,0.977669894695282,0.8342025876045227
YLR262C,YML008C,0,0.82434165,0.10798927396535873,0.977669894695282,0.8343029022216797
YDR016C,YPL232W,0,0.82430136,0.10797769576311111,0.977669894695282,0.8344032168388367
YHL013C,YML111W,0,0.8237248,0.1079661175608635,0.977669894695282,0.8345035314559937
YNL139C,YBR098W,0,0.82320446,0.10795454680919647,0.977669894695282,0.8346037864685059
YJL209W,YPL118W,0,0.82317173,0.10794297605752945,0.977669894695282,0.8347041010856628
YOR033C,YOR077W,0,0.8230184,0.10793140530586243,0.977669894695282,0.8348044157028198
YJL051W,YDL155W,0,0.82300824,0.1079198345541954,0.977669894695282,0.8349047303199768
YDR191W,YOR083W,0,0.822505,0.10790827125310898,0.977669894695282,0.835004985332489
YFL018C,YGR163W,0,0.8211685,0.10789670795202255,0.977669894695282,0.835105299949646
YJL123C,YBR152W,0,0.82101655,0.10788515210151672,0.977669894695282,0.835205614566803
YNL316C,YNL220W,0,0.82052976,0.1078735962510109,0.977669894695282,0.83530592918396
YNL139C,YGL131C,0,0.8204687,0.10786204040050507,0.977669894695282,0.8354062438011169
YBR302C,YGL175C,0,0.8201204,0.10785048454999924,0.977669894695282,0.8355064988136292
YDR184C,YKL046C,0,0.81911945,0.107838936150074,0.977669894695282,0.8356068134307861
YIL091C,YKL120W,0,0.8187911,0.10782738775014877,0.977669894695282,0.8357071280479431
YLR148W,YML072C,0,0.81853455,0.10781584680080414,0.977669894695282,0.8358074426651001
YBR057C,YML065W,0,0.8184197,0.1078043058514595,0.977669894695282,0.8359076976776123
YCR073C,YML024W,0,0.8183674,0.10779276490211487,0.977669894695282,0.8360080122947693
YNR012W,YIR021W,0,0.81836563,0.10778122395277023,0.977669894695282,0.8361083269119263
YAR008W,YBR227C,0,0.81818086,0.1077696904540062,0.977669894695282,0.8362086415290833
YDR202C,YBR186W,0,0.81799847,0.10775815695524216,0.977669894695282,0.8363089561462402
YLR233C,YDR302W,0,0.81797534,0.10774663090705872,0.977669894695282,0.8364092111587524
YKR045C,YBL009W,0,0.8175494,0.10773510485887527,0.977669894695282,0.8365095257759094
YIL162W,YOR028C,0,0.8174311,0.10772357881069183,0.977669894695282,0.8366098403930664
YKR003W,YCR088W,0,0.81733936,0.10771205276250839,0.977669894695282,0.8367101550102234
YPL283C,YEL026W,0,0.81706315,0.10770053416490555,0.977669894695282,0.8368104100227356
YDL194W,YJL113W,0,0.81569964,0.1076890155673027,0.977669894695282,0.8369107246398926
YHR143W-A,YOL130W,0,0.8153178,0.10767750442028046,0.977669894695282,0.8370110392570496
YIL127C,YIL040W,0,0.8151184,0.10766598582267761,0.977669894695282,0.8371113538742065
YDR143C,YML024W,0,0.8142545,0.10765448212623596,0.977669894695282,0.8372116088867188
YIL063C,YER018C,0,0.8135173,0.10764297097921371,0.977669894695282,0.8373119235038757
YDR311W,YPL187W,0,0.81313545,0.10763146728277206,0.977669894695282,0.8374122381210327
YKR080W,YKR045C,0,0.8114994,0.10761996358633041,0.977669894695282,0.8375125527381897
YHR176W,YBR044C,0,0.81129724,0.10760845988988876,0.977669894695282,0.8376128673553467
YLL036C,YDL201W,0,0.8103886,0.10759696364402771,0.977669894695282,0.8377131223678589
YOL016C,YKR024C,0,0.81014884,0.10758546739816666,0.977669894695282,0.8378134369850159
YDL181W,YML029W,0,0.8097052,0.1075739786028862,0.977669894695282,0.8379137516021729
YJL209W,YNL093W,0,0.80927217,0.10756248980760574,0.977669894695282,0.8380140662193298
YLR298C,YDL207W,0,0.80907756,0.10755100101232529,0.977669894695282,0.838114321231842
YLR069C,YGL022W,0,0.808891,0.10753951221704483,0.977669894695282,0.838214635848999
YLR128W,YHR001W,0,0.80861837,0.10752803087234497,0.977669894695282,0.838314950466156
YLR332W,YHR065C,0,0.8083711,0.10751654952764511,0.977669894695282,0.838415265083313
YBR068C,YLR256W,0,0.8074006,0.10750506818294525,0.977669894695282,0.8385155200958252
YDR339C,YGL257C,0,0.8071198,0.10749359428882599,0.977669894695282,0.8386158347129822
YPL016W,YPL275W,0,0.8066159,0.10748212039470673,0.977669894695282,0.8387161493301392
YJL137C,YJL118W,0,0.8064275,0.10747065395116806,0.977669894695282,0.8388164639472961
YLR320W,YDL191W,0,0.8063448,0.1074591800570488,0.977669894695282,0.8389167785644531
YMR214W,YPL008W,0,0.8060642,0.10744771361351013,0.977669894695282,0.8390170335769653
YIL066C,YER160C,0,0.8052104,0.10743625462055206,0.977669894695282,0.8391173481941223
YHL002W,YMR024W,0,0.8045227,0.107424795627594,0.977669894695282,0.8392176628112793
YBR079C,YNL047C,0,0.80429167,0.10741333663463593,0.977669894695282,0.8393179774284363
YMR162C,YGL032C,0,0.80411154,0.10740187764167786,0.977669894695282,0.8394182324409485
YHR187W,YNL197C,0,0.80290437,0.10739042609930038,0.977669894695282,0.8395185470581055
YOR058C,YNL326C,0,0.8023577,0.10737897455692291,0.977669894695282,0.8396188616752625
YMR263W,YER119C,0,0.8019852,0.10736752301454544,0.977669894695282,0.8397191762924194
YNL222W,YMR216C,0,0.8012745,0.10735607892274857,0.977669894695282,0.8398194313049316
YBR221C,YNL087W,0,0.80007815,0.10734463483095169,0.977669894695282,0.8399197459220886
YGR020C,YOL078W,1,0.80006903,0.10743977874517441,0.9786407947540283,0.8399197459220886
YNL316C,YGL201C,0,0.79994774,0.10742832720279694,0.9786407947540283,0.8400200605392456
YBL046W,YDR037W,0,0.7996664,0.10741688311100006,0.9786407947540283,0.8401203751564026
YDL178W,YPL015C,0,0.7989741,0.10740543156862259,0.9786407947540283,0.8402206897735596
YDR153C,YPR112C,0,0.79892737,0.10739398747682571,0.9786407947540283,0.8403209447860718
YGL033W,YKL127W,0,0.7988129,0.10738255083560944,0.9786407947540283,0.8404212594032288
YJR047C,YDR522C,0,0.7983974,0.10737111419439316,0.9786407947540283,0.8405215740203857
YMR164C,YLL032C,0,0.79753566,0.10735967755317688,0.9786407947540283,0.8406218886375427
YGR257C,YLR332W,0,0.79717183,0.1073482409119606,0.9786407947540283,0.8407221436500549
YCR027C,YMR216C,0,0.7959457,0.10733681172132492,0.9786407947540283,0.8408224582672119
YMR167W,YMR060C,0,0.79556894,0.10732538253068924,0.9786407947540283,0.8409227728843689
YBL040C,YBR019C,0,0.79395336,0.10731396079063416,0.9786407947540283,0.8410230875015259
YDR073W,YGR048W,0,0.79372776,0.10730253159999847,0.9786407947540283,0.8411233425140381
YJL010C,YIL016W,0,0.79293716,0.10729110985994339,0.9786407947540283,0.8412236571311951
YDR105C,YER119C,1,0.7928922,0.10738611966371536,0.9796116352081299,0.8412236571311951
YOR229W,YIR033W,0,0.7928114,0.10737469047307968,0.9796116352081299,0.841323971748352
YPR164W,YJL184W,0,0.7912018,0.1073632687330246,0.9796116352081299,0.841424286365509
YOR035C,YDL174C,0,0.7911311,0.10735184699296951,0.9796116352081299,0.841524600982666
YOL088C,YGR166W,0,0.79111624,0.10734042525291443,0.9796116352081299,0.8416248559951782
YLR084C,YGR166W,0,0.78970027,0.10732901096343994,0.9796116352081299,0.8417251706123352
YCL019W,YDL159W,0,0.78918785,0.10731758922338486,0.9796116352081299,0.8418254852294922
YOL128C,YER160C,0,0.7891855,0.10730618238449097,0.9796116352081299,0.8419257998466492
YDR408C,YJR099W,0,0.7890129,0.10729476809501648,0.9796116352081299,0.8420260548591614
YDR408C,YGL208W,0,0.7884364,0.10728336125612259,0.9796116352081299,0.8421263694763184
YGL131C,YGR098C,0,0.78738874,0.1072719544172287,0.9796116352081299,0.8422266840934753
YOR095C,YBR133C,0,0.7869245,0.10726054757833481,0.9796116352081299,0.8423269987106323
YDR051C,YHR034C,0,0.7859794,0.10724914819002151,0.9796116352081299,0.8424272537231445
YNL072W,YMR260C,0,0.7856388,0.10723774880170822,0.9796116352081299,0.8425275683403015
YJR002W,YML075C,0,0.78558046,0.10722635686397552,0.9796116352081299,0.8426278829574585
YER019W,YPL012W,0,0.78419167,0.10721496492624283,0.9796116352081299,0.8427281975746155
YLL023C,YEL003W,0,0.7829698,0.10720357298851013,0.9796116352081299,0.8428285121917725
YPL164C,YDL222C,0,0.78278846,0.10719218105077744,0.9796116352081299,0.8429287672042847
YDL232W,YLR135W,0,0.78261477,0.10718079656362534,0.9796116352081299,0.8430290818214417
YBR280C,YOR083W,0,0.7826001,0.10716941207647324,0.9796116352081299,0.8431293964385986
YHL007C,YBR186W,0,0.78259706,0.10715802758932114,0.9796116352081299,0.8432297110557556
YGL065C,YDL201W,0,0.78191406,0.10714665055274963,0.9796116352081299,0.8433299660682678
YJR047C,YIL082W-A,0,0.7815444,0.10713527351617813,0.9796116352081299,0.8434302806854248
YIL067C,YIL129C,0,0.7814444,0.10712389647960663,0.9796116352081299,0.8435305953025818
YNR073C,YDR123C,0,0.781374,0.10711252689361572,0.9796116352081299,0.8436309099197388
YNL030W,YIR010W,0,0.7809506,0.10710115730762482,0.9796116352081299,0.843731164932251
YDR147W,YDL064W,0,0.7807454,0.10708978772163391,0.9796116352081299,0.843831479549408
YIL049W,YGR277C,0,0.78073823,0.1070784255862236,0.9796116352081299,0.8439317941665649
YOR196C,YER018C,0,0.7804818,0.1070670634508133,0.9796116352081299,0.8440321087837219
YNR012W,YER018C,0,0.7803858,0.10705570131540298,0.9796116352081299,0.8441324234008789
YLR298C,YIL131C,0,0.78010714,0.10704434663057327,0.9796116352081299,0.8442326784133911
YOL068C,YDL165W,0,0.7796883,0.10703299194574356,0.9796116352081299,0.8443329930305481
YBL005W-A,YOR064C,0,0.77927274,0.10702163726091385,0.9796116352081299,0.8444333076477051
YLR077W,YNL083W,0,0.7783099,0.10701029002666473,0.9796116352081299,0.8445336222648621
YJL051W,YGL047W,0,0.7779669,0.10699894279241562,0.9796116352081299,0.8446338772773743
YJL210W,YOR190W,0,0.7776069,0.1069875955581665,0.9796116352081299,0.8447341918945312
YIL085C,YDR382W,0,0.7768949,0.10697624832391739,0.9796116352081299,0.8448345065116882
YJR129C,YPR056W,0,0.77651364,0.10696490854024887,0.9796116352081299,0.8449348211288452
YFL053W,YBR079C,0,0.7761717,0.10695356875658035,0.9796116352081299,0.8450350761413574
YOL088C,YBL027W,0,0.7756711,0.10694223642349243,0.9796116352081299,0.8451353907585144
YDL010W,YDR324C,0,0.7742276,0.10693090409040451,0.9796116352081299,0.8452357053756714
YGL134W,YJL092W,0,0.774206,0.10691957175731659,0.9796116352081299,0.8453360199928284
YHR196W,YCR043C,0,0.7740204,0.10690824687480927,0.9796116352081299,0.8454363346099854
YCR079W,YKR025W,0,0.7737451,0.10689691454172134,0.9796116352081299,0.8455365896224976
YNL257C,YLR095C,0,0.7735302,0.10688558965921402,0.9796116352081299,0.8456369042396545
YPR075C,YLR226W,0,0.77336866,0.10687427222728729,0.9796116352081299,0.8457372188568115
YJR099W,YGR195W,0,0.77330095,0.10686295479536057,0.9796116352081299,0.8458375334739685
YDL002C,YHR062C,0,0.77324265,0.10685163736343384,0.9796116352081299,0.8459377884864807
YIR013C,YJR017C,0,0.7729972,0.10684031993150711,0.9796116352081299,0.8460381031036377
YOL017W,YDL213C,0,0.77131444,0.10682900995016098,0.9796116352081299,0.8461384177207947
YKL046C,YDR037W,0,0.7704945,0.10681769996881485,0.9796116352081299,0.8462387323379517
YBL067C,YGR098C,0,0.77034205,0.10680638998746872,0.9796116352081299,0.8463389873504639
YBR258C,YLR013W,0,0.76999587,0.10679508745670319,0.9796116352081299,0.8464393019676208
YGR121C,YAL032C,0,0.76957947,0.10678378492593765,0.9796116352081299,0.8465396165847778
YKR013W,YER183C,0,0.7693307,0.10677248984575272,0.9796116352081299,0.8466399312019348
YPL255W,YNL030W,0,0.7692161,0.10676118731498718,0.9796116352081299,0.8467402458190918
YER003C,YDR020C,0,0.7690447,0.10674989223480225,0.9796116352081299,0.846840500831604
YBL006C,YPL162C,0,0.7686762,0.1067386046051979,0.9796116352081299,0.846940815448761
YEL026W,YPL192C,0,0.7684436,0.10672730952501297,0.9796116352081299,0.847041130065918
YNL021W,YGR091W,0,0.7684342,0.10671602189540863,0.9796116352081299,0.847141444683075
YBR077C,YIL050W,0,0.76755637,0.10670473426580429,0.9796116352081299,0.8472416996955872
YIL016W,YML024W,0,0.76721054,0.10669345408678055,0.9796116352081299,0.8473420143127441
YNL064C,YOR360C,0,0.7661548,0.1066821739077568,0.9796116352081299,0.8474423289299011
YCL019W,YMR154C,0,0.76522964,0.10667089372873306,0.9796116352081299,0.8475426435470581
YJR090C,YBL004W,0,0.7651486,0.10665962100028992,0.9796116352081299,0.8476429581642151
YDR346C,YPL066W,0,0.7645075,0.10664834827184677,0.9796116352081299,0.8477432131767273
YBL046W,YJL115W,0,0.76427495,0.10663707554340363,0.9796116352081299,0.8478435277938843
YNL197C,YBL027W,0,0.7642479,0.10662580281496048,0.9796116352081299,0.8479438424110413
YML123C,YBL067C,0,0.7635892,0.10661453753709793,0.9796116352081299,0.8480441570281982
YPR022C,YER075C,0,0.7631885,0.10660327225923538,0.9796116352081299,0.8481444120407104
YPL181W,YNL113W,0,0.76302445,0.10659201443195343,0.9796116352081299,0.8482447266578674
YMR293C,YOR010C,0,0.7626787,0.10658075660467148,0.9796116352081299,0.8483450412750244
YNL272C,YDR409W,0,0.76258653,0.10656949877738953,0.9796116352081299,0.8484453558921814
YML062C,YLL036C,0,0.76189595,0.10655824095010757,0.9796116352081299,0.8485456109046936
YJL184W,YNL326C,0,0.76133126,0.10654699057340622,0.9796116352081299,0.8486459255218506
YNL083W,YDR258C,0,0.7608144,0.10653574019670486,0.9796116352081299,0.8487462401390076
YGR049W,YOR010C,0,0.759758,0.10652448982000351,0.9796116352081299,0.8488465547561646
YDR488C,YFR055W,0,0.7587071,0.10651324689388275,0.9796116352081299,0.8489468693733215
YCR042C,YPL128C,0,0.7581219,0.106502003967762,0.9796116352081299,0.8490471243858337
YLL036C,YOR339C,0,0.7577971,0.10649076849222183,0.9796116352081299,0.8491474390029907
YPL164C,YGL047W,0,0.7577236,0.10647952556610107,0.9796116352081299,0.8492477536201477
YGR090W,YLR275W,0,0.75751156,0.10646829009056091,0.9796116352081299,0.8493480682373047
YDR348C,YOL017W,0,0.7568378,0.10645706206560135,0.9796116352081299,0.8494483232498169
YLR166C,YCR073C,0,0.7563507,0.10644582659006119,0.9796116352081299,0.8495486378669739
YDR522C,YNL326C,0,0.75587183,0.10643459856510162,0.9796116352081299,0.8496489524841309
YGL011C,YLR405W,0,0.7555043,0.10642337054014206,0.9796116352081299,0.8497492671012878
YDL194W,YKL137W,0,0.75543845,0.10641214996576309,0.9796116352081299,0.8498495221138
YCR020W-B,YHR032W,0,0.7553647,0.10640092939138412,0.9796116352081299,0.849949836730957
YMR260C,YER170W,0,0.75440675,0.10638970881700516,0.9796116352081299,0.850050151348114
YHR065C,YNL312W,0,0.75439423,0.10637849569320679,0.9796116352081299,0.850150465965271
YDR184C,YCR073C,0,0.75376767,0.10636727511882782,0.9796116352081299,0.850250780582428
YNL090W,YLL005C,0,0.75340587,0.10635606944561005,0.9796116352081299,0.8503510355949402
YMR021C,YOR073W,0,0.75331056,0.10634485632181168,0.9796116352081299,0.8504513502120972
YLR298C,YIL103W,0,0.7523015,0.1063336506485939,0.9796116352081299,0.8505516648292542
YGR049W,YNL186W,0,0.75140435,0.10632244497537613,0.9796116352081299,0.8506519794464111
YDL002C,YDR141C,0,0.75070256,0.10631123930215836,0.9796116352081299,0.8507522344589233
YBR186W,YCR068W,0,0.75057167,0.10630004107952118,0.9796116352081299,0.8508525490760803
YHR112C,YBL066C,0,0.7497609,0.106288842856884,0.9796116352081299,0.8509528636932373
YGL207W,YMR199W,0,0.7495968,0.10627765208482742,0.9796116352081299,0.8510531783103943
YIL117C,YNL186W,0,0.7481739,0.10626645386219025,0.9796116352081299,0.8511534333229065
YML066C,YKL139W,0,0.74812573,0.10625526309013367,0.9796116352081299,0.8512537479400635
YLR424W,YHR042W,0,0.74722713,0.10624407976865768,0.9796116352081299,0.8513540625572205
YPR009W,YDR538W,0,0.74719924,0.1062328889966011,0.9796116352081299,0.8514543771743774
YNL327W,YOR083W,0,0.7465598,0.10622170567512512,0.9796116352081299,0.8515546917915344
YIR021W,YJL014W,0,0.7464616,0.10621052980422974,0.9796116352081299,0.8516549468040466
YJR043C,YGR096W,0,0.74604684,0.10619934648275375,0.9796116352081299,0.8517552614212036
YHR084W,YMR231W,0,0.7455711,0.10618817061185837,0.9796116352081299,0.8518555760383606
YKL071W,YLR057W,0,0.7446528,0.10617699474096298,0.9796116352081299,0.8519558906555176
YOR284W,YMR260C,0,0.74437207,0.1061658263206482,0.9796116352081299,0.8520561456680298
YER018C,YLR155C,0,0.74356145,0.1061546579003334,0.9796116352081299,0.8521564602851868
YPL249C-A,YIL103W,0,0.74297214,0.10614348948001862,0.9796116352081299,0.8522567749023438
YML019W,YML026C,0,0.7416138,0.10613232105970383,0.9796116352081299,0.8523570895195007
YKL125W,YDR352W,0,0.7406044,0.10612116008996964,0.9796116352081299,0.8524573445320129
YMR202W,YHR034C,0,0.7398077,0.10610999912023544,0.9796116352081299,0.8525576591491699
YDR446W,YDL052C,0,0.7395905,0.10609884560108185,0.9796116352081299,0.8526579737663269
YGL250W,YHR043C,0,0.7393231,0.10608768463134766,0.9796116352081299,0.8527582883834839
YEL003W,YLR256W,0,0.73930204,0.10607653856277466,0.9796116352081299,0.8528586030006409
YNL071W,YBR221C,0,0.73928636,0.10606538504362106,0.9796116352081299,0.8529588580131531
YLR013W,YGL201C,0,0.7391929,0.10605423897504807,0.9796116352081299,0.8530591726303101
YPR183W,YJL122W,0,0.73850703,0.10604309290647507,0.9796116352081299,0.853159487247467
YNL300W,YPL069C,0,0.7382628,0.10603194683790207,0.9796116352081299,0.853259801864624
YKL208W,YJR093C,0,0.7377756,0.10602080821990967,0.9796116352081299,0.8533600568771362
YLR128W,YBR253W,0,0.73753315,0.10600966960191727,0.9796116352081299,0.8534603714942932
YAR014C,YGR091W,0,0.73633224,0.10599853098392487,0.9796116352081299,0.8535606861114502
YKL101W,YDR237W,0,0.7362303,0.10598739236593246,0.9796116352081299,0.8536610007286072
YPL045W,YLR298C,0,0.7358808,0.10597626119852066,0.9796116352081299,0.8537612557411194
YDL010W,YBR154C,0,0.7357697,0.10596513003110886,0.9796116352081299,0.8538615703582764
YLL036C,YOL148C,0,0.7355741,0.10595400631427765,0.9796116352081299,0.8539618849754333
YMR021C,YFL003C,0,0.7351424,0.10594288259744644,0.9796116352081299,0.8540621995925903
YBL042C,YMR170C,0,0.73471874,0.10593175888061523,0.9796116352081299,0.8541625142097473
YGR195W,YGR240C,0,0.7340633,0.10592063516378403,0.9796116352081299,0.8542627692222595
YCL010C,YAL047C,0,0.7339445,0.10590951889753342,0.9796116352081299,0.8543630838394165
YDR156W,YBR288C,0,0.7337062,0.1058984026312828,0.9796116352081299,0.8544633984565735
YGL201C,YDR480W,0,0.73329085,0.10588729381561279,0.9796116352081299,0.8545637130737305
YGR096W,YGL097W,0,0.733272,0.10587617754936218,0.9796116352081299,0.8546639680862427
YOR360C,YMR305C,0,0.73285264,0.10586506873369217,0.9796116352081299,0.8547642827033997
YCR079W,YFR028C,0,0.732498,0.10585396736860275,0.9796116352081299,0.8548645973205566
YNR056C,YOR303W,0,0.7322433,0.10584285855293274,0.9796116352081299,0.8549649119377136
YKR081C,YKL193C,0,0.7308635,0.10583175718784332,0.9796116352081299,0.8550651669502258
YGR133W,YDR352W,0,0.73027974,0.1058206632733345,0.9796116352081299,0.8551654815673828
YHR123W,YOR073W,0,0.7299164,0.10580956190824509,0.9796116352081299,0.8552657961845398
YOL034W,YOR133W,0,0.7298093,0.10579846799373627,0.9796116352081299,0.8553661108016968
YDR147W,YPL008W,0,0.7297383,0.10578737407922745,0.9796116352081299,0.8554664254188538
YPL053C,YLR051C,0,0.7282985,0.10577628761529922,0.9796116352081299,0.855566680431366
YMR263W,YBL046W,0,0.7277967,0.105765201151371,0.9796116352081299,0.855666995048523
YOR196C,YKL221W,0,0.72709244,0.10575411468744278,0.9796116352081299,0.8557673096656799
YJL123C,YLR424W,0,0.72702473,0.10574302822351456,0.9796116352081299,0.8558676242828369
YIL066C,YKR025W,0,0.72658783,0.10573194921016693,0.9796116352081299,0.8559678792953491
YGL079W,YGL044C,0,0.7251534,0.1057208701968193,0.9796116352081299,0.8560681939125061
YNR056C,YJL050W,0,0.72513336,0.10570979863405228,0.9796116352081299,0.8561685085296631
YNL327W,YLR222C,0,0.72490853,0.10569871962070465,0.9796116352081299,0.8562688231468201
YHR034C,YNL014W,0,0.72470367,0.10568764805793762,0.9796116352081299,0.8563690781593323
YBR217W,YPR140W,0,0.72390896,0.10567658394575119,0.9796116352081299,0.8564693927764893
YLR013W,YPL228W,0,0.7231641,0.10566551238298416,0.9796116352081299,0.8565697073936462
YJR067C,YBR221C,0,0.72174555,0.10565444827079773,0.9796116352081299,0.8566700220108032
YOR284W,YDL049C,0,0.7210321,0.1056433916091919,0.9796116352081299,0.8567703366279602
YKR010C,YNL197C,0,0.72098345,0.10563232749700546,0.9796116352081299,0.8568705916404724
YNL323W,YDL052C,0,0.7204569,0.10562127083539963,0.9796116352081299,0.8569709062576294
YML066C,YOR361C,0,0.71912307,0.10561021417379379,0.9796116352081299,0.8570712208747864
YKR067W,YGR195W,0,0.71841985,0.10559916496276855,0.9796116352081299,0.8571715354919434
YHR178W,YGL166W,0,0.7180461,0.10558811575174332,0.9796116352081299,0.8572717905044556
YNL067W,YOR190W,0,0.7175578,0.10557706654071808,0.9796116352081299,0.8573721051216125
YCR027C,YJL118W,0,0.7170922,0.10556601732969284,0.9796116352081299,0.8574724197387695
YPR101W,YOL044W,0,0.7166683,0.1055549755692482,0.9796116352081299,0.8575727343559265
YNL126W,YGR067C,0,0.7162575,0.10554393380880356,0.9796116352081299,0.8576729893684387
YPR004C,YPL079W,0,0.71578604,0.10553289204835892,0.9796116352081299,0.8577733039855957
YHR065C,YBL009W,0,0.71559083,0.10552185773849487,0.9796116352081299,0.8578736186027527
YCR042C,YHR065C,0,0.7147893,0.10551082342863083,0.9796116352081299,0.8579739332199097
YGR096W,YLR399C,0,0.71471924,0.10549978911876678,0.9796116352081299,0.8580742478370667
YDR488C,YPR022C,0,0.71405286,0.10548876225948334,0.9796116352081299,0.8581745028495789
YPL086C,YMR309C,0,0.7129336,0.10547773540019989,0.9796116352081299,0.8582748174667358
YGL029W,YJL118W,0,0.7124856,0.10546670854091644,0.9796116352081299,0.8583751320838928
YIR021W,YGL011C,0,0.7120816,0.10545568913221359,0.9796116352081299,0.8584754467010498
YFL055W,YGR186W,0,0.7120798,0.10544466227293015,0.9796116352081299,0.858575701713562
YGL145W,YBR044C,0,0.7113628,0.10543365031480789,0.9796116352081299,0.858676016330719
YLR066W,YDL165W,0,0.71056515,0.10542263090610504,0.9796116352081299,0.858776330947876
YIR007W,YFR028C,0,0.70958465,0.10541161894798279,0.9796116352081299,0.858876645565033
YOR118W,YOR234C,0,0.7088315,0.10540060698986053,0.9796116352081299,0.8589769601821899
YPR181C,YBL105C,0,0.7088197,0.10538959503173828,0.9796116352081299,0.8590772151947021
YNL186W,YNR049C,0,0.7086566,0.10537859052419662,0.9796116352081299,0.8591775298118591
YBL004W,YJR017C,0,0.7082371,0.10536758601665497,0.9796116352081299,0.8592778444290161
YKR022C,YJL203W,0,0.7078896,0.10535658150911331,0.9796116352081299,0.8593781590461731
YBL018C,YBR079C,0,0.7078158,0.10534558445215225,0.9796116352081299,0.8594784140586853
YOR231W,YGL044C,0,0.70645875,0.10533458739519119,0.9796116352081299,0.8595787286758423
YOL013C,YLR133W,0,0.7062332,0.10532359033823013,0.9796116352081299,0.8596790432929993
YDL178W,YOR190W,0,0.7061644,0.10531260073184967,0.9796116352081299,0.8597793579101562
YER006W,YOR295W,0,0.7060295,0.10530160367488861,0.9796116352081299,0.8598796129226685
YPR023C,YOR284W,0,0.705856,0.10529062151908875,0.9796116352081299,0.8599799275398254
YBR103W,YBR253W,0,0.7053353,0.10527963191270828,0.9796116352081299,0.8600802421569824
YFL018C,YIL082W-A,0,0.704713,0.10526864975690842,0.9796116352081299,0.8601805567741394
YOL115W,YLR410W,0,0.70456713,0.10525766760110855,0.9796116352081299,0.8602808713912964
YPR018W,YBR106W,0,0.7043643,0.10524668544530869,0.9796116352081299,0.8603811264038086
YOR329C,YKL137W,0,0.70419276,0.10523571074008942,0.9796116352081299,0.8604814410209656
YBR203W,YLR013W,0,0.70377153,0.10522473603487015,0.9796116352081299,0.8605817556381226
YDR119W,YCR043C,0,0.70273966,0.10521376132965088,0.9796116352081299,0.8606820702552795
YKL091C,YER146W,0,0.70253587,0.10520279407501221,0.9796116352081299,0.8607823252677917
YLR342W,YLL052C,0,0.7015689,0.10519182682037354,0.9796116352081299,0.8608826398849487
YBL084C,YDR267C,0,0.7007561,0.10518085956573486,0.9796116352081299,0.8609829545021057
YMR283C,YJR002W,0,0.6995701,0.10516989976167679,0.9796116352081299,0.8610832691192627
YMR160W,YOR068C,1,0.69956696,0.10526315867900848,0.9805825352668762,0.8610832691192627
YGR198W,YGL044C,0,0.69921786,0.10525219142436981,0.9805825352668762,0.8611835241317749
YHR187W,YGR098C,0,0.69920605,0.10524122416973114,0.9805825352668762,0.8612838387489319
YNL329C,YMR162C,0,0.6990475,0.10523025691509247,0.9805825352668762,0.8613841533660889
YGR023W,YML062C,0,0.69845915,0.1052192971110344,0.9805825352668762,0.8614844679832458
YOL091W,YPL275W,0,0.6980561,0.10520832985639572,0.9805825352668762,0.8615847826004028
YOR354C,YNL009W,0,0.6978296,0.10519737750291824,0.9805825352668762,0.861685037612915
YFL003C,YKL139W,0,0.69658965,0.10518641769886017,0.9805825352668762,0.861785352230072
YDL004W,YGR231C,0,0.6964778,0.10517546534538269,0.9805825352668762,0.861885666847229
YFL009W,YDR255C,0,0.69577545,0.10516451299190521,0.9805825352668762,0.861985981464386
YNL222W,YLR424W,0,0.6953706,0.10515356808900833,0.9805825352668762,0.8620862364768982
YOR234C,YDR237W,0,0.69536453,0.10514261573553085,0.9805825352668762,0.8621865510940552
YDR184C,YOR354C,0,0.69535846,0.10513167828321457,0.9805825352668762,0.8622868657112122
YBR018C,YPL108W,0,0.695079,0.10512073338031769,0.9805825352668762,0.8623871803283691
YDL214C,YDR480W,0,0.69353443,0.1051097959280014,0.9805825352668762,0.8624874353408813
YHR079C-A,YKL092C,0,0.69328964,0.10509885847568512,0.9805825352668762,0.8625877499580383
YAL032C,YKL092C,0,0.69317704,0.10508792102336884,0.9805825352668762,0.8626880645751953
YBR215W,YNL030W,0,0.69264525,0.10507698357105255,0.9805825352668762,0.8627883791923523
YOL094C,YPR121W,0,0.692561,0.10506605356931686,0.9805825352668762,0.8628886938095093
YCR008W,YPL108W,0,0.6924595,0.10505513101816177,0.9805825352668762,0.8629889488220215
YEL055C,YKR039W,0,0.6919104,0.10504420101642609,0.9805825352668762,0.8630892634391785
YDL155W,YIR013C,0,0.69167,0.105033278465271,0.9805825352668762,0.8631895780563354
YOR326W,YOR320C,1,0.69143873,0.10512633621692657,0.9815533757209778,0.8631895780563354
YOR118W,YDR225W,0,0.6909879,0.10511540621519089,0.9815533757209778,0.8632898926734924
YNL106C,YGR280C,0,0.6906891,0.1051044836640358,0.9815533757209778,0.8633901476860046
YDL210W,YJR054W,1,0.6903507,0.10519750416278839,0.9825242757797241,0.8633901476860046
YNL329C,YGR289C,0,0.6897313,0.1051865741610527,0.9825242757797241,0.8634904623031616
YKL113C,YFL008W,0,0.68965,0.10517563670873642,0.9825242757797241,0.8635907769203186
YOR030W,YER160C,0,0.6894987,0.10516470670700073,0.9825242757797241,0.8636910915374756
YOR229W,YIL041W,0,0.68909997,0.10515378415584564,0.9825242757797241,0.8637913465499878
YLR320W,YML022W,0,0.68907565,0.10514285415410995,0.9825242757797241,0.8638916611671448
YKL049C,YOL148C,0,0.6887056,0.10513193160295486,0.9825242757797241,0.8639919757843018
YLR369W,YLR298C,0,0.68766004,0.10512101650238037,0.9825242757797241,0.8640922904014587
YLR406C,YOR284W,0,0.68729615,0.10511009395122528,0.9825242757797241,0.8641926050186157
YDR153C,YKL139W,0,0.68702316,0.10509917885065079,0.9825242757797241,0.8642928600311279
YDL042C,YBR288C,0,0.68692994,0.1050882637500763,0.9825242757797241,0.8643931746482849
YNL222W,YNL099C,0,0.68654764,0.1050773561000824,0.9825242757797241,0.8644934892654419
YLR077W,YNL009W,0,0.6862777,0.1050664484500885,0.9825242757797241,0.8645938038825989
YER144C,YMR060C,0,0.6861808,0.1050555408000946,0.9825242757797241,0.8646940588951111
YIL073C,YDL165W,0,0.6844496,0.10504463315010071,0.9825242757797241,0.8647943735122681
YOR178C,YPR103W,0,0.684037,0.10503373295068741,0.9825242757797241,0.864894688129425
YNL299W,YGR261C,0,0.6838899,0.10502283275127411,0.9825242757797241,0.864995002746582
YMR202W,YDR113C,0,0.68323165,0.10501193255186081,0.9825242757797241,0.8650952577590942
YIR028W,YHR034C,0,0.6831409,0.1050010398030281,0.9825242757797241,0.8651955723762512
YLR398C,YLL005C,0,0.68303853,0.1049901470541954,0.9825242757797241,0.8652958869934082
YHL001W,YNL197C,0,0.6829843,0.1049792543053627,0.9825242757797241,0.8653962016105652
YOR368W,YDL201W,0,0.68273836,0.10496836155653,0.9825242757797241,0.8654965162277222
YDL020C,YLR095C,0,0.6822565,0.1049574762582779,0.9825242757797241,0.8655967712402344
YLR225C,YPR033C,0,0.6809259,0.10494659096002579,0.9825242757797241,0.8656970858573914
YKL027W,YDR194C,0,0.68091303,0.10493571311235428,0.9825242757797241,0.8657974004745483
YJR017C,YAL042W,0,0.6807916,0.10492482781410217,0.9825242757797241,0.8658977150917053
YNL075W,YLL052C,0,0.680762,0.10491395741701126,0.9825242757797241,0.8659979701042175
YOL092W,YNL275W,1,0.6805492,0.10500673949718475,0.9834951162338257,0.8659979701042175
YMR214W,YMR231W,0,0.6804857,0.10499585419893265,0.9834951162338257,0.8660982847213745
YOR231W,YKL084W,0,0.68027794,0.10498496890068054,0.9834951162338257,0.8661985993385315
YLL005C,YNL035C,0,0.67988646,0.10497409105300903,0.9834951162338257,0.8662989139556885
YPR107C,YMR283C,0,0.6794085,0.10496321320533752,0.9834951162338257,0.8663991689682007
YOR007C,YMR231W,0,0.67875963,0.10495234280824661,0.9834951162338257,0.8664994835853577
YOL027C,YML010W,0,0.6783993,0.1049414724111557,0.9834951162338257,0.8665997982025146
YER039C,YCR003W,0,0.6782003,0.10493060201406479,0.9834951162338257,0.8667001128196716
YPL237W,YLR398C,0,0.6768939,0.10491973161697388,0.9834951162338257,0.8668004274368286
YDR184C,YIL158W,0,0.6767847,0.10490886867046356,0.9834951162338257,0.8669006824493408
YOL113W,YKL216W,0,0.6762976,0.10489799827337265,0.9834951162338257,0.8670009970664978
YLL032C,YMR083W,0,0.6762149,0.10488714277744293,0.9834951162338257,0.8671013116836548
YAR050W,YOL044W,0,0.6755963,0.10487627983093262,0.9834951162338257,0.8672016263008118
YOL146W,YDR113C,0,0.675153,0.1048654243350029,0.9834951162338257,0.867301881313324
YHR143W-A,YLR378C,0,0.67446524,0.10485456883907318,0.9834951162338257,0.867402195930481
YMR014W,YBR239C,0,0.67346746,0.10484372079372406,0.9834951162338257,0.8675025105476379
YHR134W,YPL084W,0,0.6722536,0.10483286529779434,0.9834951162338257,0.8676028251647949
YGR277C,YKR001C,0,0.6720486,0.10482201725244522,0.9834951162338257,0.8677030801773071
YER048C,YGL145W,0,0.67129844,0.1048111766576767,0.9834951162338257,0.8678033947944641
YHR196W,YIL044C,0,0.66997796,0.10480032861232758,0.9834951162338257,0.8679037094116211
YIL085C,YHR128W,0,0.6690959,0.10478948801755905,0.9834951162338257,0.8680040240287781
YJL116C,YGR065C,0,0.6685684,0.10477865487337112,0.9834951162338257,0.8681043386459351
YGL124C,YPR101W,0,0.6672992,0.1047678142786026,0.9834951162338257,0.8682045936584473
YMR231W,YNL058C,1,0.6668492,0.10486039519309998,0.984466016292572,0.8682045936584473
YHL020C,YGR280C,0,0.6664148,0.10484954714775085,0.984466016292572,0.8683049082756042
YMR283C,YBR288C,0,0.66582936,0.10483870655298233,0.984466016292572,0.8684052228927612
YBR210W,YER065C,0,0.66574115,0.1048278734087944,0.984466016292572,0.8685055375099182
YNL264C,YML126C,0,0.6654101,0.10481703281402588,0.984466016292572,0.8686057925224304
YDR538W,YBR221C,0,0.66524005,0.10480619966983795,0.984466016292572,0.8687061071395874
YLR378C,YKL073W,0,0.6649461,0.10479536652565002,0.984466016292572,0.8688064217567444
YML064C,YOL089C,0,0.6642507,0.1047845408320427,0.984466016292572,0.8689067363739014
YPL190C,YNR051C,0,0.66379553,0.10477371513843536,0.984466016292572,0.8690069913864136
YBR056W,YOR295W,0,0.6627682,0.10476288944482803,0.984466016292572,0.8691073060035706
YLR205C,YKL209C,0,0.66078585,0.1047520637512207,0.984466016292572,0.8692076206207275
YOR095C,YLR423C,0,0.65962094,0.10474124550819397,0.984466016292572,0.8693079352378845
YJL154C,YGR091W,0,0.658696,0.10473042726516724,0.984466016292572,0.8694082498550415
YHL009C,YGR090W,0,0.65769446,0.1047196090221405,0.984466016292572,0.8695085048675537
YBR241C,YOR320C,1,0.6563871,0.10481206327676773,0.9854369163513184,0.8695085048675537
YKL163W,YLR066W,0,0.6557463,0.1048012375831604,0.9854369163513184,0.8696088194847107
YPL162C,YLR043C,1,0.6546084,0.10489366203546524,0.9864077568054199,0.8696088194847107
YCL045C,YDR017C,0,0.65437514,0.10488283634185791,0.9864077568054199,0.8697091341018677
YCL011C,YDR180W,0,0.65397376,0.10487200319766998,0.9864077568054199,0.8698094487190247
YMR260C,YBL105C,0,0.65113163,0.10486118495464325,0.9864077568054199,0.8699097037315369
YNL088W,YNL225C,0,0.65063405,0.10485035926103592,0.9864077568054199,0.8700100183486938
YPL241C,YBL005W-A,0,0.6505109,0.10483954101800919,0.9864077568054199,0.8701103329658508
YIL085C,YKL071W,0,0.650472,0.10482872277498245,0.9864077568054199,0.8702106475830078
YOR118W,YGL029W,0,0.6470552,0.10481791198253632,0.9864077568054199,0.8703109622001648
YLR226W,YDR186C,0,0.6467977,0.10480709373950958,0.9864077568054199,0.870411217212677
YHR188C,YCL030C,0,0.6467517,0.10479629039764404,0.9864077568054199,0.870511531829834
YJR113C,YIL110W,0,0.64564425,0.1047854796051979,0.9864077568054199,0.870611846446991
YBR234C,YER075C,0,0.6453359,0.10477467626333237,0.9864077568054199,0.870712161064148
YAL009W,YLL010C,0,0.6450803,0.10476386547088623,0.9864077568054199,0.8708124160766602
YIR007W,YIL040W,0,0.64458615,0.10475306957960129,0.9864077568054199,0.8709127306938171
YML093W,YMR271C,0,0.64303774,0.10474226623773575,0.9864077568054199,0.8710130453109741
YMR293C,YIL065C,0,0.6412113,0.1047314703464508,0.9864077568054199,0.8711133599281311
YNR073C,YNL225C,0,0.6410507,0.10472067445516586,0.9864077568054199,0.8712136149406433
YOR293W,YKL084W,0,0.6409498,0.10470988601446152,0.9864077568054199,0.8713139295578003
YMR164C,YLR449W,0,0.6405589,0.10469909012317657,0.9864077568054199,0.8714142441749573
YBR083W,YIL097W,0,0.63991034,0.10468830168247223,0.9864077568054199,0.8715145587921143
YGL029W,YOR140W,0,0.6386134,0.10467752069234848,0.9864077568054199,0.8716148734092712
YMR236W,YGL047W,0,0.637278,0.10466673225164413,0.9864077568054199,0.8717151284217834
YJL104W,YKL084W,0,0.6366746,0.10465595126152039,0.9864077568054199,0.8718154430389404
YLR084C,YCL020W,0,0.63666534,0.10464517772197723,0.9864077568054199,0.8719157576560974
YER160C,YNL220W,0,0.6361216,0.10463439673185349,0.9864077568054199,0.8720160722732544
YNL186W,YOL017W,0,0.63565904,0.10462362319231033,0.9864077568054199,0.8721163272857666
YLR132C,YJL100W,0,0.63493645,0.10461284965276718,0.9864077568054199,0.8722166419029236
YLR272C,YLR148W,0,0.634455,0.10460207611322403,0.9864077568054199,0.8723169565200806
YDR385W,YKL092C,0,0.6341511,0.10459131002426147,0.9864077568054199,0.8724172711372375
YLR242C,YFL022C,0,0.63367164,0.10458054393529892,0.9864077568054199,0.8725175261497498
YGL184C,YER069W,0,0.63360184,0.10456978529691696,0.9864077568054199,0.8726178407669067
YNL148C,YMR231W,0,0.6324989,0.1045590192079544,0.9864077568054199,0.8727181553840637
YDR017C,YOR312C,0,0.63229775,0.10454826056957245,0.9864077568054199,0.8728184700012207
YOL088C,YPL012W,0,0.631152,0.10453750193119049,0.9864077568054199,0.8729187846183777
YER183C,YDL165W,0,0.6307501,0.10452675074338913,0.9864077568054199,0.8730190396308899
YNL254C,YOR035C,0,0.6306855,0.10451599955558777,0.9864077568054199,0.8731193542480469
YDR446W,YML046W,0,0.6302045,0.10450524836778641,0.9864077568054199,0.8732196688652039
YAL042W,YBL009W,0,0.6301115,0.10449449717998505,0.9864077568054199,0.8733199834823608
YPR082C,YPR112C,0,0.6299217,0.10448375344276428,0.9864077568054199,0.873420238494873
YPL217C,YCL020W,0,0.62962776,0.10447300970554352,0.9864077568054199,0.87352055311203
YDR485C,YOL068C,0,0.6287667,0.10446226596832275,0.9864077568054199,0.873620867729187
YMR011W,YDL188C,0,0.6284844,0.10445152968168259,0.9864077568054199,0.873721182346344
YPR022C,YOR030W,0,0.62832004,0.10444078594446182,0.9864077568054199,0.8738214373588562
YDR408C,YNL002C,0,0.62781817,0.10443005710840225,0.9864077568054199,0.8739217519760132
YPL029W,YNL047C,0,0.62774724,0.10441932082176208,0.9864077568054199,0.8740220665931702
YJL122W,YNR075W,0,0.6277157,0.10440859198570251,0.9864077568054199,0.8741223812103271
YDR194C,YGR271C-A,0,0.62631226,0.10439786314964294,0.9864077568054199,0.8742226958274841
YDR156W,YNL312W,0,0.6244459,0.10438713431358337,0.9864077568054199,0.8743229508399963
YFL003C,YKL167C,0,0.6241195,0.1043764129281044,0.9864077568054199,0.8744232654571533
YCR079W,YLR210W,0,0.624039,0.10436569154262543,0.9864077568054199,0.8745235800743103
YBR102C,YNL254C,0,0.623663,0.10435497015714645,0.9864077568054199,0.8746238946914673
YJL028W,YER124C,0,0.62227505,0.10434425622224808,0.9864077568054199,0.8747241497039795
YBR290W,YDR324C,0,0.6222685,0.1043335422873497,0.9864077568054199,0.8748244643211365
YGL125W,YPL265W,0,0.62156844,0.10432282835245132,0.9864077568054199,0.8749247789382935
YDR147W,YOR178C,0,0.6215473,0.10431211441755295,0.9864077568054199,0.8750250935554504
YML062C,YDR206W,0,0.6212421,0.10430140793323517,0.9864077568054199,0.8751253485679626
YDR446W,YGR271C-A,0,0.62103236,0.10429070144891739,0.9864077568054199,0.8752256631851196
YNL067W,YPR181C,0,0.62059385,0.10427999496459961,0.9864077568054199,0.8753259778022766
YMR164C,YJR091C,0,0.6203763,0.10426929593086243,0.9864077568054199,0.8754262924194336
YER006W,YPL084W,0,0.61995834,0.10425859689712524,0.9864077568054199,0.8755266070365906
YBR290W,YBL019W,0,0.6194105,0.10424789786338806,0.9864077568054199,0.8756268620491028
YLR144C,YHR191C,0,0.6177314,0.10423719882965088,0.9864077568054199,0.8757271766662598
YBR136W,YGL013C,0,0.61736035,0.1042265072464943,0.9864077568054199,0.8758274912834167
YJL116C,YIL082W-A,0,0.616566,0.10421581566333771,0.9864077568054199,0.8759278059005737
YGR096W,YDR163W,0,0.6159802,0.10420513153076172,0.9864077568054199,0.8760280609130859
YDL126C,YGL201C,0,0.61586493,0.10419443994760513,0.9864077568054199,0.8761283755302429
YIL131C,YAL047C,0,0.6156091,0.10418375581502914,0.9864077568054199,0.8762286901473999
YAR003W,YER172C,0,0.6154552,0.10417307168245316,0.9864077568054199,0.8763290047645569
YGL134W,YNL005C,0,0.6150702,0.10416239500045776,0.9864077568054199,0.8764292597770691
YPL029W,YBR079C,0,0.6141483,0.10415171831846237,0.9864077568054199,0.8765295743942261
YMR171C,YDR229W,1,0.6141127,0.10424353927373886,0.9873786568641663,0.8765295743942261
YDR477W,YPR112C,0,0.61384165,0.10423285514116287,0.9873786568641663,0.8766298890113831
YKL137W,YPL005W,0,0.6133806,0.10422217845916748,0.9873786568641663,0.87673020362854
YLR272C,YKL221W,0,0.6126477,0.10421149432659149,0.9873786568641663,0.876830518245697
YGR098C,YOR375C,0,0.6122677,0.1042008176445961,0.9873786568641663,0.8769307732582092
YMR283C,YBR227C,0,0.612212,0.10419014096260071,0.9873786568641663,0.8770310878753662
YPR104C,YBR239C,0,0.61161226,0.10417947173118591,0.9873786568641663,0.8771314024925232
YDR446W,YDR338C,0,0.61143035,0.10416880249977112,0.9873786568641663,0.8772317171096802
YLR116W,YBR210W,0,0.6096038,0.10415813326835632,0.9873786568641663,0.8773319721221924
YDR017C,YBR215W,0,0.6095676,0.10414746403694153,0.9873786568641663,0.8774322867393494
YPL108W,YKR039W,0,0.6089218,0.10413680225610733,0.9873786568641663,0.8775326013565063
YER054C,YIR013C,0,0.6089002,0.10412614047527313,0.9873786568641663,0.8776329159736633
YPL256C,YKR092C,0,0.6077107,0.10411547869443893,0.9873786568641663,0.8777331709861755
YDR184C,YBR298C,0,0.60708874,0.10410482436418533,0.9873786568641663,0.8778334856033325
YML066C,YDR186C,0,0.6064777,0.10409416258335114,0.9873786568641663,0.8779338002204895
YGR121C,YOR028C,0,0.6062828,0.10408351570367813,0.9873786568641663,0.8780341148376465
YNL316C,YMR121C,0,0.60586697,0.10407286137342453,0.9873786568641663,0.8781344294548035
YDR314C,YDR099W,0,0.6052228,0.10406221449375153,0.9873786568641663,0.8782346844673157
YDR294C,YGR215W,0,0.6049437,0.10405156761407852,0.9873786568641663,0.8783349990844727
YDL232W,YKR045C,0,0.60454494,0.10404092073440552,0.9873786568641663,0.8784353137016296
YJL203W,YBL019W,0,0.6043911,0.10403028130531311,0.9873786568641663,0.8785356283187866
YOR056C,YNL254C,0,0.6043835,0.1040196344256401,0.9873786568641663,0.8786358833312988
YKL096W,YNL030W,0,0.60420924,0.1040090024471283,0.9873786568641663,0.8787361979484558
YGR152C,YLR410W,0,0.6028561,0.10399836301803589,0.9873786568641663,0.8788365125656128
YPR165W,YPL030W,0,0.60280734,0.10398773103952408,0.9873786568641663,0.8789368271827698
YPL227C,YBR135W,0,0.602683,0.10397709906101227,0.9873786568641663,0.879037082195282
YBR056W,YGR256W,0,0.60153186,0.10396646708250046,0.9873786568641663,0.879137396812439
YBR302C,YKL208W,0,0.60151774,0.10395584255456924,0.9873786568641663,0.879237711429596
YNL197C,YLR110C,0,0.6013743,0.10394521802663803,0.9873786568641663,0.8793380260467529
YAR066W,YBR221C,0,0.5998113,0.10393459349870682,0.9873786568641663,0.8794383406639099
YGR059W,YNL265C,0,0.599066,0.1039239764213562,0.9873786568641663,0.8795385956764221
YBR217W,YMR067C,0,0.59748167,0.10391335189342499,0.9873786568641663,0.8796389102935791
YNR026C,YIL015W,0,0.5970728,0.10390273481607437,0.9873786568641663,0.8797392249107361
YDL049C,YAL055W,0,0.5968549,0.10389212518930435,0.9873786568641663,0.8798395395278931
YGL020C,YLR405W,0,0.596593,0.10388150811195374,0.9873786568641663,0.8799397945404053
YBL016W,YJL209W,0,0.5961074,0.10387089848518372,0.9873786568641663,0.8800401091575623
YBL084C,YKR024C,0,0.5954929,0.1038602963089943,0.9873786568641663,0.8801404237747192
YER183C,YKL084W,0,0.5953293,0.10384968668222427,0.9873786568641663,0.8802407383918762
YKL091C,YOL033W,0,0.5943343,0.10383908450603485,0.9873786568641663,0.8803409934043884
YLR406C,YDL188C,0,0.593449,0.10382848232984543,0.9873786568641663,0.8804413080215454
YPL009C,YJL047C,0,0.59258175,0.1038178876042366,0.9873786568641663,0.8805416226387024
YFL050C,YHR062C,0,0.5919916,0.10380728542804718,0.9873786568641663,0.8806419372558594
YDL150W,YLR362W,0,0.5916817,0.10379669070243835,0.9873786568641663,0.8807422518730164
YMR011W,YML014W,0,0.59099436,0.10378610342741013,0.9873786568641663,0.8808425068855286
YOR017W,YKL222C,0,0.5909311,0.1037755087018013,0.9873786568641663,0.8809428215026855
YGL131C,YDR522C,0,0.5904054,0.10376492142677307,0.9873786568641663,0.8810431361198425
YGR186W,YMR283C,0,0.58869964,0.10375433415174484,0.9873786568641663,0.8811434507369995
YGR059W,YNL097C,0,0.5878627,0.10374375432729721,0.9873786568641663,0.8812437057495117
YGR023W,YPR065W,0,0.58562505,0.10373316705226898,0.9873786568641663,0.8813440203666687
YPR023C,YKL167C,0,0.5854907,0.10372258722782135,0.9873786568641663,0.8814443349838257
YGR059W,YBR132C,0,0.5839154,0.10371201485395432,0.9873786568641663,0.8815446496009827
YLR116W,YEL071W,0,0.5836545,0.10370143502950668,0.9873786568641663,0.8816449642181396
YHL007C,YOL088C,0,0.583044,0.10369086265563965,0.9873786568641663,0.8817452192306519
YBL004W,YPL069C,0,0.5809539,0.10368029028177261,0.9873786568641663,0.8818455338478088
YNL177C,YIL017C,0,0.5794683,0.10366972535848618,0.9873786568641663,0.8819458484649658
YOR094W,YDR191W,0,0.57927006,0.10365916043519974,0.9873786568641663,0.8820461630821228
YDR519W,YJR002W,0,0.57903314,0.1036485955119133,0.9873786568641663,0.882146418094635
YJL051W,YGL133W,0,0.57802784,0.10363803058862686,0.9873786568641663,0.882246732711792
YIL103W,YLR368W,0,0.5746614,0.10362747311592102,0.9873786568641663,0.882347047328949
YGL033W,YGR206W,0,0.5740222,0.10361691564321518,0.9873786568641663,0.882447361946106
YBL084C,YBR215W,0,0.5740186,0.10360635817050934,0.9873786568641663,0.8825476169586182
YDR346C,YNL323W,0,0.5723096,0.1035958006978035,0.9873786568641663,0.8826479315757751
YGL017W,YOR141C,0,0.5722645,0.10358525067567825,0.9873786568641663,0.8827482461929321
YPL237W,YLR138W,0,0.57189536,0.10357470065355301,0.9873786568641663,0.8828485608100891
YDR522C,YJL074C,0,0.57151634,0.10356415808200836,0.9873786568641663,0.8829488754272461
YPR164W,YNL035C,0,0.5710818,0.10355360805988312,0.9873786568641663,0.8830491304397583
YOL097C,YBL009W,0,0.57099825,0.10354306548833847,0.9873786568641663,0.8831494450569153
YGL033W,YMR268C,0,0.57044595,0.10353252291679382,0.9873786568641663,0.8832497596740723
YPL237W,YHR141C,0,0.5691813,0.10352198779582977,0.9873786568641663,0.8833500742912292
YHR062C,YOR030W,0,0.56905794,0.10351145267486572,0.9873786568641663,0.8834503293037415
YML066C,YPL237W,0,0.5688426,0.10350091755390167,0.9873786568641663,0.8835506439208984
YKR092C,YLR136C,0,0.5684679,0.10349038243293762,0.9873786568641663,0.8836509585380554
YLR307W,YBL099W,0,0.5674989,0.10347985476255417,0.9873786568641663,0.8837512731552124
YBR131W,YMR171C,1,0.567427,0.10357106477022171,0.9883494973182678,0.8837512731552124
YHL007C,YIL066C,0,0.566712,0.10356052964925766,0.9883494973182678,0.8838515281677246
YIL157C,YBR154C,0,0.56628686,0.10354999452829361,0.9883494973182678,0.8839518427848816
YPL046C,YML065W,0,0.566131,0.10353945940732956,0.9883494973182678,0.8840521574020386
YNR036C,YBR215W,0,0.56567943,0.1035289317369461,0.9883494973182678,0.8841524720191956
YLR342W,YDR143C,0,0.5656529,0.10351840406656265,0.9883494973182678,0.8842527866363525
YKR060W,YDR294C,0,0.56436163,0.1035078763961792,0.9883494973182678,0.8843530416488647
YCL019W,YJR064W,0,0.5641838,0.10349735617637634,0.9883494973182678,0.8844533562660217
YJR054W,YOL078W,1,0.56380373,0.10358849167823792,0.9893203973770142,0.8844533562660217
YPL016W,YGR065C,0,0.5636875,0.10357796400785446,0.9893203973770142,0.8845536708831787
YGL023C,YLR431C,0,0.5633405,0.10356743633747101,0.9893203973770142,0.8846539855003357
YOR354C,YNL113W,0,0.5628028,0.10355690866708755,0.9893203973770142,0.8847542405128479
YLR262C,YMR170C,0,0.56220526,0.1035463884472847,0.9893203973770142,0.8848545551300049
YPL211W,YJR144W,0,0.56139493,0.10353586822748184,0.9893203973770142,0.8849548697471619
YGR148C,YPL057C,0,0.5608925,0.10352534800767899,0.9893203973770142,0.8850551843643188
YOR234C,YGR048W,0,0.55963975,0.10351482778787613,0.9893203973770142,0.885155439376831
YPL217C,YJL036W,0,0.5591288,0.10350431501865387,0.9893203973770142,0.885255753993988
YDL002C,YJR088C,0,0.558714,0.10349380224943161,0.9893203973770142,0.885356068611145
YJR067C,YOR171C,0,0.55859333,0.10348329693078995,0.9893203973770142,0.885456383228302
YJL145W,YGL201C,0,0.55834776,0.10347278416156769,0.9893203973770142,0.885556697845459
YER146W,YLR233C,0,0.5576685,0.10346227884292603,0.9893203973770142,0.8856569528579712
YOR231W,YEL071W,0,0.55763,0.10345177352428436,0.9893203973770142,0.8857572674751282
YLR128W,YOR118W,0,0.5564701,0.1034412756562233,0.9893203973770142,0.8858575820922852
YNR012W,YLR205C,0,0.5562078,0.10343077778816223,0.9893203973770142,0.8859578967094421
YPR023C,YER170W,0,0.55582577,0.10342027992010117,0.9893203973770142,0.8860581517219543
YIL082W-A,YPR065W,0,0.5540785,0.1034097820520401,0.9893203973770142,0.8861584663391113
YFL034C-B,YMR162C,0,0.55379516,0.10339929163455963,0.9893203973770142,0.8862587809562683
YBR131W,YOL138C,1,0.55326146,0.10349026322364807,0.9902912378311157,0.8862587809562683
YIL085C,YOL068C,0,0.5530607,0.10347975790500641,0.9902912378311157,0.8863590955734253
YPR061C,YLL042C,0,0.55213773,0.10346926003694534,0.9902912378311157,0.8864593505859375
YNL126W,YGR092W,0,0.5514369,0.10345876961946487,0.9902912378311157,0.8865596652030945
YIL049W,YML058W,0,0.55102295,0.1034482792019844,0.9902912378311157,0.8866599798202515
YNL222W,YNL083W,0,0.5497439,0.10343778878450394,0.9902912378311157,0.8867602944374084
YGR068C,YJL100W,0,0.5490704,0.10342729836702347,0.9902912378311157,0.8868606090545654
YMR197C,YNR046W,0,0.5475131,0.103416807949543,0.9902912378311157,0.8869608640670776
YDL052C,YOL137W,0,0.546565,0.10340632498264313,0.9902912378311157,0.8870611786842346
YJR090C,YLR410W,0,0.54626125,0.10339584201574326,0.9902912378311157,0.8871614933013916
YGL017W,YNL002C,0,0.54483575,0.10338536649942398,0.9902912378311157,0.8872618079185486
YNL252C,YIL050W,0,0.54466087,0.10337488353252411,0.9902912378311157,0.8873620629310608
YPL242C,YOL017W,0,0.54448086,0.10336440801620483,0.9902912378311157,0.8874623775482178
YFR028C,YOR214C,0,0.54430157,0.10335393995046616,0.9902912378311157,0.8875626921653748
YGL134W,YLL042C,0,0.5415489,0.10334346443414688,0.9902912378311157,0.8876630067825317
YLL039C,YNL327W,0,0.54130805,0.1033329963684082,0.9902912378311157,0.887763261795044
YGL255W,YJL138C,0,0.5408795,0.10332252830266953,0.9902912378311157,0.8878635764122009
YML026C,YPL079W,0,0.5401667,0.10331206023693085,0.9902912378311157,0.8879638910293579
YOL146W,YJR064W,0,0.5394226,0.10330159962177277,0.9902912378311157,0.8880642056465149
YOR255W,YNR039C,0,0.539277,0.10329113900661469,0.9902912378311157,0.8881645202636719
YML038C,YPR094W,0,0.5376705,0.1032806783914566,0.9902912378311157,0.8882647752761841
YHL013C,YGR098C,0,0.5367381,0.10327022522687912,0.9902912378311157,0.8883650898933411
YBR088C,YGL029W,0,0.53564435,0.10325977206230164,0.9902912378311157,0.888465404510498
YJR014W,YDL058W,0,0.5354417,0.10324931889772415,0.9902912378311157,0.888565719127655
YLR393W,YBR239C,0,0.5340958,0.10323886573314667,0.9902912378311157,0.8886659741401672
YOR118W,YPL232W,0,0.534002,0.10322842001914978,0.9902912378311157,0.8887662887573242
YLR275W,YJL076W,0,0.53316975,0.1032179743051529,0.9902912378311157,0.8888666033744812
YPL246C,YIL110W,0,0.5330096,0.103207528591156,0.9902912378311157,0.8889669179916382
YBR152W,YMR060C,0,0.53273624,0.10319708287715912,0.9902912378311157,0.8890671730041504
YLR057W,YGR140W,0,0.53260446,0.10318664461374283,0.9902912378311157,0.8891674876213074
YEL034W,YNL299W,0,0.5317599,0.10317620635032654,0.9902912378311157,0.8892678022384644
YLR057W,YFL022C,0,0.5315589,0.10316577553749084,0.9902912378311157,0.8893681168556213
YGR074W,YLR022C,0,0.5313787,0.10315533727407455,0.9902912378311157,0.8894684314727783
YJL209W,YJR067C,0,0.5311113,0.10314490646123886,0.9902912378311157,0.8895686864852905
YJL028W,YHR065C,0,0.5301942,0.10313447564840317,0.9902912378311157,0.8896690011024475
YOR284W,YNL148C,0,0.53017426,0.10312405228614807,0.9902912378311157,0.8897693157196045
YJR113C,YOR022C,0,0.5301345,0.10311362892389297,0.9902912378311157,0.8898696303367615
YLR084C,YMR121C,0,0.5294232,0.10310320556163788,0.9902912378311157,0.8899698853492737
YKL091C,YGR128C,0,0.5279916,0.10309278219938278,0.9902912378311157,0.8900701999664307
YCR079W,YNL299W,0,0.5276282,0.10308236628770828,0.9902912378311157,0.8901705145835876
YPL268W,YPL088W,0,0.5274046,0.10307195037603378,0.9902912378311157,0.8902708292007446
YDR099W,YPL079W,0,0.526802,0.10306153446435928,0.9902912378311157,0.8903710842132568
YAL005C,YGR090W,0,0.5259071,0.10305111855268478,0.9902912378311157,0.8904713988304138
YIR013C,YPL072W,0,0.5255803,0.10304071009159088,0.9902912378311157,0.8905717134475708
YIL127C,YOL088C,0,0.5250166,0.10303030163049698,0.9902912378311157,0.8906720280647278
YLR262C,YMR121C,0,0.5244157,0.10301990061998367,0.9902912378311157,0.8907723426818848
YJR056C,YDR258C,0,0.52430254,0.10300949215888977,0.9902912378311157,0.890872597694397
YMR021C,YMR244C-A,0,0.5242627,0.10299909114837646,0.9902912378311157,0.890972912311554
YBR234C,YER073W,0,0.5235713,0.10298869013786316,0.9902912378311157,0.8910732269287109
YDL005C,YNR012W,0,0.5196211,0.10297829657793045,0.9902912378311157,0.8911735415458679
YHR188C,YGL179C,0,0.519159,0.10296789556741714,0.9902912378311157,0.8912737965583801
YMR293C,YIL105C,0,0.5175919,0.10295750200748444,0.9902912378311157,0.8913741111755371
YFR042W,YLL015W,0,0.517216,0.10294711589813232,0.9902912378311157,0.8914744257926941
YJL209W,YMR161W,0,0.5171927,0.10293672233819962,0.9902912378311157,0.8915747404098511
YER124C,YNR046W,0,0.5171423,0.1029263362288475,0.9902912378311157,0.8916749954223633
YPL016W,YDR225W,0,0.5152351,0.10291595011949539,0.9902912378311157,0.8917753100395203
YDR489W,YKR029C,0,0.51482135,0.10290557146072388,0.9902912378311157,0.8918756246566772
YOL088C,YIL031W,0,0.5147583,0.10289518535137177,0.9902912378311157,0.8919759392738342
YLL042C,YJR077C,0,0.5141296,0.10288480669260025,0.9902912378311157,0.8920762538909912
YMR268C,YOL001W,0,0.5138144,0.10287443548440933,0.9902912378311157,0.8921765089035034
YOL128C,YDR216W,0,0.5133184,0.10286405682563782,0.9902912378311157,0.8922768235206604
YNR056C,YGL150C,0,0.5129056,0.1028536856174469,0.9902912378311157,0.8923771381378174
YFL053W,YGR207C,0,0.51176274,0.10284331440925598,0.9902912378311157,0.8924774527549744
YLR205C,YDR541C,0,0.5115345,0.10283294320106506,0.9902912378311157,0.8925777077674866
YBR239C,YKR065C,0,0.5112347,0.10282257944345474,0.9902912378311157,0.8926780223846436
YKR092C,YNL087W,0,0.5108197,0.10281221568584442,0.9902912378311157,0.8927783370018005
YCR073C,YJR014W,0,0.5105053,0.1028018519282341,0.9902912378311157,0.8928786516189575
YKR092C,YFL003C,0,0.51049256,0.10279149562120438,0.9902912378311157,0.8929789662361145
YDR073W,YNL126W,0,0.51046646,0.10278113931417465,0.9902912378311157,0.8930792212486267
YKL120W,YLR368W,0,0.5101104,0.10277078300714493,0.9902912378311157,0.8931795358657837
YNL064C,YEL026W,0,0.5089347,0.1027604267001152,0.9902912378311157,0.8932798504829407
YHR187W,YDL165W,0,0.50826454,0.10275007784366608,0.9902912378311157,0.8933801651000977
YDR191W,YLR453C,0,0.50802976,0.10273972898721695,0.9902912378311157,0.8934804201126099
YPL283C,YOR017W,0,0.5077644,0.10272938013076782,0.9902912378311157,0.8935807347297668
YNL075W,YGR132C,0,0.50572586,0.1027190312743187,0.9902912378311157,0.8936810493469238
YOL001W,YJL104W,0,0.50498635,0.10270868986845016,0.9902912378311157,0.8937813639640808
YKR022C,YOR083W,0,0.50456667,0.10269834846258163,0.9902912378311157,0.893881618976593
YMR068W,YPL266W,0,0.5042206,0.1026880070567131,0.9902912378311157,0.89398193359375
YOR229W,YPL029W,0,0.5029616,0.10267767310142517,0.9902912378311157,0.894082248210907
YOR094W,YOR375C,0,0.5020147,0.10266733914613724,0.9902912378311157,0.894182562828064
YPL227C,YPL012W,0,0.5017088,0.1026570051908493,0.9902912378311157,0.894282877445221
YPL047W,YJR002W,0,0.49965733,0.10264667123556137,0.9902912378311157,0.8943831324577332
YLR057W,YOL113W,0,0.49941087,0.10263634473085403,0.9902912378311157,0.8944834470748901
YDR506C,YJR113C,0,0.49935606,0.1026260182261467,0.9902912378311157,0.8945837616920471
YOR144C,YOR368W,0,0.4983182,0.10261569172143936,0.9902912378311157,0.8946840763092041
YGR249W,YHR203C,0,0.49830726,0.10260537266731262,0.9902912378311157,0.8947843313217163
YJR090C,YOR017W,0,0.49820235,0.10259505361318588,0.9902912378311157,0.8948846459388733
YLR084C,YIL157C,0,0.4979251,0.10258473455905914,0.9902912378311157,0.8949849605560303
YJL204C,YPL275W,0,0.49787426,0.1025744155049324,0.9902912378311157,0.8950852751731873
YLR057W,YMR121C,0,0.49714267,0.10256410390138626,0.9902912378311157,0.8951855301856995
YBL084C,YOR171C,0,0.49711144,0.10255379229784012,0.9902912378311157,0.8952858448028564
YDR506C,YHL020C,0,0.4968385,0.10254348069429398,0.9902912378311157,0.8953861594200134
YHR115C,YER118C,0,0.49659067,0.10253316909074783,0.9902912378311157,0.8954864740371704
YJR043C,YOR058C,0,0.49647063,0.10252286493778229,0.9902912378311157,0.8955867886543274
YCL011C,YNR063W,0,0.4961597,0.10251256078481674,0.9902912378311157,0.8956870436668396
YCL045C,YPL283C,0,0.49615145,0.1025022640824318,0.9902912378311157,0.8957873582839966
YDR184C,YDR354W,0,0.49475425,0.10249195992946625,0.9902912378311157,0.8958876729011536
YDR346C,YKR001C,0,0.49457818,0.1024816632270813,0.9902912378311157,0.8959879875183105
YJR095W,YOR234C,0,0.49273545,0.10247136652469635,0.9902912378311157,0.8960882425308228
YNL305C,YGR231C,0,0.4917368,0.102461077272892,0.9902912378311157,0.8961885571479797
YFL034C-B,YHR084W,0,0.4909022,0.10245078057050705,0.9902912378311157,0.8962888717651367
YIL097W,YMR029C,0,0.49044222,0.1024404913187027,0.9902912378311157,0.8963891863822937
YOR231W,YOR205C,0,0.4904247,0.10243020951747894,0.9902912378311157,0.8964894413948059
YDR385W,YDR119W,0,0.49023157,0.10241992026567459,0.9902912378311157,0.8965897560119629
YOR118W,YOR295W,0,0.4896117,0.10240963846445084,0.9902912378311157,0.8966900706291199
YOL110W,YGR121C,0,0.4886652,0.10239935666322708,0.9902912378311157,0.8967903852462769
YDR225W,YHR176W,0,0.48718387,0.10238907486200333,0.9902912378311157,0.8968906998634338
YIR007W,YPR107C,0,0.48513487,0.10237880051136017,0.9902912378311157,0.896990954875946
YHL007C,YDR163W,0,0.48512837,0.10236852616071701,0.9902912378311157,0.897091269493103
YOL128C,YJL113W,0,0.4845663,0.10235825181007385,0.9902912378311157,0.89719158411026
YLR205C,YMR161W,0,0.48454365,0.10234798491001129,0.9902912378311157,0.897291898727417
YPL128C,YNL116W,0,0.4843713,0.10233771800994873,0.9902912378311157,0.8973921537399292
YMR154C,YIL129C,0,0.4839484,0.10232745110988617,0.9902912378311157,0.8974924683570862
YOL128C,YJR129C,0,0.48345494,0.10231718420982361,0.9902912378311157,0.8975927829742432
YOR095C,YNL197C,0,0.4812971,0.10230691730976105,0.9902912378311157,0.8976930975914001
YJR044C,YPL266W,0,0.48109633,0.10229665786027908,0.9902912378311157,0.8977933526039124
YJL092W,YIL158W,0,0.48107624,0.10228639841079712,0.9902912378311157,0.8978936672210693
YPL128C,YMR162C,0,0.4795519,0.10227614641189575,0.9902912378311157,0.8979939818382263
YGR013W,YDR450W,0,0.47940695,0.10226589441299438,0.9902912378311157,0.8980942964553833
YDR186C,YMR060C,0,0.47870207,0.10225564241409302,0.9902912378311157,0.8981946110725403
YLR051C,YDR001C,0,0.47685218,0.10224539041519165,0.9902912378311157,0.8982948660850525
YGL055W,YPL015C,0,0.47671208,0.10223513841629028,0.9902912378311157,0.8983951807022095
YGR148C,YDR017C,0,0.47630864,0.10222489386796951,0.9902912378311157,0.8984954953193665
YJL184W,YER001W,0,0.47533906,0.10221464931964874,0.9902912378311157,0.8985958099365234
YBR200W,YKR092C,0,0.47504988,0.10220441222190857,0.9902912378311157,0.8986960649490356
YBR083W,YMR113W,0,0.47279292,0.1021941676735878,0.9902912378311157,0.8987963795661926
YBR102C,YFL003C,0,0.47131845,0.10218393057584763,0.9902912378311157,0.8988966941833496
YOL094C,YOR371C,0,0.47022462,0.10217369347810745,0.9902912378311157,0.8989970088005066
YKL071W,YEL077C,0,0.46970803,0.10216346383094788,0.9902912378311157,0.8990972638130188
YIR033W,YFL024C,0,0.46776724,0.1021532267332077,0.9902912378311157,0.8991975784301758
YJR064W,YIL103W,0,0.4671253,0.10214299708604813,0.9902912378311157,0.8992978930473328
YGR231C,YJR019C,0,0.46553537,0.10213277488946915,0.9902912378311157,0.8993982076644897
YIL016W,YNR049C,0,0.4652372,0.10212254524230957,0.9902912378311157,0.8994985222816467
YOL097C,YLR138W,0,0.46479782,0.10211232304573059,0.9902912378311157,0.8995987772941589
YLR307W,YKL120W,0,0.46373966,0.10210210084915161,0.9902912378311157,0.8996990919113159
YDL002C,YDR186C,0,0.4626397,0.10209188610315323,0.9902912378311157,0.8997994065284729
YPL012W,YJL036W,0,0.46067333,0.10208166390657425,0.9902912378311157,0.8998997211456299
YBR133C,YCR048W,0,0.46031696,0.10207144916057587,0.9902912378311157,0.8999999761581421
YGR033C,YHR196W,0,0.46009982,0.10206123441457748,0.9902912378311157,0.9001002907752991
YGR109C,YKL193C,0,0.45965302,0.1020510271191597,0.9902912378311157,0.900200605392456
YLR388W,YDR538W,0,0.45938188,0.10204081982374191,0.9902912378311157,0.900300920009613
YJR090C,YLR081W,0,0.45885223,0.10203061252832413,0.9902912378311157,0.9004011750221252
YPL192C,YGR289C,0,0.45874316,0.10202040523290634,0.9902912378311157,0.9005014896392822
YMR159C,YBL078C,1,0.45776436,0.10211021453142166,0.9912621378898621,0.9005014896392822
YAL005C,YML010W,0,0.45512104,0.10209999978542328,0.9912621378898621,0.9006018042564392
YMR288W,YNL254C,0,0.45382482,0.1020897924900055,0.9912621378898621,0.9007021188735962
YOR095C,YER019W,0,0.45268053,0.10207958519458771,0.9912621378898621,0.9008024334907532
YLR262C,YPL266W,0,0.45261234,0.10206937789916992,0.9912621378898621,0.9009026885032654
YDL207W,YDL014W,0,0.4525879,0.10205917805433273,0.9912621378898621,0.9010030031204224
YPL170W,YML058W,0,0.4516662,0.10204897820949554,0.9912621378898621,0.9011033177375793
YNL323W,YNR051C,0,0.44949234,0.10203877836465836,0.9912621378898621,0.9012036323547363
YNL316C,YMR067C,0,0.44937932,0.10202857851982117,0.9912621378898621,0.9013038873672485
YDR210W,YNR032W,0,0.44866097,0.10201838612556458,0.9912621378898621,0.9014042019844055
YER169W,YKR024C,0,0.4485001,0.10200819373130798,0.9912621378898621,0.9015045166015625
YKL208W,YBR044C,0,0.44749737,0.10199800133705139,0.9912621378898621,0.9016048312187195
YML093W,YFL022C,0,0.44624782,0.1019878163933754,0.9912621378898621,0.9017050862312317
YHR134W,YNL106C,0,0.44600758,0.1019776239991188,0.9912621378898621,0.9018054008483887
YFL008W,YHR084W,0,0.44596404,0.10196743905544281,0.9912621378898621,0.9019057154655457
YGR215W,YAL047C,0,0.44451094,0.10195726156234741,0.9912621378898621,0.9020060300827026
YGR087C,YDR237W,0,0.44435593,0.10194707661867142,0.9912621378898621,0.9021063446998596
YHR107C,YHR183W,0,0.44335067,0.10193689912557602,0.9912621378898621,0.9022065997123718
YHR112C,YHR152W,0,0.44150507,0.10192672163248062,0.9912621378898621,0.9023069143295288
YLR064W,YLR210W,0,0.44060886,0.10191655158996582,0.9912621378898621,0.9024072289466858
YBR152W,YOR303W,0,0.44056416,0.10190638154745102,0.9912621378898621,0.9025075435638428
YMR283C,YML008C,0,0.4404387,0.10189620405435562,0.9912621378898621,0.902607798576355
YOR095C,YLR242C,0,0.44019592,0.10188604146242142,0.9912621378898621,0.902708113193512
YHR187W,YPL132W,0,0.43900692,0.10187587141990662,0.9912621378898621,0.902808427810669
YBL102W,YGR068C,0,0.43895924,0.10186570882797241,0.9912621378898621,0.9029087424278259
YHL007C,YML114C,0,0.43887013,0.10185554623603821,0.9912621378898621,0.9030089974403381
YKL163W,YPL030W,0,0.43870172,0.101845383644104,0.9912621378898621,0.9031093120574951
YMR283C,YGL029W,0,0.43866414,0.1018352285027504,0.9912621378898621,0.9032096266746521
YNL300W,YGR198W,0,0.4386052,0.10182507336139679,0.9912621378898621,0.9033099412918091
YIR010W,YNL113W,0,0.43836892,0.10181491822004318,0.9912621378898621,0.9034102559089661
YJL113W,YBL067C,0,0.438353,0.10180476307868958,0.9912621378898621,0.9035105109214783
YLR051C,YMR251W-A,0,0.4368939,0.10179461538791656,0.9912621378898621,0.9036108255386353
YJL076W,YOL044W,0,0.43663055,0.10178446769714355,0.9912621378898621,0.9037111401557922
YPL266W,YNL005C,0,0.43561524,0.10177432000637054,0.9912621378898621,0.9038114547729492
YFL024C,YBL100W-A,0,0.43533128,0.10176417976617813,0.9912621378898621,0.9039117097854614
YJL138C,YML026C,0,0.4347366,0.10175403952598572,0.9912621378898621,0.9040120244026184
YLR128W,YBR014C,0,0.43414366,0.1017438992857933,0.9912621378898621,0.9041123390197754
YMR113W,YGL175C,0,0.43398005,0.10173375904560089,0.9912621378898621,0.9042126536369324
YHR007C,YKR025W,0,0.4320631,0.10172362625598907,0.9912621378898621,0.9043129682540894
YKL176C,YNL254C,0,0.43082276,0.10171348601579666,0.9912621378898621,0.9044132232666016
YOR202W,YKL221W,0,0.43074286,0.10170335322618484,0.9912621378898621,0.9045135378837585
YCL026C-A,YBR008C,0,0.42995676,0.10169322788715363,0.9912621378898621,0.9046138525009155
YIL063C,YJL074C,0,0.42974782,0.1016831025481224,0.9912621378898621,0.9047141671180725
YDR225W,YJL207C,0,0.4273842,0.10167297720909119,0.9912621378898621,0.9048144221305847
YDR153C,YBR019C,0,0.42718595,0.10166285187005997,0.9912621378898621,0.9049147367477417
YNL126W,YDR348C,0,0.4259801,0.10165272653102875,0.9912621378898621,0.9050150513648987
YIL127C,YGL133W,0,0.42576328,0.10164260864257812,0.9912621378898621,0.9051153659820557
YBL005W-A,YKR024C,0,0.4254183,0.1016324907541275,0.9912621378898621,0.9052156209945679
YDL193W,YPL029W,0,0.4252701,0.10162237286567688,0.9912621378898621,0.9053159356117249
YNR012W,YPL236C,0,0.423562,0.10161226242780685,0.9912621378898621,0.9054162502288818
YNL329C,YBR068C,0,0.42337817,0.10160215198993683,0.9912621378898621,0.9055165648460388
YML008C,YJR067C,0,0.42103645,0.1015920415520668,0.9912621378898621,0.9056168794631958
YLR071C,YDR141C,0,0.4206003,0.10158193111419678,0.9912621378898621,0.905717134475708
YJL123C,YMR231W,0,0.41971344,0.10157182812690735,0.9912621378898621,0.905817449092865
YER011W,YML065W,0,0.41892037,0.10156172513961792,0.9912621378898621,0.905917763710022
YJL063C,YMR278W,0,0.417328,0.10155162215232849,0.9912621378898621,0.906018078327179
YOL146W,YGR203W,0,0.4171994,0.10154151916503906,0.9912621378898621,0.9061183333396912
YBR126C,YGR091W,0,0.41619998,0.10153142362833023,0.9912621378898621,0.9062186479568481
YJL063C,YKR060W,0,0.41619545,0.1015213280916214,0.9912621378898621,0.9063189625740051
YCR048W,YMR154C,0,0.41614723,0.10151123255491257,0.9912621378898621,0.9064192771911621
YMR199W,YLR399C,0,0.41435316,0.10150114446878433,0.9912621378898621,0.9065195322036743
YKR092C,YHR084W,0,0.41302335,0.1014910563826561,0.9912621378898621,0.9066198468208313
YNL075W,YHR050W,0,0.41249344,0.10148096829652786,0.9912621378898621,0.9067201614379883
YPL268W,YOL119C,0,0.41179454,0.10147088021039963,0.9912621378898621,0.9068204760551453
YDR311W,YDL159W,0,0.41139144,0.10146079957485199,0.9912621378898621,0.9069207906723022
YGL033W,YER172C,0,0.41055608,0.10145071893930435,0.9912621378898621,0.9070210456848145
YMR283C,YJL036W,0,0.4097998,0.10144063830375671,0.9912621378898621,0.9071213603019714
YJL028W,YDR162C,0,0.4096368,0.10143055766820908,0.9912621378898621,0.9072216749191284
YDR202C,YOR368W,0,0.4092267,0.10142048448324203,0.9912621378898621,0.9073219895362854
YER118C,YDR489W,0,0.40796405,0.101410411298275,0.9912621378898621,0.9074222445487976
YIL157C,YKL193C,0,0.40768147,0.10140033811330795,0.9912621378898621,0.9075225591659546
YML093W,YML001W,0,0.40726653,0.10139026492834091,0.9912621378898621,0.9076228737831116
YGR249W,YDR255C,0,0.40583062,0.10138019919395447,0.9912621378898621,0.9077231884002686
YBR280C,YNL005C,0,0.4055583,0.10137013345956802,0.9912621378898621,0.9078234434127808
YCL033C,YOR362C,0,0.4049748,0.10136007517576218,0.9912621378898621,0.9079237580299377
YPR061C,YLR274W,0,0.40408278,0.10135000944137573,0.9912621378898621,0.9080240726470947
YDR156W,YLR362W,0,0.40390825,0.10133995115756989,0.9912621378898621,0.9081243872642517
YHR065C,YPL015C,0,0.4036654,0.10132989287376404,0.9912621378898621,0.9082247018814087
YDR446W,YJR137C,0,0.40289706,0.10131983458995819,0.9912621378898621,0.9083249568939209
YBL005W-A,YJL203W,0,0.40123743,0.10130978375673294,0.9912621378898621,0.9084252715110779
YKL046C,YLR095C,0,0.4012215,0.10129973292350769,0.9912621378898621,0.9085255861282349
YLR423C,YLL042C,0,0.3995884,0.10128968209028244,0.9912621378898621,0.9086259007453918
YHL022C,YHR032W,0,0.39898294,0.10127963125705719,0.9912621378898621,0.908726155757904
YPR058W,YPL012W,0,0.39813212,0.10126958787441254,0.9912621378898621,0.908826470375061
YBL042C,YOR196C,0,0.39805037,0.10125954449176788,0.9912621378898621,0.908926784992218
YLR342W,YOR033C,0,0.39781493,0.10124950110912323,0.9912621378898621,0.909027099609375
YOR017W,YJL111W,0,0.3975206,0.10123946517705917,0.9912621378898621,0.9091273546218872
YDL005C,YIL091C,0,0.39604315,0.10122942924499512,0.9912621378898621,0.9092276692390442
YDL079C,YGR278W,0,0.3959412,0.10121939331293106,0.9912621378898621,0.9093279838562012
YBL018C,YMR154C,0,0.39517695,0.101209357380867,0.9912621378898621,0.9094282984733582
YCR034W,YER122C,0,0.39502445,0.10119932889938354,0.9912621378898621,0.9095286130905151
YGL145W,YGL133W,0,0.39382055,0.10118929296731949,0.9912621378898621,0.9096288681030273
YBR171W,YBL105C,0,0.39281964,0.10117927193641663,0.9912621378898621,0.9097291827201843
YMR293C,YER065C,0,0.39174518,0.10116924345493317,0.9912621378898621,0.9098294973373413
YMR170C,YCR003W,0,0.3915146,0.1011592224240303,0.9912621378898621,0.9099298119544983
YKR045C,YJL203W,0,0.39094636,0.10114919394254684,0.9912621378898621,0.9100300669670105
YGR152C,YKL139W,0,0.38971874,0.10113918036222458,0.9912621378898621,0.9101303815841675
YLL039C,YJL104W,0,0.38958,0.10112915933132172,0.9912621378898621,0.9102306962013245
YPL256C,YPL211W,0,0.38952813,0.10111914575099945,0.9912621378898621,0.9103310108184814
YER144C,YGL131C,0,0.38934773,0.10110913217067719,0.9912621378898621,0.9104312658309937
YIL073C,YER166W,0,0.3889376,0.10109911859035492,0.9912621378898621,0.9105315804481506
YOR284W,YDL165W,0,0.3869129,0.10108911246061325,0.9912621378898621,0.9106318950653076
YER065C,YPL108W,0,0.38589007,0.10107909888029099,0.9912621378898621,0.9107322096824646
YHL018W,YIL105C,0,0.3854522,0.10106909275054932,0.9912621378898621,0.9108325242996216
YPL086C,YGL097W,0,0.3852257,0.10105909407138824,0.9912621378898621,0.9109327793121338
YIL085C,YML064C,0,0.38404155,0.10104908794164658,0.9912621378898621,0.9110330939292908
YLR226W,YHR084W,0,0.38398516,0.1010390892624855,0.9912621378898621,0.9111334085464478
YDL207W,YDR147W,0,0.38339418,0.10102909058332443,0.9912621378898621,0.9112337231636047
YJR090C,YHR166C,0,0.38303632,0.10101909935474396,0.9912621378898621,0.9113339781761169
YMR268C,YPL108W,0,0.38093346,0.10100910067558289,0.9912621378898621,0.9114342927932739
YGR215W,YDR363W,0,0.37811276,0.10099910944700241,0.9912621378898621,0.9115346074104309
YER146W,YOR312C,0,0.37781325,0.10098911821842194,0.9912621378898621,0.9116349220275879
YML069W,YNL113W,0,0.37402424,0.10097913444042206,0.9912621378898621,0.9117351770401001
YDL002C,YOR210W,0,0.37287152,0.10096914321184158,0.9912621378898621,0.9118354916572571
YHR187W,YLR355C,0,0.37274107,0.1009591594338417,0.9912621378898621,0.9119358062744141
YGR133W,YHL013C,0,0.37245548,0.10094917565584183,0.9912621378898621,0.912036120891571
YLR369W,YLR095C,0,0.37238798,0.10093919932842255,0.9912621378898621,0.912136435508728
YJR095W,YLR148W,0,0.3722702,0.10092922300100327,0.9912621378898621,0.9122366905212402
YJR088C,YDL147W,0,0.37182572,0.10091924667358398,0.9912621378898621,0.9123370051383972
YNL252C,YBR139W,0,0.3717132,0.1009092703461647,0.9912621378898621,0.9124373197555542
YLR084C,YPL283C,0,0.37059453,0.10089930146932602,0.9912621378898621,0.9125376343727112
YJR105W,YNL113W,0,0.3702336,0.10088932514190674,0.9912621378898621,0.9126378893852234
YER039C,YHR091C,0,0.370183,0.10087935626506805,0.9912621378898621,0.9127382040023804
YCL020W,YER160C,0,0.36812955,0.10086939483880997,0.9912621378898621,0.9128385186195374
YML066C,YOL137W,0,0.36744952,0.10085942596197128,0.9912621378898621,0.9129388332366943
YHR134W,YFR028C,0,0.36669514,0.1008494645357132,0.9912621378898621,0.9130390882492065
YDL181W,YKL157W,0,0.36499727,0.10083950310945511,0.9912621378898621,0.9131394028663635
YJL047C,YKR045C,0,0.3647269,0.10082954913377762,0.9912621378898621,0.9132397174835205
YLR424W,YDR198C,0,0.36427677,0.10081958770751953,0.9912621378898621,0.9133400321006775
YER144C,YNL124W,0,0.36363906,0.10080963373184204,0.9912621378898621,0.9134403467178345
YNL035C,YDL165W,0,0.3632316,0.10079968720674515,0.9912621378898621,0.9135406017303467
YNL014W,YMR162C,0,0.36307907,0.10078973323106766,0.9912621378898621,0.9136409163475037
YOR144C,YKL160W,0,0.36256462,0.10077978670597076,0.9912621378898621,0.9137412309646606
YOR255W,YLL052C,0,0.36131182,0.10076984018087387,0.9912621378898621,0.9138415455818176
YPL016W,YNL035C,0,0.3599557,0.10075989365577698,0.9912621378898621,0.9139418005943298
YNL069C,YPL016W,0,0.35981148,0.10074994713068008,0.9912621378898621,0.9140421152114868
YNR036C,YNL241C,0,0.35888624,0.10074000805616379,0.9912621378898621,0.9141424298286438
YOR118W,YHR112C,0,0.35756683,0.10073006898164749,0.9912621378898621,0.9142427444458008
YML008C,YDR352W,0,0.35733122,0.10072013735771179,0.9912621378898621,0.914342999458313
YBR039W,YJL104W,0,0.35673183,0.1007101982831955,0.9912621378898621,0.91444331407547
YOR094W,YPL162C,0,0.35596603,0.1007002666592598,0.9912621378898621,0.914543628692627
YIL110W,YBR135W,0,0.35448426,0.1006903350353241,0.9912621378898621,0.9146439433097839
YLR051C,YGR166W,0,0.35373005,0.1006804034113884,0.9912621378898621,0.9147442579269409
YBR293W,YOL068C,0,0.3526738,0.1006704792380333,0.9912621378898621,0.9148445129394531
YOL039W,YKL137W,0,0.3513995,0.10066055506467819,0.9912621378898621,0.9149448275566101
YDR408C,YBR039W,0,0.35126007,0.10065063089132309,0.9912621378898621,0.9150451421737671
YBR239C,YKR086W,0,0.35031724,0.10064070671796799,0.9912621378898621,0.9151454567909241
YIL016W,YIR010W,0,0.35031167,0.10063078999519348,0.9912621378898621,0.9152457118034363
YGL033W,YAL055W,0,0.34946573,0.10062087327241898,0.9912621378898621,0.9153460264205933
YNL126W,YNL272C,0,0.34891972,0.10061095654964447,0.9912621378898621,0.9154463410377502
YBR132C,YBR139W,1,0.34868565,0.10069957375526428,0.9922330379486084,0.9154463410377502
YIL158W,YPL069C,0,0.34856007,0.10068965703248978,0.9922330379486084,0.9155466556549072
YGL201C,YOL068C,0,0.34671643,0.10067973285913467,0.9922330379486084,0.9156469702720642
YFR042W,YDL079C,0,0.34590366,0.10066981613636017,0.9922330379486084,0.9157472252845764
YGR195W,YLR431C,0,0.34589875,0.10065990686416626,0.9922330379486084,0.9158475399017334
YPL037C,YGR013W,0,0.34514117,0.10064999014139175,0.9922330379486084,0.9159478545188904
YHR091C,YIL103W,0,0.34485608,0.10064008086919785,0.9922330379486084,0.9160481691360474
YCR088W,YML075C,0,0.34433126,0.10063017159700394,0.9922330379486084,0.9161484241485596
YJR105W,YPL008W,0,0.3441016,0.10062026232481003,0.9922330379486084,0.9162487387657166
YOR284W,YHR128W,0,0.34342834,0.10061035305261612,0.9922330379486084,0.9163490533828735
YDR027C,YDL156W,0,0.34295136,0.10060045123100281,0.9922330379486084,0.9164493680000305
YMR121C,YNL272C,0,0.34160444,0.1005905494093895,0.9922330379486084,0.9165496230125427
YCL038C,YBR014C,1,0.3410738,0.10067906975746155,0.99320387840271,0.9165496230125427
YHR003C,YKL137W,0,0.33895755,0.10066916048526764,0.99320387840271,0.9166499376296997
YOR017W,YCR043C,0,0.33889675,0.10065925121307373,0.99320387840271,0.9167502522468567
YNL126W,YNL316C,0,0.33832198,0.10064934939146042,0.99320387840271,0.9168505668640137
YJL151C,YGL145W,0,0.33562797,0.1006394475698471,0.99320387840271,0.9169508814811707
YLR398C,YER183C,0,0.33405223,0.10062955319881439,0.99320387840271,0.9170511364936829
YML064C,YFL009W,0,0.33402026,0.10061965137720108,0.99320387840271,0.9171514511108398
YJL063C,YER018C,0,0.33388183,0.10060975700616837,0.99320387840271,0.9172517657279968
YHR034C,YOR083W,0,0.33270425,0.10059986263513565,0.99320387840271,0.9173520803451538
YER119C,YDL122W,0,0.33208463,0.10058996826410294,0.99320387840271,0.917452335357666
YBL097W,YGL029W,0,0.3308396,0.10058008134365082,0.99320387840271,0.917552649974823
YMR293C,YLR210W,0,0.33082673,0.1005701944231987,0.99320387840271,0.91765296459198
YML025C,YBR154C,0,0.3306774,0.10056030750274658,0.99320387840271,0.917753279209137
YLR423C,YKR029C,0,0.33058447,0.10055042058229446,0.99320387840271,0.9178535342216492
YBL046W,YIL082W-A,0,0.33051598,0.10054054111242294,0.99320387840271,0.9179538488388062
YLR307W,YFL003C,0,0.32939535,0.10053066164255142,0.99320387840271,0.9180541634559631
YOL119C,YNR063W,0,0.32905948,0.1005207821726799,0.99320387840271,0.9181544780731201
YCR042C,YNR069C,0,0.32772645,0.10051090270280838,0.99320387840271,0.9182547926902771
YCR069W,YML019W,0,0.32770485,0.10050103068351746,0.99320387840271,0.9183550477027893
YOR284W,YJR064W,0,0.3276259,0.10049115866422653,0.99320387840271,0.9184553623199463
YLR274W,YHL013C,0,0.3275568,0.10048128664493561,0.99320387840271,0.9185556769371033
YKL071W,YAL042W,0,0.32711983,0.10047142207622528,0.99320387840271,0.9186559915542603
YDL132W,YER006W,0,0.3271162,0.10046155005693436,0.99320387840271,0.9187562465667725
YHL007C,YGL023C,0,0.32668543,0.10045168548822403,0.99320387840271,0.9188565611839294
YGR271C-A,YJL111W,0,0.3253767,0.1004418283700943,0.99320387840271,0.9189568758010864
YBR288C,YDL165W,0,0.32382053,0.10043196380138397,0.99320387840271,0.9190571904182434
YOR229W,YDL150W,0,0.322316,0.10042210668325424,0.99320387840271,0.9191574454307556
YFL053W,YNL252C,0,0.32186505,0.10041224956512451,0.99320387840271,0.9192577600479126
YOL075C,YIL050W,0,0.32134268,0.10040239244699478,0.99320387840271,0.9193580746650696
YPL217C,YPR104C,0,0.3205612,0.10039254277944565,0.99320387840271,0.9194583892822266
YGL086W,YDR266C,0,0.320022,0.10038269311189651,0.99320387840271,0.9195587038993835
YBL005W-A,YNL014W,0,0.3193337,0.10037284344434738,0.99320387840271,0.9196589589118958
YCR088W,YAL047C,0,0.31780732,0.10036299377679825,0.99320387840271,0.9197592735290527
YNL021W,YPL023C,0,0.3162328,0.10035315155982971,0.99320387840271,0.9198595881462097
YDR489W,YDR037W,0,0.31622905,0.10034330189228058,0.99320387840271,0.9199599027633667
YGR152C,YOL044W,0,0.31457654,0.10033346712589264,0.99320387840271,0.9200601577758789
YLR166C,YGL033W,0,0.313366,0.1003236249089241,0.99320387840271,0.9201604723930359
YPL108W,YPR056W,0,0.31195065,0.10031379014253616,0.99320387840271,0.9202607870101929
YMR190C,YMR216C,0,0.31022432,0.10030394792556763,0.99320387840271,0.9203611016273499
YDR538W,YOR312C,0,0.3087468,0.10029412060976028,0.99320387840271,0.9204613566398621
YNL222W,YNL254C,0,0.3079546,0.10028428584337234,0.99320387840271,0.920561671257019
YBR239C,YLL052C,0,0.30711198,0.100274458527565,0.99320387840271,0.920661985874176
YHR003C,YIL157C,0,0.30538067,0.10026463121175766,0.99320387840271,0.920762300491333
YMR164C,YOR368W,0,0.3042343,0.10025480389595032,0.99320387840271,0.92086261510849
YHR084W,YMR083W,0,0.30278236,0.10024497658014297,0.99320387840271,0.9209628701210022
YLR240W,YJL184W,0,0.30255717,0.10023515671491623,0.99320387840271,0.9210631847381592
YGL134W,YKR045C,0,0.30212307,0.10022533684968948,0.99320387840271,0.9211634993553162
YNR063W,YPL255W,0,0.30092096,0.10021551698446274,0.99320387840271,0.9212638139724731
YGR148C,YBR152W,0,0.30045253,0.10020570456981659,0.99320387840271,0.9213640689849854
YML069W,YLL015W,0,0.3002953,0.10019588470458984,0.99320387840271,0.9214643836021423
YLR013W,YOR295W,0,0.29658788,0.1001860722899437,0.99320387840271,0.9215646982192993
YFR046C,YGL033W,0,0.29642665,0.10017625987529755,0.99320387840271,0.9216650128364563
YHR187W,YGL254W,0,0.29615825,0.100166454911232,0.99320387840271,0.9217652678489685
YOL034W,YOL049W,0,0.29612643,0.10015664994716644,0.99320387840271,0.9218655824661255
YJL115W,YPR112C,0,0.29568586,0.10014684498310089,0.99320387840271,0.9219658970832825
YKL125W,YHL020C,0,0.29546344,0.10013704001903534,0.99320387840271,0.9220662117004395
YMR263W,YNL099C,0,0.29537952,0.10012724250555038,0.99320387840271,0.9221665263175964
YLR242C,YDR489W,0,0.29491013,0.10011743754148483,0.99320387840271,0.9222667813301086
YBR186W,YGR289C,0,0.29463536,0.10010764002799988,0.99320387840271,0.9223670959472656
YKR010C,YPL009C,0,0.2932524,0.10009784996509552,0.99320387840271,0.9224674105644226
YBR239C,YLR027C,0,0.2918046,0.10008805245161057,0.99320387840271,0.9225677251815796
YOR144C,YCR027C,0,0.2917064,0.10007826238870621,0.99320387840271,0.9226679801940918
YAL042W,YGL044C,0,0.29091874,0.10006847232580185,0.99320387840271,0.9227682948112488
YGR271C-A,YBR167C,0,0.2905933,0.10005868226289749,0.99320387840271,0.9228686094284058
YFR046C,YLL042C,0,0.28735697,0.10004889965057373,0.99320387840271,0.9229689240455627
YMR236W,YBR136W,0,0.28658152,0.10003911703824997,0.99320387840271,0.923069179058075
YOR115C,YNL030W,0,0.2859928,0.10002933442592621,0.99320387840271,0.9231694936752319
YJL010C,YOL088C,0,0.28476977,0.10001955181360245,0.99320387840271,0.9232698082923889
YOL146W,YOR295W,0,0.28461727,0.10000977665185928,0.99320387840271,0.9233701229095459
YJL139C,YKL027W,0,0.28319255,0.10000000149011612,0.99320387840271,0.9234704375267029
YOR293W,YBR154C,0,0.28256577,0.09999022632837296,0.99320387840271,0.9235706925392151
YPL217C,YKR045C,0,0.28252044,0.09998045116662979,0.99320387840271,0.9236710071563721
YGR091W,YER122C,0,0.28213054,0.09997068345546722,0.99320387840271,0.923771321773529
YDR462W,YFR046C,0,0.28193682,0.09996091574430466,0.99320387840271,0.923871636390686
YNL177C,YDL222C,0,0.28074908,0.09995114803314209,0.99320387840271,0.9239718914031982
YMR199W,YDR484W,0,0.2796328,0.09994138032197952,0.99320387840271,0.9240722060203552
YKR010C,YBR265W,0,0.279247,0.09993162006139755,0.99320387840271,0.9241725206375122
YGL208W,YDL079C,0,0.27915356,0.09992185980081558,0.99320387840271,0.9242728352546692
YOR336W,YDL092W,0,0.27853936,0.09991209954023361,0.99320387840271,0.9243730902671814
YKL188C,YJR093C,0,0.27844468,0.09990234673023224,0.99320387840271,0.9244734048843384
YIL103W,YGL257C,0,0.27761906,0.09989258646965027,0.99320387840271,0.9245737195014954
YPR018W,YDR153C,0,0.27735162,0.0998828336596489,0.99320387840271,0.9246740341186523
YFL053W,YMR231W,0,0.27706683,0.09987308084964752,0.99320387840271,0.9247743487358093
YNL002C,YHR124W,0,0.2765253,0.09986333549022675,0.99320387840271,0.9248746037483215
YMR236W,YBR057C,0,0.27558887,0.09985359013080597,0.99320387840271,0.9249749183654785
YNL252C,YDR258C,0,0.27532792,0.09984384477138519,0.99320387840271,0.9250752329826355
YNR032W,YBL097W,0,0.27479696,0.09983409941196442,0.99320387840271,0.9251755475997925
YDR237W,YKL055C,0,0.27263543,0.09982435405254364,0.99320387840271,0.9252758026123047
YLR298C,YHR032W,0,0.27237785,0.09981461614370346,0.99320387840271,0.9253761172294617
YLR155C,YPL162C,0,0.2709629,0.09980487823486328,0.99320387840271,0.9254764318466187
YKL120W,YLR216C,0,0.2698174,0.0997951403260231,0.99320387840271,0.9255767464637756
YKL049C,YLR424W,0,0.2696015,0.09978540986776352,0.99320387840271,0.9256770014762878
YOL115W,YIL091C,0,0.2695795,0.09977567195892334,0.99320387840271,0.9257773160934448
YBR004C,YFL002C,0,0.2689608,0.09976594150066376,0.99320387840271,0.9258776307106018
YOL115W,YPL192C,0,0.26756078,0.09975621849298477,0.99320387840271,0.9259779453277588
YPL227C,YCR073C,0,0.2670741,0.09974648803472519,0.99320387840271,0.9260782599449158
YMR104C,YJR113C,0,0.2664345,0.0997367650270462,0.99320387840271,0.926178514957428
YLR116W,YLR095C,0,0.26588374,0.09972704201936722,0.99320387840271,0.926278829574585
YDR143C,YOL001W,0,0.26561943,0.09971731901168823,0.99320387840271,0.9263791441917419
YDL226C,YGR013W,0,0.26560462,0.09970760345458984,0.99320387840271,0.9264794588088989
YMR216C,YLL052C,0,0.26350206,0.09969788789749146,0.99320387840271,0.9265797138214111
YDR216W,YDL222C,0,0.26346248,0.09968817234039307,0.99320387840271,0.9266800284385681
YOR284W,YDL044C,0,0.26118013,0.09967845678329468,0.99320387840271,0.9267803430557251
YJL010C,YBR106W,0,0.26113784,0.09966874867677689,0.99320387840271,0.9268806576728821
YCL045C,YLR355C,0,0.2608417,0.0996590331196785,0.99320387840271,0.9269809722900391
YDL132W,YLR226W,0,0.2606521,0.0996493250131607,0.99320387840271,0.9270812273025513
YBR179C,YBL097W,0,0.26046434,0.09963962435722351,0.99320387840271,0.9271815419197083
YMR162C,YML111W,0,0.2600964,0.09962991625070572,0.99320387840271,0.9272818565368652
YPL190C,YPL079W,0,0.25926626,0.09962021559476852,0.99320387840271,0.9273821711540222
YKL213C,YIR003W,0,0.25827983,0.09961051493883133,0.99320387840271,0.9274824261665344
YGR209C,YDL174C,0,0.25722516,0.09960081428289413,0.99320387840271,0.9275827407836914
YOL034W,YLR368W,0,0.25660914,0.09959112107753754,0.99320387840271,0.9276830554008484
YLR233C,YDR255C,0,0.25652394,0.09958142787218094,0.99320387840271,0.9277833700180054
YBR302C,YNL252C,0,0.2558746,0.09957173466682434,0.99320387840271,0.9278836250305176
YNR054C,YJL014W,0,0.2552449,0.09956204146146774,0.99320387840271,0.9279839396476746
YPL237W,YLR372W,0,0.25477332,0.09955235570669174,0.99320387840271,0.9280842542648315
YKR045C,YCR033W,0,0.25416565,0.09954266995191574,0.99320387840271,0.9281845688819885
YJL154C,YDL191W,0,0.25253198,0.09953298419713974,0.99320387840271,0.9282848834991455
YDR324C,YIL065C,0,0.25093266,0.09952329844236374,0.99320387840271,0.9283851385116577
YJR152W,YML065W,0,0.24865322,0.09951362013816833,0.99320387840271,0.9284854531288147
YLR398C,YMR277W,0,0.244948,0.09950394183397293,0.99320387840271,0.9285857677459717
YKR081C,YLR071C,0,0.24370943,0.09949426352977753,0.99320387840271,0.9286860823631287
YGL017W,YPL030W,0,0.24357629,0.09948458522558212,0.99320387840271,0.9287863373756409
YKL213C,YBR229C,0,0.24219781,0.09947491437196732,0.99320387840271,0.9288866519927979
YOL088C,YJL076W,0,0.24211596,0.09946524351835251,0.99320387840271,0.9289869666099548
YPR183W,YHR196W,0,0.24167262,0.0994555726647377,0.99320387840271,0.9290872812271118
YFL009W,YNL148C,0,0.24088539,0.0994459018111229,0.99320387840271,0.929187536239624
YLR013W,YMR044W,0,0.2401291,0.09943623840808868,0.99320387840271,0.929287850856781
YNL154C,YGR195W,0,0.24011223,0.09942657500505447,0.99320387840271,0.929388165473938
YLR320W,YDL014W,0,0.23912129,0.09941691160202026,0.99320387840271,0.929488480091095
YPL100W,YBR132C,1,0.23814072,0.09950441867113113,0.9941747784614563,0.929488480091095
YGL033W,YHR034C,0,0.23543529,0.09949475526809692,0.9941747784614563,0.929588794708252
YLR077W,YML046W,0,0.23426203,0.09948508441448212,0.9941747784614563,0.9296890497207642
YKR067W,YBR044C,0,0.23273587,0.0994754210114479,0.9941747784614563,0.9297893643379211
YKL071W,YOL041C,0,0.23200992,0.0994657576084137,0.9941747784614563,0.9298896789550781
YCL019W,YNL316C,0,0.22990641,0.09945610165596008,0.9941747784614563,0.9299899935722351
YIL016W,YDL150W,0,0.22896405,0.09944643825292587,0.9941747784614563,0.9300902485847473
YLR272C,YDL191W,0,0.22691895,0.09943678230047226,0.9941747784614563,0.9301905632019043
YDR153C,YFL008W,0,0.22652642,0.09942712634801865,0.9941747784614563,0.9302908778190613
YOR284W,YGL175C,0,0.22360519,0.09941747784614563,0.9941747784614563,0.9303911924362183
YLR378C,YML075C,0,0.22342831,0.09940782189369202,0.9941747784614563,0.9304914474487305
YML062C,YMR121C,0,0.22338311,0.099398173391819,0.9941747784614563,0.9305917620658875
YGR041W,YFL003C,0,0.22188054,0.09938852488994598,0.9941747784614563,0.9306920766830444
YLR071C,YMR309C,0,0.22169703,0.09937888383865356,0.9941747784614563,0.9307923913002014
YBL042C,YHR102W,0,0.22142397,0.09936923533678055,0.9941747784614563,0.9308927059173584
YIL117C,YML075C,0,0.220513,0.09935959428548813,0.9941747784614563,0.9309929609298706
YMR283C,YDL147W,0,0.21944974,0.09934995323419571,0.9941747784614563,0.9310932755470276
YML069W,YDR206W,0,0.2188109,0.09934031963348389,0.9941747784614563,0.9311935901641846
YPL211W,YGL097W,0,0.21713373,0.09933067858219147,0.9941747784614563,0.9312939047813416
YIL103W,YOL089C,0,0.21686123,0.09932104498147964,0.9941747784614563,0.9313941597938538
YOR255W,YNL106C,0,0.21676756,0.09931141138076782,0.9941747784614563,0.9314944744110107
YAL042W,YFL034C-A,0,0.21556212,0.0993017852306366,0.9941747784614563,0.9315947890281677
YPL232W,YPL212C,0,0.21554704,0.09929215908050537,0.9941747784614563,0.9316951036453247
YGL020C,YPL023C,0,0.21544701,0.09928252547979355,0.9941747784614563,0.9317953586578369
YDL226C,YPR121W,0,0.21447413,0.09927290678024292,0.9941747784614563,0.9318956732749939
YBR136W,YOR028C,0,0.21437643,0.0992632806301117,0.9941747784614563,0.9319959878921509
YBR293W,YHR205W,1,0.21302235,0.09935058653354645,0.9951456189155579,0.9319959878921509
YGL065C,YGL245W,0,0.21271421,0.09934096038341522,0.9951456189155579,0.9320963025093079
YCR069W,YNL058C,0,0.21213762,0.099331334233284,0.9951456189155579,0.9321966171264648
YDR462W,YKR092C,0,0.20861058,0.09932170808315277,0.9951456189155579,0.932296872138977
YER169W,YJL104W,0,0.20784223,0.09931208193302155,0.9951456189155579,0.932397186756134
YBR258C,YML069W,0,0.20619054,0.09930246323347092,0.9951456189155579,0.932497501373291
YHL009C,YJL010C,0,0.20402242,0.09929284453392029,0.9951456189155579,0.932597815990448
YBR290W,YER006W,0,0.20305032,0.09928322583436966,0.9951456189155579,0.9326980710029602
YNR063W,YPL046C,0,0.20221727,0.09927360713481903,0.9951456189155579,0.9327983856201172
YNL002C,YBR004C,0,0.20147215,0.099263995885849,0.9951456189155579,0.9328987002372742
YMR014W,YEL042W,0,0.20074023,0.09925438463687897,0.9951456189155579,0.9329990148544312
YLR405W,YDR394W,0,0.20034643,0.09924477338790894,0.9951456189155579,0.9330992698669434
YKR010C,YJL160C,0,0.19830824,0.0992351621389389,0.9951456189155579,0.9331995844841003
YAR003W,YDR156W,0,0.19448294,0.09922555834054947,0.9951456189155579,0.9332998991012573
YNL124W,YJL111W,0,0.19387458,0.09921595454216003,0.9951456189155579,0.9334002137184143
YJL050W,YOL044W,0,0.19097677,0.0992063507437706,0.9951456189155579,0.9335005283355713
YML078W,YLR388W,0,0.19008054,0.09919674694538116,0.9951456189155579,0.9336007833480835
YDR237W,YJL076W,0,0.18567555,0.09918715059757233,0.9951456189155579,0.9337010979652405
YMR106C,YER160C,0,0.18563251,0.09917755424976349,0.9951456189155579,0.9338014125823975
YBR044C,YHR166C,0,0.18558964,0.09916795790195465,0.9951456189155579,0.9339017271995544
YAL042W,YOR083W,0,0.18544307,0.09915836155414581,0.9951456189155579,0.9340019822120667
YMR121C,YJL020C,0,0.18375736,0.09914877265691757,0.9951456189155579,0.9341022968292236
YHR152W,YLR399C,0,0.18068263,0.09913918375968933,0.9951456189155579,0.9342026114463806
YPR101W,YBL105C,0,0.18015225,0.09912959486246109,0.9951456189155579,0.9343029260635376
YOR064C,YAL009W,0,0.17938747,0.09912000596523285,0.9951456189155579,0.9344031810760498
YOR190W,YIR010W,0,0.17509305,0.0991104245185852,0.9951456189155579,0.9345034956932068
YPL190C,YBL100W-A,0,0.1748357,0.09910084307193756,0.9951456189155579,0.9346038103103638
YJR095W,YGL257C,0,0.17476477,0.09909126162528992,0.9951456189155579,0.9347041249275208
YGL254W,YOR367W,0,0.17442673,0.09908168017864227,0.9951456189155579,0.9348044395446777
YGL033W,YDR085C,0,0.17199205,0.09907210618257523,0.9951456189155579,0.9349046945571899
YNL035C,YOL001W,0,0.17188011,0.09906253218650818,0.9951456189155579,0.9350050091743469
YMR167W,YBR154C,0,0.16831641,0.09905295819044113,0.9951456189155579,0.9351053237915039
YBR215W,YCR089W,0,0.16783844,0.09904338419437408,0.9951456189155579,0.9352056384086609
YDL194W,YDR237W,0,0.16775009,0.09903381764888763,0.9951456189155579,0.9353058934211731
YJL184W,YJL203W,0,0.16644178,0.09902425110340118,0.9951456189155579,0.9354062080383301
YGL011C,YGR091W,0,0.16584067,0.09901468455791473,0.9951456189155579,0.9355065226554871
YIL158W,YKL220C,0,0.16531545,0.09900511801242828,0.9951456189155579,0.935606837272644
YOR058C,YGL175C,0,0.16516255,0.09899555891752243,0.9951456189155579,0.9357070922851562
YOL128C,YFL052W,0,0.16490538,0.09898599982261658,0.9951456189155579,0.9358074069023132
YNL186W,YJR125C,0,0.16367061,0.09897644072771072,0.9951456189155579,0.9359077215194702
YDR221W,YML069W,0,0.1618753,0.09896688163280487,0.9951456189155579,0.9360080361366272
YGR090W,YLL032C,0,0.16135159,0.09895732998847961,0.9951456189155579,0.9361083507537842
YBR186W,YGL181W,0,0.16027403,0.09894777834415436,0.9951456189155579,0.9362086057662964
YDR408C,YJR095W,0,0.15771107,0.0989382266998291,0.9951456189155579,0.9363089203834534
YOR056C,YDL165W,0,0.15229796,0.09892867505550385,0.9951456189155579,0.9364092350006104
YEL005C,YHL008C,1,0.1514704,0.09901563078165054,0.9961165189743042,0.9364092350006104
YJR093C,YDR198C,0,0.15039109,0.09900607913732529,0.9961165189743042,0.9365095496177673
YNR063W,YIL050W,0,0.14964125,0.09899652749300003,0.9961165189743042,0.9366098046302795
YHR187W,YDR206W,0,0.14937052,0.09898697584867477,0.9961165189743042,0.9367101192474365
YBR290W,YER018C,0,0.14890783,0.09897742420434952,0.9961165189743042,0.9368104338645935
YBR186W,YPL255W,0,0.148486,0.09896788001060486,0.9961165189743042,0.9369107484817505
YNL088W,YCL020W,0,0.1481388,0.0989583358168602,0.9961165189743042,0.9370110034942627
YML066C,YIL127C,0,0.14787175,0.09894879162311554,0.9961165189743042,0.9371113181114197
YLR342W,YNR032W,0,0.14760439,0.09893924742937088,0.9961165189743042,0.9372116327285767
YLR342W,YJL063C,0,0.14628677,0.09892971068620682,0.9961165189743042,0.9373119473457336
YKL055C,YLL042C,0,0.14626777,0.09892016649246216,0.9961165189743042,0.9374122619628906
YJL063C,YOR293W,0,0.14528036,0.0989106297492981,0.9961165189743042,0.9375125169754028
YOR210W,YIL050W,0,0.14365807,0.09890110045671463,0.9961165189743042,0.9376128315925598
YNR073C,YLR274W,0,0.14281648,0.09889156371355057,0.9961165189743042,0.9377131462097168
YHL008C,YJL059W,1,0.14211154,0.09897841513156891,0.9970873594284058,0.9377131462097168
YHR143W-A,YGR206W,0,0.1419511,0.09896887093782425,0.9970873594284058,0.9378134608268738
YKR060W,YGL079W,0,0.14160837,0.09895933419466019,0.9970873594284058,0.937913715839386
YOR030W,YER075C,0,0.1412542,0.09894980490207672,0.9970873594284058,0.938014030456543
YOR196C,YBL100W-A,0,0.13956626,0.09894026815891266,0.9970873594284058,0.9381143450737
YOR190W,YNR063W,0,0.13647695,0.0989307388663292,0.9970873594284058,0.9382146596908569
YNL009W,YKL167C,0,0.13643534,0.09892120957374573,0.9970873594284058,0.9383149743080139
YBR021W,YEL004W,0,0.13481613,0.09891168028116226,0.9970873594284058,0.9384152293205261
YGL029W,YCR003W,0,0.13376275,0.0989021584391594,0.9970873594284058,0.9385155439376831
YLL005C,YPR112C,0,0.13375269,0.09889263659715652,0.9970873594284058,0.9386158585548401
YBR152W,YJL203W,0,0.1294911,0.09888311475515366,0.9970873594284058,0.9387161731719971
YKR045C,YLL036C,0,0.12927924,0.09887359291315079,0.9970873594284058,0.9388164281845093
YLR320W,YOR141C,0,0.12856969,0.09886407107114792,0.9970873594284058,0.9389167428016663
YML069W,YOR141C,0,0.1282282,0.09885455667972565,0.9970873594284058,0.9390170574188232
YJR043C,YKR092C,0,0.12780724,0.09884504228830338,0.9970873594284058,0.9391173720359802
YJL145W,YPR056W,0,0.12685822,0.0988355278968811,0.9970873594284058,0.9392176270484924
YKL027W,YOR035C,0,0.12661816,0.09882602095603943,0.9970873594284058,0.9393179416656494
YKL086W,YJL042W,0,0.12563957,0.09881651401519775,0.9970873594284058,0.9394182562828064
YDL052C,YPL015C,0,0.12520286,0.09880700707435608,0.9970873594284058,0.9395185708999634
YGL201C,YPR009W,0,0.12501948,0.0987975001335144,0.9970873594284058,0.9396188855171204
YIL085C,YGL099W,0,0.1247128,0.09878799319267273,0.9970873594284058,0.9397191405296326
YOR361C,YPL023C,0,0.12315332,0.09877849370241165,0.9970873594284058,0.9398194551467896
YLR405W,YNR051C,0,0.120349236,0.09876899421215057,0.9970873594284058,0.9399197697639465
YAL055W,YNR046W,0,0.11922289,0.0987594947218895,0.9970873594284058,0.9400200843811035
YDR221W,YDR237W,0,0.11750051,0.09875000268220901,0.9970873594284058,0.9401203393936157
YGL201C,YOR210W,0,0.11720308,0.09874050319194794,0.9970873594284058,0.9402206540107727
YHR003C,YBR293W,0,0.1169761,0.09873101115226746,0.9970873594284058,0.9403209686279297
YGR271C-A,YAL042W,0,0.11473262,0.09872151911258698,0.9970873594284058,0.9404212832450867
YPR104C,YDR409W,0,0.114517264,0.09871203452348709,0.9970873594284058,0.9405215382575989
YPL029W,YPL012W,0,0.114017695,0.09870254993438721,0.9970873594284058,0.9406218528747559
YCR068W,YCR042C,0,0.113431655,0.09869306534528732,0.9970873594284058,0.9407221674919128
YDR163W,YOR205C,0,0.11263133,0.09868358075618744,0.9970873594284058,0.9408224821090698
YGR275W,YHR034C,0,0.112546936,0.09867409616708755,0.9970873594284058,0.9409227967262268
YDR349C,YER160C,0,0.11123702,0.09866461902856827,0.9970873594284058,0.941023051738739
YOR118W,YLR069C,0,0.110565044,0.09865514189004898,0.9970873594284058,0.941123366355896
YJR095W,YPL162C,0,0.11020262,0.0986456647515297,0.9970873594284058,0.941223680973053
YHR196W,YEL009C,0,0.11014157,0.0986361876130104,0.9970873594284058,0.94132399559021
YIL016W,YDR153C,0,0.106707424,0.09862671792507172,0.9970873594284058,0.9414242506027222
YLR405W,YNL099C,0,0.1047809,0.09861724823713303,0.9970873594284058,0.9415245652198792
YKR010C,YLL042C,0,0.10369129,0.09860777854919434,0.9970873594284058,0.9416248798370361
YOR115C,YOR210W,0,0.10290432,0.09859830886125565,0.9970873594284058,0.9417251944541931
YGL023C,YEL077C,0,0.102784,0.09858884662389755,0.9970873594284058,0.9418254494667053
YER119C,YLR070C,0,0.102669306,0.09857938438653946,0.9970873594284058,0.9419257640838623
YOL115W,YBR044C,0,0.09888712,0.09856992214918137,0.9970873594284058,0.9420260787010193
YHR034C,YML121W,0,0.09872472,0.09856045991182327,0.9970873594284058,0.9421263933181763
YDR346C,YNL124W,0,0.09845839,0.09855100512504578,0.9970873594284058,0.9422267079353333
YPL132W,YMR271C,0,0.098223515,0.09854155033826828,0.9970873594284058,0.9423269629478455
YNL209W,YDL058W,0,0.09661945,0.09853209555149078,0.9970873594284058,0.9424272775650024
YNL177C,YOR141C,0,0.09617151,0.09852264076471329,0.9970873594284058,0.9425275921821594
YIR003W,YJR067C,0,0.09524716,0.09851318597793579,0.9970873594284058,0.9426279067993164
YDR485C,YLR057W,0,0.09486947,0.09850373864173889,0.9970873594284058,0.9427281618118286
YPL029W,YJL159W,0,0.09340536,0.09849429130554199,0.9970873594284058,0.9428284764289856
YOL006C,YOR361C,0,0.09312848,0.09848485141992569,0.9970873594284058,0.9429287910461426
YLR310C,YJR105W,0,0.09094385,0.09847540408372879,0.9970873594284058,0.9430291056632996
YCR071C,YMR029C,0,0.0900024,0.09846596419811249,0.9970873594284058,0.9431293606758118
YER006W,YPR033C,0,0.08996895,0.09845652431249619,0.9970873594284058,0.9432296752929688
YLR132C,YNL299W,0,0.08575242,0.09844708442687988,0.9970873594284058,0.9433299899101257
YDR489W,YJR144W,0,0.082716614,0.09843765199184418,0.9970873594284058,0.9434303045272827
YJL113W,YBR104W,0,0.08126934,0.09842821210622787,0.9970873594284058,0.9435306191444397
YPL212C,YBR104W,0,0.08107499,0.09841877967119217,0.9970873594284058,0.9436308741569519
YOL089C,YOR140W,0,0.080931075,0.09840935468673706,0.9970873594284058,0.9437311887741089
YHR042W,YGL097W,0,0.07741133,0.09839992225170135,0.9970873594284058,0.9438315033912659
YOR255W,YHR152W,0,0.07686597,0.09839049726724625,0.9970873594284058,0.9439318180084229
YBR019C,YPL128C,0,0.076544665,0.09838107228279114,0.9970873594284058,0.9440320730209351
YBL005W-A,YDL201W,0,0.07554917,0.09837164729833603,0.9970873594284058,0.944132387638092
YHR091C,YBL009W,0,0.0716062,0.09836222231388092,0.9970873594284058,0.944232702255249
YNL275W,YGL077C,0,0.06919688,0.09835280478000641,0.9970873594284058,0.944333016872406
YHR007C,YGR280C,0,0.06826553,0.0983433872461319,0.9970873594284058,0.9444332718849182
YGL201C,YMR199W,0,0.0671019,0.09833396971225739,0.9970873594284058,0.9445335865020752
YDR339C,YKL137W,0,0.06607267,0.09832455962896347,0.9970873594284058,0.9446339011192322
YDL153C,YHR034C,0,0.06508266,0.09831514209508896,0.9970873594284058,0.9447342157363892
YGL201C,YER157W,0,0.06429263,0.09830573201179504,0.9970873594284058,0.9448345303535461
YJL042W,YHR065C,0,0.063633844,0.09829632192850113,0.9970873594284058,0.9449347853660583
YPR101W,YER160C,0,0.062314793,0.09828691929578781,0.9970873594284058,0.9450350999832153
YBR200W,YOR198C,0,0.062293313,0.0982775092124939,0.9970873594284058,0.9451354146003723
YIL016W,YML062C,0,0.061629,0.09826810657978058,0.9970873594284058,0.9452357292175293
YPL242C,YHR065C,0,0.06112823,0.09825870394706726,0.9970873594284058,0.9453359842300415
YLR084C,YLR405W,0,0.05863744,0.09824930876493454,0.9970873594284058,0.9454362988471985
YCL020W,YOR064C,0,0.057148077,0.09823990613222122,0.9970873594284058,0.9455366134643555
YDR452W,YBR239C,0,0.057060376,0.0982305109500885,0.9970873594284058,0.9456369280815125
YBL018C,YIL103W,0,0.053239033,0.09822111576795578,0.9970873594284058,0.9457371830940247
YPL086C,YOL021C,0,0.048410624,0.09821172058582306,0.9970873594284058,0.9458374977111816
YMR164C,YLR398C,0,0.0483192,0.09820233285427094,0.9970873594284058,0.9459378123283386
YPL030W,YGL044C,0,0.04749062,0.09819294512271881,0.9970873594284058,0.9460381269454956
YGL100W,YBR057C,0,0.047485612,0.09818355739116669,0.9970873594284058,0.9461384415626526
YGL048C,YDR020C,0,0.046635535,0.09817416965961456,0.9970873594284058,0.9462386965751648
YHR187W,YGL124C,0,0.04577539,0.09816478937864304,0.9970873594284058,0.9463390111923218
YPL003W,YDR186C,0,0.03847707,0.09815540164709091,0.9970873594284058,0.9464393258094788
YKL176C,YOR188W,0,0.03655208,0.09814602136611938,0.9970873594284058,0.9465396404266357
YGL131C,YLR308W,0,0.035457097,0.09813664853572845,0.9970873594284058,0.946639895439148
YDR184C,YDR316W,0,0.03492775,0.09812726825475693,0.9970873594284058,0.9467402100563049
YKL203C,YBR131W,1,0.033986755,0.09821343421936035,0.9980582594871521,0.9467402100563049
YOR361C,YHR065C,0,0.03385473,0.09820405393838882,0.9980582594871521,0.9468405246734619
YOR141C,YBR135W,0,0.033013515,0.0981946736574173,0.9980582594871521,0.9469408392906189
YNL209W,YER006W,0,0.028628327,0.09818529337644577,0.9980582594871521,0.9470410943031311
YKR013W,YER065C,0,0.026833154,0.09817591309547424,0.9980582594871521,0.9471414089202881
YBL067C,YGR091W,0,0.026064597,0.09816654026508331,0.9980582594871521,0.9472417235374451
YLR095C,YDL191W,0,0.022484995,0.09815716743469238,0.9980582594871521,0.947342038154602
YMR260C,YNL272C,0,0.02127073,0.09814779460430145,0.9980582594871521,0.947442352771759
YJR090C,YBL005W-A,0,0.020952798,0.09813842177391052,0.9980582594871521,0.9475426077842712
YDR225W,YLR275W,0,0.020802848,0.09812905639410019,0.9980582594871521,0.9476429224014282
YLR222C,YOL044W,0,0.019131161,0.09811969101428986,0.9980582594871521,0.9477432370185852
YCR069W,YNR063W,0,0.019089617,0.09811032563447952,0.9980582594871521,0.9478435516357422
YNR054C,YAL042W,0,0.01754696,0.09810096025466919,0.9980582594871521,0.9479438066482544
YLR013W,YDR085C,0,0.017065205,0.09809160232543945,0.9980582594871521,0.9480441212654114
YMR021C,YJR067C,0,0.01689807,0.09808224439620972,0.9980582594871521,0.9481444358825684
YGL033W,YNL116W,0,0.01628735,0.09807288646697998,0.9980582594871521,0.9482447504997253
YPL108W,YNL113W,0,0.016078569,0.09806352853775024,0.9980582594871521,0.9483450055122375
YGR227W,YCR034W,0,0.012000927,0.0980541780591011,0.9980582594871521,0.9484453201293945
YIL016W,YLL032C,0,0.010953949,0.09804482758045197,0.9980582594871521,0.9485456347465515
YNL254C,YLR368W,0,0.009777316,0.09803547710180283,0.9980582594871521,0.9486459493637085
YMR116C,YBL009W,0,0.008788266,0.09802612662315369,0.9980582594871521,0.9487462639808655
YMR014W,YPL283C,0,0.0068599368,0.09801678359508514,0.9980582594871521,0.9488465189933777
YER042W,YNL197C,0,0.0062092924,0.098007433116436,0.9980582594871521,0.9489468336105347
YPR104C,YDL052C,0,0.0055579105,0.09799809008836746,0.9980582594871521,0.9490471482276917
YPL132W,YLR307W,0,0.0055072987,0.09798875451087952,0.9980582594871521,0.9491474628448486
YDR446W,YDR123C,0,0.00434135,0.09797941148281097,0.9980582594871521,0.9492477178573608
YNL030W,YPL266W,0,0.0042435685,0.09797007590532303,0.9980582594871521,0.9493480324745178
YFL009W,YMR277W,0,0.002839337,0.09796074032783508,0.9980582594871521,0.9494483470916748
YML064C,YLR423C,0,0.001440064,0.09795140475034714,0.9980582594871521,0.9495486617088318
YGR048W,YGL166W,0,-0.00017409679,0.09794207662343979,0.9980582594871521,0.9496489763259888
YNL075W,YLR210W,0,-0.0032472042,0.09793274104595184,0.9980582594871521,0.949749231338501
YGR271C-A,YGL011C,0,-0.0038200384,0.0979234129190445,0.9980582594871521,0.949849545955658
YNL002C,YEL020C,0,-0.004540845,0.09791408479213715,0.9980582594871521,0.9499498605728149
YKR065C,YPR112C,0,-0.0050568366,0.0979047641158104,0.9980582594871521,0.9500501751899719
YNL126W,YMR277W,0,-0.005831546,0.09789543598890305,0.9980582594871521,0.9501504302024841
YDR237W,YLR355C,0,-0.0072116395,0.0978861153125763,0.9980582594871521,0.9502507448196411
YOR293W,YJL154C,0,-0.008205018,0.09787679463624954,0.9980582594871521,0.9503510594367981
YMR119W,YHR043C,0,-0.008271909,0.09786748141050339,0.9980582594871521,0.9504513740539551
YGR049W,YEL003W,0,-0.008851557,0.09785816073417664,0.9980582594871521,0.9505516290664673
YCR073C,YBR139W,0,-0.010176553,0.09784884750843048,0.9980582594871521,0.9506519436836243
YDR302W,YPR009W,0,-0.01259685,0.09783953428268433,0.9980582594871521,0.9507522583007812
YEL077C,YDR291W,0,-0.012743826,0.09783022105693817,0.9980582594871521,0.9508525729179382
YGL023C,YPR112C,0,-0.013645469,0.09782091528177261,0.9980582594871521,0.9509528875350952
YML064C,YLL005C,0,-0.014840937,0.09781160950660706,0.9980582594871521,0.9510531425476074
YKR010C,YPR023C,0,-0.017445378,0.0978023037314415,0.9980582594871521,0.9511534571647644
YNR054C,YKL112W,0,-0.01876279,0.09779299795627594,0.9980582594871521,0.9512537717819214
YOL146W,YOL034W,0,-0.021032088,0.09778369963169098,0.9980582594871521,0.9513540863990784
YCR027C,YCR043C,0,-0.021112096,0.09777439385652542,0.9980582594871521,0.9514543414115906
YNL072W,YKL120W,0,-0.02200614,0.09776509553194046,0.9980582594871521,0.9515546560287476
YNL106C,YNL270C,0,-0.022209503,0.0977557972073555,0.9980582594871521,0.9516549706459045
YDR162C,YCL030C,0,-0.024895355,0.09774650633335114,0.9980582594871521,0.9517552852630615
YJR014W,YOR245C,0,-0.025122039,0.09773721545934677,0.9980582594871521,0.9518555402755737
YIL117C,YKL209C,0,-0.026247501,0.09772792458534241,0.9980582594871521,0.9519558548927307
YCL020W,YBR106W,0,-0.029708676,0.09771863371133804,0.9980582594871521,0.9520561695098877
YER042W,YHR128W,0,-0.030184448,0.09770934283733368,0.9980582594871521,0.9521564841270447
YPL128C,YOR188W,0,-0.03039959,0.09770005941390991,0.9980582594871521,0.9522567987442017
YOL146W,YNL087W,0,-0.030780353,0.09769077599048615,0.9980582594871521,0.9523570537567139
YKL071W,YBR136W,0,-0.03261681,0.09768149256706238,0.9980582594871521,0.9524573683738708
YBR217W,YMR162C,0,-0.034375645,0.09767220914363861,0.9980582594871521,0.9525576829910278
YNR054C,YOR321W,0,-0.035526566,0.09766293317079544,0.9980582594871521,0.9526579976081848
YBR132C,YOR173W,0,-0.036156043,0.09765364974737167,0.9980582594871521,0.952758252620697
YBL004W,YBR265W,0,-0.036252685,0.0976443737745285,0.9980582594871521,0.952858567237854
YKL193C,YIL097W,0,-0.037046574,0.09763510525226593,0.9980582594871521,0.952958881855011
YBR235W,YMR164C,0,-0.03757197,0.09762582927942276,0.9980582594871521,0.953059196472168
YBR200W,YHR062C,0,-0.041738365,0.09761656075716019,0.9980582594871521,0.9531594514846802
YNR073C,YOL148C,0,-0.04387877,0.09760729223489761,0.9980582594871521,0.9532597661018372
YDR017C,YIL131C,0,-0.044904627,0.09759802371263504,0.9980582594871521,0.9533600807189941
YER019W,YFR042W,0,-0.04542836,0.09758876264095306,0.9980582594871521,0.9534603953361511
YOR231W,YPR124W,0,-0.046950903,0.09757949411869049,0.9980582594871521,0.9535607099533081
YPL016W,YDL156W,0,-0.04820849,0.09757023304700851,0.9980582594871521,0.9536609649658203
YIL085C,YBR154C,0,-0.048663504,0.09756097197532654,0.9980582594871521,0.9537612795829773
YJL145W,YAR008W,0,-0.049670845,0.09755171835422516,0.9980582594871521,0.9538615942001343
YBR200W,YHR065C,0,-0.05025231,0.09754246473312378,0.9980582594871521,0.9539619088172913
YCR073C,YDR266C,0,-0.053639226,0.0975332036614418,0.9980582594871521,0.9540621638298035
YNL002C,YHR200W,0,-0.05454252,0.09752395749092102,0.9980582594871521,0.9541624784469604
YCR027C,YMR323W,0,-0.05473558,0.09751470386981964,0.9980582594871521,0.9542627930641174
YNR054C,YMR067C,0,-0.055843703,0.09750545024871826,0.9980582594871521,0.9543631076812744
YGR068C,YOR214C,0,-0.056037433,0.09749620407819748,0.9980582594871521,0.9544633626937866
YPR107C,YJL104W,0,-0.058189698,0.0974869579076767,0.9980582594871521,0.9545636773109436
YBL027W,YOR295W,0,-0.058955118,0.09747771918773651,0.9980582594871521,0.9546639919281006
YDL005C,YGL033W,0,-0.06098292,0.09746847301721573,0.9980582594871521,0.9547643065452576
YOR229W,YHR032W,0,-0.06397893,0.09745923429727554,0.9980582594871521,0.9548646211624146
YOR293W,YDL058W,0,-0.06863918,0.09744999557733536,0.9980582594871521,0.9549648761749268
YLR274W,YKL176C,0,-0.06988218,0.09744075685739517,0.9980582594871521,0.9550651907920837
YCR102C,YBR021W,0,-0.07114991,0.09743152558803558,0.9980582594871521,0.9551655054092407
YJR043C,YNL099C,0,-0.071163245,0.0974222868680954,0.9980582594871521,0.9552658200263977
YDR017C,YBR227C,0,-0.07277692,0.09741305559873581,0.9980582594871521,0.9553660750389099
YHR187W,YBL016W,0,-0.07390151,0.09740382432937622,0.9980582594871521,0.9554663896560669
YHR039C,YML024W,0,-0.0742083,0.09739460051059723,0.9980582594871521,0.9555667042732239
YLR336C,YOR312C,0,-0.0744243,0.09738537669181824,0.9980582594871521,0.9556670188903809
YMR214W,YIL016W,0,-0.07625541,0.09737614542245865,0.9980582594871521,0.9557672739028931
YOR118W,YLR081W,0,-0.076295234,0.09736692905426025,0.9980582594871521,0.95586758852005
YMR268C,YNR049C,0,-0.076685905,0.09735770523548126,0.9980582594871521,0.955967903137207
YLR057W,YNL256W,0,-0.07786979,0.09734848141670227,0.9980582594871521,0.956068217754364
YHR062C,YJL184W,0,-0.07885265,0.09733926504850388,0.9980582594871521,0.956168532371521
YIL127C,YHR124W,0,-0.08038602,0.09733004868030548,0.9980582594871521,0.9562687873840332
YDL156W,YDR331W,0,-0.08041657,0.09732083976268768,0.9980582594871521,0.9563691020011902
YGL156W,YLR222C,0,-0.080704756,0.09731162339448929,0.9980582594871521,0.9564694166183472
YKL113C,YMR199W,0,-0.08188254,0.09730241447687149,0.9980582594871521,0.9565697312355042
YJR064W,YJL122W,0,-0.082732216,0.09729320555925369,0.9980582594871521,0.9566699862480164
YDR119W,YER160C,0,-0.08390372,0.0972839966416359,0.9980582594871521,0.9567703008651733
YHR187W,YCR073C,0,-0.08450295,0.0972747951745987,0.9980582594871521,0.9568706154823303
YKL025C,YPL266W,0,-0.08472405,0.0972655862569809,0.9980582594871521,0.9569709300994873
YDR147W,YPL275W,0,-0.08655124,0.0972563847899437,0.9980582594871521,0.9570711851119995
YER183C,YJR067C,0,-0.08681132,0.0972471833229065,0.9980582594871521,0.9571714997291565
YBR200W,YNL275W,0,-0.08907785,0.09723798930644989,0.9980582594871521,0.9572718143463135
YGL166W,YHL020C,0,-0.08967214,0.09722878783941269,0.9980582594871521,0.9573721289634705
YBR088C,YIR010W,0,-0.09010766,0.09721959382295609,0.9980582594871521,0.9574724435806274
YOR361C,YLR336C,0,-0.09188419,0.09721039980649948,0.9980582594871521,0.9575726985931396
YCR067C,YEL042W,0,-0.09381774,0.09720121324062347,0.9980582594871521,0.9576730132102966
YCR027C,YOL148C,0,-0.09456497,0.09719201922416687,0.9980582594871521,0.9577733278274536
YER183C,YNR046W,0,-0.09626385,0.09718283265829086,0.9980582594871521,0.9578736424446106
YNL305C,YKR065C,0,-0.09654852,0.09717364609241486,0.9980582594871521,0.9579738974571228
YML078W,YPL128C,0,-0.09666859,0.09716445952653885,0.9980582594871521,0.9580742120742798
YER048C,YAL042W,0,-0.0971696,0.09715528041124344,0.9980582594871521,0.9581745266914368
YPR009W,YHR045W,0,-0.10032498,0.09714609384536743,0.9980582594871521,0.9582748413085938
YPL047W,YDL064W,0,-0.10120176,0.09713691473007202,0.9980582594871521,0.958375096321106
YDL213C,YCR043C,0,-0.10129082,0.09712774306535721,0.9980582594871521,0.9584754109382629
YBR258C,YPL088W,0,-0.102153786,0.0971185639500618,0.9980582594871521,0.9585757255554199
YDR097C,YNL067W,0,-0.10563365,0.09710939228534698,0.9980582594871521,0.9586760401725769
YDR385W,YIL158W,0,-0.10869427,0.09710022062063217,0.9980582594871521,0.9587763547897339
YMR283C,YOL049W,0,-0.10912492,0.09709104895591736,0.9980582594871521,0.9588766098022461
YGL099W,YFL022C,0,-0.10957026,0.09708187729120255,0.9980582594871521,0.9589769244194031
YIL049W,YNL323W,0,-0.11042068,0.09707271307706833,0.9980582594871521,0.9590772390365601
YPL212C,YOR360C,0,-0.11144089,0.09706354141235352,0.9980582594871521,0.959177553653717
YLR225C,YNL209W,0,-0.11144348,0.0970543771982193,0.9980582594871521,0.9592778086662292
YJL123C,YOL041C,0,-0.114553146,0.09704522043466568,0.9980582594871521,0.9593781232833862
YIL041W,YNL071W,0,-0.11546507,0.09703605622053146,0.9980582594871521,0.9594784379005432
YGR261C,YLR319C,0,-0.11720743,0.09702689945697784,0.9980582594871521,0.9595787525177002
YBR203W,YGR166W,0,-0.11773283,0.09701774269342422,0.9980582594871521,0.9596790075302124
YJR113C,YIL097W,0,-0.120716415,0.0970085859298706,0.9980582594871521,0.9597793221473694
YDR432W,YGR091W,0,-0.122981496,0.09699943661689758,0.9980582594871521,0.9598796367645264
YNL069C,YNL154C,0,-0.12426933,0.09699027985334396,0.9980582594871521,0.9599799513816833
YNL126W,YER048C,0,-0.124863975,0.09698113054037094,0.9980582594871521,0.9600802659988403
YPL255W,YNL312W,0,-0.12499335,0.09697198122739792,0.9980582594871521,0.9601805210113525
YKR045C,YDR156W,0,-0.12500803,0.0969628393650055,0.9980582594871521,0.9602808356285095
YGR195W,YEL046C,0,-0.12931657,0.09695369005203247,0.9980582594871521,0.9603811502456665
YGR059W,YNL225C,0,-0.13077232,0.09694454818964005,0.9980582594871521,0.9604814648628235
YLL052C,YOR188W,0,-0.13237324,0.09693540632724762,0.9980582594871521,0.9605817198753357
YAR008W,YHL033C,0,-0.13330123,0.0969262644648552,0.9980582594871521,0.9606820344924927
YJR095W,YJR105W,0,-0.13765378,0.09691713005304337,0.9980582594871521,0.9607823491096497
YFL031W,YER183C,0,-0.1383652,0.09690799564123154,0.9980582594871521,0.9608826637268066
YPR065W,YLR256W,0,-0.13985647,0.09689886122941971,0.9980582594871521,0.9609829783439636
YJL137C,YIL097W,0,-0.14417367,0.09688972681760788,0.9980582594871521,0.9610832333564758
YNR063W,YGR280C,0,-0.14840841,0.09688059240579605,0.9980582594871521,0.9611835479736328
YAR008W,YML010W,0,-0.15018004,0.09687146544456482,0.9980582594871521,0.9612838625907898
YML038C,YLR449W,0,-0.15089445,0.09686233848333359,0.9980582594871521,0.9613841772079468
YOR362C,YLR002C,0,-0.15120675,0.09685321152210236,0.9980582594871521,0.961484432220459
YGR148C,YNL069C,0,-0.15256374,0.09684409201145172,0.9980582594871521,0.961584746837616
YGR091W,YDR264C,0,-0.1545742,0.09683496505022049,0.9980582594871521,0.961685061454773
YLR013W,YOR030W,0,-0.15514459,0.09682584553956985,0.9980582594871521,0.9617853760719299
YHR216W,YGL097W,0,-0.1553034,0.09681672602891922,0.9980582594871521,0.9618856310844421
YHR112C,YDL079C,0,-0.15832825,0.09680760651826859,0.9980582594871521,0.9619859457015991
YKL176C,YJL014W,0,-0.1583577,0.09679849445819855,0.9980582594871521,0.9620862603187561
YLR205C,YBR021W,0,-0.16141348,0.09678938239812851,0.9980582594871521,0.9621865749359131
YOL146W,YPL024W,0,-0.16170685,0.09678027033805847,0.9980582594871521,0.9622868895530701
YBR103W,YJR014W,0,-0.16263174,0.09677115827798843,0.9980582594871521,0.9623871445655823
YDR339C,YPR124W,0,-0.16435035,0.0967620462179184,0.9980582594871521,0.9624874591827393
YOL006C,YBL067C,0,-0.16479604,0.09675294160842896,0.9980582594871521,0.9625877737998962
YHR200W,YKR025W,0,-0.1678275,0.09674383699893951,0.9980582594871521,0.9626880884170532
YLR320W,YMR014W,0,-0.17016502,0.09673473238945007,0.9980582594871521,0.9627883434295654
YOL128C,YPL237W,0,-0.17112829,0.09672562777996063,0.9980582594871521,0.9628886580467224
YBL005W-A,YDR264C,0,-0.1718442,0.09671653062105179,0.9980582594871521,0.9629889726638794
YDR182W,YDL156W,0,-0.17471862,0.09670743346214294,0.9980582594871521,0.9630892872810364
YJR090C,YBR239C,0,-0.17572536,0.0966983363032341,0.9980582594871521,0.9631895422935486
YBR021W,YPL118W,0,-0.17673105,0.09668923914432526,0.9980582594871521,0.9632898569107056
YCR073C,YBR014C,0,-0.17825894,0.09668014943599701,0.9980582594871521,0.9633901715278625
YIL127C,YER065C,0,-0.18216856,0.09667105227708817,0.9980582594871521,0.9634904861450195
YGR275W,YAL047C,0,-0.18282981,0.09666196256875992,0.9980582594871521,0.9635908007621765
YJR105W,YER006W,0,-0.18344028,0.09665288031101227,0.9980582594871521,0.9636910557746887
YGL234W,YPR112C,0,-0.18580239,0.09664379060268402,0.9980582594871521,0.9637913703918457
YLR310C,YPL081W,0,-0.18599068,0.09663470834493637,0.9980582594871521,0.9638916850090027
YHR134W,YKR029C,0,-0.18704174,0.09662562608718872,0.9980582594871521,0.9639919996261597
YHR016C,YBR139W,0,-0.18841891,0.09661654382944107,0.9980582594871521,0.9640922546386719
YIR022W,YKL139W,0,-0.18960209,0.09660746157169342,0.9980582594871521,0.9641925692558289
YBR217W,YHR003C,0,-0.19277053,0.09659838676452637,0.9980582594871521,0.9642928838729858
YNL126W,YDL153C,0,-0.19663942,0.09658930450677872,0.9980582594871521,0.9643931984901428
YAR008W,YML065W,0,-0.19809355,0.09658022969961166,0.9980582594871521,0.964493453502655
YMR260C,YHR032W,0,-0.19895925,0.09657116234302521,0.9980582594871521,0.964593768119812
YOL115W,YJR064W,0,-0.20169908,0.09656208753585815,0.9980582594871521,0.964694082736969
YNL021W,YPL275W,0,-0.20287903,0.0965530201792717,0.9980582594871521,0.964794397354126
YBR200W,YIL158W,0,-0.20426895,0.09654395282268524,0.9980582594871521,0.964894711971283
YMR021C,YOR171C,0,-0.20884146,0.09653488546609879,0.9980582594871521,0.9649949669837952
YCR027C,YER058W,0,-0.21345456,0.09652581810951233,0.9980582594871521,0.9650952816009521
YBR186W,YNL299W,0,-0.21385922,0.09651675820350647,0.9980582594871521,0.9651955962181091
YHR134W,YDR097C,0,-0.21499464,0.09650769829750061,0.9980582594871521,0.9652959108352661
YJR125C,YOR030W,0,-0.21510333,0.09649863839149475,0.9980582594871521,0.9653961658477783
YDL132W,YIL103W,0,-0.21759936,0.09648957848548889,0.9980582594871521,0.9654964804649353
YBR019C,YNR063W,0,-0.21958804,0.09648052603006363,0.9980582594871521,0.9655967950820923
YGR195W,YGL166W,0,-0.21968482,0.09647147357463837,0.9980582594871521,0.9656971096992493
YHL007C,YOR033C,0,-0.22083126,0.0964624211192131,0.9980582594871521,0.9657973647117615
YNL124W,YNL035C,0,-0.22225259,0.09645336866378784,0.9980582594871521,0.9658976793289185
YER146W,YKL137W,0,-0.22260426,0.09644431620836258,0.9980582594871521,0.9659979939460754
YDR027C,YBR018C,0,-0.22674644,0.09643527120351791,0.9980582594871521,0.9660983085632324
YLR222C,YDR354W,0,-0.22701244,0.09642622619867325,0.9980582594871521,0.9661986231803894
YBR186W,YJL104W,0,-0.22736253,0.09641718119382858,0.9980582594871521,0.9662988781929016
YHR065C,YOL060C,0,-0.22781147,0.09640814363956451,0.9980582594871521,0.9663991928100586
YDR346C,YDL213C,0,-0.23071964,0.09639909863471985,0.9980582594871521,0.9664995074272156
YKR081C,YIL110W,0,-0.23075886,0.09639006108045578,0.9980582594871521,0.9665998220443726
YOL034W,YGL150C,0,-0.23127435,0.09638102352619171,0.9980582594871521,0.9667000770568848
YKL046C,YNL021W,0,-0.23222016,0.09637198597192764,0.9980582594871521,0.9668003916740417
YGR041W,YAL047C,0,-0.23566385,0.09636295586824417,0.9980582594871521,0.9669007062911987
YBR127C,YML093W,0,-0.23966976,0.0963539257645607,0.9980582594871521,0.9670010209083557
YNL323W,YHR143W-A,0,-0.24147438,0.09634489566087723,0.9980582594871521,0.9671012759208679
YMR014W,YFR009W,0,-0.24215822,0.09633586555719376,0.9980582594871521,0.9672015905380249
YDL064W,YKR092C,0,-0.24243324,0.09632683545351028,0.9980582594871521,0.9673019051551819
YLR406C,YGR140W,0,-0.24286638,0.09631781280040741,0.9980582594871521,0.9674022197723389
YBR203W,YHR045W,0,-0.24471219,0.09630879014730453,0.9980582594871521,0.9675025343894958
YLR405W,YLR022C,0,-0.24558853,0.09629976749420166,0.9980582594871521,0.9676027894020081
YDR485C,YJR093C,0,-0.24622385,0.09629074484109879,0.9980582594871521,0.967703104019165
YOL091W,YHR032W,0,-0.24669413,0.09628172963857651,0.9980582594871521,0.967803418636322
YBR014C,YMR159C,1,-0.2502773,0.09636636078357697,0.9990290999412537,0.967803418636322
YBR200W,YKL120W,0,-0.25097066,0.09635733813047409,0.9990290999412537,0.967903733253479
YGL043W,YER160C,0,-0.25132734,0.09634831547737122,0.9990290999412537,0.9680039882659912
YBR215W,YLR319C,0,-0.25551552,0.09633929282426834,0.9990290999412537,0.9681043028831482
YNL315C,YJL122W,0,-0.25675526,0.09633027762174606,0.9990290999412537,0.9682046175003052
YMR277W,YMR216C,0,-0.2575891,0.09632125496864319,0.9990290999412537,0.9683049321174622
YDR339C,YHR200W,0,-0.25966686,0.09631223976612091,0.9990290999412537,0.9684051871299744
YKL112W,YGR280C,0,-0.26356056,0.09630323201417923,0.9990290999412537,0.9685055017471313
YHR187W,YPL283C,0,-0.26372534,0.09629421681165695,0.9990290999412537,0.9686058163642883
YOL094C,YHR134W,0,-0.2650907,0.09628520905971527,0.9990290999412537,0.9687061309814453
YNR012W,YMR121C,0,-0.2651064,0.09627620130777359,0.9990290999412537,0.9688064455986023
YOL006C,YNL058C,0,-0.26609495,0.09626719355583191,0.9990290999412537,0.9689067006111145
YDR385W,YHR216W,0,-0.26716495,0.09625818580389023,0.9990290999412537,0.9690070152282715
YLR388W,YLR002C,0,-0.2674728,0.09624917805194855,0.9990290999412537,0.9691073298454285
YNL014W,YDR099W,0,-0.26788464,0.09624017775058746,0.9990290999412537,0.9692076444625854
YMR288W,YMR236W,0,-0.2747774,0.09623117744922638,0.9990290999412537,0.9693078994750977
YIR007W,YLR405W,0,-0.2756635,0.0962221771478653,0.9990290999412537,0.9694082140922546
YJR090C,YCR073C,0,-0.27750546,0.09621318429708481,0.9990290999412537,0.9695085287094116
YDL226C,YGL245W,0,-0.27821606,0.09620419144630432,0.9990290999412537,0.9696088433265686
YJL159W,YNL327W,0,-0.2892382,0.09619519859552383,0.9990290999412537,0.9697090983390808
YKL096W,YJL122W,0,-0.2897541,0.09618620574474335,0.9990290999412537,0.9698094129562378
YOR056C,YJL036W,0,-0.29364014,0.09617721289396286,0.9990290999412537,0.9699097275733948
YJL122W,YKL012W,0,-0.29491904,0.09616822749376297,0.9990290999412537,0.9700100421905518
YDL159W,YBL067C,0,-0.2953491,0.09615923464298248,0.9990290999412537,0.9701103568077087
YFR028C,YPR121W,0,-0.29676288,0.09615024924278259,0.9990290999412537,0.970210611820221
YGL156W,YDL174C,0,-0.2970667,0.0961412712931633,0.9990290999412537,0.9703109264373779
YLR272C,YDR267C,0,-0.30161786,0.09613228589296341,0.9990290999412537,0.9704112410545349
YDR156W,YFL022C,0,-0.30273372,0.09612330794334412,0.9990290999412537,0.9705115556716919
YDR123C,YDR198C,0,-0.30552286,0.09611432999372482,0.9990290999412537,0.9706118106842041
YKL152C,YPL108W,0,-0.30684888,0.09610535204410553,0.9990290999412537,0.9707121253013611
YIL049W,YNL021W,0,-0.3083087,0.09609637409448624,0.9990290999412537,0.9708124399185181
YJR095W,YBR239C,0,-0.3087793,0.09608740359544754,0.9990290999412537,0.970912754535675
YDR237W,YHR143W-A,0,-0.31381446,0.09607843309640884,0.9990290999412537,0.9710130095481873
YGR096W,YNR063W,0,-0.31410724,0.09606946259737015,0.9990290999412537,0.9711133241653442
YLR095C,YDL122W,0,-0.3152459,0.09606049209833145,0.9990290999412537,0.9712136387825012
YPL132W,YHR062C,0,-0.31685936,0.09605152904987335,0.9990290999412537,0.9713139533996582
YDR348C,YPR009W,0,-0.31762943,0.09604255855083466,0.9990290999412537,0.9714142680168152
YML024W,YLR449W,0,-0.31933075,0.09603359550237656,0.9990290999412537,0.9715145230293274
YKR060W,YJR044C,0,-0.31971803,0.09602463245391846,0.9990290999412537,0.9716148376464844
YEL011W,YCR003W,0,-0.32440293,0.09601567685604095,0.9990290999412537,0.9717151522636414
YML038C,YGL029W,0,-0.32491797,0.09600672125816345,0.9990290999412537,0.9718154668807983
YDR147W,YLR272C,0,-0.32742146,0.09599775820970535,0.9990290999412537,0.9719157218933105
YER119C,YHR202W,1,-0.3295325,0.09608209133148193,1.0,0.9719157218933105
YML093W,YLR355C,0,-0.3338921,0.09607312828302383,1.0,0.9720160365104675
YJR113C,YGL156W,0,-0.334091,0.09606416523456573,1.0,0.9721163511276245
YML093W,YOL001W,0,-0.33986884,0.09605520963668823,1.0,0.9722166657447815
YOR144C,YML046W,0,-0.3410461,0.09604625403881073,1.0,0.9723169803619385
YDL025C,YPL029W,0,-0.34240878,0.09603729844093323,1.0,0.9724172353744507
YDL150W,YOL021C,0,-0.34355968,0.09602834284305573,1.0,0.9725175499916077
YDR180W,YBL009W,0,-0.34672138,0.09601938724517822,1.0,0.9726178646087646
YNR056C,YBL097W,0,-0.3494072,0.09601043909788132,1.0,0.9727181792259216
YDR237W,YOL041C,0,-0.35036945,0.09600149095058441,1.0,0.9728184342384338
YPL227C,YMR024W,0,-0.353155,0.0959925428032875,1.0,0.9729187488555908
YNL002C,YDL042C,0,-0.35676277,0.0959836021065712,1.0,0.9730190634727478
YPL211W,YDR489W,0,-0.35863516,0.09597465395927429,1.0,0.9731193780899048
YNL064C,YBL067C,0,-0.35875547,0.09596571326255798,1.0,0.973219633102417
YNL075W,YPL020C,0,-0.36132583,0.09595677256584167,1.0,0.973319947719574
YBR152W,YLL052C,0,-0.36964214,0.09594783186912537,1.0,0.973420262336731
YGR096W,YGL175C,0,-0.37330127,0.09593889862298965,1.0,0.9735205769538879
YOR234C,YNR046W,0,-0.3753541,0.09592996537685394,1.0,0.9736208915710449
YBR021W,YHR176W,0,-0.3762783,0.09592102468013763,1.0,0.9737211465835571
YJL115W,YOL034W,0,-0.37715822,0.09591209888458252,1.0,0.9738214612007141
YHR187W,YPL266W,0,-0.3794578,0.09590316563844681,1.0,0.9739217758178711
YNL071W,YOL075C,0,-0.38396472,0.0958942398428917,1.0,0.9740220904350281
YPR101W,YGR092W,0,-0.38760513,0.09588530659675598,1.0,0.9741223454475403
YMR309C,YKR024C,0,-0.3888271,0.09587638825178146,1.0,0.9742226600646973
YOL115W,YDR450W,0,-0.39065427,0.09586746245622635,1.0,0.9743229746818542
YDR446W,YDR522C,0,-0.39069092,0.09585853666067123,1.0,0.9744232892990112
YMR236W,YNL326C,0,-0.3956608,0.09584961831569672,1.0,0.9745235443115234
YMR014W,YGL086W,0,-0.39656729,0.0958406999707222,1.0,0.9746238589286804
YOR361C,YJR007W,0,-0.3976472,0.09583178162574768,1.0,0.9747241735458374
YML038C,YDL201W,0,-0.39821863,0.09582287073135376,1.0,0.9748244881629944
YLR084C,YOL049W,0,-0.40141648,0.09581395238637924,1.0,0.9749248027801514
YGR195W,YLR272C,0,-0.40221348,0.09580504149198532,1.0,0.9750250577926636
YPL037C,YMR309C,0,-0.40315062,0.0957961305975914,1.0,0.9751253724098206
YML014W,YOR188W,0,-0.40796962,0.09578721970319748,1.0,0.9752256870269775
YLR405W,YDR198C,0,-0.40841073,0.09577831625938416,1.0,0.9753260016441345
YJR043C,YLR372W,0,-0.4116066,0.09576941281557083,1.0,0.9754262566566467
YJR067C,YKR024C,0,-0.41198796,0.09576050937175751,1.0,0.9755265712738037
YMR060C,YPL057C,0,-0.41627553,0.09575160592794418,1.0,0.9756268858909607
YPL072W,YOR083W,0,-0.41641665,0.09574270248413086,1.0,0.9757272005081177
YMR288W,YHR196W,0,-0.41716266,0.09573380649089813,1.0,0.9758274555206299
YGR068C,YOR303W,0,-0.42009038,0.0957249104976654,1.0,0.9759277701377869
YPR009W,YPL118W,0,-0.42135552,0.09571601450443268,1.0,0.9760280847549438
YJR014W,YCL020W,0,-0.42193964,0.09570711851119995,1.0,0.9761283993721008
YDL103C,YHR032W,0,-0.4265496,0.09569822251796722,1.0,0.9762287139892578
YIR007W,YDL092W,0,-0.4267149,0.0956893339753151,1.0,0.97632896900177
YDR237W,YLR319C,0,-0.4273389,0.09568044543266296,1.0,0.976429283618927
YPL132W,YJR043C,0,-0.43345737,0.09567155689001083,1.0,0.976529598236084
YJL177W,YML026C,0,-0.43354696,0.0956626757979393,1.0,0.976629912853241
YBR239C,YCR088W,0,-0.4376167,0.09565378725528717,1.0,0.9767301678657532
YOR229W,YPR164W,0,-0.43915802,0.09564490616321564,1.0,0.9768304824829102
YLR388W,YCR069W,0,-0.44254714,0.0956360250711441,1.0,0.9769307971000671
YDR339C,YPL275W,0,-0.44640306,0.09562714397907257,1.0,0.9770311117172241
YGL023C,YHR134W,0,-0.45019907,0.09561827033758163,1.0,0.9771313667297363
YMR121C,YDR450W,0,-0.45117074,0.0956093966960907,1.0,0.9772316813468933
YBL040C,YKR092C,0,-0.45127872,0.09560052305459976,1.0,0.9773319959640503
YLR135W,YDL122W,0,-0.45225638,0.09559164941310883,1.0,0.9774323105812073
YDR348C,YLR405W,0,-0.45494914,0.09558277577161789,1.0,0.9775326251983643
YHR034C,YER018C,0,-0.45706263,0.09557390958070755,1.0,0.9776328802108765
YGR140W,YNR046W,0,-0.45850712,0.09556504338979721,1.0,0.9777331948280334
YNR026C,YOR205C,0,-0.4602211,0.09555617719888687,1.0,0.9778335094451904
YOR336W,YLR222C,0,-0.46187457,0.09554731100797653,1.0,0.9779338240623474
YJR090C,YDL153C,0,-0.4665524,0.09553844481706619,1.0,0.9780340790748596
YJL050W,YJR002W,0,-0.48332313,0.09552958607673645,1.0,0.9781343936920166
YGR192C,YGL201C,0,-0.48379678,0.09552072733640671,1.0,0.9782347083091736
YML093W,YLR405W,0,-0.49966848,0.09551186859607697,1.0,0.9783350229263306
YNR012W,YIL110W,0,-0.50500643,0.09550300985574722,1.0,0.9784352779388428
YML114C,YJR014W,0,-0.5055663,0.09549415856599808,1.0,0.9785355925559998
YHR019C,YGL097W,0,-0.50562066,0.09548530727624893,1.0,0.9786359071731567
YML093W,YFL002C,0,-0.508288,0.09547645598649979,1.0,0.9787362217903137
YIL158W,YNL256W,0,-0.5118367,0.09546760469675064,1.0,0.9788365364074707
YGL099W,YBR021W,0,-0.5122294,0.09545876085758209,1.0,0.9789367914199829
YLR262C,YBL067C,0,-0.51313967,0.09544990956783295,1.0,0.9790371060371399
YDR017C,YEL003W,0,-0.51320124,0.0954410657286644,1.0,0.9791374206542969
YPL256C,YNL312W,0,-0.5161282,0.09543222188949585,1.0,0.9792377352714539
YDR450W,YER160C,0,-0.51779777,0.0954233855009079,1.0,0.9793379902839661
YPL211W,YBR293W,0,-0.526354,0.09541454166173935,1.0,0.979438304901123
YBR227C,YJL122W,0,-0.5296215,0.0954057052731514,1.0,0.97953861951828
YOR095C,YOR073W,0,-0.52971524,0.09539686888456345,1.0,0.979638934135437
YML038C,YDR180W,0,-0.5323535,0.0953880324959755,1.0,0.9797391891479492
YMR164C,YJL122W,0,-0.53325796,0.09537920355796814,1.0,0.9798395037651062
YDR147W,YPL030W,0,-0.53972524,0.09537036716938019,1.0,0.9799398183822632
YNR012W,YGL086W,0,-0.5407551,0.09536153823137283,1.0,0.9800401329994202
YPL283C,YDR484W,0,-0.54307944,0.09535270929336548,1.0,0.9801404476165771
YDR184C,YNL088W,0,-0.5488355,0.09534388780593872,1.0,0.9802407026290894
YOR210W,YML065W,0,-0.5506528,0.09533505886793137,1.0,0.9803410172462463
YBR210W,YBL005W-A,0,-0.5518237,0.09532623738050461,1.0,0.9804413318634033
YBR021W,YBL097W,0,-0.55281967,0.09531741589307785,1.0,0.9805416464805603
YBR186W,YML093W,0,-0.55846304,0.09530859440565109,1.0,0.9806419014930725
YJL051W,YJR088C,0,-0.5627714,0.09529978036880493,1.0,0.9807422161102295
YHR216W,YLR136C,0,-0.56574136,0.09529095888137817,1.0,0.9808425307273865
YDR237W,YPL015C,0,-0.5663671,0.09528214484453201,1.0,0.9809428453445435
YER183C,YIL103W,0,-0.569351,0.09527333080768585,1.0,0.9810431003570557
YJR002W,YLL042C,0,-0.57130075,0.09526452422142029,1.0,0.9811434149742126
YGR277C,YLR002C,0,-0.5760184,0.09525571018457413,1.0,0.9812437295913696
YJL074C,YIL103W,0,-0.5777753,0.09524690359830856,1.0,0.9813440442085266
YNL241C,YJL104W,0,-0.5794916,0.095238097012043,1.0,0.9814443588256836
YBR215W,YBR239C,0,-0.58051914,0.09522929042577744,1.0,0.9815446138381958
YMR277W,YNR046W,0,-0.5827571,0.09522048383951187,1.0,0.9816449284553528
YGR148C,YBL100W-A,0,-0.58637756,0.0952116847038269,1.0,0.9817452430725098
YGR195W,YGR249W,0,-0.5900199,0.09520288556814194,1.0,0.9818455576896667
YNL002C,YKL216W,0,-0.59119004,0.09519408643245697,1.0,0.981945812702179
YIR033W,YGL201C,0,-0.59236956,0.095185287296772,1.0,0.9820461273193359
YGR140W,YCL020W,0,-0.5957245,0.09517649561166763,1.0,0.9821464419364929
YBR083W,YDR409W,0,-0.59665024,0.09516769647598267,1.0,0.9822467565536499
YBL004W,YPL086C,0,-0.5974403,0.0951589047908783,1.0,0.9823470115661621
YDR184C,YKL025C,0,-0.59841794,0.09515011310577393,1.0,0.9824473261833191
YHL009C,YBR293W,0,-0.60033566,0.09514132887125015,1.0,0.9825476408004761
YGL131C,YHR034C,0,-0.6034414,0.09513253718614578,1.0,0.9826479554176331
YDR184C,YIL127C,0,-0.60425717,0.09512375295162201,1.0,0.98274827003479
YDL079C,YGR091W,0,-0.6066728,0.09511496871709824,1.0,0.9828485250473022
YMR309C,YBR104W,0,-0.60908383,0.09510618448257446,1.0,0.9829488396644592
YEL077C,YMR260C,0,-0.6122954,0.09509740769863129,1.0,0.9830491542816162
YPL241C,YPL024W,0,-0.6132882,0.09508862346410751,1.0,0.9831494688987732
YFL055W,YHR065C,0,-0.6205012,0.09507984668016434,1.0,0.9832497239112854
YDL150W,YLR003C,0,-0.6232221,0.09507106989622116,1.0,0.9833500385284424
YGL201C,YHR143W-A,0,-0.62776875,0.09506230056285858,1.0,0.9834503531455994
YNL021W,YLR272C,0,-0.62817246,0.0950535237789154,1.0,0.9835506677627563
YLR138W,YLR210W,0,-0.6294489,0.09504475444555283,1.0,0.9836509823799133
YNR063W,YOR214C,0,-0.64024013,0.09503598511219025,1.0,0.9837512373924255
YMR214W,YER118C,0,-0.6418625,0.09502721577882767,1.0,0.9838515520095825
YER016W,YOR064C,0,-0.64803445,0.09501845389604568,1.0,0.9839518666267395
YPL211W,YKR025W,0,-0.65030414,0.0950096845626831,1.0,0.9840521812438965
YHL007C,YMR309C,0,-0.65615946,0.09500092267990112,1.0,0.9841524362564087
YNL064C,YNL139C,0,-0.65741414,0.09499216079711914,1.0,0.9842527508735657
YLL036C,YLR095C,0,-0.6652207,0.09498339891433716,1.0,0.9843530654907227
YDL005C,YDR191W,0,-0.669568,0.09497464448213577,1.0,0.9844533801078796
YBR019C,YLR399C,0,-0.6717858,0.09496588259935379,1.0,0.9845536351203918
YDL153C,YPL030W,0,-0.67227155,0.0949571281671524,1.0,0.9846539497375488
YOL006C,YDR339C,0,-0.67333776,0.09494838118553162,1.0,0.9847542643547058
YPL108W,YLR119W,0,-0.67373943,0.09493962675333023,1.0,0.9848545789718628
YKR060W,YBR152W,0,-0.6748456,0.09493087232112885,1.0,0.9849548935890198
YFR028C,YML111W,0,-0.6823692,0.09492212533950806,1.0,0.985055148601532
YJL028W,YDR104C,0,-0.6837314,0.09491337835788727,1.0,0.985155463218689
YKL120W,YNR046W,0,-0.6861862,0.09490463137626648,1.0,0.985255777835846
YOR144C,YJR056C,0,-0.6883971,0.09489589184522629,1.0,0.9853560924530029
YOL094C,YDL150W,0,-0.6906293,0.0948871523141861,1.0,0.9854563474655151
YDL226C,YGR280C,0,-0.6972697,0.09487840533256531,1.0,0.9855566620826721
YPL132W,YAL061W,0,-0.7102019,0.09486966580152512,1.0,0.9856569766998291
YIL091C,YDR348C,0,-0.7120733,0.09486093372106552,1.0,0.9857572913169861
YNR012W,YGR013W,0,-0.7202536,0.09485219419002533,1.0,0.9858575463294983
YDR446W,YDR488C,0,-0.72174025,0.09484346210956573,1.0,0.9859578609466553
YHR143W-A,YLR022C,0,-0.7243052,0.09483473002910614,1.0,0.9860581755638123
YIL085C,YML093W,0,-0.7253756,0.09482599794864655,1.0,0.9861584901809692
YJL145W,YLR057W,0,-0.7259018,0.09481727331876755,1.0,0.9862588047981262
YLR310C,YJR129C,0,-0.7288274,0.09480854123830795,1.0,0.9863590598106384
YGR275W,YIR010W,0,-0.72924834,0.09479981660842896,1.0,0.9864593744277954
YLR405W,YJR002W,0,-0.73613197,0.09479109197854996,1.0,0.9865596890449524
YOR115C,YMR277W,0,-0.74043554,0.09478236734867096,1.0,0.9866600036621094
YDL150W,YBR227C,0,-0.7404649,0.09477365016937256,1.0,0.9867602586746216
YNR012W,YDR489W,0,-0.74050075,0.09476492553949356,1.0,0.9868605732917786
YNL075W,YJL111W,0,-0.7415082,0.09475620836019516,1.0,0.9869608879089355
YNL014W,YLL032C,0,-0.7420688,0.09474749118089676,1.0,0.9870612025260925
YGR277C,YMR277W,0,-0.7426351,0.09473878145217896,1.0,0.9871614575386047
YDR311W,YCL010C,0,-0.74505776,0.09473006427288055,1.0,0.9872617721557617
YDR485C,YDR020C,0,-0.75139296,0.09472135454416275,1.0,0.9873620867729187
YLL032C,YML065W,0,-0.7643873,0.09471264481544495,1.0,0.9874624013900757
YOL115W,YHL033C,0,-0.7657943,0.09470393508672714,1.0,0.9875627160072327
YOR095C,YOR205C,0,-0.7740174,0.09469522535800934,1.0,0.9876629710197449
YOL128C,YKL160W,0,-0.77955765,0.09468652307987213,1.0,0.9877632856369019
YKR092C,YDR119W,0,-0.7853555,0.09467782080173492,1.0,0.9878636002540588
YOR094W,YOR188W,0,-0.7991238,0.09466911852359772,1.0,0.9879639148712158
YKL137W,YOL044W,0,-0.8103098,0.09466041624546051,1.0,0.988064169883728
YMR214W,YIL129C,0,-0.81308824,0.0946517214179039,1.0,0.988164484500885
YJL063C,YPL128C,0,-0.81436294,0.0946430191397667,1.0,0.988264799118042
YKR092C,YPL190C,0,-0.81843203,0.09463432431221008,1.0,0.988365113735199
YOR188W,YPR140W,0,-0.82721764,0.09462562948465347,1.0,0.9884653687477112
YLR057W,YLR002C,0,-0.8300902,0.09461694210767746,1.0,0.9885656833648682
YNL002C,YPR104C,0,-0.83521134,0.09460824728012085,1.0,0.9886659979820251
YKL125W,YEL055C,0,-0.84048086,0.09459955990314484,1.0,0.9887663125991821
YDR346C,YML008C,0,-0.84819126,0.09459087252616882,1.0,0.9888666272163391
YBL100W-A,YDR198C,0,-0.86039466,0.09458218514919281,1.0,0.9889668822288513
YCL010C,YMR167W,0,-0.86080056,0.0945734977722168,1.0,0.9890671968460083
YNL299W,YBR014C,0,-0.86718947,0.09456481784582138,1.0,0.9891675114631653
YNR054C,YBL005W-A,0,-0.8693451,0.09455613791942596,1.0,0.9892678260803223
YGL017W,YJL051W,0,-0.8780291,0.09454745799303055,1.0,0.9893680810928345
YHR065C,YLR372W,0,-0.8912691,0.09453877806663513,1.0,0.9894683957099915
YOL115W,YBL027W,0,-0.90015036,0.09453010559082031,1.0,0.9895687103271484
YGR271C-A,YJL138C,0,-0.90329885,0.0945214256644249,1.0,0.9896690249443054
YOR095C,YCR034W,0,-0.909843,0.09451275318861008,1.0,0.9897692799568176
YBR079C,YPR009W,0,-0.91137475,0.09450408071279526,1.0,0.9898695945739746
YBR103W,YHR166C,0,-0.9132684,0.09449541568756104,1.0,0.9899699091911316
YIL127C,YDR180W,0,-0.9221269,0.09448674321174622,1.0,0.9900702238082886
YJL010C,YJR014W,0,-0.92401063,0.094478078186512,1.0,0.9901705384254456
YNL124W,YNL299W,0,-0.92810994,0.09446941316127777,1.0,0.9902707934379578
YHR196W,YDL156W,0,-0.9379868,0.09446074813604355,1.0,0.9903711080551147
YLR051C,YKR039W,0,-0.9547435,0.09445208311080933,1.0,0.9904714226722717
YIL049W,YBR133C,0,-0.95626587,0.0944434255361557,1.0,0.9905717372894287
YMR121C,YIL065C,0,-0.9644712,0.09443476796150208,1.0,0.9906719923019409
YML093W,YDR237W,0,-0.96706384,0.09442611038684845,1.0,0.9907723069190979
YER078C,YLR002C,0,-0.9676082,0.09441745281219482,1.0,0.9908726215362549
YKR045C,YNL113W,0,-0.98386234,0.0944088026881218,1.0,0.9909729361534119
YEL077C,YLR002C,0,-1.0109645,0.09440014511346817,1.0,0.9910731911659241
YLR233C,YGR195W,0,-1.0120367,0.09439149498939514,1.0,0.991173505783081
YPL275W,YGL029W,0,-1.0184098,0.09438284486532211,1.0,0.991273820400238
YLR002C,YBR167C,0,-1.0235108,0.09437419474124908,1.0,0.991374135017395
YDR184C,YJR067C,0,-1.0246094,0.09436555206775665,1.0,0.991474449634552
YNL075W,YDR156W,0,-1.0256644,0.09435690939426422,1.0,0.9915747046470642
YBR057C,YEL003W,0,-1.0371737,0.09434826672077179,1.0,0.9916750192642212
YKL113C,YMR164C,0,-1.0484987,0.09433962404727936,1.0,0.9917753338813782
YBR073W,YGR195W,0,-1.0524431,0.09433098137378693,1.0,0.9918756484985352
YOR095C,YJL002C,0,-1.0533328,0.09432234615087509,1.0,0.9919759035110474
YHL033C,YNR046W,0,-1.0549707,0.09431371092796326,1.0,0.9920762181282043
YDR346C,YBL100W-A,0,-1.0576221,0.09430507570505142,1.0,0.9921765327453613
YIL103W,YDL213C,0,-1.0591646,0.09429644048213959,1.0,0.9922768473625183
YNL126W,YML065W,0,-1.0624146,0.09428780525922775,1.0,0.9923771023750305
YLR222C,YPL118W,0,-1.081704,0.09427917748689651,1.0,0.9924774169921875
YJL051W,YHR166C,0,-1.0899874,0.09427054971456528,1.0,0.9925777316093445
YOL039W,YJL050W,0,-1.096804,0.09426192194223404,1.0,0.9926780462265015
YGR186W,YBL005W-A,0,-1.097983,0.0942532941699028,1.0,0.9927783608436584
YNL075W,YBL004W,0,-1.0983216,0.09424467384815216,1.0,0.9928786158561707
YGR271C-A,YGL029W,0,-1.1095582,0.09423604607582092,1.0,0.9929789304733276
YKR060W,YDL153C,0,-1.127458,0.09422742575407028,1.0,0.9930792450904846
YKR081C,YJL111W,0,-1.139547,0.09421880543231964,1.0,0.9931795597076416
YLR405W,YML014W,0,-1.1530775,0.0942101925611496,1.0,0.9932798147201538
YNL124W,YNR039C,0,-1.1579349,0.09420157223939896,1.0,0.9933801293373108
YOL097C,YBL004W,0,-1.1620584,0.09419295936822891,1.0,0.9934804439544678
YEL026W,YML093W,0,-1.184939,0.09418434649705887,1.0,0.9935807585716248
YPR061C,YHL013C,0,-1.1864806,0.09417573362588882,1.0,0.993681013584137
YFR028C,YML065W,0,-1.1896019,0.09416712075471878,1.0,0.993781328201294
YPL266W,YPL012W,0,-1.1998501,0.09415851533412933,1.0,0.9938816428184509
YER069W,YBR239C,0,-1.2095374,0.09414990991353989,1.0,0.9939819574356079
YKL049C,YLR051C,0,-1.2165912,0.09414130449295044,1.0,0.9940822720527649
YPR033C,YDL201W,0,-1.2272826,0.09413269907236099,1.0,0.9941825270652771
YPL232W,YDR324C,0,-1.2419082,0.09412410110235214,1.0,0.9942828416824341
YNL071W,YLR336C,0,-1.2498535,0.0941154956817627,1.0,0.9943831562995911
YFR009W,YOL034W,0,-1.2514251,0.09410689771175385,1.0,0.994483470916748
YPL217C,YDR097C,0,-1.2519363,0.094098299741745,1.0,0.9945837259292603
YPL037C,YBL027W,0,-1.2549626,0.09408970177173615,1.0,0.9946840405464172
YBR200W,YPR112C,0,-1.2591307,0.09408111125230789,1.0,0.9947843551635742
YDL153C,YBR288C,0,-1.2785579,0.09407252073287964,1.0,0.9948846697807312
YKL027W,YNR026C,0,-1.2863668,0.09406393021345139,1.0,0.9949849843978882
YLR242C,YFL034C-A,0,-1.3082503,0.09405533969402313,1.0,0.9950852394104004
YHL033C,YEL026W,0,-1.311755,0.09404674917459488,1.0,0.9951855540275574
YPL084W,YHR062C,0,-1.3134056,0.09403816610574722,1.0,0.9952858686447144
YJL138C,YBL027W,0,-1.3288256,0.09402957558631897,1.0,0.9953861832618713
YHR187W,YHR062C,0,-1.3352925,0.09402099251747131,1.0,0.9954864382743835
YLR138W,YDR156W,0,-1.3762798,0.09401241689920425,1.0,0.9955867528915405
YDR119W,YIL103W,0,-1.380704,0.0940038338303566,1.0,0.9956870675086975
YGR195W,YLR003C,0,-1.3807846,0.09399525821208954,1.0,0.9957873821258545
YMR116C,YHL013C,0,-1.391302,0.09398667514324188,1.0,0.9958876371383667
YJR067C,YPR112C,0,-1.3996588,0.09397809952497482,1.0,0.9959879517555237
YDR104C,YDR198C,0,-1.4105988,0.09396953135728836,1.0,0.9960882663726807
YKR092C,YCR043C,0,-1.4176127,0.0939609557390213,1.0,0.9961885809898376
YHR112C,YOR295W,0,-1.4187376,0.09395238757133484,1.0,0.9962888956069946
YHR134W,YBL046W,0,-1.4350735,0.09394381940364838,1.0,0.9963891506195068
YKR060W,YMR121C,0,-1.437771,0.09393525123596191,1.0,0.9964894652366638
YKL025C,YGR271C-A,0,-1.4663492,0.09392668306827545,1.0,0.9965897798538208
YLR298C,YNR046W,0,-1.4795324,0.09391811490058899,1.0,0.9966900944709778
YPL030W,YDR037W,0,-1.4840246,0.09390955418348312,1.0,0.99679034948349
YIL127C,YLR298C,0,-1.5395812,0.09390099346637726,1.0,0.996890664100647
YLR138W,YKR092C,0,-1.5652503,0.09389243274927139,1.0,0.996990978717804
YML093W,YDL150W,0,-1.5711898,0.09388387203216553,1.0,0.9970912933349609
YMR014W,YJL050W,0,-1.5792934,0.09387531876564026,1.0,0.9971915483474731
YJL122W,YDL201W,0,-1.6102452,0.09386676549911499,1.0,0.9972918629646301
YKR092C,YDL213C,0,-1.6123847,0.09385821223258972,1.0,0.9973921775817871
YMR014W,YDL213C,0,-1.6400609,0.09384965896606445,1.0,0.9974924921989441
YIL110W,YDR450W,0,-1.6434692,0.09384110569953918,1.0,0.9975928068161011
YOL039W,YKR024C,0,-1.6617078,0.09383255988359451,1.0,0.9976930618286133
YOL094C,YPL012W,0,-1.6642705,0.09382401406764984,1.0,0.9977933764457703
YOR234C,YPL266W,0,-1.6706353,0.09381546825170517,1.0,0.9978936910629272
YPL012W,YIL110W,0,-1.6732278,0.0938069224357605,1.0,0.9979940056800842
YKL049C,YBR154C,0,-1.6758181,0.09379837661981583,1.0,0.9980942606925964
YDR184C,YOR056C,0,-1.6839962,0.09378983825445175,1.0,0.9981945753097534
YNL275W,YPR112C,0,-1.7332863,0.09378129988908768,1.0,0.9982948899269104
YDL044C,YJL203W,0,-1.7900151,0.0937727615237236,1.0,0.9983952045440674
YDR020C,YDR198C,0,-1.8935915,0.09376422315835953,1.0,0.9984954595565796
YDR184C,YKR025W,0,-1.9969882,0.09375569224357605,1.0,0.9985957741737366
YLR002C,YPL079W,0,-2.0549924,0.09374715387821198,1.0,0.9986960887908936
YNL002C,YOL021C,0,-2.099216,0.0937386229634285,1.0,0.9987964034080505
YOR095C,YMR121C,0,-2.1071305,0.09373009204864502,1.0,0.9988967180252075
YNR054C,YIL110W,0,-2.110681,0.09372156858444214,1.0,0.9989969730377197
YNL002C,YKR092C,0,-2.1472926,0.09371303766965866,1.0,0.9990972876548767
YPL217C,YGL201C,0,-2.1957216,0.09370451420545578,1.0,0.9991976022720337
YHR065C,YGL029W,0,-2.1985316,0.0936959907412529,1.0,0.9992979168891907
YGR271C-A,YOR293W,0,-2.2751193,0.09368746727705002,1.0,0.9993981719017029
YPL086C,YLR003C,0,-2.3478923,0.09367894381284714,1.0,0.9994984865188599
YNL075W,YPL012W,0,-2.3573148,0.09367042779922485,1.0,0.9995988011360168
YDR225W,YGR098C,0,-2.6296244,0.09366190433502197,1.0,0.9996991157531738
YDR339C,YPL266W,0,-2.788817,0.09365338832139969,1.0,0.999799370765686
YNR054C,YNL075W,0,-2.799128,0.093644879758358,1.0,0.999899685382843
YPL132W,YNL305C,0,-3.0141282,0.09363636374473572,1.0,1.0
