Gene A,Gene B,Label,Score,Precision,Recall,False Positive Rate
YLR274W,YGL201C,1,-0.06532402,1.0,0.003076923079788685,0.0
YLR103C,YNL273W,1,-0.581471,1.0,0.00615384615957737,0.0
YLR274W,YNL273W,1,-0.7413195,1.0,0.009230769239366055,0.0
YKL045W,YNL273W,1,-0.83060765,1.0,0.01230769231915474,0.0
YJR057W,YOL146W,1,-0.970993,1.0,0.015384615398943424,0.0
YAL034W-A,YLR272C,0,-1.0629048,0.8333333134651184,0.015384615398943424,0.0003076923021581024
YGR109C,YNL273W,1,-1.1298549,0.8571428656578064,0.01846153847873211,0.0003076923021581024
YKL012W,YOL034W,0,-1.2730824,0.75,0.01846153847873211,0.0006153846043162048
YLR274W,YKL045W,1,-1.4459275,0.7777777910232544,0.02153846062719822,0.0006153846043162048
YLR274W,YGR109C,1,-1.4785069,0.800000011920929,0.02461538463830948,0.0006153846043162048
YLR274W,YJR006W,1,-1.5668813,0.8181818127632141,0.02769230678677559,0.0006153846043162048
YGR109C,YOR080W,1,-1.6023885,0.8333333134651184,0.03076923079788685,0.0006153846043162048
YKL017C,YNL290W,1,-1.6167643,0.8461538553237915,0.03384615480899811,0.0006153846043162048
YJR057W,YKL045W,1,-1.6637977,0.8571428656578064,0.03692307695746422,0.0006153846043162048
YLR103C,YGR109C,1,-1.7530324,0.8666666746139526,0.03999999910593033,0.0006153846043162048
YGL201C,YNL290W,1,-1.8321643,0.875,0.04307692125439644,0.0006153846043162048
YLR274W,YPR120C,1,-1.86877,0.8823529481887817,0.04615384712815285,0.0006153846043162048
YJR006W,YNL290W,1,-1.9705592,0.8888888955116272,0.04923076927661896,0.0006153846043162048
YNL298W,YOR193W,0,-1.9790078,0.8421052694320679,0.04923076927661896,0.0009230769355781376
YBR022W,YLR183C,0,-1.9891583,0.800000011920929,0.04923076927661896,0.0012307692086324096
YOL090W,YDR097C,1,-2.03438,0.8095238208770752,0.05230769142508507,0.0012307692086324096
YGL201C,YML069W,1,-2.0651217,0.8181818127632141,0.05538461357355118,0.0012307692086324096
YGR109C,YGL201C,1,-2.0776222,0.8260869383811951,0.05846153944730759,0.0012307692086324096
YLR103C,YDR097C,1,-2.0796118,0.8333333134651184,0.0615384615957737,0.0012307692086324096
YGL201C,YDR097C,1,-2.0916672,0.8399999737739563,0.06461538374423981,0.0012307692086324096
YDR097C,YNL273W,1,-2.104543,0.8461538553237915,0.06769230961799622,0.0012307692086324096
YLR103C,YNL072W,1,-2.1091852,0.8518518805503845,0.07076922804117203,0.0012307692086324096
YJR057W,YNL273W,1,-2.1117396,0.8571428656578064,0.07384615391492844,0.0012307692086324096
YLR103C,YLR274W,1,-2.1186054,0.8620689511299133,0.07692307978868484,0.0012307692086324096
YDR097C,YKL045W,1,-2.1292167,0.8666666746139526,0.07999999821186066,0.0012307692086324096
YJR057W,YNL290W,1,-2.1458077,0.8709677457809448,0.08307692408561707,0.0012307692086324096
YLR274W,YBR057C,1,-2.1544008,0.875,0.08615384250879288,0.0012307692086324096
YKL012W,YGR047C,0,-2.1750078,0.8484848737716675,0.08615384250879288,0.0015384615398943424
YJR057W,YGL201C,1,-2.2008524,0.8529411554336548,0.08923076838254929,0.0015384615398943424
YNL199C,YKL012W,0,-2.24539,0.8285714387893677,0.08923076838254929,0.0018461538711562753
YJR006W,YGL201C,1,-2.2461667,0.8333333134651184,0.0923076942563057,0.0018461538711562753
YLR274W,YML069W,1,-2.2579355,0.837837815284729,0.0953846126794815,0.0018461538711562753
YLR274W,YPR162C,1,-2.2700028,0.8421052694320679,0.09846153855323792,0.0018461538711562753
YLR274W,YKL017C,1,-2.2863145,0.8461538553237915,0.10153846442699432,0.0018461538711562753
YJR057W,YBR057C,1,-2.3001819,0.8500000238418579,0.10461538285017014,0.0018461538711562753
YML069W,YNL290W,1,-2.3009138,0.8536585569381714,0.10769230872392654,0.0018461538711562753
YKL045W,YNL072W,1,-2.3016596,0.8571428656578064,0.11076922714710236,0.0018461538711562753
YNL072W,YNL273W,1,-2.3113585,0.8604651093482971,0.11384615302085876,0.0018461538711562753
YLR103C,YJR057W,1,-2.3168178,0.8636363744735718,0.11692307889461517,0.0018461538711562753
YDL236W,YNL151C,0,-2.3423183,0.8444444537162781,0.11692307889461517,0.002153846202418208
YOL034W,YOL128C,0,-2.3424804,0.8260869383811951,0.11692307889461517,0.002461538417264819
YGL061C,YLR272C,0,-2.3449373,0.8085106611251831,0.11692307889461517,0.002769230864942074
YPR120C,YML065W,1,-2.3831398,0.8125,0.11999999731779099,0.002769230864942074
YLR274W,YHR031C,1,-2.3974001,0.8163265585899353,0.1230769231915474,0.002769230864942074
YGL201C,YML065W,1,-2.4075592,0.8199999928474426,0.1261538416147232,0.002769230864942074
YJR057W,YML069W,1,-2.426949,0.8235294222831726,0.12923076748847961,0.002769230864942074
YLR274W,YJR057W,1,-2.4321017,0.8269230723381042,0.13230769336223602,0.002769230864942074
YJR057W,YDR097C,1,-2.4420633,0.8301886916160583,0.13538461923599243,0.002769230864942074
YLR103C,YNL290W,1,-2.4694018,0.8333333134651184,0.13846154510974884,0.002769230864942074
YMR078C,YBR112C,0,-2.5027742,0.8181818127632141,0.13846154510974884,0.003076923079788685
YDR240C,YDR495C,0,-2.5186799,0.8035714030265808,0.13846154510974884,0.003384615294635296
YPR120C,YGL201C,1,-2.5187852,0.8070175647735596,0.14153845608234406,0.003384615294635296
YLR103C,YGL201C,1,-2.5408397,0.8103448152542114,0.14461538195610046,0.003384615294635296
YMR078C,YPL124W,0,-2.55615,0.7966101765632629,0.14461538195610046,0.0036923077423125505
YOL090W,YNL290W,1,-2.5818691,0.800000011920929,0.14769230782985687,0.0036923077423125505
YJR057W,YJR006W,1,-2.591727,0.8032786846160889,0.15076923370361328,0.0036923077423125505
YPR120C,YNL072W,1,-2.5944166,0.8064516186714172,0.1538461595773697,0.0036923077423125505
YKL017C,YGL201C,1,-2.5992544,0.8095238208770752,0.1569230705499649,0.0036923077423125505
YGL067W,YPL122C,0,-2.6478457,0.796875,0.1569230705499649,0.004000000189989805
YNL072W,YHR031C,1,-2.6478732,0.800000011920929,0.1599999964237213,0.004000000189989805
YKL017C,YNL273W,1,-2.6552806,0.8030303120613098,0.16307692229747772,0.004000000189989805
YLR103C,YJR006W,1,-2.6583223,0.8059701323509216,0.16615384817123413,0.004000000189989805
YGR109C,YKL017C,1,-2.6618202,0.8088235259056091,0.16923077404499054,0.004000000189989805
YGL201C,YOL146W,1,-2.6748877,0.8115941882133484,0.17230768501758575,0.004000000189989805
YGL201C,YBR057C,1,-2.6823273,0.8142856955528259,0.17538461089134216,0.004000000189989805
YHR082C,YIL073C,0,-2.6861248,0.8028169274330139,0.17538461089134216,0.004307692404836416
YNL309W,YPL011C,0,-2.6982462,0.7916666865348816,0.17538461089134216,0.004615384619683027
YOL147C,YML061C,0,-2.7141984,0.7808219194412231,0.17538461089134216,0.004923076834529638
YJR057W,YJR068W,1,-2.719821,0.7837837934494019,0.17846153676509857,0.004923076834529638
YPR120C,YHR031C,1,-2.7298741,0.7866666913032532,0.18153846263885498,0.004923076834529638
YJR057W,YPR120C,1,-2.7425857,0.7894737124443054,0.1846153885126114,0.004923076834529638
YKL017C,YHR031C,1,-2.7485108,0.7922077775001526,0.1876923143863678,0.004923076834529638
YJR006W,YPR162C,1,-2.749719,0.7948718070983887,0.190769225358963,0.004923076834529638
YGL223C,YDL090C,0,-2.7592301,0.7848101258277893,0.190769225358963,0.005230769049376249
YNL047C,YGL243W,0,-2.7799869,0.7749999761581421,0.190769225358963,0.005538461729884148
YDR097C,YNL290W,1,-2.7871537,0.7777777910232544,0.19384615123271942,0.005538461729884148
YGL201C,YNL273W,1,-2.7875473,0.7804877758026123,0.19692307710647583,0.005538461729884148
YKL017C,YML065W,1,-2.790948,0.7831325531005859,0.20000000298023224,0.005538461729884148
YHR031C,YNL273W,1,-2.793239,0.7857142686843872,0.20307692885398865,0.005538461729884148
YNL090W,YDR126W,0,-2.8005211,0.7764706015586853,0.20307692885398865,0.005846153944730759
YMR078C,YNL299W,0,-2.8017695,0.7674418687820435,0.20307692885398865,0.00615384615957737
YPR120C,YGR109C,1,-2.8031008,0.7701149582862854,0.20615383982658386,0.00615384615957737
YLR103C,YOR080W,1,-2.8151433,0.7727272510528564,0.20923076570034027,0.00615384615957737
YKL017C,YKL045W,1,-2.8156965,0.7752808928489685,0.21230769157409668,0.00615384615957737
YLR274W,YNL072W,1,-2.8169794,0.7777777910232544,0.2153846174478531,0.00615384615957737
YMR032W,YKL154W,0,-2.824242,0.7692307829856873,0.2153846174478531,0.006461538374423981
YKR063C,YGR057C,0,-2.8574748,0.760869562625885,0.2153846174478531,0.006769230589270592
YLR274W,YOL146W,1,-2.8708942,0.7634408473968506,0.2184615433216095,0.006769230589270592
YLR274W,YOR080W,1,-2.8714478,0.7659574747085571,0.2215384542942047,0.006769230589270592
YPL200W,YIL073C,0,-2.875067,0.75789475440979,0.2215384542942047,0.00707692326977849
YOR080W,YDR097C,1,-2.8870091,0.7604166865348816,0.22461538016796112,0.00707692326977849
YDR179C,YKR063C,0,-2.8903408,0.7525773048400879,0.22461538016796112,0.007384615484625101
YDR097C,YML065W,1,-2.8928933,0.7551020383834839,0.22769230604171753,0.007384615484625101
YDR179C,YAL024C,0,-2.901461,0.747474730014801,0.22769230604171753,0.007692307699471712
YGR109C,YML069W,1,-2.9031606,0.75,0.23076923191547394,0.007692307699471712
YBR131W,YCR020W-B,0,-2.9045331,0.7425742745399475,0.23076923191547394,0.00800000037997961
YLR103C,YKL045W,1,-2.914483,0.7450980544090271,0.23384615778923035,0.00800000037997961
YLR103C,YPR162C,1,-2.9198508,0.7475728392601013,0.23692308366298676,0.00800000037997961
YGR109C,YJR006W,1,-2.9326167,0.75,0.23999999463558197,0.00800000037997961
YLR103C,YML069W,1,-2.9350517,0.7523809671401978,0.24307692050933838,0.00800000037997961
YOL146W,YNL290W,1,-2.9475803,0.7547169923782349,0.2461538463830948,0.00800000037997961
YPR141C,YKL144C,0,-2.997247,0.7476635575294495,0.2461538463830948,0.008307692594826221
YEL066W,YGR057C,0,-3.0057847,0.7407407164573669,0.2461538463830948,0.008615384809672832
YKL045W,YNL290W,1,-3.006085,0.7431192398071289,0.2492307722568512,0.008615384809672832
YML071C,YNL188W,0,-3.018495,0.7363636493682861,0.2492307722568512,0.008923077024519444
YJR068W,YNL290W,1,-3.0264235,0.7387387156486511,0.2523076832294464,0.008923077024519444
YJR057W,YKL017C,1,-3.0418005,0.7410714030265808,0.255384624004364,0.008923077024519444
YIL139C,YLR372W,0,-3.0422795,0.7345132827758789,0.255384624004364,0.009230769239366055
YOR038C,YPL124W,0,-3.043283,0.7280701994895935,0.255384624004364,0.009538461454212666
YMR202W,YOR320C,0,-3.0449955,0.7217391133308411,0.255384624004364,0.009846153669059277
YDR106W,YIR013C,0,-3.0526552,0.7155172228813171,0.255384624004364,0.010153845883905888
YNL151C,YDR146C,0,-3.0652263,0.7094017267227173,0.255384624004364,0.010461538098752499
YLR103C,YOL090W,1,-3.065889,0.7118644118309021,0.25846153497695923,0.010461538098752499
YBR004C,YKL008C,0,-3.0669546,0.7058823704719543,0.25846153497695923,0.01076923031359911
YOR080W,YML065W,1,-3.0674672,0.7083333134651184,0.26153847575187683,0.01076923031359911
YGL071W,YLR272C,0,-3.0715303,0.702479362487793,0.26153847575187683,0.011076923459768295
YOL090W,YNL273W,1,-3.0720093,0.7049180269241333,0.26461538672447205,0.011076923459768295
YML065W,YKL045W,1,-3.0751915,0.707317054271698,0.26769229769706726,0.011076923459768295
YMR231W,YOR290C,0,-3.0831206,0.7016128897666931,0.26769229769706726,0.011384615674614906
YER183C,YIL073C,0,-3.0842118,0.6959999799728394,0.26769229769706726,0.011692307889461517
YBR057C,YNL273W,1,-3.0901859,0.6984127163887024,0.27076923847198486,0.011692307889461517
YLR085C,YOR304W,0,-3.0956292,0.6929134130477905,0.27076923847198486,0.012000000104308128
YLR103C,YML065W,1,-3.0997033,0.6953125,0.2738461494445801,0.012000000104308128
YDR179C,YDL116W,0,-3.113168,0.6899224519729614,0.2738461494445801,0.01230769231915474
YMR231W,YBR276C,0,-3.1201205,0.6846153736114502,0.2738461494445801,0.01261538453400135
YGL201C,YPR162C,1,-3.1208754,0.6870229244232178,0.2769230902194977,0.01261538453400135
YNL298W,YML059C,0,-3.122366,0.6818181872367859,0.2769230902194977,0.012923076748847961
YPL262W,YPL098C,0,-3.125557,0.6766917109489441,0.2769230902194977,0.013230768963694572
YDR228C,YJL035C,0,-3.1425781,0.6716417670249939,0.2769230902194977,0.013538461178541183
YDR097C,YHR031C,1,-3.149683,0.6740740537643433,0.2800000011920929,0.013538461178541183
YAL026C,YKL012W,0,-3.1547647,0.6691176295280457,0.2800000011920929,0.013846153393387794
YPR120C,YOR080W,1,-3.1552002,0.6715328693389893,0.2830769121646881,0.013846153393387794
YDR376W,YJR031C,0,-3.1780639,0.6666666865348816,0.2830769121646881,0.01415384653955698
YOR355W,YOR310C,0,-3.180942,0.6618704795837402,0.2830769121646881,0.014461538754403591
YDR228C,YBR237W,0,-3.189849,0.6571428775787354,0.2830769121646881,0.014769230969250202
YGR109C,YDR097C,1,-3.1907327,0.6595744490623474,0.2861538529396057,0.014769230969250202
YJR006W,YDR097C,1,-3.1948361,0.6619718074798584,0.2892307639122009,0.014769230969250202
YML069W,YNL072W,1,-3.1960254,0.6643356680870056,0.29230770468711853,0.014769230969250202
YNL298W,YGR056W,0,-3.2010689,0.6597222089767456,0.29230770468711853,0.015076923184096813
YLR103C,YHR031C,1,-3.2059715,0.6620689630508423,0.29538461565971375,0.015076923184096813
YKL134C,YLR298C,0,-3.2061248,0.6575342416763306,0.29538461565971375,0.015384615398943424
YOR080W,YNL273W,1,-3.2082503,0.6598639488220215,0.29846152663230896,0.015384615398943424
YGR109C,YOL090W,1,-3.216288,0.662162184715271,0.30153846740722656,0.015384615398943424
YML065W,YNL273W,1,-3.2540035,0.6644295454025269,0.3046153783798218,0.015384615398943424
YGR057C,YLR191W,0,-3.2546353,0.6600000262260437,0.3046153783798218,0.01569230854511261
YJR006W,YML065W,1,-3.2594526,0.6622516512870789,0.3076923191547394,0.01569230854511261
YDR280W,YDR126W,0,-3.260837,0.6578947305679321,0.3076923191547394,0.01600000075995922
YGL201C,YKL045W,1,-3.2629654,0.6601307392120361,0.3107692301273346,0.01600000075995922
YNL290W,YNL072W,1,-3.2639983,0.6623376607894897,0.3138461410999298,0.01600000075995922
YOR080W,YNL072W,1,-3.2655373,0.6645161509513855,0.3169230818748474,0.01600000075995922
YLR274W,YNL290W,1,-3.2676945,0.6666666865348816,0.3199999928474426,0.01600000075995922
YCR094W,YHR172W,0,-3.2697153,0.662420392036438,0.3199999928474426,0.016307692974805832
YGR109C,YKL045W,1,-3.275906,0.6645569801330566,0.32307693362236023,0.016307692974805832
YLR274W,YJR068W,1,-3.2791414,0.6666666865348816,0.32615384459495544,0.016307692974805832
YPL008W,YKR024C,0,-3.2794533,0.6625000238418579,0.32615384459495544,0.016615385189652443
YOL146W,YNL273W,1,-3.2898006,0.6645962595939636,0.32923075556755066,0.016615385189652443
YPR055W,YDR532C,0,-3.3047163,0.6604938507080078,0.32923075556755066,0.016923077404499054
YML065W,YML069W,1,-3.3083403,0.6625766754150391,0.33230769634246826,0.016923077404499054
YLR274W,YDR097C,1,-3.310358,0.6646341681480408,0.3353846073150635,0.016923077404499054
YML065W,YHR031C,1,-3.3122103,0.6666666865348816,0.3384615480899811,0.016923077404499054
YOR026W,YBR130C,0,-3.3164768,0.6626505851745605,0.3384615480899811,0.017230769619345665
YMR037C,YDL090C,0,-3.3217487,0.658682644367218,0.3384615480899811,0.017538461834192276
YKR027W,YNL090W,0,-3.3272734,0.6547619104385376,0.3384615480899811,0.017846154049038887
YPL271W,YPL098C,0,-3.3295746,0.6508875489234924,0.3384615480899811,0.018153846263885498
YDL069C,YDR260C,0,-3.332403,0.6470588445663452,0.3384615480899811,0.01846153847873211
YPL040C,YNL309W,0,-3.3342478,0.6432748436927795,0.3384615480899811,0.01876923069357872
YOR080W,YNL290W,1,-3.334919,0.645348846912384,0.3415384590625763,0.01876923069357872
YJR057W,YML065W,1,-3.3428695,0.647398829460144,0.3446153700351715,0.01876923069357872
YER018C,YLR272C,0,-3.3517592,0.6436781883239746,0.3446153700351715,0.01907692290842533
YBR171W,YDR126W,0,-3.355428,0.6399999856948853,0.3446153700351715,0.019384615123271942
YPR162C,YNL273W,1,-3.3580256,0.6420454382896423,0.3476923108100891,0.019384615123271942
YBR057C,YKL045W,1,-3.3717148,0.6440678238868713,0.3507692217826843,0.019384615123271942
YIL073C,YMR149W,0,-3.3725526,0.6404494643211365,0.3507692217826843,0.019692307338118553
YLR103C,YPR120C,1,-3.3859456,0.6424580812454224,0.35384616255760193,0.019692307338118553
YDL002C,YMR231W,0,-3.3960915,0.6388888955116272,0.35384616255760193,0.019999999552965164
YLR320W,YBR123C,0,-3.3981166,0.6353591084480286,0.35384616255760193,0.020307691767811775
YIL073C,YGR048W,0,-3.3984523,0.6318681240081787,0.35384616255760193,0.020615383982658386
YGL005C,YKL154W,0,-3.3984566,0.6284152865409851,0.35384616255760193,0.020923076197504997
YOL090W,YKL045W,1,-3.403873,0.6304348111152649,0.35692307353019714,0.020923076197504997
YAL034W-A,YBR253W,0,-3.4074469,0.6270270347595215,0.35692307353019714,0.02123076841235161
YGR057C,YNL054W,0,-3.4083607,0.6236559152603149,0.35692307353019714,0.02153846062719822
YCR002C,YBR207W,0,-3.4100046,0.6203208565711975,0.35692307353019714,0.02184615470468998
YMR238W,YDR126W,0,-3.4142303,0.6170212626457214,0.35692307353019714,0.02215384691953659
YDR097C,YNL072W,1,-3.423794,0.6190476417541504,0.36000001430511475,0.02215384691953659
YER183C,YDR130C,0,-3.428505,0.6157894730567932,0.36000001430511475,0.0224615391343832
YOR048C,YDL097C,0,-3.4346373,0.6125654578208923,0.36000001430511475,0.022769231349229813
YPR141C,YDR162C,0,-3.4350085,0.609375,0.36000001430511475,0.023076923564076424
YDL097C,YGL048C,0,-3.4404552,0.606217622756958,0.36000001430511475,0.023384615778923035
YJR057W,YOL090W,1,-3.4422028,0.6082473993301392,0.36307692527770996,0.023384615778923035
YOL146W,YNL072W,1,-3.4482613,0.6102564334869385,0.3661538362503052,0.023384615778923035
YKL017C,YNL072W,1,-3.4552512,0.6122449040412903,0.3692307770252228,0.023384615778923035
YBR131W,YGL044C,0,-3.4568045,0.6091370582580566,0.3692307770252228,0.023692307993769646
YDL166C,YNL201C,0,-3.4585507,0.6060606241226196,0.3692307770252228,0.024000000208616257
YJR006W,YNL273W,1,-3.4587808,0.6080402135848999,0.372307687997818,0.024000000208616257
YGL201C,YNL072W,1,-3.459886,0.6100000143051147,0.3753846287727356,0.024000000208616257
YML031W,YLR033W,0,-3.4609034,0.606965184211731,0.3753846287727356,0.024307692423462868
YPR120C,YKL017C,1,-3.4743228,0.6089109182357788,0.3784615397453308,0.024307692423462868
YOL146W,YJR068W,1,-3.4748077,0.610837459564209,0.381538450717926,0.024307692423462868
YOR026W,YDR532C,0,-3.4843755,0.6078431606292725,0.381538450717926,0.02461538463830948
YNL188W,YDL116W,0,-3.488696,0.6048780679702759,0.381538450717926,0.02492307685315609
YLR382C,YDR322C-A,0,-3.494375,0.6019417643547058,0.381538450717926,0.0252307690680027
YGR109C,YOL146W,1,-3.4968705,0.6038647294044495,0.38461539149284363,0.0252307690680027
YNL290W,YNL273W,1,-3.4974942,0.6057692170143127,0.38769230246543884,0.0252307690680027
YPL121C,YDR281C,0,-3.5050333,0.6028708219528198,0.38769230246543884,0.025538461282849312
YFR002W,YPR055W,0,-3.5058637,0.6000000238418579,0.38769230246543884,0.025846153497695923
YAR002W,YIL139C,0,-3.5084734,0.5971564054489136,0.38769230246543884,0.026153845712542534
YLR103C,YOL146W,1,-3.5100496,0.599056601524353,0.39076924324035645,0.026153845712542534
YJR006W,YOL146W,1,-3.5136003,0.6009389758110046,0.39384615421295166,0.026153845712542534
YGL018C,YHR172W,0,-3.5241005,0.5981308221817017,0.39384615421295166,0.026461537927389145
YGR109C,YML065W,1,-3.524917,0.6000000238418579,0.3969230651855469,0.026461537927389145
YJR031C,YNL107W,0,-3.5265393,0.5972222089767456,0.3969230651855469,0.026769230142235756
YLR085C,YML107C,0,-3.5266175,0.5944700241088867,0.3969230651855469,0.027076922357082367
YHR115C,YDR495C,0,-3.529044,0.5917431116104126,0.3969230651855469,0.027384614571928978
YBR021W,YPR164W,0,-3.5326972,0.5890411138534546,0.3969230651855469,0.02769230678677559
YML069W,YNL273W,1,-3.5488625,0.5909090638160706,0.4000000059604645,0.02769230678677559
YNL290W,YJR046W,1,-3.5631979,0.5927602052688599,0.4030769169330597,0.02769230678677559
YCR020W-B,YOL054W,0,-3.5643587,0.5900900959968567,0.4030769169330597,0.02800000086426735
YJL209W,YOL089C,0,-3.564989,0.5874439477920532,0.4030769169330597,0.02830769307911396
YNL166C,YOR075W,0,-3.5679955,0.5848214030265808,0.4030769169330597,0.02861538529396057
YIL103W,YBR143C,0,-3.5715127,0.5822222232818604,0.4030769169330597,0.028923077508807182
YOR301W,YNL128W,0,-3.5717564,0.5796459913253784,0.4030769169330597,0.029230769723653793
YNL330C,YGR074W,0,-3.5717764,0.5770925283432007,0.4030769169330597,0.029538461938500404
YJR068W,YHR031C,1,-3.5750418,0.5789473652839661,0.4061538577079773,0.029538461938500404
YML071C,YPR173C,0,-3.5755765,0.5764192342758179,0.4061538577079773,0.029846154153347015
YCR020W-B,YCR057C,0,-3.5762534,0.573913037776947,0.4061538577079773,0.030153846368193626
YLR183C,YJL087C,0,-3.581699,0.5714285969734192,0.4061538577079773,0.030461538583040237
YDR147W,YDR213W,0,-3.587613,0.568965494632721,0.4061538577079773,0.03076923079788685
YLR433C,YGL246C,0,-3.5914154,0.5665236115455627,0.4061538577079773,0.03107692301273346
YLR316C,YGR185C,0,-3.5968173,0.5641025900840759,0.4061538577079773,0.03138461709022522
YML065W,YNL072W,1,-3.602892,0.5659574270248413,0.4092307686805725,0.03138461709022522
YJR006W,YOL090W,1,-3.6029763,0.5677965879440308,0.4123076796531677,0.03138461709022522
YPR162C,YOL146W,1,-3.6036394,0.5696202516555786,0.4153846204280853,0.03138461709022522
YBR167C,YGL246C,0,-3.6047897,0.5672268867492676,0.4153846204280853,0.03169230744242668
YKR027W,YNL267W,0,-3.617847,0.5648535490036011,0.4153846204280853,0.03200000151991844
YKL194C,YOL104C,0,-3.6225455,0.5625,0.4153846204280853,0.032307691872119904
YOL089C,YDR477W,0,-3.6263418,0.5601660013198853,0.4153846204280853,0.032615385949611664
YJR057W,YOR080W,1,-3.6265435,0.5619834661483765,0.41846153140068054,0.032615385949611664
YNL199C,YPL126W,0,-3.6292732,0.5596708059310913,0.41846153140068054,0.032923076301813126
YPR120C,YNL290W,1,-3.6313477,0.561475396156311,0.42153847217559814,0.032923076301813126
YJL104W,YGL145W,0,-3.6353953,0.559183657169342,0.42153847217559814,0.033230770379304886
YBR057C,YNL290W,1,-3.6426594,0.5609756112098694,0.42461538314819336,0.033230770379304886
YMR280C,YDR244W,0,-3.646142,0.5587044358253479,0.42461538314819336,0.03353846073150635
YCR094W,YLR285W,0,-3.6467898,0.5564516186714172,0.42461538314819336,0.03384615480899811
YAR002W,YKL028W,0,-3.655866,0.5542168617248535,0.42461538314819336,0.03415384516119957
YNL023C,YML107C,0,-3.66333,0.5519999861717224,0.42461538314819336,0.03446153923869133
YMR014W,YKL012W,0,-3.6725824,0.5498008131980896,0.42461538314819336,0.03476922959089279
YNL199C,YAL024C,0,-3.673871,0.5476190447807312,0.42461538314819336,0.03507692366838455
YGL067W,YKL175W,0,-3.6744494,0.5454545617103577,0.42461538314819336,0.035384614020586014
YML069W,YKL045W,1,-3.686914,0.5472440719604492,0.4276922941207886,0.035384614020586014
YPR120C,YOL090W,1,-3.6889524,0.5490196347236633,0.4307692348957062,0.035384614020586014
YPL125W,YGL243W,0,-3.701673,0.546875,0.4307692348957062,0.035692308098077774
YML069W,YHR031C,1,-3.7060652,0.548638105392456,0.4338461458683014,0.035692308098077774
YAL047C,YGR047C,0,-3.707101,0.5465116500854492,0.4338461458683014,0.035999998450279236
YJL033W,YMR231W,0,-3.7093897,0.5444015264511108,0.4338461458683014,0.036307692527770996
YJR082C,YDL245C,0,-3.7119231,0.5423076748847961,0.4338461458683014,0.03661538287997246
YOR257W,YPL129W,0,-3.720486,0.540229856967926,0.4338461458683014,0.03692307695746422
YNL221C,YHR172W,0,-3.7244902,0.5381679534912109,0.4338461458683014,0.03723077103495598
YLR170C,YDR532C,0,-3.7362018,0.536121666431427,0.4338461458683014,0.03753846138715744
YBR276C,YGR056W,0,-3.7371283,0.5340909361839294,0.4338461458683014,0.0378461554646492
YHR036W,YDR096W,0,-3.7408664,0.5320754647254944,0.4338461458683014,0.03815384581685066
YHR059W,YNL012W,0,-3.7417169,0.530075192451477,0.4338461458683014,0.03846153989434242
YDR499W,YHR205W,0,-3.7531056,0.5280898809432983,0.4338461458683014,0.038769230246543884
YOL090W,YML069W,1,-3.7585626,0.5298507213592529,0.436923086643219,0.038769230246543884
YNL290W,YHR031C,1,-3.762394,0.5315985083580017,0.4399999976158142,0.038769230246543884
YLR274W,YLR003C,1,-3.7644408,0.5333333611488342,0.4430769085884094,0.038769230246543884
YKL045W,YHR031C,1,-3.7645812,0.5350553393363953,0.446153849363327,0.038769230246543884
YIL037C,YDR260C,0,-3.7683272,0.533088207244873,0.446153849363327,0.039076924324035645
YER020W,YDR404C,0,-3.7692971,0.5311355590820312,0.446153849363327,0.039384614676237106
YNL097C,YBR167C,0,-3.771512,0.529197096824646,0.446153849363327,0.03969230875372887
YPR120C,YBR057C,1,-3.771655,0.5309090614318848,0.44923076033592224,0.03969230875372887
YJR057W,YGR109C,1,-3.7731988,0.532608687877655,0.45230770111083984,0.03969230875372887
YGL005C,YDR228C,0,-3.7767293,0.5306859016418457,0.45230770111083984,0.03999999910593033
YLL013C,YGL048C,0,-3.7783442,0.528777003288269,0.45230770111083984,0.04030769318342209
YGL201C,YJR068W,1,-3.7802732,0.5304659605026245,0.45538461208343506,0.04030769318342209
YBR260C,YMR061W,0,-3.7859063,0.5285714268684387,0.45538461208343506,0.04061538353562355
YJR057W,YLR003C,1,-3.7884402,0.5302491188049316,0.45846155285835266,0.04061538353562355
YOR204W,YPL098C,0,-3.7928782,0.5283687710762024,0.45846155285835266,0.04092307761311531
YPL241C,YKR024C,0,-3.792894,0.5265017747879028,0.45846155285835266,0.04123076796531677
YKR063C,YHR172W,0,-3.7976274,0.5246478915214539,0.45846155285835266,0.04153846204280853
YFL024C,YDR137W,0,-3.8011487,0.5228070020675659,0.45846155285835266,0.041846152395009995
YJR006W,YML069W,1,-3.8035212,0.5244755148887634,0.4615384638309479,0.041846152395009995
YBR021W,YOL089C,0,-3.8095326,0.5226480960845947,0.4615384638309479,0.042153846472501755
YLR170C,YKL134C,0,-3.810764,0.5208333134651184,0.4615384638309479,0.04246153682470322
YLR274W,YML065W,1,-3.8122072,0.5224913358688354,0.4646153748035431,0.04246153682470322
YLR103C,YKL017C,1,-3.8136482,0.5241379141807556,0.4676923155784607,0.04246153682470322
YGR109C,YNL072W,1,-3.8203912,0.5257731676101685,0.4707692265510559,0.04246153682470322
YGR109C,YHR031C,1,-3.8228908,0.5273972749710083,0.4738461673259735,0.04246153682470322
YJR057W,YPR162C,1,-3.832673,0.5290102362632751,0.4769230782985687,0.04246153682470322
YPR120C,YNL273W,1,-3.837881,0.5306122303009033,0.47999998927116394,0.04246153682470322
YPR113W,YHR026W,0,-3.8578165,0.5288135409355164,0.47999998927116394,0.04276923090219498
YPL181W,YLR382C,0,-3.8718607,0.5270270109176636,0.47999998927116394,0.04307692125439644
YDR137W,YDR469W,0,-3.875301,0.5252525210380554,0.47999998927116394,0.0433846153318882
YGR109C,YPR162C,1,-3.875648,0.5268456339836121,0.48307693004608154,0.0433846153318882
YMR055C,YJL087C,0,-3.875751,0.525083601474762,0.48307693004608154,0.04369230940937996
YNL221C,YGL145W,0,-3.8785384,0.5233333110809326,0.48307693004608154,0.04399999976158142
YPL008W,YNL062C,0,-3.8785682,0.5215947031974792,0.48307693004608154,0.04430769383907318
YKL193C,YIL073C,0,-3.882322,0.5198675394058228,0.48307693004608154,0.04461538419127464
YJR006W,YNL072W,1,-3.8861287,0.5214521288871765,0.48615384101867676,0.04461538419127464
YJL124C,YNL309W,0,-3.8899236,0.5197368264198303,0.48615384101867676,0.0449230782687664
YML065W,YOL146W,1,-3.8953652,0.5213114619255066,0.48923078179359436,0.0449230782687664
YOR320C,YOL128C,0,-3.903832,0.5196078419685364,0.48923078179359436,0.045230768620967865
YJR006W,YBR057C,1,-3.9052713,0.5211726427078247,0.4923076927661896,0.045230768620967865
YLR106C,YMR016C,0,-3.9052813,0.5194805264472961,0.4923076927661896,0.045538462698459625
YJR006W,YHR031C,1,-3.9103553,0.5210356116294861,0.4953846037387848,0.045538462698459625
YLR067C,YBR022W,0,-3.9117057,0.5193548202514648,0.4953846037387848,0.04584615305066109
YLR285W,YGR185C,0,-3.9205956,0.5176848769187927,0.4953846037387848,0.04615384712815285
YDL031W,YKL175W,0,-3.9260747,0.5160256624221802,0.4953846037387848,0.04646153748035431
YDR137W,YDR002W,0,-3.9348989,0.5143769979476929,0.4953846037387848,0.04676923155784607
YJR068W,YNL273W,1,-3.9451113,0.5159235596656799,0.4984615445137024,0.04676923155784607
YLR103C,YBR057C,1,-3.9470658,0.5174603462219238,0.5015384554862976,0.04676923155784607
YLR098C,YLR272C,0,-3.9531689,0.5158227682113647,0.5015384554862976,0.04707692191004753
YPL181W,YHR027C,0,-3.9573107,0.5141955614089966,0.5015384554862976,0.04738461598753929
YBR112C,YJL033W,0,-3.9611578,0.5125786066055298,0.5015384554862976,0.04769230633974075
YAL024C,YOR191W,0,-3.9633963,0.5109717845916748,0.5015384554862976,0.04800000041723251
YJR057W,YJR046W,1,-3.9712992,0.512499988079071,0.5046153664588928,0.04800000041723251
YOL090W,YHR031C,1,-3.972373,0.514018714427948,0.5076923370361328,0.04800000041723251
YJR082C,YBR167C,0,-3.9729028,0.5124223828315735,0.5076923370361328,0.048307690769433975
YGR109C,YBR057C,1,-3.9779143,0.5139318704605103,0.510769248008728,0.048307690769433975
YAL034W-A,YGR123C,0,-3.9784236,0.5123456716537476,0.510769248008728,0.048615384846925735
YLR085C,YDR414C,0,-3.9797642,0.510769248008728,0.510769248008728,0.0489230751991272
YBR276C,YGR074W,0,-3.9830446,0.5092024803161621,0.510769248008728,0.04923076927661896
YDR469W,YLR183C,0,-3.9849105,0.5076452493667603,0.510769248008728,0.04953846335411072
YBR057C,YML065W,1,-3.9850454,0.5091463327407837,0.5138461589813232,0.04953846335411072
YOR080W,YKL045W,1,-3.986179,0.5106382966041565,0.5169230699539185,0.04953846335411072
YNL090W,YLR321C,0,-3.9903831,0.5090909004211426,0.5169230699539185,0.04984615370631218
YBR041W,YGR163W,0,-3.99502,0.5075528621673584,0.5169230699539185,0.05015384778380394
YAL024C,YNL201C,0,-3.9975662,0.5060241222381592,0.5169230699539185,0.0504615381360054
YPL125W,YKR090W,0,-3.9987903,0.5045045018196106,0.5169230699539185,0.05076923221349716
YDR499W,YPL011C,0,-3.9995804,0.5029940009117126,0.5169230699539185,0.051076922565698624
YDR288W,YNL151C,0,-4.001635,0.5014925599098206,0.5169230699539185,0.051384616643190384
YBR004C,YOL064C,0,-4.004587,0.5,0.5169230699539185,0.051692306995391846
YKL017C,YOL090W,1,-4.008008,0.501483678817749,0.5199999809265137,0.051692306995391846
YLR309C,YNL151C,0,-4.0084395,0.5,0.5199999809265137,0.052000001072883606
YOL090W,YOL146W,1,-4.009405,0.501474916934967,0.5230769515037537,0.052000001072883606
YLR067C,YBR253W,0,-4.009445,0.5,0.5230769515037537,0.05230769142508507
YJL198W,YMR308C,0,-4.015714,0.4985337257385254,0.5230769515037537,0.05261538550257683
YGL223C,YPL130W,0,-4.01645,0.49707603454589844,0.5230769515037537,0.05292307585477829
YBR023C,YKL008C,0,-4.0168524,0.495626837015152,0.5230769515037537,0.05323076993227005
YGR163W,YDR028C,0,-4.0221944,0.49418604373931885,0.5230769515037537,0.05353846028447151
YNL245C,YDR218C,0,-4.025512,0.49275362491607666,0.5230769515037537,0.05384615436196327
YLR266C,YLR105C,0,-4.026035,0.49132949113845825,0.5230769515037537,0.054153844714164734
YKR024C,YML027W,0,-4.026647,0.48991355299949646,0.5230769515037537,0.054461538791656494
YOR362C,YBR171W,0,-4.038777,0.4885057508945465,0.5230769515037537,0.054769229143857956
YKR027W,YLR105C,0,-4.0418725,0.4871060252189636,0.5230769515037537,0.055076923221349716
YNL072W,YLR003C,1,-4.0430694,0.488571435213089,0.5261538624763489,0.055076923221349716
YPL181W,YBR237W,0,-4.0434737,0.4871794879436493,0.5261538624763489,0.05538461357355118
YDR283C,YIR002C,0,-4.0475936,0.4857954680919647,0.5261538624763489,0.05569230765104294
YDR375C,YOL017W,0,-4.0485587,0.4844192564487457,0.5261538624763489,0.0560000017285347
YGR275W,YNL309W,0,-4.052113,0.4830508530139923,0.5261538624763489,0.05630769208073616
YDR439W,YOL054W,0,-4.0575237,0.4816901385784149,0.5261538624763489,0.05661538615822792
YJR135C,YGR144W,0,-4.059642,0.48033708333969116,0.5261538624763489,0.05692307651042938
YGL257C,YER082C,0,-4.0616612,0.4789915978908539,0.5261538624763489,0.05723077058792114
YKR063C,YDL090C,0,-4.0627756,0.4776536226272583,0.5261538624763489,0.057538460940122604
YGR040W,YLR272C,0,-4.0669236,0.47632312774658203,0.5261538624763489,0.057846155017614365
YOR026W,YOR367W,0,-4.0678463,0.4749999940395355,0.5261538624763489,0.058153845369815826
YGR040W,YMR054W,0,-4.069575,0.4736842215061188,0.5261538624763489,0.05846153944730759
YGL061C,YMR268C,0,-4.070473,0.47237569093704224,0.5261538624763489,0.05876922979950905
YDR179C,YMR036C,0,-4.0710998,0.4710743725299835,0.5261538624763489,0.05907692387700081
YNL298W,YGL066W,0,-4.072047,0.46978020668029785,0.5261538624763489,0.05938461422920227
YHR142W,YDR260C,0,-4.072058,0.46849316358566284,0.5261538624763489,0.05969230830669403
YGR109C,YJR068W,1,-4.075158,0.46994534134864807,0.5292307734489441,0.05969230830669403
YIL037C,YLR272C,0,-4.081779,0.46866485476493835,0.5292307734489441,0.05999999865889549
YNR038W,YKL144C,0,-4.083023,0.46739131212234497,0.5292307734489441,0.06030769273638725
YDR404C,YLR079W,0,-4.083302,0.46612465381622314,0.5292307734489441,0.060615383088588715
YPR067W,YBR221C,0,-4.084069,0.4648648500442505,0.5292307734489441,0.060923077166080475
YOL093W,YIR026C,0,-4.0844955,0.4636118710041046,0.5292307734489441,0.06123076751828194
YNL298W,YOR301W,0,-4.08543,0.46236559748649597,0.5292307734489441,0.0615384615957737
YOL089C,YER082C,0,-4.088635,0.4611259996891022,0.5292307734489441,0.06184615567326546
YBR168W,YMR095C,0,-4.091608,0.45989304780960083,0.5292307734489441,0.06215384602546692
YBR276C,YKL154W,0,-4.0925446,0.4586666524410248,0.5292307734489441,0.06246154010295868
YGL201C,YOL090W,1,-4.093916,0.46010637283325195,0.5323076844215393,0.06246154010295868
YLR380W,YDR414C,0,-4.106126,0.45888593792915344,0.5323076844215393,0.06276923418045044
YGL232W,YGR048W,0,-4.1063995,0.45767197012901306,0.5323076844215393,0.0630769208073616
YLR085C,YDR143C,0,-4.113148,0.45646438002586365,0.5323076844215393,0.06338461488485336
YPR120C,YJR006W,1,-4.11379,0.4578947424888611,0.5353845953941345,0.06338461488485336
YAL010C,YKL134C,0,-4.115174,0.4566929042339325,0.5353845953941345,0.06369230896234512
YIL072W,YLR208W,0,-4.1168227,0.4554973840713501,0.5353845953941345,0.06400000303983688
YNL317W,YNL310C,0,-4.1181927,0.45430809259414673,0.5353845953941345,0.06430768966674805
YGR040W,YBL022C,0,-4.1226106,0.453125,0.5353845953941345,0.06461538374423981
YGR247W,YDR404C,0,-4.123239,0.45194804668426514,0.5353845953941345,0.06492307782173157
YNL090W,YLR360W,0,-4.1292844,0.45077720284461975,0.5353845953941345,0.06523077189922333
YNL267W,YLR316C,0,-4.1302366,0.44961240887641907,0.5353845953941345,0.06553845852613449
YML107C,YLR316C,0,-4.1323514,0.4484536051750183,0.5353845953941345,0.06584615260362625
YJR082C,YDR037W,0,-4.1328683,0.4473007619380951,0.5353845953941345,0.06615384668111801
YDR182W,YDR126W,0,-4.136376,0.446153849363327,0.5353845953941345,0.06646154075860977
YLR274W,YOL090W,1,-4.1429563,0.4475703239440918,0.5384615659713745,0.06646154075860977
YMR032W,YCL059C,0,-4.146353,0.4464285671710968,0.5384615659713745,0.06676922738552094
YGL027C,YBL022C,0,-4.1466355,0.4452926218509674,0.5384615659713745,0.0670769214630127
YGL223C,YLR285W,0,-4.146832,0.44416242837905884,0.5384615659713745,0.06738461554050446
YMR055C,YLR191W,0,-4.14709,0.4430379867553711,0.5384615659713745,0.06769230961799622
YKR068C,YDR499W,0,-4.14883,0.4419191777706146,0.5384615659713745,0.06800000369548798
YJR065C,YOL104C,0,-4.157809,0.4408060312271118,0.5384615659713745,0.06830769032239914
YGL257C,YDR469W,0,-4.1690125,0.4396984875202179,0.5384615659713745,0.0686153843998909
YOL090W,YML065W,1,-4.169679,0.4411027431488037,0.5415384769439697,0.0686153843998909
YHR188C,YOR137C,0,-4.1700916,0.4399999976158142,0.5415384769439697,0.06892307847738266
YGL071W,YHR027C,0,-4.1737614,0.43890273571014404,0.5415384769439697,0.06923077255487442
YOR226C,YOR083W,0,-4.177132,0.4378109574317932,0.5415384769439697,0.06953845918178558
YHR024C,YDR404C,0,-4.17788,0.43672457337379456,0.5415384769439697,0.06984615325927734
YPR120C,YPR162C,1,-4.178305,0.4381188154220581,0.5446153879165649,0.06984615325927734
YOL008W,YBR130C,0,-4.180077,0.43703705072402954,0.5446153879165649,0.0701538473367691
YNL078W,YIL037C,0,-4.181091,0.435960590839386,0.5446153879165649,0.07046154141426086
YOR299W,YDR527W,0,-4.1811314,0.43488943576812744,0.5446153879165649,0.07076922804117203
YKL017C,YPR162C,1,-4.1856933,0.4362744987010956,0.5476922988891602,0.07076922804117203
YOL090W,YBR057C,1,-4.1872478,0.4376528263092041,0.5507692098617554,0.07076922804117203
YBR279W,YNL151C,0,-4.1942735,0.43658536672592163,0.5507692098617554,0.07107692211866379
YDR097C,YML069W,1,-4.194784,0.43795621395111084,0.5538461804389954,0.07107692211866379
YOR080W,YML069W,1,-4.1953516,0.4393203854560852,0.5569230914115906,0.07107692211866379
YBR236C,YER022W,0,-4.196646,0.4382566511631012,0.5569230914115906,0.07138461619615555
YJR160C,YJL035C,0,-4.2005963,0.43719807267189026,0.5569230914115906,0.07169231027364731
YDL236W,YGR170W,0,-4.202616,0.4361445903778076,0.5569230914115906,0.07199999690055847
YER183C,YDL002C,0,-4.2073493,0.4350961446762085,0.5569230914115906,0.07230769097805023
YDR414C,YHR186C,0,-4.210685,0.4340527653694153,0.5569230914115906,0.07261538505554199
YML065W,YNL290W,1,-4.210757,0.4354066848754883,0.5600000023841858,0.07261538505554199
YNL062C,YJL204C,0,-4.211992,0.4343675374984741,0.5600000023841858,0.07292307913303375
YHR204W,YOR334W,0,-4.2148614,0.4333333373069763,0.5600000023841858,0.07323076575994492
YBR276C,YIL139C,0,-4.214863,0.4323040246963501,0.5600000023841858,0.07353845983743668
YOR257W,YKL154W,0,-4.215668,0.43127962946891785,0.5600000023841858,0.07384615391492844
YOL023W,YLR067C,0,-4.21574,0.43026003241539,0.5600000023841858,0.0741538479924202
YKR024C,YHR148W,0,-4.216796,0.4292452931404114,0.5600000023841858,0.07446154206991196
YJR006W,YKL045W,1,-4.2170157,0.4305882453918457,0.563076913356781,0.07446154206991196
YPL255W,YDR527W,0,-4.2186027,0.42957746982574463,0.563076913356781,0.07476922869682312
YOR080W,YHR031C,1,-4.2187834,0.43091335892677307,0.5661538243293762,0.07476922869682312
YDL069C,YGR247W,0,-4.2257657,0.42990654706954956,0.5661538243293762,0.07507692277431488
YLR433C,YDR362C,0,-4.231688,0.4289044141769409,0.5661538243293762,0.07538461685180664
YHR026W,YDL112W,0,-4.232454,0.42790699005126953,0.5661538243293762,0.0756923109292984
YLR085C,YDR404C,0,-4.2342916,0.42691415548324585,0.5661538243293762,0.07599999755620956
YNL202W,YLR360W,0,-4.2480264,0.42592594027519226,0.5661538243293762,0.07630769163370132
YML069W,YOL146W,1,-4.248074,0.4272517263889313,0.5692307949066162,0.07630769163370132
YBR236C,YLR310C,0,-4.2502184,0.42626726627349854,0.5692307949066162,0.07661538571119308
YOL008W,YFR040W,0,-4.2507877,0.4252873659133911,0.5692307949066162,0.07692307978868484
YKL017C,YJR006W,1,-4.253493,0.4266054928302765,0.5723077058792114,0.07692307978868484
YDR097C,YLR003C,1,-4.2535925,0.42791762948036194,0.5753846168518066,0.07692307978868484
YPL121C,YDL105W,0,-4.2538714,0.4269406497478485,0.5753846168518066,0.07723076641559601
YBR131W,YPR198W,0,-4.2563844,0.42596811056137085,0.5753846168518066,0.07753846049308777
YKL017C,YDR097C,1,-4.256491,0.4272727370262146,0.5784615278244019,0.07753846049308777
YOL008W,YPL181W,0,-4.256719,0.4263038635253906,0.5784615278244019,0.07784615457057953
YNL128W,YPR121W,0,-4.2574053,0.42533937096595764,0.5784615278244019,0.07815384864807129
YMR037C,YGR185C,0,-4.257636,0.42437922954559326,0.5784615278244019,0.07846153527498245
YNL159C,YNL257C,0,-4.2593493,0.4234234094619751,0.5784615278244019,0.07876922935247421
YOR080W,YJR006W,1,-4.2659936,0.42471909523010254,0.5815384387969971,0.07876922935247421
YML069W,YJR068W,1,-4.2691207,0.4260089695453644,0.5846154093742371,0.07876922935247421
YDL166C,YOL061W,0,-4.2739496,0.42505592107772827,0.5846154093742371,0.07907692342996597
YIL066C,YHR031C,1,-4.274854,0.4263392984867096,0.5876923203468323,0.07907692342996597
YGR276C,YGR048W,0,-4.276496,0.42538976669311523,0.5876923203468323,0.07938461750745773
YML071C,YPL174C,0,-4.276733,0.42444443702697754,0.5876923203468323,0.0796923041343689
YDL166C,YLR106C,0,-4.2790985,0.4235033392906189,0.5876923203468323,0.07999999821186066
YKR027W,YPL256C,0,-4.2810435,0.42256638407707214,0.5876923203468323,0.08030769228935242
YML059C,YLR084C,0,-4.2810616,0.4216335415840149,0.5876923203468323,0.08061538636684418
YAL012W,YNL329C,0,-4.284691,0.42070484161376953,0.5876923203468323,0.08092308044433594
YIR002C,YBR103W,0,-4.2890625,0.4197802245616913,0.5876923203468323,0.0812307670712471
YGR163W,YLR260W,0,-4.2916636,0.41885966062545776,0.5876923203468323,0.08153846114873886
YLR350W,YLR249W,0,-4.2943144,0.4179431200027466,0.5876923203468323,0.08184615522623062
YOR334W,YGR056W,0,-4.294781,0.41703057289123535,0.5876923203468323,0.08215384930372238
YPL040C,YDL090C,0,-4.295358,0.4161219894886017,0.5876923203468323,0.08246153593063354
YMR044W,YLR033W,0,-4.3004303,0.41521739959716797,0.5876923203468323,0.0827692300081253
YAL034W-A,YKL144C,0,-4.3019695,0.41431671380996704,0.5876923203468323,0.08307692408561707
YPR023C,YJR135C,0,-4.302423,0.4134199023246765,0.5876923203468323,0.08338461816310883
YNL309W,YBR254C,0,-4.307597,0.4125269949436188,0.5876923203468323,0.08369230479001999
YDR182W,YCR094W,0,-4.307679,0.41163793206214905,0.5876923203468323,0.08399999886751175
YMR113W,YNL128W,0,-4.3098016,0.41075268387794495,0.5876923203468323,0.08430769294500351
YDR179C,YLR183C,0,-4.3120465,0.40987125039100647,0.5876923203468323,0.08461538702249527
YHR183W,YML031W,0,-4.313721,0.40899357199668884,0.5876923203468323,0.08492307364940643
YOR304W,YIL147C,0,-4.3149476,0.40811964869499207,0.5876923203468323,0.0852307677268982
YGL032C,YBR058C,0,-4.3193727,0.40724948048591614,0.5876923203468323,0.08553846180438995
YNL126W,YPR133W-A,0,-4.322185,0.4063829779624939,0.5876923203468323,0.08584615588188171
YDR179C,YMR044W,0,-4.322248,0.40552017092704773,0.5876923203468323,0.08615384250879288
YKL059C,YHR172W,0,-4.3230767,0.40466102957725525,0.5876923203468323,0.08646153658628464
YDR440W,YDR362C,0,-4.3240337,0.4038054943084717,0.5876923203468323,0.0867692306637764
YOL147C,YGR030C,0,-4.3270116,0.4029535949230194,0.5876923203468323,0.08707692474126816
YPR162C,YKL045W,1,-4.329672,0.40421053767204285,0.5907692313194275,0.08707692474126816
YAR002W,YDR532C,0,-4.330568,0.40336135029792786,0.5907692313194275,0.08738461881875992
YLR260W,YBR098W,0,-4.3308506,0.402515709400177,0.5907692313194275,0.08769230544567108
YER159C,YNL021W,0,-4.3312755,0.40167364478111267,0.5907692313194275,0.08799999952316284
YIR004W,YDR322C-A,0,-4.3313165,0.4008350670337677,0.5907692313194275,0.0883076936006546
YOL089C,YDL097C,0,-4.3317447,0.4000000059604645,0.5907692313194275,0.08861538767814636
YKL045W,YLR003C,1,-4.3322835,0.40124741196632385,0.5938461422920227,0.08861538767814636
YIR010W,YOR060C,0,-4.3328433,0.40041494369506836,0.5938461422920227,0.08892307430505753
YDR206W,YLR272C,0,-4.3329015,0.39958593249320984,0.5938461422920227,0.08923076838254929
YOR080W,YGL201C,1,-4.3329124,0.40082645416259766,0.5969230532646179,0.08923076838254929
YPR201W,YGR047C,0,-4.3357215,0.4000000059604645,0.5969230532646179,0.08953846246004105
YOR038C,YIL173W,0,-4.339198,0.3991769552230835,0.5969230532646179,0.0898461565375328
YLR153C,YDR227W,0,-4.3448243,0.3983573019504547,0.5969230532646179,0.09015384316444397
YOR304W,YKL134C,0,-4.34541,0.39754098653793335,0.5969230532646179,0.09046153724193573
YOR257W,YJL087C,0,-4.345856,0.3967280089855194,0.5969230532646179,0.09076923131942749
YBR057C,YIL066C,1,-4.346317,0.3979591727256775,0.6000000238418579,0.09076923131942749
YLR320W,YJL098W,0,-4.3491607,0.39714866876602173,0.6000000238418579,0.09107692539691925
YMR036C,YIL147C,0,-4.3524327,0.396341472864151,0.6000000238418579,0.09138461202383041
YAL010C,YLR321C,0,-4.3532643,0.39553752541542053,0.6000000238418579,0.09169230610132217
YLR170C,YLR105C,0,-4.354685,0.3947368562221527,0.6000000238418579,0.09200000017881393
YPR113W,YLR020C,0,-4.3559666,0.39393940567970276,0.6000000238418579,0.0923076942563057
YNR032W,YML038C,0,-4.358535,0.3931451737880707,0.6000000238418579,0.09261538833379745
YGL174W,YMR014W,0,-4.3599396,0.3923541307449341,0.6000000238418579,0.09292307496070862
YLR051C,YHR089C,0,-4.3614793,0.39156627655029297,0.6000000238418579,0.09323076903820038
YOR181W,YGL246C,0,-4.365429,0.39078155159950256,0.6000000238418579,0.09353846311569214
YLR085C,YLR067C,0,-4.369593,0.38999998569488525,0.6000000238418579,0.0938461571931839
YPR162C,YNL290W,1,-4.3734803,0.39121755957603455,0.6030769348144531,0.0938461571931839
YDR376W,YER162C,0,-4.374312,0.3904382586479187,0.6030769348144531,0.09415384382009506
YPR162C,YHR031C,1,-4.3761516,0.39165011048316956,0.6061538457870483,0.09415384382009506
YLR191W,YGR009C,0,-4.390404,0.3908730149269104,0.6061538457870483,0.09446153789758682
YPR183W,YDR260C,0,-4.3914413,0.39009901881217957,0.6061538457870483,0.09476923197507858
YPL169C,YKL059C,0,-4.3940763,0.3893280625343323,0.6061538457870483,0.09507692605257034
YGR056W,YDR177W,0,-4.3985624,0.38856014609336853,0.6061538457870483,0.0953846126794815
YDL166C,YNL047C,0,-4.4024,0.38779526948928833,0.6061538457870483,0.09569230675697327
YJR057W,YHR031C,1,-4.41293,0.38899803161621094,0.6092307567596436,0.09569230675697327
YGL005C,YPL130W,0,-4.4141555,0.38823530077934265,0.6092307567596436,0.09600000083446503
YDL116W,YNL299W,0,-4.4173894,0.38747555017471313,0.6092307567596436,0.09630769491195679
YDR005C,YDR265W,0,-4.4196253,0.38671875,0.6092307567596436,0.09661538153886795
YPL119C,YER183C,0,-4.4234967,0.38596490025520325,0.6092307567596436,0.09692307561635971
YAL025C,YAL034W-A,0,-4.4239907,0.3852140009403229,0.6092307567596436,0.09723076969385147
YJR040W,YEL017C-A,0,-4.425715,0.3844660222530365,0.6092307567596436,0.09753846377134323
YMR044W,YOR321W,0,-4.428061,0.38372093439102173,0.6092307567596436,0.0978461503982544
YMR272C,YLR316C,0,-4.4291058,0.38297873735427856,0.6092307567596436,0.09815384447574615
YNL078W,YNL099C,0,-4.4292045,0.38223937153816223,0.6092307567596436,0.09846153855323792
YJR090C,YHR148W,0,-4.429209,0.3815028965473175,0.6092307567596436,0.09876923263072968
YDR106W,YLR272C,0,-4.4321218,0.3807692229747772,0.6092307567596436,0.09907692670822144
YGR157W,YDR424C,0,-4.4331865,0.38003838062286377,0.6092307567596436,0.0993846133351326
YKR027W,YGL246C,0,-4.4384236,0.37931033968925476,0.6092307567596436,0.09969230741262436
YPL061W,YCR071C,0,-4.438559,0.3785851001739502,0.6092307567596436,0.10000000149011612
YNL298W,YJL092W,0,-4.4399667,0.3778626024723053,0.6092307567596436,0.10030769556760788
YJR006W,YJR068W,1,-4.442063,0.3790476322174072,0.6123076677322388,0.10030769556760788
YPL256C,YGR030C,0,-4.443677,0.37832698225975037,0.6123076677322388,0.10061538219451904
YBR057C,YOL146W,1,-4.444452,0.3795066475868225,0.6153846383094788,0.10061538219451904
YDR177W,YKL214C,0,-4.4462934,0.3787878751754761,0.6153846383094788,0.1009230762720108
YOL008W,YBR221C,0,-4.4492555,0.3780718445777893,0.6153846383094788,0.10123077034950256
YKL017C,YML069W,1,-4.4496927,0.3792452812194824,0.618461549282074,0.10123077034950256
YOL145C,YLR139C,0,-4.4505725,0.3785310685634613,0.618461549282074,0.10153846442699432
YBR023C,YEL030W,0,-4.451875,0.3778195381164551,0.618461549282074,0.10184615105390549
YLR292C,YNL054W,0,-4.4525504,0.37711068987846375,0.618461549282074,0.10215384513139725
YIL066C,YJR046W,1,-4.453541,0.37827715277671814,0.6215384602546692,0.10215384513139725
YNL199C,YOR233W,0,-4.457984,0.37757009267807007,0.6215384602546692,0.10246153920888901
YML059C,YJL035C,0,-4.4579945,0.3768656849861145,0.6215384602546692,0.10276923328638077
YDR260C,YLR316C,0,-4.459226,0.37616387009620667,0.6215384602546692,0.10307691991329193
YGL201C,YHR031C,1,-4.4598727,0.3773234188556671,0.6246153712272644,0.10307691991329193
YLR382C,YPR173C,0,-4.4637985,0.37662336230278015,0.6246153712272644,0.10338461399078369
YPL195W,YNL151C,0,-4.4649415,0.3759259283542633,0.6246153712272644,0.10369230806827545
YPR162C,YNL072W,1,-4.465709,0.37707948684692383,0.6276922821998596,0.10369230806827545
YOR080W,YJR068W,1,-4.468949,0.3782287836074829,0.6307692527770996,0.10369230806827545
YDR469W,YNL107W,0,-4.469188,0.3775322139263153,0.6307692527770996,0.10400000214576721
YOR078W,YMR037C,0,-4.4697328,0.37683823704719543,0.6307692527770996,0.10430768877267838
YBR057C,YNL072W,1,-4.470973,0.37798166275024414,0.6338461637496948,0.10430768877267838
YNL151C,YMR016C,0,-4.473845,0.37728938460350037,0.6338461637496948,0.10461538285017014
YBR057C,YML069W,1,-4.474317,0.37842777371406555,0.63692307472229,0.10461538285017014
YPR120C,YML069W,1,-4.475082,0.37956205010414124,0.6399999856948853,0.10461538285017014
YIR025W,YGR116W,0,-4.4840136,0.3788706660270691,0.6399999856948853,0.1049230769276619
YJR068W,YNL072W,1,-4.4852834,0.3799999952316284,0.6430768966674805,0.1049230769276619
YMR113W,YGL106W,0,-4.4868026,0.37931033968925476,0.6430768966674805,0.10523077100515366
YMR281W,YDR005C,0,-4.4870663,0.37862318754196167,0.6430768966674805,0.10553846508264542
YKL002W,YNL334C,0,-4.487289,0.37793850898742676,0.6430768966674805,0.10584615170955658
YNL021W,YBR106W,0,-4.4898624,0.37725630402565,0.6430768966674805,0.10615384578704834
YLR260W,YLR285W,0,-4.492522,0.37657657265663147,0.6430768966674805,0.1064615398645401
YBR170C,YDR137W,0,-4.494188,0.3758992850780487,0.6430768966674805,0.10676923394203186
YGR070W,YBR081C,0,-4.495513,0.37522441148757935,0.6430768966674805,0.10707692056894302
YMR231W,YGL095C,0,-4.496559,0.3745519816875458,0.6430768966674805,0.10738461464643478
YDR097C,YIL066C,1,-4.497297,0.375670850276947,0.6461538672447205,0.10738461464643478
YPL233W,YBR130C,0,-4.4994526,0.375,0.6461538672447205,0.10769230872392654
YGR169C,YDL090C,0,-4.4998927,0.3743315637111664,0.6461538672447205,0.1080000028014183
YKR027W,YCR094W,0,-4.5002236,0.3736654818058014,0.6461538672447205,0.10830768942832947
YJL091C,YDR459C,0,-4.5002522,0.3730017840862274,0.6461538672447205,0.10861538350582123
YMR037C,YDR527W,0,-4.5012927,0.3723404109477997,0.6461538672447205,0.10892307758331299
YBR057C,YLR003C,1,-4.5045724,0.3734513223171234,0.6492307782173157,0.10892307758331299
YMR078C,YLR079W,0,-4.511801,0.3727915287017822,0.6492307782173157,0.10923077166080475
YPR201W,YER148W,0,-4.512159,0.3721340298652649,0.6492307782173157,0.10953845828771591
YNL021W,YDR317W,0,-4.514381,0.3714788854122162,0.6492307782173157,0.10984615236520767
YOR038C,YOL104C,0,-4.5165515,0.37082600593566895,0.6492307782173157,0.11015384644269943
YGL029W,YPR141C,0,-4.517974,0.37017545104026794,0.6492307782173157,0.11046154052019119
YNL116W,YDL059C,0,-4.5204163,0.369527131319046,0.6492307782173157,0.11076922714710236
YDL022W,YDR404C,0,-4.5241017,0.36888110637664795,0.6492307782173157,0.11107692122459412
YOR367W,YOR075W,0,-4.528637,0.36823734641075134,0.6492307782173157,0.11138461530208588
YAL026C,YOL004W,0,-4.531195,0.3675958216190338,0.6492307782173157,0.11169230937957764
YOR026W,YNL021W,0,-4.538153,0.36695653200149536,0.6492307782173157,0.1120000034570694
YDR097C,YBR057C,1,-4.5399923,0.3680555522441864,0.6523076891899109,0.1120000034570694
YNL126W,YKL214C,0,-4.542668,0.36741766333580017,0.6523076891899109,0.11230769008398056
YDR097C,YOL146W,1,-4.543156,0.3685121238231659,0.6553846001625061,0.11230769008398056
YDR317W,YNL151C,0,-4.5495276,0.3678756356239319,0.6553846001625061,0.11261538416147232
YDR411C,YDL059C,0,-4.551731,0.36724138259887695,0.6553846001625061,0.11292307823896408
YOL090W,YJR068W,1,-4.5606885,0.3683304786682129,0.6584615111351013,0.11292307823896408
YBR023C,YPL011C,0,-4.565887,0.3676975965499878,0.6584615111351013,0.11323077231645584
YDR085C,YIL010W,0,-4.5671716,0.367066890001297,0.6584615111351013,0.113538458943367
YPL181W,YHR024C,0,-4.5733757,0.3664383590221405,0.6584615111351013,0.11384615302085876
YKL045W,YJR068W,1,-4.574375,0.36752137541770935,0.6615384817123413,0.11384615302085876
YJL060W,YLR433C,0,-4.5753922,0.3668941855430603,0.6615384817123413,0.11415384709835052
YDR179C,YDL147W,0,-4.57851,0.36626917123794556,0.6615384817123413,0.11446154117584229
YJR031C,YLR107W,0,-4.578704,0.36564627289772034,0.6615384817123413,0.11476922780275345
YGL029W,YPL124W,0,-4.5794773,0.36502546072006226,0.6615384817123413,0.11507692188024521
YJL031C,YEL071W,0,-4.58171,0.3644067943096161,0.6615384817123413,0.11538461595773697
YJL060W,YNL054W,0,-4.5831246,0.3637901842594147,0.6615384817123413,0.11569231003522873
YBR161W,YIR021W,0,-4.585008,0.3631756901741028,0.6615384817123413,0.11599999666213989
YFL050C,YNL253W,0,-4.5852027,0.36256325244903564,0.6615384817123413,0.11630769073963165
YLR459W,YBR276C,0,-4.587425,0.36195287108421326,0.6615384817123413,0.11661538481712341
YJR135C,YPL133C,0,-4.587494,0.3613445460796356,0.6615384817123413,0.11692307889461517
YHR036W,YDL035C,0,-4.589727,0.36073824763298035,0.6615384817123413,0.11723076552152634
YBR023C,YNL004W,0,-4.5971317,0.3601340055465698,0.6615384817123413,0.1175384595990181
YJR097W,YDR260C,0,-4.597444,0.3595317602157593,0.6615384817123413,0.11784615367650986
YOR245C,YNR032W,0,-4.5976067,0.3589315414428711,0.6615384817123413,0.11815384775400162
YNL309W,YDR027C,0,-4.600228,0.3583333194255829,0.6615384817123413,0.11846154183149338
YMR312W,YCR020W-B,0,-4.600275,0.35773709416389465,0.6615384817123413,0.11876922845840454
YBR092C,YGL049C,0,-4.6039376,0.3571428656578064,0.6615384817123413,0.1190769225358963
YDR097C,YJR068W,1,-4.6090617,0.35820895433425903,0.6646153926849365,0.1190769225358963
YLR310C,YGL066W,0,-4.610273,0.3576158881187439,0.6646153926849365,0.11938461661338806
YKL022C,YGR040W,0,-4.6138344,0.35702478885650635,0.6646153926849365,0.11969231069087982
YAL010C,YLR020C,0,-4.6160684,0.3564356565475464,0.6646153926849365,0.11999999731779099
YIL009C-A,YDR283C,0,-4.6175723,0.35584843158721924,0.6646153926849365,0.12030769139528275
YML065W,YJR068W,1,-4.6192575,0.3569079041481018,0.6676923036575317,0.12030769139528275
YDR244W,YIL073C,0,-4.620131,0.3563218414783478,0.6676923036575317,0.1206153854727745
YBR098W,YDR409W,0,-4.622768,0.35573771595954895,0.6676923036575317,0.12092307955026627
YGL061C,YLR084C,0,-4.624532,0.35515546798706055,0.6676923036575317,0.12123076617717743
YIL103W,YNL299W,0,-4.62467,0.35457515716552734,0.6676923036575317,0.12153846025466919
YLR309C,YPR173C,0,-4.6254582,0.35399672389030457,0.6676923036575317,0.12184615433216095
YNL329C,YNL107W,0,-4.6285844,0.3534201979637146,0.6676923036575317,0.12215384840965271
YDR106W,YLL012W,0,-4.63137,0.35284551978111267,0.6676923036575317,0.12246153503656387
YHL003C,YGL127C,0,-4.6328144,0.35227271914482117,0.6676923036575317,0.12276922911405563
YGR057C,YNL160W,0,-4.638025,0.3517017960548401,0.6676923036575317,0.1230769231915474
YMR275C,YKR024C,0,-4.6380596,0.35113269090652466,0.6676923036575317,0.12338461726903915
YLR103C,YJR068W,1,-4.638925,0.35218092799186707,0.670769214630127,0.12338461726903915
YKL017C,YJR068W,1,-4.6470284,0.35322579741477966,0.6738461256027222,0.12338461726903915
YBR009C,YOL093W,0,-4.6474166,0.3526569902896881,0.6738461256027222,0.12369231134653091
YOR026W,YGL020C,0,-4.6479673,0.3520900309085846,0.6738461256027222,0.12399999797344208
YAL012W,YMR044W,0,-4.6486115,0.35152488946914673,0.6738461256027222,0.12430769205093384
YMR219W,YDR028C,0,-4.6496477,0.3509615361690521,0.6738461256027222,0.1246153861284256
YOL023W,YHR070W,0,-4.652653,0.35040000081062317,0.6738461256027222,0.12492308020591736
YGR169C,YHR039C-A,0,-4.654034,0.3498402535915375,0.6738461256027222,0.12523077428340912
YOL143C,YLR139C,0,-4.654956,0.34928229451179504,0.6738461256027222,0.12553846836090088
YDR097C,YPR162C,1,-4.6562777,0.35031846165657043,0.6769230961799622,0.12553846836090088
YDR097C,YJR046W,1,-4.659072,0.3513513505458832,0.6800000071525574,0.12553846836090088
YJR108W,YLR139C,0,-4.659777,0.35079365968704224,0.6800000071525574,0.12584614753723145
YCR094W,YLR098C,0,-4.6620917,0.35023772716522217,0.6800000071525574,0.1261538416147232
YNL245C,YBR289W,0,-4.6656594,0.349683552980423,0.6800000071525574,0.12646153569221497
YGR276C,YKL028W,0,-4.666303,0.34913110733032227,0.6800000071525574,0.12676922976970673
YLR106C,YDL090C,0,-4.666844,0.3485804498195648,0.6800000071525574,0.1270769238471985
YNR032W,YBR171W,0,-4.670011,0.34803149104118347,0.6800000071525574,0.12738461792469025
YJR064W,YAL034W-A,0,-4.6725388,0.347484290599823,0.6800000071525574,0.127692312002182
YMR177W,YNL257C,0,-4.678127,0.3469387888908386,0.6800000071525574,0.12800000607967377
YPR112C,YLR183C,0,-4.6783404,0.34639498591423035,0.6800000071525574,0.12830768525600433
YFL024C,YDL059C,0,-4.6787496,0.34585288166999817,0.6800000071525574,0.1286153793334961
YPL135W,YDR532C,0,-4.6800227,0.3453125059604645,0.6800000071525574,0.12892307341098785
YKL114C,YDR459C,0,-4.681049,0.3447737991809845,0.6800000071525574,0.12923076748847961
YOL101C,YJL004C,0,-4.6825542,0.3442367613315582,0.6800000071525574,0.12953846156597137
YDR227W,YOL093W,0,-4.6841006,0.34370139241218567,0.6800000071525574,0.12984615564346313
YOR100C,YNL012W,0,-4.685345,0.3431676924228668,0.6800000071525574,0.1301538497209549
YKL017C,YBR057C,1,-4.6867776,0.34418603777885437,0.6830769181251526,0.1301538497209549
YKL144C,YML027W,0,-4.687856,0.34365326166152954,0.6830769181251526,0.13046154379844666
YBR042C,YGR057C,0,-4.690068,0.34312209486961365,0.6830769181251526,0.13076923787593842
YOR257W,YNL298W,0,-4.691423,0.34259259700775146,0.6830769181251526,0.13107691705226898
YGL126W,YMR095C,0,-4.6959043,0.3420647084712982,0.6830769181251526,0.13138461112976074
YDR414C,YIR002C,0,-4.6975894,0.3415384590625763,0.6830769181251526,0.1316923052072525
YOL088C,YLR272C,0,-4.698141,0.3410138189792633,0.6830769181251526,0.13199999928474426
YPL259C,YGR040W,0,-4.698218,0.34049078822135925,0.6830769181251526,0.13230769336223602
YPL119C,YKL002W,0,-4.699409,0.33996936678886414,0.6830769181251526,0.13261538743972778
YEL030W,YGL232W,0,-4.7013965,0.33944955468177795,0.6830769181251526,0.13292308151721954
YMR231W,YDL106C,0,-4.702785,0.33893129229545593,0.6830769181251526,0.1332307755947113
YOR269W,YNL317W,0,-4.70644,0.33841463923454285,0.6830769181251526,0.13353845477104187
YML071C,YJL092W,0,-4.7074695,0.3378995358943939,0.6830769181251526,0.13384614884853363
YPL181W,YJL109C,0,-4.7075934,0.33738601207733154,0.6830769181251526,0.1341538429260254
YOL146W,YHR031C,1,-4.7078424,0.33839151263237,0.6861538290977478,0.1341538429260254
YPL271W,YBR048W,0,-4.708511,0.3378787934780121,0.6861538290977478,0.13446153700351715
YOR078W,YOR018W,0,-4.709296,0.33736762404441833,0.6861538290977478,0.1347692310810089
YGL044C,YDR027C,0,-4.7102256,0.33685800433158875,0.6861538290977478,0.13507692515850067
YDL192W,YBR123C,0,-4.711713,0.3363499343395233,0.6861538290977478,0.13538461923599243
YDR037W,YGL257C,0,-4.714291,0.33584338426589966,0.6861538290977478,0.1356923133134842
YML099C,YBR260C,0,-4.714646,0.3353383541107178,0.6861538290977478,0.13600000739097595
YBR223C,YLR249W,0,-4.715792,0.33483484387397766,0.6861538290977478,0.13630768656730652
YOR301W,YGL126W,0,-4.7178817,0.33433282375335693,0.6861538290977478,0.13661538064479828
YNL273W,YLR003C,1,-4.7209272,0.3353293538093567,0.689230740070343,0.13661538064479828
YKL064W,YPL006W,0,-4.722481,0.33482810854911804,0.689230740070343,0.13692307472229004
YMR032W,YDL090C,0,-4.7227206,0.3343283534049988,0.689230740070343,0.1372307687997818
YPL121C,YNR031C,0,-4.7265563,0.3338301181793213,0.689230740070343,0.13753846287727356
YPL181W,YDL116W,0,-4.728871,0.3333333432674408,0.689230740070343,0.13784615695476532
YPL140C,YPL174C,0,-4.7315845,0.3328380286693573,0.689230740070343,0.13815385103225708
YDR499W,YIL046W,0,-4.732591,0.3323442041873932,0.689230740070343,0.13846154510974884
YHR013C,YHR059W,0,-4.7362075,0.3318518400192261,0.689230740070343,0.1387692242860794
YLR201C,YML038C,0,-4.736791,0.33136093616485596,0.689230740070343,0.13907691836357117
YMR036C,YPR173C,0,-4.7409534,0.33087149262428284,0.689230740070343,0.13938461244106293
YOR038C,YOR129C,0,-4.7411857,0.3303834795951843,0.689230740070343,0.1396923065185547
YOL012C,YBR022W,0,-4.7421803,0.3298968970775604,0.689230740070343,0.14000000059604645
YKR054C,YNL151C,0,-4.7444105,0.3294117748737335,0.689230740070343,0.1403076946735382
YPL227C,YDR096W,0,-4.7462664,0.32892805337905884,0.689230740070343,0.14061538875102997
YAL010C,YIL039W,0,-4.7474847,0.32844576239585876,0.689230740070343,0.14092308282852173
YJL092W,YIL173W,0,-4.7488,0.3279648721218109,0.689230740070343,0.1412307620048523
YOL017W,YPL121C,0,-4.748912,0.3274853825569153,0.689230740070343,0.14153845608234406
YKR068C,YHL003C,0,-4.7497277,0.3270072937011719,0.689230740070343,0.14184615015983582
YBL040C,YLR107W,0,-4.752794,0.3265306055545807,0.689230740070343,0.14215384423732758
YKR024C,YOL017W,0,-4.753004,0.3260553181171417,0.689230740070343,0.14246153831481934
YHR188C,YLR337C,0,-4.7533927,0.3255814015865326,0.689230740070343,0.1427692323923111
YBR057C,YJR068W,1,-4.753672,0.32656022906303406,0.692307710647583,0.1427692323923111
YIL046W,YNL309W,0,-4.758324,0.32608696818351746,0.692307710647583,0.14307692646980286
YDR440W,YKR090W,0,-4.7596545,0.3256150484085083,0.692307710647583,0.14338462054729462
YNL128W,YJR135W-A,0,-4.76055,0.325144499540329,0.692307710647583,0.14369231462478638
YPR103W,YGL243W,0,-4.7623315,0.3246753215789795,0.692307710647583,0.14399999380111694
YOR299W,YBR131W,0,-4.765161,0.32420748472213745,0.692307710647583,0.1443076878786087
YNL192W,YJR031C,0,-4.765533,0.32374101877212524,0.692307710647583,0.14461538195610046
YLR103C,YJR046W,1,-4.7718463,0.3247126340866089,0.6953846216201782,0.14461538195610046
YGL116W,YGL048C,0,-4.77233,0.32424676418304443,0.6953846216201782,0.14492307603359222
YGR254W,YLR447C,0,-4.7735677,0.3237822353839874,0.6953846216201782,0.14523077011108398
YNL199C,YNL257C,0,-4.779543,0.3233190178871155,0.6953846216201782,0.14553846418857574
YGL044C,YOR129C,0,-4.7801843,0.322857141494751,0.6953846216201782,0.1458461582660675
YMR033W,YDR378C,0,-4.7814517,0.32239657640457153,0.6953846216201782,0.14615385234355927
YOL146W,YLR003C,1,-4.782781,0.3233618140220642,0.6984615325927734,0.14615385234355927
YJR068W,YLR003C,1,-4.782826,0.3243243098258972,0.7015384435653687,0.14615385234355927
YJR006W,YJR046W,1,-4.783755,0.32528409361839294,0.7046154141426086,0.14615385234355927
YNL021W,YKR003W,0,-4.7837667,0.32482269406318665,0.7046154141426086,0.14646153151988983
YLR303W,YOL110W,0,-4.7875285,0.3243626058101654,0.7046154141426086,0.1467692255973816
YIR002C,YDL106C,0,-4.787539,0.3239038288593292,0.7046154141426086,0.14707691967487335
YBR297W,YGR169C,0,-4.7910047,0.3234463334083557,0.7046154141426086,0.1473846137523651
YMR061W,YOR004W,0,-4.791241,0.3229901194572449,0.7046154141426086,0.14769230782985687
YAL056W,YNL012W,0,-4.792881,0.3225352168083191,0.7046154141426086,0.14800000190734863
YHL003C,YFR040W,0,-4.797116,0.3220815658569336,0.7046154141426086,0.1483076959848404
YHR031C,YJR046W,1,-4.7987895,0.32303372025489807,0.7076923251152039,0.1483076959848404
YMR231W,YJR033C,0,-4.7998595,0.32258063554763794,0.7076923251152039,0.14861539006233215
YML065W,YIL066C,1,-4.8009872,0.3235294222831726,0.7107692360877991,0.14861539006233215
YBR042C,YLR264W,0,-4.8053617,0.32307693362236023,0.7107692360877991,0.1489230841398239
YMR044W,YJL059W,0,-4.809829,0.32262569665908813,0.7107692360877991,0.14923076331615448
YPL255W,YKL040C,0,-4.814853,0.3221757411956787,0.7107692360877991,0.14953845739364624
YGL173C,YIL139C,0,-4.815949,0.3217270076274872,0.7107692360877991,0.149846151471138
YPL012W,YGL162W,0,-4.818599,0.3212795555591583,0.7107692360877991,0.15015384554862976
YER146W,YNL299W,0,-4.8186355,0.32083332538604736,0.7107692360877991,0.15046153962612152
YOR321W,YLR139C,0,-4.820627,0.3203883469104767,0.7107692360877991,0.15076923370361328
YGL005C,YCR089W,0,-4.825454,0.3199445903301239,0.7107692360877991,0.15107692778110504
YPR162C,YML069W,1,-4.8260765,0.32088521122932434,0.7138461470603943,0.15107692778110504
YPL227C,YJL124C,0,-4.8261104,0.32044199109077454,0.7138461470603943,0.1513846218585968
YOL017W,YCR089W,0,-4.8273263,0.3199999928474426,0.7138461470603943,0.15169230103492737
YGL020C,YKL012W,0,-4.830053,0.3195592164993286,0.7138461470603943,0.15199999511241913
YGL135W,YDR477W,0,-4.831428,0.3191196620464325,0.7138461470603943,0.1523076891899109
YKR063C,YPL138C,0,-4.8328567,0.3186813294887543,0.7138461470603943,0.15261538326740265
YGR217W,YLR264W,0,-4.835669,0.31824415922164917,0.7138461470603943,0.1529230773448944
YHR024C,YGL087C,0,-4.8360405,0.31780821084976196,0.7138461470603943,0.15323077142238617
YOL008W,YGL045W,0,-4.8378024,0.31737345457077026,0.7138461470603943,0.15353846549987793
YKL045W,YOL146W,1,-4.8397417,0.31830599904060364,0.7169230580329895,0.15353846549987793
YOL082W,YDL059C,0,-4.842167,0.31787174940109253,0.7169230580329895,0.1538461595773697
YNL012W,YGR144W,0,-4.8423715,0.31743869185447693,0.7169230580329895,0.15415383875370026
YPR183W,YNL151C,0,-4.8431773,0.31700679659843445,0.7169230580329895,0.15446153283119202
YFL024C,YML059C,0,-4.844461,0.3165760934352875,0.7169230580329895,0.15476922690868378
YML069W,YLR003C,1,-4.8468223,0.3175033926963806,0.7200000286102295,0.15476922690868378
YLR098C,YER123W,0,-4.84786,0.31707316637039185,0.7200000286102295,0.15507692098617554
YGL066W,YBL106C,0,-4.8491225,0.3166441023349762,0.7200000286102295,0.1553846150636673
YER007W,YGR212W,0,-4.8501225,0.31621623039245605,0.7200000286102295,0.15569230914115906
YJR160C,YLR067C,0,-4.8503027,0.31578946113586426,0.7200000286102295,0.15600000321865082
YLR433C,YLR435W,0,-4.8517585,0.31536388397216797,0.7200000286102295,0.15630769729614258
YBL040C,YDL236W,0,-4.8569884,0.3149394392967224,0.7200000286102295,0.15661539137363434
YLR285W,YOR191W,0,-4.8571405,0.3145161271095276,0.7200000286102295,0.1569230705499649
YOL008W,YGR185C,0,-4.858786,0.3140939474105835,0.7200000286102295,0.15723076462745667
YLR459W,YOL110W,0,-4.860026,0.3136729300022125,0.7200000286102295,0.15753845870494843
YMR288W,YBR221C,0,-4.860581,0.3132530152797699,0.7200000286102295,0.15784615278244019
YBL040C,YIR002C,0,-4.8621526,0.312834233045578,0.7200000286102295,0.15815384685993195
YJR046W,YNL273W,1,-4.8637853,0.3137516677379608,0.7230769395828247,0.15815384685993195
YIL105C,YDR532C,0,-4.8649316,0.31333333253860474,0.7230769395828247,0.1584615409374237
YJL209W,YOR129C,0,-4.865028,0.312916100025177,0.7230769395828247,0.15876923501491547
YIL044C,YGL067W,0,-4.865957,0.3125,0.7230769395828247,0.15907692909240723
YLR274W,YIL066C,1,-4.8679895,0.31341302394866943,0.7261538505554199,0.15907692909240723
YBL040C,YPL124W,0,-4.8680077,0.31299734115600586,0.7261538505554199,0.1593846082687378
YNL003C,YCR037C,0,-4.868039,0.312582790851593,0.7261538505554199,0.15969230234622955
YPL194W,YDR293C,0,-4.8703713,0.31216931343078613,0.7261538505554199,0.1599999964237213
YML065W,YJR046W,1,-4.8735876,0.3130779266357422,0.7292307615280151,0.1599999964237213
YBL040C,YLR316C,0,-4.8754435,0.3126648962497711,0.7292307615280151,0.16030769050121307
YOL059W,YNL264C,0,-4.876874,0.3122529685497284,0.7292307615280151,0.16061538457870483
YGR109C,YLR003C,1,-4.8783593,0.3131578862667084,0.7323076725006104,0.16061538457870483
YNL227C,YJL050W,0,-4.878963,0.3127463757991791,0.7323076725006104,0.1609230786561966
YHR143W-A,YOR004W,0,-4.879115,0.3123359680175781,0.7323076725006104,0.16123077273368835
YIR025W,YJL053W,0,-4.8805704,0.31192660331726074,0.7323076725006104,0.16153846681118011
YHR062C,YMR077C,0,-4.884231,0.3115183115005493,0.7323076725006104,0.16184616088867188
YBR042C,YJL035C,0,-4.8843503,0.31111112236976624,0.7323076725006104,0.16215384006500244
YDR469W,YDR227W,0,-4.8844657,0.31070494651794434,0.7323076725006104,0.1624615341424942
YGR109C,YNL290W,1,-4.887562,0.3116036653518677,0.7353846430778503,0.1624615341424942
YER018C,YML025C,0,-4.8886833,0.3111979067325592,0.7353846430778503,0.16276922821998596
YER148W,YJL164C,0,-4.889348,0.3107932507991791,0.7353846430778503,0.16307692229747772
YPL241C,YGR200C,0,-4.8895426,0.31038960814476013,0.7353846430778503,0.16338461637496948
YIL010W,YPL124W,0,-4.8913846,0.30998703837394714,0.7353846430778503,0.16369231045246124
YLR274W,YJR046W,1,-4.894446,0.3108808398246765,0.7384615540504456,0.16369231045246124
YDL100C,YDR486C,0,-4.896305,0.31047865748405457,0.7384615540504456,0.164000004529953
YLR033W,YNL047C,0,-4.9038887,0.3100775182247162,0.7384615540504456,0.16430769860744476
YPL255W,YMR014W,0,-4.905091,0.3096774220466614,0.7384615540504456,0.16461537778377533
YJR057W,YIL066C,1,-4.905096,0.3105670213699341,0.7415384650230408,0.16461537778377533
YFL031W,YDR317W,0,-4.9057975,0.3101673126220703,0.7415384650230408,0.1649230718612671
YOR080W,YKL017C,1,-4.906983,0.311053991317749,0.744615375995636,0.1649230718612671
YNL161W,YMR268C,0,-4.907752,0.3106546998023987,0.744615375995636,0.16523076593875885
YJR064W,YDR240C,0,-4.9080987,0.3102564215660095,0.744615375995636,0.1655384600162506
YPR201W,YDL198C,0,-4.9103603,0.30985915660858154,0.744615375995636,0.16584615409374237
YNL004W,YDR477W,0,-4.91202,0.30946290493011475,0.744615375995636,0.16615384817123413
YDR206W,YJR097W,0,-4.9126883,0.3090676963329315,0.744615375995636,0.1664615422487259
YJR084W,YJR135C,0,-4.9180717,0.3086734712123871,0.744615375995636,0.16676923632621765
YKL008C,YOR137C,0,-4.9198384,0.30828025937080383,0.744615375995636,0.1670769304037094
YGL061C,YIL073C,0,-4.9211974,0.3078880310058594,0.744615375995636,0.16738460958003998
YPR120C,YDR097C,1,-4.9212704,0.3087674677371979,0.7476922869682312,0.16738460958003998
YGL071W,YOR304W,0,-4.9220357,0.30837562680244446,0.7476922869682312,0.16769230365753174
YGL126W,YLR292C,0,-4.9228716,0.3079847991466522,0.7476922869682312,0.1679999977350235
YPR122W,YBR253W,0,-4.92333,0.3075949251651764,0.7476922869682312,0.16830769181251526
YGR040W,YKR063C,0,-4.9247146,0.30720606446266174,0.7476922869682312,0.16861538589000702
YPR162C,YIL066C,1,-4.9249988,0.3080808222293854,0.7507692575454712,0.16861538589000702
YDR414C,YAL025C,0,-4.9274416,0.3076923191547394,0.7507692575454712,0.16892307996749878
YMR036C,YOR367W,0,-4.9295087,0.3073047995567322,0.7507692575454712,0.16923077404499054
YPL149W,YLR033W,0,-4.9319634,0.3069182336330414,0.7507692575454712,0.1695384681224823
YLR320W,YPR198W,0,-4.932669,0.3065326511859894,0.7507692575454712,0.16984614729881287
YHL047C,YCR037C,0,-4.9346795,0.30614805221557617,0.7507692575454712,0.17015384137630463
YPL169C,YDR146C,0,-4.935065,0.30576440691947937,0.7507692575454712,0.1704615354537964
YCR067C,YOR060C,0,-4.9386363,0.305381715297699,0.7507692575454712,0.17076922953128815
YGL174W,YBR254C,0,-4.943974,0.3050000071525574,0.7507692575454712,0.1710769236087799
YJR084W,YER012W,0,-4.9446416,0.3046192228794098,0.7507692575454712,0.17138461768627167
YDR106W,YBR168W,0,-4.9459147,0.3042393922805786,0.7507692575454712,0.17169231176376343
YPL048W,YMR202W,0,-4.948094,0.30386051535606384,0.7507692575454712,0.1720000058412552
YPL069C,YNL099C,0,-4.9490066,0.3034825921058655,0.7507692575454712,0.17230768501758575
YKR054C,YDL116W,0,-4.9497724,0.30310559272766113,0.7507692575454712,0.17261537909507751
YPR008W,YKL012W,0,-4.94992,0.3027295172214508,0.7507692575454712,0.17292307317256927
YLR033W,YOR004W,0,-4.9511957,0.3023543953895569,0.7507692575454712,0.17323076725006104
YIR010W,YIR002C,0,-4.9537797,0.301980197429657,0.7507692575454712,0.1735384613275528
YBR196C,YDL055C,0,-4.956369,0.3016069233417511,0.7507692575454712,0.17384615540504456
YMR288W,YLR260W,0,-4.957205,0.30123457312583923,0.7507692575454712,0.17415384948253632
YIR004W,YMR061W,0,-4.9591274,0.3008631467819214,0.7507692575454712,0.17446154356002808
YML071C,YBR123C,0,-4.9603963,0.30049261450767517,0.7507692575454712,0.17476923763751984
YGL106W,YDR362C,0,-4.9610715,0.300123006105423,0.7507692575454712,0.1750769168138504
YHR183W,YOL089C,0,-4.96456,0.2997542917728424,0.7507692575454712,0.17538461089134216
YGR040W,YML061C,0,-4.9658394,0.29938650131225586,0.7507692575454712,0.17569230496883392
YMR288W,YDR281C,0,-4.966019,0.29901960492134094,0.7507692575454712,0.17599999904632568
YOR038C,YPL098C,0,-4.9661965,0.29865360260009766,0.7507692575454712,0.17630769312381744
YDR037W,YBR123C,0,-4.97255,0.298288494348526,0.7507692575454712,0.1766153872013092
YDR143C,YJL164C,0,-4.9732146,0.29792430996894836,0.7507692575454712,0.17692308127880096
YPL126W,YGR169C,0,-4.975556,0.29756098985671997,0.7507692575454712,0.17723077535629272
YOR321W,YDL059C,0,-4.9755707,0.2971985340118408,0.7507692575454712,0.1775384545326233
YOR130C,YBR223C,0,-4.976872,0.2968369722366333,0.7507692575454712,0.17784614861011505
YJL101C,YGL049C,0,-4.977501,0.2964763045310974,0.7507692575454712,0.1781538426876068
YOL078W,YGR074W,0,-4.978542,0.29611650109291077,0.7507692575454712,0.17846153676509857
YPR120C,YKL045W,1,-4.9791355,0.2969697117805481,0.7538461685180664,0.17846153676509857
YIR021W,YJL166W,0,-4.981724,0.29661017656326294,0.7538461685180664,0.17876923084259033
YPR120C,YLR003C,1,-4.9836555,0.2974607050418854,0.7569230794906616,0.17876923084259033
YGL066W,YLR086W,0,-4.9856467,0.2971014380455017,0.7569230794906616,0.1790769249200821
YDR146C,YMR077C,0,-4.985664,0.2967430651187897,0.7569230794906616,0.17938461899757385
YPL227C,YBL013W,0,-4.986544,0.2963855564594269,0.7569230794906616,0.1796923130750656
YNR074C,YBL040C,0,-4.9865704,0.29602888226509094,0.7569230794906616,0.18000000715255737
YBL045C,YPL262W,0,-4.986752,0.29567307233810425,0.7569230794906616,0.18030768632888794
YML107C,YOL054W,0,-4.987443,0.2953181266784668,0.7569230794906616,0.1806153804063797
YML071C,YOL116W,0,-4.98802,0.2949640154838562,0.7569230794906616,0.18092307448387146
YLR015W,YPR067W,0,-4.9889417,0.29461076855659485,0.7569230794906616,0.18123076856136322
YGR217W,YAL025C,0,-4.9889483,0.29425838589668274,0.7569230794906616,0.18153846263885498
YPL063W,YMR077C,0,-4.99002,0.2939068078994751,0.7569230794906616,0.18184615671634674
YIL066C,YNL273W,1,-4.991261,0.2947494089603424,0.7599999904632568,0.18184615671634674
YBR041W,YMR022W,0,-4.991826,0.29439809918403625,0.7599999904632568,0.1821538507938385
YLR397C,YPL138C,0,-4.99415,0.29404762387275696,0.7599999904632568,0.18246154487133026
YGL067W,YNL016W,0,-4.9947257,0.2936979830265045,0.7599999904632568,0.18276922404766083
YPL195W,YPL011C,0,-4.9953036,0.29334917664527893,0.7599999904632568,0.1830769181251526
YPR162C,YJR046W,1,-4.996244,0.29418742656707764,0.763076901435852,0.1830769181251526
YBR279W,YDR280W,0,-4.998217,0.29383885860443115,0.763076901435852,0.18338461220264435
YNL075W,YFL002C,0,-4.9989953,0.2934911251068115,0.763076901435852,0.1836923062801361
YPL181W,YDR459C,0,-4.9995165,0.29314419627189636,0.763076901435852,0.18400000035762787
YFL031W,YOL093W,0,-5.001366,0.29279810190200806,0.763076901435852,0.18430769443511963
YOL147C,YJL087C,0,-5.003457,0.2924528419971466,0.763076901435852,0.1846153885126114
YNL016W,YHR062C,0,-5.0045457,0.29210835695266724,0.763076901435852,0.18492308259010315
YNL221C,YDR495C,0,-5.0052905,0.2917647063732147,0.763076901435852,0.1852307766675949
YHR059W,YCR073W-A,0,-5.0064244,0.2914218604564667,0.763076901435852,0.18553845584392548
YLR433C,YBR004C,0,-5.01148,0.2910798192024231,0.763076901435852,0.18584614992141724
YJL050W,YDR362C,0,-5.0116286,0.290738582611084,0.763076901435852,0.186153843998909
YNR074C,YGL116W,0,-5.0138574,0.29039812088012695,0.763076901435852,0.18646153807640076
YDL166C,YHR083W,0,-5.014296,0.2900584936141968,0.763076901435852,0.18676923215389252
YDL227C,YHR186C,0,-5.0144353,0.2897196114063263,0.763076901435852,0.18707692623138428
YOL146W,YJR046W,1,-5.0146036,0.2905484139919281,0.766153872013092,0.18707692623138428
YKR057W,YPR198W,0,-5.0162177,0.2902098000049591,0.766153872013092,0.18738462030887604
YNL161W,YOL144W,0,-5.0167756,0.2898719310760498,0.766153872013092,0.1876923143863678
YDR288W,YDR028C,0,-5.0200286,0.28953489661216736,0.766153872013092,0.18799999356269836
YFR040W,YPL130W,0,-5.0224967,0.2891986072063446,0.766153872013092,0.18830768764019012
YLR292C,YKL196C,0,-5.022674,0.2888631224632263,0.766153872013092,0.18861538171768188
YLR106C,YDR137W,0,-5.0227685,0.2885283827781677,0.766153872013092,0.18892307579517365
YJL198W,YOR275C,0,-5.0228477,0.2881944477558136,0.766153872013092,0.1892307698726654
YDR263C,YDR283C,0,-5.024374,0.28786125779151917,0.766153872013092,0.18953846395015717
YGR083C,YGL044C,0,-5.0253105,0.2875288724899292,0.766153872013092,0.18984615802764893
YBR221C,YLR272C,0,-5.0276637,0.2871972322463989,0.766153872013092,0.19015385210514069
YLR292C,YOL110W,0,-5.027717,0.28686636686325073,0.766153872013092,0.19046153128147125
YGL236C,YIL105C,0,-5.0293345,0.28653624653816223,0.766153872013092,0.190769225358963
YDL227C,YDL105W,0,-5.032604,0.2862069010734558,0.766153872013092,0.19107691943645477
YMR311C,YHR148W,0,-5.0327325,0.2858783006668091,0.766153872013092,0.19138461351394653
YBR081C,YIL144W,0,-5.033099,0.28555044531822205,0.766153872013092,0.1916923075914383
YBL013W,YGL173C,0,-5.0344205,0.2852233648300171,0.766153872013092,0.19200000166893005
YFL031W,YNL075W,0,-5.0351353,0.2848970293998718,0.766153872013092,0.19230769574642181
YGR109C,YJR046W,1,-5.0354247,0.2857142984867096,0.7692307829856873,0.19230769574642181
YJL122W,YBR098W,0,-5.036553,0.28538814187049866,0.7692307829856873,0.19261538982391357
YPL121C,YNL253W,0,-5.0367885,0.285062700510025,0.7692307829856873,0.19292308390140533
YPL160W,YPL194W,0,-5.037269,0.28473803400993347,0.7692307829856873,0.1932307630777359
YHL003C,YNL201C,0,-5.037292,0.2844141125679016,0.7692307829856873,0.19353845715522766
YDR317W,YJL104W,0,-5.0391684,0.28409090638160706,0.7692307829856873,0.19384615123271942
YDR499W,YNL097C,0,-5.04022,0.2837684452533722,0.7692307829856873,0.19415384531021118
YGR060W,YER178W,0,-5.040263,0.28344669938087463,0.7692307829856873,0.19446153938770294
YFL024C,YKL144C,0,-5.0404224,0.28312569856643677,0.7692307829856873,0.1947692334651947
YPL169C,YPR121W,0,-5.0434313,0.2828054428100586,0.7692307829856873,0.19507692754268646
YAL031C,YLR086W,0,-5.047341,0.28248587250709534,0.7692307829856873,0.19538462162017822
YDR490C,YOL128C,0,-5.0486565,0.2821670472621918,0.7692307829856873,0.1956923007965088
YOL088C,YJL098W,0,-5.05129,0.2818489372730255,0.7692307829856873,0.19599999487400055
YLR170C,YDR495C,0,-5.0541167,0.28153154253959656,0.7692307829856873,0.1963076889514923
YHR031C,YLR003C,1,-5.054564,0.2823397219181061,0.7723076939582825,0.1963076889514923
YDR527W,YLR139C,0,-5.0555196,0.28202247619628906,0.7723076939582825,0.19661538302898407
YGR109C,YIL066C,1,-5.0560374,0.28282827138900757,0.7753846049308777,0.19661538302898407
YPL180W,YPL122C,0,-5.0577736,0.2825112044811249,0.7753846049308777,0.19692307710647583
YNL290W,YIL066C,1,-5.058554,0.28331467509269714,0.7784615159034729,0.19692307710647583
YDL226C,YCR008W,0,-5.059836,0.2829977571964264,0.7784615159034729,0.1972307711839676
YMR014W,YCR089W,0,-5.064215,0.28268155455589294,0.7784615159034729,0.19753846526145935
YKL040C,YOR129C,0,-5.0647893,0.2823660671710968,0.7784615159034729,0.1978461593389511
YBR170C,YLR191W,0,-5.065734,0.28205129504203796,0.7784615159034729,0.19815385341644287
YDR182W,YOR301W,0,-5.066087,0.28173720836639404,0.7784615159034729,0.19846153259277344
YLR028C,YHR102W,0,-5.0667796,0.28142380714416504,0.7784615159034729,0.1987692266702652
YOR299W,YIL014W,0,-5.0686164,0.28111112117767334,0.7784615159034729,0.19907692074775696
YBR098W,YGR276C,0,-5.0695424,0.28079912066459656,0.7784615159034729,0.19938461482524872
YJR118C,YDL112W,0,-5.07025,0.2804878056049347,0.7784615159034729,0.19969230890274048
YNL166C,YKR024C,0,-5.073281,0.28017717599868774,0.7784615159034729,0.20000000298023224
YLR085C,YBR199W,0,-5.0751805,0.2798672616481781,0.7784615159034729,0.200307697057724
YNL317W,YML061C,0,-5.0754523,0.279558002948761,0.7784615159034729,0.20061539113521576
YBR021W,YDL090C,0,-5.075778,0.2792494595050812,0.7784615159034729,0.20092307031154633
YKL045W,YJR046W,1,-5.076961,0.2800441086292267,0.7815384864807129,0.20092307031154633
YMR312W,YGL048C,0,-5.080756,0.2797356843948364,0.7815384864807129,0.20123076438903809
YLR423C,YJL060W,0,-5.0819244,0.2794279456138611,0.7815384864807129,0.20153845846652985
YGL095C,YLR337C,0,-5.083776,0.27912089228630066,0.7815384864807129,0.2018461525440216
YPL069C,YJL109C,0,-5.0854626,0.27881449460983276,0.7815384864807129,0.20215384662151337
YEL036C,YBR131W,0,-5.0905757,0.2785087823867798,0.7815384864807129,0.20246154069900513
YPR201W,YOR257W,0,-5.0907893,0.27820372581481934,0.7815384864807129,0.2027692347764969
YHR079C-A,YDR486C,0,-5.0912166,0.2778993546962738,0.7815384864807129,0.20307692885398865
YBR057C,YHR031C,1,-5.091268,0.2786885201931,0.7846153974533081,0.20307692885398865
YLR397C,YNL173C,0,-5.0944552,0.278384268283844,0.7846153974533081,0.2033846080303192
YBR021W,YDR228C,0,-5.097716,0.27808070182800293,0.7846153974533081,0.20369230210781097
YPR162C,YJR068W,1,-5.099016,0.27886709570884705,0.7876923084259033,0.20369230210781097
YDL132W,YDR244W,0,-5.099716,0.27856364846229553,0.7876923084259033,0.20399999618530273
YLR459W,YMR140W,0,-5.1011624,0.27826085686683655,0.7876923084259033,0.2043076902627945
YHR204W,YHR027C,0,-5.1011996,0.2779587507247925,0.7876923084259033,0.20461538434028625
YPL121C,YPL233W,0,-5.1012197,0.27765727043151855,0.7876923084259033,0.20492307841777802
YOR269W,YER018C,0,-5.1023335,0.27735644578933716,0.7876923084259033,0.20523077249526978
YLR105C,YAL001C,0,-5.10797,0.2770562767982483,0.7876923084259033,0.20553846657276154
YAL058W,YIL139C,0,-5.108009,0.27675676345825195,0.7876923084259033,0.2058461606502533
YMR116C,YLR350W,0,-5.1100125,0.27645787596702576,0.7876923084259033,0.20615383982658386
YPR008W,YLR086W,0,-5.1104646,0.2761596441268921,0.7876923084259033,0.20646153390407562
YDR511W,YNL207W,0,-5.110507,0.27586206793785095,0.7876923084259033,0.20676922798156738
YLR433C,YOR290C,0,-5.1113806,0.27556511759757996,0.7876923084259033,0.20707692205905914
YLR286C,YER022W,0,-5.1126113,0.2752688229084015,0.7876923084259033,0.2073846161365509
YLR206W,YGL066W,0,-5.1127415,0.27497315406799316,0.7876923084259033,0.20769231021404266
YJR082C,YBR170C,0,-5.114385,0.274678111076355,0.7876923084259033,0.20800000429153442
YGR116W,YPL122C,0,-5.1167912,0.27438369393348694,0.7876923084259033,0.20830769836902618
YJR040W,YPL121C,0,-5.117151,0.2740899324417114,0.7876923084259033,0.20861537754535675
YDL243C,YMR054W,0,-5.119436,0.27379679679870605,0.7876923084259033,0.2089230716228485
YDR270W,YDR265W,0,-5.120343,0.2735042870044708,0.7876923084259033,0.20923076570034027
YAL003W,YDL245C,0,-5.1215453,0.27321237325668335,0.7876923084259033,0.20953845977783203
YDR376W,YGR083C,0,-5.121801,0.2729211151599884,0.7876923084259033,0.2098461538553238
YHR148W,YPR163C,0,-5.1218047,0.2726304531097412,0.7876923084259033,0.21015384793281555
YLR201C,YDR281C,0,-5.1234975,0.27234041690826416,0.7876923084259033,0.2104615420103073
YPR113W,YBR223C,0,-5.1243773,0.27205100655555725,0.7876923084259033,0.21076923608779907
YPL130W,YDR486C,0,-5.12779,0.2717622220516205,0.7876923084259033,0.21107693016529083
YOL089C,YIL122W,0,-5.1293902,0.27147403359413147,0.7876923084259033,0.2113846093416214
YDR424C,YIL009C-A,0,-5.132085,0.2711864411830902,0.7876923084259033,0.21169230341911316
YKL172W,YPL140C,0,-5.132175,0.2708994746208191,0.7876923084259033,0.21199999749660492
YDL166C,YDR200C,0,-5.1330786,0.2706131041049957,0.7876923084259033,0.21230769157409668
YNR038W,YJL050W,0,-5.136479,0.2703273594379425,0.7876923084259033,0.21261538565158844
YLR433C,YNR031C,0,-5.1365485,0.27004218101501465,0.7876923084259033,0.2129230797290802
YGL099W,YMR037C,0,-5.1370344,0.26975762844085693,0.7876923084259033,0.21323077380657196
YGL246C,YMR077C,0,-5.137099,0.269473671913147,0.7876923084259033,0.21353846788406372
YGL201C,YLR003C,1,-5.1371593,0.2702418565750122,0.7907692193984985,0.21353846788406372
YKR027W,YJL091C,0,-5.139558,0.2699579894542694,0.7907692193984985,0.2138461470603943
YOL023W,YML005W,0,-5.1397014,0.26967471837997437,0.7907692193984985,0.21415384113788605
YPL149W,YNR032W,0,-5.1403537,0.2693920433521271,0.7907692193984985,0.2144615352153778
YLR303W,YML005W,0,-5.140848,0.26910993456840515,0.7907692193984985,0.21476922929286957
YDR182W,YOL116W,0,-5.141357,0.26882845163345337,0.7907692193984985,0.21507692337036133
YPL227C,YGR225W,0,-5.1416965,0.26854753494262695,0.7907692193984985,0.2153846174478531
YPR120C,YOL146W,1,-5.142754,0.2693110704421997,0.7938461303710938,0.2153846174478531
YDR236C,YNL257C,0,-5.1501756,0.26903024315834045,0.7938461303710938,0.21569231152534485
YBR171W,YKL196C,0,-5.1522293,0.26875001192092896,0.7938461303710938,0.2160000056028366
YBR207W,YCR057C,0,-5.152701,0.2684703469276428,0.7938461303710938,0.21630769968032837
YMR022W,YDL112W,0,-5.153709,0.26819127798080444,0.7938461303710938,0.21661537885665894
YOL026C,YCR008W,0,-5.15397,0.26791277527809143,0.7938461303710938,0.2169230729341507
YOL128C,YLR298C,0,-5.1562777,0.26763486862182617,0.7938461303710938,0.21723076701164246
YMR113W,YNL227C,0,-5.158365,0.2673574984073639,0.7938461303710938,0.21753846108913422
YPL200W,YNL160W,0,-5.158881,0.26708075404167175,0.7938461303710938,0.21784615516662598
YGL058W,YMR095C,0,-5.159058,0.2668045461177826,0.7938461303710938,0.21815384924411774
YDR173C,YPL181W,0,-5.160815,0.2665289342403412,0.7938461303710938,0.2184615433216095
YPL069C,YIL046W,0,-5.160958,0.26625385880470276,0.7938461303710938,0.21876923739910126
YLR433C,YGL061C,0,-5.1633177,0.2659793794155121,0.7938461303710938,0.21907691657543182
YHR183W,YOR095C,0,-5.167087,0.2657054662704468,0.7938461303710938,0.21938461065292358
YOR038C,YOR007C,0,-5.1692157,0.26543208956718445,0.7938461303710938,0.21969230473041534
YNL264C,YDL106C,0,-5.169311,0.2651593089103699,0.7938461303710938,0.2199999988079071
YFL034C-B,YGR009C,0,-5.170944,0.2648870646953583,0.7938461303710938,0.22030769288539886
YPR029C,YPL069C,0,-5.1715617,0.26461538672447205,0.7938461303710938,0.22061538696289062
YNR074C,YIL105C,0,-5.1761274,0.2643442749977112,0.7938461303710938,0.22092308104038239
YLR303W,YPL180W,0,-5.1764693,0.2640736997127533,0.7938461303710938,0.22123077511787415
YGR254W,YER087C-B,0,-5.180733,0.2638036906719208,0.7938461303710938,0.2215384542942047
YPR199C,YMR055C,0,-5.180977,0.26353421807289124,0.7938461303710938,0.22184614837169647
YJL099W,YNL207W,0,-5.181106,0.26326531171798706,0.7938461303710938,0.22215384244918823
YOR211C,YPR121W,0,-5.1823573,0.26299694180488586,0.7938461303710938,0.22246153652668
YDL035C,YGR086C,0,-5.1870365,0.26272913813591003,0.7938461303710938,0.22276923060417175
YDR499W,YGR296W,0,-5.18869,0.2624618411064148,0.7938461303710938,0.2230769246816635
YJR135C,YDR409W,0,-5.189755,0.2621951103210449,0.7938461303710938,0.22338461875915527
YFR041C,YOL089C,0,-5.1899734,0.2619289457798004,0.7938461303710938,0.22369231283664703
YOL110W,YER074W-A,0,-5.191235,0.2616632878780365,0.7938461303710938,0.2240000069141388
YKL114C,YER146W,0,-5.1914325,0.26139816641807556,0.7938461303710938,0.22430768609046936
YPL160W,YDR499W,0,-5.1929436,0.26113361120224,0.7938461303710938,0.22461538016796112
YBL041W,YDR532C,0,-5.193675,0.260869562625885,0.7938461303710938,0.22492307424545288
YMR049C,YAL047C,0,-5.194443,0.260606050491333,0.7938461303710938,0.22523076832294464
YOR078W,YIL073C,0,-5.194776,0.260343074798584,0.7938461303710938,0.2255384624004364
YHR024C,YDR135C,0,-5.194985,0.26008063554763794,0.7938461303710938,0.22584615647792816
YPL181W,YKL175W,0,-5.1977797,0.2598187327384949,0.7938461303710938,0.22615385055541992
YAL003W,YHR135C,0,-5.1994386,0.2595573365688324,0.7938461303710938,0.22646154463291168
YKL053C-A,YPL029W,0,-5.202623,0.2592964768409729,0.7938461303710938,0.22676922380924225
YGL174W,YPL147W,0,-5.2070594,0.2590361535549164,0.7938461303710938,0.227076917886734
YFL024C,YBR123C,0,-5.209748,0.25877633690834045,0.7938461303710938,0.22738461196422577
YPR183W,YPL233W,0,-5.2120714,0.2585170269012451,0.7938461303710938,0.22769230604171753
YLR342W,YLR372W,0,-5.2134705,0.25825825333595276,0.7938461303710938,0.2280000001192093
YBR167C,YOR275C,0,-5.2145405,0.257999986410141,0.7938461303710938,0.22830769419670105
YLR085C,YOR137C,0,-5.214556,0.2577422559261322,0.7938461303710938,0.2286153882741928
YMR288W,YMR039C,0,-5.2160964,0.257485032081604,0.7938461303710938,0.22892308235168457
YCR094W,YGL137W,0,-5.2167716,0.2572283148765564,0.7938461303710938,0.22923077642917633
YML005W,YLR337C,0,-5.2195034,0.2569721043109894,0.7938461303710938,0.2295384556055069
YNL192W,YGL061C,0,-5.219773,0.25671643018722534,0.7938461303710938,0.22984614968299866
YJR064W,YOR290C,0,-5.2211294,0.2564612329006195,0.7938461303710938,0.23015384376049042
YFL050C,YNL264C,0,-5.2221584,0.25620654225349426,0.7938461303710938,0.23046153783798218
YBR168W,YBR092C,0,-5.223209,0.255952388048172,0.7938461303710938,0.23076923191547394
YJL060W,YNL317W,0,-5.22364,0.25569871068000793,0.7938461303710938,0.2310769259929657
YGL223C,YIR012W,0,-5.2252727,0.25544553995132446,0.7938461303710938,0.23138462007045746
YMR056C,YHR036W,0,-5.226436,0.2551928758621216,0.7938461303710938,0.23169231414794922
YGL135W,YJR004C,0,-5.2269087,0.2549407184123993,0.7938461303710938,0.23199999332427979
YAL012W,YDL116W,0,-5.2291055,0.2546890377998352,0.7938461303710938,0.23230768740177155
YJL050W,YOL110W,0,-5.2310658,0.2544378638267517,0.7938461303710938,0.2326153814792633
YIL103W,YKR054C,0,-5.2322936,0.2541871964931488,0.7938461303710938,0.23292307555675507
YPL008W,YLR097C,0,-5.2335696,0.2539370059967041,0.7938461303710938,0.23323076963424683
YPL256C,YJL092W,0,-5.2336555,0.25368732213974,0.7938461303710938,0.2335384637117386
YOR269W,YGR090W,0,-5.233934,0.2534381151199341,0.7938461303710938,0.23384615778923035
YBL042C,YOL104C,0,-5.236383,0.25318941473960876,0.7938461303710938,0.2341538518667221
YGL058W,YCR008W,0,-5.2370553,0.25294119119644165,0.7938461303710938,0.23446153104305267
YML099C,YER146W,0,-5.2380824,0.25269344449043274,0.7938461303710938,0.23476922512054443
YOR334W,YBL017C,0,-5.2383056,0.25244617462158203,0.7938461303710938,0.2350769191980362
YOL101C,YDL229W,0,-5.2436113,0.2521994113922119,0.7938461303710938,0.23538461327552795
YDL155W,YMR134W,0,-5.2436624,0.251953125,0.7938461303710938,0.23569230735301971
YHR082C,YBR058C,0,-5.2474437,0.2517073154449463,0.7938461303710938,0.23600000143051147
YJL091C,YDR200C,0,-5.248159,0.2514619827270508,0.7938461303710938,0.23630769550800323
YDL147W,YDL097C,0,-5.252309,0.2512171268463135,0.7938461303710938,0.236615389585495
YBR042C,YBR092C,0,-5.2550225,0.2509727478027344,0.7938461303710938,0.23692308366298676
YML071C,YBL106C,0,-5.2558827,0.25072887539863586,0.7938461303710938,0.23723076283931732
YIL124W,YDL069C,0,-5.2561507,0.25048545002937317,0.7938461303710938,0.23753845691680908
YAL010C,YMR039C,0,-5.2568192,0.2502424716949463,0.7938461303710938,0.23784615099430084
YNL242W,YHR036W,0,-5.25977,0.25,0.7938461303710938,0.2381538450717926
YOR004W,YML027W,0,-5.26444,0.24975799024105072,0.7938461303710938,0.23846153914928436
YHR204W,YOR137C,0,-5.2644773,0.24951644241809845,0.7938461303710938,0.23876923322677612
YOR245C,YOR130C,0,-5.2652655,0.2492753565311432,0.7938461303710938,0.23907692730426788
YMR014W,YOL145C,0,-5.2654295,0.24903474748134613,0.7938461303710938,0.23938462138175964
YHR059W,YGL212W,0,-5.2655478,0.24879460036754608,0.7938461303710938,0.2396923005580902
YLR350W,YBR058C,0,-5.266499,0.24855491518974304,0.7938461303710938,0.23999999463558197
YBR029C,YBR022W,0,-5.2668843,0.248315691947937,0.7938461303710938,0.24030768871307373
YKR024C,YKL178C,0,-5.2672086,0.2480769157409668,0.7938461303710938,0.2406153827905655
YPL259C,YLR197W,0,-5.2698145,0.24783861637115479,0.7938461303710938,0.24092307686805725
YLR266C,YDL059C,0,-5.270412,0.2476007640361786,0.7938461303710938,0.241230770945549
YGL201C,YJR046W,1,-5.2705293,0.24832214415073395,0.7969231009483337,0.241230770945549
YIL009W,YGL020C,0,-5.2719483,0.24808429181575775,0.7969231009483337,0.24153846502304077
YPR029C,YPR198W,0,-5.2723937,0.24784688651561737,0.7969231009483337,0.24184615910053253
YDR206W,YGL243W,0,-5.273496,0.247609943151474,0.7969231009483337,0.2421538531780243
YLR309C,YGR048W,0,-5.2743936,0.24737344682216644,0.7969231009483337,0.24246153235435486
YDL105W,YGR141W,0,-5.275621,0.2471373975276947,0.7969231009483337,0.24276922643184662
YMR246W,YEL054C,0,-5.2762246,0.24690181016921997,0.7969231009483337,0.24307692050933838
YHR059W,YGL066W,0,-5.2764564,0.24666666984558105,0.7969231009483337,0.24338461458683014
YOR213C,YML038C,0,-5.2779326,0.24643197655677795,0.7969231009483337,0.2436923086643219
YLR292C,YIL144W,0,-5.2788725,0.24619771540164948,0.7969231009483337,0.24400000274181366
YBR042C,YKR052C,0,-5.279919,0.245963916182518,0.7969231009483337,0.24430769681930542
YNL111C,YIL160C,0,-5.280969,0.24573054909706116,0.7969231009483337,0.24461539089679718
YJR160C,YMR268C,0,-5.282079,0.24549762904644012,0.7969231009483337,0.24492307007312775
YGL257C,YGL162W,0,-5.2854695,0.2452651560306549,0.7969231009483337,0.2452307641506195
YDR236C,YPL121C,0,-5.2861266,0.2450331151485443,0.7969231009483337,0.24553845822811127
YMR219W,YDR265W,0,-5.2876287,0.24480150640010834,0.7969231009483337,0.24584615230560303
YJR160C,YHR165C,0,-5.288243,0.24457034468650818,0.7969231009483337,0.2461538463830948
YMR202W,YHR135C,0,-5.28856,0.24433963000774384,0.7969231009483337,0.24646154046058655
YBR131W,YML038C,0,-5.289457,0.24410933256149292,0.7969231009483337,0.2467692345380783
YKL017C,YOL146W,1,-5.2932706,0.24482108652591705,0.800000011920929,0.2467692345380783
YPR120C,YJR068W,1,-5.2957873,0.24553151428699493,0.8030769228935242,0.2467692345380783
YJR057W,YNL072W,1,-5.296804,0.24624060094356537,0.8061538338661194,0.2467692345380783
YJL124C,YBR123C,0,-5.2970867,0.24600939452648163,0.8061538338661194,0.24707692861557007
YKR027W,YNR038W,0,-5.3005023,0.24577860534191132,0.8061538338661194,0.24738462269306183
YOL104C,YBR022W,0,-5.301076,0.24554826319217682,0.8061538338661194,0.2476923018693924
YNL259C,YGL099W,0,-5.302274,0.24531835317611694,0.8061538338661194,0.24799999594688416
YGL018C,YPL011C,0,-5.3030148,0.2450888752937317,0.8061538338661194,0.24830769002437592
YNL331C,YJR031C,0,-5.3030825,0.24485981464385986,0.8061538338661194,0.24861538410186768
YPL233W,YKR003W,0,-5.304269,0.24463118612766266,0.8061538338661194,0.24892307817935944
YJR064W,YGL257C,0,-5.3056464,0.24440298974514008,0.8061538338661194,0.2492307722568512
YMR038C,YIR013C,0,-5.3065233,0.24417521059513092,0.8061538338661194,0.24953846633434296
YFL050C,YJR135C,0,-5.3082547,0.2439478635787964,0.8061538338661194,0.24984616041183472
YNL037C,YJR033C,0,-5.308977,0.24372093379497528,0.8061538338661194,0.2501538395881653
YFR055W,YAL024C,0,-5.30971,0.2434944212436676,0.8061538338661194,0.25046154856681824
YAL025C,YBR098W,0,-5.3103375,0.24326834082603455,0.8061538338661194,0.2507692277431488
YBR112C,YGR275W,0,-5.310878,0.24304267764091492,0.8061538338661194,0.25107693672180176
YNR038W,YAL010C,0,-5.311709,0.24281741678714752,0.8061538338661194,0.2513846158981323
YOR100C,YDR256C,0,-5.3117313,0.24259258806705475,0.8061538338661194,0.2516922950744629
YIR013C,YNL012W,0,-5.3128095,0.2423681765794754,0.8061538338661194,0.25200000405311584
YML071C,YDR244W,0,-5.316015,0.24214418232440948,0.8061538338661194,0.2523076832294464
YOR080W,YPR162C,1,-5.317306,0.24284395575523376,0.8092307448387146,0.2523076832294464
YML086C,YPR008W,0,-5.3214064,0.24261993169784546,0.8092307448387146,0.25261539220809937
YLR286C,YAR018C,0,-5.325026,0.2423963099718094,0.8092307448387146,0.25292307138442993
YGL071W,YDR288W,0,-5.3286023,0.24217310547828674,0.8092307448387146,0.2532307803630829
YEL066W,YDR227W,0,-5.3326654,0.24195031821727753,0.8092307448387146,0.25353845953941345
YDR361C,YBR123C,0,-5.3327985,0.24172794818878174,0.8092307448387146,0.2538461685180664
YBR057C,YPR162C,1,-5.3337455,0.24242424964904785,0.8123077154159546,0.2538461685180664
YNR038W,YDR037W,0,-5.3357606,0.24220183491706848,0.8123077154159546,0.254153847694397
YBR114W,YGR056W,0,-5.3363357,0.24197983741760254,0.8123077154159546,0.25446152687072754
YFL024C,YPR055W,0,-5.3370857,0.24175824224948883,0.8123077154159546,0.2547692358493805
YOL090W,YLR003C,1,-5.3393774,0.2424519658088684,0.8153846263885498,0.2547692358493805
YAL010C,YHR008C,0,-5.3401856,0.2422303408384323,0.8153846263885498,0.25507691502571106
YCR071C,YNL126W,0,-5.340359,0.24200913310050964,0.8153846263885498,0.255384624004364
YGL116W,YMR308C,0,-5.3404226,0.2417883276939392,0.8153846263885498,0.2556923031806946
YLL050C,YGR220C,0,-5.340822,0.24156790971755981,0.8153846263885498,0.25600001215934753
YMR055C,YJR033C,0,-5.3440146,0.24134790897369385,0.8153846263885498,0.2563076913356781
YMR219W,YIL154C,0,-5.3458714,0.24112829566001892,0.8153846263885498,0.25661537051200867
YOR245C,YLR298C,0,-5.34654,0.24090908467769623,0.8153846263885498,0.2569230794906616
YHR142W,YLR197W,0,-5.348927,0.24069027602672577,0.8153846263885498,0.2572307586669922
YLR309C,YDR288W,0,-5.3500915,0.24047186970710754,0.8153846263885498,0.25753846764564514
YBL013W,YBR123C,0,-5.3538847,0.24025385081768036,0.8153846263885498,0.2578461468219757
YLL042C,YKL002W,0,-5.355387,0.2400362342596054,0.8153846263885498,0.25815385580062866
YBR098W,YMR054W,0,-5.3574653,0.2398190051317215,0.8153846263885498,0.25846153497695923
YKR024C,YFL034C-B,0,-5.3579745,0.23960216343402863,0.8153846263885498,0.2587692439556122
YDL100C,YDL052C,0,-5.3585887,0.239385724067688,0.8153846263885498,0.25907692313194275
YGL067W,YOR367W,0,-5.360849,0.2391696721315384,0.8153846263885498,0.2593846023082733
YDL220C,YJR090C,0,-5.3616166,0.23895400762557983,0.8153846263885498,0.25969231128692627
YOL055C,YOR083W,0,-5.3639426,0.2387387454509735,0.8153846263885498,0.25999999046325684
YDL132W,YAL012W,0,-5.368602,0.23852385580539703,0.8153846263885498,0.2603076994419098
YML065W,YLR003C,1,-5.3691807,0.2392086386680603,0.818461537361145,0.2603076994419098
YCR040W,YIR025W,0,-5.3696194,0.23899370431900024,0.818461537361145,0.26061537861824036
YMR308C,YOR004W,0,-5.370768,0.23877917230129242,0.818461537361145,0.2609230875968933
YNL242W,YDR527W,0,-5.3717394,0.23856502771377563,0.818461537361145,0.2612307667732239
YOR194C,YNL310C,0,-5.372078,0.2383512556552887,0.818461537361145,0.26153847575187683
YHR142W,YOR007C,0,-5.3724675,0.2381378710269928,0.818461537361145,0.2618461549282074
YMR202W,YOR193W,0,-5.373033,0.23792485892772675,0.818461537361145,0.26215383410453796
YGL089C,YDR381W,0,-5.373622,0.23771224915981293,0.818461537361145,0.2624615430831909
YJL060W,YDR206W,0,-5.3736944,0.23749999701976776,0.818461537361145,0.2627692222595215
YML069W,YJR046W,1,-5.376355,0.23818019032478333,0.8215384483337402,0.2627692222595215
YIL072W,YJR104C,0,-5.3779864,0.23796790838241577,0.8215384483337402,0.26307693123817444
YJL209W,YJL204C,0,-5.378381,0.23775601387023926,0.8215384483337402,0.263384610414505
YLR028C,YML031W,0,-5.379853,0.2375444769859314,0.8215384483337402,0.26369231939315796
YLR423C,YGR254W,0,-5.379981,0.23733332753181458,0.8215384483337402,0.2639999985694885
YGL027C,YPL138C,0,-5.3826904,0.2371225506067276,0.8215384483337402,0.2643076777458191
YNL159C,YDR240C,0,-5.3847747,0.23691216111183167,0.8215384483337402,0.26461538672447205
YMR055C,YMR022W,0,-5.3850684,0.23670212924480438,0.8215384483337402,0.2649230659008026
YKR054C,YER082C,0,-5.385528,0.23649246990680695,0.8215384483337402,0.26523077487945557
YLR397C,YNL097C,0,-5.3859053,0.23628318309783936,0.8215384483337402,0.26553845405578613
YKL008C,YPR055W,0,-5.3877664,0.2360742688179016,0.8215384483337402,0.2658461630344391
YOL145C,YBR098W,0,-5.388401,0.2358657270669937,0.8215384483337402,0.26615384221076965
YOR080W,YOL146W,1,-5.389624,0.23654015362262726,0.8246153593063354,0.26615384221076965
YNL062C,YJR135C,0,-5.390054,0.23633156716823578,0.8246153593063354,0.2664615511894226
YOL088C,YDL147W,0,-5.390597,0.23612335324287415,0.8246153593063354,0.2667692303657532
YGR040W,YOR084W,0,-5.3922057,0.23591549694538116,0.8246153593063354,0.26707690954208374
YML086C,YOR038C,0,-5.392854,0.23570799827575684,0.8246153593063354,0.2673846185207367
YOR080W,YOL090W,1,-5.3940306,0.23637960851192474,0.8276923298835754,0.2673846185207367
YMR275C,YHR148W,0,-5.395637,0.23617208003997803,0.8276923298835754,0.26769229769706726
YBR041W,YJR160C,0,-5.39741,0.23596490919589996,0.8276923298835754,0.2680000066757202
YMR275C,YBL022C,0,-5.397506,0.23575811088085175,0.8276923298835754,0.2683076858520508
YBL045C,YHR204W,0,-5.3989224,0.23555167019367218,0.8276923298835754,0.26861539483070374
YOL012C,YIL039W,0,-5.4002957,0.23534558713436127,0.8276923298835754,0.2689230740070343
YOL059W,YNR031C,0,-5.4017158,0.235139861702919,0.8276923298835754,0.26923078298568726
YLL060C,YGL048C,0,-5.402008,0.2349344938993454,0.8276923298835754,0.2695384621620178
YOR080W,YBR057C,1,-5.4035025,0.23560209572315216,0.8307692408561707,0.2695384621620178
YER007W,YKL214C,0,-5.4050364,0.23539668321609497,0.8307692408561707,0.2698461413383484
YHR024C,YIL068C,0,-5.405466,0.23519164323806763,0.8307692408561707,0.27015385031700134
YMR037C,YOR083W,0,-5.4057612,0.23498694598674774,0.8307692408561707,0.2704615294933319
YER162C,YJL059W,0,-5.4059997,0.2347826063632965,0.8307692408561707,0.27076923847198486
YKR063C,YGL099W,0,-5.406082,0.23457862436771393,0.8307692408561707,0.27107691764831543
YDR459C,YOR362C,0,-5.4063334,0.234375,0.8307692408561707,0.2713846266269684
YLR397C,YDL227C,0,-5.407353,0.23417173326015472,0.8307692408561707,0.27169230580329895
YJR160C,YGL093W,0,-5.4077697,0.2339688092470169,0.8307692408561707,0.2720000147819519
YDL112W,YDR486C,0,-5.408773,0.23376622796058655,0.8307692408561707,0.27230769395828247
YOR299W,YPL098C,0,-5.409493,0.23356401920318604,0.8307692408561707,0.27261537313461304
YJL099W,YGL044C,0,-5.4103084,0.2333621382713318,0.8307692408561707,0.272923082113266
YLR206W,YGR090W,0,-5.4107823,0.2331606149673462,0.8307692408561707,0.27323076128959656
YBL045C,YHR143W-A,0,-5.4120803,0.23295944929122925,0.8307692408561707,0.2735384702682495
YAR018C,YGR141W,0,-5.413036,0.23275862634181976,0.8307692408561707,0.2738461494445801
YDR414C,YDR135C,0,-5.4135666,0.23255814611911774,0.8307692408561707,0.27415385842323303
YBR199W,YOL054W,0,-5.4145775,0.23235800862312317,0.8307692408561707,0.2744615375995636
YDR085C,YBL106C,0,-5.4147735,0.23215821385383606,0.8307692408561707,0.27476921677589417
YPL255W,YKL064W,0,-5.41702,0.2319587618112564,0.8307692408561707,0.2750769257545471
YHR027C,YFL002C,0,-5.41745,0.23175965249538422,0.8307692408561707,0.2753846049308777
YGL027C,YMR268C,0,-5.42554,0.23156088590621948,0.8307692408561707,0.27569231390953064
YGL246C,YJR103W,0,-5.4258237,0.2313624620437622,0.8307692408561707,0.2759999930858612
YCR039C,YOL061W,0,-5.4286304,0.2311643809080124,0.8307692408561707,0.27630770206451416
YLR206W,YLR320W,0,-5.4294915,0.23096664249897003,0.8307692408561707,0.2766153812408447
YLR170C,YLR266C,0,-5.430878,0.23076923191547394,0.8307692408561707,0.2769230902194977
YML126C,YAL031C,0,-5.4337425,0.2305721640586853,0.8307692408561707,0.27723076939582825
YPR164W,YPR042C,0,-5.434375,0.23037542402744293,0.8307692408561707,0.2775384485721588
YHR142W,YER110C,0,-5.4346166,0.23017902672290802,0.8307692408561707,0.27784615755081177
YNL099C,YML107C,0,-5.4350924,0.22998295724391937,0.8307692408561707,0.27815383672714233
YDR037W,YPR016C,0,-5.436442,0.22978723049163818,0.8307692408561707,0.2784615457057953
YGR009C,YDR065W,0,-5.437235,0.22959183156490326,0.8307692408561707,0.27876922488212585
YDL097C,YHR060W,0,-5.4375687,0.2293967753648758,0.8307692408561707,0.2790769338607788
YNL075W,YLR079W,0,-5.438603,0.2292020320892334,0.8307692408561707,0.2793846130371094
YOL090W,YNL072W,1,-5.4386926,0.22985580563545227,0.8338461518287659,0.2793846130371094
YIR021W,YNR032W,0,-5.440686,0.2296610176563263,0.8338461518287659,0.27969232201576233
YNL112W,YOR083W,0,-5.4423027,0.22946655750274658,0.8338461518287659,0.2800000011920929
YPR103W,YDR079C-A,0,-5.44431,0.22927242517471313,0.8338461518287659,0.28030768036842346
YNL239W,YKL053C-A,0,-5.4468865,0.22907862067222595,0.8338461518287659,0.2806153893470764
YBR098W,YLR020C,0,-5.4507003,0.22888512909412384,0.8338461518287659,0.280923068523407
YKL129C,YMR077C,0,-5.4521194,0.2286919802427292,0.8338461518287659,0.28123077750205994
YGR123C,YPL156C,0,-5.4532113,0.2284991592168808,0.8338461518287659,0.2815384566783905
YPR164W,YMR016C,0,-5.456392,0.22830665111541748,0.8338461518287659,0.28184616565704346
YNL099C,YLL012W,0,-5.457648,0.22811447083950043,0.8338461518287659,0.282153844833374
YPR198W,YGR048W,0,-5.4576573,0.22792261838912964,0.8338461518287659,0.2824615240097046
YNL062C,YIL173W,0,-5.457807,0.22773109376430511,0.8338461518287659,0.28276923298835754
YDL105W,YBR106W,0,-5.459205,0.22753988206386566,0.8338461518287659,0.2830769121646881
YCR008W,YDR240C,0,-5.459691,0.22734899818897247,0.8338461518287659,0.28338462114334106
YLR433C,YPL130W,0,-5.4609866,0.22715842723846436,0.8338461518287659,0.28369230031967163
YPR183W,YOR004W,0,-5.4633865,0.2269681692123413,0.8338461518287659,0.2840000092983246
YOR078W,YOL023W,0,-5.4633994,0.22677823901176453,0.8338461518287659,0.28430768847465515
YLR138W,YJR033C,0,-5.463884,0.22658862173557281,0.8338461518287659,0.2846153974533081
YDR027C,YDR002W,0,-5.4644794,0.22639933228492737,0.8338461518287659,0.28492307662963867
YPL130W,YJL004C,0,-5.465714,0.226210355758667,0.8338461518287659,0.28523075580596924
YGL236C,YKR065C,0,-5.4666734,0.2260216921567917,0.8338461518287659,0.2855384647846222
YBR004C,YGR144W,0,-5.4676843,0.22583332657814026,0.8338461518287659,0.28584614396095276
YKL048C,YNL151C,0,-5.467854,0.2256452888250351,0.8338461518287659,0.2861538529396057
YJL033W,YJR160C,0,-5.468449,0.225457563996315,0.8338461518287659,0.2864615321159363
YOR026W,YDR260C,0,-5.4689436,0.22527015209197998,0.8338461518287659,0.28676924109458923
YOL123W,YPR198W,0,-5.469155,0.22508305311203003,0.8338461518287659,0.2870769202709198
YLR310C,YPL098C,0,-5.4708457,0.22489626705646515,0.8338461518287659,0.28738462924957275
YHL003C,YOR083W,0,-5.4715466,0.22470977902412415,0.8338461518287659,0.2876923084259033
YIR025W,YFL045C,0,-5.472427,0.2245236188173294,0.8338461518287659,0.2879999876022339
YDL097C,YMR134W,0,-5.4724693,0.22433774173259735,0.8338461518287659,0.28830769658088684
YNL037C,YHR083W,0,-5.4725986,0.22415219247341156,0.8338461518287659,0.2886153757572174
YNL062C,YGR056W,0,-5.472807,0.22396694123744965,0.8338461518287659,0.28892308473587036
YHR013C,YGR074W,0,-5.473565,0.2237820029258728,0.8338461518287659,0.2892307639122009
YDR283C,YIL073C,0,-5.4845834,0.22359736263751984,0.8338461518287659,0.2895384728908539
YOL145C,YOL148C,0,-5.4847336,0.22341302037239075,0.8338461518287659,0.28984615206718445
YML031W,YJL059W,0,-5.484832,0.22322899103164673,0.8338461518287659,0.2901538610458374
YKL193C,YLR139C,0,-5.484899,0.22304527461528778,0.8338461518287659,0.29046154022216797
YLR015W,YGR040W,0,-5.4851274,0.22286184132099152,0.8338461518287659,0.29076921939849854
YJR031C,YLR249W,0,-5.4879003,0.22267872095108032,0.8338461518287659,0.2910769283771515
YOR007C,YGR048W,0,-5.48903,0.222495898604393,0.8338461518287659,0.29138460755348206
YMR056C,YPL227C,0,-5.489229,0.22231337428092957,0.8338461518287659,0.291692316532135
YOR026W,YFR040W,0,-5.489695,0.22213114798069,0.8338461518287659,0.2919999957084656
YPL121C,YOL064C,0,-5.4912643,0.22194921970367432,0.8338461518287659,0.29230770468711853
YGR170W,YGR169C,0,-5.4912868,0.2217675894498825,0.8338461518287659,0.2926153838634491
YPL124W,YJR103W,0,-5.4952555,0.22158625721931458,0.8338461518287659,0.29292306303977966
YLL050C,YDR079C-A,0,-5.4955997,0.22140522301197052,0.8338461518287659,0.2932307720184326
YKR097W,YCR081W,0,-5.495642,0.22122448682785034,0.8338461518287659,0.2935384511947632
YKR024C,YGL058W,0,-5.4971337,0.22104404866695404,0.8338461518287659,0.29384616017341614
YNL097C,YOR048C,0,-5.498358,0.22086389362812042,0.8338461518287659,0.2941538393497467
YPR081C,YLR107W,0,-5.4994435,0.22068403661251068,0.8338461518287659,0.29446154832839966
YGR083C,YJL098W,0,-5.499927,0.22050447762012482,0.8338461518287659,0.2947692275047302
YGL018C,YPR133W-A,0,-5.5059114,0.22032520174980164,0.8338461518287659,0.2950769364833832
YLR085C,YOL123W,0,-5.5074773,0.22014622390270233,0.8338461518287659,0.29538461565971375
YDL226C,YOL059W,0,-5.5076632,0.2199675291776657,0.8338461518287659,0.2956922948360443
YBL003C,YAR002W,0,-5.5079484,0.21978913247585297,0.8338461518287659,0.29600000381469727
YLR264W,YHR172W,0,-5.508352,0.2196110188961029,0.8338461518287659,0.29630768299102783
YCR002C,YER024W,0,-5.5093675,0.21943320333957672,0.8338461518287659,0.2966153919696808
YOR299W,YBR111W-A,0,-5.510653,0.21925565600395203,0.8338461518287659,0.29692307114601135
YGL032C,YAR002W,0,-5.5148587,0.2190784215927124,0.8338461518287659,0.2972307801246643
YPR122W,YNL075W,0,-5.516298,0.21890145540237427,0.8338461518287659,0.2975384593009949
YPL255W,YBR004C,0,-5.5170197,0.21872477233409882,0.8338461518287659,0.2978461682796478
YOR355W,YHR204W,0,-5.518085,0.21854838728904724,0.8338461518287659,0.2981538474559784
YDL116W,YPR121W,0,-5.5188203,0.21837228536605835,0.8338461518287659,0.29846152663230896
YBL013W,YMR036C,0,-5.518996,0.21819645166397095,0.8338461518287659,0.2987692356109619
YMR308C,YNR031C,0,-5.522412,0.21802091598510742,0.8338461518287659,0.2990769147872925
YGL174W,YJR160C,0,-5.5226483,0.21784566342830658,0.8338461518287659,0.29938462376594543
YOR233W,YIL023C,0,-5.523702,0.21767067909240723,0.8338461518287659,0.299692302942276
YOL144W,YOL054W,0,-5.524293,0.21749599277973175,0.8338461518287659,0.30000001192092896
YGL033W,YKL062W,0,-5.5255423,0.21732157468795776,0.8338461518287659,0.3003076910972595
YDR263C,YNL003C,0,-5.525841,0.21714743971824646,0.8338461518287659,0.3006153702735901
YBR111W-A,YDR260C,0,-5.5279613,0.21697357296943665,0.8338461518287659,0.30092307925224304
YBR168W,YGR276C,0,-5.5290866,0.2168000042438507,0.8338461518287659,0.3012307584285736
YLR342W,YLR222C,0,-5.5309334,0.21662670373916626,0.8338461518287659,0.30153846740722656
YPR103W,YOR060C,0,-5.532064,0.2164536714553833,0.8338461518287659,0.30184614658355713
YLR459W,YLR260W,0,-5.5321074,0.21628092229366302,0.8338461518287659,0.3021538555622101
YLR051C,YLR382C,0,-5.532194,0.21610845625400543,0.8338461518287659,0.30246153473854065
YOR362C,YGR170W,0,-5.532472,0.21593625843524933,0.8338461518287659,0.3027692437171936
YDR317W,YML005W,0,-5.5330396,0.21576432883739471,0.8338461518287659,0.30307692289352417
YML107C,YOR290C,0,-5.5345845,0.21559268236160278,0.8338461518287659,0.30338460206985474
YJR006W,YLR003C,1,-5.5351377,0.21621622145175934,0.8369230628013611,0.30338460206985474
YBR029C,YBR041W,0,-5.535189,0.21604448556900024,0.8369230628013611,0.3036923110485077
YOR026W,YOL148C,0,-5.535602,0.21587301790714264,0.8369230628013611,0.30399999022483826
YPL233W,YBL017C,0,-5.535725,0.21570181846618652,0.8369230628013611,0.3043076992034912
YPL160W,YHR143W-A,0,-5.5364738,0.2155309021472931,0.8369230628013611,0.3046153783798218
YGR118W,YJR104C,0,-5.5365586,0.21536025404930115,0.8369230628013611,0.30492308735847473
YNL151C,YNR047W,0,-5.5371423,0.2151898741722107,0.8369230628013611,0.3052307665348053
YJR033C,YDR362C,0,-5.5377693,0.21501976251602173,0.8369230628013611,0.30553847551345825
YPL140C,YJL198W,0,-5.5391603,0.21484991908073425,0.8369230628013611,0.3058461546897888
YOL061W,YER148W,0,-5.539545,0.21468034386634827,0.8369230628013611,0.3061538338661194
YBL013W,YIL068C,0,-5.540071,0.21451103687286377,0.8369230628013611,0.30646154284477234
YPL061W,YPR008W,0,-5.540548,0.21434199810028076,0.8369230628013611,0.3067692220211029
YOL027C,YKL194C,0,-5.5418134,0.21417322754859924,0.8369230628013611,0.30707693099975586
YHR183W,YER160C,0,-5.543881,0.2140047252178192,0.8369230628013611,0.3073846101760864
YPR075C,YNL047C,0,-5.5456777,0.21383647620677948,0.8369230628013611,0.3076923191547394
YGR060W,YDR130C,0,-5.5459127,0.21366849541664124,0.8369230628013611,0.30799999833106995
YGL246C,YMR134W,0,-5.548677,0.21350078284740448,0.8369230628013611,0.3083076775074005
YGL071W,YML005W,0,-5.548758,0.2133333384990692,0.8369230628013611,0.30861538648605347
YGL061C,YPL126W,0,-5.549297,0.21316614747047424,0.8369230628013611,0.30892306566238403
YMR036C,YDL097C,0,-5.5516124,0.21299920976161957,0.8369230628013611,0.309230774641037
YPL160W,YLL013C,0,-5.552871,0.21283255517482758,0.8369230628013611,0.30953845381736755
YPL069C,YLR222C,0,-5.5538607,0.21266613900661469,0.8369230628013611,0.3098461627960205
YNR038W,YIR004W,0,-5.554027,0.21250000596046448,0.8369230628013611,0.3101538419723511
YIL009C-A,YHR205W,0,-5.55427,0.21233411133289337,0.8369230628013611,0.31046155095100403
YHL047C,YDR143C,0,-5.5553503,0.21216848492622375,0.8369230628013611,0.3107692301273346
YBR021W,YOL110W,0,-5.5568595,0.21200311183929443,0.8369230628013611,0.31107690930366516
YCR008W,YGR047C,0,-5.5586,0.2118380069732666,0.8369230628013611,0.3113846182823181
YBR111W-A,YLR360W,0,-5.5591016,0.21167315542697906,0.8369230628013611,0.3116922974586487
YOR233W,YCR073W-A,0,-5.559673,0.21150855720043182,0.8369230628013611,0.31200000643730164
YDR527W,YDR065W,0,-5.5601654,0.21134421229362488,0.8369230628013611,0.3123076856136322
YGR030C,YNL047C,0,-5.560675,0.21118012070655823,0.8369230628013611,0.31261539459228516
YBR236C,YDR151C,0,-5.5613875,0.21101629734039307,0.8369230628013611,0.3129230737686157
YJL167W,YAL025C,0,-5.563913,0.210852712392807,0.8369230628013611,0.3132307827472687
YPL271W,YBR111W-A,0,-5.5646005,0.21068938076496124,0.8369230628013611,0.31353846192359924
YKL194C,YNL207W,0,-5.5685225,0.21052631735801697,0.8369230628013611,0.3138461410999298
YDR439W,YBR297W,0,-5.5712113,0.2103634923696518,0.8369230628013611,0.31415385007858276
YPR113W,YGR185C,0,-5.5713296,0.21020092070102692,0.8369230628013611,0.31446152925491333
YDR037W,YHR143W-A,0,-5.571822,0.21003861725330353,0.8369230628013611,0.3147692382335663
YPL271W,YBR026C,0,-5.5722127,0.20987653732299805,0.8369230628013611,0.31507691740989685
YBL040C,YDR314C,0,-5.572819,0.20971472561359406,0.8369230628013611,0.3153846263885498
YNL004W,YNR052C,0,-5.5728717,0.20955315232276917,0.8369230628013611,0.31569230556488037
YML071C,YOR211C,0,-5.5731535,0.20939184725284576,0.8369230628013611,0.3160000145435333
YPL181W,YKL144C,0,-5.5740285,0.20923076570034027,0.8369230628013611,0.3163076937198639
YPL008W,YKR053C,0,-5.574117,0.20906995236873627,0.8369230628013611,0.31661537289619446
YGR275W,YNL202W,0,-5.5743346,0.20890937745571136,0.8369230628013611,0.3169230818748474
YPL156C,YGL127C,0,-5.574979,0.20874904096126556,0.8369230628013611,0.317230761051178
YIR004W,YLR285W,0,-5.5750785,0.20858895778656006,0.8369230628013611,0.31753847002983093
YOL068C,YBR098W,0,-5.575744,0.20842911303043365,0.8369230628013611,0.3178461492061615
YOR100C,YDL090C,0,-5.5767193,0.20826952159404755,0.8369230628013611,0.31815385818481445
YLR266C,YOL093W,0,-5.577988,0.20811016857624054,0.8369230628013611,0.318461537361145
YLR285W,YOR275C,0,-5.5799565,0.20795106887817383,0.8369230628013611,0.3187692165374756
YDR179C,YOR129C,0,-5.5826545,0.20779220759868622,0.8369230628013611,0.31907692551612854
YDR227W,YER123W,0,-5.5826817,0.2076335847377777,0.8369230628013611,0.3193846046924591
YNL112W,YML005W,0,-5.583914,0.2074752151966095,0.8369230628013611,0.31969231367111206
YOL089C,YGL127C,0,-5.584123,0.2073170691728592,0.8369230628013611,0.3199999928474426
YGL044C,YIL173W,0,-5.5846133,0.20715917646884918,0.8369230628013611,0.3203077018260956
YER183C,YHR172W,0,-5.5865865,0.20700152218341827,0.8369230628013611,0.32061538100242615
YPL271W,YNL078W,0,-5.5876875,0.20684410631656647,0.8369230628013611,0.3209230899810791
YNL126W,YKL028W,0,-5.589811,0.20668692886829376,0.8369230628013611,0.32123076915740967
YPR164W,YDL236W,0,-5.589923,0.20652998983860016,0.8369230628013611,0.32153844833374023
YOL116W,YBR123C,0,-5.5926623,0.20637328922748566,0.8369230628013611,0.3218461573123932
YOR301W,YJL087C,0,-5.5930443,0.20621682703495026,0.8369230628013611,0.32215383648872375
YNL003C,YKL012W,0,-5.593615,0.20606060326099396,0.8369230628013611,0.3224615454673767
YNL331C,YOL055C,0,-5.594287,0.20590461790561676,0.8369230628013611,0.3227692246437073
YNL317W,YNL090W,0,-5.5946755,0.20574887096881866,0.8369230628013611,0.32307693362236023
YKL009W,YGL232W,0,-5.5952463,0.20559334754943848,0.8369230628013611,0.3233846127986908
YLR170C,YIL144W,0,-5.600743,0.2054380625486374,0.8369230628013611,0.32369232177734375
YDL132W,YCR057C,0,-5.601069,0.2052830159664154,0.8369230628013611,0.3240000009536743
YGL174W,YMR016C,0,-5.6013618,0.20512820780277252,0.8369230628013611,0.3243076801300049
YDR173C,YDR440W,0,-5.601827,0.20497362315654755,0.8369230628013611,0.32461538910865784
YJL167W,YBR170C,0,-5.602035,0.20481927692890167,0.8369230628013611,0.3249230682849884
YOR299W,YKL129C,0,-5.604256,0.2046651691198349,0.8369230628013611,0.32523077726364136
YPL061W,YDR218C,0,-5.6055403,0.20451128482818604,0.8369230628013611,0.3255384564399719
YNL004W,YIL017W,0,-5.606524,0.20435762405395508,0.8369230628013611,0.3258461654186249
YBR021W,YBR297W,0,-5.6079097,0.20420420169830322,0.8369230628013611,0.32615384459495544
YOR080W,YJR046W,1,-5.608127,0.20480120182037354,0.8399999737739563,0.32615384459495544
YOL078W,YNL239W,0,-5.6085324,0.20464767515659332,0.8399999737739563,0.326461523771286
YPL085W,YDR293C,0,-5.608542,0.2044943869113922,0.8399999737739563,0.32676923274993896
YGL049C,YDR065W,0,-5.6093826,0.204341322183609,0.8399999737739563,0.32707691192626953
YML059C,YDR322C-A,0,-5.614174,0.2041884809732437,0.8399999737739563,0.3273846209049225
YNL016W,YGL135W,0,-5.6152983,0.20403587818145752,0.8399999737739563,0.32769230008125305
YGR200C,YDL052C,0,-5.6155486,0.20388349890708923,0.8399999737739563,0.328000009059906
YLR033W,YMR134W,0,-5.615843,0.20373134315013885,0.8399999737739563,0.3283076882362366
YHR142W,YGL135W,0,-5.615986,0.20357941091060638,0.8399999737739563,0.3286153972148895
YJR068W,YJR046W,1,-5.616353,0.20417287945747375,0.8430769443511963,0.3286153972148895
YLR051C,YIL105C,0,-5.61727,0.20402084290981293,0.8430769443511963,0.3289230763912201
YGR191W,YLR447C,0,-5.618363,0.2038690447807312,0.8430769443511963,0.32923075556755066
YMR006C,YOR083W,0,-5.620011,0.20371747016906738,0.8430769443511963,0.3295384645462036
YGR200C,YGL001C,0,-5.6203127,0.20356611907482147,0.8430769443511963,0.3298461437225342
YKL053C-A,YOL110W,0,-5.6249385,0.20341499149799347,0.8430769443511963,0.33015385270118713
YDR490C,YGL044C,0,-5.6262784,0.20326410233974457,0.8430769443511963,0.3304615318775177
YER015W,YCR037C,0,-5.631026,0.20311342179775238,0.8430769443511963,0.33076924085617065
YKL053C-A,YLR191W,0,-5.6327214,0.2029629647731781,0.8430769443511963,0.3310769200325012
YOR236W,YOL116W,0,-5.633105,0.20281273126602173,0.8430769443511963,0.3313846290111542
YHL003C,YBR111W-A,0,-5.634396,0.20266272127628326,0.8430769443511963,0.33169230818748474
YHR183W,YBR092C,0,-5.634398,0.2025129348039627,0.8430769443511963,0.3319999873638153
YDR281C,YDR079C-A,0,-5.635097,0.20236337184906006,0.8430769443511963,0.33230769634246826
YOL088C,YNL128W,0,-5.6353774,0.20221401751041412,0.8430769443511963,0.33261537551879883
YML086C,YLR106C,0,-5.6364017,0.2020649015903473,0.8430769443511963,0.3329230844974518
YOR136W,YLR285W,0,-5.637223,0.20191599428653717,0.8430769443511963,0.33323076367378235
YPL126W,YMR022W,0,-5.640529,0.20176731050014496,0.8430769443511963,0.3335384726524353
YIL044C,YJR090C,0,-5.6422668,0.20161883533000946,0.8430769443511963,0.33384615182876587
YDR376W,YBR131W,0,-5.642673,0.20147058367729187,0.8430769443511963,0.3341538608074188
YBR123C,YMR146C,0,-5.642895,0.2013225555419922,0.8430769443511963,0.3344615399837494
YDR283C,YMR037C,0,-5.645977,0.20117473602294922,0.8430769443511963,0.33476921916007996
YGL048C,YPR137W,0,-5.647084,0.20102714002132416,0.8430769443511963,0.3350769281387329
YDR440W,YNL037C,0,-5.649266,0.200879767537117,0.8430769443511963,0.3353846073150635
YLR097C,YDR486C,0,-5.650648,0.20073260366916656,0.8430769443511963,0.33569231629371643
YDR206W,YOR018W,0,-5.6514707,0.20058564841747284,0.8430769443511963,0.335999995470047
YHR001W,YLR316C,0,-5.652295,0.20043891668319702,0.8430769443511963,0.33630770444869995
YOL078W,YIL023C,0,-5.6531625,0.20029239356517792,0.8430769443511963,0.3366153836250305
YHR013C,YFR019W,0,-5.65341,0.20014609396457672,0.8430769443511963,0.3369230628013611
YPL145C,YAL002W,0,-5.653416,0.20000000298023224,0.8430769443511963,0.33723077178001404
YOL090W,YPR162C,1,-5.654248,0.20058351755142212,0.8461538553237915,0.33723077178001404
YDR085C,YDR256C,0,-5.6564507,0.20043732225894928,0.8461538553237915,0.3375384509563446
YMR056C,YBR111W-A,0,-5.6567216,0.20029133558273315,0.8461538553237915,0.33784615993499756
YOR026W,YKL129C,0,-5.658483,0.20014555752277374,0.8461538553237915,0.3381538391113281
YLR103C,YLR003C,1,-5.6600137,0.20072726905345917,0.8492307662963867,0.3381538391113281
YGR057C,YJL198W,0,-5.660438,0.2005814015865326,0.8492307662963867,0.3384615480899811
YPL256C,YLR382C,0,-5.66136,0.20043572783470154,0.8492307662963867,0.33876922726631165
YPL061W,YDR477W,0,-5.6627502,0.2002902776002884,0.8492307662963867,0.3390769362449646
YEL071W,YPL085W,0,-5.6627975,0.20014503598213196,0.8492307662963867,0.33938461542129517
YDR206W,YLR309C,0,-5.6641617,0.20000000298023224,0.8492307662963867,0.33969229459762573
YKL060C,YLR060W,0,-5.664493,0.19985517859458923,0.8492307662963867,0.3400000035762787
YDR283C,YGL167C,0,-5.6655574,0.19971056282520294,0.8492307662963867,0.34030768275260925
YGR225W,YDR096W,0,-5.669644,0.19956615567207336,0.8492307662963867,0.3406153917312622
YGL106W,YAL005C,0,-5.670398,0.1994219720363617,0.8492307662963867,0.3409230709075928
YGR170W,YGL145W,0,-5.671563,0.19927798211574554,0.8492307662963867,0.3412307798862457
YAL024C,YPL138C,0,-5.673386,0.1991342008113861,0.8492307662963867,0.3415384590625763
YJR082C,YHR026W,0,-5.6742673,0.1989906281232834,0.8492307662963867,0.34184616804122925
YOL054W,YCR057C,0,-5.6766477,0.19884726405143738,0.8492307662963867,0.3421538472175598
YML126C,YBL022C,0,-5.677585,0.19870410859584808,0.8492307662963867,0.3424615263938904
YML061C,YDR002W,0,-5.67793,0.1985611468553543,0.8492307662963867,0.34276923537254333
YBR023C,YBR092C,0,-5.6791983,0.19841840863227844,0.8492307662963867,0.3430769145488739
YBL078C,YAL010C,0,-5.679311,0.1982758641242981,0.8492307662963867,0.34338462352752686
YPR067W,YAL034W-A,0,-5.6797214,0.19813352823257446,0.8492307662963867,0.3436923027038574
YPL181W,YOL093W,0,-5.680395,0.19799138605594635,0.8492307662963867,0.3440000116825104
YNL259C,YBL013W,0,-5.6805916,0.19784946739673615,0.8492307662963867,0.34430769085884094
YPL119C,YDR283C,0,-5.6808167,0.19770774245262146,0.8492307662963867,0.3446153700351715
YMR061W,YER123W,0,-5.681055,0.1975662112236023,0.8492307662963867,0.34492307901382446
YHR089C,YOR181W,0,-5.682355,0.19742488861083984,0.8492307662963867,0.34523075819015503
YKR063C,YMR177W,0,-5.682754,0.1972837746143341,0.8492307662963867,0.345538467168808
YBR092C,YNL201C,0,-5.684201,0.1971428543329239,0.8492307662963867,0.34584614634513855
YOL054W,YGL048C,0,-5.684566,0.19700214266777039,0.8492307662963867,0.3461538553237915
YPL061W,YNL329C,0,-5.685165,0.1968616247177124,0.8492307662963867,0.34646153450012207
YPL147W,YOR301W,0,-5.6853757,0.19672131538391113,0.8492307662963867,0.346769243478775
YDR240C,YMR134W,0,-5.685451,0.19658119976520538,0.8492307662963867,0.3470769226551056
YLR372W,YML038C,0,-5.6856084,0.19644127786159515,0.8492307662963867,0.34738460183143616
YMR044W,YDR002W,0,-5.68637,0.19630156457424164,0.8492307662963867,0.3476923108100891
YHR142W,YBR058C,0,-5.6868715,0.19616204500198364,0.8492307662963867,0.3479999899864197
YPL098C,YML031W,0,-5.6870065,0.19602273404598236,0.8492307662963867,0.34830769896507263
YPL063W,YBL005W-B,0,-5.6878004,0.1958836019039154,0.8492307662963867,0.3486153781414032
YGR169C,YER082C,0,-5.689206,0.19574467837810516,0.8492307662963867,0.34892308712005615
YPR105C,YHR060W,0,-5.6928897,0.19560594856739044,0.8492307662963867,0.3492307662963867
YJR004C,YGR048W,0,-5.694548,0.19546742737293243,0.8492307662963867,0.3495384752750397
YOR038C,YIL037C,0,-5.6946087,0.19532908499240875,0.8492307662963867,0.34984615445137024
YMR208W,YMR134W,0,-5.6947117,0.19519095122814178,0.8492307662963867,0.3501538336277008
YIR002C,YPR137W,0,-5.695473,0.19505299627780914,0.8492307662963867,0.35046154260635376
YJL122W,YDL227C,0,-5.6955104,0.19491524994373322,0.8492307662963867,0.3507692217826843
YMR036C,YIR026C,0,-5.696305,0.1947776973247528,0.8492307662963867,0.3510769307613373
YMR044W,YDL106C,0,-5.6979136,0.19464033842086792,0.8492307662963867,0.35138460993766785
YEL066W,YHR020W,0,-5.699304,0.19450317323207855,0.8492307662963867,0.3516923189163208
YJL099W,YHR079C-A,0,-5.700672,0.1943662017583847,0.8492307662963867,0.35199999809265137
YLL042C,YKR090W,0,-5.701177,0.19422940909862518,0.8492307662963867,0.3523077070713043
YKR054C,YER024W,0,-5.703082,0.19409282505512238,0.8492307662963867,0.3526153862476349
YOR362C,YGR116W,0,-5.704663,0.1939564347267151,0.8492307662963867,0.35292306542396545
YMR312W,YHR148W,0,-5.7064877,0.19382022321224213,0.8492307662963867,0.3532307744026184
YGR170W,YHR060W,0,-5.706833,0.19368420541286469,0.8492307662963867,0.353538453578949
YLR191W,YDR260C,0,-5.709452,0.19354838132858276,0.8492307662963867,0.35384616255760193
YDR168W,YBR111W-A,0,-5.7106056,0.19341275095939636,0.8492307662963867,0.3541538417339325
YDR424C,YJL141C,0,-5.714055,0.19327731430530548,0.8492307662963867,0.35446155071258545
YNL199C,YOR226C,0,-5.714601,0.19314205646514893,0.8492307662963867,0.354769229888916
YLR372W,YNL054W,0,-5.7147703,0.1930069923400879,0.8492307662963867,0.3550769090652466
YBR048W,YER074W-A,0,-5.716035,0.19287212193012238,0.8492307662963867,0.35538461804389954
YGR157W,YNL128W,0,-5.716675,0.1927374303340912,0.8492307662963867,0.3556922972202301
YDR037W,YDR486C,0,-5.718778,0.19260293245315552,0.8492307662963867,0.35600000619888306
YAL012W,YLR292C,0,-5.7198443,0.19246861338615417,0.8492307662963867,0.3563076853752136
YPL061W,YKR054C,0,-5.7203565,0.19233448803424835,0.8492307662963867,0.3566153943538666
YOR367W,YER074W-A,0,-5.7208076,0.19220055639743805,0.8492307662963867,0.35692307353019714
YCL059C,YHR204W,0,-5.7211127,0.19206680357456207,0.8492307662963867,0.3572307825088501
YAL024C,YOR275C,0,-5.7223034,0.19193324446678162,0.8492307662963867,0.35753846168518066
YDL243C,YBL013W,0,-5.724978,0.19179986417293549,0.8492307662963867,0.35784614086151123
YFR019W,YDR477W,0,-5.7266374,0.19166666269302368,0.8492307662963867,0.3581538498401642
YDR263C,YDL227C,0,-5.7266903,0.1915336549282074,0.8492307662963867,0.35846152901649475
YPR121W,YGR185C,0,-5.7266965,0.19140082597732544,0.8492307662963867,0.3587692379951477
YER020W,YJL109C,0,-5.7280498,0.191268190741539,0.8492307662963867,0.35907691717147827
YDR106W,YBR254C,0,-5.729246,0.1911357343196869,0.8492307662963867,0.3593846261501312
YDL227C,YER178W,0,-5.730196,0.1910034567117691,0.8492307662963867,0.3596923053264618
YLR153C,YHR143W-A,0,-5.730712,0.19087137281894684,0.8492307662963867,0.36000001430511475
YLR103C,YIL066C,1,-5.7315,0.19143053889274597,0.8523076772689819,0.36000001430511475
YLR153C,YDL116W,0,-5.7324557,0.19129833579063416,0.8523076772689819,0.3603076934814453
YNL062C,YNL099C,0,-5.732957,0.19116632640361786,0.8523076772689819,0.3606153726577759
YDR178W,YML025C,0,-5.733454,0.1910344809293747,0.8523076772689819,0.36092308163642883
YGL173C,YDR495C,0,-5.7343283,0.19090282917022705,0.8523076772689819,0.3612307608127594
YAL034W-A,YLR138W,0,-5.734935,0.19077135622501373,0.8523076772689819,0.36153846979141235
YGR247W,YKL040C,0,-5.735768,0.19064006209373474,0.8523076772689819,0.3618461489677429
YLR208W,YBR123C,0,-5.7362027,0.19050894677639008,0.8523076772689819,0.3621538579463959
YOR140W,YJL035C,0,-5.738384,0.19037801027297974,0.8523076772689819,0.36246153712272644
YPR144C,YBR111W-A,0,-5.73853,0.19024725258350372,0.8523076772689819,0.362769216299057
YPR112C,YBR081C,0,-5.7396636,0.19011667370796204,0.8523076772689819,0.36307692527770996
YPR198W,YGL049C,0,-5.740329,0.18998628854751587,0.8523076772689819,0.3633846044540405
YOR211C,YDR065W,0,-5.7406507,0.18985606729984283,0.8523076772689819,0.3636923134326935
YGL032C,YNL267W,0,-5.7412047,0.18972602486610413,0.8523076772689819,0.36399999260902405
YPL169C,YGR212W,0,-5.74183,0.18959616124629974,0.8523076772689819,0.364307701587677
YFR019W,YDR143C,0,-5.743749,0.18946649134159088,0.8523076772689819,0.36461538076400757
YOR347C,YBR143C,0,-5.744168,0.18933698534965515,0.8523076772689819,0.3649230897426605
YLR310C,YHR062C,0,-5.744532,0.18920764327049255,0.8523076772689819,0.3652307689189911
YJR125C,YKR065C,0,-5.74583,0.18907849490642548,0.8523076772689819,0.36553844809532166
YDR411C,YOR236W,0,-5.7477946,0.18894952535629272,0.8523076772689819,0.3658461570739746
YPR183W,YGR220C,0,-5.7508755,0.1888207197189331,0.8523076772689819,0.3661538362503052
YDL069C,YKR003W,0,-5.751011,0.1886920928955078,0.8523076772689819,0.36646154522895813
YMR038C,YCR020W-B,0,-5.7513614,0.18856364488601685,0.8523076772689819,0.3667692244052887
YFR014C,YKL178C,0,-5.7527633,0.1884353756904602,0.8523076772689819,0.36707693338394165
YMR049C,YGL099W,0,-5.7549796,0.1883072704076767,0.8523076772689819,0.3673846125602722
YNL299W,YMR210W,0,-5.755259,0.18817934393882751,0.8523076772689819,0.36769232153892517
YER178W,YOR301W,0,-5.7570653,0.18805159628391266,0.8523076772689819,0.36800000071525574
YKR057W,YBR223C,0,-5.7573504,0.18792401254177094,0.8523076772689819,0.3683076798915863
YBR022W,YBR103W,0,-5.757997,0.18779660761356354,0.8523076772689819,0.36861538887023926
YKR063C,YCR073W-A,0,-5.759175,0.18766938149929047,0.8523076772689819,0.3689230680465698
YDR206W,YLR298C,0,-5.760546,0.18754231929779053,0.8523076772689819,0.3692307770252228
YPL147W,YGR276C,0,-5.7639194,0.18741542100906372,0.8523076772689819,0.36953845620155334
YJL099W,YJR084W,0,-5.764376,0.18728870153427124,0.8523076772689819,0.3698461651802063
YNL201C,YOR380W,0,-5.7644925,0.18716216087341309,0.8523076772689819,0.37015384435653687
YPL008W,YCR008W,0,-5.764892,0.18703578412532806,0.8523076772689819,0.3704615533351898
YBR236C,YOL059W,0,-5.7654243,0.18690958619117737,0.8523076772689819,0.3707692325115204
YLR284C,YKL194C,0,-5.768653,0.1867835521697998,0.8523076772689819,0.37107691168785095
YNL290W,YLR003C,1,-5.7696447,0.18733154237270355,0.8553845882415771,0.37107691168785095
YJR135C,YPL012W,0,-5.7699666,0.18720538914203644,0.8553845882415771,0.3713846206665039
YKL008C,YNL078W,0,-5.770866,0.18707941472530365,0.8553845882415771,0.3716922998428345
YLR175W,YCR106W,0,-5.7709937,0.186953604221344,0.8553845882415771,0.3720000088214874
YPR037C,YMR077C,0,-5.7728186,0.18682795763015747,0.8553845882415771,0.372307687997818
YHR052W,YCL003W,0,-5.772866,0.18670248985290527,0.8553845882415771,0.37261539697647095
YLR085C,YOR060C,0,-5.77328,0.1865771859884262,0.8553845882415771,0.3729230761528015
YPL160W,YGR276C,0,-5.773895,0.18645204603672028,0.8553845882415771,0.3732307553291321
YHR142W,YLR201C,0,-5.7740974,0.18632708489894867,0.8553845882415771,0.37353846430778503
YAL010C,YER042W,0,-5.7746425,0.186202272772789,0.8553845882415771,0.3738461434841156
YLR015W,YOL016C,0,-5.777223,0.18607763946056366,0.8553845882415771,0.37415385246276855
YKL059C,YHR079C-A,0,-5.778495,0.18595317006111145,0.8553845882415771,0.3744615316390991
YDR244W,YPR121W,0,-5.779549,0.18582887947559357,0.8553845882415771,0.3747692406177521
YLL013C,YOR191W,0,-5.781692,0.18570473790168762,0.8553845882415771,0.37507691979408264
YIR012W,YPR121W,0,-5.7848024,0.185580775141716,0.8553845882415771,0.3753846287727356
YPR201W,YGL194C,0,-5.7852874,0.18545697629451752,0.8553845882415771,0.37569230794906616
YHR001W,YNL317W,0,-5.7857633,0.18533332645893097,0.8553845882415771,0.37599998712539673
YML065W,YPR162C,1,-5.786052,0.18587608635425568,0.8584615588188171,0.37599998712539673
YKR024C,YOL054W,0,-5.7863116,0.18575233221054077,0.8584615588188171,0.3763076961040497
YOR299W,YJR004C,0,-5.7864475,0.185628741979599,0.8584615588188171,0.37661537528038025
YHR053C,YGR118W,0,-5.786782,0.18550531566143036,0.8584615588188171,0.3769230842590332
YNL239W,YDR265W,0,-5.789002,0.18538205325603485,0.8584615588188171,0.37723076343536377
YGR083C,YER022W,0,-5.789689,0.18525896966457367,0.8584615588188171,0.3775384724140167
YBL041W,YGR116W,0,-5.7899623,0.18513603508472443,0.8584615588188171,0.3778461515903473
YKL022C,YLR079W,0,-5.7904067,0.18501326441764832,0.8584615588188171,0.37815386056900024
YJL031C,YKL196C,0,-5.7915955,0.18489065766334534,0.8584615588188171,0.3784615397453308
YOR233W,YPR016C,0,-5.792079,0.1847682148218155,0.8584615588188171,0.3787692189216614
YKL144C,YOR137C,0,-5.792814,0.18464593589305878,0.8584615588188171,0.37907692790031433
YLR028C,YDL160C,0,-5.7929664,0.184523805975914,0.8584615588188171,0.3793846070766449
YNL192W,YGR116W,0,-5.7930007,0.18440185487270355,0.8584615588188171,0.37969231605529785
YBR199W,YGR047C,0,-5.7936373,0.18428005278110504,0.8584615588188171,0.3799999952316284
YML086C,YNL130C,0,-5.794606,0.18415841460227966,0.8584615588188171,0.38030770421028137
YHR004C,YOR301W,0,-5.7958555,0.18403694033622742,0.8584615588188171,0.38061538338661194
YML086C,YOL064C,0,-5.7984395,0.1839156299829483,0.8584615588188171,0.3809230625629425
YDL198C,YBR111W-A,0,-5.7986646,0.18379446864128113,0.8584615588188171,0.38123077154159546
YNL161W,YCR002C,0,-5.7988048,0.18367347121238708,0.8584615588188171,0.381538450717926
YBR260C,YHR062C,0,-5.8046412,0.18355263769626617,0.8584615588188171,0.381846159696579
YHR188C,YLR350W,0,-5.8052254,0.1834319531917572,0.8584615588188171,0.38215383887290955
YCR071C,YJL141C,0,-5.8065724,0.18331143260002136,0.8584615588188171,0.3824615478515625
YDR162C,YDR143C,0,-5.8066363,0.18319107592105865,0.8584615588188171,0.38276922702789307
YPL227C,YBR012W-B,0,-5.8073525,0.18307086825370789,0.8584615588188171,0.383076936006546
YLR380W,YGL061C,0,-5.808762,0.18295082449913025,0.8584615588188171,0.3833846151828766
YOR269W,YOR075W,0,-5.809493,0.18283092975616455,0.8584615588188171,0.38369229435920715
YMR177W,YIL144W,0,-5.8104954,0.18271119892597198,0.8584615588188171,0.3840000033378601
YDR314C,YNL151C,0,-5.8108106,0.18259161710739136,0.8584615588188171,0.3843076825141907
YNL112W,YMR202W,0,-5.811521,0.18247219920158386,0.8584615588188171,0.38461539149284363
YDR085C,YDL166C,0,-5.8116703,0.1823529452085495,0.8584615588188171,0.3849230706691742
YGL061C,YGL212W,0,-5.8147254,0.18223384022712708,0.8584615588188171,0.38523077964782715
YGL032C,YIL046W,0,-5.817558,0.1821148842573166,0.8584615588188171,0.3855384588241577
YPR067W,YBR167C,0,-5.8183484,0.18199609220027924,0.8584615588188171,0.38584616780281067
YMR061W,YDR477W,0,-5.8190284,0.18187744915485382,0.8584615588188171,0.38615384697914124
YKR024C,YOL101C,0,-5.819295,0.18175895512104034,0.8584615588188171,0.3864615261554718
YMR231W,YGR118W,0,-5.822871,0.181640625,0.8584615588188171,0.38676923513412476
YPL125W,YPR191W,0,-5.824081,0.1815224438905716,0.8584615588188171,0.3870769143104553
YMR038C,YBR171W,0,-5.8250318,0.18140442669391632,0.8584615588188171,0.3873846232891083
YPL069C,YMR312W,0,-5.8277335,0.1812865436077118,0.8584615588188171,0.38769230246543884
YKR024C,YDR411C,0,-5.830987,0.1811688244342804,0.8584615588188171,0.3880000114440918
YCR071C,YNL097C,0,-5.831372,0.18105126917362213,0.8584615588188171,0.38830769062042236
YBR123C,YJR135W-A,0,-5.831504,0.1809338480234146,0.8584615588188171,0.38861536979675293
YBR057C,YJR046W,1,-5.8331428,0.18146467208862305,0.8615384697914124,0.38861536979675293
YIR013C,YBR009C,0,-5.83345,0.18134714663028717,0.8615384697914124,0.3889230787754059
YMR038C,YGR056W,0,-5.8349695,0.18122977018356323,0.8615384697914124,0.38923075795173645
YPL149W,YLR303W,0,-5.8377094,0.18111254274845123,0.8615384697914124,0.3895384669303894
YKL053C-A,YCR106W,0,-5.8378234,0.18099547922611237,0.8615384697914124,0.38984614610671997
YJR084W,YGL194C,0,-5.839286,0.18087854981422424,0.8615384697914124,0.3901538550853729
YJR082C,YHR148W,0,-5.841329,0.18076178431510925,0.8615384697914124,0.3904615342617035
YBR029C,YOL116W,0,-5.841486,0.1806451678276062,0.8615384697914124,0.39076924324035645
YLR342W,YDR317W,0,-5.8433433,0.1805286854505539,0.8615384697914124,0.391076922416687
YLR015W,YMR312W,0,-5.8435893,0.18041236698627472,0.8615384697914124,0.3913846015930176
YJL122W,YML025C,0,-5.844049,0.18029619753360748,0.8615384697914124,0.39169231057167053
YDR173C,YMR210W,0,-5.8440633,0.18018017709255219,0.8615384697914124,0.3919999897480011
YLR153C,YLR272C,0,-5.8444753,0.18006430566310883,0.8615384697914124,0.39230769872665405
YIR004W,YOR233W,0,-5.84613,0.1799485832452774,0.8615384697914124,0.3926153779029846
YBR021W,YPL180W,0,-5.8476243,0.17983300983905792,0.8615384697914124,0.3929230868816376
YLR309C,YDR409W,0,-5.849547,0.17971758544445038,0.8615384697914124,0.39323076605796814
YMR202W,YNL310C,0,-5.85069,0.17960231006145477,0.8615384697914124,0.3935384750366211
YPL241C,YGR191W,0,-5.851613,0.1794871836900711,0.8615384697914124,0.39384615421295166
YDR439W,YPR144C,0,-5.851765,0.17937219142913818,0.8615384697914124,0.3941538333892822
YLL050C,YLL060C,0,-5.853524,0.1792573630809784,0.8615384697914124,0.3944615423679352
YOR008C,YDR486C,0,-5.8546576,0.17914266884326935,0.8615384697914124,0.39476922154426575
YPL174C,YPL012W,0,-5.8546906,0.17902813851833344,0.8615384697914124,0.3950769305229187
YPR201W,YBR058C,0,-5.855428,0.17891374230384827,0.8615384697914124,0.39538460969924927
YMR208W,YOL143C,0,-5.8566694,0.17879949510097504,0.8615384697914124,0.3956923186779022
YDL106C,YNL267W,0,-5.857782,0.17868538200855255,0.8615384697914124,0.3959999978542328
YPL085W,YBR182C,0,-5.8585114,0.1785714328289032,0.8615384697914124,0.39630770683288574
YMR288W,YOR137C,0,-5.8596745,0.1784576177597046,0.8615384697914124,0.3966153860092163
YAL024C,YBR223C,0,-5.8605742,0.17834395170211792,0.8615384697914124,0.3969230651855469
YDR096W,YNL047C,0,-5.8625846,0.178230419754982,0.8615384697914124,0.39723077416419983
YER183C,YOL055C,0,-5.8629055,0.1781170517206192,0.8615384697914124,0.3975384533405304
YER042W,YOR130C,0,-5.864161,0.17800381779670715,0.8615384697914124,0.39784616231918335
YPR023C,YDR527W,0,-5.8643107,0.17789071798324585,0.8615384697914124,0.3981538414955139
YCR091W,YLL013C,0,-5.86473,0.17777778208255768,0.8615384697914124,0.39846155047416687
YLR285W,YGL212W,0,-5.866014,0.17766498029232025,0.8615384697914124,0.39876922965049744
YBR111W-A,YDR126W,0,-5.866542,0.17755231261253357,0.8615384697914124,0.399076908826828
YGR123C,YDL052C,0,-5.867007,0.17743979394435883,0.8615384697914124,0.39938461780548096
YGL033W,YOL023W,0,-5.869188,0.17732742428779602,0.8615384697914124,0.3996922969818115
YPL227C,YJL166W,0,-5.869248,0.17721518874168396,0.8615384697914124,0.4000000059604645
YLR015W,YER074W-A,0,-5.869571,0.17710310220718384,0.8615384697914124,0.40030768513679504
YNR074C,YDL147W,0,-5.869761,0.17699114978313446,0.8615384697914124,0.400615394115448
YDR297W,YGL049C,0,-5.8708925,0.17687934637069702,0.8615384697914124,0.40092307329177856
YLR397C,YKL114C,0,-5.8712883,0.17676767706871033,0.8615384697914124,0.4012307822704315
YBR253W,YML029W,0,-5.8721714,0.17665615677833557,0.8615384697914124,0.4015384614467621
YNR074C,YLR435W,0,-5.872515,0.17654477059841156,0.8615384697914124,0.40184614062309265
YPL271W,YDR227W,0,-5.874246,0.1764335185289383,0.8615384697914124,0.4021538496017456
YPR162C,YLR003C,1,-5.8750405,0.17695213854312897,0.8646153807640076,0.4021538496017456
YHR062C,YGL093W,0,-5.8760867,0.17684078216552734,0.8646153807640076,0.40246152877807617
YJR118C,YMR140W,0,-5.8770466,0.17672955989837646,0.8646153807640076,0.4027692377567291
YMR238W,YDR283C,0,-5.8771296,0.17661847174167633,0.8646153807640076,0.4030769169330597
YGR090W,YOR060C,0,-5.877813,0.17650753259658813,0.8646153807640076,0.40338462591171265
YJL104W,YNL264C,0,-5.878298,0.17639674246311188,0.8646153807640076,0.4036923050880432
YKL002W,YOR004W,0,-5.8807025,0.17628607153892517,0.8646153807640076,0.40400001406669617
YJR125C,YJR160C,0,-5.8807063,0.1761755496263504,0.8646153807640076,0.40430769324302673
YOR362C,YKL214C,0,-5.8812194,0.17606516182422638,0.8646153807640076,0.4046153724193573
YJL209W,YBR182C,0,-5.881594,0.1759549081325531,0.8646153807640076,0.40492308139801025
YPR067W,YER007W,0,-5.8831162,0.17584480345249176,0.8646153807640076,0.4052307605743408
YCR089W,YDL105W,0,-5.8837543,0.17573483288288116,0.8646153807640076,0.4055384695529938
YGR060W,YOR334W,0,-5.8846326,0.1756249964237213,0.8646153807640076,0.40584614872932434
YFR055W,YLR360W,0,-5.886472,0.1755153089761734,0.8646153807640076,0.4061538577079773
YOR226C,YLR105C,0,-5.888017,0.17540574073791504,0.8646153807640076,0.40646153688430786
YNL090W,YLR197W,0,-5.889852,0.17529632151126862,0.8646153807640076,0.4067692160606384
YHR053C,YPL130W,0,-5.889976,0.17518703639507294,0.8646153807640076,0.4070769250392914
YGR118W,YMR039C,0,-5.890081,0.175077885389328,0.8646153807640076,0.40738460421562195
YNL259C,YDR170C,0,-5.890923,0.1749688684940338,0.8646153807640076,0.4076923131942749
YOL148C,YKL214C,0,-5.8919287,0.17485998570919037,0.8646153807640076,0.40799999237060547
YPR075C,YOR321W,0,-5.892405,0.17475123703479767,0.8646153807640076,0.4083077013492584
YEL003W,YJR135W-A,0,-5.8930745,0.1746426373720169,0.8646153807640076,0.408615380525589
YMR238W,YGL044C,0,-5.8940496,0.1745341569185257,0.8646153807640076,0.40892308950424194
YKL028W,YMR077C,0,-5.8982944,0.17442582547664642,0.8646153807640076,0.4092307686805725
YGL209W,YMR054W,0,-5.8983364,0.1743176132440567,0.8646153807640076,0.4095384478569031
YPL129W,YBR058C,0,-5.9011693,0.17420955002307892,0.8646153807640076,0.40984615683555603
YJR082C,YDR469W,0,-5.902465,0.17410160601139069,0.8646153807640076,0.4101538360118866
YNL101W,YPR141C,0,-5.903294,0.1739938110113144,0.8646153807640076,0.41046154499053955
YNR074C,YDR137W,0,-5.9038,0.17388613522052765,0.8646153807640076,0.4107692241668701
YOL082W,YGL212W,0,-5.9041343,0.17377860844135284,0.8646153807640076,0.41107693314552307
YOL088C,YJR135W-A,0,-5.904694,0.1736712008714676,0.8646153807640076,0.41138461232185364
YER015W,YOR060C,0,-5.9061003,0.17356392741203308,0.8646153807640076,0.4116923213005066
YDR511W,YLR028C,0,-5.9062147,0.17345678806304932,0.8646153807640076,0.41200000047683716
YOL146W,YIL066C,1,-5.906221,0.1739666908979416,0.8676922917366028,0.41200000047683716
YCR040W,YOL093W,0,-5.9073777,0.17385943233966827,0.8676922917366028,0.4123076796531677
YGL210W-A,YGL055W,0,-5.907932,0.1737523078918457,0.8676922917366028,0.4126153886318207
YHR036W,YDL198C,0,-5.908358,0.17364531755447388,0.8676922917366028,0.41292306780815125
YGL194C,YER018C,0,-5.9087615,0.1735384613275528,0.8676922917366028,0.4132307767868042
YGL029W,YGR169C,0,-5.908795,0.17343173921108246,0.8676922917366028,0.41353845596313477
YLR264W,YNL243W,0,-5.9102273,0.17332513630390167,0.8676922917366028,0.4138461649417877
YOR362C,YBR048W,0,-5.911961,0.17321866750717163,0.8676922917366028,0.4141538441181183
YJR090C,YGL236C,0,-5.9140544,0.17311233282089233,0.8676922917366028,0.41446155309677124
YGL066W,YMR054W,0,-5.9141555,0.17300613224506378,0.8676922917366028,0.4147692322731018
YNL062C,YBR012W-B,0,-5.9151793,0.17290006577968597,0.8676922917366028,0.4150769114494324
YOL068C,YJL104W,0,-5.9155507,0.17279411852359772,0.8676922917366028,0.4153846204280853
YAL058W,YLR079W,0,-5.91602,0.1726883053779602,0.8676922917366028,0.4156922996044159
YIL009W,YNL334C,0,-5.916194,0.17258262634277344,0.8676922917366028,0.41600000858306885
YJL122W,YNL055C,0,-5.917561,0.17247706651687622,0.8676922917366028,0.4163076877593994
YMR056C,YOR048C,0,-5.9215703,0.17237164080142975,0.8676922917366028,0.41661539673805237
YLR303W,YIL037C,0,-5.9229693,0.17226633429527283,0.8676922917366028,0.41692307591438293
YPR183W,YHR059W,0,-5.9235134,0.17216117680072784,0.8676922917366028,0.4172307550907135
YMR312W,YNL227C,0,-5.9284334,0.1720561385154724,0.8676922917366028,0.41753846406936646
YAL010C,YMR037C,0,-5.9286056,0.17195121943950653,0.8676922917366028,0.417846143245697
YLR106C,YNL099C,0,-5.928809,0.1718464344739914,0.8676922917366028,0.41815385222435
YCR071C,YMR070W,0,-5.929774,0.171741783618927,0.8676922917366028,0.41846153140068054
YJR125C,YBR058C,0,-5.929852,0.17163725197315216,0.8676922917366028,0.4187692403793335
YPL255W,YGL095C,0,-5.9317346,0.17153283953666687,0.8676922917366028,0.41907691955566406
YER178W,YPR121W,0,-5.932443,0.17142857611179352,0.8676922917366028,0.419384628534317
YMR037C,YMR210W,0,-5.932656,0.17132441699504852,0.8676922917366028,0.4196923077106476
YGL029W,YDL090C,0,-5.9333816,0.17122040688991547,0.8676922917366028,0.41999998688697815
YDL166C,YHR188C,0,-5.935039,0.17111650109291077,0.8676922917366028,0.4203076958656311
YAL025C,YGL048C,0,-5.93586,0.1710127294063568,0.8676922917366028,0.42061537504196167
YLR284C,YLR316C,0,-5.9370036,0.1709090918302536,0.8676922917366028,0.4209230840206146
YKR052C,YGL127C,0,-5.9370637,0.17080557346343994,0.8676922917366028,0.4212307631969452
YPL241C,YBR182C,0,-5.937376,0.17070217430591583,0.8676922917366028,0.42153847217559814
YJR090C,YDR486C,0,-5.938056,0.17059890925884247,0.8676922917366028,0.4218461513519287
YML071C,YMR054W,0,-5.9383054,0.17049576342105865,0.8676922917366028,0.42215386033058167
YLR310C,YOR269W,0,-5.9427295,0.17039275169372559,0.8676922917366028,0.42246153950691223
YDL069C,YER160C,0,-5.9469852,0.17028985917568207,0.8676922917366028,0.4227692186832428
YDL035C,YBL106C,0,-5.948069,0.1701870858669281,0.8676922917366028,0.42307692766189575
YIL017W,YAL002W,0,-5.948331,0.17008443176746368,0.8676922917366028,0.4233846068382263
YGR157W,YBR260C,0,-5.950557,0.16998191177845,0.8676922917366028,0.4236923158168793
YKL154W,YAL001C,0,-5.950999,0.1698795109987259,0.8676922917366028,0.42399999499320984
YMR219W,YKR097W,0,-5.9517646,0.16977724432945251,0.8676922917366028,0.4243077039718628
YKR054C,YNL173C,0,-5.9530864,0.1696750968694687,0.8676922917366028,0.42461538314819336
YDR439W,YKR052C,0,-5.9544244,0.16957305371761322,0.8676922917366028,0.4249230623245239
YDL245C,YLR138W,0,-5.9557023,0.1694711595773697,0.8676922917366028,0.4252307713031769
YOL055C,YNL299W,0,-5.9564557,0.16936936974525452,0.8676922917366028,0.42553845047950745
YPL194W,YDR411C,0,-5.957013,0.1692677140235901,0.8676922917366028,0.4258461594581604
YNR032W,YBR254C,0,-5.9614244,0.16916616261005402,0.8676922917366028,0.42615383863449097
YKL064W,YDR477W,0,-5.961837,0.1690647453069687,0.8676922917366028,0.4264615476131439
YDL236W,YPL130W,0,-5.9644575,0.1689634472131729,0.8676922917366028,0.4267692267894745
YNL062C,YLR067C,0,-5.966054,0.1688622683286667,0.8676922917366028,0.42707693576812744
YGL061C,YLR303W,0,-5.966828,0.1687612235546112,0.8676922917366028,0.427384614944458
YHR060W,YOR129C,0,-5.967173,0.16866028308868408,0.8676922917366028,0.4276922941207886
YBR112C,YDR027C,0,-5.9696,0.1685594767332077,0.8676922917366028,0.42800000309944153
YDR256C,YMR288W,0,-5.969745,0.16845877468585968,0.8676922917366028,0.4283076822757721
YPL233W,YOR338W,0,-5.969813,0.1683582067489624,0.8676922917366028,0.42861539125442505
YKL008C,YDR027C,0,-5.9698496,0.16825775802135468,0.8676922917366028,0.4289230704307556
YPL259C,YMR022W,0,-5.972389,0.1681574285030365,0.8676922917366028,0.42923077940940857
YGL018C,YER087C-A,0,-5.974282,0.16805721819400787,0.8676922917366028,0.42953845858573914
YOR355W,YER018C,0,-5.9744887,0.1679571121931076,0.8676922917366028,0.4298461675643921
YDR130C,YLR264W,0,-5.974793,0.16785714030265808,0.8676922917366028,0.43015384674072266
YOR355W,YOR129C,0,-5.9759564,0.1677572876214981,0.8676922917366028,0.4304615259170532
YMR113W,YDR096W,0,-5.9771667,0.16765755414962769,0.8676922917366028,0.4307692348957062
YPL259C,YDR459C,0,-5.9773793,0.16755792498588562,0.8676922917366028,0.43107691407203674
YOR321W,YJR009C,0,-5.978068,0.1674584299325943,0.8676922917366028,0.4313846230506897
YJL091C,YGL066W,0,-5.978166,0.16735905408859253,0.8676922917366028,0.43169230222702026
YDR236C,YBR182C,0,-5.978994,0.16725978255271912,0.8676922917366028,0.4320000112056732
YDL022W,YCL059C,0,-5.9804626,0.16716064512729645,0.8676922917366028,0.4323076903820038
YNL161W,YMR037C,0,-5.9810686,0.16706161201000214,0.8676922917366028,0.43261539936065674
YKL017C,YIL066C,1,-5.981686,0.16755476593971252,0.870769202709198,0.43261539936065674
YLR310C,YMR210W,0,-5.9821324,0.16745562851428986,0.870769202709198,0.4329230785369873
YHR188C,YOL110W,0,-5.9826775,0.16735659539699554,0.870769202709198,0.43323075771331787
YGL005C,YGR200C,0,-5.9827027,0.16725768148899078,0.870769202709198,0.4335384666919708
YPL119C,YOR095C,0,-5.984275,0.16715888679027557,0.870769202709198,0.4338461458683014
YNL159C,YCR089W,0,-5.984441,0.16706021130084991,0.870769202709198,0.43415385484695435
YDR151C,YPR198W,0,-5.9850373,0.1669616550207138,0.870769202709198,0.4344615340232849
YPR120C,YJR046W,1,-5.9853387,0.1674528270959854,0.873846173286438,0.4344615340232849
YHR082C,YKL008C,0,-5.9862924,0.16735415160655975,0.873846173286438,0.43476924300193787
YBL017C,YLR084C,0,-5.98738,0.16725559532642365,0.873846173286438,0.43507692217826843
YDL112W,YDR532C,0,-5.988002,0.1671571582555771,0.873846173286438,0.435384601354599
YNL159C,YGL209W,0,-5.9880643,0.1670588254928589,0.873846173286438,0.43569231033325195
YDR440W,YGR163W,0,-5.9881053,0.16696061193943024,0.873846173286438,0.4359999895095825
YLR310C,YDL245C,0,-5.988758,0.16686251759529114,0.873846173286438,0.4363076984882355
YPR105C,YBR058C,0,-5.990063,0.1667645275592804,0.873846173286438,0.43661537766456604
YIL124W,YHR143W-A,0,-5.990197,0.1666666716337204,0.873846173286438,0.436923086643219
YJL035C,YER160C,0,-5.991701,0.16656892001628876,0.873846173286438,0.43723076581954956
YJR082C,YLR208W,0,-5.992123,0.16647127270698547,0.873846173286438,0.4375384747982025
YLR372W,YER074W-A,0,-5.9922137,0.16637375950813293,0.873846173286438,0.4378461539745331
YDR147W,YBL013W,0,-5.994699,0.16627635061740875,0.873846173286438,0.43815383315086365
YMR032W,YLR266C,0,-5.9953685,0.16617904603481293,0.873846173286438,0.4384615421295166
YJR064W,YMR022W,0,-5.9958615,0.16608187556266785,0.873846173286438,0.43876922130584717
YPR122W,YDR137W,0,-5.996345,0.16598480939865112,0.873846173286438,0.4390769302845001
YPL048W,YLR201C,0,-5.9963684,0.16588784754276276,0.873846173286438,0.4393846094608307
YDR511W,YDL236W,0,-5.9968653,0.16579100489616394,0.873846173286438,0.43969231843948364
YPR185W,YLR391W,0,-5.9970994,0.16569428145885468,0.873846173286438,0.4399999976158142
YDR168W,YDR459C,0,-5.9986672,0.16559766232967377,0.873846173286438,0.44030770659446716
YIL073C,YGL162W,0,-5.9989877,0.1655011624097824,0.873846173286438,0.44061538577079773
YJR073C,YER160C,0,-5.999803,0.1654047816991806,0.873846173286438,0.4409230649471283
YDR106W,YDR375C,0,-6.0005574,0.16530850529670715,0.873846173286438,0.44123077392578125
YBL041W,YOL004W,0,-6.001049,0.16521233320236206,0.873846173286438,0.4415384531021118
YIL010W,YKR052C,0,-6.002749,0.16511628031730652,0.873846173286438,0.44184616208076477
YOR204W,YHR188C,0,-6.003155,0.16502033174037933,0.873846173286438,0.44215384125709534
YLR391W,YNL003C,0,-6.00374,0.1649245023727417,0.873846173286438,0.4424615502357483
YDR256C,YOR347C,0,-6.004428,0.16482879221439362,0.873846173286438,0.44276922941207886
YBR168W,YBR167C,0,-6.005633,0.1647331714630127,0.873846173286438,0.4430769085884094
YPL262W,YDR159W,0,-6.0060415,0.16463768482208252,0.873846173286438,0.4433846175670624
YGL173C,YLR033W,0,-6.0075054,0.1645422875881195,0.873846173286438,0.44369229674339294
YJL053W,YCR106W,0,-6.0089955,0.16444702446460724,0.873846173286438,0.4440000057220459
YJR160C,YOR275C,0,-6.0094533,0.16435185074806213,0.873846173286438,0.44430768489837646
YOR213C,YBR284W,0,-6.009909,0.16425679624080658,0.873846173286438,0.4446153938770294
YDR002W,YNL310C,0,-6.01199,0.16416184604167938,0.873846173286438,0.44492307305336
YEL003W,YNL016W,0,-6.0134454,0.16406701505184174,0.873846173286438,0.44523078203201294
YPR183W,YGL246C,0,-6.0150805,0.16397228837013245,0.873846173286438,0.4455384612083435
YML086C,YGR009C,0,-6.0152507,0.1638776659965515,0.873846173286438,0.4458461403846741
YJR031C,YIL154C,0,-6.01553,0.16378316283226013,0.873846173286438,0.446153849363327
YBR042C,YOR193W,0,-6.016868,0.1636887639760971,0.873846173286438,0.4464615285396576
YLR206W,YKR065C,0,-6.0177026,0.16359446942806244,0.873846173286438,0.44676923751831055
YDR281C,YDR240C,0,-6.0184627,0.16350029408931732,0.873846173286438,0.4470769166946411
YLR158C,YJL209W,0,-6.020071,0.16340620815753937,0.873846173286438,0.44738462567329407
YDL192W,YJR097W,0,-6.020256,0.16331224143505096,0.873846173286438,0.44769230484962463
YGR212W,YDR213W,0,-6.021747,0.1632183939218521,0.873846173286438,0.4480000138282776
YDR490C,YFR040W,0,-6.022065,0.16312463581562042,0.873846173286438,0.44830769300460815
YGL194C,YMR231W,0,-6.0228047,0.16303099691867828,0.873846173286438,0.4486153721809387
YNL112W,YPL180W,0,-6.023277,0.1629374623298645,0.873846173286438,0.4489230811595917
YLR079W,YPL122C,0,-6.0246716,0.16284403204917908,0.873846173286438,0.44923076033592224
YOL082W,YDL198C,0,-6.0253754,0.1627507209777832,0.873846173286438,0.4495384693145752
YKR068C,YMR238W,0,-6.026074,0.1626574993133545,0.873846173286438,0.44984614849090576
YJR097W,YER087C-B,0,-6.026537,0.16256439685821533,0.873846173286438,0.4501538574695587
YJL087C,YJL059W,0,-6.027247,0.16247139871120453,0.873846173286438,0.4504615366458893
YBR092C,YNL209W,0,-6.027255,0.16237850487232208,0.873846173286438,0.45076924562454224
YPL008W,YKL129C,0,-6.027793,0.162285715341568,0.873846173286438,0.4510769248008728
YOR269W,YGL126W,0,-6.0283246,0.16219303011894226,0.873846173286438,0.45138460397720337
YDR281C,YLR197W,0,-6.0285907,0.16210044920444489,0.873846173286438,0.4516923129558563
YLR153C,YHR165C,0,-6.0295944,0.16200798749923706,0.873846173286438,0.4519999921321869
YGL001C,YHR079C-B,0,-6.029848,0.1619156152009964,0.873846173286438,0.45230770111083984
YJR046W,YLR003C,1,-6.031036,0.16239316761493683,0.8769230842590332,0.45230770111083984
YJL091C,YPL130W,0,-6.0315084,0.16230067610740662,0.8769230842590332,0.4526153802871704
YOR057W,YMR095C,0,-6.032491,0.16220830380916595,0.8769230842590332,0.45292308926582336
YGL126W,YLR447C,0,-6.032662,0.16211603581905365,0.8769230842590332,0.45323076844215393
YBR170C,YIL122W,0,-6.036372,0.1620238721370697,0.8769230842590332,0.4535384476184845
YPL048W,YER087C-A,0,-6.0374475,0.1619318127632141,0.8769230842590332,0.45384615659713745
YNL016W,YER148W,0,-6.0374937,0.16183985769748688,0.8769230842590332,0.454153835773468
YMR275C,YER159C,0,-6.0382276,0.161748006939888,0.8769230842590332,0.45446154475212097
YLR201C,YOL061W,0,-6.038962,0.16165626049041748,0.8769230842590332,0.45476922392845154
YDR173C,YGL116W,0,-6.038964,0.1615646332502365,0.8769230842590332,0.4550769329071045
YLR350W,YOR367W,0,-6.0398383,0.1614730805158615,0.8769230842590332,0.45538461208343506
YEL003W,YIL077C,0,-6.0403767,0.16138164699077606,0.8769230842590332,0.455692321062088
YBR143C,YAL002W,0,-6.0405555,0.16129031777381897,0.8769230842590332,0.4560000002384186
YBR196C,YLR086W,0,-6.042209,0.16119909286499023,0.8769230842590332,0.45630767941474915
YDR126W,YHR060W,0,-6.042871,0.16110797226428986,0.8769230842590332,0.4566153883934021
YLR098C,YJR009C,0,-6.0464215,0.16101695597171783,0.8769230842590332,0.45692306756973267
YMR146C,YER074W-A,0,-6.047611,0.16092602908611298,0.8769230842590332,0.4572307765483856
YGL029W,YJL091C,0,-6.047775,0.16083522140979767,0.8769230842590332,0.4575384557247162
YEL017C-A,YAL001C,0,-6.048792,0.16074450314044952,0.8769230842590332,0.45784616470336914
YIL105C,YAL047C,0,-6.049585,0.16065388917922974,0.8769230842590332,0.4581538438796997
YKL172W,YKL129C,0,-6.0531707,0.1605633795261383,0.8769230842590332,0.45846155285835266
YGR247W,YDR414C,0,-6.0533786,0.16047297418117523,0.8769230842590332,0.4587692320346832
YBR112C,YJL069C,0,-6.0540032,0.16038267314434052,0.8769230842590332,0.4590769112110138
YDR218C,YDR362C,0,-6.054088,0.16029246151447296,0.8769230842590332,0.45938462018966675
YNR032W,YER087C-B,0,-6.0541043,0.16020235419273376,0.8769230842590332,0.4596922993659973
YOL064C,YBR168W,0,-6.055906,0.16011236608028412,0.8769230842590332,0.46000000834465027
YEL017C-A,YPL124W,0,-6.0588536,0.16002245247364044,0.8769230842590332,0.46030768752098083
YPL078C,YNR032W,0,-6.058925,0.15993265807628632,0.8769230842590332,0.4606153964996338
YNL166C,YPR133W-A,0,-6.0600123,0.15984296798706055,0.8769230842590332,0.46092307567596436
YNR001C,YLR216C,0,-6.0605464,0.15975336730480194,0.8769230842590332,0.4612307548522949
YBR279W,YNL221C,0,-6.0610776,0.1596638709306717,0.8769230842590332,0.4615384638309479
YGR070W,YHR139C,0,-6.0631814,0.1595744639635086,0.8769230842590332,0.46184614300727844
YAR018C,YOR018W,0,-6.063355,0.15948517620563507,0.8769230842590332,0.4621538519859314
YGR056W,YGL126W,0,-6.0667205,0.1593959778547287,0.8769230842590332,0.46246153116226196
YDR527W,YNL202W,0,-6.0680804,0.1593068689107895,0.8769230842590332,0.4627692401409149
YKR052C,YER087C-B,0,-6.07319,0.15921787917613983,0.8769230842590332,0.4630769193172455
YGL020C,YBR092C,0,-6.074144,0.15912897884845734,0.8769230842590332,0.46338462829589844
YDR469W,YBR111W-A,0,-6.074698,0.1590401828289032,0.8769230842590332,0.463692307472229
YDR085C,YKL040C,0,-6.075129,0.15895147621631622,0.8769230842590332,0.46399998664855957
YGR086C,YIL122W,0,-6.078846,0.1588628739118576,0.8769230842590332,0.4643076956272125
YDR263C,YIL014W,0,-6.0790734,0.15877437591552734,0.8769230842590332,0.4646153748035431
YOR233W,YGL048C,0,-6.079818,0.15868596732616425,0.8769230842590332,0.46492308378219604
YDR173C,YLR260W,0,-6.07995,0.1585976630449295,0.8769230842590332,0.4652307629585266
YJL209W,YOR095C,0,-6.080856,0.15850944817066193,0.8769230842590332,0.46553847193717957
YOR355W,YDR002W,0,-6.083402,0.1584213525056839,0.8769230842590332,0.46584615111351013
YMR146C,YBL100W-B,0,-6.0846524,0.15833333134651184,0.8769230842590332,0.4661538600921631
YMR238W,YBR284W,0,-6.0854173,0.15824541449546814,0.8769230842590332,0.46646153926849365
YHR053C,YGL126W,0,-6.085552,0.1581576019525528,0.8769230842590332,0.4667692184448242
YNL072W,YJR046W,1,-6.0861783,0.15862451493740082,0.8799999952316284,0.4667692184448242
YHL047C,YGL044C,0,-6.0862303,0.15853658318519592,0.8799999952316284,0.4670769274234772
YPR105C,YPL194W,0,-6.0865602,0.15844875574111938,0.8799999952316284,0.46738460659980774
YJL050W,YOR007C,0,-6.0870695,0.15836101770401,0.8799999952316284,0.4676923155784607
YNL111C,YJR090C,0,-6.087521,0.158273383975029,0.8799999952316284,0.46799999475479126
YNL192W,YDL236W,0,-6.091126,0.15818583965301514,0.8799999952316284,0.4683077037334442
YKL062W,YOL040C,0,-6.093044,0.15809839963912964,0.8799999952316284,0.4686153829097748
YJR082C,YDR177W,0,-6.0931373,0.1580110490322113,0.8799999952316284,0.46892306208610535
YKL114C,YGL029W,0,-6.0941515,0.15792380273342133,0.8799999952316284,0.4692307710647583
YDL229W,YGL049C,0,-6.094887,0.1578366458415985,0.8799999952316284,0.46953845024108887
YLR201C,YFR055W,0,-6.095321,0.15774959325790405,0.8799999952316284,0.4698461592197418
YJL099W,YOR095C,0,-6.0953994,0.15766263008117676,0.8799999952316284,0.4701538383960724
YOL061W,YOR084W,0,-6.0961213,0.15757575631141663,0.8799999952316284,0.47046154737472534
YPR185W,YPL063W,0,-6.0979266,0.15748898684978485,0.8799999952316284,0.4707692265510559
YAL058W,YNL188W,0,-6.098668,0.15740230679512024,0.8799999952316284,0.47107693552970886
YNL264C,YEL054C,0,-6.098874,0.15731573104858398,0.8799999952316284,0.47138461470603943
YPL135W,YLR272C,0,-6.099092,0.1572292447090149,0.8799999952316284,0.47169229388237
YPR112C,YBL005W-B,0,-6.1005754,0.15714286267757416,0.8799999952316284,0.47200000286102295
YIR002C,YHR079C-A,0,-6.1012893,0.1570565551519394,0.8799999952316284,0.4723076820373535
YPR055W,YDR177W,0,-6.1017895,0.15697036683559418,0.8799999952316284,0.47261539101600647
YLR028C,YPR075C,0,-6.1019864,0.15688425302505493,0.8799999952316284,0.47292307019233704
YOR057W,YBR058C,0,-6.1025558,0.15679824352264404,0.8799999952316284,0.47323077917099
YML099C,YLR435W,0,-6.104154,0.15671232342720032,0.8799999952316284,0.47353845834732056
YMR208W,YMR288W,0,-6.1051617,0.15662650763988495,0.8799999952316284,0.4738461673259735
YNL159C,YLR391W-A,0,-6.105239,0.15654078125953674,0.8799999952316284,0.4741538465023041
YIL009C-A,YLR222C,0,-6.1080337,0.1564551442861557,0.8799999952316284,0.47446152567863464
YGL246C,YPL129W,0,-6.1095815,0.15636959671974182,0.8799999952316284,0.4747692346572876
YGR157W,YNL160W,0,-6.109798,0.1562841534614563,0.8799999952316284,0.47507691383361816
YLR321C,YDR322C-A,0,-6.110473,0.15619879961013794,0.8799999952316284,0.4753846228122711
YIL017W,YGR296W,0,-6.1110845,0.15611353516578674,0.8799999952316284,0.4756923019886017
YDR130C,YBL022C,0,-6.1131577,0.1560283750295639,0.8799999952316284,0.47600001096725464
YMR113W,YBR009C,0,-6.1131916,0.15594328939914703,0.8799999952316284,0.4763076901435852
YOR236W,YNL160W,0,-6.1135306,0.15585830807685852,0.8799999952316284,0.47661539912223816
YDR206W,YKL129C,0,-6.1135554,0.15577341616153717,0.8799999952316284,0.4769230782985687
YGR116W,YLR372W,0,-6.1160574,0.15568862855434418,0.8799999952316284,0.4772307574748993
YJL060W,YIL144W,0,-6.1160893,0.15560391545295715,0.8799999952316284,0.47753846645355225
YKR003W,YNL054W,0,-6.118971,0.1555193066596985,0.8799999952316284,0.4778461456298828
YBL040C,YDL097C,0,-6.119789,0.15543478727340698,0.8799999952316284,0.47815385460853577
YPR144C,YKR065C,0,-6.120114,0.15535035729408264,0.8799999952316284,0.47846153378486633
YLR321C,YDR381W,0,-6.120464,0.15526601672172546,0.8799999952316284,0.4787692427635193
YNL221C,YOR290C,0,-6.120849,0.15518176555633545,0.8799999952316284,0.47907692193984985
YIL044C,YBR131W,0,-6.1259685,0.1550976186990738,0.8799999952316284,0.4793846011161804
YDR256C,YKL134C,0,-6.1263413,0.1550135463476181,0.8799999952316284,0.4796923100948334
YBR158W,YGL049C,0,-6.126642,0.15492957830429077,0.8799999952316284,0.47999998927116394
YGR040W,YHR062C,0,-6.1269107,0.1548456996679306,0.8799999952316284,0.4803076982498169
YGL135W,YKL070W,0,-6.128158,0.1547619104385376,0.8799999952316284,0.48061537742614746
YPL098C,YHR020W,0,-6.129586,0.15467821061611176,0.8799999952316284,0.4809230864048004
YLR391W-A,YDR490C,0,-6.129927,0.15459460020065308,0.8799999952316284,0.481230765581131
YMR036C,YMR039C,0,-6.131435,0.15451107919216156,0.8799999952316284,0.48153847455978394
YPL256C,YPR103W,0,-6.131646,0.1544276475906372,0.8799999952316284,0.4818461537361145
YPL271W,YNL130C,0,-6.1319275,0.15434430539608002,0.8799999952316284,0.48215383291244507
YFL050C,YPR067W,0,-6.1327825,0.15426105260849,0.8799999952316284,0.482461541891098
YGR247W,YOL027C,0,-6.133135,0.15417790412902832,0.8799999952316284,0.4827692210674286
YNL330C,YOL148C,0,-6.1359587,0.15409483015537262,0.8799999952316284,0.48307693004608154
YOL055C,YIR026C,0,-6.138304,0.15401184558868408,0.8799999952316284,0.4833846092224121
YLR423C,YDR424C,0,-6.138431,0.1539289504289627,0.8799999952316284,0.48369231820106506
YIL009C-A,YJR004C,0,-6.1387362,0.1538461595773697,0.8799999952316284,0.48399999737739563
YOR008C,YIR026C,0,-6.1388574,0.15376344323158264,0.8799999952316284,0.4843077063560486
YBR236C,YNL159C,0,-6.139934,0.15368081629276276,0.8799999952316284,0.48461538553237915
YNL047C,YGR090W,0,-6.140205,0.15359827876091003,0.8799999952316284,0.4849230647087097
YGL174W,YMR134W,0,-6.1402087,0.15351583063602448,0.8799999952316284,0.48523077368736267
YDR179C,YCL003W,0,-6.141169,0.15343347191810608,0.8799999952316284,0.48553845286369324
YDL198C,YJR009C,0,-6.142007,0.15335120260715485,0.8799999952316284,0.4858461618423462
YDR206W,YKL012W,0,-6.1423807,0.15326902270317078,0.8799999952316284,0.48615384101867676
YJL166W,YIL139C,0,-6.1424108,0.15318693220615387,0.8799999952316284,0.4864615499973297
YLR097C,YLR084C,0,-6.1434317,0.15310493111610413,0.8799999952316284,0.4867692291736603
YDL160C,YLR067C,0,-6.1445374,0.15302300453186035,0.8799999952316284,0.48707690834999084
YJR108W,YKR081C,0,-6.145701,0.15294118225574493,0.8799999952316284,0.4873846173286438
YLR284C,YDL105W,0,-6.14707,0.15285943448543549,0.8799999952316284,0.48769229650497437
YDL236W,YMR022W,0,-6.1479187,0.1527777761220932,0.8799999952316284,0.4880000054836273
YEL066W,YLR321C,0,-6.149114,0.15269620716571808,0.8799999952316284,0.4883076846599579
YAR018C,YKR065C,0,-6.1496983,0.15261472761631012,0.8799999952316284,0.48861539363861084
YNR032W,YER162C,0,-6.14985,0.15253333747386932,0.8799999952316284,0.4889230728149414
YNL126W,YMR134W,0,-6.1508474,0.1524520218372345,0.8799999952316284,0.48923078179359436
YDL166C,YDL059C,0,-6.1515837,0.15237081050872803,0.8799999952316284,0.4895384609699249
YPR141C,YOL026C,0,-6.1528525,0.15228967368602753,0.8799999952316284,0.4898461401462555
YJR160C,YIL073C,0,-6.1530957,0.1522086262702942,0.8799999952316284,0.49015384912490845
YPR163C,YOL128C,0,-6.155514,0.15212765336036682,0.8799999952316284,0.490461528301239
YLR423C,YHR165C,0,-6.156718,0.1520467847585678,0.8799999952316284,0.49076923727989197
YOR269W,YDR545W,0,-6.1573033,0.15196599066257477,0.8799999952316284,0.49107691645622253
YGL127C,YNL253W,0,-6.158958,0.1518852859735489,0.8799999952316284,0.4913846254348755
YKR057W,YGL232W,0,-6.1598697,0.15180467069149017,0.8799999952316284,0.49169230461120605
YMR280C,YPR055W,0,-6.1656327,0.15172414481639862,0.8799999952316284,0.492000013589859
YPR120C,YIL066C,1,-6.1658177,0.15217390656471252,0.8830769062042236,0.492000013589859
YLR391W-A,YER024W,0,-6.1663704,0.15209327638149261,0.8830769062042236,0.4923076927661896
YJR065C,YJR090C,0,-6.167379,0.15201270580291748,0.8830769062042236,0.49261537194252014
YDR280W,YDR297W,0,-6.1677346,0.1519322395324707,0.8830769062042236,0.4929230809211731
YDR281C,YMR210W,0,-6.169681,0.1518518477678299,0.8830769062042236,0.49323076009750366
YOR367W,YDR065W,0,-6.169822,0.15177154541015625,0.8830769062042236,0.4935384690761566
YDL226C,YOL148C,0,-6.171851,0.15169133245944977,0.8830769062042236,0.4938461482524872
YIR025W,YNL160W,0,-6.172158,0.15161119401454926,0.8830769062042236,0.49415385723114014
YDR263C,YBR207W,0,-6.1724567,0.1515311449766159,0.8830769062042236,0.4944615364074707
YLR028C,YDR182W,0,-6.1728783,0.15145118534564972,0.8830769062042236,0.49476924538612366
YDR404C,YBR130C,0,-6.1736474,0.1513713151216507,0.8830769062042236,0.4950769245624542
YOL040C,YLR321C,0,-6.1737347,0.15129151940345764,0.8830769062042236,0.4953846037387848
YKL214C,YLL017W,0,-6.1743116,0.15121179819107056,0.8830769062042236,0.49569231271743774
YBR158W,YGR116W,0,-6.1744385,0.15113218128681183,0.8830769062042236,0.4959999918937683
YMR014W,YMR238W,0,-6.1746745,0.15105263888835907,0.8830769062042236,0.49630770087242126
YPL262W,YBR237W,0,-6.17503,0.15097317099571228,0.8830769062042236,0.49661538004875183
YKL070W,YMR210W,0,-6.1756387,0.15089379251003265,0.8830769062042236,0.4969230890274048
YOR211C,YKL196C,0,-6.1758943,0.1508145034313202,0.8830769062042236,0.49723076820373535
YGL018C,YML107C,0,-6.1765437,0.1507352888584137,0.8830769062042236,0.4975384473800659
YLR286C,YBR009C,0,-6.1787615,0.15065616369247437,0.8830769062042236,0.49784615635871887
YMR280C,YDL090C,0,-6.1795297,0.1505771279335022,0.8830769062042236,0.49815383553504944
YGR157W,YNL116W,0,-6.1806107,0.150498166680336,0.8830769062042236,0.4984615445137024
YPL160W,YDR037W,0,-6.181121,0.15041927993297577,0.8830769062042236,0.49876922369003296
YCR020W-B,YCR091W,0,-6.1813416,0.1503404974937439,0.8830769062042236,0.4990769326686859
YER146W,YDL059C,0,-6.183723,0.1502617746591568,0.8830769062042236,0.4993846118450165
YJR125C,YNL004W,0,-6.185469,0.15018315613269806,0.8830769062042236,0.49969232082366943
YNL130C,YGR123C,0,-6.1862426,0.1501045972108841,0.8830769062042236,0.5
YLR459W,YGR191W,0,-6.188832,0.1500261425971985,0.8830769062042236,0.5003076791763306
YDR173C,YPR164W,0,-6.1890492,0.14994774758815765,0.8830769062042236,0.5006153583526611
YGL020C,YFL026W,0,-6.1891403,0.14986945688724518,0.8830769062042236,0.5009230971336365
YMR033W,YPL130W,0,-6.189186,0.14979122579097748,0.8830769062042236,0.501230776309967
YLR391W-A,YOL091W,0,-6.1905065,0.14971309900283813,0.8830769062042236,0.5015384554862976
YCR008W,YLR249W,0,-6.1908746,0.14963503181934357,0.8830769062042236,0.5018461346626282
YIR025W,YDR162C,0,-6.1913133,0.14955705404281616,0.8830769062042236,0.5021538734436035
YNR032W,YNL045W,0,-6.1919904,0.14947916567325592,0.8830769062042236,0.5024615526199341
YDL155W,YML029W,0,-6.191995,0.14940135180950165,0.8830769062042236,0.5027692317962646
YNL242W,YNL021W,0,-6.192449,0.14932362735271454,0.8830769062042236,0.5030769109725952
YLR206W,YGR060W,0,-6.1962614,0.1492459625005722,0.8830769062042236,0.5033845901489258
YPR144C,YOR362C,0,-6.1966434,0.14916840195655823,0.8830769062042236,0.5036923289299011
YIL072W,YPR113W,0,-6.196919,0.14909091591835022,0.8830769062042236,0.5040000081062317
YLR423C,YLR285W,0,-6.197236,0.14901350438594818,0.8830769062042236,0.5043076872825623
YKR065C,YCR106W,0,-6.1979046,0.1489361673593521,0.8830769062042236,0.5046153664588928
YBR170C,YCR057C,0,-6.198155,0.1488589197397232,0.8830769062042236,0.5049231052398682
YBR112C,YOR136W,0,-6.198573,0.14878174662590027,0.8830769062042236,0.5052307844161987
YOR080W,YIL066C,1,-6.1993337,0.14922279119491577,0.8861538171768188,0.5052307844161987
YOL040C,YDR178W,0,-6.1998386,0.14914551377296448,0.8861538171768188,0.5055384635925293
YHR004C,YNL012W,0,-6.2000823,0.14906832575798035,0.8861538171768188,0.5058461427688599
YGL071W,YBR012W-A,0,-6.2015414,0.14899121224880219,0.8861538171768188,0.5061538219451904
YMR022W,YNL054W,0,-6.201549,0.14891417324543,0.8861538171768188,0.5064615607261658
YDR317W,YOL116W,0,-6.201855,0.14883720874786377,0.8861538171768188,0.5067692399024963
YPL156C,YJR033C,0,-6.2018943,0.1487603336572647,0.8861538171768188,0.5070769190788269
YGL033W,YDR459C,0,-6.2030597,0.14868353307247162,0.8861538171768188,0.5073845982551575
YJR006W,YIL066C,1,-6.20359,0.14912280440330505,0.8892307877540588,0.5073845982551575
YLR085C,YKL043W,0,-6.205156,0.1490458995103836,0.8892307877540588,0.5076923370361328
YOL143C,YHR008C,0,-6.2075953,0.14896906912326813,0.8892307877540588,0.5080000162124634
YKR027W,YBR196C,0,-6.2080927,0.1488923281431198,0.8892307877540588,0.508307695388794
YGL116W,YCR040W,0,-6.208367,0.14881564676761627,0.8892307877540588,0.5086153745651245
YGR217W,YBR048W,0,-6.2116804,0.1487390697002411,0.8892307877540588,0.5089230537414551
YDL198C,YOL054W,0,-6.213247,0.14866255223751068,0.8892307877540588,0.5092307925224304
YBR161W,YIL068C,0,-6.2136445,0.14858612418174744,0.8892307877540588,0.509538471698761
YBR199W,YOR301W,0,-6.2144723,0.14850977063179016,0.8892307877540588,0.5098461508750916
YKL008C,YML027W,0,-6.214761,0.14843349158763885,0.8892307877540588,0.5101538300514221
YNL253W,YJR135W-A,0,-6.2151494,0.14835728704929352,0.8892307877540588,0.5104615092277527
YOL123W,YNL090W,0,-6.215651,0.14828117191791534,0.8892307877540588,0.510769248008728
YNL257C,YGR296W,0,-6.215871,0.14820513129234314,0.8892307877540588,0.5110769271850586
YPL256C,YKL175W,0,-6.2158713,0.1481291651725769,0.8892307877540588,0.5113846063613892
YOR007C,YDR260C,0,-6.217977,0.14805327355861664,0.8892307877540588,0.5116922855377197
YAL026C,YER007W,0,-6.218299,0.14797747135162354,0.8892307877540588,0.5120000243186951
YAL025C,YOR362C,0,-6.218426,0.1479017436504364,0.8892307877540588,0.5123077034950256
YOR142W,YBR123C,0,-6.219061,0.14782609045505524,0.8892307877540588,0.5126153826713562
YBR286W,YNL112W,0,-6.219896,0.14775051176548004,0.8892307877540588,0.5129230618476868
YJL164C,YGR141W,0,-6.220232,0.14767500758171082,0.8892307877540588,0.5132307410240173
YBR042C,YPL156C,0,-6.2214184,0.14759959280490875,0.8892307877540588,0.5135384798049927
YGL029W,YJL101C,0,-6.221492,0.14752425253391266,0.8892307877540588,0.5138461589813232
YER020W,YOR181W,0,-6.2223935,0.14744898676872253,0.8892307877540588,0.5141538381576538
YJL033W,YER074W-A,0,-6.222701,0.14737379550933838,0.8892307877540588,0.5144615173339844
YPL048W,YHR059W,0,-6.2234397,0.1472986787557602,0.8892307877540588,0.5147692561149597
YFL050C,YPL133C,0,-6.2279954,0.14722363650798798,0.8892307877540588,0.5150769352912903
YJL122W,YOR347C,0,-6.228272,0.14714866876602173,0.8892307877540588,0.5153846144676208
YOL023W,YOR233W,0,-6.2302585,0.14707379043102264,0.8892307877540588,0.5156922936439514
YDL229W,YBL005W-B,0,-6.230401,0.14699898660182953,0.8892307877540588,0.515999972820282
YLR320W,YCR106W,0,-6.231007,0.14692425727844238,0.8892307877540588,0.5163077116012573
YGL027C,YNL207W,0,-6.231973,0.1468495875597,0.8892307877540588,0.5166153907775879
YJR108W,YKL193C,0,-6.2332153,0.1467750072479248,0.8892307877540588,0.5169230699539185
YHR188C,YLR266C,0,-6.2351995,0.14670050144195557,0.8892307877540588,0.517230749130249
YLR309C,YPL203W,0,-6.235993,0.1466260850429535,0.8892307877540588,0.5175384879112244
YER020W,YAL024C,0,-6.236985,0.1465517282485962,0.8892307877540588,0.5178461670875549
YER110C,YFR002W,0,-6.23732,0.14647744596004486,0.8892307877540588,0.5181538462638855
YBR171W,YPL129W,0,-6.2383094,0.1464032381772995,0.8892307877540588,0.5184615254402161
YPR191W,YPL011C,0,-6.240393,0.1463291198015213,0.8892307877540588,0.5187692046165466
YPL008W,YDR206W,0,-6.2423043,0.14625506103038788,0.8892307877540588,0.519076943397522
YLR309C,YML025C,0,-6.242345,0.14618107676506042,0.8892307877540588,0.5193846225738525
YDR244W,YMR210W,0,-6.242742,0.14610718190670013,0.8892307877540588,0.5196923017501831
YBL045C,YML025C,0,-6.243779,0.14603334665298462,0.8892307877540588,0.5199999809265137
YLR139C,YBL005W-B,0,-6.244706,0.14595960080623627,0.8892307877540588,0.520307719707489
YBR286W,YFL002C,0,-6.244736,0.1458859145641327,0.8892307877540588,0.5206153988838196
YCR040W,YGL212W,0,-6.245726,0.14581231772899628,0.8892307877540588,0.5209230780601501
YLR208W,YHR070W,0,-6.247519,0.14573878049850464,0.8892307877540588,0.5212307572364807
YLR391W-A,YOL012C,0,-6.249302,0.14566531777381897,0.8892307877540588,0.5215384364128113
YDL112W,YBL005W-B,0,-6.2515063,0.14559194445610046,0.8892307877540588,0.5218461751937866
YPL008W,YDL100C,0,-6.253039,0.14551863074302673,0.8892307877540588,0.5221538543701172
YDL002C,YGR030C,0,-6.254211,0.14544539153575897,0.8892307877540588,0.5224615335464478
YOL090W,YJR046W,1,-6.255592,0.1458752453327179,0.892307698726654,0.5224615335464478
YJR031C,YDL229W,0,-6.256536,0.14580191671848297,0.892307698726654,0.5227692127227783
YLR264W,YDR261C-D,0,-6.2571816,0.14572864770889282,0.892307698726654,0.5230769515037537
YCR040W,YMR095C,0,-6.2576423,0.14565545320510864,0.892307698726654,0.5233846306800842
YML086C,YGL232W,0,-6.258466,0.14558233320713043,0.892307698726654,0.5236923098564148
YKL064W,YDR244W,0,-6.2586727,0.1455092877149582,0.892307698726654,0.5239999890327454
YGR009C,YDR079C-A,0,-6.259852,0.14543630182743073,0.892307698726654,0.5243076682090759
YLR397C,YER042W,0,-6.2599616,0.14536340534687042,0.892307698726654,0.5246154069900513
YOR113W,YKL002W,0,-6.260024,0.1452905833721161,0.892307698726654,0.5249230861663818
YHR115C,YBR103W,0,-6.2603803,0.14521782100200653,0.892307698726654,0.5252307653427124
YPR029C,YHR070W,0,-6.261191,0.14514514803886414,0.892307698726654,0.525538444519043
YBR092C,YDR027C,0,-6.263919,0.14507253468036652,0.892307698726654,0.5258461833000183
YDR037W,YOL055C,0,-6.2643447,0.14499999582767487,0.892307698726654,0.5261538624763489
YPL227C,YOR380W,0,-6.265325,0.14492753148078918,0.892307698726654,0.5264615416526794
YGL126W,YBL039C,0,-6.2663493,0.14485514163970947,0.892307698726654,0.52676922082901
YLR153C,YKL059C,0,-6.267521,0.14478282630443573,0.892307698726654,0.5270769000053406
YDL226C,YKL008C,0,-6.268377,0.14471058547496796,0.892307698726654,0.5273846387863159
YNL199C,YHR079C-A,0,-6.269318,0.14463840425014496,0.892307698726654,0.5276923179626465
YDR343C,YDR213W,0,-6.2697616,0.14456629753112793,0.892307698726654,0.527999997138977
YCR020W-B,YKL053C-A,0,-6.269766,0.14449426531791687,0.892307698726654,0.5283076763153076
YOL147C,YOR194C,0,-6.270393,0.14442230761051178,0.892307698726654,0.5286153554916382
YDR297W,YGR161W-B,0,-6.270864,0.14435042440891266,0.892307698726654,0.5289230942726135
YKL048C,YKL028W,0,-6.271514,0.1442786008119583,0.892307698726654,0.5292307734489441
YIR004W,YNL330C,0,-6.271596,0.14420686662197113,0.892307698726654,0.5295384526252747
YGL210W-A,YML038C,0,-6.2733083,0.14413519203662872,0.892307698726654,0.5298461318016052
YBR021W,YOR343W-B,0,-6.2760363,0.14406359195709229,0.892307698726654,0.5301538705825806
YBR004C,YOR380W,0,-6.276863,0.14399205148220062,0.892307698726654,0.5304615497589111
YOL059W,YCR040W,0,-6.277099,0.14392060041427612,0.892307698726654,0.5307692289352417
YGR109C,YCL060C,1,-6.2777677,0.1443452388048172,0.8953846096992493,0.5307692289352417
YMR038C,YNL199C,0,-6.278683,0.14427366852760315,0.8953846096992493,0.5310769081115723
YKL004W,YDR469W,0,-6.278893,0.14420218765735626,0.8953846096992493,0.5313845872879028
YDL226C,YNL310C,0,-6.279111,0.14413075149059296,0.8953846096992493,0.5316923260688782
YKL048C,YGL045W,0,-6.279224,0.14405940473079681,0.8953846096992493,0.5320000052452087
YGL033W,YER148W,0,-6.279977,0.14398811757564545,0.8953846096992493,0.5323076844215393
YNL112W,YJR135C,0,-6.280183,0.14391691982746124,0.8953846096992493,0.5326153635978699
YKL059C,YPL180W,0,-6.280209,0.14384576678276062,0.8953846096992493,0.5329231023788452
YOL116W,YGR276C,0,-6.282119,0.14377470314502716,0.8953846096992493,0.5332307815551758
YAL056W,YCR067C,0,-6.282639,0.14370369911193848,0.8953846096992493,0.5335384607315063
YLR391W-A,YOR267C,0,-6.2831554,0.14363276958465576,0.8953846096992493,0.5338461399078369
YMR238W,YHR020W,0,-6.283836,0.14356191456317902,0.8953846096992493,0.5341538190841675
YHR059W,YGL099W,0,-6.28488,0.14349111914634705,0.8953846096992493,0.5344615578651428
YOR136W,YOL034W,0,-6.285748,0.14342039823532104,0.8953846096992493,0.5347692370414734
YOL101C,YCL003W,0,-6.287059,0.143349751830101,0.8953846096992493,0.535076916217804
YDR263C,YLR264W,0,-6.287234,0.14327917993068695,0.8953846096992493,0.5353845953941345
YPL255W,YNL112W,0,-6.28741,0.14320866763591766,0.8953846096992493,0.5356923341751099
YHR059W,YNL284C-B,0,-6.2883835,0.14313821494579315,0.8953846096992493,0.5360000133514404
YGL066W,YHR135C,0,-6.288712,0.1430678516626358,0.8953846096992493,0.536307692527771
YHR059W,YCR040W,0,-6.29024,0.14299754798412323,0.8953846096992493,0.5366153717041016
YBR221C,YIL139C,0,-6.2909484,0.14292730391025543,0.8953846096992493,0.5369230508804321
YLR310C,YPL156C,0,-6.2911196,0.1428571492433548,0.8953846096992493,0.5372307896614075
YBL042C,YDR210W-B,0,-6.291887,0.14278703927993774,0.8953846096992493,0.537538468837738
YPL069C,YOR236W,0,-6.2920933,0.14271701872348785,0.8953846096992493,0.5378461480140686
YOR018W,YJL004C,0,-6.2929187,0.14264705777168274,0.8953846096992493,0.5381538271903992
YOL128C,YER160C,0,-6.2947297,0.1425771713256836,0.8953846096992493,0.5384615659713745
YPL135W,YIR021W,0,-6.294952,0.14250734448432922,0.8953846096992493,0.5387692451477051
YNL037C,YNL267W,0,-6.2954583,0.14243759214878082,0.8953846096992493,0.5390769243240356
YHR027C,YBR143C,0,-6.295712,0.1423678994178772,0.8953846096992493,0.5393846035003662
YIR026C,YOR343W-B,0,-6.2957244,0.14229828119277954,0.8953846096992493,0.5396922826766968
YHR027C,YOL110W,0,-6.2969165,0.14222873747348785,0.8953846096992493,0.5400000214576721
YGR070W,YLL012W,0,-6.2973886,0.14215925335884094,0.8953846096992493,0.5403077006340027
YLR372W,YGR144W,0,-6.297957,0.14208984375,0.8953846096992493,0.5406153798103333
YNL245C,YHR096C,0,-6.2982106,0.14202049374580383,0.8953846096992493,0.5409230589866638
YNL221C,YPR137W,0,-6.298623,0.14195121824741364,0.8953846096992493,0.5412307977676392
YGR217W,YDR213W,0,-6.299044,0.1418820023536682,0.8953846096992493,0.5415384769439697
YDR293C,YMR077C,0,-6.2997637,0.14181286096572876,0.8953846096992493,0.5418461561203003
YLR380W,YER087C-B,0,-6.300431,0.14174379408359528,0.8953846096992493,0.5421538352966309
YIL044C,YAL024C,0,-6.300468,0.14167478680610657,0.8953846096992493,0.5424615144729614
YFR041C,YNL284C-B,0,-6.3027034,0.14160583913326263,0.8953846096992493,0.5427692532539368
YIL014W,YDR244W,0,-6.3031745,0.14153696596622467,0.8953846096992493,0.5430769324302673
YJR108W,YGL029W,0,-6.303858,0.14146815240383148,0.8953846096992493,0.5433846116065979
YGR254W,YJR118C,0,-6.304306,0.14139941334724426,0.8953846096992493,0.5436922907829285
YLR391W-A,YDR439W,0,-6.304947,0.141330748796463,0.8953846096992493,0.5440000295639038
YHR027C,YNL126W,0,-6.305218,0.14126212894916534,0.8953846096992493,0.5443077087402344
YFL024C,YBL005W-B,0,-6.30594,0.14119359850883484,0.8953846096992493,0.5446153879165649
YPR081C,YDR162C,0,-6.3061786,0.1411251276731491,0.8953846096992493,0.5449230670928955
YBR041W,YDR079C-A,0,-6.307152,0.14105671644210815,0.8953846096992493,0.5452307462692261
YBR276C,YFL002C,0,-6.3082533,0.14098836481571198,0.8953846096992493,0.5455384850502014
YBR297W,YLR272C,0,-6.3092318,0.14092010259628296,0.8953846096992493,0.545846164226532
YLR433C,YPR137W,0,-6.309591,0.14085188508033752,0.8953846096992493,0.5461538434028625
YCL060C,YBR057C,1,-6.31044,0.1412675380706787,0.8984615206718445,0.5461538434028625
YOR026W,YJR125C,0,-6.31095,0.1411992311477661,0.8984615206718445,0.5464615225791931
YOL055C,YLR447C,0,-6.312126,0.1411309838294983,0.8984615206718445,0.5467692017555237
YMR006C,YNL257C,0,-6.3122425,0.14106279611587524,0.8984615206718445,0.547076940536499
YOL034W,YNR047W,0,-6.312753,0.14099468290805817,0.8984615206718445,0.5473846197128296
YBR168W,YOR321W,0,-6.3141627,0.14092664420604706,0.8984615206718445,0.5476922988891602
YEL017C-A,YNL257C,0,-6.314538,0.14085866510868073,0.8984615206718445,0.5479999780654907
YPL149W,YOR060C,0,-6.3152213,0.14079074561595917,0.8984615206718445,0.5483077168464661
YKR063C,YOR060C,0,-6.315307,0.14072288572788239,0.8984615206718445,0.5486153960227966
YKL053C-A,YBR092C,0,-6.315837,0.14065510034561157,0.8984615206718445,0.5489230751991272
YNL299W,YHR039C-B,0,-6.317126,0.14058738946914673,0.8984615206718445,0.5492307543754578
YDR343C,YLR435W,0,-6.317331,0.14051972329616547,0.8984615206718445,0.5495384335517883
YDR411C,YPL012W,0,-6.3176856,0.14045214653015137,0.8984615206718445,0.5498461723327637
YLR350W,YDR034C-C,0,-6.32031,0.14038461446762085,0.8984615206718445,0.5501538515090942
YIL072W,YJL104W,0,-6.321367,0.1403171569108963,0.8984615206718445,0.5504615306854248
YJL060W,YDL166C,0,-6.323815,0.14024975895881653,0.8984615206718445,0.5507692098617554
YBR158W,YIR037W,0,-6.3243437,0.14018243551254272,0.8984615206718445,0.5510769486427307
YDR206W,YPR067W,0,-6.325276,0.1401151567697525,0.8984615206718445,0.5513846278190613
YOR328W,YPL156C,0,-6.326832,0.14004796743392944,0.8984615206718445,0.5516923069953918
YFL024C,YHR039C-B,0,-6.3274574,0.13998082280158997,0.8984615206718445,0.5519999861717224
YOL116W,YPL006W,0,-6.3275495,0.13991375267505646,0.8984615206718445,0.552307665348053
YML071C,YGL126W,0,-6.328174,0.13984674215316772,0.8984615206718445,0.5526154041290283
YOL054W,YJL069C,0,-6.3295918,0.13977980613708496,0.8984615206718445,0.5529230833053589
YLR270W,YMR134W,0,-6.329695,0.13971291482448578,0.8984615206718445,0.5532307624816895
YGL127C,YOR343W-A,0,-6.3302217,0.13964609801769257,0.8984615206718445,0.55353844165802
YDR265W,YGR170W,0,-6.3308444,0.13957935571670532,0.8984615206718445,0.5538461804389954
YBR196C,YCL062W,0,-6.3322644,0.13951265811920166,0.8984615206718445,0.5541538596153259
YNL101W,YGL061C,0,-6.3324237,0.13944603502750397,0.8984615206718445,0.5544615387916565
YHR089C,YGR141W,0,-6.332598,0.13937947154045105,0.8984615206718445,0.5547692179679871
YDL226C,YPL147W,0,-6.3345246,0.1393129825592041,0.8984615206718445,0.5550768971443176
YDR288W,YDR079C-A,0,-6.334735,0.13924653828144073,0.8984615206718445,0.555384635925293
YGR048W,YMR210W,0,-6.3353477,0.13918016850948334,0.8984615206718445,0.5556923151016235
YLR286C,YJR031C,0,-6.339621,0.13911385834217072,0.8984615206718445,0.5559999942779541
YBL003C,YCL062W,0,-6.340588,0.13904762268066406,0.8984615206718445,0.5563076734542847
YNL037C,YNL330C,0,-6.341043,0.138981431722641,0.8984615206718445,0.55661541223526
YLR158C,YDL035C,0,-6.341151,0.1389153152704239,0.8984615206718445,0.5569230914115906
YLR051C,YDR210W-A,0,-6.342582,0.13884925842285156,0.8984615206718445,0.5572307705879211
YCL060C,YJR068W,1,-6.343361,0.13925854861736298,0.9015384912490845,0.5572307705879211
YGL210W-A,YNL317W,0,-6.344169,0.1391924023628235,0.9015384912490845,0.5575384497642517
YPL233W,YEL054C,0,-6.344171,0.13912630081176758,0.9015384912490845,0.5578461289405823
YBR196C,YGR090W,0,-6.344475,0.13906027376651764,0.9015384912490845,0.5581538677215576
YPL259C,YBR114W,0,-6.345309,0.13899430632591248,0.9015384912490845,0.5584615468978882
YBR196C,YLR084C,0,-6.345862,0.1389283984899521,0.9015384912490845,0.5587692260742188
YOR080W,YCL060C,1,-6.3472,0.139336496591568,0.9046154022216797,0.5587692260742188
YPL145C,YKL028W,0,-6.3484616,0.13927048444747925,0.9046154022216797,0.5590769052505493
YPR037C,YLR051C,0,-6.3508124,0.13920454680919647,0.9046154022216797,0.5593846440315247
YOL143C,YDR034C-C,0,-6.3514915,0.13913866877555847,0.9046154022216797,0.5596923232078552
YEL036C,YBR289W,0,-6.351524,0.13907285034656525,0.9046154022216797,0.5600000023841858
YGL223C,YMR095C,0,-6.35265,0.1390070915222168,0.9046154022216797,0.5603076815605164
YNL245C,YFL035C,0,-6.354095,0.13894139230251312,0.9046154022216797,0.5606153607368469
YMR208W,YMR061W,0,-6.3546095,0.13887576758861542,0.9046154022216797,0.5609230995178223
YBR297W,YDR210W-A,0,-6.3547206,0.1388102024793625,0.9046154022216797,0.5612307786941528
YIR013C,YNL213C,0,-6.354871,0.13874469697475433,0.9046154022216797,0.5615384578704834
YGL029W,YGL223C,0,-6.3550105,0.13867925107479095,0.9046154022216797,0.561846137046814
YDR147W,YDR177W,0,-6.3551006,0.13861386477947235,0.9046154022216797,0.5621538758277893
YPL008W,YBR012W-A,0,-6.3553596,0.13854853808879852,0.9046154022216797,0.5624615550041199
YDL155W,YBL106C,0,-6.3553796,0.13848327100276947,0.9046154022216797,0.5627692341804504
YHR188C,YOR181W,0,-6.355529,0.1384180784225464,0.9046154022216797,0.563076913356781
YGR212W,YPL063W,0,-6.356114,0.13835294544696808,0.9046154022216797,0.5633845925331116
YJL031C,YOR304W,0,-6.356304,0.13828785717487335,0.9046154022216797,0.5636923313140869
YPR164W,YDR329C,0,-6.3564267,0.1382228434085846,0.9046154022216797,0.5640000104904175
YPR067W,YML038C,0,-6.3567295,0.1381578892469406,0.9046154022216797,0.564307689666748
YPR103W,YER160C,0,-6.3569784,0.1380929946899414,0.9046154022216797,0.5646153688430786
YMR312W,YPR158C-D,0,-6.3571706,0.13802817463874817,0.9046154022216797,0.5649230480194092
YKL008C,YLR448W,0,-6.35757,0.1379633992910385,0.9046154022216797,0.5652307868003845
YNL075W,YJL124C,0,-6.3581905,0.13789868354797363,0.9046154022216797,0.5655384659767151
YEL036C,YGR070W,0,-6.3584476,0.13783404231071472,0.9046154022216797,0.5658461451530457
YFR014C,YDR179C,0,-6.3595867,0.1377694457769394,0.9046154022216797,0.5661538243293762
YGL020C,YDR261C-D,0,-6.3598433,0.13770492374897003,0.9046154022216797,0.5664615631103516
YBL022C,YDR240C,0,-6.360373,0.13764044642448425,0.9046154022216797,0.5667692422866821
YNL090W,YOL004W,0,-6.362303,0.13757604360580444,0.9046154022216797,0.5670769214630127
YOL023W,YBR103W,0,-6.362512,0.1375117003917694,0.9046154022216797,0.5673846006393433
YOL016C,YGL210W-A,0,-6.363172,0.13744740188121796,0.9046154022216797,0.5676922798156738
YGL127C,YCL062W,0,-6.3636365,0.13738317787647247,0.9046154022216797,0.5680000185966492
YIL124W,YDR280W,0,-6.3637614,0.13731901347637177,0.9046154022216797,0.5683076977729797
YLL050C,YER148W,0,-6.3640895,0.13725490868091583,0.9046154022216797,0.5686153769493103
YCL003W,YGR144W,0,-6.3650208,0.13719084858894348,0.9046154022216797,0.5689230561256409
YCR067C,YKL070W,0,-6.3652883,0.1371268630027771,0.9046154022216797,0.5692307949066162
YLL050C,YDR210W-B,0,-6.3658566,0.1370629370212555,0.9046154022216797,0.5695384740829468
YDR297W,YBR111W-A,0,-6.366149,0.13699907064437866,0.9046154022216797,0.5698461532592773
YNL004W,YIL039W,0,-6.3663135,0.1369352638721466,0.9046154022216797,0.5701538324356079
YER015W,YOR367W,0,-6.372003,0.13687150180339813,0.9046154022216797,0.5704615116119385
YGL174W,YMR219W,0,-6.3722224,0.13680781424045563,0.9046154022216797,0.5707692503929138
YBL022C,YPL129W,0,-6.372499,0.1367441862821579,0.9046154022216797,0.5710769295692444
YEL071W,YPL180W,0,-6.372805,0.13668061792850494,0.9046154022216797,0.571384608745575
YPL200W,YLR321C,0,-6.3729124,0.13661709427833557,0.9046154022216797,0.5716922879219055
YOR257W,YPL200W,0,-6.3731422,0.13655364513397217,0.9046154022216797,0.5720000267028809
YKL017C,YLR003C,1,-6.3732877,0.13695450127124786,0.9076923131942749,0.5720000267028809
YPL149W,YFL011W-A,0,-6.3733993,0.1368909478187561,0.9076923131942749,0.5723077058792114
YGL029W,YER007W,0,-6.3734164,0.13682745397090912,0.9076923131942749,0.572615385055542
YDR173C,YGR161W-B,0,-6.3752117,0.1367640197277069,0.9076923131942749,0.5729230642318726
YIL010W,YML005W,0,-6.375831,0.13670064508914948,0.9076923131942749,0.5732307434082031
YER183C,YBR012W-B,0,-6.3762717,0.13663733005523682,0.9076923131942749,0.5735384821891785
YGR225W,YDL055C,0,-6.376365,0.13657407462596893,0.9076923131942749,0.573846161365509
YEL003W,YKL178C,0,-6.377117,0.13651087880134583,0.9076923131942749,0.5741538405418396
YPR055W,YKL070W,0,-6.3771358,0.1364477276802063,0.9076923131942749,0.5744615197181702
YNR001C,YBR021W,0,-6.3783536,0.13638465106487274,0.9076923131942749,0.5747692584991455
YHR013C,YGR161W-B,0,-6.378441,0.13632163405418396,0.9076923131942749,0.5750769376754761
YOR310C,YBR182C,0,-6.379725,0.13625866174697876,0.9076923131942749,0.5753846168518066
YCR067C,YGR116W,0,-6.3799543,0.13619574904441833,0.9076923131942749,0.5756922960281372
YCR058C,YDR079C-A,0,-6.3807817,0.13613289594650269,0.9076923131942749,0.5759999752044678
YPR023C,YKL060C,0,-6.3831005,0.136070117354393,0.9076923131942749,0.5763077139854431
YOL145C,YGL058W,0,-6.383557,0.1360073834657669,0.9076923131942749,0.5766153931617737
YJR004C,YJL004C,0,-6.3843246,0.1359446942806244,0.9076923131942749,0.5769230723381042
YNL097C,YGR141W,0,-6.384381,0.13588207960128784,0.9076923131942749,0.5772307515144348
YCR039C,YNL126W,0,-6.3845534,0.13581952452659607,0.9076923131942749,0.5775384902954102
YKL214C,YOR343W-A,0,-6.384677,0.13575701415538788,0.9076923131942749,0.5778461694717407
YPL078C,YHL031C,0,-6.3852344,0.13569457828998566,0.9076923131942749,0.5781538486480713
YJR004C,YNL213C,0,-6.385777,0.13563218712806702,0.9076923131942749,0.5784615278244019
YNL130C,YNL284C-B,0,-6.385791,0.13556985557079315,0.9076923131942749,0.5787692070007324
YOL004W,YHL009W-B,0,-6.386348,0.13550758361816406,0.9076923131942749,0.5790769457817078
YMR037C,YAL001C,0,-6.386481,0.13544535636901855,0.9076923131942749,0.5793846249580383
YPL194W,YGL099W,0,-6.3869624,0.13538320362567902,0.9076923131942749,0.5796923041343689
YPL008W,YOR343W-B,0,-6.3879623,0.13532109558582306,0.9076923131942749,0.5799999833106995
YNL259C,YOL088C,0,-6.3883348,0.13525906205177307,0.9076923131942749,0.5803077220916748
YDR235W,YCR058C,0,-6.3900576,0.13519707322120667,0.9076923131942749,0.5806154012680054
YKR003W,YBL017C,0,-6.390305,0.13513512909412384,0.9076923131942749,0.5809230804443359
YOL116W,YLR197W,0,-6.3903184,0.13507325947284698,0.9076923131942749,0.5812307596206665
YDL055C,YLR435W,0,-6.390379,0.1350114345550537,0.9076923131942749,0.5815384387969971
YDL226C,YNR031C,0,-6.3907695,0.1349496841430664,0.9076923131942749,0.5818461775779724
YNL173C,YPR113W,0,-6.391005,0.13488797843456268,0.9076923131942749,0.582153856754303
YLR106C,YJL166W,0,-6.3911133,0.13482633233070374,0.9076923131942749,0.5824615359306335
YGR123C,YPR158C-D,0,-6.3920827,0.13476473093032837,0.9076923131942749,0.5827692151069641
YHL031C,YOR343W-A,0,-6.392306,0.13470318913459778,0.9076923131942749,0.5830768942832947
YHR052W,YPL122C,0,-6.3935466,0.13464172184467316,0.9076923131942749,0.58338463306427
YCL060C,YNL290W,1,-6.3936434,0.13503649830818176,0.9107692241668701,0.58338463306427
YCR002C,YJR097W,0,-6.3946776,0.13497492671012878,0.9107692241668701,0.5836923122406006
YCL060C,YJR046W,1,-6.395243,0.1353691816329956,0.9138461351394653,0.5836923122406006
YMR312W,YOR007C,0,-6.3957787,0.13530752062797546,0.9138461351394653,0.5839999914169312
YPL135W,YNL284C-B,0,-6.3963146,0.1352459043264389,0.9138461351394653,0.5843076705932617
YDL132W,YHR024C,0,-6.397265,0.13518434762954712,0.9138461351394653,0.5846154093742371
YNL334C,YOR060C,0,-6.39891,0.13512283563613892,0.9138461351394653,0.5849230885505676
YOR204W,YPR158C-D,0,-6.399266,0.13506139814853668,0.9138461351394653,0.5852307677268982
YHR036W,YNL284C-B,0,-6.399266,0.13500000536441803,0.9138461351394653,0.5855384469032288
YML086C,YGL208W,0,-6.4001026,0.13493865728378296,0.9138461351394653,0.5858461260795593
YLR303W,YDR034C-C,0,-6.4004903,0.13487738370895386,0.9138461351394653,0.5861538648605347
YGL099W,YIL147C,0,-6.400741,0.13481615483760834,0.9138461351394653,0.5864615440368652
YDR096W,YOL034W,0,-6.4016633,0.1347549855709076,0.9138461351394653,0.5867692232131958
YOR226C,YDR143C,0,-6.403273,0.13469387590885162,0.9138461351394653,0.5870769023895264
YJR006W,YCL060C,1,-6.4035635,0.13508613407611847,0.9169231057167053,0.5870769023895264
YPL121C,YHR020W,0,-6.403665,0.13502492010593414,0.9169231057167053,0.5873846411705017
YHR148W,YDR210W-B,0,-6.4041653,0.1349637657403946,0.9169231057167053,0.5876923203468323
YMR054W,YHR039C-B,0,-6.4045324,0.13490267097949982,0.9169231057167053,0.5879999995231628
YPL200W,YIR010W,0,-6.4047494,0.13484163582324982,0.9169231057167053,0.5883076786994934
YBR023C,YPL012W,0,-6.4051414,0.1347806453704834,0.9169231057167053,0.588615357875824
YAL056W,YPL169C,0,-6.4052725,0.13471971452236176,0.9169231057167053,0.5889230966567993
YLR060W,YNL107W,0,-6.4060493,0.1346588283777237,0.9169231057167053,0.5892307758331299
YER006W,YDL147W,0,-6.4060855,0.1345980167388916,0.9169231057167053,0.5895384550094604
YOR236W,YDL059C,0,-6.4100924,0.1345372498035431,0.9169231057167053,0.589846134185791
YNL221C,YBR111W-A,0,-6.4105372,0.13447652757167816,0.9169231057167053,0.5901538729667664
YOR233W,YIL046W,0,-6.410659,0.1344158798456192,0.9169231057167053,0.5904615521430969
YCL060C,YDR097C,1,-6.4114227,0.13480612635612488,0.9200000166893005,0.5904615521430969
YPL227C,YPR158C-D,0,-6.41146,0.13474537432193756,0.9200000166893005,0.5907692313194275
YPL069C,YGR256W,0,-6.4119124,0.13468468189239502,0.9200000166893005,0.5910769104957581
YLR103C,YCL060C,1,-6.4126,0.13507428765296936,0.9230769276618958,0.5910769104957581
YHR148W,YDR028C,0,-6.412949,0.13501350581645966,0.9230769276618958,0.5913845896720886
YHR060W,YLR337W,0,-6.41377,0.13495276868343353,0.9230769276618958,0.591692328453064
YLR435W,YOR343W-A,0,-6.4145226,0.13489209115505219,0.9230769276618958,0.5920000076293945
YLR015W,YHR204W,0,-6.4156375,0.13483145833015442,0.9230769276618958,0.5923076868057251
YOR100C,YBR021W,0,-6.4159317,0.13477088510990143,0.9230769276618958,0.5926153659820557
YGR254W,YLR157C-B,0,-6.4160256,0.1347103714942932,0.9230769276618958,0.592923104763031
YDR260C,YNL054W,0,-6.4179654,0.13464991748332977,0.9230769276618958,0.5932307839393616
YBL078C,YLR086W,0,-6.4184737,0.13458950817584991,0.9230769276618958,0.5935384631156921
YIR004W,YMR140W,0,-6.4201636,0.13452914357185364,0.9230769276618958,0.5938461422920227
YBL022C,YJL004C,0,-6.4202657,0.13446885347366333,0.9230769276618958,0.5941538214683533
YPL069C,YNL075W,0,-6.420526,0.1344086080789566,0.9230769276618958,0.5944615602493286
YKR063C,YOL026C,0,-6.4216948,0.13434840738773346,0.9230769276618958,0.5947692394256592
YCL060C,YKL045W,1,-6.422152,0.13473589718341827,0.926153838634491,0.5947692394256592
YBR253W,YLR157C-B,0,-6.4237657,0.13467562198638916,0.926153838634491,0.5950769186019897
YBR279W,YPL138C,0,-6.424295,0.13461539149284363,0.926153838634491,0.5953845977783203
YPL145C,YNL045W,0,-6.424937,0.13455520570278168,0.926153838634491,0.5956923365592957
YOL004W,YOR343W-A,0,-6.4257145,0.1344950795173645,0.926153838634491,0.5960000157356262
YCL060C,YNL273W,1,-6.426764,0.1348816454410553,0.9292307496070862,0.5960000157356262
YCR040W,YJL164C,0,-6.427399,0.13482142984867096,0.9292307496070862,0.5963076949119568
YDR490C,YJL098W,0,-6.4274735,0.1347612738609314,0.9292307496070862,0.5966153740882874
YPL085W,YNL284C-B,0,-6.4275517,0.13470116257667542,0.9292307496070862,0.5969230532646179
YGL201C,YCL060C,1,-6.428511,0.13508693873882294,0.9323077201843262,0.5969230532646179
YDR210W-B,YOR084W,0,-6.4287767,0.1350267380475998,0.9323077201843262,0.5972307920455933
YDR375C,YKR052C,0,-6.428819,0.13496659696102142,0.9323077201843262,0.5975384712219238
YDR256C,YIL173W,0,-6.4290447,0.13490650057792664,0.9323077201843262,0.5978461503982544
YNL112W,YGR161W-A,0,-6.42989,0.13484646379947662,0.9323077201843262,0.598153829574585
YNL021W,YCL003W,0,-6.430013,0.1347864717245102,0.9323077201843262,0.5984615087509155
YJL166W,YHR039C-B,0,-6.4308934,0.13472653925418854,0.9323077201843262,0.5987692475318909
YDL245C,YHR039C-B,0,-6.4313493,0.13466666638851166,0.9323077201843262,0.5990769267082214
YCR040W,YLR382C,0,-6.4333243,0.13460683822631836,0.9323077201843262,0.599384605884552
YDL069C,YOR343W-B,0,-6.4336658,0.13454706966876984,0.9323077201843262,0.5996922850608826
YMR033W,YOR137C,0,-6.434077,0.1344873458147049,0.9323077201843262,0.6000000238418579
YDR171W,YOL034W,0,-6.437534,0.13442768156528473,0.9323077201843262,0.6003077030181885
YOL090W,YIL066C,1,-6.4377637,0.13481153547763824,0.9353846311569214,0.6003077030181885
YNL159C,YNL221C,0,-6.4382205,0.13475176692008972,0.9353846311569214,0.600615382194519
YPR120C,YCL060C,1,-6.4390383,0.13513512909412384,0.9384615421295166,0.600615382194519
YLR391W-A,YLR086W,0,-6.439062,0.13507528603076935,0.9384615421295166,0.6009230613708496
YLR107W,YHR079C-B,0,-6.440006,0.13501548767089844,0.9384615421295166,0.6012307405471802
YCL060C,YIL066C,1,-6.4404674,0.13539822399616241,0.9415384531021118,0.6012307405471802
YPL271W,YOR137C,0,-6.443071,0.13533835113048553,0.9415384531021118,0.6015384793281555
YBR260C,YPL203W,0,-6.444093,0.13527850806713104,0.9415384531021118,0.6018461585044861
YGL001C,YDR143C,0,-6.4453826,0.13521873950958252,0.9415384531021118,0.6021538376808167
YEL036C,YPL145C,0,-6.445474,0.13515901565551758,0.9415384531021118,0.6024615168571472
YJL091C,YGL135W,0,-6.445755,0.13509933650493622,0.9415384531021118,0.6027692556381226
YLR274W,YCL060C,1,-6.446622,0.13548102974891663,0.944615364074707,0.6027692556381226
YML025C,YHL009W-B,0,-6.446907,0.1354212611913681,0.944615364074707,0.6030769348144531
YPL135W,YGR009C,0,-6.4475346,0.13536155223846436,0.944615364074707,0.6033846139907837
YGL029W,YJL113W,0,-6.4480305,0.1353018879890442,0.944615364074707,0.6036922931671143
YMR055C,YDR034C-C,0,-6.4485726,0.1352422833442688,0.944615364074707,0.6039999723434448
YGL029W,YLR309C,0,-6.449296,0.13518273830413818,0.944615364074707,0.6043077111244202
YDL022W,YHR039C-B,0,-6.4494557,0.13512323796749115,0.944615364074707,0.6046153903007507
YPR132W,YGL049C,0,-6.449569,0.1350637972354889,0.944615364074707,0.6049230694770813
YNL267W,YNL016W,0,-6.450787,0.13500440120697021,0.944615364074707,0.6052307486534119
YBR041W,YGR161W-A,0,-6.4508214,0.13494504988193512,0.944615364074707,0.6055384874343872
YML031W,YNL007C,0,-6.4510436,0.1348857581615448,0.944615364074707,0.6058461666107178
YHR013C,YBR182C,0,-6.4512467,0.13482652604579926,0.944615364074707,0.6061538457870483
YBR042C,YNL332W,0,-6.4517446,0.1347673386335373,0.944615364074707,0.6064615249633789
YBR029C,YPR112C,0,-6.4518723,0.1347082108259201,0.944615364074707,0.6067692041397095
YGR217W,YBR260C,0,-6.452459,0.1346491277217865,0.944615364074707,0.6070769429206848
YDL155W,YDR293C,0,-6.4530907,0.13459008932113647,0.944615364074707,0.6073846220970154
YAL005C,YHR039C-B,0,-6.453156,0.13453111052513123,0.944615364074707,0.607692301273346
YFL031W,YOR233W,0,-6.4533696,0.13447219133377075,0.944615364074707,0.6079999804496765
YOL054W,YLR157C-B,0,-6.4543467,0.13441331684589386,0.944615364074707,0.6083077192306519
YJR065C,YDL105W,0,-6.4550214,0.13435448706150055,0.944615364074707,0.6086153984069824
YER006W,YER012W,0,-6.455294,0.13429571688175201,0.944615364074707,0.608923077583313
YHR052W,YNR038W,0,-6.4554296,0.13423699140548706,0.944615364074707,0.6092307567596436
YIR013C,YHR079C-B,0,-6.455443,0.13417832553386688,0.944615364074707,0.6095384359359741
YPL078C,YOR338W,0,-6.455821,0.13411970436573029,0.944615364074707,0.6098461747169495
YER177W,YLR292C,0,-6.456126,0.13406114280223846,0.944615364074707,0.61015385389328
YIL009C-A,YGL089C,0,-6.4567003,0.13400262594223022,0.944615364074707,0.6104615330696106
YKL008C,YOR075W,0,-6.457211,0.13394415378570557,0.944615364074707,0.6107692122459412
YGL205W,YER074W-A,0,-6.457249,0.13388574123382568,0.944615364074707,0.6110769510269165
YIL010W,YLR292C,0,-6.4582505,0.13382737338542938,0.944615364074707,0.6113846302032471
YPL145C,YNL317W,0,-6.4583497,0.13376906514167786,0.944615364074707,0.6116923093795776
YLR391W,YKL053C-A,0,-6.4584484,0.1337108016014099,0.944615364074707,0.6119999885559082
YCL060C,YML069W,1,-6.4601517,0.134087935090065,0.947692334651947,0.6119999885559082
YGR144W,YCL062W,0,-6.461146,0.1340295970439911,0.947692334651947,0.6123076677322388
YER015W,YPL124W,0,-6.462011,0.13397128880023956,0.947692334651947,0.6126154065132141
YLR138W,YJL004C,0,-6.462273,0.1339130401611328,0.947692334651947,0.6129230856895447
YNL075W,YBR170C,0,-6.4624715,0.13385485112667084,0.947692334651947,0.6132307648658752
YGL029W,YNL334C,0,-6.46248,0.13379669189453125,0.947692334651947,0.6135384440422058
YPL135W,YPR163C,0,-6.4649315,0.13373860716819763,0.947692334651947,0.6138461828231812
YBL042C,YBR221C,0,-6.4651256,0.1336805522441864,0.947692334651947,0.6141538619995117
YDR170C,YDR261C-D,0,-6.465478,0.13362255692481995,0.947692334651947,0.6144615411758423
YBR276C,YPR158C-D,0,-6.466144,0.13356462121009827,0.947692334651947,0.6147692203521729
YBR161W,YPR163C,0,-6.4663076,0.13350671529769897,0.947692334651947,0.6150768995285034
YIL103W,YCL003W,0,-6.4687314,0.13344886898994446,0.947692334651947,0.6153846383094788
YNL062C,YDR135C,0,-6.4690776,0.13339108228683472,0.947692334651947,0.6156923174858093
YDR256C,YNL317W,0,-6.470243,0.13333334028720856,0.947692334651947,0.6159999966621399
YCR040W,YOR084W,0,-6.4708276,0.13327564299106598,0.947692334651947,0.6163076758384705
YPL085W,YBL100W-B,0,-6.4718833,0.13321799039840698,0.947692334651947,0.616615355014801
YDR283C,YPR158C-D,0,-6.4722095,0.13316039741039276,0.947692334651947,0.6169230937957764
YIL044C,YLR201C,0,-6.472236,0.13310284912586212,0.947692334651947,0.6172307729721069
YPR067W,YGL232W,0,-6.4725842,0.13304536044597626,0.947692334651947,0.6175384521484375
YAL003W,YER082C,0,-6.4727445,0.13298791646957397,0.947692334651947,0.6178461313247681
YGL001C,YOR008C,0,-6.472838,0.13293051719665527,0.947692334651947,0.6181538701057434
YPL048W,YHR079C-A,0,-6.4738383,0.13287316262722015,0.947692334651947,0.618461549282074
YJR135W-A,YGR161C-D,0,-6.473847,0.1328158676624298,0.947692334651947,0.6187692284584045
YDL035C,YNR032W,0,-6.4741073,0.13275861740112305,0.947692334651947,0.6190769076347351
YOL116W,YOR269W,0,-6.4748025,0.13270142674446106,0.947692334651947,0.6193845868110657
YDR130C,YFL035C,0,-6.47549,0.13264426589012146,0.947692334651947,0.619692325592041
YBL078C,YKL002W,0,-6.475876,0.13258716464042664,0.947692334651947,0.6200000047683716
YOL101C,YIL017W,0,-6.4760127,0.1325301229953766,0.947692334651947,0.6203076839447021
YDR236C,YNL299W,0,-6.4774566,0.13247311115264893,0.947692334651947,0.6206153631210327
YCR040W,YOR008C,0,-6.478949,0.13241615891456604,0.947692334651947,0.6209231019020081
YGR191W,YLR208W,0,-6.4798317,0.13235926628112793,0.947692334651947,0.6212307810783386
YAL012W,YLR285W,0,-6.4804564,0.1323024034500122,0.947692334651947,0.6215384602546692
YGR254W,YNL284C-B,0,-6.4806066,0.13224560022354126,0.947692334651947,0.6218461394309998
YGR009C,YML025C,0,-6.4810987,0.1321888417005539,0.947692334651947,0.6221538186073303
YPL135W,YML025C,0,-6.481693,0.1321321278810501,0.947692334651947,0.6224615573883057
YDR361C,YHR053C,0,-6.4818025,0.1320754736661911,0.947692334651947,0.6227692365646362
YKL017C,YJR046W,1,-6.482203,0.1324474960565567,0.9507692456245422,0.6227692365646362
YHR142W,YDR261C-D,0,-6.482723,0.13239075243473053,0.9507692456245422,0.6230769157409668
YDR459C,YDR210W-A,0,-6.484014,0.13233405351638794,0.9507692456245422,0.6233845949172974
YGR157W,YIL046W,0,-6.484467,0.13227739930152893,0.9507692456245422,0.6236923336982727
YPR133W-A,YDR210W-A,0,-6.485083,0.1322207897901535,0.9507692456245422,0.6240000128746033
YGR086C,YAL001C,0,-6.487597,0.13216423988342285,0.9507692456245422,0.6243076920509338
YHR188C,YML107C,0,-6.4882245,0.13210773468017578,0.9507692456245422,0.6246153712272644
YCL060C,YOL090W,1,-6.4882493,0.13247863948345184,0.9538461565971375,0.6246153712272644
YEL003W,YPR016C,0,-6.4883604,0.1324220448732376,0.9538461565971375,0.624923050403595
YGL210W-A,YJR135W-A,0,-6.4889727,0.13236549496650696,0.9538461565971375,0.6252307891845703
YPL135W,YOR213C,0,-6.4892726,0.13230900466442108,0.9538461565971375,0.6255384683609009
YLR170C,YGR161W-A,0,-6.4894133,0.1322525590658188,0.9538461565971375,0.6258461475372314
YBR253W,YLR447C,0,-6.492248,0.13219615817070007,0.9538461565971375,0.626153826713562
YDL155W,YMR272C,0,-6.4922934,0.13213981688022614,0.9538461565971375,0.6264615654945374
YCL060C,YPR162C,1,-6.492647,0.13250958919525146,0.9569230675697327,0.6264615654945374
YLR391W,YCL062W,0,-6.494304,0.13245315849781036,0.9569230675697327,0.6267692446708679
YGL257C,YDR261C-D,0,-6.4952903,0.13239675760269165,0.9569230675697327,0.6270769238471985
YCL062W,YBL101W-A,0,-6.4952903,0.1323404312133789,0.9569230675697327,0.627384603023529
YDR424C,YNL284C-B,0,-6.4952903,0.13228413462638855,0.9569230675697327,0.6276922821998596
YLR284C,YOR343C-B,0,-6.4952903,0.13222789764404297,0.9569230675697327,0.628000020980835
YGL058W,YBL101W-A,0,-6.4952903,0.13217169046401978,0.9569230675697327,0.6283077001571655
YBL101W-A,YOR343W-A,0,-6.4952903,0.13211554288864136,0.9569230675697327,0.6286153793334961
YBR254C,YOR343C-B,0,-6.4952903,0.13205945491790771,0.9569230675697327,0.6289230585098267
YHR079C-B,YHL009W-B,0,-6.4952903,0.13200339674949646,0.9569230675697327,0.629230797290802
YMR016C,YOR343C-B,0,-6.4952903,0.13194739818572998,0.9569230675697327,0.6295384764671326
YFL011W-A,YHR020W,0,-6.4952903,0.1318914294242859,0.9569230675697327,0.6298461556434631
YHL003C,YOR343C-B,0,-6.4952903,0.13183552026748657,0.9569230675697327,0.6301538348197937
YKR054C,YBL101W-A,0,-6.4952903,0.13177965581417084,0.9569230675697327,0.6304615139961243
YDR106W,YBL101W-A,0,-6.4952903,0.13172385096549988,0.9569230675697327,0.6307692527770996
YJR135W-A,YBL101W-A,0,-6.4952903,0.1316680759191513,0.9569230675697327,0.6310769319534302
YJL098W,YOR343C-B,0,-6.4952903,0.1316123604774475,0.9569230675697327,0.6313846111297607
YDR213W,YDR261C-D,0,-6.4952903,0.1315566897392273,0.9569230675697327,0.6316922903060913
YDR106W,YOR343C-B,0,-6.4952903,0.13150106370449066,0.9569230675697327,0.6320000290870667
YPR163C,YBL101W-A,0,-6.4952903,0.1314454823732376,0.9569230675697327,0.6323077082633972
YKR068C,YOR343C-B,0,-6.4952903,0.13138994574546814,0.9569230675697327,0.6326153874397278
YNL310C,YOR343C-B,0,-6.4952903,0.13133445382118225,0.9569230675697327,0.6329230666160583
YDR034C-C,YOR343C-B,0,-6.4952903,0.13127902150154114,0.9569230675697327,0.6332307457923889
YBR158W,YBL101W-A,0,-6.4952903,0.1312236338853836,0.9569230675697327,0.6335384845733643
YBL003C,YOR343C-B,0,-6.4952903,0.13116827607154846,0.9569230675697327,0.6338461637496948
YLR337W,YMR210W,0,-6.4952903,0.1311129778623581,0.9569230675697327,0.6341538429260254
YJR090C,YOR343C-B,0,-6.4952903,0.1310577392578125,0.9569230675697327,0.634461522102356
YNL221C,YBL101W-A,0,-6.4952903,0.1310025304555893,0.9569230675697327,0.6347692012786865
YPL227C,YOR343C-B,0,-6.4952903,0.13094736635684967,0.9569230675697327,0.6350769400596619
YBR042C,YCR039C,0,-6.4956584,0.13089226186275482,0.9569230675697327,0.6353846192359924
YGR220C,YPL122C,0,-6.496262,0.13083718717098236,0.9569230675697327,0.635692298412323
YGR161W-B,YOR338W,0,-6.496763,0.13078217208385468,0.9569230675697327,0.6359999775886536
YJL031C,YOL068C,0,-6.4976106,0.13072720170021057,0.9569230675697327,0.6363077163696289
YNL329C,YOR095C,0,-6.497795,0.13067227602005005,0.9569230675697327,0.6366153955459595
YCR058C,YBR171W,0,-6.497946,0.1306173950433731,0.9569230675697327,0.63692307472229
YDR329C,YBL106C,0,-6.4983525,0.13056255877017975,0.9569230675697327,0.6372307538986206
YLR380W,YDR034C-C,0,-6.499174,0.13050776720046997,0.9569230675697327,0.6375384330749512
YNL126W,YBR223C,0,-6.499585,0.13045302033424377,0.9569230675697327,0.6378461718559265
YGL167C,YDR477W,0,-6.499659,0.13039831817150116,0.9569230675697327,0.6381538510322571
YEL030W,YKR081C,0,-6.5003757,0.13034367561340332,0.9569230675697327,0.6384615302085876
YML061C,YOL061W,0,-6.500653,0.13028906285762787,0.9569230675697327,0.6387692093849182
YIR025W,YDR143C,0,-6.5007596,0.1302345097064972,0.9569230675697327,0.6390769481658936
YOR334W,YCR055C,0,-6.5012364,0.1301799863576889,0.9569230675697327,0.6393846273422241
YGL033W,YHR039C-B,0,-6.501396,0.1301255226135254,0.9569230675697327,0.6396923065185547
YLR157C-B,YMR134W,0,-6.501641,0.13007110357284546,0.9569230675697327,0.6399999856948853
YBR009C,YNL097C,0,-6.502019,0.1300167292356491,0.9569230675697327,0.6403076648712158
YMR037C,YIL077C,0,-6.503153,0.12996238470077515,0.9569230675697327,0.6406154036521912
YFR055W,YNR032W,0,-6.503656,0.12990809977054596,0.9569230675697327,0.6409230828285217
YNL331C,YOR243C,0,-6.504106,0.12985385954380035,0.9569230675697327,0.6412307620048523
YLR433C,YNL209W,0,-6.505504,0.12979966402053833,0.9569230675697327,0.6415384411811829
YMR113W,YGR030C,0,-6.5061164,0.1297455132007599,0.9569230675697327,0.6418461799621582
YPL029W,YHL009W-B,0,-6.507018,0.12969140708446503,0.9569230675697327,0.6421538591384888
YNR038W,YFL035C,0,-6.508032,0.12963734567165375,0.9569230675697327,0.6424615383148193
YOR191W,YBL100W-B,0,-6.5084014,0.12958332896232605,0.9569230675697327,0.6427692174911499
YDR096W,YKL009W,0,-6.5086884,0.12952935695648193,0.9569230675697327,0.6430768966674805
YBR131W,YDR236C,0,-6.509226,0.1294754445552826,0.9569230675697327,0.6433846354484558
YLR391W-A,YOL027C,0,-6.5099187,0.12942156195640564,0.9569230675697327,0.6436923146247864
YML126C,YFL035C,0,-6.510078,0.12936772406101227,0.9569230675697327,0.6439999938011169
YHR188C,YNL310C,0,-6.5123954,0.12931393086910248,0.9569230675697327,0.6443076729774475
YCR055C,YKL154W,0,-6.5124383,0.12926018238067627,0.9569230675697327,0.6446154117584229
YLR158C,YNL209W,0,-6.512733,0.12920647859573364,0.9569230675697327,0.6449230909347534
YER159C,YDR317W,0,-6.5127807,0.1291528195142746,0.9569230675697327,0.645230770111084
YPL126W,YDR260C,0,-6.513432,0.12909920513629913,0.9569230675697327,0.6455384492874146
YDR182W,YPR158C-D,0,-6.5137353,0.12904565036296844,0.9569230675697327,0.6458461284637451
YDR343C,YKL009W,0,-6.5159955,0.12899212539196014,0.9569230675697327,0.6461538672447205
YOR380W,YDR034C-C,0,-6.516234,0.12893864512443542,0.9569230675697327,0.646461546421051
YOR004W,YLR157C-B,0,-6.517205,0.1288852095603943,0.9569230675697327,0.6467692255973816
YNL047C,YCR073W-A,0,-6.517311,0.12883181869983673,0.9569230675697327,0.6470769047737122
YGL106W,YPR158C-D,0,-6.5176353,0.12877847254276276,0.9569230675697327,0.6473846435546875
YER178W,YHR079C-A,0,-6.5177636,0.12872517108917236,0.9569230675697327,0.6476923227310181
YCR081W,YGR161C-D,0,-6.5181904,0.12867191433906555,0.9569230675697327,0.6480000019073486
YLR033W,YKR053C,0,-6.519485,0.12861868739128113,0.9569230675697327,0.6483076810836792
YOR083W,YGR161W-B,0,-6.5197864,0.12856552004814148,0.9569230675697327,0.6486153602600098
YJL033W,YDR210W-B,0,-6.5201745,0.1285123974084854,0.9569230675697327,0.6489230990409851
YDL132W,YER012W,0,-6.5204635,0.12845931947231293,0.9569230675697327,0.6492307782173157
YOR140W,YML025C,0,-6.521152,0.12840627133846283,0.9569230675697327,0.6495384573936462
YLR023C,YGL048C,0,-6.521492,0.1283532828092575,0.9569230675697327,0.6498461365699768
YOL147C,YLR157C-B,0,-6.521992,0.12830032408237457,0.9569230675697327,0.6501538753509521
YLR309C,YMR016C,0,-6.52285,0.1282474249601364,0.9569230675697327,0.6504615545272827
YCL060C,YML065W,1,-6.523184,0.12860676646232605,0.9599999785423279,0.6504615545272827
YGR161C-D,YMR134W,0,-6.523712,0.12855376303195953,0.9599999785423279,0.6507692337036133
YPL048W,YFL031W,0,-6.5241246,0.1285008192062378,0.9599999785423279,0.6510769128799438
YFR055W,YKR097W,0,-6.525289,0.12844792008399963,0.9599999785423279,0.6513845920562744
YGL208W,YFL002C,0,-6.5257764,0.12839506566524506,0.9599999785423279,0.6516923308372498
YKR054C,YGR161W-A,0,-6.527679,0.12834224104881287,0.9599999785423279,0.6520000100135803
YDR236C,YBR199W,0,-6.5279355,0.12828947603702545,0.9599999785423279,0.6523076891899109
YNL151C,YGL127C,0,-6.5283504,0.12823674082756042,0.9599999785423279,0.6526153683662415
YJL209W,YDR168W,0,-6.529474,0.12818406522274017,0.9599999785423279,0.652923047542572
YCL060C,YHR031C,1,-6.5296354,0.12854209542274475,0.9630769491195679,0.652923047542572
YDR227W,YCL062W,0,-6.5302596,0.12848933041095734,0.9630769491195679,0.6532307863235474
YDL132W,YGL099W,0,-6.5319304,0.1284365952014923,0.9630769491195679,0.6535384654998779
YBR286W,YPL194W,0,-6.532415,0.12838391959667206,0.9630769491195679,0.6538461446762085
YAL047C,YHL009W-B,0,-6.5331173,0.1283312886953354,0.9630769491195679,0.6541538238525391
YHR183W,YOR136W,0,-6.533733,0.1282786875963211,0.9630769491195679,0.6544615626335144
YKL114C,YHR188C,0,-6.534211,0.1282261312007904,0.9630769491195679,0.654769241809845
YER020W,YBR012W-B,0,-6.5364313,0.12817363440990448,0.9630769491195679,0.6550769209861755
YER018C,YLR249W,0,-6.5372605,0.12812116742134094,0.9630769491195679,0.6553846001625061
YBR236C,YPR105C,0,-6.5389295,0.128068745136261,0.9630769491195679,0.6556922793388367
YOR267C,YDL229W,0,-6.539271,0.12801635265350342,0.9630769491195679,0.656000018119812
YOR243C,YDR260C,0,-6.5398717,0.12796401977539062,0.9630769491195679,0.6563076972961426
YJL098W,YGR161C-D,0,-6.539887,0.1279117316007614,0.9630769491195679,0.6566153764724731
YGL236C,YHR079C-B,0,-6.540932,0.1278594732284546,0.9630769491195679,0.6569230556488037
YLR206W,YDR545W,0,-6.54104,0.12780727446079254,0.9630769491195679,0.657230794429779
YDR376W,YLR448W,0,-6.5415845,0.12775510549545288,0.9630769491195679,0.6575384736061096
YBL041W,YPR158C-D,0,-6.5416903,0.1277029812335968,0.9630769491195679,0.6578461527824402
YJR057W,YCL060C,1,-6.541962,0.12805873155593872,0.9661538600921631,0.6578461527824402
YLR158C,YPL029W,0,-6.5421247,0.12800651788711548,0.9661538600921631,0.6581538319587708
YIR004W,YHR004C,0,-6.5432515,0.127954363822937,0.9661538600921631,0.6584615111351013
YNL331C,YMR202W,0,-6.5433803,0.12790223956108093,0.9661538600921631,0.6587692499160767
YCL060C,YOL146W,1,-6.5435457,0.12825733423233032,0.9692307710647583,0.6587692499160767
YJL122W,YLR380W,0,-6.544516,0.12820513546466827,0.9692307710647583,0.6590769290924072
YER159C,YGL135W,0,-6.5445337,0.1281529664993286,0.9692307710647583,0.6593846082687378
YOL008W,YHR039C-B,0,-6.5445848,0.12810085713863373,0.9692307710647583,0.6596922874450684
YDR270W,YBR112C,0,-6.5447516,0.12804877758026123,0.9692307710647583,0.6600000262260437
YNL097C,YOR343W-A,0,-6.5451303,0.12799674272537231,0.9692307710647583,0.6603077054023743
YOR299W,YGR060W,0,-6.5462728,0.12794476747512817,0.9692307710647583,0.6606153845787048
YDR159W,YGL208W,0,-6.5470843,0.12789280712604523,0.9692307710647583,0.6609230637550354
YIL122W,YGR161W-B,0,-6.5483766,0.12784090638160706,0.9692307710647583,0.661230742931366
YOR182C,YIL073C,0,-6.5495825,0.12778905034065247,0.9692307710647583,0.6615384817123413
YDR288W,YJL166W,0,-6.5523925,0.12773722410202026,0.9692307710647583,0.6618461608886719
YMR311C,YJL059W,0,-6.5527644,0.12768544256687164,0.9692307710647583,0.6621538400650024
YLR260W,YLR337W,0,-6.553628,0.1276337057352066,0.9692307710647583,0.662461519241333
YOL016C,YPL145C,0,-6.5542397,0.12758201360702515,0.9692307710647583,0.6627692580223083
YDR170C,YOL110W,0,-6.554998,0.12753036618232727,0.9692307710647583,0.6630769371986389
YFL011W-A,YML038C,0,-6.55524,0.12747874855995178,0.9692307710647583,0.6633846163749695
YHR139C,YDR261C-D,0,-6.55649,0.12742719054222107,0.9692307710647583,0.6636922955513
YHL003C,YFL035C,0,-6.558286,0.12737566232681274,0.9692307710647583,0.6639999747276306
YLR260W,YJL204C,0,-6.558386,0.127324178814888,0.9692307710647583,0.664307713508606
YKL045W,YIL066C,1,-6.558516,0.12767677009105682,0.9723076820373535,0.664307713508606
YPL149W,YPL145C,0,-6.5595407,0.12762519717216492,0.9723076820373535,0.6646153926849365
YKL129C,YOR301W,0,-6.5618606,0.12757368385791779,0.9723076820373535,0.6649230718612671
YKL017C,YCL060C,1,-6.562077,0.12792575359344482,0.9753845930099487,0.6649230718612671
YLR060W,YPR080W,0,-6.5632286,0.12787413597106934,0.9753845930099487,0.6652307510375977
YJR118C,YFL035C,0,-6.5652833,0.12782257795333862,0.9753845930099487,0.665538489818573
YBL045C,YJR135C,0,-6.5661473,0.1277710646390915,0.9753845930099487,0.6658461689949036
YPR201W,YNL003C,0,-6.566651,0.12771958112716675,0.9753845930099487,0.6661538481712341
YHR089C,YGL232W,0,-6.5672007,0.12766814231872559,0.9753845930099487,0.6664615273475647
YOR301W,YDL229W,0,-6.568663,0.127616748213768,0.9753845930099487,0.6667692065238953
YFL045C,YML013W,0,-6.5687623,0.127565398812294,0.9753845930099487,0.6670769453048706
YPL180W,YOR338W,0,-6.5688934,0.1275140792131424,0.9753845930099487,0.6673846244812012
YKL002W,YIL077C,0,-6.5689473,0.12746280431747437,0.9753845930099487,0.6676923036575317
YHR008C,YNL284C-B,0,-6.569081,0.12741157412528992,0.9753845930099487,0.6679999828338623
YIL105C,YGR161W-B,0,-6.569081,0.12736038863658905,0.9753845930099487,0.6683077216148376
YDL031W,YHR204W,0,-6.569239,0.12730923295021057,0.9753845930099487,0.6686154007911682
YOL027C,YCL062W,0,-6.569363,0.12725812196731567,0.9753845930099487,0.6689230799674988
YPL133C,YLR222C,0,-6.5694737,0.12720705568790436,0.9753845930099487,0.6692307591438293
YDR329C,YCR057C,0,-6.5703235,0.12715603411197662,0.9753845930099487,0.6695384383201599
YKL172W,YCR040W,0,-6.5721297,0.12710505723953247,0.9753845930099487,0.6698461771011353
YJR160C,YCR073W-A,0,-6.5726395,0.1270541101694107,0.9753845930099487,0.6701538562774658
YNL257C,YGL212W,0,-6.5731997,0.12700320780277252,0.9753845930099487,0.6704615354537964
YDR028C,YDR210W-A,0,-6.573525,0.12695235013961792,0.9753845930099487,0.670769214630127
YJR160C,YLR337W,0,-6.574044,0.1269015222787857,0.9753845930099487,0.6710768938064575
YKR053C,YGR161W-B,0,-6.5750594,0.12685073912143707,0.9753845930099487,0.6713846325874329
YNR049C,YDR210W-A,0,-6.5759587,0.12680000066757202,0.9753845930099487,0.6716923117637634
YNL111C,YPR016C,0,-6.5761795,0.12674930691719055,0.9753845930099487,0.671999990940094
YER087C-A,YDR469W,0,-6.576751,0.12669864296913147,0.9753845930099487,0.6723076701164246
YDL243C,YKL022C,0,-6.5783134,0.12664802372455597,0.9753845930099487,0.6726154088973999
YOR334W,YDR210W-B,0,-6.578392,0.12659744918346405,0.9753845930099487,0.6729230880737305
YHR004C,YKL144C,0,-6.578655,0.12654690444469452,0.9753845930099487,0.673230767250061
YBL002W,YPL029W,0,-6.578925,0.12649640440940857,0.9753845930099487,0.6735384464263916
YPL200W,YFR019W,0,-6.579059,0.1264459490776062,0.9753845930099487,0.6738461256027222
YMR014W,YOR136W,0,-6.5795636,0.12639553844928741,0.9753845930099487,0.6741538643836975
YHR079C-B,YLR105C,0,-6.5799766,0.12634515762329102,0.9753845930099487,0.6744615435600281
YNL161W,YOR343W-B,0,-6.5802965,0.1262948215007782,0.9753845930099487,0.6747692227363586
YAL026C,YCR055C,0,-6.580477,0.12624453008174896,0.9753845930099487,0.6750769019126892
YCR008W,YER087C-B,0,-6.5812087,0.12619426846504211,0.9753845930099487,0.6753846406936646
YAL026C,YIL144W,0,-6.581519,0.12614405155181885,0.9753845930099487,0.6756923198699951
YLR264W,YNL202W,0,-6.5845,0.12609387934207916,0.9753845930099487,0.6759999990463257
YJR084W,YFL034C-B,0,-6.5858903,0.12604373693466187,0.9753845930099487,0.6763076782226562
YGL020C,YHL009W-B,0,-6.586063,0.12599363923072815,0.9753845930099487,0.6766153573989868
YCL060C,YLR003C,1,-6.5879993,0.12634088099002838,0.9784615635871887,0.6766153573989868
YFL011W-A,YBL040C,0,-6.5884414,0.1262907087802887,0.9784615635871887,0.6769230961799622
YKL114C,YPL085W,0,-6.5884767,0.1262405663728714,0.9784615635871887,0.6772307753562927
YMR054W,YHR020W,0,-6.589136,0.12619048357009888,0.9784615635871887,0.6775384545326233
YLR372W,YNL107W,0,-6.590095,0.12614041566848755,0.9784615635871887,0.6778461337089539
YDR034C-C,YNR047W,0,-6.5905066,0.126090407371521,0.9784615635871887,0.6781538724899292
YML029W,YDR210W-A,0,-6.591247,0.12604042887687683,0.9784615635871887,0.6784615516662598
YLR448W,YMR054W,0,-6.591486,0.12599049508571625,0.9784615635871887,0.6787692308425903
YGL201C,YIL066C,1,-6.5926986,0.12633663415908813,0.9815384745597839,0.6787692308425903
YIL147C,YBR143C,0,-6.5930705,0.12628662586212158,0.9815384745597839,0.6790769100189209
YPL271W,YDR261C-D,0,-6.595268,0.12623664736747742,0.9815384745597839,0.6793845891952515
YMR006C,YNR031C,0,-6.596463,0.12618671357631683,0.9815384745597839,0.6796923279762268
YCL060C,YNL072W,1,-6.596638,0.12653222680091858,0.9846153855323792,0.6796923279762268
YLR097C,YDR037W,0,-6.5966473,0.12648221850395203,0.9846153855323792,0.6800000071525574
YIL068C,YNL263C,0,-6.598332,0.12643224000930786,0.9846153855323792,0.6803076863288879
YDL243C,YGR086C,0,-6.5985026,0.12638230621814728,0.9846153855323792,0.6806153655052185
YLR051C,YPL180W,0,-6.6006155,0.12633241713047028,0.9846153855323792,0.6809231042861938
YNL159C,YDR265W,0,-6.6035013,0.12628255784511566,0.9846153855323792,0.6812307834625244
YMR275C,YBL013W,0,-6.6044755,0.12623274326324463,0.9846153855323792,0.681538462638855
YDR210W-A,YLR157C-B,0,-6.605161,0.12618295848369598,0.9846153855323792,0.6818461418151855
YPR042C,YPL147W,0,-6.605697,0.12613323330879211,0.9846153855323792,0.6821538209915161
YPL169C,YDR329C,0,-6.606534,0.12608352303504944,0.9846153855323792,0.6824615597724915
YNL012W,YDR210W-B,0,-6.607224,0.12603387236595154,0.9846153855323792,0.682769238948822
YNL267W,YDL097C,0,-6.607248,0.12598425149917603,0.9846153855323792,0.6830769181251526
YOR301W,YMR039C,0,-6.6085877,0.1259346753358841,0.9846153855323792,0.6833845973014832
YHR053C,YNL202W,0,-6.6097407,0.12588512897491455,0.9846153855323792,0.6836923360824585
YIL122W,YFL002C,0,-6.61024,0.1258356273174286,0.9846153855323792,0.6840000152587891
YPL126W,YJL059W,0,-6.6103735,0.1257861703634262,0.9846153855323792,0.6843076944351196
YIR037W,YKL008C,0,-6.610968,0.12573674321174622,0.9846153855323792,0.6846153736114502
YPR081C,YGR170W,0,-6.611791,0.1256873458623886,0.9846153855323792,0.6849230527877808
YPR144C,YDL052C,0,-6.6118803,0.12563800811767578,0.9846153855323792,0.6852307915687561
YBR041W,YDR317W,0,-6.6118975,0.12558870017528534,0.9846153855323792,0.6855384707450867
YPL061W,YLR337C,0,-6.614765,0.12553942203521729,0.9846153855323792,0.6858461499214172
YGL029W,YAL012W,0,-6.6148696,0.125490203499794,0.9846153855323792,0.6861538290977478
YER012W,YGL162W,0,-6.615192,0.12544099986553192,0.9846153855323792,0.6864615678787231
YPL130W,YGR161W-A,0,-6.6163235,0.1253918558359146,0.9846153855323792,0.6867692470550537
YLL060C,YMR140W,0,-6.6168103,0.1253427267074585,0.9846153855323792,0.6870769262313843
YPR133W-A,YDR486C,0,-6.617334,0.12529365718364716,0.9846153855323792,0.6873846054077148
YER022W,YLR337W,0,-6.618084,0.1252446174621582,0.9846153855323792,0.6876922845840454
YDR236C,YPL233W,0,-6.618436,0.12519562244415283,0.9846153855323792,0.6880000233650208
YLR106C,YBR221C,0,-6.6190667,0.12514665722846985,0.9846153855323792,0.6883077025413513
YDR168W,YDR265W,0,-6.6208224,0.12509773671627045,0.9846153855323792,0.6886153817176819
YDR361C,YPR023C,0,-6.621386,0.12504884600639343,0.9846153855323792,0.6889230608940125
YJL033W,YBR012W-A,0,-6.622289,0.125,0.9846153855323792,0.689230740070343
YKR024C,YKL064W,0,-6.6225286,0.12495119124650955,0.9846153855323792,0.6895384788513184
YER018C,YJL069C,0,-6.623239,0.12490241974592209,0.9846153855323792,0.6898461580276489
YLR216C,YDR034C-C,0,-6.6240473,0.12485368549823761,0.9846153855323792,0.6901538372039795
YLL050C,YFL024C,0,-6.624223,0.12480498850345612,0.9846153855323792,0.6904615163803101
YJR068W,YIL066C,1,-6.6273055,0.12514619529247284,0.9876922965049744,0.6904615163803101
YHR053C,YGR161W-B,0,-6.628386,0.12509742379188538,0.9876922965049744,0.6907692551612854
YHL047C,YBR114W,0,-6.628923,0.1250486969947815,0.9876922965049744,0.691076934337616
YNL221C,YOR362C,0,-6.6298766,0.125,0.9876922965049744,0.6913846135139465
YOR321W,YNL045W,0,-6.6314464,0.12495134025812149,0.9876922965049744,0.6916922926902771
YNL107W,YBL100W-B,0,-6.63427,0.12490272521972656,0.9876922965049744,0.6919999718666077
YER159C,YAL025C,0,-6.635616,0.12485413998365402,0.9876922965049744,0.692307710647583
YCR002C,YHR148W,0,-6.6356206,0.12480559945106506,0.9876922965049744,0.6926153898239136
YPR141C,YMR096W,0,-6.6356893,0.12475709617137909,0.9876922965049744,0.6929230690002441
YDR375C,YLR084C,0,-6.6372447,0.1247086226940155,0.9876922965049744,0.6932307481765747
YPL078C,YIL139C,0,-6.6395283,0.1246601939201355,0.9876922965049744,0.69353848695755
YBR260C,YGL049C,0,-6.6404095,0.12461180239915848,0.9876922965049744,0.6938461661338806
YMR049C,YCR055C,0,-6.6416388,0.12456344813108444,0.9876922965049744,0.6941538453102112
YOL068C,YOL026C,0,-6.642472,0.12451513111591339,0.9876922965049744,0.6944615244865417
YJR125C,YFR002W,0,-6.642677,0.12446684390306473,0.9876922965049744,0.6947692036628723
YJL004C,YPL129W,0,-6.6428814,0.12441860139369965,0.9876922965049744,0.6950769424438477
YDL155W,YCR008W,0,-6.643108,0.12437039613723755,0.9876922965049744,0.6953846216201782
YKR068C,YNL267W,0,-6.643282,0.12432222813367844,0.9876922965049744,0.6956923007965088
YDL132W,YCL003W,0,-6.6436515,0.12427409738302231,0.9876922965049744,0.6959999799728394
YGL029W,YLR342W,0,-6.6439567,0.12422600388526917,0.9876922965049744,0.6963077187538147
YDL035C,YGL212W,0,-6.645119,0.124177947640419,0.9876922965049744,0.6966153979301453
YHR183W,YNL202W,0,-6.645715,0.12412992864847183,0.9876922965049744,0.6969230771064758
YMR078C,YDR261C-D,0,-6.6458435,0.12408194690942764,0.9876922965049744,0.6972307562828064
YPR042C,YDR322C-A,0,-6.6465855,0.12403400242328644,0.9876922965049744,0.697538435459137
YDR265W,YBR103W,0,-6.647193,0.12398609519004822,0.9876922965049744,0.6978461742401123
YMR140W,YIL105C,0,-6.6474347,0.12393822520971298,0.9876922965049744,0.6981538534164429
YGL210W-A,YDR126W,0,-6.648724,0.12389039248228073,0.9876922965049744,0.6984615325927734
YNL007C,YGL127C,0,-6.6491866,0.12384258955717087,0.9876922965049744,0.698769211769104
YNR074C,YPR080W,0,-6.6508756,0.12379483133554459,0.9876922965049744,0.6990769505500793
YLR391W,YCR040W,0,-6.653186,0.12374711036682129,0.9876922965049744,0.6993846297264099
YBR236C,YGR161W-A,0,-6.654309,0.12369941920042038,0.9876922965049744,0.6996923089027405
YJL198W,YDR235W,0,-6.65474,0.12365177273750305,0.9876922965049744,0.699999988079071
YMR038C,YOR243C,0,-6.6564755,0.12360415607690811,0.9876922965049744,0.7003076672554016
YLR023C,YDR378C,0,-6.6569967,0.12355658411979675,0.9876922965049744,0.700615406036377
YMR038C,YOL064C,0,-6.6582704,0.12350904196500778,0.9876922965049744,0.7009230852127075
YCL059C,YPL029W,0,-6.6594768,0.1234615370631218,0.9876922965049744,0.7012307643890381
YIL072W,YOR343W-A,0,-6.6599154,0.1234140694141388,0.9876922965049744,0.7015384435653687
YGR256W,YKL193C,0,-6.6600237,0.12336663901805878,0.9876922965049744,0.701846182346344
YDL100C,YDR477W,0,-6.6617465,0.12331924587488174,0.9876922965049744,0.7021538615226746
YNL111C,YIR002C,0,-6.6625338,0.1232718899846077,0.9876922965049744,0.7024615406990051
YNL016W,YCL062W,0,-6.663093,0.12322457134723663,0.9876922965049744,0.7027692198753357
YPL200W,YNR032W,0,-6.6636567,0.12317728251218796,0.9876922965049744,0.7030768990516663
YJL069C,YCL062W,0,-6.664806,0.12313003093004227,0.9876922965049744,0.7033846378326416
YOR243C,YBR260C,0,-6.6651583,0.12308282405138016,0.9876922965049744,0.7036923170089722
YGL058W,YOR084W,0,-6.6652265,0.12303564697504044,0.9876922965049744,0.7039999961853027
YPL135W,YDR329C,0,-6.6655507,0.1229885071516037,0.9876922965049744,0.7043076753616333
YAR002W,YGR161W-A,0,-6.6676397,0.12294140458106995,0.9876922965049744,0.7046154141426086
YML005W,YNL284C-B,0,-6.6683807,0.12289433181285858,0.9876922965049744,0.7049230933189392
YOR304W,YDR005C,0,-6.668842,0.1228473037481308,0.9876922965049744,0.7052307724952698
YGL061C,YLR023C,0,-6.669497,0.1228003054857254,0.9876922965049744,0.7055384516716003
YLR139C,YOL093W,0,-6.6698346,0.12275334447622299,0.9876922965049744,0.7058461308479309
YGL137W,YNL045W,0,-6.670277,0.12270642071962357,0.9876922965049744,0.7061538696289062
YDR151C,YGL210W-A,0,-6.6709156,0.12265953421592712,0.9876922965049744,0.7064615488052368
YJL209W,YNL332W,0,-6.6712337,0.12261268496513367,0.9876922965049744,0.7067692279815674
YPR042C,YKL144C,0,-6.671602,0.1225658655166626,0.9876922965049744,0.707076907157898
YOL061W,YDL090C,0,-6.671607,0.12251908332109451,0.9876922965049744,0.7073845863342285
YPR183W,YMR054W,0,-6.671961,0.12247233837842941,0.9876922965049744,0.7076923251152039
YGL093W,YGR144W,0,-6.6722894,0.1224256306886673,0.9876922965049744,0.7080000042915344
YOR320C,YNL257C,0,-6.6752996,0.12237895280122757,0.9876922965049744,0.708307683467865
YOR334W,YMR039C,0,-6.675499,0.12233231961727142,0.9876922965049744,0.7086153626441956
YGL257C,YBR221C,0,-6.679522,0.12228571623563766,0.9876922965049744,0.7089231014251709
YDL132W,YLL060C,0,-6.6803145,0.12223915010690689,0.9876922965049744,0.7092307806015015
YGL071W,YPR132W,0,-6.6805234,0.1221926137804985,0.9876922965049744,0.709538459777832
YAL031C,YJL069C,0,-6.681604,0.1221461221575737,0.9876922965049744,0.7098461389541626
YJL035C,YIL077C,0,-6.683124,0.12209966033697128,0.9876922965049744,0.7101538181304932
YOR080W,YLR003C,1,-6.6836576,0.12243346124887466,0.9907692074775696,0.7101538181304932
YDR270W,YHR053C,0,-6.6841493,0.12238692492246628,0.9907692074775696,0.7104615569114685
YNR074C,YOR343W-A,0,-6.684249,0.12234042584896088,0.9907692074775696,0.7107692360877991
YLR391W,YBR260C,0,-6.684275,0.12229396402835846,0.9907692074775696,0.7110769152641296
YIL124W,YLR023C,0,-6.684438,0.12224753201007843,0.9907692074775696,0.7113845944404602
YDR178W,YMR134W,0,-6.6846356,0.12220113724470139,0.9907692074775696,0.7116923332214355
YNL062C,YJL124C,0,-6.6855626,0.12215477973222733,0.9907692074775696,0.7120000123977661
YMR208W,YOR007C,0,-6.6864066,0.12210845947265625,0.9907692074775696,0.7123076915740967
YML031W,YLR067C,0,-6.6876197,0.12206216901540756,0.9907692074775696,0.7126153707504272
YLR106C,YGR212W,0,-6.688383,0.12201591581106186,0.9907692074775696,0.7129230499267578
YJR040W,YDL035C,0,-6.6891236,0.12196969985961914,0.9907692074775696,0.7132307887077332
YBL003C,YGL018C,0,-6.6912937,0.12192351371049881,0.9907692074775696,0.7135384678840637
YML013W,YER160C,0,-6.692717,0.12187736481428146,0.9907692074775696,0.7138461470603943
YOL082W,YER148W,0,-6.6938357,0.1218312531709671,0.9907692074775696,0.7141538262367249
YCR002C,YLR447C,0,-6.694552,0.12178517132997513,0.9907692074775696,0.7144615650177002
YOR347C,YIL173W,0,-6.695408,0.12173912674188614,0.9907692074775696,0.7147692441940308
YDR236C,YHR135C,0,-6.6959333,0.12169311940670013,0.9907692074775696,0.7150769233703613
YHR204W,YBR114W,0,-6.697431,0.12164714932441711,0.9907692074775696,0.7153846025466919
YLR310C,YNL209W,0,-6.6995883,0.12160120904445648,0.9907692074775696,0.7156922817230225
YPL203W,YJL069C,0,-6.6997924,0.12155530601739883,0.9907692074775696,0.7160000205039978
YAR002W,YNL334C,0,-6.699992,0.12150943279266357,0.9907692074775696,0.7163076996803284
YBL040C,YLL017W,0,-6.7005305,0.1214635968208313,0.9907692074775696,0.7166153788566589
YOR078W,YDR381W,0,-6.701176,0.12141779810190201,0.9907692074775696,0.7169230580329895
YJL104W,YHR039C-A,0,-6.7023473,0.1213720291852951,0.9907692074775696,0.7172307968139648
YIL010W,YBL003C,0,-6.704885,0.12132629752159119,0.9907692074775696,0.7175384759902954
YNL112W,YOR290C,0,-6.705048,0.12128060311079025,0.9907692074775696,0.717846155166626
YOR018W,YPL203W,0,-6.705052,0.1212349385023117,0.9907692074775696,0.7181538343429565
YPL012W,YNL213C,0,-6.7053375,0.12118931114673615,0.9907692074775696,0.7184615135192871
YBL005W-B,YDR065W,0,-6.705365,0.12114371359348297,0.9907692074775696,0.7187692523002625
YIL044C,YLR350W,0,-6.7058167,0.12109816074371338,0.9907692074775696,0.719076931476593
YBR158W,YHR186C,0,-6.7061663,0.12105263024568558,0.9907692074775696,0.7193846106529236
YER042W,YKL214C,0,-6.7065496,0.12100713700056076,0.9907692074775696,0.7196922898292542
YDL116W,YHR060W,0,-6.7111,0.12096168100833893,0.9907692074775696,0.7200000286102295
YNL112W,YPL133C,0,-6.713939,0.12091626226902008,0.9907692074775696,0.7203077077865601
YOR257W,YOR275C,0,-6.714106,0.12087087333202362,0.9907692074775696,0.7206153869628906
YDR085C,YPR191W,0,-6.714243,0.12082551419734955,0.9907692074775696,0.7209230661392212
YML025C,YDR034C-C,0,-6.714294,0.12078019231557846,0.9907692074775696,0.7212307453155518
YPR141C,YMR022W,0,-6.7145553,0.12073490768671036,0.9907692074775696,0.7215384840965271
YJR090C,YOR137C,0,-6.714845,0.12068965286016464,0.9907692074775696,0.7218461632728577
YOR301W,YOR075W,0,-6.7169347,0.12064443528652191,0.9907692074775696,0.7221538424491882
YKR003W,YHR026W,0,-6.717241,0.12059924751520157,0.9907692074775696,0.7224615216255188
YMR140W,YBR081C,0,-6.7181563,0.12055409699678421,0.9907692074775696,0.7227692604064941
YHR024C,YLR448W,0,-6.720941,0.12050898373126984,0.9907692074775696,0.7230769395828247
YPL098C,YJL198W,0,-6.722396,0.12046390026807785,0.9907692074775696,0.7233846187591553
YDR283C,YCR040W,0,-6.7227874,0.12041884660720825,0.9907692074775696,0.7236922979354858
YNL055C,YNL128W,0,-6.722855,0.12037383019924164,0.9907692074775696,0.7239999771118164
YDR265W,YKL178C,0,-6.724231,0.12032885104417801,0.9907692074775696,0.7243077158927917
YMR014W,YMR281W,0,-6.7246284,0.12028390169143677,0.9907692074775696,0.7246153950691223
YJR065C,YGL223C,0,-6.726352,0.12023898214101791,0.9907692074775696,0.7249230742454529
YOL068C,YDR261C-D,0,-6.7274127,0.12019409984350204,0.9907692074775696,0.7252307534217834
YPL174C,YBR048W,0,-6.7303686,0.12014925479888916,0.9907692074775696,0.725538432598114
YNR049C,YBR196C,0,-6.731878,0.12010443955659866,0.9907692074775696,0.7258461713790894
YBR106W,YHR135C,0,-6.7325892,0.12005965411663055,0.9907692074775696,0.7261538505554199
YGR247W,YGL257C,0,-6.73322,0.12001490592956543,0.9907692074775696,0.7264615297317505
YPR183W,YHR205W,0,-6.733645,0.11997019499540329,0.9907692074775696,0.726769208908081
YNL161W,YOR275C,0,-6.7341847,0.11992551386356354,0.9907692074775696,0.7270769476890564
YLR372W,YGL095C,0,-6.7350593,0.11988086253404617,0.9907692074775696,0.727384626865387
YJR118C,YJL098W,0,-6.7357254,0.1198362484574318,0.9907692074775696,0.7276923060417175
YMR149W,YMR134W,0,-6.735761,0.1197916641831398,0.9907692074775696,0.7279999852180481
YKL048C,YHR020W,0,-6.73591,0.1197471171617508,0.9907692074775696,0.7283076643943787
YDR424C,YHR186C,0,-6.73594,0.11970259994268417,0.9907692074775696,0.728615403175354
YGL066W,YPL180W,0,-6.7373505,0.11965811997652054,0.9907692074775696,0.7289230823516846
YCR055C,YBR048W,0,-6.73746,0.11961366981267929,0.9907692074775696,0.7292307615280151
YLR153C,YLR264W,0,-6.740079,0.11956925690174103,0.9907692074775696,0.7295384407043457
YER006W,YKR090W,0,-6.7401686,0.11952487379312515,0.9907692074775696,0.729846179485321
YFL050C,YDR126W,0,-6.7415986,0.11948052048683167,0.9907692074775696,0.7301538586616516
YLR391W-A,YBR207W,0,-6.743067,0.11943620443344116,0.9907692074775696,0.7304615378379822
YNL257C,YKL070W,0,-6.7438264,0.11939191818237305,0.9907692074775696,0.7307692170143127
YJL050W,YHR139C,0,-6.7445197,0.11934766173362732,0.9907692074775696,0.7310768961906433
YOR063W,YKL193C,0,-6.744573,0.11930344253778458,0.9907692074775696,0.7313846349716187
YOR008C,YDR495C,0,-6.745232,0.11925926059484482,0.9907692074775696,0.7316923141479492
YLR201C,YMR006C,0,-6.745274,0.11921510845422745,0.9907692074775696,0.7319999933242798
YBL042C,YIL014W,0,-6.7502017,0.11917098611593246,0.9907692074775696,0.7323076725006104
YPR075C,YER012W,0,-6.7530723,0.11912689357995987,0.9907692074775696,0.7326154112815857
YGL087C,YBL100W-B,0,-6.753506,0.11908283829689026,0.9907692074775696,0.7329230904579163
YGL194C,YOL012C,0,-6.7538295,0.11903882026672363,0.9907692074775696,0.7332307696342468
YHR148W,YOR328W,0,-6.7548738,0.1189948245882988,0.9907692074775696,0.7335384488105774
YHR053C,YCR037C,0,-6.7571497,0.11895086616277695,0.9907692074775696,0.733846127986908
YBL078C,YKL070W,0,-6.757541,0.11890694499015808,0.9907692074775696,0.7341538667678833
YDR365C,YNL047C,0,-6.757698,0.118863046169281,0.9907692074775696,0.7344615459442139
YGL089C,YIR021W,0,-6.7578864,0.11881918460130692,0.9907692074775696,0.7347692251205444
YGL018C,YBR297W,0,-6.758181,0.11877536028623581,0.9907692074775696,0.735076904296875
YMR308C,YPR191W,0,-6.7582083,0.11873156577348709,0.9907692074775696,0.7353846430778503
YDL132W,YIL023C,0,-6.758886,0.11868780106306076,0.9907692074775696,0.7356923222541809
YPR133W-A,YJR103W,0,-6.759072,0.11864406615495682,0.9907692074775696,0.7360000014305115
YLR201C,YLR380W,0,-6.761976,0.11860036849975586,0.9907692074775696,0.736307680606842
YGL126W,YNL007C,0,-6.7628555,0.11855670064687729,0.9907692074775696,0.7366153597831726
YDL097C,YNL045W,0,-6.7631116,0.1185130625963211,0.9907692074775696,0.736923098564148
YGR225W,YIL147C,0,-6.766071,0.11846946179866791,0.9907692074775696,0.7372307777404785
YBR103W,YMR210W,0,-6.7679095,0.1184258908033371,0.9907692074775696,0.7375384569168091
YNL159C,YGL145W,0,-6.7695794,0.11838234961032867,0.9907692074775696,0.7378461360931396
YDL192W,YDR362C,0,-6.7712307,0.11833884567022324,0.9907692074775696,0.738153874874115
YCR071C,YBL041W,0,-6.7715917,0.11829537153244019,0.9907692074775696,0.7384615540504456
YNL331C,YNR047W,0,-6.77167,0.11825192719697952,0.9907692074775696,0.7387692332267761
YJR065C,YNL007C,0,-6.772222,0.11820852011442184,0.9907692074775696,0.7390769124031067
YJR040W,YIL147C,0,-6.7734137,0.11816513538360596,0.9907692074775696,0.7393845915794373
YJL122W,YNL012W,0,-6.7735667,0.11812178790569305,0.9907692074775696,0.7396923303604126
YML069W,YIL066C,1,-6.774303,0.11844518035650253,0.9938461780548096,0.7396923303604126
YOR026W,YDR251W,0,-6.775392,0.11840175837278366,0.9938461780548096,0.7400000095367432
YBL002W,YOR191W,0,-6.775742,0.11835837364196777,0.9938461780548096,0.7403076887130737
YNL130C,YDR293C,0,-6.7768207,0.11831501871347427,0.9938461780548096,0.7406153678894043
YGL001C,YOR226C,0,-6.777176,0.11827169358730316,0.9938461780548096,0.7409231066703796
YAR018C,YBL100W-B,0,-6.7785707,0.11822840571403503,0.9938461780548096,0.7412307858467102
YOR191W,YGL127C,0,-6.779121,0.1181851476430893,0.9938461780548096,0.7415384650230408
YDR200C,YGR296W,0,-6.779893,0.11814191937446594,0.9938461780548096,0.7418461441993713
YBL078C,YLR264W,0,-6.7809215,0.11809872090816498,0.9938461780548096,0.7421538233757019
YFL024C,YFL014W,0,-6.781798,0.1180555522441864,0.9938461780548096,0.7424615621566772
YAR018C,YGL045W,0,-6.782883,0.11801242083311081,0.9938461780548096,0.7427692413330078
YBR297W,YOL064C,0,-6.784248,0.1179693192243576,0.9938461780548096,0.7430769205093384
YDR147W,YGL137W,0,-6.786579,0.11792624741792679,0.9938461780548096,0.743384599685669
YJR033C,YDR545W,0,-6.789376,0.11788321286439896,0.9938461780548096,0.7436922788619995
YDR361C,YDR005C,0,-6.7912917,0.11784020066261292,0.9938461780548096,0.7440000176429749
YHR139C,YDR079C-A,0,-6.7917256,0.11779722571372986,0.9938461780548096,0.7443076968193054
YBR112C,YOR347C,0,-6.7917924,0.11775428056716919,0.9938461780548096,0.744615375995636
YPL200W,YML107C,0,-6.7925086,0.1177113726735115,0.9938461780548096,0.7449230551719666
YIL154C,YAL005C,0,-6.792853,0.11766848713159561,0.9938461780548096,0.7452307939529419
YOR320C,YBR009C,0,-6.793814,0.1176256388425827,0.9938461780548096,0.7455384731292725
YDL198C,YHR186C,0,-6.794027,0.11758282035589218,0.9938461780548096,0.745846152305603
YOL082W,YLR201C,0,-6.7947674,0.11754003167152405,0.9938461780548096,0.7461538314819336
YMR061W,YLR157C-B,0,-6.7957544,0.1174972727894783,0.9938461780548096,0.7464615106582642
YMR014W,YLR086W,0,-6.7963157,0.11745454370975494,0.9938461780548096,0.7467692494392395
YBR103W,YJR104C,0,-6.797861,0.11741185188293457,0.9938461780548096,0.7470769286155701
YLR284C,YBR284W,0,-6.798138,0.11736918240785599,0.9938461780548096,0.7473846077919006
YEL036C,YDR256C,0,-6.7998414,0.11732655018568039,0.9938461780548096,0.7476922869682312
YEL017C-A,YDR200C,0,-6.8000016,0.11728394776582718,0.9938461780548096,0.7480000257492065
YAR002C-A,YJL125C,0,-6.8006587,0.11724138259887695,0.9938461780548096,0.7483077049255371
YGR200C,YDR329C,0,-6.8009777,0.11719883978366852,0.9938461780548096,0.7486153841018677
YDR375C,YJL091C,0,-6.801743,0.11715632677078247,0.9938461780548096,0.7489230632781982
YBR167C,YMR210W,0,-6.805353,0.11711385101079941,0.9938461780548096,0.7492307424545288
YBR168W,YER123W,0,-6.805382,0.11707140505313873,0.9938461780548096,0.7495384812355042
YOL016C,YFR040W,0,-6.8066707,0.11702898889780045,0.9938461780548096,0.7498461604118347
YGR040W,YIR012W,0,-6.8126187,0.11698660254478455,0.9938461780548096,0.7501538395881653
YLR201C,YDL055C,0,-6.8144526,0.11694424599409103,0.9938461780548096,0.7504615187644958
YKL129C,YBR022W,0,-6.8144565,0.11690191924571991,0.9938461780548096,0.7507692575454712
YOR007C,YMR134W,0,-6.815135,0.11685962229967117,0.9938461780548096,0.7510769367218018
YDL022W,YBR098W,0,-6.8172774,0.11681736260652542,0.9938461780548096,0.7513846158981323
YLR285W,YIL122W,0,-6.817433,0.11677512526512146,0.9938461780548096,0.7516922950744629
YPL145C,YGL095C,0,-6.819049,0.11673292517662048,0.9938461780548096,0.7519999742507935
YLL060C,YBR254C,0,-6.819334,0.1166907548904419,0.9938461780548096,0.7523077130317688
YHR188C,YBL100W-B,0,-6.8204374,0.1166486069560051,0.9938461780548096,0.7526153922080994
YKL134C,YBR012W-B,0,-6.821169,0.11660649627447128,0.9938461780548096,0.7529230713844299
YGR083C,YLL017W,0,-6.824718,0.11656441539525986,0.9938461780548096,0.7532307505607605
YOL082W,YGL061C,0,-6.825853,0.11652236431837082,0.9938461780548096,0.7535384893417358
YOR355W,YJR009C,0,-6.8268194,0.11648034304380417,0.9938461780548096,0.7538461685180664
YMR177W,YGL210W-A,0,-6.827378,0.1164383590221405,0.9938461780548096,0.754153847694397
YLR284C,YGL089C,0,-6.827728,0.11639639735221863,0.9938461780548096,0.7544615268707275
YOR211C,YKL070W,0,-6.82793,0.11635446548461914,0.9938461780548096,0.7547692060470581
YIL009C-A,YMR006C,0,-6.8299046,0.11631257086992264,0.9938461780548096,0.7550769448280334
YOR301W,YMR146C,0,-6.8345785,0.11627069860696793,0.9938461780548096,0.755384624004364
YFR041C,YLR337W,0,-6.835915,0.1162288561463356,0.9938461780548096,0.7556923031806946
YMR202W,YJR135W-A,0,-6.8367887,0.11618705093860626,0.9938461780548096,0.7559999823570251
YGL001C,YBR279W,0,-6.8368382,0.11614526808261871,0.9938461780548096,0.7563077211380005
YLR391W,YCL059C,0,-6.836853,0.11610352247953415,0.9938461780548096,0.756615400314331
YBR042C,YER110C,0,-6.837344,0.11606180667877197,0.9938461780548096,0.7569230794906616
YGL045W,YDR213W,0,-6.838542,0.11602011322975159,0.9938461780548096,0.7572307586669922
YNR074C,YLL012W,0,-6.838927,0.11597845703363419,0.9938461780548096,0.7575384378433228
YLR342W,YPL133C,0,-6.8393316,0.11593683063983917,0.9938461780548096,0.7578461766242981
YMR056C,YCR091W,0,-6.8394246,0.11589522659778595,0.9938461780548096,0.7581538558006287
YGL127C,YOR075W,0,-6.8396525,0.11585365980863571,0.9938461780548096,0.7584615349769592
YOR113W,YLR337W,0,-6.84021,0.11581211537122726,0.9938461780548096,0.7587692141532898
YLR138W,YER024W,0,-6.8419023,0.1157706081867218,0.9938461780548096,0.7590768933296204
YDL116W,YER162C,0,-6.8439975,0.11572913080453873,0.9938461780548096,0.7593846321105957
YMR038C,YBL005W-B,0,-6.847909,0.11568767577409744,0.9938461780548096,0.7596923112869263
YDR244W,YJR009C,0,-6.8502192,0.11564625799655914,0.9938461780548096,0.7599999904632568
YDR178W,YER160C,0,-6.853394,0.11560487002134323,0.9938461780548096,0.7603076696395874
YPL135W,YJR009C,0,-6.8545313,0.11556350439786911,0.9938461780548096,0.7606154084205627
YBR026C,YNL003C,0,-6.855242,0.11552217602729797,0.9938461780548096,0.7609230875968933
YKL022C,YHR052W,0,-6.8556867,0.11548087000846863,0.9938461780548096,0.7612307667732239
YER042W,YDR027C,0,-6.85718,0.11543960124254227,0.9938461780548096,0.7615384459495544
YGR040W,YMR070W,0,-6.859116,0.1153983548283577,0.9938461780548096,0.761846125125885
YGR048W,YER123W,0,-6.859656,0.11535714566707611,0.9938461780548096,0.7621538639068604
YGL055W,YDR228C,0,-6.8599916,0.11531595885753632,0.9938461780548096,0.7624615430831909
YHR053C,YJL087C,0,-6.8649545,0.11527480185031891,0.9938461780548096,0.7627692222595215
YPL145C,YDR028C,0,-6.865642,0.11523367464542389,0.9938461780548096,0.763076901435852
YFL034C-B,YAL005C,0,-6.866851,0.11519258469343185,0.9938461780548096,0.7633846402168274
YHR026W,YBR006W,0,-6.867034,0.11515151709318161,0.9938461780548096,0.763692319393158
YPL130W,YJR009C,0,-6.867253,0.11511047929525375,0.9938461780548096,0.7639999985694885
YDL002C,YPR132W,0,-6.867417,0.11506947129964828,0.9938461780548096,0.7643076777458191
YDR365C,YJL104W,0,-6.8676715,0.1150284931063652,0.9938461780548096,0.7646153569221497
YDR263C,YER007W,0,-6.8679647,0.11498753726482391,0.9938461780548096,0.764923095703125
YDL166C,YBR280C,0,-6.8683977,0.11494661867618561,0.9938461780548096,0.7652307748794556
YMR037C,YGR086C,0,-6.8689218,0.11490572988986969,0.9938461780548096,0.7655384540557861
YGL223C,YOL116W,0,-6.869033,0.11486486345529556,0.9938461780548096,0.7658461332321167
YPR081C,YPL125W,0,-6.8690963,0.11482403427362442,0.9938461780548096,0.766153872013092
YNL331C,YNL107W,0,-6.869518,0.11478322744369507,0.9938461780548096,0.7664615511894226
YIL009W,YGL145W,0,-6.872869,0.1147424504160881,0.9938461780548096,0.7667692303657532
YPL255W,YBL042C,0,-6.873531,0.11470170319080353,0.9938461780548096,0.7670769095420837
YKL059C,YCL003W,0,-6.874182,0.11466098576784134,0.9938461780548096,0.7673845887184143
YMR014W,YDR404C,0,-6.8790965,0.11462029814720154,0.9938461780548096,0.7676923274993896
YDL097C,YBR006W,0,-6.8795543,0.11457964032888412,0.9938461780548096,0.7680000066757202
YHR052W,YGL095C,0,-6.880053,0.1145390048623085,0.9938461780548096,0.7683076858520508
YJR125C,YDL035C,0,-6.881659,0.11449840664863586,0.9938461780548096,0.7686153650283813
YAL003W,YKL048C,0,-6.8835263,0.11445783078670502,0.9938461780548096,0.7689231038093567
YJL209W,YHR139C,0,-6.885982,0.11441728472709656,0.9938461780548096,0.7692307829856873
YDR365C,YBR026C,0,-6.889381,0.11437676846981049,0.9938461780548096,0.7695384621620178
YKR024C,YER148W,0,-6.8922396,0.1143362820148468,0.9938461780548096,0.7698461413383484
YKL178C,YOR084W,0,-6.8932786,0.1142958253622055,0.9938461780548096,0.770153820514679
YMR116C,YLR264W,0,-6.894434,0.114255391061306,0.9938461780548096,0.7704615592956543
YPR037C,YDR096W,0,-6.8947453,0.11421499401330948,0.9938461780548096,0.7707692384719849
YFR019W,YGR141W,0,-6.8955073,0.11417461931705475,0.9938461780548096,0.7710769176483154
YPR122W,YOR267C,0,-6.896685,0.1141342744231224,0.9938461780548096,0.771384596824646
YER006W,YDR002W,0,-6.8988643,0.11409395933151245,0.9938461780548096,0.7716923356056213
YPL119C,YMR134W,0,-6.8999248,0.11405367404222488,0.9938461780548096,0.7720000147819519
YPL008W,YKL178C,0,-6.901209,0.11401341110467911,0.9938461780548096,0.7723076939582825
YDL035C,YGR118W,0,-6.9024215,0.11397318542003632,0.9938461780548096,0.772615373134613
YDR168W,YKL008C,0,-6.9024425,0.11393298208713531,0.9938461780548096,0.7729230523109436
YPR042C,YGR118W,0,-6.9030557,0.1138928085565567,0.9938461780548096,0.773230791091919
YDR106W,YPR103W,0,-6.903609,0.11385266482830048,0.9938461780548096,0.7735384702682495
YPL145C,YPR132W,0,-6.9038644,0.11381254345178604,0.9938461780548096,0.7738461494445801
YGR275W,YOR084W,0,-6.9040127,0.113772451877594,0.9938461780548096,0.7741538286209106
YPL271W,YBR131W,0,-6.9042234,0.11373239755630493,0.9938461780548096,0.774461567401886
YPL048W,YLR197W,0,-6.904839,0.11369235813617706,0.9938461780548096,0.7747692465782166
YOR355W,YPR080W,0,-6.9063926,0.11365235596895218,0.9938461780548096,0.7750769257545471
YHL047C,YDR329C,0,-6.90655,0.11361238360404968,0.9938461780548096,0.7753846049308777
YGR217W,YDR236C,0,-6.9069834,0.11357243359088898,0.9938461780548096,0.7756922841072083
YOR142W,YBL005W-B,0,-6.90699,0.11353251338005066,0.9938461780548096,0.7760000228881836
YOL123W,YIL105C,0,-6.9103107,0.11349262297153473,0.9938461780548096,0.7763077020645142
YLR153C,YOR321W,0,-6.9121366,0.11345275491476059,0.9938461780548096,0.7766153812408447
YNL332W,YIL173W,0,-6.912336,0.11341292411088943,0.9938461780548096,0.7769230604171753
YFR014C,YDL022W,0,-6.917887,0.11337311565876007,0.9938461780548096,0.7772307395935059
YER042W,YLR033W,0,-6.918547,0.1133333370089531,0.9938461780548096,0.7775384783744812
YGL027C,YHR148W,0,-6.91923,0.11329358071088791,0.9938461780548096,0.7778461575508118
YDR005C,YGL208W,0,-6.9225035,0.11325385421514511,0.9938461780548096,0.7781538367271423
YLR158C,YML126C,0,-6.922995,0.1132141575217247,0.9938461780548096,0.7784615159034729
YOR334W,YPR016C,0,-6.923664,0.11317449063062668,0.9938461780548096,0.7787692546844482
YGL210W-A,YNL151C,0,-6.9237857,0.11313485354185104,0.9938461780548096,0.7790769338607788
YBR021W,YNL045W,0,-6.9245086,0.1130952388048172,0.9938461780548096,0.7793846130371094
YPR122W,YDR170C,0,-6.9280424,0.11305565387010574,0.9938461780548096,0.7796922922134399
YOL023W,YDR409W,0,-6.9291167,0.11301609873771667,0.9938461780548096,0.7799999713897705
YPL181W,YKR081C,0,-6.9301505,0.1129765659570694,0.9938461780548096,0.7803077101707458
YPL160W,YGR074W,0,-6.9303703,0.1129370629787445,0.9938461780548096,0.7806153893470764
YDR173C,YKL194C,0,-6.931726,0.112897589802742,0.9938461780548096,0.780923068523407
YDL002C,YPL012W,0,-6.932552,0.11285813897848129,0.9938461780548096,0.7812307476997375
YIL017W,YNL310C,0,-6.933001,0.11281871795654297,0.9938461780548096,0.7815384864807129
YJL209W,YOR137C,0,-6.9347806,0.11277932673692703,0.9938461780548096,0.7818461656570435
YIR004W,YDL229W,0,-6.9350066,0.11273996531963348,0.9938461780548096,0.782153844833374
YHL031C,YOL148C,0,-6.935036,0.11270062625408173,0.9938461780548096,0.7824615240097046
YOR236W,YOL055C,0,-6.9352713,0.11266131699085236,0.9938461780548096,0.7827692031860352
YOR018W,YLR337W,0,-6.935453,0.11262203752994537,0.9938461780548096,0.7830769419670105
YLR270W,YIL023C,0,-6.936051,0.11258278042078018,0.9938461780548096,0.7833846211433411
YNR049C,YBR279W,0,-6.9364333,0.11254355311393738,0.9938461780548096,0.7836923003196716
YER015W,YHR186C,0,-6.938971,0.11250435560941696,0.9938461780548096,0.7839999794960022
YIL046W,YBR006W,0,-6.9411664,0.11246518045663834,0.9938461780548096,0.7843077182769775
YKL022C,YBR006W,0,-6.9412713,0.1124260351061821,0.9938461780548096,0.7846153974533081
YNL112W,YCR039C,0,-6.9413066,0.11238691955804825,0.9938461780548096,0.7849230766296387
YNL242W,YIL173W,0,-6.942911,0.11234782636165619,0.9938461780548096,0.7852307558059692
YKR065C,YMR140W,0,-6.9441686,0.11230876296758652,0.9938461780548096,0.7855384349822998
YAL031C,YBL039C,0,-6.9455175,0.11226972192525864,0.9938461780548096,0.7858461737632751
YNL130C,YNL128W,0,-6.9464,0.11223071813583374,0.9938461780548096,0.7861538529396057
YOR078W,YLR086W,0,-6.948142,0.11219173669815063,0.9938461780548096,0.7864615321159363
YNL331C,YBR012W-B,0,-6.9504013,0.11215277761220932,0.9938461780548096,0.7867692112922668
YMR038C,YNL007C,0,-6.951684,0.1121138483285904,0.9938461780548096,0.7870769500732422
YDR293C,YNL310C,0,-6.952036,0.11207494884729385,0.9938461780548096,0.7873846292495728
YBL078C,YPR037C,0,-6.953956,0.1120360717177391,0.9938461780548096,0.7876923084259033
YDR171W,YMR231W,0,-6.9539666,0.11199722439050674,0.9938461780548096,0.7879999876022339
YKR081C,YML027W,0,-6.9549046,0.11195840686559677,0.9938461780548096,0.7883076667785645
YBR042C,YIR025W,0,-6.9555974,0.11191961169242859,0.9938461780548096,0.7886154055595398
YPL048W,YLR286C,0,-6.9559236,0.1118808463215828,0.9938461780548096,0.7889230847358704
YDR005C,YNR049C,0,-6.958696,0.11184210330247879,0.9938461780548096,0.7892307639122009
YPL061W,YJL099W,0,-6.9618115,0.11180339008569717,0.9938461780548096,0.7895384430885315
YBR026C,YJL113W,0,-6.9652457,0.11176470667123795,0.9938461780548096,0.7898461818695068
YLR028C,YPL174C,0,-6.9664435,0.11172604560852051,0.9938461780548096,0.7901538610458374
YKL064W,YOR075W,0,-6.9664917,0.11168741434812546,0.9938461780548096,0.790461540222168
YIL122W,YPR173C,0,-6.967151,0.1116488054394722,0.9938461780548096,0.7907692193984985
YDR280W,YFL026W,0,-6.968646,0.11161022633314133,0.9938461780548096,0.7910768985748291
YEL030W,YLR097C,0,-6.9692063,0.11157167702913284,0.9938461780548096,0.7913846373558044
YGR275W,YMR054W,0,-6.9705215,0.11153315007686615,0.9938461780548096,0.791692316532135
YDR096W,YBL100W-B,0,-6.971224,0.11149465292692184,0.9938461780548096,0.7919999957084656
YPL078C,YMR061W,0,-6.97154,0.11145617812871933,0.9938461780548096,0.7923076748847961
YKL172W,YPR016C,0,-6.9724097,0.1114177331328392,0.9938461780548096,0.7926154136657715
YLR284C,YNL075W,0,-6.972467,0.11137931048870087,0.9938461780548096,0.792923092842102
YGR212W,YDR027C,0,-6.9791274,0.11134091764688492,0.9938461780548096,0.7932307720184326
YPL098C,YBR196C,0,-6.979983,0.11130254715681076,0.9938461780548096,0.7935384511947632
YGL020C,YBR006W,0,-6.9831185,0.11126420646905899,0.9938461780548096,0.7938461303710938
YJR160C,YDR477W,0,-6.984004,0.11122589558362961,0.9938461780548096,0.7941538691520691
YER087C-A,YIR012W,0,-6.9913096,0.11118760704994202,0.9938461780548096,0.7944615483283997
YMR202W,YBL017C,0,-6.9930134,0.11114934831857681,0.9938461780548096,0.7947692275047302
YKL009W,YCR037C,0,-6.9938254,0.1111111119389534,0.9938461780548096,0.7950769066810608
YIL072W,YLR084C,0,-6.9950733,0.11107290536165237,0.9938461780548096,0.7953845858573914
YDR490C,YBR143C,0,-6.99517,0.11103472113609314,0.9938461780548096,0.7956923246383667
YOR233W,YPR137W,0,-6.9958067,0.11099656671285629,0.9938461780548096,0.7960000038146973
YLR270W,YPL140C,0,-6.9960837,0.11095843464136124,0.9938461780548096,0.7963076829910278
YMR016C,YML005W,0,-6.9962564,0.11092033237218857,0.9938461780548096,0.7966153621673584
YPL233W,YCR058C,0,-6.997696,0.11088225245475769,0.9938461780548096,0.7969231009483337
YDL220C,YKL028W,0,-6.99779,0.1108442023396492,0.9938461780548096,0.7972307801246643
YBR029C,YGL126W,0,-6.9979787,0.1108061745762825,0.9938461780548096,0.7975384593009949
YDR147W,YNR032W,0,-7.0019345,0.11076817661523819,0.9938461780548096,0.7978461384773254
YDR283C,YPR121W,0,-7.002139,0.11073020100593567,0.9938461780548096,0.798153817653656
YLR284C,YKL062W,0,-7.0042386,0.11069225519895554,0.9938461780548096,0.7984615564346313
YKL022C,YHL031C,0,-7.00593,0.1106543317437172,0.9938461780548096,0.7987692356109619
YGL048C,YJL164C,0,-7.006126,0.11061643809080124,0.9938461780548096,0.7990769147872925
YBR286W,YNL310C,0,-7.0078564,0.11057856678962708,0.9938461780548096,0.799384593963623
YIR026C,YDR065W,0,-7.0080314,0.1105407252907753,0.9938461780548096,0.7996923327445984
YPR132W,YNL309W,0,-7.008167,0.11050290614366531,0.9938461780548096,0.800000011920929
YBR041W,YGL212W,0,-7.009341,0.11046511679887772,0.9938461780548096,0.8003076910972595
YDL132W,YBR029C,0,-7.0114875,0.11042734980583191,0.9938461780548096,0.8006153702735901
YDR173C,YIL105C,0,-7.0115776,0.11038961261510849,0.9938461780548096,0.8009230494499207
YNL072W,YIL066C,1,-7.0118175,0.1106935441493988,0.9969230890274048,0.8009230494499207
YPL233W,YBR012W-A,0,-7.012957,0.11065573990345001,0.9969230890274048,0.801230788230896
YDR376W,YGR060W,0,-7.0179796,0.11061795800924301,0.9969230890274048,0.8015384674072266
YIR010W,YBR026C,0,-7.018942,0.1105802059173584,0.9969230890274048,0.8018461465835571
YPL069C,YKL043W,0,-7.02179,0.11054247617721558,0.9969230890274048,0.8021538257598877
YDR173C,YDR263C,0,-7.023022,0.11050477623939514,0.9969230890274048,0.802461564540863
YLR170C,YDR170C,0,-7.025207,0.1104670986533165,0.9969230890274048,0.8027692437171936
YGR275W,YGL127C,0,-7.028895,0.11042945086956024,0.9969230890274048,0.8030769228935242
YOR008C,YMR096W,0,-7.029016,0.11039182543754578,0.9969230890274048,0.8033846020698547
YDL069C,YAL002W,0,-7.0301185,0.1103542223572731,0.9969230890274048,0.8036922812461853
YPL061W,YPL200W,0,-7.031415,0.11031664907932281,0.9969230890274048,0.8040000200271606
YPR122W,YKR003W,0,-7.0321064,0.11027909815311432,0.9969230890274048,0.8043076992034912
YGL001C,YJR009C,0,-7.0325866,0.11024157702922821,0.9969230890274048,0.8046153783798218
YDR317W,YOL004W,0,-7.033094,0.11020407825708389,0.9969230890274048,0.8049230575561523
YDR171W,YHR079C-A,0,-7.0347714,0.11016660928726196,0.9969230890274048,0.8052307963371277
YPL169C,YPR016C,0,-7.034979,0.11012916266918182,0.9969230890274048,0.8055384755134583
YIR002C,YLR448W,0,-7.0388856,0.11009174585342407,0.9969230890274048,0.8058461546897888
YJL099W,YGR296W,0,-7.0393715,0.11005435138940811,0.9969230890274048,0.8061538338661194
YEL066W,YOR004W,0,-7.0411353,0.11001697927713394,0.9969230890274048,0.80646151304245
YKL062W,YOR084W,0,-7.044026,0.10997963696718216,0.9969230890274048,0.8067692518234253
YPL040C,YOR182C,0,-7.0446267,0.10994231700897217,0.9969230890274048,0.8070769309997559
YAL056W,YDR486C,0,-7.045838,0.10990501940250397,0.9969230890274048,0.8073846101760864
YNR052C,YBR114W,0,-7.046824,0.10986775159835815,0.9969230890274048,0.807692289352417
YAR018C,YIL017W,0,-7.0491757,0.10983050614595413,0.9969230890274048,0.8080000281333923
YMR116C,YJL167W,0,-7.051599,0.1097932904958725,0.9969230890274048,0.8083077073097229
YJR031C,YGR118W,0,-7.05271,0.10975609719753265,0.9969230890274048,0.8086153864860535
YDL243C,YPL040C,0,-7.0541873,0.1097189262509346,0.9969230890274048,0.808923065662384
YGL005C,YML025C,0,-7.0543365,0.10968178510665894,0.9969230890274048,0.8092307448387146
YPL061W,YOR026W,0,-7.0544286,0.10964467376470566,0.9969230890274048,0.8095384836196899
YJL101C,YJL164C,0,-7.0556054,0.10960757732391357,0.9969230890274048,0.8098461627960205
YLR175W,YJL059W,0,-7.0578322,0.10957051068544388,0.9969230890274048,0.8101538419723511
YOR193W,YNL213C,0,-7.05809,0.10953346639871597,0.9969230890274048,0.8104615211486816
YPL008W,YBR223C,0,-7.0591607,0.10949645191431046,0.9969230890274048,0.810769259929657
YNL116W,YDR251W,0,-7.059569,0.10945945978164673,0.9969230890274048,0.8110769391059875
YGR225W,YLR360W,0,-7.060657,0.10942249000072479,0.9969230890274048,0.8113846182823181
YKL040C,YIL160C,0,-7.0607696,0.10938555002212524,0.9969230890274048,0.8116922974586487
YDR329C,YGL137W,0,-7.0608006,0.10934863239526749,0.9969230890274048,0.8119999766349792
YGR030C,YGL126W,0,-7.068793,0.10931174457073212,0.9969230890274048,0.8123077154159546
YJR135W-A,YML027W,0,-7.0702033,0.10927487164735794,0.9969230890274048,0.8126153945922852
YNL130C,YJL141C,0,-7.0706973,0.10923802852630615,0.9969230890274048,0.8129230737686157
YBL045C,YPR173C,0,-7.0717616,0.10920121520757675,0.9969230890274048,0.8132307529449463
YGR118W,YER087C-A,0,-7.0720654,0.10916441679000854,0.9969230890274048,0.8135384321212769
YBR029C,YNL199C,0,-7.07221,0.10912765562534332,0.9969230890274048,0.8138461709022522
YBL042C,YGR086C,0,-7.073521,0.1090909093618393,0.9969230890274048,0.8141538500785828
YER087C-B,YDR178W,0,-7.0756254,0.10905419290065765,0.9969230890274048,0.8144615292549133
YDL226C,YMR140W,0,-7.0767894,0.1090174987912178,0.9969230890274048,0.8147692084312439
YOL101C,YLL017W,0,-7.077515,0.10898082703351974,0.9969230890274048,0.8150769472122192
YPL069C,YCR058C,0,-7.082918,0.10894418507814407,0.9969230890274048,0.8153846263885498
YDL100C,YNL243W,0,-7.083174,0.10890756547451019,0.9969230890274048,0.8156923055648804
YLR175W,YLR079W,0,-7.0835814,0.1088709682226181,0.9969230890274048,0.8159999847412109
YPR105C,YER006W,0,-7.0839744,0.1088343933224678,0.9969230890274048,0.8163076639175415
YER020W,YJR118C,0,-7.0844646,0.10879784822463989,0.9969230890274048,0.8166154026985168
YPL048W,YDR028C,0,-7.084796,0.10876133292913437,0.9969230890274048,0.8169230818748474
YPL195W,YLR249W,0,-7.0868115,0.10872483253479004,0.9969230890274048,0.817230761051178
YDL227C,YDR213W,0,-7.0874248,0.1086883619427681,0.9969230890274048,0.8175384402275085
YOR245C,YOL061W,0,-7.088256,0.10865191370248795,0.9969230890274048,0.8178461790084839
YGR163W,YGR296W,0,-7.0895624,0.10861548781394958,0.9969230890274048,0.8181538581848145
YNL257C,YBR012W-B,0,-7.0903163,0.10857909172773361,0.9969230890274048,0.818461537361145
YJL122W,YDR280W,0,-7.091004,0.10854271054267883,0.9969230890274048,0.8187692165374756
YOL147C,YDR329C,0,-7.092836,0.10850636661052704,0.9969230890274048,0.8190768957138062
YDR409W,YGR048W,0,-7.09629,0.10847003757953644,0.9969230890274048,0.8193846344947815
YHR001W,YGL145W,0,-7.0964055,0.10843373835086823,0.9969230890274048,0.8196923136711121
YHR039C-A,YDR065W,0,-7.0972047,0.1083974540233612,0.9969230890274048,0.8199999928474426
YOR257W,YLR208W,0,-7.0982184,0.10836120694875717,0.9969230890274048,0.8203076720237732
YLR303W,YKL062W,0,-7.098243,0.10832497477531433,0.9969230890274048,0.8206154108047485
YKL060C,YKR003W,0,-7.098266,0.10828877240419388,0.9969230890274048,0.8209230899810791
YJR108W,YJL099W,0,-7.102205,0.10825259238481522,0.9969230890274048,0.8212307691574097
YJR084W,YDL147W,0,-7.1039824,0.10821643471717834,0.9969230890274048,0.8215384483337402
YLR201C,YOR084W,0,-7.105484,0.10818029940128326,0.9969230890274048,0.8218461275100708
YLR266C,YMR210W,0,-7.106354,0.10814419388771057,0.9969230890274048,0.8221538662910461
YDR365C,YFR055W,0,-7.1106997,0.10810811072587967,0.9969230890274048,0.8224615454673767
YKL064W,YOR140W,0,-7.112578,0.10807204991579056,0.9969230890274048,0.8227692246437073
YGR220C,YOR191W,0,-7.113156,0.10803601145744324,0.9969230890274048,0.8230769038200378
YDR244W,YOR004W,0,-7.1140165,0.1080000028014183,0.9969230890274048,0.8233846426010132
YBR170C,YPL130W,0,-7.1150007,0.10796400904655457,0.9969230890274048,0.8236923217773438
YGL005C,YAR002C-A,0,-7.1151986,0.10792804509401321,0.9969230890274048,0.8240000009536743
YDR130C,YOL088C,0,-7.1162763,0.10789211094379425,0.9969230890274048,0.8243076801300049
YLL050C,YHL003C,0,-7.117846,0.10785619169473648,0.9969230890274048,0.8246153593063354
YIL044C,YGR030C,0,-7.122984,0.1078203022480011,0.9969230890274048,0.8249230980873108
YHR148W,YBR048W,0,-7.1252847,0.10778442770242691,0.9969230890274048,0.8252307772636414
YLR286C,YNR047W,0,-7.126361,0.10774858295917511,0.9969230890274048,0.8255384564399719
YBR114W,YGR116W,0,-7.12722,0.1077127680182457,0.9969230890274048,0.8258461356163025
YJR065C,YER020W,0,-7.128562,0.10767696797847748,0.9969230890274048,0.8261538743972778
YDR171W,YIL105C,0,-7.129787,0.10764119774103165,0.9969230890274048,0.8264615535736084
YLR342W,YML025C,0,-7.133188,0.1076054498553276,0.9969230890274048,0.826769232749939
YPR075C,YPL012W,0,-7.133658,0.10756972432136536,0.9969230890274048,0.8270769119262695
YLR285W,YJL104W,0,-7.135212,0.1075340211391449,0.9969230890274048,0.8273845911026001
YPR067W,YJR073C,0,-7.1386104,0.10749834030866623,0.9969230890274048,0.8276923298835754
YML071C,YDR343C,0,-7.141186,0.10746268928050995,0.9969230890274048,0.828000009059906
YDL166C,YNL055C,0,-7.1448236,0.10742705315351486,0.9969230890274048,0.8283076882362366
YLR028C,YPR199C,0,-7.1451764,0.10739144682884216,0.9969230890274048,0.8286153674125671
YGL061C,YNL209W,0,-7.1477056,0.10735586285591125,0.9969230890274048,0.8289231061935425
YPL259C,YPR016C,0,-7.1485415,0.10732030123472214,0.9969230890274048,0.829230785369873
YEL066W,YLR447C,0,-7.1487584,0.10728476941585541,0.9969230890274048,0.8295384645462036
YGR256W,YDR079C-A,0,-7.152062,0.10724925249814987,0.9969230890274048,0.8298461437225342
YKL040C,YER087C-B,0,-7.1524525,0.10721376538276672,0.9969230890274048,0.8301538228988647
YOR257W,YOR142W,0,-7.154507,0.10717830061912537,0.9969230890274048,0.8304615616798401
YNL101W,YGR185C,0,-7.1545544,0.1071428582072258,0.9969230890274048,0.8307692408561707
YKR068C,YEL071W,0,-7.158133,0.10710743814706802,0.9969230890274048,0.8310769200325012
YPL271W,YDR411C,0,-7.1583366,0.10707204043865204,0.9969230890274048,0.8313845992088318
YIR012W,YLL012W,0,-7.158556,0.10703667253255844,0.9969230890274048,0.8316922783851624
YKL002W,YBL002W,0,-7.1596813,0.10700131952762604,0.9969230890274048,0.8320000171661377
YIL044C,YGL135W,0,-7.1605678,0.10696599632501602,0.9969230890274048,0.8323076963424683
YBL042C,YDR329C,0,-7.1649632,0.1069306954741478,0.9969230890274048,0.8326153755187988
YDR365C,YGL044C,0,-7.1652236,0.10689541697502136,0.9969230890274048,0.8329230546951294
YKR065C,YGR141W,0,-7.1659155,0.10686016082763672,0.9969230890274048,0.8332307934761047
YGL048C,YOL055C,0,-7.1665673,0.10682492703199387,0.9969230890274048,0.8335384726524353
YDR265W,YLR020C,0,-7.172603,0.1067897155880928,0.9969230890274048,0.8338461518287659
YPL085W,YGL093W,0,-7.1750264,0.10675453394651413,0.9969230890274048,0.8341538310050964
YGR163W,YHR102W,0,-7.1780334,0.10671936720609665,0.9969230890274048,0.834461510181427
YDR168W,YDR440W,0,-7.1781583,0.10668423026800156,0.9969230890274048,0.8347692489624023
YNL112W,YIL077C,0,-7.178488,0.10664910823106766,0.9969230890274048,0.8350769281387329
YKL194C,YJR104C,0,-7.180268,0.10661401599645615,0.9969230890274048,0.8353846073150635
YER148W,YPR133W-A,0,-7.1817374,0.10657894611358643,0.9969230890274048,0.835692286491394
YDR343C,YGR057C,0,-7.184842,0.1065438985824585,0.9969230890274048,0.8360000252723694
YDL055C,YNL253W,0,-7.187198,0.10650887340307236,0.9969230890274048,0.8363077044487
YPL195W,YLR284C,0,-7.1895814,0.1064738780260086,0.9969230890274048,0.8366153836250305
YNL075W,YJR033C,0,-7.1957707,0.10643889755010605,0.9969230890274048,0.8369230628013611
YOR007C,YER018C,0,-7.1963744,0.10640393942594528,0.9969230890274048,0.8372307419776917
YPL194W,YHR039C-A,0,-7.197674,0.1063690111041069,0.9969230890274048,0.837538480758667
YEL036C,YNL159C,0,-7.1980968,0.10633409768342972,0.9969230890274048,0.8378461599349976
YDR171W,YDR159W,0,-7.203709,0.10629921406507492,0.9969230890274048,0.8381538391113281
YPL262W,YAL001C,0,-7.204529,0.10626434534788132,0.9969230890274048,0.8384615182876587
YER015W,YBR223C,0,-7.205389,0.1062295064330101,0.9969230890274048,0.838769257068634
YKL178C,YLL012W,0,-7.207016,0.10619468986988068,0.9969230890274048,0.8390769362449646
YBL002W,YGL205W,0,-7.2079797,0.10615989565849304,0.9969230890274048,0.8393846154212952
YNL242W,YBL003C,0,-7.2086673,0.1061251237988472,0.9969230890274048,0.8396922945976257
YDL022W,YDR329C,0,-7.2108836,0.10609037429094315,0.9969230890274048,0.8399999737739563
YJL060W,YLR084C,0,-7.2125955,0.10605564713478088,0.9969230890274048,0.8403077125549316
YJR108W,YFL024C,0,-7.2141557,0.10602094233036041,0.9969230890274048,0.8406153917312622
YGL027C,YMR049C,0,-7.2143097,0.10598625987768173,0.9969230890274048,0.8409230709075928
YGL127C,YBR123C,0,-7.214603,0.10595159977674484,0.9969230890274048,0.8412307500839233
YJR084W,YNL062C,0,-7.2159305,0.10591696947813034,0.9969230890274048,0.8415384888648987
YER020W,YIR002C,0,-7.2159705,0.10588235408067703,0.9969230890274048,0.8418461680412292
YOR057W,YPL063W,0,-7.217423,0.10584776103496552,0.9969230890274048,0.8421538472175598
YMR208W,YOR304W,0,-7.2176943,0.10581319034099579,0.9969230890274048,0.8424615263938904
YBL078C,YGL001C,0,-7.21918,0.10577864944934845,0.9969230890274048,0.842769205570221
YPL149W,YML013W,0,-7.2206154,0.1057441234588623,0.9969230890274048,0.8430769443511963
YDR378C,YDR028C,0,-7.2217503,0.10570962727069855,0.9969230890274048,0.8433846235275269
YDR424C,YIL046W,0,-7.224574,0.10567514598369598,0.9969230890274048,0.8436923027038574
YBR280C,YBR012W-A,0,-7.227185,0.10564069449901581,0.9969230890274048,0.843999981880188
YHR096C,YMR039C,0,-7.2274275,0.10560625791549683,0.9969230890274048,0.8443077206611633
YBL002W,YKR052C,0,-7.227926,0.10557185113430023,0.9969230890274048,0.8446153998374939
YLR303W,YNL160W,0,-7.2283006,0.10553745925426483,0.9969230890274048,0.8449230790138245
YNL111C,YOR243C,0,-7.2291327,0.10550309717655182,0.9969230890274048,0.845230758190155
YMR033W,YER162C,0,-7.2299476,0.10546875,0.9969230890274048,0.8455384373664856
YAL026C,YGR090W,0,-7.233603,0.10543442517518997,0.9969230890274048,0.8458461761474609
YBR029C,YGL212W,0,-7.2357507,0.10540013015270233,0.9969230890274048,0.8461538553237915
YMR202W,YNL037C,0,-7.2358384,0.10536585003137589,0.9969230890274048,0.8464615345001221
YKL060C,YOR367W,0,-7.238291,0.10533159971237183,0.9969230890274048,0.8467692136764526
YPL259C,YLR448W,0,-7.2440853,0.10529736429452896,0.9969230890274048,0.847076952457428
YER178W,YNL126W,0,-7.2449517,0.10526315867900848,0.9969230890274048,0.8473846316337585
YNL055C,YOR362C,0,-7.248908,0.1052289679646492,0.9969230890274048,0.8476923108100891
YDR206W,YGR116W,0,-7.251825,0.1051948070526123,0.9969230890274048,0.8479999899864197
YBR221C,YDR293C,0,-7.254255,0.1051606610417366,0.9969230890274048,0.8483076691627502
YPL180W,YLL012W,0,-7.2556047,0.10512654483318329,0.9969230890274048,0.8486154079437256
YBL013W,YGL093W,0,-7.2565575,0.10509244352579117,0.9969230890274048,0.8489230871200562
YPR183W,YGR256W,0,-7.2584815,0.10505836457014084,0.9969230890274048,0.8492307662963867
YIL010W,YDR280W,0,-7.2598033,0.1050243079662323,0.9969230890274048,0.8495384454727173
YDR365C,YNL188W,0,-7.259953,0.10499028116464615,0.9969230890274048,0.8498461246490479
YLR060W,YHR186C,0,-7.2602706,0.10495626926422119,0.9969230890274048,0.8501538634300232
YGR200C,YDL055C,0,-7.261131,0.10492227971553802,0.9969230890274048,0.8504615426063538
YLR397C,YNL213C,0,-7.261768,0.10488831251859665,0.9969230890274048,0.8507692217826843
YHR096C,YLR435W,0,-7.26253,0.10485436767339706,0.9969230890274048,0.8510769009590149
YMR208W,YHR135C,0,-7.264801,0.10482044517993927,0.9969230890274048,0.8513846397399902
YER007W,YDR293C,0,-7.27154,0.10478654503822327,0.9969230890274048,0.8516923189163208
YOR267C,YOR083W,0,-7.2724853,0.10475266724824905,0.9969230890274048,0.8519999980926514
YKL062W,YDL055C,0,-7.2727284,0.10471881181001663,0.9969230890274048,0.8523076772689819
YHR059W,YDR293C,0,-7.2736173,0.104684978723526,0.9969230890274048,0.8526153564453125
YGR157W,YLR286C,0,-7.2741804,0.10465116053819656,0.9969230890274048,0.8529230952262878
YDR297W,YJL164C,0,-7.275743,0.10461737215518951,0.9969230890274048,0.8532307744026184
YGR254W,YGL095C,0,-7.2762756,0.10458359867334366,0.9969230890274048,0.853538453578949
YNL007C,YLR139C,0,-7.2793903,0.10454985499382019,0.9969230890274048,0.8538461327552795
YNL310C,YNL045W,0,-7.2823224,0.10451612621545792,0.9969230890274048,0.8541538715362549
YPL078C,YDR495C,0,-7.2837305,0.10448242723941803,0.9969230890274048,0.8544615507125854
YPR185W,YOR310C,0,-7.2840476,0.10444874316453934,0.9969230890274048,0.854769229888916
YOR226C,YNL045W,0,-7.284221,0.10441508144140244,0.9969230890274048,0.8550769090652466
YLR079W,YOL004W,0,-7.2871165,0.10438144207000732,0.9969230890274048,0.8553845882415771
YOL082W,YLR098C,0,-7.2890534,0.104347825050354,0.9969230890274048,0.8556923270225525
YJR118C,YBL039C,0,-7.28979,0.10431423038244247,0.9969230890274048,0.8560000061988831
YOR063W,YCR081W,0,-7.2909083,0.10428065806627274,0.9969230890274048,0.8563076853752136
YLR310C,YLL017W,0,-7.293102,0.10424710065126419,0.9969230890274048,0.8566153645515442
YBL002W,YNR047W,0,-7.2935205,0.10421357303857803,0.9969230890274048,0.8569231033325195
YDR365C,YLR138W,0,-7.2936144,0.10418006777763367,0.9969230890274048,0.8572307825088501
YML013W,YDR486C,0,-7.297025,0.1041465774178505,0.9969230890274048,0.8575384616851807
YKL002W,YBR297W,0,-7.298264,0.10411310940980911,0.9969230890274048,0.8578461408615112
YBR236C,YJL204C,0,-7.2987485,0.10407966375350952,0.9969230890274048,0.8581538200378418
YNR038W,YGL087C,0,-7.2992377,0.10404624044895172,0.9969230890274048,0.8584615588188171
YBR048W,YJL109C,0,-7.299788,0.10401283949613571,0.9969230890274048,0.8587692379951477
YGR123C,YPL133C,0,-7.300223,0.10397946089506149,0.9969230890274048,0.8590769171714783
YOR245C,YOL012C,0,-7.303269,0.10394610464572906,0.9969230890274048,0.8593845963478088
YOR304W,YOR182C,0,-7.303953,0.10391276329755783,0.9969230890274048,0.8596923351287842
YBR171W,YDR322C-A,0,-7.3064213,0.10387945175170898,0.9969230890274048,0.8600000143051147
YDR281C,YNR047W,0,-7.3068233,0.10384615510702133,0.9969230890274048,0.8603076934814453
YOL012C,YOR182C,0,-7.3074155,0.10381288081407547,0.9969230890274048,0.8606153726577759
YGR276C,YNL263C,0,-7.308332,0.1037796288728714,0.9969230890274048,0.8609230518341064
YDL052C,YOR060C,0,-7.311347,0.10374639928340912,0.9969230890274048,0.8612307906150818
YDR256C,YOL055C,0,-7.3130865,0.10371318459510803,0.9969230890274048,0.8615384697914124
YOR320C,YMR096W,0,-7.3145084,0.10367999970912933,0.9969230890274048,0.8618461489677429
YLR170C,YCR106W,0,-7.316716,0.10364682972431183,0.9969230890274048,0.8621538281440735
YMR208W,YPR132W,0,-7.3243423,0.10361368954181671,0.9969230890274048,0.8624615669250488
YOR355W,YNR047W,0,-7.3262916,0.10358056426048279,0.9969230890274048,0.8627692461013794
YDR106W,YLR197W,0,-7.327374,0.10354746133089066,0.9969230890274048,0.86307692527771
YKL060C,YML025C,0,-7.327623,0.10351437330245972,0.9969230890274048,0.8633846044540405
YKL062W,YGL167C,0,-7.3283286,0.10348131507635117,0.9969230890274048,0.8636922836303711
YBR199W,YKL214C,0,-7.3286967,0.1034482792019844,0.9969230890274048,0.8640000224113464
YKL193C,YPL203W,0,-7.329787,0.10341525822877884,0.9969230890274048,0.864307701587677
YKL043W,YNL213C,0,-7.3330936,0.10338225960731506,0.9969230890274048,0.8646153807640076
YNL090W,YOR095C,0,-7.3333383,0.10334928333759308,0.9969230890274048,0.8649230599403381
YNL062C,YLR197W,0,-7.3336415,0.10331632941961288,0.9969230890274048,0.8652307987213135
YDL155W,YDR178W,0,-7.333777,0.10328339040279388,0.9969230890274048,0.865538477897644
YMR219W,YML059C,0,-7.335119,0.10325048118829727,0.9969230890274048,0.8658461570739746
YHR102W,YOR380W,0,-7.3363,0.10321758687496185,0.9969230890274048,0.8661538362503052
YGL045W,YKR081C,0,-7.337128,0.10318471491336823,0.9969230890274048,0.8664615154266357
YLR175W,YPR016C,0,-7.339743,0.10315186530351639,0.9969230890274048,0.8667692542076111
YHR102W,YDL002C,0,-7.341189,0.10311903059482574,0.9969230890274048,0.8670769333839417
YBL002W,YIL017W,0,-7.3412147,0.10308622568845749,0.9969230890274048,0.8673846125602722
YOL012C,YGR086C,0,-7.341364,0.10305343568325043,0.9969230890274048,0.8676922917366028
YPL233W,YJL069C,0,-7.3441606,0.10302066802978516,0.9969230890274048,0.8679999709129333
YJR064W,YPR183W,0,-7.3451123,0.10298792272806168,0.9969230890274048,0.8683077096939087
YDR227W,YOR083W,0,-7.3456244,0.10295519232749939,0.9969230890274048,0.8686153888702393
YIR037W,YBR254C,0,-7.348619,0.10292249172925949,0.9969230890274048,0.8689230680465698
YPL262W,YFR002W,0,-7.349535,0.10288980603218079,0.9969230890274048,0.8692307472229004
YER020W,YJR073C,0,-7.3516455,0.10285714268684387,0.9969230890274048,0.8695384860038757
YBR196C,YGR086C,0,-7.3526073,0.10282450169324875,0.9969230890274048,0.8698461651802063
YIL010W,YNL263C,0,-7.3536806,0.10279187560081482,0.9969230890274048,0.8701538443565369
YPL008W,YHR001W,0,-7.354101,0.10275927931070328,0.9969230890274048,0.8704615235328674
YBR041W,YOR182C,0,-7.3541284,0.10272669792175293,0.9969230890274048,0.870769202709198
YBR196C,YGR141W,0,-7.354279,0.10269413888454437,0.9969230890274048,0.8710769414901733
YPR023C,YFL026W,0,-7.3551106,0.10266159474849701,0.9969230890274048,0.8713846206665039
YPL262W,YPL147W,0,-7.356976,0.10262908041477203,0.9969230890274048,0.8716922998428345
YHR026W,YNL243W,0,-7.35827,0.10259658098220825,0.9969230890274048,0.871999979019165
YDR244W,YGR141W,0,-7.3610396,0.10256410390138626,0.9969230890274048,0.8723077178001404
YDR106W,YGL099W,0,-7.3613935,0.10253164917230606,0.9969230890274048,0.872615396976471
YGL029W,YPL129W,0,-7.3660593,0.10249920934438705,0.9969230890274048,0.8729230761528015
YLR286C,YLR060W,0,-7.3691916,0.10246679186820984,0.9969230890274048,0.8732307553291321
YLR397C,YKR097W,0,-7.3711123,0.10243439674377441,0.9969230890274048,0.8735384345054626
YGL194C,YDR343C,0,-7.3721466,0.10240202397108078,0.9969230890274048,0.873846173286438
YPL135W,YBR114W,0,-7.372988,0.10236966609954834,0.9969230890274048,0.8741538524627686
YCL040W,YCR067C,0,-7.3764954,0.10233733057975769,0.9969230890274048,0.8744615316390991
YBL078C,YJL069C,0,-7.383467,0.10230501741170883,0.9969230890274048,0.8747692108154297
YGR217W,YHR139C,0,-7.3867774,0.10227272659540176,0.9969230890274048,0.875076949596405
YHR053C,YOR048C,0,-7.386959,0.10224045068025589,0.9969230890274048,0.8753846287727356
YNL264C,YGR086C,0,-7.3875794,0.1022082045674324,0.9969230890274048,0.8756923079490662
YDR206W,YOL116W,0,-7.3880157,0.10217597335577011,0.9969230890274048,0.8759999871253967
YOR026W,YBR106W,0,-7.3911552,0.10214375704526901,0.9969230890274048,0.8763076663017273
YBL042C,YLR459W,0,-7.3918195,0.1021115630865097,0.9969230890274048,0.8766154050827026
YGL194C,YNL151C,0,-7.3963895,0.10207939147949219,0.9969230890274048,0.8769230842590332
YER159C,YBL002W,0,-7.3980136,0.10204724222421646,0.9969230890274048,0.8772307634353638
YOR245C,YPR164W,0,-7.3990135,0.10201511532068253,0.9969230890274048,0.8775384426116943
YIL066C,YLR003C,1,-7.3991127,0.10229776799678802,1.0,0.8775384426116943
YLR107W,YOR140W,0,-7.3992505,0.10226557403802872,1.0,0.8778461813926697
YGL137W,YDR260C,0,-7.400613,0.1022334098815918,1.0,0.8781538605690002
YPR105C,YDR411C,0,-7.4041386,0.10220126062631607,1.0,0.8784615397453308
YHR059W,YNL209W,0,-7.408676,0.10216912627220154,1.0,0.8787692189216614
YER162C,YIL147C,0,-7.410632,0.1021370217204094,1.0,0.8790768980979919
YPR198W,YOR129C,0,-7.4184976,0.10210493206977844,1.0,0.8793846368789673
YPR080W,YLR020C,0,-7.424993,0.10207286477088928,1.0,0.8796923160552979
YMR056C,YDR143C,0,-7.4313188,0.10204081982374191,1.0,0.8799999952316284
YOR310C,YGR144W,0,-7.431373,0.10200878977775574,1.0,0.880307674407959
YBR081C,YBR012W-A,0,-7.434183,0.10197678208351135,1.0,0.8806154131889343
YKL114C,YOL143C,0,-7.4400134,0.10194478929042816,1.0,0.8809230923652649
YOR078W,YGL167C,0,-7.4417396,0.10191282629966736,1.0,0.8812307715415955
YBL045C,YOR301W,0,-7.442599,0.10188087821006775,1.0,0.881538450717926
YNR001C,YPL063W,0,-7.447286,0.10184895247220993,1.0,0.8818461298942566
YKL064W,YKR081C,0,-7.448912,0.1018170416355133,1.0,0.8821538686752319
YGL126W,YDR545W,0,-7.449885,0.10178515315055847,1.0,0.8824615478515625
YJL101C,YAR018C,0,-7.45071,0.10175328701734543,1.0,0.8827692270278931
YLL060C,YNL078W,0,-7.45126,0.10172144323587418,1.0,0.8830769062042236
YOR226C,YPR191W,0,-7.4547677,0.10168961435556412,1.0,0.883384644985199
YOR347C,YDR177W,0,-7.456197,0.10165780782699585,1.0,0.8836923241615295
YBR260C,YDL052C,0,-7.458402,0.10162601619958878,1.0,0.8840000033378601
YNL161W,YDR486C,0,-7.458614,0.10159424692392349,1.0,0.8843076825141907
YDL100C,YGL167C,0,-7.4600215,0.1015625,1.0,0.8846153616905212
YIL044C,YDR162C,0,-7.4632173,0.1015307679772377,1.0,0.8849231004714966
YPL181W,YKR053C,0,-7.471534,0.10149906575679779,1.0,0.8852307796478271
YJL098W,YLR208W,0,-7.4718328,0.10146737098693848,1.0,0.8855384588241577
YNL259C,YFL014W,0,-7.472809,0.10143570601940155,1.0,0.8858461380004883
YBL078C,YLR175W,0,-7.4789734,0.10140405595302582,1.0,0.8861538171768188
YDR283C,YBL002W,0,-7.480619,0.10137242823839188,1.0,0.8864615559577942
YPR081C,YPL156C,0,-7.486668,0.10134081542491913,1.0,0.8867692351341248
YIL044C,YOR142W,0,-7.496815,0.10130922496318817,1.0,0.8870769143104553
YIL154C,YMR044W,0,-7.497008,0.101277656853199,1.0,0.8873845934867859
YDR179C,YHR008C,0,-7.497542,0.10124610364437103,1.0,0.8876923322677612
YKL059C,YIL077C,0,-7.4987936,0.10121457278728485,1.0,0.8880000114440918
YLR337C,YBR012W-A,0,-7.5000887,0.10118306428194046,1.0,0.8883076906204224
YBR026C,YBL005W-B,0,-7.501533,0.10115157067775726,1.0,0.8886153697967529
YJL164C,YDR381W,0,-7.5017657,0.10112009942531586,1.0,0.8889230489730835
YOR243C,YKL193C,0,-7.5020747,0.10108865052461624,1.0,0.8892307877540588
YLR170C,YOL040C,0,-7.504705,0.10105721652507782,1.0,0.8895384669303894
YJL167W,YBR048W,0,-7.506376,0.10102579742670059,1.0,0.88984614610672
YDL055C,YDR135C,0,-7.506767,0.10099440813064575,1.0,0.8901538252830505
YLR433C,YPL147W,0,-7.5074053,0.1009630337357521,1.0,0.8904615640640259
YER146W,YEL017C-A,0,-7.5109944,0.10093167424201965,1.0,0.8907692432403564
YHR052W,YGL055W,0,-7.5118155,0.10090034455060959,1.0,0.891076922416687
YIL154C,YNL209W,0,-7.512037,0.10086902230978012,1.0,0.8913846015930176
YMR312W,YER162C,0,-7.5135336,0.10083772987127304,1.0,0.8916922807693481
YNL101W,YCR073W-A,0,-7.518752,0.10080645233392715,1.0,0.8920000195503235
YDL166C,YNL007C,0,-7.5201364,0.10077519714832306,1.0,0.892307698726654
YBL041W,YDR381W,0,-7.5207677,0.10074395686388016,1.0,0.8926153779029846
YNL130C,YPR173C,0,-7.521447,0.10071273893117905,1.0,0.8929230570793152
YJR065C,YLR435W,0,-7.5233703,0.10068153589963913,1.0,0.8932307958602905
YDR411C,YIL173W,0,-7.528499,0.100650355219841,1.0,0.8935384750366211
YGR040W,YIL160C,0,-7.528812,0.10061919689178467,1.0,0.8938461542129517
YLR286C,YPR067W,0,-7.5329432,0.10058805346488953,1.0,0.8941538333892822
YDL243C,YIR002C,0,-7.5339794,0.10055693238973618,1.0,0.8944615125656128
YER006W,YOR007C,0,-7.534042,0.10052582621574402,1.0,0.8947692513465881
YOR078W,YBR023C,0,-7.5352645,0.10049474239349365,1.0,0.8950769305229187
YOL147C,YPR080W,0,-7.5368805,0.10046368092298508,1.0,0.8953846096992493
YHR027C,YPL203W,0,-7.5380387,0.1004326343536377,1.0,0.8956922888755798
YPR185W,YGL058W,0,-7.538261,0.1004016101360321,1.0,0.8960000276565552
YKL022C,YBL039C,0,-7.540279,0.10037060081958771,1.0,0.8963077068328857
YJR073C,YBR111W-A,0,-7.5411024,0.1003396138548851,1.0,0.8966153860092163
YOR233W,YGL205W,0,-7.542532,0.10030864179134369,1.0,0.8969230651855469
YLR397C,YGL210W-A,0,-7.5435743,0.10027769207954407,1.0,0.8972307443618774
YGL087C,YCR073W-A,0,-7.5473857,0.10024676471948624,1.0,0.8975384831428528
YAR002C-A,YHR143W-A,0,-7.54915,0.1002158522605896,1.0,0.8978461623191833
YBL002W,YDR459C,0,-7.5505314,0.10018495470285416,1.0,0.8981538414955139
YOR007C,YDR322C-A,0,-7.554901,0.1001540794968605,1.0,0.8984615206718445
YBL002W,YDR314C,0,-7.558829,0.10012322664260864,1.0,0.8987692594528198
YHR096C,YDR213W,0,-7.5614157,0.10009239614009857,1.0,0.8990769386291504
YBR196C,YOR057W,0,-7.561638,0.1000615730881691,1.0,0.899384617805481
YBL045C,YAL002W,0,-7.5635037,0.10003077983856201,1.0,0.8996922969818115
YIL154C,YOR095C,0,-7.564406,0.10000000149011612,1.0,0.8999999761581421
YAL031C,YJL204C,0,-7.5648246,0.09996923804283142,1.0,0.9003077149391174
YGR200C,YBL017C,0,-7.5651603,0.09993849694728851,1.0,0.900615394115448
YDR490C,YGL137W,0,-7.5857835,0.0999077782034874,1.0,0.9009230732917786
YMR078C,YDL022W,0,-7.588185,0.09987707436084747,1.0,0.9012307524681091
YEL036C,YDR424C,0,-7.5921283,0.09984639286994934,1.0,0.9015384912490845
YIL010W,YOR004W,0,-7.597582,0.0998157262802124,1.0,0.901846170425415
YPL195W,YBL002W,0,-7.5985713,0.09978507459163666,1.0,0.9021538496017456
YGR086C,YLR222C,0,-7.599032,0.0997544527053833,1.0,0.9024615287780762
YLR216C,YMR039C,0,-7.6062937,0.09972383826971054,1.0,0.9027692079544067
YHL031C,YHR026W,0,-7.6077523,0.09969325363636017,1.0,0.9030769467353821
YPL006W,YPL180W,0,-7.609135,0.0996626764535904,1.0,0.9033846259117126
YJL198W,YGR116W,0,-7.6142173,0.099632129073143,1.0,0.9036923050880432
YPL119C,YLR023C,0,-7.619389,0.09960159659385681,1.0,0.9039999842643738
YJL122W,YGR163W,0,-7.6195507,0.09957107901573181,1.0,0.9043076634407043
YLL050C,YBR279W,0,-7.6204944,0.0995405837893486,1.0,0.9046154022216797
YLR023C,YHR205W,0,-7.622191,0.09951010346412659,1.0,0.9049230813980103
YOR113W,YAL005C,0,-7.623549,0.09947964549064636,1.0,0.9052307605743408
YBL078C,YFR055W,0,-7.623772,0.09944920241832733,1.0,0.9055384397506714
YDR162C,YNL202W,0,-7.6240854,0.09941878169775009,1.0,0.9058461785316467
YBR041W,YOL148C,0,-7.6261325,0.09938837587833405,1.0,0.9061538577079773
YBR112C,YJL166W,0,-7.6262245,0.09935799241065979,1.0,0.9064615368843079
YLR206W,YDR314C,0,-7.6269355,0.09932763129472733,1.0,0.9067692160606384
YLR097C,YNL055C,0,-7.631085,0.09929727762937546,1.0,0.907076895236969
YLR033W,YOL091W,0,-7.6331735,0.09926695376634598,1.0,0.9073846340179443
YNR032W,YGL162W,0,-7.639706,0.09923664480447769,1.0,0.9076923131942749
YMR056C,YLL050C,0,-7.642853,0.0992063507437706,1.0,0.9079999923706055
YGL208W,YBR254C,0,-7.6491694,0.0991760790348053,1.0,0.908307671546936
YNL016W,YNL128W,0,-7.6501517,0.09914582222700119,1.0,0.9086154103279114
YPL048W,YOL054W,0,-7.6521873,0.09911558032035828,1.0,0.9089230895042419
YIL144W,YOR060C,0,-7.6522727,0.09908536821603775,1.0,0.9092307686805725
YOR257W,YCR071C,0,-7.6568627,0.09905516356229782,1.0,0.9095384478569031
YOR257W,YKR057W,0,-7.659532,0.09902498126029968,1.0,0.9098461270332336
YPR191W,YAL001C,0,-7.6662536,0.09899482131004333,1.0,0.910153865814209
YKL008C,YDR135C,0,-7.6665587,0.09896467626094818,1.0,0.9104615449905396
YNL111C,YML107C,0,-7.6689067,0.09893455356359482,1.0,0.9107692241668701
YOL147C,YMR022W,0,-7.6741605,0.09890444576740265,1.0,0.9110769033432007
YKR024C,YPL262W,0,-7.676032,0.09887435287237167,1.0,0.911384642124176
YNL331C,YLR284C,0,-7.677698,0.09884428232908249,1.0,0.9116923213005066
YGL223C,YGR070W,0,-7.679553,0.0988142266869545,1.0,0.9120000004768372
YOL082W,YLR360W,0,-7.6836076,0.0987841933965683,1.0,0.9123076796531677
YOL026C,YLR222C,0,-7.688356,0.09875417500734329,1.0,0.9126153588294983
YNL055C,YMR149W,0,-7.690437,0.09872417896986008,1.0,0.9129230976104736
YGL001C,YPL012W,0,-7.6966977,0.09869419783353806,1.0,0.9132307767868042
YDL166C,YEL054C,0,-7.696952,0.09866423904895782,1.0,0.9135384559631348
YDR106W,YKR052C,0,-7.6996017,0.09863429516553879,1.0,0.9138461351394653
YDR251W,YOR007C,0,-7.7006474,0.09860436618328094,1.0,0.9141538739204407
YBL041W,YBR169C,0,-7.70511,0.09857445955276489,1.0,0.9144615530967712
YEL071W,YNL299W,0,-7.7146163,0.09854457527399063,1.0,0.9147692322731018
YMR177W,YER006W,0,-7.720169,0.09851469844579697,1.0,0.9150769114494324
YFL014W,YBL041W,0,-7.725642,0.09848485141992569,1.0,0.9153845906257629
YJR064W,YGR256W,0,-7.7259903,0.09845501184463501,1.0,0.9156923294067383
YDR256C,YJL124C,0,-7.7269626,0.09842519462108612,1.0,0.9160000085830688
YPR105C,YNL130C,0,-7.727506,0.09839539974927902,1.0,0.9163076877593994
YAL034W-A,YDR381W,0,-7.7299805,0.09836561977863312,1.0,0.91661536693573
YGL095C,YDR545W,0,-7.7348037,0.09833585470914841,1.0,0.9169231057167053
YGR060W,YJL125C,0,-7.743053,0.09830611199140549,1.0,0.9172307848930359
YNL209W,YJL004C,0,-7.7449594,0.09827638417482376,1.0,0.9175384640693665
YJR084W,YBR006W,0,-7.7466054,0.09824667125940323,1.0,0.917846143245697
YOL143C,YPL129W,0,-7.74902,0.09821698069572449,1.0,0.9181538224220276
YHL047C,YDL229W,0,-7.7519693,0.09818731248378754,1.0,0.9184615612030029
YDL229W,YMR039C,0,-7.7569966,0.09815765917301178,1.0,0.9187692403793335
YMR312W,YDR297W,0,-7.7622256,0.09812802076339722,1.0,0.9190769195556641
YPR080W,YNR047W,0,-7.7643027,0.09809839725494385,1.0,0.9193845987319946
YNL159C,YDL226C,0,-7.764874,0.09806879609823227,1.0,0.9196922779083252
YDR288W,YBL039C,0,-7.765436,0.09803921729326248,1.0,0.9200000166893005
YIL160C,YDR293C,0,-7.765472,0.09800965338945389,1.0,0.9203076958656311
YGR086C,YML029W,0,-7.7656794,0.09798010438680649,1.0,0.9206153750419617
YJL033W,YOR310C,0,-7.772088,0.09795057028532028,1.0,0.9209230542182922
YBL045C,YKL048C,0,-7.774047,0.09792105853557587,1.0,0.9212307929992676
YER178W,YOL004W,0,-7.7818084,0.09789156913757324,1.0,0.9215384721755981
YDR002W,YIL039W,0,-7.7826877,0.09786208719015121,1.0,0.9218461513519287
YBR236C,YKL004W,0,-7.7854295,0.09783262759447098,1.0,0.9221538305282593
YPR105C,YDR329C,0,-7.788412,0.09780319035053253,1.0,0.9224615097045898
YBL045C,YNR052C,0,-7.788716,0.09777376800775528,1.0,0.9227692484855652
YFR014C,YKL028W,0,-7.7978687,0.09774436056613922,1.0,0.9230769276618958
YEL036C,YJL104W,0,-7.8033977,0.09771497547626495,1.0,0.9233846068382263
YCL040W,YKR090W,0,-7.8037496,0.09768560528755188,1.0,0.9236922860145569
YDR168W,YGL058W,0,-7.8043046,0.09765625,1.0,0.9240000247955322
YOR008C,YER148W,0,-7.810469,0.09762691706418991,1.0,0.9243077039718628
YBR286W,YOL116W,0,-7.8107243,0.09759759902954102,1.0,0.9246153831481934
YKR065C,YGL066W,0,-7.8130116,0.09756829589605331,1.0,0.9249230623245239
YJR108W,YDR329C,0,-7.8145633,0.0975390151143074,1.0,0.9252307415008545
YMR116C,YMR016C,0,-7.818662,0.09750974923372269,1.0,0.9255384802818298
YGL223C,YGL205W,0,-7.8226004,0.09748050570487976,1.0,0.9258461594581604
YML059C,YGL208W,0,-7.825651,0.09745127707719803,1.0,0.926153838634491
YGL089C,YER024W,0,-7.827371,0.09742206335067749,1.0,0.9264615178108215
YCR039C,YNL243W,0,-7.8283195,0.09739286452531815,1.0,0.9267692565917969
YPR185W,YOL064C,0,-7.829241,0.09736368805170059,1.0,0.9270769357681274
YPR016C,YJL069C,0,-7.829738,0.09733453392982483,1.0,0.927384614944458
YOL089C,YGR141W,0,-7.8364873,0.09730538725852966,1.0,0.9276922941207886
YNL062C,YMR096W,0,-7.83686,0.09727626293897629,1.0,0.9279999732971191
YOR321W,YDR322C-A,0,-7.8404408,0.0972471609711647,1.0,0.9283077120780945
YOR380W,YOR095C,0,-7.843467,0.09721806645393372,1.0,0.928615391254425
YFL031W,YJR104C,0,-7.844603,0.09718899428844452,1.0,0.9289230704307556
YLR423C,YNL209W,0,-7.84633,0.09715993702411652,1.0,0.9292307496070862
YBR179C,YFL026W,0,-7.846666,0.0971309021115303,1.0,0.9295384883880615
YFR014C,YMR272C,0,-7.8481135,0.09710188210010529,1.0,0.9298461675643921
YHR001W,YHR026W,0,-7.8501806,0.09707287698984146,1.0,0.9301538467407227
YLR138W,YNL263C,0,-7.8564973,0.09704389423131943,1.0,0.9304615259170532
YPL135W,YBR196C,0,-7.8616214,0.09701492637395859,1.0,0.9307692050933838
YFL024C,YPL262W,0,-7.8635664,0.09698597341775894,1.0,0.9310769438743591
YFL050C,YMR016C,0,-7.8652864,0.09695704281330109,1.0,0.9313846230506897
YLL012W,YKL196C,0,-7.874287,0.09692812711000443,1.0,0.9316923022270203
YNL259C,YML027W,0,-7.8747735,0.09689922630786896,1.0,0.9319999814033508
YGR083C,YGL099W,0,-7.881581,0.09687034040689468,1.0,0.9323077201843262
YIL160C,YLR197W,0,-7.8821173,0.0968414768576622,1.0,0.9326153993606567
YLR216C,YFL002C,0,-7.8856053,0.09681262820959091,1.0,0.9329230785369873
YGL167C,YIL160C,0,-7.8895183,0.09678380191326141,1.0,0.9332307577133179
YDR378C,YGL095C,0,-7.890613,0.09675498306751251,1.0,0.9335384368896484
YDL106C,YHR139C,0,-7.8927245,0.096726194024086,1.0,0.9338461756706238
YLL060C,YOR136W,0,-7.902632,0.09669741243124008,1.0,0.9341538548469543
YDR244W,YKR053C,0,-7.9094872,0.09666865319013596,1.0,0.9344615340232849
YLR350W,YBR006W,0,-7.910555,0.09663990139961243,1.0,0.9347692131996155
YMR116C,YMR078C,0,-7.910859,0.09661117941141129,1.0,0.9350769519805908
YEL030W,YNL055C,0,-7.9121823,0.09658246487379074,1.0,0.9353846311569214
YNR052C,YNL055C,0,-7.9140134,0.09655377268791199,1.0,0.935692310333252
YOR355W,YGL208W,0,-7.9147925,0.09652509540319443,1.0,0.9359999895095825
YDL229W,YOR084W,0,-7.91579,0.09649644047021866,1.0,0.9363076686859131
YBR112C,YPR075C,0,-7.917582,0.09646779298782349,1.0,0.9366154074668884
YER177W,YNL111C,0,-7.919163,0.0964391678571701,1.0,0.936923086643219
YFR014C,YKL175W,0,-7.919604,0.09641055762767792,1.0,0.9372307658195496
YKL060C,YOR075W,0,-7.9229646,0.09638196974992752,1.0,0.9375384449958801
YGR009C,YPR080W,0,-7.924447,0.09635339677333832,1.0,0.9378461241722107
YBR103W,YPL203W,0,-7.933438,0.09632483869791031,1.0,0.938153862953186
YHL003C,YJL069C,0,-7.9350467,0.0962962955236435,1.0,0.9384615421295166
YJR104C,YJL069C,0,-7.9359517,0.09626777470111847,1.0,0.9387692213058472
YGR275W,YOR008C,0,-7.9387975,0.09623926877975464,1.0,0.9390769004821777
YBR026C,YBR004C,0,-7.9395475,0.096210777759552,1.0,0.9393846392631531
YPR112C,YPL063W,0,-7.939767,0.09618230164051056,1.0,0.9396923184394836
YBR158W,YGR083C,0,-7.9420643,0.09615384787321091,1.0,0.9399999976158142
YAL001C,YNL263C,0,-7.9449115,0.09612540900707245,1.0,0.9403076767921448
YLR023C,YKL175W,0,-7.947017,0.09609698504209518,1.0,0.9406153559684753
YPL200W,YBL039C,0,-7.9488726,0.09606857597827911,1.0,0.9409230947494507
YBL045C,YGL194C,0,-7.95174,0.09604018926620483,1.0,0.9412307739257812
YNL101W,YPL156C,0,-7.958227,0.09601181745529175,1.0,0.9415384531021118
YHR083W,YNL209W,0,-7.9614134,0.09598346054553986,1.0,0.9418461322784424
YBR236C,YPR113W,0,-7.961865,0.09595512598752975,1.0,0.9421538710594177
YGL044C,YPR163C,0,-7.964139,0.09592679888010025,1.0,0.9424615502357483
YLR044C,YPL063W,0,-7.965609,0.09589849412441254,1.0,0.9427692294120789
YPR075C,YDR329C,0,-7.9662843,0.09587020426988602,1.0,0.9430769085884094
YGL174W,YPR163C,0,-7.967875,0.09584193676710129,1.0,0.94338458776474
YDR256C,YFL014W,0,-7.9758954,0.09581367671489716,1.0,0.9436923265457153
YLR097C,YPR016C,0,-7.9793763,0.09578543901443481,1.0,0.9440000057220459
YFL031W,YHR102W,0,-7.9801655,0.09575721621513367,1.0,0.9443076848983765
YKL002W,YDR297W,0,-7.983867,0.09572901576757431,1.0,0.944615364074707
YGR118W,YFL002C,0,-7.9848065,0.09570082277059555,1.0,0.9449231028556824
YCL040W,YGL167C,0,-7.991307,0.09567265212535858,1.0,0.9452307820320129
YGL018C,YDR297W,0,-7.9950247,0.0956444963812828,1.0,0.9455384612083435
YMR311C,YDR171W,0,-7.9956627,0.09561635553836823,1.0,0.9458461403846741
YKL043W,YMR016C,0,-8.015,0.09558823704719543,1.0,0.9461538195610046
YLR264W,YDR227W,0,-8.018665,0.09556012600660324,1.0,0.94646155834198
YJL122W,YPR137W,0,-8.019884,0.09553203731775284,1.0,0.9467692375183105
YLR175W,YDL155W,0,-8.022316,0.09550396353006363,1.0,0.9470769166946411
YFL031W,YHR205W,0,-8.026052,0.09547591209411621,1.0,0.9473845958709717
YNL116W,YBL003C,0,-8.036892,0.09544786810874939,1.0,0.947692334651947
YBR029C,YPR163C,0,-8.041203,0.09541984647512436,1.0,0.9480000138282776
YOR100C,YPL040C,0,-8.043519,0.09539183974266052,1.0,0.9483076930046082
YGL089C,YDR027C,0,-8.044046,0.09536384791135788,1.0,0.9486153721809387
YLR107W,YLR448W,0,-8.055512,0.09533587843179703,1.0,0.9489230513572693
YLR023C,YJR004C,0,-8.057857,0.09530791640281677,1.0,0.9492307901382446
YPL227C,YOR182C,0,-8.059649,0.09527997672557831,1.0,0.9495384693145752
YER015W,YHR102W,0,-8.060281,0.09525205194950104,1.0,0.9498461484909058
YGR169C,YBR006W,0,-8.065075,0.09522414207458496,1.0,0.9501538276672363
YJL069C,YDR532C,0,-8.066284,0.09519624710083008,1.0,0.9504615664482117
YNL239W,YKL178C,0,-8.067699,0.09516837447881699,1.0,0.9507692456245422
YGR225W,YGR083C,0,-8.0725565,0.09514051675796509,1.0,0.9510769248008728
YJR065C,YBR026C,0,-8.072696,0.09511267393827438,1.0,0.9513846039772034
YOR193W,YPR080W,0,-8.081117,0.09508484601974487,1.0,0.9516922831535339
YIL124W,YJR125C,0,-8.084921,0.09505703300237656,1.0,0.9520000219345093
YPR163C,YGL212W,0,-8.092078,0.09502924233675003,1.0,0.9523077011108398
YDR168W,YGL001C,0,-8.09502,0.0950014591217041,1.0,0.9526153802871704
YJL101C,YML059C,0,-8.096181,0.09497369825839996,1.0,0.952923059463501
YIL044C,YJR103W,0,-8.098694,0.09494595229625702,1.0,0.9532307982444763
YDR162C,YHR004C,0,-8.105445,0.09491822123527527,1.0,0.9535384774208069
YOR026W,YOR063W,0,-8.117924,0.09489051252603531,1.0,0.9538461565971375
YLR382C,YLR079W,0,-8.122373,0.09486281126737595,1.0,0.954153835773468
YHR096C,YCR067C,0,-8.127365,0.09483513236045837,1.0,0.9544615149497986
YER177W,YGR217W,0,-8.130721,0.094807468354702,1.0,0.9547692537307739
YOR100C,YBL042C,0,-8.132625,0.09477981925010681,1.0,0.9550769329071045
YDL155W,YJR009C,0,-8.1376095,0.09475218504667282,1.0,0.9553846120834351
YLR201C,YPR075C,0,-8.1401205,0.09472457319498062,1.0,0.9556922912597656
YKL059C,YER162C,0,-8.14312,0.09469696879386902,1.0,0.9559999704360962
YOR355W,YPL011C,0,-8.144918,0.0946693867444992,1.0,0.9563077092170715
YDR343C,YLR033W,0,-8.14686,0.09464181959629059,1.0,0.9566153883934021
YOL016C,YMR070W,0,-8.148597,0.09461426734924316,1.0,0.9569230675697327
YPR191W,YPR198W,0,-8.150302,0.09458673000335693,1.0,0.9572307467460632
YNL112W,YMR219W,0,-8.151314,0.0945592075586319,1.0,0.9575384855270386
YOR243C,YJR009C,0,-8.154197,0.09453170746564865,1.0,0.9578461647033691
YPR122W,YPL098C,0,-8.1561365,0.094504214823246,1.0,0.9581538438796997
YDR263C,YKR053C,0,-8.159467,0.09447674453258514,1.0,0.9584615230560303
YBL045C,YGL058W,0,-8.168239,0.09444928914308548,1.0,0.9587692022323608
YJR064W,YIL160C,0,-8.171078,0.09442184865474701,1.0,0.9590769410133362
YJR065C,YML029W,0,-8.173593,0.09439442306756973,1.0,0.9593846201896667
YDR411C,YMR246W,0,-8.177297,0.09436701238155365,1.0,0.9596922993659973
YHR096C,YKL154W,0,-8.196439,0.09433962404727936,1.0,0.9599999785423279
YJL124C,YBR260C,0,-8.197036,0.09431224316358566,1.0,0.9603077173233032
YEL071W,YAL003W,0,-8.200236,0.09428488463163376,1.0,0.9606153964996338
YAL031C,YIL154C,0,-8.2042885,0.09425754100084305,1.0,0.9609230756759644
YBR286W,YGL208W,0,-8.207208,0.09423021227121353,1.0,0.9612307548522949
YOR211C,YPL156C,0,-8.207506,0.09420289844274521,1.0,0.9615384340286255
YGR030C,YNR032W,0,-8.210301,0.09417559951543808,1.0,0.9618461728096008
YER177W,YLR309C,0,-8.211461,0.09414832293987274,1.0,0.9621538519859314
YNL242W,YER178W,0,-8.213521,0.094121053814888,1.0,0.962461531162262
YMR246W,YGL126W,0,-8.2160425,0.09409380704164505,1.0,0.9627692103385925
YJL053W,YJR009C,0,-8.224771,0.0940665677189827,1.0,0.9630769491195679
YPR023C,YKR053C,0,-8.227263,0.09403935074806213,1.0,0.9633846282958984
YOR328W,YFL026W,0,-8.234714,0.09401214867830276,1.0,0.963692307472229
YBR112C,YBL003C,0,-8.237807,0.09398496150970459,1.0,0.9639999866485596
YDL147W,YNR047W,0,-8.238791,0.09395778924226761,1.0,0.9643076658248901
YGL055W,YBR260C,0,-8.23928,0.09393063932657242,1.0,0.9646154046058655
YGR256W,YMR177W,0,-8.243139,0.09390349686145782,1.0,0.964923083782196
YDR236C,YER018C,0,-8.243585,0.09387636929750443,1.0,0.9652307629585266
YBR221C,YOR275C,0,-8.257305,0.09384926408529282,1.0,0.9655384421348572
YOL123W,YAL005C,0,-8.265104,0.0938221737742424,1.0,0.9658461809158325
YER020W,YOR075W,0,-8.271558,0.09379509091377258,1.0,0.9661538600921631
YGR256W,YHR188C,0,-8.275158,0.09376803040504456,1.0,0.9664615392684937
YLL050C,YDR151C,0,-8.279902,0.09374098479747772,1.0,0.9667692184448242
YBR026C,YDR409W,0,-8.284315,0.09371395409107208,1.0,0.9670768976211548
YBR026C,YBR260C,0,-8.292669,0.09368693828582764,1.0,0.9673846364021301
YGR116W,YJL069C,0,-8.295512,0.09365994483232498,1.0,0.9676923155784607
YJL167W,YML027W,0,-8.304282,0.09363295882940292,1.0,0.9679999947547913
YNR001C,YAL001C,0,-8.325535,0.09360598772764206,1.0,0.9683076739311218
YLR284C,YCR073W-A,0,-8.326949,0.09357903897762299,1.0,0.9686154127120972
YNR001C,YNL239W,0,-8.327957,0.09355209767818451,1.0,0.9689230918884277
YMR280C,YKL028W,0,-8.333615,0.09352517873048782,1.0,0.9692307710647583
YJL099W,YIL023C,0,-8.340416,0.09349827468395233,1.0,0.9695384502410889
YLR175W,YBR058C,0,-8.341966,0.09347138553857803,1.0,0.9698461294174194
YAL031C,YBR103W,0,-8.3448715,0.09344451129436493,1.0,0.9701538681983948
YDL059C,YLR249W,0,-8.356707,0.09341765195131302,1.0,0.9704615473747253
YJL069C,YIR026C,0,-8.361122,0.0933908075094223,1.0,0.9707692265510559
YOR275C,YCR073W-A,0,-8.3614855,0.09336397796869278,1.0,0.9710769057273865
YGL029W,YOR063W,0,-8.382873,0.09333716332912445,1.0,0.9713846445083618
YGL005C,YLR448W,0,-8.384641,0.09331036359071732,1.0,0.9716923236846924
YGR086C,YDR146C,0,-8.385946,0.09328357875347137,1.0,0.972000002861023
YIL124W,YNL243W,0,-8.39173,0.09325681626796722,1.0,0.9723076820373535
YEL036C,YPL129W,0,-8.399777,0.09323006123304367,1.0,0.9726153612136841
YLR208W,YFL002C,0,-8.403034,0.09320332854986191,1.0,0.9729230999946594
YPL012W,YNL243W,0,-8.406133,0.09317660331726074,1.0,0.97323077917099
YGR254W,YBR179C,0,-8.414681,0.09314990043640137,1.0,0.9735384583473206
YNL239W,YJL069C,0,-8.417089,0.09312321245670319,1.0,0.9738461375236511
YKL022C,YBR169C,0,-8.436288,0.0930965319275856,1.0,0.9741538166999817
YJL053W,YGL205W,0,-8.444885,0.09306987375020981,1.0,0.974461555480957
YOL143C,YPL138C,0,-8.447814,0.09304323047399521,1.0,0.9747692346572876
YFL014W,YER178W,0,-8.447884,0.0930166020989418,1.0,0.9750769138336182
YFL031W,YDR228C,0,-8.450631,0.09298998862504959,1.0,0.9753845930099487
YPL160W,YDR256C,0,-8.453584,0.09296339005231857,1.0,0.9756923317909241
YDR343C,YML059C,0,-8.454833,0.09293680638074875,1.0,0.9760000109672546
YNL037C,YLR084C,0,-8.459651,0.09291023761034012,1.0,0.9763076901435852
YPL058C,YPR173C,0,-8.462621,0.09288368374109268,1.0,0.9766153693199158
YJL198W,YIR026C,0,-8.474195,0.09285714477300644,1.0,0.9769230484962463
YMR006C,YNL243W,0,-8.486026,0.09283062070608139,1.0,0.9772307872772217
YCR089W,YCL040W,0,-8.489156,0.09280411154031754,1.0,0.9775384664535522
YDR343C,YOR129C,0,-8.492353,0.09277761727571487,1.0,0.9778461456298828
YJL198W,YMR146C,0,-8.493072,0.09275113791227341,1.0,0.9781538248062134
YFL050C,YCR091W,0,-8.49888,0.09272468090057373,1.0,0.9784615635871887
YOR100C,YLR264W,0,-8.504113,0.09269823133945465,1.0,0.9787692427635193
YBL042C,YBR279W,0,-8.509818,0.09267179667949677,1.0,0.9790769219398499
YDR365C,YFL026W,0,-8.511808,0.09264538437128067,1.0,0.9793846011161804
YNL097C,YPR132W,0,-8.514184,0.09261897951364517,1.0,0.979692280292511
YIL046W,YHR039C-A,0,-8.5165415,0.09259258955717087,1.0,0.9800000190734863
YLL050C,YOR362C,0,-8.523491,0.09256622195243835,1.0,0.9803076982498169
YCR071C,YGL066W,0,-8.528298,0.09253986179828644,1.0,0.9806153774261475
YOL082W,YOL147C,0,-8.537376,0.09251352399587631,1.0,0.980923056602478
YBR236C,YMR116C,0,-8.543521,0.09248719364404678,1.0,0.9812307953834534
YOR193W,YML025C,0,-8.545916,0.09246088564395905,1.0,0.9815384745597839
YOL147C,YOL143C,0,-8.556901,0.0924345850944519,1.0,0.9818461537361145
YBR112C,YFL014W,0,-8.558389,0.09240829944610596,1.0,0.9821538329124451
YPR191W,YCR008W,0,-8.5624485,0.0923820361495018,1.0,0.9824615120887756
YOR304W,YPR080W,0,-8.572877,0.09235578030347824,1.0,0.982769250869751
YLR175W,YOR236W,0,-8.576268,0.09232954680919647,1.0,0.9830769300460815
YDR411C,YAL056W,0,-8.611056,0.0923033207654953,1.0,0.9833846092224121
YGR030C,YGL127C,0,-8.612884,0.09227711707353592,1.0,0.9836922883987427
YNL130C,YNL016W,0,-8.626625,0.09225092083215714,1.0,0.984000027179718
YLL050C,YNL099C,0,-8.643493,0.09222474694252014,1.0,0.9843077063560486
YER159C,YOL027C,0,-8.654635,0.09219858050346375,1.0,0.9846153855323792
YJR073C,YMR149W,0,-8.658236,0.09217243641614914,1.0,0.9849230647087097
YER006W,YHR139C,0,-8.679695,0.09214629977941513,1.0,0.9852307438850403
YKR065C,YKL028W,0,-8.690479,0.09212017804384232,1.0,0.9855384826660156
YOR299W,YPR191W,0,-8.696074,0.09209407866001129,1.0,0.9858461618423462
YGL001C,YGL106W,0,-8.696119,0.09206798672676086,1.0,0.9861538410186768
YNL166C,YBR169C,0,-8.697682,0.09204191714525223,1.0,0.9864615201950073
YIL124W,YDR162C,0,-8.726248,0.09201585501432419,1.0,0.9867692589759827
YMR219W,YPR163C,0,-8.746892,0.09198980778455734,1.0,0.9870769381523132
YKL062W,YMR096W,0,-8.752954,0.09196378290653229,1.0,0.9873846173286438
YPR037C,YOR355W,0,-8.753264,0.09193776547908783,1.0,0.9876922965049744
YBR161W,YOR267C,0,-8.756813,0.09191176295280457,1.0,0.9879999756813049
YJR084W,YIR037W,0,-8.757847,0.0918857753276825,1.0,0.9883077144622803
YDR343C,YDR297W,0,-8.769385,0.09185981005430222,1.0,0.9886153936386108
YGL137W,YNL243W,0,-8.777231,0.09183385223150253,1.0,0.9889230728149414
YNR049C,YNL097C,0,-8.778367,0.09180790930986404,1.0,0.989230751991272
YDR228C,YGL162W,0,-8.791082,0.09178198128938675,1.0,0.9895384907722473
YOR355W,YJR103W,0,-8.793663,0.09175606817007065,1.0,0.9898461699485779
YKR081C,YLR208W,0,-8.811043,0.09173016995191574,1.0,0.9901538491249084
YGR225W,YPL138C,0,-8.8338375,0.09170428663492203,1.0,0.990461528301239
YBL042C,YDL100C,0,-8.867362,0.09167841821908951,1.0,0.9907692074775696
YLR448W,YKL028W,0,-8.899367,0.09165256470441818,1.0,0.9910769462585449
YPL156C,YER162C,0,-8.904247,0.09162672609090805,1.0,0.9913846254348755
YDR096W,YJL053W,0,-8.906965,0.09160090237855911,1.0,0.991692304611206
YPL149W,YCL040W,0,-8.915315,0.09157509356737137,1.0,0.9919999837875366
YDR173C,YKL053C-A,0,-8.945785,0.09154929220676422,1.0,0.9923076629638672
YGR254W,YGR083C,0,-8.969713,0.09152351319789886,1.0,0.9926154017448425
YOL026C,YBR103W,0,-8.979596,0.0914977490901947,1.0,0.9929230809211731
YGL205W,YMR272C,0,-8.986335,0.09147199243307114,1.0,0.9932307600975037
YNL023C,YCL040W,0,-9.008824,0.09144625812768936,1.0,0.9935384392738342
YAL031C,YJR103W,0,-9.00953,0.09142053127288818,1.0,0.9938461780548096
YBR169C,YOR129C,0,-9.068517,0.0913948267698288,1.0,0.9941538572311401
YDL100C,YPL058C,0,-9.0861025,0.09136912971735,1.0,0.9944615364074707
YOL088C,YEL054C,0,-9.090277,0.091343455016613,1.0,0.9947692155838013
YGL055W,YBR169C,0,-9.102354,0.0913177877664566,1.0,0.9950768947601318
YOR355W,YHR205W,0,-9.142514,0.0912921354174614,1.0,0.9953846335411072
YDR173C,YJR103W,0,-9.150407,0.09126649796962738,1.0,0.9956923127174377
YGL045W,YMR272C,0,-9.155505,0.09124087542295456,1.0,0.9959999918937683
YHR165C,YDR314C,0,-9.250773,0.09121526777744293,1.0,0.9963076710700989
YJL099W,YDR096W,0,-9.266435,0.0911896750330925,1.0,0.9966154098510742
YPL262W,YOL054W,0,-9.296595,0.09116409718990326,1.0,0.9969230890274048
YDR411C,YOL147C,0,-9.319907,0.09113853424787521,1.0,0.9972307682037354
YLR382C,YBR169C,0,-9.402774,0.09111297875642776,1.0,0.9975384473800659
YOR140W,YNL007C,0,-9.436872,0.0910874456167221,1.0,0.9978461265563965
YLR342W,YMR070W,0,-9.490154,0.09106191992759705,1.0,0.9981538653373718
YMR311C,YHR096C,0,-9.688712,0.09103641659021378,1.0,0.9984615445137024
YKR097W,YJL164C,0,-9.719541,0.0910109207034111,1.0,0.998769223690033
YMR272C,YBR058C,0,-9.762786,0.09098543971776962,1.0,0.9990769028663635
YPR191W,YDR028C,0,-9.858894,0.09095998108386993,1.0,0.9993846416473389
YDL132W,YPL203W,0,-10.553482,0.09093452990055084,1.0,0.9996923208236694
YDR411C,YBR169C,0,-10.8274975,0.09090909361839294,1.0,1.0
