Gene A,Gene B,Label,Score,Precision,Recall,False Positive Rate
YDR021W,YML093W,1,3.5755477,1.0,0.0016806722851470113,0.0
YLR068W,YPL043W,1,3.554515,1.0,0.0033613445702940226,0.0
YDR021W,YPL043W,1,3.2240503,1.0,0.005042016971856356,0.0
YNL061W,YDR087C,1,3.0030851,1.0,0.006722689140588045,0.0
YDR021W,YLR068W,1,2.9038274,1.0,0.008403361774981022,0.0
YGL078C,YDR083W,1,2.88174,1.0,0.010084033943712711,0.0
YHR169W,YJL010C,1,2.8646162,1.0,0.0117647061124444,0.0
YNL061W,YDR083W,1,2.8433235,1.0,0.01344537828117609,0.0
YGR158C,YDR087C,1,2.8124855,1.0,0.01512605044990778,0.0
YLL011W,YML093W,1,2.7943587,1.0,0.016806723549962044,0.0
YLR068W,YML093W,1,2.7538848,1.0,0.018487395718693733,0.0
YLR068W,YNL061W,1,2.7378504,1.0,0.020168067887425423,0.0
YPL043W,YDR083W,1,2.6715136,1.0,0.021848740056157112,0.0
YGR158C,YPL211W,1,2.6639755,1.0,0.0235294122248888,0.0
YDR087C,YML093W,1,2.5803683,1.0,0.02521008439362049,0.0
YDR021W,YLL011W,1,2.5686197,1.0,0.02689075656235218,0.0
YDR021W,YNL061W,1,2.5536463,1.0,0.02857142873108387,0.0
YML093W,YDR398W,1,2.5531235,1.0,0.03025210089981556,0.0
YGR158C,YML093W,1,2.3985536,1.0,0.0319327749311924,0.0
YPL043W,YDR087C,1,2.3589509,1.0,0.03361344709992409,0.0
YNL061W,YPL043W,1,2.3572636,1.0,0.03529411926865578,0.0
YDR083W,YML093W,1,2.3558013,1.0,0.036974791437387466,0.0
YJL010C,YDR087C,1,2.265145,1.0,0.038655463606119156,0.0
YGR158C,YNL061W,1,2.2528968,1.0,0.040336135774850845,0.0
YGR158C,YLL011W,1,2.2473686,1.0,0.042016807943582535,0.0
YGL171W,YCL054W,1,2.2229505,1.0,0.043697480112314224,0.0
YPL146C,YDR087C,1,2.184319,1.0,0.045378152281045914,0.0
YDR021W,YCL054W,1,2.148237,1.0,0.0470588244497776,0.0
YPL043W,YPL146C,1,2.0603795,1.0,0.04873949661850929,0.0
YJL010C,YML093W,1,2.0399315,1.0,0.05042016878724098,0.0
YGL078C,YGL171W,1,2.0075593,1.0,0.05210084095597267,0.0
YDR087C,YOL142W,1,1.9714032,1.0,0.05378151312470436,0.0
YGL171W,YDR087C,1,1.9496552,1.0,0.05546218529343605,0.0
YGR158C,YPL043W,1,1.9319791,1.0,0.05714285746216774,0.0
YDR087C,YLL011W,1,1.9256786,1.0,0.05882352963089943,0.0
YKL021C,YNL061W,1,1.8519388,1.0,0.06050420179963112,0.0
YLR068W,YCL054W,1,1.8390406,1.0,0.06218487396836281,0.0
YPL146C,YML093W,1,1.829786,1.0,0.0638655498623848,0.0
YGL078C,YDR087C,1,1.820656,1.0,0.06554622203111649,0.0
YPL043W,YGL171W,1,1.7984027,1.0,0.06722689419984818,0.0
YHR169W,YML093W,1,1.7973536,1.0,0.06890756636857986,0.0
YLR068W,YGL171W,1,1.7599527,1.0,0.07058823853731155,0.0
YDR021W,YDR087C,1,1.7290274,1.0,0.07226891070604324,0.0
YGL171W,YML093W,1,1.7178227,1.0,0.07394958287477493,0.0
YLR068W,YPL146C,1,1.7090541,1.0,0.07563025504350662,0.0
YLR068W,YKL021C,1,1.7051729,1.0,0.07731092721223831,0.0
YGL171W,YDR083W,1,1.6717807,1.0,0.07899159938097,0.0
YDR021W,YPL146C,1,1.6466862,1.0,0.08067227154970169,0.0
YKL021C,YPL043W,1,1.6406578,1.0,0.08235294371843338,0.0
YDR021W,YDR398W,1,1.6398431,1.0,0.08403361588716507,0.0
YDR021W,YJL010C,1,1.6383282,1.0,0.08571428805589676,0.0
YNL061W,YML093W,1,1.6124588,1.0,0.08739496022462845,0.0
YNL061W,YJL010C,1,1.6119944,1.0,0.08907563239336014,0.0
YNR054C,YPL146C,1,1.6060194,1.0,0.09075630456209183,0.0
YPL043W,YML093W,1,1.5901223,1.0,0.09243697673082352,0.0
YHR169W,YDR021W,1,1.5825697,1.0,0.0941176488995552,0.0
YPL211W,YGL171W,1,1.5819839,1.0,0.0957983210682869,0.0
YPL146C,YJL010C,1,1.5746828,1.0,0.09747899323701859,0.0
YGR158C,YOL142W,1,1.5721658,1.0,0.09915966540575027,0.0
YPL211W,YDR083W,1,1.5408922,1.0,0.10084033757448196,0.0
YDR021W,YKL021C,1,1.5267768,1.0,0.10252100974321365,0.0
YNL061W,YPL146C,1,1.5205027,1.0,0.10420168191194534,0.0
YHR169W,YDR398W,1,1.507039,1.0,0.10588235408067703,0.0
YDR021W,YDR083W,1,1.4927632,1.0,0.10756302624940872,0.0
YNL282W,YDR398W,1,1.4838732,1.0,0.10924369841814041,0.0
YPL211W,YPL043W,1,1.4532839,1.0,0.1109243705868721,0.0
YNL061W,YOL142W,1,1.420792,1.0,0.11260504275560379,0.0
YOL142W,YML093W,1,1.4026455,1.0,0.11428571492433548,0.0
YHR169W,YDR083W,1,1.3970944,1.0,0.11596638709306717,0.0
YNR054C,YDR083W,1,1.386995,1.0,0.11764705926179886,0.0
YPL211W,YNL061W,1,1.3832608,1.0,0.11932773143053055,0.0
YDR021W,YGL171W,1,1.3818079,1.0,0.12100840359926224,0.0
YPL211W,YOL142W,1,1.3787061,1.0,0.12268907576799393,0.0
YDR021W,YGR158C,1,1.3783375,1.0,0.12436974793672562,0.0
YPL043W,YLL011W,1,1.3636452,1.0,0.1260504275560379,0.0
YLR068W,YDR398W,1,1.3574733,1.0,0.1277310997247696,0.0
YJL010C,YGL171W,1,1.3459452,1.0,0.12941177189350128,0.0
YGL078C,YLR068W,1,1.3098226,1.0,0.13109244406223297,0.0
YGR158C,YGL171W,1,1.2901529,1.0,0.13277311623096466,0.0
YGL078C,YDR021W,1,1.28483,1.0,0.13445378839969635,0.0
YNL061W,YDR398W,1,1.2704984,1.0,0.13613446056842804,0.0
YDR087C,YDR398W,1,1.253951,1.0,0.13781513273715973,0.0
YLR068W,YDR087C,1,1.2470626,1.0,0.13949580490589142,0.0
YNL061W,YLL011W,1,1.2244714,1.0,0.1411764770746231,0.0
YLR068W,YLL011W,1,1.2138222,1.0,0.1428571492433548,0.0
YNR054C,YJL010C,1,1.2092417,1.0,0.1445378214120865,0.0
YJL010C,YDR083W,1,1.2077825,1.0,0.14621849358081818,0.0
YDR087C,YCL054W,1,1.2021586,1.0,0.14789916574954987,0.0
YGR158C,YDR398W,1,1.178516,1.0,0.14957983791828156,0.0
YHR169W,YPL146C,1,1.1729976,1.0,0.15126051008701324,0.0
YKL021C,YDR083W,1,1.1711808,1.0,0.15294118225574493,0.0
YPL211W,YDL014W,1,1.1405634,1.0,0.15462185442447662,0.0
YPL211W,YDR398W,1,1.139047,1.0,0.1563025265932083,0.0
YPL211W,YML093W,1,1.1381227,1.0,0.15798319876194,0.0
YGR158C,YPL146C,1,1.1276304,1.0,0.1596638709306717,0.0
YML113W,YOR340C,0,1.0840298,0.9895833134651184,0.1596638709306717,0.00016806722851470113
YNL282W,YCL054W,1,1.0782684,0.9896907210350037,0.16134454309940338,0.00016806722851470113
YPL146C,YNL282W,1,1.0514796,0.9897959232330322,0.16302521526813507,0.00016806722851470113
YHR169W,YLL011W,1,1.0373169,0.9898989796638489,0.16470588743686676,0.00016806722851470113
YLR068W,YJL010C,1,1.0358342,0.9900000095367432,0.16638655960559845,0.00016806722851470113
YNL282W,YLL011W,1,1.0339545,0.9900990128517151,0.16806723177433014,0.00016806722851470113
YGR158C,YDR083W,1,1.0300003,0.9901960492134094,0.16974790394306183,0.00016806722851470113
YNL061W,YGL171W,1,1.0283345,0.9902912378311157,0.17142857611179352,0.00016806722851470113
YPL211W,YPL146C,1,1.0243932,0.9903846383094788,0.1731092482805252,0.00016806722851470113
YLL011W,YDR398W,1,1.0101432,0.9904761910438538,0.1747899204492569,0.00016806722851470113
YHR169W,YCL054W,1,1.009544,0.9905660152435303,0.1764705926179886,0.00016806722851470113
YNR054C,YLL011W,1,1.0051478,0.9906542301177979,0.17815126478672028,0.00016806722851470113
YNR054C,YML093W,1,1.0012838,0.9907407164573669,0.17983193695545197,0.00016806722851470113
YPL211W,YDR087C,1,0.9983071,0.9908257126808167,0.18151260912418365,0.00016806722851470113
YCL054W,YDR398W,1,0.9802369,0.9909090995788574,0.18319328129291534,0.00016806722851470113
YOL121C,YML093W,1,0.9718002,0.9909909963607788,0.18487395346164703,0.00016806722851470113
YGL078C,YPL146C,1,0.96196544,0.9910714030265808,0.18655462563037872,0.00016806722851470113
YPL043W,YOL142W,1,0.9395542,0.991150438785553,0.1882352977991104,0.00016806722851470113
YLR068W,YGR158C,1,0.91256773,0.9912280440330505,0.1899159699678421,0.00016806722851470113
YGL078C,YPL211W,1,0.8999921,0.991304337978363,0.1915966421365738,0.00016806722851470113
YNR054C,YDR021W,1,0.8803276,0.9913793206214905,0.19327731430530548,0.00016806722851470113
YNR054C,YGL171W,1,0.8788723,0.9914529919624329,0.19495798647403717,0.00016806722851470113
YKL021C,YPL211W,1,0.8591584,0.991525411605835,0.19663865864276886,0.00016806722851470113
YDR083W,YDR398W,1,0.81348646,0.9915966391563416,0.19831933081150055,0.00016806722851470113
YGL078C,YOL142W,1,0.793749,0.9916666746139526,0.20000000298023224,0.00016806722851470113
YGL171W,YOL142W,1,0.77522147,0.9917355179786682,0.20168067514896393,0.00016806722851470113
YJL010C,YLL011W,1,0.74600303,0.9918032884597778,0.20336134731769562,0.00016806722851470113
YPL211W,YLL011W,1,0.73243296,0.9918699264526367,0.2050420194864273,0.00016806722851470113
YHR169W,YGR158C,1,0.7267071,0.9919354915618896,0.206722691655159,0.00016806722851470113
YDR021W,YPL211W,1,0.7164928,0.9919999837875366,0.20840336382389069,0.00016806722851470113
YGL171W,YLL011W,1,0.70287836,0.9920634627342224,0.21008403599262238,0.00016806722851470113
YDR083W,YCL054W,1,0.6847786,0.9921259880065918,0.21176470816135406,0.00016806722851470113
YPL211W,YCL054W,1,0.6831194,0.9921875,0.21344538033008575,0.00016806722851470113
YGL078C,YGR158C,1,0.6678457,0.9922480583190918,0.21512605249881744,0.00016806722851470113
YJL010C,YCL054W,1,0.6540917,0.9923076629638672,0.21680672466754913,0.00016806722851470113
YNL282W,YML093W,1,0.6518105,0.9923664331436157,0.21848739683628082,0.00016806722851470113
YPL043W,YDR398W,1,0.6479398,0.9924242496490479,0.2201680690050125,0.00016806722851470113
YNL061W,YCL054W,1,0.6346599,0.9924812316894531,0.2218487411737442,0.00016806722851470113
YHR169W,YGL171W,1,0.6248876,0.9925373196601868,0.2235294133424759,0.00016806722851470113
YNR054C,YNL061W,1,0.57427037,0.9925925731658936,0.22521008551120758,0.00016806722851470113
YOL142W,YDR398W,1,0.55571973,0.9926470518112183,0.22689075767993927,0.00016806722851470113
YPL146C,YDR083W,1,0.5548767,0.9927007555961609,0.22857142984867096,0.00016806722851470113
YOL121C,YDR398W,1,0.5369586,0.9927536249160767,0.23025210201740265,0.00016806722851470113
YPL146C,YDR398W,1,0.5329994,0.9928057789802551,0.23193277418613434,0.00016806722851470113
YPL043W,YCL054W,1,0.515206,0.9928571581840515,0.23361344635486603,0.00016806722851470113
YDR478W,YLL011W,1,0.49764526,0.9929078221321106,0.23529411852359772,0.00016806722851470113
YKL021C,YML093W,1,0.4767152,0.9929577708244324,0.2369747906923294,0.00016806722851470113
YPL146C,YCL054W,1,0.47147667,0.9930070042610168,0.2386554628610611,0.00016806722851470113
YNR054C,YCL054W,1,0.46238792,0.9930555820465088,0.24033613502979279,0.00016806722851470113
YGL078C,YNL061W,1,0.4611379,0.9931034445762634,0.24201680719852448,0.00016806722851470113
YOL121C,YLL011W,1,0.44775403,0.9931507110595703,0.24369747936725616,0.00016806722851470113
YNL061W,YNL282W,1,0.40417802,0.9931972622871399,0.24537815153598785,0.00016806722851470113
YHR169W,YLR068W,1,0.3936652,0.9932432174682617,0.24705882370471954,0.00016806722851470113
YNR054C,YLR068W,1,0.36527312,0.9932885766029358,0.24873949587345123,0.00016806722851470113
YHR169W,YNL061W,1,0.3611678,0.9933333396911621,0.2504201829433441,0.00016806722851470113
YDR021W,YOL121C,1,0.34945345,0.9933775067329407,0.2521008551120758,0.00016806722851470113
YGL078C,YML093W,1,0.3466252,0.9934210777282715,0.2537815272808075,0.00016806722851470113
YLR068W,YOL121C,1,0.34479892,0.9934640526771545,0.2554621994495392,0.00016806722851470113
YHR169W,YPL043W,1,0.3409263,0.9935064911842346,0.2571428716182709,0.00016806722851470113
YDL014W,YDR083W,1,0.3256358,0.9935483932495117,0.25882354378700256,0.00016806722851470113
YKL021C,YDR398W,1,0.31146348,0.9935897588729858,0.26050421595573425,0.00016806722851470113
YGL078C,YOL121C,1,0.305776,0.993630588054657,0.26218488812446594,0.00016806722851470113
YOL121C,YDR087C,1,0.29362953,0.9936708807945251,0.26386556029319763,0.00016806722851470113
YNR054C,YNL282W,1,0.27877915,0.9937106966972351,0.2655462324619293,0.00016806722851470113
YGL078C,YHR169W,1,0.26357043,0.9937499761581421,0.267226904630661,0.00016806722851470113
YNR054C,YDR087C,1,0.2596122,0.9937888383865356,0.2689075767993927,0.00016806722851470113
YPL043W,YJL010C,1,0.25879693,0.9938271641731262,0.2705882489681244,0.00016806722851470113
YGL171W,YDR398W,1,0.2576288,0.9938650131225586,0.2722689211368561,0.00016806722851470113
YGL078C,YNR054C,1,0.25069296,0.9939024448394775,0.27394959330558777,0.00016806722851470113
YGR158C,YCL054W,1,0.23974337,0.9939393997192383,0.27563026547431946,0.00016806722851470113
YNR054C,YDR398W,1,0.22599997,0.9939758777618408,0.27731093764305115,0.00016806722851470113
YKL021C,YDR087C,1,0.2020699,0.9940119981765747,0.27899160981178284,0.00016806722851470113
YPL211W,YOL121C,1,0.19471063,0.9940476417541504,0.2806722819805145,0.00016806722851470113
YPL146C,YLL011W,1,0.19302548,0.9940828680992126,0.2823529541492462,0.00016806722851470113
YML113W,YOL020W,0,0.17898394,0.9882352948188782,0.2823529541492462,0.00033613445702940226
YLR068W,YDL014W,1,0.16136588,0.988304078578949,0.2840336263179779,0.00033613445702940226
YGL078C,YCL054W,1,0.15016259,0.9883720874786377,0.2857142984867096,0.00033613445702940226
YHR169W,YOL142W,1,0.13870563,0.9884393215179443,0.2873949706554413,0.00033613445702940226
YGL078C,YLL011W,1,0.12522782,0.9885057210922241,0.289075642824173,0.00033613445702940226
YLR068W,YPL211W,1,0.10576929,0.9885714054107666,0.29075631499290466,0.00033613445702940226
YGL078C,YJL010C,1,0.07728018,0.9886363744735718,0.29243698716163635,0.00033613445702940226
YPL043W,YNL282W,1,0.007878438,0.9887005686759949,0.29411765933036804,0.00033613445702940226
YOL121C,YJR145C,1,-0.017700061,0.9887640476226807,0.29579833149909973,0.00033613445702940226
YGL078C,YDR398W,1,-0.018566713,0.9888268113136292,0.2974790036678314,0.00033613445702940226
YKL021C,YLL011W,1,-0.037355527,0.9888888597488403,0.2991596758365631,0.00033613445702940226
YGL078C,YNL282W,1,-0.042570695,0.988950252532959,0.3008403480052948,0.00033613445702940226
YOL121C,YNL302C,1,-0.07255112,0.9890109896659851,0.3025210201740265,0.00033613445702940226
YLL011W,YCL054W,1,-0.0827335,0.9890710115432739,0.3042016923427582,0.00033613445702940226
YKL021C,YJL010C,1,-0.08907913,0.989130437374115,0.30588236451148987,0.00033613445702940226
YDR083W,YLL011W,1,-0.10841976,0.9891892075538635,0.30756303668022156,0.00033613445702940226
YHR169W,YNL282W,1,-0.11318372,0.9892473220825195,0.30924370884895325,0.00033613445702940226
YLR068W,YDR083W,1,-0.1183611,0.9893048405647278,0.31092438101768494,0.00033613445702940226
YGR158C,YNL282W,1,-0.12674437,0.9893617033958435,0.3126050531864166,0.00033613445702940226
YPL043W,YOL121C,1,-0.13105129,0.9894179701805115,0.3142857253551483,0.00033613445702940226
YKL021C,YCL054W,1,-0.1540371,0.9894737005233765,0.31596639752388,0.00033613445702940226
YPL146C,YOL142W,1,-0.19939075,0.9895287752151489,0.3176470696926117,0.00033613445702940226
YNL061W,YDR478W,1,-0.21573125,0.9895833134651184,0.3193277418613434,0.00033613445702940226
YDR087C,YDR083W,1,-0.2296909,0.9896373152732849,0.3210084140300751,0.00033613445702940226
YPL211W,YJL010C,1,-0.23328386,0.9896907210350037,0.32268908619880676,0.00033613445702940226
YNL061W,YOL121C,1,-0.24928199,0.9897435903549194,0.32436975836753845,0.00033613445702940226
YGR158C,YJL010C,1,-0.24989162,0.9897959232330322,0.32605043053627014,0.00033613445702940226
YOL121C,YDR083W,1,-0.26631153,0.989847719669342,0.32773110270500183,0.00033613445702940226
YGL171W,YOL121C,1,-0.2666899,0.9898989796638489,0.3294117748737335,0.00033613445702940226
YGR158C,YDL014W,1,-0.26681554,0.9899497628211975,0.3310924470424652,0.00033613445702940226
YDL014W,YPL146C,1,-0.2809124,0.9900000095367432,0.3327731192111969,0.00033613445702940226
YGL078C,YPL043W,1,-0.28382552,0.9900497794151306,0.3344537913799286,0.00033613445702940226
YKL021C,YPL146C,1,-0.32719624,0.9900990128517151,0.3361344635486603,0.00033613445702940226
YOL142W,YDR083W,1,-0.36851168,0.9901477694511414,0.33781513571739197,0.00033613445702940226
YKL021C,YGR158C,1,-0.38470304,0.9901960492134094,0.33949580788612366,0.00033613445702940226
YHR169W,YDL014W,1,-0.39789116,0.9902439117431641,0.34117648005485535,0.00033613445702940226
YHR169W,YDR087C,1,-0.42880094,0.9902912378311157,0.34285715222358704,0.00033613445702940226
YOL121C,YCL054W,1,-0.4450029,0.990338146686554,0.3445378243923187,0.00033613445702940226
YJL010C,YDR398W,1,-0.468166,0.9903846383094788,0.3462184965610504,0.00033613445702940226
YDR021W,YDL014W,1,-0.47564268,0.9904305934906006,0.3478991687297821,0.00033613445702940226
YNR054C,YPL043W,1,-0.4872011,0.9904761910438538,0.3495798408985138,0.00033613445702940226
YPL043W,YDR478W,1,-0.50986135,0.9905213117599487,0.3512605130672455,0.00033613445702940226
YOL142W,YLL011W,1,-0.58218294,0.9905660152435303,0.3529411852359772,0.00033613445702940226
YPL146C,YGL171W,1,-0.5918189,0.9906103014945984,0.35462185740470886,0.00033613445702940226
YHR169W,YNR054C,1,-0.6213449,0.9906542301177979,0.35630252957344055,0.00033613445702940226
YNR054C,YPL211W,1,-0.6216756,0.9906976819038391,0.35798320174217224,0.00033613445702940226
YGR158C,YDR478W,1,-0.63050056,0.9907407164573669,0.35966387391090393,0.00033613445702940226
YJL010C,YNL282W,1,-0.64385855,0.9907833933830261,0.3613445460796356,0.00033613445702940226
YNL282W,YDR083W,1,-0.67166305,0.9908257126808167,0.3630252182483673,0.00033613445702940226
YDL014W,YDR398W,1,-0.67250454,0.990867555141449,0.364705890417099,0.00033613445702940226
YDR478W,YDR398W,1,-0.6966071,0.9909090995788574,0.3663865625858307,0.00033613445702940226
YNR054C,YGR158C,1,-0.7119087,0.9909502267837524,0.3680672347545624,0.00033613445702940226
YDL014W,YOL121C,1,-0.7144103,0.9909909963607788,0.36974790692329407,0.00033613445702940226
YNL282W,YGL171W,1,-0.7258214,0.9910314083099365,0.37142857909202576,0.00033613445702940226
YLR293C,YDR398W,1,-0.73197484,0.9910714030265808,0.37310925126075745,0.00033613445702940226
YGL030W,YJR145C,1,-0.7581228,0.9911110997200012,0.37478992342948914,0.00033613445702940226
YDR021W,YNL282W,1,-0.767861,0.991150438785553,0.3764705955982208,0.00033613445702940226
YER114C,YER028C,0,-0.7697685,0.9867841601371765,0.3764705955982208,0.0005042016855441034
YLR293C,YGL171W,1,-0.7869828,0.9868420958518982,0.3781512677669525,0.0005042016855441034
YDL014W,YCL054W,1,-0.79722106,0.9868995547294617,0.3798319399356842,0.0005042016855441034
YPL082C,YPL146C,1,-0.80142653,0.9869565367698669,0.3815126121044159,0.0005042016855441034
YNR054C,YOL121C,1,-0.81801236,0.9870129823684692,0.3831932842731476,0.0005042016855441034
YOL121C,YOL142W,1,-0.8271283,0.9870689511299133,0.3848739564418793,0.0005042016855441034
YDL014W,YPL043W,1,-0.8286232,0.9871244430541992,0.38655462861061096,0.0005042016855441034
YDL014W,YNL282W,1,-0.8360534,0.9871794581413269,0.38823530077934265,0.0005042016855441034
YPL146C,YOL121C,1,-0.8588768,0.9872340559959412,0.38991597294807434,0.0005042016855441034
YPL101W,YIL008W,0,-0.8631673,0.9830508232116699,0.38991597294807434,0.0006722689140588045
YDR021W,YOL142W,1,-0.86416745,0.9831223487854004,0.39159664511680603,0.0006722689140588045
YHR169W,YOL121C,1,-0.86490357,0.9831932783126831,0.3932773172855377,0.0006722689140588045
YLR293C,YPL211W,1,-0.8755876,0.9832636117935181,0.3949579894542694,0.0006722689140588045
YLR192C,YNL061W,1,-0.88673604,0.9833333492279053,0.3966386616230011,0.0006722689140588045
YNL302C,YJR145C,1,-0.9209775,0.9834024906158447,0.3983193337917328,0.0006722689140588045
YHR169W,YPL211W,1,-0.9304167,0.9834710955619812,0.4000000059604645,0.0006722689140588045
YDL014W,YDR087C,1,-0.93723905,0.9835391044616699,0.40168067812919617,0.0006722689140588045
YNL061W,YHR034C,1,-0.9445739,0.9836065769195557,0.40336135029792786,0.0006722689140588045
YLR293C,YCL054W,1,-0.946686,0.9836734533309937,0.40504202246665955,0.0006722689140588045
YLR293C,YDR087C,1,-0.98573506,0.9837398529052734,0.40672269463539124,0.0006722689140588045
YOL142W,YCL054W,1,-1.0015216,0.9838056564331055,0.4084033668041229,0.0006722689140588045
YCR072C,YGR229C,0,-1.0089909,0.9798387289047241,0.4084033668041229,0.0008403361425735056
YKL021C,YOL142W,1,-1.0163404,0.9799196720123291,0.4100840389728546,0.0008403361425735056
YLR293C,YHR034C,1,-1.0174774,0.9800000190734863,0.4117647111415863,0.0008403361425735056
YDR478W,YML093W,1,-1.0219911,0.980079710483551,0.413445383310318,0.0008403361425735056
YDL014W,YHR034C,1,-1.029838,0.9801587462425232,0.4151260554790497,0.0008403361425735056
YGR229C,YDR165W,0,-1.0318898,0.9762845635414124,0.4151260554790497,0.0010084033710882068
YLR068W,YNL302C,1,-1.0525798,0.9763779640197754,0.41680672764778137,0.0010084033710882068
YDL014W,YLL011W,1,-1.0667888,0.9764705896377563,0.41848739981651306,0.0010084033710882068
YCL054W,YML093W,1,-1.0694722,0.9765625,0.42016807198524475,0.0010084033710882068
YDL014W,YNL061W,1,-1.1469861,0.9766536951065063,0.42184874415397644,0.0010084033710882068
YLR192C,YDR398W,1,-1.147983,0.9767441749572754,0.42352941632270813,0.0010084033710882068
YKL021C,YPL235W,1,-1.167586,0.9768339991569519,0.4252100884914398,0.0010084033710882068
YNL282W,YDR087C,1,-1.1750551,0.9769230484962463,0.4268907606601715,0.0010084033710882068
YOR039W,YHR175W,0,-1.2042252,0.9731800556182861,0.4268907606601715,0.001176470541395247
YJL006C,YML080W,0,-1.2042468,0.9694656729698181,0.4268907606601715,0.001344537828117609
YGR158C,YOL121C,1,-1.2150441,0.9695817232131958,0.4285714328289032,0.001344537828117609
YDL014W,YGL171W,1,-1.2237629,0.9696969985961914,0.4302521049976349,0.001344537828117609
YHR034C,YML093W,1,-1.2429227,0.9698113203048706,0.4319327771663666,0.001344537828117609
YOR340C,YML097C,0,-1.2442518,0.9661654233932495,0.4319327771663666,0.0015126049984246492
YLR068W,YOL142W,1,-1.2628018,0.966292142868042,0.43361344933509827,0.0015126049984246492
YDL014W,YOL142W,1,-1.2639545,0.9664179086685181,0.43529412150382996,0.0015126049984246492
YJL010C,YOL121C,1,-1.2673924,0.9665427803993225,0.43697479367256165,0.0015126049984246492
YKL021C,YOL121C,1,-1.2709671,0.9666666388511658,0.43865546584129333,0.0015126049984246492
YFL023W,YBR267W,0,-1.2983254,0.9630996584892273,0.43865546584129333,0.0016806722851470113
YNL282W,YOL121C,1,-1.3107167,0.9632353186607361,0.440336138010025,0.0016806722851470113
YPL043W,YHR034C,1,-1.3435444,0.9633699655532837,0.4420168101787567,0.0016806722851470113
YNL302C,YDR398W,1,-1.3470591,0.9635036587715149,0.4436974823474884,0.0016806722851470113
YHR034C,YDR083W,1,-1.3696696,0.9636363387107849,0.4453781545162201,0.0016806722851470113
YLR293C,YNL061W,1,-1.3697222,0.9637681245803833,0.4470588266849518,0.0016806722851470113
YLR192C,YGL171W,1,-1.383809,0.9638988971710205,0.44873949885368347,0.0016806722851470113
YPL235W,YDR398W,1,-1.4155504,0.9640287756919861,0.45042017102241516,0.0016806722851470113
YGL078C,YLR293C,1,-1.4203871,0.9641577005386353,0.45210084319114685,0.0016806722851470113
YKL021C,YGL171W,1,-1.429478,0.9642857313156128,0.45378151535987854,0.0016806722851470113
YNR054C,YOL142W,1,-1.4298966,0.9644128084182739,0.45546218752861023,0.0016806722851470113
YDR087C,YDR478W,1,-1.4729527,0.9645389914512634,0.4571428596973419,0.0016806722851470113
YLR293C,YPL146C,1,-1.4737724,0.9646643400192261,0.4588235318660736,0.0016806722851470113
YGL078C,YDL014W,1,-1.4866112,0.9647887349128723,0.4605042040348053,0.0016806722851470113
YLR068W,YNL282W,1,-1.4880987,0.9649122953414917,0.462184876203537,0.0016806722851470113
YLR192C,YLL011W,1,-1.4898056,0.9650349617004395,0.4638655483722687,0.0016806722851470113
YHR034C,YOL142W,1,-1.4933065,0.9651567935943604,0.46554622054100037,0.0016806722851470113
YIL128W,YNL110C,0,-1.5152935,0.9618055820465088,0.46554622054100037,0.0018487394554540515
YLR192C,YCL054W,1,-1.5197806,0.9619377255439758,0.46722689270973206,0.0018487394554540515
YGL078C,YNL302C,1,-1.5490791,0.9620689749717712,0.46890756487846375,0.0018487394554540515
YJL010C,YOL142W,1,-1.5503551,0.962199330329895,0.47058823704719543,0.0018487394554540515
YKL021C,YDL014W,1,-1.5705081,0.9623287916183472,0.4722689092159271,0.0018487394554540515
YLR068W,YPL235W,1,-1.5769864,0.9624573588371277,0.4739495813846588,0.0018487394554540515
YGL078C,YPL235W,1,-1.5790926,0.9625850319862366,0.4756302535533905,0.0018487394554540515
YKL021C,YNL282W,1,-1.5832725,0.9627118706703186,0.4773109257221222,0.0018487394554540515
YLR293C,YGR158C,1,-1.6014055,0.962837815284729,0.4789915978908539,0.0018487394554540515
YNR054C,YLR192C,1,-1.6090192,0.9629629850387573,0.48067227005958557,0.0018487394554540515
YNR054C,YLR293C,1,-1.6333188,0.963087260723114,0.48235294222831726,0.0018487394554540515
YNL282W,YNL302C,1,-1.6356666,0.9632107019424438,0.48403361439704895,0.0018487394554540515
YLR293C,YLL011W,1,-1.6524022,0.9633333086967468,0.48571428656578064,0.0018487394554540515
YPL082C,YML093W,1,-1.6533209,0.9634551405906677,0.48739495873451233,0.0018487394554540515
YPL211W,YPL235W,1,-1.661462,0.9635761380195618,0.489075630903244,0.0018487394554540515
YGL078C,YKL021C,1,-1.6789747,0.9636963605880737,0.4907563030719757,0.0018487394554540515
YNL302C,YML093W,1,-1.679496,0.9638158082962036,0.4924369752407074,0.0018487394554540515
YGL030W,YOL121C,1,-1.7015783,0.9639344215393066,0.4941176474094391,0.0018487394554540515
YFL021W,YGL229C,0,-1.7068706,0.9607843160629272,0.4941176474094391,0.0020168067421764135
YDL014W,YML093W,1,-1.7079526,0.9609120488166809,0.4957983195781708,0.0020168067421764135
YPL043W,YNL302C,1,-1.7292523,0.9610389471054077,0.49747899174690247,0.0020168067421764135
YNL110C,YGR285C,0,-1.7419447,0.9579287767410278,0.49747899174690247,0.0021848739124834538
YLR293C,YDR083W,1,-1.7444079,0.9580644965171814,0.49915966391563416,0.0021848739124834538
YPL211W,YNL302C,1,-1.7461485,0.9581993818283081,0.5008403658866882,0.0021848739124834538
YLR293C,YML093W,1,-1.7598463,0.9583333134651184,0.5025210380554199,0.0021848739124834538
YOL121C,YPL235W,1,-1.790608,0.9584664702415466,0.5042017102241516,0.0021848739124834538
YFL023W,YML097C,0,-1.805652,0.9554139971733093,0.5042017102241516,0.002352941082790494
YPL211W,YHR034C,1,-1.8160945,0.9555555582046509,0.5058823823928833,0.002352941082790494
YGL078C,YHR034C,1,-1.8262807,0.9556962251663208,0.507563054561615,0.002352941082790494
YNL302C,YLL011W,1,-1.8284496,0.9558359384536743,0.5092437267303467,0.002352941082790494
YPL235W,YLL011W,1,-1.831424,0.955974817276001,0.5109243988990784,0.002352941082790494
YGR229C,YKR079C,0,-1.8319339,0.9529780745506287,0.5109243988990784,0.002521008485928178
YLR068W,YJR145C,1,-1.8370984,0.953125,0.5126050710678101,0.002521008485928178
YPL082C,YDR083W,1,-1.8419007,0.9532710313796997,0.5142857432365417,0.002521008485928178
YDL014W,YJL010C,1,-1.8529891,0.9534161686897278,0.5159664154052734,0.002521008485928178
YHR169W,YLR293C,1,-1.8532125,0.9535603523254395,0.5176470875740051,0.002521008485928178
YPL082C,YDR398W,1,-1.8535036,0.9537037014961243,0.5193277597427368,0.002521008485928178
YLR293C,YPL043W,1,-1.8768235,0.9538461565971375,0.5210084319114685,0.002521008485928178
YLR192C,YPL146C,1,-1.8769673,0.953987717628479,0.5226891040802002,0.002521008485928178
YGL078C,YGL030W,1,-1.8967575,0.9541284441947937,0.5243697762489319,0.002521008485928178
YNR054C,YPL082C,1,-1.9059573,0.9542682766914368,0.5260504484176636,0.002521008485928178
YNL327W,YBR089C-A,0,-1.9085879,0.9513677954673767,0.5260504484176636,0.002689075656235218
YGL078C,YPL082C,1,-1.911267,0.9515151381492615,0.5277311205863953,0.002689075656235218
YJR145C,YCL054W,1,-1.9145921,0.9516616463661194,0.529411792755127,0.002689075656235218
YDL014W,YNL302C,1,-1.9488631,0.9518072009086609,0.5310924649238586,0.002689075656235218
YPL211W,YGL030W,1,-1.9489855,0.9519519805908203,0.5327731370925903,0.002689075656235218
YPL082C,YNL061W,1,-1.9537522,0.9520958065986633,0.534453809261322,0.002689075656235218
YPL235W,YML093W,1,-1.9862217,0.9522387981414795,0.5361344814300537,0.002689075656235218
YKL021C,YPL082C,1,-2.023198,0.9523809552192688,0.5378151535987854,0.002689075656235218
YDR083W,YPL235W,1,-2.0319285,0.9525222778320312,0.5394958257675171,0.002689075656235218
YOR206W,YOL117W,0,-2.0335705,0.9497041702270508,0.5394958257675171,0.0028571428265422583
YLR048W,YGR192C,0,-2.0364707,0.9469026327133179,0.5394958257675171,0.0030252099968492985
YGL171W,YNL302C,1,-2.045752,0.9470587968826294,0.5411764979362488,0.0030252099968492985
YGL078C,YLR192C,1,-2.04779,0.9472140669822693,0.5428571701049805,0.0030252099968492985
YGL155W,YNR015W,0,-2.0523174,0.9444444179534912,0.5428571701049805,0.0031932773999869823
YPL211W,YNL282W,1,-2.0773494,0.9446064233779907,0.5445378422737122,0.0031932773999869823
YNL302C,YDR087C,1,-2.0811937,0.944767415523529,0.5462185144424438,0.0031932773999869823
YDR087C,YPL235W,1,-2.0928254,0.9449275135993958,0.5478991866111755,0.0031932773999869823
YGL030W,YDR398W,1,-2.094458,0.9450867176055908,0.5495798587799072,0.0031932773999869823
YJL148W,YBL058W,0,-2.0947716,0.9423630833625793,0.5495798587799072,0.0033613445702940226
YLR192C,YPL211W,1,-2.106268,0.9425287246704102,0.5512605309486389,0.0033613445702940226
YHR169W,YNL302C,1,-2.1239944,0.9426934123039246,0.5529412031173706,0.0033613445702940226
YNL268W,YCR072C,0,-2.1343806,0.9399999976158142,0.5529412031173706,0.0035294117406010628
YPL235W,YCL054W,1,-2.1350763,0.94017094373703,0.5546218752861023,0.0035294117406010628
YLR293C,YNL282W,1,-2.1389537,0.9403409361839294,0.556302547454834,0.0035294117406010628
YNL302C,YOL142W,1,-2.1452088,0.9405099153518677,0.5579832196235657,0.0035294117406010628
YDL014W,YGL030W,1,-2.1596525,0.9406779408454895,0.5596638917922974,0.0035294117406010628
YPL082C,YCL054W,1,-2.1605356,0.9408450722694397,0.561344563961029,0.0035294117406010628
YNR054C,YDL014W,1,-2.1791255,0.9410112500190735,0.5630252361297607,0.0035294117406010628
YPL043W,YGL030W,1,-2.1841068,0.9411764740943909,0.5647059082984924,0.0035294117406010628
YGL030W,YDR083W,1,-2.185039,0.9413408041000366,0.5663865804672241,0.0035294117406010628
YHR034C,YDR087C,1,-2.1852732,0.941504180431366,0.5680672526359558,0.0035294117406010628
YNL302C,YDR083W,1,-2.1892421,0.9416666626930237,0.5697479248046875,0.0035294117406010628
YNL061W,YNL302C,1,-2.1960208,0.9418282508850098,0.5714285969734192,0.0035294117406010628
YLR192C,YML093W,1,-2.2038362,0.9419889450073242,0.5731092691421509,0.0035294117406010628
YNR054C,YKL021C,1,-2.2071285,0.942148745059967,0.5747899413108826,0.0035294117406010628
YCR072C,YDL058W,0,-2.2284393,0.9395604133605957,0.5747899413108826,0.003697478910908103
YPL082C,YPL211W,1,-2.2533276,0.9397260546684265,0.5764706134796143,0.003697478910908103
YLR192C,YHR034C,1,-2.2612603,0.9398906826972961,0.578151285648346,0.003697478910908103
YNL282W,YJR145C,1,-2.270982,0.9400544762611389,0.5798319578170776,0.003697478910908103
YPL043W,YJR145C,1,-2.2758067,0.9402173757553101,0.5815126299858093,0.003697478910908103
YFR028C,YOL020W,0,-2.2774885,0.9376693964004517,0.5815126299858093,0.003865546314045787
YPL082C,YPL043W,1,-2.2812207,0.9378378391265869,0.583193302154541,0.003865546314045787
YHR169W,YKL021C,1,-2.2949817,0.9380053877830505,0.5848739743232727,0.003865546314045787
YLR192C,YOL142W,1,-2.2956645,0.9381720423698425,0.5865546464920044,0.003865546314045787
YPR082C,YIL128W,0,-2.308634,0.9356568455696106,0.5865546464920044,0.004033613484352827
YHR169W,YLR192C,1,-2.3171804,0.9358288645744324,0.5882353186607361,0.004033613484352827
YPL043W,YPL235W,1,-2.3189876,0.9359999895095825,0.5899159908294678,0.004033613484352827
YHR034C,YDR398W,1,-2.319473,0.936170220375061,0.5915966629981995,0.004033613484352827
YLR192C,YGR158C,1,-2.3200645,0.9363394975662231,0.5932773351669312,0.004033613484352827
YGL030W,YNL302C,1,-2.3209386,0.9365079402923584,0.5949580073356628,0.004033613484352827
YNR054C,YGL030W,1,-2.323061,0.936675488948822,0.5966386795043945,0.004033613484352827
YLR068W,YDR478W,1,-2.3270504,0.9368420839309692,0.5983193516731262,0.004033613484352827
YER164W,YNL110C,0,-2.331672,0.93438321352005,0.5983193516731262,0.004201680887490511
YGL171W,YJR145C,1,-2.3320363,0.9345549941062927,0.6000000238418579,0.004201680887490511
YGR158C,YPL235W,1,-2.3336992,0.934725821018219,0.6016806960105896,0.004201680887490511
YJR145C,YDR398W,1,-2.335183,0.9348958134651184,0.6033613681793213,0.004201680887490511
YLR293C,YOL121C,1,-2.3387501,0.9350649118423462,0.605042040348053,0.004201680887490511
YFL023W,YDR397C,0,-2.3415897,0.9326424598693848,0.605042040348053,0.0043697478249669075
YPL082C,YDR087C,1,-2.3439624,0.9328165650367737,0.6067227125167847,0.0043697478249669075
YDL014W,YPL235W,1,-2.3459206,0.9329897165298462,0.6084033846855164,0.0043697478249669075
YGR158C,YNL302C,1,-2.360068,0.9331619739532471,0.610084056854248,0.0043697478249669075
YPL211W,YJR145C,1,-2.360824,0.9333333373069763,0.6117647290229797,0.0043697478249669075
YPL146C,YNL302C,1,-2.3612423,0.9335038065910339,0.6134454011917114,0.0043697478249669075
YGL016W,YML103C,0,-2.3839185,0.9311224222183228,0.6134454011917114,0.004537815228104591
YDR021W,YPL082C,1,-2.3849094,0.9312977194786072,0.6151260733604431,0.004537815228104591
YLR192C,YDL014W,1,-2.3974059,0.9314720630645752,0.6168067455291748,0.004537815228104591
YNL027W,YCR053W,0,-2.4065545,0.9291139245033264,0.6168067455291748,0.004705882165580988
YNL302C,YCL054W,1,-2.4126651,0.9292929172515869,0.6184874176979065,0.004705882165580988
YHR160C,YBR183W,0,-2.4148774,0.9269521236419678,0.6184874176979065,0.004873949568718672
YLR192C,YJL010C,1,-2.4283311,0.927135705947876,0.6201680898666382,0.004873949568718672
YKL021C,YJR145C,1,-2.4485242,0.927318274974823,0.6218487620353699,0.004873949568718672
YLR293C,YDL014W,1,-2.4506733,0.9275000095367432,0.6235294342041016,0.004873949568718672
YBR164C,YDR432W,0,-2.4935586,0.9251870512962341,0.6235294342041016,0.005042016971856356
YJR145C,YDR083W,1,-2.4939752,0.9253731369972229,0.6252101063728333,0.005042016971856356
YML073C,YHR203C,0,-2.5153134,0.9230769276618958,0.6252101063728333,0.005210083909332752
YGR192C,YER072W,0,-2.5326157,0.9207921028137207,0.6252101063728333,0.005378151312470436
YJR070C,YEL037C,0,-2.5333738,0.9185185432434082,0.6252101063728333,0.00554621871560812
YPL146C,YPL235W,1,-2.5508869,0.9187192320823669,0.6268907785415649,0.00554621871560812
YNL282W,YGL030W,1,-2.553733,0.9189189076423645,0.6285714507102966,0.00554621871560812
YGL171W,YOR287C,1,-2.567105,0.9191176295280457,0.6302521228790283,0.00554621871560812
YNR054C,YPL235W,1,-2.575799,0.9193153977394104,0.63193279504776,0.00554621871560812
YLR068W,YGL030W,1,-2.5807436,0.9195122122764587,0.6336134672164917,0.00554621871560812
YJL208C,YOR340C,0,-2.580792,0.9172749519348145,0.6336134672164917,0.0057142856530845165
YLR293C,YOL142W,1,-2.5816226,0.917475700378418,0.6352941393852234,0.0057142856530845165
YBR155W,YDR277C,0,-2.582147,0.9152542352676392,0.6352941393852234,0.0058823530562222
YNL061W,YPL235W,1,-2.6125605,0.9154589176177979,0.6369748115539551,0.0058823530562222
YGL078C,YJR145C,1,-2.6131337,0.9156626462936401,0.6386554837226868,0.0058823530562222
YGL171W,YPL235W,1,-2.616452,0.9158653616905212,0.6403361558914185,0.0058823530562222
YBR164C,YOR254C,0,-2.6180112,0.9136690497398376,0.6403361558914185,0.006050419993698597
YPL211W,YDR478W,1,-2.620504,0.9138755798339844,0.6420168280601501,0.006050419993698597
YJL090C,YPR182W,0,-2.624175,0.9116945266723633,0.6420168280601501,0.006218487396836281
YGL171W,YGL030W,1,-2.6275213,0.9119047522544861,0.6436975002288818,0.006218487396836281
YJL010C,YJR145C,1,-2.630058,0.9121140241622925,0.6453781723976135,0.006218487396836281
YHR203C,YKR079C,0,-2.6357746,0.9099525809288025,0.6453781723976135,0.006386554799973965
YJR145C,YLL011W,1,-2.6414838,0.9101654887199402,0.6470588445663452,0.006386554799973965
YLR068W,YLR293C,1,-2.6532886,0.9103773832321167,0.6487395167350769,0.006386554799973965
YHR034C,YLL011W,1,-2.6535637,0.910588264465332,0.6504201889038086,0.006386554799973965
YLR192C,YDR087C,1,-2.6628835,0.9107981324195862,0.6521008610725403,0.006386554799973965
YMR138W,YNL153C,0,-2.709919,0.908665120601654,0.6521008610725403,0.006554621737450361
YJR145C,YDR087C,1,-2.7336009,0.90887850522995,0.653781533241272,0.006554621737450361
YBR155W,YKR038C,0,-2.757969,0.9067599177360535,0.653781533241272,0.006722689140588045
YLR293C,YPL235W,1,-2.7707114,0.9069767594337463,0.6554622054100037,0.006722689140588045
YKL205W,YGR258C,0,-2.772278,0.9048724174499512,0.6554622054100037,0.006890756078064442
YDR208W,YCR072C,0,-2.773321,0.9027777910232544,0.6554622054100037,0.0070588234812021255
YMR270C,YBL061C,0,-2.7848735,0.9006928205490112,0.6554622054100037,0.007226890884339809
YDR009W,YMR142C,0,-2.7858956,0.8986175060272217,0.6554622054100037,0.007394957821816206
YGL030W,YDR087C,1,-2.7861264,0.8988505601882935,0.6571428775787354,0.007394957821816206
YOL142W,YPL235W,1,-2.8020911,0.8990825414657593,0.658823549747467,0.007394957821816206
YKL021C,YGL030W,1,-2.8080592,0.8993135094642639,0.6605042219161987,0.007394957821816206
YGL030W,YCL054W,1,-2.809687,0.8995434045791626,0.6621848940849304,0.007394957821816206
YKL165C,YDL083C,0,-2.8149467,0.8974943161010742,0.6621848940849304,0.00756302522495389
YGL030W,YLL011W,1,-2.8165543,0.8977272510528564,0.6638655662536621,0.00756302522495389
YPR046W,YIL118W,0,-2.8186185,0.8956916332244873,0.6638655662536621,0.007731092628091574
YHR169W,YPL082C,1,-2.8201795,0.8959276080131531,0.6655462384223938,0.007731092628091574
YCL054W,YOR287C,1,-2.8217134,0.8961625099182129,0.6672269105911255,0.007731092628091574
YPL082C,YOL142W,1,-2.8223228,0.8963963985443115,0.6689075827598572,0.007731092628091574
YPL082C,YJL010C,1,-2.833677,0.8966292142868042,0.6705882549285889,0.007731092628091574
YOL142W,YDR478W,1,-2.858163,0.8968609571456909,0.6722689270973206,0.007731092628091574
YGL030W,YML093W,1,-2.8589475,0.8970917463302612,0.6739495992660522,0.007731092628091574
YLR192C,YDR083W,1,-2.8620028,0.8973214030265808,0.6756302714347839,0.007731092628091574
YML123C,YBR002C,0,-2.8793285,0.8953229188919067,0.6756302714347839,0.00789915956556797
YMR092C,YGL008C,0,-2.8819282,0.8933333158493042,0.6756302714347839,0.008067226968705654
YJL184W,YPR188C,0,-2.8942842,0.8913525342941284,0.6756302714347839,0.008235294371843338
YHR042W,YIL056W,0,-2.8959663,0.8893805146217346,0.6756302714347839,0.008403361774981022
YIL128W,YDR397C,0,-2.899583,0.887417197227478,0.6756302714347839,0.008571428246796131
YMR142C,YIL008W,0,-2.899666,0.8854625821113586,0.6756302714347839,0.008739495649933815
YNL164C,YJR070C,0,-2.9036314,0.8835164904594421,0.6756302714347839,0.008907563053071499
YJL010C,YGL030W,1,-2.9160082,0.8837719559669495,0.6773109436035156,0.008907563053071499
YHR169W,YGL030W,1,-2.9237022,0.8840262293815613,0.6789916157722473,0.008907563053071499
YDL145C,YGL016W,0,-2.9289913,0.8820960521697998,0.6789916157722473,0.009075630456209183
YKL021C,YNL302C,1,-2.9411576,0.8823529481887817,0.680672287940979,0.009075630456209183
YHR034C,YPL235W,1,-2.948203,0.8826087117195129,0.6823529601097107,0.009075630456209183
YPL146C,YGL030W,1,-2.9529245,0.8828633427619934,0.6840336322784424,0.009075630456209183
YDL143W,YIL008W,0,-2.9605014,0.8809523582458496,0.6840336322784424,0.009243697859346867
YER075C,YBR267W,0,-2.9703274,0.8790496587753296,0.6840336322784424,0.009411764331161976
YFL023W,YGL226C-A,0,-2.9778724,0.8771551847457886,0.6840336322784424,0.00957983173429966
YNL110C,YHR163W,0,-2.9784932,0.875268816947937,0.6840336322784424,0.009747899137437344
YDL014W,YDR478W,1,-2.9882307,0.8755365014076233,0.6857143044471741,0.009747899137437344
YJL072C,YCR072C,0,-3.0049922,0.8736616969108582,0.6857143044471741,0.009915966540575027
YNL061W,YGL030W,1,-3.0057347,0.8739316463470459,0.6873949766159058,0.009915966540575027
YNR054C,YHR034C,1,-3.0096548,0.8742004036903381,0.6890756487846375,0.009915966540575027
YDR021W,YLR293C,1,-3.0127695,0.8744680881500244,0.6907563209533691,0.009915966540575027
YJR145C,YML093W,1,-3.025853,0.8747345805168152,0.6924369931221008,0.009915966540575027
YBR002C,YGL011C,0,-3.0299077,0.8728813529014587,0.6924369931221008,0.010084033943712711
YGL006W,YJL154C,0,-3.0466383,0.8710359334945679,0.6924369931221008,0.01025210041552782
YLR293C,YNL302C,1,-3.0613306,0.8713080286979675,0.6941176652908325,0.01025210041552782
YPL224C,YAL016W,0,-3.0616372,0.8694736957550049,0.6941176652908325,0.010420167818665504
YHR169W,YPL235W,1,-3.065729,0.8697478771209717,0.6957983374595642,0.010420167818665504
YHR073W,YHR099W,0,-3.0661821,0.8679245114326477,0.6957983374595642,0.010588235221803188
YBR002C,YKR079C,0,-3.0666487,0.866108775138855,0.6957983374595642,0.010756302624940872
YGL073W,YOR206W,0,-3.0668867,0.8643006086349487,0.6957983374595642,0.010924370028078556
YLL011W,YOR287C,1,-3.0849588,0.8645833134651184,0.6974790096282959,0.010924370028078556
YLR293C,YKL021C,1,-3.0894856,0.8648648858070374,0.6991596817970276,0.010924370028078556
YHR169W,YJR145C,1,-3.0919912,0.865145206451416,0.7008403539657593,0.010924370028078556
YFR005C,YBR058C-A,0,-3.0927007,0.8633540272712708,0.7008403539657593,0.01109243743121624
YDR021W,YLR192C,1,-3.1044078,0.8636363744735718,0.702521026134491,0.01109243743121624
YGR158C,YGL030W,1,-3.1060367,0.8639175295829773,0.7042016983032227,0.01109243743121624
YNR054C,YJR145C,1,-3.113505,0.8641975522041321,0.7058823704719543,0.01109243743121624
YOL039W,YDL083C,0,-3.120056,0.8624230027198792,0.7058823704719543,0.01126050390303135
YJR145C,YOL142W,1,-3.1230175,0.8627049326896667,0.707563042640686,0.01126050390303135
YPL082C,YGR158C,1,-3.1261878,0.8629856705665588,0.7092437148094177,0.01126050390303135
YKL021C,YHR034C,1,-3.1317415,0.863265335559845,0.7109243869781494,0.01126050390303135
YJL076W,YHR150W,0,-3.139082,0.8615071177482605,0.7109243869781494,0.011428571306169033
YKL021C,YOR287C,1,-3.1403868,0.8617886304855347,0.7126050591468811,0.011428571306169033
YLR293C,YJR145C,1,-3.1491826,0.8620689511299133,0.7142857313156128,0.011428571306169033
YMR029C,YKL122C,0,-3.150901,0.8603239059448242,0.7142857313156128,0.011596638709306717
YPL043W,YOR287C,1,-3.151415,0.8606060743331909,0.7159664034843445,0.011596638709306717
YOR210W,YOR344C,0,-3.1589634,0.8588709831237793,0.7159664034843445,0.0117647061124444
YMR138W,YIL128W,0,-3.1697197,0.8571428656578064,0.7159664034843445,0.011932773515582085
YPL043W,YNL222W,1,-3.1924212,0.8574297428131104,0.7176470756530762,0.011932773515582085
YHR187W,YOR212W,0,-3.2038174,0.8557114005088806,0.7176470756530762,0.012100839987397194
YDR231C,YNL074C,0,-3.2041128,0.8539999723434448,0.7176470756530762,0.012268907390534878
YNR054C,YNL302C,1,-3.2438061,0.8542914390563965,0.7193277478218079,0.012268907390534878
YBL016W,YCL055W,0,-3.24422,0.8525896668434143,0.7193277478218079,0.012436974793672562
YGL180W,YKL191W,0,-3.2455165,0.8508946299552917,0.7193277478218079,0.012605042196810246
YJL010C,YNL302C,1,-3.2664883,0.851190447807312,0.7210084199905396,0.012605042196810246
YBR267W,YOL127W,0,-3.2692478,0.8495049476623535,0.7210084199905396,0.01277310959994793
YPL082C,YPL235W,1,-3.2761276,0.8498023748397827,0.7226890921592712,0.01277310959994793
YNL065W,YER068W,0,-3.2857196,0.848126232624054,0.7226890921592712,0.012941176071763039
YMR138W,YCR053W,0,-3.2958558,0.8464567065238953,0.7226890921592712,0.013109243474900723
YLR068W,YPL082C,1,-3.2993665,0.8467583656311035,0.7243697643280029,0.013109243474900723
YBR155W,YJL076W,0,-3.3058188,0.8450980186462402,0.7243697643280029,0.013277310878038406
YJL010C,YHR034C,1,-3.3091898,0.8454011678695679,0.7260504364967346,0.013277310878038406
YHR034C,YCL054W,1,-3.3143518,0.845703125,0.7277311086654663,0.013277310878038406
YPL082C,YGL171W,1,-3.315258,0.8460038900375366,0.729411780834198,0.013277310878038406
YJL010C,YPL235W,1,-3.3251743,0.8463035225868225,0.7310924530029297,0.013277310878038406
YLL061W,YJL148W,0,-3.3266065,0.844660222530365,0.7310924530029297,0.01344537828117609
YAL042W,YOR340C,0,-3.3269563,0.8430232405662537,0.7310924530029297,0.013613445684313774
YJL148W,YDR460W,0,-3.3473175,0.8413926362991333,0.7310924530029297,0.013781512156128883
YHR169W,YOR287C,1,-3.3505046,0.8416988253593445,0.7327731251716614,0.013781512156128883
YDR432W,YOR344C,0,-3.3633108,0.8400770425796509,0.7327731251716614,0.013949579559266567
YGR097W,YIL056W,0,-3.366834,0.8384615182876587,0.7327731251716614,0.014117646962404251
YHR187W,YJL133W,0,-3.3685603,0.8368521928787231,0.7327731251716614,0.014285714365541935
YNL027W,YOR272W,0,-3.3697233,0.8352490663528442,0.7327731251716614,0.014453781768679619
YHR034C,YGL171W,1,-3.3734345,0.8355640769004822,0.7344537973403931,0.014453781768679619
YMR076C,YNL339C,0,-3.380552,0.8339694738388062,0.7344537973403931,0.014621849171817303
YGL195W,YHR073W,0,-3.3903394,0.8323809504508972,0.7344537973403931,0.014789915643632412
YOR210W,YNL186W,0,-3.3940892,0.8307985067367554,0.7344537973403931,0.014957983046770096
YCL054W,YNL222W,1,-3.3947637,0.8311195373535156,0.7361344695091248,0.014957983046770096
YGR158C,YHR034C,1,-3.397929,0.8314393758773804,0.7378151416778564,0.014957983046770096
YDR432W,YIL008W,0,-3.3989253,0.8298676609992981,0.7378151416778564,0.01512605044990778
YMR011W,YNL110C,0,-3.4028687,0.8283019065856934,0.7378151416778564,0.015294117853045464
YLR192C,YPL043W,1,-3.4098785,0.8286252617835999,0.7394958138465881,0.015294117853045464
YLR068W,YLR192C,1,-3.4101188,0.8289473652839661,0.7411764860153198,0.015294117853045464
YBR256C,YNL070W,0,-3.4128118,0.8273921012878418,0.7411764860153198,0.015462185256183147
YLR215C,YJL133W,0,-3.4156353,0.8258426785469055,0.7411764860153198,0.01563025265932083
YGL030W,YPL235W,1,-3.4341192,0.8261682391166687,0.7428571581840515,0.01563025265932083
YDL197C,YDL150W,0,-3.4365222,0.8246268630027771,0.7428571581840515,0.01579831913113594
YGR158C,YJR145C,1,-3.4403033,0.8249534368515015,0.7445378303527832,0.01579831913113594
YPL060W,YEL060C,0,-3.440754,0.8234200477600098,0.7445378303527832,0.0159663874655962
YPL146C,YOR287C,1,-3.4542167,0.8237476944923401,0.7462185025215149,0.0159663874655962
YML093W,YOR287C,1,-3.4592652,0.8240740895271301,0.7478991746902466,0.0159663874655962
YNR067C,YIL119C,0,-3.4603286,0.8225508332252502,0.7478991746902466,0.01613445393741131
YDL014W,YNL222W,1,-3.4664543,0.8228782415390015,0.7495798468589783,0.01613445393741131
YGR041W,YDR393W,0,-3.4717262,0.8213627934455872,0.7495798468589783,0.016302520409226418
YJR070C,YMR091C,0,-3.4720907,0.8198529481887817,0.7495798468589783,0.016470588743686676
YOL121C,YDR478W,1,-3.476125,0.820183515548706,0.75126051902771,0.016470588743686676
YJR145C,YPL235W,1,-3.4789188,0.8205128312110901,0.7529411911964417,0.016470588743686676
YMR072W,YHR084W,0,-3.4797266,0.8190128207206726,0.7529411911964417,0.016638655215501785
YPR018W,YGR285C,0,-3.4867675,0.8175182342529297,0.7529411911964417,0.016806723549962044
YBR275C,YDL083C,0,-3.487724,0.8160291314125061,0.7529411911964417,0.016974790021777153
YDL175C,YDR165W,0,-3.4890718,0.8145454525947571,0.7529411911964417,0.017142856493592262
YDR021W,YOR287C,1,-3.4942732,0.8148820400238037,0.7546218633651733,0.017142856493592262
YOL043C,YCR072C,0,-3.510717,0.8134058117866516,0.7546218633651733,0.01731092482805252
YBL047C,YNL186W,0,-3.5130718,0.8119348883628845,0.7546218633651733,0.01747899129986763
YHR034C,YGL030W,1,-3.5199819,0.8122743964195251,0.756302535533905,0.01747899129986763
YNL065W,YML132W,0,-3.52118,0.8108108043670654,0.756302535533905,0.01764705963432789
YLR431C,YJL148W,0,-3.5220249,0.8093525171279907,0.756302535533905,0.017815126106142998
YLR059C,YJL148W,0,-3.55202,0.8078994750976562,0.756302535533905,0.017983192577958107
YDR021W,YGL030W,1,-3.5580478,0.8082437515258789,0.7579832077026367,0.017983192577958107
YPL021W,YGR285C,0,-3.5647228,0.8067978620529175,0.7579832077026367,0.018151260912418365
YLR304C,YER001W,0,-3.5700953,0.8053571581840515,0.7579832077026367,0.018319327384233475
YLR205C,YPL106C,0,-3.5737078,0.8039215803146362,0.7579832077026367,0.018487395718693733
YPL082C,YLL011W,1,-3.577727,0.8042704463005066,0.7596638798713684,0.018487395718693733
YJL076W,YDL036C,0,-3.5791101,0.8028419017791748,0.7596638798713684,0.018655462190508842
YOR103C,YHR041C,0,-3.589144,0.8014184236526489,0.7596638798713684,0.01882352866232395
YNR054C,YOR287C,1,-3.6005437,0.8017699122428894,0.7613445520401001,0.01882352866232395
YKL085W,YDR388W,0,-3.6028028,0.8003533482551575,0.7613445520401001,0.01899159699678421
YNL061W,YNL222W,1,-3.6188986,0.8007054924964905,0.7630252242088318,0.01899159699678421
YLR293C,YLR192C,1,-3.6189344,0.8010563254356384,0.7647058963775635,0.01899159699678421
YLR192C,YOL121C,1,-3.6260407,0.8014059662818909,0.7663865685462952,0.01899159699678421
YCR060W,YML097C,0,-3.6291244,0.800000011920929,0.7663865685462952,0.01915966346859932
YPL153C,YOR210W,0,-3.6336997,0.7985989451408386,0.7663865685462952,0.019327731803059578
YLR068W,YHR034C,1,-3.6392038,0.7989510297775269,0.7680672407150269,0.019327731803059578
YNL061W,YJR145C,1,-3.642743,0.7993019223213196,0.7697479128837585,0.019327731803059578
YCL025C,YPR138C,0,-3.6470706,0.7979093790054321,0.7697479128837585,0.019495798274874687
YDR021W,YHR034C,1,-3.6489577,0.7982608675956726,0.7714285850524902,0.019495798274874687
YOR377W,YJL148W,0,-3.6490312,0.796875,0.7714285850524902,0.019663864746689796
YOR249C,YOR172W,0,-3.6571221,0.7954939603805542,0.7714285850524902,0.019831933081150055
YER028C,YMR266W,0,-3.6603506,0.7941176295280457,0.7714285850524902,0.019999999552965164
YDR021W,YPL235W,1,-3.661943,0.7944732308387756,0.7731092572212219,0.019999999552965164
YNL282W,YOL142W,1,-3.6879685,0.7948275804519653,0.7747899293899536,0.019999999552965164
YPR188C,YBR087W,0,-3.6922827,0.7934595346450806,0.7747899293899536,0.020168067887425423
YER114C,YER117W,0,-3.7058716,0.7920961976051331,0.7747899293899536,0.020336134359240532
YDL150W,YCL032W,0,-3.7092447,0.7907375693321228,0.7747899293899536,0.02050420083105564
YPR188C,YIR018W,0,-3.7147753,0.789383590221405,0.7747899293899536,0.0206722691655159
YLR008C,YOR210W,0,-3.714984,0.788034200668335,0.7747899293899536,0.02084033563733101
YDR046C,YNR015W,0,-3.7234695,0.7866894006729126,0.7747899293899536,0.021008403971791267
YBR037C,YDR451C,0,-3.7548187,0.7853492498397827,0.7747899293899536,0.021176470443606377
YPL146C,YJR145C,1,-3.7758157,0.7857142686843872,0.7764706015586853,0.021176470443606377
YKL191W,YJL025W,0,-3.7854536,0.784380316734314,0.7764706015586853,0.021344536915421486
YPL082C,YHR034C,1,-3.7876976,0.7847457528114319,0.778151273727417,0.021344536915421486
YPL082C,YNL222W,1,-3.7902453,0.7851099967956543,0.7798319458961487,0.021344536915421486
YGL238W,YCR084C,0,-3.7920167,0.7837837934494019,0.7798319458961487,0.021512605249881744
YCL014W,YJL026W,0,-3.7930639,0.7824620604515076,0.7798319458961487,0.021680671721696854
YHR099W,YJL139C,0,-3.7933896,0.7811447978019714,0.7798319458961487,0.021848740056157112
YOR098C,YBL105C,0,-3.7942762,0.7798319458961487,0.7798319458961487,0.02201680652797222
YNL068C,YHR194W,0,-3.7955687,0.7785235047340393,0.7798319458961487,0.02218487486243248
YDR165W,YPR036W,0,-3.8028889,0.7772194147109985,0.7798319458961487,0.02235294133424759
YLR192C,YPL235W,1,-3.806148,0.7775919437408447,0.7815126180648804,0.02235294133424759
YGR158C,YNL222W,1,-3.8068326,0.7779632806777954,0.7831932902336121,0.02235294133424759
YOL077W-A,YGL068W,0,-3.8074682,0.7766666412353516,0.7831932902336121,0.0225210078060627
YLR192C,YKL021C,1,-3.8110874,0.7770382761955261,0.7848739624023438,0.0225210078060627
YBR002C,YOR179C,0,-3.8113415,0.775747537612915,0.7848739624023438,0.022689076140522957
YDL143W,YGR155W,0,-3.8148735,0.774461030960083,0.7848739624023438,0.022857142612338066
YOR319W,YIR018W,0,-3.8163154,0.7731788158416748,0.7848739624023438,0.023025210946798325
YNL110C,YJL145W,0,-3.8402379,0.7719008326530457,0.7848739624023438,0.023193277418613434
YDL014W,YOR287C,1,-3.840894,0.7722772359848022,0.7865546345710754,0.023193277418613434
YNL307C,YOL020W,0,-3.8419616,0.7710049152374268,0.7865546345710754,0.023361343890428543
YKL197C,YMR079W,0,-3.8616545,0.7697368264198303,0.7865546345710754,0.0235294122248888
YNR054C,YDR478W,1,-3.8625243,0.7701149582862854,0.7882353067398071,0.0235294122248888
YGL247W,YNL110C,0,-3.8639524,0.7688524723052979,0.7882353067398071,0.02369747869670391
YJL090C,YLR384C,0,-3.8684027,0.7675940990447998,0.7882353067398071,0.02386554703116417
YHR169W,YHR034C,1,-3.8779464,0.7679738402366638,0.7899159789085388,0.02386554703116417
YDR021W,YNL302C,1,-3.8799577,0.7683523893356323,0.7915966510772705,0.02386554703116417
YCR028C,YOL001W,0,-3.8937135,0.767100989818573,0.7915966510772705,0.02403361350297928
YLR384C,YBR275C,0,-3.9050124,0.7658536434173584,0.7915966510772705,0.024201679974794388
YNL027W,YJR070C,0,-3.9144921,0.7646104097366333,0.7915966510772705,0.024369748309254646
YKL205W,YPR032W,0,-3.9146533,0.7633711695671082,0.7915966510772705,0.024537814781069756
YGL078C,YDR478W,1,-3.928116,0.7637540698051453,0.7932773232460022,0.024537814781069756
YPR188C,YKL212W,0,-3.935155,0.7625201940536499,0.7932773232460022,0.024705883115530014
YGL030W,YOL142W,1,-3.9378533,0.7629032135009766,0.7949579954147339,0.024705883115530014
YER114C,YJL111W,0,-3.9427497,0.761674702167511,0.7949579954147339,0.024873949587345123
YJR070C,YAL009W,0,-3.9488251,0.7604501843452454,0.7949579954147339,0.025042016059160233
YCR009C,YHR181W,0,-3.9527469,0.7592295408248901,0.7949579954147339,0.02521008439362049
YKL139W,YGR129W,0,-3.9557385,0.7580128312110901,0.7949579954147339,0.0253781508654356
YKL021C,YDR478W,1,-3.9622357,0.758400022983551,0.7966386675834656,0.0253781508654356
YDR398W,YOR287C,1,-3.969806,0.7587859630584717,0.7983193397521973,0.0253781508654356
YER073W,YOL126C,0,-3.9731553,0.7575757503509521,0.7983193397521973,0.02554621919989586
YPL146C,YHR034C,1,-3.9761002,0.7579618096351624,0.800000011920929,0.02554621919989586
YGL195W,YDR086C,0,-3.9767137,0.7567567825317383,0.800000011920929,0.025714285671710968
YCL025C,YGL037C,0,-3.9821422,0.7555555701255798,0.800000011920929,0.025882352143526077
YDR087C,YOR287C,1,-3.982183,0.7559429407119751,0.8016806840896606,0.025882352143526077
YHR193C,YIL008W,0,-3.9862242,0.7547468543052673,0.8016806840896606,0.026050420477986336
YGL247W,YPR188C,0,-3.9966214,0.7535545229911804,0.8016806840896606,0.026218486949801445
YMR138W,YGL195W,0,-3.9989412,0.7523659467697144,0.8016806840896606,0.026386555284261703
YBR267W,YOR346W,0,-4.007494,0.7511811256408691,0.8016806840896606,0.026554621756076813
YBR185C,YLR008C,0,-4.012469,0.75,0.8016806840896606,0.026722688227891922
YJR145C,YNL222W,1,-4.012485,0.7503924369812012,0.8033613562583923,0.026722688227891922
YGL078C,YOR287C,1,-4.0183687,0.7507836818695068,0.805042028427124,0.026722688227891922
YBL026W,YPL210C,0,-4.0299416,0.7496087551116943,0.805042028427124,0.02689075656235218
YDL197C,YBR155W,0,-4.0303864,0.7484375238418579,0.805042028427124,0.02705882303416729
YBR066C,YER003C,0,-4.032104,0.747269868850708,0.805042028427124,0.027226891368627548
YNL068C,YGL122C,0,-4.0329027,0.7461059093475342,0.805042028427124,0.027394957840442657
YOR217W,YOR340C,0,-4.036217,0.7449455857276917,0.805042028427124,0.027563024312257767
YML132W,YPL258C,0,-4.0425124,0.7437888383865356,0.805042028427124,0.027731092646718025
YOR099W,YOL001W,0,-4.0451937,0.7426356673240662,0.805042028427124,0.027899159118533134
YKL080W,YOR064C,0,-4.0499153,0.7414860725402832,0.805042028427124,0.028067227452993393
YDR331W,YER165W,0,-4.0544887,0.7403400540351868,0.805042028427124,0.028235293924808502
YLR192C,YNL222W,1,-4.0600505,0.7407407164573669,0.8067227005958557,0.028235293924808502
YHR194W,YNL241C,0,-4.073667,0.7395994067192078,0.8067227005958557,0.02840336225926876
YHR034C,YNL302C,1,-4.0771127,0.7400000095367432,0.8084033727645874,0.02840336225926876
YGL247W,YMR011W,0,-4.079731,0.7388632893562317,0.8084033727645874,0.02857142873108387
YBR267W,YKL042W,0,-4.0797915,0.737730085849762,0.8084033727645874,0.02873949520289898
YGR158C,YOR287C,1,-4.0887885,0.7381317019462585,0.8100840449333191,0.02873949520289898
YLR133W,YOR210W,0,-4.0888996,0.7370030283927917,0.8100840449333191,0.028907563537359238
YDR481C,YJL148W,0,-4.092224,0.7358778715133667,0.8100840449333191,0.029075630009174347
YPR025C,YGR211W,0,-4.0937023,0.7347561120986938,0.8100840449333191,0.029243698343634605
YOL043C,YPL253C,0,-4.101367,0.7336377501487732,0.8100840449333191,0.029411764815449715
YPL211W,YOR287C,1,-4.1023865,0.7340425252914429,0.8117647171020508,0.029411764815449715
YOL121C,YOR287C,1,-4.106374,0.734446108341217,0.8134453892707825,0.029411764815449715
YGL078C,YNL222W,1,-4.108512,0.7348484992980957,0.8151260614395142,0.029411764815449715
YLR242C,YOR241W,0,-4.1103396,0.7337367534637451,0.8151260614395142,0.029579831287264824
YBL016W,YKL205W,0,-4.1202555,0.7326284050941467,0.8151260614395142,0.029747899621725082
YHR203C,YKL056C,0,-4.1232615,0.7315233945846558,0.8151260614395142,0.02991596609354019
YKR076W,YGR229C,0,-4.1242585,0.7304216623306274,0.8151260614395142,0.03008403442800045
YGL030W,YOR287C,1,-4.1257534,0.7308270931243896,0.8168067336082458,0.03008403442800045
YDR289C,YDR363W-A,0,-4.1265335,0.7297297120094299,0.8168067336082458,0.03025210089981556
YKR095W,YNL110C,0,-4.129206,0.7286356687545776,0.8168067336082458,0.03042016737163067
YOR307C,YLR425W,0,-4.1334085,0.727544903755188,0.8168067336082458,0.030588235706090927
YHR193C,YOR241W,0,-4.141931,0.726457417011261,0.8168067336082458,0.030756302177906036
YBR068C,YER019W,0,-4.1458387,0.7253731489181519,0.8168067336082458,0.030924370512366295
YJL148W,YCR042C,0,-4.148855,0.7242920994758606,0.8168067336082458,0.031092436984181404
YHR039C,YDL098C,0,-4.1667504,0.7232142686843872,0.8168067336082458,0.03126050531864166
YDR432W,YAL032C,0,-4.168803,0.7221396565437317,0.8168067336082458,0.03142857179045677
YNL222W,YDR398W,1,-4.171201,0.7225519418716431,0.8184874057769775,0.03142857179045677
YER028C,YDR207C,0,-4.172175,0.7214815020561218,0.8184874057769775,0.03159663826227188
YIL131C,YDL019C,0,-4.1756954,0.7204142212867737,0.8184874057769775,0.03176470473408699
YDR478W,YCL054W,1,-4.1765375,0.7208271622657776,0.8201680779457092,0.03176470473408699
YEL027W,YML073C,0,-4.1802955,0.719763994216919,0.8201680779457092,0.0319327749311924
YDR174W,YOR319W,0,-4.1875877,0.7187039852142334,0.8201680779457092,0.03210084140300751
YEL037C,YKR079C,0,-4.1886587,0.7176470756530762,0.8201680779457092,0.03226890787482262
YDR309C,YPL269W,0,-4.1941314,0.7165932655334473,0.8201680779457092,0.032436974346637726
YNL282W,YOR287C,1,-4.195837,0.7170087695121765,0.8218487501144409,0.032436974346637726
YGR262C,YJL148W,0,-4.1963987,0.7159590125083923,0.8218487501144409,0.032605040818452835
YHR174W,YPL190C,0,-4.2016096,0.7149122953414917,0.8218487501144409,0.03277311101555824
YLR335W,YDR372C,0,-4.2133822,0.7138686180114746,0.8218487501144409,0.03294117748737335
YKL139W,YPR052C,0,-4.216455,0.7128279805183411,0.8218487501144409,0.03310924395918846
YER035W,YBR192W,0,-4.2181745,0.7117903828620911,0.8218487501144409,0.03327731043100357
YNR006W,YDL235C,0,-4.222463,0.7107558250427246,0.8218487501144409,0.03344537690281868
YPL208W,YDR165W,0,-4.222664,0.7097242474555969,0.8218487501144409,0.03361344709992409
YHR175W,YJL183W,0,-4.2231584,0.708695650100708,0.8218487501144409,0.0337815135717392
YBL093C,YGR285C,0,-4.2241697,0.7076700329780579,0.8218487501144409,0.033949580043554306
YDL087C,YOR206W,0,-4.2272606,0.7066473960876465,0.8218487501144409,0.034117646515369415
YOL117W,YKL212W,0,-4.229083,0.7056276798248291,0.8218487501144409,0.034285712987184525
YNL065W,YDL042C,0,-4.2307878,0.7046109437942505,0.8218487501144409,0.03445378318428993
YDR174W,YOR272W,0,-4.230945,0.7035971283912659,0.8218487501144409,0.03462184965610504
YER028C,YHR099W,0,-4.2314687,0.7025862336158752,0.8218487501144409,0.03478991612792015
YPR082C,YIL061C,0,-4.2319837,0.7015781998634338,0.8218487501144409,0.03495798259973526
YLR127C,YOR209C,0,-4.233812,0.7005730867385864,0.8218487501144409,0.03512604907155037
YPL242C,YJR070C,0,-4.2358003,0.6995708346366882,0.8218487501144409,0.03529411926865578
YLR293C,YJL010C,1,-4.2378592,0.699999988079071,0.8235294222831726,0.03529411926865578
YNL302C,YPL235W,1,-4.243571,0.7004279494285583,0.8252100944519043,0.03529411926865578
YCR038C,YLR335W,0,-4.245714,0.6994302272796631,0.8252100944519043,0.035462185740470886
YER003C,YBR087W,0,-4.24734,0.6984353065490723,0.8252100944519043,0.035630252212285995
YPL146C,YNL222W,1,-4.254357,0.6988636255264282,0.826890766620636,0.035630252212285995
YHR005C,YJL165C,0,-4.262901,0.6978723406791687,0.826890766620636,0.035798318684101105
YNL311C,YKR079C,0,-4.264153,0.6968838572502136,0.826890766620636,0.035966385155916214
YOR239W,YKR038C,0,-4.264727,0.695898175239563,0.826890766620636,0.03613445535302162
YOL002C,YJL108C,0,-4.271715,0.694915235042572,0.826890766620636,0.03630252182483673
YPL211W,YNL222W,1,-4.2789993,0.6953455805778503,0.8285714387893677,0.03630252182483673
YDL150W,YGR129W,0,-4.2826147,0.6943662166595459,0.8285714387893677,0.03647058829665184
YNR075W,YLR195C,0,-4.284633,0.6933895945549011,0.8285714387893677,0.03663865476846695
YLR048W,YGR063C,0,-4.2849307,0.692415714263916,0.8285714387893677,0.03680672124028206
YIL117C,YBR162C,0,-4.2885056,0.6914445757865906,0.8285714387893677,0.036974791437387466
YCL014W,YOR272W,0,-4.291847,0.6904761791229248,0.8285714387893677,0.037142857909202576
YPR188C,YER117W,0,-4.292394,0.6895104646682739,0.8285714387893677,0.037310924381017685
YGR155W,YPR188C,0,-4.298013,0.6885474920272827,0.8285714387893677,0.037478990852832794
YOR319W,YDR310C,0,-4.3055997,0.6875871419906616,0.8285714387893677,0.0376470573246479
YGR230W,YLR215C,0,-4.3057714,0.6866295337677002,0.8285714387893677,0.03781512752175331
YML080W,YKL165C,0,-4.3089304,0.6856745481491089,0.8285714387893677,0.03798319399356842
YDR021W,YJR145C,1,-4.3138213,0.6861110925674438,0.8302521109580994,0.03798319399356842
YMR225C,YML055W,0,-4.315047,0.6851595044136047,0.8302521109580994,0.03815126046538353
YNL164C,YEL051W,0,-4.31514,0.6842105388641357,0.8302521109580994,0.03831932693719864
YGR155W,YMR076C,0,-4.315864,0.6832641959190369,0.8302521109580994,0.03848739340901375
YOR239W,YLL019C,0,-4.316626,0.6823204159736633,0.8302521109580994,0.038655463606119156
YOR260W,YBR066C,0,-4.317328,0.6813793182373047,0.8302521109580994,0.038823530077934265
YBR155W,YML049C,0,-4.3202157,0.6804407835006714,0.8302521109580994,0.038991596549749374
YLR008C,YGR033C,0,-4.323849,0.6795048117637634,0.8302521109580994,0.039159663021564484
YFR053C,YGR132C,0,-4.327042,0.6785714030265808,0.8302521109580994,0.03932772949337959
YJL008C,YFR028C,0,-4.333943,0.6776406168937683,0.8302521109580994,0.039495799690485
YPL082C,YDL014W,1,-4.3349032,0.6780821681022644,0.831932783126831,0.039495799690485
YNL061W,YOR287C,1,-4.335834,0.6785225868225098,0.8336134552955627,0.039495799690485
YNL164C,YOL066C,0,-4.346563,0.6775956153869629,0.8336134552955627,0.03966386616230011
YBR089C-A,YDR055W,0,-4.3470654,0.6766712069511414,0.8336134552955627,0.03983193263411522
YPL082C,YNL282W,1,-4.348367,0.6771117448806763,0.8352941274642944,0.03983193263411522
YKL029C,YLR335W,0,-4.3544755,0.6761904954910278,0.8352941274642944,0.03999999910593033
YHR034C,YJR145C,1,-4.361317,0.676630437374115,0.8369747996330261,0.03999999910593033
YDL150W,YKL173W,0,-4.363469,0.6757123470306396,0.8369747996330261,0.04016806557774544
YGR041W,YKL101W,0,-4.370617,0.6747967600822449,0.8369747996330261,0.040336135774850845
YLR335W,YIL053W,0,-4.384375,0.6738836169242859,0.8369747996330261,0.040504202246665955
YGR059W,YDR207C,0,-4.3850865,0.6729729771614075,0.8369747996330261,0.040672268718481064
YOL049W,YJL208C,0,-4.38967,0.6720647811889648,0.8369747996330261,0.04084033519029617
YBR164C,YOL039W,0,-4.3943925,0.671159029006958,0.8369747996330261,0.04100840166211128
YML055W,YOR064C,0,-4.39917,0.670255720615387,0.8369747996330261,0.04117647185921669
YMR011W,YPR018W,0,-4.403579,0.6693548560142517,0.8369747996330261,0.0413445383310318
YJR070C,YDL080C,0,-4.406901,0.6684563755989075,0.8369747996330261,0.04151260480284691
YMR001C,YOR064C,0,-4.411789,0.667560338973999,0.8369747996330261,0.04168067127466202
YJL133W,YDR086C,0,-4.4144216,0.6666666865348816,0.8369747996330261,0.04184873774647713
YIL131C,YBL026W,0,-4.4175763,0.6657754182815552,0.8369747996330261,0.042016807943582535
YLL026W,YOR159C,0,-4.424008,0.6648865342140198,0.8369747996330261,0.042184874415397644
YOL013C,YOR206W,0,-4.4330363,0.6639999747276306,0.8369747996330261,0.04235294088721275
YER089C,YDR165W,0,-4.4469438,0.6631158590316772,0.8369747996330261,0.04252100735902786
YDR195W,YPL234C,0,-4.4488173,0.6622340679168701,0.8369747996330261,0.04268907383084297
YER164W,YDR273W,0,-4.4503713,0.6613546013832092,0.8369747996330261,0.04285714402794838
YIL053W,YFR005C,0,-4.4512267,0.6604774594306946,0.8369747996330261,0.04302521049976349
YDR083W,YOR287C,1,-4.452757,0.6609271764755249,0.8386554718017578,0.04302521049976349
YNR067C,YLL061W,0,-4.4540505,0.6600528955459595,0.8386554718017578,0.0431932769715786
YDR195W,YMR183C,0,-4.4619293,0.6591809988021851,0.8386554718017578,0.04336134344339371
YGL068W,YPR134W,0,-4.4643493,0.6583113670349121,0.8386554718017578,0.043529409915208817
YLR192C,YPL082C,1,-4.4696,0.6587615013122559,0.8403361439704895,0.043529409915208817
YJL021C,YPL110C,0,-4.4706516,0.6578947305679321,0.8403361439704895,0.043697480112314224
YML080W,YBL058W,0,-4.4724264,0.6570302248001099,0.8403361439704895,0.043865546584129333
YKL191W,YCR061W,0,-4.475269,0.6561679840087891,0.8403361439704895,0.04403361305594444
YHR175W,YDR086C,0,-4.481337,0.6553080081939697,0.8403361439704895,0.04420167952775955
YDR021W,YDR478W,1,-4.483097,0.6557591557502747,0.8420168161392212,0.04420167952775955
YNL220W,YGL180W,0,-4.484872,0.6549019813537598,0.8420168161392212,0.04436974972486496
YML080W,YGR054W,0,-4.4849763,0.6540470123291016,0.8420168161392212,0.04453781619668007
YER075C,YDR189W,0,-4.4920616,0.6531942486763,0.8420168161392212,0.04470588266849518
YLL011W,YNL222W,1,-4.4997916,0.6536458134651184,0.8436974883079529,0.04470588266849518
YFR028C,YGL124C,0,-4.500282,0.6527958512306213,0.8436974883079529,0.04487394914031029
YBR256C,YLR010C,0,-4.5107503,0.6519480347633362,0.8436974883079529,0.0450420156121254
YDL230W,YCR084C,0,-4.5158076,0.6511024832725525,0.8436974883079529,0.045210085809230804
YKR055W,YOR272W,0,-4.524715,0.6502590775489807,0.8436974883079529,0.045378152281045914
YGL155W,YDR098C,0,-4.5250993,0.6494178771972656,0.8436974883079529,0.04554621875286102
YBR155W,YMR139W,0,-4.5269113,0.6485788226127625,0.8436974883079529,0.04571428522467613
YNL288W,YOR307C,0,-4.540726,0.6477419137954712,0.8436974883079529,0.04588235169649124
YFR028C,YHR023W,0,-4.5416903,0.6469072103500366,0.8436974883079529,0.04605042189359665
YHR175W,YOL127W,0,-4.54431,0.646074652671814,0.8436974883079529,0.04621848836541176
YDL117W,YJL148W,0,-4.547281,0.6452442407608032,0.8436974883079529,0.04638655483722687
YGL037C,YDL230W,0,-4.5489726,0.6444159150123596,0.8436974883079529,0.04655462130904198
YDL135C,YOR106W,0,-4.5511165,0.6435897350311279,0.8436974883079529,0.046722687780857086
YBL026W,YOR209C,0,-4.551823,0.6427657008171082,0.8436974883079529,0.046890757977962494
YBR164C,YBR283C,0,-4.5519166,0.6419437527656555,0.8436974883079529,0.0470588244497776
YDL013W,YOR307C,0,-4.5585093,0.64112389087677,0.8436974883079529,0.04722689092159271
YOR377W,YJR070C,0,-4.5611224,0.6403061151504517,0.8436974883079529,0.04739495739340782
YER142C,YKL150W,0,-4.5620604,0.6394904255867004,0.8436974883079529,0.04756302386522293
YPL018W,YOR340C,0,-4.562413,0.6386768221855164,0.8436974883079529,0.04773109406232834
YHR200W,YDR165W,0,-4.566471,0.6378653049468994,0.8436974883079529,0.04789916053414345
YNL302C,YOR287C,1,-4.5672565,0.6383248567581177,0.8453781604766846,0.04789916053414345
YBL061C,YPL210C,0,-4.56766,0.6375158429145813,0.8453781604766846,0.04806722700595856
YNL220W,YPR032W,0,-4.5678062,0.6367088556289673,0.8453781604766846,0.048235293477773666
YLL018C-A,YBL093C,0,-4.5723777,0.6359038949012756,0.8453781604766846,0.048403359949588776
YLR192C,YOR287C,1,-4.575935,0.6363636255264282,0.8470588326454163,0.048403359949588776
YOR209C,YDR485C,0,-4.5801187,0.6355611681938171,0.8470588326454163,0.04857143014669418
YLR157C,YLR007W,0,-4.5854416,0.6347606778144836,0.8470588326454163,0.04873949661850929
YPR188C,YHR084W,0,-4.586807,0.6339622735977173,0.8470588326454163,0.0489075630903244
YPL110C,YNL110C,0,-4.5904956,0.6331658363342285,0.8470588326454163,0.04907562956213951
YML073C,YKL086W,0,-4.591548,0.6323713660240173,0.8470588326454163,0.04924369603395462
YDR174W,YJL145W,0,-4.592386,0.6315789222717285,0.8470588326454163,0.04941176623106003
YGR202C,YEL051W,0,-4.592759,0.6307885050773621,0.8470588326454163,0.04957983270287514
YHR169W,YNL222W,1,-4.599755,0.6312500238418579,0.848739504814148,0.04957983270287514
YML023C,YJR045C,0,-4.601693,0.6304619312286377,0.848739504814148,0.04974789917469025
YMR138W,YDL235C,0,-4.604272,0.6296758055686951,0.848739504814148,0.049915965646505356
YNL222W,YML093W,1,-4.6057806,0.6301369667053223,0.8504201769828796,0.049915965646505356
YKL173W,YOL020W,0,-4.609433,0.6293532252311707,0.8504201769828796,0.050084032118320465
YNL020C,YCR060W,0,-4.626855,0.6285714507102966,0.8504201769828796,0.05025210231542587
YDR087C,YNL222W,1,-4.629236,0.6290322542190552,0.8521008491516113,0.05025210231542587
YPR020W,YNL307C,0,-4.630851,0.6282528042793274,0.8521008491516113,0.05042016878724098
YHR005C,YBR087W,0,-4.6323175,0.6274752616882324,0.8521008491516113,0.05058823525905609
YGR063C,YHR167W,0,-4.6339927,0.6266996264457703,0.8521008491516113,0.0507563017308712
YJR150C,YIR041W,0,-4.6341386,0.6259258985519409,0.8521008491516113,0.05092436820268631
YLR110C,YOR319W,0,-4.6343613,0.6251541376113892,0.8521008491516113,0.05109243839979172
YJR092W,YOR272W,0,-4.6350884,0.6243842244148254,0.8521008491516113,0.05126050487160683
YER035W,YCR102C,0,-4.6359067,0.6236162185668945,0.8521008491516113,0.051428571343421936
YCR009C,YJR086W,0,-4.6383834,0.6228501200675964,0.8521008491516113,0.051596637815237045
YNL020C,YGL098W,0,-4.640366,0.6220858693122864,0.8521008491516113,0.051764704287052155
YML132W,YMR250W,0,-4.642968,0.6213235259056091,0.8521008491516113,0.05193277448415756
YBR010W,YKL101W,0,-4.643633,0.6205630302429199,0.8521008491516113,0.05210084095597267
YDR345C,YDR481C,0,-4.6449013,0.6198043823242188,0.8521008491516113,0.05226890742778778
YJR140C,YER169W,0,-4.6465707,0.6190476417541504,0.8521008491516113,0.05243697389960289
YKL122C,YLR417W,0,-4.647202,0.6182926893234253,0.8521008491516113,0.052605040371418
YIL118W,YER031C,0,-4.647878,0.6175395846366882,0.8521008491516113,0.05277311056852341
YMR250W,YIL119C,0,-4.649172,0.6167883276939392,0.8521008491516113,0.052941177040338516
YBR068C,YLR006C,0,-4.6501966,0.6160388588905334,0.8521008491516113,0.053109243512153625
YMR224C,YDL150W,0,-4.6567264,0.6152912378311157,0.8521008491516113,0.053277309983968735
YER068W,YHR073W,0,-4.6592674,0.614545464515686,0.8521008491516113,0.053445376455783844
YER035W,YBR240C,0,-4.668795,0.6138014793395996,0.8521008491516113,0.05361344665288925
YIL118W,YDR393W,0,-4.6697636,0.6130592226982117,0.8521008491516113,0.05378151312470436
YEL027W,YKL195W,0,-4.676911,0.6123188138008118,0.8521008491516113,0.05394957959651947
YKL212W,YIL063C,0,-4.6769547,0.6115801930427551,0.8521008491516113,0.05411764606833458
YCL014W,YGR180C,0,-4.6777387,0.6108433604240417,0.8521008491516113,0.05428571254014969
YGL256W,YML014W,0,-4.678579,0.6101083159446716,0.8521008491516113,0.054453782737255096
YJL006C,YKR095W,0,-4.6825128,0.609375,0.8521008491516113,0.054621849209070206
YLR263W,YIL056W,0,-4.683377,0.6086434721946716,0.8521008491516113,0.054789915680885315
YLR293C,YNL222W,1,-4.6841755,0.6091127395629883,0.853781521320343,0.054789915680885315
YMR142C,YGR285C,0,-4.689279,0.6083832383155823,0.853781521320343,0.054957982152700424
YOR239W,YJL207C,0,-4.6919827,0.6076555252075195,0.853781521320343,0.05512604862451553
YLR110C,YBR162C,0,-4.7060113,0.6069294810295105,0.853781521320343,0.05529411882162094
YOL121C,YNL222W,1,-4.706817,0.6073985695838928,0.8554621934890747,0.05529411882162094
YNL220W,YDR524C,0,-4.710678,0.6066746115684509,0.8554621934890747,0.05546218529343605
YLR192C,YNL282W,1,-4.713973,0.6071428656578064,0.8571428656578064,0.05546218529343605
YLR068W,YOR287C,1,-4.715854,0.6076099872589111,0.8588235378265381,0.05546218529343605
YBR065C,YML012W,0,-4.719911,0.6068883538246155,0.8588235378265381,0.05563025176525116
YBR008C,YKL220C,0,-4.720303,0.6061684489250183,0.8588235378265381,0.05579831823706627
YJL076W,YDL138W,0,-4.720332,0.6054502129554749,0.8588235378265381,0.05596638470888138
YDR122W,YGR211W,0,-4.7233853,0.6047337055206299,0.8588235378265381,0.056134454905986786
YAL043C,YOL020W,0,-4.723396,0.6040189266204834,0.8588235378265381,0.056302521377801895
YDR098C,YPL210C,0,-4.7235,0.6033057570457458,0.8588235378265381,0.056470587849617004
YER088C,YMR296C,0,-4.7252755,0.6025943160057068,0.8588235378265381,0.056638654321432114
YKL112W,YKR038C,0,-4.727234,0.6018845438957214,0.8588235378265381,0.05680672451853752
YPL082C,YOL121C,1,-4.7284856,0.6023529171943665,0.8605042099952698,0.05680672451853752
YPR188C,YGR129W,0,-4.7298937,0.6016451120376587,0.8605042099952698,0.05697479099035263
YPR155C,YCL063W,0,-4.7360277,0.6009389758110046,0.8605042099952698,0.05714285746216774
YOR098C,YOR217W,0,-4.740454,0.6002344489097595,0.8605042099952698,0.05731092393398285
YDR181C,YLR262C,0,-4.7422695,0.5995315909385681,0.8605042099952698,0.05747899040579796
YBL009W,YPL209C,0,-4.7433023,0.5988304018974304,0.8605042099952698,0.057647060602903366
YGR230W,YML080W,0,-4.743389,0.5981308221817017,0.8605042099952698,0.057815127074718475
YLR293C,YDR478W,1,-4.745484,0.5985997915267944,0.8621848821640015,0.057815127074718475
YMR138W,YDR432W,0,-4.746857,0.5979021191596985,0.8621848821640015,0.057983193546533585
YBL047C,YOR210W,0,-4.747561,0.5972060561180115,0.8621848821640015,0.058151260018348694
YLR268W,YFL017W-A,0,-4.7479453,0.5965116024017334,0.8621848821640015,0.0583193264901638
YFL036W,YCR072C,0,-4.748938,0.595818817615509,0.8621848821640015,0.05848739668726921
YHR042W,YOR210W,0,-4.7523937,0.5951275825500488,0.8621848821640015,0.05865546315908432
YML047C,YER075C,0,-4.7552323,0.5944380164146423,0.8621848821640015,0.05882352963089943
YMR092C,YGL175C,0,-4.760847,0.59375,0.8621848821640015,0.05899159610271454
YGR262C,YKL191W,0,-4.760861,0.5930635929107666,0.8621848821640015,0.05915966257452965
YDL003W,YKR059W,0,-4.7630634,0.5923787355422974,0.8621848821640015,0.059327732771635056
YDR231C,YDL230W,0,-4.765513,0.5916954874992371,0.8621848821640015,0.059495799243450165
YNL032W,YEL051W,0,-4.769566,0.5910138487815857,0.8621848821640015,0.059663865715265274
YGL175C,YOL020W,0,-4.771426,0.5903337001800537,0.8621848821640015,0.05983193218708038
YIL112W,YKR038C,0,-4.7743564,0.5896551609039307,0.8621848821640015,0.05999999865889549
YGL171W,YDR478W,1,-4.7745724,0.5901262760162354,0.8638655543327332,0.05999999865889549
YPR104C,YPL146C,1,-4.7756515,0.5905963182449341,0.8655462265014648,0.05999999865889549
YNL127W,YMR296C,0,-4.791374,0.5899198055267334,0.8655462265014648,0.0601680688560009
YDR181C,YPR086W,0,-4.7969127,0.5892448425292969,0.8655462265014648,0.06033613532781601
YNL153C,YHR006W,0,-4.799531,0.5885714292526245,0.8655462265014648,0.06050420179963112
YPR057W,YGR132C,0,-4.800077,0.5878995656967163,0.8655462265014648,0.06067226827144623
YGL142C,YDR345C,0,-4.821897,0.5872291922569275,0.8655462265014648,0.06084033474326134
YBR267W,YKR055W,0,-4.8242116,0.5865603685379028,0.8655462265014648,0.061008404940366745
YEL027W,YML113W,0,-4.8267035,0.5858930349349976,0.8655462265014648,0.061176471412181854
YAL007C,YKL056C,0,-4.831708,0.5852272510528564,0.8655462265014648,0.061344537883996964
YBL026W,YBR087W,0,-4.833354,0.5845630168914795,0.8655462265014648,0.06151260435581207
YKR095W,YER005W,0,-4.8350706,0.5839002132415771,0.8655462265014648,0.06168067082762718
YJR086W,YKR059W,0,-4.837482,0.583238959312439,0.8655462265014648,0.06184874102473259
YDR231C,YKL085W,0,-4.838222,0.5825791954994202,0.8655462265014648,0.0620168074965477
YML049C,YKL056C,0,-4.841382,0.5819209218025208,0.8655462265014648,0.06218487396836281
YNL262W,YOL020W,0,-4.8414016,0.581264078617096,0.8655462265014648,0.06235294044017792
YFL011W,YDR335W,0,-4.8523307,0.5806087851524353,0.8655462265014648,0.06252101063728333
YHR193C,YCL055W,0,-4.8572,0.579954981803894,0.8655462265014648,0.06268907338380814
YGL003C,YGR186W,0,-4.857596,0.5793026089668274,0.8655462265014648,0.06285714358091354
YDR181C,YJL145W,0,-4.8596478,0.5786516666412354,0.8655462265014648,0.06302521377801895
YDR142C,YNL186W,0,-4.86045,0.5780022740364075,0.8655462265014648,0.06319327652454376
YCL014W,YIL128W,0,-4.8647823,0.5773542523384094,0.8655462265014648,0.06336134672164917
YFL025C,YLR034C,0,-4.8657823,0.5767077207565308,0.8655462265014648,0.06352940946817398
YDR013W,YBR183W,0,-4.869017,0.5760626196861267,0.8655462265014648,0.06369747966527939
YLR215C,YML123C,0,-4.872622,0.575419008731842,0.8655462265014648,0.0638655498623848
YNL220W,YLL015W,0,-4.8752036,0.5747767686843872,0.8655462265014648,0.0640336126089096
YGL256W,YPR182W,0,-4.8789444,0.5741360187530518,0.8655462265014648,0.06420168280601501
YHR005C,YIR033W,0,-4.881744,0.5734966397285461,0.8655462265014648,0.06436974555253983
YDR453C,YFR003C,0,-4.8864226,0.5728587508201599,0.8655462265014648,0.06453781574964523
YFL025C,YBR267W,0,-4.8868227,0.5722222328186035,0.8655462265014648,0.06470588594675064
YJR076C,YOR340C,0,-4.8879623,0.5715871453285217,0.8655462265014648,0.06487394869327545
YHR019C,YDL217C,0,-4.888366,0.5709534287452698,0.8655462265014648,0.06504201889038086
YIL128W,YGR186W,0,-4.8909507,0.5703211426734924,0.8655462265014648,0.06521008163690567
YPR104C,YDR083W,1,-4.8918204,0.5707964897155762,0.8672268986701965,0.06521008163690567
YNL302C,YNL222W,1,-4.8928213,0.5712707042694092,0.8689075708389282,0.06521008163690567
YKL122C,YDR485C,0,-4.895705,0.5706402063369751,0.8689075708389282,0.06537815183401108
YLR048W,YIL008W,0,-4.898065,0.5700110197067261,0.8689075708389282,0.06554622203111649
YLR008C,YDL042C,0,-4.898556,0.5693832635879517,0.8689075708389282,0.0657142847776413
YKL042W,YGR211W,0,-4.9074683,0.5687568783760071,0.8689075708389282,0.0658823549747467
YDR524C,YDR310C,0,-4.909366,0.5681318640708923,0.8689075708389282,0.06605041772127151
YLR010C,YKR059W,0,-4.9109716,0.5675082206726074,0.8689075708389282,0.06621848791837692
YMR216C,YHR163W,0,-4.9195156,0.5668859481811523,0.8689075708389282,0.06638655811548233
YOR005C,YGL195W,0,-4.9227,0.5662650465965271,0.8689075708389282,0.06655462086200714
YGL035C,YML047C,0,-4.9245453,0.5656455159187317,0.8689075708389282,0.06672269105911255
YLR192C,YDR478W,1,-4.9270864,0.5661202073097229,0.8705882430076599,0.06672269105911255
YNR002C,YLR008C,0,-4.927571,0.5655021667480469,0.8705882430076599,0.06689075380563736
YML123C,YHR119W,0,-4.9277096,0.5648854970932007,0.8705882430076599,0.06705882400274277
YHR174W,YGL016W,0,-4.9280667,0.5642701387405396,0.8705882430076599,0.06722689419984818
YDL200C,YPR095C,0,-4.931635,0.5636561512947083,0.8705882430076599,0.06739495694637299
YDR163W,YHR193C,0,-4.9414897,0.563043475151062,0.8705882430076599,0.0675630271434784
YMR026C,YCL005W-A,0,-4.9437222,0.5624321103096008,0.8705882430076599,0.0677310898900032
YBR059C,YIL129C,0,-4.944777,0.5618221163749695,0.8705882430076599,0.06789916008710861
YDR040C,YGR239C,0,-4.9464364,0.5612134337425232,0.8705882430076599,0.06806723028421402
YAL042W,YLR467W,0,-4.9467854,0.560606062412262,0.8705882430076599,0.06823529303073883
YML062C,YPL163C,0,-4.9470196,0.5600000023841858,0.8705882430076599,0.06840336322784424
YGL068W,YHR181W,0,-4.9501357,0.5593952536582947,0.8705882430076599,0.06857142597436905
YDR298C,YPL118W,0,-4.9506536,0.5587918162345886,0.8705882430076599,0.06873949617147446
YMR001C,YIL109C,0,-4.9511056,0.5581896305084229,0.8705882430076599,0.06890756636857986
YBR066C,YMR079W,0,-4.952685,0.5575888156890869,0.8705882430076599,0.06907562911510468
YIR033W,YBR066C,0,-4.9563117,0.5569892525672913,0.8705882430076599,0.06924369931221008
YLR192C,YNL302C,1,-4.9616575,0.5574650764465332,0.8722689151763916,0.06924369931221008
YDR331W,YBR024W,0,-4.9666495,0.5568669438362122,0.8722689151763916,0.0694117620587349
YFL025C,YKL079W,0,-4.9718337,0.5562701225280762,0.8722689151763916,0.0695798322558403
YCR038C,YJL048C,0,-4.976868,0.5556744933128357,0.8722689151763916,0.06974790245294571
YER073W,YNL186W,0,-4.977571,0.555080235004425,0.8722689151763916,0.06991596519947052
YOR039W,YDR086C,0,-4.982042,0.5544871687889099,0.8722689151763916,0.07008403539657593
YOL130W,YLR394W,0,-4.989971,0.5538954138755798,0.8722689151763916,0.07025209814310074
YHR169W,YDR478W,1,-4.990578,0.5543709993362427,0.8739495873451233,0.07025209814310074
YJL183W,YJR045C,0,-4.99065,0.5537806153297424,0.8739495873451233,0.07042016834020615
YPR104C,YDR398W,1,-4.9983134,0.5542553067207336,0.875630259513855,0.07042016834020615
YLR219W,YBR267W,0,-5.0004783,0.5536662936210632,0.875630259513855,0.07058823853731155
YMR214W,YDR363W-A,0,-5.0013537,0.5530785322189331,0.875630259513855,0.07075630128383636
YPL242C,YOL020W,0,-5.003188,0.5524920225143433,0.875630259513855,0.07092437148094177
YGL175C,YNL088W,0,-5.0068545,0.5519067645072937,0.875630259513855,0.07109243422746658
YBR155W,YCL004W,0,-5.007255,0.5513227581977844,0.875630259513855,0.07126050442457199
YCR048W,YLR467W,0,-5.007363,0.5507399439811707,0.875630259513855,0.0714285746216774
YIR033W,YHR073W,0,-5.008351,0.5501583814620972,0.875630259513855,0.07159663736820221
YER001W,YPL208W,0,-5.0098863,0.549578070640564,0.875630259513855,0.07176470756530762
YOR079C,YDL079C,0,-5.01164,0.5489989519119263,0.875630259513855,0.07193277031183243
YJL111W,YGL016W,0,-5.0136657,0.5484210252761841,0.875630259513855,0.07210084050893784
YOR217W,YBR058C-A,0,-5.016184,0.5478443503379822,0.875630259513855,0.07226891070604324
YGR261C,YOR209C,0,-5.01708,0.5472689270973206,0.875630259513855,0.07243697345256805
YLR192C,YJR145C,1,-5.017439,0.5477439761161804,0.8773109316825867,0.07243697345256805
YGR063C,YOR212W,0,-5.0191426,0.5471698045730591,0.8773109316825867,0.07260504364967346
YMR041C,YMR270C,0,-5.019526,0.546596884727478,0.8773109316825867,0.07277310639619827
YDR524C,YER073W,0,-5.02147,0.5460250973701477,0.8773109316825867,0.07294117659330368
YOR239W,YBR066C,0,-5.025098,0.5454545617103577,0.8773109316825867,0.07310924679040909
YBL032W,YJL208C,0,-5.029907,0.5448851585388184,0.8773109316825867,0.0732773095369339
YHR005C,YOR159C,0,-5.0361533,0.5443170070648193,0.8773109316825867,0.0734453797340393
YDL080C,YDR372C,0,-5.0378485,0.543749988079071,0.8773109316825867,0.07361344248056412
YPL235W,YOR287C,1,-5.0378923,0.544224739074707,0.8789916038513184,0.07361344248056412
YLL019C,YOL020W,0,-5.0385923,0.5436590313911438,0.8789916038513184,0.07378151267766953
YHR194W,YOL001W,0,-5.0404997,0.5430945158004761,0.8789916038513184,0.07394958287477493
YLR160C,YBL058W,0,-5.04186,0.5425311326980591,0.8789916038513184,0.07411764562129974
YGL195W,YDL042C,0,-5.043505,0.5419689416885376,0.8789916038513184,0.07428571581840515
YML049C,YKR079C,0,-5.048225,0.5414078831672668,0.8789916038513184,0.07445377856492996
YAL054C,YMR250W,0,-5.0514984,0.5408479571342468,0.8789916038513184,0.07462184876203537
YER114C,YLR277C,0,-5.052007,0.5402892827987671,0.8789916038513184,0.07478991895914078
YNR067C,YKL018W,0,-5.0579677,0.5397316813468933,0.8789916038513184,0.07495798170566559
YNR015W,YLR193C,0,-5.058269,0.539175271987915,0.8789916038513184,0.075126051902771
YAR033W,YMR284W,0,-5.0586867,0.5386199951171875,0.8789916038513184,0.0752941146492958
YLR355C,YOR171C,0,-5.060612,0.5380658507347107,0.8789916038513184,0.07546218484640121
YGL016W,YNL307C,0,-5.0611696,0.5375128388404846,0.8789916038513184,0.07563025504350662
YOR377W,YER169W,0,-5.0631127,0.5369609594345093,0.8789916038513184,0.07579831779003143
YBR160W,YDL217C,0,-5.0652795,0.5364102721214294,0.8789916038513184,0.07596638798713684
YML023C,YGR285C,0,-5.069282,0.5358606576919556,0.8789916038513184,0.07613445073366165
YJR145C,YOR287C,1,-5.0727015,0.5363357067108154,0.88067227602005,0.07613445073366165
YBR155W,YJR131W,0,-5.073741,0.5357873439788818,0.88067227602005,0.07630252093076706
YLR195C,YER075C,0,-5.0779204,0.5352400541305542,0.88067227602005,0.07647059112787247
YPR052C,YOR254C,0,-5.078648,0.5346938967704773,0.88067227602005,0.07663865387439728
YDR046C,YKL080W,0,-5.082424,0.5341488122940063,0.88067227602005,0.07680672407150269
YIL142W,YGR229C,0,-5.0828757,0.5336048603057861,0.88067227602005,0.0769747868180275
YDR337W,YJL121C,0,-5.0868955,0.5330620408058167,0.88067227602005,0.0771428570151329
YGL256W,YDL150W,0,-5.0870767,0.5325203537940979,0.88067227602005,0.07731092721223831
YJL065C,YHR203C,0,-5.0880127,0.5319796800613403,0.88067227602005,0.07747898995876312
YBR278W,YKL029C,0,-5.091329,0.5314401388168335,0.88067227602005,0.07764706015586853
YMR298W,YML047C,0,-5.097159,0.5309017300605774,0.88067227602005,0.07781512290239334
YAL044C,YDR451C,0,-5.1017585,0.5303643941879272,0.88067227602005,0.07798319309949875
YDL135C,YIL118W,0,-5.102813,0.5298281311988831,0.88067227602005,0.07815126329660416
YGR284C,YGL068W,0,-5.104679,0.5292929410934448,0.88067227602005,0.07831932604312897
YOR221C,YOL043C,0,-5.10468,0.5287588238716125,0.88067227602005,0.07848739624023438
YNL127W,YBR058C-A,0,-5.1085515,0.5282257795333862,0.88067227602005,0.07865545898675919
YMR012W,YDL145C,0,-5.110918,0.5276938676834106,0.88067227602005,0.0788235291838646
YFL023W,YOR087W,0,-5.1127276,0.5271629691123962,0.88067227602005,0.07899159938097
YDR320C-A,YML113W,0,-5.1150656,0.5266331434249878,0.88067227602005,0.07915966212749481
YFL018C,YER169W,0,-5.1157184,0.5261043906211853,0.88067227602005,0.07932773232460022
YAL042W,YDR498C,0,-5.116512,0.5255767107009888,0.88067227602005,0.07949579507112503
YGR003W,YOR221C,0,-5.1226096,0.5250501036643982,0.88067227602005,0.07966386526823044
YJL021C,YPL190C,0,-5.1229973,0.5245245099067688,0.88067227602005,0.07983193546533585
YDR009W,YDL036C,0,-5.1238165,0.5239999890327454,0.88067227602005,0.07999999821186066
YJL010C,YOR287C,1,-5.1243014,0.5244755148887634,0.8823529481887817,0.07999999821186066
YGL062W,YDR165W,0,-5.125913,0.523952066898346,0.8823529481887817,0.08016806840896606
YKL122C,YHR006W,0,-5.1325617,0.5234296917915344,0.8823529481887817,0.08033613115549088
YOR036W,YBR192W,0,-5.1351924,0.5229083895683289,0.8823529481887817,0.08050420135259628
YDR083W,YNL222W,1,-5.135841,0.5233830809593201,0.8840336203575134,0.08050420135259628
YIL008W,YHL009C,0,-5.136456,0.5228628516197205,0.8840336203575134,0.08067227154970169
YGL171W,YNL222W,1,-5.137098,0.52333664894104,0.8857142925262451,0.08067227154970169
YPL021W,YKL212W,0,-5.1391406,0.5228174328804016,0.8857142925262451,0.0808403342962265
YKL029C,YIL123W,0,-5.1392965,0.5222992897033691,0.8857142925262451,0.08100840449333191
YLR293C,YOR287C,1,-5.141443,0.5227722525596619,0.8873949646949768,0.08100840449333191
YFL003C,YOR344C,0,-5.1453347,0.5222551822662354,0.8873949646949768,0.08117646723985672
YGL004C,YLR346C,0,-5.1465387,0.52173912525177,0.8873949646949768,0.08134453743696213
YMR047C,YDR165W,0,-5.1478744,0.5212240815162659,0.8873949646949768,0.08151260763406754
YOR330C,YDR165W,0,-5.148679,0.5207100510597229,0.8873949646949768,0.08168067038059235
YGR261C,YNL065W,0,-5.1520452,0.5201970338821411,0.8873949646949768,0.08184874057769775
YPR104C,YLL011W,1,-5.1557264,0.5206692814826965,0.8890756368637085,0.08184874057769775
YMR298W,YJL133W,0,-5.156242,0.5201573371887207,0.8890756368637085,0.08201680332422256
YJR091C,YHR099W,0,-5.156295,0.5196463465690613,0.8890756368637085,0.08218487352132797
YKR059W,YDR372C,0,-5.15691,0.5191364288330078,0.8890756368637085,0.08235294371843338
YFL023W,YJL090C,0,-5.156936,0.5186274647712708,0.8890756368637085,0.08252100646495819
YJL108C,YJR086W,0,-5.159715,0.5181195139884949,0.8890756368637085,0.0826890766620636
YLR304C,YLR026C,0,-5.163545,0.5176125168800354,0.8890756368637085,0.08285713940858841
YDR331W,YDR180W,0,-5.1646533,0.5171065330505371,0.8890756368637085,0.08302520960569382
YJL090C,YPR188C,0,-5.1718316,0.5166015625,0.8890756368637085,0.08319327980279922
YGR248W,YEL041W,0,-5.1718354,0.5160975456237793,0.8890756368637085,0.08336134254932404
YAL015C,YDL232W,0,-5.1726875,0.5155945420265198,0.8890756368637085,0.08352941274642944
YBR210W,YLR007W,0,-5.173965,0.5150924921035767,0.8890756368637085,0.08369747549295425
YGR227W,YDR481C,0,-5.174624,0.5145914554595947,0.8890756368637085,0.08386554569005966
YDL142C,YPL239W,0,-5.1785827,0.5140913724899292,0.8890756368637085,0.08403361588716507
YGR229C,YBR162C,0,-5.1791067,0.5135922431945801,0.8890756368637085,0.08420167863368988
YCR107W,YNL220W,0,-5.181107,0.5130940675735474,0.8890756368637085,0.08436974883079529
YNL065W,YNL312W,0,-5.1817,0.5125969052314758,0.8890756368637085,0.0845378115773201
YBR059C,YML120C,0,-5.1817927,0.5121006965637207,0.8890756368637085,0.0847058817744255
YGR230W,YNL210W,0,-5.1819305,0.511605441570282,0.8890756368637085,0.08487395197153091
YPL110C,YDR165W,0,-5.182397,0.5111111402511597,0.8890756368637085,0.08504201471805573
YML080W,YHR042W,0,-5.18461,0.510617733001709,0.8890756368637085,0.08521008491516113
YJL102W,YER001W,0,-5.187157,0.5101253390312195,0.8890756368637085,0.08537814766168594
YIL034C,YOR260W,0,-5.1885147,0.5096338987350464,0.8890756368637085,0.08554621785879135
YLR293C,YPL082C,1,-5.188778,0.5101058483123779,0.8907563090324402,0.08554621785879135
YOR330C,YBR162C,0,-5.189234,0.5096153616905212,0.8907563090324402,0.08571428805589676
YLR215C,YEL027W,0,-5.1920943,0.509125828742981,0.8907563090324402,0.08588235080242157
YIL142W,YFR034C,0,-5.192585,0.5086372494697571,0.8907563090324402,0.08605042099952698
YPR104C,YOR287C,1,-5.1954756,0.5091083645820618,0.8924369812011719,0.08605042099952698
YMR153W,YAL016W,0,-5.195633,0.5086206793785095,0.8924369812011719,0.08621848374605179
YPL208W,YMR142C,0,-5.1964874,0.5081339478492737,0.8924369812011719,0.0863865539431572
YGR227W,YBR192W,0,-5.201445,0.5076481699943542,0.8924369812011719,0.0865546241402626
YPR104C,YCL054W,1,-5.2033076,0.5081184506416321,0.8941176533699036,0.0865546241402626
YDL197C,YDR451C,0,-5.2068763,0.5076335668563843,0.8941176533699036,0.08672268688678741
YKR076W,YOL127W,0,-5.2088714,0.5071496367454529,0.8941176533699036,0.08689075708389282
YHR187W,YAL009W,0,-5.2123446,0.5066666603088379,0.8941176533699036,0.08705881983041763
YMR296C,YKL018W,0,-5.213569,0.5061845779418945,0.8941176533699036,0.08722689002752304
YCR107W,YNL148C,0,-5.2163076,0.5057034492492676,0.8941176533699036,0.08739496022462845
YFR028C,YKL085W,0,-5.217656,0.5052231550216675,0.8941176533699036,0.08756302297115326
YDR397C,YMR091C,0,-5.217998,0.5047438144683838,0.8941176533699036,0.08773109316825867
YHR034C,YOR287C,1,-5.218703,0.5052132606506348,0.8957983255386353,0.08773109316825867
YKL101W,YHR167W,0,-5.219352,0.5047348737716675,0.8957983255386353,0.08789916336536407
YMR079W,YDL128W,0,-5.219536,0.504257321357727,0.8957983255386353,0.08806722611188889
YBR083W,YDR131C,0,-5.21965,0.503780722618103,0.8957983255386353,0.0882352963089943
YPL118W,YIL053W,0,-5.220822,0.5033050179481506,0.8957983255386353,0.0884033590555191
YDL181W,YDL079C,0,-5.2295113,0.5028302073478699,0.8957983255386353,0.08857142925262451
YKL101W,YOR098C,0,-5.230579,0.5023562908172607,0.8957983255386353,0.08873949944972992
YFL025C,YIL128W,0,-5.2322373,0.5018832683563232,0.8957983255386353,0.08890756219625473
YJL203W,YPL239W,0,-5.232429,0.5014110803604126,0.8957983255386353,0.08907563239336014
YML032C,YDL150W,0,-5.235747,0.5009398460388184,0.8957983255386353,0.08924369513988495
YDR335W,YOR272W,0,-5.2364855,0.5004695057868958,0.8957983255386353,0.08941176533699036
YKL150W,YLR346C,0,-5.237296,0.5,0.8957983255386353,0.08957983553409576
YER019W,YIL128W,0,-5.238177,0.4995313882827759,0.8957983255386353,0.08974789828062057
YER028C,YOR098C,0,-5.2408915,0.4990636706352234,0.8957983255386353,0.08991596847772598
YBL009W,YHR200W,0,-5.243748,0.49859681725502014,0.8957983255386353,0.0900840312242508
YER032W,YKR038C,0,-5.246288,0.49813082814216614,0.8957983255386353,0.0902521014213562
YBR132C,YPR154W,0,-5.247645,0.49766573309898376,0.8957983255386353,0.09042017161846161
YDL014W,YJR145C,1,-5.248787,0.4981343150138855,0.8974789977073669,0.09042017161846161
YMR296C,YOR322C,0,-5.2489038,0.49767008423805237,0.8974789977073669,0.09058823436498642
YBR160W,YBR218C,0,-5.2499146,0.4972067177295685,0.8974789977073669,0.09075630456209183
YMR298W,YDR397C,0,-5.251707,0.49674418568611145,0.8974789977073669,0.09092436730861664
YLR133W,YFR053C,0,-5.252504,0.49628251791000366,0.8974789977073669,0.09109243750572205
YML123C,YBL102W,0,-5.2535076,0.4958217144012451,0.8974789977073669,0.09126050770282745
YIR041W,YBR162C,0,-5.2548556,0.4953617751598358,0.8974789977073669,0.09142857044935226
YKL191W,YDR432W,0,-5.2562666,0.49490270018577576,0.8974789977073669,0.09159664064645767
YKL016C,YDR331W,0,-5.257096,0.49444442987442017,0.8974789977073669,0.09176470339298248
YER044C,YML073C,0,-5.2602715,0.4939870536327362,0.8974789977073669,0.09193277359008789
YOR217W,YMR142C,0,-5.266948,0.4935305118560791,0.8974789977073669,0.0921008437871933
YDR524C,YOR241W,0,-5.2674327,0.49307480454444885,0.8974789977073669,0.09226890653371811
YOL126C,YER072W,0,-5.268744,0.49261993169784546,0.8974789977073669,0.09243697673082352
YOL130W,YNL307C,0,-5.2768836,0.4921658933162689,0.8974789977073669,0.09260503947734833
YOR103C,YKR086W,0,-5.2870755,0.4917127192020416,0.8974789977073669,0.09277310967445374
YER001W,YGR063C,0,-5.2876434,0.4912603497505188,0.8974789977073669,0.09294117987155914
YGL068W,YDR075W,0,-5.292152,0.4908088147640228,0.8974789977073669,0.09310924261808395
YOR034C,YKL205W,0,-5.2928753,0.4903581142425537,0.8974789977073669,0.09327731281518936
YDL175C,YFR031C,0,-5.2938676,0.48990824818611145,0.8974789977073669,0.09344537556171417
YKL208W,YDL235C,0,-5.294425,0.48945921659469604,0.8974789977073669,0.09361344575881958
YPR165W,YJL121C,0,-5.297626,0.4890109896659851,0.8974789977073669,0.09378151595592499
YNL280C,YGL016W,0,-5.2985544,0.488563597202301,0.8974789977073669,0.0939495787024498
YGR229C,YCR084C,0,-5.2988935,0.4881170094013214,0.8974789977073669,0.0941176488995552
YPL060W,YJL148W,0,-5.299481,0.48767122626304626,0.8974789977073669,0.09428571164608002
YJR092W,YNL268W,0,-5.300984,0.487226277589798,0.8974789977073669,0.09445378184318542
YKL212W,YFR031C,0,-5.3033385,0.48678213357925415,0.8974789977073669,0.09462185204029083
YPL265W,YPR018W,0,-5.304927,0.4863387942314148,0.8974789977073669,0.09478991478681564
YPL100W,YER165W,0,-5.3064814,0.4858962595462799,0.8974789977073669,0.09495798498392105
YOR180C,YCR042C,0,-5.307426,0.4854545593261719,0.8974789977073669,0.09512604773044586
YDR481C,YKL122C,0,-5.3104396,0.4850136339664459,0.8974789977073669,0.09529411792755127
YPR052C,YMR183C,0,-5.3114476,0.48457351326942444,0.8974789977073669,0.09546218812465668
YKR008W,YJL145W,0,-5.3129773,0.48413416743278503,0.8974789977073669,0.09563025087118149
YGL078C,YPR104C,1,-5.3187017,0.4846014380455017,0.8991596698760986,0.09563025087118149
YOL077W-A,YFR030W,0,-5.321713,0.4841628968715668,0.8991596698760986,0.0957983210682869
YER088C,YJR086W,0,-5.321907,0.4837251305580139,0.8991596698760986,0.0959663838148117
YIL142W,YGR024C,0,-5.3246627,0.4832881689071655,0.8991596698760986,0.09613445401191711
YKL195W,YGR211W,0,-5.3260355,0.4828519821166992,0.8991596698760986,0.09630252420902252
YCL043C,YHR016C,0,-5.3289437,0.4824165999889374,0.8991596698760986,0.09647058695554733
YJL111W,YML113W,0,-5.329779,0.4819819927215576,0.8991596698760986,0.09663865715265274
YMR153W,YML015C,0,-5.3310823,0.48154816031455994,0.8991596698760986,0.09680671989917755
YIL034C,YGR285C,0,-5.333277,0.48111510276794434,0.8991596698760986,0.09697479009628296
YNL068C,YMR175W,0,-5.334115,0.4806828498840332,0.8991596698760986,0.09714286029338837
YML047C,YJL148W,0,-5.3353887,0.48025134205818176,0.8991596698760986,0.09731092303991318
YNL167C,YNL186W,0,-5.3388734,0.4798206388950348,0.8991596698760986,0.09747899323701859
YBR145W,YNL167C,0,-5.34254,0.4793906807899475,0.8991596698760986,0.0976470559835434
YEL051W,YIR018W,0,-5.3425813,0.4789614975452423,0.8991596698760986,0.0978151261806488
YLR068W,YNL222W,1,-5.3430247,0.4794275462627411,0.9008403420448303,0.0978151261806488
YDR174W,YJL133W,0,-5.343931,0.4789991080760956,0.9008403420448303,0.09798319637775421
YJL208C,YDR059C,0,-5.34683,0.47857141494750977,0.9008403420448303,0.09815125912427902
YNR002C,YLR259C,0,-5.34855,0.4781445264816284,0.9008403420448303,0.09831932932138443
YBL080C,YDR086C,0,-5.3494806,0.4777183532714844,0.9008403420448303,0.09848739206790924
YML123C,YPL192C,0,-5.3499475,0.4772929549217224,0.9008403420448303,0.09865546226501465
YGL092W,YDL042C,0,-5.3503757,0.47686833143234253,0.9008403420448303,0.09882353246212006
YJL208C,YIL061C,0,-5.3504357,0.47644445300102234,0.9008403420448303,0.09899159520864487
YDR397C,YCR042C,0,-5.351357,0.47602131962776184,0.9008403420448303,0.09915966540575027
YMR142C,YGR129W,0,-5.353399,0.47559893131256104,0.9008403420448303,0.09932772815227509
YMR011W,YDR498C,0,-5.356502,0.4751773178577423,0.9008403420448303,0.0994957983493805
YLR335W,YKL042W,0,-5.3571763,0.4747564196586609,0.9008403420448303,0.0996638685464859
YMR296C,YBR186W,0,-5.3577533,0.47433629631996155,0.9008403420448303,0.09983193129301071
YML023C,YPL171C,0,-5.358408,0.4739168882369995,0.9008403420448303,0.10000000149011612
YFR034C,YOL038W,0,-5.360411,0.47349822521209717,0.9008403420448303,0.10016806423664093
YLR160C,YPL059W,0,-5.3625216,0.4730803072452545,0.9008403420448303,0.10033613443374634
YNL147W,YGR129W,0,-5.363751,0.47266313433647156,0.9008403420448303,0.10050420463085175
YDR397C,YLR147C,0,-5.3708982,0.4722467064857483,0.9008403420448303,0.10067226737737656
YGR041W,YLR394W,0,-5.376682,0.47183099389076233,0.9008403420448303,0.10084033757448196
YJR139C,YGL062W,0,-5.378964,0.47141599655151367,0.9008403420448303,0.10100840032100677
YER032W,YLR467W,0,-5.381269,0.4710017442703247,0.9008403420448303,0.10117647051811218
YBR295W,YNL044W,0,-5.3855395,0.47058823704719543,0.9008403420448303,0.10134454071521759
YJR074W,YDR081C,0,-5.3896747,0.47017544507980347,0.9008403420448303,0.1015126034617424
YER164W,YOR346W,0,-5.391127,0.4697633683681488,0.9008403420448303,0.10168067365884781
YNL282W,YPL235W,1,-5.3934665,0.4702276587486267,0.902521014213562,0.10168067365884781
YML058W-A,YML047C,0,-5.3963003,0.46981626749038696,0.902521014213562,0.10184873640537262
YFR029W,YOR230W,0,-5.397574,0.4694055914878845,0.902521014213562,0.10201680660247803
YOR307C,YDR425W,0,-5.3983264,0.4689956307411194,0.902521014213562,0.10218487679958344
YMR109W,YMR266W,0,-5.402456,0.46858638525009155,0.902521014213562,0.10235293954610825
YHR171W,YGL008C,0,-5.405047,0.468177855014801,0.902521014213562,0.10252100974321365
YPL021W,YKL079W,0,-5.412433,0.4677700400352478,0.902521014213562,0.10268907248973846
YOL039W,YDL042C,0,-5.4134536,0.4673629105091095,0.902521014213562,0.10285714268684387
YAL007C,YML014W,0,-5.413558,0.4669565260410309,0.902521014213562,0.10302521288394928
YJL076W,YKR055W,0,-5.4146748,0.4665508270263672,0.902521014213562,0.10319327563047409
YJL090C,YDL003W,0,-5.4149485,0.4661458432674408,0.902521014213562,0.1033613458275795
YMR012W,YDR086C,0,-5.415061,0.4657415449619293,0.902521014213562,0.10352940857410431
YEL027W,YNL280C,0,-5.415191,0.46533796191215515,0.902521014213562,0.10369747877120972
YHR023W,YIL008W,0,-5.4159994,0.4649350643157959,0.902521014213562,0.10386554896831512
YDL088C,YDL126C,0,-5.4182262,0.46453288197517395,0.902521014213562,0.10403361171483994
YGR186W,YGR024C,0,-5.4186726,0.4641313850879669,0.902521014213562,0.10420168191194534
YEL027W,YHR203C,0,-5.420958,0.4637305736541748,0.902521014213562,0.10436974465847015
YPL209C,YGR192C,0,-5.4211125,0.4633304476737976,0.902521014213562,0.10453781485557556
YKL025C,YGL229C,0,-5.4211555,0.4629310369491577,0.902521014213562,0.10470588505268097
YGL155W,YPL242C,0,-5.4277873,0.46253231167793274,0.902521014213562,0.10487394779920578
YBR089C-A,YMR270C,0,-5.42918,0.4621342420578003,0.902521014213562,0.10504201799631119
YLR160C,YPR082C,0,-5.4295716,0.46173688769340515,0.902521014213562,0.105210080742836
YMR109W,YDL036C,0,-5.430964,0.4613402187824249,0.902521014213562,0.1053781509399414
YNL164C,YER001W,0,-5.4373746,0.46094420552253723,0.902521014213562,0.10554622113704681
YPR104C,YOL121C,1,-5.441768,0.46140652894973755,0.9042016863822937,0.10554622113704681
YMR012W,YNL131W,0,-5.4419174,0.46101114153862,0.9042016863822937,0.10571428388357162
YGL180W,YOR241W,0,-5.4442286,0.46061643958091736,0.9042016863822937,0.10588235408067703
YDR231C,YOL020W,0,-5.444824,0.46022242307662964,0.9042016863822937,0.10605041682720184
YER165W,YPL239W,0,-5.4449825,0.45982906222343445,0.9042016863822937,0.10621848702430725
YOR148C,YCR042C,0,-5.445439,0.4594363868236542,0.9042016863822937,0.10638655722141266
YMR076C,YGR229C,0,-5.445714,0.45904436707496643,0.9042016863822937,0.10655461996793747
YLR335W,YNL070W,0,-5.446073,0.4586530327796936,0.9042016863822937,0.10672269016504288
YNL068C,YLR006C,0,-5.4484243,0.4582623541355133,0.9042016863822937,0.10689075291156769
YNL136W,YKL088W,0,-5.448932,0.45787233114242554,0.9042016863822937,0.1070588231086731
YGL256W,YOR099W,0,-5.4505105,0.4574829936027527,0.9042016863822937,0.1072268933057785
YJL026W,YDL140C,0,-5.4530683,0.45709431171417236,0.9042016863822937,0.10739495605230331
YNL220W,YOL105C,0,-5.4625463,0.45670628547668457,0.9042016863822937,0.10756302624940872
YLL018C-A,YKR038C,0,-5.463676,0.4563189148902893,0.9042016863822937,0.10773108899593353
YOR005C,YER070W,0,-5.464185,0.4559321999549866,0.9042016863822937,0.10789915919303894
YBR172C,YLR417W,0,-5.4657264,0.45554614067077637,0.9042016863822937,0.10806722939014435
YBR275C,YLR425W,0,-5.4679213,0.4551607370376587,0.9042016863822937,0.10823529213666916
YOR241W,YHR041C,0,-5.469455,0.45477598905563354,0.9042016863822937,0.10840336233377457
YLR195C,YBR083W,0,-5.470227,0.4543918967247009,0.9042016863822937,0.10857142508029938
YFR030W,YIL123W,0,-5.4719067,0.45400843024253845,0.9042016863822937,0.10873949527740479
YAL043C,YKL080W,0,-5.472218,0.4536256194114685,0.9042016863822937,0.10890756547451019
YJR139C,YKL093W,0,-5.4744086,0.4532434642314911,0.9042016863822937,0.109075628221035
YDR335W,YJR027W,0,-5.4851294,0.4528619647026062,0.9042016863822937,0.10924369841814041
YFR024C,YGR258C,0,-5.4869685,0.45248109102249146,0.9042016863822937,0.10941176116466522
YOR098C,YAL016W,0,-5.48824,0.45210084319114685,0.9042016863822937,0.10957983136177063
YLR160C,YKR079C,0,-5.488728,0.4517212510108948,0.9042016863822937,0.10974790155887604
YCL027W,YKR059W,0,-5.488788,0.45134228467941284,0.9042016863822937,0.10991596430540085
YML132W,YHR019C,0,-5.4936576,0.45096394419670105,0.9042016863822937,0.11008403450250626
YPL208W,YGR248W,0,-5.4946876,0.4505862593650818,0.9042016863822937,0.11025209724903107
YOR249C,YGR285C,0,-5.503919,0.45020920038223267,0.9042016863822937,0.11042016744613647
YOL049W,YKL212W,0,-5.503984,0.4498327672481537,0.9042016863822937,0.11058823764324188
YGL035C,YDL042C,0,-5.5053153,0.44945698976516724,0.9042016863822937,0.1107563003897667
YHR175W,YML113W,0,-5.510513,0.44908180832862854,0.9042016863822937,0.1109243705868721
YHR160C,YBL058W,0,-5.5133405,0.44870725274086,0.9042016863822937,0.11109243333339691
YJL133W,YBR240C,0,-5.5168786,0.4483333230018616,0.9042016863822937,0.11126050353050232
YDL029W,YAR009C,0,-5.522439,0.4479600191116333,0.9042016863822937,0.11142857372760773
YGR186W,YJR027W,0,-5.522541,0.44758734107017517,0.9042016863822937,0.11159663647413254
YDL019C,YBR186W,0,-5.5230784,0.4472152888774872,0.9042016863822937,0.11176470667123795
YJR093C,YDR372C,0,-5.5238795,0.44684386253356934,0.9042016863822937,0.11193276941776276
YER035W,YGR258C,0,-5.5268445,0.44647303223609924,0.9042016863822937,0.11210083961486816
YNL220W,YNL110C,0,-5.5271726,0.4461028277873993,0.9042016863822937,0.11226890981197357
YKL160W,YDR308C,0,-5.535173,0.4457332193851471,0.9042016863822937,0.11243697255849838
YOL133W,YOL039W,0,-5.537451,0.44536423683166504,0.9042016863822937,0.11260504275560379
YFR053C,YEL041W,0,-5.539311,0.44499585032463074,0.9042016863822937,0.1127731129527092
YGL238W,YKL191W,0,-5.539373,0.4446280896663666,0.9042016863822937,0.11294117569923401
YAL022C,YPR036W,0,-5.542022,0.44426095485687256,0.9042016863822937,0.11310924589633942
YGL155W,YCL026C-A,0,-5.5459294,0.4438943862915039,0.9042016863822937,0.11327730864286423
YHR061C,YML123C,0,-5.5491757,0.4435284435749054,0.9042016863822937,0.11344537883996964
YDR081C,YJL139C,0,-5.550413,0.44316309690475464,0.9042016863822937,0.11361344903707504
YMR119W,YBR256C,0,-5.551673,0.44279834628105164,0.9042016863822937,0.11378151178359985
YNL068C,YPL110C,0,-5.5524945,0.4424342215061188,0.9042016863822937,0.11394958198070526
YOR039W,YCL063W,0,-5.5547214,0.4420706629753113,0.9042016863822937,0.11411764472723007
YOL077W-A,YGR222W,0,-5.555213,0.4417077302932739,0.9042016863822937,0.11428571492433548
YDL154W,YOL020W,0,-5.5624733,0.44134536385536194,0.9042016863822937,0.11445378512144089
YOR031W,YFL003C,0,-5.563892,0.4409835934638977,0.9042016863822937,0.1146218478679657
YDL181W,YHR119W,0,-5.5658126,0.4406224489212036,0.9042016863822937,0.1147899180650711
YGR132C,YAR008W,0,-5.5668106,0.4402618706226349,0.9042016863822937,0.11495798081159592
YDR040C,YPL192C,0,-5.5693765,0.4399018883705139,0.9042016863822937,0.11512605100870132
YHR016C,YOR088W,0,-5.5783243,0.4395424723625183,0.9042016863822937,0.11529412120580673
YAL054C,YGL068W,0,-5.5783877,0.43918368220329285,0.9042016863822937,0.11546218395233154
YDR309C,YOR322C,0,-5.5798745,0.43882545828819275,0.9042016863822937,0.11563025414943695
YCL014W,YER031C,0,-5.5814886,0.438467800617218,0.9042016863822937,0.11579831689596176
YER165W,YJR010C-A,0,-5.5819135,0.43811073899269104,0.9042016863822937,0.11596638709306717
YDR309C,YBR010W,0,-5.5828137,0.4377542734146118,0.9042016863822937,0.11613445729017258
YPR020W,YHR175W,0,-5.584637,0.43739837408065796,0.9042016863822937,0.11630252003669739
YJL148W,YDR308C,0,-5.585837,0.43704304099082947,0.9042016863822937,0.1164705902338028
YDL029W,YGL004C,0,-5.587371,0.43668830394744873,0.9042016863822937,0.1166386529803276
YML047C,YJR110W,0,-5.5889535,0.43633413314819336,0.9042016863822937,0.11680672317743301
YNL065W,YMR298W,0,-5.589601,0.43598055839538574,0.9042016863822937,0.11697479337453842
YML008C,YLR277C,0,-5.5905614,0.4356275200843811,0.9042016863822937,0.11714285612106323
YPL082C,YJR145C,1,-5.592647,0.43608415126800537,0.9058823585510254,0.11714285612106323
YKR002W,YPL253C,0,-5.5926695,0.4357316195964813,0.9058823585510254,0.11731092631816864
YOR217W,YKL122C,0,-5.5958266,0.43537965416908264,0.9058823585510254,0.11747898906469345
YKL173W,YIL008W,0,-5.597001,0.4350282549858093,0.9058823585510254,0.11764705926179886
YNL149C,YER117W,0,-5.5982594,0.4346774220466614,0.9058823585510254,0.11781512945890427
YFR028C,YGR211W,0,-5.6011724,0.4343271553516388,0.9058823585510254,0.11798319220542908
YMR021C,YLR346C,0,-5.60269,0.4339774549007416,0.9058823585510254,0.11815126240253448
YLR078C,YLR346C,0,-5.603744,0.4336283206939697,0.9058823585510254,0.1183193251490593
YKR086W,YBR192W,0,-5.60729,0.43327975273132324,0.9058823585510254,0.1184873953461647
YDL150W,YDR310C,0,-5.6087246,0.43293172121047974,0.9058823585510254,0.11865546554327011
YBR129C,YGR063C,0,-5.6092644,0.4325842559337616,0.9058823585510254,0.11882352828979492
YBL093C,YOR159C,0,-5.6118617,0.4322373569011688,0.9058823585510254,0.11899159848690033
YER088C,YJR091C,0,-5.6126084,0.4318910241127014,0.9058823585510254,0.11915966123342514
YKL005C,YDR308C,0,-5.613136,0.431545227766037,0.9058823585510254,0.11932773143053055
YHR061C,YGR239C,0,-5.615486,0.4311999976634979,0.9058823585510254,0.11949580162763596
YGL172W,YML047C,0,-5.6161203,0.43085530400276184,0.9058823585510254,0.11966386437416077
YDL017W,YPR018W,0,-5.6229143,0.4305111765861511,0.9058823585510254,0.11983193457126617
YER070W,YGR285C,0,-5.625378,0.4301675856113434,0.9058823585510254,0.11999999731779099
YJR074W,YBL061C,0,-5.628033,0.429824560880661,0.9058823585510254,0.12016806751489639
YML102W,YAL022C,0,-5.628717,0.4294820725917816,0.9058823585510254,0.1203361377120018
YBR278W,YKL166C,0,-5.6322923,0.4291401207447052,0.9058823585510254,0.12050420045852661
YJL129C,YHR012W,0,-5.632839,0.42879873514175415,0.9058823585510254,0.12067227065563202
YLR011W,YLL056C,0,-5.632848,0.4284578561782837,0.9058823585510254,0.12084033340215683
YDL126C,YCR060W,0,-5.634287,0.4281175434589386,0.9058823585510254,0.12100840359926224
YML113W,YCR084C,0,-5.63439,0.4277777671813965,0.9058823585510254,0.12117647379636765
YKR055W,YNL339C,0,-5.637095,0.42743852734565735,0.9058823585510254,0.12134453654289246
YNL014W,YAR008W,0,-5.639766,0.4270998537540436,0.9058823585510254,0.12151260673999786
YDL143W,YOR031W,0,-5.6401,0.4267616868019104,0.9058823585510254,0.12168066948652267
YMR001C,YPR082C,0,-5.641807,0.4264240562915802,0.9058823585510254,0.12184873968362808
YOR159C,YGR054W,0,-5.6449027,0.426086962223053,0.9058823585510254,0.12201680988073349
YMR301C,YKR076W,0,-5.645933,0.42575040459632874,0.9058823585510254,0.1221848726272583
YJR074W,YJL133W,0,-5.6471,0.4254143536090851,0.9058823585510254,0.12235294282436371
YKR095W,YBR049C,0,-5.6528373,0.4250788688659668,0.9058823585510254,0.12252100557088852
YOR098C,YIL118W,0,-5.653172,0.4247438907623291,0.9058823585510254,0.12268907576799393
YCL008C,YHR016C,0,-5.655217,0.4244094491004944,0.9058823585510254,0.12285714596509933
YJR150C,YGR186W,0,-5.655473,0.42407554388046265,0.9058823585510254,0.12302520871162415
YBR087W,YBR192W,0,-5.658026,0.4237421452999115,0.9058823585510254,0.12319327890872955
YLR242C,YHR005C,0,-5.659471,0.42340928316116333,0.9058823585510254,0.12336134165525436
YJR076C,YHL009C,0,-5.6596503,0.42307692766189575,0.9058823585510254,0.12352941185235977
YLR431C,YJL034W,0,-5.659744,0.42274510860443115,0.9058823585510254,0.12369748204946518
YCL075W,YJR027W,0,-5.6618023,0.42241379618644714,0.9058823585510254,0.12386554479598999
YLR011W,YDR432W,0,-5.662238,0.4220830202102661,0.9058823585510254,0.1240336149930954
YCR038C,YDR397C,0,-5.662655,0.4217527508735657,0.9058823585510254,0.12420167773962021
YFR030W,YAL016W,0,-5.663217,0.4214229881763458,0.9058823585510254,0.12436974793672562
YKL139W,YGL172W,0,-5.6646852,0.42109376192092896,0.9058823585510254,0.12453781813383102
YPL082C,YDR478W,1,-5.664764,0.4215456545352936,0.9075630307197571,0.12453781813383102
YOL013C,YDL083C,0,-5.6651998,0.42121684551239014,0.9075630307197571,0.12470588088035583
YKL205W,YJL128C,0,-5.6677537,0.4208885431289673,0.9075630307197571,0.12487395107746124
YDR423C,YGR249W,0,-5.668816,0.420560747385025,0.9075630307197571,0.12504202127456665
YOL013C,YBR267W,0,-5.66998,0.42023345828056335,0.9075630307197571,0.12521009147167206
YIL159W,YCR038C,0,-5.672359,0.4199066758155823,0.9075630307197571,0.12537814676761627
YER028C,YFL036W,0,-5.673652,0.4195804297924042,0.9075630307197571,0.12554621696472168
YNR010W,YML131W,0,-5.6751876,0.4192546606063843,0.9075630307197571,0.1257142871618271
YOR322C,YJL128C,0,-5.675776,0.41892939805984497,0.9075630307197571,0.1258823573589325
YOR180C,YNL030W,0,-5.676821,0.41860464215278625,0.9075630307197571,0.1260504275560379
YGR097W,YFL004W,0,-5.6791415,0.41828039288520813,0.9075630307197571,0.12621848285198212
YGL068W,YDL098C,0,-5.679732,0.4179566502571106,0.9075630307197571,0.12638655304908752
YGL124C,YMR142C,0,-5.6811795,0.41763341426849365,0.9075630307197571,0.12655462324619293
YMR183C,YOR212W,0,-5.681274,0.4173106551170349,0.9075630307197571,0.12672269344329834
YBL016W,YLR010C,0,-5.6837687,0.41698840260505676,0.9075630307197571,0.12689076364040375
YOR099W,YFR005C,0,-5.686237,0.4166666567325592,0.9075630307197571,0.12705881893634796
YLR319C,YFL017W-A,0,-5.690855,0.41634541749954224,0.9075630307197571,0.12722688913345337
YGL151W,YDR289C,0,-5.694025,0.41602465510368347,0.9075630307197571,0.12739495933055878
YPL021W,YPR052C,0,-5.69587,0.4157043993473053,0.9075630307197571,0.12756302952766418
YJR092W,YIL109C,0,-5.7027354,0.4153846204280853,0.9075630307197571,0.1277310997247696
YJR145C,YDR478W,1,-5.705222,0.415833979845047,0.9092437028884888,0.1277310997247696
YPL171C,YMR266W,0,-5.7052426,0.41551458835601807,0.9092437028884888,0.1278991550207138
YCR038C,YHR099W,0,-5.7121987,0.4151957035064697,0.9092437028884888,0.1280672252178192
YGL195W,YNL129W,0,-5.7122455,0.4148772954940796,0.9092437028884888,0.12823529541492462
YLR160C,YPR188C,0,-5.7141585,0.41455939412117004,0.9092437028884888,0.12840336561203003
YJR140C,YHR203C,0,-5.715803,0.4142419695854187,0.9092437028884888,0.12857143580913544
YKR066C,YDL232W,0,-5.7182174,0.41392502188682556,0.9092437028884888,0.12873949110507965
YBL033C,YHR138C,0,-5.7192855,0.4136085510253906,0.9092437028884888,0.12890756130218506
YGR202C,YPR181C,0,-5.7201,0.4132925868034363,0.9092437028884888,0.12907563149929047
YDL230W,YNL241C,0,-5.7208433,0.41297709941864014,0.9092437028884888,0.12924370169639587
YPR104C,YNL061W,1,-5.723376,0.41342487931251526,0.9109243750572205,0.12924370169639587
YOR260W,YFR053C,0,-5.7247176,0.41310974955558777,0.9109243750572205,0.12941177189350128
YDR122W,YKL086W,0,-5.726358,0.41279512643814087,0.9109243750572205,0.1295798271894455
YHR019C,YHR039C,0,-5.7270017,0.4124809801578522,0.9109243750572205,0.1297478973865509
YBL009W,YMR250W,0,-5.7286615,0.4121673107147217,0.9109243750572205,0.1299159675836563
YFL025C,YHR167W,0,-5.7307754,0.4118541181087494,0.9109243750572205,0.13008403778076172
YPL192C,YLR263W,0,-5.7323365,0.4115413725376129,0.9109243750572205,0.13025210797786713
YLR332W,YPR072W,0,-5.7342,0.41122913360595703,0.9109243750572205,0.13042016327381134
YPR057W,YOR344C,0,-5.735009,0.41091737151145935,0.9109243750572205,0.13058823347091675
YFL010W-A,YML023C,0,-5.7378235,0.4106060564517975,0.9109243750572205,0.13075630366802216
YOR346W,YGR186W,0,-5.7404847,0.4102952182292938,0.9109243750572205,0.13092437386512756
YGL195W,YGR239C,0,-5.742089,0.40998485684394836,0.9109243750572205,0.13109244406223297
YNL274C,YPR155C,0,-5.742566,0.4096749722957611,0.9109243750572205,0.13126049935817719
YGL190C,YFR024C,0,-5.7436204,0.40936556458473206,0.9109243750572205,0.1314285695552826
YNL147W,YBR275C,0,-5.7436786,0.4090566039085388,0.9109243750572205,0.131596639752388
YOR098C,YLR066W,0,-5.7442136,0.4087481200695038,0.9109243750572205,0.1317647099494934
YMR001C,YPR001W,0,-5.7447696,0.40844008326530457,0.9109243750572205,0.13193278014659882
YOR239W,YJL184W,0,-5.7457633,0.40813252329826355,0.9109243750572205,0.13210083544254303
YML102W,YOL020W,0,-5.746732,0.40782544016838074,0.9109243750572205,0.13226890563964844
YDL197C,YHR193C,0,-5.749701,0.40751880407333374,0.9109243750572205,0.13243697583675385
YHR181W,YER031C,0,-5.752339,0.40721261501312256,0.9109243750572205,0.13260504603385925
YGR230W,YNR067C,0,-5.7524633,0.4069069027900696,0.9109243750572205,0.13277311623096466
YFR013W,YDL083C,0,-5.7529182,0.4066016376018524,0.9109243750572205,0.13294117152690887
YDL029W,YGR097W,0,-5.753001,0.40629684925079346,0.9109243750572205,0.13310924172401428
YHR042W,YGR258C,0,-5.7530937,0.4059925079345703,0.9109243750572205,0.1332773119211197
YNL323W,YBR295W,0,-5.755422,0.405688613653183,0.9109243750572205,0.1334453821182251
YOR039W,YCR053W,0,-5.7560916,0.40538519620895386,0.9109243750572205,0.1336134523153305
YGR249W,YNL154C,0,-5.756729,0.40508222579956055,0.9109243750572205,0.13378150761127472
YGR268C,YOR098C,0,-5.759629,0.40477967262268066,0.9109243750572205,0.13394957780838013
YNL118C,YIL118W,0,-5.7605667,0.40447762608528137,0.9109243750572205,0.13411764800548553
YNL222W,YOR287C,1,-5.760786,0.4049217104911804,0.9126050472259521,0.13411764800548553
YGL053W,YBR256C,0,-5.7607875,0.404619961977005,0.9126050472259521,0.13428571820259094
YLR116W,YGR285C,0,-5.7614207,0.4043186902999878,0.9126050472259521,0.13445378839969635
YLL018C-A,YCR072C,0,-5.762696,0.4040178656578064,0.9126050472259521,0.13462184369564056
YJL034W,YPL268W,0,-5.7640257,0.4037174582481384,0.9126050472259521,0.13478991389274597
YLR157C,YNL088W,0,-5.7645073,0.40341752767562866,0.9126050472259521,0.13495798408985138
YBR145W,YLR346C,0,-5.768214,0.4031180441379547,0.9126050472259521,0.1351260542869568
YFR028C,YMR139W,0,-5.769857,0.4028189778327942,0.9126050472259521,0.1352941244840622
YMR266W,YCL005W-A,0,-5.771932,0.40252038836479187,0.9126050472259521,0.1354621797800064
YOR239W,YGL011C,0,-5.7725053,0.402222216129303,0.9126050472259521,0.13563024997711182
YML015C,YNL186W,0,-5.7744026,0.4019244909286499,0.9126050472259521,0.13579832017421722
YBR145W,YML023C,0,-5.775691,0.40162721276283264,0.9126050472259521,0.13596639037132263
YDL145C,YHR119W,0,-5.777025,0.4013303816318512,0.9126050472259521,0.13613446056842804
YPL101W,YPR032W,0,-5.779668,0.4010339677333832,0.9126050472259521,0.13630251586437225
YKL029C,YOR346W,0,-5.782145,0.400738000869751,0.9126050472259521,0.13647058606147766
YPR082C,YHR073W,0,-5.783815,0.4004424810409546,0.9126050472259521,0.13663865625858307
YLR133W,YDL150W,0,-5.786194,0.40014737844467163,0.9126050472259521,0.13680672645568848
YPL265W,YHR119W,0,-5.787891,0.3998527228832245,0.9126050472259521,0.13697479665279388
YDL117W,YDL232W,0,-5.7879767,0.39955848455429077,0.9126050472259521,0.1371428519487381
YPL110C,YML047C,0,-5.7886434,0.39926469326019287,0.9126050472259521,0.1373109221458435
YDR480W,YLR384C,0,-5.789162,0.3989713490009308,0.9126050472259521,0.1374789923429489
YLR034C,YML039W,0,-5.7925897,0.39867842197418213,0.9126050472259521,0.13764706254005432
YML113W,YER001W,0,-5.7949405,0.3983859121799469,0.9126050472259521,0.13781513273715973
YPL101W,YLR059C,0,-5.7965655,0.3980938494205475,0.9126050472259521,0.13798318803310394
YOR322C,YEL051W,0,-5.799726,0.3978022038936615,0.9126050472259521,0.13815125823020935
YGR230W,YGL035C,0,-5.8000607,0.39751097559928894,0.9126050472259521,0.13831932842731476
YER001W,YHR119W,0,-5.801582,0.3972201943397522,0.9126050472259521,0.13848739862442017
YNL327W,YBR066C,0,-5.8016014,0.3969298303127289,0.9126050472259521,0.13865546882152557
YMR076C,YDR341C,0,-5.8029428,0.396639883518219,0.9126050472259521,0.1388235241174698
YFL023W,YGR222W,0,-5.8044257,0.39635035395622253,0.9126050472259521,0.1389915943145752
YIL142W,YBL093C,0,-5.8088465,0.3960612714290619,0.9126050472259521,0.1391596645116806
YGR088W,YLR008C,0,-5.8108234,0.3957726061344147,0.9126050472259521,0.139327734708786
YGR132C,YCL074W,0,-5.813766,0.3954843282699585,0.9126050472259521,0.13949580490589142
YGR230W,YOL002C,0,-5.8139634,0.39519649744033813,0.9126050472259521,0.13966386020183563
YOR241W,YBR192W,0,-5.814209,0.3949090838432312,0.9126050472259521,0.13983193039894104
YNL307C,YBR192W,0,-5.814277,0.3946220874786377,0.9126050472259521,0.14000000059604645
YNL153C,YDR515W,0,-5.8162513,0.3943355083465576,0.9126050472259521,0.14016807079315186
YEL027W,YHR023W,0,-5.817087,0.39404934644699097,0.9126050472259521,0.14033614099025726
YNL210W,YKL122C,0,-5.819199,0.39376360177993774,0.9126050472259521,0.14050419628620148
YBL032W,YKL095W,0,-5.821361,0.39347827434539795,0.9126050472259521,0.14067226648330688
YNL304W,YML039W,0,-5.8223505,0.3931933343410492,0.9126050472259521,0.1408403366804123
YPL242C,YMR216C,0,-5.823246,0.39290884137153625,0.9126050472259521,0.1410084068775177
YHR041C,YEL051W,0,-5.824071,0.39262473583221436,0.9126050472259521,0.1411764770746231
YMR232W,YOR346W,0,-5.8267007,0.3923410475254059,0.9126050472259521,0.14134453237056732
YEL027W,YOL113W,0,-5.828051,0.39205777645111084,0.9126050472259521,0.14151260256767273
YML073C,YIR022W,0,-5.8285832,0.39177489280700684,0.9126050472259521,0.14168067276477814
YDR055W,YHR167W,0,-5.828593,0.39149242639541626,0.9126050472259521,0.14184874296188354
YDR478W,YOR287C,1,-5.831406,0.39193084836006165,0.9142857193946838,0.14184874296188354
YOR221C,YDL170W,0,-5.831741,0.39164867997169495,0.9142857193946838,0.14201681315898895
YGL065C,YJL065C,0,-5.83271,0.3913668990135193,0.9142857193946838,0.14218486845493317
YBL093C,YCL075W,0,-5.8350697,0.39108553528785706,0.9142857193946838,0.14235293865203857
YPR046W,YGR180C,0,-5.8356194,0.39080458879470825,0.9142857193946838,0.14252100884914398
YER088C,YMR270C,0,-5.8357415,0.3905240595340729,0.9142857193946838,0.1426890790462494
YMR270C,YFR031C,0,-5.8403916,0.39024388790130615,0.9142857193946838,0.1428571492433548
YOR171C,YBR218C,0,-5.841339,0.38996416330337524,0.9142857193946838,0.143025204539299
YDR046C,YHR158C,0,-5.841974,0.3896848261356354,0.9142857193946838,0.14319327473640442
YPL146C,YDR478W,1,-5.842753,0.3901216983795166,0.9159663915634155,0.14319327473640442
YGR222W,YMR270C,0,-5.843191,0.3898426294326782,0.9159663915634155,0.14336134493350983
YDL195W,YPL239W,0,-5.8483286,0.38956397771835327,0.9159663915634155,0.14352941513061523
YPL082C,YOR287C,1,-5.848516,0.38999998569488525,0.9176470637321472,0.14352941513061523
YBR132C,YGL062W,0,-5.849766,0.3897216320037842,0.9176470637321472,0.14369748532772064
YPL269W,YGL006W,0,-5.8505588,0.38944366574287415,0.9176470637321472,0.14386554062366486
YBR210W,YKL080W,0,-5.853216,0.38916608691215515,0.9176470637321472,0.14403361082077026
YNR010W,YHR138C,0,-5.853289,0.3888888955116272,0.9176470637321472,0.14420168101787567
YGL238W,YLR219W,0,-5.8541927,0.3886120915412903,0.9176470637321472,0.14436975121498108
YGL180W,YJL208C,0,-5.854634,0.3883357048034668,0.9176470637321472,0.1445378214120865
YER164W,YML039W,0,-5.855158,0.38805970549583435,0.9176470637321472,0.1447058767080307
YBR039W,YHR194W,0,-5.8593507,0.38778409361839294,0.9176470637321472,0.1448739469051361
YBR159W,YEL004W,0,-5.8596926,0.3875088691711426,0.9176470637321472,0.14504201710224152
YPR020W,YMR284W,0,-5.8601375,0.38723403215408325,0.9176470637321472,0.14521008729934692
YLR319C,YOR230W,0,-5.860288,0.38695961236953735,0.9176470637321472,0.14537815749645233
YFL023W,YOR230W,0,-5.8609185,0.3866855502128601,0.9176470637321472,0.14554621279239655
YER117W,YMR203W,0,-5.8640428,0.3864118754863739,0.9176470637321472,0.14571428298950195
YML080W,YMR284W,0,-5.864703,0.3861386179924011,0.9176470637321472,0.14588235318660736
YNR054C,YNL222W,1,-5.865487,0.3865724503993988,0.9193277359008789,0.14588235318660736
YKL112W,YML023C,0,-5.8669786,0.3862994313240051,0.9193277359008789,0.14605042338371277
YDR298C,YMR091C,0,-5.8674335,0.3860268294811249,0.9193277359008789,0.14621849358081818
YMR184W,YOL122C,0,-5.8695116,0.3857545852661133,0.9193277359008789,0.1463865488767624
YER088C,YML047C,0,-5.869862,0.3854827284812927,0.9193277359008789,0.1465546190738678
YCR038C,YEL016C,0,-5.8718076,0.3852112591266632,0.9193277359008789,0.1467226892709732
YMR263W,YLR455W,0,-5.8727255,0.38494017720222473,0.9193277359008789,0.1468907594680786
YMR001C,YBL102W,0,-5.874377,0.3846694827079773,0.9193277359008789,0.14705882966518402
YKL021C,YNL222W,1,-5.8773417,0.38510188460350037,0.9210084080696106,0.14705882966518402
YHR042W,YDR310C,0,-5.880932,0.3848314583301544,0.9210084080696106,0.14722688496112823
YML132W,YBR077C,0,-5.8827415,0.3845613896846771,0.9210084080696106,0.14739495515823364
YGL142C,YOR209C,0,-5.8834963,0.38429173827171326,0.9210084080696106,0.14756302535533905
YGR261C,YCL019W,0,-5.8841844,0.38402241468429565,0.9210084080696106,0.14773109555244446
YJL102W,YOL038W,0,-5.886667,0.3837535083293915,0.9210084080696106,0.14789916574954987
YGR155W,YFR024C,0,-5.8873034,0.38348495960235596,0.9210084080696106,0.14806722104549408
YHR203C,YOR172W,0,-5.887651,0.3832167685031891,0.9210084080696106,0.1482352912425995
YOR217W,YDL150W,0,-5.89218,0.38294899463653564,0.9210084080696106,0.1484033614397049
YIR041W,YLR262C,0,-5.8928223,0.38268157839775085,0.9210084080696106,0.1485714316368103
YML073C,YFL008W,0,-5.8931165,0.3824145197868347,0.9210084080696106,0.1487395018339157
YML113W,YJL052W,0,-5.893419,0.3821478486061096,0.9210084080696106,0.14890755712985992
YFR053C,YGR010W,0,-5.8966374,0.3818815350532532,0.9210084080696106,0.14907562732696533
YNR067C,YGL073W,0,-5.8998933,0.38161560893058777,0.9210084080696106,0.14924369752407074
YML113W,YOR099W,0,-5.900786,0.381350040435791,0.9210084080696106,0.14941176772117615
YHR119W,YPL239W,0,-5.901672,0.3810848295688629,0.9210084080696106,0.14957983791828156
YDR524C,YOR322C,0,-5.903023,0.38082000613212585,0.9210084080696106,0.14974789321422577
YLR078C,YER138C,0,-5.905525,0.38055557012557983,0.9210084080696106,0.14991596341133118
YMR091C,YIL053W,0,-5.9058824,0.3802914619445801,0.9210084080696106,0.15008403360843658
YDR337W,YER005W,0,-5.9066715,0.38002774119377136,0.9210084080696106,0.150252103805542
YPR104C,YNL282W,1,-5.9073095,0.3804573714733124,0.9226890802383423,0.150252103805542
YNL327W,YIL112W,0,-5.907829,0.38019391894340515,0.9226890802383423,0.1504201740026474
YBL093C,YOL020W,0,-5.909038,0.3799307942390442,0.9226890802383423,0.1505882292985916
YCL025C,YFL029C,0,-5.9104247,0.37966805696487427,0.9226890802383423,0.15075629949569702
YHR171W,YFR005C,0,-5.911098,0.379405677318573,0.9226890802383423,0.15092436969280243
YFL023W,YNL084C,0,-5.911177,0.3791436553001404,0.9226890802383423,0.15109243988990784
YOL069W,YMR106C,0,-5.911287,0.3788819909095764,0.9226890802383423,0.15126051008701324
YGR218W,YHR174W,0,-5.913637,0.3786206841468811,0.9226890802383423,0.15142856538295746
YKL195W,YOR212W,0,-5.917209,0.37835976481437683,0.9226890802383423,0.15159663558006287
YLR332W,YBR295W,0,-5.9180603,0.3780991733074188,0.9226890802383423,0.15176470577716827
YJL034W,YKL165C,0,-5.9186454,0.37783893942832947,0.9226890802383423,0.15193277597427368
YKR066C,YIL109C,0,-5.92233,0.37757909297943115,0.9226890802383423,0.1521008461713791
YBR087W,YNR015W,0,-5.9224267,0.3773195743560791,0.9226890802383423,0.1522689014673233
YGR063C,YCL032W,0,-5.922974,0.3770604431629181,0.9226890802383423,0.1524369716644287
YBR278W,YGR014W,0,-5.924808,0.37680163979530334,0.9226890802383423,0.15260504186153412
YGL084C,YLR467W,0,-5.925085,0.37654322385787964,0.9226890802383423,0.15277311205863953
YJL194W,YNL027W,0,-5.927161,0.3762851357460022,0.9226890802383423,0.15294118225574493
YFR028C,YGL008C,0,-5.9301095,0.3760274052619934,0.9226890802383423,0.15310923755168915
YPL265W,YCL043C,0,-5.931299,0.37577003240585327,0.9226890802383423,0.15327730774879456
YOR079C,YNL339C,0,-5.9315352,0.3755129873752594,0.9226890802383423,0.15344537794589996
YER167W,YOL045W,0,-5.932547,0.37525632977485657,0.9226890802383423,0.15361344814300537
YLR431C,YNL280C,0,-5.937485,0.375,0.9226890802383423,0.15378151834011078
YOR239W,YKL056C,0,-5.937554,0.3747440278530121,0.9226890802383423,0.153949573636055
YPR052C,YGR111W,0,-5.9407015,0.3744884133338928,0.9226890802383423,0.1541176438331604
YDL142C,YLR335W,0,-5.9409046,0.3742331266403198,0.9226890802383423,0.1542857140302658
YDL045C,YHR016C,0,-5.941444,0.3739781975746155,0.9226890802383423,0.15445378422737122
YCL004W,YCR053W,0,-5.941543,0.3737236261367798,0.9226890802383423,0.15462185442447662
YBR066C,YML015C,0,-5.942142,0.37346938252449036,0.9226890802383423,0.15478990972042084
YGR014W,YNR026C,0,-5.9435315,0.3732154965400696,0.9226890802383423,0.15495797991752625
YPR082C,YJL203W,0,-5.948128,0.37296196818351746,0.9226890802383423,0.15512605011463165
YJR093C,YOR307C,0,-5.948776,0.3727087676525116,0.9226890802383423,0.15529412031173706
YOL001W,YDR055W,0,-5.949235,0.372455894947052,0.9226890802383423,0.15546219050884247
YBR089C-A,YOR254C,0,-5.949741,0.37220337986946106,0.9226890802383423,0.15563024580478668
YKR038C,YJR010C-A,0,-5.951513,0.37195122241973877,0.9226890802383423,0.1557983160018921
YPL242C,YGR249W,0,-5.9520855,0.37169939279556274,0.9226890802383423,0.1559663861989975
YBL009W,YMR201C,0,-5.952369,0.371447890996933,0.9226890802383423,0.1561344563961029
YOR239W,YGR192C,0,-5.953126,0.3711967468261719,0.9226890802383423,0.1563025265932083
YJL165C,YLR332W,0,-5.9542623,0.3709459602832794,0.9226890802383423,0.15647058188915253
YDR040C,YNL074C,0,-5.9554424,0.37069547176361084,0.9226890802383423,0.15663865208625793
YIL131C,YKR059W,0,-5.9576063,0.3704453408718109,0.9226890802383423,0.15680672228336334
YMR005W,YCR053W,0,-5.9576826,0.37019553780555725,0.9226890802383423,0.15697479248046875
YIL053W,YPL163C,0,-5.958286,0.36994609236717224,0.9226890802383423,0.15714286267757416
YMR153W,YCR084C,0,-5.9602056,0.3696969747543335,0.9226890802383423,0.15731091797351837
YKL112W,YMR266W,0,-5.9614363,0.369448184967041,0.9226890802383423,0.15747898817062378
YGL037C,YLR166C,0,-5.962008,0.3691997230052948,0.9226890802383423,0.1576470583677292
YGR014W,YMR069W,0,-5.966013,0.36895161867141724,0.9226890802383423,0.1578151285648346
YLR157C,YBL102W,0,-5.9666247,0.36870384216308594,0.9226890802383423,0.15798319876194
YBR160W,YDL109C,0,-5.967736,0.3684563636779785,0.9226890802383423,0.15815125405788422
YPL210C,YJL048C,0,-5.9679465,0.36820924282073975,0.9226890802383423,0.15831932425498962
YBR059C,YER164W,0,-5.968089,0.36796247959136963,0.9226890802383423,0.15848739445209503
YOR123C,YGL011C,0,-5.9684486,0.3677160143852234,0.9226890802383423,0.15865546464920044
YNL328C,YDR379W,0,-5.970149,0.3674698770046234,0.9226890802383423,0.15882353484630585
YIL123W,YDL109C,0,-5.9704833,0.3672240674495697,0.9226890802383423,0.15899159014225006
YLR215C,YDR142C,0,-5.97128,0.36697861552238464,0.9226890802383423,0.15915966033935547
YFL003C,YLR346C,0,-5.9718194,0.36673346161842346,0.9226890802383423,0.15932773053646088
YLL026W,YOR254C,0,-5.9724803,0.36648866534233093,0.9226890802383423,0.15949580073356628
YIL118W,YDR515W,0,-5.9784646,0.3662441670894623,0.9226890802383423,0.1596638709306717
YAL042W,YMR106C,0,-5.979069,0.3659999966621399,0.9226890802383423,0.1598319262266159
YDL006W,YCL075W,0,-5.982656,0.36575615406036377,0.9226890802383423,0.1599999964237213
YPR082C,YLR007W,0,-5.984748,0.3655126392841339,0.9226890802383423,0.16016806662082672
YER075C,YIL053W,0,-5.9854126,0.3652694523334503,0.9226890802383423,0.16033613681793213
YIL112W,YDR086C,0,-5.986564,0.365026593208313,0.9226890802383423,0.16050420701503754
YDL013W,YHR023W,0,-5.9866548,0.3647840619087219,0.9226890802383423,0.16067226231098175
YML080W,YER089C,0,-5.986764,0.36454182863235474,0.9226890802383423,0.16084033250808716
YDR205W,YOR206W,0,-5.987195,0.3642999231815338,0.9226890802383423,0.16100840270519257
YBR038W,YPR182W,0,-5.9879155,0.36405834555625916,0.9226890802383423,0.16117647290229797
YGL073W,YIL053W,0,-5.9890223,0.36381709575653076,0.9226890802383423,0.16134454309940338
YER019W,YOR210W,0,-5.9892664,0.36357617378234863,0.9226890802383423,0.1615125983953476
YDR046C,YFL011W,0,-5.9909263,0.3633355498313904,0.9226890802383423,0.161680668592453
YBR087W,YPR182W,0,-5.9914756,0.363095223903656,0.9226890802383423,0.1618487387895584
YMR175W,YNL154C,0,-5.9935503,0.3628552556037903,0.9226890802383423,0.16201680898666382
YNL014W,YKL018W,0,-5.9940534,0.36261558532714844,0.9226890802383423,0.16218487918376923
YHR203C,YBR083W,0,-5.995308,0.36237624287605286,0.9226890802383423,0.16235293447971344
YGR033C,YBR058C-A,0,-5.9959264,0.36213719844818115,0.9226890802383423,0.16252100467681885
YER075C,YNL339C,0,-5.996544,0.3618984818458557,0.9226890802383423,0.16268907487392426
YBR275C,YOR008C-A,0,-5.9968863,0.36166009306907654,0.9226890802383423,0.16285714507102966
YBR267W,YLR005W,0,-6.000929,0.36142200231552124,0.9226890802383423,0.16302521526813507
YJL133W,YKL042W,0,-6.0012603,0.3611842095851898,0.9226890802383423,0.16319327056407928
YMR216C,YDL109C,0,-6.0039506,0.36094674468040466,0.9226890802383423,0.1633613407611847
YNR075W,YER008C,0,-6.005312,0.3607095777988434,0.9226890802383423,0.1635294109582901
YBR211C,YFR031C,0,-6.009565,0.36047273874282837,0.9226890802383423,0.1636974811553955
YKL025C,YAL016W,0,-6.0106497,0.3602362275123596,0.9226890802383423,0.16386555135250092
YHR019C,YJR102C,0,-6.0110836,0.36000001430511475,0.9226890802383423,0.16403360664844513
YCL004W,YPR086W,0,-6.0140676,0.35976409912109375,0.9226890802383423,0.16420167684555054
YPR188C,YIL080W,0,-6.01424,0.35952848196029663,0.9226890802383423,0.16436974704265594
YJL165C,YIR041W,0,-6.0173388,0.3592931926250458,0.9226890802383423,0.16453781723976135
YJL184W,YDL232W,0,-6.017912,0.3590582013130188,0.9226890802383423,0.16470588743686676
YJL194W,YOR340C,0,-6.018024,0.3588235378265381,0.9226890802383423,0.16487394273281097
YLR335W,YBR087W,0,-6.018256,0.35858914256095886,0.9226890802383423,0.16504201292991638
YOR386W,YGL008C,0,-6.0191126,0.3583551049232483,0.9226890802383423,0.1652100831270218
YJL133W,YGR192C,0,-6.019865,0.3581213355064392,0.9226890802383423,0.1653781533241272
YHR001W-A,YHR138C,0,-6.020912,0.357887864112854,0.9226890802383423,0.1655462235212326
YFL029C,YOR212W,0,-6.0223637,0.35765472054481506,0.9226890802383423,0.16571427881717682
YOR249C,YPL177C,0,-6.023308,0.357421875,0.9226890802383423,0.16588234901428223
YNR002C,YKL011C,0,-6.0246677,0.3571893274784088,0.9226890802383423,0.16605041921138763
YOR319W,YDR086C,0,-6.0284653,0.3569570779800415,0.9226890802383423,0.16621848940849304
YLR195C,YMR153W,0,-6.0292172,0.35672515630722046,0.9226890802383423,0.16638655960559845
YGL190C,YDR481C,0,-6.0322933,0.3564935028553009,0.9226890802383423,0.16655461490154266
YLR263W,YLR005W,0,-6.0351214,0.3562621772289276,0.9226890802383423,0.16672268509864807
YKL212W,YGR024C,0,-6.0352197,0.3560311198234558,0.9226890802383423,0.16689075529575348
YMR011W,YLR147C,0,-6.0364895,0.3558003902435303,0.9226890802383423,0.1670588254928589
YJL006C,YGR222W,0,-6.0366683,0.3555699586868286,0.9226890802383423,0.1672268956899643
YOR099W,YDR013W,0,-6.0377617,0.35533979535102844,0.9226890802383423,0.1673949509859085
YJL006C,YHR181W,0,-6.0389,0.35510995984077454,0.9226890802383423,0.16756302118301392
YBR233W-A,YDR122W,0,-6.0414705,0.3548804223537445,0.9226890802383423,0.16773109138011932
YAL007C,YDR451C,0,-6.0428095,0.35465115308761597,0.9226890802383423,0.16789916157722473
YDL181W,YJL139C,0,-6.043113,0.3544222116470337,0.9226890802383423,0.16806723177433014
YFL009W,YPR036W,0,-6.0453978,0.3541935384273529,0.9226890802383423,0.16823528707027435
YMR001C,YPR155C,0,-6.045692,0.3539651930332184,0.9226890802383423,0.16840335726737976
YNL210W,YNR026C,0,-6.0499578,0.35373711585998535,0.9226890802383423,0.16857142746448517
YHR034C,YNL282W,1,-6.052221,0.35415324568748474,0.924369752407074,0.16857142746448517
YDL008W,YGR218W,0,-6.053533,0.35392534732818604,0.924369752407074,0.16873949766159058
YOL038W,YOL045W,0,-6.057633,0.3536977469921112,0.924369752407074,0.16890756785869598
YJL025W,YNL070W,0,-6.0608287,0.35347044467926025,0.924369752407074,0.1690756231546402
YER117W,YAR009C,0,-6.0621953,0.3532434105873108,0.924369752407074,0.1692436933517456
YLR242C,YDR040C,0,-6.062603,0.3530166745185852,0.924369752407074,0.169411763548851
YPL202C,YGR132C,0,-6.06424,0.3527902364730835,0.924369752407074,0.16957983374595642
YOR103C,YOL045W,0,-6.0644517,0.35256409645080566,0.924369752407074,0.16974790394306183
YNL068C,YGR229C,0,-6.064811,0.3523382544517517,0.924369752407074,0.16991595923900604
YGL092W,YAL043C,0,-6.065789,0.35211268067359924,0.924369752407074,0.17008402943611145
YCL027W,YOR230W,0,-6.067907,0.35188740491867065,0.924369752407074,0.17025209963321686
YMR250W,YHR061C,0,-6.0679784,0.35166239738464355,0.924369752407074,0.17042016983032227
YML132W,YGR285C,0,-6.0710516,0.35143768787384033,0.924369752407074,0.17058824002742767
YCR060W,YCL019W,0,-6.0714526,0.351213276386261,0.924369752407074,0.1707562953233719
YDR076W,YDR453C,0,-6.071902,0.3509891629219055,0.924369752407074,0.1709243655204773
YHR012W,YHR016C,0,-6.0734286,0.35076531767845154,0.924369752407074,0.1710924357175827
YPR165W,YLR346C,0,-6.0744143,0.35054174065589905,0.924369752407074,0.1712605059146881
YGL195W,YNL339C,0,-6.075603,0.35031846165657043,0.924369752407074,0.17142857611179352
YNL084C,YMR069W,0,-6.0757594,0.3500954806804657,0.924369752407074,0.17159663140773773
YJR017C,YFL018C,0,-6.076757,0.34987276792526245,0.924369752407074,0.17176470160484314
YKR059W,YLR425W,0,-6.080361,0.3496503531932831,0.924369752407074,0.17193277180194855
YER167W,YER117W,0,-6.081251,0.3494282066822052,0.924369752407074,0.17210084199905396
YOL002C,YML033W,0,-6.0819407,0.3492063581943512,0.924369752407074,0.17226891219615936
YDR524C,YLR059C,0,-6.0851364,0.3489847779273987,0.924369752407074,0.17243696749210358
YDR331W,YMR091C,0,-6.087171,0.34876346588134766,0.924369752407074,0.17260503768920898
YBR105C,YLR467W,0,-6.0912805,0.3485424518585205,0.924369752407074,0.1727731078863144
YLR424W,YLR346C,0,-6.093663,0.34832173585891724,0.924369752407074,0.1729411780834198
YKL220C,YNL323W,0,-6.0941825,0.34810125827789307,0.924369752407074,0.1731092482805252
YDR345C,YOR148C,0,-6.0968733,0.3478810787200928,0.924369752407074,0.17327730357646942
YPL082C,YGL030W,1,-6.0981283,0.3482933044433594,0.9260504245758057,0.17327730357646942
YHL040C,YPL091W,0,-6.0985937,0.348073273897171,0.9260504245758057,0.17344537377357483
YPL101W,YOR319W,0,-6.099202,0.34785354137420654,0.9260504245758057,0.17361344397068024
YKL005C,YER138C,0,-6.0992737,0.34763407707214355,0.9260504245758057,0.17378151416778564
YMR216C,YKL086W,0,-6.1000133,0.34741488099098206,0.9260504245758057,0.17394958436489105
YKL112W,YOR088W,0,-6.100439,0.34719595313072205,0.9260504245758057,0.17411763966083527
YMR076C,YDR310C,0,-6.101271,0.3469773232936859,0.9260504245758057,0.17428570985794067
YNL302C,YDR478W,1,-6.101544,0.34738829731941223,0.9277310967445374,0.17428570985794067
YML023C,YDL232W,0,-6.1030173,0.34716981649398804,0.9277310967445374,0.17445378005504608
YIL070C,YDR337W,0,-6.103407,0.34695160388946533,0.9277310967445374,0.1746218502521515
YOL156W,YOR344C,0,-6.1040225,0.3467336595058441,0.9277310967445374,0.1747899204492569
YIL123W,YJL139C,0,-6.105313,0.3465160131454468,0.9277310967445374,0.1749579757452011
YNL327W,YOL001W,0,-6.106911,0.34629860520362854,0.9277310967445374,0.17512604594230652
YJL010C,YDR478W,1,-6.1072106,0.3467084765434265,0.929411768913269,0.17512604594230652
YHR023W,YML123C,0,-6.107297,0.3464912176132202,0.929411768913269,0.17529411613941193
YER044C,YDR195W,0,-6.107593,0.3462742567062378,0.929411768913269,0.17546218633651733
YGL192W,YBL061C,0,-6.108601,0.34605756402015686,0.929411768913269,0.17563025653362274
YDL225W,YBL061C,0,-6.1087027,0.3458411395549774,0.929411768913269,0.17579832673072815
YGR088W,YJR102C,0,-6.110667,0.34562501311302185,0.929411768913269,0.17596638202667236
YOR034C,YDR165W,0,-6.1108646,0.3454091250896454,0.929411768913269,0.17613445222377777
YOL038W,YMR079W,0,-6.1111975,0.3451935052871704,0.929411768913269,0.17630252242088318
YGR177C,YNL154C,0,-6.1138043,0.3449781537055969,0.929411768913269,0.1764705926179886
YNL053W,YHR160C,0,-6.1143336,0.3447631001472473,0.929411768913269,0.176638662815094
YPR020W,YLL056C,0,-6.117878,0.3445482850074768,0.929411768913269,0.1768067181110382
YOR209C,YPL188W,0,-6.117879,0.3443337380886078,0.929411768913269,0.17697478830814362
YNL280C,YGL008C,0,-6.117888,0.34411948919296265,0.929411768913269,0.17714285850524902
YCL043C,YEL041W,0,-6.117932,0.3439054787158966,0.929411768913269,0.17731092870235443
YBR201W,YAL009W,0,-6.1226335,0.34369173645973206,0.929411768913269,0.17747899889945984
YOR206W,YDR393W,0,-6.123126,0.343478262424469,0.929411768913269,0.17764705419540405
YPL188W,YER005W,0,-6.1253715,0.3432650566101074,0.929411768913269,0.17781512439250946
YLR304C,YAL044C,0,-6.125977,0.34305211901664734,0.929411768913269,0.17798319458961487
YDR289C,YGR059W,0,-6.1285224,0.34283941984176636,0.929411768913269,0.17815126478672028
YIL155C,YCR083W,0,-6.133647,0.34262701869010925,0.929411768913269,0.17831933498382568
YJR076C,YGL037C,0,-6.133938,0.34241485595703125,0.929411768913269,0.1784873902797699
YGR249W,YLR329W,0,-6.1348114,0.34220296144485474,0.929411768913269,0.1786554604768753
YNL327W,YDR456W,0,-6.1360164,0.3419913351535797,0.929411768913269,0.1788235306739807
YDL029W,YDR480W,0,-6.1367135,0.3417799770832062,0.929411768913269,0.17899160087108612
YGR041W,YGR088W,0,-6.1367745,0.34156885743141174,0.929411768913269,0.17915967106819153
YKL150W,YML131W,0,-6.1373463,0.3413580358028412,0.929411768913269,0.17932772636413574
YFR028C,YDR040C,0,-6.1390038,0.34114745259284973,0.929411768913269,0.17949579656124115
YCR038C,YLR240W,0,-6.1416707,0.3409371078014374,0.929411768913269,0.17966386675834656
YDR337W,YJL208C,0,-6.14381,0.3407270610332489,0.929411768913269,0.17983193695545197
YEL016C,YLR059C,0,-6.143965,0.3405172526836395,0.929411768913269,0.18000000715255737
YNR067C,YNL274C,0,-6.145783,0.34030768275260925,0.929411768913269,0.1801680624485016
YLR195C,YOR148C,0,-6.1460567,0.34009841084480286,0.929411768913269,0.180336132645607
YOL117W,YJL048C,0,-6.1474247,0.33988937735557556,0.929411768913269,0.1805042028427124
YOL156W,YPL106C,0,-6.1474566,0.33968058228492737,0.929411768913269,0.1806722730398178
YAL042W,YBR186W,0,-6.147962,0.33947205543518066,0.929411768913269,0.18084034323692322
YNL281W,YFL017W-A,0,-6.1480513,0.33926379680633545,0.929411768913269,0.18100839853286743
YKL173W,YKL122C,0,-6.152149,0.3390558063983917,0.929411768913269,0.18117646872997284
YDR386W,YMR175W,0,-6.1524515,0.3388480246067047,0.929411768913269,0.18134453892707825
YLR005W,YDL109C,0,-6.1525283,0.3386405408382416,0.929411768913269,0.18151260912418365
YLR059C,YMR142C,0,-6.15505,0.33843329548835754,0.929411768913269,0.18168067932128906
YLL026W,YNL312W,0,-6.1556087,0.3382262885570526,0.929411768913269,0.18184873461723328
YBR087W,YER169W,0,-6.158295,0.33801954984664917,0.929411768913269,0.18201680481433868
YOR260W,YBR240C,0,-6.1606984,0.3378130793571472,0.929411768913269,0.1821848750114441
YPR046W,YBR256C,0,-6.1607156,0.33760684728622437,0.929411768913269,0.1823529452085495
YPR001W,YDR131C,0,-6.163185,0.3374008536338806,0.929411768913269,0.1825210154056549
YBR083W,YLR467W,0,-6.163485,0.33719512820243835,0.929411768913269,0.18268907070159912
YHR203C,YJR010C-A,0,-6.164207,0.3369896411895752,0.929411768913269,0.18285714089870453
YMR021C,YGR059W,0,-6.168322,0.3367844223976135,0.929411768913269,0.18302521109580994
YDR309C,YAL016W,0,-6.170051,0.33657944202423096,0.929411768913269,0.18319328129291534
YLR332W,YNL044W,0,-6.1722393,0.3363747000694275,0.929411768913269,0.18336135149002075
YNL164C,YMR106C,0,-6.173033,0.3361702263355255,0.929411768913269,0.18352940678596497
YDR423C,YBR058C-A,0,-6.17331,0.33596599102020264,0.929411768913269,0.18369747698307037
YMR250W,YDL013W,0,-6.175179,0.33576199412345886,0.929411768913269,0.18386554718017578
YML113W,YIL112W,0,-6.1758914,0.3355582654476166,0.929411768913269,0.1840336173772812
YNR054C,YPR104C,1,-6.1759324,0.3359611928462982,0.9310924410820007,0.1840336173772812
YDR174W,YCL074W,0,-6.1763744,0.3357575833797455,0.9310924410820007,0.1842016875743866
YLR160C,YBR256C,0,-6.178174,0.33555421233177185,0.9310924410820007,0.1843697428703308
YOL133W,YKR095W-A,0,-6.178476,0.3353510797023773,0.9310924410820007,0.18453781306743622
YDL117W,YOR008C-A,0,-6.179442,0.3351482152938843,0.9310924410820007,0.18470588326454163
YDL083C,YAL016W,0,-6.1796417,0.33494558930397034,0.9310924410820007,0.18487395346164703
YMR041C,YNL154C,0,-6.180536,0.3347432017326355,0.9310924410820007,0.18504202365875244
YBL032W,YGR054W,0,-6.181397,0.33454105257987976,0.9310924410820007,0.18521007895469666
YOL156W,YGR285C,0,-6.183949,0.3343391716480255,0.9310924410820007,0.18537814915180206
YCL026C-A,YGR211W,0,-6.184893,0.33413752913475037,0.9310924410820007,0.18554621934890747
YPR104C,YDR087C,1,-6.185015,0.33453887701034546,0.9327731132507324,0.18554621934890747
YGL195W,YPR070W,0,-6.1850896,0.33433735370635986,0.9327731132507324,0.18571428954601288
YGR063C,YCL063W,0,-6.1877074,0.33413606882095337,0.9327731132507324,0.1858823597431183
YDR040C,YAL007C,0,-6.1903853,0.333935022354126,0.9327731132507324,0.1860504150390625
YER003C,YOR148C,0,-6.19321,0.3337342143058777,0.9327731132507324,0.1862184852361679
YER028C,YPR095C,0,-6.1935554,0.3335336446762085,0.9327731132507324,0.18638655543327332
YAL042W,YOR099W,0,-6.194435,0.3333333432674408,0.9327731132507324,0.18655462563037872
YGL122C,YCL063W,0,-6.1948514,0.3331332504749298,0.9327731132507324,0.18672269582748413
YKL025C,YCL063W,0,-6.1951175,0.3329334259033203,0.9327731132507324,0.18689075112342834
YLR160C,YHR006W,0,-6.1955614,0.33273380994796753,0.9327731132507324,0.18705882132053375
YOR160W,YCL005W-A,0,-6.1956697,0.33253446221351624,0.9327731132507324,0.18722689151763916
YMR270C,YPL258C,0,-6.196184,0.33233532309532166,0.9327731132507324,0.18739496171474457
YML058W-A,YMR298W,0,-6.1963844,0.33213645219802856,0.9327731132507324,0.18756303191184998
YBR283C,YLR262C,0,-6.1970997,0.3319377899169922,0.9327731132507324,0.1877310872077942
YOR241W,YER165W,0,-6.1987195,0.3317393958568573,0.9327731132507324,0.1878991574048996
YML008C,YDR308C,0,-6.198935,0.3315412104129791,0.9327731132507324,0.188067227602005
YER106W,YJR074W,0,-6.1989455,0.33134329319000244,0.9327731132507324,0.1882352977991104
YNR015W,YDR325W,0,-6.200867,0.33114558458328247,0.9327731132507324,0.18840336799621582
YLR293C,YGL030W,1,-6.202955,0.331544429063797,0.9344537854194641,0.18840336799621582
YLR007W,YKL042W,0,-6.2042923,0.3313468396663666,0.9344537854194641,0.18857142329216003
YHR034C,YDR478W,1,-6.204461,0.33174508810043335,0.9361344575881958,0.18857142329216003
YML129C,YDR116C,0,-6.204722,0.3315476179122925,0.9361344575881958,0.18873949348926544
YLR381W,YGL195W,0,-6.2054105,0.3313503861427307,0.9361344575881958,0.18890756368637085
YLR319C,YNR006W,0,-6.206055,0.33115339279174805,0.9361344575881958,0.18907563388347626
YOL156W,YNL009W,0,-6.207555,0.3309566378593445,0.9361344575881958,0.18924370408058167
YDR423C,YJL148W,0,-6.208111,0.33076009154319763,0.9361344575881958,0.18941175937652588
YML080W,YDL200C,0,-6.2102757,0.3305637836456299,0.9361344575881958,0.1895798295736313
YBR210W,YKL150W,0,-6.210951,0.3303677439689636,0.9361344575881958,0.1897478997707367
YBR068C,YGL142C,0,-6.2114816,0.3301719129085541,0.9361344575881958,0.1899159699678421
YIL109C,YLR066W,0,-6.212153,0.32997629046440125,0.9361344575881958,0.1900840401649475
YBR218C,YLR425W,0,-6.2132635,0.3297809362411499,0.9361344575881958,0.19025209546089172
YFR028C,YBL093C,0,-6.2133775,0.3295857906341553,0.9361344575881958,0.19042016565799713
YKR066C,YHR138C,0,-6.2134647,0.32939088344573975,0.9361344575881958,0.19058823585510254
YLR215C,YPR138C,0,-6.2186437,0.3291962146759033,0.9361344575881958,0.19075630605220795
YOR002W,YNL307C,0,-6.219233,0.329001784324646,0.9361344575881958,0.19092437624931335
YHR019C,YPL248C,0,-6.2199907,0.3288075625896454,0.9361344575881958,0.19109243154525757
YGR239C,YFR031C,0,-6.220512,0.3286135792732239,0.9361344575881958,0.19126050174236298
YDL150W,YOL105C,0,-6.2205663,0.3284198045730591,0.9361344575881958,0.19142857193946838
YBR233W-A,YER072W,0,-6.221553,0.3282262682914734,0.9361344575881958,0.1915966421365738
YPR104C,YPL043W,1,-6.2216654,0.32862189412117004,0.9378151297569275,0.1915966421365738
YPR020W,YIL118W,0,-6.2225432,0.3284284770488739,0.9378151297569275,0.1917647123336792
YDR081C,YLR066W,0,-6.2228417,0.32823529839515686,0.9378151297569275,0.1919327676296234
YGL122C,YER031C,0,-6.223488,0.32804232835769653,0.9378151297569275,0.19210083782672882
YAR033W,YCL074W,0,-6.2253585,0.3278495967388153,0.9378151297569275,0.19226890802383423
YGR024C,YDR131C,0,-6.2266097,0.3276570737361908,0.9378151297569275,0.19243697822093964
YLR259C,YCR102C,0,-6.226854,0.3274647891521454,0.9378151297569275,0.19260504841804504
YKL150W,YMR104C,0,-6.2270694,0.3272727131843567,0.9378151297569275,0.19277310371398926
YBR162C,YMR106C,0,-6.2281957,0.3270809054374695,0.9378151297569275,0.19294117391109467
YLR242C,YNL339C,0,-6.2300205,0.3268892765045166,0.9378151297569275,0.19310924410820007
YPL269W,YDR055W,0,-6.2307844,0.3266978859901428,0.9378151297569275,0.19327731430530548
YHL036W,YLR059C,0,-6.231174,0.32650673389434814,0.9378151297569275,0.1934453845024109
YNR010W,YHR203C,0,-6.231409,0.3263157904148102,0.9378151297569275,0.1936134397983551
YLR242C,YNL167C,0,-6.231754,0.3261250853538513,0.9378151297569275,0.1937815099954605
YIL109C,YER072W,0,-6.232014,0.32593458890914917,0.9378151297569275,0.19394958019256592
YKL205W,YMR283C,0,-6.232392,0.32574430108070374,0.9378151297569275,0.19411765038967133
YNL127W,YFL003C,0,-6.2328496,0.3255542516708374,0.9378151297569275,0.19428572058677673
YER003C,YDR181C,0,-6.233856,0.32536444067955017,0.9378151297569275,0.19445377588272095
YOR031W,YGR211W,0,-6.234179,0.32517483830451965,0.9378151297569275,0.19462184607982635
YKL191W,YML012W,0,-6.2364593,0.32498544454574585,0.9378151297569275,0.19478991627693176
YHR167W,YGR054W,0,-6.236619,0.32479628920555115,0.9378151297569275,0.19495798647403717
YPL021W,YDL019C,0,-6.2391753,0.32460734248161316,0.9378151297569275,0.19512605667114258
YLR215C,YDR055W,0,-6.239656,0.3244186043739319,0.9378151297569275,0.1952941119670868
YPL101W,YAR009C,0,-6.2401495,0.3242301046848297,0.9378151297569275,0.1954621821641922
YPL110C,YNL154C,0,-6.2402415,0.32404181361198425,0.9378151297569275,0.1956302523612976
YGR041W,YOR212W,0,-6.243792,0.3238537311553955,0.9378151297569275,0.19579832255840302
YIR022W,YNL186W,0,-6.248413,0.32366588711738586,0.9378151297569275,0.19596639275550842
YPL026C,YHR016C,0,-6.249331,0.32347825169563293,0.9378151297569275,0.19613444805145264
YJL183W,YBR295W,0,-6.252742,0.3232908546924591,0.9378151297569275,0.19630251824855804
YOR099W,YBR283C,0,-6.252897,0.3231036365032196,0.9378151297569275,0.19647058844566345
YPL021W,YHR005C,0,-6.2535563,0.3229166567325592,0.9378151297569275,0.19663865864276886
YNL030W,YER106W,0,-6.2552314,0.3227299153804779,0.9378151297569275,0.19680672883987427
YGL122C,YPR032W,0,-6.256535,0.32254335284233093,0.9378151297569275,0.19697478413581848
YJR140C,YOL126C,0,-6.256854,0.32235702872276306,0.9378151297569275,0.1971428543329239
YER106W,YBR256C,0,-6.258421,0.3221709132194519,0.9378151297569275,0.1973109245300293
YDL088C,YNL068C,0,-6.2608275,0.32198500633239746,0.9378151297569275,0.1974789947271347
YFR030W,YDL195W,0,-6.262077,0.32179930806159973,0.9378151297569275,0.1976470649242401
YML113W,YDR122W,0,-6.262821,0.3216138184070587,0.9378151297569275,0.19781512022018433
YOR103C,YPR094W,0,-6.2646422,0.3214285671710968,0.9378151297569275,0.19798319041728973
YBR159W,YBR275C,0,-6.2648897,0.3212435245513916,0.9378151297569275,0.19815126061439514
YHR203C,YOR087W,0,-6.2671432,0.3210586905479431,0.9378151297569275,0.19831933081150055
YOR123C,YGL092W,0,-6.2693696,0.32087406516075134,0.9378151297569275,0.19848740100860596
YER073W,YLR160C,0,-6.271179,0.3206896483898163,0.9378151297569275,0.19865545630455017
YMR012W,YLL019C,0,-6.2722816,0.3205054700374603,0.9378151297569275,0.19882352650165558
YHR116W,YFL018C,0,-6.272578,0.3203214704990387,0.9378151297569275,0.198991596698761
YAL044C,YMR283C,0,-6.2732387,0.3201376795768738,0.9378151297569275,0.1991596668958664
YJR139C,YFR024C,0,-6.2767935,0.31995412707328796,0.9378151297569275,0.1993277370929718
YIL034C,YBR105C,0,-6.2775426,0.31977078318595886,0.9378151297569275,0.19949579238891602
YOR180C,YJL052W,0,-6.2775664,0.3195876181125641,0.9378151297569275,0.19966386258602142
YMR197C,YLL056C,0,-6.277591,0.3194046914577484,0.9378151297569275,0.19983193278312683
YDR397C,YEL004W,0,-6.2776513,0.31922197341918945,0.9378151297569275,0.20000000298023224
YDR075W,YOR008C-A,0,-6.2781734,0.3190394639968872,0.9378151297569275,0.20016807317733765
YMR139W,YLR467W,0,-6.279032,0.3188571333885193,0.9378151297569275,0.20033612847328186
YNR015W,YPL210C,0,-6.2803755,0.31867504119873047,0.9378151297569275,0.20050419867038727
YMR021C,YKL086W,0,-6.281181,0.31849315762519836,0.9378151297569275,0.20067226886749268
YKL195W,YHR119W,0,-6.2817564,0.3183114528656006,0.9378151297569275,0.20084033906459808
YLL018C-A,YPL106C,0,-6.2840242,0.3181299865245819,0.9378151297569275,0.2010084092617035
YJL026W,YJL052W,0,-6.2842693,0.31794872879981995,0.9378151297569275,0.2011764645576477
YIL002C,YBR083W,0,-6.2842865,0.3177676498889923,0.9378151297569275,0.2013445347547531
YDR208W,YLR335W,0,-6.2853723,0.3175868093967438,0.9378151297569275,0.20151260495185852
YOL142W,YOR287C,1,-6.2854767,0.3179749846458435,0.9394958019256592,0.20151260495185852
YDR320C-A,YHR042W,0,-6.2884135,0.31779420375823975,0.9394958019256592,0.20168067514896393
YPL163C,YHR167W,0,-6.2895613,0.3176136314868927,0.9394958019256592,0.20184874534606934
YLL061W,YPL171C,0,-6.29269,0.31743326783180237,0.9394958019256592,0.20201680064201355
YMR041C,YDR331W,0,-6.2927775,0.31725311279296875,0.9394958019256592,0.20218487083911896
YCL055W,YJR010C-A,0,-6.2929387,0.31707316637039185,0.9394958019256592,0.20235294103622437
YOL043C,YBR162C,0,-6.2963285,0.31689342856407166,0.9394958019256592,0.20252101123332977
YPL258C,YIL056W,0,-6.2973294,0.3167138695716858,0.9394958019256592,0.20268908143043518
YNL280C,YPL210C,0,-6.2984424,0.31653454899787903,0.9394958019256592,0.2028571367263794
YDR524C,YDR207C,0,-6.2999983,0.3163554072380066,0.9394958019256592,0.2030252069234848
YJR076C,YIL109C,0,-6.3000455,0.31617647409439087,0.9394958019256592,0.2031932771205902
YHR005C,YDR131C,0,-6.302467,0.31599774956703186,0.9394958019256592,0.20336134731769562
YPR155C,YDR086C,0,-6.303375,0.3158192038536072,0.9394958019256592,0.20352941751480103
YJL165C,YMR263W,0,-6.303715,0.3156408667564392,0.9394958019256592,0.20369747281074524
YNL068C,YLR219W,0,-6.303804,0.31546276807785034,0.9394958019256592,0.20386554300785065
YJL102W,YDR086C,0,-6.304692,0.3152848184108734,0.9394958019256592,0.20403361320495605
YLR215C,YLR277C,0,-6.306536,0.3151071071624756,0.9394958019256592,0.20420168340206146
YBR162C,YDR451C,0,-6.307385,0.3149295747280121,0.9394958019256592,0.20436975359916687
YOL164W,YCL026C-A,0,-6.309038,0.3147522509098053,0.9394958019256592,0.20453780889511108
YJR150C,YIL119C,0,-6.3092704,0.3145751357078552,0.9394958019256592,0.2047058790922165
YGL219C,YML023C,0,-6.3096414,0.3143981993198395,0.9394958019256592,0.2048739492893219
YJR093C,YPR188C,0,-6.3103566,0.31422147154808044,0.9394958019256592,0.2050420194864273
YGL037C,YHR012W,0,-6.312987,0.3140449523925781,0.9394958019256592,0.20521008968353271
YOL002C,YGR014W,0,-6.3132005,0.31386861205101013,0.9394958019256592,0.20537814497947693
YGL142C,YGL062W,0,-6.3137994,0.31369248032569885,0.9394958019256592,0.20554621517658234
YNL068C,YMR216C,0,-6.3159404,0.3135165572166443,0.9394958019256592,0.20571428537368774
YDR372C,YDR341C,0,-6.3162856,0.31334081292152405,0.9394958019256592,0.20588235557079315
YJL065C,YBR105C,0,-6.3196435,0.3131652772426605,0.9394958019256592,0.20605042576789856
YIR033W,YJR045C,0,-6.3208375,0.3129899203777313,0.9394958019256592,0.20621848106384277
YFR024C,YPL026C,0,-6.321234,0.31281477212905884,0.9394958019256592,0.20638655126094818
YHL036W,YOR159C,0,-6.323483,0.31263983249664307,0.9394958019256592,0.2065546214580536
YFR028C,YPR001W,0,-6.324376,0.3124650716781616,0.9394958019256592,0.206722691655159
YDL087C,YMR079W,0,-6.326656,0.3122904896736145,0.9394958019256592,0.2068907618522644
YDR393W,YNL241C,0,-6.3267093,0.3121161460876465,0.9394958019256592,0.20705881714820862
YJL184W,YOR106W,0,-6.3289704,0.3119419515132904,0.9394958019256592,0.20722688734531403
YIL118W,YOR008C-A,0,-6.329312,0.3117679953575134,0.9394958019256592,0.20739495754241943
YDR309C,YDR180W,0,-6.3299885,0.3115941882133484,0.9394958019256592,0.20756302773952484
YMR301C,YPL021W,0,-6.33024,0.31142061948776245,0.9394958019256592,0.20773109793663025
YEL060C,YER031C,0,-6.330956,0.31124722957611084,0.9394958019256592,0.20789915323257446
YGL065C,YEL060C,0,-6.3311734,0.31107401847839355,0.9394958019256592,0.20806722342967987
YER167W,YJR017C,0,-6.3322043,0.310901015996933,0.9394958019256592,0.20823529362678528
YBR233W-A,YDL058W,0,-6.3322387,0.31072819232940674,0.9394958019256592,0.20840336382389069
YDR040C,YMR106C,0,-6.3359065,0.3105555474758148,0.9394958019256592,0.2085714340209961
YGR088W,YOL038W,0,-6.339262,0.3103831112384796,0.9394958019256592,0.2087394893169403
YEL016C,YBR240C,0,-6.340709,0.3102108836174011,0.9394958019256592,0.20890755951404572
YBR107C,YJL183W,0,-6.3421783,0.31003883481025696,0.9394958019256592,0.20907562971115112
YPR104C,YML093W,1,-6.342409,0.31042128801345825,0.9411764740943909,0.20907562971115112
YMR270C,YDR359C,0,-6.342699,0.31024929881095886,0.9411764740943909,0.20924369990825653
YHR171W,YDR131C,0,-6.342872,0.3100775182247162,0.9411764740943909,0.20941177010536194
YGR059W,YML033W,0,-6.342974,0.30990591645240784,0.9411764740943909,0.20957982540130615
YOL130W,YGR129W,0,-6.3436685,0.3097345232963562,0.9411764740943909,0.20974789559841156
YOL126C,YGR010W,0,-6.343798,0.3095633089542389,0.9411764740943909,0.20991596579551697
YBR050C,YCL063W,0,-6.343821,0.3093922734260559,0.9411764740943909,0.21008403599262238
YJL183W,YCL075W,0,-6.3451047,0.30922141671180725,0.9411764740943909,0.21025210618972778
YOL063C,YGL151W,0,-6.3458858,0.3090507686138153,0.9411764740943909,0.210420161485672
YER114C,YNL304W,0,-6.3486137,0.3088802993297577,0.9411764740943909,0.2105882316827774
YGR003W,YDR075W,0,-6.3491035,0.3087100386619568,0.9411764740943909,0.2107563018798828
YML132W,YOR330C,0,-6.3491716,0.3085399568080902,0.9411764740943909,0.21092437207698822
YDL145C,YPL265W,0,-6.349379,0.30837005376815796,0.9411764740943909,0.21109244227409363
YCL043C,YHR138C,0,-6.349696,0.30820032954216003,0.9411764740943909,0.21126049757003784
YJL145W,YIL080W,0,-6.351732,0.3080308139324188,0.9411764740943909,0.21142856776714325
YGL124C,YJL052W,0,-6.352473,0.30786147713661194,0.9411764740943909,0.21159663796424866
YGR284C,YFL018C,0,-6.3525753,0.3076923191547394,0.9411764740943909,0.21176470816135406
YPL059W,YOR386W,0,-6.3538375,0.30752333998680115,0.9411764740943909,0.21193277835845947
YNL027W,YOR241W,0,-6.354121,0.30735456943511963,0.9411764740943909,0.2121008336544037
YLR319C,YLR110C,0,-6.3563294,0.30718594789505005,0.9411764740943909,0.2122689038515091
YHR161C,YPL239W,0,-6.357298,0.3070175349712372,0.9411764740943909,0.2124369740486145
YCL026C-A,YKR095W-A,0,-6.357639,0.30684930086135864,0.9411764740943909,0.2126050442457199
YER088C,YPL248C,0,-6.358188,0.3066812753677368,0.9411764740943909,0.21277311444282532
YDR320C-A,YER003C,0,-6.359219,0.30651339888572693,0.9411764740943909,0.21294116973876953
YFR053C,YCR044C,0,-6.3596168,0.30634573101997375,0.9411764740943909,0.21310923993587494
YMR184W,YBR162C,0,-6.3597255,0.3061782419681549,0.9411764740943909,0.21327731013298035
YMR072W,YAR033W,0,-6.3651247,0.3060109317302704,0.9411764740943909,0.21344538033008575
YNL020C,YGR202C,0,-6.365154,0.3058438003063202,0.9411764740943909,0.21361345052719116
YBL058W,YBL061C,0,-6.365712,0.3056768476963043,0.9411764740943909,0.21378150582313538
YCL027W,YPL171C,0,-6.367434,0.30551010370254517,0.9411764740943909,0.21394957602024078
YOL002C,YLR025W,0,-6.3691406,0.30534350872039795,0.9411764740943909,0.2141176462173462
YPR082C,YPL060W,0,-6.369393,0.30517712235450745,0.9411764740943909,0.2142857164144516
YLL061W,YCL063W,0,-6.3709836,0.3050108850002289,0.9411764740943909,0.214453786611557
YBR159W,YDR075W,0,-6.3720713,0.30484485626220703,0.9411764740943909,0.21462184190750122
YMR150C,YBR240C,0,-6.372522,0.3046790063381195,0.9411764740943909,0.21478991210460663
YNL153C,YPL258C,0,-6.372949,0.3045133352279663,0.9411764740943909,0.21495798230171204
YLR160C,YFR030W,0,-6.3732324,0.30434781312942505,0.9411764740943909,0.21512605249881744
YGR041W,YPR083W,0,-6.3734007,0.3041824996471405,0.9411764740943909,0.21529412269592285
YNL281W,YGL008C,0,-6.374641,0.3040173649787903,0.9411764740943909,0.21546217799186707
YDR331W,YCL055W,0,-6.374696,0.3038524091243744,0.9411764740943909,0.21563024818897247
YLR007W,YKR086W,0,-6.3748894,0.3036876320838928,0.9411764740943909,0.21579831838607788
YGR268C,YPR165W,0,-6.3765182,0.3035230338573456,0.9411764740943909,0.2159663885831833
YKR095W,YGL008C,0,-6.377429,0.30335861444473267,0.9411764740943909,0.2161344587802887
YOR322C,YER089C,0,-6.377659,0.3031943738460541,0.9411764740943909,0.2163025140762329
YDR331W,YDL230W,0,-6.3777385,0.3030303120613098,0.9411764740943909,0.21647058427333832
YDL058W,YKL088W,0,-6.378027,0.3028664290904999,0.9411764740943909,0.21663865447044373
YOL002C,YKL055C,0,-6.380392,0.3027026951313019,0.9411764740943909,0.21680672466754913
YJR139C,YDR142C,0,-6.381064,0.3025391697883606,0.9411764740943909,0.21697479486465454
YKL085W,YOR206W,0,-6.3816156,0.30237582325935364,0.9411764740943909,0.21714285016059875
YDR386W,YDR131C,0,-6.381987,0.3022126257419586,0.9411764740943909,0.21731092035770416
YGL035C,YMR013C,0,-6.3829484,0.3020496368408203,0.9411764740943909,0.21747899055480957
YHR203C,YPL234C,0,-6.3855295,0.30188679695129395,0.9411764740943909,0.21764706075191498
YBR218C,YGR054W,0,-6.385644,0.3017241358757019,0.9411764740943909,0.21781513094902039
YKR038C,YIL029C,0,-6.38619,0.3015616536140442,0.9411764740943909,0.2179831862449646
YOL117W,YAL016W,0,-6.386661,0.3013993501663208,0.9411764740943909,0.21815125644207
YDR345C,YMR013C,0,-6.390357,0.30123722553253174,0.9411764740943909,0.21831932663917542
YKL093W,YOR098C,0,-6.3915906,0.301075279712677,0.9411764740943909,0.21848739683628082
YOR239W,YCL074W,0,-6.3922,0.3009134829044342,0.9411764740943909,0.21865546703338623
YGR230W,YIL131C,0,-6.3942657,0.30075186491012573,0.9411764740943909,0.21882352232933044
YFR030W,YOL113W,0,-6.3945093,0.300590455532074,0.9411764740943909,0.21899159252643585
YKL150W,YMR214W,0,-6.3952746,0.30042919516563416,0.9411764740943909,0.21915966272354126
YPR020W,YPL060W,0,-6.396772,0.3002680838108063,0.9411764740943909,0.21932773292064667
YDL150W,YBR152W,0,-6.3972263,0.3001071810722351,0.9411764740943909,0.21949580311775208
YOR221C,YCR083W,0,-6.4029274,0.2999464273452759,0.9411764740943909,0.2196638584136963
YHR042W,YOR008C-A,0,-6.40568,0.299785852432251,0.9411764740943909,0.2198319286108017
YML113W,YIL061C,0,-6.40593,0.2996254563331604,0.9411764740943909,0.2199999988079071
YOL002C,YCL074W,0,-6.406875,0.29946523904800415,0.9411764740943909,0.2201680690050125
YJL090C,YGR111W,0,-6.4073143,0.29930517077445984,0.9411764740943909,0.22033613920211792
YNL153C,YDR202C,0,-6.40793,0.29914531111717224,0.9411764740943909,0.22050419449806213
YHL040C,YLR205C,0,-6.408024,0.2989855706691742,0.9411764740943909,0.22067226469516754
YLR157C,YDR335W,0,-6.408089,0.29882603883743286,0.9411764740943909,0.22084033489227295
YKL093W,YMR005W,0,-6.4084415,0.29866665601730347,0.9411764740943909,0.22100840508937836
YMR201C,YBR058C-A,0,-6.4089746,0.2985074520111084,0.9411764740943909,0.22117647528648376
YLR205C,YGR248W,0,-6.4100127,0.29834842681884766,0.9411764740943909,0.22134453058242798
YBR233W-A,YDL230W,0,-6.410164,0.29818955063819885,0.9411764740943909,0.2215126007795334
YKR066C,YJL133W,0,-6.411341,0.2980308532714844,0.9411764740943909,0.2216806709766388
YOL142W,YNL222W,1,-6.4122996,0.2984042465686798,0.9428571462631226,0.2216806709766388
YDR083W,YDR478W,1,-6.4130106,0.2987772524356842,0.9445378184318542,0.2216806709766388
YOR344C,YLR193C,0,-6.413315,0.29861849546432495,0.9445378184318542,0.2218487411737442
YOL133W,YGL037C,0,-6.4151397,0.2984599173069,0.9445378184318542,0.2220168113708496
YDR040C,YAR008W,0,-6.415986,0.29830148816108704,0.9445378184318542,0.22218486666679382
YOR346W,YJR027W,0,-6.416847,0.2981432378292084,0.9445378184318542,0.22235293686389923
YHR175W,YOL126C,0,-6.4179425,0.29798516631126404,0.9445378184318542,0.22252100706100464
YHR116W,YBR177C,0,-6.4180965,0.29782724380493164,0.9445378184318542,0.22268907725811005
YFL025C,YPR046W,0,-6.4196854,0.29766950011253357,0.9445378184318542,0.22285714745521545
YCR083W,YJR027W,0,-6.4207163,0.29751190543174744,0.9445378184318542,0.22302520275115967
YDL019C,YAR008W,0,-6.4213996,0.29735448956489563,0.9445378184318542,0.22319327294826508
YBR159W,YHR023W,0,-6.4215426,0.29719725251197815,0.9445378184318542,0.22336134314537048
YBR159W,YLR240W,0,-6.4219623,0.2970401644706726,0.9445378184318542,0.2235294133424759
YPR188C,YCL074W,0,-6.4223394,0.2968832552433014,0.9445378184318542,0.2236974835395813
YGR262C,YBR087W,0,-6.4224906,0.2967264950275421,0.9445378184318542,0.2238655388355255
YKL165C,YPL118W,0,-6.4226127,0.29656991362571716,0.9445378184318542,0.22403360903263092
YOL117W,YKL080W,0,-6.4234548,0.29641351103782654,0.9445378184318542,0.22420167922973633
YGL172W,YBR152W,0,-6.424669,0.29625725746154785,0.9445378184318542,0.22436974942684174
YKR086W,YOR307C,0,-6.4262395,0.2961011528968811,0.9445378184318542,0.22453781962394714
YNL118C,YPL210C,0,-6.428879,0.2959452271461487,0.9445378184318542,0.22470587491989136
YGL226C-A,YOR008C-A,0,-6.4297004,0.2957894802093506,0.9445378184318542,0.22487394511699677
YBR059C,YJL025W,0,-6.4317894,0.29563388228416443,0.9445378184318542,0.22504201531410217
YDR055W,YGL004C,0,-6.435262,0.2954784333705902,0.9445378184318542,0.22521008551120758
YLR110C,YGL172W,0,-6.4353657,0.2953231632709503,0.9445378184318542,0.225378155708313
YPR188C,YJR010C-A,0,-6.43665,0.29516807198524475,0.9445378184318542,0.2255462259054184
YBR038W,YER035W,0,-6.4378467,0.2950131297111511,0.9445378184318542,0.2257142812013626
YBR211C,YLR147C,0,-6.438144,0.29485833644866943,0.9445378184318542,0.22588235139846802
YOR329C,YOR008C-A,0,-6.4383326,0.29470372200012207,0.9445378184318542,0.22605042159557343
YMR150C,YKL165C,0,-6.4388866,0.29454925656318665,0.9445378184318542,0.22621849179267883
YDR214W,YGL124C,0,-6.440913,0.29439496994018555,0.9445378184318542,0.22638656198978424
YOR230W,YNL241C,0,-6.4411283,0.2942408323287964,0.9445378184318542,0.22655461728572845
YKL029C,YGL172W,0,-6.441278,0.29408687353134155,0.9445378184318542,0.22672268748283386
YJR150C,YOR171C,0,-6.4446616,0.29393306374549866,0.9445378184318542,0.22689075767993927
YGR059W,YCR083W,0,-6.444869,0.2937794029712677,0.9445378184318542,0.22705882787704468
YPL110C,YJR140C,0,-6.445481,0.29362592101097107,0.9445378184318542,0.22722689807415009
YGL035C,YML014W,0,-6.446968,0.2934725880622864,0.9445378184318542,0.2273949533700943
YNL084C,YBR183W,0,-6.4470325,0.2933194041252136,0.9445378184318542,0.2275630235671997
YGL195W,YOR098C,0,-6.44756,0.2931663990020752,0.9445378184318542,0.22773109376430511
YOL126C,YPR018W,0,-6.4480605,0.2930135428905487,0.9445378184318542,0.22789916396141052
YOL126C,YPL033C,0,-6.4495792,0.29286086559295654,0.9445378184318542,0.22806723415851593
YJL121C,YJL154C,0,-6.450354,0.2927083373069763,0.9445378184318542,0.22823528945446014
YBL093C,YCR102C,0,-6.451138,0.29255595803260803,0.9445378184318542,0.22840335965156555
YDR337W,YLR262C,0,-6.4521823,0.2924037575721741,0.9445378184318542,0.22857142984867096
YDR331W,YGL084C,0,-6.45438,0.29225167632102966,0.9445378184318542,0.22873950004577637
YGR088W,YNL044W,0,-6.454798,0.29209980368614197,0.9445378184318542,0.22890757024288177
YCR048W,YGR186W,0,-6.454934,0.2919480502605438,0.9445378184318542,0.229075625538826
YNR015W,YGR181W,0,-6.4568295,0.29179647564888,0.9445378184318542,0.2292436957359314
YGR218W,YPL163C,0,-6.4586644,0.2916450500488281,0.9445378184318542,0.2294117659330368
YLR160C,YBR233W-A,0,-6.459285,0.2914937734603882,0.9445378184318542,0.2295798361301422
YBR068C,YKL018W,0,-6.4599614,0.29134267568588257,0.9445378184318542,0.22974790632724762
YIL002C,YMR270C,0,-6.461755,0.2911916971206665,0.9445378184318542,0.22991596162319183
YNL136W,YBR129C,0,-6.463221,0.29104089736938477,0.9445378184318542,0.23008403182029724
YLL018C-A,YCR061W,0,-6.463648,0.29089027643203735,0.9445378184318542,0.23025210201740265
YBL047C,YJR028W,0,-6.4637747,0.2907397747039795,0.9445378184318542,0.23042017221450806
YDR298C,YCR009C,0,-6.4645705,0.29058945178985596,0.9445378184318542,0.23058824241161346
YBL047C,YOL069W,0,-6.4656205,0.29043927788734436,0.9445378184318542,0.23075629770755768
YJR091C,YPL060W,0,-6.4676986,0.2902892529964447,0.9445378184318542,0.23092436790466309
YHR116W,YDL036C,0,-6.468705,0.290139377117157,0.9445378184318542,0.2310924381017685
YKL208W,YLL056C,0,-6.4688525,0.2899896800518036,0.9445378184318542,0.2312605082988739
YIL120W,YOL039W,0,-6.46918,0.28984013199806213,0.9445378184318542,0.2314285784959793
YML123C,YFL036W,0,-6.4696574,0.2896907329559326,0.9445378184318542,0.23159663379192352
YOL063C,YNR067C,0,-6.470204,0.28954148292541504,0.9445378184318542,0.23176470398902893
YGL195W,YHR039C,0,-6.4706893,0.2893923819065094,0.9445378184318542,0.23193277418613434
YJL006C,YOL122C,0,-6.4707074,0.2892434298992157,0.9445378184318542,0.23210084438323975
YHR158C,YJL139C,0,-6.473182,0.2890946567058563,0.9445378184318542,0.23226891458034515
YDR277C,YER165W,0,-6.4738197,0.2889460027217865,0.9445378184318542,0.23243696987628937
YAL054C,YPL224C,0,-6.475001,0.288797527551651,0.9445378184318542,0.23260504007339478
YGL016W,YIL117C,0,-6.475316,0.28864920139312744,0.9445378184318542,0.23277311027050018
YGL030W,YNL222W,1,-6.4779115,0.28901436924934387,0.9462184906005859,0.23277311027050018
YBR068C,YKR059W,0,-6.4782586,0.2888660728931427,0.9462184906005859,0.2329411804676056
YER032W,YDR086C,0,-6.47871,0.28871795535087585,0.9462184906005859,0.233109250664711
YBR210W,YER003C,0,-6.4791713,0.28856995701789856,0.9462184906005859,0.2332773059606552
YHR171W,YER044C,0,-6.480634,0.2884221374988556,0.9462184906005859,0.23344537615776062
YKR095W,YPL033C,0,-6.481302,0.2882744371891022,0.9462184906005859,0.23361344635486603
YBL009W,YGL238W,0,-6.481394,0.2881269156932831,0.9462184906005859,0.23378151655197144
YGR261C,YOR172W,0,-6.482338,0.2879795432090759,0.9462184906005859,0.23394958674907684
YNL020C,YBR185C,0,-6.484208,0.2878323197364807,0.9462184906005859,0.23411764204502106
YIL036W,YHR138C,0,-6.485372,0.28768524527549744,0.9462184906005859,0.23428571224212646
YHR042W,YJR028W,0,-6.48796,0.2875382900238037,0.9462184906005859,0.23445378243923187
YML023C,YGR054W,0,-6.4880204,0.2873915135860443,0.9462184906005859,0.23462185263633728
YDR174W,YDL036C,0,-6.48928,0.28724488615989685,0.9462184906005859,0.2347899228334427
YHR099W,YDR165W,0,-6.489409,0.28709840774536133,0.9462184906005859,0.2349579781293869
YKL095W,YLL056C,0,-6.4900093,0.28695207834243774,0.9462184906005859,0.2351260483264923
YOR002W,YHR194W,0,-6.4903927,0.2868058979511261,0.9462184906005859,0.23529411852359772
YBR059C,YLR346C,0,-6.4909263,0.2866598665714264,0.9462184906005859,0.23546218872070312
YIL142W,YFR024C,0,-6.491871,0.2865139842033386,0.9462184906005859,0.23563025891780853
YGL092W,YMR139W,0,-6.4920096,0.2863682508468628,0.9462184906005859,0.23579831421375275
YMR138W,YMR284W,0,-6.492065,0.2862226665019989,0.9462184906005859,0.23596638441085815
YLR377C,YOR272W,0,-6.4945893,0.28607723116874695,0.9462184906005859,0.23613445460796356
YLR377C,YCR102C,0,-6.494876,0.28593194484710693,0.9462184906005859,0.23630252480506897
YML127W,YLR010C,0,-6.495436,0.28578680753707886,0.9462184906005859,0.23647059500217438
YOL156W,YOR307C,0,-6.495997,0.2856418192386627,0.9462184906005859,0.2366386502981186
YGR186W,YDL235C,0,-6.498954,0.28549695014953613,0.9462184906005859,0.236806720495224
YLR157C,YCR042C,0,-6.500562,0.28535225987434387,0.9462184906005859,0.2369747906923294
YER003C,YLR329W,0,-6.501063,0.28520768880844116,0.9462184906005859,0.23714286088943481
YJL034W,YNL032W,0,-6.5027575,0.2850632965564728,0.9462184906005859,0.23731093108654022
YBL047C,YJR140C,0,-6.5030375,0.28491902351379395,0.9462184906005859,0.23747898638248444
YDR163W,YGR186W,0,-6.5031734,0.28477489948272705,0.9462184906005859,0.23764705657958984
YIR041W,YCL075W,0,-6.503179,0.2846309542655945,0.9462184906005859,0.23781512677669525
YPL265W,YCR072C,0,-6.503855,0.28448712825775146,0.9462184906005859,0.23798319697380066
YER179W,YGL195W,0,-6.504726,0.284343421459198,0.9462184906005859,0.23815126717090607
YOR209C,YGL006W,0,-6.5053916,0.28419989347457886,0.9462184906005859,0.23831932246685028
YMR175W,YPL210C,0,-6.505482,0.28405651450157166,0.9462184906005859,0.2384873926639557
YDR180W,YIL061C,0,-6.506996,0.283913254737854,0.9462184906005859,0.2386554628610611
YOR249C,YPR083W,0,-6.5081367,0.2837701737880707,0.9462184906005859,0.2388235330581665
YDR013W,YOR212W,0,-6.508518,0.2836272120475769,0.9462184906005859,0.2389916032552719
YHR161C,YDR131C,0,-6.508561,0.28348439931869507,0.9462184906005859,0.23915965855121613
YBR186W,YPL234C,0,-6.509437,0.28334173560142517,0.9462184906005859,0.23932772874832153
YDL087C,YIL080W,0,-6.509525,0.2831991910934448,0.9462184906005859,0.23949579894542694
YLR259C,YJR027W,0,-6.5118423,0.2830568253993988,0.9462184906005859,0.23966386914253235
YKL025C,YKR086W,0,-6.5132546,0.28291457891464233,0.9462184906005859,0.23983193933963776
YDL006W,YLR467W,0,-6.515735,0.2827724814414978,0.9462184906005859,0.23999999463558197
YNR026C,YKL122C,0,-6.5162234,0.2826305329799652,0.9462184906005859,0.24016806483268738
YBR065C,YMR263W,0,-6.5168867,0.28248870372772217,0.9462184906005859,0.24033613502979279
YOL009C,YLR346C,0,-6.517682,0.28234705328941345,0.9462184906005859,0.2405042052268982
YKL101W,YER068W,0,-6.5179195,0.2822055220603943,0.9462184906005859,0.2406722754240036
YJR083C,YJL208C,0,-6.51828,0.28206413984298706,0.9462184906005859,0.24084033071994781
YLR008C,YBR152W,0,-6.518454,0.2819228768348694,0.9462184906005859,0.24100840091705322
YDR432W,YBR127C,0,-6.5197253,0.28178179264068604,0.9462184906005859,0.24117647111415863
YNL065W,YKL055C,0,-6.521579,0.28164082765579224,0.9462184906005859,0.24134454131126404
YNL148C,YCR102C,0,-6.5220637,0.2815000116825104,0.9462184906005859,0.24151261150836945
YML047C,YPR095C,0,-6.524656,0.28135931491851807,0.9462184906005859,0.24168066680431366
YKL160W,YDL225W,0,-6.52474,0.2812187671661377,0.9462184906005859,0.24184873700141907
YBL093C,YLR006C,0,-6.5257125,0.28107836842536926,0.9462184906005859,0.24201680719852448
YHR119W,YLR147C,0,-6.5274253,0.28093811869621277,0.9462184906005859,0.24218487739562988
YGR249W,YFR003C,0,-6.5319953,0.2807980179786682,0.9462184906005859,0.2423529475927353
YMR011W,YGL229C,0,-6.5322614,0.2806580364704132,0.9462184906005859,0.2425210028886795
YNR067C,YKL025C,0,-6.5323977,0.28051817417144775,0.9462184906005859,0.2426890730857849
YKL086W,YBR183W,0,-6.533106,0.2803784906864166,0.9462184906005859,0.24285714328289032
YGL195W,YDR337W,0,-6.533109,0.28023892641067505,0.9462184906005859,0.24302521347999573
YML047C,YMR214W,0,-6.5352483,0.2800995111465454,0.9462184906005859,0.24319328367710114
YHR150W,YML055W,0,-6.537088,0.2799602150917053,0.9462184906005859,0.24336133897304535
YHR099W,YML039W,0,-6.53931,0.2798210680484772,0.9462184906005859,0.24352940917015076
YHR203C,YLR240W,0,-6.539569,0.27968207001686096,0.9462184906005859,0.24369747936725616
YNL304W,YLR346C,0,-6.5401382,0.2795431911945343,0.9462184906005859,0.24386554956436157
YPL026C,YDR086C,0,-6.5414557,0.2794044613838196,0.9462184906005859,0.24403361976146698
YGL180W,YPR181C,0,-6.5427823,0.2792658805847168,0.9462184906005859,0.2442016750574112
YKR002W,YDL098C,0,-6.5434117,0.27912741899490356,0.9462184906005859,0.2443697452545166
YBR234C,YML113W,0,-6.5439076,0.27898910641670227,0.9462184906005859,0.244537815451622
YDL013W,YMR270C,0,-6.544217,0.2788509130477905,0.9462184906005859,0.24470588564872742
YLR192C,YGL030W,1,-6.5468445,0.27920791506767273,0.9478991627693176,0.24470588564872742
YKL042W,YJR028W,0,-6.5484414,0.27906978130340576,0.9478991627693176,0.24487395584583282
YML092C,YKL088W,0,-6.548998,0.27893173694610596,0.9478991627693176,0.24504201114177704
YIL142W,YMR001C,0,-6.5494695,0.2787938714027405,0.9478991627693176,0.24521008133888245
YNL281W,YPR188C,0,-6.5503345,0.27865612506866455,0.9478991627693176,0.24537815153598785
YGL004C,YCR072C,0,-6.552343,0.27851852774620056,0.9478991627693176,0.24554622173309326
YMR153W,YPL163C,0,-6.553322,0.2783810496330261,0.9478991627693176,0.24571429193019867
YOR098C,YOL113W,0,-6.5536647,0.2782437205314636,0.9478991627693176,0.24588234722614288
YDR191W,YPL118W,0,-6.554238,0.2781065106391907,0.9478991627693176,0.2460504174232483
YMR232W,YDL195W,0,-6.5543075,0.27796944975852966,0.9478991627693176,0.2462184876203537
YGL035C,YIL106W,0,-6.5551114,0.2778325080871582,0.9478991627693176,0.2463865578174591
YHR061C,YML049C,0,-6.5552506,0.2776957154273987,0.9478991627693176,0.24655462801456451
YFL025C,YJR140C,0,-6.555323,0.2775590419769287,0.9478991627693176,0.24672268331050873
YKL029C,YIL008W,0,-6.555617,0.2774225175380707,0.9478991627693176,0.24689075350761414
YER138C,YGR111W,0,-6.556693,0.2772861421108246,0.9478991627693176,0.24705882370471954
YER164W,YCL075W,0,-6.557182,0.27714988589286804,0.9478991627693176,0.24722689390182495
YOR099W,YEL060C,0,-6.5574603,0.27701374888420105,0.9478991627693176,0.24739496409893036
YJL111W,YJR017C,0,-6.5586863,0.276877760887146,0.9478991627693176,0.24756301939487457
YFL011W,YDR122W,0,-6.5589967,0.2767418920993805,0.9478991627693176,0.24773108959197998
YGR261C,YDL109C,0,-6.5606647,0.27660617232322693,0.9478991627693176,0.2478991597890854
YKL139W,YBR066C,0,-6.561336,0.2764706015586853,0.9478991627693176,0.2480672299861908
YPR094W,YHR200W,0,-6.563555,0.27633512020111084,0.9478991627693176,0.2482353001832962
YMR232W,YKL122C,0,-6.5667057,0.2761998176574707,0.9478991627693176,0.24840335547924042
YIL112W,YPR070W,0,-6.5676966,0.27606460452079773,0.9478991627693176,0.24857142567634583
YGL084C,YCL074W,0,-6.5679264,0.2759295403957367,0.9478991627693176,0.24873949587345123
YGL155W,YJR139C,0,-6.568209,0.2757946252822876,0.9478991627693176,0.24890756607055664
YPR104C,YGL171W,1,-6.56823,0.27614858746528625,0.9495798349380493,0.24890756607055664
YIL155C,YMR013C,0,-6.569833,0.27601367235183716,0.9495798349380493,0.24907563626766205
YGL226C-A,YPR182W,0,-6.5700264,0.27587890625,0.9495798349380493,0.24924369156360626
YAL042W,YFR005C,0,-6.5701766,0.2757442593574524,0.9495798349380493,0.24941176176071167
YFR024C,YAL032C,0,-6.5705633,0.2756097614765167,0.9495798349380493,0.24957983195781708
YJR022W,YBR256C,0,-6.5726056,0.2754753828048706,0.9495798349380493,0.24974790215492249
YHR175W,YML120C,0,-6.5726905,0.27534112334251404,0.9495798349380493,0.2499159723520279
YLR319C,YDL181W,0,-6.5733886,0.2752070128917694,0.9495798349380493,0.2500840425491333
YNL020C,YDR318W,0,-6.576203,0.27507302165031433,0.9495798349380493,0.2502520978450775
YDR207C,YIL056W,0,-6.576697,0.2749391794204712,0.9495798349380493,0.2504201829433441
YBR283C,YCL005W-A,0,-6.579473,0.2748054563999176,0.9495798349380493,0.25058823823928833
YPR094W,YKL122C,0,-6.5797386,0.27467185258865356,0.9495798349380493,0.25075629353523254
YDL017W,YLR277C,0,-6.582557,0.27453839778900146,0.9495798349380493,0.25092437863349915
YMR001C,YDL080C,0,-6.58262,0.2744050621986389,0.9495798349380493,0.25109243392944336
YGR177C,YOL009C,0,-6.58536,0.2742718458175659,0.9495798349380493,0.25126051902770996
YJR091C,YBR283C,0,-6.585937,0.27413877844810486,0.9495798349380493,0.2514285743236542
YGR180C,YBL093C,0,-6.5859714,0.27400583028793335,0.9495798349380493,0.2515966296195984
YDR046C,YKR095W-A,0,-6.586431,0.2738730013370514,0.9495798349380493,0.251764714717865
YOL013C,YOL069W,0,-6.5886664,0.27374032139778137,0.9495798349380493,0.2519327700138092
YGR262C,YJL111W,0,-6.5892673,0.2736077606678009,0.9495798349380493,0.2521008551120758
YNL009W,YNL154C,0,-6.5915537,0.27347531914711,0.9495798349380493,0.25226891040802
YOL049W,YKL086W,0,-6.591598,0.2733429968357086,0.9495798349380493,0.25243696570396423
YGR088W,YGL084C,0,-6.591922,0.2732108235359192,0.9495798349380493,0.25260505080223083
YGR249W,YNL070W,0,-6.5930223,0.2730787694454193,0.9495798349380493,0.25277310609817505
YIR033W,YGL178W,0,-6.593168,0.27294686436653137,0.9495798349380493,0.25294119119644165
YBR211C,YPR082C,0,-6.593917,0.272815078496933,0.9495798349380493,0.25310924649238586
YDL117W,YBR010W,0,-6.594189,0.27268341183662415,0.9495798349380493,0.2532773017883301
YNR067C,YPL234C,0,-6.594455,0.27255186438560486,0.9495798349380493,0.2534453868865967
YJL034W,YOL122C,0,-6.595367,0.2724204361438751,0.9495798349380493,0.2536134421825409
YDL036C,YNL154C,0,-6.596166,0.2722891569137573,0.9495798349380493,0.2537815272808075
YDL088C,YLR078C,0,-6.5962024,0.2721579968929291,0.9495798349380493,0.2539495825767517
YBR145W,YDL197C,0,-6.5971026,0.2720269560813904,0.9495798349380493,0.2541176378726959
YJL010C,YNL222W,1,-6.5979037,0.27237728238105774,0.951260507106781,0.2541176378726959
YER073W,YBR159W,0,-6.5980387,0.27224627137184143,0.951260507106781,0.2542857229709625
YGR003W,YHR203C,0,-6.598846,0.2721153795719147,0.951260507106781,0.25445377826690674
YJR083C,YIL029C,0,-6.5999136,0.27198463678359985,0.951260507106781,0.25462186336517334
YCR038C,YOR349W,0,-6.6019216,0.2718539834022522,0.951260507106781,0.25478991866111755
YDR163W,YCR072C,0,-6.6032553,0.2717234790325165,0.951260507106781,0.25495797395706177
YIR041W,YDR189W,0,-6.6063576,0.2715930938720703,0.951260507106781,0.25512605905532837
YER179W,YDL150W,0,-6.6067677,0.2714628279209137,0.951260507106781,0.2552941143512726
YJR074W,YFL017W-A,0,-6.6095533,0.27133268117904663,0.951260507106781,0.2554621994495392
YDR208W,YEL016C,0,-6.6096716,0.2712026834487915,0.951260507106781,0.2556302547454834
YLR048W,YJL139C,0,-6.6110907,0.2710728049278259,0.951260507106781,0.2557983100414276
YMR047C,YGR202C,0,-6.612017,0.2709430456161499,0.951260507106781,0.2559663951396942
YPR001W,YGR249W,0,-6.61717,0.2708134055137634,0.951260507106781,0.2561344504356384
YKL165C,YGL035C,0,-6.618218,0.2706838846206665,0.951260507106781,0.25630253553390503
YPR070W,YOL122C,0,-6.619725,0.27055448293685913,0.951260507106781,0.25647059082984924
YDR498C,YBR172C,0,-6.6198626,0.2704252302646637,0.951260507106781,0.25663864612579346
YGL178W,YGR111W,0,-6.6211915,0.2702960968017578,0.951260507106781,0.25680673122406006
YDR298C,YHR200W,0,-6.6212792,0.2701670527458191,0.951260507106781,0.2569747865200043
YHR001W-A,YCR080W,0,-6.6215396,0.2700381577014923,0.951260507106781,0.2571428716182709
YGR063C,YIL129C,0,-6.62205,0.2699093818664551,0.951260507106781,0.2573109269142151
YNL164C,YOR099W,0,-6.623544,0.2697807550430298,0.951260507106781,0.2574789822101593
YER001W,YLR425W,0,-6.62443,0.26965221762657166,0.951260507106781,0.2576470673084259
YJR086W,YKL088W,0,-6.6252613,0.2695237994194031,0.951260507106781,0.2578151226043701
YDL145C,YCR044C,0,-6.625645,0.26939553022384644,0.951260507106781,0.2579832077026367
YMR250W,YMR073C,0,-6.6263375,0.26926735043525696,0.951260507106781,0.25815126299858093
YBR159W,YJR045C,0,-6.628648,0.2691393196582794,0.951260507106781,0.25831931829452515
YMR072W,YFR029W,0,-6.6293945,0.26901140809059143,0.951260507106781,0.25848740339279175
YNL268W,YPL192C,0,-6.631991,0.268883615732193,0.951260507106781,0.25865545868873596
YPR001W,YFL016C,0,-6.632521,0.2687559425830841,0.951260507106781,0.25882354378700256
YKL191W,YHR041C,0,-6.6339307,0.26862838864326477,0.951260507106781,0.2589915990829468
YDL013W,YGL092W,0,-6.634057,0.268500953912735,0.951260507106781,0.259159654378891
YNL065W,YKR007W,0,-6.637314,0.26837363839149475,0.951260507106781,0.2593277394771576
YIL053W,YGR248W,0,-6.6375823,0.26824644207954407,0.951260507106781,0.2594957947731018
YNR067C,YDR397C,0,-6.637754,0.26811936497688293,0.951260507106781,0.2596638798713684
YPR182W,YCL074W,0,-6.6377544,0.26799243688583374,0.951260507106781,0.2598319351673126
YDR046C,YIL056W,0,-6.639893,0.2678655982017517,0.951260507106781,0.25999999046325684
YBL033C,YKL166C,0,-6.640148,0.26773887872695923,0.951260507106781,0.26016807556152344
YBR008C,YIL053W,0,-6.6416426,0.2676122784614563,0.951260507106781,0.26033613085746765
YER142C,YCR084C,0,-6.6420474,0.2674858272075653,0.951260507106781,0.26050421595573425
YKL101W,YPR182W,0,-6.6423984,0.2673594653606415,0.951260507106781,0.26067227125167847
YER068W,YPL163C,0,-6.64264,0.2672332525253296,0.951260507106781,0.2608403265476227
YPR070W,YER031C,0,-6.6439548,0.26710712909698486,0.951260507106781,0.2610084116458893
YDR397C,YIR022W,0,-6.6450996,0.2669811248779297,0.951260507106781,0.2611764669418335
YJR150C,YPR082C,0,-6.6454926,0.26685526967048645,0.951260507106781,0.2613445520401001
YOL063C,YDR308C,0,-6.6455607,0.2667295038700104,0.951260507106781,0.2615126073360443
YPR020W,YKR007W,0,-6.6460824,0.26660385727882385,0.951260507106781,0.2616806626319885
YGR155W,YJL072C,0,-6.64673,0.2664783298969269,0.951260507106781,0.2618487477302551
YJL214W,YCR072C,0,-6.648077,0.26635295152664185,0.951260507106781,0.26201680302619934
YBR155W,YFL041W,0,-6.648186,0.266227662563324,0.951260507106781,0.26218488812446594
YNL065W,YDL145C,0,-6.648317,0.26610249280929565,0.951260507106781,0.26235294342041016
YNL282W,YDR478W,1,-6.649254,0.26644736528396606,0.9529411792755127,0.26235294342041016
YEL016C,YHR119W,0,-6.6493487,0.26632222533226013,0.9529411792755127,0.26252099871635437
YNL014W,YNL304W,0,-6.6495194,0.26619717478752136,0.9529411792755127,0.26268908381462097
YFL003C,YIL123W,0,-6.6501493,0.26607227325439453,0.9529411792755127,0.2628571391105652
YOR002W,YNL311C,0,-6.6509204,0.26594746112823486,0.9529411792755127,0.2630252242088318
YIR005W,YDR207C,0,-6.651014,0.26582279801368713,0.9529411792755127,0.263193279504776
YMR224C,YOR307C,0,-6.6514316,0.26569822430610657,0.9529411792755127,0.2633613348007202
YML055W,YGR063C,0,-6.65513,0.26557376980781555,0.9529411792755127,0.2635294198989868
YPL100W,YNL030W,0,-6.656359,0.2654494345188141,0.9529411792755127,0.26369747519493103
YBR068C,YJR076C,0,-6.656591,0.2653252184391022,0.9529411792755127,0.26386556029319763
YEL027W,YKL220C,0,-6.6567073,0.2652011215686798,0.9529411792755127,0.26403361558914185
YNL153C,YOL126C,0,-6.657047,0.265077143907547,0.9529411792755127,0.26420167088508606
YPL202C,YLR116W,0,-6.6574583,0.26495328545570374,0.9529411792755127,0.26436975598335266
YML103C,YIL123W,0,-6.6577163,0.26482951641082764,0.9529411792755127,0.2645378112792969
YIL131C,YKL150W,0,-6.6588445,0.2647058963775635,0.9529411792755127,0.2647058963775635
YKR038C,YGL175C,0,-6.6606565,0.2645823657512665,0.9529411792755127,0.2648739516735077
YDR309C,YKL086W,0,-6.664557,0.26445895433425903,0.9529411792755127,0.2650420069694519
YFR005C,YGR054W,0,-6.6645665,0.26433566212654114,0.9529411792755127,0.2652100920677185
YPL010W,YGR129W,0,-6.6654315,0.2642124891281128,0.9529411792755127,0.2653781473636627
YPR070W,YMR216C,0,-6.665564,0.264089435338974,0.9529411792755127,0.2655462324619293
YGR249W,YER001W,0,-6.6655946,0.26396647095680237,0.9529411792755127,0.26571428775787354
YHR073W,YGL053W,0,-6.665874,0.2638436555862427,0.9529411792755127,0.26588234305381775
YML012W,YKL101W,0,-6.666387,0.26372092962265015,0.9529411792755127,0.26605042815208435
YHR158C,YKR079C,0,-6.66657,0.26359832286834717,0.9529411792755127,0.26621848344802856
YPL202C,YDL230W,0,-6.67164,0.26347583532333374,0.9529411792755127,0.26638656854629517
YDL126C,YDL003W,0,-6.6720166,0.26335346698760986,0.9529411792755127,0.2665546238422394
YFR024C,YER089C,0,-6.6733084,0.26323118805885315,0.9529411792755127,0.2667226791381836
YNL147W,YPR046W,0,-6.6738677,0.2631090581417084,0.9529411792755127,0.2668907642364502
YCL004W,YCR080W,0,-6.6746745,0.26298701763153076,0.9529411792755127,0.2670588195323944
YBR185C,YNL110C,0,-6.675326,0.2628650963306427,0.9529411792755127,0.267226904630661
YMR119W,YOL063C,0,-6.6777763,0.2627432942390442,0.9529411792755127,0.2673949599266052
YMR183C,YLR417W,0,-6.677916,0.26262158155441284,0.9529411792755127,0.26756301522254944
YEL037C,YMR283C,0,-6.6780186,0.26249998807907104,0.9529411792755127,0.26773110032081604
YOR330C,YIL056W,0,-6.678598,0.2623785138130188,0.9529411792755127,0.26789915561676025
YOR099W,YIL053W,0,-6.678637,0.2622571587562561,0.9529411792755127,0.26806724071502686
YNL065W,YMR225C,0,-6.6798315,0.26213592290878296,0.9529411792755127,0.26823529601097107
YPL110C,YPL091W,0,-6.6800065,0.262014776468277,0.9529411792755127,0.2684033513069153
YIR041W,YMR104C,0,-6.6805024,0.26189377903938293,0.9529411792755127,0.2685714364051819
YDR456W,YCL074W,0,-6.6811295,0.26177284121513367,0.9529411792755127,0.2687394917011261
YDR481C,YOR217W,0,-6.681995,0.26165205240249634,0.9529411792755127,0.2689075767993927
YKL112W,YER169W,0,-6.6828485,0.26153135299682617,0.9529411792755127,0.2690756320953369
YPL258C,YER031C,0,-6.684122,0.26141080260276794,0.9529411792755127,0.26924368739128113
YEL027W,YPL258C,0,-6.6862197,0.2612903118133545,0.9529411792755127,0.26941177248954773
YNL274C,YGL011C,0,-6.688653,0.261169970035553,0.9529411792755127,0.26957982778549194
YNL323W,YOR106W,0,-6.688789,0.26104971766471863,0.9529411792755127,0.26974791288375854
YIL084C,YHR119W,0,-6.6889625,0.26092958450317383,0.9529411792755127,0.26991596817970276
YBL016W,YPL242C,0,-6.690244,0.2608095705509186,0.9529411792755127,0.270084023475647
YIL034C,YDR131C,0,-6.6922245,0.2606896460056305,0.9529411792755127,0.2702521085739136
YDL029W,YOR230W,0,-6.6935554,0.26056984066963196,0.9529411792755127,0.2704201638698578
YIL120W,YKR059W,0,-6.6935925,0.260450154542923,0.9529411792755127,0.2705882489681244
YML062C,YPR181C,0,-6.697266,0.26033058762550354,0.9529411792755127,0.2707563042640686
YJL183W,YPR036W,0,-6.697595,0.26021111011505127,0.9529411792755127,0.2709243595600128
YLR160C,YDR451C,0,-6.698729,0.26009175181388855,0.9529411792755127,0.2710924446582794
YDL143W,YGL172W,0,-6.699863,0.259972482919693,0.9529411792755127,0.27126049995422363
YDL138W,YCR053W,0,-6.70029,0.259853333234787,0.9529411792755127,0.27142858505249023
YDR021W,YNL222W,1,-6.7010803,0.2601923942565918,0.9546218514442444,0.27142858505249023
YKR076W,YHR084W,0,-6.70497,0.2600732743740082,0.9546218514442444,0.27159664034843445
YHR200W,YLR010C,0,-6.7052255,0.2599542438983917,0.9546218514442444,0.27176469564437866
YFL018C,YDL109C,0,-6.706915,0.25983530282974243,0.9546218514442444,0.27193278074264526
YJL065C,YOR088W,0,-6.707208,0.2597165107727051,0.9546218514442444,0.2721008360385895
YKL101W,YHR150W,0,-6.708486,0.2595978081226349,0.9546218514442444,0.2722689211368561
YLL015W,YGL006W,0,-6.7090497,0.25947922468185425,0.9546218514442444,0.2724369764328003
YMR072W,YPL258C,0,-6.7130923,0.25936073064804077,0.9546218514442444,0.2726050317287445
YJL065C,YIR041W,0,-6.713567,0.25924235582351685,0.9546218514442444,0.2727731168270111
YDR189W,YER138C,0,-6.714004,0.25912410020828247,0.9546218514442444,0.2729411721229553
YER001W,YDL217C,0,-6.7153435,0.25900593400001526,0.9546218514442444,0.2731092572212219
YDR277C,YCR080W,0,-6.7175097,0.2588878870010376,0.9546218514442444,0.27327731251716614
YGR054W,YGR111W,0,-6.7187715,0.2587699294090271,0.9546218514442444,0.27344536781311035
YLR110C,YOR322C,0,-6.719877,0.25865209102630615,0.9546218514442444,0.27361345291137695
YNR002C,YDL230W,0,-6.7203665,0.25853437185287476,0.9546218514442444,0.27378150820732117
YLR026C,YNL339C,0,-6.7213464,0.2584167420864105,0.9546218514442444,0.27394959330558777
YMR079W,YHR041C,0,-6.7221894,0.25829923152923584,0.9546218514442444,0.274117648601532
YGR227W,YDL225W,0,-6.7224298,0.2581818103790283,0.9546218514442444,0.2742857038974762
YML073C,YBR183W,0,-6.723273,0.25806450843811035,0.9546218514442444,0.2744537889957428
YFL011W,YCL074W,0,-6.7252555,0.25794732570648193,0.9546218514442444,0.274621844291687
YOR349W,YJL129C,0,-6.725555,0.2578302323818207,0.9546218514442444,0.2747899293899536
YHR005C,YML098W,0,-6.728772,0.257713258266449,0.9546218514442444,0.2749579846858978
YJL006C,YKL165C,0,-6.7298408,0.25759637355804443,0.9546218514442444,0.27512603998184204
YOR349W,YOR098C,0,-6.729906,0.25747960805892944,0.9546218514442444,0.27529412508010864
YJL065C,YER138C,0,-6.730471,0.2573629319667816,0.9546218514442444,0.27546218037605286
YHR023W,YKL055C,0,-6.734264,0.25724637508392334,0.9546218514442444,0.27563026547431946
YPL202C,YPL033C,0,-6.735026,0.2571299374103546,0.9546218514442444,0.27579832077026367
YDR046C,YDL145C,0,-6.7380724,0.25701358914375305,0.9546218514442444,0.2759663760662079
YDR289C,YPR095C,0,-6.7389517,0.25689733028411865,0.9546218514442444,0.2761344611644745
YOR031W,YEL060C,0,-6.739305,0.2567811906337738,0.9546218514442444,0.2763025164604187
YGL256W,YJL021C,0,-6.741928,0.2566651701927185,0.9546218514442444,0.2764706015586853
YGL155W,YDR456W,0,-6.7419987,0.25654923915863037,0.9546218514442444,0.2766386568546295
YNL148C,YDR098C,0,-6.7425714,0.2564333975315094,0.9546218514442444,0.27680671215057373
YER032W,YMR142C,0,-6.745809,0.256317675113678,0.9546218514442444,0.27697479724884033
YER142C,YPR094W,0,-6.746476,0.2562020719051361,0.9546218514442444,0.27714285254478455
YFR034C,YPR086W,0,-6.7467313,0.2560865581035614,0.9546218514442444,0.27731093764305115
YJL006C,YOR008C-A,0,-6.747597,0.25597116351127625,0.9546218514442444,0.27747899293899536
YPR154W,YBR183W,0,-6.7476587,0.25585585832595825,0.9546218514442444,0.2776470482349396
YML098W,YER138C,0,-6.7480445,0.2557406425476074,0.9546218514442444,0.2778151333332062
YGR132C,YBR077C,0,-6.748612,0.25562557578086853,0.9546218514442444,0.2779831886291504
YPR182W,YGR211W,0,-6.750417,0.2555105686187744,0.9546218514442444,0.278151273727417
YGR284C,YCR080W,0,-6.75082,0.25539568066596985,0.9546218514442444,0.2783193290233612
YAL042W,YDR122W,0,-6.751076,0.25528091192245483,0.9546218514442444,0.2784873843193054
YPR018W,YIR015W,0,-6.7510877,0.2551662027835846,0.9546218514442444,0.278655469417572
YDR277C,YNL304W,0,-6.75109,0.2550516426563263,0.9546218514442444,0.27882352471351624
YMR301C,YHR161C,0,-6.7519298,0.25493717193603516,0.9546218514442444,0.27899160981178284
YBR145W,YAL009W,0,-6.7525687,0.2548227906227112,0.9546218514442444,0.27915966510772705
YGR202C,YCR080W,0,-6.75397,0.25470852851867676,0.9546218514442444,0.27932772040367126
YGR088W,YJL026W,0,-6.7564807,0.2545943558216095,0.9546218514442444,0.27949580550193787
YIR015W,YML131W,0,-6.7570825,0.2544802725315094,0.9546218514442444,0.2796638607978821
YHR194W,YNL110C,0,-6.7570972,0.25436630845069885,0.9546218514442444,0.2798319458961487
YMR076C,YML123C,0,-6.757439,0.25425246357917786,0.9546218514442444,0.2800000011920929
YHR124W,YHR167W,0,-6.7585263,0.254138708114624,0.9546218514442444,0.2801680564880371
YML127W,YGR024C,0,-6.7585344,0.25402504205703735,0.9546218514442444,0.2803361415863037
YBR172C,YLR006C,0,-6.7586966,0.25391149520874023,0.9546218514442444,0.2805041968822479
YOR206W,YPL033C,0,-6.7593637,0.2537980377674103,0.9546218514442444,0.2806722819805145
YPR002W,YPL239W,0,-6.763627,0.2536846697330475,0.9546218514442444,0.28084033727645874
YNL070W,YHR138C,0,-6.7643523,0.25357142090797424,0.9546218514442444,0.28100839257240295
YML049C,YKL088W,0,-6.7655053,0.25345829129219055,0.9546218514442444,0.28117647767066956
YHR169W,YPR104C,1,-6.7658114,0.25379127264022827,0.9563025236129761,0.28117647767066956
YBR233W-A,YGR284C,0,-6.766503,0.2536781132221222,0.9563025236129761,0.28134453296661377
YIL119C,YEL004W,0,-6.7668777,0.25356507301330566,0.9563025236129761,0.28151261806488037
YGL105W,YJR010C-A,0,-6.7673054,0.2534521222114563,0.9563025236129761,0.2816806733608246
YJR022W,YGR192C,0,-6.767694,0.2533392608165741,0.9563025236129761,0.2818487286567688
YOR002W,YGR224W,0,-6.7685285,0.25322651863098145,0.9563025236129761,0.2820168137550354
YNL262W,YCL005W-A,0,-6.7687354,0.25311386585235596,0.9563025236129761,0.2821848690509796
YDR276C,YOR254C,0,-6.7688956,0.25300133228302,0.9563025236129761,0.2823529541492462
YCL032W,YHR138C,0,-6.7696924,0.25288888812065125,0.9563025236129761,0.28252100944519043
YHR001W-A,YCL075W,0,-6.770065,0.25277653336524963,0.9563025236129761,0.28268906474113464
YGL226C-A,YBR152W,0,-6.770229,0.2526642978191376,0.9563025236129761,0.28285714983940125
YLR219W,YCL008C,0,-6.770297,0.2525521516799927,0.9563025236129761,0.28302520513534546
YJL165C,YDR498C,0,-6.7704043,0.25244009494781494,0.9563025236129761,0.28319329023361206
YDL154W,YEL004W,0,-6.772141,0.25232815742492676,0.9563025236129761,0.2833613455295563
YOL164W,YOR008C-A,0,-6.7723536,0.25221630930900574,0.9563025236129761,0.2835294008255005
YPL091W,YOL009C,0,-6.773351,0.2521045506000519,0.9563025236129761,0.2836974859237671
YNL307C,YFR029W,0,-6.773541,0.2519929111003876,0.9563025236129761,0.2838655412197113
YBR159W,YJL034W,0,-6.7750564,0.25188136100769043,0.9563025236129761,0.2840336263179779
YNL014W,YMR079W,0,-6.775265,0.25176990032196045,0.9563025236129761,0.2842016816139221
YER117W,YML039W,0,-6.7758427,0.25165855884552,0.9563025236129761,0.28436973690986633
YDL029W,YPL188W,0,-6.776181,0.25154730677604675,0.9563025236129761,0.28453782200813293
YLR110C,YDL126C,0,-6.778752,0.25143614411354065,0.9563025236129761,0.28470587730407715
YMR029C,YMR284W,0,-6.7801948,0.2513251006603241,0.9563025236129761,0.28487396240234375
YBR089C-A,YER008C,0,-6.7809663,0.2512141168117523,0.9563025236129761,0.28504201769828796
YIL002C,YCR080W,0,-6.7821,0.2511032521724701,0.9563025236129761,0.2852100729942322
YKL165C,YEL004W,0,-6.7860923,0.2509925067424774,0.9563025236129761,0.2853781580924988
YIR015W,YER138C,0,-6.7887197,0.2508818209171295,0.9563025236129761,0.285546213388443
YMR150C,YDL230W,0,-6.788792,0.25077125430107117,0.9563025236129761,0.2857142984867096
YPL265W,YER032W,0,-6.791316,0.25066080689430237,0.9563025236129761,0.2858823537826538
YPL096C-A,YLR248W,0,-6.791522,0.25055041909217834,0.9563025236129761,0.286050409078598
YOL039W,YMR104C,0,-6.7916064,0.25044015049934387,0.9563025236129761,0.2862184941768646
YLR133W,YBL080C,0,-6.7921276,0.25032997131347656,0.9563025236129761,0.28638654947280884
YKL197C,YKL088W,0,-6.7923527,0.2502198815345764,0.9563025236129761,0.28655463457107544
YFR030W,YIL030C,0,-6.792529,0.25010988116264343,0.9563025236129761,0.28672268986701965
YOR039W,YLL026W,0,-6.7930846,0.25,0.9563025236129761,0.28689074516296387
YGL238W,YNR015W,0,-6.79378,0.24989020824432373,0.9563025236129761,0.28705883026123047
YBL061C,YCL075W,0,-6.79381,0.24978050589561462,0.9563025236129761,0.2872268855571747
YLR081W,YPL188W,0,-6.7941384,0.24967090785503387,0.9563025236129761,0.2873949706554413
YBR145W,YGR227W,0,-6.794224,0.2495613992214203,0.9563025236129761,0.2875630259513855
YNL274C,YCR060W,0,-6.794378,0.24945199489593506,0.9563025236129761,0.2877310812473297
YNR075W,YLR248W,0,-6.7962775,0.249342679977417,0.9563025236129761,0.2878991663455963
YGL247W,YDR451C,0,-6.796812,0.24923346936702728,0.9563025236129761,0.2880672216415405
YBR159W,YOR206W,0,-6.7975984,0.24912434816360474,0.9563025236129761,0.28823530673980713
YHR161C,YNL154C,0,-6.7982483,0.24901531636714935,0.9563025236129761,0.28840336203575134
YDR388W,YHR012W,0,-6.7987695,0.24890638887882233,0.9563025236129761,0.28857141733169556
YML103C,YHR163W,0,-6.7989316,0.24879755079746246,0.9563025236129761,0.28873950242996216
YGR041W,YCL016C,0,-6.7991405,0.24868881702423096,0.9563025236129761,0.28890755772590637
YLR329W,YBR127C,0,-6.799604,0.2485801726579666,0.9563025236129761,0.289075642824173
YLR157C,YIL109C,0,-6.8005714,0.24847161769866943,0.9563025236129761,0.2892436981201172
YLR110C,YBR083W,0,-6.8026443,0.2483631670475006,0.9563025236129761,0.2894117534160614
YMR092C,YAR009C,0,-6.8033543,0.24825480580329895,0.9563025236129761,0.289579838514328
YML080W,YDR131C,0,-6.8033805,0.24814653396606445,0.9563025236129761,0.2897478938102722
YBR059C,YJR028W,0,-6.80386,0.2480383664369583,0.9563025236129761,0.2899159789085388
YDR013W,YKL042W,0,-6.8043194,0.24793028831481934,0.9563025236129761,0.29008403420448303
YER164W,YDR481C,0,-6.804511,0.24782229959964752,0.9563025236129761,0.29025208950042725
YHR034C,YOL121C,1,-6.80638,0.24814976751804352,0.9579831957817078,0.29025208950042725
YFL029C,YDL036C,0,-6.8064413,0.2480417788028717,0.9579831957817078,0.29042017459869385
YJL090C,YLR335W,0,-6.806752,0.24793387949466705,0.9579831957817078,0.29058822989463806
YNL220W,YNL032W,0,-6.8069463,0.24782608449459076,0.9579831957817078,0.29075631499290466
YPL224C,YIL029C,0,-6.8095512,0.24771837890148163,0.9579831957817078,0.2909243702888489
YBR058C-A,YOR064C,0,-6.809787,0.24761077761650085,0.9579831957817078,0.2910924255847931
YGL008C,YDR055W,0,-6.8101273,0.24750325083732605,0.9579831957817078,0.2912605106830597
YPR025C,YLR059C,0,-6.810216,0.2473958283662796,0.9579831957817078,0.2914285659790039
YIR005W,YOL113W,0,-6.810363,0.2472885102033615,0.9579831957817078,0.2915966510772705
YBR039W,YNL153C,0,-6.81063,0.2471812665462494,0.9579831957817078,0.2917647063732147
YDL006W,YNL339C,0,-6.811506,0.24707412719726562,0.9579831957817078,0.29193276166915894
YOR159C,YMR284W,0,-6.8117857,0.24696707725524902,0.9579831957817078,0.29210084676742554
YBL080C,YIL119C,0,-6.813712,0.24686011672019958,0.9579831957817078,0.29226890206336975
YGL192W,YOR098C,0,-6.814161,0.2467532455921173,0.9579831957817078,0.29243698716163635
YPR165W,YPL033C,0,-6.814856,0.2466464787721634,0.9579831957817078,0.29260504245758057
YFL011W,YPR002W,0,-6.8159766,0.24653978645801544,0.9579831957817078,0.2927730977535248
YLR377C,YER008C,0,-6.815986,0.24643319845199585,0.9579831957817078,0.2929411828517914
YDR116C,YHR160C,0,-6.8167796,0.24632669985294342,0.9579831957817078,0.2931092381477356
YOL063C,YMR270C,0,-6.8171077,0.24622030556201935,0.9579831957817078,0.2932773232460022
YGR097W,YHR012W,0,-6.819125,0.24611398577690125,0.9579831957817078,0.2934453785419464
YJL133W,YBR077C,0,-6.8207088,0.2460077702999115,0.9579831957817078,0.2936134338378906
YCR042C,YLR417W,0,-6.820743,0.24590164422988892,0.9579831957817078,0.2937815189361572
YAR008W,YNL070W,0,-6.821673,0.2457956075668335,0.9579831957817078,0.29394957423210144
YBR159W,YKL029C,0,-6.8221693,0.24568966031074524,0.9579831957817078,0.29411765933036804
YNL270C,YKL025C,0,-6.8245053,0.24558380246162415,0.9579831957817078,0.29428571462631226
YEL062W,YGL229C,0,-6.824979,0.24547803401947021,0.9579831957817078,0.29445376992225647
YMR011W,YLR240W,0,-6.8280497,0.24537236988544464,0.9579831957817078,0.29462185502052307
YJL008C,YNL210W,0,-6.830716,0.24526678025722504,0.9579831957817078,0.2947899103164673
YPL192C,YIL118W,0,-6.8314676,0.2451612949371338,0.9579831957817078,0.2949579954147339
YMR011W,YMR073C,0,-6.8320756,0.2450558841228485,0.9579831957817078,0.2951260507106781
YGL030W,YDR478W,1,-6.8326216,0.24538031220436096,0.9596638679504395,0.2951260507106781
YNL147W,YCR080W,0,-6.8357973,0.24527491629123688,0.9596638679504395,0.2952941060066223
YPR020W,YGR024C,0,-6.836797,0.24516959488391876,0.9596638679504395,0.2954621911048889
YML129C,YNL186W,0,-6.8370686,0.245064377784729,0.9596638679504395,0.29563024640083313
YMR150C,YFR024C,0,-6.8375754,0.2449592500925064,0.9596638679504395,0.29579833149909973
YDR331W,YDR328C,0,-6.837972,0.24485419690608978,0.9596638679504395,0.29596638679504395
YER167W,YDL135C,0,-6.838164,0.2447492480278015,0.9596638679504395,0.29613444209098816
YGR248W,YOR179C,0,-6.8394036,0.2446443885564804,0.9596638679504395,0.29630252718925476
YGR041W,YPL208W,0,-6.8395696,0.24453961849212646,0.9596638679504395,0.296470582485199
YLR160C,YDR345C,0,-6.839614,0.24443493783473969,0.9596638679504395,0.2966386675834656
YIL030C,YBR162C,0,-6.8408027,0.24433033168315887,0.9596638679504395,0.2968067228794098
YOR172W,YJR028W,0,-6.8418903,0.24422582983970642,0.9596638679504395,0.296974778175354
YBR233W-A,YJL065C,0,-6.8422623,0.24412141740322113,0.9596638679504395,0.2971428632736206
YLR242C,YML113W,0,-6.842353,0.244017094373703,0.9596638679504395,0.2973109185695648
YDR214W,YKL011C,0,-6.8425517,0.24391286075115204,0.9596638679504395,0.2974790036678314
YBR201W,YOL031C,0,-6.8427267,0.24380871653556824,0.9596638679504395,0.29764705896377563
YGL035C,YBR066C,0,-6.843201,0.2437046468257904,0.9596638679504395,0.29781511425971985
YKL011C,YGR229C,0,-6.8435106,0.24360068142414093,0.9596638679504395,0.29798319935798645
YDL232W,YDR075W,0,-6.844325,0.24349680542945862,0.9596638679504395,0.29815125465393066
YML012W,YBR159W,0,-6.845827,0.24339300394058228,0.9596638679504395,0.29831933975219727
YOR329C,YGR248W,0,-6.845858,0.2432893067598343,0.9596638679504395,0.2984873950481415
YOR079C,YKL173W,0,-6.8485894,0.24318568408489227,0.9596638679504395,0.2986554503440857
YNL129W,YER169W,0,-6.848787,0.2430821657180786,0.9596638679504395,0.2988235354423523
YNL147W,YGL008C,0,-6.8501563,0.24297872185707092,0.9596638679504395,0.2989915907382965
YDR298C,YOL066C,0,-6.8522296,0.2428753674030304,0.9596638679504395,0.2991596758365631
YPL242C,YDR393W,0,-6.8533444,0.24277210235595703,0.9596638679504395,0.2993277311325073
YLL061W,YPR052C,0,-6.8534427,0.24266892671585083,0.9596638679504395,0.29949578642845154
YBR068C,YPL171C,0,-6.856437,0.2425658404827118,0.9596638679504395,0.29966387152671814
YBR218C,YJR010C-A,0,-6.856915,0.24246284365653992,0.9596638679504395,0.29983192682266235
YKL205W,YDL154W,0,-6.8572564,0.2423599362373352,0.9596638679504395,0.30000001192092896
YPL026C,YLR346C,0,-6.858001,0.24225710332393646,0.9596638679504395,0.30016806721687317
YJL021C,YML129C,0,-6.860541,0.24215437471866608,0.9596638679504395,0.3003361225128174
YKL150W,YML033W,0,-6.860604,0.24205172061920166,0.9596638679504395,0.300504207611084
YDL154W,YDL235C,0,-6.8608413,0.2419491559267044,0.9596638679504395,0.3006722629070282
YMR184W,YKR095W-A,0,-6.861558,0.24184668064117432,0.9596638679504395,0.3008403480052948
YDR231C,YGR211W,0,-6.862242,0.2417442798614502,0.9596638679504395,0.301008403301239
YMR298W,YKL205W,0,-6.863027,0.24164198338985443,0.9596638679504395,0.3011764585971832
YML055W,YCL019W,0,-6.863908,0.24153976142406464,0.9596638679504395,0.30134454369544983
YNL164C,YPL163C,0,-6.865118,0.241437628865242,0.9596638679504395,0.30151259899139404
YLL019C,YJL208C,0,-6.865475,0.24133558571338654,0.9596638679504395,0.30168068408966064
YDL117W,YFL021W,0,-6.867094,0.24123363196849823,0.9596638679504395,0.30184873938560486
YER089C,YLR035C-A,0,-6.8675494,0.2411317527294159,0.9596638679504395,0.3020167946815491
YFL025C,YLR035C-A,0,-6.8680387,0.24102997779846191,0.9596638679504395,0.3021848797798157
YOR239W,YJL128C,0,-6.869502,0.2409282773733139,0.9596638679504395,0.3023529350757599
YPL242C,YNL210W,0,-6.8735547,0.24082665145397186,0.9596638679504395,0.3025210201740265
YMR092C,YGL035C,0,-6.874223,0.24072512984275818,0.9596638679504395,0.3026890754699707
YGL011C,YGR192C,0,-6.8745184,0.24062368273735046,0.9596638679504395,0.3028571307659149
YPL235W,YDR478W,1,-6.875406,0.2409435510635376,0.9613445401191711,0.3028571307659149
YBR089C-A,YMR284W,0,-6.875525,0.24084210395812988,0.9613445401191711,0.3030252158641815
YDR309C,YJR022W,0,-6.8761287,0.24074074625968933,0.9613445401191711,0.30319327116012573
YJR150C,YOR206W,0,-6.877599,0.24063946306705475,0.9613445401191711,0.30336135625839233
YNL323W,YJR045C,0,-6.8803515,0.24053826928138733,0.9613445401191711,0.30352941155433655
YOL113W,YCR080W,0,-6.8812556,0.24043716490268707,0.9613445401191711,0.30369746685028076
YER088C,YER028C,0,-6.8825855,0.24033613502979279,0.9613445401191711,0.30386555194854736
YHR187W,YFL004W,0,-6.8836837,0.24023519456386566,0.9613445401191711,0.3040336072444916
YDL029W,YDR195W,0,-6.884154,0.2401343435049057,0.9613445401191711,0.3042016923427582
YEL027W,YNR067C,0,-6.885473,0.2400335669517517,0.9613445401191711,0.3043697476387024
YFR005C,YDL058W,0,-6.8855147,0.23993287980556488,0.9613445401191711,0.3045378029346466
YPR104C,YGR158C,1,-6.888037,0.2402515709400177,0.9630252122879028,0.3045378029346466
YDR460W,YAR009C,0,-6.8886123,0.24015088379383087,0.9630252122879028,0.3047058880329132
YER106W,YEL051W,0,-6.888829,0.24005027115345,0.9630252122879028,0.3048739433288574
YCR080W,YLR262C,0,-6.8889217,0.23994974792003632,0.9630252122879028,0.305042028427124
YJR076C,YPL010W,0,-6.8896637,0.23984931409358978,0.9630252122879028,0.30521008372306824
YGR222W,YGR059W,0,-6.8897996,0.23974895477294922,0.9630252122879028,0.30537813901901245
YFR024C,YIL063C,0,-6.890043,0.23964868485927582,0.9630252122879028,0.30554622411727905
YBL016W,YHR203C,0,-6.8914566,0.2395484894514084,0.9630252122879028,0.30571427941322327
YBR240C,YHR016C,0,-6.891582,0.2394483983516693,0.9630252122879028,0.30588236451148987
YDR040C,YDL087C,0,-6.8936987,0.239348366856575,0.9630252122879028,0.3060504198074341
YMR001C,YDL017W,0,-6.894672,0.23924843966960907,0.9630252122879028,0.3062184751033783
YPL100W,YNL339C,0,-6.894975,0.2391485869884491,0.9630252122879028,0.3063865602016449
YGL155W,YOR349W,0,-6.8968577,0.2390488088130951,0.9630252122879028,0.3065546154975891
YFR028C,YOR171C,0,-6.8974156,0.23894912004470825,0.9630252122879028,0.3067227005958557
YGL008C,YBR087W,0,-6.8976,0.23884952068328857,0.9630252122879028,0.3068907558917999
YML047C,YDR165W,0,-6.8976636,0.23874999582767487,0.9630252122879028,0.30705881118774414
YNL008C,YML131W,0,-6.898088,0.23865056037902832,0.9630252122879028,0.30722689628601074
YKR038C,YOR386W,0,-6.9006367,0.23855121433734894,0.9630252122879028,0.30739495158195496
YER114C,YLR035C-A,0,-6.909394,0.23845192790031433,0.9630252122879028,0.30756303668022156
YKL011C,YLR346C,0,-6.9099336,0.23835274577140808,0.9630252122879028,0.30773109197616577
YMR298W,YML114C,0,-6.9105883,0.2382536381483078,0.9630252122879028,0.30789914727211
YOL164W,YBR155W,0,-6.9145937,0.23815461993217468,0.9630252122879028,0.3080672323703766
YOR239W,YNL262W,0,-6.9150395,0.23805567622184753,0.9630252122879028,0.3082352876663208
YHR039C,YDR456W,0,-6.915668,0.23795680701732635,0.9630252122879028,0.3084033727645874
YPR154W,YCR080W,0,-6.9168053,0.23785802721977234,0.9630252122879028,0.3085714280605316
YLR215C,YKL088W,0,-6.9173465,0.23775933682918549,0.9630252122879028,0.30873948335647583
YDR451C,YML131W,0,-6.9173665,0.2376607209444046,0.9630252122879028,0.30890756845474243
YNL030W,YJL025W,0,-6.9181066,0.23756219446659088,0.9630252122879028,0.30907562375068665
YOR098C,YHR150W,0,-6.919232,0.23746374249458313,0.9630252122879028,0.30924370884895325
YKR038C,YPL208W,0,-6.9198804,0.23736536502838135,0.9630252122879028,0.30941176414489746
YDR388W,YOR008C-A,0,-6.923095,0.23726707696914673,0.9630252122879028,0.3095798194408417
YOR249C,YGL062W,0,-6.9250226,0.23716887831687927,0.9630252122879028,0.3097479045391083
YPL018W,YBR058C-A,0,-6.9250693,0.23707075417041779,0.9630252122879028,0.3099159598350525
YOL038W,YCL074W,0,-6.925803,0.23697270452976227,0.9630252122879028,0.3100840449333191
YBL098W,YLR059C,0,-6.9267516,0.2368747442960739,0.9630252122879028,0.3102521002292633
YFR024C,YDR086C,0,-6.927424,0.23677685856819153,0.9630252122879028,0.3104201555252075
YNL268W,YKL150W,0,-6.928257,0.2366790622472763,0.9630252122879028,0.3105882406234741
YDR337W,YLR048W,0,-6.9294076,0.23658134043216705,0.9630252122879028,0.31075629591941833
YKL056C,YML039W,0,-6.92943,0.23648369312286377,0.9630252122879028,0.31092438101768494
YDL143W,YNL088W,0,-6.9297137,0.23638613522052765,0.9630252122879028,0.31109243631362915
YLR381W,YLR355C,0,-6.930484,0.2362886667251587,0.9630252122879028,0.31126049160957336
YBR164C,YDL232W,0,-6.934455,0.2361912578344345,0.9630252122879028,0.31142857670783997
YER114C,YDR207C,0,-6.9348903,0.2360939383506775,0.9630252122879028,0.3115966320037842
YHR016C,YIL029C,0,-6.9355974,0.23599670827388763,0.9630252122879028,0.3117647171020508
YPR134W,YLR455W,0,-6.9367976,0.23589955270290375,0.9630252122879028,0.311932772397995
YNL268W,YDR498C,0,-6.9392276,0.23580247163772583,0.9630252122879028,0.3121008276939392
YER032W,YOR148C,0,-6.939699,0.23570546507835388,0.9630252122879028,0.3122689127922058
YOR212W,YMR284W,0,-6.9423904,0.2356085479259491,0.9630252122879028,0.31243696808815
YBR039W,YMR203W,0,-6.943567,0.23551172018051147,0.9630252122879028,0.3126050531864166
YML103C,YBR127C,0,-6.9441633,0.23541495203971863,0.9630252122879028,0.31277310848236084
YLR116W,YCR080W,0,-6.944753,0.23531827330589294,0.9630252122879028,0.31294116377830505
YDR040C,YDL013W,0,-6.9451113,0.23522166907787323,0.9630252122879028,0.31310924887657166
YNL084C,YHR138C,0,-6.945382,0.23512515425682068,0.9630252122879028,0.31327730417251587
YGL013C,YCR084C,0,-6.94801,0.2350287139415741,0.9630252122879028,0.31344538927078247
YPL118W,YCR062W,0,-6.948141,0.23493234813213348,0.9630252122879028,0.3136134445667267
YHL040C,YMR266W,0,-6.9486246,0.23483607172966003,0.9630252122879028,0.3137814998626709
YMR047C,YNL088W,0,-6.9498696,0.23473985493183136,0.9630252122879028,0.3139495849609375
YPR138C,YFR030W,0,-6.951446,0.23464372754096985,0.9630252122879028,0.3141176402568817
YBL033C,YNR026C,0,-6.953519,0.2345476895570755,0.9630252122879028,0.3142857253551483
YFL025C,YNL014W,0,-6.9538608,0.23445171117782593,0.9630252122879028,0.31445378065109253
YAL016W,YJR027W,0,-6.9542537,0.23435582220554352,0.9630252122879028,0.31462183594703674
YOL130W,YJL021C,0,-6.955337,0.23426002264022827,0.9630252122879028,0.31478992104530334
YHR039C,YDR460W,0,-6.9567447,0.2341642826795578,0.9630252122879028,0.31495797634124756
YOL031C,YJR045C,0,-6.9581747,0.2340686321258545,0.9630252122879028,0.31512606143951416
YKL055C,YML092C,0,-6.9593945,0.23397305607795715,0.9630252122879028,0.3152941167354584
YJL184W,YER070W,0,-6.9599576,0.23387755453586578,0.9630252122879028,0.3154621720314026
YLR219W,YML014W,0,-6.9602365,0.23378212749958038,0.9630252122879028,0.3156302571296692
YER075C,YLR035C-A,0,-6.9619117,0.23368678987026215,0.9630252122879028,0.3157983124256134
YPL163C,YDR460W,0,-6.962127,0.23359152674674988,0.9630252122879028,0.31596639752388
YCL055W,YOL009C,0,-6.963324,0.23349633812904358,0.9630252122879028,0.3161344528198242
YDL006W,YLR035C-A,0,-6.963776,0.23340122401714325,0.9630252122879028,0.31630250811576843
YAR009C,YGR038C-B,0,-6.9643917,0.2333061844110489,0.9630252122879028,0.31647059321403503
YHR187W,YDR451C,0,-6.9652843,0.2332112342119217,0.9630252122879028,0.31663864850997925
YGR249W,YLR262C,0,-6.965292,0.23311635851860046,0.9630252122879028,0.31680673360824585
YBL093C,YPL210C,0,-6.968577,0.2330215573310852,0.9630252122879028,0.31697478890419006
YPL153C,YIL123W,0,-6.970527,0.23292683064937592,0.9630252122879028,0.3171428442001343
YIL142W,YML033W,0,-6.9709496,0.2328321784734726,0.9630252122879028,0.3173109292984009
YPL209C,YGL151W,0,-6.9720073,0.23273761570453644,0.9630252122879028,0.3174789845943451
YDR231C,YMR069W,0,-6.9725914,0.23264311254024506,0.9630252122879028,0.3176470696926117
YKR059W,YMR197C,0,-6.973022,0.23254869878292084,0.9630252122879028,0.3178151249885559
YNL074C,YOL103W-A,0,-6.9730425,0.2324543595314026,0.9630252122879028,0.3179831802845001
YOL133W,YLR335W,0,-6.973855,0.2323600947856903,0.9630252122879028,0.3181512653827667
YHR175W,YLR034C,0,-6.973924,0.232265904545784,0.9630252122879028,0.31831932067871094
YOR079C,YER167W,0,-6.9742165,0.23217180371284485,0.9630252122879028,0.31848740577697754
YGR239C,YJL129C,0,-6.9748135,0.23207776248455048,0.9630252122879028,0.31865546107292175
YDR485C,YDR316W-B,0,-6.9776187,0.23198381066322327,0.9630252122879028,0.31882351636886597
YOR340C,YOL103W-A,0,-6.9785523,0.23188991844654083,0.9630252122879028,0.31899160146713257
YOR036W,YER159C-A,0,-6.979317,0.23179611563682556,0.9630252122879028,0.3191596567630768
YOR221C,YER159C-A,0,-6.9794436,0.23170238733291626,0.9630252122879028,0.3193277418613434
YPL269W,YOR142W-B,0,-6.9794517,0.23160873353481293,0.9630252122879028,0.3194957971572876
YDR316W-B,YJR028W,0,-6.9794617,0.23151515424251556,0.9630252122879028,0.3196638524532318
YHR001W-A,YFR031C,0,-6.979717,0.23142164945602417,0.9630252122879028,0.3198319375514984
YPR020W,YDR075W,0,-6.9804616,0.23132821917533875,0.9630252122879028,0.3199999928474426
YMR162C,YOL103W-A,0,-6.9805794,0.2312348634004593,0.9630252122879028,0.32016807794570923
YDR059C,YER159C-A,0,-6.9807863,0.2311415821313858,0.9630252122879028,0.32033613324165344
YCL014W,YOR307C,0,-6.980866,0.23104839026927948,0.9630252122879028,0.32050418853759766
YHR016C,YER159C-A,0,-6.980877,0.23095525801181793,0.9630252122879028,0.32067227363586426
YDL170W,YPR158W-A,0,-6.980967,0.23086221516132355,0.9630252122879028,0.32084032893180847
YKL165C,YPR158W-A,0,-6.981171,0.23076923191547394,0.9630252122879028,0.3210084140300751
YMR109W,YNL054W-A,0,-6.981319,0.2306763231754303,0.9630252122879028,0.3211764693260193
YBR039W,YER159C-A,0,-6.981913,0.23058350384235382,0.9630252122879028,0.3213445246219635
YOR206W,YDR316W-B,0,-6.9821477,0.23049074411392212,0.9630252122879028,0.3215126097202301
YPR057W,YGR038C-B,0,-6.982374,0.23039807379245758,0.9630252122879028,0.3216806650161743
YPR020W,YNL054W-A,0,-6.9824815,0.23030546307563782,0.9630252122879028,0.3218487501144409
YGR129W,YOR142W-B,0,-6.9825215,0.23021294176578522,0.9630252122879028,0.32201680541038513
YGL155W,YOR142W-B,0,-6.982527,0.2301204800605774,0.9630252122879028,0.32218486070632935
YFR013W,YER159C-A,0,-6.9825377,0.23002810776233673,0.9630252122879028,0.32235294580459595
YOR144C,YER159C-A,0,-6.98295,0.22993579506874084,0.9630252122879028,0.32252100110054016
YLR026C,YDR365W-B,0,-6.983617,0.22984355688095093,0.9630252122879028,0.32268908619880676
YOR230W,YER159C-A,0,-6.9838066,0.22975140810012817,0.9630252122879028,0.322857141494751
YNR002C,YGR038C-A,0,-6.983843,0.2296593189239502,0.9630252122879028,0.3230251967906952
YOR210W,YCL005W-A,0,-6.9839444,0.22956730425357819,0.9630252122879028,0.3231932818889618
YMR150C,YGR038C-A,0,-6.9840407,0.22947536408901215,0.9630252122879028,0.323361337184906
YPL100W,YGR038C-A,0,-6.9841313,0.22938351333141327,0.9630252122879028,0.3235294222831726
YGL053W,YDR210C-C,0,-6.984158,0.22929172217845917,0.9630252122879028,0.3236974775791168
YHR005C,YDR098C-A,0,-6.9843836,0.22920000553131104,0.9630252122879028,0.32386553287506104
YKR007W,YLR005W,0,-6.9847817,0.22910836338996887,0.9630252122879028,0.32403361797332764
YPR138C,YGR038C-B,0,-6.9849277,0.22901678085327148,0.9630252122879028,0.32420167326927185
YDR231C,YGR229C,0,-6.9852185,0.22892528772354126,0.9630252122879028,0.32436975836753845
YOR346W,YLR410W-B,0,-6.9853024,0.228833869099617,0.9630252122879028,0.32453781366348267
YNL110C,YOL103W-A,0,-6.9853125,0.22874251008033752,0.9630252122879028,0.3247058689594269
YJL133W,YLR467W,0,-6.985391,0.2286512404680252,0.9630252122879028,0.3248739540576935
YML055W,YDR098C-A,0,-6.985656,0.22856003046035767,0.9630252122879028,0.3250420093536377
YMR029C,YNL054W-A,0,-6.9860063,0.2284688949584961,0.9630252122879028,0.3252100944519043
YDL145C,YOR142W-B,0,-6.986105,0.2283778339624405,0.9630252122879028,0.3253781497478485
YFR053C,YLL061W,0,-6.986155,0.22828684747219086,0.9630252122879028,0.3255462050437927
YPL118W,YGR038C-B,0,-6.986268,0.2281959354877472,0.9630252122879028,0.3257142901420593
YOR148C,YNL054W-A,0,-6.9863195,0.2281050980091095,0.9630252122879028,0.32588234543800354
YBR127C,YLR035C-A,0,-6.986415,0.22801432013511658,0.9630252122879028,0.32605043053627014
YHR012W,YER159C-A,0,-6.9865017,0.22792363166809082,0.9630252122879028,0.32621848583221436
YBL026W,YGR038C-A,0,-6.9867907,0.22783300280570984,0.9630252122879028,0.32638654112815857
YPR072W,YLR410W-B,0,-6.986908,0.22774244844913483,0.9630252122879028,0.32655462622642517
YFR052W,YOL103W-A,0,-6.986908,0.22765196859836578,0.9630252122879028,0.3267226815223694
YMR029C,YPR158W-A,0,-6.9869976,0.2275615632534027,0.9630252122879028,0.326890766620636
YBR065C,YDR316W-B,0,-6.987065,0.2274712175130844,0.9630252122879028,0.3270588219165802
YGR111W,YLR256W-A,0,-6.9870877,0.22738094627857208,0.9630252122879028,0.3272268772125244
YOR307C,YER159C-A,0,-6.9870877,0.22729076445102692,0.9630252122879028,0.327394962310791
YPL033C,YPR158W-A,0,-6.9872227,0.22720062732696533,0.9630252122879028,0.32756301760673523
YHR193C,YDR365W-B,0,-6.9873223,0.2271105796098709,0.9630252122879028,0.32773110270500183
YKL166C,YGR038C-A,0,-6.9875383,0.22702060639858246,0.9630252122879028,0.32789915800094604
YHR042W,YDR210C-C,0,-6.9875655,0.22693069279193878,0.9630252122879028,0.32806721329689026
YHR124W,YDR210C-C,0,-6.987584,0.22684085369110107,0.9630252122879028,0.32823529839515686
YOL164W,YGL190C,0,-6.9875994,0.22675108909606934,0.9630252122879028,0.3284033536911011
YHR099W,YDR316W-B,0,-6.9876275,0.22666139900684357,0.9630252122879028,0.3285714387893677
YBR192W,YLR256W-A,0,-6.988134,0.22657176852226257,0.9630252122879028,0.3287394940853119
YDL042C,YDR098C-A,0,-6.9881516,0.22648221254348755,0.9630252122879028,0.3289075493812561
YJL108C,YPL210C,0,-6.9881597,0.2263927310705185,0.9630252122879028,0.3290756344795227
YGR059W,YDR098C-A,0,-6.9882913,0.2263033241033554,0.9630252122879028,0.3292436897754669
YNL323W,YDR365W-B,0,-6.98833,0.2262139767408371,0.9630252122879028,0.3294117748737335
YBL093C,YGR038C-B,0,-6.988396,0.22612470388412476,0.9630252122879028,0.32957983016967773
YOL002C,YGR038C-B,0,-6.9885364,0.22603550553321838,0.9630252122879028,0.32974788546562195
YBR127C,YER159C-A,0,-6.9886966,0.2259463667869568,0.9630252122879028,0.32991597056388855
YER142C,YDR316W-B,0,-6.9887595,0.22585731744766235,0.9630252122879028,0.33008402585983276
YNL220W,YDR210C-C,0,-6.9891524,0.2257683277130127,0.9630252122879028,0.33025211095809937
YNL131W,YGR038C-A,0,-6.989332,0.2256793975830078,0.9630252122879028,0.3304201662540436
YKL080W,YGR038C-B,0,-6.9894633,0.2255905568599701,0.9630252122879028,0.3305882215499878
YOR340C,YDR365W-B,0,-6.9896436,0.22550177574157715,0.9630252122879028,0.3307563066482544
YDR163W,YDR365W-B,0,-6.9897003,0.22541305422782898,0.9630252122879028,0.3309243619441986
YDL232W,YLR410W-B,0,-6.989774,0.22532442212104797,0.9630252122879028,0.3310924470424652
YNL154C,YDR210C-C,0,-6.9899306,0.22523584961891174,0.9630252122879028,0.3312605023384094
YPR046W,YNL054W-A,0,-6.9900093,0.22514735162258148,0.9630252122879028,0.33142855763435364
YJL090C,YNL054W-A,0,-6.9900217,0.225058913230896,0.9630252122879028,0.33159664273262024
YOR106W,YGR038C-A,0,-6.9900255,0.22497054934501648,0.9630252122879028,0.33176469802856445
YDL003W,YDL195W,0,-6.9900804,0.22488225996494293,0.9630252122879028,0.33193278312683105
YGL008C,YPR158W-A,0,-6.990135,0.22479403018951416,0.9630252122879028,0.33210083842277527
YBR183W,YDR210C-C,0,-6.9902387,0.22470587491989136,0.9630252122879028,0.3322688937187195
YBR258C,YLR256W-A,0,-6.9902744,0.22461779415607452,0.9630252122879028,0.3324369788169861
YBL016W,YDR365W-B,0,-6.9904323,0.22452978789806366,0.9630252122879028,0.3326050341129303
YJR074W,YNL054W-A,0,-6.9904776,0.22444182634353638,0.9630252122879028,0.3327731192111969
YDR214W,YOL013C,0,-6.990619,0.22435395419597626,0.9630252122879028,0.3329411745071411
YOR179C,YDR316W-B,0,-6.990667,0.2242661416530609,0.9630252122879028,0.3331092298030853
YER031C,YPR158W-A,0,-6.9907436,0.22417840361595154,0.9630252122879028,0.33327731490135193
YNL009W,YKL086W,0,-6.9907637,0.22409072518348694,0.9630252122879028,0.33344537019729614
YLR193C,YLR410W-B,0,-6.9907746,0.2240031212568283,0.9630252122879028,0.33361345529556274
YOR149C,YDR210C-C,0,-6.9908147,0.22391559183597565,0.9630252122879028,0.33378151059150696
YPL151C,YDR365W-B,0,-6.99082,0.22382812201976776,0.9630252122879028,0.33394956588745117
YKL095W,YOL103W-A,0,-6.990901,0.22374072670936584,0.9630252122879028,0.3341176509857178
YMR162C,YDR098C-A,0,-6.9909062,0.2236533910036087,0.9630252122879028,0.334285706281662
YDR289C,YDR098C-A,0,-6.990955,0.22356612980365753,0.9630252122879028,0.3344537913799286
YIL109C,YGR038C-B,0,-6.990992,0.22347894310951233,0.9630252122879028,0.3346218466758728
YBR129C,YOR142W-B,0,-6.990996,0.2233918160200119,0.9630252122879028,0.334789901971817
YHR150W,YOR254C,0,-6.9910517,0.22330474853515625,0.9630252122879028,0.3349579870700836
YML127W,YDR098C-A,0,-6.9910703,0.22321777045726776,0.9630252122879028,0.33512604236602783
YFR013W,YGR038C-B,0,-6.991301,0.22313083708286285,0.9630252122879028,0.33529412746429443
YDR180W,YDR210C-C,0,-6.991406,0.2230439931154251,0.9630252122879028,0.33546218276023865
YER075C,YLR256W-A,0,-6.9915323,0.22295719385147095,0.9630252122879028,0.33563023805618286
YIL131C,YNL054W-A,0,-6.991536,0.22287048399448395,0.9630252122879028,0.33579832315444946
YFL004W,YER159C-A,0,-6.991553,0.22278381884098053,0.9630252122879028,0.3359663784503937
YAL054C,YOL103W-A,0,-6.99169,0.22269724309444427,0.9630252122879028,0.3361344635486603
YCL014W,YOR209C,0,-6.9917216,0.2226107269525528,0.9630252122879028,0.3363025188446045
YOR180C,YPR158W-A,0,-6.99173,0.2225242704153061,0.9630252122879028,0.3364705741405487
YNL026W,YOL103W-A,0,-6.9917665,0.22243788838386536,0.9630252122879028,0.3366386592388153
YGR038C-A,YKL088W,0,-6.991843,0.2223515659570694,0.9630252122879028,0.3368067145347595
YKR038C,YOL103W-A,0,-6.991978,0.2222653180360794,0.9630252122879028,0.3369747996330261
YNL270C,YER159C-A,0,-6.992019,0.22217914462089539,0.9630252122879028,0.33714285492897034
YKR095W,YPR158W-A,0,-6.9921184,0.22209301590919495,0.9630252122879028,0.33731091022491455
YIR041W,YNL054W-A,0,-6.992263,0.22200697660446167,0.9630252122879028,0.33747899532318115
YOR272W,YOL103W-A,0,-6.992279,0.22192099690437317,0.9630252122879028,0.33764705061912537
YPL151C,YDR098C-A,0,-6.9922996,0.22183507680892944,0.9630252122879028,0.33781513571739197
YLR157C,YLR256W-A,0,-6.9924536,0.2217492312192917,0.9630252122879028,0.3379831910133362
YMR001C,YLR410W-B,0,-6.9925346,0.2216634452342987,0.9630252122879028,0.3381512463092804
YJL145W,YLR410W-B,0,-6.9925847,0.2215777188539505,0.9630252122879028,0.338319331407547
YIL030C,YOR142W-B,0,-6.992658,0.22149208188056946,0.9630252122879028,0.3384873867034912
YBL105C,YOL103W-A,0,-6.9927177,0.221406489610672,0.9630252122879028,0.3386554718017578
YNL274C,YNL053W,0,-6.9927363,0.2213209718465805,0.9630252122879028,0.338823527097702
YDL170W,YNL054W-A,0,-6.992737,0.22123552858829498,0.9630252122879028,0.33899158239364624
YOL129W,YLR410W-B,0,-6.992968,0.22115013003349304,0.9630252122879028,0.33915966749191284
YGL122C,YNL054W-A,0,-6.9930935,0.22106482088565826,0.9630252122879028,0.33932772278785706
YMR225C,YLR256W-A,0,-6.993236,0.22097955644130707,0.9630252122879028,0.33949580788612366
YML132W,YDR365W-B,0,-6.993333,0.22089436650276184,0.9630252122879028,0.33966386318206787
YJL214W,YDR098C-A,0,-6.9933825,0.22080925107002258,0.9630252122879028,0.3398319184780121
YLR410W-B,YOL103W-A,0,-6.9934115,0.2207241952419281,0.9630252122879028,0.3400000035762787
YPL171C,YOL103W-A,0,-6.993439,0.2206391990184784,0.9630252122879028,0.3401680588722229
YNL020C,YER159C-A,0,-6.993445,0.22055427730083466,0.9630252122879028,0.3403361439704895
YLL015W,YLR256W-A,0,-6.993445,0.2204694151878357,0.9630252122879028,0.3405041992664337
YNL327W,YOR142W-B,0,-6.993472,0.2203846126794815,0.9630252122879028,0.34067225456237793
YLR110C,YDR098C-A,0,-6.9934773,0.2202998846769333,0.9630252122879028,0.34084033966064453
YDR277C,YCL075W,0,-6.993484,0.22021521627902985,0.9630252122879028,0.34100839495658875
YLR381W,YNL054W-A,0,-6.9935,0.22013062238693237,0.9630252122879028,0.34117648005485535
YJL102W,YER159C-A,0,-6.9935923,0.22004608809947968,0.9630252122879028,0.34134453535079956
YFL025C,YGR038C-B,0,-6.993603,0.21996161341667175,0.9630252122879028,0.3415125906467438
YEL016C,YNL054W-A,0,-6.9936056,0.2198772132396698,0.9630252122879028,0.3416806757450104
YDL109C,YDR210C-C,0,-6.993636,0.21979287266731262,0.9630252122879028,0.3418487310409546
YGR248W,YLR256W-A,0,-6.993642,0.21970859169960022,0.9630252122879028,0.3420168161392212
YOR206W,YLR410W-B,0,-6.9937563,0.2196243703365326,0.9630252122879028,0.3421848714351654
YOL043C,YLR410W-B,0,-6.993822,0.21954022347927094,0.9630252122879028,0.3423529267311096
YIL053W,YDR098C-A,0,-6.9939027,0.21945615112781525,0.9630252122879028,0.3425210118293762
YBR210W,YOL103W-A,0,-6.993905,0.21937212347984314,0.9630252122879028,0.34268906712532043
YKL173W,YNL054W-A,0,-6.993937,0.219288170337677,0.9630252122879028,0.34285715222358704
YER068W,YDR098C-A,0,-6.993937,0.21920429170131683,0.9630252122879028,0.34302520751953125
YKL080W,YNL054W-A,0,-6.994042,0.21912045776844025,0.9630252122879028,0.34319326281547546
YNL312W,YDR365W-B,0,-6.9940944,0.21903669834136963,0.9630252122879028,0.34336134791374207
YLR127C,YCR102C,0,-6.994106,0.2189529985189438,0.9630252122879028,0.3435294032096863
YOR254C,YLR256W-A,0,-6.9941645,0.2188693732023239,0.9630252122879028,0.3436974883079529
YLR410W-B,YPL033C,0,-6.9941916,0.21878579258918762,0.9630252122879028,0.3438655436038971
YOR142W-B,YPL033C,0,-6.994266,0.2187022864818573,0.9630252122879028,0.3440335988998413
YBR218C,YKR059W,0,-6.9943085,0.21861885488033295,0.9630252122879028,0.3442016839981079
YLR160C,YLR410W-B,0,-6.9943495,0.21853546798229218,0.9630252122879028,0.3443697392940521
YDR116C,YDR098C-A,0,-6.9943585,0.21845215559005737,0.9630252122879028,0.3445378243923187
YDR345C,YOR103C,0,-6.994389,0.21836890280246735,0.9630252122879028,0.34470587968826294
YPL101W,YLR256W-A,0,-6.9944143,0.2182857096195221,0.9630252122879028,0.34487393498420715
YPL060W,YNL054W-A,0,-6.99448,0.2182025909423828,0.9630252122879028,0.34504202008247375
YFL036W,YGR038C-A,0,-6.9945927,0.2181195318698883,0.9630252122879028,0.34521007537841797
YLR268W,YGR038C-A,0,-6.9946933,0.21803653240203857,0.9630252122879028,0.34537816047668457
YPR083W,YER159C-A,0,-6.9947777,0.21795359253883362,0.9630252122879028,0.3455462157726288
YKL112W,YNL054W-A,0,-6.9947934,0.21787072718143463,0.9630252122879028,0.345714271068573
YBR267W,YDR098C-A,0,-6.9948144,0.21778790652751923,0.9630252122879028,0.3458823561668396
YDL138W,YLR256W-A,0,-6.994858,0.2177051603794098,0.9630252122879028,0.3460504114627838
YCL027W,YGL084C,0,-6.994902,0.21762248873710632,0.9630252122879028,0.3462184965610504
YDR210C-C,YDR316W-B,0,-6.994904,0.21753986179828644,0.9630252122879028,0.34638655185699463
YCL019W,YLR256W-A,0,-6.9949646,0.21745730936527252,0.9630252122879028,0.34655460715293884
YOR322C,YOL103W-A,0,-6.9950433,0.21737481653690338,0.9630252122879028,0.34672269225120544
YGL073W,YGR038C-A,0,-6.9950523,0.21729238331317902,0.9630252122879028,0.34689074754714966
YGR063C,YGR038C-A,0,-6.995097,0.21721000969409943,0.9630252122879028,0.34705883264541626
YGR249W,YNL054W-A,0,-6.995191,0.2171276956796646,0.9630252122879028,0.3472268879413605
YPL171C,YDR098C-A,0,-6.9952106,0.21704545617103577,0.9630252122879028,0.3473949432373047
YPL202C,YDR098C-A,0,-6.995264,0.2169632762670517,0.9630252122879028,0.3475630283355713
YLR424W,YLR256W-A,0,-6.995396,0.2168811559677124,0.9630252122879028,0.3477310836315155
YFL021W,YDR210C-C,0,-6.995402,0.21679909527301788,0.9630252122879028,0.3478991687297821
YER165W,YER159C-A,0,-6.995416,0.21671709418296814,0.9630252122879028,0.3480672240257263
YBL032W,YDR365W-B,0,-6.995433,0.21663516759872437,0.9630252122879028,0.34823527932167053
YER117W,YNL054W-A,0,-6.9955897,0.21655328571796417,0.9630252122879028,0.34840336441993713
YKL079W,YNL054W-A,0,-6.995607,0.21647147834300995,0.9630252122879028,0.34857141971588135
YOR098C,YNL054W-A,0,-6.9957285,0.2163897305727005,0.9630252122879028,0.34873950481414795
YKL212W,YNL054W-A,0,-6.9959426,0.21630804240703583,0.9630252122879028,0.34890756011009216
YDL079C,YNL054W-A,0,-6.9960413,0.21622641384601593,0.9630252122879028,0.3490756154060364
YER167W,YER159C-A,0,-6.9961734,0.2161448448896408,0.9630252122879028,0.349243700504303
YOL001W,YDR210C-C,0,-6.9962993,0.21606335043907166,0.9630252122879028,0.3494117558002472
YGL011C,YLR256W-A,0,-6.996445,0.21598190069198608,0.9630252122879028,0.3495798408985138
YER073W,YLR410W-B,0,-6.9964933,0.21590052545070648,0.9630252122879028,0.349747896194458
YCL032W,YLR256W-A,0,-6.9966207,0.21581920981407166,0.9630252122879028,0.3499159514904022
YAL032C,YOL103W-A,0,-6.996678,0.2157379537820816,0.9630252122879028,0.3500840365886688
YHR116W,YOL103W-A,0,-6.9968038,0.21565675735473633,0.9630252122879028,0.35025209188461304
YEL027W,YNL054W-A,0,-6.996857,0.21557562053203583,0.9630252122879028,0.35042017698287964
YNL210W,YCR053W,0,-6.996999,0.2154945433139801,0.9630252122879028,0.35058823227882385
YOL130W,YDR210W-C,0,-6.9970584,0.21541354060173035,0.9630252122879028,0.35075631737709045
YML033W,YGR111W,0,-6.9970584,0.21533258259296417,0.9630252122879028,0.35092437267303467
YBR233W-A,YAR009C,0,-6.9970584,0.21525168418884277,0.9630252122879028,0.3510924279689789
YJL121C,YDR210W-C,0,-6.9970584,0.21517086029052734,0.9630252122879028,0.3512605130672455
YCR062W,YER138C,0,-6.9970584,0.2150900959968567,0.9630252122879028,0.3514285683631897
YML047C,YDR210W-C,0,-6.9970584,0.21500937640666962,0.9630252122879028,0.3515966534614563
YOR103C,YGR038C-A,0,-6.9970584,0.2149287313222885,0.9630252122879028,0.3517647087574005
YOR103C,YLR410W-B,0,-6.9970584,0.21484814584255219,0.9630252122879028,0.3519327640533447
YDR210W-C,YML039W,0,-6.9970584,0.21476761996746063,0.9630252122879028,0.35210084915161133
YDR298C,YDR210W-C,0,-6.9970584,0.21468715369701385,0.9630252122879028,0.35226890444755554
YOR031W,YDR210W-C,0,-6.9970584,0.21460674703121185,0.9630252122879028,0.35243698954582214
YGR059W,YDR210W-C,0,-6.9970584,0.21452639997005463,0.9630252122879028,0.35260504484176636
YDR386W,YDR210W-C,0,-6.9970584,0.21444611251354218,0.9630252122879028,0.35277310013771057
YPL096C-A,YLR346C,0,-6.9970584,0.2143658846616745,0.9630252122879028,0.3529411852359772
YDL029W,YDR210W-C,0,-6.9970584,0.2142857164144516,0.9630252122879028,0.3531092405319214
YBL047C,YDR098C-A,0,-6.9970584,0.21420560777187347,0.9630252122879028,0.353277325630188
YFL029C,YDR210W-C,0,-6.9970584,0.21412555873394012,0.9630252122879028,0.3534453809261322
YCR062W,YDL109C,0,-6.9970584,0.21404556930065155,0.9630252122879028,0.3536134362220764
YPL208W,YDR210W-C,0,-6.9970584,0.21396563947200775,0.9630252122879028,0.353781521320343
YNR010W,YDR210W-C,0,-6.9970584,0.21388578414916992,0.9630252122879028,0.35394957661628723
YJL021C,YHR138C,0,-6.9970584,0.21380597352981567,0.9630252122879028,0.35411766171455383
YBR231C,YDR210W-C,0,-6.9970584,0.2137262225151062,0.9630252122879028,0.35428571701049805
YCL074W,YCR062W,0,-6.9970584,0.2136465311050415,0.9630252122879028,0.35445377230644226
YKR095W-A,YML039W,0,-6.9970584,0.21356689929962158,0.9630252122879028,0.35462185740470886
YCL014W,YDR210W-C,0,-6.9970584,0.21348732709884644,0.9630252122879028,0.3547899127006531
YCL055W,YDR210W-C,0,-6.9970584,0.21340781450271606,0.9630252122879028,0.3549579977989197
YNL288W,YDR210W-C,0,-6.9970584,0.21332837641239166,0.9630252122879028,0.3551260530948639
YCL005W-A,YDR316W-B,0,-6.9970584,0.21324898302555084,0.9630252122879028,0.3552941083908081
YKL085W,YGR181W,0,-6.997079,0.2131696492433548,0.9630252122879028,0.3554621934890747
YOR123C,YOR142W-B,0,-6.99715,0.21309037506580353,0.9630252122879028,0.3556302487850189
YDR337W,YDR098C-A,0,-6.9971557,0.21301114559173584,0.9630252122879028,0.3557983338832855
YER008C,YMR175W,0,-6.998074,0.21293199062347412,0.9630252122879028,0.35596638917922974
YDR081C,YML039W,0,-6.998405,0.21285289525985718,0.9630252122879028,0.35613444447517395
YNL280C,YLR007W,0,-6.9988427,0.212773859500885,0.9630252122879028,0.35630252957344055
YCR028C,YLR263W,0,-6.999322,0.21269488334655762,0.9630252122879028,0.35647058486938477
YDR174W,YML092C,0,-6.9999537,0.2126159518957138,0.9630252122879028,0.35663866996765137
YCR042C,YOR008C-A,0,-7.000293,0.21253709495067596,0.9630252122879028,0.3568067252635956
YBR201W,YPR134W,0,-7.0024323,0.2124582827091217,0.9630252122879028,0.3569747805595398
YER073W,YGR227W,0,-7.0027266,0.2123795449733734,0.9630252122879028,0.3571428656578064
YCR028C,YML131W,0,-7.0033274,0.2123008519411087,0.9630252122879028,0.3573109209537506
YHR187W,YDR081C,0,-7.0035353,0.21222221851348877,0.9630252122879028,0.3574790060520172
YJL111W,YBR218C,0,-7.00387,0.2121436446905136,0.9630252122879028,0.3576470613479614
YDR460W,YCL074W,0,-7.0041256,0.21206513047218323,0.9630252122879028,0.35781511664390564
YDR116C,YDR195W,0,-7.0046654,0.21198667585849762,0.9630252122879028,0.35798320174217224
YJR139C,YBL080C,0,-7.005265,0.2119082808494568,0.9630252122879028,0.35815125703811646
YNL026W,YCR102C,0,-7.0069456,0.21182994544506073,0.9630252122879028,0.35831934213638306
YGL013C,YDL083C,0,-7.0085483,0.21175166964530945,0.9630252122879028,0.35848739743232727
YDR191W,YBR089C-A,0,-7.0090327,0.21167343854904175,0.9630252122879028,0.3586554527282715
YHR167W,YDR451C,0,-7.0092497,0.21159526705741882,0.9630252122879028,0.3588235378265381
YBR039W,YJL194W,0,-7.0095997,0.21151717007160187,0.9630252122879028,0.3589915931224823
YBR283C,YCR053W,0,-7.0096064,0.2114391177892685,0.9630252122879028,0.3591596782207489
YOL077W-A,YBR024W,0,-7.009938,0.2113611251115799,0.9630252122879028,0.3593277335166931
YGL190C,YNL147W,0,-7.0106344,0.21128319203853607,0.9630252122879028,0.35949578881263733
YGR014W,YJR028W,0,-7.0123587,0.21120530366897583,0.9630252122879028,0.35966387391090393
YBR068C,YER035W,0,-7.0134873,0.21112748980522156,0.9630252122879028,0.35983192920684814
YGR132C,YML131W,0,-7.013516,0.21104972064495087,0.9630252122879028,0.36000001430511475
YKR086W,YGR186W,0,-7.0135436,0.21097201108932495,0.9630252122879028,0.36016806960105896
YAL015C,YGL011C,0,-7.013757,0.210894376039505,0.9630252122879028,0.3603361248970032
YJL183W,YDL135C,0,-7.0148764,0.21081677079200745,0.9630252122879028,0.3605042099952698
YPL018W,YHR039C,0,-7.0157557,0.21073924005031586,0.9630252122879028,0.360672265291214
YMR301C,YHR167W,0,-7.015987,0.21066176891326904,0.9630252122879028,0.3608403503894806
YMR001C,YGL238W,0,-7.016437,0.2105843424797058,0.9630252122879028,0.3610084056854248
YKL025C,YCL075W,0,-7.0167317,0.21050697565078735,0.9630252122879028,0.361176460981369
YDR432W,YDR341C,0,-7.0168614,0.21042966842651367,0.9630252122879028,0.3613445460796356
YGR177C,YPR155C,0,-7.017182,0.21035242080688477,0.9630252122879028,0.36151260137557983
YCR072C,YDL109C,0,-7.017426,0.21027523279190063,0.9630252122879028,0.36168068647384644
YFL011W,YKR095W-A,0,-7.0176525,0.21019808948040009,0.9630252122879028,0.36184874176979065
YGL229C,YKL095W,0,-7.017699,0.2101210057735443,0.9630252122879028,0.36201679706573486
YML008C,YNL032W,0,-7.017783,0.2100439816713333,0.9630252122879028,0.36218488216400146
YIL109C,YIL063C,0,-7.0203876,0.2099670171737671,0.9630252122879028,0.3623529374599457
YGL065C,YDL083C,0,-7.020642,0.20989011228084564,0.9630252122879028,0.3625210225582123
YKL055C,YJR027W,0,-7.0211177,0.20981325209140778,0.9630252122879028,0.3626890778541565
YGR014W,YCR080W,0,-7.0238285,0.20973645150661469,0.9630252122879028,0.3628571331501007
YDL175C,YDL143W,0,-7.024195,0.20965971052646637,0.9630252122879028,0.3630252182483673
YOL133W,YKL056C,0,-7.0247645,0.20958302915096283,0.9630252122879028,0.3631932735443115
YBR066C,YOR064C,0,-7.0257173,0.20950639247894287,0.9630252122879028,0.3633613586425781
YBL098W,YDR310C,0,-7.0258985,0.20942983031272888,0.9630252122879028,0.36352941393852234
YDR363W-A,YHR119W,0,-7.026078,0.20935331284999847,0.9630252122879028,0.36369746923446655
YJL165C,YGL092W,0,-7.026798,0.20927684009075165,0.9630252122879028,0.36386555433273315
YJL065C,YMR216C,0,-7.0276,0.2092004418373108,0.9630252122879028,0.36403360962867737
YIL002C,YJL129C,0,-7.028378,0.20912408828735352,0.9630252122879028,0.36420169472694397
YDL181W,YKL025C,0,-7.0286736,0.20904779434204102,0.9630252122879028,0.3643697500228882
YML120C,YOL127W,0,-7.029827,0.2089715600013733,0.9630252122879028,0.3645378053188324
YBR050C,YGR059W,0,-7.0299325,0.20889537036418915,0.9630252122879028,0.364705890417099
YJR140C,YCL005W-A,0,-7.0306764,0.20881924033164978,0.9630252122879028,0.3648739457130432
YBL016W,YJL133W,0,-7.0312057,0.2087431699037552,0.9630252122879028,0.3650420308113098
YMR041C,YIL155C,0,-7.0315704,0.20866715908050537,0.9630252122879028,0.36521008610725403
YDR207C,YCL075W,0,-7.031848,0.20859119296073914,0.9630252122879028,0.36537814140319824
YBL009W,YKL088W,0,-7.0319147,0.20851528644561768,0.9630252122879028,0.36554622650146484
YMR225C,YDR372C,0,-7.031928,0.208439439535141,0.9630252122879028,0.36571428179740906
YNR075W,YGR111W,0,-7.0321136,0.2083636373281479,0.9630252122879028,0.36588236689567566
YNL129W,YGR258C,0,-7.0325093,0.20828789472579956,0.9630252122879028,0.3660504221916199
YFR013W,YDR181C,0,-7.0329423,0.208212211728096,0.9630252122879028,0.3662184774875641
YJL076W,YLR090W,0,-7.033161,0.20813657343387604,0.9630252122879028,0.3663865625858307
YOL002C,YLR059C,0,-7.0331707,0.20806099474430084,0.9630252122879028,0.3665546178817749
YDR214W,YCR060W,0,-7.0337834,0.20798547565937042,0.9630252122879028,0.3667227029800415
YML049C,YFR005C,0,-7.0339675,0.20791001617908478,0.9630252122879028,0.3668907582759857
YIL120W,YIL119C,0,-7.037049,0.20783460140228271,0.9630252122879028,0.36705881357192993
YBL047C,YFR031C,0,-7.038574,0.20775924623012543,0.9630252122879028,0.36722689867019653
YER114C,YGL226C-A,0,-7.0415993,0.20768395066261292,0.9630252122879028,0.36739495396614075
YJL006C,YGR132C,0,-7.0418434,0.20760869979858398,0.9630252122879028,0.36756303906440735
YIR033W,YOL113W,0,-7.042469,0.20753350853919983,0.9630252122879028,0.36773109436035156
YLR332W,YOL117W,0,-7.042868,0.20745836198329926,0.9630252122879028,0.3678991496562958
YJL194W,YIL002C,0,-7.0431013,0.20738327503204346,0.9630252122879028,0.3680672347545624
YGR227W,YHR005C,0,-7.043543,0.20730824768543243,0.9630252122879028,0.3682352900505066
YMR091C,YKL086W,0,-7.0436745,0.2072332799434662,0.9630252122879028,0.3684033751487732
YAL042W,YNL339C,0,-7.045576,0.20715835690498352,0.9630252122879028,0.3685714304447174
YKL011C,YLR116W,0,-7.048345,0.20708347856998444,0.9630252122879028,0.3687394857406616
YHR116W,YGL008C,0,-7.0490227,0.20700867474079132,0.9630252122879028,0.3689075708389282
YER106W,YKL195W,0,-7.0496635,0.2069339156150818,0.9630252122879028,0.36907562613487244
YMR092C,YKR095W-A,0,-7.049767,0.20685920119285583,0.9630252122879028,0.36924371123313904
YPL018W,YER169W,0,-7.050277,0.20678456127643585,0.9630252122879028,0.36941176652908325
YML127W,YHR099W,0,-7.050493,0.20670995116233826,0.9630252122879028,0.36957982182502747
YDR328C,YPR036W,0,-7.051019,0.20663541555404663,0.9630252122879028,0.36974790692329407
YHR167W,YDR059C,0,-7.051252,0.2065609246492386,0.9630252122879028,0.3699159622192383
YGR211W,YCR062W,0,-7.051412,0.20648649334907532,0.9630252122879028,0.3700840473175049
YLR319C,YCR028C,0,-7.051974,0.20641210675239563,0.9630252122879028,0.3702521026134491
YFR053C,YMR005W,0,-7.0532756,0.20633777976036072,0.9630252122879028,0.3704201579093933
YJR045C,YBR273C,0,-7.0537505,0.2062634974718094,0.9630252122879028,0.3705882430076599
YBR233W-A,YNR015W,0,-7.0540195,0.20618927478790283,0.9630252122879028,0.3707562983036041
YNL110C,YDL080C,0,-7.05473,0.20611511170864105,0.9630252122879028,0.3709243834018707
YBR201W,YFR024C,0,-7.0547824,0.20604099333286285,0.9630252122879028,0.37109243869781494
YPR138C,YOR064C,0,-7.0551887,0.20596693456172943,0.9630252122879028,0.37126049399375916
YIR018W,YDR131C,0,-7.0556636,0.2058929204940796,0.9630252122879028,0.37142857909202576
YML058W-A,YDR372C,0,-7.055774,0.20581896603107452,0.9630252122879028,0.37159663438796997
YKL150W,YHR042W,0,-7.0566072,0.20574505627155304,0.9630252122879028,0.3717647194862366
YPR104C,YDL014W,1,-7.0569215,0.20603014528751373,0.9647058844566345,0.3717647194862366
YFL010W-A,YDL217C,0,-7.057536,0.20595622062683105,0.9647058844566345,0.3719327747821808
YJL165C,YLL026W,0,-7.05778,0.20588235557079315,0.9647058844566345,0.372100830078125
YDR298C,YLR034C,0,-7.0580797,0.20580853521823883,0.9647058844566345,0.3722689151763916
YNL268W,YHL009C,0,-7.058287,0.20573477447032928,0.9647058844566345,0.3724369704723358
YPL021W,YNL323W,0,-7.0585866,0.20566105842590332,0.9647058844566345,0.3726050555706024
YDL142C,YMR216C,0,-7.059194,0.20558738708496094,0.9647058844566345,0.37277311086654663
YHR119W,YCR042C,0,-7.059942,0.20551379024982452,0.9647058844566345,0.37294116616249084
YPR200C,YOR088W,0,-7.061732,0.2054402232170105,0.9647058844566345,0.37310925126075745
YOR103C,YIL080W,0,-7.0626874,0.20536673069000244,0.9647058844566345,0.37327730655670166
YML132W,YHR150W,0,-7.0635786,0.20529328286647797,0.9647058844566345,0.37344539165496826
YLR110C,YHL036W,0,-7.0653358,0.20521987974643707,0.9647058844566345,0.3736134469509125
YGR239C,YCL074W,0,-7.065422,0.20514653623104095,0.9647058844566345,0.3737815022468567
YJR074W,YLR147C,0,-7.0660863,0.20507323741912842,0.9647058844566345,0.3739495873451233
YJL203W,YML055W,0,-7.066637,0.20499999821186066,0.9647058844566345,0.3741176426410675
YNL268W,YPL210C,0,-7.066769,0.20492681860923767,0.9647058844566345,0.3742857277393341
YDR335W,YCR084C,0,-7.0677657,0.20485366880893707,0.9647058844566345,0.3744537830352783
YER035W,YDL170W,0,-7.0683866,0.20478059351444244,0.9647058844566345,0.37462183833122253
YFL036W,YNL154C,0,-7.0689654,0.2047075629234314,0.9647058844566345,0.37478992342948914
YNL068C,YBR050C,0,-7.0705447,0.20463457703590393,0.9647058844566345,0.37495797872543335
YOL043C,YCR080W,0,-7.071528,0.20456165075302124,0.9647058844566345,0.37512606382369995
YDR191W,YMR079W,0,-7.071576,0.20448878407478333,0.9647058844566345,0.37529411911964417
YER068W,YHL009C,0,-7.071835,0.2044159471988678,0.9647058844566345,0.3754621744155884
YNL147W,YIR015W,0,-7.0728326,0.20434318482875824,0.9647058844566345,0.375630259513855
YER073W,YER138C,0,-7.0735126,0.20427046716213226,0.9647058844566345,0.3757983148097992
YBR159W,YBR295W,0,-7.074164,0.20419779419898987,0.9647058844566345,0.3759663999080658
YER142C,YOR217W,0,-7.0743794,0.20412518084049225,0.9647058844566345,0.37613445520401
YFR024C,YKL197C,0,-7.0745454,0.2040526121854782,0.9647058844566345,0.3763025104999542
YOL069W,YPL106C,0,-7.0747147,0.20398010313510895,0.9647058844566345,0.3764705955982208
YLR078C,YEL004W,0,-7.075252,0.20390763878822327,0.9647058844566345,0.37663865089416504
YIL070C,YDR515W,0,-7.076647,0.20383523404598236,0.9647058844566345,0.37680673599243164
YEL062W,YKL025C,0,-7.077011,0.20376287400722504,0.9647058844566345,0.37697479128837585
YLR160C,YDR181C,0,-7.077464,0.2036905586719513,0.9647058844566345,0.37714284658432007
YAL054C,YHR174W,0,-7.077976,0.20361830294132233,0.9647058844566345,0.37731093168258667
YNL307C,YOR209C,0,-7.078729,0.20354609191417694,0.9647058844566345,0.3774789869785309
YDR163W,YCL019W,0,-7.0789104,0.20347394049167633,0.9647058844566345,0.3776470720767975
YPL082C,YNL302C,1,-7.079559,0.2037561982870102,0.9663865566253662,0.3776470720767975
YBR059C,YBR155W,0,-7.079911,0.2036840170621872,0.9663865566253662,0.3778151273727417
YLR011W,YFR024C,0,-7.080197,0.20361189544200897,0.9663865566253662,0.3779831826686859
YER035W,YKL220C,0,-7.083366,0.20353981852531433,0.9663865566253662,0.3781512677669525
YDL029W,YLR394W,0,-7.0838,0.20346780121326447,0.9663865566253662,0.37831932306289673
YIL159W,YPL096C-A,0,-7.08381,0.20339582860469818,0.9663865566253662,0.37848740816116333
YFR053C,YOR329C,0,-7.084698,0.20332390069961548,0.9663865566253662,0.37865546345710754
YLR160C,YOL127W,0,-7.087453,0.20325203239917755,0.9663865566253662,0.37882351875305176
YAL044C,YKL079W,0,-7.0885124,0.2031802088022232,0.9663865566253662,0.37899160385131836
YMR203W,YHR099W,0,-7.089362,0.20310844480991364,0.9663865566253662,0.3791596591472626
YNL127W,YLR010C,0,-7.0895133,0.20303672552108765,0.9663865566253662,0.3793277442455292
YDL008W,YDR453C,0,-7.0903153,0.20296505093574524,0.9663865566253662,0.3794957995414734
YLR355C,YIR005W,0,-7.0910172,0.2028934359550476,0.9663865566253662,0.3796638548374176
YML055W,YDR341C,0,-7.0912933,0.20282186567783356,0.9663865566253662,0.3798319399356842
YIL119C,YPR181C,0,-7.091368,0.20275035500526428,0.9663865566253662,0.3799999952316284
YHR193C,YER142C,0,-7.0914764,0.2026788890361786,0.9663865566253662,0.380168080329895
YPL096C-A,YLR026C,0,-7.091852,0.20260746777057648,0.9663865566253662,0.38033613562583923
YPR104C,YJR145C,1,-7.094104,0.2028883397579193,0.9680672287940979,0.38033613562583923
YJL203W,YKL212W,0,-7.0946774,0.202816903591156,0.9680672287940979,0.38050419092178345
YER001W,YGL062W,0,-7.094788,0.20274551212787628,0.9680672287940979,0.38067227602005005
YMR041C,YPR065W,0,-7.094789,0.20267418026924133,0.9680672287940979,0.38084033131599426
YDR432W,YAR009C,0,-7.096225,0.20260287821292877,0.9680672287940979,0.38100841641426086
YBR089C-A,YLR195C,0,-7.0962768,0.20253165066242218,0.9680672287940979,0.3811764717102051
YBL093C,YDL140C,0,-7.096469,0.20246045291423798,0.9680672287940979,0.3813445270061493
YOR144C,YCR042C,0,-7.0972505,0.20238931477069855,0.9680672287940979,0.3815126121044159
YKL086W,YJR027W,0,-7.0974054,0.2023182362318039,0.9680672287940979,0.3816806674003601
YFL041W,YGL062W,0,-7.098828,0.20224718749523163,0.9680672287940979,0.3818487524986267
YBR211C,YGL238W,0,-7.098929,0.20217619836330414,0.9680672287940979,0.3820168077945709
YKL029C,YML055W,0,-7.099233,0.20210526883602142,0.9680672287940979,0.38218486309051514
YKR038C,YML047C,0,-7.1001635,0.2020343691110611,0.9680672287940979,0.38235294818878174
YBL093C,YMR216C,0,-7.101678,0.20196352899074554,0.9680672287940979,0.38252100348472595
YJR091C,YGR222W,0,-7.1026692,0.20189274847507477,0.9680672287940979,0.38268908858299255
YNL230C,YML012W,0,-7.10433,0.20182199776172638,0.9680672287940979,0.38285714387893677
YMR175W,YMR216C,0,-7.1047206,0.20175130665302277,0.9680672287940979,0.383025199174881
YDL145C,YCL008C,0,-7.10621,0.20168067514896393,0.9680672287940979,0.3831932842731476
YER106W,YKL025C,0,-7.1078153,0.20161007344722748,0.9680672287940979,0.3833613395690918
YNL220W,YER028C,0,-7.1085324,0.2015395313501358,0.9680672287940979,0.3835294246673584
YFR053C,YMR153W,0,-7.108845,0.2014690488576889,0.9680672287940979,0.3836974799633026
YDR207C,YCL019W,0,-7.10984,0.2013985961675644,0.9680672287940979,0.3838655352592468
YLR147C,YCR062W,0,-7.109997,0.20132820308208466,0.9680672287940979,0.3840336203575134
YOL164W,YCR080W,0,-7.110178,0.2012578547000885,0.9680672287940979,0.38420167565345764
YIL155C,YML097C,0,-7.110584,0.20118756592273712,0.9680672287940979,0.38436976075172424
YDR363W-A,YCR053W,0,-7.1139083,0.20111732184886932,0.9680672287940979,0.38453781604766846
YIL118W,YIL061C,0,-7.1145253,0.2010471224784851,0.9680672287940979,0.38470587134361267
YFR034C,YDR180W,0,-7.114824,0.20097696781158447,0.9680672287940979,0.3848739564418793
YLR381W,YMR183C,0,-7.11498,0.2009068727493286,0.9680672287940979,0.3850420117378235
YLR005W,YLR346C,0,-7.116528,0.20083682239055634,0.9680672287940979,0.3852100968360901
YPR104C,YHR034C,1,-7.1178327,0.20111536979675293,0.9697479009628296,0.3852100968360901
YPL100W,YNR015W,0,-7.1180463,0.20104528963565826,0.9697479009628296,0.3853781521320343
YMR201C,YGR285C,0,-7.1201725,0.20097526907920837,0.9697479009628296,0.3855462074279785
YKL212W,YNL070W,0,-7.120407,0.20090529322624207,0.9697479009628296,0.3857142925262451
YFL025C,YER179W,0,-7.1205435,0.20083536207675934,0.9697479009628296,0.38588234782218933
YJL207C,YML039W,0,-7.1208935,0.2007654905319214,0.9697479009628296,0.38605043292045593
YLR008C,YBR258C,0,-7.122759,0.20069564878940582,0.9697479009628296,0.38621848821640015
YFL016C,YGR181W,0,-7.123163,0.20062586665153503,0.9697479009628296,0.38638654351234436
YJR140C,YMR225C,0,-7.123542,0.20055612921714783,0.9697479009628296,0.38655462861061096
YHR138C,YML039W,0,-7.124067,0.2004864513874054,0.9697479009628296,0.3867226839065552
YDL029W,YBR233W-A,0,-7.1243124,0.20041681826114655,0.9697479009628296,0.3868907690048218
YMR072W,YER072W,0,-7.124752,0.20034721493721008,0.9697479009628296,0.387058824300766
YOL045W,YPL253C,0,-7.1252427,0.2002776861190796,0.9697479009628296,0.3872268795967102
YDL017W,YCR080W,0,-7.125635,0.20020818710327148,0.9697479009628296,0.3873949646949768
YGR239C,YLR455W,0,-7.126294,0.20013874769210815,0.9697479009628296,0.387563019990921
YBR132C,YIL155C,0,-7.12667,0.2000693529844284,0.9697479009628296,0.3877311050891876
YDL008W,YER138C,0,-7.127193,0.20000000298023224,0.9697479009628296,0.38789916038513184
YFL048C,YNL154C,0,-7.12745,0.19993069767951965,0.9697479009628296,0.38806721568107605
YHR039C,YFR052W,0,-7.1280727,0.19986145198345184,0.9697479009628296,0.38823530077934265
YER179W,YKL034W,0,-7.128309,0.19979225099086761,0.9697479009628296,0.38840335607528687
YER117W,YIL029C,0,-7.1284714,0.19972309470176697,0.9697479009628296,0.38857144117355347
YOL133W,YDR345C,0,-7.130074,0.1996539831161499,0.9697479009628296,0.3887394964694977
YDL145C,YJR091C,0,-7.1300826,0.19958491623401642,0.9697479009628296,0.3889075517654419
YBR186W,YJR027W,0,-7.130319,0.1995159089565277,0.9697479009628296,0.3890756368637085
YDL017W,YKL080W,0,-7.1321096,0.19944694638252258,0.9697479009628296,0.3892436921596527
YPR134W,YCL063W,0,-7.132412,0.19937802851200104,0.9697479009628296,0.3894117772579193
YGL180W,YPL171C,0,-7.1330686,0.19930915534496307,0.9697479009628296,0.3895798325538635
YJL021C,YBL098W,0,-7.133888,0.1992403268814087,0.9697479009628296,0.38974788784980774
YOL133W,YFR034C,0,-7.1339,0.19917155802249908,0.9697479009628296,0.38991597294807434
YNL032W,YDR131C,0,-7.1346245,0.19910283386707306,0.9697479009628296,0.39008402824401855
YJL183W,YKR002W,0,-7.134881,0.19903415441513062,0.9697479009628296,0.39025211334228516
YBR295W,YPR154W,0,-7.1351786,0.19896551966667175,0.9697479009628296,0.39042016863822937
YNR075W,YNL127W,0,-7.1360426,0.19889692962169647,0.9697479009628296,0.3905882239341736
YPR072W,YJL072C,0,-7.1364756,0.19882839918136597,0.9697479009628296,0.3907563090324402
YOR254C,YJR028W,0,-7.137833,0.19875989854335785,0.9697479009628296,0.3909243643283844
YGL062W,YJR028W,0,-7.138221,0.1986914575099945,0.9697479009628296,0.391092449426651
YPL060W,YOR346W,0,-7.140643,0.19862306118011475,0.9697479009628296,0.3912605047225952
YML073C,YCR062W,0,-7.141553,0.19855470955371857,0.9697479009628296,0.39142856001853943
YDR397C,YBL102W,0,-7.1426325,0.19848641753196716,0.9697479009628296,0.39159664511680603
YML047C,YLR066W,0,-7.14296,0.19841815531253815,0.9697479009628296,0.39176470041275024
YKL112W,YER068W,0,-7.144418,0.1983499526977539,0.9697479009628296,0.39193278551101685
YGR014W,YBL093C,0,-7.1449885,0.19828177988529205,0.9697479009628296,0.39210084080696106
YHL036W,YBR050C,0,-7.145074,0.19821366667747498,0.9697479009628296,0.3922688961029053
YDR191W,YJL121C,0,-7.1450953,0.19814559817314148,0.9697479009628296,0.3924369812011719
YDR181C,YOL129W,0,-7.1459136,0.19807758927345276,0.9697479009628296,0.3926050364971161
YLR127C,YGL062W,0,-7.146413,0.19800961017608643,0.9697479009628296,0.3927731215953827
YLR394W,YLR332W,0,-7.1468115,0.19794167578220367,0.9697479009628296,0.3929411768913269
YMR224C,YOL020W,0,-7.146978,0.1978738009929657,0.9697479009628296,0.3931092321872711
YGL256W,YDR309C,0,-7.147222,0.1978059709072113,0.9697479009628296,0.3932773172855377
YCR107W,YNL230C,0,-7.1475945,0.1977381706237793,0.9697479009628296,0.39344537258148193
YBR211C,YGR155W,0,-7.147802,0.19767042994499207,0.9697479009628296,0.39361345767974854
YLR160C,YGR003W,0,-7.148209,0.19760273396968842,0.9697479009628296,0.39378151297569275
YJL207C,YDR181C,0,-7.148973,0.19753509759902954,0.9697479009628296,0.39394956827163696
YGL073W,YBL026W,0,-7.1507883,0.19746749103069305,0.9697479009628296,0.39411765336990356
YPL101W,YAL044C,0,-7.1512012,0.19739992916584015,0.9697479009628296,0.3942857086658478
YPR104C,YPL082C,1,-7.1524878,0.19767442345619202,0.9714285731315613,0.3942857086658478
YOR037W,YKR095W-A,0,-7.1548085,0.19760683178901672,0.9714285731315613,0.3944537937641144
YPL202C,YJL052W,0,-7.1550813,0.1975392997264862,0.9714285731315613,0.3946218490600586
YGL016W,YHL036W,0,-7.1557465,0.19747181236743927,0.9714285731315613,0.3947899043560028
YGL084C,YDL087C,0,-7.156446,0.19740436971187592,0.9714285731315613,0.3949579894542694
YDR372C,YCL074W,0,-7.157444,0.19733697175979614,0.9714285731315613,0.3951260447502136
YML103C,YDL170W,0,-7.1578207,0.19726961851119995,0.9714285731315613,0.3952941298484802
YMR296C,YDR205W,0,-7.159576,0.19720232486724854,0.9714285731315613,0.39546218514442444
YER165W,YPR154W,0,-7.1603045,0.1971350610256195,0.9714285731315613,0.39563024044036865
YNL281W,YFR030W,0,-7.160438,0.19706784188747406,0.9714285731315613,0.39579832553863525
YDR098C,YMR150C,0,-7.160664,0.1970006823539734,0.9714285731315613,0.39596638083457947
YER032W,YJL154C,0,-7.1609306,0.1969335675239563,0.9714285731315613,0.39613446593284607
YBR185C,YML033W,0,-7.1613855,0.1968664824962616,0.9714285731315613,0.3963025212287903
YJL090C,YPL059W,0,-7.1616244,0.19679945707321167,0.9714285731315613,0.3964705765247345
YIR041W,YGR129W,0,-7.161988,0.19673247635364532,0.9714285731315613,0.3966386616230011
YLL061W,YLR059C,0,-7.16205,0.19666552543640137,0.9714285731315613,0.3968067169189453
YNL164C,YER138C,0,-7.1621695,0.19659863412380219,0.9714285731315613,0.3969748020172119
YBR233W-A,YMR232W,0,-7.164456,0.19653178751468658,0.9714285731315613,0.39714285731315613
YJR010C-A,YIL029C,0,-7.1649184,0.19646498560905457,0.9714285731315613,0.39731091260910034
YKR086W,YGR054W,0,-7.1652913,0.19639822840690613,0.9714285731315613,0.39747899770736694
YBR077C,YHR099W,0,-7.1673427,0.19633151590824127,0.9714285731315613,0.39764705300331116
YGR180C,YDL170W,0,-7.168534,0.1962648630142212,0.9714285731315613,0.39781513810157776
YMR183C,YML015C,0,-7.1691704,0.1961982399225235,0.9714285731315613,0.397983193397522
YLR304C,YNL270C,0,-7.1699634,0.1961316615343094,0.9714285731315613,0.3981512486934662
YJR017C,YPL268W,0,-7.1701107,0.19606512784957886,0.9714285731315613,0.3983193337917328
YDR098C,YPL192C,0,-7.170313,0.1959986388683319,0.9714285731315613,0.398487389087677
YKL150W,YNL241C,0,-7.1715274,0.19593220949172974,0.9714285731315613,0.3986554741859436
YIL159W,YPR138C,0,-7.17198,0.19586580991744995,0.9714285731315613,0.3988235294818878
YKL112W,YDR328C,0,-7.1744494,0.19579945504665375,0.9714285731315613,0.39899158477783203
YGL084C,YDR086C,0,-7.174639,0.19573315978050232,0.9714285731315613,0.39915966987609863
YCL055W,YHR099W,0,-7.1753745,0.19566689431667328,0.9714285731315613,0.39932772517204285
YLR304C,YJL052W,0,-7.1755185,0.19560067355632782,0.9714285731315613,0.39949581027030945
YKL025C,YAL032C,0,-7.176313,0.19553451240062714,0.9714285731315613,0.39966386556625366
YFL017W-A,YER138C,0,-7.1768427,0.19546838104724884,0.9714285731315613,0.3998319208621979
YOR221C,YBR087W,0,-7.177481,0.19540229439735413,0.9714285731315613,0.4000000059604645
YOR099W,YML032C,0,-7.1783676,0.1953362673521042,0.9714285731315613,0.4001680612564087
YDR432W,YLR059C,0,-7.178554,0.19527027010917664,0.9714285731315613,0.4003361463546753
YGL178W,YOR307C,0,-7.1787376,0.19520431756973267,0.9714285731315613,0.4005042016506195
YNL153C,YNL281W,0,-7.179629,0.19513842463493347,0.9714285731315613,0.4006722569465637
YNL118C,YLR346C,0,-7.1798353,0.19507256150245667,0.9714285731315613,0.4008403420448303
YAL007C,YER068W,0,-7.1803946,0.19500674307346344,0.9714285731315613,0.40100839734077454
YNL230C,YMR175W,0,-7.1830306,0.194940984249115,0.9714285731315613,0.40117648243904114
YDL017W,YBR089C-A,0,-7.184582,0.19487525522708893,0.9714285731315613,0.40134453773498535
YLR332W,YGR248W,0,-7.1855574,0.19480957090854645,0.9714285731315613,0.40151259303092957
YPL153C,YDR328C,0,-7.1857266,0.19474393129348755,0.9714285731315613,0.40168067812919617
YKL197C,YBR002C,0,-7.186418,0.19467833638191223,0.9714285731315613,0.4018487334251404
YLR355C,YNL032W,0,-7.1866918,0.1946128010749817,0.9714285731315613,0.402016818523407
YDR301W,YBL032W,0,-7.1867833,0.19454729557037354,0.9714285731315613,0.4021848738193512
YGL180W,YAL042W,0,-7.1868014,0.19448183476924896,0.9714285731315613,0.4023529291152954
YOR103C,YDL235C,0,-7.1876845,0.19441641867160797,0.9714285731315613,0.402521014213562
YOR249C,YOR209C,0,-7.189114,0.19435104727745056,0.9714285731315613,0.4026890695095062
YDR524C,YCL055W,0,-7.1893454,0.19428572058677673,0.9714285731315613,0.4028571546077728
YNR075W,YFR052W,0,-7.190195,0.1942204236984253,0.9714285731315613,0.40302520990371704
YNL220W,YLR417W,0,-7.191807,0.19415518641471863,0.9714285731315613,0.40319326519966125
YEL062W,YMR142C,0,-7.192427,0.19408999383449554,0.9714285731315613,0.40336135029792786
YOR037W,YCL005W-A,0,-7.1925774,0.19402484595775604,0.9714285731315613,0.40352940559387207
YDR098C,YKL042W,0,-7.1930127,0.19395972788333893,0.9714285731315613,0.40369749069213867
YHR001W-A,YPL258C,0,-7.1933455,0.1938946694135666,0.9714285731315613,0.4038655459880829
YDR345C,YGR033C,0,-7.193887,0.19382964074611664,0.9714285731315613,0.4040336012840271
YOL156W,YDR195W,0,-7.1949267,0.19376467168331146,0.9714285731315613,0.4042016863822937
YJL183W,YJR028W,0,-7.1954217,0.19369973242282867,0.9714285731315613,0.4043697416782379
YKL191W,YFL021W,0,-7.196812,0.19363483786582947,0.9714285731315613,0.4045378267765045
YMR013C,YGR181W,0,-7.197546,0.19356998801231384,0.9714285731315613,0.40470588207244873
YNL147W,YMR270C,0,-7.198688,0.1935051828622818,0.9714285731315613,0.40487393736839294
YMR250W,YPL242C,0,-7.1987243,0.19344042241573334,0.9714285731315613,0.40504202246665955
YDR515W,YCR062W,0,-7.1995983,0.19337570667266846,0.9714285731315613,0.40521007776260376
YOR386W,YKR008W,0,-7.200299,0.19331103563308716,0.9714285731315613,0.40537816286087036
YLL026W,YKL195W,0,-7.201487,0.19324640929698944,0.9714285731315613,0.4055462181568146
YNL220W,YKL220C,0,-7.2035813,0.1931818127632141,0.9714285731315613,0.4057142734527588
YKL112W,YBL047C,0,-7.2036476,0.19311727583408356,0.9714285731315613,0.4058823585510254
YGL143C,YDL019C,0,-7.2041907,0.1930527687072754,0.9714285731315613,0.4060504138469696
YBR010W,YKL042W,0,-7.2048006,0.192988321185112,0.9714285731315613,0.4062184989452362
YML014W,YJL048C,0,-7.2061143,0.192923903465271,0.9714285731315613,0.4063865542411804
YFL004W,YMR089C,0,-7.2078137,0.19285953044891357,0.9714285731315613,0.40655460953712463
YBR024W,YDR086C,0,-7.209307,0.19279520213603973,0.9714285731315613,0.40672269463539124
YCL055W,YOR330C,0,-7.210923,0.19273090362548828,0.9714285731315613,0.40689074993133545
YML073C,YJR010C-A,0,-7.2110004,0.1926666647195816,0.9714285731315613,0.40705883502960205
YDR273W,YLR026C,0,-7.211136,0.1926024705171585,0.9714285731315613,0.40722689032554626
YCL014W,YOR088W,0,-7.2149425,0.1925383061170578,0.9714285731315613,0.4073949456214905
YGL105W,YDR320C-A,0,-7.2156,0.19247418642044067,0.9714285731315613,0.4075630307197571
YOR180C,YNR026C,0,-7.2192483,0.19241012632846832,0.9714285731315613,0.4077310860157013
YMR001C,YJL183W,0,-7.220546,0.19234609603881836,0.9714285731315613,0.4078991711139679
YLR160C,YDL117W,0,-7.220548,0.19228209555149078,0.9714285731315613,0.4080672264099121
YOR002W,YBR172C,0,-7.2211137,0.19221815466880798,0.9714285731315613,0.4082352817058563
YAL022C,YDR165W,0,-7.2234106,0.19215425848960876,0.9714285731315613,0.4084033668041229
YNL327W,YKL195W,0,-7.2238255,0.19209039211273193,0.9714285731315613,0.40857142210006714
YBR068C,YOL133W,0,-7.22395,0.19202658534049988,0.9714285731315613,0.40873950719833374
YCR048W,YAL043C,0,-7.224179,0.1919628083705902,0.9714285731315613,0.40890756249427795
YDL029W,YGL084C,0,-7.225145,0.19189907610416412,0.9714285731315613,0.40907561779022217
YGR088W,YCL019W,0,-7.2252707,0.19183537364006042,0.9714285731315613,0.40924370288848877
YEL004W,YLR467W,0,-7.2254834,0.1917717307806015,0.9714285731315613,0.409411758184433
YPL118W,YJR010C-A,0,-7.2260246,0.19170813262462616,0.9714285731315613,0.4095798432826996
YDL079C,YGR010W,0,-7.226494,0.1916445642709732,0.9714285731315613,0.4097478985786438
YOR330C,YCL008C,0,-7.2283607,0.19158104062080383,0.9714285731315613,0.409915953874588
YJL183W,YLR010C,0,-7.229379,0.19151756167411804,0.9714285731315613,0.4100840389728546
YPR025C,YDL232W,0,-7.2305465,0.19145412743091583,0.9714285731315613,0.41025209426879883
YNL153C,YMR224C,0,-7.2306585,0.191390722990036,0.9714285731315613,0.41042017936706543
YBR201W,YGL053W,0,-7.2339826,0.19132737815380096,0.9714285731315613,0.41058823466300964
YML008C,YCR060W,0,-7.234776,0.1912640631198883,0.9714285731315613,0.41075628995895386
YCR028C,YIL109C,0,-7.237065,0.19120079278945923,0.9714285731315613,0.41092437505722046
YKL112W,YPR181C,0,-7.237538,0.19113756716251373,0.9714285731315613,0.4110924303531647
YLL026W,YJL121C,0,-7.2392354,0.19107438623905182,0.9714285731315613,0.4112605154514313
YGR230W,YDR289C,0,-7.23949,0.1910112351179123,0.9714285731315613,0.4114285707473755
YFL013C,YHR203C,0,-7.240231,0.19094812870025635,0.9714285731315613,0.4115966260433197
YDL058W,YLR035C-A,0,-7.2405066,0.19088506698608398,0.9714285731315613,0.4117647111415863
YJL203W,YML039W,0,-7.240785,0.1908220499753952,0.9714285731315613,0.4119327664375305
YPL268W,YBR183W,0,-7.2423472,0.19075907766819,0.9714285731315613,0.4121008515357971
YPR046W,YMR026C,0,-7.2424393,0.1906961351633072,0.9714285731315613,0.41226890683174133
YIL112W,YOR123C,0,-7.242916,0.19063325226306915,0.9714285731315613,0.41243696212768555
YNL230C,YIL106W,0,-7.243509,0.1905703991651535,0.9714285731315613,0.41260504722595215
YGL256W,YIR033W,0,-7.24408,0.19050757586956024,0.9714285731315613,0.41277310252189636
YLR355C,YBL050W,0,-7.2444887,0.19044481217861176,0.9714285731315613,0.41294118762016296
YJL021C,YPR036W,0,-7.2451153,0.19038207828998566,0.9714285731315613,0.4131092429161072
YNL147W,YDL098C,0,-7.2458544,0.19031938910484314,0.9714285731315613,0.4132772982120514
YER019W,YMR069W,0,-7.247448,0.1902567446231842,0.9714285731315613,0.413445383310318
YLR133W,YGL016W,0,-7.2476916,0.19019414484500885,0.9714285731315613,0.4136134386062622
YCR038C,YBR201W,0,-7.2486095,0.19013157486915588,0.9714285731315613,0.4137815237045288
YKL208W,YOR088W,0,-7.24874,0.1900690495967865,0.9714285731315613,0.413949579000473
YER179W,YBR185C,0,-7.2488284,0.1900065690279007,0.9714285731315613,0.41411763429641724
YPL101W,YLL026W,0,-7.2489634,0.18994413316249847,0.9714285731315613,0.41428571939468384
YDR320C-A,YMR283C,0,-7.249645,0.18988174200057983,0.9714285731315613,0.41445377469062805
YGR284C,YJL026W,0,-7.2498894,0.18981938064098358,0.9714285731315613,0.41462185978889465
YNL008C,YER164W,0,-7.2504263,0.1897570639848709,0.9714285731315613,0.41478991508483887
YOL002C,YCL005W-A,0,-7.2508535,0.18969477713108063,0.9714285731315613,0.4149579703807831
YLR116W,YDL042C,0,-7.251228,0.18963254988193512,0.9714285731315613,0.4151260554790497
YBR267W,YJR028W,0,-7.2546105,0.189570352435112,0.9714285731315613,0.4152941107749939
YMR296C,YIL120W,0,-7.254747,0.18950819969177246,0.9714285731315613,0.4154621958732605
YPR032W,YOR008C-A,0,-7.255224,0.1894460767507553,0.9714285731315613,0.4156302511692047
YPL192C,YMR106C,0,-7.255318,0.18938401341438293,0.9714285731315613,0.4157983064651489
YLR110C,YKL042W,0,-7.255546,0.18932197988033295,0.9714285731315613,0.4159663915634155
YNL164C,YHR119W,0,-7.2563663,0.18925999104976654,0.9714285731315613,0.41613444685935974
YBR210W,YNL074C,0,-7.257107,0.18919803202152252,0.9714285731315613,0.41630253195762634
YOR377W,YKL197C,0,-7.257211,0.18913613259792328,0.9714285731315613,0.41647058725357056
YGL175C,YCR060W,0,-7.2589564,0.18907426297664642,0.9714285731315613,0.41663864254951477
YCL026C-A,YNL328C,0,-7.260984,0.18901242315769196,0.9714285731315613,0.41680672764778137
YER068W,YMR183C,0,-7.261362,0.18895064294338226,0.9714285731315613,0.4169747829437256
YLR417W,YCR102C,0,-7.261754,0.18888889253139496,0.9714285731315613,0.4171428680419922
YMR301C,YPR018W,0,-7.2624826,0.18882718682289124,0.9714285731315613,0.4173109233379364
YNR010W,YBR066C,0,-7.2635803,0.1887655109167099,0.9714285731315613,0.4174789786338806
YBL080C,YJL139C,0,-7.2645116,0.18870387971401215,0.9714285731315613,0.4176470637321472
YML062C,YOR346W,0,-7.264883,0.18864229321479797,0.9714285731315613,0.41781511902809143
YOL130W,YDL098C,0,-7.265116,0.18858075141906738,0.9714285731315613,0.41798320412635803
YBR275C,YLR090W,0,-7.2666574,0.18851923942565918,0.9714285731315613,0.41815125942230225
YPR181C,YBL061C,0,-7.2668757,0.18845777213573456,0.9714285731315613,0.41831931471824646
YCR038C,YPL018W,0,-7.267142,0.18839634954929352,0.9714285731315613,0.41848739981651306
YNL008C,YDR202C,0,-7.2677445,0.18833495676517487,0.9714285731315613,0.4186554551124573
YGL256W,YKR038C,0,-7.2678695,0.1882736086845398,0.9714285731315613,0.4188235402107239
YDL232W,YDL170W,0,-7.2688484,0.1882123053073883,0.9714285731315613,0.4189915955066681
YMR072W,YBR234C,0,-7.270078,0.1881510466337204,0.9714285731315613,0.4191596508026123
YHR203C,YBL050W,0,-7.2703185,0.18808981776237488,0.9714285731315613,0.4193277359008789
YNL032W,YCR102C,0,-7.270766,0.18802863359451294,0.9714285731315613,0.4194957911968231
YGL247W,YBR127C,0,-7.270972,0.1879674792289734,0.9714285731315613,0.4196638762950897
YHR019C,YJR010C-A,0,-7.271954,0.18790636956691742,0.9714285731315613,0.41983193159103394
YOR160W,YMR089C,0,-7.272574,0.18784530460834503,0.9714285731315613,0.41999998688697815
YDR345C,YLR277C,0,-7.273854,0.18778426945209503,0.9714285731315613,0.42016807198524475
YDR345C,YML049C,0,-7.2752438,0.1877232939004898,0.9714285731315613,0.42033612728118896
YFL003C,YBR089C-A,0,-7.2753205,0.18766233325004578,0.9714285731315613,0.42050421237945557
YPR104C,YLR192C,1,-7.2761254,0.18792599439620972,0.973109245300293,0.42050421237945557
YIL120W,YGR192C,0,-7.2788396,0.1878650188446045,0.973109245300293,0.4206722676753998
YDL003W,YCL074W,0,-7.2790995,0.18780408799648285,0.973109245300293,0.420840322971344
YKL150W,YOR008C-A,0,-7.279132,0.1877431869506836,0.973109245300293,0.4210084080696106
YBR186W,YIL022W,0,-7.279981,0.18768233060836792,0.973109245300293,0.4211764633655548
YLR026C,YMR106C,0,-7.282245,0.18762151896953583,0.973109245300293,0.4213445484638214
YLR066W,YIL022W,0,-7.283122,0.18756073713302612,0.973109245300293,0.4215126037597656
YLR377C,YKL025C,0,-7.2850776,0.1875,0.973109245300293,0.42168065905570984
YJL021C,YNL027W,0,-7.2853627,0.18743930757045746,0.973109245300293,0.42184874415397644
YOL013C,YPR018W,0,-7.2859674,0.1873786449432373,0.973109245300293,0.42201679944992065
YOR322C,YKL088W,0,-7.288077,0.18731802701950073,0.973109245300293,0.42218488454818726
YGR227W,YPL118W,0,-7.288271,0.18725743889808655,0.973109245300293,0.42235293984413147
YNL327W,YFL017W-A,0,-7.2897663,0.18719689548015594,0.973109245300293,0.4225209951400757
YAL044C,YDR485C,0,-7.2902975,0.18713639676570892,0.973109245300293,0.4226890802383423
YBR210W,YLR455W,0,-7.290706,0.1870759278535843,0.973109245300293,0.4228571355342865
YLR329W,YCR062W,0,-7.292733,0.18701550364494324,0.973109245300293,0.4230252206325531
YGR041W,YHR039C,0,-7.294869,0.18695512413978577,0.973109245300293,0.4231932759284973
YPL177C,YGL195W,0,-7.2954884,0.18689477443695068,0.973109245300293,0.42336133122444153
YGL016W,YPR070W,0,-7.295694,0.18683446943759918,0.973109245300293,0.42352941632270813
YDL036C,YML131W,0,-7.29707,0.18677419424057007,0.973109245300293,0.42369747161865234
YDR298C,YKR095W-A,0,-7.2972264,0.18671396374702454,0.973109245300293,0.42386555671691895
YNL068C,YLR248W,0,-7.297572,0.18665377795696259,0.973109245300293,0.42403361201286316
YJL184W,YDL109C,0,-7.2979317,0.18659362196922302,0.973109245300293,0.4242016673088074
YKL112W,YJL048C,0,-7.2979417,0.18653351068496704,0.973109245300293,0.424369752407074
YNL008C,YGL143C,0,-7.2982416,0.18647342920303345,0.973109245300293,0.4245378077030182
YML129C,YBR087W,0,-7.2982855,0.18641339242458344,0.973109245300293,0.4247058928012848
YNL110C,YKL088W,0,-7.298462,0.186353400349617,0.973109245300293,0.424873948097229
YDR055W,YPL033C,0,-7.299376,0.18629343807697296,0.973109245300293,0.4250420033931732
YKL165C,YPR065W,0,-7.2997403,0.1862335205078125,0.973109245300293,0.4252100884914398
YAL009W,YHR041C,0,-7.301489,0.18617363274097443,0.973109245300293,0.42537814378738403
YLR066W,YJR027W,0,-7.302749,0.18611378967761993,0.973109245300293,0.42554622888565063
YDL013W,YKL018W,0,-7.3034596,0.18605399131774902,0.973109245300293,0.42571428418159485
YKL042W,YDR325W,0,-7.3035946,0.1859942227602005,0.973109245300293,0.42588233947753906
YCR107W,YCR102C,0,-7.304206,0.18593448400497437,0.973109245300293,0.42605042457580566
YOR319W,YML047C,0,-7.304716,0.185874804854393,0.973109245300293,0.4262184798717499
YDL003W,YHR200W,0,-7.3047614,0.18581514060497284,0.973109245300293,0.4263865649700165
YKL101W,YGR202C,0,-7.307174,0.18575553596019745,0.973109245300293,0.4265546202659607
YAL054C,YAR009C,0,-7.3072906,0.18569596111774445,0.973109245300293,0.4267226755619049
YPR072W,YOR159C,0,-7.3076987,0.18563641607761383,0.973109245300293,0.4268907606601715
YDR040C,YPL010W,0,-7.308891,0.1855769157409668,0.973109245300293,0.4270588159561157
YML033W,YLR425W,0,-7.3091345,0.18551746010780334,0.973109245300293,0.4272269010543823
YDR363W-A,YJL129C,0,-7.309296,0.18545803427696228,0.973109245300293,0.42739495635032654
YLL019C,YMR153W,0,-7.3093495,0.1853986531496048,0.973109245300293,0.42756301164627075
YKL139W,YHR203C,0,-7.309662,0.1853393018245697,0.973109245300293,0.42773109674453735
YNL281W,YPL209C,0,-7.3098755,0.1852799952030182,0.973109245300293,0.42789915204048157
YJR074W,YPR018W,0,-7.3103933,0.18522073328495026,0.973109245300293,0.42806723713874817
YOR210W,YJL129C,0,-7.3111415,0.1851615011692047,0.973109245300293,0.4282352924346924
YFR053C,YBR162C,0,-7.311626,0.18510229885578156,0.973109245300293,0.4284033477306366
YNL014W,YFL008W,0,-7.311923,0.18504314124584198,0.973109245300293,0.4285714328289032
YLL018C-A,YCR083W,0,-7.3129487,0.184984028339386,0.973109245300293,0.4287394881248474
YKL025C,YLR090W,0,-7.313082,0.18492494523525238,0.973109245300293,0.428907573223114
YPL010W,YOR148C,0,-7.313206,0.18486590683460236,0.973109245300293,0.4290756285190582
YDR059C,YGR285C,0,-7.3143277,0.18480689823627472,0.973109245300293,0.42924368381500244
YBR132C,YHL036W,0,-7.3168597,0.18474791944026947,0.973109245300293,0.42941176891326904
YBR077C,YNL241C,0,-7.3173394,0.184689000248909,0.973109245300293,0.42957982420921326
YJL184W,YNL147W,0,-7.3187194,0.18463009595870972,0.973109245300293,0.42974790930747986
YGR227W,YMR214W,0,-7.3192286,0.1845712512731552,0.973109245300293,0.4299159646034241
YDR309C,YML058W-A,0,-7.3193316,0.1845124214887619,0.973109245300293,0.4300840198993683
YGL092W,YML047C,0,-7.319876,0.18445365130901337,0.973109245300293,0.4302521049976349
YBR008C,YDL150W,0,-7.3209963,0.18439491093158722,0.973109245300293,0.4304201602935791
YLR025W,YOR088W,0,-7.3210983,0.18433620035648346,0.973109245300293,0.4305882453918457
YOL164W,YJL133W,0,-7.3213263,0.18427753448486328,0.973109245300293,0.4307563006877899
YOL009C,YGL053W,0,-7.321354,0.1842188984155655,0.973109245300293,0.43092435598373413
YOR330C,YNR026C,0,-7.3216066,0.18416030704975128,0.973109245300293,0.43109244108200073
YOR386W,YHR200W,0,-7.3219123,0.18410174548625946,0.973109245300293,0.43126049637794495
YMR029C,YML055W,0,-7.3222113,0.18404322862625122,0.973109245300293,0.43142858147621155
YKR066C,YDR131C,0,-7.322476,0.18398474156856537,0.973109245300293,0.43159663677215576
YHR039C,YOR346W,0,-7.322844,0.1839262992143631,0.973109245300293,0.4317646920681
YDR480W,YBR066C,0,-7.3236833,0.1838679015636444,0.973109245300293,0.4319327771663666
YGR014W,YLR346C,0,-7.3244834,0.18380951881408691,0.973109245300293,0.4321008324623108
YPL091W,YGR059W,0,-7.32541,0.1837511956691742,0.973109245300293,0.4322689175605774
YGL178W,YJL025W,0,-7.3255167,0.18369288742542267,0.973109245300293,0.4324369728565216
YMR296C,YDL006W,0,-7.3257003,0.18363463878631592,0.973109245300293,0.4326050281524658
YLR160C,YLR090W,0,-7.3257523,0.18357640504837036,0.973109245300293,0.4327731132507324
YNL118C,YCR102C,0,-7.3262343,0.18351823091506958,0.973109245300293,0.43294116854667664
YER001W,YLR116W,0,-7.3262944,0.18346007168293,0.973109245300293,0.43310925364494324
YBR129C,YGL175C,0,-7.326393,0.183401957154274,0.973109245300293,0.43327730894088745
YDR301W,YJR150C,0,-7.3270574,0.18334388732910156,0.973109245300293,0.43344536423683167
YLR431C,YPL096C-A,0,-7.3288574,0.18328584730625153,0.973109245300293,0.43361344933509827
YPR070W,YIL109C,0,-7.3306375,0.18322785198688507,0.973109245300293,0.4337815046310425
YJL052W,YFR003C,0,-7.3316646,0.183169886469841,0.973109245300293,0.4339495897293091
YLR110C,YJL025W,0,-7.3319855,0.18311195075511932,0.973109245300293,0.4341176450252533
YGR097W,YDR363W-A,0,-7.333178,0.18305405974388123,0.973109245300293,0.4342857003211975
YNL220W,YDR310C,0,-7.333238,0.1829962134361267,0.973109245300293,0.4344537854194641
YKL085W,YLR166C,0,-7.335565,0.1829383820295334,0.973109245300293,0.4346218407154083
YPR020W,YFR030W,0,-7.336082,0.18288061022758484,0.973109245300293,0.4347899258136749
YBR192W,YIL022W,0,-7.337105,0.18282285332679749,0.973109245300293,0.43495798110961914
YDL126C,YPR094W,0,-7.3371873,0.1827651560306549,0.973109245300293,0.43512603640556335
YDL017W,YDL117W,0,-7.3379917,0.18270747363567352,0.973109245300293,0.43529412150382996
YDL232W,YGR211W,0,-7.338469,0.18264983594417572,0.973109245300293,0.43546217679977417
YKR066C,YLR355C,0,-7.3385806,0.1825922429561615,0.973109245300293,0.43563026189804077
YOR159C,YOR064C,0,-7.3393073,0.18253467977046967,0.973109245300293,0.435798317193985
YJL145W,YJR110W,0,-7.33964,0.18247714638710022,0.973109245300293,0.4359663724899292
YIL036W,YBL016W,0,-7.341213,0.18241965770721436,0.973109245300293,0.4361344575881958
YAL022C,YNL030W,0,-7.3414154,0.18236219882965088,0.973109245300293,0.43630251288414
YFR034C,YMR203W,0,-7.3414774,0.18230478465557098,0.973109245300293,0.4364705979824066
YML132W,YDR208W,0,-7.342942,0.18224740028381348,0.973109245300293,0.43663865327835083
YOR002W,YPL060W,0,-7.3434587,0.18219006061553955,0.973109245300293,0.43680670857429504
YBR077C,YJR010C-A,0,-7.3464313,0.182132750749588,0.973109245300293,0.43697479367256165
YGR202C,YLR010C,0,-7.3474717,0.18207547068595886,0.973109245300293,0.43714284896850586
YDR480W,YOR307C,0,-7.3514996,0.1820182353258133,0.973109245300293,0.43731093406677246
YBL080C,YHR041C,0,-7.351743,0.1819610297679901,0.973109245300293,0.4374789893627167
YNL281W,YOR307C,0,-7.352469,0.1819038689136505,0.973109245300293,0.4376470446586609
YML114C,YHL009C,0,-7.3543477,0.1818467378616333,0.973109245300293,0.4378151297569275
YML113W,YKR059W,0,-7.354947,0.18178963661193848,0.973109245300293,0.4379831850528717
YKR038C,YOL001W,0,-7.355013,0.18173258006572723,0.973109245300293,0.4381512701511383
YDR046C,YJL102W,0,-7.355451,0.18167555332183838,0.973109245300293,0.4383193254470825
YCR083W,YIL080W,0,-7.3555446,0.1816185712814331,0.973109245300293,0.43848738074302673
YGR010W,YPL208W,0,-7.35574,0.18156161904335022,0.973109245300293,0.43865546584129333
YPL100W,YJR022W,0,-7.355943,0.18150469660758972,0.973109245300293,0.43882352113723755
YGR218W,YOR180C,0,-7.3566856,0.1814478188753128,0.973109245300293,0.43899160623550415
YPL209C,YMR153W,0,-7.3578258,0.18139097094535828,0.973109245300293,0.43915966153144836
YFR028C,YLL061W,0,-7.3582773,0.18133416771888733,0.973109245300293,0.4393277168273926
YOR005C,YOR307C,0,-7.3595457,0.18127739429473877,0.973109245300293,0.4394958019256592
YDR191W,YLR467W,0,-7.3595757,0.1812206506729126,0.973109245300293,0.4396638572216034
YJR083C,YML008C,0,-7.3602166,0.18116395175457,0.973109245300293,0.43983194231987
YCL027W,YGL092W,0,-7.360807,0.1811072826385498,0.973109245300293,0.4399999976158142
YCL014W,YLR355C,0,-7.360873,0.18105065822601318,0.973109245300293,0.4401680529117584
YGR284C,YDL217C,0,-7.361259,0.18099406361579895,0.973109245300293,0.440336138010025
YNL030W,YEL016C,0,-7.361569,0.1809374988079071,0.973109245300293,0.44050419330596924
YJR074W,YDL109C,0,-7.3617754,0.18088097870349884,0.973109245300293,0.44067227840423584
YNR026C,YMR216C,0,-7.362906,0.18082448840141296,0.973109245300293,0.44084033370018005
YJL008C,YML049C,0,-7.3631635,0.18076802790164948,0.973109245300293,0.44100838899612427
YOL077W-A,YPL059W,0,-7.3632708,0.18071161210536957,0.973109245300293,0.44117647409439087
YLR157C,YKL146W,0,-7.3645678,0.18065522611141205,0.973109245300293,0.4413445293903351
YBR160W,YHR005C,0,-7.3655505,0.18059886991977692,0.973109245300293,0.4415126144886017
YDR174W,YDR325W,0,-7.3659844,0.18054255843162537,0.973109245300293,0.4416806697845459
YOR349W,YCR080W,0,-7.3661795,0.1804862916469574,0.973109245300293,0.4418487250804901
YJR139C,YBR273C,0,-7.3662314,0.18043003976345062,0.973109245300293,0.4420168101787567
YKL101W,YBR050C,0,-7.36631,0.18037383258342743,0.973109245300293,0.4421848654747009
YGR014W,YKL197C,0,-7.3674197,0.18031765520572662,0.973109245300293,0.44235295057296753
YGL175C,YOL122C,0,-7.3676987,0.1802615225315094,0.973109245300293,0.44252100586891174
YMR201C,YIL029C,0,-7.368344,0.18020541965961456,0.973109245300293,0.44268906116485596
YDL087C,YLR008C,0,-7.3686056,0.18014934659004211,0.973109245300293,0.44285714626312256
YCR107W,YPR057W,0,-7.3695526,0.18009331822395325,0.973109245300293,0.4430252015590668
YPL021W,YLR259C,0,-7.369952,0.18003731966018677,0.973109245300293,0.4431932866573334
YCR107W,YMR216C,0,-7.3707185,0.17998135089874268,0.973109245300293,0.4433613419532776
YPL192C,YDR207C,0,-7.3712397,0.17992542684078217,0.973109245300293,0.4435293972492218
YJL145W,YGR192C,0,-7.371263,0.17986951768398285,0.973109245300293,0.4436974823474884
YHL040C,YBR192W,0,-7.3725533,0.1798136681318283,0.973109245300293,0.4438655376434326
YLR133W,YCL075W,0,-7.3725743,0.17975783348083496,0.973109245300293,0.4440336227416992
YGL180W,YNL328C,0,-7.3749456,0.1797020435333252,0.973109245300293,0.44420167803764343
YPL209C,YDL036C,0,-7.376494,0.179646298289299,0.973109245300293,0.44436973333358765
YER008C,YCR084C,0,-7.376881,0.17959056794643402,0.973109245300293,0.44453781843185425
YMR175W,YCL074W,0,-7.37739,0.1795348823070526,0.973109245300293,0.44470587372779846
YHR193C,YBR049C,0,-7.380059,0.1794792264699936,0.973109245300293,0.44487395882606506
YDL135C,YIR022W,0,-7.3806705,0.17942361533641815,0.973109245300293,0.4450420141220093
YER028C,YCR080W,0,-7.380693,0.1793680340051651,0.973109245300293,0.4452100694179535
YPL091W,YBR172C,0,-7.3811555,0.17931248247623444,0.973109245300293,0.4453781545162201
YIL030C,YLR035C-A,0,-7.3816047,0.17925696074962616,0.973109245300293,0.4455462098121643
YOR349W,YDL109C,0,-7.3817058,0.17920148372650146,0.973109245300293,0.4457142949104309
YPR104C,YOL142W,1,-7.3822055,0.1794554442167282,0.9747899174690247,0.4457142949104309
YBR192W,YML033W,0,-7.3829055,0.17939993739128113,0.9747899174690247,0.4458823502063751
YKR079C,YKL088W,0,-7.3830194,0.17934446036815643,0.9747899174690247,0.44605040550231934
YPR200C,YDR341C,0,-7.383449,0.17928902804851532,0.9747899174690247,0.44621849060058594
YDL045C,YML092C,0,-7.384808,0.1792336255311966,0.9747899174690247,0.44638654589653015
YGR262C,YLR090W,0,-7.3855677,0.17917825281620026,0.9747899174690247,0.44655463099479675
YHR005C,YLR335W,0,-7.386582,0.1791229099035263,0.9747899174690247,0.44672268629074097
YPR020W,YBL033C,0,-7.3881683,0.17906761169433594,0.9747899174690247,0.4468907415866852
YMR270C,YDR328C,0,-7.3889933,0.17901234328746796,0.9747899174690247,0.4470588266849518
YGL256W,YJR091C,0,-7.3895097,0.17895710468292236,0.9747899174690247,0.447226881980896
YJL065C,YOR008C-A,0,-7.389937,0.17890191078186035,0.9747899174690247,0.4473949670791626
YNL230C,YER068W,0,-7.3902965,0.17884674668312073,0.9747899174690247,0.4475630223751068
YOL127W,YJR102C,0,-7.390455,0.1787916123867035,0.9747899174690247,0.447731077671051
YJL207C,YJL108C,0,-7.390638,0.17873652279376984,0.9747899174690247,0.4478991627693176
YNR002C,YMR091C,0,-7.3925066,0.17868144810199738,0.9747899174690247,0.44806721806526184
YBR038W,YIL056W,0,-7.3925233,0.1786264181137085,0.9747899174690247,0.44823530316352844
YNL262W,YPL106C,0,-7.393003,0.1785714328289032,0.9747899174690247,0.44840335845947266
YNL268W,YDR386W,0,-7.393391,0.1785164624452591,0.9747899174690247,0.44857141375541687
YNR002C,YHL036W,0,-7.393612,0.17846153676509857,0.9747899174690247,0.44873949885368347
YGL008C,YCR053W,0,-7.3936586,0.17840664088726044,0.9747899174690247,0.4489075541496277
YDR273W,YOR209C,0,-7.3946433,0.17835178971290588,0.9747899174690247,0.4490756392478943
YNL268W,YCL032W,0,-7.3952565,0.17829695343971252,0.9747899174690247,0.4492436945438385
YIL084C,YML033W,0,-7.3967,0.17824216187000275,0.9747899174690247,0.4494117498397827
YMR109W,YIL129C,0,-7.3971057,0.17818740010261536,0.9747899174690247,0.4495798349380493
YGL037C,YMR183C,0,-7.397498,0.17813268303871155,0.9747899174690247,0.44974789023399353
YGL124C,YBR256C,0,-7.397895,0.17807798087596893,0.9747899174690247,0.44991597533226013
YOL009C,YOR212W,0,-7.398146,0.1780233234167099,0.9747899174690247,0.45008403062820435
YGR088W,YHR006W,0,-7.399033,0.17796869575977325,0.9747899174690247,0.45025211572647095
YMR026C,YDR189W,0,-7.399527,0.1779141128063202,0.9747899174690247,0.45042017102241516
YMR201C,YJL025W,0,-7.400425,0.17785955965518951,0.9747899174690247,0.4505882263183594
YBL009W,YGR222W,0,-7.4016585,0.17780502140522003,0.9747899174690247,0.450756311416626
YBR177C,YGL192W,0,-7.4024177,0.17775054275989532,0.9747899174690247,0.4509243667125702
YDL154W,YCL074W,0,-7.4027867,0.1776960790157318,0.9747899174690247,0.4510924518108368
YNR006W,YDL109C,0,-7.4034743,0.17764165997505188,0.9747899174690247,0.451260507106781
YBL016W,YGL004C,0,-7.404161,0.17758725583553314,0.9747899174690247,0.4514285624027252
YGL065C,YLR035C-A,0,-7.405797,0.17753291130065918,0.9747899174690247,0.4515966475009918
YLR116W,YGL008C,0,-7.4059186,0.1774785816669464,0.9747899174690247,0.45176470279693604
YLR304C,YML123C,0,-7.406015,0.17742428183555603,0.9747899174690247,0.45193278789520264
YJR092W,YGL053W,0,-7.406033,0.17737002670764923,0.9747899174690247,0.45210084319114685
YMR076C,YPL268W,0,-7.406037,0.17731580138206482,0.9747899174690247,0.45226889848709106
YER075C,YAR009C,0,-7.406102,0.177261620759964,0.9747899174690247,0.45243698358535767
YGR097W,YBL016W,0,-7.407527,0.17720745503902435,0.9747899174690247,0.4526050388813019
YGL256W,YJL145W,0,-7.40775,0.1771533340215683,0.9747899174690247,0.4527731239795685
YNL270C,YML058W-A,0,-7.40886,0.17709924280643463,0.9747899174690247,0.4529411792755127
YFR024C,YOL009C,0,-7.410041,0.17704518139362335,0.9747899174690247,0.4531092345714569
YJR110W,YLL056C,0,-7.412372,0.17699114978313446,0.9747899174690247,0.4532773196697235
YKR066C,YKL018W,0,-7.4129605,0.17693716287612915,0.9747899174690247,0.4534453749656677
YGL122C,YGL226C-A,0,-7.4135566,0.17688319087028503,0.9747899174690247,0.4536134600639343
YNL220W,YML015C,0,-7.4140496,0.1768292635679245,0.9747899174690247,0.45378151535987854
YGR222W,YKL088W,0,-7.4150977,0.17677536606788635,0.9747899174690247,0.45394957065582275
YGR097W,YGR218W,0,-7.415936,0.1767215132713318,0.9747899174690247,0.45411765575408936
YML012W,YMR224C,0,-7.4188504,0.17666767537593842,0.9747899174690247,0.45428571105003357
YKL018W,YCR062W,0,-7.4197984,0.17661388218402863,0.9747899174690247,0.45445379614830017
YCL025C,YJR027W,0,-7.4200616,0.17656011879444122,0.9747899174690247,0.4546218514442444
YOL133W,YOR212W,0,-7.420168,0.1765063852071762,0.9747899174690247,0.4547899067401886
YPR104C,YJL010C,1,-7.420471,0.17675691843032837,0.9764705896377563,0.4547899067401886
YFR052W,YLR262C,0,-7.4223423,0.17670316994190216,0.9764705896377563,0.4549579918384552
YFL029C,YOR123C,0,-7.4229555,0.17664943635463715,0.9764705896377563,0.4551260471343994
YGR132C,YPL010W,0,-7.423613,0.1765957474708557,0.9764705896377563,0.455294132232666
YPL265W,YML103C,0,-7.4236445,0.17654208838939667,0.9764705896377563,0.45546218752861023
YDR046C,YJR076C,0,-7.4243736,0.17648845911026,0.9764705896377563,0.45563024282455444
YDR273W,YMR091C,0,-7.4264417,0.17643485963344574,0.9764705896377563,0.45579832792282104
YHR116W,YIR033W,0,-7.4274216,0.17638130486011505,0.9764705896377563,0.45596638321876526
YDR191W,YBR127C,0,-7.4276676,0.17632776498794556,0.9764705896377563,0.45613446831703186
YDL232W,YDL006W,0,-7.4285564,0.17627426981925964,0.9764705896377563,0.4563025236129761
YBR164C,YBR183W,0,-7.4294653,0.17622080445289612,0.9764705896377563,0.4564705789089203
YPR104C,YKL021C,1,-7.429783,0.1764705926179886,0.978151261806488,0.4564705789089203
YDR423C,YBL058W,0,-7.4299264,0.17641709744930267,0.978151261806488,0.4566386640071869
YDL145C,YPL110C,0,-7.4315286,0.17636363208293915,0.978151261806488,0.4568067193031311
YEL027W,YIL022W,0,-7.4315853,0.1763102114200592,0.978151261806488,0.4569748044013977
YDR456W,YOR098C,0,-7.431828,0.17625682055950165,0.978151261806488,0.4571428596973419
YOR036W,YLR263W,0,-7.432097,0.17620344460010529,0.978151261806488,0.45731091499328613
YBR256C,YOR329C,0,-7.4360666,0.1761501282453537,0.978151261806488,0.45747900009155273
YKL197C,YML047C,0,-7.436939,0.1760968267917633,0.978151261806488,0.45764705538749695
YLR215C,YDR076W,0,-7.437184,0.1760435551404953,0.978151261806488,0.45781514048576355
YDR480W,YGR186W,0,-7.4373784,0.17599032819271088,0.978151261806488,0.45798319578170776
YHL009C,YDR131C,0,-7.4380765,0.17593711614608765,0.978151261806488,0.458151251077652
YMR001C,YMR214W,0,-7.4383397,0.175883948802948,0.978151261806488,0.4583193361759186
YNL110C,YHR150W,0,-7.4387484,0.17583081126213074,0.978151261806488,0.4584873914718628
YKL195W,YFR052W,0,-7.4392414,0.17577770352363586,0.978151261806488,0.4586554765701294
YER164W,YPR134W,0,-7.440262,0.17572464048862457,0.978151261806488,0.4588235318660736
YKL150W,YPL258C,0,-7.4418864,0.17567159235477448,0.978151261806488,0.4589915871620178
YHR150W,YDR393W,0,-7.44259,0.17561858892440796,0.978151261806488,0.4591596722602844
YJR017C,YKL205W,0,-7.443623,0.17556561529636383,0.978151261806488,0.45932772755622864
YKL195W,YIL106W,0,-7.444152,0.1755126714706421,0.978151261806488,0.45949581265449524
YEL016C,YHR006W,0,-7.4443417,0.17545975744724274,0.978151261806488,0.45966386795043945
YKL029C,YNL167C,0,-7.4445624,0.17540687322616577,0.978151261806488,0.45983192324638367
YDR098C,YGR063C,0,-7.4446797,0.1753540188074112,0.978151261806488,0.46000000834465027
YLL061W,YHR012W,0,-7.445727,0.1753012090921402,0.978151261806488,0.4601680636405945
YML113W,YOR123C,0,-7.446079,0.1752484142780304,0.978151261806488,0.4603361487388611
YGR155W,YFL016C,0,-7.4463735,0.17519566416740417,0.978151261806488,0.4605042040348053
YMR266W,YPR032W,0,-7.446736,0.17514294385910034,0.978151261806488,0.4606722593307495
YLR329W,YOR212W,0,-7.4470267,0.1750902533531189,0.978151261806488,0.4608403444290161
YBR185C,YDL036C,0,-7.4485264,0.17503759264945984,0.978151261806488,0.4610083997249603
YOR329C,YPL033C,0,-7.449444,0.17498496174812317,0.978151261806488,0.46117648482322693
YER169W,YIL119C,0,-7.4496636,0.17493237555027008,0.978151261806488,0.46134454011917114
YJL006C,YKL088W,0,-7.449985,0.17487980425357819,0.978151261806488,0.46151259541511536
YCR028C,YGL062W,0,-7.4506297,0.17482727766036987,0.978151261806488,0.46168068051338196
YPL265W,YAL009W,0,-7.4510093,0.17477478086948395,0.978151261806488,0.46184873580932617
YGR218W,YGL192W,0,-7.4510984,0.17472229897975922,0.978151261806488,0.4620168209075928
YLL019C,YER142C,0,-7.4518538,0.17466986179351807,0.978151261806488,0.462184876203537
YOR036W,YPR095C,0,-7.4518657,0.1746174544095993,0.978151261806488,0.4623529314994812
YDR277C,YIL029C,0,-7.452031,0.17456509172916412,0.978151261806488,0.4625210165977478
YPL010W,YOR344C,0,-7.453558,0.17451274394989014,0.978151261806488,0.462689071893692
YGL013C,YHR016C,0,-7.453698,0.17446042597293854,0.978151261806488,0.4628571569919586
YHR116W,YGR284C,0,-7.454827,0.17440815269947052,0.978151261806488,0.46302521228790283
YBR234C,YJR027W,0,-7.457821,0.1743558943271637,0.978151261806488,0.46319326758384705
YFL023W,YEL041W,0,-7.4578404,0.17430368065834045,0.978151261806488,0.46336135268211365
YNL153C,YAL015C,0,-7.458059,0.1742514967918396,0.978151261806488,0.46352940797805786
YBR164C,YMR106C,0,-7.458429,0.17419934272766113,0.978151261806488,0.46369749307632446
YDR122W,YIL070C,0,-7.4641156,0.17414721846580505,0.978151261806488,0.4638655483722687
YMR119W,YNL030W,0,-7.4652753,0.17409512400627136,0.978151261806488,0.4640336036682129
YHR073W,YPL208W,0,-7.465388,0.17404305934906006,0.978151261806488,0.4642016887664795
YMR270C,YML127W,0,-7.466004,0.17399102449417114,0.978151261806488,0.4643697440624237
YMR175W,YNL304W,0,-7.468463,0.1739390343427658,0.978151261806488,0.4645378291606903
YDR423C,YOR241W,0,-7.4713435,0.17388705909252167,0.978151261806488,0.4647058844566345
YER167W,YKL088W,0,-7.4715304,0.1738351285457611,0.978151261806488,0.46487393975257874
YPL018W,YBR008C,0,-7.471739,0.17378321290016174,0.978151261806488,0.46504202485084534
YDL181W,YDL170W,0,-7.4722776,0.17373134195804596,0.978151261806488,0.46521008014678955
YFL003C,YKR002W,0,-7.4738145,0.17367950081825256,0.978151261806488,0.46537816524505615
YDL017W,YMR104C,0,-7.475906,0.17362768948078156,0.978151261806488,0.46554622054100037
YFL025C,YLR195C,0,-7.476517,0.17357590794563293,0.978151261806488,0.4657142758369446
YMR041C,YPL208W,0,-7.4771123,0.1735241562128067,0.978151261806488,0.4658823609352112
YJR022W,YBR295W,0,-7.477178,0.17347243428230286,0.978151261806488,0.4660504162311554
YMR029C,YGR249W,0,-7.47735,0.1734207421541214,0.978151261806488,0.466218501329422
YEL060C,YCL074W,0,-7.478773,0.17336907982826233,0.978151261806488,0.4663865566253662
YML127W,YIL109C,0,-7.479378,0.17331744730472565,0.978151261806488,0.4665546119213104
YPL096C-A,YDR013W,0,-7.4798055,0.17326585948467255,0.978151261806488,0.466722697019577
YPL269W,YJR074W,0,-7.480202,0.17321428656578064,0.978151261806488,0.46689075231552124
YLR007W,YDL150W,0,-7.481704,0.17316274344921112,0.978151261806488,0.46705883741378784
YDL087C,YFR003C,0,-7.4818344,0.17311124503612518,0.978151261806488,0.46722689270973206
YNL136W,YBR050C,0,-7.4832244,0.17305976152420044,0.978151261806488,0.46739494800567627
YJL065C,YKL195W,0,-7.484002,0.17300832271575928,0.978151261806488,0.46756303310394287
YKR008W,YLL056C,0,-7.484504,0.1729569137096405,0.978151261806488,0.4677310883998871
YPL021W,YLR424W,0,-7.48457,0.17290551960468292,0.978151261806488,0.4678991734981537
YML032C,YKL080W,0,-7.484805,0.17285417020320892,0.978151261806488,0.4680672287940979
YOL127W,YHR181W,0,-7.485608,0.1728028506040573,0.978151261806488,0.4682352840900421
YDR298C,YCR102C,0,-7.4860225,0.1727515608072281,0.978151261806488,0.4684033691883087
YOR330C,YPR094W,0,-7.4885864,0.17270030081272125,0.978151261806488,0.46857142448425293
YOL156W,YCL063W,0,-7.489042,0.1726490706205368,0.978151261806488,0.46873950958251953
YBR278W,YOL009C,0,-7.4907002,0.17259787023067474,0.978151261806488,0.46890756487846375
YML120C,YKL018W,0,-7.4923015,0.17254669964313507,0.978151261806488,0.46907562017440796
YDR298C,YOR171C,0,-7.49299,0.17249555885791779,0.978151261806488,0.46924370527267456
YDL045C,YPR046W,0,-7.493197,0.1724444478750229,0.978151261806488,0.4694117605686188
YBR172C,YEL041W,0,-7.494604,0.17239336669445038,0.978151261806488,0.4695798456668854
YDL143W,YJL194W,0,-7.4946504,0.17234231531620026,0.978151261806488,0.4697479009628296
YKR076W,YIR022W,0,-7.49497,0.17229129374027252,0.978151261806488,0.4699159562587738
YBR037C,YDR131C,0,-7.4955487,0.17224030196666718,0.978151261806488,0.4700840413570404
YAL042W,YMR203W,0,-7.496121,0.1721893548965454,0.978151261806488,0.4702520966529846
YJL006C,YGL068W,0,-7.4963274,0.17213842272758484,0.978151261806488,0.4704201817512512
YDR205W,YHR084W,0,-7.497271,0.17208752036094666,0.978151261806488,0.47058823704719543
YGL105W,YJR110W,0,-7.4986777,0.17203664779663086,0.978151261806488,0.47075629234313965
YER001W,YNL304W,0,-7.498902,0.17198581993579865,0.978151261806488,0.47092437744140625
YHR174W,YIL080W,0,-7.4993877,0.17193500697612762,0.978151261806488,0.47109243273735046
YCL032W,YHR161C,0,-7.5013337,0.171884223818779,0.978151261806488,0.47126051783561707
YNL153C,YDL200C,0,-7.501802,0.17183348536491394,0.978151261806488,0.4714285731315613
YFL048C,YJL025W,0,-7.502521,0.17178276181221008,0.978151261806488,0.4715966284275055
YKL029C,YAL016W,0,-7.5031385,0.1717320680618286,0.978151261806488,0.4717647135257721
YNR067C,YFR052W,0,-7.5044146,0.17168141901493073,0.978151261806488,0.4719327688217163
YPL235W,YNL222W,1,-7.505759,0.17192567884922028,0.9798319339752197,0.4719327688217163
YGR014W,YBR077C,0,-7.505853,0.171875,0.9798319339752197,0.4721008539199829
YLR160C,YGL178W,0,-7.5097375,0.1718243509531021,0.9798319339752197,0.4722689092159271
YJL133W,YGL008C,0,-7.5108757,0.17177371680736542,0.9798319339752197,0.47243696451187134
YDR207C,YIL080W,0,-7.5111837,0.1717231273651123,0.9798319339752197,0.47260504961013794
YFL004W,YKL095W,0,-7.5115085,0.17167255282402039,0.9798319339752197,0.47277310490608215
YLR381W,YDR341C,0,-7.5121856,0.17162202298641205,0.9798319339752197,0.47294119000434875
YML102W,YBL047C,0,-7.5124393,0.1715715080499649,0.9798319339752197,0.47310924530029297
YIL142W,YBR258C,0,-7.5124655,0.17152103781700134,0.9798319339752197,0.4732773005962372
YDR289C,YDL225W,0,-7.5125833,0.17147058248519897,0.9798319339752197,0.4734453856945038
YFL003C,YJL128C,0,-7.5146785,0.1714201718568802,0.9798319339752197,0.473613440990448
YJR076C,YDR325W,0,-7.51556,0.1713697761297226,0.9798319339752197,0.4737815260887146
YPL242C,YJR010C-A,0,-7.5166593,0.17131942510604858,0.9798319339752197,0.4739495813846588
YMR201C,YGL229C,0,-7.518477,0.17126908898353577,0.9798319339752197,0.474117636680603
YMR184W,YBR058C-A,0,-7.5218267,0.17121879756450653,0.9798319339752197,0.47428572177886963
YDL029W,YLR007W,0,-7.5227957,0.1711685210466385,0.9798319339752197,0.47445377707481384
YBR201W,YML039W,0,-7.5233326,0.17111828923225403,0.9798319339752197,0.47462186217308044
YCR107W,YBR127C,0,-7.5249877,0.17106807231903076,0.9798319339752197,0.47478991746902466
YKR095W-A,YGR202C,0,-7.5272374,0.17101790010929108,0.9798319339752197,0.47495797276496887
YAL054C,YBR087W,0,-7.5276546,0.17096774280071259,0.9798319339752197,0.4751260578632355
YJR074W,YBR002C,0,-7.5277424,0.17091761529445648,0.9798319339752197,0.4752941131591797
YJL065C,YGL011C,0,-7.5288177,0.17086753249168396,0.9798319339752197,0.4754621982574463
YFL057C,YOR230W,0,-7.5289183,0.17081746459007263,0.9798319339752197,0.4756302535533905
YCL055W,YPL171C,0,-7.5292253,0.1707674264907837,0.9798319339752197,0.4757983088493347
YER044C,YLL026W,0,-7.53112,0.17071741819381714,0.9798319339752197,0.4759663939476013
YJR017C,YPL060W,0,-7.534073,0.17066745460033417,0.9798319339752197,0.47613444924354553
YFL023W,YOL069W,0,-7.5346193,0.1706175059080124,0.9798319339752197,0.47630253434181213
YOR377W,YNL280C,0,-7.5361395,0.170567587018013,0.9798319339752197,0.47647058963775635
YHR160C,YCR061W,0,-7.5361905,0.170517697930336,0.9798319339752197,0.47663864493370056
YKL112W,YMR091C,0,-7.537007,0.17046783864498138,0.9798319339752197,0.47680673003196716
YFR030W,YPR188C,0,-7.539741,0.17041800916194916,0.9798319339752197,0.4769747853279114
YFL009W,YDL126C,0,-7.5400267,0.17036820948123932,0.9798319339752197,0.477142870426178
YML132W,YKL029C,0,-7.5418468,0.17031843960285187,0.9798319339752197,0.4773109257221222
YFL018C,YOR212W,0,-7.542035,0.1702686846256256,0.9798319339752197,0.4774789810180664
YMR296C,YJR086W,0,-7.5436172,0.17021897435188293,0.9798319339752197,0.477647066116333
YIR033W,YKR002W,0,-7.5443273,0.17016929388046265,0.9798319339752197,0.4778151214122772
YDR174W,YNL167C,0,-7.5452433,0.17011964321136475,0.9798319339752197,0.4779832065105438
YGL013C,YBR172C,0,-7.5458293,0.17007000744342804,0.9798319339752197,0.47815126180648804
YEL027W,YKR095W-A,0,-7.5459003,0.17002041637897491,0.9798319339752197,0.47831931710243225
YLR078C,YOR209C,0,-7.547705,0.16997084021568298,0.9798319339752197,0.47848740220069885
YMR052W,YBR083W,0,-7.5477433,0.16992130875587463,0.9798319339752197,0.47865545749664307
YIL036W,YKL101W,0,-7.5478444,0.16987179219722748,0.9798319339752197,0.47882354259490967
YOL069W,YPR181C,0,-7.548286,0.1698223054409027,0.9798319339752197,0.4789915978908539
YMR138W,YOR087W,0,-7.5513525,0.16977286338806152,0.9798319339752197,0.4791596531867981
YKL220C,YGL006W,0,-7.551457,0.16972343623638153,0.9798319339752197,0.4793277382850647
YFL048C,YOL117W,0,-7.551977,0.16967403888702393,0.9798319339752197,0.4794957935810089
YJR076C,YHR161C,0,-7.552679,0.1696246713399887,0.9798319339752197,0.4796638786792755
YOR322C,YDR189W,0,-7.553678,0.16957533359527588,0.9798319339752197,0.4798319339752197
YLR078C,YDL217C,0,-7.553836,0.16952602565288544,0.9798319339752197,0.47999998927116394
YER164W,YBL058W,0,-7.5539513,0.16947674751281738,0.9798319339752197,0.48016807436943054
YBL105C,YJL129C,0,-7.5545588,0.16942749917507172,0.9798319339752197,0.48033612966537476
YLR157C,YOR349W,0,-7.555226,0.16937826573848724,0.9798319339752197,0.48050421476364136
YFL003C,YFR003C,0,-7.5555425,0.16932907700538635,0.9798319339752197,0.48067227005958557
YPL192C,YLR026C,0,-7.5570083,0.16927990317344666,0.9798319339752197,0.4808403253555298
YBR024W,YMR183C,0,-7.5571365,0.16923077404499054,0.9798319339752197,0.4810084104537964
YML103C,YCR102C,0,-7.5585155,0.16918165981769562,0.9798319339752197,0.4811764657497406
YNL280C,YML023C,0,-7.558516,0.16913257539272308,0.9798319339752197,0.4813445508480072
YNL270C,YFL016C,0,-7.5590878,0.16908352077007294,0.9798319339752197,0.4815126061439514
YLR455W,YML039W,0,-7.559318,0.16903449594974518,0.9798319339752197,0.48168066143989563
YNR023W,YLR010C,0,-7.559635,0.1689855009317398,0.9798319339752197,0.48184874653816223
YNL148C,YMR001C,0,-7.559696,0.16893653571605682,0.9798319339752197,0.48201680183410645
YDR372C,YOR087W,0,-7.559713,0.16888760030269623,0.9798319339752197,0.48218488693237305
YDR174W,YMR109W,0,-7.5603623,0.16883869469165802,0.9798319339752197,0.48235294222831726
YHR158C,YER028C,0,-7.560587,0.168789803981781,0.9798319339752197,0.4825209975242615
YML049C,YNR026C,0,-7.5610404,0.16874095797538757,0.9798319339752197,0.4826890826225281
YML120C,YDL098C,0,-7.562486,0.16869212687015533,0.9798319339752197,0.4828571379184723
YBR087W,YMR197C,0,-7.5630703,0.16864332556724548,0.9798319339752197,0.4830252230167389
YHR174W,YIR018W,0,-7.56479,0.1685945689678192,0.9798319339752197,0.4831932783126831
YGL190C,YMR175W,0,-7.5649505,0.16854582726955414,0.9798319339752197,0.4833613336086273
YMR001C,YML073C,0,-7.566739,0.16849711537361145,0.9798319339752197,0.4835294187068939
YOR123C,YKR002W,0,-7.567018,0.16844841837882996,0.9798319339752197,0.48369747400283813
YBR049C,YIL084C,0,-7.56729,0.16839976608753204,0.9798319339752197,0.48386555910110474
YPL026C,YIL029C,0,-7.567857,0.16835114359855652,0.9798319339752197,0.48403361439704895
YMR021C,YCL005W-A,0,-7.5679603,0.1683025360107422,0.9798319339752197,0.48420166969299316
YGL175C,YPR181C,0,-7.5691895,0.16825397312641144,0.9798319339752197,0.48436975479125977
YML047C,YOR064C,0,-7.5695705,0.16820542514324188,0.9798319339752197,0.484537810087204
YNL220W,YER165W,0,-7.5706882,0.16815690696239471,0.9798319339752197,0.4847058951854706
YKR008W,YDR308C,0,-7.5716376,0.16810841858386993,0.9798319339752197,0.4848739504814148
YMR072W,YMR284W,0,-7.572341,0.16805996000766754,0.9798319339752197,0.485042005777359
YPR083W,YBR049C,0,-7.573168,0.16801153123378754,0.9798319339752197,0.4852100908756256
YDL088C,YDR205W,0,-7.5740542,0.16796311736106873,0.9798319339752197,0.4853781461715698
YMR153W,YER169W,0,-7.5741544,0.1679147481918335,0.9798319339752197,0.4855462312698364
YOL063C,YNL030W,0,-7.5743833,0.16786639392375946,0.9798319339752197,0.48571428656578064
YBR192W,YOL113W,0,-7.5764675,0.167818084359169,0.9798319339752197,0.48588234186172485
YBR267W,YNL167C,0,-7.577761,0.16776978969573975,0.9798319339752197,0.48605042695999146
YDR337W,YJR086W,0,-7.5785728,0.16772152483463287,0.9798319339752197,0.48621848225593567
YER114C,YJL184W,0,-7.5805755,0.1676732748746872,0.9798319339752197,0.48638656735420227
YHR061C,YOR346W,0,-7.5806446,0.1676250696182251,0.9798319339752197,0.4865546226501465
YNL327W,YKR079C,0,-7.5810914,0.1675768941640854,0.9798319339752197,0.4867226779460907
YGL192W,YGR211W,0,-7.581163,0.16752873361110687,0.9798319339752197,0.4868907630443573
YFR031C,YPL210C,0,-7.581531,0.16748060286045074,0.9798319339752197,0.4870588183403015
YDR524C,YMR263W,0,-7.5832963,0.1674325168132782,0.9798319339752197,0.4872269034385681
YER117W,YNL026W,0,-7.5837007,0.16738444566726685,0.9798319339752197,0.48739495873451233
YPR057W,YBR024W,0,-7.584286,0.1673363894224167,0.9798319339752197,0.48756301403045654
YLR195C,YML039W,0,-7.5843945,0.1672883778810501,0.9798319339752197,0.48773109912872314
YNL280C,YDL109C,0,-7.5844226,0.16724039614200592,0.9798319339752197,0.48789915442466736
YJL194W,YNR015W,0,-7.5846925,0.16719242930412292,0.9798319339752197,0.48806723952293396
YBR107C,YGL008C,0,-7.5851016,0.16714449226856232,0.9798319339752197,0.4882352948188782
YPL265W,YDR207C,0,-7.5855904,0.1670965850353241,0.9798319339752197,0.4884033501148224
YDL145C,YER035W,0,-7.5858903,0.16704870760440826,0.9798319339752197,0.488571435213089
YBR152W,YHR138C,0,-7.5861506,0.16700085997581482,0.9798319339752197,0.4887394905090332
YJL090C,YER070W,0,-7.5881705,0.16695304214954376,0.9798319339752197,0.4889075756072998
YML080W,YFR024C,0,-7.588515,0.1669052392244339,0.9798319339752197,0.489075630903244
YFR029W,YCL008C,0,-7.5891643,0.16685746610164642,0.9798319339752197,0.48924368619918823
YPL100W,YLR110C,0,-7.589281,0.16680972278118134,0.9798319339752197,0.48941177129745483
YPL059W,YLR116W,0,-7.5892816,0.16676200926303864,0.9798319339752197,0.48957982659339905
YBR038W,YLR467W,0,-7.5894427,0.16671432554721832,0.9798319339752197,0.48974791169166565
YAL022C,YML103C,0,-7.5898643,0.1666666716337204,0.9798319339752197,0.48991596698760986
YHR194W,YBR283C,0,-7.5905843,0.16661903262138367,0.9798319339752197,0.4900840222835541
YKR059W,YDL109C,0,-7.590637,0.16657142341136932,0.9798319339752197,0.4902521073818207
YEL027W,YDL109C,0,-7.5906763,0.16652384400367737,0.9798319339752197,0.4904201626777649
YLR007W,YJR010C-A,0,-7.5907035,0.1664762943983078,0.9798319339752197,0.4905882477760315
YHR158C,YPL171C,0,-7.591033,0.16642877459526062,0.9798319339752197,0.4907563030719757
YDL088C,YDL138W,0,-7.591251,0.16638128459453583,0.9798319339752197,0.4909243583679199
YAL022C,YLL056C,0,-7.591414,0.16633380949497223,0.9798319339752197,0.4910924434661865
YKR066C,YDR456W,0,-7.593185,0.16628636419773102,0.9798319339752197,0.49126049876213074
YJR010C-A,YML098W,0,-7.593242,0.1662389487028122,0.9798319339752197,0.49142858386039734
YFL023W,YPL110C,0,-7.59471,0.16619156301021576,0.9798319339752197,0.49159663915634155
YBR159W,YGL008C,0,-7.594892,0.1661442071199417,0.9798319339752197,0.49176469445228577
YML073C,YDR308C,0,-7.5950084,0.16609686613082886,0.9798319339752197,0.49193277955055237
YDR363W-A,YNL032W,0,-7.595431,0.1660495549440384,0.9798319339752197,0.4921008348464966
YLR268W,YML055W,0,-7.596643,0.1660022735595703,0.9798319339752197,0.4922689199447632
YOL002C,YBL102W,0,-7.5967984,0.16595502197742462,0.9798319339752197,0.4924369752407074
YGL011C,YDR451C,0,-7.5985203,0.16590780019760132,0.9798319339752197,0.4926050305366516
YBL050W,YJR010C-A,0,-7.599426,0.1658605933189392,0.9798319339752197,0.4927731156349182
YML113W,YPL208W,0,-7.6020336,0.16581343114376068,0.9798319339752197,0.4929411709308624
YMR119W,YEL062W,0,-7.60297,0.16576628386974335,0.9798319339752197,0.49310925602912903
YER114C,YLR166C,0,-7.603106,0.1657191514968872,0.9798319339752197,0.49327731132507324
YBR192W,YEL004W,0,-7.603626,0.16567206382751465,0.9798319339752197,0.49344536662101746
YLL061W,YLR346C,0,-7.6036296,0.16562500596046448,0.9798319339752197,0.49361345171928406
YGR262C,YBR275C,0,-7.603897,0.1655779629945755,0.9798319339752197,0.49378150701522827
YMR011W,YKL085W,0,-7.604129,0.1655309498310089,0.9798319339752197,0.4939495921134949
YHR001W-A,YDL170W,0,-7.6044774,0.1654839664697647,0.9798319339752197,0.4941176474094391
YMR079W,YHR119W,0,-7.606206,0.1654369980096817,0.9798319339752197,0.4942857027053833
YKL220C,YML033W,0,-7.606581,0.16539007425308228,0.9798319339752197,0.4944537878036499
YJR092W,YMR138W,0,-7.607647,0.16534316539764404,0.9798319339752197,0.4946218430995941
YDL045C,YBR010W,0,-7.6081896,0.1652962863445282,0.9798319339752197,0.4947899281978607
YDR205W,YLR026C,0,-7.6101623,0.16524943709373474,0.9798319339752197,0.49495798349380493
YOR241W,YDR116C,0,-7.610288,0.16520260274410248,0.9798319339752197,0.49512603878974915
YHR200W,YOR254C,0,-7.6108246,0.1651558130979538,0.9798319339752197,0.49529412388801575
YIL142W,YPL153C,0,-7.6110306,0.1651090383529663,0.9798319339752197,0.49546217918395996
YCL043C,YGR222W,0,-7.6112275,0.1650622934103012,0.9798319339752197,0.49563026428222656
YOR212W,YMR106C,0,-7.611268,0.1650155633687973,0.9798319339752197,0.4957983195781708
YBR129C,YEL051W,0,-7.6112957,0.16496887803077698,0.9798319339752197,0.495966374874115
YOL002C,YPR032W,0,-7.613679,0.16492220759391785,0.9798319339752197,0.4961344599723816
YPL248C,YIL053W,0,-7.613719,0.1648755669593811,0.9798319339752197,0.4963025152683258
YOL133W,YHR023W,0,-7.614265,0.16482895612716675,0.9798319339752197,0.4964706003665924
YOL077W-A,YDR165W,0,-7.615769,0.1647823601961136,0.9798319339752197,0.4966386556625366
YHR019C,YGL013C,0,-7.6163974,0.1647357940673828,0.9798319339752197,0.49680671095848083
YCR038C,YJL129C,0,-7.6174064,0.16468927264213562,0.9798319339752197,0.49697479605674744
YGL256W,YDR189W,0,-7.6181135,0.16464275121688843,0.9798319339752197,0.49714285135269165
YHR005C,YIL117C,0,-7.6187916,0.16459627449512482,0.9798319339752197,0.49731093645095825
YBR258C,YCL063W,0,-7.618953,0.1645498126745224,0.9798319339752197,0.49747899174690247
YFL009W,YFR029W,0,-7.618962,0.16450338065624237,0.9798319339752197,0.4976470470428467
YBR234C,YPL188W,0,-7.6195,0.16445697844028473,0.9798319339752197,0.4978151321411133
YNL118C,YBR127C,0,-7.6203456,0.16441060602664948,0.9798319339752197,0.4979831874370575
YLR248W,YJR045C,0,-7.62124,0.16436424851417542,0.9798319339752197,0.4981512725353241
YML103C,YCL074W,0,-7.6222715,0.16431792080402374,0.9798319339752197,0.4983193278312683
YIL142W,YLR205C,0,-7.62243,0.16427162289619446,0.9798319339752197,0.4984873831272125
YML080W,YMR047C,0,-7.623051,0.16422535479068756,0.9798319339752197,0.4986554682254791
YGL143C,YPR095C,0,-7.623446,0.16417910158634186,0.9798319339752197,0.49882352352142334
YDL087C,YFL003C,0,-7.624002,0.16413287818431854,0.9798319339752197,0.49899160861968994
YJL208C,YLR005W,0,-7.625491,0.16408668458461761,0.9798319339752197,0.49915966391563416
YNL020C,YOL077W-A,0,-7.6262636,0.16404052078723907,0.9798319339752197,0.49932771921157837
YGL073W,YIL084C,0,-7.6267986,0.16399437189102173,0.9798319339752197,0.49949580430984497
YKL079W,YGR054W,0,-7.627494,0.16394825279712677,0.9798319339752197,0.4996638596057892
YCR072C,YML033W,0,-7.628494,0.1639021635055542,0.9798319339752197,0.4998319447040558
YCL055W,YOR088W,0,-7.628629,0.16385610401630402,0.9798319339752197,0.5
YMR047C,YDR379W,0,-7.6292863,0.16381005942821503,0.9798319339752197,0.5001680850982666
YER035W,YDL200C,0,-7.6294847,0.16376404464244843,0.9798319339752197,0.5003361105918884
YFL029C,YMR183C,0,-7.6302524,0.1637180596590042,0.9798319339752197,0.500504195690155
YKL085W,YKR086W,0,-7.633371,0.1636720895767212,0.9798319339752197,0.5006722807884216
YOR103C,YBR183W,0,-7.633573,0.16362616419792175,0.9798319339752197,0.5008403658866882
YOR160W,YGR186W,0,-7.6340914,0.1635802537202835,0.9798319339752197,0.5010083913803101
YDR195W,YDL109C,0,-7.634902,0.16353435814380646,0.9798319339752197,0.5011764764785767
YPL209C,YCL005W-A,0,-7.634956,0.163488507270813,0.9798319339752197,0.5013445615768433
YDR055W,YDL138W,0,-7.6351886,0.1634426712989807,0.9798319339752197,0.5015125870704651
YBR159W,YOL045W,0,-7.638011,0.16339686512947083,0.9798319339752197,0.5016806721687317
YLL018C-A,YDR372C,0,-7.638024,0.16335107386112213,0.9798319339752197,0.5018487572669983
YMR073C,YIL118W,0,-7.6382885,0.16330532729625702,0.9798319339752197,0.5020167827606201
YGR177C,YDL230W,0,-7.639973,0.1632595956325531,0.9798319339752197,0.5021848678588867
YER068W,YDL128W,0,-7.6400943,0.16321387887001038,0.9798319339752197,0.5023529529571533
YPL265W,YGR014W,0,-7.6414337,0.16316820681095123,0.9798319339752197,0.5025210380554199
YDR231C,YOL122C,0,-7.641543,0.16312254965305328,0.9798319339752197,0.5026890635490417
YEL027W,YIR033W,0,-7.6415496,0.16307692229747772,0.9798319339752197,0.5028571486473083
YMR138W,YBL080C,0,-7.641841,0.16303132474422455,0.9798319339752197,0.503025233745575
YNL068C,YPL190C,0,-7.6421795,0.16298574209213257,0.9798319339752197,0.5031932592391968
YER068W,YCR102C,0,-7.642897,0.16294018924236298,0.9798319339752197,0.5033613443374634
YGR097W,YGR033C,0,-7.6438665,0.16289466619491577,0.9798319339752197,0.50352942943573
YGL226C-A,YLR346C,0,-7.643971,0.16284915804862976,0.9798319339752197,0.5036974549293518
YJR102C,YML039W,0,-7.6442847,0.16280367970466614,0.9798319339752197,0.5038655400276184
YHR175W,YPL210C,0,-7.6454964,0.1627582311630249,0.9798319339752197,0.504033625125885
YJL021C,YHR119W,0,-7.6456876,0.16271281242370605,0.9798319339752197,0.5042017102241516
YOL164W,YCR083W,0,-7.645932,0.1626674085855484,0.9798319339752197,0.5043697357177734
YOR160W,YIL029C,0,-7.6479917,0.16262203454971313,0.9798319339752197,0.50453782081604
YIR018W,YCR102C,0,-7.6481647,0.16257669031620026,0.9798319339752197,0.5047059059143066
YLR335W,YIL022W,0,-7.649098,0.16253136098384857,0.9798319339752197,0.5048739314079285
YHR187W,YER072W,0,-7.650404,0.16248606145381927,0.9798319339752197,0.5050420165061951
YMR203W,YKL095W,0,-7.6506224,0.16244079172611237,0.9798319339752197,0.5052101016044617
YIL106W,YOL117W,0,-7.650913,0.16239553689956665,0.9798319339752197,0.5053781270980835
YML015C,YIL056W,0,-7.651712,0.16235032677650452,0.9798319339752197,0.5055462121963501
YOL122C,YDR059C,0,-7.652389,0.16230511665344238,0.9798319339752197,0.5057142972946167
YBR177C,YHR203C,0,-7.6525536,0.16225995123386383,0.9798319339752197,0.5058823823928833
YBR177C,YJR140C,0,-7.6527886,0.16221480071544647,0.9798319339752197,0.5060504078865051
YJL184W,YNL026W,0,-7.653874,0.1621696799993515,0.9798319339752197,0.5062184929847717
YOR239W,YGR258C,0,-7.656298,0.16212458908557892,0.9798319339752197,0.5063865780830383
YNL148C,YDR393W,0,-7.6582656,0.16207951307296753,0.9798319339752197,0.5065546035766602
YER073W,YNR010W,0,-7.6587453,0.16203446686267853,0.9798319339752197,0.5067226886749268
YNL026W,YIR018W,0,-7.658837,0.16198943555355072,0.9798319339752197,0.5068907737731934
YKL042W,YNL044W,0,-7.6595907,0.1619444489479065,0.9798319339752197,0.5070587992668152
YPL188W,YEL004W,0,-7.661266,0.16189947724342346,0.9798319339752197,0.5072268843650818
YLR116W,YGR222W,0,-7.6615577,0.16185452044010162,0.9798319339752197,0.5073949694633484
YDL017W,YER138C,0,-7.66297,0.16180960834026337,0.9798319339752197,0.507563054561615
YPR057W,YNL186W,0,-7.6637316,0.1617647111415863,0.9798319339752197,0.5077310800552368
YER179W,YDL181W,0,-7.6641836,0.16171982884407043,0.9798319339752197,0.5078991651535034
YFL011W,YHR203C,0,-7.6643243,0.16167499125003815,0.9798319339752197,0.50806725025177
YGR014W,YDR181C,0,-7.6660614,0.16163016855716705,0.9798319339752197,0.5082352757453918
YBR233W-A,YGR186W,0,-7.666332,0.16158536076545715,0.9798319339752197,0.5084033608436584
YDR046C,YLR011W,0,-7.6664467,0.16154059767723083,0.9798319339752197,0.508571445941925
YJR150C,YML012W,0,-7.6665335,0.1614958494901657,0.9798319339752197,0.5087394714355469
YIL036W,YLR335W,0,-7.6668706,0.16145111620426178,0.9798319339752197,0.5089075565338135
YGR222W,YDL006W,0,-7.6670814,0.16140642762184143,0.9798319339752197,0.5090756416320801
YDL087C,YOR210W,0,-7.6691003,0.16136175394058228,0.9798319339752197,0.5092437267303467
YCR044C,YGR186W,0,-7.6697564,0.16131709516048431,0.9798319339752197,0.5094117522239685
YPR002W,YER138C,0,-7.6698074,0.16127248108386993,0.9798319339752197,0.5095798373222351
YOR260W,YIL109C,0,-7.6698117,0.16122788190841675,0.9798319339752197,0.5097479224205017
YNL030W,YOR099W,0,-7.6713643,0.16118329763412476,0.9798319339752197,0.5099159479141235
YGL124C,YDR195W,0,-7.6724706,0.16113875806331635,0.9798319339752197,0.5100840330123901
YBR145W,YMR012W,0,-7.6726356,0.16109421849250793,0.9798319339752197,0.5102521181106567
YGR177C,YKL208W,0,-7.673457,0.1610497236251831,0.9798319339752197,0.5104201436042786
YBR068C,YMR026C,0,-7.6742187,0.16100524365901947,0.9798319339752197,0.5105882287025452
YCR028C,YIL117C,0,-7.675814,0.16096079349517822,0.9798319339752197,0.5107563138008118
YGL062W,YDL109C,0,-7.6762443,0.16091637313365936,0.9798319339752197,0.5109243988990784
YBR038W,YHR001W-A,0,-7.677235,0.1608719676733017,0.9798319339752197,0.5110924243927002
YJL076W,YML131W,0,-7.67751,0.16082759201526642,0.9798319339752197,0.5112605094909668
YLR081W,YNL014W,0,-7.68117,0.16078323125839233,0.9798319339752197,0.5114285945892334
YAL042W,YML131W,0,-7.6817822,0.16073890030384064,0.9798319339752197,0.5115966200828552
YPR104C,YLR068W,1,-7.6820135,0.16097022593021393,0.9815126061439514,0.5115966200828552
YOR377W,YDR318W,0,-7.682187,0.16092588007450104,0.9815126061439514,0.5117647051811218
YOL164W,YCL055W,0,-7.6822925,0.16088154911994934,0.9815126061439514,0.5119327902793884
YDR009W,YPL059W,0,-7.6831856,0.16083723306655884,0.9815126061439514,0.5121008157730103
YOR180C,YMR013C,0,-7.683645,0.16079294681549072,0.9815126061439514,0.5122689008712769
YOR249C,YDL230W,0,-7.6836925,0.160748690366745,0.9815126061439514,0.5124369859695435
YPL010W,YIL109C,0,-7.6855016,0.16070446372032166,0.9815126061439514,0.5126050710678101
YML058W-A,YLR011W,0,-7.686041,0.1606602519750595,0.9815126061439514,0.5127730965614319
YPL096C-A,YHR203C,0,-7.686526,0.16061605513095856,0.9815126061439514,0.5129411816596985
YGL172W,YBL093C,0,-7.68679,0.1605719029903412,0.9815126061439514,0.5131092667579651
YGL155W,YGL003C,0,-7.6870317,0.160527765750885,0.9815126061439514,0.5132772922515869
YOR349W,YOR344C,0,-7.6887016,0.16048364341259003,0.9815126061439514,0.5134453773498535
YOL130W,YMR175W,0,-7.689204,0.16043956577777863,0.9815126061439514,0.5136134624481201
YPR025C,YMR026C,0,-7.6892533,0.16039550304412842,0.9815126061439514,0.5137814879417419
YDL175C,YKL088W,0,-7.691475,0.1603514552116394,0.9815126061439514,0.5139495730400085
YKL139W,YPL265W,0,-7.6914787,0.16030743718147278,0.9815126061439514,0.5141176581382751
YMR232W,YNL154C,0,-7.6920686,0.16026344895362854,0.9815126061439514,0.5142857432365417
YJL021C,YDL135C,0,-7.6923537,0.1602194756269455,0.9815126061439514,0.5144537687301636
YHR061C,YMR150C,0,-7.6926374,0.16017553210258484,0.9815126061439514,0.5146218538284302
YER008C,YPL239W,0,-7.692884,0.16013161838054657,0.9815126061439514,0.5147899389266968
YPL096C-A,YHR119W,0,-7.693759,0.1600877195596695,0.9815126061439514,0.5149579644203186
YGL238W,YGR088W,0,-7.693838,0.1600438505411148,0.9815126061439514,0.5151260495185852
YKR007W,YLR026C,0,-7.6942067,0.1599999964237213,0.9815126061439514,0.5152941346168518
YGL143C,YBR240C,0,-7.6949534,0.1599561721086502,0.9815126061439514,0.5154621601104736
YHR187W,YOR103C,0,-7.695006,0.1599123775959015,0.9815126061439514,0.5156302452087402
YBR145W,YMR203W,0,-7.695143,0.15986859798431396,0.9815126061439514,0.5157983303070068
YIL022W,YBR105C,0,-7.6954246,0.15982484817504883,0.9815126061439514,0.5159664154052734
YFR053C,YNL154C,0,-7.695712,0.15978112816810608,0.9815126061439514,0.5161344408988953
YGL004C,YBR240C,0,-7.6988864,0.15973742306232452,0.9815126061439514,0.5163025259971619
YLR110C,YKR038C,0,-7.699511,0.15969373285770416,0.9815126061439514,0.5164706110954285
YMR073C,YDR189W,0,-7.6999183,0.15965008735656738,0.9815126061439514,0.5166386365890503
YGR155W,YAL016W,0,-7.700017,0.1596064567565918,0.9815126061439514,0.5168067216873169
YHR005C,YOL038W,0,-7.7004046,0.1595628410577774,0.9815126061439514,0.5169748067855835
YDL175C,YAR009C,0,-7.7009506,0.1595192551612854,0.9815126061439514,0.5171428322792053
YCL027W,YPL106C,0,-7.701433,0.15947569906711578,0.9815126061439514,0.5173109173774719
YKL165C,YNR015W,0,-7.7021174,0.15943215787410736,0.9815126061439514,0.5174790024757385
YAR033W,YGR181W,0,-7.705176,0.15938864648342133,0.9815126061439514,0.5176470875740051
YBR132C,YLL015W,0,-7.705638,0.15934514999389648,0.9815126061439514,0.517815113067627
YER072W,YCL074W,0,-7.707142,0.15930169820785522,0.9815126061439514,0.5179831981658936
YOR002W,YOR330C,0,-7.7079883,0.15925824642181396,0.9815126061439514,0.5181512832641602
YFL057C,YOR249C,0,-7.7088094,0.1592148244380951,0.9815126061439514,0.518319308757782
YBR234C,YML014W,0,-7.709519,0.1591714322566986,0.9815126061439514,0.5184873938560486
YOR031W,YIL084C,0,-7.7098303,0.1591280698776245,0.9815126061439514,0.5186554789543152
YKL146W,YGR262C,0,-7.7115955,0.1590847223997116,0.9815126061439514,0.518823504447937
YJR083C,YIR018W,0,-7.7117763,0.1590413898229599,0.9815126061439514,0.5189915895462036
YNL129W,YKL086W,0,-7.7130766,0.15899808704853058,0.9815126061439514,0.5191596746444702
YGL105W,YMR026C,0,-7.7143264,0.15895481407642365,0.9815126061439514,0.5193277597427368
YDR460W,YDR131C,0,-7.7145247,0.1589115709066391,0.9815126061439514,0.5194957852363586
YNL136W,YFR024C,0,-7.715443,0.15886832773685455,0.9815126061439514,0.5196638703346252
YER088C,YNL032W,0,-7.7180862,0.1588251292705536,0.9815126061439514,0.5198319554328918
YDL200C,YKR095W-A,0,-7.7189455,0.15878194570541382,0.9815126061439514,0.5199999809265137
YKL208W,YNL241C,0,-7.7189903,0.15873879194259644,0.9815126061439514,0.5201680660247803
YGR041W,YMR139W,0,-7.7219167,0.15869565308094025,0.9815126061439514,0.5203361511230469
YLL019C,YGR024C,0,-7.723363,0.15865254402160645,0.9815126061439514,0.5205041766166687
YMR072W,YKL101W,0,-7.723436,0.15860944986343384,0.9815126061439514,0.5206722617149353
YJR070C,YKL165C,0,-7.726895,0.15856638550758362,0.9815126061439514,0.5208403468132019
YCL043C,YDR515W,0,-7.727179,0.1585233509540558,0.9815126061439514,0.5210084319114685
YNR002C,YLR090W,0,-7.7272377,0.15848033130168915,0.9815126061439514,0.5211764574050903
YBL058W,YDR460W,0,-7.7277775,0.1584373265504837,0.9815126061439514,0.5213445425033569
YPL163C,YGR111W,0,-7.7289376,0.15839435160160065,0.9815126061439514,0.5215126276016235
YEL016C,YML073C,0,-7.729942,0.15835140645503998,0.9815126061439514,0.5216806530952454
YPL258C,YDL109C,0,-7.7313814,0.1583084911108017,0.9815126061439514,0.521848738193512
YER179W,YLR425W,0,-7.736349,0.15826557576656342,0.9815126061439514,0.5220168232917786
YBR233W-A,YMR026C,0,-7.7366304,0.15822270512580872,0.9815126061439514,0.5221848487854004
YFL013C,YLR195C,0,-7.7366424,0.1581798493862152,0.9815126061439514,0.522352933883667
YHL036W,YML123C,0,-7.7394333,0.1581370085477829,0.9815126061439514,0.5225210189819336
YDL143W,YDL235C,0,-7.7394347,0.15809421241283417,0.9815126061439514,0.5226891040802002
YLL015W,YMR225C,0,-7.740552,0.15805141627788544,0.9815126061439514,0.522857129573822
YMR139W,YNL044W,0,-7.7406936,0.1580086648464203,0.9815126061439514,0.5230252146720886
YOR099W,YBR129C,0,-7.7419024,0.15796591341495514,0.9815126061439514,0.5231932997703552
YGR088W,YMR073C,0,-7.742308,0.15792320668697357,0.9815126061439514,0.523361325263977
YOR098C,YNL026W,0,-7.7424264,0.1578805148601532,0.9815126061439514,0.5235294103622437
YAL042W,YJL102W,0,-7.7425933,0.15783783793449402,0.9815126061439514,0.5236974954605103
YGL004C,YGR186W,0,-7.743961,0.15779519081115723,0.9815126061439514,0.5238655209541321
YLR248W,YBR049C,0,-7.74445,0.15775257349014282,0.9815126061439514,0.5240336060523987
YJL072C,YHR161C,0,-7.745079,0.1577099710702896,0.9815126061439514,0.5242016911506653
YLR116W,YER008C,0,-7.745749,0.1576673835515976,0.9815126061439514,0.5243697762489319
YMR298W,YDR388W,0,-7.7474847,0.15762482583522797,0.9815126061439514,0.5245378017425537
YJR139C,YCL032W,0,-7.747973,0.15758229792118073,0.9815126061439514,0.5247058868408203
YMR119W,YKR086W,0,-7.7480583,0.15753978490829468,0.9815126061439514,0.5248739719390869
YDL088C,YKL122C,0,-7.7488904,0.15749730169773102,0.9815126061439514,0.5250419974327087
YDL019C,YBR037C,0,-7.748961,0.15745483338832855,0.9815126061439514,0.5252100825309753
YCR048W,YKL146W,0,-7.749129,0.15741239488124847,0.9815126061439514,0.5253781676292419
YFL010W-A,YOR322C,0,-7.7495136,0.15736998617649078,0.9815126061439514,0.5255461931228638
YNL327W,YMR203W,0,-7.7501993,0.1573275923728943,0.9815126061439514,0.5257142782211304
YKL165C,YPR154W,0,-7.7511935,0.15728521347045898,0.9815126061439514,0.525882363319397
YDR013W,YOR179C,0,-7.751431,0.15724286437034607,0.9815126061439514,0.5260504484176636
YLR127C,YMR250W,0,-7.7517276,0.15720054507255554,0.9815126061439514,0.5262184739112854
YPL010W,YJL129C,0,-7.752594,0.1571582406759262,0.9815126061439514,0.526386559009552
YOL013C,YOL038W,0,-7.753348,0.15711595118045807,0.9815126061439514,0.5265546441078186
YHR174W,YCL026C-A,0,-7.7551055,0.15707369148731232,0.9815126061439514,0.5267226696014404
YPL224C,YLR248W,0,-7.7558255,0.15703146159648895,0.9815126061439514,0.526890754699707
YLR242C,YER089C,0,-7.756397,0.15698924660682678,0.9815126061439514,0.5270588397979736
YER044C,YDL135C,0,-7.7573667,0.156947061419487,0.9815126061439514,0.5272268652915955
YKL208W,YMR047C,0,-7.7575836,0.1569048911333084,0.9815126061439514,0.5273949503898621
YBL047C,YHR163W,0,-7.758487,0.1568627506494522,0.9815126061439514,0.5275630354881287
YER167W,YDL181W,0,-7.758715,0.1568206250667572,0.9815126061439514,0.5277311205863953
YFL021W,YPL253C,0,-7.7594266,0.15677852928638458,0.9815126061439514,0.5278991460800171
YDR163W,YLR263W,0,-7.7598305,0.15673644840717316,0.9815126061439514,0.5280672311782837
YOR160W,YHR160C,0,-7.7599144,0.15669439733028412,0.9815126061439514,0.5282353162765503
YKR086W,YCL074W,0,-7.7603593,0.15665236115455627,0.9815126061439514,0.5284033417701721
YPL265W,YOR064C,0,-7.76196,0.15661035478115082,0.9815126061439514,0.5285714268684387
YOR249C,YGR222W,0,-7.762248,0.15656836330890656,0.9815126061439514,0.5287395119667053
YDL232W,YML097C,0,-7.7623916,0.15652640163898468,0.9815126061439514,0.5289075374603271
YKL197C,YDR310C,0,-7.7627163,0.156484454870224,0.9815126061439514,0.5290756225585938
YBR145W,YDR205W,0,-7.76272,0.1564425379037857,0.9815126061439514,0.5292437076568604
YJL121C,YKR008W,0,-7.7641816,0.1564006358385086,0.9815126061439514,0.529411792755127
YBL026W,YPL151C,0,-7.7646585,0.1563587635755539,0.9815126061439514,0.5295798182487488
YDR046C,YCR042C,0,-7.765828,0.15631692111492157,0.9815126061439514,0.5297479033470154
YIL002C,YJL048C,0,-7.7663302,0.15627509355545044,0.9815126061439514,0.529915988445282
YMR283C,YLR277C,0,-7.7682085,0.1562332808971405,0.9815126061439514,0.5300840139389038
YPL118W,YKL095W,0,-7.7689977,0.15619149804115295,0.9815126061439514,0.5302520990371704
YBL080C,YOL038W,0,-7.770837,0.1561497300863266,0.9815126061439514,0.530420184135437
YJL026W,YDL150W,0,-7.7712913,0.15610799193382263,0.9815126061439514,0.5305882096290588
YOR330C,YIL123W,0,-7.7713103,0.15606626868247986,0.9815126061439514,0.5307562947273254
YGL175C,YLR006C,0,-7.771342,0.15602457523345947,0.9815126061439514,0.530924379825592
YIL036W,YOR159C,0,-7.7715893,0.15598291158676147,0.9815126061439514,0.5310924649238586
YHL009C,YLR467W,0,-7.7724504,0.15594124794006348,0.9815126061439514,0.5312604904174805
YLR377C,YDR341C,0,-7.772494,0.15589962899684906,0.9815126061439514,0.5314285755157471
YDR055W,YML073C,0,-7.773119,0.15585802495479584,0.9815126061439514,0.5315966606140137
YMR225C,YGR186W,0,-7.775034,0.1558164358139038,0.9815126061439514,0.5317646861076355
YLR008C,YLR346C,0,-7.7759066,0.15577487647533417,0.9815126061439514,0.5319327712059021
YJR022W,YGR202C,0,-7.7760024,0.15573333203792572,0.9815126061439514,0.5321008563041687
YMR001C,YDR341C,0,-7.7762527,0.15569181740283966,0.9815126061439514,0.5322688817977905
YOR103C,YNL070W,0,-7.777731,0.1556503176689148,0.9815126061439514,0.5324369668960571
YOL045W,YGR192C,0,-7.7790933,0.15560884773731232,0.9815126061439514,0.5326050519943237
YPL265W,YMR250W,0,-7.7799287,0.15556739270687103,0.9815126061439514,0.5327731370925903
YOR239W,YBL098W,0,-7.7802324,0.15552596747875214,0.9815126061439514,0.5329411625862122
YJL102W,YDL019C,0,-7.7842355,0.15548455715179443,0.9815126061439514,0.5331092476844788
YLR195C,YBR275C,0,-7.7845597,0.15544317662715912,0.9815126061439514,0.5332773327827454
YJL034W,YDL217C,0,-7.784634,0.155401811003685,0.9815126061439514,0.5334453582763672
YML032C,YML131W,0,-7.785561,0.15536047518253326,0.9815126061439514,0.5336134433746338
YMR026C,YDL150W,0,-7.789474,0.15531915426254272,0.9815126061439514,0.5337815284729004
YNL008C,YML023C,0,-7.789578,0.15527784824371338,0.9815126061439514,0.5339495539665222
YDR309C,YDR335W,0,-7.7901025,0.15523657202720642,0.9815126061439514,0.5341176390647888
YNL136W,YLR193C,0,-7.7932706,0.15519532561302185,0.9815126061439514,0.5342857241630554
YDL079C,YOR254C,0,-7.793761,0.15515409409999847,0.9815126061439514,0.534453809261322
YJR074W,YLR329W,0,-7.7939396,0.1551128774881363,0.9815126061439514,0.5346218347549438
YCL004W,YNR026C,0,-7.794864,0.1550716906785965,0.9815126061439514,0.5347899198532104
YGL195W,YLR268W,0,-7.795592,0.1550305336713791,0.9815126061439514,0.534958004951477
YIL106W,YDR393W,0,-7.797023,0.15498939156532288,0.9815126061439514,0.5351260304450989
YML055W,YJL139C,0,-7.7971416,0.15494826436042786,0.9815126061439514,0.5352941155433655
YKL025C,YJL154C,0,-7.7973905,0.15490716695785522,0.9815126061439514,0.5354622006416321
YGL226C-A,YLR166C,0,-7.7977185,0.1548660844564438,0.9815126061439514,0.5356302261352539
YCR107W,YPL033C,0,-7.800828,0.15482503175735474,0.9815126061439514,0.5357983112335205
YMR092C,YGL073W,0,-7.801708,0.15478399395942688,0.9815126061439514,0.5359663963317871
YBR002C,YKL034W,0,-7.8024573,0.15474297106266022,0.9815126061439514,0.5361344814300537
YIL119C,YOL039W,0,-7.802506,0.15470199286937714,0.9815126061439514,0.5363025069236755
YML015C,YHL009C,0,-7.804896,0.15466101467609406,0.9815126061439514,0.5364705920219421
YDR301W,YOL126C,0,-7.8050756,0.15462006628513336,0.9815126061439514,0.5366386771202087
YNL127W,YBR172C,0,-7.8051,0.15457914769649506,0.9815126061439514,0.5368067026138306
YNL032W,YCR053W,0,-7.8052444,0.15453824400901794,0.9815126061439514,0.5369747877120972
YJR091C,YHR023W,0,-7.8088117,0.15449735522270203,0.9815126061439514,0.5371428728103638
YNL288W,YNL014W,0,-7.809,0.1544564962387085,0.9815126061439514,0.5373108983039856
YER179W,YBR077C,0,-7.810406,0.15441565215587616,0.9815126061439514,0.5374789834022522
YBR201W,YNL084C,0,-7.81194,0.1543748378753662,0.9815126061439514,0.5376470685005188
YNL074C,YNL044W,0,-7.8122735,0.15433403849601746,0.9815126061439514,0.5378151535987854
YLR157C,YGR202C,0,-7.813222,0.1542932689189911,0.9815126061439514,0.5379831790924072
YBR278W,YPL192C,0,-7.814729,0.15425251424312592,0.9815126061439514,0.5381512641906738
YLR160C,YGL092W,0,-7.8152065,0.15421177446842194,0.9815126061439514,0.5383193492889404
YDR180W,YDR485C,0,-7.8162923,0.15417106449604034,0.9815126061439514,0.5384873747825623
YNL268W,YNL210W,0,-7.8164153,0.15413038432598114,0.9815126061439514,0.5386554598808289
YLL061W,YBR087W,0,-7.8167014,0.15408970415592194,0.9815126061439514,0.5388235449790955
YGL180W,YBR050C,0,-7.818177,0.1540490686893463,0.9815126061439514,0.5389915704727173
YCR048W,YDL128W,0,-7.8201556,0.1540084332227707,0.9815126061439514,0.5391596555709839
YOR160W,YBL061C,0,-7.8204722,0.15396784245967865,0.9815126061439514,0.5393277406692505
YPL110C,YPR002W,0,-7.8229465,0.1539272516965866,0.9815126061439514,0.5394958257675171
YGL003C,YBL016W,0,-7.8231344,0.15388669073581696,0.9815126061439514,0.5396638512611389
YAL043C,YDR308C,0,-7.8240027,0.1538461595773697,0.9815126061439514,0.5398319363594055
YGL035C,YLR417W,0,-7.824166,0.15380564332008362,0.9815126061439514,0.5400000214576721
YBR038W,YPR134W,0,-7.824473,0.15376514196395874,0.9815126061439514,0.540168046951294
YNL127W,YNL339C,0,-7.824693,0.15372467041015625,0.9815126061439514,0.5403361320495605
YOR005C,YNL323W,0,-7.8248343,0.15368421375751495,0.9815126061439514,0.5405042171478271
YLR127C,YPR082C,0,-7.8262334,0.15364377200603485,0.9815126061439514,0.540672242641449
YDR345C,YCR102C,0,-7.8266354,0.15360336005687714,0.9815126061439514,0.5408403277397156
YOR103C,YDR081C,0,-7.8270297,0.1535629779100418,0.9815126061439514,0.5410084128379822
YOR239W,YNL088W,0,-7.82783,0.15352261066436768,0.9815126061439514,0.5411764979362488
YNL020C,YDR325W,0,-7.827965,0.15348225831985474,0.9815126061439514,0.5413445234298706
YLR431C,YGL190C,0,-7.8321066,0.15344193577766418,0.9815126061439514,0.5415126085281372
YMR301C,YOR221C,0,-7.834454,0.15340162813663483,0.9815126061439514,0.5416806936264038
YBR256C,YPR095C,0,-7.8365636,0.15336135029792786,0.9815126061439514,0.5418487191200256
YFR029W,YLR346C,0,-7.8373203,0.15332108736038208,0.9815126061439514,0.5420168042182922
YHR200W,YDR451C,0,-7.837813,0.1532808393239975,0.9815126061439514,0.5421848893165588
YDL013W,YEL004W,0,-7.839106,0.1532406210899353,0.9815126061439514,0.5423529148101807
YLR007W,YPL239W,0,-7.8410583,0.1532004177570343,0.9815126061439514,0.5425209999084473
YGR218W,YDR397C,0,-7.842276,0.1531602442264557,0.9815126061439514,0.5426890850067139
YJR017C,YFL003C,0,-7.843234,0.15312008559703827,0.9815126061439514,0.5428571701049805
YNL147W,YER142C,0,-7.843716,0.15307994186878204,0.9815126061439514,0.5430251955986023
YMR225C,YBR273C,0,-7.84502,0.1530398279428482,0.9815126061439514,0.5431932806968689
YJL214W,YKL205W,0,-7.849683,0.15299974381923676,0.9815126061439514,0.5433613657951355
YJR150C,YMR175W,0,-7.8507504,0.1529596596956253,0.9815126061439514,0.5435293912887573
YGL142C,YJL208C,0,-7.8543706,0.15291960537433624,0.9815126061439514,0.5436974763870239
YLR007W,YIL056W,0,-7.8545094,0.15287958085536957,0.9815126061439514,0.5438655614852905
YHR187W,YDR207C,0,-7.8561625,0.1528395712375641,0.9815126061439514,0.5440335869789124
YLR157C,YKR086W,0,-7.8604,0.1527995765209198,0.9815126061439514,0.544201672077179
YBL009W,YBR273C,0,-7.8612967,0.1527596116065979,0.9815126061439514,0.5443697571754456
YDL013W,YMR150C,0,-7.8615074,0.1527196615934372,0.9815126061439514,0.5445378422737122
YKL055C,YCR009C,0,-7.8618836,0.15267974138259888,0.9815126061439514,0.544705867767334
YMR012W,YPL033C,0,-7.8625503,0.15263983607292175,0.9815126061439514,0.5448739528656006
YDL145C,YOR103C,0,-7.862777,0.15259994566440582,0.9815126061439514,0.5450420379638672
YPL096C-A,YMR047C,0,-7.8673687,0.15256008505821228,0.9815126061439514,0.545210063457489
YPL060W,YBR024W,0,-7.8679123,0.15252023935317993,0.9815126061439514,0.5453781485557556
YCR028C,YCR084C,0,-7.869524,0.15248042345046997,0.9815126061439514,0.5455462336540222
YGR230W,YBR278W,0,-7.869722,0.1524406224489212,0.9815126061439514,0.545714259147644
YPR036W,YCR061W,0,-7.8708897,0.15240083634853363,0.9815126061439514,0.5458823442459106
YPL151C,YJL072C,0,-7.87246,0.15236108005046844,0.9815126061439514,0.5460504293441772
YPL118W,YAR008W,0,-7.8730645,0.15232133865356445,0.9815126061439514,0.5462185144424438
YNR002C,YKL160W,0,-7.8731046,0.15228161215782166,0.9815126061439514,0.5463865399360657
YNR075W,YBL050W,0,-7.8732944,0.15224191546440125,0.9815126061439514,0.5465546250343323
YPL018W,YKL088W,0,-7.87478,0.15220224857330322,0.9815126061439514,0.5467227101325989
YKR066C,YDL138W,0,-7.875345,0.1521625816822052,0.9815126061439514,0.5468907356262207
YHR171W,YCR060W,0,-7.8769407,0.15212294459342957,0.9815126061439514,0.5470588207244873
YDL045C,YKR007W,0,-7.8771014,0.15208333730697632,0.9815126061439514,0.5472269058227539
YPR200C,YFR052W,0,-7.878299,0.15204374492168427,0.9815126061439514,0.5473949313163757
YFL016C,YBR024W,0,-7.87835,0.1520041674375534,0.9815126061439514,0.5475630164146423
YMR138W,YOL117W,0,-7.880164,0.15196460485458374,0.9815126061439514,0.5477311015129089
YCL027W,YDR205W,0,-7.880258,0.15192507207393646,0.9815126061439514,0.5478991866111755
YDR320C-A,YNL044W,0,-7.8820615,0.15188556909561157,0.9815126061439514,0.5480672121047974
YOR099W,YLL056C,0,-7.8829765,0.15184608101844788,0.9815126061439514,0.548235297203064
YLR160C,YBR273C,0,-7.8842673,0.15180660784244537,0.9815126061439514,0.5484033823013306
YKL011C,YML097C,0,-7.8848395,0.15176714956760406,0.9815126061439514,0.5485714077949524
YDR046C,YFL008W,0,-7.885594,0.15172772109508514,0.9815126061439514,0.548739492893219
YEL027W,YOR344C,0,-7.886192,0.15168830752372742,0.9815126061439514,0.5489075779914856
YNL280C,YMR052W,0,-7.8866963,0.15164892375469208,0.9815126061439514,0.5490756034851074
YGR249W,YDR205W,0,-7.8869586,0.15160955488681793,0.9815126061439514,0.549243688583374
YLR377C,YML058W-A,0,-7.887362,0.15157020092010498,0.9815126061439514,0.5494117736816406
YLR205C,YER008C,0,-7.887614,0.15153087675571442,0.9815126061439514,0.5495798587799072
YGL192W,YGL062W,0,-7.8888507,0.15149156749248505,0.9815126061439514,0.549747884273529
YNR002C,YKL197C,0,-7.889163,0.15145228803157806,0.9815126061439514,0.5499159693717957
YHR158C,YDR481C,0,-7.889534,0.15141300857067108,0.9815126061439514,0.5500840544700623
YGL037C,YDL128W,0,-7.891041,0.15137377381324768,0.9815126061439514,0.5502520799636841
YDL143W,YNL009W,0,-7.8915772,0.15133453905582428,0.9815126061439514,0.5504201650619507
YPR138C,YGL068W,0,-7.893229,0.15129533410072327,0.9815126061439514,0.5505882501602173
YCL025C,YPL208W,0,-7.8949604,0.15125614404678345,0.9815126061439514,0.5507562756538391
YNL020C,YDR310C,0,-7.8961587,0.15121698379516602,0.9815126061439514,0.5509243607521057
YGR003W,YDR388W,0,-7.8966684,0.15117783844470978,0.9815126061439514,0.5510924458503723
YKL085W,YFL004W,0,-7.896719,0.15113872289657593,0.9815126061439514,0.5512605309486389
YER089C,YFR031C,0,-7.897145,0.15109960734844208,0.9815126061439514,0.5514285564422607
YBR068C,YOR039W,0,-7.8974,0.15106052160263062,0.9815126061439514,0.5515966415405273
YGL178W,YMR263W,0,-7.8980703,0.15102146565914154,0.9815126061439514,0.551764726638794
YKL101W,YGL035C,0,-7.898347,0.15098242461681366,0.9815126061439514,0.5519327521324158
YKL011C,YGL178W,0,-7.899745,0.15094339847564697,0.9815126061439514,0.5521008372306824
YLR424W,YEL051W,0,-7.900335,0.15090438723564148,0.9815126061439514,0.552268922328949
YKL085W,YOL127W,0,-7.9003997,0.15086540579795837,0.9815126061439514,0.5524369478225708
YDR309C,YOR106W,0,-7.900616,0.15082643926143646,0.9815126061439514,0.5526050329208374
YOR037W,YCL026C-A,0,-7.903105,0.15078750252723694,0.9815126061439514,0.552773118019104
YOR386W,YDL140C,0,-7.903781,0.1507485806941986,0.9815126061439514,0.5529412031173706
YDL126C,YDR058C,0,-7.9061866,0.15070967376232147,0.9815126061439514,0.5531092286109924
YLR157C,YOL113W,0,-7.9063697,0.15067079663276672,0.9815126061439514,0.553277313709259
YBL026W,YAL043C,0,-7.906581,0.15063193440437317,0.9815126061439514,0.5534453988075256
YGL195W,YIL119C,0,-7.913109,0.1505930870771408,0.9815126061439514,0.5536134243011475
YOR079C,YNL280C,0,-7.9135146,0.15055426955223083,0.9815126061439514,0.5537815093994141
YJL034W,YDR189W,0,-7.91515,0.15051546692848206,0.9815126061439514,0.5539495944976807
YJL052W,YDR131C,0,-7.9152265,0.15047667920589447,0.9815126061439514,0.5541176199913025
YDL098C,YNL304W,0,-7.9168434,0.15043792128562927,0.9815126061439514,0.5542857050895691
YNL328C,YHR163W,0,-7.9171767,0.15039917826652527,0.9815126061439514,0.5544537901878357
YPL060W,YNL147W,0,-7.9208984,0.15036045014858246,0.9815126061439514,0.5546218752861023
YDR076W,YFR005C,0,-7.9210887,0.15032175183296204,0.9815126061439514,0.5547899007797241
YDR298C,YDR310C,0,-7.9214315,0.1502830684185028,0.9815126061439514,0.5549579858779907
YPL100W,YKR007W,0,-7.9216676,0.15024439990520477,0.9815126061439514,0.5551260709762573
YPR046W,YGR059W,0,-7.9221616,0.15020576119422913,0.9815126061439514,0.5552940964698792
YNL065W,YLR268W,0,-7.923181,0.15016713738441467,0.9815126061439514,0.5554621815681458
YDR456W,YOR087W,0,-7.92359,0.1501285284757614,0.9815126061439514,0.5556302666664124
YEL004W,YML131W,0,-7.924825,0.15008994936943054,0.9815126061439514,0.5557982921600342
YGL122C,YGL008C,0,-7.925163,0.15005138516426086,0.9815126061439514,0.5559663772583008
YDL008W,YLR010C,0,-7.9251847,0.15001285076141357,0.9815126061439514,0.5561344623565674
YNL068C,YLR135W,0,-7.9259324,0.14997431635856628,0.9815126061439514,0.556302547454834
YOR037W,YOL002C,0,-7.926885,0.14993581175804138,0.9815126061439514,0.5564705729484558
YPL192C,YNL311C,0,-7.9269347,0.14989733695983887,0.9815126061439514,0.5566386580467224
YOR034C,YKL150W,0,-7.927073,0.14985886216163635,0.9815126061439514,0.556806743144989
YJL076W,YML098W,0,-7.927972,0.14982041716575623,0.9815126061439514,0.5569747686386108
YOL127W,YDL195W,0,-7.9287696,0.1497820019721985,0.9815126061439514,0.5571428537368774
YGL105W,YPR188C,0,-7.929647,0.14974358677864075,0.9815126061439514,0.557310938835144
YDR328C,YGR248W,0,-7.9304757,0.1497052013874054,0.9815126061439514,0.5574789643287659
YPR104C,YPL211W,1,-7.931577,0.14992311596870422,0.9831932783126831,0.5574789643287659
YJL111W,YGL003C,0,-7.9323416,0.14988470077514648,0.9831932783126831,0.5576470494270325
YKR002W,YIL118W,0,-7.9339523,0.14984631538391113,0.9831932783126831,0.5578151345252991
YFL025C,YLR277C,0,-7.935717,0.14980794489383698,0.9831932783126831,0.5579832196235657
YMR072W,YDL003W,0,-7.935926,0.149769589304924,0.9831932783126831,0.5581512451171875
YFL011W,YGR014W,0,-7.937607,0.14973124861717224,0.9831932783126831,0.5583193302154541
YFR005C,YGR186W,0,-7.9381146,0.14969293773174286,0.9831932783126831,0.5584874153137207
YIL070C,YOR106W,0,-7.938214,0.14965464174747467,0.9831932783126831,0.5586554408073425
YCR107W,YIL112W,0,-7.9388137,0.14961637556552887,0.9831932783126831,0.5588235259056091
YOR239W,YDR335W,0,-7.938928,0.14957810938358307,0.9831932783126831,0.5589916110038757
YLL019C,YLR455W,0,-7.940783,0.14953987300395966,0.9831932783126831,0.5591596364974976
YPR070W,YDL128W,0,-7.941284,0.14950166642665863,0.9831932783126831,0.5593277215957642
YML102W,YOR210W,0,-7.941323,0.1494634598493576,0.9831932783126831,0.5594958066940308
YNL167C,YIL080W,0,-7.9419627,0.14942528307437897,0.9831932783126831,0.5596638917922974
YCR048W,YDL150W,0,-7.9422145,0.14938713610172272,0.9831932783126831,0.5598319172859192
YBR049C,YHR163W,0,-7.9435863,0.14934898912906647,0.9831932783126831,0.5600000023841858
YNL288W,YJR010C-A,0,-7.944928,0.1493108719587326,0.9831932783126831,0.5601680874824524
YMR076C,YDR481C,0,-7.945961,0.14927276968955994,0.9831932783126831,0.5603361129760742
YOR254C,YHR012W,0,-7.9460735,0.14923469722270966,0.9831932783126831,0.5605041980743408
YNL164C,YFR034C,0,-7.946429,0.14919663965702057,0.9831932783126831,0.5606722831726074
YFL029C,YGR186W,0,-7.9465337,0.14915859699249268,0.9831932783126831,0.5608403086662292
YBR256C,YDR325W,0,-7.9467826,0.14912056922912598,0.9831932783126831,0.5610083937644958
YGL226C-A,YLR025W,0,-7.948296,0.14908257126808167,0.9831932783126831,0.5611764788627625
YFR024C,YDR460W,0,-7.9483867,0.14904458820819855,0.9831932783126831,0.561344563961029
YBR039W,YNR067C,0,-7.9500265,0.14900662004947662,0.9831932783126831,0.5615125894546509
YDR337W,YFL017W-A,0,-7.953904,0.1489686816930771,0.9831932783126831,0.5616806745529175
YPR094W,YMR104C,0,-7.956114,0.14893075823783875,0.9831932783126831,0.5618487596511841
YLR160C,YLR026C,0,-7.9563923,0.1488928496837616,0.9831932783126831,0.5620167851448059
YIL008W,YFL004W,0,-7.9568214,0.14885495603084564,0.9831932783126831,0.5621848702430725
YKL208W,YKR095W-A,0,-7.9572773,0.14881709218025208,0.9831932783126831,0.5623529553413391
YLR377C,YCL055W,0,-7.9606156,0.1487792432308197,0.9831932783126831,0.5625209808349609
YLR127C,YDL150W,0,-7.963102,0.14874142408370972,0.9831932783126831,0.5626890659332275
YPL210C,YHR006W,0,-7.9639335,0.14870360493659973,0.9831932783126831,0.5628571510314941
YBR160W,YLR147C,0,-7.96445,0.14866581559181213,0.9831932783126831,0.5630252361297607
YKR008W,YDL042C,0,-7.965363,0.14862805604934692,0.9831932783126831,0.5631932616233826
YCL027W,YAL032C,0,-7.9654393,0.1485902965068817,0.9831932783126831,0.5633613467216492
YBL033C,YOR159C,0,-7.966643,0.1485525667667389,0.9831932783126831,0.5635294318199158
YGR202C,YOR064C,0,-7.96802,0.14851485192775726,0.9831932783126831,0.5636974573135376
YBR039W,YPL234C,0,-7.9687324,0.14847715198993683,0.9831932783126831,0.5638655424118042
YPR020W,YKL088W,0,-7.969717,0.14843948185443878,0.9831932783126831,0.5640336275100708
YDL145C,YJR139C,0,-7.9722815,0.14840182662010193,0.9831932783126831,0.5642016530036926
YMR138W,YER169W,0,-7.973279,0.14836418628692627,0.9831932783126831,0.5643697381019592
YBR002C,YHL009C,0,-7.9738173,0.148326575756073,0.9831932783126831,0.5645378232002258
YIR033W,YFR029W,0,-7.9760766,0.14828898012638092,0.9831932783126831,0.5647059082984924
YBR073W,YMR079W,0,-7.9767785,0.14825139939785004,0.9831932783126831,0.5648739337921143
YOR144C,YER003C,0,-7.976915,0.14821383357048035,0.9831932783126831,0.5650420188903809
YBR059C,YDR231C,0,-7.97702,0.14817629754543304,0.9831932783126831,0.5652101039886475
YPR095C,YDR207C,0,-7.9779534,0.14813877642154694,0.9831932783126831,0.5653781294822693
YFR053C,YDL006W,0,-7.978356,0.14810127019882202,0.9831932783126831,0.5655462145805359
YOR254C,YLR417W,0,-7.979778,0.1480637788772583,0.9831932783126831,0.5657142996788025
YNL327W,YDR131C,0,-7.9806585,0.14802631735801697,0.9831932783126831,0.5658823251724243
YJR070C,YBR240C,0,-7.9810615,0.14798887073993683,0.9831932783126831,0.5660504102706909
YLR425W,YIL063C,0,-7.981997,0.14795143902301788,0.9831932783126831,0.5662184953689575
YBL009W,YDL225W,0,-7.982134,0.14791403710842133,0.9831932783126831,0.5663865804672241
YBR049C,YKL056C,0,-7.9821424,0.14787665009498596,0.9831932783126831,0.566554605960846
YNR010W,YIL008W,0,-7.982608,0.1478392779827118,0.9831932783126831,0.5667226910591125
YPR200C,YGL084C,0,-7.9828267,0.14780192077159882,0.9831932783126831,0.5668907761573792
YGL003C,YPL101W,0,-7.983098,0.14776459336280823,0.9831932783126831,0.567058801651001
YBL098W,YCL032W,0,-7.983331,0.14772726595401764,0.9831932783126831,0.5672268867492676
YHR023W,YBR024W,0,-7.984534,0.14768998324871063,0.9831932783126831,0.5673949718475342
YKR095W-A,YNL131W,0,-7.9854307,0.14765270054340363,0.9831932783126831,0.567562997341156
YPR036W,YJL154C,0,-7.986798,0.147615447640419,0.9831932783126831,0.5677310824394226
YBR234C,YDR174W,0,-7.9882193,0.14757820963859558,0.9831932783126831,0.5678991675376892
YBL026W,YAL032C,0,-7.9885087,0.14754098653793335,0.9831932783126831,0.5680672526359558
YJL006C,YAR008W,0,-7.989031,0.1475037783384323,0.9831932783126831,0.5682352781295776
YGL065C,YOR260W,0,-7.9900603,0.14746659994125366,0.9831932783126831,0.5684033632278442
YOL038W,YHR001W-A,0,-7.9914303,0.1474294364452362,0.9831932783126831,0.5685714483261108
YPR032W,YOR230W,0,-7.9916725,0.14739228785037994,0.9831932783126831,0.5687394738197327
YCL014W,YIL129C,0,-7.9917274,0.14735516905784607,0.9831932783126831,0.5689075589179993
YPR070W,YOL039W,0,-7.992509,0.1473180502653122,0.9831932783126831,0.5690756440162659
YBR155W,YML039W,0,-7.9928637,0.1472809612751007,0.9831932783126831,0.5692436695098877
YLR147C,YKL056C,0,-7.9980087,0.1472439020872116,0.9831932783126831,0.5694117546081543
YBR240C,YLR417W,0,-7.99812,0.1472068428993225,0.9831932783126831,0.5695798397064209
YMR153W,YPR165W,0,-7.998897,0.1471698135137558,0.9831932783126831,0.5697479248046875
YNL014W,YDR058C,0,-8.000022,0.14713279902935028,0.9831932783126831,0.5699159502983093
YCL027W,YHR061C,0,-8.001896,0.14709579944610596,0.9831932783126831,0.5700840353965759
YDL088C,YFR031C,0,-8.003246,0.14705882966518402,0.9831932783126831,0.5702521204948425
YBR210W,YPL268W,0,-8.005545,0.14702185988426208,0.9831932783126831,0.5704201459884644
YNL328C,YBL102W,0,-8.00697,0.14698491990566254,0.9831932783126831,0.570588231086731
YOL009C,YFL017W-A,0,-8.008107,0.14694800972938538,0.9831932783126831,0.5707563161849976
YHR174W,YLR010C,0,-8.008535,0.14691109955310822,0.9831932783126831,0.5709243416786194
YGR249W,YDR013W,0,-8.00916,0.14687421917915344,0.9831932783126831,0.571092426776886
YKL085W,YIL117C,0,-8.010332,0.14683735370635986,0.9831932783126831,0.5712605118751526
YJL008C,YBR233W-A,0,-8.010353,0.14680050313472748,0.9831932783126831,0.5714285969734192
YOR034C,YOL039W,0,-8.0105295,0.1467636674642563,0.9831932783126831,0.571596622467041
YOL108C,YML023C,0,-8.011733,0.14672686159610748,0.9831932783126831,0.5717647075653076
YKL165C,YIL029C,0,-8.013062,0.14669007062911987,0.9831932783126831,0.5719327926635742
YPR001W,YKL018W,0,-8.013771,0.14665329456329346,0.9831932783126831,0.572100818157196
YOR239W,YPL153C,0,-8.015355,0.14661654829978943,0.9831932783126831,0.5722689032554626
YKR007W,YDR393W,0,-8.015617,0.1465798020362854,0.9831932783126831,0.5724369883537292
YOL108C,YAL015C,0,-8.016122,0.14654308557510376,0.9831932783126831,0.5726050138473511
YDL232W,YPL151C,0,-8.01652,0.1465063840150833,0.9831932783126831,0.5727730989456177
YER073W,YDR515W,0,-8.017328,0.14646969735622406,0.9831932783126831,0.5729411840438843
YLR116W,YKR008W,0,-8.018322,0.1464330404996872,0.9831932783126831,0.5731092691421509
YDR021W,YPR104C,1,-8.01856,0.146646648645401,0.9848739504814148,0.5731092691421509
YGL226C-A,YBR073W,0,-8.020537,0.14660996198654175,0.9848739504814148,0.5732772946357727
YBR008C,YIL117C,0,-8.020719,0.1465732902288437,0.9848739504814148,0.5734453797340393
YHR171W,YOR098C,0,-8.020843,0.14653663337230682,0.9848739504814148,0.5736134648323059
YPR020W,YBR210W,0,-8.021504,0.14650000631809235,0.9848739504814148,0.5737814903259277
YER032W,YGL004C,0,-8.021885,0.14646337926387787,0.9848739504814148,0.5739495754241943
YNR010W,YBR049C,0,-8.022069,0.14642678201198578,0.9848739504814148,0.5741176605224609
YBR240C,YKL034W,0,-8.023609,0.14639021456241608,0.9848739504814148,0.5742856860160828
YPL177C,YBL058W,0,-8.023986,0.14635364711284637,0.9848739504814148,0.5744537711143494
YER142C,YPL163C,0,-8.024103,0.14631710946559906,0.9848739504814148,0.574621856212616
YCL014W,YER005W,0,-8.024871,0.14628057181835175,0.9848739504814148,0.5747899413108826
YFL029C,YIR041W,0,-8.025378,0.146244078874588,0.9848739504814148,0.5749579668045044
YKR007W,YMR224C,0,-8.025592,0.14620758593082428,0.9848739504814148,0.575126051902771
YCR053W,YOL129W,0,-8.025997,0.14617110788822174,0.9848739504814148,0.5752941370010376
YNL008C,YEL004W,0,-8.02607,0.1461346596479416,0.9848739504814148,0.5754621624946594
YNL149C,YMR216C,0,-8.02653,0.14609822630882263,0.9848739504814148,0.575630247592926
YMR041C,YAR033W,0,-8.027768,0.14606180787086487,0.9848739504814148,0.5757983326911926
YHR001W-A,YBR073W,0,-8.028296,0.1460254192352295,0.9848739504814148,0.5759663581848145
YDR363W-A,YNL044W,0,-8.029193,0.1459890455007553,0.9848739504814148,0.576134443283081
YPL110C,YJL076W,0,-8.031096,0.14595267176628113,0.9848739504814148,0.5763025283813477
YFL048C,YOL045W,0,-8.031517,0.14591632783412933,0.9848739504814148,0.5764706134796143
YDL036C,YGR063C,0,-8.032158,0.14588001370429993,0.9848739504814148,0.5766386389732361
YDL175C,YIL112W,0,-8.0330105,0.14584369957447052,0.9848739504814148,0.5768067240715027
YNL307C,YDR076W,0,-8.033146,0.1458074152469635,0.9848739504814148,0.5769748091697693
YBR068C,YMR150C,0,-8.035307,0.14577114582061768,0.9848739504814148,0.5771428346633911
YPL248C,YGR010W,0,-8.035825,0.14573489129543304,0.9848739504814148,0.5773109197616577
YHR194W,YBR049C,0,-8.035881,0.1456986516714096,0.9848739504814148,0.5774790048599243
YGL062W,YDR363W-A,0,-8.036722,0.14566244184970856,0.9848739504814148,0.5776470303535461
YBR089C-A,YBR105C,0,-8.037745,0.1456262469291687,0.9848739504814148,0.5778151154518127
YGR218W,YBR283C,0,-8.041289,0.14559006690979004,0.9848739504814148,0.5779832005500793
YCL055W,YPR134W,0,-8.0413885,0.14555390179157257,0.9848739504814148,0.578151285648346
YGR224W,YNL084C,0,-8.042219,0.1455177515745163,0.9848739504814148,0.5783193111419678
YBR295W,YGR181W,0,-8.04318,0.1454816311597824,0.9848739504814148,0.5784873962402344
YNR067C,YGR063C,0,-8.04448,0.14544552564620972,0.9848739504814148,0.578655481338501
YDR163W,YIL056W,0,-8.046049,0.14540943503379822,0.9848739504814148,0.5788235068321228
YBR218C,YHR138C,0,-8.04619,0.1453733593225479,0.9848739504814148,0.5789915919303894
YOL130W,YDR174W,0,-8.046512,0.1453372985124588,0.9848739504814148,0.579159677028656
YOR319W,YLR268W,0,-8.046925,0.14530126750469208,0.9848739504814148,0.5793277025222778
YCL014W,YLR346C,0,-8.047298,0.14526525139808655,0.9848739504814148,0.5794957876205444
YJL129C,YDR059C,0,-8.0473175,0.1452292501926422,0.9848739504814148,0.579663872718811
YOR346W,YDR425W,0,-8.047629,0.14519326388835907,0.9848739504814148,0.5798319578170776
YMR301C,YDL019C,0,-8.047849,0.14515729248523712,0.9848739504814148,0.5799999833106995
YGL037C,YMR201C,0,-8.049265,0.14512135088443756,0.9848739504814148,0.5801680684089661
YMR214W,YHR099W,0,-8.050044,0.1450854241847992,0.9848739504814148,0.5803361535072327
YOR329C,YOL105C,0,-8.052406,0.14504951238632202,0.9848739504814148,0.5805041790008545
YGL037C,YLR048W,0,-8.054441,0.14501361548900604,0.9848739504814148,0.5806722640991211
YOR180C,YDL181W,0,-8.05518,0.14497773349285126,0.9848739504814148,0.5808403491973877
YER165W,YDR485C,0,-8.056186,0.14494188129901886,0.9848739504814148,0.5810083746910095
YBR160W,YBL047C,0,-8.057369,0.14490602910518646,0.9848739504814148,0.5811764597892761
YIL034C,YJR091C,0,-8.0578165,0.14487020671367645,0.9848739504814148,0.5813445448875427
YKL195W,YBR129C,0,-8.058128,0.14483439922332764,0.9848739504814148,0.5815126299858093
YAL042W,YJL108C,0,-8.059508,0.1447986215353012,0.9848739504814148,0.5816806554794312
YJL065C,YKL150W,0,-8.060068,0.14476284384727478,0.9848739504814148,0.5818487405776978
YOL164W,YDR181C,0,-8.061021,0.14472709596157074,0.9848739504814148,0.5820168256759644
YBR145W,YGL192W,0,-8.062409,0.1446913629770279,0.9848739504814148,0.5821848511695862
YPL096C-A,YMR052W,0,-8.062607,0.14465564489364624,0.9848739504814148,0.5823529362678528
YIL056W,YLR262C,0,-8.062755,0.14461994171142578,0.9848739504814148,0.5825210213661194
YLR205C,YNL044W,0,-8.063143,0.14458425343036652,0.9848739504814148,0.5826890468597412
YMR184W,YGR024C,0,-8.064762,0.14454859495162964,0.9848739504814148,0.5828571319580078
YDL017W,YNL136W,0,-8.066428,0.14451295137405396,0.9848739504814148,0.5830252170562744
YNL008C,YKR079C,0,-8.066617,0.14447732269763947,0.9848739504814148,0.583193302154541
YDR122W,YLR268W,0,-8.067263,0.14444170892238617,0.9848739504814148,0.5833613276481628
YOR239W,YPL265W,0,-8.068321,0.14440611004829407,0.9848739504814148,0.5835294127464294
YER179W,YHR124W,0,-8.069443,0.14437054097652435,0.9848739504814148,0.583697497844696
YDR456W,YKR059W,0,-8.0697975,0.14433497190475464,0.9848739504814148,0.5838655233383179
YGR261C,YCR060W,0,-8.069801,0.1442994326353073,0.9848739504814148,0.5840336084365845
YGR132C,YOL045W,0,-8.070959,0.14426390826702118,0.9848739504814148,0.5842016935348511
YIL155C,YHR012W,0,-8.071579,0.14422839879989624,0.9848739504814148,0.5843697190284729
YPL153C,YGL098W,0,-8.072607,0.1441929191350937,0.9848739504814148,0.5845378041267395
YOR160W,YDR425W,0,-8.073577,0.14415743947029114,0.9848739504814148,0.5847058892250061
YLR133W,YKR095W,0,-8.074108,0.14412198960781097,0.9848739504814148,0.5848739743232727
YBL105C,YGR059W,0,-8.075018,0.144086554646492,0.9848739504814148,0.5850419998168945
YLR304C,YFL003C,0,-8.07522,0.14405113458633423,0.9848739504814148,0.5852100849151611
YDL013W,YGR059W,0,-8.07547,0.14401572942733765,0.9848739504814148,0.5853781700134277
YPR094W,YPL208W,0,-8.075576,0.14398033916950226,0.9848739504814148,0.5855461955070496
YBR201W,YPL268W,0,-8.076272,0.14394497871398926,0.9848739504814148,0.5857142806053162
YKL112W,YBR186W,0,-8.0766535,0.14390963315963745,0.9848739504814148,0.5858823657035828
YML058W-A,YFR029W,0,-8.076677,0.14387428760528564,0.9848739504814148,0.5860503911972046
YOR079C,YCR060W,0,-8.077264,0.14383897185325623,0.9848739504814148,0.5862184762954712
YGL037C,YKL122C,0,-8.077742,0.1438036859035492,0.9848739504814148,0.5863865613937378
YDL008W,YFR034C,0,-8.078566,0.14376839995384216,0.9848739504814148,0.5865546464920044
YIL070C,YEL004W,0,-8.079014,0.14373314380645752,0.9848739504814148,0.5867226719856262
YLR110C,YFL013C,0,-8.079223,0.14369788765907288,0.9848739504814148,0.5868907570838928
YML032C,YMR284W,0,-8.0800495,0.14366266131401062,0.9848739504814148,0.5870588421821594
YMR047C,YGL098W,0,-8.080054,0.14362744987010956,0.9848739504814148,0.5872268676757812
YFL009W,YCL075W,0,-8.082446,0.1435922533273697,0.9848739504814148,0.5873949527740479
YDL197C,YPL265W,0,-8.083914,0.1435570865869522,0.9848739504814148,0.5875630378723145
YNL323W,YLR059C,0,-8.084914,0.14352191984653473,0.9848739504814148,0.5877310633659363
YIL084C,YGR192C,0,-8.085258,0.14348678290843964,0.9848739504814148,0.5878991484642029
YNL020C,YDL230W,0,-8.086932,0.14345164597034454,0.9848739504814148,0.5880672335624695
YDL088C,YDR485C,0,-8.086937,0.14341653883457184,0.9848739504814148,0.5882353186607361
YJL214W,YER142C,0,-8.08715,0.14338144659996033,0.9848739504814148,0.5884033441543579
YKL160W,YCL005W-A,0,-8.087825,0.1433463841676712,0.9848739504814148,0.5885714292526245
YML123C,YIL084C,0,-8.088464,0.14331132173538208,0.9848739504814148,0.5887395143508911
YLR215C,YLR248W,0,-8.088584,0.14327628910541534,0.9848739504814148,0.5889075398445129
YCL026C-A,YER005W,0,-8.089089,0.1432412564754486,0.9848739504814148,0.5890756249427795
YMR011W,YHR194W,0,-8.090667,0.14320625364780426,0.9848739504814148,0.5892437100410461
YLR195C,YLR329W,0,-8.092067,0.1431712657213211,0.9848739504814148,0.589411735534668
YER167W,YPL192C,0,-8.092148,0.14313629269599915,0.9848739504814148,0.5895798206329346
YML058W-A,YDR165W,0,-8.093442,0.14310134947299957,0.9848739504814148,0.5897479057312012
YOL130W,YPR188C,0,-8.094541,0.14306640625,0.9848739504814148,0.5899159908294678
YDR325W,YBR183W,0,-8.094608,0.14303149282932281,0.9848739504814148,0.5900840163230896
YBR201W,YDL200C,0,-8.095879,0.14299657940864563,0.9848739504814148,0.5902521014213562
YLR026C,YLR005W,0,-8.098235,0.14296169579029083,0.9848739504814148,0.5904201865196228
YNR010W,YPL269W,0,-8.098832,0.14292682707309723,0.9848739504814148,0.5905882120132446
YGL226C-A,YGR180C,0,-8.099551,0.14289197325706482,0.9848739504814148,0.5907562971115112
YBR039W,YOR079C,0,-8.099662,0.1428571492433548,0.9848739504814148,0.5909243822097778
YML012W,YIL070C,0,-8.102764,0.14282232522964478,0.9848739504814148,0.5910924077033997
YGL004C,YPL253C,0,-8.10537,0.14278753101825714,0.9848739504814148,0.5912604928016663
YFL016C,YPL151C,0,-8.106461,0.1427527368068695,0.9848739504814148,0.5914285778999329
YAL042W,YER019W,0,-8.107657,0.14271797239780426,0.9848739504814148,0.5915966629981995
YNL164C,YDR386W,0,-8.109985,0.1426832228899002,0.9848739504814148,0.5917646884918213
YNL323W,YOR330C,0,-8.112407,0.14264848828315735,0.9848739504814148,0.5919327735900879
YGR010W,YAR009C,0,-8.113551,0.14261376857757568,0.9848739504814148,0.5921008586883545
YBR211C,YDL058W,0,-8.114598,0.1425790786743164,0.9848739504814148,0.5922688841819763
YER117W,YJL052W,0,-8.114724,0.14254438877105713,0.9848739504814148,0.5924369692802429
YNL288W,YMR001C,0,-8.115377,0.14250972867012024,0.9848739504814148,0.5926050543785095
YKR095W-A,YGR033C,0,-8.115613,0.14247508347034454,0.9848739504814148,0.5927730798721313
YLR319C,YML131W,0,-8.116018,0.14244045317173004,0.9848739504814148,0.592941164970398
YDL017W,YGR181W,0,-8.117744,0.14240583777427673,0.9848739504814148,0.5931092500686646
YMR153W,YLR005W,0,-8.119038,0.14237123727798462,0.9848739504814148,0.5932773351669312
YOR005C,YMR069W,0,-8.119493,0.1423366516828537,0.9848739504814148,0.593445360660553
YDR478W,YNL222W,1,-8.120093,0.1425449252128601,0.9865546226501465,0.593445360660553
YNL164C,YJR086W,0,-8.121322,0.142510324716568,0.9865546226501465,0.5936134457588196
YLR319C,YFL016C,0,-8.122345,0.14247572422027588,0.9865546226501465,0.5937815308570862
YKL011C,YLR262C,0,-8.123127,0.14244115352630615,0.9865546226501465,0.593949556350708
YFL057C,YGR284C,0,-8.12361,0.14240659773349762,0.9865546226501465,0.5941176414489746
YIL084C,YJR045C,0,-8.123827,0.14237205684185028,0.9865546226501465,0.5942857265472412
YKL220C,YDR191W,0,-8.124309,0.14233753085136414,0.9865546226501465,0.594453752040863
YBR160W,YML103C,0,-8.125477,0.14230303466320038,0.9865546226501465,0.5946218371391296
YLR394W,YPR182W,0,-8.127652,0.14226853847503662,0.9865546226501465,0.5947899222373962
YIL070C,YPL224C,0,-8.128594,0.14223407208919525,0.9865546226501465,0.5949580073356628
YOR249C,YNR015W,0,-8.128886,0.14219960570335388,0.9865546226501465,0.5951260328292847
YGL065C,YGR261C,0,-8.129178,0.1421651691198349,0.9865546226501465,0.5952941179275513
YKR008W,YML131W,0,-8.131348,0.1421307474374771,0.9865546226501465,0.5954622030258179
YLR127C,YKR095W,0,-8.131717,0.14209634065628052,0.9865546226501465,0.5956302285194397
YDL181W,YKR002W,0,-8.133422,0.14206194877624512,0.9865546226501465,0.5957983136177063
YOR349W,YIL155C,0,-8.133712,0.1420275866985321,0.9865546226501465,0.5959663987159729
YOR180C,YGR249W,0,-8.134141,0.1419932246208191,0.9865546226501465,0.5961344242095947
YMR153W,YIL030C,0,-8.135373,0.14195889234542847,0.9865546226501465,0.5963025093078613
YLR431C,YBR186W,0,-8.13678,0.14192456007003784,0.9865546226501465,0.5964705944061279
YOL164W,YJR076C,0,-8.137304,0.1418902575969696,0.9865546226501465,0.5966386795043945
YGL142C,YLR335W,0,-8.139811,0.14185597002506256,0.9865546226501465,0.5968067049980164
YLR133W,YLR455W,0,-8.140368,0.1418216973543167,0.9865546226501465,0.596974790096283
YPR020W,YKL079W,0,-8.141029,0.14178743958473206,0.9865546226501465,0.5971428751945496
YDR276C,YIL029C,0,-8.14134,0.1417531967163086,0.9865546226501465,0.5973109006881714
YOR217W,YHR119W,0,-8.142325,0.14171898365020752,0.9865546226501465,0.597478985786438
YBR211C,YDR277C,0,-8.146927,0.14168477058410645,0.9865546226501465,0.5976470708847046
YJL194W,YPL018W,0,-8.147016,0.14165057241916656,0.9865546226501465,0.5978150963783264
YMR073C,YML103C,0,-8.14754,0.14161640405654907,0.9865546226501465,0.597983181476593
YHR001W-A,YIL056W,0,-8.147657,0.14158225059509277,0.9865546226501465,0.5981512665748596
YJL008C,YJL108C,0,-8.149255,0.14154811203479767,0.9865546226501465,0.5983193516731262
YOL069W,YJR110W,0,-8.149828,0.14151398837566376,0.9865546226501465,0.598487377166748
YJR150C,YKR079C,0,-8.150126,0.14147987961769104,0.9865546226501465,0.5986554622650146
YPR001W,YPR046W,0,-8.150736,0.14144578576087952,0.9865546226501465,0.5988235473632812
YKL085W,YHR181W,0,-8.150959,0.1414117068052292,0.9865546226501465,0.5989915728569031
YOR217W,YOR230W,0,-8.151235,0.14137764275074005,0.9865546226501465,0.5991596579551697
YMR092C,YDL150W,0,-8.152028,0.1413436084985733,0.9865546226501465,0.5993277430534363
YOL105C,YPL033C,0,-8.152255,0.14130957424640656,0.9865546226501465,0.5994957685470581
YGL073W,YFL017W-A,0,-8.152837,0.1412755697965622,0.9865546226501465,0.5996638536453247
YDR174W,YGL192W,0,-8.1550865,0.14124158024787903,0.9865546226501465,0.5998319387435913
YOL013C,YDR308C,0,-8.15755,0.14120760560035706,0.9865546226501465,0.6000000238418579
YBR185C,YDR165W,0,-8.157843,0.14117364585399628,0.9865546226501465,0.6001680493354797
YBL098W,YPR181C,0,-8.1592865,0.1411397010087967,0.9865546226501465,0.6003361344337463
YOL066C,YKR059W,0,-8.159346,0.1411057710647583,0.9865546226501465,0.6005042195320129
YBR107C,YGL122C,0,-8.159961,0.1410718560218811,0.9865546226501465,0.6006722450256348
YGL003C,YPL110C,0,-8.160116,0.1410379558801651,0.9865546226501465,0.6008403301239014
YCL016C,YML114C,0,-8.161643,0.14100408554077148,0.9865546226501465,0.601008415222168
YAL022C,YBR162C,0,-8.161827,0.14097021520137787,0.9865546226501465,0.6011765003204346
YAL054C,YCL063W,0,-8.1618805,0.14093637466430664,0.9865546226501465,0.6013445258140564
YNR010W,YNL068C,0,-8.162846,0.1409025490283966,0.9865546226501465,0.601512610912323
YNL220W,YDR308C,0,-8.163317,0.14086872339248657,0.9865546226501465,0.6016806960105896
YPR001W,YAL009W,0,-8.164948,0.14083492755889893,0.9865546226501465,0.6018487215042114
YOL069W,YDR195W,0,-8.165491,0.14080114662647247,0.9865546226501465,0.602016806602478
YKR095W-A,YML092C,0,-8.165897,0.14076738059520721,0.9865546226501465,0.6021848917007446
YPR181C,YNL241C,0,-8.166018,0.14073364436626434,0.9865546226501465,0.6023529171943665
YGL151W,YLR455W,0,-8.166392,0.14069990813732147,0.9865546226501465,0.6025210022926331
YER114C,YJL108C,0,-8.16662,0.1406661868095398,0.9865546226501465,0.6026890873908997
YGR041W,YAL032C,0,-8.167093,0.1406324803829193,0.9865546226501465,0.6028571724891663
YER044C,YOL126C,0,-8.167796,0.14059880375862122,0.9865546226501465,0.6030251979827881
YOL156W,YOR241W,0,-8.168964,0.14056512713432312,0.9865546226501465,0.6031932830810547
YLR394W,YGL192W,0,-8.169105,0.1405314803123474,0.9865546226501465,0.6033613681793213
YDR423C,YMR079W,0,-8.170456,0.1404978483915329,0.9865546226501465,0.6035293936729431
YIR033W,YJL072C,0,-8.170962,0.14046423137187958,0.9865546226501465,0.6036974787712097
YLR304C,YBR283C,0,-8.173868,0.14043062925338745,0.9865546226501465,0.6038655638694763
YBL050W,YDR515W,0,-8.174065,0.14039702713489532,0.9865546226501465,0.6040335893630981
YOL002C,YGR111W,0,-8.174364,0.14036346971988678,0.9865546226501465,0.6042016744613647
YLR081W,YBR089C-A,0,-8.174692,0.14032991230487823,0.9865546226501465,0.6043697595596313
YKL011C,YKL095W,0,-8.176181,0.14029636979103088,0.9865546226501465,0.604537844657898
YML102W,YNL210W,0,-8.177581,0.14026284217834473,0.9865546226501465,0.6047058701515198
YPR104C,YGL030W,1,-8.178079,0.14046822488307953,0.9882352948188782,0.6047058701515198
YNL280C,YNL129W,0,-8.178578,0.14043468236923218,0.9882352948188782,0.6048739552497864
YGR003W,YFR005C,0,-8.179124,0.14040113985538483,0.9882352948188782,0.605042040348053
YLR133W,YKR038C,0,-8.179997,0.14036762714385986,0.9882352948188782,0.6052100658416748
YNR010W,YDR309C,0,-8.1802845,0.1403341293334961,0.9882352948188782,0.6053781509399414
YNL328C,YML032C,0,-8.180824,0.14030064642429352,0.9882352948188782,0.605546236038208
YDL045C,YNL307C,0,-8.180979,0.14026717841625214,0.9882352948188782,0.6057142615318298
YNR075W,YDL138W,0,-8.18098,0.14023372530937195,0.9882352948188782,0.6058823466300964
YOR099W,YHR001W-A,0,-8.181325,0.14020028710365295,0.9882352948188782,0.606050431728363
YNL009W,YDR310C,0,-8.182543,0.14016686379909515,0.9882352948188782,0.6062185168266296
YGR202C,YGR222W,0,-8.183496,0.14013345539569855,0.9882352948188782,0.6063865423202515
YPR181C,YEL004W,0,-8.183686,0.14010007679462433,0.9882352948188782,0.6065546274185181
YBL105C,YPR065W,0,-8.184045,0.1400666981935501,0.9882352948188782,0.6067227125167847
YBR145W,YGL247W,0,-8.184418,0.14003333449363708,0.9882352948188782,0.6068907380104065
YHR001W-A,YDR485C,0,-8.184771,0.14000000059604645,0.9882352948188782,0.6070588231086731
YGL190C,YFL004W,0,-8.185331,0.139966681599617,0.9882352948188782,0.6072269082069397
YBR164C,YIL119C,0,-8.185421,0.13993336260318756,0.9882352948188782,0.6073949337005615
YBR010W,YNL328C,0,-8.186333,0.1399000734090805,0.9882352948188782,0.6075630187988281
YOR180C,YGR284C,0,-8.18808,0.13986679911613464,0.9882352948188782,0.6077311038970947
YER032W,YOL117W,0,-8.189172,0.13983352482318878,0.9882352948188782,0.6078991889953613
YNL153C,YFL003C,0,-8.19229,0.1398002803325653,0.9882352948188782,0.6080672144889832
YLR259C,YNL074C,0,-8.193,0.13976705074310303,0.9882352948188782,0.6082352995872498
YHL040C,YPR070W,0,-8.193039,0.13973383605480194,0.9882352948188782,0.6084033846855164
YPL190C,YHR124W,0,-8.193334,0.13970063626766205,0.9882352948188782,0.6085714101791382
YDR337W,YGR129W,0,-8.195288,0.13966745138168335,0.9882352948188782,0.6087394952774048
YBR177C,YLR034C,0,-8.196092,0.13963429629802704,0.9882352948188782,0.6089075803756714
YFR053C,YIL063C,0,-8.197705,0.13960114121437073,0.9882352948188782,0.6090756058692932
YPR155C,YKL086W,0,-8.1989,0.1395680010318756,0.9882352948188782,0.6092436909675598
YKL146W,YCL005W-A,0,-8.199208,0.13953489065170288,0.9882352948188782,0.6094117760658264
YHR039C,YNL088W,0,-8.199512,0.13950178027153015,0.9882352948188782,0.609579861164093
YPR001W,YDR397C,0,-8.201584,0.13946868479251862,0.9882352948188782,0.6097478866577148
YBR164C,YER070W,0,-8.201916,0.13943561911582947,0.9882352948188782,0.6099159717559814
YER169W,YBR105C,0,-8.202101,0.13940255343914032,0.9882352948188782,0.610084056854248
YML073C,YBR240C,0,-8.203647,0.13936951756477356,0.9882352948188782,0.6102520823478699
YIR033W,YMR266W,0,-8.203822,0.139336496591568,0.9882352948188782,0.6104201674461365
YBL032W,YPL010W,0,-8.204248,0.13930347561836243,0.9882352948188782,0.6105882525444031
YML012W,YCR060W,0,-8.204563,0.13927048444747925,0.9882352948188782,0.6107562780380249
YNL281W,YKL086W,0,-8.204672,0.13923750817775726,0.9882352948188782,0.6109243631362915
YBL032W,YML120C,0,-8.206851,0.13920454680919647,0.9882352948188782,0.6110924482345581
YGR155W,YDL098C,0,-8.2069235,0.13917160034179688,0.9882352948188782,0.6112605333328247
YDL117W,YDL128W,0,-8.207044,0.13913866877555847,0.9882352948188782,0.6114285588264465
YJL194W,YIL056W,0,-8.208946,0.13910575211048126,0.9882352948188782,0.6115966439247131
YFL008W,YER072W,0,-8.209365,0.13907285034656525,0.9882352948188782,0.6117647290229797
YFR013W,YPL033C,0,-8.21195,0.13903996348381042,0.9882352948188782,0.6119327545166016
YKL079W,YBR273C,0,-8.212176,0.1390070915222168,0.9882352948188782,0.6121008396148682
YPL202C,YBR177C,0,-8.212334,0.13897423446178436,0.9882352948188782,0.6122689247131348
YKL016C,YBR283C,0,-8.212718,0.13894139230251312,0.9882352948188782,0.6124369502067566
YDR386W,YFL004W,0,-8.214475,0.13890857994556427,0.9882352948188782,0.6126050353050232
YKL016C,YPR086W,0,-8.215289,0.13887576758861542,0.9882352948188782,0.6127731204032898
YFL057C,YLR332W,0,-8.215507,0.13884297013282776,0.9882352948188782,0.6129412055015564
YKL005C,YBR065C,0,-8.217121,0.1388102024793625,0.9882352948188782,0.6131092309951782
YJR150C,YPL021W,0,-8.217998,0.13877743482589722,0.9882352948188782,0.6132773160934448
YFR028C,YOR149C,0,-8.219645,0.13874469697475433,0.9882352948188782,0.6134454011917114
YIR018W,YML131W,0,-8.22,0.13871195912361145,0.9882352948188782,0.6136134266853333
YFL003C,YOL031C,0,-8.221827,0.13867925107479095,0.9882352948188782,0.6137815117835999
YIL070C,YML062C,0,-8.222821,0.13864654302597046,0.9882352948188782,0.6139495968818665
YGL190C,YKL165C,0,-8.22289,0.13861386477947235,0.9882352948188782,0.6141176223754883
YBR210W,YML039W,0,-8.22526,0.13858118653297424,0.9882352948188782,0.6142857074737549
YOL113W,YBR105C,0,-8.227246,0.13854853808879852,0.9882352948188782,0.6144537925720215
YFR013W,YDL225W,0,-8.227874,0.138515904545784,0.9882352948188782,0.6146218776702881
YOR031W,YAL044C,0,-8.228001,0.13848327100276947,0.9882352948188782,0.6147899031639099
YKL016C,YGL004C,0,-8.229063,0.13845066726207733,0.9882352948188782,0.6149579882621765
YDL126C,YGL068W,0,-8.22926,0.1384180784225464,0.9882352948188782,0.6151260733604431
YMR298W,YDL235C,0,-8.2300825,0.13838550448417664,0.9882352948188782,0.6152940988540649
YNL327W,YNL053W,0,-8.230538,0.13835294544696808,0.9882352948188782,0.6154621839523315
YGL247W,YKL011C,0,-8.231486,0.13832040131092072,0.9882352948188782,0.6156302690505981
YGR229C,YLL056C,0,-8.233654,0.13828785717487335,0.9882352948188782,0.61579829454422
YDR331W,YDL079C,0,-8.236684,0.13825534284114838,0.9882352948188782,0.6159663796424866
YIL036W,YIL022W,0,-8.237531,0.1382228434085846,0.9882352948188782,0.6161344647407532
YDR320C-A,YJR110W,0,-8.23805,0.138190358877182,0.9882352948188782,0.6163025498390198
YMR298W,YER031C,0,-8.241299,0.1381578892469406,0.9882352948188782,0.6164705753326416
YBR177C,YPR018W,0,-8.242453,0.1381254345178604,0.9882352948188782,0.6166386604309082
YPR057W,YKL220C,0,-8.242621,0.1380929946899414,0.9882352948188782,0.6168067455291748
YIL159W,YJR139C,0,-8.2426605,0.1380605846643448,0.9882352948188782,0.6169747710227966
YGL037C,YDL195W,0,-8.242769,0.13802817463874817,0.9882352948188782,0.6171428561210632
YML023C,YLR329W,0,-8.244349,0.13799577951431274,0.9882352948188782,0.6173109412193298
YLR384C,YPL192C,0,-8.244715,0.1379633992910385,0.9882352948188782,0.6174789667129517
YDL087C,YCR042C,0,-8.244878,0.13793103396892548,0.9882352948188782,0.6176470518112183
YHR042W,YGR248W,0,-8.245247,0.13789868354797363,0.9882352948188782,0.6178151369094849
YLR006C,YGR024C,0,-8.245341,0.13786634802818298,0.9882352948188782,0.6179832220077515
YHR023W,YJL026W,0,-8.246749,0.13783404231071472,0.9882352948188782,0.6181512475013733
YGR262C,YLR248W,0,-8.247509,0.13780173659324646,0.9882352948188782,0.6183193325996399
YJR131W,YBL105C,0,-8.248995,0.1377694457769394,0.9882352948188782,0.6184874176979065
YGR227W,YPR154W,0,-8.249304,0.13773716986179352,0.9882352948188782,0.6186554431915283
YPL268W,YGR248W,0,-8.2497225,0.13770492374897003,0.9882352948188782,0.6188235282897949
YIL159W,YGL122C,0,-8.251031,0.13767267763614655,0.9882352948188782,0.6189916133880615
YDL008W,YDL225W,0,-8.25125,0.13764044642448425,0.9882352948188782,0.6191596388816833
YHR193C,YLL056C,0,-8.252423,0.13760824501514435,0.9882352948188782,0.61932772397995
YJL203W,YGL229C,0,-8.252987,0.13757604360580444,0.9882352948188782,0.6194958090782166
YGL062W,YHR001W-A,0,-8.256261,0.13754385709762573,0.9882352948188782,0.6196638941764832
YDR337W,YDR453C,0,-8.258051,0.1375117003917694,0.9882352948188782,0.619831919670105
YNL020C,YDR276C,0,-8.259815,0.13747954368591309,0.9882352948188782,0.6200000047683716
YML058W-A,YLR135W,0,-8.260052,0.13744740188121796,0.9882352948188782,0.6201680898666382
YPL021W,YJL139C,0,-8.261343,0.13741528987884521,0.9882352948188782,0.62033611536026
YBR211C,YBL050W,0,-8.262038,0.13738317787647247,0.9882352948188782,0.6205042004585266
YIR005W,YGR054W,0,-8.262379,0.13735108077526093,0.9882352948188782,0.6206722855567932
YBR068C,YEL027W,0,-8.2638235,0.13731901347637177,0.9882352948188782,0.620840311050415
YNL220W,YPL242C,0,-8.263957,0.1372869461774826,0.9882352948188782,0.6210083961486816
YPR104C,YPL235W,1,-8.264275,0.13748833537101746,0.9899159669876099,0.6210083961486816
YCL027W,YCL063W,0,-8.26468,0.1374562382698059,0.9899159669876099,0.6211764812469482
YIL155C,YPR036W,0,-8.264865,0.13742417097091675,0.9899159669876099,0.6213445663452148
YFL010W-A,YPL209C,0,-8.264967,0.13739211857318878,0.9899159669876099,0.6215125918388367
YOL063C,YDL003W,0,-8.266708,0.137360081076622,0.9899159669876099,0.6216806769371033
YHR160C,YBL050W,0,-8.266782,0.13732804358005524,0.9899159669876099,0.6218487620353699
YOL045W,YMR283C,0,-8.267364,0.13729603588581085,0.9899159669876099,0.6220167875289917
YPL177C,YNL281W,0,-8.267457,0.13726404309272766,0.9899159669876099,0.6221848726272583
YDL083C,YPL033C,0,-8.268274,0.13723206520080566,0.9899159669876099,0.6223529577255249
YDL154W,YGR024C,0,-8.268589,0.13720008730888367,0.9899159669876099,0.6225209832191467
YFL041W,YIL029C,0,-8.270305,0.13716813921928406,0.9899159669876099,0.6226890683174133
YLR431C,YLR090W,0,-8.270374,0.13713620603084564,0.9899159669876099,0.6228571534156799
YHR119W,YPL033C,0,-8.270491,0.13710428774356842,0.9899159669876099,0.6230252385139465
YHL040C,YIL084C,0,-8.272503,0.1370723694562912,0.9899159669876099,0.6231932640075684
YJL128C,YDL170W,0,-8.273857,0.13704048097133636,0.9899159669876099,0.623361349105835
YOR239W,YHR181W,0,-8.274817,0.13700860738754272,0.9899159669876099,0.6235294342041016
YKL005C,YOL043C,0,-8.275023,0.13697674870491028,0.9899159669876099,0.6236974596977234
YJR139C,YGL175C,0,-8.2761545,0.13694489002227783,0.9899159669876099,0.62386554479599
YCL026C-A,YGR010W,0,-8.276795,0.13691306114196777,0.9899159669876099,0.6240336298942566
YKL029C,YDR325W,0,-8.27788,0.1368812471628189,0.9899159669876099,0.6242016553878784
YOL031C,YPL026C,0,-8.27865,0.13684944808483124,0.9899159669876099,0.624369740486145
YGL053W,YOR340C,0,-8.27977,0.13681764900684357,0.9899159669876099,0.6245378255844116
YLR147C,YOR179C,0,-8.280833,0.13678587973117828,0.9899159669876099,0.6247059106826782
YOR241W,YMR263W,0,-8.281068,0.1367541253566742,0.9899159669876099,0.6248739361763
YPL265W,YMR266W,0,-8.281981,0.1367223709821701,0.9899159669876099,0.6250420212745667
YGR239C,YBR037C,0,-8.282292,0.1366906464099884,0.9899159669876099,0.6252101063728333
YBL050W,YGR192C,0,-8.282389,0.1366589367389679,0.9899159669876099,0.6253781318664551
YBR107C,YNL129W,0,-8.282753,0.1366272270679474,0.9899159669876099,0.6255462169647217
YNL307C,YOR217W,0,-8.282889,0.13659554719924927,0.9899159669876099,0.6257143020629883
YGR248W,YDR372C,0,-8.283918,0.13656388223171234,0.9899159669876099,0.6258823275566101
YDR277C,YOR103C,0,-8.284521,0.13653221726417542,0.9899159669876099,0.6260504126548767
YBL098W,YBR233W-A,0,-8.284528,0.13650058209896088,0.9899159669876099,0.6262184977531433
YKL029C,YBR240C,0,-8.284912,0.13646894693374634,0.9899159669876099,0.6263865828514099
YDL042C,YLR005W,0,-8.284936,0.1364373415708542,0.9899159669876099,0.6265546083450317
YNL327W,YOR123C,0,-8.286654,0.13640573620796204,0.9899159669876099,0.6267226934432983
YMR138W,YDL117W,0,-8.288191,0.13637416064739227,0.9899159669876099,0.6268907785415649
YGR041W,YDR098C,0,-8.28858,0.1363425999879837,0.9899159669876099,0.6270588040351868
YOR039W,YLR377C,0,-8.291811,0.13631103932857513,0.9899159669876099,0.6272268891334534
YDR379W,YOL117W,0,-8.294552,0.13627949357032776,0.9899159669876099,0.62739497423172
YDL197C,YHR150W,0,-8.295204,0.13624797761440277,0.9899159669876099,0.6275629997253418
YPL171C,YKL034W,0,-8.295662,0.13621646165847778,0.9899159669876099,0.6277310848236084
YDL143W,YBR273C,0,-8.301157,0.13618497550487518,0.9899159669876099,0.627899169921875
YEL027W,YMR183C,0,-8.30148,0.13615348935127258,0.9899159669876099,0.6280672550201416
YDL195W,YCR061W,0,-8.302367,0.13612201809883118,0.9899159669876099,0.6282352805137634
YGL105W,YMR298W,0,-8.30347,0.13609057664871216,0.9899159669876099,0.62840336561203
YDL138W,YJR010C-A,0,-8.30366,0.13605913519859314,0.9899159669876099,0.6285714507102966
YDR181C,YPR032W,0,-8.304786,0.13602770864963531,0.9899159669876099,0.6287394762039185
YDR393W,YCR084C,0,-8.304875,0.13599631190299988,0.9899159669876099,0.6289075613021851
YGR010W,YBR050C,0,-8.30518,0.13596491515636444,0.9899159669876099,0.6290756464004517
YNL280C,YPR046W,0,-8.30565,0.1359335333108902,0.9899159669876099,0.6292436718940735
YOL164W,YNL328C,0,-8.306401,0.13590216636657715,0.9899159669876099,0.6294117569923401
YEL037C,YFL004W,0,-8.30738,0.1358708143234253,0.9899159669876099,0.6295798420906067
YDR214W,YMR069W,0,-8.310872,0.13583947718143463,0.9899159669876099,0.6297479271888733
YFL029C,YKL095W,0,-8.311593,0.13580815494060516,0.9899159669876099,0.6299159526824951
YER167W,YDL225W,0,-8.311635,0.13577686250209808,0.9899159669876099,0.6300840377807617
YJL102W,YPR065W,0,-8.31269,0.135745570063591,0.9899159669876099,0.6302521228790283
YBL032W,YNL323W,0,-8.312987,0.13571429252624512,0.9899159669876099,0.6304201483726501
YNL288W,YNL241C,0,-8.313076,0.13568301498889923,0.9899159669876099,0.6305882334709167
YOL133W,YDR076W,0,-8.3134,0.13565176725387573,0.9899159669876099,0.6307563185691833
YKR076W,YLR007W,0,-8.313905,0.13562053442001343,0.9899159669876099,0.6309243440628052
YJR086W,YCL063W,0,-8.314204,0.13558931648731232,0.9899159669876099,0.6310924291610718
YMR026C,YBL093C,0,-8.316827,0.1355581134557724,0.9899159669876099,0.6312605142593384
YJR083C,YPR001W,0,-8.317678,0.13552692532539368,0.9899159669876099,0.631428599357605
YDL145C,YBR050C,0,-8.319611,0.13549573719501495,0.9899159669876099,0.6315966248512268
YKL220C,YBR186W,0,-8.321234,0.13546457886695862,0.9899159669876099,0.6317647099494934
YDR163W,YOR064C,0,-8.322081,0.13543343544006348,0.9899159669876099,0.63193279504776
YBR039W,YKL085W,0,-8.322206,0.13540229201316833,0.9899159669876099,0.6321008205413818
YGL105W,YDR460W,0,-8.3223295,0.13537117838859558,0.9899159669876099,0.6322689056396484
YPL163C,YJR102C,0,-8.322628,0.13534007966518402,0.9899159669876099,0.632436990737915
YPL269W,YKR008W,0,-8.323579,0.13530898094177246,0.9899159669876099,0.6326050162315369
YDL143W,YDL217C,0,-8.323767,0.1352779120206833,0.9899159669876099,0.6327731013298035
YGR186W,YPL258C,0,-8.324462,0.13524684309959412,0.9899159669876099,0.6329411864280701
YLR110C,YLR034C,0,-8.324889,0.13521578907966614,0.9899159669876099,0.6331092715263367
YGR239C,YLR010C,0,-8.325164,0.13518476486206055,0.9899159669876099,0.6332772970199585
YMR029C,YMR175W,0,-8.32533,0.13515374064445496,0.9899159669876099,0.6334453821182251
YKL112W,YNL014W,0,-8.327616,0.13512273132801056,0.9899159669876099,0.6336134672164917
YBL098W,YLR277C,0,-8.32842,0.13509173691272736,0.9899159669876099,0.6337814927101135
YBL016W,YHR073W,0,-8.329186,0.13506077229976654,0.9899159669876099,0.6339495778083801
YNR002C,YMR052W,0,-8.329955,0.13502980768680573,0.9899159669876099,0.6341176629066467
YMR162C,YLR425W,0,-8.33052,0.1349988579750061,0.9899159669876099,0.6342856884002686
YHR023W,YKL034W,0,-8.331874,0.13496792316436768,0.9899159669876099,0.6344537734985352
YBR177C,YIL129C,0,-8.33237,0.13493700325489044,0.9899159669876099,0.6346218585968018
YMR052W,YHR001W-A,0,-8.332681,0.1349060982465744,0.9899159669876099,0.6347899436950684
YGL037C,YOR087W,0,-8.332723,0.13487519323825836,0.9899159669876099,0.6349579691886902
YNL118C,YOR159C,0,-8.332798,0.1348443180322647,0.9899159669876099,0.6351260542869568
YDL145C,YCL016C,0,-8.335423,0.13481345772743225,0.9899159669876099,0.6352941393852234
YFL018C,YHR200W,0,-8.335589,0.134782612323761,0.9899159669876099,0.6354621648788452
YNL008C,YOL002C,0,-8.33571,0.13475176692008972,0.9899159669876099,0.6356302499771118
YCL027W,YJR091C,0,-8.33681,0.13472095131874084,0.9899159669876099,0.6357983350753784
YOR330C,YML120C,0,-8.338151,0.13469015061855316,0.9899159669876099,0.6359663605690002
YLL015W,YPL026C,0,-8.341232,0.13465934991836548,0.9899159669876099,0.6361344456672668
YHR116W,YOR037W,0,-8.3414755,0.134628564119339,0.9899159669876099,0.6363025307655334
YDR174W,YIL084C,0,-8.343754,0.1345978081226349,0.9899159669876099,0.6364706158638
YDL117W,YJL052W,0,-8.343851,0.1345670521259308,0.9899159669876099,0.6366386413574219
YOR377W,YGR227W,0,-8.345565,0.13453631103038788,0.9899159669876099,0.6368067264556885
YIL061C,YKL018W,0,-8.345671,0.13450559973716736,0.9899159669876099,0.6369748115539551
YNL129W,YHR099W,0,-8.346117,0.13447488844394684,0.9899159669876099,0.6371428370475769
YGR261C,YLL056C,0,-8.347463,0.1344441920518875,0.9899159669876099,0.6373109221458435
YGL092W,YAL032C,0,-8.348257,0.13441351056098938,0.9899159669876099,0.6374790072441101
YNL039W,YDR393W,0,-8.34838,0.13438284397125244,0.9899159669876099,0.6376470327377319
YBR186W,YDL235C,0,-8.349516,0.1343521922826767,0.9899159669876099,0.6378151178359985
YDR318W,YOR206W,0,-8.349933,0.13432155549526215,0.9899159669876099,0.6379832029342651
YJR093C,YLR263W,0,-8.350005,0.1342909187078476,0.9899159669876099,0.6381512880325317
YMR250W,YOR160W,0,-8.3504715,0.13426031172275543,0.9899159669876099,0.6383193135261536
YOR037W,YGL098W,0,-8.351975,0.13422971963882446,0.9899159669876099,0.6384873986244202
YDL232W,YGR129W,0,-8.352542,0.1341991275548935,0.9899159669876099,0.6386554837226868
YMR225C,YOR036W,0,-8.355382,0.1341685652732849,0.9899159669876099,0.6388235092163086
YKL150W,YMR047C,0,-8.3555155,0.13413800299167633,0.9899159669876099,0.6389915943145752
YCL026C-A,YGL006W,0,-8.356989,0.13410747051239014,0.9899159669876099,0.6391596794128418
YLR319C,YPR083W,0,-8.357558,0.13407693803310394,0.9899159669876099,0.6393277049064636
YGL073W,YDL087C,0,-8.357948,0.13404642045497894,0.9899159669876099,0.6394957900047302
YER165W,YGL008C,0,-8.3601675,0.13401593267917633,0.9899159669876099,0.6396638751029968
YDR076W,YPL234C,0,-8.360948,0.13398544490337372,0.9899159669876099,0.6398319602012634
YPR138C,YBR058C-A,0,-8.361091,0.1339549720287323,0.9899159669876099,0.6399999856948853
YGL142C,YPL106C,0,-8.362166,0.13392451405525208,0.9899159669876099,0.6401680707931519
YFL025C,YJR110W,0,-8.363072,0.13389407098293304,0.9899159669876099,0.6403361558914185
YPR083W,YPR018W,0,-8.364491,0.1338636428117752,0.9899159669876099,0.6405041813850403
YPL060W,YML023C,0,-8.365175,0.13383321464061737,0.9899159669876099,0.6406722664833069
YBR059C,YKL093W,0,-8.365305,0.13380281627178192,0.9899159669876099,0.6408403515815735
YDR081C,YBR256C,0,-8.366806,0.13377243280410767,0.9899159669876099,0.6410083770751953
YOL043C,YDR207C,0,-8.36722,0.1337420493364334,0.9899159669876099,0.6411764621734619
YNR023W,YNL154C,0,-8.3675375,0.13371169567108154,0.9899159669876099,0.6413445472717285
YGR003W,YKL055C,0,-8.3691845,0.13368134200572968,0.9899159669876099,0.6415126323699951
YMR052W,YDR310C,0,-8.373386,0.133651003241539,0.9899159669876099,0.6416806578636169
YIL084C,YML097C,0,-8.377989,0.13362069427967072,0.9899159669876099,0.6418487429618835
YBR172C,YAL009W,0,-8.380147,0.13359038531780243,0.9899159669876099,0.6420168280601501
YLR242C,YDR359C,0,-8.381198,0.13356009125709534,0.9899159669876099,0.642184853553772
YIL117C,YBR024W,0,-8.382047,0.13352981209754944,0.9899159669876099,0.6423529386520386
YNL068C,YDL232W,0,-8.382072,0.13349954783916473,0.9899159669876099,0.6425210237503052
YER035W,YHR005C,0,-8.383313,0.13346929848194122,0.9899159669876099,0.642689049243927
YNL009W,YIL118W,0,-8.383628,0.1334390640258789,0.9899159669876099,0.6428571343421936
YDL143W,YIL036W,0,-8.384205,0.1334088295698166,0.9899159669876099,0.6430252194404602
YOR180C,YHR181W,0,-8.384814,0.13337862491607666,0.9899159669876099,0.6431933045387268
YHR163W,YCR102C,0,-8.384821,0.13334842026233673,0.9899159669876099,0.6433613300323486
YPL224C,YKR095W-A,0,-8.386552,0.1333182454109192,0.9899159669876099,0.6435294151306152
YKR095W-A,YMR104C,0,-8.388663,0.13328807055950165,0.9899159669876099,0.6436975002288818
YNL074C,YPL190C,0,-8.389033,0.1332579255104065,0.9899159669876099,0.6438655257225037
YPL106C,YDR359C,0,-8.391992,0.13322778046131134,0.9899159669876099,0.6440336108207703
YDR379W,YBR077C,0,-8.392004,0.13319765031337738,0.9899159669876099,0.6442016959190369
YCR060W,YOR172W,0,-8.3923,0.13316753506660461,0.9899159669876099,0.6443697214126587
YMR005W,YKL095W,0,-8.392624,0.13313743472099304,0.9899159669876099,0.6445378065109253
YHR001W-A,YJR086W,0,-8.392674,0.13310734927654266,0.9899159669876099,0.6447058916091919
YOL130W,YDR451C,0,-8.395408,0.13307726383209229,0.9899159669876099,0.6448739767074585
YAL054C,YNL220W,0,-8.396706,0.1330472081899643,0.9899159669876099,0.6450420022010803
YPL192C,YML098W,0,-8.39778,0.1330171674489975,0.9899159669876099,0.6452100872993469
YLL015W,YBR192W,0,-8.402195,0.1329871267080307,0.9899159669876099,0.6453781723976135
YJR045C,YNL186W,0,-8.402231,0.1329571157693863,0.9899159669876099,0.6455461978912354
YOR330C,YGL062W,0,-8.4045,0.13292710483074188,0.9899159669876099,0.645714282989502
YGR284C,YJL108C,0,-8.405872,0.13289710879325867,0.9899159669876099,0.6458823680877686
YLR381W,YIL056W,0,-8.406102,0.13286712765693665,0.9899159669876099,0.6460503935813904
YFR031C,YNL154C,0,-8.407283,0.13283716142177582,0.9899159669876099,0.646218478679657
YIR022W,YNL032W,0,-8.407377,0.13280721008777618,0.9899159669876099,0.6463865637779236
YPR065W,YIL129C,0,-8.408507,0.13277727365493774,0.9899159669876099,0.6465546488761902
YBR089C-A,YBL080C,0,-8.409435,0.1327473521232605,0.9899159669876099,0.646722674369812
YIL061C,YML131W,0,-8.409517,0.13271744549274445,0.9899159669876099,0.6468907594680786
YER114C,YMR021C,0,-8.411799,0.1326875388622284,0.9899159669876099,0.6470588445663452
YCR107W,YBL102W,0,-8.415622,0.13265766203403473,0.9899159669876099,0.647226870059967
YJL165C,YGR180C,0,-8.416613,0.13262778520584106,0.9899159669876099,0.6473949551582336
YOR212W,YNL304W,0,-8.417859,0.1325979232788086,0.9899159669876099,0.6475630402565002
YJR150C,YPL209C,0,-8.420293,0.1325680911540985,0.9899159669876099,0.6477310657501221
YIL131C,YCR102C,0,-8.42056,0.13253825902938843,0.9899159669876099,0.6478991508483887
YMR001C,YDR058C,0,-8.421496,0.13250844180583954,0.9899159669876099,0.6480672359466553
YOR039W,YEL051W,0,-8.422299,0.13247863948345184,0.9899159669876099,0.6482353210449219
YOR160W,YLR329W,0,-8.422896,0.13244883716106415,0.9899159669876099,0.6484033465385437
YPL234C,YHR138C,0,-8.423141,0.13241906464099884,0.9899159669876099,0.6485714316368103
YPL010W,YLR006C,0,-8.424766,0.13238930702209473,0.9899159669876099,0.6487395167350769
YOR210W,YGR181W,0,-8.425291,0.1323595494031906,0.9899159669876099,0.6489075422286987
YDR345C,YBR172C,0,-8.426221,0.1323298066854477,0.9899159669876099,0.6490756273269653
YLR319C,YOR179C,0,-8.426273,0.13230009377002716,0.9899159669876099,0.6492437124252319
YBR065C,YIL155C,0,-8.426418,0.13227038085460663,0.9899159669876099,0.6494117379188538
YER032W,YOL013C,0,-8.426876,0.1322406828403473,0.9899159669876099,0.6495798230171204
YNL220W,YDL003W,0,-8.427616,0.13221099972724915,0.9899159669876099,0.649747908115387
YKR066C,YDR277C,0,-8.428921,0.1321813315153122,0.9899159669876099,0.6499159932136536
YGL256W,YDR301W,0,-8.42901,0.13215167820453644,0.9899159669876099,0.6500840187072754
YNL328C,YIL119C,0,-8.430066,0.13212202489376068,0.9899159669876099,0.650252103805542
YLR133W,YKL042W,0,-8.43056,0.1320924013853073,0.9899159669876099,0.6504201889038086
YKL080W,YMR089C,0,-8.431504,0.13206277787685394,0.9899159669876099,0.6505882143974304
YHL036W,YHR084W,0,-8.431701,0.13203316926956177,0.9899159669876099,0.650756299495697
YNL270C,YLR007W,0,-8.43172,0.13200359046459198,0.9899159669876099,0.6509243845939636
YDR231C,YDR460W,0,-8.432811,0.1319740116596222,0.9899159669876099,0.6510924100875854
YNL014W,YIR005W,0,-8.432972,0.1319444477558136,0.9899159669876099,0.651260495185852
YGL073W,YNL210W,0,-8.433487,0.1319148987531662,0.9899159669876099,0.6514285802841187
YGR059W,YNL186W,0,-8.433898,0.1318853497505188,0.9899159669876099,0.6515966653823853
YOR260W,YPL234C,0,-8.436359,0.1318558305501938,0.9899159669876099,0.6517646908760071
YOR319W,YNL088W,0,-8.4385195,0.13182632625102997,0.9899159669876099,0.6519327759742737
YJL207C,YOL105C,0,-8.43921,0.13179682195186615,0.9899159669876099,0.6521008610725403
YNR015W,YHR138C,0,-8.442938,0.13176733255386353,0.9899159669876099,0.6522688865661621
YEL060C,YBR218C,0,-8.443143,0.1317378729581833,0.9899159669876099,0.6524369716644287
YJR076C,YPL268W,0,-8.445701,0.13170841336250305,0.9899159669876099,0.6526050567626953
YGL084C,YJL026W,0,-8.446234,0.131678968667984,0.9899159669876099,0.6527730822563171
YNL118C,YDR116C,0,-8.44904,0.13164952397346497,0.9899159669876099,0.6529411673545837
YGL122C,YDL138W,0,-8.450379,0.1316201090812683,0.9899159669876099,0.6531092524528503
YPL021W,YML120C,0,-8.451562,0.13159070909023285,0.9899159669876099,0.6532773375511169
YLR304C,YDL143W,0,-8.451573,0.1315613090991974,0.9899159669876099,0.6534453630447388
YNL127W,YLR005W,0,-8.452245,0.13153193891048431,0.9899159669876099,0.6536134481430054
YLR006C,YML131W,0,-8.453394,0.13150256872177124,0.9899159669876099,0.653781533241272
YNL220W,YDR485C,0,-8.453506,0.13147321343421936,0.9899159669876099,0.6539495587348938
YNL127W,YPL091W,0,-8.454312,0.13144387304782867,0.9899159669876099,0.6541176438331604
YNL280C,YDL181W,0,-8.45445,0.13141454756259918,0.9899159669876099,0.654285728931427
YDL017W,YPL106C,0,-8.455336,0.13138523697853088,0.9899159669876099,0.6544537544250488
YDR425W,YJL052W,0,-8.45638,0.13135592639446259,0.9899159669876099,0.6546218395233154
YDL017W,YMR162C,0,-8.459273,0.13132664561271667,0.9899159669876099,0.654789924621582
YML047C,YIR015W,0,-8.459519,0.13129736483097076,0.9899159669876099,0.6549580097198486
YHR158C,YPL106C,0,-8.459636,0.13126811385154724,0.9899159669876099,0.6551260352134705
YJR140C,YPR182W,0,-8.460555,0.13123886287212372,0.9899159669876099,0.6552941203117371
YER164W,YOL038W,0,-8.460965,0.1312096267938614,0.9899159669876099,0.6554622054100037
YNL280C,YJR139C,0,-8.463355,0.13118040561676025,0.9899159669876099,0.6556302309036255
YBR164C,YPR134W,0,-8.463445,0.13115118443965912,0.9899159669876099,0.6557983160018921
YMR162C,YJR045C,0,-8.464638,0.13112199306488037,0.9899159669876099,0.6559664011001587
YLR048W,YOR172W,0,-8.464726,0.13109281659126282,0.9899159669876099,0.6561344265937805
YFL009W,YDR372C,0,-8.4650955,0.13106364011764526,0.9899159669876099,0.6563025116920471
YMR072W,YHR150W,0,-8.4651165,0.1310344785451889,0.9899159669876099,0.6564705967903137
YLR242C,YMR197C,0,-8.465382,0.13100533187389374,0.9899159669876099,0.6566386818885803
YBR275C,YPL208W,0,-8.465625,0.13097620010375977,0.9899159669876099,0.6568067073822021
YGL124C,YFR034C,0,-8.466095,0.130947083234787,0.9899159669876099,0.6569747924804688
YGR218W,YLR277C,0,-8.469487,0.1309179812669754,0.9899159669876099,0.6571428775787354
YJL165C,YER075C,0,-8.469604,0.130888894200325,0.9899159669876099,0.6573109030723572
YMR184W,YKL165C,0,-8.471511,0.13085980713367462,0.9899159669876099,0.6574789881706238
YGL178W,YHR161C,0,-8.472572,0.13083073496818542,0.9899159669876099,0.6576470732688904
YKL191W,YJL128C,0,-8.472655,0.13080169260501862,0.9899159669876099,0.6578150987625122
YMR092C,YOL077W-A,0,-8.47268,0.1307726502418518,0.9899159669876099,0.6579831838607788
YGL190C,YKL139W,0,-8.4742155,0.1307436227798462,0.9899159669876099,0.6581512689590454
YGL256W,YCL027W,0,-8.474439,0.13071459531784058,0.9899159669876099,0.658319354057312
YOL126C,YDR498C,0,-8.47526,0.13068559765815735,0.9899159669876099,0.6584873795509338
YNL288W,YHR181W,0,-8.475649,0.13065661489963531,0.9899159669876099,0.6586554646492004
YMR214W,YLR268W,0,-8.475986,0.13062763214111328,0.9899159669876099,0.658823549747467
YNR067C,YDL232W,0,-8.478049,0.13059866428375244,0.9899159669876099,0.6589915752410889
YLR319C,YPL239W,0,-8.47811,0.1305697113275528,0.9899159669876099,0.6591596603393555
YCL026C-A,YLR034C,0,-8.481681,0.13054077327251434,0.9899159669876099,0.6593277454376221
YKL112W,YOR144C,0,-8.482778,0.13051185011863708,0.9899159669876099,0.6594957709312439
YCR083W,YNR006W,0,-8.483295,0.13048294186592102,0.9899159669876099,0.6596638560295105
YLR110C,YDR328C,0,-8.483589,0.13045404851436615,0.9899159669876099,0.6598319411277771
YDR046C,YCR038C,0,-8.484749,0.13042515516281128,0.9899159669876099,0.6600000262260437
YBR008C,YER003C,0,-8.488708,0.1303962767124176,0.9899159669876099,0.6601680517196655
YJR092W,YBR273C,0,-8.488986,0.13036741316318512,0.9899159669876099,0.6603361368179321
YBR024W,YCR061W,0,-8.490691,0.13033856451511383,0.9899159669876099,0.6605042219161987
YMR005W,YDR451C,0,-8.491485,0.13030973076820374,0.9899159669876099,0.6606722474098206
YJR139C,YPL242C,0,-8.491524,0.13028091192245483,0.9899159669876099,0.6608403325080872
YNR010W,YLR335W,0,-8.492461,0.13025210797786713,0.9899159669876099,0.6610084176063538
YBR065C,YBL047C,0,-8.494195,0.13022330403327942,0.9899159669876099,0.6611764430999756
YNL147W,YHR181W,0,-8.494721,0.1301945149898529,0.9899159669876099,0.6613445281982422
YGR003W,YDL087C,0,-8.4948,0.13016574084758759,0.9899159669876099,0.6615126132965088
YGR155W,YKL079W,0,-8.496316,0.13013698160648346,0.9899159669876099,0.6616806983947754
YDR013W,YNL312W,0,-8.496823,0.13010823726654053,0.9899159669876099,0.6618487238883972
YDL029W,YER169W,0,-8.498456,0.1300795078277588,0.9899159669876099,0.6620168089866638
YHR187W,YIL056W,0,-8.498941,0.13005077838897705,0.9899159669876099,0.6621848940849304
YPL202C,YHR161C,0,-8.4991045,0.1300220787525177,0.9899159669876099,0.6623529195785522
YDL142C,YOR330C,0,-8.499171,0.12999337911605835,0.9899159669876099,0.6625210046768188
YLR319C,YLR240W,0,-8.499345,0.1299646943807602,0.9899159669876099,0.6626890897750854
YNL014W,YJR131W,0,-8.49958,0.12993602454662323,0.9899159669876099,0.6628571152687073
YIL159W,YMR225C,0,-8.49989,0.12990736961364746,0.9899159669876099,0.6630252003669739
YPL202C,YBR089C-A,0,-8.501251,0.1298787146806717,0.9899159669876099,0.6631932854652405
YGL247W,YNL009W,0,-8.50157,0.1298500895500183,0.9899159669876099,0.6633613705635071
YNL127W,YJR139C,0,-8.501971,0.12982146441936493,0.9899159669876099,0.6635293960571289
YHR119W,YNL304W,0,-8.501988,0.12979285418987274,0.9899159669876099,0.6636974811553955
YDR379W,YHR200W,0,-8.502645,0.12976425886154175,0.9899159669876099,0.6638655662536621
YHR171W,YFR030W,0,-8.503024,0.12973567843437195,0.9899159669876099,0.6640335917472839
YPR001W,YJR131W,0,-8.504214,0.12970711290836334,0.9899159669876099,0.6642016768455505
YOR034C,YBR083W,0,-8.505155,0.12967856228351593,0.9899159669876099,0.6643697619438171
YER073W,YHL040C,0,-8.505407,0.12965001165866852,0.9899159669876099,0.664537787437439
YOR344C,YLR277C,0,-8.506149,0.1296214759349823,0.9899159669876099,0.6647058725357056
YOR377W,YFL008W,0,-8.506975,0.12959295511245728,0.9899159669876099,0.6648739576339722
YLR195C,YGL229C,0,-8.507262,0.12956444919109344,0.9899159669876099,0.6650420427322388
YDR142C,YBL058W,0,-8.507907,0.1295359581708908,0.9899159669876099,0.6652100682258606
YAL054C,YIL109C,0,-8.509143,0.12950748205184937,0.9899159669876099,0.6653781533241272
YHR005C,YGR268C,0,-8.50921,0.12947900593280792,0.9899159669876099,0.6655462384223938
YNL220W,YOR349W,0,-8.509538,0.12945054471492767,0.9899159669876099,0.6657142639160156
YOL063C,YIL070C,0,-8.512433,0.12942209839820862,0.9899159669876099,0.6658823490142822
YCL026C-A,YOL127W,0,-8.512709,0.12939366698265076,0.9899159669876099,0.6660504341125488
YHR174W,YML058W-A,0,-8.513575,0.1293652504682541,0.9899159669876099,0.6662184596061707
YKL165C,YBR066C,0,-8.513583,0.12933684885501862,0.9899159669876099,0.6663865447044373
YOL077W-A,YPL153C,0,-8.514328,0.12930844724178314,0.9899159669876099,0.6665546298027039
YBL047C,YGR186W,0,-8.514686,0.12928007543087006,0.9899159669876099,0.6667227149009705
YOL001W,YIL129C,0,-8.517196,0.12925170361995697,0.9899159669876099,0.6668907403945923
YDR320C-A,YIL002C,0,-8.517197,0.12922334671020508,0.9899159669876099,0.6670588254928589
YER044C,YJL214W,0,-8.518359,0.12919500470161438,0.9899159669876099,0.6672269105911255
YBL080C,YER008C,0,-8.518633,0.12916666269302368,0.9899159669876099,0.6673949360847473
YOR079C,YIR041W,0,-8.522704,0.12913835048675537,0.9899159669876099,0.6675630211830139
YDL017W,YLR005W,0,-8.524476,0.12911003828048706,0.9899159669876099,0.6677311062812805
YJL194W,YMR203W,0,-8.525216,0.12908174097537994,0.9899159669876099,0.6678991317749023
YLR081W,YGR033C,0,-8.525807,0.12905345857143402,0.9899159669876099,0.668067216873169
YML092C,YKL034W,0,-8.525972,0.1290251910686493,0.9899159669876099,0.6682353019714355
YLR263W,YAL009W,0,-8.527779,0.12899693846702576,0.9899159669876099,0.6684033870697021
YMR013C,YER005W,0,-8.52785,0.12896868586540222,0.9899159669876099,0.668571412563324
YFR053C,YFL017W-A,0,-8.527949,0.12894044816493988,0.9899159669876099,0.6687394976615906
YCR053W,YHR138C,0,-8.529368,0.12891224026679993,0.9899159669876099,0.6689075827598572
YMR162C,YDL109C,0,-8.530251,0.12888403236865997,0.9899159669876099,0.669075608253479
YNL280C,YER008C,0,-8.531269,0.12885582447052002,0.9899159669876099,0.6692436933517456
YJR093C,YDL080C,0,-8.531378,0.12882764637470245,0.9899159669876099,0.6694117784500122
YOR034C,YDR059C,0,-8.531733,0.1287994682788849,0.9899159669876099,0.669579803943634
YBL098W,YGL238W,0,-8.531798,0.1287713199853897,0.9899159669876099,0.6697478890419006
YJL145W,YOL031C,0,-8.53234,0.12874317169189453,0.9899159669876099,0.6699159741401672
YOR377W,YMR224C,0,-8.534015,0.12871503829956055,0.9899159669876099,0.6700840592384338
YCR107W,YKL085W,0,-8.536052,0.12868691980838776,0.9899159669876099,0.6702520847320557
YDR231C,YOL156W,0,-8.536967,0.12865880131721497,0.9899159669876099,0.6704201698303223
YLR133W,YBR192W,0,-8.53876,0.12863071262836456,0.9899159669876099,0.6705882549285889
YIL034C,YDL232W,0,-8.54024,0.12860262393951416,0.9899159669876099,0.6707562804222107
YER114C,YGL003C,0,-8.540445,0.12857455015182495,0.9899159669876099,0.6709243655204773
YBL105C,YBR218C,0,-8.545759,0.12854649126529694,0.9899159669876099,0.6710924506187439
YNR002C,YOR212W,0,-8.545934,0.12851843237876892,0.9899159669876099,0.6712604761123657
YHL040C,YDR320C-A,0,-8.546668,0.1284904032945633,0.9899159669876099,0.6714285612106323
YGL035C,YFL017W-A,0,-8.546669,0.12846237421035767,0.9899159669876099,0.6715966463088989
YBR066C,YER070W,0,-8.548576,0.12843436002731323,0.9899159669876099,0.6717647314071655
YFL025C,YLR263W,0,-8.54979,0.12840636074543,0.9899159669876099,0.6719327569007874
YER088C,YBR107C,0,-8.550224,0.12837837636470795,0.9899159669876099,0.672100841999054
YDR214W,YIR041W,0,-8.552271,0.1283504068851471,0.9899159669876099,0.6722689270973206
YBR068C,YML103C,0,-8.552306,0.12832243740558624,0.9899159669876099,0.6724369525909424
YOR005C,YCL043C,0,-8.552627,0.12829448282718658,0.9899159669876099,0.672605037689209
YGL142C,YPL253C,0,-8.552832,0.12826654314994812,0.9899159669876099,0.6727731227874756
YDR453C,YDL058W,0,-8.552905,0.12823861837387085,0.9899159669876099,0.6729411482810974
YPL018W,YEL041W,0,-8.554884,0.12821070849895477,0.9899159669876099,0.673109233379364
YLR133W,YER005W,0,-8.557052,0.1281828135251999,0.9899159669876099,0.6732773184776306
YOR254C,YBR077C,0,-8.559768,0.128154918551445,0.9899159669876099,0.6734454035758972
YDR337W,YOR172W,0,-8.561353,0.12812703847885132,0.9899159669876099,0.673613429069519
YPL202C,YGR284C,0,-8.561489,0.12809917330741882,0.9899159669876099,0.6737815141677856
YBR201W,YFL008W,0,-8.564679,0.12807132303714752,0.9899159669876099,0.6739495992660522
YLR006C,YMR203W,0,-8.566514,0.12804347276687622,0.9899159669876099,0.6741176247596741
YNL148C,YLR078C,0,-8.5672245,0.1280156522989273,0.9899159669876099,0.6742857098579407
YML102W,YCR044C,0,-8.567797,0.1279878318309784,0.9899159669876099,0.6744537949562073
YOR098C,YBR024W,0,-8.568086,0.12796002626419067,0.9899159669876099,0.6746218204498291
YCL016C,YCL027W,0,-8.568096,0.12793223559856415,0.9899159669876099,0.6747899055480957
YFL025C,YBR105C,0,-8.5690975,0.12790444493293762,0.9899159669876099,0.6749579906463623
YLR133W,YDR207C,0,-8.5693445,0.12787668406963348,0.9899159669876099,0.6751260757446289
YML120C,YLR467W,0,-8.571789,0.12784892320632935,0.9899159669876099,0.6752941012382507
YBL016W,YDL195W,0,-8.572775,0.1278211772441864,0.9899159669876099,0.6754621863365173
YKL139W,YFL041W,0,-8.572789,0.12779344618320465,0.9899159669876099,0.6756302714347839
YDR325W,YKL088W,0,-8.573044,0.1277657300233841,0.9899159669876099,0.6757982969284058
YDL145C,YNL304W,0,-8.57354,0.12773801386356354,0.9899159669876099,0.6759663820266724
YMR052W,YIL056W,0,-8.5748205,0.12771032750606537,0.9899159669876099,0.676134467124939
YNL268W,YIL029C,0,-8.575533,0.1276826411485672,0.9899159669876099,0.6763024926185608
YGL013C,YOL117W,0,-8.577251,0.12765496969223022,0.9899159669876099,0.6764705777168274
YOR254C,YCR060W,0,-8.577361,0.12762729823589325,0.9899159669876099,0.676638662815094
YBL033C,YMR266W,0,-8.577621,0.12759965658187866,0.9899159669876099,0.6768067479133606
YDL088C,YIL022W,0,-8.578317,0.12757201492786407,0.9899159669876099,0.6769747734069824
YHR073W,YGL226C-A,0,-8.579156,0.12754438817501068,0.9899159669876099,0.677142858505249
YPL209C,YDR189W,0,-8.580384,0.12751677632331848,0.9899159669876099,0.6773109436035156
YKR038C,YPR165W,0,-8.580623,0.12748917937278748,0.9899159669876099,0.6774789690971375
YMR119W,YGL084C,0,-8.583364,0.12746158242225647,0.9899159669876099,0.677647054195404
YIL159W,YNL307C,0,-8.583908,0.12743401527404785,0.9899159669876099,0.6778151392936707
YPL100W,YLR034C,0,-8.585656,0.12740644812583923,0.9899159669876099,0.6779831647872925
YMR091C,YJR010C-A,0,-8.587735,0.1273788958787918,0.9899159669876099,0.6781512498855591
YPR104C,YNL302C,1,-8.589599,0.1275675743818283,0.9915966391563416,0.6781512498855591
YOL069W,YOR230W,0,-8.590037,0.1275399923324585,0.9915966391563416,0.6783193349838257
YMR201C,YLR059C,0,-8.591075,0.12751242518424988,0.9915966391563416,0.6784874200820923
YOR160W,YIL129C,0,-8.596286,0.12748487293720245,0.9915966391563416,0.6786554455757141
YGR202C,YKL095W,0,-8.598655,0.12745733559131622,0.9915966391563416,0.6788235306739807
YOR221C,YKL166C,0,-8.600213,0.12742979824543,0.9915966391563416,0.6789916157722473
YPL021W,YFR030W,0,-8.600717,0.12740229070186615,0.9915966391563416,0.6791596412658691
YNR075W,YDL019C,0,-8.60228,0.1273747831583023,0.9915966391563416,0.6793277263641357
YBR066C,YKR055W,0,-8.60296,0.12734729051589966,0.9915966391563416,0.6794958114624023
YGR284C,YHR124W,0,-8.6032715,0.1273198127746582,0.9915966391563416,0.6796638369560242
YOR319W,YHL009C,0,-8.603411,0.12729233503341675,0.9915966391563416,0.6798319220542908
YNL280C,YDR205W,0,-8.604877,0.12726488709449768,0.9915966391563416,0.6800000071525574
YDR214W,YKR059W,0,-8.604979,0.1272374391555786,0.9915966391563416,0.680168092250824
YMR153W,YJL025W,0,-8.60572,0.12721000611782074,0.9915966391563416,0.6803361177444458
YNL136W,YIR033W,0,-8.606251,0.12718258798122406,0.9915966391563416,0.6805042028427124
YNL030W,YKR007W,0,-8.607481,0.12715516984462738,0.9915966391563416,0.680672287940979
YHR023W,YHR006W,0,-8.608912,0.1271277815103531,0.9915966391563416,0.6808403134346008
YNL148C,YOR377W,0,-8.609451,0.1271003931760788,0.9915966391563416,0.6810083985328674
YBR068C,YMR047C,0,-8.609799,0.1270730197429657,0.9915966391563416,0.681176483631134
YBR186W,YDR276C,0,-8.609932,0.1270456463098526,0.9915966391563416,0.6813445091247559
YGL247W,YLR116W,0,-8.610019,0.1270183026790619,0.9915966391563416,0.6815125942230225
YMR225C,YMR013C,0,-8.612569,0.12699095904827118,0.9915966391563416,0.6816806793212891
YER114C,YOL013C,0,-8.613586,0.12696363031864166,0.9915966391563416,0.6818487644195557
YKL016C,YKR076W,0,-8.614882,0.12693631649017334,0.9915966391563416,0.6820167899131775
YBR038W,YCL032W,0,-8.616057,0.1269090175628662,0.9915966391563416,0.6821848750114441
YKL220C,YHR119W,0,-8.616154,0.12688171863555908,0.9915966391563416,0.6823529601097107
YHR194W,YDR335W,0,-8.617241,0.12685443460941315,0.9915966391563416,0.6825209856033325
YDL181W,YDR116C,0,-8.618134,0.1268271654844284,0.9915966391563416,0.6826890707015991
YOR098C,YCR044C,0,-8.618473,0.12679991126060486,0.9915966391563416,0.6828571557998657
YNL327W,YKL029C,0,-8.618805,0.1267726719379425,0.9915966391563416,0.6830251812934875
YMR301C,YCR083W,0,-8.619289,0.12674543261528015,0.9915966391563416,0.6831932663917542
YOL031C,YOL105C,0,-8.619775,0.126718208193779,0.9915966391563416,0.6833613514900208
YGL084C,YFL008W,0,-8.620363,0.12669099867343903,0.9915966391563416,0.6835294365882874
YHR174W,YGR129W,0,-8.621406,0.12666380405426025,0.9915966391563416,0.6836974620819092
YOL077W-A,YKR086W,0,-8.627787,0.12663662433624268,0.9915966391563416,0.6838655471801758
YBL026W,YOR230W,0,-8.62917,0.1266094446182251,0.9915966391563416,0.6840336322784424
YBR211C,YBL033C,0,-8.632419,0.1265822798013687,0.9915966391563416,0.6842016577720642
YOR160W,YPL188W,0,-8.632795,0.12655512988567352,0.9915966391563416,0.6843697428703308
YCL055W,YLR417W,0,-8.634646,0.12652797996997833,0.9915966391563416,0.6845378279685974
YOL001W,YIL063C,0,-8.635837,0.12650085985660553,0.9915966391563416,0.6847058534622192
YOR249C,YHR200W,0,-8.637334,0.12647373974323273,0.9915966391563416,0.6848739385604858
YOL049W,YLR059C,0,-8.637447,0.12644663453102112,0.9915966391563416,0.6850420236587524
YOR144C,YIL119C,0,-8.637733,0.1264195442199707,0.9915966391563416,0.685210108757019
YOR254C,YFR003C,0,-8.639714,0.1263924539089203,0.9915966391563416,0.6853781342506409
YCL016C,YML131W,0,-8.639815,0.12636539340019226,0.9915966391563416,0.6855462193489075
YOL117W,YBR024W,0,-8.639956,0.12633833289146423,0.9915966391563416,0.6857143044471741
YFL025C,YML120C,0,-8.640171,0.1263112872838974,0.9915966391563416,0.6858823299407959
YIL118W,YLR135W,0,-8.640671,0.12628424167633057,0.9915966391563416,0.6860504150390625
YAL044C,YDL217C,0,-8.64187,0.12625722587108612,0.9915966391563416,0.6862185001373291
YAR033W,YPL239W,0,-8.644547,0.12623021006584167,0.9915966391563416,0.6863865256309509
YKL016C,YLR025W,0,-8.644774,0.12620320916175842,0.9915966391563416,0.6865546107292175
YDL045C,YLR195C,0,-8.645015,0.12617622315883636,0.9915966391563416,0.6867226958274841
YOL066C,YBR283C,0,-8.645431,0.1261492371559143,0.9915966391563416,0.6868907809257507
YEL027W,YKR007W,0,-8.646153,0.12612228095531464,0.9915966391563416,0.6870588064193726
YOR005C,YBL058W,0,-8.646622,0.12609532475471497,0.9915966391563416,0.6872268915176392
YJR091C,YMR201C,0,-8.648414,0.1260683834552765,0.9915966391563416,0.6873949766159058
YBR177C,YDL230W,0,-8.649109,0.126041442155838,0.9915966391563416,0.6875630021095276
YOR340C,YPL026C,0,-8.649826,0.12601453065872192,0.9915966391563416,0.6877310872077942
YPR072W,YBL093C,0,-8.649947,0.12598761916160583,0.9915966391563416,0.6878991723060608
YBR164C,YDR481C,0,-8.650743,0.12596072256565094,0.9915966391563416,0.6880671977996826
YBR010W,YDL135C,0,-8.651296,0.12593382596969604,0.9915966391563416,0.6882352828979492
YBR164C,YDR273W,0,-8.652326,0.12590695917606354,0.9915966391563416,0.6884033679962158
YJR091C,YKR095W-A,0,-8.652562,0.12588009238243103,0.9915966391563416,0.6885714530944824
YPL208W,YNL070W,0,-8.655517,0.12585324048995972,0.9915966391563416,0.6887394785881042
YOR260W,YCR102C,0,-8.6563,0.1258264034986496,0.9915966391563416,0.6889075636863708
YDR337W,YMR104C,0,-8.657366,0.12579956650733948,0.9915966391563416,0.6890756487846375
YOL133W,YDL140C,0,-8.659367,0.12577275931835175,0.9915966391563416,0.6892436742782593
YDL200C,YJL128C,0,-8.661094,0.125745952129364,0.9915966391563416,0.6894117593765259
YDL126C,YJL214W,0,-8.662565,0.12571915984153748,0.9915966391563416,0.6895798444747925
YDL128W,YEL041W,0,-8.66483,0.12569236755371094,0.9915966391563416,0.6897478699684143
YOR377W,YNR002C,0,-8.665519,0.1256656050682068,0.9915966391563416,0.6899159550666809
YFR030W,YLR059C,0,-8.665758,0.12563884258270264,0.9915966391563416,0.6900840401649475
YJR092W,YJL102W,0,-8.666233,0.12561209499835968,0.9915966391563416,0.6902521252632141
YLR078C,YOL002C,0,-8.668806,0.12558536231517792,0.9915966391563416,0.6904201507568359
YAL032C,YGR181W,0,-8.669012,0.12555862963199615,0.9915966391563416,0.6905882358551025
YKR055W,YPL026C,0,-8.672934,0.12553191184997559,0.9915966391563416,0.6907563209533691
YDL145C,YGR088W,0,-8.673306,0.1255052089691162,0.9915966391563416,0.690924346446991
YDL197C,YDL140C,0,-8.674348,0.12547852098941803,0.9915966391563416,0.6910924315452576
YGL122C,YPR036W,0,-8.675247,0.12545183300971985,0.9915966391563416,0.6912605166435242
YMR175W,YJR110W,0,-8.677243,0.12542517483234406,0.9915966391563416,0.691428542137146
YIL070C,YMR091C,0,-8.679762,0.12539851665496826,0.9915966391563416,0.6915966272354126
YDL088C,YMR263W,0,-8.679965,0.12537185847759247,0.9915966391563416,0.6917647123336792
YJR074W,YOL117W,0,-8.6808405,0.12534523010253906,0.9915966391563416,0.6919327974319458
YJR076C,YGL151W,0,-8.681178,0.12531860172748566,0.9915966391563416,0.6921008229255676
YHR171W,YIL117C,0,-8.681597,0.12529198825359344,0.9915966391563416,0.6922689080238342
YLR157C,YLL019C,0,-8.682133,0.12526538968086243,0.9915966391563416,0.6924369931221008
YDL140C,YML014W,0,-8.684475,0.1252388060092926,0.9915966391563416,0.6926050186157227
YER032W,YIR005W,0,-8.685839,0.12521222233772278,0.9915966391563416,0.6927731037139893
YDR163W,YNL154C,0,-8.688656,0.12518565356731415,0.9915966391563416,0.6929411888122559
YGL122C,YER070W,0,-8.691036,0.1251590996980667,0.9915966391563416,0.6931092143058777
YDL181W,YCL032W,0,-8.691392,0.12513256072998047,0.9915966391563416,0.6932772994041443
YMR298W,YLR467W,0,-8.691527,0.12510602176189423,0.9915966391563416,0.6934453845024109
YNL136W,YOR230W,0,-8.693025,0.12507949769496918,0.9915966391563416,0.6936134696006775
YLR335W,YGL011C,0,-8.694132,0.12505298852920532,0.9915966391563416,0.6937814950942993
YHL040C,YLR335W,0,-8.695931,0.12502649426460266,0.9915966391563416,0.6939495801925659
YGL053W,YMR283C,0,-8.696609,0.125,0.9915966391563416,0.6941176652908325
YLR081W,YBL102W,0,-8.696727,0.12497352063655853,0.9915966391563416,0.6942856907844543
YLR219W,YPR181C,0,-8.697431,0.12494705617427826,0.9915966391563416,0.694453775882721
YDL145C,YJL026W,0,-8.699365,0.12492059916257858,0.9915966391563416,0.6946218609809875
YBR164C,YBR273C,0,-8.700101,0.1248941570520401,0.9915966391563416,0.6947898864746094
YOR099W,YFL036W,0,-8.700988,0.12486772239208221,0.9915966391563416,0.694957971572876
YOR212W,YIL063C,0,-8.702548,0.12484130263328552,0.9915966391563416,0.6951260566711426
YGL151W,YLR329W,0,-8.702634,0.12481489032506943,0.9915966391563416,0.6952941417694092
YNL164C,YKL079W,0,-8.702927,0.12478849291801453,0.9915966391563416,0.695462167263031
YCL025C,YMR225C,0,-8.703469,0.12476210296154022,0.9915966391563416,0.6956302523612976
YGL003C,YER117W,0,-8.704456,0.12473572790622711,0.9915966391563416,0.6957983374595642
YNL304W,YOR172W,0,-8.70782,0.1247093603014946,0.9915966391563416,0.695966362953186
YLR110C,YKL018W,0,-8.707988,0.12468300759792328,0.9915966391563416,0.6961344480514526
YKL005C,YMR076C,0,-8.708047,0.12465666234493256,0.9915966391563416,0.6963025331497192
YJL184W,YNR026C,0,-8.711656,0.12463033199310303,0.9915966391563416,0.6964705586433411
YGR180C,YDR453C,0,-8.7128105,0.1246040090918541,0.9915966391563416,0.6966386437416077
YAL054C,YGL004C,0,-8.712902,0.12457770109176636,0.9915966391563416,0.6968067288398743
YDR423C,YBR066C,0,-8.713995,0.12455140054225922,0.9915966391563416,0.6969748139381409
YMR138W,YGL178W,0,-8.715661,0.12452511489391327,0.9915966391563416,0.6971428394317627
YAL044C,YOL129W,0,-8.716888,0.12449883669614792,0.9915966391563416,0.6973109245300293
YBR107C,YBR087W,0,-8.72033,0.12447257339954376,0.9915966391563416,0.6974790096282959
YOL164W,YKL005C,0,-8.721412,0.1244463175535202,0.9915966391563416,0.6976470351219177
YGR097W,YFL036W,0,-8.723753,0.12442007660865784,0.9915966391563416,0.6978151202201843
YOR241W,YLR166C,0,-8.723926,0.12439384311437607,0.9915966391563416,0.6979832053184509
YEL016C,YBR192W,0,-8.72796,0.1243676245212555,0.9915966391563416,0.6981512308120728
YDL145C,YOL129W,0,-8.728216,0.12434141337871552,0.9915966391563416,0.6983193159103394
YNL136W,YIL063C,0,-8.729529,0.12431520968675613,0.9915966391563416,0.698487401008606
YMR184W,YNL268W,0,-8.730732,0.12428902834653854,0.9915966391563416,0.6986554861068726
YBL105C,YNL131W,0,-8.732265,0.12426284700632095,0.9915966391563416,0.6988235116004944
YBR068C,YML058W-A,0,-8.732449,0.12423668056726456,0.9915966391563416,0.698991596698761
YER179W,YOL105C,0,-8.7339735,0.12421052902936935,0.9915966391563416,0.6991596817970276
YGR227W,YML092C,0,-8.734723,0.12418438494205475,0.9915966391563416,0.6993277072906494
YOL164W,YBR065C,0,-8.7350645,0.12415824830532074,0.9915966391563416,0.699495792388916
YDL008W,YDL045C,0,-8.73862,0.12413212656974792,0.9915966391563416,0.6996638774871826
YDR205W,YCR009C,0,-8.738731,0.1241060122847557,0.9915966391563416,0.6998319029808044
YDR386W,YKL173W,0,-8.739456,0.12407991290092468,0.9915966391563416,0.699999988079071
YDL138W,YLR425W,0,-8.739625,0.12405382841825485,0.9915966391563416,0.7001680731773376
YCR107W,YCL016C,0,-8.739704,0.12402775138616562,0.9915966391563416,0.7003361582756042
YPL265W,YGR248W,0,-8.740375,0.12400168180465698,0.9915966391563416,0.7005041837692261
YMR119W,YKR066C,0,-8.740531,0.12397562712430954,0.9915966391563416,0.7006722688674927
YBR065C,YPR002W,0,-8.740841,0.1239495798945427,0.9915966391563416,0.7008403539657593
YBL016W,YPL208W,0,-8.742184,0.12392354756593704,0.9915966391563416,0.7010083794593811
YLR215C,YBL047C,0,-8.742447,0.12389752268791199,0.9915966391563416,0.7011764645576477
YDR191W,YER165W,0,-8.742501,0.12387151271104813,0.9915966391563416,0.7013445496559143
YBR059C,YBL016W,0,-8.742533,0.12384551018476486,0.9915966391563416,0.7015126347541809
YGL219C,YPL033C,0,-8.744508,0.1238195151090622,0.9915966391563416,0.7016806602478027
YGR024C,YDL128W,0,-8.74473,0.12379353493452072,0.9915966391563416,0.7018487453460693
YNL014W,YER019W,0,-8.746334,0.12376756966114044,0.9915966391563416,0.7020168304443359
YMR029C,YER032W,0,-8.746417,0.12374161183834076,0.9915966391563416,0.7021848559379578
YIL036W,YBR186W,0,-8.750038,0.12371566146612167,0.9915966391563416,0.7023529410362244
YJL072C,YMR283C,0,-8.751642,0.12368972599506378,0.9915966391563416,0.702521026134491
YKL208W,YGL195W,0,-8.751982,0.12366380542516708,0.9915966391563416,0.7026890516281128
YCR044C,YFR029W,0,-8.752841,0.12363788485527039,0.9915966391563416,0.7028571367263794
YGL105W,YNL026W,0,-8.753119,0.12361198663711548,0.9915966391563416,0.703025221824646
YLR355C,YIL120W,0,-8.753614,0.12358608841896057,0.9915966391563416,0.7031933069229126
YGL151W,YDL083C,0,-8.754751,0.12356021255254745,0.9915966391563416,0.7033613324165344
YOR322C,YDR013W,0,-8.755139,0.12353433668613434,0.9915966391563416,0.703529417514801
YER044C,YAL032C,0,-8.756188,0.12350847572088242,0.9915966391563416,0.7036975026130676
YGR222W,YNL311C,0,-8.758028,0.12348262965679169,0.9915966391563416,0.7038655281066895
YPR001W,YCL027W,0,-8.758302,0.12345679104328156,0.9915966391563416,0.704033613204956
YOL130W,YLR319C,0,-8.758405,0.12343095988035202,0.9915966391563416,0.7042016983032227
YPR001W,YDR310C,0,-8.759869,0.12340514361858368,0.9915966391563416,0.7043697237968445
YPR001W,YOR087W,0,-8.760807,0.12337934225797653,0.9915966391563416,0.7045378088951111
YJR093C,YMR270C,0,-8.761308,0.12335354089736938,0.9915966391563416,0.7047058939933777
YGL180W,YDL181W,0,-8.762009,0.12332776188850403,0.9915966391563416,0.7048739790916443
YDL140C,YDR131C,0,-8.76488,0.12330198287963867,0.9915966391563416,0.7050420045852661
YJL008C,YML131W,0,-8.765052,0.12327621877193451,0.9915966391563416,0.7052100896835327
YCL026C-A,YNR026C,0,-8.765167,0.12325046956539154,0.9915966391563416,0.7053781747817993
YBR068C,YMR029C,0,-8.765553,0.12322472780942917,0.9915966391563416,0.7055462002754211
YBR145W,YNL008C,0,-8.766182,0.12319900095462799,0.9915966391563416,0.7057142853736877
YGR227W,YDR325W,0,-8.768022,0.12317327409982681,0.9915966391563416,0.7058823704719543
YMR162C,YDR308C,0,-8.76875,0.12314756959676743,0.9915966391563416,0.7060503959655762
YER028C,YGL151W,0,-8.76901,0.12312187254428864,0.9915966391563416,0.7062184810638428
YBR278W,YER035W,0,-8.773758,0.12309618294239044,0.9915966391563416,0.7063865661621094
YBR164C,YER008C,0,-8.773831,0.12307050824165344,0.9915966391563416,0.706554651260376
YBR201W,YDR081C,0,-8.774774,0.12304484099149704,0.9915966391563416,0.7067226767539978
YGR230W,YER088C,0,-8.777323,0.12301918119192123,0.9915966391563416,0.7068907618522644
YBR186W,YCR009C,0,-8.777979,0.12299353629350662,0.9915966391563416,0.707058846950531
YML092C,YJL145W,0,-8.778712,0.1229679062962532,0.9915966391563416,0.7072268724441528
YNL312W,YOR230W,0,-8.779353,0.12294227629899979,0.9915966391563416,0.7073949575424194
YDL029W,YDR191W,0,-8.779713,0.12291666865348816,0.9915966391563416,0.707563042640686
YNL281W,YDL170W,0,-8.779785,0.12289106100797653,0.9915966391563416,0.7077310681343079
YJL034W,YGL122C,0,-8.781326,0.1228654757142067,0.9915966391563416,0.7078991532325745
YDL029W,YNL312W,0,-8.781698,0.12283989042043686,0.9915966391563416,0.7080672383308411
YIL128W,YPL026C,0,-8.782476,0.12281432002782822,0.9915966391563416,0.7082353234291077
YOR034C,YML132W,0,-8.782777,0.12278876453638077,0.9915966391563416,0.7084033489227295
YLR259C,YGR211W,0,-8.783796,0.12276320904493332,0.9915966391563416,0.7085714340209961
YDR320C-A,YOR144C,0,-8.785379,0.12273767590522766,0.9915966391563416,0.7087395191192627
YML132W,YDR310C,0,-8.785954,0.122712142765522,0.9915966391563416,0.7089075446128845
YBR008C,YIL061C,0,-8.788116,0.12268663197755814,0.9915966391563416,0.7090756297111511
YHR200W,YML098W,0,-8.7885475,0.12266112118959427,0.9915966391563416,0.7092437148094177
YPR070W,YMR109W,0,-8.79053,0.1226356253027916,0.9915966391563416,0.7094117403030396
YLR355C,YDR337W,0,-8.790788,0.12261014431715012,0.9915966391563416,0.7095798254013062
YJR150C,YDR456W,0,-8.791909,0.12258466333150864,0.9915966391563416,0.7097479104995728
YIL159W,YOL038W,0,-8.794426,0.12255920469760895,0.9915966391563416,0.7099159955978394
YDR298C,YNL068C,0,-8.794828,0.12253374606370926,0.9915966391563416,0.7100840210914612
YKR095W,YGL006W,0,-8.798792,0.12250830233097076,0.9915966391563416,0.7102521061897278
YDL008W,YDR205W,0,-8.799931,0.12248287349939346,0.9915966391563416,0.7104201912879944
YNL307C,YBR066C,0,-8.801026,0.12245745211839676,0.9915966391563416,0.7105882167816162
YER165W,YAL032C,0,-8.802352,0.12243203818798065,0.9915966391563416,0.7107563018798828
YLR319C,YOL156W,0,-8.803095,0.12240663915872574,0.9915966391563416,0.7109243869781494
YEL060C,YDR289C,0,-8.804858,0.12238124758005142,0.9915966391563416,0.7110924124717712
YPR046W,YBL033C,0,-8.806921,0.1223558709025383,0.9915966391563416,0.7112604975700378
YDR480W,YML012W,0,-8.807657,0.12233050167560577,0.9915966391563416,0.7114285826683044
YBR132C,YHL009C,0,-8.807749,0.12230513989925385,0.9915966391563416,0.711596667766571
YBR107C,YLR066W,0,-8.810129,0.12227979302406311,0.9915966391563416,0.7117646932601929
YGL190C,YKL150W,0,-8.811266,0.12225445359945297,0.9915966391563416,0.7119327783584595
YER035W,YDR386W,0,-8.813692,0.12222912907600403,0.9915966391563416,0.7121008634567261
YFR031C,YMR089C,0,-8.815026,0.12220381200313568,0.9915966391563416,0.7122688889503479
YMR021C,YKL080W,0,-8.818542,0.12217850238084793,0.9915966391563416,0.7124369740486145
YPL224C,YFL017W-A,0,-8.82062,0.12215320765972137,0.9915966391563416,0.7126050591468811
YNL220W,YDR325W,0,-8.821326,0.12212792038917542,0.9915966391563416,0.7127730846405029
YDL006W,YIL061C,0,-8.821455,0.12210264801979065,0.9915966391563416,0.7129411697387695
YJR076C,YLR133W,0,-8.821677,0.12207738310098648,0.9915966391563416,0.7131092548370361
YBR164C,YJL154C,0,-8.821782,0.1220521330833435,0.9915966391563416,0.7132773399353027
YLR467W,YLL056C,0,-8.823105,0.12202689051628113,0.9915966391563416,0.7134453654289246
YOR034C,YDL013W,0,-8.8245945,0.12200165539979935,0.9915966391563416,0.7136134505271912
YGR224W,YIL159W,0,-8.825154,0.12197643518447876,0.9915966391563416,0.7137815356254578
YBR177C,YCR042C,0,-8.825171,0.12195122241973877,0.9915966391563416,0.7139495611190796
YLR081W,YDL181W,0,-8.825913,0.12192601710557938,0.9915966391563416,0.7141176462173462
YCL014W,YLR259C,0,-8.826499,0.12190082669258118,0.9915966391563416,0.7142857313156128
YDR202C,YBR049C,0,-8.826728,0.12187564373016357,0.9915966391563416,0.7144537568092346
YBR211C,YIL002C,0,-8.828678,0.12185047566890717,0.9915966391563416,0.7146218419075012
YKL101W,YGL068W,0,-8.829617,0.12182531505823135,0.9915966391563416,0.7147899270057678
YBR164C,YMR284W,0,-8.830522,0.12180016189813614,0.9915966391563416,0.7149580121040344
YNL009W,YPR094W,0,-8.83072,0.12177502363920212,0.9915966391563416,0.7151260375976562
YMR072W,YPL171C,0,-8.830857,0.12174990028142929,0.9915966391563416,0.7152941226959229
YDR142C,YML114C,0,-8.831371,0.12172477692365646,0.9915966391563416,0.7154622077941895
YGL073W,YNL262W,0,-8.832064,0.12169966846704483,0.9915966391563416,0.7156302332878113
YJL111W,YPL091W,0,-8.832341,0.12167457491159439,0.9915966391563416,0.7157983183860779
YJR076C,YLR011W,0,-8.832698,0.12164948135614395,0.9915966391563416,0.7159664034843445
YHR158C,YNL323W,0,-8.833022,0.1216244101524353,0.9915966391563416,0.7161344289779663
YOR037W,YML058W-A,0,-8.833322,0.12159933894872665,0.9915966391563416,0.7163025140762329
YPR032W,YDR325W,0,-8.834169,0.1215742826461792,0.9915966391563416,0.7164705991744995
YPR002W,YDR013W,0,-8.835407,0.12154924124479294,0.9915966391563416,0.7166386842727661
YBR065C,YPL188W,0,-8.836793,0.12152419984340668,0.9915966391563416,0.7168067097663879
YFL009W,YOR171C,0,-8.837473,0.12149917334318161,0.9915966391563416,0.7169747948646545
YBR211C,YGR284C,0,-8.839534,0.12147416174411774,0.9915966391563416,0.7171428799629211
YGR224W,YDR515W,0,-8.841527,0.12144915759563446,0.9915966391563416,0.717310905456543
YOR217W,YIL084C,0,-8.843171,0.12142416089773178,0.9915966391563416,0.7174789905548096
YDL098C,YGR033C,0,-8.843537,0.1213991791009903,0.9915966391563416,0.7176470756530762
YJR091C,YGR033C,0,-8.847147,0.1213742047548294,0.9915966391563416,0.717815101146698
YJL165C,YMR216C,0,-8.847264,0.12134923785924911,0.9915966391563416,0.7179831862449646
YIL155C,YBR185C,0,-8.847796,0.12132428586483002,0.9915966391563416,0.7181512713432312
YGL004C,YOL020W,0,-8.848571,0.12129934132099152,0.9915966391563416,0.7183193564414978
YOL043C,YBR283C,0,-8.84889,0.12127441167831421,0.9915966391563416,0.7184873819351196
YCR028C,YDL195W,0,-8.849081,0.1212494894862175,0.9915966391563416,0.7186554670333862
YER142C,YGR258C,0,-8.849484,0.12122457474470139,0.9915966391563416,0.7188235521316528
YDL087C,YPR188C,0,-8.849683,0.12119967490434647,0.9915966391563416,0.7189915776252747
YKL005C,YJR140C,0,-8.850466,0.12117478251457214,0.9915966391563416,0.7191596627235413
YBR145W,YIL063C,0,-8.851538,0.12114989757537842,0.9915966391563416,0.7193277478218079
YCR009C,YMR203W,0,-8.851727,0.12112502753734589,0.9915966391563416,0.7194957733154297
YIL109C,YLR424W,0,-8.854018,0.12110016494989395,0.9915966391563416,0.7196638584136963
YPR001W,YDR191W,0,-8.854475,0.12107530981302261,0.9915966391563416,0.7198319435119629
YFL010W-A,YBR065C,0,-8.855937,0.12105046957731247,0.9915966391563416,0.7200000286102295
YJL214W,YHR161C,0,-8.855987,0.12102564424276352,0.9915966391563416,0.7201680541038513
YGL180W,YOR106W,0,-8.856328,0.12100081890821457,0.9915966391563416,0.7203361392021179
YCR028C,YDL225W,0,-8.85705,0.12097600847482681,0.9915966391563416,0.7205042243003845
YNL328C,YHR181W,0,-8.857377,0.12095121294260025,0.9915966391563416,0.7206722497940063
YOL156W,YPL258C,0,-8.857671,0.12092641741037369,0.9915966391563416,0.720840334892273
YDR273W,YLR007W,0,-8.85806,0.12090163677930832,0.9915966391563416,0.7210084199905396
YDR423C,YGR180C,0,-8.858358,0.12087687104940414,0.9915966391563416,0.7211764454841614
YKL139W,YLR090W,0,-8.860077,0.12085211277008057,0.9915966391563416,0.721344530582428
YPL110C,YOR123C,0,-8.860332,0.12082736194133759,0.9915966391563416,0.7215126156806946
YDR122W,YDR328C,0,-8.860558,0.1208026185631752,0.9915966391563416,0.7216807007789612
YJL021C,YFL017W-A,0,-8.861079,0.12077789008617401,0.9915966391563416,0.721848726272583
YML120C,YIL109C,0,-8.861093,0.12075316905975342,0.9915966391563416,0.7220168113708496
YDR075W,YIL063C,0,-8.862399,0.12072846293449402,0.9915966391563416,0.7221848964691162
YPR094W,YNL131W,0,-8.864003,0.12070376425981522,0.9915966391563416,0.722352921962738
YOR034C,YML097C,0,-8.866664,0.12067907303571701,0.9915966391563416,0.7225210070610046
YIL119C,YBR024W,0,-8.868357,0.12065439671278,0.9915966391563416,0.7226890921592712
YDR309C,YIL061C,0,-8.868878,0.12062972784042358,0.9915966391563416,0.7228571176528931
YIR033W,YGL172W,0,-8.869203,0.12060506641864777,0.9915966391563416,0.7230252027511597
YML103C,YIL063C,0,-8.86979,0.12058041989803314,0.9915966391563416,0.7231932878494263
YDR432W,YCL005W-A,0,-8.87299,0.12055578082799911,0.9915966391563416,0.7233613729476929
YAL043C,YIL061C,0,-8.873664,0.12053115665912628,0.9915966391563416,0.7235293984413147
YGR239C,YDL006W,0,-8.873826,0.12050653249025345,0.9915966391563416,0.7236974835395813
YBR008C,YPR086W,0,-8.874264,0.1204819306731224,0.9915966391563416,0.7238655686378479
YER003C,YCR042C,0,-8.8754,0.12045732885599136,0.9915966391563416,0.7240335941314697
YKL220C,YKL205W,0,-8.877064,0.12043274194002151,0.9915966391563416,0.7242016792297363
YER142C,YBR218C,0,-8.877537,0.12040816247463226,0.9915966391563416,0.7243697643280029
YLR205C,YPL242C,0,-8.877651,0.1203835979104042,0.9915966391563416,0.7245377898216248
YNL129W,YOL129W,0,-8.877877,0.12035904079675674,0.9915966391563416,0.7247058749198914
YML098W,YJL139C,0,-8.877975,0.12033449113368988,0.9915966391563416,0.724873960018158
YCR060W,YMR203W,0,-8.878547,0.12030994892120361,0.9915966391563416,0.7250420451164246
YGL151W,YBR050C,0,-8.8789015,0.12028542160987854,0.9915966391563416,0.7252100706100464
YAL044C,YGL016W,0,-8.879405,0.12026090174913406,0.9915966391563416,0.725378155708313
YPR138C,YAL032C,0,-8.879791,0.12023639678955078,0.9915966391563416,0.7255462408065796
YMR069W,YML049C,0,-8.880761,0.1202118992805481,0.9915966391563416,0.7257142663002014
YKL220C,YJR022W,0,-8.881635,0.12018740922212601,0.9915966391563416,0.725882351398468
YNL282W,YNL222W,1,-8.883989,0.12036659568548203,0.9932773113250732,0.725882351398468
YER070W,YPR181C,0,-8.886368,0.12034209072589874,0.9932773113250732,0.7260504364967346
YDR524C,YDR202C,0,-8.886598,0.12031759321689606,0.9932773113250732,0.7262184619903564
YDR423C,YLR335W,0,-8.8867445,0.12029310315847397,0.9932773113250732,0.726386547088623
YCR038C,YHR019C,0,-8.888176,0.12026862055063248,0.9932773113250732,0.7265546321868896
YFL029C,YBL093C,0,-8.888511,0.12024415284395218,0.9932773113250732,0.7267227172851562
YGL155W,YNL304W,0,-8.888886,0.12021969258785248,0.9932773113250732,0.7268907427787781
YPL060W,YDR195W,0,-8.889147,0.12019523978233337,0.9932773113250732,0.7270588278770447
YOR260W,YDR485C,0,-8.893125,0.12017080187797546,0.9932773113250732,0.7272269129753113
YIL109C,YOR064C,0,-8.893863,0.12014637142419815,0.9932773113250732,0.7273949384689331
YOR377W,YNL312W,0,-8.894676,0.12012194842100143,0.9932773113250732,0.7275630235671997
YDL029W,YER075C,0,-8.894911,0.12009754031896591,0.9932773113250732,0.7277311086654663
YGL180W,YPL258C,0,-8.895634,0.12007313966751099,0.9932773113250732,0.7278991341590881
YLR242C,YNL304W,0,-8.895738,0.12004875391721725,0.9932773113250732,0.7280672192573547
YPL202C,YBR295W,0,-8.897056,0.12002436816692352,0.9932773113250732,0.7282353043556213
YJR083C,YDL175C,0,-8.89717,0.11999999731779099,0.9932773113250732,0.7284033894538879
YAL054C,YOR386W,0,-8.897385,0.11997564136981964,0.9932773113250732,0.7285714149475098
YKR095W-A,YHR200W,0,-8.89877,0.1199512854218483,0.9932773113250732,0.7287395000457764
YNL053W,YIL030C,0,-8.898833,0.11992694437503815,0.9932773113250732,0.728907585144043
YEL060C,YML114C,0,-8.9006815,0.11990261822938919,0.9932773113250732,0.7290756106376648
YJR139C,YBL105C,0,-8.901162,0.11987829953432083,0.9932773113250732,0.7292436957359314
YGR202C,YOL020W,0,-8.901644,0.11985398828983307,0.9932773113250732,0.729411780834198
YGR218W,YLR263W,0,-8.901929,0.1198296844959259,0.9932773113250732,0.7295798063278198
YPR032W,YDR451C,0,-8.903189,0.11980539560317993,0.9932773113250732,0.7297478914260864
YER169W,YHR012W,0,-8.904426,0.11978111416101456,0.9932773113250732,0.729915976524353
YOL077W-A,YFL011W,0,-8.90785,0.11975684016942978,0.9932773113250732,0.7300840616226196
YJL006C,YHR016C,0,-8.907935,0.1197325736284256,0.9932773113250732,0.7302520871162415
YJL165C,YKR008W,0,-8.910429,0.11970832198858261,0.9932773113250732,0.7304201722145081
YPL202C,YMR091C,0,-8.911134,0.11968408524990082,0.9932773113250732,0.7305882573127747
YMR283C,YDL042C,0,-8.9125185,0.11965984851121902,0.9932773113250732,0.7307562828063965
YDL019C,YDR059C,0,-8.913109,0.11963562667369843,0.9932773113250732,0.7309243679046631
YDL008W,YGR249W,0,-8.9131975,0.11961141228675842,0.9932773113250732,0.7310924530029297
YER073W,YDR345C,0,-8.913323,0.11958721280097961,0.9932773113250732,0.7312604784965515
YML047C,YML073C,0,-8.915974,0.1195630207657814,0.9932773113250732,0.7314285635948181
YFL016C,YKL195W,0,-8.917389,0.11953883618116379,0.9932773113250732,0.7315966486930847
YMR069W,YJR045C,0,-8.918534,0.11951465904712677,0.9932773113250732,0.7317647337913513
YGR010W,YPL258C,0,-8.919801,0.11949049681425095,0.9932773113250732,0.7319327592849731
YDL006W,YFL036W,0,-8.922669,0.11946634203195572,0.9932773113250732,0.7321008443832397
YLL018C-A,YOR087W,0,-8.92275,0.11944220215082169,0.9932773113250732,0.7322689294815063
YOL126C,YJL145W,0,-8.922838,0.11941806226968765,0.9932773113250732,0.7324369549751282
YPL118W,YGL175C,0,-8.924203,0.11939393728971481,0.9932773113250732,0.7326050400733948
YNL014W,YBR073W,0,-8.92454,0.11936982721090317,0.9932773113250732,0.7327731251716614
YER044C,YNL014W,0,-8.924642,0.11934571713209152,0.9932773113250732,0.7329411506652832
YML023C,YOR179C,0,-8.927107,0.11932162195444107,0.9932773113250732,0.7331092357635498
YCR028C,YDL058W,0,-8.927859,0.11929753422737122,0.9932773113250732,0.7332773208618164
YJR086W,YGR181W,0,-8.928939,0.11927346140146255,0.9932773113250732,0.733445405960083
YJL034W,YBR275C,0,-8.929296,0.11924939602613449,0.9932773113250732,0.7336134314537048
YBR201W,YGR063C,0,-8.92947,0.11922533810138702,0.9932773113250732,0.7337815165519714
YDR481C,YDL140C,0,-8.930463,0.11920128762722015,0.9932773113250732,0.733949601650238
YOR349W,YPR154W,0,-8.932295,0.11917725205421448,0.9932773113250732,0.7341176271438599
YNL270C,YDR397C,0,-8.933747,0.1191532239317894,0.9932773113250732,0.7342857122421265
YPL059W,YNL030W,0,-8.935806,0.11912921071052551,0.9932773113250732,0.7344537973403931
YLR377C,YJR045C,0,-8.936067,0.11910519748926163,0.9932773113250732,0.7346218228340149
YLR219W,YHR023W,0,-8.936725,0.11908119916915894,0.9932773113250732,0.7347899079322815
YCL027W,YNL153C,0,-8.937033,0.11905720829963684,0.9932773113250732,0.7349579930305481
YNL148C,YHR187W,0,-8.937686,0.11903323233127594,0.9932773113250732,0.7351260781288147
YMR263W,YAL009W,0,-8.93867,0.11900926381349564,0.9932773113250732,0.7352941036224365
YNL230C,YCR060W,0,-8.938718,0.11898530274629593,0.9932773113250732,0.7354621887207031
YBR008C,YFL011W,0,-8.939674,0.11896134912967682,0.9932773113250732,0.7356302738189697
YOL045W,YKL056C,0,-8.940631,0.1189374104142189,0.9932773113250732,0.7357982993125916
YEL062W,YPL192C,0,-8.940879,0.11891347914934158,0.9932773113250732,0.7359663844108582
YOR144C,YHR150W,0,-8.9420185,0.11888956278562546,0.9932773113250732,0.7361344695091248
YBR008C,YLR335W,0,-8.94202,0.11886564642190933,0.9932773113250732,0.7363024950027466
YKL220C,YIL008W,0,-8.942318,0.1188417449593544,0.9932773113250732,0.7364705801010132
YGR262C,YML098W,0,-8.942929,0.11881785094738007,0.9932773113250732,0.7366386651992798
YOL133W,YLR135W,0,-8.944446,0.11879397183656693,0.9932773113250732,0.7368067502975464
YNL148C,YGL151W,0,-8.945796,0.11877010017633438,0.9932773113250732,0.7369747757911682
YMR201C,YDL170W,0,-8.946572,0.11874623596668243,0.9932773113250732,0.7371428608894348
YPL091W,YDL140C,0,-8.9486265,0.11872237920761108,0.9932773113250732,0.7373109459877014
YAL015C,YGL151W,0,-8.949254,0.11869853734970093,0.9932773113250732,0.7374789714813232
YOR249C,YJR131W,0,-8.952004,0.11867469549179077,0.9932773113250732,0.7376470565795898
YMR263W,YLR066W,0,-8.952069,0.1186508759856224,0.9932773113250732,0.7378151416778564
YCR107W,YLR127C,0,-8.952987,0.11862705647945404,0.9932773113250732,0.7379831671714783
YFL021W,YDR207C,0,-8.953028,0.11860325187444687,0.9932773113250732,0.7381512522697449
YKL016C,YGR059W,0,-8.953123,0.1185794547200203,0.9932773113250732,0.7383193373680115
YGL098W,YBR127C,0,-8.953376,0.11855566501617432,0.9932773113250732,0.7384874224662781
YFL010W-A,YBR275C,0,-8.953819,0.11853189021348953,0.9932773113250732,0.7386554479598999
YGR224W,YMR263W,0,-8.954645,0.11850812286138535,0.9932773113250732,0.7388235330581665
YBR073W,YNL154C,0,-8.957595,0.11848436295986176,0.9932773113250732,0.7389916181564331
YNL148C,YDL138W,0,-8.958157,0.11846061050891876,0.9932773113250732,0.7391596436500549
YHR175W,YKL173W,0,-8.960447,0.11843687295913696,0.9932773113250732,0.7393277287483215
YKL208W,YHR016C,0,-8.960981,0.11841314285993576,0.9932773113250732,0.7394958138465881
YFR013W,YFR005C,0,-8.961292,0.11838942021131516,0.9932773113250732,0.73966383934021
YCR044C,YDR180W,0,-8.961464,0.11836571246385574,0.9932773113250732,0.7398319244384766
YOR079C,YCR053W,0,-8.96189,0.11834201216697693,0.9932773113250732,0.7400000095367432
YGR249W,YBR186W,0,-8.961976,0.11831831932067871,0.9932773113250732,0.7401680946350098
YDR301W,YIL061C,0,-8.963317,0.11829463392496109,0.9932773113250732,0.7403361201286316
YOR031W,YLR048W,0,-8.964259,0.11827096343040466,0.9932773113250732,0.7405042052268982
YJR083C,YDR273W,0,-8.964437,0.11824730038642883,0.9932773113250732,0.7406722903251648
YHR150W,YNR023W,0,-8.964473,0.1182236447930336,0.9932773113250732,0.7408403158187866
YNL281W,YLR116W,0,-8.965064,0.11819999665021896,0.9932773113250732,0.7410084009170532
YJR139C,YIR018W,0,-8.96548,0.11817636340856552,0.9932773113250732,0.7411764860153198
YLR215C,YHR006W,0,-8.966028,0.11815273761749268,0.9932773113250732,0.7413445115089417
YMR224C,YDL019C,0,-8.967067,0.11812911927700043,0.9932773113250732,0.7415125966072083
YNL220W,YMR214W,0,-8.967387,0.11810551583766937,0.9932773113250732,0.7416806817054749
YPR072W,YFR029W,0,-8.967709,0.11808191984891891,0.9932773113250732,0.7418487668037415
YPL242C,YIR005W,0,-8.9678755,0.11805833131074905,0.9932773113250732,0.7420167922973633
YOR123C,YNL131W,0,-8.968426,0.11803475022315979,0.9932773113250732,0.7421848773956299
YJL165C,YPL268W,0,-8.9691305,0.11801118403673172,0.9932773113250732,0.7423529624938965
YNL008C,YPR083W,0,-8.969147,0.11798762530088425,0.9932773113250732,0.7425209879875183
YPR154W,YDL098C,0,-8.971498,0.11796407401561737,0.9932773113250732,0.7426890730857849
YMR041C,YDR046C,0,-8.972527,0.11794053018093109,0.9932773113250732,0.7428571581840515
YBR185C,YJL139C,0,-8.972884,0.117917001247406,0.9932773113250732,0.7430251836776733
YJL008C,YHR041C,0,-8.976122,0.11789347976446152,0.9932773113250732,0.7431932687759399
YOR160W,YDL006W,0,-8.976234,0.11786996573209763,0.9932773113250732,0.7433613538742065
YKR055W,YJL052W,0,-8.976882,0.11784645915031433,0.9932773113250732,0.7435294389724731
YLR127C,YIL008W,0,-8.976929,0.11782296746969223,0.9932773113250732,0.743697464466095
YPR165W,YDR310C,0,-8.978318,0.11779948323965073,0.9932773113250732,0.7438655495643616
YFL011W,YHR124W,0,-8.9793005,0.11777600646018982,0.9932773113250732,0.7440336346626282
YBL061C,YJL048C,0,-8.979729,0.11775253713130951,0.9932773113250732,0.74420166015625
YNR075W,YBR010W,0,-8.983039,0.1177290827035904,0.9932773113250732,0.7443697452545166
YOR241W,YFR034C,0,-8.983261,0.11770563572645187,0.9932773113250732,0.7445378303527832
YDR214W,YAL015C,0,-8.983705,0.11768219619989395,0.9932773113250732,0.744705855846405
YGR088W,YAL009W,0,-8.985242,0.11765877157449722,0.9932773113250732,0.7448739409446716
YOL164W,YGL004C,0,-8.985484,0.1176353469491005,0.9932773113250732,0.7450420260429382
YGR202C,YPL026C,0,-8.987821,0.11761193722486496,0.9932773113250732,0.7452101111412048
YLR417W,YMR089C,0,-8.988007,0.11758854240179062,0.9932773113250732,0.7453781366348267
YML032C,YKL095W,0,-8.98917,0.11756514757871628,0.9932773113250732,0.7455462217330933
YBL033C,YML049C,0,-8.989614,0.11754176765680313,0.9932773113250732,0.7457143068313599
YDR320C-A,YNR026C,0,-8.990922,0.11751839518547058,0.9932773113250732,0.7458823323249817
YKL101W,YMR047C,0,-8.991041,0.11749503016471863,0.9932773113250732,0.7460504174232483
YMR139W,YIL061C,0,-8.99313,0.11747167259454727,0.9932773113250732,0.7462185025215149
YCL016C,YBR275C,0,-8.994509,0.11744832992553711,0.9932773113250732,0.7463865280151367
YMR073C,YOR099W,0,-8.994996,0.11742499470710754,0.9932773113250732,0.7465546131134033
YCR028C,YJL052W,0,-8.996112,0.11740166693925858,0.9932773113250732,0.7467226982116699
YGR155W,YDR386W,0,-8.999798,0.1173783540725708,0.9932773113250732,0.7468907833099365
YFR031C,YPL033C,0,-9.0042715,0.11735504120588303,0.9932773113250732,0.7470588088035583
YIL129C,YLR090W,0,-9.0043,0.11733174324035645,0.9932773113250732,0.747226893901825
YFR013W,YOL043C,0,-9.004752,0.11730845272541046,0.9932773113250732,0.7473949790000916
YDL126C,YNR023W,0,-9.005163,0.11728517711162567,0.9932773113250732,0.7475630044937134
YLR304C,YGR014W,0,-9.0056715,0.11726190149784088,0.9932773113250732,0.74773108959198
YMR138W,YLR248W,0,-9.010348,0.11723864078521729,0.9932773113250732,0.7478991746902466
YBR185C,YBR105C,0,-9.010395,0.11721538752317429,0.9932773113250732,0.7480672001838684
YCR048W,YBR258C,0,-9.010795,0.11719214916229248,0.9932773113250732,0.748235285282135
YMR150C,YOR344C,0,-9.01221,0.11716891080141068,0.9932773113250732,0.7484033703804016
YFL057C,YNL274C,0,-9.012717,0.11714568734169006,0.9932773113250732,0.7485714554786682
YKL011C,YLR193C,0,-9.013585,0.11712247133255005,0.9932773113250732,0.74873948097229
YML008C,YLR240W,0,-9.019564,0.11709927022457123,0.9932773113250732,0.7489075660705566
YNL129W,YGR248W,0,-9.0203495,0.11707606911659241,0.9932773113250732,0.7490756511688232
YKR095W,YJL052W,0,-9.021596,0.11705288290977478,0.9932773113250732,0.7492436766624451
YHR124W,YLR026C,0,-9.022094,0.11702970415353775,0.9932773113250732,0.7494117617607117
YIR033W,YBR183W,0,-9.022701,0.11700653284788132,0.9932773113250732,0.7495798468589783
YBR059C,YJR022W,0,-9.023236,0.11698337644338608,0.9932773113250732,0.7497478723526001
YPR082C,YDL200C,0,-9.024316,0.11696022003889084,0.9932773113250732,0.7499159574508667
YCL055W,YFR031C,0,-9.02484,0.1169370785355568,0.9932773113250732,0.7500840425491333
YPL242C,YBR185C,0,-9.025734,0.11691394448280334,0.9932773113250732,0.7502521276473999
YMR224C,YFL008W,0,-9.027704,0.11689082533121109,0.9932773113250732,0.7504201531410217
YOR039W,YFL048C,0,-9.027992,0.11686770617961884,0.9932773113250732,0.7505882382392883
YPR083W,YHR160C,0,-9.028556,0.11684460192918777,0.9932773113250732,0.7507563233375549
YLL026W,YDL225W,0,-9.028575,0.11682150512933731,0.9932773113250732,0.7509243488311768
YPR138C,YJL208C,0,-9.029108,0.11679841578006744,0.9932773113250732,0.7510924339294434
YAL043C,YMR089C,0,-9.031323,0.11677534133195877,0.9932773113250732,0.75126051902771
YJR092W,YPL208W,0,-9.032778,0.1167522743344307,0.9932773113250732,0.7514285445213318
YER044C,YIR018W,0,-9.034247,0.11672921478748322,0.9932773113250732,0.7515966296195984
YLR263W,YCR061W,0,-9.034881,0.11670616269111633,0.9932773113250732,0.751764714717865
YKL085W,YOL039W,0,-9.034952,0.11668311804533005,0.9932773113250732,0.7519327998161316
YBR068C,YNL009W,0,-9.03608,0.11666008830070496,0.9932773113250732,0.7521008253097534
YER035W,YFR029W,0,-9.036361,0.11663706600666046,0.9932773113250732,0.75226891040802
YMR263W,YDR453C,0,-9.038411,0.11661405116319656,0.9932773113250732,0.7524369955062866
YPL248C,YOL129W,0,-9.038509,0.11659104377031326,0.9932773113250732,0.7526050209999084
YGR218W,YOL013C,0,-9.040398,0.11656804382801056,0.9932773113250732,0.752773106098175
YHR006W,YMR005W,0,-9.040411,0.11654505878686905,0.9932773113250732,0.7529411911964417
YER044C,YGR222W,0,-9.041114,0.11652208119630814,0.9932773113250732,0.7531092166900635
YIL129C,YJR110W,0,-9.041115,0.11649911105632782,0.9932773113250732,0.7532773017883301
YPR155C,YHR073W,0,-9.041507,0.1164761558175087,0.9932773113250732,0.7534453868865967
YFL011W,YNL304W,0,-9.041948,0.11645320057868958,0.9932773113250732,0.7536134719848633
YCL055W,YKL079W,0,-9.042008,0.11643026024103165,0.9932773113250732,0.7537814974784851
YCL014W,YBR037C,0,-9.044376,0.11640732735395432,0.9932773113250732,0.7539495825767517
YKL191W,YJL026W,0,-9.044753,0.11638440191745758,0.9932773113250732,0.7541176676750183
YJL065C,YDR425W,0,-9.045071,0.11636149138212204,0.9932773113250732,0.7542856931686401
YJL006C,YOL105C,0,-9.046342,0.1163385808467865,0.9932773113250732,0.7544537782669067
YCL043C,YKL034W,0,-9.047408,0.11631568521261215,0.9932773113250732,0.7546218633651733
YKR002W,YBL050W,0,-9.050059,0.1162927970290184,0.9932773113250732,0.7547898888587952
YDL087C,YDR055W,0,-9.050444,0.11626991629600525,0.9932773113250732,0.7549579739570618
YDR174W,YGL004C,0,-9.051132,0.11624705046415329,0.9932773113250732,0.7551260590553284
YOL077W-A,YCL032W,0,-9.0556,0.11622419208288193,0.9932773113250732,0.755294144153595
YNL262W,YOR217W,0,-9.057653,0.11620133370161057,0.9932773113250732,0.7554621696472168
YOL063C,YFL036W,0,-9.058014,0.116178497672081,0.9932773113250732,0.7556302547454834
YNL311C,YKL056C,0,-9.059001,0.11615566164255142,0.9932773113250732,0.75579833984375
YJL207C,YMR104C,0,-9.059388,0.11613283306360245,0.9932773113250732,0.7559663653373718
YBR258C,YFL017W-A,0,-9.0595,0.11611001938581467,0.9932773113250732,0.7561344504356384
YDR081C,YAL032C,0,-9.060075,0.11608721315860748,0.9932773113250732,0.756302535533905
YPR020W,YIL119C,0,-9.060343,0.1160644143819809,0.9932773113250732,0.7564705610275269
YJR102C,YMR104C,0,-9.064828,0.1160416230559349,0.9932773113250732,0.7566386461257935
YOL105C,YOR087W,0,-9.065057,0.11601884663105011,0.9932773113250732,0.7568067312240601
YPL021W,YBR002C,0,-9.066074,0.11599607765674591,0.9932773113250732,0.7569748163223267
YDR214W,YMR026C,0,-9.066736,0.11597330868244171,0.9932773113250732,0.7571428418159485
YLR010C,YKL088W,0,-9.066737,0.1159505620598793,0.9932773113250732,0.7573109269142151
YPL021W,YFL036W,0,-9.067569,0.1159278154373169,0.9932773113250732,0.7574790120124817
YML129C,YJL129C,0,-9.068194,0.11590507626533508,0.9932773113250732,0.7576470375061035
YLR007W,YIR018W,0,-9.069922,0.11588235199451447,0.9932773113250732,0.7578151226043701
YFL008W,YIL022W,0,-9.072055,0.11585963517427444,0.9932773113250732,0.7579832077026367
YPR025C,YIR005W,0,-9.072203,0.11583692580461502,0.9932773113250732,0.7581512331962585
YHR175W,YCR061W,0,-9.073158,0.1158142238855362,0.9932773113250732,0.7583193182945251
YDR337W,YBL050W,0,-9.075493,0.11579153686761856,0.9932773113250732,0.7584874033927917
YKL005C,YBR275C,0,-9.076746,0.11576885730028152,0.9932773113250732,0.7586554884910583
YIR005W,YKR038C,0,-9.079003,0.11574617773294449,0.9932773113250732,0.7588235139846802
YCR048W,YDR515W,0,-9.079528,0.11572351306676865,0.9932773113250732,0.7589915990829468
YKL018W,YOR172W,0,-9.081091,0.115700863301754,0.9932773113250732,0.7591596841812134
YGL006W,YDR325W,0,-9.081905,0.11567821353673935,0.9932773113250732,0.7593277096748352
YAL044C,YJR131W,0,-9.082284,0.1156555786728859,0.9932773113250732,0.7594957947731018
YDL181W,YGL035C,0,-9.084178,0.11563295125961304,0.9932773113250732,0.7596638798713684
YCR048W,YEL051W,0,-9.085111,0.11561033129692078,0.9932773113250732,0.7598319053649902
YDR214W,YDR363W-A,0,-9.085257,0.11558771878480911,0.9932773113250732,0.7599999904632568
YLL015W,YPL018W,0,-9.085649,0.11556511372327805,0.9932773113250732,0.7601680755615234
YBL098W,YDR335W,0,-9.088803,0.11554252356290817,0.9932773113250732,0.76033616065979
YLR332W,YDR081C,0,-9.088934,0.1155199408531189,0.9932773113250732,0.7605041861534119
YDL029W,YLR381W,0,-9.092956,0.11549735814332962,0.9932773113250732,0.7606722712516785
YGR088W,YMR089C,0,-9.095466,0.11547479778528214,0.9932773113250732,0.7608403563499451
YOL156W,YJR074W,0,-9.095547,0.11545223742723465,0.9932773113250732,0.7610083818435669
YMR203W,YIL063C,0,-9.099259,0.11542968451976776,0.9932773113250732,0.7611764669418335
YFL041W,YDL195W,0,-9.10011,0.11540714651346207,0.9932773113250732,0.7613445520401001
YLR127C,YMR012W,0,-9.100427,0.11538461595773697,0.9932773113250732,0.7615125775337219
YNL281W,YMR021C,0,-9.101066,0.11536209285259247,0.9932773113250732,0.7616806626319885
YMR073C,YPL253C,0,-9.10146,0.11533957719802856,0.9932773113250732,0.7618487477302551
YBR107C,YGR239C,0,-9.105928,0.11531707644462585,0.9932773113250732,0.7620168328285217
YNL008C,YDL042C,0,-9.106038,0.11529457569122314,0.9932773113250732,0.7621848583221436
YOR144C,YDL058W,0,-9.1083355,0.11527208983898163,0.9932773113250732,0.7623529434204102
YDR345C,YPR036W,0,-9.109413,0.11524961143732071,0.9932773113250732,0.7625210285186768
YGL178W,YDR202C,0,-9.110638,0.11522714048624039,0.9932773113250732,0.7626890540122986
YBR231C,YOR087W,0,-9.111139,0.11520467698574066,0.9932773113250732,0.7628571391105652
YBR132C,YBR185C,0,-9.111587,0.11518222838640213,0.9932773113250732,0.7630252242088318
YHR171W,YOR064C,0,-9.111821,0.1151597797870636,0.9932773113250732,0.7631932497024536
YKL005C,YHR019C,0,-9.112466,0.11513734608888626,0.9932773113250732,0.7633613348007202
YAR033W,YOR217W,0,-9.112674,0.11511491984128952,0.9932773113250732,0.7635294198989868
YAL044C,YGL073W,0,-9.113209,0.11509250104427338,0.9932773113250732,0.7636975049972534
YBR059C,YLR262C,0,-9.113359,0.11507009714841843,0.9932773113250732,0.7638655304908752
YLR127C,YLR259C,0,-9.122003,0.11504769325256348,0.9932773113250732,0.7640336155891418
YPL101W,YOR322C,0,-9.122729,0.11502530425786972,0.9932773113250732,0.7642017006874084
YGR262C,YLR219W,0,-9.123155,0.11500291526317596,0.9932773113250732,0.7643697261810303
YML120C,YBR129C,0,-9.125076,0.1149805411696434,0.9932773113250732,0.7645378112792969
YBL009W,YKL208W,0,-9.125857,0.11495818197727203,0.9932773113250732,0.7647058963775635
YFL057C,YML092C,0,-9.127293,0.11493582278490067,0.9932773113250732,0.7648739218711853
YFL025C,YMR183C,0,-9.127851,0.1149134710431099,0.9932773113250732,0.7650420069694519
YIL034C,YGL172W,0,-9.128007,0.11489113420248032,0.9932773113250732,0.7652100920677185
YPR025C,YLR090W,0,-9.128924,0.11486880481243134,0.9932773113250732,0.7653781771659851
YHR181W,YMR106C,0,-9.133602,0.11484648287296295,0.9932773113250732,0.7655462026596069
YBL105C,YDR276C,0,-9.134789,0.11482416838407516,0.9932773113250732,0.7657142877578735
YNR002C,YPL110C,0,-9.13595,0.11480186134576797,0.9932773113250732,0.7658823728561401
YFR013W,YPR072W,0,-9.136407,0.11477956920862198,0.9932773113250732,0.766050398349762
YNL312W,YOL113W,0,-9.138986,0.11475728452205658,0.9932773113250732,0.7662184834480286
YML129C,YGR186W,0,-9.14036,0.11473499983549118,0.9932773113250732,0.7663865685462952
YKL160W,YHR006W,0,-9.142791,0.11471273005008698,0.9932773113250732,0.766554594039917
YBR077C,YJL129C,0,-9.142914,0.11469047516584396,0.9932773113250732,0.7667226791381836
YDL232W,YGR033C,0,-9.144347,0.11466822028160095,0.9932773113250732,0.7668907642364502
YPR057W,YLR011W,0,-9.144577,0.11464597284793854,0.9932773113250732,0.7670588493347168
YCR044C,YDR055W,0,-9.146473,0.11462374031543732,0.9932773113250732,0.7672268748283386
YKL139W,YDL098C,0,-9.149242,0.1146015152335167,0.9932773113250732,0.7673949599266052
YDL087C,YIR041W,0,-9.149334,0.11457929760217667,0.9932773113250732,0.7675630450248718
YCR107W,YML129C,0,-9.151834,0.11455708742141724,0.9932773113250732,0.7677310705184937
YNR075W,YHR061C,0,-9.153029,0.1145348846912384,0.9932773113250732,0.7678991556167603
YHR187W,YJL026W,0,-9.154622,0.11451268941164017,0.9932773113250732,0.7680672407150269
YOL130W,YDR423C,0,-9.155779,0.11449050903320312,0.9932773113250732,0.7682352662086487
YNL210W,YCL032W,0,-9.156434,0.11446832865476608,0.9932773113250732,0.7684033513069153
YJL145W,YLR424W,0,-9.158813,0.11444616317749023,0.9932773113250732,0.7685714364051819
YBR073W,YOL039W,0,-9.161098,0.11442400515079498,0.9932773113250732,0.7687395215034485
YJL008C,YGR284C,0,-9.161974,0.11440186202526093,0.9932773113250732,0.7689075469970703
YHR171W,YLR329W,0,-9.16257,0.11437971889972687,0.9932773113250732,0.7690756320953369
YBR068C,YBL058W,0,-9.162695,0.11435758322477341,0.9932773113250732,0.7692437171936035
YLL019C,YPL026C,0,-9.1635685,0.11433546245098114,0.9932773113250732,0.7694117426872253
YMR052W,YDR359C,0,-9.164077,0.11431334912776947,0.9932773113250732,0.7695798277854919
YOL156W,YBR258C,0,-9.166293,0.1142912432551384,0.9932773113250732,0.7697479128837585
YDL225W,YCR083W,0,-9.167333,0.11426914483308792,0.9932773113250732,0.7699159383773804
YHR175W,YCL027W,0,-9.169265,0.11424705386161804,0.9932773113250732,0.770084023475647
YGR224W,YDL045C,0,-9.170019,0.11422497034072876,0.9932773113250732,0.7702521085739136
YDL140C,YDL080C,0,-9.173055,0.11420290172100067,0.9932773113250732,0.7704201936721802
YJL128C,YPR036W,0,-9.174746,0.11418083310127258,0.9932773113250732,0.770588219165802
YPL010W,YLR268W,0,-9.175594,0.11415877938270569,0.9932773113250732,0.7707563042640686
YKL093W,YDR289C,0,-9.176265,0.11413673311471939,0.9932773113250732,0.7709243893623352
YBR065C,YPL060W,0,-9.176271,0.11411469429731369,0.9932773113250732,0.771092414855957
YAL054C,YJL072C,0,-9.177868,0.11409266293048859,0.9932773113250732,0.7712604999542236
YPR065W,YHR161C,0,-9.178062,0.11407063901424408,0.9932773113250732,0.7714285850524902
YGL124C,YDR180W,0,-9.180356,0.11404862999916077,0.9932773113250732,0.7715966105461121
YHL040C,YPR182W,0,-9.181446,0.11402662843465805,0.9932773113250732,0.7717646956443787
YFL025C,YGR211W,0,-9.181997,0.11400462687015533,0.9932773113250732,0.7719327807426453
YNL270C,YIL061C,0,-9.182415,0.11398264020681381,0.9932773113250732,0.7721008658409119
YLR059C,YLR277C,0,-9.183008,0.11396066099405289,0.9932773113250732,0.7722688913345337
YPR086W,YJR110W,0,-9.183833,0.11393868923187256,0.9932773113250732,0.7724369764328003
YJR074W,YGL122C,0,-9.184646,0.11391673237085342,0.9932773113250732,0.7726050615310669
YDR116C,YGL172W,0,-9.186,0.11389477550983429,0.9932773113250732,0.7727730870246887
YOR330C,YOL117W,0,-9.18649,0.11387283354997635,0.9932773113250732,0.7729411721229553
YIL002C,YPR165W,0,-9.190093,0.113850899040699,0.9932773113250732,0.7731092572212219
YGL053W,YML098W,0,-9.190188,0.11382896453142166,0.9932773113250732,0.7732772827148438
YJL026W,YML049C,0,-9.196452,0.11380704492330551,0.9932773113250732,0.7734453678131104
YKL165C,YJL048C,0,-9.197227,0.11378514021635056,0.9932773113250732,0.773613452911377
YLR215C,YKR055W,0,-9.198239,0.1137632355093956,0.9932773113250732,0.7737815380096436
YKL220C,YPR155C,0,-9.198421,0.11374133825302124,0.9932773113250732,0.7739495635032654
YDR320C-A,YPL151C,0,-9.200183,0.11371945589780807,0.9932773113250732,0.774117648601532
YAL007C,YPR181C,0,-9.200995,0.11369757354259491,0.9932773113250732,0.7742857336997986
YJL214W,YIL117C,0,-9.20108,0.11367570608854294,0.9932773113250732,0.7744537591934204
YFR029W,YOR346W,0,-9.204372,0.11365384608507156,0.9932773113250732,0.774621844291687
YFL048C,YHR023W,0,-9.204962,0.11363199353218079,0.9932773113250732,0.7747899293899536
YPR134W,YOL117W,0,-9.206442,0.1136101484298706,0.9932773113250732,0.7749579548835754
YBR186W,YIL084C,0,-9.206473,0.11358831077814102,0.9932773113250732,0.775126039981842
YLR381W,YCR028C,0,-9.207258,0.11356648802757263,0.9932773113250732,0.7752941250801086
YMR073C,YCR053W,0,-9.208252,0.11354466527700424,0.9932773113250732,0.7754622101783752
YOR005C,YDR289C,0,-9.209725,0.11352285742759705,0.9932773113250732,0.7756302356719971
YOL077W-A,YMR138W,0,-9.210463,0.11350105702877045,0.9932773113250732,0.7757983207702637
YNL084C,YOR171C,0,-9.212998,0.11347926408052444,0.9932773113250732,0.7759664058685303
YJL006C,YJL203W,0,-9.2131,0.11345747858285904,0.9932773113250732,0.7761344313621521
YGL003C,YPL208W,0,-9.213253,0.11343570053577423,0.9932773113250732,0.7763025164604187
YER106W,YPL106C,0,-9.214274,0.11341392993927002,0.9932773113250732,0.7764706015586853
YLR319C,YDL142C,0,-9.214343,0.113392174243927,0.9932773113250732,0.7766386270523071
YGL190C,YMR283C,0,-9.215993,0.11337041854858398,0.9932773113250732,0.7768067121505737
YML012W,YMR047C,0,-9.2169485,0.11334867775440216,0.9932773113250732,0.7769747972488403
YOR005C,YIL063C,0,-9.21749,0.11332694441080093,0.9932773113250732,0.7771428823471069
YDL029W,YBL032W,0,-9.2183275,0.11330521106719971,0.9932773113250732,0.7773109078407288
YOR034C,YEL041W,0,-9.2198,0.11328349262475967,0.9932773113250732,0.7774789929389954
YCR044C,YDR165W,0,-9.221297,0.11326178908348083,0.9932773113250732,0.777647078037262
YDL197C,YDR515W,0,-9.221869,0.113240085542202,0.9932773113250732,0.7778151035308838
YBR211C,YDL042C,0,-9.222215,0.11321838945150375,0.9932773113250732,0.7779831886291504
YHR171W,YPR155C,0,-9.223534,0.1131967082619667,0.9932773113250732,0.778151273727417
YJL203W,YIL061C,0,-9.224946,0.11317502707242966,0.9932773113250732,0.7783192992210388
YLR133W,YHR187W,0,-9.225925,0.1131533607840538,0.9932773113250732,0.7784873843193054
YDR098C,YHR194W,0,-9.226161,0.11313170194625854,0.9932773113250732,0.778655469417572
YIL106W,YJR110W,0,-9.226737,0.11311005055904388,0.9932773113250732,0.7788235545158386
YLR394W,YPR018W,0,-9.229702,0.11308840662240982,0.9932773113250732,0.7789915800094604
YMR072W,YFR003C,0,-9.234832,0.11306677013635635,0.9932773113250732,0.779159665107727
YBR231C,YGR129W,0,-9.2378235,0.11304514110088348,0.9932773113250732,0.7793277502059937
YPL224C,YKR008W,0,-9.239108,0.11302351951599121,0.9932773113250732,0.7794957756996155
YDL143W,YJL065C,0,-9.240378,0.11300191283226013,0.9932773113250732,0.7796638607978821
YFL011W,YGL143C,0,-9.240687,0.11298030614852905,0.9932773113250732,0.7798319458961487
YML120C,YMR106C,0,-9.240762,0.11295871436595917,0.9932773113250732,0.7799999713897705
YIL159W,YLR011W,0,-9.24268,0.11293713003396988,0.9932773113250732,0.7801680564880371
YLL061W,YGL143C,0,-9.242826,0.11291555315256119,0.9932773113250732,0.7803361415863037
YGL226C-A,YDR425W,0,-9.245359,0.1128939837217331,0.9932773113250732,0.7805042266845703
YPL018W,YML114C,0,-9.246249,0.1128724217414856,0.9932773113250732,0.7806722521781921
YER068W,YBR077C,0,-9.246787,0.1128508672118187,0.9932773113250732,0.7808403372764587
YGR239C,YOR172W,0,-9.247445,0.11282932758331299,0.9932773113250732,0.7810084223747253
YGL084C,YJL133W,0,-9.247603,0.11280778795480728,0.9932773113250732,0.7811764478683472
YDR205W,YEL062W,0,-9.248665,0.11278626322746277,0.9932773113250732,0.7813445329666138
YHR116W,YNL118C,0,-9.250345,0.11276473850011826,0.9932773113250732,0.7815126180648804
YLR259C,YNL044W,0,-9.250948,0.11274322867393494,0.9932773113250732,0.7816806435585022
YNL039W,YDR372C,0,-9.251123,0.11272172629833221,0.9932773113250732,0.7818487286567688
YBL080C,YDL128W,0,-9.251653,0.11270023137331009,0.9932773113250732,0.7820168137550354
YNL262W,YCR042C,0,-9.252432,0.11267874389886856,0.9932773113250732,0.782184898853302
YHL036W,YGR181W,0,-9.255681,0.11265726387500763,0.9932773113250732,0.7823529243469238
YMR076C,YBR087W,0,-9.256216,0.1126357913017273,0.9932773113250732,0.7825210094451904
YIL036W,YLR259C,0,-9.257282,0.11261432617902756,0.9932773113250732,0.782689094543457
YKL016C,YOL126C,0,-9.258685,0.11259287595748901,0.9932773113250732,0.7828571200370789
YBR211C,YLR242C,0,-9.258761,0.11257142573595047,0.9932773113250732,0.7830252051353455
YOR037W,YPR165W,0,-9.260568,0.11254999041557312,0.9932773113250732,0.7831932902336121
YDL181W,YIL008W,0,-9.261545,0.11252856254577637,0.9932773113250732,0.7833613157272339
YDL154W,YDL140C,0,-9.262318,0.11250714212656021,0.9932773113250732,0.7835294008255005
YGR132C,YGL011C,0,-9.262841,0.11248572170734406,0.9932773113250732,0.7836974859237671
YOR099W,YER008C,0,-9.264587,0.11246431618928909,0.9932773113250732,0.7838655710220337
YHR167W,YBR273C,0,-9.265502,0.11244292557239532,0.9932773113250732,0.7840335965156555
YPR083W,YMR216C,0,-9.26642,0.11242153495550156,0.9932773113250732,0.7842016816139221
YDR273W,YMR284W,0,-9.266721,0.11240015178918839,0.9932773113250732,0.7843697667121887
YFL017W-A,YDR207C,0,-9.2668085,0.11237877607345581,0.9932773113250732,0.7845377922058105
YGR258C,YIL030C,0,-9.266866,0.11235741525888443,0.9932773113250732,0.7847058773040771
YLR219W,YPR036W,0,-9.267749,0.11233605444431305,0.9932773113250732,0.7848739624023438
YMR150C,YGR054W,0,-9.26798,0.11231470853090286,0.9932773113250732,0.7850419878959656
YIL034C,YOL108C,0,-9.272389,0.11229337006807327,0.9932773113250732,0.7852100729942322
YNL009W,YFR034C,0,-9.276938,0.11227203905582428,0.9932773113250732,0.7853781580924988
YMR052W,YPL151C,0,-9.277343,0.11225071549415588,0.9932773113250732,0.7855462431907654
YGR132C,YBR258C,0,-9.280397,0.11222939938306808,0.9932773113250732,0.7857142686843872
YGL068W,YBL093C,0,-9.280474,0.11220809072256088,0.9932773113250732,0.7858823537826538
YLR215C,YLR381W,0,-9.280693,0.11218678951263428,0.9932773113250732,0.7860504388809204
YJR017C,YNR006W,0,-9.280909,0.11216549575328827,0.9932773113250732,0.7862184643745422
YPL118W,YEL037C,0,-9.281122,0.11214420944452286,0.9932773113250732,0.7863865494728088
YLR081W,YGR222W,0,-9.282926,0.11212293803691864,0.9932773113250732,0.7865546345710754
YPR032W,YMR284W,0,-9.28449,0.11210166662931442,0.9932773113250732,0.7867226600646973
YBR177C,YKL025C,0,-9.284763,0.1120804101228714,0.9932773113250732,0.7868907451629639
YOL063C,YNL129W,0,-9.285018,0.11205916106700897,0.9932773113250732,0.7870588302612305
YIL119C,YGR059W,0,-9.28518,0.11203791201114655,0.9932773113250732,0.7872269153594971
YKR008W,YOR344C,0,-9.2866,0.11201667785644531,0.9932773113250732,0.7873949408531189
YNR023W,YJR102C,0,-9.287801,0.11199545115232468,0.9932773113250732,0.7875630259513855
YMR225C,YGR010W,0,-9.292727,0.11197423189878464,0.9932773113250732,0.7877311110496521
YGR003W,YEL027W,0,-9.295247,0.1119530200958252,0.9932773113250732,0.7878991365432739
YDR208W,YHR023W,0,-9.297801,0.11193181574344635,0.9932773113250732,0.7880672216415405
YFL057C,YPL258C,0,-9.298691,0.1119106262922287,0.9932773113250732,0.7882353067398071
YJL165C,YDR122W,0,-9.299783,0.11188943684101105,0.9932773113250732,0.788403332233429
YMR091C,YKL079W,0,-9.301194,0.11186825484037399,0.9932773113250732,0.7885714173316956
YDR013W,YBR050C,0,-9.301335,0.11184708774089813,0.9932773113250732,0.7887395024299622
YBR185C,YBR162C,0,-9.302763,0.11182592064142227,0.9932773113250732,0.7889075875282288
YHR039C,YJL145W,0,-9.303321,0.1118047684431076,0.9932773113250732,0.7890756130218506
YCL016C,YDL232W,0,-9.304944,0.11178362369537354,0.9932773113250732,0.7892436981201172
YJL090C,YER005W,0,-9.306701,0.11176247894763947,0.9932773113250732,0.7894117832183838
YOL038W,YOR179C,0,-9.309047,0.11174134910106659,0.9932773113250732,0.7895798087120056
YNL164C,YPL060W,0,-9.3095,0.11172022670507431,0.9932773113250732,0.7897478938102722
YOL038W,YFL004W,0,-9.311133,0.11169911175966263,0.9932773113250732,0.7899159789085388
YNL136W,YBR087W,0,-9.312117,0.11167800426483154,0.9932773113250732,0.7900840044021606
YKL220C,YDL217C,0,-9.313153,0.11165690422058105,0.9932773113250732,0.7902520895004272
YGL155W,YJL154C,0,-9.314555,0.11163581162691116,0.9932773113250732,0.7904201745986938
YDL225W,YML098W,0,-9.314862,0.11161473393440247,0.9932773113250732,0.7905882596969604
YPR155C,YHR200W,0,-9.315607,0.11159365624189377,0.9932773113250732,0.7907562851905823
YBR049C,YCR060W,0,-9.316218,0.11157258599996567,0.9932773113250732,0.7909243702888489
YPR065W,YBR258C,0,-9.318497,0.11155153065919876,0.9932773113250732,0.7910924553871155
YCR038C,YGR155W,0,-9.31908,0.11153047531843185,0.9932773113250732,0.7912604808807373
YKL160W,YOL122C,0,-9.319431,0.11150943487882614,0.9932773113250732,0.7914285659790039
YER179W,YGR129W,0,-9.319528,0.11148840188980103,0.9932773113250732,0.7915966510772705
YPL208W,YMR005W,0,-9.320056,0.11146736890077591,0.9932773113250732,0.7917646765708923
YDR298C,YOR386W,0,-9.322984,0.11144635081291199,0.9932773113250732,0.7919327616691589
YKL055C,YDL098C,0,-9.323195,0.11142534017562866,0.9932773113250732,0.7921008467674255
YOL009C,YBR258C,0,-9.323336,0.11140433698892593,0.9932773113250732,0.7922689318656921
YLR011W,YBL050W,0,-9.3236885,0.1113833412528038,0.9932773113250732,0.792436957359314
YNR010W,YLR277C,0,-9.325133,0.11136235296726227,0.9932773113250732,0.7926050424575806
YBR089C-A,YBR275C,0,-9.325386,0.11134137213230133,0.9932773113250732,0.7927731275558472
YNL148C,YMR296C,0,-9.325958,0.11132039874792099,0.9932773113250732,0.792941153049469
YKL034W,YCR084C,0,-9.326663,0.11129943281412125,0.9932773113250732,0.7931092381477356
YNL270C,YJL184W,0,-9.326875,0.1112784817814827,0.9932773113250732,0.7932773232460022
YLR424W,YCL063W,0,-9.328502,0.11125753074884415,0.9932773113250732,0.793445348739624
YOR180C,YHR006W,0,-9.328887,0.1112365871667862,0.9932773113250732,0.7936134338378906
YGL122C,YBR258C,0,-9.331669,0.11121565848588943,0.9932773113250732,0.7937815189361572
YGR261C,YEL041W,0,-9.335448,0.11119472980499268,0.9932773113250732,0.7939496040344238
YFL013C,YMR026C,0,-9.336188,0.11117381602525711,0.9932773113250732,0.7941176295280457
YHR119W,YDR460W,0,-9.338977,0.11115290224552155,0.9932773113250732,0.7942857146263123
YGL180W,YFL029C,0,-9.339511,0.11113200336694717,0.9932773113250732,0.7944537997245789
YHL040C,YCL032W,0,-9.339906,0.1111111119389534,0.9932773113250732,0.7946218252182007
YIL128W,YDL019C,0,-9.341631,0.11109022796154022,0.9932773113250732,0.7947899103164673
YOR002W,YBR192W,0,-9.342335,0.11106935143470764,0.9932773113250732,0.7949579954147339
YGR230W,YJL026W,0,-9.343413,0.11104847490787506,0.9932773113250732,0.7951260209083557
YHR175W,YOL043C,0,-9.343784,0.11102761328220367,0.9932773113250732,0.7952941060066223
YMR052W,YFL016C,0,-9.344508,0.11100675910711288,0.9932773113250732,0.7954621911048889
YMR072W,YMR047C,0,-9.345175,0.11098591238260269,0.9932773113250732,0.7956302762031555
YMR139W,YDR059C,0,-9.349595,0.11096508055925369,0.9932773113250732,0.7957983016967773
YIL142W,YNL127W,0,-9.349867,0.1109442487359047,0.9932773113250732,0.795966386795044
YER142C,YHR200W,0,-9.352231,0.11092342436313629,0.9932773113250732,0.7961344718933105
YNL027W,YJL048C,0,-9.3529625,0.11090260744094849,0.9932773113250732,0.7963024973869324
YMR012W,YMR263W,0,-9.355121,0.11088179796934128,0.9932773113250732,0.796470582485199
YAL032C,YHR041C,0,-9.356724,0.11086100339889526,0.9932773113250732,0.7966386675834656
YBL009W,YKL085W,0,-9.3583555,0.11084020882844925,0.9932773113250732,0.7968066930770874
YDR301W,YHR084W,0,-9.358388,0.11081942915916443,0.9932773113250732,0.796974778175354
YNL008C,YGL151W,0,-9.361031,0.11079864948987961,0.9932773113250732,0.7971428632736206
YFL048C,YER032W,0,-9.362381,0.11077788472175598,0.9932773113250732,0.7973109483718872
YIR005W,YPR002W,0,-9.363694,0.11075711995363235,0.9932773113250732,0.797478973865509
YCL016C,YML047C,0,-9.364319,0.11073637008666992,0.9932773113250732,0.7976470589637756
YJR022W,YEL062W,0,-9.365308,0.11071562021970749,0.9932773113250732,0.7978151440620422
YBR107C,YLR010C,0,-9.36639,0.11069488525390625,0.9932773113250732,0.7979831695556641
YPR165W,YCR053W,0,-9.36794,0.11067415773868561,0.9932773113250732,0.7981512546539307
YDL145C,YDR335W,0,-9.368171,0.11065343767404556,0.9932773113250732,0.7983193397521973
YNL026W,YDR058C,0,-9.368336,0.11063272505998611,0.9932773113250732,0.7984873652458191
YJR091C,YGL151W,0,-9.370909,0.11061201244592667,0.9932773113250732,0.7986554503440857
YPR182W,YDR310C,0,-9.371947,0.11059131473302841,0.9932773113250732,0.7988235354423523
YCL027W,YGL143C,0,-9.372213,0.11057062447071075,0.9932773113250732,0.7989916205406189
YOR149C,YAL016W,0,-9.372482,0.1105499416589737,0.9932773113250732,0.7991596460342407
YNL147W,YKL197C,0,-9.3726425,0.11052926629781723,0.9932773113250732,0.7993277311325073
YNL148C,YDR363W-A,0,-9.374814,0.11050859838724136,0.9932773113250732,0.7994958162307739
YLL015W,YOL031C,0,-9.375811,0.11048794537782669,0.9932773113250732,0.7996638417243958
YBR065C,YIL120W,0,-9.377294,0.11046729236841202,0.9932773113250732,0.7998319268226624
YIL155C,YAL009W,0,-9.378785,0.11044664680957794,0.9932773113250732,0.800000011920929
YDR013W,YJL072C,0,-9.379626,0.11042600870132446,0.9932773113250732,0.8001680970191956
YGR268C,YGL122C,0,-9.37993,0.11040537804365158,0.9932773113250732,0.8003361225128174
YNL008C,YBR068C,0,-9.380027,0.11038476228713989,0.9932773113250732,0.800504207611084
YGL105W,YGR180C,0,-9.38026,0.1103641465306282,0.9932773113250732,0.8006722927093506
YEL016C,YIL119C,0,-9.381182,0.11034353822469711,0.9932773113250732,0.8008403182029724
YPL060W,YFL036W,0,-9.384311,0.11032294481992722,0.9932773113250732,0.801008403301239
YPL100W,YBR258C,0,-9.385467,0.11030235141515732,0.9932773113250732,0.8011764883995056
YHL040C,YLL015W,0,-9.38582,0.11028176546096802,0.9932773113250732,0.8013445138931274
YDR318W,YDL135C,0,-9.387045,0.11026119440793991,0.9932773113250732,0.801512598991394
YDR273W,YNL311C,0,-9.391007,0.1102406233549118,0.9932773113250732,0.8016806840896606
YOL164W,YHR012W,0,-9.391019,0.11022006720304489,0.9932773113250732,0.8018487691879272
YOR103C,YJR110W,0,-9.392029,0.11019951850175858,0.9932773113250732,0.8020167946815491
YER032W,YDL154W,0,-9.392079,0.11017896980047226,0.9932773113250732,0.8021848797798157
YOR123C,YIL123W,0,-9.395939,0.11015843600034714,0.9932773113250732,0.8023529648780823
YDR208W,YOR172W,0,-9.397195,0.11013790220022202,0.9932773113250732,0.8025209903717041
YIL142W,YJL026W,0,-9.400224,0.11011738330125809,0.9932773113250732,0.8026890754699707
YOL001W,YJL121C,0,-9.400428,0.11009687185287476,0.9932773113250732,0.8028571605682373
YLR381W,YNR026C,0,-9.40067,0.11007636785507202,0.9932773113250732,0.8030251860618591
YMR047C,YLR006C,0,-9.401642,0.11005586385726929,0.9932773113250732,0.8031932711601257
YDR009W,YMR076C,0,-9.401974,0.11003537476062775,0.9932773113250732,0.8033613562583923
YJL194W,YML129C,0,-9.407226,0.1100148931145668,0.9932773113250732,0.8035294413566589
YCR044C,YGR222W,0,-9.407397,0.10999441891908646,0.9932773113250732,0.8036974668502808
YAR033W,YHR099W,0,-9.4099245,0.1099739521741867,0.9932773113250732,0.8038655519485474
YBR278W,YPL268W,0,-9.410814,0.10995348542928696,0.9932773113250732,0.804033637046814
YBL026W,YML120C,0,-9.412719,0.1099330335855484,0.9932773113250732,0.8042016625404358
YLR377C,YKL085W,0,-9.414377,0.10991258919239044,0.9932773113250732,0.8043697476387024
YPR200C,YDR163W,0,-9.416016,0.10989215224981308,0.9932773113250732,0.804537832736969
YNL149C,YNL262W,0,-9.41694,0.10987172275781631,0.9932773113250732,0.8047058582305908
YFL023W,YML120C,0,-9.418026,0.10985130071640015,0.9932773113250732,0.8048739433288574
YIL123W,YIL008W,0,-9.418603,0.10983088612556458,0.9932773113250732,0.805042028427124
YOR036W,YHR001W-A,0,-9.419683,0.1098104789853096,0.9932773113250732,0.8052101135253906
YGL175C,YHR099W,0,-9.421575,0.10979007929563522,0.9932773113250732,0.8053781390190125
YOL117W,YGL011C,0,-9.422357,0.10976968705654144,0.9932773113250732,0.805546224117279
YLR127C,YJR110W,0,-9.422596,0.10974930226802826,0.9932773113250732,0.8057143092155457
YBR295W,YCR060W,0,-9.424017,0.10972892493009567,0.9932773113250732,0.8058823347091675
YER068W,YMR109W,0,-9.424596,0.10970855504274368,0.9932773113250732,0.8060504198074341
YNL039W,YNL164C,0,-9.42522,0.10968819260597229,0.9932773113250732,0.8062185049057007
YMR076C,YFR052W,0,-9.425569,0.10966784507036209,0.9932773113250732,0.8063865303993225
YNL044W,YNL241C,0,-9.427274,0.10964749753475189,0.9932773113250732,0.8065546154975891
YBR010W,YGR211W,0,-9.427861,0.10962715744972229,0.9932773113250732,0.8067227005958557
YLR215C,YGL229C,0,-9.428195,0.10960682481527328,0.9932773113250732,0.8068907856941223
YNL281W,YMR109W,0,-9.429082,0.10958649963140488,0.9932773113250732,0.8070588111877441
YJL065C,YHR012W,0,-9.429691,0.10956618189811707,0.9932773113250732,0.8072268962860107
YLR319C,YKL025C,0,-9.43004,0.10954587906599045,0.9932773113250732,0.8073949813842773
YEL016C,YGR258C,0,-9.430196,0.10952557623386383,0.9932773113250732,0.8075630068778992
YGR262C,YPL265W,0,-9.431567,0.10950528085231781,0.9932773113250732,0.8077310919761658
YDR205W,YPR095C,0,-9.432456,0.10948499292135239,0.9932773113250732,0.8078991770744324
YLR081W,YDL036C,0,-9.432719,0.10946471244096756,0.9932773113250732,0.8080672025680542
YOR031W,YOL049W,0,-9.433927,0.10944444686174393,0.9932773113250732,0.8082352876663208
YOL038W,YNL032W,0,-9.434181,0.1094241812825203,0.9932773113250732,0.8084033727645874
YNL118C,YJL128C,0,-9.435354,0.10940392315387726,0.9932773113250732,0.808571457862854
YMR225C,YDR498C,0,-9.436397,0.10938367247581482,0.9932773113250732,0.8087394833564758
YML132W,YDR289C,0,-9.436524,0.10936343669891357,0.9932773113250732,0.8089075684547424
YLR127C,YBR068C,0,-9.438111,0.10934320092201233,0.9932773113250732,0.809075653553009
YGR261C,YMR162C,0,-9.440167,0.10932297259569168,0.9932773113250732,0.8092436790466309
YLR377C,YMR224C,0,-9.441108,0.10930275917053223,0.9932773113250732,0.8094117641448975
YJR150C,YKL085W,0,-9.441123,0.10928254574537277,0.9932773113250732,0.8095798492431641
YAL054C,YMR283C,0,-9.442675,0.10926233977079391,0.9932773113250732,0.8097478747367859
YDL138W,YMR197C,0,-9.443408,0.10924214124679565,0.9932773113250732,0.8099159598350525
YER008C,YMR284W,0,-9.444324,0.10922195762395859,0.9932773113250732,0.8100840449333191
YGL084C,YDL232W,0,-9.446064,0.10920177400112152,0.9932773113250732,0.8102521300315857
YHR073W,YML015C,0,-9.446659,0.10918159782886505,0.9932773113250732,0.8104201555252075
YPL171C,YHR001W-A,0,-9.448295,0.10916143655776978,0.9932773113250732,0.8105882406234741
YOL156W,YGL124C,0,-9.449804,0.1091412752866745,0.9932773113250732,0.8107563257217407
YDR009W,YBR273C,0,-9.45444,0.10912112146615982,0.9932773113250732,0.8109243512153625
YBR234C,YBR275C,0,-9.455769,0.10910097509622574,0.9932773113250732,0.8110924363136292
YHR181W,YDR453C,0,-9.456026,0.10908084362745285,0.9932773113250732,0.8112605214118958
YPR104C,YLR293C,1,-9.459856,0.10924524813890457,0.9949579834938049,0.8112605214118958
YPR025C,YDR456W,0,-9.460731,0.10922509431838989,0.9949579834938049,0.8114285469055176
YKL011C,YJL065C,0,-9.46118,0.10920494049787521,0.9949579834938049,0.8115966320037842
YJL072C,YDR180W,0,-9.462955,0.10918480157852173,0.9949579834938049,0.8117647171020508
YDL029W,YCL016C,0,-9.46343,0.10916467010974884,0.9949579834938049,0.8119328022003174
YFR030W,YBL061C,0,-9.466585,0.10914454609155655,0.9949579834938049,0.8121008276939392
YPL269W,YPR181C,0,-9.467309,0.10912442207336426,0.9949579834938049,0.8122689127922058
YKL025C,YDR460W,0,-9.467464,0.10910431295633316,0.9949579834938049,0.8124369978904724
YDR320C-A,YPL091W,0,-9.474303,0.10908421128988266,0.9949579834938049,0.8126050233840942
YIL142W,YCL008C,0,-9.47447,0.10906410962343216,0.9949579834938049,0.8127731084823608
YGR258C,YHR200W,0,-9.474762,0.10904402285814285,0.9949579834938049,0.8129411935806274
YPL177C,YJL072C,0,-9.475182,0.10902394354343414,0.9949579834938049,0.8131092190742493
YDR320C-A,YKR055W,0,-9.475579,0.10900386422872543,0.9949579834938049,0.8132773041725159
YPR104C,YDR478W,1,-9.478276,0.10916789621114731,0.9966386556625366,0.8132773041725159
YJR045C,YGR033C,0,-9.482007,0.1091478019952774,0.9966386556625366,0.8134453892707825
YDL029W,YBR160W,0,-9.482091,0.1091277152299881,0.9966386556625366,0.8136134743690491
YPR094W,YKL173W,0,-9.484942,0.10910763591527939,0.9966386556625366,0.8137814998626709
YLR078C,YKL018W,0,-9.486789,0.10908756405115128,0.9966386556625366,0.8139495849609375
YLR381W,YNL032W,0,-9.487822,0.10906749963760376,0.9966386556625366,0.8141176700592041
YER179W,YKR007W,0,-9.487893,0.10904744267463684,0.9966386556625366,0.8142856955528259
YBR152W,YLR005W,0,-9.488335,0.10902739316225052,0.9966386556625366,0.8144537806510925
YMR232W,YHR073W,0,-9.489161,0.1090073511004448,0.9966386556625366,0.8146218657493591
YDR205W,YKL197C,0,-9.489823,0.10898731648921967,0.9966386556625366,0.814789891242981
YBR256C,YAL009W,0,-9.490097,0.10896728932857513,0.9966386556625366,0.8149579763412476
YOL077W-A,YIL061C,0,-9.490738,0.1089472696185112,0.9966386556625366,0.8151260614395142
YPL192C,YDL150W,0,-9.492814,0.10892725735902786,0.9966386556625366,0.8152941465377808
YDR318W,YLR240W,0,-9.494773,0.10890725255012512,0.9966386556625366,0.8154621720314026
YOL133W,YDR202C,0,-9.494897,0.10888725519180298,0.9966386556625366,0.8156302571296692
YGL004C,YOL117W,0,-9.495355,0.10886726528406143,0.9966386556625366,0.8157983422279358
YBR068C,YFL011W,0,-9.495713,0.10884728282690048,0.9966386556625366,0.8159663677215576
YJR140C,YMR224C,0,-9.499221,0.10882730782032013,0.9966386556625366,0.8161344528198242
YDL197C,YBR077C,0,-9.499478,0.10880734026432037,0.9966386556625366,0.8163025379180908
YPL110C,YOL038W,0,-9.501511,0.10878738015890121,0.9966386556625366,0.8164705634117126
YLL015W,YLR263W,0,-9.50238,0.10876742750406265,0.9966386556625366,0.8166386485099792
YIL155C,YPR095C,0,-9.502448,0.10874747484922409,0.9966386556625366,0.8168067336082458
YJR017C,YBR162C,0,-9.502554,0.10872753709554672,0.9966386556625366,0.8169748187065125
YOR377W,YGL011C,0,-9.503345,0.10870760679244995,0.9966386556625366,0.8171428442001343
YOL063C,YKL018W,0,-9.503503,0.10868768393993378,0.9966386556625366,0.8173109292984009
YJL208C,YDR076W,0,-9.504608,0.1086677685379982,0.9966386556625366,0.8174790143966675
YJL207C,YDR335W,0,-9.511353,0.10864785313606262,0.9966386556625366,0.8176470398902893
YDL154W,YDR498C,0,-9.512333,0.10862795263528824,0.9966386556625366,0.8178151249885559
YOL077W-A,YER075C,0,-9.512708,0.10860805958509445,0.9966386556625366,0.8179832100868225
YGL142C,YOL156W,0,-9.515948,0.10858817398548126,0.9966386556625366,0.8181512355804443
YDR318W,YFL016C,0,-9.51647,0.10856828838586807,0.9966386556625366,0.8183193206787109
YDR195W,YBL050W,0,-9.517009,0.10854841768741608,0.9966386556625366,0.8184874057769775
YEL027W,YDR386W,0,-9.525213,0.10852854698896408,0.9966386556625366,0.8186554908752441
YFL057C,YOR171C,0,-9.525808,0.10850869119167328,0.9966386556625366,0.818823516368866
YJR150C,YBR050C,0,-9.527178,0.10848884284496307,0.9966386556625366,0.8189916014671326
YEL027W,YPR086W,0,-9.527697,0.10846899449825287,0.9966386556625366,0.8191596865653992
YGL004C,YPL033C,0,-9.530033,0.10844916105270386,0.9966386556625366,0.819327712059021
YML103C,YGL053W,0,-9.530059,0.10842932760715485,0.9966386556625366,0.8194957971572876
YMR301C,YGR230W,0,-9.530385,0.10840950906276703,0.9966386556625366,0.8196638822555542
YHR194W,YLR268W,0,-9.532109,0.10838969051837921,0.9966386556625366,0.819831907749176
YJR091C,YPL118W,0,-9.532321,0.10836987942457199,0.9966386556625366,0.8199999928474426
YNL039W,YOR230W,0,-9.532812,0.10835008323192596,0.9966386556625366,0.8201680779457092
YNL027W,YGR132C,0,-9.533213,0.10833028703927994,0.9966386556625366,0.8203361630439758
YOR386W,YDL138W,0,-9.533859,0.1083105057477951,0.9966386556625366,0.8205041885375977
YLR110C,YPL106C,0,-9.534021,0.10829072445631027,0.9966386556625366,0.8206722736358643
YPL269W,YBL061C,0,-9.535073,0.10827095061540604,0.9966386556625366,0.8208403587341309
YIL142W,YMR073C,0,-9.535277,0.1082511842250824,0.9966386556625366,0.8210083842277527
YGL037C,YPR086W,0,-9.537405,0.10823143273591995,0.9966386556625366,0.8211764693260193
YGL192W,YML014W,0,-9.538881,0.10821168124675751,0.9966386556625366,0.8213445544242859
YDR202C,YBR077C,0,-9.539861,0.10819193720817566,0.9966386556625366,0.8215125799179077
YMR153W,YDR453C,0,-9.539912,0.10817220062017441,0.9966386556625366,0.8216806650161743
YLR007W,YDR363W-A,0,-9.54174,0.10815247148275375,0.9966386556625366,0.8218487501144409
YJL108C,YBR273C,0,-9.543778,0.1081327497959137,0.9966386556625366,0.8220168352127075
YMR203W,YMR106C,0,-9.545185,0.10811303555965424,0.9966386556625366,0.8221848607063293
YER167W,YBR183W,0,-9.546952,0.10809332877397537,0.9966386556625366,0.822352945804596
YPL248C,YJL183W,0,-9.547251,0.1080736294388771,0.9966386556625366,0.8225210309028625
YOR149C,YDR165W,0,-9.550177,0.10805393755435944,0.9966386556625366,0.8226890563964844
YDL088C,YJR102C,0,-9.551434,0.10803425312042236,0.9966386556625366,0.822857141494751
YMR225C,YNR006W,0,-9.552001,0.10801456868648529,0.9966386556625366,0.8230252265930176
YER106W,YDL230W,0,-9.552934,0.10799489915370941,0.9966386556625366,0.8231932520866394
YKL016C,YER142C,0,-9.554393,0.10797523707151413,0.9966386556625366,0.823361337184906
YPR104C,YNL222W,1,-9.554584,0.10813762992620468,0.9983193278312683,0.823361337184906
YFL016C,YLR006C,0,-9.555574,0.10811794549226761,0.9983193278312683,0.8235294222831726
YGR284C,YGR010W,0,-9.556305,0.10809826850891113,0.9983193278312683,0.8236975073814392
YCR038C,YJL026W,0,-9.557215,0.10807859897613525,0.9983193278312683,0.823865532875061
YML062C,YER028C,0,-9.557812,0.10805894434452057,0.9983193278312683,0.8240336179733276
YPL059W,YDR456W,0,-9.559115,0.10803928971290588,0.9983193278312683,0.8242017030715942
YNL084C,YCL004W,0,-9.559921,0.1080196425318718,0.9983193278312683,0.8243697285652161
YMR301C,YJR086W,0,-9.560478,0.1080000028014183,0.9983193278312683,0.8245378136634827
YBR068C,YER008C,0,-9.561215,0.10798037052154541,0.9983193278312683,0.8247058987617493
YPL018W,YOL013C,0,-9.561915,0.10796073824167252,0.9983193278312683,0.8248739242553711
YHR158C,YDR055W,0,-9.563175,0.10794112086296082,0.9983193278312683,0.8250420093536377
YAL016W,YOL105C,0,-9.563824,0.10792151093482971,0.9983193278312683,0.8252100944519043
YLR259C,YNL053W,0,-9.565104,0.1079019084572792,0.9983193278312683,0.8253781795501709
YHR194W,YKL197C,0,-9.565841,0.1078823134303093,0.9983193278312683,0.8255462050437927
YHR158C,YLR059C,0,-9.566627,0.10786271840333939,0.9983193278312683,0.8257142901420593
YGR230W,YIL002C,0,-9.567773,0.10784313827753067,0.9983193278312683,0.8258823752403259
YBR201W,YDL217C,0,-9.568464,0.10782355815172195,0.9983193278312683,0.8260504007339478
YOR037W,YDL098C,0,-9.568528,0.10780399292707443,0.9983193278312683,0.8262184858322144
YNL164C,YIR018W,0,-9.570927,0.10778442770242691,0.9983193278312683,0.826386570930481
YFL048C,YJR045C,0,-9.571163,0.10776487737894058,0.9983193278312683,0.8265545964241028
YCR048W,YPR032W,0,-9.572856,0.10774532705545425,0.9983193278312683,0.8267226815223694
YOL002C,YER028C,0,-9.573063,0.10772579163312912,0.9983193278312683,0.826890766620636
YOR319W,YDL080C,0,-9.573216,0.10770625621080399,0.9983193278312683,0.8270588517189026
YCL004W,YDR328C,0,-9.575111,0.10768672823905945,0.9983193278312683,0.8272268772125244
YJL090C,YGR010W,0,-9.575435,0.10766720771789551,0.9983193278312683,0.827394962310791
YNL230C,YNL311C,0,-9.575792,0.10764770209789276,0.9983193278312683,0.8275630474090576
YOL156W,YNL262W,0,-9.577195,0.10762819647789001,0.9983193278312683,0.8277310729026794
YGR261C,YNL008C,0,-9.578073,0.10760869830846786,0.9983193278312683,0.827899158000946
YLR078C,YFL003C,0,-9.57981,0.10758920758962631,0.9983193278312683,0.8280672430992126
YDR189W,YDR058C,0,-9.579991,0.10756972432136536,0.9983193278312683,0.8282352685928345
YBR278W,YGL004C,0,-9.582166,0.1075502410531044,0.9983193278312683,0.8284033536911011
YER179W,YGR033C,0,-9.582835,0.10753077268600464,0.9983193278312683,0.8285714387893677
YBR132C,YOR171C,0,-9.583521,0.10751131176948547,0.9983193278312683,0.8287395238876343
YBL009W,YER044C,0,-9.585346,0.1074918583035469,0.9983193278312683,0.8289075493812561
YNL084C,YJL072C,0,-9.586237,0.10747240483760834,0.9983193278312683,0.8290756344795227
YGL143C,YKL025C,0,-9.586815,0.10745296627283096,0.9983193278312683,0.8292437195777893
YJL102W,YHR006W,0,-9.587564,0.10743353515863419,0.9983193278312683,0.8294117450714111
YPL110C,YIL002C,0,-9.588113,0.10741410404443741,0.9983193278312683,0.8295798301696777
YGR177C,YIL084C,0,-9.58979,0.10739468783140182,0.9983193278312683,0.8297479152679443
YNL020C,YMR076C,0,-9.590465,0.10737527161836624,0.9983193278312683,0.8299159407615662
YHR171W,YCR038C,0,-9.59456,0.10735586285591125,0.9983193278312683,0.8300840258598328
YMR041C,YFL048C,0,-9.59823,0.10733646899461746,0.9983193278312683,0.8302521109580994
YGL151W,YCR044C,0,-9.599242,0.10731707513332367,0.9983193278312683,0.830420196056366
YKR066C,YPR082C,0,-9.602678,0.10729768872261047,0.9983193278312683,0.8305882215499878
YBL080C,YHL009C,0,-9.603672,0.10727830976247787,0.9983193278312683,0.8307563066482544
YOR079C,YJL129C,0,-9.60727,0.10725893825292587,0.9983193278312683,0.830924391746521
YFL011W,YIR015W,0,-9.611318,0.10723957419395447,0.9983193278312683,0.8310924172401428
YML127W,YER072W,0,-9.611963,0.10722021758556366,0.9983193278312683,0.8312605023384094
YDR480W,YFR005C,0,-9.613693,0.10720086842775345,0.9983193278312683,0.831428587436676
YPR002W,YJL129C,0,-9.614173,0.10718151926994324,0.9983193278312683,0.8315966129302979
YLR078C,YLR135W,0,-9.614222,0.10716218501329422,0.9983193278312683,0.8317646980285645
YNL084C,YGL016W,0,-9.615091,0.1071428582072258,0.9983193278312683,0.831932783126831
YNL074C,YFL008W,0,-9.61537,0.10712353140115738,0.9983193278312683,0.8321008682250977
YPR134W,YCR053W,0,-9.616105,0.10710421949625015,0.9983193278312683,0.8322688937187195
YPL248C,YCR060W,0,-9.616388,0.10708490759134293,0.9983193278312683,0.8324369788169861
YGL124C,YEL004W,0,-9.617118,0.1070656105875969,0.9983193278312683,0.8326050639152527
YDL230W,YPR032W,0,-9.620484,0.10704631358385086,0.9983193278312683,0.8327730894088745
YDL126C,YNL044W,0,-9.621769,0.10702702403068542,0.9983193278312683,0.8329411745071411
YLR329W,YJL139C,0,-9.624776,0.10700774937868118,0.9983193278312683,0.8331092596054077
YMR047C,YPL192C,0,-9.625343,0.10698847472667694,0.9983193278312683,0.8332772850990295
YPR083W,YBR192W,0,-9.627166,0.1069692075252533,0.9983193278312683,0.8334453701972961
YAL007C,YHR001W-A,0,-9.629033,0.10694994777441025,0.9983193278312683,0.8336134552955627
YML113W,YIL119C,0,-9.629411,0.1069306954741478,0.9983193278312683,0.8337815403938293
YMR225C,YOR217W,0,-9.629735,0.10691145062446594,0.9983193278312683,0.8339495658874512
YDL135C,YLR240W,0,-9.629915,0.10689220577478409,0.9983193278312683,0.8341176509857178
YKL150W,YAL009W,0,-9.630634,0.10687297582626343,0.9983193278312683,0.8342857360839844
YFL029C,YIR018W,0,-9.631367,0.10685375332832336,0.9983193278312683,0.8344537615776062
YPR025C,YBR210W,0,-9.631759,0.1068345308303833,0.9983193278312683,0.8346218466758728
YNL220W,YJR017C,0,-9.632823,0.10681532323360443,0.9983193278312683,0.8347899317741394
YMR029C,YDR009W,0,-9.635149,0.10679611563682556,0.9983193278312683,0.8349579572677612
YDR081C,YMR284W,0,-9.637081,0.10677691549062729,0.9983193278312683,0.8351260423660278
YDL145C,YEL051W,0,-9.6414,0.10675773024559021,0.9983193278312683,0.8352941274642944
YDL225W,YDR485C,0,-9.643188,0.10673854500055313,0.9983193278312683,0.835462212562561
YLR147C,YMR197C,0,-9.643372,0.10671936720609665,0.9983193278312683,0.8356302380561829
YLR381W,YOL126C,0,-9.644833,0.10670019686222076,0.9983193278312683,0.8357983231544495
YKL025C,YLR048W,0,-9.646629,0.10668103396892548,0.9983193278312683,0.8359664082527161
YKL160W,YER089C,0,-9.646773,0.10666187852621078,0.9983193278312683,0.8361344337463379
YCR048W,YDR485C,0,-9.6544485,0.10664273053407669,0.9983193278312683,0.8363025188446045
YJR083C,YKL016C,0,-9.656288,0.1066235899925232,0.9983193278312683,0.8364706039428711
YJR086W,YKL095W,0,-9.6574335,0.1066044494509697,0.9983193278312683,0.8366386294364929
YER088C,YGR132C,0,-9.657669,0.10658532381057739,0.9983193278312683,0.8368067145347595
YIL034C,YJL154C,0,-9.659153,0.10656619817018509,0.9983193278312683,0.8369747996330261
YOL077W-A,YML103C,0,-9.659856,0.10654708743095398,0.9983193278312683,0.8371428847312927
YLR424W,YDR372C,0,-9.660724,0.10652797669172287,0.9983193278312683,0.8373109102249146
YDR214W,YCL032W,0,-9.661809,0.10650887340307236,0.9983193278312683,0.8374789953231812
YOR002W,YDL079C,0,-9.662162,0.10648977756500244,0.9983193278312683,0.8376470804214478
YMR232W,YOL038W,0,-9.663684,0.10647069662809372,0.9983193278312683,0.8378151059150696
YGL247W,YDR386W,0,-9.666078,0.106451615691185,0.9983193278312683,0.8379831910133362
YBR107C,YLR026C,0,-9.667573,0.10643254220485687,0.9983193278312683,0.8381512761116028
YHL036W,YHR167W,0,-9.668092,0.10641346871852875,0.9983193278312683,0.8383193016052246
YIL119C,YGL098W,0,-9.672934,0.10639441013336182,0.9983193278312683,0.8384873867034912
YPL018W,YKL080W,0,-9.674277,0.10637535899877548,0.9983193278312683,0.8386554718017578
YER179W,YLR147C,0,-9.677236,0.10635630786418915,0.9983193278312683,0.8388235569000244
YLL019C,YPR036W,0,-9.6776905,0.10633727163076401,0.9983193278312683,0.8389915823936462
YMR184W,YOR171C,0,-9.680449,0.10631823539733887,0.9983193278312683,0.8391596674919128
YPL202C,YBR185C,0,-9.681041,0.10629921406507492,0.9983193278312683,0.8393277525901794
YNL164C,YLR219W,0,-9.681534,0.10628019273281097,0.9983193278312683,0.8394957780838013
YBR038W,YJR074W,0,-9.68303,0.10626117885112762,0.9983193278312683,0.8396638631820679
YLR215C,YER169W,0,-9.683745,0.10624217242002487,0.9983193278312683,0.8398319482803345
YDR163W,YDL036C,0,-9.685827,0.10622317343950272,0.9983193278312683,0.8399999737739563
YLR329W,YPL106C,0,-9.685929,0.10620418190956116,0.9983193278312683,0.8401680588722229
YGL124C,YBL033C,0,-9.686517,0.1061851978302002,0.9983193278312683,0.8403361439704895
YLR127C,YDL170W,0,-9.68748,0.10616622120141983,0.9983193278312683,0.8405042290687561
YER035W,YPR072W,0,-9.687675,0.10614724457263947,0.9983193278312683,0.8406722545623779
YML012W,YKL220C,0,-9.68796,0.1061282828450203,0.9983193278312683,0.8408403396606445
YBR211C,YDR453C,0,-9.688908,0.10610932111740112,0.9983193278312683,0.8410084247589111
YJR092W,YNL127W,0,-9.69213,0.10609037429094315,0.9983193278312683,0.841176450252533
YGL143C,YJL108C,0,-9.693256,0.10607142746448517,0.9983193278312683,0.8413445353507996
YIL112W,YKL085W,0,-9.6942425,0.10605248808860779,0.9983193278312683,0.8415126204490662
YHR006W,YGR186W,0,-9.696399,0.106033556163311,0.9983193278312683,0.841680645942688
YBR065C,YOR064C,0,-9.700205,0.10601463168859482,0.9983193278312683,0.8418487310409546
YER164W,YJR017C,0,-9.70687,0.10599571466445923,0.9983193278312683,0.8420168161392212
YFL013C,YLR034C,0,-9.707473,0.10597680509090424,0.9983193278312683,0.8421849012374878
YMR073C,YMR106C,0,-9.708012,0.10595790296792984,0.9983193278312683,0.8423529267311096
YNR002C,YDL195W,0,-9.708128,0.10593900829553604,0.9983193278312683,0.8425210118293762
YBR273C,YCR061W,0,-9.708811,0.10592011362314224,0.9983193278312683,0.8426890969276428
YPR025C,YNL053W,0,-9.709188,0.10590123385190964,0.9983193278312683,0.8428571224212646
YBR267W,YIL119C,0,-9.710104,0.10588235408067703,0.9983193278312683,0.8430252075195312
YBR050C,YML114C,0,-9.71094,0.10586348176002502,0.9983193278312683,0.8431932926177979
YBR211C,YDL154W,0,-9.712582,0.10584461688995361,0.9983193278312683,0.8433613181114197
YPR025C,YNL084C,0,-9.713885,0.1058257594704628,0.9983193278312683,0.8435294032096863
YKL005C,YJL065C,0,-9.71548,0.10580690950155258,0.9983193278312683,0.8436974883079529
YGR181W,YIR018W,0,-9.721665,0.10578806698322296,0.9983193278312683,0.8438655734062195
YGR230W,YBR077C,0,-9.722346,0.10576923191547394,0.9983193278312683,0.8440335988998413
YMR232W,YIR041W,0,-9.7229,0.10575039684772491,0.9983193278312683,0.8442016839981079
YGL084C,YMR091C,0,-9.724268,0.10573157668113708,0.9983193278312683,0.8443697690963745
YDR456W,YPL010W,0,-9.726911,0.10571276396512985,0.9983193278312683,0.8445377945899963
YLR034C,YPR032W,0,-9.730858,0.10569395124912262,0.9983193278312683,0.8447058796882629
YML132W,YBR049C,0,-9.732744,0.10567514598369598,0.9983193278312683,0.8448739647865295
YAL022C,YOR160W,0,-9.733334,0.10565634816884995,0.9983193278312683,0.8450419902801514
YJL034W,YDL200C,0,-9.735329,0.1056375578045845,0.9983193278312683,0.845210075378418
YNL149C,YLR034C,0,-9.7377405,0.10561877489089966,0.9983193278312683,0.8453781604766846
YER089C,YLR240W,0,-9.738627,0.10559999942779541,0.9983193278312683,0.8455462455749512
YOL108C,YLR090W,0,-9.739371,0.10558123141527176,0.9983193278312683,0.845714271068573
YBR278W,YBR177C,0,-9.740613,0.10556246340274811,0.9983193278312683,0.8458823561668396
YNL084C,YPR188C,0,-9.742415,0.10554371029138565,0.9983193278312683,0.8460504412651062
YGR261C,YLR425W,0,-9.742652,0.1055249571800232,0.9983193278312683,0.846218466758728
YNL149C,YKL018W,0,-9.742855,0.10550621896982193,0.9983193278312683,0.8463865518569946
YIR033W,YML092C,0,-9.743447,0.10548748075962067,0.9983193278312683,0.8465546369552612
YER068W,YGL011C,0,-9.744028,0.10546875,0.9983193278312683,0.8467226624488831
YML102W,YHR023W,0,-9.746078,0.10545002669095993,0.9983193278312683,0.8468907475471497
YDL135C,YMR283C,0,-9.7472,0.10543131083250046,0.9983193278312683,0.8470588326454163
YBR107C,YOL117W,0,-9.748506,0.10541260242462158,0.9983193278312683,0.8472269177436829
YGL124C,YHR039C,0,-9.749693,0.1053938940167427,0.9983193278312683,0.8473949432373047
YML129C,YIL118W,0,-9.75105,0.10537520051002502,0.9983193278312683,0.8475630283355713
YGR227W,YDR386W,0,-9.755706,0.10535650700330734,0.9983193278312683,0.8477311134338379
YLR242C,YDR163W,0,-9.758948,0.10533782839775085,0.9983193278312683,0.8478991389274597
YJL072C,YLR248W,0,-9.759177,0.10531914979219437,0.9983193278312683,0.8480672240257263
YBR201W,YKR079C,0,-9.759741,0.10530047863721848,0.9983193278312683,0.8482353091239929
YML012W,YBL080C,0,-9.760341,0.10528181493282318,0.9983193278312683,0.8484033346176147
YPL153C,YHR181W,0,-9.762315,0.10526315867900848,0.9983193278312683,0.8485714197158813
YPL209C,YIR022W,0,-9.762692,0.10524450987577438,0.9983193278312683,0.848739504814148
YGR088W,YGR129W,0,-9.764026,0.10522586107254028,0.9983193278312683,0.8489075899124146
YGL180W,YPR138C,0,-9.76448,0.10520722717046738,0.9983193278312683,0.8490756154060364
YGL016W,YGR010W,0,-9.765363,0.10518859326839447,0.9983193278312683,0.849243700504303
YLR394W,YGR059W,0,-9.767934,0.10516997426748276,0.9983193278312683,0.8494117856025696
YAL042W,YPL268W,0,-9.76859,0.10515135526657104,0.9983193278312683,0.8495798110961914
YPL269W,YLR147C,0,-9.768591,0.10513274371623993,0.9983193278312683,0.849747896194458
YKL165C,YBL093C,0,-9.769189,0.10511413961648941,0.9983193278312683,0.8499159812927246
YNL274C,YNL149C,0,-9.770606,0.10509554296731949,0.9983193278312683,0.8500840067863464
YNL118C,YHR194W,0,-9.772123,0.10507695376873016,0.9983193278312683,0.850252091884613
YGL151W,YAL016W,0,-9.772621,0.10505836457014084,0.9983193278312683,0.8504201769828796
YIL034C,YKL079W,0,-9.774112,0.10503979027271271,0.9983193278312683,0.8505882620811462
YKL160W,YLR010C,0,-9.774439,0.10502121597528458,0.9983193278312683,0.8507562875747681
YOR034C,YBR183W,0,-9.777769,0.10500264912843704,0.9983193278312683,0.8509243726730347
YLL061W,YDL019C,0,-9.778156,0.1049840897321701,0.9983193278312683,0.8510924577713013
YLR011W,YKL025C,0,-9.77863,0.10496554523706436,0.9983193278312683,0.8512604832649231
YPL248C,YDL006W,0,-9.779825,0.10494699329137802,0.9983193278312683,0.8514285683631897
YBL102W,YPL234C,0,-9.7814865,0.10492845624685287,0.9983193278312683,0.8515966534614563
YPR200C,YBR231C,0,-9.783039,0.10490992665290833,0.9983193278312683,0.8517646789550781
YOR148C,YHR084W,0,-9.783049,0.10489139705896378,0.9983193278312683,0.8519327640533447
YJR022W,YJR086W,0,-9.783941,0.10487288236618042,0.9983193278312683,0.8521008491516113
YOR036W,YDR207C,0,-9.784659,0.10485436767339706,0.9983193278312683,0.8522689342498779
YNL268W,YNL154C,0,-9.785165,0.1048358604311943,0.9983193278312683,0.8524369597434998
YDL088C,YGL124C,0,-9.785566,0.10481736063957214,0.9983193278312683,0.8526050448417664
YGR097W,YHR116W,0,-9.787132,0.10479886829853058,0.9983193278312683,0.852773129940033
YKL112W,YOR221C,0,-9.788243,0.10478038340806961,0.9983193278312683,0.8529411554336548
YDR013W,YBL058W,0,-9.788866,0.10476190596818924,0.9983193278312683,0.8531092405319214
YPL208W,YDL058W,0,-9.78912,0.10474342852830887,0.9983193278312683,0.853277325630188
YNL127W,YNL323W,0,-9.789228,0.10472496598958969,0.9983193278312683,0.8534453511238098
YPL091W,YKR038C,0,-9.789978,0.10470650345087051,0.9983193278312683,0.8536134362220764
YBR231C,YMR104C,0,-9.792672,0.10468804836273193,0.9983193278312683,0.853781521320343
YOL133W,YGR258C,0,-9.793264,0.10466960072517395,0.9983193278312683,0.8539496064186096
YNL148C,YOL122C,0,-9.79473,0.10465116053819656,0.9983193278312683,0.8541176319122314
YDR116C,YCR060W,0,-9.796519,0.10463272780179977,0.9983193278312683,0.854285717010498
YNR002C,YER072W,0,-9.797657,0.10461430251598358,0.9983193278312683,0.8544538021087646
YIL142W,YOR064C,0,-9.799403,0.10459587723016739,0.9983193278312683,0.8546218276023865
YCL043C,YER070W,0,-9.799548,0.10457746684551239,0.9983193278312683,0.8547899127006531
YNL027W,YBR050C,0,-9.7999325,0.10455905646085739,0.9983193278312683,0.8549579977989197
YNL074C,YGL098W,0,-9.800178,0.10454065352678299,0.9983193278312683,0.8551260232925415
YHR160C,YIL030C,0,-9.800204,0.10452225804328918,0.9983193278312683,0.8552941083908081
YPL059W,YGL178W,0,-9.800294,0.10450387001037598,0.9983193278312683,0.8554621934890747
YMR250W,YPR032W,0,-9.803201,0.10448548942804337,0.9983193278312683,0.8556302785873413
YMR092C,YCR044C,0,-9.803899,0.10446710884571075,0.9983193278312683,0.8557983040809631
YOR002W,YKL011C,0,-9.8043,0.10444874316453934,0.9983193278312683,0.8559663891792297
YER003C,YGL229C,0,-9.804769,0.10443037748336792,0.9983193278312683,0.8561344742774963
YDR298C,YGL062W,0,-9.806745,0.1044120267033577,0.9983193278312683,0.8563024997711182
YPR165W,YBR275C,0,-9.809211,0.10439367592334747,0.9983193278312683,0.8564705848693848
YER005W,YMR104C,0,-9.814518,0.10437533259391785,0.9983193278312683,0.8566386699676514
YBR059C,YER068W,0,-9.817017,0.10435698926448822,0.9983193278312683,0.8568066954612732
YGR033C,YDR453C,0,-9.824967,0.10433866083621979,0.9983193278312683,0.8569747805595398
YKR066C,YPR083W,0,-9.82702,0.10432033985853195,0.9983193278312683,0.8571428656578064
YOR330C,YGL013C,0,-9.830576,0.10430201888084412,0.9983193278312683,0.857310950756073
YPL110C,YHR158C,0,-9.831336,0.10428370535373688,0.9983193278312683,0.8574789762496948
YMR184W,YIR033W,0,-9.83162,0.10426539927721024,0.9983193278312683,0.8576470613479614
YER167W,YMR225C,0,-9.834058,0.10424710065126419,0.9983193278312683,0.857815146446228
YCL026C-A,YOL066C,0,-9.836488,0.10422880947589874,0.9983193278312683,0.8579831719398499
YOL063C,YDL013W,0,-9.836621,0.10421052575111389,0.9983193278312683,0.8581512570381165
YDL088C,YBR256C,0,-9.836794,0.10419224947690964,0.9983193278312683,0.8583193421363831
YDR301W,YGL143C,0,-9.840657,0.10417397320270538,0.9983193278312683,0.8584873676300049
YBR218C,YAL016W,0,-9.842421,0.10415570437908173,0.9983193278312683,0.8586554527282715
YDL232W,YNL304W,0,-9.842573,0.10413745045661926,0.9983193278312683,0.8588235378265381
YNL020C,YBL102W,0,-9.8474245,0.1041191965341568,0.9983193278312683,0.8589916229248047
YAL043C,YJL129C,0,-9.849273,0.10410095006227493,0.9983193278312683,0.8591596484184265
YLR319C,YCR044C,0,-9.8493395,0.10408270359039307,0.9983193278312683,0.8593277335166931
YDL045C,YDR207C,0,-9.850341,0.1040644720196724,0.9983193278312683,0.8594958186149597
YPR200C,YER068W,0,-9.850837,0.10404624044895172,0.9983193278312683,0.8596638441085815
YDL017W,YDR359C,0,-9.853674,0.10402802377939224,0.9983193278312683,0.8598319292068481
YDL145C,YJR022W,0,-9.854888,0.10400980710983276,0.9983193278312683,0.8600000143051147
YFL021W,YJL025W,0,-9.856837,0.10399159789085388,0.9983193278312683,0.8601680397987366
YBR008C,YER169W,0,-9.859636,0.1039733961224556,0.9983193278312683,0.8603361248970032
YOR036W,YPR036W,0,-9.863665,0.10395519435405731,0.9983193278312683,0.8605042099952698
YHR042W,YGL053W,0,-9.865112,0.10393700748682022,0.9983193278312683,0.8606722950935364
YKL208W,YDL128W,0,-9.865434,0.10391882807016373,0.9983193278312683,0.8608403205871582
YDR337W,YOR386W,0,-9.867326,0.10390064865350723,0.9983193278312683,0.8610084056854248
YPL177C,YBR231C,0,-9.86833,0.10388247668743134,0.9983193278312683,0.8611764907836914
YIL106W,YMR283C,0,-9.8746195,0.10386431217193604,0.9983193278312683,0.8613445162773132
YBR077C,YGR211W,0,-9.874998,0.10384615510702133,0.9983193278312683,0.8615126013755798
YBR077C,YMR197C,0,-9.876266,0.10382800549268723,0.9983193278312683,0.8616806864738464
YNL270C,YER179W,0,-9.876518,0.10380985587835312,0.9983193278312683,0.8618487119674683
YDL181W,YNL167C,0,-9.878139,0.1037917211651802,0.9983193278312683,0.8620167970657349
YKL005C,YDL230W,0,-9.880409,0.1037735864520073,0.9983193278312683,0.8621848821640015
YPR057W,YPL258C,0,-9.881845,0.10375545918941498,0.9983193278312683,0.8623529672622681
YOR349W,YDR277C,0,-9.884943,0.10373733937740326,0.9983193278312683,0.8625209927558899
YAL009W,YDL217C,0,-9.887598,0.10371922701597214,0.9983193278312683,0.8626890778541565
YAL015C,YER072W,0,-9.887972,0.10370111465454102,0.9983193278312683,0.8628571629524231
YJR076C,YOR037W,0,-9.889868,0.10368301719427109,0.9983193278312683,0.8630251884460449
YFR005C,YBL058W,0,-9.891315,0.10366491973400116,0.9983193278312683,0.8631932735443115
YBR278W,YLR006C,0,-9.8936205,0.10364682972431183,0.9983193278312683,0.8633613586425781
YKR002W,YFL036W,0,-9.893658,0.1036287471652031,0.9983193278312683,0.8635293841362
YDL042C,YMR197C,0,-9.893884,0.10361067205667496,0.9983193278312683,0.8636974692344666
YBL058W,YOR148C,0,-9.894586,0.10359260439872742,0.9983193278312683,0.8638655543327332
YGL003C,YDR320C-A,0,-9.895349,0.10357454419136047,0.9983193278312683,0.8640336394309998
YCL025C,YJL102W,0,-9.896412,0.10355648398399353,0.9983193278312683,0.8642016649246216
YPL153C,YHR016C,0,-9.896506,0.10353843122720718,0.9983193278312683,0.8643697500228882
YDR481C,YMR201C,0,-9.897272,0.10352039337158203,0.9983193278312683,0.8645378351211548
YIL034C,YDR372C,0,-9.899264,0.10350235551595688,0.9983193278312683,0.8647058606147766
YMR026C,YBR050C,0,-9.902338,0.10348431766033173,0.9983193278312683,0.8648739457130432
YJR074W,YPR165W,0,-9.904084,0.10346629470586777,0.9983193278312683,0.8650420308113098
YDR191W,YGL122C,0,-9.904398,0.1034482792019844,0.9983193278312683,0.8652100563049316
YLR011W,YFL018C,0,-9.907162,0.10343026369810104,0.9983193278312683,0.8653781414031982
YBR065C,YAL015C,0,-9.907676,0.10341225564479828,0.9983193278312683,0.8655462265014648
YNL127W,YLR048W,0,-9.909297,0.10339425504207611,0.9983193278312683,0.8657143115997314
YPR057W,YLR025W,0,-9.912429,0.10337626188993454,0.9983193278312683,0.8658823370933533
YOL013C,YIR005W,0,-9.912589,0.10335827618837357,0.9983193278312683,0.8660504221916199
YFL057C,YDR059C,0,-9.912974,0.10334029048681259,0.9983193278312683,0.8662185072898865
YMR184W,YGL142C,0,-9.913165,0.10332231968641281,0.9983193278312683,0.8663865327835083
YGL143C,YPL010W,0,-9.91456,0.10330434888601303,0.9983193278312683,0.8665546178817749
YNL053W,YGL013C,0,-9.926503,0.10328638553619385,0.9983193278312683,0.8667227029800415
YLR377C,YMR139W,0,-9.931125,0.10326842963695526,0.9983193278312683,0.8668907284736633
YOR034C,YBR065C,0,-9.93229,0.10325048118829727,0.9983193278312683,0.8670588135719299
YMR184W,YOR377W,0,-9.9326935,0.10323253273963928,0.9983193278312683,0.8672268986701965
YNL084C,YLR006C,0,-9.936172,0.10321459919214249,0.9983193278312683,0.8673949837684631
YBR145W,YJL129C,0,-9.940251,0.10319666564464569,0.9983193278312683,0.867563009262085
YFL003C,YDR076W,0,-9.94393,0.10317873954772949,0.9983193278312683,0.8677310943603516
YHR116W,YLR147C,0,-9.944309,0.10316082090139389,0.9983193278312683,0.8678991794586182
YPL060W,YPL010W,0,-9.945806,0.10314290970563889,0.9983193278312683,0.86806720495224
YKL112W,YBR258C,0,-9.947278,0.10312499850988388,0.9983193278312683,0.8682352900505066
YPL100W,YBL105C,0,-9.947402,0.10310710221529007,0.9983193278312683,0.8684033751487732
YGL143C,YBR002C,0,-9.950511,0.10308920592069626,0.9983193278312683,0.868571400642395
YOR039W,YJL207C,0,-9.953331,0.10307131707668304,0.9983193278312683,0.8687394857406616
YNL009W,YJL025W,0,-9.955325,0.10305343568325043,0.9983193278312683,0.8689075708389282
YPL202C,YLR026C,0,-9.955363,0.10303556174039841,0.9983193278312683,0.8690756559371948
YER164W,YMR266W,0,-9.9559965,0.10301768779754639,0.9983193278312683,0.8692436814308167
YGL143C,YAL032C,0,-9.956439,0.10299982875585556,0.9983193278312683,0.8694117665290833
YMR225C,YJR010C-A,0,-9.957165,0.10298196971416473,0.9983193278312683,0.8695798516273499
YMR076C,YMR214W,0,-9.959773,0.1029641181230545,0.9983193278312683,0.8697478771209717
YLR090W,YDR325W,0,-9.960472,0.10294627398252487,0.9983193278312683,0.8699159622192383
YLR081W,YKR055W,0,-9.961762,0.10292843729257584,0.9983193278312683,0.8700840473175049
YOR079C,YLR394W,0,-9.962474,0.1029106006026268,0.9983193278312683,0.8702520728111267
YOR002W,YBR037C,0,-9.963604,0.10289277881383896,0.9983193278312683,0.8704201579093933
YER028C,YNL311C,0,-9.966809,0.10287495702505112,0.9983193278312683,0.8705882430076599
YDR207C,YIR018W,0,-9.967413,0.10285714268684387,0.9983193278312683,0.8707563281059265
YNL148C,YPR086W,0,-9.967883,0.10283933579921722,0.9983193278312683,0.8709243535995483
YOL117W,YHR163W,0,-9.9710455,0.10282153636217117,0.9983193278312683,0.8710924386978149
YMR138W,YKL079W,0,-9.97252,0.10280373692512512,0.9983193278312683,0.8712605237960815
YLR127C,YIR022W,0,-9.974081,0.10278595238924026,0.9983193278312683,0.8714285492897034
YLR011W,YDR181C,0,-9.978461,0.10276816785335541,0.9983193278312683,0.87159663438797
YOL038W,YCL005W-A,0,-9.980849,0.10275039076805115,0.9983193278312683,0.8717647194862366
YNL074C,YMR013C,0,-9.984117,0.10273262113332748,0.9983193278312683,0.8719327449798584
YIL053W,YNL026W,0,-9.984468,0.10271485149860382,0.9983193278312683,0.872100830078125
YKL146W,YGL143C,0,-9.98521,0.10269709676504135,0.9983193278312683,0.8722689151763916
YOR249C,YOR103C,0,-9.986506,0.10267934203147888,0.9983193278312683,0.8724370002746582
YGL219C,YFR029W,0,-9.995883,0.10266159474849701,0.9983193278312683,0.87260502576828
YLR166C,YMR013C,0,-9.996995,0.10264385491609573,0.9983193278312683,0.8727731108665466
YDL142C,YBR008C,0,-9.997416,0.10262612253427505,0.9983193278312683,0.8729411959648132
YKL029C,YNL131W,0,-9.997685,0.10260839760303497,0.9983193278312683,0.8731092214584351
YKL146W,YLR394W,0,-9.998363,0.10259067267179489,0.9983193278312683,0.8732773065567017
YPR154W,YLR193C,0,-10.000493,0.1025729551911354,0.9983193278312683,0.8734453916549683
YDR142C,YNL149C,0,-10.000533,0.10255524516105652,0.9983193278312683,0.8736134171485901
YCL055W,YDR453C,0,-10.001145,0.10253754258155823,0.9983193278312683,0.8737815022468567
YKL139W,YBR275C,0,-10.004427,0.10251984745264053,0.9983193278312683,0.8739495873451233
YKR007W,YFR029W,0,-10.006895,0.10250215977430344,0.9983193278312683,0.8741176724433899
YKL093W,YGL172W,0,-10.007418,0.10248447209596634,0.9983193278312683,0.8742856979370117
YPR025C,YDL013W,0,-10.007693,0.10246679186820984,0.9983193278312683,0.8744537830352783
YMR184W,YCL055W,0,-10.00877,0.10244911909103394,0.9983193278312683,0.8746218681335449
YPR188C,YNL088W,0,-10.008968,0.10243145376443863,0.9983193278312683,0.8747898936271667
YGR041W,YBL050W,0,-10.009522,0.10241379588842392,0.9983193278312683,0.8749579787254333
YMR216C,YHR084W,0,-10.0103445,0.10239613801240921,0.9983193278312683,0.8751260638237
YPL171C,YMR079W,0,-10.01187,0.1023784875869751,0.9983193278312683,0.8752940893173218
YMR026C,YDL042C,0,-10.011905,0.10236084461212158,0.9983193278312683,0.8754621744155884
YJR140C,YGL178W,0,-10.012955,0.10234320908784866,0.9983193278312683,0.875630259513855
YKL208W,YHR099W,0,-10.013484,0.10232558101415634,0.9983193278312683,0.8757983446121216
YJR093C,YIL084C,0,-10.013564,0.10230796039104462,0.9983193278312683,0.8759663701057434
YLR133W,YDR425W,0,-10.018886,0.10229033976793289,0.9983193278312683,0.87613445520401
YKL025C,YAL009W,0,-10.02718,0.10227272659540176,0.9983193278312683,0.8763025403022766
YGR224W,YPL010W,0,-10.032783,0.10225512087345123,0.9983193278312683,0.8764705657958984
YJR083C,YCR061W,0,-10.034523,0.1022375226020813,0.9983193278312683,0.876638650894165
YGL003C,YPL234C,0,-10.035437,0.10221992433071136,0.9983193278312683,0.8768067359924316
YDL008W,YMR073C,0,-10.0359535,0.10220234096050262,0.9983193278312683,0.8769747614860535
YBR211C,YLR425W,0,-10.036101,0.10218475759029388,0.9983193278312683,0.8771428465843201
YML120C,YBR127C,0,-10.036458,0.10216718167066574,0.9983193278312683,0.8773109316825867
YER106W,YFL036W,0,-10.036835,0.1021496132016182,0.9983193278312683,0.8774790167808533
YLR081W,YDR276C,0,-10.037854,0.10213205218315125,0.9983193278312683,0.8776470422744751
YJR074W,YHR181W,0,-10.038654,0.1021144911646843,0.9983193278312683,0.8778151273727417
YGR230W,YCR061W,0,-10.040471,0.10209693759679794,0.9983193278312683,0.8779832124710083
YLR219W,YBR049C,0,-10.041017,0.10207939147949219,0.9983193278312683,0.8781512379646301
YDR453C,YMR106C,0,-10.045068,0.10206185281276703,0.9983193278312683,0.8783193230628967
YKL093W,YMR026C,0,-10.045074,0.10204432159662247,0.9983193278312683,0.8784874081611633
YBR008C,YGL053W,0,-10.046908,0.1020267978310585,0.9983193278312683,0.8786554336547852
YNL020C,YMR106C,0,-10.047773,0.10200927406549454,0.9983193278312683,0.8788235187530518
YIL142W,YDL195W,0,-10.04947,0.10199175775051117,0.9983193278312683,0.8789916038513184
YMR109W,YCR061W,0,-10.049589,0.1019742488861084,0.9983193278312683,0.879159688949585
YHR158C,YBL080C,0,-10.051942,0.10195674747228622,0.9983193278312683,0.8793277144432068
YCR048W,YMR091C,0,-10.05245,0.10193924605846405,0.9983193278312683,0.8794957995414734
YPR155C,YLR248W,0,-10.053424,0.10192175954580307,0.9983193278312683,0.87966388463974
YKL146W,YKL086W,0,-10.05485,0.10190427303314209,0.9983193278312683,0.8798319101333618
YBR152W,YHR181W,0,-10.056466,0.1018867939710617,0.9983193278312683,0.8799999952316284
YBR008C,YCL032W,0,-10.058289,0.10186932235956192,0.9983193278312683,0.880168080329895
YDR301W,YHR016C,0,-10.058628,0.10185185074806213,0.9983193278312683,0.8803361058235168
YMR109W,YML055W,0,-10.059403,0.10183439403772354,0.9983193278312683,0.8805041909217834
YLR081W,YBL050W,0,-10.060002,0.10181693732738495,0.9983193278312683,0.88067227602005
YNL136W,YNL230C,0,-10.060052,0.10179948806762695,0.9983193278312683,0.8808403611183167
YMR225C,YHR042W,0,-10.063627,0.10178203880786896,0.9983193278312683,0.8810083866119385
YIL142W,YNL304W,0,-10.063806,0.10176460444927216,0.9983193278312683,0.8811764717102051
YHL036W,YBR152W,0,-10.069772,0.10174717009067535,0.9983193278312683,0.8813445568084717
YKL208W,YIR015W,0,-10.072065,0.10172975063323975,0.9983193278312683,0.8815125823020935
YPR200C,YOR230W,0,-10.073603,0.10171233117580414,0.9983193278312683,0.8816806674003601
YFL013C,YPL033C,0,-10.074278,0.10169491171836853,0.9983193278312683,0.8818487524986267
YGR261C,YBR240C,0,-10.07636,0.10167750716209412,0.9983193278312683,0.8820167779922485
YLR034C,YPL210C,0,-10.076524,0.1016601026058197,0.9983193278312683,0.8821848630905151
YPR134W,YDL019C,0,-10.077528,0.10164271295070648,0.9983193278312683,0.8823529481887817
YOR037W,YBR152W,0,-10.078399,0.10162532329559326,0.9983193278312683,0.8825210332870483
YIL119C,YER031C,0,-10.086,0.10160793364048004,0.9983193278312683,0.8826890587806702
YCL055W,YOL045W,0,-10.086828,0.10159055888652802,0.9983193278312683,0.8828571438789368
YNL009W,YMR076C,0,-10.0872965,0.10157318413257599,0.9983193278312683,0.8830252289772034
YLR090W,YMR284W,0,-10.087674,0.10155582427978516,0.9983193278312683,0.8831932544708252
YGR268C,YIL070C,0,-10.088411,0.10153846442699432,0.9983193278312683,0.8833613395690918
YDL175C,YAL007C,0,-10.091431,0.10152110457420349,0.9983193278312683,0.8835294246673584
YGL016W,YGL229C,0,-10.091784,0.10150375962257385,0.9983193278312683,0.8836974501609802
YNL149C,YJL026W,0,-10.09594,0.10148641467094421,0.9983193278312683,0.8838655352592468
YPR083W,YOR179C,0,-10.096427,0.10146908462047577,0.9983193278312683,0.8840336203575134
YPR154W,YDR325W,0,-10.097596,0.10145174711942673,0.9983193278312683,0.88420170545578
YGL247W,YOL038W,0,-10.097911,0.10143442451953888,0.9983193278312683,0.8843697309494019
YNR002C,YML008C,0,-10.098603,0.10141710937023163,0.9983193278312683,0.8845378160476685
YLR005W,YHL009C,0,-10.099079,0.10139979422092438,0.9983193278312683,0.8847059011459351
YOR079C,YPL190C,0,-10.101199,0.10138248652219772,0.9983193278312683,0.8848739266395569
YGL192W,YMR216C,0,-10.103774,0.10136518627405167,0.9983193278312683,0.8850420117378235
YJR076C,YBR275C,0,-10.106165,0.1013478934764862,0.9983193278312683,0.8852100968360901
YBR039W,YDR059C,0,-10.106515,0.10133060067892075,0.9983193278312683,0.8853781223297119
YCL055W,YDR386W,0,-10.107708,0.10131332278251648,0.9983193278312683,0.8855462074279785
YNR010W,YBR024W,0,-10.109675,0.10129604488611221,0.9983193278312683,0.8857142925262451
YNL270C,YBR162C,0,-10.109813,0.10127877444028854,0.9983193278312683,0.8858823776245117
YBL033C,YDR189W,0,-10.110834,0.10126150399446487,0.9983193278312683,0.8860504031181335
YBL093C,YOL129W,0,-10.113286,0.1012442484498024,0.9983193278312683,0.8862184882164001
YHR061C,YGR268C,0,-10.113418,0.10122699290513992,0.9983193278312683,0.8863865733146667
YBR231C,YJL129C,0,-10.114708,0.10120974481105804,0.9983193278312683,0.8865545988082886
YHR116W,YIL109C,0,-10.115262,0.10119250416755676,0.9983193278312683,0.8867226839065552
YDL142C,YGL011C,0,-10.116857,0.10117527097463608,0.9983193278312683,0.8868907690048218
YDR388W,YML098W,0,-10.118328,0.1011580377817154,0.9983193278312683,0.8870587944984436
YAL044C,YJL214W,0,-10.121974,0.1011408120393753,0.9983193278312683,0.8872268795967102
YKL165C,YGL053W,0,-10.124854,0.10112359374761581,0.9983193278312683,0.8873949646949768
YJL214W,YDL232W,0,-10.126802,0.10110638290643692,0.9983193278312683,0.8875630497932434
YIL159W,YGL178W,0,-10.131822,0.10108917951583862,0.9983193278312683,0.8877310752868652
YOL077W-A,YHR084W,0,-10.132276,0.10107197612524033,0.9983193278312683,0.8878991603851318
YDR515W,YJL129C,0,-10.132634,0.10105478018522263,0.9983193278312683,0.8880672454833984
YIL034C,YPR046W,0,-10.135373,0.10103759169578552,0.9983193278312683,0.8882352709770203
YPL151C,YOR064C,0,-10.137429,0.10102041065692902,0.9983193278312683,0.8884033560752869
YPR072W,YBR275C,0,-10.137852,0.10100322961807251,0.9983193278312683,0.8885714411735535
YMR021C,YHR161C,0,-10.13824,0.1009860560297966,0.9983193278312683,0.8887394666671753
YPL060W,YPL208W,0,-10.139324,0.10096888989210129,0.9983193278312683,0.8889075517654419
YPL192C,YGR192C,0,-10.140979,0.10095173120498657,0.9983193278312683,0.8890756368637085
YPL269W,YFL018C,0,-10.141486,0.10093457996845245,0.9983193278312683,0.8892437219619751
YIL120W,YGL175C,0,-10.147844,0.10091742873191833,0.9983193278312683,0.8894117474555969
YER165W,YBR077C,0,-10.151252,0.10090029239654541,0.9983193278312683,0.8895798325538635
YMR138W,YOL105C,0,-10.154813,0.10088314861059189,0.9983193278312683,0.8897479176521301
YDR423C,YDL128W,0,-10.155303,0.10086601972579956,0.9983193278312683,0.889915943145752
YDL154W,YLR166C,0,-10.157256,0.10084889829158783,0.9983193278312683,0.8900840282440186
YIL155C,YJL034W,0,-10.158175,0.1008317768573761,0.9983193278312683,0.8902521133422852
YOL013C,YGL124C,0,-10.164225,0.10081466287374496,0.9983193278312683,0.890420138835907
YCR038C,YDR498C,0,-10.165743,0.10079755634069443,0.9983193278312683,0.8905882239341736
YJR092W,YKR055W,0,-10.165934,0.10078045725822449,0.9983193278312683,0.8907563090324402
YOL049W,YIL002C,0,-10.168237,0.10076335817575455,0.9983193278312683,0.8909243941307068
YDL232W,YML049C,0,-10.168519,0.1007462665438652,0.9983193278312683,0.8910924196243286
YKL146W,YLR240W,0,-10.171195,0.10072918236255646,0.9983193278312683,0.8912605047225952
YKL018W,YGR181W,0,-10.171823,0.10071210563182831,0.9983193278312683,0.8914285898208618
YOR322C,YMR224C,0,-10.173627,0.10069503635168076,0.9983193278312683,0.8915966153144836
YHR124W,YPR086W,0,-10.174631,0.1006779670715332,0.9983193278312683,0.8917647004127502
YOL039W,YDR453C,0,-10.1765585,0.10066090524196625,0.9983193278312683,0.8919327855110168
YER088C,YML092C,0,-10.176734,0.10064385086297989,0.9983193278312683,0.8921008110046387
YJR017C,YJR102C,0,-10.179497,0.10062679648399353,0.9983193278312683,0.8922688961029053
YKL093W,YKR007W,0,-10.180355,0.10060975700616837,0.9983193278312683,0.8924369812011719
YLR381W,YHR174W,0,-10.181802,0.1005927175283432,0.9983193278312683,0.8926050662994385
YOR144C,YLR329W,0,-10.1863785,0.10057568550109863,0.9983193278312683,0.8927730917930603
YIR041W,YEL041W,0,-10.188171,0.10055866092443466,0.9983193278312683,0.8929411768913269
YMR232W,YJL184W,0,-10.188534,0.10054163634777069,0.9983193278312683,0.8931092619895935
YPL110C,YLR277C,0,-10.190583,0.10052462667226791,0.9983193278312683,0.8932772874832153
YGR258C,YOL105C,0,-10.192519,0.10050761699676514,0.9983193278312683,0.8934453725814819
YDR498C,YLR135W,0,-10.19374,0.10049060732126236,0.9983193278312683,0.8936134576797485
YMR225C,YDR456W,0,-10.203452,0.10047361254692078,0.9983193278312683,0.8937814831733704
YGL155W,YPL224C,0,-10.203871,0.1004566177725792,0.9983193278312683,0.893949568271637
YPL110C,YHR194W,0,-10.207121,0.1004396378993988,0.9983193278312683,0.8941176533699036
YPR095C,YEL004W,0,-10.211702,0.10042265057563782,0.9983193278312683,0.8942857384681702
YHR171W,YPR057W,0,-10.211831,0.10040567815303802,0.9983193278312683,0.894453763961792
YPL224C,YGL124C,0,-10.212495,0.10038871318101883,0.9983193278312683,0.8946218490600586
YDR318W,YOR172W,0,-10.213191,0.10037174820899963,0.9983193278312683,0.8947899341583252
YIL034C,YNL088W,0,-10.214486,0.10035479068756104,0.9983193278312683,0.894957959651947
YMR069W,YPR094W,0,-10.217441,0.10033784061670303,0.9983193278312683,0.8951260447502136
YPL110C,YMR026C,0,-10.218799,0.10032089054584503,0.9983193278312683,0.8952941298484802
YJR140C,YOR123C,0,-10.220712,0.10030394792556763,0.9983193278312683,0.895462155342102
YPL100W,YOR064C,0,-10.222325,0.10028702020645142,0.9983193278312683,0.8956302404403687
YDR423C,YGL008C,0,-10.227576,0.10027008503675461,0.9983193278312683,0.8957983255386353
YCL055W,YDR481C,0,-10.22857,0.100253164768219,0.9983193278312683,0.8959664106369019
YPL224C,YDL042C,0,-10.228935,0.10023624449968338,0.9983193278312683,0.8961344361305237
YPL202C,YOL077W-A,0,-10.229236,0.10021933168172836,0.9983193278312683,0.8963025212287903
YNL127W,YGR222W,0,-10.229716,0.10020242631435394,0.9983193278312683,0.8964706063270569
YOR329C,YLR277C,0,-10.230749,0.10018552839756012,0.9983193278312683,0.8966386318206787
YBR177C,YBL061C,0,-10.236974,0.1001686304807663,0.9983193278312683,0.8968067169189453
YKL191W,YPR086W,0,-10.240603,0.10015174746513367,0.9983193278312683,0.8969748020172119
YOR036W,YLR424W,0,-10.24125,0.10013486444950104,0.9983193278312683,0.8971428275108337
YDL145C,YJL065C,0,-10.244084,0.10011798143386841,0.9983193278312683,0.8973109126091003
YGR224W,YGL053W,0,-10.244902,0.10010111331939697,0.9983193278312683,0.8974789977073669
YGL084C,YBL093C,0,-10.245594,0.10008424520492554,0.9983193278312683,0.8976470828056335
YJR140C,YOL013C,0,-10.245642,0.1000673845410347,0.9983193278312683,0.8978151082992554
YJR022W,YAL015C,0,-10.245798,0.10005053132772446,0.9983193278312683,0.897983193397522
YPR057W,YDR318W,0,-10.246999,0.10003367811441422,0.9983193278312683,0.8981512784957886
YMR224C,YBL050W,0,-10.248853,0.10001683980226517,0.9983193278312683,0.8983193039894104
YER169W,YMR005W,0,-10.249763,0.10000000149011612,0.9983193278312683,0.898487389087677
YBR210W,YML062C,0,-10.251143,0.09998317062854767,0.9983193278312683,0.8986554741859436
YPR094W,YBR152W,0,-10.252521,0.09996633976697922,0.9983193278312683,0.8988234996795654
YOL156W,YMR073C,0,-10.253993,0.09994952380657196,0.9983193278312683,0.898991584777832
YNL323W,YHR023W,0,-10.255488,0.0999327078461647,0.9983193278312683,0.8991596698760986
YGL247W,YFL011W,0,-10.2578745,0.09991589933633804,0.9983193278312683,0.8993277549743652
YNL136W,YMR069W,0,-10.260229,0.09989909082651138,0.9983193278312683,0.8994957804679871
YGR222W,YML092C,0,-10.260295,0.09988229721784592,0.9983193278312683,0.8996638655662537
YJR140C,YCL043C,0,-10.264285,0.09986550360918045,0.9983193278312683,0.8998319506645203
YAL042W,YDL058W,0,-10.266692,0.09984871745109558,0.9983193278312683,0.8999999761581421
YNL149C,YPR065W,0,-10.271779,0.09983193129301071,0.9983193278312683,0.9001680612564087
YER089C,YDR359C,0,-10.273094,0.09981516003608704,0.9983193278312683,0.9003361463546753
YML102W,YDR163W,0,-10.274265,0.09979838877916336,0.9983193278312683,0.9005042314529419
YJL184W,YJL026W,0,-10.280885,0.09978162497282028,0.9983193278312683,0.9006722569465637
YOR144C,YHR158C,0,-10.285104,0.0997648611664772,0.9983193278312683,0.9008403420448303
YJL165C,YHL036W,0,-10.286976,0.09974811226129532,0.9983193278312683,0.9010084271430969
YPL060W,YMR047C,0,-10.290473,0.09973136335611343,0.9983193278312683,0.9011764526367188
YNL210W,YIR041W,0,-10.291604,0.09971462190151215,0.9983193278312683,0.9013445377349854
YNL014W,YPR083W,0,-10.292968,0.09969788789749146,0.9983193278312683,0.901512622833252
YDR122W,YLR059C,0,-10.296753,0.09968115389347076,0.9983193278312683,0.9016806483268738
YMR052W,YGR063C,0,-10.297576,0.09966442734003067,0.9983193278312683,0.9018487334251404
YNL074C,YKR002W,0,-10.303928,0.09964770823717117,0.9983193278312683,0.902016818523407
YMR052W,YDL230W,0,-10.303983,0.09963099658489227,0.9983193278312683,0.9021849036216736
YCL055W,YOR148C,0,-10.30486,0.09961428493261337,0.9983193278312683,0.9023529291152954
YGL035C,YCR042C,0,-10.305725,0.09959758818149567,0.9983193278312683,0.902521014213562
YDR485C,YMR089C,0,-10.316098,0.09958089143037796,0.9983193278312683,0.9026890993118286
YCR083W,YKL080W,0,-10.316258,0.09956419467926025,0.9983193278312683,0.9028571248054504
YAL007C,YOL049W,0,-10.321668,0.09954751282930374,0.9983193278312683,0.903025209903717
YDR202C,YNR006W,0,-10.328679,0.09953083097934723,0.9983193278312683,0.9031932950019836
YKL085W,YER075C,0,-10.332831,0.09951415657997131,0.9983193278312683,0.9033613204956055
YLL019C,YKL079W,0,-10.333354,0.099497489631176,0.9983193278312683,0.9035294055938721
YPL202C,YPL010W,0,-10.343456,0.09948082268238068,0.9983193278312683,0.9036974906921387
YOR179C,YGR181W,0,-10.344432,0.09946416318416595,0.9983193278312683,0.9038655757904053
YPR046W,YOR149C,0,-10.3448515,0.09944751113653183,0.9983193278312683,0.9040336012840271
YOR034C,YLR248W,0,-10.345247,0.0994308665394783,0.9983193278312683,0.9042016863822937
YDR273W,YDR277C,0,-10.347126,0.09941422939300537,0.9983193278312683,0.9043697714805603
YPR072W,YIL129C,0,-10.348208,0.09939759224653244,0.9983193278312683,0.9045377969741821
YLR424W,YGL098W,0,-10.353093,0.0993809625506401,0.9983193278312683,0.9047058820724487
YCL004W,YOR087W,0,-10.355249,0.09936433285474777,0.9983193278312683,0.9048739671707153
YDR189W,YBR273C,0,-10.355883,0.09934771806001663,0.9983193278312683,0.9050419926643372
YIL030C,YDR460W,0,-10.356857,0.09933110326528549,0.9983193278312683,0.9052100777626038
YAL007C,YKL093W,0,-10.3582,0.09931449592113495,0.9983193278312683,0.9053781628608704
YJR070C,YER008C,0,-10.362855,0.099297896027565,0.9983193278312683,0.905546247959137
YHR187W,YLR240W,0,-10.366043,0.09928129613399506,0.9983193278312683,0.9057142734527588
YDR116C,YMR139W,0,-10.367475,0.0992647036910057,0.9983193278312683,0.9058823585510254
YHR187W,YJR010C-A,0,-10.368378,0.09924811869859695,0.9983193278312683,0.906050443649292
YJR140C,YDL230W,0,-10.369371,0.0992315411567688,0.9983193278312683,0.9062184691429138
YHR019C,YBL080C,0,-10.369681,0.09921496361494064,0.9983193278312683,0.9063865542411804
YDL197C,YOR064C,0,-10.370239,0.09919839352369308,0.9983193278312683,0.906554639339447
YDR081C,YDL098C,0,-10.370458,0.09918183088302612,0.9983193278312683,0.9067226648330688
YKL016C,YOL045W,0,-10.3729725,0.09916527569293976,0.9983193278312683,0.9068907499313354
YMR047C,YOR103C,0,-10.374928,0.0991487205028534,0.9983193278312683,0.907058835029602
YMR072W,YDL126C,0,-10.379801,0.09913217276334763,0.9983193278312683,0.9072269201278687
YCR009C,YNR023W,0,-10.379853,0.09911563247442245,0.9983193278312683,0.9073949456214905
YDR423C,YLR066W,0,-10.383146,0.09909909963607788,0.9983193278312683,0.9075630307197571
YFR030W,YPR134W,0,-10.38617,0.0990825667977333,0.9983193278312683,0.9077311158180237
YER044C,YNL127W,0,-10.388241,0.09906604140996933,0.9983193278312683,0.9078991413116455
YLR215C,YPL171C,0,-10.390377,0.09904952347278595,0.9983193278312683,0.9080672264099121
YNL026W,YLR026C,0,-10.399802,0.09903301298618317,0.9983193278312683,0.9082353115081787
YKL085W,YPR072W,0,-10.401377,0.09901650249958038,0.9983193278312683,0.9084033370018005
YDR202C,YIL109C,0,-10.401933,0.0989999994635582,0.9983193278312683,0.9085714221000671
YOR249C,YIL053W,0,-10.402198,0.09898350387811661,0.9983193278312683,0.9087395071983337
YBR008C,YBR218C,0,-10.403687,0.09896700829267502,0.9983193278312683,0.9089075922966003
YDR205W,YDR425W,0,-10.409053,0.09895052760839462,0.9983193278312683,0.9090756177902222
YOR036W,YOL113W,0,-10.417739,0.09893404692411423,0.9983193278312683,0.9092437028884888
YMR150C,YNL312W,0,-10.419347,0.09891756623983383,0.9983193278312683,0.9094117879867554
YDR191W,YGL124C,0,-10.419833,0.09890110045671463,0.9983193278312683,0.9095798134803772
YPL110C,YJR086W,0,-10.420507,0.09888463467359543,0.9983193278312683,0.9097478985786438
YOR034C,YGR224W,0,-10.422579,0.09886817634105682,0.9983193278312683,0.9099159836769104
YMR162C,YFR013W,0,-10.42261,0.09885172545909882,0.9983193278312683,0.9100840091705322
YGL143C,YCR009C,0,-10.430152,0.09883527457714081,0.9983193278312683,0.9102520942687988
YLR005W,YNR006W,0,-10.4304695,0.0988188311457634,0.9983193278312683,0.9104201793670654
YLR381W,YKR002W,0,-10.432858,0.09880239516496658,0.9983193278312683,0.910588264465332
YAL015C,YBR050C,0,-10.436141,0.09878596663475037,0.9983193278312683,0.9107562899589539
YPL248C,YGL142C,0,-10.439679,0.09876953810453415,0.9983193278312683,0.9109243750572205
YML008C,YML049C,0,-10.439929,0.09875311702489853,0.9983193278312683,0.9110924601554871
YKR007W,YPL234C,0,-10.440934,0.0987367033958435,0.9983193278312683,0.9112604856491089
YLR304C,YER179W,0,-10.441339,0.09872028976678848,0.9983193278312683,0.9114285707473755
YGR024C,YMR203W,0,-10.442453,0.09870389103889465,0.9983193278312683,0.9115966558456421
YCL055W,YBR050C,0,-10.443604,0.09868749231100082,0.9983193278312683,0.9117646813392639
YLR116W,YEL041W,0,-10.446106,0.098671093583107,0.9983193278312683,0.9119327664375305
YGR239C,YEL041W,0,-10.450642,0.09865470975637436,0.9983193278312683,0.9121008515357971
YJR140C,YMR073C,0,-10.452055,0.09863832592964172,0.9983193278312683,0.9122689366340637
YDR325W,YOR172W,0,-10.457271,0.09862194955348969,0.9983193278312683,0.9124369621276855
YNL281W,YFR034C,0,-10.457539,0.09860558062791824,0.9983193278312683,0.9126050472259521
YMR012W,YJL128C,0,-10.465223,0.0985892117023468,0.9983193278312683,0.9127731323242188
YCR048W,YML073C,0,-10.467599,0.09857285022735596,0.9983193278312683,0.9129411578178406
YOR330C,YML055W,0,-10.468371,0.09855649620294571,0.9983193278312683,0.9131092429161072
YOL038W,YLR417W,0,-10.471377,0.09854014962911606,0.9983193278312683,0.9132773280143738
YHR187W,YBR273C,0,-10.471542,0.09852380305528641,0.9983193278312683,0.9134453535079956
YMR012W,YMR284W,0,-10.477444,0.09850746393203735,0.9983193278312683,0.9136134386062622
YGL124C,YOR064C,0,-10.47975,0.0984911322593689,0.9983193278312683,0.9137815237045288
YGL003C,YOL133W,0,-10.483002,0.09847480058670044,0.9983193278312683,0.9139496088027954
YER068W,YPL171C,0,-10.483697,0.09845847636461258,0.9983193278312683,0.9141176342964172
YLR219W,YPR086W,0,-10.488063,0.09844215959310532,0.9983193278312683,0.9142857193946838
YPR154W,YML055W,0,-10.4892235,0.09842585027217865,0.9983193278312683,0.9144538044929504
YDR480W,YML049C,0,-10.489926,0.09840954095125198,0.9983193278312683,0.9146218299865723
YMR109W,YLR135W,0,-10.49488,0.09839323908090591,0.9983193278312683,0.9147899150848389
YPL059W,YJR102C,0,-10.497459,0.09837694466114044,0.9983193278312683,0.9149580001831055
YPL177C,YNL164C,0,-10.497492,0.09836065769195557,0.9983193278312683,0.9151260256767273
YCR048W,YLR262C,0,-10.497638,0.09834437072277069,0.9983193278312683,0.9152941107749939
YIL120W,YGR258C,0,-10.499456,0.09832809120416641,0.9983193278312683,0.9154621958732605
YDR208W,YOR036W,0,-10.499501,0.09831181913614273,0.9983193278312683,0.9156302809715271
YPR086W,YHR161C,0,-10.499836,0.09829554706811905,0.9983193278312683,0.9157983064651489
YOR180C,YIR015W,0,-10.501443,0.09827928245067596,0.9983193278312683,0.9159663915634155
YEL037C,YOL129W,0,-10.501879,0.09826302528381348,0.9983193278312683,0.9161344766616821
YER142C,YEL037C,0,-10.503692,0.09824677556753159,0.9983193278312683,0.916302502155304
YPR025C,YIL061C,0,-10.503802,0.0982305258512497,0.9983193278312683,0.9164705872535706
YER044C,YCL004W,0,-10.507121,0.0982142835855484,0.9983193278312683,0.9166386723518372
YHR124W,YJL145W,0,-10.507434,0.0981980487704277,0.9983193278312683,0.916806697845459
YLR025W,YLR193C,0,-10.511094,0.0981818214058876,0.9983193278312683,0.9169747829437256
YBL102W,YDR425W,0,-10.511397,0.0981655940413475,0.9983193278312683,0.9171428680419922
YOR349W,YMR284W,0,-10.511928,0.098149374127388,0.9983193278312683,0.9173109531402588
YBR024W,YDR515W,0,-10.52355,0.0981331542134285,0.9983193278312683,0.9174789786338806
YMR232W,YJL128C,0,-10.529042,0.09811694920063019,0.9983193278312683,0.9176470637321472
YDL175C,YBR273C,0,-10.5303335,0.09810074418783188,0.9983193278312683,0.9178151488304138
YNL136W,YML015C,0,-10.532718,0.09808454662561417,0.9983193278312683,0.9179831743240356
YLR133W,YCL016C,0,-10.534045,0.09806834906339645,0.9983193278312683,0.9181512594223022
YPR020W,YCL014W,0,-10.535043,0.09805215895175934,0.9983193278312683,0.9183193445205688
YLR242C,YDL142C,0,-10.536647,0.09803597629070282,0.9983193278312683,0.9184873700141907
YOL133W,YDR456W,0,-10.536757,0.0980198010802269,0.9983193278312683,0.9186554551124573
YLR377C,YLR025W,0,-10.541216,0.09800363332033157,0.9983193278312683,0.9188235402107239
YDL079C,YBR273C,0,-10.541486,0.09798746556043625,0.9983193278312683,0.9189916253089905
YKR002W,YMR139W,0,-10.54534,0.09797129780054092,0.9983193278312683,0.9191596508026123
YOR249C,YNR023W,0,-10.547112,0.0979551449418068,0.9983193278312683,0.9193277359008789
YNL148C,YFL017W-A,0,-10.548436,0.09793899208307266,0.9983193278312683,0.9194958209991455
YHR073W,YDR202C,0,-10.551437,0.09792284667491913,0.9983193278312683,0.9196638464927673
YNL074C,YPR052C,0,-10.552731,0.09790670871734619,0.9983193278312683,0.9198319315910339
YCL055W,YIL022W,0,-10.55912,0.09789057075977325,0.9983193278312683,0.9200000166893005
YGL151W,YCR083W,0,-10.562705,0.09787444025278091,0.9983193278312683,0.9201680421829224
YOL164W,YAL042W,0,-10.563697,0.09785831719636917,0.9983193278312683,0.920336127281189
YGL151W,YJL048C,0,-10.563765,0.09784220159053802,0.9983193278312683,0.9205042123794556
YOR036W,YOR064C,0,-10.56916,0.09782608598470688,0.9983193278312683,0.9206722974777222
YIL061C,YNL304W,0,-10.570015,0.09780997782945633,0.9983193278312683,0.920840322971344
YDR481C,YEL004W,0,-10.57014,0.09779387712478638,0.9983193278312683,0.9210084080696106
YNL039W,YOR349W,0,-10.573861,0.09777777642011642,0.9983193278312683,0.9211764931678772
YOR005C,YOR064C,0,-10.575494,0.09776168316602707,0.9983193278312683,0.921344518661499
YLR381W,YHR016C,0,-10.580311,0.09774559736251831,0.9983193278312683,0.9215126037597656
YFL011W,YPR094W,0,-10.580349,0.09772951900959015,0.9983193278312683,0.9216806888580322
YGL073W,YDL006W,0,-10.580632,0.09771344065666199,0.9983193278312683,0.921848714351654
YFR052W,YEL051W,0,-10.58378,0.09769736975431442,0.9983193278312683,0.9220167994499207
YCL004W,YDR310C,0,-10.584489,0.09768129885196686,0.9983193278312683,0.9221848845481873
YKL112W,YIR005W,0,-10.590778,0.09766524285078049,0.9983193278312683,0.9223529696464539
YBR240C,YBR127C,0,-10.596279,0.09764918684959412,0.9983193278312683,0.9225209951400757
YNL127W,YDR009W,0,-10.599265,0.09763313829898834,0.9983193278312683,0.9226890802383423
YGL006W,YDR379W,0,-10.6066065,0.09761708974838257,0.9983193278312683,0.9228571653366089
YML092C,YER075C,0,-10.606685,0.09760104864835739,0.9983193278312683,0.9230251908302307
YNR010W,YDR481C,0,-10.606749,0.09758501499891281,0.9983193278312683,0.9231932759284973
YLR381W,YBL061C,0,-10.610544,0.09756898880004883,0.9983193278312683,0.9233613610267639
YPL018W,YCL008C,0,-10.611798,0.09755296260118484,0.9983193278312683,0.9235293865203857
YMR005W,YNL131W,0,-10.6174345,0.09753694385290146,0.9983193278312683,0.9236974716186523
YGL151W,YER003C,0,-10.618367,0.09752093255519867,0.9983193278312683,0.923865556716919
YNL280C,YNL312W,0,-10.622806,0.09750492125749588,0.9983193278312683,0.9240336418151855
YMR026C,YIR022W,0,-10.626315,0.09748892486095428,0.9983193278312683,0.9242016673088074
YHR171W,YKL042W,0,-10.627366,0.09747292101383209,0.9983193278312683,0.924369752407074
YDR301W,YHR116W,0,-10.63288,0.0974569320678711,0.9983193278312683,0.9245378375053406
YMR041C,YPR138C,0,-10.637954,0.0974409431219101,0.9983193278312683,0.9247058629989624
YDR423C,YDR386W,0,-10.638487,0.0974249616265297,0.9983193278312683,0.924873948097229
YHL036W,YPL153C,0,-10.640083,0.09740898758172989,0.9983193278312683,0.9250420331954956
YDL013W,YOL009C,0,-10.6411,0.09739301353693008,0.9983193278312683,0.9252100586891174
YJR131W,YOL113W,0,-10.644858,0.09737704694271088,0.9983193278312683,0.925378143787384
YLR394W,YPR072W,0,-10.645169,0.09736108779907227,0.9983193278312683,0.9255462288856506
YJL214W,YJR086W,0,-10.654717,0.09734513610601425,0.9983193278312683,0.9257143139839172
YFL029C,YMR109W,0,-10.654938,0.09732918441295624,0.9983193278312683,0.9258823394775391
YJL102W,YER075C,0,-10.657076,0.09731324017047882,0.9983193278312683,0.9260504245758057
YDL197C,YGR284C,0,-10.657614,0.0972972959280014,0.9983193278312683,0.9262185096740723
YFL048C,YMR029C,0,-10.65817,0.09728135913610458,0.9983193278312683,0.9263865351676941
YIL119C,YLR424W,0,-10.661003,0.09726542979478836,0.9983193278312683,0.9265546202659607
YMR041C,YBR129C,0,-10.662727,0.09724950790405273,0.9983193278312683,0.9267227053642273
YOL156W,YLR006C,0,-10.663096,0.0972335934638977,0.9983193278312683,0.9268907308578491
YGL151W,YNL312W,0,-10.663671,0.09721767902374268,0.9983193278312683,0.9270588159561157
YBR164C,YMR150C,0,-10.6676655,0.09720176458358765,0.9983193278312683,0.9272269010543823
YKL195W,YKR002W,0,-10.670002,0.09718586504459381,0.9983193278312683,0.9273949861526489
YDR423C,YER044C,0,-10.67218,0.09716996550559998,0.9983193278312683,0.9275630116462708
YER169W,YGL004C,0,-10.674188,0.09715407341718674,0.9983193278312683,0.9277310967445374
YHR116W,YHR161C,0,-10.675943,0.0971381813287735,0.9983193278312683,0.927899181842804
YLR127C,YNL210W,0,-10.6818495,0.09712230414152145,0.9983193278312683,0.9280672073364258
YBR164C,YHR116W,0,-10.689098,0.09710642695426941,0.9983193278312683,0.9282352924346924
YJL006C,YLL026W,0,-10.693889,0.09709054976701736,0.9983193278312683,0.928403377532959
YPL010W,YDR308C,0,-10.695698,0.09707468748092651,0.9983193278312683,0.9285714030265808
YJR140C,YBL080C,0,-10.702678,0.09705882519483566,0.9983193278312683,0.9287394881248474
YNR010W,YDL181W,0,-10.706795,0.09704297035932541,0.9983193278312683,0.928907573223114
YLR078C,YCL004W,0,-10.716067,0.09702711552381516,0.9983193278312683,0.9290756583213806
YMR184W,YNR023W,0,-10.718093,0.0970112681388855,0.9983193278312683,0.9292436838150024
YLR127C,YDR207C,0,-10.720399,0.09699542820453644,0.9983193278312683,0.929411768913269
YDL008W,YFL013C,0,-10.723155,0.09697958827018738,0.9983193278312683,0.9295798540115356
YBR083W,YLR262C,0,-10.7275915,0.09696376323699951,0.9983193278312683,0.9297478795051575
YLL015W,YKL055C,0,-10.729692,0.09694793820381165,0.9983193278312683,0.9299159646034241
YIL159W,YOL133W,0,-10.730704,0.09693211317062378,0.9983193278312683,0.9300840497016907
YKL093W,YPR155C,0,-10.731769,0.0969163030385971,0.9983193278312683,0.9302520751953125
YIL036W,YCR009C,0,-10.732719,0.09690049290657043,0.9983193278312683,0.9304201602935791
YBR065C,YJL102W,0,-10.733555,0.09688468277454376,0.9983193278312683,0.9305882453918457
YNL039W,YJL052W,0,-10.739057,0.09686888754367828,0.9983193278312683,0.9307563304901123
YHR116W,YGR218W,0,-10.742027,0.0968530923128128,0.9983193278312683,0.9309243559837341
YNL009W,YDR335W,0,-10.745598,0.09683729708194733,0.9983193278312683,0.9310924410820007
YNL210W,YOR036W,0,-10.747028,0.09682151675224304,0.9983193278312683,0.9312605261802673
YMR119W,YAL032C,0,-10.747303,0.09680573642253876,0.9983193278312683,0.9314285516738892
YOL126C,YOR064C,0,-10.749582,0.09678996354341507,0.9983193278312683,0.9315966367721558
YOR171C,YOL129W,0,-10.750751,0.09677419066429138,0.9983193278312683,0.9317647218704224
YPR188C,YNR006W,0,-10.752577,0.09675843268632889,0.9983193278312683,0.9319327473640442
YMR029C,YLR166C,0,-10.753797,0.0967426747083664,0.9983193278312683,0.9321008324623108
YGL190C,YPL060W,0,-10.758262,0.0967269167304039,0.9983193278312683,0.9322689175605774
YDR480W,YDR425W,0,-10.7608,0.096711166203022,0.9983193278312683,0.932437002658844
YBR073W,YNL131W,0,-10.761909,0.0966954231262207,0.9983193278312683,0.9326050281524658
YFR013W,YLR424W,0,-10.762771,0.0966796875,0.9983193278312683,0.9327731132507324
YFL041W,YJL102W,0,-10.763915,0.0966639518737793,0.9983193278312683,0.932941198348999
YML092C,YOL031C,0,-10.765762,0.09664822369813919,0.9983193278312683,0.9331092238426208
YKL208W,YNL262W,0,-10.768817,0.09663250297307968,0.9983193278312683,0.9332773089408875
YCL025C,YDR301W,0,-10.771806,0.09661678224802017,0.9983193278312683,0.933445394039154
YIL002C,YBR273C,0,-10.78535,0.09660107642412186,0.9983193278312683,0.9336134195327759
YOR034C,YBR008C,0,-10.790461,0.09658536314964294,0.9983193278312683,0.9337815046310425
YOR005C,YDR310C,0,-10.797345,0.09656966477632523,0.9983193278312683,0.9339495897293091
YJR093C,YNL304W,0,-10.799417,0.09655396640300751,0.9983193278312683,0.9341176748275757
YFR052W,YNL044W,0,-10.801202,0.09653827548027039,0.9983193278312683,0.9342857003211975
YDL197C,YGR033C,0,-10.802709,0.09652258455753326,0.9983193278312683,0.9344537854194641
YAL044C,YHR158C,0,-10.802726,0.09650690853595734,0.9983193278312683,0.9346218705177307
YJR093C,YHL036W,0,-10.805232,0.09649122506380081,0.9983193278312683,0.9347898960113525
YMR091C,YJL203W,0,-10.814515,0.09647555649280548,0.9983193278312683,0.9349579811096191
YFL013C,YCR009C,0,-10.819583,0.09645988792181015,0.9983193278312683,0.9351260662078857
YNL136W,YNR015W,0,-10.821044,0.09644422680139542,0.9983193278312683,0.9352940917015076
YFL021W,YKL166C,0,-10.821842,0.09642857313156128,0.9983193278312683,0.9354621767997742
YPL118W,YLR135W,0,-10.825127,0.09641291946172714,0.9983193278312683,0.9356302618980408
YGL143C,YDR425W,0,-10.829294,0.0963972732424736,0.9983193278312683,0.9357983469963074
YFL029C,YHR039C,0,-10.832547,0.09638163447380066,0.9983193278312683,0.9359663724899292
YOR149C,YLR240W,0,-10.834343,0.09636599570512772,0.9983193278312683,0.9361344575881958
YDR180W,YOL122C,0,-10.835905,0.09635036438703537,0.9983193278312683,0.9363025426864624
YHR171W,YFR029W,0,-10.837413,0.09633474051952362,0.9983193278312683,0.9364705681800842
YOL049W,YGL053W,0,-10.837748,0.09631911665201187,0.9983193278312683,0.9366386532783508
YGR224W,YBL080C,0,-10.838807,0.09630350023508072,0.9983193278312683,0.9368067383766174
YGR003W,YDR273W,0,-10.840278,0.09628789126873016,0.9983193278312683,0.9369747638702393
YLR133W,YDR481C,0,-10.84219,0.09627228230237961,0.9983193278312683,0.9371428489685059
YER075C,YLR006C,0,-10.847245,0.09625668078660965,0.9983193278312683,0.9373109340667725
YJR140C,YNL044W,0,-10.848556,0.09624108672142029,0.9983193278312683,0.9374790191650391
YER031C,YNL241C,0,-10.854856,0.09622550010681152,0.9983193278312683,0.9376470446586609
YLL015W,YIL084C,0,-10.857785,0.09620991349220276,0.9983193278312683,0.9378151297569275
YDL175C,YBR258C,0,-10.858115,0.09619433432817459,0.9983193278312683,0.9379832148551941
YLR127C,YCR061W,0,-10.866925,0.09617875516414642,0.9983193278312683,0.9381512403488159
YBR278W,YKL055C,0,-10.870789,0.09616318345069885,0.9983193278312683,0.9383193254470825
YDR205W,YML098W,0,-10.872916,0.09614761918783188,0.9983193278312683,0.9384874105453491
YFL048C,YGL073W,0,-10.882906,0.0961320623755455,0.9983193278312683,0.938655436038971
YOR002W,YGR181W,0,-10.884597,0.09611650556325912,0.9983193278312683,0.9388235211372375
YER028C,YOL045W,0,-10.893786,0.09610095620155334,0.9983193278312683,0.9389916062355042
YDL013W,YOL108C,0,-10.893927,0.09608540683984756,0.9983193278312683,0.9391596913337708
YLR007W,YFR003C,0,-10.895166,0.09606987237930298,0.9983193278312683,0.9393277168273926
YBR068C,YPL258C,0,-10.899218,0.0960543304681778,0.9983193278312683,0.9394958019256592
YOR349W,YLR081W,0,-10.89988,0.0960388034582138,0.9983193278312683,0.9396638870239258
YOR037W,YMR106C,0,-10.900961,0.09602327644824982,0.9983193278312683,0.9398319125175476
YPL153C,YKR055W,0,-10.911601,0.09600775688886642,0.9983193278312683,0.9399999976158142
YFR029W,YDR498C,0,-10.919322,0.09599224478006363,0.9983193278312683,0.9401680827140808
YIL070C,YDR208W,0,-10.919393,0.09597673267126083,0.9983193278312683,0.9403361082077026
YNL008C,YNR006W,0,-10.922396,0.09596122801303864,0.9983193278312683,0.9405041933059692
YDL142C,YDR425W,0,-10.926858,0.09594573080539703,0.9983193278312683,0.9406722784042358
YOR330C,YMR201C,0,-10.929598,0.09593023359775543,0.9983193278312683,0.9408403635025024
YDL175C,YBR105C,0,-10.929704,0.09591474384069443,0.9983193278312683,0.9410083889961243
YKL016C,YDR425W,0,-10.931271,0.09589925408363342,0.9983193278312683,0.9411764740943909
YNL312W,YNR023W,0,-10.933751,0.09588377922773361,0.9983193278312683,0.9413445591926575
YKL139W,YLR248W,0,-10.935982,0.0958683043718338,0.9983193278312683,0.9415125846862793
YPL026C,YCR053W,0,-10.939219,0.09585282951593399,0.9983193278312683,0.9416806697845459
YPL153C,YOL113W,0,-10.939458,0.09583736956119537,0.9983193278312683,0.9418487548828125
YPL192C,YHR163W,0,-10.941245,0.09582190960645676,0.9983193278312683,0.9420167803764343
YML062C,YPR154W,0,-10.944194,0.09580644965171814,0.9983193278312683,0.9421848654747009
YPR083W,YAL015C,0,-10.944961,0.09579100459814072,0.9983193278312683,0.9423529505729675
YOR249C,YLR066W,0,-10.948891,0.0957755595445633,0.9983193278312683,0.9425210356712341
YKR002W,YDL006W,0,-10.949742,0.09576011449098587,0.9983193278312683,0.942689061164856
YDR081C,YGL013C,0,-10.95101,0.09574468433856964,0.9983193278312683,0.9428571462631226
YDL197C,YHR181W,0,-10.95258,0.09572925418615341,0.9983193278312683,0.9430252313613892
YPL100W,YFL048C,0,-10.952824,0.09571382403373718,0.9983193278312683,0.943193256855011
YCL004W,YMR203W,0,-10.956583,0.09569840133190155,0.9983193278312683,0.9433613419532776
YBR107C,YMR201C,0,-10.960505,0.09568298608064651,0.9983193278312683,0.9435294270515442
YKL112W,YJL026W,0,-10.964647,0.09566757827997208,0.9983193278312683,0.943697452545166
YER088C,YBR295W,0,-10.967023,0.09565217047929764,0.9983193278312683,0.9438655376434326
YPR094W,YER169W,0,-10.967732,0.0956367701292038,0.9983193278312683,0.9440336227416992
YBR234C,YDR075W,0,-10.972571,0.09562137722969055,0.9983193278312683,0.9442017078399658
YDR202C,YBR258C,0,-10.973599,0.09560598433017731,0.9983193278312683,0.9443697333335876
YFL036W,YBR273C,0,-10.975804,0.09559059888124466,0.9983193278312683,0.9445378184318542
YNL127W,YPR095C,0,-10.975956,0.09557522088289261,0.9983193278312683,0.9447059035301208
YDR423C,YER117W,0,-10.978894,0.09555984288454056,0.9983193278312683,0.9448739290237427
YPR070W,YJR102C,0,-10.979549,0.0955444723367691,0.9983193278312683,0.9450420141220093
YHR160C,YDR359C,0,-10.979638,0.09552910923957825,0.9983193278312683,0.9452100992202759
YOR036W,YIL120W,0,-10.983221,0.09551374614238739,0.9983193278312683,0.9453781247138977
YJL006C,YLR081W,0,-10.984938,0.09549839049577713,0.9983193278312683,0.9455462098121643
YGL238W,YMR029C,0,-10.98526,0.09548304229974747,0.9983193278312683,0.9457142949104309
YGL151W,YGR033C,0,-10.98645,0.0954676941037178,0.9983193278312683,0.9458823800086975
YGL068W,YBR049C,0,-10.988097,0.09545235335826874,0.9983193278312683,0.9460504055023193
YDR388W,YOR064C,0,-10.990369,0.09543702006340027,0.9983193278312683,0.9462184906005859
YKL146W,YOR171C,0,-10.995158,0.0954216867685318,0.9983193278312683,0.9463865756988525
YBR295W,YGL004C,0,-10.996591,0.09540636092424393,0.9983193278312683,0.9465546011924744
YBR231C,YGL098W,0,-10.999045,0.09539104253053665,0.9983193278312683,0.946722686290741
YLR006C,YCR061W,0,-10.999422,0.09537572413682938,0.9983193278312683,0.9468907713890076
YCR028C,YLR011W,0,-11.004986,0.0953604131937027,0.9983193278312683,0.9470587968826294
YOL013C,YPR155C,0,-11.005044,0.09534510225057602,0.9983193278312683,0.947226881980896
YER028C,YDL235C,0,-11.0114355,0.09532980620861053,0.9983193278312683,0.9473949670791626
YAL054C,YFL016C,0,-11.012746,0.09531450271606445,0.9983193278312683,0.9475630521774292
YKL139W,YJR110W,0,-11.016182,0.09529921412467957,0.9983193278312683,0.947731077671051
YBR050C,YDR485C,0,-11.023203,0.09528392553329468,0.9983193278312683,0.9478991627693176
YBL061C,YKL034W,0,-11.028373,0.09526864439249039,0.9983193278312683,0.9480672478675842
YOL045W,YBR273C,0,-11.02992,0.0952533707022667,0.9983193278312683,0.948235273361206
YLR381W,YOL113W,0,-11.040242,0.095238097012043,0.9983193278312683,0.9484033584594727
YMR153W,YJL052W,0,-11.046876,0.0952228307723999,0.9983193278312683,0.9485714435577393
YPL269W,YNL210W,0,-11.054444,0.0952075645327568,0.9983193278312683,0.9487394690513611
YFL016C,YHL036W,0,-11.06037,0.0951923057436943,0.9983193278312683,0.9489075541496277
YKL079W,YLR277C,0,-11.071762,0.0951770544052124,0.9983193278312683,0.9490756392478943
YHR073W,YDR289C,0,-11.072215,0.0951618105173111,0.9983193278312683,0.9492437243461609
YFL009W,YMR263W,0,-11.074712,0.09514656662940979,0.9983193278312683,0.9494117498397827
YPR072W,YKL042W,0,-11.077514,0.09513132274150848,0.9983193278312683,0.9495798349380493
YNL074C,YFR031C,0,-11.078371,0.09511609375476837,0.9983193278312683,0.9497479200363159
YAL015C,YBR258C,0,-11.087823,0.09510086476802826,0.9983193278312683,0.9499159455299377
YNL127W,YBR073W,0,-11.089478,0.09508564323186874,0.9983193278312683,0.9500840306282043
YNL009W,YBR295W,0,-11.097665,0.09507042169570923,0.9983193278312683,0.950252115726471
YMR150C,YMR203W,0,-11.099894,0.09505520761013031,0.9983193278312683,0.9504201412200928
YNL027W,YNL280C,0,-11.106292,0.09504000097513199,0.9983193278312683,0.9505882263183594
YDR231C,YJL006C,0,-11.107814,0.09502479434013367,0.9983193278312683,0.950756311416626
YGL124C,YJL139C,0,-11.111125,0.09500959515571594,0.9983193278312683,0.9509243965148926
YBR234C,YBL093C,0,-11.113009,0.09499440342187881,0.9983193278312683,0.9510924220085144
YGR268C,YLR135W,0,-11.114936,0.09497921168804169,0.9983193278312683,0.951260507106781
YKL195W,YNL311C,0,-11.116865,0.09496402740478516,0.9983193278312683,0.9514285922050476
YMR021C,YGL004C,0,-11.119512,0.09494885057210922,0.9983193278312683,0.9515966176986694
YER073W,YLR011W,0,-11.122242,0.09493367373943329,0.9983193278312683,0.951764702796936
YDR359C,YCR061W,0,-11.123868,0.09491850435733795,0.9983193278312683,0.9519327878952026
YMR013C,YGL098W,0,-11.124607,0.09490334242582321,0.9983193278312683,0.9521008133888245
YLR133W,YJR022W,0,-11.128714,0.09488818049430847,0.9983193278312683,0.9522688984870911
YLR110C,YIR018W,0,-11.136428,0.09487302601337433,0.9983193278312683,0.9524369835853577
YFR031C,YGR181W,0,-11.139442,0.09485787153244019,0.9983193278312683,0.9526050686836243
YMR047C,YGL062W,0,-11.140648,0.09484272450208664,0.9983193278312683,0.9527730941772461
YCR048W,YIL008W,0,-11.149342,0.09482758492231369,0.9983193278312683,0.9529411792755127
YER167W,YGL035C,0,-11.152895,0.09481245279312134,0.9983193278312683,0.9531092643737793
YGL124C,YCL032W,0,-11.158107,0.09479732066392899,0.9983193278312683,0.9532772898674011
YLR377C,YDL080C,0,-11.16088,0.09478219598531723,0.9983193278312683,0.9534453749656677
YHR116W,YOR036W,0,-11.161927,0.09476707130670547,0.9983193278312683,0.9536134600639343
YMR041C,YOR329C,0,-11.162747,0.09475195407867432,0.9983193278312683,0.9537814855575562
YOL063C,YNL154C,0,-11.164565,0.09473684430122375,0.9983193278312683,0.9539495706558228
YOL063C,YGL053W,0,-11.169842,0.0947217345237732,0.9983193278312683,0.9541176557540894
YBR278W,YEL060C,0,-11.170155,0.09470663219690323,0.9983193278312683,0.954285740852356
YDL142C,YDL006W,0,-11.17103,0.09469153732061386,0.9983193278312683,0.9544537663459778
YPL059W,YDL058W,0,-11.174002,0.0946764424443245,0.9983193278312683,0.9546218514442444
YER114C,YML129C,0,-11.175066,0.09466135501861572,0.9983193278312683,0.954789936542511
YDR276C,YNR023W,0,-11.197587,0.09464627504348755,0.9983193278312683,0.9549579620361328
YOR002W,YDL197C,0,-11.201881,0.09463119506835938,0.9983193278312683,0.9551260471343994
YDL045C,YBL061C,0,-11.204525,0.0946161225438118,0.9983193278312683,0.955294132232666
YDR276C,YKL173W,0,-11.205638,0.09460105001926422,0.9983193278312683,0.9554621577262878
YOL122C,YKL095W,0,-11.210008,0.09458598494529724,0.9983193278312683,0.9556302428245544
YBR210W,YGR033C,0,-11.211027,0.09457092732191086,0.9983193278312683,0.955798327922821
YDR273W,YDR009W,0,-11.221879,0.09455587714910507,0.9983193278312683,0.9559664130210876
YDR122W,YDR379W,0,-11.224646,0.09454082697629929,0.9983193278312683,0.9561344385147095
YBR008C,YLR268W,0,-11.225722,0.0945257768034935,0.9983193278312683,0.9563025236129761
YGL013C,YOL066C,0,-11.233533,0.09451074153184891,0.9983193278312683,0.9564706087112427
YKL146W,YNL288W,0,-11.234098,0.09449570626020432,0.9983193278312683,0.9566386342048645
YDR480W,YHR158C,0,-11.236554,0.09448067098855972,0.9983193278312683,0.9568067193031311
YPL110C,YHR187W,0,-11.237628,0.09446565061807632,0.9983193278312683,0.9569748044013977
YAL032C,YLR240W,0,-11.242608,0.09445063024759293,0.9983193278312683,0.9571428298950195
YFL025C,YDR207C,0,-11.248578,0.09443560987710953,0.9983193278312683,0.9573109149932861
YOR002W,YLR090W,0,-11.248609,0.09442060440778732,0.9983193278312683,0.9574790000915527
YAL043C,YCR083W,0,-11.250549,0.09440559148788452,0.9983193278312683,0.9576470851898193
YLR116W,YKL034W,0,-11.256901,0.09439059346914291,0.9983193278312683,0.9578151106834412
YPL059W,YMR225C,0,-11.257608,0.0943755954504013,0.9983193278312683,0.9579831957817078
YDR328C,YJL129C,0,-11.26022,0.0943606048822403,0.9983193278312683,0.9581512808799744
YOL063C,YOL108C,0,-11.262189,0.09434561431407928,0.9983193278312683,0.9583193063735962
YLR081W,YGR186W,0,-11.264733,0.09433063119649887,0.9983193278312683,0.9584873914718628
YHR124W,YDR202C,0,-11.265376,0.09431565552949905,0.9983193278312683,0.9586554765701294
YMR150C,YOR217W,0,-11.267854,0.09430067986249924,0.9983193278312683,0.9588235020637512
YBR258C,YOR087W,0,-11.270268,0.09428571164608002,0.9983193278312683,0.9589915871620178
YGL073W,YKR008W,0,-11.274378,0.0942707508802414,0.9983193278312683,0.9591596722602844
YJR092W,YPL224C,0,-11.27472,0.09425579011440277,0.9983193278312683,0.959327757358551
YNL009W,YLR059C,0,-11.285773,0.09424083679914474,0.9983193278312683,0.9594957828521729
YCL055W,YNL074C,0,-11.301194,0.09422589093446732,0.9983193278312683,0.9596638679504395
YGL084C,YBR107C,0,-11.301714,0.09421094506978989,0.9983193278312683,0.959831953048706
YLR417W,YLR090W,0,-11.308057,0.09419600665569305,0.9983193278312683,0.9599999785423279
YNL014W,YHR203C,0,-11.3085165,0.09418106824159622,0.9983193278312683,0.9601680636405945
YLR078C,YMR201C,0,-11.310133,0.09416613727807999,0.9983193278312683,0.9603361487388611
YAL042W,YLR025W,0,-11.312559,0.09415121376514435,0.9983193278312683,0.9605041742324829
YPL100W,YLR381W,0,-11.317601,0.09413629025220871,0.9983193278312683,0.9606722593307495
YMR298W,YPR032W,0,-11.318673,0.09412137418985367,0.9983193278312683,0.9608403444290161
YGR230W,YDL142C,0,-11.333159,0.09410646557807922,0.9983193278312683,0.9610084295272827
YGR224W,YNL167C,0,-11.33331,0.09409155696630478,0.9983193278312683,0.9611764550209045
YJR022W,YOR149C,0,-11.337391,0.09407665580511093,0.9983193278312683,0.9613445401191711
YGL013C,YPL033C,0,-11.339134,0.09406175464391708,0.9983193278312683,0.9615126252174377
YMR266W,YIR022W,0,-11.339346,0.09404686838388443,0.9983193278312683,0.9616806507110596
YCL032W,YCR061W,0,-11.345764,0.09403197467327118,0.9983193278312683,0.9618487358093262
YDL006W,YDR363W-A,0,-11.34636,0.09401709586381912,0.9983193278312683,0.9620168209075928
YDR386W,YEL041W,0,-11.348592,0.09400221705436707,0.9983193278312683,0.9621848464012146
YDR515W,YJL154C,0,-11.349015,0.09398733824491501,0.9983193278312683,0.9623529314994812
YDR098C,YJL026W,0,-11.355437,0.09397247433662415,0.9983193278312683,0.9625210165977478
YNL281W,YNL167C,0,-11.363082,0.09395761042833328,0.9983193278312683,0.9626891016960144
YGR132C,YBR049C,0,-11.365222,0.09394274652004242,0.9983193278312683,0.9628571271896362
YIL159W,YMR073C,0,-11.366698,0.09392789006233215,0.9983193278312683,0.9630252122879028
YOR034C,YDR328C,0,-11.368637,0.09391304105520248,0.9983193278312683,0.9631932973861694
YJL006C,YNL167C,0,-11.374307,0.09389819949865341,0.9983193278312683,0.9633613228797913
YOR322C,YDR277C,0,-11.379693,0.09388335794210434,0.9983193278312683,0.9635294079780579
YGR261C,YML129C,0,-11.380487,0.09386852383613586,0.9983193278312683,0.9636974930763245
YLR424W,YDL217C,0,-11.380978,0.09385368973016739,0.9983193278312683,0.9638655185699463
YFL013C,YCL032W,0,-11.387221,0.09383886307477951,0.9983193278312683,0.9640336036682129
YER008C,YGR024C,0,-11.390575,0.09382404386997223,0.9983193278312683,0.9642016887664795
YKR008W,YCR053W,0,-11.399297,0.09380922466516495,0.9983193278312683,0.9643697738647461
YAL016W,YJL129C,0,-11.399745,0.09379441291093826,0.9983193278312683,0.9645377993583679
YKR002W,YER031C,0,-11.400895,0.09377960115671158,0.9983193278312683,0.9647058844566345
YFL057C,YKL146W,0,-11.407448,0.09376479685306549,0.9983193278312683,0.9648739695549011
YOR171C,YCL004W,0,-11.407595,0.09375,0.9983193278312683,0.965041995048523
YBR186W,YDR460W,0,-11.407629,0.09373520314693451,0.9983193278312683,0.9652100801467896
YLR377C,YHL036W,0,-11.417338,0.09372041374444962,0.9983193278312683,0.9653781652450562
YKL195W,YNL149C,0,-11.424963,0.09370563179254532,0.9983193278312683,0.965546190738678
YIL120W,YLR025W,0,-11.432671,0.09369084984064102,0.9983193278312683,0.9657142758369446
YNL009W,YDR075W,0,-11.433789,0.09367607533931732,0.9983193278312683,0.9658823609352112
YNL014W,YBR049C,0,-11.438073,0.09366130828857422,0.9983193278312683,0.9660504460334778
YDR163W,YOR106W,0,-11.445484,0.09364654123783112,0.9983193278312683,0.9662184715270996
YNL270C,YKL197C,0,-11.450045,0.09363178163766861,0.9983193278312683,0.9663865566253662
YNR023W,YPR086W,0,-11.457311,0.0936170220375061,0.9983193278312683,0.9665546417236328
YIL036W,YBR107C,0,-11.458925,0.0936022698879242,0.9983193278312683,0.9667226672172546
YKL146W,YLR329W,0,-11.460395,0.09358752518892288,0.9983193278312683,0.9668907523155212
YJR140C,YCR044C,0,-11.46583,0.09357278048992157,0.9983193278312683,0.9670588374137878
YFL041W,YCR061W,0,-11.468252,0.09355804324150085,0.9983193278312683,0.9672268629074097
YMR047C,YCR009C,0,-11.472337,0.09354330599308014,0.9983193278312683,0.9673949480056763
YBL033C,YMR106C,0,-11.4729395,0.09352857619524002,0.9983193278312683,0.9675630331039429
YMR119W,YOR037W,0,-11.478217,0.0935138538479805,0.9983193278312683,0.9677311182022095
YMR052W,YBL105C,0,-11.48083,0.09349913150072098,0.9983193278312683,0.9678991436958313
YEL027W,YIL119C,0,-11.48208,0.09348441660404205,0.9983193278312683,0.9680672287940979
YNL270C,YGL142C,0,-11.485666,0.09346970915794373,0.9983193278312683,0.9682353138923645
YMR298W,YPR181C,0,-11.494398,0.0934550017118454,0.9983193278312683,0.9684033393859863
YCL004W,YML032C,0,-11.509984,0.09344030171632767,0.9983193278312683,0.9685714244842529
YGL175C,YPL258C,0,-11.512027,0.09342560917139053,0.9983193278312683,0.9687395095825195
YJR140C,YBR073W,0,-11.514665,0.0934109166264534,0.9983193278312683,0.9689075350761414
YFL009W,YMR052W,0,-11.517783,0.09339622408151627,0.9983193278312683,0.969075620174408
YML049C,YNL032W,0,-11.527272,0.09338154643774033,0.9983193278312683,0.9692437052726746
YDL142C,YFL041W,0,-11.528582,0.09336686879396439,0.9983193278312683,0.9694117903709412
YLR007W,YJL048C,0,-11.532363,0.09335219115018845,0.9983193278312683,0.969579815864563
YBR278W,YBL080C,0,-11.536662,0.0933375209569931,0.9983193278312683,0.9697479009628296
YNL148C,YIR005W,0,-11.540133,0.09332285821437836,0.9983193278312683,0.9699159860610962
YGL195W,YEL016C,0,-11.547402,0.09330820292234421,0.9983193278312683,0.970084011554718
YBR107C,YDL225W,0,-11.547427,0.09329354763031006,0.9983193278312683,0.9702520966529846
YML062C,YHR124W,0,-11.553327,0.09327889233827591,0.9983193278312683,0.9704201817512512
YJL102W,YLR193C,0,-11.556678,0.09326425194740295,0.9983193278312683,0.970588207244873
YNR010W,YMR201C,0,-11.55746,0.0932496041059494,0.9983193278312683,0.9707562923431396
YOR160W,YEL016C,0,-11.557509,0.09323497116565704,0.9983193278312683,0.9709243774414062
YOR322C,YDR202C,0,-11.561506,0.09322033822536469,0.9983193278312683,0.9710924625396729
YDR276C,YMR089C,0,-11.570627,0.09320571273565292,0.9983193278312683,0.9712604880332947
YPL192C,YIL061C,0,-11.572381,0.09319108724594116,0.9983193278312683,0.9714285731315613
YPL153C,YDR460W,0,-11.579317,0.09317646920681,0.9983193278312683,0.9715966582298279
YGL219C,YHR163W,0,-11.5829935,0.09316185861825943,0.9983193278312683,0.9717646837234497
YMR162C,YJL183W,0,-11.588076,0.09314724802970886,0.9983193278312683,0.9719327688217163
YNL230C,YMR263W,0,-11.591202,0.09313264489173889,0.9983193278312683,0.9721008539199829
YJL065C,YCL027W,0,-11.591661,0.09311804175376892,0.9983193278312683,0.9722688794136047
YGL073W,YBR024W,0,-11.596727,0.09310344606637955,0.9983193278312683,0.9724369645118713
YOR171C,YER028C,0,-11.602134,0.09308885782957077,0.9983193278312683,0.9726050496101379
YKL208W,YFR028C,0,-11.605914,0.093074269592762,0.9983193278312683,0.9727731347084045
YKL160W,YJL026W,0,-11.612748,0.09305968880653381,0.9983193278312683,0.9729411602020264
YNL281W,YMR266W,0,-11.619154,0.09304511547088623,0.9983193278312683,0.973109245300293
YML008C,YGR222W,0,-11.629229,0.09303054213523865,0.9983193278312683,0.9732773303985596
YHR171W,YOR349W,0,-11.630944,0.09301596879959106,0.9983193278312683,0.9734453558921814
YGL238W,YMR298W,0,-11.634493,0.09300141036510468,0.9983193278312683,0.973613440990448
YOL133W,YIL129C,0,-11.63841,0.09298685193061829,0.9983193278312683,0.9737815260887146
YGL084C,YMR263W,0,-11.638561,0.0929722934961319,0.9983193278312683,0.9739495515823364
YHR150W,YBL050W,0,-11.649437,0.0929577499628067,0.9983193278312683,0.974117636680603
YNL039W,YNR010W,0,-11.649486,0.09294319897890091,0.9983193278312683,0.9742857217788696
YMR021C,YGL011C,0,-11.651895,0.09292866289615631,0.9983193278312683,0.9744538068771362
YMR109W,YGL011C,0,-11.655614,0.09291412681341171,0.9983193278312683,0.9746218323707581
YJL121C,YPL258C,0,-11.6625595,0.09289959073066711,0.9983193278312683,0.9747899174690247
YIL002C,YMR139W,0,-11.670688,0.09288506954908371,0.9983193278312683,0.9749580025672913
YLR078C,YBR185C,0,-11.676469,0.09287054091691971,0.9983193278312683,0.9751260280609131
YOR039W,YOR037W,0,-11.695739,0.0928560271859169,0.9983193278312683,0.9752941131591797
YBR256C,YDR460W,0,-11.697437,0.09284151345491409,0.9983193278312683,0.9754621982574463
YPR002W,YMR106C,0,-11.702071,0.09282700717449188,0.9983193278312683,0.9756302237510681
YPL202C,YER028C,0,-11.704263,0.09281250089406967,0.9983193278312683,0.9757983088493347
YHR116W,YGR003W,0,-11.719245,0.09279800206422806,0.9983193278312683,0.9759663939476013
YGL190C,YMR029C,0,-11.722993,0.09278350323438644,0.9983193278312683,0.9761344790458679
YDL142C,YDR208W,0,-11.730283,0.09276901185512543,0.9983193278312683,0.9763025045394897
YMR119W,YCL055W,0,-11.74207,0.09275452792644501,0.9983193278312683,0.9764705896377563
YDR301W,YFL004W,0,-11.754664,0.09274004399776459,0.9983193278312683,0.976638674736023
YNL136W,YDR075W,0,-11.758861,0.09272556751966476,0.9983193278312683,0.9768067002296448
YKL146W,YGL172W,0,-11.777111,0.09271109849214554,0.9983193278312683,0.9769747853279114
YML129C,YER044C,0,-11.780237,0.09269662946462631,0.9983193278312683,0.977142870426178
YPL224C,YDR180W,0,-11.79309,0.09268216788768768,0.9983193278312683,0.9773108959197998
YKR002W,YBR256C,0,-11.794817,0.09266770631074905,0.9983193278312683,0.9774789810180664
YLR431C,YLR133W,0,-11.7960205,0.09265325218439102,0.9983193278312683,0.977647066116333
YGR222W,YAL016W,0,-11.79992,0.09263880550861359,0.9983193278312683,0.9778151512145996
YOL049W,YDL135C,0,-11.802342,0.09262435883283615,0.9983193278312683,0.9779831767082214
YKL139W,YBR258C,0,-11.814557,0.09260991215705872,0.9983193278312683,0.978151261806488
YGR097W,YBR258C,0,-11.822249,0.09259548038244247,0.9983193278312683,0.9783193469047546
YKR055W,YDR425W,0,-11.838972,0.09258104860782623,0.9983193278312683,0.9784873723983765
YOR249C,YJL203W,0,-11.845177,0.09256661683320999,0.9983193278312683,0.9786554574966431
YLR025W,YDL080C,0,-11.855645,0.09255219995975494,0.9983193278312683,0.9788235425949097
YCL055W,YJL102W,0,-11.857411,0.0925377756357193,0.9983193278312683,0.9789915680885315
YPR072W,YBR073W,0,-11.862984,0.09252336621284485,0.9983193278312683,0.9791596531867981
YDR379W,YFL036W,0,-11.863766,0.0925089567899704,0.9983193278312683,0.9793277382850647
YPR025C,YER068W,0,-11.872777,0.09249454736709595,0.9983193278312683,0.9794958233833313
YDL143W,YMR052W,0,-11.890098,0.09248015284538269,0.9983193278312683,0.9796638488769531
YGL143C,YMR106C,0,-11.893203,0.09246575087308884,0.9983193278312683,0.9798319339752197
YBR210W,YBL032W,0,-11.895396,0.09245136380195618,0.9983193278312683,0.9800000190734863
YMR139W,YPR032W,0,-11.902046,0.09243697673082352,0.9983193278312683,0.9801680445671082
YPL059W,YOR179C,0,-11.922637,0.09242258965969086,0.9983193278312683,0.9803361296653748
YDL200C,YKR055W,0,-11.929687,0.09240821748971939,0.9983193278312683,0.9805042147636414
YMR162C,YDR379W,0,-11.931484,0.09239383786916733,0.9983193278312683,0.9806722402572632
YDL045C,YDR386W,0,-11.933444,0.09237947314977646,0.9983193278312683,0.9808403253555298
YCR038C,YGL142C,0,-11.945956,0.09236510843038559,0.9983193278312683,0.9810084104537964
YBL080C,YNR006W,0,-11.946536,0.09235074371099472,0.9983193278312683,0.981176495552063
YHR116W,YKL197C,0,-11.952561,0.09233639389276505,0.9983193278312683,0.9813445210456848
YBR107C,YJR131W,0,-11.973275,0.09232203662395477,0.9983193278312683,0.9815126061439514
YGR284C,YJL128C,0,-11.976467,0.0923076942563057,0.9983193278312683,0.981680691242218
YMR052W,YGR010W,0,-11.989661,0.09229335188865662,0.9983193278312683,0.9818487167358398
YER167W,YBR231C,0,-11.995212,0.09227900952100754,0.9983193278312683,0.9820168018341064
YDL045C,YOR149C,0,-11.996884,0.09226468205451965,0.9983193278312683,0.982184886932373
YOR249C,YGR033C,0,-11.999736,0.09225034713745117,0.9983193278312683,0.9823529124259949
YML129C,YDR425W,0,-12.009693,0.09223602712154388,0.9983193278312683,0.9825209975242615
YMR052W,YOL105C,0,-12.019832,0.0922217071056366,0.9983193278312683,0.9826890826225281
YBR177C,YFL048C,0,-12.024987,0.09220738708972931,0.9983193278312683,0.9828571677207947
YGL180W,YFL013C,0,-12.026647,0.09219307452440262,0.9983193278312683,0.9830251932144165
YLR135W,YCR061W,0,-12.033256,0.09217876940965652,0.9983193278312683,0.9831932783126831
YNL127W,YLR219W,0,-12.0341,0.09216447174549103,0.9983193278312683,0.9833613634109497
YBR234C,YDL154W,0,-12.045874,0.09215017408132553,0.9983193278312683,0.9835293889045715
YDL197C,YGR132C,0,-12.052246,0.09213587641716003,0.9983193278312683,0.9836974740028381
YBL102W,YGR033C,0,-12.055006,0.09212158620357513,0.9983193278312683,0.9838655591011047
YDR481C,YMR139W,0,-12.074662,0.09210730344057083,0.9983193278312683,0.9840335845947266
YDR205W,YMR076C,0,-12.080991,0.09209302067756653,0.9983193278312683,0.9842016696929932
YOL108C,YDL079C,0,-12.084806,0.09207874536514282,0.9983193278312683,0.9843697547912598
YDR498C,YHR161C,0,-12.085732,0.09206447750329971,0.9983193278312683,0.9845378398895264
YBR164C,YOR386W,0,-12.088742,0.0920502096414566,0.9983193278312683,0.9847058653831482
YPR134W,YML114C,0,-12.090264,0.09203594923019409,0.9983193278312683,0.9848739504814148
YJR083C,YDR515W,0,-12.097976,0.09202168881893158,0.9983193278312683,0.9850420355796814
YFR013W,YNL241C,0,-12.098064,0.09200743585824966,0.9983193278312683,0.9852100610733032
YLR133W,YIR022W,0,-12.100707,0.09199318289756775,0.9983193278312683,0.9853781461715698
YHR181W,YBR273C,0,-12.128377,0.09197893738746643,0.9983193278312683,0.9855462312698364
YPR155C,YBR050C,0,-12.135432,0.09196469932794571,0.9983193278312683,0.9857142567634583
YGL003C,YBR258C,0,-12.136154,0.09195046126842499,0.9983193278312683,0.9858823418617249
YML097C,YJL139C,0,-12.136696,0.09193623065948486,0.9983193278312683,0.9860504269599915
YMR109W,YPL171C,0,-12.146922,0.09192200750112534,0.9983193278312683,0.9862185120582581
YDR337W,YBR089C-A,0,-12.16305,0.09190778434276581,0.9983193278312683,0.9863865375518799
YFL048C,YCR042C,0,-12.164012,0.09189356118440628,0.9983193278312683,0.9865546226501465
YIL112W,YDR059C,0,-12.187482,0.09187935292720795,0.9983193278312683,0.9867227077484131
YDR318W,YPR032W,0,-12.195966,0.09186513721942902,0.9983193278312683,0.9868907332420349
YGR261C,YNL084C,0,-12.208795,0.09185093641281128,0.9983193278312683,0.9870588183403015
YDR163W,YCR061W,0,-12.219623,0.09183673560619354,0.9983193278312683,0.9872269034385681
YBL080C,YLR193C,0,-12.220931,0.0918225347995758,0.9983193278312683,0.9873949289321899
YDR318W,YFL008W,0,-12.226717,0.09180834889411926,0.9983193278312683,0.9875630140304565
YOR036W,YBL080C,0,-12.235981,0.09179415553808212,0.9983193278312683,0.9877310991287231
YJR083C,YML102W,0,-12.237962,0.09177997708320618,0.9983193278312683,0.9878991842269897
YHR200W,YCR042C,0,-12.2420635,0.09176579862833023,0.9983193278312683,0.9880672097206116
YJR083C,YNL288W,0,-12.245868,0.09175162017345428,0.9983193278312683,0.9882352948188782
YIL159W,YHL009C,0,-12.263754,0.09173744916915894,0.9983193278312683,0.9884033799171448
YOL013C,YLR219W,0,-12.266708,0.09172328561544418,0.9983193278312683,0.9885714054107666
YDL135C,YAL016W,0,-12.2983675,0.09170912206172943,0.9983193278312683,0.9887394905090332
YMR109W,YDR059C,0,-12.311275,0.09169496595859528,0.9983193278312683,0.9889075756072998
YMR047C,YOL031C,0,-12.322399,0.09168081730604172,0.9983193278312683,0.9890756011009216
YNL009W,YHR163W,0,-12.333599,0.09166666865348816,0.9983193278312683,0.9892436861991882
YDL087C,YDL217C,0,-12.354507,0.0916525200009346,0.9983193278312683,0.9894117712974548
YNL148C,YDL087C,0,-12.3663025,0.09163838624954224,0.9983193278312683,0.9895798563957214
YBL080C,YPR086W,0,-12.37374,0.09162424504756927,0.9983193278312683,0.9897478818893433
YJL102W,YNR023W,0,-12.374209,0.09161011874675751,0.9983193278312683,0.9899159669876099
YHR034C,YNL222W,1,-12.397619,0.09175018966197968,1.0,0.9899159669876099
YGR268C,YBR231C,0,-12.406043,0.09173604846000671,1.0,0.9900840520858765
YOR329C,YLR193C,0,-12.413436,0.09172190725803375,1.0,0.9902520775794983
YER068W,YGL013C,0,-12.418858,0.09170776605606079,1.0,0.9904201626777649
YHR171W,YMR076C,0,-12.432607,0.09169363230466843,1.0,0.9905882477760315
YMR201C,YBR258C,0,-12.4379015,0.09167950600385666,1.0,0.9907562732696533
YFL009W,YKL042W,0,-12.450092,0.09166537970304489,1.0,0.9909243583679199
YPL100W,YML049C,0,-12.4723,0.09165126085281372,1.0,0.9910924434661865
YAL043C,YDR425W,0,-12.479843,0.09163714945316315,1.0,0.9912605285644531
YJL128C,YFR031C,0,-12.480747,0.09162303805351257,1.0,0.991428554058075
YMR041C,YKR086W,0,-12.49068,0.091608926653862,1.0,0.9915966391563416
YFL029C,YNL149C,0,-12.503124,0.09159483015537262,1.0,0.9917647242546082
YDR480W,YGL219C,0,-12.536388,0.09158072620630264,1.0,0.99193274974823
YKR002W,YNR006W,0,-12.548794,0.09156663715839386,1.0,0.9921008348464966
YMR138W,YOL108C,0,-12.554258,0.09155254811048508,1.0,0.9922689199447632
YKR066C,YKR002W,0,-12.568985,0.0915384590625763,1.0,0.992436945438385
YBR059C,YPL248C,0,-12.576634,0.09152437746524811,1.0,0.9926050305366516
YGL219C,YLR219W,0,-12.629723,0.09151030331850052,1.0,0.9927731156349182
YOL063C,YGL122C,0,-12.652277,0.09149622917175293,1.0,0.9929412007331848
YDR480W,YDR337W,0,-12.665767,0.09148216247558594,1.0,0.9931092262268066
YJL065C,YMR225C,0,-12.704278,0.09146810322999954,1.0,0.9932773113250732
YGL226C-A,YOR386W,0,-12.715279,0.09145404398441315,1.0,0.9934453964233398
YOR149C,YMR106C,0,-12.726829,0.09143998473882675,1.0,0.9936134219169617
YFR013W,YGL053W,0,-12.7492485,0.09142594039440155,1.0,0.9937815070152283
YMR224C,YML049C,0,-12.778104,0.09141188859939575,1.0,0.9939495921134949
YBR211C,YPL060W,0,-12.796911,0.09139785170555115,1.0,0.9941176176071167
YNL312W,YMR005W,0,-12.802341,0.09138381481170654,1.0,0.9942857027053833
YNL008C,YNR010W,0,-12.874385,0.09136977791786194,1.0,0.9944537878036499
YLR394W,YNL127W,0,-12.88532,0.09135574847459793,1.0,0.9946218729019165
YAL032C,YNR023W,0,-12.895675,0.09134172648191452,1.0,0.9947898983955383
YBL105C,YNL304W,0,-12.901963,0.09132770448923111,1.0,0.9949579834938049
YOL108C,YBR049C,0,-12.902827,0.0913136899471283,1.0,0.9951260685920715
YLL015W,YJL203W,0,-12.938109,0.09129967540502548,1.0,0.9952940940856934
YBR107C,YOL108C,0,-12.953784,0.09128566831350327,1.0,0.99546217918396
YBR234C,YHR124W,0,-12.982077,0.09127166867256165,1.0,0.9956302642822266
YKR055W,YGR033C,0,-13.055844,0.09125766903162003,1.0,0.9957982897758484
YGL073W,YBR231C,0,-13.067031,0.091243676841259,1.0,0.995966374874115
YML129C,YJL203W,0,-13.070687,0.09122968465089798,1.0,0.9961344599723816
YBR258C,YDR359C,0,-13.104494,0.09121569991111755,1.0,0.9963025450706482
YMR021C,YMR214W,0,-13.12298,0.09120171517133713,1.0,0.99647057056427
YDL197C,YCL014W,0,-13.12642,0.0911877378821373,1.0,0.9966386556625366
YFR031C,YHR012W,0,-13.155568,0.09117376804351807,1.0,0.9968067407608032
YDL197C,YAL009W,0,-13.204464,0.09115979820489883,1.0,0.996974766254425
YJL006C,YMR139W,0,-13.23084,0.0911458358168602,1.0,0.9971428513526917
YKR002W,YGR033C,0,-13.243754,0.09113187342882156,1.0,0.9973109364509583
YBR211C,YBR024W,0,-13.257826,0.09111791849136353,1.0,0.9974789619445801
YDL045C,YJL203W,0,-13.307117,0.09110396355390549,1.0,0.9976470470428467
YFR013W,YOL122C,0,-13.345961,0.09109001606702805,1.0,0.9978151321411133
YDL045C,YML103C,0,-13.524923,0.0910760760307312,1.0,0.9979832172393799
YGR261C,YGL011C,0,-13.559316,0.09106213599443436,1.0,0.9981512427330017
YPR188C,YML049C,0,-13.577637,0.09104820340871811,1.0,0.9983193278312683
YBL105C,YJL203W,0,-13.581757,0.09103427082300186,1.0,0.9984874129295349
YJL006C,YJL034W,0,-13.641778,0.09102034568786621,1.0,0.9986554384231567
YGL219C,YBL061C,0,-13.822301,0.09100642055273056,1.0,0.9988235235214233
YDR202C,YOL105C,0,-13.935531,0.0909925028681755,1.0,0.9989916086196899
YKL005C,YDR058C,0,-13.947465,0.09097859263420105,1.0,0.9991596341133118
YBR185C,YDR208W,0,-14.299055,0.09096468240022659,1.0,0.9993277192115784
YNL148C,YNL210W,0,-14.316726,0.09095077961683273,1.0,0.999495804309845
YDL045C,YGR033C,0,-14.414997,0.09093687683343887,1.0,0.9996638894081116
YPR155C,YGR033C,0,-15.109549,0.09092298150062561,1.0,0.9998319149017334
YLR011W,YMR197C,0,-15.127414,0.09090909361839294,1.0,1.0
