Gene A,Gene B,Label,Score,Precision,Recall,False Positive Rate
YHR001W-A,YEL024W,0,8.420612,0.0,0.0,0.00010101010411744937
YDR178W,YOL126C,0,6.1149163,0.0,0.0,0.00020202020823489875
YOR045W,YIL098C,1,5.827203,0.3333333432674408,0.001010101055726409,0.00020202020823489875
YDR375C,YIL098C,1,5.8195124,0.5,0.002020202111452818,0.00020202020823489875
YFR049W,YNR037C,0,5.8033757,0.4000000059604645,0.002020202111452818,0.0003030303050763905
YLR193C,YNL055C,1,5.621615,0.5,0.0030303029343485832,0.0003030303050763905
YGL219C,YNL055C,1,5.5697136,0.5714285969734192,0.004040404222905636,0.0003030303050763905
YOR045W,YLR193C,1,5.5688615,0.625,0.005050505045801401,0.0003030303050763905
YPL262W,YGR244C,0,5.533588,0.5555555820465088,0.005050505045801401,0.0004040404164697975
YGR181W,YGL219C,1,5.530477,0.6000000238418579,0.0060606058686971664,0.0004040404164697975
YIL098C,YJL180C,1,5.3854957,0.6363636255264282,0.007070707157254219,0.0004040404164697975
YDR375C,YGL219C,1,5.381536,0.6666666865348816,0.008080808445811272,0.0004040404164697975
YGR046W,YLR259C,1,5.358207,0.692307710647583,0.00909090880304575,0.0004040404164697975
YPL215W,YNL055C,1,5.3332577,0.7142857313156128,0.010101010091602802,0.0004040404164697975
YGR181W,YLR193C,1,5.331819,0.7333333492279053,0.011111111380159855,0.0004040404164697975
YMR072W,YNL055C,1,5.3288713,0.75,0.012121211737394333,0.0004040404164697975
YLR193C,YPL215W,1,5.327125,0.7647058963775635,0.013131313025951385,0.0004040404164697975
YJL180C,YGL219C,1,5.302958,0.7777777910232544,0.014141414314508438,0.0004040404164697975
YGR046W,YNL055C,1,5.2146792,0.7894737124443054,0.01515151560306549,0.0004040404164697975
YGR046W,YDR150W,1,5.1906586,0.800000011920929,0.016161616891622543,0.0004040404164697975
YLR193C,YJL180C,1,5.188435,0.8095238208770752,0.017171716317534447,0.0004040404164697975
YPL215W,YMR035W,1,5.127922,0.8181818127632141,0.0181818176060915,0.0004040404164697975
YIL098C,YNL055C,1,5.1080737,0.8260869383811951,0.019191918894648552,0.0004040404164697975
YKL134C,YNL055C,1,5.0721693,0.8333333134651184,0.020202020183205605,0.0004040404164697975
YGR174C,YLR259C,1,5.0640416,0.8399999737739563,0.021212121471762657,0.0004040404164697975
YPL215W,YLR259C,1,5.0509477,0.8461538553237915,0.02222222276031971,0.0004040404164697975
YOR045W,YEL020W-A,1,5.0508165,0.8518518805503845,0.023232324048876762,0.0004040404164697975
YNR037C,YDL046W,0,5.037051,0.8214285969734192,0.023232324048876762,0.0005050505278632045
YPL215W,YGL219C,1,5.0229154,0.8275862336158752,0.024242423474788666,0.0005050505278632045
YJL180C,YLR259C,1,5.001674,0.8333333134651184,0.02525252476334572,0.0005050505278632045
YGR174C,YJL180C,1,4.9976406,0.8387096524238586,0.02626262605190277,0.0005050505278632045
YDR150W,YNL055C,1,4.982616,0.84375,0.027272727340459824,0.0005050505278632045
YGR082W,YIL098C,1,4.9482393,0.8484848737716675,0.028282828629016876,0.0005050505278632045
YLR193C,YLR259C,1,4.919199,0.8529411554336548,0.02929292991757393,0.0005050505278632045
YMR110C,YNL081C,0,4.916598,0.8285714387893677,0.02929292991757393,0.000606060610152781
YPL262W,YNL036W,0,4.914811,0.8055555820465088,0.02929292991757393,0.0007070706924423575
YIL098C,YGL219C,1,4.9128633,0.8108108043670654,0.03030303120613098,0.0007070706924423575
YMR009W,YHR001W-A,0,4.9113517,0.7894737124443054,0.03030303120613098,0.000808080832939595
YLR259C,YNL055C,1,4.903241,0.7948718070983887,0.031313132494688034,0.000808080832939595
YDR375C,YNL055C,1,4.891719,0.800000011920929,0.03232323378324509,0.000808080832939595
YLR193C,YDR150W,1,4.8886633,0.8048780560493469,0.03333333507180214,0.000808080832939595
YIL098C,YPL215W,1,4.8833203,0.8095238208770752,0.03434343263506889,0.000808080832939595
YIL098C,YHR024C,1,4.8575234,0.8139534592628479,0.035353533923625946,0.000808080832939595
YIL022W,YPL215W,1,4.8409576,0.8181818127632141,0.036363635212183,0.000808080832939595
YFL005W,YER143W,0,4.8377013,0.800000011920929,0.036363635212183,0.0009090909152291715
YOR045W,YNL055C,1,4.8270493,0.804347813129425,0.03737373650074005,0.0009090909152291715
YOR266W,YLR259C,1,4.8067107,0.8085106611251831,0.038383837789297104,0.0009090909152291715
YPL262W,YKL040C,0,4.798198,0.7916666865348816,0.038383837789297104,0.001010101055726409
YIL022W,YGL219C,1,4.784511,0.795918345451355,0.039393939077854156,0.001010101055726409
YLR259C,YGL219C,1,4.7810917,0.800000011920929,0.04040404036641121,0.001010101055726409
YGR181W,YIL098C,1,4.7790055,0.8039215803146362,0.04141414165496826,0.001010101055726409
YMR072W,YLR259C,1,4.7607923,0.807692289352417,0.042424242943525314,0.001010101055726409
YER033C,YDL149W,0,4.7462544,0.7924528121948242,0.042424242943525314,0.0011111111380159855
YJL180C,YNL055C,1,4.744173,0.7962962985038757,0.04343434423208237,0.0011111111380159855
YGR174C,YPL215W,1,4.7427917,0.800000011920929,0.04444444552063942,0.0011111111380159855
YIL022W,YIL098C,1,4.7355437,0.8035714030265808,0.04545454680919647,0.0011111111380159855
YBR046C,YER178W,0,4.726858,0.7894737124443054,0.04545454680919647,0.001212121220305562
YMR110C,YDR175C,0,4.7222457,0.7758620977401733,0.04545454680919647,0.0013131313025951385
YGR181W,YNL055C,1,4.712963,0.7796609997749329,0.046464648097753525,0.0013131313025951385
YGL219C,YMR035W,1,4.700145,0.7833333611488342,0.04747474566102028,0.0013131313025951385
YDR150W,YGL219C,1,4.681863,0.7868852615356445,0.04848484694957733,0.0013131313025951385
YEL020W-A,YJL180C,1,4.6208835,0.7903226017951965,0.049494948238134384,0.0013131313025951385
YLR193C,YGL219C,1,4.6151047,0.7936508059501648,0.05050504952669144,0.0013131313025951385
YEL024W,YDL223C,0,4.60748,0.78125,0.05050504952669144,0.001414141384884715
YHR024C,YLR259C,1,4.5853763,0.7846153974533081,0.05151515081524849,0.001414141384884715
YOR045W,YJL180C,1,4.5839624,0.7878788113594055,0.05252525210380554,0.001414141384884715
YOR045W,YPL215W,1,4.575283,0.7910447716712952,0.053535353392362595,0.001414141384884715
YDR375C,YJL180C,1,4.5742774,0.7941176295280457,0.05454545468091965,0.001414141384884715
YLR193C,YMR035W,1,4.5697913,0.7971014380455017,0.0555555559694767,0.001414141384884715
YDR150W,YMR072W,1,4.5670896,0.800000011920929,0.05656565725803375,0.001414141384884715
YGR181W,YPL215W,1,4.554499,0.8028169274330139,0.057575758546590805,0.001414141384884715
YDR148C,YGL226W,0,4.545189,0.7916666865348816,0.057575758546590805,0.0015151514671742916
YBR212W,YNL055C,1,4.5313706,0.7945205569267273,0.05858585983514786,0.0015151514671742916
YKL026C,YBR089C-A,0,4.514074,0.7837837934494019,0.05858585983514786,0.00161616166587919
YBR268W,YDR041W,0,4.509025,0.7733333110809326,0.05858585983514786,0.0017171717481687665
YJR048W,YKL145W,0,4.4842052,0.7631579041481018,0.05858585983514786,0.001818181830458343
YLR193C,YHR024C,1,4.4788146,0.7662337422370911,0.05959596112370491,0.001818181830458343
YJR048W,YKL192C,0,4.461571,0.7564102411270142,0.05959596112370491,0.0019191919127479196
YEL020W-A,YIL098C,1,4.411543,0.7594936490058899,0.06060606241226196,0.0019191919127479196
YPL173W,YGL226W,0,4.4114532,0.75,0.06060606241226196,0.002020202111452818
YIL062C,YGL219C,1,4.3843045,0.7530864477157593,0.06161615997552872,0.002020202111452818
YOL126C,YDR009W,0,4.3802247,0.7439024448394775,0.06161615997552872,0.0021212121937423944
YOR065W,YGL226W,0,4.349467,0.7349397540092468,0.06161615997552872,0.002222222276031971
YDR375C,YHR024C,1,4.3479857,0.738095223903656,0.06262626498937607,0.002222222276031971
YPR008W,YGL087C,0,4.330661,0.729411780834198,0.06262626498937607,0.0023232323583215475
YJR118C,YIL062C,1,4.3284235,0.7325581312179565,0.06363636255264282,0.0023232323583215475
YOL122C,YKR085C,0,4.3231416,0.7241379022598267,0.06363636255264282,0.002424242440611124
YGR253C,YPL156C,0,4.3221865,0.7159090638160706,0.06363636255264282,0.0025252525229007006
YLR324W,YPL156C,0,4.314571,0.7078651785850525,0.06363636255264282,0.002626262605190277
YDR150W,YPL215W,1,4.3121653,0.7111111283302307,0.06464646756649017,0.002626262605190277
YLR193C,YOR266W,1,4.2992277,0.7142857313156128,0.06565656512975693,0.002626262605190277
YER143W,YPR100W,0,4.298777,0.70652174949646,0.06565656512975693,0.0027272726874798536
YLR193C,YMR072W,1,4.283794,0.7096773982048035,0.06666667014360428,0.0027272726874798536
YIL022W,YDR375C,1,4.2752395,0.7127659320831299,0.06767676770687103,0.0027272726874798536
YOR045W,YGL219C,1,4.2732453,0.7157894968986511,0.06868686527013779,0.0027272726874798536
YOR045W,YDR375C,1,4.2672367,0.71875,0.06969697028398514,0.0027272726874798536
YLR417W,YER023W,0,4.2630935,0.7113401889801025,0.06969697028398514,0.00282828276976943
YIL098C,YLR259C,1,4.2553697,0.7142857313156128,0.07070706784725189,0.00282828276976943
YIL022W,YNL055C,1,4.245106,0.7171717286109924,0.07171717286109924,0.00282828276976943
YEL020W-A,YGR174C,1,4.243077,0.7200000286102295,0.072727270424366,0.00282828276976943
YDR150W,YMR035W,1,4.2368655,0.7227723002433777,0.07373737543821335,0.00282828276976943
YEL020W-A,YLR193C,1,4.227549,0.7254902124404907,0.0747474730014801,0.00282828276976943
YIL098C,YGR174C,1,4.22256,0.7281553149223328,0.07575757801532745,0.00282828276976943
YBL038W,YDR246W,0,4.2187266,0.7211538553237915,0.07575757801532745,0.0029292928520590067
YIL098C,YMR072W,1,4.2166104,0.723809540271759,0.07676767557859421,0.0029292928520590067
YDR175C,YDR246W,0,4.1919885,0.7169811129570007,0.07676767557859421,0.0030303029343485832
YDR377W,YBL080C,0,4.186728,0.7102803587913513,0.07676767557859421,0.0031313130166381598
YDR375C,YLR193C,1,4.1862955,0.7129629850387573,0.07777778059244156,0.0031313130166381598
YDR328C,YDR168W,0,4.182177,0.7064220309257507,0.07777778059244156,0.00323232333175838
YOR266W,YNL055C,1,4.175216,0.7090908885002136,0.07878787815570831,0.00323232333175838
YLR333C,YPL075W,0,4.1750636,0.7027027010917664,0.07878787815570831,0.0033333334140479565
YGR181W,YMR072W,1,4.159994,0.7053571343421936,0.07979798316955566,0.0033333334140479565
YOL096C,YKL039W,0,4.157117,0.6991150379180908,0.07979798316955566,0.003434343496337533
YOL096C,YKL192C,0,4.1431904,0.6929824352264404,0.07979798316955566,0.0035353535786271095
YGR174C,YKL134C,1,4.137994,0.695652186870575,0.08080808073282242,0.0035353535786271095
YOR045W,YGR174C,1,4.1336627,0.6982758641242981,0.08181817829608917,0.0035353535786271095
YIL098C,YLR193C,1,4.1314616,0.7008547186851501,0.08282828330993652,0.0035353535786271095
YDR178W,YDL149W,0,4.129914,0.694915235042572,0.08282828330993652,0.003636363660916686
YPL262W,YGR005C,0,4.1264462,0.6890756487846375,0.08282828330993652,0.0037373737432062626
YLL006W,YNL055C,1,4.1218815,0.6916666626930237,0.08383838087320328,0.0037373737432062626
YPL215W,YMR072W,1,4.121411,0.6942148804664612,0.08484848588705063,0.0037373737432062626
YJL180C,YKL134C,1,4.1108766,0.6967213153839111,0.08585858345031738,0.0037373737432062626
YPL215W,YIL062C,1,4.10463,0.6991869807243347,0.08686868846416473,0.0037373737432062626
YDR435C,YER143W,0,4.101648,0.6935483813285828,0.08686868846416473,0.003838383825495839
YEL020W-A,YNL055C,1,4.0985794,0.6959999799728394,0.08787878602743149,0.003838383825495839
YIL156W,YHR001W-A,0,4.088336,0.6904761791229248,0.08787878602743149,0.003939393907785416
YGR082W,YGL219C,1,4.0800524,0.6929134130477905,0.08888889104127884,0.003939393907785416
YOR045W,YIL062C,1,4.0608697,0.6953125,0.0898989886045456,0.003939393907785416
YPL215W,YJL180C,1,4.0606165,0.6976743936538696,0.09090909361839294,0.003939393907785416
YLR193C,YBR212W,1,4.056998,0.699999988079071,0.0919191911816597,0.003939393907785416
YJL096W,YPL173W,0,4.051483,0.694656491279602,0.0919191911816597,0.004040404222905636
YFL005W,YMR110C,0,4.0368857,0.689393937587738,0.0919191911816597,0.004141414072364569
YPL224C,YKL196C,0,4.03657,0.6842105388641357,0.0919191911816597,0.004242424387484789
YDR148C,YMR156C,0,4.0333915,0.6791045069694519,0.0919191911816597,0.004343434236943722
YJR073C,YKL026C,0,4.008618,0.6740740537643433,0.0919191911816597,0.004444444552063942
YOR266W,YJL180C,1,4.003676,0.6764705777168274,0.09292929619550705,0.004444444552063942
YDL175C,YFR049W,0,4.0032897,0.6715328693389893,0.09292929619550705,0.004545454401522875
YIL098C,YPL063W,1,3.9997957,0.6739130616188049,0.0939393937587738,0.004545454401522875
YDR375C,YMR072W,1,3.998788,0.6762589812278748,0.09494949132204056,0.004545454401522875
YER142C,YDL046W,0,3.9952655,0.6714285612106323,0.09494949132204056,0.004646464716643095
YEL020W-A,YLR259C,1,3.9936843,0.673758864402771,0.09595959633588791,0.004646464716643095
YNL167C,YML101C,0,3.988629,0.6690140962600708,0.09595959633588791,0.004747474566102028
YLL006W,YMR072W,1,3.9811227,0.6713286638259888,0.09696969389915466,0.004747474566102028
YGR174C,YLR193C,1,3.9748757,0.6736111044883728,0.09797979891300201,0.004747474566102028
YDR150W,YBR212W,1,3.9740248,0.6758620738983154,0.09898989647626877,0.004747474566102028
YOL096C,YEL024W,0,3.970427,0.6712328791618347,0.09898989647626877,0.004848484881222248
YLR220W,YPL156C,0,3.964174,0.6666666865348816,0.09898989647626877,0.004949494730681181
YPL013C,YPR100W,0,3.9578784,0.662162184715271,0.09898989647626877,0.005050505045801401
YDR375C,YPL215W,1,3.9565637,0.6644295454025269,0.10000000149011612,0.005050505045801401
YOR266W,YKL134C,1,3.9432716,0.6666666865348816,0.10101009905338287,0.005050505045801401
YGR082W,YDR375C,1,3.9417617,0.6688741445541382,0.10202020406723022,0.005050505045801401
YEL020W-A,YOR266W,1,3.9411051,0.6710526347160339,0.10303030163049698,0.005050505045801401
YLR193C,YKL134C,1,3.9388888,0.673202633857727,0.10404040664434433,0.005050505045801401
YPL215W,YKL134C,1,3.92924,0.6753246784210205,0.10505050420761108,0.005050505045801401
YMR175W,YJR048W,0,3.909724,0.6709677577018738,0.10505050420761108,0.005151515360921621
YOL122C,YGL087C,0,3.9093425,0.6666666865348816,0.10505050420761108,0.005252525210380554
YPL203W,YKL006C-A,0,3.8980322,0.662420392036438,0.10505050420761108,0.005353535525500774
YML120C,YBR094W,0,3.8926895,0.6582278609275818,0.10505050420761108,0.005454545374959707
YBL038W,YHR096C,0,3.8829188,0.6540880799293518,0.10505050420761108,0.0055555556900799274
YIL022W,YHR024C,1,3.8705235,0.65625,0.10606060922145844,0.0055555556900799274
YPR188C,YER023W,0,3.8660529,0.6521739363670349,0.10606060922145844,0.00565656553953886
YBR089C-A,YMR156C,0,3.8625638,0.6481481194496155,0.10606060922145844,0.0057575758546590805
YHR037W,YPL061W,0,3.8597429,0.6441717743873596,0.10606060922145844,0.005858585704118013
YLR259C,YMR035W,1,3.858977,0.6463414430618286,0.10707070678472519,0.005858585704118013
YPL215W,YPL063W,1,3.8516352,0.6484848260879517,0.10808081179857254,0.005858585704118013
YLR190W,YNL055C,1,3.8490338,0.650602400302887,0.1090909093618393,0.005858585704118013
YML120C,YKR007W,0,3.8452268,0.6467065811157227,0.1090909093618393,0.0059595960192382336
YDR427W,YEL024W,0,3.8401463,0.6428571343421936,0.1090909093618393,0.0060606058686971664
YDR287W,YPL135W,0,3.8397443,0.639053225517273,0.1090909093618393,0.006161616183817387
YKL016C,YMR040W,0,3.8364341,0.6352941393852234,0.1090909093618393,0.0062626260332763195
YDR150W,YLR259C,1,3.8330162,0.6374269127845764,0.11010100692510605,0.0062626260332763195
YHR150W,YOR227W,0,3.8323011,0.6337209343910217,0.11010100692510605,0.00636363634839654
YML092C,YEL024W,0,3.824024,0.6300578117370605,0.11010100692510605,0.00646464666351676
YKL150W,YGL096W,0,3.8227873,0.6264367699623108,0.11010100692510605,0.006565656512975693
YEL020W-A,YGL219C,1,3.8180196,0.6285714507102966,0.1111111119389534,0.006565656512975693
YDR375C,YGR174C,1,3.8176706,0.6306818127632141,0.11212120950222015,0.006565656512975693
YBR046C,YHR111W,0,3.8172824,0.6271186470985413,0.11212120950222015,0.006666666828095913
YJL054W,YPL215W,1,3.810642,0.6292135119438171,0.1131313145160675,0.006666666828095913
YIL107C,YMR110C,0,3.803279,0.6256983280181885,0.1131313145160675,0.006767676677554846
YMR072W,YKL134C,1,3.7949257,0.6277777552604675,0.11414141207933426,0.006767676677554846
YKL134C,YHR194W,1,3.7937548,0.6298342347145081,0.11515151709318161,0.006767676677554846
YDR178W,YKR031C,0,3.7898676,0.6263736486434937,0.11515151709318161,0.006868686992675066
YGR082W,YGR181W,1,3.7881815,0.6284152865409851,0.11616161465644836,0.006868686992675066
YDR276C,YJL173C,0,3.7814958,0.625,0.11616161465644836,0.006969696842133999
YKL192C,YER015W,0,3.7786865,0.6216216087341309,0.11616161465644836,0.007070707157254219
YBR078W,YBR149W,0,3.7726786,0.6182795763015747,0.11616161465644836,0.007171717006713152
YCR035C,YPL221W,0,3.7705438,0.614973247051239,0.11616161465644836,0.007272727321833372
YIL098C,YDR150W,1,3.7630281,0.6170212626457214,0.11717171967029572,0.007272727321833372
YIL098C,YKL134C,1,3.759292,0.6190476417541504,0.11818181723356247,0.007272727321833372
YDR375C,YGR181W,1,3.7582197,0.621052622795105,0.11919192224740982,0.007272727321833372
YOR045W,YKL134C,1,3.7539763,0.6230366230010986,0.12020201981067657,0.007272727321833372
YJL045W,YOR316C,0,3.7487688,0.6197916865348816,0.12020201981067657,0.007373737171292305
YOR316C,YKL032C,0,3.7487628,0.6165803074836731,0.12020201981067657,0.007474747486412525
YMR110C,YGR244C,0,3.7477438,0.6134020686149597,0.12020201981067657,0.007575757801532745
YGR082W,YLR193C,1,3.7476666,0.6153846383094788,0.12121212482452393,0.007575757801532745
YEL024W,YPL156C,0,3.7415648,0.6122449040412903,0.12121212482452393,0.007676767650991678
YDL135C,YKL192C,0,3.7359753,0.6091370582580566,0.12121212482452393,0.007777777966111898
YDR343C,YNL173C,0,3.7345977,0.6060606241226196,0.12121212482452393,0.007878787815570831
YGR046W,YIL098C,1,3.7188494,0.6080402135848999,0.12222222238779068,0.007878787815570831
YGR174C,YDR150W,1,3.71861,0.6100000143051147,0.12323231995105743,0.007878787815570831
YBR212W,YMR035W,1,3.7147076,0.611940324306488,0.12424242496490479,0.007878787815570831
YPL215W,YHR024C,1,3.7035959,0.6138613820075989,0.12525252997875214,0.007878787815570831
YGR082W,YJL180C,1,3.701237,0.6157635450363159,0.1262626200914383,0.007878787815570831
YGR174C,YNL055C,1,3.6949565,0.6176470518112183,0.12727272510528564,0.007878787815570831
YKR007W,YBL038W,0,3.6849883,0.6146341562271118,0.12727272510528564,0.007979798130691051
YER023W,YBR193C,0,3.6847441,0.6116504669189453,0.12727272510528564,0.008080808445811272
YOR045W,YLL006W,1,3.6845915,0.6135265827178955,0.128282830119133,0.008080808445811272
YBR046C,YDL123W,0,3.6823473,0.6105769276618958,0.128282830119133,0.008181817829608917
YIL098C,YMR035W,1,3.674332,0.6124401688575745,0.12929293513298035,0.008181817829608917
YDR375C,YKL134C,1,3.673583,0.6142857074737549,0.1303030252456665,0.008181817829608917
YGR253C,YKL192C,0,3.6718104,0.6113743782043457,0.1303030252456665,0.008282828144729137
YLR259C,YKL134C,1,3.6688144,0.6132075190544128,0.13131313025951385,0.008282828144729137
YJL045W,YBL038W,0,3.667949,0.6103286147117615,0.13131313025951385,0.008383838459849358
YGR082W,YPL215W,1,3.6517134,0.6121495366096497,0.1323232352733612,0.008383838459849358
YGR174C,YGL219C,1,3.6498563,0.6139534711837769,0.13333334028720856,0.008383838459849358
YFR010W,YNR037C,0,3.645752,0.6111111044883728,0.13333334028720856,0.008484848774969578
YDR377W,YLR361C,0,3.6435847,0.6082949042320251,0.13333334028720856,0.008585858158767223
YDR289C,YBR089C-A,0,3.642352,0.60550457239151,0.13333334028720856,0.008686868473887444
YEL020W-A,YPL215W,1,3.6401587,0.6073059439659119,0.13434343039989471,0.008686868473887444
YDR375C,YDR150W,1,3.6368454,0.6090909242630005,0.13535353541374207,0.008686868473887444
YGR082W,YKL134C,1,3.631193,0.610859751701355,0.13636364042758942,0.008686868473887444
YLR193C,YPL063W,1,3.6278374,0.6126126050949097,0.13737373054027557,0.008686868473887444
YDL175C,YHR111W,0,3.6212668,0.6098654866218567,0.13737373054027557,0.008787878789007664
YOR045W,YMR035W,1,3.6150846,0.6116071343421936,0.13838383555412292,0.008787878789007664
YBR109C,YDR328C,0,3.6105742,0.6088888645172119,0.13838383555412292,0.008888889104127884
YIL007C,YOL126C,0,3.6100779,0.6061946749687195,0.13838383555412292,0.008989899419248104
YGR046W,YPL215W,1,3.6083834,0.607929527759552,0.13939394056797028,0.008989899419248104
YAL051W,YMR002W,0,3.6072035,0.6052631735801697,0.13939394056797028,0.00909090880304575
YNL221C,YLR044C,0,3.6064813,0.6026200652122498,0.13939394056797028,0.00919191911816597
YNL173C,YCL039W,0,3.5998847,0.6000000238418579,0.13939394056797028,0.00929292943328619
YOR320C,YDR246W,0,3.597675,0.5974025726318359,0.13939394056797028,0.00939393974840641
YOR045W,YGR181W,1,3.5927525,0.5991379022598267,0.14040404558181763,0.00939393974840641
YHR024C,YGL219C,1,3.5823197,0.6008583903312683,0.14141413569450378,0.00939393974840641
YDR435C,YGR244C,0,3.581936,0.5982906222343445,0.14141413569450378,0.009494949132204056
YIL022W,YLR259C,1,3.5815656,0.6000000238418579,0.14242424070835114,0.009494949132204056
YOR266W,YIL062C,1,3.578942,0.6016949415206909,0.1434343457221985,0.009494949132204056
YGR253C,YGL107C,0,3.5767255,0.5991561412811279,0.1434343457221985,0.009595959447324276
YBR054W,YDR276C,0,3.5552127,0.5966386795043945,0.1434343457221985,0.009696969762444496
YGR181W,YPL063W,1,3.5538354,0.5983263850212097,0.14444445073604584,0.009696969762444496
YPL171C,YDR427W,0,3.5524738,0.5958333611488342,0.14444445073604584,0.009797980077564716
YFR050C,YNR033W,0,3.5518014,0.5933610200881958,0.14444445073604584,0.009898989461362362
YGR046W,YMR072W,1,3.5482924,0.5950413346290588,0.145454540848732,0.009898989461362362
YPR155C,YHR193C,0,3.5439012,0.5925925970077515,0.145454540848732,0.009999999776482582
YGR181W,YKL134C,1,3.5200124,0.5942623019218445,0.14646464586257935,0.009999999776482582
YDR150W,YJL180C,1,3.515723,0.5959183573722839,0.1474747508764267,0.009999999776482582
YMR041C,YCL035C,0,3.5146537,0.5934959053993225,0.1474747508764267,0.010101010091602802
YKL032C,YDR168W,0,3.5143955,0.591093122959137,0.1474747508764267,0.010202020406723022
YGL115W,YCL001W,0,3.5133972,0.5887096524238586,0.1474747508764267,0.010303030721843243
YPL173W,YPL135W,0,3.5032203,0.586345374584198,0.1474747508764267,0.010404040105640888
YDR375C,YLR259C,1,3.5019224,0.5879999995231628,0.14848485589027405,0.010404040105640888
YOR266W,YGL219C,1,3.5014822,0.5896414518356323,0.1494949460029602,0.010404040105640888
YEL020W-A,YGR181W,1,3.4983172,0.591269850730896,0.15050505101680756,0.010404040105640888
YIL098C,YIL062C,1,3.4972544,0.5928853750228882,0.1515151560306549,0.010404040105640888
YNL183C,YGR253C,0,3.4968035,0.5905511975288391,0.1515151560306549,0.010505050420761108
YJL180C,YIL062C,1,3.4925115,0.5921568870544434,0.15252524614334106,0.010505050420761108
YKR052C,YBR191W,0,3.4909947,0.58984375,0.15252524614334106,0.010606060735881329
YDR111C,YJL089W,0,3.48585,0.5875486135482788,0.15252524614334106,0.010707071051001549
YIL062C,YMR035W,1,3.4805346,0.5891472697257996,0.15353535115718842,0.010707071051001549
YIL098C,YLR190W,1,3.4780858,0.5907335877418518,0.15454545617103577,0.010707071051001549
YOR087W,YKL194C,0,3.469319,0.5884615182876587,0.15454545617103577,0.010808080434799194
YGR174C,YIL062C,1,3.4587004,0.5900382995605469,0.15555556118488312,0.010808080434799194
YGR046W,YDR375C,1,3.4525468,0.5916030406951904,0.15656565129756927,0.010808080434799194
YDR148C,YDR468C,0,3.446454,0.589353621006012,0.15656565129756927,0.010909090749919415
YDR375C,YBR212W,1,3.4441657,0.5909090638160706,0.15757575631141663,0.010909090749919415
YIL007C,YOR136W,0,3.4415698,0.5886792540550232,0.15757575631141663,0.011010101065039635
YDL072C,YGR044C,0,3.4411507,0.5864661931991577,0.15757575631141663,0.011111111380159855
YIL043C,YCL035C,0,3.4386375,0.584269642829895,0.15757575631141663,0.0112121207639575
YER142C,YKR049C,0,3.4375873,0.5820895433425903,0.15757575631141663,0.01131313107907772
YOR266W,YHR024C,1,3.4338093,0.5836431384086609,0.15858586132526398,0.01131313107907772
YDR148C,YDR381W,0,3.4325278,0.5814814567565918,0.15858586132526398,0.01141414139419794
YPL063W,YNL055C,1,3.4288685,0.5830258131027222,0.15959596633911133,0.01141414139419794
YBR279W,YKL087C,0,3.42821,0.5808823704719543,0.15959596633911133,0.011515151709318161
YBR046C,YMR081C,0,3.4234238,0.5787546038627625,0.15959596633911133,0.011616162024438381
YKL149C,YKR049C,0,3.4203024,0.5766423344612122,0.15959596633911133,0.011717171408236027
YOL126C,YOR372C,0,3.4172773,0.5745454430580139,0.15959596633911133,0.011818181723356247
YPL063W,YGL219C,1,3.416165,0.5760869383811951,0.16060605645179749,0.011818181723356247
YJR118C,YGL219C,1,3.4158514,0.577617347240448,0.16161616146564484,0.011818181723356247
YHR024C,YNL055C,1,3.4064028,0.5791366696357727,0.1626262664794922,0.011818181723356247
YLR193C,YIL062C,1,3.4020503,0.5806451439857483,0.16363635659217834,0.011818181723356247
YMR041C,YPL061W,0,3.400819,0.5785714387893677,0.16363635659217834,0.011919192038476467
YDR178W,YOL032W,0,3.4000502,0.5765124559402466,0.16363635659217834,0.012020202353596687
YBR169C,YNL111C,0,3.3973315,0.5744680762290955,0.16363635659217834,0.012121211737394333
YDL135C,YML092C,0,3.3953817,0.5724381804466248,0.16363635659217834,0.012222222052514553
YDR513W,YML004C,0,3.3929465,0.5704225301742554,0.16363635659217834,0.012323232367634773
YJL057C,YHR165C,0,3.3926253,0.5684210658073425,0.16363635659217834,0.012424242682754993
YER063W,YBL038W,0,3.3915923,0.5664335489273071,0.16363635659217834,0.012525252066552639
YPL063W,YIL062C,1,3.3835042,0.5679442286491394,0.1646464616060257,0.012525252066552639
YNL173C,YOL032W,0,3.3807652,0.5659722089767456,0.1646464616060257,0.01262626238167286
YIL062C,YNL055C,1,3.3792176,0.5674740672111511,0.16565656661987305,0.01262626238167286
YMR009W,YDL223C,0,3.3636987,0.565517246723175,0.16565656661987305,0.01272727269679308
YNL180C,YFR049W,0,3.3528128,0.5635738968849182,0.16565656661987305,0.0128282830119133
YGR046W,YGR174C,1,3.350496,0.5650684833526611,0.1666666716337204,0.0128282830119133
YJL180C,YLR190W,1,3.345639,0.5665528774261475,0.16767676174640656,0.0128282830119133
YDR009W,YFR049W,0,3.3382664,0.5646258592605591,0.16767676174640656,0.01292929332703352
YDR513W,YBL007C,0,3.337597,0.5627118349075317,0.16767676174640656,0.013030302710831165
YGR165W,YPL173W,0,3.3289983,0.5608108043670654,0.16767676174640656,0.013131313025951385
YOL023W,YPL097W,0,3.3280447,0.558922529220581,0.16767676174640656,0.013232323341071606
YPL171C,YBR268W,0,3.3275754,0.5570470094680786,0.16767676174640656,0.013333333656191826
YDR148C,YDR359C,0,3.324659,0.5551839470863342,0.16767676174640656,0.013434343039989471
YKL016C,YOL051W,0,3.3243468,0.5533333420753479,0.16767676174640656,0.013535353355109692
YOL012C,YCL035C,0,3.31679,0.5514950156211853,0.16767676174640656,0.013636363670229912
YMR318C,YDR201W,0,3.3105135,0.5496688485145569,0.16767676174640656,0.013737373985350132
YGR082W,YNL055C,1,3.3074937,0.5511550903320312,0.1686868667602539,0.013737373985350132
YJL054W,YNL055C,1,3.3064554,0.5526315569877625,0.16969697177410126,0.013737373985350132
YNL173C,YHR037W,0,3.305134,0.5508196949958801,0.16969697177410126,0.013838384300470352
YOR045W,YMR072W,1,3.3042173,0.5522875785827637,0.1707070767879486,0.013838384300470352
YKL134C,YBR212W,1,3.3019536,0.5537459254264832,0.17171716690063477,0.013838384300470352
YJL054W,YLR259C,1,3.3000512,0.5551947951316833,0.17272727191448212,0.013838384300470352
YOR117W,YFR050C,0,3.2965305,0.553398072719574,0.17272727191448212,0.013939393684267998
YER023W,YGL053W,0,3.2938073,0.551612913608551,0.17272727191448212,0.014040403999388218
YNL048W,YMR156C,0,3.2892368,0.549839198589325,0.17272727191448212,0.014141414314508438
YDR375C,YMR035W,1,3.2887187,0.5512820482254028,0.17373737692832947,0.014141414314508438
YIL022W,YJL180C,1,3.2882812,0.5527156591415405,0.17474748194217682,0.014141414314508438
YDR375C,YIL062C,1,3.2879798,0.5541401505470276,0.17575757205486298,0.014141414314508438
YER062C,YDR365C,0,3.2875497,0.5523809790611267,0.17575757205486298,0.014242424629628658
YGR253C,YBR272C,0,3.2861066,0.550632894039154,0.17575757205486298,0.014343434013426304
YIL075C,YPL117C,0,3.2834332,0.5488958954811096,0.17575757205486298,0.014444444328546524
YDR178W,YGR030C,0,3.2799163,0.5471698045730591,0.17575757205486298,0.014545454643666744
YDL100C,YCR044C,0,3.279869,0.5454545617103577,0.17575757205486298,0.014646464958786964
YMR040W,YOR059C,0,3.2780595,0.543749988079071,0.17575757205486298,0.01474747434258461
YDR111C,YDR005C,0,3.2665966,0.5420560836791992,0.17575757205486298,0.01484848465770483
YOR045W,YHR024C,1,3.2629273,0.54347825050354,0.17676767706871033,0.01484848465770483
YCL017C,YPR155C,0,3.2619894,0.5417956709861755,0.17676767706871033,0.01494949497282505
YML120C,YHR111W,0,3.2589455,0.540123462677002,0.17676767706871033,0.01505050528794527
YPL138C,YOL122C,0,3.2562058,0.5384615659713745,0.17676767706871033,0.01515151560306549
YKL149C,YOL126C,0,3.2538848,0.5368098020553589,0.17676767706871033,0.015252524986863136
YOL009C,YLR259C,1,3.252707,0.538226306438446,0.17777778208255768,0.015252524986863136
YLR044C,YEL027W,0,3.249718,0.5365853905677795,0.17777778208255768,0.015353535301983356
YNL137C,YOR189W,0,3.2481534,0.5349544286727905,0.17777778208255768,0.015454545617103577
YIL022W,YLR193C,1,3.2371368,0.5363636612892151,0.17878787219524384,0.015454545617103577
YJL180C,YML061C,1,3.2360363,0.5377643704414368,0.1797979772090912,0.015454545617103577
YNL111C,YJL083W,0,3.2357087,0.5361445546150208,0.1797979772090912,0.015555555932223797
YJR073C,YPL061W,0,3.2349074,0.5345345139503479,0.1797979772090912,0.015656566247344017
YDR500C,YBL087C,0,3.226537,0.5329341292381287,0.1797979772090912,0.015757575631141663
YPL171C,YPR067W,0,3.2248268,0.5313432812690735,0.1797979772090912,0.015858585014939308
YEL020W-A,YDR375C,1,3.223697,0.5327380895614624,0.18080808222293854,0.015858585014939308
YMR072W,YMR035W,1,3.22348,0.5341246128082275,0.1818181872367859,0.015858585014939308
YOR177C,YDL113C,0,3.218714,0.5325443744659424,0.1818181872367859,0.015959596261382103
YJL180C,YPL063W,1,3.2149987,0.533923327922821,0.18282827734947205,0.015959596261382103
YPR134W,YOL096C,0,3.2132356,0.5323529243469238,0.18282827734947205,0.01606060564517975
YDR377W,YGL115W,0,3.210379,0.5307917594909668,0.18282827734947205,0.016161616891622543
YOL032W,YDL046W,0,3.2071564,0.5292397737503052,0.18282827734947205,0.01626262627542019
YDR343C,YPL173W,0,3.2045522,0.5276967883110046,0.18282827734947205,0.016363635659217834
YMR205C,YKL051W,0,3.1897845,0.5261628031730652,0.18282827734947205,0.01646464690566063
YKL134C,YIL062C,1,3.1877487,0.5275362133979797,0.1838383823633194,0.01646464690566063
YEL020W-A,YHR024C,1,3.18609,0.5289017558097839,0.18484848737716675,0.01646464690566063
YPL224C,YBL091C,0,3.185177,0.5273775458335876,0.18484848737716675,0.016565656289458275
YGR046W,YLR193C,1,3.1851747,0.5287356376647949,0.1858585923910141,0.016565656289458275
YIL007C,YJL094C,0,3.1847303,0.527220606803894,0.1858585923910141,0.01666666753590107
YDR377W,YER177W,0,3.1838663,0.5257142782211304,0.1858585923910141,0.016767676919698715
YOR227W,YDR179C,0,3.175872,0.5242165327072144,0.1858585923910141,0.01686868630349636
YER023W,YDR284C,0,3.1748004,0.5227272510528564,0.1858585923910141,0.016969697549939156
YKR083C,YDR005C,0,3.1736622,0.5212464332580566,0.1858585923910141,0.0170707069337368
YJL054W,YGR174C,1,3.1724293,0.5225988626480103,0.18686868250370026,0.0170707069337368
YLR258W,YGL129C,0,3.169522,0.5211267471313477,0.18686868250370026,0.017171716317534447
YGL167C,YDR284C,0,3.1666787,0.5196629166603088,0.18686868250370026,0.01727272756397724
YDR375C,YOR266W,1,3.1666589,0.5210084319114685,0.1878787875175476,0.01727272756397724
YJL096W,YJL045W,0,3.1657832,0.5195530652999878,0.1878787875175476,0.017373736947774887
YDR435C,YER178W,0,3.1657174,0.5181058645248413,0.1878787875175476,0.017474748194217682
YGR181W,YOR266W,1,3.16283,0.519444465637207,0.18888889253139496,0.017474748194217682
YOR086C,YBR149W,0,3.1585624,0.5180055499076843,0.18888889253139496,0.017575757578015327
YIL022W,YGR174C,1,3.1576693,0.519336998462677,0.18989898264408112,0.017575757578015327
YGR181W,YLL006W,1,3.1574109,0.5206611752510071,0.19090908765792847,0.017575757578015327
YJR073C,YPR180W,0,3.1563213,0.5192307829856873,0.19090908765792847,0.017676766961812973
YLR059C,YGL219C,1,3.1533701,0.5205479264259338,0.19191919267177582,0.017676766961812973
YLR367W,YJL196C,0,3.1529746,0.5191256999969482,0.19191919267177582,0.017777778208255768
YER142C,YBR089C-A,0,3.1500416,0.5177111625671387,0.19191919267177582,0.017878787592053413
YMR158W,YDL149W,0,3.1484454,0.5163043737411499,0.19191919267177582,0.017979798838496208
YBR089C-A,YNL118C,0,3.1472533,0.5149051547050476,0.19191919267177582,0.018080808222293854
YGR174C,YOR266W,1,3.1422393,0.5162162184715271,0.19292929768562317,0.018080808222293854
YDR289C,YAL026C,0,3.1413345,0.5148248076438904,0.19292929768562317,0.0181818176060915
YBR054W,YGR253C,0,3.1364799,0.5134408473968506,0.19292929768562317,0.018282828852534294
YLR193C,YHR194W,1,3.135212,0.51474529504776,0.19393938779830933,0.018282828852534294
YNL055C,YMR035W,1,3.134952,0.5160427689552307,0.19494949281215668,0.018282828852534294
YER031C,YLR006C,0,3.1347055,0.5146666765213013,0.19494949281215668,0.01838383823633194
YGR082W,YIL062C,1,3.134177,0.5159574747085571,0.19595959782600403,0.01838383823633194
YGL196W,YBR089C-A,0,3.1316824,0.5145888328552246,0.19595959782600403,0.018484847620129585
YMR041C,YBR191W,0,3.1310263,0.5132275223731995,0.19595959782600403,0.01858585886657238
YGR181W,YJL180C,1,3.1301367,0.5145118832588196,0.19696970283985138,0.01858585886657238
YDR129C,YBR015C,0,3.1280305,0.5131579041481018,0.19696970283985138,0.018686868250370026
YOR045W,YGR082W,1,3.1232085,0.5144357085227966,0.19797979295253754,0.018686868250370026
YDL230W,YBL007C,0,3.1221473,0.5130890011787415,0.19797979295253754,0.01878787949681282
YML013W,YEL044W,0,3.1184952,0.5117493271827698,0.19797979295253754,0.018888888880610466
YIL098C,YLL006W,1,3.1152709,0.5130208134651184,0.1989898979663849,0.018888888880610466
YBR046C,YDR384C,0,3.1129315,0.5116882920265198,0.1989898979663849,0.01898989826440811
YIL022W,YIL062C,1,3.111155,0.5129533410072327,0.20000000298023224,0.01898989826440811
YKL026C,YCL039W,0,3.1108403,0.5116279125213623,0.20000000298023224,0.019090909510850906
YPR175W,YKL080W,0,3.1106565,0.5103092789649963,0.20000000298023224,0.019191918894648552
YNR048W,YLR093C,0,3.1066537,0.5089974403381348,0.20000000298023224,0.019292930141091347
YNR037C,YPL040C,0,3.1018949,0.5076923370361328,0.20000000298023224,0.019393939524888992
YFR047C,YPR180W,0,3.1011827,0.5063938498497009,0.20000000298023224,0.019494948908686638
YDR500C,YBR218C,0,3.0996523,0.5051020383834839,0.20000000298023224,0.019595960155129433
YDL072C,YLR185W,0,3.0993063,0.5038167834281921,0.20000000298023224,0.019696969538927078
YGR004W,YKL080W,0,3.0946481,0.5025380849838257,0.20000000298023224,0.019797978922724724
YOL012C,YHR114W,0,3.0929163,0.501265823841095,0.20000000298023224,0.01989899016916752
YGR181W,YDR150W,1,3.092326,0.502525269985199,0.2010101079940796,0.01989899016916752
YBR043C,YNL173C,0,3.0920928,0.501259446144104,0.2010101079940796,0.019999999552965164
YJL180C,YMR035W,1,3.0904863,0.5025125741958618,0.20202019810676575,0.019999999552965164
YOL122C,YJL173C,0,3.088844,0.5012531280517578,0.20202019810676575,0.02010101079940796
YGR254W,YPL076W,0,3.082718,0.5,0.20202019810676575,0.020202020183205605
YPR188C,YBL038W,0,3.081303,0.4987531304359436,0.20202019810676575,0.02030302956700325
YER123W,YDR359C,0,3.077521,0.49751242995262146,0.20202019810676575,0.020404040813446045
YOR266W,YPL215W,1,3.0750217,0.49875929951667786,0.2030303031206131,0.020404040813446045
YAR033W,YOR241W,0,3.0747244,0.4975247383117676,0.2030303031206131,0.02050505019724369
YDR234W,YDR317W,0,3.074362,0.4962962865829468,0.2030303031206131,0.020606061443686485
YFR024C-A,YMR149W,0,3.0740666,0.4950738847255707,0.2030303031206131,0.02070707082748413
YGR046W,YGR181W,1,3.0724142,0.49631449580192566,0.20404040813446045,0.02070707082748413
YNL133C,YMR183C,0,3.0723288,0.4950980246067047,0.20404040813446045,0.020808080211281776
YMR275C,YNL066W,1,3.0688744,0.4963325262069702,0.2050504982471466,0.020808080211281776
YMR040W,YNL041C,0,3.0687664,0.49512195587158203,0.2050504982471466,0.02090909145772457
YDR009W,YNL142W,0,3.067005,0.4939172863960266,0.2050504982471466,0.021010100841522217
YIL120W,YKL145W,0,3.0639522,0.4927184581756592,0.2050504982471466,0.021111110225319862
YML086C,YDL076C,0,3.0615065,0.49152541160583496,0.2050504982471466,0.021212121471762657
YIL098C,YBR212W,1,3.0602014,0.49275362491607666,0.20606060326099396,0.021212121471762657
YHR024C,YMR072W,1,3.0590942,0.4939759075641632,0.2070707082748413,0.021212121471762657
YFR027W,YER032W,0,3.058367,0.4927884638309479,0.2070707082748413,0.021313130855560303
YMR261C,YCL001W,0,3.0508192,0.4916067123413086,0.2070707082748413,0.021414142102003098
YJL057C,YFR024C-A,0,3.0498667,0.490430623292923,0.2070707082748413,0.021515151485800743
YFL005W,YJR049C,0,3.042681,0.48926013708114624,0.2070707082748413,0.02161616086959839
YOR045W,YLR259C,1,3.0424228,0.49047619104385376,0.20808081328868866,0.02161616086959839
YBR268W,YOR372C,0,3.041969,0.489311158657074,0.20808081328868866,0.021717172116041183
YMR242C,YKR052C,0,3.0400484,0.4881516695022583,0.20808081328868866,0.02181818149983883
YDR515W,YOR158W,0,3.0394232,0.4869976341724396,0.20808081328868866,0.021919192746281624
YMR072W,YBR212W,1,3.0306304,0.48820754885673523,0.20909090340137482,0.021919192746281624
YEL005C,YJL045W,0,3.030022,0.4870588183403015,0.20909090340137482,0.02202020213007927
YGR181W,YLR259C,1,3.0297253,0.48826292157173157,0.21010100841522217,0.02202020213007927
YLR190W,YLR259C,1,3.0281417,0.48946136236190796,0.21111111342906952,0.02202020213007927
YMR072W,YIL062C,1,3.0271409,0.49065420031547546,0.21212121844291687,0.02202020213007927
YGR046W,YBR212W,1,3.0258594,0.49184149503707886,0.21313130855560303,0.02202020213007927
YML100W,YJL167W,0,3.0258315,0.4906976819038391,0.21313130855560303,0.022121211513876915
YLR239C,YDR092W,0,3.0213337,0.4895591735839844,0.21313130855560303,0.02222222276031971
YMR220W,YFR049W,0,3.0147402,0.48842594027519226,0.21313130855560303,0.022323232144117355
YEL018W,YMR205C,0,3.0131538,0.487297922372818,0.21313130855560303,0.022424241527915
YOL012C,YLR220W,0,3.0093625,0.4861751198768616,0.21313130855560303,0.022525252774357796
YDR490C,YLR299W,0,3.0083284,0.4850574731826782,0.21313130855560303,0.02262626215815544
YLR259C,YPL063W,1,3.0061996,0.4862385392189026,0.21414141356945038,0.02262626215815544
YPR134W,YPR155C,0,3.0012016,0.485125869512558,0.21414141356945038,0.022727273404598236
YLR239C,YPR067W,0,2.999212,0.4840182662010193,0.21414141356945038,0.02282828278839588
YDR175C,YNL048W,0,2.9972882,0.4829157292842865,0.21414141356945038,0.022929292172193527
YLR259C,YIL062C,1,2.996098,0.4840908944606781,0.21515151858329773,0.022929292172193527
YDR150W,YIL062C,1,2.9959648,0.4852607846260071,0.21616162359714508,0.022929292172193527
YBR029C,YNL094W,0,2.9934926,0.4841628968715668,0.21616162359714508,0.023030303418636322
YDL072C,YBR208C,0,2.9921486,0.4830699861049652,0.21616162359714508,0.023131312802433968
YFR024C-A,YPL013C,0,2.9913743,0.4819819927215576,0.21616162359714508,0.023232324048876762
YDR148C,YPR128C,0,2.9888542,0.4808988869190216,0.21616162359714508,0.023333333432674408
YBR272C,YNL246W,0,2.9866865,0.4798206388950348,0.21616162359714508,0.023434342816472054
YBR130C,YML127W,0,2.985566,0.4787471890449524,0.21616162359714508,0.02353535406291485
YOR045W,YDR150W,1,2.9853554,0.4799107015132904,0.21717171370983124,0.02353535406291485
YFL061W,YIL120W,0,2.982843,0.4788418710231781,0.21717171370983124,0.023636363446712494
YMR158W,YKL138C,0,2.9776142,0.47777777910232544,0.21717171370983124,0.02373737283051014
YLR193C,YLR190W,1,2.9753077,0.47893568873405457,0.2181818187236786,0.02373737283051014
YDR148C,YNL130C,0,2.9746263,0.47787609696388245,0.2181818187236786,0.023838384076952934
YKR100C,YBR112C,0,2.971658,0.4768211841583252,0.2181818187236786,0.02393939346075058
YMR072W,YHR194W,1,2.9705803,0.4779735803604126,0.21919192373752594,0.02393939346075058
YCR024C,YKL039W,0,2.9657393,0.4769230782985687,0.21919192373752594,0.024040404707193375
YGR046W,YIL062C,1,2.965276,0.4780701696872711,0.2202020138502121,0.024040404707193375
YMR275C,YJR118C,1,2.9611356,0.4792122542858124,0.22121211886405945,0.024040404707193375
YIL153W,YDR284C,0,2.9578364,0.4781659245491028,0.22121211886405945,0.02414141409099102
YEL020W-A,YMR035W,1,2.9538164,0.4793028235435486,0.2222222238779068,0.02414141409099102
YJL180C,YMR072W,1,2.951152,0.480434775352478,0.22323232889175415,0.02414141409099102
YAL030W,YEL024W,0,2.949913,0.4793926179409027,0.22323232889175415,0.024242423474788666
YOL122C,YPL100W,0,2.948655,0.4783549904823303,0.22323232889175415,0.02434343472123146
YIL098C,YJR118C,1,2.9441383,0.47948163747787476,0.2242424190044403,0.02434343472123146
YGR046W,YGL219C,1,2.9390137,0.4806034564971924,0.22525252401828766,0.02434343472123146
YOR157C,YPR105C,0,2.936748,0.4795698821544647,0.22525252401828766,0.024444444105029106
YLR220W,YKR083C,0,2.9327295,0.4785407781600952,0.22525252401828766,0.0245454553514719
YER031C,YKL069W,0,2.9274025,0.4775160551071167,0.22525252401828766,0.024646464735269547
YGR244C,YDR168W,0,2.9255679,0.4764957129955292,0.22525252401828766,0.024747474119067192
YOR117W,YLR220W,0,2.924381,0.47547975182533264,0.22525252401828766,0.024848485365509987
YPL169C,YDR023W,0,2.923838,0.47446808218955994,0.22525252401828766,0.024949494749307632
YLR259C,YBR212W,1,2.9218867,0.47558385133743286,0.226262629032135,0.024949494749307632
YOR136W,YBR094W,0,2.9198382,0.47457626461982727,0.226262629032135,0.025050504133105278
YGR254W,YMR242C,0,2.915884,0.4735729396343231,0.226262629032135,0.025151515379548073
YLR259C,YOR060C,1,2.9125266,0.474683552980423,0.22727273404598236,0.025151515379548073
YGR103W,YMR110C,0,2.9097135,0.4736842215061188,0.22727273404598236,0.02525252476334572
YLR284C,YLR324W,0,2.9085426,0.47268906235694885,0.22727273404598236,0.025353536009788513
YDR287W,YGL107C,0,2.9077244,0.4716981053352356,0.22727273404598236,0.02545454539358616
YOR372C,YGR005C,0,2.9050584,0.47071129083633423,0.22727273404598236,0.025555554777383804
YER031C,YKL194C,0,2.9050395,0.46972858905792236,0.22727273404598236,0.0256565660238266
YDL072C,YPL203W,0,2.9038858,0.46875,0.22727273404598236,0.025757575407624245
YOR045W,YIL022W,1,2.8928123,0.469854474067688,0.22828282415866852,0.025757575407624245
YBR119W,YMR002W,0,2.8914237,0.46887966990470886,0.22828282415866852,0.02585858665406704
YKL026C,YMR225C,0,2.8913922,0.4679088890552521,0.22828282415866852,0.025959596037864685
YOR002W,YKL196C,0,2.8910453,0.46694216132164,0.22828282415866852,0.02606060542166233
YJL167W,YDL134C,0,2.8892648,0.46597936749458313,0.22828282415866852,0.026161616668105125
YKL060C,YKL006W,0,2.8891077,0.4650205671787262,0.22828282415866852,0.02626262605190277
YDR148C,YDR075W,0,2.8874302,0.46406570076942444,0.22828282415866852,0.026363635435700417
YMR110C,YOR004W,0,2.8862379,0.46311476826667786,0.22828282415866852,0.02646464668214321
YML061C,YNL055C,1,2.8853514,0.46421268582344055,0.22929292917251587,0.02646464668214321
YOR027W,YKL145W,0,2.8852198,0.4632652997970581,0.22929292917251587,0.026565656065940857
YOR266W,YLR190W,1,2.8846264,0.46435844898223877,0.23030303418636322,0.026565656065940857
YDR377W,YML086C,0,2.8845952,0.46341463923454285,0.23030303418636322,0.02666666731238365
YBR109C,YFR025C,0,2.8841984,0.46247464418411255,0.23030303418636322,0.026767676696181297
YPR134W,YPR100W,0,2.8810122,0.4615384638309479,0.23030303418636322,0.026868686079978943
YDR201W,YCL035C,0,2.8792174,0.46060606837272644,0.23030303418636322,0.026969697326421738
YBR086C,YHR005C,0,2.8785374,0.45967742800712585,0.23030303418636322,0.027070706710219383
YDR399W,YIL130W,0,2.8774455,0.45875251293182373,0.23030303418636322,0.027171717956662178
YGR082W,YOL009C,1,2.875197,0.4598393440246582,0.23131312429904938,0.027171717956662178
YNL054W,YOR065W,0,2.873397,0.4589178264141083,0.23131312429904938,0.027272727340459824
YJL094C,YGR030C,0,2.8717682,0.4580000042915344,0.23131312429904938,0.02737373672425747
YPL234C,YDR328C,0,2.8713162,0.45708581805229187,0.23131312429904938,0.027474747970700264
YMR286W,YDL106C,0,2.8701768,0.456175297498703,0.23131312429904938,0.02757575735449791
YDL100C,YGR170W,0,2.864761,0.45526838302612305,0.23131312429904938,0.027676768600940704
YDR377W,YBR279W,0,2.861995,0.454365074634552,0.23131312429904938,0.02777777798473835
YDR308C,YBR146W,0,2.8606725,0.4534653425216675,0.23131312429904938,0.027878787368535995
YGR174C,YHR024C,1,2.8601115,0.4545454680919647,0.23232322931289673,0.027878787368535995
YDR256C,YLR220W,0,2.8498547,0.4536489248275757,0.23232322931289673,0.02797979861497879
YBL038W,YML013W,0,2.8456829,0.4527558982372284,0.23232322931289673,0.028080807998776436
YLL026W,YBR146W,0,2.8414977,0.45186641812324524,0.23232322931289673,0.02818181738257408
YJL057C,YDR468C,0,2.8404822,0.45098039507865906,0.23232322931289673,0.028282828629016876
YDR145W,YPR120C,0,2.8392782,0.45009785890579224,0.23232322931289673,0.028383838012814522
YDR201W,YNL317W,0,2.8377025,0.44921875,0.23232322931289673,0.028484849259257317
YOR045W,YGR046W,1,2.8362267,0.4502924084663391,0.23333333432674408,0.028484849259257317
YKL069W,YKL080W,0,2.8354633,0.4494163393974304,0.23333333432674408,0.028585858643054962
YIL120W,YGR057C,0,2.8329477,0.4485436975955963,0.23333333432674408,0.028686868026852608
YNL133C,YOR113W,0,2.8311727,0.447674423456192,0.23333333432674408,0.028787879273295403
YMR318C,YLR115W,0,2.8284867,0.44680851697921753,0.23333333432674408,0.028888888657093048
YLR239C,YDR175C,0,2.827048,0.44594594836235046,0.23333333432674408,0.028989899903535843
YMR230W,YMR242C,0,2.8268118,0.4450867176055908,0.23333333432674408,0.02909090928733349
YLR093C,YNL123W,0,2.8248646,0.4442307651042938,0.23333333432674408,0.029191918671131134
YOR103C,YLR260W,0,2.8202846,0.44337812066078186,0.23333333432674408,0.02929292991757393
YKR049C,YCL067C,0,2.819034,0.44252872467041016,0.23333333432674408,0.029393939301371574
YCR044C,YJL196C,0,2.8187554,0.4416826069355011,0.23333333432674408,0.02949494868516922
YJR117W,YOR273C,0,2.8184671,0.4408397078514099,0.23333333432674408,0.029595959931612015
YOR266W,YDR150W,1,2.8161266,0.441904753446579,0.23434343934059143,0.029595959931612015
YPL004C,YKL054C,0,2.8140864,0.44106462597846985,0.23434343934059143,0.02969696931540966
YMR081C,YGR193C,0,2.8136356,0.4402277171611786,0.23434343934059143,0.029797980561852455
YNL167C,YKL145W,0,2.8119855,0.43939393758773804,0.23434343934059143,0.0298989899456501
YPL004C,YDR515W,0,2.8080547,0.4385633170604706,0.23434343934059143,0.029999999329447746
YDL091C,YLR409C,0,2.8076744,0.4377358555793762,0.23434343934059143,0.03010101057589054
YOR316C,YCR005C,0,2.8069377,0.4369114935398102,0.23434343934059143,0.030202019959688187
YKL016C,YFR053C,0,2.8066716,0.43609023094177246,0.23434343934059143,0.03030303120613098
YPR067W,YOR059C,0,2.8065841,0.4352720379829407,0.23434343934059143,0.030404040589928627
YOR004W,YIL033C,0,2.8037093,0.4344569146633148,0.23434343934059143,0.030505049973726273
YPR037C,YDR517W,0,2.803448,0.4336448609828949,0.23434343934059143,0.030606061220169067
YDR468C,YGL115W,0,2.8024971,0.43283581733703613,0.23434343934059143,0.030707070603966713
YMR175W,YOL122C,0,2.8021007,0.4320297837257385,0.23434343934059143,0.03080807998776436
YLR059C,YPL215W,1,2.8008368,0.43308550119400024,0.2353535294532776,0.03080807998776436
YLR039C,YKL192C,0,2.8004014,0.4322820007801056,0.2353535294532776,0.030909091234207153
YLR044C,YLR409C,0,2.7995164,0.4314814805984497,0.2353535294532776,0.0310101006180048
YLL048C,YDR148C,0,2.7984343,0.4306839108467102,0.2353535294532776,0.031111111864447594
YPL171C,YPL140C,0,2.797951,0.4298892915248871,0.2353535294532776,0.03121212124824524
YGR082W,YOR266W,1,2.7922213,0.4309392273426056,0.23636363446712494,0.03121212124824524
YML120C,YDR005C,0,2.791657,0.43014705181121826,0.23636363446712494,0.031313132494688034
YDR412W,YFR049W,0,2.783242,0.4293577969074249,0.23636363446712494,0.03141414001584053
YPR057W,YBR191W,0,2.7812574,0.4285714328289032,0.23636363446712494,0.031515151262283325
YOR117W,YFR025C,0,2.7807884,0.4277879297733307,0.23636363446712494,0.03161616250872612
YDR041W,YIL005W,0,2.7802644,0.4270072877407074,0.23636363446712494,0.031717170029878616
YNL243W,YOR157C,0,2.780183,0.4262295067310333,0.23636363446712494,0.03181818127632141
YPL120W,YBR049C,0,2.7795334,0.4254545569419861,0.23636363446712494,0.031919192522764206
YER014W,YOR320C,0,2.774514,0.4246824085712433,0.23636363446712494,0.032020203769207
YLR377C,YOR247W,0,2.7744892,0.42391303181648254,0.23636363446712494,0.0321212112903595
YEL020W-A,YGR082W,1,2.7733326,0.4249548017978668,0.2373737394809723,0.0321212112903595
YGL073W,YOR065W,0,2.7732522,0.42418771982192993,0.2373737394809723,0.03222222253680229
YPR067W,YDR122W,0,2.772513,0.4234234094619751,0.2373737394809723,0.03232323378324509
YJR118C,YLR259C,1,2.772197,0.42446044087409973,0.23838384449481964,0.03232323378324509
YGL018C,YKL196C,0,2.7709289,0.42369839549064636,0.23838384449481964,0.03242424130439758
YML120C,YHR150W,0,2.770386,0.4229390621185303,0.23838384449481964,0.03252525255084038
YJL054W,YJL180C,1,2.7699358,0.42397138476371765,0.2393939346075058,0.03252525255084038
YGL115W,YPL097W,0,2.765098,0.42321428656578064,0.2393939346075058,0.03262626379728317
YDL072C,YER007C-A,0,2.7649493,0.4224599003791809,0.2393939346075058,0.03272727131843567
YDR381W,YDR135C,0,2.7636807,0.42170819640159607,0.2393939346075058,0.032828282564878464
YGR082W,YHR024C,1,2.761884,0.422735333442688,0.24040403962135315,0.032828282564878464
YIL098C,YHR194W,1,2.7579694,0.423758864402771,0.2414141446352005,0.032828282564878464
YIL022W,YBR212W,1,2.7557752,0.4247787594795227,0.24242424964904785,0.032828282564878464
YJL054W,YOR045W,1,2.7533338,0.4257950484752655,0.243434339761734,0.032828282564878464
YJR035W,YMR156C,0,2.7518625,0.42504408955574036,0.243434339761734,0.03292929381132126
YDL081C,YMR040W,0,2.7506073,0.4242957830429077,0.243434339761734,0.033030301332473755
YMR243C,YLR054C,0,2.7505803,0.4235500991344452,0.243434339761734,0.03313131257891655
YOR002W,YDL076C,0,2.7503223,0.4228070080280304,0.243434339761734,0.033232323825359344
YIL075C,YER143W,0,2.748931,0.4220665395259857,0.243434339761734,0.03333333507180214
YGR181W,YGR174C,1,2.7477255,0.42307692766189575,0.24444444477558136,0.03333333507180214
YLL006W,YGL219C,1,2.7474422,0.42408376932144165,0.2454545497894287,0.03333333507180214
YIL098C,YOR266W,1,2.7468505,0.4250870943069458,0.24646463990211487,0.03333333507180214
YNR030W,YDR284C,0,2.7438366,0.42434781789779663,0.24646463990211487,0.033434342592954636
YHR024C,YIL062C,1,2.7434654,0.4253472089767456,0.24747474491596222,0.033434342592954636
YDR175C,YHR150W,0,2.7417052,0.42461004853248596,0.24747474491596222,0.03353535383939743
YGR254W,YDR463W,0,2.7406707,0.4238754212856293,0.24747474491596222,0.033636365085840225
YCL017C,YIL033C,0,2.7404034,0.4231433570384979,0.24747474491596222,0.03373737260699272
YOL051W,YHR193C,0,2.7379434,0.42241379618644714,0.24747474491596222,0.033838383853435516
YBR005W,YPL173W,0,2.734502,0.42168673872947693,0.24747474491596222,0.03393939509987831
YFR050C,YAL051W,0,2.7318497,0.4209621846675873,0.24747474491596222,0.03404040262103081
YNL183C,YNL243W,0,2.7316203,0.4202401340007782,0.24747474491596222,0.0341414138674736
YHR194W,YPL063W,1,2.7316012,0.4212328791618347,0.24848484992980957,0.0341414138674736
YOR316C,YGR193C,0,2.7312853,0.4205128252506256,0.24848484992980957,0.0342424251139164
YJL078C,YOR081C,0,2.7292144,0.4197952151298523,0.24848484992980957,0.03434343263506889
YKL062W,YPR105C,0,2.7272837,0.41908007860183716,0.24848484992980957,0.03444444388151169
YMR015C,YGL006W,0,2.7243855,0.4183673560619354,0.24848484992980957,0.03454545512795448
YDL135C,YLR037C,0,2.7238286,0.4176570475101471,0.24848484992980957,0.03464646637439728
YOL122C,YNL054W,0,2.7214417,0.41694915294647217,0.24848484992980957,0.034747473895549774
YJL054W,YIL022W,1,2.7214391,0.41793569922447205,0.24949495494365692,0.034747473895549774
YPL171C,YLL026W,0,2.720513,0.4172297418117523,0.24949495494365692,0.03484848514199257
YDR092W,YOR227W,0,2.7175963,0.4165261387825012,0.24949495494365692,0.034949496388435364
YEL020W-A,YBR212W,1,2.7172527,0.41750842332839966,0.2505050599575043,0.034949496388435364
YNL233W,YGR044C,0,2.7160118,0.41680672764778137,0.2505050599575043,0.03505050390958786
YNL161W,YDR005C,0,2.713926,0.4161073863506317,0.2505050599575043,0.035151515156030655
YDR127W,YDR098C,0,2.7132292,0.4154103994369507,0.2505050599575043,0.03525252640247345
YDR377W,YDL134C,0,2.712886,0.4147157073020935,0.2505050599575043,0.035353533923625946
YDR150W,YML061C,1,2.7125208,0.41569283604621887,0.25151515007019043,0.035353533923625946
YNR048W,YPR007C,0,2.7117662,0.41499999165534973,0.25151515007019043,0.03545454517006874
YGR046W,YJL180C,1,2.71117,0.41597336530685425,0.2525252401828766,0.03545454517006874
YIL156W,YKL054C,0,2.7109888,0.41528239846229553,0.2525252401828766,0.035555556416511536
YPL239W,YIL033C,0,2.7081318,0.4145936965942383,0.2525252401828766,0.03565656393766403
YPR037C,YDL135C,0,2.7078938,0.4139072895050049,0.2525252401828766,0.03575757518410683
YBL007C,YDR350C,0,2.7058103,0.41322314739227295,0.2525252401828766,0.03585858643054962
YMR072W,YGL219C,1,2.7054877,0.41419142484664917,0.25353536009788513,0.03585858643054962
YBL080C,YLR411W,0,2.7046192,0.4135090708732605,0.25353536009788513,0.035959597676992416
YKL045W,YKL141W,0,2.7021024,0.4128289520740509,0.25353536009788513,0.03606060519814491
YDR268W,YBL047C,0,2.7016437,0.4121510684490204,0.25353536009788513,0.03616161644458771
YMR215W,YPR155C,0,2.6993077,0.41147541999816895,0.25353536009788513,0.0362626276910305
YNL167C,YLR093C,0,2.697892,0.4108019769191742,0.25353536009788513,0.036363635212183
YGR181W,YBR212W,1,2.6975696,0.4117647111415863,0.2545454502105713,0.036363635212183
YJR118C,YNL055C,1,2.6974237,0.4127243161201477,0.25555557012557983,0.036363635212183
YNL142W,YGL018C,0,2.6964946,0.41205212473869324,0.25555557012557983,0.03646464645862579
YKR052C,YNL161W,0,2.693906,0.41138210892677307,0.25555557012557983,0.03656565770506859
YFR014C,YLR247C,0,2.6928794,0.4107142984867096,0.25555557012557983,0.036666665226221085
YHR096C,YFR050C,0,2.6903017,0.41004863381385803,0.25555557012557983,0.03676767647266388
YJL054W,YGL219C,1,2.6896298,0.4110032320022583,0.256565660238266,0.03676767647266388
YGL076C,YMR040W,0,2.6893208,0.41033926606178284,0.256565660238266,0.036868687719106674
YDR328C,YBR168W,0,2.6879508,0.4096774160861969,0.256565660238266,0.03696969524025917
YHR204W,YKL060C,0,2.6856713,0.4090177118778229,0.256565660238266,0.037070706486701965
YIL056W,YIL008W,0,2.6842098,0.4083601236343384,0.256565660238266,0.03717171773314476
YLR019W,YLR328W,0,2.6841805,0.4077046513557434,0.256565660238266,0.037272728979587555
YMR275C,YPL063W,1,2.683572,0.4086538553237915,0.25757575035095215,0.037272728979587555
YKL033W,YFR049W,0,2.6824896,0.40799999237060547,0.25757575035095215,0.03737373650074005
YDR490C,YHR106W,0,2.680392,0.40734824538230896,0.25757575035095215,0.037474747747182846
YDL160C,YBR254C,0,2.680309,0.4066985547542572,0.25757575035095215,0.03757575899362564
YNL263C,YGL098W,0,2.679895,0.4060509502887726,0.25757575035095215,0.03767676651477814
YML120C,YOR319W,0,2.6792629,0.4054054021835327,0.25757575035095215,0.03777777776122093
YJL110C,YBR189W,0,2.6775491,0.4047619104385376,0.25757575035095215,0.03787878900766373
YGL093W,YBR015C,0,2.6772645,0.40412044525146484,0.25757575035095215,0.03797979652881622
YGR046W,YLR190W,1,2.6771033,0.40506330132484436,0.2585858702659607,0.03797979652881622
YDR111C,YMR040W,0,2.6770737,0.40442338585853577,0.2585858702659607,0.03808080777525902
YGR212W,YLR313C,0,2.6751816,0.40378549695014954,0.2585858702659607,0.03818181902170181
YJL096W,YBR101C,0,2.6748211,0.4031496047973633,0.2585858702659607,0.03828282654285431
YML004C,YKR083C,0,2.6739311,0.402515709400177,0.2585858702659607,0.038383837789297104
YMR072W,YOR060C,1,2.6729708,0.40345367789268494,0.25959596037864685,0.038383837789297104
YEL039C,YGL087C,0,2.6710558,0.40282130241394043,0.25959596037864685,0.0384848490357399
YHR158C,YBR272C,0,2.6677957,0.4021909236907959,0.25959596037864685,0.038585860282182693
YOR227W,YOR271C,0,2.667787,0.40156251192092896,0.25959596037864685,0.03868686780333519
YDL145C,YNL081C,0,2.6672463,0.4009360373020172,0.25959596037864685,0.038787879049777985
YPL133C,YKL192C,0,2.6668532,0.40031152963638306,0.25959596037864685,0.03888889029622078
YLR061W,YLR249W,0,2.6611245,0.3996889591217041,0.25959596037864685,0.038989897817373276
YKL069W,YDR201W,0,2.6603599,0.39906832575798035,0.25959596037864685,0.03909090906381607
YDR375C,YHR194W,1,2.6596882,0.4000000059604645,0.260606050491333,0.03909090906381607
YNL103W,YKL145W,0,2.6590796,0.39938080310821533,0.260606050491333,0.039191920310258865
YKL069W,YML120C,0,2.6571229,0.3987635374069214,0.260606050491333,0.03929292783141136
YJR049C,YNL294C,0,2.6560447,0.39814814925193787,0.260606050491333,0.039393939077854156
YLR259C,YHR194W,1,2.6556761,0.3990755081176758,0.26161617040634155,0.039393939077854156
YLR333C,YNR055C,0,2.6555476,0.39846155047416687,0.26161617040634155,0.03949495032429695
YOR027W,YGL129C,0,2.653758,0.3978494703769684,0.26161617040634155,0.03959595784544945
YLR333C,YDR234W,0,2.652164,0.3972392678260803,0.26161617040634155,0.03969696909189224
YKL062W,YKL138C,0,2.6509197,0.3966309428215027,0.26161617040634155,0.03979798033833504
YJL054W,YLR193C,1,2.6477215,0.3975535035133362,0.2626262605190277,0.03979798033833504
YHR103W,YDR435C,0,2.6444921,0.39694657921791077,0.2626262605190277,0.03989899158477783
YMR225C,YHR190W,0,2.6419985,0.396341472864151,0.2626262605190277,0.03999999910593033
YOL032W,YDL123W,0,2.6416335,0.3957382142543793,0.2626262605190277,0.04010101035237312
YPL215W,YJR118C,1,2.6411355,0.3966565430164337,0.26363635063171387,0.04010101035237312
YKL145W,YKL058W,0,2.6372643,0.39605462551116943,0.26363635063171387,0.04020202159881592
YMR220W,YPR155C,0,2.6352665,0.3954545557498932,0.26363635063171387,0.040303029119968414
YNL142W,YBR015C,0,2.6347394,0.3948562741279602,0.26363635063171387,0.04040404036641121
YPR155C,YGL198W,0,2.6346972,0.39425981044769287,0.26363635063171387,0.040505051612854004
YPR131C,YNL055C,1,2.6342692,0.39517346024513245,0.2646464705467224,0.040505051612854004
YGR082W,YGR174C,1,2.6339767,0.39608433842658997,0.26565656065940857,0.040505051612854004
YML004C,YMR002W,0,2.6331959,0.3954887092113495,0.26565656065940857,0.0406060591340065
YPL156C,YOR086C,0,2.6329143,0.39489489793777466,0.26565656065940857,0.040707070380449295
YNL051W,YBR029C,0,2.6324449,0.3943028450012207,0.26565656065940857,0.04080808162689209
YOL154W,YPR161C,0,2.6318948,0.39371258020401,0.26565656065940857,0.040909089148044586
YMR053C,YHR165C,0,2.6310673,0.3931240737438202,0.26565656065940857,0.04101010039448738
YER155C,YBR168W,0,2.630876,0.39253732562065125,0.26565656065940857,0.041111111640930176
YBR043C,YHR096C,0,2.6304882,0.3919523060321808,0.26565656065940857,0.04121212288737297
YJL180C,YHR024C,1,2.6275866,0.3928571343421936,0.2666666805744171,0.04121212288737297
YKL026C,YKL141W,0,2.6274915,0.3922733962535858,0.2666666805744171,0.04131313040852547
YGL167C,YOR109W,0,2.62716,0.3916913866996765,0.2666666805744171,0.04141414165496826
YBR208C,YDR057W,0,2.624904,0.3911111056804657,0.2666666805744171,0.041515152901411057
YLR299W,YDR284C,0,2.6226954,0.39053255319595337,0.2666666805744171,0.04161616042256355
YLR258W,YDR515W,0,2.6213741,0.38995569944381714,0.2666666805744171,0.04171717166900635
YPR180W,YLR249W,0,2.6197293,0.389380544424057,0.2666666805744171,0.04181818291544914
YMR110C,YGL171W,0,2.619586,0.3888070583343506,0.2666666805744171,0.04191919043660164
YOR189W,YIL037C,0,2.6183684,0.38823530077934265,0.2666666805744171,0.042020201683044434
YGR181W,YHR024C,1,2.6178396,0.38913363218307495,0.26767677068710327,0.042020201683044434
YLR019W,YPL233W,0,2.6152413,0.38856303691864014,0.26767677068710327,0.04212121292948723
YMR015C,YJR049C,0,2.614937,0.3879941403865814,0.26767677068710327,0.042222220450639725
YGL076C,YNR055C,0,2.613677,0.3874269127845764,0.26767677068710327,0.04232323169708252
YDL175C,YJL094C,0,2.6123152,0.38686132431030273,0.26767677068710327,0.042424242943525314
YJL054W,YIL062C,1,2.6112554,0.3877550959587097,0.26868686079978943,0.042424242943525314
YGR181W,YOL009C,1,2.6112,0.38864627480506897,0.269696980714798,0.042424242943525314
YGR165W,YOL052C-A,0,2.6105769,0.3880814015865326,0.269696980714798,0.04252525418996811
YLL006W,YIL062C,1,2.6096942,0.3889695107936859,0.27070707082748413,0.04252525418996811
YKR007W,YDR041W,0,2.6096578,0.38840579986572266,0.27070707082748413,0.042626261711120605
YML057W,YKR031C,0,2.609431,0.38784369826316833,0.27070707082748413,0.0427272729575634
YLR011W,YPL061W,0,2.608588,0.38728323578834534,0.27070707082748413,0.042828284204006195
YJL078C,YJR109C,0,2.6077082,0.3867243826389313,0.27070707082748413,0.04292929172515869
YAR033W,YGL105W,0,2.607608,0.38616713881492615,0.27070707082748413,0.043030302971601486
YJL183W,YGR244C,0,2.6074636,0.38561150431632996,0.27070707082748413,0.04313131421804428
YJL186W,YER093C,0,2.6043072,0.3850574791431427,0.27070707082748413,0.04323232173919678
YGR181W,YLR190W,1,2.599298,0.38593974709510803,0.2717171609401703,0.04323232173919678
YGR082W,YLR259C,1,2.599042,0.3868194818496704,0.27272728085517883,0.04323232173919678
YDR256C,YBL007C,0,2.5986073,0.3862660825252533,0.27272728085517883,0.04333333298563957
YGL093W,YBL072C,0,2.5958123,0.3857142925262451,0.27272728085517883,0.04343434423208237
YOR087W,YBR109C,0,2.5939295,0.3851640522480011,0.27272728085517883,0.04353535175323486
YJL012C,YGR244C,0,2.5912614,0.38461539149284363,0.27272728085517883,0.04363636299967766
YJL001W,YDR135C,0,2.5884888,0.3840682804584503,0.27272728085517883,0.04373737424612045
YMR192W,YDR007W,0,2.5884457,0.38352271914482117,0.27272728085517883,0.04383838549256325
YOR081C,YLR451W,0,2.5882757,0.38297873735427856,0.27272728085517883,0.043939393013715744
YHR194W,YMR035W,1,2.5867262,0.38385269045829773,0.273737370967865,0.043939393013715744
YLL026W,YGL107C,0,2.5856588,0.3833097517490387,0.273737370967865,0.04404040426015854
YHR111W,YLR361C,0,2.5838642,0.3827683627605438,0.273737370967865,0.044141415506601334
YGR120C,YOR254C,0,2.5833013,0.3822284936904907,0.273737370967865,0.04424242302775383
YML041C,YCR031C,0,2.583244,0.3816901445388794,0.273737370967865,0.044343434274196625
YOL009C,YNL055C,1,2.5832238,0.38255977630615234,0.27474746108055115,0.044343434274196625
YOR249C,YKL196C,0,2.5829103,0.3820224702358246,0.27474746108055115,0.04444444552063942
YBR078W,YPL075W,0,2.5820312,0.3814866840839386,0.27474746108055115,0.044545453041791916
YCR031C,YJL001W,0,2.581558,0.380952388048172,0.27474746108055115,0.04464646428823471
YIL022W,YMR072W,1,2.5809836,0.38181817531585693,0.2757575809955597,0.04464646428823471
YOR363C,YBR146W,0,2.580934,0.3812849223613739,0.2757575809955597,0.044747475534677505
YPL013C,YGR044C,0,2.580087,0.38075312972068787,0.2757575809955597,0.04484848305583
YER031C,YCR044C,0,2.5760958,0.3802228271961212,0.2757575809955597,0.0449494943022728
YPL156C,YDL046W,0,2.5743103,0.37969401478767395,0.2757575809955597,0.04505050554871559
YDR427W,YDL123W,0,2.5729547,0.3791666626930237,0.2757575809955597,0.045151516795158386
YLR220W,YER178W,0,2.5721915,0.3786407709121704,0.2757575809955597,0.04525252431631088
YPL262W,YLR067C,0,2.5718577,0.37811633944511414,0.2757575809955597,0.04535353556275368
YDR178W,YKL058W,0,2.5708387,0.37759336829185486,0.2757575809955597,0.04545454680919647
YER100W,YPR017C,0,2.5701516,0.3770718276500702,0.2757575809955597,0.04555555433034897
YJL054W,YDR375C,1,2.5693784,0.37793102860450745,0.27676767110824585,0.04555555433034897
YDR057W,YKR052C,0,2.5642092,0.3774104714393616,0.27676767110824585,0.04565656557679176
YDL230W,YJL059W,0,2.5638092,0.3768913447856903,0.27676767110824585,0.04575757682323456
YJL167W,YBR003W,0,2.5630083,0.37637361884117126,0.27676767110824585,0.045858584344387054
YBR078W,YER005W,0,2.5628734,0.3758573532104492,0.27676767110824585,0.04595959559082985
YNL103W,YOR177C,0,2.5627837,0.375342458486557,0.27676767110824585,0.046060606837272644
YDR375C,YPL063W,1,2.56234,0.3761969804763794,0.2777777910232544,0.046060606837272644
YOR045W,YOL009C,1,2.5616686,0.37704917788505554,0.27878788113594055,0.046060606837272644
YPL215W,YBR212W,1,2.559304,0.37789905071258545,0.2797979712486267,0.046060606837272644
YOR330C,YNL055C,1,2.558729,0.3787465989589691,0.28080809116363525,0.046060606837272644
YBR029C,YLR258W,0,2.5583384,0.3782312870025635,0.28080809116363525,0.04616161435842514
YHR090C,YKL192C,0,2.557258,0.37771740555763245,0.28080809116363525,0.046262625604867935
YPL120W,YDL145C,0,2.5555794,0.37720489501953125,0.28080809116363525,0.04636363685131073
YLR059C,YMR072W,1,2.5543296,0.37804877758026123,0.2818181812763214,0.04636363685131073
YLR118C,YGL226W,0,2.554138,0.37753722071647644,0.2818181812763214,0.046464648097753525
YCL064C,YKL039W,0,2.5509841,0.3770270347595215,0.2818181812763214,0.04656565561890602
YMR081C,YIL043C,0,2.5494444,0.37651821970939636,0.2818181812763214,0.046666666865348816
YLR377C,YKL196C,0,2.5465243,0.3760107755661011,0.2818181812763214,0.04676767811179161
YHR001W-A,YNL288W,0,2.5457222,0.3755047023296356,0.2818181812763214,0.04686868563294411
YOR319W,YEL044W,0,2.5448124,0.375,0.2818181812763214,0.0469696968793869
YPL061W,YMR183C,0,2.5426867,0.3744966387748718,0.2818181812763214,0.0470707081258297
YGL087C,YJL003W,0,2.5423274,0.3739946484565735,0.2818181812763214,0.04717171564698219
YHR024C,YLR190W,1,2.540633,0.3748326599597931,0.28282827138900757,0.04717171564698219
YDL175C,YBR109C,0,2.5390074,0.3743315637111664,0.28282827138900757,0.04727272689342499
YDR150W,YLR190W,1,2.5381505,0.3751668930053711,0.2838383913040161,0.04727272689342499
YJL003W,YGL198W,0,2.5363104,0.37466666102409363,0.2838383913040161,0.04737373813986778
YDR009W,YDR179C,0,2.5343137,0.3741677701473236,0.2838383913040161,0.04747474566102028
YFR014C,YPL040C,0,2.5340316,0.37367022037506104,0.2838383913040161,0.047575756907463074
YPR173C,YGR260W,0,2.5321352,0.3731739819049835,0.2838383913040161,0.04767676815390587
YGR082W,YPR131C,1,2.528686,0.3740053176879883,0.28484848141670227,0.04767676815390587
YDR435C,YIL123W,0,2.5267303,0.37350994348526,0.28484848141670227,0.04777777940034866
YGR046W,YLL006W,1,2.521158,0.37433862686157227,0.2858585715293884,0.04777777940034866
YKR034W,YGR260W,0,2.5210772,0.37384411692619324,0.2858585715293884,0.04787878692150116
YBR279W,YBR189W,0,2.5201523,0.37335091829299927,0.2858585715293884,0.047979798167943954
YKR053C,YDL145C,0,2.519706,0.37285903096199036,0.2858585715293884,0.04808080941438675
YBR043C,YMR322C,0,2.5182989,0.3723684251308441,0.2858585715293884,0.048181816935539246
YDR212W,YPL203W,0,2.516483,0.37187910079956055,0.2858585715293884,0.04828282818198204
YLL006W,YKL134C,1,2.5164173,0.3727034032344818,0.286868691444397,0.04828282818198204
YBR101C,YBR268W,0,2.5158165,0.3722149431705475,0.286868691444397,0.048383839428424835
YAL056W,YBR193C,0,2.5156472,0.37172773480415344,0.286868691444397,0.04848484694957733
YER093C,YKL040C,0,2.5153048,0.37124183773994446,0.286868691444397,0.048585858196020126
YDR276C,YDL076C,0,2.5143228,0.37075719237327576,0.286868691444397,0.04868686944246292
YGR181W,YIL062C,1,2.5134861,0.37157756090164185,0.28787878155708313,0.04868686944246292
YDR110W,YKL051W,0,2.5112593,0.37109375,0.28787878155708313,0.04878787696361542
YBR046C,YJL186W,0,2.5111668,0.37061119079589844,0.28787878155708313,0.04888888821005821
YML061C,YHR194W,1,2.508925,0.37142857909202576,0.2888889014720917,0.04888888821005821
YML127W,YFR025C,0,2.506837,0.37094682455062866,0.2888889014720917,0.04898989945650101
YOR266W,YLL006W,1,2.5044346,0.37176164984703064,0.28989899158477783,0.04898989945650101
YIL075C,YLR052W,0,2.5016448,0.3712807297706604,0.28989899158477783,0.0490909107029438
YGL196W,YPR188C,0,2.4985805,0.37080103158950806,0.28989899158477783,0.0491919182240963
YNL048W,YLR181C,0,2.4962332,0.370322585105896,0.28989899158477783,0.04929292947053909
YHR120W,YNL055C,1,2.4939559,0.3711340129375458,0.290909081697464,0.04929292947053909
YJR117W,YDR168W,0,2.4888818,0.3706563711166382,0.290909081697464,0.04939394071698189
YEL051W,YOR109W,0,2.4882598,0.3701799511909485,0.290909081697464,0.049494948238134384
YGL067W,YMR230W,0,2.4876866,0.3697047531604767,0.290909081697464,0.04959595948457718
YER060W,YGR040W,0,2.4839215,0.3692307770252228,0.290909081697464,0.049696970731019974
YGR046W,YMR035W,1,2.4835103,0.3700384199619293,0.29191920161247253,0.049696970731019974
YGR254W,YJL035C,0,2.4827142,0.3695652186870575,0.29191920161247253,0.04979797825217247
YCL044C,YLR248W,0,2.4816911,0.36909323930740356,0.29191920161247253,0.049898989498615265
YOL011W,YBR015C,0,2.4775279,0.36862245202064514,0.29191920161247253,0.05000000074505806
YIL007C,YGL127C,0,2.4771338,0.3681528568267822,0.29191920161247253,0.050101008266210556
YLR239C,YML086C,0,2.475837,0.3676844835281372,0.29191920161247253,0.05020201951265335
YEL020W-A,YMR072W,1,2.4754317,0.3684879243373871,0.2929292917251587,0.05020201951265335
YGR078C,YIL033C,0,2.4750626,0.36802029609680176,0.2929292917251587,0.050303030759096146
YNL051W,YDR100W,0,2.4725997,0.36755385994911194,0.2929292917251587,0.05040404200553894
YLR085C,YDR377W,0,2.4715388,0.3670886158943176,0.2929292917251587,0.05050504952669144
YKL069W,YDR007W,0,2.4708986,0.36662453413009644,0.2929292917251587,0.05060606077313423
YHR194W,YBR212W,1,2.470134,0.36742424964904785,0.29393938183784485,0.05060606077313423
YOL011W,YFR014C,0,2.469572,0.36696091294288635,0.29393938183784485,0.050707072019577026
YAL007C,YDR463W,0,2.4668832,0.366498738527298,0.29393938183784485,0.05080807954072952
YFR010W,YJL167W,0,2.4654005,0.3660377264022827,0.29393938183784485,0.05090909078717232
YMR261C,YKR077W,0,2.4639208,0.3655778765678406,0.29393938183784485,0.05101010203361511
YIL022W,YOR266W,1,2.4594567,0.3663738965988159,0.2949495017528534,0.05101010203361511
YGR161C,YBR193C,0,2.457897,0.36591479182243347,0.2949495017528534,0.05111110955476761
YAL051W,YCR038C,0,2.4576592,0.36545681953430176,0.2949495017528534,0.0512121208012104
YLR333C,YER139C,0,2.4575217,0.36500000953674316,0.2949495017528534,0.0513131320476532
YGR174C,YPL063W,1,2.4567869,0.36579275131225586,0.29595959186553955,0.0513131320476532
YHR088W,YBR149W,0,2.4565575,0.36533665657043457,0.29595959186553955,0.051414139568805695
YIL037C,YGR057C,0,2.4559762,0.364881694316864,0.29595959186553955,0.05151515081524849
YJR131W,YGL226W,0,2.455063,0.3644278645515442,0.29595959186553955,0.051616162061691284
YDR422C,YBL005W,0,2.451897,0.3639751672744751,0.29595959186553955,0.05171717330813408
YPL203W,YDR025W,0,2.451537,0.36352357268333435,0.29595959186553955,0.051818180829286575
YDR092W,YNL041C,0,2.451269,0.36307311058044434,0.29595959186553955,0.05191919207572937
YDR406W,YMR156C,0,2.4491327,0.36262375116348267,0.29595959186553955,0.052020203322172165
YOR045W,YOR266W,1,2.4487736,0.3634116053581238,0.2969697117805481,0.052020203322172165
YNL054W,YKL138C,0,2.448528,0.3629629611968994,0.2969697117805481,0.05212121084332466
YOL023W,YDR028C,0,2.446205,0.3625154197216034,0.2969697117805481,0.052222222089767456
YGL098W,YER178W,0,2.4443688,0.36206895112991333,0.2969697117805481,0.05232323333621025
YLR248W,YOR132W,0,2.4418383,0.361623615026474,0.2969697117805481,0.05242424085736275
YNL263C,YDR168W,0,2.4400373,0.3611793518066406,0.2969697117805481,0.05252525210380554
YBR101C,YLR248W,0,2.4400244,0.3607361912727356,0.2969697117805481,0.05262626335024834
YKL069W,YLR019W,0,2.4396362,0.3602941036224365,0.2969697117805481,0.05272727087140083
YOR247W,YOR132W,0,2.439545,0.3598531186580658,0.2969697117805481,0.05282828211784363
YBR046C,YGL142C,0,2.4394677,0.359413206577301,0.2969697117805481,0.05292929336428642
YBL080C,YJL001W,0,2.4392076,0.3589743673801422,0.2969697117805481,0.05303030461072922
YDR377W,YLL031C,0,2.4383805,0.35853657126426697,0.2969697117805481,0.053131312131881714
YPL221W,YNL118C,0,2.437054,0.35809987783432007,0.2969697117805481,0.05323232337832451
YKL138C,YNL278W,0,2.4368916,0.35766422748565674,0.2969697117805481,0.0533333346247673
YKL192C,YPL006W,0,2.4351497,0.35722965002059937,0.2969697117805481,0.0534343421459198
YEL019C,YCR005C,0,2.4327693,0.35679611563682556,0.2969697117805481,0.053535353392362595
YGR181W,YHR194W,1,2.4325666,0.35757574439048767,0.29797980189323425,0.053535353392362595
YCR086W,YHR001W-A,0,2.4316242,0.3571428656578064,0.29797980189323425,0.05363636463880539
YOR266W,YMR035W,1,2.4313014,0.35792019963264465,0.2989898920059204,0.05363636463880539
YOL023W,YCR024C,0,2.4303927,0.35748791694641113,0.2989898920059204,0.053737372159957886
YGR212W,YMR149W,0,2.4302423,0.35705670714378357,0.2989898920059204,0.05383838340640068
YOL059W,YPR086W,0,2.428853,0.3566265106201172,0.2989898920059204,0.053939394652843475
YKL080W,YCL001W,0,2.4238493,0.3561973571777344,0.2989898920059204,0.05404040589928627
YLR333C,YBR272C,0,2.42366,0.35576921701431274,0.2989898920059204,0.054141413420438766
YML059C,YDR301W,0,2.42357,0.35534214973449707,0.2989898920059204,0.05424242466688156
YPL203W,YGR296W,0,2.421933,0.3549160659313202,0.2989898920059204,0.054343435913324356
YGR211W,YNL123W,0,2.4218493,0.3544910252094269,0.2989898920059204,0.05444444343447685
YHL028W,YKL081W,0,2.418326,0.35406699776649475,0.2989898920059204,0.05454545468091965
YDR234W,YGL195W,0,2.4169452,0.3536439538002014,0.2989898920059204,0.05464646592736244
YDR227W,YPR155C,0,2.4156106,0.35322195291519165,0.2989898920059204,0.05474747344851494
YKL145W,YPR105C,0,2.4152222,0.35280096530914307,0.2989898920059204,0.05484848469495773
YMR041C,YOR065W,0,2.4147031,0.3523809611797333,0.2989898920059204,0.05494949594140053
YDR145W,YBR268W,0,2.414508,0.3519619405269623,0.2989898920059204,0.055050503462553024
YGR244C,YPR169W,0,2.413934,0.35154393315315247,0.2989898920059204,0.05515151470899582
YPR057W,YKL081W,0,2.413058,0.35112693905830383,0.2989898920059204,0.055252525955438614
YHR197W,YLR263W,0,2.4121995,0.3507108986377716,0.2989898920059204,0.05535353720188141
YGL053W,YKL196C,0,2.4121242,0.35029587149620056,0.2989898920059204,0.055454544723033905
YDR515W,YGL093W,0,2.4115942,0.3498817980289459,0.2989898920059204,0.0555555559694767
YGR046W,YKL134C,1,2.411483,0.350649356842041,0.30000001192092896,0.0555555559694767
YOR335C,YER081W,0,2.411309,0.35023584961891174,0.30000001192092896,0.055656567215919495
YBR101C,YER155C,0,2.4107997,0.34982332587242126,0.30000001192092896,0.05575757473707199
YDL072C,YGL167C,0,2.4101322,0.3494117558002472,0.30000001192092896,0.055858585983514786
YFR027W,YJR131W,0,2.410052,0.3490011692047119,0.30000001192092896,0.05595959722995758
YOL012C,YDR438W,0,2.4099514,0.34859153628349304,0.30000001192092896,0.05606060475111008
YNL221C,YGR211W,0,2.4091175,0.34818288683891296,0.30000001192092896,0.05616161599755287
YOR129C,YJL197W,0,2.4087927,0.3477751612663269,0.30000001192092896,0.056262627243995667
YOR002W,YPL013C,0,2.4082134,0.34736841917037964,0.30000001192092896,0.05636363476514816
YOL121C,YGR129W,0,2.4072304,0.3469626307487488,0.30000001192092896,0.05646464601159096
YBL056W,YIR004W,0,2.4072247,0.34655776619911194,0.30000001192092896,0.05656565725803375
YAR033W,YNL038W,0,2.4066257,0.3461538553237915,0.30000001192092896,0.05666666850447655
YLR190W,YIL062C,1,2.4051423,0.34691500663757324,0.3010101020336151,0.05666666850447655
YLR361C,YGR253C,0,2.4036627,0.3465116322040558,0.3010101020336151,0.056767676025629044
YML092C,YIL018W,0,2.401951,0.34610918164253235,0.3010101020336151,0.05686868727207184
YDR078C,YIL005W,0,2.4018764,0.34570765495300293,0.3010101020336151,0.05696969851851463
YDR513W,YEL001C,0,2.4014237,0.3453070819377899,0.3010101020336151,0.05707070603966713
YPL004C,YLR417W,0,2.4009817,0.34490740299224854,0.3010101020336151,0.057171717286109924
YPR100W,YNL161W,0,2.400902,0.34450867772102356,0.3010101020336151,0.05727272853255272
YPL004C,YBR060C,0,2.4004447,0.3441108465194702,0.3010101020336151,0.057373736053705215
YKR077W,YGL129C,0,2.3990552,0.3437139689922333,0.3010101020336151,0.05747474730014801
YIL036W,YEL051W,0,2.39842,0.34331798553466797,0.3010101020336151,0.057575758546590805
YDR490C,YGR193C,0,2.3973944,0.3429228961467743,0.3010101020336151,0.0576767660677433
YOR372C,YML086C,0,2.396756,0.34252873063087463,0.3010101020336151,0.057777777314186096
YEL020W-A,YGR046W,1,2.3963952,0.34328359365463257,0.30202019214630127,0.057777777314186096
YJL054W,YGR181W,1,2.3959837,0.34403669834136963,0.3030303120613098,0.057777777314186096
YBR212W,YGL219C,1,2.3954484,0.3447880744934082,0.30404040217399597,0.057777777314186096
YNL243W,YGR044C,0,2.3908684,0.3443935811519623,0.30404040217399597,0.05787878856062889
YPL234C,YJR050W,0,2.3885815,0.3440000116825104,0.30404040217399597,0.057979799807071686
YOL011W,YOR195W,0,2.3854702,0.3436073064804077,0.30404040217399597,0.05808080732822418
YLR259C,YOR330C,1,2.3852978,0.3443557620048523,0.30505049228668213,0.05808080732822418
YJL127C,YAL011W,0,2.3820856,0.3439635634422302,0.30505049228668213,0.05818181857466698
YLR044C,YDL134C,0,2.3811464,0.3435722291469574,0.30505049228668213,0.05828282982110977
YNL137C,YER063W,0,2.380722,0.3431818187236786,0.30505049228668213,0.05838383734226227
YDR002W,YHR005C,0,2.3797767,0.342792272567749,0.30505049228668213,0.05848484858870506
YGL115W,YHR193C,0,2.3797536,0.3424036204814911,0.30505049228668213,0.05858585983514786
YHR024C,YKL134C,1,2.3797386,0.3431483507156372,0.3060606122016907,0.05858585983514786
YGR174C,YJR118C,1,2.379462,0.3438914120197296,0.30707070231437683,0.05858585983514786
YPL116W,YDR517W,0,2.378603,0.34350281953811646,0.30707070231437683,0.058686867356300354
YDR406W,YMR002W,0,2.3773828,0.3431151211261749,0.30707070231437683,0.05878787860274315
YPL115C,YDL145C,0,2.3766654,0.34272828698158264,0.30707070231437683,0.058888889849185944
YNL183C,YDR517W,0,2.3752787,0.342342346906662,0.30707070231437683,0.05898989737033844
YFR010W,YGR161C,0,2.3698351,0.3419572412967682,0.30707070231437683,0.059090908616781235
YDR007W,YGR142W,0,2.3696206,0.341573029756546,0.30707070231437683,0.05919191986322403
YHR205W,YBR162C,0,2.3685231,0.3411896824836731,0.30707070231437683,0.059292931109666824
YOR068C,YMR237W,0,2.3673844,0.340807169675827,0.30707070231437683,0.05939393863081932
YDR129C,YLR150W,0,2.3672743,0.3404255211353302,0.30707070231437683,0.059494949877262115
YPL209C,YDR407C,0,2.3662357,0.3400447368621826,0.30707070231437683,0.05959596112370491
YBR086C,YPR141C,0,2.3658485,0.3396648168563843,0.30707070231437683,0.05969696864485741
YGL189C,YGR253C,0,2.3657308,0.3392857015132904,0.30707070231437683,0.0597979798913002
YNL173C,YIL123W,0,2.3655965,0.33890748023986816,0.30707070231437683,0.059898991137742996
YDL100C,YJR049C,0,2.364639,0.3385300636291504,0.30707070231437683,0.05999999865889549
YOL012C,YJL026W,0,2.3640153,0.33815351128578186,0.30707070231437683,0.06010100990533829
YDR091C,YER177W,0,2.3614433,0.3377777636051178,0.30707070231437683,0.06020202115178108
YDR111C,YEL039C,0,2.3608422,0.337402880191803,0.30707070231437683,0.06030302867293358
YGL067W,YGL195W,0,2.3595393,0.337028831243515,0.30707070231437683,0.06040403991937637
YKL006W,YFR030W,0,2.358011,0.3366555869579315,0.30707070231437683,0.06050505116581917
YLR059C,YOR060C,1,2.355901,0.33738937973976135,0.3080808222293854,0.06050505116581917
YNL317W,YOR227W,0,2.3554235,0.33701658248901367,0.3080808222293854,0.06060606241226196
YPL221W,YDL046W,0,2.3548138,0.33664458990097046,0.3080808222293854,0.06070706993341446
YDR091C,YGR138C,0,2.3547938,0.3362734317779541,0.3080808222293854,0.060808081179857254
YLR190W,YMR035W,1,2.3538203,0.3370043933391571,0.30909091234207153,0.060808081179857254
YOL084W,YDL149W,0,2.3523867,0.3366336524486542,0.30909091234207153,0.06090909242630005
YMR318C,YPL234C,0,2.3517582,0.3362637460231781,0.30909091234207153,0.061010099947452545
YER142C,YOR157C,0,2.3512523,0.3358946144580841,0.30909091234207153,0.06111111119389534
YOR250C,YFR050C,0,2.3511176,0.33552631735801697,0.30909091234207153,0.061212122440338135
YJL059W,YPL120W,0,2.350151,0.3351588249206543,0.30909091234207153,0.06131312996149063
YOL051W,YKL039W,0,2.3500292,0.3347921371459961,0.30909091234207153,0.061414141207933426
YJL167W,YKL138C,0,2.3479316,0.33442622423171997,0.30909091234207153,0.06151515245437622
YPR008W,YGR057C,0,2.34636,0.3340611457824707,0.30909091234207153,0.06161615997552872
YHL031C,YIL018W,0,2.3443346,0.3336968421936035,0.30909091234207153,0.06171717122197151
YHL031C,YCL001W,0,2.344156,0.3333333432674408,0.30909091234207153,0.06181818246841431
YJL180C,YHR194W,1,2.3421645,0.3340587615966797,0.3101010024547577,0.06181818246841431
YBR112C,YDR284C,0,2.341174,0.333695650100708,0.3101010024547577,0.0619191937148571
YJL054W,YOR266W,1,2.340111,0.3344191014766693,0.31111112236976624,0.0619191937148571
YDR441C,YBR169C,0,2.337126,0.33405640721321106,0.31111112236976624,0.0620202012360096
YNL137C,YDR111C,0,2.3329914,0.3336944878101349,0.31111112236976624,0.06212121248245239
YDL135C,YMR125W,0,2.3320243,0.3333333432674408,0.31111112236976624,0.06222222372889519
YBR218C,YMR001C,0,2.3308284,0.3329729735851288,0.31111112236976624,0.062323231250047684
YOR258W,YDR246W,0,2.3302534,0.33261337876319885,0.31111112236976624,0.06242424249649048
YOL055C,YER177W,0,2.3283713,0.3322545886039734,0.31111112236976624,0.06252525001764297
YGR193C,YLR093C,0,2.3278935,0.3318965435028076,0.31111112236976624,0.06262626498937607
YAL048C,YMR072W,1,2.3275187,0.3326157033443451,0.3121212124824524,0.06262626498937607
YLR417W,YBR268W,0,2.3270328,0.33225807547569275,0.3121212124824524,0.06272727251052856
YEL019C,YOL055C,0,2.3249404,0.3319011926651001,0.3121212124824524,0.06282828003168106
YIL007C,YKR007W,0,2.3244183,0.33154505491256714,0.3121212124824524,0.06292929500341415
YNR048W,YGL053W,0,2.3204424,0.33118972182273865,0.3121212124824524,0.06303030252456665
YGL107C,YDL134C,0,2.3196874,0.33083510398864746,0.3121212124824524,0.06313131004571915
YDR078C,YIL018W,0,2.319248,0.33048129081726074,0.3121212124824524,0.06323232501745224
YGL058W,YDR276C,0,2.318717,0.33012819290161133,0.3121212124824524,0.06333333253860474
YGR174C,YBR212W,1,2.316898,0.33084312081336975,0.31313130259513855,0.06333333253860474
YDR039C,YLR333C,0,2.316525,0.3304904103279114,0.31313130259513855,0.06343434005975723
YDL240W,YIL005W,0,2.316511,0.3301384449005127,0.31313130259513855,0.06353535503149033
YOL096C,YKL155C,0,2.3163357,0.3297872245311737,0.31313130259513855,0.06363636255264282
YNL051W,YBR272C,0,2.3147159,0.3294367790222168,0.31313130259513855,0.06373737007379532
YNL221C,YLR432W,0,2.3142316,0.3290870487689972,0.31313130259513855,0.06383838504552841
YFL025C,YKL150W,0,2.3140824,0.3287380635738373,0.31313130259513855,0.06393939256668091
YJR048W,YBR086C,0,2.31402,0.32838982343673706,0.31313130259513855,0.064040407538414
YJR073C,YDR276C,0,2.3139431,0.32804232835769653,0.31313130259513855,0.0641414150595665
YPR134W,YGL058W,0,2.3133943,0.3276955485343933,0.31313130259513855,0.064242422580719
YCR031C,YEL027W,0,2.3131945,0.3273495137691498,0.31313130259513855,0.06434343755245209
YDR002W,YLR196W,0,2.3115904,0.32700422406196594,0.31313130259513855,0.06444444507360458
YEL020W-A,YKL134C,1,2.311587,0.32771337032318115,0.3141414225101471,0.06444444507360458
YJL186W,YGR040W,0,2.3101032,0.3273684084415436,0.3141414225101471,0.06454545259475708
YPR128C,YJL173C,0,2.3088315,0.3270241916179657,0.3141414225101471,0.06464646756649017
YGR174C,YMR035W,1,2.3084724,0.32773110270500183,0.31515151262283325,0.06464646756649017
YDR009W,YPL248C,0,2.3066368,0.3273871839046478,0.31515151262283325,0.06474747508764267
YDR287W,YOR059C,0,2.3052478,0.3270440399646759,0.31515151262283325,0.06484848260879517
YLR193C,YOR060C,1,2.3048139,0.32774868607521057,0.3161616027355194,0.06484848260879517
YBR005W,YLR333C,0,2.3048043,0.3274058699607849,0.3161616027355194,0.06494949758052826
YDR435C,YPL203W,0,2.304072,0.32706373929977417,0.3161616027355194,0.06505050510168076
YPL224C,YBR015C,0,2.302727,0.32672232389450073,0.3161616027355194,0.06515151262283325
YGR181W,YPR131C,1,2.301111,0.32742440700531006,0.31717172265052795,0.06515151262283325
YPL215W,YLR190W,1,2.300193,0.328125,0.3181818127632141,0.06515151262283325
YGL243W,YMR149W,0,2.300148,0.3277835547924042,0.3181818127632141,0.06525252759456635
YNL103W,YCL035C,0,2.3001087,0.32744282484054565,0.3181818127632141,0.06535353511571884
YDR328C,YPL040C,0,2.299224,0.32710281014442444,0.3181818127632141,0.06545454263687134
YDR468C,YPL224C,0,2.2986143,0.32676348090171814,0.3181818127632141,0.06555555760860443
YNR048W,YJL001W,0,2.2981908,0.32642486691474915,0.3181818127632141,0.06565656512975693
YGR178C,YPR086W,0,2.2980194,0.32608696818351746,0.3181818127632141,0.06575757265090942
YGR046W,YML061C,1,2.2979739,0.3267838656902313,0.31919193267822266,0.06575757265090942
YLR284C,YBR188C,0,2.2973557,0.3264462947845459,0.31919193267822266,0.06585858762264252
YPL224C,YLR056W,0,2.297127,0.326109379529953,0.31919193267822266,0.06595959514379501
YGR254W,YDR372C,0,2.2957017,0.3257732093334198,0.31919193267822266,0.06606060266494751
YKR085C,YOR132W,0,2.2956426,0.3254376947879791,0.31919193267822266,0.0661616176366806
YBR038W,YKR077W,0,2.294995,0.32510289549827576,0.31919193267822266,0.0662626251578331
YGL093W,YDR028C,0,2.2949295,0.3247687518596649,0.31919193267822266,0.0663636326789856
YOR002W,YDR350C,0,2.2931898,0.3244353234767914,0.31919193267822266,0.06646464765071869
YBL063W,YMR237W,0,2.2929418,0.3241025507450104,0.31919193267822266,0.06656565517187119
YJL001W,YBR149W,0,2.2915967,0.3237704932689667,0.31919193267822266,0.06666667014360428
YOR032C,YJL196C,0,2.2908113,0.3234390914440155,0.31919193267822266,0.06676767766475677
YOL011W,YCL067C,0,2.2905252,0.32310837507247925,0.31919193267822266,0.06686868518590927
YDR145W,YJL096W,0,2.289967,0.3227783441543579,0.31919193267822266,0.06696970015764236
YLL031C,YGL087C,0,2.2898686,0.3224489688873291,0.31919193267822266,0.06707070767879486
YBR043C,YDR343C,0,2.288766,0.3221202790737152,0.31919193267822266,0.06717171519994736
YLR277C,YMR001C,0,2.2885923,0.32179227471351624,0.31919193267822266,0.06727273017168045
YOR250C,YJL001W,0,2.288002,0.3214648962020874,0.31919193267822266,0.06737373769283295
YEL020W-A,YLR190W,1,2.2876015,0.3221544623374939,0.3202020227909088,0.06737373769283295
YDR188W,YHR001W-A,0,2.2872295,0.32182741165161133,0.3202020227909088,0.06747474521398544
YNL036W,YGL226W,0,2.2860444,0.3215010166168213,0.3202020227909088,0.06757576018571854
YGL246C,YLR092W,0,2.2842991,0.3211752772331238,0.3202020227909088,0.06767676770687103
YLR382C,YHR090C,0,2.284296,0.3208501935005188,0.3202020227909088,0.06777777522802353
YBL038W,YGL058W,0,2.282332,0.32052579522132874,0.3202020227909088,0.06787879019975662
YDR381W,YCL035C,0,2.2823179,0.3202020227909088,0.3202020227909088,0.06797979772090912
YNL167C,YOL126C,0,2.2813437,0.3198789060115814,0.3202020227909088,0.06808080524206161
YEL020W-A,YDR150W,1,2.2805974,0.32056450843811035,0.32121211290359497,0.06808080524206161
YDR289C,YKL087C,0,2.279908,0.32024168968200684,0.32121211290359497,0.06818182021379471
YKL149C,YKL054C,0,2.2792358,0.31991952657699585,0.32121211290359497,0.0682828277349472
YOL012C,YNL294C,0,2.279145,0.319597989320755,0.32121211290359497,0.0683838352560997
YLR059C,YDR150W,1,2.2790287,0.32028111815452576,0.3222222328186035,0.0683838352560997
YDR377W,YNL041C,0,2.278991,0.3199598789215088,0.3222222328186035,0.0684848502278328
YML092C,YMR156C,0,2.2789185,0.31963926553726196,0.3222222328186035,0.06858585774898529
YDR375C,YOL009C,1,2.2776144,0.3203203082084656,0.3232323229312897,0.06858585774898529
YMR275C,YMR072W,1,2.277447,0.32100000977516174,0.32424241304397583,0.06858585774898529
YMR286W,YDR516C,0,2.2770386,0.32067930698394775,0.32424241304397583,0.06868686527013779
YIR026C,YGR044C,0,2.2758863,0.3203592896461487,0.32424241304397583,0.06878788024187088
YPL224C,YBR112C,0,2.2757123,0.32003986835479736,0.32424241304397583,0.06888888776302338
YIL033C,YJL001W,0,2.2740948,0.3197211027145386,0.32424241304397583,0.06898989528417587
YIL022W,YHR194W,1,2.2739043,0.3203980028629303,0.3252525329589844,0.06898989528417587
YBR254C,YOR103C,0,2.2735527,0.3200795352458954,0.3252525329589844,0.06909091025590897
YEL020W-A,YIL062C,1,2.273521,0.3207547068595886,0.32626262307167053,0.06909091025590897
YDR323C,YOR195W,0,2.2726638,0.3204365074634552,0.32626262307167053,0.06919191777706146
YGR212W,YBR107C,0,2.2711542,0.3201189339160919,0.32626262307167053,0.06929293274879456
YBL007C,YBR188C,0,2.2708104,0.3198019862174988,0.32626262307167053,0.06939394026994705
YDR289C,YNL161W,0,2.270719,0.3194856643676758,0.32626262307167053,0.06949494779109955
YGR005C,YEL044W,0,2.2705023,0.3191699683666229,0.32626262307167053,0.06959596276283264
YDR372C,YNR055C,0,2.269476,0.3188548982143402,0.32626262307167053,0.06969697028398514
YOR117W,YLR333C,0,2.2687714,0.31854042410850525,0.32626262307167053,0.06979797780513763
YGL076C,YPL145C,0,2.2676244,0.3182266056537628,0.32626262307167053,0.06989899277687073
YOR372C,YDR168W,0,2.2673237,0.31791338324546814,0.32626262307167053,0.07000000029802322
YGL073W,YDR256C,0,2.2666998,0.3176007866859436,0.32626262307167053,0.07010100781917572
YOL135C,YER167W,0,2.2661536,0.3172888159751892,0.32626262307167053,0.07020202279090881
YBR208C,YHR106W,0,2.2657719,0.31697744131088257,0.32626262307167053,0.07030303031206131
YGR138C,YMR177W,0,2.2636504,0.3166666626930237,0.32626262307167053,0.0704040378332138
YHR024C,YBR212W,1,2.262037,0.31733593344688416,0.3272727131843567,0.0704040378332138
YER093C,YCL048W,0,2.2594938,0.31702545285224915,0.3272727131843567,0.0705050528049469
YNL199C,YIL148W,0,2.2592013,0.3167155385017395,0.3272727131843567,0.0706060603260994
YGR181W,YMR035W,1,2.2584796,0.3173828125,0.32828283309936523,0.0706060603260994
YGL027C,YPR105C,0,2.2580311,0.31707316637039185,0.32828283309936523,0.07070706784725189
YMR041C,YGR060W,0,2.2557933,0.31676414608955383,0.32828283309936523,0.07080808281898499
YMR232W,YIL119C,0,2.2541902,0.3164556920528412,0.32828283309936523,0.07090909034013748
YBR091C,YPL215W,1,2.2538686,0.31712061166763306,0.3292929232120514,0.07090909034013748
YIL022W,YPL063W,1,2.2522073,0.31778424978256226,0.33030304312705994,0.07090909034013748
YBR038W,YPR106W,0,2.2521381,0.31747573614120483,0.33030304312705994,0.07101009786128998
YPR131C,YLR259C,1,2.2499459,0.3181377351284027,0.3313131332397461,0.07101009786128998
YGL142C,YOR027W,0,2.2487986,0.3178294599056244,0.3313131332397461,0.07111111283302307
YPL215W,YLL006W,1,2.24813,0.31848984956741333,0.33232322335243225,0.07111111283302307
YDR004W,YNL081C,0,2.2476032,0.3181818127632141,0.33232322335243225,0.07121212035417557
YML041C,YLR220W,0,2.2465553,0.31787440180778503,0.33232322335243225,0.07131312787532806
YEL020W-A,YIL022W,1,2.2444768,0.3185328245162964,0.3333333432674408,0.07131312787532806
YDR517W,YMR091C,0,2.2443752,0.3182256519794464,0.3333333432674408,0.07141414284706116
YDR148C,YDR007W,0,2.2431395,0.3179190754890442,0.3333333432674408,0.07151515036821365
YJL180C,YBR212W,1,2.2431235,0.31857556104660034,0.33434343338012695,0.07151515036821365
YLR190W,YKL134C,1,2.2409015,0.3192307651042938,0.3353535234928131,0.07151515036821365
YER072W,YGR193C,0,2.2408588,0.31892409920692444,0.3353535234928131,0.07161616533994675
YMR230W,YOR059C,0,2.2405782,0.3186180293560028,0.3353535234928131,0.07171717286109924
YDR343C,YKL040C,0,2.239138,0.31831255555152893,0.3353535234928131,0.07181818038225174
YDR441C,YDR005C,0,2.2380884,0.3180076479911804,0.3353535234928131,0.07191919535398483
YLR085C,YNL142W,0,2.2365358,0.31770333647727966,0.3353535234928131,0.07202020287513733
YOR177C,YOR002W,0,2.2333767,0.31739962100982666,0.3353535234928131,0.07212121039628983
YIL033C,YDR179C,0,2.2329574,0.317096471786499,0.3353535234928131,0.07222222536802292
YML013W,YLR248W,0,2.2318518,0.31679388880729675,0.3353535234928131,0.07232323288917542
YMR242C,YDR257C,0,2.231777,0.31649190187454224,0.3353535234928131,0.07242424041032791
YOR090C,YKL138C,0,2.231001,0.3161904811859131,0.3353535234928131,0.072525255382061
YOL084W,YBR089C-A,0,2.2307558,0.3158896267414093,0.3353535234928131,0.0726262629032135
YBR046C,YJR073C,0,2.2300613,0.31558936834335327,0.3353535234928131,0.072727270424366
YLL024C,YDR002W,0,2.2291772,0.3152896463871002,0.3353535234928131,0.07282828539609909
YIL148W,YER005W,0,2.2276351,0.3149905204772949,0.3353535234928131,0.07292929291725159
YGR103W,YJL001W,0,2.2271082,0.3146919310092926,0.3353535234928131,0.07303030043840408
YJR118C,YLR190W,1,2.2268782,0.31534090638160706,0.33636364340782166,0.07303030043840408
YBR046C,YMR149W,0,2.226268,0.3150425851345062,0.33636364340782166,0.07313131541013718
YDR150W,YKL134C,1,2.2260463,0.31568998098373413,0.3373737335205078,0.07313131541013718
YOR236W,YOL096C,0,2.2253978,0.31539186835289,0.3373737335205078,0.07323232293128967
YEL005C,YMR175W,0,2.2249122,0.31509435176849365,0.3373737335205078,0.07333333045244217
YLR059C,YOR266W,1,2.2246387,0.31573987007141113,0.33838382363319397,0.07333333045244217
YBR038W,YAL026C,0,2.2227848,0.3154425621032715,0.33838382363319397,0.07343434542417526
YPR161C,YMR177W,0,2.22274,0.3151458203792572,0.33838382363319397,0.07353535294532776
YBR189W,YHR150W,0,2.2226455,0.3148496150970459,0.33838382363319397,0.07363636046648026
YML120C,YLR361C,0,2.2211845,0.31455397605895996,0.33838382363319397,0.07373737543821335
YNL180C,YJL196C,0,2.220392,0.3142589032649994,0.33838382363319397,0.07383838295936584
YCL001W,YKL040C,0,2.2200892,0.3139643967151642,0.33838382363319397,0.07393939048051834
YDR129C,YDR261C,0,2.218105,0.31367042660713196,0.33838382363319397,0.07404040545225143
YOR372C,YOR357C,0,2.2178946,0.3133769929409027,0.33838382363319397,0.07414141297340393
YGR244C,YLR007W,0,2.2173784,0.31308412551879883,0.33838382363319397,0.07424242794513702
YLR083C,YMR040W,0,2.2170875,0.3127917945384979,0.33838382363319397,0.07434343546628952
YCL017C,YOR136W,0,2.2159789,0.3125,0.33838382363319397,0.07444444298744202
YHL015W,YOR059C,0,2.2158382,0.31220877170562744,0.33838382363319397,0.07454545795917511
YGL167C,YGR044C,0,2.2157915,0.3119180500507355,0.33838382363319397,0.0746464654803276
YHR024C,YPL063W,1,2.2149417,0.3125581443309784,0.3393939435482025,0.0746464654803276
YGR174C,YLR190W,1,2.2148464,0.3131970167160034,0.34040403366088867,0.0746464654803276
YDL091C,YGL226W,0,2.214687,0.3129062354564667,0.34040403366088867,0.0747474730014801
YJL186W,YPL010W,0,2.2140257,0.3126159608364105,0.34040403366088867,0.0748484879732132
YOL122C,YKL054C,0,2.2138073,0.31232622265815735,0.34040403366088867,0.07494949549436569
YOL009C,YLR190W,1,2.2136645,0.31296294927597046,0.3414141535758972,0.07494949549436569
YGL073W,YPR100W,0,2.2136624,0.3126734495162964,0.3414141535758972,0.07505050301551819
YOL076W,YMR275C,1,2.2131307,0.3133086860179901,0.3424242436885834,0.07505050301551819
YGR082W,YMR072W,1,2.2125738,0.3139427602291107,0.34343433380126953,0.07505050301551819
YIL052C,YJL094C,0,2.2119336,0.3136531412601471,0.34343433380126953,0.07515151798725128
YJL078C,YDR188W,0,2.2114863,0.31336405873298645,0.34343433380126953,0.07525252550840378
YMR230W,YIL005W,0,2.210437,0.3130755126476288,0.34343433380126953,0.07535353302955627
YMR175W,YIL120W,0,2.210423,0.3127875030040741,0.34343433380126953,0.07545454800128937
YMR230W,YHR037W,0,2.2094238,0.3125,0.34343433380126953,0.07555555552244186
YDL100C,YGR005C,0,2.209256,0.3122130334377289,0.34343433380126953,0.07565656304359436
YJL026W,YKR095W,0,2.2088282,0.31192660331726074,0.34343433380126953,0.07575757801532745
YMR053C,YPL061W,0,2.2077155,0.3116407096385956,0.34343433380126953,0.07585858553647995
YDR129C,YEL044W,0,2.2068143,0.311355322599411,0.34343433380126953,0.07595959305763245
YDL145C,YKR083C,0,2.2061203,0.31107044219970703,0.34343433380126953,0.07606060802936554
YNL029C,YDR303C,0,2.2059095,0.31078609824180603,0.34343433380126953,0.07616161555051804
YDR350C,YGL226W,0,2.2047565,0.310502290725708,0.34343433380126953,0.07626262307167053
YLR185W,YIL053W,0,2.2045128,0.3102189898490906,0.34343433380126953,0.07636363804340363
YBR091C,YLR259C,1,2.2030766,0.31084775924682617,0.3444444537162781,0.07636363804340363
YBR107C,YHR139C,0,2.2025862,0.31056466698646545,0.3444444537162781,0.07646464556455612
YKL149C,YOL032W,0,2.2024395,0.3102820813655853,0.3444444537162781,0.07656565308570862
YGR202C,YHL028W,0,2.2010684,0.3100000023841858,0.3444444537162781,0.07666666805744171
YKL145W,YBR121C,0,2.2010221,0.30971843004226685,0.3444444537162781,0.07676767557859421
YDR009W,YBL063W,0,2.2004578,0.3094373941421509,0.3444444537162781,0.0768686905503273
YDR148C,YMR230W,0,2.1995633,0.3091568350791931,0.3444444537162781,0.0769696980714798
YDR500C,YPL075W,0,2.1990848,0.30887681245803833,0.3444444537162781,0.0770707055926323
YBR069C,YBR149W,0,2.1989014,0.30859729647636414,0.3444444537162781,0.07717172056436539
YGR080W,YNR030W,0,2.1982517,0.30831825733184814,0.3444444537162781,0.07727272808551788
YNL167C,YDR359C,0,2.1967337,0.30803975462913513,0.3444444537162781,0.07737373560667038
YFR024C-A,YBL087C,0,2.1961143,0.3077617287635803,0.3444444537162781,0.07747475057840347
YPL063W,YMR035W,1,2.1960082,0.3083859384059906,0.34545454382896423,0.07747475057840347
YHR170W,YPL075W,0,2.1959865,0.3081081211566925,0.34545454382896423,0.07757575809955597
YJL058C,YFR030W,0,2.1943254,0.3078307807445526,0.34545454382896423,0.07767676562070847
YMR318C,YOR002W,0,2.1929724,0.3075539469718933,0.34545454382896423,0.07777778059244156
YDR328C,YKL043W,0,2.1923916,0.3072776198387146,0.34545454382896423,0.07787878811359406
YJL054W,YMR072W,1,2.1916885,0.30789947509765625,0.3464646339416504,0.07787878811359406
YML059C,YNR052C,0,2.1904526,0.30762332677841187,0.3464646339416504,0.07797979563474655
YJL013C,YLR435W,0,2.1895983,0.30734768509864807,0.3464646339416504,0.07808081060647964
YBR107C,YIL014W,0,2.1883152,0.3070725202560425,0.3464646339416504,0.07818181812763214
YGR044C,YNL278W,0,2.1871684,0.3067978620529175,0.3464646339416504,0.07828282564878464
YLR193C,YLL006W,1,2.18586,0.3074173331260681,0.34747475385665894,0.07828282564878464
YDR372C,YKR088C,0,2.1855721,0.30714285373687744,0.34747475385665894,0.07838384062051773
YBL007C,YGL107C,0,2.1850252,0.30686888098716736,0.34747475385665894,0.07848484814167023
YDR343C,YFR050C,0,2.1834524,0.3065953552722931,0.34747475385665894,0.07858585566282272
YBR069C,YKR089C,0,2.1832933,0.3063223361968994,0.34747475385665894,0.07868687063455582
YIL022W,YDR150W,1,2.182824,0.3069395124912262,0.3484848439693451,0.07868687063455582
YNR019W,YBR089C-A,0,2.1802335,0.30666667222976685,0.3484848439693451,0.07878787815570831
YAL007C,YNL288W,0,2.1791787,0.3063943088054657,0.3484848439693451,0.07888888567686081
YIL119C,YPR017C,0,2.1784759,0.30612245202064514,0.3484848439693451,0.0789899006485939
YEL001C,YBR149W,0,2.1768508,0.3058510720729828,0.3484848439693451,0.0790909081697464
YGL006W,YOL116W,0,2.1767967,0.30558016896247864,0.3484848439693451,0.0791919156908989
YMR205C,YNL132W,0,2.175378,0.3053097426891327,0.3484848439693451,0.07929293066263199
YNL054W,YJL001W,0,2.1749766,0.30503979325294495,0.3484848439693451,0.07939393818378448
YGR005C,YGL105W,0,2.1747508,0.3047703206539154,0.3484848439693451,0.07949495315551758
YER177W,YOR341W,0,2.1747034,0.30450132489204407,0.3484848439693451,0.07959596067667007
YBR168W,YBL005W,0,2.1745424,0.30423280596733093,0.3484848439693451,0.07969696819782257
YDR246W,YGR260W,0,2.1743171,0.303964763879776,0.3484848439693451,0.07979798316955566
YIL043C,YKL080W,0,2.1739926,0.3036971688270569,0.3484848439693451,0.07989899069070816
YFR010W,YKR083C,0,2.1717734,0.30343008041381836,0.3484848439693451,0.07999999821186066
YML041C,YOR156C,0,2.17084,0.30316343903541565,0.3484848439693451,0.08010101318359375
YNL094W,YPR199C,0,2.1703289,0.30289727449417114,0.3484848439693451,0.08020202070474625
YOR016C,YKR093W,0,2.1699467,0.30263158679008484,0.3484848439693451,0.08030302822589874
YDR002W,YGR211W,0,2.169467,0.30236634612083435,0.3484848439693451,0.08040404319763184
YLR258W,YDR398W,0,2.1691463,0.30210158228874207,0.3484848439693451,0.08050505071878433
YNL025C,YER023W,0,2.1686997,0.3018372654914856,0.3484848439693451,0.08060605823993683
YIL154C,YNL038W,0,2.1671617,0.30157342553138733,0.3484848439693451,0.08070707321166992
YKR007W,YPL173W,0,2.1670501,0.3013100326061249,0.3484848439693451,0.08080808073282242
YPL061W,YDR168W,0,2.1670382,0.30104711651802063,0.3484848439693451,0.08090908825397491
YNL221C,YMR242C,0,2.1669002,0.3007846474647522,0.3484848439693451,0.08101010322570801
YKR093W,YIL005W,0,2.1666582,0.30052265524864197,0.3484848439693451,0.0811111107468605
YBR086C,YNL076W,0,2.166493,0.30026111006736755,0.3484848439693451,0.081212118268013
YNL041C,YKR031C,0,2.1663349,0.30000001192092896,0.3484848439693451,0.0813131332397461
YKL016C,YMR243C,0,2.1662595,0.29973936080932617,0.3484848439693451,0.08141414076089859
YOR330C,YBR212W,1,2.1661177,0.3003472089767456,0.34949496388435364,0.08141414076089859
YPL137C,YHR190W,0,2.1647532,0.30008673667907715,0.34949496388435364,0.08151514828205109
YNL243W,YDR301W,0,2.1637998,0.2998266816139221,0.34949496388435364,0.08161616325378418
YML031W,YBR131W,0,2.1626449,0.2995671033859253,0.34949496388435364,0.08171717077493668
YER176W,YMR149W,0,2.1625402,0.2993079721927643,0.34949496388435364,0.08181817829608917
YPL224C,YPL161C,0,2.161844,0.2990492582321167,0.34949496388435364,0.08191919326782227
YGR044C,YJL208C,0,2.1613097,0.2987910211086273,0.34949496388435364,0.08202020078897476
YLR193C,YLR059C,1,2.1611857,0.2993960380554199,0.3505050539970398,0.08202020078897476
YDR377W,YKR052C,0,2.1610227,0.2991379201412201,0.3505050539970398,0.08212121576070786
YOR045W,YBR212W,1,2.1592548,0.29974159598350525,0.35151514410972595,0.08212121576070786
YDR463W,YLR044C,0,2.15804,0.29948365688323975,0.35151514410972595,0.08222222328186035
YDR028C,YMR225C,0,2.1572928,0.29922613501548767,0.35151514410972595,0.08232323080301285
YDR145W,YHR190W,0,2.1560056,0.2989690601825714,0.35151514410972595,0.08242424577474594
YMR053C,YIR026C,0,2.1559374,0.29871243238449097,0.35151514410972595,0.08252525329589844
YBR046C,YKR049C,0,2.1552432,0.29845625162124634,0.35151514410972595,0.08262626081705093
YDR427W,YKR083C,0,2.15432,0.2982005178928375,0.35151514410972595,0.08272727578878403
YDR009W,YMR225C,0,2.153362,0.29794520139694214,0.35151514410972595,0.08282828330993652
YOR236W,YBR131W,0,2.153161,0.29769033193588257,0.35151514410972595,0.08292929083108902
YDR289C,YOR011W,0,2.1524985,0.2974359095096588,0.35151514410972595,0.08303030580282211
YDL160C,YPL178W,0,2.1511362,0.2971819043159485,0.35151514410972595,0.08313131332397461
YOR060C,YNL055C,1,2.1508675,0.2977815568447113,0.3525252640247345,0.08313131332397461
YGL115W,YLR115W,0,2.1501844,0.2975277006626129,0.3525252640247345,0.0832323208451271
YNL233W,YER023W,0,2.149669,0.29727426171302795,0.3525252640247345,0.0833333358168602
YGR082W,YDR150W,1,2.1493392,0.2978723347187042,0.35353535413742065,0.0833333358168602
YPL013C,YFR025C,0,2.1486433,0.2976190447807312,0.35353535413742065,0.0834343433380127
YMR040W,YNL038W,0,2.1478374,0.2973661720752716,0.35353535413742065,0.08353535085916519
YOR264W,YNL156C,0,2.1476448,0.2971137464046478,0.35353535413742065,0.08363636583089828
YDR078C,YOR059C,0,2.1465116,0.2968617379665375,0.35353535413742065,0.08373737335205078
YBL080C,YOL126C,0,2.1464262,0.29661017656326294,0.35353535413742065,0.08383838087320328
YBR049C,YFR025C,0,2.1463552,0.29635903239250183,0.35353535413742065,0.08393939584493637
YHR194W,YIL062C,1,2.1460335,0.29695430397987366,0.3545454442501068,0.08393939584493637
YIL098C,YOL009C,1,2.145753,0.2975485920906067,0.35555556416511536,0.08393939584493637
YGL098W,YDR176W,0,2.1456797,0.29729729890823364,0.35555556416511536,0.08404040336608887
YBL038W,YBR094W,0,2.1454184,0.297046422958374,0.35555556416511536,0.08414141088724136
YIL022W,YJR118C,1,2.1453664,0.2976391315460205,0.3565656542778015,0.08414141088724136
YNR024W,YCL054W,0,2.1453645,0.29738837480545044,0.3565656542778015,0.08424242585897446
YBR169C,YLR068W,0,2.1440504,0.2971380352973938,0.3565656542778015,0.08434343338012695
YMR175W,YDR427W,0,2.1417267,0.296888142824173,0.3565656542778015,0.08444444090127945
YKL060C,YMR091C,0,2.1400738,0.2966386675834656,0.3565656542778015,0.08454545587301254
YPR008W,YMR242C,0,2.1393752,0.2963895797729492,0.3565656542778015,0.08464646339416504
YDR243C,YDL134C,0,2.138151,0.2961409389972687,0.3565656542778015,0.08474747836589813
YPR154W,YHR146W,0,2.138149,0.29589271545410156,0.3565656542778015,0.08484848588705063
YDR127W,YNL145W,0,2.1380641,0.2956448793411255,0.3565656542778015,0.08494949340820312
YEL001C,YJL035C,0,2.1379824,0.29539749026298523,0.3565656542778015,0.08505050837993622
YHR108W,YOR016C,0,2.1353884,0.295150488615036,0.3565656542778015,0.08515151590108871
YLR361C,YKL054C,0,2.1352155,0.2949039340019226,0.3565656542778015,0.08525252342224121
YOR016C,YAL028W,0,2.1351979,0.29465776681900024,0.3565656542778015,0.0853535383939743
YIL022W,YKL134C,1,2.1350775,0.29524603486061096,0.35757574439048767,0.0853535383939743
YJL186W,YCR024C,0,2.1348622,0.29499998688697815,0.35757574439048767,0.0854545459151268
YOR316C,YDR188W,0,2.1346862,0.29475438594818115,0.35757574439048767,0.0855555534362793
YDR323C,YBR109C,0,2.133994,0.2945091426372528,0.35757574439048767,0.08565656840801239
YBR208C,YBR146W,0,2.131899,0.2942643463611603,0.35757574439048767,0.08575757592916489
YGR211W,YBL072C,0,2.1314986,0.2940199375152588,0.35757574439048767,0.08585858345031738
YBR279W,YML055W,0,2.1304138,0.2937759459018707,0.35757574439048767,0.08595959842205048
YLL018C,YDR200C,0,2.1294997,0.2935323417186737,0.35757574439048767,0.08606060594320297
YMR220W,YNL081C,0,2.1292272,0.2932891547679901,0.35757574439048767,0.08616161346435547
YGR082W,YLL006W,1,2.1284575,0.29387417435646057,0.3585858643054962,0.08616161346435547
YBR162W-A,YPR008W,0,2.1280012,0.29363110661506653,0.3585858643054962,0.08626262843608856
YIL053W,YML031W,0,2.1269572,0.2933884263038635,0.3585858643054962,0.08636363595724106
YLR037C,YMR158W,0,2.1262834,0.29314616322517395,0.3585858643054962,0.08646464347839355
YOL020W,YLR293C,0,2.1262062,0.2929042875766754,0.3585858643054962,0.08656565845012665
YOL055C,YNL054W,0,2.124395,0.2926628291606903,0.3585858643054962,0.08666666597127914
YGL093W,YOR271C,0,2.124225,0.29242175817489624,0.3585858643054962,0.08676767349243164
YDR513W,YGL053W,0,2.1234834,0.2921810746192932,0.3585858643054962,0.08686868846416473
YBL056W,YPL097W,0,2.123252,0.2919407784938812,0.3585858643054962,0.08696969598531723
YKL006W,YMR195W,0,2.123006,0.29170089960098267,0.3585858643054962,0.08707070350646973
YEL020W-A,YPL063W,1,2.1219194,0.29228243231773376,0.3595959544181824,0.08707070350646973
YMR041C,YIL008W,0,2.1199012,0.29204267263412476,0.3595959544181824,0.08717171847820282
YDR434W,YJL001W,0,2.1193817,0.2918032705783844,0.3595959544181824,0.08727272599935532
YBR060C,YBL072C,0,2.1188998,0.29156428575515747,0.3595959544181824,0.08737374097108841
YIL106W,YBR193C,0,2.1183043,0.2913256883621216,0.3595959544181824,0.0874747484922409
YLR382C,YDR246W,0,2.1183016,0.29108747839927673,0.3595959544181824,0.0875757560133934
YOL009C,YKL134C,1,2.118159,0.2916666567325592,0.3606060743331909,0.0875757560133934
YHR096C,YHR090C,0,2.117921,0.2914285659790039,0.3606060743331909,0.0876767709851265
YBR043C,YDL149W,0,2.1163108,0.29119086265563965,0.3606060743331909,0.08777777850627899
YMR048W,YER015W,0,2.1162305,0.29095354676246643,0.3606060743331909,0.08787878602743149
YDR246W,YBR191W,0,2.1144586,0.29071661829948425,0.3606060743331909,0.08797980099916458
YOL116W,YDL139C,0,2.1140933,0.2904800772666931,0.3606060743331909,0.08808080852031708
YHR103W,YDR025W,0,2.1132858,0.29024389386177063,0.3606060743331909,0.08818181604146957
YNL118C,YBL047C,0,2.112465,0.2900081276893616,0.3606060743331909,0.08828283101320267
YIL153W,YOL051W,0,2.1122866,0.28977271914482117,0.3606060743331909,0.08838383853435516
YJR073C,YLR328W,0,2.108547,0.2895376980304718,0.3606060743331909,0.08848484605550766
YPR100W,YLL021W,0,2.1081944,0.28930309414863586,0.3606060743331909,0.08858586102724075
YKL185W,YDR204W,0,2.105054,0.2890688180923462,0.3606060743331909,0.08868686854839325
YER063W,YGL198W,0,2.1045346,0.28883495926856995,0.3606060743331909,0.08878787606954575
YLR377C,YDR365C,0,2.104194,0.28860145807266235,0.3606060743331909,0.08888889104127884
YGR082W,YMR035W,1,2.103496,0.2891760766506195,0.3616161644458771,0.08888889104127884
YOL009C,YPL063W,1,2.1034322,0.28974980115890503,0.36262625455856323,0.08888889104127884
YKR089C,YLR315W,0,2.1029131,0.2895161211490631,0.36262625455856323,0.08898989856243134
YKL149C,YDR176W,0,2.1026256,0.28928282856941223,0.36262625455856323,0.08909090608358383
YDR375C,YPR131C,1,2.1022243,0.28985506296157837,0.3636363744735718,0.08909090608358383
YLR131C,YKR064W,0,2.102051,0.28962188959121704,0.3636363744735718,0.08919192105531693
YGR060W,YKL040C,0,2.1017454,0.28938907384872437,0.3636363744735718,0.08929292857646942
YOL009C,YBR212W,1,2.101673,0.2899598479270935,0.36464646458625793,0.08929292857646942
YML098W,YJL045W,0,2.1016302,0.289727121591568,0.36464646458625793,0.08939393609762192
YPL140C,YNL029C,0,2.0981374,0.2894947826862335,0.36464646458625793,0.08949495106935501
YOL076W,YNL055C,1,2.097053,0.29006409645080566,0.3656565546989441,0.08949495106935501
YDR317W,YLR068W,0,2.096186,0.28983187675476074,0.3656565546989441,0.08959595859050751
YGR138C,YIR026C,0,2.0961525,0.2896000146865845,0.3656565546989441,0.08969696611166
YOR266W,YBR212W,1,2.0956638,0.2901678681373596,0.36666667461395264,0.08969696611166
YBR054W,YER139C,0,2.0954978,0.2899360954761505,0.36666667461395264,0.0897979810833931
YLR085C,YNL025C,0,2.0952632,0.28970471024513245,0.36666667461395264,0.0898989886045456
YPL133C,YCR005C,0,2.092828,0.28947368264198303,0.36666667461395264,0.09000000357627869
YOR002W,YBR112C,0,2.0926852,0.28924304246902466,0.36666667461395264,0.09010101109743118
YDR212W,YBR149W,0,2.0923803,0.28901273012161255,0.36666667461395264,0.09020201861858368
YIL022W,YLL006W,1,2.0923784,0.2895783483982086,0.3676767647266388,0.09020201861858368
YNL054W,YGL127C,0,2.091726,0.28934818506240845,0.3676767647266388,0.09030303359031677
YOR045W,YPL063W,1,2.0913482,0.2899126410484314,0.36868685483932495,0.09030303359031677
YDL091C,YLR220W,0,2.0907886,0.289682537317276,0.36868685483932495,0.09040404111146927
YDL091C,YLR017W,0,2.0898545,0.28945282101631165,0.36868685483932495,0.09050504863262177
YOR189W,YLR248W,0,2.0893295,0.28922346234321594,0.36868685483932495,0.09060606360435486
YDR150W,YOL009C,1,2.088472,0.2897862195968628,0.3696969747543335,0.09060606360435486
YOR236W,YBR003W,0,2.0884683,0.28955695033073425,0.3696969747543335,0.09070707112550735
YDL247W,YOR158W,0,2.0883725,0.28932806849479675,0.3696969747543335,0.09080807864665985
YLL026W,YDR361C,0,2.0872657,0.2890995144844055,0.3696969747543335,0.09090909361839294
YNL031C,YIL018W,0,2.0870655,0.2888713479042053,0.3696969747543335,0.09101010113954544
YPL171C,YLR181C,0,2.086445,0.2886435389518738,0.3696969747543335,0.09111110866069794
YJL183W,YML004C,0,2.0861518,0.2884160876274109,0.3696969747543335,0.09121212363243103
YLR011W,YBR015C,0,2.0860438,0.28818896412849426,0.3696969747543335,0.09131313115358353
YFR027W,YKL185W,0,2.0853453,0.2879622280597687,0.3696969747543335,0.09141413867473602
YPR188C,YLR248W,0,2.0852146,0.28773584961891174,0.3696969747543335,0.09151515364646912
YDR375C,YJR118C,1,2.085,0.28829535841941833,0.37070706486701965,0.09151515364646912
YIL013C,YGR044C,0,2.0809064,0.28806906938552856,0.37070706486701965,0.09161616116762161
YDR040C,YOR001W,0,2.0807657,0.28784313797950745,0.37070706486701965,0.09171716868877411
YNR055C,YFR030W,0,2.0800962,0.287617564201355,0.37070706486701965,0.0918181836605072
YFR010W,YDR308C,0,2.0798862,0.2873923182487488,0.37070706486701965,0.0919191911816597
YKL149C,YOR132W,0,2.0784717,0.2871674597263336,0.37070706486701965,0.0920201987028122
YLR466W,YOR259C,0,2.0775723,0.2869429290294647,0.37070706486701965,0.09212121367454529
YOL055C,YGR094W,0,2.076181,0.2867187559604645,0.37070706486701965,0.09222222119569778
YBR054W,YGR142W,0,2.076152,0.2864949405193329,0.37070706486701965,0.09232322871685028
YDR309C,YJL083W,0,2.0758998,0.28627145290374756,0.37070706486701965,0.09242424368858337
YLR150W,YMR153W,0,2.0757694,0.2860483229160309,0.37070706486701965,0.09252525120973587
YLL026W,YEL005C,0,2.0751114,0.28582555055618286,0.37070706486701965,0.09262626618146896
YMR286W,YCR021C,0,2.0744789,0.2856031060218811,0.37070706486701965,0.09272727370262146
YDR287W,YKL052C,0,2.074144,0.285381019115448,0.37070706486701965,0.09282828122377396
YGL139W,YPL135W,0,2.074019,0.28515928983688354,0.37070706486701965,0.09292929619550705
YNL156C,YOR335C,0,2.0738373,0.28493788838386536,0.37070706486701965,0.09303030371665955
YNL173C,YMR230W,0,2.073663,0.2847168445587158,0.37070706486701965,0.09313131123781204
YJL054W,YKL134C,1,2.072608,0.2852713167667389,0.3717171847820282,0.09313131123781204
YPR067W,YFR014C,0,2.070677,0.2850503623485565,0.3717171847820282,0.09323232620954514
YDL175C,YIL033C,0,2.0702174,0.2848297357559204,0.3717171847820282,0.09333333373069763
YHR088W,YDR284C,0,2.0700362,0.28460943698883057,0.3717171847820282,0.09343434125185013
YGL070C,YBL072C,0,2.069051,0.2843894958496094,0.3717171847820282,0.09353535622358322
YDR212W,YNL081C,0,2.0683975,0.28416988253593445,0.3717171847820282,0.09363636374473572
YDR287W,YLR247C,0,2.0677145,0.2839506268501282,0.3717171847820282,0.09373737126588821
YOR250C,YDL145C,0,2.0643308,0.28373169898986816,0.3717171847820282,0.09383838623762131
YHR194W,YGL219C,1,2.0642846,0.28428351879119873,0.37272727489471436,0.09383838623762131
YBL038W,YNL246W,0,2.0637066,0.2840646505355835,0.37272727489471436,0.0939393937587738
YLR190W,YGL219C,1,2.063617,0.2846153974533081,0.3737373650074005,0.0939393937587738
YDR212W,YDR284C,0,2.0634754,0.28439661860466003,0.3737373650074005,0.0940404012799263
YBR107C,YOR109W,0,2.0634568,0.2841781973838806,0.3737373650074005,0.0941414162516594
YDL100C,YDR135C,0,2.0630999,0.28396010398864746,0.3737373650074005,0.09424242377281189
YKL150W,YPR017C,0,2.0628603,0.28374233841896057,0.3737373650074005,0.09434343129396439
YDR375C,YLR190W,1,2.062817,0.28429117798805237,0.37474748492240906,0.09434343129396439
YBR069C,YOR113W,0,2.0622323,0.28407350182533264,0.37474748492240906,0.09444444626569748
YIL022W,YMR275C,1,2.0618877,0.2846212685108185,0.3757575750350952,0.09444444626569748
YKL141W,YEL019C,0,2.061818,0.2844036817550659,0.3757575750350952,0.09454545378684998
YDR490C,YER155C,0,2.0600235,0.28418639302253723,0.3757575750350952,0.09464646130800247
YOL042W,YDL046W,0,2.059693,0.2839694619178772,0.3757575750350952,0.09474747627973557
YMR192W,YNR059W,0,2.0594492,0.2837528586387634,0.3757575750350952,0.09484848380088806
YPL233W,YNL118C,0,2.059387,0.2835365831851959,0.3757575750350952,0.09494949132204056
YDR309C,YNL068C,0,2.0590432,0.2833206355571747,0.3757575750350952,0.09505050629377365
YGL142C,YBR107C,0,2.0590246,0.2831050157546997,0.3757575750350952,0.09515151381492615
YJL094C,YLR435W,0,2.058283,0.282889723777771,0.3757575750350952,0.09525252878665924
YBR279W,YMR242C,0,2.0578225,0.28267475962638855,0.3757575750350952,0.09535353630781174
YDL046W,YBR191W,0,2.0576365,0.28246012330055237,0.3757575750350952,0.09545454382896423
YDR517W,YOR113W,0,2.0573237,0.28224581480026245,0.3757575750350952,0.09555555880069733
YOR045W,YPR131C,1,2.055873,0.28279000520706177,0.37676766514778137,0.09555555880069733
YGL196W,YJL186W,0,2.0558271,0.2825757563114166,0.37676766514778137,0.09565656632184982
YJR049C,YGL093W,0,2.0557034,0.28236183524131775,0.37676766514778137,0.09575757384300232
YMR205C,YPL117C,0,2.0556076,0.2821482717990875,0.37676766514778137,0.09585858881473541
YMR040W,YDR190C,0,2.0553067,0.2819350063800812,0.37676766514778137,0.09595959633588791
YGL016W,YIL033C,0,2.0552294,0.2817220687866211,0.37676766514778137,0.0960606038570404
YDR482C,YER063W,0,2.053083,0.2815094292163849,0.37676766514778137,0.0961616188287735
YER072W,YBR109C,0,2.0526063,0.28129714727401733,0.37676766514778137,0.096262626349926
YMR041C,YMR149W,0,2.0522814,0.28108516335487366,0.37676766514778137,0.09636363387107849
YDR129C,YPL133C,0,2.051767,0.28087350726127625,0.37676766514778137,0.09646464884281158
YGL098W,YDR513W,0,2.0512505,0.2806621491909027,0.37676766514778137,0.09656565636396408
YOR103C,YGR260W,0,2.0511167,0.28045111894607544,0.37676766514778137,0.09666666388511658
YKL006C-A,YDL106C,0,2.050773,0.28024041652679443,0.37676766514778137,0.09676767885684967
YNL183C,YMR242C,0,2.0490816,0.2800300419330597,0.37676766514778137,0.09686868637800217
YGR080W,YPR105C,0,2.048914,0.27981996536254883,0.37676766514778137,0.09696969389915466
YLR451W,YLR061W,0,2.046436,0.27961018681526184,0.37676766514778137,0.09707070887088776
YOR372C,YDL243C,0,2.0461562,0.2794007360935211,0.37676766514778137,0.09717171639204025
YIL052C,YAL028W,0,2.0458343,0.27919161319732666,0.37676766514778137,0.09727272391319275
YNL173C,YOL116W,0,2.0438855,0.2789827883243561,0.37676766514778137,0.09737373888492584
YJL180C,YLL006W,1,2.0436044,0.2795216739177704,0.3777777850627899,0.09737373888492584
YPR188C,YHL028W,0,2.043391,0.2793129086494446,0.3777777850627899,0.09747474640607834
YDL106C,YML076C,0,2.0433414,0.27910447120666504,0.3777777850627899,0.09757575392723083
YDL235C,YGL144C,0,2.0430586,0.2788963317871094,0.3777777850627899,0.09767676889896393
YMR041C,YHR139C,0,2.042999,0.2786885201931,0.3777777850627899,0.09777777642011642
YOR157C,YPL161C,0,2.041297,0.27848100662231445,0.3777777850627899,0.09787879139184952
YPL001W,YKL192C,0,2.0408041,0.2782738208770752,0.3777777850627899,0.09797979891300201
YDL081C,YLL024C,0,2.0403056,0.2780669033527374,0.3777777850627899,0.09808080643415451
YGR046W,YLR059C,1,2.0402942,0.2786032557487488,0.3787878751754761,0.09808080643415451
YOR189W,YDR200C,0,2.0402827,0.2783964276313782,0.3787878751754761,0.0981818214058876
YHR194W,YNL055C,1,2.0401323,0.27893173694610596,0.37979796528816223,0.0981818214058876
YNL031C,YDR287W,0,2.0390475,0.2787249684333801,0.37979796528816223,0.0982828289270401
YDR287W,YNL294C,0,2.0386705,0.27851852774620056,0.37979796528816223,0.0983838364481926
YLL018C,YDR397C,0,2.0373526,0.2783123552799225,0.37979796528816223,0.09848485141992569
YGR181W,YJR118C,1,2.0368788,0.2788461446762085,0.3808080852031708,0.09848485141992569
YJR042W,YKL051W,0,2.036805,0.2786400616168976,0.3808080852031708,0.09858585894107819
YLR023C,YDR292C,0,2.0363472,0.27843427658081055,0.3808080852031708,0.09868686646223068
YGR244C,YAL059W,0,2.0353324,0.2782287895679474,0.3808080852031708,0.09878788143396378
YGL028C,YDL243C,0,2.0351489,0.2780236005783081,0.3808080852031708,0.09888888895511627
YHR103W,YMR001C,0,2.0343187,0.2778187096118927,0.3808080852031708,0.09898989647626877
YJL183W,YPL120W,0,2.034229,0.27761414647102356,0.3808080852031708,0.09909091144800186
YAL048C,YGR181W,1,2.034004,0.2781457006931305,0.38181817531585693,0.09909091144800186
YJL127C,YNL023C,0,2.0337389,0.27794116735458374,0.38181817531585693,0.09919191896915436
YGL005C,YBR208C,0,2.0330386,0.27773696184158325,0.38181817531585693,0.09929292649030685
YOR316C,YHR158C,0,2.0325918,0.27753305435180664,0.38181817531585693,0.09939394146203995
YFL005W,YOR158W,0,2.0324852,0.2773294150829315,0.38181817531585693,0.09949494898319244
YDR212W,YLR293C,0,2.032409,0.27712610363960266,0.38181817531585693,0.09959595650434494
YBR043C,YJL186W,0,2.0314093,0.2769230902194977,0.38181817531585693,0.09969697147607803
YNL059C,YOR129C,0,2.0310152,0.2767203450202942,0.38181817531585693,0.09979797899723053
YOR018W,YDR395W,0,2.0307386,0.27651792764663696,0.38181817531585693,0.09989898651838303
YML107C,YML086C,0,2.028386,0.2763157784938812,0.38181817531585693,0.10000000149011612
YIL043C,YER015W,0,2.0278628,0.27611395716667175,0.38181817531585693,0.10010100901126862
YPR105C,YLR019W,0,2.0276623,0.27591240406036377,0.38181817531585693,0.10020201653242111
YMR205C,YLL021W,0,2.0274088,0.27571114897727966,0.38181817531585693,0.1003030315041542
YIL068C,YKL006C-A,0,2.0266676,0.27551019191741943,0.38181817531585693,0.1004040390253067
YMR286W,YNL031C,0,2.0253057,0.2753095328807831,0.38181817531585693,0.1005050539970398
YBR114W,YLR324W,0,2.0251567,0.2751091718673706,0.38181817531585693,0.10060606151819229
YBL063W,YER015W,0,2.0246215,0.2749090790748596,0.38181817531585693,0.10070706903934479
YLR239C,YLR115W,0,2.023944,0.2747093141078949,0.38181817531585693,0.10080808401107788
YFR014C,YNL278W,0,2.023847,0.27450981736183167,0.38181817531585693,0.10090909153223038
YBL087C,YDR168W,0,2.0236406,0.2743105888366699,0.38181817531585693,0.10101009905338287
YAL048C,YJR118C,1,2.022988,0.27483683824539185,0.3828282952308655,0.10101009905338287
YIL007C,YLR442C,0,2.0221143,0.2746376693248749,0.3828282952308655,0.10111111402511597
YGL073W,YGR260W,0,2.0216506,0.2744387984275818,0.3828282952308655,0.10121212154626846
YOR004W,YMR237W,0,2.0213976,0.2742402255535126,0.3828282952308655,0.10131312906742096
YPL061W,YPL178W,0,2.0208004,0.27404195070266724,0.3828282952308655,0.10141414403915405
YPL036W,YGL058W,0,2.0203226,0.2738439440727234,0.3828282952308655,0.10151515156030655
YDL093W,YDL106C,0,2.0202584,0.27364620566368103,0.3828282952308655,0.10161615908145905
YPL169C,YKR072C,0,2.0189583,0.27344876527786255,0.3828282952308655,0.10171717405319214
YOR026W,YGL238W,0,2.0189388,0.27325162291526794,0.3828282952308655,0.10181818157434464
YAL007C,YFR049W,0,2.0183015,0.27305474877357483,0.3828282952308655,0.10191918909549713
YBR046C,YDR398W,0,2.018211,0.2728581726551056,0.3828282952308655,0.10202020406723022
YKL014C,YLR451W,0,2.0172386,0.27266186475753784,0.3828282952308655,0.10212121158838272
YKL134C,YGL219C,1,2.0166235,0.27318474650382996,0.38383838534355164,0.10212121158838272
YBR212W,YNL066W,1,2.0165002,0.2737068831920624,0.3848484754562378,0.10212121158838272
YNL063W,YDL139C,0,2.016156,0.2735103964805603,0.3848484754562378,0.10222221910953522
YFR031C-A,YBR272C,0,2.0160203,0.2733142077922821,0.3848484754562378,0.10232323408126831
YIL119C,YDR438W,0,2.0158942,0.2731182873249054,0.3848484754562378,0.1024242416024208
YGR099W,YHL021C,0,2.0151992,0.2729226350784302,0.3848484754562378,0.1025252491235733
YPL203W,YDL134C,0,2.0144644,0.27272728085517883,0.3848484754562378,0.1026262640953064
YBR218C,YEL027W,0,2.0138457,0.272532194852829,0.3848484754562378,0.10272727161645889
YBL091C,YAL026C,0,2.0135589,0.2723373770713806,0.3848484754562378,0.10282827913761139
YIL022W,YGR181W,1,2.013112,0.272857129573822,0.38585859537124634,0.10282827913761139
YDR098C,YOL116W,0,2.0127993,0.27266237139701843,0.38585859537124634,0.10292929410934448
YGR138C,YJL069C,0,2.0126917,0.2724679112434387,0.38585859537124634,0.10303030163049698
YBR043C,YGR142W,0,2.0109215,0.2722736895084381,0.38585859537124634,0.10313131660223007
YDR160W,YCR063W,0,2.0108743,0.2720797657966614,0.38585859537124634,0.10323232412338257
YLR333C,YLR093C,0,2.009157,0.27188611030578613,0.38585859537124634,0.10333333164453506
YPL130W,YDR407C,0,2.0089262,0.27169275283813477,0.38585859537124634,0.10343434661626816
YIL043C,YDR168W,0,2.008253,0.2714996337890625,0.38585859537124634,0.10353535413742065
YLL006W,YPL063W,1,2.0082483,0.2720170319080353,0.3868686854839325,0.10353535413742065
YMR274C,YPL161C,0,2.0080605,0.2718240022659302,0.3868686854839325,0.10363636165857315
YML067C,YDR127W,0,2.0078251,0.2716312110424042,0.3868686854839325,0.10373737663030624
YOR266W,YOL009C,1,2.007812,0.27214741706848145,0.38787877559661865,0.10373737663030624
YGR082W,YBR212W,1,2.007747,0.272662878036499,0.3888888955116272,0.10373737663030624
YMR215W,YGL195W,0,2.0068712,0.2724699079990387,0.3888888955116272,0.10383838415145874
YOR079C,YIL008W,0,2.0065253,0.27227723598480225,0.3888888955116272,0.10393939167261124
YBR107C,YNL094W,0,2.0063267,0.2720848023891449,0.3888888955116272,0.10404040664434433
YNL173C,YDR021W,0,2.0059285,0.2718926668167114,0.3888888955116272,0.10414141416549683
YKL062W,YDR328C,0,2.0059235,0.27170076966285706,0.3888888955116272,0.10424242168664932
YIL053W,YBR034C,0,2.0047948,0.27150917053222656,0.3888888955116272,0.10434343665838242
YGL076C,YLR292C,0,2.0047348,0.27131783962249756,0.3888888955116272,0.10444444417953491
YOR018W,YOR011W,0,2.0043206,0.27112674713134766,0.3888888955116272,0.10454545170068741
YPL234C,YIL018W,0,2.0042992,0.27093595266342163,0.3888888955116272,0.1046464666724205
YER142C,YPL173W,0,2.0040987,0.2707454264163971,0.3888888955116272,0.104747474193573
YLR131C,YOR026W,0,2.0033145,0.27055516839027405,0.3888888955116272,0.1048484817147255
YLR248W,YGR245C,0,2.003314,0.2703651785850525,0.3888888955116272,0.10494949668645859
YER031C,YDR092W,0,2.002926,0.27017542719841003,0.3888888955116272,0.10505050420761108
YDR435C,YBR295W,0,2.002268,0.26998597383499146,0.3888888955116272,0.10515151172876358
YLR293C,YIL153W,0,2.0017164,0.26979678869247437,0.3888888955116272,0.10525252670049667
YMR261C,YDR381W,0,2.0009692,0.2696078419685364,0.3888888955116272,0.10535353422164917
YDR129C,YHR197W,0,2.0008624,0.2694191634654999,0.3888888955116272,0.10545454174280167
YDR189W,YPL234C,0,2.0001228,0.26923078298568726,0.3888888955116272,0.10555555671453476
YOR380W,YGL195W,0,1.9999061,0.26904264092445374,0.3888888955116272,0.10565656423568726
YJR048W,YOR086C,0,1.9991151,0.2688547372817993,0.3888888955116272,0.10575757920742035
YJL003W,YDR057W,0,1.9990194,0.2686671316623688,0.3888888955116272,0.10585858672857285
YPR155C,YER060W,0,1.9986496,0.26847976446151733,0.3888888955116272,0.10595959424972534
YEL018W,YEL044W,0,1.9985548,0.26829269528388977,0.3888888955116272,0.10606060922145844
YIR019C,YDL018C,0,1.9983845,0.2681058347225189,0.3888888955116272,0.10616161674261093
YAL002W,YLR299W,0,1.9974486,0.26791927218437195,0.3888888955116272,0.10626262426376343
YDL081C,YER015W,0,1.9967839,0.2677329480648041,0.3888888955116272,0.10636363923549652
YJL186W,YMR322C,0,1.9947717,0.2675469219684601,0.3888888955116272,0.10646464675664902
YLR293C,YER015W,0,1.9946808,0.2673611044883728,0.3888888955116272,0.10656565427780151
YGR007W,YBR191W,0,1.9946399,0.2671755850315094,0.3888888955116272,0.1066666692495346
YIL068C,YDR381W,0,1.9939382,0.2669903039932251,0.3888888955116272,0.1067676767706871
YKL087C,YFR053C,0,1.9934828,0.2668052613735199,0.3888888955116272,0.1068686842918396
YLL031C,YDR100W,0,1.9931564,0.2666204869747162,0.3888888955116272,0.10696969926357269
YPL179W,YKL039W,0,1.9931448,0.26643598079681396,0.3888888955116272,0.10707070678472519
YDR377W,YBR078W,0,1.9921505,0.26625174283981323,0.3888888955116272,0.10717171430587769
YLR102C,YMR081C,0,1.9919467,0.2660677134990692,0.3888888955116272,0.10727272927761078
YFR027W,YJR117W,0,1.9917395,0.2658839821815491,0.3888888955116272,0.10737373679876328
YOR090C,YPL179W,0,1.9915671,0.26570048928260803,0.3888888955116272,0.10747474431991577
YDR343C,YGL058W,0,1.9913542,0.2655172348022461,0.3888888955116272,0.10757575929164886
YOR264W,YNL048W,0,1.9911195,0.26533424854278564,0.3888888955116272,0.10767676681280136
YLL024C,YEL039C,0,1.9910712,0.2651515007019043,0.3888888955116272,0.10777777433395386
YIL106W,YNR052C,0,1.9905685,0.26496902108192444,0.3888888955116272,0.10787878930568695
YBR107C,YER093C,0,1.9902992,0.26478680968284607,0.3888888955116272,0.10797979682683945
YOL032W,YGL198W,0,1.9894962,0.2646048069000244,0.3888888955116272,0.10808081179857254
YBR078W,YLR023C,0,1.9894414,0.26442307233810425,0.3888888955116272,0.10818181931972504
YHR001W-A,YHR106W,0,1.9888104,0.26424160599708557,0.3888888955116272,0.10828282684087753
YDR303C,YDR005C,0,1.9880356,0.2640603482723236,0.3888888955116272,0.10838384181261063
YGR046W,YPL063W,1,1.9873283,0.26456478238105774,0.38989898562431335,0.10838384181261063
YDL100C,YJL094C,0,1.984782,0.26438355445861816,0.38989898562431335,0.10848484933376312
YHR103W,YIL018W,0,1.9847455,0.2642025947570801,0.38989898562431335,0.10858585685491562
YIL107C,YEL044W,0,1.9846148,0.2640218734741211,0.38989898562431335,0.10868687182664871
YBR130C,YDL081C,0,1.9838774,0.2638414204120636,0.38989898562431335,0.10878787934780121
YER093C,YFR053C,0,1.9838713,0.2636612057685852,0.38989898562431335,0.1088888868689537
YMR053C,YPL248C,0,1.9836786,0.2634812295436859,0.38989898562431335,0.1089899018406868
YKL062W,YFR049W,0,1.9830817,0.2633014917373657,0.38989898562431335,0.1090909093618393
YDR025W,YMR237W,0,1.9826269,0.263122022151947,0.38989898562431335,0.10919191688299179
YLR258W,YDR111C,0,1.9820241,0.2629427909851074,0.38989898562431335,0.10929293185472488
YDR150W,YHR194W,1,1.9811516,0.2634445130825043,0.3909091055393219,0.10929293185472488
YKL134C,YMR035W,1,1.9797872,0.2639455795288086,0.39191919565200806,0.10929293185472488
YLL031C,YPL210C,0,1.9791942,0.2637661397457123,0.39191919565200806,0.10939393937587738
YDL106C,YGL115W,0,1.9787382,0.26358696818351746,0.39191919565200806,0.10949494689702988
YBR212W,YIL062C,1,1.977369,0.26408690214157104,0.3929292857646942,0.10949494689702988
YGL142C,YDL135C,0,1.9770261,0.2639077305793762,0.3929292857646942,0.10959596186876297
YPL234C,YKR049C,0,1.976574,0.2637288272380829,0.3929292857646942,0.10969696938991547
YOR177C,YMR243C,0,1.9763238,0.26355013251304626,0.3929292857646942,0.10979797691106796
YKR085C,YDR261C,0,1.9757652,0.26337170600891113,0.3929292857646942,0.10989899188280106
YDL113C,YGR142W,0,1.9742146,0.2631935179233551,0.3929292857646942,0.10999999940395355
YKL045W,YLR258W,0,1.9740653,0.2630155384540558,0.3929292857646942,0.11010100692510605
YLR293C,YDR039C,0,1.9738203,0.26283782720565796,0.3929292857646942,0.11020202189683914
YKR093W,YKL002W,0,1.9733992,0.26266035437583923,0.3929292857646942,0.11030302941799164
YER072W,YGL115W,0,1.9731729,0.2624831199645996,0.3929292857646942,0.11040403693914413
YBR146W,YER159C,0,1.9731647,0.2623061239719391,0.3929292857646942,0.11050505191087723
YIL118W,YKL087C,0,1.9723499,0.26212936639785767,0.3929292857646942,0.11060605943202972
YAL030W,YMR183C,0,1.9706278,0.26195284724235535,0.3929292857646942,0.11070707440376282
YGL053W,YNR053C,0,1.9705907,0.2617765963077545,0.3929292857646942,0.11080808192491531
YGL104C,YOR103C,0,1.9704096,0.261600524187088,0.3929292857646942,0.11090908944606781
YNL263C,YDR201W,0,1.9693806,0.261424720287323,0.3929292857646942,0.1110101044178009
YPL105C,YHL021C,0,1.9684262,0.2612491548061371,0.3929292857646942,0.1111111119389534
YMR015C,YPL006W,0,1.9681423,0.2610738277435303,0.3929292857646942,0.1112121194601059
YDR188W,YLR248W,0,1.9680262,0.26089873909950256,0.3929292857646942,0.11131313443183899
YBR085W,YJR108W,0,1.9679562,0.26072385907173157,0.3929292857646942,0.11141414195299149
YBR043C,YMR059W,0,1.9679266,0.2605492174625397,0.3929292857646942,0.11151514947414398
YPR068C,YPR141C,0,1.9659741,0.26037484407424927,0.3929292857646942,0.11161616444587708
YDR189W,YPR100W,0,1.9658005,0.2602006793022156,0.3929292857646942,0.11171717196702957
YDR080W,YBR193C,0,1.9652368,0.2600267231464386,0.3929292857646942,0.11181817948818207
YKL060C,YGR040W,0,1.964038,0.2598530352115631,0.3929292857646942,0.11191919445991516
YJL212C,YHR005C,0,1.9637423,0.2596795856952667,0.3929292857646942,0.11202020198106766
YDR023W,YDL123W,0,1.961814,0.25950634479522705,0.3929292857646942,0.11212120950222015
YKL197C,YDR028C,0,1.9611704,0.2593333423137665,0.3929292857646942,0.11222222447395325
YGR204W,YAR033W,0,1.9606497,0.2591605484485626,0.3929292857646942,0.11232323199510574
YDR227W,YBR218C,0,1.9605803,0.25898802280426025,0.3929292857646942,0.11242423951625824
YDR412W,YNL287W,0,1.9604452,0.2588157057762146,0.3929292857646942,0.11252525448799133
YBR046C,YHR088W,0,1.9600137,0.25864362716674805,0.3929292857646942,0.11262626200914383
YJL054W,YPR131C,1,1.9586445,0.2591361999511719,0.39393940567970276,0.11262626200914383
YLR377C,YJL001W,0,1.9585959,0.2589641511440277,0.39393940567970276,0.11272726953029633
YBR038W,YDR325W,0,1.9580094,0.25879231095314026,0.39393940567970276,0.11282828450202942
YKL110C,YBR107C,0,1.9577789,0.2586206793785095,0.39393940567970276,0.11292929202318192
YPR128C,YOL096C,0,1.9570218,0.2584493160247803,0.39393940567970276,0.11303029954433441
YGR260W,YHR133C,0,1.9566426,0.25827813148498535,0.39393940567970276,0.1131313145160675
YBR054W,YDR039C,0,1.9563217,0.2581072151660919,0.39393940567970276,0.11323232203722
YIL107C,YOR065W,0,1.9560089,0.2579365074634552,0.39393940567970276,0.1133333370089531
YGR174C,YHR194W,1,1.9546192,0.2584269642829895,0.3949494957923889,0.1133333370089531
YDR434W,YKL006W,0,1.9544216,0.25825628638267517,0.3949494957923889,0.11343434453010559
YEL020W-A,YLL006W,1,1.9531533,0.25874587893486023,0.3959595859050751,0.11343434453010559
YER100W,YML013W,0,1.9526546,0.2585752010345459,0.3959595859050751,0.11353535205125809
YGL192W,YPL178W,0,1.9518886,0.2584047317504883,0.3959595859050751,0.11363636702299118
YDL113C,YHL011C,0,1.9512178,0.25823453068733215,0.3959595859050751,0.11373737454414368
YGR202C,YKR099W,0,1.9509232,0.25806450843811035,0.3959595859050751,0.11383838206529617
YGR170W,YKL051W,0,1.9483771,0.25789472460746765,0.3959595859050751,0.11393939703702927
YDR092W,YIR004W,0,1.9483492,0.25772517919540405,0.3959595859050751,0.11404040455818176
YLL006W,YLR259C,1,1.9480951,0.2582128643989563,0.3969697058200836,0.11404040455818176
YOL009C,YHR024C,1,1.9478256,0.2586999237537384,0.3979797959327698,0.11404040455818176
YJL001W,YGR083C,0,1.9465759,0.2585301697254181,0.3979797959327698,0.11414141207933426
YHR114W,YJL083W,0,1.946104,0.2583606541156769,0.3979797959327698,0.11424242705106735
YMR243C,YDR280W,0,1.9451169,0.2581913471221924,0.3979797959327698,0.11434343457221985
YJR118C,YMR072W,1,1.944994,0.2586771547794342,0.39898988604545593,0.11434343457221985
YGL070C,YOL059W,0,1.9448863,0.2585078477859497,0.39898988604545593,0.11444444209337234
YGL098W,YLR466W,0,1.9448853,0.2583387792110443,0.39898988604545593,0.11454545706510544
YOR258W,YDR005C,0,1.9443226,0.258169949054718,0.39898988604545593,0.11464646458625793
YHR037W,YIL008W,0,1.9436874,0.25800129771232605,0.39898988604545593,0.11474747210741043
YLR061W,YDR105C,0,1.9434539,0.2578328847885132,0.39898988604545593,0.11484848707914352
YPL126W,YPL075W,0,1.9424853,0.2576647102832794,0.39898988604545593,0.11494949460029602
YDR212W,YDR517W,0,1.9420769,0.25749674439430237,0.39898988604545593,0.11505050212144852
YDR300C,YHL015W,0,1.9418528,0.25732898712158203,0.39898988604545593,0.11515151709318161
YBR038W,YBR049C,0,1.9417768,0.2571614682674408,0.39898988604545593,0.1152525246143341
YPL207W,YJL083W,0,1.9417131,0.2569941580295563,0.39898988604545593,0.1153535321354866
YJL054W,YIL098C,1,1.9415272,0.2574772536754608,0.4000000059604645,0.1153535321354866
YDR516C,YNL173C,0,1.9403446,0.2573099434375763,0.4000000059604645,0.1154545471072197
YJL012C,YHR073W,0,1.9397122,0.2571428716182709,0.4000000059604645,0.11555555462837219
YDR189W,YNR037C,0,1.9395089,0.2569759786128998,0.4000000059604645,0.11565656214952469
YOL009C,YMR072W,1,1.9386241,0.2574578523635864,0.40101009607315063,0.11565656214952469
YBR189W,YBR101C,0,1.9383585,0.2572909891605377,0.40101009607315063,0.11575757712125778
YHL031C,YLR333C,0,1.9382699,0.2571243643760681,0.40101009607315063,0.11585858464241028
YPL043W,YHR096C,0,1.9372725,0.25695791840553284,0.40101009607315063,0.11595959961414337
YAL002W,YDR005C,0,1.9355805,0.25679171085357666,0.40101009607315063,0.11606060713529587
YDL220C,YBR060C,0,1.9351795,0.2566257417201996,0.40101009607315063,0.11616161465644836
YER072W,YDR188W,0,1.9348136,0.25645995140075684,0.40101009607315063,0.11626262962818146
YPR154W,YLR007W,0,1.9339973,0.2562943696975708,0.40101009607315063,0.11636363714933395
YGR060W,YOR132W,0,1.9327594,0.25612902641296387,0.40101009607315063,0.11646464467048645
YDL230W,YDR372C,0,1.9311376,0.25596389174461365,0.40101009607315063,0.11656565964221954
YHR120W,YLR259C,1,1.9308408,0.2564432919025421,0.4020202159881592,0.11656565964221954
YJL054W,YGR082W,1,1.9293156,0.2569220960140228,0.40303030610084534,0.11656565964221954
YDR439W,YGL198W,0,1.9289229,0.2567567527294159,0.40303030610084534,0.11666666716337204
YIL022W,YLR190W,1,1.927634,0.25723472237586975,0.4040403962135315,0.11666666716337204
YGR024C,YFR024C-A,0,1.9272455,0.2570694088935852,0.4040403962135315,0.11676767468452454
YGR254W,YMR234W,0,1.9262612,0.2569043040275574,0.4040403962135315,0.11686868965625763
YER139C,YCL035C,0,1.9247508,0.25673940777778625,0.4040403962135315,0.11696969717741013
YMR015C,YOR358W,0,1.9241261,0.25657472014427185,0.4040403962135315,0.11707070469856262
YOR018W,YOL116W,0,1.9233496,0.25641027092933655,0.4040403962135315,0.11717171967029572
YKL141W,YIL030C,0,1.9221873,0.25624600052833557,0.4040403962135315,0.11727272719144821
YGR080W,YBR188C,0,1.9220636,0.2560819387435913,0.4040403962135315,0.11737373471260071
YBL080C,YLR220W,0,1.921948,0.25591811537742615,0.4040403962135315,0.1174747496843338
YGL067W,YER159C,0,1.9218123,0.2557544708251953,0.4040403962135315,0.1175757572054863
YPL133C,YNL161W,0,1.9196615,0.2555910646915436,0.4040403962135315,0.1176767647266388
YGR005C,YLR054C,0,1.9194366,0.25542783737182617,0.4040403962135315,0.11777777969837189
YOR087W,YDR025W,0,1.9187503,0.25526484847068787,0.4040403962135315,0.11787878721952438
YDL149W,YMR149W,0,1.9183893,0.2551020383834839,0.4040403962135315,0.11797979474067688
YDL240W,YOR320C,0,1.9178216,0.254939466714859,0.4040403962135315,0.11808080971240997
YMR009W,YGL195W,0,1.9176672,0.25477707386016846,0.4040403962135315,0.11818181723356247
YDR009W,YDL076C,0,1.9174968,0.2546148896217346,0.4040403962135315,0.11828282475471497
YDR372C,YPR100W,0,1.916323,0.2544529139995575,0.4040403962135315,0.11838383972644806
YMR195W,YPL178W,0,1.9156073,0.2542911767959595,0.4040403962135315,0.11848484724760056
YPL115C,YKL060C,0,1.9151559,0.2541296184062958,0.4040403962135315,0.11858586221933365
YGL098W,YOR316C,0,1.9151413,0.2539682686328888,0.4040403962135315,0.11868686974048615
YGL126W,YNL288W,0,1.914921,0.25380709767341614,0.4040403962135315,0.11878787726163864
YPL176C,YKL192C,0,1.9148883,0.2536461651325226,0.4040403962135315,0.11888889223337173
YIL022W,YOL009C,1,1.9146898,0.2541191279888153,0.40505051612854004,0.11888889223337173
YJR048W,YHR073W,0,1.9140096,0.25395819544792175,0.40505051612854004,0.11898989975452423
YIL118W,YOR132W,0,1.9137555,0.2537974715232849,0.40505051612854004,0.11909090727567673
YPR110C,YOL032W,0,1.9135344,0.2536369264125824,0.40505051612854004,0.11919192224740982
YNL130C,YFR038W,0,1.9130659,0.253476619720459,0.40505051612854004,0.11929292976856232
YOL020W,YGR138C,0,1.912921,0.2533164918422699,0.40505051612854004,0.11939393728971481
YKR100C,YMR001C,0,1.91213,0.2531565725803375,0.40505051612854004,0.1194949522614479
YDR188W,YHR037W,0,1.912029,0.2529968321323395,0.40505051612854004,0.1195959597826004
YIL107C,YLR011W,0,1.9118972,0.25283733010292053,0.40505051612854004,0.1196969673037529
YHR190W,YOR001W,0,1.9110982,0.2526780068874359,0.40505051612854004,0.11979798227548599
YLR093C,YOR254C,0,1.9105599,0.252518892288208,0.40505051612854004,0.11989898979663849
YBR268W,YOR157C,0,1.9093122,0.2523599863052368,0.40505051612854004,0.11999999731779099
YLR102C,YMR156C,0,1.9092084,0.25220125913619995,0.40505051612854004,0.12010101228952408
YOL122C,YPL049C,0,1.9091272,0.2520427405834198,0.40505051612854004,0.12020201981067657
YJL013C,YLR093C,0,1.9089024,0.25188443064689636,0.40505051612854004,0.12030302733182907
YLR293C,YJL094C,0,1.907616,0.25172629952430725,0.40505051612854004,0.12040404230356216
YBL087C,YDR078C,0,1.9067605,0.25156837701797485,0.40505051612854004,0.12050504982471466
YKR100C,YLR367W,0,1.9063947,0.25141066312789917,0.40505051612854004,0.12060605734586716
YPL215W,YOL009C,1,1.9054197,0.2518796920776367,0.4060606062412262,0.12060605734586716
YLR011W,YGL198W,0,1.9052155,0.25172197818756104,0.4060606062412262,0.12070707231760025
YNL031C,YPL097W,0,1.9034938,0.2515644431114197,0.4060606062412262,0.12080807983875275
YBR029C,YNL063W,0,1.9029081,0.25140711665153503,0.4060606062412262,0.12090908735990524
YBR218C,YLL021W,0,1.901643,0.2512499988079071,0.4060606062412262,0.12101010233163834
YOR260W,YOR113W,0,1.9015048,0.2510930597782135,0.4060606062412262,0.12111110985279083
YBR054W,YBR193C,0,1.901426,0.2509363293647766,0.4060606062412262,0.12121212482452393
YDR377W,YNR019W,0,1.9013944,0.25077977776527405,0.4060606062412262,0.12131313234567642
YPL215W,YOR060C,1,1.9007394,0.2512468695640564,0.40707069635391235,0.12131313234567642
YHR108W,YFR014C,0,1.9003572,0.2510903477668762,0.40707069635391235,0.12141413986682892
YPR155C,YGL111W,0,1.8998806,0.25093400478363037,0.40707069635391235,0.12151515483856201
YER041W,YDR188W,0,1.8998582,0.25077784061431885,0.40707069635391235,0.12161616235971451
YGR254W,YNL118C,0,1.8998101,0.25062188506126404,0.40707069635391235,0.121717169880867
YPR134W,YJR123W,0,1.899373,0.25046613812446594,0.40707069635391235,0.1218181848526001
YMR286W,YLR054C,0,1.898625,0.2503105700016022,0.40707069635391235,0.1219191923737526
YNL251C,YOR132W,0,1.8983439,0.25015518069267273,0.40707069635391235,0.12202019989490509
YDR168W,YGL226W,0,1.8971803,0.25,0.40707069635391235,0.12212121486663818
YPR128C,YHR001W-A,0,1.897017,0.2498450130224228,0.40707069635391235,0.12222222238779068
YJR118C,YKL134C,1,1.8950347,0.2503097951412201,0.4080808162689209,0.12222222238779068
YIL052C,YPR169W,0,1.8937589,0.2501547932624817,0.4080808162689209,0.12232322990894318
YNL066W,YGL219C,1,1.8936687,0.2506188154220581,0.40909090638160706,0.12232322990894318
YFR031C-A,YBR169C,0,1.8934828,0.2504638135433197,0.40909090638160706,0.12242424488067627
YEL020W-A,YHR194W,1,1.8934598,0.25092706084251404,0.4101009964942932,0.12242424488067627
YKL129C,YDL139C,0,1.8933635,0.250772088766098,0.4101009964942932,0.12252525240182877
YLR037C,YBR146W,0,1.8933634,0.25061729550361633,0.4101009964942932,0.12262625992298126
YPR037C,YBR254C,0,1.8932245,0.25046268105506897,0.4101009964942932,0.12272727489471436
YER031C,YJL096W,0,1.8930197,0.2503082752227783,0.4101009964942932,0.12282828241586685
YDL247W,YBR193C,0,1.8929081,0.250154048204422,0.4101009964942932,0.12292928993701935
YKR093W,YHR037W,0,1.8923864,0.25,0.4101009964942932,0.12303030490875244
YKL069W,YMR002W,0,1.8921542,0.24984616041183472,0.4101009964942932,0.12313131242990494
YLL024C,YIL005W,0,1.8913517,0.24969249963760376,0.4101009964942932,0.12323231995105743
YFL005W,YKR095W,0,1.8911202,0.24953903257846832,0.4101009964942932,0.12333333492279053
YDR098C,YPR008W,0,1.8908243,0.2493857443332672,0.4101009964942932,0.12343434244394302
YGR082W,YMR275C,1,1.8903334,0.24984653294086456,0.41111111640930176,0.12343434244394302
YOL055C,YJL197W,0,1.889532,0.24969324469566345,0.41111111640930176,0.12353534996509552
YKL033W,YDR168W,0,1.8887719,0.24954016506671906,0.41111111640930176,0.12363636493682861
YIL037C,YOR254C,0,1.8886712,0.2493872493505478,0.41111111640930176,0.12373737245798111
YML098W,YBR029C,0,1.8885181,0.24923454225063324,0.41111111640930176,0.1238383874297142
YER139C,YNL036W,0,1.8873336,0.24908201396465302,0.41111111640930176,0.1239393949508667
YKR089C,YMR177W,0,1.8872519,0.24892966449260712,0.41111111640930176,0.1240404024720192
YJL059W,YDL139C,0,1.8868651,0.24877750873565674,0.41111111640930176,0.12414141744375229
YBR038W,YKL032C,0,1.8864098,0.24862553179264069,0.41111111640930176,0.12424242496490479
YDR002W,YHL011C,0,1.8863106,0.24847374856472015,0.41111111640930176,0.12434343248605728
YGR055W,YNR053C,0,1.8862236,0.24832214415073395,0.41111111640930176,0.12444444745779037
YDR091C,YIL153W,0,1.885388,0.24817073345184326,0.41111111640930176,0.12454545497894287
YOR250C,YEL024W,0,1.8850032,0.2480195015668869,0.41111111640930176,0.12464646250009537
YER056C,YDR463W,0,1.8835026,0.24786844849586487,0.41111111640930176,0.12474747747182846
YOR045W,YJR118C,1,1.8816278,0.24832622706890106,0.4121212065219879,0.12474747747182846
YHR139C,YFR050C,0,1.8813615,0.24817518889904022,0.4121212065219879,0.12484848499298096
YMR072W,YPL063W,1,1.8803041,0.24863222241401672,0.41313132643699646,0.12484848499298096
YGL028C,YIL123W,0,1.8790171,0.2484811693429947,0.41313132643699646,0.12494949251413345
YDR227W,YBR162C,0,1.8789194,0.24833029508590698,0.41313132643699646,0.12505050003528595
YGL092W,YOR227W,0,1.878553,0.2481796145439148,0.41313132643699646,0.12515151500701904
YMR081C,YIL118W,0,1.8784907,0.24802911281585693,0.41313132643699646,0.12525252997875214
YER023W,YOR253W,0,1.877687,0.2478787899017334,0.41313132643699646,0.12535353004932404
YPL116W,YLR363C,0,1.8773062,0.2477286458015442,0.41313132643699646,0.12545454502105713
YCR036W,YPL117C,0,1.876257,0.2475786954164505,0.41313132643699646,0.12555555999279022
YOL042W,YHR005C,0,1.8761557,0.24742892384529114,0.41313132643699646,0.12565656006336212
YJR117W,YHR193C,0,1.8755996,0.2472793161869049,0.41313132643699646,0.12575757503509521
YOR191W,YGR193C,0,1.8750603,0.2471299022436142,0.41313132643699646,0.1258585900068283
YLR118C,YGR057C,0,1.8748989,0.246980682015419,0.41313132643699646,0.1259595900774002
YBR043C,YGL087C,0,1.8748894,0.24683162569999695,0.41313132643699646,0.1260606050491333
YKL110C,YMR040W,0,1.8746713,0.24668274819850922,0.41313132643699646,0.1261616200208664
YLR059C,YLR259C,1,1.8745527,0.24713683128356934,0.4141414165496826,0.1261616200208664
YNL180C,YOL116W,0,1.874326,0.2469879537820816,0.4141414165496826,0.1262626200914383
YLR377C,YER007C-A,0,1.8739083,0.2468392550945282,0.4141414165496826,0.1263636350631714
YGL098W,YOR086C,0,1.8733444,0.24669073522090912,0.4141414165496826,0.12646465003490448
YBR169C,YHR193C,0,1.8729832,0.24654239416122437,0.4141414165496826,0.12656565010547638
YGL053W,YOR335C,0,1.8727487,0.24639423191547394,0.4141414165496826,0.12666666507720947
YDR471W,YBL014C,0,1.8721857,0.24624624848365784,0.4141414165496826,0.12676768004894257
YMR286W,YDR244W,0,1.8715734,0.24609844386577606,0.4141414165496826,0.12686868011951447
YOL032W,YMR183C,0,1.8713268,0.24595080316066742,0.4141414165496826,0.12696969509124756
YGL006W,YMR220W,0,1.8710914,0.2458033561706543,0.4141414165496826,0.12707071006298065
YJL094C,YER015W,0,1.8703862,0.2456560879945755,0.4141414165496826,0.12717171013355255
YOR247W,YMR225C,0,1.8702886,0.24550898373126984,0.4141414165496826,0.12727272510528564
YDR308C,YOR136W,0,1.8693697,0.2453620582818985,0.4141414165496826,0.12737374007701874
YGR060W,YBR272C,0,1.8686566,0.2452153116464615,0.4141414165496826,0.12747474014759064
YDR323C,YOR254C,0,1.8683498,0.2450687438249588,0.4141414165496826,0.12757575511932373
YDR150W,YJR118C,1,1.8679746,0.2455197125673294,0.4151515066623688,0.12757575511932373
YBR005W,YJR049C,0,1.8679458,0.24537312984466553,0.4151515066623688,0.12767677009105682
YOR087W,YOR195W,0,1.8667328,0.24522672593593597,0.4151515066623688,0.12777778506278992
YIL156W,YBR003W,0,1.8657746,0.24508050084114075,0.4151515066623688,0.12787878513336182
YIL153W,YGR040W,0,1.8655794,0.24493443965911865,0.4151515066623688,0.1279798001050949
YIL075C,YHL025W,0,1.8653181,0.24478855729103088,0.4151515066623688,0.128080815076828
YMR105C,YGL151W,0,1.8652326,0.24464285373687744,0.4151515066623688,0.1281818151473999
YMR048W,YIL037C,0,1.8639287,0.24449732899665833,0.4151515066623688,0.128282830119133
YOR189W,YLR337C,0,1.8635492,0.24435196816921234,0.4151515066623688,0.1283838450908661
YPR120C,YHR114W,0,1.8633128,0.2442067712545395,0.4151515066623688,0.128484845161438
YOR177C,YIL148W,0,1.8631153,0.24406175315380096,0.4151515066623688,0.12858586013317108
YNL031C,YIL123W,0,1.8631011,0.24391691386699677,0.4151515066623688,0.12868687510490417
YIL036W,YKL060C,0,1.8620534,0.2437722384929657,0.4151515066623688,0.12878787517547607
YNL076W,YBR015C,0,1.8619199,0.24362774193286896,0.4151515066623688,0.12888889014720917
YAL048C,YIL098C,1,1.8614691,0.24407583475112915,0.4161616265773773,0.12888889014720917
YPL171C,YIL107C,0,1.8612115,0.24393132328987122,0.4161616265773773,0.12898990511894226
YHR103W,YIR004W,0,1.860911,0.2437869757413864,0.4161616265773773,0.12909090518951416
YNL132W,YLR292C,0,1.8607365,0.24364282190799713,0.4161616265773773,0.12919192016124725
YER014W,YOR157C,0,1.8604939,0.2434988170862198,0.4161616265773773,0.12929293513298035
YPL225W,YCR044C,0,1.8604614,0.24335499107837677,0.4161616265773773,0.12939393520355225
YDR178W,YOR001W,0,1.8590356,0.24321132898330688,0.4161616265773773,0.12949495017528534
YPL010W,YPL097W,0,1.85891,0.24306784570217133,0.4161616265773773,0.12959596514701843
YOR156C,YER123W,0,1.8578176,0.2429245263338089,0.4161616265773773,0.12969696521759033
YAL051W,YML047C,0,1.8577085,0.2427813857793808,0.4161616265773773,0.12979798018932343
YCL035C,YGL127C,0,1.8573831,0.24263839423656464,0.4161616265773773,0.12989899516105652
YOL076W,YIL062C,1,1.8564286,0.2430841624736786,0.4171717166900635,0.12989899516105652
YOR090C,YOR177C,0,1.856091,0.24294117093086243,0.4171717166900635,0.12999999523162842
YGL189C,YOL096C,0,1.8560443,0.2427983582019806,0.4171717166900635,0.1301010102033615
YGL104C,YLR037C,0,1.8550816,0.2426556944847107,0.4171717166900635,0.1302020251750946
YJL054W,YLR190W,1,1.8546851,0.24310040473937988,0.41818180680274963,0.1302020251750946
YOR027W,YPL233W,0,1.8544946,0.24295774102210999,0.41818180680274963,0.1303030252456665
YGR103W,YNL023C,0,1.8543627,0.24281525611877441,0.41818180680274963,0.1304040402173996
YPR120C,YKL039W,0,1.8541818,0.24267292022705078,0.41818180680274963,0.1305050551891327
YLL048C,YPR188C,0,1.8540735,0.24253076314926147,0.41818180680274963,0.1306060552597046
YGR055W,YNL173C,0,1.8528146,0.2423887550830841,0.41818180680274963,0.13070707023143768
YPR017C,YGR224W,0,1.8521808,0.24224692583084106,0.41818180680274963,0.13080808520317078
YDR178W,YKL005C,0,1.8495872,0.24210526049137115,0.41818180680274963,0.13090908527374268
YDR500C,YER015W,0,1.8490798,0.24196375906467438,0.41818180680274963,0.13101010024547577
YDR100W,YDR244W,0,1.8489599,0.24182243645191193,0.41818180680274963,0.13111111521720886
YIL106W,YKL032C,0,1.8486137,0.2416812628507614,0.41818180680274963,0.13121211528778076
YHR170W,YGR044C,0,1.8484483,0.24154025316238403,0.41818180680274963,0.13131313025951385
YDR375C,YML061C,1,1.8481195,0.24198250472545624,0.4191919267177582,0.13131313025951385
YBL007C,YNR037C,0,1.8480282,0.24184149503707886,0.4191919267177582,0.13141414523124695
YLR417W,YCR044C,0,1.8474212,0.24170063436031342,0.4191919267177582,0.13151514530181885
YDR471W,YMR242C,0,1.8473482,0.2415599524974823,0.4191919267177582,0.13161616027355194
YPR055W,YDL220C,0,1.8471208,0.24141943454742432,0.4191919267177582,0.13171717524528503
YKL045W,YLR118C,0,1.8465797,0.24127906560897827,0.4191919267177582,0.13181817531585693
YHR106W,YPL040C,0,1.8465621,0.24113887548446655,0.4191919267177582,0.13191919028759003
YNL031C,YDL189W,0,1.845906,0.24099883437156677,0.4191919267177582,0.13202020525932312
YNL173C,YDR284C,0,1.8457214,0.24085897207260132,0.4191919267177582,0.13212120532989502
YJL045W,YDR434W,0,1.8455567,0.2407192587852478,0.4191919267177582,0.1322222203016281
YOL011W,YPR133C,0,1.8449667,0.24057970941066742,0.4191919267177582,0.1323232352733612
YJR102C,YGR165W,0,1.8444996,0.24044032394886017,0.4191919267177582,0.1324242353439331
YDR345C,YER028C,0,1.8422786,0.24030110239982605,0.4191919267177582,0.1325252503156662
YER023W,YGL107C,0,1.8419601,0.24016202986240387,0.4191919267177582,0.1326262652873993
YLL031C,YJR035W,0,1.8419416,0.24002313613891602,0.4191919267177582,0.1327272653579712
YDL220C,YGL087C,0,1.8412503,0.2398843914270401,0.4191919267177582,0.13282828032970428
YPL116W,YGL076C,0,1.8400747,0.23974581062793732,0.4191919267177582,0.13292929530143738
YOL009C,YJR118C,1,1.840014,0.2401847541332245,0.42020201683044434,0.13292929530143738
YDR381W,YKL087C,0,1.8394424,0.2400461584329605,0.42020201683044434,0.13303031027317047
YER179W,YPL161C,0,1.8387719,0.23990772664546967,0.42020201683044434,0.13313131034374237
YKL062W,YKL029C,0,1.8387403,0.23976945877075195,0.42020201683044434,0.13323232531547546
YML107C,YDR399W,0,1.8384311,0.23963133990764618,0.42020201683044434,0.13333334028720856
YOR177C,YJR035W,0,1.8382885,0.23949338495731354,0.42020201683044434,0.13343434035778046
YGR174C,YOL076W,1,1.8377765,0.23993095755577087,0.4212121069431305,0.13343434035778046
YER063W,YBL047C,0,1.8368254,0.23979298770427704,0.4212121069431305,0.13353535532951355
YPL133C,YER177W,0,1.8365443,0.23965516686439514,0.4212121069431305,0.13363637030124664
YDL106C,YDL154W,0,1.8359069,0.23951752483844757,0.4212121069431305,0.13373737037181854
YOL126C,YML013W,0,1.835519,0.23938001692295074,0.4212121069431305,0.13383838534355164
YPR134W,YCL051W,0,1.8354516,0.23924268782138824,0.4212121069431305,0.13393940031528473
YOR372C,YFR040W,0,1.8354294,0.23910550773143768,0.4212121069431305,0.13404040038585663
YIL056W,YLR409C,0,1.8344084,0.23896847665309906,0.4212121069431305,0.13414141535758972
YGR046W,YOR266W,1,1.8341975,0.2394043505191803,0.42222222685813904,0.13414141535758972
YGL093W,YMR156C,0,1.8337979,0.23926731944084167,0.42222222685813904,0.13424243032932281
YFR031C-A,YIL075C,0,1.8332149,0.239130437374115,0.42222222685813904,0.13434343039989471
YOR358W,YIL123W,0,1.8327774,0.23899370431900024,0.42222222685813904,0.1344444453716278
YGL045W,YMR131C,0,1.8324986,0.23885715007781982,0.42222222685813904,0.1345454603433609
YOR258W,YOR059C,0,1.8319585,0.23872072994709015,0.42222222685813904,0.1346464604139328
YDL072C,YMR125W,0,1.8318824,0.2385844737291336,0.42222222685813904,0.1347474753856659
YMR215W,YLR260W,0,1.8318815,0.2384483814239502,0.42222222685813904,0.134848490357399
YHR001W-A,YDR303C,0,1.8317578,0.23831242322921753,0.42222222685813904,0.1349494904279709
YOL020W,YDL091C,0,1.8317071,0.2381766438484192,0.42222222685813904,0.13505050539970398
YER100W,YLR044C,0,1.8310175,0.2380409985780716,0.42222222685813904,0.13515152037143707
YJL054W,YMR035W,1,1.8304183,0.23847466707229614,0.4232323169708252,0.13515152037143707
YLR435W,YDR317W,0,1.8296294,0.23833902180194855,0.4232323169708252,0.13525252044200897
YOR027W,YPL006W,0,1.8281678,0.2382035255432129,0.4232323169708252,0.13535353541374207
YIL064W,YCL035C,0,1.827405,0.23806817829608917,0.4232323169708252,0.13545455038547516
YPL140C,YDL113C,0,1.8263491,0.2379329949617386,0.4232323169708252,0.13555555045604706
YDR189W,YLR093C,0,1.8261628,0.23779796063899994,0.4232323169708252,0.13565656542778015
YLR011W,YOR259C,0,1.826075,0.23766307532787323,0.4232323169708252,0.13575758039951324
YGL226W,YDR284C,0,1.8257967,0.23752833902835846,0.4232323169708252,0.13585858047008514
YJR049C,YDL018C,0,1.8244096,0.23739376664161682,0.4232323169708252,0.13595959544181824
YDR377W,YDR516C,0,1.8233912,0.23725934326648712,0.4232323169708252,0.13606061041355133
YDR111C,YOR319W,0,1.823046,0.23712506890296936,0.4232323169708252,0.13616161048412323
YBR268W,YOR357C,0,1.8221947,0.23699094355106354,0.4232323169708252,0.13626262545585632
YNL250W,YKL002W,0,1.8219341,0.23685698211193085,0.4232323169708252,0.13636364042758942
YJL089W,YDR002W,0,1.8218868,0.2367231696844101,0.4232323169708252,0.13646464049816132
YOL055C,YPL262W,0,1.8217144,0.2365894913673401,0.4232323169708252,0.1365656554698944
YLR333C,YER178W,0,1.8216122,0.2364559769630432,0.4232323169708252,0.1366666704416275
YIL120W,YCR021C,0,1.820698,0.23632261157035828,0.4232323169708252,0.1367676705121994
YOR316C,YBR109C,0,1.8198273,0.23618939518928528,0.4232323169708252,0.1368686854839325
YOR002W,YDL093W,0,1.8185916,0.2360563427209854,0.4232323169708252,0.1369697004556656
YNL294C,YIL123W,0,1.8176677,0.2359234243631363,0.4232323169708252,0.1370707005262375
YLR150W,YKL079W,0,1.81752,0.2357906550168991,0.4232323169708252,0.13717171549797058
YGL073W,YOL096C,0,1.8173753,0.23565804958343506,0.4232323169708252,0.13727273046970367
YDR490C,YPL061W,0,1.8171196,0.23552557826042175,0.4232323169708252,0.13737373054027557
YPL004C,YNL059C,0,1.8155254,0.23539325594902039,0.4232323169708252,0.13747474551200867
YPL001W,YGR097W,0,1.8148478,0.23526108264923096,0.4232323169708252,0.13757576048374176
YNL294C,YPL173W,0,1.814268,0.23512907326221466,0.4232323169708252,0.13767676055431366
YNL294C,YHR190W,0,1.8139285,0.2349971979856491,0.4232323169708252,0.13777777552604675
YPR131C,YGL219C,1,1.8138206,0.23542600870132446,0.42424243688583374,0.13777777552604675
YPL262W,YNL076W,0,1.8135084,0.23529411852359772,0.42424243688583374,0.13787879049777985
YFR050C,YHR193C,0,1.813418,0.2351623773574829,0.42424243688583374,0.13797979056835175
YGR178C,YOL096C,0,1.8123999,0.23503078520298004,0.42424243688583374,0.13808080554008484
YDL247W,YDR204W,0,1.8117366,0.23489932715892792,0.42424243688583374,0.13818182051181793
YOR045W,YMR275C,1,1.8106251,0.23532700538635254,0.4252525269985199,0.13818182051181793
YMR274C,YER167W,0,1.808305,0.23519553244113922,0.4252525269985199,0.13828283548355103
YLR248W,YHL015W,0,1.808043,0.23506420850753784,0.4252525269985199,0.13838383555412292
YMR156C,YGL127C,0,1.8076346,0.2349330335855484,0.4252525269985199,0.13848485052585602
YBR119W,YAL051W,0,1.8068633,0.2348020076751709,0.4252525269985199,0.1385858654975891
YLR193C,YJR118C,1,1.8068168,0.2352285385131836,0.42626261711120605,0.1385858654975891
YOR156C,YBL005W,0,1.8061507,0.2350974977016449,0.42626261711120605,0.138686865568161
YER155C,YCL035C,0,1.8045411,0.23496659100055695,0.42626261711120605,0.1387878805398941
YJL094C,YDR259C,0,1.8044851,0.23483583331108093,0.42626261711120605,0.1388888955116272
YEL019C,YOR086C,0,1.8035471,0.23470522463321686,0.42626261711120605,0.1389898955821991
YLR360W,YBR272C,0,1.8032321,0.23457476496696472,0.42626261711120605,0.1390909105539322
YOR267C,YMR242C,0,1.8031104,0.23444443941116333,0.42626261711120605,0.13919192552566528
YNR055C,YGR245C,0,1.8030798,0.23431426286697388,0.42626261711120605,0.13929292559623718
YLR059C,YLR190W,1,1.8029165,0.23473918437957764,0.4272727370262146,0.13929292559623718
YNL054W,YER143W,0,1.80269,0.2346089780330658,0.4272727370262146,0.13939394056797028
YMR015C,YJL196C,0,1.8025577,0.2344789355993271,0.4272727370262146,0.13949495553970337
YGL045W,YHL015W,0,1.8024458,0.23434902727603912,0.4272727370262146,0.13959595561027527
YLL031C,YEL024W,0,1.802249,0.2342192679643631,0.4272727370262146,0.13969697058200836
YIL156W,YNL180C,0,1.8018804,0.234089657664299,0.4272727370262146,0.13979798555374146
YBR169C,YER015W,0,1.801542,0.23396018147468567,0.4272727370262146,0.13989898562431335
YCR091W,YPR169W,0,1.8010433,0.23383083939552307,0.4272727370262146,0.14000000059604645
YKL069W,YJR108W,0,1.8008193,0.2337016612291336,0.4272727370262146,0.14010101556777954
YMR041C,YMR001C,0,1.8004373,0.23357261717319489,0.4272727370262146,0.14020201563835144
YIL154C,YKR079C,0,1.8002923,0.2334437072277069,0.4272727370262146,0.14030303061008453
YKL194C,YDR292C,0,1.7998261,0.23331494629383087,0.4272727370262146,0.14040404558181763
YDR261C,YMR237W,0,1.7995446,0.23318633437156677,0.4272727370262146,0.14050504565238953
YIL075C,YCR036W,0,1.7994151,0.23305785655975342,0.4272727370262146,0.14060606062412262
YOL009C,YGL219C,1,1.7989882,0.23348017036914825,0.42828282713890076,0.14060606062412262
YKR083C,YER015W,0,1.7983361,0.2333516776561737,0.42828282713890076,0.1407070755958557
YIL153W,YNR033W,0,1.7982609,0.2332233190536499,0.42828282713890076,0.1408080756664276
YOR018W,YBR191W,0,1.7979563,0.23309510946273804,0.42828282713890076,0.1409090906381607
YLR118C,YJL094C,0,1.7974066,0.23296703398227692,0.42828282713890076,0.1410101056098938
YAR042W,YDL220C,0,1.796194,0.23283909261226654,0.42828282713890076,0.1411111056804657
YKL069W,YOR363C,0,1.7954737,0.2327113002538681,0.42828282713890076,0.1412121206521988
YLR093C,YGL240W,0,1.7951696,0.2325836569070816,0.42828282713890076,0.14131313562393188
YGL061C,YOR086C,0,1.7950978,0.23245614767074585,0.42828282713890076,0.14141413569450378
YKR100C,YGL238W,0,1.7949342,0.23232877254486084,0.42828282713890076,0.14151515066623688
YBR119W,YIL148W,0,1.7949102,0.23220153152942657,0.42828282713890076,0.14161616563796997
YFR047C,YLL021W,0,1.7938831,0.23207443952560425,0.42828282713890076,0.14171716570854187
YMR076C,YER044C-A,0,1.7935609,0.23194748163223267,0.42828282713890076,0.14181818068027496
YML120C,YHR190W,0,1.7934496,0.23182067275047302,0.42828282713890076,0.14191919565200806
YKR031C,YPL006W,0,1.7928542,0.23169398307800293,0.42828282713890076,0.14202019572257996
YLR059C,YPL063W,1,1.7924807,0.23211359977722168,0.4292929172515869,0.14202019572257996
YIL043C,YDL046W,0,1.79228,0.2319868952035904,0.4292929172515869,0.14212121069431305
YLL031C,YIL107C,0,1.7922299,0.23186033964157104,0.4292929172515869,0.14222222566604614
YOR045W,YHR194W,1,1.7918794,0.23227916657924652,0.43030303716659546,0.14222222566604614
YIL068C,YBR268W,0,1.7915399,0.23215258121490479,0.43030303716659546,0.14232322573661804
YGR099W,YKL087C,0,1.7903758,0.232026144862175,0.43030303716659546,0.14242424070835114
YML067C,YBL047C,0,1.78982,0.23189984261989594,0.43030303716659546,0.14252525568008423
YGL098W,YDR284C,0,1.7896411,0.23177365958690643,0.43030303716659546,0.14262625575065613
YMR076C,YKR031C,0,1.7896385,0.23164764046669006,0.43030303716659546,0.14272727072238922
YPR173C,YMR234W,0,1.788666,0.23152174055576324,0.43030303716659546,0.14282828569412231
YPR067W,YBR295W,0,1.788245,0.23139597475528717,0.43030303716659546,0.1429292857646942
YDL046W,YFR053C,0,1.7877109,0.23127035796642303,0.43030303716659546,0.1430303007364273
YKL006C-A,YPR007C,0,1.7874733,0.23114487528800964,0.43030303716659546,0.1431313157081604
YDR500C,YBR168W,0,1.7874376,0.231019526720047,0.43030303716659546,0.1432323306798935
YHR150W,YNL180C,0,1.7871444,0.2308943122625351,0.43030303716659546,0.1433333307504654
YLR347C,YCL001W,0,1.7868253,0.23076923191547394,0.43030303716659546,0.1434343457221985
YGR080W,YJL083W,0,1.7863693,0.23064428567886353,0.43030303716659546,0.14353536069393158
YMR232W,YOR034C,0,1.7859771,0.23051947355270386,0.43030303716659546,0.14363636076450348
YLL026W,YJL012C,0,1.7854483,0.23039481043815613,0.43030303716659546,0.14373737573623657
YDL081C,YBR121C,0,1.7852435,0.23027026653289795,0.43030303716659546,0.14383839070796967
YIR026C,YOR259C,0,1.7851033,0.2301458716392517,0.43030303716659546,0.14393939077854156
YOR380W,YCR065W,0,1.7844524,0.23002159595489502,0.43030303716659546,0.14404040575027466
YMR110C,YPR120C,0,1.7838807,0.22989746928215027,0.43030303716659546,0.14414142072200775
YMR192W,YPL140C,0,1.7836838,0.22977346181869507,0.43030303716659546,0.14424242079257965
YLR185W,YKL039W,0,1.7829089,0.2296495884656906,0.43030303716659546,0.14434343576431274
YDR280W,YGR044C,0,1.7822869,0.2295258641242981,0.43030303716659546,0.14444445073604584
YER109C,YHR005C,0,1.7819862,0.22940225899219513,0.43030303716659546,0.14454545080661774
YMR225C,YDR005C,0,1.7817832,0.2292787879705429,0.43030303716659546,0.14464646577835083
YHR073W,YPR100W,0,1.779559,0.22915546596050262,0.43030303716659546,0.14474748075008392
YKL016C,YGR217W,0,1.7779253,0.2290322631597519,0.43030303716659546,0.14484848082065582
YKL014C,YMR053C,0,1.777348,0.2289091944694519,0.43030303716659546,0.14494949579238892
YIL022W,YGR046W,1,1.7772408,0.22932331264019012,0.4313131272792816,0.14494949579238892
YNL246W,YGL198W,0,1.7770075,0.22920021414756775,0.4313131272792816,0.145050510764122
YNR024W,YLR023C,0,1.7769895,0.22907724976539612,0.4313131272792816,0.1451515108346939
YPL004C,YOR247W,0,1.7761158,0.22895441949367523,0.4313131272792816,0.145252525806427
YML120C,YOR132W,0,1.7759748,0.2288317233324051,0.4313131272792816,0.1453535407781601
YDR148C,YJR123W,0,1.7758784,0.2287091612815857,0.4313131272792816,0.145454540848732
YER167W,YLR328W,0,1.7751437,0.22858671844005585,0.4313131272792816,0.1455555558204651
YDR098C,YBR109C,0,1.7737749,0.22846442461013794,0.4313131272792816,0.14565657079219818
YKR085C,YKR034W,0,1.7736241,0.22834224998950958,0.4313131272792816,0.14575757086277008
YDL106C,YBR208C,0,1.7723675,0.22822020947933197,0.4313131272792816,0.14585858583450317
YLR259C,YOL095C,1,1.7718747,0.22863247990608215,0.43232324719429016,0.14585858583450317
YPR110C,YEL039C,0,1.7716115,0.22851040959358215,0.43232324719429016,0.14595960080623627
YNL294C,YPL178W,0,1.7711232,0.2283884733915329,0.43232324719429016,0.14606060087680817
YHR165C,YOR132W,0,1.7706108,0.2282666712999344,0.43232324719429016,0.14616161584854126
YBR211C,YOR065W,0,1.7701353,0.22814498841762543,0.43232324719429016,0.14626263082027435
YPL138C,YLR248W,0,1.7699807,0.2280234396457672,0.43232324719429016,0.14636363089084625
YIL154C,YKL196C,0,1.7699051,0.22790202498435974,0.43232324719429016,0.14646464586257935
YNL243W,YOL055C,0,1.76983,0.22778072953224182,0.43232324719429016,0.14656566083431244
YIL156W,YOL055C,0,1.7697704,0.22765956819057465,0.43232324719429016,0.14666666090488434
YLR102C,YMR110C,0,1.769417,0.22753854095935822,0.43232324719429016,0.14676767587661743
YFR024C-A,YOR004W,0,1.7691201,0.22741764783859253,0.43232324719429016,0.14686869084835052
YDR397C,YBL047C,0,1.7691195,0.2272968739271164,0.43232324719429016,0.14696969091892242
YNL062C,YDR317W,0,1.7689055,0.2271762192249298,0.43232324719429016,0.14707070589065552
YIL075C,YDR190C,0,1.7685962,0.22705569863319397,0.43232324719429016,0.1471717208623886
YLR249W,YDR438W,0,1.7684432,0.22693531215190887,0.43232324719429016,0.1472727209329605
YOR330C,YIL062C,1,1.7680283,0.22734498977661133,0.4333333373069763,0.1472727209329605
YOL012C,YNL041C,0,1.7655532,0.22722457349300385,0.4333333373069763,0.1473737359046936
YLR377C,YBL087C,0,1.7653252,0.2271042913198471,0.4333333373069763,0.1474747508764267
YKL043W,YKL060C,0,1.7650242,0.22698412835597992,0.4333333373069763,0.1475757509469986
YPL043W,YMR040W,0,1.7647533,0.22686409950256348,0.4333333373069763,0.1476767659187317
YGR170W,YDR268W,0,1.7645972,0.22674418985843658,0.4333333373069763,0.14777778089046478
YPR134W,YBR085W,0,1.7642468,0.22662439942359924,0.4333333373069763,0.14787878096103668
YBR130C,YPL234C,0,1.7637395,0.22650475800037384,0.4333333373069763,0.14797979593276978
YMR261C,YNL029C,0,1.7634814,0.2263852208852768,0.4333333373069763,0.14808081090450287
YLR299W,YKL039W,0,1.7630929,0.2262658178806305,0.4333333373069763,0.14818181097507477
YDR176W,YNR033W,0,1.7628442,0.22614654898643494,0.4333333373069763,0.14828282594680786
YBR049C,YBR149W,0,1.7626743,0.22602739930152893,0.4333333373069763,0.14838384091854095
YDL189W,YHR001W-A,0,1.7620528,0.22590836882591248,0.4333333373069763,0.14848485589027405
YER179W,YMR215W,0,1.7618854,0.22578947246074677,0.4333333373069763,0.14858585596084595
YBL051C,YLR023C,0,1.7618008,0.2256706953048706,0.4333333373069763,0.14868687093257904
YPR007C,YNL216W,0,1.7612857,0.2255520522594452,0.4333333373069763,0.14878788590431213
YKL060C,YDR021W,0,1.7611184,0.22543352842330933,0.4333333373069763,0.14888888597488403
YGL028C,YCR021C,0,1.7601293,0.225315123796463,0.4333333373069763,0.14898990094661713
YOR087W,YDR289C,0,1.7593555,0.22519685328006744,0.4333333373069763,0.14909091591835022
YPR110C,YIL087C,0,1.7580507,0.22507870197296143,0.4333333373069763,0.14919191598892212
YPR106W,YLR249W,0,1.758046,0.22496066987514496,0.4333333373069763,0.1492929309606552
YLL024C,YCR021C,0,1.7578926,0.22484277188777924,0.4333333373069763,0.1493939459323883
YLR060W,YLR292C,0,1.7578138,0.22472499310970306,0.4333333373069763,0.1494949460029602
YHR170W,YLR299W,0,1.7568004,0.22460733354091644,0.4333333373069763,0.1495959609746933
YKL045W,YMR125W,0,1.7561793,0.22448979318141937,0.4333333373069763,0.1496969759464264
YLR315W,YKL080W,0,1.755357,0.22437238693237305,0.4333333373069763,0.1497979760169983
YML041C,YBR003W,0,1.7549235,0.22425509989261627,0.4333333373069763,0.14989899098873138
YPL120W,YIL008W,0,1.7548916,0.22413793206214905,0.4333333373069763,0.15000000596046448
YLR417W,YER178W,0,1.7545983,0.22402088344097137,0.4333333373069763,0.15010100603103638
YLR075W,YGR044C,0,1.7536088,0.22390396893024445,0.4333333373069763,0.15020202100276947
YBL080C,YPL137C,0,1.7533572,0.22378717362880707,0.4333333373069763,0.15030303597450256
YIL037C,YNR037C,0,1.7528698,0.22367049753665924,0.4333333373069763,0.15040403604507446
YDR039C,YDR227W,0,1.7526426,0.22355394065380096,0.4333333373069763,0.15050505101680756
YLL024C,YBR043C,0,1.7523433,0.22343750298023224,0.4333333373069763,0.15060606598854065
YIL022W,YGR082W,1,1.7522776,0.22384174168109894,0.4343434274196625,0.15060606598854065
YFL026W,YHR014W,0,1.7520564,0.22372528910636902,0.4343434274196625,0.15070706605911255
YDR150W,YPL063W,1,1.7520465,0.22412896156311035,0.435353547334671,0.15070706605911255
YOR060C,YBR212W,1,1.7518452,0.22453223168849945,0.4363636374473572,0.15070706605911255
YDL072C,YBR119W,0,1.7516615,0.224415585398674,0.4363636374473572,0.15080808103084564
YPR188C,YCR024C,0,1.7510252,0.22429905831813812,0.4363636374473572,0.15090909600257874
YLL018C,YKL196C,0,1.7508466,0.22418266534805298,0.4363636374473572,0.15101009607315063
YOR117W,YOL059W,0,1.7508166,0.22406639158725739,0.4363636374473572,0.15111111104488373
YGR224W,YER081W,0,1.7506945,0.22395023703575134,0.4363636374473572,0.15121212601661682
YML011C,YNR037C,0,1.7506653,0.22383420169353485,0.4363636374473572,0.15131312608718872
YJL013C,YOR172W,0,1.7504901,0.2237182855606079,0.4363636374473572,0.15141414105892181
YPL239W,YKL192C,0,1.7499785,0.22360248863697052,0.4363636374473572,0.1515151560306549
YJR132W,YCR091W,0,1.749763,0.22348681092262268,0.4363636374473572,0.1516161561012268
YGL005C,YDR289C,0,1.7493713,0.2233712524175644,0.4363636374473572,0.1517171710729599
YLR248W,YMR131C,0,1.7493601,0.22325581312179565,0.4363636374473572,0.151818186044693
YCR036W,YGL195W,0,1.7493207,0.22314049303531647,0.4363636374473572,0.1519191861152649
YDR375C,YLL006W,1,1.7490866,0.22354155778884888,0.43737372756004333,0.1519191861152649
YPR134W,YMR207C,0,1.7490652,0.2234262079000473,0.43737372756004333,0.15202020108699799
YML061C,YLR190W,1,1.7487757,0.22382672131061554,0.4383838474750519,0.15202020108699799
YLL021W,YHR190W,0,1.7487063,0.22371134161949158,0.4383838474750519,0.15212121605873108
YKL150W,YBL091C,0,1.746894,0.22359608113765717,0.4383838474750519,0.15222221612930298
YNL036W,YOL052C-A,0,1.7468302,0.2234809547662735,0.4383838474750519,0.15232323110103607
YLR333C,YOL116W,0,1.7464682,0.2233659327030182,0.4383838474750519,0.15242424607276917
YFR031C-A,YJL045W,0,1.7463182,0.22325102984905243,0.4383838474750519,0.15252524614334106
YGR253C,YJL197W,0,1.7453027,0.22313624620437622,0.4383838474750519,0.15262626111507416
YAL028W,YLR220W,0,1.7450892,0.22302158176898956,0.4383838474750519,0.15272727608680725
YPL140C,YDR284C,0,1.7450647,0.22290703654289246,0.4383838474750519,0.15282827615737915
YDR150W,YLL006W,1,1.7445662,0.22330595552921295,0.43939393758773804,0.15282827615737915
YBR046C,YIR026C,0,1.7444597,0.22319138050079346,0.43939393758773804,0.15292929112911224
YDR515W,YDL243C,0,1.743781,0.2230769246816635,0.43939393758773804,0.15303030610084534
YPL203W,YPL253C,0,1.7433387,0.22296258807182312,0.43939393758773804,0.15313130617141724
YDR098C,YPR055W,0,1.7428958,0.22284835577011108,0.43939393758773804,0.15323232114315033
YDR261C,YGL129C,0,1.7426627,0.2227342575788498,0.43939393758773804,0.15333333611488342
YGR120C,YNR033W,0,1.7425377,0.22262026369571686,0.43939393758773804,0.15343433618545532
YHL028W,YBR254C,0,1.7423089,0.22250638902187347,0.43939393758773804,0.15353535115718842
YPL021W,YMR237W,0,1.7411257,0.22239263355731964,0.43939393758773804,0.1536363661289215
YLR293C,YGL078C,0,1.7407048,0.22227899730205536,0.43939393758773804,0.1537373811006546
YLR083C,YDR350C,0,1.7405791,0.22216548025608063,0.43939393758773804,0.1538383811712265
YEL005C,YPL004C,0,1.7401371,0.22205206751823425,0.43939393758773804,0.1539393961429596
YLR056W,YOR059C,0,1.7395962,0.22193877398967743,0.43939393758773804,0.1540404111146927
YDR490C,YDR361C,0,1.7393678,0.22182559967041016,0.43939393758773804,0.1541414111852646
YCR086W,YKL087C,0,1.73889,0.22171254456043243,0.43939393758773804,0.15424242615699768
YPL215W,YHR194W,1,1.7388475,0.22210901975631714,0.4404040277004242,0.15424242615699768
YGL076C,YPR106W,0,1.7386721,0.22199591994285583,0.4404040277004242,0.15434344112873077
YJR117W,YIL043C,0,1.73862,0.22188295423984528,0.4404040277004242,0.15444444119930267
YML120C,YHL003C,0,1.7384634,0.22177009284496307,0.4404040277004242,0.15454545617103577
YNL031C,YER028C,0,1.7378488,0.22165735065937042,0.4404040277004242,0.15464647114276886
YLL006W,YOR330C,1,1.7374568,0.22205284237861633,0.44141414761543274,0.15464647114276886
YKL006W,YPL235W,0,1.7356558,0.2219400703907013,0.44141414761543274,0.15474747121334076
YOR090C,YBR162W-A,0,1.7354448,0.2218274176120758,0.44141414761543274,0.15484848618507385
YGR212W,YGR097W,0,1.735238,0.22171486914157867,0.44141414761543274,0.15494950115680695
YDL247W,YOR247W,0,1.7350967,0.2216024398803711,0.44141414761543274,0.15505050122737885
YDR398W,YGL144C,0,1.7342557,0.22149011492729187,0.44141414761543274,0.15515151619911194
YJR046W,YDR045C,0,1.7337132,0.2213779091835022,0.44141414761543274,0.15525253117084503
YHR146W,YPR180W,0,1.7332292,0.22126582264900208,0.44141414761543274,0.15535353124141693
YIL013C,YMR237W,0,1.7322445,0.2211538404226303,0.44141414761543274,0.15545454621315002
YGL196W,YJR117W,0,1.7317245,0.2210419774055481,0.44141414761543274,0.15555556118488312
YGR204W,YML127W,0,1.7315607,0.22093023359775543,0.44141414761543274,0.15565656125545502
YKL045W,YER155C,0,1.7312204,0.22081859409809113,0.44141414761543274,0.1557575762271881
YPR100W,YMR313C,0,1.7306509,0.22070707380771637,0.44141414761543274,0.1558585911989212
YLR093C,YLR196W,0,1.7306005,0.22059565782546997,0.44141414761543274,0.1559595912694931
YIL156W,YCL051W,0,1.7294457,0.22048436105251312,0.44141414761543274,0.1560606062412262
YPR067W,YOL042W,0,1.7292359,0.22037316858768463,0.44141414761543274,0.1561616212129593
YNL180C,YDR246W,0,1.7288595,0.2202620953321457,0.44141414761543274,0.1562626212835312
YBR101C,YCL051W,0,1.7279372,0.2201511263847351,0.44141414761543274,0.15636363625526428
YLR006C,YOR357C,0,1.7277387,0.22004027664661407,0.44141414761543274,0.15646465122699738
YDR422C,YDR080W,0,1.7275451,0.2199295461177826,0.44141414761543274,0.15656565129756927
YPL224C,YPL176C,0,1.7268437,0.21981891989707947,0.44141414761543274,0.15666666626930237
YPR010C,YMR237W,0,1.7267439,0.2197083979845047,0.44141414761543274,0.15676768124103546
YPL105C,YOL055C,0,1.7267091,0.21959799528121948,0.44141414761543274,0.15686868131160736
YER159C,YDR317W,0,1.7263576,0.21948769688606262,0.44141414761543274,0.15696969628334045
YNL031C,YDR422C,0,1.7249953,0.21937750279903412,0.44141414761543274,0.15707071125507355
YHR096C,YKL197C,0,1.7246242,0.21926744282245636,0.44141414761543274,0.15717171132564545
YOR002W,YDR025W,0,1.7245178,0.21915747225284576,0.44141414761543274,0.15727272629737854
YDR384C,YOR059C,0,1.7244974,0.21904762089252472,0.44141414761543274,0.15737374126911163
YDL113C,YDR176W,0,1.7243302,0.21893787384033203,0.44141414761543274,0.15747474133968353
YKL141W,YLR056W,0,1.7232435,0.2188282459974289,0.44141414761543274,0.15757575631141663
YNL051W,YKL069W,0,1.7223704,0.2187187224626541,0.44141414761543274,0.15767677128314972
YLR288C,YBR162C,0,1.7218955,0.2186093032360077,0.44141414761543274,0.15777777135372162
YKL087C,YGL195W,0,1.7215116,0.21850000321865082,0.44141414761543274,0.1578787863254547
YDR386W,YHR193C,0,1.7213464,0.2183908075094223,0.44141414761543274,0.1579798012971878
YML120C,YLR196W,0,1.7213438,0.21828171610832214,0.44141414761543274,0.1580808013677597
YGR254W,YPR057W,0,1.721291,0.21817274391651154,0.44141414761543274,0.1581818163394928
YDR234W,YLR292C,0,1.7210879,0.21806387603282928,0.44141414761543274,0.1582828313112259
YOR192C,YBL038W,0,1.7206576,0.2179551124572754,0.44141414761543274,0.1583838313817978
YMR275C,YOR060C,1,1.720653,0.21834497153759003,0.4424242377281189,0.1583838313817978
YHR204W,YCL067C,0,1.7204046,0.21823617815971375,0.4424242377281189,0.15848484635353088
YGL139W,YDL046W,0,1.7201617,0.21812748908996582,0.4424242377281189,0.15858586132526398
YKL058W,YMR237W,0,1.719496,0.21801891922950745,0.4424242377281189,0.15868686139583588
YKL087C,YLR292C,0,1.7193658,0.21791045367717743,0.4424242377281189,0.15878787636756897
YOR002W,YGL053W,0,1.719281,0.21780209243297577,0.4424242377281189,0.15888889133930206
YJR049C,YEL027W,0,1.7190382,0.21769383549690247,0.4424242377281189,0.15898990631103516
YKR034W,YGR129W,0,1.7175016,0.2175856977701187,0.4424242377281189,0.15909090638160706
YDR246W,YMR149W,0,1.7167743,0.21747764945030212,0.4424242377281189,0.15919192135334015
YKR093W,YBR107C,0,1.7164972,0.21736972033977509,0.4424242377281189,0.15929293632507324
YPL116W,YOR136W,0,1.7160528,0.2172619104385376,0.4424242377281189,0.15939393639564514
YDR325W,YJL174W,0,1.7159925,0.21715418994426727,0.4424242377281189,0.15949495136737823
YLR324W,YGL111W,0,1.71598,0.2170465737581253,0.4424242377281189,0.15959596633911133
YKL062W,YHR158C,0,1.7159772,0.2169390767812729,0.4424242377281189,0.15969696640968323
YNL103W,YPL207W,0,1.7159107,0.21683168411254883,0.4424242377281189,0.15979798138141632
YBR054W,YPL248C,0,1.7157097,0.21672439575195312,0.4424242377281189,0.15989899635314941
YNL041C,YNL317W,0,1.7152275,0.21661721169948578,0.4424242377281189,0.1599999964237213
YPL203W,YKR095W,0,1.7148412,0.2165101319551468,0.4424242377281189,0.1601010113954544
YDR482C,YGR260W,0,1.71403,0.21640315651893616,0.4424242377281189,0.1602020263671875
YLR059C,YNL055C,1,1.7139568,0.2167901247739792,0.44343435764312744,0.1602020263671875
YDL230W,YGL005C,0,1.7136482,0.21668311953544617,0.44343435764312744,0.1603030264377594
YOR002W,YMR177W,0,1.7135128,0.2165762186050415,0.44343435764312744,0.1604040414094925
YMR041C,YBR188C,0,1.7134262,0.2164694219827652,0.44343435764312744,0.16050505638122559
YMR261C,YDR078C,0,1.7131019,0.21636274456977844,0.44343435764312744,0.16060605645179749
YDR435C,YMR149W,0,1.7130674,0.21625615656375885,0.44343435764312744,0.16070707142353058
YMR063W,YKL192C,0,1.7129995,0.21614967286586761,0.44343435764312744,0.16080808639526367
YPL179W,YNR037C,0,1.7129953,0.21604330837726593,0.44343435764312744,0.16090908646583557
YHR096C,YHR133C,0,1.7128558,0.2159370332956314,0.44343435764312744,0.16101010143756866
YDR145W,YKR034W,0,1.7121778,0.21583087742328644,0.44343435764312744,0.16111111640930176
YIL156W,YOR078W,0,1.7118495,0.21572481095790863,0.44343435764312744,0.16121211647987366
YKR089C,YKR007W,0,1.711252,0.21561886370182037,0.44343435764312744,0.16131313145160675
YKL138C,YOR254C,0,1.7108021,0.21551300585269928,0.44343435764312744,0.16141414642333984
YKL006C-A,YNL041C,0,1.7107594,0.21540726721286774,0.44343435764312744,0.16151514649391174
YLR167W,YDL135C,0,1.7091439,0.21530161798000336,0.44343435764312744,0.16161616146564484
YPR133C,YJL001W,0,1.7090178,0.21519607305526733,0.44343435764312744,0.16171717643737793
YMR242C,YJL196C,0,1.7087376,0.21509064733982086,0.44343435764312744,0.16181817650794983
YCL044C,YMR230W,0,1.7079577,0.21498531103134155,0.44343435764312744,0.16191919147968292
YGR120C,YLR363C,0,1.7065088,0.2148800790309906,0.44343435764312744,0.16202020645141602
YMR286W,YIL106W,0,1.7050581,0.214774951338768,0.44343435764312744,0.16212120652198792
YDR434W,YBR112C,0,1.7048233,0.21466992795467377,0.44343435764312744,0.162222221493721
YHR108W,YOR032C,0,1.704088,0.21456500887870789,0.44343435764312744,0.1623232364654541
YGR174C,YLL006W,1,1.703875,0.21494869887828827,0.4444444477558136,0.1623232364654541
YGR165W,YER159C,0,1.70261,0.21484375,0.4444444477558136,0.162424236536026
YJL089W,YKR049C,0,1.702565,0.2147388905286789,0.4444444477558136,0.1625252515077591
YIL037C,YBR107C,0,1.7024785,0.21463415026664734,0.4444444477558136,0.1626262664794922
YGR046W,YHR194W,1,1.702462,0.21501706540584564,0.44545453786849976,0.1626262664794922
YMR063W,YBR107C,0,1.7019614,0.2149122804403305,0.44545453786849976,0.1627272665500641
YGL126W,YER143W,0,1.7018738,0.21480759978294373,0.44545453786849976,0.16282828152179718
YHR073W,YIL009W,0,1.7008561,0.2147030234336853,0.44545453786849976,0.16292929649353027
YKL054C,YLR075W,0,1.7005286,0.21459853649139404,0.44545453786849976,0.16303029656410217
YKL197C,YLR075W,0,1.7004313,0.21449416875839233,0.44545453786849976,0.16313131153583527
YEL006W,YPL178W,0,1.7002473,0.2143898904323578,0.44545453786849976,0.16323232650756836
YPL146C,YPL076W,0,1.6999015,0.2142857164144516,0.44545453786849976,0.16333332657814026
YMR205C,YKR079C,0,1.6994629,0.21418164670467377,0.44545453786849976,0.16343434154987335
YNL199C,YGL192W,0,1.6993892,0.2140776664018631,0.44545453786849976,0.16353535652160645
YDL113C,YOR359W,0,1.6991005,0.21397380530834198,0.44545453786849976,0.16363635659217834
YOR091W,YLR324W,0,1.697957,0.21387003362178802,0.44545453786849976,0.16373737156391144
YIL137C,YDR190C,0,1.6976855,0.21376636624336243,0.44545453786849976,0.16383838653564453
YDR023W,YDR406W,0,1.6971982,0.213662788271904,0.44545453786849976,0.16393938660621643
YOL042W,YGL127C,0,1.6971791,0.2135593146085739,0.44545453786849976,0.16404040157794952
YGL053W,YKR083C,0,1.6967478,0.2134559601545334,0.44545453786849976,0.16414141654968262
YNL250W,YPL006W,0,1.6966188,0.21335268020629883,0.44545453786849976,0.1642424315214157
YOL059W,YDR395W,0,1.6965598,0.21324951946735382,0.44545453786849976,0.1643434315919876
YGL115W,YJL035C,0,1.695577,0.21314644813537598,0.44545453786849976,0.1644444465637207
YNR048W,YGL127C,0,1.6954926,0.2130434811115265,0.44545453786849976,0.1645454615354538
YJR042W,YKL006W,0,1.6954216,0.21294060349464417,0.44545453786849976,0.1646464616060257
YOR273C,YPL239W,0,1.6945363,0.2128378450870514,0.44545453786849976,0.1647474765777588
YHR110W,YJL197W,0,1.6941593,0.2127351611852646,0.44545453786849976,0.16484849154949188
YLR249W,YLR060W,0,1.6940789,0.21263259649276733,0.44545453786849976,0.16494949162006378
YLR118C,YBR191W,0,1.693845,0.21253012120723724,0.44545453786849976,0.16505050659179688
YGL006W,YNL118C,0,1.6935754,0.2124277502298355,0.44545453786849976,0.16515152156352997
YOL055C,YMR205C,0,1.6934057,0.21232546865940094,0.44545453786849976,0.16525252163410187
YBR130C,YGR253C,0,1.6919835,0.21222329139709473,0.44545453786849976,0.16535353660583496
YER033C,YKL087C,0,1.6917096,0.21212121844291687,0.44545453786849976,0.16545455157756805
YDR468C,YKR088C,0,1.6913054,0.21201923489570618,0.44545453786849976,0.16555555164813995
YLL018C,YIL144W,0,1.6903082,0.21191734075546265,0.44545453786849976,0.16565656661987305
YGR296W,YDR005C,0,1.6897655,0.21181556582450867,0.44545453786849976,0.16575758159160614
YNL167C,YPL137C,0,1.688981,0.21171388030052185,0.44545453786849976,0.16585858166217804
YOR034C,YDR213W,0,1.6886598,0.2116122841835022,0.44545453786849976,0.16595959663391113
YHR096C,YBR295W,0,1.6881776,0.2115107923746109,0.44545453786849976,0.16606061160564423
YHR154W,YLR361C,0,1.6875932,0.21140938997268677,0.44545453786849976,0.16616161167621613
YOR320C,YDL046W,0,1.6875327,0.211308091878891,0.44545453786849976,0.16626262664794922
YIL118W,YGL144C,0,1.6875005,0.21120689809322357,0.44545453786849976,0.1663636416196823
YKR089C,YKL006W,0,1.6874975,0.21110579371452332,0.44545453786849976,0.1664646416902542
YOR264W,YDR105C,0,1.6858546,0.21100477874279022,0.44545453786849976,0.1665656566619873
YKL149C,YIL053W,0,1.6857255,0.21090386807918549,0.44545453786849976,0.1666666716337204
YPL133C,YLR260W,0,1.685371,0.2108030617237091,0.44545453786849976,0.1667676717042923
YPL115C,YLR363C,0,1.6850463,0.2107023447751999,0.44545453786849976,0.1668686866760254
YOR260W,YNL029C,0,1.6847248,0.21060171723365784,0.44545453786849976,0.16696970164775848
YOR253W,YHR106W,0,1.6845967,0.21050119400024414,0.44545453786849976,0.16707070171833038
YDL081C,YFR024C-A,0,1.6836258,0.2104007601737976,0.44545453786849976,0.16717171669006348
YBR046C,YKL099C,0,1.6828992,0.21030043065547943,0.44545453786849976,0.16727273166179657
YBL056W,YCR086W,0,1.6828091,0.21020019054412842,0.44545453786849976,0.16737373173236847
YHR111W,YBL072C,0,1.682626,0.21010005474090576,0.44545453786849976,0.16747474670410156
YOR316C,YBR149W,0,1.6822253,0.20999999344348907,0.44545453786849976,0.16757576167583466
YDR129C,YOR363C,0,1.6808465,0.20990005135536194,0.44545453786849976,0.16767676174640656
YML057W,YDR273W,0,1.6805428,0.20980018377304077,0.44545453786849976,0.16777777671813965
YBR109C,YGL049C,0,1.6805397,0.20970043540000916,0.44545453786849976,0.16787879168987274
YPL061W,YML055W,0,1.6804664,0.2096007615327835,0.44545453786849976,0.16797979176044464
YBR168W,YNL278W,0,1.6803012,0.20950119197368622,0.44545453786849976,0.16808080673217773
YOR363C,YDL123W,0,1.6802698,0.2094017118215561,0.44545453786849976,0.16818182170391083
YLL018C,YHR190W,0,1.6799843,0.20930232107639313,0.44545453786849976,0.16828282177448273
YFR027W,YBR060C,0,1.6794769,0.20920303463935852,0.44545453786849976,0.16838383674621582
YKR100C,YGR094W,0,1.6793873,0.20910383760929108,0.44545453786849976,0.1684848517179489
YKL129C,YOR258W,0,1.6791902,0.209004744887352,0.44545453786849976,0.1685858517885208
YDR398W,YKL087C,0,1.6784315,0.20890572667121887,0.44545453786849976,0.1686868667602539
YOR207C,YBR131W,0,1.6781951,0.2088068127632141,0.44545453786849976,0.168787881731987
YAL048C,YPL063W,1,1.677541,0.2091812640428543,0.4464646577835083,0.168787881731987
YOR177C,YAL007C,0,1.6775267,0.20908230543136597,0.4464646577835083,0.1688888818025589
YDL240W,YLR324W,0,1.6769819,0.20898345112800598,0.4464646577835083,0.168989896774292
YJR084W,YLR060W,0,1.6769394,0.20888468623161316,0.4464646577835083,0.16909091174602509
YDL220C,YDL154W,0,1.6766145,0.2087860107421875,0.4464646577835083,0.16919191181659698
YOL069W,YHR158C,0,1.6763253,0.2086874395608902,0.4464646577835083,0.16929292678833008
YDR145W,YMR059W,0,1.6762471,0.20858895778656006,0.4464646577835083,0.16939394176006317
YDR078C,YBL072C,0,1.6762458,0.20849056541919708,0.4464646577835083,0.16949495673179626
YGL006W,YIL148W,0,1.6762385,0.20839226245880127,0.4464646577835083,0.16959595680236816
YFR047C,YML076C,0,1.676151,0.2082940638065338,0.4464646577835083,0.16969697177410126
YER093C,YNR030W,0,1.6758347,0.20819595456123352,0.4464646577835083,0.16979798674583435
YOR330C,YOL095C,1,1.6757405,0.20856873691082,0.44747474789619446,0.16979798674583435
YDL098C,YDR381W,0,1.6756685,0.20847058296203613,0.44747474789619446,0.16989898681640625
YHR190W,YLR328W,0,1.6756666,0.20837253332138062,0.44747474789619446,0.17000000178813934
YJR109C,YPL207W,0,1.6754973,0.20827455818653107,0.44747474789619446,0.17010101675987244
YDL223C,YPL006W,0,1.6751895,0.20817668735980988,0.44747474789619446,0.17020201683044434
YBL063W,YLR093C,0,1.6745046,0.20807890594005585,0.44747474789619446,0.17030303180217743
YKR034W,YPR169W,0,1.6744647,0.20798121392726898,0.44747474789619446,0.17040404677391052
YER041W,YGL058W,0,1.6740447,0.20788362622261047,0.44747474789619446,0.17050504684448242
YPL207W,YDR276C,0,1.6738636,0.20778611302375793,0.44747474789619446,0.17060606181621552
YDR482C,YKL040C,0,1.6737792,0.20768870413303375,0.44747474789619446,0.1707070767879486
YJL186W,YLR054C,0,1.6730585,0.20759138464927673,0.44747474789619446,0.1708080768585205
YHR165C,YOR195W,0,1.6716655,0.20749413967132568,0.44747474789619446,0.1709090918302536
YHR108W,YOL135C,0,1.6715794,0.207396999001503,0.44747474789619446,0.1710101068019867
YPR154W,YKL141W,0,1.671164,0.20729994773864746,0.44747474789619446,0.1711111068725586
YPL058C,YPR169W,0,1.6710182,0.2072030007839203,0.44747474789619446,0.1712121218442917
YPL105C,YLR019W,0,1.670107,0.20710612833499908,0.44747474789619446,0.17131313681602478
YIL013C,YKR083C,0,1.6698332,0.20700934529304504,0.44747474789619446,0.17141413688659668
YLR324W,YDR397C,0,1.6687355,0.20691265165805817,0.44747474789619446,0.17151515185832977
YGL045W,YPL117C,0,1.6686164,0.20681606233119965,0.44747474789619446,0.17161616683006287
YDL220C,YPR034W,0,1.6684678,0.2067195475101471,0.44747474789619446,0.17171716690063477
YGR244C,YLR249W,0,1.66808,0.2066231369972229,0.44747474789619446,0.17181818187236786
YCL017C,YIL069C,0,1.6667888,0.20652680099010468,0.44747474789619446,0.17191919684410095
YPL215W,YML061C,1,1.6664782,0.2068965584039688,0.4484848380088806,0.17191919684410095
YNL041C,YOL135C,0,1.6663679,0.2068001925945282,0.4484848380088806,0.17202019691467285
YMR158W,YDR105C,0,1.666136,0.20670391619205475,0.4484848380088806,0.17212121188640594
YLR006C,YOR320C,0,1.6652129,0.20660772919654846,0.4484848380088806,0.17222222685813904
YFR010W,YDR204W,0,1.6650208,0.20651163160800934,0.4484848380088806,0.17232322692871094
YNL031C,YLR277C,0,1.6650169,0.20641562342643738,0.4484848380088806,0.17242424190044403
YKL052C,YNL156C,0,1.6642934,0.20631970465183258,0.4484848380088806,0.17252525687217712
YPL207W,YLR299W,0,1.6639915,0.20622387528419495,0.4484848380088806,0.17262625694274902
YER177W,YER102W,0,1.6637089,0.20612813532352448,0.4484848380088806,0.17272727191448212
YGL189C,YMR053C,0,1.6627812,0.20603248476982117,0.4484848380088806,0.1728282868862152
YFL026W,YPL175W,0,1.6626058,0.20593692362308502,0.4484848380088806,0.1729292869567871
YDR005C,YHR133C,0,1.6618037,0.20584145188331604,0.4484848380088806,0.1730303019285202
YIL153W,YDR080W,0,1.6613073,0.20574605464935303,0.4484848380088806,0.1731313169002533
YLR102C,YGL192W,0,1.6608258,0.20565076172351837,0.4484848380088806,0.1732323169708252
YOR250C,YBR168W,0,1.6606122,0.20555555820465088,0.4484848380088806,0.1733333319425583
YDR422C,YKL145W,0,1.6601503,0.20546042919158936,0.4484848380088806,0.17343434691429138
YBL056W,YLR011W,0,1.6599315,0.2053654044866562,0.4484848380088806,0.17353534698486328
YHR201C,YFR030W,0,1.6597837,0.205270454287529,0.4484848380088806,0.17363636195659637
YPR169W,YHR106W,0,1.6589777,0.20517559349536896,0.4484848380088806,0.17373737692832947
YOR241W,YKL138C,0,1.6588426,0.20508083701133728,0.4484848380088806,0.17383837699890137
YPR055W,YJL212C,0,1.6586461,0.20498615503311157,0.4484848380088806,0.17393939197063446
YFL049W,YLR060W,0,1.6584029,0.20489156246185303,0.4484848380088806,0.17404040694236755
YHR110W,YJL003W,0,1.6561341,0.20479704439640045,0.4484848380088806,0.17414140701293945
YNL025C,YMR156C,0,1.6560436,0.20470263063907623,0.4484848380088806,0.17424242198467255
YMR195W,YBL091C,0,1.6559098,0.20460829138755798,0.4484848380088806,0.17434343695640564
YLR288C,YNR053C,0,1.6557167,0.2045140415430069,0.4484848380088806,0.17444443702697754
YIL007C,YOR059C,0,1.655421,0.20441989600658417,0.4484848380088806,0.17454545199871063
YOR380W,YIR019C,0,1.6547606,0.2043258100748062,0.4484848380088806,0.17464646697044373
YDL230W,YDR075W,0,1.6546601,0.20423182845115662,0.4484848380088806,0.17474748194217682
YIL148W,YDR246W,0,1.6540576,0.20413793623447418,0.4484848380088806,0.17484848201274872
YHL025W,YBR168W,0,1.6540279,0.20404411852359772,0.4484848380088806,0.1749494969844818
YNL094W,YPL006W,0,1.6537732,0.20395039021968842,0.4484848380088806,0.1750505119562149
YDR427W,YLR023C,0,1.6537123,0.20385675132274628,0.4484848380088806,0.1751515120267868
YKL079W,YGR040W,0,1.6525236,0.2037631869316101,0.4484848380088806,0.1752525269985199
YPL156C,YOR259C,0,1.6523015,0.2036697268486023,0.4484848380088806,0.175353541970253
YNL054W,YDL046W,0,1.6510477,0.20357634127140045,0.4484848380088806,0.1754545420408249
YDR148C,YNL118C,0,1.6504893,0.20348304510116577,0.4484848380088806,0.17555555701255798
YHR139C,YNL048W,0,1.6502475,0.20338982343673706,0.4484848380088806,0.17565657198429108
YPR169W,YBR146W,0,1.6499852,0.2032967060804367,0.4484848380088806,0.17575757205486298
YGR212W,YDR201W,0,1.6497808,0.20320366322994232,0.4484848380088806,0.17585858702659607
YGR204W,YBR060C,0,1.6497504,0.2031107097864151,0.4484848380088806,0.17595960199832916
YGL167C,YBL051C,0,1.6497004,0.20301783084869385,0.4484848380088806,0.17606060206890106
YCL017C,YBR181C,0,1.6490896,0.20292504131793976,0.4484848380088806,0.17616161704063416
YGL025C,YKR083C,0,1.6487134,0.20283234119415283,0.4484848380088806,0.17626263201236725
YBL056W,YDR301W,0,1.6482074,0.20273973047733307,0.4484848380088806,0.17636363208293915
YDL240W,YGL196W,0,1.6479607,0.20264719426631927,0.4484848380088806,0.17646464705467224
YLR059C,YPR131C,1,1.6478319,0.2030109465122223,0.44949495792388916,0.17646464705467224
YML031W,YLL057C,0,1.6464137,0.2029183804988861,0.44949495792388916,0.17656566202640533
YEL005C,YCR005C,0,1.6462891,0.2028258889913559,0.44949495792388916,0.17666666209697723
YNL287W,YMR156C,0,1.6454263,0.20273348689079285,0.44949495792388916,0.17676767706871033
YIL119C,YDL093W,0,1.6453128,0.20264115929603577,0.44949495792388916,0.17686869204044342
YHL028W,YCR063W,0,1.644237,0.20254893600940704,0.44949495792388916,0.17696969211101532
YLR220W,YOR253W,0,1.643308,0.2024567723274231,0.44949495792388916,0.1770707070827484
YGL098W,YLR432W,0,1.6430814,0.2023647129535675,0.44949495792388916,0.1771717220544815
YPL224C,YOR086C,0,1.642181,0.20227272808551788,0.44949495792388916,0.1772727221250534
YPL100W,YER015W,0,1.6416581,0.20218083262443542,0.44949495792388916,0.1773737370967865
YAL056W,YKR077W,0,1.6408896,0.20208901166915894,0.44949495792388916,0.1774747520685196
YPR154W,YDR398W,0,1.6402746,0.2019972801208496,0.44949495792388916,0.1775757521390915
YDR490C,YGL104C,0,1.6400568,0.20190562307834625,0.44949495792388916,0.17767676711082458
YDL072C,YJL094C,0,1.6400411,0.20181405544281006,0.44949495792388916,0.17777778208255768
YOR045W,YAL048C,1,1.6400292,0.20217588543891907,0.4505050480365753,0.17777778208255768
YCR031C,YBR295W,0,1.6399225,0.2020842730998993,0.4505050480365753,0.17787878215312958
YOR018W,YKL069W,0,1.6398952,0.20199275016784668,0.4505050480365753,0.17797979712486267
YHR088W,YER178W,0,1.6398348,0.20190131664276123,0.4505050480365753,0.17808081209659576
YDR091C,YMR081C,0,1.6395187,0.20180995762348175,0.4505050480365753,0.17818181216716766
YOR045W,YML061C,1,1.6391951,0.2021709680557251,0.4515151381492615,0.17818181216716766
YLR059C,YLL006W,1,1.6386092,0.20253165066242218,0.45252525806427,0.17818181216716766
YBR181C,YBR003W,0,1.6381521,0.20244012773036957,0.45252525806427,0.17828282713890076
YOR266W,YHR194W,1,1.6377312,0.20280036330223083,0.4535353481769562,0.17828282713890076
YKL081W,YNR055C,0,1.6368309,0.20270881056785583,0.4535353481769562,0.17838384211063385
YGL189C,YDR439W,0,1.6360052,0.2026173323392868,0.4535353481769562,0.17848484218120575
YDL100C,YOR358W,0,1.6356401,0.20252592861652374,0.4535353481769562,0.17858585715293884
YOR267C,YMR183C,0,1.6351132,0.20243462920188904,0.4535353481769562,0.17868687212467194
YBL035C,YPL248C,0,1.6347185,0.2023434042930603,0.4535353481769562,0.17878787219524384
YOL055C,YBR153W,0,1.6347086,0.20225225389003754,0.4535353481769562,0.17888888716697693
YDR276C,YPL178W,0,1.6344264,0.20216119289398193,0.4535353481769562,0.17898990213871002
YDR235W,YDR091C,0,1.6342442,0.2020702064037323,0.4535353481769562,0.17909090220928192
YFL056C,YLR060W,0,1.6339552,0.20197930932044983,0.4535353481769562,0.17919191718101501
YBL035C,YKL138C,0,1.6337463,0.20188848674297333,0.4535353481769562,0.1792929321527481
YDR145W,YOR026W,0,1.6333215,0.201797753572464,0.4535353481769562,0.17939393222332
YOR117W,YER123W,0,1.633101,0.20170709490776062,0.4535353481769562,0.1794949471950531
YER041W,YNL023C,0,1.6325645,0.20161652565002441,0.4535353481769562,0.1795959621667862
YLR258W,YPR141C,0,1.6324432,0.20152603089809418,0.4535353481769562,0.1796969771385193
YGL076C,YDR213W,0,1.6322595,0.2014356255531311,0.4535353481769562,0.1797979772090912
YER063W,YHR037W,0,1.6315731,0.201345294713974,0.4535353481769562,0.17989899218082428
YLR006C,YLR067C,0,1.6314495,0.20125503838062286,0.4535353481769562,0.18000000715255737
YNL029C,YLR292C,0,1.6313213,0.2011648714542389,0.4535353481769562,0.18010100722312927
YIL008W,YDR395W,0,1.6304348,0.20107479393482208,0.4535353481769562,0.18020202219486237
YKL016C,YLR150W,0,1.6298292,0.20098477602005005,0.4535353481769562,0.18030303716659546
YGR046W,YOR330C,1,1.6297445,0.20134228467941284,0.4545454680919647,0.18030303716659546
YNL103W,YPR199C,0,1.6293397,0.20125223696231842,0.4545454680919647,0.18040403723716736
YDL081C,YNL036W,0,1.6293387,0.20116226375102997,0.4545454680919647,0.18050505220890045
YDR122W,YDL243C,0,1.6286385,0.20107237994670868,0.4545454680919647,0.18060606718063354
YNL286W,YNL048W,0,1.6284772,0.20098258554935455,0.4545454680919647,0.18070706725120544
YIL052C,YPL049C,0,1.628446,0.2008928507566452,0.4545454680919647,0.18080808222293854
YOL020W,YPR133C,0,1.6284184,0.2008032202720642,0.4545454680919647,0.18090909719467163
YGL189C,YLR260W,0,1.628232,0.200713649392128,0.4545454680919647,0.18101009726524353
YPL146C,YMR105C,0,1.628188,0.20062416791915894,0.4545454680919647,0.18111111223697662
YOR045W,YOR060C,1,1.6281592,0.20098039507865906,0.4555555582046509,0.18111111223697662
YOR380W,YBR023C,0,1.627886,0.20089086890220642,0.4555555582046509,0.18121212720870972
YML127W,YDR469W,0,1.6277771,0.20080143213272095,0.4555555582046509,0.18131312727928162
YGL058W,YNR059W,0,1.6274987,0.20071205496788025,0.4555555582046509,0.1814141422510147
YLR102C,YLR011W,0,1.6274616,0.2006227821111679,0.4555555582046509,0.1815151572227478
YMR215W,YDR438W,0,1.6268251,0.20053356885910034,0.4555555582046509,0.1816161572933197
YOR002W,YLR017W,0,1.626607,0.20044444501399994,0.4555555582046509,0.1817171722650528
YCR086W,YKL196C,0,1.6258729,0.2003553956747055,0.4555555582046509,0.1818181872367859
YHR165C,YGL196W,0,1.6254958,0.20026643574237823,0.4555555582046509,0.1819191873073578
YNL161W,YPR086W,0,1.6251061,0.20017753541469574,0.4555555582046509,0.18202020227909088
YPR154W,YGR296W,0,1.6250691,0.2000887244939804,0.4555555582046509,0.18212121725082397
YNL137C,YMR063W,0,1.6250591,0.20000000298023224,0.4555555582046509,0.18222221732139587
YBL080C,YBR094W,0,1.6246753,0.19991134107112885,0.4555555582046509,0.18232323229312897
YHL015W,YGR142W,0,1.6241862,0.19982276856899261,0.4555555582046509,0.18242424726486206
YKL045W,YGR060W,0,1.6240377,0.19973428547382355,0.4555555582046509,0.18252524733543396
YOR129C,YMR156C,0,1.6239583,0.19964586198329926,0.4555555582046509,0.18262626230716705
YDR212W,YDR160W,0,1.6238463,0.19955752789974213,0.4555555582046509,0.18272727727890015
YBR049C,YDL139C,0,1.6235402,0.19946926832199097,0.4555555582046509,0.18282827734947205
YOR192C,YOR271C,0,1.6228915,0.19938108325004578,0.4555555582046509,0.18292929232120514
YDR129C,YDR110W,0,1.6228591,0.19929297268390656,0.4555555582046509,0.18303030729293823
YLR390W-A,YLL024C,0,1.6226436,0.1992049515247345,0.4555555582046509,0.18313130736351013
YNL054W,YOL032W,0,1.6223688,0.1991170048713684,0.4555555582046509,0.18323232233524323
YDR039C,YDR080W,0,1.6223032,0.1990291327238083,0.4555555582046509,0.18333333730697632
YIL148W,YHL021C,0,1.6221511,0.19894133508205414,0.4555555582046509,0.18343433737754822
YGL028C,YER038C,0,1.6220906,0.19885361194610596,0.4555555582046509,0.1835353523492813
YCR031C,YKL005C,0,1.6216767,0.19876597821712494,0.4555555582046509,0.1836363673210144
YNL294C,YGL144C,0,1.6215858,0.1986784189939499,0.4555555582046509,0.1837373673915863
YDR276C,YMR153W,0,1.6212624,0.1985909342765808,0.4555555582046509,0.1838383823633194
YIL069C,YOR254C,0,1.6211064,0.1985035240650177,0.4555555582046509,0.1839393973350525
YCR035C,YOR079C,0,1.6208643,0.19841618835926056,0.4555555582046509,0.1840403974056244
YIL007C,YNL062C,0,1.6207869,0.19832894206047058,0.4555555582046509,0.18414141237735748
YML004C,YNL214W,0,1.6206381,0.19824175536632538,0.4555555582046509,0.18424242734909058
YOR132W,YGL078C,0,1.6204646,0.19815465807914734,0.4555555582046509,0.18434342741966248
YML021C,YDL134C,0,1.619806,0.19806763529777527,0.4555555582046509,0.18444444239139557
YPL043W,YHR110W,0,1.6194692,0.19798068702220917,0.4555555582046509,0.18454545736312866
YIR019C,YDL154W,0,1.6193628,0.19789381325244904,0.4555555582046509,0.18464645743370056
YPL215W,YMR275C,1,1.6187799,0.19824561476707458,0.45656564831733704,0.18464645743370056
YDL230W,YGL061C,0,1.6183877,0.19815869629383087,0.45656564831733704,0.18474747240543365
YHR103W,YEL024W,0,1.6182115,0.19807186722755432,0.45656564831733704,0.18484848737716675
YHL025W,YOR086C,0,1.6179314,0.19798511266708374,0.45656564831733704,0.18494950234889984
YJL054W,YHR024C,1,1.6178664,0.19833625853061676,0.4575757682323456,0.18494950234889984
YGL087C,YHR170W,0,1.617768,0.1982494592666626,0.4575757682323456,0.18505050241947174
YJL012C,YDR468C,0,1.6169517,0.1981627345085144,0.4575757682323456,0.18515151739120483
YJL127C,YLR367W,0,1.6167587,0.19807608425617218,0.4575757682323456,0.18525253236293793
YOR016C,YPL120W,0,1.6167156,0.19798950850963593,0.4575757682323456,0.18535353243350983
YBR054W,YDR268W,0,1.6159984,0.19790300726890564,0.4575757682323456,0.18545454740524292
YEL005C,YIL043C,0,1.6158905,0.19781659543514252,0.4575757682323456,0.185555562376976
YDR160W,YMR050C,0,1.6145751,0.19773024320602417,0.4575757682323456,0.1856565624475479
YKL194C,YIL153W,0,1.6144674,0.19764398038387299,0.4575757682323456,0.185757577419281
YML004C,YJL026W,0,1.614229,0.19755777716636658,0.4575757682323456,0.1858585923910141
YMR242C,YNL068C,0,1.6135731,0.19747166335582733,0.4575757682323456,0.185959592461586
YPR155C,YNR053C,0,1.6131859,0.19738562405109406,0.4575757682323456,0.1860606074333191
YJL110C,YKR052C,0,1.6131544,0.19729964435100555,0.4575757682323456,0.18616162240505219
YHR110W,YBR169C,0,1.6128752,0.19721375405788422,0.4575757682323456,0.18626262247562408
YLR220W,YOR358W,0,1.6124496,0.19712793827056885,0.4575757682323456,0.18636363744735718
YPL221W,YGL107C,0,1.610263,0.19704219698905945,0.4575757682323456,0.18646465241909027
YDL135C,YGL195W,0,1.609821,0.19695651531219482,0.4575757682323456,0.18656565248966217
YOL122C,YDL154W,0,1.6074696,0.19687092304229736,0.4575757682323456,0.18666666746139526
YMR230W,YGL129C,0,1.6069221,0.19678540527820587,0.4575757682323456,0.18676768243312836
YHR201C,YGL058W,0,1.6065792,0.19669996201992035,0.4575757682323456,0.18686868250370026
YBR065C,YJL098W,0,1.6062962,0.1966145783662796,0.4575757682323456,0.18696969747543335
YOR091W,YPR155C,0,1.6061571,0.19652928411960602,0.4575757682323456,0.18707071244716644
YMR192W,YPL280W,0,1.6058692,0.1964440643787384,0.4575757682323456,0.18717171251773834
YKR077W,YDL149W,0,1.6058564,0.19635890424251556,0.4575757682323456,0.18727272748947144
YLL018C,YHL028W,0,1.6056403,0.1962738335132599,0.4575757682323456,0.18737374246120453
YOR380W,YDL223C,0,1.6049588,0.196188822388649,0.4575757682323456,0.18747474253177643
YML086C,YLR292C,0,1.6048906,0.19610390067100525,0.4575757682323456,0.18757575750350952
YGR046W,YOL009C,1,1.6047769,0.19645175337791443,0.45858585834503174,0.18757575750350952
YIL137C,YDR397C,0,1.604722,0.1963667869567871,0.45858585834503174,0.18767677247524261
YCR105W,YER155C,0,1.6046716,0.19628188014030457,0.45858585834503174,0.18777777254581451
YFR047C,YOL078W,0,1.6044244,0.19619706273078918,0.45858585834503174,0.1878787875175476
YNL076W,YJR131W,0,1.6038032,0.19611230492591858,0.45858585834503174,0.1879798024892807
YER007C-A,YMR156C,0,1.6031575,0.19602763652801514,0.45858585834503174,0.1880808025598526
YIR019C,YDR386W,0,1.6026514,0.19594302773475647,0.45858585834503174,0.1881818175315857
YLR059C,YOL095C,1,1.6019531,0.19628991186618805,0.4595959484577179,0.1881818175315857
YKR089C,YPR155C,0,1.6017426,0.1962052583694458,0.4595959484577179,0.1882828325033188
YAR033W,YLR068W,0,1.6016448,0.19612069427967072,0.4595959484577179,0.18838383257389069
YDR386W,YJR050W,0,1.6015065,0.1960361897945404,0.4595959484577179,0.18848484754562378
YGL144C,YNR055C,0,1.6005586,0.19595175981521606,0.4595959484577179,0.18858586251735687
YNL240C,YOR086C,0,1.6005123,0.1958674192428589,0.4595959484577179,0.18868686258792877
YOR087W,YNL118C,0,1.5995986,0.19578313827514648,0.4595959484577179,0.18878787755966187
YKL014C,YMR110C,0,1.5992422,0.19569893181324005,0.4595959484577179,0.18888889253139496
YBR038W,YPL207W,0,1.5990534,0.1956147849559784,0.4595959484577179,0.18898989260196686
YIL120W,YFR040W,0,1.5985552,0.1955307275056839,0.4595959484577179,0.18909090757369995
YER023W,YHR014W,0,1.5979049,0.19544672966003418,0.4595959484577179,0.18919192254543304
YNL183C,YDR287W,0,1.597866,0.19536282122135162,0.4595959484577179,0.18929292261600494
YMR230W,YNL161W,0,1.5977721,0.19527897238731384,0.4595959484577179,0.18939393758773804
YIL069C,YDL046W,0,1.5977311,0.19519519805908203,0.4595959484577179,0.18949495255947113
YJL069C,YDR257C,0,1.5973547,0.1951114982366562,0.4595959484577179,0.18959595263004303
YNL167C,YCR024C,0,1.596638,0.19502785801887512,0.4595959484577179,0.18969696760177612
YDR422C,YMR274C,0,1.5966115,0.19494430720806122,0.4595959484577179,0.18979798257350922
YLL018C,YGL243W,0,1.596098,0.1948608160018921,0.4595959484577179,0.18989898264408112
YDR023W,YGR161C,0,1.5958908,0.19477739930152893,0.4595959484577179,0.1899999976158142
YIL137C,YDL102W,0,1.5947701,0.19469405710697174,0.4595959484577179,0.1901010125875473
YLR059C,YML061C,1,1.594076,0.19503849744796753,0.46060606837272644,0.1901010125875473
YKR100C,YNL287W,0,1.5934448,0.19495511054992676,0.46060606837272644,0.1902020275592804
YLR059C,YMR275C,1,1.5932679,0.1952991485595703,0.4616161584854126,0.1902020275592804
YOR267C,YDR309C,0,1.592885,0.19521571695804596,0.4616161584854126,0.1903030276298523
YGR254W,YJL003W,0,1.5924911,0.19513235986232758,0.4616161584854126,0.1904040426015854
YER033C,YMR055C,0,1.5924089,0.19504907727241516,0.4616161584854126,0.19050505757331848
YPL146C,YPR010C,0,1.5922878,0.19496586918830872,0.4616161584854126,0.19060605764389038
YER033C,YOR341W,0,1.5922334,0.19488273561000824,0.4616161584854126,0.19070707261562347
YFR014C,YOR254C,0,1.592139,0.19479966163635254,0.4616161584854126,0.19080808758735657
YGR099W,YOR101W,0,1.5919691,0.1947166621685028,0.4616161584854126,0.19090908765792847
YJR073C,YBR191W,0,1.5918453,0.19463373720645905,0.4616161584854126,0.19101010262966156
YDR091C,YLR417W,0,1.5915872,0.19455087184906006,0.4616161584854126,0.19111111760139465
YIL064W,YOR132W,0,1.5915196,0.19446808099746704,0.4616161584854126,0.19121211767196655
YOL009C,YJL180C,1,1.5914943,0.19481071829795837,0.46262624859809875,0.19121211767196655
YER005W,YNR037C,0,1.5914326,0.19472789764404297,0.46262624859809875,0.19131313264369965
YDL100C,YJR084W,0,1.591316,0.19464513659477234,0.46262624859809875,0.19141414761543274
YNL051W,YIL123W,0,1.5911186,0.19456245005130768,0.46262624859809875,0.19151514768600464
YGR030C,YBR168W,0,1.5907594,0.1944798231124878,0.46262624859809875,0.19161616265773773
YDR434W,YCL064C,0,1.5904436,0.19439728558063507,0.46262624859809875,0.19171717762947083
YGR254W,YNL183C,0,1.5892497,0.19431480765342712,0.46262624859809875,0.19181817770004272
YML057W,YLR299W,0,1.5892389,0.19423240423202515,0.46262624859809875,0.19191919267177582
YLL006W,YOR060C,1,1.5888765,0.19457396864891052,0.4636363685131073,0.19191919267177582
YDR482C,YOR335C,0,1.5888492,0.19449152052402496,0.4636363685131073,0.1920202076435089
YNL263C,YGL194C,0,1.5886052,0.19440914690494537,0.4636363685131073,0.1921212077140808
YKL191W,YPL100W,0,1.5884769,0.19432684779167175,0.4636363685131073,0.1922222226858139
YOR372C,YGR161C,0,1.5882645,0.1942446082830429,0.4636363685131073,0.192323237657547
YAL007C,YDR025W,0,1.588145,0.19416244328022003,0.4636363685131073,0.1924242377281189
YOR060C,YMR035W,1,1.5879085,0.19450317323207855,0.46464645862579346,0.1924242377281189
YOR136W,YKL032C,0,1.5878916,0.1944209635257721,0.46464645862579346,0.192525252699852
YMR175W,YLR411W,0,1.5878336,0.1943388283252716,0.46464645862579346,0.19262626767158508
YIL098C,YLR059C,1,1.587152,0.19467905163764954,0.465656578540802,0.19262626767158508
YLR061W,YGR142W,0,1.5869079,0.19459687173366547,0.465656578540802,0.19272726774215698
YLR093C,YGL064C,0,1.5867481,0.19451476633548737,0.465656578540802,0.19282828271389008
YDR482C,YBL007C,0,1.5866655,0.19443273544311523,0.465656578540802,0.19292929768562317
YDR213W,YOL051W,0,1.5854027,0.19435076415538788,0.465656578540802,0.19303029775619507
YJL167W,YDR273W,0,1.5847627,0.1942688524723053,0.465656578540802,0.19313131272792816
YLL006W,YML061C,1,1.5839967,0.19460825622081757,0.46666666865348816,0.19313131272792816
YPR017C,YDR168W,0,1.5837237,0.1945263147354126,0.46666666865348816,0.19323232769966125
YMR243C,YPL097W,0,1.5835147,0.1944444477558136,0.46666666865348816,0.19333332777023315
YMR041C,YDR365C,0,1.5827873,0.19436264038085938,0.46666666865348816,0.19343434274196625
YNL062C,YDR040C,0,1.5826807,0.19428090751171112,0.46666666865348816,0.19353535771369934
YPR133C,YGL195W,0,1.5826638,0.19419924914836884,0.46666666865348816,0.19363635778427124
YPR128C,YER023W,0,1.582463,0.19411765038967133,0.46666666865348816,0.19373737275600433
YIL053W,YIL005W,0,1.5811228,0.19403612613677979,0.46666666865348816,0.19383838772773743
YMR261C,YGL070C,0,1.5805353,0.19395466148853302,0.46666666865348816,0.19393938779830933
YDR098C,YOL096C,0,1.5791788,0.19387327134609222,0.46666666865348816,0.19404040277004242
YOL009C,YMR035W,1,1.5791544,0.19421140849590302,0.4676767587661743,0.19404040277004242
YIL153W,YDR045C,0,1.5789869,0.19412997364997864,0.4676767587661743,0.1941414177417755
YLR324W,YGR244C,0,1.5787959,0.19404861330986023,0.4676767587661743,0.1942424178123474
YJR131W,YDR359C,0,1.5784533,0.1939673274755478,0.4676767587661743,0.1943434327840805
YJR132W,YAR033W,0,1.5775982,0.19388610124588013,0.4676767587661743,0.1944444477558136
YJL035C,YJL197W,0,1.5774543,0.19380493462085724,0.4676767587661743,0.1945454478263855
YLR239C,YDR002W,0,1.5768454,0.19372384250164032,0.4676767587661743,0.1946464627981186
YLR377C,YDR098C,0,1.5765418,0.19364282488822937,0.4676767587661743,0.19474747776985168
YGL126W,YFR053C,0,1.5763991,0.1935618668794632,0.4676767587661743,0.19484847784042358
YDR463W,YCR044C,0,1.5759983,0.193480983376503,0.4676767587661743,0.19494949281215668
YLR361C,YGL096W,0,1.5759012,0.19340017437934875,0.4676767587661743,0.19505050778388977
YFR031C-A,YOR086C,0,1.5751305,0.1933194100856781,0.4676767587661743,0.19515150785446167
YLR083C,YNL132W,0,1.5748124,0.1932387351989746,0.4676767587661743,0.19525252282619476
YPL004C,YLR361C,0,1.57474,0.1931581199169159,0.4676767587661743,0.19535353779792786
YJL083W,YDL076C,0,1.5744696,0.19307756423950195,0.4676767587661743,0.19545455276966095
YDL072C,YGL127C,0,1.573795,0.19299708306789398,0.4676767587661743,0.19555555284023285
YOR266W,YPL063W,1,1.5728784,0.19333332777023315,0.46868687868118286,0.19555555284023285
YLL024C,YCR038C,0,1.5722237,0.1932528167963028,0.46868687868118286,0.19565656781196594
YEL039C,YOR136W,0,1.5722044,0.19317235052585602,0.46868687868118286,0.19575758278369904
YGL189C,YBR301W,0,1.5721791,0.1930919736623764,0.46868687868118286,0.19585858285427094
YMR110C,YDR359C,0,1.5718768,0.19301164150238037,0.46868687868118286,0.19595959782600403
YKL150W,YCL039W,0,1.5717711,0.1929313987493515,0.46868687868118286,0.19606061279773712
YPL179W,YJR050W,0,1.5712191,0.1928512006998062,0.46868687868118286,0.19616161286830902
YJL057C,YPR128C,0,1.5708508,0.1927710771560669,0.46868687868118286,0.19626262784004211
YLR377C,YIL069C,0,1.570374,0.19269102811813354,0.46868687868118286,0.1963636428117752
YGR202C,YDR213W,0,1.5701882,0.19261103868484497,0.46868687868118286,0.1964646428823471
YPL049C,YCR063W,0,1.5695897,0.19253112375736237,0.46868687868118286,0.1965656578540802
YML067C,YDR464W,0,1.5692756,0.19245126843452454,0.46868687868118286,0.1966666728258133
YER028C,YGL049C,0,1.569185,0.19237147271633148,0.46868687868118286,0.1967676728963852
YOR250C,YHR106W,0,1.5690435,0.1922917515039444,0.46868687868118286,0.1968686878681183
YBR254C,YOL012C,0,1.5689998,0.1922120898962021,0.46868687868118286,0.19696970283985138
YDL175C,YOR363C,0,1.5687928,0.19213250279426575,0.46868687868118286,0.19707070291042328
YHR118C,YLR023C,0,1.5678793,0.19205297529697418,0.46868687868118286,0.19717171788215637
YKL045W,YOR009W,0,1.5673453,0.1919735223054886,0.46868687868118286,0.19727273285388947
YNL133C,YCR005C,0,1.5665877,0.19189412891864777,0.46868687868118286,0.19737373292446136
YDL105W,YDR110W,0,1.5660186,0.19181479513645172,0.46868687868118286,0.19747474789619446
YHR148W,YDR234W,0,1.5656193,0.19173553586006165,0.46868687868118286,0.19757576286792755
YDL106C,YBR193C,0,1.5655959,0.19165633618831635,0.46868687868118286,0.19767676293849945
YOR260W,YJL083W,0,1.5650024,0.19157721102237701,0.46868687868118286,0.19777777791023254
YIL068C,YGR030C,0,1.5644573,0.19149814546108246,0.46868687868118286,0.19787879288196564
YLR102C,YDL139C,0,1.5641432,0.19141913950443268,0.46868687868118286,0.19797979295253754
YMR101C,YML031W,0,1.5635155,0.19134020805358887,0.46868687868118286,0.19808080792427063
YOR273C,YML031W,0,1.5632657,0.19126133620738983,0.46868687868118286,0.19818182289600372
YDR397C,YDR005C,0,1.5630502,0.19118252396583557,0.46868687868118286,0.19828282296657562
YPL234C,YGR007W,0,1.5625472,0.19110378623008728,0.46868687868118286,0.19838383793830872
YBR078W,YMR110C,0,1.5621573,0.19102510809898376,0.46868687868118286,0.1984848529100418
YJR117W,YMR059W,0,1.5618668,0.19094650447368622,0.46868687868118286,0.1985858529806137
YGL045W,YGL240W,0,1.5618409,0.19086796045303345,0.46868687868118286,0.1986868679523468
YMR081C,YMR242C,0,1.5618384,0.19078947603702545,0.46868687868118286,0.1987878829240799
YOR273C,YOR359W,0,1.561333,0.19071105122566223,0.46868687868118286,0.1988888829946518
YJL013C,YKR049C,0,1.5612272,0.19063270092010498,0.46868687868118286,0.1989898979663849
YKL080W,YAL026C,0,1.5610294,0.1905544102191925,0.46868687868118286,0.19909091293811798
YNL288W,YPR007C,0,1.5607932,0.190476194024086,0.46868687868118286,0.19919191300868988
YDR377W,YGR142W,0,1.5603877,0.19039803743362427,0.46868687868118286,0.19929292798042297
YPL001W,YDR178W,0,1.5603786,0.1903199404478073,0.46868687868118286,0.19939394295215607
YGR244C,YPR120C,0,1.559361,0.19024190306663513,0.46868687868118286,0.19949494302272797
YLL026W,YFR024C-A,0,1.559202,0.19016394019126892,0.46868687868118286,0.19959595799446106
YGL129C,YKR083C,0,1.5584388,0.19008603692054749,0.46868687868118286,0.19969697296619415
YOR357C,YNL029C,0,1.5582018,0.19000819325447083,0.46868687868118286,0.19979797303676605
YDR323C,YOR271C,0,1.5580806,0.18993040919303894,0.46868687868118286,0.19989898800849915
YNL263C,YHR139C,0,1.5578005,0.18985269963741302,0.46868687868118286,0.20000000298023224
YPL120W,YMR015C,0,1.5557003,0.18977504968643188,0.46868687868118286,0.20010100305080414
YNR059W,YIL173W,0,1.555501,0.18969745934009552,0.46868687868118286,0.20020201802253723
YLR118C,YER155C,0,1.5550635,0.18961994349956512,0.46868687868118286,0.20030303299427032
YIL036W,YKL043W,0,1.5548023,0.1895424872636795,0.46868687868118286,0.20040403306484222
YNL031C,YPL135W,0,1.5540247,0.18946509063243866,0.46868687868118286,0.20050504803657532
YKL054C,YOR259C,0,1.5539799,0.1893877536058426,0.46868687868118286,0.2006060630083084
YGL126W,YEL001C,0,1.5537219,0.1893104910850525,0.46868687868118286,0.2007070779800415
YOR027W,YPL178W,0,1.553599,0.18923327326774597,0.46868687868118286,0.2008080780506134
YLR052W,YAL051W,0,1.5535864,0.18915612995624542,0.46868687868118286,0.2009090930223465
YOR032C,YDR188W,0,1.5535631,0.18907906115055084,0.46868687868118286,0.2010101079940796
YOR247W,YOR129C,0,1.553544,0.18900203704833984,0.46868687868118286,0.2011111080646515
YIL053W,YDR005C,0,1.5534353,0.18892508745193481,0.46868687868118286,0.20121212303638458
YLR175W,YCR063W,0,1.553006,0.18884818255901337,0.46868687868118286,0.20131313800811768
YLL018C,YLR323C,0,1.5529647,0.1887713521718979,0.46868687868118286,0.20141413807868958
YJL054W,YGR046W,1,1.5521961,0.18910126388072968,0.469696968793869,0.20141413807868958
YML013W,YGR208W,0,1.5520611,0.18902438879013062,0.469696968793869,0.20151515305042267
YDR021W,YDR284C,0,1.5517236,0.18894758820533752,0.469696968793869,0.20161616802215576
YMR041C,YGR005C,0,1.5504657,0.18887083232402802,0.469696968793869,0.20171716809272766
YOR264W,YDR469W,0,1.54995,0.18879415094852448,0.469696968793869,0.20181818306446075
YMR318C,YBR189W,0,1.5496743,0.1887175291776657,0.469696968793869,0.20191919803619385
YBL008W,YDR292C,0,1.549145,0.18864096701145172,0.469696968793869,0.20202019810676575
YLL021W,YDR105C,0,1.5487645,0.1885644793510437,0.469696968793869,0.20212121307849884
YLR185W,YMR153W,0,1.5486505,0.18848803639411926,0.469696968793869,0.20222222805023193
YHR110W,YJR052W,0,1.5477417,0.1884116679430008,0.469696968793869,0.20232322812080383
YGL078C,YOR259C,0,1.5477111,0.1883353590965271,0.469696968793869,0.20242424309253693
YPL076W,YDR317W,0,1.5473671,0.18825910985469818,0.469696968793869,0.20252525806427002
YBL056W,YOR259C,0,1.546357,0.18818292021751404,0.469696968793869,0.20262625813484192
YPL036W,YIL137C,0,1.5460353,0.18810679018497467,0.469696968793869,0.202727273106575
YBR038W,YDR276C,0,1.5458608,0.18803073465824127,0.469696968793869,0.2028282880783081
YMR156C,YLR337C,0,1.5455239,0.18795472383499146,0.469696968793869,0.20292928814888
YGR174C,YMR072W,1,1.5455161,0.1882828325033188,0.4707070589065552,0.20292928814888
YER014W,YNR052C,0,1.5451071,0.18820679187774658,0.4707070589065552,0.2030303031206131
YIL120W,YMR230W,0,1.5444044,0.18813079595565796,0.4707070589065552,0.2031313180923462
YMR275C,YHR024C,1,1.5437752,0.1884584277868271,0.4717171788215637,0.2031313180923462
YGL189C,YML102W,0,1.5435504,0.18838241696357727,0.4717171788215637,0.2032323181629181
YDR490C,YKL039W,0,1.5435443,0.18830645084381104,0.4717171788215637,0.20333333313465118
YFR047C,YOR109W,0,1.5435398,0.18823055922985077,0.4717171788215637,0.20343434810638428
YJR049C,YHR114W,0,1.5432005,0.18815471231937408,0.4717171788215637,0.20353534817695618
YPL171C,YNL214W,0,1.5426888,0.18807893991470337,0.4717171788215637,0.20363636314868927
YMR175W,YLR323C,0,1.5425863,0.18800322711467743,0.4717171788215637,0.20373737812042236
YER143W,YOR001W,0,1.5420117,0.18792755901813507,0.4717171788215637,0.20383837819099426
YLR167W,YPL049C,0,1.5419943,0.18785196542739868,0.4717171788215637,0.20393939316272736
YGL006W,YLL021W,0,1.5418875,0.18777643144130707,0.4717171788215637,0.20404040813446045
YNR024W,YDR105C,0,1.5417832,0.18770097196102142,0.4717171788215637,0.20414140820503235
YAL030W,YPL135W,0,1.5411782,0.18762555718421936,0.4717171788215637,0.20424242317676544
YHR024C,YLL006W,1,1.540774,0.18795180320739746,0.4727272689342499,0.20424242317676544
YJL026W,YPL239W,0,1.5386827,0.187876358628273,0.4727272689342499,0.20434343814849854
YAR033W,YGL111W,0,1.5384209,0.18780095875263214,0.4727272689342499,0.20444443821907043
YGL126W,YIL018W,0,1.5376755,0.18772563338279724,0.4727272689342499,0.20454545319080353
YGR082W,YHR194W,1,1.5375296,0.18805132806301117,0.47373735904693604,0.20454545319080353
YOR266W,YMR072W,1,1.5374792,0.1883767545223236,0.4747474789619446,0.20454545319080353
YAL026C,YPL006W,0,1.5374644,0.18830128014087677,0.4747474789619446,0.20464646816253662
YLR249W,YGL226W,0,1.5374472,0.1882258653640747,0.4747474789619446,0.20474746823310852
YMR040W,YDR469W,0,1.5370265,0.1881505250930786,0.4747474789619446,0.2048484832048416
YLR167W,YCR038C,0,1.5359442,0.1880752295255661,0.4747474789619446,0.2049494981765747
YGR178C,YBR272C,0,1.5359154,0.18799999356269836,0.4747474789619446,0.2050504982471466
YDR515W,YKL145W,0,1.5356097,0.1879248321056366,0.4747474789619446,0.2051515132188797
YDR381W,YBR168W,0,1.5348258,0.1878497153520584,0.4747474789619446,0.2052525281906128
YGR003W,YOR086C,0,1.5342734,0.1877746731042862,0.4747474789619446,0.2053535282611847
YDR463W,YBR218C,0,1.5342146,0.18769967555999756,0.4747474789619446,0.20545454323291779
YMR055C,YMR156C,0,1.5338584,0.1876247525215149,0.4747474789619446,0.20555555820465088
YJR041C,YMR041C,0,1.533312,0.1875498741865158,0.4747474789619446,0.20565655827522278
YNL328C,YOR060C,1,1.532894,0.1878739595413208,0.47575756907463074,0.20565655827522278
YIL156W,YGL192W,0,1.5324271,0.18779903650283813,0.47575756907463074,0.20575757324695587
YER014W,YDR002W,0,1.5323029,0.18772418797016144,0.47575756907463074,0.20585858821868896
YER179W,YPR100W,0,1.532068,0.18764939904212952,0.47575756907463074,0.20595960319042206
YOR136W,YBL072C,0,1.5320034,0.18757466971874237,0.47575756907463074,0.20606060326099396
YHR146W,YEL027W,0,1.5319552,0.1875,0.47575756907463074,0.20616161823272705
YDL135C,YDL139C,0,1.5314331,0.1874253898859024,0.47575756907463074,0.20626263320446014
YIL069C,YGL198W,0,1.5312074,0.18735083937644958,0.47575756907463074,0.20636363327503204
YHL038C,YBR162C,0,1.5310302,0.18727634847164154,0.47575756907463074,0.20646464824676514
YIL156W,YDR080W,0,1.5304202,0.18720190227031708,0.47575756907463074,0.20656566321849823
YIL156W,YDR516C,0,1.530213,0.18712753057479858,0.47575756907463074,0.20666666328907013
YGL016W,YHR138C,0,1.5300896,0.18705321848392487,0.47575756907463074,0.20676767826080322
YDR350C,YFR025C,0,1.5294052,0.18697896599769592,0.47575756907463074,0.20686869323253632
YOR177C,YCL001W,0,1.5288472,0.18690475821495056,0.47575756907463074,0.20696969330310822
YNL137C,YLR118C,0,1.5288157,0.18683062493801117,0.47575756907463074,0.2070707082748413
YMR009W,YGL127C,0,1.5288125,0.18675653636455536,0.47575756907463074,0.2071717232465744
YGR244C,YGL016W,0,1.5287511,0.18668252229690552,0.47575756907463074,0.2072727233171463
YLR324W,YGR044C,0,1.528631,0.18660855293273926,0.47575756907463074,0.2073737382888794
YPL063W,YBR212W,1,1.5286038,0.18693068623542786,0.4767676889896393,0.2073737382888794
YDR227W,YNL173C,0,1.5285529,0.1868566870689392,0.4767676889896393,0.2074747532606125
YMR192W,YPR055W,0,1.5281014,0.18678274750709534,0.4767676889896393,0.2075757533311844
YBR218C,YKL132C,0,1.5279115,0.18670886754989624,0.4767676889896393,0.20767676830291748
YOR016C,YKL054C,0,1.5278184,0.18663503229618073,0.4767676889896393,0.20777778327465057
YJL094C,YDL102W,0,1.5268801,0.18656127154827118,0.4767676889896393,0.20787878334522247
YDR189W,YKR031C,0,1.5255654,0.18648755550384521,0.4767676889896393,0.20797979831695557
YCR105W,YLR115W,0,1.525527,0.18641389906406403,0.4767676889896393,0.20808081328868866
YIL154C,YGL107C,0,1.525343,0.1863403022289276,0.4767676889896393,0.20818181335926056
YPL169C,YBL007C,0,1.5251622,0.18626676499843597,0.4767676889896393,0.20828282833099365
YBR169C,YJR052W,0,1.5247557,0.1861932873725891,0.4767676889896393,0.20838384330272675
YBL038W,YER159C,0,1.5247376,0.18611986935138702,0.4767676889896393,0.20848484337329865
YJR117W,YDR259C,0,1.5237942,0.1860465109348297,0.4767676889896393,0.20858585834503174
YBR130C,YJR049C,0,1.5237391,0.18597321212291718,0.4767676889896393,0.20868687331676483
YDR490C,YLR185W,0,1.5232837,0.18589995801448822,0.4767676889896393,0.20878787338733673
YIL052C,YIL120W,0,1.5229051,0.18582677841186523,0.4767676889896393,0.20888888835906982
YDR007W,YLR056W,0,1.5218494,0.18575364351272583,0.4767676889896393,0.20898990333080292
YNR032C-A,YPR110C,0,1.5206568,0.1856805682182312,0.4767676889896393,0.20909090340137482
YGL104C,YLR442C,0,1.5206287,0.18560755252838135,0.4767676889896393,0.2091919183731079
YKL016C,YGR078C,0,1.520442,0.18553459644317627,0.4767676889896393,0.209292933344841
YPR173C,YDL220C,0,1.5198612,0.18546168506145477,0.4767676889896393,0.2093939334154129
YML101C,YGL139W,0,1.5194427,0.18538884818553925,0.4767676889896393,0.209494948387146
YJR118C,YOR330C,1,1.5194026,0.1857086718082428,0.47777777910232544,0.209494948387146
YAR042W,YHR006W,0,1.5193872,0.1856357902288437,0.47777777910232544,0.2095959633588791
YFR024C-A,YLR313C,0,1.5187976,0.18556296825408936,0.47777777910232544,0.209696963429451
YIL153W,YCL067C,0,1.5183998,0.1854901909828186,0.47777777910232544,0.20979797840118408
YPR175W,YBL007C,0,1.5179133,0.18541748821735382,0.47777777910232544,0.20989899337291718
YKL110C,YFR050C,0,1.5178967,0.18534483015537262,0.47777777910232544,0.20999999344348907
YGR082W,YOR060C,1,1.5175009,0.18566392362117767,0.4787878692150116,0.20999999344348907
YOR359W,YCR063W,0,1.5169961,0.18559123575687408,0.4787878692150116,0.21010100841522217
YLR259C,YNL066W,1,1.5167487,0.18590998649597168,0.47979798913002014,0.21010100841522217
YDR482C,YML127W,0,1.5165362,0.18583723902702332,0.47979798913002014,0.21020202338695526
YOR192C,YKL079W,0,1.5162665,0.18576456606388092,0.47979798913002014,0.21030302345752716
YLR377C,YJR123W,0,1.5154774,0.1856919527053833,0.47979798913002014,0.21040403842926025
YBL080C,YDR025W,0,1.5142579,0.18561938405036926,0.47979798913002014,0.21050505340099335
YNL059C,YDR002W,0,1.5141661,0.185546875,0.47979798913002014,0.21060605347156525
YBR272C,YBR049C,0,1.513068,0.1854744255542755,0.47979798913002014,0.21070706844329834
YGR165W,YBR301W,0,1.5127975,0.1854020357131958,0.47979798913002014,0.21080808341503143
YGL067W,YAL059W,0,1.5126324,0.18532969057559967,0.47979798913002014,0.21090908348560333
YOR264W,YIL043C,0,1.5122274,0.18525740504264832,0.47979798913002014,0.21101009845733643
YPL209C,YJL012C,0,1.5113022,0.18518517911434174,0.47979798913002014,0.21111111342906952
YDR201W,YMR220W,0,1.5112911,0.18511301279067993,0.47979798913002014,0.2112121284008026
YJR131W,YGR129W,0,1.5112486,0.1850409060716629,0.47979798913002014,0.2113131284713745
YLR220W,YGL115W,0,1.5112256,0.18496884405612946,0.47979798913002014,0.2114141434431076
YNL103W,YOR334W,0,1.5111051,0.18489684164524078,0.47979798913002014,0.2115151584148407
YOR117W,YPR007C,0,1.5111043,0.1848248988389969,0.47979798913002014,0.2116161584854126
YDR078C,YNR030W,0,1.5110006,0.18475301563739777,0.47979798913002014,0.2117171734571457
YML031W,YKL087C,0,1.5108829,0.18468117713928223,0.47979798913002014,0.21181818842887878
YGL246C,YKL039W,0,1.5106378,0.18460939824581146,0.47979798913002014,0.21191918849945068
YCR091W,YER155C,0,1.5105937,0.18453767895698547,0.47979798913002014,0.21202020347118378
YOR087W,YKR053C,0,1.5096223,0.18446601927280426,0.47979798913002014,0.21212121844291687
YHR096C,YDR100W,0,1.5095708,0.18439440429210663,0.47979798913002014,0.21222221851348877
YNL328C,YMR072W,1,1.5094929,0.18471090495586395,0.4808080792427063,0.21222221851348877
YLR193C,YOL076W,1,1.5092981,0.18502715229988098,0.48181816935539246,0.21222221851348877
YBR091C,YNL055C,1,1.5090091,0.1853431612253189,0.482828289270401,0.21222221851348877
YDR212W,YJL174W,0,1.5089436,0.18527132272720337,0.482828289270401,0.21232323348522186
YLR361C,YNL246W,0,1.5089118,0.1851995289325714,0.482828289270401,0.21242424845695496
YLR044C,YGR040W,0,1.5085449,0.18512780964374542,0.482828289270401,0.21252524852752686
YMR318C,YLR052W,0,1.5085318,0.18505613505840302,0.482828289270401,0.21262626349925995
YOL042W,YGL105W,0,1.5075109,0.18498452007770538,0.482828289270401,0.21272727847099304
YML100W,YGL246C,0,1.507468,0.18491296470165253,0.482828289270401,0.21282827854156494
YKL026C,YBL087C,0,1.507396,0.18484145402908325,0.482828289270401,0.21292929351329803
YOR334W,YOR101W,0,1.507317,0.18477000296115875,0.482828289270401,0.21303030848503113
YER056C,YGL005C,0,1.5070788,0.18469861149787903,0.482828289270401,0.21313130855560303
YGL006W,YDR234W,0,1.506953,0.18462726473808289,0.482828289270401,0.21323232352733612
YIL014W,YNL036W,0,1.5068829,0.18455597758293152,0.482828289270401,0.2133333384990692
YIL013C,YOR316C,0,1.5061889,0.18448475003242493,0.482828289270401,0.2134343385696411
YIL156W,YIL106W,0,1.5060465,0.1844135820865631,0.482828289270401,0.2135353535413742
YDR039C,YOR011W,0,1.505689,0.18434245884418488,0.482828289270401,0.2136363685131073
YBR069C,YGL198W,0,1.5056484,0.18427139520645142,0.482828289270401,0.2137373685836792
YLR284C,YHL011C,0,1.5046828,0.18420039117336273,0.482828289270401,0.2138383835554123
YLR347C,YBR089C-A,0,1.5046282,0.18412943184375763,0.482828289270401,0.21393939852714539
YGR046W,YOR060C,1,1.5045992,0.18444359302520752,0.48383837938308716,0.21393939852714539
YKL129C,YOL061W,0,1.5043676,0.18437258899211884,0.48383837938308716,0.21404039859771729
YOL011W,YLR323C,0,1.5042301,0.18430165946483612,0.48383837938308716,0.21414141356945038
YDR397C,YGR138C,0,1.5033019,0.184230774641037,0.48383837938308716,0.21424242854118347
YJL094C,YMR205C,0,1.5031494,0.18415993452072144,0.48383837938308716,0.21434342861175537
YGL092W,YKL129C,0,1.5028602,0.18408916890621185,0.48383837938308716,0.21444444358348846
YNL137C,YPR133C,0,1.5023466,0.18401843309402466,0.48383837938308716,0.21454545855522156
YDL243C,YGL171W,0,1.5020493,0.18394777178764343,0.48383837938308716,0.21464645862579346
YLR432W,YMR153W,0,1.5019848,0.1838771551847458,0.48383837938308716,0.21474747359752655
YDR122W,YNL287W,0,1.5016382,0.18380659818649292,0.48383837938308716,0.21484848856925964
YIL106W,YMR243C,0,1.5015239,0.18373610079288483,0.48383837938308716,0.21494948863983154
YDR145W,YLR092W,0,1.5013632,0.18366564810276031,0.48383837938308716,0.21505050361156464
YDR129C,YOR383C,0,1.500782,0.18359524011611938,0.48383837938308716,0.21515151858329773
YMR192W,YDR175C,0,1.5004716,0.18352490663528442,0.48383837938308716,0.21525251865386963
YBR109C,YGL005C,0,1.499934,0.18345461785793304,0.48383837938308716,0.21535353362560272
YKR088C,YBR089C-A,0,1.4995164,0.18338437378406525,0.48383837938308716,0.21545454859733582
YML100W,YBL063W,0,1.4991367,0.18331420421600342,0.48383837938308716,0.21555554866790771
YML023C,YDR009W,0,1.4989556,0.18324406445026398,0.48383837938308716,0.2156565636396408
YLR347C,YER143W,0,1.4986372,0.1831739991903305,0.48383837938308716,0.2157575786113739
YKL194C,YGR245C,0,1.4984539,0.18310397863388062,0.48383837938308716,0.2158585786819458
YDR189W,YDL081C,0,1.4982983,0.1830340027809143,0.48383837938308716,0.2159595936536789
YLR006C,YDR412W,0,1.4978713,0.18296410143375397,0.48383837938308716,0.216060608625412
YLR193C,YNL066W,1,1.497869,0.18327605724334717,0.4848484992980957,0.216060608625412
YOL126C,YGL111W,0,1.4973361,0.18320611119270325,0.4848484992980957,0.21616162359714508
YOL126C,YMR040W,0,1.4971004,0.1831362098455429,0.4848484992980957,0.21626262366771698
YJL057C,YOL051W,0,1.4969099,0.18306636810302734,0.4848484992980957,0.21636363863945007
YLR006C,YPL198W,0,1.4964101,0.18299657106399536,0.4848484992980957,0.21646465361118317
YDR145W,YDL145C,0,1.4963497,0.18292683362960815,0.4848484992980957,0.21656565368175507
YJR042W,YAL007C,0,1.4957979,0.18285714089870453,0.4848484992980957,0.21666666865348816
YLR432W,YER015W,0,1.4956406,0.18278750777244568,0.4848484992980957,0.21676768362522125
YLR432W,YNL118C,0,1.4954227,0.1827179342508316,0.4848484992980957,0.21686868369579315
YBL038W,YLR323C,0,1.4944242,0.1826484054327011,0.4848484992980957,0.21696969866752625
YLR190W,YBR212W,1,1.49435,0.18295930325984955,0.48585858941078186,0.21696969866752625
YIL037C,YFR038W,0,1.4943026,0.18288972973823547,0.48585858941078186,0.21707071363925934
YOL012C,YGL195W,0,1.4940537,0.18282021582126617,0.48585858941078186,0.21717171370983124
YNL025C,YBR188C,0,1.4940219,0.18275076150894165,0.48585858941078186,0.21727272868156433
YOR156C,YIL005W,0,1.4939835,0.1826813519001007,0.48585858941078186,0.21737374365329742
YPL193W,YLR288C,0,1.4939817,0.18261200189590454,0.48585858941078186,0.21747474372386932
YKL191W,YNL023C,0,1.49385,0.18254269659519196,0.48585858941078186,0.21757575869560242
YOR027W,YNR055C,0,1.4937223,0.18247345089912415,0.48585858941078186,0.2176767736673355
YIL009W,YPR068C,0,1.493646,0.18240424990653992,0.48585858941078186,0.2177777737379074
YOR316C,YOR059C,0,1.4929485,0.18233510851860046,0.48585858941078186,0.2178787887096405
YHR120W,YPR131C,1,1.4916335,0.18264494836330414,0.486868679523468,0.2178787887096405
YFL011W,YDR395W,0,1.4914093,0.1825757622718811,0.486868679523468,0.2179798036813736
YDR490C,YMR131C,0,1.4908633,0.18250662088394165,0.486868679523468,0.2180808037519455
YHR148W,YHR190W,0,1.490546,0.18243755400180817,0.486868679523468,0.2181818187236786
YBR233W-A,YDR468C,0,1.4901625,0.18236851692199707,0.486868679523468,0.21828283369541168
YDR092W,YAL059W,0,1.4898217,0.18229953944683075,0.486868679523468,0.21838383376598358
YDL240W,YKL060C,0,1.4897208,0.1822306215763092,0.486868679523468,0.21848484873771667
YOR192C,YML047C,0,1.48971,0.18216174840927124,0.486868679523468,0.21858586370944977
YJL045W,YMR131C,0,1.4897013,0.18209293484687805,0.486868679523468,0.21868686378002167
YML100W,YLL067C,0,1.4894279,0.18202416598796844,0.486868679523468,0.21878787875175476
YNL056W,YDR200C,0,1.4893394,0.1819554567337036,0.486868679523468,0.21888889372348785
YER142C,YBR094W,0,1.4893082,0.18188679218292236,0.486868679523468,0.21898989379405975
YBR046C,YDR482C,0,1.489172,0.1818181872367859,0.486868679523468,0.21909090876579285
YER142C,YOL023W,0,1.488897,0.181749626994133,0.486868679523468,0.21919192373752594
YAL048C,YOL076W,1,1.4888127,0.18205805122852325,0.48787879943847656,0.21919192373752594
YGR204W,YPR199C,0,1.4885814,0.18198944628238678,0.48787879943847656,0.21929292380809784
YDR435C,YLL067C,0,1.4879827,0.18192090094089508,0.48787879943847656,0.21939393877983093
YBR254C,YBR181C,0,1.4869128,0.18185241520404816,0.48787879943847656,0.21949495375156403
YKL058W,YPL075W,0,1.4867997,0.18178397417068481,0.48787879943847656,0.21959595382213593
YGL093W,YLR115W,0,1.4864476,0.18171557784080505,0.48787879943847656,0.21969696879386902
YNL194C,YPL198W,0,1.4864137,0.18164724111557007,0.48787879943847656,0.2197979837656021
YDR168W,YGL238W,0,1.4863712,0.18157894909381866,0.48787879943847656,0.219898983836174
YCL067C,YDR395W,0,1.4859886,0.18151071667671204,0.48787879943847656,0.2199999988079071
YPR175W,YNL173C,0,1.4859416,0.181442528963089,0.48787879943847656,0.2201010137796402
YDR397C,YGL049C,0,1.4858243,0.18137438595294952,0.48787879943847656,0.2202020138502121
YHR108W,YMR015C,0,1.4855406,0.18130630254745483,0.48787879943847656,0.2203030288219452
YJL078C,YDR200C,0,1.4848452,0.18123827874660492,0.48787879943847656,0.22040404379367828
YOL020W,YHR005C,0,1.484621,0.1811702996492386,0.48787879943847656,0.22050504386425018
YNL031C,YOL121C,0,1.4839327,0.18110236525535583,0.48787879943847656,0.22060605883598328
YDR091C,YGL144C,0,1.4836044,0.18103447556495667,0.48787879943847656,0.22070707380771637
YLL024C,YNL118C,0,1.4831241,0.18096666038036346,0.48787879943847656,0.22080807387828827
YKL026C,YPL207W,0,1.4830766,0.18089887499809265,0.48787879943847656,0.22090908885002136
YOL144W,YAL030W,0,1.4829526,0.1808311492204666,0.48787879943847656,0.22101010382175446
YKL054C,YPL178W,0,1.4826106,0.18076346814632416,0.48787879943847656,0.22111110389232635
YPR131C,YPL063W,1,1.4816011,0.18106995522975922,0.4888888895511627,0.22111110389232635
YLR004C,YER023W,0,1.4811927,0.18100224435329437,0.4888888895511627,0.22121211886405945
YNL056W,YLR466W,0,1.4805751,0.1809345781803131,0.4888888895511627,0.22131313383579254
YHR150W,YFR030W,0,1.4800371,0.18086697161197662,0.4888888895511627,0.22141414880752563
YAL048C,YNL055C,1,1.4795046,0.1811729520559311,0.4898989796638489,0.22141414880752563
YMR072W,YLR190W,1,1.478604,0.18147870898246765,0.4909090995788574,0.22141414880752563
YBR060C,YDL139C,0,1.4785726,0.18141096830368042,0.4909090995788574,0.22151514887809753
YIL098C,YOR330C,1,1.4780769,0.1817164123058319,0.4919191896915436,0.22151514887809753
YAL056W,YLR175W,0,1.4779775,0.1816486418247223,0.4919191896915436,0.22161616384983063
YDR227W,YER093C,0,1.4776703,0.18158091604709625,0.4919191896915436,0.22171717882156372
YOL055C,YIL005W,0,1.4774512,0.1815132349729538,0.4919191896915436,0.22181817889213562
YHR120W,YMR072W,1,1.47719,0.1818181872367859,0.49292927980422974,0.22181817889213562
YDR422C,YML086C,0,1.4771013,0.18175046145915985,0.49292927980422974,0.2219191938638687
YDR213W,YCL051W,0,1.4767792,0.1816827952861786,0.49292927980422974,0.2220202088356018
YNL263C,YPL138C,0,1.4764347,0.1816151887178421,0.49292927980422974,0.2221212089061737
YER139C,YLR288C,0,1.4763935,0.181547611951828,0.49292927980422974,0.2222222238779068
YKL052C,YDR437W,0,1.4759648,0.18148010969161987,0.49292927980422974,0.2223232388496399
YCR024C,YDR412W,0,1.4759227,0.18141263723373413,0.49292927980422974,0.2224242389202118
YMR081C,YFR038W,0,1.4757266,0.18134522438049316,0.49292927980422974,0.22252525389194489
YDL243C,YJL058C,0,1.4752126,0.18127785623073578,0.49292927980422974,0.22262626886367798
YKL129C,YOR129C,0,1.4751437,0.18121054768562317,0.49292927980422974,0.22272726893424988
YKR089C,YIL069C,0,1.4748207,0.18114328384399414,0.49292927980422974,0.22282828390598297
YJL094C,YLR068W,0,1.4746323,0.1810760647058487,0.49292927980422974,0.22292929887771606
YOR065W,YPL049C,0,1.4745034,0.18100890517234802,0.49292927980422974,0.22303029894828796
YLR390W-A,YIL043C,0,1.4741502,0.18094179034233093,0.49292927980422974,0.22313131392002106
YBR003W,YOL051W,0,1.474114,0.18087472021579742,0.49292927980422974,0.22323232889175415
YDR517W,YLR313C,0,1.4738545,0.1808077096939087,0.49292927980422974,0.22333332896232605
YOL076W,YBR212W,1,1.4736764,0.18111111223697662,0.4939393997192383,0.22333332896232605
YOR316C,YBR060C,0,1.4736474,0.1810440570116043,0.4939393997192383,0.22343434393405914
YDR490C,YOR157C,0,1.4732151,0.18097706139087677,0.4939393997192383,0.22353535890579224
YER023W,YNL214W,0,1.4724832,0.18091009557247162,0.4939393997192383,0.22363635897636414
YBR211C,YMR242C,0,1.472337,0.18084318935871124,0.4939393997192383,0.22373737394809723
YBR188C,YLR337C,0,1.4717932,0.18077634274959564,0.4939393997192383,0.22383838891983032
YDR122W,YGR142W,0,1.4713321,0.18070954084396362,0.4939393997192383,0.22393938899040222
YIL098C,YPR131C,1,1.4713274,0.18101218342781067,0.49494948983192444,0.22393938899040222
YPR095C,YNL216W,0,1.4713241,0.18094535171985626,0.49494948983192444,0.22404040396213531
YLR023C,YGR129W,0,1.4712324,0.18087854981422424,0.49494948983192444,0.2241414189338684
YGL018C,YEL027W,0,1.4711819,0.180811807513237,0.49494948983192444,0.2242424190044403
YPL203W,YCR016W,0,1.4709954,0.18074510991573334,0.49494948983192444,0.2243434339761734
YGL027C,YKL155C,0,1.4707295,0.18067847192287445,0.49494948983192444,0.2244444489479065
YDR235W,YDL209C,0,1.4705547,0.18061186373233795,0.49494948983192444,0.2245454490184784
YKR064W,YDR328C,0,1.4705231,0.18054531514644623,0.49494948983192444,0.2246464639902115
YNL233W,YPL036W,0,1.4703984,0.18047882616519928,0.49494948983192444,0.22474747896194458
YIL007C,YJL083W,0,1.4702487,0.18041236698627472,0.49494948983192444,0.22484847903251648
YBR060C,YGL192W,0,1.4699016,0.18034596741199493,0.49494948983192444,0.22494949400424957
YPL262W,YER155C,0,1.4695247,0.18027961254119873,0.49494948983192444,0.22505050897598267
YGL167C,YGL127C,0,1.4694343,0.1802133172750473,0.49494948983192444,0.22515150904655457
YML061C,YLR259C,1,1.4689858,0.18051470816135406,0.495959609746933,0.22515150904655457
YLR293C,YNL132W,0,1.4689076,0.18044836819171906,0.495959609746933,0.22525252401828766
YDR372C,YOL042W,0,1.4687502,0.18038207292556763,0.495959609746933,0.22535353899002075
YJR073C,YHR201C,0,1.4681478,0.18031582236289978,0.495959609746933,0.22545453906059265
YMR053C,YMR001C,0,1.4679377,0.1802496314048767,0.495959609746933,0.22555555403232574
YML057W,YKL197C,0,1.4678004,0.18018348515033722,0.495959609746933,0.22565656900405884
YLR011W,YBR045C,0,1.4676375,0.1801173835992813,0.495959609746933,0.22575756907463074
YOR045W,YLR190W,1,1.4672247,0.18041804432868958,0.49696969985961914,0.22575756907463074
YBR295W,YOR113W,0,1.4669125,0.18035191297531128,0.49696969985961914,0.22585858404636383
YMR040W,YGL226W,0,1.4667299,0.18028582632541656,0.49696969985961914,0.22595959901809692
YML092C,YLR044C,0,1.4662788,0.18021978437900543,0.49696969985961914,0.22606059908866882
YNL199C,YIL118W,0,1.46624,0.18015378713607788,0.49696969985961914,0.22616161406040192
YDR372C,YKR099W,0,1.4662104,0.1800878494977951,0.49696969985961914,0.226262629032135
YDL093W,YPL210C,0,1.4653884,0.1800219565629959,0.49696969985961914,0.2263636291027069
YLL024C,YHR133C,0,1.4653733,0.1799561083316803,0.49696969985961914,0.22646464407444
YKR089C,YOR236W,0,1.4649036,0.17989030480384827,0.49696969985961914,0.2265656590461731
YOR087W,YPL234C,0,1.4647298,0.179824560880661,0.49696969985961914,0.2266666740179062
YGR254W,YLR118C,0,1.4644079,0.17975886166095734,0.49696969985961914,0.2267676740884781
YDR381W,YKL155C,0,1.4642322,0.17969320714473724,0.49696969985961914,0.22686868906021118
YPL169C,YDR213W,0,1.4630933,0.17962759733200073,0.49696969985961914,0.22696970403194427
YLR200W,YJL197W,0,1.4627479,0.179562047123909,0.49696969985961914,0.22707070410251617
YEL020W-A,YOL009C,1,1.4627032,0.17986136674880981,0.4979797899723053,0.22707070410251617
YOL084W,YBR272C,0,1.4626985,0.1797957718372345,0.4979797899723053,0.22717171907424927
YFR014C,YGR224W,0,1.4622889,0.17973022162914276,0.4979797899723053,0.22727273404598236
YIL007C,YPL145C,0,1.4622633,0.1796647161245346,0.4979797899723053,0.22737373411655426
YKL155C,YKR083C,0,1.4620869,0.17959927022457123,0.4979797899723053,0.22747474908828735
YGL098W,YER072W,0,1.4618721,0.17953386902809143,0.4979797899723053,0.22757576406002045
YLR118C,YJL089W,0,1.4617863,0.17946851253509521,0.4979797899723053,0.22767676413059235
YDR150W,YHR024C,1,1.4614329,0.17976710200309753,0.49898990988731384,0.22767676413059235
YPL169C,YMR234W,0,1.4610881,0.17970171570777893,0.49898990988731384,0.22777777910232544
YNL156C,YIL173W,0,1.46077,0.17963635921478271,0.49898990988731384,0.22787879407405853
YMR230W,YLR023C,0,1.4601893,0.17957106232643127,0.49898990988731384,0.22797979414463043
YPL100W,YHR001W-A,0,1.4596026,0.17950581014156342,0.49898990988731384,0.22808080911636353
YKL062W,YDR009W,0,1.4594564,0.17944061756134033,0.49898990988731384,0.22818182408809662
YPL203W,YDR257C,0,1.4593799,0.17937545478343964,0.49898990988731384,0.22828282415866852
YBR101C,YDR175C,0,1.4589945,0.17931035161018372,0.49898990988731384,0.2283838391304016
YNL250W,YOR049C,0,1.4589651,0.17924527823925018,0.49898990988731384,0.2284848541021347
YKL016C,YBL072C,0,1.4588933,0.17918026447296143,0.49898990988731384,0.2285858541727066
YMR076C,YDR325W,0,1.4588914,0.17911529541015625,0.49898990988731384,0.2286868691444397
YPL209C,YJL083W,0,1.4588751,0.17905038595199585,0.49898990988731384,0.2287878841161728
YHR001W-A,YCL054W,0,1.4586694,0.17898550629615784,0.49898990988731384,0.2288888841867447
YGL142C,YMR313C,0,1.4583223,0.1789206862449646,0.49898990988731384,0.22898989915847778
YFR031C-A,YOL052C-A,0,1.4582934,0.17885589599609375,0.49898990988731384,0.22909091413021088
YLR234W,YGL053W,0,1.4582055,0.17879116535186768,0.49898990988731384,0.22919191420078278
YOL020W,YMR041C,0,1.4580002,0.17872647941112518,0.49898990988731384,0.22929292917251587
YLL031C,YPL040C,0,1.4570247,0.17866183817386627,0.49898990988731384,0.22939394414424896
YNR055C,YOR195W,0,1.4568937,0.17859725654125214,0.49898990988731384,0.22949494421482086
YMR041C,YBR169C,0,1.4567809,0.1785327047109604,0.49898990988731384,0.22959595918655396
YOR189W,YPL140C,0,1.4563918,0.17846821248531342,0.49898990988731384,0.22969697415828705
YJL054W,YHR194W,1,1.4563799,0.17876489460468292,0.5,0.22969697415828705
YAL048C,YLR259C,1,1.4562566,0.17906136810779572,0.5010101199150085,0.22969697415828705
YBR038W,YFR049W,0,1.4560175,0.1789967566728592,0.5010101199150085,0.22979797422885895
YJR102C,YBR045C,0,1.4558121,0.17893217504024506,0.5010101199150085,0.22989898920059204
YLR017W,YFR053C,0,1.4555707,0.1788676530122757,0.5010101199150085,0.23000000417232513
YDR343C,YDR292C,0,1.4552963,0.17880317568778992,0.5010101199150085,0.23010100424289703
YKR089C,YLR367W,0,1.4551064,0.17873874306678772,0.5010101199150085,0.23020201921463013
YDR430C,YKL054C,0,1.4547248,0.1786743551492691,0.5010101199150085,0.23030303418636322
YBR268W,YNL194C,0,1.4547052,0.17861001193523407,0.5010101199150085,0.23040403425693512
YEL005C,YJR123W,0,1.4545008,0.17854571342468262,0.5010101199150085,0.2305050492286682
YKL194C,YNL287W,0,1.4544513,0.17848147451877594,0.5010101199150085,0.2306060642004013
YPR037C,YFR050C,0,1.4540701,0.17841726541519165,0.5010101199150085,0.2307070642709732
YLR059C,YOL009C,1,1.4540067,0.17871269583702087,0.5020201802253723,0.2307070642709732
YGL092W,YLR220W,0,1.4539018,0.1786484569311142,0.5020201802253723,0.2308080792427063
YOR363C,YGL053W,0,1.4534649,0.1785842627286911,0.5020201802253723,0.2309090942144394
YER142C,YDL247W,0,1.4533157,0.1785201132297516,0.5020201802253723,0.2310100942850113
YOL009C,YIL062C,1,1.4531792,0.1788150817155838,0.5030303001403809,0.2310100942850113
YNL045W,YDR399W,0,1.4530346,0.1787509024143219,0.5030303001403809,0.23111110925674438
YDL247W,YKR049C,0,1.452329,0.17868675291538239,0.5030303001403809,0.23121212422847748
YPR134W,YIL009W,0,1.4515698,0.17862266302108765,0.5030303001403809,0.23131312429904938
YNL023C,YKR079C,0,1.4510081,0.1785586178302765,0.5030303001403809,0.23141413927078247
YHR024C,YMR035W,1,1.4506445,0.17885304987430573,0.5040404200553894,0.23141413927078247
YLR293C,YHL025W,0,1.4504763,0.178788959980011,0.5040404200553894,0.23151515424251556
YMR053C,YHR103W,0,1.4504592,0.17872492969036102,0.5040404200553894,0.23161615431308746
YER031C,YNL240C,0,1.4499047,0.17866094410419464,0.5040404200553894,0.23171716928482056
YNL216W,YGL198W,0,1.4495742,0.17859698832035065,0.5040404200553894,0.23181818425655365
YPR175W,YER015W,0,1.4494644,0.17853309214115143,0.5040404200553894,0.23191919922828674
YIL007C,YBR169C,0,1.449173,0.1784692406654358,0.5040404200553894,0.23202019929885864
YBL056W,YCL054W,0,1.44895,0.17840543389320374,0.5040404200553894,0.23212121427059174
YHR005C,YPL049C,0,1.4488988,0.17834167182445526,0.5040404200553894,0.23222222924232483
YAL048C,YLR059C,1,1.4484137,0.17863522469997406,0.5050504803657532,0.23222222924232483
YOR065W,YMR205C,0,1.4483074,0.1785714328289032,0.5050504803657532,0.23232322931289673
YER056C,YEL024W,0,1.4482665,0.17850767076015472,0.5050504803657532,0.23242424428462982
YOL011W,YOR247W,0,1.4479291,0.17844396829605103,0.5050504803657532,0.23252525925636292
YCR065W,YPL058C,0,1.4472363,0.1783803105354309,0.5050504803657532,0.23262625932693481
YDL072C,YGL243W,0,1.4470751,0.17831669747829437,0.5050504803657532,0.2327272742986679
YJR150C,YFL011W,0,1.4467739,0.17825311422348022,0.5050504803657532,0.232828289270401
YGR161C,YDL076C,0,1.4464626,0.17818959057331085,0.5050504803657532,0.2329292893409729
YJL167W,YIR004W,0,1.4461842,0.17812611162662506,0.5050504803657532,0.233030304312706
YHR037W,YNL287W,0,1.4457129,0.17806267738342285,0.5050504803657532,0.2331313192844391
YHR037W,YCL067C,0,1.4456496,0.17799928784370422,0.5050504803657532,0.233232319355011
YCR105W,YJR153W,0,1.445589,0.17793594300746918,0.5050504803657532,0.23333333432674408
YOL132W,YBR112C,0,1.4450917,0.1778726428747177,0.5050504803657532,0.23343434929847717
YLR044C,YDR108W,0,1.4450765,0.17780938744544983,0.5050504803657532,0.23353534936904907
YFR024C-A,YOR001W,0,1.44495,0.17774617671966553,0.5050504803657532,0.23363636434078217
YLR075W,YBR131W,0,1.44495,0.1776830106973648,0.5050504803657532,0.23373737931251526
YLR193C,YOR330C,1,1.444588,0.177975133061409,0.5060606002807617,0.23373737931251526
YIL075C,YGL127C,0,1.4445379,0.1779119372367859,0.5060606002807617,0.23383837938308716
YNL243W,YDL154W,0,1.4444838,0.17784877121448517,0.5060606002807617,0.23393939435482025
YIL069C,YLR363C,0,1.4442797,0.17778566479682922,0.5060606002807617,0.23404040932655334
YNL167C,YDL139C,0,1.4442666,0.17772260308265686,0.5060606002807617,0.23414140939712524
YNL031C,YHR073W,0,1.4440122,0.17765957117080688,0.5060606002807617,0.23424242436885834
YDL189W,YBR109C,0,1.4439964,0.17759659886360168,0.5060606002807617,0.23434343934059143
YOR363C,YLR017W,0,1.4437554,0.17753367125988007,0.5060606002807617,0.23444443941116333
YDR004W,YMR242C,0,1.4435567,0.17747077345848083,0.5060606002807617,0.23454545438289642
YER100W,YBR268W,0,1.4430778,0.17740793526172638,0.5060606002807617,0.23464646935462952
YKL016C,YCR021C,0,1.4427288,0.1773451268672943,0.5060606002807617,0.23474746942520142
YDL220C,YBL072C,0,1.4415581,0.17728237807750702,0.5060606002807617,0.2348484843969345
YNL031C,YML016C,0,1.4410524,0.1772196739912033,0.5060606002807617,0.2349494993686676
YDL117W,YDL076C,0,1.4405928,0.17715699970722198,0.5060606002807617,0.2350504994392395
YNL031C,YFR025C,0,1.4404168,0.17709438502788544,0.5060606002807617,0.2351515144109726
YGL087C,YGL111W,0,1.4403119,0.17703180015087128,0.5060606002807617,0.2352525293827057
YNL246W,YIR031C,0,1.4401124,0.1769692748785019,0.5060606002807617,0.2353535294532776
YDR057W,YBR188C,0,1.4392945,0.1769067794084549,0.5060606002807617,0.23545454442501068
YOR266W,YML061C,1,1.4390129,0.17719732224941254,0.5070707201957703,0.23545454442501068
YHR133C,YPL040C,0,1.4386712,0.17713479697704315,0.5070707201957703,0.23555555939674377
YDR212W,YPL137C,0,1.4386005,0.17707231640815735,0.5070707201957703,0.23565655946731567
YPR067W,YOR254C,0,1.4382129,0.17700986564159393,0.5070707201957703,0.23575757443904877
YOR177C,YCR106W,0,1.4381723,0.1769474744796753,0.5070707201957703,0.23585858941078186
YBR279W,YNL142W,0,1.4380019,0.17688512802124023,0.5070707201957703,0.23595958948135376
YLR189C,YBR094W,0,1.4373399,0.17682282626628876,0.5070707201957703,0.23606060445308685
YDL145C,YLR019W,0,1.4366701,0.17676056921482086,0.5070707201957703,0.23616161942481995
YJR109C,YLR067C,0,1.4362892,0.17669834196567535,0.5070707201957703,0.23626261949539185
YGR202C,YPR100W,0,1.4352111,0.17663617432117462,0.5070707201957703,0.23636363446712494
YPR110C,YOL078W,0,1.4349211,0.17657403647899628,0.5070707201957703,0.23646464943885803
YLL018C,YFR040W,0,1.4348267,0.1765119582414627,0.5070707201957703,0.23656564950942993
YBR046C,YDR234W,0,1.4348253,0.17644990980625153,0.5070707201957703,0.23666666448116302
YFL056C,YDR111C,0,1.434223,0.17638790607452393,0.5070707201957703,0.23676767945289612
YDR145W,YDR002W,0,1.4338216,0.1763259619474411,0.5070707201957703,0.23686867952346802
YDR078C,YPR120C,0,1.4332978,0.17626404762268066,0.5070707201957703,0.2369696944952011
YDR345C,YIR019C,0,1.4329815,0.1762021780014038,0.5070707201957703,0.2370707094669342
YBR268W,YGL116W,0,1.432806,0.17614035308361053,0.5070707201957703,0.2371717244386673
YPL115C,YLR200W,0,1.4327579,0.17607857286930084,0.5070707201957703,0.2372727245092392
YLR061W,YOR113W,0,1.4323883,0.17601683735847473,0.5070707201957703,0.2373737394809723
YJR084W,YNR052C,0,1.4322034,0.175955131649971,0.5070707201957703,0.23747475445270538
YGR103W,YJL069C,0,1.4320874,0.17589348554611206,0.5070707201957703,0.23757575452327728
YPL224C,YGR224W,0,1.4320645,0.1758318692445755,0.5070707201957703,0.23767676949501038
YPR037C,YDR439W,0,1.4318986,0.17577031254768372,0.5070707201957703,0.23777778446674347
YLR059C,YJL180C,1,1.431806,0.1760587990283966,0.508080780506134,0.23777778446674347
YMR063W,YIL053W,0,1.4314195,0.17599719762802124,0.508080780506134,0.23787878453731537
YDL106C,YNL029C,0,1.4313532,0.17593564093112946,0.508080780506134,0.23797979950904846
YEL005C,YOR157C,0,1.4313042,0.17587412893772125,0.508080780506134,0.23808081448078156
YBR085W,YOR009W,0,1.4307716,0.17581264674663544,0.508080780506134,0.23818181455135345
YER100W,YMR158W,0,1.4302219,0.1757512241601944,0.508080780506134,0.23828282952308655
YBR193C,YOR335C,0,1.4298103,0.17568983137607574,0.508080780506134,0.23838384449481964
YMR081C,YER149C,0,1.4297273,0.17562849819660187,0.508080780506134,0.23848484456539154
YER031C,YFR034C,0,1.4296172,0.17556719481945038,0.508080780506134,0.23858585953712463
YOL076W,YGL219C,1,1.4293115,0.1758548468351364,0.5090909004211426,0.23858585953712463
YNL221C,YMR131C,0,1.4292439,0.17579351365566254,0.5090909004211426,0.23868687450885773
YNR038W,YDR005C,0,1.4290943,0.17573221027851105,0.5090909004211426,0.23878787457942963
YBR107C,YMR153W,0,1.4290856,0.17567096650600433,0.5090909004211426,0.23888888955116272
YKL194C,YLR249W,0,1.42887,0.17560975253582,0.5090909004211426,0.2389899045228958
YBR015C,YPL006W,0,1.4288061,0.17554858326911926,0.5090909004211426,0.2390909045934677
YOR192C,YFR040W,0,1.4287217,0.1754874587059021,0.5090909004211426,0.2391919195652008
YDL100C,YDR007W,0,1.4282296,0.17542637884616852,0.5090909004211426,0.2392929345369339
YPL176C,YBR193C,0,1.4282209,0.17536534368991852,0.5090909004211426,0.2393939346075058
YKL048C,YBR218C,0,1.427839,0.1753043532371521,0.5090909004211426,0.2394949495792389
YJR042W,YER102W,0,1.4272094,0.17524339258670807,0.5090909004211426,0.23959596455097198
YJL127C,YDR179C,0,1.4267635,0.17518247663974762,0.5090909004211426,0.23969696462154388
YLR193C,YOL009C,1,1.4255072,0.1754690706729889,0.5101010203361511,0.23969696462154388
YKL192C,YPL049C,0,1.424335,0.17540812492370605,0.5101010203361511,0.23979797959327698
YDL124W,YCL054W,0,1.4243039,0.1753472238779068,0.5101010203361511,0.23989899456501007
YIL036W,YDR397C,0,1.423967,0.17528635263442993,0.5101010203361511,0.23999999463558197
YPR161C,YER023W,0,1.4237046,0.17522554099559784,0.5101010203361511,0.24010100960731506
YDR039C,YGL064C,0,1.4236541,0.17516475915908813,0.5101010203361511,0.24020202457904816
YEL019C,YCR044C,0,1.4233953,0.175104022026062,0.5101010203361511,0.24030302464962006
YCR065W,YDL223C,0,1.4227626,0.17504332959651947,0.5101010203361511,0.24040403962135315
YDR430C,YNR052C,0,1.422035,0.1749826818704605,0.5101010203361511,0.24050505459308624
YDR227W,YLR067C,0,1.4217138,0.17492206394672394,0.5101010203361511,0.24060605466365814
YOR119C,YMR220W,0,1.4213195,0.17486149072647095,0.5101010203361511,0.24070706963539124
YNL025C,YDR176W,0,1.4202615,0.17480096220970154,0.5101010203361511,0.24080808460712433
YPR055W,YIL119C,0,1.4202422,0.1747404783964157,0.5101010203361511,0.24090908467769623
YOR136W,YDL154W,0,1.4200338,0.17468003928661346,0.5101010203361511,0.24101009964942932
YOL055C,YGL238W,0,1.4200318,0.1746196448802948,0.5101010203361511,0.24111111462116241
YDR435C,YNL065W,0,1.4200099,0.17455928027629852,0.5101010203361511,0.24121211469173431
YDR435C,YOR195W,0,1.419858,0.17449896037578583,0.5101010203361511,0.2413131296634674
YMR041C,YOR011W,0,1.4196433,0.1744386851787567,0.5101010203361511,0.2414141446352005
YBR193C,YCR005C,0,1.4183484,0.17437845468521118,0.5101010203361511,0.2415151447057724
YDR464W,YER178W,0,1.4183044,0.17431825399398804,0.5101010203361511,0.2416161596775055
YJL094C,YLR288C,0,1.4176757,0.17425811290740967,0.5101010203361511,0.2417171746492386
YEL001C,YNL048W,0,1.4175353,0.1741980016231537,0.5101010203361511,0.24181817471981049
YGR254W,YKR077W,0,1.4173638,0.1741379350423813,0.5101010203361511,0.24191918969154358
YDR381W,YGR161C,0,1.4172233,0.17407789826393127,0.5101010203361511,0.24202020466327667
YKL043W,YNL180C,0,1.4168702,0.17401792109012604,0.5101010203361511,0.24212120473384857
YDR188W,YDR517W,0,1.4166331,0.1739579737186432,0.5101010203361511,0.24222221970558167
YML021C,YML013W,0,1.4148002,0.17389807105064392,0.5101010203361511,0.24232323467731476
YGR204W,YAL026C,0,1.4136513,0.17383821308612823,0.5101010203361511,0.24242424964904785
YGR120C,YIL148W,0,1.4136056,0.17377838492393494,0.5101010203361511,0.24252524971961975
YDR375C,YBR091C,1,1.4130863,0.1740626096725464,0.5111111402511597,0.24252524971961975
YDL230W,YDR057W,0,1.4123917,0.1740027517080307,0.5111111402511597,0.24262626469135284
YGR046W,YHR024C,1,1.412303,0.17428669333457947,0.5121212005615234,0.24262626469135284
YIL156W,YGL096W,0,1.4117568,0.1742268055677414,0.5121212005615234,0.24272727966308594
YKR085C,YMR262W,0,1.4116774,0.1741669476032257,0.5121212005615234,0.24282827973365784
YJL098W,YKL060C,0,1.4115984,0.1741071492433548,0.5121212005615234,0.24292929470539093
YFR031C-A,YDR019C,0,1.4115202,0.17404738068580627,0.5121212005615234,0.24303030967712402
YFR031C-A,YOR273C,0,1.4109849,0.17398764193058014,0.5121212005615234,0.24313130974769592
YLR131C,YOR249C,0,1.41048,0.17392796277999878,0.5121212005615234,0.24323232471942902
YNL263C,YEL027W,0,1.410245,0.1738683134317398,0.5121212005615234,0.2433333396911621
YKL006C-A,YOL051W,0,1.4100521,0.17380870878696442,0.5121212005615234,0.243434339761734
YGL087C,YDR045C,0,1.4098461,0.1737491488456726,0.5121212005615234,0.2435353547334671
YJL174W,YDR469W,0,1.4087299,0.17368961870670319,0.5121212005615234,0.2436363697052002
YKR093W,YKR077W,0,1.4087241,0.17363013327121735,0.5121212005615234,0.2437373697757721
YMR041C,YGR120C,0,1.4086261,0.1735706925392151,0.5121212005615234,0.2438383847475052
YOL020W,YLR328W,0,1.4083318,0.1735112965106964,0.5121212005615234,0.24393939971923828
YOR079C,YLR019W,0,1.4074421,0.17345193028450012,0.5121212005615234,0.24404039978981018
YIL106W,YGL005C,0,1.4066377,0.17339260876178741,0.5121212005615234,0.24414141476154327
YGR060W,YLR260W,0,1.4066072,0.1733333319425583,0.5121212005615234,0.24424242973327637
YAR033W,YNR024W,0,1.4050646,0.17327409982681274,0.5121212005615234,0.24434342980384827
YML011C,YNL180C,0,1.4050586,0.1732148975133896,0.5121212005615234,0.24444444477558136
YGL006W,YER032W,0,1.4049107,0.17315573990345,0.5121212005615234,0.24454545974731445
YKL045W,YAL056W,0,1.4047079,0.17309662699699402,0.5121212005615234,0.24464645981788635
YBR003W,YOR319W,0,1.4044302,0.1730375438928604,0.5121212005615234,0.24474747478961945
YGR099W,YOL051W,0,1.4036195,0.1729785054922104,0.5121212005615234,0.24484848976135254
YJR049C,YPL135W,0,1.4033172,0.17291951179504395,0.5121212005615234,0.24494948983192444
YKR064W,YNL294C,0,1.4025836,0.1728605479001999,0.5121212005615234,0.24505050480365753
YJR123W,YPL097W,0,1.4015374,0.17280162870883942,0.5121212005615234,0.24515151977539062
YPL183C,YOR132W,0,1.4012973,0.17274275422096252,0.5121212005615234,0.24525251984596252
YPL116W,YDL154W,0,1.4012692,0.1726839244365692,0.5121212005615234,0.24535353481769562
YLR315W,YOR009W,0,1.4009594,0.1726251244544983,0.5121212005615234,0.2454545497894287
YIL148W,YCR038C,0,1.4003786,0.17256636917591095,0.5121212005615234,0.2455555498600006
YCR035C,YGR245C,0,1.3999856,0.1725076586008072,0.5121212005615234,0.2456565648317337
YNL251C,YBR015C,0,1.3998399,0.17244897782802582,0.5121212005615234,0.2457575798034668
YLR059C,YKL134C,1,1.3996375,0.17273035645484924,0.513131320476532,0.2457575798034668
YLR039C,YHR193C,0,1.3995843,0.17267164587974548,0.513131320476532,0.2458585798740387
YPL225W,YHR005C,0,1.3988845,0.1726129800081253,0.513131320476532,0.2459595948457718
YIL014W,YPL233W,0,1.3987567,0.17255434393882751,0.513131320476532,0.24606060981750488
YML120C,YJR150C,0,1.3986776,0.1724957525730133,0.513131320476532,0.24616160988807678
YDR019C,YER081W,0,1.3984566,0.17243720591068268,0.513131320476532,0.24626262485980988
YJR073C,YLR143W,0,1.3981894,0.17237868905067444,0.513131320476532,0.24636363983154297
YER072W,YCR044C,0,1.39818,0.17232021689414978,0.513131320476532,0.24646463990211487
YOR272W,YHL015W,0,1.3978564,0.1722617894411087,0.513131320476532,0.24656565487384796
YNL194C,YLR060W,0,1.3977387,0.17220339179039001,0.513131320476532,0.24666666984558105
YAR042W,YER044C-A,0,1.3975099,0.1721450388431549,0.513131320476532,0.24676766991615295
YMR101C,YPL189W,0,1.3973657,0.1720867156982422,0.513131320476532,0.24686868488788605
YKL150W,YOR319W,0,1.3972539,0.17202845215797424,0.513131320476532,0.24696969985961914
YDR309C,YNL081C,0,1.3971217,0.1719702035188675,0.513131320476532,0.24707069993019104
YPR161C,YOR009W,0,1.3970048,0.17191201448440552,0.513131320476532,0.24717171490192413
YHR111W,YML055W,0,1.3969629,0.17185385525226593,0.513131320476532,0.24727272987365723
YOL076W,YHR194W,1,1.3969011,0.1721339225769043,0.5141414403915405,0.24727272987365723
YOR264W,YKR031C,0,1.3966866,0.17207573354244232,0.5141414403915405,0.24737372994422913
YEL005C,YEL001C,0,1.3965173,0.17201757431030273,0.5141414403915405,0.24747474491596222
YDR517W,YLR056W,0,1.3963138,0.17195945978164673,0.5141414403915405,0.2475757598876953
YLR185W,YPR095C,0,1.3958988,0.1719013899564743,0.5141414403915405,0.2476767748594284
YLR131C,YKR088C,0,1.3956364,0.17184334993362427,0.5141414403915405,0.2477777749300003
YBR003W,YBR015C,0,1.395547,0.1717853546142578,0.5141414403915405,0.2478787899017334
YBR189W,YLR068W,0,1.3945665,0.17172738909721375,0.5141414403915405,0.2479798048734665
YDR500C,YDR261C,0,1.3944225,0.17166948318481445,0.5141414403915405,0.2480808049440384
YHR073W,YCR005C,0,1.3943077,0.17161159217357635,0.5141414403915405,0.24818181991577148
YLR023C,YER129W,0,1.3941929,0.17155376076698303,0.5141414403915405,0.24828283488750458
YBR279W,YHL028W,0,1.3936644,0.1714959591627121,0.5141414403915405,0.24838383495807648
YAL028W,YOR109W,0,1.3931637,0.17143818736076355,0.5141414403915405,0.24848484992980957
YLR185W,YKL058W,0,1.3929718,0.17138047516345978,0.5141414403915405,0.24858586490154266
YER179W,YDL209C,0,1.392873,0.1713227927684784,0.5141414403915405,0.24868686497211456
YAR009C,YDR160W,0,1.392761,0.1712651401758194,0.5141414403915405,0.24878787994384766
YJR118C,YBR212W,1,1.3925681,0.1715438961982727,0.5151515007019043,0.24878787994384766
YEL018W,YPR120C,0,1.3925271,0.17148621380329132,0.5151515007019043,0.24888889491558075
YER139C,YBR301W,0,1.3925025,0.17142857611179352,0.5151515007019043,0.24898989498615265
YER100W,YPR007C,0,1.3924096,0.1713709682226181,0.5151515007019043,0.24909090995788574
YML067C,YEL027W,0,1.3913081,0.17131340503692627,0.5151515007019043,0.24919192492961884
YDR515W,YDL106C,0,1.3911445,0.17125587165355682,0.5151515007019043,0.24929292500019073
YBR065C,YJL026W,0,1.3909538,0.17119838297367096,0.5151515007019043,0.24939393997192383
YMR081C,YGR007W,0,1.3907648,0.17114093899726868,0.5151515007019043,0.24949495494365692
YHL003C,YGL053W,0,1.3904222,0.17108352482318878,0.5151515007019043,0.24959595501422882
YDR434W,YGR165W,0,1.389852,0.17102615535259247,0.5151515007019043,0.24969696998596191
YPL120W,YGL127C,0,1.3898394,0.17096883058547974,0.5151515007019043,0.249797984957695
YKL052C,YIL033C,0,1.3893065,0.1709115207195282,0.5151515007019043,0.2498989850282669
YBR254C,YNL156C,0,1.3891561,0.17085427045822144,0.5151515007019043,0.25
YDL018C,YKR095W,0,1.3891356,0.17079704999923706,0.5151515007019043,0.2501010000705719
YNL020C,YNL038W,0,1.3885483,0.17073987424373627,0.5151515007019043,0.2502020299434662
YDR323C,YNL233W,0,1.3883886,0.17068272829055786,0.5151515007019043,0.2503030300140381
YML101C,YGL092W,0,1.3883357,0.17062562704086304,0.5151515007019043,0.25040403008461
YKL110C,YJL026W,0,1.388315,0.1705685555934906,0.5151515007019043,0.2505050599575043
YOL042W,YOR011W,0,1.3874061,0.17051152884960175,0.5151515007019043,0.25060606002807617
YDR384C,YNL118C,0,1.3870847,0.17045454680919647,0.5151515007019043,0.25070706009864807
YFR047C,YAL051W,0,1.3870015,0.1703975945711136,0.5151515007019043,0.25080808997154236
YLR417W,YMR001C,0,1.3869551,0.17034068703651428,0.5151515007019043,0.25090909004211426
YGL196W,YDR398W,0,1.386869,0.17028380930423737,0.5151515007019043,0.25101009011268616
YLR411W,YMR237W,0,1.3866254,0.17022697627544403,0.5151515007019043,0.25111111998558044
YBR211C,YOL059W,0,1.3863304,0.17017017304897308,0.5151515007019043,0.25121212005615234
YIL052C,YJR041C,0,1.3862258,0.17011341452598572,0.5151515007019043,0.25131312012672424
YBR091C,YGL219C,1,1.3859582,0.17039012908935547,0.5161616206169128,0.25131312012672424
YJR118C,YHR194W,1,1.3853247,0.1706666648387909,0.5171717405319214,0.25131312012672424
YDL093W,YLR093C,0,1.3850803,0.17060980200767517,0.5171717405319214,0.25141414999961853
YML067C,YDR025W,0,1.3849325,0.17055296897888184,0.5171717405319214,0.25151515007019043
YHR005C,YPL253C,0,1.3848034,0.1704961657524109,0.5171717405319214,0.25161615014076233
YNL056W,YPR100W,0,1.3845432,0.17043940722942352,0.5171717405319214,0.2517171800136566
YKL014C,YBR169C,0,1.3844789,0.17038269340991974,0.5171717405319214,0.2518181800842285
YLR284C,YML031W,0,1.3844317,0.17032600939273834,0.5171717405319214,0.2519191801548004
YER159C,YGR245C,0,1.3840692,0.17026937007904053,0.5171717405319214,0.2520202100276947
YKR089C,YMR041C,0,1.3840052,0.1702127605676651,0.5171717405319214,0.2521212100982666
YDR490C,YHR193C,0,1.3834431,0.17015619575977325,0.5171717405319214,0.2522222101688385
YNL194C,YJL069C,0,1.3832023,0.1700996607542038,0.5171717405319214,0.2523232400417328
YKL016C,YNL068C,0,1.382973,0.17004317045211792,0.5171717405319214,0.2524242401123047
YNL036W,YNR053C,0,1.382878,0.16998672485351562,0.5171717405319214,0.2525252401828766
YLR248W,YGL111W,0,1.3828597,0.16993030905723572,0.5171717405319214,0.2526262700557709
YOR363C,YPL253C,0,1.382746,0.1698739230632782,0.5171717405319214,0.2527272701263428
YOR330C,YNL066W,1,1.3822334,0.17014925181865692,0.5181818008422852,0.2527272701263428
YMR275C,YLL006W,1,1.3817959,0.17042440176010132,0.5191919207572937,0.2527272701263428
YBR091C,YJL180C,1,1.3814881,0.1706993728876114,0.5202020406723022,0.2527272701263428
YCL067C,YOR059C,0,1.3808572,0.17064280807971954,0.5202020406723022,0.2528282701969147
YMR001C,YPL156C,0,1.3802406,0.17058628797531128,0.5202020406723022,0.25292930006980896
YLR118C,YNR052C,0,1.3799446,0.1705297976732254,0.5202020406723022,0.25303030014038086
YGR082W,YLR190W,1,1.3798206,0.17080436646938324,0.521212100982666,0.25303030014038086
YHR024C,YOR330C,1,1.3796313,0.17107875645160675,0.5222222208976746,0.25303030014038086
YLR037C,YNL214W,0,1.3794848,0.17102216184139252,0.5222222208976746,0.25313130021095276
YOR193W,YBR112C,0,1.3794552,0.17096561193466187,0.5222222208976746,0.25323233008384705
YDR039C,YGL195W,0,1.3794506,0.1709090918302536,0.5222222208976746,0.25333333015441895
YJL173C,YGR161C,0,1.3792007,0.17085261642932892,0.5222222208976746,0.25343433022499084
YBR189W,YLL057C,0,1.3791308,0.17079617083072662,0.5222222208976746,0.25353536009788513
YGR024C,YIL056W,0,1.3789147,0.17073975503444672,0.5222222208976746,0.25363636016845703
YJL003W,YBR180W,0,1.378156,0.17068339884281158,0.5222222208976746,0.25373736023902893
YFR050C,YML047C,0,1.3778349,0.17062705755233765,0.5222222208976746,0.2538383901119232
YJR118C,YOR060C,1,1.3773818,0.17090068757534027,0.5232323408126831,0.2538383901119232
YGL025C,YJL127C,0,1.3773601,0.17084433138370514,0.5232323408126831,0.2539393901824951
YHR073W,YDR041W,0,1.3771911,0.1707880049943924,0.5232323408126831,0.254040390253067
YGR046W,YOL095C,1,1.3769784,0.17106130719184875,0.5242424011230469,0.254040390253067
YPL262W,YER149C,0,1.3768972,0.17100493609905243,0.5242424011230469,0.2541414201259613
YJR117W,YER072W,0,1.3765541,0.17094860970973969,0.5242424011230469,0.2542424201965332
YBL038W,YNL288W,0,1.3763571,0.17089232802391052,0.5242424011230469,0.2543434202671051
YDR127W,YPL173W,0,1.3760109,0.17083607614040375,0.5242424011230469,0.2544444501399994
YOR258W,YPL193W,0,1.3752074,0.17077986896038055,0.5242424011230469,0.2545454502105713
YBR153W,YMR101C,0,1.3743043,0.17072369158267975,0.5242424011230469,0.2546464502811432
YHR108W,YOR090C,0,1.3737416,0.17066754400730133,0.5242424011230469,0.2547474801540375
YDR009W,YLR249W,0,1.3731525,0.1706114411354065,0.5242424011230469,0.2548484802246094
YOR363C,YHR133C,0,1.3724568,0.17055536806583405,0.5242424011230469,0.2549494802951813
YGR204W,YFR047C,0,1.3724332,0.17049933969974518,0.5242424011230469,0.25505051016807556
YKR049C,YPR141C,0,1.3721437,0.1704433560371399,0.5242424011230469,0.25515151023864746
YGL195W,YPL156C,0,1.3718991,0.1703873872756958,0.5242424011230469,0.25525254011154175
YGL061C,YLR093C,0,1.3718255,0.17033147811889648,0.5242424011230469,0.25535354018211365
YBL091C,YIR031C,0,1.3716223,0.17027558386325836,0.5242424011230469,0.25545454025268555
YPL215W,YOR330C,1,1.3713923,0.1705477237701416,0.5252525210380554,0.25545454025268555
YBR086C,YPR017C,0,1.3710159,0.1704917997121811,0.5252525210380554,0.25555557012557983
YAL019W,YKL081W,0,1.3707448,0.17043592035770416,0.5252525210380554,0.25565657019615173
YNL145W,YJL083W,0,1.3707169,0.17038008570671082,0.5252525210380554,0.25575757026672363
YHR205W,YDL113C,0,1.3702652,0.17032426595687866,0.5252525210380554,0.2558586001396179
YDR500C,YDR303C,0,1.3702636,0.17026850581169128,0.5252525210380554,0.2559596002101898
YDL230W,YGR245C,0,1.3702009,0.1702127605676651,0.5252525210380554,0.2560606002807617
YDR129C,YER081W,0,1.3697746,0.1701570749282837,0.5252525210380554,0.256161630153656
YIL053W,YGR253C,0,1.3697274,0.17010140419006348,0.5252525210380554,0.2562626302242279
YDR372C,YDR188W,0,1.3693507,0.17004577815532684,0.5252525210380554,0.2563636302947998
YIL098C,YHR120W,1,1.368996,0.17031709849834442,0.526262640953064,0.2563636302947998
YOR101W,YER139C,0,1.3687391,0.1702614426612854,0.526262640953064,0.2564646601676941
YIL009W,YKL040C,0,1.3679988,0.17020581662654877,0.526262640953064,0.256565660238266
YPL209C,YBR049C,0,1.3675773,0.17015023529529572,0.526262640953064,0.2566666603088379
YMR076C,YOR320C,0,1.3673902,0.17009468376636505,0.526262640953064,0.2567676901817322
YGR181W,YML061C,1,1.3669097,0.17036554217338562,0.5272727012634277,0.2567676901817322
YOR316C,YER178W,0,1.3667418,0.17030994594097137,0.5272727012634277,0.2568686902523041
YGL070C,YGL058W,0,1.3665785,0.1702544093132019,0.5272727012634277,0.256969690322876
YHR006W,YDR005C,0,1.3663869,0.17019888758659363,0.5272727012634277,0.25707072019577026
YML059C,YEL051W,0,1.3661096,0.17014341056346893,0.5272727012634277,0.25717172026634216
YAL059W,YDR276C,0,1.3658127,0.17008797824382782,0.5272727012634277,0.25727272033691406
YMR053C,YOR004W,0,1.3655863,0.1700325757265091,0.5272727012634277,0.25737375020980835
YJR035W,YKR095W,0,1.3655583,0.16997720301151276,0.5272727012634277,0.25747475028038025
YGR204W,YKL132C,0,1.3652993,0.169921875,0.5272727012634277,0.25757575035095215
YBR091C,YLR190W,1,1.3650182,0.17019198834896088,0.5282828211784363,0.25757575035095215
YMR215W,YKL197C,0,1.3645487,0.17013663053512573,0.5282828211784363,0.25767678022384644
YAL026C,YPL254W,0,1.3644519,0.17008130252361298,0.5282828211784363,0.25777778029441833
YOR177C,YLR044C,0,1.3641146,0.1700260043144226,0.5282828211784363,0.25787878036499023
YCR031C,YDL145C,0,1.3640528,0.16997075080871582,0.5282828211784363,0.2579798102378845
YBR043C,YIL008W,0,1.3636575,0.16991552710533142,0.5282828211784363,0.2580808103084564
YNL020C,YDL223C,0,1.3631439,0.1698603481054306,0.5282828211784363,0.2581818103790283
YEL019C,YIL037C,0,1.363057,0.16980519890785217,0.5282828211784363,0.2582828402519226
YHR073W,YJR131W,0,1.3628892,0.16975007951259613,0.5282828211784363,0.2583838403224945
YKL185W,YPR034W,0,1.3626988,0.16969500482082367,0.5282828211784363,0.2584848403930664
YPL137C,YGR060W,0,1.3625407,0.1696399599313736,0.5282828211784363,0.2585858702659607
YIL068C,YER060W,0,1.3622892,0.1695849597454071,0.5282828211784363,0.2586868703365326
YEL006W,YFR049W,0,1.3622657,0.169529989361763,0.5282828211784363,0.2587878704071045
YCR024C,YOL061W,0,1.3619285,0.16947504878044128,0.5282828211784363,0.2588889002799988
YPL210C,YMR149W,0,1.3614819,0.16942015290260315,0.5282828211784363,0.2589899003505707
YMR318C,YHR154W,0,1.3604928,0.1693652868270874,0.5282828211784363,0.2590909004211426
YOR359W,YLR054C,0,1.3604854,0.16931045055389404,0.5282828211784363,0.25919193029403687
YIL022W,YOR060C,1,1.3603466,0.16957928240299225,0.5292929410934448,0.25919193029403687
YCL017C,YIL118W,0,1.3601047,0.1695244312286377,0.5292929410934448,0.25929293036460876
YML098W,YDR200C,0,1.3599888,0.16946959495544434,0.5292929410934448,0.25939393043518066
YJR073C,YGR007W,0,1.359446,0.16941480338573456,0.5292929410934448,0.25949496030807495
YDL243C,YLR323C,0,1.3593571,0.16936005651950836,0.5292929410934448,0.25959596037864685
YLR347C,YGR057C,0,1.3592892,0.16930532455444336,0.5292929410934448,0.25969696044921875
YGR204W,YOR136W,0,1.3592409,0.16925065219402313,0.5292929410934448,0.25979799032211304
YHR024C,YNL066W,1,1.3586482,0.16951888799667358,0.5303030014038086,0.25979799032211304
YIL069C,YCR038C,0,1.3582094,0.16946417093276978,0.5303030014038086,0.25989899039268494
YOR330C,YMR035W,1,1.3573546,0.16973216831684113,0.5313131213188171,0.25989899039268494
YGL243W,YJL196C,0,1.3565669,0.16967742145061493,0.5313131213188171,0.25999999046325684
YER179W,YKR088C,0,1.356552,0.16962270438671112,0.5313131213188171,0.2601010203361511
YLR185W,YKL141W,0,1.3565037,0.1695680171251297,0.5313131213188171,0.260202020406723
YKL145W,YOR260W,0,1.3559176,0.16951337456703186,0.5313131213188171,0.2603030204772949
YHR158C,YHL006C,0,1.3555962,0.1694587618112564,0.5313131213188171,0.2604040503501892
YGL006W,YOR259C,0,1.3555781,0.16940419375896454,0.5313131213188171,0.2605050504207611
YBR146W,YMR153W,0,1.3555019,0.16934964060783386,0.5313131213188171,0.260606050491333
YLR196W,YBR089C-A,0,1.355381,0.16929514706134796,0.5313131213188171,0.2607070803642273
YGL025C,YOR113W,0,1.3551593,0.16924066841602325,0.5313131213188171,0.2608080804347992
YPL130W,YBR023C,0,1.3548112,0.16918623447418213,0.5313131213188171,0.2609090805053711
YDR350C,YOR357C,0,1.3545351,0.1691318303346634,0.5313131213188171,0.2610101103782654
YBR162C,YGR083C,0,1.3543683,0.16907747089862823,0.5313131213188171,0.2611111104488373
YOL078W,YGL111W,0,1.354263,0.16902314126491547,0.5313131213188171,0.2612121105194092
YER100W,YHR142W,0,1.3537369,0.16896884143352509,0.5313131213188171,0.26131314039230347
YCR065W,YBR049C,0,1.3532313,0.1689145863056183,0.5313131213188171,0.26141414046287537
YGR181W,YOL076W,1,1.3530744,0.16918137669563293,0.5323232412338257,0.26141414046287537
YJR153W,YMR225C,0,1.3529139,0.16912709176540375,0.5323232412338257,0.26151514053344727
YIR019C,YHR111W,0,1.3526998,0.16907282173633575,0.5323232412338257,0.26161617040634155
YOR117W,YGR170W,0,1.352453,0.16901859641075134,0.5323232412338257,0.26171717047691345
YAL048C,YPL215W,1,1.3523443,0.16928502917289734,0.5333333611488342,0.26171717047691345
YOR334W,YPR161C,0,1.3522956,0.16923077404499054,0.5333333611488342,0.26181817054748535
YNL328C,YGL219C,1,1.3521652,0.16949695348739624,0.534343421459198,0.26181817054748535
YPR169W,YFR025C,0,1.3520546,0.16944266855716705,0.534343421459198,0.26191920042037964
YOR383C,YKL081W,0,1.3514524,0.16938841342926025,0.534343421459198,0.26202020049095154
YER060W,YER081W,0,1.3514168,0.16933418810367584,0.534343421459198,0.26212120056152344
YNL328C,YBR212W,1,1.3512907,0.1695999950170517,0.5353535413742065,0.26212120056152344
YLR118C,YGL107C,0,1.3510851,0.1695457398891449,0.5353535413742065,0.2622222304344177
YHR110W,YMR322C,0,1.350693,0.16949152946472168,0.5353535413742065,0.2623232305049896
YML076C,YJL196C,0,1.350655,0.16943733394145966,0.5353535413742065,0.2624242305755615
YDR398W,YLR263W,0,1.3496463,0.1693831831216812,0.5353535413742065,0.2625252604484558
YNL130C,YOR026W,0,1.3495884,0.16932907700538635,0.5353535413742065,0.2626262605190277
YPL036W,YLR181C,0,1.3495412,0.16927498579025269,0.5353535413742065,0.2627272605895996
YKL149C,YKR077W,0,1.3494029,0.1692209392786026,0.5353535413742065,0.2628282904624939
YDR004W,YLR044C,0,1.3486677,0.1691669374704361,0.5353535413742065,0.2629292905330658
YLR361C,YNL214W,0,1.3486168,0.1691129505634308,0.5353535413742065,0.2630302906036377
YDR513W,YNL278W,0,1.3485038,0.16905900835990906,0.5353535413742065,0.263131320476532
YBR086C,YKR034W,0,1.3482082,0.16900509595870972,0.5353535413742065,0.2632323205471039
YJL078C,YGR005C,0,1.3479867,0.16895122826099396,0.5353535413742065,0.2633333206176758
YKL138C,YKL080W,0,1.3478482,0.16889739036560059,0.5353535413742065,0.26343435049057007
YOR253W,YLR363C,0,1.347507,0.1688435822725296,0.5353535413742065,0.26353535056114197
YNL045W,YHR149C,0,1.347492,0.168789803981781,0.5353535413742065,0.26363635063171387
YHR110W,YNL287W,0,1.3474591,0.168736070394516,0.5353535413742065,0.26373738050460815
YDR075W,YNL023C,0,1.3473986,0.16868236660957336,0.5353535413742065,0.26383838057518005
YLL018C,YHR133C,0,1.3473277,0.16862869262695312,0.5353535413742065,0.26393938064575195
YIL022W,YMR035W,1,1.3472865,0.16889312863349915,0.5363636612892151,0.26393938064575195
YHR113W,YDR021W,0,1.3467859,0.16883942484855652,0.5363636612892151,0.26404041051864624
YOR241W,YGL105W,0,1.3459649,0.16878576576709747,0.5363636612892151,0.26414141058921814
YCR024C,YOR335C,0,1.3459201,0.16873212158679962,0.5363636612892151,0.26424241065979004
YJR153W,YKL054C,0,1.345918,0.16867852210998535,0.5363636612892151,0.2643434405326843
YGR174C,YOL009C,1,1.3458083,0.16894252598285675,0.5373737215995789,0.2643434405326843
YNL051W,YOR192C,0,1.3455452,0.1688888818025589,0.5373737215995789,0.2644444406032562
YOR034C,YER072W,0,1.3451211,0.16883529722690582,0.5373737215995789,0.2645454406738281
YGL070C,YPL225W,0,1.3443191,0.16878172755241394,0.5373737215995789,0.2646464705467224
YER072W,YKL079W,0,1.3439507,0.16872820258140564,0.5373737215995789,0.2647474706172943
YOR260W,YOL059W,0,1.3433986,0.16867469251155853,0.5373737215995789,0.2648484706878662
YLL006W,YBR212W,1,1.3430318,0.16893818974494934,0.5383838415145874,0.2648484706878662
YER159C,YPL145C,0,1.3429716,0.16888466477394104,0.5383838415145874,0.2649495005607605
YHL003C,YJL196C,0,1.3425465,0.16883116960525513,0.5383838415145874,0.2650505006313324
YGR193C,YGR245C,0,1.3423834,0.1687777042388916,0.5383838415145874,0.2651515007019043
YLL018C,YEL024W,0,1.3421125,0.16872428357601166,0.5383838415145874,0.2652525305747986
YJL078C,YKL155C,0,1.3419514,0.1686708927154541,0.5383838415145874,0.2653535306453705
YPL004C,YCL039W,0,1.3418279,0.16861753165721893,0.5383838415145874,0.2654545307159424
YNL068C,YCL067C,0,1.3417649,0.16856420040130615,0.5383838415145874,0.26555556058883667
YPL043W,YLR409C,0,1.3410865,0.16851091384887695,0.5383838415145874,0.26565656065940857
YLL018C-A,YLR259C,1,1.3409574,0.16877371072769165,0.539393961429596,0.26565656065940857
YDR129C,YNL142W,0,1.3408103,0.16872037947177887,0.539393961429596,0.26575759053230286
YDR246W,YKL032C,0,1.3401968,0.16866709291934967,0.539393961429596,0.26585859060287476
YKL141W,YGL027C,0,1.339184,0.16861383616924286,0.539393961429596,0.26595959067344666
YMR175W,YER093C,0,1.3382392,0.16856060922145844,0.539393961429596,0.26606062054634094
YGR004W,YGR211W,0,1.3377839,0.1685074120759964,0.539393961429596,0.26616162061691284
YMR040W,YPL006W,0,1.3369751,0.16845425963401794,0.539393961429596,0.26626262068748474
YOR267C,YMR274C,0,1.3364986,0.16840113699436188,0.539393961429596,0.26636365056037903
YJL196C,YDL046W,0,1.3364738,0.1683480441570282,0.539393961429596,0.2664646506309509
YNL199C,YHR106W,0,1.335912,0.1682949960231781,0.539393961429596,0.2665656507015228
YHR005C,YKL058W,0,1.3358854,0.1682419627904892,0.539393961429596,0.2666666805744171
YOR241W,YNR033W,0,1.335279,0.16818897426128387,0.539393961429596,0.266767680644989
YGR142W,YNR033W,0,1.3348083,0.16813601553440094,0.539393961429596,0.2668686807155609
YDL100C,YPR199C,0,1.3347102,0.1680831015110016,0.539393961429596,0.2669697105884552
YLR054C,YPL253C,0,1.3347015,0.16803020238876343,0.539393961429596,0.2670707106590271
YML120C,YLR260W,0,1.3346825,0.16797734797000885,0.539393961429596,0.267171710729599
YLR315W,YEL032W,0,1.3342767,0.16792452335357666,0.539393961429596,0.2672727406024933
YDL124W,YDR188W,0,1.3327224,0.16787174344062805,0.539393961429596,0.2673737406730652
YIL106W,YPL145C,0,1.332066,0.16781897842884064,0.539393961429596,0.2674747407436371
YLR167W,YLR023C,0,1.331931,0.1677662581205368,0.539393961429596,0.26757577061653137
YEL027W,YHR133C,0,1.3317103,0.16771356761455536,0.539393961429596,0.26767677068710327
YMR048W,YBR131W,0,1.3315333,0.1676609069108963,0.539393961429596,0.26777777075767517
YER167W,YML055W,0,1.331138,0.16760829091072083,0.539393961429596,0.26787880063056946
YDL113C,YGL107C,0,1.3311212,0.16755568981170654,0.539393961429596,0.26797980070114136
YGL063W,YJL094C,0,1.3309612,0.16750313341617584,0.539393961429596,0.26808080077171326
YPL171C,YKR079C,0,1.3306196,0.16745060682296753,0.539393961429596,0.26818183064460754
YHL028W,YPL126W,0,1.3303626,0.1673981249332428,0.539393961429596,0.26828283071517944
YHL038C,YBL091C,0,1.3303089,0.16734565794467926,0.539393961429596,0.26838383078575134
YML041C,YDL087C,0,1.3301167,0.1672932356595993,0.539393961429596,0.26848486065864563
YLR193C,YML061C,1,1.3298583,0.16755402088165283,0.5404040217399597,0.26848486065864563
YLR239C,YPR141C,0,1.3296256,0.1675015687942505,0.5404040217399597,0.26858586072921753
YHR194W,YOR060C,1,1.3291969,0.1677621304988861,0.5414141416549683,0.26858586072921753
YJL078C,YNR055C,0,1.329184,0.16770963370800018,0.5414141416549683,0.26868686079978943
YDR178W,YNR055C,0,1.3285933,0.16765718162059784,0.5414141416549683,0.2687878906726837
YDR528W,YGR244C,0,1.3284812,0.16760475933551788,0.5414141416549683,0.2688888907432556
YGL061C,YNL161W,0,1.3281844,0.16755236685276031,0.5414141416549683,0.2689898908138275
YER143W,YOR359W,0,1.3281318,0.16750000417232513,0.5414141416549683,0.2690909206867218
YDR041W,YGR083C,0,1.3278661,0.16744767129421234,0.5414141416549683,0.2691919207572937
YLR247C,YIL167W,0,1.3267694,0.16739538311958313,0.5414141416549683,0.2692929208278656
YGR254W,YJR052W,0,1.3266137,0.1673431098461151,0.5414141416549683,0.2693939507007599
YGR181W,YMR275C,1,1.326369,0.167603000998497,0.5424242615699768,0.2693939507007599
YDR500C,YDL018C,0,1.3263385,0.1675506979227066,0.5424242615699768,0.2694949507713318
YDR189W,YKL029C,0,1.3263357,0.16749843955039978,0.5424242615699768,0.2695959508419037
YNL173C,YNL029C,0,1.3261447,0.16744621098041534,0.5424242615699768,0.269696980714798
YHR146W,YNL130C,0,1.3260089,0.1673940122127533,0.5424242615699768,0.2697979807853699
YDR430C,YLR067C,0,1.3259628,0.16734185814857483,0.5424242615699768,0.2698989808559418
YIL036W,YDL139C,0,1.3259513,0.16728971898555756,0.5424242615699768,0.27000001072883606
YML023C,YBR254C,0,1.3258729,0.16723762452602386,0.5424242615699768,0.27010101079940796
YML133C,YPR100W,0,1.325488,0.16718555986881256,0.5424242615699768,0.27020201086997986
YHL028W,YDR303C,0,1.3252141,0.16713352501392365,0.5424242615699768,0.27030304074287415
YML031W,YGR260W,0,1.3241532,0.16708151996135712,0.5424242615699768,0.27040404081344604
YDR217C,YBR301W,0,1.3240678,0.16702954471111298,0.5424242615699768,0.27050504088401794
YPR180W,YOR357C,0,1.3238975,0.16697761416435242,0.5424242615699768,0.27060607075691223
YMR243C,YJL167W,0,1.3237177,0.16692571341991425,0.5424242615699768,0.27070707082748413
YCR024C,YLR056W,0,1.3231323,0.16687382757663727,0.5424242615699768,0.27080807089805603
YGR204W,YCR065W,0,1.3229649,0.16682200133800507,0.5424242615699768,0.2709091007709503
YLL018C,YLL026W,0,1.3228647,0.16677019000053406,0.5424242615699768,0.2710101008415222
YML107C,YML096W,0,1.3225331,0.16671840846538544,0.5424242615699768,0.2711111009120941
YJR052W,YGL064C,0,1.3225067,0.1666666716337204,0.5424242615699768,0.2712121307849884
YPL138C,YNL243W,0,1.3223709,0.16661494970321655,0.5424242615699768,0.2713131308555603
YOR189W,YER032W,0,1.3221244,0.1665632724761963,0.5424242615699768,0.2714141309261322
YIL022W,YPR131C,1,1.3217573,0.1668217033147812,0.5434343218803406,0.2714141309261322
YER040W,YBL091C,0,1.3216226,0.16676999628543854,0.5434343218803406,0.2715151607990265
YGL078C,YNR053C,0,1.3214953,0.16671831905841827,0.5434343218803406,0.2716161608695984
YJR132W,YNL068C,0,1.3209825,0.1666666716337204,0.5434343218803406,0.2717171609401703
YPL140C,YIL137C,0,1.3209763,0.1666150540113449,0.5434343218803406,0.2718181908130646
YPL146C,YAL030W,0,1.32063,0.1665634661912918,0.5434343218803406,0.2719191908836365
YGL070C,YDR040C,0,1.3198872,0.1665119230747223,0.5434343218803406,0.2720201909542084
YLR277C,YLR060W,0,1.3198228,0.16646039485931396,0.5434343218803406,0.27212122082710266
YOR250C,YNL173C,0,1.3197242,0.16640891134738922,0.5434343218803406,0.27222222089767456
YDR007W,YLR067C,0,1.3196275,0.16635745763778687,0.5434343218803406,0.27232322096824646
YDR343C,YGR245C,0,1.3191485,0.1663060337305069,0.5434343218803406,0.27242425084114075
YJL078C,YDR023W,0,1.3191297,0.16625463962554932,0.5434343218803406,0.27252525091171265
YAL048C,YLR193C,1,1.3191086,0.16651220619678497,0.5444444417953491,0.27252525091171265
YMR192W,YMR158W,0,1.3187823,0.166460782289505,0.5444444417953491,0.27262625098228455
YGR193C,YLR068W,0,1.3187424,0.16640938818454742,0.5444444417953491,0.27272728085517883
YJR153W,YOR001W,0,1.3184453,0.16635802388191223,0.5444444417953491,0.27282828092575073
YDR309C,YPR155C,0,1.3179588,0.16630668938159943,0.5444444417953491,0.27292928099632263
YPR143W,YDR204W,0,1.3174577,0.1662553995847702,0.5444444417953491,0.2730303108692169
YDR175C,YGL058W,0,1.3174012,0.16620412468910217,0.5444444417953491,0.2731313109397888
YGR003W,YDL046W,0,1.3173957,0.16615289449691772,0.5444444417953491,0.2732323110103607
YGL192W,YOR259C,0,1.3171388,0.16610169410705566,0.5444444417953491,0.273333340883255
YOR045W,YOL095C,1,1.3167388,0.1663585901260376,0.5454545617103577,0.273333340883255
YMR232W,YBL051C,0,1.31668,0.16630735993385315,0.5454545617103577,0.2734343409538269
YIL075C,YMR261C,0,1.3164586,0.1662561595439911,0.5454545617103577,0.2735353410243988
YEL027W,YML047C,0,1.3160744,0.16620498895645142,0.5454545617103577,0.2736363708972931
YKL016C,YNL286W,0,1.3153744,0.16615384817123413,0.5454545617103577,0.273737370967865
YGL126W,YMR205C,0,1.3151814,0.16610273718833923,0.5454545617103577,0.2738383710384369
YGL005C,YOL061W,0,1.3150935,0.16605165600776672,0.5454545617103577,0.2739394009113312
YLR360W,YKL043W,0,1.3150262,0.1660006195306778,0.5454545617103577,0.2740404009819031
YPR134W,YER127W,0,1.31496,0.16594959795475006,0.5454545617103577,0.274141401052475
YDR021W,YOR132W,0,1.3146082,0.1658986210823059,0.5454545617103577,0.27424243092536926
YGL067W,YML076C,0,1.3141563,0.16584765911102295,0.5454545617103577,0.27434343099594116
YNL132W,YLL057C,0,1.3141465,0.16579674184322357,0.5454545617103577,0.27444443106651306
YHL038C,YER015W,0,1.3141081,0.16574585437774658,0.5454545617103577,0.27454546093940735
YOR380W,YPL221W,0,1.3140366,0.16569499671459198,0.5454545617103577,0.27464646100997925
YDR087C,YLR068W,0,1.3134195,0.16564416885375977,0.5454545617103577,0.27474746108055115
YNL020C,YHL003C,0,1.3133755,0.16559337079524994,0.5454545617103577,0.27484849095344543
YNR032C-A,YGL070C,0,1.3125365,0.1655426174402237,0.5454545617103577,0.27494949102401733
YDL124W,YDL211C,0,1.3124485,0.16549187898635864,0.5454545617103577,0.27505049109458923
YIR019C,YPR169W,0,1.3121557,0.16544117033481598,0.5454545617103577,0.2751515209674835
YLR324W,YBL063W,0,1.3120961,0.1653905063867569,0.5454545617103577,0.2752525210380554
YER109C,YIL043C,0,1.3118787,0.1653398722410202,0.5454545617103577,0.2753535211086273
YEL005C,YLR442C,0,1.3118289,0.1652892529964447,0.5454545617103577,0.2754545509815216
YOR065W,YJR046W,0,1.311578,0.16523867845535278,0.5454545617103577,0.2755555510520935
YLR223C,YHL031C,0,1.3105375,0.16518813371658325,0.5454545617103577,0.2756565511226654
YPR008W,YHR154W,0,1.3098469,0.1651376187801361,0.5454545617103577,0.2757575809955597
YNL031C,YOL032W,0,1.3098121,0.16508713364601135,0.5454545617103577,0.2758585810661316
YMR053C,YCR005C,0,1.3097762,0.16503667831420898,0.5454545617103577,0.2759595811367035
YGR082W,YAL048C,1,1.3094975,0.16529178619384766,0.5464646220207214,0.2759595811367035
YGL142C,YLR466W,0,1.3093674,0.1652413010597229,0.5464646220207214,0.2760606110095978
YML061C,YGL219C,1,1.308841,0.16549618542194366,0.54747474193573,0.2760606110095978
YER093C,YKL043W,0,1.3082895,0.16544567048549652,0.54747474193573,0.2761616110801697
YOR316C,YGL115W,0,1.3081944,0.16539518535137177,0.54747474193573,0.27626264095306396
YMR002W,YBR301W,0,1.3081133,0.1653447151184082,0.54747474193573,0.27636364102363586
YDR325W,YLR055C,0,1.3080122,0.16529430449008942,0.54747474193573,0.27646464109420776
YNL137C,YGR083C,0,1.3074691,0.16524390876293182,0.54747474193573,0.27656567096710205
YNL173C,YIL018W,0,1.307008,0.16519354283809662,0.54747474193573,0.27666667103767395
YDR111C,YKR034W,0,1.3069222,0.1651432067155838,0.54747474193573,0.27676767110824585
YPL061W,YHL025W,0,1.3061428,0.16509290039539337,0.54747474193573,0.27686870098114014
YNL190W,YOR207C,0,1.3059613,0.16504262387752533,0.54747474193573,0.27696970105171204
YBR107C,YMR207C,0,1.305767,0.16499239206314087,0.54747474193573,0.27707070112228394
YPR110C,YOR002W,0,1.3056995,0.1649421751499176,0.54747474193573,0.2771717309951782
YOR264W,YKL150W,0,1.3055832,0.16489200294017792,0.54747474193573,0.2772727310657501
YOR060C,YGL219C,1,1.305398,0.16514597833156586,0.5484848618507385,0.2772727310657501
YKL016C,YOR156C,0,1.304953,0.16509577631950378,0.5484848618507385,0.277373731136322
YDR212W,YKR007W,0,1.3049176,0.1650455892086029,0.5484848618507385,0.2774747610092163
YHL025W,YNR037C,0,1.3047497,0.1649954468011856,0.5484848618507385,0.2775757610797882
YLR409C,YKR052C,0,1.3042384,0.1649453192949295,0.5484848618507385,0.2776767611503601
YDL091C,YJR049C,0,1.3039368,0.16489523649215698,0.5484848618507385,0.2777777910232544
YDL220C,YNL041C,0,1.3038195,0.16484516859054565,0.5484848618507385,0.2778787910938263
YER142C,YKL054C,0,1.3037993,0.1647951453924179,0.5484848618507385,0.2779797911643982
YAR042W,YDL135C,0,1.3037848,0.16474515199661255,0.5484848618507385,0.2780808210372925
YDR204W,YMR220W,0,1.3031855,0.16469517350196838,0.5484848618507385,0.2781818211078644
YOR087W,YLR039C,0,1.3030636,0.1646452397108078,0.5484848618507385,0.2782828211784363
YJL057C,YOR034C,0,1.3029776,0.1645953357219696,0.5484848618507385,0.27838385105133057
YHR110W,YIR026C,0,1.3029697,0.1645454615354538,0.5484848618507385,0.27848485112190247
YDR490C,YDR041W,0,1.3022301,0.16449560225009918,0.5484848618507385,0.27858585119247437
YHL031C,YGR161C,0,1.3017194,0.16444578766822815,0.5484848618507385,0.27868688106536865
YBR208C,YDR438W,0,1.3011901,0.1643960028886795,0.5484848618507385,0.27878788113594055
YML086C,YHR142W,0,1.2997658,0.16434624791145325,0.5484848618507385,0.27888888120651245
YPL209C,YDL149W,0,1.2997242,0.16429652273654938,0.5484848618507385,0.27898991107940674
YPL137C,YJL003W,0,1.2994877,0.1642468273639679,0.5484848618507385,0.27909091114997864
YBR101C,YKL197C,0,1.2989472,0.1641971617937088,0.5484848618507385,0.27919191122055054
YIR004W,YBL091C,0,1.298925,0.1641475260257721,0.5484848618507385,0.2792929410934448
YGR178C,YKR077W,0,1.2985338,0.16409792006015778,0.5484848618507385,0.2793939411640167
YJL174W,YGR060W,0,1.2984545,0.16404834389686584,0.5484848618507385,0.2794949412345886
YHR037W,YOL052C-A,0,1.298168,0.1639987975358963,0.5484848618507385,0.2795959711074829
YLL031C,YDR301W,0,1.2981074,0.16394928097724915,0.5484848618507385,0.2796969711780548
YFR050C,YMR131C,0,1.2979884,0.16389979422092438,0.5484848618507385,0.2797979712486267
YPL221W,YGL194C,0,1.2979503,0.163850337266922,0.5484848618507385,0.279899001121521
YML023C,YHR106W,0,1.2979288,0.163800910115242,0.5484848618507385,0.2800000011920929
YOR087W,YOR004W,0,1.2978652,0.1637515127658844,0.5484848618507385,0.2801010012626648
YLR292C,YGL049C,0,1.297822,0.16370214521884918,0.5484848618507385,0.2802020311355591
YKL033W,YCR024C,0,1.2978082,0.16365280747413635,0.5484848618507385,0.280303031206131
YGL142C,YBL035C,0,1.2977706,0.1636034995317459,0.5484848618507385,0.2804040312767029
YOR195W,YLR466W,0,1.297587,0.16355422139167786,0.5484848618507385,0.28050506114959717
YGR254W,YLR390W-A,0,1.2973453,0.1635049730539322,0.5484848618507385,0.28060606122016907
YJL098W,YDR464W,0,1.2973176,0.1634557545185089,0.5484848618507385,0.28070706129074097
YMR192W,YLL057C,0,1.2966465,0.16340656578540802,0.5484848618507385,0.28080809116363525
YLL048C,YBL008W,0,1.2964411,0.16335740685462952,0.5484848618507385,0.28090909123420715
YOR192C,YDL139C,0,1.296383,0.1633082777261734,0.5484848618507385,0.28101009130477905
YDR500C,YMR101C,0,1.2962954,0.16325916349887848,0.5484848618507385,0.28111112117767334
YBR149W,YCR063W,0,1.2960383,0.16321009397506714,0.5484848618507385,0.28121212124824524
YPR008W,YEL051W,0,1.2959976,0.16316105425357819,0.5484848618507385,0.28131312131881714
YHL011C,YKL087C,0,1.2959509,0.16311204433441162,0.5484848618507385,0.2814141511917114
YIL037C,YHR193C,0,1.2958155,0.16306306421756744,0.5484848618507385,0.2815151512622833
YBL005W,YOR259C,0,1.2955326,0.16301411390304565,0.5484848618507385,0.2816161513328552
YJL096W,YML016C,0,1.2952905,0.16296519339084625,0.5484848618507385,0.2817171812057495
YCR005C,YPR086W,0,1.2949274,0.16291628777980804,0.5484848618507385,0.2818181812763214
YER102W,YDR057W,0,1.2947397,0.16286742687225342,0.5484848618507385,0.2819191813468933
YML100W,YDR057W,0,1.2944775,0.16281859576702118,0.5484848618507385,0.2820202112197876
YOR380W,YPL198W,0,1.2942952,0.16276977956295013,0.5484848618507385,0.2821212112903595
YJR123W,YPL156C,0,1.2941777,0.16272100806236267,0.5484848618507385,0.2822222113609314
YLL006W,YLR190W,1,1.2932694,0.1629718393087387,0.5494949221611023,0.2822222113609314
YDL124W,YJL196C,0,1.2929708,0.16292303800582886,0.5494949221611023,0.2823232412338257
YAL056W,YNL118C,0,1.2929207,0.1628742516040802,0.5494949221611023,0.2824242413043976
YPR188C,YEL032W,0,1.2925619,0.16282549500465393,0.5494949221611023,0.2825252413749695
YGL126W,YJL001W,0,1.2923712,0.16277678310871124,0.5494949221611023,0.28262627124786377
YML061C,YBR212W,1,1.290803,0.16302722692489624,0.5505050420761108,0.28262627124786377
YAL015C,YKL029C,0,1.2907602,0.16297847032546997,0.5505050420761108,0.28272727131843567
YOR156C,YFL026W,0,1.2901647,0.1629297435283661,0.5505050420761108,0.28282827138900757
YCL051W,YBR193C,0,1.2898662,0.1628810465335846,0.5505050420761108,0.28292930126190186
YOR193W,YML086C,0,1.2895957,0.16283239424228668,0.5505050420761108,0.28303030133247375
YDR075W,YOR027W,0,1.289123,0.16278375685214996,0.5505050420761108,0.28313130140304565
YOL076W,YJR118C,1,1.288749,0.16303373873233795,0.5515151619911194,0.28313130140304565
YGR161C,YNL288W,0,1.2886248,0.16298507153987885,0.5515151619911194,0.28323233127593994
YOR081C,YPR169W,0,1.28859,0.16293643414974213,0.5515151619911194,0.28333333134651184
YFL026W,YMR091C,0,1.2883612,0.1628878265619278,0.5515151619911194,0.28343433141708374
YOL009C,YOR330C,1,1.2881696,0.1631374955177307,0.5525252819061279,0.28343433141708374
YGR082W,YBR091C,1,1.288116,0.1633870005607605,0.5535353422164917,0.28343433141708374
YGL076C,YDR204W,0,1.2879593,0.163338303565979,0.5535353422164917,0.283535361289978
YPL100W,YHR190W,0,1.2876093,0.1632896363735199,0.5535353422164917,0.2836363613605499
YLR382C,YDR469W,0,1.2875065,0.16324098408222198,0.5535353422164917,0.2837373614311218
YDR434W,YLR189C,0,1.287173,0.16319237649440765,0.5535353422164917,0.2838383913040161
YKL134C,YOR330C,1,1.2865337,0.1634414941072464,0.5545454621315002,0.2838383913040161
YML013W,YKR079C,0,1.2861788,0.16339285671710968,0.5545454621315002,0.283939391374588
YKL149C,YGL195W,0,1.2859569,0.16334424912929535,0.5545454621315002,0.2840403914451599
YNL137C,YLR175W,0,1.2857165,0.1632956564426422,0.5545454621315002,0.2841414213180542
YGR254W,YOL135C,0,1.2855432,0.16324709355831146,0.5545454621315002,0.2842424213886261
YHR108W,YPL169C,0,1.2848353,0.1631985753774643,0.5545454621315002,0.284343421459198
YEL020W-A,YLR059C,1,1.2840635,0.16344724595546722,0.5555555820465088,0.284343421459198
YDR500C,YGR004W,0,1.2839768,0.16339869797229767,0.5555555820465088,0.2844444513320923
YDR343C,YGL061C,0,1.2837777,0.1633501648902893,0.5555555820465088,0.2845454514026642
YFR031C-A,YDR160W,0,1.2835767,0.16330166161060333,0.5555555820465088,0.2846464514732361
YDL100C,YER129W,0,1.2827156,0.16325318813323975,0.5555555820465088,0.28474748134613037
YNL023C,YMR105C,0,1.282551,0.16320474445819855,0.5555555820465088,0.28484848141670227
YPR131C,YHR194W,1,1.2822921,0.16345298290252686,0.5565656423568726,0.28484848141670227
YHR110W,YHR133C,0,1.2822907,0.16340450942516327,0.5565656423568726,0.28494948148727417
YCR036W,YPL076W,0,1.2818995,0.16335606575012207,0.5565656423568726,0.28505051136016846
YJR131W,YJL003W,0,1.2818555,0.16330765187740326,0.5565656423568726,0.28515151143074036
YDL230W,YCR105W,0,1.2815626,0.16325925290584564,0.5565656423568726,0.28525251150131226
YMR275C,YMR035W,1,1.2813063,0.1635071039199829,0.5575757622718811,0.28525251150131226
YGR202C,YPL130W,0,1.2811142,0.1634586900472641,0.5575757622718811,0.28535354137420654
YML102W,YDL119C,0,1.2809503,0.16341030597686768,0.5575757622718811,0.28545454144477844
YKL197C,YPL235W,0,1.2808516,0.16336193680763245,0.5575757622718811,0.28555554151535034
YJL013C,YIL018W,0,1.2806947,0.1633136123418808,0.5575757622718811,0.28565657138824463
YOR172W,YJL083W,0,1.2806154,0.16326530277729034,0.5575757622718811,0.28575757145881653
YGR165W,YPL021W,0,1.2801517,0.16321703791618347,0.5575757622718811,0.2858585715293884
YDR375C,YLR059C,1,1.2795652,0.16346438229084015,0.5585858821868896,0.2858585715293884
YAL030W,YNL317W,0,1.27947,0.1634160727262497,0.5585858821868896,0.2859596014022827
YGL098W,YGR208W,0,1.2793267,0.16336779296398163,0.5585858821868896,0.2860606014728546
YPR131C,YML061C,1,1.2790766,0.163614884018898,0.5595959424972534,0.2860606014728546
YLR167W,YBR208C,0,1.2787806,0.16356657445430756,0.5595959424972534,0.2861616015434265
YFL061W,YOR192C,0,1.2786227,0.1635182946920395,0.5595959424972534,0.2862626314163208
YEL019C,YNL023C,0,1.2782857,0.1634700447320938,0.5595959424972534,0.2863636314868927
YBR119W,YLR299W,0,1.2781824,0.16342182457447052,0.5595959424972534,0.286464661359787
YPR134W,YMR226C,0,1.2779733,0.16337363421916962,0.5595959424972534,0.2865656614303589
YDR190C,YGR094W,0,1.277899,0.1633254736661911,0.5595959424972534,0.2866666615009308
YNL137C,YHR190W,0,1.2777579,0.16327734291553497,0.5595959424972534,0.2867676913738251
YDR361C,YNL023C,0,1.2770936,0.16322922706604004,0.5595959424972534,0.286868691444397
YOL020W,YBR168W,0,1.2769009,0.1631811559200287,0.5595959424972534,0.28696969151496887
YDR515W,YOR250C,0,1.2763151,0.16313309967517853,0.5595959424972534,0.28707072138786316
YBR086C,YKL032C,0,1.2761341,0.16308507323265076,0.5595959424972534,0.28717172145843506
YDR127W,YDR434W,0,1.2761072,0.16303707659244537,0.5595959424972534,0.28727272152900696
YPL209C,YLR039C,0,1.2757643,0.16298910975456238,0.5595959424972534,0.28737375140190125
YAL007C,YBR181C,0,1.2757499,0.16294117271900177,0.5595959424972534,0.28747475147247314
YDL220C,YDR328C,0,1.2756591,0.16289326548576355,0.5595959424972534,0.28757575154304504
YLR324W,YJL208C,0,1.2755995,0.16284538805484772,0.5595959424972534,0.28767678141593933
YAL011W,YLR432W,0,1.2755878,0.16279752552509308,0.5595959424972534,0.28777778148651123
YDR430C,YPL253C,0,1.2753866,0.16274970769882202,0.5595959424972534,0.28787878155708313
YNR038W,YKR052C,0,1.2751281,0.16270190477371216,0.5595959424972534,0.2879798114299774
YLR361C,YGR245C,0,1.2750478,0.16265414655208588,0.5595959424972534,0.2880808115005493
YMR225C,YKL079W,0,1.2749857,0.1626064032316208,0.5595959424972534,0.2881818115711212
YDR439W,YBL008W,0,1.274893,0.1625586897134781,0.5595959424972534,0.2882828414440155
YLR007W,YDL149W,0,1.274842,0.16251100599765778,0.5595959424972534,0.2883838415145874
YPL115C,YGL027C,0,1.2747197,0.16246333718299866,0.5595959424972534,0.2884848415851593
YIL147C,YDR513W,0,1.274713,0.16241571307182312,0.5595959424972534,0.2885858714580536
YHR190W,YGL127C,0,1.2745471,0.16236811876296997,0.5595959424972534,0.2886868715286255
YIL156W,YLR315W,0,1.274481,0.16232053935527802,0.5595959424972534,0.2887878715991974
YGL167C,YER159C,0,1.2743691,0.16227298974990845,0.5595959424972534,0.2888889014720917
YKR072C,YLL057C,0,1.2736022,0.16222546994686127,0.5595959424972534,0.2889899015426636
YMR275C,YHR120W,1,1.2734662,0.1624707281589508,0.560606062412262,0.2889899015426636
YNL103W,YOR319W,0,1.2729177,0.16242317855358124,0.560606062412262,0.2890909016132355
YGL078C,YDR257C,0,1.2724121,0.16237565875053406,0.560606062412262,0.28919193148612976
YGL126W,YPR169W,0,1.272388,0.16232816874980927,0.560606062412262,0.28929293155670166
YPL021W,YHL035C,0,1.2723336,0.16228070855140686,0.560606062412262,0.28939393162727356
YOL023W,YBR049C,0,1.2721204,0.16223326325416565,0.560606062412262,0.28949496150016785
YNL328C,YHR120W,1,1.271632,0.16247808933258057,0.5616161823272705,0.28949496150016785
YDR515W,YBR045C,0,1.2715299,0.16243061423301697,0.5616161823272705,0.28959596157073975
YDL091C,YDR300C,0,1.2714288,0.16238318383693695,0.5616161823272705,0.28969696164131165
YOL009C,YNL066W,1,1.2712272,0.16262774169445038,0.5626262426376343,0.28969696164131165
YLR059C,YOR330C,1,1.2703382,0.16287215054035187,0.5636363625526428,0.28969696164131165
YPL193W,YGL129C,0,1.2703333,0.1628246307373047,0.5636363625526428,0.28979799151420593
YOR156C,YKL087C,0,1.2700214,0.1627771258354187,0.5636363625526428,0.28989899158477783
YAL048C,YMR035W,1,1.2692058,0.1630212962627411,0.5646464824676514,0.28989899158477783
YMR322C,YMR001C,0,1.2689584,0.16297376155853271,0.5646464824676514,0.28999999165534973
YPL001W,YLR044C,0,1.2687745,0.16292625665664673,0.5646464824676514,0.290101021528244
YFR050C,YHR197W,0,1.2685487,0.16287878155708313,0.5646464824676514,0.2902020215988159
YLR131C,YIL153W,0,1.268285,0.16283133625984192,0.5646464824676514,0.2903030216693878
YIL069C,YER032W,0,1.2681327,0.1627839207649231,0.5646464824676514,0.2904040515422821
YNL164C,YBL072C,0,1.268084,0.16273653507232666,0.5646464824676514,0.290505051612854
YDR397C,YDR384C,0,1.2678957,0.1626891791820526,0.5646464824676514,0.2906060516834259
YNL167C,YOL144W,0,1.267545,0.16264183819293976,0.5646464824676514,0.2907070815563202
YPL171C,YLR037C,0,1.2673049,0.1625945270061493,0.5646464824676514,0.2908080816268921
YHR006W,YMR009W,0,1.2672961,0.1625472456216812,0.5646464824676514,0.290909081697464
YHR185C,YJL058C,0,1.2666765,0.16249999403953552,0.5646464824676514,0.2910101115703583
YMR072W,YOL095C,1,1.2661693,0.16274338960647583,0.5656565427780151,0.2910101115703583
YOR260W,YLR196W,0,1.2661055,0.16269610822200775,0.5656565427780151,0.2911111116409302
YDR328C,YPL198W,0,1.2656697,0.16264885663986206,0.5656565427780151,0.2912121117115021
YDR204W,YLR337C,0,1.2653913,0.16260161995887756,0.5656565427780151,0.29131314158439636
YLR367W,YLR323C,0,1.2653553,0.16255442798137665,0.5656565427780151,0.29141414165496826
YDR468C,YLR150W,0,1.2650344,0.16250725090503693,0.5656565427780151,0.29151514172554016
YMR220W,YDR200C,0,1.2648005,0.1624601036310196,0.5656565427780151,0.29161617159843445
YIL098C,YML061C,1,1.2647803,0.1627030223608017,0.5666666626930237,0.29161617159843445
YDR007W,YPL179W,0,1.2647215,0.16265584528446198,0.5666666626930237,0.29171717166900635
YNL051W,YBR188C,0,1.2646562,0.16260869801044464,0.5666666626930237,0.29181817173957825
YGL025C,YER179W,0,1.2643428,0.1625615805387497,0.5666666626930237,0.29191920161247253
YLL024C,YFL011W,0,1.2641613,0.16251447796821594,0.5666666626930237,0.29202020168304443
YER072W,YLR384C,0,1.2640953,0.16246742010116577,0.5666666626930237,0.29212120175361633
YOR027W,YPL097W,0,1.2640799,0.1624203771352768,0.5666666626930237,0.2922222316265106
YNL328C,YGR046W,1,1.2639422,0.1626628041267395,0.5676767826080322,0.2922222316265106
YJL083W,YDR438W,0,1.2639036,0.16261574625968933,0.5676767826080322,0.2923232316970825
YLR390W-A,YPL061W,0,1.2636898,0.16256870329380035,0.5676767826080322,0.2924242317676544
YDR075W,YJL212C,0,1.263134,0.16252169013023376,0.5676767826080322,0.2925252616405487
YML102W,YOR259C,0,1.2627529,0.16247470676898956,0.5676767826080322,0.2926262617111206
YMR183C,YPL006W,0,1.2627186,0.16242773830890656,0.5676767826080322,0.2927272617816925
YOL078W,YIL011W,0,1.2626739,0.16238081455230713,0.5676767826080322,0.2928282916545868
YBL008W,YMR207C,0,1.2621183,0.1623339056968689,0.5676767826080322,0.2929292917251587
YLR131C,YBR191W,0,1.2618474,0.16228704154491425,0.5676767826080322,0.2930302917957306
YDL154W,YOR103C,0,1.2616814,0.1622401773929596,0.5676767826080322,0.2931313216686249
YKL145W,YBL014C,0,1.2615757,0.16219335794448853,0.5676767826080322,0.2932323217391968
YDR301W,YKL039W,0,1.261462,0.16214656829833984,0.5676767826080322,0.2933333218097687
YIL007C,YOR335C,0,1.2614443,0.16209979355335236,0.5676767826080322,0.29343435168266296
YLR239C,YPR169W,0,1.2612963,0.16205306351184845,0.5676767826080322,0.29353535175323486
YNL023C,YHR193C,0,1.2612962,0.16200634837150574,0.5676767826080322,0.29363635182380676
YJL078C,YCR036W,0,1.2609425,0.16195964813232422,0.5676767826080322,0.29373738169670105
YPR155C,YDR057W,0,1.2606351,0.16191299259662628,0.5676767826080322,0.29383838176727295
YAR042W,YDR168W,0,1.2604643,0.16186636686325073,0.5676767826080322,0.29393938183784485
YBR065C,YNL173C,0,1.2600377,0.16181975603103638,0.5676767826080322,0.29404041171073914
YKL051W,YER081W,0,1.259792,0.1617731750011444,0.5676767826080322,0.29414141178131104
YIL147C,YPL210C,0,1.2596213,0.16172662377357483,0.5676767826080322,0.29424241185188293
YKR064W,YGR260W,0,1.2594361,0.16168008744716644,0.5676767826080322,0.2943434417247772
YDR127W,YCL035C,0,1.2593949,0.16163359582424164,0.5676767826080322,0.2944444417953491
YDL230W,YAL059W,0,1.2593472,0.16158711910247803,0.5676767826080322,0.294545441865921
YNL286W,YJL083W,0,1.259323,0.1615406721830368,0.5676767826080322,0.2946464717388153
YMR225C,YPL221W,0,1.2592025,0.16149425506591797,0.5676767826080322,0.2947474718093872
YBR119W,YKL029C,0,1.2591641,0.16144785284996033,0.5676767826080322,0.2948484718799591
YKL194C,YDR471W,0,1.2588793,0.16140149533748627,0.5676767826080322,0.2949495017528534
YLR220W,YPL233W,0,1.2585826,0.1613551527261734,0.5676767826080322,0.2950505018234253
YPL221W,YIL005W,0,1.2578719,0.16130883991718292,0.5676767826080322,0.2951515018939972
YKR064W,YDL102W,0,1.257748,0.16126255691051483,0.5676767826080322,0.2952525317668915
YDR427W,YOR316C,0,1.2577181,0.16121628880500793,0.5676767826080322,0.2953535318374634
YDR021W,YOR254C,0,1.2576435,0.16117006540298462,0.5676767826080322,0.2954545319080353
YNL137C,YCL016C,0,1.2575192,0.1611238569021225,0.5676767826080322,0.29555556178092957
YFL056C,YBR295W,0,1.2568041,0.16107767820358276,0.5676767826080322,0.29565656185150146
YJR109C,YMR002W,0,1.2566714,0.16103151440620422,0.5676767826080322,0.29575756192207336
YDR528W,YKL081W,0,1.2564842,0.16098539531230927,0.5676767826080322,0.29585859179496765
YLR451W,YNL081C,0,1.2563462,0.1609392911195755,0.5676767826080322,0.29595959186553955
YDR176W,YPL097W,0,1.2561723,0.16089321672916412,0.5676767826080322,0.29606059193611145
YDR292C,YHL021C,0,1.25598,0.16084717214107513,0.5676767826080322,0.29616162180900574
YGL025C,YOR132W,0,1.255874,0.16080114245414734,0.5676767826080322,0.29626262187957764
YML127W,YLR435W,0,1.255502,0.16075514256954193,0.5676767826080322,0.29636362195014954
YOL084W,YOR253W,0,1.2553563,0.1607091724872589,0.5676767826080322,0.2964646518230438
YBR085W,YBR003W,0,1.254975,0.16066323220729828,0.5676767826080322,0.2965656518936157
YOR207C,YIL087C,0,1.2549002,0.16061732172966003,0.5676767826080322,0.2966666519641876
YCL029C,YKL005C,0,1.2541924,0.16057142615318298,0.5676767826080322,0.2967676818370819
YDR100W,YGR007W,0,1.2540586,0.16052556037902832,0.5676767826080322,0.2968686819076538
YBR054W,YNR024W,0,1.2539803,0.16047972440719604,0.5676767826080322,0.2969697117805481
YAL015C,YFR025C,0,1.2538195,0.16043391823768616,0.5676767826080322,0.29707071185112
YNL328C,YIL022W,1,1.2537357,0.16067351400852203,0.568686842918396,0.29707071185112
YOR253W,YGR044C,0,1.2529882,0.16062767803668976,0.568686842918396,0.2971717119216919
YDR028C,YDR057W,0,1.252594,0.16058185696601868,0.568686842918396,0.2972727417945862
YNL025C,YOL126C,0,1.2523533,0.16053606569766998,0.568686842918396,0.2973737418651581
YGL092W,YOL051W,0,1.2522719,0.16049030423164368,0.568686842918396,0.29747474193573
YIL030C,YPL049C,0,1.2521701,0.16044457256793976,0.568686842918396,0.29757577180862427
YMR207C,YDR284C,0,1.252028,0.16039885580539703,0.568686842918396,0.29767677187919617
YPL116W,YBL008W,0,1.2518026,0.1603531688451767,0.568686842918396,0.29777777194976807
YOR027W,YOR363C,0,1.2516595,0.16030751168727875,0.568686842918396,0.29787880182266235
YFR027W,YBR180W,0,1.2506098,0.16026188433170319,0.568686842918396,0.29797980189323425
YDR108W,YIL148W,0,1.2503552,0.16021627187728882,0.568686842918396,0.29808080196380615
YML086C,YLR363C,0,1.2502962,0.16017070412635803,0.568686842918396,0.29818183183670044
YJR102C,YPL169C,0,1.2495275,0.16012513637542725,0.568686842918396,0.29828283190727234
YNL025C,YDR273W,0,1.2494533,0.16007961332798004,0.568686842918396,0.29838383197784424
YMR101C,YER081W,0,1.2492383,0.16003410518169403,0.568686842918396,0.2984848618507385
YBR189W,YER129W,0,1.2492172,0.1599886268377304,0.568686842918396,0.2985858619213104
YPR034W,YNL287W,0,1.2492111,0.15994317829608917,0.568686842918396,0.2986868619918823
YBR091C,YJR118C,1,1.2484388,0.16018176078796387,0.5696969628334045,0.2986868619918823
YIL156W,YPR106W,0,1.2478707,0.16013628244400024,0.5696969628334045,0.2987878918647766
YIR004W,YBR169C,0,1.2477648,0.160090833902359,0.5696969628334045,0.2988888919353485
YOR267C,YNL056W,0,1.2477593,0.16004540026187897,0.5696969628334045,0.2989898920059204
YNL250W,YBR112C,0,1.2471982,0.1599999964237213,0.5696969628334045,0.2990909218788147
YPL036W,YNL287W,0,1.2468978,0.15995462238788605,0.5696969628334045,0.2991919219493866
YDR176W,YOR026W,0,1.2468295,0.15990927815437317,0.5696969628334045,0.2992929220199585
YLR185W,YHR001W-A,0,1.2467979,0.15986394882202148,0.5696969628334045,0.2993939518928528
YBR091C,YOR266W,1,1.2466176,0.1601020097732544,0.5707070827484131,0.2993939518928528
YBR233W-A,YOR319W,0,1.2465154,0.16005665063858032,0.5707070827484131,0.2994949519634247
YGL092W,YMR149W,0,1.2462492,0.16001132130622864,0.5707070827484131,0.2995959520339966
YOR132W,YMR091C,0,1.2461514,0.15996602177619934,0.5707070827484131,0.29969698190689087
YDR002W,YDR386W,0,1.2459519,0.15992075204849243,0.5707070827484131,0.29979798197746277
YKL006W,YCR021C,0,1.24567,0.15987549722194672,0.5707070827484131,0.29989898204803467
YNL214W,YKR052C,0,1.2454491,0.1598302721977234,0.5707070827484131,0.30000001192092896
YGL006W,YKL054C,0,1.2453709,0.15978506207466125,0.5707070827484131,0.30010101199150085
YGL006W,YGL096W,0,1.2452976,0.1597398966550827,0.5707070827484131,0.30020201206207275
YIL052C,YNL025C,0,1.2450321,0.15969474613666534,0.5707070827484131,0.30030304193496704
YOR068C,YML086C,0,1.2448099,0.15964962542057037,0.5707070827484131,0.30040404200553894
YMR261C,YMR220W,0,1.2444915,0.1596045196056366,0.5707070827484131,0.30050504207611084
YNL066W,YNL055C,1,1.2443111,0.159841850399971,0.5717171430587769,0.30050504207611084
YER031C,YEL027W,0,1.2441604,0.15979672968387604,0.5717171430587769,0.3006060719490051
YOR241W,YOR059C,0,1.2439355,0.15975162386894226,0.5717171430587769,0.300707072019577
YMR059W,YLR189C,0,1.2432774,0.15970654785633087,0.5717171430587769,0.3008080720901489
YLR200W,YPL049C,0,1.243244,0.15966150164604187,0.5717171430587769,0.3009091019630432
YBR208C,YDL139C,0,1.2432268,0.15961647033691406,0.5717171430587769,0.3010101020336151
YNR032C-A,YLR223C,0,1.2431531,0.15957146883010864,0.5717171430587769,0.301111102104187
YMR313C,YGR260W,0,1.2429575,0.1595264971256256,0.5717171430587769,0.3012121319770813
YBR233W-A,YOR081C,0,1.2427208,0.15948154032230377,0.5717171430587769,0.3013131320476532
YNL056W,YPR068C,0,1.2426159,0.15943661332130432,0.5717171430587769,0.3014141321182251
YJR049C,YOR048C,0,1.2417848,0.15939171612262726,0.5717171430587769,0.3015151619911194
YGR017W,YKR031C,0,1.2410611,0.15934684872627258,0.5717171430587769,0.3016161620616913
YPL075W,YIL033C,0,1.2402443,0.1593019962310791,0.5717171430587769,0.3017171621322632
YDR200C,YDR395W,0,1.2401564,0.159257173538208,0.5717171430587769,0.30181819200515747
YLR377C,YOR101W,0,1.2398407,0.1592123806476593,0.5717171430587769,0.30191919207572937
YHL015W,YJL216C,0,1.2393255,0.1591676026582718,0.5717171430587769,0.30202019214630127
YGL104C,YIL005W,0,1.2390497,0.15912285447120667,0.5717171430587769,0.30212122201919556
YPR134W,YML102W,0,1.238981,0.15907813608646393,0.5717171430587769,0.30222222208976746
YBR060C,YOR113W,0,1.2386334,0.15903343260288239,0.5717171430587769,0.30232322216033936
YOR253W,YMR156C,0,1.2382443,0.15898875892162323,0.5717171430587769,0.30242425203323364
YDL230W,YKL040C,0,1.2376939,0.15894411504268646,0.5717171430587769,0.30252525210380554
YAL056W,YJL083W,0,1.2373171,0.15889950096607208,0.5717171430587769,0.30262625217437744
YER143W,YMR207C,0,1.2372491,0.1588549017906189,0.5717171430587769,0.30272728204727173
YDR513W,YLR337C,0,1.2372249,0.1588103324174881,0.5717171430587769,0.30282828211784363
YDR189W,YKL026C,0,1.2370484,0.1587657779455185,0.5717171430587769,0.3029292821884155
YAL028W,YEL032W,0,1.2370043,0.15872125327587128,0.5717171430587769,0.3030303120613098
YNL048W,YKL043W,0,1.2369893,0.15867675840854645,0.5717171430587769,0.3031313121318817
YOR060C,YPL063W,1,1.2365453,0.1589125543832779,0.5727272629737854,0.3031313121318817
YDL018C,YKL040C,0,1.2364795,0.15886802971363068,0.5727272629737854,0.3032323122024536
YJR046W,YBR149W,0,1.2361158,0.15882353484630585,0.5727272629737854,0.3033333420753479
YAR033W,YCL054W,0,1.2360413,0.1587790548801422,0.5727272629737854,0.3034343421459198
YML031W,YBR089C-A,0,1.2359741,0.15873460471630096,0.5727272629737854,0.3035353422164917
YPL043W,YPL076W,0,1.2358909,0.1586901694536209,0.5727272629737854,0.303636372089386
YML016C,YGL198W,0,1.2355715,0.15864577889442444,0.5727272629737854,0.3037373721599579
YOR252W,YOR136W,0,1.2354407,0.15860140323638916,0.5727272629737854,0.3038383722305298
YOR117W,YPL100W,0,1.2349846,0.15855704247951508,0.5727272629737854,0.3039394021034241
YJR048W,YPL207W,0,1.2349672,0.15851272642612457,0.5727272629737854,0.30404040217399597
YBL051C,YGR138C,0,1.2348058,0.15846842527389526,0.5727272629737854,0.30414140224456787
YDR150W,YPR131C,1,1.2345654,0.15870355069637299,0.573737382888794,0.30414140224456787
YNL133C,YGL016W,0,1.2343514,0.1586592197418213,0.573737382888794,0.30424243211746216
YOL076W,YOR060C,1,1.2342349,0.15889416635036469,0.5747475028038025,0.30424243211746216
YCR024C,YPR007C,0,1.2339318,0.1588498055934906,0.5747475028038025,0.30434343218803406
YDR127W,YLR288C,0,1.2336615,0.1588054746389389,0.5747475028038025,0.30444443225860596
YDR025W,YJR108W,0,1.233437,0.1587611585855484,0.5747475028038025,0.30454546213150024
YGL058W,YER123W,0,1.233139,0.15871687233448029,0.5747475028038025,0.30464646220207214
YPR055W,YOR236W,0,1.2329775,0.15867261588573456,0.5747475028038025,0.30474746227264404
YLR347C,YMR101C,0,1.2329433,0.15862837433815002,0.5747475028038025,0.30484849214553833
YNL031C,YPR010C,0,1.2328162,0.15858416259288788,0.5747475028038025,0.30494949221611023
YHR110W,YPL189W,0,1.2328151,0.15853998064994812,0.5747475028038025,0.30505049228668213
YLL018C-A,YBR212W,1,1.2321727,0.15877437591552734,0.5757575631141663,0.30505049228668213
YGR055W,YDR165W,0,1.2317594,0.1587301641702652,0.5757575631141663,0.3051515221595764
YOR177C,YPR175W,0,1.2312046,0.15868596732616425,0.5757575631141663,0.3052525222301483
YIL013C,YOR372C,0,1.2308886,0.15864180028438568,0.5757575631141663,0.3053535223007202
YIL062C,YNL066W,1,1.230796,0.15887589752674103,0.5767676830291748,0.3053535223007202
YBL007C,YOL011W,0,1.2305505,0.15883171558380127,0.5767676830291748,0.3054545521736145
YCL017C,YLR363C,0,1.2304585,0.1587875485420227,0.5767676830291748,0.3055555522441864
YBL038W,YGR004W,0,1.2302034,0.15874339640140533,0.5767676830291748,0.3056565523147583
YNL181W,YGL107C,0,1.2301773,0.15869927406311035,0.5767676830291748,0.3057575821876526
YIL075C,YPL105C,0,1.2300247,0.15865518152713776,0.5767676830291748,0.3058585822582245
YMR275C,YBR212W,1,1.2297719,0.15888889133930206,0.5777778029441833,0.3058585822582245
YDR098C,YKL079W,0,1.2288631,0.15884476900100708,0.5777778029441833,0.3059595823287964
YGL005C,YPR169W,0,1.2287426,0.1588006615638733,0.5777778029441833,0.3060606122016907
YDL240W,YGL087C,0,1.2284688,0.15875659883022308,0.5777778029441833,0.3061616122722626
YER014W,YER100W,0,1.2280425,0.15871253609657288,0.5777778029441833,0.3062626123428345
YBR272C,YLR313C,0,1.2279692,0.15866851806640625,0.5777778029441833,0.30636364221572876
YHR120W,YIL062C,1,1.2279686,0.15890182554721832,0.5787878632545471,0.30636364221572876
YNL031C,YGR080W,0,1.227265,0.1588577777147293,0.5787878632545471,0.30646464228630066
YDL106C,YGL016W,0,1.2270732,0.1588137447834015,0.5787878632545471,0.30656564235687256
YDR092W,YBR162C,0,1.2270727,0.15876974165439606,0.5787878632545471,0.30666667222976685
YPR067W,YDR234W,0,1.2269452,0.158725768327713,0.5787878632545471,0.30676767230033875
YKL191W,YCL051W,0,1.226346,0.15868180990219116,0.5787878632545471,0.30686867237091064
YLL057C,YDL211C,0,1.2260674,0.1586378663778305,0.5787878632545471,0.30696970224380493
YLR367W,YDR303C,0,1.2260499,0.15859396755695343,0.5787878632545471,0.30707070231437683
YOR193W,YFL005W,0,1.2258232,0.15855008363723755,0.5787878632545471,0.30717170238494873
YLR150W,YER060W,0,1.2257925,0.15850622951984406,0.5787878632545471,0.307272732257843
YDL100C,YMR105C,0,1.2255883,0.15846239030361176,0.5787878632545471,0.3073737323284149
YJR118C,YPR131C,1,1.2251935,0.1586950570344925,0.5797979831695557,0.3073737323284149
YPR173C,YCL067C,0,1.2251723,0.1586511880159378,0.5797979831695557,0.3074747622013092
YGL070C,YNR052C,0,1.225127,0.1586073487997055,0.5797979831695557,0.3075757622718811
YPL171C,YDR028C,0,1.2248863,0.1585635393857956,0.5797979831695557,0.307676762342453
YDR439W,YLR382C,0,1.2244788,0.15851974487304688,0.5797979831695557,0.3077777922153473
YAR033W,YNR053C,0,1.2240407,0.15847598016262054,0.5797979831695557,0.3078787922859192
YDR127W,YIL043C,0,1.2240102,0.1584322452545166,0.5797979831695557,0.3079797923564911
YDL134C,YPL010W,0,1.2239885,0.15838852524757385,0.5797979831695557,0.3080808222293854
YPL221W,YLR068W,0,1.2239754,0.1583448201417923,0.5797979831695557,0.3081818222999573
YDR343C,YCR021C,0,1.2238457,0.15830115973949432,0.5797979831695557,0.3082828223705292
YGL096W,YER139C,0,1.2238119,0.15825751423835754,0.5797979831695557,0.30838385224342346
YER056C,YDL243C,0,1.2235811,0.15821389853954315,0.5797979831695557,0.30848485231399536
YKR064W,YOR136W,0,1.223411,0.15817029774188995,0.5797979831695557,0.30858585238456726
YDR430C,YPR141C,0,1.223085,0.15812672674655914,0.5797979831695557,0.30868688225746155
YDL106C,YCL064C,0,1.2229388,0.15808317065238953,0.5797979831695557,0.30878788232803345
YJL127C,YNR053C,0,1.2220949,0.1580396443605423,0.5797979831695557,0.30888888239860535
YPL133C,YPL221W,0,1.2220144,0.15799614787101746,0.5797979831695557,0.30898991227149963
YOL095C,YNL055C,1,1.2211406,0.1582278460264206,0.5808081030845642,0.30898991227149963
YHR150W,YPL178W,0,1.2211022,0.15818431973457336,0.5808081030845642,0.30909091234207153
YOL084W,YLR367W,0,1.2207847,0.15814080834388733,0.5808081030845642,0.30919191241264343
YJR048W,YLR360W,0,1.2206234,0.15809732675552368,0.5808081030845642,0.3092929422855377
YOR363C,YHR090C,0,1.2199113,0.15805387496948242,0.5808081030845642,0.3093939423561096
YOR193W,YDR464W,0,1.2196252,0.15801043808460236,0.5808081030845642,0.3094949424266815
YKR093W,YCR024C,0,1.2193366,0.15796703100204468,0.5808081030845642,0.3095959722995758
YML133C,YNL081C,0,1.2186335,0.1579236537218094,0.5808081030845642,0.3096969723701477
YOL032W,YNL094W,0,1.2183428,0.1578802913427353,0.5808081030845642,0.3097979724407196
YHR113W,YNL247W,0,1.2182517,0.1578369438648224,0.5808081030845642,0.3098990023136139
YDR023W,YNL038W,0,1.218056,0.15779362618923187,0.5808081030845642,0.3100000023841858
YIL052C,YFR030W,0,1.2179224,0.15775033831596375,0.5808081030845642,0.3101010024547577
YPR161C,YLR017W,0,1.2176876,0.157707080245018,0.5808081030845642,0.310202032327652
YLR055C,YMR237W,0,1.2175481,0.15766383707523346,0.5808081030845642,0.3103030323982239
YJR153W,YER159C,0,1.2170712,0.1576206088066101,0.5808081030845642,0.3104040324687958
YLR004C,YDR217C,0,1.2169503,0.15757742524147034,0.5808081030845642,0.31050506234169006
YMR262W,YKL029C,0,1.2169377,0.15753424167633057,0.5808081030845642,0.31060606241226196
YHR024C,YHR194W,1,1.216876,0.1577650010585785,0.581818163394928,0.31060606241226196
YKL196C,YOR109W,0,1.216516,0.15772180259227753,0.581818163394928,0.31070706248283386
YPL203W,YOR249C,0,1.2164489,0.15767861902713776,0.581818163394928,0.31080809235572815
YPR068C,YPL135W,0,1.2164433,0.15763546526432037,0.581818163394928,0.31090909242630005
YGR193C,YMR313C,0,1.2162367,0.15759234130382538,0.581818163394928,0.31101009249687195
YAL019W,YLR432W,0,1.2158089,0.15754923224449158,0.581818163394928,0.31111112236976624
YOL020W,YGR094W,0,1.2155877,0.15750615298748016,0.581818163394928,0.31121212244033813
YOR027W,YPL207W,0,1.2155001,0.15746308863162994,0.581818163394928,0.31131312251091003
YJR109C,YPL145C,0,1.2154319,0.1574200540781021,0.581818163394928,0.3114141523838043
YLR085C,YER032W,0,1.2146972,0.15737704932689667,0.581818163394928,0.3115151524543762
YOR241W,YOL078W,0,1.2140274,0.15733405947685242,0.581818163394928,0.3116161525249481
YFR027W,YGL167C,0,1.2135339,0.15729109942913055,0.581818163394928,0.3117171823978424
YOR273C,YBR023C,0,1.213,0.15724815428256989,0.581818163394928,0.3118181824684143
YPR067W,YLR017W,0,1.2124851,0.1572052389383316,0.581818163394928,0.3119191825389862
YBR107C,YER129W,0,1.2122157,0.1571623533964157,0.581818163394928,0.3120202124118805
YOL061W,YJL197W,0,1.2121298,0.157119482755661,0.581818163394928,0.3121212124824524
YML067C,YDR259C,0,1.212095,0.1570766270160675,0.581818163394928,0.3122222125530243
YLR167W,YNL287W,0,1.2118676,0.1570338010787964,0.581818163394928,0.3123232424259186
YDR178W,YDR399W,0,1.2118099,0.15699100494384766,0.581818163394928,0.3124242424964905
YEL020W-A,YJR118C,1,1.2117195,0.15722070634365082,0.5828282833099365,0.3124242424964905
YDR471W,YOL042W,0,1.2110932,0.1571778804063797,0.5828282833099365,0.3125252425670624
YML041C,YER033C,0,1.211092,0.15713506937026978,0.5828282833099365,0.31262627243995667
YMR275C,YLR259C,1,1.2108953,0.15736454725265503,0.5838384032249451,0.31262627243995667
YDR234W,YBR301W,0,1.2105168,0.1573217213153839,0.5838384032249451,0.31272727251052856
YCL048W,YDR438W,0,1.2103665,0.157278910279274,0.5838384032249451,0.31282827258110046
YGL142C,YCL054W,0,1.2103376,0.15723612904548645,0.5838384032249451,0.31292930245399475
YIL038C,YLR248W,0,1.2100165,0.1571933627128601,0.5838384032249451,0.31303030252456665
YLL006W,YNL066W,1,1.2095832,0.1574225127696991,0.5848484635353088,0.31303030252456665
YMR234W,YGL005C,0,1.2095829,0.15737971663475037,0.5848484635353088,0.31313130259513855
YER177W,YOR009W,0,1.209554,0.15733695030212402,0.5848484635353088,0.31323233246803284
YFL061W,YGL195W,0,1.2092193,0.15729421377182007,0.5848484635353088,0.31333333253860474
YLR039C,YKL129C,0,1.2089217,0.1572514921426773,0.5848484635353088,0.31343433260917664
YMR243C,YKL039W,0,1.2088549,0.15720880031585693,0.5848484635353088,0.3135353624820709
YIL144W,YBR191W,0,1.2088436,0.15716612339019775,0.5848484635353088,0.3136363625526428
YBR233W-A,YNL041C,0,1.208759,0.15712347626686096,0.5848484635353088,0.3137373626232147
YNL246W,YKL051W,0,1.2085214,0.15708084404468536,0.5848484635353088,0.313838392496109
YPL145C,YFR030W,0,1.2080984,0.15703824162483215,0.5848484635353088,0.3139393925666809
YKL033W,YKL051W,0,1.207595,0.15699566900730133,0.5848484635353088,0.3140403926372528
YEL024W,YGR260W,0,1.2074322,0.1569530963897705,0.5848484635353088,0.3141414225101471
YPL234C,YMR091C,0,1.2068123,0.15691056847572327,0.5848484635353088,0.314242422580719
YNL263C,YDL154W,0,1.206759,0.15686805546283722,0.5848484635353088,0.3143434226512909
YDR145W,YLR352W,0,1.2067587,0.15682557225227356,0.5848484635353088,0.3144444525241852
YAL028W,YMR225C,0,1.206707,0.1567831039428711,0.5848484635353088,0.3145454525947571
YPR067W,YDR217C,0,1.2066789,0.15674066543579102,0.5848484635353088,0.314646452665329
YKL006C-A,YBR023C,0,1.2062694,0.15669824182987213,0.5848484635353088,0.31474748253822327
YDR325W,YLR092W,0,1.2060748,0.15665584802627563,0.5848484635353088,0.31484848260879517
YMR041C,YBR023C,0,1.205982,0.15661346912384033,0.5848484635353088,0.31494948267936707
YJL054W,YEL020W-A,1,1.2057215,0.15684153139591217,0.5858585834503174,0.31494948267936707
YIL013C,YJR049C,0,1.2056726,0.15679913759231567,0.5858585834503174,0.31505051255226135
YPL156C,YKL005C,0,1.2055877,0.15675675868988037,0.5858585834503174,0.31515151262283325
YIL144W,YIL018W,0,1.2055515,0.15671439468860626,0.5858585834503174,0.31525251269340515
YCL051W,YGL058W,0,1.2053804,0.15667207539081573,0.5858585834503174,0.31535354256629944
YLR277C,YNR053C,0,1.2049887,0.1566297560930252,0.5858585834503174,0.31545454263687134
YDR021W,YOR113W,0,1.2041833,0.15658746659755707,0.5858585834503174,0.31555554270744324
YDR323C,YLR347C,0,1.2038778,0.15654520690441132,0.5858585834503174,0.3156565725803375
YIL137C,YDL123W,0,1.203862,0.15650296211242676,0.5858585834503174,0.3157575726509094
YER155C,YDR105C,0,1.2037685,0.1564607471227646,0.5858585834503174,0.3158585727214813
YCR091W,YDR246W,0,1.2036862,0.1564185470342636,0.5858585834503174,0.3159596025943756
YDL100C,YNL036W,0,1.2033021,0.15637637674808502,0.5858585834503174,0.3160606026649475
YDR122W,YDR179C,0,1.2032944,0.15633423626422882,0.5858585834503174,0.3161616027355194
YDR110W,YDL076C,0,1.2032852,0.1562921106815338,0.5858585834503174,0.3162626326084137
YHR024C,YPR131C,1,1.2027946,0.15651939809322357,0.5868687033653259,0.3162626326084137
YJR046W,YMR225C,0,1.2019548,0.15647724270820618,0.5868687033653259,0.3163636326789856
YJL096W,YPR199C,0,1.2017312,0.15643511712551117,0.5868687033653259,0.3164646327495575
YOR358W,YLR068W,0,1.201705,0.15639300644397736,0.5868687033653259,0.3165656626224518
YLR293C,YBR181C,0,1.2017013,0.15635091066360474,0.5868687033653259,0.3166666626930237
YFL061W,YIL037C,0,1.2016209,0.1563088446855545,0.5868687033653259,0.3167676627635956
YLR056W,YEL051W,0,1.2015944,0.15626680850982666,0.5868687033653259,0.31686869263648987
YCL054W,YNR053C,0,1.2015271,0.15622478723526,0.5868687033653259,0.31696969270706177
YIL064W,YDR005C,0,1.2013137,0.15618279576301575,0.5868687033653259,0.31707069277763367
YER007C-A,YNL123W,0,1.2013052,0.15614081919193268,0.5868687033653259,0.31717172265052795
YPL116W,YLR060W,0,1.2011062,0.156098872423172,0.5868687033653259,0.31727272272109985
YML021C,YPR046W,0,1.2010155,0.1560569405555725,0.5868687033653259,0.31737372279167175
YER129W,YOR086C,0,1.2006314,0.1560150384902954,0.5868687033653259,0.31747475266456604
YKL029C,YGL093W,0,1.2002802,0.1559731513261795,0.5868687033653259,0.31757575273513794
YOR258W,YOR358W,0,1.2002546,0.155931293964386,0.5868687033653259,0.31767675280570984
YNL199C,YDR041W,0,1.2001065,0.15588945150375366,0.5868687033653259,0.3177777826786041
YJL089W,YGR057C,0,1.2000697,0.15584763884544373,0.5868687033653259,0.317878782749176
YDR217C,YDR284C,0,1.1994649,0.15580584108829498,0.5868687033653259,0.3179798126220703
YOR018W,YNL278W,0,1.199408,0.15576407313346863,0.5868687033653259,0.3180808126926422
YML101C,YMR125W,0,1.1992698,0.15572232007980347,0.5868687033653259,0.3181818127632141
YGL092W,YJL089W,0,1.1991798,0.1556805968284607,0.5868687033653259,0.3182828426361084
YNL025C,YLR075W,0,1.199108,0.1556389033794403,0.5868687033653259,0.3183838427066803
YKL051W,YKL196C,0,1.1990252,0.15559720993041992,0.5868687033653259,0.3184848427772522
YNR032C-A,YDR430C,0,1.198043,0.15555556118488312,0.5868687033653259,0.3185858726501465
YER142C,YDL076C,0,1.1980345,0.1555139124393463,0.5868687033653259,0.3186868727207184
YPL138C,YGL126W,0,1.1975996,0.1554723083972931,0.5868687033653259,0.3187878727912903
YHR142W,YNR052C,0,1.197543,0.15543070435523987,0.5868687033653259,0.31888890266418457
YDR490C,YHL028W,0,1.1973829,0.15538914501667023,0.5868687033653259,0.31898990273475647
YDR057W,YMR001C,0,1.1967547,0.15534760057926178,0.5868687033653259,0.31909090280532837
YOR018W,YJL083W,0,1.1963582,0.15530607104301453,0.5868687033653259,0.31919193267822266
YOR048C,YNL036W,0,1.1963203,0.15526457130908966,0.5868687033653259,0.31929293274879456
YNL167C,YGR161C,0,1.1960285,0.155223086476326,0.5868687033653259,0.31939393281936646
YJR132W,YCR106W,0,1.1958797,0.1551816165447235,0.5868687033653259,0.31949496269226074
YNL103W,YOR136W,0,1.1944513,0.15514019131660461,0.5868687033653259,0.31959596276283264
YBR181C,YKL155C,0,1.194146,0.15509876608848572,0.5868687033653259,0.31969696283340454
YLR037C,YGL111W,0,1.19397,0.1550573855638504,0.5868687033653259,0.31979799270629883
YDR464W,YNL288W,0,1.1937141,0.1550160050392151,0.5868687033653259,0.3198989927768707
YLR039C,YCR106W,0,1.1936715,0.15497465431690216,0.5868687033653259,0.3199999928474426
YPR017C,YMR002W,0,1.1935219,0.15493333339691162,0.5868687033653259,0.3201010227203369
YNL145W,YMR230W,0,1.1933953,0.15489202737808228,0.5868687033653259,0.3202020227909088
YLR102C,YHL050C,0,1.1930077,0.15485075116157532,0.5868687033653259,0.3203030228614807
YEL019C,YFR010W,0,1.1928998,0.15480948984622955,0.5868687033653259,0.320404052734375
YPR143W,YCR024C,0,1.1927212,0.15476824343204498,0.5868687033653259,0.3205050528049469
YEL019C,YER060W-A,0,1.1926558,0.1547270268201828,0.5868687033653259,0.3206060528755188
YGL067W,YPR010C,0,1.1922858,0.154685840010643,0.5868687033653259,0.3207070827484131
YER014W,YBR146W,0,1.1922464,0.1546446681022644,0.5868687033653259,0.320808082818985
YLR118C,YLR363C,0,1.1918519,0.154603511095047,0.5868687033653259,0.3209090828895569
YFR024C-A,YOR032C,0,1.1914012,0.15456238389015198,0.5868687033653259,0.32101011276245117
YOR241W,YDR188W,0,1.1913863,0.15452127158641815,0.5868687033653259,0.32111111283302307
YLR059C,YIL062C,1,1.1911471,0.15474608540534973,0.5878787636756897,0.32111111283302307
YMR261C,YBR003W,0,1.1911452,0.15470494329929352,0.5878787636756897,0.32121211290359497
YGR266W,YGR224W,0,1.1909542,0.1546638309955597,0.5878787636756897,0.32131314277648926
YIL173W,YJL196C,0,1.1909451,0.15462274849414825,0.5878787636756897,0.32141414284706116
YOR060C,YNL066W,1,1.1908365,0.15484727919101715,0.5888888835906982,0.32141414284706116
YGL005C,YHR170W,0,1.1904229,0.15480616688728333,0.5888888835906982,0.32151514291763306
YDL160C,YOR009W,0,1.189848,0.1547650694847107,0.5888888835906982,0.32161617279052734
YKR093W,YDR323C,0,1.1897378,0.15472398698329926,0.5888888835906982,0.32171717286109924
YLL018C,YIL173W,0,1.1893268,0.1546829342842102,0.5888888835906982,0.32181817293167114
YMR274C,YGL018C,0,1.1885084,0.15464191138744354,0.5888888835906982,0.32191920280456543
YML023C,YOL096C,0,1.1881461,0.15460090339183807,0.5888888835906982,0.32202020287513733
YLL018C,YER060W-A,0,1.1879537,0.1545599102973938,0.5888888835906982,0.32212120294570923
YDR372C,YKL150W,0,1.187819,0.1545189470052719,0.5888888835906982,0.3222222328186035
YBL080C,YER102W,0,1.1877747,0.1544780135154724,0.5888888835906982,0.3223232328891754
YOR156C,YKR077W,0,1.1875525,0.1544370800256729,0.5888888835906982,0.3224242329597473
YOR172W,YNL130C,0,1.1873336,0.154396191239357,0.5888888835906982,0.3225252628326416
YBR119W,YDL149W,0,1.1864727,0.15435530245304108,0.5888888835906982,0.3226262629032135
YJL162C,YML055W,0,1.1861802,0.15431445837020874,0.5888888835906982,0.3227272629737854
YKL032C,YOR195W,0,1.1861463,0.1542736142873764,0.5888888835906982,0.3228282928466797
YGR099W,YHL035C,0,1.185809,0.15423280000686646,0.5888888835906982,0.3229292929172516
YAL011W,YDR244W,0,1.1844009,0.1541920155286789,0.5888888835906982,0.3230302929878235
YOR262W,YOR273C,0,1.1843584,0.15415124595165253,0.5888888835906982,0.3231313228607178
YDL031W,YOR271C,0,1.1843053,0.15411049127578735,0.5888888835906982,0.3232323229312897
YPL235W,YHR106W,0,1.1842594,0.15406976640224457,0.5888888835906982,0.3233333230018616
YDR350C,YPL049C,0,1.1842585,0.15402905642986298,0.5888888835906982,0.32343435287475586
YDR407C,YFR049W,0,1.1840208,0.15398837625980377,0.5888888835906982,0.32353535294532776
YPL248C,YNR033W,0,1.1839544,0.15394771099090576,0.5888888835906982,0.32363635301589966
YGL198W,YKL099C,0,1.1837518,0.15390707552433014,0.5888888835906982,0.32373738288879395
YMR275C,YLR190W,1,1.1835933,0.15413038432598114,0.5898990035057068,0.32373738288879395
YPR131C,YBR212W,1,1.1834427,0.1543535590171814,0.5909090638160706,0.32373738288879395
YLR052W,YDL046W,0,1.1834385,0.1543128490447998,0.5909090638160706,0.32383838295936584
YKL191W,YDR463W,0,1.1834171,0.1542721539735794,0.5909090638160706,0.32393938302993774
YLR037C,YOR260W,0,1.1824956,0.1542314738035202,0.5909090638160706,0.32404041290283203
YER100W,YDR471W,0,1.1822195,0.1541908234357834,0.5909090638160706,0.32414141297340393
YLR007W,YKL006W,0,1.1820133,0.15415020287036896,0.5909090638160706,0.32424241304397583
YKR027W,YDR028C,0,1.1819911,0.15410958230495453,0.5909090638160706,0.3243434429168701
YLR058C,YBL014C,0,1.1817714,0.15406900644302368,0.5909090638160706,0.324444442987442
YGR254W,YDR100W,0,1.1814868,0.15402843058109283,0.5909090638160706,0.3245454430580139
YLR054C,YGL111W,0,1.1814417,0.15398788452148438,0.5909090638160706,0.3246464729309082
YBR086C,YLR175W,0,1.1813242,0.1539473682641983,0.5909090638160706,0.3247474730014801
YGR181W,YOR060C,1,1.1803573,0.154169961810112,0.5919191837310791,0.3247474730014801
YIL037C,YER060W,0,1.1802208,0.15412940084934235,0.5919191837310791,0.324848473072052
YKL149C,YGL061C,0,1.1796486,0.15408888459205627,0.5919191837310791,0.3249495029449463
YNL180C,YCL039W,0,1.1794275,0.1540483683347702,0.5919191837310791,0.3250505030155182
YER176W,YPL130W,0,1.1791155,0.15400788187980652,0.5919191837310791,0.3251515030860901
YNL214W,YDL102W,0,1.1787231,0.15396742522716522,0.5919191837310791,0.3252525329589844
YPR067W,YKR052C,0,1.1785731,0.15392698347568512,0.5919191837310791,0.3253535330295563
YDL240W,YJR052W,0,1.1784694,0.1538865566253662,0.5919191837310791,0.3254545331001282
YLL048C,YKL138C,0,1.1783175,0.1538461595773697,0.5919191837310791,0.32555556297302246
YPL234C,YNL059C,0,1.1781309,0.15380577743053436,0.5919191837310791,0.32565656304359436
YPR034W,YNL156C,0,1.1781206,0.15376541018486023,0.5919191837310791,0.32575756311416626
YGR024C,YCL001W,0,1.1779644,0.15372507274150848,0.5919191837310791,0.32585859298706055
YOL012C,YGR007W,0,1.1776273,0.15368476510047913,0.5919191837310791,0.32595959305763245
YGL098W,YOR359W,0,1.1773335,0.15364447236061096,0.5919191837310791,0.32606059312820435
YDL175C,YKR053C,0,1.1766167,0.153604194521904,0.5919191837310791,0.32616162300109863
YMR041C,YDR309C,0,1.1763818,0.1535639464855194,0.5919191837310791,0.32626262307167053
YLR409C,YNL123W,0,1.1763693,0.15352371335029602,0.5919191837310791,0.32636362314224243
YCL001W,YDL123W,0,1.1757214,0.15348349511623383,0.5919191837310791,0.3264646530151367
YOR193W,YKL192C,0,1.175672,0.15344330668449402,0.5919191837310791,0.3265656530857086
YLR223C,YIL147C,0,1.1753964,0.1534031480550766,0.5919191837310791,0.3266666531562805
YDL189W,YJL094C,0,1.175394,0.15336298942565918,0.5919191837310791,0.3267676830291748
YDR110W,YMR156C,0,1.1753664,0.15332286059856415,0.5919191837310791,0.3268686830997467
YBR279W,YJR131W,0,1.1751282,0.1532827615737915,0.5919191837310791,0.3269696831703186
YGR024C,YPR199C,0,1.175118,0.15324267745018005,0.5919191837310791,0.3270707130432129
YLR044C,YER159C,0,1.1750658,0.1532026082277298,0.5919191837310791,0.3271717131137848
YOR177C,YLR131C,0,1.1748233,0.15316256880760193,0.5919191837310791,0.3272727131843567
YGL067W,YKR088C,0,1.17412,0.15312254428863525,0.5919191837310791,0.327373743057251
YBR169C,YBR146W,0,1.1739259,0.15308254957199097,0.5919191837310791,0.3274747431278229
YMR105C,YDR273W,0,1.1736426,0.15304256975650787,0.5919191837310791,0.3275757431983948
YML127W,YDR437W,0,1.1727234,0.15300260484218597,0.5919191837310791,0.32767677307128906
YDR407C,YDL018C,0,1.1718827,0.15296266973018646,0.5919191837310791,0.32777777314186096
YAR033W,YFL026W,0,1.1714061,0.15292274951934814,0.5919191837310791,0.32787877321243286
YJL183W,YGL005C,0,1.1710799,0.15288285911083221,0.5919191837310791,0.32797980308532715
YER005W,YDL031W,0,1.1709383,0.15284298360347748,0.5919191837310791,0.32808080315589905
YLR417W,YLR367W,0,1.1703218,0.15280312299728394,0.5919191837310791,0.32818183302879333
YNL025C,YDR397C,0,1.1703088,0.15276329219341278,0.5919191837310791,0.32828283309936523
YLR293C,YOL042W,0,1.1700854,0.15272347629070282,0.5919191837310791,0.32838383316993713
YDR111C,YIL014W,0,1.1689931,0.15268369019031525,0.5919191837310791,0.3284848630428314
YIL098C,YOR060C,1,1.1689745,0.15290440618991852,0.5929293036460876,0.3284848630428314
YJL057C,YLR284C,0,1.1685458,0.15286459028720856,0.5929293036460876,0.3285858631134033
YDR422C,YLR150W,0,1.1683412,0.1528247892856598,0.5929293036460876,0.3286868631839752
YNL243W,YDR023W,0,1.1680331,0.15278500318527222,0.5929293036460876,0.3287878930568695
YDR427W,YGR094W,0,1.1678697,0.15274524688720703,0.5929293036460876,0.3288888931274414
YLR044C,YLR092W,0,1.1676522,0.15270552039146423,0.5929293036460876,0.3289898931980133
YPR017C,YGR260W,0,1.1666362,0.15266579389572144,0.5929293036460876,0.3290909230709076
YIL064W,YLR324W,0,1.1666195,0.15262611210346222,0.5929293036460876,0.3291919231414795
YLR293C,YDR007W,0,1.1665058,0.152586430311203,0.5929293036460876,0.3292929232120514
YGR103W,YER041W,0,1.1662794,0.15254677832126617,0.5929293036460876,0.3293939530849457
YBR049C,YKL005C,0,1.1661448,0.15250714123249054,0.5929293036460876,0.3294949531555176
YMR053C,YNR055C,0,1.1658149,0.1524675339460373,0.5929293036460876,0.3295959532260895
YJL012C,YDR190C,0,1.1653631,0.15242794156074524,0.5929293036460876,0.32969698309898376
YDR309C,YOR110W,0,1.1646056,0.15238836407661438,0.5929293036460876,0.32979798316955566
YPL117C,YML055W,0,1.1643503,0.1523488163948059,0.5929293036460876,0.32989898324012756
YIL156W,YPL049C,0,1.1638677,0.15230928361415863,0.5929293036460876,0.33000001311302185
YER028C,YOR136W,0,1.1637497,0.15226978063583374,0.5929293036460876,0.33010101318359375
YER155C,YNL240C,0,1.1636517,0.15223029255867004,0.5929293036460876,0.33020201325416565
YKR093W,YDR464W,0,1.1634974,0.15219081938266754,0.5929293036460876,0.33030304312705994
YDR309C,YKL029C,0,1.1633697,0.15215137600898743,0.5929293036460876,0.33040404319763184
YGL243W,YNL048W,0,1.1633239,0.1521119475364685,0.5929293036460876,0.33050504326820374
YHR142W,YBR023C,0,1.1630305,0.15207253396511078,0.5929293036460876,0.330606073141098
YLR367W,YDL154W,0,1.1621059,0.15203315019607544,0.5929293036460876,0.3307070732116699
YDR235W,YNR037C,0,1.1615822,0.1519937813282013,0.5929293036460876,0.3308080732822418
YLR006C,YGR017W,0,1.161488,0.15195444226264954,0.5929293036460876,0.3309091031551361
YJR050W,YCR038C,0,1.1614212,0.15191511809825897,0.5929293036460876,0.331010103225708
YLL031C,YFR038W,0,1.1610725,0.1518758088350296,0.5929293036460876,0.3311111032962799
YEL039C,YLR189C,0,1.1609435,0.15183652937412262,0.5929293036460876,0.3312121331691742
YLR131C,YDR243C,0,1.1608193,0.15179726481437683,0.5929293036460876,0.3313131332397461
YIL147C,YPR037C,0,1.160649,0.15175801515579224,0.5929293036460876,0.331414133310318
YJL078C,YHL011C,0,1.1606183,0.15171879529953003,0.5929293036460876,0.3315151631832123
YBR162W-A,YJL089W,0,1.1602929,0.15167959034442902,0.5929293036460876,0.3316161632537842
YKR027W,YBL031W,0,1.1600304,0.1516404002904892,0.5929293036460876,0.3317171633243561
YHR138C,YML082W,0,1.1595285,0.15160124003887177,0.5929293036460876,0.33181819319725037
YHR005C,YHR080C,0,1.1593769,0.15156209468841553,0.5929293036460876,0.33191919326782227
YLR200W,YLR363C,0,1.1592622,0.15152297914028168,0.5929293036460876,0.33202019333839417
YBR045C,YDR438W,0,1.1591959,0.15148386359214783,0.5929293036460876,0.33212122321128845
YMR048W,YKL040C,0,1.1590763,0.15144479274749756,0.5929293036460876,0.33222222328186035
YML016C,YOR158W,0,1.1589315,0.1514057219028473,0.5929293036460876,0.33232322335243225
YKL060C,YDR359C,0,1.1587291,0.1513666808605194,0.5929293036460876,0.33242425322532654
YLR293C,YNR037C,0,1.1586742,0.15132765471935272,0.5929293036460876,0.33252525329589844
YOR241W,YOR009W,0,1.1584986,0.15128865838050842,0.5929293036460876,0.33262625336647034
YDL091C,YPR114W,0,1.1583261,0.15124967694282532,0.5929293036460876,0.3327272832393646
YLR432W,YLR007W,0,1.158155,0.1512107104063034,0.5929293036460876,0.3328282833099365
YFR031C-A,YGR178C,0,1.1573315,0.15117177367210388,0.5929293036460876,0.3329292833805084
YDR350C,YLR367W,0,1.1568717,0.15113285183906555,0.5929293036460876,0.3330303132534027
YMR318C,YLR054C,0,1.1563795,0.15109394490718842,0.5929293036460876,0.3331313133239746
YDR145W,YJL094C,0,1.1562506,0.15105506777763367,0.5929293036460876,0.3332323133945465
YBR065C,YMR149W,0,1.1561375,0.1510162055492401,0.5929293036460876,0.3333333432674408
YJL013C,YOR335C,0,1.156024,0.15097737312316895,0.5929293036460876,0.3334343433380127
YIL018W,YNL029C,0,1.155976,0.15093854069709778,0.5929293036460876,0.3335353434085846
YAL002W,YPL100W,0,1.1556833,0.150899738073349,0.5929293036460876,0.3336363732814789
YML100W,YJR046W,0,1.1548755,0.1508609652519226,0.5929293036460876,0.3337373733520508
YJR132W,YLR006C,0,1.1548591,0.15082219243049622,0.5929293036460876,0.3338383734226227
YPL215W,YHR120W,1,1.1545304,0.15104033052921295,0.5939394235610962,0.3338383734226227
YAL051W,YLR409C,0,1.1545002,0.15100154280662537,0.5939394235610962,0.33393940329551697
YIL156W,YDR372C,0,1.154449,0.15096276998519897,0.5939394235610962,0.33404040336608887
YOR119C,YIL167W,0,1.1541945,0.15092402696609497,0.5939394235610962,0.33414140343666077
YAL048C,YBR091C,1,1.1536186,0.15114189684391022,0.59494948387146,0.33414140343666077
YOR060C,YIL062C,1,1.1531334,0.1513596773147583,0.5959596037864685,0.33414140343666077
YGL104C,YNL048W,0,1.1531123,0.15132084488868713,0.5959596037864685,0.33424243330955505
YJL045W,YLR052W,0,1.1530201,0.15128205716609955,0.5959596037864685,0.33434343338012695
YDR309C,YBR060C,0,1.1527793,0.15124326944351196,0.5959596037864685,0.33444443345069885
YKL069W,YDR365C,0,1.1526184,0.15120451152324677,0.5959596037864685,0.33454546332359314
YDL106C,YFR025C,0,1.1526093,0.15116576850414276,0.5959596037864685,0.33464646339416504
YOR065W,YEL051W,0,1.1523181,0.15112705528736115,0.5959596037864685,0.33474746346473694
YPL203W,YCL016C,0,1.1522937,0.15108834207057953,0.5959596037864685,0.3348484933376312
YIL030C,YPL225W,0,1.1522009,0.1510496735572815,0.5959596037864685,0.3349494934082031
YJL045W,YGL238W,0,1.151885,0.15101100504398346,0.5959596037864685,0.335050493478775
YDL247W,YPL036W,0,1.151634,0.1509723663330078,0.5959596037864685,0.3351515233516693
YGR082W,YML061C,1,1.1515286,0.15118956565856934,0.596969723701477,0.3351515233516693
YMR243C,YPL225W,0,1.1512995,0.1511508971452713,0.596969723701477,0.3352525234222412
YDL113C,YKL155C,0,1.151056,0.15111224353313446,0.596969723701477,0.3353535234928131
YER139C,YMR001C,0,1.1502416,0.15107361972332,0.596969723701477,0.3354545533657074
YML107C,YDL091C,0,1.1501713,0.15103501081466675,0.596969723701477,0.3355555534362793
YDR469W,YGR260W,0,1.1497984,0.15099641680717468,0.596969723701477,0.3356565535068512
YER178W,YHR133C,0,1.1490593,0.150957852602005,0.596969723701477,0.3357575833797455
YEL005C,YOL135C,0,1.149059,0.15091930329799652,0.596969723701477,0.3358585834503174
YAL048C,YNL066W,1,1.1487718,0.15113607048988342,0.5979797840118408,0.3358585834503174
YOR316C,YML047C,0,1.1486936,0.15109749138355255,0.5979797840118408,0.3359595835208893
YDR434W,YBR060C,0,1.1486742,0.15105894207954407,0.5979797840118408,0.33606061339378357
YDR471W,YBR208C,0,1.148189,0.15102040767669678,0.5979797840118408,0.33616161346435547
YNL328C,YLR059C,1,1.14806,0.15123693645000458,0.5989899039268494,0.33616161346435547
YOR090C,YHR110W,0,1.1478808,0.1511983722448349,0.5989899039268494,0.33626261353492737
YJL054W,YJR118C,1,1.1476283,0.15141473710536957,0.6000000238418579,0.33626261353492737
YNL137C,YNL246W,0,1.147223,0.1513761430978775,0.6000000238418579,0.33636364340782166
YBR279W,YOL078W,0,1.1465143,0.15133757889270782,0.6000000238418579,0.33646464347839355
YIL053W,YOL051W,0,1.1455901,0.15129902958869934,0.6000000238418579,0.33656564354896545
YOR156C,YIL123W,0,1.1455469,0.15126051008701324,0.6000000238418579,0.33666667342185974
YGR217W,YJL094C,0,1.1447318,0.15122199058532715,0.6000000238418579,0.33676767349243164
YKL197C,YDR273W,0,1.1446687,0.15118350088596344,0.6000000238418579,0.33686867356300354
YOR156C,YDR365C,0,1.1446594,0.15114504098892212,0.6000000238418579,0.3369697034358978
YIL107C,YHR014W,0,1.1446264,0.151106595993042,0.6000000238418579,0.3370707035064697
YKL079W,YMR183C,0,1.1443324,0.15106816589832306,0.6000000238418579,0.3371717035770416
YDR213W,YCR106W,0,1.1442871,0.15102975070476532,0.6000000238418579,0.3372727334499359
YBR162W-A,YPR017C,0,1.1439787,0.15099135041236877,0.6000000238418579,0.3373737335205078
YPL209C,YIL154C,0,1.1434274,0.15095297992229462,0.6000000238418579,0.3374747335910797
YLR234W,YNR030W,0,1.1433126,0.15091463923454285,0.6000000238418579,0.337575763463974
YJR118C,YOL095C,1,1.1433,0.1511303037405014,0.6010100841522217,0.337575763463974
YOR334W,YDR178W,0,1.1432934,0.15109191834926605,0.6010100841522217,0.3376767635345459
YPR037C,YDR268W,0,1.1430147,0.1510535627603531,0.6010100841522217,0.3377777636051178
YLR409C,YCL067C,0,1.1429935,0.15101522207260132,0.6010100841522217,0.3378787934780121
YJR046W,YHL021C,0,1.1428679,0.15097691118717194,0.6010100841522217,0.337979793548584
YBL007C,YDL124W,0,1.1428298,0.15093861520290375,0.6010100841522217,0.3380807936191559
YDL175C,YPR100W,0,1.142419,0.15090033411979675,0.6010100841522217,0.33818182349205017
YML061C,YKL134C,1,1.1422212,0.15111562609672546,0.6020202040672302,0.33818182349205017
YKL149C,YJL127C,0,1.1420785,0.15107731521129608,0.6020202040672302,0.33828282356262207
YJR102C,YDR464W,0,1.1420679,0.1510390341281891,0.6020202040672302,0.33838382363319397
YBR005W,YDL113C,0,1.1417937,0.1510007530450821,0.6020202040672302,0.33848485350608826
YHR103W,YLR260W,0,1.141782,0.15096251666545868,0.6020202040672302,0.33858585357666016
YNL243W,YOR250C,0,1.1417739,0.15092428028583527,0.6020202040672302,0.33868688344955444
YDR204W,YHR133C,0,1.1416514,0.15088607370853424,0.6020202040672302,0.33878788352012634
YMR274C,YPL100W,0,1.1415467,0.1508478820323944,0.6020202040672302,0.33888888359069824
YJR073C,YMR234W,0,1.1414636,0.15080972015857697,0.6020202040672302,0.33898991346359253
YDL175C,YOL052C-A,0,1.1414231,0.15077157318592072,0.6020202040672302,0.33909091353416443
YBL063W,YLR432W,0,1.1408954,0.15073344111442566,0.6020202040672302,0.33919191360473633
YBR016W,YNL216W,0,1.1408662,0.1506953239440918,0.6020202040672302,0.3392929434776306
YJL013C,YIL038C,0,1.1403702,0.15065723657608032,0.6020202040672302,0.3393939435482025
YKR093W,YDR350C,0,1.1400263,0.15061914920806885,0.6020202040672302,0.3394949436187744
YJL127C,YDR234W,0,1.1399825,0.15058110654354095,0.6020202040672302,0.3395959734916687
YNL243W,YGR094W,0,1.1398358,0.15054306387901306,0.6020202040672302,0.3396969735622406
YNR024W,YOR157C,0,1.1398196,0.15050505101680756,0.6020202040672302,0.3397979736328125
YDL081C,YLR466W,0,1.1397872,0.15046705305576324,0.6020202040672302,0.3398990035057068
YKR095W,YOR109W,0,1.1397853,0.15042906999588013,0.6020202040672302,0.3400000035762787
YOR087W,YLR189C,0,1.139777,0.1503911167383194,0.6020202040672302,0.3401010036468506
YKL197C,YPL233W,0,1.1396646,0.15035317838191986,0.6020202040672302,0.3402020335197449
YPL225W,YLR017W,0,1.1393738,0.15031525492668152,0.6020202040672302,0.3403030335903168
YKL155C,YLR093C,0,1.1391063,0.15027736127376556,0.6020202040672302,0.34040403366088867
YAL056W,YBL063W,0,1.1389515,0.1502394825220108,0.6020202040672302,0.34050506353378296
YDR513W,YBR023C,0,1.13885,0.15020161867141724,0.6020202040672302,0.34060606360435486
YML021C,YGR260W,0,1.138514,0.15016376972198486,0.6020202040672302,0.34070706367492676
YMR110C,YBL091C,0,1.1382442,0.15012595057487488,0.6020202040672302,0.34080809354782104
YCR031C,YLR061W,0,1.1371956,0.1500881463289261,0.6020202040672302,0.34090909361839294
YFL049W,YPR017C,0,1.137181,0.1500503569841385,0.6020202040672302,0.34101009368896484
YIL106W,YJL212C,0,1.1371663,0.15001258254051208,0.6020202040672302,0.34111112356185913
YDR092W,YBR003W,0,1.1371651,0.14997483789920807,0.6020202040672302,0.34121212363243103
YNL328C,YKL134C,1,1.1368818,0.15018868446350098,0.6030303239822388,0.34121212363243103
YIL098C,YOL076W,1,1.1368811,0.15040241181850433,0.6040403842926025,0.34121212363243103
YOR011W,YHL015W,0,1.1366593,0.15036459267139435,0.6040403842926025,0.34131312370300293
YGR208W,YGR083C,0,1.1363748,0.15032680332660675,0.6040403842926025,0.3414141535758972
YKL110C,YGL129C,0,1.1362109,0.15028901398181915,0.6040403842926025,0.3415151536464691
YMR275C,YNL055C,1,1.1358366,0.1505025178194046,0.6050505042076111,0.3415151536464691
YKL191W,YGL104C,0,1.1352267,0.1504647135734558,0.6050505042076111,0.341616153717041
YLR382C,YDR021W,0,1.1351122,0.1504269242286682,0.6050505042076111,0.3417171835899353
YKR049C,YER127W,0,1.1347522,0.1503891497850418,0.6050505042076111,0.3418181836605072
YER149C,YBR131W,0,1.1346701,0.1503514051437378,0.6050505042076111,0.3419191837310791
YGL006W,YIL033C,0,1.1346358,0.15031367540359497,0.6050505042076111,0.3420202136039734
YMR048W,YBR086C,0,1.1341753,0.15027596056461334,0.6050505042076111,0.3421212136745453
YLR150W,YKL114C,0,1.1327938,0.1502382755279541,0.6050505042076111,0.3422222137451172
YHL015W,YJR096W,0,1.1327889,0.15020060539245605,0.6050505042076111,0.3423232436180115
YJL078C,YDR175C,0,1.1326281,0.1501629501581192,0.6050505042076111,0.3424242436885834
YML041C,YNL194C,0,1.1323087,0.15012530982494354,0.6050505042076111,0.3425252437591553
YOR207C,YDL220C,0,1.1322892,0.15008769929409027,0.6050505042076111,0.34262627363204956
YJR118C,YMR035W,1,1.1322658,0.15030060708522797,0.6060606241226196,0.34262627363204956
YCL064C,YPL018W,0,1.1321926,0.1502629667520523,0.6060606241226196,0.34272727370262146
YIL119C,YLR052W,0,1.1321732,0.15022534132003784,0.6060606241226196,0.34282827377319336
YDR259C,YPL117C,0,1.1320095,0.15018773078918457,0.6060606241226196,0.34292930364608765
YCL048W,YIL173W,0,1.1319087,0.1501501500606537,0.6060606241226196,0.34303030371665955
YML096W,YBR162C,0,1.1314021,0.150112584233284,0.6060606241226196,0.34313130378723145
YLR367W,YBR045C,0,1.1313481,0.1500750333070755,0.6060606241226196,0.34323233366012573
YDR323C,YMR041C,0,1.1311417,0.1500375121831894,0.6060606241226196,0.34333333373069763
YHR113W,YML016C,0,1.1310223,0.15000000596046448,0.6060606241226196,0.34343433380126953
YOR267C,YOR189W,0,1.1307175,0.14996251463890076,0.6060606241226196,0.3435353636741638
YNL056W,YLR131C,0,1.130372,0.14992503821849823,0.6060606241226196,0.3436363637447357
YMR243C,YGR004W,0,1.129963,0.1498875916004181,0.6060606241226196,0.3437373638153076
YOL061W,YGL226W,0,1.1297812,0.14985014498233795,0.6060606241226196,0.3438383936882019
YIL038C,YPR155C,0,1.1297147,0.1498127281665802,0.6060606241226196,0.3439393937587738
YOR241W,YDL154W,0,1.129586,0.14977534115314484,0.6060606241226196,0.3440403938293457
YLR442C,YPL040C,0,1.1295722,0.14973795413970947,0.6060606241226196,0.34414142370224
YDL220C,YDR437W,0,1.1295135,0.1497005969285965,0.6060606241226196,0.3442424237728119
YDR028C,YGL171W,0,1.1294317,0.14966325461864471,0.6060606241226196,0.3443434238433838
YFL011W,YNR038W,0,1.1294112,0.14962594211101532,0.6060606241226196,0.3444444537162781
YDR434W,YEL039C,0,1.129272,0.14958862960338593,0.6060606241226196,0.34454545378685
YDR028C,YLR288C,0,1.1282004,0.14955134689807892,0.6060606241226196,0.3446464538574219
YLR167W,YLR345W,0,1.128178,0.1495140790939331,0.6060606241226196,0.34474748373031616
YDL091C,YNL288W,0,1.1281104,0.1494768261909485,0.6060606241226196,0.34484848380088806
YHL011C,YNL094W,0,1.1277381,0.14943960309028625,0.6060606241226196,0.34494948387145996
YDL003W,YDR168W,0,1.1276007,0.14940239489078522,0.6060606241226196,0.34505051374435425
YDL098C,YOR158W,0,1.1273594,0.14936520159244537,0.6060606241226196,0.34515151381492615
YLR083C,YDR399W,0,1.1268296,0.14932802319526672,0.6060606241226196,0.34525251388549805
YJL001W,YNL065W,0,1.1265827,0.14929087460041046,0.6060606241226196,0.34535354375839233
YLL048C,YLR037C,0,1.1264381,0.1492537260055542,0.6060606241226196,0.34545454382896423
YDR201W,YJL058C,0,1.1264093,0.14921660721302032,0.6060606241226196,0.34555554389953613
YKL016C,YGL240W,0,1.1262467,0.14917951822280884,0.6060606241226196,0.3456565737724304
YPL248C,YGR044C,0,1.1260968,0.14914242923259735,0.6060606241226196,0.3457575738430023
YLR017W,YNL036W,0,1.1259185,0.14910537004470825,0.6060606241226196,0.3458585739135742
YBR054W,YJR046W,0,1.1258769,0.14906832575798035,0.6060606241226196,0.3459596037864685
YDR212W,YPL116W,0,1.1255025,0.14903129637241364,0.6060606241226196,0.3460606038570404
YBL051C,YBR162C,0,1.1254766,0.14899428188800812,0.6060606241226196,0.3461616039276123
YGL105W,YNL161W,0,1.1252009,0.148957297205925,0.6060606241226196,0.3462626338005066
YHR120W,YHR194W,1,1.1251147,0.14916852116584778,0.6070706844329834,0.3462626338005066
YER062C,YGL070C,0,1.1247888,0.14913150668144226,0.6070706844329834,0.3463636338710785
YPR128C,YKR077W,0,1.1247863,0.14909452199935913,0.6070706844329834,0.3464646339416504
YNL287W,YGR122W,0,1.124158,0.149057537317276,0.6070706844329834,0.3465656638145447
YOL020W,YLR092W,0,1.123947,0.14902058243751526,0.6070706844329834,0.3466666638851166
YGR103W,YHL015W,0,1.1239382,0.1489836424589157,0.6070706844329834,0.3467676639556885
YOR002W,YOR316C,0,1.1236526,0.14894671738147736,0.6070706844329834,0.34686869382858276
YPR106W,YKL138C,0,1.1234808,0.1489098072052002,0.6070706844329834,0.34696969389915466
YOR091W,YDL091C,0,1.1228851,0.14887292683124542,0.6070706844329834,0.34707069396972656
YBR085W,YER143W,0,1.1227685,0.14883606135845184,0.6070706844329834,0.34717172384262085
YNL318C,YGL226W,0,1.1227533,0.14879921078681946,0.6070706844329834,0.34727272391319275
YDR434W,YIL018W,0,1.1227466,0.14876237511634827,0.6070706844329834,0.34737372398376465
YGR178C,YIR031C,0,1.1226918,0.14872556924819946,0.6070706844329834,0.34747475385665894
YOL121C,YDR040C,0,1.1225328,0.14868876338005066,0.6070706844329834,0.34757575392723083
YDL081C,YOR019W,0,1.1225219,0.14865198731422424,0.6070706844329834,0.34767675399780273
YDR372C,YOL126C,0,1.1225171,0.14861522614955902,0.6070706844329834,0.347777783870697
YOR009W,YMR149W,0,1.1221899,0.1485784947872162,0.6070706844329834,0.3478787839412689
YFL049W,YPR133C,0,1.1220908,0.14854176342487335,0.6070706844329834,0.3479797840118408
YNL045W,YHL011C,0,1.1217059,0.1485050618648529,0.6070706844329834,0.3480808138847351
YOR193W,YLL024C,0,1.1215744,0.14846837520599365,0.6070706844329834,0.348181813955307
YBL056W,YNL023C,0,1.1215473,0.1484317183494568,0.6070706844329834,0.3482828140258789
YLR023C,YML055W,0,1.1212387,0.14839506149291992,0.6070706844329834,0.3483838438987732
YCR016W,YFR053C,0,1.1211414,0.14835843443870544,0.6070706844329834,0.3484848439693451
YAL002W,YPR199C,0,1.1211259,0.14832182228565216,0.6070706844329834,0.348585844039917
YPR154W,YGL231C,0,1.1209339,0.14828522503376007,0.6070706844329834,0.3486868739128113
YOR049C,YOR193W,0,1.1205773,0.14824864268302917,0.6070706844329834,0.3487878739833832
YNL233W,YKL002W,0,1.1203237,0.14821209013462067,0.6070706844329834,0.3488888740539551
YLR417W,YMR131C,0,1.1200186,0.14817553758621216,0.6070706844329834,0.34898990392684937
YNL233W,YDL076C,0,1.1196022,0.14813901484012604,0.6070706844329834,0.34909090399742126
YHR169W,YLR263W,0,1.1195337,0.1481025069952011,0.6070706844329834,0.34919193387031555
YBL087C,YGL226W,0,1.1192336,0.14806602895259857,0.6070706844329834,0.34929293394088745
YOL126C,YMR242C,0,1.1190217,0.14802955090999603,0.6070706844329834,0.34939393401145935
YMR207C,YKL114C,0,1.1188052,0.14799310266971588,0.6070706844329834,0.34949496388435364
YHR103W,YCL048W,0,1.118555,0.14795666933059692,0.6070706844329834,0.34959596395492554
YKL149C,YIL154C,0,1.1185474,0.14792025089263916,0.6070706844329834,0.34969696402549744
YDR148C,YHR185C,0,1.1183834,0.14788386225700378,0.6070706844329834,0.3497979938983917
YOR081C,YFR050C,0,1.1183143,0.1478474736213684,0.6070706844329834,0.3498989939689636
YJR102C,YHR014W,0,1.1176556,0.14781111478805542,0.6070706844329834,0.3499999940395355
YGR082W,YOR330C,1,1.1172905,0.1480206549167633,0.6080808043479919,0.3499999940395355
YPR067W,YIR026C,0,1.1169378,0.14798426628112793,0.6080808043479919,0.3501010239124298
YIL107C,YGL107C,0,1.1165473,0.14794789254665375,0.6080808043479919,0.3502020239830017
YDR268W,YMR001C,0,1.116327,0.14791154861450195,0.6080808043479919,0.3503030240535736
YER056C,YER038C,0,1.1162875,0.14787521958351135,0.6080808043479919,0.3504040539264679
YDL154W,YLR189C,0,1.1156452,0.14783890545368195,0.6080808043479919,0.3505050539970398
YDR439W,YDR168W,0,1.1154485,0.14780260622501373,0.6080808043479919,0.3506060540676117
YDR268W,YOL116W,0,1.1151268,0.1477663218975067,0.6080808043479919,0.350707083940506
YPL225W,YMR074C,0,1.1147417,0.14773006737232208,0.6080808043479919,0.3508080840110779
YCL035C,YGL240W,0,1.1144786,0.14769381284713745,0.6080808043479919,0.3509090840816498
YIL037C,YKL197C,0,1.1143935,0.1476575881242752,0.6080808043479919,0.35101011395454407
YKL016C,YPL001W,0,1.1139455,0.14762137830257416,0.6080808043479919,0.35111111402511597
YLR054C,YDL117W,0,1.1139426,0.1475851982831955,0.6080808043479919,0.35121211409568787
YDR213W,YDR280W,0,1.1136423,0.14754901826381683,0.6080808043479919,0.35131314396858215
YPR007C,YNL246W,0,1.1132872,0.14751286804676056,0.6080808043479919,0.35141414403915405
YLR361C,YGL111W,0,1.1122222,0.14747673273086548,0.6080808043479919,0.35151514410972595
YJL059W,YNL246W,0,1.1121876,0.1474406123161316,0.6080808043479919,0.35161617398262024
YBR189W,YOR372C,0,1.1121516,0.1474045068025589,0.6080808043479919,0.35171717405319214
YAL056W,YGL078C,0,1.1117396,0.1473684161901474,0.6080808043479919,0.35181817412376404
YLR284C,YBR146W,0,1.1117053,0.1473323553800583,0.6080808043479919,0.3519192039966583
YNL328C,YOL095C,1,1.1115968,0.14754098653793335,0.6090909242630005,0.3519192039966583
YBR043C,YHR037W,0,1.111278,0.14750489592552185,0.6090909242630005,0.3520202040672302
YKL132C,YEL032W,0,1.1107566,0.14746882021427155,0.6090909242630005,0.3521212041378021
YGL087C,YIL008W,0,1.1103059,0.14743275940418243,0.6090909242630005,0.3522222340106964
YJL089W,YPL006W,0,1.1102662,0.1473967283964157,0.6090909242630005,0.3523232340812683
YGR165W,YHR114W,0,1.1101761,0.147360697388649,0.6090909242630005,0.3524242341518402
YLR382C,YDR179C,0,1.1101575,0.14732469618320465,0.6090909242630005,0.3525252640247345
YIL007C,YLL024C,0,1.1098547,0.1472887098789215,0.6090909242630005,0.3526262640953064
YLR189C,YCR063W,0,1.1097875,0.14725275337696075,0.6090909242630005,0.3527272641658783
YER149C,YPL049C,0,1.1097269,0.147216796875,0.6090909242630005,0.3528282940387726
YPR131C,YIL062C,1,1.1096282,0.14742495119571686,0.6101009845733643,0.3528282940387726
YPL171C,YHR110W,0,1.109575,0.14738896489143372,0.6101009845733643,0.3529292941093445
YGL028C,YAL011W,0,1.1094918,0.14735300838947296,0.6101009845733643,0.3530302941799164
YDR528W,YNR024W,0,1.1094325,0.1473170667886734,0.6101009845733643,0.35313132405281067
YCR021C,YDL123W,0,1.1093658,0.14728115499019623,0.6101009845733643,0.35323232412338257
YMR076C,YMR153W,0,1.1088599,0.14724524319171906,0.6101009845733643,0.35333332419395447
YFL026W,YML055W,0,1.1088153,0.14720936119556427,0.6101009845733643,0.35343435406684875
YML127W,YBR016W,0,1.1087666,0.14717349410057068,0.6101009845733643,0.35353535413742065
YOR191W,YNL063W,0,1.1086078,0.14713764190673828,0.6101009845733643,0.35363635420799255
YDR280W,YOL052C-A,0,1.1085603,0.14710180461406708,0.6101009845733643,0.35373738408088684
YFR047C,YDR188W,0,1.1084163,0.14706598222255707,0.6101009845733643,0.35383838415145874
YML092C,YCL064C,0,1.1083633,0.14703018963336945,0.6101009845733643,0.35393938422203064
YPR114W,YAL051W,0,1.1079435,0.14699439704418182,0.6101009845733643,0.3540404140949249
YPL146C,YER129W,0,1.1077672,0.1469586342573166,0.6101009845733643,0.3541414141654968
YER062C,YKL029C,0,1.107595,0.14692288637161255,0.6101009845733643,0.3542424142360687
YHR001W-A,YPR141C,0,1.1074643,0.1468871533870697,0.6101009845733643,0.354343444108963
YHR122W,YOR254C,0,1.1074024,0.14685145020484924,0.6101009845733643,0.3544444441795349
YOL012C,YJR046W,0,1.1072446,0.14681574702262878,0.6101009845733643,0.3545454442501068
YCR107W,YBR279W,0,1.1072178,0.1467800736427307,0.6101009845733643,0.3546464741230011
YEL001C,YDR469W,0,1.1068758,0.14674441516399384,0.6101009845733643,0.354747474193573
YKR089C,YPL179W,0,1.1068678,0.14670877158641815,0.6101009845733643,0.3548484742641449
YER102W,YLR288C,0,1.1067479,0.14667314291000366,0.6101009845733643,0.3549495041370392
YOL009C,YML061C,1,1.1061568,0.14688031375408173,0.6111111044883728,0.3549495041370392
YNL132W,YCL067C,0,1.1059196,0.14684465527534485,0.6111111044883728,0.3550505042076111
YBR038W,YHR108W,0,1.1058486,0.14680902659893036,0.6111111044883728,0.355151504278183
YKL058W,YBL072C,0,1.1058444,0.14677341282367706,0.6111111044883728,0.35525253415107727
YKL045W,YLR263W,0,1.1056681,0.14673781394958496,0.6111111044883728,0.35535353422164917
YDR188W,YLR181C,0,1.1055546,0.14670222997665405,0.6111111044883728,0.35545453429222107
YBR045C,YNL065W,0,1.1054612,0.14666666090488434,0.6111111044883728,0.35555556416511536
YOR103C,YPL235W,0,1.1053884,0.146631121635437,0.6111111044883728,0.35565656423568726
YDL100C,YNL251C,0,1.105155,0.14659559726715088,0.6111111044883728,0.35575756430625916
YGR181W,YOR330C,1,1.1037277,0.14680232107639313,0.6121212244033813,0.35575756430625916
YOR207C,YBR169C,0,1.1033094,0.1467667669057846,0.6121212244033813,0.35585859417915344
YBR029C,YDR365C,0,1.1028903,0.14673122763633728,0.6121212244033813,0.35595959424972534
YOL023W,YLR337C,0,1.102791,0.14669571816921234,0.6121212244033813,0.35606059432029724
YJL096W,YBR131W,0,1.1027205,0.1466602087020874,0.6121212244033813,0.35616162419319153
YDR189W,YLR352W,0,1.1026964,0.14662472903728485,0.6121212244033813,0.3562626242637634
YDR039C,YDR007W,0,1.1024227,0.1465892642736435,0.6121212244033813,0.3563636243343353
YOR195W,YDL149W,0,1.1017256,0.14655381441116333,0.6121212244033813,0.3564646542072296
YPL036W,YNL048W,0,1.1010934,0.14651837944984436,0.6121212244033813,0.3565656542778015
YGL006W,YIL173W,0,1.1005648,0.14648295938968658,0.6121212244033813,0.3566666543483734
YML092C,YNR024W,0,1.1004839,0.14644755423069,0.6121212244033813,0.3567676842212677
YFL049W,YDL123W,0,1.1002998,0.1464121788740158,0.6121212244033813,0.3568686842918396
YIL007C,YDR039C,0,1.1002233,0.1463768184185028,0.6121212244033813,0.3569696843624115
YBR169C,YIL148W,0,1.0999743,0.1463414579629898,0.6121212244033813,0.3570707142353058
YOR157C,YLR055C,0,1.0999076,0.1463061273097992,0.6121212244033813,0.3571717143058777
YKL048C,YGL195W,0,1.0998144,0.14627081155776978,0.6121212244033813,0.3572727143764496
YLL006W,YMR035W,1,1.0997968,0.1464768350124359,0.6131312847137451,0.3572727143764496
YOL144W,YDR007W,0,1.0996383,0.1464414894580841,0.6131312847137451,0.35737374424934387
YFR027W,YCL051W,0,1.0991294,0.1464061737060547,0.6131312847137451,0.35747474431991577
YLR059C,YHR194W,1,1.0990902,0.1466120034456253,0.6141414046287537,0.35747474431991577
YOL012C,YKL079W,0,1.0990858,0.1465766578912735,0.6141414046287537,0.35757574439048767
YNL221C,YOR372C,0,1.0989696,0.14654134213924408,0.6141414046287537,0.35767677426338196
YLR185W,YHR103W,0,1.0986782,0.14650602638721466,0.6141414046287537,0.35777777433395386
YML098W,YJR123W,0,1.0985727,0.14647072553634644,0.6141414046287537,0.35787877440452576
YDR212W,YFL056C,0,1.0981412,0.1464354544878006,0.6141414046287537,0.35797980427742004
YFL011W,YLR451W,0,1.0978106,0.14640019834041595,0.6141414046287537,0.35808080434799194
YOR045W,YOR330C,1,1.0974787,0.1466056853532791,0.6151515245437622,0.35808080434799194
YLR004C,YMR149W,0,1.0974547,0.14657039940357208,0.6151515245437622,0.35818180441856384
YFL026W,YGR004W,0,1.0974469,0.14653512835502625,0.6151515245437622,0.35828283429145813
YDR041W,YFR038W,0,1.0973338,0.1464998871088028,0.6151515245437622,0.35838383436203003
YAL019W,YPR086W,0,1.0970477,0.14646464586257935,0.6151515245437622,0.35848483443260193
YPL280W,YDR111C,0,1.0969737,0.14642943441867828,0.6151515245437622,0.3585858643054962
YOR156C,YOL135C,0,1.0968909,0.14639423787593842,0.6151515245437622,0.3586868643760681
YER031C,YLR056W,0,1.0968702,0.14635904133319855,0.6151515245437622,0.35878786444664
YGL196W,YJL094C,0,1.0965205,0.14632388949394226,0.6151515245437622,0.3588888943195343
YOL154W,YLL057C,0,1.0964323,0.14628873765468597,0.6151515245437622,0.3589898943901062
YLL006W,YOL095C,1,1.0964133,0.14649376273155212,0.6161616444587708,0.3589898943901062
YOR018W,YDR190C,0,1.0964075,0.14645858108997345,0.6161616444587708,0.3590908944606781
YBR130C,YCR105W,0,1.0962794,0.14642342925071716,0.6161616444587708,0.3591919243335724
YPR068C,YBR162C,0,1.0960469,0.14638829231262207,0.6161616444587708,0.3592929244041443
YOL076W,YLL006W,1,1.0957462,0.1465930938720703,0.6171717047691345,0.3592929244041443
YDR007W,YLR409C,0,1.0955327,0.14655792713165283,0.6171717047691345,0.3593939542770386
YGR080W,YDL134C,0,1.0951298,0.14652277529239655,0.6171717047691345,0.3594949543476105
YJL089W,YIL173W,0,1.0950162,0.14648765325546265,0.6171717047691345,0.3595959544181824
YKL014C,YOL011W,0,1.0947105,0.14645254611968994,0.6171717047691345,0.35969698429107666
YPR114W,YCR018C,0,1.0946658,0.14641743898391724,0.6171717047691345,0.35979798436164856
YPR154W,YDR227W,0,1.0944954,0.14638236165046692,0.6171717047691345,0.35989898443222046
YGL246C,YIL087C,0,1.0942054,0.1463472992181778,0.6171717047691345,0.36000001430511475
YOR207C,YGR205W,0,1.0941465,0.14631226658821106,0.6171717047691345,0.36010101437568665
YDR175C,YNR053C,0,1.0940536,0.14627723395824432,0.6171717047691345,0.36020201444625854
YGR174C,YPR131C,1,1.0938046,0.14648157358169556,0.6181818246841431,0.36020201444625854
YML021C,YGL189C,0,1.0937768,0.14644651114940643,0.6181818246841431,0.36030304431915283
YLR167W,YCL039W,0,1.0934684,0.1464114785194397,0.6181818246841431,0.36040404438972473
YLR059C,YMR035W,1,1.0932571,0.1466156393289566,0.6191919445991516,0.36040404438972473
YBR101C,YHL050C,0,1.0932504,0.14658057689666748,0.6191919445991516,0.36050504446029663
YGL144C,YCR005C,0,1.0931802,0.14654554426670074,0.6191919445991516,0.3606060743331909
YMR286W,YGR004W,0,1.0926844,0.146510511636734,0.6191919445991516,0.3607070744037628
YER176W,YIL033C,0,1.0922835,0.14647550880908966,0.6191919445991516,0.3608080744743347
YDR500C,YML101C,0,1.0922122,0.1464405208826065,0.6191919445991516,0.360909104347229
YGR055W,YJR123W,0,1.0915952,0.14640554785728455,0.6191919445991516,0.3610101044178009
YGR253C,YDR365C,0,1.0915107,0.14637058973312378,0.6191919445991516,0.3611111044883728
YIL022W,YBR091C,1,1.091098,0.14657436311244965,0.6202020049095154,0.3611111044883728
YDR435C,YLL053C,0,1.0907093,0.1465393751859665,0.6202020049095154,0.3612121343612671
YOR018W,YCL064C,0,1.0901015,0.14650441706180573,0.6202020049095154,0.361313134431839
YPR131C,YLR190W,1,1.0899333,0.14670801162719727,0.6212121248245239,0.361313134431839
YBR090C-A,YCR063W,0,1.0899208,0.1466730237007141,0.6212121248245239,0.3614141345024109
YBR211C,YDR040C,0,1.0899203,0.14663805067539215,0.6212121248245239,0.3615151643753052
YDL135C,YER159C,0,1.0898494,0.14660309255123138,0.6212121248245239,0.3616161644458771
YMR275C,YJL180C,1,1.0897241,0.1468064785003662,0.6222222447395325,0.3616161644458771
YPL209C,YLR328W,0,1.0895842,0.14677150547504425,0.6222222447395325,0.361717164516449
YJR118C,YJL180C,1,1.0895692,0.14697475731372833,0.6232323050498962,0.361717164516449
YMR318C,YML041C,0,1.0893788,0.14693975448608398,0.6232323050498962,0.36181819438934326
YOR090C,YOR078W,0,1.0893708,0.14690476655960083,0.6232323050498962,0.36191919445991516
YDR289C,YMR125W,0,1.0891409,0.14686979353427887,0.6232323050498962,0.36202019453048706
YDR028C,YKL051W,0,1.08848,0.1468348354101181,0.6232323050498962,0.36212122440338135
YDR490C,YGR007W,0,1.088391,0.14679990708827972,0.6232323050498962,0.36222222447395325
YMR243C,YPR010C,0,1.0875931,0.14676497876644135,0.6232323050498962,0.36232322454452515
YOR049C,YGL198W,0,1.0875312,0.14673008024692535,0.6232323050498962,0.36242425441741943
YDL091C,YML059C,0,1.0874796,0.14669519662857056,0.6232323050498962,0.36252525448799133
YLR039C,YLR333C,0,1.0873765,0.14666032791137695,0.6232323050498962,0.36262625455856323
YKL194C,YBR101C,0,1.0866683,0.14662547409534454,0.6232323050498962,0.3627272844314575
YDR328C,YCR035C,0,1.0864184,0.14659063518047333,0.6232323050498962,0.3628282845020294
YDR122W,YKL099C,0,1.0862358,0.1465558260679245,0.6232323050498962,0.3629292845726013
YOR018W,YMR158W,0,1.0859537,0.14652101695537567,0.6232323050498962,0.3630303144454956
YFL011W,YHR150W,0,1.0854332,0.14648622274398804,0.6232323050498962,0.3631313145160675
YPR057W,YPL156C,0,1.0853312,0.1464514583349228,0.6232323050498962,0.3632323145866394
YLR411W,YHR106W,0,1.0851249,0.14641670882701874,0.6232323050498962,0.3633333444595337
YHR103W,YAL015C,0,1.0835946,0.14638197422027588,0.6232323050498962,0.3634343445301056
YOR004W,YPL061W,0,1.083348,0.1463472545146942,0.6232323050498962,0.3635353446006775
YER142C,YBR181C,0,1.0830059,0.14631254971027374,0.6232323050498962,0.3636363744735718
YDR482C,YMR286W,0,1.0829821,0.14627785980701447,0.6232323050498962,0.3637373745441437
YER176W,YDR517W,0,1.0829408,0.14624318480491638,0.6232323050498962,0.3638383746147156
YJL057C,YOL078W,0,1.0823739,0.1462085247039795,0.6232323050498962,0.36393940448760986
YAL026C,YOR113W,0,1.0809617,0.146173894405365,0.6232323050498962,0.36404040455818176
YDR098C,YBR023C,0,1.0807889,0.1461392641067505,0.6232323050498962,0.36414140462875366
YNL145W,YBL007C,0,1.0805738,0.14610466361045837,0.6232323050498962,0.36424243450164795
YNR032C-A,YJL035C,0,1.0801439,0.14607007801532745,0.6232323050498962,0.36434343457221985
YNL328C,YMR275C,1,1.0799693,0.1462721824645996,0.6242424249649048,0.36434343457221985
YLR284C,YGL192W,0,1.0797714,0.1462375819683075,0.6242424249649048,0.36444443464279175
YGR103W,YMR243C,0,1.0794903,0.14620298147201538,0.6242424249649048,0.36454546451568604
YNL023C,YGL111W,0,1.0792857,0.14616839587688446,0.6242424249649048,0.36464646458625793
YDL189W,YBR208C,0,1.0791614,0.14613384008407593,0.6242424249649048,0.36474746465682983
YPL133C,YGR224W,0,1.079148,0.1460992842912674,0.6242424249649048,0.3648484945297241
YCL051W,YPR007C,0,1.0791256,0.14606475830078125,0.6242424249649048,0.364949494600296
YOL061W,YNL287W,0,1.0790509,0.1460302472114563,0.6242424249649048,0.3650504946708679
YIL106W,YBR188C,0,1.0787383,0.14599575102329254,0.6242424249649048,0.3651515245437622
YJR150C,YLR384C,0,1.0781156,0.14596126973628998,0.6242424249649048,0.3652525246143341
YDR309C,YLR017W,0,1.0780824,0.1459268033504486,0.6242424249649048,0.365353524684906
YBR101C,YJL179W,0,1.0779586,0.14589235186576843,0.6242424249649048,0.3654545545578003
YOL055C,YKR072C,0,1.0772274,0.14585791528224945,0.6242424249649048,0.3655555546283722
YNL287W,YMR153W,0,1.0769281,0.14582350850105286,0.6242424249649048,0.3656565546989441
YEL018W,YKL132C,0,1.0768257,0.14578910171985626,0.6242424249649048,0.3657575845718384
YER062C,YPL156C,0,1.0764847,0.14575470983982086,0.6242424249649048,0.3658585846424103
YKL132C,YMR125W,0,1.0764761,0.14572034776210785,0.6242424249649048,0.3659595847129822
YLR007W,YLR384C,0,1.0763692,0.14568600058555603,0.6242424249649048,0.36606061458587646
YBR211C,YDL247W,0,1.0760415,0.1456516683101654,0.6242424249649048,0.36616161465644836
YGR120C,YNR037C,0,1.0754814,0.14561733603477478,0.6242424249649048,0.36626261472702026
YOL121C,YOR059C,0,1.074939,0.14558303356170654,0.6242424249649048,0.36636364459991455
YGL076C,YHR202W,0,1.0746741,0.1455487459897995,0.6242424249649048,0.36646464467048645
YER178W,YKL099C,0,1.0746738,0.14551448822021484,0.6242424249649048,0.36656564474105835
YMR009W,YDR160W,0,1.0746562,0.1454802304506302,0.6242424249649048,0.36666667461395264
YJR123W,YDL102W,0,1.073609,0.14544598758220673,0.6242424249649048,0.36676767468452454
YHR110W,YDR200C,0,1.0735456,0.14541175961494446,0.6242424249649048,0.36686867475509644
YPR128C,YNL246W,0,1.0734684,0.14537756145000458,0.6242424249649048,0.3669697046279907
YPR154W,YLR313C,0,1.0734428,0.1453433632850647,0.6242424249649048,0.3670707046985626
YOR250C,YLR249W,0,1.0733682,0.1453091949224472,0.6242424249649048,0.3671717047691345
YDL081C,YGL226W,0,1.0731966,0.1452750414609909,0.6242424249649048,0.3672727346420288
YPR114W,YJR035W,0,1.0730379,0.1452408879995346,0.6242424249649048,0.3673737347126007
YBR003W,YLL014W,0,1.0730276,0.1452067643404007,0.6242424249649048,0.3674747347831726
YAL028W,YNL251C,0,1.0725859,0.14517265558242798,0.6242424249649048,0.3675757646560669
YBL080C,YPL210C,0,1.072576,0.14513856172561646,0.6242424249649048,0.3676767647266388
YIL147C,YLR061W,0,1.0721762,0.14510448276996613,0.6242424249649048,0.3677777647972107
YJL167W,YOR357C,0,1.0721167,0.145070418715477,0.6242424249649048,0.367878794670105
YPR110C,YKL062W,0,1.0718594,0.14503636956214905,0.6242424249649048,0.3679797947406769
YPL203W,YDR516C,0,1.0716295,0.1450023502111435,0.6242424249649048,0.3680807948112488
YAL011W,YLR384C,0,1.071329,0.14496833086013794,0.6242424249649048,0.36818182468414307
YEL020W-A,YBR091C,1,1.071207,0.14516885578632355,0.6252525448799133,0.36818182468414307
YGR178C,YMR177W,0,1.0712056,0.1451348215341568,0.6252525448799133,0.36828282475471497
YIL036W,YPL169C,0,1.071149,0.14510080218315125,0.6252525448799133,0.36838382482528687
YDR377W,YLL067C,0,1.0711062,0.14506679773330688,0.6252525448799133,0.36848485469818115
YDR189W,YLR150W,0,1.0710628,0.14503280818462372,0.6252525448799133,0.36858585476875305
YOL020W,YGR211W,0,1.0705341,0.14499883353710175,0.6252525448799133,0.36868685483932495
YNL094W,YKR099W,0,1.0701343,0.14496487379074097,0.6252525448799133,0.36878788471221924
YJR132W,YJL045W,0,1.0701025,0.14493092894554138,0.6252525448799133,0.36888888478279114
YGR202C,YBL038W,0,1.0700276,0.144896999001503,0.6252525448799133,0.36898988485336304
YHR185C,YPL133C,0,1.0699348,0.144863098859787,0.6252525448799133,0.3690909147262573
YBR131W,YJL083W,0,1.069859,0.14482919871807098,0.6252525448799133,0.3691919147968292
YIL106W,YDR261C,0,1.0696723,0.14479532837867737,0.6252525448799133,0.3692929148674011
YMR261C,YNR059W,0,1.0696294,0.14476145803928375,0.6252525448799133,0.3693939447402954
YHR073W,YHL003C,0,1.0695945,0.14472761750221252,0.6252525448799133,0.3694949448108673
YGR244C,YNL068C,0,1.0694761,0.1446937769651413,0.6252525448799133,0.3695959448814392
YNL062C,YPR180W,0,1.0690022,0.14465996623039246,0.6252525448799133,0.3696969747543335
YHR158C,YIL167W,0,1.0688918,0.1446261703968048,0.6252525448799133,0.3697979748249054
YFR047C,YOR316C,0,1.0685778,0.14459238946437836,0.6252525448799133,0.3698990046977997
YKR083C,YLL057C,0,1.0684431,0.1445586234331131,0.6252525448799133,0.3700000047683716
YML059C,YDL123W,0,1.0684234,0.14452487230300903,0.6252525448799133,0.3701010048389435
YDR127W,YFL061W,0,1.0677502,0.14449113607406616,0.6252525448799133,0.37020203471183777
YDR091C,YOR316C,0,1.0676105,0.14445741474628448,0.6252525448799133,0.37030303478240967
YMR318C,YOL069W,0,1.0675308,0.144423708319664,0.6252525448799133,0.37040403485298157
YMR072W,YOR330C,1,1.0671482,0.1446232795715332,0.6262626051902771,0.37040403485298157
YOR091W,YDR399W,0,1.0671322,0.14458955824375153,0.6262626051902771,0.37050506472587585
YGR024C,YDR009W,0,1.0668645,0.14455583691596985,0.6262626051902771,0.37060606479644775
YGR046W,YJR118C,1,1.0668299,0.14475524425506592,0.6272727251052856,0.37060606479644775
YCR018C,YNL068C,0,1.0667161,0.14472150802612305,0.6272727251052856,0.37070706486701965
YGR217W,YBR168W,0,1.0666971,0.14468778669834137,0.6272727251052856,0.37080809473991394
YEL020W-A,YAL048C,1,1.0665567,0.1448870301246643,0.6282828450202942,0.37080809473991394
YOL076W,YLR259C,1,1.0661715,0.1450861692428589,0.629292905330658,0.37080809473991394
YHR090C,YHL006C,0,1.0658934,0.14505238831043243,0.629292905330658,0.37090909481048584
YJL179W,YLR058C,0,1.065866,0.14501862227916718,0.629292905330658,0.37101009488105774
YGR165W,YPR120C,0,1.0658023,0.1449848711490631,0.629292905330658,0.371111124753952
YHR096C,YNL294C,0,1.0656574,0.14495113492012024,0.629292905330658,0.3712121248245239
YDR259C,YKL006W,0,1.0656413,0.14491742849349976,0.629292905330658,0.3713131248950958
YJL054W,YBR212W,1,1.0656073,0.14511628448963165,0.6303030252456665,0.3713131248950958
YNL137C,YHR088W,0,1.0655491,0.1450825333595276,0.6303030252456665,0.3714141547679901
YDR244W,YPL097W,0,1.065547,0.1450488120317459,0.6303030252456665,0.371515154838562
YER142C,YKR072C,0,1.0651417,0.14501510560512543,0.6303030252456665,0.3716161549091339
YMR205C,YDR303C,0,1.0648527,0.14498141407966614,0.6303030252456665,0.3717171847820282
YNL031C,YOR001W,0,1.0646048,0.14494773745536804,0.6303030252456665,0.3718181848526001
YGL070C,YPR180W,0,1.0641677,0.14491407573223114,0.6303030252456665,0.371919184923172
YOR252W,YJR096W,0,1.0640485,0.14488042891025543,0.6303030252456665,0.3720202147960663
YPL138C,YER139C,0,1.0635185,0.14484679698944092,0.6303030252456665,0.3721212148666382
YOR189W,YNL214W,0,1.0634089,0.1448131799697876,0.6303030252456665,0.3722222149372101
YGL246C,YBL007C,0,1.0633593,0.14477957785129547,0.6303030252456665,0.37232324481010437
YEL020W-A,YOR330C,1,1.0632727,0.14497795701026917,0.631313145160675,0.37232324481010437
YNL020C,YDR398W,0,1.0631084,0.14494433999061584,0.631313145160675,0.37242424488067627
YPL203W,YDR284C,0,1.0629128,0.14491073787212372,0.631313145160675,0.37252524495124817
YER041W,YMR183C,0,1.0624608,0.14487715065479279,0.631313145160675,0.37262627482414246
YGL195W,YLR068W,0,1.0622009,0.14484356343746185,0.631313145160675,0.37272727489471436
YML059C,YOR357C,0,1.0619681,0.1448100060224533,0.631313145160675,0.37282827496528625
YNL221C,YJL197W,0,1.0614543,0.14477646350860596,0.631313145160675,0.37292930483818054
YDR323C,YNL176C,0,1.060621,0.1447429358959198,0.631313145160675,0.37303030490875244
YPL171C,YPL036W,0,1.0604997,0.14470942318439484,0.631313145160675,0.37313130497932434
YNL199C,YOR101W,0,1.0603712,0.14467592537403107,0.631313145160675,0.37323233485221863
YGL196W,YGL111W,0,1.0603193,0.1446424424648285,0.631313145160675,0.3733333349227905
YML023C,YHL028W,0,1.0602921,0.1446089744567871,0.631313145160675,0.3734343349933624
YNL221C,YJL013C,0,1.0602484,0.14457552134990692,0.631313145160675,0.3735353648662567
YGL087C,YMR226C,0,1.0598664,0.14454209804534912,0.631313145160675,0.3736363649368286
YKL033W,YCL051W,0,1.0597285,0.14450867474079132,0.631313145160675,0.3737373650074005
YML076C,YOR086C,0,1.0596302,0.14447526633739471,0.631313145160675,0.3738383948802948
YDR386W,YNR052C,0,1.0596185,0.1444418728351593,0.631313145160675,0.3739393949508667
YDR268W,YJR050W,0,1.0592107,0.14440850913524628,0.631313145160675,0.3740403950214386
YBR218C,YLR260W,0,1.0587944,0.14437514543533325,0.631313145160675,0.3741414248943329
YPL138C,YNL176C,0,1.0581845,0.14434179663658142,0.631313145160675,0.3742424249649048
YDL189W,YHR014W,0,1.0579135,0.14430847764015198,0.631313145160675,0.3743434250354767
YBR091C,YLL006W,1,1.0578718,0.14450600743293762,0.6323232054710388,0.3743434250354767
YJR049C,YEL032W,0,1.057647,0.1444726586341858,0.6323232054710388,0.37444445490837097
YPL209C,YBR168W,0,1.0573456,0.14443930983543396,0.6323232054710388,0.37454545497894287
YBR005W,YKL002W,0,1.0573248,0.14440599083900452,0.6323232054710388,0.37464645504951477
YLR345W,YBL072C,0,1.0565239,0.14437268674373627,0.6323232054710388,0.37474748492240906
YPR008W,YLR017W,0,1.0561423,0.1443394124507904,0.6323232054710388,0.37484848499298096
YCL051W,YBR188C,0,1.0560188,0.14430613815784454,0.6323232054710388,0.37494948506355286
YMR261C,YKL058W,0,1.0559976,0.14427287876605988,0.6323232054710388,0.37505051493644714
YML023C,YOL052C-A,0,1.0557683,0.1442396342754364,0.6323232054710388,0.37515151500701904
YJR117W,YFR034C,0,1.0550152,0.14420640468597412,0.6323232054710388,0.37525251507759094
YBR212W,YOL095C,1,1.0543547,0.14440350234508514,0.6333333253860474,0.37525251507759094
YIL156W,YMR091C,0,1.0542979,0.14437025785446167,0.6333333253860474,0.37535354495048523
YLR363C,YNR052C,0,1.053932,0.1443370133638382,0.6333333253860474,0.37545454502105713
YOR253W,YER015W,0,1.0537083,0.1443037986755371,0.6333333253860474,0.37555554509162903
YLR006C,YIL038C,0,1.0534436,0.14427059888839722,0.6333333253860474,0.3756565749645233
YDR287W,YLR067C,0,1.0534058,0.14423739910125732,0.6333333253860474,0.3757575750350952
YPR105C,YGR224W,0,1.0526879,0.14420422911643982,0.6333333253860474,0.3758585751056671
YOR271C,YLR263W,0,1.0526767,0.1441710740327835,0.6333333253860474,0.3759596049785614
YNL133C,YDR439W,0,1.0524857,0.1441379338502884,0.6333333253860474,0.3760606050491333
YFL061W,YAL026C,0,1.0524251,0.14410480856895447,0.6333333253860474,0.3761616051197052
YMR195W,YLR056W,0,1.0522624,0.14407169818878174,0.6333333253860474,0.3762626349925995
YJR049C,YMR131C,0,1.0519592,0.144038587808609,0.6333333253860474,0.3763636350631714
YJR118C,YLL006W,1,1.051537,0.14423517882823944,0.6343434453010559,0.3763636350631714
YGR099W,YER179W,0,1.0507941,0.1442020684480667,0.6343434453010559,0.3764646351337433
YPR114W,YPR155C,0,1.0506527,0.14416895806789398,0.6343434453010559,0.3765656650066376
YPL171C,YKL006W,0,1.0500777,0.14413587749004364,0.6343434453010559,0.3766666650772095
YER159C,YPL253C,0,1.0491027,0.1441027969121933,0.6343434453010559,0.37676766514778137
YDR345C,YBR089C-A,0,1.0483936,0.14406974613666534,0.6343434453010559,0.37686869502067566
YKL054C,YPL248C,0,1.0482744,0.1440366953611374,0.6343434453010559,0.37696969509124756
YNL318C,YDR176W,0,1.048054,0.14400367438793182,0.6343434453010559,0.37707069516181946
YOR156C,YNR055C,0,1.0476264,0.14397065341472626,0.6343434453010559,0.37717172503471375
YOR191W,YLR060W,0,1.0471992,0.14393766224384308,0.6343434453010559,0.37727272510528564
YIR004W,YER129W,0,1.0469923,0.1439046710729599,0.6343434453010559,0.37737372517585754
YLR432W,YPL006W,0,1.0465356,0.1438717097043991,0.6343434453010559,0.37747475504875183
YPL203W,YNL063W,0,1.0463691,0.14383874833583832,0.6343434453010559,0.37757575511932373
YGL151W,YDL076C,0,1.0463234,0.14380581676959991,0.6343434453010559,0.37767675518989563
YER177W,YCR018C,0,1.046115,0.1437729001045227,0.6343434453010559,0.3777777850627899
YOR091W,YGR142W,0,1.0460235,0.1437399834394455,0.6343434453010559,0.3778787851333618
YAL030W,YER060W,0,1.0458679,0.14370709657669067,0.6343434453010559,0.3779797852039337
YPL175W,YDR300C,0,1.0458553,0.14367420971393585,0.6343434453010559,0.378080815076828
YPR173C,YKL150W,0,1.0453852,0.14364135265350342,0.6343434453010559,0.3781818151473999
YNL294C,YKL058W,0,1.0450407,0.14360851049423218,0.6343434453010559,0.3782828152179718
YLR102C,YOR109W,0,1.0450004,0.14357566833496094,0.6343434453010559,0.3783838450908661
YPR134W,YPL075W,0,1.0446701,0.14354285597801208,0.6343434453010559,0.378484845161438
YDR325W,YGL076C,0,1.0442009,0.14351005852222443,0.6343434453010559,0.3785858452320099
YDR406W,YOR249C,0,1.0430956,0.14347726106643677,0.6343434453010559,0.3786868751049042
YPL120W,YNL133C,0,1.043009,0.1434444934129715,0.6343434453010559,0.3787878751754761
YPL233W,YPL040C,0,1.042939,0.14341174066066742,0.6343434453010559,0.378888875246048
YJR102C,YPL076W,0,1.0428941,0.14337900280952454,0.6343434453010559,0.37898990511894226
YMR063W,YAR042W,0,1.0420661,0.14334626495838165,0.6343434453010559,0.37909090518951416
YLR058C,YHR138C,0,1.0418869,0.14331355690956116,0.6343434453010559,0.37919190526008606
YLR200W,YDR257C,0,1.0412815,0.14328086376190186,0.6343434453010559,0.37929293513298035
YAL030W,YOL135C,0,1.0410719,0.14324817061424255,0.6343434453010559,0.37939393520355225
YKL069W,YCR018C,0,1.0407093,0.14321550726890564,0.6343434453010559,0.37949493527412415
YDR323C,YJL167W,0,1.040693,0.14318285882472992,0.6343434453010559,0.37959596514701843
YIL106W,YNR030W,0,1.0406016,0.1431502103805542,0.6343434453010559,0.37969696521759033
YDR178W,YPR046W,0,1.039683,0.14311759173870087,0.6343434453010559,0.37979796528816223
YDR490C,YDR397C,0,1.0394678,0.14308498799800873,0.6343434453010559,0.3798989951610565
YNL190W,YJL094C,0,1.0394423,0.14305239915847778,0.6343434453010559,0.3799999952316284
YOR117W,YMR195W,0,1.0394108,0.14301981031894684,0.6343434453010559,0.3801009953022003
YHL028W,YJR049C,0,1.0394076,0.14298725128173828,0.6343434453010559,0.3802020251750946
YGR202C,YDL134C,0,1.0393897,0.14295470714569092,0.6343434453010559,0.3803030252456665
YGR170W,YGL058W,0,1.0388982,0.14292216300964355,0.6343434453010559,0.3804040551185608
YBR107C,YBR049C,0,1.0386602,0.14288964867591858,0.6343434453010559,0.3805050551891327
YDL018C,YBR301W,0,1.0385047,0.1428571492433548,0.6343434453010559,0.3806060552597046
YFR010W,YFR034C,0,1.0384051,0.14282464981079102,0.6343434453010559,0.3807070851325989
YDR259C,YEL027W,0,1.038356,0.14279218018054962,0.6343434453010559,0.3808080852031708
YML004C,YHL050C,0,1.038108,0.14275972545146942,0.6343434453010559,0.3809090852737427
YFL026W,YBL014C,0,1.0373338,0.14272727072238922,0.6343434453010559,0.38101011514663696
YOR018W,YLR313C,0,1.0372679,0.1426948457956314,0.6343434453010559,0.38111111521720886
YJR120W,YNL055C,1,1.0371728,0.1428895890712738,0.6353535056114197,0.38111111521720886
YDR280W,YHR202W,0,1.0362747,0.1428571492433548,0.6353535056114197,0.38121211528778076
YDR545W,YER139C,0,1.03607,0.1428247094154358,0.6353535056114197,0.38131314516067505
YNL328C,YHR024C,1,1.0355632,0.14301930367946625,0.6363636255264282,0.38131314516067505
YNL056W,YGL144C,0,1.0352666,0.14298683404922485,0.6363636255264282,0.38141414523124695
YDR204W,YHR154W,0,1.0352064,0.14295439422130585,0.6363636255264282,0.38151514530181885
YDR204W,YBR034C,0,1.0351889,0.14292195439338684,0.6363636255264282,0.38161617517471313
YNL137C,YLR315W,0,1.0351434,0.14288954436779022,0.6363636255264282,0.38171717524528503
YHR201C,YDR160W,0,1.0345558,0.1428571492433548,0.6363636255264282,0.38181817531585693
YIL118W,YBL014C,0,1.0342442,0.14282475411891937,0.6363636255264282,0.3819192051887512
YHL015W,YPL233W,0,1.0341132,0.14279238879680634,0.6363636255264282,0.3820202052593231
YLR333C,YLL021W,0,1.0340855,0.1427600234746933,0.6363636255264282,0.382121205329895
YER033C,YDR234W,0,1.0340806,0.14272768795490265,0.6363636255264282,0.3822222352027893
YPR003C,YHL015W,0,1.0333216,0.142695352435112,0.6363636255264282,0.3823232352733612
YHR006W,YCR065W,0,1.03293,0.14266304671764374,0.6363636255264282,0.3824242353439331
YCL044C,YKL114C,0,1.0326484,0.14263074100017548,0.6363636255264282,0.3825252652168274
YDR325W,YIL106W,0,1.0321869,0.1425984650850296,0.6363636255264282,0.3826262652873993
YDR007W,YDR284C,0,1.0321621,0.14256618916988373,0.6363636255264282,0.3827272653579712
YPL171C,YPL239W,0,1.0321122,0.14253394305706024,0.6363636255264282,0.3828282952308655
YPL140C,YCR036W,0,1.0318806,0.14250169694423676,0.6363636255264282,0.3829292953014374
YIL007C,YOR009W,0,1.0316762,0.14246946573257446,0.6363636255264282,0.3830302953720093
YMR318C,YLR324W,0,1.0313504,0.14243726432323456,0.6363636255264282,0.38313132524490356
YIL156W,YCR018C,0,1.0312526,0.14240506291389465,0.6363636255264282,0.38323232531547546
YGL126W,YPL001W,0,1.0311126,0.14237287640571594,0.6363636255264282,0.38333332538604736
YDR004W,YGL045W,0,1.030996,0.14234071969985962,0.6363636255264282,0.38343435525894165
YPR037C,YDR276C,0,1.0309792,0.1423085629940033,0.6363636255264282,0.38353535532951355
YFL056C,YPL010W,0,1.030397,0.14227642118930817,0.6363636255264282,0.38363635540008545
YGR174C,YBR091C,1,1.0301735,0.1424700766801834,0.6373737454414368,0.38363635540008545
YLR085C,YGR099W,0,1.0295979,0.1424379199743271,0.6373737454414368,0.38373738527297974
YEL039C,YGL085W,0,1.0294701,0.14240577816963196,0.6373737454414368,0.38383838534355164
YJL186W,YER028C,0,1.0293647,0.14237365126609802,0.6373737454414368,0.38393938541412354
YPR114W,YGR142W,0,1.0292699,0.1423415243625641,0.6373737454414368,0.3840404152870178
YDR328C,YDR040C,0,1.0290225,0.14230942726135254,0.6373737454414368,0.3841414153575897
YPR067W,YGR094W,0,1.0288621,0.14227734506130219,0.6373737454414368,0.3842424154281616
YLL018C-A,YLR190W,1,1.0286616,0.14247068762779236,0.6383838653564453,0.3842424154281616
YHR148W,YDL113C,0,1.0283252,0.1424385905265808,0.6383838653564453,0.3843434453010559
YPL280W,YGL105W,0,1.0282315,0.14240649342536926,0.6383838653564453,0.3844444453716278
YHR111W,YGL192W,0,1.0280287,0.1423744112253189,0.6383838653564453,0.3845454454421997
YDR009W,YNL123W,0,1.0279524,0.14234234392642975,0.6383838653564453,0.384646475315094
YBR218C,YNL111C,0,1.0276512,0.14231029152870178,0.6383838653564453,0.3847474753856659
YJL054W,YPL063W,1,1.0272316,0.14250338077545166,0.6393939256668091,0.3847474753856659
YOL012C,YOL052C-A,0,1.0269495,0.1424712985754013,0.6393939256668091,0.3848484754562378
YLR085C,YER060W-A,0,1.0267314,0.14243924617767334,0.6393939256668091,0.3849495053291321
YDL003W,YCR021C,0,1.0265317,0.14240719377994537,0.6393939256668091,0.385050505399704
YCR107W,YDL081C,0,1.026518,0.1423751711845398,0.6393939256668091,0.3851515054702759
YJL162C,YKR027W,0,1.025881,0.14234314858913422,0.6393939256668091,0.38525253534317017
YHR096C,YPL210C,0,1.0255914,0.14231115579605103,0.6393939256668091,0.38535353541374207
YOR091W,YBL007C,0,1.0255677,0.14227916300296783,0.6393939256668091,0.38545453548431396
YHR185C,YDR007W,0,1.0255562,0.14224718511104584,0.6393939256668091,0.38555556535720825
YML127W,YOR001W,0,1.0253862,0.14221523702144623,0.6393939256668091,0.38565656542778015
YGR217W,YDL220C,0,1.0253559,0.14218328893184662,0.6393939256668091,0.38575756549835205
YDL235C,YOR158W,0,1.0252781,0.1421513557434082,0.6393939256668091,0.38585859537124634
YER102W,YJL173C,0,1.0252514,0.14211943745613098,0.6393939256668091,0.38595959544181824
YPL156C,YMR091C,0,1.0248976,0.14208754897117615,0.6393939256668091,0.38606059551239014
YDR375C,YLL018C-A,1,1.0245647,0.14228007197380066,0.6404040455818176,0.38606059551239014
YNL214W,YOL061W,0,1.0245184,0.14224815368652344,0.6404040455818176,0.3861616253852844
YLR060W,YMR001C,0,1.0239043,0.14221623539924622,0.6404040455818176,0.3862626254558563
YMR158W,YMR183C,0,1.0238065,0.14218434691429138,0.6404040455818176,0.3863636255264282
YPR120C,YLR337C,0,1.0236163,0.14215247333049774,0.6404040455818176,0.3864646553993225
YDR471W,YGR129W,0,1.0235207,0.1421205997467041,0.6404040455818176,0.3865656554698944
YER041W,YER129W,0,1.0234025,0.14208875596523285,0.6404040455818176,0.3866666555404663
YIL037C,YOL061W,0,1.0231146,0.1420569121837616,0.6404040455818176,0.3867676854133606
YDR007W,YGL226W,0,1.0227034,0.14202508330345154,0.6404040455818176,0.3868686854839325
YBL080C,YMR177W,0,1.0225165,0.14199328422546387,0.6404040455818176,0.3869696855545044
YJR120W,YJL180C,1,1.0222385,0.14218540489673615,0.6414141654968262,0.3869696855545044
YDL124W,YDR045C,0,1.0213555,0.1421535760164261,0.6414141654968262,0.3870707154273987
YPR037C,YKR049C,0,1.0213187,0.14212176203727722,0.6414141654968262,0.3871717154979706
YLR190W,YOR060C,1,1.0212696,0.14231371879577637,0.6424242258071899,0.3871717154979706
YPR105C,YGR211W,0,1.0207411,0.14228187501430511,0.6424242258071899,0.3872727155685425
YHR149C,YKL080W,0,1.0198431,0.14225006103515625,0.6424242258071899,0.38737374544143677
YBR054W,YDR372C,0,1.0198219,0.14221824705600739,0.6424242258071899,0.38747474551200867
YPL105C,YKL196C,0,1.0196797,0.14218644797801971,0.6424242258071899,0.38757574558258057
YBL031W,YGR005C,0,1.0193354,0.14215467870235443,0.6424242258071899,0.38767677545547485
YMR275C,YOR330C,1,1.0191965,0.1423463672399521,0.6434343457221985,0.38767677545547485
YOL059W,YLR150W,0,1.01913,0.14231456816196442,0.6434343457221985,0.38777777552604675
YOR191W,YOR132W,0,1.0189772,0.14228278398513794,0.6434343457221985,0.38787877559661865
YLR451W,YGR208W,0,1.0187514,0.14225099980831146,0.6434343457221985,0.38797980546951294
YML021C,YMR318C,0,1.018372,0.14221924543380737,0.6434343457221985,0.38808080554008484
YJL174W,YER177W,0,1.0179938,0.14218750596046448,0.6434343457221985,0.38818180561065674
YMR262W,YGL078C,0,1.0178417,0.14215576648712158,0.6434343457221985,0.388282835483551
YMR009W,YDR110W,0,1.0173651,0.14212405681610107,0.6434343457221985,0.3883838355541229
YER014W,YOL084W,0,1.0172895,0.14209234714508057,0.6434343457221985,0.3884848356246948
YIR019C,YLR435W,0,1.0171722,0.14206066727638245,0.6434343457221985,0.3885858654975891
YJL180C,YNL066W,1,1.0171174,0.14225195348262787,0.644444465637207,0.3885858654975891
YER179W,YDR361C,0,1.0170246,0.14222024381160736,0.644444465637207,0.388686865568161
YLR223C,YPR106W,0,1.0170046,0.14218854904174805,0.644444465637207,0.3887878656387329
YGR174C,YML061C,1,1.0170046,0.14237968623638153,0.6454545259475708,0.3887878656387329
YDR434W,YDL087C,0,1.0168879,0.14234796166419983,0.6454545259475708,0.3888888955116272
YGL092W,YDR246W,0,1.0167466,0.14231625199317932,0.6454545259475708,0.3889898955821991
YBL056W,YFL011W,0,1.0167407,0.1422845721244812,0.6454545259475708,0.389090895652771
YAL019W,YER139C,0,1.0160012,0.14225289225578308,0.6454545259475708,0.3891919255256653
YGL018C,YDR040C,0,1.0159925,0.14222122728824615,0.6454545259475708,0.3892929255962372
YOR266W,YOR060C,1,1.0151067,0.14241211116313934,0.6464646458625793,0.3892929255962372
YMR234W,YOR009W,0,1.0150414,0.14238041639328003,0.6464646458625793,0.3893939256668091
YJL013C,YNL240C,0,1.0149763,0.1423487514257431,0.6464646458625793,0.38949495553970337
YEL018W,YNL045W,0,1.014712,0.14231710135936737,0.6464646458625793,0.38959595561027527
YGR082W,YGR046W,1,1.0146284,0.14250777661800385,0.6474747657775879,0.38959595561027527
YDR256C,YPR141C,0,1.0145677,0.14247611165046692,0.6474747657775879,0.38969695568084717
YPL171C,YOR048C,0,1.0144669,0.14244444668293,0.6474747657775879,0.38979798555374146
YKL054C,YIL018W,0,1.014374,0.14241279661655426,0.6474747657775879,0.38989898562431335
YDL240W,YLR001C,0,1.0141834,0.14238116145133972,0.6474747657775879,0.38999998569488525
YHR073W,YJL167W,0,1.0141255,0.14234954118728638,0.6474747657775879,0.39010101556777954
YML004C,YPR174C,0,1.0140496,0.14231793582439423,0.6474747657775879,0.39020201563835144
YNL183C,YBR023C,0,1.013977,0.14228634536266327,0.6474747657775879,0.39030301570892334
YDR188W,YHR149C,0,1.0136205,0.1422547698020935,0.6474747657775879,0.3904040455818176
YDR204W,YOR195W,0,1.013205,0.14222320914268494,0.6474747657775879,0.3905050456523895
YLR220W,YPR169W,0,1.0129598,0.14219166338443756,0.6474747657775879,0.3906060457229614
YDL189W,YOR260W,0,1.0127631,0.14216011762619019,0.6474747657775879,0.3907070755958557
YIL118W,YPR068C,0,1.0125965,0.1421286016702652,0.6474747657775879,0.3908080756664276
YNL167C,YNL294C,0,1.0121145,0.1420971006155014,0.6474747657775879,0.3909091055393219
YLR118C,YPL248C,0,1.0117772,0.1420655995607376,0.6474747657775879,0.3910101056098938
YER072W,YBR208C,0,1.0108271,0.1420341283082962,0.6474747657775879,0.3911111056804657
YDR435C,YDR372C,0,1.010737,0.1420026570558548,0.6474747657775879,0.39121213555336
YGR170W,YLR189C,0,1.0106753,0.14197120070457458,0.6474747657775879,0.3913131356239319
YJL183W,YPL161C,0,1.010671,0.14193977415561676,0.6474747657775879,0.3914141356945038
YPR106W,YER093C,0,1.0104122,0.14190834760665894,0.6474747657775879,0.39151516556739807
YIL098C,YLL018C-A,1,1.0103391,0.14209827780723572,0.6484848260879517,0.39151516556739807
YBR130C,YLR150W,0,1.010221,0.1420668363571167,0.6484848260879517,0.39161616563796997
YOR009W,YJL069C,0,1.0097277,0.14203539490699768,0.6484848260879517,0.39171716570854187
YGL104C,YOR158W,0,1.0096397,0.14200398325920105,0.6484848260879517,0.39181819558143616
YIL153W,YLR363C,0,1.0096182,0.14197257161140442,0.6484848260879517,0.39191919565200806
YHR113W,YDL211C,0,1.009466,0.14194118976593018,0.6484848260879517,0.39202019572257996
YDR430C,YLR248W,0,1.0093498,0.14190980792045593,0.6484848260879517,0.39212122559547424
YDR464W,YHR157W,0,1.0093359,0.14187845587730408,0.6484848260879517,0.39222222566604614
YBR038W,YGL092W,0,1.0093042,0.14184710383415222,0.6484848260879517,0.39232322573661804
YNR048W,YMR205C,0,1.0090988,0.14181576669216156,0.6484848260879517,0.39242425560951233
YDR256C,YOL023W,0,1.0087659,0.1417844593524933,0.6484848260879517,0.39252525568008423
YPL171C,YDR284C,0,1.0087206,0.141753152012825,0.6484848260879517,0.39262625575065613
YDR129C,YCR038C,0,1.0083283,0.14172185957431793,0.6484848260879517,0.3927272856235504
YDR160W,YLR017W,0,1.0079117,0.14169058203697205,0.6484848260879517,0.3928282856941223
YLR059C,YJR118C,1,1.0075812,0.14187996089458466,0.6494949460029602,0.3928282856941223
YGR099W,YPL225W,0,1.0074868,0.14184866845607758,0.6494949460029602,0.3929292857646942
YOR136W,YGL192W,0,1.0074868,0.1418173760175705,0.6494949460029602,0.3930303156375885
YOR330C,YGL219C,1,1.0074023,0.14200662076473236,0.6505050659179688,0.3930303156375885
YML120C,YHR073W,0,1.0073997,0.1419753134250641,0.6505050659179688,0.3931313157081604
YGR165W,YER129W,0,1.0071188,0.141944020986557,0.6505050659179688,0.3932323157787323
YHR150W,YER071C,0,1.0070298,0.14191274344921112,0.6505050659179688,0.3933333456516266
YKL134C,YNL066W,1,1.0069603,0.14210177958011627,0.6515151262283325,0.3933333456516266
YNL250W,YJL183W,0,1.0069504,0.1420704871416092,0.6515151262283325,0.3934343457221985
YFL056C,YKL002W,0,1.0069456,0.1420391947031021,0.6515151262283325,0.3935353457927704
YGL073W,YDL117W,0,1.0068446,0.14200793206691742,0.6515151262283325,0.3936363756656647
YOR207C,YGR260W,0,1.0067021,0.14197666943073273,0.6515151262283325,0.3937373757362366
YDR041W,YNL164C,0,1.0061537,0.14194542169570923,0.6515151262283325,0.39383837580680847
YFR010W,YER149C,0,1.005748,0.14191418886184692,0.6515151262283325,0.39393940567970276
YDR176W,YML055W,0,1.0056214,0.1418829709291458,0.6515151262283325,0.39404040575027466
YDR165W,YBR089C-A,0,1.0052391,0.1418517678976059,0.6515151262283325,0.39414140582084656
YPL169C,YPR155C,0,1.0045103,0.14182057976722717,0.6515151262283325,0.39424243569374084
YDR325W,YIL120W,0,1.0042844,0.14178940653800964,0.6515151262283325,0.39434343576431274
YOR081C,YPR086W,0,1.0042319,0.1417582482099533,0.6515151262283325,0.39444443583488464
YKL033W,YPL135W,0,1.0036632,0.14172708988189697,0.6515151262283325,0.39454546570777893
YPL013C,YGR138C,0,1.0035414,0.14169596135616302,0.6515151262283325,0.39464646577835083
YJR117W,YDR399W,0,1.0034052,0.14166483283042908,0.6515151262283325,0.39474746584892273
YOR372C,YNR055C,0,1.0027163,0.14163373410701752,0.6515151262283325,0.394848495721817
YCR035C,YDR005C,0,1.0024856,0.14160263538360596,0.6515151262283325,0.3949494957923889
YNL167C,YCR086W,0,1.0022541,0.1415715515613556,0.6515151262283325,0.3950504958629608
YOR177C,YLR409C,0,1.0022296,0.14154048264026642,0.6515151262283325,0.3951515257358551
YHR197W,YCR005C,0,1.001759,0.14150942862033844,0.6515151262283325,0.395252525806427
YOR207C,YLR337C,0,1.0004239,0.14147838950157166,0.6515151262283325,0.3953535258769989
YHR204W,YPR188C,0,0.9990985,0.14144736528396606,0.6515151262283325,0.3954545557498932
YKR083C,YPL161C,0,0.9979258,0.14141635596752167,0.6515151262283325,0.3955555558204651
YLR011W,YDR110W,0,0.99784976,0.14138536155223846,0.6515151262283325,0.395656555891037
YDR041W,YKL079W,0,0.997837,0.14135436713695526,0.6515151262283325,0.3957575857639313
YJL173C,YIL148W,0,0.99778825,0.14132340252399445,0.6515151262283325,0.3958585858345032
YOR262W,YDR517W,0,0.9976354,0.14129243791103363,0.6515151262283325,0.3959595859050751
YOR087W,YDR308C,0,0.99755275,0.1412615031003952,0.6515151262283325,0.39606061577796936
YGR217W,YGL192W,0,0.99750286,0.14123056828975677,0.6515151262283325,0.39616161584854126
YOR157C,YKR099W,0,0.9968328,0.14119964838027954,0.6515151262283325,0.39626261591911316
YML120C,YBR191W,0,0.9967461,0.1411687433719635,0.6515151262283325,0.39636364579200745
YHL025W,YIL167W,0,0.99661845,0.14113785326480865,0.6515151262283325,0.39646464586257935
YMR053C,YKR077W,0,0.9964037,0.141106978058815,0.6515151262283325,0.39656564593315125
YLR118C,YPR086W,0,0.99585927,0.14107611775398254,0.6515151262283325,0.39666667580604553
YLR417W,YLR299W,0,0.99578375,0.14104527235031128,0.6515151262283325,0.39676767587661743
YAR033W,YGL171W,0,0.995331,0.14101442694664001,0.6515151262283325,0.39686867594718933
YCR021C,YBR121C,0,0.9950394,0.14098361134529114,0.6515151262283325,0.3969697058200836
YGR004W,YOR158W,0,0.9949933,0.14095279574394226,0.6515151262283325,0.3970707058906555
YGR208W,YLR292C,0,0.9948263,0.14092199504375458,0.6515151262283325,0.3971717059612274
YAL015C,YNR038W,0,0.9944541,0.14089122414588928,0.6515151262283325,0.3972727358341217
YLR102C,YHR020W,0,0.9943997,0.140860453248024,0.6515151262283325,0.3973737359046936
YIL013C,YLR061W,0,0.9942139,0.14082969725131989,0.6515151262283325,0.3974747359752655
YGL194C,YBR191W,0,0.9941137,0.14079895615577698,0.6515151262283325,0.3975757658481598
YDR482C,YMR234W,0,0.99355334,0.14076822996139526,0.6515151262283325,0.3976767659187317
YAL048C,YIL062C,1,0.9931622,0.14095570147037506,0.6525252461433411,0.3976767659187317
YDR098C,YPL100W,0,0.99299955,0.14092496037483215,0.6525252461433411,0.3977777659893036
YLR263W,YDL102W,0,0.9929233,0.14089421927928925,0.6525252461433411,0.3978787958621979
YCL029C,YOR334W,0,0.9928921,0.14086349308490753,0.6525252461433411,0.3979797959327698
YBR208C,YCR021C,0,0.9927098,0.140832781791687,0.6525252461433411,0.3980807960033417
YOR253W,YPL049C,0,0.9924944,0.14080208539962769,0.6525252461433411,0.39818182587623596
YOR334W,YER015W,0,0.9924831,0.14077140390872955,0.6525252461433411,0.39828282594680786
YCL051W,YBR301W,0,0.9924428,0.14074073731899261,0.6525252461433411,0.39838382601737976
YBR153W,YBR149W,0,0.99237883,0.14071008563041687,0.6525252461433411,0.39848485589027405
YDR004W,YJL001W,0,0.99184436,0.14067944884300232,0.6525252461433411,0.39858585596084595
YBR168W,YNL063W,0,0.9916349,0.14064881205558777,0.6525252461433411,0.39868685603141785
YHR204W,YOR157C,0,0.9915303,0.1406182050704956,0.6525252461433411,0.39878788590431213
YBR078W,YDR204W,0,0.9914242,0.14058759808540344,0.6525252461433411,0.39888888597488403
YBR189W,YMR183C,0,0.9913801,0.14055700600147247,0.6525252461433411,0.39898988604545593
YDR490C,YIL148W,0,0.9913787,0.1405264288187027,0.6525252461433411,0.3990909159183502
YLR006C,YGL064C,0,0.9911051,0.14049586653709412,0.6525252461433411,0.3991919159889221
YMR274C,YDR381W,0,0.99070626,0.14046531915664673,0.6525252461433411,0.399292916059494
YJL054W,YOL009C,1,0.99068373,0.14065217971801758,0.6535353660583496,0.399292916059494
YDR407C,YMR313C,0,0.9904557,0.1406216025352478,0.6535353660583496,0.3993939459323883
YLR006C,YKL110C,0,0.9902422,0.14059104025363922,0.6535353660583496,0.3994949460029602
YPR143W,YER129W,0,0.9901032,0.14056050777435303,0.6535353660583496,0.3995959460735321
YMR158W,YIL144W,0,0.990064,0.14052997529506683,0.6535353660583496,0.3996969759464264
YJR120W,YOR266W,1,0.9897524,0.14071661233901978,0.6545454263687134,0.3996969759464264
YPL076W,YNL029C,0,0.98973924,0.1406860649585724,0.6545454263687134,0.3997979760169983
YJR120W,YOR060C,1,0.9888893,0.14087258279323578,0.6555555462837219,0.3997979760169983
YKL194C,YNL240C,0,0.98888314,0.1408420205116272,0.6555555462837219,0.3998989760875702
YPL209C,YOR090C,0,0.9887828,0.14081145823001862,0.6555555462837219,0.4000000059604645
YDR317W,YDL123W,0,0.9883106,0.14078091084957123,0.6555555462837219,0.4001010060310364
YEL024W,YCR038C,0,0.98786426,0.14075037837028503,0.6555555462837219,0.4002020061016083
YIL037C,YNL065W,0,0.98782635,0.14071986079216003,0.6555555462837219,0.40030303597450256
YOR330C,YHR194W,1,0.9875235,0.14090614020824432,0.6565656661987305,0.40030303597450256
YPR008W,YNL247W,0,0.9874963,0.14087559282779694,0.6565656661987305,0.40040403604507446
YIL030C,YDR464W,0,0.987186,0.14084507524967194,0.6565656661987305,0.40050503611564636
YMR091C,YDL139C,0,0.9870779,0.14081455767154694,0.6565656661987305,0.40060606598854065
YOR065W,YNR030W,0,0.9870495,0.14078405499458313,0.6565656661987305,0.40070706605911255
YJR153W,YHL011C,0,0.986834,0.14075356721878052,0.6565656661987305,0.40080806612968445
YPL115C,YPR133C,0,0.9866087,0.1407230943441391,0.6565656661987305,0.40090909600257874
YIL007C,YLR200W,0,0.9865901,0.14069263637065887,0.6565656661987305,0.40101009607315063
YER038C,YPR199C,0,0.9864767,0.14066219329833984,0.6565656661987305,0.4011111259460449
YHR201C,YOR079C,0,0.98640746,0.140631765127182,0.6565656661987305,0.4012121260166168
YJR132W,YOR117W,0,0.98623997,0.14060133695602417,0.6565656661987305,0.4013131260871887
YLR390W-A,YLR442C,0,0.98613465,0.14057093858718872,0.6565656661987305,0.401414155960083
YML041C,YKL087C,0,0.98609316,0.14054054021835327,0.6565656661987305,0.4015151560306549
YML127W,YDR276C,0,0.9859281,0.14051015675067902,0.6565656661987305,0.4016161561012268
YBR038W,YNR033W,0,0.98563457,0.14047978818416595,0.6565656661987305,0.4017171859741211
YFL056C,YLR011W,0,0.9855806,0.1404494345188141,0.6565656661987305,0.401818186044693
YIL052C,YNL076W,0,0.985019,0.1404190957546234,0.6565656661987305,0.4019191861152649
YJL110C,YDR019C,0,0.9848713,0.14038877189159393,0.6565656661987305,0.4020202159881592
YER007C-A,YHL035C,0,0.9836889,0.14035844802856445,0.6565656661987305,0.4021212160587311
YML127W,YKL192C,0,0.98359287,0.14032815396785736,0.6565656661987305,0.402222216129303
YDR148C,YGR260W,0,0.9829557,0.14029785990715027,0.6565656661987305,0.40232324600219727
YOR192C,YBR268W,0,0.98295027,0.14026758074760437,0.6565656661987305,0.40242424607276917
YOR192C,YMR207C,0,0.9829305,0.14023733139038086,0.6565656661987305,0.40252524614334106
YGR204W,YNL243W,0,0.9825513,0.14020708203315735,0.6565656661987305,0.40262627601623535
YNL142W,YEL032W,0,0.9824957,0.14017683267593384,0.6565656661987305,0.40272727608680725
YLR409C,YCR005C,0,0.9821715,0.14014661312103271,0.6565656661987305,0.40282827615737915
YOR016C,YJR050W,0,0.9819959,0.14011640846729279,0.6565656661987305,0.40292930603027344
YIL037C,YOR113W,0,0.9819601,0.14008620381355286,0.6565656661987305,0.40303030610084534
YPR095C,YHL015W,0,0.9816197,0.14005602896213531,0.6565656661987305,0.40313130617141724
YFR024C-A,YDL102W,0,0.9813463,0.14002585411071777,0.6565656661987305,0.4032323360443115
YDR464W,YBR193C,0,0.9812854,0.13999569416046143,0.6565656661987305,0.4033333361148834
YAL048C,YMR275C,1,0.9809982,0.14018088579177856,0.657575786113739,0.4033333361148834
YDL230W,YJL012C,0,0.9805118,0.14015069603919983,0.657575786113739,0.4034343361854553
YLL018C,YBR180W,0,0.980342,0.14012053608894348,0.657575786113739,0.4035353660583496
YIL019W,YJL212C,0,0.98033524,0.14009037613868713,0.657575786113739,0.4036363661289215
YGR024C,YJL001W,0,0.98015016,0.14006024599075317,0.657575786113739,0.4037373661994934
YDR439W,YLR292C,0,0.9799605,0.1400301158428192,0.657575786113739,0.4038383960723877
YGR235C,YOR027W,0,0.9797593,0.14000000059604645,0.657575786113739,0.4039393961429596
YLR190W,YPL063W,1,0.9796314,0.1401849091053009,0.6585858464241028,0.4039393961429596
YDR234W,YLR092W,0,0.9795776,0.14015477895736694,0.6585858464241028,0.4040403962135315
YKL141W,YBR114W,0,0.9795068,0.14012464880943298,0.6585858464241028,0.4041414260864258
YGL115W,YFR034C,0,0.9790156,0.1400945484638214,0.6585858464241028,0.4042424261569977
YDR377W,YPR055W,0,0.9788423,0.14006444811820984,0.6585858464241028,0.4043434262275696
YPL001W,YLR150W,0,0.9788021,0.14003436267375946,0.6585858464241028,0.40444445610046387
YMR225C,YPL248C,0,0.97875404,0.14000429213047028,0.6585858464241028,0.40454545617103577
YDR091C,YIL056W,0,0.97833794,0.13997423648834229,0.6585858464241028,0.40464645624160767
YGR082W,YOL095C,1,0.97824174,0.14015883207321167,0.6595959663391113,0.40464645624160767
YOL122C,YLR023C,0,0.9781254,0.14012876152992249,0.6595959663391113,0.40474748611450195
YPL105C,YKR034W,0,0.9778095,0.1400986909866333,0.6595959663391113,0.40484848618507385
YOR009W,YBR168W,0,0.97763693,0.1400686353445053,0.6595959663391113,0.40494948625564575
YLR004C,YGL058W,0,0.9776043,0.1400385946035385,0.6595959663391113,0.40505051612854004
YKL006C-A,YBL005W,0,0.97739226,0.1400085836648941,0.6595959663391113,0.40515151619911194
YBR233W-A,YNL068C,0,0.9772842,0.1399785578250885,0.6595959663391113,0.40525251626968384
YBR181C,YER123W,0,0.97706,0.13994856178760529,0.6595959663391113,0.4053535461425781
YOR267C,YNL023C,0,0.97638905,0.13991858065128326,0.6595959663391113,0.40545454621315
YDR129C,YIL014W,0,0.97633743,0.13988859951496124,0.6595959663391113,0.4055555462837219
YPL040C,YML047C,0,0.97627604,0.1398586481809616,0.6595959663391113,0.4056565761566162
YDR375C,YHR120W,1,0.9762546,0.14004282653331757,0.6606060862541199,0.4056565761566162
YIL153W,YNL176C,0,0.97565615,0.14001284539699554,0.6606060862541199,0.4057575762271881
YGR181W,YLL018C-A,1,0.9756498,0.14019691944122314,0.6616161465644836,0.4057575762271881
YML100W,YBR060C,0,0.97527784,0.14016692340373993,0.6616161465644836,0.40585857629776
YJR117W,YBR191W,0,0.97497267,0.1401369273662567,0.6616161465644836,0.4059596061706543
YDR217C,YLR058C,0,0.9748854,0.1401069462299347,0.6616161465644836,0.4060606062412262
YPL100W,YNL081C,0,0.9748423,0.14007699489593506,0.6616161465644836,0.4061616063117981
YOR018W,YDL160C,0,0.9748023,0.14004704356193542,0.6616161465644836,0.4062626361846924
YFR040W,YHR150W,0,0.9746841,0.14001710712909698,0.6616161465644836,0.4063636362552643
YJR102C,YNL041C,0,0.97455883,0.13998717069625854,0.6616161465644836,0.4064646363258362
YDR025W,YGL151W,0,0.97350943,0.1399572640657425,0.6616161465644836,0.40656566619873047
YPL076W,YDR005C,0,0.97350025,0.13992737233638763,0.6616161465644836,0.40666666626930237
YIL038C,YNL180C,0,0.9733904,0.13989748060703278,0.6616161465644836,0.40676766633987427
YGL115W,YIL123W,0,0.9733047,0.1398676037788391,0.6616161465644836,0.40686869621276855
YJL180C,YOR060C,1,0.972867,0.1400512456893921,0.6626262664794922,0.40686869621276855
YOR316C,YGR083C,0,0.97266924,0.14002133905887604,0.6626262664794922,0.40696969628334045
YNL062C,YPR100W,0,0.9725029,0.13999146223068237,0.6626262664794922,0.40707069635391235
YKR095W-A,YKR052C,0,0.9721963,0.1399616003036499,0.6626262664794922,0.40717172622680664
YOL069W,YBR180W,0,0.97214586,0.13993173837661743,0.6626262664794922,0.40727272629737854
YDR204W,YDR395W,0,0.97211224,0.13990189135074615,0.6626262664794922,0.40737372636795044
YLR039C,YMR230W,0,0.9719886,0.13987207412719727,0.6626262664794922,0.4074747562408447
YGR212W,YOR357C,0,0.97185236,0.13984225690364838,0.6626262664794922,0.4075757563114166
YGR174C,YNL066W,1,0.9717434,0.1400255709886551,0.6636363863945007,0.4075757563114166
YIL075C,YEL032W,0,0.97174186,0.139995738863945,0.6636363863945007,0.4076767563819885
YLR023C,YPR007C,0,0.9712973,0.13996590673923492,0.6636363863945007,0.4077777862548828
YOR363C,YLR328W,0,0.9704172,0.13993610441684723,0.6636363863945007,0.4078787863254547
YIL030C,YDR437W,0,0.97031814,0.13990630209445953,0.6636363863945007,0.4079797863960266
YML023C,YNL294C,0,0.9702778,0.13987651467323303,0.6636363863945007,0.4080808162689209
YDR189W,YNL065W,0,0.9702508,0.13984674215316772,0.6636363863945007,0.4081818163394928
YJL174W,YGL171W,0,0.9699549,0.1398169845342636,0.6636363863945007,0.4082828164100647
YJL083W,YBL025W,0,0.96963495,0.1397872269153595,0.6636363863945007,0.408383846282959
YOR087W,YKL033W,0,0.9695806,0.13975749909877777,0.6636363863945007,0.4084848463535309
YMR243C,YPL013C,0,0.96894264,0.13972777128219604,0.6636363863945007,0.4085858464241028
YML107C,YFR014C,0,0.9688824,0.1396980583667755,0.6636363863945007,0.40868687629699707
YJL054W,YBR091C,1,0.9687934,0.1398809552192688,0.6646464467048645,0.40868687629699707
YNL243W,YBR131W,0,0.9685815,0.13985122740268707,0.6646464467048645,0.40878787636756897
YIL119C,YPL225W,0,0.9685378,0.13982149958610535,0.6646464467048645,0.40888887643814087
YDR545W,YDR292C,0,0.96837777,0.139791801571846,0.6646464467048645,0.40898990631103516
YJL180C,YOR330C,1,0.9682843,0.13997450470924377,0.665656566619873,0.40898990631103516
YDR386W,YOL029C,0,0.96825045,0.13994479179382324,0.665656566619873,0.40909090638160706
YPL198W,YNL180C,0,0.967983,0.1399150788784027,0.665656566619873,0.40919190645217896
YMR234W,YBR248C,0,0.96797127,0.13988538086414337,0.665656566619873,0.40929293632507324
YPL076W,YNR053C,0,0.9679294,0.13985568284988403,0.665656566619873,0.40939393639564514
YNL062C,YMR156C,0,0.96785873,0.13982601463794708,0.665656566619873,0.40949493646621704
YJL054W,YNL066W,1,0.96775633,0.14000847935676575,0.6666666865348816,0.40949493646621704
YNL056W,YKL040C,0,0.9676698,0.1399787962436676,0.6666666865348816,0.40959596633911133
YDR129C,YJL078C,0,0.9675806,0.13994911313056946,0.6666666865348816,0.4096969664096832
YGR254W,YDL209C,0,0.9675598,0.1399194449186325,0.6666666865348816,0.4097979664802551
YLL018C,YLR037C,0,0.96754247,0.13988977670669556,0.6666666865348816,0.4098989963531494
YGR161C,YNR038W,0,0.9669684,0.139860138297081,0.6666666865348816,0.4099999964237213
YBR188C,YNR030W,0,0.96696216,0.13983051478862762,0.6666666865348816,0.4101009964942932
YOR158W,YPL178W,0,0.96692735,0.13980089128017426,0.6666666865348816,0.4102020263671875
YAL015C,YGR055W,0,0.96684045,0.13977128267288208,0.6666666865348816,0.4103030264377594
YPL105C,YBR015C,0,0.9664144,0.1397416889667511,0.6666666865348816,0.4104040265083313
YCL051W,YLL021W,0,0.9662972,0.1397121101617813,0.6666666865348816,0.4105050563812256
YLL018C-A,YML061C,1,0.9662695,0.13989417254924774,0.6676767468452454,0.4105050563812256
YLR324W,YOR011W,0,0.96591055,0.13986457884311676,0.6676767468452454,0.4106060564517975
YIL036W,YLR426W,0,0.9651615,0.13983498513698578,0.6676767468452454,0.4107070565223694
YHR110W,YMR195W,0,0.96497995,0.13980542123317719,0.6676767468452454,0.41080808639526367
YNL243W,YOR207C,0,0.96445006,0.1397758573293686,0.6676767468452454,0.41090908646583557
YOR002W,YAR009C,0,0.9640141,0.13974629342556,0.6676767468452454,0.41101008653640747
YGL063W,YLR067C,0,0.9638588,0.1397167593240738,0.6676767468452454,0.41111111640930176
YPL100W,YKR099W,0,0.9638036,0.13968724012374878,0.6676767468452454,0.41121211647987366
YBR233W-A,YFR040W,0,0.9637963,0.13965772092342377,0.6676767468452454,0.41131311655044556
YNL243W,YPL176C,0,0.9637788,0.13962821662425995,0.6676767468452454,0.41141414642333984
YDR345C,YOR207C,0,0.96330047,0.13959872722625732,0.6676767468452454,0.41151514649391174
YHR165C,YAR009C,0,0.9632576,0.1395692527294159,0.6676767468452454,0.41161617636680603
YOR081C,YLR323C,0,0.96314937,0.13953979313373566,0.6676767468452454,0.41171717643737793
YDL100C,YHL015W,0,0.9626704,0.1395103484392166,0.6676767468452454,0.41181817650794983
YDR300C,YOR109W,0,0.9624883,0.13948090374469757,0.6676767468452454,0.4119192063808441
YDL018C,YBR023C,0,0.96204096,0.13945147395133972,0.6676767468452454,0.412020206451416
YOL011W,YDR078C,0,0.96156526,0.13942205905914307,0.6676767468452454,0.4121212065219879
YLR023C,YLR200W,0,0.9615479,0.1393926590681076,0.6676767468452454,0.4122222363948822
YEL020W-A,YPR131C,1,0.9614126,0.1395741105079651,0.6686868667602539,0.4122222363948822
YDR439W,YDL018C,0,0.9606374,0.13954468071460724,0.6686868667602539,0.4123232364654541
YML067C,YPL233W,0,0.96063393,0.13951528072357178,0.6686868667602539,0.412424236536026
YNL161W,YCL054W,0,0.9600502,0.13948588073253632,0.6686868667602539,0.4125252664089203
YKR077W,YOR132W,0,0.95906943,0.13945649564266205,0.6686868667602539,0.4126262664794922
YBR211C,YOR034C,0,0.95901394,0.13942712545394897,0.6686868667602539,0.4127272665500641
YLR190W,YOL095C,1,0.95898014,0.13960833847522736,0.6696969866752625,0.4127272665500641
YMR153W,YKL114C,0,0.95848376,0.1395789533853531,0.6696969866752625,0.4128282964229584
YJR150C,YJL026W,0,0.9584016,0.13954956829547882,0.6696969866752625,0.4129292964935303
YGR266W,YDR284C,0,0.95820147,0.13952019810676575,0.6696969866752625,0.4130302965641022
YOR250C,YGL139W,0,0.95769805,0.13949084281921387,0.6696969866752625,0.41313132643699646
YNL025C,YDR372C,0,0.95767754,0.13946150243282318,0.6696969866752625,0.41323232650756836
YDR168W,YDL031W,0,0.9573181,0.1394321769475937,0.6696969866752625,0.41333332657814026
YDR500C,YER060W,0,0.9570454,0.1394028663635254,0.6696969866752625,0.41343435645103455
YGL196W,YBL091C,0,0.95697874,0.1393735557794571,0.6696969866752625,0.41353535652160645
YPR175W,YBR218C,0,0.9569152,0.13934426009655,0.6696969866752625,0.41363635659217834
YGL142C,YER100W,0,0.95660645,0.13931497931480408,0.6696969866752625,0.41373738646507263
YJR120W,YIL062C,1,0.9563124,0.13949580490589142,0.6707070469856262,0.41373738646507263
YDR127W,YDR407C,0,0.9557772,0.13946649432182312,0.6707070469856262,0.41383838653564453
YML133C,YKL051W,0,0.9556874,0.1394372135400772,0.6707070469856262,0.41393938660621643
YOR334W,YKL079W,0,0.9553395,0.1394079327583313,0.6707070469856262,0.4140404164791107
YOR334W,YOR032C,0,0.9551073,0.13937866687774658,0.6707070469856262,0.4141414165496826
YPR173C,YGR097W,0,0.9547164,0.13934941589832306,0.6707070469856262,0.4142424166202545
YAR042W,YLR411W,0,0.9545843,0.13932017982006073,0.6707070469856262,0.4143434464931488
YGR266W,YIL148W,0,0.9545712,0.1392909586429596,0.6707070469856262,0.4144444465637207
YAL048C,YOR266W,1,0.9544697,0.13947147130966187,0.6717171669006348,0.4144444465637207
YPL262W,YDR300C,0,0.95432407,0.13944223523139954,0.6717171669006348,0.4145454466342926
YOR380W,YDR292C,0,0.95427805,0.1394129991531372,0.6717171669006348,0.4146464765071869
YJL127C,YHR001W-A,0,0.95360774,0.13938377797603607,0.6717171669006348,0.4147474765777588
YDR482C,YDR091C,0,0.9535842,0.13935457170009613,0.6717171669006348,0.4148484766483307
YMR101C,YKR072C,0,0.95307046,0.1393253654241562,0.6717171669006348,0.414949506521225
YDR075W,YKL006C-A,0,0.95284206,0.13929618895053864,0.6717171669006348,0.4150505065917969
YOR189W,YNL048W,0,0.95283455,0.13926701247692108,0.6717171669006348,0.4151515066623688
YJL173C,YNR059W,0,0.9527634,0.13923785090446472,0.6717171669006348,0.41525253653526306
YDR323C,YJL174W,0,0.9522823,0.13920870423316956,0.6717171669006348,0.41535353660583496
YML004C,YLR337C,0,0.9521136,0.13917957246303558,0.6717171669006348,0.41545453667640686
YBL063W,YKR095W,0,0.9517715,0.1391504555940628,0.6717171669006348,0.41555556654930115
YIL013C,YDL087C,0,0.9517389,0.13912133872509003,0.6717171669006348,0.41565656661987305
YAR042W,YLR044C,0,0.9516658,0.13909223675727844,0.6717171669006348,0.41575756669044495
YER056C,YBR045C,0,0.9514219,0.13906314969062805,0.6717171669006348,0.41585859656333923
YDR227W,YPL193W,0,0.9514028,0.13903407752513885,0.6717171669006348,0.41595959663391113
YNL024C,YCR005C,0,0.9513466,0.13900502026081085,0.6717171669006348,0.41606059670448303
YJR131W,YML047C,0,0.9513287,0.13897596299648285,0.6717171669006348,0.4161616265773773
YIL064W,YDR287W,0,0.9510981,0.13894693553447723,0.6717171669006348,0.4162626266479492
YLL026W,YPR114W,0,0.95098543,0.13891790807247162,0.6717171669006348,0.4163636267185211
YPL061W,YER060W-A,0,0.9507738,0.1388888955116272,0.6717171669006348,0.4164646565914154
YLR377C,YIL137C,0,0.9504681,0.13885988295078278,0.6717171669006348,0.4165656566619873
YOR334W,YIL087C,0,0.95025057,0.13883090019226074,0.6717171669006348,0.4166666567325592
YOR250C,YIL148W,0,0.9502257,0.1388019174337387,0.6717171669006348,0.4167676866054535
YOL096C,YBL008W,0,0.95008856,0.13877294957637787,0.6717171669006348,0.4168686866760254
YGR202C,YHR150W,0,0.94993514,0.13874399662017822,0.6717171669006348,0.4169696867465973
YKL026C,YER040W,0,0.94939977,0.13871505856513977,0.6717171669006348,0.4170707166194916
YKL062W,YHR088W,0,0.9489711,0.1386861354112625,0.6717171669006348,0.4171717166900635
YER179W,YGL111W,0,0.9485598,0.13865721225738525,0.6717171669006348,0.4172727167606354
YNL199C,YGR217W,0,0.9484687,0.1386283040046692,0.6717171669006348,0.41737374663352966
YHR139C,YGL093W,0,0.9482588,0.13859941065311432,0.6717171669006348,0.41747474670410156
YLR059C,YBR212W,1,0.94784516,0.1387789100408554,0.6727272868156433,0.41747474670410156
YGL126W,YPL233W,0,0.9476545,0.13875000178813934,0.6727272868156433,0.41757574677467346
YLR185W,YPL146C,0,0.9475792,0.13872109353542328,0.6727272868156433,0.41767677664756775
YBR131W,YMR002W,0,0.947161,0.1386922150850296,0.6727272868156433,0.41777777671813965
YDR005C,YPL178W,0,0.9465409,0.13866333663463593,0.6727272868156433,0.41787877678871155
YJR042W,YJL197W,0,0.9461513,0.13863447308540344,0.6727272868156433,0.41797980666160583
YHR185C,YJL212C,0,0.9457287,0.13860562443733215,0.6727272868156433,0.41808080673217773
YKL026C,YGL192W,0,0.9456436,0.13857677578926086,0.6727272868156433,0.41818180680274963
YOL061W,YDL076C,0,0.94533056,0.13854795694351196,0.6727272868156433,0.4182828366756439
YCR035C,YHR005C,0,0.94474226,0.13851913809776306,0.6727272868156433,0.4183838367462158
YPL235W,YMR118C,0,0.9443187,0.13849033415317535,0.6727272868156433,0.4184848368167877
YPL225W,YGR211W,0,0.9441139,0.13846154510974884,0.6727272868156433,0.418585866689682
YFR034C,YHR193C,0,0.9440481,0.13843275606632233,0.6727272868156433,0.4186868667602539
YDR007W,YGL016W,0,0.9437645,0.1384039968252182,0.6727272868156433,0.4187878668308258
YBR091C,YOR060C,1,0.943613,0.1385830044746399,0.6737373471260071,0.4187878668308258
YGR057C,YDR105C,0,0.94360584,0.13855421543121338,0.6737373471260071,0.4188888967037201
YJL180C,YHR120W,1,0.94358164,0.1387331187725067,0.6747474670410156,0.4188888967037201
YOR032C,YOR253W,0,0.9434973,0.138704314827919,0.6747474670410156,0.418989896774292
YJL054W,YLR059C,1,0.9432188,0.13888312876224518,0.6757575869560242,0.418989896774292
YGL107C,YEL027W,0,0.9431129,0.13885429501533508,0.6757575869560242,0.4190908968448639
YJL012C,YLR384C,0,0.9427677,0.13882547616958618,0.6757575869560242,0.4191919267177582
YDR057W,YMR131C,0,0.9427212,0.13879668712615967,0.6757575869560242,0.4192929267883301
YDR212W,YDR080W,0,0.94228655,0.13876788318157196,0.6757575869560242,0.419393926858902
YOL135C,YBR049C,0,0.941945,0.13873910903930664,0.6757575869560242,0.41949495673179626
YLR143W,YKL087C,0,0.9418923,0.13871034979820251,0.6757575869560242,0.41959595680236816
YBR069C,YEL027W,0,0.9417847,0.1386815905570984,0.6757575869560242,0.41969695687294006
YGL027C,YDR057W,0,0.94163686,0.13865284621715546,0.6757575869560242,0.41979798674583435
YIL119C,YLR068W,0,0.9415677,0.13862411677837372,0.6757575869560242,0.41989898681640625
YPR110C,YKL029C,0,0.9415321,0.13859540224075317,0.6757575869560242,0.41999998688697815
YHR096C,YMR091C,0,0.94150096,0.13856668770313263,0.6757575869560242,0.42010101675987244
YKL194C,YDR280W,0,0.94143724,0.13853800296783447,0.6757575869560242,0.42020201683044434
YDL230W,YBR028C,0,0.94126916,0.13850931823253632,0.6757575869560242,0.42030301690101624
YGR017W,YCL001W,0,0.9410297,0.13848064839839935,0.6757575869560242,0.4204040467739105
YHL025W,YMR133W,0,0.94096434,0.13845199346542358,0.6757575869560242,0.4205050468444824
YAR042W,YDR386W,0,0.9407265,0.13842333853244781,0.6757575869560242,0.4206060469150543
YML101C,YHR106W,0,0.94072294,0.13839469850063324,0.6757575869560242,0.4207070767879486
YJR052W,YDL087C,0,0.9401348,0.13836607336997986,0.6757575869560242,0.4208080768585205
YMR076C,YDL235C,0,0.9392404,0.13833746314048767,0.6757575869560242,0.4209090769290924
YKR027W,YOR271C,0,0.9392169,0.13830886781215668,0.6757575869560242,0.4210101068019867
YPL209C,YER033C,0,0.9389907,0.13828028738498688,0.6757575869560242,0.4211111068725586
YIL064W,YCR036W,0,0.9388519,0.13825170695781708,0.6757575869560242,0.4212121069431305
YNL190W,YER176W,0,0.9388379,0.13822314143180847,0.6757575869560242,0.4213131368160248
YMR050C,YGR040W,0,0.9388207,0.13819459080696106,0.6757575869560242,0.4214141368865967
YJL162C,YOR316C,0,0.9386893,0.13816604018211365,0.6757575869560242,0.4215151369571686
YBR054W,YOR272W,0,0.93864816,0.13813751935958862,0.6757575869560242,0.42161616683006287
YOL029C,YMR237W,0,0.93863463,0.1381089985370636,0.6757575869560242,0.42171716690063477
YDR204W,YDR309C,0,0.93843377,0.13808049261569977,0.6757575869560242,0.42181816697120667
YKL045W,YGL058W,0,0.93843,0.13805200159549713,0.6757575869560242,0.42191919684410095
YHR024C,YOR060C,1,0.93804675,0.1382298320531845,0.6767676472663879,0.42191919684410095
YPR095C,YPL013C,0,0.9380308,0.13820132613182068,0.6767676472663879,0.42202019691467285
YOR380W,YBR153W,0,0.9380164,0.13817282021045685,0.6767676472663879,0.42212122678756714
YLR367W,YKL032C,0,0.93782914,0.1381443291902542,0.6767676472663879,0.42222222685813904
YNL173C,YHL006C,0,0.9377552,0.13811585307121277,0.6767676472663879,0.42232322692871094
YOR087W,YPL198W,0,0.9368192,0.13808739185333252,0.6767676472663879,0.4224242568016052
YLR426W,YBR086C,0,0.9367686,0.13805893063545227,0.6767676472663879,0.4225252568721771
YHR201C,YGR245C,0,0.9363451,0.13803048431873322,0.6767676472663879,0.422626256942749
YDR441C,YKL032C,0,0.93634117,0.13800205290317535,0.6767676472663879,0.4227272868156433
YHL025W,YCL039W,0,0.93631357,0.1379736363887787,0.6767676472663879,0.4228282868862152
YBR043C,YPL145C,0,0.9359034,0.1379452347755432,0.6767676472663879,0.4229292869567871
YGR046W,YOL076W,1,0.93589157,0.13812267780303955,0.6777777671813965,0.4229292869567871
YGR078C,YJR123W,0,0.9355784,0.13809426128864288,0.6777777671813965,0.4230303168296814
YPR175W,YLR333C,0,0.9351468,0.13806584477424622,0.6777777671813965,0.4231313169002533
YDR145W,YCR035C,0,0.9346735,0.13803744316101074,0.6777777671813965,0.4232323169708252
YEL005C,YAL007C,0,0.9346357,0.13800905644893646,0.6777777671813965,0.4233333468437195
YHR201C,YDL119C,0,0.93456584,0.13798066973686218,0.6777777671813965,0.4234343469142914
YDR372C,YER071C,0,0.9342439,0.1379522979259491,0.6777777671813965,0.4235353469848633
YDR098C,YOL121C,0,0.934189,0.1379239410161972,0.6777777671813965,0.42363637685775757
YCR045C,YBR301W,0,0.93391246,0.1378955990076065,0.6777777671813965,0.42373737692832947
YLR052W,YCL044C,0,0.93388873,0.137867271900177,0.6777777671813965,0.42383837699890137
YAL011W,YBR149W,0,0.93347883,0.1378389447927475,0.6777777671813965,0.42393940687179565
YDR110W,YKR052C,0,0.9333745,0.1378106325864792,0.6777777671813965,0.42404040694236755
YMR072W,YML061C,1,0.9330843,0.1379876732826233,0.678787887096405,0.42404040694236755
YPR128C,YMR207C,0,0.9316062,0.1379593461751938,0.678787887096405,0.42414140701293945
YJL057C,YKL052C,0,0.9315613,0.13793103396892548,0.678787887096405,0.42424243688583374
YML061C,YOR060C,1,0.93151945,0.13810794055461884,0.6797980070114136,0.42424243688583374
YER028C,YNL288W,0,0.93121886,0.13807961344718933,0.6797980070114136,0.42434343695640564
YGR205W,YDR397C,0,0.9309526,0.13805128633975983,0.6797980070114136,0.42444443702697754
YFL056C,YDL189W,0,0.93081516,0.13802297413349152,0.6797980070114136,0.4245454668998718
YLR007W,YDR438W,0,0.9307773,0.1379946619272232,0.6797980070114136,0.4246464669704437
YNL328C,YGR082W,1,0.9307284,0.13817137479782104,0.6808080673217773,0.4246464669704437
YML120C,YDR002W,0,0.93030983,0.13814306259155273,0.6808080673217773,0.4247474670410156
YPR007C,YOR259C,0,0.93023676,0.13811475038528442,0.6808080673217773,0.4248484969139099
YFL056C,YAL056W,0,0.9299107,0.1380864530801773,0.6808080673217773,0.4249494969844818
YGL027C,YLR292C,0,0.92984974,0.13805817067623138,0.6808080673217773,0.4250504970550537
YGL025C,YLR466W,0,0.92980814,0.13802990317344666,0.6808080673217773,0.425151526927948
YIL069C,YCL067C,0,0.9296867,0.13800163567066193,0.6808080673217773,0.4252525269985199
YJR117W,YDR412W,0,0.9296648,0.1379733830690384,0.6808080673217773,0.4253535270690918
YOR045W,YLL018C-A,1,0.9295395,0.13814981281757355,0.6818181872367859,0.4253535270690918
YGL189C,YDR227W,0,0.9295255,0.13812154531478882,0.6818181872367859,0.4254545569419861
YHR009C,YNL221C,0,0.92927414,0.13809329271316528,0.6818181872367859,0.425555557012558
YDR145W,YLR313C,0,0.9290008,0.13806504011154175,0.6818181872367859,0.4256565570831299
YKR095W,YDL102W,0,0.9283547,0.1380368024110794,0.6818181872367859,0.42575758695602417
YPL239W,YOR335C,0,0.92832357,0.13800859451293945,0.6818181872367859,0.42585858702659607
YBR162W-A,YDL124W,0,0.92831916,0.1379803717136383,0.6818181872367859,0.42595958709716797
YMR015C,YOR110W,0,0.9282411,0.13795217871665955,0.6818181872367859,0.42606061697006226
YKL149C,YER060W-A,0,0.92804074,0.1379239857196808,0.6818181872367859,0.42616161704063416
YIL107C,YOR172W,0,0.9279163,0.13789580762386322,0.6818181872367859,0.42626261711120605
YNL025C,YMR158W,0,0.9278746,0.13786764442920685,0.6818181872367859,0.42636364698410034
YJL180C,YPR131C,1,0.9275426,0.13804370164871216,0.6828283071517944,0.42636364698410034
YOR316C,YNR055C,0,0.9272157,0.1380155235528946,0.6828283071517944,0.42646464705467224
YLR223C,YMR101C,0,0.9267692,0.13798734545707703,0.6828283071517944,0.42656564712524414
YDR041W,YGL192W,0,0.9264613,0.13795918226242065,0.6828283071517944,0.4266666769981384
YLR417W,YKR072C,0,0.9264246,0.13793103396892548,0.6828283071517944,0.4267676770687103
YPL013C,YDL154W,0,0.92621034,0.1379029005765915,0.6828283071517944,0.4268686771392822
YMR101C,YGL085W,0,0.9261228,0.1378747671842575,0.6828283071517944,0.4269697070121765
YLR167W,YPL097W,0,0.92609555,0.13784664869308472,0.6828283071517944,0.4270707070827484
YPL105C,YGL053W,0,0.9260147,0.13781854510307312,0.6828283071517944,0.4271717071533203
YBR107C,YGL116W,0,0.9256604,0.13779045641422272,0.6828283071517944,0.4272727370262146
YPR175W,YJR153W,0,0.92512214,0.1377623826265335,0.6828283071517944,0.4273737370967865
YNL190W,YJR027W,0,0.92510945,0.1377343088388443,0.6828283071517944,0.4274747371673584
YOR363C,YDL209C,0,0.9251055,0.13770624995231628,0.6828283071517944,0.4275757670402527
YOR019W,YHL015W,0,0.92510253,0.13767820596694946,0.6828283071517944,0.4276767671108246
YPR154W,YCR058C,0,0.92486376,0.13765017688274384,0.6828283071517944,0.4277777671813965
YNL094W,YCL064C,0,0.9248554,0.1376221477985382,0.6828283071517944,0.42787879705429077
YDR386W,YPL235W,0,0.9246231,0.13759413361549377,0.6828283071517944,0.42797979712486267
YOL096C,YMR074C,0,0.9246201,0.13756613433361053,0.6828283071517944,0.42808079719543457
YNL294C,YJR108W,0,0.924529,0.1375381499528885,0.6828283071517944,0.42818182706832886
YOR252W,YOR207C,0,0.92430073,0.13751016557216644,0.6828283071517944,0.42828282713890076
YIL036W,YLR131C,0,0.9239295,0.13748221099376678,0.6828283071517944,0.42838382720947266
YER014W,YAL056W,0,0.9239082,0.13745425641536713,0.6828283071517944,0.42848485708236694
YPL013C,YKL114C,0,0.92388874,0.13742630183696747,0.6828283071517944,0.42858585715293884
YMR053C,YHL026C,0,0.9235708,0.1373983770608902,0.6828283071517944,0.42868685722351074
YOR320C,YOR136W,0,0.9232818,0.13737045228481293,0.6828283071517944,0.42878788709640503
YDR075W,YLR345W,0,0.9231288,0.13734254240989685,0.6828283071517944,0.42888888716697693
YMR105C,YLR150W,0,0.9228746,0.13731464743614197,0.6828283071517944,0.42898988723754883
YPR095C,YGR007W,0,0.92283815,0.13728675246238708,0.6828283071517944,0.4290909171104431
YPR068C,YBR121C,0,0.9227196,0.1372588872909546,0.6828283071517944,0.429191917181015
YJL089W,YER123W,0,0.9226838,0.1372310221195221,0.6828283071517944,0.4292929172515869
YDR289C,YDR168W,0,0.92230767,0.1372031718492508,0.6828283071517944,0.4293939471244812
YPR128C,YFL049W,0,0.922182,0.1371753215789795,0.6828283071517944,0.4294949471950531
YDL160C,YBR043C,0,0.9221604,0.13714750111103058,0.6828283071517944,0.429595947265625
YKL054C,YDR179C,0,0.9213559,0.13711968064308167,0.6828283071517944,0.4296969771385193
YML101C,YKL006W,0,0.9211681,0.13709187507629395,0.6828283071517944,0.4297979772090912
YER159C,YML047C,0,0.92056715,0.13706406950950623,0.6828283071517944,0.4298989772796631
YHR096C,YJL196C,0,0.9205099,0.1370362788438797,0.6828283071517944,0.4300000071525574
YHL003C,YPL239W,0,0.9204982,0.13700851798057556,0.6828283071517944,0.4301010072231293
YMR158W,YDR040C,0,0.920413,0.13698075711727142,0.6828283071517944,0.43020200729370117
YBL087C,YIL069C,0,0.92006534,0.13695299625396729,0.6828283071517944,0.43030303716659546
YLR277C,YDR435C,0,0.92003024,0.13692526519298553,0.6828283071517944,0.43040403723716736
YPR154W,YPL105C,0,0.9199988,0.13689753413200378,0.6828283071517944,0.43050503730773926
YER005W,YOR086C,0,0.91991967,0.13686981797218323,0.6828283071517944,0.43060606718063354
YHR006W,YOL012C,0,0.9193732,0.13684210181236267,0.6828283071517944,0.43070706725120544
YFL049W,YGR004W,0,0.9193254,0.1368144154548645,0.6828283071517944,0.43080806732177734
YAL048C,YOR330C,1,0.91906965,0.1369890719652176,0.6838383674621582,0.43080806732177734
YOR016C,YBR107C,0,0.9187463,0.13696135580539703,0.6838383674621582,0.43090909719467163
YFL061W,YOL069W,0,0.91851395,0.13693365454673767,0.6838383674621582,0.43101009726524353
YLR039C,YJL208C,0,0.91847414,0.1369059681892395,0.6838383674621582,0.43111109733581543
YBR180W,YPL235W,0,0.91812676,0.13687828183174133,0.6838383674621582,0.4312121272087097
YPR173C,YIL144W,0,0.9181069,0.13685061037540436,0.6838383674621582,0.4313131272792816
YML101C,YAR042W,0,0.91772324,0.13682295382022858,0.6838383674621582,0.4314141273498535
YJL059W,YPR068C,0,0.9177183,0.136795312166214,0.6838383674621582,0.4315151572227478
YLR185W,YLR345W,0,0.91752803,0.1367676705121994,0.6838383674621582,0.4316161572933197
YLR054C,YJL197W,0,0.9174305,0.1367400586605072,0.6838383674621582,0.4317171573638916
YJL162C,YOR260W,0,0.9172772,0.136712446808815,0.6838383674621582,0.4318181872367859
YCL029C,YDR464W,0,0.9171311,0.1366848349571228,0.6838383674621582,0.4319191873073578
YIL120W,YOR048C,0,0.9169994,0.136657252907753,0.6838383674621582,0.4320201873779297
YBR295W,YGL085W,0,0.9169933,0.13662967085838318,0.6838383674621582,0.432121217250824
YPR161C,YLR220W,0,0.9168651,0.13660210371017456,0.6838383674621582,0.4322222173213959
YGR170W,YHR139C,0,0.91680497,0.13657453656196594,0.6838383674621582,0.43232324719429016
YDR019C,YKR052C,0,0.91663235,0.1365469992160797,0.6838383674621582,0.43242424726486206
YEL044W,YLR067C,0,0.9163282,0.13651946187019348,0.6838383674621582,0.43252524733543396
YPL203W,YJL127C,0,0.9162894,0.13649193942546844,0.6838383674621582,0.43262627720832825
YOR004W,YOR254C,0,0.9162305,0.1364644169807434,0.6838383674621582,0.43272727727890015
YOR241W,YJR096W,0,0.91585165,0.13643692433834076,0.6838383674621582,0.43282827734947205
YML041C,YLR234W,0,0.9158103,0.1364094316959381,0.6838383674621582,0.43292930722236633
YIL019W,YKL026C,0,0.91562706,0.13638195395469666,0.6838383674621582,0.43303030729293823
YKR007W,YBR112C,0,0.9150228,0.1363544762134552,0.6838383674621582,0.43313130736351013
YGL028C,YLR150W,0,0.9148964,0.13632702827453613,0.6838383674621582,0.4332323372364044
YGL246C,YFL011W,0,0.9148543,0.13629958033561707,0.6838383674621582,0.4333333373069763
YLL048C,YGR057C,0,0.91444683,0.1362721472978592,0.6838383674621582,0.4334343373775482
YDR398W,YIL130W,0,0.9144347,0.13624471426010132,0.6838383674621582,0.4335353672504425
YNL133C,YKL197C,0,0.9139449,0.13621731102466583,0.6838383674621582,0.4336363673210144
YDR381W,YGL192W,0,0.9139381,0.13618990778923035,0.6838383674621582,0.4337373673915863
YIL037C,YPL210C,0,0.91380423,0.13616250455379486,0.6838383674621582,0.4338383972644806
YDR127W,YAL011W,0,0.9135879,0.13613513112068176,0.6838383674621582,0.4339393973350525
YBR109C,YLR409C,0,0.9134397,0.13610775768756866,0.6838383674621582,0.4340403974056244
YML101C,YNL020C,0,0.9134334,0.13608039915561676,0.6838383674621582,0.4341414272785187
YOL029C,YDR395W,0,0.9133788,0.13605305552482605,0.6838383674621582,0.4342424273490906
YPL115C,YNL180C,0,0.9129714,0.13602571189403534,0.6838383674621582,0.4343434274196625
YDR308C,YLR361C,0,0.9126665,0.13599839806556702,0.6838383674621582,0.43444445729255676
YDL081C,YFL026W,0,0.9121973,0.1359710842370987,0.6838383674621582,0.43454545736312866
YFR040W,YML031W,0,0.9120832,0.13594377040863037,0.6838383674621582,0.43464645743370056
YIL069C,YPL253C,0,0.9116424,0.13591648638248444,0.6838383674621582,0.43474748730659485
YHR114W,YNL216W,0,0.91152525,0.1358892023563385,0.6838383674621582,0.43484848737716675
YOR383C,YKL006C-A,0,0.9115128,0.13586193323135376,0.6838383674621582,0.43494948744773865
YOL076W,YOL095C,1,0.91138434,0.13603530824184418,0.6848484873771667,0.43494948744773865
YNL056W,YFR053C,0,0.91132754,0.13600802421569824,0.6848484873771667,0.43505051732063293
YLR411W,YPL176C,0,0.91131884,0.1359807401895523,0.6848484873771667,0.43515151739120483
YAR042W,YER032W,0,0.9109678,0.13595348596572876,0.6848484873771667,0.43525251746177673
YIL106W,YPL049C,0,0.9105012,0.13592621684074402,0.6848484873771667,0.435353547334671
YIR019C,YGR040W,0,0.9102627,0.13589897751808167,0.6848484873771667,0.4354545474052429
YOR117W,YKL132C,0,0.91023904,0.1358717381954193,0.6848484873771667,0.4355555474758148
YPR106W,YKL043W,0,0.9101457,0.13584451377391815,0.6848484873771667,0.4356565773487091
YKR079C,YOR158W,0,0.909954,0.13581730425357819,0.6848484873771667,0.435757577419281
YGR024C,YEL005C,0,0.9098854,0.13579010963439941,0.6848484873771667,0.4358585774898529
YLR215C,YAL030W,0,0.90967274,0.13576291501522064,0.6848484873771667,0.4359596073627472
YOR129C,YDR259C,0,0.9096324,0.13573573529720306,0.6848484873771667,0.4360606074333191
YLL018C-A,YHR024C,1,0.90955144,0.13590872287750244,0.6858586072921753,0.4360606074333191
YOL032W,YOR011W,0,0.90952903,0.13588152825832367,0.6858586072921753,0.436161607503891
YBL038W,YML055W,0,0.9095126,0.1358543485403061,0.6858586072921753,0.4362626373767853
YLR055C,YHR114W,0,0.9093811,0.1358271688222885,0.6858586072921753,0.4363636374473572
YAR033W,YJR131W,0,0.9089546,0.13580000400543213,0.6858586072921753,0.4364646375179291
YHR149C,YNR052C,0,0.9087423,0.13577283918857574,0.6858586072921753,0.43656566739082336
YOR247W,YDR176W,0,0.9085965,0.13574570417404175,0.6858586072921753,0.43666666746139526
YAL048C,YDR375C,1,0.9085279,0.13591845333576202,0.6868686676025391,0.43666666746139526
YDR243C,YLR337C,0,0.90832263,0.13589128851890564,0.6868686676025391,0.43676766753196716
YNL173C,YNL024C,0,0.90829825,0.13586413860321045,0.6868686676025391,0.43686869740486145
YML004C,YHR005C,0,0.90826756,0.13583698868751526,0.6868686676025391,0.43696969747543335
YLR442C,YPL076W,0,0.9082381,0.13580986857414246,0.6868686676025391,0.43707069754600525
YJR035W,YML057W,0,0.9079649,0.13578274846076965,0.6868686676025391,0.43717172741889954
YNL137C,YMR242C,0,0.907816,0.13575564324855804,0.6868686676025391,0.43727272748947144
YKL110C,YGL194C,0,0.90778714,0.13572853803634644,0.6868686676025391,0.43737372756004333
YDR468C,YNL294C,0,0.90769845,0.13570146262645721,0.6868686676025391,0.4374747574329376
YJL078C,YPL225W,0,0.9075231,0.135674387216568,0.6868686676025391,0.4375757575035095
YHR103W,YHR139C,0,0.9073728,0.13564731180667877,0.6868686676025391,0.4376767575740814
YIL118W,YMR002W,0,0.9072034,0.13562026619911194,0.6868686676025391,0.4377777874469757
YJR123W,YML081W,0,0.9065914,0.1355932205915451,0.6868686676025391,0.4378787875175476
YOL096C,YPR010C,0,0.9065607,0.13556618988513947,0.6868686676025391,0.4379797875881195
YOR358W,YLR019W,0,0.906465,0.13553917407989502,0.6868686676025391,0.4380808174610138
YJL094C,YOL096C,0,0.9063433,0.13551215827465057,0.6868686676025391,0.4381818175315857
YMR205C,YDR040C,0,0.9063414,0.13548515737056732,0.6868686676025391,0.4382828176021576
YDR375C,YOL076W,1,0.90580076,0.13565737009048462,0.6878787875175476,0.4382828176021576
YPR120C,YKL040C,0,0.9056176,0.13563035428524017,0.6878787875175476,0.4383838474750519
YKL087C,YKL079W,0,0.90554494,0.13560333847999573,0.6878787875175476,0.4384848475456238
YFR010W,YGR057C,0,0.9053239,0.13557635247707367,0.6878787875175476,0.4385858476161957
YPL171C,YHR033W,0,0.90529835,0.1355493664741516,0.6878787875175476,0.43868687748908997
YLR044C,YHR202W,0,0.90529746,0.13552239537239075,0.6878787875175476,0.43878787755966187
YHR204W,YER033C,0,0.9052336,0.13549542427062988,0.6878787875175476,0.43888887763023376
YER093C,YEL006W,0,0.9050757,0.1354684680700302,0.6878787875175476,0.43898990750312805
YLR390W-A,YJR046W,0,0.90500706,0.13544152677059174,0.6878787875175476,0.43909090757369995
YDR091C,YFR040W,0,0.90475774,0.13541460037231445,0.6878787875175476,0.43919190764427185
YOR172W,YPR034W,0,0.9041473,0.13538767397403717,0.6878787875175476,0.43929293751716614
YOL122C,YLR263W,0,0.9038257,0.13536076247692108,0.6878787875175476,0.43939393758773804
YJR041C,YDR350C,0,0.9031363,0.1353338658809662,0.6878787875175476,0.43949493765830994
YLL024C,YGR170W,0,0.903057,0.1353069692850113,0.6878787875175476,0.4395959675312042
YKR096W,YPL018W,0,0.9029533,0.13528010249137878,0.6878787875175476,0.4396969676017761
YJR027W,YPL233W,0,0.902862,0.13525322079658508,0.6878787875175476,0.439797967672348
YLR150W,YIL167W,0,0.90248793,0.13522636890411377,0.6878787875175476,0.4398989975452423
YNL048W,YLR249W,0,0.90241754,0.13519951701164246,0.6878787875175476,0.4399999976158142
YPL133C,YNL278W,0,0.901858,0.13517269492149353,0.6878787875175476,0.4401009976863861
YHR169W,YCR063W,0,0.9014108,0.1351458579301834,0.6878787875175476,0.4402020275592804
YDR175C,YAL059W,0,0.90075463,0.13511905074119568,0.6878787875175476,0.4403030276298523
YPR106W,YGL144C,0,0.9007322,0.13509224355220795,0.6878787875175476,0.4404040277004242
YOR018W,YER005W,0,0.9006796,0.1350654512643814,0.6878787875175476,0.4405050575733185
YAR009C,YNL288W,0,0.9005932,0.13503867387771606,0.6878787875175476,0.4406060576438904
YOR207C,YLR435W,0,0.899324,0.13501189649105072,0.6878787875175476,0.4407070577144623
YER014W,YPL100W,0,0.899274,0.13498513400554657,0.6878787875175476,0.44080808758735657
YOL055C,YAL056W,0,0.89924484,0.1349583864212036,0.6878787875175476,0.44090908765792847
YMR063W,YOR247W,0,0.8992136,0.13493163883686066,0.6878787875175476,0.44101008772850037
YLR277C,YNL278W,0,0.8991522,0.1349049061536789,0.6878787875175476,0.44111111760139465
YAR033W,YGR161C,0,0.8989741,0.13487818837165833,0.6878787875175476,0.44121211767196655
YBR060C,YJL083W,0,0.8988938,0.13485148549079895,0.6878787875175476,0.44131311774253845
YOR380W,YPL262W,0,0.89884347,0.13482478260993958,0.6878787875175476,0.44141414761543274
YJL179W,YER005W,0,0.8985084,0.1347980946302414,0.6878787875175476,0.44151514768600464
YBR049C,YBR191W,0,0.8982178,0.1347714215517044,0.6878787875175476,0.44161614775657654
YKR100C,YCR035C,0,0.89724034,0.1347447633743286,0.6878787875175476,0.4417171776294708
YKL045W,YEL019C,0,0.8972403,0.13471810519695282,0.6878787875175476,0.4418181777000427
YGL067W,YDL209C,0,0.89683104,0.13469146192073822,0.6878787875175476,0.4419191777706146
YDR309C,YPR034W,0,0.89671093,0.13466481864452362,0.6878787875175476,0.4420202076435089
YFR047C,YHR197W,0,0.89657265,0.13463819026947021,0.6878787875175476,0.4421212077140808
YOR253W,YCR038C,0,0.89612085,0.134611576795578,0.6878787875175476,0.4422222077846527
YAL015C,YCR005C,0,0.8959439,0.13458497822284698,0.6878787875175476,0.442323237657547
YDR500C,YKL155C,0,0.8958341,0.13455839455127716,0.6878787875175476,0.4424242377281189
YLR004C,YPL224C,0,0.89578533,0.13453181087970734,0.6878787875175476,0.4425252377986908
YER109C,YDL223C,0,0.89552575,0.1345052272081375,0.6878787875175476,0.4426262676715851
YJR108W,YPL010W,0,0.89548343,0.13447867333889008,0.6878787875175476,0.442727267742157
YBR029C,YIL069C,0,0.8951827,0.13445211946964264,0.6878787875175476,0.44282829761505127
YOR011W,YJL196C,0,0.89507663,0.1344255805015564,0.6878787875175476,0.44292929768562317
YLR258W,YGL195W,0,0.89485997,0.13439905643463135,0.6878787875175476,0.44303029775619507
YOL154W,YJR054W,0,0.89472836,0.1343725323677063,0.6878787875175476,0.44313132762908936
YBR060C,YPL010W,0,0.8946178,0.13434602320194244,0.6878787875175476,0.44323232769966125
YOL009C,YPR131C,1,0.89428335,0.13451676070690155,0.6888889074325562,0.44323232769966125
YIL075C,YDR386W,0,0.8941085,0.1344902366399765,0.6888889074325562,0.44333332777023315
YMR192W,YJR132W,0,0.893991,0.13446372747421265,0.6888889074325562,0.44343435764312744
YOR027W,YOR048C,0,0.8939745,0.1344372183084488,0.6888889074325562,0.44353535771369934
YPR154W,YJL110C,0,0.893739,0.13441072404384613,0.6888889074325562,0.44363635778427124
YMR192W,YPL040C,0,0.89370376,0.13438422977924347,0.6888889074325562,0.4437373876571655
YDR422C,YDR105C,0,0.8932773,0.1343577653169632,0.6888889074325562,0.4438383877277374
YHL028W,YMR055C,0,0.89297456,0.13433130085468292,0.6888889074325562,0.4439393877983093
YAL011W,YDL106C,0,0.8927123,0.13430485129356384,0.6888889074325562,0.4440404176712036
YKR077W,YLR075W,0,0.8926521,0.13427840173244476,0.6888889074325562,0.4441414177417755
YER032W,YNL118C,0,0.8918189,0.13425196707248688,0.6888889074325562,0.4442424178123474
YNR032C-A,YDR041W,0,0.8917852,0.13422554731369019,0.6888889074325562,0.4443434476852417
YKL016C,YHL021C,0,0.89173234,0.1341991275548935,0.6888889074325562,0.4444444477558136
YDL154W,YBR121C,0,0.8916375,0.1341727375984192,0.6888889074325562,0.4445454478263855
YHR006W,YMR091C,0,0.8913358,0.13414634764194489,0.6888889074325562,0.4446464776992798
YOL055C,YBR254C,0,0.8912805,0.13411995768547058,0.6888889074325562,0.4447474777698517
YDR007W,YOL023W,0,0.89120805,0.13409359753131866,0.6888889074325562,0.4448484778404236
YJR123W,YCR021C,0,0.8908419,0.13406723737716675,0.6888889074325562,0.44494950771331787
YGR060W,YMR091C,0,0.8907973,0.13404087722301483,0.6888889074325562,0.44505050778388977
YNL025C,YOR341W,0,0.8907292,0.1340145468711853,0.6888889074325562,0.44515150785446167
YIL173W,YGR040W,0,0.890629,0.13398821651935577,0.6888889074325562,0.44525253772735596
YPL203W,YNL076W,0,0.89062387,0.13396188616752625,0.6888889074325562,0.44535353779792786
YDR045C,YHR138C,0,0.89058787,0.1339355856180191,0.6888889074325562,0.44545453786849976
YMR205C,YFL049W,0,0.89039785,0.13390928506851196,0.6888889074325562,0.44555556774139404
YGL070C,YGL127C,0,0.89012784,0.13388299942016602,0.6888889074325562,0.44565656781196594
YNL051W,YBR069C,0,0.88998413,0.13385672867298126,0.6888889074325562,0.44575756788253784
YER007C-A,YBR146W,0,0.88984674,0.1338304579257965,0.6888889074325562,0.44585859775543213
YBR233W-A,YDR303C,0,0.88981956,0.13380420207977295,0.6888889074325562,0.44595959782600403
YER040W,YLR288C,0,0.8897769,0.1337779462337494,0.6888889074325562,0.4460605978965759
YOR158W,YKL006W,0,0.88975066,0.13375172019004822,0.6888889074325562,0.4461616277694702
YMR274C,YER023W,0,0.8897305,0.13372549414634705,0.6888889074325562,0.4462626278400421
YLR102C,YIL106W,0,0.8893118,0.13369926810264587,0.6888889074325562,0.446363627910614
YBR016W,YGR017W,0,0.88927597,0.1336730718612671,0.6888889074325562,0.4464646577835083
YOR383C,YBR254C,0,0.8892626,0.1336468756198883,0.6888889074325562,0.4465656578540802
YPR143W,YLR384C,0,0.88925904,0.13362069427967072,0.6888889074325562,0.4466666579246521
YDR375C,YNL066W,1,0.8890372,0.13379040360450745,0.6898989677429199,0.4466666579246521
YIL098C,YJR120W,1,0.88900375,0.1339600533246994,0.6909090876579285,0.4466666579246521
YGR004W,YDR005C,0,0.889,0.13393381237983704,0.6909090876579285,0.4467676877975464
YBR301W,YJL083W,0,0.88877743,0.13390760123729706,0.6909090876579285,0.4468686878681183
YDL091C,YLR337C,0,0.8886917,0.13388139009475708,0.6909090876579285,0.4469696879386902
YDR464W,YHR150W,0,0.88857836,0.1338551789522171,0.6909090876579285,0.4470707178115845
YGL073W,YHR204W,0,0.88842905,0.1338289976119995,0.6909090876579285,0.44717171788215637
YGL189C,YKL138C,0,0.88832194,0.13380281627178192,0.6909090876579285,0.44727271795272827
YLR426W,YIL005W,0,0.8881272,0.13377664983272552,0.6909090876579285,0.44737374782562256
YPL235W,YDR179C,0,0.8876824,0.13375048339366913,0.6909090876579285,0.44747474789619446
YMR274C,YJL003W,0,0.88765246,0.13372434675693512,0.6909090876579285,0.44757574796676636
YDR367W,YEL044W,0,0.88711,0.13369819521903992,0.6909090876579285,0.44767677783966064
YER033C,YLR382C,0,0.8869032,0.1336720734834671,0.6909090876579285,0.44777777791023254
YMR234W,YGR040W,0,0.88689953,0.1336459517478943,0.6909090876579285,0.44787877798080444
YDR375C,YOR330C,1,0.8868261,0.133815199136734,0.691919207572937,0.44787877798080444
YNL246W,YLR363C,0,0.886697,0.1337890625,0.691919207572937,0.44797980785369873
YBR114W,YEL051W,0,0.8865093,0.13376294076442719,0.691919207572937,0.44808080792427063
YDR189W,YOR009W,0,0.8862096,0.13373681902885437,0.691919207572937,0.44818180799484253
YGL093W,YCL064C,0,0.88615656,0.13371071219444275,0.691919207572937,0.4482828378677368
YHR165C,YLR058C,0,0.88582116,0.13368462026119232,0.691919207572937,0.4483838379383087
YPR175W,YPR106W,0,0.8856732,0.1336585432291031,0.691919207572937,0.4484848380088806
YIL120W,YDR292C,0,0.88563627,0.13363246619701385,0.691919207572937,0.4485858678817749
YMR274C,YBL051C,0,0.8853504,0.13360640406608582,0.691919207572937,0.4486868679523468
YJR102C,YPL235W,0,0.88532585,0.13358034193515778,0.691919207572937,0.4487878680229187
YLR193C,YOL095C,1,0.8852748,0.13374926149845123,0.6929292678833008,0.4487878680229187
YNL056W,YLR061W,0,0.8850893,0.1337231993675232,0.6929292678833008,0.448888897895813
YLR193C,YBR091C,1,0.8849593,0.1338920295238495,0.6939393877983093,0.448888897895813
YNL132W,YER139C,0,0.8848904,0.13386593759059906,0.6939393877983093,0.4489898979663849
YFR040W,YLR409C,0,0.884766,0.13383986055850983,0.6939393877983093,0.4490908980369568
YIR026C,YPL097W,0,0.88465655,0.1338137835264206,0.6939393877983093,0.4491919279098511
YLR277C,YGL093W,0,0.88457364,0.13378773629665375,0.6939393877983093,0.449292927980423
YIL022W,YOR330C,1,0.88427705,0.13395638763904572,0.6949495077133179,0.449292927980423
YJR118C,YHR120W,1,0.882749,0.1341249793767929,0.6959595680236816,0.449292927980423
YLL048C,YPL018W,0,0.8825795,0.1340988725423813,0.6959595680236816,0.4493939280509949
YMR226C,YHL015W,0,0.88253635,0.13407278060913086,0.6959595680236816,0.44949495792388916
YGL027C,YHR150W,0,0.88250524,0.13404668867588043,0.6959595680236816,0.44959595799446106
YPR173C,YBR054W,0,0.8824893,0.1340206116437912,0.6959595680236816,0.44969695806503296
YNL142W,YGL096W,0,0.88234645,0.13399454951286316,0.6959595680236816,0.44979798793792725
YER044C-A,YDL105W,0,0.8823226,0.1339685022830963,0.6959595680236816,0.44989898800849915
YHR037W,YDR437W,0,0.88225263,0.13394245505332947,0.6959595680236816,0.44999998807907104
YER038C,YPR155C,0,0.8821557,0.13391642272472382,0.6959595680236816,0.45010101795196533
YOL095C,YIL062C,1,0.88203156,0.13408473134040833,0.6969696879386902,0.45010101795196533
YDL247W,YGR040W,0,0.8819233,0.13405866920948029,0.6969696879386902,0.45020201802253723
YPR180W,YFR038W,0,0.88173157,0.13403263688087463,0.6969696879386902,0.45030301809310913
YMR101C,YDR105C,0,0.88167167,0.13400660455226898,0.6969696879386902,0.4504040479660034
YLR007W,YIL123W,0,0.8814611,0.13398058712482452,0.6969696879386902,0.4505050480365753
YBR069C,YBR301W,0,0.88125503,0.13395456969738007,0.6969696879386902,0.4506060481071472
YPL004C,YIL120W,0,0.88124096,0.1339285671710968,0.6969696879386902,0.4507070779800415
YNR024W,YML047C,0,0.88123614,0.13390257954597473,0.6969696879386902,0.4508080780506134
YGR204W,YDR087C,0,0.8810979,0.13387660682201385,0.6969696879386902,0.4509090781211853
YIL037C,YDR469W,0,0.88099307,0.13385063409805298,0.6969696879386902,0.4510101079940796
YNL142W,YKL006W,0,0.8808932,0.1338246762752533,0.6969696879386902,0.4511111080646515
YDL189W,YHR202W,0,0.88070595,0.1337987184524536,0.6969696879386902,0.4512121081352234
YJR108W,YOR103C,0,0.8806441,0.13377277553081512,0.6969696879386902,0.4513131380081177
YKL026C,YLL018C,0,0.880127,0.13374684751033783,0.6969696879386902,0.4514141380786896
YOL154W,YJL089W,0,0.88001025,0.13372093439102173,0.6969696879386902,0.4515151381492615
YMR262W,YDL076C,0,0.8798946,0.13369502127170563,0.6969696879386902,0.45161616802215576
YIR019C,YDR412W,0,0.87963384,0.13366912305355072,0.6969696879386902,0.45171716809272766
YPL010W,YJL197W,0,0.87948436,0.1336432248353958,0.6969696879386902,0.45181816816329956
YPR143W,YCL039W,0,0.8794658,0.1336173564195633,0.6969696879386902,0.45191919803619385
YBR188C,YDR080W,0,0.8792276,0.13359148800373077,0.6969696879386902,0.45202019810676575
YBR248C,YMR225C,0,0.8792129,0.13356561958789825,0.6969696879386902,0.45212119817733765
YHR088W,YCR044C,0,0.8791246,0.13353976607322693,0.6969696879386902,0.45222222805023193
YHR073W,YER139C,0,0.8790948,0.1335139274597168,0.6969696879386902,0.45232322812080383
YNL328C,YDR150W,1,0.8789111,0.13368156552314758,0.6979798078536987,0.45232322812080383
YML004C,YML082W,0,0.8788512,0.13365571200847626,0.6979798078536987,0.45242422819137573
YJR109C,YFR016C,0,0.87871903,0.13362985849380493,0.6979798078536987,0.45252525806427
YGL067W,YHR014W,0,0.8786217,0.1336040198802948,0.6979798078536987,0.4526262581348419
YIL069C,YLR061W,0,0.87836236,0.13357819616794586,0.6979798078536987,0.4527272582054138
YEL018W,YDR039C,0,0.87815475,0.13355237245559692,0.6979798078536987,0.4528282880783081
YHR154W,YKR095W,0,0.8779696,0.13352656364440918,0.6979798078536987,0.45292928814888
YLR284C,YMR133W,0,0.8778585,0.13350076973438263,0.6979798078536987,0.4530302882194519
YHR009C,YGR003W,0,0.8776671,0.13347499072551727,0.6979798078536987,0.4531313180923462
YDR227W,YER167W,0,0.8776185,0.13344921171665192,0.6979798078536987,0.4532323181629181
YLL031C,YJR109C,0,0.87758124,0.13342344760894775,0.6979798078536987,0.4533333480358124
YJR118C,YPL063W,1,0.87748814,0.1335907280445099,0.6989899277687073,0.4533333480358124
YMR322C,YDR397C,0,0.8773659,0.13356494903564453,0.6989899277687073,0.4534343481063843
YPL133C,YBR078W,0,0.87732685,0.13353917002677917,0.6989899277687073,0.4535353481769562
YOR081C,YGR040W,0,0.87692183,0.133513405919075,0.6989899277687073,0.45363637804985046
YDR009W,YCL039W,0,0.87661403,0.13348765671253204,0.6989899277687073,0.45373737812042236
YML016C,YDL145C,0,0.87655514,0.13346190750598907,0.6989899277687073,0.45383837819099426
YDR430C,YGL240W,0,0.87635976,0.1334361732006073,0.6989899277687073,0.45393940806388855
YNL263C,YKR077W,0,0.8760338,0.13341045379638672,0.6989899277687073,0.45404040813446045
YIL156W,YER038C,0,0.87543637,0.13338473439216614,0.6989899277687073,0.45414140820503235
YOR249C,YJL069C,0,0.87537044,0.13335902988910675,0.6989899277687073,0.45424243807792664
YFR034C,YMR118C,0,0.8752302,0.13333334028720856,0.6989899277687073,0.45434343814849854
YJL059W,YFR010W,0,0.8751543,0.13330765068531036,0.6989899277687073,0.45444443821907043
YFR024C-A,YGR283C,0,0.8746994,0.13328197598457336,0.6989899277687073,0.4545454680919647
YML021C,YDR179C,0,0.8741556,0.13325630128383636,0.6989899277687073,0.4546464681625366
YOR334W,YPR155C,0,0.87411076,0.13323065638542175,0.6989899277687073,0.4547474682331085
YDR268W,YHL025W,0,0.8740743,0.13320501148700714,0.6989899277687073,0.4548484981060028
YKR079C,YBL051C,0,0.87403625,0.13317936658859253,0.6989899277687073,0.4549494981765747
YHL031C,YJL083W,0,0.87383336,0.1331537365913391,0.6989899277687073,0.4550504982471466
YNR033W,YKL005C,0,0.8736015,0.1331281214952469,0.6989899277687073,0.4551515281200409
YCR044C,YLL021W,0,0.87314767,0.13310252130031586,0.6989899277687073,0.4552525281906128
YBL080C,YKL138C-A,0,0.8724765,0.13307692110538483,0.6989899277687073,0.4553535282611847
YIL118W,YKL132C,0,0.87225467,0.133051335811615,0.6989899277687073,0.455454558134079
YJR150C,YHR114W,0,0.87220234,0.13302576541900635,0.6989899277687073,0.4555555582046509
YDR235W,YMR207C,0,0.8719607,0.1330001950263977,0.6989899277687073,0.4556565582752228
YGL189C,YBR248C,0,0.871492,0.13297463953495026,0.6989899277687073,0.45575758814811707
YLR426W,YDL134C,0,0.8714186,0.1329490840435028,0.6989899277687073,0.45585858821868896
YML092C,YBR188C,0,0.87130135,0.13292354345321655,0.6989899277687073,0.45595958828926086
YDR545W,YDL124W,0,0.87129813,0.1328980177640915,0.6989899277687073,0.45606061816215515
YPL036W,YDR188W,0,0.87121785,0.13287250697612762,0.6989899277687073,0.45616161823272705
YIL043C,YCR021C,0,0.8711726,0.13284699618816376,0.6989899277687073,0.45626261830329895
YOR157C,YOR272W,0,0.8711068,0.13282150030136108,0.6989899277687073,0.45636364817619324
YMR234W,YLR277C,0,0.8709406,0.1327960044145584,0.6989899277687073,0.45646464824676514
YCL016C,YJR050W,0,0.8704056,0.13277052342891693,0.6989899277687073,0.45656564831733704
YER028C,YLR234W,0,0.8702447,0.13274505734443665,0.6989899277687073,0.4566666781902313
YJL212C,YDR261C,0,0.8702425,0.13271960616111755,0.6989899277687073,0.4567676782608032
YDR490C,YLR277C,0,0.869821,0.13269415497779846,0.6989899277687073,0.4568686783313751
YDR176W,YLR323C,0,0.86967105,0.13266871869564056,0.6989899277687073,0.4569697082042694
YCR031C,YDL018C,0,0.86952865,0.13264328241348267,0.6989899277687073,0.4570707082748413
YGR004W,YEL024W,0,0.8691631,0.13261786103248596,0.6989899277687073,0.4571717083454132
YOR034C,YDR078C,0,0.8685222,0.13259245455265045,0.6989899277687073,0.4572727382183075
YHR158C,YNR024W,0,0.8683686,0.13256704807281494,0.6989899277687073,0.4573737382888794
YLR315W,YML016C,0,0.8682368,0.13254165649414062,0.6989899277687073,0.4574747383594513
YGR235C,YMR055C,0,0.8677219,0.1325162798166275,0.6989899277687073,0.4575757682323456
YJR120W,YKL134C,1,0.8676983,0.13268236815929413,0.699999988079071,0.4575757682323456
YNL142W,YMR207C,0,0.8674969,0.13265696167945862,0.699999988079071,0.4576767683029175
YEL018W,YEL032W,0,0.86728805,0.1326315850019455,0.699999988079071,0.4577777683734894
YAR033W,YOR086C,0,0.8666842,0.13260619342327118,0.699999988079071,0.45787879824638367
YHR142W,YGL016W,0,0.86641884,0.13258083164691925,0.699999988079071,0.45797979831695557
YML061C,YIL062C,1,0.86636263,0.13274674117565155,0.7010101079940796,0.45797979831695557
YER063W,YHL035C,0,0.8659012,0.13272136449813843,0.7010101079940796,0.45808079838752747
YNL103W,YNR053C,0,0.8657411,0.1326959878206253,0.7010101079940796,0.45818182826042175
YDR490C,YOL051W,0,0.86508423,0.13267061114311218,0.7010101079940796,0.45828282833099365
YPL161C,YOR113W,0,0.8650411,0.13264526426792145,0.7010101079940796,0.45838382840156555
YDR528W,YBR272C,0,0.8650103,0.1326199173927307,0.7010101079940796,0.45848485827445984
YCR065W,YNL156C,0,0.8647564,0.13259457051753998,0.7010101079940796,0.45858585834503174
YBR038W,YPR133C,0,0.86470956,0.13256923854351044,0.7010101079940796,0.45868685841560364
YDR028C,YPL018W,0,0.8646923,0.1325439214706421,0.7010101079940796,0.4587878882884979
YOR090C,YDL102W,0,0.86454713,0.13251861929893494,0.7010101079940796,0.4588888883590698
YJR123W,YDL154W,0,0.86436236,0.13249331712722778,0.7010101079940796,0.4589898884296417
YLR001C,YBR094W,0,0.86424404,0.13246802985668182,0.7010101079940796,0.459090918302536
YPL058C,YGL194C,0,0.8642166,0.13244274258613586,0.7010101079940796,0.4591919183731079
YIL007C,YDL220C,0,0.86331993,0.1324174702167511,0.7010101079940796,0.4592929184436798
YIL022W,YAL048C,1,0.8623682,0.13258297741413116,0.7020202279090881,0.4592929184436798
YNL167C,YDL220C,0,0.8623292,0.1325576901435852,0.7020202279090881,0.4593939483165741
YJR120W,YHR194W,1,0.8621337,0.1327231079339981,0.7030302882194519,0.4593939483165741
YDR468C,YMR055C,0,0.86196285,0.13269780576229095,0.7030302882194519,0.459494948387146
YBR091C,YHR120W,1,0.8615966,0.1328631341457367,0.7040404081344604,0.459494948387146
YLR411W,YIL068C,0,0.86132103,0.13283781707286835,0.7040404081344604,0.4595959484577179
YLR223C,YER100W,0,0.86064106,0.1328125,0.7040404081344604,0.4596969783306122
YLR037C,YML127W,0,0.86061496,0.13278719782829285,0.7040404081344604,0.4597979784011841
YML133C,YDR439W,0,0.86053306,0.1327619105577469,0.7040404081344604,0.459898978471756
YDL072C,YLR352W,0,0.8602461,0.13273662328720093,0.7040404081344604,0.46000000834465027
YDR145W,YKL039W,0,0.8602194,0.13271135091781616,0.7040404081344604,0.46010100841522217
YCR086W,YLR466W,0,0.85992336,0.1326860785484314,0.7040404081344604,0.46020200848579407
YDR301W,YGL238W,0,0.85981464,0.13266083598136902,0.7040404081344604,0.46030303835868835
YBL038W,YDL087C,0,0.85956866,0.13263557851314545,0.7040404081344604,0.46040403842926025
YEL032W,YMR133W,0,0.859519,0.13261035084724426,0.7040404081344604,0.46050503849983215
YOR068C,YER005W,0,0.8593236,0.13258512318134308,0.7040404081344604,0.46060606837272644
YBR153W,YFR030W,0,0.8593072,0.1325599104166031,0.7040404081344604,0.46070706844329834
YLR052W,YBR254C,0,0.8591065,0.1325346976518631,0.7040404081344604,0.46080806851387024
YOR264W,YOR254C,0,0.8590757,0.1325094997882843,0.7040404081344604,0.4609090983867645
YEL032W,YDL134C,0,0.8588415,0.1324843168258667,0.7040404081344604,0.4610100984573364
YMR001C,YGL127C,0,0.85861516,0.1324591338634491,0.7040404081344604,0.4611110985279083
YGL028C,YIL130W,0,0.85845107,0.1324339658021927,0.7040404081344604,0.4612121284008026
YNL103W,YOR034C,0,0.85837233,0.13240881264209747,0.7040404081344604,0.4613131284713745
YDR515W,YIL014W,0,0.85775906,0.13238365948200226,0.7040404081344604,0.4614141285419464
YER142C,YNL054W,0,0.8576707,0.13235852122306824,0.7040404081344604,0.4615151584148407
YGR078C,YBR045C,0,0.8576646,0.1323333978652954,0.7040404081344604,0.4616161584854126
YER007C-A,YOR078W,0,0.8576177,0.13230827450752258,0.7040404081344604,0.4617171585559845
YGL104C,YNL081C,0,0.8575656,0.13228316605091095,0.7040404081344604,0.4618181884288788
YBR069C,YHR113W,0,0.857295,0.13225805759429932,0.7040404081344604,0.4619191884994507
YAL007C,YOL084W,0,0.85728234,0.13223297894001007,0.7040404081344604,0.4620201885700226
YNL328C,YLL018C-A,1,0.8572681,0.1323975771665573,0.705050528049469,0.4620201885700226
YKR064W,YNL132W,0,0.85668254,0.13237246870994568,0.705050528049469,0.46212121844291687
YIL075C,YIL167W,0,0.8562885,0.13234736025333405,0.705050528049469,0.46222221851348877
YCR044C,YJL001W,0,0.8560276,0.1323222815990448,0.705050528049469,0.46232321858406067
YJR132W,YLR293C,0,0.85599285,0.13229718804359436,0.705050528049469,0.46242424845695496
YLR185W,YNL133C,0,0.8556475,0.1322721242904663,0.705050528049469,0.46252524852752686
YPL215W,YNL066W,1,0.85560125,0.13243652880191803,0.7060605883598328,0.46252524852752686
YIL107C,YOR259C,0,0.855434,0.1324114352464676,0.7060605883598328,0.46262624859809875
YOL154W,YNL038W,0,0.85480595,0.13238635659217834,0.7060605883598328,0.46272727847099304
YPR199C,YLL053C,0,0.8547011,0.1323612928390503,0.7060605883598328,0.46282827854156494
YFR024C-A,YGR208W,0,0.8544095,0.13233622908592224,0.7060605883598328,0.46292927861213684
YBR078W,YBL072C,0,0.8540788,0.13231118023395538,0.7060605883598328,0.46303030848503113
YMR192W,YHL031C,0,0.85388905,0.13228614628314972,0.7060605883598328,0.463131308555603
YAL048C,YHR024C,1,0.853616,0.13245032727718353,0.7070707082748413,0.463131308555603
YHR073W,YHR106W,0,0.8536086,0.13242527842521667,0.7070707082748413,0.4632323086261749
YER176W,YDL117W,0,0.85328907,0.13240022957324982,0.7070707082748413,0.4633333384990692
YOR247W,YIL087C,0,0.85317653,0.13237519562244415,0.7070707082748413,0.4634343385696411
YLR249W,YHR157W,0,0.8531597,0.1323501616716385,0.7070707082748413,0.463535338640213
YER109C,YLR060W,0,0.8530805,0.13232514262199402,0.7070707082748413,0.4636363685131073
YLR277C,YOR335C,0,0.85291624,0.13230013847351074,0.7070707082748413,0.4637373685836792
YPL146C,YHR073W,0,0.8527213,0.13227513432502747,0.7070707082748413,0.4638383984565735
YHR035W,YDL145C,0,0.85266644,0.13225014507770538,0.7070707082748413,0.4639393985271454
YPR003C,YOR101W,0,0.8524965,0.1322251558303833,0.7070707082748413,0.4640403985977173
YOR264W,YOL059W,0,0.8520391,0.1322001814842224,0.7070707082748413,0.4641414284706116
YOR049C,YLR039C,0,0.85188115,0.13217522203922272,0.7070707082748413,0.46424242854118347
YPL262W,YPL021W,0,0.85134727,0.13215027749538422,0.7070707082748413,0.46434342861175537
YML067C,YLR324W,0,0.85131574,0.13212533295154572,0.7070707082748413,0.46444445848464966
YMR243C,YKR072C,0,0.8510949,0.1321004033088684,0.7070707082748413,0.46454545855522156
YML086C,YCR044C,0,0.8505768,0.1320754736661911,0.7070707082748413,0.46464645862579346
YHR201C,YPL018W,0,0.85042506,0.132050558924675,0.7070707082748413,0.46474748849868774
YML061C,YOL095C,1,0.850357,0.1322142630815506,0.7080808281898499,0.46474748849868774
YIL019W,YKL192C,0,0.8502707,0.1321893334388733,0.7080808281898499,0.46484848856925964
YGL167C,YIL118W,0,0.8501743,0.13216440379619598,0.7080808281898499,0.46494948863983154
YDR350C,YDR168W,0,0.85014874,0.13213948905467987,0.7080808281898499,0.46505051851272583
YPR106W,YDR397C,0,0.8501384,0.13211458921432495,0.7080808281898499,0.46515151858329773
YPR010C,YIL011W,0,0.850053,0.13208968937397003,0.7080808281898499,0.46525251865386963
YOR049C,YAL011W,0,0.84969574,0.1320648044347763,0.7080808281898499,0.4653535485267639
YFL035C-B,YLR382C,0,0.8494503,0.13203993439674377,0.7080808281898499,0.4654545485973358
YER149C,YMR156C,0,0.8492779,0.13201506435871124,0.7080808281898499,0.4655555486679077
YGL104C,YBL031W,0,0.84918684,0.1319902092218399,0.7080808281898499,0.465656578540802
YNL167C,YDL031W,0,0.8491762,0.13196535408496857,0.7080808281898499,0.4657575786113739
YOR320C,YHR096C,0,0.8488985,0.13194052875041962,0.7080808281898499,0.4658585786819458
YLR196W,YJL196C,0,0.84887695,0.13191568851470947,0.7080808281898499,0.4659596085548401
YDR407C,YER159C,0,0.8488134,0.13189087808132172,0.7080808281898499,0.466060608625412
YDR092W,YDL031W,0,0.84877026,0.13186606764793396,0.7080808281898499,0.4661616086959839
YDR482C,YNL111C,0,0.8479149,0.1318412572145462,0.7080808281898499,0.4662626385688782
YAL048C,YLR190W,1,0.84785944,0.132004514336586,0.7090908885002136,0.4662626385688782
YDR377W,YIR026C,0,0.8476608,0.13197968900203705,0.7090908885002136,0.4663636386394501
YBR248C,YKL005C,0,0.8473621,0.13195489346981049,0.7090908885002136,0.466464638710022
YBR130C,YDR078C,0,0.84704834,0.13193008303642273,0.7090908885002136,0.46656566858291626
YML011C,YHR103W,0,0.84690285,0.13190530240535736,0.7090908885002136,0.46666666865348816
YIL068C,YLR019W,0,0.8467763,0.131880521774292,0.7090908885002136,0.46676766872406006
YJR084W,YMR131C,0,0.84661835,0.13185574114322662,0.7090908885002136,0.46686869859695435
YLR083C,YOR157C,0,0.84657717,0.13183099031448364,0.7090908885002136,0.46696969866752625
YML023C,YDL220C,0,0.8465491,0.13180623948574066,0.7090908885002136,0.46707069873809814
YKL191W,YDR406W,0,0.8456163,0.13178148865699768,0.7090908885002136,0.46717172861099243
YLR019W,YCR063W,0,0.84545237,0.1317567527294159,0.7090908885002136,0.46727272868156433
YKL196C,YBL072C,0,0.84516567,0.1317320317029953,0.7090908885002136,0.46737372875213623
YLR451W,YPR133C,0,0.8449598,0.1317073106765747,0.7090908885002136,0.4674747586250305
YLR367W,YKL043W,0,0.8449471,0.1316826045513153,0.7090908885002136,0.4675757586956024
YJL078C,YBR169C,0,0.8447583,0.1316579133272171,0.7090908885002136,0.4676767587661743
YOL078W,YEL024W,0,0.8447014,0.1316332221031189,0.7090908885002136,0.4677777886390686
YHR033W,YMR074C,0,0.844402,0.13160854578018188,0.7090908885002136,0.4678787887096405
YHR146W,YNL246W,0,0.8443652,0.13158388435840607,0.7090908885002136,0.4679797887802124
YPL120W,YNL247W,0,0.8443131,0.13155922293663025,0.7090908885002136,0.4680808186531067
YKL191W,YDR259C,0,0.8439158,0.13153457641601562,0.7090908885002136,0.4681818187236786
YML067C,YMR205C,0,0.84382933,0.131509929895401,0.7090908885002136,0.4682828187942505
YER177W,YLL014W,0,0.8432103,0.13148529827594757,0.7090908885002136,0.4683838486671448
YMR237W,YGL049C,0,0.8425895,0.13146068155765533,0.7090908885002136,0.4684848487377167
YOR059C,YCR063W,0,0.84256876,0.1314360648393631,0.7090908885002136,0.4685858488082886
YMR286W,YPL036W,0,0.8424081,0.13141146302223206,0.7090908885002136,0.46868687868118286
YJR120W,YGR174C,1,0.84238243,0.13157401978969574,0.7101010084152222,0.46868687868118286
YIL037C,YGR060W,0,0.84223276,0.1315494030714035,0.7101010084152222,0.46878787875175476
YDR406W,YNL130C,0,0.8422272,0.13152478635311127,0.7101010084152222,0.46888887882232666
YNL173C,YLR260W,0,0.84210175,0.13150018453598022,0.7101010084152222,0.46898990869522095
YKR064W,YOR250C,0,0.8418947,0.13147559762001038,0.7101010084152222,0.46909090876579285
YAL051W,YIL018W,0,0.84181947,0.13145101070404053,0.7101010084152222,0.46919190883636475
YNL173C,YBL025W,0,0.84158814,0.13142643868923187,0.7101010084152222,0.46929293870925903
YOL009C,YHR120W,1,0.8415459,0.13158878684043884,0.7111111283302307,0.46929293870925903
YGR120C,YGL129C,0,0.84143174,0.131564199924469,0.7111111283302307,0.46939393877983093
YIL014W,YPR169W,0,0.84140646,0.13153961300849915,0.7111111283302307,0.46949493885040283
YCR086W,YHR073W,0,0.84123254,0.1315150409936905,0.7111111283302307,0.4695959687232971
YNR024W,YNL240C,0,0.84120506,0.13149046897888184,0.7111111283302307,0.469696968793869
YHR073W,YER143W,0,0.8410383,0.13146592676639557,0.7111111283302307,0.4697979688644409
YGR211W,YPL135W,0,0.8405695,0.1314413696527481,0.7111111283302307,0.4698989987373352
YGL073W,YLR409C,0,0.84054136,0.13141684234142303,0.7111111283302307,0.4699999988079071
YOL009C,YLL006W,1,0.84002817,0.1315789520740509,0.7121211886405945,0.4699999988079071
YPR175W,YFR053C,0,0.83990663,0.13155439496040344,0.7121211886405945,0.470100998878479
YGR055W,YHR006W,0,0.83989996,0.13152985274791718,0.7121211886405945,0.4702020287513733
YOL076W,YKL134C,1,0.8392735,0.1316918432712555,0.713131308555603,0.4702020287513733
YNL173C,YIL130W,0,0.8391545,0.13166728615760803,0.713131308555603,0.4703030288219452
YNL328C,YLR259C,1,0.8389951,0.13182920217514038,0.7141414284706116,0.4703030288219452
YBR091C,YBR212W,1,0.8388906,0.13199105858802795,0.7151514887809753,0.4703030288219452
YBL056W,YJR150C,0,0.8388573,0.13196644186973572,0.7151514887809753,0.4704040288925171
YML059C,YNR019W,0,0.83855736,0.13194185495376587,0.7151514887809753,0.4705050587654114
YDR145W,YOL052C-A,0,0.83842903,0.13191726803779602,0.7151514887809753,0.4706060588359833
YDR023W,YDL119C,0,0.83842474,0.13189269602298737,0.7151514887809753,0.4707070589065552
YOR250C,YMR322C,0,0.8384213,0.1318681389093399,0.7151514887809753,0.47080808877944946
YOR258W,YML102W,0,0.8384191,0.13184358179569244,0.7151514887809753,0.47090908885002136
YGR202C,YHR169W,0,0.8382691,0.13181902468204498,0.7151514887809753,0.47101008892059326
YJR073C,YPR161C,0,0.83822227,0.1317944973707199,0.7151514887809753,0.47111111879348755
YBR091C,YLL018C-A,1,0.8378367,0.1319560706615448,0.7161616086959839,0.47111111879348755
YBR016W,YGR030C,0,0.8377958,0.13193152844905853,0.7161616086959839,0.47121211886405945
YNL328C,YLR193C,1,0.8372484,0.13209302723407745,0.7171717286109924,0.47121211886405945
YLR044C,YHL021C,0,0.8371965,0.1320684552192688,0.7171717286109924,0.47131311893463135
YHR165C,YGR003W,0,0.83702874,0.13204388320446014,0.7171717286109924,0.47141414880752563
YLR324W,YPL189W,0,0.83702475,0.13201934099197388,0.7171717286109924,0.47151514887809753
YBR254C,YKR099W,0,0.83666086,0.1319947987794876,0.7171717286109924,0.47161614894866943
YAL048C,YGR174C,1,0.8365812,0.1321561336517334,0.7181817889213562,0.47161614894866943
YJL012C,YBR146W,0,0.83637005,0.13213157653808594,0.7181817889213562,0.4717171788215637
YIL075C,YGL243W,0,0.8362367,0.13210701942443848,0.7181817889213562,0.4718181788921356
YDR468C,YJL197W,0,0.8361878,0.1320824772119522,0.7181817889213562,0.4719191789627075
YOR049C,YNL318C,0,0.8361736,0.13205794990062714,0.7181817889213562,0.4720202088356018
YPL239W,YDL149W,0,0.83615047,0.13203342258930206,0.7181817889213562,0.4721212089061737
YOR004W,YGR165W,0,0.83592814,0.13200891017913818,0.7181817889213562,0.4722222089767456
YLR196W,YKR088C,0,0.83588725,0.1319844126701355,0.7181817889213562,0.4723232388496399
YHL031C,YML055W,0,0.83566433,0.1319599151611328,0.7181817889213562,0.4724242389202118
YKL014C,YJL045W,0,0.8356107,0.13193541765213013,0.7181817889213562,0.4725252389907837
YIR004W,YOR249C,0,0.8355277,0.13191094994544983,0.7181817889213562,0.472626268863678
YPL145C,YMR149W,0,0.83548534,0.13188648223876953,0.7181817889213562,0.4727272689342499
YCL068C,YDR135C,0,0.83547753,0.13186201453208923,0.7181817889213562,0.4728282690048218
YPL138C,YOR079C,0,0.83540165,0.13183756172657013,0.7181817889213562,0.47292929887771606
YBR065C,YNL029C,0,0.83521193,0.13181312382221222,0.7181817889213562,0.47303029894828796
YKR052C,YCR005C,0,0.8351061,0.1317886859178543,0.7181817889213562,0.47313129901885986
YNL328C,YNL055C,1,0.83508927,0.13194958865642548,0.7191919088363647,0.47313129901885986
YPL221W,YOR110W,0,0.83468735,0.13192515075206757,0.7191919088363647,0.47323232889175415
YOL009C,YOR060C,1,0.8346754,0.13208596408367157,0.7202020287513733,0.47323232889175415
YBR005W,YCL064C,0,0.8343126,0.13206149637699127,0.7202020287513733,0.47333332896232605
YBR091C,YHR024C,1,0.8343064,0.1322222203016281,0.7212121486663818,0.47333332896232605
YPL120W,YPR095C,0,0.83409727,0.13219773769378662,0.7212121486663818,0.47343432903289795
YEL051W,YFR053C,0,0.8338695,0.13217326998710632,0.7212121486663818,0.47353535890579224
YLR059C,YHR024C,1,0.833584,0.1323338896036148,0.7222222089767456,0.47353535890579224
YGR174C,YHR120W,1,0.8333898,0.13249444961547852,0.7232323288917542,0.47353535890579224
YLR248W,YML047C,0,0.8331085,0.13246993720531464,0.7232323288917542,0.47363635897636414
YKL058W,YKL006W,0,0.8328102,0.13244542479515076,0.7232323288917542,0.47373735904693604
YLL021W,YDR257C,0,0.8315876,0.13242094218730927,0.7232323288917542,0.4738383889198303
YOL132W,YML127W,0,0.8307908,0.13239644467830658,0.7232323288917542,0.4739393889904022
YDR482C,YML098W,0,0.8306913,0.13237197697162628,0.7232323288917542,0.4740404188632965
YBL063W,YBR180W,0,0.83049375,0.13234750926494598,0.7232323288917542,0.4741414189338684
YIL022W,YLL018C-A,1,0.8304863,0.13250786066055298,0.7242424488067627,0.4741414189338684
YDR372C,YGL045W,0,0.8303314,0.1324833631515503,0.7242424488067627,0.4742424190044403
YJL013C,YIL096C,0,0.82950485,0.13245889544487,0.7242424488067627,0.4743434488773346
YLL026W,YLR234W,0,0.82926816,0.1324344277381897,0.7242424488067627,0.4744444489479065
YDL240W,YLR150W,0,0.82925814,0.1324099749326706,0.7242424488067627,0.4745454490184784
YAL011W,YKL129C,0,0.8292491,0.1323855221271515,0.7242424488067627,0.4746464788913727
YNL031C,YJL216C,0,0.8291945,0.13236108422279358,0.7242424488067627,0.4747474789619446
YOR193W,YBR248C,0,0.82852566,0.13233666121959686,0.7242424488067627,0.4748484790325165
YIL018W,YPL253C,0,0.8284177,0.13231223821640015,0.7242424488067627,0.47494950890541077
YNL164C,YLR466W,0,0.8282559,0.13228783011436462,0.7242424488067627,0.47505050897598267
YGL028C,YDR040C,0,0.8281571,0.1322634220123291,0.7242424488067627,0.47515150904655457
YDR422C,YKL150W,0,0.8276529,0.13223902881145477,0.7242424488067627,0.47525253891944885
YLL066C,YOR103C,0,0.8273787,0.13221463561058044,0.7242424488067627,0.47535353899002075
YBR254C,YPR169W,0,0.82729524,0.1321902722120285,0.7242424488067627,0.47545453906059265
YAL007C,YLR411W,0,0.82720774,0.13216589391231537,0.7242424488067627,0.47555556893348694
YPR131C,YLL006W,1,0.8271194,0.13232584297657013,0.7252525091171265,0.47555556893348694
YDR528W,YHL021C,0,0.8270535,0.1323014497756958,0.7252525091171265,0.47565656900405884
YHR214W,YOL059W,0,0.8268948,0.13227708637714386,0.7252525091171265,0.47575756907463074
YLR352W,YNR033W,0,0.8268363,0.13225272297859192,0.7252525091171265,0.475858598947525
YNL142W,YDL119C,0,0.8268129,0.13222835958003998,0.7252525091171265,0.4759595990180969
YBR279W,YLR001C,0,0.8267351,0.13220401108264923,0.7252525091171265,0.4760605990886688
YEL001C,YDR464W,0,0.82671154,0.13217967748641968,0.7252525091171265,0.4761616289615631
YDR189W,YGR204W,0,0.8259432,0.13215534389019012,0.7252525091171265,0.476262629032135
YEL001C,YLR011W,0,0.8258893,0.13213102519512177,0.7252525091171265,0.4763636291027069
YDR287W,YJL181W,0,0.82585466,0.1321067214012146,0.7252525091171265,0.4764646589756012
YBR086C,YGL107C,0,0.82549906,0.13208241760730743,0.7252525091171265,0.4765656590461731
YDL100C,YHR073W,0,0.8254779,0.13205811381340027,0.7252525091171265,0.476666659116745
YOR316C,YJL216C,0,0.82526577,0.1320338398218155,0.7252525091171265,0.4767676889896393
YLL016W,YLR234W,0,0.8251193,0.1320095658302307,0.7252525091171265,0.4768686890602112
YML011C,YEL006W,0,0.82511026,0.13198529183864594,0.7252525091171265,0.4769696891307831
YLR432W,YPR097W,0,0.82510954,0.13196103274822235,0.7252525091171265,0.47707071900367737
YJR153W,YAR009C,0,0.8250584,0.13193678855895996,0.7252525091171265,0.47717171907424927
YNL233W,YNL288W,0,0.824725,0.13191254436969757,0.7252525091171265,0.47727271914482117
YOL023W,YOR079C,0,0.82462955,0.13188831508159637,0.7252525091171265,0.47737374901771545
YDR127W,YBL014C,0,0.82450426,0.13186410069465637,0.7252525091171265,0.47747474908828735
YGR080W,YDR025W,0,0.8244017,0.13183988630771637,0.7252525091171265,0.47757574915885925
YLR258W,YJL013C,0,0.8243615,0.13181567192077637,0.7252525091171265,0.47767677903175354
YHL038C,YMR237W,0,0.8243355,0.13179148733615875,0.7252525091171265,0.47777777910232544
YKL185W,YNR071C,0,0.8243092,0.13176730275154114,0.7252525091171265,0.47787877917289734
YBR078W,YNR071C,0,0.8239351,0.13174311816692352,0.7252525091171265,0.4779798090457916
YLR044C,YLR313C,0,0.8238052,0.1317189484834671,0.7252525091171265,0.4780808091163635
YMR041C,YNL024C,0,0.82370085,0.13169479370117188,0.7252525091171265,0.4781818091869354
YJR084W,YCR063W,0,0.8235482,0.13167063891887665,0.7252525091171265,0.4782828390598297
YLR001C,YBR028C,0,0.8233711,0.13164649903774261,0.7252525091171265,0.4783838391304016
YNL243W,YKR027W,0,0.823239,0.13162235915660858,0.7252525091171265,0.4784848392009735
YOR207C,YNL240C,0,0.82265055,0.13159823417663574,0.7252525091171265,0.4785858690738678
YJL181W,YJL003W,0,0.82262284,0.1315741240978241,0.7252525091171265,0.4786868691444397
YDR468C,YPL176C,0,0.8220222,0.13155001401901245,0.7252525091171265,0.4787878692150116
YOL135C,YPL021W,0,0.8219901,0.131525918841362,0.7252525091171265,0.4788888990879059
YPL209C,YKL060C,0,0.8218218,0.13150183856487274,0.7252525091171265,0.4789898991584778
YGR094W,YNL161W,0,0.82172596,0.13147775828838348,0.7252525091171265,0.4790908992290497
YMR274C,YER040W,0,0.8217093,0.13145367801189423,0.7252525091171265,0.47919192910194397
YCL044C,YDR135C,0,0.8213325,0.13142961263656616,0.7252525091171265,0.47929292917251587
YKL149C,YPR141C,0,0.82125705,0.1314055621623993,0.7252525091171265,0.47939392924308777
YDR041W,YDR019C,0,0.82125,0.13138151168823242,0.7252525091171265,0.47949495911598206
YGR057C,YDL102W,0,0.82116205,0.13135747611522675,0.7252525091171265,0.47959595918655396
YFR034C,YKR031C,0,0.8208938,0.13133345544338226,0.7252525091171265,0.47969695925712585
YAL068C,YPR100W,0,0.8204123,0.13130943477153778,0.7252525091171265,0.47979798913002014
YDR464W,YNL180C,0,0.8203017,0.1312854290008545,0.7252525091171265,0.47989898920059204
YDR399W,YKR088C,0,0.82000506,0.1312614232301712,0.7252525091171265,0.47999998927116394
YGR103W,YLR409C,0,0.81990033,0.1312374323606491,0.7252525091171265,0.4801010191440582
YIL030C,YCR024C,0,0.8198459,0.1312134563922882,0.7252525091171265,0.4802020192146301
YHR120W,YBR212W,1,0.8194153,0.13137218356132507,0.726262629032135,0.4802020192146301
YMR192W,YDR002W,0,0.8190493,0.13134819269180298,0.726262629032135,0.480303019285202
YIL022W,YML061C,1,0.8188982,0.13150684535503387,0.7272727489471436,0.480303019285202
YIL005W,YMR074C,0,0.8188719,0.13148283958435059,0.7272727489471436,0.4804040491580963
YOR267C,YHR122W,0,0.8188028,0.1314588338136673,0.7272727489471436,0.4805050492286682
YKL197C,YIR026C,0,0.8186971,0.131434828042984,0.7272727489471436,0.4806060492992401
YLR023C,YMR183C,0,0.81848913,0.13141083717346191,0.7272727489471436,0.4807070791721344
YGL194C,YGL111W,0,0.8183628,0.131386861205101,0.7272727489471436,0.4808080792427063
YMR048W,YKL002W,0,0.8183479,0.1313628852367401,0.7272727489471436,0.4809090793132782
YJL179W,YIL008W,0,0.8183438,0.1313389241695404,0.7272727489471436,0.4810101091861725
YGL087C,YBR028C,0,0.8183065,0.1313149780035019,0.7272727489471436,0.4811111092567444
YOR136W,YCR063W,0,0.81830525,0.13129103183746338,0.7272727489471436,0.4812121093273163
YOR068C,YPR095C,0,0.8182562,0.13126708567142487,0.7272727489471436,0.48131313920021057
YJL212C,YHR157W,0,0.8178385,0.13124316930770874,0.7272727489471436,0.48141413927078247
YOR207C,YJL094C,0,0.8178319,0.13121923804283142,0.7272727489471436,0.48151513934135437
YPR095C,YDR168W,0,0.8177009,0.1311953365802765,0.7272727489471436,0.48161616921424866
YLR215C,YML013W,0,0.8175562,0.13117143511772156,0.7272727489471436,0.48171716928482056
YGR244C,YPL175W,0,0.817468,0.13114753365516663,0.7272727489471436,0.48181816935539246
YLR367W,YMR262W,0,0.81722486,0.13112366199493408,0.7272727489471436,0.48191919922828674
YBR107C,YGR094W,0,0.81721145,0.13109977543354034,0.7272727489471436,0.48202019929885864
YDL003W,YML067C,0,0.8169288,0.131075918674469,0.7272727489471436,0.48212119936943054
YDR019C,YBR180W,0,0.81671834,0.13105206191539764,0.7272727489471436,0.48222222924232483
YPR131C,YOR330C,1,0.81635606,0.13121019303798676,0.7282828092575073,0.48222222924232483
YOR090C,YNL059C,0,0.8159554,0.1311863213777542,0.7282828092575073,0.48232322931289673
YGR046W,YNL066W,1,0.81588167,0.13134436309337616,0.7292929291725159,0.48232322931289673
YCR107W,YPL189W,0,0.815454,0.13132047653198242,0.7292929291725159,0.48242422938346863
YAL048C,YBR212W,1,0.81525624,0.1314784437417984,0.7303030490875244,0.48242422938346863
YHL031C,YER038C,0,0.8150046,0.13145454227924347,0.7303030490875244,0.4825252592563629
YJL186W,YBL051C,0,0.8149856,0.13143065571784973,0.7303030490875244,0.4826262593269348
YNL221C,YGL107C,0,0.81485426,0.1314067542552948,0.7303030490875244,0.4827272593975067
YEL019C,YMR220W,0,0.8144605,0.13138288259506226,0.7303030490875244,0.482828289270401
YDR468C,YLR060W,0,0.8142616,0.1313590109348297,0.7303030490875244,0.4829292893409729
YDR009W,YLR019W,0,0.81424606,0.13133515417575836,0.7303030490875244,0.4830302894115448
YOR045W,YBR091C,1,0.8141396,0.13149291276931763,0.7313131093978882,0.4830302894115448
YPR106W,YPR180W,0,0.81409293,0.13146904110908508,0.7313131093978882,0.4831313192844391
YHR033W,YHR110W,0,0.8138027,0.13144516944885254,0.7313131093978882,0.483232319355011
YMR243C,YER129W,0,0.81365436,0.1314213126897812,0.7313131093978882,0.4833333194255829
YOR236W,YDR289C,0,0.8132829,0.13139745593070984,0.7313131093978882,0.4834343492984772
YOR078W,YBR089C-A,0,0.81226724,0.13137361407279968,0.7313131093978882,0.4835353493690491
YER142C,YIL037C,0,0.8120816,0.13134978711605072,0.7313131093978882,0.48363634943962097
YGR003W,YER127W,0,0.81187606,0.13132596015930176,0.7313131093978882,0.48373737931251526
YOL023W,YPL168W,0,0.8117789,0.1313021332025528,0.7313131093978882,0.48383837938308716
YKL014C,YOR132W,0,0.8115745,0.13127833604812622,0.7313131093978882,0.48393937945365906
YGL189C,YML076C,0,0.8111555,0.13125453889369965,0.7313131093978882,0.48404040932655334
YCR065W,YOR110W,0,0.8110679,0.13123074173927307,0.7313131093978882,0.48414140939712524
YJR117W,YML031W,0,0.8106748,0.1312069594860077,0.7313131093978882,0.48424240946769714
YOR266W,YOR330C,1,0.8100791,0.1313643753528595,0.7323232293128967,0.48424240946769714
YNR032C-A,YDR045C,0,0.8100442,0.13134057819843292,0.7323232293128967,0.48434343934059143
YDR160W,YDR108W,0,0.80965716,0.13131679594516754,0.7323232293128967,0.48444443941116333
YBL056W,YPL036W,0,0.80962723,0.13129301369190216,0.7323232293128967,0.4845454692840576
YHR185C,YCL016C,0,0.8093193,0.13126923143863678,0.7323232293128967,0.4846464693546295
YPL215W,YPR131C,1,0.8090442,0.13142649829387665,0.7333333492279053,0.4846464693546295
YPR003C,YDR268W,0,0.80857545,0.13140271604061127,0.7333333492279053,0.4847474694252014
YNL214W,YML016C,0,0.80848217,0.1313789337873459,0.7333333492279053,0.4848484992980957
YHR113W,YLR055C,0,0.80847675,0.1313551664352417,0.7333333492279053,0.4849494993686676
YLR361C,YPR148C,0,0.8083137,0.1313313990831375,0.7333333492279053,0.4850504994392395
YLR006C,YPR010C,0,0.80777204,0.13130764663219452,0.7333333492279053,0.4851515293121338
YDR308C,YLL053C,0,0.8076059,0.13128390908241272,0.7333333492279053,0.4852525293827057
YPR143W,YMR313C,0,0.8075796,0.13126017153263092,0.7333333492279053,0.4853535294532776
YJL127C,YHL011C,0,0.8072791,0.13123644888401031,0.7333333492279053,0.4854545593261719
YNR019W,YBL025W,0,0.8071123,0.1312127262353897,0.7333333492279053,0.4855555593967438
YOL122C,YCR106W,0,0.8069882,0.1311890184879303,0.7333333492279053,0.4856565594673157
YBL087C,YKR064W,0,0.8069051,0.1311653107404709,0.7333333492279053,0.48575758934020996
YDR204W,YOL051W,0,0.8067605,0.13114161789417267,0.7333333492279053,0.48585858941078186
YKR078W,YJR027W,0,0.8062309,0.13111793994903564,0.7333333492279053,0.48595958948135376
YPR175W,YLR337C,0,0.80622584,0.13109426200389862,0.7333333492279053,0.48606061935424805
YDR468C,YIL009W,0,0.80593807,0.1310705840587616,0.7333333492279053,0.48616161942481995
YPL004C,YGR266W,0,0.80564284,0.13104693591594696,0.7333333492279053,0.48626261949539185
YLR258W,YLR039C,0,0.8055874,0.13102328777313232,0.7333333492279053,0.48636364936828613
YPL262W,YNR053C,0,0.80533475,0.1309996396303177,0.7333333492279053,0.48646464943885803
YIL153W,YKL197C,0,0.80513126,0.13097600638866425,0.7333333492279053,0.48656564950942993
YER040W,YDL134C,0,0.80490094,0.130952388048172,0.7333333492279053,0.4866666793823242
YHR204W,YDR303C,0,0.8047984,0.13092876970767975,0.7333333492279053,0.4867676794528961
YNL190W,YBR218C,0,0.80451983,0.1309051513671875,0.7333333492279053,0.486868679523468
YDR227W,YJL026W,0,0.80433196,0.13088156282901764,0.7333333492279053,0.4869697093963623
YCR031C,YMR225C,0,0.8041456,0.13085795938968658,0.7333333492279053,0.4870707094669342
YPR003C,YER143W,0,0.80405366,0.13083438575267792,0.7333333492279053,0.4871717095375061
YNL263C,YBL051C,0,0.80381536,0.13081081211566925,0.7333333492279053,0.4872727394104004
YOL069W,YIL005W,0,0.80359656,0.13078723847866058,0.7333333492279053,0.4873737394809723
YMR234W,YDR471W,0,0.80342877,0.1307636946439743,0.7333333492279053,0.4874747395515442
YHR204W,YFL005W,0,0.8032459,0.13074013590812683,0.7333333492279053,0.4875757694244385
YOR363C,YHR157W,0,0.80306184,0.13071660697460175,0.7333333492279053,0.4876767694950104
YGL070C,YOR129C,0,0.80289894,0.13069306313991547,0.7333333492279053,0.4877777695655823
YOR357C,YJR096W,0,0.8028609,0.13066954910755157,0.7333333492279053,0.48787879943847656
YLR234W,YER060W-A,0,0.8027128,0.13064603507518768,0.7333333492279053,0.48797979950904846
YER072W,YMR220W,0,0.80238086,0.1306225210428238,0.7333333492279053,0.48808079957962036
YJL054W,YDR150W,1,0.80226463,0.13077892363071442,0.734343409538269,0.48808079957962036
YOR193W,YJR054W,0,0.80206597,0.13075539469718933,0.734343409538269,0.48818182945251465
YML061C,YMR035W,1,0.8018871,0.1309117078781128,0.7353535294532776,0.48818182945251465
YML021C,YIL011W,0,0.80166703,0.1308881640434265,0.7353535294532776,0.48828282952308655
YGR082W,YJR118C,1,0.8016215,0.131044402718544,0.7363636493682861,0.48828282952308655
YDR213W,YOR320C,0,0.8016153,0.13102084398269653,0.7363636493682861,0.48838382959365845
YCL005W-A,YLR315W,0,0.80110145,0.13099730014801025,0.7363636493682861,0.48848485946655273
YPR199C,YER060W,0,0.80094767,0.13097377121448517,0.7363636493682861,0.48858585953712463
YDR468C,YLR432W,0,0.80086344,0.13095024228096008,0.7363636493682861,0.48868685960769653
YCL051W,YGR060W,0,0.80082685,0.1309267282485962,0.7363636493682861,0.4887878894805908
YMR059W,YIL087C,0,0.8008117,0.1309032142162323,0.7363636493682861,0.4888888895511627
YIL036W,YML127W,0,0.800721,0.1308797150850296,0.7363636493682861,0.4889898896217346
YLR367W,YLR435W,0,0.7993226,0.1308562159538269,0.7363636493682861,0.4890909194946289
YGL073W,YOR011W,0,0.79910225,0.1308327317237854,0.7363636493682861,0.4891919195652008
YBR168W,YMR074C,0,0.79885966,0.1308092623949051,0.7363636493682861,0.4892929196357727
YER159C,YHR114W,0,0.79875714,0.13078579306602478,0.7363636493682861,0.489393949508667
YFL025C,YIR031C,0,0.79798025,0.13076233863830566,0.7363636493682861,0.4894949495792389
YCR105W,YHL050C,0,0.79792434,0.13073888421058655,0.7363636493682861,0.4895959496498108
YOR068C,YFL049W,0,0.7974611,0.13071544468402863,0.7363636493682861,0.4896969795227051
YHR103W,YLR315W,0,0.7972975,0.1306920051574707,0.7363636493682861,0.489797979593277
YER109C,YDR234W,0,0.79722804,0.13066858053207397,0.7363636493682861,0.4898989796638489
YHR142W,YKL196C,0,0.7969332,0.13064515590667725,0.7363636493682861,0.49000000953674316
YBR211C,YLR093C,0,0.79682064,0.1306217461824417,0.7363636493682861,0.49010100960731506
YJR118C,YML061C,1,0.7968114,0.1307774931192398,0.7373737096786499,0.49010100960731506
YKR096W,YBR078W,0,0.7967976,0.13075406849384308,0.7373737096786499,0.49020200967788696
YAL011W,YFR053C,0,0.79676676,0.13073065876960754,0.7373737096786499,0.49030303955078125
YOR191W,YPL221W,0,0.79625165,0.130707249045372,0.7373737096786499,0.49040403962135315
YDR111C,YIL030C,0,0.7960955,0.13068385422229767,0.7373737096786499,0.49050503969192505
YPR175W,YFL026W,0,0.795881,0.13066045939922333,0.7373737096786499,0.49060606956481934
YHR154W,YBR181C,0,0.7958198,0.13063707947731018,0.7373737096786499,0.49070706963539124
YJR027W,YBR089C-A,0,0.7957757,0.13061369955539703,0.7373737096786499,0.49080806970596313
YJR131W,YDR292C,0,0.7956987,0.13059033453464508,0.7373737096786499,0.4909090995788574
YML107C,YDR301W,0,0.79559916,0.13056698441505432,0.7373737096786499,0.4910100996494293
YJL094C,YGR283C,0,0.7954399,0.13054363429546356,0.7373737096786499,0.4911110997200012
YPL001W,YGR224W,0,0.79521334,0.130520299077034,0.7373737096786499,0.4912121295928955
YLR023C,YEL032W,0,0.795026,0.13049696385860443,0.7373737096786499,0.4913131296634674
YIL068C,YGR244C,0,0.79487157,0.13047364354133606,0.7373737096786499,0.4914141297340393
YER072W,YNL176C,0,0.7947765,0.1304503232240677,0.7373737096786499,0.4915151596069336
YPR037C,YCR105W,0,0.7946818,0.1304270178079605,0.7373737096786499,0.4916161596775055
YIL018W,YMR133W,0,0.7940616,0.13040371239185333,0.7373737096786499,0.4917171597480774
YNR032C-A,YPL006W,0,0.7940535,0.13038042187690735,0.7373737096786499,0.4918181896209717
YEL019C,YJR048W,0,0.79403055,0.13035714626312256,0.7373737096786499,0.4919191896915436
YGR296W,YNR052C,0,0.79376453,0.13033387064933777,0.7373737096786499,0.4920201897621155
YEL006W,YNL068C,0,0.7936891,0.13031060993671417,0.7373737096786499,0.49212121963500977
YCR018C,YHL006C,0,0.7936772,0.13028734922409058,0.7373737096786499,0.49222221970558167
YOR227W,YDR317W,0,0.7936576,0.13026410341262817,0.7373737096786499,0.49232321977615356
YPR114W,YCL039W,0,0.79362684,0.13024085760116577,0.7373737096786499,0.49242424964904785
YER044C-A,YBR146W,0,0.79350084,0.13021762669086456,0.7373737096786499,0.49252524971961975
YOR266W,YNL066W,1,0.7932242,0.13037274777889252,0.7383838295936584,0.49252524971961975
YKL110C,YGR193C,0,0.7932119,0.13034950196743011,0.7383838295936584,0.49262624979019165
YIL007C,YDL018C,0,0.79308945,0.1303262561559677,0.7383838295936584,0.49272727966308594
YHR154W,YJL098W,0,0.7929945,0.1303030252456665,0.7383838295936584,0.49282827973365784
YDR471W,YGL144C,0,0.7929215,0.1302798092365265,0.7383838295936584,0.49292927980422974
YML107C,YMR230W,0,0.7929203,0.13025659322738647,0.7383838295936584,0.493030309677124
YLR167W,YGL027C,0,0.7929062,0.13023339211940765,0.7383838295936584,0.4931313097476959
YGL025C,YOR260W,0,0.79278356,0.13021019101142883,0.7383838295936584,0.4932323098182678
YHR006W,YJL003W,0,0.7927565,0.1301870048046112,0.7383838295936584,0.4933333396911621
YNL031C,YOR078W,0,0.7920964,0.13016381859779358,0.7383838295936584,0.493434339761734
YPL183C,YIL005W,0,0.79171056,0.13014064729213715,0.7383838295936584,0.4935353398323059
YKR093W,YMR040W,0,0.7914764,0.1301174759864807,0.7383838295936584,0.4936363697052002
YDR397C,YNL176C,0,0.7910338,0.13009431958198547,0.7383838295936584,0.4937373697757721
YGR024C,YDR078C,0,0.79089946,0.13007117807865143,0.7383838295936584,0.493838369846344
YKL045W,YER179W,0,0.7906823,0.13004803657531738,0.7383838295936584,0.4939393997192383
YDR235W,YLR323C,0,0.79064304,0.13002489507198334,0.7383838295936584,0.4940403997898102
YBR029C,YNL194C,0,0.7903333,0.13000178337097168,0.7383838295936584,0.4941413998603821
YHR201C,YBR295W,0,0.7900627,0.12997865676879883,0.7383838295936584,0.49424242973327637
YNR032C-A,YOR078W,0,0.7899304,0.12995555996894836,0.7383838295936584,0.49434342980384827
YOL135C,YDL139C,0,0.7897926,0.1299324631690979,0.7383838295936584,0.49444442987442017
YNL056W,YHR165C,0,0.78961444,0.12990936636924744,0.7383838295936584,0.49454545974731445
YKR007W,YNL062C,0,0.789531,0.12988628447055817,0.7383838295936584,0.49464645981788635
YJL012C,YPL225W,0,0.7895221,0.1298632025718689,0.7383838295936584,0.49474745988845825
YGR082W,YPL063W,1,0.7890829,0.13001775741577148,0.739393949508667,0.49474745988845825
YMR081C,YCR018C,0,0.7888946,0.12999467551708221,0.739393949508667,0.49484848976135254
YDR025W,YFR030W,0,0.7884633,0.12997159361839294,0.739393949508667,0.49494948983192444
YDL105W,YAL026C,0,0.7883033,0.12994851171970367,0.739393949508667,0.4950505197048187
YIL038C,YMR133W,0,0.788281,0.1299254596233368,0.739393949508667,0.4951515197753906
YDR399W,YOR195W,0,0.7877134,0.12990239262580872,0.739393949508667,0.4952525198459625
YER109C,YKL138C,0,0.7876279,0.12987934052944183,0.739393949508667,0.4953535497188568
YNL020C,YOR081C,0,0.78741276,0.12985630333423615,0.739393949508667,0.4954545497894287
YDR189W,YNL199C,0,0.7874018,0.12983328104019165,0.739393949508667,0.4955555498600006
YLL048C,YDR009W,0,0.78702074,0.12981024384498596,0.739393949508667,0.4956565797328949
YPL043W,YPL018W,0,0.7869741,0.12978723645210266,0.739393949508667,0.4957575798034668
YJL162C,YDR399W,0,0.7864871,0.12976422905921936,0.739393949508667,0.4958585798740387
YIL037C,YER038C,0,0.7862019,0.12974122166633606,0.739393949508667,0.495959609746933
YPL209C,YCL035C,0,0.7859977,0.12971822917461395,0.739393949508667,0.4960606098175049
YLR360W,YIL096C,0,0.78590745,0.12969525158405304,0.739393949508667,0.4961616098880768
YBR069C,YIL087C,0,0.78581935,0.12967227399349213,0.739393949508667,0.49626263976097107
YIL038C,YGR142W,0,0.7854838,0.1296493113040924,0.739393949508667,0.49636363983154297
YPR134W,YER005W,0,0.7854399,0.1296263486146927,0.739393949508667,0.49646463990211487
YAL048C,YML061C,1,0.7852303,0.12978045642375946,0.7404040694236755,0.49646463990211487
YOR103C,YML055W,0,0.78506416,0.12975747883319855,0.7404040694236755,0.49656566977500916
YOR079C,YDL031W,0,0.7847433,0.12973451614379883,0.7404040694236755,0.49666666984558105
YJR109C,YNL176C,0,0.78461194,0.1297115534543991,0.7404040694236755,0.49676766991615295
YPL176C,YGR161C,0,0.7844997,0.12968860566616058,0.7404040694236755,0.49686869978904724
YFR047C,YOL052C-A,0,0.78426296,0.12966565787792206,0.7404040694236755,0.49696969985961914
YGR046W,YLL018C-A,1,0.78360504,0.1298196017742157,0.7414141297340393,0.49696969985961914
YFR016C,YDR243C,0,0.78338,0.12979663908481598,0.7414141297340393,0.49707069993019104
YNL048W,YMR242C,0,0.78289783,0.12977369129657745,0.7414141297340393,0.4971717298030853
YDR375C,YJR120W,1,0.7828566,0.12992751598358154,0.7424242496490479,0.4971717298030853
YMR002W,YDR395W,0,0.7826683,0.12990455329418182,0.7424242496490479,0.4972727298736572
YEL020W-A,YMR275C,1,0.7826002,0.13005831837654114,0.7434343695640564,0.4972727298736572
YJL003W,YHR020W,0,0.7824941,0.13003534078598022,0.7434343695640564,0.4973737299442291
YDR412W,YGL194C,0,0.78225833,0.1300123631954193,0.7434343695640564,0.4974747598171234
YDR175C,YIR031C,0,0.78188926,0.1299894005060196,0.7434343695640564,0.4975757598876953
YMR275C,YPR131C,1,0.781852,0.13014303147792816,0.7444444298744202,0.4975757598876953
YGL025C,YNR033W,0,0.7818218,0.13012005388736725,0.7444444298744202,0.4976767599582672
YBR233W-A,YGL139W,0,0.78177917,0.13009709119796753,0.7444444298744202,0.4977777898311615
YIR004W,YCR038C,0,0.78149027,0.1300741285085678,0.7444444298744202,0.4978787899017334
YIL087C,YIL018W,0,0.78083277,0.13005118072032928,0.7444444298744202,0.4979797899723053
YDR309C,YOR258W,0,0.78064466,0.13002823293209076,0.7444444298744202,0.4980808198451996
YNL094W,YBR028C,0,0.7792719,0.13000528514385223,0.7444444298744202,0.4981818199157715
YER063W,YLR215C,0,0.7788966,0.1299823671579361,0.7444444298744202,0.4982828199863434
YPL171C,YLR413W,0,0.77879906,0.12995944917201996,0.7444444298744202,0.49838384985923767
YKL129C,YAL026C,0,0.77874845,0.12993653118610382,0.7444444298744202,0.49848484992980957
YGL104C,YEL024W,0,0.7783923,0.12991362810134888,0.7444444298744202,0.49858585000038147
YKR007W,YOR335C,0,0.77795774,0.12989072501659393,0.7444444298744202,0.49868687987327576
YKL062W,YMR040W,0,0.7777795,0.12986783683300018,0.7444444298744202,0.49878787994384766
YGR235C,YPL105C,0,0.77755386,0.12984496355056763,0.7444444298744202,0.49888888001441956
YOL032W,YLL067C,0,0.7765383,0.12982209026813507,0.7444444298744202,0.49898990988731384
YGL116W,YPL021W,0,0.7760785,0.1297992318868637,0.7444444298744202,0.49909090995788574
YLR223C,YJL078C,0,0.7760333,0.12977637350559235,0.7444444298744202,0.49919191002845764
YMR286W,YNL045W,0,0.7757971,0.12975351512432098,0.7444444298744202,0.49929293990135193
YOR192C,YGR044C,0,0.77547807,0.129730686545372,0.7444444298744202,0.49939393997192383
YNL103W,YMR101C,0,0.7753586,0.12970784306526184,0.7444444298744202,0.4994949400424957
YLR360W,YPL061W,0,0.77530795,0.12968502938747406,0.7444444298744202,0.49959596991539
YML076C,YDR317W,0,0.7751772,0.12966221570968628,0.7444444298744202,0.4996969699859619
YBR091C,YPR131C,1,0.77508086,0.12981531023979187,0.7454545497894287,0.4996969699859619
YMR232W,YFL026W,0,0.77495617,0.1297924667596817,0.7454545497894287,0.4997979700565338
YMR105C,YGR120C,0,0.774866,0.12976965308189392,0.7454545497894287,0.4998989999294281
YER062C,YLR451W,0,0.77475303,0.12974683940410614,0.7454545497894287,0.5
YER081W,YML047C,0,0.7743822,0.12972402572631836,0.7454545497894287,0.5001010298728943
YHR090C,YPL076W,0,0.7741114,0.12970122694969177,0.7454545497894287,0.5002020001411438
YOL042W,YHL006C,0,0.77384484,0.12967844307422638,0.7454545497894287,0.5003030300140381
YHL038C,YJR123W,0,0.77375215,0.129655659198761,0.7454545497894287,0.5004040598869324
YLR075W,YIR026C,0,0.7735485,0.1296328753232956,0.7454545497894287,0.5005050301551819
YLR075W,YKL006W,0,0.773339,0.1296101212501526,0.7454545497894287,0.5006060600280762
YDR235W,YLR382C,0,0.7728588,0.1295873522758484,0.7454545497894287,0.5007070899009705
YJL089W,YGL192W,0,0.7728006,0.12956461310386658,0.7454545497894287,0.50080806016922
YER177W,YKR075C,0,0.77253354,0.12954185903072357,0.7454545497894287,0.5009090900421143
YBR091C,YPL063W,1,0.7722941,0.1296946257352829,0.7464646697044373,0.5009090900421143
YDL106C,YLL057C,0,0.7720223,0.1296718716621399,0.7464646697044373,0.5010101199150085
YBR029C,YOL051W,0,0.7719552,0.1296491175889969,0.7464646697044373,0.5011110901832581
YJL098W,YGR208W,0,0.77175105,0.12962637841701508,0.7464646697044373,0.5012121200561523
YCL029C,YGR122W,0,0.77139753,0.12960365414619446,0.7464646697044373,0.5013131499290466
YPL010W,YMR177W,0,0.77120835,0.12958091497421265,0.7464646697044373,0.5014141201972961
YCL048W,YLR466W,0,0.771145,0.12955820560455322,0.7464646697044373,0.5015151500701904
YPR173C,YDR516C,0,0.77102405,0.1295354962348938,0.7464646697044373,0.5016161799430847
YNR033W,YPR086W,0,0.7708723,0.12951278686523438,0.7464646697044373,0.5017171502113342
YNL167C,YCR058C,0,0.7702126,0.12949010729789734,0.7464646697044373,0.5018181800842285
YGR178C,YER032W,0,0.77018356,0.1294674128293991,0.7464646697044373,0.5019192099571228
YJR084W,YHR020W,0,0.7698091,0.12944473326206207,0.7464646697044373,0.5020201802253723
YDR025W,YPL040C,0,0.7694345,0.12942206859588623,0.7464646697044373,0.5021212100982666
YPL013C,YCL044C,0,0.7690156,0.1293994039297104,0.7464646697044373,0.5022222399711609
YGL246C,YLR337C,0,0.7689649,0.12937675416469574,0.7464646697044373,0.5023232102394104
YMR175W,YIL056W,0,0.76887035,0.1293541043996811,0.7464646697044373,0.5024242401123047
YIR004W,YBR208C,0,0.76872736,0.12933146953582764,0.7464646697044373,0.502525269985199
YDR007W,YKL006W,0,0.7684085,0.12930883467197418,0.7464646697044373,0.5026262402534485
YDR375C,YMR275C,1,0.7683749,0.1294611543416977,0.747474730014801,0.5026262402534485
YMR242C,YPR141C,0,0.76828754,0.12943851947784424,0.747474730014801,0.5027272701263428
YOR026W,YOL059W,0,0.7681543,0.12941588461399078,0.747474730014801,0.5028282999992371
YGR193C,YLL014W,0,0.76778275,0.12939324975013733,0.747474730014801,0.5029292702674866
YPL105C,YHR202W,0,0.76763624,0.12937062978744507,0.747474730014801,0.5030303001403809
YDR280W,YNL094W,0,0.7670798,0.1293480098247528,0.747474730014801,0.5031313300132751
YPL215W,YOL095C,1,0.7670085,0.12950018048286438,0.7484848499298096,0.5031313300132751
YER041W,YAL051W,0,0.76655966,0.12947754561901093,0.7484848499298096,0.5032323002815247
YPR148C,YIL087C,0,0.765706,0.12945492565631866,0.7484848499298096,0.503333330154419
YJL162C,YDR244W,0,0.76550305,0.1294323205947876,0.7484848499298096,0.5034343600273132
YDR345C,YLR258W,0,0.765487,0.12940971553325653,0.7484848499298096,0.5035353302955627
YOR090C,YER123W,0,0.76539654,0.12938711047172546,0.7484848499298096,0.503636360168457
YDR009W,YNL063W,0,0.7653781,0.1293645203113556,0.7484848499298096,0.5037373900413513
YPR057W,YKL196C,0,0.76516527,0.1293419450521469,0.7484848499298096,0.5038383603096008
YER038C,YKL032C,0,0.764896,0.12931936979293823,0.7484848499298096,0.5039393901824951
YHL028W,YOL059W,0,0.7646863,0.12929680943489075,0.7484848499298096,0.5040404200553894
YDL106C,YJL208C,0,0.7645033,0.12927424907684326,0.7484848499298096,0.5041413903236389
YKL138C-A,YIL008W,0,0.76443493,0.12925170361995697,0.7484848499298096,0.5042424201965332
YOR383C,YNR038W,0,0.76431197,0.12922915816307068,0.7484848499298096,0.5043434500694275
YNL328C,YBR091C,1,0.76416653,0.129381000995636,0.7494949698448181,0.5043434500694275
YLR215C,YGL129C,0,0.76411754,0.1293584406375885,0.7494949698448181,0.504444420337677
YIL098C,YNL066W,1,0.7640655,0.12951019406318665,0.7505050301551819,0.504444420337677
YIL056W,YMR195W,0,0.76347613,0.12948763370513916,0.7505050301551819,0.5045454502105713
YOR195W,YGL240W,0,0.76345295,0.12946505844593048,0.7505050301551819,0.5046464800834656
YFL061W,YER007C-A,0,0.7634418,0.1294425129890442,0.7505050301551819,0.5047474503517151
YBR130C,YOR193W,0,0.7633887,0.1294199675321579,0.7505050301551819,0.5048484802246094
YDL105W,YBL007C,0,0.76286554,0.1293974220752716,0.7505050301551819,0.5049495100975037
YOR172W,YNR052C,0,0.76274216,0.1293748915195465,0.7505050301551819,0.5050504803657532
YHR185C,YGL116W,0,0.76271164,0.1293523609638214,0.7505050301551819,0.5051515102386475
YGR254W,YFR038W,0,0.76266474,0.1293298453092575,0.7505050301551819,0.5052525401115417
YDR127W,YBR146W,0,0.76263577,0.1293073445558548,0.7505050301551819,0.5053535103797913
YDL105W,YLR361C,0,0.76253647,0.1292848438024521,0.7505050301551819,0.5054545402526855
YDL100C,YDR350C,0,0.76245695,0.12926235795021057,0.7505050301551819,0.5055555701255798
YEL020W-A,YLL018C-A,1,0.76160854,0.12941381335258484,0.7515151500701904,0.5055555701255798
YPL203W,YGR266W,0,0.76054657,0.12939129769802094,0.7515151500701904,0.5056565403938293
YLR426W,YBR049C,0,0.76042193,0.12936881184577942,0.7515151500701904,0.5057575702667236
YBR189W,YPR068C,0,0.76032716,0.1293463110923767,0.7515151500701904,0.5058586001396179
YER123W,YPR086W,0,0.76021683,0.1293238252401352,0.7515151500701904,0.5059595704078674
YER102W,YER159C,0,0.75997347,0.12930135428905487,0.7515151500701904,0.5060606002807617
YER060W-A,YCR044C,0,0.75991327,0.12927888333797455,0.7515151500701904,0.506161630153656
YKR100C,YCR063W,0,0.759126,0.12925642728805542,0.7515151500701904,0.5062626004219055
YFR016C,YIL144W,0,0.7587665,0.1292339712381363,0.7515151500701904,0.5063636302947998
YIL013C,YLR115W,0,0.7583692,0.12921153008937836,0.7515151500701904,0.5064646601676941
YML092C,YIL120W,0,0.75829315,0.12918908894062042,0.7515151500701904,0.5065656304359436
YGL196W,YPR114W,0,0.7581792,0.12916666269302368,0.7515151500701904,0.5066666603088379
YFL061W,YJR117W,0,0.7577612,0.12914425134658813,0.7515151500701904,0.5067676901817322
YOR090C,YKL087C,0,0.75770193,0.1291218400001526,0.7515151500701904,0.5068686604499817
YGR224W,YPL221W,0,0.75769657,0.12909942865371704,0.7515151500701904,0.506969690322876
YGL070C,YOL051W,0,0.75733,0.1290770322084427,0.7515151500701904,0.5070707201957703
YGR212W,YDR427W,0,0.7572815,0.12905463576316833,0.7515151500701904,0.5071716904640198
YLR277C,YLR260W,0,0.75685436,0.12903225421905518,0.7515151500701904,0.5072727203369141
YMR274C,YIL069C,0,0.7566077,0.1290098875761032,0.7515151500701904,0.5073737502098083
YFR027W,YLR363C,0,0.75652605,0.12898752093315125,0.7515151500701904,0.5074747204780579
YPR037C,YDR057W,0,0.756219,0.12896515429019928,0.7515151500701904,0.5075757503509521
YDR427W,YHR088W,0,0.7561894,0.1289428025484085,0.7515151500701904,0.5076767802238464
YJL021C,YLR060W,0,0.75569934,0.12892046570777893,0.7515151500701904,0.507777750492096
YDR469W,YKL058W,0,0.7556964,0.12889812886714935,0.7515151500701904,0.5078787803649902
YOR045W,YJR120W,1,0.7554569,0.12904901802539825,0.752525269985199,0.5078787803649902
YDR002W,YHR157W,0,0.7554146,0.12902666628360748,0.752525269985199,0.5079798102378845
YNL221C,YAL028W,0,0.7549265,0.1290043294429779,0.752525269985199,0.508080780506134
YOR193W,YJR042W,0,0.75482875,0.12898199260234833,0.752525269985199,0.5081818103790283
YIL106W,YGL238W,0,0.7539025,0.12895967066287994,0.752525269985199,0.5082828402519226
YBL056W,YDL091C,0,0.7537948,0.12893734872341156,0.752525269985199,0.5083838105201721
YIL030C,YGL139W,0,0.7536399,0.12891504168510437,0.752525269985199,0.5084848403930664
YLR426W,YOR110W,0,0.7534664,0.12889273464679718,0.752525269985199,0.5085858702659607
YOR016C,YHR138C,0,0.75338376,0.12887044250965118,0.752525269985199,0.5086868405342102
YHR139C,YOR249C,0,0.7530832,0.1288481503725052,0.752525269985199,0.5087878704071045
YER028C,YNR037C,0,0.7529253,0.12882587313652039,0.752525269985199,0.5088889002799988
YML092C,YNL194C,0,0.7523944,0.12880359590053558,0.752525269985199,0.5089898705482483
YER040W,YOR358W,0,0.7521562,0.12878133356571198,0.752525269985199,0.5090909004211426
YKL048C,YBL025W,0,0.7520524,0.12875907123088837,0.752525269985199,0.5091919302940369
YGL243W,YNR055C,0,0.75161195,0.12873682379722595,0.752525269985199,0.5092929005622864
YDR464W,YKR083C,0,0.7515715,0.12871457636356354,0.752525269985199,0.5093939304351807
YOL076W,YJL180C,1,0.7515626,0.1288650929927826,0.7535353302955627,0.5093939304351807
YPL120W,YPR188C,0,0.7514729,0.12884283065795898,0.7535353302955627,0.509494960308075
YHR009C,YOR078W,0,0.75137776,0.12882058322429657,0.7535353302955627,0.5095959305763245
YCR024C,YHR110W,0,0.751283,0.12879833579063416,0.7535353302955627,0.5096969604492188
YOR249C,YCL048W,0,0.7512567,0.12877610325813293,0.7535353302955627,0.509797990322113
YOL055C,YIL096C,0,0.7510488,0.1287538856267929,0.7535353302955627,0.5098989605903625
YIL053W,YJL058C,0,0.7506537,0.12873166799545288,0.7535353302955627,0.5099999904632568
YPL176C,YCL039W,0,0.7505346,0.12870945036411285,0.7535353302955627,0.5101010203361511
YGL025C,YOL023W,0,0.7504223,0.12868724763393402,0.7535353302955627,0.5102019906044006
YDR367W,YPR174C,0,0.75023896,0.12866505980491638,0.7535353302955627,0.5103030204772949
YCL029C,YER044C-A,0,0.7493904,0.12864287197589874,0.7535353302955627,0.5104040503501892
YDR244W,YCR005C,0,0.74912447,0.1286206841468811,0.7535353302955627,0.5105050802230835
YGL139W,YNL048W,0,0.7487869,0.12859851121902466,0.7535353302955627,0.510606050491333
YHR024C,YML061C,1,0.7482311,0.12874870002269745,0.7545454502105713,0.510606050491333
YCL048W,YDR365C,0,0.74792033,0.128726527094841,0.7545454502105713,0.5107070803642273
YOL078W,YOR103C,0,0.74788684,0.12870433926582336,0.7545454502105713,0.5108081102371216
YDR019C,YMR118C,0,0.7471948,0.12868216633796692,0.7545454502105713,0.5109090805053711
YOR192C,YGL226W,0,0.7466994,0.12866000831127167,0.7545454502105713,0.5110101103782654
YDL098C,YGR211W,0,0.74665624,0.12863785028457642,0.7545454502105713,0.5111111402511597
YDL175C,YIL030C,0,0.7466443,0.12861570715904236,0.7545454502105713,0.5112121105194092
YEL044W,YER071C,0,0.7464849,0.1285935640335083,0.7545454502105713,0.5113131403923035
YNL328C,YOR330C,1,0.746306,0.12874354422092438,0.7555555701255798,0.5113131403923035
YDL003W,YLR292C,0,0.7462176,0.12872138619422913,0.7555555701255798,0.5114141702651978
YPL130W,YOR086C,0,0.7457342,0.12869924306869507,0.7555555701255798,0.5115151405334473
YLR288C,YGL240W,0,0.7456257,0.128677099943161,0.7555555701255798,0.5116161704063416
YJL181W,YDR469W,0,0.7454687,0.12865497171878815,0.7555555701255798,0.5117172002792358
YNL038W,YLR060W,0,0.7449841,0.12863284349441528,0.7555555701255798,0.5118181705474854
YHR009C,YLR118C,0,0.7449012,0.1286107301712036,0.7555555701255798,0.5119192004203796
YDR150W,YLL018C-A,1,0.74481034,0.12876053154468536,0.7565656304359436,0.5119192004203796
YHR120W,YOL095C,1,0.74477327,0.12891027331352234,0.7575757503509521,0.5119192004203796
YPR003C,YCR091W,0,0.74468917,0.12888813018798828,0.7575757503509521,0.5120202302932739
YBR038W,YJR109C,0,0.744546,0.12886597216129303,0.7575757503509521,0.5121212005615234
YOR207C,YBR049C,0,0.74399894,0.12884384393692017,0.7575757503509521,0.5122222304344177
YER149C,YNL180C,0,0.743331,0.1288217157125473,0.7575757503509521,0.512323260307312
YBR029C,YMR215W,0,0.74328345,0.12879958748817444,0.7575757503509521,0.5124242305755615
YJR084W,YOR129C,0,0.742865,0.12877747416496277,0.7575757503509521,0.5125252604484558
YHR150W,YNL246W,0,0.7426138,0.1287553608417511,0.7575757503509521,0.5126262903213501
YMR072W,YNL066W,1,0.7425483,0.12890490889549255,0.7585858702659607,0.5126262903213501
YKL110C,YDL223C,0,0.74253803,0.1288827806711197,0.7585858702659607,0.5127272605895996
YKR075C,YIL154C,0,0.7423524,0.12886066734790802,0.7585858702659607,0.5128282904624939
YKL060C,YBR162C,0,0.7423448,0.12883856892585754,0.7585858702659607,0.5129293203353882
YNL137C,YFL025C,0,0.7422985,0.12881647050380707,0.7585858702659607,0.5130302906036377
YBL080C,YIL030C,0,0.7420819,0.1287943720817566,0.7585858702659607,0.513131320476532
YGL073W,YPL254W,0,0.7420266,0.1287722885608673,0.7585858702659607,0.5132323503494263
YDR325W,YLR075W,0,0.7416859,0.12875021994113922,0.7585858702659607,0.5133333206176758
YOR177C,YDL102W,0,0.74157625,0.12872815132141113,0.7585858702659607,0.5134343504905701
YMR322C,YPL049C,0,0.7414376,0.12870608270168304,0.7585858702659607,0.5135353803634644
YJL212C,YNL076W,0,0.74121517,0.12868402898311615,0.7585858702659607,0.5136363506317139
YOL084W,YBR181C,0,0.7411821,0.12866199016571045,0.7585858702659607,0.5137373805046082
YOL029C,YML055W,0,0.7407891,0.12863995134830475,0.7585858702659607,0.5138384103775024
YOR363C,YLR037C,0,0.7406799,0.12861791253089905,0.7585858702659607,0.513939380645752
YKR078W,YER072W,0,0.74066406,0.12859588861465454,0.7585858702659607,0.5140404105186462
YDL175C,YOL084W,0,0.7403526,0.12857387959957123,0.7585858702659607,0.5141414403915405
YOR090C,YJR046W,0,0.7402114,0.12855187058448792,0.7585858702659607,0.51424241065979
YAL011W,YDL076C,0,0.7401884,0.1285298615694046,0.7585858702659607,0.5143434405326843
YOR090C,YMR002W,0,0.739725,0.12850786745548248,0.7585858702659607,0.5144444704055786
YPR133C,YPL097W,0,0.73888534,0.12848588824272156,0.7585858702659607,0.5145454406738281
YPL173W,YNL065W,0,0.73870665,0.12846390902996063,0.7585858702659607,0.5146464705467224
YNL176C,YLR466W,0,0.73826736,0.1284419298171997,0.7585858702659607,0.5147475004196167
YLR417W,YLR288C,0,0.7380957,0.12841996550559998,0.7585858702659607,0.5148484706878662
YJL059W,YGL078C,0,0.7380648,0.12839801609516144,0.7585858702659607,0.5149495005607605
YNL199C,YLR361C,0,0.73797935,0.1283760666847229,0.7585858702659607,0.5150505304336548
YML061C,YOR330C,1,0.7375181,0.1285250335931778,0.7595959305763245,0.5150505304336548
YER139C,YBR028C,0,0.7375019,0.12850306928157806,0.7595959305763245,0.5151515007019043
YKL063C,YOR132W,0,0.7374205,0.12848111987113953,0.7595959305763245,0.5152525305747986
YML092C,YOL061W,0,0.7370572,0.128459170460701,0.7595959305763245,0.5153535604476929
YPR007C,YJL168C,0,0.73693997,0.12843723595142365,0.7595959305763245,0.5154545307159424
YDR227W,YDR234W,0,0.7368152,0.1284153014421463,0.7595959305763245,0.5155555605888367
YLL016W,YBL005W,0,0.73608816,0.12839338183403015,0.7595959305763245,0.515656590461731
YDR028C,YNL176C,0,0.73592633,0.128371462225914,0.7595959305763245,0.5157575607299805
YLR426W,YPL036W,0,0.7358653,0.12834954261779785,0.7595959305763245,0.5158585906028748
YCR065W,YGL115W,0,0.73579174,0.1283276379108429,0.7595959305763245,0.515959620475769
YLL066C,YNL214W,0,0.73574394,0.12830574810504913,0.7595959305763245,0.5160605907440186
YDL098C,YKR072C,0,0.7356356,0.12828385829925537,0.7595959305763245,0.5161616206169128
YCL016C,YNL036W,0,0.73536533,0.1282619833946228,0.7595959305763245,0.5162626504898071
YOR247W,YDR317W,0,0.7353008,0.12824010848999023,0.7595959305763245,0.5163636207580566
YDR148C,YLR234W,0,0.73518234,0.12821824848651886,0.7595959305763245,0.5164646506309509
YEL020W-A,YOL076W,1,0.7351033,0.1283668577671051,0.760606050491333,0.5164646506309509
YDL105W,YEL027W,0,0.7346187,0.12834498286247253,0.760606050491333,0.5165656805038452
YGL058W,YDR217C,0,0.734544,0.12832310795783997,0.760606050491333,0.5166666507720947
YML023C,YMR225C,0,0.734539,0.1283012479543686,0.760606050491333,0.516767680644989
YAL059W,YPL018W,0,0.73449665,0.12827938795089722,0.760606050491333,0.5168687105178833
YHR205W,YEL044W,0,0.7344833,0.12825754284858704,0.760606050491333,0.5169696807861328
YOR363C,YOR236W,0,0.7343951,0.12823569774627686,0.760606050491333,0.5170707106590271
YDL072C,YHL006C,0,0.7338103,0.12821385264396667,0.760606050491333,0.5171717405319214
YDR235W,YJL021C,0,0.73374397,0.12819203734397888,0.760606050491333,0.5172727108001709
YKL048C,YLR333C,0,0.7336833,0.1281702071428299,0.760606050491333,0.5173737406730652
YOR372C,YLR409C,0,0.73336214,0.1281484067440033,0.760606050491333,0.5174747705459595
YHR113W,YOR113W,0,0.7328159,0.1281265914440155,0.760606050491333,0.517575740814209
YPR199C,YLR115W,0,0.7319789,0.1281047910451889,0.760606050491333,0.5176767706871033
YJL212C,YEL024W,0,0.7319787,0.1280830055475235,0.760606050491333,0.5177778005599976
YGR266W,YDL119C,0,0.7316812,0.1280612200498581,0.760606050491333,0.5178787708282471
YGR165W,YJL026W,0,0.73167235,0.12803944945335388,0.760606050491333,0.5179798007011414
YJL167W,YKL029C,0,0.7315443,0.12801767885684967,0.760606050491333,0.5180808305740356
YDR078C,YCR063W,0,0.73133445,0.12799592316150665,0.760606050491333,0.5181818008422852
YJR102C,YJL168C,0,0.7312328,0.12797416746616364,0.760606050491333,0.5182828307151794
YLR284C,YPL117C,0,0.7311941,0.1279524266719818,0.760606050491333,0.5183838605880737
YDR280W,YLR263W,0,0.7311705,0.1279306858778,0.760606050491333,0.5184848308563232
YOR068C,YBR107C,0,0.73071426,0.12790894508361816,0.760606050491333,0.5185858607292175
YDR434W,YIL123W,0,0.7306594,0.12788723409175873,0.760606050491333,0.5186868906021118
YDL081C,YEL019C,0,0.73063564,0.1278655081987381,0.760606050491333,0.5187878608703613
YPR106W,YPL161C,0,0.7303708,0.12784379720687866,0.760606050491333,0.5188888907432556
YKR089C,YJL168C,0,0.7302559,0.12782210111618042,0.760606050491333,0.5189899206161499
YNL025C,YML082W,0,0.7301201,0.12780040502548218,0.760606050491333,0.5190908908843994
YJR123W,YGL107C,0,0.7300331,0.12777872383594513,0.760606050491333,0.5191919207572937
YBR069C,YPL178W,0,0.72999316,0.12775704264640808,0.760606050491333,0.519292950630188
YFL011W,YNL287W,0,0.7299414,0.12773537635803223,0.760606050491333,0.5193939208984375
YGR057C,YNL068C,0,0.7284102,0.12771371006965637,0.760606050491333,0.5194949507713318
YDL093W,YBR112C,0,0.72802526,0.12769204378128052,0.760606050491333,0.5195959806442261
YKL145W,YGR017W,0,0.7274415,0.12767039239406586,0.760606050491333,0.5196969509124756
YBR091C,YMR072W,1,0.7274155,0.1278182715177536,0.7616161704063416,0.5196969509124756
YGR204W,YER044C-A,0,0.7271985,0.12779660522937775,0.7616161704063416,0.5197979807853699
YJL078C,YOR258W,0,0.7271134,0.12777495384216309,0.7616161704063416,0.5198990106582642
YOR117W,YER060W,0,0.72694576,0.12775330245494843,0.7616161704063416,0.5199999809265137
YLR039C,YOR241W,0,0.72660214,0.12773166596889496,0.7616161704063416,0.520101010799408
YHR165C,YLR277C,0,0.72659147,0.1277100294828415,0.7616161704063416,0.5202020406723022
YOL011W,YMR074C,0,0.7265884,0.12768839299678802,0.7616161704063416,0.5203030109405518
YKR100C,YOR132W,0,0.7265513,0.12766678631305695,0.7616161704063416,0.520404040813446
YOR026W,YJL035C,0,0.7265054,0.12764516472816467,0.7616161704063416,0.5205050706863403
YDL091C,YER177W,0,0.7263133,0.1276235580444336,0.7616161704063416,0.5206060409545898
YDL230W,YJR150C,0,0.72571915,0.1276019662618637,0.7616161704063416,0.5207070708274841
YLR382C,YDR412W,0,0.72556967,0.12758037447929382,0.7616161704063416,0.5208081007003784
YGR217W,YBR180W,0,0.72528,0.12755878269672394,0.7616161704063416,0.5209090709686279
YGL058W,YDL076C,0,0.72493815,0.12753720581531525,0.7616161704063416,0.5210101008415222
YNR048W,YNL094W,0,0.72473353,0.12751564383506775,0.7616161704063416,0.5211111307144165
YHR185C,YBR023C,0,0.7243078,0.12749408185482025,0.7616161704063416,0.521212100982666
YOL098C,YKL197C,0,0.7241504,0.12747253477573395,0.7616161704063416,0.5213131308555603
YHR009C,YLR435W,0,0.72400796,0.12745098769664764,0.7616161704063416,0.5214141607284546
YHR113W,YER109C,0,0.7239176,0.12742944061756134,0.7616161704063416,0.5215151309967041
YBR016W,YKR095W,0,0.7239054,0.12740790843963623,0.7616161704063416,0.5216161608695984
YNL059C,YNL111C,0,0.7233206,0.12738637626171112,0.7616161704063416,0.5217171907424927
YPL221W,YPR141C,0,0.72309476,0.1273648589849472,0.7616161704063416,0.5218181610107422
YLL026W,YHR033W,0,0.72304577,0.12734335660934448,0.7616161704063416,0.5219191908836365
YFL011W,YER093C,0,0.72301966,0.12732185423374176,0.7616161704063416,0.5220202207565308
YBR248C,YPR100W,0,0.72299606,0.12730035185813904,0.7616161704063416,0.5221211910247803
YHR120W,YKL134C,1,0.72262853,0.12744766473770142,0.7626262903213501,0.5221211910247803
YOR191W,YBR279W,0,0.72261655,0.1274261623620987,0.7626262903213501,0.5222222208976746
YOR081C,YJL208C,0,0.72225714,0.12740465998649597,0.7626262903213501,0.5223232507705688
YCL044C,YDL211C,0,0.72172207,0.12738315761089325,0.7626262903213501,0.5224242210388184
YOL135C,YGL151W,0,0.72171956,0.12736167013645172,0.7626262903213501,0.5225252509117126
YMR105C,YLR058C,0,0.72142583,0.1273401975631714,0.7626262903213501,0.5226262807846069
YFR050C,YGL058W,0,0.7213703,0.12731872498989105,0.7626262903213501,0.5227272510528564
YJL096W,YPL076W,0,0.7213543,0.12729725241661072,0.7626262903213501,0.5228282809257507
YJR120W,YJR118C,1,0.72118986,0.12744437158107758,0.7636363506317139,0.5228282809257507
YPL171C,YBR086C,0,0.7208813,0.12742288410663605,0.7636363506317139,0.522929310798645
YLR019W,YFR030W,0,0.72086865,0.1274014115333557,0.7636363506317139,0.5230302810668945
YIL156W,YJL012C,0,0.7208087,0.12737995386123657,0.7636363506317139,0.5231313109397888
YMR286W,YKL006W,0,0.720793,0.12735849618911743,0.7636363506317139,0.5232323408126831
YPR134W,YPL207W,0,0.72076386,0.1273370385169983,0.7636363506317139,0.5233333110809326
YDR150W,YNL066W,1,0.7206311,0.1274840086698532,0.7646464705467224,0.5233333110809326
YOL012C,YPL075W,0,0.72054964,0.12746253609657288,0.7646464705467224,0.5234343409538269
YLR131C,YOR258W,0,0.7204274,0.12744107842445374,0.7646464705467224,0.5235353708267212
YDR092W,YOR247W,0,0.7203203,0.1274196207523346,0.7646464705467224,0.5236363410949707
YER033C,YKL060C,0,0.71972096,0.12739817798137665,0.7646464705467224,0.523737370967865
YDR287W,YPL021W,0,0.7196925,0.1273767501115799,0.7646464705467224,0.5238384008407593
YDR213W,YER060W-A,0,0.7195657,0.12735532224178314,0.7646464705467224,0.5239393711090088
YBR069C,YGL093W,0,0.7195217,0.1273338943719864,0.7646464705467224,0.5240404009819031
YIL118W,YGR007W,0,0.71950674,0.12731248140335083,0.7646464705467224,0.5241414308547974
YDR323C,YGL240W,0,0.71926016,0.12729106843471527,0.7646464705467224,0.5242424011230469
YIL087C,YOR079C,0,0.719049,0.1272696703672409,0.7646464705467224,0.5243434309959412
YGR046W,YBR091C,1,0.71900576,0.12741637229919434,0.765656590461731,0.5243434309959412
YNL048W,YNL247W,0,0.71899825,0.12739495933055878,0.765656590461731,0.5244444608688354
YHR122W,YGL129C,0,0.71879536,0.12737354636192322,0.765656590461731,0.524545431137085
YLR382C,YKL132C,0,0.7179578,0.12735214829444885,0.765656590461731,0.5246464610099792
YDR039C,YOL116W,0,0.71754986,0.1273307502269745,0.765656590461731,0.5247474908828735
YDR273W,YIL018W,0,0.7174936,0.12730936706066132,0.765656590461731,0.524848461151123
YEL020W-A,YNL066W,1,0.71744424,0.1274559199810028,0.7666666507720947,0.524848461151123
YLR093C,YBR131W,0,0.7174191,0.12743452191352844,0.7666666507720947,0.5249494910240173
YIL107C,YLR328W,0,0.71715087,0.12741312384605408,0.7666666507720947,0.5250505208969116
YDR122W,YPL018W,0,0.71713114,0.1273917406797409,0.7666666507720947,0.5251514911651611
YNL103W,YFR053C,0,0.71705294,0.12737035751342773,0.7666666507720947,0.5252525210380554
YKL026C,YNL145W,0,0.7165975,0.12734898924827576,0.7666666507720947,0.5253535509109497
YIL147C,YGR040W,0,0.7164246,0.12732763588428497,0.7666666507720947,0.5254545211791992
YEL039C,YCR058C,0,0.71634525,0.127306267619133,0.7666666507720947,0.5255555510520935
YPL138C,YBL013W,0,0.7157955,0.1272849291563034,0.7666666507720947,0.5256565809249878
YGR174C,YLR059C,1,0.7157231,0.127431258559227,0.7676767706871033,0.5256565809249878
YOR273C,YOR086C,0,0.715582,0.127409890294075,0.7676767706871033,0.5257575511932373
YKL045W,YLL026W,0,0.71516365,0.12738853693008423,0.7676767706871033,0.5258585810661316
YDR108W,YIR004W,0,0.7148453,0.12736718356609344,0.7676767706871033,0.5259596109390259
YOR266W,YPR131C,1,0.71480024,0.12751340866088867,0.7686868906021118,0.5259596109390259
YCL051W,YDR300C,0,0.71426636,0.1274920403957367,0.7686868906021118,0.5260605812072754
YGL098W,YCR038C,0,0.7142525,0.1274706870317459,0.7686868906021118,0.5261616110801697
YOL098C,YLL031C,0,0.7142198,0.12744933366775513,0.7686868906021118,0.526262640953064
YMR207C,YIL167W,0,0.7138273,0.12742799520492554,0.7686868906021118,0.5263636112213135
YJR120W,YMR072W,1,0.7137592,0.12757408618927002,0.7696969509124756,0.5263636112213135
YDR482C,YHL028W,0,0.71362126,0.12755273282527924,0.7696969509124756,0.5264646410942078
YBR208C,YDL117W,0,0.7136205,0.12753137946128845,0.7696969509124756,0.526565670967102
YFR027W,YOR252W,0,0.7136159,0.12751004099845886,0.7696969509124756,0.5266666412353516
YJR153W,YLR052W,0,0.71359086,0.12748870253562927,0.7696969509124756,0.5267676711082458
YDR323C,YML047C,0,0.71335685,0.12746737897396088,0.7696969509124756,0.5268687009811401
YML023C,YDR057W,0,0.7132891,0.12744605541229248,0.7696969509124756,0.5269696712493896
YOL032W,YKR083C,0,0.7132719,0.12742474675178528,0.7696969509124756,0.5270707011222839
YLR426W,YOL126C,0,0.7130888,0.12740343809127808,0.7696969509124756,0.5271717309951782
YJL174W,YHL025W,0,0.7129236,0.12738214433193207,0.7696969509124756,0.5272727012634277
YLR083C,YNL041C,0,0.7128627,0.12736085057258606,0.7696969509124756,0.527373731136322
YCL017C,YPL193W,0,0.7127346,0.12733957171440125,0.7696969509124756,0.5274747610092163
YMR001C,YOR195W,0,0.71238595,0.12731829285621643,0.7696969509124756,0.5275757312774658
YNR038W,YOL059W,0,0.7120602,0.1272970288991928,0.7696969509124756,0.5276767611503601
YOR193W,YFL049W,0,0.7120157,0.1272757649421692,0.7696969509124756,0.5277777910232544
YPL141C,YGL116W,0,0.7119686,0.12725451588630676,0.7696969509124756,0.5278787612915039
YHR204W,YGR080W,0,0.7117356,0.12723326683044434,0.7696969509124756,0.5279797911643982
YML045W,YKL150W,0,0.7116836,0.1272120177745819,0.7696969509124756,0.5280808210372925
YIL018W,YBR045C,0,0.71155226,0.12719078361988068,0.7696969509124756,0.528181791305542
YOR258W,YPR120C,0,0.711387,0.12716956436634064,0.7696969509124756,0.5282828211784363
YDL175C,YIL018W,0,0.71136767,0.1271483451128006,0.7696969509124756,0.5283838510513306
YNL240C,YGL127C,0,0.71136504,0.12712712585926056,0.7696969509124756,0.5284848213195801
YDL209C,YDR301W,0,0.711361,0.1271059215068817,0.7696969509124756,0.5285858511924744
YPL010W,YPL254W,0,0.71132153,0.12708471715450287,0.7696969509124756,0.5286868810653687
YMR215W,YLR001C,0,0.71119183,0.12706352770328522,0.7696969509124756,0.5287878513336182
YPL105C,YCR036W,0,0.71103114,0.12704235315322876,0.7696969509124756,0.5288888812065125
YOR266W,YLL018C-A,1,0.7108938,0.12718786299228668,0.7707070708274841,0.5288888812065125
YAL048C,YOL009C,1,0.7108388,0.12733332812786102,0.7717171907424927,0.5288888812065125
YJL127C,YGR004W,0,0.71056813,0.12731210887432098,0.7717171907424927,0.5289899110794067
YLL018C,YPL137C,0,0.7102975,0.12729090452194214,0.7717171907424927,0.5290908813476562
YCL044C,YGL064C,0,0.7102948,0.1272697001695633,0.7717171907424927,0.5291919112205505
YCL029C,YLR260W,0,0.7100733,0.12724849581718445,0.7717171907424927,0.5292929410934448
YAL007C,YHR170W,0,0.70985216,0.1272273063659668,0.7717171907424927,0.5293939113616943
YLL018C-A,YHR194W,1,0.7096521,0.1273726224899292,0.7727272510528564,0.5293939113616943
YDR259C,YGL198W,0,0.7091258,0.12735141813755035,0.7727272510528564,0.5294949412345886
YLL018C,YMR059W,0,0.708686,0.1273302286863327,0.7727272510528564,0.5295959711074829
YGL063W,YMR118C,0,0.70857996,0.12730903923511505,0.7727272510528564,0.5296969413757324
YML076C,YNL278W,0,0.7083726,0.1272878497838974,0.7727272510528564,0.5297979712486267
YNL062C,YOL078W,0,0.7079327,0.12726667523384094,0.7727272510528564,0.529899001121521
YBR208C,YPR141C,0,0.7077239,0.12724551558494568,0.7727272510528564,0.5299999713897705
YHR185C,YEL027W,0,0.7074208,0.12722434103488922,0.7727272510528564,0.5301010012626648
YBR046C,YCL005W-A,0,0.70718414,0.12720319628715515,0.7727272510528564,0.5302020311355591
YKL048C,YBR208C,0,0.70704687,0.12718205153942108,0.7727272510528564,0.5303030014038086
YPL169C,YPR106W,0,0.7065148,0.127160906791687,0.7727272510528564,0.5304040312767029
YOR009W,YGL240W,0,0.70601827,0.12713977694511414,0.7727272510528564,0.5305050611495972
YDR189W,YLR247C,0,0.7057102,0.12711864709854126,0.7727272510528564,0.5306060314178467
YLR234W,YKL054C,0,0.70569724,0.12709751725196838,0.7727272510528564,0.530707061290741
YDR309C,YPR169W,0,0.70546,0.1270764172077179,0.7727272510528564,0.5308080911636353
YNL020C,YPL075W,0,0.7054077,0.1270553022623062,0.7727272510528564,0.5309090614318848
YHR205W,YCR018C,0,0.7051679,0.12703420221805573,0.7727272510528564,0.531010091304779
YOL023W,YOR109W,0,0.7049122,0.12701311707496643,0.7727272510528564,0.5311111211776733
YCL016C,YDR234W,0,0.7044771,0.12699203193187714,0.7727272510528564,0.5312120914459229
YLR058C,YCR021C,0,0.7042717,0.12697096168994904,0.7727272510528564,0.5313131213188171
YOR068C,YKR083C,0,0.7040433,0.12694987654685974,0.7727272510528564,0.5314141511917114
YEL020W-A,YML061C,1,0.7039209,0.12709474563598633,0.773737370967865,0.5314141511917114
YKL155C,YNL094W,0,0.7034581,0.12707366049289703,0.773737370967865,0.5315151810646057
YPL141C,YLR466W,0,0.70341516,0.12705257534980774,0.773737370967865,0.5316161513328552
YDR041W,YPL161C,0,0.70337576,0.12703150510787964,0.773737370967865,0.5317171812057495
YCR107W,YMR131C,0,0.70328236,0.12701044976711273,0.773737370967865,0.5318182110786438
YDR127W,YGL116W,0,0.70314854,0.12698939442634583,0.773737370967865,0.5319191813468933
YIL037C,YPL253C,0,0.7031337,0.12696833908557892,0.773737370967865,0.5320202112197876
YIL053W,YBR049C,0,0.7031186,0.1269472986459732,0.773737370967865,0.5321212410926819
YML133C,YDL124W,0,0.7029829,0.1269262582063675,0.773737370967865,0.5322222113609314
YNL199C,YBL038W,0,0.70282394,0.12690523266792297,0.773737370967865,0.5323232412338257
YNL167C,YDR227W,0,0.70275134,0.12688420712947845,0.773737370967865,0.53242427110672
YOR016C,YJL021C,0,0.70275,0.12686319649219513,0.773737370967865,0.5325252413749695
YCR021C,YMR177W,0,0.70267403,0.1268421858549118,0.773737370967865,0.5326262712478638
YDR515W,YCR091W,0,0.70254546,0.12682119011878967,0.773737370967865,0.5327273011207581
YOL020W,YAL015C,0,0.7023726,0.12680019438266754,0.773737370967865,0.5328282713890076
YGL073W,YNL132W,0,0.7020231,0.1267792135477066,0.773737370967865,0.5329293012619019
YPR106W,YJR096W,0,0.7017458,0.12675823271274567,0.773737370967865,0.5330303311347961
YKL155C,YPL117C,0,0.7017384,0.12673726677894592,0.773737370967865,0.5331313014030457
YNL076W,YBR023C,0,0.7017025,0.12671630084514618,0.773737370967865,0.5332323312759399
YIL119C,YFR014C,0,0.7016193,0.12669533491134644,0.773737370967865,0.5333333611488342
YJL059W,YOR363C,0,0.7015579,0.12667438387870789,0.773737370967865,0.5334343314170837
YIL098C,YBR091C,1,0.7014436,0.12681877613067627,0.7747474908828735,0.5334343314170837
YJR102C,YGR003W,0,0.70114416,0.12679782509803772,0.7747474908828735,0.533535361289978
YJL174W,YKL145W,0,0.7010554,0.12677685916423798,0.7747474908828735,0.5336363911628723
YPL100W,YOR250C,0,0.7010443,0.12675590813159943,0.7747474908828735,0.5337373614311218
YOR320C,YBR131W,0,0.7001794,0.12673495709896088,0.7747474908828735,0.5338383913040161
YLR417W,YBL038W,0,0.70014745,0.12671402096748352,0.7747474908828735,0.5339394211769104
YJL059W,YJL186W,0,0.7000105,0.12669309973716736,0.7747474908828735,0.5340403914451599
YPL225W,YPR169W,0,0.69997597,0.1266721785068512,0.7747474908828735,0.5341414213180542
YBR131W,YPL178W,0,0.69979435,0.12665125727653503,0.7747474908828735,0.5342424511909485
YOL122C,YMR226C,0,0.69973844,0.12663035094738007,0.7747474908828735,0.534343421459198
YNL054W,YLR055C,0,0.6995016,0.1266094446182251,0.7747474908828735,0.5344444513320923
YER014W,YDR439W,0,0.69926864,0.12658855319023132,0.7747474908828735,0.5345454812049866
YML102W,YLR337C,0,0.6990798,0.12656766176223755,0.7747474908828735,0.5346464514732361
YOR383C,YOR259C,0,0.69902194,0.12654677033424377,0.7747474908828735,0.5347474813461304
YIL022W,YOL076W,1,0.69889015,0.12669086456298828,0.7757575511932373,0.5347474813461304
YHR197W,YDL076C,0,0.69886523,0.1266699582338333,0.7757575511932373,0.5348485112190247
YLR248W,YBL047C,0,0.697973,0.12664908170700073,0.7757575511932373,0.5349494814872742
YAR033W,YNL240C,0,0.6976945,0.12662819027900696,0.7757575511932373,0.5350505113601685
YCR106W,YPL021W,0,0.6976444,0.12660731375217438,0.7757575511932373,0.5351515412330627
YGL092W,YDR430C,0,0.69741446,0.126586452126503,0.7757575511932373,0.5352525115013123
YCR107W,YLR299W,0,0.6973666,0.1265655905008316,0.7757575511932373,0.5353535413742065
YAR042W,YDR517W,0,0.69730645,0.12654472887516022,0.7757575511932373,0.5354545712471008
YAL048C,YHR194W,1,0.69709,0.1266886293888092,0.7767676711082458,0.5354545712471008
YBL051C,YGL107C,0,0.69707525,0.12666776776313782,0.7767676711082458,0.5355555415153503
YML059C,YBR248C,0,0.6969678,0.12664690613746643,0.7767676711082458,0.5356565713882446
YLR085C,YGL076C,0,0.6966292,0.12662604451179504,0.7767676711082458,0.5357576012611389
YKL069W,YJR054W,0,0.6964426,0.12660519778728485,0.7767676711082458,0.5358585715293884
YEL039C,YCR065W,0,0.69643843,0.12658436596393585,0.7767676711082458,0.5359596014022827
YLL067C,YGR044C,0,0.6963647,0.12656353414058685,0.7767676711082458,0.536060631275177
YNL318C,YNR030W,0,0.6962607,0.12654270231723785,0.7767676711082458,0.5361616015434265
YPL105C,YHL025W,0,0.69585824,0.12652188539505005,0.7767676711082458,0.5362626314163208
YDR176W,YLR352W,0,0.69581467,0.12650106847286224,0.7767676711082458,0.5363636612892151
YGR017W,YHR138C,0,0.6956315,0.12648026645183563,0.7767676711082458,0.5364646315574646
YOR081C,YIL087C,0,0.6955818,0.12645946443080902,0.7767676711082458,0.5365656614303589
YEL001C,YFL011W,0,0.69524795,0.1264386773109436,0.7767676711082458,0.5366666913032532
YML004C,YLR417W,0,0.6951097,0.12641789019107819,0.7767676711082458,0.5367676615715027
YMR275C,YHR194W,1,0.6950783,0.1265614777803421,0.7777777910232544,0.5367676615715027
YOR372C,YGL078C,0,0.69487685,0.1265406757593155,0.7777777910232544,0.536868691444397
YHR157W,YHL035C,0,0.69472754,0.12651988863945007,0.7777777910232544,0.5369697213172913
YBR233W-A,YKL026C,0,0.6947036,0.12649910151958466,0.7777777910232544,0.5370706915855408
YLR284C,YPL235W,0,0.6946315,0.12647831439971924,0.7777777910232544,0.5371717214584351
YHR122W,YIL123W,0,0.6936592,0.12645754218101501,0.7777777910232544,0.5372727513313293
YGL028C,YMR055C,0,0.6933874,0.12643678486347198,0.7777777910232544,0.5373737215995789
YJL054W,YLL006W,1,0.6933566,0.12658019363880157,0.7787878513336182,0.5373737215995789
YNR032C-A,YBR060C,0,0.6932337,0.12655942142009735,0.7787878513336182,0.5374747514724731
YML067C,YDR007W,0,0.69281274,0.12653864920139313,0.7787878513336182,0.5375757813453674
YNL294C,YGR224W,0,0.6925023,0.1265178918838501,0.7787878513336182,0.5376767516136169
YHR185C,YJL173C,0,0.6922058,0.12649713456630707,0.7787878513336182,0.5377777814865112
YLR044C,YDR517W,0,0.6919425,0.12647637724876404,0.7787878513336182,0.5378788113594055
YDR160W,YPR199C,0,0.69192445,0.1264556348323822,0.7787878513336182,0.537979781627655
YDR244W,YBR301W,0,0.6915214,0.12643489241600037,0.7787878513336182,0.5380808115005493
YOR266W,YJR118C,1,0.6914381,0.12657812237739563,0.7797979712486267,0.5380808115005493
YDR092W,YCR035C,0,0.6908646,0.1265573799610138,0.7797979712486267,0.5381818413734436
YBR049C,YMR118C,0,0.6907878,0.12653663754463196,0.7797979712486267,0.5382828116416931
YLL031C,YHR138C,0,0.6906888,0.12651589512825012,0.7797979712486267,0.5383838415145874
YLL014W,YPL049C,0,0.69058335,0.12649516761302948,0.7797979712486267,0.5384848713874817
YJL013C,YBR094W,0,0.6904747,0.12647444009780884,0.7797979712486267,0.5385858416557312
YOR258W,YOL116W,0,0.6900916,0.1264537274837494,0.7797979712486267,0.5386868715286255
YDR435C,YEL032W,0,0.68985695,0.12643301486968994,0.7797979712486267,0.5387879014015198
YDR517W,YCL067C,0,0.68966436,0.1264123171567917,0.7797979712486267,0.5388888716697693
YOR090C,YNL240C,0,0.68965155,0.12639161944389343,0.7797979712486267,0.5389899015426636
YJL059W,YNR024W,0,0.688768,0.12637092173099518,0.7797979712486267,0.5390909314155579
YLR131C,YOR086C,0,0.6887141,0.12635023891925812,0.7797979712486267,0.5391919016838074
YDR345C,YIL156W,0,0.68866605,0.12632957100868225,0.7797979712486267,0.5392929315567017
YOR016C,YDR078C,0,0.68860835,0.12630890309810638,0.7797979712486267,0.539393961429596
YPR143W,YEL006W,0,0.6879508,0.12628823518753052,0.7797979712486267,0.5394949316978455
YDR292C,YGR083C,0,0.68793315,0.12626758217811584,0.7797979712486267,0.5395959615707397
YDL091C,YLR315W,0,0.6878065,0.12624692916870117,0.7797979712486267,0.539696991443634
YNL190W,YGL195W,0,0.68770516,0.1262262910604477,0.7797979712486267,0.5397979617118835
YBR065C,YPL097W,0,0.6876696,0.1262056529521942,0.7797979712486267,0.5398989915847778
YKL051W,YER071C,0,0.68752486,0.12618502974510193,0.7797979712486267,0.5400000214576721
YNL045W,YKL114C,0,0.68751043,0.12616440653800964,0.7797979712486267,0.5401009917259216
YER060W-A,YKL081W,0,0.68750125,0.12614379823207855,0.7797979712486267,0.5402020215988159
YLR200W,YDL123W,0,0.6874449,0.12612318992614746,0.7797979712486267,0.5403030514717102
YGL058W,YJR096W,0,0.68710047,0.12610258162021637,0.7797979712486267,0.5404040217399597
YIL037C,YGR040W,0,0.68659014,0.12608198821544647,0.7797979712486267,0.540505051612854
YJL013C,YDR317W,0,0.6865473,0.12606139481067657,0.7797979712486267,0.5406060814857483
YLR220W,YPL189W,0,0.6864603,0.12604081630706787,0.7797979712486267,0.5407070517539978
YHR111W,YNL251C,0,0.6864157,0.12602023780345917,0.7797979712486267,0.5408080816268921
YFR016C,YDR025W,0,0.68640643,0.12599967420101166,0.7797979712486267,0.5409091114997864
YDR422C,YOR086C,0,0.6863213,0.12597911059856415,0.7797979712486267,0.5410100817680359
YHR149C,YPL040C,0,0.6857934,0.12595856189727783,0.7797979712486267,0.5411111116409302
YGL129C,YCL054W,0,0.6852956,0.12593801319599152,0.7797979712486267,0.5412121415138245
YPR131C,YKL134C,1,0.6852413,0.12608057260513306,0.7808080911636353,0.5412121415138245
YGL093W,YGL107C,0,0.6851331,0.12606000900268555,0.7808080911636353,0.541313111782074
YOR011W,YBR015C,0,0.6849047,0.12603946030139923,0.7808080911636353,0.5414141416549683
YFR024C-A,YHR138C,0,0.68467975,0.12601891160011292,0.7808080911636353,0.5415151715278625
YNL133C,YLR466W,0,0.68405986,0.1259983628988266,0.7808080911636353,0.5416161417961121
YOR016C,YKR095W,0,0.6838225,0.12597782909870148,0.7808080911636353,0.5417171716690063
YCL016C,YOR009W,0,0.6837544,0.12595731019973755,0.7808080911636353,0.5418182015419006
YER072W,YNL156C,0,0.683711,0.12593679130077362,0.7808080911636353,0.5419191718101501
YPL115C,YDR427W,0,0.68360573,0.1259162724018097,0.7808080911636353,0.5420202016830444
YGR296W,YGR245C,0,0.68354255,0.12589576840400696,0.7808080911636353,0.5421212315559387
YDR365C,YDL223C,0,0.6830426,0.12587526440620422,0.7808080911636353,0.5422222018241882
YLR185W,YHR170W,0,0.68294924,0.12585477530956268,0.7808080911636353,0.5423232316970825
YJR049C,YDR261C,0,0.68279195,0.12583428621292114,0.7808080911636353,0.5424242615699768
YCL005W-A,YBR003W,0,0.6826941,0.1258137971162796,0.7808080911636353,0.5425252318382263
YOR258W,YNL123W,0,0.68247443,0.12579332292079926,0.7808080911636353,0.5426262617111206
YCL017C,YBL008W,0,0.6824046,0.1257728636264801,0.7808080911636353,0.5427272915840149
YDR261C,YGL078C,0,0.6814142,0.12575240433216095,0.7808080911636353,0.5428282618522644
YGL070C,YLR361C,0,0.68113047,0.1257319450378418,0.7808080911636353,0.5429292917251587
YAL011W,YDR007W,0,0.6810783,0.12571150064468384,0.7808080911636353,0.543030321598053
YCR107W,YOL084W,0,0.6808078,0.12569105625152588,0.7808080911636353,0.5431312918663025
YJR046W,YKL005C,0,0.68055356,0.1256706267595291,0.7808080911636353,0.5432323217391968
YER015W,YML047C,0,0.68015754,0.12565019726753235,0.7808080911636353,0.5433333516120911
YOR049C,YDR190C,0,0.68015176,0.12562976777553558,0.7808080911636353,0.5434343218803406
YKL134C,YPL063W,1,0.6800955,0.12577185034751892,0.7818182110786438,0.5434343218803406
YEL005C,YBR218C,0,0.6799976,0.12575142085552216,0.7818182110786438,0.5435353517532349
YJL212C,YER093C,0,0.67985845,0.1257309913635254,0.7818182110786438,0.5436363816261292
YML133C,YBL031W,0,0.679795,0.12571057677268982,0.7818182110786438,0.5437373518943787
YHR113W,YDR246W,0,0.67979145,0.12569016218185425,0.7818182110786438,0.543838381767273
YPR131C,YOL095C,1,0.6795353,0.12583211064338684,0.7828282713890076,0.543838381767273
YDR098C,YGR122W,0,0.6795149,0.12581168115139008,0.7828282713890076,0.5439394116401672
YML021C,YOL051W,0,0.6791912,0.1257912665605545,0.7828282713890076,0.5440403819084167
YOR090C,YHR037W,0,0.6791139,0.12577085196971893,0.7828282713890076,0.544141411781311
YLL031C,YGL240W,0,0.67866045,0.12575045228004456,0.7828282713890076,0.5442424416542053
YIL119C,YPL058C,0,0.67831963,0.12573005259037018,0.7828282713890076,0.5443434119224548
YDR468C,YOR272W,0,0.6782944,0.1257096529006958,0.7828282713890076,0.5444444417953491
YHR110W,YKL132C,0,0.67827934,0.12568926811218262,0.7828282713890076,0.5445454716682434
YOR264W,YOR081C,0,0.6775749,0.12566888332366943,0.7828282713890076,0.5446464419364929
YOL084W,YLR115W,0,0.6775684,0.12564851343631744,0.7828282713890076,0.5447474718093872
YCR107W,YJL012C,0,0.67729753,0.12562814354896545,0.7828282713890076,0.5448485016822815
YNL286W,YNL251C,0,0.67682326,0.12560777366161346,0.7828282713890076,0.544949471950531
YDR375C,YOR060C,1,0.6766463,0.12574946880340576,0.7838383913040161,0.544949471950531
YGL098W,YOL029C,0,0.67661,0.12572909891605377,0.7838383913040161,0.5450505018234253
YDR303C,YGR083C,0,0.6765341,0.12570872902870178,0.7838383913040161,0.5451515316963196
YCL044C,YDR412W,0,0.6761262,0.125688374042511,0.7838383913040161,0.5452525019645691
YDR243C,YOR273C,0,0.67610854,0.1256680190563202,0.7838383913040161,0.5453535318374634
YOR027W,YLR055C,0,0.67596316,0.1256476640701294,0.7838383913040161,0.5454545617103577
YDR160W,YER167W,0,0.6758452,0.1256273239850998,0.7838383913040161,0.5455555319786072
YNL062C,YLR260W,0,0.6757471,0.12560699880123138,0.7838383913040161,0.5456565618515015
YDR350C,YKL197C,0,0.6756571,0.12558665871620178,0.7838383913040161,0.5457575917243958
YNL031C,YLR411W,0,0.67553216,0.12556634843349457,0.7838383913040161,0.5458585619926453
YDR343C,YDL154W,0,0.67517585,0.12554602324962616,0.7838383913040161,0.5459595918655396
YOL076W,YPR131C,1,0.6751258,0.12568747997283936,0.7848485112190247,0.5459595918655396
YJR120W,YML061C,1,0.6747927,0.12582889199256897,0.7858585715293884,0.5459595918655396
YDR300C,YKR072C,0,0.674721,0.12580853700637817,0.7858585715293884,0.5460606217384338
YER062C,YAR009C,0,0.67425674,0.12578819692134857,0.7858585715293884,0.5461615920066833
YJL174W,YNL023C,0,0.6734843,0.12576785683631897,0.7858585715293884,0.5462626218795776
YGR060W,YOL061W,0,0.6732133,0.12574753165245056,0.7858585715293884,0.5463636517524719
YBR005W,YIL153W,0,0.6729462,0.12572722136974335,0.7858585715293884,0.5464646220207214
YLR011W,YDR412W,0,0.6728481,0.12570689618587494,0.7858585715293884,0.5465656518936157
YAR033W,YIL033C,0,0.6727948,0.12568658590316772,0.7858585715293884,0.54666668176651
YDR007W,YDR023W,0,0.6726514,0.1256662905216217,0.7858585715293884,0.5467676520347595
YGR181W,YJR120W,1,0.6724692,0.1258074939250946,0.786868691444397,0.5467676520347595
YML100W,YDL235C,0,0.67231387,0.1257871836423874,0.786868691444397,0.5468686819076538
YNL130C,YGR083C,0,0.6722941,0.12576687335968018,0.786868691444397,0.5469697117805481
YGL061C,YCL067C,0,0.67221326,0.12574656307697296,0.786868691444397,0.5470706820487976
YIL053W,YBR181C,0,0.6721026,0.12572626769542694,0.786868691444397,0.5471717119216919
YBR028C,YJR096W,0,0.6718189,0.12570598721504211,0.786868691444397,0.5472727417945862
YDR213W,YER139C,0,0.6717076,0.1256857067346573,0.786868691444397,0.5473737120628357
YGL238W,YOR259C,0,0.6716449,0.12566542625427246,0.786868691444397,0.54747474193573
YOR119C,YGL226W,0,0.67149025,0.12564516067504883,0.786868691444397,0.5475757718086243
YNL066W,YMR035W,1,0.6712957,0.1257861703634262,0.7878788113594055,0.5475757718086243
YDL247W,YIL069C,0,0.67127526,0.1257658749818802,0.7878788113594055,0.5476767420768738
YDR200C,YNR059W,0,0.6711588,0.12574560940265656,0.7878788113594055,0.5477777719497681
YDR145W,YER056C,0,0.670988,0.12572534382343292,0.7878788113594055,0.5478788018226624
YFL011W,YIL043C,0,0.67098063,0.1257050782442093,0.7878788113594055,0.5479797720909119
YGL167C,YFL011W,0,0.6707414,0.12568482756614685,0.7878788113594055,0.5480808019638062
YJL059W,YPL040C,0,0.67072743,0.1256645768880844,0.7878788113594055,0.5481818318367004
YGR212W,YDL175C,0,0.670294,0.12564432621002197,0.7878788113594055,0.54828280210495
YGL092W,YLR333C,0,0.6700806,0.12562409043312073,0.7878788113594055,0.5483838319778442
YOR018W,YOR241W,0,0.6697627,0.12560386955738068,0.7878788113594055,0.5484848618507385
YLL066C,YDR372C,0,0.66968805,0.12558364868164062,0.7878788113594055,0.548585832118988
YLR143W,YHR157W,0,0.6692598,0.12556342780590057,0.7878788113594055,0.5486868619918823
YLR131C,YJL089W,0,0.66888654,0.12554322183132172,0.7878788113594055,0.5487878918647766
YPR008W,YBL031W,0,0.6687363,0.12552301585674286,0.7878788113594055,0.5488888621330261
YNL130C,YLR352W,0,0.6684825,0.125502809882164,0.7878788113594055,0.5489898920059204
YBL013W,YDL046W,0,0.66832334,0.12548261880874634,0.7878788113594055,0.5490909218788147
YGR266W,YNL287W,0,0.66821975,0.12546244263648987,0.7878788113594055,0.5491918921470642
YJL096W,YPL168W,0,0.6680629,0.1254422664642334,0.7878788113594055,0.5492929220199585
YLR390W-A,YHR185C,0,0.66738,0.12542209029197693,0.7878788113594055,0.5493939518928528
YLR102C,YNL024C,0,0.6672772,0.12540192902088165,0.7878788113594055,0.5494949221611023
YML081W,YER060W,0,0.66722345,0.12538176774978638,0.7878788113594055,0.5495959520339966
YLR196W,YBR015C,0,0.66697305,0.1253616213798523,0.7878788113594055,0.5496969819068909
YPR003C,YNL240C,0,0.6667043,0.1253414750099182,0.7878788113594055,0.5497979521751404
YOL084W,YNL216W,0,0.66660017,0.12532134354114532,0.7878788113594055,0.5498989820480347
YLR277C,YER100W,0,0.6665003,0.12530121207237244,0.7878788113594055,0.550000011920929
YJL059W,YOR207C,0,0.6659356,0.12528108060359955,0.7878788113594055,0.5501009821891785
YDR471W,YBL005W,0,0.6658719,0.12526096403598785,0.7878788113594055,0.5502020120620728
YJL057C,YHR073W,0,0.66555244,0.12524084746837616,0.7878788113594055,0.550303041934967
YOR090C,YFL011W,0,0.66546303,0.12522074580192566,0.7878788113594055,0.5504040122032166
YLR059C,YLL018C-A,1,0.66543394,0.12536115944385529,0.7888888716697693,0.5504040122032166
YHR090C,YGL192W,0,0.6652724,0.1253410428762436,0.7888888716697693,0.5505050420761108
YMR286W,YPR114W,0,0.6646884,0.1253209263086319,0.7888888716697693,0.5506060719490051
YPL198W,YGL240W,0,0.6645708,0.1253008246421814,0.7888888716697693,0.5507070422172546
YFL056C,YGL198W,0,0.6642974,0.1252807229757309,0.7888888716697693,0.5508080720901489
YLL066C,YEL027W,0,0.6637635,0.1252606213092804,0.7888888716697693,0.5509091019630432
YKR031C,YOR109W,0,0.66376173,0.1252405345439911,0.7888888716697693,0.5510100722312927
YML098W,YLR001C,0,0.66371197,0.12522046267986298,0.7888888716697693,0.551111102104187
YBR023C,YMR195W,0,0.6636887,0.12520039081573486,0.7888888716697693,0.5512121319770813
YPL100W,YGR120C,0,0.6631228,0.12518031895160675,0.7888888716697693,0.5513131022453308
YDL087C,YER129W,0,0.6630736,0.12516026198863983,0.7888888716697693,0.5514141321182251
YHR185C,YGL127C,0,0.66278934,0.1251402050256729,0.7888888716697693,0.5515151619911194
YHR142W,YAL051W,0,0.6626807,0.125120148062706,0.7888888716697693,0.5516161322593689
YDR007W,YLR313C,0,0.66257936,0.12510010600090027,0.7888888716697693,0.5517171621322632
YML059C,YPR169W,0,0.6625728,0.12508007884025574,0.7888888716697693,0.5518181920051575
YOR087W,YGL064C,0,0.6625089,0.1250600516796112,0.7888888716697693,0.551919162273407
YFR050C,YPR174C,0,0.66224676,0.12504002451896667,0.7888888716697693,0.5520201921463013
YDR471W,YPL233W,0,0.66223603,0.12502001225948334,0.7888888716697693,0.5521212220191956
YGR174C,YOR060C,1,0.6621566,0.12516005337238312,0.7898989915847778,0.5521212220191956
YAL059W,YDR080W,0,0.6619467,0.1251400262117386,0.7898989915847778,0.5522222518920898
YMR055C,YBL100W-B,0,0.6618475,0.12511999905109406,0.7898989915847778,0.5523232221603394
YLR039C,YLL057C,0,0.6617807,0.12509998679161072,0.7898989915847778,0.5524242520332336
YNL263C,YDR213W,0,0.66116637,0.12507997453212738,0.7898989915847778,0.5525252819061279
YDR350C,YFR014C,0,0.66070473,0.12505997717380524,0.7898989915847778,0.5526262521743774
YPL171C,YPL225W,0,0.6606191,0.1250399798154831,0.7898989915847778,0.5527272820472717
YJR123W,YHR118C,0,0.6606128,0.12501998245716095,0.7898989915847778,0.552828311920166
YLR377C,YAL059W,0,0.6605032,0.125,0.7898989915847778,0.5529292821884155
YJR118C,YHR024C,1,0.6603353,0.12513984739780426,0.7909091114997864,0.5529292821884155
YLR193C,YHR120W,1,0.660117,0.12527963519096375,0.7919191718101501,0.5529292821884155
YNL029C,YGL078C,0,0.66005427,0.1252596229314804,0.7919191718101501,0.5530303120613098
YML067C,YLR313C,0,0.659821,0.12523961067199707,0.7919191718101501,0.5531313419342041
YJL162C,YFL056C,0,0.65974706,0.12521961331367493,0.7919191718101501,0.5532323122024536
YOR004W,YDR246W,0,0.65965515,0.12519961595535278,0.7919191718101501,0.5533333420753479
YLR044C,YNL142W,0,0.6592876,0.12517963349819183,0.7919191718101501,0.5534343719482422
YPR100W,YNL176C,0,0.65921557,0.1251596361398697,0.7919191718101501,0.5535353422164917
YNL056W,YJL058C,0,0.65919274,0.12513966858386993,0.7919191718101501,0.553636372089386
YBR181C,YMR133W,0,0.6591485,0.12511970102787018,0.7919191718101501,0.5537374019622803
YDL175C,YPL040C,0,0.6588267,0.12509973347187042,0.7919191718101501,0.5538383722305298
YCR044C,YNL065W,0,0.65876114,0.12507976591587067,0.7919191718101501,0.5539394021034241
YLR190W,YHR194W,1,0.65804213,0.12521933019161224,0.7929292917251587,0.5539394021034241
YMR275C,YIL062C,1,0.65794045,0.12535884976387024,0.7939394116401672,0.5539394021034241
YHL038C,YIR019C,0,0.6579384,0.1253388673067093,0.7939394116401672,0.5540404319763184
YKL080W,YPR174C,0,0.6575219,0.12531888484954834,0.7939394116401672,0.5541414022445679
YBR279W,YER014W,0,0.6571047,0.1252989023923874,0.7939394116401672,0.5542424321174622
YPL146C,YOR026W,0,0.6564902,0.12527893483638763,0.7939394116401672,0.5543434619903564
YOR009W,YKL087C,0,0.656428,0.12525896728038788,0.7939394116401672,0.554444432258606
YNL194C,YKL060C,0,0.6564004,0.12523899972438812,0.7939394116401672,0.5545454621315002
YBR086C,YPR034W,0,0.6563054,0.12521904706954956,0.7939394116401672,0.5546464920043945
YBR208C,YNR030W,0,0.65616065,0.1251991093158722,0.7939394116401672,0.554747462272644
YGR254W,YJR027W,0,0.65603644,0.12517917156219482,0.7939394116401672,0.5548484921455383
YPL280W,YHR037W,0,0.65535825,0.12515923380851746,0.7939394116401672,0.5549495220184326
YNR032C-A,YLR466W,0,0.65523213,0.12513931095600128,0.7939394116401672,0.5550504922866821
YGL246C,YIL005W,0,0.6549317,0.1251193881034851,0.7939394116401672,0.5551515221595764
YMR048W,YDR463W,0,0.6543265,0.12509948015213013,0.7939394116401672,0.5552525520324707
YDR397C,YDR244W,0,0.65428,0.12507957220077515,0.7939394116401672,0.5553535223007202
YDL240W,YLL024C,0,0.6541682,0.12505966424942017,0.7939394116401672,0.5554545521736145
YGR212W,YEL048C,0,0.6540973,0.12503977119922638,0.7939394116401672,0.5555555820465088
YDR439W,YGL116W,0,0.6535229,0.1250198781490326,0.7939394116401672,0.5556565523147583
YIL053W,YPL248C,0,0.65337217,0.125,0.7939394116401672,0.5557575821876526
YJL162C,YBR208C,0,0.65302193,0.12498012185096741,0.7939394116401672,0.5558586120605469
YOR249C,YJL208C,0,0.6524124,0.12496025115251541,0.7939394116401672,0.5559595823287964
YHR073W,YNL068C,0,0.65145385,0.12494038790464401,0.7939394116401672,0.5560606122016907
YML023C,YPR095C,0,0.6513805,0.12492053210735321,0.7939394116401672,0.556161642074585
YHR205W,YBR054W,0,0.6504585,0.124900683760643,0.7939394116401672,0.5562626123428345
YNL132W,YMR149W,0,0.650436,0.1248808354139328,0.7939394116401672,0.5563636422157288
YMR055C,YLR466W,0,0.6504067,0.12486100196838379,0.7939394116401672,0.556464672088623
YIL144W,YPL117C,0,0.6502214,0.12484116852283478,0.7939394116401672,0.5565656423568726
YML107C,YGR283C,0,0.64987105,0.12482134252786636,0.7939394116401672,0.5566666722297668
YOR049C,YNL173C,0,0.64954466,0.12480152398347855,0.7939394116401672,0.5567677021026611
YDR482C,YGL126W,0,0.649383,0.12478171288967133,0.7939394116401672,0.5568686723709106
YBL005W,YBR193C,0,0.6492972,0.1247619017958641,0.7939394116401672,0.5569697022438049
YHR138C,YOR259C,0,0.64927024,0.12474210560321808,0.7939394116401672,0.5570707321166992
YCR045C,YDL220C,0,0.64905554,0.12472230941057205,0.7939394116401672,0.5571717023849487
YGL126W,YLR258W,0,0.64834654,0.12470252066850662,0.7939394116401672,0.557272732257843
YPL138C,YGL240W,0,0.6479841,0.12468273937702179,0.7939394116401672,0.5573737621307373
YDR019C,YHR106W,0,0.6479595,0.12466296553611755,0.7939394116401672,0.5574747323989868
YDR175C,YBR023C,0,0.6472761,0.12464319914579391,0.7939394116401672,0.5575757622718811
YPL130W,YHL031C,0,0.64711726,0.12462343275547028,0.7939394116401672,0.5576767921447754
YOL020W,YGR205W,0,0.64706767,0.12460368126630783,0.7939394116401672,0.5577777624130249
YGL226W,YHL035C,0,0.6469992,0.12458392977714539,0.7939394116401672,0.5578787922859192
YBR208C,YOR271C,0,0.64681655,0.12456418573856354,0.7939394116401672,0.5579798221588135
YKL062W,YGR097W,0,0.64680076,0.12454444915056229,0.7939394116401672,0.558080792427063
YNL132W,YJL083W,0,0.6465694,0.12452471256256104,0.7939394116401672,0.5581818222999573
YFL018W-A,YBL047C,0,0.64654166,0.12450499087572098,0.7939394116401672,0.5582828521728516
YBR268W,YJL197W,0,0.64645195,0.12448526918888092,0.7939394116401672,0.5583838224411011
YCL005W-A,YOR011W,0,0.64645046,0.12446555495262146,0.7939394116401672,0.5584848523139954
YOR250C,YCL001W,0,0.64629096,0.1244458481669426,0.7939394116401672,0.5585858821868896
YBL080C,YBR060C,0,0.6460513,0.12442614883184433,0.7939394116401672,0.5586868524551392
YIL144W,YBR149W,0,0.64579415,0.12440645694732666,0.7939394116401672,0.5587878823280334
YLL021W,YPL156C,0,0.64526296,0.12438677251338959,0.7939394116401672,0.5588889122009277
YMR192W,YGR178C,0,0.6445622,0.12436708807945251,0.7939394116401672,0.5589898824691772
YEL006W,YHL050C,0,0.6444887,0.12434741109609604,0.7939394116401672,0.5590909123420715
YBR101C,YJR150C,0,0.6444236,0.12432774156332016,0.7939394116401672,0.5591919422149658
YPL215W,YLL018C-A,1,0.6443181,0.12446623295545578,0.794949471950531,0.5591919422149658
YMR230W,YKL058W,0,0.6442529,0.1244465559720993,0.794949471950531,0.5592929124832153
YLR085C,YJL045W,0,0.6442483,0.12442687898874283,0.794949471950531,0.5593939423561096
YJL168C,YPL254W,0,0.64394087,0.12440720945596695,0.794949471950531,0.5594949722290039
YNL199C,YNL094W,0,0.6439045,0.12438754737377167,0.794949471950531,0.5595959424972534
YGR060W,YLR220W,0,0.6435981,0.12436788529157639,0.794949471950531,0.5596969723701477
YDR463W,YGR040W,0,0.6434688,0.1243482381105423,0.794949471950531,0.559798002243042
YKL141W,YGL085W,0,0.64336526,0.12432859092950821,0.794949471950531,0.5598989725112915
YHR006W,YNL036W,0,0.6431685,0.12430895864963531,0.794949471950531,0.5600000023841858
YIL007C,YHL025W,0,0.6430018,0.12428932636976242,0.794949471950531,0.5601010322570801
YOL154W,YMR125W,0,0.6426065,0.12426970154047012,0.794949471950531,0.5602020025253296
YML041C,YMR091C,0,0.6425481,0.12425007671117783,0.794949471950531,0.5603030323982239
YOR011W,YDR397C,0,0.6424597,0.12423046678304672,0.794949471950531,0.5604040622711182
YKL014C,YLR175W,0,0.64210325,0.12421085685491562,0.794949471950531,0.5605050325393677
YGR078C,YOL061W,0,0.6419901,0.12419125437736511,0.794949471950531,0.560606062412262
YLR185W,YKR096W,0,0.6419769,0.1241716593503952,0.794949471950531,0.5607070922851562
YAL059W,YKL192C,0,0.6419129,0.12415207177400589,0.794949471950531,0.5608080625534058
YEL039C,YLL014W,0,0.64188236,0.12413249164819717,0.794949471950531,0.5609090924263
YML081W,YKL138C,0,0.64181805,0.12411291897296906,0.794949471950531,0.5610101222991943
YPL179W,YBL014C,0,0.6412631,0.12409334629774094,0.794949471950531,0.5611110925674438
YOR090C,YIL096C,0,0.64079183,0.12407378107309341,0.794949471950531,0.5612121224403381
YER028C,YMR015C,0,0.6397944,0.12405422329902649,0.794949471950531,0.5613131523132324
YJL212C,YNL065W,0,0.6394283,0.12403467297554016,0.794949471950531,0.5614141225814819
YNL243W,YGR083C,0,0.63918525,0.12401513010263443,0.794949471950531,0.5615151524543762
YPL137C,YDR078C,0,0.63896364,0.1239955872297287,0.794949471950531,0.5616161823272705
YPL171C,YDR019C,0,0.63896114,0.12397605180740356,0.794949471950531,0.56171715259552
YLR056W,YKL077W,0,0.63889617,0.12395653128623962,0.794949471950531,0.5618181824684143
YPR071W,YKL005C,0,0.6388634,0.12393701076507568,0.794949471950531,0.5619192123413086
YKR079C,YGR260W,0,0.63874286,0.12391749024391174,0.794949471950531,0.5620201826095581
YAR009C,YDR276C,0,0.6386551,0.123897984623909,0.794949471950531,0.5621212124824524
YEL044W,YPL233W,0,0.6382889,0.12387847900390625,0.794949471950531,0.5622222423553467
YJR120W,YPR131C,1,0.6381468,0.12401636689901352,0.7959595918655396,0.5622222423553467
YJR109C,YBR005W,0,0.63805395,0.12399685382843018,0.7959595918655396,0.5623232126235962
YBL047C,YNL065W,0,0.6377947,0.12397734075784683,0.7959595918655396,0.5624242424964905
YHL006C,YLR337C,0,0.6372741,0.12395784258842468,0.7959595918655396,0.5625252723693848
YNL063W,YKR072C,0,0.63721675,0.12393834441900253,0.7959595918655396,0.5626262426376343
YLR189C,YBL025W,0,0.6372157,0.12391885370016098,0.7959595918655396,0.5627272725105286
YLR194C,YDR381W,0,0.6359333,0.12389937043190002,0.7959595918655396,0.5628283023834229
YEL005C,YJR150C,0,0.635746,0.12387989461421967,0.7959595918655396,0.5629292726516724
YOL144W,YHL026C,0,0.6356402,0.1238604187965393,0.7959595918655396,0.5630303025245667
YPR037C,YDR361C,0,0.6347199,0.12384095788002014,0.7959595918655396,0.5631313323974609
YNL103W,YBL025W,0,0.63459474,0.12382149696350098,0.7959595918655396,0.5632323026657104
YPL169C,YBR146W,0,0.6341658,0.12380204349756241,0.7959595918655396,0.5633333325386047
YDR516C,YBR045C,0,0.6337505,0.12378259748220444,0.7959595918655396,0.563434362411499
YBR233W-A,YDR105C,0,0.6336349,0.12376315146684647,0.7959595918655396,0.5635353326797485
YDR129C,YHL003C,0,0.63358706,0.12374372035264969,0.7959595918655396,0.5636363625526428
YDL135C,YDL093W,0,0.633313,0.12372428923845291,0.7959595918655396,0.5637373924255371
YHR108W,YIR031C,0,0.633141,0.12370486557483673,0.7959595918655396,0.5638383626937866
YER155C,YDL145C,0,0.6327979,0.12368544936180115,0.7959595918655396,0.5639393925666809
YOR260W,YDR359C,0,0.6324798,0.12366604059934616,0.7959595918655396,0.5640404224395752
YGR253C,YPL076W,0,0.6322027,0.12364663183689117,0.7959595918655396,0.5641413927078247
YHL003C,YKL048C,0,0.63199455,0.12362723797559738,0.7959595918655396,0.564242422580719
YLR004C,YNL024C,0,0.6316117,0.12360784411430359,0.7959595918655396,0.5643434524536133
YHR035W,YER155C,0,0.63116235,0.1235884577035904,0.7959595918655396,0.5644444227218628
YHL028W,YLL016W,0,0.6311227,0.1235690787434578,0.7959595918655396,0.5645454525947571
YIL075C,YIL014W,0,0.6310324,0.1235496997833252,0.7959595918655396,0.5646464824676514
YMR063W,YLR315W,0,0.6308748,0.12353033572435379,0.7959595918655396,0.5647474527359009
YOR193W,YOR195W,0,0.63080746,0.12351097166538239,0.7959595918655396,0.5648484826087952
YGL063W,YDR515W,0,0.6306973,0.12349161505699158,0.7959595918655396,0.5649495124816895
YBR180W,YHL025W,0,0.63059425,0.12347226589918137,0.7959595918655396,0.565050482749939
YJL094C,YJR027W,0,0.63048685,0.12345292419195175,0.7959595918655396,0.5651515126228333
YIL147C,YGR057C,0,0.6302663,0.12343358248472214,0.7959595918655396,0.5652525424957275
YLR258W,YBR028C,0,0.63005453,0.12341425567865372,0.7959595918655396,0.565353512763977
YOL020W,YPL280W,0,0.6297972,0.1233949288725853,0.7959595918655396,0.5654545426368713
YDL105W,YOR272W,0,0.6296272,0.12337560951709747,0.7959595918655396,0.5655555725097656
YHR033W,YMR220W,0,0.629498,0.12335629016160965,0.7959595918655396,0.5656565427780151
YFL061W,YHR214W,0,0.6292697,0.12333698570728302,0.7959595918655396,0.5657575726509094
YGR212W,YJL058C,0,0.62867814,0.12331768125295639,0.7959595918655396,0.5658586025238037
YHR205W,YJL186W,0,0.6282921,0.12329839169979095,0.7959595918655396,0.5659595727920532
YDR545W,YDR399W,0,0.628094,0.12327910214662552,0.7959595918655396,0.5660606026649475
YHR088W,YLR345W,0,0.62808967,0.12325981259346008,0.7959595918655396,0.5661616325378418
YDR108W,YLR115W,0,0.628074,0.12324053794145584,0.7959595918655396,0.5662626028060913
YLR284C,YOL078W,0,0.62763363,0.1232212632894516,0.7959595918655396,0.5663636326789856
YDR057W,YPL021W,0,0.62713563,0.12320200353860855,0.7959595918655396,0.5664646625518799
YLR052W,YPL135W,0,0.6270982,0.1231827437877655,0.7959595918655396,0.5665656328201294
YAL015C,YPR169W,0,0.62709814,0.12316349148750305,0.7959595918655396,0.5666666626930237
YKL110C,YGL018C,0,0.62707084,0.1231442391872406,0.7959595918655396,0.566767692565918
YPR106W,YCR018C,0,0.62703997,0.12312500178813934,0.7959595918655396,0.5668686628341675
YLR390W-A,YHR214W,0,0.62678844,0.12310576438903809,0.7959595918655396,0.5669696927070618
YMR226C,YPL135W,0,0.6267831,0.12308653444051743,0.7959595918655396,0.567070722579956
YHR205W,YOR372C,0,0.6266518,0.12306731194257736,0.7959595918655396,0.5671716928482056
YLR442C,YLR315W,0,0.62643653,0.1230480968952179,0.7959595918655396,0.5672727227210999
YPL176C,YGL171W,0,0.6263608,0.12302888184785843,0.7959595918655396,0.5673737525939941
YHR122W,YJL173C,0,0.62634057,0.12300968170166016,0.7959595918655396,0.5674747228622437
YDR398W,YGL127C,0,0.6258971,0.12299048155546188,0.7959595918655396,0.5675757527351379
YJL110C,YDL230W,0,0.62581104,0.12297128885984421,0.7959595918655396,0.5676767826080322
YKR064W,YDR439W,0,0.6256359,0.12295209616422653,0.7959595918655396,0.5677777528762817
YLR442C,YBR169C,0,0.62563115,0.12293291836977005,0.7959595918655396,0.567878782749176
YDR204W,YML127W,0,0.62561417,0.12291374057531357,0.7959595918655396,0.5679798126220703
YDR323C,YER060W-A,0,0.62556803,0.12289457023143768,0.7959595918655396,0.5680807828903198
YLR234W,YNR033W,0,0.62549025,0.1228754073381424,0.7959595918655396,0.5681818127632141
YCR091W,YGR007W,0,0.62540704,0.1228562518954277,0.7959595918655396,0.5682828426361084
YDR386W,YBR180W,0,0.6250591,0.12283710390329361,0.7959595918655396,0.5683838129043579
YDR407C,YCR038C,0,0.62489194,0.12281795591115952,0.7959595918655396,0.5684848427772522
YAL048C,YOL095C,1,0.6248246,0.12295465171337128,0.7969697117805481,0.5684848427772522
YBR233W-A,YPL076W,0,0.62480485,0.12293549627065659,0.7969697117805481,0.5685858726501465
YFL025C,YDR427W,0,0.6248017,0.1229163408279419,0.7969697117805481,0.568686842918396
YLL018C-A,YNL055C,1,0.62463343,0.12305296212434769,0.7979797720909119,0.568686842918396
YGL025C,YDR287W,0,0.62385327,0.1230337917804718,0.7979797720909119,0.5687878727912903
YJL059W,YGL006W,0,0.62384045,0.12301463633775711,0.7979797720909119,0.5688889026641846
YAR009C,YDL134C,0,0.62362176,0.12299548834562302,0.7979797720909119,0.5689898729324341
YML023C,YGR283C,0,0.62324244,0.12297634035348892,0.7979797720909119,0.5690909028053284
YPL221W,YKL099C,0,0.6228983,0.12295719981193542,0.7979797720909119,0.5691919326782227
YIL153W,YER060W-A,0,0.6221091,0.12293806672096252,0.7979797720909119,0.5692929029464722
YDR227W,YMR101C,0,0.6216172,0.12291893362998962,0.7979797720909119,0.5693939328193665
YGR178C,YHR114W,0,0.6215829,0.12289981544017792,0.7979797720909119,0.5694949626922607
YPR114W,YNL020C,0,0.62140495,0.12288069725036621,0.7979797720909119,0.5695959329605103
YDR345C,YCR063W,0,0.6213032,0.1228615865111351,0.7979797720909119,0.5696969628334045
YPL021W,YPR086W,0,0.62128854,0.12284248322248459,0.7979797720909119,0.5697979927062988
YEL019C,YHL015W,0,0.62115926,0.12282337993383408,0.7979797720909119,0.5698989629745483
YLR377C,YJR052W,0,0.6211341,0.12280429154634476,0.7979797720909119,0.5699999928474426
YNL045W,YDR025W,0,0.6211204,0.12278520315885544,0.7979797720909119,0.5701010227203369
YOR049C,YNL130C,0,0.62064123,0.12276612222194672,0.7979797720909119,0.5702019929885864
YDR019C,YMR237W,0,0.62062895,0.12274704873561859,0.7979797720909119,0.5703030228614807
YML102W,YNR052C,0,0.620447,0.12272797524929047,0.7979797720909119,0.570404052734375
YPR134W,YGL240W,0,0.62026715,0.12270891666412354,0.7979797720909119,0.5705050230026245
YMR183C,YJL197W,0,0.62016195,0.1226898580789566,0.7979797720909119,0.5706060528755188
YLR215C,YER155C,0,0.6200078,0.12267080694437027,0.7979797720909119,0.5707070827484131
YDR201W,YDL175C,0,0.61954844,0.12265176326036453,0.7979797720909119,0.5708080530166626
YNL059C,YGR161C,0,0.61952853,0.1226327195763588,0.7979797720909119,0.5709090828895569
YDR217C,YDL012C,0,0.61940736,0.12261369079351425,0.7979797720909119,0.5710101127624512
YJL013C,YNL247W,0,0.61924607,0.12259466201066971,0.7979797720909119,0.5711110830307007
YOL154W,YDR257C,0,0.61890584,0.12257564067840576,0.7979797720909119,0.571212112903595
YLR017W,YMR153W,0,0.61889035,0.12255662679672241,0.7979797720909119,0.5713131427764893
YDR235W,YOL051W,0,0.6187249,0.12253761291503906,0.7979797720909119,0.5714141130447388
YJL013C,YDR407C,0,0.61856824,0.1225186139345169,0.7979797720909119,0.5715151429176331
YIL064W,YLR263W,0,0.61830527,0.12249961495399475,0.7979797720909119,0.5716161727905273
YLR200W,YNL278W,0,0.6182587,0.12248062342405319,0.7979797720909119,0.5717171430587769
YLR039C,YDR004W,0,0.61800224,0.12246163189411163,0.7979797720909119,0.5718181729316711
YDR268W,YLR189C,0,0.6178488,0.12244265526533127,0.7979797720909119,0.5719192028045654
YMR175W,YCR105W,0,0.617644,0.1224236786365509,0.7979797720909119,0.5720201730728149
YOR101W,YNL123W,0,0.61737037,0.12240470945835114,0.7979797720909119,0.5721212029457092
YPR097W,YGL226W,0,0.61734396,0.12238574773073196,0.7979797720909119,0.5722222328186035
YDR227W,YCL016C,0,0.6168527,0.12236679345369339,0.7979797720909119,0.572323203086853
YML127W,YGR122W,0,0.61651975,0.12234783917665482,0.7979797720909119,0.5724242329597473
YOR258W,YHL021C,0,0.61648226,0.12232889235019684,0.7979797720909119,0.5725252628326416
YMR048W,YDR308C,0,0.6163965,0.12230995297431946,0.7979797720909119,0.5726262331008911
YBL051C,YPR086W,0,0.6163581,0.12229102104902267,0.7979797720909119,0.5727272629737854
YBR114W,YDR160W,0,0.61624277,0.12227209657430649,0.7979797720909119,0.5728282928466797
YOL042W,YJL098W,0,0.6161509,0.1222531720995903,0.7979797720909119,0.572929322719574
YER072W,YNL062C,0,0.616036,0.12223425507545471,0.7979797720909119,0.5730302929878235
YJL054W,YMR275C,1,0.61602217,0.12237004935741425,0.7989898920059204,0.5730302929878235
YDR150W,YOR060C,1,0.6160006,0.1225057989358902,0.800000011920929,0.5730302929878235
YOR252W,YIL005W,0,0.6158553,0.12248685210943222,0.800000011920929,0.5731313228607178
YML011C,YHR118C,0,0.6156111,0.12246791273355484,0.800000011920929,0.5732323527336121
YDR323C,YHR106W,0,0.6155384,0.12244898080825806,0.800000011920929,0.5733333230018616
YOR334W,YER032W,0,0.6153336,0.12243004888296127,0.800000011920929,0.5734343528747559
YAL011W,YJL173C,0,0.6150784,0.12241113185882568,0.800000011920929,0.5735353827476501
YMR232W,YOR383C,0,0.6148867,0.1223922148346901,0.800000011920929,0.5736363530158997
YIL069C,YDR217C,0,0.6145862,0.1223732978105545,0.800000011920929,0.573737382888794
YNL190W,YOR079C,0,0.6138349,0.12235439568758011,0.800000011920929,0.5738384127616882
YKR027W,YML127W,0,0.61372715,0.12233549356460571,0.800000011920929,0.5739393830299377
YBR003W,YCL012W,0,0.6132188,0.12231659889221191,0.800000011920929,0.574040412902832
YBL013W,YNL062C,0,0.6130381,0.12229771167039871,0.800000011920929,0.5741414427757263
YIL008W,YML096W,0,0.6129205,0.12227883189916611,0.800000011920929,0.5742424130439758
YFR040W,YCL054W,0,0.6126357,0.1222599595785141,0.800000011920929,0.5743434429168701
YGR244C,YJL212C,0,0.61257076,0.12224108725786209,0.800000011920929,0.5744444727897644
YHR009C,YOR357C,0,0.61226594,0.12222222238779068,0.800000011920929,0.5745454430580139
YGL098W,YOR011W,0,0.6122249,0.12220336496829987,0.800000011920929,0.5746464729309082
YJR084W,YAL059W,0,0.61213076,0.12218450754880905,0.800000011920929,0.5747475028038025
YCL005W-A,YBR119W,0,0.61209667,0.12216566503047943,0.800000011920929,0.574848473072052
YOR129C,YKL087C,0,0.6119032,0.12214682251214981,0.800000011920929,0.5749495029449463
YPL043W,YER159C,0,0.61186534,0.12212798744440079,0.800000011920929,0.5750505328178406
YAL048C,YLL006W,1,0.6118175,0.1222633346915245,0.8010100722312927,0.5750505328178406
YJR120W,YPL215W,1,0.61174786,0.12239864468574524,0.8020201921463013,0.5750505328178406
YGR046W,YMR275C,1,0.61167854,0.12253390997648239,0.8030303120613098,0.5750505328178406
YFL011W,YLR384C,0,0.6114848,0.12251502275466919,0.8030303120613098,0.5751515030860901
YPL210C,YKR034W,0,0.61108917,0.12249615043401718,0.8030303120613098,0.5752525329589844
YKL197C,YDR259C,0,0.61088026,0.12247727811336517,0.8030303120613098,0.5753535628318787
YDR464W,YNR033W,0,0.6106089,0.12245841324329376,0.8030303120613098,0.5754545331001282
YBL056W,YDL211C,0,0.61043227,0.12243954837322235,0.8030303120613098,0.5755555629730225
YDR268W,YMR131C,0,0.6101018,0.12242069840431213,0.8030303120613098,0.5756565928459167
YBR085W,YLR352W,0,0.6100253,0.12240184843540192,0.8030303120613098,0.5757575631141663
YPR161C,YPR067W,0,0.60948235,0.1223830059170723,0.8030303120613098,0.5758585929870605
YDL154W,YDR108W,0,0.6092685,0.12236417084932327,0.8030303120613098,0.5759596228599548
YGL085W,YOR271C,0,0.6092189,0.12234533578157425,0.8030303120613098,0.5760605931282043
YDR430C,YLR143W,0,0.60910165,0.12232650816440582,0.8030303120613098,0.5761616230010986
YLR044C,YGR030C,0,0.6084989,0.12230769544839859,0.8030303120613098,0.5762626528739929
YHR146W,YOL032W,0,0.6084402,0.12228887528181076,0.8030303120613098,0.5763636231422424
YMR195W,YER071C,0,0.60842574,0.12227007001638412,0.8030303120613098,0.5764646530151367
YLR131C,YOL084W,0,0.6083796,0.12225127220153809,0.8030303120613098,0.576565682888031
YKR079C,YKR034W,0,0.60830224,0.12223247438669205,0.8030303120613098,0.5766666531562805
YJR150C,YGR120C,0,0.6080752,0.1222136840224266,0.8030303120613098,0.5767676830291748
YDR256C,YIL037C,0,0.6077756,0.12219489365816116,0.8030303120613098,0.5768687129020691
YDR091C,YFL061W,0,0.60764366,0.12217611819505692,0.8030303120613098,0.5769696831703186
YKL063C,YMR149W,0,0.6073669,0.12215734273195267,0.8030303120613098,0.5770707130432129
YNL263C,YJR046W,0,0.6071729,0.12213857471942902,0.8030303120613098,0.5771717429161072
YDR045C,YGL129C,0,0.6070918,0.12211981415748596,0.8030303120613098,0.5772727131843567
YIL005W,YCL039W,0,0.60650486,0.1221010610461235,0.8030303120613098,0.577373743057251
YDR469W,YNL278W,0,0.6064485,0.12208230793476105,0.8030303120613098,0.5774747729301453
YDR422C,YDR435C,0,0.6064469,0.12206356227397919,0.8030303120613098,0.5775757431983948
YMR274C,YDL018C,0,0.6063408,0.12204482406377792,0.8030303120613098,0.5776767730712891
YJL110C,YGL192W,0,0.60626996,0.12202609330415726,0.8030303120613098,0.5777778029441833
YLR223C,YDR287W,0,0.60617834,0.12200736999511719,0.8030303120613098,0.5778787732124329
YHR006W,YCR106W,0,0.6061128,0.12198864668607712,0.8030303120613098,0.5779798030853271
YNL247W,YPL173W,0,0.60591555,0.12196993082761765,0.8030303120613098,0.5780808329582214
YHL038C,YPR037C,0,0.6055994,0.12195122241973877,0.8030303120613098,0.578181803226471
YPR180W,YLR181C,0,0.6050331,0.1219325140118599,0.8030303120613098,0.5782828330993652
YJL216C,YLL057C,0,0.60482746,0.12191382050514221,0.8030303120613098,0.5783838629722595
YPL234C,YHR020W,0,0.6047652,0.12189512699842453,0.8030303120613098,0.578484833240509
YPR161C,YMR237W,0,0.60475224,0.12187644094228745,0.8030303120613098,0.5785858631134033
YJR120W,YLR259C,1,0.60422736,0.12201103568077087,0.8040404319763184,0.5785858631134033
YAL019W,YDR021W,0,0.6037925,0.1219923347234726,0.8040404319763184,0.5786868929862976
YML023C,YLR234W,0,0.6037552,0.12197364121675491,0.8040404319763184,0.5787878632545471
YNL214W,YPL193W,0,0.6034357,0.12195495516061783,0.8040404319763184,0.5788888931274414
YGL085W,YLR337C,0,0.6033211,0.12193627655506134,0.8040404319763184,0.5789899230003357
YOR264W,YKR085C,0,0.60320884,0.12191759794950485,0.8040404319763184,0.5790908932685852
YDR439W,YBR169C,0,0.60316247,0.12189892679452896,0.8040404319763184,0.5791919231414795
YDR025W,YOL061W,0,0.6030922,0.12188026309013367,0.8040404319763184,0.5792929530143738
YBR233W-A,YLR019W,0,0.6029729,0.12186160683631897,0.8040404319763184,0.5793939232826233
YGR080W,YNL023C,0,0.60292304,0.12184295058250427,0.8040404319763184,0.5794949531555176
YIL033C,YER071C,0,0.6028927,0.12182430177927017,0.8040404319763184,0.5795959830284119
YOL132W,YOR109W,0,0.60276806,0.12180566042661667,0.8040404319763184,0.5796969532966614
YCL068C,YHR190W,0,0.60273224,0.12178702652454376,0.8040404319763184,0.5797979831695557
YBR065C,YHR020W,0,0.6026738,0.12176839262247086,0.8040404319763184,0.57989901304245
YDR273W,YHR193C,0,0.6026566,0.12174977362155914,0.8040404319763184,0.5799999833106995
YAL048C,YPR131C,1,0.6026408,0.12188407778739929,0.8050504922866821,0.5799999833106995
YDR025W,YLR001C,0,0.60256624,0.12186544388532639,0.8050504922866821,0.5801010131835938
YBR043C,YIL123W,0,0.6022506,0.12184680998325348,0.8050504922866821,0.580202043056488
YPR154W,YER038C,0,0.60223156,0.12182818353176117,0.8050504922866821,0.5803030133247375
YOR207C,YDL119C,0,0.6022224,0.12180956453084946,0.8050504922866821,0.5804040431976318
YCR065W,YOR341W,0,0.602161,0.12179095298051834,0.8050504922866821,0.5805050730705261
YJL054W,YAL048C,1,0.6019515,0.12192513048648834,0.8060606122016907,0.5805050730705261
YNL328C,YPL063W,1,0.6018509,0.12205927073955536,0.8070707321166992,0.5805050730705261
YLR382C,YLR001C,0,0.60180575,0.12204062938690186,0.8070707321166992,0.5806060433387756
YPR154W,YCL051W,0,0.60161424,0.12202198803424835,0.8070707321166992,0.5807070732116699
YLR215C,YPL225W,0,0.6015991,0.12200336158275604,0.8070707321166992,0.5808081030845642
YCR107W,YDR100W,0,0.6012002,0.12198473513126373,0.8070707321166992,0.5809090733528137
YBR279W,YGL085W,0,0.6009271,0.12196610867977142,0.8070707321166992,0.581010103225708
YJL098W,YOR259C,0,0.60092556,0.12194749712944031,0.8070707321166992,0.5811111330986023
YJL167W,YGR138C,0,0.60081893,0.12192888557910919,0.8070707321166992,0.5812121033668518
YIL107C,YPL253C,0,0.60029453,0.12191028147935867,0.8070707321166992,0.5813131332397461
YGR181W,YNL066W,1,0.60021025,0.12204424291849136,0.808080792427063,0.5813131332397461
YBR279W,YDR328C,0,0.5998811,0.12202562391757965,0.808080792427063,0.5814141631126404
YHR165C,YDR427W,0,0.59968895,0.12200701236724854,0.808080792427063,0.5815151333808899
YER007C-A,YNL164C,0,0.59963197,0.12198840826749802,0.808080792427063,0.5816161632537842
YGL139W,YER109C,0,0.5992738,0.1219698116183281,0.808080792427063,0.5817171931266785
YBL038W,YOR172W,0,0.5991984,0.12195122241973877,0.808080792427063,0.581818163394928
YAL048C,YGL219C,1,0.59907603,0.12208504974842072,0.8090909123420715,0.581818163394928
YOR236W,YMR133W,0,0.59890145,0.1220664456486702,0.8090909123420715,0.5819191932678223
YDR528W,YDR110W,0,0.598797,0.12204784154891968,0.8090909123420715,0.5820202231407166
YKL006C-A,YOL078W,0,0.59879476,0.12202925235033035,0.8090909123420715,0.5821211934089661
YOR193W,YGL027C,0,0.59855735,0.12201066315174103,0.8090909123420715,0.5822222232818604
YPR173C,YER044C-A,0,0.5976308,0.1219920814037323,0.8090909123420715,0.5823232531547546
YDR464W,YDL012C,0,0.5975574,0.12197350710630417,0.8090909123420715,0.5824242234230042
YMR215W,YOR157C,0,0.5972562,0.12195493280887604,0.8090909123420715,0.5825252532958984
YGR181W,YHR120W,1,0.59714085,0.12208859622478485,0.8101010322570801,0.5825252532958984
YDR127W,YNL181W,0,0.59682614,0.12207001447677612,0.8101010322570801,0.5826262831687927
YDR261C,YNR071C,0,0.59666574,0.12205144017934799,0.8101010322570801,0.5827272534370422
YIL036W,YGR017W,0,0.59653735,0.12203286588191986,0.8101010322570801,0.5828282833099365
YPR071W,YKL058W,0,0.59648114,0.12201429903507233,0.8101010322570801,0.5829293131828308
YIR019C,YLR337C,0,0.5963498,0.12199573963880539,0.8101010322570801,0.5830302834510803
YHR009C,YPR120C,0,0.5962138,0.12197718769311905,0.8101010322570801,0.5831313133239746
YGR202C,YPR134W,0,0.59616315,0.12195863574743271,0.8101010322570801,0.5832323431968689
YHR113W,YML047C,0,0.5958174,0.12194009125232697,0.8101010322570801,0.5833333134651184
YML016C,YBR146W,0,0.59567934,0.12192155420780182,0.8101010322570801,0.5834343433380127
YFL061W,YDR308C,0,0.5956463,0.12190302461385727,0.8101010322570801,0.583535373210907
YMR313C,YPL117C,0,0.5956146,0.12188449501991272,0.8101010322570801,0.5836363434791565
YLR426W,YCL044C,0,0.5955959,0.12186598032712936,0.8101010322570801,0.5837373733520508
YML133C,YJR049C,0,0.59522104,0.12184746563434601,0.8101010322570801,0.5838384032249451
YBR078W,YOR341W,0,0.5950995,0.12182895094156265,0.8101010322570801,0.5839393734931946
YOR363C,YGR003W,0,0.5949029,0.12181045114994049,0.8101010322570801,0.5840404033660889
YNL328C,YPL215W,1,0.5948689,0.12194380909204483,0.8111110925674438,0.5840404033660889
YJL058C,YDL076C,0,0.59454423,0.12192529439926147,0.8111110925674438,0.5841414332389832
YIR019C,YHR006W,0,0.59434944,0.12190678715705872,0.8111110925674438,0.5842424035072327
YNR024W,YDR246W,0,0.5941127,0.12188827991485596,0.8111110925674438,0.584343433380127
YGL073W,YDR021W,0,0.5940791,0.1218697801232338,0.8111110925674438,0.5844444632530212
YML081W,YOL011W,0,0.59399474,0.12185128778219223,0.8111110925674438,0.5845454335212708
YKR096W,YBL025W,0,0.59385884,0.12183280289173126,0.8111110925674438,0.584646463394165
YBR211C,YJL069C,0,0.5936679,0.1218143180012703,0.8111110925674438,0.5847474932670593
YIL056W,YDR176W,0,0.5936404,0.12179584056138992,0.8111110925674438,0.5848484635353088
YNL328C,YJL180C,1,0.5934751,0.12192902714014053,0.8121212124824524,0.5848484635353088
YHR006W,YHR138C,0,0.5932168,0.12191053479909897,0.8121212124824524,0.5849494934082031
YMR195W,YPL253C,0,0.5928919,0.1218920573592186,0.8121212124824524,0.5850505232810974
YLR352W,YPL233W,0,0.59283423,0.12187357991933823,0.8121212124824524,0.5851514935493469
YMR220W,YMR101C,0,0.59267557,0.12185510993003845,0.8121212124824524,0.5852525234222412
YBR188C,YPL145C,0,0.5925893,0.12183663994073868,0.8121212124824524,0.5853535532951355
YBR016W,YKL114C,0,0.59241897,0.1218181848526001,0.8121212124824524,0.585454523563385
YPR161C,YMR009W,0,0.5924143,0.12179972976446152,0.8121212124824524,0.5855555534362793
YPL117C,YBR193C,0,0.5916154,0.12178127467632294,0.8121212124824524,0.5856565833091736
YGL061C,YGL238W,0,0.59151417,0.12176283448934555,0.8121212124824524,0.5857575535774231
YPL138C,YGL092W,0,0.5913717,0.12174439430236816,0.8121212124824524,0.5858585834503174
YGR205W,YNL278W,0,0.59120756,0.12172596156597137,0.8121212124824524,0.5859596133232117
YBL080C,YKL014C,0,0.5909755,0.12170753628015518,0.8121212124824524,0.5860605835914612
YOR065W,YLL053C,0,0.590941,0.12168911844491959,0.8121212124824524,0.5861616134643555
YGR245C,YGR208W,0,0.5902112,0.12167070060968399,0.8121212124824524,0.5862626433372498
YHL025W,YGL198W,0,0.5901224,0.12165229022502899,0.8121212124824524,0.5863636136054993
YIL137C,YLR460C,0,0.58971995,0.12163388729095459,0.8121212124824524,0.5864646434783936
YML011C,YKL069W,0,0.58957314,0.12161549180746078,0.8121212124824524,0.5865656733512878
YOR016C,YBR090C-A,0,0.5895539,0.12159709632396698,0.8121212124824524,0.5866666436195374
YGR004W,YOR157C,0,0.58918387,0.12157870829105377,0.8121212124824524,0.5867676734924316
YLR234W,YOR260W,0,0.58908,0.12156032770872116,0.8121212124824524,0.5868687033653259
YOR109W,YER071C,0,0.5885691,0.12154194712638855,0.8121212124824524,0.5869696736335754
YLL066C,YPR095C,0,0.58851427,0.12152358144521713,0.8121212124824524,0.5870707035064697
YDL230W,YCR106W,0,0.58817905,0.12150521576404572,0.8121212124824524,0.587171733379364
YHL011C,YML096W,0,0.58813864,0.1214868575334549,0.8121212124824524,0.5872727036476135
YJR123W,YPL248C,0,0.58783203,0.12146849930286407,0.8121212124824524,0.5873737335205078
YNL133C,YPR105C,0,0.58775574,0.12145014852285385,0.8121212124824524,0.5874747633934021
YOR191W,YGR083C,0,0.58771497,0.12143180519342422,0.8121212124824524,0.5875757336616516
YJL054W,YJR120W,1,0.58769816,0.12156448513269424,0.8131313323974609,0.5875757336616516
YIL096C,YCR005C,0,0.58757097,0.12154612690210342,0.8131313323974609,0.5876767635345459
YGL027C,YNL076W,0,0.5875297,0.1215277761220932,0.8131313323974609,0.5877777934074402
YHR033W,YDR395W,0,0.5874138,0.12150943279266357,0.8131313323974609,0.5878787636756897
YIL156W,YFL049W,0,0.5867319,0.12149109691381454,0.8131313323974609,0.587979793548584
YHR185C,YJL083W,0,0.5866525,0.12147276103496552,0.8131313323974609,0.5880808234214783
YHR033W,YIL068C,0,0.58649915,0.12145443260669708,0.8131313323974609,0.5881817936897278
YBR181C,YKL054C,0,0.5861748,0.12143611162900925,0.8131313323974609,0.5882828235626221
YKR072C,YPL006W,0,0.58571607,0.12141779810190201,0.8131313323974609,0.5883838534355164
YMR055C,YPL224C,0,0.5856128,0.12139948457479477,0.8131313323974609,0.5884848237037659
YKR089C,YLR288C,0,0.5855966,0.12138117849826813,0.8131313323974609,0.5885858535766602
YOR334W,YGR004W,0,0.5855924,0.12136287987232208,0.8131313323974609,0.5886868834495544
YIL043C,YOR359W,0,0.5853558,0.12134458869695663,0.8131313323974609,0.588787853717804
YIL019W,YGR235C,0,0.58509964,0.12132629752159119,0.8131313323974609,0.5888888835906982
YML086C,YDR395W,0,0.58478636,0.12130801379680634,0.8131313323974609,0.5889899134635925
YJR042W,YGR205W,0,0.5846854,0.12128973752260208,0.8131313323974609,0.589090883731842
YML023C,YKR093W,0,0.58462936,0.12127146869897842,0.8131313323974609,0.5891919136047363
YNL056W,YDR259C,0,0.5846176,0.12125319987535477,0.8131313323974609,0.5892929434776306
YLR390W-A,YKL087C,0,0.5843069,0.1212349385023117,0.8131313323974609,0.5893939137458801
YLR200W,YKR072C,0,0.5841704,0.12121668457984924,0.8131313323974609,0.5894949436187744
YFR049W,YBR045C,0,0.5837494,0.12119843065738678,0.8131313323974609,0.5895959734916687
YLR085C,YCR035C,0,0.583329,0.12118019163608551,0.8131313323974609,0.5896969437599182
YGR103W,YGL171W,0,0.5830806,0.12116195261478424,0.8131313323974609,0.5897979736328125
YNL199C,YGL196W,0,0.58212966,0.12114371359348297,0.8131313323974609,0.5898990035057068
YPL138C,YPR174C,0,0.5819799,0.1211254894733429,0.8131313323974609,0.5899999737739563
YLR234W,YKR027W,0,0.58156574,0.12110726535320282,0.8131313323974609,0.5901010036468506
YNL103W,YOR236W,0,0.5815007,0.12108904868364334,0.8131313323974609,0.5902020335197449
YPR133C,YCR021C,0,0.58139116,0.12107083946466446,0.8131313323974609,0.5903030037879944
YJL127C,YEL048C,0,0.5809165,0.12105263024568558,0.8131313323974609,0.5904040336608887
YPR175W,YPL233W,0,0.5809162,0.12103442847728729,0.8131313323974609,0.590505063533783
YNL024C,YOL116W,0,0.5809081,0.1210162341594696,0.8131313323974609,0.5906060338020325
YNL020C,YCR035C,0,0.5806263,0.12099804729223251,0.8131313323974609,0.5907070636749268
YDR463W,YMR125W,0,0.58056873,0.12097986042499542,0.8131313323974609,0.590808093547821
YOR004W,YPR097W,0,0.58039546,0.12096168100833893,0.8131313323974609,0.5909090638160706
YMR286W,YMR226C,0,0.5803854,0.12094350904226303,0.8131313323974609,0.5910100936889648
YCR105W,YMR195W,0,0.5800001,0.12092534452676773,0.8131313323974609,0.5911111235618591
YJR109C,YKR095W-A,0,0.5799892,0.12090718001127243,0.8131313323974609,0.5912120938301086
YAR042W,YBR015C,0,0.5798813,0.12088902294635773,0.8131313323974609,0.5913131237030029
YIL053W,YGL192W,0,0.57971114,0.12087087333202362,0.8131313323974609,0.5914141535758972
YLR442C,YKL155C,0,0.5796978,0.12085272371768951,0.8131313323974609,0.5915151238441467
YLL018C-A,YGL219C,1,0.5795167,0.12098468840122223,0.8141413927078247,0.5915151238441467
YOR068C,YMR156C,0,0.57936245,0.12096653133630753,0.8141413927078247,0.591616153717041
YDR091C,YGL192W,0,0.57870924,0.12094838172197342,0.8141413927078247,0.5917171835899353
YDR019C,YKR083C,0,0.578666,0.12093023210763931,0.8141413927078247,0.5918181538581848
YPL146C,YGR260W,0,0.57862055,0.1209120899438858,0.8141413927078247,0.5919191837310791
YJR049C,YNL194C,0,0.57838136,0.12089395523071289,0.8141413927078247,0.5920202136039734
YJR123W,YGR296W,0,0.57808334,0.12087582796812057,0.8141413927078247,0.5921211838722229
YPR188C,YDL117W,0,0.5780707,0.12085770070552826,0.8141413927078247,0.5922222137451172
YMR215W,YHR090C,0,0.5778355,0.12083958089351654,0.8141413927078247,0.5923232436180115
YLR167W,YEL001C,0,0.5777759,0.12082146853208542,0.8141413927078247,0.592424213886261
YHR073W,YJL212C,0,0.57765716,0.1208033561706543,0.8141413927078247,0.5925252437591553
YCL067C,YPR141C,0,0.5775379,0.12078525125980377,0.8141413927078247,0.5926262736320496
YOR078W,YGL127C,0,0.5774588,0.12076715379953384,0.8141413927078247,0.5927272439002991
YOL069W,YDR092W,0,0.57730126,0.12074906378984451,0.8141413927078247,0.5928282737731934
YBR101C,YER139C,0,0.57726276,0.12073097378015518,0.8141413927078247,0.5929293036460876
YLL053C,YDR057W,0,0.5766035,0.12071289867162704,0.8141413927078247,0.5930302739143372
YNL145W,YDL223C,0,0.5760594,0.12069481611251831,0.8141413927078247,0.5931313037872314
YHR158C,YGL238W,0,0.5757993,0.12067674845457077,0.8141413927078247,0.5932323336601257
YNL181W,YOL052C-A,0,0.5757065,0.12065868079662323,0.8141413927078247,0.5933333039283752
YOL076W,YOL009C,1,0.57564723,0.12079030275344849,0.8151515126228333,0.5933333039283752
YJR027W,YLR220W,0,0.57564616,0.12077222019433975,0.8151515126228333,0.5934343338012695
YJL012C,YDR165W,0,0.57547903,0.12075415253639221,0.8151515126228333,0.5935353636741638
YCR016W,YHR139C,0,0.5753085,0.12073608487844467,0.8151515126228333,0.5936363339424133
YNL221C,YBR131W,0,0.5751746,0.12071802467107773,0.8151515126228333,0.5937373638153076
YGL167C,YJL168C,0,0.5742903,0.12069997191429138,0.8151515126228333,0.5938383936882019
YGR099W,YHR154W,0,0.5742304,0.12068191915750504,0.8151515126228333,0.5939394235610962
YDR091C,YLR352W,0,0.57417613,0.12066387385129929,0.8151515126228333,0.5940403938293457
YER062C,YBR100W,0,0.574074,0.12064583599567413,0.8151515126228333,0.59414142370224
YOL059W,YPL117C,0,0.57392997,0.12062780559062958,0.8151515126228333,0.5942424535751343
YLR466W,YBL025W,0,0.5738875,0.12060977518558502,0.8151515126228333,0.5943434238433838
YJR120W,YBR091C,1,0.573724,0.12074118107557297,0.8161616325378418,0.5943434238433838
YCR024C,YCL067C,0,0.57341653,0.12072314321994781,0.8161616325378418,0.5944444537162781
YJL127C,YIL154C,0,0.57324845,0.12070510536432266,0.8161616325378418,0.5945454835891724
YOL076W,YPL215W,1,0.5728135,0.12083644419908524,0.8171716928482056,0.5945454835891724
YNL111C,YNL118C,0,0.572574,0.12081839889287949,0.8171716928482056,0.5946464538574219
YOR380W,YML082W,0,0.57239145,0.12080036103725433,0.8171716928482056,0.5947474837303162
YOR250C,YFR038W,0,0.5722695,0.12078232318162918,0.8171716928482056,0.5948485136032104
YNL328C,YOR045W,1,0.57164603,0.12091357260942459,0.8181818127632141,0.5948485136032104
YGR296W,YMR131C,0,0.5714824,0.12089551985263824,0.8181818127632141,0.59494948387146
YHR120W,YLL006W,1,0.57134193,0.12102670967578888,0.8191919326782227,0.59494948387146
YML100W,YGR129W,0,0.5711014,0.12100865691900253,0.8191919326782227,0.5950505137443542
YOR049C,YCL054W,0,0.5707686,0.12099060416221619,0.8191919326782227,0.5951515436172485
YDR343C,YDL012C,0,0.57058984,0.12097255140542984,0.8191919326782227,0.595252513885498
YMR001C,YCR038C,0,0.57039845,0.12095451354980469,0.8191919326782227,0.5953535437583923
YNL190W,YPL137C,0,0.5702546,0.12093647569417953,0.8191919326782227,0.5954545736312866
YDR325W,YER100W,0,0.5702297,0.12091844528913498,0.8191919326782227,0.5955555438995361
YML055W,YGL240W,0,0.5699618,0.12090041488409042,0.8191919326782227,0.5956565737724304
YHR033W,YMR226C,0,0.56992894,0.12088239938020706,0.8191919326782227,0.5957576036453247
YOR264W,YCR106W,0,0.5699161,0.1208643838763237,0.8191919326782227,0.5958585739135742
YML101C,YPR071W,0,0.5699119,0.12084636837244034,0.8191919326782227,0.5959596037864685
YNR019W,YDR108W,0,0.5698501,0.12082836776971817,0.8191919326782227,0.5960606336593628
YMR207C,YJL197W,0,0.5696761,0.120810367166996,0.8191919326782227,0.5961616039276123
YOR264W,YIL167W,0,0.56950814,0.12079237401485443,0.8191919326782227,0.5962626338005066
YNL133C,YMR313C,0,0.56939334,0.12077438831329346,0.8191919326782227,0.5963636636734009
YBR090C-A,YOR253W,0,0.56936646,0.12075640261173248,0.8191919326782227,0.5964646339416504
YKL185W,YDR300C,0,0.5691192,0.1207384243607521,0.8191919326782227,0.5965656638145447
YGR170W,YAL056W,0,0.56909114,0.12072045356035233,0.8191919326782227,0.596666693687439
YIL022W,YNL066W,1,0.5689707,0.1208513155579567,0.8202019929885864,0.596666693687439
YJR120W,YLR193C,1,0.5685333,0.12098214030265808,0.821212112903595,0.596666693687439
YPR173C,YBR112C,0,0.5683749,0.12096413969993591,0.821212112903595,0.5967676639556885
YPR161C,YKR083C,0,0.5678417,0.12094614654779434,0.821212112903595,0.5968686938285828
YKR088C,YJL208C,0,0.5678236,0.12092815339565277,0.821212112903595,0.596969723701477
YOR048C,YOR254C,0,0.5676152,0.1209101751446724,0.821212112903595,0.5970706939697266
YKL069W,YBR248C,0,0.56761336,0.12089219689369202,0.821212112903595,0.5971717238426208
YDR045C,YKL077W,0,0.56750375,0.12087421864271164,0.821212112903595,0.5972727537155151
YIL014W,YDR110W,0,0.56713766,0.12085624784231186,0.821212112903595,0.5973737239837646
YNR055C,YDR438W,0,0.5669481,0.12083828449249268,0.821212112903595,0.5974747538566589
YPR067W,YNL251C,0,0.56639826,0.12082032859325409,0.821212112903595,0.5975757837295532
YMR205C,YPL056C,0,0.566197,0.1208023801445961,0.821212112903595,0.5976767539978027
YNL190W,YLR460C,0,0.5657999,0.12078443169593811,0.821212112903595,0.597777783870697
YLR248W,YHL006C,0,0.5657422,0.12076649069786072,0.821212112903595,0.5978788137435913
YLR037C,YGL018C,0,0.5653685,0.12074854969978333,0.821212112903595,0.5979797840118408
YDL175C,YKL138C-A,0,0.56505924,0.12073062360286713,0.821212112903595,0.5980808138847351
YBR023C,YHR157W,0,0.5650126,0.12071269750595093,0.821212112903595,0.5981818437576294
YER176W,YMR237W,0,0.5649997,0.12069477140903473,0.821212112903595,0.5982828140258789
YJR120W,YOL009C,1,0.56497216,0.12082529067993164,0.8222222328186035,0.5982828140258789
YOR207C,YKR031C,0,0.5648967,0.12080736458301544,0.8222222328186035,0.5983838438987732
YPL210C,YGL240W,0,0.56444025,0.12078943103551865,0.8222222328186035,0.5984848737716675
YLR001C,YDR303C,0,0.56440467,0.12077151238918304,0.8222222328186035,0.598585844039917
YMR158W,YLR060W,0,0.5643475,0.12075359374284744,0.8222222328186035,0.5986868739128113
YPL105C,YDL154W,0,0.564163,0.12073568999767303,0.8222222328186035,0.5987879037857056
YNL023C,YKL058W,0,0.56412077,0.12071777880191803,0.8222222328186035,0.5988888740539551
YLR277C,YHR170W,0,0.5639197,0.12069988250732422,0.8222222328186035,0.5989899039268494
YOR049C,YLR363C,0,0.5638373,0.12068198621273041,0.8222222328186035,0.5990909337997437
YGR205W,YNL161W,0,0.5636963,0.1206640973687172,0.8222222328186035,0.5991919040679932
YNL048W,YMR125W,0,0.56360775,0.12064621597528458,0.8222222328186035,0.5992929339408875
YBR180W,YJR050W,0,0.5635664,0.12062833458185196,0.8222222328186035,0.5993939638137817
YIL056W,YHR149C,0,0.5633716,0.12061046063899994,0.8222222328186035,0.5994949340820312
YPR175W,YGL129C,0,0.5632487,0.12059259414672852,0.8222222328186035,0.5995959639549255
YPL021W,YML096W,0,0.5631426,0.12057472765445709,0.8222222328186035,0.5996969938278198
YIL019W,YMR226C,0,0.5630715,0.12055686861276627,0.8222222328186035,0.5997979640960693
YJR132W,YCL001W,0,0.56284124,0.12053901702165604,0.8222222328186035,0.5998989939689636
YNL286W,YNL111C,0,0.5624901,0.1205211728811264,0.8222222328186035,0.6000000238418579
YPR114W,YKL052C,0,0.5620645,0.12050332874059677,0.8222222328186035,0.6001009941101074
YLR196W,YDR110W,0,0.561878,0.12048549205064774,0.8222222328186035,0.6002020239830017
YIL147C,YLR118C,0,0.5617657,0.1204676628112793,0.8222222328186035,0.600303053855896
YIL096C,YDL018C,0,0.56167036,0.12044983357191086,0.8222222328186035,0.6004040241241455
YJL196C,YJL208C,0,0.5615646,0.12043201923370361,0.8222222328186035,0.6005050539970398
YOL144W,YMR009W,0,0.5611258,0.12041420489549637,0.8222222328186035,0.6006060838699341
YGR254W,YMR118C,0,0.5609817,0.12039639055728912,0.8222222328186035,0.6007070541381836
YGL142C,YJL035C,0,0.56080323,0.12037858366966248,0.8222222328186035,0.6008080840110779
YML100W,YBL008W,0,0.5606924,0.12036078423261642,0.8222222328186035,0.6009091138839722
YIL036W,YBR028C,0,0.5604791,0.12034299224615097,0.8222222328186035,0.6010100841522217
YKL045W,YER071C,0,0.5603203,0.12032520025968552,0.8222222328186035,0.601111114025116
YNL190W,YNL094W,0,0.560304,0.12030742317438126,0.8222222328186035,0.6012121438980103
YJL174W,YIR031C,0,0.56025547,0.1202896386384964,0.8222222328186035,0.6013131141662598
YPR173C,YOR259C,0,0.56019044,0.12027186900377274,0.8222222328186035,0.601414144039154
YGL231C,YLR067C,0,0.5601252,0.12025409936904907,0.8222222328186035,0.6015151739120483
YEL024W,YGR138C,0,0.5600063,0.120236337184906,0.8222222328186035,0.6016161441802979
YFL026W,YOL059W,0,0.559845,0.12021858245134354,0.8222222328186035,0.6017171740531921
YBR218C,YHR150W,0,0.55966157,0.12020082771778107,0.8222222328186035,0.6018182039260864
YKL069W,YDL124W,0,0.55940694,0.1201830804347992,0.8222222328186035,0.6019191741943359
YPL168W,YOR001W,0,0.5593251,0.12016534060239792,0.8222222328186035,0.6020202040672302
YDR127W,YDR213W,0,0.55904514,0.12014760076999664,0.8222222328186035,0.6021212339401245
YOL144W,YOR258W,0,0.5586907,0.12012986838817596,0.8222222328186035,0.602222204208374
YJL057C,YPL075W,0,0.55864894,0.12011214345693588,0.8222222328186035,0.6023232340812683
YIL013C,YPR114W,0,0.5585541,0.1200944259762764,0.8222222328186035,0.6024242639541626
YPL141C,YPL004C,0,0.5579174,0.12007670849561691,0.8222222328186035,0.6025252342224121
YOR009W,YHR080C,0,0.557533,0.12005899846553802,0.8222222328186035,0.6026262640953064
YKL006W,YBL005W,0,0.5573334,0.12004128843545914,0.8222222328186035,0.6027272939682007
YLR194C,YDL018C,0,0.5571667,0.12002359330654144,0.8222222328186035,0.6028282642364502
YMR230W,YCR035C,0,0.5570572,0.12000589817762375,0.8222222328186035,0.6029292941093445
YAL019W,YOL078W,0,0.5568375,0.11998821049928665,0.8222222328186035,0.6030303239822388
YMR110C,YJL083W,0,0.556707,0.11997052282094955,0.8222222328186035,0.6031312942504883
YNL183C,YCR107W,0,0.5565464,0.11995284259319305,0.8222222328186035,0.6032323241233826
YPL117C,YDR365C,0,0.556327,0.11993516981601715,0.8222222328186035,0.6033333539962769
YOL020W,YHR088W,0,0.5560965,0.11991750448942184,0.8222222328186035,0.6034343242645264
YJL096W,YPL193W,0,0.55607945,0.11989983916282654,0.8222222328186035,0.6035353541374207
YIL147C,YHR113W,0,0.5559358,0.11988218128681183,0.8222222328186035,0.6036363840103149
YML096W,YDL149W,0,0.55574447,0.11986452341079712,0.8222222328186035,0.6037373542785645
YCR107W,YIL005W,0,0.55561924,0.1198468804359436,0.8222222328186035,0.6038383841514587
YPL076W,YDR105C,0,0.5554344,0.11982923746109009,0.8222222328186035,0.603939414024353
YHR185C,YOR380W,0,0.55540174,0.11981160193681717,0.8222222328186035,0.6040403842926025
YBR272C,YCL048W,0,0.5552539,0.11979396641254425,0.8222222328186035,0.6041414141654968
YFR047C,YMR059W,0,0.5552421,0.11977633833885193,0.8222222328186035,0.6042424440383911
YMR286W,YOR253W,0,0.5552228,0.1197587177157402,0.8222222328186035,0.6043434143066406
YPR095C,YOL029C,0,0.5543354,0.11974109709262848,0.8222222328186035,0.6044444441795349
YML127W,YGR245C,0,0.5542311,0.11972349137067795,0.8222222328186035,0.6045454740524292
YOL095C,YGL219C,1,0.5540371,0.1198529377579689,0.8232323527336121,0.6045454740524292
YDL154W,YDR399W,0,0.5539417,0.11983531713485718,0.8232323527336121,0.6046464443206787
YCL044C,YLL053C,0,0.553935,0.11981770396232605,0.8232323527336121,0.604747474193573
YPR100W,YBR191W,0,0.55383384,0.11980009078979492,0.8232323527336121,0.6048485040664673
YCR107W,YMR125W,0,0.5537439,0.1197824776172638,0.8232323527336121,0.6049494743347168
YMR225C,YNL164C,0,0.55335927,0.11976487934589386,0.8232323527336121,0.6050505042076111
YOL029C,YLR460C,0,0.55282384,0.11974728107452393,0.8232323527336121,0.6051515340805054
YPR095C,YDR359C,0,0.5528163,0.11972969025373459,0.8232323527336121,0.6052525043487549
YOR158W,YDL102W,0,0.552813,0.11971210688352585,0.8232323527336121,0.6053535342216492
YOL011W,YLR143W,0,0.5524747,0.11969452351331711,0.8232323527336121,0.6054545640945435
YLR193C,YPR131C,1,0.5523121,0.11982379108667374,0.8242424130439758,0.6054545640945435
YBL087C,YDR227W,0,0.5521915,0.1198061928153038,0.8242424130439758,0.605555534362793
YIL037C,YDR087C,0,0.5521606,0.11978860944509506,0.8242424130439758,0.6056565642356873
YCL044C,YPR199C,0,0.5521027,0.11977102607488632,0.8242424130439758,0.6057575941085815
YGR142W,YPL097W,0,0.55209726,0.11975345015525818,0.8242424130439758,0.605858564376831
YGR178C,YNL111C,0,0.5519907,0.11973587423563004,0.8242424130439758,0.6059595942497253
YBR188C,YDR303C,0,0.5519665,0.11971831321716309,0.8242424130439758,0.6060606241226196
YKL149C,YBR065C,0,0.5519201,0.11970074474811554,0.8242424130439758,0.6061615943908691
YOL076W,YMR072W,1,0.55145055,0.11982986330986023,0.8252525329589844,0.6061615943908691
YBR091C,YIL062C,1,0.55141217,0.11995893716812134,0.8262626528739929,0.6061615943908691
YDR150W,YOR330C,1,0.5509782,0.12008797377347946,0.8272727131843567,0.6061615943908691
YEL005C,YML092C,0,0.54970473,0.12007036805152893,0.8272727131843567,0.6062626242637634
YAL015C,YBR180W,0,0.54924,0.120052769780159,0.8272727131843567,0.6063636541366577
YJR073C,YFR034C,0,0.5487276,0.12003517150878906,0.8272727131843567,0.6064646244049072
YBR034C,YER127W,0,0.5483924,0.12001758813858032,0.8272727131843567,0.6065656542778015
YJL162C,YOL023W,0,0.5482882,0.11999999731779099,0.8272727131843567,0.6066666841506958
YOL023W,YKL006W,0,0.54797465,0.11998242139816284,0.8272727131843567,0.6067676544189453
YMR274C,YJR131W,0,0.54738015,0.1199648454785347,0.8272727131843567,0.6068686842918396
YHR139C,YPL176C,0,0.54728544,0.11994727700948715,0.8272727131843567,0.6069697141647339
YAL048C,YDR150W,1,0.54721445,0.12007614225149155,0.8282828330993652,0.6069697141647339
YHR185C,YOL032W,0,0.54710525,0.1200585663318634,0.8282828330993652,0.6070706844329834
YCL017C,YMR059W,0,0.54708004,0.12004099041223526,0.8282828330993652,0.6071717143058777
YNL183C,YHR201C,0,0.5470647,0.12002342194318771,0.8282828330993652,0.607272744178772
YIL056W,YGR296W,0,0.547055,0.12000585347414017,0.8282828330993652,0.6073737144470215
YOL055C,YHR214W,0,0.54704446,0.11998829245567322,0.8282828330993652,0.6074747443199158
YGR235C,YJR042W,0,0.5469137,0.11997073888778687,0.8282828330993652,0.6075757741928101
YOL020W,YML096W,0,0.5468066,0.11995318531990051,0.8282828330993652,0.6076767444610596
YER041W,YNL156C,0,0.54675025,0.11993564665317535,0.8282828330993652,0.6077777743339539
YKL129C,YLR337C,0,0.5467351,0.1199181079864502,0.8282828330993652,0.6078788042068481
YGL076C,YHR154W,0,0.54673076,0.11990056931972504,0.8282828330993652,0.6079797744750977
YBR279W,YIR026C,0,0.54636025,0.11988303810358047,0.8282828330993652,0.6080808043479919
YLR001C,YGR122W,0,0.546164,0.11986551433801651,0.8282828330993652,0.6081818342208862
YJL162C,YIL043C,0,0.54610443,0.11984799802303314,0.8282828330993652,0.6082828044891357
YJR027W,YPR199C,0,0.5460213,0.11983048170804977,0.8282828330993652,0.60838383436203
YOR091W,YBR107C,0,0.5459568,0.119812972843647,0.8282828330993652,0.6084848642349243
YPL116W,YFL049W,0,0.54580724,0.11979547142982483,0.8282828330993652,0.6085858345031738
YDR280W,YHR150W,0,0.5457876,0.11977797001600266,0.8282828330993652,0.6086868643760681
YLR432W,YPL239W,0,0.5456112,0.11976047605276108,0.8282828330993652,0.6087878942489624
YOR049C,YDR122W,0,0.5456048,0.1197429895401001,0.8282828330993652,0.6088888645172119
YHL017W,YDR021W,0,0.5455089,0.11972551047801971,0.8282828330993652,0.6089898943901062
YPR133C,YER060W,0,0.5454617,0.11970803141593933,0.8282828330993652,0.6090909242630005
YNL076W,YNL216W,0,0.54537773,0.11969055980443954,0.8282828330993652,0.60919189453125
YNL167C,YNL024C,0,0.54477966,0.11967308819293976,0.8282828330993652,0.6092929244041443
YOL009C,YHR194W,1,0.54475546,0.11980154365301132,0.8292929530143738,0.6092929244041443
YDR261C,YGR224W,0,0.54470867,0.11978406459093094,0.8292929530143738,0.6093939542770386
YBL051C,YGL049C,0,0.54466945,0.11976659297943115,0.8292929530143738,0.6094949245452881
YPR097W,YGR211W,0,0.5446171,0.11974912136793137,0.8292929530143738,0.6095959544181824
YDR308C,YOR319W,0,0.5443357,0.11973166465759277,0.8292929530143738,0.6096969842910767
YGL063W,YLR075W,0,0.5443025,0.11971420049667358,0.8292929530143738,0.6097979545593262
YNL328C,YDR375C,1,0.5442498,0.1198425441980362,0.8303030133247375,0.6097979545593262
YER038C,YGR296W,0,0.5442168,0.11982507258653641,0.8303030133247375,0.6098989844322205
YLR194C,YKR083C,0,0.54324156,0.11980760842561722,0.8303030133247375,0.6100000143051147
YDR212W,YHR201C,0,0.54298586,0.11979015171527863,0.8303030133247375,0.6101009845733643
YHR009C,YOL132W,0,0.54295874,0.11977269500494003,0.8303030133247375,0.6102020144462585
YNL183C,YDR204W,0,0.5427546,0.11975524574518204,0.8303030133247375,0.6103030443191528
YKL014C,YOR117W,0,0.5426032,0.11973780393600464,0.8303030133247375,0.6104040145874023
YAR042W,YHR114W,0,0.5416557,0.11972036212682724,0.8303030133247375,0.6105050444602966
YLR085C,YMR232W,0,0.5414435,0.11970292776823044,0.8303030133247375,0.6106060743331909
YML133C,YNR055C,0,0.54141045,0.11968550086021423,0.8303030133247375,0.6107070446014404
YGL063W,YLR260W,0,0.54114014,0.11966807395219803,0.8303030133247375,0.6108080744743347
YCR016W,YNR019W,0,0.54097325,0.11965065449476242,0.8303030133247375,0.610909104347229
YOR101W,YLR313C,0,0.54094386,0.11963324248790741,0.8303030133247375,0.6110100746154785
YGL073W,YDL012C,0,0.5409172,0.1196158304810524,0.8303030133247375,0.6111111044883728
YPR100W,YHL015W,0,0.5408487,0.11959842592477798,0.8303030133247375,0.6112121343612671
YGR046W,YJR120W,1,0.5405652,0.1197265088558197,0.8313131332397461,0.6112121343612671
YHR035W,YBR301W,0,0.5405133,0.1197090893983841,0.8313131332397461,0.6113131046295166
YIL068C,YOR009W,0,0.54035026,0.11969168484210968,0.8313131332397461,0.6114141345024109
YLR239C,YPL224C,0,0.5401071,0.11967428028583527,0.8313131332397461,0.6115151643753052
YDR246W,YPR086W,0,0.5399302,0.11965687572956085,0.8313131332397461,0.6116161346435547
YGL144C,YER038C,0,0.5397478,0.11963948607444763,0.8313131332397461,0.611717164516449
YLR075W,YPR133C,0,0.5397227,0.11962209641933441,0.8313131332397461,0.6118181943893433
YOR189W,YKL080W,0,0.5394453,0.11960470676422119,0.8313131332397461,0.6119191646575928
YAL030W,YDR005C,0,0.53921753,0.11958733201026917,0.8313131332397461,0.6120201945304871
YPR071W,YNL287W,0,0.5387458,0.11956995725631714,0.8313131332397461,0.6121212244033813
YMR053C,YHR090C,0,0.5387149,0.11955258250236511,0.8313131332397461,0.6122221946716309
YNL056W,YJL181W,0,0.5385946,0.11953522264957428,0.8313131332397461,0.6123232245445251
YER041W,YDR005C,0,0.5381716,0.11951786279678345,0.8313131332397461,0.6124242544174194
YNL233W,YPL168W,0,0.5381108,0.11950051039457321,0.8313131332397461,0.612525224685669
YKL048C,YIL087C,0,0.53801876,0.11948315799236298,0.8313131332397461,0.6126262545585632
YOR236W,YBR045C,0,0.5374389,0.11946581304073334,0.8313131332397461,0.6127272844314575
YOR081C,YPL010W,0,0.5373983,0.1194484755396843,0.8313131332397461,0.612828254699707
YGL098W,YER149C,0,0.53727627,0.11943114548921585,0.8313131332397461,0.6129292845726013
YIL120W,YNL132W,0,0.53711224,0.1194138154387474,0.8313131332397461,0.6130303144454956
YOR316C,YDR516C,0,0.53696865,0.11939649283885956,0.8313131332397461,0.6131312847137451
YNL194C,YJL001W,0,0.5368945,0.11937917023897171,0.8313131332397461,0.6132323145866394
YER109C,YDL087C,0,0.5367786,0.11936185508966446,0.8313131332397461,0.6133333444595337
YOR193W,YGL005C,0,0.53674287,0.1193445473909378,0.8313131332397461,0.6134343147277832
YER040W,YMR226C,0,0.53664696,0.11932724714279175,0.8313131332397461,0.6135353446006775
YPL176C,YER129W,0,0.535998,0.11930994689464569,0.8313131332397461,0.6136363744735718
YDR545W,YEL051W,0,0.5359476,0.11929265409708023,0.8313131332397461,0.6137373447418213
YLR460C,YDL139C,0,0.5359272,0.11927536129951477,0.8313131332397461,0.6138383746147156
YDR273W,YLL014W,0,0.53583515,0.11925807595252991,0.8313131332397461,0.6139394044876099
YOR026W,YCR021C,0,0.53524375,0.11924079805612564,0.8313131332397461,0.6140403747558594
YFL061W,YLR315W,0,0.5351221,0.11922352761030197,0.8313131332397461,0.6141414046287537
YKL155C,YHR005C,0,0.534716,0.1192062571644783,0.8313131332397461,0.614242434501648
YPL156C,YDR257C,0,0.53448033,0.11918899416923523,0.8313131332397461,0.6143434047698975
YIL052C,YOL132W,0,0.534445,0.11917173117399216,0.8313131332397461,0.6144444346427917
YBR211C,YBR162C,0,0.53437954,0.11915448307991028,0.8313131332397461,0.614545464515686
YNL240C,YHR114W,0,0.53431463,0.1191372349858284,0.8313131332397461,0.6146464943885803
YHR073W,YER149C,0,0.5339416,0.11911998689174652,0.8313131332397461,0.6147474646568298
YKL026C,YNL056W,0,0.5338453,0.11910274624824524,0.8313131332397461,0.6148484945297241
YOR002W,YIL167W,0,0.5333687,0.11908551305532455,0.8313131332397461,0.6149495244026184
YGL067W,YHL003C,0,0.5331668,0.11906828731298447,0.8313131332397461,0.6150504946708679
YPL233W,YHR133C,0,0.53314006,0.11905106157064438,0.8313131332397461,0.6151515245437622
YHR214W,YJL026W,0,0.532592,0.11903384327888489,0.8313131332397461,0.6152525544166565
YMR234W,YLL014W,0,0.53250015,0.119016632437706,0.8313131332397461,0.615353524684906
YNL328C,YHR194W,1,0.53231347,0.1191440150141716,0.8323232531547546,0.615353524684906
YMR226C,YLR058C,0,0.5322415,0.11912678927183151,0.8323232531547546,0.6154545545578003
YDL247W,YHR006W,0,0.5321292,0.11910957098007202,0.8323232531547546,0.6155555844306946
YHR205W,YLR189C,0,0.5319243,0.11909235268831253,0.8323232531547546,0.6156565546989441
YNL214W,YLR328W,0,0.5317918,0.11907514184713364,0.8323232531547546,0.6157575845718384
YBL013W,YPR008W,0,0.5314246,0.11905793845653534,0.8323232531547546,0.6158586144447327
YKR096W,YPL173W,0,0.53131443,0.11904074251651764,0.8323232531547546,0.6159595847129822
YOL076W,YMR035W,1,0.5312585,0.1191679909825325,0.8333333134651184,0.6159595847129822
YCR045C,YGL198W,0,0.5311306,0.11915078014135361,0.8333333134651184,0.6160606145858765
YOL084W,YPR017C,0,0.531057,0.11913357675075531,0.8333333134651184,0.6161616444587708
YDR377W,YPL176C,0,0.5310186,0.11911637336015701,0.8333333134651184,0.6162626147270203
YDL135C,YBR016W,0,0.53100103,0.11909917742013931,0.8333333134651184,0.6163636445999146
YNL233W,YBR248C,0,0.53024954,0.11908198893070221,0.8333333134651184,0.6164646744728088
YJL035C,YML047C,0,0.5301917,0.1190648004412651,0.8333333134651184,0.6165656447410583
YHR194W,YOL095C,1,0.5296836,0.11919192224740982,0.834343433380127,0.6165656447410583
YLR058C,YLR054C,0,0.52963156,0.11917471885681152,0.834343433380127,0.6166666746139526
YGL005C,YHR149C,0,0.5293858,0.11915753036737442,0.834343433380127,0.6167677044868469
YLR075W,YPL010W,0,0.5292445,0.11914034187793732,0.834343433380127,0.6168686747550964
YOR081C,YHR110W,0,0.5291139,0.11912316083908081,0.834343433380127,0.6169697046279907
YOL132W,YOL032W,0,0.52897096,0.1191059872508049,0.834343433380127,0.617070734500885
YBL031W,YNL278W,0,0.5288824,0.11908881366252899,0.834343433380127,0.6171717047691345
YOR078W,YHL025W,0,0.5288809,0.11907164752483368,0.834343433380127,0.6172727346420288
YDR434W,YDR308C,0,0.5287766,0.11905448138713837,0.834343433380127,0.6173737645149231
YCR035C,YDR165W,0,0.5287303,0.11903732270002365,0.834343433380127,0.6174747347831726
YKL149C,YKL005C,0,0.5285309,0.11902017146348953,0.834343433380127,0.6175757646560669
YAL002W,YPR174C,0,0.52809787,0.11900302767753601,0.834343433380127,0.6176767945289612
YHL011C,YGL240W,0,0.52792805,0.11898588389158249,0.834343433380127,0.6177777647972107
YJR084W,YLR248W,0,0.52774864,0.11896874755620956,0.834343433380127,0.617878794670105
YLR377C,YPL176C,0,0.5277102,0.11895161122083664,0.834343433380127,0.6179798245429993
YLL026W,YNL318C,0,0.5272208,0.11893448233604431,0.834343433380127,0.6180807948112488
YDR091C,YNR071C,0,0.5272027,0.11891736090183258,0.834343433380127,0.6181818246841431
YLR345W,YKL060C,0,0.52719283,0.11890024691820145,0.834343433380127,0.6182828545570374
YHR035W,YJL045W,0,0.52684206,0.11888313293457031,0.834343433380127,0.6183838248252869
YDR438W,YDL211C,0,0.5267042,0.11886602640151978,0.834343433380127,0.6184848546981812
YLR215C,YBR109C,0,0.52660114,0.11884891986846924,0.834343433380127,0.6185858845710754
YKR078W,YHR073W,0,0.5264123,0.1188318207859993,0.834343433380127,0.618686854839325
YDR235W,YER044C-A,0,0.52636933,0.11881472915410995,0.834343433380127,0.6187878847122192
YNR038W,YPL040C,0,0.5263565,0.11879764497280121,0.834343433380127,0.6188889145851135
YMR226C,YDR246W,0,0.52621466,0.11878056079149246,0.834343433380127,0.618989884853363
YLR223C,YOR259C,0,0.5260413,0.11876347661018372,0.834343433380127,0.6190909147262573
YKL145W,YNL024C,0,0.52581185,0.11874640733003616,0.834343433380127,0.6191919445991516
YMR226C,YJR054W,0,0.5256393,0.11872933804988861,0.834343433380127,0.6192929148674011
YMR262W,YLR248W,0,0.5253523,0.11871227622032166,0.834343433380127,0.6193939447402954
YNL328C,YIL098C,1,0.52525896,0.11883891373872757,0.8353535532951355,0.6193939447402954
YDR075W,YDR406W,0,0.52506393,0.11882183700799942,0.8353535532951355,0.6194949746131897
YLR060W,YMR074C,0,0.5249286,0.11880476772785187,0.8353535532951355,0.6195959448814392
YDR235W,YCR038C,0,0.52445513,0.11878770589828491,0.8353535532951355,0.6196969747543335
YOR091W,YHR114W,0,0.524434,0.11877064406871796,0.8353535532951355,0.6197980046272278
YER038C,YDL117W,0,0.5241661,0.1187535896897316,0.8353535532951355,0.6198989748954773
YMR081C,YFL049W,0,0.5237429,0.11873654276132584,0.8353535532951355,0.6200000047683716
YAL011W,YPL178W,0,0.5236601,0.11871949583292007,0.8353535532951355,0.6201010346412659
YDR280W,YCL044C,0,0.5235588,0.11870245635509491,0.8353535532951355,0.6202020049095154
YKL150W,YEL006W,0,0.52312,0.11868541687726974,0.8353535532951355,0.6203030347824097
YBL038W,YNL024C,0,0.52308196,0.11866839230060577,0.8353535532951355,0.620404064655304
YOL098C,YKL150W,0,0.52294195,0.1186513602733612,0.8353535532951355,0.6205050349235535
YDR515W,YNL076W,0,0.5229323,0.11863434314727783,0.8353535532951355,0.6206060647964478
YKL063C,YGR296W,0,0.5227745,0.11861732602119446,0.8353535532951355,0.620707094669342
YDR289C,YOR272W,0,0.5225742,0.11860031634569168,0.8353535532951355,0.6208080649375916
YHR214W,YER139C,0,0.5225036,0.1185833066701889,0.8353535532951355,0.6209090948104858
YGR217W,YMR226C,0,0.52245474,0.11856631189584732,0.8353535532951355,0.6210101246833801
YIL106W,YBL031W,0,0.52208525,0.11854930967092514,0.8353535532951355,0.6211110949516296
YPL175W,YLL057C,0,0.521963,0.11853232234716415,0.8353535532951355,0.6212121248245239
YER081W,YJL083W,0,0.52185935,0.11851533502340317,0.8353535532951355,0.6213131546974182
YNL194C,YPL175W,0,0.5218462,0.11849835515022278,0.8353535532951355,0.6214141249656677
YHR122W,YBR049C,0,0.5218079,0.11848137527704239,0.8353535532951355,0.621515154838562
YLR039C,YJL069C,0,0.5217354,0.1184644028544426,0.8353535532951355,0.6216161847114563
YOR249C,YER071C,0,0.5212023,0.1184474378824234,0.8353535532951355,0.6217171549797058
YEL018W,YLR247C,0,0.52118194,0.1184304729104042,0.8353535532951355,0.6218181848526001
YOR247W,YLR023C,0,0.5210411,0.1184135153889656,0.8353535532951355,0.6219192147254944
YAL048C,YHR120W,1,0.5209061,0.1185397282242775,0.8363636136054993,0.6219192147254944
YKL029C,YJL216C,0,0.5208705,0.1185227632522583,0.8363636136054993,0.6220201849937439
YNL286W,YKL048C,0,0.52051914,0.1185057982802391,0.8363636136054993,0.6221212148666382
YML011C,YPR155C,0,0.5204213,0.1184888407588005,0.8363636136054993,0.6222222447395325
YGR208W,YKR083C,0,0.5200925,0.11847188323736191,0.8363636136054993,0.622323215007782
YIR004W,YLR001C,0,0.52004445,0.1184549331665039,0.8363636136054993,0.6224242448806763
YBR211C,YMR153W,0,0.51998043,0.1184379905462265,0.8363636136054993,0.6225252747535706
YHR146W,YNR033W,0,0.51969606,0.1184210553765297,0.8363636136054993,0.6226262450218201
YJR041C,YOR157C,0,0.51969564,0.11840412020683289,0.8363636136054993,0.6227272748947144
YLR426W,YDR039C,0,0.51957595,0.11838719248771667,0.8363636136054993,0.6228283047676086
YOR383C,YDR300C,0,0.51955944,0.11837026476860046,0.8363636136054993,0.6229292750358582
YPL036W,YNR038W,0,0.5195416,0.11835334450006485,0.8363636136054993,0.6230303049087524
YPL189W,YOR059C,0,0.51915383,0.11833643168210983,0.8363636136054993,0.6231313347816467
YDL093W,YKR095W-A,0,0.51879984,0.11831951886415482,0.8363636136054993,0.6232323050498962
YLR058C,YNL176C,0,0.5186986,0.1183026134967804,0.8363636136054993,0.6233333349227905
YML011C,YGL194C,0,0.518423,0.11828571557998657,0.8363636136054993,0.6234343647956848
YGR212W,YPL043W,0,0.5183224,0.11826881766319275,0.8363636136054993,0.6235353350639343
YGR202C,YER142C,0,0.51823825,0.11825192719697952,0.8363636136054993,0.6236363649368286
YIL037C,YIL030C,0,0.5181765,0.1182350441813469,0.8363636136054993,0.6237373948097229
YLR085C,YLR052W,0,0.51807433,0.11821816116571426,0.8363636136054993,0.6238383650779724
YDR189W,YJL089W,0,0.51782095,0.11820128560066223,0.8363636136054993,0.6239393949508667
YER031C,YPL280W,0,0.5177898,0.1181844100356102,0.8363636136054993,0.624040424823761
YKL132C,YNL036W,0,0.5177327,0.11816754937171936,0.8363636136054993,0.6241413950920105
YPL138C,YLR323C,0,0.51771694,0.11815068125724792,0.8363636136054993,0.6242424249649048
YPL043W,YCR038C,0,0.51760566,0.11813382804393768,0.8363636136054993,0.6243434548377991
YPR148C,YNL156C,0,0.5174137,0.11811697483062744,0.8363636136054993,0.6244444251060486
YPL058C,YNL024C,0,0.5174034,0.1181001290678978,0.8363636136054993,0.6245454549789429
YKL191W,YER038C,0,0.5170496,0.11808328330516815,0.8363636136054993,0.6246464848518372
YER041W,YML102W,0,0.51692665,0.1180664449930191,0.8363636136054993,0.6247474551200867
YPL001W,YBR189W,0,0.5169256,0.11804961413145065,0.8363636136054993,0.624848484992981
YOR016C,YNL288W,0,0.51670057,0.1180327832698822,0.8363636136054993,0.6249495148658752
YFL025C,YHL006C,0,0.51657426,0.11801595985889435,0.8363636136054993,0.6250504851341248
YJR027W,YHL021C,0,0.5165713,0.11799914389848709,0.8363636136054993,0.625151515007019
YER100W,YGR040W,0,0.51641023,0.11798232793807983,0.8363636136054993,0.6252525448799133
YHR096C,YNL181W,0,0.5163423,0.11796551942825317,0.8363636136054993,0.6253535151481628
YDR098C,YJL216C,0,0.51605254,0.11794871836900711,0.8363636136054993,0.6254545450210571
YBR085W,YCL054W,0,0.51593846,0.11793191730976105,0.8363636136054993,0.6255555748939514
YOR334W,YOR103C,0,0.51587015,0.11791512370109558,0.8363636136054993,0.6256565451622009
YOR068C,YML102W,0,0.51578367,0.11789833754301071,0.8363636136054993,0.6257575750350952
YPR131C,YMR072W,1,0.51573396,0.11802391707897186,0.8373737335205078,0.6257575750350952
YGR046W,YAL048C,1,0.515316,0.11814946681261063,0.8383838534355164,0.6257575750350952
YML041C,YJR046W,0,0.5152899,0.11813265085220337,0.8383838534355164,0.6258586049079895
YNL328C,YJR118C,1,0.51528895,0.11825814843177795,0.8393939137458801,0.6258586049079895
YHR210C,YDR359C,0,0.51469266,0.1182413175702095,0.8393939137458801,0.625959575176239
YKL138C-A,YML016C,0,0.51460725,0.11822450160980225,0.8393939137458801,0.6260606050491333
YPL207W,YGR129W,0,0.51435506,0.11820767819881439,0.8393939137458801,0.6261616349220276
YPL171C,YKL079W,0,0.51433814,0.11819086968898773,0.8393939137458801,0.6262626051902771
YNL328C,YMR035W,1,0.51414984,0.11831627041101456,0.8404040336608887,0.6262626051902771
YNL247W,YNR055C,0,0.5138936,0.1182994470000267,0.8404040336608887,0.6263636350631714
YDR545W,YGL115W,0,0.5135616,0.11828262358903885,0.8404040336608887,0.6264646649360657
YPR003C,YOR103C,0,0.51330316,0.11826581507921219,0.8404040336608887,0.6265656352043152
YGL076C,YER044C-A,0,0.5132421,0.11824900656938553,0.8404040336608887,0.6266666650772095
YBR038W,YKL051W,0,0.51294565,0.11823219805955887,0.8404040336608887,0.6267676949501038
YJR117W,YMR055C,0,0.51288056,0.1182154044508934,0.8404040336608887,0.6268686652183533
YKR093W,YGL085W,0,0.5128677,0.11819861084222794,0.8404040336608887,0.6269696950912476
YEL005C,YPR017C,0,0.51276255,0.11818181723356247,0.8404040336608887,0.6270707249641418
YOR358W,YOL029C,0,0.512556,0.1181650310754776,0.8404040336608887,0.6271716952323914
YDR325W,YNL036W,0,0.5123485,0.11814825236797333,0.8404040336608887,0.6272727251052856
YNL068C,YLR247C,0,0.5121328,0.11813148111104965,0.8404040336608887,0.6273737549781799
YNL183C,YPL169C,0,0.51201737,0.11811470985412598,0.8404040336608887,0.6274747252464294
YML011C,YBR094W,0,0.5119532,0.1180979385972023,0.8404040336608887,0.6275757551193237
YKL014C,YDR545W,0,0.51161283,0.11808118224143982,0.8404040336608887,0.627676784992218
YDL209C,YOR079C,0,0.511455,0.11806442588567734,0.8404040336608887,0.6277777552604675
YGR296W,YLR175W,0,0.5112214,0.11804766952991486,0.8404040336608887,0.6278787851333618
YPR034W,YGL151W,0,0.510885,0.11803092807531357,0.8404040336608887,0.6279798150062561
YHR037W,YER005W,0,0.5108075,0.11801418662071228,0.8404040336608887,0.6280807852745056
YNL190W,YDR261C,0,0.5106318,0.11799744516611099,0.8404040336608887,0.6281818151473999
YGL189C,YKR007W,0,0.5103456,0.1179807111620903,0.8404040336608887,0.6282828450202942
YHL003C,YKR099W,0,0.50951666,0.11796398460865021,0.8404040336608887,0.6283838152885437
YOR156C,YKR049C,0,0.50939673,0.11794726550579071,0.8404040336608887,0.628484845161438
YBR078W,YLR143W,0,0.5093698,0.11793054640293121,0.8404040336608887,0.6285858750343323
YFR027W,YJR153W,0,0.50921404,0.11791383475065231,0.8404040336608887,0.6286868453025818
YLR037C,YLR196W,0,0.50920576,0.11789712309837341,0.8404040336608887,0.6287878751754761
YML059C,YDL087C,0,0.50916255,0.11788041889667511,0.8404040336608887,0.6288889050483704
YIL064W,YBR005W,0,0.50906444,0.1178637221455574,0.8404040336608887,0.6289898753166199
YFL005W,YAL011W,0,0.508982,0.1178470253944397,0.8404040336608887,0.6290909051895142
YDR367W,YKL060C,0,0.508926,0.11783033609390259,0.8404040336608887,0.6291919350624084
YIL118W,YDR412W,0,0.50888354,0.11781365424394608,0.8404040336608887,0.629292905330658
YLR083C,YKR096W,0,0.50872165,0.11779697239398956,0.8404040336608887,0.6293939352035522
YLR143W,YOR110W,0,0.508486,0.11778029799461365,0.8404040336608887,0.6294949650764465
YMR063W,YMR183C,0,0.5083473,0.11776362359523773,0.8404040336608887,0.629595935344696
YFL061W,YBL038W,0,0.5080994,0.11774695664644241,0.8404040336608887,0.6296969652175903
YGR005C,YOL061W,0,0.5072231,0.11773029714822769,0.8404040336608887,0.6297979950904846
YOL011W,YOR001W,0,0.50667185,0.11771363765001297,0.8404040336608887,0.6298989653587341
YPR114W,YBR131W,0,0.50646615,0.11769698560237885,0.8404040336608887,0.6299999952316284
YFL011W,YKL032C,0,0.5064085,0.11768034100532532,0.8404040336608887,0.6301010251045227
YPL105C,YPL115C,0,0.5062181,0.11766369640827179,0.8404040336608887,0.6302019953727722
YDR246W,YIR026C,0,0.5062065,0.11764705926179886,0.8404040336608887,0.6303030252456665
YDL247W,YLR194C,0,0.5061076,0.11763042211532593,0.8404040336608887,0.6304040551185608
YGL067W,YFR040W,0,0.5058005,0.11761379987001419,0.8404040336608887,0.6305050253868103
YJL054W,YOR330C,1,0.5055011,0.1177385151386261,0.8414141535758972,0.6305050253868103
YOL122C,YFL056C,0,0.50504154,0.11772187799215317,0.8414141535758972,0.6306060552597046
YNR037C,YML082W,0,0.5049636,0.11770524084568024,0.8414141535758972,0.6307070851325989
YOR380W,YBR272C,0,0.5049178,0.1176886111497879,0.8414141535758972,0.6308080554008484
YHR009C,YKL006W,0,0.5047282,0.11767198890447617,0.8414141535758972,0.6309090852737427
YGL067W,YIL037C,0,0.5045733,0.11765536665916443,0.8414141535758972,0.631010115146637
YDL124W,YCL044C,0,0.50445,0.11763875186443329,0.8414141535758972,0.6311110854148865
YDR100W,YPL225W,0,0.50432885,0.11762213706970215,0.8414141535758972,0.6312121152877808
YAL011W,YHR080C,0,0.50396264,0.1176055371761322,0.8414141535758972,0.631313145160675
YPL105C,YDR323C,0,0.50365627,0.11758892983198166,0.8414141535758972,0.6314141154289246
YGR142W,YDL134C,0,0.5036507,0.11757233738899231,0.8414141535758972,0.6315151453018188
YPR100W,YNL068C,0,0.50331247,0.11755574494600296,0.8414141535758972,0.6316161751747131
YHR210C,YML120C,0,0.50199354,0.11753915250301361,0.8414141535758972,0.6317171454429626
YLR315W,YGL192W,0,0.5017826,0.11752257496118546,0.8414141535758972,0.6318181753158569
YMR048W,YNR033W,0,0.5017504,0.1175059974193573,0.8414141535758972,0.6319192051887512
YJL078C,YHL003C,0,0.50158966,0.11748941987752914,0.8414141535758972,0.6320201754570007
YNL286W,YOR193W,0,0.50119275,0.11747284978628159,0.8414141535758972,0.632121205329895
YPL036W,YPR133C,0,0.50113475,0.11745628714561462,0.8414141535758972,0.6322222352027893
YLR323C,YBR301W,0,0.50103366,0.11743973195552826,0.8414141535758972,0.6323232054710388
YAL007C,YMR215W,0,0.5008833,0.1174231767654419,0.8414141535758972,0.6324242353439331
YJL045W,YOR026W,0,0.50085366,0.11740662157535553,0.8414141535758972,0.6325252652168274
YER031C,YJR109C,0,0.5006794,0.11739008128643036,0.8414141535758972,0.6326262354850769
YBR094W,YLR068W,0,0.5004199,0.11737354099750519,0.8414141535758972,0.6327272653579712
YPL141C,YNL194C,0,0.49940833,0.11735700070858002,0.8414141535758972,0.6328282952308655
YLR194C,YBL031W,0,0.49937868,0.11734046787023544,0.8414141535758972,0.632929265499115
YMR215W,YEL051W,0,0.4991966,0.11732394248247147,0.8414141535758972,0.6330302953720093
YNL216W,YPL161C,0,0.4991012,0.11730742454528809,0.8414141535758972,0.6331313252449036
YJR048W,YNR024W,0,0.4990627,0.1172909066081047,0.8414141535758972,0.6332322955131531
YOR334W,YDR025W,0,0.49865767,0.11727438867092133,0.8414141535758972,0.6333333253860474
YNL250W,YLR055C,0,0.49838847,0.11725788563489914,0.8414141535758972,0.6334343552589417
YPL116W,YKL155C,0,0.49814007,0.11724138259887695,0.8414141535758972,0.6335353255271912
YKR034W,YMR313C,0,0.49805045,0.11722487956285477,0.8414141535758972,0.6336363554000854
YGL246C,YML047C,0,0.49743608,0.11720838397741318,0.8414141535758972,0.6337373852729797
YAL051W,YBL025W,0,0.49707687,0.11719189584255219,0.8414141535758972,0.6338383555412292
YNL328C,YEL020W-A,1,0.49696022,0.11731607466936111,0.842424213886261,0.6338383555412292
YOL135C,YER060W-A,0,0.4968082,0.11729957908391953,0.842424213886261,0.6339393854141235
YHR035W,YCR105W,0,0.49680617,0.11728308349847794,0.842424213886261,0.6340404152870178
YDR325W,YOR068C,0,0.496508,0.11726659536361694,0.842424213886261,0.6341413855552673
YKL063C,YDL046W,0,0.49638173,0.11725010722875595,0.842424213886261,0.6342424154281616
YHL003C,YNL287W,0,0.49630097,0.11723362654447556,0.842424213886261,0.6343434453010559
YNR071C,YLR292C,0,0.4961566,0.11721714586019516,0.842424213886261,0.6344444155693054
YDR386W,YCL054W,0,0.4961413,0.11720067262649536,0.842424213886261,0.6345454454421997
YDR325W,YLR060W,0,0.49604592,0.11718420684337616,0.842424213886261,0.634646475315094
YJL054W,YOR060C,1,0.49597523,0.11730822920799255,0.8434343338012695,0.634646475315094
YPR008W,YDR176W,0,0.4958729,0.11729175597429276,0.8434343338012695,0.6347474455833435
YCR018C,YDL211C,0,0.49580112,0.11727528274059296,0.8434343338012695,0.6348484754562378
YKL185W,YHR073W,0,0.4956068,0.11725880950689316,0.8434343338012695,0.6349495053291321
YMR041C,YBR131W,0,0.49523932,0.11724235117435455,0.8434343338012695,0.6350504755973816
YOR018W,YHL026C,0,0.49520838,0.11722588539123535,0.8434343338012695,0.6351515054702759
YNL199C,YDR217C,0,0.4952049,0.11720943450927734,0.8434343338012695,0.6352525353431702
YBR016W,YEL027W,0,0.4949143,0.11719298362731934,0.8434343338012695,0.6353535056114197
YEL048C,YKR100C,0,0.4948445,0.11717654019594193,0.8434343338012695,0.635454535484314
YFR016C,YLR011W,0,0.49482042,0.11716009676456451,0.8434343338012695,0.6355555653572083
YNL286W,YGL107C,0,0.4947631,0.1171436607837677,0.8434343338012695,0.6356565952301025
YJR027W,YDR438W,0,0.49476108,0.11712722480297089,0.8434343338012695,0.635757565498352
YCR005C,YML082W,0,0.49472257,0.11711079627275467,0.8434343338012695,0.6358585953712463
YDL189W,YMR091C,0,0.49470294,0.11709437519311905,0.8434343338012695,0.6359596252441406
YKR096W,YIL053W,0,0.49456677,0.11707796156406403,0.8434343338012695,0.6360605955123901
YLR037C,YGR120C,0,0.49443054,0.117061547935009,0.8434343338012695,0.6361616253852844
YAR009C,YML102W,0,0.49417183,0.11704513430595398,0.8434343338012695,0.6362626552581787
YCR106W,YFR025C,0,0.4940596,0.11702872812747955,0.8434343338012695,0.6363636255264282
YOL096C,YOL059W,0,0.4939857,0.11701232939958572,0.8434343338012695,0.6364646553993225
YHR165C,YMR015C,0,0.49383637,0.11699593812227249,0.8434343338012695,0.6365656852722168
YML045W,YHL031C,0,0.49379024,0.11697954684495926,0.8434343338012695,0.6366666555404663
YIL019W,YKR078W,0,0.493651,0.11696316301822662,0.8434343338012695,0.6367676854133606
YNL020C,YDR437W,0,0.4936224,0.11694677919149399,0.8434343338012695,0.6368687152862549
YEL032W,YPL135W,0,0.49338642,0.11693040281534195,0.8434343338012695,0.6369696855545044
YHR202W,YPL175W,0,0.492891,0.11691402643918991,0.8434343338012695,0.6370707154273987
YGL073W,YAR042W,0,0.49278525,0.11689766496419907,0.8434343338012695,0.637171745300293
YEL019C,YPL254W,0,0.4927543,0.11688129603862762,0.8434343338012695,0.6372727155685425
YIL052C,YPL168W,0,0.49260378,0.11686494201421738,0.8434343338012695,0.6373737454414368
YLR315W,YKR079C,0,0.49249163,0.11684858798980713,0.8434343338012695,0.637474775314331
YFL049W,YBR248C,0,0.4923706,0.11683223396539688,0.8434343338012695,0.6375757455825806
YBR180W,YML047C,0,0.49184933,0.11681589484214783,0.8434343338012695,0.6376767754554749
YGR283C,YPL179W,0,0.49151775,0.11679955571889877,0.8434343338012695,0.6377778053283691
YFR049W,YDR284C,0,0.49149644,0.11678321659564972,0.8434343338012695,0.6378787755966187
YBL035C,YMR242C,0,0.4914886,0.11676688492298126,0.8434343338012695,0.6379798054695129
YLR044C,YHL026C,0,0.49124917,0.1167505607008934,0.8434343338012695,0.6380808353424072
YHR169W,YGL243W,0,0.4912294,0.11673423647880554,0.8434343338012695,0.6381818056106567
YFL035C-B,YIR019C,0,0.4903056,0.11671791970729828,0.8434343338012695,0.638282835483551
YNL216W,YDL031W,0,0.49020728,0.11670161038637161,0.8434343338012695,0.6383838653564453
YGL067W,YLR315W,0,0.49009392,0.11668530106544495,0.8434343338012695,0.6384848356246948
YEL048C,YBR272C,0,0.48989734,0.11666899174451828,0.8434343338012695,0.6385858654975891
YHR205W,YHR014W,0,0.4898345,0.11665269732475281,0.8434343338012695,0.6386868953704834
YFR016C,YLR058C,0,0.4898112,0.11663640290498734,0.8434343338012695,0.6387878656387329
YPR095C,YDL134C,0,0.4896317,0.11662010848522186,0.8434343338012695,0.6388888955116272
YER072W,YGL171W,0,0.48945984,0.11660382896661758,0.8434343338012695,0.6389899253845215
YDR091C,YJL096W,0,0.48945424,0.11658754199743271,0.8434343338012695,0.639090895652771
YCR107W,YBR100W,0,0.48934197,0.11657126992940903,0.8434343338012695,0.6391919255256653
YNL328C,YOL076W,1,0.48929265,0.11669458448886871,0.8444444537162781,0.6391919255256653
YHR149C,YBR168W,0,0.48920193,0.11667829751968384,0.8444444537162781,0.6392929553985596
YNL328C,YML061C,1,0.48920074,0.11680155992507935,0.8454545736312866,0.6392929553985596
YFR047C,YBR028C,0,0.489055,0.11678526550531387,0.8454545736312866,0.6393939256668091
YDR309C,YMR118C,0,0.48882642,0.1167689710855484,0.8454545736312866,0.6394949555397034
YNL056W,YDL124W,0,0.48875144,0.11675268411636353,0.8454545736312866,0.6395959854125977
YFR024C,YPL178W,0,0.4887356,0.11673640459775925,0.8454545736312866,0.6396969556808472
YOR049C,YPL156C,0,0.4886154,0.11672012507915497,0.8454545736312866,0.6397979855537415
YER041W,YDR041W,0,0.48852882,0.11670384556055069,0.8454545736312866,0.6398990154266357
YOR009W,YPL075W,0,0.48848405,0.1166875809431076,0.8454545736312866,0.6399999856948853
YOR136W,YPL018W,0,0.48816887,0.11667131632566452,0.8454545736312866,0.6401010155677795
YIL030C,YLL014W,0,0.4881623,0.11665505170822144,0.8454545736312866,0.6402020454406738
YOR027W,YER040W,0,0.48800883,0.11663879454135895,0.8454545736312866,0.6403030157089233
YGR082W,YJR120W,1,0.48797563,0.11676187813282013,0.8464646339416504,0.6403030157089233
YOR132W,YJR054W,0,0.48778763,0.11674561351537704,0.8464646339416504,0.6404040455818176
YDL106C,YPL076W,0,0.48774904,0.11672934889793396,0.8464646339416504,0.6405050754547119
YOR252W,YOR156C,0,0.48753855,0.11671309173107147,0.8464646339416504,0.6406060457229614
YDR256C,YGL231C,0,0.48753363,0.11669684201478958,0.8464646339416504,0.6407070755958557
YDR300C,YHR193C,0,0.48751885,0.11668059229850769,0.8464646339416504,0.64080810546875
YDL093W,YBR248C,0,0.48731688,0.1166643500328064,0.8464646339416504,0.6409090757369995
YHL038C,YBR248C,0,0.4873112,0.1166481077671051,0.8464646339416504,0.6410101056098938
YGL194C,YNL029C,0,0.48685592,0.1166318729519844,0.8464646339416504,0.6411111354827881
YFR027W,YJL001W,0,0.48681602,0.11661563813686371,0.8464646339416504,0.6412121057510376
YLR324W,YGL049C,0,0.48590794,0.1165994182229042,0.8464646339416504,0.6413131356239319
YGR080W,YGR003W,0,0.48588815,0.1165831908583641,0.8464646339416504,0.6414141654968262
YDR377W,YNL024C,0,0.48579177,0.1165669783949852,0.8464646339416504,0.6415151357650757
YPR148C,YJL173C,0,0.48558646,0.11655076593160629,0.8464646339416504,0.64161616563797
YGR024C,YOR101W,0,0.48550355,0.11653455346822739,0.8464646339416504,0.6417171955108643
YDR111C,YCL068C,0,0.48524776,0.11651835590600967,0.8464646339416504,0.6418181657791138
YLR377C,YHR214W,0,0.48523507,0.11650215834379196,0.8464646339416504,0.6419191956520081
YLL018C-A,YKL134C,1,0.48508662,0.11662496626377106,0.8474747538566589,0.6419191956520081
YOR045W,YLR059C,1,0.48485544,0.11674774438142776,0.8484848737716675,0.6419191956520081
YJL162C,YIL096C,0,0.48444578,0.11673151701688766,0.8484848737716675,0.6420202255249023
YER109C,YBR003W,0,0.48440146,0.11671529710292816,0.8484848737716675,0.6421211957931519
YOR258W,YLR068W,0,0.48387846,0.11669908463954926,0.8484848737716675,0.6422222256660461
YBR005W,YMR118C,0,0.48379824,0.11668287217617035,0.8484848737716675,0.6423232555389404
YJL181W,YPL235W,0,0.48376343,0.11666666716337204,0.8484848737716675,0.6424242258071899
YCR035C,YDR244W,0,0.48372886,0.11665046215057373,0.8484848737716675,0.6425252556800842
YML067C,YPR057W,0,0.48334098,0.11663426458835602,0.8484848737716675,0.6426262855529785
YOR004W,YDR359C,0,0.48322526,0.1166180744767189,0.8484848737716675,0.642727255821228
YDR023W,YGR165W,0,0.48297623,0.11660188436508179,0.8484848737716675,0.6428282856941223
YKL077W,YBR162C,0,0.48270276,0.11658570170402527,0.8484848737716675,0.6429293155670166
YJL181W,YOL059W,0,0.482646,0.11656952649354935,0.8484848737716675,0.6430302858352661
YOR383C,YOR236W,0,0.48262134,0.11655335128307343,0.8484848737716675,0.6431313157081604
YIL014W,YMR195W,0,0.4820629,0.1165371835231781,0.8484848737716675,0.6432323455810547
YML023C,YMR205C,0,0.48199043,0.11652101576328278,0.8484848737716675,0.6433333158493042
YBR268W,YNL164C,0,0.48194033,0.11650485545396805,0.8484848737716675,0.6434343457221985
YJR132W,YPL168W,0,0.48192108,0.11648869514465332,0.8484848737716675,0.6435353755950928
YLR054C,YKR072C,0,0.48175666,0.11647254228591919,0.8484848737716675,0.6436363458633423
YGL189C,YKR095W-A,0,0.48163727,0.11645639687776566,0.8484848737716675,0.6437373757362366
YBR043C,YLR068W,0,0.48159885,0.11644025146961212,0.8484848737716675,0.6438384056091309
YER155C,YHL006C,0,0.48135963,0.11642411351203918,0.8484848737716675,0.6439393758773804
YBR233W-A,YKR088C,0,0.48125556,0.11640798300504684,0.8484848737716675,0.6440404057502747
YLR059C,YHR120W,1,0.4810431,0.1165304109454155,0.8494949340820312,0.6440404057502747
YDL235C,YBR168W,0,0.4809259,0.11651427298784256,0.8494949340820312,0.644141435623169
YKL006C-A,YCR063W,0,0.48017877,0.11649812757968903,0.8494949340820312,0.6442424058914185
YPL209C,YFR024C,0,0.48013926,0.11648199707269669,0.8494949340820312,0.6443434357643127
YDR039C,YDR100W,0,0.47991005,0.11646586656570435,0.8494949340820312,0.644444465637207
YPR095C,YIL068C,0,0.47976378,0.116449736058712,0.8494949340820312,0.6445454359054565
YHR005C,YML031W,0,0.47972587,0.11643361300230026,0.8494949340820312,0.6446464657783508
YNL137C,YPR095C,0,0.4797044,0.11641749739646912,0.8494949340820312,0.6447474956512451
YPL176C,YFL018W-A,0,0.47954118,0.11640138179063797,0.8494949340820312,0.6448484659194946
YHR020W,YNL118C,0,0.47945058,0.11638527363538742,0.8494949340820312,0.6449494957923889
YDL018C,YOR079C,0,0.4793901,0.11636917293071747,0.8494949340820312,0.6450505256652832
YGL025C,YFL011W,0,0.4793395,0.11635307222604752,0.8494949340820312,0.6451514959335327
YDR308C,YGR003W,0,0.47926703,0.11633697897195816,0.8494949340820312,0.645252525806427
YBR091C,YNL066W,1,0.4792283,0.1164591982960701,0.8505050539970398,0.645252525806427
YHR111W,YLR001C,0,0.47917208,0.11644309014081955,0.8505050539970398,0.6453535556793213
YBR109C,YHR118C,0,0.4788538,0.1164269894361496,0.8505050539970398,0.6454545259475708
YDR386W,YIL173W,0,0.47840622,0.11641089618206024,0.8505050539970398,0.6455555558204651
YGR055W,YIL173W,0,0.47828755,0.11639480292797089,0.8505050539970398,0.6456565856933594
YGL053W,YHL006C,0,0.4782209,0.11637871712446213,0.8505050539970398,0.6457575559616089
YDR127W,YGR122W,0,0.47818905,0.11636263132095337,0.8505050539970398,0.6458585858345032
YHR009C,YDR464W,0,0.4780781,0.11634655296802521,0.8505050539970398,0.6459596157073975
YKL062W,YNL181W,0,0.47792476,0.11633047461509705,0.8505050539970398,0.646060585975647
YDL160C,YDR259C,0,0.4776829,0.11631441116333008,0.8505050539970398,0.6461616158485413
YOR266W,YMR275C,1,0.477502,0.11643646657466888,0.8515151739120483,0.6461616158485413
YPR155C,YDR317W,0,0.4769589,0.11642038077116013,0.8515151739120483,0.6462626457214355
YGR181W,YOL095C,1,0.476888,0.11654239147901535,0.8525252342224121,0.6462626457214355
YPR055W,YIL107C,0,0.47680408,0.116526298224926,0.8525252342224121,0.6463636159896851
YDL124W,YEL044W,0,0.47662035,0.11651021242141724,0.8525252342224121,0.6464646458625793
YOR032C,YDR381W,0,0.47631812,0.11649413406848907,0.8525252342224121,0.6465656757354736
YGR174C,YOR330C,1,0.47627026,0.11661606281995773,0.8535353541374207,0.6465656757354736
YGR235C,YBR016W,0,0.47594497,0.11659996956586838,0.8535353541374207,0.6466666460037231
YLR345W,YPL145C,0,0.47580394,0.11658388376235962,0.8535353541374207,0.6467676758766174
YOR081C,YPL233W,0,0.47558245,0.11656780540943146,0.8535353541374207,0.6468687057495117
YKR096W,YDL135C,0,0.47532648,0.1165517270565033,0.8535353541374207,0.6469696760177612
YML081W,YFL011W,0,0.47422186,0.11653564870357513,0.8535353541374207,0.6470707058906555
YJL054W,YML061C,1,0.47417012,0.11665747314691544,0.8545454740524292,0.6470707058906555
YDR244W,YGR040W,0,0.47384173,0.11664138734340668,0.8545454740524292,0.6471717357635498
YCL029C,YDR246W,0,0.47365466,0.11662530899047852,0.8545454740524292,0.6472727060317993
YAL051W,YML055W,0,0.47356766,0.11660923808813095,0.8545454740524292,0.6473737359046936
YGR217W,YPR174C,0,0.47338417,0.11659316718578339,0.8545454740524292,0.6474747657775879
YDR471W,YPL117C,0,0.4732243,0.11657709628343582,0.8545454740524292,0.6475757360458374
YIL118W,YER071C,0,0.4729468,0.11656103283166885,0.8545454740524292,0.6476767659187317
YDR515W,YPL076W,0,0.47270423,0.11654497683048248,0.8545454740524292,0.647777795791626
YOR060C,YOL095C,1,0.47269794,0.11666666716337204,0.855555534362793,0.647777795791626
YLR451W,YOR110W,0,0.47231308,0.11665059626102448,0.855555534362793,0.6478787660598755
YHR118C,YKL058W,0,0.47213185,0.11663453280925751,0.855555534362793,0.6479797959327698
YDR004W,YDL211C,0,0.4717972,0.11661847680807114,0.855555534362793,0.6480808258056641
YFR010W,YCR016W,0,0.471509,0.11660242080688477,0.855555534362793,0.6481817960739136
YPL126W,YDL123W,0,0.47072884,0.11658637225627899,0.855555534362793,0.6482828259468079
YPL141C,YMR001C,0,0.47071275,0.11657033115625381,0.855555534362793,0.6483838558197021
YFR047C,YDR259C,0,0.47043058,0.11655429005622864,0.855555534362793,0.6484848260879517
YDL072C,YNL133C,0,0.47010133,0.11653824895620346,0.855555534362793,0.648585855960846
YNL328C,YGR181W,1,0.46989664,0.11665979027748108,0.8565656542778015,0.648585855960846
YPL221W,YCL039W,0,0.46960506,0.1166437417268753,0.8565656542778015,0.6486868858337402
YHR103W,YNL278W,0,0.46937984,0.11662770062685013,0.8565656542778015,0.6487878561019897
YDR160W,YDL117W,0,0.46937463,0.11661165952682495,0.8565656542778015,0.648888885974884
YHL003C,YEL006W,0,0.4693674,0.11659562587738037,0.8565656542778015,0.6489899158477783
YNL056W,YDR080W,0,0.46925145,0.11657959967851639,0.8565656542778015,0.6490908861160278
YKL149C,YLR007W,0,0.46884254,0.1165635734796524,0.8565656542778015,0.6491919159889221
YIL038C,YNL251C,0,0.46875957,0.11654755473136902,0.8565656542778015,0.6492929458618164
YOR252W,YDR007W,0,0.46866572,0.11653153598308563,0.8565656542778015,0.6493939161300659
YNL023C,YDR261C,0,0.46863273,0.11651552468538284,0.8565656542778015,0.6494949460029602
YPR148C,YOR249C,0,0.46862993,0.11649952083826065,0.8565656542778015,0.6495959758758545
YER072W,YER109C,0,0.46809313,0.11648351699113846,0.8565656542778015,0.649696946144104
YKL099C,YOR259C,0,0.46806037,0.11646752059459686,0.8565656542778015,0.6497979760169983
YMR232W,YDR515W,0,0.46781358,0.11645152419805527,0.8565656542778015,0.6498990058898926
YLR426W,YML055W,0,0.46781313,0.11643553525209427,0.8565656542778015,0.6499999761581421
YOR330C,YPL063W,1,0.4676256,0.11655683815479279,0.8575757741928101,0.6499999761581421
YFR031C-A,YDL012C,0,0.46762508,0.1165408343076706,0.8575757741928101,0.6501010060310364
YGL104C,YHR073W,0,0.4676133,0.1165248453617096,0.8575757741928101,0.6502020359039307
YOR110W,YHR080C,0,0.46742073,0.116508848965168,0.8575757741928101,0.6503030061721802
YFL061W,YNL216W,0,0.46741608,0.1164928674697876,0.8575757741928101,0.6504040360450745
YOR383C,YIL038C,0,0.4672208,0.1164768859744072,0.8575757741928101,0.6505050659179688
YLL053C,YDR284C,0,0.46704146,0.1164609044790268,0.8575757741928101,0.6506060361862183
YKR078W,YDR188W,0,0.46692535,0.11644493043422699,0.8575757741928101,0.6507070660591125
YNL317W,YJL197W,0,0.46678928,0.11642896384000778,0.8575757741928101,0.6508080959320068
YDR516C,YJR123W,0,0.4667693,0.11641299724578857,0.8575757741928101,0.6509090662002563
YER176W,YOR249C,0,0.46613565,0.11639703810214996,0.8575757741928101,0.6510100960731506
YIL022W,YJR120W,1,0.4659382,0.11651816219091415,0.8585858345031738,0.6510100960731506
YDR386W,YPL178W,0,0.46563154,0.11650219559669495,0.8585858345031738,0.6511111259460449
YPL116W,YGL144C,0,0.46557453,0.11648622900247574,0.8585858345031738,0.6512120962142944
YOR004W,YER032W,0,0.465534,0.11647026240825653,0.8585858345031738,0.6513131260871887
YJL057C,YBL051C,0,0.46547338,0.11645431071519852,0.8585858345031738,0.651414155960083
YNL024C,YHL035C,0,0.46545452,0.1164383590221405,0.8585858345031738,0.6515151262283325
YNL056W,YPL161C,0,0.46530092,0.11642240732908249,0.8585858345031738,0.6516161561012268
YOR177C,YOR172W,0,0.46513215,0.11640646308660507,0.8585858345031738,0.6517171859741211
YOR019W,YGL116W,0,0.46507987,0.11639052629470825,0.8585858345031738,0.6518181562423706
YGR178C,YPL146C,0,0.46489972,0.11637458950281143,0.8585858345031738,0.6519191861152649
YGR178C,YHL035C,0,0.46489635,0.11635866016149521,0.8585858345031738,0.6520202159881592
YLL018C-A,YIL062C,1,0.46445844,0.11647960543632507,0.8595959544181824,0.6520202159881592
YMR041C,YGR055W,0,0.4641879,0.11646366864442825,0.8595959544181824,0.6521211862564087
YGR217W,YHR014W,0,0.46410093,0.11644773185253143,0.8595959544181824,0.652222216129303
YOL098C,YKR077W,0,0.46300575,0.11643179506063461,0.8595959544181824,0.6523232460021973
YGR235C,YOR081C,0,0.46291992,0.11641586571931839,0.8595959544181824,0.6524242162704468
YMR063W,YDR528W,0,0.46273866,0.11639994382858276,0.8595959544181824,0.6525252461433411
YMR105C,YHR118C,0,0.46262532,0.11638402938842773,0.8595959544181824,0.6526262760162354
YDR343C,YLR143W,0,0.46222857,0.1163681149482727,0.8595959544181824,0.6527272462844849
YMR105C,YPL049C,0,0.46213382,0.11635220050811768,0.8595959544181824,0.6528282761573792
YJL181W,YCL039W,0,0.46212694,0.11633629351854324,0.8595959544181824,0.6529293060302734
YDR200C,YDL211C,0,0.46199545,0.11632039397954941,0.8595959544181824,0.653030276298523
YBL100W-B,YJL083W,0,0.4616395,0.11630449444055557,0.8595959544181824,0.6531313061714172
YCR045C,YJL196C,0,0.46047214,0.11628860235214233,0.8595959544181824,0.6532323360443115
YAL048C,YJL180C,1,0.46044737,0.11640934646129608,0.8606060743331909,0.6532323360443115
YDR345C,YJR046W,0,0.46026325,0.11639343947172165,0.8606060743331909,0.653333306312561
YOR372C,YOR129C,0,0.46011135,0.11637754738330841,0.8606060743331909,0.6534343361854553
YML067C,YJR150C,0,0.460067,0.11636164784431458,0.8606060743331909,0.6535353660583496
YNL233W,YDR438W,0,0.4598674,0.11634576320648193,0.8606060743331909,0.6536363363265991
YDR528W,YIL009W,0,0.45981574,0.1163298711180687,0.8606060743331909,0.6537373661994934
YKL063C,YGR142W,0,0.45973498,0.11631399393081665,0.8606060743331909,0.6538383960723877
YDL098C,YDR098C,0,0.45957795,0.1162981167435646,0.8606060743331909,0.6539393663406372
YOR266W,YHR120W,1,0.4594517,0.11641872674226761,0.8616161346435547,0.6539393663406372
YHR146W,YPR169W,0,0.45938292,0.11640284210443497,0.8616161346435547,0.6540403962135315
YML061C,YPL063W,1,0.45936388,0.11652339994907379,0.8626262545585632,0.6540403962135315
YIL130W,YHR080C,0,0.45928615,0.11650750041007996,0.8626262545585632,0.6541414260864258
YPR003C,YDL123W,0,0.4590911,0.11649160832166672,0.8626262545585632,0.6542423963546753
YDL235C,YBR162W-A,0,0.45869404,0.11647572368383408,0.8626262545585632,0.6543434262275696
YDL160C,YCL048W,0,0.45853624,0.11645983904600143,0.8626262545585632,0.6544444561004639
YLR039C,YHR138C,0,0.45852616,0.11644396185874939,0.8626262545585632,0.6545454263687134
YJL167W,YDR399W,0,0.45824167,0.11642808467149734,0.8626262545585632,0.6546464562416077
YDR122W,YHR157W,0,0.45767692,0.1164122149348259,0.8626262545585632,0.654747486114502
YOR334W,YOR357C,0,0.45746157,0.11639634519815445,0.8626262545585632,0.6548484563827515
YPL004C,YJL212C,0,0.4568823,0.1163804829120636,0.8626262545585632,0.6549494862556458
YMR195W,YHL026C,0,0.4566359,0.11636462807655334,0.8626262545585632,0.65505051612854
YIL069C,YBL051C,0,0.45635936,0.11634877324104309,0.8626262545585632,0.6551514863967896
YDR108W,YOR009W,0,0.45628282,0.11633292585611343,0.8626262545585632,0.6552525162696838
YOR380W,YNL024C,0,0.45625603,0.11631707847118378,0.8626262545585632,0.6553535461425781
YAL011W,YGL078C,0,0.4560596,0.11630123853683472,0.8626262545585632,0.6554545164108276
YDR075W,YDR422C,0,0.45603943,0.11628540605306625,0.8626262545585632,0.6555555462837219
YGL073W,YML107C,0,0.45591038,0.11626957356929779,0.8626262545585632,0.6556565761566162
YJL162C,YOR004W,0,0.45590433,0.11625374108552933,0.8626262545585632,0.6557575464248657
YNL173C,YPR199C,0,0.45580694,0.11623792350292206,0.8626262545585632,0.65585857629776
YEL005C,YDR257C,0,0.45567355,0.11622209846973419,0.8626262545585632,0.6559596061706543
YNL190W,YOL116W,0,0.45504424,0.11620628833770752,0.8626262545585632,0.6560605764389038
YOR334W,YML059C,0,0.45391694,0.11619047820568085,0.8626262545585632,0.6561616063117981
YLR194C,YGL064C,0,0.45377538,0.11617466807365417,0.8626262545585632,0.6562626361846924
YOR272W,YPL040C,0,0.45374167,0.1161588653922081,0.8626262545585632,0.6563636660575867
YGR120C,YMR001C,0,0.453737,0.11614307016134262,0.8626262545585632,0.6564646363258362
YGR266W,YLR092W,0,0.45355782,0.11612727493047714,0.8626262545585632,0.6565656661987305
YJL057C,YBR107C,0,0.45336547,0.11611148715019226,0.8626262545585632,0.6566666960716248
YMR009W,YFL049W,0,0.45303658,0.11609570682048798,0.8626262545585632,0.6567676663398743
YLR293C,YDR545W,0,0.452881,0.11607992649078369,0.8626262545585632,0.6568686962127686
YGL005C,YJL168C,0,0.4523913,0.1160641461610794,0.8626262545585632,0.6569697260856628
YOR019W,YNL164C,0,0.45206052,0.11604837328195572,0.8626262545585632,0.6570706963539124
YFL035C-B,YDL223C,0,0.4519913,0.11603260785341263,0.8626262545585632,0.6571717262268066
YPR175W,YBR112C,0,0.45169273,0.11601684242486954,0.8626262545585632,0.6572727560997009
YML023C,YFR030W,0,0.4515455,0.11600108444690704,0.8626262545585632,0.6573737263679504
YPL056C,YKL087C,0,0.45152125,0.11598533391952515,0.8626262545585632,0.6574747562408447
YPL075W,YOR113W,0,0.45125878,0.11596958339214325,0.8626262545585632,0.657575786113739
YDL135C,YNR071C,0,0.45122883,0.11595383286476135,0.8626262545585632,0.6576767563819885
YOR117W,YNL251C,0,0.45121318,0.11593809723854065,0.8626262545585632,0.6577777862548828
YFR024C,YFL035C-B,0,0.45116585,0.11592235416173935,0.8626262545585632,0.6578788161277771
YCL005W-A,YBL025W,0,0.45099992,0.11590662598609924,0.8626262545585632,0.6579797863960266
YHR202W,YDR135C,0,0.4505534,0.11589089781045914,0.8626262545585632,0.6580808162689209
YEL019C,YPL189W,0,0.45035052,0.11587516963481903,0.8626262545585632,0.6581818461418152
YKL062W,YLR194C,0,0.4503477,0.11585944890975952,0.8626262545585632,0.6582828164100647
YPL209C,YGL196W,0,0.44958302,0.11584373563528061,0.8626262545585632,0.658383846282959
YGL096W,YPL233W,0,0.44958046,0.1158280223608017,0.8626262545585632,0.6584848761558533
YER062C,YJL181W,0,0.44954652,0.11581231653690338,0.8626262545585632,0.6585858464241028
YCL005W-A,YDL106C,0,0.44906008,0.11579661071300507,0.8626262545585632,0.6586868762969971
YCR105W,YKL006W,0,0.44901866,0.11578091233968735,0.8626262545585632,0.6587879061698914
YDR381W,YBR169C,0,0.449011,0.11576521396636963,0.8626262545585632,0.6588888764381409
YPR148C,YGL115W,0,0.44892702,0.11574952304363251,0.8626262545585632,0.6589899063110352
YOL078W,YPR141C,0,0.44863966,0.11573383957147598,0.8626262545585632,0.6590909361839294
YPL130W,YPR148C,0,0.448635,0.11571815609931946,0.8626262545585632,0.659191906452179
YHR033W,YKR052C,0,0.44843507,0.11570248007774353,0.8626262545585632,0.6592929363250732
YNL059C,YER060W-A,0,0.44823694,0.1156868040561676,0.8626262545585632,0.6593939661979675
YPR003C,YGR060W,0,0.44753397,0.11567113548517227,0.8626262545585632,0.659494936466217
YOL009C,YOL095C,1,0.4472176,0.11579089611768723,0.8636363744735718,0.659494936466217
YER033C,YPR057W,0,0.447041,0.1157752200961113,0.8636363744735718,0.6595959663391113
YNL318C,YOR026W,0,0.44699946,0.11575954407453537,0.8636363744735718,0.6596969962120056
YHR146W,YJR054W,0,0.44685957,0.11574387550354004,0.8636363744735718,0.6597979664802551
YGL076C,YBR162W-A,0,0.4463131,0.11572820693254471,0.8636363744735718,0.6598989963531494
YLR460C,YPL156C,0,0.44615147,0.11571254581212997,0.8636363744735718,0.6600000262260437
YLR058C,YDL087C,0,0.44593748,0.11569688469171524,0.8636363744735718,0.6601009964942932
YGR170W,YMR153W,0,0.4457081,0.1156812310218811,0.8636363744735718,0.6602020263671875
YGL016W,YKL005C,0,0.4456919,0.11566558480262756,0.8636363744735718,0.6603030562400818
YPL116W,YNL221C,0,0.44561413,0.11564993858337402,0.8636363744735718,0.6604040265083313
YGR129W,YNR053C,0,0.44555685,0.11563429981470108,0.8636363744735718,0.6605050563812256
YDR268W,YHR190W,0,0.44544214,0.11561866104602814,0.8636363744735718,0.6606060862541199
YMR230W,YML031W,0,0.44538987,0.11560302972793579,0.8636363744735718,0.6607070565223694
YLR260W,YOL052C-A,0,0.44503322,0.11558739840984344,0.8636363744735718,0.6608080863952637
YLR277C,YKL052C,0,0.44497186,0.1155717745423317,0.8636363744735718,0.660909116268158
YER032W,YBR028C,0,0.444844,0.11555615812540054,0.8636363744735718,0.6610100865364075
YOR009W,YOR110W,0,0.44483748,0.11554054170846939,0.8636363744735718,0.6611111164093018
YDR367W,YKR034W,0,0.44460943,0.11552493274211884,0.8636363744735718,0.661212146282196
YBR043C,YDR160W,0,0.4445552,0.11550932377576828,0.8636363744735718,0.6613131165504456
YKL149C,YPR120C,0,0.4444226,0.11549372225999832,0.8636363744735718,0.6614141464233398
YOL029C,YPL179W,0,0.44438106,0.11547812074422836,0.8636363744735718,0.6615151762962341
YLR313C,YHL006C,0,0.44432566,0.115462526679039,0.8636363744735718,0.6616161465644836
YDR235W,YDR028C,0,0.44408512,0.11544693261384964,0.8636363744735718,0.6617171764373779
YER056C,YBL091C,0,0.44405007,0.11543134599924088,0.8636363744735718,0.6618182063102722
YNL051W,YKL099C,0,0.4436866,0.11541576683521271,0.8636363744735718,0.6619191765785217
YPL225W,YGL127C,0,0.44362488,0.11540018767118454,0.8636363744735718,0.662020206451416
YKR078W,YMR081C,0,0.4432957,0.11538461595773697,0.8636363744735718,0.6621212363243103
YIL087C,YCR018C,0,0.4431344,0.1153690442442894,0.8636363744735718,0.6622222065925598
YDL154W,YKR077W,0,0.44306776,0.11535347998142242,0.8636363744735718,0.6623232364654541
YER179W,YLR143W,0,0.44282094,0.11533792316913605,0.8636363744735718,0.6624242663383484
YNL023C,YDR025W,0,0.44280383,0.11532236635684967,0.8636363744735718,0.6625252366065979
YPR155C,YCR005C,0,0.44273964,0.1153068095445633,0.8636363744735718,0.6626262664794922
YPL146C,YBR254C,0,0.4423773,0.11529126018285751,0.8636363744735718,0.6627272963523865
YML059C,YLR345W,0,0.44231662,0.11527571827173233,0.8636363744735718,0.662828266620636
YIL119C,YPR114W,0,0.44208494,0.11526017636060715,0.8636363744735718,0.6629292964935303
YGR103W,YHL011C,0,0.44138944,0.11524464190006256,0.8636363744735718,0.6630303263664246
YJL089W,YPL097W,0,0.44135243,0.11522910743951797,0.8636363744735718,0.6631312966346741
YHL028W,YPL004C,0,0.44129604,0.11521358042955399,0.8636363744735718,0.6632323265075684
YPL013C,YDR190C,0,0.4412748,0.1151980608701706,0.8636363744735718,0.6633333563804626
YDR398W,YLR068W,0,0.44119,0.1151825413107872,0.8636363744735718,0.6634343266487122
YLR352W,YGL049C,0,0.44111332,0.1151670292019844,0.8636363744735718,0.6635353565216064
YBR153W,YDR372C,0,0.44111082,0.11515151709318161,0.8636363744735718,0.6636363863945007
YDL081C,YOR103C,0,0.44103977,0.11513600498437881,0.8636363744735718,0.6637373566627502
YDR280W,YDR438W,0,0.44089043,0.11512050777673721,0.8636363744735718,0.6638383865356445
YLR347C,YBL014C,0,0.44078842,0.11510501056909561,0.8636363744735718,0.6639394164085388
YLR223C,YIL014W,0,0.4405966,0.11508951336145401,0.8636363744735718,0.6640403866767883
YOL126C,YIL068C,0,0.44017515,0.115074023604393,0.8636363744735718,0.6641414165496826
YPR017C,YKR088C,0,0.44005463,0.1150585412979126,0.8636363744735718,0.6642424464225769
YIL068C,YML057W,0,0.4400206,0.11504305899143219,0.8636363744735718,0.6643434166908264
YGL139W,YDR176W,0,0.4398003,0.11502757668495178,0.8636363744735718,0.6644444465637207
YGR244C,YDR261C,0,0.43974862,0.11501210927963257,0.8636363744735718,0.664545476436615
YPR110C,YBR107C,0,0.439723,0.11499663442373276,0.8636363744735718,0.6646464467048645
YOL012C,YDR395W,0,0.43969348,0.11498117446899414,0.8636363744735718,0.6647474765777588
YFL026W,YDL046W,0,0.43889683,0.11496571451425552,0.8636363744735718,0.6648485064506531
YPR143W,YDL106C,0,0.43874717,0.1149502545595169,0.8636363744735718,0.6649494767189026
YPL001W,YAR009C,0,0.4385144,0.11493480205535889,0.8636363744735718,0.6650505065917969
YKR053C,YLR435W,0,0.4383992,0.11491935700178146,0.8636363744735718,0.6651515364646912
YJL181W,YPR037C,0,0.438108,0.11490391194820404,0.8636363744735718,0.6652525067329407
YER179W,YDR517W,0,0.4380755,0.11488847434520721,0.8636363744735718,0.665353536605835
YJL167W,YLR143W,0,0.4376875,0.11487303674221039,0.8636363744735718,0.6654545664787292
YER041W,YML096W,0,0.43767896,0.11485760658979416,0.8636363744735718,0.6655555367469788
YBR091C,YKL134C,1,0.43760154,0.11497649550437927,0.8646464943885803,0.6655555367469788
YLR131C,YNL024C,0,0.43734035,0.11496105045080185,0.8646464943885803,0.665656566619873
YDR367W,YPL130W,0,0.43698302,0.11494561284780502,0.8646464943885803,0.6657575964927673
YJR117W,YGL240W,0,0.43688542,0.1149301826953888,0.8646464943885803,0.6658585667610168
YDL209C,YNL181W,0,0.436735,0.11491475254297256,0.8646464943885803,0.6659595966339111
YDR127W,YPL146C,0,0.43657115,0.11489932984113693,0.8646464943885803,0.6660606265068054
YCL005W-A,YNL038W,0,0.43618384,0.1148839071393013,0.8646464943885803,0.6661615967750549
YKL045W,YDL106C,0,0.4359728,0.11486849188804626,0.8646464943885803,0.6662626266479492
YJR035W,YHL035C,0,0.43539473,0.11485307663679123,0.8646464943885803,0.6663636565208435
YFL025C,YKR072C,0,0.43515822,0.11483766883611679,0.8646464943885803,0.666464626789093
YCR065W,YDR165W,0,0.4350997,0.11482226848602295,0.8646464943885803,0.6665656566619873
YDL012C,YOR271C,0,0.43495032,0.11480686813592911,0.8646464943885803,0.6666666865348816
YGR099W,YGL085W,0,0.43473044,0.11479146778583527,0.8646464943885803,0.6667676568031311
YGR217W,YJL216C,0,0.4344367,0.11477608233690262,0.8646464943885803,0.6668686866760254
YLR345W,YGL240W,0,0.4342365,0.11476068943738937,0.8646464943885803,0.6669697165489197
YFR024C,YJL183W,0,0.434232,0.11474531143903732,0.8646464943885803,0.6670706868171692
YER109C,YDR135C,0,0.43416533,0.11472992599010468,0.8646464943885803,0.6671717166900635
YHR009C,YMR048W,0,0.43415695,0.11471455544233322,0.8646464943885803,0.6672727465629578
YLR426W,YCR105W,0,0.4338999,0.11469918489456177,0.8646464943885803,0.6673737168312073
YKL043W,YGR030C,0,0.43370414,0.11468381434679031,0.8646464943885803,0.6674747467041016
YLR382C,YPR097W,0,0.4332805,0.11466845124959946,0.8646464943885803,0.6675757765769958
YAL028W,YAL051W,0,0.43306908,0.1146530956029892,0.8646464943885803,0.6676767468452454
YOR018W,YEL039C,0,0.4330121,0.11463773995637894,0.8646464943885803,0.6677777767181396
YLR190W,YOR330C,1,0.4329905,0.11475629359483719,0.8656565546989441,0.6677777767181396
YOR157C,YJL208C,0,0.43270633,0.11474093049764633,0.8656565546989441,0.6678788065910339
YPR067W,YOR129C,0,0.4324947,0.11472556740045547,0.8656565546989441,0.6679797768592834
YGL139W,YPR046W,0,0.43235153,0.11471021175384521,0.8656565546989441,0.6680808067321777
YOR191W,YPL141C,0,0.4322537,0.11469486355781555,0.8656565546989441,0.668181836605072
YDR007W,YHL026C,0,0.43213874,0.11467951536178589,0.8656565546989441,0.6682828068733215
YPR071W,YKL079W,0,0.43212488,0.11466416716575623,0.8656565546989441,0.6683838367462158
YNL233W,YNR052C,0,0.43188033,0.11464882642030716,0.8656565546989441,0.6684848666191101
YPL171C,YHL017W,0,0.43184844,0.11463349312543869,0.8656565546989441,0.6685858368873596
YOL076W,YHR024C,1,0.4314293,0.1147519052028656,0.8666666746139526,0.6685858368873596
YGL142C,YJR052W,0,0.4313723,0.11473655700683594,0.8666666746139526,0.6686868667602539
YEL020W-A,YOR060C,1,0.43135187,0.11485492438077927,0.8676767945289612,0.6686868667602539
YGR174C,YLL018C-A,1,0.43127456,0.11497326195240021,0.868686854839325,0.6686868667602539
YMR215W,YHR133C,0,0.4311273,0.11495789140462875,0.868686854839325,0.6687878966331482
YKR100C,YOR065W,0,0.43106374,0.1149425283074379,0.868686854839325,0.6688888669013977
YOR262W,YNL164C,0,0.43068263,0.11492716521024704,0.868686854839325,0.668989896774292
YFR024C,YKL138C-A,0,0.43061283,0.11491180956363678,0.868686854839325,0.6690909266471863
YJL035C,YGR040W,0,0.4305945,0.11489646136760712,0.868686854839325,0.6691918969154358
YHR205W,YGR005C,0,0.42988876,0.11488111317157745,0.868686854839325,0.6692929267883301
YDL105W,YGR057C,0,0.42982778,0.11486576497554779,0.868686854839325,0.6693939566612244
YOR065W,YNL247W,0,0.4295522,0.11485042423009872,0.868686854839325,0.6694949269294739
YMR275C,YOL095C,1,0.42936465,0.11496862024068832,0.8696969747543335,0.6694949269294739
YKL014C,YHR114W,0,0.42929068,0.11495327204465866,0.8696969747543335,0.6695959568023682
YOR078W,YGR094W,0,0.42920992,0.114937923848629,0.8696969747543335,0.6696969866752625
YPR034W,YOL051W,0,0.4288004,0.11492258310317993,0.8696969747543335,0.669797956943512
YLR435W,YLR323C,0,0.42875233,0.11490724980831146,0.8696969747543335,0.6698989868164062
YDR273W,YMR131C,0,0.42865214,0.114891916513443,0.8696969747543335,0.6700000166893005
YLL066C,YOR109W,0,0.42816526,0.11487658321857452,0.8696969747543335,0.67010098695755
YMR050C,YFR049W,0,0.4280818,0.11486125737428665,0.8696969747543335,0.6702020168304443
YDR261C,YNL065W,0,0.42807594,0.11484593898057938,0.8696969747543335,0.6703030467033386
YAR033W,YDR246W,0,0.4277641,0.1148306205868721,0.8696969747543335,0.6704040169715881
YPR097W,YCL054W,0,0.42767498,0.11481530964374542,0.8696969747543335,0.6705050468444824
YBR028C,YBL047C,0,0.42766342,0.11479999870061874,0.8696969747543335,0.6706060767173767
YMR050C,YDR176W,0,0.42743993,0.11478469520807266,0.8696969747543335,0.6707070469856262
YFR024C,YCL012W,0,0.42719838,0.11476939171552658,0.8696969747543335,0.6708080768585205
YDR434W,YJR096W,0,0.42704007,0.1147540956735611,0.8696969747543335,0.6709091067314148
YOR027W,YER081W,0,0.4262988,0.11473880708217621,0.8696969747543335,0.6710100769996643
YPL168W,YOR260W,0,0.42582694,0.11472351849079132,0.8696969747543335,0.6711111068725586
YER041W,YGL144C,0,0.42577624,0.11470822989940643,0.8696969747543335,0.6712121367454529
YOR383C,YOL059W,0,0.42558178,0.11469295620918274,0.8696969747543335,0.6713131070137024
YFR016C,YDR303C,0,0.42519227,0.11467767506837845,0.8696969747543335,0.6714141368865967
YPL209C,YPL193W,0,0.42510954,0.11466240882873535,0.8696969747543335,0.671515166759491
YBR211C,YPR003C,0,0.42508966,0.11464713513851166,0.8696969747543335,0.6716161370277405
YKR096W,YDR005C,0,0.4248015,0.11463187634944916,0.8696969747543335,0.6717171669006348
YDR328C,YKL077W,0,0.42475966,0.11461661010980606,0.8696969747543335,0.671818196773529
YLR345W,YHR158C,0,0.42411876,0.11460135877132416,0.8696969747543335,0.6719191670417786
YPR131C,YNL066W,1,0.42410347,0.11471918970346451,0.870707094669342,0.6719191670417786
YCR107W,YKL060C,0,0.4238529,0.11470392346382141,0.870707094669342,0.6720201969146729
YOR081C,YJL058C,0,0.4238153,0.11468866467475891,0.870707094669342,0.6721212267875671
YJR042W,YAL028W,0,0.4235036,0.11467340588569641,0.870707094669342,0.6722221970558167
YJL127C,YDL154W,0,0.42338163,0.11465815454721451,0.870707094669342,0.6723232269287109
YPR071W,YKR095W,0,0.42323178,0.1146429032087326,0.870707094669342,0.6724242568016052
YGL061C,YGR138C,0,0.42313406,0.1146276593208313,0.870707094669342,0.6725252270698547
YBR112C,YNL068C,0,0.42310658,0.11461241543292999,0.870707094669342,0.672626256942749
YPR175W,YLR143W,0,0.42301995,0.11459717899560928,0.870707094669342,0.6727272868156433
YBR162W-A,YKR100C,0,0.42292723,0.11458195000886917,0.870707094669342,0.6728282570838928
YLR239C,YML082W,0,0.42279688,0.11456672102212906,0.870707094669342,0.6729292869567871
YKR027W,YLR352W,0,0.42278695,0.11455149203538895,0.870707094669342,0.6730303168296814
YPR143W,YNL063W,0,0.42265546,0.11453627794981003,0.870707094669342,0.6731312870979309
YDR468C,YJL216C,0,0.42235258,0.11452105641365051,0.870707094669342,0.6732323169708252
YLR004C,YLR175W,0,0.422171,0.1145058423280716,0.870707094669342,0.6733333468437195
YGR007W,YPL193W,0,0.4221432,0.11449063569307327,0.870707094669342,0.673434317111969
YBL056W,YHL038C,0,0.42191604,0.11447542905807495,0.870707094669342,0.6735353469848633
YJR153W,YHR139C,0,0.42189997,0.11446022987365723,0.870707094669342,0.6736363768577576
YMR313C,YDL211C,0,0.42160332,0.1144450381398201,0.870707094669342,0.6737373471260071
YLR347C,YHR157W,0,0.42140928,0.11442983895540237,0.870707094669342,0.6738383769989014
YOR018W,YJR027W,0,0.42139173,0.11441465467214584,0.870707094669342,0.6739394068717957
YKL069W,YIL167W,0,0.42127886,0.11439947038888931,0.870707094669342,0.6740403771400452
YOL069W,YNL180C,0,0.4210944,0.11438428610563278,0.870707094669342,0.6741414070129395
YPR003C,YLR093C,0,0.4202939,0.11436910927295685,0.870707094669342,0.6742424368858337
YDL012C,YBL014C,0,0.42022774,0.11435393989086151,0.870707094669342,0.6743434071540833
YPR106W,YIR031C,0,0.4200844,0.11433877050876617,0.870707094669342,0.6744444370269775
YGL053W,YOR110W,0,0.41907796,0.11432360857725143,0.870707094669342,0.6745454668998718
YML076C,YNR033W,0,0.41891003,0.1143084466457367,0.870707094669342,0.6746464371681213
YOR081C,YOR195W,0,0.41886935,0.11429329216480255,0.870707094669342,0.6747474670410156
YGL246C,YDR268W,0,0.41875133,0.11427813768386841,0.870707094669342,0.6748484969139099
YBR114W,YEL032W,0,0.41870108,0.11426299065351486,0.870707094669342,0.6749494671821594
YJR046W,YER032W,0,0.41841754,0.11424784362316132,0.870707094669342,0.6750504970550537
YDL091C,YAR009C,0,0.41830465,0.11423270404338837,0.870707094669342,0.675151526927948
YDR160W,YHL026C,0,0.41812626,0.11421757191419601,0.870707094669342,0.6752524971961975
YGR024C,YHR185C,0,0.41812405,0.11420243978500366,0.870707094669342,0.6753535270690918
YLL018C-A,YJL180C,1,0.41792887,0.11431977897882462,0.8717171549797058,0.6753535270690918
YOR316C,YGR283C,0,0.41772813,0.11430463939905167,0.8717171549797058,0.6754545569419861
YNL023C,YDL209C,0,0.4175344,0.11428949981927872,0.8717171549797058,0.6755555272102356
YBR268W,YOR253W,0,0.41739416,0.11427436769008636,0.8717171549797058,0.6756565570831299
YCL001W,YJL216C,0,0.41721892,0.11425923556089401,0.8717171549797058,0.6757575869560242
YOR019W,YMR131C,0,0.41696596,0.11424411088228226,0.8717171549797058,0.6758585572242737
YGL104C,YLR323C,0,0.41666996,0.1142289862036705,0.8717171549797058,0.675959587097168
YKL016C,YKL052C,0,0.41599193,0.11421386897563934,0.8717171549797058,0.6760606169700623
YOR192C,YCR036W,0,0.41548997,0.11419875919818878,0.8717171549797058,0.6761615872383118
YKR078W,YMR055C,0,0.41439077,0.11418364942073822,0.8717171549797058,0.676262617111206
YOR004W,YGL195W,0,0.41417196,0.11416853964328766,0.8717171549797058,0.6763636469841003
YLR181C,YLR249W,0,0.4140964,0.1141534373164177,0.8717171549797058,0.6764646172523499
YBR043C,YBR085W,0,0.41383123,0.11413834244012833,0.8717171549797058,0.6765656471252441
YGR055W,YML057W,0,0.41381332,0.11412324756383896,0.8717171549797058,0.6766666769981384
YHL011C,YKL196C,0,0.41370538,0.11410816013813019,0.8717171549797058,0.6767676472663879
YKR079C,YOR103C,0,0.41359976,0.11409307271242142,0.8717171549797058,0.6768686771392822
YLR131C,YKL058W,0,0.41356447,0.11407799273729324,0.8717171549797058,0.6769697070121765
YJL174W,YGR205W,0,0.4134636,0.11406291276216507,0.8717171549797058,0.677070677280426
YGR235C,YOL135C,0,0.41340205,0.11404784023761749,0.8717171549797058,0.6771717071533203
YGR202C,YDR040C,0,0.41321945,0.11403276771306992,0.8717171549797058,0.6772727370262146
YDL098C,YKL026C,0,0.41296282,0.11401770263910294,0.8717171549797058,0.6773737668991089
YJL127C,YGL061C,0,0.41283038,0.11400264501571655,0.8717171549797058,0.6774747371673584
YPR148C,YMR242C,0,0.41272795,0.11398758739233017,0.8717171549797058,0.6775757670402527
YMR076C,YML096W,0,0.41257298,0.11397252976894379,0.8717171549797058,0.677676796913147
YDR398W,YHL011C,0,0.41226307,0.113957479596138,0.8717171549797058,0.6777777671813965
YBR015C,YER129W,0,0.41223523,0.11394243687391281,0.8717171549797058,0.6778787970542908
YGL070C,YML016C,0,0.41205683,0.11392739415168762,0.8717171549797058,0.6779798269271851
YKL138C-A,YER123W,0,0.4119326,0.11391235142946243,0.8717171549797058,0.6780807971954346
YLR284C,YOL059W,0,0.41186574,0.11389732360839844,0.8717171549797058,0.6781818270683289
YGR046W,YHR120W,1,0.4115926,0.11401425302028656,0.8727272748947144,0.6781818270683289
YMR053C,YKR096W,0,0.4114697,0.11399921029806137,0.8727272748947144,0.6782828569412231
YPR188C,YGR217W,0,0.41141587,0.11398416757583618,0.8727272748947144,0.6783838272094727
YPL056C,YHL025W,0,0.41136172,0.11396913230419159,0.8727272748947144,0.6784848570823669
YPL058C,YHR157W,0,0.41126877,0.1139541044831276,0.8727272748947144,0.6785858869552612
YHR202W,YPR068C,0,0.41099393,0.1139390766620636,0.8727272748947144,0.6786868572235107
YGL070C,YBR023C,0,0.41056377,0.1139240488409996,0.8727272748947144,0.678787887096405
YAR042W,YKR079C,0,0.4103105,0.1139090284705162,0.8727272748947144,0.6788889169692993
YOR027W,YLR451W,0,0.40992638,0.1138940155506134,0.8727272748947144,0.6789898872375488
YIL154C,YDL149W,0,0.40982473,0.1138790026307106,0.8727272748947144,0.6790909171104431
YPR128C,YPL225W,0,0.4097224,0.1138639971613884,0.8727272748947144,0.6791919469833374
YPL183C,YBR162C,0,0.40929124,0.11384899169206619,0.8727272748947144,0.6792929172515869
YGR235C,YMR125W,0,0.4089764,0.11383399367332458,0.8727272748947144,0.6793939471244812
YLR315W,YJL216C,0,0.40891668,0.11381899565458298,0.8727272748947144,0.6794949769973755
YMR262W,YBR045C,0,0.40856928,0.11380400508642197,0.8727272748947144,0.679595947265625
YJL094C,YBL051C,0,0.40849558,0.11378901451826096,0.8727272748947144,0.6796969771385193
YDL160C,YPL043W,0,0.40837064,0.11377403140068054,0.8727272748947144,0.6797980070114136
YLR239C,YOR319W,0,0.40812472,0.11375904828310013,0.8727272748947144,0.6798989772796631
YML041C,YPL100W,0,0.4079573,0.11374407261610031,0.8727272748947144,0.6800000071525574
YNL199C,YEL001C,0,0.407352,0.11372910439968109,0.8727272748947144,0.6801010370254517
YGL196W,YDL124W,0,0.40723354,0.11371413618326187,0.8727272748947144,0.6802020072937012
YFL011W,YKL138C,0,0.40710747,0.11369916796684265,0.8727272748947144,0.6803030371665955
YNL190W,YIR019C,0,0.40673858,0.11368420720100403,0.8727272748947144,0.6804040670394897
YER056C,YDR227W,0,0.40668002,0.113669253885746,0.8727272748947144,0.6805050373077393
YJL078C,YOL069W,0,0.40635943,0.11365430057048798,0.8727272748947144,0.6806060671806335
YNL023C,YDR406W,0,0.40630403,0.11363935470581055,0.8727272748947144,0.6807070970535278
YHR197W,YGR040W,0,0.40612862,0.11362440884113312,0.8727272748947144,0.6808080673217773
YEL005C,YCR058C,0,0.40603894,0.11360947042703629,0.8727272748947144,0.6809090971946716
YER127W,YMR133W,0,0.40576062,0.11359453201293945,0.8727272748947144,0.6810101270675659
YIL068C,YGR224W,0,0.40553233,0.11357960104942322,0.8727272748947144,0.6811110973358154
YBR211C,YDR365C,0,0.40545583,0.11356467008590698,0.8727272748947144,0.6812121272087097
YLR085C,YKL033W,0,0.40522572,0.11354974657297134,0.8727272748947144,0.681313157081604
YDR078C,YBL100W-B,0,0.40517184,0.1135348230600357,0.8727272748947144,0.6814141273498535
YLR007W,YMR131C,0,0.40514502,0.11351990699768066,0.8727272748947144,0.6815151572227478
YHR148W,YML082W,0,0.40504256,0.11350499093532562,0.8727272748947144,0.6816161870956421
YGR217W,YHR158C,0,0.40421447,0.11349008232355118,0.8727272748947144,0.6817171573638916
YLL016W,YHR090C,0,0.403829,0.11347517371177673,0.8727272748947144,0.6818181872367859
YML023C,YOR034C,0,0.40349308,0.11346027255058289,0.8727272748947144,0.6819192171096802
YHR169W,YBL013W,0,0.40303844,0.11344537883996964,0.8727272748947144,0.6820201873779297
YPR148C,YKL032C,0,0.4026681,0.11343048512935638,0.8727272748947144,0.682121217250824
YML076C,YBR028C,0,0.40251413,0.11341559141874313,0.8727272748947144,0.6822222471237183
YEL005C,YHR073W,0,0.40227666,0.11340070515871048,0.8727272748947144,0.6823232173919678
YDR127W,YKL006W,0,0.40209064,0.11338582634925842,0.8727272748947144,0.6824242472648621
YCR065W,YHR014W,0,0.4020155,0.11337094753980637,0.8727272748947144,0.6825252771377563
YIL144W,YLR337C,0,0.40193015,0.1133560761809349,0.8727272748947144,0.6826262474060059
YEL005C,YOL059W,0,0.40192893,0.11334120482206345,0.8727272748947144,0.6827272772789001
YPL168W,YDR217C,0,0.40189466,0.11332634091377258,0.8727272748947144,0.6828283071517944
YDL113C,YER060W-A,0,0.40181717,0.11331147700548172,0.8727272748947144,0.682929277420044
YOL076W,YLL018C-A,1,0.40135744,0.11342775076627731,0.8737373948097229,0.682929277420044
YML092C,YNR071C,0,0.401251,0.11341287195682526,0.8737373948097229,0.6830303072929382
YBR069C,YOR026W,0,0.40115738,0.1133980080485344,0.8737373948097229,0.6831313371658325
YOR267C,YBR100W,0,0.40108186,0.11338314414024353,0.8737373948097229,0.683232307434082
YGR080W,YNR055C,0,0.4010255,0.11336828023195267,0.8737373948097229,0.6833333373069763
YJL127C,YBL100W-B,0,0.4007196,0.1133534237742424,0.8737373948097229,0.6834343671798706
YER149C,YML055W,0,0.40065804,0.11333857476711273,0.8737373948097229,0.6835353374481201
YOR258W,YJL173C,0,0.40062684,0.11332372575998306,0.8737373948097229,0.6836363673210144
YEL019C,YIL038C,0,0.40058842,0.11330888420343399,0.8737373948097229,0.6837373971939087
YNL199C,YML041C,0,0.4004705,0.11329404264688492,0.8737373948097229,0.6838383674621582
YDR345C,YOR136W,0,0.40046996,0.11327920109033585,0.8737373948097229,0.6839393973350525
YDR280W,YIL018W,0,0.40022317,0.11326437443494797,0.8737373948097229,0.6840404272079468
YGL067W,YPL133C,0,0.40013066,0.11324954032897949,0.8737373948097229,0.6841413974761963
YPL193W,YJR096W,0,0.3995566,0.11323471367359161,0.8737373948097229,0.6842424273490906
YGR017W,YHR193C,0,0.39944297,0.11321989446878433,0.8737373948097229,0.6843434572219849
YBR085W,YHR157W,0,0.39944136,0.11320507526397705,0.8737373948097229,0.6844444274902344
YJL186W,YPL210C,0,0.3992799,0.11319026350975037,0.8737373948097229,0.6845454573631287
YIL147C,YNR019W,0,0.39926296,0.11317545175552368,0.8737373948097229,0.684646487236023
YGL005C,YPL097W,0,0.39924744,0.1131606474518776,0.8737373948097229,0.6847474575042725
YPR114W,YPL175W,0,0.39904645,0.1131458505988121,0.8737373948097229,0.6848484873771667
YGL093W,YEL032W,0,0.3989136,0.11313104629516602,0.8737373948097229,0.684949517250061
YHL017W,YJL001W,0,0.39861134,0.11311625689268112,0.8737373948097229,0.6850504875183105
YNR048W,YLR367W,0,0.3985883,0.11310146749019623,0.8737373948097229,0.6851515173912048
YIL167W,YMR153W,0,0.39858326,0.11308667808771133,0.8737373948097229,0.6852525472640991
YDR386W,YOR001W,0,0.39817795,0.11307189613580704,0.8737373948097229,0.6853535175323486
YJR120W,YDR150W,1,0.39798507,0.11318781971931458,0.8747474551200867,0.6853535175323486
YER142C,YPR148C,0,0.39774102,0.11317303031682968,0.8747474551200867,0.6854545474052429
YHR210C,YBR003W,0,0.39745635,0.11315824091434479,0.8747474551200867,0.6855555772781372
YFR024C,YKR099W,0,0.39704022,0.1131434515118599,0.8747474551200867,0.6856565475463867
YKL045W,YHR210C,0,0.39658555,0.1131286770105362,0.8747474551200867,0.685757577419281
YCR016W,YBR086C,0,0.39648494,0.1131138950586319,0.8747474551200867,0.6858586072921753
YOR380W,YHR122W,0,0.39621124,0.1130991280078888,0.8747474551200867,0.6859595775604248
YGR055W,YDR244W,0,0.39619353,0.1130843535065651,0.8747474551200867,0.6860606074333191
YPR188C,YCR031C,0,0.39618543,0.11306959390640259,0.8747474551200867,0.6861616373062134
YMR226C,YKL077W,0,0.39588332,0.11305482685565948,0.8747474551200867,0.6862626075744629
YLR058C,YBL025W,0,0.39570767,0.11304007470607758,0.8747474551200867,0.6863636374473572
YPR003C,YPL179W,0,0.3957063,0.11302532255649567,0.8747474551200867,0.6864646673202515
YOL154W,YGR161C,0,0.3954934,0.11301057040691376,0.8747474551200867,0.686565637588501
YPL061W,YIL130W,0,0.39529666,0.11299582570791245,0.8747474551200867,0.6866666674613953
YML127W,YOR113W,0,0.39527452,0.11298108100891113,0.8747474551200867,0.6867676973342896
YPL169C,YCR016W,0,0.39506784,0.11296634376049042,0.8747474551200867,0.6868686676025391
YJL216C,YKL040C,0,0.39498502,0.1129516139626503,0.8747474551200867,0.6869696974754333
YLR234W,YKL006C-A,0,0.39485618,0.11293688416481018,0.8747474551200867,0.6870707273483276
YGL246C,YOR316C,0,0.3945345,0.11292215436697006,0.8747474551200867,0.6871716976165771
YBR038W,YPL105C,0,0.39407727,0.11290743201971054,0.8747474551200867,0.6872727274894714
YDL093W,YBL100W-B,0,0.39400998,0.11289270967245102,0.8747474551200867,0.6873737573623657
YBL063W,YPR174C,0,0.39384642,0.1128779947757721,0.8747474551200867,0.6874747276306152
YNL123W,YHL035C,0,0.39361122,0.11286328732967377,0.8747474551200867,0.6875757575035095
YNL317W,YPL018W,0,0.3934454,0.11284857988357544,0.8747474551200867,0.6876767873764038
YOR189W,YOL029C,0,0.39335176,0.11283387988805771,0.8747474551200867,0.6877777576446533
YOR252W,YMR232W,0,0.3932459,0.11281917989253998,0.8747474551200867,0.6878787875175476
YGL189C,YER149C,0,0.39302507,0.11280447989702225,0.8747474551200867,0.6879798173904419
YIR019C,YGL078C,0,0.39288148,0.11278978735208511,0.8747474551200867,0.6880807876586914
YPL117C,YDL117W,0,0.39271468,0.11277510225772858,0.8747474551200867,0.6881818175315857
YJL110C,YER139C,0,0.39248046,0.11276041716337204,0.8747474551200867,0.68828284740448
YMR192W,YML107C,0,0.39229044,0.1127457395195961,0.8747474551200867,0.6883838176727295
YPL138C,YPL130W,0,0.3920085,0.11273106187582016,0.8747474551200867,0.6884848475456238
YPR161C,YJR050W,0,0.3918377,0.11271638423204422,0.8747474551200867,0.6885858774185181
YDL003W,YKL132C,0,0.3918219,0.11270172148942947,0.8747474551200867,0.6886868476867676
YML133C,YDR021W,0,0.3914672,0.11268705129623413,0.8747474551200867,0.6887878775596619
YNL183C,YDL119C,0,0.3914315,0.11267238855361938,0.8747474551200867,0.6888889074325562
YJL054W,YNL328C,1,0.3913938,0.11278782039880753,0.8757575750350952,0.6888889074325562
YOR191W,YGR266W,0,0.39126563,0.11277315020561218,0.8757575750350952,0.6889898777008057
YBR153W,YNL062C,0,0.39112952,0.11275848746299744,0.8757575750350952,0.6890909075737
YFR024C,YHL028W,0,0.39079356,0.11274382472038269,0.8757575750350952,0.6891919374465942
YER062C,YKR053C,0,0.3906178,0.11272916197776794,0.8757575750350952,0.6892929077148438
YJR073C,YER179W,0,0.39059147,0.1127145066857338,0.8757575750350952,0.689393937587738
YMR274C,YDR301W,0,0.3905538,0.11269985884428024,0.8757575750350952,0.6894949674606323
YBL008W,YBR034C,0,0.3903847,0.11268521100282669,0.8757575750350952,0.6895959377288818
YPL105C,YHR149C,0,0.3902655,0.11267056316137314,0.8757575750350952,0.6896969676017761
YER123W,YLR154W-C,0,0.39014196,0.11265592277050018,0.8757575750350952,0.6897979974746704
YOR193W,YGL018C,0,0.3901179,0.11264128983020782,0.8757575750350952,0.6898989677429199
YEL032W,YPL117C,0,0.38998976,0.11262665688991547,0.8757575750350952,0.6899999976158142
YGL139W,YLR115W,0,0.3899384,0.11261202394962311,0.8757575750350952,0.6901010274887085
YLR345W,YKL080W,0,0.38986003,0.11259740591049194,0.8757575750350952,0.690201997756958
YNL190W,YOR383C,0,0.38894114,0.11258278042078018,0.8757575750350952,0.6903030276298523
YAR009C,YDR261C,0,0.38879606,0.11256816238164902,0.8757575750350952,0.6904040575027466
YLR352W,YPL097W,0,0.38876876,0.11255355179309845,0.8757575750350952,0.6905050277709961
YOR264W,YPR141C,0,0.38845637,0.11253894120454788,0.8757575750350952,0.6906060576438904
YDR468C,YAL059W,0,0.38838091,0.11252433806657791,0.8757575750350952,0.6907070875167847
YOL098C,YDR437W,0,0.38803348,0.11250973492860794,0.8757575750350952,0.6908080577850342
YGR142W,YGL192W,0,0.3879535,0.11249513179063797,0.8757575750350952,0.6909090876579285
YOR048C,YGL195W,0,0.38752294,0.1124805361032486,0.8757575750350952,0.6910101175308228
YJL168C,YDR395W,0,0.3869563,0.11246594786643982,0.8757575750350952,0.6911110877990723
YOR334W,YMR074C,0,0.38658434,0.11245135962963104,0.8757575750350952,0.6912121176719666
YDL093W,YBL014C,0,0.3864772,0.11243677884340286,0.8757575750350952,0.6913131475448608
YJR153W,YCR038C,0,0.38562238,0.11242219805717468,0.8757575750350952,0.6914141178131104
YLR315W,YPL225W,0,0.3855608,0.1124076247215271,0.8757575750350952,0.6915151476860046
YDR323C,YDL139C,0,0.38530895,0.11239305138587952,0.8757575750350952,0.6916161775588989
YNL328C,YLR190W,1,0.38529056,0.11250810325145721,0.8767676949501038,0.6916161775588989
YJR120W,YPL063W,1,0.38513336,0.11262311786413193,0.8777777552604675,0.6916161775588989
YDR145W,YNL068C,0,0.38490072,0.11260852962732315,0.8777777552604675,0.6917171478271484
YNL051W,YDL240W,0,0.38484117,0.11259393393993378,0.8777777552604675,0.6918181777000427
YOR090C,YKR096W,0,0.3847646,0.1125793531537056,0.8777777552604675,0.691919207572937
YHR037W,YDR200C,0,0.38463,0.11256476491689682,0.8777777552604675,0.6920201778411865
YOR045W,YOL076W,1,0.38454524,0.11267970502376556,0.8787878751754761,0.6920201778411865
YPL117C,YOR254C,0,0.38453433,0.11266510933637619,0.8787878751754761,0.6921212077140808
YMR225C,YLL053C,0,0.38440928,0.11265052109956741,0.8787878751754761,0.6922222375869751
YOR049C,YPR010C,0,0.38424566,0.11263594031333923,0.8787878751754761,0.6923232078552246
YOR191W,YPR114W,0,0.38404536,0.11262135952711105,0.8787878751754761,0.6924242377281189
YLR288C,YKL077W,0,0.38395163,0.11260677874088287,0.8787878751754761,0.6925252676010132
YHR185C,YNR038W,0,0.3837793,0.11259221285581589,0.8787878751754761,0.6926262378692627
YKR077W,YIR026C,0,0.38358885,0.1125776395201683,0.8787878751754761,0.692727267742157
YKR064W,YKR072C,0,0.3835106,0.11256307363510132,0.8787878751754761,0.6928282976150513
YHL038C,YJL179W,0,0.38348535,0.11254851520061493,0.8787878751754761,0.6929292678833008
YDR515W,YGR004W,0,0.38324463,0.11253395676612854,0.8787878751754761,0.6930302977561951
YMR055C,YOR249C,0,0.38322487,0.11251939833164215,0.8787878751754761,0.6931313276290894
YOR192C,YOL126C,0,0.3830735,0.11250484734773636,0.8787878751754761,0.6932322978973389
YOR258W,YOL135C,0,0.38252047,0.11249030381441116,0.8787878751754761,0.6933333277702332
YOL023W,YER109C,0,0.3825191,0.11247576028108597,0.8787878751754761,0.6934343576431274
YAL015C,YCR105W,0,0.38233787,0.11246121674776077,0.8787878751754761,0.693535327911377
YPR175W,YDR259C,0,0.38198695,0.11244668811559677,0.8787878751754761,0.6936363577842712
YML016C,YOR132W,0,0.3819738,0.11243215203285217,0.8787878751754761,0.6937373876571655
YGR212W,YHR122W,0,0.38191357,0.11241762340068817,0.8787878751754761,0.693838357925415
YAR009C,YBR254C,0,0.38140848,0.11240310221910477,0.8787878751754761,0.6939393877983093
YIL022W,YOL095C,1,0.38132122,0.11251775920391083,0.8797979950904846,0.6939393877983093
YMR153W,YOR059C,0,0.3811725,0.11250323057174683,0.8797979950904846,0.6940404176712036
YJR120W,YHR120W,1,0.38101277,0.1126178503036499,0.8808080554008484,0.6940404176712036
YBR233W-A,YBR029C,0,0.38086742,0.11260330677032471,0.8808080554008484,0.6941413879394531
YOR018W,YPL280W,0,0.38071012,0.11258876323699951,0.8808080554008484,0.6942424178123474
YJR120W,YLR059C,1,0.38056543,0.11270333081483841,0.8818181753158569,0.6942424178123474
YLR223C,YDR437W,0,0.38022128,0.11268877983093262,0.8818181753158569,0.6943434476852417
YLR277C,YJL003W,0,0.38015315,0.11267423629760742,0.8818181753158569,0.6944444179534912
YHR006W,YDL117W,0,0.3801167,0.11265970021486282,0.8818181753158569,0.6945454478263855
YKR078W,YGL107C,0,0.3800924,0.11264516413211823,0.8818181753158569,0.6946464776992798
YEL018W,YKL138C-A,0,0.37998214,0.11263062804937363,0.8818181753158569,0.6947474479675293
YBR046C,YKR052C,0,0.37995833,0.11261609941720963,0.8818181753158569,0.6948484778404236
YFL056C,YGL226W,0,0.37969774,0.11260157078504562,0.8818181753158569,0.6949495077133179
YLR315W,YMR226C,0,0.37951836,0.11258704960346222,0.8818181753158569,0.6950504779815674
YLL048C,YJR054W,0,0.3791797,0.11257253587245941,0.8818181753158569,0.6951515078544617
YOR193W,YER100W,0,0.37917557,0.1125580221414566,0.8818181753158569,0.695252537727356
YJL078C,YHR020W,0,0.37899873,0.1125435084104538,0.8818181753158569,0.6953535079956055
YNL214W,YPL253C,0,0.37848023,0.11252900213003159,0.8818181753158569,0.6954545378684998
YJL110C,YPR008W,0,0.37826493,0.11251449584960938,0.8818181753158569,0.695555567741394
YNL025C,YFR016C,0,0.37754965,0.11249999701976776,0.8818181753158569,0.6956565380096436
YML023C,YER007C-A,0,0.37732142,0.11248550564050674,0.8818181753158569,0.6957575678825378
YIL069C,YNL194C,0,0.37718353,0.11247101426124573,0.8818181753158569,0.6958585977554321
YKR064W,YDR122W,0,0.37715533,0.11245652288198471,0.8818181753158569,0.6959595680236816
YDR308C,YER155C,0,0.3768759,0.11244203895330429,0.8818181753158569,0.6960605978965759
YLR215C,YFR034C,0,0.37675527,0.11242756247520447,0.8818181753158569,0.6961616277694702
YBL008W,YOL135C,0,0.3765647,0.11241308599710464,0.8818181753158569,0.6962625980377197
YOR086C,YDR438W,0,0.37639913,0.11239860951900482,0.8818181753158569,0.696363627910614
YJR084W,YBR060C,0,0.37632972,0.1123841404914856,0.8818181753158569,0.6964646577835083
YNL132W,YKR072C,0,0.376025,0.11236967146396637,0.8818181753158569,0.6965656280517578
YHR210C,YLR249W,0,0.37583348,0.11235520988702774,0.8818181753158569,0.6966666579246521
YNR024W,YIL005W,0,0.3756543,0.11234075576066971,0.8818181753158569,0.6967676877975464
YPL280W,YFR034C,0,0.37554997,0.11232630163431168,0.8818181753158569,0.6968686580657959
YLL053C,YNR033W,0,0.3754572,0.11231184750795364,0.8818181753158569,0.6969696879386902
YML067C,YCL064C,0,0.37521514,0.11229740083217621,0.8818181753158569,0.6970707178115845
YER038C,YHR090C,0,0.3752021,0.11228296160697937,0.8818181753158569,0.697171688079834
YHL003C,YKL080W,0,0.37518784,0.11226851493120193,0.8818181753158569,0.6972727179527283
YNL286W,YDR287W,0,0.3749183,0.1122540831565857,0.8818181753158569,0.6973737478256226
YJL045W,YFR016C,0,0.37482247,0.11223965138196945,0.8818181753158569,0.6974747180938721
YOL098C,YNL133C,0,0.37479565,0.11222521960735321,0.8818181753158569,0.6975757479667664
YBR208C,YDR317W,0,0.3747591,0.11221079528331757,0.8818181753158569,0.6976767778396606
YGL076C,YAL059W,0,0.37475792,0.11219637840986252,0.8818181753158569,0.6977777481079102
YJR027W,YPL061W,0,0.37399188,0.11218196153640747,0.8818181753158569,0.6978787779808044
YPL116W,YBL063W,0,0.37398988,0.11216754466295242,0.8818181753158569,0.6979798078536987
YLR007W,YHL025W,0,0.37358603,0.11215313524007797,0.8818181753158569,0.698080837726593
YGR205W,YOR136W,0,0.3735497,0.11213872581720352,0.8818181753158569,0.6981818079948425
YHR035W,YLL031C,0,0.37354526,0.11212432384490967,0.8818181753158569,0.6982828378677368
YDL076C,YPL253C,0,0.37346336,0.11210992932319641,0.8818181753158569,0.6983838677406311
YLR194C,YDR359C,0,0.373201,0.11209553480148315,0.8818181753158569,0.6984848380088806
YAR009C,YMR225C,0,0.37316433,0.1120811402797699,0.8818181753158569,0.6985858678817749
YOL069W,YGL115W,0,0.3730661,0.11206675320863724,0.8818181753158569,0.6986868977546692
YGR004W,YNL094W,0,0.37303224,0.11205236613750458,0.8818181753158569,0.6987878680229187
YNL167C,YJR050W,0,0.37278947,0.11203798651695251,0.8818181753158569,0.698888897895813
YLR154W-C,YJL003W,0,0.3723229,0.11202361434698105,0.8818181753158569,0.6989899277687073
YER028C,YPR097W,0,0.37154856,0.11200923472642899,0.8818181753158569,0.6990908980369568
YAL059W,YDR407C,0,0.37127152,0.11199487000703812,0.8818181753158569,0.6991919279098511
YLL066C,YDR407C,0,0.3712544,0.11198050528764725,0.8818181753158569,0.6992929577827454
YCR045C,YJL179W,0,0.371186,0.11196614056825638,0.8818181753158569,0.6993939280509949
YML102W,YBR180W,0,0.3709339,0.1119517832994461,0.8818181753158569,0.6994949579238892
YKL006C-A,YJL179W,0,0.37073362,0.11193742603063583,0.8818181753158569,0.6995959877967834
YPR131C,YOR060C,1,0.3706371,0.11205127835273743,0.8828282952308655,0.6995959877967834
YPL120W,YFR010W,0,0.37056652,0.11203692108392715,0.8828282952308655,0.699696958065033
YDR287W,YDR213W,0,0.37055176,0.11202255636453629,0.8828282952308655,0.6997979879379272
YNL190W,YIL005W,0,0.3705286,0.11200819909572601,0.8828282952308655,0.6998990178108215
YML098W,YNL240C,0,0.3704336,0.11199384927749634,0.8828282952308655,0.699999988079071
YFL011W,YIL096C,0,0.37030283,0.11197949945926666,0.8828282952308655,0.7001010179519653
YPL171C,YKR096W,0,0.37025782,0.11196515709161758,0.8828282952308655,0.7002020478248596
YGR202C,YMR050C,0,0.37021035,0.1119508147239685,0.8828282952308655,0.7003030180931091
YJL162C,YDR004W,0,0.37012222,0.11193647235631943,0.8828282952308655,0.7004040479660034
YGR170W,YFR034C,0,0.36999872,0.11192213743925095,0.8828282952308655,0.7005050778388977
YHL017W,YPL043W,0,0.36994582,0.11190780997276306,0.8828282952308655,0.7006060481071472
YDR127W,YNL190W,0,0.36974165,0.11189348250627518,0.8828282952308655,0.7007070779800415
YIL056W,YPR141C,0,0.36959878,0.11187916249036789,0.8828282952308655,0.7008081078529358
YNL328C,YNL066W,1,0.36956298,0.11199283599853516,0.8838383555412292,0.7008081078529358
YHR185C,YOR252W,0,0.3694452,0.11197850108146667,0.8838383555412292,0.7009090781211853
YPR055W,YKR052C,0,0.369383,0.11196417361497879,0.8838383555412292,0.7010101079940796
YPL248C,YMR118C,0,0.36927995,0.1119498461484909,0.8838383555412292,0.7011111378669739
YIL030C,YOR250C,0,0.36919737,0.11193552613258362,0.8838383555412292,0.7012121081352234
YML041C,YPR068C,0,0.36914477,0.11192120611667633,0.8838383555412292,0.7013131380081177
YPL198W,YIL043C,0,0.36903313,0.11190689355134964,0.8838383555412292,0.701414167881012
YPL248C,YDR257C,0,0.3690088,0.11189258098602295,0.8838383555412292,0.7015151381492615
YHR088W,YER127W,0,0.36895338,0.11187827587127686,0.8838383555412292,0.7016161680221558
YML057W,YMR050C,0,0.36881453,0.11186397075653076,0.8838383555412292,0.70171719789505
YLL026W,YLR288C,0,0.36880565,0.11184967309236526,0.8838383555412292,0.7018181681632996
YJL059W,YER072W,0,0.3683849,0.11183537542819977,0.8838383555412292,0.7019191980361938
YER155C,YDR395W,0,0.3681278,0.11182108521461487,0.8838383555412292,0.7020202279090881
YLR417W,YPL117C,0,0.36720058,0.11180679500102997,0.8838383555412292,0.7021211981773376
YFR040W,YOL135C,0,0.3670868,0.11179251223802567,0.8838383555412292,0.7022222280502319
YDR021W,YPR174C,0,0.36678955,0.11177822947502136,0.8838383555412292,0.7023232579231262
YPR097W,YOR132W,0,0.36653253,0.11176395416259766,0.8838383555412292,0.7024242281913757
YMR226C,YDR057W,0,0.3662291,0.11174967885017395,0.8838383555412292,0.70252525806427
YCR045C,YHR169W,0,0.36619624,0.11173541098833084,0.8838383555412292,0.7026262879371643
YOR258W,YER102W,0,0.36602017,0.11172114312648773,0.8838383555412292,0.7027272582054138
YLR154W-C,YNL156C,0,0.36555085,0.11170688271522522,0.8838383555412292,0.7028282880783081
YLR432W,YDR087C,0,0.3655054,0.11169262230396271,0.8838383555412292,0.7029293179512024
YMR055C,YDR135C,0,0.36546436,0.11167836934328079,0.8838383555412292,0.7030302882194519
YOL009C,YLL018C-A,1,0.36527896,0.11179172992706299,0.8848484754562378,0.7030302882194519
YHR204W,YOL023W,0,0.36433974,0.11177746951580048,0.8848484754562378,0.7031313180923462
YKL138C-A,YKL138C,0,0.36405012,0.11176320165395737,0.8848484754562378,0.7032323479652405
YGL045W,YHL021C,0,0.3639491,0.11174894869327545,0.8848484754562378,0.70333331823349
YER149C,YOR272W,0,0.36389968,0.11173469573259354,0.8848484754562378,0.7034343481063843
YLL048C,YLL021W,0,0.36387274,0.11172044277191162,0.8848484754562378,0.7035353779792786
YGL243W,YFR016C,0,0.36368686,0.1117061972618103,0.8848484754562378,0.7036363482475281
YER044C-A,YNL181W,0,0.3630436,0.11169195175170898,0.8848484754562378,0.7037373781204224
YJR120W,YHR024C,1,0.36290857,0.11180520057678223,0.8858585953712463,0.7037373781204224
YNL103W,YPL209C,0,0.362877,0.11179094761610031,0.8858585953712463,0.7038384079933167
YBR181C,YKL196C,0,0.3628536,0.11177670210599899,0.8858585953712463,0.7039393782615662
YEL048C,YNL216W,0,0.36275196,0.11176245659589767,0.8858585953712463,0.7040404081344604
YOR004W,YLR143W,0,0.362704,0.11174821853637695,0.8858585953712463,0.7041414380073547
YPR017C,YLR292C,0,0.36260298,0.11173398047685623,0.8858585953712463,0.7042424082756042
YLR039C,YDR365C,0,0.3623728,0.11171974241733551,0.8858585953712463,0.7043434381484985
YPR155C,YHL006C,0,0.3621772,0.11170551180839539,0.8858585953712463,0.7044444680213928
YGL093W,YDL012C,0,0.36214226,0.11169128865003586,0.8858585953712463,0.7045454382896423
YGR266W,YLR023C,0,0.36197922,0.11167706549167633,0.8858585953712463,0.7046464681625366
YKR096W,YPL097W,0,0.36189318,0.1116628497838974,0.8858585953712463,0.7047474980354309
YHR122W,YNL038W,0,0.36152813,0.11164863407611847,0.8858585953712463,0.7048484683036804
YJL127C,YPR007C,0,0.3611945,0.11163441836833954,0.8858585953712463,0.7049494981765747
YKR075C,YDL223C,0,0.36099905,0.1116202101111412,0.8858585953712463,0.705050528049469
YLR239C,YBR060C,0,0.36096415,0.11160600930452347,0.8858585953712463,0.7051514983177185
YPR095C,YJL089W,0,0.36095843,0.11159180849790573,0.8858585953712463,0.7052525281906128
YOR262W,YDL149W,0,0.35993806,0.111577607691288,0.8858585953712463,0.7053535580635071
YNL328C,YJR120W,1,0.3597071,0.11169062554836273,0.8868687152862549,0.7053535580635071
YBR091C,YHR194W,1,0.35970345,0.11180361360311508,0.8878787755966187,0.7053535580635071
YHR154W,YEL027W,0,0.35961226,0.11178939044475555,0.8878787755966187,0.7054545283317566
YHL038C,YER005W,0,0.35904798,0.11177517473697662,0.8878787755966187,0.7055555582046509
YHR205W,YCR038C,0,0.35901573,0.11176096647977829,0.8878787755966187,0.7056565880775452
YJR042W,YPR100W,0,0.3587134,0.11174675822257996,0.8878787755966187,0.7057575583457947
YOR249C,YJL197W,0,0.35833183,0.11173255741596222,0.8878787755966187,0.705858588218689
YPR034W,YHR079C-B,0,0.35803106,0.11171834915876389,0.8878787755966187,0.7059596180915833
YBR162W-A,YML076C,0,0.35772297,0.11170415580272675,0.8878787755966187,0.7060605883598328
YJL059W,YNL287W,0,0.3576481,0.1116899624466896,0.8878787755966187,0.706161618232727
YBR078W,YOR271C,0,0.35763654,0.11167576909065247,0.8878787755966187,0.7062626481056213
YDL105W,YDR160W,0,0.35756657,0.11166158318519592,0.8878787755966187,0.7063636183738708
YER041W,YAL030W,0,0.35658225,0.11164740473031998,0.8878787755966187,0.7064646482467651
YJL059W,YNL024C,0,0.3565369,0.11163322627544403,0.8878787755966187,0.7065656781196594
YNL221C,YCR035C,0,0.35648498,0.11161904782056808,0.8878787755966187,0.7066666483879089
YDR160W,YDR057W,0,0.35644993,0.11160487681627274,0.8878787755966187,0.7067676782608032
YKR075C,YER038C,0,0.35637563,0.11159070581197739,0.8878787755966187,0.7068687081336975
YMR050C,YPR007C,0,0.35553795,0.11157654225826263,0.8878787755966187,0.706969678401947
YNL056W,YIL011W,0,0.3552774,0.11156237870454788,0.8878787755966187,0.7070707082748413
YAL002W,YEL048C,0,0.35510263,0.11154822260141373,0.8878787755966187,0.7071717381477356
YOR034C,YAL015C,0,0.3550687,0.11153406649827957,0.8878787755966187,0.7072727084159851
YEL051W,YDR384C,0,0.35505036,0.11151991784572601,0.8878787755966187,0.7073737382888794
YGL085W,YLR055C,0,0.35497493,0.11150576919317245,0.8878787755966187,0.7074747681617737
YLL066C,YJL216C,0,0.3548739,0.1114916279911995,0.8878787755966187,0.7075757384300232
YAL048C,YKL134C,1,0.35485253,0.11160431057214737,0.8888888955116272,0.7075757384300232
YMR048W,YGL027C,0,0.35463867,0.11159016191959381,0.8888888955116272,0.7076767683029175
YGR024C,YBR191W,0,0.3542967,0.11157601326704025,0.8888888955116272,0.7077777981758118
YNL246W,YLL053C,0,0.35415536,0.1115618646144867,0.8888888955116272,0.7078787684440613
YFR031C-A,YDR308C,0,0.35383192,0.11154772341251373,0.8888888955116272,0.7079797983169556
YGR224W,YDR437W,0,0.35373935,0.11153358966112137,0.8888888955116272,0.7080808281898499
YER100W,YBL014C,0,0.35300326,0.111519455909729,0.8888888955116272,0.7081817984580994
YJL162C,YOR250C,0,0.3529804,0.11150532215833664,0.8888888955116272,0.7082828283309937
YFL005W,YLR175W,0,0.35271958,0.11149119585752487,0.8888888955116272,0.7083838582038879
YPL225W,YHR150W,0,0.35221347,0.1114770695567131,0.8888888955116272,0.7084848284721375
YBR248C,YOR019W,0,0.35200578,0.11146295070648193,0.8888888955116272,0.7085858583450317
YNL020C,YML082W,0,0.3519803,0.11144883185625076,0.8888888955116272,0.708686888217926
YHL038C,YMR322C,0,0.35194927,0.11143472045660019,0.8888888955116272,0.7087878584861755
YGR030C,YHR079C-B,0,0.35189086,0.11142061650753021,0.8888888955116272,0.7088888883590698
YGL045W,YER071C,0,0.35126615,0.11140650510787964,0.8888888955116272,0.7089899182319641
YAL019W,YGL129C,0,0.35115483,0.11139240860939026,0.8888888955116272,0.7090908885002136
YOR011W,YER127W,0,0.35114026,0.11137830466032028,0.8888888955116272,0.7091919183731079
YFL005W,YBR248C,0,0.3509178,0.1113642081618309,0.8888888955116272,0.7092929482460022
YGR244C,YCL012W,0,0.3509089,0.11135011911392212,0.8888888955116272,0.7093939185142517
YHL011C,YPR174C,0,0.35084417,0.11133603006601334,0.8888888955116272,0.709494948387146
YDR434W,YNL247W,0,0.3505046,0.11132194846868515,0.8888888955116272,0.7095959782600403
YBR043C,YGR004W,0,0.35037598,0.11130786687135696,0.8888888955116272,0.7096969485282898
YGR205W,YPR128C,0,0.35015637,0.11129379272460938,0.8888888955116272,0.7097979784011841
YDR359C,YMR131C,0,0.34988722,0.11127971857786179,0.8888888955116272,0.7098990082740784
YLR315W,YLR299W,0,0.34981352,0.1112656444311142,0.8888888955116272,0.7099999785423279
YEL005C,YHR114W,0,0.34956884,0.1112515777349472,0.8888888955116272,0.7101010084152222
YEL048C,YJR054W,0,0.34938106,0.11123751848936081,0.8888888955116272,0.7102020382881165
YGR017W,YLR323C,0,0.3489424,0.11122345924377441,0.8888888955116272,0.710303008556366
YCR045C,YPR034W,0,0.34836623,0.11120939999818802,0.8888888955116272,0.7104040384292603
YDR500C,YPL021W,0,0.3483366,0.11119534820318222,0.8888888955116272,0.7105050683021545
YLR432W,YPR133C,0,0.34833506,0.11118130385875702,0.8888888955116272,0.710606038570404
YDR235W,YKR095W-A,0,0.34829992,0.11116725951433182,0.8888888955116272,0.7107070684432983
YFL035C-B,YPL006W,0,0.34821048,0.11115321516990662,0.8888888955116272,0.7108080983161926
YDL124W,YOL011W,0,0.34774867,0.11113917827606201,0.8888888955116272,0.7109090685844421
YNL137C,YBL100W-B,0,0.34750327,0.11112514138221741,0.8888888955116272,0.7110100984573364
YKL029C,YML102W,0,0.34741688,0.1111111119389534,0.8888888955116272,0.7111111283302307
YDL134C-A,YIR026C,0,0.34732422,0.11109708249568939,0.8888888955116272,0.7112120985984802
YMR232W,YDR087C,0,0.34683523,0.11108306050300598,0.8888888955116272,0.7113131284713745
YBR043C,YNR038W,0,0.34678355,0.11106903851032257,0.8888888955116272,0.7114141583442688
YCL068C,YLR019W,0,0.34657604,0.11105502396821976,0.8888888955116272,0.7115151286125183
YNL181W,YPL006W,0,0.3465422,0.11104100942611694,0.8888888955116272,0.7116161584854126
YLR442C,YLR037C,0,0.3461158,0.11102700233459473,0.8888888955116272,0.7117171883583069
YDR227W,YMR262W,0,0.34607366,0.11101299524307251,0.8888888955116272,0.7118181586265564
YNL183C,YDR019C,0,0.34563074,0.11099898815155029,0.8888888955116272,0.7119191884994507
YNL250W,YDL117W,0,0.3454775,0.11098498851060867,0.8888888955116272,0.712020218372345
YHR205W,YLR247C,0,0.3453013,0.11097099632024765,0.8888888955116272,0.7121211886405945
YNL164C,YLR292C,0,0.34514472,0.11095700412988663,0.8888888955116272,0.7122222185134888
YOL098C,YKL138C,0,0.34502235,0.1109430119395256,0.8888888955116272,0.7123232483863831
YLR056W,YIL011W,0,0.34493703,0.11092902719974518,0.8888888955116272,0.7124242186546326
YHL028W,YGL107C,0,0.34463426,0.11091504991054535,0.8888888955116272,0.7125252485275269
YHR033W,YLR068W,0,0.34456775,0.11090107262134552,0.8888888955116272,0.7126262784004211
YBL031W,YHR079C-B,0,0.3443708,0.11088709533214569,0.8888888955116272,0.7127272486686707
YJL089W,YFL026W,0,0.3443105,0.11087312549352646,0.8888888955116272,0.7128282785415649
YDR323C,YKR064W,0,0.34396446,0.11085915565490723,0.8888888955116272,0.7129293084144592
YOR192C,YBR181C,0,0.3439276,0.11084519326686859,0.8888888955116272,0.7130302786827087
YPL221W,YFL035C-A,0,0.3435946,0.11083123087882996,0.8888888955116272,0.713131308555603
YER023W,YLL067C,0,0.34337848,0.11081727594137192,0.8888888955116272,0.7132323384284973
YGL018C,YLR154W-C,0,0.34301707,0.11080332100391388,0.8888888955116272,0.7133333086967468
YPR110C,YCR107W,0,0.34284875,0.11078937351703644,0.8888888955116272,0.7134343385696411
YDR235W,YML082W,0,0.34274703,0.110775426030159,0.8888888955116272,0.7135353684425354
YCL001W,YLR323C,0,0.34253067,0.11076148599386215,0.8888888955116272,0.7136363387107849
YJR120W,YLL006W,1,0.34249642,0.11087339371442795,0.8898990154266357,0.7136363387107849
YPR071W,YIL123W,0,0.3416181,0.1108594462275505,0.8898990154266357,0.7137373685836792
YPR071W,YBR162C,0,0.34113124,0.11084549874067307,0.8898990154266357,0.7138383984565735
YLL066C,YGL105W,0,0.34079844,0.11083155125379562,0.8898990154266357,0.713939368724823
YGR103W,YAL059W,0,0.34076816,0.11081761121749878,0.8898990154266357,0.7140403985977173
YOR034C,YBR208C,0,0.3406506,0.11080367118120193,0.8898990154266357,0.7141414284706116
YDR384C,YFR030W,0,0.3406007,0.11078973859548569,0.8898990154266357,0.7142423987388611
YCR106W,YCL048W,0,0.34056917,0.11077580600976944,0.8898990154266357,0.7143434286117554
YPL076W,YHL026C,0,0.34055606,0.11076188087463379,0.8898990154266357,0.7144444584846497
YMR041C,YJR046W,0,0.34032202,0.11074795573949814,0.8898990154266357,0.7145454287528992
YGR055W,YBL100W-B,0,0.33997032,0.11073403805494308,0.8898990154266357,0.7146464586257935
YCR045C,YKR049C,0,0.33996874,0.11072012037038803,0.8898990154266357,0.7147474884986877
YOL076W,YOR330C,1,0.33995548,0.1108318641781807,0.8909090757369995,0.7147474884986877
YER177W,YGR178C,0,0.3397493,0.11081793904304504,0.8909090757369995,0.7148484587669373
YBR043C,YDR135C,0,0.3395233,0.11080402135848999,0.8909090757369995,0.7149494886398315
YDR007W,YNL132W,0,0.3394309,0.11079010367393494,0.8909090757369995,0.7150505185127258
YJL183W,YNL164C,0,0.33934817,0.11077618598937988,0.8909090757369995,0.7151514887809753
YJL098W,YKR031C,0,0.3390175,0.11076227575540543,0.8909090757369995,0.7152525186538696
YOR334W,YLR220W,0,0.33899578,0.11074836552143097,0.8909090757369995,0.7153535485267639
YML045W,YHL015W,0,0.3387372,0.11073446273803711,0.8909090757369995,0.7154545187950134
YDL160C,YGL192W,0,0.3386784,0.11072055995464325,0.8909090757369995,0.7155555486679077
YGR080W,YOR048C,0,0.33861932,0.11070666462182999,0.8909090757369995,0.715656578540802
YGL243W,YHR037W,0,0.33857986,0.11069276928901672,0.8909090757369995,0.7157575488090515
YDR092W,YCR065W,0,0.33844283,0.11067888140678406,0.8909090757369995,0.7158585786819458
YPR161C,YFR016C,0,0.33808523,0.11066499352455139,0.8909090757369995,0.7159596085548401
YAL059W,YDR179C,0,0.3375546,0.11065111309289932,0.8909090757369995,0.7160605788230896
YOR383C,YCR058C,0,0.33739012,0.11063723266124725,0.8909090757369995,0.7161616086959839
YGL139W,YNL317W,0,0.33725402,0.11062335222959518,0.8909090757369995,0.7162626385688782
YKR078W,YHR139C,0,0.33724722,0.11060947924852371,0.8909090757369995,0.7163636088371277
YPL061W,YHR020W,0,0.33704922,0.11059561371803284,0.8909090757369995,0.716464638710022
YOL154W,YDR367W,0,0.33697996,0.11058174818754196,0.8909090757369995,0.7165656685829163
YDL220C,YGR003W,0,0.33655512,0.11056788265705109,0.8909090757369995,0.7166666388511658
YOR172W,YMR131C,0,0.33640134,0.11055402457714081,0.8909090757369995,0.7167676687240601
YKR078W,YKL194C,0,0.33636707,0.11054016649723053,0.8909090757369995,0.7168686985969543
YKL191W,YIL119C,0,0.33594176,0.11052631586790085,0.8909090757369995,0.7169696688652039
YMR050C,YML096W,0,0.3357484,0.11051246523857117,0.8909090757369995,0.7170706987380981
YOL132W,YBR193C,0,0.33566052,0.11049862205982208,0.8909090757369995,0.7171717286109924
YER123W,YDR257C,0,0.33556673,0.110484778881073,0.8909090757369995,0.7172726988792419
YPL105C,YGR055W,0,0.33531582,0.11047094315290451,0.8909090757369995,0.7173737287521362
YBR189W,YML055W,0,0.33526742,0.11045710742473602,0.8909090757369995,0.7174747586250305
YNR071C,YDL102W,0,0.33524564,0.11044327914714813,0.8909090757369995,0.71757572889328
YMR015C,YBR065C,0,0.3346927,0.11042945086956024,0.8909090757369995,0.7176767587661743
YLL066C,YAR009C,0,0.33450148,0.11041562259197235,0.8909090757369995,0.7177777886390686
YCL068C,YKL087C,0,0.33429462,0.11040180176496506,0.8909090757369995,0.7178787589073181
YPL001W,YOR059C,0,0.3342667,0.11038798838853836,0.8909090757369995,0.7179797887802124
YLR118C,YHR202W,0,0.33424622,0.11037416756153107,0.8909090757369995,0.7180808186531067
YCL064C,YKL040C,0,0.33413762,0.11036036163568497,0.8909090757369995,0.7181817889213562
YER093C,YHR114W,0,0.3341337,0.11034655570983887,0.8909090757369995,0.7182828187942505
YNL130C,YLR092W,0,0.33412996,0.11033274978399277,0.8909090757369995,0.7183838486671448
YMR220W,YGL171W,0,0.33398572,0.11031895130872726,0.8909090757369995,0.7184848189353943
YMR015C,YCL068C,0,0.3338939,0.11030515283346176,0.8909090757369995,0.7185858488082886
YOR260W,YLR384C,0,0.33379304,0.11029136180877686,0.8909090757369995,0.7186868786811829
YOL132W,YGR245C,0,0.33353713,0.11027757078409195,0.8909090757369995,0.7187879085540771
YHR142W,YER108C,0,0.333229,0.11026377975940704,0.8909090757369995,0.7188888788223267
YDR122W,YLL021W,0,0.33313867,0.11025000363588333,0.8909090757369995,0.718989908695221
YJL098W,YHL050C,0,0.33308554,0.11023622006177902,0.8909090757369995,0.7190909385681152
YKR095W-A,YNL118C,0,0.33307427,0.11022244393825531,0.8909090757369995,0.7191919088363647
YDR273W,YIL033C,0,0.3322626,0.1102086752653122,0.8909090757369995,0.719292938709259
YMR274C,YNR055C,0,0.33188432,0.11019489914178848,0.8909090757369995,0.7193939685821533
YGL139W,YLR175W,0,0.33186108,0.11018113791942596,0.8909090757369995,0.7194949388504028
YGR099W,YOL132W,0,0.33151838,0.11016737669706345,0.8909090757369995,0.7195959687232971
YBR211C,YHR037W,0,0.33149156,0.11015361547470093,0.8909090757369995,0.7196969985961914
YIL064W,YKR007W,0,0.33111435,0.110139861702919,0.8909090757369995,0.7197979688644409
YHR165C,YPL198W,0,0.33094475,0.11012610793113708,0.8909090757369995,0.7198989987373352
YCR107W,YLR323C,0,0.33091167,0.11011236160993576,0.8909090757369995,0.7200000286102295
YBR091C,YOR330C,1,0.33090618,0.1102234423160553,0.8919191956520081,0.7200000286102295
YDR468C,YGR083C,0,0.33088145,0.11020968854427338,0.8919191956520081,0.720100998878479
YPR120C,YHR014W,0,0.33062384,0.11019593477249146,0.8919191956520081,0.7202020287513733
YGR055W,YNL036W,0,0.33042404,0.11018218100070953,0.8919191956520081,0.7203030586242676
YDR325W,YCL068C,0,0.33036968,0.11016843467950821,0.8919191956520081,0.7204040288925171
YIL008W,YMR153W,0,0.3302891,0.11015468835830688,0.8919191956520081,0.7205050587654114
YIL036W,YHR210C,0,0.33025065,0.11014094948768616,0.8919191956520081,0.7206060886383057
YPL209C,YPL178W,0,0.32960546,0.11012721061706543,0.8919191956520081,0.7207070589065552
YCR045C,YOR103C,0,0.32960021,0.1101134791970253,0.8919191956520081,0.7208080887794495
YKL069W,YNL023C,0,0.3292358,0.11009974777698517,0.8919191956520081,0.7209091186523438
YBR054W,YHL025W,0,0.32899058,0.11008602380752563,0.8919191956520081,0.7210100889205933
YJR123W,YAL068C,0,0.32886013,0.1100722998380661,0.8919191956520081,0.7211111187934875
YKR075C,YPL076W,0,0.32800883,0.11005858331918716,0.8919191956520081,0.7212121486663818
YDR439W,YLR299W,0,0.32776624,0.11004486680030823,0.8919191956520081,0.7213131189346313
YBR065C,YHR080C,0,0.32758263,0.11003115028142929,0.8919191956520081,0.7214141488075256
YPR071W,YNL094W,0,0.3275369,0.11001744121313095,0.8919191956520081,0.7215151786804199
YDR490C,YFL035C-A,0,0.3268267,0.11000373959541321,0.8919191956520081,0.7216161489486694
YLR037C,YKL032C,0,0.32644624,0.10999003797769547,0.8919191956520081,0.7217171788215637
YGL025C,YCL068C,0,0.32614216,0.10997633635997772,0.8919191956520081,0.721818208694458
YNL328C,YOL009C,1,0.32586125,0.11008717119693756,0.8929293155670166,0.721818208694458
YHR122W,YFL049W,0,0.32576466,0.11007346212863922,0.8929293155670166,0.7219191789627075
YEL051W,YDR395W,0,0.325561,0.11005976051092148,0.8929293155670166,0.7220202088356018
YPR003C,YCL048W,0,0.32484478,0.11004605889320374,0.8929293155670166,0.7221212387084961
YOR253W,YNL180C,0,0.32460257,0.11003236472606659,0.8929293155670166,0.7222222089767456
YOR027W,YDL139C,0,0.32455412,0.11001867055892944,0.8929293155670166,0.7223232388496399
YNL247W,YGL240W,0,0.32449013,0.1100049763917923,0.8929293155670166,0.7224242687225342
YNL176C,YKL087C,0,0.32439962,0.10999128967523575,0.8929293155670166,0.7225252389907837
YJR123W,YLR181C,0,0.32434416,0.1099776029586792,0.8929293155670166,0.722626268863678
YBR046C,YBR016W,0,0.32399514,0.10996392369270325,0.8929293155670166,0.7227272987365723
YNL103W,YOL029C,0,0.3237955,0.10995025187730789,0.8929293155670166,0.7228282690048218
YLL048C,YDR384C,0,0.32351935,0.10993657261133194,0.8929293155670166,0.7229292988777161
YNL180C,YDR303C,0,0.32328528,0.10992290824651718,0.8929293155670166,0.7230303287506104
YOL020W,YOR372C,0,0.32323542,0.10990923643112183,0.8929293155670166,0.7231312990188599
YPL001W,YER060W-A,0,0.3229927,0.10989557206630707,0.8929293155670166,0.7232323288917542
YOR193W,YDL087C,0,0.3229778,0.1098819151520729,0.8929293155670166,0.7233333587646484
YHL017W,YLR435W,0,0.32283235,0.10986825823783875,0.8929293155670166,0.723434329032898
YCL005W-A,YPL156C,0,0.32279176,0.10985460132360458,0.8929293155670166,0.7235353589057922
YPR068C,YLR288C,0,0.32247385,0.10984095185995102,0.8929293155670166,0.7236363887786865
YBR005W,YJL058C,0,0.32222503,0.10982730984687805,0.8929293155670166,0.723737359046936
YAL048C,YOR060C,1,0.32218423,0.1099378913640976,0.8939393758773804,0.723737359046936
YNL051W,YGR266W,0,0.32213202,0.10992423444986343,0.8939393758773804,0.7238383889198303
YML013W,YAL068C,0,0.32203057,0.10991057753562927,0.8939393758773804,0.7239394187927246
YLR154W-C,YGL127C,0,0.32199907,0.1098969355225563,0.8939393758773804,0.7240403890609741
YBL100W-B,YEL027W,0,0.32162854,0.10988328605890274,0.8939393758773804,0.7241414189338684
YGL096W,YNL038W,0,0.32144296,0.10986964404582977,0.8939393758773804,0.7242424488067627
YHR169W,YGR266W,0,0.32118577,0.1098560094833374,0.8939393758773804,0.7243434190750122
YLL048C,YLR154W-C,0,0.32061288,0.10984237492084503,0.8939393758773804,0.7244444489479065
YJL012C,YER060W-A,0,0.32056072,0.10982874035835266,0.8939393758773804,0.7245454788208008
YDR145W,YDL119C,0,0.3204348,0.10981511324644089,0.8939393758773804,0.7246464490890503
YDR367W,YBL047C,0,0.3204234,0.10980148613452911,0.8939393758773804,0.7247474789619446
YOL121C,YLR067C,0,0.32041895,0.10978786647319794,0.8939393758773804,0.7248485088348389
YLR361C,YBR003W,0,0.3203275,0.10977424681186676,0.8939393758773804,0.7249494791030884
YNL328C,YIL062C,1,0.32025963,0.10988465696573257,0.8949494957923889,0.7249494791030884
YGL063W,YKL006C-A,0,0.3200267,0.1098710298538208,0.8949494957923889,0.7250505089759827
YIL014W,YHR157W,0,0.31999716,0.10985741019248962,0.8949494957923889,0.725151538848877
YPR037C,YBL025W,0,0.31998286,0.10984379053115845,0.8949494957923889,0.7252525091171265
YPR055W,YOR319W,0,0.31989354,0.10983017086982727,0.8949494957923889,0.7253535389900208
YLR194C,YAL056W,0,0.31941864,0.10981655865907669,0.8949494957923889,0.725454568862915
YPR128C,YER127W,0,0.31906524,0.10980294644832611,0.8949494957923889,0.7255555391311646
YPR057W,YDR040C,0,0.31887284,0.10978934168815613,0.8949494957923889,0.7256565690040588
YLL066C,YPL036W,0,0.3188373,0.10977573692798615,0.8949494957923889,0.7257575988769531
YGR212W,YER041W,0,0.31839415,0.10976213961839676,0.8949494957923889,0.7258585691452026
YBR211C,YGR161C,0,0.31830373,0.10974854230880737,0.8949494957923889,0.7259595990180969
YCR016W,YML082W,0,0.31818345,0.10973495244979858,0.8949494957923889,0.7260606288909912
YFR024C,YLR384C,0,0.31801283,0.1097213625907898,0.8949494957923889,0.7261615991592407
YKR078W,YPL146C,0,0.3179591,0.109707772731781,0.8949494957923889,0.726262629032135
YPL100W,YBR131W,0,0.31786343,0.10969419032335281,0.8949494957923889,0.7263636589050293
YDR367W,YBR107C,0,0.31780732,0.10968061536550522,0.8949494957923889,0.7264646291732788
YJR150C,YGL018C,0,0.31776193,0.10966704040765762,0.8949494957923889,0.7265656590461731
YBR034C,YNL065W,0,0.31756145,0.10965346544981003,0.8949494957923889,0.7266666889190674
YDR028C,YHR114W,0,0.31733403,0.10963989794254303,0.8949494957923889,0.7267676591873169
YEL048C,YHR154W,0,0.31713912,0.10962633043527603,0.8949494957923889,0.7268686890602112
YBL008W,YLR451W,0,0.31705046,0.10961277037858963,0.8949494957923889,0.7269697189331055
YHL017W,YPR180W,0,0.31681758,0.10959921032190323,0.8949494957923889,0.727070689201355
YNL190W,YOR254C,0,0.31679693,0.10958565026521683,0.8949494957923889,0.7271717190742493
YDR367W,YOR341W,0,0.316216,0.10957209765911102,0.8949494957923889,0.7272727489471436
YDR213W,YCR024C,0,0.31584948,0.10955855250358582,0.8949494957923889,0.7273737192153931
YCR016W,YPL179W,0,0.31564593,0.10954500734806061,0.8949494957923889,0.7274747490882874
YER033C,YJL212C,0,0.3153808,0.1095314621925354,0.8949494957923889,0.7275757789611816
YCR058C,YJR050W,0,0.31508467,0.10951792448759079,0.8949494957923889,0.7276767492294312
YDR212W,YML082W,0,0.31478268,0.10950438678264618,0.8949494957923889,0.7277777791023254
YML081W,YBL100W-B,0,0.31464705,0.10949085652828217,0.8949494957923889,0.7278788089752197
YDR007W,YDR087C,0,0.31422645,0.10947732627391815,0.8949494957923889,0.7279797792434692
YHR108W,YML045W,0,0.31384042,0.10946380347013474,0.8949494957923889,0.7280808091163635
YDR441C,YIL118W,0,0.31369534,0.10945028066635132,0.8949494957923889,0.7281818389892578
YDR422C,YLL016W,0,0.3134318,0.1094367578625679,0.8949494957923889,0.7282828092575073
YNL068C,YLR328W,0,0.31327012,0.10942324250936508,0.8949494957923889,0.7283838391304016
YLL018C-A,YMR275C,1,0.3131949,0.10953322052955627,0.8959596157073975,0.7283838391304016
YLR154W-C,YOR059C,0,0.31272984,0.10951969027519226,0.8959596157073975,0.7284848690032959
YMR041C,YJR027W,0,0.31263837,0.10950617492198944,0.8959596157073975,0.7285858392715454
YLR039C,YDR019C,0,0.31250194,0.10949265211820602,0.8959596157073975,0.7286868691444397
YLR067C,YGR122W,0,0.3121208,0.1094791442155838,0.8959596157073975,0.728787899017334
YJR073C,YGR224W,0,0.31153357,0.10946562886238098,0.8959596157073975,0.7288888692855835
YDR516C,YLR363C,0,0.31145835,0.10945212095975876,0.8959596157073975,0.7289898991584778
YBR085W,YOR271C,0,0.31134242,0.10943862050771713,0.8959596157073975,0.7290909290313721
YPR003C,YPL175W,0,0.31129673,0.1094251200556755,0.8959596157073975,0.7291918992996216
YER044C-A,YNL278W,0,0.31127647,0.10941161960363388,0.8959596157073975,0.7292929291725159
YCR045C,YDR517W,0,0.31112662,0.10939812660217285,0.8959596157073975,0.7293939590454102
YOR253W,YCL067C,0,0.31108564,0.10938463360071182,0.8959596157073975,0.7294949293136597
YFR016C,YGL129C,0,0.31074098,0.10937114804983139,0.8959596157073975,0.729595959186554
YOL098C,YDR039C,0,0.31027845,0.10935766249895096,0.8959596157073975,0.7296969890594482
YKL081W,YNL123W,0,0.31013334,0.10934418439865112,0.8959596157073975,0.7297979593276978
YAL015C,YPR174C,0,0.31006798,0.10933070629835129,0.8959596157073975,0.729898989200592
YKR078W,YOL098C,0,0.30992633,0.10931722819805145,0.8959596157073975,0.7300000190734863
YLR004C,YHR033W,0,0.3098002,0.10930375754833221,0.8959596157073975,0.7301009893417358
YIL096C,YPR174C,0,0.30958623,0.10929029434919357,0.8959596157073975,0.7302020192146301
YOL069W,YGL016W,0,0.30955893,0.10927682369947433,0.8959596157073975,0.7303030490875244
YBR107C,YLR337C,0,0.30941632,0.10926336795091629,0.8959596157073975,0.7304040193557739
YIL056W,YML076C,0,0.30933547,0.10924990475177765,0.8959596157073975,0.7305050492286682
YML041C,YOR207C,0,0.30915213,0.1092364564538002,0.8959596157073975,0.7306060791015625
YKR075C,YGR004W,0,0.3091012,0.10922300070524216,0.8959596157073975,0.730707049369812
YPR071W,YNL317W,0,0.3090171,0.10920955240726471,0.8959596157073975,0.7308080792427063
YNL318C,YDR080W,0,0.30901027,0.10919611155986786,0.8959596157073975,0.7309091091156006
YJR153W,YOR132W,0,0.3088443,0.10918267071247101,0.8959596157073975,0.7310100793838501
YPL146C,YOR250C,0,0.30863467,0.10916922986507416,0.8959596157073975,0.7311111092567444
YDL235C,YML102W,0,0.3079032,0.1091557964682579,0.8959596157073975,0.7312121391296387
YGR174C,YMR275C,1,0.30784994,0.10926540940999985,0.8969696760177612,0.7312121391296387
YJR041C,YER071C,0,0.30773258,0.109251968562603,0.8969696760177612,0.7313131093978882
YOR267C,YLR417W,0,0.30764234,0.10923852771520615,0.8969696760177612,0.7314141392707825
YLR247C,YGR040W,0,0.3073293,0.10922509431838989,0.8969696760177612,0.7315151691436768
YPL183C,YMR225C,0,0.30695924,0.10921166092157364,0.8969696760177612,0.7316161394119263
YHR035W,YGR094W,0,0.3066104,0.10919822752475739,0.8969696760177612,0.7317171692848206
YML059C,YDR234W,0,0.30606145,0.10918480157852173,0.8969696760177612,0.7318181991577148
YDR528W,YLR384C,0,0.30596212,0.10917138308286667,0.8969696760177612,0.7319191694259644
YOR241W,YOR019W,0,0.30591664,0.10915795713663101,0.8969696760177612,0.7320201992988586
YLL066C,YLR293C,0,0.3058362,0.10914454609155655,0.8969696760177612,0.7321212291717529
YOL154W,YOR335C,0,0.30577078,0.10913112759590149,0.8969696760177612,0.7322221994400024
YDR309C,YIL038C,0,0.3055081,0.10911771655082703,0.8969696760177612,0.7323232293128967
YJL054W,YOL076W,1,0.30516756,0.10922718048095703,0.8979797959327698,0.7323232293128967
YNL036W,YDL119C,0,0.30489707,0.10921376198530197,0.8979797959327698,0.732424259185791
YKL052C,YCR038C,0,0.3048711,0.10920034348964691,0.8979797959327698,0.7325252294540405
YCL016C,YCL067C,0,0.30449635,0.10918693244457245,0.8979797959327698,0.7326262593269348
YER014W,YNL181W,0,0.30445507,0.10917352139949799,0.8979797959327698,0.7327272891998291
YOR380W,YHR009C,0,0.30430362,0.10916011780500412,0.8979797959327698,0.7328282594680786
YKR077W,YHR014W,0,0.30426773,0.10914671421051025,0.8979797959327698,0.7329292893409729
YJR120W,YOR330C,1,0.3042259,0.1092560738325119,0.8989899158477783,0.7329292893409729
YPR128C,YGL016W,0,0.30412108,0.10924266278743744,0.8989899158477783,0.7330303192138672
YOL020W,YHR214W,0,0.30405343,0.10922925919294357,0.8989899158477783,0.7331312894821167
YDR439W,YHR214W,0,0.3039923,0.10921585559844971,0.8989899158477783,0.733232319355011
YDR175C,YKR079C,0,0.30347815,0.10920245200395584,0.8989899158477783,0.7333333492279053
YDL189W,YGR208W,0,0.30328974,0.10918905586004257,0.8989899158477783,0.7334343194961548
YPR017C,YIL043C,0,0.30319503,0.1091756597161293,0.8989899158477783,0.7335353493690491
YFR027W,YDR268W,0,0.30313662,0.10916227102279663,0.8989899158477783,0.7336363792419434
YPL076W,YBR028C,0,0.3030508,0.10914888232946396,0.8989899158477783,0.7337373495101929
YBR162W-A,YDR365C,0,0.30275837,0.10913550108671188,0.8989899158477783,0.7338383793830872
YHL011C,YDL087C,0,0.3027453,0.10912211984395981,0.8989899158477783,0.7339394092559814
YAL011W,YBR168W,0,0.3026322,0.10910873860120773,0.8989899158477783,0.734040379524231
YNL328C,YOR266W,1,0.3024998,0.10921794921159744,0.8999999761581421,0.734040379524231
YAL007C,YKL006W,0,0.30244455,0.10920456051826477,0.8999999761581421,0.7341414093971252
YDR422C,YKR031C,0,0.30235484,0.1091911792755127,0.8999999761581421,0.7342424392700195
YBL051C,YNL094W,0,0.30207607,0.10917779803276062,0.8999999761581421,0.734343409538269
YPR055W,YDR204W,0,0.30202842,0.10916441679000854,0.8999999761581421,0.7344444394111633
YGL070C,YLR247C,0,0.30187818,0.10915105044841766,0.8999999761581421,0.7345454692840576
YKL006C-A,YOR357C,0,0.30170637,0.10913767665624619,0.8999999761581421,0.7346464395523071
YLL018C,YNL246W,0,0.30132484,0.1091243103146553,0.8999999761581421,0.7347474694252014
YGL061C,YHR020W,0,0.30075172,0.10911095142364502,0.8999999761581421,0.7348484992980957
YLR220W,YKL079W,0,0.30068624,0.10909758508205414,0.8999999761581421,0.7349494695663452
YJL162C,YIL056W,0,0.30065003,0.10908423364162445,0.8999999761581421,0.7350504994392395
YHR150W,YLL014W,0,0.3005391,0.10907087475061417,0.8999999761581421,0.7351515293121338
YDR516C,YCL051W,0,0.30045727,0.10905753076076508,0.8999999761581421,0.7352524995803833
YOR383C,YBL031W,0,0.29987517,0.10904417932033539,0.8999999761581421,0.7353535294532776
YOL029C,YGL171W,0,0.2997373,0.1090308353304863,0.8999999761581421,0.7354545593261719
YMR232W,YAL026C,0,0.29971305,0.1090174987912178,0.8999999761581421,0.7355555295944214
YLR131C,YOR227W,0,0.2997048,0.10900416225194931,0.8999999761581421,0.7356565594673157
YDR075W,YDR160W,0,0.29955795,0.10899082571268082,0.8999999761581421,0.73575758934021
YLR411W,YPR133C,0,0.29946738,0.10897749662399292,0.8999999761581421,0.7358585596084595
YER093C,YBL100W-B,0,0.2993221,0.10896416753530502,0.8999999761581421,0.7359595894813538
YKL039W,YJR096W,0,0.29867956,0.10895084589719772,0.8999999761581421,0.736060619354248
YHR009C,YLR411W,0,0.2984996,0.10893752425909042,0.8999999761581421,0.7361615896224976
YDR441C,YNL068C,0,0.29814747,0.10892420262098312,0.8999999761581421,0.7362626194953918
YDL175C,YCL012W,0,0.29807982,0.10891088843345642,0.8999999761581421,0.7363636493682861
YIL148W,YMR050C,0,0.29797313,0.10889758169651031,0.8999999761581421,0.7364646196365356
YAL002W,YOL029C,0,0.29746714,0.10888427495956421,0.8999999761581421,0.7365656495094299
YMR175W,YDL119C,0,0.29711562,0.1088709682226181,0.8999999761581421,0.7366666793823242
YPR017C,YGL064C,0,0.29709595,0.1088576689362526,0.8999999761581421,0.7367676496505737
YLR044C,YLR056W,0,0.2967867,0.10884436964988708,0.8999999761581421,0.736868679523468
YNL190W,YPL130W,0,0.29664072,0.10883107036352158,0.8999999761581421,0.7369697093963623
YBR107C,YKL099C,0,0.29622474,0.10881777852773666,0.8999999761581421,0.7370706796646118
YGL016W,YGL078C,0,0.29622123,0.10880449414253235,0.8999999761581421,0.7371717095375061
YGR174C,YOL095C,1,0.29578927,0.10891330987215042,0.9010100960731506,0.7371717095375061
YHR118C,YCL039W,0,0.2957513,0.10890001058578491,0.9010100960731506,0.7372727394104004
YDL124W,YDR257C,0,0.2956661,0.10888671875,0.9010100960731506,0.7373737096786499
YIL052C,YOR264W,0,0.2954602,0.10887342691421509,0.9010100960731506,0.7374747395515442
YPL175W,YHR106W,0,0.29521868,0.10886014252901077,0.9010100960731506,0.7375757694244385
YJL058C,YPL178W,0,0.2950846,0.10884685814380646,0.9010100960731506,0.737676739692688
YIL009W,YDL117W,0,0.29499945,0.10883357375860214,0.9010100960731506,0.7377777695655823
YFR014C,YJR108W,0,0.2949879,0.10882029682397842,0.9010100960731506,0.7378787994384766
YAL019W,YLL053C,0,0.29481566,0.1088070273399353,0.9010100960731506,0.7379797697067261
YER040W,YBR301W,0,0.29481456,0.10879375785589218,0.9010100960731506,0.7380807995796204
YGL067W,YMR015C,0,0.2947941,0.10878048837184906,0.9010100960731506,0.7381818294525146
YPL207W,YOR019W,0,0.29470077,0.10876722633838654,0.9010100960731506,0.7382827997207642
YFR040W,YOL116W,0,0.29460368,0.10875396430492401,0.9010100960731506,0.7383838295936584
YJL096W,YBR060C,0,0.294475,0.10874070227146149,0.9010100960731506,0.7384848594665527
YNL286W,YLR435W,0,0.2942734,0.10872744768857956,0.9010100960731506,0.7385858297348022
YNL247W,YLL014W,0,0.29410997,0.10871420055627823,0.9010100960731506,0.7386868596076965
YDR375C,YOL095C,1,0.29406613,0.10882281512022018,0.9020202159881592,0.7386868596076965
YOR004W,YLR288C,0,0.29397225,0.10880955308675766,0.9020202159881592,0.7387878894805908
YGR205W,YDR301W,0,0.29394394,0.10879629850387573,0.9020202159881592,0.7388888597488403
YNL020C,YPR134W,0,0.29373598,0.1087830439209938,0.9020202159881592,0.7389898896217346
YGL189C,YCL064C,0,0.29344502,0.10876978933811188,0.9020202159881592,0.7390909194946289
YCR016W,YLR466W,0,0.29319224,0.10875654965639114,0.9020202159881592,0.7391918897628784
YDR490C,YKL077W,0,0.29306993,0.10874330252408981,0.9020202159881592,0.7392929196357727
YFL018W-A,YPL161C,0,0.29289323,0.10873006284236908,0.9020202159881592,0.739393949508667
YGR120C,YBR049C,0,0.2927904,0.10871682316064835,0.9020202159881592,0.7394949197769165
YOR172W,YGL027C,0,0.2924671,0.10870359092950821,0.9020202159881592,0.7395959496498108
YDR213W,YCL067C,0,0.292353,0.10869035869836807,0.9020202159881592,0.7396969795227051
YMR175W,YCL048W,0,0.29219308,0.10867713391780853,0.9020202159881592,0.7397980093955994
YHR009C,YNL161W,0,0.29185942,0.10866390913724899,0.9020202159881592,0.7398989796638489
YAL019W,YMR015C,0,0.291832,0.10865068435668945,0.9020202159881592,0.7400000095367432
YML045W,YIL013C,0,0.2918149,0.10863746702671051,0.9020202159881592,0.7401010394096375
YGR007W,YDR407C,0,0.29168195,0.10862425714731216,0.9020202159881592,0.740202009677887
YPL171C,YNL059C,0,0.2916443,0.10861103981733322,0.9020202159881592,0.7403030395507812
YDL240W,YMR118C,0,0.29136837,0.10859783738851547,0.9020202159881592,0.7404040694236755
YGR078C,YNL065W,0,0.29123047,0.10858462750911713,0.9020202159881592,0.740505039691925
YJL012C,YLR001C,0,0.29093018,0.10857142508029938,0.9020202159881592,0.7406060695648193
YER062C,YNL133C,0,0.2907516,0.10855823010206223,0.9020202159881592,0.7407070994377136
YOR016C,YIL173W,0,0.29072425,0.10854503512382507,0.9020202159881592,0.7408080697059631
YDR377W,YGR205W,0,0.29030052,0.10853184014558792,0.9020202159881592,0.7409090995788574
YDR427W,YHR006W,0,0.29018438,0.10851865261793137,0.9020202159881592,0.7410101294517517
YDR482C,YNL056W,0,0.28993583,0.10850546509027481,0.9020202159881592,0.7411110997200012
YFR016C,YER071C,0,0.28984147,0.10849228501319885,0.9020202159881592,0.7412121295928955
YLL024C,YDL012C,0,0.289801,0.1084791049361229,0.9020202159881592,0.7413131594657898
YHR194W,YNL066W,1,0.28979287,0.10858739167451859,0.903030276298523,0.7413131594657898
YOL132W,YJL173C,0,0.28972954,0.10857420414686203,0.903030276298523,0.7414141297340393
YOR363C,YNL161W,0,0.28972903,0.10856101661920547,0.903030276298523,0.7415151596069336
YHR146W,YCR016W,0,0.28915456,0.10854783654212952,0.903030276298523,0.7416161894798279
YML045W,YDR135C,0,0.28908724,0.10853466391563416,0.903030276298523,0.7417171597480774
YLL006W,YHR194W,1,0.28902826,0.10864287614822388,0.9040403962135315,0.7417171597480774
YOR045W,YNL066W,1,0.2883523,0.10875105857849121,0.90505051612854,0.7417171597480774
YGR181W,YBR091C,1,0.2883308,0.10885922610759735,0.9060605764389038,0.7417171597480774
YBR233W-A,YJR150C,0,0.28797317,0.108846016228199,0.9060605764389038,0.7418181896209717
YBR005W,YPL176C,0,0.28757742,0.10883280634880066,0.9060605764389038,0.741919219493866
YJR049C,YBR301W,0,0.2872399,0.10881960391998291,0.9060605764389038,0.7420201897621155
YOR253W,YHL015W,0,0.28712177,0.10880640149116516,0.9060605764389038,0.7421212196350098
YPL063W,YNL066W,1,0.28711262,0.10891449451446533,0.9070706963539124,0.7421212196350098
YBR114W,YBL031W,0,0.28703374,0.10890128463506699,0.9070706963539124,0.742222249507904
YLL031C,YPL207W,0,0.28669283,0.10888808220624924,0.9070706963539124,0.7423232197761536
YJL021C,YJL013C,0,0.28669137,0.10887487977743149,0.9070706963539124,0.7424242496490479
YDR108W,YBR028C,0,0.286285,0.10886167734861374,0.9070706963539124,0.7425252795219421
YJR027W,YLR382C,0,0.28601283,0.10884848237037659,0.9070706963539124,0.7426262497901917
YGR055W,YLL021W,0,0.28601012,0.10883529484272003,0.9070706963539124,0.7427272796630859
YOL121C,YNL176C,0,0.28598428,0.10882210731506348,0.9070706963539124,0.7428283095359802
YER014W,YHR009C,0,0.2859251,0.10880891978740692,0.9070706963539124,0.7429292798042297
YDR463W,YLR154W-C,0,0.28590667,0.10879573225975037,0.9070706963539124,0.743030309677124
YIL056W,YER143W,0,0.28544897,0.108782559633255,0.9070706963539124,0.7431313395500183
YOR156C,YBR034C,0,0.2850593,0.10876937955617905,0.9070706963539124,0.7432323098182678
YJL168C,YDL139C,0,0.28481215,0.10875620692968369,0.9070706963539124,0.7433333396911621
YBR272C,YDL012C,0,0.28460512,0.10874303430318832,0.9070706963539124,0.7434343695640564
YDR213W,YNR033W,0,0.2838025,0.10872986912727356,0.9070706963539124,0.7435353398323059
YDL091C,YJL057C,0,0.28355137,0.1087167039513588,0.9070706963539124,0.7436363697052002
YNL024C,YGR260W,0,0.28348136,0.10870354622602463,0.9070706963539124,0.7437373995780945
YFR014C,YLR413W,0,0.2832021,0.10869038850069046,0.9070706963539124,0.743838369846344
YLR154W-C,YNL081C,0,0.28308138,0.10867723822593689,0.9070706963539124,0.7439393997192383
YBR211C,YBR181C,0,0.28293464,0.10866408795118332,0.9070706963539124,0.7440404295921326
YPL120W,YHR090C,0,0.28280953,0.10865093767642975,0.9070706963539124,0.7441413998603821
YJL186W,YLL014W,0,0.28252703,0.10863779485225677,0.9070706963539124,0.7442424297332764
YHR073W,YDR303C,0,0.28237268,0.1086246520280838,0.9070706963539124,0.7443434596061707
YIL153W,YML082W,0,0.2821323,0.10861151665449142,0.9070706963539124,0.7444444298744202
YBR091C,YLR059C,1,0.28199866,0.10871931165456772,0.9080808162689209,0.7444444298744202
YOR027W,YGL194C,0,0.2817696,0.10870616883039474,0.9080808162689209,0.7445454597473145
YNL137C,YIL096C,0,0.28143317,0.10869302600622177,0.9080808162689209,0.7446464896202087
YNL024C,YGR224W,0,0.28142753,0.1086798831820488,0.9080808162689209,0.7447474598884583
YNL103W,YFL011W,0,0.2809435,0.10866674780845642,0.9080808162689209,0.7448484897613525
YIL033C,YGR122W,0,0.27932596,0.10865361243486404,0.9080808162689209,0.7449495196342468
YMR274C,YNL176C,0,0.27931827,0.10864048451185226,0.9080808162689209,0.7450504899024963
YOR087W,YOR262W,0,0.27929348,0.10862735658884048,0.9080808162689209,0.7451515197753906
YML107C,YHR214W,0,0.27917933,0.1086142286658287,0.9080808162689209,0.7452525496482849
YBR211C,YER123W,0,0.2788451,0.10860110819339752,0.9080808162689209,0.7453535199165344
YOR049C,YGL064C,0,0.27869752,0.10858799517154694,0.9080808162689209,0.7454545497894287
YKR027W,YCR024C,0,0.2785751,0.10857488214969635,0.9080808162689209,0.745555579662323
YPR161C,YAL068C,0,0.2785271,0.10856176912784576,0.9080808162689209,0.7456565499305725
YJL059W,YHR009C,0,0.2780853,0.10854865610599518,0.9080808162689209,0.7457575798034668
YPL225W,YDR105C,0,0.27804244,0.10853555798530579,0.9080808162689209,0.7458586096763611
YLL018C-A,YOR330C,1,0.27783594,0.10864316672086716,0.9090909361839294,0.7458586096763611
YER041W,YCR058C,0,0.27753568,0.10863005369901657,0.9090909361839294,0.7459595799446106
YER014W,YGR003W,0,0.27751774,0.10861694067716599,0.9090909361839294,0.7460606098175049
YPR131C,YMR035W,1,0.27749497,0.10872450470924377,0.9101009964942932,0.7460606098175049
YHR033W,YCL054W,0,0.27733937,0.10871139168739319,0.9101009964942932,0.7461616396903992
YJR041C,YMR091C,0,0.27691618,0.108698271214962,0.9101009964942932,0.7462626099586487
YOR247W,YNL181W,0,0.27644157,0.10868516564369202,0.9101009964942932,0.746363639831543
YBR153W,YNL132W,0,0.27639976,0.10867205262184143,0.9101009964942932,0.7464646697044373
YLR102C,YMR175W,0,0.27637172,0.10865894705057144,0.9101009964942932,0.7465656399726868
YMR050C,YJR108W,0,0.2763364,0.10864584892988205,0.9101009964942932,0.746666669845581
YDL134C-A,YLR068W,0,0.276243,0.10863274335861206,0.9101009964942932,0.7467676997184753
YCR086W,YDR500C,0,0.27572387,0.10861965268850327,0.9101009964942932,0.7468686699867249
YLR258W,YDL139C,0,0.2756364,0.10860655456781387,0.9101009964942932,0.7469696998596191
YAL011W,YLR154W-C,0,0.27507266,0.10859346389770508,0.9101009964942932,0.7470707297325134
YDR441C,YIL043C,0,0.2748002,0.10858038067817688,0.9101009964942932,0.7471717000007629
YEL048C,YFR034C,0,0.27478984,0.10856729745864868,0.9101009964942932,0.7472727298736572
YER044C-A,YNR037C,0,0.27443746,0.10855421423912048,0.9101009964942932,0.7473737597465515
YJL186W,YJL197W,0,0.27425945,0.10854113847017288,0.9101009964942932,0.747474730014801
YIL096C,YJL197W,0,0.27412987,0.10852806270122528,0.9101009964942932,0.7475757598876953
YLR181C,YGL116W,0,0.27370447,0.10851499438285828,0.9101009964942932,0.7476767897605896
YKL052C,YNR033W,0,0.27364618,0.10850192606449127,0.9101009964942932,0.7477777600288391
YPR097W,YGL064C,0,0.27332047,0.10848886519670486,0.9101009964942932,0.7478787899017334
YAL019W,YNL118C,0,0.27323508,0.10847580432891846,0.9101009964942932,0.7479798197746277
YKR078W,YGL025C,0,0.2731148,0.10846274346113205,0.9101009964942932,0.7480807900428772
YJL110C,YDR367W,0,0.27309084,0.10844969004392624,0.9101009964942932,0.7481818199157715
YLR220W,YBR023C,0,0.27261162,0.10843663662672043,0.9101009964942932,0.7482828497886658
YGL085W,YOL051W,0,0.2713983,0.10842358320951462,0.9101009964942932,0.7483838200569153
YDR045C,YPL040C,0,0.27131388,0.1084105372428894,0.9101009964942932,0.7484848499298096
YML081W,YPR199C,0,0.27109885,0.10839749872684479,0.9101009964942932,0.7485858798027039
YKR079C,YMR177W,0,0.2707839,0.10838446021080017,0.9101009964942932,0.7486868500709534
YOR250C,YBL100W-B,0,0.27063587,0.10837142169475555,0.9101009964942932,0.7487878799438477
YPL138C,YER108C,0,0.2705361,0.10835839062929153,0.9101009964942932,0.7488889098167419
YGR024C,YHR122W,0,0.27003774,0.10834535956382751,0.9101009964942932,0.7489898800849915
YMR242C,YML031W,0,0.26964465,0.1083323284983635,0.9101009964942932,0.7490909099578857
YGR057C,YOR272W,0,0.26951262,0.10831930488348007,0.9101009964942932,0.74919193983078
YAR009C,YDL106C,0,0.26932114,0.10830628871917725,0.9101009964942932,0.7492929100990295
YDR165W,YHL015W,0,0.26912713,0.10829327255487442,0.9101009964942932,0.7493939399719238
YFL026W,YER015W,0,0.26907548,0.1082802563905716,0.9101009964942932,0.7494949698448181
YMR274C,YDL105W,0,0.26892802,0.10826724022626877,0.9101009964942932,0.7495959401130676
YHR202W,YDR257C,0,0.2687129,0.10825423896312714,0.9101009964942932,0.7496969699859619
YPR188C,YLR411W,0,0.26870772,0.10824123024940491,0.9101009964942932,0.7497979998588562
YBR211C,YDR045C,0,0.26858595,0.10822822898626328,0.9101009964942932,0.7498989701271057
YNL164C,YOR195W,0,0.26846173,0.10821522772312164,0.9101009964942932,0.75
YPR106W,YHR090C,0,0.26812184,0.10820223391056061,0.9101009964942932,0.7501010298728943
YGR003W,YGR017W,0,0.26805434,0.10818924009799957,0.9101009964942932,0.7502020001411438
YPL239W,YPL161C,0,0.26790586,0.10817625373601913,0.9101009964942932,0.7503030300140381
YDR235W,YHR080C,0,0.26785272,0.1081632673740387,0.9101009964942932,0.7504040598869324
YFL018W-A,YGL195W,0,0.2676476,0.10815028101205826,0.9101009964942932,0.7505050301551819
YMR286W,YDR412W,0,0.2673279,0.10813730210065842,0.9101009964942932,0.7506060600280762
YDR007W,YPL161C,0,0.26711956,0.10812432318925858,0.9101009964942932,0.7507070899009705
YJL054W,YOL095C,1,0.2670925,0.10823134332895279,0.9111111164093018,0.7507070899009705
YOR081C,YHR080C,0,0.26697564,0.10821835696697235,0.9111111164093018,0.75080806016922
YDL091C,YDR323C,0,0.26664793,0.10820537060499191,0.9111111164093018,0.7509090900421143
YOR068C,YLR333C,0,0.2665607,0.10819239169359207,0.9111111164093018,0.7510101199150085
YKR096W,YPR180W,0,0.26631063,0.10817942023277283,0.9111111164093018,0.7511110901832581
YDR309C,YBL005W,0,0.26626348,0.10816644877195358,0.9111111164093018,0.7512121200561523
YBL056W,YGR205W,0,0.2662065,0.10815347731113434,0.9111111164093018,0.7513131499290466
YKR089C,YNL094W,0,0.26612315,0.10814051330089569,0.9111111164093018,0.7514141201972961
YHR190W,YFL018W-A,0,0.26604697,0.10812754929065704,0.9111111164093018,0.7515151500701904
YDR213W,YER071C,0,0.26595968,0.1081145852804184,0.9111111164093018,0.7516161799430847
YLR154W-C,YJR108W,0,0.26590517,0.10810162872076035,0.9111111164093018,0.7517171502113342
YHR033W,YGL061C,0,0.26586053,0.1080886721611023,0.9111111164093018,0.7518181800842285
YNL199C,YER093C,0,0.2657274,0.10807572305202484,0.9111111164093018,0.7519192099571228
YMR318C,YHR079C-B,0,0.2657031,0.10806277394294739,0.9111111164093018,0.7520201802253723
YLR360W,YMR050C,0,0.26553425,0.10804983228445053,0.9111111164093018,0.7521212100982666
YDR227W,YOR241W,0,0.26540247,0.10803689062595367,0.9111111164093018,0.7522222399711609
YLL016W,YDR303C,0,0.26505592,0.10802394896745682,0.9111111164093018,0.7523232102394104
YCR045C,YDR427W,0,0.26481813,0.10801101475954056,0.9111111164093018,0.7524242401123047
YGR017W,YMR133W,0,0.26408324,0.1079980880022049,0.9111111164093018,0.752525269985199
YOR032C,YNR019W,0,0.26407164,0.10798515379428864,0.9111111164093018,0.7526262402534485
YDR256C,YOR193W,0,0.2635557,0.10797222703695297,0.9111111164093018,0.7527272701263428
YFR016C,YAL028W,0,0.26343152,0.1079593077301979,0.9111111164093018,0.7528282999992371
YAL028W,YJL083W,0,0.26326746,0.10794638842344284,0.9111111164093018,0.7529292702674866
YOL023W,YLR435W,0,0.26299837,0.10793346911668777,0.9111111164093018,0.7530303001403809
YBL013W,YLR460C,0,0.262941,0.1079205572605133,0.9111111164093018,0.7531313300132751
YPL146C,YGL240W,0,0.26265743,0.10790764540433884,0.9111111164093018,0.7532323002815247
YOR090C,YGL085W,0,0.26256442,0.10789473354816437,0.9111111164093018,0.753333330154419
YDR325W,YGL025C,0,0.2621981,0.1078818291425705,0.9111111164093018,0.7534343600273132
YOR177C,YML016C,0,0.2618933,0.10786893218755722,0.9111111164093018,0.7535353302955627
YOR330C,YOR060C,1,0.26150393,0.10797560960054398,0.9121212363243103,0.7535353302955627
YNR032C-A,YBR016W,0,0.2613535,0.1079626977443695,0.9121212363243103,0.753636360168457
YOR049C,YPL168W,0,0.2612111,0.10794979333877563,0.9121212363243103,0.7537373900413513
YHR185C,YLR409C,0,0.26099575,0.10793688893318176,0.9121212363243103,0.7538383603096008
YHR148W,YGL058W,0,0.26079667,0.10792398452758789,0.9121212363243103,0.7539393901824951
YLR154W-C,YPR120C,0,0.26053587,0.10791108757257462,0.9121212363243103,0.7540404200553894
YOR241W,YNL048W,0,0.26049802,0.10789819806814194,0.9121212363243103,0.7541413903236389
YNR032C-A,YMR059W,0,0.2603607,0.10788530111312866,0.9121212363243103,0.7542424201965332
YPR105C,YJL197W,0,0.26016113,0.10787241905927658,0.9121212363243103,0.7543434500694275
YIL144W,YDR438W,0,0.25923175,0.1078595295548439,0.9121212363243103,0.754444420337677
YGR202C,YOR068C,0,0.25888166,0.10784664750099182,0.9121212363243103,0.7545454502105713
YML021C,YML016C,0,0.258749,0.10783377289772034,0.9121212363243103,0.7546464800834656
YOR090C,YOR048C,0,0.2586701,0.10782089829444885,0.9121212363243103,0.7547474503517151
YOR090C,YBL100W-B,0,0.2586326,0.10780802369117737,0.9121212363243103,0.7548484802246094
YMR125W,YPL010W,0,0.25834563,0.10779515653848648,0.9121212363243103,0.7549495100975037
YAL015C,YDR227W,0,0.25787312,0.1077822893857956,0.9121212363243103,0.7550504803657532
YFR027W,YHR113W,0,0.25753498,0.1077694222331047,0.9121212363243103,0.7551515102386475
YLR363C,YNR071C,0,0.25737217,0.10775656253099442,0.9121212363243103,0.7552525401115417
YOL020W,YHR014W,0,0.25726202,0.10774370282888412,0.9121212363243103,0.7553535103797913
YLR411W,YER005W,0,0.25713432,0.10773085057735443,0.9121212363243103,0.7554545402526855
YKR096W,YJL173C,0,0.25687617,0.10771799832582474,0.9121212363243103,0.7555555701255798
YDL175C,YDR471W,0,0.25677502,0.10770515352487564,0.9121212363243103,0.7556565403938293
YLR154W-C,YJL001W,0,0.2567389,0.10769230872392654,0.9121212363243103,0.7557575702667236
YLR411W,YMR125W,0,0.25656253,0.10767946392297745,0.9121212363243103,0.7558586001396179
YDR422C,YHR106W,0,0.2564914,0.10766662657260895,0.9121212363243103,0.7559595704078674
YDR463W,YBR180W,0,0.25633594,0.10765378922224045,0.9121212363243103,0.7560606002807617
YER033C,YHL026C,0,0.25624418,0.10764095932245255,0.9121212363243103,0.756161630153656
YMR215W,YEL006W,0,0.25617442,0.10762812942266464,0.9121212363243103,0.7562626004219055
YOR034C,YLR175W,0,0.2559612,0.10761529952287674,0.9121212363243103,0.7563636302947998
YHL038C,YGL240W,0,0.2559178,0.10760247707366943,0.9121212363243103,0.7564646601676941
YGR178C,YBL025W,0,0.25531268,0.10758965462446213,0.9121212363243103,0.7565656304359436
YPL168W,YPL145C,0,0.2553071,0.10757683962583542,0.9121212363243103,0.7566666603088379
YLR004C,YMR153W,0,0.2550261,0.10756402462720871,0.9121212363243103,0.7567676901817322
YHR122W,YJL035C,0,0.2549838,0.1075512170791626,0.9121212363243103,0.7568686604499817
YOR049C,YDR517W,0,0.25496075,0.10753840953111649,0.9121212363243103,0.756969690322876
YJR027W,YOR249C,0,0.25476298,0.10752560198307037,0.9121212363243103,0.7570707201957703
YFL061W,YHR170W,0,0.25472486,0.10751280188560486,0.9121212363243103,0.7571716904640198
YDR345C,YKL026C,0,0.25471509,0.10750000178813934,0.9121212363243103,0.7572727203369141
YPL146C,YDL087C,0,0.25456548,0.10748720169067383,0.9121212363243103,0.7573737502098083
YIL119C,YLR413W,0,0.25437522,0.10747440904378891,0.9121212363243103,0.7574747204780579
YFL026W,YOL051W,0,0.25414664,0.10746162384748459,0.9121212363243103,0.7575757503509521
YLR143W,YPL010W,0,0.25396356,0.10744883120059967,0.9121212363243103,0.7576767802238464
YEL027W,YER127W,0,0.25384378,0.10743605345487595,0.9121212363243103,0.757777750492096
YDL247W,YCL016C,0,0.25373805,0.10742326825857162,0.9121212363243103,0.7578787803649902
YNL111C,YML047C,0,0.25331816,0.1074104905128479,0.9121212363243103,0.7579798102378845
YML061C,YNL066W,1,0.25320628,0.10751665383577347,0.9131312966346741,0.7579798102378845
YCL029C,YLR363C,0,0.2531281,0.10750386118888855,0.9131312966346741,0.758080780506134
YDR468C,YEL051W,0,0.25299352,0.10749108344316483,0.9131312966346741,0.7581818103790283
YPR174C,YDR080W,0,0.25293124,0.1074783056974411,0.9131312966346741,0.7582828402519226
YER044C-A,YOR358W,0,0.2523258,0.10746552795171738,0.9131312966346741,0.7583838105201721
YHR202W,YBR248C,0,0.25219765,0.10745275020599365,0.9131312966346741,0.7584848403930664
YOR236W,YBR208C,0,0.2521902,0.10743997991085052,0.9131312966346741,0.7585858702659607
YHR073W,YDR057W,0,0.2519268,0.1074272096157074,0.9131312966346741,0.7586868405342102
YDR007W,YDL093W,0,0.25192332,0.10741444677114487,0.9131312966346741,0.7587878704071045
YDR463W,YCR035C,0,0.25152037,0.10740168392658234,0.9131312966346741,0.7588889002799988
YKL063C,YMR074C,0,0.2514341,0.1073889285326004,0.9131312966346741,0.7589898705482483
YDR516C,YIL011W,0,0.2514163,0.10737617313861847,0.9131312966346741,0.7590909004211426
YOR207C,YDR301W,0,0.25116038,0.10736341774463654,0.9131312966346741,0.7591919302940369
YAL056W,YBR028C,0,0.2511508,0.1073506698012352,0.9131312966346741,0.7592929005622864
YLR345W,YIR004W,0,0.250645,0.10733792185783386,0.9131312966346741,0.7593939304351807
YPL137C,YHR170W,0,0.25014102,0.10732518136501312,0.9131312966346741,0.759494960308075
YLL024C,YHR214W,0,0.2501349,0.10731244087219238,0.9131312966346741,0.7595959305763245
YKL032C,YGL078C,0,0.25001597,0.10729970037937164,0.9131312966346741,0.7596969604492188
YJR035W,YPL225W,0,0.24989747,0.1072869673371315,0.9131312966346741,0.759797990322113
YGR078C,YKL077W,0,0.24943757,0.10727423429489136,0.9131312966346741,0.7598989605903625
YJR120W,YOL076W,1,0.24940442,0.10738015919923782,0.9141414165496826,0.7598989605903625
YHR035W,YIR004W,0,0.24934326,0.10736741870641708,0.9141414165496826,0.7599999904632568
YOR068C,YGL092W,0,0.24900612,0.10735468566417694,0.9141414165496826,0.7601010203361511
YMR234W,YPL146C,0,0.24874042,0.1073419526219368,0.9141414165496826,0.7602019906044006
YER041W,YLL067C,0,0.24816008,0.10732921957969666,0.9141414165496826,0.7603030204772949
YOR192C,YGL240W,0,0.24784571,0.10731649398803711,0.9141414165496826,0.7604040503501892
YHL031C,YHR080C,0,0.24775371,0.10730376839637756,0.9141414165496826,0.7605050802230835
YFR024C,YGR057C,0,0.2477312,0.10729105025529861,0.9141414165496826,0.760606050491333
YPL126W,YLR288C,0,0.2476357,0.10727833211421967,0.9141414165496826,0.7607070803642273
YDR160W,YCR106W,0,0.24716169,0.10726561397314072,0.9141414165496826,0.7608081102371216
YKL029C,YLR313C,0,0.24692245,0.10725290328264236,0.9141414165496826,0.7609090805053711
YOR380W,YCR044C,0,0.24670738,0.10724019259214401,0.9141414165496826,0.7610101103782654
YPL137C,YDR200C,0,0.24662913,0.10722748935222626,0.9141414165496826,0.7611111402511597
YAL068C,YDR395W,0,0.24653779,0.1072147861123085,0.9141414165496826,0.7612121105194092
YPL004C,YMR262W,0,0.24632592,0.10720208287239075,0.9141414165496826,0.7613131403923035
YJR132W,YPL253C,0,0.24609746,0.10718938708305359,0.9141414165496826,0.7614141702651978
YML107C,YFL026W,0,0.24554066,0.10717669129371643,0.9141414165496826,0.7615151405334473
YHR079C-B,YIL008W,0,0.2454775,0.10716400295495987,0.9141414165496826,0.7616161704063416
YKL138C-A,YPL076W,0,0.24538931,0.10715131461620331,0.9141414165496826,0.7617172002792358
YBL031W,YML055W,0,0.24529105,0.10713862627744675,0.9141414165496826,0.7618181705474854
YIL056W,YBR016W,0,0.2450915,0.10712594538927078,0.9141414165496826,0.7619192004203796
YIL019W,YNL318C,0,0.24473053,0.10711326450109482,0.9141414165496826,0.7620202302932739
YDR145W,YHL026C,0,0.2446954,0.10710059106349945,0.9141414165496826,0.7621212005615234
YJL089W,YOL135C,0,0.24462973,0.10708791762590408,0.9141414165496826,0.7622222304344177
YDR257C,YDL123W,0,0.24452333,0.10707525163888931,0.9141414165496826,0.762323260307312
YDR019C,YJL196C,0,0.24386828,0.10706257820129395,0.9141414165496826,0.7624242305755615
YFR027W,YDR361C,0,0.24362487,0.10704991966485977,0.9141414165496826,0.7625252604484558
YCL005W-A,YML055W,0,0.24330038,0.107037253677845,0.9141414165496826,0.7626262903213501
YNL103W,YLR337C,0,0.24290635,0.10702459514141083,0.9141414165496826,0.7627272605895996
YGR296W,YMR118C,0,0.24279475,0.10701194405555725,0.9141414165496826,0.7628282904624939
YMR050C,YKR072C,0,0.24258602,0.10699929296970367,0.9141414165496826,0.7629293203353882
YPL130W,YPL254W,0,0.24235803,0.1069866418838501,0.9141414165496826,0.7630302906036377
YKL080W,YKL099C,0,0.24228327,0.10697399824857712,0.9141414165496826,0.763131320476532
YHR122W,YDR328C,0,0.24206813,0.10696135461330414,0.9141414165496826,0.7632323503494263
YPL141C,YJL197W,0,0.24168558,0.10694871097803116,0.9141414165496826,0.7633333206176758
YOR357C,YJR050W,0,0.24142915,0.10693607479333878,0.9141414165496826,0.7634343504905701
YFL025C,YLR328W,0,0.24112236,0.10692343860864639,0.9141414165496826,0.7635353803634644
YDR367W,YDR188W,0,0.24082108,0.1069108098745346,0.9141414165496826,0.7636363506317139
YKR072C,YBR045C,0,0.24077995,0.10689818114042282,0.9141414165496826,0.7637373805046082
YPL169C,YOL052C-A,0,0.2407251,0.10688555240631104,0.9141414165496826,0.7638384103775024
YPR154W,YDL220C,0,0.24044544,0.10687293112277985,0.9141414165496826,0.763939380645752
YGR202C,YKR096W,0,0.23989606,0.10686031728982925,0.9141414165496826,0.7640404105186462
YDL247W,YDR160W,0,0.23977932,0.10684769600629807,0.9141414165496826,0.7641414403915405
YGR283C,YHR197W,0,0.23913908,0.10683508217334747,0.9141414165496826,0.76424241065979
YHL017W,YIL056W,0,0.23884974,0.10682247579097748,0.9141414165496826,0.7643434405326843
YPL116W,YKL138C-A,0,0.23854977,0.10680986940860748,0.9141414165496826,0.7644444704055786
YPR095C,YJR048W,0,0.23852643,0.10679726302623749,0.9141414165496826,0.7645454406738281
YDR256C,YCR065W,0,0.23851581,0.10678466409444809,0.9141414165496826,0.7646464705467224
YOL122C,YJL181W,0,0.23848484,0.10677206516265869,0.9141414165496826,0.7647475004196167
YHL031C,YHR079C-B,0,0.23847844,0.1067594662308693,0.9141414165496826,0.7648484706878662
YLR360W,YDR019C,0,0.23841588,0.10674687474966049,0.9141414165496826,0.7649495005607605
YLR154W-C,YIL173W,0,0.23832661,0.10673428326845169,0.9141414165496826,0.7650505304336548
YNL250W,YJR052W,0,0.23781447,0.10672169923782349,0.9141414165496826,0.7651515007019043
YLL016W,YOL126C,0,0.23751296,0.10670911520719528,0.9141414165496826,0.7652525305747986
YIL018W,YOR335C,0,0.23698,0.10669653117656708,0.9141414165496826,0.7653535604476929
YLR223C,YMR149W,0,0.23695864,0.10668395459651947,0.9141414165496826,0.7654545307159424
YDR528W,YGL107C,0,0.23677538,0.10667137801647186,0.9141414165496826,0.7655555605888367
YML045W,YBR086C,0,0.23669083,0.10665880888700485,0.9141414165496826,0.765656590461731
YLR189C,YOL052C-A,0,0.23664548,0.10664623975753784,0.9141414165496826,0.7657575607299805
YFR024C,YHL025W,0,0.23642538,0.10663367807865143,0.9141414165496826,0.7658585906028748
YOL029C,YLR058C,0,0.2359276,0.10662110894918442,0.9141414165496826,0.765959620475769
YMR158W,YNR071C,0,0.23587756,0.1066085547208786,0.9141414165496826,0.7660605907440186
YLR411W,YIL018W,0,0.23540859,0.10659599304199219,0.9141414165496826,0.7661616206169128
YDR217C,YLR196W,0,0.2353668,0.10658343881368637,0.9141414165496826,0.7662626504898071
YPL141C,YCR018C,0,0.23514126,0.10657089203596115,0.9141414165496826,0.7663636207580566
YDR500C,YHR142W,0,0.23505515,0.10655834525823593,0.9141414165496826,0.7664646506309509
YGL196W,YCL005W-A,0,0.23505256,0.10654579848051071,0.9141414165496826,0.7665656805038452
YHL017W,YMR195W,0,0.23502679,0.10653325170278549,0.9141414165496826,0.7666666507720947
YNL243W,YOR110W,0,0.234782,0.10652071237564087,0.9141414165496826,0.766767680644989
YNL250W,YJR109C,0,0.23478125,0.10650818049907684,0.9141414165496826,0.7668687105178833
YER033C,YLR019W,0,0.23472112,0.10649564862251282,0.9141414165496826,0.7669696807861328
YAR009C,YGR193C,0,0.2345592,0.10648311674594879,0.9141414165496826,0.7670707106590271
YDR482C,YGR055W,0,0.23452763,0.10647058486938477,0.9141414165496826,0.7671717405319214
YER123W,YOR001W,0,0.23440914,0.10645806044340134,0.9141414165496826,0.7672727108001709
YOR065W,YKL138C-A,0,0.23430364,0.1064455434679985,0.9141414165496826,0.7673737406730652
YGR244C,YNL194C,0,0.23428239,0.10643302649259567,0.9141414165496826,0.7674747705459595
YKL006W,YDL012C,0,0.23373298,0.10642050951719284,0.9141414165496826,0.767575740814209
YPR071W,YNR030W,0,0.23349677,0.10640799254179001,0.9141414165496826,0.7676767706871033
YDR217C,YCL012W,0,0.2333996,0.10639548301696777,0.9141414165496826,0.7677778005599976
YER149C,YDR359C,0,0.23330297,0.10638298094272614,0.9141414165496826,0.7678787708282471
YBR114W,YLR039C,0,0.23324718,0.1063704714179039,0.9141414165496826,0.7679798007011414
YMR195W,YLL057C,0,0.23298752,0.10635797679424286,0.9141414165496826,0.7680808305740356
YHR037W,YNR071C,0,0.23291185,0.10634547472000122,0.9141414165496826,0.7681818008422852
YDR345C,YGL144C,0,0.23280282,0.10633298009634018,0.9141414165496826,0.7682828307151794
YML107C,YMR183C,0,0.23269084,0.10632048547267914,0.9141414165496826,0.7683838605880737
YPL130W,YKL132C,0,0.2326354,0.1063079982995987,0.9141414165496826,0.7684848308563232
YGL096W,YPL075W,0,0.23260944,0.10629551112651825,0.9141414165496826,0.7685858607292175
YDR323C,YDR545W,0,0.23255475,0.1062830314040184,0.9141414165496826,0.7686868906021118
YML045W,YJR035W,0,0.23252894,0.10627055168151855,0.9141414165496826,0.7687878608703613
YLR390W-A,YPR097W,0,0.23223664,0.10625807195901871,0.9141414165496826,0.7688888907432556
YKR095W-A,YGL096W,0,0.23216902,0.10624559968709946,0.9141414165496826,0.7689899206161499
YDR227W,YGR245C,0,0.23206489,0.1062331274151802,0.9141414165496826,0.7690908908843994
YPL235W,YKL005C,0,0.23191229,0.10622065514326096,0.9141414165496826,0.7691919207572937
YKL192C,YMR118C,0,0.2317286,0.1062081903219223,0.9141414165496826,0.769292950630188
YGR099W,YAR009C,0,0.23166479,0.10619572550058365,0.9141414165496826,0.7693939208984375
YGL231C,YDR317W,0,0.23162551,0.10618326812982559,0.9141414165496826,0.7694949507713318
YER108C,YNR033W,0,0.23149253,0.10617081075906754,0.9141414165496826,0.7695959806442261
YLR377C,YLR263W,0,0.23140164,0.10615836083889008,0.9141414165496826,0.7696969509124756
YPR169W,YDR438W,0,0.2313652,0.10614590346813202,0.9141414165496826,0.7697979807853699
YIL013C,YML047C,0,0.2313314,0.10613346099853516,0.9141414165496826,0.7698990106582642
YPL221W,YLR299W,0,0.23130165,0.1061210110783577,0.9141414165496826,0.7699999809265137
YIL043C,YGL105W,0,0.23125006,0.10610856860876083,0.9141414165496826,0.770101010799408
YOR004W,YKL155C,0,0.2311133,0.10609613358974457,0.9141414165496826,0.7702020406723022
YHR079C-B,YCR021C,0,0.2310222,0.1060836911201477,0.9141414165496826,0.7703030109405518
YIL075C,YHR079C-B,0,0.23088865,0.10607126355171204,0.9141414165496826,0.770404040813446
YLR154W-C,YOR272W,0,0.23086226,0.10605882853269577,0.9141414165496826,0.7705050706863403
YEL048C,YNL132W,0,0.23049079,0.1060464009642601,0.9141414165496826,0.7706060409545898
YCL068C,YIL144W,0,0.23045908,0.10603398084640503,0.9141414165496826,0.7707070708274841
YDR359C,YOR341W,0,0.23042014,0.10602155327796936,0.9141414165496826,0.7708081007003784
YBR069C,YHR079C-B,0,0.23038098,0.10600913316011429,0.9141414165496826,0.7709090709686279
YKR096W,YPR148C,0,0.23034249,0.10599672049283981,0.9141414165496826,0.7710101008415222
YML059C,YDR343C,0,0.23022027,0.10598430782556534,0.9141414165496826,0.7711111307144165
YER031C,YOR034C,0,0.22995348,0.10597189515829086,0.9141414165496826,0.771212100982666
YOR262W,YCL048W,0,0.22965527,0.10595948994159698,0.9141414165496826,0.7713131308555603
YHL026C,YPL178W,0,0.22954363,0.1059470847249031,0.9141414165496826,0.7714141607284546
YDR441C,YFR024C,0,0.22954293,0.10593468695878983,0.9141414165496826,0.7715151309967041
YLR313C,YPL097W,0,0.22942391,0.10592228174209595,0.9141414165496826,0.7716161608695984
YAL015C,YLL021W,0,0.2293827,0.10590989142656326,0.9141414165496826,0.7717171907424927
YOR034C,YDL119C,0,0.22933315,0.10589749366044998,0.9141414165496826,0.7718181610107422
YLR466W,YML096W,0,0.22931208,0.1058851033449173,0.9141414165496826,0.7719191908836365
YDR204W,YMR133W,0,0.22905467,0.10587272047996521,0.9141414165496826,0.7720202207565308
YBR038W,YDL235C,0,0.22903605,0.10586033761501312,0.9141414165496826,0.7721211910247803
YNL246W,YOL059W,0,0.22896825,0.10584795475006104,0.9141414165496826,0.7722222208976746
YDR268W,YDL012C,0,0.22883365,0.10583557188510895,0.9141414165496826,0.7723232507705688
YDR004W,YIL096C,0,0.22876017,0.10582319647073746,0.9141414165496826,0.7724242210388184
YKL149C,YFL018W-A,0,0.22871195,0.10581082850694656,0.9141414165496826,0.7725252509117126
YNL288W,YML096W,0,0.22868077,0.10579846054315567,0.9141414165496826,0.7726262807846069
YIL068C,YCR058C,0,0.22840962,0.10578609257936478,0.9141414165496826,0.7727272510528564
YNL287W,YGR094W,0,0.22834177,0.10577372461557388,0.9141414165496826,0.7728282809257507
YOR177C,YJL216C,0,0.22818463,0.10576136410236359,0.9141414165496826,0.772929310798645
YPR114W,YMR050C,0,0.22811155,0.10574900358915329,0.9141414165496826,0.7730302810668945
YDR150W,YOL095C,1,0.22746278,0.10585349053144455,0.9151515364646912,0.7730302810668945
YOL122C,YLR058C,0,0.22712265,0.10584112256765366,0.9151515364646912,0.7731313109397888
YOL098C,YCL064C,0,0.22711535,0.10582875460386276,0.9151515364646912,0.7732323408126831
YOR258W,YGL016W,0,0.22664224,0.10581640154123306,0.9151515364646912,0.7733333110809326
YHR088W,YOR103C,0,0.22661893,0.10580404102802277,0.9151515364646912,0.7734343409538269
YOR027W,YPR034W,0,0.22623913,0.10579168796539307,0.9151515364646912,0.7735353708267212
YOR129C,YER155C,0,0.22608407,0.10577933490276337,0.9151515364646912,0.7736363410949707
YER031C,YJR150C,0,0.22591554,0.10576698929071426,0.9151515364646912,0.773737370967865
YBR060C,YDL031W,0,0.2255369,0.10575463622808456,0.9151515364646912,0.7738384008407593
YBR005W,YLR384C,0,0.22553629,0.10574229806661606,0.9151515364646912,0.7739393711090088
YOL154W,YER108C,0,0.22524948,0.10572995990514755,0.9151515364646912,0.7740404009819031
YPL120W,YML081W,0,0.22523019,0.10571762174367905,0.9151515364646912,0.7741414308547974
YOR236W,YPL018W,0,0.22514574,0.10570528358221054,0.9151515364646912,0.7742424011230469
YDR345C,YBR295W,0,0.22502996,0.10569295287132263,0.9151515364646912,0.7743434309959412
YKR064W,YGR142W,0,0.2246877,0.10568062216043472,0.9151515364646912,0.7744444608688354
YOL086W-A,YJL197W,0,0.22456062,0.10566829890012741,0.9151515364646912,0.774545431137085
YFR024C,YDR122W,0,0.22431543,0.1056559756398201,0.9151515364646912,0.7746464610099792
YMR131C,YER071C,0,0.22426589,0.10564365983009338,0.9151515364646912,0.7747474908828735
YCR086W,YHL021C,0,0.22373848,0.10563133656978607,0.9151515364646912,0.774848461151123
YBR153W,YGR283C,0,0.2234797,0.10561902821063995,0.9151515364646912,0.7749494910240173
YNL328C,YLL006W,1,0.22339575,0.10572327673435211,0.9161615967750549,0.7749494910240173
YKL033W,YNL181W,0,0.22338024,0.1057109534740448,0.9161615967750549,0.7750505208969116
YPR174C,YGR208W,0,0.22326435,0.10569863766431808,0.9161615967750549,0.7751514911651611
YER109C,YMR091C,0,0.22304381,0.10568632185459137,0.9161615967750549,0.7752525210380554
YAL015C,YDR246W,0,0.22288068,0.10567400604486465,0.9161615967750549,0.7753535509109497
YIL009W,YOR319W,0,0.22244385,0.10566169768571854,0.9161615967750549,0.7754545211791992
YLR083C,YCR086W,0,0.22239514,0.10564938932657242,0.9161615967750549,0.7755555510520935
YOR026W,YPL021W,0,0.22191505,0.1056370809674263,0.9161615967750549,0.7756565809249878
YMR048W,YKL114C,0,0.22186579,0.10562478005886078,0.9161615967750549,0.7757575511932373
YNL038W,YOR341W,0,0.2217288,0.10561247915029526,0.9161615967750549,0.7758585810661316
YML016C,YMR125W,0,0.22112869,0.10560018569231033,0.9161615967750549,0.7759596109390259
YFR024C,YDL220C,0,0.22107139,0.10558789223432541,0.9161615967750549,0.7760605812072754
YNL167C,YLL016W,0,0.22093226,0.10557559877634048,0.9161615967750549,0.7761616110801697
YPL117C,YGL151W,0,0.22080976,0.10556331276893616,0.9161615967750549,0.776262640953064
YOR258W,YOR341W,0,0.22064061,0.10555102676153183,0.9161615967750549,0.7763636112213135
YLR426W,YPL010W,0,0.22045845,0.1055387482047081,0.9161615967750549,0.7764646410942078
YLR039C,YPL056C,0,0.22042185,0.10552646964788437,0.9161615967750549,0.776565670967102
YJR049C,YFL011W,0,0.2201875,0.10551419109106064,0.9161615967750549,0.7766666412353516
YKR078W,YFR027W,0,0.21992016,0.1055019199848175,0.9161615967750549,0.7767676711082458
YFR024C,YJR109C,0,0.21964277,0.10548964887857437,0.9161615967750549,0.7768687009811401
YCR091W,YOR109W,0,0.21952383,0.10547737777233124,0.9161615967750549,0.7769696712493896
YOL086W-A,YPL254W,0,0.2190143,0.1054651141166687,0.9161615967750549,0.7770707011222839
YLR060W,YHR193C,0,0.2189912,0.10545285791158676,0.9161615967750549,0.7771717309951782
YML081W,YKL145W,0,0.21888658,0.10544059425592422,0.9161615967750549,0.7772727012634277
YGL115W,YMR074C,0,0.21887213,0.10542833805084229,0.9161615967750549,0.777373731136322
YFL025C,YLR058C,0,0.21876664,0.10541608184576035,0.9161615967750549,0.7774747610092163
YBR085W,YNL130C,0,0.21861549,0.105403833091259,0.9161615967750549,0.7775757312774658
YHL003C,YLR154W-C,0,0.2183609,0.10539158433675766,0.9161615967750549,0.7776767611503601
YOR117W,YDR039C,0,0.21835075,0.10537934303283691,0.9161615967750549,0.7777777910232544
YDR041W,YGR122W,0,0.21802789,0.10536710172891617,0.9161615967750549,0.7778787612915039
YLR185W,YLL053C,0,0.21786655,0.10535486042499542,0.9161615967750549,0.7779797911643982
YGR202C,YBR043C,0,0.21710041,0.10534262657165527,0.9161615967750549,0.7780808210372925
YBL013W,YDR359C,0,0.21707092,0.10533039271831512,0.9161615967750549,0.778181791305542
YDR160W,YMR226C,0,0.2170632,0.10531815886497498,0.9161615967750549,0.7782828211784363
YDR422C,YDL124W,0,0.2163903,0.10530593246221542,0.9161615967750549,0.7783838510513306
YBR272C,YML076C,0,0.2161222,0.10529370605945587,0.9161615967750549,0.7784848213195801
YOL020W,YCL068C,0,0.2158295,0.10528148710727692,0.9161615967750549,0.7785858511924744
YOL020W,YMR274C,0,0.21553998,0.10526926815509796,0.9161615967750549,0.7786868810653687
YGR055W,YBL008W,0,0.21546589,0.105257049202919,0.9161615967750549,0.7787878513336182
YNL036W,YFL018W-A,0,0.21531087,0.10524483770132065,0.9161615967750549,0.7788888812065125
YJR109C,YJL083W,0,0.21477294,0.10523262619972229,0.9161615967750549,0.7789899110794067
YGL067W,YDR287W,0,0.21440937,0.10522041469812393,0.9161615967750549,0.7790908813476562
YDR280W,YPR003C,0,0.21390724,0.10520821064710617,0.9161615967750549,0.7791919112205505
YBL008W,YER149C,0,0.21384819,0.10519600659608841,0.9161615967750549,0.7792929410934448
YCL005W-A,YDR204W,0,0.21320803,0.10518380999565125,0.9161615967750549,0.7793939113616943
YBR279W,YDR273W,0,0.21312164,0.10517161339521408,0.9161615967750549,0.7794949412345886
YLL048C,YAR009C,0,0.21308774,0.10515941679477692,0.9161615967750549,0.7795959711074829
YCR045C,YLR052W,0,0.21301773,0.10514722764492035,0.9161615967750549,0.7796969413757324
YHR079C-B,YDR165W,0,0.21287838,0.10513503849506378,0.9161615967750549,0.7797979712486267
YJR120W,YLR190W,1,0.21280994,0.10523875802755356,0.9171717166900635,0.7797979712486267
YBR038W,YFL035C-A,0,0.21278088,0.1052265614271164,0.9171717166900635,0.779899001121521
YMR048W,YER108C,0,0.21275155,0.10521436482667923,0.9171717166900635,0.7799999713897705
YOR247W,YBR100W,0,0.2127477,0.10520217567682266,0.9171717166900635,0.7801010012626648
YML023C,YHL038C,0,0.21268155,0.10518999397754669,0.9171717166900635,0.7802020311355591
YGR120C,YHL050C,0,0.21257456,0.10517780482769012,0.9171717166900635,0.7803030014038086
YPL130W,YHR197W,0,0.21228625,0.10516562312841415,0.9171717166900635,0.7804040312767029
YDL134C-A,YNL081C,0,0.21161555,0.10515344887971878,0.9171717166900635,0.7805050611495972
YBR114W,YJR049C,0,0.21155985,0.10514126718044281,0.9171717166900635,0.7806060314178467
YJR120W,YMR275C,1,0.21147098,0.10524487495422363,0.918181836605072,0.7806060314178467
YPL141C,YPL161C,0,0.21146308,0.10523269325494766,0.918181836605072,0.780707061290741
YMR313C,YJL216C,0,0.21128039,0.10522051155567169,0.918181836605072,0.7808080911636353
YGL028C,YDR500C,0,0.21115,0.10520832985639572,0.918181836605072,0.7809090614318848
YDR004W,YGL111W,0,0.2110701,0.10519615560770035,0.918181836605072,0.781010091304779
YHR185C,YGR099W,0,0.21065675,0.10518398880958557,0.918181836605072,0.7811111211776733
YPL171C,YFL035C-A,0,0.21057118,0.1051718145608902,0.918181836605072,0.7812120914459229
YHL026C,YER015W,0,0.20994474,0.10515964776277542,0.918181836605072,0.7813131213188171
YER005W,YBR045C,0,0.20983629,0.10514748096466064,0.918181836605072,0.7814141511917114
YPR143W,YIL130W,0,0.20968844,0.10513532161712646,0.918181836605072,0.7815151810646057
YOL084W,YDR105C,0,0.20943284,0.10512316226959229,0.918181836605072,0.7816161513328552
YDL124W,YLR247C,0,0.20927544,0.1051110103726387,0.918181836605072,0.7817171812057495
YIL096C,YOR110W,0,0.20927012,0.10509885847568512,0.918181836605072,0.7818182110786438
YDR108W,YER123W,0,0.20909932,0.10508670657873154,0.918181836605072,0.7819191813468933
YDR517W,YOL086W-A,0,0.20898302,0.10507455468177795,0.918181836605072,0.7820202112197876
YIL037C,YLR068W,0,0.20892806,0.10506241023540497,0.918181836605072,0.7821212410926819
YCR045C,YNR032C-A,0,0.20888099,0.10505027323961258,0.918181836605072,0.7822222113609314
YEL001C,YDR045C,0,0.20886002,0.10503813624382019,0.918181836605072,0.7823232412338257
YOL011W,YMR262W,0,0.2087483,0.1050259992480278,0.918181836605072,0.78242427110672
YGR260W,YFL035C-A,0,0.20866096,0.10501386225223541,0.918181836605072,0.7825252413749695
YGR254W,YDR273W,0,0.2085207,0.10500173270702362,0.918181836605072,0.7826262712478638
YCL005W-A,YOL011W,0,0.20834988,0.10498960316181183,0.918181836605072,0.7827273011207581
YBR090C-A,YJR050W,0,0.20833682,0.10497748106718063,0.918181836605072,0.7828282713890076
YML081W,YLR037C,0,0.20820305,0.10496535897254944,0.918181836605072,0.7829293012619019
YGL231C,YBR100W,0,0.20806567,0.10495323687791824,0.918181836605072,0.7830303311347961
YJR120W,YOL095C,1,0.20770146,0.10505656898021698,0.9191918969154358,0.7830303311347961
YPL001W,YFL035C-A,0,0.20766728,0.10504443943500519,0.9191918969154358,0.7831313014030457
YCR036W,YNR071C,0,0.20735633,0.10503231734037399,0.9191918969154358,0.7832323312759399
YGR235C,YOL122C,0,0.20701118,0.1050201952457428,0.9191918969154358,0.7833333611488342
YKL032C,YMR074C,0,0.20626596,0.1050080806016922,0.9191918969154358,0.7834343314170837
YDL175C,YIL009W,0,0.20625956,0.104995958507061,0.9191918969154358,0.783535361289978
YGL058W,YLR260W,0,0.20625119,0.104983851313591,0.9191918969154358,0.7836363911628723
YKR079C,YGL226W,0,0.20606382,0.1049717366695404,0.9191918969154358,0.7837373614311218
YER063W,YDR019C,0,0.20604816,0.1049596294760704,0.9191918969154358,0.7838383913040161
YCL029C,YCR065W,0,0.20600764,0.104947529733181,0.9191918969154358,0.7839394211769104
YDR078C,YDR438W,0,0.20565917,0.104935422539711,0.9191918969154358,0.7840403914451599
YDR217C,YGR083C,0,0.2056524,0.1049233227968216,0.9191918969154358,0.7841414213180542
YER028C,YGR080W,0,0.20559414,0.10491123050451279,0.9191918969154358,0.7842424511909485
YDR545W,YFL018W-A,0,0.20547457,0.10489913821220398,0.9191918969154358,0.784343421459198
YFL026W,YPL040C,0,0.20539586,0.10488704591989517,0.9191918969154358,0.7844444513320923
YGL025C,YGR083C,0,0.20537685,0.10487495362758636,0.9191918969154358,0.7845454812049866
YPR010C,YLR150W,0,0.20530953,0.10486286878585815,0.9191918969154358,0.7846464514732361
YJL057C,YML016C,0,0.20524462,0.10485079139471054,0.9191918969154358,0.7847474813461304
YOL020W,YPR114W,0,0.20499317,0.10483870655298233,0.9191918969154358,0.7848485112190247
YDL003W,YOL132W,0,0.20487122,0.10482662916183472,0.9191918969154358,0.7849494814872742
YLL066C,YGL127C,0,0.20480561,0.1048145592212677,0.9191918969154358,0.7850505113601685
YPL221W,YER071C,0,0.20460898,0.10480248928070068,0.9191918969154358,0.7851515412330627
YNL328C,YAL048C,1,0.20457032,0.10490557551383972,0.9202020168304443,0.7851515412330627
YKL052C,YKL197C,0,0.2042975,0.10489349812269211,0.9202020168304443,0.7852525115013123
YPL183C,YNL118C,0,0.20417584,0.1048814207315445,0.9202020168304443,0.7853535413742065
YDR441C,YBR107C,0,0.20415805,0.10486934334039688,0.9202020168304443,0.7854545712471008
YKR075C,YOR258W,0,0.20405692,0.10485727339982986,0.9202020168304443,0.7855555415153503
YML045W,YLL057C,0,0.2038625,0.10484520345926285,0.9202020168304443,0.7856565713882446
YKL026C,YKL132C,0,0.20352468,0.10483314096927643,0.9202020168304443,0.7857576012611389
YPL043W,YER071C,0,0.2034955,0.10482107847929001,0.9202020168304443,0.7858585715293884
YHR204W,YKL110C,0,0.20340453,0.10480902343988419,0.9202020168304443,0.7859596014022827
YIL008W,YGL195W,0,0.2033356,0.10479696094989777,0.9202020168304443,0.786060631275177
YOL121C,YHR214W,0,0.20324923,0.10478490591049194,0.9202020168304443,0.7861616015434265
YKR075C,YPL225W,0,0.20319405,0.10477285832166672,0.9202020168304443,0.7862626314163208
YEL027W,YOL086W-A,0,0.20309173,0.10476081073284149,0.9202020168304443,0.7863636612892151
YJL173C,YOR359W,0,0.2027994,0.10474876314401627,0.9202020168304443,0.7864646315574646
YDL100C,YHR197W,0,0.20275958,0.10473672300577164,0.9202020168304443,0.7865656614303589
YJL021C,YGL093W,0,0.20269464,0.10472468286752701,0.9202020168304443,0.7866666913032532
YPL225W,YNR055C,0,0.20231542,0.10471264272928238,0.9202020168304443,0.7867676615715027
YEL020W-A,YHR120W,1,0.20186548,0.1048155352473259,0.9212121367454529,0.7867676615715027
YHR035W,YJL208C,0,0.20186321,0.10480349510908127,0.9212121367454529,0.786868691444397
YDR150W,YHR120W,1,0.20106559,0.1049063578248024,0.9222221970558167,0.786868691444397
YKR049C,YDR040C,0,0.20080237,0.10489430278539658,0.9222221970558167,0.7869697213172913
YLR367W,YPL168W,0,0.20076925,0.10488225519657135,0.9222221970558167,0.7870706915855408
YAL019W,YPL248C,0,0.2003041,0.10487020760774612,0.9222221970558167,0.7871717214584351
YBR090C-A,YOR249C,0,0.20029314,0.1048581600189209,0.9222221970558167,0.7872727513313293
YCL068C,YOR372C,0,0.20028336,0.10484611988067627,0.9222221970558167,0.7873737215995789
YJL054W,YLL018C-A,1,0.20023428,0.10494890064001083,0.9232323169708252,0.7873737215995789
YML045W,YLR023C,0,0.20007294,0.10493685305118561,0.9232323169708252,0.7874747514724731
YLR200W,YLR435W,0,0.19995533,0.10492480546236038,0.9232323169708252,0.7875757813453674
YBR060C,YNL176C,0,0.19989625,0.10491276532411575,0.9232323169708252,0.7876767516136169
YKR027W,YLR054C,0,0.19986717,0.10490072518587112,0.9232323169708252,0.7877777814865112
YLL024C,YNL190W,0,0.19944869,0.1048886850476265,0.9232323169708252,0.7878788113594055
YBR034C,YNL081C,0,0.19933432,0.10487665235996246,0.9232323169708252,0.787979781627655
YDL091C,YGL194C,0,0.19910659,0.10486461967229843,0.9232323169708252,0.7880808115005493
YOL154W,YMR322C,0,0.19873564,0.1048525869846344,0.9232323169708252,0.7881818413734436
YER149C,YNL076W,0,0.19862871,0.10484056174755096,0.9232323169708252,0.7882828116416931
YMR015C,YIL118W,0,0.19861725,0.10482853651046753,0.9232323169708252,0.7883838415145874
YDL154W,YBR181C,0,0.1984159,0.1048165112733841,0.9232323169708252,0.7884848713874817
YMR153W,YNL065W,0,0.19829987,0.10480449348688126,0.9232323169708252,0.7885858416557312
YGR003W,YFL035C-A,0,0.19783461,0.10479247570037842,0.9232323169708252,0.7886868715286255
YLR194C,YER033C,0,0.19777355,0.10478046536445618,0.9232323169708252,0.7887879014015198
YKR093W,YBR090C-A,0,0.19769482,0.10476845502853394,0.9232323169708252,0.7888888716697693
YML086C,YKL132C,0,0.19748761,0.1047564446926117,0.9232323169708252,0.7889899015426636
YLL066C,YGR083C,0,0.1973916,0.10474444180727005,0.9232323169708252,0.7890909314155579
YOL098C,YML096W,0,0.19724943,0.1047324389219284,0.9232323169708252,0.7891919016838074
YOR090C,YPR055W,0,0.1969036,0.10472044348716736,0.9232323169708252,0.7892929315567017
YCR016W,YOL012C,0,0.1966659,0.10470844060182571,0.9232323169708252,0.789393961429596
YLR223C,YGL238W,0,0.19658132,0.10469645261764526,0.9232323169708252,0.7894949316978455
YOL098C,YFR016C,0,0.19652551,0.10468445718288422,0.9232323169708252,0.7895959615707397
YBR049C,YCL067C,0,0.19651832,0.10467246919870377,0.9232323169708252,0.789696991443634
YOR002W,YDL124W,0,0.19632901,0.10466048121452332,0.9232323169708252,0.7897979617118835
YER072W,YGR060W,0,0.19544224,0.10464850068092346,0.9232323169708252,0.7898989915847778
YCL005W-A,YIL130W,0,0.19542623,0.10463652014732361,0.9232323169708252,0.7900000214576721
YKL185W,YGL078C,0,0.19509421,0.10462453961372375,0.9232323169708252,0.7901009917259216
YLR426W,YDR213W,0,0.19485989,0.1046125665307045,0.9232323169708252,0.7902020215988159
YDR398W,YKL005C,0,0.19469516,0.10460059344768524,0.9232323169708252,0.7903030514717102
YJL110C,YOR357C,0,0.19444387,0.10458862781524658,0.9232323169708252,0.7904040217399597
YOR193W,YDR308C,0,0.19422442,0.10457666218280792,0.9232323169708252,0.790505051612854
YNL076W,YBR131W,0,0.19404703,0.10456469655036926,0.9232323169708252,0.7906060814857483
YCR035C,YBR272C,0,0.19389872,0.1045527309179306,0.9232323169708252,0.7907070517539978
YMR232W,YLR466W,0,0.19380286,0.10454077273607254,0.9232323169708252,0.7908080816268921
YPL169C,YDL119C,0,0.19379465,0.10452882200479507,0.9232323169708252,0.7909091114997864
YBR233W-A,YPL056C,0,0.1937174,0.10451686382293701,0.9232323169708252,0.7910100817680359
YPL141C,YNL247W,0,0.1934835,0.10450491309165955,0.9232323169708252,0.7911111116409302
YJL186W,YER108C,0,0.19333825,0.10449296981096268,0.9232323169708252,0.7912121415138245
YJL035C,YHL006C,0,0.1933094,0.10448102653026581,0.9232323169708252,0.791313111782074
YAL056W,YDR438W,0,0.19327421,0.10446908324956894,0.9232323169708252,0.7914141416549683
YJL021C,YKL002W,0,0.19326808,0.10445713996887207,0.9232323169708252,0.7915151715278625
YGR099W,YMR215W,0,0.19289027,0.1044452041387558,0.9232323169708252,0.7916161417961121
YDL243C,YDR108W,0,0.19269907,0.10443327575922012,0.9232323169708252,0.7917171716690063
YDR098C-B,YBR188C,0,0.1922329,0.10442133992910385,0.9232323169708252,0.7918182015419006
YHR205W,YDL211C,0,0.19218312,0.10440941154956818,0.9232323169708252,0.7919191718101501
YPR188C,YOR258W,0,0.19213022,0.1043974906206131,0.9232323169708252,0.7920202016830444
YER044C-A,YMR220W,0,0.19210806,0.10438556224107742,0.9232323169708252,0.7921212315559387
YNL284C-B,YIL018W,0,0.19205287,0.10437364131212234,0.9232323169708252,0.7922222018241882
YDR316W-B,YNL111C,0,0.1918517,0.10436172783374786,0.9232323169708252,0.7923232316970825
YLR194C,YDL220C,0,0.19179547,0.10434981435537338,0.9232323169708252,0.7924242615699768
YER108C,YKR052C,0,0.19137356,0.1043379008769989,0.9232323169708252,0.7925252318382263
YDR212W,YOR101W,0,0.19127189,0.10432598739862442,0.9232323169708252,0.7926262617111206
YLR143W,YPL021W,0,0.19118412,0.10431408137083054,0.9232323169708252,0.7927272915840149
YMR063W,YDR365W-A,0,0.19111046,0.10430218279361725,0.9232323169708252,0.7928282618522644
YDR316W-B,YNL246W,0,0.1910787,0.10429027676582336,0.9232323169708252,0.7929292917251587
YNL284C-B,YLR083C,0,0.19103634,0.10427837818861008,0.9232323169708252,0.793030321598053
YBR029C,YLR143W,0,0.19038787,0.10426648706197739,0.9232323169708252,0.7931312918663025
YNL190W,YHR214C-C,0,0.19035867,0.1042545884847641,0.9232323169708252,0.7932323217391968
YPR158W-B,YLR061W,0,0.19001983,0.10424269735813141,0.9232323169708252,0.7933333516120911
YOR262W,YKL006W,0,0.18996413,0.10423081368207932,0.9232323169708252,0.7934343218803406
YPR158W-B,YLR333C,0,0.18989275,0.10421893000602722,0.9232323169708252,0.7935353517532349
YGR217W,YDR179C,0,0.18963093,0.10420704632997513,0.9232323169708252,0.7936363816261292
YGR205W,YDL105W,0,0.18947323,0.10419517010450363,0.9232323169708252,0.7937373518943787
YNL284C-B,YNR033W,0,0.18940565,0.10418328642845154,0.9232323169708252,0.793838381767273
YHR122W,YLL067C,0,0.18926193,0.10417141765356064,0.9232323169708252,0.7939394116401672
YNR053C,YGL049C,0,0.18923266,0.10415954142808914,0.9232323169708252,0.7940403819084167
YDR091C,YER063W,0,0.18921585,0.10414767265319824,0.9232323169708252,0.794141411781311
YPL021W,YDL119C,0,0.189181,0.10413581132888794,0.9232323169708252,0.7942424416542053
YMR015C,YGL058W,0,0.18911535,0.10412394255399704,0.9232323169708252,0.7943434119224548
YLR227W-A,YGR217W,0,0.18904564,0.10411208868026733,0.9232323169708252,0.7944444417953491
YER127W,YIL173W,0,0.18901177,0.10410022735595703,0.9232323169708252,0.7945454716682434
YNL199C,YDR110W,0,0.18894641,0.10408837348222733,0.9232323169708252,0.7946464419364929
YAL007C,YDL134C-A,0,0.18879674,0.10407651960849762,0.9232323169708252,0.7947474718093872
YIL030C,YDR165W,0,0.18879144,0.10406467318534851,0.9232323169708252,0.7948485016822815
YPR158W-B,YLR249W,0,0.18878621,0.1040528267621994,0.9232323169708252,0.794949471950531
YHR113W,YBR169C,0,0.18870036,0.10404098033905029,0.9232323169708252,0.7950505018234253
YDR422C,YLR288C,0,0.18866374,0.10402913391590118,0.9232323169708252,0.7951515316963196
YLR227W-A,YKR099W,0,0.18862207,0.10401729494333267,0.9232323169708252,0.7952525019645691
YNL284C-B,YHL011C,0,0.1886168,0.10400546342134476,0.9232323169708252,0.7953535318374634
YHR214C-C,YBR112C,0,0.18856385,0.10399363189935684,0.9232323169708252,0.7954545617103577
YPL169C,YGL025C,0,0.18842824,0.10398180037736893,0.9232323169708252,0.7955555319786072
YHR122W,YNR038W,0,0.18839698,0.10396996885538101,0.9232323169708252,0.7956565618515015
YDR189W,YGR283C,0,0.18838811,0.1039581447839737,0.9232323169708252,0.7957575917243958
YGR161W-A,YNL287W,0,0.188225,0.10394632071256638,0.9232323169708252,0.7958585619926453
YOL032W,YIL137C,0,0.18822324,0.10393450409173965,0.9232323169708252,0.7959595918655396
YDR367W,YCL012W,0,0.18817316,0.10392268002033234,0.9232323169708252,0.7960606217384338
YBL100W-B,YPR133C,0,0.18808283,0.10391087085008621,0.9232323169708252,0.7961615920066833
YLR227W-A,YIL106W,0,0.18798675,0.10389905422925949,0.9232323169708252,0.7962626218795776
YLL018C-A,YNL066W,1,0.18794277,0.10400091111660004,0.9242424368858337,0.7962626218795776
YPR158W-B,YLR432W,0,0.18793382,0.10398908704519272,0.9242424368858337,0.7963636517524719
YDR365W-A,YJL216C,0,0.18791263,0.103977270424366,0.9242424368858337,0.7964646220207214
YDR316W-B,YOR078W,0,0.18786499,0.10396546125411987,0.9242424368858337,0.7965656518936157
YNL284C-B,YNR030W,0,0.18771142,0.10395364463329315,0.9242424368858337,0.79666668176651
YKR088C,YOL052C-A,0,0.18766625,0.10394183546304703,0.9242424368858337,0.7967676520347595
YDL134C-A,YEL027W,0,0.18759905,0.1039300337433815,0.9242424368858337,0.7968686819076538
YDR108W,YPR057W,0,0.18748213,0.10391822457313538,0.9242424368858337,0.7969697117805481
YOL103W-A,YER178W,0,0.18742554,0.10390643030405045,0.9242424368858337,0.7970706820487976
YLR193C,YMR275C,1,0.18742122,0.10400817543268204,0.9252524971961975,0.7970706820487976
YCL029C,YLL053C,0,0.18741615,0.10399636626243591,0.9252524971961975,0.7971717119216919
YNL284C-B,YBR107C,0,0.18738319,0.10398456454277039,0.9252524971961975,0.7972727417945862
YDR098C-A,YLR313C,0,0.18735671,0.10397275537252426,0.9252524971961975,0.7973737120628357
YER142C,YHR214W,0,0.18734905,0.10396096110343933,0.9252524971961975,0.79747474193573
YHR201C,YDR316W-B,0,0.187182,0.1039491593837738,0.9252524971961975,0.7975757718086243
YGL028C,YDR528W,0,0.18711641,0.10393736511468887,0.9252524971961975,0.7976767420768738
YER060W,YBR100W,0,0.18709031,0.10392557084560394,0.9252524971961975,0.7977777719497681
YHR214C-C,YGL058W,0,0.18701786,0.10391378402709961,0.9252524971961975,0.7978788018226624
YDR386W,YHR079C-B,0,0.18701713,0.10390199720859528,0.9252524971961975,0.7979797720909119
YHR165C,YMR091C,0,0.18691401,0.10389021039009094,0.9252524971961975,0.7980808019638062
YLR190W,YNL066W,1,0.18684377,0.10399183630943298,0.926262617111206,0.7980808019638062
YPL234C,YOL103W-A,0,0.18681668,0.10398004204034805,0.926262617111206,0.7981818318367004
YER031C,YDL211C,0,0.1867591,0.10396825522184372,0.926262617111206,0.79828280210495
YOR078W,YDR098C-B,0,0.18671608,0.10395646840333939,0.926262617111206,0.7983838319778442
YHR035W,YPL207W,0,0.18666394,0.10394468158483505,0.926262617111206,0.7984848618507385
YDR210C-D,YLR092W,0,0.18656254,0.10393290221691132,0.926262617111206,0.798585832118988
YGR161W-A,YDR517W,0,0.18656254,0.10392112284898758,0.926262617111206,0.7986868619918823
YDR210C-D,YNL145W,0,0.18655196,0.10390935093164444,0.926262617111206,0.7987878918647766
YER038C,YGR245C,0,0.1864867,0.1038975790143013,0.926262617111206,0.7988888621330261
YNL023C,YHR214C-C,0,0.18644075,0.10388580709695816,0.926262617111206,0.7989898920059204
YDR189W,YBR065C,0,0.1863918,0.10387403517961502,0.926262617111206,0.7990909218788147
YPR055W,YGR165W,0,0.18634504,0.10386227071285248,0.926262617111206,0.7991918921470642
YPL235W,YPL049C,0,0.18633474,0.10385050624608994,0.926262617111206,0.7992929220199585
YPR161C,YOL103W-A,0,0.18629782,0.10383874922990799,0.926262617111206,0.7993939518928528
YNL284C-B,YGR103W,0,0.18627137,0.10382699221372604,0.926262617111206,0.7994949221611023
YFL025C,YHR214C-C,0,0.18624488,0.1038152351975441,0.926262617111206,0.7995959520339966
YPL013C,YDR316W-B,0,0.1862184,0.10380348563194275,0.926262617111206,0.7996969819068909
YPR046W,YNR071C,0,0.1861335,0.1037917360663414,0.926262617111206,0.7997979521751404
YDR098C-A,YKL132C,0,0.18603311,0.10377999395132065,0.926262617111206,0.7998989820480347
YIL147C,YGR161W-A,0,0.18594308,0.1037682443857193,0.926262617111206,0.800000011920929
YLR227W-A,YEL039C,0,0.1858531,0.10375650972127914,0.926262617111206,0.8001009821891785
YOL029C,YNR059W,0,0.18578252,0.10374476760625839,0.926262617111206,0.8002020120620728
YPR188C,YDR528W,0,0.18566081,0.10373303294181824,0.926262617111206,0.800303041934967
YDR316W-B,YLR056W,0,0.18559365,0.10372129827737808,0.926262617111206,0.8004040122032166
YNL145W,YGR161C-D,0,0.18553013,0.10370957106351852,0.926262617111206,0.8005050420761108
YNL284C-B,YDR045C,0,0.18550365,0.10369783639907837,0.926262617111206,0.8006060719490051
YBR085W,YNL054W-A,0,0.1853819,0.10368611663579941,0.926262617111206,0.8007070422172546
YKL048C,YDR365W-A,0,0.1853713,0.10367438942193985,0.926262617111206,0.8008080720901489
YDR545W,YLR451W,0,0.18531969,0.10366266965866089,0.926262617111206,0.8009091019630432
YJL021C,YLR017W,0,0.18526495,0.10365095734596252,0.926262617111206,0.8010100722312927
YEL024W,YCL012W,0,0.18523653,0.10363923758268356,0.926262617111206,0.801111102104187
YDR098C-A,YHR122W,0,0.18520188,0.1036275252699852,0.926262617111206,0.8012121319770813
YLR227W-A,YGL096W,0,0.18490009,0.10361582040786743,0.926262617111206,0.8013131022453308
YLR227W-A,YGL005C,0,0.18488951,0.10360411554574966,0.926262617111206,0.8014141321182251
YKR064W,YIL008W,0,0.18484254,0.1035924106836319,0.926262617111206,0.8015151619911194
YLR227W-A,YKL032C,0,0.18479948,0.10358070582151413,0.926262617111206,0.8016161322593689
YOL103W-A,YER071C,0,0.1847889,0.10356900840997696,0.926262617111206,0.8017171621322632
YOR091W,YOR334W,0,0.1847531,0.10355731099843979,0.926262617111206,0.8018181920051575
YNL284C-B,YPL013C,0,0.18467242,0.10354562103748322,0.926262617111206,0.801919162273407
YNL103W,YDR028C,0,0.1846719,0.10353393107652664,0.926262617111206,0.8020201921463013
YER031C,YDR316W-B,0,0.18466713,0.10352224111557007,0.926262617111206,0.8021212220191956
YFL035C-B,YGL063W,0,0.18463795,0.1035105511546135,0.926262617111206,0.8022222518920898
YKL191W,YJR027W,0,0.18451025,0.10349886864423752,0.926262617111206,0.8023232221603394
YER033C,YJL196C,0,0.18446535,0.10348719358444214,0.926262617111206,0.8024242520332336
YGR161W-A,YDR039C,0,0.1843018,0.10347551107406616,0.926262617111206,0.8025252819061279
YNL284C-B,YOL029C,0,0.18426125,0.10346383601427078,0.926262617111206,0.8026262521743774
YDR412W,YDR316W-B,0,0.18409233,0.103452168405056,0.926262617111206,0.8027272820472717
YDR372C,YDR098C-B,0,0.18387611,0.10344049334526062,0.926262617111206,0.802828311920166
YGL067W,YIL013C,0,0.18384339,0.10342882573604584,0.926262617111206,0.8029292821884155
YLR227W-A,YPR120C,0,0.18383555,0.10341716557741165,0.926262617111206,0.8030303120613098
YDL134C-A,YOL116W,0,0.18378504,0.10340550541877747,0.926262617111206,0.8031313419342041
YLR227W-A,YJR117W,0,0.18378375,0.10339384526014328,0.926262617111206,0.8032323122024536
YGL025C,YGR161W-A,0,0.18373871,0.1033821851015091,0.926262617111206,0.8033333420753479
YFR016C,YDR190C,0,0.18372656,0.1033705323934555,0.926262617111206,0.8034343719482422
YOL103W-A,YDR005C,0,0.18369591,0.10335887968540192,0.926262617111206,0.8035353422164917
YPR158W-B,YDR227W,0,0.18360807,0.10334723442792892,0.926262617111206,0.803636372089386
YDL135C,YOL103W-A,0,0.18360132,0.10333558917045593,0.926262617111206,0.8037374019622803
YGL104C,YDR386W,0,0.18357007,0.10332394391298294,0.926262617111206,0.8038383722305298
YGR161W-A,YOL011W,0,0.18351571,0.10331230610609055,0.926262617111206,0.8039394021034241
YGR007W,YOL103W-A,0,0.1835067,0.10330066829919815,0.926262617111206,0.8040404319763184
YDR098C-A,YOR068C,0,0.18348868,0.10328903049230576,0.926262617111206,0.8041414022445679
YMR286W,YHR214C-C,0,0.18344592,0.10327739268541336,0.926262617111206,0.8042424321174622
YLR227W-A,YOL042W,0,0.18344142,0.10326576232910156,0.926262617111206,0.8043434619903564
YDR210C-D,YFL011W,0,0.18343912,0.10325413942337036,0.926262617111206,0.804444432258606
YLR227W-A,YHR205W,0,0.18343912,0.10324251651763916,0.926262617111206,0.8045454621315002
YDR325W,YBL025W,0,0.18336123,0.10323089361190796,0.926262617111206,0.8046464920043945
YPL168W,YLR337C,0,0.18332373,0.10321927070617676,0.926262617111206,0.804747462272644
YIR019C,YNL024C,0,0.18323867,0.10320765525102615,0.926262617111206,0.8048484921455383
YLL066C,YIL096C,0,0.18319522,0.10319603979587555,0.926262617111206,0.8049495220184326
YAL026C,YGR161C-D,0,0.18319058,0.10318442434072495,0.926262617111206,0.8050504922866821
YKL052C,YDR316W-B,0,0.18317965,0.10317281633615494,0.926262617111206,0.8051515221595764
YBR114W,YHR214C-C,0,0.18317784,0.10316120833158493,0.926262617111206,0.8052525520324707
YPR158W-B,YCR035C,0,0.1831576,0.10314960777759552,0.926262617111206,0.8053535223007202
YEL048C,YHR214C-C,0,0.18314542,0.10313800722360611,0.926262617111206,0.8054545521736145
YGR161W-A,YDR122W,0,0.1831441,0.1031264066696167,0.926262617111206,0.8055555820465088
YCR031C,YOL103W-A,0,0.1831413,0.10311480611562729,0.926262617111206,0.8056565523147583
YML081W,YHL025W,0,0.18313354,0.10310321301221848,0.926262617111206,0.8057575821876526
YNR048W,YOL103W-A,0,0.18313174,0.10309162735939026,0.926262617111206,0.8058586120605469
YNL284C-B,YHR204W,0,0.18313174,0.10308003425598145,0.926262617111206,0.8059595823287964
YOL103W-A,YJL216C,0,0.18312801,0.10306844860315323,0.926262617111206,0.8060606122016907
YPR158W-B,YKR099W,0,0.18311189,0.10305687040090561,0.926262617111206,0.806161642074585
YDR316W-B,YDR259C,0,0.18310574,0.10304528474807739,0.926262617111206,0.8062626123428345
YOL084W,YDR365W-A,0,0.18310027,0.10303370654582977,0.926262617111206,0.8063636422157288
YML045W,YNL054W-A,0,0.18309684,0.10302213579416275,0.926262617111206,0.806464672088623
YKR079C,YDR098C-B,0,0.18301794,0.10301055759191513,0.926262617111206,0.8065656423568726
YOR177C,YDR316W-B,0,0.18301338,0.10299898684024811,0.926262617111206,0.8066666722297668
YDR098C-A,YNL063W,0,0.18298462,0.10298742353916168,0.926262617111206,0.8067677021026611
YGR161W-A,YJL212C,0,0.18296888,0.10297585278749466,0.926262617111206,0.8068686723709106
YJL110C,YGR161W-A,0,0.18294136,0.10296429693698883,0.926262617111206,0.8069697022438049
YBR169C,YDR098C-B,0,0.18294016,0.1029527336359024,0.926262617111206,0.8070707321166992
YER142C,YGR161W-A,0,0.1829301,0.10294117778539658,0.926262617111206,0.8071717023849487
YLR227W-A,YGL016W,0,0.18290937,0.10292962193489075,0.926262617111206,0.807272732257843
YJR123W,YOL103W-A,0,0.18284301,0.10291806608438492,0.926262617111206,0.8073737621307373
YGR235C,YDR365W-A,0,0.18284027,0.10290651768445969,0.926262617111206,0.8074747323989868
YLL066C,YDR365W-A,0,0.1828155,0.10289497673511505,0.926262617111206,0.8075757622718811
YKR064W,YBR180W,0,0.18281354,0.10288342833518982,0.926262617111206,0.8076767921447754
YNL284C-B,YNL194C,0,0.18280947,0.10287188738584518,0.926262617111206,0.8077777624130249
YLR227W-A,YGR245C,0,0.18280947,0.10286034643650055,0.926262617111206,0.8078787922859192
YDR210C-D,YMR059W,0,0.18279946,0.10284881293773651,0.926262617111206,0.8079798221588135
YDR098C-B,YML031W,0,0.18279646,0.10283727943897247,0.926262617111206,0.808080792427063
YGR109W-A,YPL176C,0,0.18278836,0.10282574594020844,0.926262617111206,0.8081818222999573
YLR227W-A,YLR143W,0,0.1827454,0.102814219892025,0.926262617111206,0.8082828521728516
YOL154W,YDR407C,0,0.18265691,0.10280269384384155,0.926262617111206,0.8083838224411011
YLL018C-A,YHR120W,1,0.18258289,0.10290326178073883,0.9272727370262146,0.8083838224411011
YML021C,YOL103W-A,0,0.18255845,0.10289172828197479,0.9272727370262146,0.8084848523139954
YLR227W-A,YLR382C,0,0.18255067,0.10288019478321075,0.9272727370262146,0.8085858821868896
YGR109W-A,YGL093W,0,0.18243738,0.10286866873502731,0.9272727370262146,0.8086868524551392
YNL051W,YPR110C,0,0.18241704,0.10285714268684387,0.9272727370262146,0.8087878823280334
YKL069W,YGR161C-D,0,0.18241656,0.10284561663866043,0.9272727370262146,0.8088889122009277
YPR158W-B,YDR463W,0,0.18238497,0.10283409804105759,0.9272727370262146,0.8089898824691772
YHR214C-C,YGL049C,0,0.1823842,0.10282257944345474,0.9272727370262146,0.8090909123420715
YAL056W,YDR098C-B,0,0.18233275,0.1028110682964325,0.9272727370262146,0.8091919422149658
YDR098C-A,YDR105C,0,0.18232226,0.10279954969882965,0.9272727370262146,0.8092929124832153
YBL038W,YOL103W-A,0,0.18231484,0.1027880385518074,0.9272727370262146,0.8093939423561096
YPR158W-B,YOR011W,0,0.18229929,0.10277653485536575,0.9272727370262146,0.8094949722290039
YHR033W,YNL054W-A,0,0.18227321,0.1027650311589241,0.9272727370262146,0.8095959424972534
YBL035C,YOL103W-A,0,0.18225957,0.10275352746248245,0.9272727370262146,0.8096969723701477
YNL054W-A,YIR031C,0,0.18224077,0.1027420237660408,0.9272727370262146,0.809798002243042
YPL036W,YGR109W-A,0,0.18222195,0.10273052752017975,0.9272727370262146,0.8098989725112915
YBR049C,YDR365W-A,0,0.18219692,0.1027190312743187,0.9272727370262146,0.8100000023841858
YNL284C-B,YNL317W,0,0.18219061,0.10270754247903824,0.9272727370262146,0.8101010322570801
YKL014C,YFL049W,0,0.1821778,0.10269605368375778,0.9272727370262146,0.8102020025253296
YHR214C-C,YLR058C,0,0.18216804,0.10268456488847733,0.9272727370262146,0.8103030323982239
YGR211W,YGR161C-D,0,0.182116,0.10267307609319687,0.9272727370262146,0.8104040622711182
YLR345W,YDR316W-B,0,0.18211539,0.10266159474849701,0.9272727370262146,0.8105050325393677
YDL134C-A,YML086C,0,0.18210833,0.10265012085437775,0.9272727370262146,0.810606062412262
YPR158W-B,YHR149C,0,0.18210676,0.10263863950967789,0.9272727370262146,0.8107070922851562
YDR210C-D,YOR110W,0,0.18210098,0.10262716561555862,0.9272727370262146,0.8108080625534058
YNL054W-A,YDR259C,0,0.18209288,0.10261569172143936,0.9272727370262146,0.8109090924263
YIL056W,YBR090C-A,0,0.18206583,0.1026042252779007,0.9272727370262146,0.8110101222991943
YGR161C-D,YKL005C,0,0.18205242,0.10259275883436203,0.9272727370262146,0.8111110925674438
YNL284C-B,YGL064C,0,0.18203972,0.10258129239082336,0.9272727370262146,0.8112121224403381
YML045W,YGR161C-D,0,0.18199208,0.1025698333978653,0.9272727370262146,0.8113131523132324
YML067C,YDR316W-B,0,0.1819476,0.10255837440490723,0.9272727370262146,0.8114141225814819
YHR214C-C,YCR044C,0,0.18193774,0.10254691541194916,0.9272727370262146,0.8115151524543762
YPR158W-B,YCR038C,0,0.18189502,0.10253546386957169,0.9272727370262146,0.8116161823272705
YDR210C-D,YBR043C,0,0.18188131,0.10252401232719421,0.9272727370262146,0.81171715259552
YPR110C,YOR258W,0,0.18186633,0.10251256078481674,0.9272727370262146,0.8118181824684143
YBR146W,YOL086W-A,0,0.18185735,0.10250111669301987,0.9272727370262146,0.8119192123413086
YFR024C,YBR023C,0,0.18185143,0.10248967260122299,0.9272727370262146,0.8120201826095581
YIL147C,YNL054W-A,0,0.18183324,0.10247822850942612,0.9272727370262146,0.8121212124824524
YPL233W,YMR183C,0,0.18179671,0.10246679186820984,0.9272727370262146,0.8122222423553467
YLR227W-A,YBR180W,0,0.18179561,0.10245535522699356,0.9272727370262146,0.8123232126235962
YDR098C-A,YKL196C,0,0.18179144,0.10244392603635788,0.9272727370262146,0.8124242424964905
YDR280W,YNL054W-A,0,0.18177772,0.1024324893951416,0.9272727370262146,0.8125252723693848
YPR158W-B,YOR132W,0,0.18176845,0.10242106765508652,0.9272727370262146,0.8126262426376343
YLR347C,YNL054W-A,0,0.18172874,0.10240963846445084,0.9272727370262146,0.8127272725105286
YOL020W,YOL086W-A,0,0.18170802,0.10239821672439575,0.9272727370262146,0.8128283023834229
YDR210C-D,YDL230W,0,0.18161796,0.10238679498434067,0.9272727370262146,0.8129292726516724
YKR079C,YML047C,0,0.18161361,0.10237537324428558,0.9272727370262146,0.8130303025245667
YJL013C,YGR109W-A,0,0.18154483,0.1023639589548111,0.9272727370262146,0.8131313323974609
YLR227W-A,YAL015C,0,0.18151212,0.10235254466533661,0.9272727370262146,0.8132323026657104
YIL120W,YOR132W,0,0.18150976,0.10234113782644272,0.9272727370262146,0.8133333325386047
YDR316W-B,YJL083W,0,0.18150511,0.10232973098754883,0.9272727370262146,0.813434362411499
YNL051W,YBR065C,0,0.18150245,0.10231832414865494,0.9272727370262146,0.8135353326797485
YDR098C-A,YHR037W,0,0.18144336,0.10230691730976105,0.9272727370262146,0.8136363625526428
YDR323C,YPR158W-B,0,0.1813881,0.10229551792144775,0.9272727370262146,0.8137373924255371
YGR205W,YCL012W,0,0.18138568,0.10228412598371506,0.9272727370262146,0.8138383626937866
YDR098C-A,YNL246W,0,0.18138406,0.10227272659540176,0.9272727370262146,0.8139393925666809
YER142C,YDR365W-A,0,0.18129776,0.10226133465766907,0.9272727370262146,0.8140404224395752
YDR365W-A,YMR091C,0,0.18129402,0.10224994271993637,0.9272727370262146,0.8141413927078247
YDR316W-B,YCR005C,0,0.18126687,0.10223855823278427,0.9272727370262146,0.814242422580719
YDR145W,YLR215C,0,0.18123804,0.10222717374563217,0.9272727370262146,0.8143434524536133
YAL056W,YDR386W,0,0.18120675,0.10221578925848007,0.9272727370262146,0.8144444227218628
YMR015C,YNL216W,0,0.1811959,0.10220441222190857,0.9272727370262146,0.8145454525947571
YPR158W-B,YDL018C,0,0.18118991,0.10219302773475647,0.9272727370262146,0.8146464824676514
YHR214C-C,YKR095W,0,0.18116863,0.10218165814876556,0.9272727370262146,0.8147474527359009
YKL149C,YDR316W-B,0,0.18114811,0.10217028111219406,0.9272727370262146,0.8148484826087952
YOL103W-A,YNR052C,0,0.18114676,0.10215891152620316,0.9272727370262146,0.8149495124816895
YHR150W,YDR098C-B,0,0.1811198,0.10214754939079285,0.9272727370262146,0.815050482749939
YPR158W-B,YKL058W,0,0.1811102,0.10213617980480194,0.9272727370262146,0.8151515126228333
YDR210C-D,YDR365W-A,0,0.18110386,0.10212481766939163,0.9272727370262146,0.8152525424957275
YOL103W-A,YPL175W,0,0.18109821,0.10211346298456192,0.9272727370262146,0.815353512763977
YLR227W-A,YLL053C,0,0.18107666,0.10210210084915161,0.9272727370262146,0.8154545426368713
YGL243W,YNL054W-A,0,0.18105017,0.1020907461643219,0.9272727370262146,0.8155555725097656
YDR210C-D,YJL212C,0,0.18104698,0.10207939147949219,0.9272727370262146,0.8156565427780151
YHR214C-C,YPL018W,0,0.18103279,0.10206804424524307,0.9272727370262146,0.8157575726509094
YHL003C,YHR214C-C,0,0.18102652,0.10205669701099396,0.9272727370262146,0.8158586025238037
YFR047C,YDR365W-A,0,0.18102284,0.10204534977674484,0.9272727370262146,0.8159595727920532
YHR035W,YDR365W-A,0,0.18100569,0.10203400999307632,0.9272727370262146,0.8160606026649475
YDR098C-A,YHL003C,0,0.18100506,0.1020226702094078,0.9272727370262146,0.8161616325378418
YML092C,YGR161C-D,0,0.18100189,0.10201133787631989,0.9272727370262146,0.8162626028060913
YDR098C-A,YCR024C,0,0.18098265,0.10199999809265137,0.9272727370262146,0.8163636326789856
YNL284C-B,YMR001C,0,0.18097582,0.10198866575956345,0.9272727370262146,0.8164646625518799
YDR075W,YDR316W-B,0,0.1809752,0.10197734087705612,0.9272727370262146,0.8165656328201294
YJR041C,YDR316W-B,0,0.18096505,0.1019660085439682,0.9272727370262146,0.8166666626930237
YDR098C-A,YHR142W,0,0.18094882,0.10195468366146088,0.9272727370262146,0.816767692565918
YOL126C,YDR316W-B,0,0.18090533,0.10194336622953415,0.9272727370262146,0.8168686628341675
YER056C,YDL134C-A,0,0.18088578,0.10193204879760742,0.9272727370262146,0.8169696927070618
YDR098C-A,YBR193C,0,0.18087819,0.1019207313656807,0.9272727370262146,0.817070722579956
YDR471W,YBR015C,0,0.18087511,0.10190941393375397,0.9272727370262146,0.8171716928482056
YDR098C-B,YHL021C,0,0.1808656,0.10189810395240784,0.9272727370262146,0.8172727227210999
YGR161W-A,YDL076C,0,0.1808447,0.1018867939710617,0.9272727370262146,0.8173737525939941
YKL048C,YHR214C-C,0,0.18084402,0.10187548398971558,0.9272727370262146,0.8174747228622437
YGR109W-A,YDR397C,0,0.18081672,0.10186418145895004,0.9272727370262146,0.8175757527351379
YDR098C-A,YBL038W,0,0.18081132,0.10185287892818451,0.9272727370262146,0.8176767826080322
YNL103W,YDR365W-A,0,0.18079454,0.10184157639741898,0.9272727370262146,0.8177777528762817
YLR227W-A,YDR212W,0,0.1807643,0.10183028131723404,0.9272727370262146,0.817878782749176
YOR383C,YGR109W-A,0,0.1807632,0.1018189862370491,0.9272727370262146,0.8179798126220703
YDR210C-D,YOR320C,0,0.18075669,0.10180769860744476,0.9272727370262146,0.8180807828903198
YGR109W-A,YCR018C,0,0.18073395,0.10179640352725983,0.9272727370262146,0.8181818127632141
YGR235C,YDR316W-B,0,0.18072112,0.10178512334823608,0.9272727370262146,0.8182828426361084
YNL284C-B,YGR165W,0,0.1806754,0.10177383571863174,0.9272727370262146,0.8183838129043579
YPR158W-B,YDR110W,0,0.18066397,0.101762555539608,0.9272727370262146,0.8184848427772522
YML092C,YDR098C-B,0,0.18064108,0.10175127536058426,0.9272727370262146,0.8185858726501465
YLR227W-A,YLR260W,0,0.18062092,0.10173999518156052,0.9272727370262146,0.818686842918396
YNL284C-B,YOL055C,0,0.18061234,0.10172872245311737,0.9272727370262146,0.8187878727912903
YMR232W,YGR109W-A,0,0.18060566,0.10171744972467422,0.9272727370262146,0.8188889026641846
YNL025C,YNL054W-A,0,0.1806009,0.10170618444681168,0.9272727370262146,0.8189898729324341
YHR090C,YGR161C-D,0,0.18059495,0.10169491171836853,0.9272727370262146,0.8190909028053284
YFR016C,YDL154W,0,0.18059367,0.10168365389108658,0.9272727370262146,0.8191919326782227
YAL019W,YNL054W-A,0,0.18057743,0.10167238861322403,0.9272727370262146,0.8192929029464722
YOL154W,YDR365W-A,0,0.18054269,0.10166113078594208,0.9272727370262146,0.8193939328193665
YBL051C,YGR161C-D,0,0.18051763,0.10164987295866013,0.9272727370262146,0.8194949626922607
YPR169W,YDR365W-A,0,0.18051468,0.10163861513137817,0.9272727370262146,0.8195959329605103
YLR227W-A,YKL185W,0,0.18049975,0.10162736475467682,0.9272727370262146,0.8196969628334045
YDR098C-A,YGL171W,0,0.18044905,0.10161611437797546,0.9272727370262146,0.8197979927062988
YDR098C-B,YKL196C,0,0.18042774,0.1016048714518547,0.9272727370262146,0.8198989629745483
YJR153W,YNL054W-A,0,0.18039326,0.10159362852573395,0.9272727370262146,0.8199999928474426
YHR088W,YGR161W-A,0,0.18039024,0.10158238559961319,0.9272727370262146,0.8201010227203369
YNL284C-B,YOR065W,0,0.18036506,0.10157114267349243,0.9272727370262146,0.8202019929885864
YLR227W-A,YML086C,0,0.18035543,0.10155990719795227,0.9272727370262146,0.8203030228614807
YDR365W-A,YDR303C,0,0.18035044,0.10154867172241211,0.9272727370262146,0.820404052734375
YHR204W,YDR365W-A,0,0.18034339,0.10153744369745255,0.9272727370262146,0.8205050230026245
YKR095W-A,YBR016W,0,0.18033415,0.10152620822191238,0.9272727370262146,0.8206060528755188
YJL133C-A,YKL138C,0,0.18033415,0.10151498764753342,0.9272727370262146,0.8207070827484131
YNL023C,YOR343C-A,0,0.18033415,0.10150375962257385,0.9272727370262146,0.8208080530166626
YNL247W,YOR343C-A,0,0.18033415,0.10149253904819489,0.9272727370262146,0.8209090828895569
YKL014C,YOR343C-A,0,0.18033415,0.10148131847381592,0.9272727370262146,0.8210101127624512
YHR214W,YER053C-A,0,0.18033415,0.10147009789943695,0.9272727370262146,0.8211110830307007
YKL002W,YOR343C-A,0,0.18033415,0.10145888477563858,0.9272727370262146,0.821212112903595
YEL005C,YBR200W-A,0,0.18033415,0.10144767165184021,0.9272727370262146,0.8213131427764893
YBR200W-A,YPL013C,0,0.18033415,0.10143646597862244,0.9272727370262146,0.8214141130447388
YCL005W-A,YGR283C,0,0.18033415,0.10142526030540466,0.9272727370262146,0.8215151429176331
YDR234W,YER053C-A,0,0.18033415,0.10141405463218689,0.9272727370262146,0.8216161727905273
YFR024C,YLR143W,0,0.18033415,0.10140284895896912,0.9272727370262146,0.8217171430587769
YOR019W,YCL012W,0,0.18033415,0.10139165073633194,0.9272727370262146,0.8218181729316711
YCR016W,YJL133C-A,0,0.18033415,0.10138045251369476,0.9272727370262146,0.8219192028045654
YBR200W-A,YHL026C,0,0.18033415,0.10136925429105759,0.9272727370262146,0.8220201730728149
YBR200W-A,YOL011W,0,0.18033415,0.10135806351900101,0.9272727370262146,0.8221212029457092
YJL133C-A,YDR381W,0,0.18033415,0.10134687274694443,0.9272727370262146,0.8222222328186035
YDR075W,YDR210W-C,0,0.18033415,0.10133568942546844,0.9272727370262146,0.822323203086853
YPR007C,YDR210W-C,0,0.18033415,0.10132450610399246,0.9272727370262146,0.8224242329597473
YFL035C-B,YML096W,0,0.18033415,0.10131332278251648,0.9272727370262146,0.8225252628326416
YKR096W,YKR095W-A,0,0.18033415,0.1013021394610405,0.9272727370262146,0.8226262331008911
YDR210W-C,YHL015W,0,0.18033415,0.10129096359014511,0.9272727370262146,0.8227272629737854
YDR210W-C,YMR207C,0,0.18033415,0.10127978771924973,0.9272727370262146,0.8228282928466797
YIL154C,YER053C-A,0,0.18033415,0.10126861184835434,0.9272727370262146,0.822929322719574
YOR260W,YDR210W-C,0,0.18033415,0.10125744342803955,0.9272727370262146,0.8230302929878235
YLR227W-A,YDR213W,0,0.18033415,0.10124627500772476,0.9272727370262146,0.8231313228607178
YJL133C-A,YGL049C,0,0.18033415,0.10123511403799057,0.9272727370262146,0.8232323527336121
YDR210C-D,YDR210W-C,0,0.18033415,0.10122395306825638,0.9272727370262146,0.8233333230018616
YOR207C,YOR343C-A,0,0.18033415,0.10121279209852219,0.9272727370262146,0.8234343528747559
YOR236W,YOR343C-A,0,0.18033415,0.101201631128788,0.9272727370262146,0.8235353827476501
YHR210C,YDR210W-C,0,0.18033415,0.1011904776096344,0.9272727370262146,0.8236363530158997
YFL035C-B,YDR316W-B,0,0.18033415,0.1011793240904808,0.9272727370262146,0.823737382888794
YMR232W,YJL133C-A,0,0.18033415,0.10116817057132721,0.9272727370262146,0.8238384127616882
YBR200W-A,YDR397C,0,0.18033415,0.10115702450275421,0.9272727370262146,0.8239393830299377
YDR210W-C,YPL010W,0,0.18033415,0.10114587843418121,0.9272727370262146,0.824040412902832
YBR200W-A,YGL092W,0,0.18033415,0.10113473981618881,0.9272727370262146,0.8241414427757263
YPL146C,YOR343C-A,0,0.18033415,0.10112359374761581,0.9272727370262146,0.8242424130439758
YDR210W-C,YJL216C,0,0.18033415,0.10111245512962341,0.9272727370262146,0.8243434429168701
YLR227W-A,YDL134C-A,0,0.18033415,0.10110132396221161,0.9272727370262146,0.8244444727897644
YDR350C,YDR098C-B,0,0.18033415,0.10109018534421921,0.9272727370262146,0.8245454430580139
YDR023W,YDR210W-C,0,0.18033415,0.1010790541768074,0.9272727370262146,0.8246464729309082
YJL133C-A,YDR439W,0,0.18033415,0.1010679304599762,0.9272727370262146,0.8247475028038025
YJL133C-A,YGR120C,0,0.18033415,0.10105680674314499,0.9272727370262146,0.824848473072052
YMR286W,YOR343C-A,0,0.18033415,0.10104568302631378,0.9272727370262146,0.8249495029449463
YJL181W,YBR090C-A,0,0.18033415,0.10103455930948257,0.9272727370262146,0.8250505328178406
YDR098C-B,YER015W,0,0.18033415,0.10102344304323196,0.9272727370262146,0.8251515030860901
YKR096W,YOR343C-A,0,0.18033415,0.10101232677698135,0.9272727370262146,0.8252525329589844
YFR047C,YJL133C-A,0,0.18033415,0.10100121051073074,0.9272727370262146,0.8253535628318787
YGL025C,YBR200W-A,0,0.18033415,0.10099010169506073,0.9272727370262146,0.8254545331001282
YGL018C,YDR210W-C,0,0.18033415,0.10097899287939072,0.9272727370262146,0.8255555629730225
YKL069W,YER108C,0,0.18033415,0.1009678840637207,0.9272727370262146,0.8256565928459167
YER108C,YHL050C,0,0.18033415,0.10095678269863129,0.9272727370262146,0.8257575631141663
YMR076C,YDR210W-C,0,0.18033415,0.10094568133354187,0.9272727370262146,0.8258585929870605
YER108C,YHL026C,0,0.18033415,0.10093457996845245,0.9272727370262146,0.8259596228599548
YFR047C,YER053C-A,0,0.18033415,0.10092348605394363,0.9272727370262146,0.8260605931282043
YGR055W,YDR210W-C,0,0.18033415,0.10091239213943481,0.9272727370262146,0.8261616230010986
YBR200W-A,YLR196W,0,0.18033415,0.100901298224926,0.9272727370262146,0.8262626528739929
YCL005W-A,YGR161C-D,0,0.18033415,0.10089020431041718,0.9272727370262146,0.8263636231422424
YDR168W,YER053C-A,0,0.18033415,0.10087911784648895,0.9272727370262146,0.8264646530151367
YDR210W-C,YLR056W,0,0.18033415,0.10086803883314133,0.9272727370262146,0.826565682888031
YAR033W,YOR343C-A,0,0.18033415,0.1008569523692131,0.9272727370262146,0.8266666531562805
YOL086W-A,YDL119C,0,0.18033415,0.10084587335586548,0.9272727370262146,0.8267676830291748
YCL005W-A,YHL026C,0,0.18033415,0.10083479434251785,0.9272727370262146,0.8268687129020691
YCR058C,YBL100W-B,0,0.18033415,0.10082372277975082,0.9272727370262146,0.8269696831703186
YBR200W-A,YLR333C,0,0.18033415,0.1008126512169838,0.9272727370262146,0.8270707130432129
YDL145C,YOR343C-A,0,0.18033415,0.10080157965421677,0.9272727370262146,0.8271717429161072
YPR154W,YDR210W-C,0,0.18033415,0.10079051554203033,0.9272727370262146,0.8272727131843567
YOR078W,YOR343C-A,0,0.18033415,0.1007794514298439,0.9272727370262146,0.827373743057251
YLR194C,YKR095W-A,0,0.18033415,0.10076838731765747,0.9272727370262146,0.8274747729301453
YCL005W-A,YMR050C,0,0.18033415,0.10075732320547104,0.9272727370262146,0.8275757431983948
YBL013W,YBR200W-A,0,0.18033415,0.1007462665438652,0.9272727370262146,0.8276767730712891
YDR212W,YDR210W-C,0,0.18033415,0.10073520988225937,0.9272727370262146,0.8277778029441833
YGR161W-A,YBR100W,0,0.18033415,0.10072416067123413,0.9272727370262146,0.8278787732124329
YML096W,YER053C-A,0,0.18033415,0.10071311146020889,0.9272727370262146,0.8279798030853271
YLR001C,YBR100W,0,0.18033415,0.10070206224918365,0.9272727370262146,0.8280808329582214
YDR210W-C,YOL061W,0,0.18033415,0.10069102048873901,0.9272727370262146,0.828181803226471
YKL062W,YJL133C-A,0,0.18033415,0.10067997127771378,0.9272727370262146,0.8282828330993652
YCR058C,YNL181W,0,0.18033415,0.10066892951726913,0.9272727370262146,0.8283838629722595
YIL096C,YFL035C-A,0,0.18033415,0.10065789520740509,0.9272727370262146,0.828484833240509
YHR033W,YJL133C-A,0,0.18033415,0.10064686089754105,0.9272727370262146,0.8285858631134033
YBR200W-A,YJL196C,0,0.18033415,0.100635826587677,0.9272727370262146,0.8286868929862976
YNL023C,YDR210W-C,0,0.18033415,0.10062479227781296,0.9272727370262146,0.8287878632545471
YFR034C,YOR343C-A,0,0.18033415,0.10061376541852951,0.9272727370262146,0.8288888931274414
YBR200W-A,YGL093W,0,0.18033415,0.10060273855924606,0.9272727370262146,0.8289899230003357
YLR324W,YBR200W-A,0,0.18033415,0.10059171915054321,0.9272727370262146,0.8290908932685852
YNL246W,YER053C-A,0,0.18033415,0.10058069229125977,0.9272727370262146,0.8291919231414795
YDL134C-A,YER053C-A,0,0.18033415,0.10056967288255692,0.9272727370262146,0.8292929530143738
YBR200W-A,YGR266W,0,0.18033415,0.10055866092443466,0.9272727370262146,0.8293939232826233
YDL124W,YDR210W-C,0,0.18033415,0.10054764151573181,0.9272727370262146,0.8294949531555176
YBR200W-A,YBR085W,0,0.18033415,0.10053663700819016,0.9272727370262146,0.8295959830284119
YPL141C,YER053C-A,0,0.18033415,0.1005256250500679,0.9272727370262146,0.8296969532966614
YJR027W,YBR100W,0,0.18033415,0.10051462054252625,0.9272727370262146,0.8297979831695557
YMR242C,YOR343C-A,0,0.18033415,0.10050361603498459,0.9272727370262146,0.82989901304245
YDR210W-C,YHL021C,0,0.18033415,0.10049261152744293,0.9272727370262146,0.8299999833106995
YDR210W-C,YJL058C,0,0.18033415,0.10048161447048187,0.9272727370262146,0.8301010131835938
YCL005W-A,YHR033W,0,0.18033415,0.10047061741352081,0.9272727370262146,0.830202043056488
YOR343C-A,YHL021C,0,0.18033415,0.10045962035655975,0.9272727370262146,0.8303030133247375
YDR210C-D,YER155C,0,0.18033415,0.1004486232995987,0.9272727370262146,0.8304040431976318
YFL035C-B,YNL194C,0,0.18033415,0.10043763369321823,0.9272727370262146,0.8305050730705261
YPL021W,YOR343C-A,0,0.18033415,0.10042665153741837,0.9272727370262146,0.8306060433387756
YDR087C,YER053C-A,0,0.18033415,0.1004156619310379,0.9272727370262146,0.8307070732116699
YJL133C-A,YKL197C,0,0.18033415,0.10040467977523804,0.9272727370262146,0.8308081030845642
YLR154W-C,YMR074C,0,0.18033415,0.10039369761943817,0.9272727370262146,0.8309090733528137
YOL103W-A,YIL167W,0,0.18033415,0.1003827229142189,0.9272727370262146,0.831010103225708
YNL045W,YBR200W-A,0,0.18033415,0.10037174820899963,0.9272727370262146,0.8311111330986023
YGL067W,YDR210W-C,0,0.18033415,0.10036077350378036,0.9272727370262146,0.8312121033668518
YJL212C,YER053C-A,0,0.18033415,0.1003498062491417,0.9272727370262146,0.8313131332397461
YDR210W-C,YCR106W,0,0.18033415,0.10033883154392242,0.9272727370262146,0.8314141631126404
YHR202W,YFL018W-A,0,0.18033415,0.10032787173986435,0.9272727370262146,0.8315151333808899
YLR313C,YER053C-A,0,0.18033415,0.10031690448522568,0.9272727370262146,0.8316161632537842
YPR067W,YOR343C-A,0,0.18033415,0.1003059446811676,0.9272727370262146,0.8317171931266785
YCR058C,YPL168W,0,0.18033415,0.10029498487710953,0.9272727370262146,0.831818163394928
YCL029C,YNL054W-A,0,0.18033415,0.10028403252363205,0.9272727370262146,0.8319191932678223
YMR063W,YBR200W-A,0,0.18033415,0.10027307271957397,0.9272727370262146,0.8320202231407166
YDR002W,YOR343C-A,0,0.18033415,0.1002621203660965,0.9272727370262146,0.8321211934089661
YER053C-A,YLR263W,0,0.18033415,0.10025117546319962,0.9272727370262146,0.8322222232818604
YDR210C-D,YLR039C,0,0.18033056,0.10024023056030273,0.9272727370262146,0.8323232531547546
YDR308C,YDR098C-B,0,0.18029226,0.10022928565740585,0.9272727370262146,0.8324242234230042
YDR210C-D,YLR054C,0,0.18028148,0.10021834075450897,0.9272727370262146,0.8325252532958984
YDR098C-B,YNR052C,0,0.18026671,0.10020740330219269,0.9272727370262146,0.8326262831687927
YLR227W-A,YPL183C,0,0.18025249,0.1001964658498764,0.9272727370262146,0.8327272534370422
YNL284C-B,YLR382C,0,0.18024908,0.10018552839756012,0.9272727370262146,0.8328282833099365
YJR042W,YGR109W-A,0,0.18024652,0.10017459839582443,0.9272727370262146,0.8329293131828308
YPL115C,YDR098C-B,0,0.18023492,0.10016366839408875,0.9272727370262146,0.8330302834510803
YML120C,YDR098C-B,0,0.18022321,0.10015273839235306,0.9272727370262146,0.8331313133239746
YJL059W,YDL093W,0,0.18021838,0.10014181584119797,0.9272727370262146,0.8332323431968689
YPR158W-B,YJR050W,0,0.1802104,0.10013089329004288,0.9272727370262146,0.8333333134651184
YNL020C,YHR214C-C,0,0.18018739,0.10011997073888779,0.9272727370262146,0.8334343433380127
YHR214C-C,YLR292C,0,0.18017545,0.1001090481877327,0.9272727370262146,0.833535373210907
YPR158W-B,YNL020C,0,0.18016173,0.1000981330871582,0.9272727370262146,0.8336363434791565
YNL054W-A,YLR328W,0,0.18015267,0.1000872254371643,0.9272727370262146,0.8337373733520508
YDR210C-D,YPR071W,0,0.180114,0.10007631033658981,0.9272727370262146,0.8338384032249451
YPL137C,YHL026C,0,0.18009071,0.10006540268659592,0.9272727370262146,0.8339393734931946
YLL067C,YDR098C-B,0,0.18006724,0.10005449503660202,0.9272727370262146,0.8340404033660889
YJR117W,YDR098C-B,0,0.18004583,0.10004359483718872,0.9272727370262146,0.8341414332389832
YDR212W,YDR098C-B,0,0.1800265,0.10003268718719482,0.9272727370262146,0.8342424035072327
YDR328C,YDR365W-A,0,0.18002526,0.10002179443836212,0.9272727370262146,0.834343433380127
YHR214C-C,YLL014W,0,0.18001564,0.10001089423894882,0.9272727370262146,0.8344444632530212
YGR161W-A,YLR409C,0,0.18001154,0.10000000149011612,0.9272727370262146,0.8345454335212708
YER123W,YNL054W-A,0,0.18000035,0.09998910874128342,0.9272727370262146,0.834646463394165
YOL154W,YGR161C-D,0,0.17998438,0.09997821599245071,0.9272727370262146,0.8347474932670593
YPL004C,YDR316W-B,0,0.1799745,0.09996733069419861,0.9272727370262146,0.8348484635353088
YNL284C-B,YCR018C,0,0.17996407,0.0999564453959465,0.9272727370262146,0.8349494934082031
YGR109W-A,YBR121C,0,0.17995118,0.0999455600976944,0.9272727370262146,0.8350505232810974
YHR214C-C,YBR045C,0,0.17994516,0.09993468225002289,0.9272727370262146,0.8351514935493469
YDR210C-D,YDR178W,0,0.17993335,0.09992380440235138,0.9272727370262146,0.8352525234222412
YKR075C,YDR039C,0,0.179933,0.09991292655467987,0.9272727370262146,0.8353535532951355
YGR109W-A,YLR360W,0,0.17993033,0.09990205615758896,0.9272727370262146,0.835454523563385
YHR205W,YGR161C-D,0,0.1799126,0.09989118576049805,0.9272727370262146,0.8355555534362793
YDR517W,YDR365W-A,0,0.1798763,0.09988031536340714,0.9272727370262146,0.8356565833091736
YKR075C,YGR109W-A,0,0.17986974,0.09986945241689682,0.9272727370262146,0.8357575535774231
YNL284C-B,YJL216C,0,0.17986366,0.0998585894703865,0.9272727370262146,0.8358585834503174
YDR098C-A,YER142C,0,0.17984885,0.09984772652387619,0.9272727370262146,0.8359596133232117
YDR098C-A,YHR088W,0,0.17984006,0.09983687102794647,0.9272727370262146,0.8360605835914612
YIL036W,YLR227W-A,0,0.17983735,0.09982600808143616,0.9272727370262146,0.8361616134643555
YNL054W-A,YDR292C,0,0.1798175,0.09981516003608704,0.9272727370262146,0.8362626433372498
YDR316W-B,YBR049C,0,0.17978549,0.09980430454015732,0.9272727370262146,0.8363636136054993
YDR210C-D,YMR205C,0,0.17977752,0.0997934564948082,0.9272727370262146,0.8364646434783936
YDR235W,YML081W,0,0.1797054,0.09978260844945908,0.9272727370262146,0.8365656733512878
YGR296W,YGR122W,0,0.17966555,0.09977176040410995,0.9272727370262146,0.8366666436195374
YGR283C,YBR146W,0,0.17960487,0.09976091980934143,0.9272727370262146,0.8367676734924316
YEL005C,YDR039C,0,0.17937505,0.0997500792145729,0.9272727370262146,0.8368687033653259
YDR482C,YNL284C-B,0,0.17905104,0.09973924607038498,0.9272727370262146,0.8369696736335754
YNL133C,YPL168W,0,0.1789166,0.09972840547561646,0.9272727370262146,0.8370707035064697
YLR363C,YDR365W-A,0,0.17890604,0.09971757233142853,0.9272727370262146,0.837171733379364
YGR099W,YGL151W,0,0.17889364,0.0997067466378212,0.9272727370262146,0.8372727036476135
YNR032C-A,YPR148C,0,0.17854439,0.09969591349363327,0.9272727370262146,0.8373737335205078
YLR361C,YLL021W,0,0.17853753,0.09968508780002594,0.9272727370262146,0.8374747633934021
YMR101C,YER143W,0,0.17850311,0.0996742695569992,0.9272727370262146,0.8375757336616516
YOR090C,YMR050C,0,0.17795546,0.09966344386339188,0.9272727370262146,0.8376767635345459
YNL076W,YHR080C,0,0.17776239,0.09965262562036514,0.9272727370262146,0.8377777934074402
YJR117W,YER040W,0,0.17773636,0.09964180737733841,0.9272727370262146,0.8378787636756897
YER179W,YER081W,0,0.17770018,0.09963099658489227,0.9272727370262146,0.837979793548584
YPR175W,YPR071W,0,0.1774667,0.09962018579244614,0.9272727370262146,0.8380808234214783
YML133C,YLR075W,0,0.17744441,0.099609375,0.9272727370262146,0.8381817936897278
YAL015C,YCR035C,0,0.17739356,0.09959856420755386,0.9272727370262146,0.8382828235626221
YLR039C,YFR030W,0,0.17737623,0.09958776086568832,0.9272727370262146,0.8383838534355164
YLR426W,YOR262W,0,0.17722583,0.09957695752382278,0.9272727370262146,0.8384848237037659
YCR045C,YGR266W,0,0.17697385,0.09956616163253784,0.9272727370262146,0.8385858535766602
YDR204W,YPL021W,0,0.17676324,0.0995553657412529,0.9272727370262146,0.8386868834495544
YLL066C,YDR397C,0,0.17676207,0.09954456984996796,0.9272727370262146,0.838787853717804
YPR175W,YMR059W,0,0.17606325,0.09953377395868301,0.9272727370262146,0.8388888835906982
YOL103W-A,YFR040W,0,0.17587565,0.09952298551797867,0.9272727370262146,0.8389899134635925
YHR210C,YHR150W,0,0.17545114,0.09951219707727432,0.9272727370262146,0.839090883731842
YDR087C,YML047C,0,0.17539772,0.09950140863656998,0.9272727370262146,0.8391919136047363
YDR361C,YDR365W-A,0,0.17530255,0.09949062764644623,0.9272727370262146,0.8392929434776306
YBL051C,YLR143W,0,0.17515486,0.09947984665632248,0.9272727370262146,0.8393939137458801
YLR315W,YLR154W-C,0,0.17498706,0.09946906566619873,0.9272727370262146,0.8394949436187744
YDR323C,YGR097W,0,0.17496815,0.09945828467607498,0.9272727370262146,0.8395959734916687
YMR048W,YGR138C,0,0.1744413,0.09944751113653183,0.9272727370262146,0.8396969437599182
YIL144W,YPR148C,0,0.1742571,0.09943674504756927,0.9272727370262146,0.8397979736328125
YHL017W,YIL123W,0,0.1740017,0.09942597150802612,0.9272727370262146,0.8398990035057068
YHR154W,YOR260W,0,0.1738417,0.09941520541906357,0.9272727370262146,0.8399999737739563
YHR033W,YOR113W,0,0.17370935,0.09940443933010101,0.9272727370262146,0.8401010036468506
YMR261C,YMR040W,0,0.17370047,0.09939367324113846,0.9272727370262146,0.8402020335197449
YGR161W-A,YFR040W,0,0.1733349,0.0993829146027565,0.9272727370262146,0.8403030037879944
YBL056W,YJL021C,0,0.17318727,0.09937215596437454,0.9272727370262146,0.8404040336608887
YOR189W,YLR143W,0,0.1731455,0.09936140477657318,0.9272727370262146,0.840505063533783
YER155C,YDR399W,0,0.17310254,0.09935064613819122,0.9272727370262146,0.8406060338020325
YML041C,YJR027W,0,0.17301391,0.09933989495038986,0.9272727370262146,0.8407070636749268
YPR175W,YBL100W-B,0,0.1729304,0.0993291512131691,0.9272727370262146,0.840808093547821
YMR055C,YKR088C,0,0.17270751,0.09931840002536774,0.9272727370262146,0.8409090638160706
YLL031C,YMR074C,0,0.17263477,0.09930765628814697,0.9272727370262146,0.8410100936889648
YOR264W,YOR119C,0,0.17258641,0.0992969200015068,0.9272727370262146,0.8411111235618591
YER179W,YNL133C,0,0.17252527,0.09928617626428604,0.9272727370262146,0.8412120938301086
YGR004W,YKR083C,0,0.17227046,0.09927543997764587,0.9272727370262146,0.8413131237030029
YOR253W,YKR077W,0,0.17221291,0.0992647036910057,0.9272727370262146,0.8414141535758972
YDR122W,YLR460C,0,0.1718442,0.09925397485494614,0.9272727370262146,0.8415151238441467
YHR148W,YBR121C,0,0.1718411,0.09924324601888657,0.9272727370262146,0.841616153717041
YPR071W,YOR078W,0,0.17184058,0.099232517182827,0.9272727370262146,0.8417171835899353
YOR273C,YOR172W,0,0.17167418,0.09922178834676743,0.9272727370262146,0.8418181538581848
YDR075W,YNL278W,0,0.17166853,0.09921106696128845,0.9272727370262146,0.8419191837310791
YML107C,YLR067C,0,0.17165022,0.09920034557580948,0.9272727370262146,0.8420202136039734
YOL086W-A,YDL223C,0,0.17164633,0.0991896241903305,0.9272727370262146,0.8421211838722229
YPL141C,YKR095W-A,0,0.17134641,0.09917891025543213,0.9272727370262146,0.8422222137451172
YJL174W,YGR129W,0,0.17131801,0.09916819632053375,0.9272727370262146,0.8423232436180115
YOL076W,YDR150W,1,0.17086905,0.09926550090312958,0.9282828569412231,0.8423232436180115
YLR411W,YPL189W,0,0.17065667,0.0992547795176506,0.9282828569412231,0.842424213886261
YDL134C-A,YHR170W,0,0.17055458,0.09924405813217163,0.9282828569412231,0.8425252437591553
YFL025C,YNL068C,0,0.17054376,0.09923334419727325,0.9282828569412231,0.8426262736320496
YCL068C,YFR030W,0,0.17035794,0.09922263026237488,0.9282828569412231,0.8427272439002991
YCR016W,YPL135W,0,0.17020293,0.0992119163274765,0.9282828569412231,0.8428282737731934
YJL110C,YPL169C,0,0.17013006,0.09920120984315872,0.9282828569412231,0.8429293036460876
YDR039C,YDR259C,0,0.1700899,0.09919050335884094,0.9282828569412231,0.8430302739143372
YLL016W,YMR225C,0,0.17008142,0.09917979687452316,0.9282828569412231,0.8431313037872314
YDL135C,YHR142W,0,0.17001854,0.09916909784078598,0.9282828569412231,0.8432323336601257
YGR178C,YDL134C-A,0,0.16990326,0.0991583913564682,0.9282828569412231,0.8433333039283752
YOR172W,YDL211C,0,0.16980608,0.09914769977331161,0.9282828569412231,0.8434343338012695
YDL124W,YKL145W,0,0.169801,0.09913700073957443,0.9282828569412231,0.8435353636741638
YPR158W-B,YDR316W-B,0,0.16943981,0.09912630915641785,0.9282828569412231,0.8436363339424133
YGL067W,YLL067C,0,0.16936873,0.09911561757326126,0.9282828569412231,0.8437373638153076
YLL066C,YLR432W,0,0.16889241,0.09910492599010468,0.9282828569412231,0.8438383936882019
YLR102C,YBR100W,0,0.16863312,0.09909424185752869,0.9282828569412231,0.8439394235610962
YKL149C,YDL134C-A,0,0.16835617,0.0990835577249527,0.9282828569412231,0.8440403938293457
YCR045C,YFL011W,0,0.16823965,0.09907287359237671,0.9282828569412231,0.84414142370224
YOR004W,YMR074C,0,0.16805474,0.09906219691038132,0.9282828569412231,0.8442424535751343
YBL100W-B,YBL047C,0,0.16796874,0.09905152022838593,0.9282828569412231,0.8443434238433838
YPL141C,YDL149W,0,0.16795462,0.09904084354639053,0.9282828569412231,0.8444444537162781
YPL280W,YDR316W-B,0,0.16792412,0.09903017431497574,0.9282828569412231,0.8445454835891724
YEL039C,YDL139C,0,0.16786703,0.09901950508356094,0.9282828569412231,0.8446464538574219
YML011C,YDL135C,0,0.16758475,0.09900883585214615,0.9282828569412231,0.8447474837303162
YJL021C,YGL116W,0,0.16681646,0.09899816662073135,0.9282828569412231,0.8448485136032104
YKR100C,YFL035C-A,0,0.16649868,0.09898750483989716,0.9282828569412231,0.84494948387146
YOL061W,YFL018W-A,0,0.16632093,0.09897684305906296,0.9282828569412231,0.8450505137443542
YNL328C,YGR174C,1,0.16629304,0.0990738719701767,0.9292929172515869,0.8450505137443542
YHR006W,YBR005W,0,0.16588922,0.0990632101893425,0.9292929172515869,0.8451515436172485
YPL018W,YBR193C,0,0.16572608,0.0990525409579277,0.9292929172515869,0.845252513885498
YOR334W,YMR015C,0,0.16566202,0.0990418791770935,0.9292929172515869,0.8453535437583923
YKR096W,YNL247W,0,0.16556157,0.09903121739625931,0.9292929172515869,0.8454545736312866
YBR119W,YMR055C,0,0.16552567,0.09902055561542511,0.9292929172515869,0.8455555438995361
YGL076C,YFR034C,0,0.16551347,0.09900990128517151,0.9292929172515869,0.8456565737724304
YLR006C,YGL096W,0,0.16548422,0.09899924695491791,0.9292929172515869,0.8457576036453247
YBR069C,YOR079C,0,0.16505413,0.0989885926246643,0.9292929172515869,0.8458585739135742
YNL041C,YIL008W,0,0.16457488,0.0989779457449913,0.9292929172515869,0.8459596037864685
YNL214W,YDR359C,0,0.163958,0.0989672988653183,0.9292929172515869,0.8460606336593628
YBR038W,YDR398W,0,0.16370445,0.0989566519856453,0.9292929172515869,0.8461616039276123
YGL092W,YDR135C,0,0.16363549,0.09894601255655289,0.9292929172515869,0.8462626338005066
YHR118C,YGL116W,0,0.16350232,0.09893536567687988,0.9292929172515869,0.8463636636734009
YAL019W,YAR009C,0,0.16333999,0.09892473369836807,0.9292929172515869,0.8464646339416504
YJR084W,YKL063C,0,0.1632846,0.09891409426927567,0.9292929172515869,0.8465656638145447
YGL171W,YDL102W,0,0.16322063,0.09890346229076385,0.9292929172515869,0.846666693687439
YDR372C,YDR004W,0,0.1629939,0.09889283031225204,0.9292929172515869,0.8467676639556885
YHR079C-B,YDL149W,0,0.16276059,0.09888219833374023,0.9292929172515869,0.8468686938285828
YLR426W,YBR188C,0,0.16269247,0.09887157380580902,0.9292929172515869,0.846969723701477
YNR033W,YER081W,0,0.16258274,0.09886094927787781,0.9292929172515869,0.8470706939697266
YIL009W,YKR095W,0,0.16234718,0.0988503247499466,0.9292929172515869,0.8471717238426208
YOL076W,YHR120W,1,0.16226946,0.09894714504480362,0.9303030371665955,0.8471717238426208
YML013W,YDR437W,0,0.1621264,0.09893651306629181,0.9303030371665955,0.8472727537155151
YJR102C,YMR101C,0,0.16208817,0.0989258885383606,0.9303030371665955,0.8473737239837646
YDL134C-A,YNL094W,0,0.161816,0.09891526401042938,0.9303030371665955,0.8474747538566589
YGR057C,YOR335C,0,0.16160595,0.09890463948249817,0.9303030371665955,0.8475757837295532
YOR049C,YKL185W,0,0.16130869,0.09889402240514755,0.9303030371665955,0.8476767539978027
YKR064W,YJL173C,0,0.161237,0.09888339787721634,0.9303030371665955,0.847777783870697
YIL007C,YMR133W,0,0.16036488,0.09887278825044632,0.9303030371665955,0.8478788137435913
YPL141C,YKL149C,0,0.16015923,0.0988621711730957,0.9303030371665955,0.8479797840118408
YAR009C,YKL063C,0,0.16011524,0.09885156154632568,0.9303030371665955,0.8480808138847351
YBR029C,YFL035C-A,0,0.16009153,0.09884095191955566,0.9303030371665955,0.8481818437576294
YBR248C,YFL018W-A,0,0.16006097,0.09883034974336624,0.9303030371665955,0.8482828140258789
YJR120W,YNL066W,1,0.16001411,0.09892703592777252,0.931313157081604,0.8482828140258789
YBR268W,YBR090C-A,0,0.16000693,0.0989164263010025,0.931313157081604,0.8483838438987732
YKR078W,YAL051W,0,0.15994905,0.09890581667423248,0.931313157081604,0.8484848737716675
YNL199C,YHR169W,0,0.15927696,0.09889520704746246,0.931313157081604,0.848585844039917
YAL019W,YER071C,0,0.15854973,0.09888459742069244,0.931313157081604,0.8486868739128113
YKR075C,YDR168W,0,0.15851107,0.09887399524450302,0.931313157081604,0.8487879037857056
YJR150C,YMR091C,0,0.1581822,0.0988633930683136,0.931313157081604,0.8488888740539551
YER005W,YBR100W,0,0.1573882,0.09885279089212418,0.931313157081604,0.8489899039268494
YHR148W,YKL048C,0,0.15732822,0.09884219616651535,0.931313157081604,0.8490909337997437
YGR060W,YKL060C,0,0.15732573,0.09883160144090652,0.931313157081604,0.8491919040679932
YJL013C,YCR005C,0,0.15659666,0.0988210067152977,0.931313157081604,0.8492929339408875
YOL069W,YGR055W,0,0.15631063,0.09881041944026947,0.931313157081604,0.8493939638137817
YJR027W,YBL091C,0,0.15630756,0.09879983216524124,0.931313157081604,0.8494949340820312
YIL019W,YGR296W,0,0.1562151,0.09878924489021301,0.931313157081604,0.8495959639549255
YOR049C,YMR226C,0,0.15618077,0.09877865761518478,0.931313157081604,0.8496969938278198
YLR411W,YFR025C,0,0.15555727,0.09876807779073715,0.931313157081604,0.8497979640960693
YML100W,YMR101C,0,0.1552533,0.09875749796628952,0.931313157081604,0.8498989939689636
YGL144C,YDL012C,0,0.15525,0.09874691814184189,0.931313157081604,0.8500000238418579
YBR060C,YKL063C,0,0.15507442,0.09873634576797485,0.931313157081604,0.8501009941101074
YNL199C,YDL223C,0,0.15415318,0.09872577339410782,0.931313157081604,0.8502020239830017
YPL156C,YBR162C,0,0.1541199,0.09871520102024078,0.931313157081604,0.850303053855896
YDL093W,YDR045C,0,0.15388875,0.09870463609695435,0.931313157081604,0.8504040241241455
YLR277C,YMR156C,0,0.1538711,0.09869407117366791,0.931313157081604,0.8505050539970398
YKL033W,YPR097W,0,0.15386139,0.09868350625038147,0.931313157081604,0.8506060838699341
YHR033W,YDR284C,0,0.1529886,0.09867294877767563,0.931313157081604,0.8507070541381836
YNL247W,YIL130W,0,0.15295789,0.09866238385438919,0.931313157081604,0.8508080840110779
YAL002W,YLR054C,0,0.15278137,0.09865182638168335,0.931313157081604,0.8509091138839722
YPL207W,YFL035C-A,0,0.15274216,0.0986412763595581,0.931313157081604,0.8510100841522217
YLR390W-A,YKL141W,0,0.15270062,0.09863072633743286,0.931313157081604,0.851111114025116
YJR132W,YDR289C,0,0.15248157,0.09862017631530762,0.931313157081604,0.8512121438980103
YML133C,YOL132W,0,0.15224704,0.09860962629318237,0.931313157081604,0.8513131141662598
YOL076W,YOR266W,1,0.15203212,0.09870602190494537,0.9323232173919678,0.8513131141662598
YHR009C,YDR273W,0,0.15177354,0.09869546443223953,0.9323232173919678,0.851414144039154
YGL063W,YBR085W,0,0.15148877,0.09868491441011429,0.9323232173919678,0.8515151739120483
YDL119C,YJL196C,0,0.15142313,0.09867436438798904,0.9323232173919678,0.8516161441802979
YPR175W,YPR034W,0,0.1513485,0.0986638143658638,0.9323232173919678,0.8517171740531921
YIL147C,YOL086W-A,0,0.15088885,0.09865327179431915,0.9323232173919678,0.8518182039260864
YPL171C,YCR106W,0,0.1503848,0.0986427292227745,0.9323232173919678,0.8519191741943359
YDR515W,YPR010C,0,0.15030108,0.09863218665122986,0.9323232173919678,0.8520202040672302
YOR262W,YOR081C,0,0.14980362,0.09862164407968521,0.9323232173919678,0.8521212339401245
YMR059W,YPL175W,0,0.14972343,0.09861110895872116,0.9323232173919678,0.852222204208374
YHR185C,YHR088W,0,0.1494814,0.09860057383775711,0.9323232173919678,0.8523232340812683
YHR185C,YGL104C,0,0.14945576,0.09859004616737366,0.9323232173919678,0.8524242639541626
YHR120W,YMR035W,1,0.14922856,0.09868631511926651,0.9333333373069763,0.8524242639541626
YKR079C,YMR091C,0,0.14896847,0.09867577999830246,0.9333333373069763,0.8525252342224121
YOR250C,YHR197W,0,0.14888486,0.09866524487733841,0.9333333373069763,0.8526262640953064
YML082W,YML047C,0,0.14872842,0.09865470975637436,0.9333333373069763,0.8527272939682007
YDL235C,YMR009W,0,0.14866233,0.09864417463541031,0.9333333373069763,0.8528282642364502
YCL068C,YBR193C,0,0.14851752,0.09863364696502686,0.9333333373069763,0.8529292941093445
YCL029C,YGR170W,0,0.14851077,0.0986231192946434,0.9333333373069763,0.8530303239822388
YOR267C,YIL030C,0,0.1484135,0.09861259162425995,0.9333333373069763,0.8531312942504883
YEL051W,YJL208C,0,0.14825897,0.09860207140445709,0.9333333373069763,0.8532323241233826
YBL080C,YJL216C,0,0.1478541,0.09859155118465424,0.9333333373069763,0.8533333539962769
YDR430C,YMR133W,0,0.14776964,0.09858103096485138,0.9333333373069763,0.8534343242645264
YLR223C,YIL068C,0,0.14727198,0.09857051074504852,0.9333333373069763,0.8535353541374207
YHR118C,YNL063W,0,0.14692348,0.09855999797582626,0.9333333373069763,0.8536363840103149
YHL003C,YFR038W,0,0.1466542,0.098549485206604,0.9333333373069763,0.8537373542785645
YPR114W,YGL167C,0,0.14659297,0.09853897988796234,0.9333333373069763,0.8538383841514587
YFL018W-A,YJL197W,0,0.14636286,0.09852847456932068,0.9333333373069763,0.853939414024353
YML045W,YBR028C,0,0.14604697,0.09851796925067902,0.9333333373069763,0.8540403842926025
YFL035C-B,YLR249W,0,0.14597544,0.09850746393203735,0.9333333373069763,0.8541414141654968
YGR235C,YPL280W,0,0.14591369,0.09849695861339569,0.9333333373069763,0.8542424440383911
YHR122W,YHR170W,0,0.14582126,0.09848646074533463,0.9333333373069763,0.8543434143066406
YLR004C,YOR383C,0,0.1457167,0.09847597032785416,0.9333333373069763,0.8544444441795349
YIL068C,YDR040C,0,0.14540865,0.09846547245979309,0.9333333373069763,0.8545454740524292
YKL134C,YOR060C,1,0.1451922,0.09856153279542923,0.9343434572219849,0.8545454740524292
YGR078C,YHL025W,0,0.14515892,0.09855103492736816,0.9343434572219849,0.8546464443206787
YKL138C-A,YKL029C,0,0.14499159,0.0985405370593071,0.9343434572219849,0.854747474193573
YFL035C-B,YKL006C-A,0,0.14488326,0.09853003919124603,0.9343434572219849,0.8548485040664673
YGR178C,YDR398W,0,0.144656,0.09851954132318497,0.9343434572219849,0.8549494743347168
YGL144C,YCL012W,0,0.14440665,0.0985090509057045,0.9343434572219849,0.8550505042076111
YFL018W-A,YGL127C,0,0.14428793,0.09849856048822403,0.9343434572219849,0.8551515340805054
YJL212C,YBL047C,0,0.14426957,0.09848807752132416,0.9343434572219849,0.8552525043487549
YML041C,YIL096C,0,0.14371543,0.09847758710384369,0.9343434572219849,0.8553535342216492
YGL067W,YIL144W,0,0.14345685,0.09846710413694382,0.9343434572219849,0.8554545640945435
YGL025C,YDR021W,0,0.14327666,0.09845662862062454,0.9343434572219849,0.855555534362793
YLR426W,YFR034C,0,0.14324257,0.09844614565372467,0.9343434572219849,0.8556565642356873
YEL032W,YHR090C,0,0.14319311,0.0984356701374054,0.9343434572219849,0.8557575941085815
YJR041C,YNR071C,0,0.1430983,0.09842519462108612,0.9343434572219849,0.855858564376831
YNL233W,YKL079W,0,0.14302002,0.09841472655534744,0.9343434572219849,0.8559595942497253
YNL250W,YLR426W,0,0.14275172,0.09840425848960876,0.9343434572219849,0.8560606241226196
YOR018W,YER071C,0,0.14271136,0.09839379042387009,0.9343434572219849,0.8561615943908691
YJL094C,YGR122W,0,0.14269769,0.09838332235813141,0.9343434572219849,0.8562626242637634
YMR063W,YNL240C,0,0.14255631,0.09837286174297333,0.9343434572219849,0.8563636541366577
YKR096W,YBR003W,0,0.14245412,0.09836240112781525,0.9343434572219849,0.8564646244049072
YDL134C-A,YKR049C,0,0.14176808,0.09835194051265717,0.9343434572219849,0.8565656542778015
YKL149C,YNL194C,0,0.14176747,0.09834148734807968,0.9343434572219849,0.8566666841506958
YGL240W,YNL065W,0,0.14137723,0.0983310267329216,0.9343434572219849,0.8567676544189453
YDL134C-A,YCR038C,0,0.14137389,0.09832058101892471,0.9343434572219849,0.8568686842918396
YMR076C,YLL053C,0,0.1410396,0.09831012785434723,0.9343434572219849,0.8569697141647339
YOR250C,YDR437W,0,0.14008021,0.09829968214035034,0.9343434572219849,0.8570706844329834
YOR316C,YOR079C,0,0.13996442,0.09828923642635345,0.9343434572219849,0.8571717143058777
YNR032C-A,YJR027W,0,0.1399401,0.09827879071235657,0.9343434572219849,0.857272744178772
YDR439W,YDR438W,0,0.13947268,0.09826835244894028,0.9343434572219849,0.8573737144470215
YPR097W,YGR142W,0,0.13946655,0.09825791418552399,0.9343434572219849,0.8574747443199158
YNL145W,YHR170W,0,0.13881329,0.0982474759221077,0.9343434572219849,0.8575757741928101
YAL002W,YBR054W,0,0.13877913,0.098237045109272,0.9343434572219849,0.8576767444610596
YML107C,YDR108W,0,0.13862547,0.09822661429643631,0.9343434572219849,0.8577777743339539
YDR439W,YFL035C-A,0,0.1384818,0.09821618348360062,0.9343434572219849,0.8578788042068481
YPR169W,YDR179C,0,0.13802655,0.09820575267076492,0.9343434572219849,0.8579797744750977
YPL198W,YFL035C-A,0,0.13766296,0.09819532930850983,0.9343434572219849,0.8580808043479919
YLR059C,YNL066W,1,0.13758644,0.0982910543680191,0.9353535175323486,0.8580808043479919
YAR009C,YEL048C,0,0.13757715,0.09828061610460281,0.9353535175323486,0.8581818342208862
YDL105W,YER033C,0,0.13733597,0.09827019274234772,0.9353535175323486,0.8582828044891357
YLR234W,YLR337C,0,0.13731156,0.09825976192951202,0.9353535175323486,0.85838383436203
YKR079C,YER093C,0,0.13723533,0.09824933856725693,0.9353535175323486,0.8584848642349243
YDR398W,YIR026C,0,0.13719659,0.09823891520500183,0.9353535175323486,0.8585858345031738
YAR042W,YFR040W,0,0.13716052,0.09822849184274673,0.9353535175323486,0.8586868643760681
YBR119W,YLR451W,0,0.13707976,0.09821807593107224,0.9353535175323486,0.8587878942489624
YDR268W,YFR040W,0,0.13699995,0.09820766001939774,0.9353535175323486,0.8588888645172119
YPL168W,YNR024W,0,0.1367728,0.09819724410772324,0.9353535175323486,0.8589898943901062
YOL132W,YPL168W,0,0.1367552,0.09818682819604874,0.9353535175323486,0.8590909242630005
YBL080C,YOR032C,0,0.13650785,0.09817641973495483,0.9353535175323486,0.85919189453125
YDR111C,YGL070C,0,0.13627838,0.09816601127386093,0.9353535175323486,0.8592929244041443
YJL181W,YGR170W,0,0.1357028,0.09815561026334763,0.9353535175323486,0.8593939542770386
YDR019C,YAL026C,0,0.13519463,0.09814520180225372,0.9353535175323486,0.8594949245452881
YBR211C,YPL183C,0,0.13518618,0.09813480079174042,0.9353535175323486,0.8595959544181824
YJL057C,YBR003W,0,0.1351309,0.09812440723180771,0.9353535175323486,0.8596969842910767
YHR148W,YNR024W,0,0.13508849,0.0981140062212944,0.9353535175323486,0.8597979545593262
YAR042W,YPR010C,0,0.1348993,0.0981036126613617,0.9353535175323486,0.8598989844322205
YEL019C,YGR129W,0,0.13476636,0.09809321910142899,0.9353535175323486,0.8600000143051147
YOR019W,YOR357C,0,0.13466685,0.09808283299207687,0.9353535175323486,0.8601009845733643
YNL194C,YHR118C,0,0.13438499,0.09807243943214417,0.9353535175323486,0.8602020144462585
YDR078C,YJL069C,0,0.13434397,0.09806205332279205,0.9353535175323486,0.8603030443191528
YNL240C,YBL091C,0,0.13421863,0.09805167466402054,0.9353535175323486,0.8604040145874023
YMR063W,YKR075C,0,0.13382556,0.09804128855466843,0.9353535175323486,0.8605050444602966
YNL214W,YER108C,0,0.13373321,0.09803090989589691,0.9353535175323486,0.8606060743331909
YKL063C,YOR110W,0,0.13335757,0.098020538687706,0.9353535175323486,0.8607070446014404
YIR019C,YNL065W,0,0.13308713,0.09801016002893448,0.9353535175323486,0.8608080744743347
YOL069W,YEL027W,0,0.13287947,0.09799978882074356,0.9353535175323486,0.860909104347229
YDR092W,YKR034W,0,0.13274257,0.09798941761255264,0.9353535175323486,0.8610100746154785
YJL021C,YOR250C,0,0.13255805,0.09797904640436172,0.9353535175323486,0.8611111044883728
YFR047C,YJL013C,0,0.13239232,0.0979686826467514,0.9353535175323486,0.8612121343612671
YJL167W,YHR138C,0,0.13231103,0.09795831888914108,0.9353535175323486,0.8613131046295166
YOR262W,YPL130W,0,0.1322305,0.09794795513153076,0.9353535175323486,0.8614141345024109
YOL084W,YHL021C,0,0.13219903,0.09793759882450104,0.9353535175323486,0.8615151643753052
YJL021C,YBL025W,0,0.132099,0.09792724251747131,0.9353535175323486,0.8616161346435547
YHL038C,YOR341W,0,0.13191609,0.09791688621044159,0.9353535175323486,0.861717164516449
YDR190C,YOR271C,0,0.13181266,0.09790653735399246,0.9353535175323486,0.8618181943893433
YHR103W,YDR075W,0,0.13161267,0.09789618104696274,0.9353535175323486,0.8619191646575928
YDR463W,YCL048W,0,0.13158645,0.09788583219051361,0.9353535175323486,0.8620201945304871
YDL154W,YMR050C,0,0.13158189,0.09787549078464508,0.9353535175323486,0.8621212244033813
YFR031C-A,YHL026C,0,0.13149722,0.09786514192819595,0.9353535175323486,0.8622221946716309
YPR110C,YIL014W,0,0.13138177,0.09785480052232742,0.9353535175323486,0.8623232245445251
YLR154W-C,YLR435W,0,0.13125612,0.09784446656703949,0.9353535175323486,0.8624242544174194
YOR192C,YGL045W,0,0.13118939,0.09783412516117096,0.9353535175323486,0.862525224685669
YOL095C,YNL066W,1,0.13095368,0.09792943298816681,0.9363636374473572,0.862525224685669
YJL212C,YBR146W,0,0.13021593,0.09791908413171768,0.9363636374473572,0.8626262545585632
YLR315W,YER071C,0,0.1301971,0.09790874272584915,0.9363636374473572,0.8627272844314575
YKR100C,YLR154W-C,0,0.1294725,0.09789840877056122,0.9363636374473572,0.862828254699707
YBR153W,YHR139C,0,0.12925601,0.09788806736469269,0.9363636374473572,0.8629292845726013
YDR463W,YHL026C,0,0.12898834,0.09787773340940475,0.9363636374473572,0.8630303144454956
YPL076W,YLL021W,0,0.12892373,0.09786739945411682,0.9363636374473572,0.8631312847137451
YOR250C,YOL078W,0,0.12884192,0.09785706549882889,0.9363636374473572,0.8632323145866394
YEL024W,YPL021W,0,0.12867881,0.09784673899412155,0.9363636374473572,0.8633333444595337
YPR106W,YFR053C,0,0.12845041,0.09783641248941422,0.9363636374473572,0.8634343147277832
YLR223C,YOR048C,0,0.12836765,0.09782608598470688,0.9363636374473572,0.8635353446006775
YNL214W,YKL099C,0,0.12831126,0.09781576693058014,0.9363636374473572,0.8636363744735718
YPL116W,YEL032W,0,0.12812059,0.0978054478764534,0.9363636374473572,0.8637373447418213
YDR227W,YHR020W,0,0.12777899,0.09779512882232666,0.9363636374473572,0.8638383746147156
YER062C,YER063W,0,0.12738816,0.09778480976819992,0.9363636374473572,0.8639394044876099
YFL025C,YFL005W,0,0.12736998,0.09777449816465378,0.9363636374473572,0.8640403747558594
YKL063C,YER060W-A,0,0.12729187,0.09776418656110764,0.9363636374473572,0.8641414046287537
YPR106W,YNL176C,0,0.1271882,0.09775387495756149,0.9363636374473572,0.864242434501648
YDL093W,YLR092W,0,0.12704545,0.09774357080459595,0.9363636374473572,0.8643434047698975
YFR016C,YLR247C,0,0.126542,0.0977332666516304,0.9363636374473572,0.8644444346427917
YBL100W-B,YLR115W,0,0.12641814,0.09772296249866486,0.9363636374473572,0.864545464515686
YDR469W,YGL085W,0,0.125573,0.09771265834569931,0.9363636374473572,0.8646464943885803
YDL134C-A,YOR372C,0,0.12548268,0.09770236164331436,0.9363636374473572,0.8647474646568298
YER123W,YPL183C,0,0.12530072,0.09769206494092941,0.9363636374473572,0.8648484945297241
YLR052W,YJL208C,0,0.12522088,0.09768176823854446,0.9363636374473572,0.8649495244026184
YLR277C,YDR308C,0,0.12509517,0.09767147898674011,0.9363636374473572,0.8650504946708679
YIL022W,YLR059C,1,0.124979496,0.09776654094457626,0.9373737573623657,0.8650504946708679
YGR082W,YLL018C-A,1,0.1249782,0.09786158055067062,0.9383838176727295,0.8650504946708679
YDR361C,YPL189W,0,0.1248709,0.09785127639770508,0.9383838176727295,0.8651515245437622
YOR091W,YJL216C,0,0.124714166,0.09784097224473953,0.9383838176727295,0.8652525544166565
YOR004W,YIL167W,0,0.12450653,0.09783066809177399,0.9383838176727295,0.865353524684906
YDR111C,YPL056C,0,0.12442295,0.09782036393880844,0.9383838176727295,0.8654545545578003
YCL029C,YNL199C,0,0.12428932,0.09781006723642349,0.9383838176727295,0.8655555844306946
YNL317W,YCR021C,0,0.12386316,0.09779977053403854,0.9383838176727295,0.8656565546989441
YMR118C,YDR284C,0,0.12379886,0.0977894738316536,0.9383838176727295,0.8657575845718384
YMR207C,YDR087C,0,0.12377779,0.09777918457984924,0.9383838176727295,0.8658586144447327
YOR087W,YLL053C,0,0.12350495,0.0977688878774643,0.9383838176727295,0.8659595847129822
YHR035W,YOR241W,0,0.123159945,0.09775860607624054,0.9383838176727295,0.8660606145858765
YBL056W,YFL035C-B,0,0.122572765,0.09774831682443619,0.9383838176727295,0.8661616444587708
YNL181W,YGL144C,0,0.1224889,0.09773803502321243,0.9383838176727295,0.8662626147270203
YMR230W,YKR095W,0,0.12232721,0.09772775322198868,0.9383838176727295,0.8663636445999146
YFR024C-A,YFL049W,0,0.1221506,0.09771747142076492,0.9383838176727295,0.8664646744728088
YGL092W,YPL253C,0,0.121934384,0.09770719707012177,0.9383838176727295,0.8665656447410583
YPL179W,YGR094W,0,0.12177819,0.09769691526889801,0.9383838176727295,0.8666666746139526
YMR063W,YBR016W,0,0.12163165,0.09768664836883545,0.9383838176727295,0.8667677044868469
YLL066C,YER093C,0,0.121460795,0.09767637401819229,0.9383838176727295,0.8668686747550964
YNL243W,YJR096W,0,0.12138337,0.09766610711812973,0.9383838176727295,0.8669697046279907
YPR017C,YKL058W,0,0.12131679,0.09765584021806717,0.9383838176727295,0.867070734500885
YHR088W,YPL233W,0,0.12124805,0.09764557331800461,0.9383838176727295,0.8671717047691345
YDL098C,YPL100W,0,0.12121908,0.09763531386852264,0.9383838176727295,0.8672727346420288
YNL036W,YIL173W,0,0.12082659,0.09762505441904068,0.9383838176727295,0.8673737645149231
YKL016C,YER071C,0,0.12065026,0.09761479496955872,0.9383838176727295,0.8674747347831726
YPL058C,YER108C,0,0.120623186,0.09760453552007675,0.9383838176727295,0.8675757646560669
YGR244C,YDR317W,0,0.12052727,0.09759428352117538,0.9383838176727295,0.8676767945289612
YFR024C,YGR094W,0,0.12005176,0.09758403152227402,0.9383838176727295,0.8677777647972107
YJR046W,YCR063W,0,0.11987133,0.09757378697395325,0.9383838176727295,0.867878794670105
YNL190W,YDR160W,0,0.11986847,0.09756353497505188,0.9383838176727295,0.8679798245429993
YOL098C,YNL161W,0,0.11971523,0.09755329042673111,0.9383838176727295,0.8680807948112488
YDR108W,YBR100W,0,0.11956309,0.09754304587841034,0.9383838176727295,0.8681818246841431
YDR300C,YER060W,0,0.11938916,0.09753280878067017,0.9383838176727295,0.8682828545570374
YPL198W,YGL231C,0,0.11892985,0.09752257168292999,0.9383838176727295,0.8683838248252869
YKL145W,YBL051C,0,0.1183314,0.09751233458518982,0.9383838176727295,0.8684848546981812
YPL141C,YNL036W,0,0.118313774,0.09750209748744965,0.9383838176727295,0.8685858845710754
YLR411W,YCR091W,0,0.118000105,0.09749186784029007,0.9383838176727295,0.868686854839325
YLR377C,YPR174C,0,0.11753014,0.0974816381931305,0.9383838176727295,0.8687878847122192
YNL145W,YJR153W,0,0.11748168,0.09747140854597092,0.9383838176727295,0.8688889145851135
YBR188C,YLR175W,0,0.11723785,0.09746118634939194,0.9383838176727295,0.868989884853363
YNL233W,YLR293C,0,0.117170006,0.09745095670223236,0.9383838176727295,0.8690909147262573
YER040W,YJR054W,0,0.11659756,0.09744074195623398,0.9383838176727295,0.8691919445991516
YML133C,YML031W,0,0.11648393,0.097430519759655,0.9383838176727295,0.8692929148674011
YLL031C,YJL021C,0,0.116417766,0.09742030501365662,0.9383838176727295,0.8693939447402954
YHR165C,YGL231C,0,0.115893096,0.09741009026765823,0.9383838176727295,0.8694949746131897
YDR045C,YNL065W,0,0.11587697,0.09739987552165985,0.9383838176727295,0.8695959448814392
YCR031C,YHR020W,0,0.115736306,0.09738966077566147,0.9383838176727295,0.8696969747543335
YDR213W,YGR120C,0,0.11568023,0.09737945348024368,0.9383838176727295,0.8697980046272278
YCL005W-A,YDL209C,0,0.11509977,0.0973692461848259,0.9383838176727295,0.8698989748954773
YLR411W,YDR160W,0,0.11499201,0.09735904633998871,0.9383838176727295,0.8700000047683716
YOL154W,YGL096W,0,0.11489838,0.09734883904457092,0.9383838176727295,0.8701010346412659
YJL212C,YEL032W,0,0.11488317,0.09733863919973373,0.9383838176727295,0.8702020049095154
YLR323C,YBR028C,0,0.114794865,0.09732844680547714,0.9383838176727295,0.8703030347824097
YLL031C,YHL026C,0,0.11459248,0.09731824696063995,0.9383838176727295,0.870404064655304
YKR064W,YKL048C,0,0.113792375,0.09730805456638336,0.9383838176727295,0.8705050349235535
YHR120W,YOR060C,1,0.11377835,0.09740259498357773,0.939393937587738,0.8705050349235535
YKL138C-A,YLR115W,0,0.11377059,0.09739239513874054,0.939393937587738,0.8706060647964478
YLL048C,YNL132W,0,0.113712,0.09738219529390335,0.939393937587738,0.870707094669342
YKL191W,YCL064C,0,0.11360246,0.09737200289964676,0.939393937587738,0.8708080649375916
YLL018C-A,YJR118C,1,0.113030255,0.09746649861335754,0.9404040575027466,0.8708080649375916
YDR007W,YPR148C,0,0.112987086,0.09745629876852036,0.9404040575027466,0.8709090948104858
YGR204W,YDR108W,0,0.11273162,0.09744609892368317,0.9404040575027466,0.8710101246833801
YHR214W,YER032W,0,0.11243306,0.09743589907884598,0.9404040575027466,0.8711110949516296
YPR114W,YBR181C,0,0.11122143,0.09742569923400879,0.9404040575027466,0.8712121248245239
YLL018C-A,YLL006W,1,0.111111596,0.0975201427936554,0.9414141178131104,0.8712121248245239
YOR252W,YHR006W,0,0.11092855,0.0975099429488182,0.9414141178131104,0.8713131546974182
YBR130C,YKL048C,0,0.11080156,0.09749973565340042,0.9414141178131104,0.8714141249656677
YOR018W,YMR232W,0,0.11019841,0.09748954325914383,0.9414141178131104,0.871515154838562
YAL011W,YOR009W,0,0.10990785,0.09747934341430664,0.9414141178131104,0.8716161847114563
YKL054C,YJR054W,0,0.10975489,0.09746915102005005,0.9414141178131104,0.8717171549797058
YDR361C,YPL168W,0,0.10924709,0.09745895862579346,0.9414141178131104,0.8718181848526001
YIL098C,YMR275C,1,0.10923903,0.0975533276796341,0.9424242377281189,0.8718181848526001
YNL051W,YGR003W,0,0.10899001,0.0975431278347969,0.9424242377281189,0.8719192147254944
YHR202W,YJL212C,0,0.10873602,0.09753292798995972,0.9424242377281189,0.8720201849937439
YGR057C,YDL076C,0,0.108668536,0.09752273559570312,0.9424242377281189,0.8721212148666382
YCR016W,YPR174C,0,0.10839184,0.09751254320144653,0.9424242377281189,0.8722222447395325
YGL027C,YGR138C,0,0.1083231,0.09750235080718994,0.9424242377281189,0.872323215007782
YFR025C,YLL057C,0,0.108018905,0.09749216586351395,0.9424242377281189,0.8724242448806763
YNL294C,YOL052C-A,0,0.10791205,0.09748197346925735,0.9424242377281189,0.8725252747535706
YJL012C,YGL064C,0,0.10765898,0.09747179597616196,0.9424242377281189,0.8726262450218201
YLR189C,YKL077W,0,0.10735543,0.09746161103248596,0.9424242377281189,0.8727272748947144
YNR071C,YLR260W,0,0.10727915,0.09745143353939056,0.9424242377281189,0.8728283047676086
YJR132W,YBR043C,0,0.10719733,0.09744125604629517,0.9424242377281189,0.8729292750358582
YNL038W,YKL058W,0,0.10719086,0.09743107855319977,0.9424242377281189,0.8730303049087524
YJL058C,YDL139C,0,0.10716292,0.09742090106010437,0.9424242377281189,0.8731313347816467
YFR024C,YJL197W,0,0.10714947,0.09741073101758957,0.9424242377281189,0.8732323050498962
YPL168W,YLR189C,0,0.10667911,0.09740056097507477,0.9424242377281189,0.8733333349227905
YDL134C-A,YDL113C,0,0.106620386,0.09739039838314056,0.9424242377281189,0.8734343647956848
YOR383C,YML092C,0,0.10650273,0.09738022834062576,0.9424242377281189,0.8735353350639343
YHR035W,YMR125W,0,0.10615112,0.09737006574869156,0.9424242377281189,0.8736363649368286
YHR110W,YGL085W,0,0.10557343,0.09735991060733795,0.9424242377281189,0.8737373948097229
YOL076W,YLR059C,1,0.1053188,0.09745409339666367,0.9434343576431274,0.8737373948097229
YOR091W,YDR045C,0,0.1051891,0.09744392335414886,0.9434343576431274,0.8738383650779724
YHR185C,YPL146C,0,0.10501963,0.09743376076221466,0.9434343576431274,0.8739393949508667
YPL234C,YOR341W,0,0.10481091,0.09742359817028046,0.9434343576431274,0.874040424823761
YDL175C,YLR328W,0,0.10394359,0.09741343557834625,0.9434343576431274,0.8741413950920105
YBR090C-A,YBR003W,0,0.10373512,0.09740327298641205,0.9434343576431274,0.8742424249649048
YCR086W,YBR085W,0,0.10336736,0.09739311784505844,0.9434343576431274,0.8743434548377991
YLL018C-A,YPR131C,1,0.10325663,0.09748722612857819,0.9444444179534912,0.8743434548377991
YOR027W,YMR153W,0,0.10269214,0.09747706353664398,0.9444444179534912,0.8744444251060486
YLR234W,YHL025W,0,0.10258788,0.09746690094470978,0.9444444179534912,0.8745454549789429
YMR059W,YIL173W,0,0.10246314,0.09745674580335617,0.9444444179534912,0.8746464848518372
YJR048W,YLR001C,0,0.10211189,0.09744658321142197,0.9444444179534912,0.8747474551200867
YCL016C,YGL151W,0,0.10209209,0.09743643552064896,0.9444444179534912,0.874848484992981
YKR027W,YJL089W,0,0.10188782,0.09742628037929535,0.9444444179534912,0.8749495148658752
YGR202C,YDL134C-A,0,0.10158835,0.09741612523794174,0.9444444179534912,0.8750504851341248
YDR004W,YDR303C,0,0.10142098,0.09740597754716873,0.9444444179534912,0.875151515007019
YPL075W,YJL216C,0,0.10138999,0.09739582985639572,0.9444444179534912,0.8752525448799133
YFR024C,YMR063W,0,0.101280555,0.09738568961620331,0.9444444179534912,0.8753535151481628
YEL039C,YMR074C,0,0.101153836,0.0973755493760109,0.9444444179534912,0.8754545450210571
YNL251C,YLR435W,0,0.10101375,0.09736540913581848,0.9444444179534912,0.8755555748939514
YHL025W,YNL065W,0,0.10049255,0.09735526889562607,0.9444444179534912,0.8756565451622009
YLL031C,YDR045C,0,0.10012002,0.09734513610601425,0.9444444179534912,0.8757575750350952
YHR079C-B,YGL105W,0,0.09994176,0.09733499586582184,0.9444444179534912,0.8758586049079895
YLR411W,YKR095W-A,0,0.099920705,0.09732487052679062,0.9444444179534912,0.875959575176239
YHL017W,YMR158W,0,0.09990283,0.0973147377371788,0.9444444179534912,0.8760606050491333
YGR181W,YLR059C,1,0.099824324,0.09740868210792542,0.9454545378684998,0.8760606050491333
YFL035C-B,YDR395W,0,0.09966341,0.097398541867733,0.9454545378684998,0.8761616349220276
YLR007W,YDR437W,0,0.0995553,0.09738840907812119,0.9454545378684998,0.8762626051902771
YPL061W,YOL086W-A,0,0.09953911,0.09737827628850937,0.9454545378684998,0.8763636350631714
YEL020W-A,YOL095C,1,0.099413216,0.0974721759557724,0.9464646577835083,0.8763636350631714
YHR120W,YGL219C,1,0.09915456,0.09756604582071304,0.9474747180938721,0.8763636350631714
YPR154W,YFR024C,0,0.0990525,0.09755590558052063,0.9474747180938721,0.8764646649360657
YHR079C-B,YOR086C,0,0.0985571,0.09754575788974762,0.9474747180938721,0.8765656352043152
YNL294C,YMR177W,0,0.09812178,0.0975356176495552,0.9474747180938721,0.8766666650772095
YOR191W,YER071C,0,0.0980099,0.0975254699587822,0.9474747180938721,0.8767676949501038
YOL098C,YMR243C,0,0.09791759,0.09751533716917038,0.9474747180938721,0.8768686652183533
YOR045W,YHR120W,1,0.097507745,0.09760914742946625,0.9484848380088806,0.8768686652183533
YBR107C,YKR052C,0,0.09702884,0.09759899973869324,0.9484848380088806,0.8769696950912476
YHR108W,YLR460C,0,0.097007155,0.09758885949850082,0.9484848380088806,0.8770707249641418
YPL116W,YKR096W,0,0.09676112,0.09757871925830841,0.9484848380088806,0.8771716952323914
YNL194C,YGL144C,0,0.09672012,0.097568579018116,0.9484848380088806,0.8772727251052856
YPR174C,YGL111W,0,0.09627733,0.09755843877792358,0.9484848380088806,0.8773737549781799
YPL141C,YLR196W,0,0.09626584,0.09754830598831177,0.9484848380088806,0.8774747252464294
YLR360W,YDR317W,0,0.09625244,0.09753817319869995,0.9484848380088806,0.8775757551193237
YKL063C,YHL035C,0,0.09599067,0.09752804040908813,0.9484848380088806,0.877676784992218
YML004C,YER071C,0,0.0959434,0.09751791507005692,0.9484848380088806,0.8777777552604675
YNL024C,YLR017W,0,0.09574649,0.0975077897310257,0.9484848380088806,0.8778787851333618
YKR079C,YGL018C,0,0.095661715,0.09749766439199448,0.9484848380088806,0.8779798150062561
YER023W,YBR028C,0,0.09550892,0.09748753905296326,0.9484848380088806,0.8780807852745056
YOL154W,YLR007W,0,0.09548111,0.09747742116451263,0.9484848380088806,0.8781818151473999
YDR108W,YML016C,0,0.09502125,0.09746730327606201,0.9484848380088806,0.8782828450202942
YGR202C,YDR244W,0,0.094941214,0.09745718538761139,0.9484848380088806,0.8783838152885437
YER056C,YLR215C,0,0.09479837,0.09744707494974136,0.9484848380088806,0.878484845161438
YPL221W,YOL086W-A,0,0.094478175,0.09743696451187134,0.9484848380088806,0.8785858750343323
YNL214W,YDL211C,0,0.09407768,0.09742685407400131,0.9484848380088806,0.8786868453025818
YOR101W,YLR007W,0,0.093918994,0.09741674363613129,0.9484848380088806,0.8787878751754761
YNR048W,YBR085W,0,0.093890265,0.09740664064884186,0.9484848380088806,0.8788889050483704
YMR232W,YAL068C,0,0.093024835,0.09739653766155243,0.9484848380088806,0.8789898753166199
YDR145W,YNR071C,0,0.09269887,0.097386434674263,0.9484848380088806,0.8790909051895142
YNL263C,YLR215C,0,0.09256959,0.09737633168697357,0.9484848380088806,0.8791919350624084
YLR092W,YJR054W,0,0.09214695,0.09736623615026474,0.9484848380088806,0.879292905330658
YMR274C,YDR078C,0,0.09184818,0.09735614061355591,0.9484848380088806,0.8793939352035522
YNR038W,YHR014W,0,0.09142099,0.09734605252742767,0.9484848380088806,0.8794949650764465
YDR441C,YBR043C,0,0.0910667,0.09733595699071884,0.9484848380088806,0.879595935344696
YGL246C,YLR284C,0,0.09093657,0.0973258689045906,0.9484848380088806,0.8796969652175903
YBR029C,YOR081C,0,0.0904524,0.09731578081846237,0.9484848380088806,0.8797979950904846
YOR262W,YPR086W,0,0.08987187,0.09730570018291473,0.9484848380088806,0.8798989653587341
YOL098C,YDR384C,0,0.08986089,0.0972956195473671,0.9484848380088806,0.8799999952316284
YIL156W,YFL026W,0,0.08963679,0.09728553891181946,0.9484848380088806,0.8801010251045227
YDR039C,YIL137C,0,0.088993154,0.09727545827627182,0.9484848380088806,0.8802019953727722
YCR105W,YDR100W,0,0.088827774,0.09726538509130478,0.9484848380088806,0.8803030252456665
YOL098C,YIL147C,0,0.08882202,0.09725530445575714,0.9484848380088806,0.8804040551185608
YHL028W,YMR220W,0,0.08873582,0.0972452387213707,0.9484848380088806,0.8805050253868103
YHR006W,YGL226W,0,0.08850062,0.09723516553640366,0.9484848380088806,0.8806060552597046
YPL116W,YIL144W,0,0.0884565,0.09722509980201721,0.9484848380088806,0.8807070851325989
YBR069C,YMR274C,0,0.087924,0.09721503406763077,0.9484848380088806,0.8808080554008484
YDR091C,YJR041C,0,0.08787204,0.09720496833324432,0.9484848380088806,0.8809090852737427
YHR202W,YER123W,0,0.087626085,0.09719491004943848,0.9484848380088806,0.881010115146637
YIL019W,YNL142W,0,0.087503746,0.09718484431505203,0.9484848380088806,0.8811110854148865
YHL003C,YDR406W,0,0.087020874,0.09717479348182678,0.9484848380088806,0.8812121152877808
YLR085C,YDR280W,0,0.08681606,0.09716473519802094,0.9484848380088806,0.881313145160675
YHR185C,YDL139C,0,0.086812004,0.09715468436479568,0.9484848380088806,0.8814141154289246
YPL224C,YPL221W,0,0.08680545,0.09714463353157043,0.9484848380088806,0.8815151453018188
YNL059C,YLR007W,0,0.08666095,0.09713458269834518,0.9484848380088806,0.8816161751747131
YBL100W-B,YPR010C,0,0.08632444,0.09712453186511993,0.9484848380088806,0.8817171454429626
YDR317W,YER015W,0,0.086063,0.09711448848247528,0.9484848380088806,0.8818181753158569
YIL137C,YKR052C,0,0.08564754,0.09710444509983063,0.9484848380088806,0.8819192051887512
YOR192C,YOL032W,0,0.085004374,0.09709440916776657,0.9484848380088806,0.8820201754570007
YJR027W,YKR095W,0,0.084680885,0.09708436578512192,0.9484848380088806,0.882121205329895
YLR377C,YHR202W,0,0.08418685,0.09707432985305786,0.9484848380088806,0.8822222352027893
YMR055C,YPL145C,0,0.08387251,0.0970642939209938,0.9484848380088806,0.8823232054710388
YKR075C,YOR081C,0,0.083828986,0.09705426543951035,0.9484848380088806,0.8824242353439331
YMR158W,YOR009W,0,0.082926214,0.09704422950744629,0.9484848380088806,0.8825252652168274
YBR090C-A,YKL060C,0,0.08285238,0.09703420847654343,0.9484848380088806,0.8826262354850769
YEL019C,YNL025C,0,0.082509056,0.09702417999505997,0.9484848380088806,0.8827272653579712
YGR212W,YDL124W,0,0.08212143,0.09701415151357651,0.9484848380088806,0.8828282952308655
YCR045C,YNR071C,0,0.08189523,0.09700413048267365,0.9484848380088806,0.882929265499115
YLR154W-C,YPR141C,0,0.08161011,0.09699410945177078,0.9484848380088806,0.8830302953720093
YCR065W,YPL235W,0,0.08158107,0.09698409587144852,0.9484848380088806,0.8831313252449036
YOL144W,YBR112C,0,0.08120826,0.09697407484054565,0.9484848380088806,0.8832322955131531
YDR482C,YNL024C,0,0.08087148,0.09696406126022339,0.9484848380088806,0.8833333253860474
YIL087C,YDR040C,0,0.08078936,0.09695405513048172,0.9484848380088806,0.8834343552589417
YJL058C,YER071C,0,0.08072072,0.09694404155015945,0.9484848380088806,0.8835353255271912
YHR205W,YJR046W,0,0.08071099,0.09693403542041779,0.9484848380088806,0.8836363554000854
YBR107C,YPL233W,0,0.08068834,0.09692402929067612,0.9484848380088806,0.8837373852729797
YLR143W,YLL014W,0,0.080502935,0.09691402316093445,0.9484848380088806,0.8838383555412292
YBR043C,YLL014W,0,0.0804404,0.09690402448177338,0.9484848380088806,0.8839393854141235
YLL018C-A,YMR035W,1,0.080360696,0.0969972163438797,0.9494949579238892,0.8839393854141235
YPL141C,YIL137C,0,0.0800422,0.09698720276355743,0.9494949579238892,0.8840404152870178
YHL050C,YCR038C,0,0.07987529,0.09697719663381577,0.9494949579238892,0.8841413855552673
YPL169C,YNL111C,0,0.07912427,0.0969671979546547,0.9494949579238892,0.8842424154281616
YDL003W,YMR183C,0,0.077690616,0.09695719182491302,0.9494949579238892,0.8843434453010559
YLR085C,YHL017W,0,0.077296436,0.09694719314575195,0.9494949579238892,0.8844444155693054
YOR119C,YNL233W,0,0.07674654,0.09693719446659088,0.9494949579238892,0.8845454454421997
YJR120W,YLL018C-A,1,0.076584935,0.09703031182289124,0.9505050778388977,0.8845454454421997
YOR320C,YGL144C,0,0.076584175,0.09702031314373016,0.9505050778388977,0.884646475315094
YMR101C,YHL035C,0,0.0763873,0.0970103070139885,0.9505050778388977,0.8847474455833435
YKL045W,YGR103W,0,0.07626687,0.09700030833482742,0.9505050778388977,0.8848484754562378
YDR227W,YDR087C,0,0.07605229,0.09699030965566635,0.9505050778388977,0.8849495053291321
YJR120W,YMR035W,1,0.07598904,0.09708337485790253,0.9515151381492615,0.8849495053291321
YMR055C,YHR170W,0,0.07561794,0.09707336872816086,0.9515151381492615,0.8850504755973816
YDL154W,YBR023C,0,0.074254975,0.09706337004899979,0.9515151381492615,0.8851515054702759
YPR003C,YMR313C,0,0.073694274,0.09705337136983871,0.9515151381492615,0.8852525353431702
YCR031C,YDL105W,0,0.0735521,0.09704337269067764,0.9515151381492615,0.8853535056114197
YJR123W,YNR038W,0,0.07333088,0.09703337401151657,0.9515151381492615,0.885454535484314
YER177W,YNL063W,0,0.07260956,0.0970233827829361,0.9515151381492615,0.8855555653572083
YLR143W,YLR001C,0,0.07258162,0.09701339155435562,0.9515151381492615,0.8856565952301025
YKL006C-A,YBL014C,0,0.072310075,0.09700340032577515,0.9515151381492615,0.885757565498352
YDR078C,YPL253C,0,0.07200387,0.09699340909719467,0.9515151381492615,0.8858585953712463
YMR076C,YER072W,0,0.07185568,0.0969834253191948,0.9515151381492615,0.8859596252441406
YOL055C,YHR202W,0,0.07181503,0.09697344154119492,0.9515151381492615,0.8860605955123901
YGL104C,YHR157W,0,0.07151909,0.09696345776319504,0.9515151381492615,0.8861616253852844
YBL100W-B,YKL039W,0,0.07146041,0.09695348143577576,0.9515151381492615,0.8862626552581787
YMR175W,YJL083W,0,0.0711288,0.09694349765777588,0.9515151381492615,0.8863636255264282
YAR042W,YNR038W,0,0.07045993,0.0969335287809372,0.9515151381492615,0.8864646553993225
YPL169C,YML047C,0,0.07014017,0.09692355245351791,0.9515151381492615,0.8865656852722168
YGR007W,YGL027C,0,0.069992706,0.09691358357667923,0.9515151381492615,0.8866666555404663
YJL110C,YCR016W,0,0.0699552,0.09690360724925995,0.9515151381492615,0.8867676854133606
YPL056C,YOR249C,0,0.069545805,0.09689364582300186,0.9515151381492615,0.8868687152862549
YKL062W,YOR363C,0,0.06946696,0.09688367694616318,0.9515151381492615,0.8869696855545044
YEL020W-A,YJR120W,1,0.06937008,0.09697655588388443,0.95252525806427,0.8869696855545044
YBR090C-A,YCR018C,0,0.06891029,0.09696657955646515,0.95252525806427,0.8870707154273987
YJR153W,YDL119C,0,0.068674386,0.09695661067962646,0.95252525806427,0.887171745300293
YGL098W,YEL048C,0,0.068584695,0.09694664180278778,0.95252525806427,0.8872727155685425
YHR096C,YFL049W,0,0.06853379,0.0969366803765297,0.95252525806427,0.8873737454414368
YDR435C,YBR218C,0,0.06824054,0.09692671149969101,0.95252525806427,0.887474775314331
YDR213W,YHR201C,0,0.068095416,0.09691675007343292,0.95252525806427,0.8875757455825806
YER056C,YPR114W,0,0.06771946,0.09690679609775543,0.95252525806427,0.8876767754554749
YAR009C,YOR260W,0,0.06753531,0.09689683467149734,0.95252525806427,0.8877778053283691
YLR293C,YGR057C,0,0.06751816,0.09688688069581985,0.95252525806427,0.8878787755966187
YCR016W,YLR143W,0,0.06683327,0.09687692672014236,0.95252525806427,0.8879798054695129
YDL113C,YGR122W,0,0.06681566,0.09686697274446487,0.95252525806427,0.8880808353424072
YEL032W,YGL085W,0,0.065963164,0.09685702621936798,0.95252525806427,0.8881818056106567
YPR188C,YER071C,0,0.06576222,0.09684707969427109,0.95252525806427,0.888282835483551
YFR038W,YMR001C,0,0.065056324,0.0968371331691742,0.95252525806427,0.8883838653564453
YLR426W,YJL173C,0,0.06484139,0.0968271866440773,0.95252525806427,0.8884848356246948
YPL176C,YPR057W,0,0.06432025,0.096817247569561,0.95252525806427,0.8885858654975891
YJL179W,YHL026C,0,0.06424593,0.09680730849504471,0.95252525806427,0.8886868953704834
YOL154W,YOR272W,0,0.06410207,0.09679736942052841,0.95252525806427,0.8887878656387329
YBR180W,YIL167W,0,0.06377383,0.09678743779659271,0.95252525806427,0.8888888955116272
YJR120W,YGL219C,1,0.06280403,0.09688013046979904,0.9535353779792786,0.8888888955116272
YOL132W,YPR120C,0,0.062557325,0.09687019139528275,0.9535353779792786,0.8889899253845215
YKL185W,YHR080C,0,0.062406987,0.09686025232076645,0.9535353779792786,0.889090895652771
YIR019C,YCL035C,0,0.062338073,0.09685031324625015,0.9535353779792786,0.8891919255256653
YCL005W-A,YHR154W,0,0.06228469,0.09684037417173386,0.9535353779792786,0.8892929553985596
YER028C,YNR033W,0,0.062246155,0.09683044254779816,0.9535353779792786,0.8893939256668091
YLR052W,YBR193C,0,0.06202848,0.09682051092386246,0.9535353779792786,0.8894949555397034
YNR032C-A,YBR043C,0,0.06158189,0.09681058675050735,0.9535353779792786,0.8895959854125977
YLL016W,YKL192C,0,0.061473172,0.09680065512657166,0.9535353779792786,0.8896969556808472
YML127W,YDR273W,0,0.060727056,0.09679073095321655,0.9535353779792786,0.8897979855537415
YGR245C,YPL235W,0,0.060689222,0.09678080677986145,0.9535353779792786,0.8898990154266357
YGR007W,YER023W,0,0.06052221,0.09677089005708694,0.9535353779792786,0.8899999856948853
YJL094C,YAL068C,0,0.060443975,0.09676096588373184,0.9535353779792786,0.8901010155677795
YPL210C,YOR011W,0,0.06038111,0.09675104916095734,0.9535353779792786,0.8902020454406738
YDR227W,YDR019C,0,0.060368396,0.09674113243818283,0.9535353779792786,0.8903030157089233
YIL019W,YNR071C,0,0.060239904,0.09673122316598892,0.9535353779792786,0.8904040455818176
YOL078W,YOR011W,0,0.060207944,0.09672131389379501,0.9535353779792786,0.8905050754547119
YML081W,YBR023C,0,0.060131926,0.0967114046216011,0.9535353779792786,0.8906060457229614
YAR009C,YIL008W,0,0.060006995,0.0967014953494072,0.9535353779792786,0.8907070755958557
YGR266W,YHR014W,0,0.0598741,0.09669159352779388,0.9535353779792786,0.89080810546875
YLR019W,YER108C,0,0.059861172,0.09668168425559998,0.9535353779792786,0.8909090757369995
YKR096W,YER155C,0,0.059324395,0.09667178988456726,0.9535353779792786,0.8910101056098938
YLR426W,YLR333C,0,0.05919019,0.09666188806295395,0.9535353779792786,0.8911111354827881
YML023C,YDR468C,0,0.05917504,0.09665199369192123,0.9535353779792786,0.8912121057510376
YOR262W,YGR266W,0,0.05904839,0.09664209932088852,0.9535353779792786,0.8913131356239319
YNL024C,YBR094W,0,0.058983024,0.0966322049498558,0.9535353779792786,0.8914141654968262
YHR154W,YOL078W,0,0.05890159,0.09662231057882309,0.9535353779792786,0.8915151357650757
YHR006W,YKL079W,0,0.058841642,0.09661242365837097,0.9535353779792786,0.89161616563797
YER063W,YNL318C,0,0.05883291,0.09660253673791885,0.9535353779792786,0.8917171955108643
YLR143W,YOR249C,0,0.058665168,0.09659264981746674,0.9535353779792786,0.8918181657791138
YML045W,YHR170W,0,0.05855472,0.09658277034759521,0.9535353779792786,0.8919191956520081
YDL175C,YBR029C,0,0.058437552,0.0965728908777237,0.9535353779792786,0.8920202255249023
YOR191W,YPL076W,0,0.057979297,0.09656301140785217,0.9535353779792786,0.8921211957931519
YKL052C,YKL043W,0,0.05725747,0.09655313193798065,0.9535353779792786,0.8922222256660461
YDL098C,YLL053C,0,0.05724938,0.09654325991868973,0.9535353779792786,0.8923232555389404
YFR024C,YKR034W,0,0.057160884,0.0965333878993988,0.9535353779792786,0.8924242258071899
YKL132C,YGR142W,0,0.056580257,0.09652351588010788,0.9535353779792786,0.8925252556800842
YGL246C,YPL235W,0,0.056566816,0.09651365131139755,0.9535353779792786,0.8926262855529785
YDR150W,YMR275C,1,0.05621363,0.09660600870847702,0.9545454382896423,0.8926262855529785
YJL026W,YMR118C,0,0.05595791,0.0965961366891861,0.9545454382896423,0.892727255821228
YPL076W,YPL117C,0,0.05526113,0.09658626466989517,0.9545454382896423,0.8928282856941223
YGR217W,YDR395W,0,0.05497883,0.09657639265060425,0.9545454382896423,0.8929293155670166
YCR058C,YER032W,0,0.054910906,0.09656652063131332,0.9545454382896423,0.8930302858352661
YGL196W,YMR101C,0,0.05409235,0.096556656062603,0.9545454382896423,0.8931313157081604
YKL026C,YER028C,0,0.05347326,0.09654679149389267,0.9545454382896423,0.8932323455810547
YMR234W,YER071C,0,0.053434912,0.09653692692518234,0.9545454382896423,0.8933333158493042
YHR037W,YDR040C,0,0.053407546,0.09652706980705261,0.9545454382896423,0.8934343457221985
YDR463W,YLR115W,0,0.053024944,0.09651721268892288,0.9545454382896423,0.8935353755950928
YMR050C,YBL091C,0,0.052806895,0.09650735557079315,0.9545454382896423,0.8936363458633423
YKR093W,YGL246C,0,0.05257679,0.09649749845266342,0.9545454382896423,0.8937373757362366
YOL126C,YER038C,0,0.052082445,0.09648764878511429,0.9545454382896423,0.8938384056091309
YGR097W,YDR246W,0,0.051861953,0.09647779166698456,0.9545454382896423,0.8939393758773804
YAL048C,YJR120W,1,0.050611768,0.09657002985477448,0.9555555582046509,0.8939393758773804
YOL078W,YHR138C,0,0.050019123,0.09656017273664474,0.9555555582046509,0.8940404057502747
YLR058C,YKL063C,0,0.049999554,0.09655031561851501,0.9555555582046509,0.894141435623169
YDR023W,YFL035C-A,0,0.049850553,0.09654046595096588,0.9555555582046509,0.8942424058914185
YDR441C,YOL121C,0,0.049830195,0.09653060883283615,0.9555555582046509,0.8943434357643127
YIL056W,YCL051W,0,0.049744796,0.09652076661586761,0.9555555582046509,0.894444465637207
YAL002W,YMR055C,0,0.049596738,0.09651091694831848,0.9555555582046509,0.8945454359054565
YGL063W,YDR308C,0,0.04953606,0.09650107473134995,0.9555555582046509,0.8946464657783508
YDR513W,YOR019W,0,0.04868964,0.09649122506380081,0.9555555582046509,0.8947474956512451
YNL328C,YPR131C,1,0.048488673,0.09658337384462357,0.9565656781196594,0.8947474956512451
YHR120W,YHR024C,1,0.048411157,0.09667550772428513,0.9575757384300232,0.8947474956512451
YLR234W,YLR200W,0,0.048109513,0.0966656506061554,0.9575757384300232,0.8948484659194946
YBL080C,YHL025W,0,0.048003975,0.09665579348802567,0.9575757384300232,0.8949494957923889
YKL191W,YJL181W,0,0.047789037,0.09664593636989594,0.9575757384300232,0.8950505256652832
YPL169C,YHR139C,0,0.047785513,0.0966360867023468,0.9575757384300232,0.8951514959335327
YPL133C,YNL216W,0,0.047584634,0.09662623703479767,0.9575757384300232,0.895252525806427
YNL145W,YGR296W,0,0.04723565,0.09661638736724854,0.9575757384300232,0.8953535556793213
YOR049C,YLR352W,0,0.04708155,0.09660654515028,0.9575757384300232,0.8954545259475708
YMR048W,YMR220W,0,0.044240456,0.09659669548273087,0.9575757384300232,0.8955555558204651
YPL137C,YCR038C,0,0.044234496,0.09658685326576233,0.9575757384300232,0.8956565856933594
YBR005W,YDL012C,0,0.044057664,0.09657701849937439,0.9575757384300232,0.8957575559616089
YDR399W,YLR292C,0,0.043334853,0.09656717628240585,0.9575757384300232,0.8958585858345032
YOR193W,YER149C,0,0.04318508,0.09655734151601791,0.9575757384300232,0.8959596157073975
YLR068W,YNR053C,0,0.043074172,0.09654750674962997,0.9575757384300232,0.896060585975647
YLR409C,YIL008W,0,0.042838793,0.09653767943382263,0.9575757384300232,0.8961616158485413
YGR129W,YDL087C,0,0.04267318,0.09652785211801529,0.9575757384300232,0.8962626457214355
YFR016C,YGR080W,0,0.04258891,0.09651801735162735,0.9575757384300232,0.8963636159896851
YOR357C,YIL130W,0,0.041848566,0.0965081974864006,0.9575757384300232,0.8964646458625793
YOR103C,YPL010W,0,0.04175056,0.09649837017059326,0.9575757384300232,0.8965656757354736
YHR024C,YOL095C,1,0.041734125,0.09659033268690109,0.9585858583450317,0.8965656757354736
YER176W,YDR372C,0,0.04135741,0.09658049792051315,0.9585858583450317,0.8966666460037231
YIL068C,YGR283C,0,0.041062783,0.09657067060470581,0.9585858583450317,0.8967676758766174
YOR048C,YHL050C,0,0.041051265,0.09656084328889847,0.9585858583450317,0.8968687057495117
YOR262W,YIL013C,0,0.040932655,0.09655102342367172,0.9585858583450317,0.8969696760177612
YFR024C,YER040W,0,0.040532406,0.09654120355844498,0.9585858583450317,0.8970707058906555
YJR041C,YAL026C,0,0.04016195,0.09653138369321823,0.9585858583450317,0.8971717357635498
YJL035C,YGL226W,0,0.039377224,0.09652156382799149,0.9585858583450317,0.8972727060317993
YBR168W,YCR005C,0,0.039033633,0.09651174396276474,0.9585858583450317,0.8973737359046936
YPL138C,YHR214W,0,0.03892572,0.09650193154811859,0.9585858583450317,0.8974747657775879
YLR131C,YKL087C,0,0.038562153,0.09649211913347244,0.9585858583450317,0.8975757360458374
YGL025C,YNL132W,0,0.03798629,0.0964823067188263,0.9585858583450317,0.8976767659187317
YBL063W,YNL036W,0,0.037913766,0.09647250175476074,0.9585858583450317,0.897777795791626
YOR267C,YDL046W,0,0.037904512,0.09646269679069519,0.9585858583450317,0.8978787660598755
YGL126W,YOR019W,0,0.03771515,0.09645289182662964,0.9585858583450317,0.8979797959327698
YPR114W,YPR105C,0,0.037432868,0.09644308686256409,0.9585858583450317,0.8980808258056641
YKR089C,YOR383C,0,0.037310477,0.09643328934907913,0.9585858583450317,0.8981817960739136
YLR007W,YPR120C,0,0.036953133,0.09642349183559418,0.9585858583450317,0.8982828259468079
YPR034W,YFR038W,0,0.036951464,0.09641369432210922,0.9585858583450317,0.8983838558197021
YPL120W,YKL138C-A,0,0.03682403,0.09640390425920486,0.9585858583450317,0.8984848260879517
YNL286W,YDL124W,0,0.036785003,0.09639410674571991,0.9585858583450317,0.898585855960846
YDR078C,YOR011W,0,0.036741655,0.09638431668281555,0.9585858583450317,0.8986868858337402
YPL280W,YIL096C,0,0.03668343,0.0963745266199112,0.9585858583450317,0.8987878561019897
YMR215W,YGR283C,0,0.036611255,0.09636474400758743,0.9585858583450317,0.898888885974884
YDR204W,YCR044C,0,0.036447916,0.09635496139526367,0.9585858583450317,0.8989899158477783
YAL028W,YPL224C,0,0.036240947,0.09634517878293991,0.9585858583450317,0.8990908861160278
YBR119W,YDR259C,0,0.036237698,0.09633539617061615,0.9585858583450317,0.8991919159889221
YHR113W,YER023W,0,0.036111455,0.09632562100887299,0.9585858583450317,0.8992929458618164
YJR041C,YLR411W,0,0.035903186,0.09631584584712982,0.9585858583450317,0.8993939161300659
YDR127W,YLR194C,0,0.034307536,0.09630607068538666,0.9585858583450317,0.8994949460029602
YPR068C,YKL040C,0,0.034223866,0.0962962955236435,0.9585858583450317,0.8995959758758545
YPL063W,YOL095C,1,0.033894967,0.09638798981904984,0.9595959782600403,0.8995959758758545
YER149C,YLR011W,0,0.033712443,0.09637820720672607,0.9595959782600403,0.899696946144104
YDR212W,YDR367W,0,0.033691246,0.09636843204498291,0.9595959782600403,0.8997979760169983
YLR234W,YDR135C,0,0.033544775,0.09635865688323975,0.9595959782600403,0.8998990058898926
YLR426W,YLR323C,0,0.033425353,0.09634888172149658,0.9595959782600403,0.8999999761581421
YOL132W,YCR016W,0,0.032851066,0.09633911401033401,0.9595959782600403,0.9001010060310364
YDR075W,YOR068C,0,0.03283597,0.09632934629917145,0.9595959782600403,0.9002020359039307
YPL120W,YGL005C,0,0.03270213,0.09631957858800888,0.9595959782600403,0.9003030061721802
YJL059W,YHR118C,0,0.03230108,0.09630981087684631,0.9595959782600403,0.9004040360450745
YGR078C,YJL098W,0,0.032159608,0.09630005061626434,0.9595959782600403,0.9005050659179688
YCR107W,YER109C,0,0.032104354,0.09629029035568237,0.9595959782600403,0.9006060361862183
YEL048C,YPR086W,0,0.031917136,0.0962805300951004,0.9595959782600403,0.9007070660591125
YAR009C,YAL011W,0,0.03171302,0.09627077728509903,0.9595959782600403,0.9008080959320068
YPL169C,YPL161C,0,0.031651612,0.09626101702451706,0.9595959782600403,0.9009090662002563
YLR409C,YPL049C,0,0.03146438,0.09625126421451569,0.9595959782600403,0.9010100960731506
YGR178C,YNR053C,0,0.030561488,0.09624151885509491,0.9595959782600403,0.9011111259460449
YMR015C,YLR001C,0,0.029673185,0.09623176604509354,0.9595959782600403,0.9012120962142944
YEL001C,YPL207W,0,0.029501673,0.09622202068567276,0.9595959782600403,0.9013131260871887
YNL103W,YNR071C,0,0.0286843,0.09621227532625198,0.9595959782600403,0.901414155960083
YMR055C,YBR094W,0,0.028272267,0.09620252996683121,0.9595959782600403,0.9015151262283325
YHR005C,YPL235W,0,0.028264146,0.09619279205799103,0.9595959782600403,0.9016161561012268
YCL068C,YOL011W,0,0.028217893,0.09618305414915085,0.9595959782600403,0.9017171859741211
YKR096W,YPL239W,0,0.02812792,0.09617331624031067,0.9595959782600403,0.9018181562423706
YDR367W,YOL122C,0,0.028055783,0.09616357833147049,0.9595959782600403,0.9019191861152649
YLR007W,YNL317W,0,0.027905699,0.09615384787321091,0.9595959782600403,0.9020202159881592
YNL176C,YOR259C,0,0.02745052,0.09614411741495132,0.9595959782600403,0.9021211862564087
YOR004W,YNL130C,0,0.027006581,0.09613438695669174,0.9595959782600403,0.902222216129303
YLR426W,YKL048C,0,0.0267574,0.09612465649843216,0.9595959782600403,0.9023232460021973
YGL107C,YNL176C,0,0.026602976,0.09611493349075317,0.9595959782600403,0.9024242162704468
YOR262W,YJL174W,0,0.02653722,0.09610521048307419,0.9595959782600403,0.9025252461433411
YDL003W,YKR075C,0,0.026514895,0.0960954874753952,0.9595959782600403,0.9026262760162354
YKL016C,YBR090C-A,0,0.026292775,0.09608577191829681,0.9595959782600403,0.9027272462844849
YLR258W,YCL051W,0,0.025887799,0.09607604891061783,0.9595959782600403,0.9028282761573792
YLR194C,YPR007C,0,0.024918329,0.09606633335351944,0.9595959782600403,0.9029293060302734
YMR055C,YDR437W,0,0.024828728,0.09605662524700165,0.9595959782600403,0.903030276298523
YOR027W,YLR092W,0,0.024713356,0.09604690968990326,0.9595959782600403,0.9031313061714172
YPL168W,YDR517W,0,0.0244304,0.09603720158338547,0.9595959782600403,0.9032323360443115
YBL051C,YLR313C,0,0.024220373,0.09602749347686768,0.9595959782600403,0.903333306312561
YCL068C,YOL012C,0,0.02363966,0.09601778537034988,0.9595959782600403,0.9034343361854553
YMR015C,YOR001W,0,0.023478676,0.09600808471441269,0.9595959782600403,0.9035353660583496
YOR262W,YDL087C,0,0.023358043,0.0959983840584755,0.9595959782600403,0.9036363363265991
YPL013C,YIL009W,0,0.023187451,0.0959886834025383,0.9595959782600403,0.9037373661994934
YHR210C,YDR407C,0,0.022334484,0.0959789827466011,0.9595959782600403,0.9038383960723877
YIL019W,YGR083C,0,0.021768253,0.0959692895412445,0.9595959782600403,0.9039393663406372
YAR009C,YKR007W,0,0.021354107,0.09595959633588791,0.9595959782600403,0.9040403962135315
YOR358W,YMR118C,0,0.021236908,0.09594990313053131,0.9595959782600403,0.9041414260864258
YKL081W,YPL253C,0,0.020951938,0.09594021737575531,0.9595959782600403,0.9042423963546753
YLL016W,YPL100W,0,0.020098928,0.09593052417039871,0.9595959782600403,0.9043434262275696
YPR128C,YPR095C,0,0.019959006,0.09592083841562271,0.9595959782600403,0.9044444561004639
YDL003W,YLL067C,0,0.01987217,0.09591115266084671,0.9595959782600403,0.9045454263687134
YKR096W,YHR080C,0,0.019156706,0.0959014743566513,0.9595959782600403,0.9046464562416077
YBR091C,YMR275C,1,0.018322196,0.09599272906780243,0.960606038570404,0.9046464562416077
YPL198W,YGL111W,0,0.018222298,0.09598304331302643,0.960606038570404,0.904747486114502
YGR178C,YBR065C,0,0.01776443,0.09597335755825043,0.960606038570404,0.9048484563827515
YEL039C,YER081W,0,0.017709207,0.09596367180347443,0.960606038570404,0.9049494862556458
YKL029C,YGL105W,0,0.017446708,0.09595399349927902,0.960606038570404,0.90505051612854
YIL056W,YAR009C,0,0.017426226,0.09594430774450302,0.960606038570404,0.9051514863967896
YHL003C,YER060W-A,0,0.017301824,0.09593462944030762,0.960606038570404,0.9052525162696838
YKR075C,YNL054W,0,0.016915057,0.09592495113611221,0.960606038570404,0.9053535461425781
YNL240C,YPR133C,0,0.01634061,0.0959152802824974,0.960606038570404,0.9054545164108276
YKR078W,YNL216W,0,0.016300514,0.0959056094288826,0.960606038570404,0.9055555462837219
YPL013C,YOR272W,0,0.015995037,0.09589593857526779,0.960606038570404,0.9056565761566162
YPL203W,YLR352W,0,0.01533873,0.09588626772165298,0.960606038570404,0.9057575464248657
YGR007W,YFL035C-A,0,0.01526089,0.09587659686803818,0.960606038570404,0.90585857629776
YLR360W,YBL005W,0,0.01513065,0.09586693346500397,0.960606038570404,0.9059596061706543
YOL098C,YPR114W,0,0.015114006,0.09585727006196976,0.960606038570404,0.9060605764389038
YGR204W,YPL056C,0,0.015105408,0.09584761410951614,0.960606038570404,0.9061616063117981
YLR411W,YDR434W,0,0.014956307,0.09583795070648193,0.960606038570404,0.9062626361846924
YPL141C,YGR266W,0,0.014834527,0.09582829475402832,0.960606038570404,0.9063636660575867
YAL019W,YCL012W,0,0.014700901,0.09581863880157471,0.960606038570404,0.9064646363258362
YJR046W,YBR180W,0,0.014595456,0.0958089828491211,0.960606038570404,0.9065656661987305
YCL029C,YPR071W,0,0.013947811,0.09579933434724808,0.960606038570404,0.9066666960716248
YEL005C,YBR090C-A,0,0.013714094,0.09578968584537506,0.960606038570404,0.9067676663398743
YAL028W,YHR106W,0,0.013666566,0.09578003734350204,0.960606038570404,0.9068686962127686
YOR019W,YPL117C,0,0.013565939,0.09577039629220963,0.960606038570404,0.9069697260856628
YDR435C,YPL076W,0,0.012954351,0.09576074779033661,0.960606038570404,0.9070706963539124
YKL191W,YDR301W,0,0.012912255,0.09575110673904419,0.960606038570404,0.9071717262268066
YGR205W,YOL023W,0,0.012854304,0.09574146568775177,0.960606038570404,0.9072727560997009
YBR090C-A,YLR115W,0,0.01262347,0.09573183208703995,0.960606038570404,0.9073737263679504
YDL230W,YBR065C,0,0.011414181,0.09572219103574753,0.960606038570404,0.9074747562408447
YDL235C,YER044C-A,0,0.011386339,0.0957125574350357,0.960606038570404,0.907575786113739
YGR283C,YFL026W,0,0.011208739,0.09570293128490448,0.960606038570404,0.9076767563819885
YLR085C,YKL138C-A,0,0.011177134,0.09569329768419266,0.960606038570404,0.9077777862548828
YDL105W,YGL016W,0,0.010979261,0.09568367153406143,0.960606038570404,0.9078788161277771
YNL181W,YKL005C,0,0.010822561,0.0956740453839302,0.960606038570404,0.9079797863960266
YOR320C,YGR283C,0,0.010265257,0.09566441923379898,0.960606038570404,0.9080808162689209
YDR243C,YNR024W,0,0.009894323,0.09565480053424835,0.960606038570404,0.9081818461418152
YLR196W,YMR207C,0,0.009512927,0.09564517438411713,0.960606038570404,0.9082828164100647
YCR105W,YJL179W,0,0.009100366,0.0956355556845665,0.960606038570404,0.908383846282959
YLL018C-A,YMR072W,1,0.0089118,0.09572649747133255,0.9616161584854126,0.908383846282959
YDR259C,YJR096W,0,0.008805908,0.09571687132120132,0.9616161584854126,0.9084848761558533
YJL058C,YKR072C,0,0.008743461,0.0957072451710701,0.9616161584854126,0.9085858464241028
YEL032W,YER060W-A,0,0.008207034,0.09569762647151947,0.9616161584854126,0.9086868762969971
YFL026W,YNL278W,0,0.008050282,0.09568800777196884,0.9616161584854126,0.9087879061698914
YOR004W,YGR120C,0,0.007607233,0.09567838907241821,0.9616161584854126,0.9088888764381409
YPR169W,YDR384C,0,0.0074928366,0.09566877782344818,0.9616161584854126,0.9089899063110352
YAL002W,YIL154C,0,0.0073974244,0.09565916657447815,0.9616161584854126,0.9090909361839294
YLR193C,YLL018C-A,1,0.0071750544,0.09575002640485764,0.9626262784004211,0.9090909361839294
YFR034C,YGL240W,0,0.0070408992,0.095740407705307,0.9626262784004211,0.909191906452179
YJL021C,YGR193C,0,0.0061430894,0.09573078900575638,0.9626262784004211,0.9092929363250732
YGR078C,YLL067C,0,0.0050882064,0.09572117030620575,0.9626262784004211,0.9093939661979675
YJL021C,YOR273C,0,0.0046849735,0.09571155905723572,0.9626262784004211,0.909494936466217
YNL023C,YNL094W,0,0.004228171,0.09570194780826569,0.9626262784004211,0.9095959663391113
YHR122W,YCR016W,0,0.00419141,0.09569233655929565,0.9626262784004211,0.9096969962120056
YMR232W,YBR168W,0,0.0034715943,0.09568273276090622,0.9626262784004211,0.9097979664802551
YAR009C,YGL240W,0,0.0031530745,0.09567312151193619,0.9626262784004211,0.9098989963531494
YLR200W,YBR100W,0,0.0024258308,0.09566351771354675,0.9626262784004211,0.9100000262260437
YKL110C,YPR133C,0,0.0023710392,0.09565392136573792,0.9626262784004211,0.9101009964942932
YNL181W,YKL043W,0,0.0021361,0.09564431756734848,0.9626262784004211,0.9102020263671875
YKL045W,YFR038W,0,0.0014602058,0.09563472121953964,0.9626262784004211,0.9103030562400818
YPL126W,YDR273W,0,0.0011437349,0.0956251248717308,0.9626262784004211,0.9104040265083313
YJL078C,YHL050C,0,0.00082586333,0.09561552852392197,0.9626262784004211,0.9105050563812256
YDR235W,YJR035W,0,0.00046144053,0.09560593962669373,0.9626262784004211,0.9106060862541199
YDR259C,YKL079W,0,0.00014109537,0.09559635072946548,0.9626262784004211,0.9107070565223694
YHR165C,YIL009W,0,8.658692e-05,0.09558676183223724,0.9626262784004211,0.9108080863952637
YKL063C,YPL076W,0,-0.00026087835,0.095577172935009,0.9626262784004211,0.910909116268158
YHR158C,YMR118C,0,-0.0005099289,0.09556759148836136,0.9626262784004211,0.9110100865364075
YLR004C,YMR041C,0,-0.0007310994,0.09555801004171371,0.9626262784004211,0.9111111164093018
YDR397C,YOR335C,0,-0.0008892752,0.09554842859506607,0.9626262784004211,0.911212146282196
YDL087C,YOR001W,0,-0.0019129701,0.09553884714841843,0.9626262784004211,0.9113131165504456
YPL116W,YPL075W,0,-0.002320502,0.09552927315235138,0.9626262784004211,0.9114141464233398
YKL029C,YHL050C,0,-0.0026689507,0.09551969170570374,0.9626262784004211,0.9115151762962341
YML098W,YDR019C,0,-0.0030502565,0.09551012516021729,0.9626262784004211,0.9116161465644836
YLR426W,YNL233W,0,-0.0032129176,0.09550055116415024,0.9626262784004211,0.9117171764373779
YCR016W,YJR054W,0,-0.0033095665,0.09549098461866379,0.9626262784004211,0.9118182063102722
YOR078W,YFL018W-A,0,-0.0033960827,0.09548141807317734,0.9626262784004211,0.9119191765785217
YMR074C,YNL065W,0,-0.003540296,0.09547185152769089,0.9626262784004211,0.912020206451416
YOR241W,YLR409C,0,-0.0041595288,0.09546228498220444,0.9626262784004211,0.9121212363243103
YOL055C,YAL015C,0,-0.0043211877,0.09545272588729858,0.9626262784004211,0.9122222065925598
YOR236W,YJR123W,0,-0.0047533847,0.09544316679239273,0.9626262784004211,0.9123232364654541
YPL056C,YER139C,0,-0.004849214,0.09543360769748688,0.9626262784004211,0.9124242663383484
YJR041C,YNL062C,0,-0.005902726,0.09542404860258102,0.9626262784004211,0.9125252366065979
YOR262W,YMR274C,0,-0.0061800517,0.09541449695825577,0.9626262784004211,0.9126262664794922
YPR057W,YPL178W,0,-0.006267328,0.09540494531393051,0.9626262784004211,0.9127272963523865
YLR085C,YGR094W,0,-0.00660244,0.09539539366960526,0.9626262784004211,0.912828266620636
YLR239C,YMR232W,0,-0.0066714026,0.0953858494758606,0.9626262784004211,0.9129292964935303
YML107C,YHR202W,0,-0.0070911758,0.09537629783153534,0.9626262784004211,0.9130303263664246
YAL015C,YMR040W,0,-0.0071874,0.09536675363779068,0.9626262784004211,0.9131312966346741
YPR188C,YPR174C,0,-0.007531464,0.09535721689462662,0.9626262784004211,0.9132323265075684
YLR426W,YJL035C,0,-0.007840913,0.09534767270088196,0.9626262784004211,0.9133333563804626
YDR372C,YMR074C,0,-0.008028619,0.0953381359577179,0.9626262784004211,0.9134343266487122
YGR235C,YIL173W,0,-0.008139443,0.09532859921455383,0.9626262784004211,0.9135353565216064
YGR004W,YNL278W,0,-0.0082345195,0.09531906247138977,0.9626262784004211,0.9136363863945007
YPR143W,YHR088W,0,-0.008240957,0.0953095331788063,0.9626262784004211,0.9137373566627502
YOR264W,YKL051W,0,-0.008882258,0.09529999643564224,0.9626262784004211,0.9138383865356445
YBR091C,YDR150W,1,-0.00927924,0.09539046138525009,0.9636363387107849,0.9138383865356445
YLR451W,YLR352W,0,-0.009588394,0.09538092464208603,0.9636363387107849,0.9139394164085388
YOR156C,YJR096W,0,-0.009877864,0.09537138789892197,0.9636363387107849,0.9140403866767883
YEL032W,YJL168C,0,-0.010729242,0.0953618586063385,0.9636363387107849,0.9141414165496826
YMR207C,YKR072C,0,-0.010833729,0.09535232186317444,0.9636363387107849,0.9142424464225769
YKR078W,YAL028W,0,-0.011337195,0.09534279257059097,0.9636363387107849,0.9143434166908264
YOR049C,YIL107C,0,-0.0116687305,0.09533326327800751,0.9636363387107849,0.9144444465637207
YLL024C,YBL051C,0,-0.011974353,0.09532374143600464,0.9636363387107849,0.914545476436615
YHR142W,YER032W,0,-0.012621317,0.09531421959400177,0.9636363387107849,0.9146464467048645
YNL059C,YGR211W,0,-0.012787644,0.0953046977519989,0.9636363387107849,0.9147474765777588
YNL199C,YBR065C,0,-0.013150249,0.09529517590999603,0.9636363387107849,0.9148485064506531
YML076C,YIR031C,0,-0.013280798,0.09528565406799316,0.9636363387107849,0.9149494767189026
YPR114W,YDR398W,0,-0.013442013,0.09527613967657089,0.9636363387107849,0.9150505065917969
YKR096W,YBR101C,0,-0.0138156,0.09526662528514862,0.9636363387107849,0.9151515364646912
YML004C,YPR068C,0,-0.013866473,0.09525711089372635,0.9636363387107849,0.9152525067329407
YIL120W,YGR245C,0,-0.013895322,0.09524760395288467,0.9636363387107849,0.915353536605835
YML021C,YNL164C,0,-0.013977904,0.095238097012043,0.9636363387107849,0.9154545664787292
YAL068C,YPL156C,0,-0.014199216,0.09522859007120132,0.9636363387107849,0.9155555367469788
YHR165C,YMR207C,0,-0.015203375,0.09521908313035965,0.9636363387107849,0.915656566619873
YCR107W,YLR347C,0,-0.01560976,0.09520958364009857,0.9636363387107849,0.9157575964927673
YJL174W,YGL018C,0,-0.01576208,0.0952000766992569,0.9636363387107849,0.9158585667610168
YHR122W,YOR359W,0,-0.015958522,0.09519057720899582,0.9636363387107849,0.9159595966339111
YLR039C,YLR466W,0,-0.01596867,0.09518108516931534,0.9636363387107849,0.9160606265068054
YJL212C,YKL058W,0,-0.016127575,0.09517158567905426,0.9636363387107849,0.9161615967750549
YIL038C,YJL035C,0,-0.016151596,0.09516209363937378,0.9636363387107849,0.9162626266479492
YIL068C,YKL077W,0,-0.016232658,0.0951526015996933,0.9636363387107849,0.9163636565208435
YPL175W,YCR035C,0,-0.016614813,0.09514311701059341,0.9636363387107849,0.916464626789093
YOL144W,YCR018C,0,-0.016708512,0.09513362497091293,0.9636363387107849,0.9165656566619873
YOR266W,YOL095C,1,-0.016823877,0.09522385150194168,0.9646464586257935,0.9165656566619873
YOR262W,YOR253W,0,-0.0173993,0.0952143594622612,0.9646464586257935,0.9166666865348816
YBR005W,YHR138C,0,-0.017462108,0.09520486742258072,0.9646464586257935,0.9167676568031311
YGL126W,YFL011W,0,-0.01752961,0.09519537538290024,0.9646464586257935,0.9168686866760254
YDR309C,YDL211C,0,-0.018019196,0.09518588334321976,0.9646464586257935,0.9169697165489197
YJL021C,YLR189C,0,-0.018805552,0.09517639875411987,0.9646464586257935,0.9170706868171692
YGL063W,YML081W,0,-0.01880953,0.09516691416501999,0.9646464586257935,0.9171717166900635
YJL174W,YPR003C,0,-0.018836636,0.0951574295759201,0.9646464586257935,0.9172727465629578
YHR020W,YMR091C,0,-0.019228462,0.09514795243740082,0.9646464586257935,0.9173737168312073
YPL120W,YNR019W,0,-0.019233394,0.09513847529888153,0.9646464586257935,0.9174747467041016
YJL181W,YOR260W,0,-0.019631986,0.09512899816036224,0.9646464586257935,0.9175757765769958
YHL017W,YER032W,0,-0.019832265,0.09511952102184296,0.9646464586257935,0.9176767468452454
YPL075W,YHL026C,0,-0.019956741,0.09511005133390427,0.9646464586257935,0.9177777767181396
YLL018C-A,YPL063W,1,-0.020732302,0.09520015865564346,0.965656578540802,0.9177777767181396
YOR267C,YDL160C,0,-0.02078851,0.09519068151712418,0.965656578540802,0.9178788065910339
YDR515W,YHL026C,0,-0.020862717,0.09518120437860489,0.965656578540802,0.9179797768592834
YHR035W,YOR004W,0,-0.02094445,0.0951717272400856,0.965656578540802,0.9180808067321777
YPL133C,YBR248C,0,-0.020973448,0.09516225010156631,0.965656578540802,0.918181836605072
YHR210C,YML082W,0,-0.022072185,0.09515278041362762,0.965656578540802,0.9182828068733215
YCR086W,YIL030C,0,-0.023423065,0.09514331072568893,0.965656578540802,0.9183838367462158
YDL189W,YOR241W,0,-0.023556042,0.09513384103775024,0.965656578540802,0.9184848666191101
YIL119C,YPL203W,0,-0.023604382,0.09512437880039215,0.965656578540802,0.9185858368873596
YBR085W,YMR001C,0,-0.024330694,0.09511491656303406,0.965656578540802,0.9186868667602539
YMR055C,YKL043W,0,-0.025018144,0.09510545432567596,0.965656578540802,0.9187878966331482
YNR059W,YBR089C-A,0,-0.025040735,0.09509599208831787,0.965656578540802,0.9188888669013977
YER139C,YLR260W,0,-0.025063355,0.09508652985095978,0.965656578540802,0.918989896774292
YNR024W,YDL211C,0,-0.025254596,0.09507707506418228,0.965656578540802,0.9190909266471863
YOR252W,YML059C,0,-0.025300156,0.09506762027740479,0.965656578540802,0.9191918969154358
YOL132W,YPL176C,0,-0.025691215,0.09505816549062729,0.965656578540802,0.9192929267883301
YGL028C,YGL115W,0,-0.026049647,0.09504871815443039,0.965656578540802,0.9193939566612244
YDR213W,YGR170W,0,-0.028315198,0.09503927081823349,0.965656578540802,0.9194949269294739
YLR377C,YHR122W,0,-0.028883513,0.09502982348203659,0.965656578540802,0.9195959568023682
YJL098W,YNL118C,0,-0.029550243,0.09502037614583969,0.965656578540802,0.9196969866752625
YHR165C,YHL035C,0,-0.030388478,0.09501092880964279,0.965656578540802,0.919797956943512
YOL126C,YPL221W,0,-0.030481536,0.09500148892402649,0.965656578540802,0.9198989868164062
YJL162C,YLR413W,0,-0.030761536,0.09499204903841019,0.965656578540802,0.9200000166893005
YDR490C,YDR039C,0,-0.031269748,0.09498261660337448,0.965656578540802,0.92010098695755
YJL089W,YPL058C,0,-0.031338457,0.09497317671775818,0.965656578540802,0.9202020168304443
YLR052W,YGL116W,0,-0.03196572,0.09496374428272247,0.965656578540802,0.9203030467033386
YCL068C,YJR096W,0,-0.032246683,0.09495431184768677,0.965656578540802,0.9204040169715881
YML011C,YBL008W,0,-0.03232296,0.09494487941265106,0.965656578540802,0.9205050468444824
YDL012C,YCL035C,0,-0.032477286,0.09493545442819595,0.965656578540802,0.9206060767173767
YBR029C,YOR236W,0,-0.033019144,0.09492602199316025,0.965656578540802,0.9207070469856262
YPL173W,YLR068W,0,-0.03305124,0.09491659700870514,0.965656578540802,0.9208080768585205
YER109C,YDR384C,0,-0.033243332,0.09490717947483063,0.965656578540802,0.9209091067314148
YDR261C,YGL085W,0,-0.033538762,0.09489775449037552,0.965656578540802,0.9210100769996643
YBR153W,YLR263W,0,-0.033599336,0.09488833695650101,0.965656578540802,0.9211111068725586
YOR252W,YER023W,0,-0.0338207,0.0948789194226265,0.965656578540802,0.9212121367454529
YCR065W,YDR300C,0,-0.0339693,0.09486950188875198,0.965656578540802,0.9213131070137024
YLR432W,YNL246W,0,-0.034060854,0.09486009180545807,0.965656578540802,0.9214141368865967
YLR426W,YJL183W,0,-0.034070592,0.09485068172216415,0.965656578540802,0.921515166759491
YHL035C,YOR086C,0,-0.03716709,0.09484127163887024,0.965656578540802,0.9216161370277405
YDR345C,YLR382C,0,-0.037582833,0.09483186155557632,0.965656578540802,0.9217171669006348
YHR214W,YFR038W,0,-0.03770147,0.094822458922863,0.965656578540802,0.921818196773529
YNL056W,YJR054W,0,-0.03818247,0.09481304883956909,0.965656578540802,0.9219191670417786
YHL017W,YHR113W,0,-0.038596097,0.09480364620685577,0.965656578540802,0.9220201969146729
YMR262W,YJR050W,0,-0.039182637,0.09479425102472305,0.965656578540802,0.9221212267875671
YHR103W,YKL077W,0,-0.039379556,0.09478484839200974,0.965656578540802,0.9222221970558167
YHR204W,YAL059W,0,-0.03941356,0.09477545320987701,0.965656578540802,0.9223232269287109
YLL053C,YNL029C,0,-0.03967436,0.0947660580277443,0.965656578540802,0.9224242568016052
YEL032W,YLR143W,0,-0.039881017,0.09475666284561157,0.965656578540802,0.9225252270698547
YEL048C,YIL148W,0,-0.04047006,0.09474727511405945,0.965656578540802,0.922626256942749
YAL019W,YDR176W,0,-0.040733,0.09473788738250732,0.965656578540802,0.9227272868156433
YCR105W,YLR068W,0,-0.0409499,0.0947284996509552,0.965656578540802,0.9228282570838928
YDR041W,YBR028C,0,-0.041469026,0.09471911191940308,0.965656578540802,0.9229292869567871
YBR114W,YOR081C,0,-0.04218245,0.09470973163843155,0.965656578540802,0.9230303168296814
YJL094C,YMR313C,0,-0.043349344,0.09470034390687943,0.965656578540802,0.9231312870979309
YCR086W,YDL012C,0,-0.043693412,0.0946909636259079,0.965656578540802,0.9232323169708252
YLR313C,YGL226W,0,-0.04377308,0.09468159079551697,0.965656578540802,0.9233333468437195
YOL061W,YBL025W,0,-0.04384691,0.09467221051454544,0.965656578540802,0.923434317111969
YDR160W,YBR045C,0,-0.044071693,0.09466283768415451,0.965656578540802,0.9235353469848633
YDR098C,YOR001W,0,-0.044209335,0.09465346485376358,0.965656578540802,0.9236363768577576
YER149C,YDL211C,0,-0.045422513,0.09464409202337265,0.965656578540802,0.9237373471260071
YGR046W,YPR131C,1,-0.04545154,0.09473371505737305,0.9666666388511658,0.9237373471260071
YPR037C,YPL248C,0,-0.04599786,0.09472434222698212,0.9666666388511658,0.9238383769989014
YGL073W,YJL058C,0,-0.046547238,0.09471496194601059,0.9666666388511658,0.9239394068717957
YNL056W,YMR226C,0,-0.047579404,0.09470558911561966,0.9666666388511658,0.9240403771400452
YAL019W,YDR407C,0,-0.048182387,0.09469622373580933,0.9666666388511658,0.9241414070129395
YLL066C,YGR057C,0,-0.04827066,0.0946868509054184,0.9666666388511658,0.9242424368858337
YGR007W,YML096W,0,-0.049047295,0.09467748552560806,0.9666666388511658,0.9243434071540833
YPL116W,YJL098W,0,-0.04905652,0.09466812014579773,0.9666666388511658,0.9244444370269775
YKL062W,YIL056W,0,-0.049782056,0.0946587547659874,0.9666666388511658,0.9245454668998718
YOR090C,YOL052C-A,0,-0.049876776,0.09464938938617706,0.9666666388511658,0.9246464371681213
YKL006C-A,YHR149C,0,-0.05070838,0.09464003145694733,0.9666666388511658,0.9247474670410156
YBR069C,YEL001C,0,-0.05149636,0.09463067352771759,0.9666666388511658,0.9248484969139099
YER032W,YDL211C,0,-0.051709224,0.09462131559848785,0.9666666388511658,0.9249494671821594
YHR033W,YOL135C,0,-0.051801663,0.09461196511983871,0.9666666388511658,0.9250504970550537
YML133C,YDR234W,0,-0.05254175,0.09460260719060898,0.9666666388511658,0.925151526927948
YOR262W,YER015W,0,-0.054200094,0.09459325671195984,0.9666666388511658,0.9252524971961975
YPL105C,YGL151W,0,-0.054558653,0.0945839062333107,0.9666666388511658,0.9253535270690918
YGR055W,YGL139W,0,-0.055689294,0.09457456320524216,0.9666666388511658,0.9254545569419861
YJR041C,YIL118W,0,-0.055726293,0.09456522017717361,0.9666666388511658,0.9255555272102356
YER109C,YHR170W,0,-0.055833552,0.09455587714910507,0.9666666388511658,0.9256565570831299
YOL009C,YMR275C,1,-0.057629477,0.09464532881975174,0.9676767587661743,0.9256565570831299
YPR173C,YPR175W,0,-0.058154803,0.0946359783411026,0.9676767587661743,0.9257575869560242
YEL018W,YPL168W,0,-0.058337722,0.09462662786245346,0.9676767587661743,0.9258585572242737
YOR103C,YPR046W,0,-0.058345545,0.09461728483438492,0.9676767587661743,0.925959587097168
YOR380W,YPL058C,0,-0.058666665,0.09460794180631638,0.9676767587661743,0.9260606169700623
YIL056W,YLR360W,0,-0.058995876,0.09459859877824783,0.9676767587661743,0.9261615872383118
YPL203W,YCR005C,0,-0.060010333,0.09458925575017929,0.9676767587661743,0.926262617111206
YDR517W,YPL248C,0,-0.06005167,0.09457992017269135,0.9676767587661743,0.9263636469841003
YMR055C,YKL132C,0,-0.060060855,0.0945705845952034,0.9676767587661743,0.9264646172523499
YIL087C,YER123W,0,-0.060441542,0.09456124901771545,0.9676767587661743,0.9265656471252441
YHR210C,YAL015C,0,-0.060458664,0.09455191344022751,0.9676767587661743,0.9266666769981384
YPR114W,YOL121C,0,-0.061342444,0.09454258531332016,0.9676767587661743,0.9267676472663879
YNL063W,YKR052C,0,-0.062102396,0.09453325718641281,0.9676767587661743,0.9268686771392822
YMR055C,YDR395W,0,-0.062421877,0.09452392905950546,0.9676767587661743,0.9269697070121765
YKL191W,YDR179C,0,-0.062590465,0.09451460093259811,0.9676767587661743,0.927070677280426
YER062C,YKR052C,0,-0.0637057,0.09450528025627136,0.9676767587661743,0.9271717071533203
YPL137C,YNR033W,0,-0.064225435,0.09449595212936401,0.9676767587661743,0.9272727370262146
YGL243W,YNL059C,0,-0.06437422,0.09448663890361786,0.9676767587661743,0.9273737668991089
YBR153W,YPL198W,0,-0.06465681,0.09447731822729111,0.9676767587661743,0.9274747371673584
YOR193W,YOL032W,0,-0.065861955,0.09446799755096436,0.9676767587661743,0.9275757670402527
YKR078W,YKR096W,0,-0.065875515,0.0944586843252182,0.9676767587661743,0.927676796913147
YOR193W,YGR003W,0,-0.067503706,0.09444937109947205,0.9676767587661743,0.9277777671813965
YMR207C,YDL031W,0,-0.068003654,0.09444006532430649,0.9676767587661743,0.9278787970542908
YOR177C,YKR075C,0,-0.06801131,0.09443075209856033,0.9676767587661743,0.9279798269271851
YDR361C,YKL032C,0,-0.06858906,0.09442144632339478,0.9676767587661743,0.9280807971954346
YMR192W,YDL247W,0,-0.0695049,0.09441214054822922,0.9676767587661743,0.9281818270683289
YLR352W,YGL240W,0,-0.069632456,0.09440283477306366,0.9676767587661743,0.9282828569412231
YOR101W,YHR197W,0,-0.070475146,0.0943935364484787,0.9676767587661743,0.9283838272094727
YFR040W,YDR257C,0,-0.07173215,0.09438423812389374,0.9676767587661743,0.9284848570823669
YHR150W,YBR100W,0,-0.07243915,0.09437493979930878,0.9676767587661743,0.9285858869552612
YPL116W,YHR154W,0,-0.07254164,0.09436564147472382,0.9676767587661743,0.9286868572235107
YLL066C,YLR006C,0,-0.07268201,0.09435635060071945,0.9676767587661743,0.928787887096405
YNL051W,YCR021C,0,-0.072904915,0.09434705227613449,0.9676767587661743,0.9288889169692993
YLR194C,YIL037C,0,-0.0734784,0.09433776140213013,0.9676767587661743,0.9289898872375488
YHR205W,YLR143W,0,-0.07408661,0.09432847797870636,0.9676767587661743,0.9290909171104431
YKL058W,YLL014W,0,-0.07433598,0.094319187104702,0.9676767587661743,0.9291919469833374
YOR264W,YBR085W,0,-0.07477158,0.09430990368127823,0.9676767587661743,0.9292929172515869
YPL138C,YLR417W,0,-0.07498221,0.09430062025785446,0.9676767587661743,0.9293939471244812
YFL025C,YML133C,0,-0.075119436,0.0942913368344307,0.9676767587661743,0.9294949769973755
YER149C,YPR180W,0,-0.07513966,0.09428206086158752,0.9676767587661743,0.929595947265625
YHR009C,YJL167W,0,-0.07542436,0.09427277743816376,0.9676767587661743,0.9296969771385193
YEL018W,YGL151W,0,-0.07572077,0.09426350146532059,0.9676767587661743,0.9297980070114136
YLL024C,YNL024C,0,-0.075787574,0.09425423294305801,0.9676767587661743,0.9298989772796631
YDR091C,YGR083C,0,-0.07580282,0.09424495697021484,0.9676767587661743,0.9300000071525574
YGL067W,YDR406W,0,-0.07657996,0.09423568844795227,0.9676767587661743,0.9301010370254517
YDL105W,YHR157W,0,-0.076799706,0.0942264199256897,0.9676767587661743,0.9302020072937012
YNR055C,YHL035C,0,-0.0769427,0.09421715140342712,0.9676767587661743,0.9303030371665955
YFL035C-B,YLR215C,0,-0.077163994,0.09420789033174515,0.9676767587661743,0.9304040670394897
YGL028C,YCL064C,0,-0.077546984,0.09419862180948257,0.9676767587661743,0.9305050373077393
YGR266W,YIR031C,0,-0.077839404,0.0941893607378006,0.9676767587661743,0.9306060671806335
YOR260W,YLR409C,0,-0.07867943,0.09418009966611862,0.9676767587661743,0.9307070970535278
YHR122W,YBL008W,0,-0.078987494,0.09417084604501724,0.9676767587661743,0.9308080673217773
YAL002W,YHR113W,0,-0.079026684,0.09416158497333527,0.9676767587661743,0.9309090971946716
YLR061W,YJR054W,0,-0.079356104,0.09415233135223389,0.9676767587661743,0.9310101270675659
YML082W,YNL278W,0,-0.07946701,0.0941430851817131,0.9676767587661743,0.9311110973358154
YIL014W,YGR004W,0,-0.07951315,0.09413383156061172,0.9676767587661743,0.9312121272087097
YIL009W,YBR034C,0,-0.07955971,0.09412458539009094,0.9676767587661743,0.931313157081604
YJR102C,YPR148C,0,-0.08114901,0.09411533921957016,0.9676767587661743,0.9314141273498535
YOL144W,YNL251C,0,-0.08125055,0.09410609304904938,0.9676767587661743,0.9315151572227478
YHR120W,YML061C,1,-0.08148314,0.09419506788253784,0.9686868786811829,0.9315151572227478
YGL006W,YKL132C,0,-0.081764996,0.09418582171201706,0.9686868786811829,0.9316161870956421
YAL019W,YPL126W,0,-0.08218552,0.09417656809091568,0.9686868786811829,0.9317171573638916
YGR283C,YOR319W,0,-0.08282688,0.0941673219203949,0.9686868786811829,0.9318181872367859
YPL146C,YNL118C,0,-0.084423035,0.09415807574987411,0.9686868786811829,0.9319192171096802
YKL191W,YGL085W,0,-0.08450128,0.09414882957935333,0.9686868786811829,0.9320201873779297
YPL056C,YML016C,0,-0.08480811,0.09413959085941315,0.9686868786811829,0.932121217250824
YFL025C,YBR181C,0,-0.08499475,0.09413035213947296,0.9686868786811829,0.9322222471237183
YDR111C,YPL189W,0,-0.08519238,0.09412111341953278,0.9686868786811829,0.9323232173919678
YKR075C,YOL029C,0,-0.08569552,0.09411187469959259,0.9686868786811829,0.9324242472648621
YGL025C,YER100W,0,-0.08636655,0.0941026359796524,0.9686868786811829,0.9325252771377563
YML081W,YDR190C,0,-0.08670659,0.09409340471029282,0.9686868786811829,0.9326262474060059
YNL181W,YKR077W,0,-0.08708541,0.09408417344093323,0.9686868786811829,0.9327272772789001
YMR110C,YLR260W,0,-0.087213665,0.09407494962215424,0.9686868786811829,0.9328283071517944
YDR528W,YML082W,0,-0.08735491,0.09406571835279465,0.9686868786811829,0.932929277420044
YDL209C,YMR242C,0,-0.087442264,0.09405649453401566,0.9686868786811829,0.9330303072929382
YMR232W,YOR273C,0,-0.087947235,0.09404727071523666,0.9686868786811829,0.9331313371658325
YBR003W,YMR133W,0,-0.087986454,0.09403804689645767,0.9686868786811829,0.933232307434082
YDR217C,YPL161C,0,-0.08815114,0.09402882307767868,0.9686868786811829,0.9333333373069763
YMR261C,YHL006C,0,-0.08832909,0.09401960670948029,0.9686868786811829,0.9334343671798706
YPR105C,YLR460C,0,-0.088485435,0.09401039034128189,0.9686868786811829,0.9335353374481201
YPL221W,YBR301W,0,-0.088656366,0.0940011739730835,0.9686868786811829,0.9336363673210144
YGL126W,YOR034C,0,-0.089035586,0.0939919650554657,0.9686868786811829,0.9337373971939087
YHR148W,YPL010W,0,-0.08922486,0.0939827486872673,0.9686868786811829,0.9338383674621582
YOL098C,YLR347C,0,-0.08929829,0.0939735397696495,0.9686868786811829,0.9339393973350525
YOR018W,YBR279W,0,-0.089410245,0.0939643383026123,0.9686868786811829,0.9340404272079468
YKR085C,YGL016W,0,-0.089582354,0.0939551293849945,0.9686868786811829,0.9341413974761963
YFR027W,YDR098C,0,-0.090791166,0.0939459279179573,0.9686868786811829,0.9342424273490906
YGL067W,YDL139C,0,-0.0913602,0.09393671900033951,0.9686868786811829,0.9343434572219849
YOR207C,YML133C,0,-0.09221189,0.0939275249838829,0.9686868786811829,0.9344444274902344
YHL038C,YNL221C,0,-0.092319086,0.0939183235168457,0.9686868786811829,0.9345454573631287
YDL209C,YDR407C,0,-0.092542246,0.0939091295003891,0.9686868786811829,0.934646487236023
YDR243C,YDL154W,0,-0.09269582,0.0938999280333519,0.9686868786811829,0.9347474575042725
YOR191W,YHR103W,0,-0.09303312,0.09389074146747589,0.9686868786811829,0.9348484873771667
YDL081C,YCR058C,0,-0.09363656,0.09388154745101929,0.9686868786811829,0.934949517250061
YOR091W,YLR411W,0,-0.09481244,0.09387235343456268,0.9686868786811829,0.9350504875183105
YDR325W,YJR041C,0,-0.09499732,0.09386316686868668,0.9686868786811829,0.9351515173912048
YJR118C,YNL066W,1,-0.09546843,0.09395185112953186,0.9696969985961914,0.9351515173912048
YER014W,YJL013C,0,-0.09576957,0.09394265711307526,0.9696969985961914,0.9352525472640991
YML055W,YBR100W,0,-0.09720172,0.09393346309661865,0.9696969985961914,0.9353535175323486
YLR181C,YJR054W,0,-0.09786071,0.09392427653074265,0.9696969985961914,0.9354545474052429
YKR078W,YNL183C,0,-0.09949438,0.09391508251428604,0.9696969985961914,0.9355555772781372
YKR007W,YFL018W-A,0,-0.100568876,0.09390589594841003,0.9696969985961914,0.9356565475463867
YOL095C,YMR035W,1,-0.1008832,0.09399452060461044,0.9707070589065552,0.9356565475463867
YKL155C,YFL018W-A,0,-0.10145748,0.09398532658815384,0.9707070589065552,0.935757577419281
YGL246C,YBR029C,0,-0.10150175,0.09397614002227783,0.9707070589065552,0.9358586072921753
YDR261C,YDR087C,0,-0.101707146,0.09396695345640182,0.9707070589065552,0.9359595775604248
YJR132W,YJR042W,0,-0.10192509,0.09395775943994522,0.9707070589065552,0.9360606074333191
YKL069W,YJR041C,0,-0.10201265,0.09394858032464981,0.9707070589065552,0.9361616373062134
YLR085C,YLR068W,0,-0.10216935,0.0939393937587738,0.9707070589065552,0.9362626075744629
YPL210C,YCR063W,0,-0.1025473,0.0939302146434784,0.9707070589065552,0.9363636374473572
YOR267C,YPL224C,0,-0.10297792,0.09392103552818298,0.9707070589065552,0.9364646673202515
YHR120W,YOR330C,1,-0.10306977,0.09400957822799683,0.9717171788215637,0.9364646673202515
YLL031C,YLR001C,0,-0.10340814,0.09400039166212082,0.9717171788215637,0.936565637588501
YER031C,YDR471W,0,-0.104603484,0.09399120509624481,0.9717171788215637,0.9366666674613953
YBR188C,YJR054W,0,-0.10484071,0.0939820259809494,0.9717171788215637,0.9367676973342896
YNL024C,YKL032C,0,-0.10519193,0.09397284686565399,0.9717171788215637,0.9368686676025391
YPL262W,YJR096W,0,-0.10534771,0.09396366775035858,0.9717171788215637,0.9369696974754333
YML023C,YGR007W,0,-0.105655596,0.09395448863506317,0.9717171788215637,0.9370707273483276
YNL250W,YLR068W,0,-0.106239095,0.09394530951976776,0.9717171788215637,0.9371716976165771
YHR118C,YDR176W,0,-0.1073968,0.09393613785505295,0.9717171788215637,0.9372727274894714
YPR003C,YOL084W,0,-0.10772614,0.09392696619033813,0.9717171788215637,0.9373737573623657
YJR120W,YBR212W,1,-0.10796346,0.09401542693376541,0.9727272987365723,0.9373737573623657
YPL141C,YPR133C,0,-0.10825668,0.09400624781847,0.9727272987365723,0.9374747276306152
YML102W,YOR335C,0,-0.10844514,0.09399706870317459,0.9727272987365723,0.9375757575035095
YMR175W,YMR262W,0,-0.109849215,0.09398789703845978,0.9727272987365723,0.9376767873764038
YMR063W,YLR058C,0,-0.110126704,0.09397872537374496,0.9727272987365723,0.9377777576446533
YNR019W,YIL167W,0,-0.111438766,0.09396955370903015,0.9727272987365723,0.9378787875175476
YKL026C,YLL016W,0,-0.11201133,0.09396038949489594,0.9727272987365723,0.9379798173904419
YOR016C,YPR114W,0,-0.11228494,0.09395121783018112,0.9727272987365723,0.9380807876586914
YNL250W,YGR178C,0,-0.11285852,0.0939420536160469,0.9727272987365723,0.9381818175315857
YPL198W,YDR025W,0,-0.112869814,0.09393288940191269,0.9727272987365723,0.93828284740448
YPL116W,YLR223C,0,-0.11308496,0.09392373263835907,0.9727272987365723,0.9383838176727295
YPL013C,YHL026C,0,-0.11504756,0.09391456842422485,0.9727272987365723,0.9384848475456238
YHR201C,YLR263W,0,-0.115121484,0.09390541166067123,0.9727272987365723,0.9385858774185181
YOR189W,YMR059W,0,-0.11522885,0.09389625489711761,0.9727272987365723,0.9386868476867676
YER007C-A,YDR384C,0,-0.11548664,0.093887098133564,0.9727272987365723,0.9387878775596619
YNL130C,YBR028C,0,-0.11582667,0.09387794882059097,0.9727272987365723,0.9388889074325562
YMR275C,YML061C,1,-0.11630657,0.0939662754535675,0.973737359046936,0.9388889074325562
YDR256C,YPR057W,0,-0.116394,0.09395711869001389,0.973737359046936,0.9389898777008057
YOR241W,YNL024C,0,-0.117363736,0.09394796192646027,0.973737359046936,0.9390909075737
YHR204W,YKR072C,0,-0.117386386,0.09393880516290665,0.973737359046936,0.9391919374465942
YDR160W,YDL211C,0,-0.11834489,0.09392964839935303,0.973737359046936,0.9392929077148438
YJR123W,YPL193W,0,-0.1183732,0.09392049908638,0.973737359046936,0.939393937587738
YPR010C,YPL254W,0,-0.11886835,0.09391134977340698,0.973737359046936,0.9394949674606323
YEL048C,YDR397C,0,-0.11910091,0.09390220046043396,0.973737359046936,0.9395959377288818
YDR308C,YKR099W,0,-0.11928064,0.09389305859804153,0.973737359046936,0.9396969676017761
YLR092W,YDL223C,0,-0.119356796,0.09388390928506851,0.973737359046936,0.9397979974746704
YPL168W,YDR168W,0,-0.12014794,0.09387476742267609,0.973737359046936,0.9398989677429199
YHR088W,YLL021W,0,-0.12062748,0.09386562556028366,0.973737359046936,0.9399999976158142
YNL051W,YPL120W,0,-0.12100685,0.09385649114847183,0.973737359046936,0.9401010274887085
YHR154W,YNR052C,0,-0.121429816,0.0938473492860794,0.973737359046936,0.940201997756958
YBL005W,YBR100W,0,-0.123276964,0.09383821487426758,0.973737359046936,0.9403030276298523
YER007C-A,YPL198W,0,-0.123431936,0.09382908046245575,0.973737359046936,0.9404040575027466
YGR057C,YAL059W,0,-0.123721495,0.09381995350122452,0.973737359046936,0.9405050277709961
YJR102C,YIR031C,0,-0.12417407,0.09381081908941269,0.973737359046936,0.9406060576438904
YJR041C,YNL216W,0,-0.12434566,0.09380169212818146,0.973737359046936,0.9407070875167847
YCL029C,YNL286W,0,-0.124516636,0.09379256516695023,0.973737359046936,0.9408080577850342
YLR175W,YOR271C,0,-0.124527216,0.09378344565629959,0.973737359046936,0.9409090876579285
YGR103W,YLL021W,0,-0.12488742,0.09377431869506836,0.973737359046936,0.9410101175308228
YHR033W,YIL153W,0,-0.124891475,0.09376519918441772,0.973737359046936,0.9411110877990723
YPR114W,YAL059W,0,-0.12539046,0.09375607967376709,0.973737359046936,0.9412121176719666
YBR114W,YPL133C,0,-0.12539102,0.09374696016311646,0.973737359046936,0.9413131475448608
YJL013C,YOR011W,0,-0.12620875,0.09373784810304642,0.973737359046936,0.9414141178131104
YMR059W,YLR328W,0,-0.1264825,0.09372872859239578,0.973737359046936,0.9415151476860046
YGR024C,YNL199C,0,-0.12675221,0.09371961653232574,0.973737359046936,0.9416161775588989
YGL076C,YML031W,0,-0.12680575,0.0937105119228363,0.973737359046936,0.9417171478271484
YOR252W,YBR191W,0,-0.1268075,0.09370139986276627,0.973737359046936,0.9418181777000427
YGR283C,YCL064C,0,-0.12744965,0.09369229525327682,0.973737359046936,0.941919207572937
YEL018W,YDL135C,0,-0.1276834,0.09368319064378738,0.973737359046936,0.9420201778411865
YBR069C,YBR254C,0,-0.12801832,0.09367408603429794,0.973737359046936,0.9421212077140808
YJR150C,YKL099C,0,-0.12894185,0.0936649814248085,0.973737359046936,0.9422222375869751
YDR325W,YNR048W,0,-0.12909065,0.09365588426589966,0.973737359046936,0.9423232078552246
YIL096C,YDL211C,0,-0.12933941,0.09364678710699081,0.973737359046936,0.9424242377281189
YOR252W,YGL016W,0,-0.12977879,0.09363768994808197,0.973737359046936,0.9425252676010132
YKR095W,YGL064C,0,-0.13024603,0.09362859278917313,0.973737359046936,0.9426262378692627
YLL053C,YDL102W,0,-0.13050364,0.09361950308084488,0.973737359046936,0.942727267742157
YGR103W,YBR188C,0,-0.13255185,0.09361041337251663,0.973737359046936,0.9428282976150513
YNR052C,YMR131C,0,-0.13293795,0.09360132366418839,0.973737359046936,0.9429292678833008
YML081W,YFR025C,0,-0.1336148,0.09359223395586014,0.973737359046936,0.9430302977561951
YDR075W,YGL115W,0,-0.1351643,0.09358314424753189,0.973737359046936,0.9431313276290894
YPL105C,YDR515W,0,-0.13551822,0.09357406198978424,0.973737359046936,0.9432322978973389
YIL037C,YCR021C,0,-0.13563164,0.09356497973203659,0.973737359046936,0.9433333277702332
YDL235C,YDL175C,0,-0.13670312,0.09355589747428894,0.973737359046936,0.9434343576431274
YJR153W,YCR021C,0,-0.13788818,0.09354682266712189,0.973737359046936,0.943535327911377
YGL243W,YML059C,0,-0.13865031,0.09353774785995483,0.973737359046936,0.9436363577842712
YDR075W,YPL058C,0,-0.13932438,0.09352867305278778,0.973737359046936,0.9437373876571655
YDR188W,YHL050C,0,-0.13935073,0.09351959824562073,0.973737359046936,0.943838357925415
YNL233W,YLL057C,0,-0.13974163,0.09351052343845367,0.973737359046936,0.9439393877983093
YPR180W,YBR100W,0,-0.14122826,0.09350145608186722,0.973737359046936,0.9440404176712036
YHR006W,YML076C,0,-0.14149787,0.09349238872528076,0.973737359046936,0.9441413879394531
YGR030C,YCL064C,0,-0.14173457,0.0934833213686943,0.973737359046936,0.9442424178123474
YML101C,YOL029C,0,-0.14203036,0.09347425401210785,0.973737359046936,0.9443434476852417
YCL051W,YOL084W,0,-0.14290227,0.09346519410610199,0.973737359046936,0.9444444179534912
YIR004W,YGL096W,0,-0.14347036,0.09345613420009613,0.973737359046936,0.9445454478263855
YOL061W,YOR103C,0,-0.14393868,0.09344707429409027,0.973737359046936,0.9446464776992798
YDL100C,YCR063W,0,-0.14465381,0.09343801438808441,0.973737359046936,0.9447474479675293
YDR045C,YLR313C,0,-0.14481099,0.09342896193265915,0.973737359046936,0.9448484778404236
YHR204W,YHL050C,0,-0.14573021,0.09341990202665329,0.973737359046936,0.9449495077133179
YHR088W,YGL231C,0,-0.14730676,0.09341084957122803,0.973737359046936,0.9450504779815674
YLR223C,YPL133C,0,-0.14779945,0.09340180456638336,0.973737359046936,0.9451515078544617
YDR325W,YLR068W,0,-0.14799388,0.0933927521109581,0.973737359046936,0.945252537727356
YKL191W,YNL181W,0,-0.14882876,0.09338370710611343,0.973737359046936,0.9453535079956055
YBR091C,YOL095C,1,-0.1504051,0.09347151964902878,0.9747474789619446,0.9453535079956055
YGR211W,YNL278W,0,-0.15048157,0.09346246719360352,0.9747474789619446,0.9454545378684998
YJR117W,YCR063W,0,-0.15171888,0.09345342218875885,0.9747474789619446,0.945555567741394
YPR057W,YBR100W,0,-0.15179485,0.09344436973333359,0.9747474789619446,0.9456565380096436
YHR154W,YML082W,0,-0.15240175,0.09343532472848892,0.9747474789619446,0.9457575678825378
YOR262W,YML016C,0,-0.15282406,0.09342627227306366,0.9747474789619446,0.9458585977554321
YKR079C,YCR018C,0,-0.15362237,0.09341723471879959,0.9747474789619446,0.9459595680236816
YNL317W,YNL063W,0,-0.15386966,0.09340818971395493,0.9747474789619446,0.9460605978965759
YNL286W,YDR292C,0,-0.15391578,0.09339914470911026,0.9747474789619446,0.9461616277694702
YDR256C,YLR068W,0,-0.15516926,0.09339010715484619,0.9747474789619446,0.9462625980377197
YIL098C,YOL095C,1,-0.15629376,0.09347783774137497,0.9757575988769531,0.9462625980377197
YER176W,YDR361C,0,-0.15733649,0.0934687927365303,0.9757575988769531,0.946363627910614
YJL180C,YOL095C,1,-0.15736966,0.09355650097131729,0.9767676591873169,0.946363627910614
YIL069C,YDL211C,0,-0.15784334,0.09354744851589203,0.9767676591873169,0.9464646577835083
YBR130C,YBR131W,0,-0.15916155,0.09353840351104736,0.9767676591873169,0.9465656280517578
YNL024C,YNL164C,0,-0.15916353,0.0935293585062027,0.9767676591873169,0.9466666579246521
YBR091C,YOL009C,1,-0.15999307,0.0936170220375061,0.9777777791023254,0.9466666579246521
YBR211C,YPR174C,0,-0.16012396,0.09360796958208084,0.9777777791023254,0.9467676877975464
YIL019W,YIL123W,0,-0.16188912,0.09359891712665558,0.9777777791023254,0.9468686580657959
YHR120W,YLR190W,1,-0.16195,0.0936865508556366,0.978787899017334,0.9468686580657959
YHR108W,YOR004W,0,-0.1626413,0.09367749094963074,0.978787899017334,0.9469696879386902
YDR289C,YHL035C,0,-0.16353117,0.09366843849420547,0.978787899017334,0.9470707178115845
YLR004C,YKR064W,0,-0.16458748,0.09365938603878021,0.978787899017334,0.947171688079834
YGR266W,YIL038C,0,-0.16500746,0.09365033358335495,0.978787899017334,0.9472727179527283
YOR177C,YMR118C,0,-0.1661723,0.09364128112792969,0.978787899017334,0.9473737478256226
YPR110C,YHR193C,0,-0.16658454,0.09363223612308502,0.978787899017334,0.9474747180938721
YMR275C,YGL219C,1,-0.16661726,0.09371981024742126,0.9797979593276978,0.9474747180938721
YDL240W,YLR277C,0,-0.16725521,0.0937107503414154,0.9797979593276978,0.9475757479667664
YDR165W,YBR121C,0,-0.16809675,0.09370169788599014,0.9797979593276978,0.9476767778396606
YLR102C,YOR019W,0,-0.16817237,0.09369265288114548,0.9797979593276978,0.9477777481079102
YMR059W,YGL151W,0,-0.16869614,0.09368360042572021,0.9797979593276978,0.9478787779808044
YHR165C,YIL118W,0,-0.16942562,0.09367455542087555,0.9797979593276978,0.9479798078536987
YOR363C,YIL068C,0,-0.1696107,0.09366551041603088,0.9797979593276978,0.948080837726593
YDL003W,YGL070C,0,-0.16996689,0.09365646541118622,0.9797979593276978,0.9481818079948425
YCR018C,YER127W,0,-0.17008613,0.09364742040634155,0.9797979593276978,0.9482828378677368
YLR007W,YPL254W,0,-0.17027295,0.09363838285207748,0.9797979593276978,0.9483838677406311
YDR365C,YDL211C,0,-0.17059971,0.09362934529781342,0.9797979593276978,0.9484848380088806
YKR096W,YJL179W,0,-0.17100258,0.09362030774354935,0.9797979593276978,0.9485858678817749
YMR261C,YJL212C,0,-0.1713699,0.09361127018928528,0.9797979593276978,0.9486868977546692
YLR001C,YDR057W,0,-0.17163102,0.0936022400856018,0.9797979593276978,0.9487878680229187
YDR361C,YHR154W,0,-0.17230955,0.09359320998191833,0.9797979593276978,0.948888897895813
YAL011W,YMR153W,0,-0.17232789,0.09358417987823486,0.9797979593276978,0.9489899277687073
YFL011W,YAL030W,0,-0.17241763,0.09357514977455139,0.9797979593276978,0.9490908980369568
YOL154W,YMR009W,0,-0.17277543,0.09356611967086792,0.9797979593276978,0.9491919279098511
YML016C,YOR001W,0,-0.17308398,0.09355709701776505,0.9797979593276978,0.9492929577827454
YPL175W,YDR259C,0,-0.1731716,0.09354807436466217,0.9797979593276978,0.9493939280509949
YIL053W,YDR384C,0,-0.1738732,0.0935390517115593,0.9797979593276978,0.9494949579238892
YIL154C,YKR034W,0,-0.17438647,0.09353003650903702,0.9797979593276978,0.9495959877967834
YNL287W,YDL012C,0,-0.17440285,0.09352102130651474,0.9797979593276978,0.949696958065033
YKL052C,YCL054W,0,-0.17441575,0.09351199865341187,0.9797979593276978,0.9497979879379272
YPR010C,YLR067C,0,-0.17501238,0.09350299090147018,0.9797979593276978,0.9498990178108215
YKR096W,YLR194C,0,-0.17503063,0.0934939756989479,0.9797979593276978,0.949999988079071
YEL039C,YDR438W,0,-0.17506365,0.09348496794700623,0.9797979593276978,0.9501010179519653
YPL209C,YDR441C,0,-0.17529014,0.09347595274448395,0.9797979593276978,0.9502020478248596
YFL026W,YLR288C,0,-0.17587683,0.09346695244312286,0.9797979593276978,0.9503030180931091
YGR082W,YOL076W,1,-0.17611101,0.0935542955994606,0.9808080792427063,0.9503030180931091
YML067C,YHR090C,0,-0.17764084,0.09354528039693832,0.9808080792427063,0.9504040479660034
YJL174W,YDL119C,0,-0.17854038,0.09353626519441605,0.9808080792427063,0.9505050778388977
YBR016W,YJL003W,0,-0.17886186,0.09352725744247437,0.9808080792427063,0.9506060481071472
YDR361C,YBR078W,0,-0.17897291,0.09351824969053268,0.9808080792427063,0.9507070779800415
YML016C,YDL102W,0,-0.1795347,0.093509241938591,0.9808080792427063,0.9508081078529358
YAL007C,YGL231C,0,-0.18048492,0.09350024163722992,0.9808080792427063,0.9509090781211853
YOR049C,YJL196C,0,-0.18149623,0.09349124133586884,0.9808080792427063,0.9510101079940796
YPR110C,YPL133C,0,-0.18266691,0.09348224103450775,0.9808080792427063,0.9511111378669739
YDR439W,YPL189W,0,-0.18310405,0.09347324073314667,0.9808080792427063,0.9512121081352234
YIL064W,YEL048C,0,-0.18336682,0.09346424043178558,0.9808080792427063,0.9513131380081177
YNL318C,YOR236W,0,-0.18379547,0.0934552475810051,0.9808080792427063,0.951414167881012
YGR178C,YLR263W,0,-0.18631992,0.09344625473022461,0.9808080792427063,0.9515151381492615
YGL076C,YBR028C,0,-0.18782221,0.09343726187944412,0.9808080792427063,0.9516161680221558
YBR065C,YOL135C,0,-0.18808642,0.09342826902866364,0.9808080792427063,0.95171719789505
YNL250W,YOR011W,0,-0.18831587,0.09341928362846375,0.9808080792427063,0.9518181681632996
YDR407C,YBR248C,0,-0.18892851,0.09341029077768326,0.9808080792427063,0.9519191980361938
YCR016W,YHR201C,0,-0.18925433,0.09340130537748337,0.9808080792427063,0.9520202279090881
YLL018C-A,YOL095C,1,-0.1898835,0.09348850697278976,0.9818181991577148,0.9520202279090881
YBR034C,YDR303C,0,-0.19064166,0.09347951412200928,0.9818181991577148,0.9521211981773376
YHR033W,YGL096W,0,-0.19077156,0.09347052872180939,0.9818181991577148,0.9522222280502319
YDR075W,YBR188C,0,-0.1920855,0.0934615358710289,0.9818181991577148,0.9523232579231262
YLR131C,YCL054W,0,-0.1932954,0.09345255047082901,0.9818181991577148,0.9524242281913757
YLR417W,YAL068C,0,-0.1934158,0.09344356507062912,0.9818181991577148,0.95252525806427
YOL076W,YBR091C,1,-0.19413944,0.09353071451187134,0.9828282594680786,0.95252525806427
YHR204W,YAL011W,0,-0.1941545,0.09352172166109085,0.9828282594680786,0.9526262879371643
YGR099W,YDR395W,0,-0.19479996,0.09351273626089096,0.9828282594680786,0.9527272582054138
YDL175C,YML081W,0,-0.19480713,0.09350375086069107,0.9828282594680786,0.9528282880783081
YML081W,YLR115W,0,-0.19553359,0.09349476546049118,0.9828282594680786,0.9529293179512024
YDR108W,YDR165W,0,-0.19753505,0.09348578006029129,0.9828282594680786,0.9530302882194519
YAL011W,YHL026C,0,-0.1982937,0.093476802110672,0.9828282594680786,0.9531313180923462
YJL021C,YAL028W,0,-0.19916971,0.0934678167104721,0.9828282594680786,0.9532323479652405
YKR064W,YDR515W,0,-0.19923656,0.09345883876085281,0.9828282594680786,0.95333331823349
YDL135C,YDR045C,0,-0.1994129,0.09344986826181412,0.9828282594680786,0.9534343481063843
YBR268W,YKR099W,0,-0.20071518,0.09344089031219482,0.9828282594680786,0.9535353779792786
YLL021W,YDL211C,0,-0.20089856,0.09343191981315613,0.9828282594680786,0.9536363482475281
YIL022W,YHR120W,1,-0.20135947,0.09351896494626999,0.9838383793830872,0.9536363482475281
YGL025C,YNL247W,0,-0.20283471,0.0935099869966507,0.9838383793830872,0.9537373781204224
YLL018C,YHR169W,0,-0.20305078,0.0935010090470314,0.9838383793830872,0.9538384079933167
YPR143W,YKL081W,0,-0.20306027,0.09349203109741211,0.9838383793830872,0.9539393782615662
YGL067W,YIL120W,0,-0.20349382,0.09348306059837341,0.9838383793830872,0.9540404081344604
YMR063W,YDR019C,0,-0.20399374,0.09347409009933472,0.9838383793830872,0.9541414380073547
YIL069C,YKR079C,0,-0.20408888,0.09346511960029602,0.9838383793830872,0.9542424082756042
YHR201C,YHL025W,0,-0.20436434,0.09345614910125732,0.9838383793830872,0.9543434381484985
YHR169W,YCL044C,0,-0.20439439,0.09344718605279922,0.9838383793830872,0.9544444680213928
YGL063W,YBR189W,0,-0.20551266,0.09343822300434113,0.9838383793830872,0.9545454382896423
YML081W,YPL253C,0,-0.20644297,0.09342925995588303,0.9838383793830872,0.9546464681625366
YDL003W,YLR409C,0,-0.20779856,0.09342029690742493,0.9838383793830872,0.9547474980354309
YLR092W,YMR237W,0,-0.2084653,0.09341133385896683,0.9838383793830872,0.9548484683036804
YIL096C,YBR188C,0,-0.20857845,0.09340237826108932,0.9838383793830872,0.9549494981765747
YER063W,YBR085W,0,-0.21136968,0.09339342266321182,0.9838383793830872,0.955050528049469
YKL062W,YER179W,0,-0.21162619,0.09338446706533432,0.9838383793830872,0.9551514983177185
YDR464W,YNL246W,0,-0.21191706,0.09337551891803741,0.9838383793830872,0.9552525281906128
YDR482C,YFR034C,0,-0.21196415,0.09336656332015991,0.9838383793830872,0.9553535580635071
YKL069W,YPL198W,0,-0.2123052,0.093357615172863,0.9838383793830872,0.9554545283317566
YPL056C,YMR183C,0,-0.21263535,0.0933486670255661,0.9838383793830872,0.9555555582046509
YDR201W,YBR191W,0,-0.21325763,0.0933397188782692,0.9838383793830872,0.9556565880775452
YBR180W,YLR435W,0,-0.21336065,0.09333077818155289,0.9838383793830872,0.9557575583457947
YHR154W,YIL118W,0,-0.21372335,0.09332183748483658,0.9838383793830872,0.955858588218689
YPR046W,YLR384C,0,-0.21393324,0.09331289678812027,0.9838383793830872,0.9559596180915833
YGR103W,YBR023C,0,-0.21472578,0.09330395609140396,0.9838383793830872,0.9560605883598328
YKL110C,YKL006C-A,0,-0.21545835,0.09329502284526825,0.9838383793830872,0.956161618232727
YJL098W,YGL027C,0,-0.2155347,0.09328608214855194,0.9838383793830872,0.9562626481056213
YMR048W,YHR142W,0,-0.2168672,0.09327714890241623,0.9838383793830872,0.9563636183738708
YIL107C,YDR438W,0,-0.21765985,0.09326821565628052,0.9838383793830872,0.9564646482467651
YGL246C,YGL085W,0,-0.21800472,0.0932592898607254,0.9838383793830872,0.9565656781196594
YCR035C,YER060W,0,-0.2191483,0.09325035661458969,0.9838383793830872,0.9566666483879089
YEL039C,YKL132C,0,-0.21925245,0.09324143081903458,0.9838383793830872,0.9567676782608032
YLL048C,YDR257C,0,-0.2199205,0.09323250502347946,0.9838383793830872,0.9568687081336975
YGR283C,YKL063C,0,-0.22098626,0.09322358667850494,0.9838383793830872,0.956969678401947
YMR076C,YIL096C,0,-0.22349854,0.09321466088294983,0.9838383793830872,0.9570707082748413
YHR120W,YNL066W,1,-0.22395258,0.0933014377951622,0.9848484992980957,0.9570707082748413
YDR325W,YDR292C,0,-0.22410889,0.09329250454902649,0.9848484992980957,0.9571717381477356
YOL132W,YOL084W,0,-0.22415791,0.09328357875347137,0.9848484992980957,0.9572727084159851
YGL063W,YNL164C,0,-0.22424634,0.09327466040849686,0.9848484992980957,0.9573737382888794
YFR031C-A,YHR197W,0,-0.22430213,0.09326573461294174,0.9848484992980957,0.9574747681617737
YDR381W,YLR175W,0,-0.22523172,0.09325681626796722,0.9848484992980957,0.9575757384300232
YIL056W,YBR043C,0,-0.22785045,0.0932478979229927,0.9848484992980957,0.9576767683029175
YPR057W,YNR059W,0,-0.22983433,0.09323897957801819,0.9848484992980957,0.9577777981758118
YPL043W,YDR308C,0,-0.23031391,0.09323006123304367,0.9848484992980957,0.9578787684440613
YKL185W,YPR095C,0,-0.23050429,0.09322115033864975,0.9848484992980957,0.9579797983169556
YGR082W,YNL066W,1,-0.23065425,0.09330783784389496,0.9858585596084595,0.9579797983169556
YLR215C,YDL117W,0,-0.23112611,0.09329891949892044,0.9858585596084595,0.9580808281898499
YIL009W,YPL193W,0,-0.23126702,0.09329000115394592,0.9858585596084595,0.9581817984580994
YJR132W,YDL087C,0,-0.2323576,0.0932810828089714,0.9858585596084595,0.9582828283309937
YBL063W,YIR031C,0,-0.23273514,0.09327217191457748,0.9858585596084595,0.9583838582038879
YKL081W,YDR165W,0,-0.23308642,0.09326326102018356,0.9858585596084595,0.9584848284721375
YML081W,YIL038C,0,-0.23348679,0.09325435012578964,0.9858585596084595,0.9585858583450317
YLL031C,YJR041C,0,-0.23425062,0.09324543923139572,0.9858585596084595,0.958686888217926
YJL181W,YIL011W,0,-0.23437326,0.0932365283370018,0.9858585596084595,0.9587878584861755
YOR252W,YFL018W-A,0,-0.23458196,0.09322762489318848,0.9858585596084595,0.9588888883590698
YAL048C,YLL018C-A,1,-0.23572065,0.09331423044204712,0.986868679523468,0.9588888883590698
YBR153W,YOL144W,0,-0.23689891,0.0933053195476532,0.986868679523468,0.9589899182319641
YJR041C,YCR018C,0,-0.23733021,0.09329640865325928,0.986868679523468,0.9590908885002136
YOR189W,YPL198W,0,-0.23829739,0.09328749775886536,0.986868679523468,0.9591919183731079
YDL098C,YOR048C,0,-0.23889302,0.09327859431505203,0.986868679523468,0.9592929482460022
YDR325W,YOR001W,0,-0.23895182,0.09326969087123871,0.986868679523468,0.9593939185142517
YOL154W,YOR363C,0,-0.23932122,0.09326078742742538,0.986868679523468,0.959494948387146
YPR174C,YLR175W,0,-0.23946254,0.09325188398361206,0.986868679523468,0.9595959782600403
YJL098W,YCR018C,0,-0.24066104,0.09324298799037933,0.986868679523468,0.9596969485282898
YGR120C,YPL156C,0,-0.2411644,0.09323408454656601,0.986868679523468,0.9597979784011841
YLR293C,YHR020W,0,-0.24181445,0.09322518855333328,0.986868679523468,0.9598990082740784
YGL171W,YOR009W,0,-0.24459611,0.09321629256010056,0.986868679523468,0.9599999785423279
YER040W,YOR319W,0,-0.2448322,0.09320740401744843,0.986868679523468,0.9601010084152222
YDR110W,YDL117W,0,-0.24568976,0.0931985154747963,0.986868679523468,0.9602020382881165
YIL064W,YPL253C,0,-0.24764727,0.09318961948156357,0.986868679523468,0.960303008556366
YIL148W,YKL099C,0,-0.24779285,0.09318073093891144,0.986868679523468,0.9604040384292603
YMR105C,YCL048W,0,-0.24804385,0.0931718498468399,0.986868679523468,0.9605050683021545
YHL017W,YGL195W,0,-0.24820347,0.09316296130418777,0.986868679523468,0.960606038570404
YPL056C,YEL032W,0,-0.24843298,0.09315408021211624,0.986868679523468,0.9607070684432983
YHR201C,YKR095W,0,-0.24960838,0.09314519912004471,0.986868679523468,0.9608080983161926
YOL154W,YHR190W,0,-0.24986874,0.09313631802797318,0.986868679523468,0.9609090685844421
YNL250W,YLR384C,0,-0.2515423,0.09312744438648224,0.986868679523468,0.9610100984573364
YGR060W,YDR261C,0,-0.25217345,0.0931185632944107,0.986868679523468,0.9611111283302307
YPL141C,YLR181C,0,-0.2541166,0.09310968965291977,0.986868679523468,0.9612120985984802
YHR165C,YDR300C,0,-0.2553045,0.09310081601142883,0.986868679523468,0.9613131284713745
YPR161C,YJR035W,0,-0.2553279,0.0930919498205185,0.986868679523468,0.9614141583442688
YDR110W,YBR094W,0,-0.25667724,0.09308307617902756,0.986868679523468,0.9615151286125183
YPL001W,YGR055W,0,-0.25706503,0.09307420998811722,0.986868679523468,0.9616161584854126
YBR005W,YPR148C,0,-0.2600793,0.09306534379720688,0.986868679523468,0.9617171883583069
YPR110C,YKL063C,0,-0.26064965,0.09305648505687714,0.986868679523468,0.9618181586265564
YCR086W,YLL021W,0,-0.26073384,0.0930476188659668,0.986868679523468,0.9619191884994507
YDR430C,YPL176C,0,-0.2615882,0.09303876012563705,0.986868679523468,0.962020218372345
YKR034W,YNR059W,0,-0.26412728,0.09302990138530731,0.986868679523468,0.9621211886405945
YIL018W,YCL054W,0,-0.2644875,0.09302104264497757,0.986868679523468,0.9622222185134888
YGL028C,YER109C,0,-0.26520732,0.09301218390464783,0.986868679523468,0.9623232483863831
YPR106W,YBR090C-A,0,-0.26560095,0.09300333261489868,0.986868679523468,0.9624242186546326
YGR161C,YDR438W,0,-0.2662632,0.09299448132514954,0.986868679523468,0.9625252485275269
YEL051W,YCL054W,0,-0.2669879,0.09298563003540039,0.986868679523468,0.9626262784004211
YDR441C,YLR234W,0,-0.26770794,0.09297677874565125,0.986868679523468,0.9627272486686707
YOL032W,YGR138C,0,-0.2679746,0.0929679349064827,0.986868679523468,0.9628282785415649
YPR174C,YGL151W,0,-0.26800415,0.09295908361673355,0.986868679523468,0.9629293084144592
YPR110C,YBR112C,0,-0.26840332,0.092950239777565,0.986868679523468,0.9630302786827087
YKL033W,YGL076C,0,-0.26900604,0.09294140338897705,0.986868679523468,0.963131308555603
YML023C,YNL199C,0,-0.26923057,0.0929325595498085,0.986868679523468,0.9632323384284973
YOL078W,YOR109W,0,-0.26972216,0.09292372316122055,0.986868679523468,0.9633333086967468
YPR188C,YAL059W,0,-0.27000126,0.0929148867726326,0.986868679523468,0.9634343385696411
YKL033W,YDL093W,0,-0.27039203,0.09290605038404465,0.986868679523468,0.9635353684425354
YOR207C,YDL209C,0,-0.27157253,0.0928972139954567,0.986868679523468,0.9636363387107849
YGL092W,YKR027W,0,-0.27161482,0.09288838505744934,0.986868679523468,0.9637373685836792
YDR098C,YDR045C,0,-0.2725062,0.09287954866886139,0.986868679523468,0.9638383984565735
YJL181W,YBL063W,0,-0.27268872,0.09287071973085403,0.986868679523468,0.963939368724823
YDR361C,YLR249W,0,-0.2740479,0.09286189824342728,0.986868679523468,0.9640403985977173
YOR192C,YLR299W,0,-0.274675,0.09285306930541992,0.986868679523468,0.9641414284706116
YOL032W,YKL079W,0,-0.27541766,0.09284424781799316,0.986868679523468,0.9642423987388611
YBR060C,YLR328W,0,-0.2760829,0.0928354263305664,0.986868679523468,0.9643434286117554
YOR090C,YNL045W,0,-0.27634135,0.09282660484313965,0.986868679523468,0.9644444584846497
YNL132W,YBL008W,0,-0.2773919,0.09281778335571289,0.986868679523468,0.9645454287528992
YLR413W,YBR015C,0,-0.27919385,0.09280896931886673,0.986868679523468,0.9646464586257935
YBR003W,YGL045W,0,-0.28106734,0.09280015528202057,0.986868679523468,0.9647474884986877
YIL064W,YLR347C,0,-0.28168312,0.09279134124517441,0.986868679523468,0.9648484587669373
YGR057C,YPL178W,0,-0.2817811,0.09278252720832825,0.986868679523468,0.9649494886398315
YOR191W,YJR041C,0,-0.28394666,0.09277371317148209,0.986868679523468,0.9650505185127258
YDR397C,YMR001C,0,-0.2848545,0.09276490658521652,0.986868679523468,0.9651514887809753
YOR103C,YFL018W-A,0,-0.28583688,0.09275609999895096,0.986868679523468,0.9652525186538696
YNL247W,YNL111C,0,-0.287042,0.0927472934126854,0.986868679523468,0.9653535485267639
YDR188W,YNL216W,0,-0.28705904,0.09273849427700043,0.986868679523468,0.9654545187950134
YLR181C,YJL058C,0,-0.2876644,0.09272968769073486,0.986868679523468,0.9655555486679077
YMR275C,YKL134C,1,-0.28770187,0.09281579405069351,0.9878787994384766,0.9655555486679077
YBR085W,YNR024W,0,-0.2896222,0.09280698746442795,0.9878787994384766,0.965656578540802
YHR149C,YBR034C,0,-0.2926655,0.09279818087816238,0.9878787994384766,0.9657575488090515
YHR106W,YFR053C,0,-0.29282156,0.09278937429189682,0.9878787994384766,0.9658585786819458
YGL070C,YPL178W,0,-0.29300657,0.09278056770563126,0.9878787994384766,0.9659596085548401
YBR114W,YLR411W,0,-0.29354987,0.09277176856994629,0.9878787994384766,0.9660605788230896
YOL076W,YLR190W,1,-0.29388654,0.09285782277584076,0.9888888597488403,0.9660605788230896
YGL243W,YGR283C,0,-0.29403576,0.0928490161895752,0.9888888597488403,0.9661616086959839
YNL221C,YOR258W,0,-0.294512,0.09284020960330963,0.9888888597488403,0.9662626385688782
YDL003W,YHR090C,0,-0.2945721,0.09283140301704407,0.9888888597488403,0.9663636088371277
YOL076W,YNL066W,1,-0.29463333,0.09291741997003555,0.9898989796638489,0.9663636088371277
YGL243W,YGR005C,0,-0.29519,0.09290860593318939,0.9898989796638489,0.966464638710022
YHR073W,YCR091W,0,-0.29761824,0.09289979934692383,0.9898989796638489,0.9665656685829163
YDL091C,YDR235W,0,-0.2985855,0.09289099276065826,0.9898989796638489,0.9666666388511658
YPR037C,YMR059W,0,-0.29877916,0.0928821936249733,0.9898989796638489,0.9667676687240601
YDL209C,YGR211W,0,-0.29983276,0.09287338703870773,0.9898989796638489,0.9668686985969543
YGL189C,YCR016W,0,-0.30039164,0.09286458790302277,0.9898989796638489,0.9669696688652039
YLR223C,YPL115C,0,-0.3004541,0.0928557887673378,0.9898989796638489,0.9670706987380981
YDR235W,YNL118C,0,-0.30193025,0.09284698963165283,0.9898989796638489,0.9671717286109924
YDR280W,YHR197W,0,-0.30356938,0.09283819794654846,0.9898989796638489,0.9672726988792419
YOR101W,YPR141C,0,-0.30424827,0.0928293988108635,0.9898989796638489,0.9673737287521362
YDR398W,YHR201C,0,-0.30498198,0.09282060712575912,0.9898989796638489,0.9674747586250305
YBR114W,YPL175W,0,-0.30552763,0.09281182289123535,0.9898989796638489,0.96757572889328
YHR009C,YGL129C,0,-0.3060026,0.09280303120613098,0.9898989796638489,0.9676767587661743
YPR134W,YPR199C,0,-0.30903164,0.09279423952102661,0.9898989796638489,0.9677777886390686
YDR201W,YNL286W,0,-0.30937257,0.09278545528650284,0.9898989796638489,0.9678787589073181
YHL011C,YLR435W,0,-0.30942193,0.09277667105197906,0.9898989796638489,0.9679797887802124
YKR096W,YML076C,0,-0.30947536,0.09276789426803589,0.9898989796638489,0.9680808186531067
YKL052C,YBL051C,0,-0.30983153,0.09275911003351212,0.9898989796638489,0.9681817889213562
YEL039C,YPR199C,0,-0.31056333,0.09275033324956894,0.9898989796638489,0.9682828187942505
YDR257C,YBL025W,0,-0.3110507,0.09274155646562576,0.9898989796638489,0.9683838486671448
YPL203W,YKR034W,0,-0.31242606,0.09273277968168259,0.9898989796638489,0.9684848189353943
YGL061C,YKR083C,0,-0.31302264,0.09272400289773941,0.9898989796638489,0.9685858488082886
YIL052C,YEL048C,0,-0.31324625,0.09271523356437683,0.9898989796638489,0.9686868786811829
YOR011W,YHL026C,0,-0.31488442,0.09270646423101425,0.9898989796638489,0.9687879085540771
YGR129W,YDR200C,0,-0.31630453,0.09269769489765167,0.9898989796638489,0.9688888788223267
YDR259C,YPR046W,0,-0.31839952,0.09268892556428909,0.9898989796638489,0.968989908695221
YPR110C,YDR469W,0,-0.318445,0.09268015623092651,0.9898989796638489,0.9690909385681152
YIL120W,YGR097W,0,-0.3210372,0.09267139434814453,0.9898989796638489,0.9691919088363647
YOR252W,YPR141C,0,-0.3218095,0.09266263246536255,0.9898989796638489,0.969292938709259
YDR490C,YFR030W,0,-0.32279918,0.09265387058258057,0.9898989796638489,0.9693939685821533
YDL072C,YML016C,0,-0.3228266,0.09264511615037918,0.9898989796638489,0.9694949388504028
YPL225W,YOL032W,0,-0.32396057,0.0926363542675972,0.9898989796638489,0.9695959687232971
YMR059W,YGL238W,0,-0.32639137,0.09262759983539581,0.9898989796638489,0.9696969985961914
YGR283C,YKL081W,0,-0.3279916,0.09261884540319443,0.9898989796638489,0.9697979688644409
YPR110C,YJL186W,0,-0.33049414,0.09261009097099304,0.9898989796638489,0.9698989987373352
YAL059W,YPR105C,0,-0.33120233,0.09260134398937225,0.9898989796638489,0.9700000286102295
YNL051W,YJR096W,0,-0.3326473,0.09259258955717087,0.9898989796638489,0.970100998878479
YBL014C,YMR183C,0,-0.33277568,0.09258384257555008,0.9898989796638489,0.9702020287513733
YNR024W,YNL216W,0,-0.3332747,0.09257509559392929,0.9898989796638489,0.9703030586242676
YDR325W,YOR341W,0,-0.3339233,0.0925663560628891,0.9898989796638489,0.9704040288925171
YLR037C,YPL075W,0,-0.3351282,0.09255760908126831,0.9898989796638489,0.9705050587654114
YOR119C,YPL253C,0,-0.33660322,0.09254886955022812,0.9898989796638489,0.9706060886383057
YIL030C,YGR094W,0,-0.33853874,0.09254013001918793,0.9898989796638489,0.9707070589065552
YFL026W,YBR094W,0,-0.33975697,0.09253139793872833,0.9898989796638489,0.9708080887794495
YLR451W,YLR413W,0,-0.3420892,0.09252265840768814,0.9898989796638489,0.9709091186523438
YHR142W,YHL011C,0,-0.34484607,0.09251392632722855,0.9898989796638489,0.9710100889205933
YDR078C,YCR035C,0,-0.34654486,0.09250519424676895,0.9898989796638489,0.9711111187934875
YOR252W,YNL288W,0,-0.3476795,0.09249646216630936,0.9898989796638489,0.9712121486663818
YGR082W,YHR120W,1,-0.3480045,0.092582106590271,0.9909090995788574,0.9712121486663818
YOL154W,YKL062W,0,-0.34840485,0.0925733670592308,0.9909090995788574,0.9713131189346313
YGL073W,YGL144C,0,-0.34934092,0.09256463497877121,0.9909090995788574,0.9714141488075256
YOR334W,YML082W,0,-0.35118023,0.09255590289831161,0.9909090995788574,0.9715151786804199
YJR052W,YGL045W,0,-0.35176453,0.09254717081785202,0.9909090995788574,0.9716161489486694
YOR267C,YKL129C,0,-0.3536001,0.09253843873739243,0.9909090995788574,0.9717171788215637
YGR099W,YNL123W,0,-0.3547019,0.09252971410751343,0.9909090995788574,0.971818208694458
YDR256C,YJL179W,0,-0.35498384,0.09252098202705383,0.9909090995788574,0.9719191789627075
YER056C,YGL195W,0,-0.35502955,0.09251225739717484,0.9909090995788574,0.9720202088356018
YNL199C,YDR078C,0,-0.35558626,0.09250353276729584,0.9909090995788574,0.9721212387084961
YIL019W,YIL014W,0,-0.3573175,0.09249481558799744,0.9909090995788574,0.9722222089767456
YPL234C,YDL211C,0,-0.36019784,0.09248609095811844,0.9909090995788574,0.9723232388496399
YPL207W,YNL038W,0,-0.36064336,0.09247737377882004,0.9909090995788574,0.9724242687225342
YPR143W,YDL145C,0,-0.36071065,0.09246865659952164,0.9909090995788574,0.9725252389907837
YHR088W,YIR004W,0,-0.36153153,0.09245994687080383,0.9909090995788574,0.972626268863678
YDR235W,YLR220W,0,-0.36154392,0.09245122969150543,0.9909090995788574,0.9727272987365723
YLR004C,YMR040W,0,-0.36322227,0.09244251996278763,0.9909090995788574,0.9728282690048218
YJR042W,YPL254W,0,-0.3636732,0.09243381023406982,0.9909090995788574,0.9729292988777161
YMR053C,YKL051W,0,-0.3683355,0.09242510050535202,0.9909090995788574,0.9730303287506104
YHR170W,YMR183C,0,-0.36920482,0.09241639077663422,0.9909090995788574,0.9731312990188599
YDR528W,YGL058W,0,-0.3706018,0.09240768849849701,0.9909090995788574,0.9732323288917542
YKL063C,YLR323C,0,-0.37096128,0.0923989862203598,0.9909090995788574,0.9733333587646484
YHR154W,YER127W,0,-0.37156126,0.0923902839422226,0.9909090995788574,0.973434329032898
YGR055W,YML102W,0,-0.37156168,0.09238158166408539,0.9909090995788574,0.9735353589057922
YJR042W,YJL035C,0,-0.371713,0.09237287938594818,0.9909090995788574,0.9736363887786865
YBR248C,YDR176W,0,-0.37220988,0.09236418455839157,0.9909090995788574,0.973737359046936
YAL007C,YDR087C,0,-0.37343094,0.09235548973083496,0.9909090995788574,0.9738383889198303
YDR482C,YDL102W,0,-0.37487414,0.09234679490327835,0.9909090995788574,0.9739394187927246
YLR223C,YCL016C,0,-0.37564418,0.09233810007572174,0.9909090995788574,0.9740403890609741
YLR277C,YGR283C,0,-0.37653115,0.09232941269874573,0.9909090995788574,0.9741414189338684
YER176W,YKL063C,0,-0.37709954,0.09232072532176971,0.9909090995788574,0.9742424488067627
YOL012C,YLR068W,0,-0.38078174,0.0923120379447937,0.9909090995788574,0.9743434190750122
YMR076C,YNL164C,0,-0.3809942,0.09230335056781769,0.9909090995788574,0.9744444489479065
YNR032C-A,YNL094W,0,-0.3811562,0.09229466319084167,0.9909090995788574,0.9745454788208008
YHR088W,YML031W,0,-0.38284245,0.09228598326444626,0.9909090995788574,0.9746464490890503
YHR197W,YKL196C,0,-0.3839056,0.09227730333805084,0.9909090995788574,0.9747474789619446
YDR256C,YHR148W,0,-0.38396066,0.09226862341165543,0.9909090995788574,0.9748485088348389
YGR024C,YDR045C,0,-0.38446888,0.09225994348526001,0.9909090995788574,0.9749494791030884
YOR091W,YER031C,0,-0.38612625,0.09225127100944519,0.9909090995788574,0.9750505089759827
YGR211W,YBR131W,0,-0.38682035,0.09224259853363037,0.9909090995788574,0.975151538848877
YER032W,YCL054W,0,-0.38682362,0.09223392605781555,0.9909090995788574,0.9752525091171265
YNL145W,YOR247W,0,-0.38774794,0.09222525358200073,0.9909090995788574,0.9753535389900208
YDR204W,YFR030W,0,-0.3879499,0.09221658110618591,0.9909090995788574,0.975454568862915
YML081W,YMR153W,0,-0.3887902,0.09220791608095169,0.9909090995788574,0.9755555391311646
YGL243W,YLR409C,0,-0.3889803,0.09219925105571747,0.9909090995788574,0.9756565690040588
YKL040C,YBL025W,0,-0.39211598,0.09219058603048325,0.9909090995788574,0.9757575988769531
YHL003C,YGL111W,0,-0.3937489,0.09218192100524902,0.9909090995788574,0.9758585691452026
YPR034W,YJL168C,0,-0.39534065,0.0921732559800148,0.9909090995788574,0.9759595990180969
YNL233W,YLR052W,0,-0.39581892,0.09216459840536118,0.9909090995788574,0.9760606288909912
YNR048W,YHR149C,0,-0.3977166,0.09215594083070755,0.9909090995788574,0.9761615991592407
YDL093W,YDL145C,0,-0.39776593,0.09214728325605392,0.9909090995788574,0.976262629032135
YPL100W,YGR142W,0,-0.39817014,0.0921386331319809,0.9909090995788574,0.9763636589050293
YDR361C,YOR319W,0,-0.39824432,0.09212997555732727,0.9909090995788574,0.9764646291732788
YMR053C,YBR054W,0,-0.39882848,0.09212132543325424,0.9909090995788574,0.9765656590461731
YDR021W,YMR153W,0,-0.40026483,0.09211267530918121,0.9909090995788574,0.9766666889190674
YCL029C,YOR026W,0,-0.4012229,0.09210402518510818,0.9909090995788574,0.9767676591873169
YPL133C,YDR021W,0,-0.40127948,0.09209538251161575,0.9909090995788574,0.9768686890602112
YJL186W,YOR272W,0,-0.40329376,0.09208673983812332,0.9909090995788574,0.9769697189331055
YGR235C,YDL134C,0,-0.40504536,0.09207808971405029,0.9909090995788574,0.977070689201355
YJL183W,YDR397C,0,-0.40578938,0.09206945449113846,0.9909090995788574,0.9771717190742493
YJR042W,YMR048W,0,-0.40600827,0.09206081181764603,0.9909090995788574,0.9772727489471436
YNL233W,YCR035C,0,-0.40767586,0.0920521691441536,0.9909090995788574,0.9773737192153931
YER031C,YBL072C,0,-0.4079641,0.09204353392124176,0.9909090995788574,0.9774747490882874
YHR088W,YDR515W,0,-0.40812173,0.09203489869832993,0.9909090995788574,0.9775757789611816
YGL246C,YER093C,0,-0.40937778,0.09202626347541809,0.9909090995788574,0.9776767492294312
YLL048C,YHR197W,0,-0.40938452,0.09201763570308685,0.9909090995788574,0.9777777791023254
YDR317W,YCL039W,0,-0.4102812,0.09200900048017502,0.9909090995788574,0.9778788089752197
YHR148W,YKL081W,0,-0.41114444,0.09200037270784378,0.9909090995788574,0.9779797792434692
YDR201W,YHR090C,0,-0.41160104,0.09199174493551254,0.9909090995788574,0.9780808091163635
YMR234W,YPL178W,0,-0.41198185,0.0919831246137619,0.9909090995788574,0.9781818389892578
YHR118C,YNL164C,0,-0.4197902,0.09197449684143066,0.9909090995788574,0.9782828092575073
YKR079C,YLL021W,0,-0.4261367,0.09196587651968002,0.9909090995788574,0.9783838391304016
YCR016W,YLR367W,0,-0.42639026,0.09195725619792938,0.9909090995788574,0.9784848690032959
YNR048W,YBL035C,0,-0.42696473,0.09194863587617874,0.9909090995788574,0.9785858392715454
YLR277C,YCR016W,0,-0.42748782,0.0919400155544281,0.9909090995788574,0.9786868691444397
YLR102C,YDL124W,0,-0.42861995,0.09193140268325806,0.9909090995788574,0.978787899017334
YBR091C,YML061C,1,-0.42863926,0.09201648831367493,0.991919219493866,0.978787899017334
YFL025C,YMR177W,0,-0.42888162,0.09200786799192429,0.991919219493866,0.9788888692855835
YGR235C,YPR155C,0,-0.43049738,0.09199924767017365,0.991919219493866,0.9789898991584778
YMR074C,YML055W,0,-0.43060583,0.0919906347990036,0.991919219493866,0.9790909290313721
YLR019W,YGL016W,0,-0.43313286,0.09198201447725296,0.991919219493866,0.9791918992996216
YDR004W,YHR157W,0,-0.43579736,0.09197340160608292,0.991919219493866,0.9792929291725159
YOL076W,YPL063W,1,-0.43711263,0.09205843508243561,0.9929292798042297,0.9792929291725159
YJL181W,YKL043W,0,-0.4382408,0.09204981476068497,0.9929292798042297,0.9793939590454102
YDR361C,YKR095W,0,-0.43874767,0.09204120188951492,0.9929292798042297,0.9794949293136597
YBR015C,YLR384C,0,-0.44085714,0.09203258156776428,0.9929292798042297,0.979595959186554
YGR024C,YDR091C,0,-0.4418524,0.09202396869659424,0.9929292798042297,0.9796969890594482
YOR359W,YLR413W,0,-0.44254223,0.0920153483748436,0.9929292798042297,0.9797979593276978
YMR220W,YPL058C,0,-0.4441723,0.09200673550367355,0.9929292798042297,0.979898989200592
YIL007C,YNL286W,0,-0.44418982,0.0919981300830841,0.9929292798042297,0.9800000190734863
YGL027C,YGL144C,0,-0.44520143,0.09198951721191406,0.9929292798042297,0.9801009893417358
YDR023W,YLR200W,0,-0.4470192,0.09198091179132462,0.9929292798042297,0.9802020192146301
YJR132W,YPL207W,0,-0.44949874,0.09197230637073517,0.9929292798042297,0.9803030490875244
YOR260W,YFR038W,0,-0.45093605,0.09196370095014572,0.9929292798042297,0.9804040193557739
YHR169W,YHR193C,0,-0.45459345,0.09195509552955627,0.9929292798042297,0.9805050492286682
YBR091C,YMR035W,1,-0.45886356,0.0920400321483612,0.9939393997192383,0.9805050492286682
YDR004W,YDR110W,0,-0.46063992,0.09203142672777176,0.9939393997192383,0.9806060791015625
YPL207W,YBL031W,0,-0.46144113,0.09202282130718231,0.9939393997192383,0.980707049369812
YAL011W,YMR125W,0,-0.4616098,0.09201421588659286,0.9939393997192383,0.9808080792427063
YJR042W,YHR201C,0,-0.4643151,0.09200561046600342,0.9939393997192383,0.9809091091156006
YGR082W,YLR059C,1,-0.46443495,0.09209050238132477,0.9949495196342468,0.9809091091156006
YOL076W,YML061C,1,-0.46742114,0.09217537939548492,0.9959595799446106,0.9809091091156006
YER062C,YDR435C,0,-0.46983764,0.09216675907373428,0.9959595799446106,0.9810100793838501
YLR361C,YBR023C,0,-0.47271428,0.09215814620256424,0.9959595799446106,0.9811111092567444
YBR043C,YPL056C,0,-0.4763662,0.0921495333313942,0.9959595799446106,0.9812121391296387
YGL092W,YLR068W,0,-0.47727522,0.09214092046022415,0.9959595799446106,0.9813131093978882
YDR190C,YGL105W,0,-0.47917017,0.0921323150396347,0.9959595799446106,0.9814141392707825
YGR103W,YDL235C,0,-0.48138598,0.09212370216846466,0.9959595799446106,0.9815151691436768
YDL240W,YHR133C,0,-0.48419932,0.09211509674787521,0.9959595799446106,0.9816161394119263
YKL149C,YML081W,0,-0.485598,0.09210649132728577,0.9959595799446106,0.9817171692848206
YML057W,YBR169C,0,-0.48740545,0.09209788590669632,0.9959595799446106,0.9818181991577148
YKR095W,YKL099C,0,-0.48928604,0.09208928793668747,0.9959595799446106,0.9819191694259644
YKL110C,YKL032C,0,-0.49090376,0.09208068996667862,0.9959595799446106,0.9820201992988586
YMR230W,YDR165W,0,-0.49298492,0.09207209199666977,0.9959595799446106,0.9821212291717529
YHR149C,YNL278W,0,-0.4937593,0.09206349402666092,0.9959595799446106,0.9822221994400024
YER031C,YDR399W,0,-0.49388936,0.09205489605665207,0.9959595799446106,0.9823232293128967
YNR038W,YKL196C,0,-0.49509892,0.09204630553722382,0.9959595799446106,0.982424259185791
YCR016W,YJL035C,0,-0.4956676,0.09203770756721497,0.9959595799446106,0.9825252294540405
YGR138C,YLR247C,0,-0.49696186,0.09202912449836731,0.9959595799446106,0.9826262593269348
YPL207W,YOR195W,0,-0.49968585,0.09202053397893906,0.9959595799446106,0.9827272891998291
YJR132W,YDR135C,0,-0.50115585,0.0920119434595108,0.9959595799446106,0.9828282594680786
YKL191W,YKR064W,0,-0.50269955,0.09200336039066315,0.9959595799446106,0.9829292893409729
YKL006C-A,YGL171W,0,-0.5042325,0.09199477732181549,0.9959595799446106,0.9830303192138672
YOL144W,YNL164C,0,-0.5052305,0.09198619425296783,0.9959595799446106,0.9831312894821167
YML011C,YAL059W,0,-0.505631,0.09197761118412018,0.9959595799446106,0.983232319355011
YHR148W,YJL168C,0,-0.50603265,0.09196903556585312,0.9959595799446106,0.9833333492279053
YDR087C,YPL161C,0,-0.5083039,0.09196045249700546,0.9959595799446106,0.9834343194961548
YML011C,YHR090C,0,-0.5101084,0.0919518768787384,0.9959595799446106,0.9835353493690491
YAL019W,YKR007W,0,-0.5143332,0.09194330126047134,0.9959595799446106,0.9836363792419434
YDR190C,YLR060W,0,-0.5146094,0.09193473309278488,0.9959595799446106,0.9837373495101929
YBR188C,YGR245C,0,-0.5166489,0.09192615747451782,0.9959595799446106,0.9838383793830872
YMR215W,YKL099C,0,-0.5167353,0.09191758930683136,0.9959595799446106,0.9839394092559814
YMR175W,YLR360W,0,-0.5181503,0.0919090211391449,0.9959595799446106,0.984040379524231
YPR133C,YMR131C,0,-0.51913553,0.09190046042203903,0.9959595799446106,0.9841414093971252
YJL162C,YGR078C,0,-0.5211541,0.09189189225435257,0.9959595799446106,0.9842424392700195
YLR413W,YCL054W,0,-0.5215192,0.0918833315372467,0.9959595799446106,0.984343409538269
YNL054W,YML076C,0,-0.5216067,0.09187476336956024,0.9959595799446106,0.9844444394111633
YGR078C,YPL126W,0,-0.52246726,0.09186621010303497,0.9959595799446106,0.9845454692840576
YIL118W,YPR141C,0,-0.5236096,0.09185764938592911,0.9959595799446106,0.9846464395523071
YDR227W,YNL132W,0,-0.5243563,0.09184908866882324,0.9959595799446106,0.9847474694252014
YLR417W,YOR249C,0,-0.5282846,0.09184053540229797,0.9959595799446106,0.9848484992980957
YJR041C,YDR397C,0,-0.5290628,0.0918319821357727,0.9959595799446106,0.9849494695663452
YGL246C,YDL154W,0,-0.53055567,0.09182342886924744,0.9959595799446106,0.9850504994392395
YDR091C,YDR087C,0,-0.5376043,0.09181488305330276,0.9959595799446106,0.9851515293121338
YDR441C,YBR029C,0,-0.53829116,0.0918063297867775,0.9959595799446106,0.9852524995803833
YGL067W,YPR068C,0,-0.538381,0.09179778397083282,0.9959595799446106,0.9853535294532776
YEL032W,YCL054W,0,-0.53944737,0.09178923815488815,0.9959595799446106,0.9854545593261719
YOR319W,YPL254W,0,-0.5438181,0.09178069233894348,0.9959595799446106,0.9855555295944214
YMR105C,YMR262W,0,-0.5448434,0.0917721539735794,0.9959595799446106,0.9856565594673157
YBR162W-A,YHR197W,0,-0.5460752,0.09176360815763474,0.9959595799446106,0.98575758934021
YNL221C,YNL216W,0,-0.548104,0.09175506979227066,0.9959595799446106,0.9858585596084595
YLR442C,YKR079C,0,-0.55285645,0.09174653142690659,0.9959595799446106,0.9859595894813538
YOR272W,YPL178W,0,-0.5531848,0.09173800051212311,0.9959595799446106,0.986060619354248
YOR253W,YJL208C,0,-0.5557998,0.09172946214675903,0.9959595799446106,0.9861615896224976
YER062C,YMR156C,0,-0.56281126,0.09172093123197556,0.9959595799446106,0.9862626194953918
YKL134C,YOL095C,1,-0.5634295,0.09180541336536407,0.9969696998596191,0.9862626194953918
YHR197W,YOR048C,0,-0.5646053,0.091796875,0.9969696998596191,0.9863636493682861
YBR114W,YHR090C,0,-0.56866467,0.09178833663463593,0.9969696998596191,0.9864646196365356
YPR106W,YHR157W,0,-0.57065445,0.09177980571985245,0.9969696998596191,0.9865656495094299
YNL038W,YDR087C,0,-0.5711095,0.09177126735448837,0.9969696998596191,0.9866666793823242
YPL126W,YCL064C,0,-0.5722349,0.0917627364397049,0.9969696998596191,0.9867676496505737
YDL003W,YPL239W,0,-0.5724428,0.09175420552492142,0.9969696998596191,0.986868679523468
YER005W,YDL123W,0,-0.5756245,0.09174567461013794,0.9969696998596191,0.9869697093963623
YPR010C,YPR046W,0,-0.5781048,0.09173715114593506,0.9969696998596191,0.9870706796646118
YLR167W,YDR361C,0,-0.57919633,0.09172862768173218,0.9969696998596191,0.9871717095375061
YLR196W,YGL105W,0,-0.5868305,0.0917200967669487,0.9969696998596191,0.9872727394104004
YML081W,YPL056C,0,-0.58762825,0.09171158075332642,0.9969696998596191,0.9873737096786499
YDR213W,YPL248C,0,-0.5876662,0.09170305728912354,0.9969696998596191,0.9874747395515442
YOR267C,YPL004C,0,-0.59224933,0.09169453382492065,0.9969696998596191,0.9875757694244385
YMR091C,YJL069C,0,-0.5935982,0.09168601781129837,0.9969696998596191,0.987676739692688
YEL001C,YNR024W,0,-0.59665,0.09167750179767609,0.9969696998596191,0.9877777695655823
YFR038W,YDL031W,0,-0.5977452,0.0916689857840538,0.9969696998596191,0.9878787994384766
YLL018C-A,YOR060C,1,-0.5985442,0.09175334125757217,0.9979798197746277,0.9878787994384766
YLR223C,YKR064W,0,-0.59973514,0.09174482524394989,0.9979798197746277,0.9879797697067261
YLR037C,YGL045W,0,-0.6014529,0.09173630177974701,0.9979798197746277,0.9880807995796204
YHR120W,YPL063W,1,-0.60192126,0.091820627450943,0.9989898800849915,0.9880807995796204
YBR153W,YHL025W,0,-0.60291487,0.09181210398674011,0.9989898800849915,0.9881818294525146
YOR319W,YNL164C,0,-0.6110019,0.09180358052253723,0.9989898800849915,0.9882827997207642
YBR069C,YNL123W,0,-0.6141202,0.09179506450891495,0.9989898800849915,0.9883838295936584
YDR381W,YNR024W,0,-0.6148269,0.09178654104471207,0.9989898800849915,0.9884848594665527
YDR361C,YAL059W,0,-0.6153631,0.09177802503108978,0.9989898800849915,0.9885858297348022
YNL247W,YNL123W,0,-0.6192691,0.0917695090174675,0.9989898800849915,0.9886868596076965
YDR422C,YPL058C,0,-0.620495,0.09176099300384521,0.9989898800849915,0.9887878894805908
YNL233W,YBR023C,0,-0.6222052,0.09175248444080353,0.9989898800849915,0.9888888597488403
YPR114W,YGL105W,0,-0.6240684,0.09174396842718124,0.9989898800849915,0.9889898896217346
YGL171W,YPR133C,0,-0.6249413,0.09173545986413956,0.9989898800849915,0.9890909194946289
YLL026W,YBR045C,0,-0.6288323,0.09172695130109787,0.9989898800849915,0.9891918897628784
YDL003W,YEL018W,0,-0.62979656,0.09171844273805618,0.9989898800849915,0.9892929196357727
YHR204W,YNR024W,0,-0.6353479,0.09170994162559509,0.9989898800849915,0.989393949508667
YDL240W,YLR384C,0,-0.6361888,0.091701440513134,0.9989898800849915,0.9894949197769165
YHR205W,YPL207W,0,-0.63673687,0.09169293195009232,0.9989898800849915,0.9895959496498108
YHR149C,YLR323C,0,-0.64124954,0.09168443828821182,0.9989898800849915,0.9896969795227051
YDL240W,YGL111W,0,-0.64834005,0.09167593717575073,0.9989898800849915,0.9897980093955994
YMR059W,YMR242C,0,-0.6610629,0.09166743606328964,0.9989898800849915,0.9898989796638489
YOR236W,YKL099C,0,-0.666575,0.09165894240140915,0.9989898800849915,0.9900000095367432
YDR384C,YNL216W,0,-0.6712109,0.09165044873952866,0.9989898800849915,0.9901010394096375
YLR167W,YPL126W,0,-0.67445153,0.09164195507764816,0.9989898800849915,0.990202009677887
YOR320C,YDR045C,0,-0.6779216,0.09163346886634827,0.9989898800849915,0.9903030395507812
YGL243W,YDR361C,0,-0.67930907,0.09162497520446777,0.9989898800849915,0.9904040694236755
YAL059W,YGL139W,0,-0.68508464,0.09161648899316788,0.9989898800849915,0.990505039691925
YBL035C,YNL123W,0,-0.68567383,0.09160800278186798,0.9989898800849915,0.9906060695648193
YBL031W,YOR272W,0,-0.6865117,0.09159951657056808,0.9989898800849915,0.9907070994377136
YPL183C,YMR207C,0,-0.6964048,0.09159103780984879,0.9989898800849915,0.9908080697059631
YER062C,YFR014C,0,-0.69700533,0.09158255159854889,0.9989898800849915,0.9909090995788574
YJL162C,YOR359W,0,-0.7038838,0.09157407283782959,0.9989898800849915,0.9910101294517517
YPR110C,YPL178W,0,-0.70507157,0.09156559407711029,0.9989898800849915,0.9911110997200012
YPL198W,YIL096C,0,-0.70586914,0.09155712276697159,0.9989898800849915,0.9912121295928955
YDR361C,YHR005C,0,-0.71277803,0.09154864400625229,0.9989898800849915,0.9913131594657898
YDR361C,YPL117C,0,-0.71625286,0.09154017269611359,0.9989898800849915,0.9914141297340393
YGR099W,YPL253C,0,-0.7178547,0.09153170138597488,0.9989898800849915,0.9915151596069336
YEL051W,YNR053C,0,-0.7209265,0.09152323007583618,0.9989898800849915,0.9916161894798279
YIL064W,YLR333C,0,-0.72429425,0.09151475876569748,0.9989898800849915,0.9917171597480774
YMR215W,YOR078W,0,-0.7361049,0.09150629490613937,0.9989898800849915,0.9918181896209717
YDR201W,YDR045C,0,-0.7385358,0.09149782359600067,0.9989898800849915,0.991919219493866
YNL031C,YOR009W,0,-0.74231905,0.09148935973644257,0.9989898800849915,0.9920201897621155
YAR033W,YLR011W,0,-0.75856954,0.09148089587688446,0.9989898800849915,0.9921212196350098
YLR442C,YPL146C,0,-0.76517874,0.09147243946790695,0.9989898800849915,0.992222249507904
YHR149C,YKL099C,0,-0.76543325,0.09146397560834885,0.9989898800849915,0.9923232197761536
YBR211C,YCR035C,0,-0.766573,0.09145551919937134,0.9989898800849915,0.9924242496490479
YOR119C,YDR087C,0,-0.7673487,0.09144706279039383,0.9989898800849915,0.9925252795219421
YKR095W,YGL078C,0,-0.77241963,0.09143860638141632,0.9989898800849915,0.9926262497901917
YHR090C,YDR087C,0,-0.7776817,0.09143015742301941,0.9989898800849915,0.9927272796630859
YDR045C,YNR053C,0,-0.7815767,0.0914217010140419,0.9989898800849915,0.9928283095359802
YDR201W,YPL126W,0,-0.78669226,0.09141325205564499,0.9989898800849915,0.9929292798042297
YMR262W,YLR299W,0,-0.79200727,0.09140480309724808,0.9989898800849915,0.993030309677124
YGL053W,YCR021C,0,-0.79788554,0.09139636158943176,0.9989898800849915,0.9931313395500183
YGR283C,YOR359W,0,-0.7995506,0.09138791263103485,0.9989898800849915,0.9932323098182678
YLR167W,YNL062C,0,-0.8009197,0.09137947112321854,0.9989898800849915,0.9933333396911621
YPR110C,YLR323C,0,-0.80587465,0.09137102961540222,0.9989898800849915,0.9934343695640564
YIL008W,YDR384C,0,-0.80768716,0.09136258810758591,0.9989898800849915,0.9935353398323059
YGR078C,YBR131W,0,-0.8132785,0.09135414659976959,0.9989898800849915,0.9936363697052002
YDL003W,YDR300C,0,-0.8138988,0.09134571254253387,0.9989898800849915,0.9937373995780945
YLR052W,YGR083C,0,-0.8142428,0.09133727103471756,0.9989898800849915,0.993838369846344
YNR024W,YBL025W,0,-0.8151116,0.09132883697748184,0.9989898800849915,0.9939393997192383
YKR095W,YNR053C,0,-0.8162339,0.09132040292024612,0.9989898800849915,0.9940404295921326
YML102W,YOR078W,0,-0.81862,0.091311976313591,0.9989898800849915,0.9941413998603821
YOL020W,YBR069C,0,-0.82810396,0.09130354225635529,0.9989898800849915,0.9942424297332764
YIL056W,YKL197C,0,-0.83090705,0.09129511564970016,0.9989898800849915,0.9943434596061707
YER062C,YGL006W,0,-0.83332336,0.09128668904304504,0.9989898800849915,0.9944444298744202
YDR361C,YNL247W,0,-0.8457634,0.09127826243638992,0.9989898800849915,0.9945454597473145
YPL146C,YLR052W,0,-0.84910053,0.0912698432803154,0.9989898800849915,0.9946464896202087
YGR103W,YGL105W,0,-0.8501255,0.09126141667366028,0.9989898800849915,0.9947474598884583
YPR143W,YDR176W,0,-0.85828274,0.09125299751758575,0.9989898800849915,0.9948484897613525
YJL054W,YHR120W,1,-0.86027795,0.09133683890104294,1.0,0.9948484897613525
YGR208W,YJL168C,0,-0.87345886,0.09132841229438782,1.0,0.9949495196342468
YDR308C,YKR079C,0,-0.88198584,0.0913199856877327,1.0,0.9950504899024963
YKL026C,YMR195W,0,-0.89330167,0.09131156653165817,1.0,0.9951515197753906
YOR016C,YHR169W,0,-0.8969481,0.09130314737558365,1.0,0.9952525496482849
YLR347C,YPL183C,0,-0.8984594,0.09129472821950912,1.0,0.9953535199165344
YHR148W,YNL246W,0,-0.9080712,0.0912863090634346,1.0,0.9954545497894287
YAL059W,YNR053C,0,-0.91785043,0.09127788990736008,1.0,0.995555579662323
YOR236W,YLR367W,0,-0.91931385,0.09126947820186615,1.0,0.9956565499305725
YNL233W,YDR087C,0,-0.92347807,0.09126105904579163,1.0,0.9957575798034668
YGL243W,YLR215C,0,-0.92473334,0.0912526473402977,1.0,0.9958586096763611
YIR004W,YIL130W,0,-0.9499832,0.09124424308538437,1.0,0.9959595799446106
YOR119C,YGR245C,0,-0.95098066,0.09123583137989044,1.0,0.9960606098175049
YNR024W,YDR045C,0,-0.9538942,0.09122742712497711,1.0,0.9961616396903992
YOL144W,YDR110W,0,-0.96922845,0.09121901541948318,1.0,0.9962626099586487
YIL064W,YNR024W,0,-0.99939746,0.09121061116456985,1.0,0.996363639831543
YGR078C,YHR193C,0,-1.001671,0.09120221436023712,1.0,0.9964646697044373
YDR361C,YIL009W,0,-1.0111989,0.09119381010532379,1.0,0.9965656399726868
YDR201W,YMR131C,0,-1.0181558,0.09118541330099106,1.0,0.996666669845581
YHR088W,YOR048C,0,-1.0213292,0.09117700904607773,1.0,0.9967676997184753
YIL019W,YER149C,0,-1.0256093,0.091168612241745,1.0,0.9968686699867249
YNL062C,YGL116W,0,-1.0405694,0.09116022288799286,1.0,0.9969696998596191
YOR341W,YGL064C,0,-1.0408753,0.09115182608366013,1.0,0.9970707297325134
YIR004W,YLR196W,0,-1.0453004,0.09114343672990799,1.0,0.9971717000007629
YKR095W,YDR365C,0,-1.0539956,0.09113504737615585,1.0,0.9972727298736572
YDR201W,YDR165W,0,-1.0540649,0.09112665802240372,1.0,0.9973737597465515
YHR148W,YIL018W,0,-1.0606656,0.09111826866865158,1.0,0.997474730014801
YLR196W,YPL193W,0,-1.0879695,0.09110988676548004,1.0,0.9975757598876953
YLR223C,YBR029C,0,-1.0909499,0.0911014974117279,1.0,0.9976767897605896
YHL011C,YLR200W,0,-1.1511292,0.09109311550855637,1.0,0.9977777600288391
YPL126W,YGL061C,0,-1.1600443,0.09108473360538483,1.0,0.9978787899017334
YPL210C,YOR359W,0,-1.1934526,0.09107635915279388,1.0,0.9979798197746277
YNL123W,YMR125W,0,-1.2081456,0.09106797724962234,1.0,0.9980807900428772
YMR059W,YDR398W,0,-1.2197449,0.0910596027970314,1.0,0.9981818199157715
YMR125W,YKL099C,0,-1.2213851,0.09105122834444046,1.0,0.9982828497886658
YLL048C,YMR131C,0,-1.226179,0.09104285389184952,1.0,0.9983838200569153
YDR412W,YPL193W,0,-1.2561115,0.09103447943925858,1.0,0.9984848499298096
YBL035C,YML031W,0,-1.2564917,0.09102611243724823,1.0,0.9985858798027039
YML102W,YLR409C,0,-1.2674639,0.09101774543523788,1.0,0.9986868500709534
YHR170W,YPL254W,0,-1.3000709,0.09100937843322754,1.0,0.9987878799438477
YEL018W,YLR196W,0,-1.3063741,0.0910010114312172,1.0,0.9988889098167419
YOL061W,YMR125W,0,-1.3500639,0.09099264442920685,1.0,0.9989898800849915
YEL018W,YPL043W,0,-1.3572141,0.0909842848777771,1.0,0.9990909099578857
YDR165W,YGL105W,0,-1.4481118,0.09097592532634735,1.0,0.99919193983078
YPR143W,YOR253W,0,-1.4490887,0.0909675657749176,1.0,0.9992929100990295
YDR384C,YOR341W,0,-1.5019089,0.09095920622348785,1.0,0.9993939399719238
YKL033W,YPL043W,0,-1.5020826,0.0909508466720581,1.0,0.9994949698448181
YLR196W,YGR030C,0,-1.5404129,0.09094249457120895,1.0,0.9995959401130676
YKL033W,YPL126W,0,-1.590667,0.0909341424703598,1.0,0.9996969699859619
YOR119C,YNL132W,0,-1.6625888,0.09092579036951065,1.0,0.9997979998588562
YIL019W,YPL210C,0,-2.0234745,0.0909174382686615,1.0,0.9998989701271057
YGR030C,YLR068W,0,-2.055476,0.09090909361839294,1.0,1.0
