Gene A,Gene B,Label,Score,Precision,Recall,False Positive Rate
YAL054C,YPR001W,0,15.777846,0.0,0.0,0.00011614401591941714
YBR183W,YGL068W,0,15.445163,0.0,0.0,0.00023228803183883429
YFL014W,YNL284C,0,15.099046,0.0,0.0,0.00034843204775825143
YNL202W,YEL040W,0,13.466493,0.0,0.0,0.00046457606367766857
YDL039C,YML128C,0,13.199543,0.0,0.0,0.0005807200795970857
YOR310C,YLR270W,0,12.663435,0.0,0.0,0.0006968640955165029
YKL103C,YLR197W,0,12.6268835,0.0,0.0,0.00081300811143592
YLL045C,YMR250W,0,12.40874,0.0,0.0,0.0009291521273553371
YPR191W,YEL012W,0,12.365477,0.0,0.0,0.0010452962014824152
YPL134C,YPR006C,0,12.149971,0.0,0.0,0.0011614401591941714
YPL134C,YLL061W,0,11.964416,0.0,0.0,0.0012775842333212495
YLR359W,YBR072W,0,11.763349,0.0,0.0,0.0013937281910330057
YJR070C,YNL274C,0,11.730913,0.0,0.0,0.0015098722651600838
YGR264C,YHR008C,0,11.72566,0.0,0.0,0.00162601622287184
YMR203W,YJR034W,1,11.586965,0.06666667014360428,0.0011614401591941714,0.00162601622287184
YDR296W,YLR163C,1,11.552262,0.125,0.002322880318388343,0.00162601622287184
YDL021W,YPL093W,0,11.370472,0.11764705926179886,0.002322880318388343,0.001742160296998918
YDL142C,YMR203W,1,11.211452,0.1666666716337204,0.003484320593997836,0.001742160296998918
YDR079W,YGR112W,1,11.141985,0.21052631735801697,0.004645760636776686,0.001742160296998918
YDR296W,YGR112W,1,11.07686,0.25,0.005807200912386179,0.001742160296998918
YOR310C,YNL274C,0,11.032373,0.2380952388048172,0.005807200912386179,0.0018583042547106743
YAL054C,YPL134C,0,10.947291,0.22727273404598236,0.005807200912386179,0.0019744483288377523
YLR395C,YNL052W,0,10.917291,0.21739129722118378,0.005807200912386179,0.0020905924029648304
YDR492W,YML028W,0,10.912463,0.2083333283662796,0.005807200912386179,0.002206736244261265
YGR112W,YJR034W,1,10.853297,0.23999999463558197,0.006968641187995672,0.002206736244261265
YBR247C,YJR010W,0,10.714694,0.23076923191547394,0.006968641187995672,0.002322880318388343
YGL037C,YER002W,0,10.6100025,0.2222222238779068,0.006968641187995672,0.002439024392515421
YGL037C,YLR316C,0,10.60583,0.2142857164144516,0.006968641187995672,0.002555168466642499
YPR191W,YOR310C,0,10.557967,0.2068965584039688,0.006968641187995672,0.002671312540769577
YDR079W,YLR163C,1,10.493634,0.23333333432674408,0.008130080997943878,0.002671312540769577
YDR296W,YJR034W,1,10.484122,0.25806450843811035,0.009291521273553371,0.002671312540769577
YNL131W,YJR034W,1,10.434877,0.28125,0.010452961549162865,0.002671312540769577
YGL062W,YJR063W,0,10.323838,0.27272728085517883,0.010452961549162865,0.0027874563820660114
YPR001W,YOR142W,0,10.321396,0.2647058963775635,0.010452961549162865,0.0029036004561930895
YER002W,YML128C,0,10.26332,0.2571428716182709,0.010452961549162865,0.0030197445303201675
YPR137W,YOL151W,0,10.216133,0.25,0.010452961549162865,0.0031358886044472456
YKL182W,YBR230C,0,10.202294,0.2432432472705841,0.010452961549162865,0.00325203244574368
YBR006W,YNL302C,0,10.16423,0.2368421107530594,0.010452961549162865,0.003368176519870758
YPR024W,YNL121C,1,10.151072,0.25641027092933655,0.011614401824772358,0.003368176519870758
YMR089C,YNL131W,1,10.079122,0.2750000059604645,0.012775842100381851,0.003368176519870758
YPL240C,YNR015W,0,10.0509615,0.26829269528388977,0.012775842100381851,0.003484320593997836
YLR080W,YLR197W,0,10.047705,0.261904776096344,0.012775842100381851,0.003600464668124914
YPL093W,YLR251W,0,9.972609,0.25581395626068115,0.012775842100381851,0.0037166085094213486
YFL033C,YMR246W,0,9.908019,0.25,0.012775842100381851,0.0038327525835484266
YLL041C,YDR494W,0,9.901918,0.24444444477558136,0.012775842100381851,0.003948896657675505
YNL131W,YGR112W,1,9.876973,0.260869562625885,0.013937282375991344,0.003948896657675505
YMR250W,YCR046C,0,9.806472,0.25531914830207825,0.013937282375991344,0.004065040498971939
YLL055W,YNL175C,0,9.77353,0.25,0.013937282375991344,0.004181184805929661
YHR059W,YBR026C,0,9.754028,0.2448979616165161,0.013937282375991344,0.004297328647226095
YER165W,YLR270W,0,9.753263,0.23999999463558197,0.013937282375991344,0.00441347248852253
YEL040W,YOR187W,0,9.736248,0.23529411852359772,0.013937282375991344,0.004529616795480251
YPR191W,YJL166W,0,9.684228,0.23076923191547394,0.013937282375991344,0.004645760636776686
YLR395C,YMR173W,0,9.6765175,0.22641509771347046,0.013937282375991344,0.004761904943734407
YNL160W,YBR031W,0,9.666364,0.2222222238779068,0.013937282375991344,0.004878048785030842
YNR017W,YLR163C,1,9.614219,0.23636363446712494,0.015098722651600838,0.004878048785030842
YAL038W,YDR508C,0,9.596023,0.2321428507566452,0.015098722651600838,0.004994192626327276
YGR264C,YBR026C,0,9.578141,0.22807016968727112,0.015098722651600838,0.005110336933284998
YER103W,YAL040C,0,9.575802,0.22413793206214905,0.015098722651600838,0.005226480774581432
YPL098C,YJR034W,1,9.542075,0.23728813230991364,0.016260161995887756,0.005226480774581432
YMR145C,YBR145W,0,9.515839,0.23333333432674408,0.016260161995887756,0.005342625081539154
YDR079W,YMR089C,1,9.50011,0.24590164422988892,0.017421603202819824,0.005342625081539154
YPR187W,YLR270W,0,9.433354,0.24193547666072845,0.017421603202819824,0.0054587689228355885
YLR163C,YKL053C-A,1,9.427433,0.2539682686328888,0.018583042547106743,0.0054587689228355885
YER049W,YPR160W,0,9.399453,0.25,0.018583042547106743,0.005574912764132023
YDR296W,YNR017W,1,9.377636,0.26153847575187683,0.01974448375403881,0.005574912764132023
YNL160W,YPR080W,0,9.371762,0.25757575035095215,0.01974448375403881,0.005691057071089745
YLR029C,YJL166W,0,9.339374,0.2537313401699066,0.01974448375403881,0.005807200912386179
YDR296W,YMR203W,1,9.335128,0.2647058963775635,0.02090592309832573,0.005807200912386179
YLR163C,YPL098C,1,9.318994,0.2753623127937317,0.022067364305257797,0.005807200912386179
YPL119C,YDR337W,0,9.2355,0.27142858505249023,0.022067364305257797,0.005923344753682613
YGR112W,YNL121C,1,9.220138,0.28169015049934387,0.023228803649544716,0.005923344753682613
YDR429C,YOL151W,0,9.214585,0.2777777910232544,0.023228803649544716,0.006039489060640335
YMR193W,YIR039C,0,9.13667,0.27397260069847107,0.023228803649544716,0.0061556329019367695
YDR144C,YBR052C,0,9.132486,0.2702702581882477,0.023228803649544716,0.006271777208894491
YGL062W,YML052W,0,9.111782,0.2666666805744171,0.023228803649544716,0.006387921050190926
YLL019C,YML056C,0,9.105981,0.2631579041481018,0.023228803649544716,0.00650406489148736
YDL107W,YJR034W,1,9.098933,0.27272728085517883,0.024390242993831635,0.00650406489148736
YDL074C,YBR072W,0,9.097092,0.26923078298568726,0.024390242993831635,0.006620209198445082
YMR272C,YDL083C,0,9.085807,0.26582279801368713,0.024390242993831635,0.006736353039741516
YEL052W,YOR020C,0,9.024747,0.26249998807907104,0.024390242993831635,0.0068524968810379505
YLL041C,YPL094C,0,9.003977,0.25925925374031067,0.024390242993831635,0.006968641187995672
YPL134C,YNL078W,0,8.991947,0.25609755516052246,0.024390242993831635,0.007084785029292107
YLR080W,YPL078C,0,8.969798,0.2530120611190796,0.024390242993831635,0.007200929336249828
YLL041C,YGL162W,0,8.95494,0.25,0.024390242993831635,0.007317073177546263
YDL142C,YNR017W,1,8.914577,0.25882354378700256,0.025551684200763702,0.007317073177546263
YDR079W,YDR296W,1,8.898773,0.26744186878204346,0.02671312354505062,0.007317073177546263
YHR209W,YDL227C,0,8.891905,0.26436781883239746,0.02671312354505062,0.007433217018842697
YOR310C,YDL070W,0,8.886229,0.2613636255264282,0.02671312354505062,0.007549361325800419
YBR202W,YPR160W,0,8.831077,0.2584269642829895,0.02671312354505062,0.007665505167096853
YNL121C,YJR034W,1,8.725814,0.2666666805744171,0.02787456475198269,0.007665505167096853
YDR296W,YPL098C,1,8.694325,0.2747252881526947,0.029036004096269608,0.007665505167096853
YBR066C,YPL093W,0,8.690843,0.27173912525177,0.029036004096269608,0.007781649474054575
YKL217W,YLR300W,0,8.665482,0.2688172161579132,0.029036004096269608,0.00789779331535101
YOR084W,YBR173C,0,8.648957,0.26595744490623474,0.029036004096269608,0.008013937622308731
YER175C,YOR294W,0,8.613751,0.2631579041481018,0.029036004096269608,0.008130080997943878
YDL107W,YDR296W,1,8.590249,0.2708333432674408,0.030197445303201675,0.008130080997943878
YKL103C,YDR405W,0,8.561849,0.2680412232875824,0.030197445303201675,0.0082462253049016
YNL160W,YOR145C,0,8.557776,0.26530611515045166,0.030197445303201675,0.008362369611859322
YLL055W,YJR112W,0,8.543887,0.2626262605190277,0.030197445303201675,0.008478512987494469
YGR112W,YNL070W,1,8.52727,0.27000001072883606,0.03135888651013374,0.008478512987494469
YLR163C,YJR034W,1,8.516297,0.2772277295589447,0.03252032399177551,0.008478512987494469
YNL131W,YDR296W,1,8.506555,0.28431373834609985,0.03368176519870758,0.008478512987494469
YDR083W,YHR051W,0,8.505737,0.28155338764190674,0.03368176519870758,0.00859465729445219
YLR163C,YNL121C,1,8.444056,0.2884615361690521,0.03484320640563965,0.00859465729445219
YPR024W,YMR203W,1,8.437908,0.29523810744285583,0.036004647612571716,0.00859465729445219
YKL170W,YLR165C,0,8.431247,0.2924528419971466,0.036004647612571716,0.008710801601409912
YHR209W,YER145C,0,8.428653,0.2897196114063263,0.036004647612571716,0.00882694497704506
YDL107W,YNR017W,1,8.38762,0.29629629850387573,0.037166085094213486,0.00882694497704506
YOR323C,YDL022W,0,8.387387,0.29357796907424927,0.037166085094213486,0.008943089284002781
YNL121C,YPL098C,1,8.360212,0.30000001192092896,0.038327526301145554,0.008943089284002781
YEL040W,YPL087W,0,8.343027,0.29729729890823364,0.038327526301145554,0.009059233590960503
YNL302C,YNL335W,0,8.338773,0.2946428656578064,0.038327526301145554,0.009175377897918224
YJR127C,YGR155W,0,8.330598,0.29203540086746216,0.038327526301145554,0.009291521273553371
YDR079W,YPR083W,1,8.313932,0.2982456088066101,0.03948896750807762,0.009291521273553371
YDL107W,YLR163C,1,8.309152,0.30434781312942505,0.04065040498971939,0.009291521273553371
YPL183W-A,YNL274C,0,8.307659,0.3017241358757019,0.04065040498971939,0.009407665580511093
YKL103C,YBR120C,0,8.306866,0.29914531111717224,0.04065040498971939,0.009523809887468815
YFL057C,YGR285C,0,8.305955,0.29661017656326294,0.04065040498971939,0.009639953263103962
YLR394W,YJR063W,0,8.295029,0.29411765933036804,0.04065040498971939,0.009756097570061684
YIL170W,YGL103W,0,8.290799,0.2916666567325592,0.04065040498971939,0.009872241877019405
YHR029C,YLR359W,0,8.277984,0.28925618529319763,0.04065040498971939,0.009988385252654552
YNL202W,YLR264W,0,8.260174,0.28688523173332214,0.04065040498971939,0.010104529559612274
YGL068W,YPL240C,0,8.248416,0.28455284237861633,0.04065040498971939,0.010220673866569996
YMR203W,YPL098C,1,8.22623,0.29032257199287415,0.04181184619665146,0.010220673866569996
YNL117W,YML073C,0,8.225528,0.2879999876022339,0.04181184619665146,0.010336817242205143
YAL024C,YBR072W,0,8.21765,0.2857142984867096,0.04181184619665146,0.010452961549162865
YDR079W,YDL107W,1,8.216312,0.29133859276771545,0.04297328740358353,0.010452961549162865
YGL170C,YOL151W,0,8.21241,0.2890625,0.04297328740358353,0.010569105856120586
YFL014W,YDR449C,0,8.18608,0.2868216931819916,0.04297328740358353,0.010685250163078308
YDR453C,YNR015W,0,8.176717,0.2846153974533081,0.04297328740358353,0.010801393538713455
YML028W,YNL182C,0,8.151499,0.28244274854660034,0.04297328740358353,0.010917537845671177
YMR173W,YDR508C,0,8.145022,0.280303031206131,0.04297328740358353,0.011033682152628899
YIL006W,YGR239C,0,8.0879545,0.27819550037384033,0.04297328740358353,0.011149825528264046
YGR144W,YNL131W,1,8.082465,0.28358209133148193,0.044134728610515594,0.011149825528264046
YDR429C,YMR250W,0,8.068935,0.28148147463798523,0.044134728610515594,0.011265969835221767
YGL068W,YAL039C,0,8.047529,0.27941176295280457,0.044134728610515594,0.01138211414217949
YDL107W,YNL121C,1,8.029855,0.2846715450286865,0.045296166092157364,0.01138211414217949
YPL134C,YDR527W,0,8.025622,0.28260868787765503,0.045296166092157364,0.011498257517814636
YGR112W,YLR163C,1,8.020294,0.28776979446411133,0.04645760729908943,0.011498257517814636
YGL209W,YDL015C,0,8.0061655,0.2857142984867096,0.04645760729908943,0.011614401824772358
YGR171C,YLL055W,0,8.001358,0.283687949180603,0.04645760729908943,0.01173054613173008
YDL061C,YGL037C,0,7.9882607,0.28169015049934387,0.04645760729908943,0.011846689507365227
YNL281W,YMR250W,0,7.9815345,0.279720276594162,0.04645760729908943,0.011962833814322948
YGR171C,YPR160W,0,7.9507785,0.2777777910232544,0.04645760729908943,0.01207897812128067
YOR147W,YDR296W,1,7.95019,0.2827586233615875,0.0476190485060215,0.01207897812128067
YPR002W,YBR187W,0,7.945495,0.28082191944122314,0.0476190485060215,0.012195121496915817
YNR017W,YJR034W,1,7.943868,0.2857142984867096,0.04878048598766327,0.012195121496915817
YAR027W,YPL252C,0,7.9437666,0.28378379344940186,0.04878048598766327,0.012311265803873539
YDL021W,YLR394W,0,7.941282,0.281879186630249,0.04878048598766327,0.01242741011083126
YMR089C,YJR034W,1,7.9222918,0.2866666615009308,0.04994192719459534,0.01242741011083126
YMR089C,YGR112W,1,7.9222655,0.29139071702957153,0.051103368401527405,0.01242741011083126
YBR066C,YMR194W,0,7.892661,0.28947368264198303,0.051103368401527405,0.012543554417788982
YPR024W,YDR079W,1,7.8906326,0.29411765933036804,0.05226480960845947,0.012543554417788982
YKL085W,YER074W,0,7.8808126,0.2922077775001526,0.05226480960845947,0.01265969779342413
YLR244C,YHR174W,0,7.8662257,0.29032257199287415,0.05226480960845947,0.012775842100381851
YER103W,YKL182W,0,7.860893,0.2884615361690521,0.05226480960845947,0.012891986407339573
YKL180W,YPL104W,0,7.8594184,0.2866241931915283,0.05226480960845947,0.01300812978297472
YOL129W,YLR295C,0,7.85364,0.2848101258277893,0.05226480960845947,0.013124274089932442
YAL017W,YJR063W,0,7.842959,0.2830188572406769,0.05226480960845947,0.013240418396890163
YDL078C,YDL208W,0,7.8292427,0.28125,0.05226480960845947,0.01335656177252531
YDR296W,YKL053C-A,1,7.80187,0.2857142984867096,0.05342624709010124,0.01335656177252531
YGR112W,YKL053C-A,1,7.7982426,0.29012346267700195,0.05458768829703331,0.01335656177252531
YML028W,YMR229C,0,7.785232,0.28834354877471924,0.05458768829703331,0.013472706079483032
YGR112W,YPR083W,1,7.7800956,0.2926829159259796,0.05574912950396538,0.013472706079483032
YHR029C,YOR168W,0,7.7665906,0.290909081697464,0.05574912950396538,0.013588850386440754
YNR017W,YOR232W,1,7.7655168,0.29518070816993713,0.056910570710897446,0.013588850386440754
YMR049C,YNR002C,0,7.759593,0.2934131622314453,0.056910570710897446,0.013704993762075901
YER150W,YDR310C,0,7.752918,0.2916666567325592,0.056910570710897446,0.013821138069033623
YMR173W,YPL078C,0,7.748013,0.28994083404541016,0.056910570710897446,0.013937282375991344
YGR143W,YKR044W,0,7.7323,0.28823530673980713,0.056910570710897446,0.014053426682949066
YLL041C,YPL082C,0,7.7160454,0.28654971718788147,0.056910570710897446,0.014169570058584213
YER150W,YDL179W,0,7.711923,0.2848837077617645,0.056910570710897446,0.014285714365541935
YDR296W,YNL121C,1,7.7117915,0.28901734948158264,0.058072008192539215,0.014285714365541935
YDL061C,YCL004W,0,7.7032394,0.28735631704330444,0.058072008192539215,0.014401858672499657
YNL284C,YLR251W,0,7.7005696,0.2857142984867096,0.058072008192539215,0.014518002048134804
YJR004C,YOR084W,0,7.697435,0.28409090638160706,0.058072008192539215,0.014634146355092525
YMR203W,YKL053C-A,1,7.691523,0.2881355881690979,0.05923344939947128,0.014634146355092525
YDR079W,YMR203W,1,7.681015,0.2921348214149475,0.06039489060640335,0.014634146355092525
YPL104W,YDR337W,0,7.6770396,0.29050278663635254,0.06039489060640335,0.014750290662050247
YLR429W,YBR072W,0,7.6694393,0.2888889014720917,0.06039489060640335,0.014866434037685394
YNL127W,YBR067C,0,7.667022,0.28729280829429626,0.06039489060640335,0.014982578344643116
YMR203W,YLR163C,1,7.6429877,0.29120880365371704,0.06155632808804512,0.014982578344643116
YLR289W,YGL068W,0,7.6320863,0.28961747884750366,0.06155632808804512,0.015098722651600838
YPR024W,YDR296W,1,7.603622,0.29347825050354004,0.06271777302026749,0.015098722651600838
YOR232W,YPL098C,1,7.5866885,0.29729729890823364,0.06387920677661896,0.015098722651600838
YOL086C,YKL022C,0,7.5688543,0.2956989109516144,0.06387920677661896,0.015214866027235985
YOL082W,YLR344W,0,7.5656295,0.29411765933036804,0.06387920677661896,0.015331010334193707
YPL134C,YLR300W,0,7.5623536,0.292553186416626,0.06387920677661896,0.015447154641151428
YPL027W,YOL151W,0,7.551648,0.29100528359413147,0.06387920677661896,0.01556329894810915
YBR155W,YLR160C,0,7.5335717,0.28947368264198303,0.06387920677661896,0.01567944325506687
YPR083W,YNL121C,1,7.516576,0.2931937277317047,0.06504064798355103,0.01567944325506687
YMR238W,YPR160W,0,7.514861,0.2916666567325592,0.06504064798355103,0.01579558663070202
YMR089C,YDR296W,1,7.4876113,0.2953367829322815,0.0662020891904831,0.01579558663070202
YHR002W,YML056C,0,7.485726,0.29381442070007324,0.0662020891904831,0.015911730006337166
YBR230C,YDL208W,0,7.4768925,0.29230770468711853,0.0662020891904831,0.016027875244617462
YER150W,YGR199W,0,7.4740252,0.2908163368701935,0.0662020891904831,0.01614401862025261
YGR225W,YMR246W,0,7.467771,0.2893401086330414,0.0662020891904831,0.016260161995887756
YIL088C,YGR264C,0,7.4595203,0.28787878155708313,0.0662020891904831,0.016376307234168053
YOR232W,YJR034W,1,7.4482102,0.29145729541778564,0.06736353039741516,0.016376307234168053
YDR353W,YER046W,0,7.4475155,0.28999999165534973,0.06736353039741516,0.0164924506098032
YLL019C,YDR353W,0,7.444947,0.2885572016239166,0.06736353039741516,0.016608593985438347
YPR026W,YLR244C,0,7.440036,0.2871287167072296,0.06736353039741516,0.016724739223718643
YMR193W,YNL239W,0,7.4215274,0.2857142984867096,0.06736353039741516,0.01684088259935379
YBR118W,YLR160C,0,7.420282,0.28431373834609985,0.06736353039741516,0.016957025974988937
YNR017W,YKL053C-A,1,7.4063478,0.28780487179756165,0.06852497160434723,0.016957025974988937
YGR144W,YMR203W,1,7.3941913,0.291262149810791,0.0696864128112793,0.016957025974988937
YOR025W,YLR251W,0,7.365996,0.28985506296157837,0.0696864128112793,0.017073171213269234
YMR089C,YDL107W,1,7.3467436,0.29326921701431274,0.07084785401821136,0.017073171213269234
YHR209W,YML073C,0,7.3218436,0.2918660342693329,0.07084785401821136,0.01718931458890438
YKL172W,YCR012W,0,7.321084,0.2904762029647827,0.07084785401821136,0.017305457964539528
YAL060W,YHL034C,0,7.306053,0.2890995144844055,0.07084785401821136,0.017421603202819824
YDR079W,YNL121C,1,7.276478,0.2924528419971466,0.07200929522514343,0.017421603202819824
YLL041C,YIL079C,0,7.275355,0.2910798192024231,0.07200929522514343,0.01753774657845497
YKL093W,YOR020C,0,7.26677,0.2897196114063263,0.07200929522514343,0.01765388995409012
YGL209W,YJL155C,0,7.2494845,0.28837209939956665,0.07200929522514343,0.017770035192370415
YNL283C,YFL014W,0,7.2436247,0.28703704476356506,0.07200929522514343,0.017886178568005562
YDR079W,YNL131W,1,7.235276,0.29032257199287415,0.0731707289814949,0.017886178568005562
YKL180W,YDL077C,0,7.230725,0.2889908254146576,0.0731707289814949,0.018002323806285858
YJL066C,YOR204W,0,7.2236257,0.2876712381839752,0.0731707289814949,0.018118467181921005
YGR095C,YNR002C,0,7.1856885,0.2863636314868927,0.0731707289814949,0.018234610557556152
YOR020C,YGR239C,0,7.182943,0.2850678861141205,0.0731707289814949,0.01835075579583645
YPR182W,YNL274C,0,7.1789207,0.28378379344940186,0.0731707289814949,0.018466899171471596
YMR169C,YDR337W,0,7.1744785,0.2825112044811249,0.0731707289814949,0.018583042547106743
YMR203W,YGR112W,1,7.1640096,0.2857142984867096,0.07433217018842697,0.018583042547106743
YPL240C,YLL043W,0,7.1621976,0.2844444513320923,0.07433217018842697,0.01869918778538704
YDR512C,YJR101W,0,7.154141,0.28318583965301514,0.07433217018842697,0.018815331161022186
YLR270W,YLR153C,0,7.1374507,0.2819383144378662,0.07433217018842697,0.018931474536657333
YOR311C,YBR072W,0,7.12397,0.28070175647735596,0.07433217018842697,0.01904761977493763
YJL066C,YOL010W,0,7.111936,0.27947598695755005,0.07433217018842697,0.019163763150572777
YLR182W,YBR072W,0,7.111304,0.27826085686683655,0.07433217018842697,0.019279906526207924
YGL068W,YKR044W,0,7.1072373,0.2770562767982483,0.07433217018842697,0.01939605176448822
YDL142C,YNL121C,1,7.105708,0.2801724076271057,0.07549361139535904,0.01939605176448822
YBR183W,YMR308C,0,7.1006026,0.278969943523407,0.07549361139535904,0.019512195140123367
YJL066C,YHR069C,0,7.083462,0.2777777910232544,0.07549361139535904,0.019628338515758514
YKL217W,YPL147W,0,7.0731277,0.27659574151039124,0.07549361139535904,0.01974448375403881
YPL064C,YLL055W,0,7.071188,0.27542373538017273,0.07549361139535904,0.019860627129673958
YJR010W,YJR070C,0,7.070808,0.27426159381866455,0.07549361139535904,0.019976770505309105
YMR269W,YLR251W,0,7.0707173,0.2731092572212219,0.07549361139535904,0.0200929157435894
YDR449C,YJR103W,0,7.066052,0.27196651697158813,0.07549361139535904,0.02020905911922455
YPR024W,YOR232W,1,7.0610256,0.2750000059604645,0.07665505260229111,0.02020905911922455
YDL107W,YMR203W,1,7.0391784,0.2780083119869232,0.07781649380922318,0.02020905911922455
YJL066C,YNL110C,0,7.028176,0.27685949206352234,0.07781649380922318,0.020325202494859695
YMR203W,YNR017W,1,7.012028,0.27983540296554565,0.07897793501615524,0.020325202494859695
YDL142C,YNL131W,1,7.008638,0.28278687596321106,0.08013937622308731,0.020325202494859695
YIL094C,YPL240C,0,6.9822474,0.281632661819458,0.08013937622308731,0.020441347733139992
YLR028C,YML056C,0,6.982074,0.2804878056049347,0.08013937622308731,0.02055749110877514
YMR169C,YGL226C-A,0,6.969484,0.27935221791267395,0.08013937622308731,0.020673634484410286
YKL126W,YJR063W,0,6.9652057,0.2782258093357086,0.08013937622308731,0.020789779722690582
YDR296W,YDR470C,1,6.956302,0.2811245024204254,0.08130080997943878,0.020789779722690582
YEL012W,YPL139C,0,6.9262214,0.2800000011920929,0.08130080997943878,0.02090592309832573
YDL128W,YGL103W,0,6.9207134,0.2788844704627991,0.08130080997943878,0.021022066473960876
YNL131W,YLR163C,1,6.906404,0.2817460298538208,0.08246225118637085,0.021022066473960876
YDL179W,YAL038W,0,6.903957,0.2806324064731598,0.08246225118637085,0.021138211712241173
YJR034W,YPR133W-A,1,6.902209,0.28346458077430725,0.08362369239330292,0.021138211712241173
YDR083W,YLL055W,0,6.897552,0.2823529541492462,0.08362369239330292,0.02125435508787632
YBR183W,YML052W,0,6.894753,0.28125,0.08362369239330292,0.021370500326156616
YPL188W,YCR046C,0,6.89228,0.28015562891960144,0.08362369239330292,0.021486643701791763
YMR089C,YKL053C-A,1,6.885292,0.2829457223415375,0.08478513360023499,0.021486643701791763
YPR035W,YIL159W,0,6.878804,0.2818532884120941,0.08478513360023499,0.02160278707742691
YNR035C,YJR034W,1,6.8740516,0.2846153974533081,0.08594657480716705,0.02160278707742691
YIL140W,YBR072W,0,6.8733506,0.28352490067481995,0.08594657480716705,0.021718932315707207
YOR232W,YKL053C-A,1,6.8538284,0.2862595319747925,0.08710801601409912,0.021718932315707207
YGR145W,YML132W,0,6.8487353,0.2851710915565491,0.08710801601409912,0.021835075691342354
YJR078W,YDR494W,0,6.8430448,0.28409090638160706,0.08710801601409912,0.0219512190669775
YDL142C,YPL098C,1,6.8341613,0.28679245710372925,0.08826945722103119,0.0219512190669775
YJL060W,YKL182W,0,6.8302875,0.2857142984867096,0.08826945722103119,0.022067364305257797
YLR395C,YBR066C,0,6.826296,0.2846441864967346,0.08826945722103119,0.022183507680892944
YMR180C,YGR084C,0,6.822557,0.28358209133148193,0.08826945722103119,0.02229965105652809
YIL134W,YNL008C,0,6.8176365,0.282527893781662,0.08826945722103119,0.022415796294808388
YHR209W,YDR497C,0,6.8175015,0.28148147463798523,0.08826945722103119,0.022531939670443535
YDL036C,YAL017W,0,6.816165,0.2804428040981293,0.08826945722103119,0.022648083046078682
YJL034W,YPL104W,0,6.805927,0.27941176295280457,0.08826945722103119,0.02276422828435898
YKL053C-A,YJR034W,1,6.8042073,0.28205129504203796,0.08943089097738266,0.02276422828435898
YPL131W,YGL259W,0,6.796786,0.2810218930244446,0.08943089097738266,0.022880371659994125
YMR020W,YDL039C,0,6.7948956,0.2800000011920929,0.08943089097738266,0.022996515035629272
YPR024W,YNL070W,1,6.7939515,0.28260868787765503,0.09059233218431473,0.022996515035629272
YPR006C,YGR239C,0,6.788802,0.28158843517303467,0.09059233218431473,0.02311266027390957
YGR268C,YML080W,0,6.778907,0.28057554364204407,0.09059233218431473,0.023228803649544716
YER017C,YOR232W,1,6.7786613,0.28315412998199463,0.0917537733912468,0.023228803649544716
YOR232W,YPR133W-A,1,6.7777305,0.2857142984867096,0.09291521459817886,0.023228803649544716
YGR175C,YLL040C,0,6.775251,0.2846975028514862,0.09291521459817886,0.023344947025179863
YJR070C,YBR128C,0,6.77516,0.283687949180603,0.09291521459817886,0.02346109226346016
YPR083W,YJR034W,1,6.7743254,0.2862190902233124,0.09407665580511093,0.02346109226346016
YLR401C,YNL239W,0,6.7739506,0.2852112650871277,0.09407665580511093,0.023577235639095306
YDL107W,YNL131W,1,6.7596693,0.2877193093299866,0.095238097012043,0.023577235639095306
YLR291C,YDL097C,0,6.7537627,0.28671327233314514,0.095238097012043,0.023693379014730453
YNL117W,YBL092W,0,6.75133,0.2857142984867096,0.095238097012043,0.02380952425301075
YDR512C,YER171W,0,6.7384734,0.2847222089767456,0.095238097012043,0.023925667628645897
YLR182W,YPR160W,0,6.7375045,0.28373703360557556,0.095238097012043,0.024041811004281044
YPR080W,YPR138C,0,6.736812,0.2827586233615875,0.095238097012043,0.02415795624256134
YMR089C,YHR005C-A,1,6.7228575,0.2852233648300171,0.09639953821897507,0.02415795624256134
YLR197W,YDR173C,0,6.718583,0.284246563911438,0.09639953821897507,0.024274099618196487
YNL131W,YPR133W-A,1,6.7150235,0.286689430475235,0.09756097197532654,0.024274099618196487
YPR024W,YNL131W,1,6.713902,0.28911563754081726,0.0987224131822586,0.024274099618196487
YBR067C,YLR350W,0,6.7038484,0.2881355881690979,0.0987224131822586,0.024390242993831635
YMR276W,YBR120C,0,6.6969013,0.2871621549129486,0.0987224131822586,0.02450638823211193
YPL273W,YDR497C,0,6.696117,0.2861952781677246,0.0987224131822586,0.024622531607747078
YJL079C,YNL052W,0,6.6727157,0.28523489832878113,0.0987224131822586,0.024738676846027374
YLL045C,YNR044W,0,6.665898,0.284280925989151,0.0987224131822586,0.02485482022166252
YBR066C,YOR340C,0,6.6543603,0.28333333134651184,0.0987224131822586,0.02497096359729767
YHR041C,YDL022W,0,6.6365943,0.2823920249938965,0.0987224131822586,0.025087108835577965
YDR492W,YMR136W,0,6.6285253,0.28145694732666016,0.0987224131822586,0.025203252211213112
YAL054C,YMR267W,0,6.6215634,0.2805280387401581,0.0987224131822586,0.02531939558684826
YNR017W,YHR005C-A,1,6.620176,0.28289473056793213,0.09988385438919067,0.02531939558684826
YKL013C,YMR203W,1,6.6118884,0.2852458953857422,0.10104529559612274,0.02531939558684826
YNL070W,YLR163C,1,6.6092,0.2875817120075226,0.10220673680305481,0.02531939558684826
YOR084W,YJL103C,0,6.6065755,0.28664496541023254,0.10220673680305481,0.025435540825128555
YPR191W,YKL064W,0,6.603424,0.2857142984867096,0.10220673680305481,0.025551684200763702
YMR089C,YNR017W,1,6.5986347,0.2880258858203888,0.10336817800998688,0.025551684200763702
YHR066W,YMR020W,0,6.588049,0.28709676861763,0.10336817800998688,0.02566782757639885
YNL084C,YMR246W,0,6.5617304,0.28617364168167114,0.10336817800998688,0.025783972814679146
YPR191W,YLR009W,0,6.556813,0.28525641560554504,0.10336817800998688,0.025900116190314293
YHR029C,YNL163C,0,6.5470214,0.2843450605869293,0.10336817800998688,0.02601625956594944
YER150W,YLR404W,0,6.5411353,0.2834394872188568,0.10336817800998688,0.026132404804229736
YMR194W,YPL096W,0,6.532909,0.2825396955013275,0.10336817800998688,0.026248548179864883
YDL029W,YNR017W,1,6.5323195,0.2848101258277893,0.10452961921691895,0.026248548179864883
YBL058W,YMR246W,0,6.5314236,0.28391167521476746,0.10452961921691895,0.02636469155550003
YPR024W,YGR144W,1,6.5238643,0.2861635088920593,0.10569106042385101,0.02636469155550003
YFL038C,YKR066C,0,6.517198,0.2852664589881897,0.10569106042385101,0.026480836793780327
YDL215C,YKL082C,0,6.5098033,0.28437501192092896,0.10569106042385101,0.026596980169415474
YPL134C,YOR243C,0,6.506187,0.2834891080856323,0.10569106042385101,0.02671312354505062
YDR296W,YPR133W-A,1,6.4837623,0.2857142984867096,0.10685249418020248,0.02671312354505062
YNR017W,YGR112W,1,6.4833403,0.28792569041252136,0.10801393538713455,0.02671312354505062
YPR006C,YML056C,0,6.477669,0.28703704476356506,0.10801393538713455,0.026829268783330917
YDL107W,YKL053C-A,1,6.4768157,0.2892307639122009,0.10917537659406662,0.026829268783330917
YDL029W,YMR089C,1,6.471954,0.29141104221343994,0.11033681780099869,0.026829268783330917
YMR020W,YKL009W,0,6.4674735,0.2905198633670807,0.11033681780099869,0.026945412158966064
YDR296W,YOR232W,1,6.4594355,0.2926829159259796,0.11149825900793076,0.026945412158966064
YHR005C-A,YGR112W,1,6.4539704,0.29483282566070557,0.11265970021486282,0.026945412158966064
YJR127C,YOR020C,0,6.4470563,0.29393938183784485,0.11265970021486282,0.02706155553460121
YJR010W,YKL166C,0,6.4447875,0.2930513620376587,0.11265970021486282,0.027177700772881508
YOR147W,YPR083W,1,6.444697,0.29518070816993713,0.11382114142179489,0.027177700772881508
YLL019C,YNL307C,0,6.4364285,0.2942942976951599,0.11382114142179489,0.027293844148516655
YJL117W,YCL032W,0,6.4350333,0.2934131622314453,0.11382114142179489,0.027409987524151802
YDL029W,YNL079C,1,6.4348636,0.29552239179611206,0.11498257517814636,0.027409987524151802
YJL141C,YPR119W,0,6.426261,0.2946428656578064,0.11498257517814636,0.0275261327624321
YPR167C,YIL133C,0,6.4217987,0.2937685549259186,0.11498257517814636,0.027642276138067245
YMR089C,YMR203W,1,6.41977,0.2958579957485199,0.11614401638507843,0.027642276138067245
YPR167C,YLR344W,0,6.4178596,0.29498526453971863,0.11614401638507843,0.027758419513702393
YHR005C-A,YLR163C,1,6.4173074,0.2970588207244873,0.1173054575920105,0.027758419513702393
YLL019C,YDR429C,0,6.4152694,0.2961876690387726,0.1173054575920105,0.02787456475198269
YOR219C,YKL003C,0,6.413165,0.29532164335250854,0.1173054575920105,0.027990708127617836
YER055C,YML006C,0,6.406847,0.294460654258728,0.1173054575920105,0.028106853365898132
YBR120C,YLL019C,0,6.3980007,0.29360464215278625,0.1173054575920105,0.02822299674153328
YMR300C,YLL027W,0,6.384829,0.2927536368370056,0.1173054575920105,0.028339140117168427
YNL307C,YLL055W,0,6.3840485,0.29190751910209656,0.1173054575920105,0.028455285355448723
YPR024W,YNR017W,1,6.382773,0.29394811391830444,0.11846689879894257,0.028455285355448723
YMR284W,YKR006C,0,6.382026,0.2931034564971924,0.11846689879894257,0.02857142873108387
YLR047C,YKL182W,0,6.3818665,0.29226359724998474,0.11846689879894257,0.028687572106719017
YDR079W,YJL112W,1,6.3766274,0.29428571462631226,0.11962834000587463,0.028687572106719017
YMR319C,YKL180W,0,6.370361,0.2934472858905792,0.11962834000587463,0.028803717344999313
YIL170W,YMR143W,0,6.3645186,0.2926136255264282,0.11962834000587463,0.02891986072063446
YBR287W,YPR060C,0,6.3569283,0.29178470373153687,0.11962834000587463,0.029036004096269608
YKL053C-A,YPL098C,1,6.355663,0.29378530383110046,0.1207897812128067,0.029036004096269608
YER150W,YKL078W,0,6.3358684,0.29295775294303894,0.1207897812128067,0.029152149334549904
YJL060W,YKR044W,0,6.335404,0.2921348214149475,0.1207897812128067,0.02926829271018505
YNL079C,YPR133W-A,1,6.3330417,0.29411765933036804,0.12195122241973877,0.02926829271018505
YDL107W,YHR005C-A,1,6.3319783,0.29608938097953796,0.12311265617609024,0.02926829271018505
YPL127C,YLR330W,0,6.3311133,0.2952646315097809,0.12311265617609024,0.029384436085820198
YLL041C,YNL232W,0,6.3131638,0.2944444417953491,0.12311265617609024,0.029500581324100494
YOR388C,YLR348C,0,6.311225,0.2936288118362427,0.12311265617609024,0.02961672469973564
YOR298W,YNL302C,0,6.3080506,0.2928176820278168,0.12311265617609024,0.02973286807537079
YLR401C,YNL138W,0,6.3069277,0.292011022567749,0.12311265617609024,0.029849013313651085
YMR241W,YGR112W,1,6.3058963,0.29395604133605957,0.12427409738302231,0.029849013313651085
YCL026C-B,YFL023W,0,6.3055873,0.2931506931781769,0.12427409738302231,0.029965156689286232
YER150W,YBL079W,0,6.299493,0.2923497259616852,0.12427409738302231,0.03008130006492138
YMR049C,YBR052C,0,6.299472,0.2915531396865845,0.12427409738302231,0.030197445303201675
YKL186C,YML056C,0,6.297014,0.29076087474823,0.12427409738302231,0.030313588678836823
YOR298W,YLR187W,0,6.293145,0.2899729013442993,0.12427409738302231,0.03042973205447197
YGR180C,YIL142W,0,6.2907023,0.2891891896724701,0.12427409738302231,0.030545877292752266
YPR191W,YOL038W,0,6.2864337,0.2884097099304199,0.12427409738302231,0.030662020668387413
YHR179W,YKL124W,0,6.28188,0.28763440251350403,0.12427409738302231,0.03077816404402256
YML051W,YJR127C,0,6.280917,0.2868632674217224,0.12427409738302231,0.030894309282302856
YJR092W,YAL038W,0,6.2768774,0.2860962450504303,0.12427409738302231,0.031010452657938004
YGR144W,YNL121C,1,6.2758565,0.2879999876022339,0.12543554604053497,0.031010452657938004
YOR148C,YPR149W,0,6.2750735,0.28723403811454773,0.12543554604053497,0.0311265978962183
YGR264C,YGL004C,0,6.269904,0.2864721417427063,0.12543554604053497,0.031242741271853447
YHR074W,YGL030W,0,6.2628045,0.2857142984867096,0.12543554604053497,0.03135888651013374
YLR295C,YDR403W,0,6.2546296,0.28496041893959045,0.12543554604053497,0.03147502988576889
YDR496C,YHR051W,0,6.253281,0.28421053290367126,0.12543554604053497,0.03159117326140404
YGL037C,YEL056W,0,6.2499876,0.28346458077430725,0.12543554604053497,0.031707316637039185
YIL079C,YJR103W,0,6.2498717,0.28272250294685364,0.12543554604053497,0.03182346001267433
YKL053C-A,YNL121C,1,6.249679,0.2845953106880188,0.12659698724746704,0.03182346001267433
YAL017W,YLL061W,0,6.2439113,0.2838541567325592,0.12659698724746704,0.03193960338830948
YNL131W,YER017C,1,6.2433248,0.2857142984867096,0.12775841355323792,0.03193960338830948
YKL009W,YNL223W,0,6.2422147,0.2849740982055664,0.12775841355323792,0.032055750489234924
YPL094C,YHR051W,0,6.2374086,0.28423771262168884,0.12775841355323792,0.03217189386487007
YJR032W,YLR251W,0,6.2329345,0.2835051417350769,0.12775841355323792,0.03228803724050522
YDL202W,YKL210W,0,6.232177,0.2827763557434082,0.12775841355323792,0.032404180616140366
YHR179W,YDR429C,0,6.2300973,0.28205129504203796,0.12775841355323792,0.03252032399177551
YDL061C,YOR377W,0,6.2297463,0.2813299298286438,0.12775841355323792,0.03263646736741066
YBR177C,YDR337W,0,6.2244153,0.2806122303009033,0.12775841355323792,0.032752614468336105
YGR282C,YMR250W,0,6.2176433,0.2798982262611389,0.12775841355323792,0.03286875784397125
YGL183C,YDL083C,0,6.2129517,0.2791878283023834,0.12775841355323792,0.0329849012196064
YPL196W,YFR033C,0,6.2067943,0.27848100662231445,0.12775841355323792,0.03310104459524155
YNR067C,YOR239W,0,6.2008767,0.2777777910232544,0.12775841355323792,0.033217187970876694
YOL082W,YER145C,0,6.2006364,0.2770780920982361,0.12775841355323792,0.03333333507180214
YDL054C,YLR043C,0,6.197132,0.2763819098472595,0.12775841355323792,0.033449478447437286
YLR028C,YMR246W,0,6.196902,0.2756892144680023,0.12775841355323792,0.033565621823072433
YPR191W,YKL015W,0,6.194074,0.2750000059604645,0.12775841355323792,0.03368176519870758
YGL062W,YMR267W,0,6.1918664,0.2743142247200012,0.12775841355323792,0.03379790857434273
YPL119C,YHR109W,0,6.1895547,0.27363184094429016,0.12775841355323792,0.033914051949977875
YDL021W,YNL078W,0,6.187486,0.2729528546333313,0.12775841355323792,0.03403019905090332
YEL052W,YEL012W,0,6.1851425,0.27227723598480225,0.12775841355323792,0.03414634242653847
YAL039C,YCR012W,0,6.18506,0.2716049253940582,0.12775841355323792,0.034262485802173615
YDR079W,YHR005C-A,1,6.1803017,0.2733990252017975,0.12891985476016998,0.034262485802173615
YJR010W,YBR261C,0,6.1781945,0.27272728085517883,0.12891985476016998,0.03437862917780876
YBR052C,YJR101W,0,6.176909,0.2720588147640228,0.12891985476016998,0.03449477255344391
YOL124C,YJL079C,0,6.1721177,0.27139365673065186,0.12891985476016998,0.034610915929079056
YBL041W,YDL227C,0,6.1716504,0.27073171734809875,0.12891985476016998,0.0347270630300045
YGL162W,YDL070W,0,6.1716027,0.2700729966163635,0.12891985476016998,0.03484320640563965
YCL043C,YFL021W,0,6.163695,0.2694174647331238,0.12891985476016998,0.034959349781274796
YGR268C,YJL079C,0,6.159911,0.2687651216983795,0.12891985476016998,0.03507549315690994
YEL040W,YLL027W,0,6.157924,0.26811593770980835,0.12891985476016998,0.03519163653254509
YDR296W,YER017C,1,6.1573863,0.2698795199394226,0.13008129596710205,0.03519163653254509
YOL086C,YLL034C,0,6.155139,0.26923078298568726,0.13008129596710205,0.03530777990818024
YKL203C,YNL239W,0,6.150884,0.2685851454734802,0.13008129596710205,0.03542392700910568
YMR020W,YBR155W,0,6.149098,0.2679425776004791,0.13008129596710205,0.03554007038474083
YMR319C,YKL085W,0,6.146818,0.26730310916900635,0.13008129596710205,0.03565621376037598
YOR310C,YKL161C,0,6.141575,0.2666666805744171,0.13008129596710205,0.035772357136011124
YGR144W,YKL053C-A,1,6.1357923,0.26840853691101074,0.13124273717403412,0.035772357136011124
YBR002C,YKL038W,0,6.134661,0.26777252554893494,0.13124273717403412,0.03588850051164627
YEL052W,YLL045C,0,6.133822,0.2671394944190979,0.13124273717403412,0.036004647612571716
YBR066C,YBL052C,0,6.1321373,0.26650944352149963,0.13124273717403412,0.03612079098820686
YOR297C,YJR034W,1,6.1270127,0.26823529601097107,0.1324041783809662,0.03612079098820686
YHR179W,YGR185C,0,6.125461,0.26760563254356384,0.1324041783809662,0.03623693436384201
YLR270W,YBL092W,0,6.109017,0.266978919506073,0.1324041783809662,0.03635307773947716
YGL068W,YHR057C,0,6.10544,0.26635512709617615,0.1324041783809662,0.036469221115112305
YMR203W,YPR133W-A,1,6.096828,0.26806527376174927,0.13356561958789825,0.036469221115112305
YOR084W,YBL041W,0,6.0943565,0.26744186878204346,0.13356561958789825,0.03658536449074745
YNL008C,YNL147W,0,6.091033,0.26682135462760925,0.13356561958789825,0.0367015115916729
YLR359W,YNL239W,0,6.0905776,0.26620370149612427,0.13356561958789825,0.036817654967308044
YMR089C,YPL098C,1,6.0899463,0.2678983807563782,0.13472706079483032,0.036817654967308044
YBR145W,YPR060C,0,6.085739,0.26728111505508423,0.13472706079483032,0.03693379834294319
YHR029C,YBR061C,0,6.0839562,0.2666666805744171,0.13472706079483032,0.03704994171857834
YOR323C,YHR179W,0,6.0803194,0.26605504751205444,0.13472706079483032,0.037166085094213486
YDR146C,YCL025C,0,6.078263,0.2654462158679962,0.13472706079483032,0.03728222846984863
YHR179W,YMR008C,0,6.076964,0.26484018564224243,0.13472706079483032,0.03739837557077408
YGR112W,YNR035C,1,6.07474,0.2665148079395294,0.1358885020017624,0.03739837557077408
YDL107W,YGR112W,1,6.07239,0.26818183064460754,0.13704994320869446,0.03739837557077408
YOR187W,YBR031W,0,6.062277,0.26757368445396423,0.13704994320869446,0.037514518946409225
YFL001W,YLR251W,0,6.0570035,0.26696833968162537,0.13704994320869446,0.03763066232204437
YKR057W,YML028W,0,6.051458,0.2663656771183014,0.13704994320869446,0.03774680569767952
YJR021C,YJR063W,0,6.0505548,0.2657657563686371,0.13704994320869446,0.03786294907331467
YMR089C,YPR083W,1,6.0494323,0.26741573214530945,0.13821138441562653,0.03786294907331467
YDR059C,YGL225W,0,6.0391874,0.2668161392211914,0.13821138441562653,0.037979092448949814
YJL130C,YMR250W,0,6.0353093,0.26621922850608826,0.13821138441562653,0.03809523954987526
YHR175W,YNL223W,0,6.03182,0.265625,0.13821138441562653,0.038211382925510406
YKL217W,YNL231C,0,6.030812,0.26503339409828186,0.13821138441562653,0.038327526301145554
YKL166C,YLL055W,0,6.0259714,0.2644444406032562,0.13821138441562653,0.0384436696767807
YMR093W,YAL038W,0,6.0194073,0.2638580799102783,0.13821138441562653,0.03855981305241585
YNL079C,YPL098C,1,6.0150523,0.2654867172241211,0.1393728256225586,0.03855981305241585
YDL142C,YDL198C,1,6.0149593,0.26710817217826843,0.14053426682949066,0.03855981305241585
YDR059C,YMR267W,0,6.01468,0.26651981472969055,0.14053426682949066,0.038675956428050995
YHR175W,YIR039C,0,6.0127053,0.2659340798854828,0.14053426682949066,0.03879210352897644
YHR005C-A,YJR034W,1,6.011727,0.26754385232925415,0.14169570803642273,0.03879210352897644
YLR452C,YBR006W,0,6.006973,0.26695841550827026,0.14169570803642273,0.03890824690461159
YBR230C,YNR044W,0,6.0051513,0.2663755416870117,0.14169570803642273,0.039024390280246735
YJL155C,YGL103W,0,6.0032144,0.26579520106315613,0.14169570803642273,0.03914053365588188
YNL117W,YPL223C,0,6.002095,0.2652173936367035,0.14169570803642273,0.03925667703151703
YLL041C,YJL079C,0,5.997281,0.2646420896053314,0.14169570803642273,0.039372824132442474
YGR264C,YOR299W,0,5.986606,0.26406925916671753,0.14169570803642273,0.03948896750807762
YBR294W,YJR032W,0,5.984202,0.2634989321231842,0.14169570803642273,0.03960511088371277
YHR174W,YLL027W,0,5.9835286,0.26293104887008667,0.14169570803642273,0.039721254259347916
YDR059C,YNL335W,0,5.9815598,0.26236557960510254,0.14169570803642273,0.03983739763498306
YLR029C,YBR052C,0,5.978972,0.2618025839328766,0.14169570803642273,0.03995354101061821
YNL073W,YLR270W,0,5.9785724,0.26124197244644165,0.14169570803642273,0.040069688111543655
YPL050C,YKL124W,0,5.978444,0.2606837749481201,0.14169570803642273,0.0401858314871788
YER049W,YPR149W,0,5.9761033,0.2601279318332672,0.14169570803642273,0.04030197486281395
YOR148C,YIR039C,0,5.975356,0.2595744729042053,0.14169570803642273,0.0404181182384491
YDR411C,YNL153C,0,5.9747815,0.25902336835861206,0.14169570803642273,0.040534261614084244
YKL103C,YHR077C,0,5.9738913,0.25847458839416504,0.14169570803642273,0.04065040498971939
YJL079C,YKL001C,0,5.9708076,0.25792813301086426,0.14169570803642273,0.040766552090644836
YGL026C,YOL040C,0,5.9655447,0.25738397240638733,0.14169570803642273,0.040882695466279984
YDL202W,YDL024C,0,5.9625854,0.25684210658073425,0.14169570803642273,0.04099883884191513
YGR144W,YPL098C,1,5.9622817,0.25840336084365845,0.1428571492433548,0.04099883884191513
YAR035W,YGR239C,0,5.960256,0.2578616440296173,0.1428571492433548,0.04111498221755028
YGR077C,YBR187W,0,5.959398,0.25732216238975525,0.1428571492433548,0.041231125593185425
YHR174W,YIR032C,0,5.9542775,0.25678497552871704,0.1428571492433548,0.04134726896882057
YKR066C,YMR186W,0,5.947597,0.2562499940395355,0.1428571492433548,0.04146341606974602
YPL104W,YGR027C,0,5.944003,0.2557172477245331,0.1428571492433548,0.041579559445381165
YDL170W,YOR020C,0,5.941394,0.2551867365837097,0.1428571492433548,0.04169570282101631
YER098W,YLR344W,0,5.9403944,0.25465837121009827,0.1428571492433548,0.04181184619665146
YKL053C-A,YPR133W-A,1,5.9402537,0.25619834661483765,0.14401859045028687,0.04181184619665146
YNL131W,YEL030W,1,5.939669,0.25773194432258606,0.14518001675605774,0.04181184619665146
YDL078C,YLL012W,0,5.9378543,0.2572016417980194,0.14518001675605774,0.041927989572286606
YDR144C,YIL143C,0,5.9349027,0.25667351484298706,0.14518001675605774,0.04204413294792175
YEL052W,YLR330W,0,5.933565,0.2561475336551666,0.14518001675605774,0.0421602800488472
YEL052W,YLL055W,0,5.926307,0.2556237280368805,0.14518001675605774,0.042276423424482346
YLR295C,YJL029C,0,5.922739,0.2551020383834839,0.14518001675605774,0.04239256680011749
YBR066C,YPL200W,0,5.9187098,0.2545824944972992,0.14518001675605774,0.04250871017575264
YPR026W,YFR033C,0,5.90821,0.25406503677368164,0.14518001675605774,0.04262485355138779
YKR066C,YGL225W,0,5.900455,0.2535496950149536,0.14518001675605774,0.04274100065231323
YNL073W,YLL055W,0,5.8988805,0.2530364394187927,0.14518001675605774,0.04285714402794838
YEL030W,YNL070W,1,5.8987613,0.2545454502105713,0.1463414579629898,0.04285714402794838
YDR079W,YJR034W,1,5.8923483,0.25604838132858276,0.14750289916992188,0.04285714402794838
YOL145C,YKL038W,0,5.8907228,0.2555331885814667,0.14750289916992188,0.04297328740358353
YPR035W,YKL078W,0,5.8902817,0.2550200819969177,0.14750289916992188,0.043089430779218674
YDL029W,YJR034W,1,5.8889565,0.2565130293369293,0.14866434037685394,0.043089430779218674
YBL076C,YPL147W,0,5.886783,0.25600001215934753,0.14866434037685394,0.04320557415485382
YOR147W,YPL098C,1,5.8820267,0.257485032081604,0.149825781583786,0.04320557415485382
YJL034W,YMR093W,0,5.880031,0.2569721043109894,0.149825781583786,0.04332171753048897
YOL045W,YBR120C,0,5.8762054,0.2564612329006195,0.149825781583786,0.04343786463141441
YFL045C,YHR057C,0,5.8703575,0.255952388048172,0.149825781583786,0.04355400800704956
YDL036C,YKL182W,0,5.8692894,0.25544553995132446,0.149825781583786,0.04367015138268471
YLR043C,YDL021W,0,5.868099,0.2549407184123993,0.149825781583786,0.043786294758319855
YGR144W,YDL198C,1,5.8618464,0.25641027092933655,0.15098722279071808,0.043786294758319855
YEL036C,YIR038C,0,5.856257,0.25590550899505615,0.15098722279071808,0.043902438133955
YGL083W,YPL240C,0,5.8543515,0.25540274381637573,0.15098722279071808,0.04401858150959015
YGR070W,YBR037C,0,5.8533235,0.2549019753932953,0.15098722279071808,0.044134728610515594
YJR151C,YKL096W-A,0,5.852344,0.25440314412117004,0.15098722279071808,0.04425087198615074
YPL240C,YOR313C,0,5.8503766,0.25390625,0.15098722279071808,0.04436701536178589
YDR079W,YDL029W,1,5.8500266,0.2553606331348419,0.15214866399765015,0.04436701536178589
YPL119C,YGR214W,0,5.8466988,0.25486379861831665,0.15214866399765015,0.044483158737421036
YLR197W,YLR113W,0,5.839587,0.25436893105506897,0.15214866399765015,0.04459930211305618
YNL147W,YPR001W,0,5.839356,0.2538759708404541,0.15214866399765015,0.04471544548869133
YNL117W,YOR180C,0,5.8370934,0.25338491797447205,0.15214866399765015,0.044831592589616776
YHR029C,YDL047W,0,5.8364015,0.2528957426548004,0.15214866399765015,0.04494773596525192
YLR107W,YDR353W,0,5.828656,0.2524084746837616,0.15214866399765015,0.04506387934088707
YMR241W,YMR089C,1,5.8274856,0.2538461685180664,0.15331010520458221,0.04506387934088707
YIL088C,YOR020C,0,5.82243,0.25335893034935,0.15331010520458221,0.04518002271652222
YDL084W,YML128C,0,5.821531,0.25287356972694397,0.15331010520458221,0.045296166092157364
YKL186C,YLL055W,0,5.818419,0.252390056848526,0.15331010520458221,0.04541230946779251
YPL127C,YNL335W,0,5.814891,0.25190839171409607,0.15331010520458221,0.04552845656871796
YDR492W,YPL163C,0,5.8140464,0.2514285743236542,0.15331010520458221,0.045644599944353104
YJR031C,YIL042C,0,5.812968,0.25095057487487793,0.15331010520458221,0.04576074331998825
YOR232W,YLR163C,1,5.8112507,0.2523719072341919,0.15447154641151428,0.04576074331998825
YOR297C,YNL026W,1,5.809336,0.2537878751754761,0.15563298761844635,0.04576074331998825
YMR032W,YAR035W,0,5.8022656,0.25330811738967896,0.15563298761844635,0.0458768866956234
YPL099C,YJL103C,0,5.798652,0.2528301775455475,0.15563298761844635,0.045993030071258545
YGL225W,YPL104W,0,5.793613,0.25235405564308167,0.15563298761844635,0.04610917717218399
YIL143C,YOL040C,0,5.7926908,0.2518796920776367,0.15563298761844635,0.04622532054781914
YGR010W,YNL147W,0,5.7913337,0.25140711665153503,0.15563298761844635,0.046341463923454285
YML028W,YFL023W,0,5.7909036,0.2509363293647766,0.15563298761844635,0.04645760729908943
YOR317W,YOL090W,0,5.7826705,0.25046730041503906,0.15563298761844635,0.04657375067472458
YMR182C,YGL037C,0,5.774364,0.25,0.15563298761844635,0.046689894050359726
YOR147W,YGR112W,1,5.768792,0.25139665603637695,0.15679442882537842,0.046689894050359726
YIL088C,YJL024C,0,5.765795,0.2509293556213379,0.15679442882537842,0.04680604115128517
YPR083W,YKL053C-A,1,5.7641935,0.2523190975189209,0.15795587003231049,0.04680604115128517
YBR177C,YOR355W,0,5.7608323,0.2518518567085266,0.15795587003231049,0.04692218452692032
YJL141C,YBR031W,0,5.75645,0.2513863146305084,0.15795587003231049,0.047038327902555466
YJR101W,YGR143W,0,5.754212,0.2509225010871887,0.15795587003231049,0.04715447127819061
YOR187W,YHR174W,0,5.75027,0.2504604160785675,0.15795587003231049,0.04727061465382576
YGR264C,YKR069W,0,5.746221,0.25,0.15795587003231049,0.04738675802946091
YGR144W,YDR296W,1,5.742705,0.2513761520385742,0.15911731123924255,0.04738675802946091
YAL054C,YNL281W,0,5.7410297,0.2509157657623291,0.15911731123924255,0.04750290513038635
YPR024W,YPR083W,1,5.740706,0.2522851824760437,0.16027875244617462,0.04750290513038635
YEL052W,YKL205W,0,5.7389235,0.25182482600212097,0.16027875244617462,0.0476190485060215
YLR390W,YFL017W-A,0,5.7351723,0.25136610865592957,0.16027875244617462,0.04773519188165665
YHR059W,YPL183W-A,0,5.73478,0.25090909004211426,0.16027875244617462,0.047851335257291794
YOR298W,YDL128W,0,5.734276,0.2504537105560303,0.16027875244617462,0.04796747863292694
YER017C,YKL053C-A,1,5.7278357,0.25181159377098083,0.1614401787519455,0.04796747863292694
YLR187W,YER115C,0,5.7215014,0.25135624408721924,0.1614401787519455,0.04808362200856209
YNL304W,YOL026C,1,5.714532,0.2527075707912445,0.16260161995887756,0.04808362200856209
YOR142W,YLR321C,0,5.7131486,0.2522522509098053,0.16260161995887756,0.048199769109487534
YER050C,YPR030W,0,5.707489,0.2517985701560974,0.16260161995887756,0.04831591248512268
YMR241W,YDR470C,1,5.7067256,0.2531418204307556,0.16376306116580963,0.04831591248512268
YMR089C,YNL121C,1,5.706513,0.2544802725315094,0.1649245023727417,0.04831591248512268
YGR229C,YLR251W,0,5.7058043,0.25402504205703735,0.1649245023727417,0.04843205586075783
YNL178W,YLR219W,0,5.7003036,0.25357142090797424,0.1649245023727417,0.048548199236392975
YML032C,YLR350W,0,5.6915593,0.25311943888664246,0.1649245023727417,0.04866434261202812
YDR079W,YNR017W,1,5.6903076,0.25444838404655457,0.16608594357967377,0.04866434261202812
YKL190W,YPR080W,0,5.6900764,0.25399646162986755,0.16608594357967377,0.04878048598766327
YIR039C,YER052C,0,5.686114,0.2535460889339447,0.16608594357967377,0.048896633088588715
YGR282C,YLR401C,0,5.682488,0.2530973553657532,0.16608594357967377,0.04901277646422386
YMR203W,YPR083W,1,5.6812463,0.25441697239875793,0.16724738478660583,0.04901277646422386
YNR017W,YER017C,1,5.681193,0.2557319104671478,0.1684088259935379,0.04901277646422386
YNR017W,YNL121C,1,5.679556,0.25704225897789,0.16957026720046997,0.04901277646422386
YOR147W,YJL112W,1,5.6771927,0.2583479881286621,0.17073170840740204,0.04901277646422386
YNR017W,YEL030W,1,5.6738434,0.2596491277217865,0.1718931496143341,0.04901277646422386
YFL038C,YHR051W,0,5.6730595,0.25919440388679504,0.1718931496143341,0.04912891983985901
YLL012W,YJR103W,0,5.6716313,0.25874125957489014,0.1718931496143341,0.049245063215494156
YNL131W,YKL053C-A,1,5.6671114,0.2600349187850952,0.17305459082126617,0.049245063215494156
YHR175W,YBL076C,0,5.665959,0.25958189368247986,0.17305459082126617,0.0493612065911293
YDR083W,YGR268C,0,5.664582,0.25913044810295105,0.17305459082126617,0.04947735369205475
YDR254W,YMR296C,0,5.6635723,0.2586805522441864,0.17305459082126617,0.049593497067689896
YMR182C,YBR115C,0,5.6556296,0.2582322359085083,0.17305459082126617,0.04970964044332504
YLR228C,YBR072W,0,5.6534,0.25778546929359436,0.17305459082126617,0.04982578381896019
YLR401C,YDR229W,0,5.64717,0.2573402523994446,0.17305459082126617,0.04994192719459534
YGL162W,YJR051W,0,5.6452727,0.2568965554237366,0.17305459082126617,0.050058070570230484
YDR233C,YBR173C,0,5.644885,0.25645437836647034,0.17305459082126617,0.05017421767115593
YMR241W,YDL142C,1,5.6417227,0.25773194432258606,0.17421603202819824,0.05017421767115593
YCL018W,YIL035C,0,5.639443,0.2572898864746094,0.17421603202819824,0.05029036104679108
YNL117W,YPR200C,0,5.635884,0.2568493187427521,0.17421603202819824,0.050406504422426224
YER103W,YDL171C,0,5.6313143,0.25641027092933655,0.17421603202819824,0.05052264779806137
YPL127C,YBR059C,0,5.630159,0.255972683429718,0.17421603202819824,0.05063879117369652
YLR390W,YJR103W,0,5.62803,0.25553661584854126,0.17421603202819824,0.050754934549331665
YOR147W,YNL121C,1,5.627297,0.2568027079105377,0.1753774732351303,0.050754934549331665
YMR089C,YOR232W,1,5.6270876,0.25806450843811035,0.17653891444206238,0.050754934549331665
YDR229W,YOL040C,0,5.6253667,0.25762712955474854,0.17653891444206238,0.05087108165025711
YER055C,YLR300W,0,5.6252713,0.2571912109851837,0.17653891444206238,0.05098722502589226
YOR147W,YMR203W,1,5.6228547,0.25844594836235046,0.17770035564899445,0.05098722502589226
YPL134C,YDR461W,0,5.618672,0.2580101191997528,0.17770035564899445,0.051103368401527405
YKL126W,YLR325C,0,5.6176953,0.25757575035095215,0.17770035564899445,0.05121951177716255
YPL094C,YJL172W,0,5.6148095,0.2571428716182709,0.17770035564899445,0.0513356551527977
YBR120C,YHR057C,0,5.6143384,0.2567114233970642,0.17770035564899445,0.051451798528432846
YBR183W,YDR281C,0,5.6105285,0.25628140568733215,0.17770035564899445,0.05156794562935829
YBR230C,YNL307C,0,5.6068616,0.2558528482913971,0.17770035564899445,0.05168408900499344
YGR052W,YGR027C,0,5.6058326,0.25542572140693665,0.17770035564899445,0.051800232380628586
YMR013C,YBR230C,0,5.6054893,0.2549999952316284,0.17770035564899445,0.05191637575626373
YMR241W,YLR163C,1,5.5979304,0.2562395930290222,0.17886178195476532,0.05191637575626373
YBR182C,YNL052W,0,5.5940146,0.25581395626068115,0.17886178195476532,0.05203251913189888
YOR382W,YLR028C,0,5.5911775,0.2553897202014923,0.17886178195476532,0.05214866250753403
YHR005C-A,YPL098C,1,5.590624,0.2566225230693817,0.1800232231616974,0.05214866250753403
YGR199W,YLR270W,0,5.581075,0.25619834661483765,0.1800232231616974,0.05226480960845947
YEL052W,YFR019W,0,5.577601,0.2557755708694458,0.1800232231616974,0.05238095298409462
YBR118W,YER046W,0,5.575696,0.2553541958332062,0.1800232231616974,0.05249709635972977
YBR118W,YCL034W,0,5.574472,0.2549342215061188,0.1800232231616974,0.052613239735364914
YOL086C,YJR103W,0,5.561937,0.2545155882835388,0.1800232231616974,0.05272938311100006
YPL119C,YMR269W,0,5.5517993,0.2540983557701111,0.1800232231616974,0.05284553021192551
YNR015W,YAR031W,0,5.549852,0.2536824941635132,0.1800232231616974,0.052961673587560654
YJL060W,YPL050C,0,5.547303,0.25326797366142273,0.1800232231616974,0.0530778169631958
YDL142C,YHR005C-A,1,5.546038,0.2544861435890198,0.18118466436862946,0.0530778169631958
YHR061C,YGR084C,0,5.539415,0.2540716528892517,0.18118466436862946,0.05319396033883095
YOL129W,YGR085C,0,5.5373406,0.2536585330963135,0.18118466436862946,0.053310103714466095
YOR206W,YAL016W,0,5.5346775,0.2532467544078827,0.18118466436862946,0.05342624709010124
YJL079C,YLR153C,0,5.5330253,0.25283631682395935,0.18118466436862946,0.05354239419102669
YIL088C,YMR093W,0,5.5307364,0.25242719054222107,0.18118466436862946,0.053658537566661835
YGL037C,YOL158C,0,5.530535,0.25201937556266785,0.18118466436862946,0.05377468094229698
YBR066C,YDR497C,0,5.5303774,0.25161290168762207,0.18118466436862946,0.05389082431793213
YMR250W,YMR267W,0,5.5291376,0.25120773911476135,0.18118466436862946,0.054006967693567276
YNR017W,YNR035C,1,5.526302,0.2524115741252899,0.18234610557556152,0.054006967693567276
YGR144W,YHR005C-A,1,5.5234957,0.25361156463623047,0.1835075467824936,0.054006967693567276
YKL205W,YOR393W,0,5.5234733,0.2532051205635071,0.1835075467824936,0.05412311106920242
YDR296W,YNL070W,1,5.521873,0.25440001487731934,0.18466898798942566,0.05412311106920242
YLR025W,YOL040C,0,5.5214214,0.25399360060691833,0.18466898798942566,0.05423925817012787
YKL126W,YPL252C,0,5.5211177,0.2535885274410248,0.18466898798942566,0.054355401545763016
YKR036C,YOR297C,1,5.5174174,0.25477707386016846,0.18583042919635773,0.054355401545763016
YGR175C,YOR313C,0,5.510136,0.2543720304965973,0.18583042919635773,0.05447154492139816
YOR054C,YKL082C,0,5.509109,0.2539682686328888,0.18583042919635773,0.05458768829703331
YCL036W,YOL108C,0,5.5066905,0.2535657584667206,0.18583042919635773,0.05470383167266846
YLL008W,YKL007W,0,5.505282,0.2531645596027374,0.18583042919635773,0.054819975048303604
YHR059W,YIL140W,0,5.5041957,0.25276461243629456,0.18583042919635773,0.05493612214922905
YJL034W,YCR052W,0,5.503347,0.25236591696739197,0.18583042919635773,0.0550522655248642
YNL131W,YPL098C,1,5.5010757,0.25354331731796265,0.1869918704032898,0.0550522655248642
YBR282W,YPR119W,0,5.498257,0.25314465165138245,0.1869918704032898,0.055168408900499344
YKR071C,YDL078C,0,5.495918,0.2527472674846649,0.1869918704032898,0.05528455227613449
YPR002W,YGR214W,0,5.493299,0.2523511052131653,0.1869918704032898,0.05540069565176964
YOR147W,YLR163C,1,5.493146,0.2535211145877838,0.18815331161022186,0.05540069565176964
YLL055W,YDR173C,0,5.487515,0.25312501192092896,0.18815331161022186,0.055516839027404785
YGR052W,YML097C,0,5.486033,0.2527301013469696,0.18815331161022186,0.05563298612833023
YIL094C,YGR012W,0,5.485313,0.25233644247055054,0.18815331161022186,0.05574912950396538
YGL062W,YDR429C,0,5.482599,0.25194400548934937,0.18815331161022186,0.055865272879600525
YKL174C,YAL040C,0,5.4799476,0.2515527904033661,0.18815331161022186,0.05598141625523567
YLR206W,YJL200C,0,5.4732466,0.2511627972126007,0.18815331161022186,0.05609755963087082
YLL008W,YDL128W,0,5.4703727,0.25077399611473083,0.18815331161022186,0.056213706731796265
YDL217C,YKL053C-A,1,5.4641223,0.2519319951534271,0.18931475281715393,0.056213706731796265
YLR295C,YER074W,0,5.4626117,0.25154322385787964,0.18931475281715393,0.05632985010743141
YPR135W,YPR119W,0,5.4586506,0.2511556148529053,0.18931475281715393,0.05644599348306656
YJL006C,YBR072W,0,5.4571404,0.2507692277431488,0.18931475281715393,0.056562136858701706
YLR289W,YER175C,0,5.4490776,0.25038403272628784,0.18931475281715393,0.05667828023433685
YMR089C,YLR163C,1,5.4457603,0.25153374671936035,0.190476194024086,0.05667828023433685
YMR112C,YGR255C,0,5.440017,0.2511485517024994,0.190476194024086,0.056794423609972
YJR133W,YBR173C,0,5.439813,0.25076451897621155,0.190476194024086,0.056910570710897446
YGL050W,YIR038C,0,5.439473,0.2503816783428192,0.190476194024086,0.05702671408653259
YGL162W,YJL155C,0,5.430491,0.25,0.190476194024086,0.05714285746216774
YFL048C,YPR006C,0,5.429384,0.2496194839477539,0.190476194024086,0.05725900083780289
YDL022W,YNL307C,0,5.4290457,0.24924011528491974,0.190476194024086,0.057375144213438034
YDR494W,YKL172W,0,5.4285073,0.2488619089126587,0.190476194024086,0.05749128758907318
YDL029W,YPL098C,1,5.428125,0.25,0.19163763523101807,0.05749128758907318
YIR018W,YNL302C,0,5.4263988,0.24962177872657776,0.19163763523101807,0.05760743468999863
YPL223C,YJR032W,0,5.425346,0.24924471974372864,0.19163763523101807,0.057723578065633774
YKL161C,YDL083C,0,5.4232697,0.24886877834796906,0.19163763523101807,0.05783972144126892
YBR196C,YNL284C,0,5.4218097,0.2484939694404602,0.19163763523101807,0.05795586481690407
YDR144C,YLR394W,0,5.421022,0.24812030792236328,0.19163763523101807,0.058072008192539215
YPL213W,YER165W,0,5.420464,0.2477477490901947,0.19163763523101807,0.05818815156817436
YDR172W,YKL201C,0,5.4188538,0.24737630784511566,0.19163763523101807,0.05830429866909981
YHR074W,YMR093W,0,5.4163394,0.24700598418712616,0.19163763523101807,0.058420442044734955
YMR173W,YLR348C,0,5.4161563,0.2466367781162262,0.19163763523101807,0.0585365854203701
YER168C,YPL104W,0,5.41416,0.24626865983009338,0.19163763523101807,0.05865272879600525
YNL172W,YHL034C,0,5.4128757,0.24590164422988892,0.19163763523101807,0.058768872171640396
YKL093W,YOR148C,0,5.411263,0.2455357164144516,0.19163763523101807,0.05888501927256584
YCR011C,YKL205W,0,5.406099,0.24517087638378143,0.19163763523101807,0.05900116264820099
YDR079W,YKL053C-A,1,5.4024644,0.24629080295562744,0.19279907643795013,0.05900116264820099
YPR024W,YPL098C,1,5.402034,0.24740740656852722,0.1939605176448822,0.05900116264820099
YGR281W,YGL103W,0,5.393295,0.24704141914844513,0.1939605176448822,0.059117306023836136
YLL002W,YNL192W,0,5.3875804,0.2466765195131302,0.1939605176448822,0.05923344939947128
YBR120C,YOR298W,0,5.3814974,0.24631267786026,0.1939605176448822,0.05934959277510643
YDR454C,YKR006C,0,5.3804097,0.24594992399215698,0.1939605176448822,0.05946573615074158
YPR035W,YDL140C,0,5.3803644,0.24558822810649872,0.1939605176448822,0.05958188325166702
YMR272C,YMR304W,0,5.3791385,0.2452276051044464,0.1939605176448822,0.05969802662730217
YAL060W,YJL191W,0,5.3781486,0.24486804008483887,0.1939605176448822,0.05981417000293732
YGR288W,YGL103W,0,5.368489,0.2445095181465149,0.1939605176448822,0.059930313378572464
YBR183W,YMR168C,0,5.368248,0.24415205419063568,0.1939605176448822,0.06004645675420761
YDL045C,YIL133C,0,5.367374,0.24379561841487885,0.1939605176448822,0.06016260012984276
YDR079W,YPL098C,1,5.3657513,0.2448979616165161,0.19512194395065308,0.06016260012984276
YER103W,YOR074C,0,5.363811,0.2445414811372757,0.19512194395065308,0.060278747230768204
YPL163C,YPL188W,0,5.3573027,0.24418604373931885,0.19512194395065308,0.06039489060640335
YGR276C,YHR051W,0,5.356252,0.24383163452148438,0.19512194395065308,0.0605110339820385
YER050C,YMR032W,0,5.3517675,0.24347825348377228,0.19512194395065308,0.060627177357673645
YJL192C,YOR180C,0,5.350581,0.24312590062618256,0.19512194395065308,0.06074332073330879
YDL198C,YGR112W,1,5.3499093,0.24421964585781097,0.19628338515758514,0.06074332073330879
YDL202W,YLR300W,0,5.349382,0.24386724829673767,0.19628338515758514,0.06085946410894394
YPL099C,YOL040C,0,5.348223,0.24351584911346436,0.19628338515758514,0.060975611209869385
YMR176W,YKL085W,0,5.3469977,0.24316546320915222,0.19628338515758514,0.06109175458550453
YDL107W,YER017C,1,5.3454747,0.24425287544727325,0.1974448263645172,0.06109175458550453
YAL063C,YBR294W,0,5.3428073,0.24390244483947754,0.1974448263645172,0.06120789796113968
YNL127W,YKL119C,0,5.341839,0.2435530126094818,0.1974448263645172,0.061324041336774826
YMR089C,YOR147W,1,5.340613,0.2446351945400238,0.19860626757144928,0.061324041336774826
YGR282C,YGL062W,0,5.3335304,0.2442857176065445,0.19860626757144928,0.06144018471240997
YLR425W,YBR067C,0,5.331363,0.24393723905086517,0.19860626757144928,0.06155632808804512
YGR222W,YMR143W,0,5.33069,0.24358974397182465,0.19860626757144928,0.061672475188970566
YJR034W,YDR470C,1,5.326555,0.2446657121181488,0.19976770877838135,0.061672475188970566
YFR019W,YNL284C,0,5.323325,0.2443181872367859,0.19976770877838135,0.06178861856460571
YDR492W,YGR020C,0,5.3221536,0.24397163093090057,0.19976770877838135,0.06190476194024086
YKL190W,YHR057C,0,5.3199897,0.24362605810165405,0.19976770877838135,0.06202090531587601
YBL085W,YOR355W,0,5.31904,0.24328146874904633,0.19976770877838135,0.062137048691511154
YOL054W,YLL040C,0,5.312716,0.2429378479719162,0.19976770877838135,0.0622531957924366
YOR299W,YML128C,0,5.310862,0.24259521067142487,0.19976770877838135,0.06236933916807175
YPR083W,YLR163C,1,5.3101645,0.24366196990013123,0.20092914998531342,0.06236933916807175
YBR066C,YJL178C,0,5.3099594,0.24331927299499512,0.20092914998531342,0.062485482543706894
YMR173W,YOL028C,0,5.3054533,0.24297752976417542,0.20092914998531342,0.06260162591934204
YDR454C,YCL025C,0,5.3033814,0.24263674020767212,0.20092914998531342,0.06271777302026749
YER103W,YER087C-B,0,5.2978024,0.24229691922664642,0.20092914998531342,0.06283391267061234
YLL045C,YPR162C,0,5.296943,0.24195803701877594,0.20092914998531342,0.06295005977153778
YGR010W,YJR147W,0,5.296293,0.24162010848522186,0.20092914998531342,0.06306619942188263
YDL107W,YPR083W,1,5.2914376,0.24267782270908356,0.20209059119224548,0.06306619942188263
YGR144W,YNL026W,1,5.2876873,0.24373258650302887,0.20325203239917755,0.06306619942188263
YOR388C,YNL052W,0,5.2870517,0.24339359998703003,0.20325203239917755,0.06318234652280807
YKL096W-A,YKL095W,0,5.2851954,0.2430555522441864,0.20325203239917755,0.06329849362373352
YDL216C,YPR060C,0,5.2850633,0.24271844327449799,0.20325203239917755,0.06341463327407837
YBR155W,YLR348C,0,5.2818985,0.24238227307796478,0.20325203239917755,0.06353078037500381
YLR228C,YER150W,0,5.2812014,0.2420470267534256,0.20325203239917755,0.06364692002534866
YGR238C,YHR174W,0,5.279403,0.24171270430088043,0.20325203239917755,0.06376306712627411
YNR067C,YJL172W,0,5.2778296,0.24137930572032928,0.20325203239917755,0.06387920677661896
YDL021W,YOR142W,0,5.2772994,0.24104683101177216,0.20325203239917755,0.0639953538775444
YDL142C,YGR112W,1,5.277058,0.24209079146385193,0.20441347360610962,0.0639953538775444
YGR258C,YCR046C,0,5.276007,0.24175824224948883,0.20441347360610962,0.06411150097846985
YGR112W,YPL098C,1,5.2759547,0.2427983582019806,0.2055749148130417,0.06411150097846985
YOR084W,YJR103W,0,5.273394,0.24246574938297272,0.2055749148130417,0.0642276406288147
YMR173W,YBR257W,0,5.2706685,0.24213406443595886,0.2055749148130417,0.06434378772974014
YMR039C,YJL191W,0,5.269136,0.24180327355861664,0.2055749148130417,0.06445992738008499
YLR395C,YIL133C,0,5.2665315,0.24147339165210724,0.2055749148130417,0.06457607448101044
YHR047C,YOR187W,0,5.2664657,0.24114441871643066,0.2055749148130417,0.06469222158193588
YDR059C,YER171W,0,5.266065,0.24081632494926453,0.2055749148130417,0.06480836123228073
YER154W,YLR163C,1,5.2623286,0.24184782803058624,0.20673635601997375,0.06480836123228073
YMR093W,YPL104W,0,5.2622304,0.24151967465877533,0.20673635601997375,0.06492450833320618
YLR270W,YOR020C,0,5.2572403,0.24119241535663605,0.20673635601997375,0.06504064798355103
YOR074C,YKR066C,0,5.2516136,0.2408660352230072,0.20673635601997375,0.06515679508447647
YDR229W,YJR101W,0,5.250877,0.2405405342578888,0.20673635601997375,0.06527293473482132
YMR146C,YDR497C,0,5.249017,0.24021592736244202,0.20673635601997375,0.06538908183574677
YGR010W,YGR171C,0,5.248198,0.23989218473434448,0.20673635601997375,0.06550522893667221
YOR074C,YLR130C,0,5.2465153,0.2395693063735962,0.20673635601997375,0.06562136858701706
YMR013C,YKL067W,0,5.2462287,0.23924730718135834,0.20673635601997375,0.0657375156879425
YGL180W,YDL179W,0,5.2457137,0.23892617225646973,0.20673635601997375,0.06585365533828735
YFL038C,YNL178W,0,5.2413535,0.23860590159893036,0.20673635601997375,0.0659698024392128
YKL013C,YPR133W-A,1,5.239882,0.23962517082691193,0.20789779722690582,0.0659698024392128
YLR080W,YPR138C,0,5.2387037,0.2393048107624054,0.20789779722690582,0.06608594954013824
YBR196C,YDR081C,0,5.2381597,0.2389853149652481,0.20789779722690582,0.0662020891904831
YLL041C,YJL178C,0,5.236997,0.23866666853427887,0.20789779722690582,0.06631823629140854
YMR089C,YDL217C,1,5.2359357,0.2396804243326187,0.2090592384338379,0.06631823629140854
YPR167C,YDR492W,0,5.235212,0.2393617033958435,0.2090592384338379,0.06643437594175339
YDL021W,YDR195W,0,5.218677,0.23904383182525635,0.2090592384338379,0.06655052304267883
YLR390W,YKR006C,0,5.211683,0.23872679471969604,0.2090592384338379,0.06666667014360428
YCR046C,YCR026C,0,5.2106385,0.2384105920791626,0.2090592384338379,0.06678280979394913
YJL112W,YPL098C,1,5.205484,0.23941798508167267,0.21022067964076996,0.06678280979394913
YLR219W,YNR044W,0,5.2029643,0.23910172283649445,0.21022067964076996,0.06689895689487457
YDR064W,YLR151C,0,5.1982217,0.23878628015518188,0.21022067964076996,0.06701509654521942
YJL155C,YML036W,0,5.189598,0.23847167193889618,0.21022067964076996,0.06713124364614487
YAR027W,YMR267W,0,5.1842513,0.23815789818763733,0.21022067964076996,0.06724738329648972
YNL131W,YNL121C,1,5.1792326,0.2391590029001236,0.21138212084770203,0.06724738329648972
YLR080W,YAR002C-A,0,5.1748853,0.23884513974189758,0.21138212084770203,0.06736353039741516
YJL060W,YHR060W,0,5.1731486,0.23853211104869843,0.21138212084770203,0.0674796774983406
YBR052C,YER171W,0,5.1723266,0.23821990191936493,0.21138212084770203,0.06759581714868546
YFR018C,YMR200W,0,5.1716104,0.2379084974527359,0.21138212084770203,0.0677119642496109
YDR296W,YPR083W,1,5.166234,0.23890338838100433,0.2125435471534729,0.0677119642496109
YNL274C,YPR160W,0,5.1599975,0.23859190940856934,0.2125435471534729,0.06782810389995575
YOR147W,YJR034W,1,5.1590557,0.2395833283662796,0.21370498836040497,0.06782810389995575
YNL261W,YHR179W,0,5.1530824,0.23927177488803864,0.21370498836040497,0.0679442510008812
YDR530C,YDR337W,0,5.152595,0.23896104097366333,0.21370498836040497,0.06806039810180664
YBR261C,YLR151C,0,5.1506286,0.2386510968208313,0.21370498836040497,0.06817653775215149
YDR429C,YPL104W,0,5.1496654,0.23834197223186493,0.21370498836040497,0.06829268485307693
YNL079C,YGR112W,1,5.148372,0.2393272966146469,0.21486642956733704,0.06829268485307693
YHR005C-A,YNL304W,1,5.1427417,0.24031007289886475,0.2160278707742691,0.06829268485307693
YFL001W,YPR160W,0,5.14159,0.23999999463558197,0.2160278707742691,0.06840882450342178
YML073C,YLR024C,0,5.13654,0.23969072103500366,0.2160278707742691,0.06852497160434723
YLR129W,YBR128C,0,5.134642,0.23938223719596863,0.2160278707742691,0.06864111870527267
YEL012W,YDR429C,0,5.132251,0.23907454311847687,0.2160278707742691,0.06875725835561752
YFL038C,YML056C,0,5.130775,0.23876765370368958,0.2160278707742691,0.06887340545654297
YOR159C,YGR032W,0,5.129165,0.23846153914928436,0.2160278707742691,0.06898954510688782
YBR287W,YGR027C,0,5.1265206,0.23815621435642242,0.2160278707742691,0.06910569220781326
YMR049C,YPL183W-A,0,5.1223497,0.23785166442394257,0.2160278707742691,0.06922183185815811
YJL005W,YGR105W,0,5.1214232,0.2375478893518448,0.2160278707742691,0.06933797895908356
YAL060W,YBL058W,0,5.120426,0.23724490404129028,0.2160278707742691,0.069454126060009
YIL088C,YMR061W,0,5.117014,0.23694267868995667,0.2160278707742691,0.06957026571035385
YKL013C,YNR017W,1,5.1169343,0.23791348934173584,0.21718931198120117,0.06957026571035385
YHR029C,YDL202W,0,5.116007,0.23761117458343506,0.21718931198120117,0.0696864128112793
YJR070C,YPL147W,0,5.1142554,0.23730964958667755,0.21718931198120117,0.06980255246162415
YNR017W,YDR470C,1,5.112744,0.23827630281448364,0.21835075318813324,0.06980255246162415
YKL170W,YFL057C,0,5.111328,0.23797468841075897,0.21835075318813324,0.06991869956254959
YOR378W,YPR160W,0,5.1074405,0.2376738339662552,0.21835075318813324,0.07003484666347504
YBR031W,YEL062W,0,5.106938,0.2373737394809723,0.21835075318813324,0.07015098631381989
YHR047C,YHR109W,0,5.1011524,0.23707440495491028,0.21835075318813324,0.07026713341474533
YMR169C,YDR429C,0,5.097913,0.23677581548690796,0.21835075318813324,0.07038327306509018
YMR020W,YBR261C,0,5.089439,0.23647798597812653,0.21835075318813324,0.07049942016601562
YGL237C,YHR057C,0,5.0814586,0.23618090152740479,0.21835075318813324,0.07061555981636047
YJL011C,YPR001W,0,5.0813355,0.23588456213474274,0.21835075318813324,0.07073170691728592
YDR296W,YNR035C,1,5.0797577,0.2368421107530594,0.2195121943950653,0.07073170691728592
YMR241W,YOR147W,1,5.078393,0.23779724538326263,0.22067363560199738,0.07073170691728592
YBR145W,YLL061W,0,5.0768085,0.23749999701976776,0.22067363560199738,0.07084785401821136
YDL107W,YDR470C,1,5.069597,0.23845192790031433,0.22183507680892944,0.07084785401821136
YOR317W,YKL074C,0,5.0615573,0.23815461993217468,0.22183507680892944,0.07096399366855621
YKR057W,YFL057C,0,5.0596843,0.23785802721977234,0.22183507680892944,0.07108014076948166
YNR067C,YKL003C,0,5.0585165,0.23756219446659088,0.22183507680892944,0.07119628041982651
YEL037C,YOR261C,0,5.054261,0.23726707696914673,0.22183507680892944,0.07131242752075195
YBL058W,YNL302C,0,5.0533624,0.23697270452976227,0.22183507680892944,0.0714285746216774
YJR101W,YLL040C,0,5.0533233,0.2366790622472763,0.22183507680892944,0.07154471427202225
YLR157C,YLR285W,0,5.0515637,0.23638613522052765,0.22183507680892944,0.07166086137294769
YER175C,YDL045W-A,0,5.0515037,0.2360939383506775,0.22183507680892944,0.07177700102329254
YDL198C,YKL053C-A,1,5.0514545,0.2370370328426361,0.2229965180158615,0.07177700102329254
YMR203W,YNL121C,1,5.050116,0.2379778027534485,0.22415795922279358,0.07177700102329254
YPL240C,YNL052W,0,5.049377,0.2376847267150879,0.22415795922279358,0.07189314812421799
YOR187W,YOR327C,0,5.045393,0.2373923808336258,0.22415795922279358,0.07200929522514343
YIR039C,YJL176C,0,5.042433,0.2371007353067398,0.22415795922279358,0.07212543487548828
YEL012W,YPL208W,0,5.0413814,0.23680981993675232,0.22415795922279358,0.07224158197641373
YNR017W,YPR083W,1,5.035689,0.23774509131908417,0.22531940042972565,0.07224158197641373
YJR133W,YLR348C,0,5.0351586,0.2374541014432907,0.22531940042972565,0.07235772162675858
YDR414C,YOL155C,0,5.032697,0.23716381192207336,0.22531940042972565,0.07247386872768402
YNL302C,YJR130C,0,5.0285873,0.23687423765659332,0.22531940042972565,0.07259000837802887
YOR204W,YDL040C,0,5.0219836,0.2365853637456894,0.22531940042972565,0.07270615547895432
YGL062W,YHR156C,0,5.016734,0.23629720509052277,0.22531940042972565,0.07282230257987976
YGR112W,YOR232W,1,5.0123096,0.23722627758979797,0.22648084163665771,0.07282230257987976
YLL041C,YER087C-B,0,5.008639,0.23693802952766418,0.22648084163665771,0.07293844223022461
YMR200W,YHR168W,0,5.008574,0.2366504818201065,0.22648084163665771,0.07305458933115005
YHR030C,YFL057C,0,5.0077243,0.23636363446712494,0.22648084163665771,0.0731707289814949
YMR241W,YNR035C,1,5.0076127,0.23728813230991364,0.22764228284358978,0.0731707289814949
YJL087C,YLR043C,0,5.006269,0.2370012104511261,0.22764228284358978,0.07328687608242035
YDR383C,YPL093W,0,5.006019,0.23671497404575348,0.22764228284358978,0.0734030231833458
YHR030C,YDR508C,0,5.0054507,0.23642943799495697,0.22764228284358978,0.07351916283369064
YDL198C,YNR035C,1,5.005241,0.23734939098358154,0.22880372405052185,0.07351916283369064
YDR079W,YOR147W,1,5.0047283,0.23826715350151062,0.22996515035629272,0.07351916283369064
YNL079C,YJR034W,1,5.0045123,0.23918269574642181,0.2311265915632248,0.07351916283369064
YMR203W,YNR035C,1,5.004289,0.24009603261947632,0.23228803277015686,0.07351916283369064
YLR160C,YAL039C,0,5.0037136,0.23980815708637238,0.23228803277015686,0.07363530993461609
YEL052W,YDR064W,0,4.9978795,0.23952095210552216,0.23228803277015686,0.07375144958496094
YFR021W,YMR270C,0,4.99733,0.23923444747924805,0.23228803277015686,0.07386759668588638
YMR182C,YMR250W,0,4.991641,0.23894862830638885,0.23228803277015686,0.07398373633623123
YOL101C,YCL032W,0,4.991006,0.2386634796857834,0.23228803277015686,0.07409988343715668
YDR497C,YFR052W,0,4.986972,0.23837901651859283,0.23228803277015686,0.07421603053808212
YOR147W,YER017C,1,4.983907,0.23928570747375488,0.23344947397708893,0.07421603053808212
YLR452C,YJR101W,0,4.9833074,0.23900118470191956,0.23344947397708893,0.07433217018842697
YPL083C,YKR006C,0,4.9809003,0.23871733248233795,0.23344947397708893,0.07444831728935242
YER154W,YHR005C-A,1,4.977151,0.2396204024553299,0.234610915184021,0.07444831728935242
YMR315W,YFL038C,0,4.976971,0.23933649063110352,0.234610915184021,0.07456445693969727
YHR069C,YDR494W,0,4.97689,0.23905324935913086,0.234610915184021,0.07468060404062271
YNL178W,YKL201C,0,4.9768324,0.23877067863941193,0.234610915184021,0.07479675114154816
YBR066C,YMR065W,0,4.970215,0.23848877847194672,0.234610915184021,0.074912890791893
YJL112W,YDR296W,1,4.970003,0.23938679695129395,0.23577235639095306,0.074912890791893
YLR209C,YNR002C,0,4.969526,0.23910482227802277,0.23577235639095306,0.07502903789281845
YHR074W,YMR143W,0,4.966138,0.2388235330581665,0.23577235639095306,0.0751451775431633
YBR052C,YDR416W,0,4.966039,0.23854288458824158,0.23577235639095306,0.07526132464408875
YBR031W,YGL233W,0,4.965968,0.23826290667057037,0.23577235639095306,0.07537747174501419
YBR002C,YJL172W,0,4.965518,0.2379835844039917,0.23577235639095306,0.07549361139535904
YGR268C,YPL147W,0,4.965162,0.23770491778850555,0.23577235639095306,0.07560975849628448
YHR060W,YLR394W,0,4.9642425,0.23742690682411194,0.23577235639095306,0.07572589814662933
YML073C,YBR287W,0,4.9636655,0.23714953660964966,0.23577235639095306,0.07584204524755478
YBL085W,YJR063W,0,4.963324,0.2368728071451187,0.23577235639095306,0.07595818489789963
YMR117C,YLL045C,0,4.962343,0.2365967333316803,0.23577235639095306,0.07607433199882507
YMR117C,YNR006W,0,4.960581,0.23632130026817322,0.23577235639095306,0.07619047909975052
YDL055C,YDR173C,0,4.9603467,0.23604650795459747,0.23577235639095306,0.07630661875009537
YER175C,YDL140C,0,4.959892,0.23577235639095306,0.23577235639095306,0.07642276585102081
YDL197C,YAL016W,0,4.9590316,0.23549884557724,0.23577235639095306,0.07653890550136566
YGL162W,YDR453C,0,4.9546494,0.23522596061229706,0.23577235639095306,0.07665505260229111
YOR099W,YOL101C,0,4.9543643,0.23495370149612427,0.23577235639095306,0.07677119970321655
YDR530C,YOR382W,0,4.953049,0.2346820831298828,0.23577235639095306,0.0768873393535614
YJL087C,YLR251W,0,4.9517956,0.2344110906124115,0.23577235639095306,0.07700348645448685
YAL033W,YGR238C,0,4.94864,0.23414070904254913,0.23577235639095306,0.0771196261048317
YOR237W,YPR001W,0,4.947291,0.2338709682226181,0.23577235639095306,0.07723577320575714
YGL256W,YOR239W,0,4.9461346,0.23360183835029602,0.23577235639095306,0.07735191285610199
YBR120C,YJL141C,0,4.945542,0.23333333432674408,0.23577235639095306,0.07746805995702744
YDL128W,YFL017W-A,0,4.9451942,0.2330654412508011,0.23577235639095306,0.07758420705795288
YEL030W,YDL198C,1,4.9330554,0.23394495248794556,0.23693379759788513,0.07758420705795288
YCR093W,YGL256W,0,4.9238715,0.2336769700050354,0.23693379759788513,0.07770034670829773
YNL281W,YBR287W,0,4.9233055,0.23340961337089539,0.23693379759788513,0.07781649380922318
YLL045C,YGR084C,0,4.9178977,0.23314285278320312,0.23693379759788513,0.07793263345956802
YDL142C,YJR034W,1,4.9109135,0.2340182662010193,0.2380952388048172,0.07793263345956802
YHR047C,YBL091C-A,0,4.9108872,0.23375143110752106,0.2380952388048172,0.07804878056049347
YER154W,YNR035C,1,4.9090104,0.23462414741516113,0.23925668001174927,0.07804878056049347
YKL180W,YDR364C,0,4.907909,0.23435722291469574,0.23925668001174927,0.07816492766141891
YMR229C,YPR138C,0,4.9077144,0.2340909093618393,0.23925668001174927,0.07828106731176376
YKL217W,YPL208W,0,4.9054046,0.2338251918554306,0.23925668001174927,0.07839721441268921
YNL070W,YJR034W,1,4.90483,0.23469388484954834,0.24041812121868134,0.07839721441268921
YOR237W,YKL180W,0,4.904301,0.23442809283733368,0.24041812121868134,0.07851335406303406
YLR025W,YMR296C,0,4.9031825,0.23416289687156677,0.24041812121868134,0.0786295011639595
YPL273W,YDL070W,0,4.900195,0.2338983118534088,0.24041812121868134,0.07874564826488495
YLR353W,YAL016W,0,4.898784,0.23363430798053741,0.24041812121868134,0.0788617879152298
YPL110C,YNL302C,0,4.8974032,0.23337091505527496,0.24041812121868134,0.07897793501615524
YLL041C,YKR019C,0,4.897078,0.23310810327529907,0.24041812121868134,0.07909407466650009
YEL041W,YDR226W,0,4.8966107,0.23284588754177094,0.24041812121868134,0.07921022176742554
YEL052W,YGR032W,0,4.8951283,0.23258426785469055,0.24041812121868134,0.07932636141777039
YHR175W,YOR377W,0,4.893583,0.23232322931289673,0.24041812121868134,0.07944250851869583
YIR038C,YDR353W,0,4.8934298,0.23206278681755066,0.24041812121868134,0.07955865561962128
YBR006W,YJL130C,0,4.8884177,0.23180291056632996,0.24041812121868134,0.07967479526996613
YLR219W,YBR145W,0,4.8879294,0.231543630361557,0.24041812121868134,0.07979094237089157
YKL203C,YJR140C,0,4.884215,0.23128491640090942,0.24041812121868134,0.07990708202123642
YHR002W,YLL012W,0,4.8822713,0.2310267835855484,0.24041812121868134,0.08002322912216187
YAL016W,YLR325C,0,4.881346,0.23076923191547394,0.24041812121868134,0.08013937622308731
YJR147W,YIR005W,0,4.8793607,0.23051224648952484,0.24041812121868134,0.08025551587343216
YGL026C,YIL133C,0,4.8790574,0.2302558422088623,0.24041812121868134,0.0803716629743576
YMR008C,YPR119W,0,4.8786297,0.23000000417232513,0.24041812121868134,0.08048780262470245
YNL147W,YOR377W,0,4.876754,0.22974473237991333,0.24041812121868134,0.0806039497256279
YBR080C,YCR052W,0,4.8763804,0.2294900268316269,0.24041812121868134,0.08072008937597275
YLR165C,YER074W,0,4.872149,0.22923588752746582,0.24041812121868134,0.0808362364768982
YKL168C,YDR195W,0,4.8710814,0.22898229956626892,0.24041812121868134,0.08095238357782364
YGL050W,YKL067W,0,4.8709517,0.2287292778491974,0.24041812121868134,0.08106852322816849
YJL200C,YGR143W,0,4.8677826,0.22847682237625122,0.24041812121868134,0.08118467032909393
YMR019W,YML073C,0,4.866039,0.22822491824626923,0.24041812121868134,0.08130080997943878
YOR147W,YNR017W,1,4.8642263,0.2290748953819275,0.2415795624256134,0.08130080997943878
YNL052W,YPL218W,0,4.862375,0.22882288694381714,0.2415795624256134,0.08141695708036423
YPL099C,YBR243C,0,4.8617883,0.22857142984867096,0.2415795624256134,0.08153310418128967
YGL083W,YMR246W,0,4.8590646,0.22832052409648895,0.2415795624256134,0.08164924383163452
YER150W,YDR205W,0,4.8584733,0.22807016968727112,0.2415795624256134,0.08176539093255997
YCR030C,YBL041W,0,4.8530464,0.22782036662101746,0.2415795624256134,0.08188153058290482
YER185W,YPL188W,0,4.851088,0.22757111489772797,0.2415795624256134,0.08199767768383026
YMR241W,YKL053C-A,1,4.8507104,0.22841529548168182,0.24274100363254547,0.08199767768383026
YJL141C,YBR061C,0,4.8490114,0.22816593945026398,0.24274100363254547,0.0821138247847557
YDL142C,YNL070W,1,4.845631,0.22900763154029846,0.24390244483947754,0.0821138247847557
YDL179W,YER101C,0,4.8456025,0.22875817120075226,0.24390244483947754,0.08222996443510056
YJR101W,YJR133W,0,4.8451905,0.22850924730300903,0.24390244483947754,0.082346111536026
YHR005C-A,YOR232W,1,4.8427014,0.229347825050354,0.2450638860464096,0.082346111536026
YDR079W,YDL198C,1,4.842509,0.23018458485603333,0.24622531235218048,0.082346111536026
YJR151C,YBR155W,0,4.840689,0.2299349308013916,0.24622531235218048,0.08246225118637085
YMR304W,YDL148C,0,4.831239,0.22968581318855286,0.24622531235218048,0.0825783982872963
YJL166W,YLL034C,0,4.8311067,0.2294372320175171,0.24622531235218048,0.08269453793764114
YDR405W,YNR028W,0,4.831081,0.2291891872882843,0.24622531235218048,0.08281068503856659
YJL034W,YLR251W,0,4.828198,0.2289416790008545,0.24622531235218048,0.08292683213949203
YJL194W,YMR078C,0,4.827825,0.22869470715522766,0.24622531235218048,0.08304297178983688
YOR187W,YNL259C,0,4.8268113,0.2284482717514038,0.24622531235218048,0.08315911889076233
YKR069W,YLR088W,0,4.8227572,0.22820237278938293,0.24622531235218048,0.08327525854110718
YNL131W,YPR083W,1,4.821959,0.2290322631597519,0.24738675355911255,0.08327525854110718
YMR241W,YNL131W,1,4.819035,0.2298603653907776,0.24854819476604462,0.08327525854110718
YKL117W,YKL166C,0,4.8187633,0.22961373627185822,0.24854819476604462,0.08339140564203262
YNL131W,YER154W,1,4.8169227,0.2304394394159317,0.24970963597297668,0.08339140564203262
YDL107W,YPR133W-A,1,4.8167396,0.23126338422298431,0.25087109208106995,0.08339140564203262
YHR179W,YJL079C,0,4.8164043,0.23101603984832764,0.25087109208106995,0.08350755274295807
YLR029C,YGR238C,0,4.8145986,0.23076923191547394,0.25087109208106995,0.08362369239330292
YDL142C,YDR296W,1,4.8127065,0.2315901815891266,0.2520325183868408,0.08362369239330292
YPL127C,YDR496C,0,4.812102,0.23134328424930573,0.2520325183868408,0.08373983949422836
YPL196W,YER019C-A,0,4.811486,0.23109690845012665,0.2520325183868408,0.08385597914457321
YBR278W,YPL218W,0,4.806228,0.23085106909275055,0.2520325183868408,0.08397212624549866
YLR312W-A,YBR037C,0,4.8055425,0.23060573637485504,0.2520325183868408,0.0840882658958435
YMR049C,YFR021W,0,4.804851,0.2303609400987625,0.2520325183868408,0.08420441299676895
YPR024W,YLR163C,1,4.8048196,0.23117709159851074,0.2531939744949341,0.08420441299676895
YBR294W,YBR042C,0,4.8017597,0.23093220591545105,0.2531939744949341,0.0843205600976944
YPR024W,YMR089C,1,4.801558,0.23174603283405304,0.25435540080070496,0.0843205600976944
YLR203C,YOL104C,0,4.7997065,0.23150105774402618,0.25435540080070496,0.08443669974803925
YGR144W,YNR017W,1,4.797558,0.23231256008148193,0.25551682710647583,0.08443669974803925
YPR035W,YBL092W,0,4.794537,0.2320675104856491,0.25551682710647583,0.08455284684896469
YEL022W,YML028W,0,4.7941933,0.23182296752929688,0.25551682710647583,0.08466898649930954
YCL018W,YPR138C,0,4.794002,0.23157894611358643,0.25551682710647583,0.08478513360023499
YMR186W,YLR330W,0,4.791909,0.23133543133735657,0.25551682710647583,0.08490128070116043
YPR149W,YOL028C,0,4.788837,0.2310924381017685,0.25551682710647583,0.08501742035150528
YCR057C,YHL034C,0,4.7880974,0.230849951505661,0.25551682710647583,0.08513356745243073
YNL271C,YBR145W,0,4.7875247,0.23060797154903412,0.25551682710647583,0.08524970710277557
YDL107W,YJL112W,1,4.7862477,0.23141361773014069,0.2566782832145691,0.08524970710277557
YGR264C,YOR275C,0,4.7858,0.23117154836654663,0.2566782832145691,0.08536585420370102
YKR002W,YOR187W,0,4.784058,0.23092998564243317,0.2566782832145691,0.08548200130462646
YGL158W,YPL078C,0,4.78305,0.2306889295578003,0.2566782832145691,0.08559814095497131
YDR530C,YMR194W,0,4.781708,0.230448380112648,0.2566782832145691,0.08571428805589676
YNL283C,YPL147W,0,4.7806344,0.23020833730697632,0.2566782832145691,0.08583042770624161
YFL038C,YCR002C,0,4.7794924,0.22996878623962402,0.2566782832145691,0.08594657480716705
YOL111C,YNL175C,0,4.779164,0.22972972691059113,0.2566782832145691,0.0860627144575119
YGL037C,YKL074C,0,4.775584,0.22949117422103882,0.2566782832145691,0.08617886155843735
YPL104W,YOR285W,0,4.775536,0.2292531132698059,0.2566782832145691,0.08629500865936279
YJR133W,YPL093W,0,4.774592,0.2290155440568924,0.2566782832145691,0.08641114830970764
YDR530C,YDL083C,0,4.7736444,0.22877846658229828,0.2566782832145691,0.08652729541063309
YER017C,YJR034W,1,4.7727675,0.2295760065317154,0.25783970952033997,0.08652729541063309
YER175C,YIL139C,0,4.772407,0.2293388396501541,0.25783970952033997,0.08664343506097794
YNL281W,YML052W,0,4.771082,0.22910216450691223,0.25783970952033997,0.08675958216190338
YLL045C,YLR348C,0,4.770984,0.22886598110198975,0.25783970952033997,0.08687572926282883
YHR041C,YOL151W,0,4.7627444,0.22863027453422546,0.25783970952033997,0.08699186891317368
YLR157C,YNR003C,0,4.7620177,0.22839505970478058,0.25783970952033997,0.08710801601409912
YOL010W,YHR082C,0,4.761681,0.2281603217124939,0.25783970952033997,0.08722415566444397
YMR123W,YHR174W,0,4.7616534,0.2279260754585266,0.25783970952033997,0.08734030276536942
YPL099C,YBR074W,0,4.761295,0.22769230604171753,0.25783970952033997,0.08745644241571426
YDL029W,YKL053C-A,1,4.756064,0.22848360240459442,0.2590011656284332,0.08745644241571426
YGL062W,YNL107W,0,4.755757,0.22824974358081818,0.2590011656284332,0.08757258951663971
YNL044W,YDL039C,0,4.7538257,0.22801636159420013,0.2590011656284332,0.08768873661756516
YKL210W,YER115C,0,4.752056,0.2277834564447403,0.2590011656284332,0.08780487626791
YMR038C,YMR229C,0,4.752004,0.22755101323127747,0.2590011656284332,0.08792102336883545
YHR174W,YGL163C,0,4.750959,0.22731906175613403,0.2590011656284332,0.0880371630191803
YJL060W,YHR085W,0,4.7486167,0.2270875722169876,0.2590011656284332,0.08815331012010574
YLR191W,YGR027C,0,4.74848,0.2268565595149994,0.2590011656284332,0.08826945722103119
YMR169C,YAL024C,0,4.7478447,0.22662602365016937,0.2590011656284332,0.08838559687137604
YKL217W,YBR115C,0,4.7464366,0.22639593482017517,0.2590011656284332,0.08850174397230148
YOR299W,YPL104W,0,4.746385,0.22616632282733917,0.2590011656284332,0.08861788362264633
YDL198C,YOR232W,1,4.7426543,0.22695034742355347,0.2601625919342041,0.08861788362264633
YGL162W,YKL210W,0,4.7418914,0.2267206460237503,0.2601625919342041,0.08873403072357178
YJR057W,YDR337W,0,4.730695,0.22649140655994415,0.2601625919342041,0.08885017782449722
YMR013C,YOL155C,0,4.7300324,0.226262629032135,0.2601625919342041,0.08896631747484207
YMR020W,YNR028W,0,4.7287583,0.22603431344032288,0.2601625919342041,0.08908246457576752
YCL043C,YDL128W,0,4.727865,0.22580644488334656,0.2601625919342041,0.08919860422611237
YDL107W,YPL098C,1,4.7265773,0.22658610343933105,0.26132404804229736,0.08919860422611237
YMR089C,YDL198C,1,4.7254834,0.227364182472229,0.26248547434806824,0.08919860422611237
YDR304C,YMR145C,0,4.7244954,0.22713567316532135,0.26248547434806824,0.08931475132703781
YKL190W,YPL083C,0,4.7243886,0.2269076257944107,0.26248547434806824,0.08943089097738266
YPL196W,YNR028W,0,4.722889,0.22668004035949707,0.26248547434806824,0.0895470380783081
YOR084W,YOR209C,0,4.7224727,0.22645290195941925,0.26248547434806824,0.08966318517923355
YBR282W,YLR429W,0,4.7212853,0.22622622549533844,0.26248547434806824,0.0897793248295784
YHR082C,YBR072W,0,4.7185884,0.22599999606609344,0.26248547434806824,0.08989547193050385
YLR295C,YDR497C,0,4.716986,0.22577422857284546,0.26248547434806824,0.0900116115808487
YDR079W,YGR144W,1,4.7127624,0.22654691338539124,0.2636469304561615,0.0900116115808487
YKL119C,YGL212W,0,4.7119336,0.2263210415840149,0.2636469304561615,0.09012775868177414
YPL274W,YOR020C,0,4.707479,0.22609561681747437,0.2636469304561615,0.09024390578269958
YNL079C,YNR017W,1,4.7065816,0.22686567902565002,0.2648083567619324,0.09024390578269958
YPR189W,YOL040C,0,4.7053266,0.22664016485214233,0.2648083567619324,0.09036004543304443
YAL017W,YJR032W,0,4.7027125,0.22641509771347046,0.2648083567619324,0.09047619253396988
YDL179W,YBR115C,0,4.7019506,0.2261904776096344,0.2648083567619324,0.09059233218431473
YMR246W,YGL163C,0,4.6986504,0.22596630454063416,0.2648083567619324,0.09070847928524017
YMR203W,YOL026C,1,4.6961517,0.22673267126083374,0.26596981287002563,0.09070847928524017
YDL045C,YPR138C,0,4.695827,0.22650840878486633,0.26596981287002563,0.09082461893558502
YLR020C,YGR084C,0,4.6931143,0.22628457844257355,0.26596981287002563,0.09094076603651047
YGR180C,YPL042C,0,4.690777,0.22606121003627777,0.26596981287002563,0.09105691313743591
YNR074C,YOL165C,0,4.68835,0.22583825886249542,0.26596981287002563,0.09117305278778076
YPL131W,YOR025W,0,4.687662,0.22561576962471008,0.26596981287002563,0.09128919988870621
YNR006W,YBR037C,0,4.687352,0.22539369761943817,0.26596981287002563,0.09140533953905106
YOR393W,YKL172W,0,4.687306,0.22517207264900208,0.26596981287002563,0.0915214866399765
YGR144W,YER125W,1,4.6846538,0.22593320906162262,0.2671312391757965,0.0915214866399765
YCL025C,YPL196W,0,4.6827617,0.22571147978305817,0.2671312391757965,0.09163763374090195
YDR167W,YML132W,0,4.6821837,0.22549019753932953,0.2671312391757965,0.0917537733912468
YER055C,YAL031C,0,4.6806545,0.2252693474292755,0.2671312391757965,0.09186992049217224
YLR314C,YDL128W,0,4.6776195,0.22504892945289612,0.2671312391757965,0.09198606014251709
YGR010W,YKL130C,0,4.6770644,0.22482892870903015,0.2671312391757965,0.09210220724344254
YDL022W,YMR065W,0,4.674003,0.224609375,0.2671312391757965,0.09221835434436798
YPR194C,YNL274C,0,4.6709085,0.22439023852348328,0.2671312391757965,0.09233449399471283
YHR005C-A,YKL053C-A,1,4.6702714,0.22514620423316956,0.26829269528388977,0.09233449399471283
YKL170W,YBR026C,0,4.665121,0.22492697834968567,0.26829269528388977,0.09245064109563828
YMR276W,YHR008C,0,4.664189,0.2247081696987152,0.26829269528388977,0.09256678074598312
YOL086C,YER022W,0,4.6635103,0.22448979318141937,0.26829269528388977,0.09268292784690857
YKL117W,YPL196W,0,4.6634426,0.22427184879779816,0.26829269528388977,0.09279906749725342
YDR499W,YNL044W,0,4.6633344,0.22405432164669037,0.26829269528388977,0.09291521459817886
YBR020W,YDL227C,0,4.6616516,0.223837211728096,0.26829269528388977,0.09303136169910431
YMR194W,YCL025C,0,4.6593204,0.22362051904201508,0.26829269528388977,0.09314750134944916
YJL005W,YOL155C,0,4.657432,0.22340425848960876,0.26829269528388977,0.0932636484503746
YKL013C,YHR005C-A,1,4.6533,0.22415459156036377,0.26945412158966064,0.0932636484503746
YGL083W,YMR229C,0,4.6529737,0.2239382266998291,0.26945412158966064,0.09337978810071945
YJR055W,YKR069W,0,4.650856,0.22372227907180786,0.26945412158966064,0.0934959352016449
YPR113W,YDR405W,0,4.650481,0.22350674867630005,0.26945412158966064,0.09361208230257034
YLR390W,YOR230W,0,4.650179,0.22329162061214447,0.26945412158966064,0.09372822195291519
YHR029C,YFR001W,0,4.647485,0.2230769246816635,0.26945412158966064,0.09384436905384064
YEL040W,YJR130C,0,4.647128,0.2228626310825348,0.26945412158966064,0.09396050870418549
YGL183C,YNL016W,0,4.646997,0.2226487547159195,0.26945412158966064,0.09407665580511093
YLR295C,YOR099W,0,4.6469636,0.22243528068065643,0.26945412158966064,0.09419279545545578
YLR395C,YIL159W,0,4.64536,0.2222222238779068,0.26945412158966064,0.09430894255638123
YNL070W,YPR133W-A,1,4.644578,0.2229665070772171,0.2706155776977539,0.09430894255638123
YBR183W,YHR156C,0,4.6398315,0.2227533459663391,0.2706155776977539,0.09442508965730667
YER154W,YNL079C,1,4.6382246,0.2234957069158554,0.2717770040035248,0.09442508965730667
YBR115C,YHR008C,0,4.6378913,0.22328244149684906,0.2717770040035248,0.09454122930765152
YPL240C,YML080W,0,4.637457,0.22306959331035614,0.2717770040035248,0.09465737640857697
YOR071C,YOL028C,0,4.636453,0.22285714745521545,0.2717770040035248,0.09477351605892181
YGR144W,YJR034W,1,4.6330304,0.22359657287597656,0.27293843030929565,0.09477351605892181
YNR074C,YIL094C,0,4.6328573,0.2233840376138687,0.27293843030929565,0.09488966315984726
YGR180C,YMR301C,0,4.631923,0.2231718897819519,0.27293843030929565,0.0950058102607727
YKL103C,YBR128C,0,4.62815,0.22296015918254852,0.27293843030929565,0.09512194991111755
YER151C,YNL302C,0,4.6267686,0.22274881601333618,0.27293843030929565,0.095238097012043
YKL170W,YGL180W,0,4.61942,0.22253787517547607,0.27293843030929565,0.09535423666238785
YGR282C,YER090W,0,4.617689,0.2223273366689682,0.27293843030929565,0.0954703837633133
YOR145C,YJR103W,0,4.6164412,0.22211720049381256,0.27293843030929565,0.09558653086423874
YNL314W,YJR101W,0,4.6147003,0.22190746665000916,0.27293843030929565,0.09570267051458359
YBR195C,YOR388C,0,4.6095996,0.2216981202363968,0.27293843030929565,0.09581881761550903
YOR243C,YHR109W,0,4.6083646,0.22148916125297546,0.27293843030929565,0.09593495726585388
YMR038C,YPL082C,0,4.6073904,0.22128060460090637,0.27293843030929565,0.09605110436677933
YJL112W,YNL070W,1,4.607267,0.2220131754875183,0.2740998864173889,0.09605110436677933
YKL078W,YBR128C,0,4.6063747,0.22180451452732086,0.2740998864173889,0.09616724401712418
YKR054C,YLR160C,0,4.605914,0.22159624099731445,0.2740998864173889,0.09628339111804962
YDR079W,YER017C,1,4.6049604,0.22232645750045776,0.2752613127231598,0.09628339111804962
YDR064W,YJL029C,0,4.6045685,0.2221180945634842,0.2752613127231598,0.09639953821897507
YMR241W,YDL107W,1,4.6036315,0.22284644842147827,0.27642276883125305,0.09639953821897507
YML052W,YOR285W,0,4.6022906,0.22263798117637634,0.27642276883125305,0.09651567786931992
YBR026C,YCR002C,0,4.5957303,0.22242990136146545,0.27642276883125305,0.09663182497024536
YER017C,YNL121C,1,4.5901265,0.2231559306383133,0.2775841951370239,0.09663182497024536
YPL240C,YCL014W,0,4.5830655,0.22294776141643524,0.2775841951370239,0.09674796462059021
YKL217W,YNR028W,0,4.5830464,0.22273997962474823,0.2775841951370239,0.09686411172151566
YDR371W,YML006C,0,4.582871,0.22253258526325226,0.2775841951370239,0.0969802588224411
YNL073W,YHR004C,0,4.5817995,0.22232557833194733,0.2775841951370239,0.09709639847278595
YNL117W,YMR097C,0,4.5807133,0.22211895883083344,0.2775841951370239,0.0972125455737114
YDR144C,YGR077C,0,4.5769343,0.22191272675991058,0.2775841951370239,0.09732868522405624
YEL012W,YIL006W,0,4.5765486,0.22170686721801758,0.2775841951370239,0.09744483232498169
YOR071C,YOR216C,0,4.575934,0.2215013951063156,0.2775841951370239,0.09756097197532654
YBR066C,YBR120C,0,4.5757313,0.2212962955236435,0.2775841951370239,0.09767711907625198
YJR040W,YIL076W,0,4.5747995,0.22109158337116241,0.2775841951370239,0.09779326617717743
YKL182W,YGL163C,0,4.5730762,0.22088724374771118,0.2775841951370239,0.09790940582752228
YBR202W,YGL170C,0,4.572554,0.220683291554451,0.2775841951370239,0.09802555292844772
YDR263C,YDR404C,0,4.5715203,0.22047971189022064,0.2775841951370239,0.09814169257879257
YCL025C,YKL144C,0,4.570879,0.22027650475502014,0.2775841951370239,0.09825783967971802
YBR172C,YLR160C,0,4.570551,0.2200736701488495,0.2775841951370239,0.09837398678064346
YER098W,YDL061C,0,4.5657105,0.21987120807170868,0.2775841951370239,0.09849012643098831
YOL086C,YNR013C,0,4.563845,0.21966911852359772,0.2775841951370239,0.09860627353191376
YLR289W,YEL022W,0,4.5620704,0.2194674015045166,0.2775841951370239,0.0987224131822586
YDR518W,YLR390W,0,4.5618834,0.21926605701446533,0.2775841951370239,0.09883856028318405
YER175C,YMR267W,0,4.5617814,0.2190650850534439,0.2775841951370239,0.0989547073841095
YKL013C,YNL121C,1,4.561696,0.21978022158145905,0.2787456512451172,0.0989547073841095
YNL304W,YNL070W,1,4.557275,0.22049404680728912,0.27990707755088806,0.0989547073841095
YPL098C,YPR133W-A,1,4.5566154,0.22120657563209534,0.2810685336589813,0.0989547073841095
YJL005W,YDL148C,0,4.551147,0.22100456058979034,0.2810685336589813,0.09907084703445435
YDL142C,YDR470C,1,4.5502763,0.22171533107757568,0.2822299599647522,0.09907084703445435
YNL160W,YLR141W,0,4.5481944,0.22151321172714233,0.2822299599647522,0.09918699413537979
YAL024C,YOR285W,0,4.5464964,0.22131147980690002,0.2822299599647522,0.09930313378572464
YLR395C,YNR006W,0,4.545757,0.22111010551452637,0.2822299599647522,0.09941928088665009
YBR093C,YGL019W,0,4.5418468,0.22090908885002136,0.2822299599647522,0.09953542053699493
YMR077C,YBL085W,0,4.541337,0.2207084447145462,0.2822299599647522,0.09965156763792038
YMR241W,YNL304W,1,4.541107,0.22141560912132263,0.28339141607284546,0.09965156763792038
YPL064C,YGL226C-A,0,4.5395784,0.2212148755788803,0.28339141607284546,0.09976771473884583
YKL096W-A,YNL290W,0,4.537726,0.22101449966430664,0.28339141607284546,0.09988385438919067
YFR021W,YML056C,0,4.5376997,0.22081448137760162,0.28339141607284546,0.10000000149011612
YDL142C,YOR232W,1,4.5362997,0.22151899337768555,0.28455284237861633,0.10000000149011612
YMR136W,YJR140C,0,4.534229,0.22131888568401337,0.28455284237861633,0.10011614114046097
YGL050W,YAL017W,0,4.5329547,0.22111913561820984,0.28455284237861633,0.10023228824138641
YMR049C,YPR111W,0,4.532532,0.22091974318027496,0.28455284237861633,0.10034843534231186
YOR317W,YML099C,0,4.532473,0.22072072327136993,0.28455284237861633,0.10046457499265671
YNL084C,YJR063W,0,4.5302677,0.22052204608917236,0.28455284237861633,0.10058072209358215
YLR429W,YHR008C,0,4.5300474,0.22032374143600464,0.28455284237861633,0.100696861743927
YKL095W,YMR143W,0,4.5299206,0.22012577950954437,0.28455284237861633,0.10081300884485245
YDR076W,YML073C,0,4.528567,0.21992819011211395,0.28455284237861633,0.1009291484951973
YPR026W,YOR085W,0,4.528366,0.219730943441391,0.28455284237861633,0.10104529559612274
YPR002W,YER052C,0,4.5281262,0.21953405439853668,0.28455284237861633,0.10116144269704819
YDL045W-A,YNL283C,0,4.5274715,0.21933750808238983,0.28455284237861633,0.10127758234739304
YGR144W,YER154W,1,4.5268993,0.22003577649593353,0.2857142984867096,0.10127758234739304
YAR002C-A,YMR090W,0,4.526041,0.21983914077281952,0.2857142984867096,0.10139372944831848
YKL126W,YER145C,0,4.52554,0.21964286267757416,0.2857142984867096,0.10150986909866333
YDL227C,YJR130C,0,4.521828,0.21944692730903625,0.2857142984867096,0.10162601619958878
YHR005C-A,YPR133W-A,1,4.520146,0.22014260292053223,0.28687572479248047,0.10162601619958878
YHR066W,YLR219W,0,4.5199695,0.21994657814502716,0.28687572479248047,0.10174216330051422
YOR176W,YDR472W,0,4.514437,0.21975089609622955,0.28687572479248047,0.10185830295085907
YML032C,YJR103W,0,4.513527,0.2195555567741394,0.28687572479248047,0.10197445005178452
YLR314C,YPR006C,0,4.5074973,0.2193605750799179,0.28687572479248047,0.10209058970212936
YMR284W,YPR187W,0,4.498758,0.21916592121124268,0.28687572479248047,0.10220673680305481
YOR274W,YHR061C,0,4.494485,0.2189716249704361,0.28687572479248047,0.10232288390398026
YPR182W,YML058W-A,0,4.4934154,0.21877768635749817,0.28687572479248047,0.1024390235543251
YHR002W,YPL134C,0,4.492678,0.2185840755701065,0.28687572479248047,0.10255517065525055
YPL104W,YJL130C,0,4.492537,0.2183908075094223,0.28687572479248047,0.1026713103055954
YDR064W,YDL202W,0,4.492251,0.21819788217544556,0.28687572479248047,0.10278745740652084
YDL029W,YNL026W,1,4.492021,0.21888791024684906,0.28803718090057373,0.10278745740652084
YHR179W,YNR057C,0,4.4906745,0.21869488060474396,0.28803718090057373,0.10290359705686569
YGR077C,YKL205W,0,4.4889727,0.2185022085905075,0.28803718090057373,0.10301974415779114
YER017C,YNL070W,1,4.488569,0.21919013559818268,0.2891986072063446,0.10301974415779114
YOR215C,YHL027W,0,4.4884205,0.21899735927581787,0.2891986072063446,0.10313589125871658
YJR010W,YJL079C,0,4.4850407,0.21880492568016052,0.2891986072063446,0.10325203090906143
YMR123W,YJR147W,0,4.4824595,0.21861281991004944,0.2891986072063446,0.10336817800998688
YMR025W,YNR060W,0,4.481587,0.2184210568666458,0.2891986072063446,0.10348431766033173
YLR401C,YDR508C,0,4.481312,0.21822962164878845,0.2891986072063446,0.10360046476125717
YDL029W,YNL070W,1,4.481175,0.2189141809940338,0.2903600335121155,0.10360046476125717
YMR284W,YEL012W,0,4.4809756,0.2187226563692093,0.2903600335121155,0.10371661186218262
YDL202W,YBR238C,0,4.480205,0.21853147447109222,0.2903600335121155,0.10383275151252747
YMR238W,YPL050C,0,4.4779563,0.21834060549736023,0.2903600335121155,0.10394889861345291
YOR323C,YDL097C,0,4.475591,0.2181500941514969,0.2903600335121155,0.10406503826379776
YDL029W,YGR112W,1,4.4746795,0.21883173286914825,0.29152148962020874,0.10406503826379776
YML030W,YPR198W,0,4.4706845,0.21864111721515656,0.29152148962020874,0.1041811853647232
YBR037C,YER130C,0,4.470325,0.21845082938671112,0.29152148962020874,0.10429732501506805
YOR084W,YAR002C-A,0,4.464083,0.21826086938381195,0.29152148962020874,0.1044134721159935
YPR191W,YDR260C,0,4.4633226,0.21807123720645905,0.29152148962020874,0.10452961921691895
YAL024C,YKL096W-A,0,4.459007,0.2178819477558136,0.29152148962020874,0.1046457588672638
YMR241W,YNL070W,1,4.458919,0.21856027841567993,0.2926829159259796,0.1046457588672638
YMR089C,YPR133W-A,1,4.457761,0.21923743188381195,0.2938443720340729,0.1046457588672638
YNL223W,YMR300C,0,4.457087,0.21904762089252472,0.2938443720340729,0.10476190596818924
YLR344W,YNL238W,0,4.4541144,0.21885813772678375,0.2938443720340729,0.10487804561853409
YPL098C,YNR035C,1,4.4530983,0.2195332795381546,0.29500579833984375,0.10487804561853409
YNL163C,YCL032W,0,4.4523807,0.21934369206428528,0.29500579833984375,0.10499419271945953
YNL121C,YDR470C,1,4.449878,0.22001725435256958,0.296167254447937,0.10499419271945953
YHR041C,YAL017W,0,4.447623,0.2198275923728943,0.296167254447937,0.10511033982038498
YGL172W,YOR142W,0,4.44688,0.21963824331760406,0.296167254447937,0.10522647947072983
YEL037C,YNL117W,0,4.44642,0.2194492220878601,0.296167254447937,0.10534262657165527
YDL208W,YHR168W,0,4.4451175,0.21926052868366241,0.296167254447937,0.10545876622200012
YHR179W,YIL006W,0,4.4447217,0.219072163105011,0.296167254447937,0.10557491332292557
YPL134C,YKL144C,0,4.4442344,0.21888412535190582,0.296167254447937,0.10569106042385101
YPR196W,YNL052W,0,4.4437623,0.21869640052318573,0.296167254447937,0.10580720007419586
YGR052W,YPL104W,0,4.441504,0.2185090035200119,0.296167254447937,0.10592334717512131
YMR078C,YAL031C,0,4.438968,0.21832191944122314,0.296167254447937,0.10603948682546616
YNL172W,YLR043C,0,4.4378095,0.21813516318798065,0.296167254447937,0.1061556339263916
YMR241W,YJR034W,1,4.4372597,0.21880342066287994,0.2973286807537079,0.1061556339263916
YDR254W,YMR078C,0,4.434748,0.2186165601015091,0.2973286807537079,0.10627177357673645
YOR301W,YDL083C,0,4.433729,0.2184300273656845,0.2973286807537079,0.1063879206776619
YOR142W,YCL032W,0,4.4336753,0.2182438224554062,0.2973286807537079,0.10650406777858734
YKL038W,YPR043W,0,4.4311104,0.21805791556835175,0.2973286807537079,0.10662020742893219
YBL058W,YBR145W,0,4.4298935,0.21787233650684357,0.2973286807537079,0.10673635452985764
YPR024W,YKL053C-A,1,4.428083,0.21853742003440857,0.29849013686180115,0.10673635452985764
YKL103C,YGL226C-A,0,4.427901,0.21835173666477203,0.29849013686180115,0.10685249418020248
YMR019W,YJL103C,0,4.427338,0.21816638112068176,0.29849013686180115,0.10696864128112793
YKL170W,YGR199W,0,4.4256597,0.21798133850097656,0.29849013686180115,0.10708478838205338
YKL053C-A,YDR470C,1,4.4236746,0.21864406764507294,0.299651563167572,0.10708478838205338
YML052W,YPL218W,0,4.4226003,0.21845893561840057,0.299651563167572,0.10720092803239822
YNL160W,YML099C,0,4.421661,0.21827411651611328,0.299651563167572,0.10731707513332367
YER154W,YNR017W,1,4.418108,0.21893490850925446,0.3008130192756653,0.10731707513332367
YBL058W,YML073C,0,4.41749,0.21875,0.3008130192756653,0.10743321478366852
YLL002W,YLR203C,0,4.4171224,0.21856540441513062,0.3008130192756653,0.10754936188459396
YEL022W,YKL096W-A,0,4.4167466,0.2183811068534851,0.3008130192756653,0.10766550153493881
YMR241W,YER154W,1,4.416502,0.21903958916664124,0.30197444558143616,0.10766550153493881
YGR077C,YLR309C,0,4.4137936,0.21885521709918976,0.30197444558143616,0.10778164863586426
YLR157C,YKL117W,0,4.4108076,0.21867115795612335,0.30197444558143616,0.1078977957367897
YFL038C,YLR130C,0,4.4096437,0.21848739683628082,0.30197444558143616,0.10801393538713455
YLR244C,YAR031W,0,4.4045277,0.21830394864082336,0.30197444558143616,0.10813008248806
YNL163C,YBR287W,0,4.403231,0.21812079846858978,0.30197444558143616,0.10824622213840485
YGR167W,YDR304C,0,4.403227,0.21793797612190247,0.30197444558143616,0.10836236923933029
YPR127W,YBL092W,0,4.401232,0.21775543689727783,0.30197444558143616,0.10847851634025574
YJR092W,YLL040C,0,4.4005947,0.21757322549819946,0.30197444558143616,0.10859465599060059
YNR017W,YBR192W,1,4.4002748,0.21822743117809296,0.3031359016895294,0.10859465599060059
YJL166W,YDR527W,0,4.399937,0.21804511547088623,0.3031359016895294,0.10871080309152603
YDL036C,YKL168C,0,4.3990993,0.21786309778690338,0.3031359016895294,0.10882694274187088
YMR241W,YDL029W,1,4.3968987,0.21851542592048645,0.3042973279953003,0.10882694274187088
YNL131W,YMR203W,1,4.395861,0.21916666626930237,0.30545875430107117,0.10882694274187088
YER154W,YDR470C,1,4.394578,0.21981681883335114,0.30662021040916443,0.10882694274187088
YJL140W,YMR194W,0,4.3930244,0.21963393688201904,0.30662021040916443,0.10894308984279633
YKL170W,YIL088C,0,4.390333,0.21945136785507202,0.30662021040916443,0.10905923694372177
YPL134C,YDR281C,0,4.3896513,0.21926909685134888,0.30662021040916443,0.10917537659406662
YNL307C,YHR051W,0,4.3891444,0.2190871387720108,0.30662021040916443,0.10929152369499207
YGR281W,YDR218C,0,4.384791,0.2189054787158966,0.30662021040916443,0.10940766334533691
YAL054C,YLR380W,0,4.384774,0.2187241166830063,0.30662021040916443,0.10952381044626236
YBR118W,YFL021W,0,4.3843517,0.21854305267333984,0.30662021040916443,0.10963995009660721
YGR144W,YOR232W,1,4.3833914,0.21918940544128418,0.3077816367149353,0.10963995009660721
YJR051W,YKL038W,0,4.383141,0.21900826692581177,0.3077816367149353,0.10975609719753265
YML058W-A,YIL159W,0,4.3829503,0.21882741153240204,0.3077816367149353,0.1098722442984581
YNL008C,YGR095C,0,4.378306,0.21864686906337738,0.3077816367149353,0.10998838394880295
YJR078W,YKL186C,0,4.378177,0.2184666097164154,0.3077816367149353,0.1101045310497284
YKL190W,YCL024W,0,4.3778405,0.2182866483926773,0.3077816367149353,0.11022067070007324
YER125W,YOL026C,1,4.375631,0.21893003582954407,0.30894309282302856,0.11022067070007324
YNL070W,YPL098C,1,4.3748527,0.21957236528396606,0.31010451912879944,0.11022067070007324
YOR297C,YPL098C,1,4.374431,0.2202136367559433,0.3112659752368927,0.11022067070007324
YPR024W,YOR297C,1,4.3728414,0.22085386514663696,0.3124274015426636,0.11022067070007324
YLR183C,YKL094W,0,4.370229,0.22067268192768097,0.3124274015426636,0.11033681780099869
YNL178W,YLR329W,0,4.3693085,0.22049179673194885,0.3124274015426636,0.11045296490192413
YPL147W,YKL186C,0,4.367546,0.2203112244606018,0.3124274015426636,0.11056910455226898
YOL086C,YMR075W,0,4.3675156,0.22013093531131744,0.3124274015426636,0.11068525165319443
YGR281W,YOR085W,0,4.3661036,0.21995094418525696,0.3124274015426636,0.11080139130353928
YNL282W,YKL203C,0,4.366067,0.21977123618125916,0.3124274015426636,0.11091753840446472
YOL045W,YPR080W,0,4.3656616,0.21959184110164642,0.3124274015426636,0.11103367805480957
YGR032W,YDL039C,0,4.3628592,0.21941272914409637,0.3124274015426636,0.11114982515573502
YJR070C,YJR051W,0,4.3628216,0.219233900308609,0.3124274015426636,0.11126597225666046
YOR176W,YOR145C,0,4.3626986,0.21905536949634552,0.3124274015426636,0.11138211190700531
YMR176W,YNL284C,0,4.3626175,0.2188771367073059,0.3124274015426636,0.11149825900793076
YMR089C,YEL030W,1,4.3623047,0.2195121943950653,0.31358885765075684,0.11149825900793076
YER125W,YJR034W,1,4.360311,0.22014622390270233,0.3147502839565277,0.11149825900793076
YDR254W,YKR028W,0,4.3602285,0.2199675291776657,0.3147502839565277,0.1116143986582756
YGR169C,YLR312W-A,0,4.3560424,0.21978913247585297,0.3147502839565277,0.11173054575920105
YBR155W,YLR153C,0,4.3556085,0.2196110188961029,0.3147502839565277,0.1118466928601265
YGR112W,YPR125W,1,4.3546257,0.2202429175376892,0.31591174006462097,0.1118466928601265
YLL041C,YOL054W,0,4.3545094,0.22006472945213318,0.31591174006462097,0.11196283251047134
YGR052W,YKR068C,0,4.35389,0.21988682448863983,0.31591174006462097,0.11207897961139679
YLR383W,YGR171C,0,4.353015,0.21970920264720917,0.31591174006462097,0.11219511926174164
YNL271C,YGL037C,0,4.3513584,0.21953187882900238,0.31591174006462097,0.11231126636266708
YLR107W,YMR267W,0,4.347119,0.21935483813285828,0.31591174006462097,0.11242741346359253
YNL079C,YOL026C,1,4.345602,0.21998389065265656,0.31707316637039185,0.11242741346359253
YJL140W,YKL201C,0,4.345571,0.2198067605495453,0.31707316637039185,0.11254355311393738
YOL086C,YDR364C,0,4.3437567,0.2196299284696579,0.31707316637039185,0.11265970021486282
YOL155C,YCR002C,0,4.343344,0.2194533795118332,0.31707316637039185,0.11277583986520767
YGR288W,YBR187W,0,4.3398895,0.21927711367607117,0.31707316637039185,0.11289198696613312
YAL038W,YER171W,0,4.3391733,0.21910113096237183,0.31707316637039185,0.11300812661647797
YBR182C,YNL262W,0,4.3385797,0.21892541646957397,0.31707316637039185,0.11312427371740341
YHR004C,YAL016W,0,4.3364773,0.21875,0.31707316637039185,0.11324042081832886
YER185W,YHR119W,0,4.3304496,0.2185748666524887,0.31707316637039185,0.1133565604686737
YNL102W,YKL064W,0,4.327418,0.2184000015258789,0.31707316637039185,0.11347270756959915
YGR144W,YPR133W-A,1,4.3271937,0.21902477741241455,0.3182346224784851,0.11347270756959915
YGR032W,YPL273W,0,4.326084,0.21884983777999878,0.3182346224784851,0.113588847219944
YNL131W,YDL198C,1,4.32171,0.21947325766086578,0.319396048784256,0.113588847219944
YJR101W,YBR061C,0,4.320295,0.21929824352264404,0.319396048784256,0.11370499432086945
YGR199W,YPR030W,0,4.3202133,0.21912351250648499,0.319396048784256,0.11382114142179489
YGL256W,YPR030W,0,4.3199525,0.21894904971122742,0.319396048784256,0.11393728107213974
YOL040C,YDR497C,0,4.3193173,0.21877485513687134,0.319396048784256,0.11405342817306519
YKL201C,YOR313C,0,4.3185525,0.21860095858573914,0.319396048784256,0.11416956782341003
YNL131W,YNR017W,1,4.31703,0.21922160685062408,0.32055750489234924,0.11416956782341003
YGL236C,YNR028W,0,4.315735,0.21904762089252472,0.32055750489234924,0.11428571492433548
YGR268C,YML049C,0,4.315439,0.21887390315532684,0.32055750489234924,0.11440186202526093
YDL217C,YLR163C,1,4.3151946,0.2194928675889969,0.3217189311981201,0.11440186202526093
YER150W,YDL054C,0,4.312414,0.21931907534599304,0.3217189311981201,0.11451800167560577
YNL223W,YHL034C,0,4.311317,0.21914556622505188,0.3217189311981201,0.11463414877653122
YER050C,YGR180C,0,4.311153,0.2189723253250122,0.3217189311981201,0.11475028842687607
YKL190W,YDL078C,0,4.3111067,0.21879936754703522,0.3217189311981201,0.11486643552780151
YOL111C,YDR151C,0,4.3111067,0.21862667798995972,0.3217189311981201,0.11498257517814636
YER017C,YLR163C,1,4.3108897,0.2192429006099701,0.322880357503891,0.11498257517814636
YPR026W,YCR014C,0,4.3056316,0.21907013654708862,0.322880357503891,0.11509872227907181
YDR207C,YEL041W,0,4.305279,0.21889764070510864,0.322880357503891,0.11521486937999725
YLR024C,YLR309C,0,4.305205,0.21872541308403015,0.322880357503891,0.1153310090303421
YEL030W,YLR163C,1,4.301199,0.21933962404727936,0.32404181361198425,0.1153310090303421
YBR182C,YGL071W,0,4.2973638,0.2191673219203949,0.32404181361198425,0.11544715613126755
YPL134C,YOL028C,0,4.2972736,0.21899528801441193,0.32404181361198425,0.1155632957816124
YHR082C,YGR276C,0,4.295356,0.21882352232933044,0.32404181361198425,0.11567944288253784
YHR175W,YPR006C,0,4.2944064,0.21865203976631165,0.32404181361198425,0.11579558998346329
YGR034W,YER104W,0,4.293168,0.21848081052303314,0.32404181361198425,0.11591172963380814
YBL076C,YIL042C,0,4.2929397,0.21830986440181732,0.32404181361198425,0.11602787673473358
YPL002C,YLR264W,0,4.2923965,0.2181391716003418,0.32404181361198425,0.11614401638507843
YER017C,YBR192W,1,4.290034,0.21875,0.3252032399177551,0.11614401638507843
YNL079C,YPR083W,1,4.2893143,0.2193598747253418,0.3263646960258484,0.11614401638507843
YOR377W,YOL054W,0,4.2883368,0.21918876469135284,0.3263646960258484,0.11626016348600388
YGL180W,YLR401C,0,4.285718,0.21901792287826538,0.3263646960258484,0.11637630313634872
YOL129W,YML073C,0,4.285306,0.2188473492860794,0.3263646960258484,0.11649245023727417
YGL174W,YIL133C,0,4.2828054,0.21867704391479492,0.3263646960258484,0.11660859733819962
YJL066C,YOR283W,0,4.282764,0.21850699186325073,0.3263646960258484,0.11672473698854446
YKL013C,YOR297C,1,4.279667,0.21911421418190002,0.32752612233161926,0.11672473698854446
YCL018W,YJL082W,0,4.2794447,0.21894410252571106,0.32752612233161926,0.11684088408946991
YDR454C,YLL027W,0,4.279074,0.2187742441892624,0.32752612233161926,0.11695702373981476
YHR004C,YOR025W,0,4.2755933,0.2186046540737152,0.32752612233161926,0.1170731708407402
YLR289W,YKL124W,0,4.2753377,0.21843531727790833,0.32752612233161926,0.11718931794166565
YGL083W,YKL094W,0,4.272318,0.21826624870300293,0.32752612233161926,0.1173054575920105
YDL024C,YHR119W,0,4.2717314,0.21809744834899902,0.32752612233161926,0.11742160469293594
YDL097C,YNL239W,0,4.2711535,0.2179289013147354,0.32752612233161926,0.11753774434328079
YAL063C,YJR101W,0,4.270226,0.2177606225013733,0.32752612233161926,0.11765389144420624
YEL030W,YNL026W,1,4.2692733,0.2183641940355301,0.3286875784397125,0.11765389144420624
YLR401C,YLR025W,0,4.2666802,0.218195840716362,0.3286875784397125,0.11777003854513168
YER050C,YOL052C,0,4.2660956,0.2180277407169342,0.3286875784397125,0.11788617819547653
YBR059C,YDL015C,0,4.2659245,0.2178598940372467,0.3286875784397125,0.11800232529640198
YPR024W,YGR112W,1,4.2646246,0.2184615433216095,0.3298490047454834,0.11800232529640198
YDR296W,YDL198C,1,4.262486,0.21906225383281708,0.33101046085357666,0.11800232529640198
YJL112W,YKL053C-A,1,4.260521,0.21966205537319183,0.33217188715934753,0.11800232529640198
YOR176W,YNL073W,0,4.258814,0.21949347853660583,0.33217188715934753,0.11811846494674683
YMR228W,YOR008C,0,4.2583437,0.21932515501976013,0.33217188715934753,0.11823461204767227
YML073C,YOR025W,0,4.2581754,0.21915708482265472,0.33217188715934753,0.11835075169801712
YDL029W,YOL026C,1,4.257688,0.21975497901439667,0.3333333432674408,0.11835075169801712
YOR388C,YER050C,0,4.257541,0.2195868343114853,0.3333333432674408,0.11846689879894257
YMR241W,YDR296W,1,4.256107,0.22018349170684814,0.33449476957321167,0.11846689879894257
YDR371W,YLR197W,0,4.2559137,0.2200152724981308,0.33449476957321167,0.11858304589986801
YCL036W,YOR349W,0,4.2557225,0.21984732151031494,0.33449476957321167,0.11869918555021286
YBR172C,YDR404C,0,4.254367,0.21967963874340057,0.33449476957321167,0.1188153326511383
YDR296W,YHR005C-A,1,4.2532864,0.22027438879013062,0.33565622568130493,0.1188153326511383
YHR179W,YOR311C,0,4.252545,0.22010663151741028,0.33565622568130493,0.11893147230148315
YEL022W,YMR020W,0,4.2522497,0.21993911266326904,0.33565622568130493,0.1190476194024086
YPR189W,YML128C,0,4.250319,0.2197718620300293,0.33565622568130493,0.11916376650333405
YIL134W,YKL096W-A,0,4.248343,0.21960486471652985,0.33565622568130493,0.1192799061536789
YOL112W,YGL030W,0,4.248021,0.2194381207227707,0.33565622568130493,0.11939605325460434
YHR012W,YDL083C,0,4.247687,0.21927163004875183,0.33565622568130493,0.11951219290494919
YDL029W,YDR296W,1,4.2476225,0.21986353397369385,0.3368176519870758,0.11951219290494919
YDL054C,YDL061C,0,4.246619,0.21969696879386902,0.3368176519870758,0.11962834000587463
YDR164C,YKR006C,0,4.2451444,0.21953065693378448,0.3368176519870758,0.11974447965621948
YKL038W,YOR025W,0,4.2423377,0.21936459839344025,0.3368176519870758,0.11986062675714493
YGR221C,YCL052C,0,4.24096,0.2191987931728363,0.3368176519870758,0.11997677385807037
YNL160W,YJR133W,0,4.240898,0.21903322637081146,0.3368176519870758,0.12009291350841522
YER117W,YMR186W,0,4.2407475,0.2188679277896881,0.3368176519870758,0.12020906060934067
YMR267W,YOL040C,0,4.237883,0.21870286762714386,0.3368176519870758,0.12032520025968552
YDR263C,YER145C,0,4.2376366,0.2185380607843399,0.3368176519870758,0.12044134736061096
YLR295C,YGL170C,0,4.237006,0.21837349236011505,0.3368176519870758,0.12055749446153641
YHR041C,YEL056W,0,4.236326,0.2182091772556305,0.3368176519870758,0.12067363411188126
YDL029W,YER154W,1,4.2349787,0.2187969982624054,0.33797910809516907,0.12067363411188126
YDL107W,YOR232W,1,4.232268,0.21938392519950867,0.33914053440093994,0.12067363411188126
YHR077C,YHR008C,0,4.2318883,0.21921922266483307,0.33914053440093994,0.1207897812128067
YKL093W,YCR060W,0,4.2314725,0.21905475854873657,0.33914053440093994,0.12090592086315155
YLR153C,YPL218W,0,4.22929,0.21889054775238037,0.33914053440093994,0.121022067964077
YDR429C,YDR173C,0,4.228533,0.21872659027576447,0.33914053440093994,0.12113821506500244
YJR127C,YDR461W,0,4.2285094,0.21856287121772766,0.33914053440093994,0.12125435471534729
YLL003W,YEL041W,0,4.2275577,0.21839940547943115,0.33914053440093994,0.12137050181627274
YCR030C,YPL096W,0,4.225595,0.21823617815971375,0.33914053440093994,0.12148664146661758
YML073C,YMR159C,0,4.225304,0.21807318925857544,0.33914053440093994,0.12160278856754303
YIL076W,YPL218W,0,4.225095,0.21791045367717743,0.33914053440093994,0.12171892821788788
YGR282C,YMR295C,0,4.224116,0.21774795651435852,0.33914053440093994,0.12183507531881332
YGR077C,YDR416W,0,4.2230687,0.2175856977701187,0.33914053440093994,0.12195122241973877
YDR512C,YOR126C,0,4.222279,0.217423677444458,0.33914053440093994,0.12206736207008362
YHR005C-A,YDR470C,1,4.2212195,0.2180059552192688,0.3403019607067108,0.12206736207008362
YOR297C,YLR163C,1,4.2209744,0.21858735382556915,0.3414634168148041,0.12206736207008362
YPL127C,YHR004C,0,4.2200522,0.2184249609708786,0.3414634168148041,0.12218350917100906
YMR241W,YNL121C,1,4.218841,0.21900519728660583,0.34262484312057495,0.12218350917100906
YMR228W,YHR059W,0,4.21606,0.21884272992610931,0.34262484312057495,0.12229964882135391
YJL191W,YGR239C,0,4.215994,0.2186805009841919,0.34262484312057495,0.12241579592227936
YBR182C,YGR072W,0,4.2155695,0.21851852536201477,0.34262484312057495,0.1225319430232048
YDL055C,YJL213W,0,4.214012,0.21835677325725555,0.34262484312057495,0.12264808267354965
YPR035W,YGR238C,0,4.2135878,0.21819525957107544,0.34262484312057495,0.1227642297744751
YPL078C,YJL171C,0,4.21325,0.21803399920463562,0.34262484312057495,0.12288036942481995
YML036W,YDR353W,0,4.2105894,0.2178729623556137,0.34262484312057495,0.12299651652574539
YJL112W,YLR163C,1,4.208973,0.21845018863677979,0.3437862992286682,0.12299651652574539
YOR142W,YBR095C,0,4.2078495,0.2182890921831131,0.3437862992286682,0.12311265617609024
YLR289W,YJL071W,0,4.2035275,0.21812821924686432,0.3437862992286682,0.12322880327701569
YEL041W,YEL056W,0,4.2027936,0.21796759963035583,0.3437862992286682,0.12334495037794113
YPL134C,YDR260C,0,4.2024765,0.21780721843242645,0.3437862992286682,0.12346109002828598
YJR138W,YBL091C-A,0,4.201923,0.21764706075191498,0.3437862992286682,0.12357723712921143
YDL029W,YNL131W,1,4.199148,0.21822190284729004,0.3449477255344391,0.12357723712921143
YGL062W,YGR113W,0,4.199058,0.2180616706609726,0.3449477255344391,0.12369337677955627
YER125W,YPL098C,1,4.1989594,0.21863536536693573,0.34610918164253235,0.12369337677955627
YOR071C,YPL163C,0,4.198898,0.2184750735759735,0.34610918164253235,0.12380952388048172
YDL245C,YGL037C,0,4.1986966,0.2183150202035904,0.34610918164253235,0.12392567098140717
YDR405W,YJL214W,0,4.196689,0.21815519034862518,0.34610918164253235,0.12404181063175201
YBR222C,YGR185C,0,4.192199,0.21799561381340027,0.34610918164253235,0.12415795773267746
YMR182C,YFL033C,0,4.191164,0.21783626079559326,0.34610918164253235,0.12427409738302231
YBR294W,YPL163C,0,4.1887627,0.21767713129520416,0.34610918164253235,0.12439024448394775
YHR174W,YNR072W,0,4.187596,0.21751825511455536,0.34610918164253235,0.1245063915848732
YMR228W,YMR304W,0,4.186016,0.21735958755016327,0.34610918164253235,0.12462253123521805
YDL198C,YPR083W,1,4.1845284,0.21793003380298615,0.3472706079483032,0.12462253123521805
YMR065W,YKL003C,0,4.182732,0.21777130663394928,0.3472706079483032,0.1247386783361435
YGR144W,YPR083W,1,4.18251,0.21834060549736023,0.3484320640563965,0.1247386783361435
YDR064W,YER145C,0,4.179262,0.2181818187236786,0.3484320640563965,0.12485481798648834
YDL059C,YPR163C,0,4.178122,0.21802325546741486,0.3484320640563965,0.12497096508741379
YCL004W,YMR296C,0,4.1777687,0.21786493062973022,0.3484320640563965,0.12508711218833923
YMR089C,YNL070W,1,4.17694,0.21843251585960388,0.34959349036216736,0.12508711218833923
YMR032W,YBR067C,0,4.1767755,0.21827411651611328,0.34959349036216736,0.12520325183868408
YDR151C,YLR301W,0,4.1740513,0.2181159406900406,0.34959349036216736,0.12531939148902893
YOR084W,YDL083C,0,4.1736865,0.217958003282547,0.34959349036216736,0.12543554604053497
YPR204W,YIR005W,0,4.171813,0.2178002893924713,0.34959349036216736,0.12555168569087982
YDL029W,YNL121C,1,4.1713195,0.218365877866745,0.3507549464702606,0.12555168569087982
YIR005W,YGL148W,0,4.1707025,0.21820808947086334,0.3507549464702606,0.12566782534122467
YGR167W,YJL155C,0,4.169743,0.2180505394935608,0.3507549464702606,0.12578396499156952
YLR401C,YJL079C,0,4.168767,0.21789321303367615,0.3507549464702606,0.12590011954307556
YDR476C,YMR272C,0,4.1678348,0.2177361249923706,0.3507549464702606,0.1260162591934204
YLR129W,YNL052W,0,4.166318,0.21757924556732178,0.3507549464702606,0.12613239884376526
YEL069C,YGL183C,0,4.164917,0.21742260456085205,0.3507549464702606,0.1262485533952713
YNL026W,YNR035C,1,4.1633058,0.2179856151342392,0.3519163727760315,0.1262485533952713
YHR082C,YLL043W,0,4.1632495,0.2178288996219635,0.3519163727760315,0.12636469304561615
YBR128C,YPL244C,0,4.1631484,0.2176724076271057,0.3519163727760315,0.126480832695961
YOR274W,YAL054C,0,4.161636,0.21751615405082703,0.3519163727760315,0.12659698724746704
YKR066C,YLR386W,0,4.1606374,0.21736010909080505,0.3519163727760315,0.1267131268978119
YIL143C,YBR115C,0,4.1604385,0.21720430254936218,0.3519163727760315,0.12682926654815674
YPL240C,YNR044W,0,4.160121,0.21704870462417603,0.3519163727760315,0.1269454061985016
YLR312W-A,YNL182C,0,4.159153,0.21689334511756897,0.3519163727760315,0.12706156075000763
YPL082C,YJL053W,0,4.158893,0.21673819422721863,0.3519163727760315,0.12717770040035248
YLR289W,YNL231C,0,4.157068,0.2165832668542862,0.3519163727760315,0.12729384005069733
YOR216C,YCL026C-B,0,4.155197,0.21642857789993286,0.3519163727760315,0.12740999460220337
YDL029W,YPR125W,1,4.1551814,0.21698786318302155,0.35307782888412476,0.12740999460220337
YJL112W,YKL013C,1,4.15338,0.21754635870456696,0.35423925518989563,0.12740999460220337
YDL217C,YHR005C-A,1,4.152979,0.2181040644645691,0.3554007112979889,0.12740999460220337
YER050C,YER175C,0,4.152897,0.21794871985912323,0.3554007112979889,0.12752613425254822
YDL084W,YOR261C,0,4.1524982,0.21779359877109528,0.3554007112979889,0.12764227390289307
YMR203W,YER017C,1,4.1524377,0.21834993362426758,0.35656213760375977,0.12764227390289307
YEL030W,YJR034W,1,4.1516776,0.2189054787158966,0.35772356390953064,0.12764227390289307
YNR017W,YNL304W,1,4.151061,0.21946023404598236,0.3588850200176239,0.12764227390289307
YGL170C,YPL167C,0,4.1503587,0.21930447220802307,0.3588850200176239,0.12775841355323792
YBR081C,YKL103C,0,4.1496987,0.2191489338874817,0.3588850200176239,0.12787456810474396
YPL147W,YLR033W,0,4.1496477,0.21899361908435822,0.3588850200176239,0.1279907077550888
YLR244C,YOR298W,0,4.1493516,0.21883852779865265,0.3588850200176239,0.12810684740543365
YOL026C,YLR163C,1,4.1467867,0.2193913608789444,0.3600464463233948,0.12810684740543365
YOL038W,YPL110C,0,4.145932,0.21923620998859406,0.3600464463233948,0.1282230019569397
YGL200C,YIR032C,0,4.14484,0.21908126771450043,0.3600464463233948,0.12833914160728455
YER050C,YOR054C,0,4.1440644,0.2189265489578247,0.3600464463233948,0.1284552812576294
YMR238W,YKL172W,0,4.143599,0.2187720537185669,0.3600464463233948,0.12857143580913544
YKR054C,YMR077C,0,4.141914,0.2186177670955658,0.3600464463233948,0.12868757545948029
YOL082W,YPL134C,0,4.138969,0.2184637039899826,0.3600464463233948,0.12880371510982513
YDL142C,YPR133W-A,1,4.137656,0.21901407837867737,0.36120790243148804,0.12880371510982513
YHR164C,YPL050C,0,4.137305,0.2188599556684494,0.36120790243148804,0.12891985476016998
YDL245C,YKL182W,0,4.1362233,0.21870604157447815,0.36120790243148804,0.12903600931167603
YAR002C-A,YMR114C,0,4.135096,0.2185523509979248,0.36120790243148804,0.12915214896202087
YDL170W,YBR173C,0,4.1348715,0.21839886903762817,0.36120790243148804,0.12926828861236572
YJL112W,YHR005C-A,1,4.1333942,0.2189473658800125,0.3623693287372589,0.12926828861236572
YOL124C,YPL082C,0,4.1331377,0.2187938243150711,0.3623693287372589,0.12938444316387177
YJR138W,YLL003W,0,4.132628,0.2186405062675476,0.3623693287372589,0.1295005828142166
YKL170W,YJR032W,0,4.1323185,0.21848739683628082,0.3623693287372589,0.12961672246456146
YDL217C,YEL030W,1,4.1312547,0.21903428435325623,0.3635307848453522,0.12961672246456146
YHR004C,YOL093W,0,4.1308665,0.21888111531734467,0.3635307848453522,0.1297328621149063
YDL084W,YLR348C,0,4.130771,0.21872815489768982,0.3635307848453522,0.12984901666641235
YNL117W,YKR055W,0,4.130465,0.21857541799545288,0.3635307848453522,0.1299651563167572
YNL073W,YGR118W,0,4.130459,0.21842288970947266,0.3635307848453522,0.13008129596710205
YER168C,YOR230W,0,4.130321,0.21827057003974915,0.3635307848453522,0.1301974505186081
YKL170W,YFL017W-A,0,4.130223,0.21811847388744354,0.3635307848453522,0.13031359016895294
YFL033C,YLR348C,0,4.1216574,0.21796657145023346,0.3635307848453522,0.1304297298192978
YDL021W,YFL045C,0,4.120522,0.21781489253044128,0.3635307848453522,0.13054586946964264
YOR275C,YOR025W,0,4.1189327,0.21766342222690582,0.3635307848453522,0.13066202402114868
YOR142W,YFR036W,0,4.118094,0.21751216053962708,0.3635307848453522,0.13077816367149353
YLL019C,YGL050W,0,4.1161327,0.21736110746860504,0.3635307848453522,0.13089430332183838
YOL038W,YDL045W-A,0,4.1098733,0.21721027791500092,0.3635307848453522,0.13101045787334442
YPR024W,YKR036C,1,4.1081347,0.21775312721729279,0.36469221115112305,0.13101045787334442
YML080W,YCL034W,0,4.106603,0.2176022231578827,0.36469221115112305,0.13112659752368927
YDL059C,YER137C,0,4.106073,0.2174515277147293,0.36469221115112305,0.13124273717403412
YJR051W,YBR230C,0,4.1027207,0.21730104088783264,0.36469221115112305,0.13135889172554016
YGR112W,YPR133W-A,1,4.101834,0.21784232556819916,0.3658536672592163,0.13135889172554016
YNR067C,YGL236C,0,4.099136,0.21769177913665771,0.3658536672592163,0.131475031375885
YBR196C,YAR035W,0,4.0986314,0.21754144132137299,0.3658536672592163,0.13159117102622986
YBR177C,YFL023W,0,4.0979805,0.21739129722118378,0.3658536672592163,0.1317073106765747
YPR149W,YGL174W,0,4.0971937,0.21724137663841248,0.3658536672592163,0.13182346522808075
YER162C,YDL083C,0,4.0969243,0.2170916646718979,0.3658536672592163,0.1319396048784256
YOR237W,YOR317W,0,4.096609,0.21694214642047882,0.3658536672592163,0.13205574452877045
YJL034W,YOR274W,0,4.0957665,0.21679283678531647,0.3658536672592163,0.1321718990802765
YPL131W,YGL019W,0,4.093446,0.21664373576641083,0.3658536672592163,0.13228803873062134
YDR518W,YKL124W,0,4.093124,0.2164948433637619,0.3658536672592163,0.1324041783809662
YHR029C,YDR416W,0,4.092593,0.2163461595773697,0.3658536672592163,0.13252031803131104
YGR010W,YBR243C,0,4.092591,0.216197669506073,0.3658536672592163,0.13263647258281708
YDL142C,YOR297C,1,4.0905805,0.21673525869846344,0.3670150935649872,0.13263647258281708
YML028W,YKL175W,0,4.090314,0.21658670902252197,0.3670150935649872,0.13275261223316193
YLR425W,YOL108C,0,4.089956,0.21643835306167603,0.3670150935649872,0.13286875188350677
YIL143C,YJL200C,0,4.0897684,0.2162902057170868,0.3670150935649872,0.13298490643501282
YNL223W,YFR001W,0,4.088774,0.21614226698875427,0.3670150935649872,0.13310104608535767
YBR183W,YBR196C,0,4.08855,0.21599453687667847,0.3670150935649872,0.13321718573570251
YGR268C,YMR296C,0,4.0869656,0.21584700047969818,0.3670150935649872,0.13333334028720856
YGR081C,YHR168W,0,4.086287,0.21569965779781342,0.3670150935649872,0.1334494799375534
YGL026C,YOR393W,0,4.085166,0.21555252373218536,0.3670150935649872,0.13356561958789825
YLR395C,YNL192W,0,4.082626,0.21540558338165283,0.3670150935649872,0.1336817592382431
YIL094C,YKL182W,0,4.0816956,0.21525885164737701,0.3670150935649872,0.13379791378974915
YJR006W,YBL091C-A,0,4.08148,0.2151123285293579,0.3670150935649872,0.133914053440094
YMR186W,YGL004C,0,4.0805297,0.21496598422527313,0.3670150935649872,0.13403019309043884
YDL015C,YGL071W,0,4.0789413,0.21481984853744507,0.3670150935649872,0.13414634764194489
YBR275C,YLR088W,0,4.078198,0.21467390656471252,0.3670150935649872,0.13426248729228973
YDL246C,YNL302C,0,4.075868,0.2145281732082367,0.3670150935649872,0.13437862694263458
YJL140W,YOL040C,0,4.075795,0.21438263356685638,0.3670150935649872,0.13449476659297943
YNR017W,YPL098C,1,4.0755997,0.21491526067256927,0.36817654967308044,0.13449476659297943
YER162C,YDL015C,0,4.0727277,0.214769646525383,0.36817654967308044,0.13461092114448547
YGL209W,YJL194W,0,4.0713086,0.21462424099445343,0.36817654967308044,0.13472706079483032
YNL284C,YNL175C,0,4.069224,0.21447902917861938,0.36817654967308044,0.13484320044517517
YOR209C,YPL274W,0,4.068492,0.21433401107788086,0.36817654967308044,0.1349593549966812
YAL038W,YGR134W,0,4.06648,0.21418918669223785,0.36817654967308044,0.13507549464702606
YIL134W,YNL230C,0,4.06633,0.21404457092285156,0.36817654967308044,0.1351916342973709
YOL086C,YCR026C,0,4.0661235,0.2139001339673996,0.36817654967308044,0.13530778884887695
YJL166W,YKL165C,0,4.065787,0.21375590562820435,0.36817654967308044,0.1354239284992218
YEL030W,YKL053C-A,1,4.064001,0.2142857164144516,0.3693379759788513,0.1354239284992218
YMR008C,YBL026W,0,4.063887,0.21414141356945038,0.3693379759788513,0.13554006814956665
YNL131W,YPR125W,1,4.0635233,0.21467025578022003,0.3704994320869446,0.13554006814956665
YOR123C,YHR051W,0,4.0615406,0.21452589333057404,0.3704994320869446,0.1356562077999115
YDL171C,YOR194C,0,4.059939,0.21438172459602356,0.3704994320869446,0.13577236235141754
YER117W,YBR222C,0,4.0590825,0.2142377495765686,0.3704994320869446,0.1358885020017624
YEL052W,YFR036W,0,4.056108,0.21409395337104797,0.3704994320869446,0.13600464165210724
YJR070C,YFL057C,0,4.055906,0.21395036578178406,0.3704994320869446,0.13612079620361328
YER175C,YNL232W,0,4.0545087,0.21380697190761566,0.3704994320869446,0.13623693585395813
YGR077C,YMR115W,0,4.050587,0.2136637568473816,0.3704994320869446,0.13635307550430298
YDR138W,YOL040C,0,4.047681,0.21352075040340424,0.3704994320869446,0.13646921515464783
YNL070W,YPR083W,1,4.0462995,0.21404682099819183,0.37166085839271545,0.13646921515464783
YGR144W,YMR089C,1,4.0450478,0.21457219123840332,0.3728223145008087,0.13646921515464783
YPL134C,YGR113W,0,4.0436907,0.2144288569688797,0.3728223145008087,0.13658536970615387
YOR297C,YPR083W,1,4.0435295,0.21495327353477478,0.3739837408065796,0.13658536970615387
YCR093W,YOR261C,0,4.0432315,0.21480987966060638,0.3739837408065796,0.13670150935649872
YGR255C,YNL052W,0,4.040685,0.21466666460037231,0.3739837408065796,0.13681764900684357
YMR145C,YMR295C,0,4.040545,0.21452365815639496,0.3739837408065796,0.1369338035583496
YMR296C,YOR008C,0,4.0390773,0.21438083052635193,0.3739837408065796,0.13704994320869446
YDR392W,YNL078W,0,4.0370135,0.21423819661140442,0.3739837408065796,0.1371660828590393
YGL225W,YCR046C,0,4.032156,0.21409574151039124,0.3739837408065796,0.13728223741054535
YPL139C,YMR267W,0,4.0315337,0.21395349502563477,0.3739837408065796,0.1373983770608902
YGR056W,YMR319C,0,4.0307946,0.21381142735481262,0.3739837408065796,0.13751451671123505
YNL281W,YNL335W,0,4.0307302,0.2136695384979248,0.3739837408065796,0.1376306563615799
YJL112W,YNR017W,1,4.0303655,0.21419097483158112,0.37514516711235046,0.1376306563615799
YPR113W,YKL085W,0,4.0294657,0.21404904127120972,0.37514516711235046,0.13774681091308594
YMR284W,YAR035W,0,4.029057,0.21390728652477264,0.37514516711235046,0.1378629505634308
YGR112W,YNL026W,1,4.0282726,0.21442753076553345,0.3763066232204437,0.1378629505634308
YMR241W,YOR232W,1,4.028117,0.21494708955287933,0.3774680495262146,0.1378629505634308
YJR151C,YLR264W,0,4.027434,0.2148050218820572,0.3774680495262146,0.13797909021377563
YPR024W,YHR005C-A,1,4.027346,0.21532364189624786,0.37862950563430786,0.13797909021377563
YGR144W,YDR470C,1,4.025878,0.21584159135818481,0.37979093194007874,0.13797909021377563
YPR144C,YJR078W,0,4.025221,0.2156992107629776,0.37979093194007874,0.13809524476528168
YDR494W,YJL024C,0,4.0251465,0.2155570238828659,0.37979093194007874,0.13821138441562653
YNL304W,YOR232W,1,4.024952,0.21607378125190735,0.380952388048172,0.13821138441562653
YLR394W,YOR313C,0,4.0248947,0.21593153476715088,0.380952388048172,0.13832752406597137
YNL192W,YDR364C,0,4.0246263,0.21578946709632874,0.380952388048172,0.13844366371631622
YKL038W,YBR222C,0,4.0245457,0.2156475931406021,0.380952388048172,0.13855981826782227
YGR282C,YFR036W,0,4.023868,0.215505912899971,0.380952388048172,0.13867595791816711
YOR159C,YCL018W,0,4.022659,0.21536441147327423,0.380952388048172,0.13879209756851196
YMR218C,YKL161C,0,4.019572,0.21522310376167297,0.380952388048172,0.138908252120018
YDL074C,YPL027W,0,4.0190997,0.21508195996284485,0.380952388048172,0.13902439177036285
YNL131W,YOR232W,1,4.0170374,0.21559633314609528,0.38211381435394287,0.13902439177036285
YNL131W,YHR005C-A,1,4.01618,0.2161100208759308,0.38327527046203613,0.13902439177036285
YNR074C,YDR195W,0,4.0132446,0.21596857905387878,0.38327527046203613,0.1391405314207077
YOL111C,YMR239C,0,4.01312,0.2158273309469223,0.38327527046203613,0.13925667107105255
YPL196W,YBR257W,0,4.0115423,0.21568627655506134,0.38327527046203613,0.1393728256225586
YLR312W-A,YJR053W,0,4.011006,0.2155454009771347,0.38327527046203613,0.13948896527290344
YAL038W,YLR309C,0,4.010213,0.2154047042131424,0.38327527046203613,0.1396051049232483
YMR203W,YEL030W,1,4.0101542,0.2159164994955063,0.384436696767807,0.1396051049232483
YPL082C,YPR006C,0,4.010119,0.2157757431268692,0.384436696767807,0.13972125947475433
YLL034C,YPL087W,0,4.0093985,0.21563518047332764,0.384436696767807,0.13983739912509918
YBR059C,YGR229C,0,4.0093884,0.2154947966337204,0.384436696767807,0.13995353877544403
YER103W,YBR118W,0,4.0082927,0.21535459160804749,0.384436696767807,0.14006969332695007
YLR390W,YNL290W,0,4.005408,0.2152145653963089,0.384436696767807,0.14018583297729492
YKL170W,YKL078W,0,4.0047884,0.21507471799850464,0.384436696767807,0.14030197262763977
YDL111C,YDL077C,0,4.0040894,0.2149350643157959,0.384436696767807,0.14041811227798462
YOL070C,YBR006W,0,4.0024505,0.21479558944702148,0.384436696767807,0.14053426682949066
YPL027W,YGL019W,0,4.002084,0.2146562933921814,0.384436696767807,0.1406504064798355
YNL044W,YOR298W,0,4.002037,0.21451717615127563,0.384436696767807,0.14076654613018036
YDR079W,YEL030W,1,4.0000873,0.2150259017944336,0.38559815287590027,0.14076654613018036
YLR165C,YLR353W,0,3.9983404,0.21488672494888306,0.38559815287590027,0.1408827006816864
YGL037C,YJL117W,0,3.9960206,0.21474774181842804,0.38559815287590027,0.14099884033203125
YDR419W,YOR377W,0,3.994899,0.21460892260074615,0.38559815287590027,0.1411149799823761
YOR142W,YBR287W,0,3.9926922,0.2144702821969986,0.38559815287590027,0.14123111963272095
YDR383C,YLR203C,0,3.9922588,0.21433182060718536,0.38559815287590027,0.141347274184227
YJL005W,YPL252C,0,3.9922569,0.21419355273246765,0.38559815287590027,0.14146341383457184
YIR018W,YKL166C,0,3.9889433,0.21405544877052307,0.38559815287590027,0.1415795534849167
YBR223C,YPL183W-A,0,3.9885225,0.21391752362251282,0.38559815287590027,0.14169570803642273
YBR059C,YMR269W,0,3.9872358,0.2137797772884369,0.38559815287590027,0.14181184768676758
YLR401C,YJR053W,0,3.9869225,0.2136422097682953,0.38559815287590027,0.14192798733711243
YNL121C,YPR133W-A,1,3.9864748,0.2141479104757309,0.38675957918167114,0.14192798733711243
YPR119W,YDR260C,0,3.9863338,0.21401028335094452,0.38675957918167114,0.14204414188861847
YPR144C,YNL052W,0,3.9846504,0.21387283504009247,0.38675957918167114,0.14216028153896332
YJL155C,YPL082C,0,3.9845455,0.21373556554317474,0.38675957918167114,0.14227642118930817
YLR380W,YJR101W,0,3.984121,0.21359845995903015,0.38675957918167114,0.14239256083965302
YPL134C,YDR416W,0,3.9836338,0.21346153318881989,0.38675957918167114,0.14250871539115906
YMR019W,YGR027C,0,3.9833496,0.21332478523254395,0.38675957918167114,0.1426248550415039
YGL162W,YGR113W,0,3.9832003,0.21318821609020233,0.38675957918167114,0.14274099469184875
YBR155W,YMR238W,0,3.9826057,0.21305182576179504,0.38675957918167114,0.1428571492433548
YGL158W,YDL061C,0,3.9814122,0.2129155993461609,0.38675957918167114,0.14297328889369965
YGR036C,YKL210W,0,3.9807942,0.21277955174446106,0.38675957918167114,0.1430894285440445
YDR454C,YMR228W,0,3.9777935,0.21264368295669556,0.38675957918167114,0.14320556819438934
YJR010W,YPR002W,0,3.976621,0.21250797808170319,0.38675957918167114,0.14332172274589539
YBR261C,YHR004C,0,3.976596,0.21237245202064514,0.38675957918167114,0.14343786239624023
YOL038W,YKR044W,0,3.9713347,0.21223708987236023,0.38675957918167114,0.14355400204658508
YBR202W,YLR359W,0,3.9712875,0.21210190653800964,0.38675957918167114,0.14367015659809113
YDL179W,YEL041W,0,3.9705026,0.21196690201759338,0.38675957918167114,0.14378629624843597
YNL085W,YNR057C,0,3.9699109,0.21183206140995026,0.38675957918167114,0.14390243589878082
YBR177C,YJL178C,0,3.9691007,0.21169739961624146,0.38675957918167114,0.14401859045028687
YDR518W,YOR226C,0,3.968736,0.2115629017353058,0.38675957918167114,0.1441347301006317
YOL054W,YNR044W,0,3.9684827,0.21142856776714325,0.38675957918167114,0.14425086975097656
YGR145W,YIR018W,0,3.967983,0.21129441261291504,0.38675957918167114,0.1443670094013214
YNL271C,YBR238C,0,3.9657815,0.21116043627262115,0.38675957918167114,0.14448316395282745
YJR055W,YMR273C,0,3.96576,0.2110266089439392,0.38675957918167114,0.1445993036031723
YOL086C,YMR269W,0,3.9655654,0.21089297533035278,0.38675957918167114,0.14471544325351715
YKL064W,YML056C,0,3.9647424,0.2107594907283783,0.38675957918167114,0.1448315978050232
YBR278W,YGL236C,0,3.9647298,0.21062618494033813,0.38675957918167114,0.14494773745536804
YMR054W,YPR043W,0,3.9644673,0.2104930430650711,0.38675957918167114,0.1450638771057129
YOR147W,YNL026W,1,3.961539,0.2109917849302292,0.3879210352897644,0.1450638771057129
YGR264C,YDR218C,0,3.9587653,0.21085858345031738,0.3879210352897644,0.14518001675605774
YDR196C,YNL110C,0,3.9570808,0.2107255458831787,0.3879210352897644,0.14529617130756378
YBR260C,YBR202W,0,3.956322,0.21059268712997437,0.3879210352897644,0.14541231095790863
YKL117W,YER165W,0,3.9556289,0.21045999228954315,0.3879210352897644,0.14552845060825348
YOL082W,YMR321C,0,3.955456,0.21032746136188507,0.3879210352897644,0.14564460515975952
YJR010W,YOR324C,0,3.9546099,0.21019509434700012,0.3879210352897644,0.14576074481010437
YDR453C,YOR292C,0,3.9533122,0.2100628912448883,0.3879210352897644,0.14587688446044922
YMR241W,YGR144W,1,3.9490821,0.2105593979358673,0.3890824615955353,0.14587688446044922
YLR244C,YJL130C,0,3.948638,0.21042713522911072,0.3890824615955353,0.14599302411079407
YDL029W,YDL107W,1,3.9464712,0.21092279255390167,0.39024388790130615,0.14599302411079407
YJR101W,YCR046C,0,3.9455235,0.2107904702425003,0.39024388790130615,0.1461091786623001
YIL108W,YJL004C,0,3.9451087,0.21065831184387207,0.39024388790130615,0.14622531831264496
YIL135C,YKL085W,0,3.94504,0.21052631735801697,0.39024388790130615,0.1463414579629898
YOL107W,YNR002C,0,3.943933,0.210394486784935,0.39024388790130615,0.14645761251449585
YDL198C,YJR034W,1,3.9438918,0.21088860929012299,0.3914053440093994,0.14645761251449585
YNL281W,YOR230W,0,3.943421,0.21075671911239624,0.3914053440093994,0.1465737521648407
YMR005W,YCR012W,0,3.9434135,0.21062499284744263,0.3914053440093994,0.14668989181518555
YNL044W,YCL025C,0,3.9412348,0.21049344539642334,0.3914053440093994,0.1468060463666916
YLR009W,YPR159W,0,3.9381835,0.210362046957016,0.3914053440093994,0.14692218601703644
YDL142C,YKL053C-A,1,3.9379163,0.2108546495437622,0.3925667703151703,0.14692218601703644
YOR159C,YDR411C,0,3.9378273,0.21072319149971008,0.3925667703151703,0.1470383256673813
YNL027W,YCR046C,0,3.9374335,0.2105918973684311,0.3925667703151703,0.14715446531772614
YPL150W,YPL110C,0,3.9373398,0.21046076714992523,0.3925667703151703,0.14727061986923218
YAL038W,YFL045C,0,3.9369078,0.2103298008441925,0.3925667703151703,0.14738675951957703
YJR127C,YOR274W,0,3.9367392,0.2101989984512329,0.3925667703151703,0.14750289916992188
YPL113C,YKR044W,0,3.9352655,0.21006835997104645,0.3925667703151703,0.14761905372142792
YCL036W,YBR129C,0,3.9350786,0.20993788540363312,0.3925667703151703,0.14773519337177277
YLR047C,YMR273C,0,3.9315646,0.20980757474899292,0.3925667703151703,0.14785133302211761
YMR089C,YNL079C,1,3.9314566,0.21029776334762573,0.39372822642326355,0.14785133302211761
YNL223W,YDR245W,0,3.9307654,0.21016739308834076,0.39372822642326355,0.14796747267246246
YPL098C,YDR470C,1,3.9307196,0.21065674722194672,0.3948896527290344,0.14796747267246246
YOL124C,YKR068C,0,3.9293811,0.21052631735801697,0.3948896527290344,0.1480836272239685
YBR042C,YKR006C,0,3.9278069,0.21039603650569916,0.3948896527290344,0.14819976687431335
YER098W,YDR429C,0,3.9267976,0.21026591956615448,0.3948896527290344,0.1483159065246582
YAL038W,YDL022W,0,3.926791,0.21013596653938293,0.3948896527290344,0.14843206107616425
YPR024W,YDR470C,1,3.925973,0.2106238454580307,0.3960511088371277,0.14843206107616425
YKR019C,YLR359W,0,3.9249496,0.21049383282661438,0.3960511088371277,0.1485482007265091
YGR105W,YJR053W,0,3.922056,0.21036396920681,0.3960511088371277,0.14866434037685394
YJL130C,YNR002C,0,3.9219196,0.21023428440093994,0.3960511088371277,0.14878049492835999
YDL142C,YNL026W,1,3.919926,0.21072088181972504,0.39721253514289856,0.14878049492835999
YGR281W,YJL200C,0,3.9182084,0.2105911374092102,0.39721253514289856,0.14889663457870483
YBR170C,YML036W,0,3.9179235,0.2104615420103073,0.39721253514289856,0.14901277422904968
YDR079W,YNL026W,1,3.9166703,0.21094711124897003,0.3983739912509918,0.14901277422904968
YGR177C,YLR187W,0,3.9149513,0.21081745624542236,0.3983739912509918,0.14912891387939453
YER154W,YEL030W,1,3.9135303,0.21130220592021942,0.3995354175567627,0.14912891387939453
YBR059C,YDL045C,0,3.9125555,0.21117249131202698,0.3995354175567627,0.14924506843090057
YGL236C,YMR078C,0,3.9116724,0.21104294061660767,0.3995354175567627,0.14936120808124542
YEL036C,YPL218W,0,3.9112568,0.2109135538339615,0.3995354175567627,0.14947734773159027
YEL070W,YBR243C,0,3.9105108,0.21078431606292725,0.3995354175567627,0.1495935022830963
YDR392W,YPR160W,0,3.9090521,0.21065524220466614,0.3995354175567627,0.14970964193344116
YIL006W,YCR046C,0,3.9072864,0.21052631735801697,0.3995354175567627,0.149825781583786
YJL005W,YLR312W-A,0,3.904542,0.21039755642414093,0.3995354175567627,0.14994192123413086
YHR005C-A,YPR083W,1,3.904236,0.21088019013404846,0.40069687366485596,0.14994192123413086
YGR010W,YCR002C,0,3.9039648,0.21075136959552765,0.40069687366485596,0.1500580757856369
YDL029W,YMR203W,1,3.901459,0.2112332135438919,0.40185829997062683,0.1500580757856369
YBR006W,YKR020W,0,3.9012444,0.21110433340072632,0.40185829997062683,0.15017421543598175
YLR028C,YPL274W,0,3.9005718,0.21097561717033386,0.40185829997062683,0.1502903550863266
YJR119C,YKR006C,0,3.9004064,0.21084704995155334,0.40185829997062683,0.15040650963783264
YMR089C,YDR470C,1,3.899206,0.21132764220237732,0.4030197560787201,0.15040650963783264
YOL082W,YMR304W,0,3.8987944,0.21119903028011322,0.4030197560787201,0.1505226492881775
YKL013C,YGR112W,1,3.8975215,0.21167883276939392,0.40418118238449097,0.1505226492881775
YNL079C,YER125W,1,3.8970864,0.21215805411338806,0.40534263849258423,0.1505226492881775
YLR203C,YDR518W,0,3.8970206,0.21202915906906128,0.40534263849258423,0.15063878893852234
YOL086C,YKL189W,0,3.8963325,0.21190042793750763,0.40534263849258423,0.15075494349002838
YHR156C,YMR193W,0,3.8950596,0.21177184581756592,0.40534263849258423,0.15087108314037323
YGL010W,YMR246W,0,3.8937638,0.21164342761039734,0.40534263849258423,0.15098722279071808
YBR287W,YBR115C,0,3.8921509,0.2115151584148407,0.40534263849258423,0.15110336244106293
YKL174C,YMR145C,0,3.891957,0.211387038230896,0.40534263849258423,0.15121951699256897
YMR182C,YHR066W,0,3.8900738,0.21125908195972443,0.40534263849258423,0.15133565664291382
YDL029W,YBR192W,1,3.8897262,0.21173623204231262,0.4065040647983551,0.15133565664291382
YOR145C,YCL018W,0,3.8890605,0.21160821616649628,0.4065040647983551,0.15145179629325867
YGL212W,YOL062C,0,3.8881464,0.21148036420345306,0.4065040647983551,0.1515679508447647
YHR156C,YOR313C,0,3.8879874,0.2113526612520218,0.4065040647983551,0.15168409049510956
YIL134W,YBR128C,0,3.8872602,0.21122510731220245,0.4065040647983551,0.1518002301454544
YCL057W,YLL027W,0,3.882809,0.21109770238399506,0.4065040647983551,0.15191636979579926
YGL236C,YBR037C,0,3.8823888,0.2109704613685608,0.4065040647983551,0.1520325243473053
YDL179W,YEL070W,0,3.8820875,0.21084336936473846,0.4065040647983551,0.15214866399765015
YGR251W,YDR262W,0,3.8817618,0.21071644127368927,0.4065040647983551,0.152264803647995
YAL017W,YOR038C,0,3.8812137,0.21058964729309082,0.4065040647983551,0.15238095819950104
YIL142W,YBR294W,0,3.8790376,0.2104630172252655,0.4065040647983551,0.1524970978498459
YDL036C,YJR053W,0,3.8788965,0.21033653616905212,0.4065040647983551,0.15261323750019073
YLR080W,YBL076C,0,3.8766208,0.21021020412445068,0.4065040647983551,0.15272937715053558
YML049C,YKL168C,0,3.8712626,0.21008403599262238,0.4065040647983551,0.15284553170204163
YBR155W,YLR329W,0,3.8697774,0.2099580019712448,0.4065040647983551,0.15296167135238647
YMR193W,YDR260C,0,3.8688824,0.20983213186264038,0.4065040647983551,0.15307781100273132
YJR057W,YKL201C,0,3.8682415,0.2097064107656479,0.4065040647983551,0.15319396555423737
YLR244C,YKL085W,0,3.8670697,0.20958083868026733,0.4065040647983551,0.15331010520458221
YBR066C,YOL165C,0,3.867034,0.20945541560649872,0.4065040647983551,0.15342624485492706
YKL210W,YMR213W,0,3.8636186,0.20933014154434204,0.4065040647983551,0.1535423994064331
YNL131W,YNL079C,1,3.8617668,0.2098027467727661,0.407665491104126,0.1535423994064331
YHR056C,YNR002C,0,3.8614402,0.20967741310596466,0.407665491104126,0.15365853905677795
YBR145W,YPR159W,0,3.861162,0.20955224335193634,0.407665491104126,0.1537746787071228
YIL108W,YLR300W,0,3.8592763,0.20942720770835876,0.407665491104126,0.15389081835746765
YDR137W,YKL082C,0,3.8585184,0.20930232107639313,0.407665491104126,0.1540069729089737
YPR024W,YDL029W,1,3.85779,0.20977354049682617,0.40882694721221924,0.1540069729089737
YBL041W,YGL014W,0,3.8572264,0.20964859426021576,0.40882694721221924,0.15412311255931854
YDR064W,YCL014W,0,3.8571281,0.20952381193637848,0.40882694721221924,0.1542392522096634
YMR049C,YHR074W,0,3.8555918,0.20939916372299194,0.40882694721221924,0.15435540676116943
YNL309W,YGL030W,0,3.8550003,0.20927467942237854,0.40882694721221924,0.15447154641151428
YOL141W,YMR136W,0,3.8520105,0.20915032923221588,0.40882694721221924,0.15458768606185913
YER154W,YGR112W,1,3.851895,0.20961995422840118,0.4099883735179901,0.15458768606185913
YMR038C,YHR051W,0,3.8515186,0.20949554443359375,0.4099883735179901,0.15470382571220398
YDL142C,YER154W,1,3.8481295,0.20996440947055817,0.4111498296260834,0.15470382571220398
YDL084W,YDL171C,0,3.8480706,0.20983995497226715,0.4111498296260834,0.15481998026371002
YBR155W,YGR239C,0,3.8480031,0.20971563458442688,0.4111498296260834,0.15493611991405487
YNR074C,YCL026C-B,0,3.8477213,0.20959147810935974,0.4111498296260834,0.15505225956439972
YLR359W,YFL023W,0,3.8475358,0.20946745574474335,0.4111498296260834,0.15516841411590576
YLR289W,YLR300W,0,3.8467155,0.2093435823917389,0.4111498296260834,0.1552845537662506
YDR059C,YEL036C,0,3.8465793,0.20921985805034637,0.4111498296260834,0.15540069341659546
YJR010W,YML128C,0,3.8453062,0.2090962827205658,0.4111498296260834,0.1555168479681015
YPL119C,YOR222W,0,3.8437493,0.20897284150123596,0.4111498296260834,0.15563298761844635
YHR164C,YMR136W,0,3.8434062,0.20884956419467926,0.4111498296260834,0.1557491272687912
YKL067W,YMR186W,0,3.8431957,0.2087264209985733,0.4111498296260834,0.15586526691913605
YDL045W-A,YOR008C,0,3.8429344,0.2086034119129181,0.4111498296260834,0.1559814214706421
YGR268C,YNL298W,0,3.842387,0.208480566740036,0.4111498296260834,0.15609756112098694
YLR404W,YKL210W,0,3.8415923,0.20835785567760468,0.4111498296260834,0.1562137007713318
YNL192W,YBL052C,0,3.8413985,0.20823529362678528,0.4111498296260834,0.15632985532283783
YKL096W-A,YOL040C,0,3.8411872,0.20811288058757782,0.4111498296260834,0.15644599497318268
YER050C,YLR316C,0,3.8404899,0.2079906016588211,0.4111498296260834,0.15656213462352753
YGR225W,YIL095W,0,3.8403773,0.20786847174167633,0.4111498296260834,0.15667827427387238
YJL005W,YMR238W,0,3.8403406,0.2077464759349823,0.4111498296260834,0.15679442882537842
YPL131W,YOR275C,0,3.8399582,0.2076246291399002,0.4111498296260834,0.15691056847572327
YKL038W,YOL054W,0,3.8392808,0.20750293135643005,0.4111498296260834,0.15702670812606812
YOL026C,YNL026W,1,3.8382702,0.20796719193458557,0.41231125593185425,0.15702670812606812
YJR057W,YGL026C,0,3.8374035,0.20784543454647064,0.41231125593185425,0.15714286267757416
YLR219W,YPR190C,0,3.8371994,0.20772381126880646,0.41231125593185425,0.157259002327919
YMR296C,YOR353C,0,3.8369157,0.2076023370027542,0.41231125593185425,0.15737514197826385
YDR196C,YCL018W,0,3.8369153,0.2074810117483139,0.41231125593185425,0.1574912965297699
YBR150C,YML132W,0,3.8359292,0.20735980570316315,0.41231125593185425,0.15760743618011475
YPL094C,YDR262W,0,3.8337405,0.20723876357078552,0.41231125593185425,0.1577235758304596
YCL018W,YDL078C,0,3.8334272,0.20711785554885864,0.41231125593185425,0.15783971548080444
YJR032W,YJR101W,0,3.8328414,0.2069970816373825,0.41231125593185425,0.15795587003231049
YOR237W,YGR105W,0,3.8315392,0.2068764567375183,0.41231125593185425,0.15807200968265533
YOR215C,YNR010W,0,3.8271015,0.20675596594810486,0.41231125593185425,0.15818814933300018
YJL166W,YMR097C,0,3.82338,0.20663562417030334,0.41231125593185425,0.15830430388450623
YER017C,YOL026C,1,3.823228,0.2070971429347992,0.4134727120399475,0.15830430388450623
YMR065W,YOR085W,0,3.8216937,0.2069767415523529,0.4134727120399475,0.15842044353485107
YPR024W,YJR034W,1,3.8213696,0.20743753015995026,0.4146341383457184,0.15842044353485107
YBR080C,YPL208W,0,3.8213081,0.2073170691728592,0.4146341383457184,0.15853658318519592
YNL282W,YNR028W,0,3.820644,0.20719675719738007,0.4146341383457184,0.15865272283554077
YKL205W,YLL061W,0,3.8184915,0.2070765644311905,0.4146341383457184,0.15876887738704681
YOR159C,YFR052W,0,3.8175066,0.20695652067661285,0.4146341383457184,0.15888501703739166
YJL034W,YMR200W,0,3.817249,0.20683661103248596,0.4146341383457184,0.1590011566877365
YDR144C,YGR281W,0,3.8159754,0.206716850399971,0.4146341383457184,0.15911731123924255
YHR004C,YER145C,0,3.8140588,0.2065972238779068,0.4146341383457184,0.1592334508895874
YNL073W,YAR031W,0,3.8138409,0.20647773146629333,0.4146341383457184,0.15934959053993225
YGR032W,YOL155C,0,3.810097,0.2063583880662918,0.4146341383457184,0.1594657301902771
YCL018W,YEL053C,0,3.8096032,0.20623916387557983,0.4146341383457184,0.15958188474178314
YOR147W,YNL079C,1,3.8094666,0.2066974639892578,0.41579559445381165,0.15958188474178314
YOL038W,YNL239W,0,3.8094652,0.20657819509506226,0.41579559445381165,0.159698024392128
YPL119C,YGL169W,0,3.8094304,0.20645906031131744,0.41579559445381165,0.15981416404247284
YER117W,YJR040W,0,3.8088498,0.20634005963802338,0.41579559445381165,0.15993031859397888
YBR195C,YHR002W,0,3.8079681,0.20622119307518005,0.41579559445381165,0.16004645824432373
YDR423C,YLR050C,0,3.806494,0.20610247552394867,0.41579559445381165,0.16016259789466858
YEL030W,YNL121C,1,3.8056843,0.20655927062034607,0.4169570207595825,0.16016259789466858
YGL172W,YGR246C,0,3.805083,0.20644047856330872,0.4169570207595825,0.16027875244617462
YER154W,YOR232W,1,3.8046868,0.2068965584039688,0.4181184768676758,0.16027875244617462
YGL112C,YDR262W,0,3.8045769,0.20677770674228668,0.4181184768676758,0.16039489209651947
YKL061W,YLR359W,0,3.8044121,0.20665901899337769,0.4181184768676758,0.16051103174686432
YAR027W,YLR285W,0,3.8042614,0.20654045045375824,0.4181184768676758,0.16062717139720917
YGR221C,YKR020W,0,3.8038988,0.20642201602458954,0.4181184768676758,0.1607433259487152
YJR004C,YJL194W,0,3.803769,0.20630373060703278,0.4181184768676758,0.16085946559906006
YGR177C,YKL189W,0,3.8033922,0.20618556439876556,0.4181184768676758,0.1609756052494049
YOR301W,YDR499W,0,3.8033102,0.2060675472021103,0.4181184768676758,0.16109175980091095
YPR113W,YDR211W,0,3.8025289,0.20594966411590576,0.4181184768676758,0.1612078994512558
YKL061W,YKL189W,0,3.8011777,0.20583190023899078,0.4181184768676758,0.16132403910160065
YDL217C,YJR034W,1,3.8004348,0.20628571510314941,0.41927990317344666,0.16132403910160065
YDR059C,YGR155W,0,3.8003478,0.20616790652275085,0.41927990317344666,0.1614401787519455
YOR298W,YCL025C,0,3.7984383,0.20605023205280304,0.41927990317344666,0.16155633330345154
YNL070W,YNR035C,1,3.7974148,0.20650313794612885,0.4204413592815399,0.16155633330345154
YBR081C,YPL134C,0,3.7969553,0.20638540387153625,0.4204413592815399,0.1616724729537964
YPL131W,YJL130C,0,3.7949812,0.2062678039073944,0.4204413592815399,0.16178861260414124
YDR079W,YOR232W,1,3.7921298,0.20671981573104858,0.4216027855873108,0.16178861260414124
YHR002W,YMR304W,0,3.7900693,0.20660215616226196,0.4216027855873108,0.16190476715564728
YLL051C,YNL283C,0,3.788656,0.20648464560508728,0.4216027855873108,0.16202090680599213
YBR247C,YCR026C,0,3.7877095,0.20636725425720215,0.4216027855873108,0.16213704645633698
YDR263C,YIR018W,0,3.787238,0.20624999701976776,0.4216027855873108,0.16225320100784302
YBL058W,YAL016W,0,3.7844636,0.20613287389278412,0.4216027855873108,0.16236934065818787
YBR067C,YLR300W,0,3.7837298,0.20601588487625122,0.4216027855873108,0.16248548030853271
YIR039C,YDL077C,0,3.7824326,0.20589902997016907,0.4216027855873108,0.16260161995887756
YIR018W,YDR081C,0,3.7804337,0.20578230917453766,0.4216027855873108,0.1627177745103836
YGL209W,YPL104W,0,3.7800395,0.205665722489357,0.4216027855873108,0.16283391416072845
YHR179W,YJL140W,0,3.7783105,0.20554926991462708,0.4216027855873108,0.1629500538110733
YLR157C,YFL045C,0,3.7775347,0.2054329365491867,0.4216027855873108,0.16306620836257935
YKL175W,YMR193W,0,3.7769964,0.20531673729419708,0.4216027855873108,0.1631823480129242
YOL102C,YJL155C,0,3.7769654,0.2052006721496582,0.4216027855873108,0.16329848766326904
YBR177C,YDR451C,0,3.7736022,0.20508474111557007,0.4216027855873108,0.1634146273136139
YDR411C,YGL170C,0,3.7728014,0.20496894419193268,0.4216027855873108,0.16353078186511993
YKL093W,YFL023W,0,3.7725909,0.20485326647758484,0.4216027855873108,0.16364692151546478
YKL013C,YNL026W,1,3.7717345,0.20530174672603607,0.42276424169540405,0.16364692151546478
YOR123C,YPR159W,0,3.7714365,0.20518602430820465,0.42276424169540405,0.16376306116580963
YLR350W,YPR138C,0,3.7698917,0.20507042109966278,0.42276424169540405,0.16387921571731567
YOR176W,YPR163C,0,3.7692904,0.20495495200157166,0.42276424169540405,0.16399535536766052
YDR530C,YFL014W,0,3.7678816,0.20483961701393127,0.42276424169540405,0.16411149501800537
YOR187W,YOR089C,0,3.7667115,0.20472441613674164,0.42276424169540405,0.1642276495695114
YIL094C,YDL035C,0,3.7653604,0.20460933446884155,0.42276424169540405,0.16434378921985626
YMR241W,YDR079W,1,3.7647498,0.20505617558956146,0.4239256680011749,0.16434378921985626
YNR017W,YPR133W-A,1,3.764674,0.20550252497196198,0.4250870943069458,0.16434378921985626
YKL144C,YDR173C,0,3.7643712,0.2053872048854828,0.4250870943069458,0.1644599288702011
YOL093W,YOR351C,0,3.7628298,0.20527201890945435,0.4250870943069458,0.16457606852054596
YOR323C,YBR294W,0,3.7625802,0.20515695214271545,0.4250870943069458,0.164692223072052
YNL052W,YEL056W,0,3.761921,0.2050420194864273,0.4250870943069458,0.16480836272239685
YJR021C,YBL098W,0,3.7613103,0.2049272060394287,0.4250870943069458,0.1649245023727417
YHR060W,YBR282W,0,3.7611897,0.20481254160404205,0.4250870943069458,0.16504065692424774
YLR009W,YBR128C,0,3.760693,0.20469798147678375,0.4250870943069458,0.1651567965745926
YKL117W,YOL052C,0,3.7552059,0.2045835703611374,0.4250870943069458,0.16527293622493744
YDR196C,YLR197W,0,3.7546647,0.20446927845478058,0.4250870943069458,0.1653890758752823
YLR029C,YLR316C,0,3.754615,0.20435510575771332,0.4250870943069458,0.16550523042678833
YDR254W,YNL302C,0,3.7530136,0.2042410671710968,0.4250870943069458,0.16562137007713318
YGR264C,YBR037C,0,3.752957,0.20412716269493103,0.4250870943069458,0.16573750972747803
YBR261C,YEL070W,0,3.751801,0.2040133774280548,0.4250870943069458,0.16585366427898407
YNL073W,YGR070W,0,3.7517881,0.20389972627162933,0.4250870943069458,0.16596980392932892
YBL041W,YKR066C,0,3.751698,0.2037861943244934,0.4250870943069458,0.16608594357967377
YGL162W,YOR148C,0,3.7513266,0.20367278158664703,0.4250870943069458,0.16620208323001862
YIL135C,YDR281C,0,3.7496946,0.2035595178604126,0.4250870943069458,0.16631823778152466
YPR035W,YDL083C,0,3.7482135,0.20344635844230652,0.4250870943069458,0.1664343774318695
YBR183W,YBR294W,0,3.7477365,0.20333333313465118,0.4250870943069458,0.16655051708221436
YEL030W,YPR133W-A,1,3.7471852,0.20377567410469055,0.42624855041503906,0.16655051708221436
YGL162W,YNR028W,0,3.747115,0.20366260409355164,0.42624855041503906,0.1666666716337204
YDR527W,YPL087W,0,3.7469733,0.20354963839054108,0.42624855041503906,0.16678281128406525
YAL060W,YGR105W,0,3.7464082,0.20343680679798126,0.42624855041503906,0.1668989509344101
YIR025W,YMR097C,0,3.7429478,0.203324094414711,0.42624855041503906,0.16701510548591614
YDL015C,YOL151W,0,3.7423103,0.20321151614189148,0.42624855041503906,0.167131245136261
YGR052W,YAL022C,0,3.7416341,0.2030990570783615,0.42624855041503906,0.16724738478660583
YNL095C,YKL067W,0,3.7397475,0.2029867321252823,0.42624855041503906,0.16736352443695068
YJR032W,YDR497C,0,3.7393744,0.20287451148033142,0.42624855041503906,0.16747967898845673
YBR052C,YDL097C,0,3.7378435,0.2027624249458313,0.42624855041503906,0.16759581863880157
YLR329W,YNL175C,0,3.737538,0.20265047252178192,0.42624855041503906,0.16771195828914642
YPR194C,YPR091C,0,3.7373817,0.2025386244058609,0.42624855041503906,0.16782811284065247
YKR066C,YHR057C,0,3.7369902,0.20242691040039062,0.42624855041503906,0.16794425249099731
YBR145W,YER090W,0,3.7366493,0.2023153305053711,0.42624855041503906,0.16806039214134216
YMR061W,YPL087W,0,3.734992,0.20220385491847992,0.42624855041503906,0.168176531791687
YDL028C,YPL099C,0,3.734605,0.2020925134420395,0.42624855041503906,0.16829268634319305
YAL039C,YLR164W,0,3.7345407,0.2019812911748886,0.42624855041503906,0.1684088259935379
YLR390W,YOR020C,0,3.7332013,0.20187018811702728,0.42624855041503906,0.16852496564388275
YOR142W,YLR213C,0,3.732219,0.2017592042684555,0.42624855041503906,0.1686411201953888
YKR028W,YJL082W,0,3.73083,0.20164835453033447,0.42624855041503906,0.16875725984573364
YDR207C,YJR103W,0,3.7295723,0.201537624001503,0.42624855041503906,0.1688733994960785
YDR254W,YBR243C,0,3.72914,0.20142699778079987,0.42624855041503906,0.16898955404758453
YMR250W,YGL071W,0,3.7267013,0.20131650567054749,0.42624855041503906,0.16910569369792938
YOR301W,YPR163C,0,3.7259648,0.20120614767074585,0.42624855041503906,0.16922183334827423
YBR196C,YDR064W,0,3.7258751,0.20109589397907257,0.42624855041503906,0.16933797299861908
YGR221C,YPL119C,0,3.7248409,0.20098575949668884,0.42624855041503906,0.16945412755012512
YPR006C,YLL012W,0,3.724698,0.20087575912475586,0.42624855041503906,0.16957026720046997
YPL240C,YLR209C,0,3.7230337,0.20076586306095123,0.42624855041503906,0.16968640685081482
YDL128W,YKL144C,0,3.7220695,0.20065610110759735,0.42624855041503906,0.16980256140232086
YNL131W,YDR470C,1,3.7204146,0.2010928988456726,0.42740997672080994,0.16980256140232086
YDL140C,YDR353W,0,3.7191992,0.20098306238651276,0.42740997672080994,0.1699187010526657
YJR010W,YNR015W,0,3.7172778,0.20087336003780365,0.42740997672080994,0.17003484070301056
YDL029W,YOR232W,1,3.7169235,0.20130932331085205,0.4285714328289032,0.17003484070301056
YPR083W,YPL098C,1,3.7158527,0.20174482464790344,0.4297328591346741,0.17003484070301056
YHR211W,YAL016W,0,3.7150376,0.20163488388061523,0.4297328591346741,0.1701509803533554
YPR167C,YNL258C,0,3.7148974,0.20152504742145538,0.4297328591346741,0.17026713490486145
YKL217W,YMR078C,0,3.714883,0.20141534507274628,0.4297328591346741,0.1703832745552063
YGR144W,YKL013C,1,3.7144973,0.2018498331308365,0.43089431524276733,0.1703832745552063
YLL019C,YER130C,0,3.7144651,0.2017400711774826,0.43089431524276733,0.17049941420555115
YOL038W,YPR001W,0,3.7130938,0.20163042843341827,0.43089431524276733,0.1706155687570572
YDL097C,YCL032W,0,3.712497,0.2015209197998047,0.43089431524276733,0.17073170840740204
YDR174W,YMR186W,0,3.711932,0.20141151547431946,0.43089431524276733,0.1708478480577469
YKL038W,YNL080C,0,3.7117157,0.20130223035812378,0.43089431524276733,0.17096400260925293
YLR447C,YHR164C,0,3.71047,0.20119306445121765,0.43089431524276733,0.17108014225959778
YOL129W,YJL176C,0,3.7104354,0.20108401775360107,0.43089431524276733,0.17119628190994263
YGL170C,YOR298W,0,3.7082243,0.20097507536411285,0.43089431524276733,0.17131242156028748
YMR241W,YPL098C,1,3.70774,0.20140768587589264,0.4320557415485382,0.17131242156028748
YPR191W,YBL011W,0,3.7047393,0.20129869878292084,0.4320557415485382,0.17142857611179352
YDR472W,YPL027W,0,3.7047365,0.2011898308992386,0.4320557415485382,0.17154471576213837
YHR041C,YLR359W,0,3.7045116,0.2010810822248459,0.4320557415485382,0.17166085541248322
YPR198W,YKL067W,0,3.7040014,0.20097245275974274,0.4320557415485382,0.17177700996398926
YLR005W,YLR344W,0,3.703626,0.20086392760276794,0.4320557415485382,0.1718931496143341
YAR002C-A,YMR194W,0,3.7035267,0.2007555365562439,0.4320557415485382,0.17200928926467896
YOL145C,YLR289W,0,3.7030466,0.2006472498178482,0.4320557415485382,0.1721254289150238
YLR395C,YLR270W,0,3.7011325,0.20053908228874207,0.4320557415485382,0.17224158346652985
YPL099C,YMR025W,0,3.700729,0.20043103396892548,0.4320557415485382,0.1723577231168747
YLR165C,YML052W,0,3.700042,0.20032310485839844,0.4320557415485382,0.17247386276721954
YBR072W,YCR012W,0,3.6999633,0.20021528005599976,0.4320557415485382,0.17259001731872559
YOR147W,YDR470C,1,3.6999526,0.20064550638198853,0.43321719765663147,0.17259001731872559
YOR145C,YMR020W,0,3.699716,0.20053763687610626,0.43321719765663147,0.17270615696907043
YOL145C,YBR222C,0,3.696534,0.20042987167835236,0.43321719765663147,0.17282229661941528
YMR019W,YDL202W,0,3.695124,0.2003222405910492,0.43321719765663147,0.17293843626976013
YPR001W,YER168C,0,3.6935053,0.2002147138118744,0.43321719765663147,0.17305459082126617
YDR131C,YOR230W,0,3.692933,0.20010729134082794,0.43321719765663147,0.17317073047161102
YGR177C,YNR006W,0,3.6920207,0.20000000298023224,0.43321719765663147,0.17328687012195587
YLR107W,YPR127W,0,3.6915421,0.1998928189277649,0.43321719765663147,0.17340302467346191
YCL036W,YNL095C,0,3.6908371,0.1997857540845871,0.43321719765663147,0.17351916432380676
YLR447C,YGL170C,0,3.6906328,0.19967879354953766,0.43321719765663147,0.1736353039741516
YJL187C,YJL128C,0,3.689564,0.19957196712493896,0.43321719765663147,0.17375145852565765
YER185W,YCR057C,0,3.689509,0.19946524500846863,0.43321719765663147,0.1738675981760025
YGL051W,YGL030W,0,3.6894026,0.19935862720012665,0.43321719765663147,0.17398373782634735
YLR395C,YLR028C,0,3.6868632,0.1992521435022354,0.43321719765663147,0.1740998774766922
YDR079W,YOR297C,1,3.685635,0.1996796578168869,0.43437862396240234,0.1740998774766922
YOR237W,YGL050W,0,3.6856153,0.1995730996131897,0.43437862396240234,0.17421603202819824
YOL026C,YDR470C,1,3.6848044,0.20000000298023224,0.4355400800704956,0.17421603202819824
YGL256W,YML006C,0,3.6838686,0.19989338517189026,0.4355400800704956,0.1743321716785431
YGR282C,YLR191W,0,3.683286,0.19978688657283783,0.4355400800704956,0.17444831132888794
YDR373W,YOR098C,0,3.681657,0.19968050718307495,0.4355400800704956,0.17456446588039398
YJR119C,YGL094C,0,3.6809971,0.19957424700260162,0.4355400800704956,0.17468060553073883
YEL022W,YJL085W,0,3.6790612,0.19946809113025665,0.4355400800704956,0.17479674518108368
YMR315W,YOR327C,0,3.6780732,0.19936203956604004,0.4355400800704956,0.17491288483142853
YMR203W,YBR192W,1,3.6776545,0.1997874528169632,0.4367015063762665,0.17491288483142853
YNL073W,YBR074W,0,3.6774395,0.199681356549263,0.4367015063762665,0.17502903938293457
YJL034W,YGL037C,0,3.6757603,0.19957536458969116,0.4367015063762665,0.17514517903327942
YPL163C,YDL045C,0,3.6753995,0.19946949183940887,0.4367015063762665,0.17526131868362427
YGR246C,YMR145C,0,3.673707,0.19936373829841614,0.4367015063762665,0.1753774732351303
YBR223C,YNL307C,0,3.672724,0.19925807416439056,0.4367015063762665,0.17549361288547516
YPR072W,YPR080W,0,3.6713548,0.19915254414081573,0.4367015063762665,0.17560975253582
YDR144C,YDR423C,0,3.6710405,0.19904711842536926,0.4367015063762665,0.17572590708732605
YGR010W,YKL003C,0,3.6695273,0.19894179701805115,0.4367015063762665,0.1758420467376709
YLR380W,YMR136W,0,3.6675675,0.19883659482002258,0.4367015063762665,0.17595818638801575
YPR182W,YBR059C,0,3.6666744,0.19873149693012238,0.4367015063762665,0.1760743260383606
YNL131W,YKL013C,1,3.6662552,0.1991547793149948,0.43786296248435974,0.1760743260383606
YDR457W,YCL004W,0,3.6654255,0.19904963672161102,0.43786296248435974,0.17619048058986664
YGR020C,YLR024C,0,3.664193,0.1989445984363556,0.43786296248435974,0.1763066202402115
YLR029C,YOR219C,0,3.6639743,0.19883966445922852,0.43786296248435974,0.17642275989055634
YGR167W,YCR052W,0,3.6628,0.198734849691391,0.43786296248435974,0.17653891444206238
YGL200C,YML073C,0,3.6596363,0.19863013923168182,0.43786296248435974,0.17665505409240723
YNL026W,YNL070W,1,3.6574523,0.1990521401166916,0.4390243887901306,0.17665505409240723
YGR268C,YNL290W,0,3.6564763,0.19894737005233765,0.4390243887901306,0.17677119374275208
YLL003W,YBR230C,0,3.6564343,0.19884271919727325,0.4390243887901306,0.17688733339309692
YLR103C,YNL284C,0,3.652517,0.19873817265033722,0.4390243887901306,0.17700348794460297
YMR227C,YBR230C,0,3.6518798,0.19863373041152954,0.4390243887901306,0.17711962759494781
YDR164C,YOR089C,0,3.651508,0.1985294073820114,0.4390243887901306,0.17723576724529266
YHR211W,YDL055C,0,3.6504579,0.19842520356178284,0.4390243887901306,0.1773519217967987
YJL166W,YJL178C,0,3.6497695,0.19832108914852142,0.4390243887901306,0.17746806144714355
YNL283C,YLR300W,0,3.6495087,0.19821709394454956,0.4390243887901306,0.1775842010974884
YPR137W,YLR329W,0,3.6490443,0.19811320304870605,0.4390243887901306,0.17770035564899445
YJR119C,YGL148W,0,3.6488292,0.1980094313621521,0.4390243887901306,0.1778164952993393
YHR132C,YML073C,0,3.6486187,0.1979057639837265,0.4390243887901306,0.17793263494968414
YDL197C,YOR324C,0,3.648372,0.19780220091342926,0.4390243887901306,0.178048774600029
YOR243C,YPR091C,0,3.6482346,0.19769874215126038,0.4390243887901306,0.17816492915153503
YGR112W,YDR470C,1,3.6467478,0.19811813533306122,0.4401858448982239,0.17816492915153503
YEL030W,YGR112W,1,3.6464977,0.19853709638118744,0.44134727120399475,0.17816492915153503
YBL041W,YLR187W,0,3.6457107,0.19843341410160065,0.44134727120399475,0.17828106880187988
YJL103C,YML036W,0,3.6422188,0.1983298510313034,0.44134727120399475,0.17839720845222473
YOR038C,YFL045C,0,3.641248,0.19822639226913452,0.44134727120399475,0.17851336300373077
YDL217C,YKL013C,1,3.6410065,0.19864441454410553,0.4425086975097656,0.17851336300373077
YKL007W,YGR084C,0,3.6404383,0.19854091107845306,0.4425086975097656,0.17862950265407562
YMR065W,YFR036W,0,3.6385899,0.19843749701976776,0.4425086975097656,0.17874564230442047
YDR218C,YIL133C,0,3.6362221,0.198334202170372,0.4425086975097656,0.17886178195476532
YJR057W,YPR006C,0,3.6358893,0.19823101162910461,0.4425086975097656,0.17897793650627136
YJL166W,YGL220W,0,3.6357787,0.19812792539596558,0.4425086975097656,0.1790940761566162
YNL302C,YER145C,0,3.6356313,0.1980249434709549,0.4425086975097656,0.17921021580696106
YGR052W,YKR057W,0,3.6336427,0.19792208075523376,0.4425086975097656,0.1793263703584671
YDL029W,YOR297C,1,3.632802,0.19833852350711823,0.4436701536178589,0.1793263703584671
YLR447C,YMR194W,0,3.6324184,0.19823560118675232,0.4436701536178589,0.17944251000881195
YNL085W,YNL230C,0,3.6308506,0.19813278317451477,0.4436701536178589,0.1795586496591568
YMR179W,YJL053W,0,3.6299367,0.19803006947040558,0.4436701536178589,0.17967478930950165
YEL030W,YOR232W,1,3.6294873,0.19844560325145721,0.44483157992362976,0.17967478930950165
YGR221C,YNL290W,0,3.6290283,0.19834282994270325,0.44483157992362976,0.1797909438610077
YLR043C,YDL045W-A,0,3.6270342,0.19824016094207764,0.44483157992362976,0.17990708351135254
YIL088C,YDL040C,0,3.6269112,0.19813761115074158,0.44483157992362976,0.1800232231616974
YOR377W,YHR109W,0,3.6259038,0.19803516566753387,0.44483157992362976,0.18013937771320343
YPR024W,YEL030W,1,3.6247919,0.19844961166381836,0.445993036031723,0.18013937771320343
YNL127W,YKL170W,0,3.6243858,0.19834710657596588,0.445993036031723,0.18025551736354828
YML052W,YDL070W,0,3.6237566,0.19824470579624176,0.445993036031723,0.18037165701389313
YPR125W,YKL053C-A,1,3.62354,0.19865840673446655,0.4471544623374939,0.18037165701389313
YKL206C,YMR239C,0,3.620853,0.19855596125125885,0.4471544623374939,0.18048781156539917
YOL145C,YGR221C,0,3.619695,0.1984536051750183,0.4471544623374939,0.18060395121574402
YKL161C,YBR230C,0,3.6192377,0.19835136830806732,0.4471544623374939,0.18072009086608887
YPL098C,YBR192W,1,3.6183336,0.1987641602754593,0.44831591844558716,0.18072009086608887
YPL240C,YMR240C,0,3.616166,0.19866186380386353,0.44831591844558716,0.18083623051643372
YNL304W,YGR112W,1,3.6155112,0.19907407462596893,0.44947734475135803,0.18083623051643372
YNL236W,YHR004C,0,3.6153567,0.1989717185497284,0.44947734475135803,0.18095238506793976
YPL163C,YHR082C,0,3.613782,0.1988694816827774,0.44947734475135803,0.1810685247182846
YIL088C,YFL001W,0,3.6126373,0.19876733422279358,0.44947734475135803,0.18118466436862946
YPL252C,YHR109W,0,3.6102011,0.1986652910709381,0.44947734475135803,0.1813008189201355
YGR180C,YAL033W,0,3.6090827,0.1985633671283722,0.44947734475135803,0.18141695857048035
YGR167W,YPR060C,0,3.6088219,0.19846153259277344,0.44947734475135803,0.1815330982208252
YOL124C,YFL033C,0,3.606984,0.19835981726646423,0.44947734475135803,0.18164923787117004
YAR002C-A,YMR295C,0,3.605899,0.1982581913471222,0.44947734475135803,0.1817653924226761
YKL119C,YMR008C,0,3.6047144,0.1981566846370697,0.44947734475135803,0.18188153207302094
YDR030C,YOL165C,0,3.6038196,0.19805526733398438,0.44947734475135803,0.18199767172336578
YDL217C,YOR232W,1,3.6021097,0.1984654664993286,0.4506388008594513,0.18199767172336578
YKL117W,YKR006C,0,3.6010158,0.1983640044927597,0.4506388008594513,0.18211382627487183
YMR203W,YNL304W,1,3.6004236,0.19877363741397858,0.45180022716522217,0.18211382627487183
YBL011W,YKL205W,0,3.5992625,0.1986721158027649,0.45180022716522217,0.18222996592521667
YPR024W,YOR147W,1,3.597135,0.1990811675786972,0.45296168327331543,0.18222996592521667
YOR216C,YBR287W,0,3.594523,0.19897958636283875,0.45296168327331543,0.18234610557556152
YJR119C,YBR223C,0,3.5944932,0.19887812435626984,0.45296168327331543,0.18246226012706757
YDL045W-A,YDL040C,0,3.5943825,0.1987767517566681,0.45296168327331543,0.18257839977741241
YPR119W,YJR053W,0,3.5942042,0.1986754983663559,0.45296168327331543,0.18269453942775726
YGR032W,YER115C,0,3.5894878,0.19857433438301086,0.45296168327331543,0.1828106790781021
YIL002C,YPR080W,0,3.5888965,0.19847328960895538,0.45296168327331543,0.18292683362960815
YNL232W,YNR018W,0,3.5885646,0.19837233424186707,0.45296168327331543,0.183042973279953
YER154W,YDL198C,1,3.5863879,0.1987798660993576,0.4541231095790863,0.183042973279953
YER013W,YOR212W,0,3.5861282,0.1986788660287857,0.4541231095790863,0.18315911293029785
YOR301W,YNL259C,0,3.5831578,0.19857795536518097,0.4541231095790863,0.1832752674818039
YLR380W,YDR410C,0,3.5824993,0.19847716391086578,0.4541231095790863,0.18339140713214874
YPR171W,YBR238C,0,3.5820644,0.19837646186351776,0.4541231095790863,0.1835075467824936
YPR200C,YNL016W,0,3.5811846,0.1982758641242981,0.4541231095790863,0.18362368643283844
YDR371W,YLR264W,0,3.580825,0.1981753706932068,0.4541231095790863,0.18373984098434448
YNL172W,YLR009W,0,3.5792713,0.19807498157024384,0.4541231095790863,0.18385598063468933
YLL002W,YGR052W,0,3.5774298,0.19797468185424805,0.4541231095790863,0.18397212028503418
YPR162C,YER150W,0,3.575085,0.1978745013475418,0.4541231095790863,0.18408827483654022
YDL217C,YPR133W-A,1,3.5750191,0.1982802152633667,0.45528456568717957,0.18408827483654022
YLL040C,YNL298W,0,3.5739443,0.19817997515201569,0.45528456568717957,0.18420441448688507
YGR144W,YER017C,1,3.5736187,0.1985851377248764,0.45644599199295044,0.18420441448688507
YJR151C,YPL139C,0,3.5736043,0.1984848529100418,0.45644599199295044,0.18432055413722992
YNR067C,YML056C,0,3.5713584,0.19838465750217438,0.45644599199295044,0.18443670868873596
YPR111W,YML132W,0,3.5706272,0.1982845664024353,0.45644599199295044,0.1845528483390808
YOL101C,YOR311C,0,3.5678873,0.1981845647096634,0.45644599199295044,0.18466898798942566
YOL057W,YEL036C,0,3.566282,0.19808468222618103,0.45644599199295044,0.1847851276397705
YKL013C,YOR232W,1,3.5643399,0.19848866760730743,0.4576074481010437,0.1847851276397705
YNL079C,YMR203W,1,3.5637527,0.1988922506570816,0.4587688744068146,0.1847851276397705
YML051W,YJR119C,0,3.5635183,0.19879214465618134,0.4587688744068146,0.18490128219127655
YER165W,YOR226C,0,3.562856,0.19869215786457062,0.4587688744068146,0.1850174218416214
YOR084W,YLR228C,0,3.5602803,0.19859226047992706,0.4587688744068146,0.18513356149196625
YDR285W,YMR200W,0,3.5601795,0.19849246740341187,0.4587688744068146,0.1852497160434723
YGR177C,YNL335W,0,3.5600178,0.19839276373386383,0.4587688744068146,0.18536585569381714
YGR144W,YBR192W,1,3.559614,0.19879518449306488,0.45993030071258545,0.18536585569381714
YER151C,YPL096W,0,3.5593212,0.19869543612003326,0.45993030071258545,0.185481995344162
YDL171C,YJL024C,0,3.5578067,0.19859579205513,0.45993030071258545,0.18559813499450684
YDL028C,YFL017W-A,0,3.5567849,0.1984962373971939,0.45993030071258545,0.18571428954601288
YGL113W,YMR304W,0,3.5558116,0.19839678704738617,0.45993030071258545,0.18583042919635773
YPR191W,YML109W,0,3.5556579,0.1982974410057068,0.45993030071258545,0.18594656884670258
YDL029W,YER017C,1,3.5552828,0.19869869947433472,0.4610917568206787,0.18594656884670258
YOR025W,YNR060W,0,3.5537689,0.19859929382801056,0.4610917568206787,0.18606272339820862
YJR070C,YGL010W,0,3.5524728,0.19850000739097595,0.4610917568206787,0.18617886304855347
YCR093W,YEL029C,0,3.5504534,0.19840079545974731,0.4610917568206787,0.18629500269889832
YEL031W,YNL138W,0,3.549092,0.19830170273780823,0.4610917568206787,0.18641115725040436
YPL131W,YMR033W,0,3.5458894,0.1982026994228363,0.4610917568206787,0.1865272969007492
YER046W,YLR050C,0,3.545657,0.19810378551483154,0.4610917568206787,0.18664343655109406
YOR206W,YDR076W,0,3.544833,0.19800499081611633,0.4610917568206787,0.1867595762014389
YNR031C,YPL163C,0,3.5435867,0.1979062855243683,0.4610917568206787,0.18687573075294495
YJL112W,YOR232W,1,3.543093,0.19830593466758728,0.4622531831264496,0.18687573075294495
YNL044W,YGL004C,0,3.542096,0.19820716977119446,0.4622531831264496,0.1869918704032898
YMR276W,YDR218C,0,3.5405068,0.19810850918293,0.4622531831264496,0.18710801005363464
YLR291C,YOR377W,0,3.5394332,0.19800995290279388,0.4622531831264496,0.18722416460514069
YMR117C,YLR029C,0,3.5389018,0.19791148602962494,0.4622531831264496,0.18734030425548553
YDL036C,YML132W,0,3.5377471,0.19781312346458435,0.4622531831264496,0.18745644390583038
YMR193W,YER052C,0,3.5358875,0.19771485030651093,0.4622531831264496,0.18757258355617523
YNL079C,YLR163C,1,3.5340714,0.19811320304870605,0.46341463923454285,0.18757258355617523
YOR176W,YMR308C,0,3.5326965,0.19801488518714905,0.46341463923454285,0.18768873810768127
YIL020C,YNL239W,0,3.532676,0.1979166716337204,0.46341463923454285,0.18780487775802612
YKL174C,YBR155W,0,3.5301893,0.1978185474872589,0.46341463923454285,0.18792101740837097
YGR229C,YDL128W,0,3.5296717,0.1977205127477646,0.46341463923454285,0.18803717195987701
YMR269W,YOR377W,0,3.5291378,0.19762258231639862,0.46341463923454285,0.18815331161022186
YBR020W,YOR204W,0,3.5280783,0.197524756193161,0.46341463923454285,0.1882694512605667
YEL040W,YMR159C,0,3.527325,0.19742701947689056,0.46341463923454285,0.18838559091091156
YLR314C,YOR204W,0,3.526838,0.19732937216758728,0.46341463923454285,0.1885017454624176
YLR047C,YOR239W,0,3.5262578,0.19723182916641235,0.46341463923454285,0.18861788511276245
YOL066C,YLR050C,0,3.5247355,0.19713439047336578,0.46341463923454285,0.1887340247631073
YGL170C,YNL223W,0,3.5238087,0.19703704118728638,0.46341463923454285,0.18885017931461334
YLR163C,YDR470C,1,3.5224934,0.19743336737155914,0.4645760655403137,0.18885017931461334
YNL052W,YJR112W,0,3.5194438,0.19733595848083496,0.4645760655403137,0.1889663189649582
YGL209W,YDL216C,0,3.515879,0.19723865389823914,0.4645760655403137,0.18908245861530304
YMR284W,YAL039C,0,3.5157125,0.19714145362377167,0.4645760655403137,0.18919861316680908
YOR159C,YML028W,0,3.5149357,0.19704432785511017,0.4645760655403137,0.18931475281715393
YLR165C,YFR018C,0,3.5147264,0.19694732129573822,0.4645760655403137,0.18943089246749878
YDR411C,YJL149W,0,3.5127566,0.19685038924217224,0.4645760655403137,0.18954703211784363
YML049C,YBL092W,0,3.512696,0.19675356149673462,0.4645760655403137,0.18966318666934967
YOR323C,YGL162W,0,3.5119376,0.19665683805942535,0.4645760655403137,0.18977932631969452
YNL147W,YDL083C,0,3.5105383,0.19656018912792206,0.4645760655403137,0.18989546597003937
YLR165C,YFL048C,0,3.5094972,0.1964636594057083,0.4645760655403137,0.1900116205215454
YBR031W,YOR311C,0,3.5089002,0.19636720418930054,0.4645760655403137,0.19012776017189026
YLL041C,YLR301W,0,3.5074403,0.19627085328102112,0.4645760655403137,0.1902438998222351
YMR087W,YFL048C,0,3.506841,0.19617459177970886,0.4645760655403137,0.19036003947257996
YLR163C,YPR133W-A,1,3.5064538,0.19656862318515778,0.465737521648407,0.19036003947257996
YDR499W,YDL054C,0,3.50584,0.19647231698036194,0.465737521648407,0.190476194024086
YDR090C,YBR093C,0,3.5048332,0.19637610018253326,0.465737521648407,0.19059233367443085
YGL170C,YJR101W,0,3.5027683,0.19627998769283295,0.465737521648407,0.1907084733247757
YFL038C,YGL060W,0,3.5025182,0.1961839497089386,0.465737521648407,0.19082462787628174
YPL042C,YPL050C,0,3.502093,0.1960880160331726,0.465737521648407,0.1909407675266266
YOR084W,YJR040W,0,3.5003448,0.19599218666553497,0.465737521648407,0.19105690717697144
YBR182C,YLL040C,0,3.4964774,0.1958964318037033,0.465737521648407,0.19117306172847748
YOR099W,YLL055W,0,3.496261,0.19580078125,0.465737521648407,0.19128920137882233
YCR093W,YBR170C,0,3.495674,0.19570522010326385,0.465737521648407,0.19140534102916718
YJR057W,YGL037C,0,3.495024,0.19560976326465607,0.465737521648407,0.19152148067951202
YFR021W,YPL104W,0,3.4891057,0.19551438093185425,0.465737521648407,0.19163763523101807
YLR160C,YMR267W,0,3.4874122,0.1954191029071808,0.465737521648407,0.19175377488136292
YIL095W,YPL188W,0,3.4871547,0.1953239142894745,0.465737521648407,0.19186991453170776
YER175C,YCR014C,0,3.48644,0.19522881507873535,0.465737521648407,0.1919860690832138
YLL003W,YGR105W,0,3.4859781,0.19513382017612457,0.465737521648407,0.19210220873355865
YLR264W,YOR261C,0,3.4846532,0.19503891468048096,0.465737521648407,0.1922183483839035
YCR060W,YOR162C,0,3.4837277,0.1949440985918045,0.465737521648407,0.19233448803424835
YHL034C,YNL182C,0,3.4835005,0.19484937191009521,0.465737521648407,0.1924506425857544
YDL107W,YNL070W,1,3.4829037,0.19524040818214417,0.46689894795417786,0.1924506425857544
YCL057W,YLR153C,0,3.4821637,0.1951456367969513,0.46689894795417786,0.19256678223609924
YEL062W,YDL208W,0,3.4810507,0.1950509399175644,0.46689894795417786,0.1926829218864441
YBR177C,YMR008C,0,3.4787745,0.19495634734630585,0.46689894795417786,0.19279907643795013
YJR004C,YOR206W,0,3.4786816,0.19486185908317566,0.46689894795417786,0.19291521608829498
YPR024W,YDL107W,1,3.4766645,0.1952519416809082,0.4680604040622711,0.19291521608829498
YLR113W,YLR024C,0,3.475201,0.19515737891197205,0.4680604040622711,0.19303135573863983
YDR296W,YEL030W,1,3.4748871,0.195546954870224,0.469221830368042,0.19303135573863983
YGL174W,YGR214W,0,3.4741013,0.19545234739780426,0.469221830368042,0.19314751029014587
YNL231C,YDR403W,0,3.474079,0.19535782933235168,0.469221830368042,0.19326364994049072
YGR288W,YJL130C,0,3.473564,0.19526341557502747,0.469221830368042,0.19337978959083557
YGL200C,YGR034W,0,3.4731154,0.19516907632350922,0.469221830368042,0.19349592924118042
YDL140C,YGL220W,0,3.4730475,0.19507484138011932,0.469221830368042,0.19361208379268646
YJR036C,YLR130C,0,3.472407,0.1949806958436966,0.469221830368042,0.1937282234430313
YMR049C,YGR258C,0,3.4721653,0.19488663971424103,0.469221830368042,0.19384436309337616
YJR010W,YPL104W,0,3.471071,0.19479267299175262,0.469221830368042,0.1939605176448822
YAR035W,YOR008C,0,3.4705002,0.19469879567623138,0.469221830368042,0.19407665729522705
YKR028W,YFR052W,0,3.4701145,0.1946050077676773,0.469221830368042,0.1941927969455719
YDR254W,YOR168W,0,3.4691465,0.1945113092660904,0.469221830368042,0.19430893659591675
YGR020C,YMR308C,0,3.4684508,0.19441771507263184,0.469221830368042,0.1944250911474228
YLR107W,YDL021W,0,3.4680924,0.19432419538497925,0.469221830368042,0.19454123079776764
YKL119C,YCL052C,0,3.46799,0.19423076510429382,0.469221830368042,0.1946573704481125
YPR035W,YOR138C,0,3.4670253,0.19413743913173676,0.469221830368042,0.19477352499961853
YHR211W,YNL138W,0,3.4664462,0.19404418766498566,0.469221830368042,0.19488966464996338
YER014C-A,YML036W,0,3.4660697,0.19395102560520172,0.469221830368042,0.19500580430030823
YPR144C,YBR096W,0,3.4660003,0.19385796785354614,0.469221830368042,0.19512194395065308
YGR221C,YOL082W,0,3.464897,0.19376498460769653,0.469221830368042,0.19523809850215912
YLL061W,YPR006C,0,3.4631774,0.19367210566997528,0.469221830368042,0.19535423815250397
YOR382W,YMR239C,0,3.4629498,0.19357930123806,0.469221830368042,0.19547037780284882
YFL010W-A,YDR496C,0,3.4625816,0.19348658621311188,0.469221830368042,0.19558653235435486
YDL029W,YDL198C,1,3.4617717,0.19387266039848328,0.47038328647613525,0.19558653235435486
YJL112W,YMR203W,1,3.4617248,0.19425837695598602,0.47154471278190613,0.19558653235435486
YLR105C,YML052W,0,3.4606066,0.19416546821594238,0.47154471278190613,0.1957026720046997
YOR237W,YMR173W,0,3.4596264,0.1940726637840271,0.47154471278190613,0.19581881165504456
YDL055C,YFL001W,0,3.4589436,0.19397993385791779,0.47154471278190613,0.1959349662065506
YHR132C,YEL070W,0,3.4569862,0.19388729333877563,0.47154471278190613,0.19605110585689545
YGR085C,YOL101C,0,3.4569042,0.19379474222660065,0.47154471278190613,0.1961672455072403
YMR301C,YLR348C,0,3.4566047,0.19370229542255402,0.47154471278190613,0.19628338515758514
YJR147W,YEL041W,0,3.4528353,0.19360992312431335,0.47154471278190613,0.1963995397090912
YOL004W,YKR044W,0,3.4521825,0.19351764023303986,0.47154471278190613,0.19651567935943604
YNR017W,YPR125W,1,3.4521718,0.19390185177326202,0.4727061688899994,0.19651567935943604
YIL142W,YMR025W,0,3.451628,0.19380952417850494,0.4727061688899994,0.19663181900978088
YJL166W,YKL007W,0,3.4506547,0.19371727108955383,0.4727061688899994,0.19674797356128693
YMR267W,YLR026C,0,3.4481204,0.19362512230873108,0.4727061688899994,0.19686411321163177
YAL040C,YPL096W,0,3.4477131,0.1935330480337143,0.4727061688899994,0.19698025286197662
YOR089C,YBL098W,0,3.4471788,0.19344106316566467,0.4727061688899994,0.19709639251232147
YOR311C,YOR340C,0,3.4463832,0.19334916770458221,0.4727061688899994,0.19721254706382751
YMR272C,YBR222C,0,3.4460747,0.19325736165046692,0.4727061688899994,0.19732868671417236
YNL302C,YBR276C,0,3.4453514,0.1931656450033188,0.4727061688899994,0.1974448263645172
YJL030W,YLR359W,0,3.445102,0.19307400286197662,0.4727061688899994,0.19756098091602325
YOR142W,YGL220W,0,3.4440227,0.19298245012760162,0.4727061688899994,0.1976771205663681
YPL218W,YCR026C,0,3.4439378,0.19289100170135498,0.4727061688899994,0.19779326021671295
YLR228C,YHR059W,0,3.443502,0.1927996277809143,0.4727061688899994,0.197909414768219
YMR203W,YDR470C,1,3.4432287,0.1931818127632141,0.47386759519577026,0.197909414768219
YGR032W,YPR060C,0,3.443209,0.19309039413928986,0.47386759519577026,0.19802555441856384
YNL027W,YJL144W,0,3.442499,0.19299905002117157,0.47386759519577026,0.1981416940689087
YIL128W,YER185W,0,3.4422085,0.19290779531002045,0.47386759519577026,0.19825783371925354
YBR275C,YBR120C,0,3.441929,0.1928166300058365,0.47386759519577026,0.19837398827075958
YNL307C,YOR327C,0,3.4417567,0.1927255541086197,0.47386759519577026,0.19849012792110443
YGR246C,YLR316C,0,3.4414575,0.19263456761837006,0.47386759519577026,0.19860626757144928
YDR285W,YDR195W,0,3.4400036,0.1925436556339264,0.47386759519577026,0.19872242212295532
YNR017W,YNL070W,1,3.4399233,0.19292452931404114,0.47502902150154114,0.19872242212295532
YBR177C,YOR148C,0,3.4389615,0.1928335726261139,0.47502902150154114,0.19883856177330017
YMR239C,YPL027W,0,3.4385421,0.19274269044399261,0.47502902150154114,0.19895470142364502
YFR021W,YLR009W,0,3.4378026,0.1926519125699997,0.47502902150154114,0.19907084107398987
YMR194W,YLR151C,0,3.4359093,0.19256120920181274,0.47502902150154114,0.1991869956254959
YNL026W,YJR034W,1,3.4346883,0.19294117391109467,0.4761904776096344,0.1991869956254959
YDR414C,YJR151C,0,3.43253,0.19285042583942413,0.4761904776096344,0.19930313527584076
YDR137W,YNL302C,0,3.4324586,0.19275975227355957,0.4761904776096344,0.1994192749261856
YDL029W,YPR083W,1,3.432308,0.19313909113407135,0.4773519039154053,0.1994192749261856
YPR198W,YLL040C,0,3.4322038,0.1930483728647232,0.4773519039154053,0.19953542947769165
YBR080C,YBR243C,0,3.4312904,0.19295774400234222,0.4773519039154053,0.1996515691280365
YMR228W,YDR226W,0,3.4301984,0.1928672045469284,0.4773519039154053,0.19976770877838135
YDR146C,YGR070W,0,3.4301083,0.19277673959732056,0.4773519039154053,0.1998838633298874
YLR390W,YPR043W,0,3.4300444,0.19268636405467987,0.4773519039154053,0.20000000298023224
YOR297C,YER017C,1,3.429708,0.19306467473506927,0.47851336002349854,0.20000000298023224
YDR195W,YMR200W,0,3.4260085,0.1929742395877838,0.47851336002349854,0.2001161426305771
YKL090W,YDL083C,0,3.426008,0.19288389384746552,0.47851336002349854,0.20023228228092194
YLL029W,YLR301W,0,3.424198,0.19279363751411438,0.47851336002349854,0.20034843683242798
YCL043C,YAL031C,0,3.4226182,0.1927034556865692,0.47851336002349854,0.20046457648277283
YOL090W,YMR099C,0,3.4208639,0.1926133781671524,0.47851336002349854,0.20058071613311768
YDL061C,YMR228W,0,3.420482,0.19252336025238037,0.47851336002349854,0.20069687068462372
YGL183C,YDL128W,0,3.4178004,0.1924334466457367,0.47851336002349854,0.20081301033496857
YEL037C,YPR159W,0,3.4175448,0.192343607544899,0.47851336002349854,0.20092914998531342
YMR238W,YBR128C,0,3.416889,0.19225384294986725,0.47851336002349854,0.20104528963565826
YAL063C,YLR129W,0,3.414181,0.19216418266296387,0.47851336002349854,0.2011614441871643
YPL094C,YLR394W,0,3.412408,0.19207459688186646,0.47851336002349854,0.20127758383750916
YNL026W,YKL053C-A,1,3.41109,0.19245107471942902,0.4796747863292694,0.20127758383750916
YGL050W,YBR052C,0,3.4091477,0.19236142933368683,0.4796747863292694,0.201393723487854
YPL213W,YGR027C,0,3.409146,0.192271888256073,0.4796747863292694,0.20150987803936005
YML097C,YBR145W,0,3.4073813,0.19218240678310394,0.4796747863292694,0.2016260176897049
YLR163C,YPR125W,1,3.4073122,0.1925581395626068,0.48083624243736267,0.2016260176897049
YJL060W,YMR321C,0,3.4069986,0.19246861338615417,0.48083624243736267,0.20174215734004974
YJR083C,YLR073C,0,3.4061143,0.1923791766166687,0.48083624243736267,0.2018582969903946
YNL232W,YER090W,0,3.4057136,0.1922898292541504,0.48083624243736267,0.20197445154190063
YPL240C,YPL007C,0,3.4055848,0.19220055639743805,0.48083624243736267,0.20209059119224548
YDR518W,YGL019W,0,3.4047825,0.19211137294769287,0.48083624243736267,0.20220673084259033
YJR119C,YDL054C,0,3.40426,0.19202226400375366,0.48083624243736267,0.20232288539409637
YLR394W,YBR037C,0,3.4033883,0.19193324446678162,0.48083624243736267,0.20243902504444122
YKL103C,YOR237W,0,3.401855,0.19184429943561554,0.48083624243736267,0.20255516469478607
YOR142W,YOL090W,0,3.400843,0.19175544381141663,0.48083624243736267,0.20267131924629211
YLR208W,YGR077C,0,3.4007695,0.19166666269302368,0.48083624243736267,0.20278745889663696
YBR238C,YDR508C,0,3.4006927,0.1915779709815979,0.48083624243736267,0.2029035985469818
YGR252W,YGL225W,0,3.400233,0.19148936867713928,0.48083624243736267,0.20301973819732666
YLR305C,YDL140C,0,3.3999403,0.19140082597732544,0.48083624243736267,0.2031358927488327
YMR054W,YDR472W,0,3.3988721,0.19131238758563995,0.48083624243736267,0.20325203239917755
YKL013C,YJR034W,1,3.398305,0.19168591499328613,0.48199766874313354,0.20325203239917755
YMR089C,YJL112W,1,3.3970592,0.19205909967422485,0.4831591248512268,0.20325203239917755
YGR281W,YMR300C,0,3.397014,0.19197046756744385,0.4831591248512268,0.2033681720495224
YPR002W,YKL022C,0,3.3967345,0.19188192486763,0.4831591248512268,0.20348432660102844
YAR002C-A,YJL060W,0,3.3965948,0.19179345667362213,0.4831591248512268,0.2036004662513733
YJR151C,YNL163C,0,3.3956544,0.19170506298542023,0.4831591248512268,0.20371660590171814
YMR284W,YML071C,0,3.3923957,0.19161677360534668,0.4831591248512268,0.203832745552063
YDR518W,YGL212W,0,3.3921437,0.1915285438299179,0.4831591248512268,0.20394890010356903
YJR004C,YEL062W,0,3.3918242,0.1914404034614563,0.4831591248512268,0.20406503975391388
YPR026W,YOR382W,0,3.3897905,0.19135235249996185,0.4831591248512268,0.20418117940425873
YJR006W,YMR143W,0,3.3894136,0.19126436114311218,0.4831591248512268,0.20429733395576477
YGR238C,YMR267W,0,3.3863852,0.19117647409439087,0.4831591248512268,0.20441347360610962
YMR039C,YBR067C,0,3.384971,0.19108866155147552,0.4831591248512268,0.20452961325645447
YOR147W,YNL131W,1,3.384425,0.19146005809307098,0.4843205511569977,0.20452961325645447
YOR323C,YIL006W,0,3.3835418,0.19137218594551086,0.4843205511569977,0.2046457678079605
YMR033W,YBR095C,0,3.382655,0.1912844032049179,0.4843205511569977,0.20476190745830536
YBR177C,YEL062W,0,3.3825314,0.19119669497013092,0.4843205511569977,0.2048780471086502
YHR029C,YJR133W,0,3.3795545,0.1911090761423111,0.4843205511569977,0.20499418675899506
YDR090C,YNL262W,0,3.3792856,0.19102153182029724,0.4843205511569977,0.2051103413105011
YLR300W,YMR273C,0,3.378731,0.19093406200408936,0.4843205511569977,0.20522648096084595
YDL054C,YPR060C,0,3.3779073,0.19084668159484863,0.4843205511569977,0.2053426206111908
YLL051C,YDL197C,0,3.3766935,0.19075937569141388,0.4843205511569977,0.20545877516269684
YML028W,YNR072W,0,3.3754184,0.1906721591949463,0.4843205511569977,0.2055749148130417
YKL119C,YKL117W,0,3.3738914,0.19058500230312347,0.4843205511569977,0.20569105446338654
YOL155C,YAL024C,0,3.3716338,0.19049794971942902,0.4843205511569977,0.20580719411373138
YLL041C,YJL024C,0,3.3709464,0.19041095674037933,0.4843205511569977,0.20592334866523743
YHR074W,YDR494W,0,3.3702505,0.19032405316829681,0.4843205511569977,0.20603948831558228
YJL060W,YFR033C,0,3.3699398,0.19023722410202026,0.4843205511569977,0.20615562796592712
YDR079W,YNR035C,1,3.368484,0.1906064748764038,0.48548200726509094,0.20615562796592712
YJL071W,YCL004W,0,3.3655,0.19051960110664368,0.48548200726509094,0.20627178251743317
YOL040C,YNL290W,0,3.3651233,0.19043280184268951,0.48548200726509094,0.20638792216777802
YGR288W,YMR273C,0,3.363295,0.19034607708454132,0.48548200726509094,0.20650406181812286
YDR512C,YNL010W,0,3.3631332,0.1902594417333603,0.48548200726509094,0.2066202163696289
YDR285W,YJR053W,0,3.3630207,0.19017288088798523,0.48548200726509094,0.20673635601997375
YDL054C,YJL124C,0,3.36162,0.19008640944957733,0.48548200726509094,0.2068524956703186
YOR071C,YLR105C,0,3.3615265,0.1899999976158142,0.48548200726509094,0.20696863532066345
YDL142C,YDL217C,1,3.3613808,0.19036801159381866,0.4866434335708618,0.20696863532066345
YPR060C,YBR173C,0,3.3595898,0.19028155505657196,0.4866434335708618,0.2070847898721695
YLR359W,YBR096W,0,3.3592565,0.19019518792629242,0.4866434335708618,0.20720092952251434
YDR419W,YOR355W,0,3.3588514,0.19010889530181885,0.4866434335708618,0.2073170691728592
YIL088C,YGR179C,0,3.3586638,0.19002267718315125,0.4866434335708618,0.20743322372436523
YOL141W,YCL052C,0,3.357783,0.1899365335702896,0.4866434335708618,0.20754936337471008
YIL061C,YGR177C,0,3.3577642,0.18985047936439514,0.4866434335708618,0.20766550302505493
YNL282W,YER130C,0,3.3570702,0.18976449966430664,0.4866434335708618,0.20778164267539978
YPL276W,YIL159W,0,3.35653,0.1896785944700241,0.4866434335708618,0.20789779722690582
YHR041C,YBR095C,0,3.355977,0.18959276378154755,0.4866434335708618,0.20801393687725067
YAR027W,YER171W,0,3.3558636,0.18950700759887695,0.4866434335708618,0.20813007652759552
YPR196W,YLL004W,0,3.3555062,0.18942134082317352,0.4866434335708618,0.20824623107910156
YNL131W,YJL112W,1,3.3553407,0.1897876113653183,0.4878048896789551,0.20824623107910156
YMR097C,YHR041C,0,3.3552935,0.1897018998861313,0.4878048896789551,0.2083623707294464
YHR074W,YLR113W,0,3.3547935,0.18961624801158905,0.4878048896789551,0.20847851037979126
YPL213W,YCL018W,0,3.3542573,0.18953068554401398,0.4878048896789551,0.2085946500301361
YDL097C,YDL077C,0,3.3536432,0.18944519758224487,0.4878048896789551,0.20871080458164215
YDL217C,YNR035C,1,3.3529274,0.1898106336593628,0.48896631598472595,0.20871080458164215
YDR411C,YKL103C,0,3.3526697,0.1897251009941101,0.48896631598472595,0.208826944231987
YGR288W,YMR034C,0,3.3515363,0.1896396428346634,0.48896631598472595,0.20894308388233185
YER074W,YKL094W,0,3.3506882,0.18955425918102264,0.48896631598472595,0.2090592384338379
YJL155C,YOR204W,0,3.3495967,0.18946895003318787,0.48896631598472595,0.20917537808418274
YOL043C,YOR338W,0,3.3462818,0.18938371539115906,0.48896631598472595,0.2092915177345276
YHR039C-A,YAL039C,0,3.3454647,0.18929855525493622,0.48896631598472595,0.20940767228603363
YMR182C,YOR304C-A,0,3.3451488,0.18921348452568054,0.48896631598472595,0.20952381193637848
YPL127C,YOR099W,0,3.3443258,0.18912848830223083,0.48896631598472595,0.20963995158672333
YDL029W,YNR035C,1,3.342894,0.1894925981760025,0.4901277720928192,0.20963995158672333
YDR496C,YMR075W,0,3.3426454,0.18940754234790802,0.4901277720928192,0.20975609123706818
YOL038W,YAL040C,0,3.3422005,0.1893225610256195,0.4901277720928192,0.20987224578857422
YHR005C-A,YOL026C,1,3.341926,0.1896861046552658,0.4912891983985901,0.20987224578857422
YHR005C-A,YNL070W,1,3.340925,0.19004930555820465,0.49245062470436096,0.20987224578857422
YOR297C,YGR112W,1,3.3400881,0.19041219353675842,0.4936120808124542,0.20987224578857422
YIL088C,YNL307C,0,3.3398612,0.19032691419124603,0.4936120808124542,0.20998838543891907
YAL060W,YGL244W,0,3.338942,0.1902417242527008,0.4936120808124542,0.21010452508926392
YKL171W,YIL095W,0,3.3388312,0.19015659391880035,0.4936120808124542,0.21022067964076996
YJL141C,YPL188W,0,3.3381379,0.19007155299186707,0.4936120808124542,0.2103368192911148
YLR113W,YNL239W,0,3.3378594,0.18998658657073975,0.4936120808124542,0.21045295894145966
YGL112C,YCL057W,0,3.33783,0.1899016946554184,0.4936120808124542,0.2105690985918045
YPL240C,YDR403W,0,3.3365452,0.18981687724590302,0.4936120808124542,0.21068525314331055
YLL051C,YJL140W,0,3.3364503,0.1897321492433548,0.4936120808124542,0.2108013927936554
YDL107W,YKR036C,1,3.3364227,0.19009371101856232,0.4947735071182251,0.2108013927936554
YNL223W,YGR222W,0,3.3361716,0.19000892341136932,0.4947735071182251,0.21091753244400024
YKL013C,YDL198C,1,3.3361123,0.19037003815174103,0.49593496322631836,0.21091753244400024
YDR079W,YNL079C,1,3.3349912,0.19073083996772766,0.49709638953208923,0.21091753244400024
YDL055C,YLR213C,0,3.334937,0.19064587354660034,0.49709638953208923,0.2110336869955063
YER050C,YDR076W,0,3.3335607,0.19056099653244019,0.49709638953208923,0.21114982664585114
YDR079W,YNL070W,1,3.332701,0.19092123210430145,0.4982578456401825,0.21114982664585114
YIL128W,YPL078C,0,3.332566,0.19083629548549652,0.4982578456401825,0.21126596629619598
YNL131W,YNR035C,1,3.3314087,0.19119608402252197,0.49941927194595337,0.21126596629619598
YPR113W,YBL079W,0,3.3307993,0.19111111760139465,0.49941927194595337,0.21138212084770203
YMR136W,YDL045C,0,3.3297513,0.1910262107849121,0.49941927194595337,0.21149826049804688
YJL140W,YGL259W,0,3.3293726,0.19094137847423553,0.49941927194595337,0.21161440014839172
YGR056W,YOR324C,0,3.3267512,0.19085663557052612,0.49941927194595337,0.21173053979873657
YNL261W,YDR403W,0,3.3256352,0.19077196717262268,0.49941927194595337,0.21184669435024261
YLR043C,YKL003C,0,3.3249261,0.190687358379364,0.49941927194595337,0.21196283400058746
YOL026C,YPL098C,1,3.3247588,0.1910461038351059,0.5005807280540466,0.21196283400058746
YPR167C,YKL103C,0,3.323804,0.19096145033836365,0.5005807280540466,0.2120789736509323
YKL119C,YOL062C,0,3.3235373,0.19087688624858856,0.5005807280540466,0.21219512820243835
YKL206C,YOR085W,0,3.3230882,0.19079238176345825,0.5005807280540466,0.2123112678527832
YMR038C,YMR296C,0,3.3229883,0.1907079666852951,0.5005807280540466,0.21242740750312805
YJL024C,YHR135C,0,3.322334,0.19062361121177673,0.5005807280540466,0.2125435471534729
YHR179W,YOR123C,0,3.3212092,0.19053934514522552,0.5005807280540466,0.21265970170497894
YDL054C,YMR210W,0,3.3203597,0.19045515358448029,0.5005807280540466,0.2127758413553238
YFR021W,YGL113W,0,3.3199909,0.19037102162837982,0.5005807280540466,0.21289198100566864
YLR203C,YIL083C,0,3.319821,0.19028697907924652,0.5005807280540466,0.21300813555717468
YKL041W,YIL048W,0,3.3196213,0.190202996134758,0.5005807280540466,0.21312427520751953
YNL052W,YKR028W,0,3.3184085,0.19011910259723663,0.5005807280540466,0.21324041485786438
YJL066C,YPL167C,0,3.3183193,0.19003526866436005,0.5005807280540466,0.21335656940937042
YNL223W,YPR060C,0,3.3178027,0.18995152413845062,0.5005807280540466,0.21347270905971527
YGR081C,YDL035C,0,3.3177223,0.18986783921718597,0.5005807280540466,0.21358884871006012
YGR288W,YGR285C,0,3.316431,0.1897842288017273,0.5005807280540466,0.21370498836040497
YMR295C,YPL218W,0,3.315054,0.18970070779323578,0.5005807280540466,0.213821142911911
YOR147W,YKL053C-A,1,3.3142753,0.1900571882724762,0.5017421841621399,0.213821142911911
YBR260C,YJL187C,0,3.3142724,0.1899736076593399,0.5017421841621399,0.21393728256225586
YKR057W,YPR198W,0,3.313953,0.18989011645317078,0.5017421841621399,0.2140534222126007
YMR136W,YJL213W,0,3.3138225,0.18980668485164642,0.5017421841621399,0.21416957676410675
YGR255C,YKL205W,0,3.3131447,0.18972331285476685,0.5017421841621399,0.2142857164144516
YAL060W,YJR119C,0,3.3119202,0.18964003026485443,0.5017421841621399,0.21440185606479645
YBR172C,YOR020C,0,3.310816,0.18955682218074799,0.5017421841621399,0.2145179957151413
YHR119W,YNL274C,0,3.3103158,0.1894736886024475,0.5017421841621399,0.21463415026664734
YGR010W,YOL101C,0,3.3097832,0.1893906146287918,0.5017421841621399,0.2147502899169922
YOL086C,YBR031W,0,3.3096614,0.18930763006210327,0.5017421841621399,0.21486642956733704
YER055C,YCL043C,0,3.3091438,0.1892247051000595,0.5017421841621399,0.21498258411884308
YPR137W,YOR008C,0,3.308655,0.18914185464382172,0.5017421841621399,0.21509872376918793
YJL130C,YER171W,0,3.3083184,0.1890590786933899,0.5017421841621399,0.21521486341953278
YHR164C,YHR079C,0,3.3075898,0.18897637724876404,0.5017421841621399,0.21533100306987762
YKL117W,YKL172W,0,3.3063881,0.18889375030994415,0.5017421841621399,0.21544715762138367
YKR057W,YML036W,0,3.3061006,0.18881118297576904,0.5017421841621399,0.21556329727172852
YOL010W,YBL028C,0,3.30574,0.1887287050485611,0.5017421841621399,0.21567943692207336
YJR151C,YGL226C-A,0,3.3031943,0.18864628672599792,0.5017421841621399,0.2157955914735794
YML032C,YNL138W,0,3.3028097,0.18856394290924072,0.5017421841621399,0.21591173112392426
YMR210W,YNL259C,0,3.3023136,0.1884816735982895,0.5017421841621399,0.2160278707742691
YBR278W,YGR077C,0,3.3016026,0.18839947879314423,0.5017421841621399,0.21614402532577515
YDR499W,YGR222W,0,3.3012085,0.18831734359264374,0.5017421841621399,0.21626016497612
YPL129W,YPR159W,0,3.3010957,0.1882352977991104,0.5017421841621399,0.21637630462646484
YLL033W,YLR224W,0,3.301082,0.18815331161022186,0.5017421841621399,0.2164924442768097
YNL079C,YHR005C-A,1,3.3009708,0.18850675225257874,0.5029035806655884,0.2164924442768097
YIL159W,YIL042C,0,3.3006191,0.1884247213602066,0.5029035806655884,0.21660859882831573
YER055C,YOR074C,0,3.3002696,0.18834276497364044,0.5029035806655884,0.21672473847866058
YGL212W,YER087W,0,3.29936,0.18826086819171906,0.5029035806655884,0.21684087812900543
YPL223C,YPL011C,0,3.2987878,0.18817904591560364,0.5029035806655884,0.21695703268051147
YOR147W,YDL198C,1,3.298747,0.18853171169757843,0.5040650367736816,0.21695703268051147
YDR064W,YNL297C,0,3.2980497,0.18844984471797943,0.5040650367736816,0.21707317233085632
YHR004C,YOL111C,0,3.2962291,0.1883680522441864,0.5040650367736816,0.21718931198120117
YPR024W,YNR035C,1,3.2958257,0.18872016668319702,0.5052264928817749,0.21718931198120117
YLR020C,YKL172W,0,3.2958205,0.1886383295059204,0.5052264928817749,0.21730545163154602
YHR060W,YMR238W,0,3.2950153,0.18855656683444977,0.5052264928817749,0.21742160618305206
YDL198C,YNL121C,1,3.2943497,0.1889081448316574,0.5063879489898682,0.21742160618305206
YPR191W,YDL054C,0,3.2936938,0.18882633745670319,0.5063879489898682,0.2175377458333969
YOR297C,YMR203W,1,3.2910528,0.1891774833202362,0.5075493454933167,0.2175377458333969
YPL064C,YNR057C,0,3.2905073,0.1890956312417984,0.5075493454933167,0.21765388548374176
YMR112C,YPL119C,0,3.290295,0.18901383876800537,0.5075493454933167,0.2177700400352478
YDR530C,YIL021W,0,3.2901435,0.1889321208000183,0.5075493454933167,0.21788617968559265
YDL202W,YDR164C,0,3.289499,0.18885047733783722,0.5075493454933167,0.2180023193359375
YOL145C,YPR135W,0,3.288298,0.1887688934803009,0.5075493454933167,0.21811847388744354
YJL034W,YER019C-A,0,3.287502,0.18868739902973175,0.5075493454933167,0.2182346135377884
YLR312W-A,YMR272C,0,3.2871678,0.18860594928264618,0.5075493454933167,0.21835075318813324
YBR026C,YOR285W,0,3.2857912,0.18852458894252777,0.5075493454933167,0.2184668928384781
YBR067C,YNR003C,0,3.2839735,0.18844328820705414,0.5075493454933167,0.21858304738998413
YDL217C,YER017C,1,3.2838132,0.1887931078672409,0.5087108016014099,0.21858304738998413
YJR010W,YCR060W,0,3.2834523,0.1887117624282837,0.5087108016014099,0.21869918704032898
YNR067C,YPR119W,0,3.2831142,0.18863049149513245,0.5087108016014099,0.21881532669067383
YJR021C,YAL038W,0,3.2818625,0.18854929506778717,0.5087108016014099,0.21893148124217987
YBR067C,YML036W,0,3.281723,0.18846815824508667,0.5087108016014099,0.21904762089252472
YLR305C,YBR067C,0,3.2811472,0.18838709592819214,0.5087108016014099,0.21916376054286957
YOR243C,YJL130C,0,3.278985,0.18830610811710358,0.5087108016014099,0.21927990019321442
YNL122C,YER130C,0,3.2786958,0.1882251799106598,0.5087108016014099,0.21939605474472046
YNL172W,YNL281W,0,3.2779796,0.18814432621002197,0.5087108016014099,0.2195121943950653
YKL186C,YOR020C,0,3.277928,0.18806354701519012,0.5087108016014099,0.21962833404541016
YGL226C-A,YOL054W,0,3.277512,0.18798282742500305,0.5087108016014099,0.2197444885969162
YCL008C,YJL071W,0,3.2769053,0.18790218234062195,0.5087108016014099,0.21986062824726105
YPL127C,YOR324C,0,3.2767458,0.18782161176204681,0.5087108016014099,0.2199767678976059
YKL170W,YIL083C,0,3.27673,0.18774110078811646,0.5087108016014099,0.22009292244911194
YJL103C,YGR246C,0,3.276671,0.18766066431999207,0.5087108016014099,0.2202090620994568
YCL018W,YPR137W,0,3.2764695,0.18758030235767365,0.5087108016014099,0.22032520174980164
YER154W,YPL098C,1,3.2763803,0.18792808055877686,0.5098722577095032,0.22032520174980164
YNL127W,YOL141W,0,3.2756174,0.18784767389297485,0.5098722577095032,0.22044134140014648
YKR006C,YDR109C,0,3.2737763,0.18776732683181763,0.5098722577095032,0.22055749595165253
YJR147W,YOR020C,0,3.2706344,0.18768703937530518,0.5098722577095032,0.22067363560199738
YER171W,YBR173C,0,3.270342,0.1876068413257599,0.5098722577095032,0.22078977525234222
YDL171C,YOR099W,0,3.269651,0.18752670288085938,0.5098722577095032,0.22090592980384827
YDR285W,YCR046C,0,3.269603,0.18744662404060364,0.5098722577095032,0.22102206945419312
YJR010W,YJL029C,0,3.2694762,0.18736661970615387,0.5098722577095032,0.22113820910453796
YDR449C,YOL111C,0,3.2694552,0.18728668987751007,0.5098722577095032,0.2212543487548828
YNL073W,YFL023W,0,3.2679303,0.18720681965351105,0.5098722577095032,0.22137050330638885
YJL112W,YGR112W,1,3.2667031,0.1875532865524292,0.5110336542129517,0.22137050330638885
YDL055C,YER145C,0,3.2655203,0.1874733716249466,0.5110336542129517,0.2214866429567337
YKL144C,YDR332W,0,3.2652895,0.18739353120326996,0.5110336542129517,0.22160278260707855
YOL111C,YGR229C,0,3.2649734,0.1873137503862381,0.5110336542129517,0.2217189371585846
YJL194W,YLR191W,0,3.2647982,0.1872340440750122,0.5110336542129517,0.22183507680892944
YNR067C,YGL060W,0,3.263551,0.1871543973684311,0.5110336542129517,0.2219512164592743
YER154W,YMR203W,1,3.2634065,0.1875,0.5121951103210449,0.2219512164592743
YBR155W,YOR299W,0,3.2631,0.1874203085899353,0.5121951103210449,0.22206735610961914
YOR283W,YJL155C,0,3.2626154,0.18734069168567657,0.5121951103210449,0.22218351066112518
YJR004C,YOL043C,0,3.2607129,0.18726114928722382,0.5121951103210449,0.22229965031147003
YPL127C,YLR165C,0,3.2597666,0.18718166649341583,0.5121951103210449,0.22241578996181488
YGR036C,YBR128C,0,3.2581513,0.18710224330425262,0.5121951103210449,0.22253194451332092
YLR289W,YKL210W,0,3.2575302,0.18702289462089539,0.5121951103210449,0.22264808416366577
YBR274W,YDL171C,0,3.2574198,0.18694362044334412,0.5121951103210449,0.22276422381401062
YKR036C,YNL026W,1,3.2563815,0.18728813529014587,0.5133565664291382,0.22276422381401062
YPR149W,YDR138W,0,3.2552347,0.18720881640911102,0.5133565664291382,0.22288037836551666
YML099C,YOL062C,0,3.2528346,0.18712955713272095,0.5133565664291382,0.2229965180158615
YLL003W,YDL045W-A,0,3.2526045,0.18705035746097565,0.5133565664291382,0.22311265766620636
YNL314W,YMR143W,0,3.2521565,0.18697123229503632,0.5133565664291382,0.2232287973165512
YOR274W,YMR193W,0,3.251498,0.18689218163490295,0.5133565664291382,0.22334495186805725
YOR187W,YFR036W,0,3.2504413,0.18681319057941437,0.5133565664291382,0.2234610915184021
YGR271W,YER074W,0,3.2501268,0.18673425912857056,0.5133565664291382,0.22357723116874695
YMR241W,YER017C,1,3.2493217,0.18707770109176636,0.5145180225372314,0.22357723116874695
YPL094C,YJL053W,0,3.248687,0.18699873983860016,0.5145180225372314,0.223693385720253
YDR512C,YGR221C,0,3.2478023,0.18691983819007874,0.5145180225372314,0.22380952537059784
YOL090W,YOL054W,0,3.246566,0.1868409961462021,0.5145180225372314,0.2239256650209427
YMR193W,YDL070W,0,3.2465641,0.1867622286081314,0.5145180225372314,0.22404180467128754
YJL112W,YOR297C,1,3.2460515,0.18710492551326752,0.5156794190406799,0.22404180467128754
YOL062C,YML132W,0,3.2458532,0.18702611327171326,0.5156794190406799,0.22415795922279358
YGR144W,YNL304W,1,3.2453716,0.18736842274665833,0.5168408751487732,0.22415795922279358
YDL121C,YGL062W,0,3.2438192,0.18728956580162048,0.5168408751487732,0.22427409887313843
YLL041C,YMR034C,0,3.2429488,0.18721076846122742,0.5168408751487732,0.22439023852348328
YML028W,YOR194C,0,3.2428367,0.18713204562664032,0.5168408751487732,0.22450639307498932
YKL013C,YPR083W,1,3.2426975,0.18747372925281525,0.5180023312568665,0.22450639307498932
YDR518W,YHR039C-A,0,3.242321,0.18739496171474457,0.5180023312568665,0.22462253272533417
YFL038C,YOR353C,0,3.2415981,0.18731625378131866,0.5180023312568665,0.22473867237567902
YBR202W,YOR038C,0,3.241172,0.18723762035369873,0.5180023312568665,0.22485482692718506
YPR191W,YKL022C,0,3.240523,0.18715904653072357,0.5180023312568665,0.2249709665775299
YJR151C,YDL055C,0,3.240388,0.1870805323123932,0.5180023312568665,0.22508710622787476
YOL045W,YJL029C,0,3.2403371,0.18700209259986877,0.5180023312568665,0.2252032458782196
YLR165C,YGR276C,0,3.2400665,0.18692372739315033,0.5180023312568665,0.22531940042972565
YLR289W,YNL259C,0,3.2399423,0.18684540688991547,0.5180023312568665,0.2254355400800705
YPL113C,YDR461W,0,3.239661,0.18676717579364777,0.5180023312568665,0.22555167973041534
YGR034W,YKR002W,0,3.2376864,0.18668898940086365,0.5180023312568665,0.2256678342819214
YIL139C,YDR059C,0,3.2357898,0.1866108775138855,0.5180023312568665,0.22578397393226624
YGL068W,YPR043W,0,3.2357187,0.18653282523155212,0.5180023312568665,0.22590011358261108
YDR414C,YMR173W,0,3.2356274,0.18645484745502472,0.5180023312568665,0.22601625323295593
YOR138C,YHR008C,0,3.2354023,0.1863769292831421,0.5180023312568665,0.22613240778446198
YDR405W,YLR359W,0,3.2350264,0.18629908561706543,0.5180023312568665,0.22624854743480682
YJR092W,YFL038C,0,3.2338257,0.18622130155563354,0.5180023312568665,0.22636468708515167
YLR203C,YGR134W,0,3.2333682,0.18614357709884644,0.5180023312568665,0.22648084163665771
YER185W,YMR136W,0,3.2326396,0.1860659122467041,0.5180023312568665,0.22659698128700256
YBR081C,YLL041C,0,3.2325447,0.18598832190036774,0.5180023312568665,0.2267131209373474
YLR244C,YPL110C,0,3.232289,0.18591079115867615,0.5180023312568665,0.22682927548885345
YDR076W,YCR012W,0,3.231738,0.18583333492279053,0.5180023312568665,0.2269454151391983
YKL190W,YNL290W,0,3.231684,0.18575593829154968,0.5180023312568665,0.22706155478954315
YMR112C,YCR057C,0,3.2307858,0.1856786012649536,0.5180023312568665,0.227177694439888
YGR144W,YOR297C,1,3.2305644,0.1860174834728241,0.5191637873649597,0.227177694439888
YMR112C,YDR076W,0,3.2304578,0.18594010174274445,0.5191637873649597,0.22729384899139404
YGR144W,YNL070W,1,3.2298641,0.1862785816192627,0.5203251838684082,0.22729384899139404
YGR085C,YLR213C,0,3.2292323,0.18620117008686066,0.5203251838684082,0.2274099886417389
YBR182C,YLR270W,0,3.229213,0.1861238032579422,0.5203251838684082,0.22752612829208374
YDR034C,YPR119W,0,3.2279582,0.1860465109348297,0.5203251838684082,0.22764228284358978
YPR026W,YOR294W,0,3.2275457,0.185969278216362,0.5203251838684082,0.22775842249393463
YKR066C,YHR174W,0,3.2275064,0.18589212000370026,0.5203251838684082,0.22787456214427948
YGR085C,YCL008C,0,3.2266543,0.1858150213956833,0.5203251838684082,0.22799070179462433
YBR196C,YLL003W,0,3.2265751,0.1857379823923111,0.5203251838684082,0.22810685634613037
YNR031C,YOR310C,0,3.2259943,0.18566100299358368,0.5203251838684082,0.22822299599647522
YGL010W,YKL210W,0,3.2249289,0.18558409810066223,0.5203251838684082,0.22833913564682007
YHR005C-A,YER017C,1,3.2245998,0.1859213262796402,0.5214866399765015,0.22833913564682007
YJL213W,YJL206C,0,3.2231634,0.18584437668323517,0.5214866399765015,0.2284552901983261
YPR196W,YPL112C,0,3.2216651,0.18576748669147491,0.5214866399765015,0.22857142984867096
YLR208W,YDL179W,0,3.2189133,0.18569065630435944,0.5214866399765015,0.2286875694990158
YLR026C,YLR050C,0,3.2181609,0.18561388552188873,0.5214866399765015,0.22880372405052185
YJR051W,YGR268C,0,3.2176793,0.185537189245224,0.5214866399765015,0.2289198637008667
YPL083C,YIR038C,0,3.217371,0.18546055257320404,0.5214866399765015,0.22903600335121155
YDR263C,YPL099C,0,3.2161944,0.18538397550582886,0.5214866399765015,0.2291521430015564
YHR005C-A,YBR192W,1,3.216072,0.18572017550468445,0.5226480960845947,0.2291521430015564
YIL134W,YAL017W,0,3.2157795,0.18564356863498688,0.5226480960845947,0.22926829755306244
YDL029W,YKL013C,1,3.2155094,0.18597938120365143,0.523809552192688,0.22926829755306244
YKL013C,YPR125W,1,3.2153134,0.1863149255514145,0.5249709486961365,0.22926829755306244
YDR240C,YOL151W,0,3.2145405,0.1862381547689438,0.5249709486961365,0.2293844372034073
YBL058W,YLR316C,0,3.21257,0.18616144359111786,0.5249709486961365,0.22950057685375214
YPL274W,YOL104C,0,3.2112625,0.1860848069190979,0.5249709486961365,0.22961673140525818
YGL183C,YBR093C,0,3.2112346,0.18600822985172272,0.5249709486961365,0.22973287105560303
YDR079W,YDR470C,1,3.209862,0.18634307384490967,0.5261324048042297,0.22973287105560303
YHR047C,YCR012W,0,3.2068157,0.1862664520740509,0.5261324048042297,0.22984901070594788
YMR241W,YKL013C,1,3.2066102,0.18660090863704681,0.527293860912323,0.22984901070594788
YER049W,YDR218C,0,3.2059047,0.18652424216270447,0.527293860912323,0.22996515035629272
YPR060C,YOL040C,0,3.2047563,0.1864476352930069,0.527293860912323,0.23008130490779877
YDL021W,YNR018W,0,3.203929,0.1863711029291153,0.527293860912323,0.23019744455814362
YDR353W,YMR210W,0,3.2035391,0.18629463016986847,0.527293860912323,0.23031358420848846
YER022W,YNL302C,0,3.2011352,0.18621821701526642,0.527293860912323,0.2304297387599945
YPR204W,YDR473C,0,3.201121,0.18614186346530914,0.527293860912323,0.23054587841033936
YOL026C,YGR112W,1,3.2007022,0.18647541105747223,0.5284552574157715,0.23054587841033936
YDR453C,YOR298W,0,3.2006013,0.18639901280403137,0.5284552574157715,0.2306620180606842
YDR296W,YOL026C,1,3.2000701,0.1867321878671646,0.5296167135238647,0.2306620180606842
YDL140C,YJR031C,0,3.200002,0.18665574491024017,0.5296167135238647,0.23077815771102905
YJR127C,YDR026C,0,3.1996188,0.1865793764591217,0.5296167135238647,0.2308943122625351
YNL309W,YIL035C,0,3.1994965,0.186503067612648,0.5296167135238647,0.23101045191287994
YMR020W,YOL158C,0,3.19926,0.1864268183708191,0.5296167135238647,0.2311265915632248
YLL041C,YDL021W,0,3.1981895,0.18635062873363495,0.5296167135238647,0.23124274611473083
YLR183C,YGL244W,0,3.1979835,0.18627451360225677,0.5296167135238647,0.23135888576507568
YDR518W,YPR001W,0,3.1979144,0.18619844317436218,0.5296167135238647,0.23147502541542053
YPL180W,YOL052C,0,3.196903,0.18612244725227356,0.5296167135238647,0.23159117996692657
YPL082C,YNR015W,0,3.1965077,0.1860465109348297,0.5296167135238647,0.23170731961727142
YDL054C,YDR062W,0,3.1950815,0.18597063422203064,0.5296167135238647,0.23182345926761627
YMR194W,YBR281C,0,3.1933796,0.18589481711387634,0.5296167135238647,0.23193959891796112
YPL252C,YGR105W,0,3.193039,0.18581907451152802,0.5296167135238647,0.23205575346946716
YJR004C,YKL206C,0,3.192613,0.18574337661266327,0.5296167135238647,0.232171893119812
YPL151C,YGR264C,0,3.1920893,0.1856677532196045,0.5296167135238647,0.23228803277015686
YHR209W,YMR065W,0,3.1905,0.1855921894311905,0.5296167135238647,0.2324041873216629
YAL063C,YBR145W,0,3.1904519,0.18551668524742126,0.5296167135238647,0.23252032697200775
YBR294W,YBR115C,0,3.1904097,0.18544124066829681,0.5296167135238647,0.2326364666223526
YMR241W,YNL026W,1,3.1897821,0.1857723593711853,0.530778169631958,0.2326364666223526
YNL238W,YER074W,0,3.1848683,0.18569687008857727,0.530778169631958,0.23275260627269745
YNL044W,YHR119W,0,3.1843936,0.185621440410614,0.530778169631958,0.2328687608242035
YLR289W,YDR090C,0,3.1841419,0.18554608523845673,0.530778169631958,0.23298490047454834
YKL007W,YDR260C,0,3.183843,0.18547077476978302,0.530778169631958,0.2331010401248932
YLR020C,YHR039C-A,0,3.1824412,0.18539553880691528,0.530778169631958,0.23321719467639923
YNL016W,YHR109W,0,3.1821496,0.18532036244869232,0.530778169631958,0.23333333432674408
YNR002C,YLR050C,0,3.1820393,0.18524523079395294,0.530778169631958,0.23344947397708893
YPR024W,YNL079C,1,3.1811402,0.18557536602020264,0.5319396257400513,0.23344947397708893
YJL079C,YLL033W,0,3.180505,0.18550020456314087,0.5319396257400513,0.23356562852859497
YGR246C,YPL065W,0,3.1804752,0.18542510271072388,0.5319396257400513,0.23368176817893982
YLR043C,YNR003C,0,3.1800647,0.18535006046295166,0.5319396257400513,0.23379790782928467
YPL110C,YGR095C,0,3.1799195,0.18527507781982422,0.5319396257400513,0.23391404747962952
YMR319C,YNL092W,0,3.1797416,0.18520015478134155,0.5319396257400513,0.23403020203113556
YGL237C,YNL080C,0,3.1759543,0.18512530624866486,0.5319396257400513,0.2341463416814804
YLR300W,YKL189W,0,3.1753514,0.18505050241947174,0.5319396257400513,0.23426248133182526
YDR472W,YNR002C,0,3.1746128,0.1849757730960846,0.5319396257400513,0.2343786358833313
YMR061W,YKL067W,0,3.1741912,0.18490108847618103,0.5319396257400513,0.23449477553367615
YPL213W,YNR044W,0,3.1715276,0.18482647836208344,0.5319396257400513,0.234610915184021
YMR315W,YKL038W,0,3.1709356,0.18475191295146942,0.5319396257400513,0.23472705483436584
YGR085C,YGR199W,0,3.1699002,0.18467742204666138,0.5319396257400513,0.2348432093858719
YBL052C,YOR085W,0,3.1697285,0.18460297584533691,0.5319396257400513,0.23495934903621674
YNL079C,YNL070W,1,3.168225,0.18493150174617767,0.5331010222434998,0.23495934903621674
YOR168W,YOR382W,0,3.1675198,0.18485702574253082,0.5331010222434998,0.23507548868656158
YML058W-A,YPL223C,0,3.16696,0.18478260934352875,0.5331010222434998,0.23519164323806763
YDL171C,YBR042C,0,3.1656182,0.18470825254917145,0.5331010222434998,0.23530778288841248
YOR020C,YOL108C,0,3.1655238,0.18463395535945892,0.5331010222434998,0.23542392253875732
YLR244C,YER098W,0,3.163282,0.18455971777439117,0.5331010222434998,0.23554007709026337
YDL059C,YPL027W,0,3.1631148,0.184485524892807,0.5331010222434998,0.23565621674060822
YDR527W,YGR072W,0,3.160826,0.1844114065170288,0.5331010222434998,0.23577235639095306
YHR061C,YBL089W,0,3.1599593,0.18433734774589539,0.5331010222434998,0.2358884960412979
YMR008C,YBR129C,0,3.1597965,0.18426334857940674,0.5331010222434998,0.23600465059280396
YMR089C,YER017C,1,3.1590676,0.18459069728851318,0.534262478351593,0.23600465059280396
YPR196W,YNL160W,0,3.1579762,0.18451665341854095,0.534262478351593,0.2361207902431488
YOR313C,YLR042C,0,3.1577814,0.1844426691532135,0.534262478351593,0.23623692989349365
YFL033C,YHR135C,0,3.1570685,0.18436874449253082,0.534262478351593,0.2363530844449997
YGL237C,YPL252C,0,3.1566794,0.18429486453533173,0.534262478351593,0.23646922409534454
YKR054C,YMR099C,0,3.155657,0.1842210590839386,0.534262478351593,0.2365853637456894
YHR060W,YCR046C,0,3.1556196,0.18414731323719025,0.534262478351593,0.23670150339603424
YOR301W,YMR159C,0,3.1553798,0.18407362699508667,0.534262478351593,0.23681765794754028
YNL236W,YBL034C,0,3.1532075,0.18400000035762787,0.534262478351593,0.23693379759788513
YLR163C,YBR192W,1,3.1524837,0.18432627618312836,0.5354239344596863,0.23693379759788513
YNL271C,YLR295C,0,3.1517472,0.18425260484218597,0.5354239344596863,0.23704993724822998
YBR125C,YDR496C,0,3.1517196,0.18417897820472717,0.5354239344596863,0.23716609179973602
YCR060W,YBR223C,0,3.151252,0.18410542607307434,0.5354239344596863,0.23728223145008087
YIL079C,YDL035C,0,3.1493704,0.18403193354606628,0.5354239344596863,0.23739837110042572
YMR321C,YCR002C,0,3.1484036,0.183958500623703,0.5354239344596863,0.23751451075077057
YKL013C,YNL070W,1,3.1472764,0.1842840015888214,0.5365853905677795,0.23751451075077057
YPL134C,YNR018W,0,3.1468291,0.18421052396297455,0.5365853905677795,0.2376306653022766
YFR045W,YOR294W,0,3.1460192,0.18413710594177246,0.5365853905677795,0.23774680495262146
YKL124W,YPL096W,0,3.1452675,0.18406374752521515,0.5365853905677795,0.2378629446029663
YFR021W,YNL147W,0,3.1451533,0.1839904487133026,0.5365853905677795,0.23797909915447235
YPR111W,YNR002C,0,3.1449647,0.18391719460487366,0.5365853905677795,0.2380952388048172
YKL180W,YKR068C,0,3.143643,0.18384401500225067,0.5365853905677795,0.23821137845516205
YEL022W,YJL053W,0,3.1436265,0.18377088010311127,0.5365853905677795,0.2383275330066681
YPL127C,YMR213W,0,3.1427531,0.18369781970977783,0.5365853905677795,0.23844367265701294
YGR144W,YDL217C,1,3.1419249,0.18402226269245148,0.537746787071228,0.23844367265701294
YPL188W,YPR138C,0,3.1411061,0.18394914269447327,0.537746787071228,0.2385598123073578
YKR006C,YGR134W,0,3.1408894,0.18387609720230103,0.537746787071228,0.23867595195770264
YPR080W,YLL004W,0,3.1408212,0.18380309641361237,0.537746787071228,0.23879210650920868
YPR190C,YNL052W,0,3.1400201,0.18373015522956848,0.537746787071228,0.23890824615955353
YMR300C,YER190W,0,3.1399376,0.18365727365016937,0.537746787071228,0.23902438580989838
YPL274W,YOL101C,0,3.1395738,0.18358445167541504,0.537746787071228,0.23914054036140442
YJL141C,YGR134W,0,3.1392517,0.18351168930530548,0.537746787071228,0.23925668001174927
YML058W-A,YLL008W,0,3.1388552,0.1834389865398407,0.537746787071228,0.23937281966209412
YBR223C,YCL032W,0,3.137764,0.1833663433790207,0.537746787071228,0.23948895931243896
YMR097C,YOL155C,0,3.1370976,0.18329374492168427,0.537746787071228,0.239605113863945
YIL142W,YPR030W,0,3.1364186,0.18322120606899261,0.537746787071228,0.23972125351428986
YDR296W,YNL079C,1,3.134653,0.1835443079471588,0.5389082431793213,0.23972125351428986
YGR144W,YDL029W,1,3.1343224,0.18386714160442352,0.5400696992874146,0.23972125351428986
YBL079W,YMR304W,0,3.1335998,0.18379446864128113,0.5400696992874146,0.2398373931646347
YER154W,YNL121C,1,3.1321247,0.18411694467067719,0.5412311553955078,0.2398373931646347
YML028W,YPL244C,0,3.131911,0.1840442270040512,0.5412311553955078,0.23995354771614075
YMR238W,YDR508C,0,3.1316917,0.18397156894207,0.5412311553955078,0.2400696873664856
YER017C,YNR035C,1,3.1307418,0.18429361283779144,0.5423925518989563,0.2400696873664856
YGL122C,YPR043W,0,3.1306417,0.18422091007232666,0.5423925518989563,0.24018582701683044
YGR221C,YNR060W,0,3.1290739,0.18414826691150665,0.5423925518989563,0.2403019815683365
YOR204W,YBL092W,0,3.128682,0.18407568335533142,0.5423925518989563,0.24041812121868134
YHL027W,YMR034C,0,3.128435,0.18400315940380096,0.5423925518989563,0.24053426086902618
YBR202W,YKL096W-A,0,3.1282973,0.1839306801557541,0.5423925518989563,0.24065040051937103
YIL134W,YHR168W,0,3.1278598,0.183858260512352,0.5423925518989563,0.24076655507087708
YPR030W,YAR031W,0,3.1277483,0.18378591537475586,0.5423925518989563,0.24088269472122192
YOR159C,YMR180C,0,3.1277254,0.1837136149406433,0.5423925518989563,0.24099883437156677
YDR383C,YPL113C,0,3.126209,0.18364137411117554,0.5423925518989563,0.24111498892307281
YJR010W,YCL004W,0,3.125375,0.18356917798519135,0.5423925518989563,0.24123112857341766
YPR167C,YJR005W,0,3.1247938,0.18349705636501312,0.5423925518989563,0.2413472682237625
YOL124C,YJL053W,0,3.122469,0.18342497944831848,0.5423925518989563,0.24146340787410736
YBL028C,YNR018W,0,3.1219776,0.18335296213626862,0.5423925518989563,0.2415795624256134
YPR160W,YGL163C,0,3.1200397,0.18328100442886353,0.5423925518989563,0.24169570207595825
YDL074C,YPL188W,0,3.1188798,0.1832091063261032,0.5423925518989563,0.2418118417263031
YOR074C,YHR156C,0,3.1183212,0.18313725292682648,0.5423925518989563,0.24192799627780914
YBR294W,YBL085W,0,3.1183016,0.18306545913219452,0.5423925518989563,0.242044135928154
YHR030C,YML080W,0,3.1182427,0.18299372494220734,0.5423925518989563,0.24216027557849884
YNL282W,YKR069W,0,3.1177247,0.18292205035686493,0.5423925518989563,0.24227643013000488
YKL210W,YKL085W,0,3.116246,0.1828504353761673,0.5423925518989563,0.24239256978034973
YBR196C,YDL078C,0,3.115855,0.18277886509895325,0.5423925518989563,0.24250870943069458
YOR237W,YGR229C,0,3.1148112,0.18270735442638397,0.5423925518989563,0.24262484908103943
YMR093W,YPL065W,0,3.1146953,0.18263590335845947,0.5423925518989563,0.24274100363254547
YNL172W,YLR182W,0,3.1145115,0.18256449699401855,0.5423925518989563,0.24285714328289032
YOL165C,YPL252C,0,3.1135292,0.1824931651353836,0.5423925518989563,0.24297328293323517
YDL055C,YOR162C,0,3.1124063,0.18242187798023224,0.5423925518989563,0.2430894374847412
YOR388C,YNL192W,0,3.1121595,0.18235065042972565,0.5423925518989563,0.24320557713508606
YNR031C,YGR175C,0,3.11074,0.18227946758270264,0.5423925518989563,0.2433217167854309
YPR171W,YKL038W,0,3.1107206,0.1822083443403244,0.5423925518989563,0.24343785643577576
YDL054C,YJL144W,0,3.1105988,0.18213728070259094,0.5423925518989563,0.2435540109872818
YOL026C,YNR035C,1,3.1105382,0.1824561357498169,0.5435540080070496,0.2435540109872818
YMR054W,YOR324C,0,3.1102586,0.18238504230976105,0.5435540080070496,0.24367015063762665
YOR106W,YDR304C,0,3.1101835,0.1823139786720276,0.5435540080070496,0.2437862902879715
YOR204W,YOR162C,0,3.1093395,0.1822429895401001,0.5435540080070496,0.24390244483947754
YJL140W,YHL034C,0,3.1090229,0.1821720451116562,0.5435540080070496,0.2440185844898224
YMR182C,YLR219W,0,3.1088707,0.18210116028785706,0.5435540080070496,0.24413472414016724
YFR029W,YGL122C,0,3.1086948,0.1820303350687027,0.5435540080070496,0.24425086379051208
YGR036C,YLR088W,0,3.1080728,0.18195956945419312,0.5435540080070496,0.24436701834201813
YJR036C,YLR268W,0,3.1074078,0.18188884854316711,0.5435540080070496,0.24448315799236298
YJL112W,YOL026C,1,3.1066535,0.1822066754102707,0.5447154641151428,0.24448315799236298
YDL197C,YEL070W,0,3.106281,0.1821359246969223,0.5447154641151428,0.24459929764270782
YOR176W,YCR011C,0,3.1059258,0.1820652186870575,0.5447154641151428,0.24471545219421387
YJR119C,YGL026C,0,3.105498,0.18199457228183746,0.5447154641151428,0.24483159184455872
YBL058W,YML036W,0,3.1052513,0.181923970580101,0.5447154641151428,0.24494773149490356
YKL117W,YOR008C,0,3.1049395,0.18185342848300934,0.5447154641151428,0.2450638860464096
YKL041W,YOR327C,0,3.1044004,0.18178294599056244,0.5447154641151428,0.24518002569675446
YNL232W,YNL175C,0,3.1041605,0.18171250820159912,0.5447154641151428,0.2452961653470993
YKL180W,YGL220W,0,3.1036012,0.18164214491844177,0.5447154641151428,0.24541230499744415
YLR005W,YDL077C,0,3.1027384,0.1815718114376068,0.5447154641151428,0.2455284595489502
YCL018W,YNL050C,0,3.1024106,0.18150155246257782,0.5447154641151428,0.24564459919929504
YPL188W,YAL039C,0,3.1017327,0.1814313381910324,0.5447154641151428,0.2457607388496399
YDL198C,YPL098C,1,3.1016448,0.18174786865711212,0.5458768606185913,0.2457607388496399
YOR261C,YNL175C,0,3.1009648,0.18167762458324432,0.5458768606185913,0.24587689340114594
YAL022C,YCL026C-B,0,3.1006804,0.1816074252128601,0.5458768606185913,0.24599303305149078
YNL231C,YPL093W,0,3.1006567,0.18153727054595947,0.5458768606185913,0.24610917270183563
YDL029W,YPR133W-A,1,3.1002138,0.1818532794713974,0.5470383167266846,0.24610917270183563
YJL011C,YMR145C,0,3.1000597,0.18178309500217438,0.5470383167266846,0.24622531235218048
YDR196C,YDL171C,0,3.0997012,0.18171297013759613,0.5470383167266846,0.24634146690368652
YHR004C,YMR090W,0,3.0981898,0.18164288997650146,0.5470383167266846,0.24645760655403137
YBR150C,YKR066C,0,3.097894,0.18157285451889038,0.5470383167266846,0.24657374620437622
YMR089C,YER154W,1,3.0978162,0.18188825249671936,0.5481997728347778,0.24657374620437622
YPR167C,YGR179C,0,3.0977793,0.1818181872367859,0.5481997728347778,0.24668990075588226
YJR101W,YDL225W,0,3.0955992,0.181748166680336,0.5481997728347778,0.2468060404062271
YMR039C,YBR080C,0,3.0949686,0.18167822062969208,0.5481997728347778,0.24692218005657196
YDL107W,YDL217C,1,3.0942771,0.18199306726455688,0.5493612289428711,0.24692218005657196
YJL194W,YGL237C,0,3.0932055,0.18192307651042938,0.5493612289428711,0.247038334608078
YBR059C,YBR115C,0,3.0930212,0.18185313045978546,0.5493612289428711,0.24715447425842285
YKL174C,YCL043C,0,3.0914264,0.18178324401378632,0.5493612289428711,0.2472706139087677
YLR301W,YFL017W-A,0,3.091084,0.18171340227127075,0.5493612289428711,0.24738675355911255
YJL112W,YDL198C,1,3.0896785,0.1820276528596878,0.5505226254463196,0.24738675355911255
YBR125C,YOR216C,0,3.0896482,0.18195776641368866,0.5505226254463196,0.2475029081106186
YKR028W,YAL031C,0,3.0881126,0.18188795447349548,0.5505226254463196,0.24761904776096344
YBR120C,YNL122C,0,3.0878623,0.1818181872367859,0.5505226254463196,0.2477351874113083
YKL165C,YHR079C,0,3.0868614,0.18174846470355988,0.5505226254463196,0.24785134196281433
YDR518W,YGR085C,0,3.0865576,0.18167880177497864,0.5505226254463196,0.24796748161315918
YEL030W,YBR192W,1,3.0861857,0.1819923371076584,0.5516840815544128,0.24796748161315918
YKL038W,YJL134W,0,3.0850823,0.18192262947559357,0.5516840815544128,0.24808362126350403
YBR006W,YER168C,0,3.0843906,0.18185298144817352,0.5516840815544128,0.24819976091384888
YDR378C,YAL040C,0,3.0836244,0.18178339302539825,0.5516840815544128,0.24831591546535492
YNR017W,YNL026W,1,3.0835419,0.18209640681743622,0.5528455376625061,0.24831591546535492
YIL135C,YGR084C,0,3.0817497,0.18202677369117737,0.5528455376625061,0.24843205511569977
YOL107W,YNL302C,0,3.0811594,0.1819571852684021,0.5528455376625061,0.24854819476604462
YHR209W,YLR050C,0,3.080597,0.1818876564502716,0.5528455376625061,0.24866434931755066
YMR117C,YKL182W,0,3.0803652,0.1818181872367859,0.5528455376625061,0.2487804889678955
YNL232W,YMR319C,0,3.0793424,0.18174876272678375,0.5528455376625061,0.24889662861824036
YMR203W,YHR005C-A,1,3.0786002,0.1820610612630844,0.5540069937705994,0.24889662861824036
YDR429C,YLR024C,0,3.0778892,0.1819916069507599,0.5540069937705994,0.2490127831697464
YHR119W,YHR057C,0,3.07772,0.18192219734191895,0.5540069937705994,0.24912892282009125
YDR233C,YLR160C,0,3.0771942,0.18185284733772278,0.5540069937705994,0.2492450624704361
YBR294W,YBR238C,0,3.0769162,0.1817835420370102,0.5540069937705994,0.24936120212078094
YBR120C,YDR218C,0,3.0767162,0.1817142814397812,0.5540069937705994,0.249477356672287
YMR276W,YGL220W,0,3.0761487,0.18164508044719696,0.5540069937705994,0.24959349632263184
YOR261C,YDL170W,0,3.07523,0.1815759390592575,0.5540069937705994,0.24970963597297668
YLR105C,YDR353W,0,3.0745196,0.18150684237480164,0.5540069937705994,0.24982579052448273
YMR273C,YMR213W,0,3.0743434,0.18143780529499054,0.5540069937705994,0.24994193017482758
YMR315W,YOR243C,0,3.073831,0.18136882781982422,0.5540069937705994,0.2500580847263336
YJR057W,YLR244C,0,3.072851,0.18129988014698029,0.5540069937705994,0.25017422437667847
YKR069W,YBL079W,0,3.072177,0.18123100697994232,0.5540069937705994,0.2502903640270233
YHR030C,YGR034W,0,3.0717852,0.18116217851638794,0.5540069937705994,0.25040650367736816
YCL036W,YHR109W,0,3.0709953,0.18109339475631714,0.5540069937705994,0.250522643327713
YDL107W,YOR297C,1,3.0707157,0.18140417337417603,0.5551683902740479,0.250522643327713
YNL261W,YDR233C,0,3.0698333,0.18133535981178284,0.5551683902740479,0.25063878297805786
YNL127W,YCR030C,0,3.0696769,0.18126659095287323,0.5551683902740479,0.2507549226284027
YHR005C-A,YPR125W,1,3.0687616,0.1815769523382187,0.5563298463821411,0.2507549226284027
YJR010W,YMR075W,0,3.0684938,0.1815081536769867,0.5563298463821411,0.25087109208106995
YKL085W,YNL092W,0,3.068293,0.18143939971923828,0.5563298463821411,0.2509872317314148
YMR123W,YLR300W,0,3.0682049,0.18137069046497345,0.5563298463821411,0.25110337138175964
YDL070W,YNL092W,0,3.0676339,0.1813020408153534,0.5563298463821411,0.2512195110321045
YNL107W,YHR008C,0,3.067556,0.1812334507703781,0.5563298463821411,0.25133565068244934
YBL091C-A,YMR136W,0,3.0669541,0.1811649054288864,0.5563298463821411,0.2514517903327942
YOR324C,YJL117W,0,3.066779,0.1810964047908783,0.5563298463821411,0.25156792998313904
YNR057C,YGR229C,0,3.066343,0.18102796375751495,0.5563298463821411,0.2516840994358063
YOR209C,YLR278C,0,3.0654922,0.1809595823287964,0.5563298463821411,0.2518002390861511
YGR070W,YNL239W,0,3.0645535,0.1808912456035614,0.5563298463821411,0.25191637873649597
YLL041C,YDR310C,0,3.064535,0.18082295358181,0.5563298463821411,0.2520325183868408
YLR153C,YDR226W,0,3.0629177,0.18075472116470337,0.5563298463821411,0.25214865803718567
YPL240C,YCL008C,0,3.0604615,0.18068653345108032,0.5563298463821411,0.2522647976875305
YEL031W,YGR143W,0,3.0602229,0.18061840534210205,0.5563298463821411,0.25238096714019775
YJL178C,YOR327C,0,3.0597389,0.18055032193660736,0.5563298463821411,0.2524971067905426
YGL026C,YPR137W,0,3.0584414,0.18048229813575745,0.5563298463821411,0.25261324644088745
YPR171W,YOL151W,0,3.0582106,0.1804143190383911,0.5563298463821411,0.2527293860912323
YOL086C,YJR036C,0,3.0578113,0.18034638464450836,0.5563298463821411,0.25284552574157715
YHR039C-A,YOL040C,0,3.0566285,0.18027850985527039,0.5563298463821411,0.252961665391922
YPR113W,YHR074W,0,3.0561912,0.180210679769516,0.5563298463821411,0.25307780504226685
YLR394W,YJL213W,0,3.0553992,0.18014290928840637,0.5563298463821411,0.2531939744949341
YNL304W,YNL121C,1,3.0550008,0.18045112490653992,0.5574913024902344,0.2531939744949341
YER090W,YHR109W,0,3.0548308,0.18038330972194672,0.5574913024902344,0.25331011414527893
YNL032W,YGR155W,0,3.0547895,0.1803155541419983,0.5574913024902344,0.2534262537956238
YPL200W,YGR084C,0,3.0540335,0.18024784326553345,0.5574913024902344,0.25354239344596863
YJL066C,YDR457W,0,3.05395,0.18018017709255219,0.5574913024902344,0.2536585330963135
YDL040C,YPR159W,0,3.0532095,0.1801125705242157,0.5574913024902344,0.2537746727466583
YDL121C,YDL039C,0,3.0525095,0.1800450086593628,0.5574913024902344,0.2538908123970032
YMR038C,YGL010W,0,3.0522244,0.17997750639915466,0.5574913024902344,0.2540069818496704
YPL104W,YPL218W,0,3.051036,0.17991004884243011,0.5574913024902344,0.25412312150001526
YJL124C,YIL047C,0,3.0508368,0.17984263598918915,0.5574913024902344,0.2542392611503601
YNL050C,YLL027W,0,3.049825,0.17977528274059296,0.5574913024902344,0.25435540080070496
YMR315W,YER104W,0,3.0481265,0.17970797419548035,0.5574913024902344,0.2544715404510498
YNL073W,YLR164W,0,3.0475645,0.1796407252550125,0.5574913024902344,0.25458768010139465
YML097C,YDR404C,0,3.0472147,0.17957350611686707,0.5574913024902344,0.2547038197517395
YLR029C,YKR028W,0,3.046655,0.1795063614845276,0.5574913024902344,0.25481998920440674
YPR024W,YDL217C,1,3.0462086,0.17981308698654175,0.5586527585983276,0.25481998920440674
YOL038W,YBR173C,0,3.0460413,0.1797458827495575,0.5586527585983276,0.2549361288547516
YHR059W,YBL034C,0,3.045381,0.17967873811721802,0.5586527585983276,0.25505226850509644
YKL168C,YMR193W,0,3.0442212,0.17961165308952332,0.5586527585983276,0.2551684081554413
YKL201C,YKL003C,0,3.042683,0.1795446127653122,0.5586527585983276,0.25528454780578613
YMR241W,YDL217C,1,3.0420494,0.1798507422208786,0.5598141551017761,0.25528454780578613
YML099C,YBR037C,0,3.041983,0.1797836571931839,0.5598141551017761,0.255400687456131
YLR312W-A,YLR285W,0,3.0419323,0.17971663177013397,0.5598141551017761,0.25551682710647583
YOR074C,YJL191W,0,3.0405157,0.17964965105056763,0.5598141551017761,0.25563299655914307
YER103W,YMR065W,0,3.0402863,0.17958271503448486,0.5598141551017761,0.2557491362094879
YHR030C,YNL117W,0,3.0396326,0.17951582372188568,0.5598141551017761,0.25586527585983276
YNL163C,YMR114C,0,3.0394967,0.17944899201393127,0.5598141551017761,0.2559814155101776
YBR222C,YER104W,0,3.038887,0.17938220500946045,0.5598141551017761,0.25609755516052246
YMR013C,YGL004C,0,3.0383244,0.1793154776096344,0.5598141551017761,0.2562136948108673
YBR172C,YBL085W,0,3.037604,0.17924879491329193,0.5598141551017761,0.25632983446121216
YKL090W,YKL186C,0,3.036787,0.17918215692043304,0.5598141551017761,0.2564460039138794
YGL158W,YMR176W,0,3.0349524,0.17911556363105774,0.5598141551017761,0.25656214356422424
YLR429W,YDR195W,0,3.0340548,0.1790490299463272,0.5598141551017761,0.2566782832145691
YDR233C,YMR180C,0,3.0330148,0.17898254096508026,0.5598141551017761,0.25679442286491394
YGL256W,YPR127W,0,3.0319507,0.1789161115884781,0.5598141551017761,0.2569105625152588
YPL180W,YKL067W,0,3.031227,0.1788497269153595,0.5598141551017761,0.25702670216560364
YDR072C,YKL094W,0,3.031185,0.1787833869457245,0.5598141551017761,0.2571428716182709
YNR035C,YPR133W-A,1,3.0302138,0.17908787727355957,0.5609756112098694,0.2571428716182709
YNL172W,YIL159W,0,3.0295413,0.17902149260044098,0.5609756112098694,0.2572590112686157
YMR159C,YGR222W,0,3.0292127,0.17895516753196716,0.5609756112098694,0.25737515091896057
YKL170W,YOR243C,0,3.0290465,0.17888888716697693,0.5609756112098694,0.2574912905693054
YMR025W,YAL029C,0,3.0289276,0.17882265150547028,0.5609756112098694,0.25760743021965027
YNL208W,YDR260C,0,3.0277402,0.1787564754486084,0.5609756112098694,0.2577235698699951
YDR296W,YOR297C,1,3.0273023,0.17906031012535095,0.5621370673179626,0.2577235698699951
YNR074C,YLR344W,0,3.0272038,0.1789940893650055,0.5621370673179626,0.25783970952033997
YNL084C,YLR209C,0,3.0267897,0.17892791330814362,0.5621370673179626,0.2579558789730072
YGR288W,YNL110C,0,3.0258243,0.17886178195476532,0.5621370673179626,0.25807201862335205
YNL079C,YKL053C-A,1,3.024984,0.17916512489318848,0.5632984638214111,0.25807201862335205
YNL079C,YNL026W,1,3.0245838,0.17946824431419373,0.5644599199295044,0.25807201862335205
YPR200C,YOR038C,0,3.0241337,0.17940199375152588,0.5644599199295044,0.2581881582736969
YLR020C,YPL027W,0,3.0240443,0.1793357878923416,0.5644599199295044,0.25830429792404175
YGR081C,YAR002C-A,0,3.0232801,0.17926964163780212,0.5644599199295044,0.2584204375743866
YNR074C,YLR425W,0,3.022826,0.17920354008674622,0.5644599199295044,0.25853657722473145
YNR006W,YJL117W,0,3.0228117,0.1791374832391739,0.5644599199295044,0.2586527168750763
YGL169W,YAL031C,0,3.0217793,0.17907148599624634,0.5644599199295044,0.25876888632774353
YBL076C,YJL206C,0,3.0216007,0.17900551855564117,0.5644599199295044,0.2588850259780884
YDL028C,YLR359W,0,3.021552,0.1789396107196808,0.5644599199295044,0.2590011656284332
YNL304W,YPL098C,1,3.0215087,0.17924180626869202,0.5656213760375977,0.2590011656284332
YOR204W,YIL132C,0,3.0211973,0.17917586863040924,0.5656213760375977,0.2591173052787781
YER185W,YCL043C,0,3.0207195,0.17910996079444885,0.5656213760375977,0.2592334449291229
YDL202W,YLR213C,0,3.016936,0.17904411256313324,0.5656213760375977,0.2593495845794678
YNR067C,YKR044W,0,3.0165937,0.1789783239364624,0.5656213760375977,0.2594657242298126
YPL099C,YCL032W,0,3.0160286,0.17891256511211395,0.5656213760375977,0.25958189368247986
YBR120C,YIL135C,0,3.0159214,0.17884686589241028,0.5656213760375977,0.2596980333328247
YJR010W,YLR291C,0,3.0128133,0.17878121137619019,0.5656213760375977,0.25981417298316956
YOR317W,YMR186W,0,3.0122006,0.17871560156345367,0.5656213760375977,0.2599303126335144
YNL314W,YDR262W,0,3.0113919,0.17865003645420074,0.5656213760375977,0.26004645228385925
YNL160W,YER175C,0,3.010998,0.1785845309495926,0.5656213760375977,0.2601625919342041
YER050C,YGL050W,0,3.0103283,0.17851905524730682,0.5656213760375977,0.26027873158454895
YML112W,YML052W,0,3.0101578,0.17845363914966583,0.5656213760375977,0.2603949010372162
YBR247C,YMR182C,0,3.009422,0.17838828265666962,0.5656213760375977,0.26051104068756104
YLR228C,YLR380W,0,3.0093906,0.1783229559659958,0.5656213760375977,0.2606271803379059
YJR082C,YNL236W,0,3.0088937,0.17825768887996674,0.5656213760375977,0.26074331998825073
YMR272C,YDR140W,0,3.0088928,0.17819246649742126,0.5656213760375977,0.2608594596385956
YLR244C,YBL092W,0,3.00851,0.17812728881835938,0.5656213760375977,0.26097559928894043
YDR059C,YGR246C,0,3.0047126,0.17806215584278107,0.5656213760375977,0.2610917389392853
YDR405W,YGR036C,0,3.004604,0.17799708247184753,0.5656213760375977,0.2612079083919525
YDR378C,YFL017W-A,0,3.003839,0.1779320389032364,0.5656213760375977,0.26132404804229736
YER090W,YKL022C,0,3.0037205,0.17786705493927002,0.5656213760375977,0.2614401876926422
YBR010W,YPR138C,0,3.0034578,0.17780211567878723,0.5656213760375977,0.26155632734298706
YKL007W,YGL200C,0,3.003289,0.17773722112178802,0.5656213760375977,0.2616724669933319
YJR151C,YDL059C,0,3.0030448,0.1776723861694336,0.5656213760375977,0.26178860664367676
YOR148C,YDR207C,0,3.0027852,0.17760758101940155,0.5656213760375977,0.261904776096344
YLR043C,YNL230C,0,3.002281,0.17754283547401428,0.5656213760375977,0.26202091574668884
YLR394W,YBR141C,0,3.0016572,0.1774781346321106,0.5656213760375977,0.2621370553970337
YLL008W,YFL013C,0,3.0007198,0.1774134784936905,0.5656213760375977,0.26225319504737854
YNL271C,YEL062W,0,3.0003822,0.17734886705875397,0.5656213760375977,0.2623693346977234
YOR159C,YOL108C,0,3.0002704,0.17728431522846222,0.5656213760375977,0.26248547434806824
YDL215C,YNL052W,0,3.0000079,0.17721979320049286,0.5656213760375977,0.2626016139984131
YJR051W,YJL103C,0,2.9993799,0.17715533077716827,0.5656213760375977,0.2627177834510803
YEL030W,YDR470C,1,2.999328,0.17745454609394073,0.5667828321456909,0.2627177834510803
YDR411C,YDR494W,0,2.9982352,0.17739003896713257,0.5667828321456909,0.26283392310142517
YNL117W,YDL215C,0,2.997616,0.17732557654380798,0.5667828321456909,0.26295006275177
YGL010W,YOR187W,0,2.9972165,0.17726117372512817,0.5667828321456909,0.26306620240211487
YDR497C,YAL029C,0,2.9969635,0.17719680070877075,0.5667828321456909,0.2631823420524597
YMR117C,YNL283C,0,2.99685,0.1771324872970581,0.5667828321456909,0.26329848170280457
YMR173W,YBL085W,0,2.9958608,0.17706821858882904,0.5667828321456909,0.2634146213531494
YDL197C,YGL051W,0,2.994231,0.17700399458408356,0.5667828321456909,0.26353079080581665
YNR018W,YLR344W,0,2.9937172,0.17693981528282166,0.5667828321456909,0.2636469304561615
YER098W,YLL012W,0,2.9932017,0.17687568068504333,0.5667828321456909,0.26376307010650635
YMR203W,YNL026W,1,2.9927945,0.177173912525177,0.5679442286491394,0.26376307010650635
YDR530C,YCR052W,0,2.992576,0.1771097481250763,0.5679442286491394,0.2638792097568512
YER017C,YPL098C,1,2.9919972,0.17740768194198608,0.5691056847572327,0.2638792097568512
YGL225W,YMR093W,0,2.9913547,0.1773434728384018,0.5691056847572327,0.26399534940719604
YNL138W,YNR044W,0,2.9910254,0.1772793084383011,0.5691056847572327,0.2641114890575409
YLR353W,YLR187W,0,2.9902866,0.17721518874168396,0.5691056847572327,0.26422762870788574
YPL200W,YOR226C,0,2.9889638,0.17715111374855042,0.5691056847572327,0.264343798160553
YDR405W,YGL019W,0,2.9875822,0.17708709836006165,0.5691056847572327,0.2644599378108978
YNR067C,YDR173C,0,2.9864202,0.17702312767505646,0.5691056847572327,0.2645760774612427
YAL060W,YMR321C,0,2.9855974,0.17695918679237366,0.5691056847572327,0.2646922171115875
YOR338W,YML128C,0,2.984629,0.17689530551433563,0.5691056847572327,0.2648083567619324
YKL022C,YMR143W,0,2.9839458,0.1768314689397812,0.5691056847572327,0.2649244964122772
YNL284C,YBR074W,0,2.9835982,0.17676767706871033,0.5691056847572327,0.26504063606262207
YIL108W,YPR138C,0,2.9832733,0.17670392990112305,0.5691056847572327,0.2651568055152893
YAR002C-A,YNL138W,0,2.9811003,0.17664022743701935,0.5691056847572327,0.26527294516563416
YDR378C,YPL104W,0,2.9810603,0.17657656967639923,0.5691056847572327,0.265389084815979
YDR059C,YMR301C,0,2.9798567,0.1765129715204239,0.5691056847572327,0.26550522446632385
YGR171C,YML036W,0,2.9795833,0.17644940316677094,0.5691056847572327,0.2656213641166687
YGL051W,YLR350W,0,2.9791443,0.17638589441776276,0.5691056847572327,0.26573750376701355
YDR337W,YNL290W,0,2.9789178,0.17632241547107697,0.5691056847572327,0.2658536732196808
YCL036W,YDL202W,0,2.978711,0.17625899612903595,0.5691056847572327,0.26596981287002563
YDR254W,YJL178C,0,2.9784286,0.17619560658931732,0.5691056847572327,0.2660859525203705
YGR169C,YCR014C,0,2.9782453,0.17613227665424347,0.5691056847572327,0.26620209217071533
YEL053C,YPL087W,0,2.975662,0.1760689914226532,0.5691056847572327,0.2663182318210602
YGR052W,YDL111C,0,2.9755795,0.1760057508945465,0.5691056847572327,0.26643437147140503
YGL200C,YPL180W,0,2.97446,0.1759425550699234,0.5691056847572327,0.2665505111217499
YJL112W,YPR083W,1,2.9742684,0.17623832821846008,0.5702671408653259,0.2665505111217499
YKL130C,YER087W,0,2.974162,0.1761751025915146,0.5702671408653259,0.2666666805744171
YLR390W,YBR128C,0,2.9741027,0.17611190676689148,0.5702671408653259,0.26678282022476196
YER185W,YLR429W,0,2.9739707,0.17604875564575195,0.5702671408653259,0.2668989598751068
YDL217C,YDR296W,1,2.9731903,0.17634408175945282,0.5714285969734192,0.2668989598751068
YPL167C,YDR173C,0,2.972995,0.1762809008359909,0.5714285969734192,0.26701509952545166
YBR223C,YOL104C,0,2.9729533,0.17621776461601257,0.5714285969734192,0.2671312391757965
YLR043C,YKR028W,0,2.9729102,0.17615467309951782,0.5714285969734192,0.26724737882614136
YLL027W,YJL082W,0,2.9729059,0.17609162628650665,0.5714285969734192,0.2673635184764862
YKL161C,YNL307C,0,2.9705315,0.17602862417697906,0.5714285969734192,0.26747968792915344
YKL038W,YKL189W,0,2.970302,0.17596566677093506,0.5714285969734192,0.2675958275794983
YKL038W,YNL182C,0,2.9693992,0.17590275406837463,0.5714285969734192,0.26771196722984314
YIL108W,YBR031W,0,2.9687974,0.1758398860692978,0.5714285969734192,0.267828106880188
YPL064C,YGL183C,0,2.9680247,0.17577706277370453,0.5714285969734192,0.26794424653053284
YER055C,YEL056W,0,2.9680064,0.17571428418159485,0.5714285969734192,0.2680603861808777
YPL273W,YLR153C,0,2.96731,0.17565155029296875,0.5714285969734192,0.26817652583122253
YPR035W,YBR275C,0,2.9670465,0.17558886110782623,0.5714285969734192,0.26829269528388977
YKL074C,YPL274W,0,2.966624,0.1755262166261673,0.5714285969734192,0.2684088349342346
YFL038C,YOR219C,0,2.9665139,0.17546361684799194,0.5714285969734192,0.26852497458457947
YIL006W,YOR353C,0,2.9658957,0.17540107667446136,0.5714285969734192,0.2686411142349243
YJL194W,YEL043W,0,2.9650052,0.17533856630325317,0.5714285969734192,0.26875725388526917
YKL174C,YAL024C,0,2.9647806,0.17527610063552856,0.5714285969734192,0.268873393535614
YPR080W,YHR041C,0,2.9647782,0.17521367967128754,0.5714285969734192,0.26898953318595886
YPL167C,YGL030W,0,2.96311,0.1751513034105301,0.5714285969734192,0.2691057026386261
YPL252C,YKL095W,0,2.9631011,0.17508897185325623,0.5714285969734192,0.26922184228897095
YAL033W,YPL259C,0,2.9627807,0.17502668499946594,0.5714285969734192,0.2693379819393158
YMR008C,YOR038C,0,2.962664,0.17496444284915924,0.5714285969734192,0.26945412158966064
YKL119C,YPL180W,0,2.9616363,0.17490224540233612,0.5714285969734192,0.2695702612400055
YOR232W,YDR470C,1,2.960683,0.17519545555114746,0.5725899934768677,0.2695702612400055
YOL136C,YJL149W,0,2.9596279,0.17513321340084076,0.5725899934768677,0.26968640089035034
YOR297C,YEL030W,1,2.9577715,0.17542614042758942,0.5737514495849609,0.26968640089035034
YPL223C,YLL033W,0,2.9575334,0.17536386847496033,0.5737514495849609,0.2698025405406952
YOR020C,YDR497C,0,2.9574711,0.17530162632465363,0.5737514495849609,0.2699187099933624
YPL180W,YBR072W,0,2.956859,0.1752394437789917,0.5737514495849609,0.2700348496437073
YLR291C,YOR261C,0,2.9562979,0.17517730593681335,0.5737514495849609,0.2701509892940521
YDR205W,YGL212W,0,2.95603,0.1751152127981186,0.5737514495849609,0.270267128944397
YKL189W,YOR285W,0,2.9553745,0.17505314946174622,0.5737514495849609,0.2703832685947418
YDR064W,YJL171C,0,2.9543781,0.17499114573001862,0.5737514495849609,0.27049940824508667
YOL124C,YGR199W,0,2.9537566,0.1749291718006134,0.5737514495849609,0.2706155776977539
YLR300W,YBR095C,0,2.952892,0.17486725747585297,0.5737514495849609,0.27073171734809875
YPR024W,YER125W,1,2.9517386,0.17515923082828522,0.5749129056930542,0.27073171734809875
YNL050C,YDL227C,0,2.9505785,0.1750972718000412,0.5749129056930542,0.2708478569984436
YKL007W,YJR026W,0,2.9505212,0.17503535747528076,0.5749129056930542,0.27096399664878845
YGR010W,YGL233W,0,2.9501665,0.1749734878540039,0.5749129056930542,0.2710801362991333
YPR200C,YJR101W,0,2.9501495,0.17491166293621063,0.5749129056930542,0.27119627594947815
YHR005C-A,YNL026W,1,2.9484234,0.1752031147480011,0.5760743618011475,0.27119627594947815
YDR530C,YDR140W,0,2.947125,0.17514124512672424,0.5760743618011475,0.271312415599823
YHR047C,YDR410C,0,2.9468577,0.17507942020893097,0.5760743618011475,0.27142858505249023
YNL304W,YDL198C,1,2.946479,0.1753704994916916,0.577235758304596,0.27142858505249023
YDL029W,YNL304W,1,2.9454405,0.1756613701581955,0.5783972144126892,0.27142858505249023
YPR006C,YLR330W,0,2.9442759,0.17559944093227386,0.5783972144126892,0.2715447247028351
YNR057C,YOR219C,0,2.9442625,0.17553754150867462,0.5783972144126892,0.27166086435317993
YMR315W,YDL202W,0,2.9439104,0.17547568678855896,0.5783972144126892,0.2717770040035248
YPR011C,YLL027W,0,2.9432414,0.17541387677192688,0.5783972144126892,0.27189314365386963
YER150W,YLR301W,0,2.9424195,0.17535211145877838,0.5783972144126892,0.2720092833042145
YOL066C,YOL155C,0,2.9420788,0.17529039084911346,0.5783972144126892,0.2721254229545593
YPR191W,YCL004W,0,2.9415548,0.17522871494293213,0.5783972144126892,0.27224159240722656
YBR196C,YLR130C,0,2.9405978,0.17516708374023438,0.5783972144126892,0.2723577320575714
YLR383W,YPL139C,0,2.9396205,0.175105482339859,0.5783972144126892,0.27247387170791626
YOR089C,YDL035C,0,2.9393072,0.17504394054412842,0.5783972144126892,0.2725900113582611
YLL041C,YNL092W,0,2.9371765,0.17498242855072021,0.5783972144126892,0.27270615100860596
YBR173C,YAL039C,0,2.936396,0.1749209761619568,0.5783972144126892,0.2728222906589508
YJL030W,YNL078W,0,2.9358637,0.17485955357551575,0.5783972144126892,0.27293843030929565
YIL134W,YMR296C,0,2.9358366,0.1747981756925583,0.5783972144126892,0.2730545997619629
YHR059W,YNL238W,0,2.9357066,0.1747368425130844,0.5783972144126892,0.27317073941230774
YOR212W,YBR128C,0,2.9335837,0.17467555403709412,0.5783972144126892,0.2732868790626526
YPR080W,YJL140W,0,2.932934,0.1746143102645874,0.5783972144126892,0.27340301871299744
YDR310C,YJR133W,0,2.9328854,0.17455309629440308,0.5783972144126892,0.2735191583633423
YPL093W,YMR075W,0,2.931906,0.17449194192886353,0.5783972144126892,0.27363529801368713
YDL045W-A,YKR020W,0,2.9314275,0.17443081736564636,0.5783972144126892,0.273751437664032
YJL214W,YAL039C,0,2.9309587,0.17436975240707397,0.5783972144126892,0.2738676071166992
YMR241W,YOL026C,1,2.930239,0.17465873062610626,0.5795586705207825,0.2738676071166992
YCL018W,YMR090W,0,2.929938,0.1745976209640503,0.5795586705207825,0.27398374676704407
YNL302C,YDR159W,0,2.929372,0.1745365560054779,0.5795586705207825,0.2740998864173889
YGR221C,YPR137W,0,2.9293182,0.1744755208492279,0.5795586705207825,0.27421602606773376
YGR288W,YPR127W,0,2.9280617,0.17441454529762268,0.5795586705207825,0.2743321657180786
YDR079W,YPR125W,1,2.9275048,0.17470300197601318,0.580720067024231,0.2743321657180786
YOR237W,YGR034W,0,2.9272215,0.17464198172092438,0.580720067024231,0.27444830536842346
YDL022W,YJR026W,0,2.9254858,0.17458100616931915,0.580720067024231,0.2745644748210907
YIL080W,YOR382W,0,2.9252744,0.1745200753211975,0.580720067024231,0.27468061447143555
YNR074C,YKL085W,0,2.9251385,0.17445917427539825,0.580720067024231,0.2747967541217804
YKL103C,YDR369C,0,2.9246309,0.17439833283424377,0.580720067024231,0.27491289377212524
YOR071C,YHR059W,0,2.9230158,0.17433752119541168,0.580720067024231,0.2750290334224701
YLL019C,YML132W,0,2.9221566,0.17427675426006317,0.580720067024231,0.27514517307281494
YHR008C,YOR008C,0,2.9220161,0.17421603202819824,0.580720067024231,0.2752613127231598
YGL183C,YNL192W,0,2.9215624,0.1741553395986557,0.580720067024231,0.275377482175827
YNL131W,YNL304W,1,2.9208322,0.17444290220737457,0.5818815231323242,0.275377482175827
YAR027W,YMR295C,0,2.920832,0.17438217997550964,0.5818815231323242,0.2754936218261719
YOL026C,YKL053C-A,1,2.9200366,0.17466944456100464,0.5830429792404175,0.2754936218261719
YLR289W,YDR472W,0,2.919297,0.17460869252681732,0.5830429792404175,0.2756097614765167
YLR359W,YKL003C,0,2.9191573,0.1745479851961136,0.5830429792404175,0.2757259011268616
YOL136C,YJL082W,0,2.918421,0.17448730766773224,0.5830429792404175,0.2758420407772064
YDR034C,YPL122C,0,2.9179347,0.17442668974399567,0.5830429792404175,0.27595818042755127
YJL066C,YGL216W,0,2.9177644,0.17436610162258148,0.5830429792404175,0.2760743200778961
YLL041C,YBR093C,0,2.917197,0.17430555820465088,0.5830429792404175,0.27619048953056335
YDL217C,YNL121C,1,2.9170177,0.17459215223789215,0.5842044353485107,0.27619048953056335
YDL021W,YBL052C,0,2.9168255,0.17453157901763916,0.5842044353485107,0.2763066291809082
YMR169C,YGL170C,0,2.9164927,0.17447103559970856,0.5842044353485107,0.27642276883125305
YBR223C,YBR294W,0,2.915591,0.17441053688526154,0.5842044353485107,0.2765389084815979
YJL225C,YOL040C,0,2.9154074,0.1743500828742981,0.5842044353485107,0.27665504813194275
YMR168C,YOR310C,0,2.914203,0.17428967356681824,0.5842044353485107,0.2767711877822876
YDR082W,YPL027W,0,2.9139094,0.17422930896282196,0.5842044353485107,0.27688732743263245
YKR036C,YPR083W,1,2.9127882,0.1745152324438095,0.5853658318519592,0.27688732743263245
YGL170C,YIR038C,0,2.912368,0.17445482313632965,0.5853658318519592,0.2770034968852997
YBR196C,YHR175W,0,2.9123435,0.17439445853233337,0.5853658318519592,0.27711963653564453
YJR138W,YGL004C,0,2.9120057,0.17433413863182068,0.5853658318519592,0.2772357761859894
YLR105C,YLR047C,0,2.9118888,0.17427386343479156,0.5853658318519592,0.27735191583633423
YDR415C,YMR296C,0,2.9091113,0.17421361804008484,0.5853658318519592,0.2774680554866791
YGR144W,YPR125W,1,2.9080682,0.17449896037578583,0.5865272879600525,0.2774680554866791
YDL171C,YOR327C,0,2.9076579,0.1744386851787567,0.5865272879600525,0.2775841951370239
YLR316C,YLR050C,0,2.9072933,0.17437845468521118,0.5865272879600525,0.2777003347873688
YKR036C,YHR005C-A,1,2.9070826,0.17466343939304352,0.5876887440681458,0.2777003347873688
YIL020C,YGL212W,0,2.9069269,0.1746031790971756,0.5876887440681458,0.277816504240036
YPR072W,YKR019C,0,2.905913,0.17454294860363007,0.5876887440681458,0.27793264389038086
YDL227C,YCR046C,0,2.905136,0.17448276281356812,0.5876887440681458,0.2780487835407257
YOL141W,YOR287C,0,2.90319,0.17442260682582855,0.5876887440681458,0.27816492319107056
YLR009W,YDR415C,0,2.9012952,0.17436251044273376,0.5876887440681458,0.2782810628414154
YFR013W,YMR186W,0,2.9006858,0.17430244386196136,0.5876887440681458,0.27839720249176025
YAL022C,YKL182W,0,2.9006739,0.17424242198467255,0.5876887440681458,0.2785133421421051
YGL209W,YBR074W,0,2.8989518,0.1741824448108673,0.5876887440681458,0.27862951159477234
YMR013C,YJR149W,0,2.8982053,0.17412251234054565,0.5876887440681458,0.2787456512451172
YDR233C,YHR085W,0,2.8979223,0.1740626096725464,0.5876887440681458,0.27886179089546204
YNL070W,YDR470C,1,2.897402,0.17434662580490112,0.588850200176239,0.27886179089546204
YIL061C,YOR180C,0,2.8963366,0.17428669333457947,0.588850200176239,0.2789779305458069
YDR218C,YOR162C,0,2.8952441,0.1742268055677414,0.588850200176239,0.27909407019615173
YJL187C,YBL026W,0,2.8945591,0.1741669476032257,0.588850200176239,0.2792102098464966
YCR093W,YNL092W,0,2.8942158,0.1741071492433548,0.588850200176239,0.2793263792991638
YDR378C,YGR070W,0,2.892876,0.17404738068580627,0.588850200176239,0.27944251894950867
YPL099C,YNR015W,0,2.8886764,0.17398764193058014,0.588850200176239,0.2795586585998535
YPR135W,YKR056W,0,2.8881066,0.17392796277999878,0.588850200176239,0.27967479825019836
YGR084C,YHR057C,0,2.8880768,0.1738683134317398,0.588850200176239,0.2797909379005432
YOL028C,YGR255C,0,2.8865352,0.17380870878696442,0.588850200176239,0.27990707755088806
YMR089C,YPR125W,1,2.8863165,0.17409184575080872,0.5900115966796875,0.27990707755088806
YDR499W,YBR120C,0,2.8844783,0.17403219640254974,0.5900115966796875,0.2800232172012329
YJR036C,YOL124C,0,2.8838527,0.17397260665893555,0.5900115966796875,0.28013938665390015
YLR244C,YFR036W,0,2.8831413,0.17391304671764374,0.5900115966796875,0.280255526304245
YDL197C,YGR095C,0,2.882325,0.1738535314798355,0.5900115966796875,0.28037166595458984
YOR071C,YOR313C,0,2.8812506,0.17379404604434967,0.5900115966796875,0.2804878056049347
YPL196W,YJL095W,0,2.8807385,0.1737346053123474,0.5900115966796875,0.28060394525527954
YAR035W,YBR145W,0,2.8794906,0.17367520928382874,0.5900115966796875,0.2807200849056244
YDL078C,YDR457W,0,2.8783298,0.17361585795879364,0.5900115966796875,0.28083622455596924
YDR144C,YCR087C-A,0,2.877841,0.17355653643608093,0.5900115966796875,0.2809523940086365
YML030W,YDL045C,0,2.8771636,0.173497274518013,0.5900115966796875,0.2810685336589813
YLR187W,YNR018W,0,2.8763247,0.17343802750110626,0.5900115966796875,0.28118467330932617
YMR176W,YBL052C,0,2.8745003,0.1733788400888443,0.5900115966796875,0.281300812959671
YLR107W,YDL015C,0,2.8737848,0.17331968247890472,0.5900115966796875,0.28141695261001587
YKL186C,YMR200W,0,2.873783,0.17326056957244873,0.5900115966796875,0.2815330922603607
YMR295C,YLR350W,0,2.8736022,0.17320150136947632,0.5900115966796875,0.28164923191070557
YGL103W,YOR123C,0,2.8732624,0.1731424629688263,0.5900115966796875,0.2817654013633728
YLR016C,YBL098W,0,2.8730762,0.17308346927165985,0.5900115966796875,0.28188154101371765
YLR047C,YJR032W,0,2.8728592,0.173024520277977,0.5900115966796875,0.2819976806640625
YER017C,YGR112W,1,2.8726268,0.17330609261989594,0.5911730527877808,0.2819976806640625
YBR222C,YOR355W,0,2.8714707,0.17324711382389069,0.5911730527877808,0.28211382031440735
YML028W,YIL080W,0,2.8710892,0.17318816483020782,0.5911730527877808,0.2822299599647522
YPR035W,YLR024C,0,2.8701305,0.17312924563884735,0.5911730527877808,0.28234609961509705
YLR321C,YLR213C,0,2.868761,0.17307038605213165,0.5911730527877808,0.2824622392654419
YNL163C,YDR527W,0,2.8670318,0.17301155626773834,0.5911730527877808,0.28257840871810913
YFR013W,YER014C-A,0,2.8667815,0.1729527711868286,0.5911730527877808,0.282694548368454
YLR187W,YBR093C,0,2.866272,0.17289401590824127,0.5911730527877808,0.28281068801879883
YDR454C,YNL044W,0,2.8658712,0.1728353202342987,0.5911730527877808,0.2829268276691437
YMR267W,YMR213W,0,2.86568,0.17277663946151733,0.5911730527877808,0.2830429673194885
YJL034W,YLR394W,0,2.8652153,0.17271801829338074,0.5911730527877808,0.2831591069698334
YFR031C,YHR174W,0,2.8646948,0.17265942692756653,0.5911730527877808,0.2832752466201782
YKL013C,YLR163C,1,2.8645546,0.1729399859905243,0.592334508895874,0.2832752466201782
YMR005W,YOR180C,0,2.8643825,0.1728813499212265,0.592334508895874,0.28339141607284546
YKR036C,YOR147W,1,2.8640878,0.17316164076328278,0.5934959053993225,0.28339141607284546
YDR146C,YCR052W,0,2.863445,0.1731029748916626,0.5934959053993225,0.2835075557231903
YMR089C,YNL026W,1,2.8625417,0.17338299751281738,0.5946573615074158,0.2835075557231903
YMR039C,YGR034W,0,2.8622532,0.17332430183887482,0.5946573615074158,0.28362369537353516
YML036W,YGR070W,0,2.8610806,0.17326565086841583,0.5946573615074158,0.28373983502388
YCL014W,YJL053W,0,2.860994,0.17320702970027924,0.5946573615074158,0.28385597467422485
YMR179W,YOR085W,0,2.8601944,0.17314846813678741,0.5946573615074158,0.2839721143245697
YMR168C,YPL096W,0,2.860027,0.1730899214744568,0.5946573615074158,0.28408828377723694
YLR285W,YNL274C,0,2.859883,0.17303143441677094,0.5946573615074158,0.2842044234275818
YPR011C,YJL103C,0,2.8598752,0.17297297716140747,0.5946573615074158,0.28432056307792664
YNR067C,YJL124C,0,2.8598535,0.1729145497083664,0.5946573615074158,0.2844367027282715
YIL139C,YKR068C,0,2.8598363,0.1728561818599701,0.5946573615074158,0.28455284237861633
YGL037C,YJL206C,0,2.8596556,0.17279784381389618,0.5946573615074158,0.2846689820289612
YMR013C,YLR080W,0,2.85945,0.17273953557014465,0.5946573615074158,0.28478512167930603
YDL059C,YOL108C,0,2.8583412,0.1726812869310379,0.5946573615074158,0.28490129113197327
YDR473C,YMR200W,0,2.8580089,0.17262306809425354,0.5946573615074158,0.2850174307823181
YNL236W,YOR393W,0,2.857158,0.17256487905979156,0.5946573615074158,0.28513357043266296
YJL214W,YPL087W,0,2.8561947,0.17250673472881317,0.5946573615074158,0.2852497100830078
YBR006W,YPR091C,0,2.8554747,0.17244863510131836,0.5946573615074158,0.28536584973335266
YBR115C,YMR186W,0,2.8554094,0.17239056527614594,0.5946573615074158,0.2854819893836975
YDR454C,YER101C,0,2.853114,0.1723325550556183,0.5946573615074158,0.28559812903404236
YLR270W,YLR213C,0,2.8528655,0.17227455973625183,0.5946573615074158,0.2857142984867096
YNL138W,YLR153C,0,2.8524091,0.17221660912036896,0.5946573615074158,0.28583043813705444
YKR103W,YNL147W,0,2.8523345,0.17215870320796967,0.5946573615074158,0.2859465777873993
YOR304W,YGL030W,0,2.8500516,0.17210084199905396,0.5946573615074158,0.28606271743774414
YLR314C,YMR176W,0,2.8500273,0.17204301059246063,0.5946573615074158,0.286178857088089
YJL087C,YHR175W,0,2.8500216,0.1719852238893509,0.5946573615074158,0.28629499673843384
YFL048C,YNL335W,0,2.8498278,0.17192746698856354,0.5946573615074158,0.2864111363887787
YGL209W,YNL297C,0,2.848657,0.17186975479125977,0.5946573615074158,0.2865273058414459
YLR130C,YCR012W,0,2.8485,0.17181208729743958,0.5946573615074158,0.28664344549179077
YDR351W,YER117W,0,2.8484976,0.17175444960594177,0.5946573615074158,0.2867595851421356
YDR411C,YLR394W,0,2.8482754,0.17169684171676636,0.5946573615074158,0.28687572479248047
YJL024C,YDR373W,0,2.8469586,0.17163929343223572,0.5946573615074158,0.2869918644428253
YKR036C,YNL070W,1,2.8457296,0.1719168871641159,0.595818817615509,0.2869918644428253
YNL281W,YMR159C,0,2.8453226,0.17185929417610168,0.595818817615509,0.28710800409317017
YJL034W,YEL029C,0,2.845261,0.17180174589157104,0.595818817615509,0.287224143743515
YMR276W,YDR423C,0,2.8446276,0.1717442274093628,0.595818817615509,0.28734031319618225
YER130C,YPR138C,0,2.8432367,0.17168675363063812,0.595818817615509,0.2874564528465271
YBR002C,YEL041W,0,2.8431647,0.17162930965423584,0.595818817615509,0.28757259249687195
YOR147W,YNL304W,1,2.843095,0.17190635204315186,0.5969802737236023,0.28757259249687195
YGL186C,YOR209C,0,2.842776,0.17184887826442719,0.5969802737236023,0.2876887321472168
YBR261C,YMR321C,0,2.841732,0.1717914491891861,0.5969802737236023,0.28780487179756165
YEL043W,YKL094W,0,2.8407772,0.1717340499162674,0.5969802737236023,0.2879210114479065
YKL161C,YDR207C,0,2.839318,0.17167668044567108,0.5969802737236023,0.28803718090057373
YLR024C,YGL019W,0,2.8391593,0.17161937057971954,0.5969802737236023,0.2881533205509186
YDR067C,YOR212W,0,2.8384304,0.1715620756149292,0.5969802737236023,0.2882694602012634
YNL223W,YIL076W,0,2.8379347,0.17150484025478363,0.5969802737236023,0.2883855998516083
YMR168C,YGL068W,0,2.837663,0.17144763469696045,0.5969802737236023,0.2885017395019531
YNL271C,YLR043C,0,2.8371243,0.17139045894145966,0.5969802737236023,0.288617879152298
YKR066C,YLR440C,0,2.8369513,0.17133332788944244,0.5969802737236023,0.2887340188026428
YOR291W,YOL111C,0,2.8366973,0.1712762415409088,0.5969802737236023,0.28885018825531006
YEL062W,YDR109C,0,2.8350272,0.17121918499469757,0.5969802737236023,0.2889663279056549
YOR145C,YMR077C,0,2.834095,0.1711621731519699,0.5969802737236023,0.28908246755599976
YMR300C,YFL021W,0,2.8333266,0.17110519111156464,0.5969802737236023,0.2891986072063446
YER055C,YNL027W,0,2.83242,0.17104825377464294,0.5969802737236023,0.28931474685668945
YOR176W,YFR031C,0,2.8321314,0.17099134624004364,0.5969802737236023,0.2894308865070343
YJL225C,YNL219C,0,2.8318155,0.17093448340892792,0.5969802737236023,0.28954702615737915
YDR174W,YGR177C,0,2.831803,0.17087766528129578,0.5969802737236023,0.2896631956100464
YEL022W,YER046W,0,2.8304474,0.17082087695598602,0.5969802737236023,0.28977933526039124
YJL225C,YBR059C,0,2.830361,0.17076411843299866,0.5969802737236023,0.2898954749107361
YGR252W,YGR214W,0,2.8298118,0.17070740461349487,0.5969802737236023,0.29001161456108093
YPR194C,YGR167W,0,2.8288078,0.17065073549747467,0.5969802737236023,0.2901277542114258
YGR221C,YOR304C-A,0,2.827852,0.17059409618377686,0.5969802737236023,0.29024389386177063
YLR268W,YOR338W,0,2.8278043,0.17053748667240143,0.5969802737236023,0.2903600335121155
YER154W,YPR083W,1,2.827657,0.17081260681152344,0.5981416702270508,0.2903600335121155
YGR221C,YBR230C,0,2.8263977,0.17075596749782562,0.5981416702270508,0.2904762029647827
YNL261W,YPL113C,0,2.8257117,0.1706993728876114,0.5981416702270508,0.29059234261512756
YMR019W,YKR035W-A,0,2.8253763,0.17064280807971954,0.5981416702270508,0.2907084822654724
YDL217C,YGR112W,1,2.825273,0.17091752588748932,0.599303126335144,0.2907084822654724
YJR006W,YAL016W,0,2.8249924,0.17086093127727509,0.599303126335144,0.29082462191581726
YBR120C,YFR018C,0,2.8246958,0.17080436646938324,0.599303126335144,0.2909407615661621
YBR260C,YFL054C,0,2.8243284,0.17074784636497498,0.599303126335144,0.29105690121650696
YNL282W,YEL056W,0,2.8242075,0.1706913709640503,0.599303126335144,0.2911730408668518
YMR123W,YIL046W,0,2.8236294,0.170634925365448,0.599303126335144,0.29128921031951904
YPR182W,YMR246W,0,2.8226244,0.1705785095691681,0.599303126335144,0.2914053499698639
YNL110C,YOR215C,0,2.822272,0.17052213847637177,0.599303126335144,0.29152148962020874
YHR012W,YKL067W,0,2.8210058,0.17046581208705902,0.599303126335144,0.2916376292705536
YPL150W,YBR026C,0,2.8206213,0.17040951550006866,0.599303126335144,0.29175376892089844
YDR064W,YHR059W,0,2.820047,0.1703532487154007,0.599303126335144,0.2918699085712433
YOR243C,YOR298W,0,2.8175004,0.1702970266342163,0.599303126335144,0.29198604822158813
YIL095W,YHR008C,0,2.8154233,0.1702408492565155,0.599303126335144,0.29210221767425537
YOR025W,YER171W,0,2.8149261,0.17018470168113708,0.599303126335144,0.2922183573246002
YPR083W,YDR470C,1,2.8139527,0.17045828700065613,0.6004645824432373,0.2922183573246002
YKR008W,YHR061C,0,2.8131278,0.17040210962295532,0.6004645824432373,0.29233449697494507
YKR019C,YDL074C,0,2.8130927,0.1703459620475769,0.6004645824432373,0.2924506366252899
YIL021W,YGL051W,0,2.8123772,0.17028985917568207,0.6004645824432373,0.29256677627563477
YHR156C,YBR093C,0,2.8119314,0.17023378610610962,0.6004645824432373,0.2926829159259796
YLL051C,YOL145C,0,2.8115053,0.17017774283885956,0.6004645824432373,0.29279908537864685
YHR030C,YBL076C,0,2.811458,0.17012174427509308,0.6004645824432373,0.2929152250289917
YOL107W,YIR005W,0,2.8113015,0.17006579041481018,0.6004645824432373,0.29303136467933655
YHR074W,YBR067C,0,2.8110507,0.17000986635684967,0.6004645824432373,0.2931475043296814
YPL131W,YBL011W,0,2.8107748,0.16995397210121155,0.6004645824432373,0.29326364398002625
YPR072W,YMR186W,0,2.8101597,0.169898122549057,0.6004645824432373,0.2933797836303711
YAL022C,YLR309C,0,2.8101337,0.16984231770038605,0.6004645824432373,0.29349592328071594
YCL018W,YPL096W,0,2.8089263,0.16978654265403748,0.6004645824432373,0.2936120927333832
YDL036C,YDR034C,0,2.808376,0.1697307974100113,0.6004645824432373,0.293728232383728
YGR251W,YBR274W,0,2.8082821,0.1696750968694687,0.6004645824432373,0.2938443720340729
YMR241W,YHR005C-A,1,2.8079066,0.16994750499725342,0.6016260385513306,0.2938443720340729
YDL021W,YIL132C,0,2.807058,0.16989177465438843,0.6016260385513306,0.2939605116844177
YOL165C,YJL079C,0,2.8059118,0.16983605921268463,0.6016260385513306,0.2940766513347626
YDR082W,YOL066C,0,2.8051848,0.1697804033756256,0.6016260385513306,0.2941927909851074
YOR297C,YER125W,1,2.8051083,0.1700524240732193,0.602787435054779,0.2941927909851074
YMR182C,YER022W,0,2.8050594,0.1699967235326767,0.602787435054779,0.29430893063545227
YPL127C,YMR061W,0,2.804996,0.16994106769561768,0.602787435054779,0.2944251000881195
YNL258C,YLL043W,0,2.8048072,0.16988542675971985,0.602787435054779,0.29454123973846436
YPR125W,YNR035C,1,2.804653,0.1701570749282837,0.6039488911628723,0.29454123973846436
YNL122C,YIL047C,0,2.8042014,0.17010140419006348,0.6039488911628723,0.2946573793888092
YLR029C,YLL061W,0,2.804185,0.17004577815532684,0.6039488911628723,0.29477351903915405
YJL103C,YLR251W,0,2.8034372,0.1699901968240738,0.6039488911628723,0.2948896586894989
YLR447C,YLL029W,0,2.8017685,0.16993464529514313,0.6039488911628723,0.29500579833984375
YGL014W,YPR127W,0,2.801678,0.16987912356853485,0.6039488911628723,0.2951219379901886
YMR112C,YBL112C,0,2.7996547,0.16982364654541016,0.6039488911628723,0.29523810744285583
YMR203W,YDL198C,1,2.7992141,0.17009468376636505,0.6051103472709656,0.29523810744285583
YNL016W,YOR222W,0,2.797786,0.17003916203975677,0.6051103472709656,0.2953542470932007
YCR093W,YGL113W,0,2.7977269,0.16998368501663208,0.6051103472709656,0.29547038674354553
YPR111W,YGR285C,0,2.7976139,0.16992825269699097,0.6051103472709656,0.2955865263938904
YLR208W,YCL032W,0,2.796602,0.16987283527851105,0.6051103472709656,0.29570266604423523
YKL166C,YKL180W,0,2.7963243,0.1698174774646759,0.6051103472709656,0.2958188056945801
YDL217C,YMR203W,1,2.7958546,0.17008797824382782,0.6062718033790588,0.2958188056945801
YDR453C,YEL053C,0,2.7949927,0.1700325757265091,0.6062718033790588,0.2959349453449249
YMR203W,YOR232W,1,2.7947354,0.1703028380870819,0.6074331998825073,0.2959349453449249
YLR153C,YFL021W,0,2.7945883,0.1702473908662796,0.6074331998825073,0.29605111479759216
YLR047C,YIL133C,0,2.7935112,0.17019198834896088,0.6074331998825073,0.296167254447937
YHR004C,YBR042C,0,2.7932427,0.17013663053512573,0.6074331998825073,0.29628339409828186
YOR292C,YKL189W,0,2.7929304,0.17008130252361298,0.6074331998825073,0.2963995337486267
YKL117W,YMR296C,0,2.7923863,0.1700260043144226,0.6074331998825073,0.29651567339897156
YOL141W,YPR119W,0,2.7920747,0.16997075080871582,0.6074331998825073,0.2966318130493164
YNL073W,YDR262W,0,2.7917607,0.16991552710533142,0.6074331998825073,0.29674795269966125
YGR144W,YNL079C,1,2.7916806,0.1701851189136505,0.6085946559906006,0.29674795269966125
YPL002C,YDL208W,0,2.7914822,0.17012986540794373,0.6085946559906006,0.2968641221523285
YHR039C-A,YMR304W,0,2.7912307,0.17007465660572052,0.6085946559906006,0.29698026180267334
YEL030W,YPL098C,1,2.790428,0.17034393548965454,0.6097561120986938,0.29698026180267334
YPL200W,YNL219C,0,2.790371,0.17028868198394775,0.6097561120986938,0.2970964014530182
YDR527W,YKR002W,0,2.7889626,0.17023345828056335,0.6097561120986938,0.29721254110336304
YMR276W,YMR039C,0,2.7888165,0.17017827928066254,0.6097561120986938,0.2973286807537079
YLR208W,YNL281W,0,2.7887545,0.1701231300830841,0.6097561120986938,0.29744482040405273
YOR176W,YOR089C,0,2.7883258,0.17006802558898926,0.6097561120986938,0.29756098985671997
YLR208W,YDR262W,0,2.7874782,0.1700129508972168,0.6097561120986938,0.2976771295070648
YJL112W,YJR034W,1,2.7874725,0.17028164863586426,0.6109175086021423,0.2976771295070648
YJL194W,YGR271W,0,2.7870064,0.1702265441417694,0.6109175086021423,0.29779326915740967
YDR460W,YFL045C,0,2.7851613,0.17017146944999695,0.6109175086021423,0.2979094088077545
YKL165C,YOL108C,0,2.7849886,0.17011642456054688,0.6109175086021423,0.29802554845809937
YGR246C,YNL284C,0,2.7844698,0.17006142437458038,0.6109175086021423,0.2981416881084442
YGR144W,YOR147W,1,2.7839878,0.17032967507839203,0.6120789647102356,0.2981416881084442
YHR041C,YLR330W,0,2.7813513,0.17027463018894196,0.6120789647102356,0.29825782775878906
YPR198W,YFL045C,0,2.7812922,0.17021964490413666,0.6120789647102356,0.2983739972114563
YKR071C,YMR034C,0,2.7807066,0.17016467452049255,0.6120789647102356,0.29849013686180115
YOR297C,YNL070W,1,2.7806172,0.17043253779411316,0.6132404208183289,0.29849013686180115
YLR130C,YIR039C,0,2.780553,0.17037753760814667,0.6132404208183289,0.298606276512146
YNL274C,YOR338W,0,2.7804933,0.17032258212566376,0.6132404208183289,0.29872241616249084
YKL190W,YMR090W,0,2.779705,0.17026765644550323,0.6132404208183289,0.2988385558128357
YBR066C,YDR174W,0,2.7784436,0.1702127605676651,0.6132404208183289,0.29895469546318054
YMR008C,YNL282W,0,2.778384,0.17015790939331055,0.6132404208183289,0.2990708351135254
YDR371W,YNL052W,0,2.7770455,0.17010308802127838,0.6132404208183289,0.2991870045661926
YKL126W,YJL006C,0,2.7754765,0.1700483113527298,0.6132404208183289,0.2993031442165375
YDL078C,YBL026W,0,2.7750876,0.1699935644865036,0.6132404208183289,0.2994192838668823
YGR179C,YML128C,0,2.7743492,0.1699388474225998,0.6132404208183289,0.2995354235172272
YGL162W,YDL054C,0,2.773738,0.16988417506217957,0.6132404208183289,0.299651563167572
YGL244W,YLR329W,0,2.773577,0.16982953250408173,0.6132404208183289,0.29976770281791687
YOR239W,YBR287W,0,2.7735271,0.16977491974830627,0.6132404208183289,0.2998838424682617
YLR305C,YNL073W,0,2.773333,0.1697203516960144,0.6132404208183289,0.30000001192092896
YLR401C,YBR170C,0,2.7726398,0.16966581344604492,0.6132404208183289,0.3001161515712738
YKR071C,YBL068W,0,2.7709377,0.16961130499839783,0.6132404208183289,0.30023229122161865
YDR453C,YGL200C,0,2.7696042,0.16955684125423431,0.6132404208183289,0.3003484308719635
YLL033W,YGR027C,0,2.7690456,0.1695024073123932,0.6132404208183289,0.30046457052230835
YOL010W,YPR135W,0,2.7685802,0.16944800317287445,0.6132404208183289,0.3005807101726532
YFR031C,YGR020C,0,2.7679527,0.1693936437368393,0.6132404208183289,0.30069684982299805
YJL024C,YJR040W,0,2.7675683,0.16933931410312653,0.6132404208183289,0.3008130192756653
YLR268W,YML109W,0,2.7674105,0.16928502917289734,0.6132404208183289,0.30092915892601013
YJR004C,YJR092W,0,2.7662067,0.16923077404499054,0.6132404208183289,0.301045298576355
YAL060W,YBR052C,0,2.7658563,0.16917654871940613,0.6132404208183289,0.30116143822669983
YPL113C,YDL170W,0,2.765486,0.1691223531961441,0.6132404208183289,0.3012775778770447
YGL212W,YHR008C,0,2.7652447,0.16906820237636566,0.6132404208183289,0.3013937175273895
YHR109W,YDR218C,0,2.7649364,0.1690140813589096,0.6132404208183289,0.30150988698005676
YDR499W,YNL192W,0,2.7636845,0.16896000504493713,0.6132404208183289,0.3016260266304016
YOR275C,YGL019W,0,2.7631838,0.16890594363212585,0.6132404208183289,0.30174216628074646
YCR014C,YDR076W,0,2.7629006,0.16885194182395935,0.6132404208183289,0.3018583059310913
YJL144W,YAL040C,0,2.7624216,0.16879795491695404,0.6132404208183289,0.30197444558143616
YOL026C,YOR232W,1,2.7616184,0.16906359791755676,0.6144018769264221,0.30197444558143616
YOL102C,YDL024C,0,2.7615626,0.16900958120822906,0.6144018769264221,0.302090585231781
YNL307C,YKL003C,0,2.761122,0.16895560920238495,0.6144018769264221,0.30220672488212585
YIL046W,YNL092W,0,2.760145,0.16890166699886322,0.6144018769264221,0.3023228943347931
YBR172C,YPL104W,0,2.7599678,0.16884775459766388,0.6144018769264221,0.30243903398513794
YJR070C,YDR332W,0,2.7590978,0.16879387199878693,0.6144018769264221,0.3025551736354828
YCL025C,YJL192C,0,2.7582898,0.16874003410339355,0.6144018769264221,0.30267131328582764
YBR196C,YGR214W,0,2.7582624,0.16868622601032257,0.6144018769264221,0.3027874529361725
YHR164C,YCL018W,0,2.7576003,0.16863244771957397,0.6144018769264221,0.30290359258651733
YBL076C,YOR226C,0,2.7571378,0.16857871413230896,0.6144018769264221,0.3030197322368622
YCL043C,YER052C,0,2.757021,0.16852501034736633,0.6144018769264221,0.3031359016895294
YOR311C,YHR051W,0,2.7569,0.1684713363647461,0.6144018769264221,0.30325204133987427
YBR031W,YMR115W,0,2.756588,0.16841770708560944,0.6144018769264221,0.3033681809902191
YDL202W,YFL023W,0,2.7550077,0.16836409270763397,0.6144018769264221,0.30348432064056396
YGL209W,YMR061W,0,2.7543683,0.16831053793430328,0.6144018769264221,0.3036004602909088
YDR218C,YDR392W,0,2.7530677,0.1682569980621338,0.6144018769264221,0.30371659994125366
YML058W-A,YKL003C,0,2.752958,0.16820350289344788,0.6144018769264221,0.3038327395915985
YMR090W,YHR119W,0,2.752552,0.16815003752708435,0.6144018769264221,0.30394890904426575
YKL020C,YOR215C,0,2.7523756,0.1680966019630432,0.6144018769264221,0.3040650486946106
YKL170W,YBL112C,0,2.7522378,0.16804319620132446,0.6144018769264221,0.30418118834495544
YJR005W,YDL083C,0,2.75184,0.1679898351430893,0.6144018769264221,0.3042973279953003
YIL134W,YJL034W,0,2.7509894,0.1679365038871765,0.6144018769264221,0.30441346764564514
YPR035W,YOR085W,0,2.7509484,0.16788321733474731,0.6144018769264221,0.30452960729599
YPL200W,YDL111C,0,2.7505424,0.1678299456834793,0.6144018769264221,0.30464574694633484
YLR386W,YLR187W,0,2.7505033,0.16777671873569489,0.6144018769264221,0.3047619163990021
YJL134W,YDL128W,0,2.7504587,0.16772352159023285,0.6144018769264221,0.3048780560493469
YLR028C,YER087C-B,0,2.7498753,0.1676703691482544,0.6144018769264221,0.3049941956996918
YDR419W,YNR028W,0,2.7495906,0.16761723160743713,0.6144018769264221,0.3051103353500366
YKL090W,YBL079W,0,2.7491362,0.16756413877010345,0.6144018769264221,0.30522647500038147
YGR251W,YIL095W,0,2.7481873,0.16751107573509216,0.6144018769264221,0.3053426146507263
YDR083W,YLR312W-A,0,2.747168,0.16745805740356445,0.6144018769264221,0.30545875430107117
YCL008C,YAR027W,0,2.7467892,0.16740506887435913,0.6144018769264221,0.3055749237537384
YLR344W,YGR185C,0,2.7467244,0.1673521101474762,0.6144018769264221,0.30569106340408325
YIL021W,YMR210W,0,2.746484,0.16729918122291565,0.6144018769264221,0.3058072030544281
YLR295C,YDL206W,0,2.7453368,0.1672462821006775,0.6144018769264221,0.30592334270477295
YMR203W,YNL070W,1,2.7442377,0.16750948131084442,0.6155632734298706,0.30592334270477295
YKR019C,YKL085W,0,2.743681,0.16745655238628387,0.6155632734298706,0.3060394823551178
YPL274W,YEL041W,0,2.7410011,0.1674036681652069,0.6155632734298706,0.30615562200546265
YPR125W,YPL098C,1,2.7405872,0.16766655445098877,0.6167247295379639,0.30615562200546265
YDR304C,YOR294W,0,2.740463,0.16761364042758942,0.6167247295379639,0.3062717914581299
YJL011C,YFL013C,0,2.7403028,0.16756074130535126,0.6167247295379639,0.30638793110847473
YNL095C,YLR129W,0,2.73993,0.16750788688659668,0.6167247295379639,0.3065040707588196
YDL045W-A,YBR115C,0,2.7394316,0.1674550622701645,0.6167247295379639,0.30662021040916443
YDL045W-A,YFL010W-A,0,2.7389486,0.1674022674560547,0.6167247295379639,0.3067363500595093
YKR054C,YBR020W,0,2.7385561,0.16734951734542847,0.6167247295379639,0.3068524897098541
YMR008C,YER019C-A,0,2.737435,0.16729678213596344,0.6167247295379639,0.306968629360199
YGL050W,YKL085W,0,2.7365832,0.167244091629982,0.6167247295379639,0.3070847988128662
YJL187C,YPL208W,0,2.7355752,0.16719143092632294,0.6167247295379639,0.30720093846321106
YMR267W,YPR152C,0,2.735287,0.16713881492614746,0.6167247295379639,0.3073170781135559
YNL262W,YDR472W,0,2.7346327,0.16708621382713318,0.6167247295379639,0.30743321776390076
YBR195C,YJR005W,0,2.7344174,0.16703365743160248,0.6167247295379639,0.3075493574142456
YFL057C,YLR321C,0,2.7343495,0.16698113083839417,0.6167247295379639,0.30766549706459045
YMR194W,YIL132C,0,2.7341957,0.16692863404750824,0.6167247295379639,0.3077816367149353
YIL083C,YPL096W,0,2.7337596,0.1668761819601059,0.6167247295379639,0.30789780616760254
YHR002W,YAL022C,0,2.733759,0.16682374477386475,0.6167247295379639,0.3080139458179474
YDL111C,YBR145W,0,2.7331922,0.16677135229110718,0.6167247295379639,0.30813008546829224
YDL198C,YDR470C,1,2.7331247,0.16703297197818756,0.6178861856460571,0.30813008546829224
YKL206C,YLL055W,0,2.732642,0.1669805347919464,0.6178861856460571,0.3082462251186371
YER098W,YNL175C,0,2.7326372,0.16692814230918884,0.6178861856460571,0.30836236476898193
YDR416W,YPR006C,0,2.7312737,0.16687577962875366,0.6178861856460571,0.3084785044193268
YGR145W,YPR200C,0,2.7311509,0.16682346165180206,0.6178861856460571,0.30859464406967163
YMR038C,YBR222C,0,2.7308576,0.16677115857601166,0.6178861856460571,0.30871081352233887
YML049C,YBR128C,0,2.73079,0.16671890020370483,0.6178861856460571,0.3088269531726837
YGR180C,YLR197W,0,2.7302625,0.1666666716337204,0.6178861856460571,0.30894309282302856
YNL281W,YJL053W,0,2.7294815,0.16661447286605835,0.6178861856460571,0.3090592324733734
YJL200C,YLR325C,0,2.7286303,0.1665623039007187,0.6178861856460571,0.30917537212371826
YDL029W,YDL217C,1,2.7285032,0.16682316362857819,0.6190476417541504,0.30917537212371826
YGL200C,YKL182W,0,2.7276733,0.16677096486091614,0.6190476417541504,0.3092915117740631
YLR386W,YKL064W,0,2.7276495,0.16671879589557648,0.6190476417541504,0.30940765142440796
YOR291W,YCL018W,0,2.7274811,0.1666666716337204,0.6190476417541504,0.3095238208770752
YHR164C,YAL024C,0,2.727287,0.1666145622730255,0.6190476417541504,0.30963996052742004
YDR411C,YJR032W,0,2.7265756,0.1665624976158142,0.6190476417541504,0.3097561001777649
YDL024C,YJL079C,0,2.7259438,0.1665104627609253,0.6190476417541504,0.30987223982810974
YKL013C,YPL098C,1,2.7256246,0.16677077114582062,0.6202090382575989,0.30987223982810974
YGR167W,YGR070W,0,2.7253687,0.16671870648860931,0.6202090382575989,0.3099883794784546
YLR033W,YLR270W,0,2.7251756,0.1666666716337204,0.6202090382575989,0.31010451912879944
YIL108W,YBR115C,0,2.7250822,0.16661466658115387,0.6202090382575989,0.3102206587791443
YGR144W,YKR036C,1,2.7248032,0.16687461733818054,0.6213704943656921,0.3102206587791443
YLR157C,YCL043C,0,2.724402,0.16682258248329163,0.6213704943656921,0.3103368282318115
YML006C,YOR204W,0,2.7234137,0.1667705774307251,0.6213704943656921,0.31045296788215637
YHR030C,YKR054C,0,2.7231119,0.16671860218048096,0.6213704943656921,0.3105691075325012
YDR076W,YNL307C,0,2.7228694,0.1666666716337204,0.6213704943656921,0.31068524718284607
YJR130C,YGL113W,0,2.7227175,0.16661475598812103,0.6213704943656921,0.3108013868331909
YDR222W,YML056C,0,2.7223322,0.16656288504600525,0.6213704943656921,0.31091752648353577
YPR083W,YPR125W,1,2.7218866,0.16682228446006775,0.6225319504737854,0.31091752648353577
YLR025W,YPL087W,0,2.7213063,0.16677038371562958,0.6225319504737854,0.311033695936203
YEL043W,YNL219C,0,2.7212222,0.1667185127735138,0.6225319504737854,0.31114983558654785
YLR270W,YOR338W,0,2.7211707,0.1666666716337204,0.6225319504737854,0.3112659752368927
YFR001W,YPL259C,0,2.7207632,0.1666148602962494,0.6225319504737854,0.31138211488723755
YGL186C,YMR272C,0,2.7191803,0.16656307876110077,0.6225319504737854,0.3114982545375824
YDL015C,YDR260C,0,2.7191365,0.16651134192943573,0.6225319504737854,0.31161439418792725
YPL096W,YMR075W,0,2.7186952,0.16645961999893188,0.6225319504737854,0.3117305338382721
YDR411C,YFL021W,0,2.7171178,0.16640794277191162,0.6225319504737854,0.31184670329093933
YKL190W,YBR287W,0,2.716865,0.16635629534721375,0.6225319504737854,0.3119628429412842
YDL029W,YHR005C-A,1,2.716388,0.16661494970321655,0.6236934065818787,0.3119628429412842
YDR205W,YPL007C,0,2.7163134,0.1665632724761963,0.6236934065818787,0.31207898259162903
YLR383W,YHR168W,0,2.715811,0.1665116250514984,0.6236934065818787,0.3121951222419739
YJR149W,YJL004C,0,2.7149017,0.16646000742912292,0.6236934065818787,0.3123112618923187
YHR004C,YBL028C,0,2.7145264,0.16640843451023102,0.6236934065818787,0.3124274015426636
YEL022W,YDL054C,0,2.7143354,0.1663568764925003,0.6236934065818787,0.3125435411930084
YLR425W,YDL039C,0,2.713477,0.16630536317825317,0.6236934065818787,0.31265971064567566
YMR269W,YKL175W,0,2.7128398,0.16625386476516724,0.6236934065818787,0.3127758502960205
YKL119C,YGL148W,0,2.7122934,0.16620241105556488,0.6236934065818787,0.31289198994636536
YDR207C,YFL017W-A,0,2.7119198,0.1661509871482849,0.6236934065818787,0.3130081295967102
YDR079W,YNL304W,1,2.710828,0.16640891134738922,0.6248548030853271,0.3130081295967102
YHR079C,YBR173C,0,2.7107084,0.16635745763778687,0.6248548030853271,0.31312426924705505
YLR452C,YPL244C,0,2.7102845,0.1663060337305069,0.6248548030853271,0.3132404088973999
YMR272C,YHR168W,0,2.7099512,0.16625463962554932,0.6248548030853271,0.31335654854774475
YOR327C,YBR010W,0,2.709679,0.16620327532291412,0.6248548030853271,0.313472718000412
YCL036W,YEL053C,0,2.709596,0.16615194082260132,0.6248548030853271,0.31358885765075684
YLR305C,YMR090W,0,2.7095337,0.1661006510257721,0.6248548030853271,0.3137049973011017
YMR025W,YNR002C,0,2.708562,0.16604937613010406,0.6248548030853271,0.31382113695144653
YDR351W,YDL077C,0,2.7079823,0.16599814593791962,0.6248548030853271,0.3139372766017914
YBR294W,YLR285W,0,2.7076352,0.16594694554805756,0.6248548030853271,0.31405341625213623
YPR024W,YOL026C,1,2.7072725,0.16620412468910217,0.6260162591934204,0.31405341625213623
YGL094C,YER087W,0,2.7070677,0.16615289449691772,0.6260162591934204,0.3141695559024811
YGR010W,YJL213W,0,2.7070546,0.16610169410705566,0.6260162591934204,0.3142857253551483
YJR092W,YDR410C,0,2.7066796,0.166050523519516,0.6260162591934204,0.31440186500549316
YHR214C-B,YJL053W,0,2.7058606,0.1659993827342987,0.6260162591934204,0.314518004655838
YHR132C,YLR141W,0,2.705425,0.1659482717514038,0.6260162591934204,0.31463414430618286
YDR059C,YBR261C,0,2.7051961,0.1658972054719925,0.6260162591934204,0.3147502839565277
YGL212W,YDR449C,0,2.705091,0.16584615409374237,0.6260162591934204,0.31486642360687256
YIL142W,YLL040C,0,2.704881,0.16579513251781464,0.6260162591934204,0.3149825930595398
YOR297C,YNL121C,1,2.7038188,0.16605165600776672,0.6271777153015137,0.3149825930595398
YLR285W,YPR127W,0,2.7037423,0.1660006195306778,0.6271777153015137,0.31509873270988464
YPL042C,YMR193W,0,2.7024086,0.16594959795475006,0.6271777153015137,0.3152148723602295
YEL022W,YNL192W,0,2.701554,0.1658986210823059,0.6271777153015137,0.31533101201057434
YNL050C,YDR304C,0,2.701422,0.16584765911102295,0.6271777153015137,0.3154471516609192
YCR030C,YDR233C,0,2.7010393,0.16579674184322357,0.6271777153015137,0.31556329131126404
YDL028C,YOL124C,0,2.700679,0.16574585437774658,0.6271777153015137,0.3156794309616089
YBR294W,YGR134W,0,2.7005956,0.16569499671459198,0.6271777153015137,0.3157956004142761
YMR295C,YFR036W,0,2.6996548,0.16564416885375977,0.6271777153015137,0.31591174006462097
YDR131C,YHR209W,0,2.699002,0.16559337079524994,0.6271777153015137,0.3160278797149658
YKL078W,YKL003C,0,2.698027,0.1655426174402237,0.6271777153015137,0.31614401936531067
YBR067C,YDR457W,0,2.6978853,0.16549187898635864,0.6271777153015137,0.3162601590156555
YLR105C,YDR419W,0,2.6978853,0.16544117033481598,0.6271777153015137,0.31637629866600037
YEL022W,YGL225W,0,2.6978772,0.1653905063867569,0.6271777153015137,0.3164924383163452
YNL202W,YDR062W,0,2.6971538,0.1653398722410202,0.6271777153015137,0.31660860776901245
YDR499W,YKL180W,0,2.696634,0.1652892529964447,0.6271777153015137,0.3167247474193573
YMR008C,YLR103C,0,2.6963203,0.16523867845535278,0.6271777153015137,0.31684088706970215
YDL059C,YDR364C,0,2.6960146,0.16518813371658325,0.6271777153015137,0.316957026720047
YNR006W,YER137C,0,2.694144,0.1651376187801361,0.6271777153015137,0.31707316637039185
YNL131W,YOL026C,1,2.6924765,0.16539284586906433,0.6283391118049622,0.31707316637039185
YDL198C,YLR163C,1,2.6923559,0.16564792394638062,0.6295005679130554,0.31707316637039185
YIL139C,YOR222W,0,2.692179,0.16559730470180511,0.6295005679130554,0.3171893060207367
YML097C,YJL155C,0,2.691829,0.1655467301607132,0.6295005679130554,0.31730544567108154
YBR052C,YBL092W,0,2.691087,0.16549618542194366,0.6295005679130554,0.3174216151237488
YKR103W,YBR173C,0,2.6910744,0.16544567048549652,0.6295005679130554,0.31753775477409363
YMR020W,YKL038W,0,2.6906366,0.16539518535137177,0.6295005679130554,0.3176538944244385
YKL182W,YGL030W,0,2.690608,0.1653447151184082,0.6295005679130554,0.3177700340747833
YGR113W,YHR079C,0,2.6903691,0.16529430449008942,0.6295005679130554,0.3178861737251282
YPL050C,YLR330W,0,2.6902962,0.16524390876293182,0.6295005679130554,0.318002313375473
YPL083C,YKR020W,0,2.6899765,0.16519354283809662,0.6295005679130554,0.31811845302581787
YKL013C,YDR470C,1,2.689848,0.1654478907585144,0.6306620240211487,0.31811845302581787
YPL163C,YPL218W,0,2.6896555,0.1653974950313568,0.6306620240211487,0.3182346224784851
YMR054W,YPL244C,0,2.687983,0.1653471440076828,0.6306620240211487,0.31835076212882996
YER017C,YDR470C,1,2.6871827,0.1656012237071991,0.6318234801292419,0.31835076212882996
YER008C,YPL151C,0,2.6871536,0.1655508279800415,0.6318234801292419,0.3184669017791748
YLR380W,YHR059W,0,2.6865115,0.1655004620552063,0.6318234801292419,0.31858304142951965
YMR200W,YPL027W,0,2.6859472,0.16545012593269348,0.6318234801292419,0.3186991810798645
YOL102C,YPL099C,0,2.6852443,0.16539981961250305,0.6318234801292419,0.31881532073020935
YCR014C,YLR209C,0,2.6847641,0.165349543094635,0.6318234801292419,0.3189314603805542
YLL045C,YJL176C,0,2.6846929,0.16529929637908936,0.6318234801292419,0.31904762983322144
YLR050C,YJR103W,0,2.6819944,0.16524909436702728,0.6318234801292419,0.3191637694835663
YER145C,YDR195W,0,2.680415,0.1651989072561264,0.6318234801292419,0.31927990913391113
YEL012W,YNL309W,0,2.67925,0.1651487499475479,0.6318234801292419,0.319396048784256
YPR030W,YDL225W,0,2.679071,0.165098637342453,0.6318234801292419,0.31951218843460083
YIL134W,YML006C,0,2.6789286,0.1650485396385193,0.6318234801292419,0.3196283280849457
YOL057W,YDL197C,0,2.6779912,0.16499848663806915,0.6318234801292419,0.3197444975376129
YHR005C-A,YNR035C,1,2.6776676,0.16525167226791382,0.6329848766326904,0.3197444975376129
YMR114C,YBR031W,0,2.6765692,0.1652015745639801,0.6329848766326904,0.31986063718795776
YJL053W,YPR160W,0,2.676306,0.16515152156352997,0.6329848766326904,0.3199767768383026
YOL141W,YHR039C-A,0,2.6745226,0.16510148346424103,0.6329848766326904,0.32009291648864746
YDR233C,YGR222W,0,2.6740358,0.16505149006843567,0.6329848766326904,0.3202090561389923
YPR189W,YBR287W,0,2.6738582,0.1650015115737915,0.6329848766326904,0.32032519578933716
YJL166W,YNL010W,0,2.6737933,0.16495157778263092,0.6329848766326904,0.320441335439682
YKL126W,YDR378C,0,2.672975,0.16490165889263153,0.6329848766326904,0.32055750489234924
YBR177C,YLR153C,0,2.671922,0.16485178470611572,0.6329848766326904,0.3206736445426941
YDR059C,YGL174W,0,2.6709712,0.1648019403219223,0.6329848766326904,0.32078978419303894
YJL060W,YIR032C,0,2.6691632,0.16475211083889008,0.6329848766326904,0.3209059238433838
YHR074W,YIL139C,0,2.6683526,0.16470232605934143,0.6329848766326904,0.32102206349372864
YDR090C,YLR197W,0,2.668019,0.16465257108211517,0.6329848766326904,0.3211382031440735
YJL081C,YNL122C,0,2.6675937,0.1646028459072113,0.6329848766326904,0.32125434279441833
YGR010W,YCR087C-A,0,2.6673472,0.16455313563346863,0.6329848766326904,0.32137051224708557
YKL161C,YJL095W,0,2.6664658,0.16450347006320953,0.6329848766326904,0.3214866518974304
YKL053C-A,YNR035C,1,2.6660955,0.16475558280944824,0.6341463327407837,0.3214866518974304
YGL183C,YKR101W,0,2.6654108,0.16470588743686676,0.6341463327407837,0.32160279154777527
YOR099W,YJL206C,0,2.6621926,0.16465620696544647,0.6341463327407837,0.3217189311981201
YDR030C,YDR140W,0,2.6612446,0.16460657119750977,0.6341463327407837,0.32183507084846497
YOR388C,YOR204W,0,2.6611814,0.16455696523189545,0.6341463327407837,0.3219512104988098
YKL013C,YER125W,1,2.660508,0.16480867564678192,0.635307788848877,0.3219512104988098
YBR177C,YIR032C,0,2.6604407,0.16475903987884521,0.635307788848877,0.32206735014915466
YLR107W,YAL016W,0,2.6597497,0.1647094190120697,0.635307788848877,0.3221835196018219
YML032C,YFL038C,0,2.6594841,0.16465984284877777,0.635307788848877,0.32229965925216675
YDR140W,YNL239W,0,2.6592567,0.16461029648780823,0.635307788848877,0.3224157989025116
YLR447C,YOL038W,0,2.6588142,0.16456076502799988,0.635307788848877,0.32253193855285645
YIL006W,YCL057W,0,2.6587074,0.1645112782716751,0.635307788848877,0.3226480782032013
YMR117C,YGL190C,0,2.6581993,0.16446182131767273,0.635307788848877,0.32276421785354614
YBR096W,YOR162C,0,2.657317,0.16441237926483154,0.635307788848877,0.322880357503891
YLR329W,YBR238C,0,2.657273,0.16436298191547394,0.635307788848877,0.3229965269565582
YIL088C,YOR275C,0,2.6566086,0.16431361436843872,0.635307788848877,0.3231126666069031
YLR295C,YER022W,0,2.6564639,0.1642642617225647,0.635307788848877,0.3232288062572479
YHR059W,YKL189W,0,2.6563354,0.16421495378017426,0.635307788848877,0.3233449459075928
YDR371W,YMR269W,0,2.6556177,0.164165660738945,0.635307788848877,0.3234610855579376
YGR144W,YEL030W,1,2.655314,0.16441644728183746,0.6364692449569702,0.3234610855579376
YHR061C,YBL092W,0,2.6553004,0.16436712443828583,0.6364692449569702,0.32357722520828247
YNL178W,YDR222W,0,2.6547477,0.16431784629821777,0.6364692449569702,0.3236933946609497
YGR144W,YOL026C,1,2.6539345,0.16456834971904755,0.6376306414604187,0.3236933946609497
YPL104W,YLL012W,0,2.6528444,0.1645190268754959,0.6376306414604187,0.32380953431129456
YLR005W,YDR195W,0,2.652731,0.16446974873542786,0.6376306414604187,0.3239256739616394
YLR107W,YPR138C,0,2.6527267,0.164420485496521,0.6376306414604187,0.32404181361198425
YJL178C,YDR369C,0,2.6523738,0.16437125205993652,0.6376306414604187,0.3241579532623291
YER017C,YPR133W-A,1,2.6521373,0.16462136805057526,0.638792097568512,0.3241579532623291
YHR077C,YDL128W,0,2.6493044,0.1645721197128296,0.638792097568512,0.32427409291267395
YPR111W,YJL134W,0,2.6491792,0.16452288627624512,0.638792097568512,0.3243902325630188
YMR241W,YMR203W,1,2.6485775,0.16477273404598236,0.6399535536766052,0.3243902325630188
YMR093W,YNR044W,0,2.648444,0.1647234708070755,0.6399535536766052,0.32450640201568604
YER151C,YGR222W,0,2.6472948,0.16467423737049103,0.6399535536766052,0.3246225416660309
YNL117W,YGL019W,0,2.6471734,0.16462503373622894,0.6399535536766052,0.32473868131637573
YBR196C,YEL043W,0,2.6471264,0.16457585990428925,0.6399535536766052,0.3248548209667206
YJR127C,YOR340C,0,2.6470883,0.16452673077583313,0.6399535536766052,0.32497096061706543
YCR087C-A,YMR246W,0,2.6470397,0.1644776165485382,0.6399535536766052,0.3250871002674103
YBR020W,YDL148C,0,2.6463892,0.16442853212356567,0.6399535536766052,0.3252032399177551
YHR082C,YKR028W,0,2.6454222,0.16437947750091553,0.6399535536766052,0.32531940937042236
YPR011C,YBR196C,0,2.6446362,0.16433045268058777,0.6399535536766052,0.3254355490207672
YJL034W,YLR028C,0,2.6442275,0.1642814576625824,0.6399535536766052,0.32555168867111206
YDR371W,YEL022W,0,2.6441967,0.16423249244689941,0.6399535536766052,0.3256678283214569
YPR204W,YAL038W,0,2.6441405,0.16418355703353882,0.6399535536766052,0.32578396797180176
YMR032W,YOL090W,0,2.6440446,0.1641346514225006,0.6399535536766052,0.3259001076221466
YKL013C,YDR296W,1,2.643783,0.16438356041908264,0.6411150097846985,0.3259001076221466
YFR001W,YDR173C,0,2.6437213,0.16433462500572205,0.6411150097846985,0.32601624727249146
YHR132C,YBR282W,0,2.6433818,0.16428571939468384,0.6411150097846985,0.3261324167251587
YGR238C,YLR330W,0,2.643357,0.16423682868480682,0.6411150097846985,0.32624855637550354
YML058W-A,YPR091C,0,2.6430585,0.1641879826784134,0.6411150097846985,0.3263646960258484
YDR351W,YDR196C,0,2.6419444,0.16413916647434235,0.6411150097846985,0.32648083567619324
YIL046W,YJL081C,0,2.6416829,0.1640903651714325,0.6411150097846985,0.3265969753265381
YPR196W,YCL052C,0,2.6412942,0.16404160857200623,0.6411150097846985,0.32671311497688293
YMR090W,YCR026C,0,2.6408806,0.16399286687374115,0.6411150097846985,0.3268292546272278
YMR089C,YKL013C,1,2.6396298,0.16424116492271423,0.642276406288147,0.3268292546272278
YOR324C,YBR145W,0,2.6392362,0.16419239342212677,0.642276406288147,0.326945424079895
YLR452C,YAR002C-A,0,2.6388273,0.1641436666250229,0.642276406288147,0.32706156373023987
YKL205W,YNL259C,0,2.6387637,0.1640949547290802,0.642276406288147,0.3271777033805847
YMR284W,YLR088W,0,2.6380155,0.1640462726354599,0.642276406288147,0.32729384303092957
YGR169C,YDR240C,0,2.636408,0.163997620344162,0.642276406288147,0.3274099826812744
YER049W,YMR273C,0,2.6363652,0.16394901275634766,0.642276406288147,0.32752612233161926
YJR101W,YBR010W,0,2.636359,0.16390042006969452,0.642276406288147,0.3276422619819641
YGR070W,YGR185C,0,2.634569,0.16385185718536377,0.642276406288147,0.32775843143463135
YJL087C,YMR272C,0,2.6338313,0.1638033241033554,0.642276406288147,0.3278745710849762
YDR254W,YKL015W,0,2.633611,0.16375480592250824,0.642276406288147,0.32799071073532104
YKL170W,YDL015C,0,2.633166,0.16370633244514465,0.642276406288147,0.3281068503856659
YKL093W,YNL050C,0,2.632113,0.16365788877010345,0.642276406288147,0.32822299003601074
YDL246C,YMR304W,0,2.6318307,0.16360947489738464,0.642276406288147,0.3283391296863556
YNL302C,YHR079C,0,2.6312714,0.16356107592582703,0.642276406288147,0.3284552991390228
YMR273C,YER130C,0,2.6311347,0.163512721657753,0.642276406288147,0.3285714387893677
YFL033C,YDR415C,0,2.6307435,0.16346438229084015,0.642276406288147,0.3286875784397125
YOR317W,YGL203C,0,2.6300247,0.1634160727262497,0.642276406288147,0.3288037180900574
YHR060W,YDR337W,0,2.6299038,0.16336779296398163,0.642276406288147,0.3289198577404022
YBR278W,YLR009W,0,2.6296332,0.16331955790519714,0.642276406288147,0.32903599739074707
YPL163C,YIL046W,0,2.629602,0.16327133774757385,0.642276406288147,0.3291521370410919
YML051W,YMR117C,0,2.629204,0.16322314739227295,0.642276406288147,0.32926830649375916
YBR042C,YDR260C,0,2.6289127,0.16317497193813324,0.642276406288147,0.329384446144104
YKL126W,YDR090C,0,2.62829,0.1631268411874771,0.642276406288147,0.32950058579444885
YLR383W,YOR393W,0,2.627435,0.16307874023914337,0.642276406288147,0.3296167254447937
YMR089C,YOR297C,1,2.6273782,0.1633254736661911,0.6434378623962402,0.3296167254447937
YLR191W,YNL044W,0,2.627377,0.16327734291553497,0.6434378623962402,0.32973286509513855
YBR067C,YDR138W,0,2.6265726,0.16322922706604004,0.6434378623962402,0.3298490047454834
YGR052W,YBL028C,0,2.6265495,0.1631811559200287,0.6434378623962402,0.32996514439582825
YPL002C,YDL039C,0,2.6256444,0.16313309967517853,0.6434378623962402,0.3300813138484955
YDR461W,YNL284C,0,2.6249475,0.16308507323265076,0.6434378623962402,0.33019745349884033
YLR383W,YIL076W,0,2.6243608,0.16303707659244537,0.6434378623962402,0.3303135931491852
YOL028C,YOR085W,0,2.624337,0.16298910975456238,0.6434378623962402,0.33042973279953003
YDR518W,YLR264W,0,2.6242075,0.16294117271900177,0.6434378623962402,0.3305458724498749
YLL003W,YJL029C,0,2.6237354,0.16289326548576355,0.6434378623962402,0.3306620121002197
YMR169C,YHR060W,0,2.6226094,0.16284538805484772,0.6434378623962402,0.3307781517505646
YKL203C,YHR082C,0,2.6208813,0.16279752552509308,0.6434378623962402,0.3308943212032318
YNL121C,YNR035C,1,2.6195369,0.16304348409175873,0.6445993185043335,0.3308943212032318
YOR187W,YER019C-A,0,2.618883,0.1629955917596817,0.6445993185043335,0.33101046085357666
YGR010W,YKL206C,0,2.6181426,0.16294774413108826,0.6445993185043335,0.3311266005039215
YNL006W,YFL017W-A,0,2.6164,0.162899911403656,0.6445993185043335,0.33124274015426636
YHR211W,YGR032W,0,2.6157367,0.16285210847854614,0.6445993185043335,0.3313588798046112
YGR118W,YNL092W,0,2.6156244,0.16280433535575867,0.6445993185043335,0.33147501945495605
YGL037C,YMR087W,0,2.615526,0.16275659203529358,0.6445993185043335,0.3315911591053009
YCR057C,YDR353W,0,2.615353,0.16270887851715088,0.6445993185043335,0.33170732855796814
YPL129W,YER087C-B,0,2.615081,0.16266119480133057,0.6445993185043335,0.331823468208313
YOR222W,YPR159W,0,2.6146424,0.16261354088783264,0.6445993185043335,0.33193960785865784
YHR074W,YKR035W-A,0,2.6140776,0.1625659018754959,0.6445993185043335,0.3320557475090027
YJL194W,YKR035W-A,0,2.6140194,0.16251830756664276,0.6445993185043335,0.33217188715934753
YCR014C,YLR440C,0,2.613728,0.1624707281589508,0.6445993185043335,0.3322880268096924
YJR078W,YDR151C,0,2.61358,0.16242317855358124,0.6445993185043335,0.33240416646003723
YGR095C,YEL062W,0,2.6135783,0.16237565875053406,0.6445993185043335,0.33252033591270447
YMR300C,YFR052W,0,2.6133397,0.16232816874980927,0.6445993185043335,0.3326364755630493
YDR285W,YDR218C,0,2.6130235,0.16228070855140686,0.6445993185043335,0.33275261521339417
YOR232W,YPR083W,1,2.61301,0.16252557933330536,0.645760715007782,0.33275261521339417
YLR295C,YOR215C,0,2.6126719,0.16247808933258057,0.645760715007782,0.332868754863739
YDL140C,YOR299W,0,2.6124892,0.16243061423301697,0.645760715007782,0.33298489451408386
YOR230W,YBR141C,0,2.6123676,0.16238318383693695,0.645760715007782,0.3331010341644287
YJR031C,YOL108C,0,2.612086,0.16233576834201813,0.645760715007782,0.33321720361709595
YOR147W,YHR005C-A,1,2.6119974,0.16258026659488678,0.6469221711158752,0.33321720361709595
YAL016W,YFL001W,0,2.6108904,0.16253282129764557,0.6469221711158752,0.3333333432674408
YER055C,YOR355W,0,2.6106172,0.16248542070388794,0.6469221711158752,0.33344948291778564
YBR128C,YMR200W,0,2.6099596,0.1624380350112915,0.6469221711158752,0.3335656225681305
YDR072C,YMR114C,0,2.6091816,0.16239066421985626,0.6469221711158752,0.33368176221847534
YKL161C,YDL040C,0,2.6087477,0.1623433381319046,0.6469221711158752,0.3337979018688202
YGL174W,YHR079C,0,2.60869,0.16229604184627533,0.6469221711158752,0.33391404151916504
YJL124C,YPL188W,0,2.6086674,0.16224876046180725,0.6469221711158752,0.3340302109718323
YOR283W,YJR051W,0,2.6079838,0.16220150887966156,0.6469221711158752,0.3341463506221771
YGL203C,YER046W,0,2.607589,0.16215428709983826,0.6469221711158752,0.334262490272522
YMR200W,YLR042C,0,2.6066778,0.16210709512233734,0.6469221711158752,0.3343786299228668
YDR072C,YLR153C,0,2.605256,0.1620599329471588,0.6469221711158752,0.33449476957321167
YFR031C,YDR444W,0,2.6052427,0.16201280057430267,0.6469221711158752,0.3346109092235565
YDL206W,YDR226W,0,2.6051066,0.16196568310260773,0.6469221711158752,0.33472704887390137
YFR029W,YMR284W,0,2.6048753,0.16191861033439636,0.6469221711158752,0.3348432183265686
YIL134W,YHR164C,0,2.6048744,0.1618715524673462,0.6469221711158752,0.33495935797691345
YDR233C,YHR077C,0,2.6038342,0.1618245244026184,0.6469221711158752,0.3350754976272583
YJL066C,YGL037C,0,2.602384,0.161777526140213,0.6469221711158752,0.33519163727760315
YNR004W,YBR141C,0,2.6019886,0.1617305427789688,0.6469221711158752,0.335307776927948
YLR029C,YDR218C,0,2.6016722,0.1616836041212082,0.6469221711158752,0.33542391657829285
YCL043C,YLL043W,0,2.6009269,0.16163668036460876,0.6469221711158752,0.3355400562286377
YDL217C,YPL098C,1,2.600478,0.16187989711761475,0.6480836272239685,0.3355400562286377
YDR429C,YBR173C,0,2.5997863,0.16183294355869293,0.6480836272239685,0.33565622568130493
YPR072W,YNR018W,0,2.5995777,0.1617860198020935,0.6480836272239685,0.3357723653316498
YEL062W,YCR012W,0,2.5990698,0.16173912584781647,0.6480836272239685,0.33588850498199463
YNL232W,YKR068C,0,2.5986555,0.16169226169586182,0.6480836272239685,0.3360046446323395
YHR077C,YLR321C,0,2.5985541,0.16164542734622955,0.6480836272239685,0.3361207842826843
YDR079W,YDL217C,1,2.5982318,0.1618882119655609,0.6492450833320618,0.3361207842826843
YNL297C,YOR089C,0,2.5979788,0.16184134781360626,0.6492450833320618,0.3362369239330292
YER013W,YBL011W,0,2.5975125,0.1617944985628128,0.6492450833320618,0.336353063583374
YJL030W,YBR230C,0,2.5974433,0.16174767911434174,0.6492450833320618,0.33646923303604126
YNL026W,YPR133W-A,1,2.596489,0.16199016571044922,0.6504064798355103,0.33646923303604126
YKR036C,YNL304W,1,2.595866,0.16223250329494476,0.6515679359436035,0.33646923303604126
YHR029C,YHR135C,0,2.595845,0.16218560934066772,0.6515679359436035,0.3365853726863861
YKL217W,YNL073W,0,2.5958297,0.16213873028755188,0.6515679359436035,0.33670151233673096
YDR196C,YBR187W,0,2.595668,0.16209188103675842,0.6515679359436035,0.3368176519870758
YPL096W,YIR032C,0,2.595628,0.16204506158828735,0.6515679359436035,0.33693379163742065
YIL134W,YIL046W,0,2.5951211,0.16199827194213867,0.6515679359436035,0.3370499312877655
YDR472W,YDL040C,0,2.5950973,0.16195149719715118,0.6515679359436035,0.33716610074043274
YMR180C,YKL205W,0,2.5941982,0.16190476715564728,0.6515679359436035,0.3372822403907776
YKL041W,YDR164C,0,2.5941706,0.16185805201530457,0.6515679359436035,0.33739838004112244
YKL009W,YML049C,0,2.5932975,0.16181136667728424,0.6515679359436035,0.3375145196914673
YJL005W,YEL036C,0,2.593094,0.1617647111415863,0.6515679359436035,0.33763065934181213
YDR296W,YER154W,1,2.5924032,0.16200634837150574,0.6527293920516968,0.33763065934181213
YOR388C,YNR015W,0,2.5914016,0.16195964813232422,0.6527293920516968,0.337746798992157
YMR284W,YGL037C,0,2.5908997,0.16191299259662628,0.6527293920516968,0.33786293864250183
YKR036C,YMR203W,1,2.5904925,0.16215437650680542,0.65389084815979,0.33786293864250183
YPR182W,YPL131W,0,2.59006,0.1621076911687851,0.65389084815979,0.33797910809516907
YKL165C,YPL011C,0,2.587899,0.16206102073192596,0.65389084815979,0.3380952477455139
YNL163C,YAL029C,0,2.5876527,0.16201439499855042,0.65389084815979,0.33821138739585876
YAL038W,YLR160C,0,2.5871959,0.16196778416633606,0.65389084815979,0.3383275270462036
YNR074C,YBR061C,0,2.5858808,0.1619212031364441,0.65389084815979,0.33844366669654846
YDL215C,YML132W,0,2.5847526,0.16187463700771332,0.65389084815979,0.3385598063468933
YEL043W,YIR018W,0,2.5843537,0.16182811558246613,0.65389084815979,0.33867594599723816
YAL022C,YIL139C,0,2.5842502,0.16178160905838013,0.65389084815979,0.3387921154499054
YOR275C,YMR200W,0,2.5841582,0.16173513233661652,0.65389084815979,0.33890825510025024
YBR177C,YDR415C,0,2.5838108,0.1616886854171753,0.65389084815979,0.3390243947505951
YLR447C,YOR054C,0,2.5830626,0.16164226830005646,0.65389084815979,0.33914053440093994
YPR144C,YLR289W,0,2.5826888,0.16159586608409882,0.65389084815979,0.3392566740512848
YGL010W,YOR209C,0,2.5824726,0.16154949367046356,0.65389084815979,0.33937281370162964
YPR194C,YDR476C,0,2.5821686,0.1615031510591507,0.65389084815979,0.3394889533519745
YFR013W,YKL126W,0,2.5816627,0.16145683825016022,0.65389084815979,0.3396051228046417
YCL057W,YMR301C,0,2.5806975,0.16141055524349213,0.65389084815979,0.3397212624549866
YER014C-A,YJR119C,0,2.579088,0.16136428713798523,0.65389084815979,0.3398374021053314
YKL013C,YBR192W,1,2.5787377,0.16160458326339722,0.6550522446632385,0.3398374021053314
YNL202W,YOL107W,0,2.575709,0.16155828535556793,0.6550522446632385,0.33995354175567627
YLL051C,YNL281W,0,2.5748417,0.16151203215122223,0.6550522446632385,0.3400696814060211
YHR012W,YOR206W,0,2.574025,0.16146579384803772,0.6550522446632385,0.34018582105636597
YNL314W,YDR461W,0,2.5738964,0.1614195704460144,0.6550522446632385,0.3403019607067108
YMR186W,YBR145W,0,2.573787,0.16137339174747467,0.6550522446632385,0.34041813015937805
YOL070C,YPR127W,0,2.573107,0.16132722795009613,0.6550522446632385,0.3405342698097229
YNR074C,YDR353W,0,2.5723345,0.16128109395503998,0.6550522446632385,0.34065040946006775
YBR222C,YEL056W,0,2.5715382,0.1612349897623062,0.6550522446632385,0.3407665491104126
YIL143C,YLR026C,0,2.570922,0.16118891537189484,0.6550522446632385,0.34088268876075745
YMR033W,YDR146C,0,2.570775,0.16114285588264465,0.6550522446632385,0.3409988284111023
YMR301C,YNL239W,0,2.5698817,0.16109682619571686,0.6550522446632385,0.34111496806144714
YMR032W,YHR059W,0,2.5690103,0.16105082631111145,0.6550522446632385,0.3412311375141144
YDL111C,YLR350W,0,2.5678144,0.16100485622882843,0.6550522446632385,0.34134727716445923
YBR275C,YBR287W,0,2.567269,0.1609589010477066,0.6550522446632385,0.3414634168148041
YGR113W,YPR001W,0,2.5672596,0.16091297566890717,0.6550522446632385,0.3415795564651489
YMR078C,YPR006C,0,2.5660598,0.16086708009243011,0.6550522446632385,0.3416956961154938
YHR029C,YNL010W,0,2.5657952,0.16082121431827545,0.6550522446632385,0.3418118357658386
YPL252C,YLR278C,0,2.565759,0.16077536344528198,0.6550522446632385,0.34192800521850586
YLR151C,YDL045C,0,2.5656524,0.1607295572757721,0.6550522446632385,0.3420441448688507
YJL134W,YLR264W,0,2.5644743,0.1606837660074234,0.6550522446632385,0.34216028451919556
YOR098C,YNL092W,0,2.5642097,0.1606379896402359,0.6550522446632385,0.3422764241695404
YKL093W,YMR321C,0,2.563503,0.16059225797653198,0.6550522446632385,0.34239256381988525
YEL043W,YOL108C,0,2.5629892,0.16054654121398926,0.6550522446632385,0.3425087034702301
YJR149W,YIL140W,0,2.5620854,0.16050085425376892,0.6550522446632385,0.34262484312057495
YKL206C,YNL335W,0,2.5616164,0.16045519709587097,0.6550522446632385,0.3427410125732422
YLL055W,YMR159C,0,2.5606892,0.16040955483913422,0.6550522446632385,0.34285715222358704
YAL033W,YLR348C,0,2.5597703,0.16036394238471985,0.6550522446632385,0.3429732918739319
YLR105C,YJR057W,0,2.558246,0.16031835973262787,0.6550522446632385,0.34308943152427673
YGR143W,YDL077C,0,2.557689,0.16027280688285828,0.6550522446632385,0.3432055711746216
YDR174W,YNL192W,0,2.5572264,0.16022726893424988,0.6550522446632385,0.34332171082496643
YHR214C-B,YER185W,0,2.5564811,0.16018176078796387,0.6550522446632385,0.3434378504753113
YIL095W,YLR103C,0,2.5552814,0.16013628244400024,0.6550522446632385,0.3435540199279785
YPR024W,YER017C,1,2.554516,0.1603746861219406,0.6562137007713318,0.3435540199279785
YIL083C,YMR193W,0,2.5537,0.1603291779756546,0.6562137007713318,0.34367015957832336
YLR404W,YLR394W,0,2.5536897,0.16028368473052979,0.6562137007713318,0.3437862992286682
YKR008W,YER165W,0,2.5529728,0.16023823618888855,0.6562137007713318,0.34390243887901306
YLL012W,YNL175C,0,2.552785,0.1601928025484085,0.6562137007713318,0.3440185785293579
YGL186C,YPL007C,0,2.552668,0.16014739871025085,0.6562137007713318,0.34413471817970276
YNL258C,YBL034C,0,2.5521421,0.1601020097732544,0.6562137007713318,0.3442508578300476
YBL058W,YMR304W,0,2.5516608,0.16005665063858032,0.6562137007713318,0.34436702728271484
YNL172W,YDR254W,0,2.5516,0.16001132130622864,0.6562137007713318,0.3444831669330597
YLL003W,YOR285W,0,2.5503376,0.15996602177619934,0.6562137007713318,0.34459930658340454
YMR039C,YBR037C,0,2.5478332,0.15992075204849243,0.6562137007713318,0.3447154462337494
YLL019C,YOR180C,0,2.5463037,0.15987549722194672,0.6562137007713318,0.34483158588409424
YMR182C,YFL048C,0,2.546077,0.1598302721977234,0.6562137007713318,0.3449477255344391
YGR020C,YPR006C,0,2.545369,0.15978506207466125,0.6562137007713318,0.34506386518478394
YMR301C,YCL032W,0,2.5440805,0.1597398966550827,0.6562137007713318,0.34518003463745117
YLR447C,YMR065W,0,2.543958,0.15969474613666534,0.6562137007713318,0.345296174287796
YIL080W,YMR145C,0,2.5438874,0.15964962542057037,0.6562137007713318,0.34541231393814087
YDL022W,YJL085W,0,2.5435026,0.1596045196056366,0.6562137007713318,0.3455284535884857
YDL084W,YNL032W,0,2.5432105,0.1595594435930252,0.6562137007713318,0.34564459323883057
YNL282W,YKR044W,0,2.5430684,0.1595143973827362,0.6562137007713318,0.3457607328891754
YFR001W,YFR052W,0,2.5429306,0.1594693809747696,0.6562137007713318,0.34587687253952026
YAL033W,YOR349W,0,2.5427577,0.15942437946796417,0.6562137007713318,0.3459930419921875
YDR414C,YDR457W,0,2.5426986,0.15937940776348114,0.6562137007713318,0.34610918164253235
YDL121C,YLR301W,0,2.542213,0.1593344658613205,0.6562137007713318,0.3462253212928772
YHR004C,YIL021W,0,2.542116,0.15928953886032104,0.6562137007713318,0.34634146094322205
YLR312W-A,YNL080C,0,2.5417988,0.15924464166164398,0.6562137007713318,0.3464576005935669
YPL094C,YDL045W-A,0,2.541196,0.1591997742652893,0.6562137007713318,0.34657374024391174
YNL147W,YIR032C,0,2.5405893,0.15915493667125702,0.6562137007713318,0.346689909696579
YBL026W,YPR159W,0,2.5388536,0.15911011397838593,0.6562137007713318,0.34680604934692383
YOL145C,YKR019C,0,2.5385053,0.15906532108783722,0.6562137007713318,0.3469221889972687
YNR004W,YKR069W,0,2.537667,0.1590205430984497,0.6562137007713318,0.3470383286476135
YPR189W,YJL144W,0,2.5372088,0.15897579491138458,0.6562137007713318,0.3471544682979584
YIL095W,YJL082W,0,2.5366251,0.15893107652664185,0.6562137007713318,0.3472706079483032
YOR324C,YKL074C,0,2.5359848,0.1588863879442215,0.6562137007713318,0.34738674759864807
YDR411C,YCL008C,0,2.5357354,0.15884171426296234,0.6562137007713318,0.3475029170513153
YKL041W,YPR198W,0,2.5355854,0.15879707038402557,0.6562137007713318,0.34761905670166016
YDL029W,YER125W,1,2.5345376,0.15903343260288239,0.657375156879425,0.34761905670166016
YEL062W,YNL239W,0,2.5339844,0.15898875892162323,0.657375156879425,0.347735196352005
YLR394W,YBR061C,0,2.5339737,0.15894411504268646,0.657375156879425,0.34785133600234985
YGR036C,YHR209W,0,2.5339365,0.15889950096607208,0.657375156879425,0.3479674756526947
YJL192C,YMR273C,0,2.5333025,0.1588549017906189,0.657375156879425,0.34808361530303955
YMR176W,YDR332W,0,2.5329332,0.1588103324174881,0.657375156879425,0.3481997549533844
YER013W,YJL172W,0,2.5324848,0.1587657779455185,0.657375156879425,0.34831592440605164
YLR312W-A,YGL060W,0,2.5321875,0.15872125327587128,0.657375156879425,0.3484320640563965
YOR377W,YPL188W,0,2.5317378,0.15867675840854645,0.657375156879425,0.34854820370674133
YOL158C,YJL149W,0,2.5305455,0.158632293343544,0.657375156879425,0.3486643433570862
YER008C,YJR103W,0,2.529526,0.15858784317970276,0.657375156879425,0.34878048300743103
YOL086C,YEL037C,0,2.5287023,0.1585434228181839,0.657375156879425,0.3488966226577759
YEL052W,YOR292C,0,2.528674,0.15849901735782623,0.657375156879425,0.3490127623081207
YMR315W,YBR223C,0,2.5282872,0.15845464169979095,0.657375156879425,0.34912893176078796
YIR018W,YBR042C,0,2.5282118,0.15841029584407806,0.657375156879425,0.3492450714111328
YDL059C,YGR145W,0,2.5271468,0.15836597979068756,0.657375156879425,0.34936121106147766
YER074W,YJL213W,0,2.526978,0.15832167863845825,0.657375156879425,0.3494773507118225
YHR041C,YMR210W,0,2.5259142,0.15827740728855133,0.657375156879425,0.34959349036216736
YPL167C,YPL104W,0,2.5254629,0.1582331508398056,0.657375156879425,0.3497096300125122
YBR020W,YBL091C-A,0,2.5248168,0.15818893909454346,0.657375156879425,0.34982576966285706
YHR030C,YOR304W,0,2.5243769,0.1581447273492813,0.657375156879425,0.3499419391155243
YDR245W,YIR018W,0,2.5242167,0.15810056030750275,0.657375156879425,0.35005807876586914
YFL054C,YOR313C,0,2.5241358,0.15805640816688538,0.657375156879425,0.350174218416214
YGR034W,YML109W,0,2.5236423,0.1580122858285904,0.657375156879425,0.35029035806655884
YCR026C,YCL026C-B,0,2.523105,0.1579681783914566,0.657375156879425,0.3504064977169037
YDR083W,YGR271W,0,2.523064,0.1579241007566452,0.657375156879425,0.35052263736724854
YDL022W,YLR251W,0,2.5228593,0.1578800529241562,0.657375156879425,0.35063880681991577
YGL158W,YDR207C,0,2.5227687,0.15783603489398956,0.657375156879425,0.3507549464702606
YMR089C,YNR035C,1,2.5221102,0.15807081758975983,0.6585366129875183,0.3507549464702606
YER154W,YKL053C-A,1,2.5218918,0.15830546617507935,0.6596980094909668,0.3507549464702606
YDR079W,YOL026C,1,2.5215125,0.15853998064994812,0.6608594655990601,0.3507549464702606
YPR187W,YPR043W,0,2.5212371,0.15849582850933075,0.6608594655990601,0.35087108612060547
YPL196W,YBR093C,0,2.5209951,0.15845169126987457,0.6608594655990601,0.3509872257709503
YDR082W,YOR222W,0,2.5208735,0.1584075689315796,0.6608594655990601,0.35110336542129517
YPR144C,YGR084C,0,2.5208619,0.1583634912967682,0.6608594655990601,0.35121950507164
YBL041W,YBR238C,0,2.5203197,0.15831942856311798,0.6608594655990601,0.35133564472198486
YNR021W,YLR103C,0,2.52015,0.15827538073062897,0.6608594655990601,0.3514518141746521
YDL097C,YDR444W,0,2.5197606,0.15823136270046234,0.6608594655990601,0.35156795382499695
YJR127C,YPL252C,0,2.519459,0.1581873744726181,0.6608594655990601,0.3516840934753418
YLR130C,YLR278C,0,2.5186567,0.15814341604709625,0.6608594655990601,0.35180023312568665
YKL201C,YJL006C,0,2.518443,0.1580994725227356,0.6608594655990601,0.3519163727760315
YOR054C,YNL309W,0,2.5182455,0.15805555880069733,0.6608594655990601,0.35203251242637634
YJR004C,YJR057W,0,2.5181096,0.15801165997982025,0.6608594655990601,0.3521486520767212
YDL133C-A,YNL281W,0,2.515925,0.15796779096126556,0.6608594655990601,0.3522648215293884
YPR080W,YKL015W,0,2.515169,0.15792395174503326,0.6608594655990601,0.3523809611797333
YDR518W,YMR087W,0,2.514888,0.15788012742996216,0.6608594655990601,0.3524971008300781
YNL163C,YPR002W,0,2.5147061,0.15783633291721344,0.6608594655990601,0.352613240480423
YNR018W,YPR127W,0,2.5144722,0.1577925682067871,0.6608594655990601,0.3527293801307678
YHR012W,YOR138C,0,2.5141017,0.15774881839752197,0.6608594655990601,0.35284551978111267
YLR080W,YDR444W,0,2.513837,0.15770509839057922,0.6608594655990601,0.3529616594314575
YLR359W,YLR187W,0,2.5127356,0.15766140818595886,0.6608594655990601,0.35307782888412476
YOR176W,YDR081C,0,2.512175,0.1576177328824997,0.6608594655990601,0.3531939685344696
YAL033W,YLR165C,0,2.5121548,0.15757407248020172,0.6608594655990601,0.35331010818481445
YDL179W,YER168C,0,2.5120335,0.15753045678138733,0.6608594655990601,0.3534262478351593
YOR275C,YOR294W,0,2.5119808,0.15748685598373413,0.6608594655990601,0.35354238748550415
YKR019C,YIL006W,0,2.511763,0.15744327008724213,0.6608594655990601,0.353658527135849
YLR103C,YMR099C,0,2.51169,0.1573997288942337,0.6608594655990601,0.35377466678619385
YNR074C,YCL025C,0,2.510554,0.15735618770122528,0.6608594655990601,0.3538908362388611
YOL165C,YIL139C,0,2.5095541,0.15731269121170044,0.6608594655990601,0.35400697588920593
YML073C,YLR042C,0,2.5090744,0.1572692096233368,0.6608594655990601,0.3541231155395508
YPR111W,YBR187W,0,2.5087945,0.15722575783729553,0.6608594655990601,0.35423925518989563
YDR059C,YIL020C,0,2.5077455,0.15718232095241547,0.6608594655990601,0.3543553948402405
YMR112C,YOR226C,0,2.5074341,0.1571389138698578,0.6608594655990601,0.3544715344905853
YNL273W,YHR008C,0,2.5074224,0.1570955216884613,0.6608594655990601,0.3545876741409302
YGL209W,YLR291C,0,2.5072894,0.1570521593093872,0.6608594655990601,0.3547038435935974
YDR067C,YPR200C,0,2.5061817,0.1570088267326355,0.6608594655990601,0.35481998324394226
YFR018C,YPL112C,0,2.50565,0.15696552395820618,0.6608594655990601,0.3549361228942871
YMR168C,YGR229C,0,2.5047019,0.15692222118377686,0.6608594655990601,0.35505226254463196
YGL200C,YOL040C,0,2.503463,0.15687896311283112,0.6608594655990601,0.3551684021949768
YGL186C,YPR160W,0,2.503429,0.15683571994304657,0.6608594655990601,0.35528454184532166
YLR028C,YOR089C,0,2.5020192,0.1567925065755844,0.6608594655990601,0.3554007112979889
YOL038W,YGR229C,0,2.5017943,0.15674930810928345,0.6608594655990601,0.35551685094833374
YER055C,YNL107W,0,2.5014663,0.15670613944530487,0.6608594655990601,0.3556329905986786
YGR229C,YDL035C,0,2.5009236,0.15666300058364868,0.6608594655990601,0.35574913024902344
YOR283W,YPR159W,0,2.499565,0.1566198766231537,0.6608594655990601,0.3558652698993683
YKR044W,YDL148C,0,2.4966257,0.15657676756381989,0.6608594655990601,0.35598140954971313
YHR056C,YJR063W,0,2.4948592,0.15653370320796967,0.6608594655990601,0.356097549200058
YDL245C,YMR179W,0,2.4945357,0.15649065375328064,0.6608594655990601,0.3562137186527252
YBR238C,YLR309C,0,2.4944732,0.1564476191997528,0.6608594655990601,0.35632985830307007
YKR036C,YPL098C,1,2.4939394,0.15667949616909027,0.6620209217071533,0.35632985830307007
YGR056W,YHR074W,0,2.493347,0.15663643181324005,0.6620209217071533,0.3564459979534149
YER125W,YHR005C-A,1,2.4931605,0.1568681299686432,0.6631823182106018,0.3564459979534149
YBR172C,YGR077C,0,2.491721,0.15682505071163177,0.6631823182106018,0.35656213760375977
YIL046W,YJR101W,0,2.4907608,0.15678198635578156,0.6631823182106018,0.3566782772541046
YMR054W,YMR090W,0,2.4907362,0.15673895180225372,0.6631823182106018,0.35679441690444946
YOL112W,YMR300C,0,2.4874265,0.15669593214988708,0.6631823182106018,0.3569105565547943
YNL236W,YKL061W,0,2.4872298,0.15665294229984283,0.6631823182106018,0.35702672600746155
YEL052W,YDR281C,0,2.4868875,0.15660998225212097,0.6631823182106018,0.3571428656578064
YOR291W,YPR091C,0,2.486623,0.1565670371055603,0.6631823182106018,0.35725900530815125
YML051W,YNL050C,0,2.4863958,0.15652412176132202,0.6631823182106018,0.3573751449584961
YDR137W,YPR137W,0,2.4862125,0.15648122131824493,0.6631823182106018,0.35749128460884094
YJR082C,YKR020W,0,2.485848,0.15643835067749023,0.6631823182106018,0.3576074242591858
YDR062W,YAL029C,0,2.4849515,0.15639550983905792,0.6631823182106018,0.35772356390953064
YOR237W,YGR085C,0,2.4842718,0.1563526839017868,0.6631823182106018,0.3578397333621979
YJR127C,YJL030W,0,2.484034,0.15630988776683807,0.6631823182106018,0.3579558730125427
YMR194W,YLR389C,0,2.483144,0.15626710653305054,0.6631823182106018,0.3580720126628876
YER098W,YJL166W,0,2.4831398,0.1562243551015854,0.6631823182106018,0.3581881523132324
YGR288W,YDR260C,0,2.481577,0.15618161857128143,0.6631823182106018,0.35830429196357727
YMR145C,YDR415C,0,2.4815276,0.15613891184329987,0.6631823182106018,0.3584204316139221
YJR055W,YML036W,0,2.4811614,0.1560962200164795,0.6631823182106018,0.35853657126426697
YDR454C,YPL083C,0,2.4810903,0.1560535728931427,0.6631823182106018,0.3586527407169342
YMR228W,YDL148C,0,2.4807107,0.1560109257698059,0.6631823182106018,0.35876888036727905
YBR067C,YNR044W,0,2.4800653,0.1559683084487915,0.6631823182106018,0.3588850200176239
YNL122C,YKR044W,0,2.4797776,0.1559257209300995,0.6631823182106018,0.35900115966796875
YEL052W,YKR044W,0,2.4794161,0.15588316321372986,0.6631823182106018,0.3591172993183136
YFR029W,YNL050C,0,2.4785726,0.15584060549736023,0.6631823182106018,0.35923343896865845
YDL061C,YJL004C,0,2.4782813,0.15579809248447418,0.6631823182106018,0.3593495786190033
YPL151C,YDL227C,0,2.4778764,0.15575559437274933,0.6631823182106018,0.35946574807167053
YGR175C,YLL043W,0,2.4774315,0.15571311116218567,0.6631823182106018,0.3595818877220154
YLR203C,YAL029C,0,2.4774115,0.1556706726551056,0.6631823182106018,0.35969802737236023
YOL045W,YPL083C,0,2.4772794,0.1556282341480255,0.6631823182106018,0.3598141670227051
YLR447C,YGR185C,0,2.4764667,0.15558582544326782,0.6631823182106018,0.3599303066730499
YCR030C,YER098W,0,2.4762056,0.15554344654083252,0.6631823182106018,0.3600464463233948
YNL304W,YEL030W,1,2.4761422,0.15577341616153717,0.6643437743186951,0.3600464463233948
YDL179W,YBR061C,0,2.4749563,0.15573100745677948,0.6643437743186951,0.360162615776062
YBR271W,YOR180C,0,2.4745471,0.15568862855434418,0.6643437743186951,0.36027875542640686
YCL036W,YPL188W,0,2.474434,0.15564626455307007,0.6643437743186951,0.3603948950767517
YLL003W,YOR324C,0,2.474314,0.15560391545295715,0.6643437743186951,0.36051103472709656
YBR202W,YMR200W,0,2.473026,0.15556159615516663,0.6643437743186951,0.3606271743774414
YER014C-A,YIL132C,0,2.4722242,0.1555193066596985,0.6643437743186951,0.36074331402778625
YNL236W,YDR062W,0,2.4716287,0.15547703206539154,0.6643437743186951,0.3608594536781311
YPL139C,YLL027W,0,2.4714224,0.15543478727340698,0.6643437743186951,0.36097562313079834
YOL052C,YKL203C,0,2.4710019,0.15539255738258362,0.6643437743186951,0.3610917627811432
YIL142W,YLR383W,0,2.4708087,0.15535035729408264,0.6643437743186951,0.36120790243148804
YLR191W,YOR292C,0,2.470728,0.15530817210674286,0.6643437743186951,0.3613240420818329
YER125W,YPR125W,1,2.470674,0.1555374562740326,0.6655052304267883,0.3613240420818329
YMR005W,YBR271W,0,2.4705017,0.15549525618553162,0.6655052304267883,0.36144018173217773
YMR039C,YDR373W,0,2.4702692,0.15545307099819183,0.6655052304267883,0.3615563213825226
YKL217W,YPL244C,0,2.4699032,0.15541090071201324,0.6655052304267883,0.36167246103286743
YGL068W,YIL083C,0,2.46912,0.15536876022815704,0.6655052304267883,0.36178863048553467
YDL084W,YDL140C,0,2.468373,0.15532664954662323,0.6655052304267883,0.3619047701358795
YOL107W,YKR068C,0,2.4680226,0.1552845537662506,0.6655052304267883,0.36202090978622437
YNL107W,YGR199W,0,2.4678302,0.15524248778820038,0.6655052304267883,0.3621370494365692
YMR025W,YKR026C,0,2.4672558,0.15520043671131134,0.6655052304267883,0.36225318908691406
YJL030W,YBR287W,0,2.4665372,0.1551584005355835,0.6655052304267883,0.3623693287372589
YMR117C,YKR006C,0,2.4661534,0.15511640906333923,0.6655052304267883,0.36248546838760376
YOR204W,YDL083C,0,2.4660885,0.15507441759109497,0.6655052304267883,0.362601637840271
YDR411C,YGL026C,0,2.4657402,0.1550324708223343,0.6655052304267883,0.36271777749061584
YPL131W,YAL024C,0,2.4654212,0.1549905389547348,0.6655052304267883,0.3628339171409607
YDR414C,YKR068C,0,2.465315,0.1549486219882965,0.6655052304267883,0.36295005679130554
YPL213W,YOL090W,0,2.4651701,0.1549067348241806,0.6655052304267883,0.3630661964416504
YMR089C,YBR192W,1,2.4635782,0.1551351398229599,0.6666666865348816,0.3630661964416504
YDR196C,YHR174W,0,2.4610875,0.1550932228565216,0.6666666865348816,0.36318233609199524
YNL271C,YLL003W,0,2.4601228,0.1550513207912445,0.6666666865348816,0.3632984757423401
YKL201C,YGL071W,0,2.4589741,0.1550094485282898,0.6666666865348816,0.3634146451950073
YGR221C,YHR002W,0,2.4588723,0.15496760606765747,0.6666666865348816,0.3635307848453522
YDL198C,YNL070W,1,2.458789,0.1551956832408905,0.6678280830383301,0.3635307848453522
YDL217C,YOL026C,1,2.458746,0.15542364120483398,0.6689895391464233,0.3635307848453522
YHR012W,YOL043C,0,2.4584637,0.1553817093372345,0.6689895391464233,0.363646924495697
YHR047C,YJL004C,0,2.4575365,0.1553398072719574,0.6689895391464233,0.36376306414604187
YMR304W,YAL031C,0,2.4570882,0.1552979201078415,0.6689895391464233,0.3638792037963867
YJL214W,YHR109W,0,2.4569013,0.15525606274604797,0.6689895391464233,0.36399534344673157
YPR011C,YPL042C,0,2.4562924,0.15521423518657684,0.6689895391464233,0.3641115128993988
YGL174W,YDR364C,0,2.455614,0.1551724076271057,0.6689895391464233,0.36422765254974365
YJL191W,YCR012W,0,2.4540331,0.15513062477111816,0.6689895391464233,0.3643437922000885
YBR278W,YBR230C,0,2.453881,0.1550888568162918,0.6689895391464233,0.36445993185043335
YLR251W,YLR088W,0,2.4537733,0.15504710376262665,0.6689895391464233,0.3645760715007782
YBR278W,YGL226C-A,0,2.4515338,0.15500538051128387,0.6689895391464233,0.36469221115112305
YOL057W,YKL168C,0,2.4507802,0.1549636870622635,0.6689895391464233,0.3648083508014679
YPL083C,YBR230C,0,2.450023,0.1549220085144043,0.6689895391464233,0.36492452025413513
YGR032W,YKL124W,0,2.4495485,0.1548803448677063,0.6689895391464233,0.36504065990448
YGR288W,YLR268W,0,2.4493778,0.1548387110233307,0.6689895391464233,0.36515679955482483
YOR145C,YMR143W,0,2.4491122,0.15479709208011627,0.6689895391464233,0.3652729392051697
YOR099W,YNL274C,0,2.4490488,0.15475550293922424,0.6689895391464233,0.3653890788555145
YPL200W,YNL259C,0,2.4486568,0.1547139436006546,0.6689895391464233,0.3655052185058594
YNL271C,YPL002C,0,2.4482782,0.15467239916324615,0.6689895391464233,0.3656213581562042
YLR160C,YLL040C,0,2.448116,0.1546308696269989,0.6689895391464233,0.36573752760887146
YML036W,YER130C,0,2.4480953,0.15458936989307404,0.6689895391464233,0.3658536672592163
YNL127W,YMR090W,0,2.44809,0.15454789996147156,0.6689895391464233,0.36596980690956116
YJL214W,YGR072W,0,2.4472234,0.15450644493103027,0.6689895391464233,0.366085946559906
YAL060W,YAL039C,0,2.4470532,0.15446500480175018,0.6689895391464233,0.36620208621025085
YHR030C,YER175C,0,2.4469907,0.15442359447479248,0.6689895391464233,0.3663182258605957
YPL223C,YHR119W,0,2.4462545,0.15438219904899597,0.6689895391464233,0.36643436551094055
YBR238C,YBR281C,0,2.4462225,0.15434083342552185,0.6689895391464233,0.3665505349636078
YOR291W,YIL006W,0,2.4461122,0.15429949760437012,0.6689895391464233,0.36666667461395264
YBR125C,YNL309W,0,2.4456737,0.15425816178321838,0.6689895391464233,0.3667828142642975
YDL028C,YGL225W,0,2.4443462,0.15421687066555023,0.6689895391464233,0.36689895391464233
YOR291W,YOR274W,0,2.4440958,0.15417559444904327,0.6689895391464233,0.3670150935649872
YDR090C,YNL107W,0,2.4440453,0.1541343331336975,0.6689895391464233,0.36713123321533203
YER098W,YFL010W-A,0,2.4430273,0.15409310162067413,0.6689895391464233,0.3672473728656769
YNL095C,YGR134W,0,2.4415572,0.15405188500881195,0.6689895391464233,0.3673635423183441
YGL212W,YOL054W,0,2.4413862,0.15401069819927216,0.6689895391464233,0.36747968196868896
YGR252W,YML132W,0,2.4409873,0.15396952629089355,0.6689895391464233,0.3675958216190338
YLR165C,YPL244C,0,2.4409819,0.15392838418483734,0.6689895391464233,0.36771196126937866
YDR470C,YBR192W,1,2.440975,0.15415441989898682,0.6701509952545166,0.36771196126937866
YKL096W-A,YJL176C,0,2.440695,0.15411324799060822,0.6701509952545166,0.3678281009197235
YMR241W,YNR017W,1,2.440644,0.15433911979198456,0.6713124513626099,0.3678281009197235
YLR452C,YER171W,0,2.4403486,0.15429791808128357,0.6713124513626099,0.36794424057006836
YJR083C,YGL220W,0,2.439939,0.15425674617290497,0.6713124513626099,0.3680603802204132
YOR232W,YBR192W,1,2.4392197,0.1544823944568634,0.6724738478660583,0.3680603802204132
YNL335W,YGR134W,0,2.4388309,0.15444117784500122,0.6724738478660583,0.36817654967308044
YDR222W,YOL108C,0,2.438269,0.15440000593662262,0.6724738478660583,0.3682926893234253
YGL183C,YJR040W,0,2.4381416,0.15435883402824402,0.6724738478660583,0.36840882897377014
YIL088C,YIL095W,0,2.4376276,0.1543176919221878,0.6724738478660583,0.368524968624115
YNL297C,YDR310C,0,2.4370422,0.15427657961845398,0.6724738478660583,0.36864110827445984
YDR079W,YER154W,1,2.435906,0.15450187027454376,0.6736353039741516,0.36864110827445984
YOR168W,YOR355W,0,2.435307,0.15446071326732635,0.6736353039741516,0.3687572479248047
YER138C,YKL061W,0,2.4344206,0.15441960096359253,0.6736353039741516,0.3688734173774719
YHR002W,YNL147W,0,2.4344022,0.1543784886598587,0.6736353039741516,0.3689895570278168
YEL022W,YNR010W,0,2.433864,0.15433740615844727,0.6736353039741516,0.3691056966781616
YIL128W,YDL215C,0,2.4329915,0.15429635345935822,0.6736353039741516,0.36922183632850647
YGR010W,YCR046C,0,2.4325776,0.15425531566143036,0.6736353039741516,0.3693379759788513
YGR077C,YBL068W,0,2.4324937,0.1542143076658249,0.6736353039741516,0.36945411562919617
YPR162C,YJR070C,0,2.4322503,0.15417331457138062,0.6736353039741516,0.369570255279541
YDR373W,YGR134W,0,2.4315627,0.15413233637809753,0.6736353039741516,0.36968642473220825
YOL142W,YGL183C,0,2.4314191,0.15409138798713684,0.6736353039741516,0.3698025643825531
YNL107W,YBL076C,0,2.4305441,0.15405046939849854,0.6736353039741516,0.36991870403289795
YNL008C,YPR167C,0,2.430215,0.15400956571102142,0.6736353039741516,0.3700348436832428
YMR238W,YIR039C,0,2.429351,0.1539686769247055,0.6736353039741516,0.37015098333358765
YKL013C,YER154W,1,2.4291804,0.1541932076215744,0.6747967600822449,0.37015098333358765
YER125W,YNL026W,1,2.4284718,0.15441761910915375,0.6759582161903381,0.37015098333358765
YGL170C,YKR102W,0,2.428073,0.15437665581703186,0.6759582161903381,0.3702671229839325
YKR103W,YMR194W,0,2.4274948,0.15433572232723236,0.6759582161903381,0.37038326263427734
YDL121C,YJL214W,0,2.4264688,0.15429480373859406,0.6759582161903381,0.3704994320869446
YGR221C,YHR109W,0,2.4261503,0.15425391495227814,0.6759582161903381,0.37061557173728943
YML058W-A,YGL220W,0,2.4253693,0.1542130410671234,0.6759582161903381,0.3707317113876343
YGL068W,YLR208W,0,2.4250534,0.15417218208312988,0.6759582161903381,0.3708478510379791
YOR304C-A,YGR238C,0,2.4249523,0.15413135290145874,0.6759582161903381,0.370963990688324
YGL237C,YOL038W,0,2.4242227,0.15409055352210999,0.6759582161903381,0.3710801303386688
YCR030C,YOR239W,0,2.4233813,0.15404976904392242,0.6759582161903381,0.37119626998901367
YGL026C,YNL078W,0,2.4229548,0.15400899946689606,0.6759582161903381,0.3713124394416809
YBR081C,YLR209C,0,2.42262,0.15396825969219208,0.6759582161903381,0.37142857909202576
YGL162W,YKL144C,0,2.4218001,0.1539275348186493,0.6759582161903381,0.3715447187423706
YLR295C,YOR251C,0,2.420626,0.1538868397474289,0.6759582161903381,0.37166085839271545
YLR447C,YNL006W,0,2.420324,0.1538461595773697,0.6759582161903381,0.3717769980430603
YPL276W,YAL039C,0,2.4200697,0.15380549430847168,0.6759582161903381,0.37189313769340515
YBL098W,YHR057C,0,2.4191258,0.15376485884189606,0.6759582161903381,0.37200927734375
YOL057W,YDL045C,0,2.4187987,0.15372425317764282,0.6759582161903381,0.37212544679641724
YOL102C,YNL230C,0,2.4187462,0.1536836475133896,0.6759582161903381,0.3722415864467621
YAL063C,YOR294W,0,2.418538,0.15364308655261993,0.6759582161903381,0.37235772609710693
YDR512C,YPL167C,0,2.4183798,0.15360254049301147,0.6759582161903381,0.3724738657474518
YKL020C,YGL010W,0,2.418338,0.1535620093345642,0.6759582161903381,0.37259000539779663
YKL007W,YNL010W,0,2.4182687,0.15352149307727814,0.6759582161903381,0.3727061450481415
YKL038W,YDR207C,0,2.4181695,0.15348100662231445,0.6759582161903381,0.3728223145008087
YAL033W,YOR084W,0,2.4179616,0.15344054996967316,0.6759582161903381,0.37293845415115356
YJL140W,YDR444W,0,2.417946,0.15340010821819305,0.6759582161903381,0.3730545938014984
YIL006W,YDR240C,0,2.4171731,0.15335968136787415,0.6759582161903381,0.37317073345184326
YFL045C,YLR278C,0,2.4171731,0.15331928431987762,0.6759582161903381,0.3732868731021881
YMR112C,YMR025W,0,2.417162,0.1532789021730423,0.6759582161903381,0.37340301275253296
YBR261C,YFL057C,0,2.4171507,0.15323854982852936,0.6759582161903381,0.3735191524028778
YMR038C,YML099C,0,2.416763,0.1531982123851776,0.6759582161903381,0.37363532185554504
YAL033W,YMR054W,0,2.4163601,0.15315788984298706,0.6759582161903381,0.3737514615058899
YOL136C,YJL176C,0,2.4161832,0.1531175971031189,0.6759582161903381,0.37386760115623474
YER168C,YAL031C,0,2.4158275,0.15307733416557312,0.6759582161903381,0.3739837408065796
YNR035C,YBR192W,1,2.4150288,0.15330003201961517,0.6771196126937866,0.3739837408065796
YGR109W-B,YLR389C,0,2.413479,0.15325972437858582,0.6771196126937866,0.37409988045692444
YPR196W,YKL007W,0,2.4132752,0.15321944653987885,0.6771196126937866,0.3742160201072693
YDR492W,YML071C,0,2.413263,0.15317918360233307,0.6771196126937866,0.37433215975761414
YMR160W,YJR031C,0,2.4131997,0.15313895046710968,0.6771196126937866,0.37444832921028137
YLR206W,YDR499W,0,2.4128249,0.15309873223304749,0.6771196126937866,0.3745644688606262
YER145C,YPR159W,0,2.412041,0.15305854380130768,0.6771196126937866,0.37468060851097107
YDR351W,YOR301W,0,2.4119987,0.15301837027072906,0.6771196126937866,0.3747967481613159
YIL095W,YBL113C,0,2.409364,0.15297822654247284,0.6771196126937866,0.37491288781166077
YNL232W,YLR425W,0,2.4085672,0.1529380828142166,0.6771196126937866,0.3750290274620056
YLR206W,YGL216W,0,2.407541,0.15289798378944397,0.6771196126937866,0.37514516711235046
YKL205W,YHR109W,0,2.4068058,0.15285788476467133,0.6771196126937866,0.3752613365650177
YPR194C,YNL307C,0,2.4064581,0.15281783044338226,0.6771196126937866,0.37537747621536255
YOR261C,YNL219C,0,2.4061632,0.1527777761220932,0.6771196126937866,0.3754936158657074
YBR125C,YNL073W,0,2.4055738,0.15273775160312653,0.6771196126937866,0.37560975551605225
YDR034C,YKL074C,0,2.4053316,0.15269774198532104,0.6771196126937866,0.3757258951663971
YNL314W,YJR107W,0,2.4040744,0.15265776216983795,0.6771196126937866,0.37584203481674194
YOR054C,YBR145W,0,2.403979,0.15261779725551605,0.6771196126937866,0.3759581744670868
YDL170W,YBL068W,0,2.403958,0.15257786214351654,0.6771196126937866,0.37607434391975403
YCL036W,YLR164W,0,2.4038763,0.15253794193267822,0.6771196126937866,0.3761904835700989
YHL012W,YKL067W,0,2.4036922,0.1524980366230011,0.6771196126937866,0.3763066232204437
YJR004C,YFL066C,0,2.403659,0.15245816111564636,0.6771196126937866,0.3764227628707886
YOR292C,YBR276C,0,2.4033365,0.15241830050945282,0.6771196126937866,0.3765389025211334
YGR246C,YGL233W,0,2.4032624,0.15237846970558167,0.6771196126937866,0.37665504217147827
YOR297C,YOR232W,1,2.4029655,0.15259994566440582,0.6782810688018799,0.37665504217147827
YHR209W,YDR364C,0,2.402514,0.15256008505821228,0.6782810688018799,0.3767711818218231
YDR079W,YKL013C,1,2.402116,0.1527814120054245,0.6794425249099731,0.3767711818218231
YER101C,YMR301C,0,2.401871,0.15274152159690857,0.6794425249099731,0.37688735127449036
YAL022C,YIL020C,0,2.401688,0.15270164608955383,0.6794425249099731,0.3770034909248352
YKL161C,YDR218C,0,2.400869,0.15266180038452148,0.6794425249099731,0.37711963057518005
YGL212W,YMR186W,0,2.4003673,0.15262196958065033,0.6794425249099731,0.3772357702255249
YLR285W,YMR200W,0,2.4001896,0.15258215367794037,0.6794425249099731,0.37735190987586975
YIL134W,YNL163C,0,2.400186,0.1525423675775528,0.6794425249099731,0.3774680495262146
YGL062W,YDR151C,0,2.399443,0.1525026112794876,0.6794425249099731,0.37758421897888184
YGL010W,YGL174W,0,2.3978112,0.15246285498142242,0.6794425249099731,0.3777003586292267
YER008C,YBL112C,0,2.397512,0.15242314338684082,0.6794425249099731,0.37781649827957153
YHR069C,YCL034W,0,2.3973856,0.15238343179225922,0.6794425249099731,0.3779326379299164
YMR238W,YGR222W,0,2.397234,0.15234375,0.6794425249099731,0.37804877758026123
YHR012W,YJL155C,0,2.3968704,0.15230408310890198,0.6794425249099731,0.3781649172306061
YDR530C,YLR151C,0,2.3964772,0.15226444602012634,0.6794425249099731,0.3782810568809509
YOR301W,YPL122C,0,2.3949833,0.1522248238325119,0.6794425249099731,0.37839722633361816
YDR026C,YLR325C,0,2.394523,0.15218521654605865,0.6794425249099731,0.378513365983963
YLR289W,YCL024W,0,2.3931718,0.1521456390619278,0.6794425249099731,0.37862950563430786
YBR059C,YNL335W,0,2.392215,0.15210609138011932,0.6794425249099731,0.3787456452846527
YBL076C,YPR006C,0,2.3917885,0.15206654369831085,0.6794425249099731,0.37886178493499756
YDR164C,YPL188W,0,2.3914566,0.15202702581882477,0.6794425249099731,0.3789779245853424
YER087W,YMR295C,0,2.391187,0.15198752284049988,0.6794425249099731,0.37909406423568726
YOR176W,YIL133C,0,2.3910546,0.15194804966449738,0.6794425249099731,0.3792102336883545
YMR300C,YDL170W,0,2.3901951,0.15190859138965607,0.6794425249099731,0.37932637333869934
YEL031W,YBR223C,0,2.389496,0.15186916291713715,0.6794425249099731,0.3794425129890442
YNL202W,YDR170C,0,2.3893619,0.15182974934577942,0.6794425249099731,0.37955865263938904
YIR011C,YMR159C,0,2.3880877,0.15179035067558289,0.6794425249099731,0.3796747922897339
YKL126W,YNL273W,0,2.388025,0.15175096690654755,0.6794425249099731,0.37979093194007874
YIL142W,YML030W,0,2.3877127,0.1517116129398346,0.6794425249099731,0.3799070715904236
YKL170W,YLL002W,0,2.387211,0.15167228877544403,0.6794425249099731,0.3800232410430908
YMR200W,YBL098W,0,2.3856726,0.15163296461105347,0.6794425249099731,0.38013938069343567
YLL051C,YLL004W,0,2.3855255,0.1515936702489853,0.6794425249099731,0.3802555203437805
YER151C,YNR044W,0,2.3849838,0.1515544056892395,0.6794425249099731,0.38037165999412537
YDR137W,YNR004W,0,2.3841903,0.1515151560306549,0.6794425249099731,0.3804877996444702
YOL028C,YDR508C,0,2.3839128,0.1514759212732315,0.6794425249099731,0.38060393929481506
YML080W,YIL017W,0,2.3837452,0.1514367014169693,0.6794425249099731,0.3807200789451599
YFL014W,YJL140W,0,2.3833447,0.15139751136302948,0.6794425249099731,0.38083624839782715
YKL003C,YNL092W,0,2.3832295,0.15135835111141205,0.6794425249099731,0.380952388048172
YJL087C,YPL082C,0,2.3832,0.15131919085979462,0.6794425249099731,0.38106852769851685
YPL082C,YJR053W,0,2.382884,0.15128006041049957,0.6794425249099731,0.3811846673488617
YNL050C,YGR185C,0,2.38167,0.15124094486236572,0.6794425249099731,0.38130080699920654
YNL314W,YJL030W,0,2.3809397,0.15120185911655426,0.6794425249099731,0.3814169466495514
YBR195C,YEL070W,0,2.3808994,0.151162788271904,0.6794425249099731,0.38153308629989624
YLR300W,YKL175W,0,2.3807247,0.1511237472295761,0.6794425249099731,0.3816492557525635
YNL032W,YOR085W,0,2.3800886,0.15108470618724823,0.6794425249099731,0.3817653954029083
YDR371W,YDR332W,0,2.3797393,0.15104569494724274,0.6794425249099731,0.3818815350532532
YER017C,YPR125W,1,2.3787937,0.15126484632492065,0.6806039214134216,0.3818815350532532
YKR066C,YIL020C,0,2.3787112,0.15122580528259277,0.6806039214134216,0.381997674703598
YEL053C,YEL056W,0,2.3779159,0.15118679404258728,0.6806039214134216,0.38211381435394287
YBR150C,YJR026W,0,2.3764162,0.15114779770374298,0.6806039214134216,0.3822299540042877
YCR052W,YLL027W,0,2.3762422,0.15110881626605988,0.6806039214134216,0.38234612345695496
YEL031W,YPR006C,0,2.3762293,0.15106986463069916,0.6806039214134216,0.3824622631072998
YDL107W,YEL030W,1,2.3761928,0.15128865838050842,0.6817653775215149,0.3824622631072998
YKL020C,YMR093W,0,2.375589,0.15124967694282532,0.6817653775215149,0.38257840275764465
YIL083C,YOR123C,0,2.3740458,0.1512107104063034,0.6817653775215149,0.3826945424079895
YGR072W,YGR185C,0,2.3732944,0.15117177367210388,0.6817653775215149,0.38281068205833435
YPL082C,YGL051W,0,2.3731809,0.15113285183906555,0.6817653775215149,0.3829268217086792
YDL015C,YPL078C,0,2.373117,0.15109394490718842,0.6817653775215149,0.38304296135902405
YBR177C,YKL186C,0,2.3710885,0.15105506777763367,0.6817653775215149,0.3831591308116913
YNL273W,YDR062W,0,2.3709307,0.1510162055492401,0.6817653775215149,0.38327527046203613
YOR310C,YJR040W,0,2.370887,0.15097737312316895,0.6817653775215149,0.383391410112381
YNL314W,YLR160C,0,2.370648,0.15093854069709778,0.6817653775215149,0.38350754976272583
YMR203W,YPR125W,1,2.3705783,0.15115681290626526,0.6829268336296082,0.38350754976272583
YDR527W,YLR380W,0,2.3681915,0.1511179655790329,0.6829268336296082,0.3836236894130707
YIL134W,YGL226C-A,0,2.3678403,0.15107913315296173,0.6829268336296082,0.3837398290634155
YDL035C,YGR134W,0,2.3672512,0.15104033052921295,0.6829268336296082,0.3838559687137604
YMR194W,YKL130C,0,2.3662233,0.15100154280662537,0.6829268336296082,0.3839721381664276
YAL016W,YBR096W,0,2.366216,0.15096276998519897,0.6829268336296082,0.38408827781677246
YJL155C,YBR145W,0,2.3656116,0.15092402696609497,0.6829268336296082,0.3842044174671173
YOL028C,YKL003C,0,2.3655815,0.15088529884815216,0.6829268336296082,0.38432055711746216
YPR024W,YER154W,1,2.3652656,0.15110312402248383,0.6840882897377014,0.38432055711746216
YHR047C,YER130C,0,2.365239,0.15106438100337982,0.6840882897377014,0.384436696767807
YDR079W,YDL142C,1,2.3649862,0.15128205716609955,0.6852496862411499,0.384436696767807
YIL088C,YDR159W,0,2.3646865,0.15124326944351196,0.6852496862411499,0.38455283641815186
YNL258C,YFL054C,0,2.363495,0.15120451152324677,0.6852496862411499,0.3846689760684967
YOR071C,YLR157C,0,2.3634598,0.15116576850414276,0.6852496862411499,0.38478514552116394
YDL035C,YJL149W,0,2.3634558,0.15112705528736115,0.6852496862411499,0.3849012851715088
YIR025W,YJL030W,0,2.3631358,0.15108834207057953,0.6852496862411499,0.38501742482185364
YLL051C,YKL182W,0,2.3628755,0.1510496735572815,0.6852496862411499,0.3851335644721985
YCR014C,YMR213W,0,2.3626711,0.15101100504398346,0.6852496862411499,0.38524970412254333
YDR530C,YGR276C,0,2.360888,0.1509723663330078,0.6852496862411499,0.3853658437728882
YNR018W,YOR020C,0,2.360795,0.15093374252319336,0.6852496862411499,0.38548198342323303
YML058W-A,YER190W,0,2.3600423,0.1508951336145401,0.6852496862411499,0.38559815287590027
YMR160W,YBL092W,0,2.3598533,0.15085655450820923,0.6852496862411499,0.3857142925262451
YGL236C,YJL029C,0,2.3596015,0.15081799030303955,0.6852496862411499,0.38583043217658997
YLR182W,YKL003C,0,2.3589349,0.15077945590019226,0.6852496862411499,0.3859465718269348
YOR301W,YJL029C,0,2.3580008,0.15074093639850616,0.6852496862411499,0.38606271147727966
YJL024C,YMR159C,0,2.3578851,0.15070243179798126,0.6852496862411499,0.3861788511276245
YHR209W,YLR130C,0,2.357607,0.15066394209861755,0.6852496862411499,0.38629502058029175
YOR148C,YCL026C-B,0,2.357,0.15062548220157623,0.6852496862411499,0.3864111602306366
YDL047W,YKL003C,0,2.356333,0.1505870372056961,0.6852496862411499,0.38652729988098145
YPR198W,YBL034C,0,2.3558903,0.15054860711097717,0.6852496862411499,0.3866434395313263
YLR043C,YCL032W,0,2.3557568,0.15051020681858063,0.6852496862411499,0.38675957918167114
YGR010W,YJL134W,0,2.355599,0.15047182142734528,0.6852496862411499,0.386875718832016
YDR034C,YLL034C,0,2.3553412,0.15043345093727112,0.6852496862411499,0.38699185848236084
YIL088C,YBR261C,0,2.3551855,0.15039511024951935,0.6852496862411499,0.3871080279350281
YMR250W,YLR309C,0,2.3544269,0.15035678446292877,0.6852496862411499,0.3872241675853729
YAR002C-A,YCR052W,0,2.3542948,0.1503184735774994,0.6852496862411499,0.3873403072357178
YDR174W,YFL045C,0,2.3541782,0.1502801775932312,0.6852496862411499,0.3874564468860626
YOR349W,YMR229C,0,2.3540728,0.1502419114112854,0.6852496862411499,0.38757258653640747
YNR004W,YBR257W,0,2.3536625,0.1502036601305008,0.6852496862411499,0.3876887261867523
YMR013C,YNL172W,0,2.3534174,0.15016543865203857,0.6852496862411499,0.38780486583709717
YDR530C,YMR210W,0,2.353265,0.15012723207473755,0.6852496862411499,0.3879210352897644
YJL213W,YGL060W,0,2.3532338,0.15008904039859772,0.6852496862411499,0.38803717494010925
YPL151C,YBR093C,0,2.3528986,0.15005086362361908,0.6852496862411499,0.3881533145904541
YDL074C,YPL183W-A,0,2.3525069,0.15001271665096283,0.6852496862411499,0.38826945424079895
YDL029W,YOR147W,1,2.3523061,0.15022876858711243,0.6864111423492432,0.38826945424079895
YKR057W,YOR215C,0,2.3510442,0.1501905918121338,0.6864111423492432,0.3883855938911438
YGL068W,YJL191W,0,2.3499706,0.15015244483947754,0.6864111423492432,0.38850173354148865
YJR010W,YLR224W,0,2.3497636,0.1501142978668213,0.6864111423492432,0.3886178731918335
YLR028C,YBR222C,0,2.3487716,0.15007618069648743,0.6864111423492432,0.38873404264450073
YMR272C,YLL017W,0,2.3482502,0.15003807842731476,0.6864111423492432,0.3888501822948456
YGL019W,YDR109C,0,2.3476632,0.15000000596046448,0.6864111423492432,0.38896632194519043
YKL174C,YMR034C,0,2.3475082,0.1499619334936142,0.6864111423492432,0.3890824615955353
YMR182C,YLL027W,0,2.3471034,0.1499238908290863,0.6864111423492432,0.3891986012458801
YKR066C,YOR377W,0,2.346434,0.1498858779668808,0.6864111423492432,0.389314740896225
YCR057C,YBR173C,0,2.3459818,0.1498478651046753,0.6864111423492432,0.3894308805465698
YGL170C,YPR137W,0,2.3452818,0.14980988204479218,0.6864111423492432,0.38954704999923706
YDR285W,YML080W,0,2.3452122,0.14977191388607025,0.6864111423492432,0.3896631896495819
YML049C,YLR130C,0,2.3450015,0.14973397552967072,0.6864111423492432,0.38977932929992676
YOR209C,YMR099C,0,2.344767,0.14969605207443237,0.6864111423492432,0.3898954689502716
YLR141W,YNL208W,0,2.3443134,0.14965814352035522,0.6864111423492432,0.39001160860061646
YNL219C,YER002W,0,2.3442442,0.14962024986743927,0.6864111423492432,0.3901277482509613
YBR274W,YIL079C,0,2.3440127,0.1495823860168457,0.6864111423492432,0.39024388790130615
YJR138W,YER014C-A,0,2.343942,0.14954453706741333,0.6864111423492432,0.3903600573539734
YGL256W,YMR186W,0,2.3429356,0.14950670301914215,0.6864111423492432,0.39047619700431824
YJR127C,YMR034C,0,2.3427882,0.14946889877319336,0.6864111423492432,0.3905923366546631
YBL058W,YMR038C,0,2.3408685,0.14943109452724457,0.6864111423492432,0.39070847630500793
YPL139C,YAR031W,0,2.340444,0.14939332008361816,0.6864111423492432,0.3908246159553528
YPL151C,YNL283C,0,2.3404372,0.14935557544231415,0.6864111423492432,0.39094075560569763
YMR182C,YIL042C,0,2.3395019,0.14931783080101013,0.6864111423492432,0.39105692505836487
YOR232W,YNL070W,1,2.3394473,0.14953270554542542,0.6875725984573364,0.39105692505836487
YLR383W,YGR239C,0,2.3391154,0.1494949460029602,0.6875725984573364,0.3911730647087097
YNR074C,YIR005W,0,2.339032,0.1494572013616562,0.6875725984573364,0.39128920435905457
YKL013C,YEL030W,1,2.3390114,0.14967188239097595,0.6887340545654297,0.39128920435905457
YGR282C,YMR321C,0,2.338239,0.14963412284851074,0.6887340545654297,0.3914053440093994
YPR011C,YGR012W,0,2.3381524,0.14959636330604553,0.6887340545654297,0.39152148365974426
YDL121C,YBR230C,0,2.3379319,0.1495586335659027,0.6887340545654297,0.3916376233100891
YGR144W,YDL107W,1,2.337662,0.14977307617664337,0.6898954510688782,0.3916376233100891
YOR388C,YNL282W,0,2.3371315,0.14973531663417816,0.6898954510688782,0.39175376296043396
YJR083C,YLL017W,0,2.336977,0.14969758689403534,0.6898954510688782,0.3918699324131012
YMR039C,YKL096W-A,0,2.3368976,0.14965985715389252,0.6898954510688782,0.39198607206344604
YGL212W,YOR099W,0,2.3368187,0.14962217211723328,0.6898954510688782,0.3921022117137909
YLR289W,YFL023W,0,2.3364077,0.14958448708057404,0.6898954510688782,0.39221835136413574
YHR164C,YKR020W,0,2.3346617,0.14954683184623718,0.6898954510688782,0.3923344910144806
YBR096W,YPL274W,0,2.3345776,0.14950919151306152,0.6898954510688782,0.39245063066482544
YDR034C,YLR009W,0,2.3344872,0.14947156608104706,0.6898954510688782,0.3925667703151703
YIL002C,YDL111C,0,2.3340862,0.1494339555501938,0.6898954510688782,0.3926829397678375
YDR131C,YMR186W,0,2.3340597,0.1493963748216629,0.6898954510688782,0.3927990794181824
YHR211W,YJL144W,0,2.3335624,0.1493588089942932,0.6898954510688782,0.3929152190685272
YPR024W,YJL112W,1,2.3330886,0.14957265555858612,0.6910569071769714,0.3929152190685272
YDR306C,YMR087W,0,2.332951,0.14953505992889404,0.6910569071769714,0.39303135871887207
YLR447C,YNL262W,0,2.3328624,0.14949749410152435,0.6910569071769714,0.3931474983692169
YDR072C,YOR299W,0,2.332788,0.14945992827415466,0.6910569071769714,0.39326363801956177
YGL010W,YHL034C,0,2.332716,0.14942240715026855,0.6910569071769714,0.3933797776699066
YDL054C,YJL081C,0,2.332652,0.14938488602638245,0.6910569071769714,0.39349594712257385
YLR380W,YDR062W,0,2.3322346,0.14934739470481873,0.6910569071769714,0.3936120867729187
YDR499W,YDR306C,0,2.331346,0.1493099182844162,0.6910569071769714,0.39372822642326355
YBR096W,YNL284C,0,2.330052,0.14927245676517487,0.6910569071769714,0.3938443660736084
YKR103W,YJL103C,0,2.329532,0.14923501014709473,0.6910569071769714,0.39396050572395325
YPL099C,YLR301W,0,2.3291278,0.14919759333133698,0.6910569071769714,0.3940766453742981
YJL011C,YDR392W,0,2.3287997,0.14916019141674042,0.6910569071769714,0.39419278502464294
YDL107W,YNR035C,1,2.3283172,0.14937342703342438,0.6922183632850647,0.39419278502464294
YHR060W,YJR026W,0,2.3282347,0.14933601021766663,0.6922183632850647,0.3943089544773102
YDL197C,YMR173W,0,2.328081,0.14929859340190887,0.6922183632850647,0.39442509412765503
YER185W,YNL282W,0,2.327922,0.1492612063884735,0.6922183632850647,0.3945412337779999
YFR021W,YHR057C,0,2.327469,0.14922383427619934,0.6922183632850647,0.3946573734283447
YGL112C,YFR018C,0,2.3274064,0.14918647706508636,0.6922183632850647,0.3947735130786896
YER151C,YDL179W,0,2.3272755,0.14914914965629578,0.6922183632850647,0.3948896527290344
YDL107W,YDL142C,1,2.3258924,0.14936202764511108,0.693379819393158,0.3948896527290344
YDR451C,YLR301W,0,2.325132,0.14932465553283691,0.693379819393158,0.3950057923793793
YDR429C,YMR193W,0,2.3250492,0.14928732812404633,0.693379819393158,0.3951219618320465
YLL012W,YNL092W,0,2.3231678,0.14925000071525574,0.693379819393158,0.39523810148239136
YPR189W,YNL230C,0,2.3230617,0.14921270310878754,0.693379819393158,0.3953542411327362
YLR043C,YGL236C,0,2.3227737,0.14917540550231934,0.693379819393158,0.39547038078308105
YPR187W,YGR175C,0,2.3227482,0.14913815259933472,0.693379819393158,0.3955865204334259
YNR017W,YDL198C,1,2.3220057,0.14935064315795898,0.6945412158966064,0.3955865204334259
YPL064C,YER074W,0,2.3219202,0.14931336045265198,0.6945412158966064,0.39570266008377075
YBR202W,YLR268W,0,2.3218307,0.14927609264850616,0.6945412158966064,0.395818829536438
YLR404W,YMR186W,0,2.3217926,0.14923882484436035,0.6945412158966064,0.39593496918678284
YDR030C,YMR115W,0,2.3215985,0.14920160174369812,0.6945412158966064,0.3960511088371277
YMR321C,YLR268W,0,2.3195324,0.1491643786430359,0.6945412158966064,0.39616724848747253
YER154W,YNL026W,1,2.3190203,0.14937655627727509,0.6957026720046997,0.39616724848747253
YDR196C,YLL034C,0,2.3187716,0.14933931827545166,0.6957026720046997,0.3962833881378174
YLR033W,YDR373W,0,2.3187451,0.14930209517478943,0.6957026720046997,0.39639952778816223
YBR202W,YIR025W,0,2.318257,0.1492648869752884,0.6957026720046997,0.3965156674385071
YBL089W,YOR349W,0,2.3179529,0.14922770857810974,0.6957026720046997,0.3966318368911743
YJL140W,YPL110C,0,2.3169067,0.1491905301809311,0.6957026720046997,0.39674797654151917
YMR078C,YGR143W,0,2.3145947,0.14915338158607483,0.6957026720046997,0.396864116191864
YGR034W,YLL033W,0,2.3139002,0.14911626279354095,0.6957026720046997,0.39698025584220886
YGR056W,YMR179W,0,2.3127537,0.14907914400100708,0.6957026720046997,0.3970963954925537
YPR149W,YJL079C,0,2.3123908,0.1490420550107956,0.6957026720046997,0.39721253514289856
YIL139C,YOR340C,0,2.311774,0.1490049809217453,0.6957026720046997,0.3973286747932434
YIL046W,YDR472W,0,2.311666,0.1489679217338562,0.6957026720046997,0.39744484424591064
YKL126W,YAL024C,0,2.3112493,0.1489308774471283,0.6957026720046997,0.3975609838962555
YEL056W,YMR099C,0,2.3108923,0.14889386296272278,0.6957026720046997,0.39767712354660034
YGL212W,YCL032W,0,2.3104224,0.14885686337947845,0.6957026720046997,0.3977932631969452
YLR404W,YPR138C,0,2.310392,0.14881987869739532,0.6957026720046997,0.39790940284729004
YNL085W,YOR378W,0,2.3103354,0.1487829089164734,0.6957026720046997,0.3980255424976349
YHR029C,YDR306C,0,2.3095033,0.14874596893787384,0.6957026720046997,0.39814168214797974
YCL036W,YBR271W,0,2.3093088,0.14870904386043549,0.6957026720046997,0.398257851600647
YIL139C,YLR348C,0,2.3092084,0.14867213368415833,0.6957026720046997,0.3983739912509918
YOR020C,YAL031C,0,2.3087747,0.14863523840904236,0.6957026720046997,0.39849013090133667
YPL042C,YMR008C,0,2.3077514,0.14859835803508759,0.6957026720046997,0.3986062705516815
YLL045C,YPR080W,0,2.307254,0.1485615074634552,0.6957026720046997,0.39872241020202637
YGR251W,YLR251W,0,2.3069975,0.148524671792984,0.6957026720046997,0.3988385498523712
YIL083C,YDL225W,0,2.3062537,0.148487851023674,0.6957026720046997,0.39895468950271606
YKR057W,YDR218C,0,2.3061476,0.1484510600566864,0.6957026720046997,0.3990708589553833
YMR239C,YFL021W,0,2.30587,0.1484142690896988,0.6957026720046997,0.39918699860572815
YPR167C,YNR018W,0,2.3041487,0.14837750792503357,0.6957026720046997,0.399303138256073
YDL171C,YBR129C,0,2.3038669,0.14834076166152954,0.6957026720046997,0.39941927790641785
YDR460W,YKL061W,0,2.3037155,0.1483040302991867,0.6957026720046997,0.3995354175567627
YGR144W,YLR163C,1,2.303205,0.14851485192775726,0.696864128112793,0.3995354175567627
YNL335W,YHR057C,0,2.3025596,0.14847810566425323,0.696864128112793,0.39965155720710754
YNR021W,YLR300W,0,2.29995,0.1484413594007492,0.696864128112793,0.3997677266597748
YNR013C,YDR218C,0,2.299551,0.14840464293956757,0.696864128112793,0.39988386631011963
YDR034C,YGR246C,0,2.299066,0.1483679562807083,0.696864128112793,0.4000000059604645
YOL093W,YMR114C,0,2.2988706,0.14833126962184906,0.696864128112793,0.4001161456108093
YNR057C,YMR246W,0,2.298832,0.1482946127653122,0.696864128112793,0.4002322852611542
YHR074W,YNL297C,0,2.2986627,0.14825797080993652,0.696864128112793,0.400348424911499
YDR530C,YLR029C,0,2.2985291,0.14822134375572205,0.696864128112793,0.40046456456184387
YIR038C,YPL274W,0,2.297644,0.14818473160266876,0.696864128112793,0.4005807340145111
YLR380W,YKR101W,0,2.2974017,0.14814814925193787,0.696864128112793,0.40069687366485596
YDL021W,YKL175W,0,2.296088,0.14811158180236816,0.696864128112793,0.4008130133152008
YMR087W,YNL078W,0,2.296048,0.14807502925395966,0.696864128112793,0.40092915296554565
YNL231C,YOR098C,0,2.295796,0.14803849160671234,0.696864128112793,0.4010452926158905
YNL304W,YDR470C,1,2.2956553,0.14824864268302917,0.6980255246162415,0.4010452926158905
YJR092W,YLR316C,0,2.2950106,0.14821209013462067,0.6980255246162415,0.40116143226623535
YFL054C,YML109W,0,2.294902,0.14817553758621216,0.6980255246162415,0.4012775719165802
YBR274W,YNR006W,0,2.2946298,0.14813901484012604,0.6980255246162415,0.40139374136924744
YPL276W,YPL274W,0,2.2942314,0.1481025069952011,0.6980255246162415,0.4015098810195923
YER014C-A,YGR214W,0,2.29395,0.14806602895259857,0.6980255246162415,0.40162602066993713
YCL004W,YBR037C,0,2.2937026,0.14802955090999603,0.6980255246162415,0.401742160320282
YLR440C,YPL027W,0,2.2927456,0.14799310266971588,0.6980255246162415,0.40185829997062683
YLR219W,YGR089W,0,2.2922475,0.14795666933059692,0.6980255246162415,0.4019744396209717
YNL079C,YPR125W,1,2.2912548,0.14816637337207794,0.6991869807243347,0.4019744396209717
YML132W,YCL052C,0,2.2912474,0.1481299251317978,0.6991869807243347,0.40209057927131653
YEL043W,YML056C,0,2.290164,0.14809347689151764,0.6991869807243347,0.40220674872398376
YOR349W,YER130C,0,2.2889574,0.14805705845355988,0.6991869807243347,0.4023228883743286
YKL090W,YPL273W,0,2.2886431,0.1480206549167633,0.6991869807243347,0.40243902802467346
YDR373W,YOR085W,0,2.2885692,0.14798426628112793,0.6991869807243347,0.4025551676750183
YML052W,YLR316C,0,2.2879784,0.14794789254665375,0.6991869807243347,0.40267130732536316
YLR429W,YIL042C,0,2.286951,0.14791154861450195,0.6991869807243347,0.402787446975708
YKL074C,YOR180C,0,2.2866983,0.14787521958351135,0.6991869807243347,0.40290358662605286
YDR131C,YMR034C,0,2.2858322,0.14783890545368195,0.6991869807243347,0.4030197560787201
YNR021W,YFL023W,0,2.2857037,0.14780260622501373,0.6991869807243347,0.40313589572906494
YFR036W,YDR404C,0,2.2853785,0.1477663218975067,0.6991869807243347,0.4032520353794098
YPR091C,YIR032C,0,2.2852952,0.14773006737232208,0.6991869807243347,0.40336817502975464
YDR512C,YML109W,0,2.2849648,0.14769381284713745,0.6991869807243347,0.4034843146800995
YBR260C,YDR026C,0,2.284939,0.1476575881242752,0.6991869807243347,0.40360045433044434
YGL083W,YGL241W,0,2.2844605,0.14762137830257416,0.6991869807243347,0.4037165939807892
YDL028C,YNL052W,0,2.284025,0.1475851982831955,0.6991869807243347,0.4038327634334564
YHR211W,YBR115C,0,2.283956,0.14754901826381683,0.6991869807243347,0.40394890308380127
YGR056W,YGR143W,0,2.282877,0.14751286804676056,0.6991869807243347,0.4040650427341461
YHR029C,YOR292C,0,2.2827985,0.14747673273086548,0.6991869807243347,0.40418118238449097
YHR005C-A,YDL198C,1,2.2813065,0.14768552780151367,0.700348436832428,0.40418118238449097
YOR159C,YER087C-B,0,2.2812717,0.1476493626832962,0.700348436832428,0.4042973220348358
YER150W,YLR164W,0,2.281242,0.14761321246623993,0.700348436832428,0.40441346168518066
YPR111W,YJR026W,0,2.280991,0.14757709205150604,0.700348436832428,0.4045296311378479
YDL217C,YPR125W,1,2.2803006,0.14778566360473633,0.7015098929405212,0.4045296311378479
YCL036W,YLR325C,0,2.2802248,0.14774951338768005,0.7015098929405212,0.40464577078819275
YLL029W,YGR105W,0,2.2796764,0.14771337807178497,0.7015098929405212,0.4047619104385376
YGR020C,YDL045C,0,2.2789693,0.1476772576570511,0.7015098929405212,0.40487805008888245
YAL033W,YLR187W,0,2.2788055,0.1476411670446396,0.7015098929405212,0.4049941897392273
YJR006W,YGL026C,0,2.277561,0.1476050764322281,0.7015098929405212,0.40511032938957214
YPL147W,YPL096W,0,2.2770913,0.14756901562213898,0.7015098929405212,0.405226469039917
YLL061W,YIL133C,0,2.2768512,0.14753296971321106,0.7015098929405212,0.40534263849258423
YJR149W,YIL133C,0,2.2767336,0.14749695360660553,0.7015098929405212,0.4054587781429291
YER101C,YNL290W,0,2.2762055,0.1474609375,0.7015098929405212,0.4055749177932739
YOR038C,YLL033W,0,2.2746282,0.14742495119571686,0.7015098929405212,0.4056910574436188
YNL304W,YJR034W,1,2.274152,0.14763298630714417,0.7026712894439697,0.4056910574436188
YLR209C,YDL083C,0,2.273949,0.14759697020053864,0.7026712894439697,0.4058071970939636
YBL085W,YLR251W,0,2.2739213,0.1475609689950943,0.7026712894439697,0.40592333674430847
YOR297C,YHR005C-A,1,2.2734234,0.14776884019374847,0.703832745552063,0.40592333674430847
YBR096W,YER104W,0,2.2730722,0.14773280918598175,0.703832745552063,0.4060394763946533
YNL271C,YOL101C,0,2.2730339,0.14769680798053741,0.703832745552063,0.40615564584732056
YFL057C,YMR238W,0,2.2727077,0.14766082167625427,0.703832745552063,0.4062717854976654
YBR260C,YGR216C,0,2.2726748,0.14762485027313232,0.703832745552063,0.40638792514801025
YGL094C,YPL083C,0,2.2726622,0.14758889377117157,0.703832745552063,0.4065040647983551
YJL060W,YAL017W,0,2.2718866,0.147552952170372,0.703832745552063,0.40662020444869995
YAL054C,YDR109C,0,2.271846,0.14751704037189484,0.703832745552063,0.4067363440990448
YCL018W,YLL004W,0,2.2718284,0.14748114347457886,0.703832745552063,0.40685248374938965
YIL142W,YNL092W,0,2.271557,0.14744526147842407,0.703832745552063,0.4069686532020569
YMR019W,YBR026C,0,2.271188,0.14740939438343048,0.703832745552063,0.40708479285240173
YPL002C,YHR060W,0,2.2710426,0.14737354218959808,0.703832745552063,0.4072009325027466
YBR118W,YDL039C,0,2.2709198,0.14733770489692688,0.703832745552063,0.40731707215309143
YBL112C,YMR065W,0,2.2703934,0.14730189740657806,0.703832745552063,0.4074332118034363
YIL080W,YDL140C,0,2.2703226,0.14726610481739044,0.703832745552063,0.40754935145378113
YJR127C,YOR388C,0,2.2698898,0.147230327129364,0.703832745552063,0.407665491104126
YLR203C,YGL113W,0,2.2686822,0.14719456434249878,0.703832745552063,0.4077816605567932
YDL047W,YPR043W,0,2.2677379,0.14715881645679474,0.703832745552063,0.40789780020713806
YMR182C,YOR038C,0,2.267698,0.1471230834722519,0.703832745552063,0.4080139398574829
YKL095W,YER137C,0,2.2674162,0.14708738029003143,0.703832745552063,0.40813007950782776
YDR337W,YLR325C,0,2.2661698,0.14705169200897217,0.703832745552063,0.4082462191581726
YDR453C,YJR149W,0,2.2660193,0.1470160186290741,0.703832745552063,0.40836235880851746
YNR006W,YOL136C,0,2.265758,0.14698036015033722,0.703832745552063,0.4084784984588623
YDR429C,YNR018W,0,2.2656863,0.14694471657276154,0.703832745552063,0.40859466791152954
YBR080C,YJL144W,0,2.2651966,0.14690908789634705,0.703832745552063,0.4087108075618744
YGR175C,YLR278C,0,2.2642071,0.14687348902225494,0.703832745552063,0.40882694721221924
YER008C,YOR020C,0,2.2639735,0.14683789014816284,0.703832745552063,0.4089430868625641
YJL124C,YPR198W,0,2.2635348,0.14680232107639313,0.703832745552063,0.40905922651290894
YOR142W,YAL031C,0,2.2634916,0.1467667669057846,0.703832745552063,0.4091753661632538
YPR190C,YCR026C,0,2.2631166,0.14673122763633728,0.703832745552063,0.409291535615921
YOR304C-A,YHL034C,0,2.2626104,0.14669571816921234,0.703832745552063,0.40940767526626587
YDL029W,YDL142C,1,2.2623615,0.14690223336219788,0.7049942016601562,0.40940767526626587
YBL058W,YMR061W,0,2.262116,0.14686667919158936,0.7049942016601562,0.4095238149166107
YMR123W,YBL052C,0,2.2620058,0.14683115482330322,0.7049942016601562,0.40963995456695557
YLR401C,YDR332W,0,2.261284,0.14679564535617828,0.7049942016601562,0.4097560942173004
YBR006W,YJR005W,0,2.2606444,0.14676015079021454,0.7049942016601562,0.40987223386764526
YBR294W,YLR033W,0,2.2602599,0.14672468602657318,0.7049942016601562,0.4099883735179901
YDR067C,YML039W,0,2.2593267,0.14668922126293182,0.7049942016601562,0.41010454297065735
YIL095W,YNL110C,0,2.2585804,0.14665378630161285,0.7049942016601562,0.4102206826210022
YIL061C,YER087W,0,2.2577496,0.14661835134029388,0.7049942016601562,0.41033682227134705
YIL170W,YMR186W,0,2.2560122,0.1465829461812973,0.7049942016601562,0.4104529619216919
YDR026C,YPR002W,0,2.2559521,0.14654755592346191,0.7049942016601562,0.41056910157203674
YGR027C,YML109W,0,2.254557,0.1465121954679489,0.7049942016601562,0.4106852412223816
YDR076W,YBR115C,0,2.254179,0.1464768350124359,0.7049942016601562,0.41080138087272644
YGR010W,YKL201C,0,2.253763,0.1464414894580841,0.7049942016601562,0.4109175503253937
YKL038W,YLL043W,0,2.2536292,0.1464061737060547,0.7049942016601562,0.4110336899757385
YHR030C,YPL096W,0,2.253599,0.14637087285518646,0.7049942016601562,0.4111498296260834
YDR205W,YNL259C,0,2.253562,0.14633558690547943,0.7049942016601562,0.4112659692764282
YMR168C,YHR132C,0,2.2533195,0.1463003158569336,0.7049942016601562,0.41138210892677307
YKL119C,YNL309W,0,2.2532578,0.14626505970954895,0.7049942016601562,0.4114982485771179
YOR219C,YBR037C,0,2.2532542,0.1462298184633255,0.7049942016601562,0.41161438822746277
YNL160W,YMR321C,0,2.252777,0.14619460701942444,0.7049942016601562,0.41173055768013
YDL036C,YDR226W,0,2.2514868,0.14615939557552338,0.7049942016601562,0.41184669733047485
YNL070W,YPR125W,1,2.2507868,0.1463649421930313,0.7061556577682495,0.41184669733047485
YMR241W,YNL079C,1,2.2498822,0.14657039940357208,0.707317054271698,0.41184669733047485
YDR310C,YER019C-A,0,2.2480612,0.14653512835502625,0.707317054271698,0.4119628369808197
YIL083C,YER130C,0,2.2479303,0.1464998871088028,0.707317054271698,0.41207897663116455
YNL283C,YER019C-A,0,2.247828,0.14646464586257935,0.707317054271698,0.4121951162815094
YFR001W,YKL094W,0,2.247235,0.14642943441867828,0.707317054271698,0.41231125593185425
YOR148C,YOR327C,0,2.2466965,0.14639423787593842,0.707317054271698,0.4124273955821991
YIL159W,YLR350W,0,2.2462428,0.14635904133319855,0.707317054271698,0.41254356503486633
YLR107W,YIL135C,0,2.246066,0.14632388949394226,0.707317054271698,0.4126597046852112
YDL039C,YHR168W,0,2.2448075,0.14628873765468597,0.707317054271698,0.41277584433555603
YPR194C,YAL039C,0,2.2446568,0.14625360071659088,0.707317054271698,0.4128919839859009
YKL053C-A,YBR192W,1,2.244365,0.14645858108997345,0.7084785103797913,0.4128919839859009
YGR155W,YOL062C,0,2.243994,0.14642342925071716,0.7084785103797913,0.4130081236362457
YLR043C,YMR308C,0,2.2429876,0.14638829231262207,0.7084785103797913,0.4131242632865906
YOR239W,YGR222W,0,2.2423353,0.14635317027568817,0.7084785103797913,0.4132404327392578
YOL158C,YOL151W,0,2.241096,0.14631806313991547,0.7084785103797913,0.41335657238960266
YLR300W,YER087C-B,0,2.239418,0.14628297090530396,0.7084785103797913,0.4134727120399475
YDL246C,YPL099C,0,2.2392743,0.14624790847301483,0.7084785103797913,0.41358885169029236
YER125W,YNL121C,1,2.2389102,0.14645254611968994,0.7096399664878845,0.41358885169029236
YPL064C,YPL139C,0,2.2385488,0.14641743898391724,0.7096399664878845,0.4137049913406372
YBL028C,YJL134W,0,2.2384067,0.14638236165046692,0.7096399664878845,0.41382113099098206
YOL038W,YJL082W,0,2.2379816,0.1463472992181778,0.7096399664878845,0.4139372706413269
YOR147W,YBR192W,1,2.237592,0.1465517282485962,0.7108014225959778,0.4139372706413269
YJL187C,YLR390W,0,2.2374148,0.14651663601398468,0.7108014225959778,0.41405344009399414
YER013W,YBL092W,0,2.2369967,0.14648157358169556,0.7108014225959778,0.414169579744339
YOR159C,YPL167C,0,2.2350562,0.14644651114940643,0.7108014225959778,0.41428571939468384
YNR074C,YKR008W,0,2.234625,0.1464114785194397,0.7108014225959778,0.4144018590450287
YMR182C,YCR014C,0,2.2341816,0.14637646079063416,0.7108014225959778,0.41451799869537354
YMR176W,YGL113W,0,2.233652,0.1463414579629898,0.7108014225959778,0.4146341383457184
YKL174C,YGL236C,0,2.2336307,0.14630648493766785,0.7108014225959778,0.41475027799606323
YBR172C,YER104W,0,2.233427,0.1462715119123459,0.7108014225959778,0.41486644744873047
YOR377W,YNL274C,0,2.2330792,0.14623655378818512,0.7108014225959778,0.4149825870990753
YNL050C,YPL122C,0,2.2330394,0.14620162546634674,0.7108014225959778,0.41509872674942017
YHR056C,YGR281W,0,2.232461,0.14616671204566956,0.7108014225959778,0.415214866399765
YGR221C,YOR324C,0,2.2324374,0.14613179862499237,0.7108014225959778,0.41533100605010986
YDR429C,YMR179W,0,2.2320657,0.14609691500663757,0.7108014225959778,0.4154471457004547
YLR404W,YPR006C,0,2.2317402,0.14606204628944397,0.7108014225959778,0.41556328535079956
YDR498C,YCR052W,0,2.2307258,0.14602720737457275,0.7108014225959778,0.4156794548034668
YJR138W,YOR054C,0,2.2306037,0.14599236845970154,0.7108014225959778,0.41579559445381165
YDR530C,YBR061C,0,2.2305014,0.14595754444599152,0.7108014225959778,0.4159117341041565
YPL183W-A,YNL175C,0,2.230304,0.14592275023460388,0.7108014225959778,0.41602787375450134
YLR447C,YDR064W,0,2.2298222,0.14588795602321625,0.7108014225959778,0.4161440134048462
YCL043C,YNR057C,0,2.229463,0.145853191614151,0.7108014225959778,0.41626015305519104
YGL014W,YDR392W,0,2.2293646,0.14581844210624695,0.7108014225959778,0.4163762927055359
YLL055W,YOR226C,0,2.2292862,0.1457837074995041,0.7108014225959778,0.4164924621582031
YOL107W,YLR316C,0,2.2289808,0.14574898779392242,0.7108014225959778,0.416608601808548
YLR163C,YNR035C,1,2.2286475,0.14595237374305725,0.7119628190994263,0.416608601808548
YOR126C,YPL104W,0,2.2283747,0.1459176391363144,0.7119628190994263,0.4167247414588928
YLL002W,YNL202W,0,2.2278273,0.14588291943073273,0.7119628190994263,0.41684088110923767
YJR107W,YKR102W,0,2.2270923,0.14584819972515106,0.7119628190994263,0.4169570207595825
YGR112W,YBR192W,1,2.2270408,0.14605137705802917,0.7131242752075195,0.4169570207595825
YNL304W,YPR083W,1,2.224917,0.14625446498394012,0.7142857313156128,0.4169570207595825
YCL036W,YBR081C,0,2.2247279,0.14621968567371368,0.7142857313156128,0.41707316040992737
YNL122C,YMR115W,0,2.2242515,0.14618493616580963,0.7142857313156128,0.4171893000602722
YPR187W,YDR373W,0,2.2233706,0.14615018665790558,0.7142857313156128,0.41730546951293945
YMR090W,YKL001C,0,2.2229214,0.1461154669523239,0.7142857313156128,0.4174216091632843
YOL057W,YEL031W,0,2.2229118,0.14608076214790344,0.7142857313156128,0.41753774881362915
YGL112C,YDR226W,0,2.2227232,0.14604607224464417,0.7142857313156128,0.417653888463974
YER154W,YJR034W,1,2.2219748,0.14624881744384766,0.7154471278190613,0.417653888463974
YJR055W,YPR200C,0,2.2210042,0.146214097738266,0.7154471278190613,0.41777002811431885
YGL236C,YER190W,0,2.2209752,0.1461794078350067,0.7154471278190613,0.4178861677646637
YLR316C,YGR089W,0,2.2204309,0.14614471793174744,0.7154471278190613,0.41800233721733093
YOR232W,YNL026W,1,2.220046,0.1463472545146942,0.7166085839271545,0.41800233721733093
YGL183C,YDR226W,0,2.2198164,0.14631254971027374,0.7166085839271545,0.4181184768676758
YPR125W,YBR192W,1,2.2198117,0.14651493728160858,0.7177700400352478,0.4181184768676758
YKR055W,YKL189W,0,2.2194834,0.14648020267486572,0.7177700400352478,0.41823461651802063
YDL028C,YLL061W,0,2.2186756,0.14644549787044525,0.7177700400352478,0.4183507561683655
YEL041W,YLR316C,0,2.2183213,0.14641080796718597,0.7177700400352478,0.4184668958187103
YPR194C,YBR002C,0,2.218245,0.1463761180639267,0.7177700400352478,0.4185830354690552
YHR209W,YMR210W,0,2.2177367,0.1463414579629898,0.7177700400352478,0.4186991751194
YBL076C,YGR246C,0,2.2174993,0.1463068127632141,0.7177700400352478,0.41881534457206726
YMR112C,YMR296C,0,2.217344,0.1462721824645996,0.7177700400352478,0.4189314842224121
YDR453C,YDL074C,0,2.2165828,0.1462375819683075,0.7177700400352478,0.41904762387275696
YOL066C,YHR039C-A,0,2.2153032,0.14620298147201538,0.7177700400352478,0.4191637635231018
YKR019C,YER087W,0,2.2152991,0.14616839587688446,0.7177700400352478,0.41927990317344666
YOL045W,YJR107W,0,2.2146485,0.14613384008407593,0.7177700400352478,0.4193960428237915
YOR230W,YHL027W,0,2.2139623,0.1460992842912674,0.7177700400352478,0.41951218247413635
YGL174W,YBR257W,0,2.2138536,0.14606475830078125,0.7177700400352478,0.4196283519268036
YFL010W-A,YLR325C,0,2.2136483,0.1460302472114563,0.7177700400352478,0.41974449157714844
YPL274W,YDL040C,0,2.2131984,0.14599575102329254,0.7177700400352478,0.4198606312274933
YBL034C,YMR099C,0,2.2131848,0.14596126973628998,0.7177700400352478,0.41997677087783813
YNL153C,YOR176W,0,2.212839,0.1459268033504486,0.7177700400352478,0.420092910528183
YML056C,YEL029C,0,2.2127273,0.14589235186576843,0.7177700400352478,0.42020905017852783
YHR077C,YCL057W,0,2.212093,0.14585791528224945,0.7177700400352478,0.4203251898288727
YGR144W,YJL112W,1,2.211993,0.14605946838855743,0.7189314961433411,0.4203251898288727
YJL155C,YDR229W,0,2.210105,0.14602500200271606,0.7189314961433411,0.4204413592815399
YER098W,YHR082C,0,2.2098818,0.14599056541919708,0.7189314961433411,0.42055749893188477
YJL187C,YPL083C,0,2.209744,0.1459561437368393,0.7189314961433411,0.4206736385822296
YML058W-A,YNR006W,0,2.2092085,0.1459217369556427,0.7189314961433411,0.42078977823257446
YEL043W,YAL017W,0,2.208819,0.1458873450756073,0.7189314961433411,0.4209059178829193
YNL271C,YKR019C,0,2.207135,0.1458529680967331,0.7189314961433411,0.42102205753326416
YGR221C,YOR378W,0,2.206045,0.14581860601902008,0.7189314961433411,0.421138197183609
YER098W,YFR018C,0,2.2059894,0.14578427374362946,0.7189314961433411,0.42125436663627625
YDR416W,YDR109C,0,2.205322,0.14574994146823883,0.7189314961433411,0.4213705062866211
YKL126W,YKL144C,0,2.205278,0.1457156240940094,0.7189314961433411,0.42148664593696594
YLR182W,YFL033C,0,2.2032282,0.14568133652210236,0.7189314961433411,0.4216027855873108
YDL198C,YPR133W-A,1,2.2014184,0.14588235318660736,0.7200928926467896,0.4216027855873108
YFL038C,YPL240C,0,2.2012646,0.14584803581237793,0.7200928926467896,0.42171892523765564
YPR162C,YDR444W,0,2.200709,0.1458137333393097,0.7200928926467896,0.4218350648880005
YPL042C,YPL083C,0,2.2006109,0.14577944576740265,0.7200928926467896,0.4219512343406677
YLR228C,YPL180W,0,2.200522,0.145745187997818,0.7200928926467896,0.4220673739910126
YJL112W,YNL121C,1,2.2004955,0.1459459513425827,0.7212543487548828,0.4220673739910126
YKL013C,YER017C,1,2.1999476,0.14614661037921906,0.7224158048629761,0.4220673739910126
YLR440C,YPL163C,0,2.1991923,0.14611229300498962,0.7224158048629761,0.4221835136413574
YCR052W,YOR355W,0,2.199046,0.1460779756307602,0.7224158048629761,0.42229965329170227
YOR298W,YER130C,0,2.199,0.14604367315769196,0.7224158048629761,0.4224157929420471
YBL112C,YCL008C,0,2.1985083,0.1460093855857849,0.7224158048629761,0.42253193259239197
YMR276W,YGL183C,0,2.1976593,0.14597512781620026,0.7224158048629761,0.4226480722427368
YNR031C,YPL240C,0,2.1973073,0.1459408700466156,0.7224158048629761,0.42276424169540405
YGR034W,YGL190C,0,2.1966877,0.14590664207935333,0.7224158048629761,0.4228803813457489
YPR011C,YGR216C,0,2.1963491,0.14587241411209106,0.7224158048629761,0.42299652099609375
YJL079C,YJR140C,0,2.1958005,0.14583821594715118,0.7224158048629761,0.4231126606464386
YIL177C,YDL047W,0,2.1957664,0.1458040326833725,0.7224158048629761,0.42322880029678345
YPL244C,YNL052W,0,2.1955614,0.145769864320755,0.7224158048629761,0.4233449399471283
YKL190W,YML109W,0,2.1951358,0.1457357108592987,0.7224158048629761,0.42346107959747314
YGR221C,YHR077C,0,2.1949356,0.1457015722990036,0.7224158048629761,0.4235772490501404
YHR029C,YER190W,0,2.1947803,0.1456674486398697,0.7224158048629761,0.42369338870048523
YJL071W,YMR143W,0,2.194551,0.14563333988189697,0.7224158048629761,0.4238095283508301
YNL085W,YMR090W,0,2.1941445,0.14559924602508545,0.7224158048629761,0.4239256680011749
YHR074W,YGR255C,0,2.1933422,0.1455651819705963,0.7224158048629761,0.4240418076515198
YGR180C,YOR098C,0,2.1931803,0.14553111791610718,0.7224158048629761,0.4241579473018646
YKL093W,YNL095C,0,2.19294,0.14549706876277924,0.7224158048629761,0.4242740869522095
YNL107W,YHR168W,0,2.192078,0.14546304941177368,0.7224158048629761,0.4243902564048767
YFL038C,YOL043C,0,2.191675,0.14542904496192932,0.7224158048629761,0.42450639605522156
YJR006W,YNL238W,0,2.191576,0.14539504051208496,0.7224158048629761,0.4246225357055664
YGL180W,YDR226W,0,2.1905875,0.145361065864563,0.7224158048629761,0.42473867535591125
YOR089C,YLR026C,0,2.1897037,0.1453271061182022,0.7224158048629761,0.4248548150062561
YBR129C,YBL092W,0,2.187409,0.14529316127300262,0.7224158048629761,0.42497095465660095
YMR054W,YDR195W,0,2.1872141,0.14525923132896423,0.7224158048629761,0.4250870943069458
YHR047C,YOL062C,0,2.186767,0.14522531628608704,0.7224158048629761,0.42520326375961304
YJL087C,YGL103W,0,2.1864264,0.14519141614437103,0.7224158048629761,0.4253194034099579
YOL145C,YOL057W,0,2.1863792,0.14515753090381622,0.7224158048629761,0.42543554306030273
YBL058W,YBR096W,0,2.186049,0.1451236605644226,0.7224158048629761,0.4255516827106476
YDL036C,YHR056C,0,2.1849113,0.14508980512619019,0.7224158048629761,0.42566782236099243
YLL004W,YOL052C,0,2.1847246,0.14505596458911896,0.7224158048629761,0.4257839620113373
YPL167C,YCL052C,0,2.1839168,0.14502215385437012,0.7224158048629761,0.42590010166168213
YBL113C,YOL104C,0,2.1831412,0.14498834311962128,0.7224158048629761,0.42601627111434937
YOR304C-A,YIL133C,0,2.1826675,0.14495456218719482,0.7224158048629761,0.4261324107646942
YLL033W,YPR152C,0,2.1825306,0.14492078125476837,0.7224158048629761,0.42624855041503906
YNR004W,YKL074C,0,2.1824076,0.1448870301246643,0.7224158048629761,0.4263646900653839
YDR067C,YDL055C,0,2.1814818,0.14485327899456024,0.7224158048629761,0.42648082971572876
YOR074C,YBR282W,0,2.1810334,0.14481955766677856,0.7224158048629761,0.4265969693660736
YKL126W,YGR143W,0,2.1807215,0.14478585124015808,0.7224158048629761,0.42671313881874084
YNR021W,YDL021W,0,2.180474,0.1447521597146988,0.7224158048629761,0.4268292784690857
YKL119C,YOL093W,0,2.179266,0.1447184681892395,0.7224158048629761,0.42694541811943054
YLR157C,YOR126C,0,2.1787589,0.1446848064661026,0.7224158048629761,0.4270615577697754
YJR021C,YIR039C,0,2.178102,0.1446511596441269,0.7224158048629761,0.42717769742012024
YDL217C,YER125W,1,2.1779299,0.14485003054141998,0.7235772609710693,0.42717769742012024
YGR246C,YKR028W,0,2.1774638,0.14481636881828308,0.7235772609710693,0.4272938370704651
YJR036C,YOR382W,0,2.1774576,0.14478270709514618,0.7235772609710693,0.42740997672080994
YDR472W,YGR222W,0,2.1770718,0.14474907517433167,0.7235772609710693,0.4275261461734772
YHR047C,YJR057W,0,2.1764894,0.14471544325351715,0.7235772609710693,0.427642285823822
YPL163C,YDL140C,0,2.176324,0.14468184113502502,0.7235772609710693,0.42775842547416687
YNL298W,YFL021W,0,2.175379,0.1446482539176941,0.7235772609710693,0.4278745651245117
YGL026C,YGR032W,0,2.1750898,0.14461466670036316,0.7235772609710693,0.42799070477485657
YFL045C,YDR081C,0,2.17476,0.14458110928535461,0.7235772609710693,0.4281068444252014
YMR087W,YKR069W,0,2.1734977,0.14454756677150726,0.7235772609710693,0.42822298407554626
YDR473C,YMR136W,0,2.1734324,0.1445140391588211,0.7235772609710693,0.4283391535282135
YPL113C,YMR034C,0,2.1733413,0.14448052644729614,0.7235772609710693,0.42845529317855835
YGL122C,YMR200W,0,2.1732635,0.14444701373577118,0.7235772609710693,0.4285714328289032
YBR170C,YJL134W,0,2.1718087,0.1444135308265686,0.7235772609710693,0.42868757247924805
YOR243C,YLR187W,0,2.1717017,0.14438006281852722,0.7235772609710693,0.4288037121295929
YBR202W,YIL095W,0,2.1713564,0.14434662461280823,0.7235772609710693,0.42891985177993774
YPR200C,YKR102W,0,2.1712718,0.14431318640708923,0.7235772609710693,0.4290359914302826
YOR232W,YNL121C,1,2.1711102,0.14451134204864502,0.7247386574745178,0.4290359914302826
YPL127C,YCL024W,0,2.1698923,0.14447788894176483,0.7247386574745178,0.42915216088294983
YML032C,YHR156C,0,2.16968,0.14444445073604584,0.7247386574745178,0.4292683005332947
YOR297C,YNL304W,1,2.1692188,0.1446424424648285,0.7259001135826111,0.4292683005332947
YLR314C,YDR337W,0,2.1689827,0.1446089744567871,0.7259001135826111,0.4293844401836395
YNL095C,YAR035W,0,2.1687427,0.14457552134990692,0.7259001135826111,0.4295005798339844
YLR187W,YDR508C,0,2.1670256,0.14454209804534912,0.7259001135826111,0.4296167194843292
YGL237C,YPR152C,0,2.1666763,0.14450867474079132,0.7259001135826111,0.4297328591346741
YLR219W,YNL219C,0,2.1656978,0.14447526633739471,0.7259001135826111,0.4298489987850189
YLR390W,YCL026C-B,0,2.1652822,0.1444418728351593,0.7259001135826111,0.42996516823768616
YGL010W,YBR010W,0,2.164919,0.14440850913524628,0.7259001135826111,0.430081307888031
YLR191W,YPL099C,0,2.1644452,0.14437514543533325,0.7259001135826111,0.43019744753837585
YDL015C,YML036W,0,2.1642237,0.14434179663658142,0.7259001135826111,0.4303135871887207
YOR216C,YOR099W,0,2.1640837,0.14430847764015198,0.7259001135826111,0.43042972683906555
YNL231C,YPR111W,0,2.1633582,0.14427515864372253,0.7259001135826111,0.4305458664894104
YOR212W,YKR102W,0,2.1626365,0.14424186944961548,0.7259001135826111,0.43066200613975525
YLR329W,YKL205W,0,2.1619174,0.14420858025550842,0.7259001135826111,0.4307781755924225
YLR401C,YDR389W,0,2.1617033,0.14417532086372375,0.7259001135826111,0.43089431524276733
YDL045W-A,YOR089C,0,2.1615229,0.1441420614719391,0.7259001135826111,0.4310104548931122
YNL282W,YGL051W,0,2.16117,0.1441088318824768,0.7259001135826111,0.43112659454345703
YMR160W,YGL113W,0,2.160317,0.14407561719417572,0.7259001135826111,0.4312427341938019
YBR278W,YCL043C,0,2.1595929,0.14404240250587463,0.7259001135826111,0.43135887384414673
YNR021W,YGL169W,0,2.1594286,0.14400921761989594,0.7259001135826111,0.43147504329681396
YCR093W,YNL208W,0,2.159204,0.14397604763507843,0.7259001135826111,0.4315911829471588
YPL183W-A,YBL089W,0,2.1590161,0.14394287765026093,0.7259001135826111,0.43170732259750366
YPR149W,YFL054C,0,2.1587243,0.1439097374677658,0.7259001135826111,0.4318234622478485
YOR106W,YDL128W,0,2.15865,0.14387661218643188,0.7259001135826111,0.43193960189819336
YJR147W,YJL128C,0,2.155852,0.14384350180625916,0.7259001135826111,0.4320557415485382
YPL083C,YAL039C,0,2.1556485,0.14381040632724762,0.7259001135826111,0.43217188119888306
YMR089C,YOL026C,1,2.1543946,0.1440073549747467,0.7270615696907043,0.43217188119888306
YMR315W,YDR457W,0,2.1541326,0.14397424459457397,0.7270615696907043,0.4322880506515503
YGR180C,YNL027W,0,2.1534593,0.14394113421440125,0.7270615696907043,0.43240419030189514
YPL113C,YER171W,0,2.151731,0.1439080387353897,0.7270615696907043,0.43252032995224
YPR135W,YER165W,0,2.1514769,0.14387497305870056,0.7270615696907043,0.43263646960258484
YPL147W,YDR332W,0,2.1508021,0.1438419073820114,0.7270615696907043,0.4327526092529297
YHR047C,YKL064W,0,2.1505625,0.14380887150764465,0.7270615696907043,0.43286874890327454
YJR021C,YDL148C,0,2.1505551,0.1437758356332779,0.7270615696907043,0.4329848885536194
YPL002C,YDL024C,0,2.148449,0.14374282956123352,0.7270615696907043,0.4331010580062866
YJL141C,YGR268C,0,2.1483963,0.14370982348918915,0.7270615696907043,0.43321719765663147
YLL040C,YMR213W,0,2.148158,0.14367684721946716,0.7270615696907043,0.4333333373069763
YOL141W,YEL037C,0,2.1471932,0.14364387094974518,0.7270615696907043,0.43344947695732117
YOR232W,YNR035C,1,2.1463933,0.14384032785892487,0.7282230257987976,0.43344947695732117
YPL167C,YPL065W,0,2.1462991,0.1438073366880417,0.7282230257987976,0.433565616607666
YHR179W,YOR148C,0,2.1460848,0.1437743604183197,0.7282230257987976,0.43368175625801086
YPR011C,YHR002W,0,2.1455774,0.1437413990497589,0.7282230257987976,0.4337978959083557
YOL066C,YDR072C,0,2.145567,0.14370845258235931,0.7282230257987976,0.43391406536102295
YJR127C,YKL009W,0,2.1452134,0.1436755210161209,0.7282230257987976,0.4340302050113678
YPR133W-A,YDR470C,1,2.1446629,0.1438717097043991,0.7293844223022461,0.4340302050113678
YGL068W,YJL081C,0,2.1446214,0.14383874833583832,0.7293844223022461,0.43414634466171265
YDR090C,YMR301C,0,2.1441717,0.14380581676959991,0.7293844223022461,0.4342624843120575
YHR030C,YDR260C,0,2.1429675,0.1437729001045227,0.7293844223022461,0.43437862396240234
YNL085W,YNL050C,0,2.14284,0.1437399834394455,0.7293844223022461,0.4344947636127472
YMR218C,YML039W,0,2.1421103,0.14370709657669067,0.7293844223022461,0.43461090326309204
YLL051C,YOL151W,0,2.1420317,0.14367420971393585,0.7293844223022461,0.4347270727157593
YOR038C,YIL048W,0,2.1413686,0.14364135265350342,0.7293844223022461,0.4348432123661041
YDL217C,YNL026W,1,2.1413128,0.14383718371391296,0.7305458784103394,0.4348432123661041
YKL061W,YGR229C,0,2.1411846,0.14380429685115814,0.7305458784103394,0.434959352016449
YLL051C,YBR080C,0,2.1411116,0.14377142488956451,0.7305458784103394,0.4350754916667938
YPL094C,YBL089W,0,2.1406765,0.14373856782913208,0.7305458784103394,0.43519163131713867
YBR278W,YBR080C,0,2.1406107,0.14370574057102203,0.7305458784103394,0.4353077709674835
YBR006W,YLR386W,0,2.1398792,0.143672913312912,0.7305458784103394,0.43542394042015076
YFL033C,YDR410C,0,2.1395838,0.14364010095596313,0.7305458784103394,0.4355400800704956
YNL236W,YOR025W,0,2.1394253,0.14360730350017548,0.7305458784103394,0.43565621972084045
YMR008C,YKR028W,0,2.1387105,0.143574520945549,0.7305458784103394,0.4357723593711853
YJL005W,YGL014W,0,2.1384752,0.14354176819324493,0.7305458784103394,0.43588849902153015
YHL012W,YMR005W,0,2.1379051,0.14350901544094086,0.7305458784103394,0.436004638671875
YPR072W,YNL095C,0,2.1367424,0.14347627758979797,0.7305458784103394,0.43612077832221985
YGL237C,YDR416W,0,2.1361387,0.14344355463981628,0.7305458784103394,0.4362369477748871
YKR071C,YMR090W,0,2.135118,0.1434108465909958,0.7305458784103394,0.43635308742523193
YPL064C,YOR294W,0,2.1350672,0.14337816834449768,0.7305458784103394,0.4364692270755768
YBL028C,YOR089C,0,2.1346765,0.14334549009799957,0.7305458784103394,0.43658536672592163
YOR291W,YPL151C,0,2.1339371,0.14331282675266266,0.7305458784103394,0.4367015063762665
YNL283C,YDL215C,0,2.13316,0.14328017830848694,0.7305458784103394,0.43681764602661133
YML099C,YAL039C,0,2.1330872,0.1432475447654724,0.7305458784103394,0.4369337856769562
YCR014C,YDR218C,0,2.1327853,0.14321494102478027,0.7305458784103394,0.4370499551296234
YER154W,YER017C,1,2.13219,0.14340996742248535,0.7317073345184326,0.4370499551296234
YJL004C,YJR130C,0,2.1316192,0.14337733387947083,0.7317073345184326,0.43716609477996826
YMR194W,YLR386W,0,2.1311862,0.1433447152376175,0.7317073345184326,0.4372822344303131
YBR059C,YBL076C,0,2.1310673,0.14331209659576416,0.7317073345184326,0.43739837408065796
YBR067C,YIL080W,0,2.1305752,0.14327950775623322,0.7317073345184326,0.4375145137310028
YDR451C,YHR060W,0,2.130196,0.14324693381786346,0.7317073345184326,0.43763065338134766
YDR172W,YPL188W,0,2.1300058,0.1432143598794937,0.7317073345184326,0.4377467930316925
YPL147W,YGL226C-A,0,2.1296196,0.14318181574344635,0.7317073345184326,0.43786296248435974
YJL114W,YPL196W,0,2.1295357,0.14314928650856018,0.7317073345184326,0.4379791021347046
YCR087C-A,YLR278C,0,2.1295176,0.1431167721748352,0.7317073345184326,0.43809524178504944
YDR518W,YJL095W,0,2.129323,0.14308425784111023,0.7317073345184326,0.4382113814353943
YBR202W,YNL050C,0,2.1292439,0.14305177330970764,0.7317073345184326,0.43832752108573914
YJR055W,YPR113W,0,2.1286685,0.14301930367946625,0.7317073345184326,0.438443660736084
YJL024C,YMR034C,0,2.1261852,0.14298683404922485,0.7317073345184326,0.43855980038642883
YGR056W,YHR057C,0,2.126015,0.14295439422130585,0.7317073345184326,0.43867596983909607
YPR189W,YMR039C,0,2.1254528,0.14292195439338684,0.7317073345184326,0.4387921094894409
YBL112C,YDL216C,0,2.1254287,0.14288954436779022,0.7317073345184326,0.43890824913978577
YMR179W,YNL192W,0,2.1250722,0.1428571492433548,0.7317073345184326,0.4390243887901306
YKL117W,YLR103C,0,2.124345,0.14282475411891937,0.7317073345184326,0.43914052844047546
YKL093W,YJL128C,0,2.1240482,0.14279238879680634,0.7317073345184326,0.4392566680908203
YLR130C,YER087C-B,0,2.1239276,0.1427600234746933,0.7317073345184326,0.43937280774116516
YGL158W,YBR059C,0,2.1235518,0.14272768795490265,0.7317073345184326,0.4394889771938324
YLR278C,YFR052W,0,2.1233518,0.142695352435112,0.7317073345184326,0.43960511684417725
YOR310C,YKL175W,0,2.1219935,0.14266304671764374,0.7317073345184326,0.4397212564945221
YDL133C-A,YPR080W,0,2.1218014,0.14263074100017548,0.7317073345184326,0.43983739614486694
YJL194W,YIL139C,0,2.1217945,0.1425984650850296,0.7317073345184326,0.4399535357952118
YBR081C,YPL094C,0,2.1212895,0.14256618916988373,0.7317073345184326,0.44006967544555664
YDL070W,YDR281C,0,2.1204357,0.14253394305706024,0.7317073345184326,0.4401858448982239
YJR070C,YDR285W,0,2.1197913,0.14250169694423676,0.7317073345184326,0.4403019845485687
YDL045W-A,YML049C,0,2.119469,0.14246946573257446,0.7317073345184326,0.4404181241989136
YMR284W,YAL029C,0,2.1187813,0.14243726432323456,0.7317073345184326,0.4405342638492584
YMR020W,YOL090W,0,2.1175995,0.14240506291389465,0.7317073345184326,0.44065040349960327
YEL052W,YBR177C,0,2.1174846,0.14237287640571594,0.7317073345184326,0.4407665431499481
YER154W,YOL026C,1,2.117459,0.14256665110588074,0.7328687310218811,0.4407665431499481
YPL127C,YDR530C,0,2.1174498,0.14253444969654083,0.7328687310218811,0.44088268280029297
YNL085W,YMR020W,0,2.1172934,0.14250226318836212,0.7328687310218811,0.4409988522529602
YPL042C,YHR109W,0,2.1172643,0.1424700766801834,0.7328687310218811,0.44111499190330505
YOL141W,YOR349W,0,2.1165395,0.1424379199743271,0.7328687310218811,0.4412311315536499
YHR074W,YPR001W,0,2.1164098,0.14240577816963196,0.7328687310218811,0.44134727120399475
YHR156C,YML056C,0,2.1146932,0.14237365126609802,0.7328687310218811,0.4414634108543396
YMR093W,YLR073C,0,2.1144166,0.1423415243625641,0.7328687310218811,0.44157955050468445
YDL061C,YAL024C,0,2.1142087,0.14230942726135254,0.7328687310218811,0.4416956901550293
YER014C-A,YDR461W,0,2.1141186,0.14227734506130219,0.7328687310218811,0.44181185960769653
YAL016W,YKL015W,0,2.11391,0.14224526286125183,0.7328687310218811,0.4419279992580414
YLL003W,YPL087W,0,2.111794,0.14221321046352386,0.7328687310218811,0.44204413890838623
YFL045C,YJL149W,0,2.1108737,0.1421811580657959,0.7328687310218811,0.4421602785587311
YKL171W,YCL014W,0,2.1108274,0.14214913547039032,0.7328687310218811,0.4422764182090759
YGL170C,YJR112W,0,2.1107204,0.14211711287498474,0.7328687310218811,0.4423925578594208
YGR056W,YMR176W,0,2.1106873,0.14208512008190155,0.7328687310218811,0.4425086975097656
YDR034C,YLR183C,0,2.110535,0.14205312728881836,0.7328687310218811,0.44262486696243286
YNL044W,YPL163C,0,2.110145,0.14202116429805756,0.7328687310218811,0.4427410066127777
YOR291W,YER150W,0,2.109526,0.14198920130729675,0.7328687310218811,0.44285714626312256
YNL267W,YLR278C,0,2.1094873,0.14195725321769714,0.7328687310218811,0.4429732859134674
YKL206C,YDR392W,0,2.108486,0.14192532002925873,0.7328687310218811,0.44308942556381226
YOL165C,YOR138C,0,2.1082995,0.1418934166431427,0.7328687310218811,0.4432055652141571
YBR006W,YBR095C,0,2.1082785,0.14186151325702667,0.7328687310218811,0.44332170486450195
YHR119W,YOR285W,0,2.1081111,0.14182962477207184,0.7328687310218811,0.4434378743171692
YKL166C,YDR222W,0,2.107167,0.1417977511882782,0.7328687310218811,0.44355401396751404
YDL206W,YLR380W,0,2.106689,0.14176589250564575,0.7328687310218811,0.4436701536178589
YBR150C,YFL023W,0,2.1066723,0.1417340487241745,0.7328687310218811,0.44378629326820374
YOL070C,YNL138W,0,2.1059275,0.14170221984386444,0.7328687310218811,0.4439024329185486
YBR150C,YLL033W,0,2.1055365,0.14167040586471558,0.7328687310218811,0.44401857256889343
YGR012W,YHR058C,0,2.1046283,0.1416386067867279,0.7328687310218811,0.4441347122192383
YOR274W,YMR272C,0,2.1044588,0.14160682260990143,0.7328687310218811,0.4442508816719055
YOL070C,YMR176W,0,2.1039836,0.14157505333423615,0.7328687310218811,0.44436702132225037
YMR087W,YEL041W,0,2.1034255,0.14154329895973206,0.7328687310218811,0.4444831609725952
YOR212W,YGL256W,0,2.1028087,0.14151154458522797,0.7328687310218811,0.44459930062294006
YNL121C,YBR192W,1,2.1026163,0.1417040377855301,0.7340301871299744,0.44459930062294006
YGL083W,YOR349W,0,2.1021757,0.1416722685098648,0.7340301871299744,0.4447154402732849
YIL046W,YLR268W,0,2.1020103,0.14164051413536072,0.7340301871299744,0.44483157992362976
YJL178C,YPL167C,0,2.1018374,0.14160878956317902,0.7340301871299744,0.444947749376297
YIL140W,YDL039C,0,2.1016085,0.14157706499099731,0.7340301871299744,0.44506388902664185
YDR030C,YLR268W,0,2.1015995,0.1415453553199768,0.7340301871299744,0.4451800286769867
YKL090W,YER052C,0,2.1010997,0.1415136605501175,0.7340301871299744,0.44529616832733154
YML036W,YJR063W,0,2.1003911,0.14148198068141937,0.7340301871299744,0.4454123079776764
YOR291W,YJL187C,0,2.1001778,0.14145031571388245,0.7340301871299744,0.44552844762802124
YOR168W,YFL021W,0,2.1000147,0.1414186656475067,0.7340301871299744,0.4456445872783661
YGR020C,YKL180W,0,2.099486,0.14138703048229218,0.7340301871299744,0.4457607567310333
YEL069C,YJL079C,0,2.0993783,0.14135539531707764,0.7340301871299744,0.4458768963813782
YNL085W,YDL059C,0,2.0990937,0.14132378995418549,0.7340301871299744,0.445993036031723
YGL244W,YLR429W,0,2.0990593,0.14129219949245453,0.7340301871299744,0.44610917568206787
YOR138C,YJR026W,0,2.098501,0.14126062393188477,0.7340301871299744,0.4462253153324127
YLR329W,YLR394W,0,2.0978582,0.141229048371315,0.7340301871299744,0.44634145498275757
YDR414C,YGL170C,0,2.09784,0.14119750261306763,0.7340301871299744,0.4464575946331024
YJL085W,YGL148W,0,2.097686,0.14116595685482025,0.7340301871299744,0.44657376408576965
YKL117W,YGR222W,0,2.0974443,0.14113444089889526,0.7340301871299744,0.4466899037361145
YDR512C,YOR353C,0,2.097343,0.14110292494297028,0.7340301871299744,0.44680604338645935
YGR282C,YGR036C,0,2.0959902,0.14107142388820648,0.7340301871299744,0.4469221830368042
YDR059C,YNL027W,0,2.0956643,0.14103995263576508,0.7340301871299744,0.44703832268714905
YDR222W,YER002W,0,2.0956006,0.14100848138332367,0.7340301871299744,0.4471544623374939
YER013W,YLR224W,0,2.094754,0.14097702503204346,0.7340301871299744,0.44727060198783875
YJL200C,YNL238W,0,2.0946546,0.14094558358192444,0.7340301871299744,0.447386771440506
YOR212W,YGR084C,0,2.0938847,0.1409141570329666,0.7340301871299744,0.44750291109085083
YDL217C,YER154W,1,2.0931416,0.14110566675662994,0.7351916432380676,0.44750291109085083
YPR024W,YNL304W,1,2.0929675,0.1412970870733261,0.7363530993461609,0.44750291109085083
YER050C,YOR138C,0,2.0922544,0.1412656009197235,0.7363530993461609,0.4476190507411957
YGL010W,YGR229C,0,2.0922325,0.1412341296672821,0.7363530993461609,0.4477351903915405
YBL112C,YGL203C,0,2.0920167,0.1412026733160019,0.7363530993461609,0.4478513300418854
YOR298W,YGL190C,0,2.0910742,0.14117123186588287,0.7363530993461609,0.4479674696922302
YJL194W,YIL094C,0,2.090879,0.14113980531692505,0.7363530993461609,0.4480836093425751
YLL034C,YDR229W,0,2.08996,0.14110839366912842,0.7363530993461609,0.4481997787952423
YBL076C,YOR311C,0,2.0891318,0.14107699692249298,0.7363530993461609,0.44831591844558716
YJL005W,YKL203C,0,2.0884974,0.14104560017585754,0.7363530993461609,0.448432058095932
YIL080W,YOR377W,0,2.0884776,0.1410142332315445,0.7363530993461609,0.44854819774627686
YNL307C,YNL122C,0,2.088412,0.14098288118839264,0.7363530993461609,0.4486643373966217
YDR144C,YML052W,0,2.0881405,0.14095152914524078,0.7363530993461609,0.44878047704696655
YHR174W,YLR224W,0,2.0880415,0.14092020690441132,0.7363530993461609,0.4488966464996338
YML112W,YHR061C,0,2.0879047,0.14088888466358185,0.7363530993461609,0.44901278614997864
YPL064C,YNL016W,0,2.0868177,0.14085759222507477,0.7363530993461609,0.4491289258003235
YPL083C,YHR119W,0,2.0868087,0.1408262997865677,0.7363530993461609,0.44924506545066833
YDR076W,YOL155C,0,2.0866745,0.1407950222492218,0.7363530993461609,0.4493612051010132
YGR268C,YLL061W,0,2.0864806,0.1407637596130371,0.7363530993461609,0.44947734475135803
YMR039C,YKR006C,0,2.086132,0.1407325267791748,0.7363530993461609,0.4495934844017029
YMR182C,YDR281C,0,2.085075,0.1407012939453125,0.7363530993461609,0.4497096538543701
YEL029C,YDR226W,0,2.0849397,0.1406700760126114,0.7363530993461609,0.44982579350471497
YDR062W,YJL095W,0,2.0847328,0.14063885807991028,0.7363530993461609,0.4499419331550598
YLR130C,YPR043W,0,2.0840862,0.14060766994953156,0.7363530993461609,0.45005807280540466
YDL107W,YOR147W,1,2.0827637,0.14079822599887848,0.7375144958496094,0.45005807280540466
YLR300W,YJR031C,0,2.0825298,0.14076700806617737,0.7375144958496094,0.4501742124557495
YKL022C,YLR224W,0,2.0825071,0.14073581993579865,0.7375144958496094,0.45029035210609436
YPL082C,YMR115W,0,2.0822265,0.14070463180541992,0.7375144958496094,0.4504064917564392
YDR512C,YDR451C,0,2.0822127,0.1406734585762024,0.7375144958496094,0.45052266120910645
YIL076W,YLR316C,0,2.0819926,0.14064230024814606,0.7375144958496094,0.4506388008594513
YLL002W,YOL104C,0,2.0818653,0.14061115682125092,0.7375144958496094,0.45075494050979614
YEL043W,YOL107W,0,2.0811245,0.14058002829551697,0.7375144958496094,0.450871080160141
YMR182C,YMR218C,0,2.08065,0.1405489146709442,0.7375144958496094,0.45098721981048584
YOL082W,YLL004W,0,2.080597,0.14051781594753265,0.7375144958496094,0.4511033594608307
YDR351W,YHR164C,0,2.080169,0.1404867321252823,0.7375144958496094,0.45121949911117554
YJR112W,YKL003C,0,2.0796802,0.14045564830303192,0.7375144958496094,0.4513356685638428
YDR026C,YKL170W,0,2.0788105,0.14042459428310394,0.7375144958496094,0.4514518082141876
YDR499W,YGL259W,0,2.0778873,0.14039354026317596,0.7375144958496094,0.45156794786453247
YDR254W,YIL017W,0,2.0777688,0.14036251604557037,0.7375144958496094,0.4516840875148773
YGL186C,YMR032W,0,2.0775976,0.14033149182796478,0.7375144958496094,0.45180022716522217
YJR051W,YBR095C,0,2.076512,0.14030048251152039,0.7375144958496094,0.451916366815567
YLL051C,YBL026W,0,2.075478,0.14026948809623718,0.7375144958496094,0.45203250646591187
YBR120C,YDR416W,0,2.075388,0.14023850858211517,0.7375144958496094,0.4521486759185791
YJL187C,YBR238C,0,2.0749414,0.14020754396915436,0.7375144958496094,0.45226481556892395
YJR107W,YBR223C,0,2.0742753,0.14017659425735474,0.7375144958496094,0.4523809552192688
YER022W,YMR143W,0,2.0730417,0.1401456594467163,0.7375144958496094,0.45249709486961365
YIL140W,YEL029C,0,2.07267,0.14011473953723907,0.7375144958496094,0.4526132345199585
YNL102W,YFR021W,0,2.0720081,0.14008383452892303,0.7375144958496094,0.45272937417030334
YJR055W,YLR113W,0,2.0712256,0.140052929520607,0.7375144958496094,0.4528455138206482
YJR127C,YNL160W,0,2.0707235,0.14002205431461334,0.7375144958496094,0.45296168327331543
YBL112C,YOL040C,0,2.070238,0.1399911791086197,0.7375144958496094,0.4530778229236603
YJL166W,YJL171C,0,2.0700421,0.13996031880378723,0.7375144958496094,0.4531939625740051
YDL171C,YEL040W,0,2.069902,0.13992948830127716,0.7375144958496094,0.45331010222435
YEL031W,YBR155W,0,2.0696938,0.1398986577987671,0.7375144958496094,0.4534262418746948
YER008C,YMR319C,0,2.0696797,0.1398678421974182,0.7375144958496094,0.4535423815250397
YML112W,YGR105W,0,2.069524,0.13983704149723053,0.7375144958496094,0.4536585509777069
YPR167C,YER190W,0,2.0690963,0.13980625569820404,0.7375144958496094,0.45377469062805176
YER013W,YDR207C,0,2.0679314,0.13977548480033875,0.7375144958496094,0.4538908302783966
YNL192W,YOR008C,0,2.0664763,0.13974471390247345,0.7375144958496094,0.45400696992874146
YIL088C,YJR032W,0,2.0663,0.13971397280693054,0.7375144958496094,0.4541231095790863
YBL058W,YFR045W,0,2.0657842,0.13968323171138763,0.7375144958496094,0.45423924922943115
YML049C,YMR136W,0,2.0656319,0.13965252041816711,0.7375144958496094,0.454355388879776
YIR025W,YBR177C,0,2.064745,0.1396218091249466,0.7375144958496094,0.45447155833244324
YBR081C,YIL132C,0,2.0638165,0.13959111273288727,0.7375144958496094,0.4545876979827881
YKL170W,YKL171W,0,2.0637121,0.13956044614315033,0.7375144958496094,0.45470383763313293
YMR159C,YER137C,0,2.0632632,0.1395297795534134,0.7375144958496094,0.4548199772834778
YLR020C,YGR179C,0,2.0623748,0.13949912786483765,0.7375144958496094,0.45493611693382263
YPL078C,YGL163C,0,2.061989,0.1394684761762619,0.7375144958496094,0.4550522565841675
YLR425W,YFL045C,0,2.061932,0.13943785429000854,0.7375144958496094,0.45516839623451233
YKL082C,YDR392W,0,2.0616245,0.13940724730491638,0.7375144958496094,0.45528456568717957
YPR204W,YHR109W,0,2.0600343,0.13937664031982422,0.7375144958496094,0.4554007053375244
YFR031C,YDR262W,0,2.0599651,0.13934606313705444,0.7375144958496094,0.45551684498786926
YJR051W,YEL053C,0,2.0596797,0.13931548595428467,0.7375144958496094,0.4556329846382141
YGL094C,YKR006C,0,2.0596695,0.1392849236726761,0.7375144958496094,0.45574912428855896
YOR292C,YOR226C,0,2.0596066,0.1392543911933899,0.7375144958496094,0.4558652639389038
YKL182W,YAL029C,0,2.059561,0.1392238587141037,0.7375144958496094,0.45598140358924866
YMR005W,YBL041W,0,2.0589533,0.1391933411359787,0.7375144958496094,0.4560975730419159
YKL090W,YHR132C,0,2.0582628,0.1391628384590149,0.7375144958496094,0.45621371269226074
YDR090C,YHR082C,0,2.0568633,0.1391323357820511,0.7375144958496094,0.4563298523426056
YMR114C,YOR327C,0,2.0564992,0.13910186290740967,0.7375144958496094,0.45644599199295044
YPL112C,YKL085W,0,2.0560918,0.13907139003276825,0.7375144958496094,0.4565621316432953
YDL107W,YNL026W,1,2.0559785,0.13925990462303162,0.7386759519577026,0.4565621316432953
YLR380W,YLR213C,0,2.055792,0.139229416847229,0.7386759519577026,0.45667827129364014
YJL030W,YJR140C,0,2.0556176,0.13919894397258759,0.7386759519577026,0.456794410943985
YNL079C,YDL198C,1,2.0549693,0.139387309551239,0.7398374080657959,0.456794410943985
YFR033C,YGL060W,0,2.0549529,0.1393568217754364,0.7398374080657959,0.4569105803966522
YOR304W,YKR057W,0,2.054258,0.1393263339996338,0.7398374080657959,0.45702672004699707
YFR045W,YDR173C,0,2.0541449,0.13929586112499237,0.7398374080657959,0.4571428596973419
YLR447C,YDL059C,0,2.0536127,0.13926541805267334,0.7398374080657959,0.45725899934768677
YPL276W,YER190W,0,2.0533085,0.1392349749803543,0.7398374080657959,0.4573751389980316
YCR093W,YPL273W,0,2.0528295,0.13920454680919647,0.7398374080657959,0.45749127864837646
YKL119C,YER087W,0,2.052821,0.13917413353919983,0.7398374080657959,0.4576074481010437
YJR119C,YMR193W,0,2.0524445,0.13914373517036438,0.7398374080657959,0.45772358775138855
YCR011C,YOR353C,0,2.0522978,0.13911333680152893,0.7398374080657959,0.4578397274017334
YBR118W,YNR018W,0,2.0522976,0.13908296823501587,0.7398374080657959,0.45795586705207825
YGR010W,YFL054C,0,2.051601,0.139052614569664,0.7398374080657959,0.4580720067024231
YPL183W-A,YLR325C,0,2.0509424,0.13902226090431213,0.7398374080657959,0.45818814635276794
YJL112W,YEL030W,1,2.0508046,0.13921011984348297,0.7409988641738892,0.45818814635276794
YIL021W,YCL026C-B,0,2.050563,0.1391797512769699,0.7409988641738892,0.4583042860031128
YBR006W,YHR058C,0,2.0505,0.13914939761161804,0.7409988641738892,0.45842045545578003
YLR209C,YNL259C,0,2.050378,0.13911905884742737,0.7409988641738892,0.4585365951061249
YDR351W,YLR203C,0,2.0502276,0.1390887349843979,0.7409988641738892,0.4586527347564697
YOR283W,YMR273C,0,2.0501688,0.1390584111213684,0.7409988641738892,0.4587688744068146
YNL281W,YNL282W,0,2.0499847,0.13902811706066132,0.7409988641738892,0.4588850140571594
YEL022W,YFL057C,0,2.0492833,0.13899782299995422,0.7409988641738892,0.4590011537075043
YJL081C,YGL030W,0,2.048772,0.13896754384040833,0.7409988641738892,0.4591172933578491
YBR096W,YOR338W,0,2.0483313,0.13893727958202362,0.7409988641738892,0.45923346281051636
YNL050C,YPL082C,0,2.0474572,0.1389070302248001,0.7409988641738892,0.4593496024608612
YNL079C,YER017C,1,2.0466537,0.13909447193145752,0.7421602606773376,0.4593496024608612
YNL163C,YHL034C,0,2.04657,0.13906419277191162,0.7421602606773376,0.45946574211120605
YKR103W,YLR016C,0,2.0465052,0.1390339434146881,0.7421602606773376,0.4595818817615509
YDR296W,YNL026W,1,2.045996,0.13922123610973358,0.7433217167854309,0.4595818817615509
YHR109W,YGR276C,0,2.0453515,0.13919095695018768,0.7433217167854309,0.45969802141189575
YBR002C,YJR053W,0,2.0450373,0.13916069269180298,0.7433217167854309,0.4598141610622406
YGR282C,YLR219W,0,2.043993,0.13913042843341827,0.7433217167854309,0.45993030071258545
YBL041W,YMR228W,0,2.043551,0.13910019397735596,0.7433217167854309,0.4600464701652527
YOR138C,YGL019W,0,2.0428357,0.13906997442245483,0.7433217167854309,0.46016260981559753
YGL010W,YGL190C,0,2.0427372,0.1390397548675537,0.7433217167854309,0.4602787494659424
YMR315W,YJR149W,0,2.0425117,0.13900955021381378,0.7433217167854309,0.46039488911628723
YBR020W,YAR035W,0,2.04019,0.13897937536239624,0.7433217167854309,0.4605110287666321
YGR252W,YEL070W,0,2.0396647,0.1389492005109787,0.7433217167854309,0.46062716841697693
YIL088C,YPL196W,0,2.0395486,0.13891904056072235,0.7433217167854309,0.4607433080673218
YCL004W,YOR020C,0,2.0388665,0.1388888955116272,0.7433217167854309,0.460859477519989
YNR006W,YCL026C-B,0,2.0387452,0.13885875046253204,0.7433217167854309,0.46097561717033386
YGR285C,YMR186W,0,2.0386622,0.13882863521575928,0.7433217167854309,0.4610917568206787
YJR055W,YLR440C,0,2.0378454,0.1387985199689865,0.7433217167854309,0.46120789647102356
YJL112W,YDR470C,1,2.0371013,0.1389852613210678,0.7444831728935242,0.46120789647102356
YNL314W,YHR061C,0,2.036797,0.13895513117313385,0.7444831728935242,0.4613240361213684
YER098W,YDL140C,0,2.0366974,0.13892501592636108,0.7444831728935242,0.46144017577171326
YOL070C,YGR246C,0,2.0366116,0.13889490067958832,0.7444831728935242,0.4615563154220581
YLR305C,YNL258C,0,2.0365467,0.13886481523513794,0.7444831728935242,0.46167248487472534
YLR291C,YNL230C,0,2.036205,0.13883474469184875,0.7444831728935242,0.4617886245250702
YDR090C,YHR179W,0,2.0359309,0.13880467414855957,0.7444831728935242,0.46190476417541504
YER151C,YJL117W,0,2.0358503,0.13877463340759277,0.7444831728935242,0.4620209038257599
YOR219C,YNL078W,0,2.035153,0.13874459266662598,0.7444831728935242,0.46213704347610474
YPR035W,YGR036C,0,2.0351424,0.13871456682682037,0.7444831728935242,0.4622531831264496
YDL022W,YBR287W,0,2.033668,0.13868455588817596,0.7444831728935242,0.4623693525791168
YOR388C,YGR216C,0,2.033465,0.13865455985069275,0.7444831728935242,0.46248549222946167
YHR047C,YPR200C,0,2.0331566,0.13862456381320953,0.7444831728935242,0.4626016318798065
YNL050C,YPL065W,0,2.0319204,0.1385945975780487,0.7444831728935242,0.46271777153015137
YFL057C,YJL081C,0,2.0318654,0.13856463134288788,0.7444831728935242,0.4628339111804962
YDL036C,YBR074W,0,2.0318568,0.13853469491004944,0.7444831728935242,0.46295005083084106
YBL052C,YNR002C,0,2.030213,0.138504758477211,0.7444831728935242,0.4630661904811859
YOL107W,YLR429W,0,2.0300696,0.13847483694553375,0.7444831728935242,0.46318235993385315
YKR019C,YKL186C,0,2.0295258,0.1384449303150177,0.7444831728935242,0.463298499584198
YHL012W,YGR285C,0,2.0280135,0.13841502368450165,0.7444831728935242,0.46341463923454285
YML097C,YMR075W,0,2.0272846,0.13838514685630798,0.7444831728935242,0.4635307788848877
YLL034C,YDR444W,0,2.0271783,0.13835527002811432,0.7444831728935242,0.46364691853523254
YGR081C,YKL189W,0,2.0271437,0.13832542300224304,0.7444831728935242,0.4637630581855774
YLR203C,YIL159W,0,2.0268986,0.13829557597637177,0.7444831728935242,0.46387919783592224
YPL087W,YGR155W,0,2.0265183,0.13826574385166168,0.7444831728935242,0.4639953672885895
YNL127W,YDR472W,0,2.0263216,0.1382359266281128,0.7444831728935242,0.4641115069389343
YGR020C,YPL112C,0,2.0261354,0.1382061243057251,0.7444831728935242,0.4642276465892792
YPR127W,YHR079C,0,2.0259616,0.1381763368844986,0.7444831728935242,0.464343786239624
YOR071C,YFR019W,0,2.0248575,0.1381465494632721,0.7444831728935242,0.46445992588996887
YGR251W,YPL104W,0,2.0229475,0.13811679184436798,0.7444831728935242,0.4645760655403137
YKR071C,YGL256W,0,2.0228894,0.13808703422546387,0.7444831728935242,0.46469220519065857
YMR020W,YDR415C,0,2.0210505,0.13805729150772095,0.7444831728935242,0.4648083746433258
YER049W,YLR429W,0,2.0210435,0.13802756369113922,0.7444831728935242,0.46492451429367065
YDR512C,YBR096W,0,2.0202358,0.1379978507757187,0.7444831728935242,0.4650406539440155
YER022W,YDL128W,0,2.0202346,0.13796813786029816,0.7444831728935242,0.46515679359436035
YJR147W,YER130C,0,2.0197055,0.1379384547472,0.7444831728935242,0.4652729332447052
YKL206C,YLR050C,0,2.0183332,0.13790877163410187,0.7444831728935242,0.46538907289505005
YLR043C,YCL004W,0,2.0183325,0.1378791183233261,0.7444831728935242,0.4655052125453949
YGL158W,YOR377W,0,2.0167089,0.13784946501255035,0.7444831728935242,0.46562138199806213
YGL122C,YMR039C,0,2.0165424,0.1378198266029358,0.7444831728935242,0.465737521648407
YNL095C,YPR200C,0,2.0157392,0.13779020309448242,0.7444831728935242,0.46585366129875183
YDR026C,YER098W,0,2.0156605,0.13776057958602905,0.7444831728935242,0.4659698009490967
YER014C-A,YNL335W,0,2.0145607,0.13773098587989807,0.7444831728935242,0.46608594059944153
YOR219C,YCR002C,0,2.0144074,0.1377013921737671,0.7444831728935242,0.4662020802497864
YPL151C,YML006C,0,2.0141392,0.1376718282699585,0.7444831728935242,0.4663182199001312
YHR132C,YHR209W,0,2.0138588,0.1376422643661499,0.7444831728935242,0.46643438935279846
YFR013W,YMR013C,0,2.013656,0.1376127153635025,0.7444831728935242,0.4665505290031433
YGR268C,YGR271W,0,2.0125816,0.1375831663608551,0.7444831728935242,0.46666666865348816
YEL012W,YDL128W,0,2.0123658,0.1375536471605301,0.7444831728935242,0.466782808303833
YOL043C,YGR222W,0,2.0114126,0.13752414286136627,0.7444831728935242,0.46689894795417786
YOR287C,YKR020W,0,2.0112293,0.13749463856220245,0.7444831728935242,0.4670150876045227
YEL036C,YGL004C,0,2.0109124,0.13746514916419983,0.7444831728935242,0.46713125705718994
YLR452C,YAL024C,0,2.010399,0.1374356746673584,0.7444831728935242,0.4672473967075348
YBR230C,YER115C,0,2.0092146,0.13740621507167816,0.7444831728935242,0.46736353635787964
YLR295C,YJR130C,0,2.008915,0.13737677037715912,0.7444831728935242,0.4674796760082245
YFR018C,YOL054W,0,2.0088613,0.13734732568264008,0.7444831728935242,0.46759581565856934
YAL063C,YBL079W,0,2.0081692,0.13731791079044342,0.7444831728935242,0.4677119553089142
YOR274W,YKL189W,0,2.007861,0.13728849589824677,0.7444831728935242,0.46782809495925903
YHR012W,YNL117W,0,2.0075312,0.1372590959072113,0.7444831728935242,0.46794426441192627
YJR053W,YMR267W,0,2.0065067,0.13722971081733704,0.7444831728935242,0.4680604040622711
YDR472W,YAL031C,0,2.0063756,0.13720034062862396,0.7444831728935242,0.46817654371261597
YHR058C,YJL149W,0,2.0056233,0.13717098534107208,0.7444831728935242,0.4682926833629608
YDR218C,YDR364C,0,2.0054758,0.1371416300535202,0.7444831728935242,0.46840882301330566
YGR109W-B,YBR031W,0,2.00541,0.1371123045682907,0.7444831728935242,0.4685249626636505
YKR020W,YLR390W,0,2.0053928,0.13708297908306122,0.7444831728935242,0.46864110231399536
YHR002W,YLL043W,0,2.0052273,0.13705366849899292,0.7444831728935242,0.4687572717666626
YPL180W,YIL140W,0,2.0050304,0.13702437281608582,0.7444831728935242,0.46887341141700745
YOR304C-A,YOR008C,0,2.0049057,0.1369950771331787,0.7444831728935242,0.4689895510673523
YOR297C,YNR035C,1,2.004735,0.13717949390411377,0.7456446290016174,0.4689895510673523
YJL081C,YIL133C,0,2.0046735,0.13715018332004547,0.7456446290016174,0.46910569071769714
YOR194C,YFR033C,0,2.003675,0.13712088763713837,0.7456446290016174,0.469221830368042
YNL127W,YOR304W,0,2.003665,0.13709160685539246,0.7456446290016174,0.46933797001838684
YDR205W,YKL061W,0,2.0034945,0.13706234097480774,0.7456446290016174,0.4694541096687317
YGR281W,YGL256W,0,2.0032473,0.13703308999538422,0.7456446290016174,0.4695702791213989
YFL066C,YNL258C,0,2.0030994,0.1370038390159607,0.7456446290016174,0.4696864187717438
YDR498C,YDL077C,0,2.002751,0.13697461783885956,0.7456446290016174,0.4698025584220886
YKL078W,YGR012W,0,2.002698,0.13694539666175842,0.7456446290016174,0.46991869807243347
YPL200W,YMR160W,0,2.0023556,0.13691619038581848,0.7456446290016174,0.4700348377227783
YLL029W,YJR082C,0,2.0022042,0.13688699901103973,0.7456446290016174,0.47015097737312317
YGR036C,YNL282W,0,2.002024,0.136857807636261,0.7456446290016174,0.470267117023468
YBR271W,YCL034W,0,2.0017216,0.13682864606380463,0.7456446290016174,0.47038328647613525
YFL045C,YGR070W,0,2.0014102,0.13679948449134827,0.7456446290016174,0.4704994261264801
YIL177C,YKR006C,0,1.9995341,0.1367703378200531,0.7456446290016174,0.47061556577682495
YGR175C,YMR239C,0,1.9990506,0.13674122095108032,0.7456446290016174,0.4707317054271698
YNL236W,YJL030W,0,1.9986999,0.13671208918094635,0.7456446290016174,0.47084784507751465
YPL094C,YDL216C,0,1.998496,0.13668298721313477,0.7456446290016174,0.4709639847278595
YKL189W,YMR034C,0,1.9984779,0.13665390014648438,0.7456446290016174,0.47108015418052673
YGL083W,YMR270C,0,1.9981053,0.13662481307983398,0.7456446290016174,0.4711962938308716
YDL206W,YGL122C,0,1.9978669,0.1365957409143448,0.7456446290016174,0.47131243348121643
YCL036W,YDR306C,0,1.997247,0.13656668365001678,0.7456446290016174,0.4714285731315613
YDR461W,YER019C-A,0,1.9968741,0.13653764128684998,0.7456446290016174,0.47154471278190613
YFR029W,YJR133W,0,1.9960265,0.13650861382484436,0.7456446290016174,0.471660852432251
YGL026C,YBR222C,0,1.9951284,0.13647958636283875,0.7456446290016174,0.4717769920825958
YOL010W,YCR026C,0,1.9946775,0.13645058870315552,0.7456446290016174,0.47189316153526306
YGL158W,YNL274C,0,1.9943175,0.1364215910434723,0.7456446290016174,0.4720093011856079
YBR096W,YMR099C,0,1.9943142,0.13639260828495026,0.7456446290016174,0.47212544083595276
YBR155W,YJL117W,0,1.9940372,0.13636364042758942,0.7456446290016174,0.4722415804862976
YMR005W,YNL230C,0,1.9939849,0.13633467257022858,0.7456446290016174,0.47235772013664246
YER151C,YMR321C,0,1.9937596,0.13630573451519012,0.7456446290016174,0.4724738597869873
YGR105W,YMR099C,0,1.9932053,0.13627679646015167,0.7456446290016174,0.47258999943733215
YDR079W,YPR133W-A,1,1.9928539,0.1364600956439972,0.7468060255050659,0.47258999943733215
YPL002C,YLR103C,0,1.9928083,0.13643114268779755,0.7468060255050659,0.4727061688899994
YBR006W,YOL107W,0,1.9922643,0.1364022046327591,0.7468060255050659,0.47282230854034424
YBR177C,YJL128C,0,1.9918656,0.13637328147888184,0.7468060255050659,0.4729384481906891
YNL236W,YDR173C,0,1.9915848,0.13634435832500458,0.7468060255050659,0.47305458784103394
YGR171C,YPL244C,0,1.990885,0.1363154500722885,0.7468060255050659,0.4731707274913788
YKL094W,YBL079W,0,1.9901948,0.13628655672073364,0.7468060255050659,0.47328686714172363
YDL121C,YOR145C,0,1.9901776,0.13625767827033997,0.7468060255050659,0.4734030067920685
YOL028C,YCL004W,0,1.9900279,0.13622881472110748,0.7468060255050659,0.4735191762447357
YLR042C,YPR138C,0,1.9889905,0.136199951171875,0.7468060255050659,0.47363531589508057
YKL168C,YLR301W,0,1.988908,0.1361711174249649,0.7468060255050659,0.4737514555454254
YIR038C,YNL259C,0,1.9887221,0.1361422836780548,0.7468060255050659,0.47386759519577026
YGL094C,YOR020C,0,1.9887018,0.1361134648323059,0.7468060255050659,0.4739837348461151
YEL036C,YDR304C,0,1.9886794,0.1360846608877182,0.7468060255050659,0.47409987449645996
YPL064C,YNL092W,0,1.9883041,0.1360558569431305,0.7468060255050659,0.4742160141468048
YGR177C,YKL001C,0,1.9880924,0.13602708280086517,0.7468060255050659,0.47433218359947205
YNL079C,YNR035C,1,1.9877982,0.13620981574058533,0.7479674816131592,0.47433218359947205
YNL335W,YOR311C,0,1.9877596,0.13618101179599762,0.7479674816131592,0.4744483232498169
YCR011C,YBR115C,0,1.9875021,0.1361522227525711,0.7479674816131592,0.47456446290016174
YDR240C,YKL210W,0,1.9871676,0.1361234337091446,0.7479674816131592,0.4746806025505066
YIL002C,YGR134W,0,1.9862711,0.13609467446804047,0.7479674816131592,0.47479674220085144
YIL143C,YJL144W,0,1.9858449,0.13606591522693634,0.7479674816131592,0.4749128818511963
YMR273C,YPR160W,0,1.985204,0.1360371708869934,0.7479674816131592,0.47502902150154114
YNL314W,YER137C,0,1.9839761,0.13600844144821167,0.7479674816131592,0.4751451909542084
YLR153C,YPL011C,0,1.9832673,0.13597972691059113,0.7479674816131592,0.4752613306045532
YOR291W,YMR296C,0,1.9832587,0.13595102727413177,0.7479674816131592,0.47537747025489807
YIL108W,YGL148W,0,1.9831557,0.13592232763767242,0.7479674816131592,0.4754936099052429
YOR147W,YER125W,1,1.9826734,0.13610465824604034,0.7491289377212524,0.4754936099052429
YJL117W,YDR140W,0,1.9822931,0.1360759437084198,0.7491289377212524,0.47560974955558777
YPR204W,YJL171C,0,1.9821665,0.13604724407196045,0.7491289377212524,0.4757258892059326
YMR143W,YFL021W,0,1.9821343,0.1360185593366623,0.7491289377212524,0.47584205865859985
YIL083C,YOL062C,0,1.981544,0.13598987460136414,0.7491289377212524,0.4759581983089447
YJR127C,YNL107W,0,1.9811697,0.13596121966838837,0.7491289377212524,0.47607433795928955
YER055C,YHR004C,0,1.9803805,0.1359325647354126,0.7491289377212524,0.4761904776096344
YNL274C,YLR160C,0,1.9802387,0.13590392470359802,0.7491289377212524,0.47630661725997925
YMR061W,YMR210W,0,1.9789903,0.13587528467178345,0.7491289377212524,0.4764227569103241
YCR011C,YDL047W,0,1.9787912,0.13584667444229126,0.7491289377212524,0.47653889656066895
YJL087C,YDR030C,0,1.978575,0.13581806421279907,0.7491289377212524,0.4766550660133362
YIL088C,YJR040W,0,1.9782722,0.13578946888446808,0.7491289377212524,0.47677120566368103
YJR010W,YLR312W-A,0,1.977757,0.13576088845729828,0.7491289377212524,0.4768873453140259
YBL005W-B,YJR101W,0,1.977534,0.13573232293128967,0.7491289377212524,0.4770034849643707
YOR283W,YCL043C,0,1.9775269,0.13570377230644226,0.7491289377212524,0.4771196246147156
YJR006W,YIL177C,0,1.9771953,0.13567522168159485,0.7491289377212524,0.4772357642650604
YLR305C,YLR005W,0,1.9771199,0.13564668595790863,0.7491289377212524,0.4773519039154053
YOL082W,YJL006C,0,1.9771197,0.1356181651353836,0.7491289377212524,0.4774680733680725
YML097C,YGR118W,0,1.9766836,0.13558965921401978,0.7491289377212524,0.47758421301841736
YOL142W,YER185W,0,1.9761662,0.13556115329265594,0.7491289377212524,0.4777003526687622
YDR351W,YFL057C,0,1.9760909,0.1355326771736145,0.7491289377212524,0.47781649231910706
YDR064W,YFL010W-A,0,1.9755154,0.13550420105457306,0.7491289377212524,0.4779326319694519
YER154W,YPR133W-A,1,1.9741688,0.1356857866048813,0.7502903342247009,0.4779326319694519
YOL112W,YGL051W,0,1.9730344,0.13565728068351746,0.7502903342247009,0.47804877161979675
YLR033W,YNL230C,0,1.9729812,0.135628804564476,0.7502903342247009,0.4781649112701416
YDR082W,YGR199W,0,1.9729497,0.13560032844543457,0.7502903342247009,0.47828108072280884
YGL237C,YBL041W,0,1.9725947,0.13557188212871552,0.7502903342247009,0.4783972203731537
YER087W,YMR145C,0,1.972559,0.13554343581199646,0.7502903342247009,0.47851336002349854
YKL061W,YGL060W,0,1.9723678,0.1355150043964386,0.7502903342247009,0.4786294996738434
YDR423C,YOL107W,0,1.9711328,0.13548657298088074,0.7502903342247009,0.47874563932418823
YKL090W,YDL121C,0,1.9709992,0.13545817136764526,0.7502903342247009,0.4788617789745331
YGL236C,YBL068W,0,1.9707606,0.1354297697544098,0.7502903342247009,0.47897791862487793
YGR225W,YPL122C,0,1.9705343,0.1354013830423355,0.7502903342247009,0.47909408807754517
YBR261C,YNL027W,0,1.9705033,0.13537301123142242,0.7502903342247009,0.47921022772789
YBR260C,YKL117W,0,1.9703226,0.13534465432167053,0.7502903342247009,0.47932636737823486
YJL206C,YCL034W,0,1.9697461,0.13531629741191864,0.7502903342247009,0.4794425070285797
YLR203C,YEL043W,0,1.9697218,0.13528795540332794,0.7502903342247009,0.47955864667892456
YER125W,YKL053C-A,1,1.9692903,0.1354690045118332,0.7514517903327942,0.47955864667892456
YOR212W,YNR044W,0,1.96875,0.1354406476020813,0.7514517903327942,0.4796747863292694
YDL054C,YBR095C,0,1.968508,0.1354123055934906,0.7514517903327942,0.47979092597961426
YNL172W,YDL111C,0,1.9681108,0.1353839784860611,0.7514517903327942,0.4799070954322815
YKL130C,YKL096W-A,0,1.9680488,0.1353556513786316,0.7514517903327942,0.48002323508262634
YJL176C,YML128C,0,1.9668427,0.13532733917236328,0.7514517903327942,0.4801393747329712
YDR415C,YIL177C,0,1.9666977,0.13529904186725616,0.7514517903327942,0.48025551438331604
YIL143C,YJL191W,0,1.9664972,0.13527074456214905,0.7514517903327942,0.4803716540336609
YHR214C-B,YPR159W,0,1.9654765,0.13524247705936432,0.7514517903327942,0.48048779368400574
YOR301W,YLR344W,0,1.9653509,0.1352142095565796,0.7514517903327942,0.480603963136673
YAR035W,YPL096W,0,1.9651818,0.13518595695495605,0.7514517903327942,0.4807201027870178
YMR123W,YJR130C,0,1.9651077,0.1351577192544937,0.7514517903327942,0.48083624243736267
YPR204W,YNR067C,0,1.96491,0.13512949645519257,0.7514517903327942,0.4809523820877075
YNL261W,YOR212W,0,1.9647751,0.13510127365589142,0.7514517903327942,0.48106852173805237
YCR030C,YEL070W,0,1.964284,0.13507306575775146,0.7514517903327942,0.4811846613883972
YOL026C,YPR133W-A,1,1.9641502,0.13525359332561493,0.7526132464408875,0.4811846613883972
YGL112C,YPL196W,0,1.9635811,0.13522537052631378,0.7526132464408875,0.48130080103874207
YMR054W,YLR394W,0,1.9633145,0.13519716262817383,0.7526132464408875,0.4814169704914093
YMR089C,YNL304W,1,1.9621749,0.13537755608558655,0.7537747025489807,0.4814169704914093
YML099C,YOR355W,0,1.9621367,0.1353493183851242,0.7537747025489807,0.48153311014175415
YOR180C,YJL082W,0,1.9617164,0.13532109558582306,0.7537747025489807,0.481649249792099
YPR189W,YDR173C,0,1.9616394,0.1352928876876831,0.7537747025489807,0.48176538944244385
YLR197W,YOR382W,0,1.9605281,0.13526469469070435,0.7537747025489807,0.4818815290927887
YEL030W,YPR125W,1,1.9603217,0.13544487953186035,0.7549360990524292,0.4818815290927887
YMR304W,YMR075W,0,1.9603107,0.1354166716337204,0.7549360990524292,0.48199766874313354
YDR457W,YLR088W,0,1.9600005,0.13538846373558044,0.7549360990524292,0.4821138083934784
YCL024W,YDR508C,0,1.9596367,0.13536027073860168,0.7549360990524292,0.48222997784614563
YGR032W,YPL259C,0,1.9595902,0.13533207774162292,0.7549360990524292,0.4823461174964905
YJL166W,YPL083C,0,1.9595222,0.13530391454696655,0.7549360990524292,0.4824622571468353
YPL200W,YOL107W,0,1.9594674,0.13527575135231018,0.7549360990524292,0.4825783967971802
YML028W,YCL014W,0,1.9587262,0.135247603058815,0.7549360990524292,0.482694536447525
YMR238W,YDR222W,0,1.9586382,0.13521946966648102,0.7549360990524292,0.4828106760978699
YDR473C,YDL208W,0,1.9581606,0.13519135117530823,0.7549360990524292,0.4829268157482147
YNL006W,YER019C-A,0,1.9574199,0.13516323268413544,0.7549360990524292,0.48304298520088196
YDR172W,YMR054W,0,1.9569337,0.13513512909412384,0.7549360990524292,0.4831591248512268
YDL059C,YLR005W,0,1.956414,0.13510704040527344,0.7549360990524292,0.48327526450157166
YBR002C,YBR080C,0,1.9563208,0.13507896661758423,0.7549360990524292,0.4833914041519165
YMR168C,YFR019W,0,1.9559395,0.1350509077310562,0.7549360990524292,0.48350754380226135
YCR014C,YDR262W,0,1.9558797,0.1350228488445282,0.7549360990524292,0.4836236834526062
YJL187C,YKR035W-A,0,1.9558058,0.13499480485916138,0.7549360990524292,0.48373982310295105
YNL138W,YOR123C,0,1.9557703,0.13496677577495575,0.7549360990524292,0.4838559925556183
YOR085W,YNL092W,0,1.955661,0.13493876159191132,0.7549360990524292,0.48397213220596313
YER151C,YGL212W,0,1.9555483,0.13491074740886688,0.7549360990524292,0.484088271856308
YNL026W,YPR083W,1,1.9554691,0.13509026169776917,0.7560975551605225,0.484088271856308
YDL107W,YNL304W,1,1.955262,0.13526971638202667,0.7572590112686157,0.484088271856308
YOR283W,YLR043C,0,1.9551995,0.13524165749549866,0.7572590112686157,0.48420441150665283
YNR031C,YPL050C,0,1.9548547,0.13521359860897064,0.7572590112686157,0.4843205511569977
YLL004W,YKL168C,0,1.9540086,0.13518556952476501,0.7572590112686157,0.48443669080734253
YNR057C,YDL047W,0,1.9539065,0.1351575404405594,0.7572590112686157,0.48455286026000977
YNR004W,YNR006W,0,1.9537027,0.13512952625751495,0.7572590112686157,0.4846689999103546
YKR103W,YDL059C,0,1.9531546,0.1351015269756317,0.7572590112686157,0.48478513956069946
YCR014C,YBR172C,0,1.9530993,0.13507354259490967,0.7572590112686157,0.4849012792110443
YDR419W,YPR163C,0,1.9530954,0.13504557311534882,0.7572590112686157,0.48501741886138916
YDR083W,YLR330W,0,1.9527981,0.13501760363578796,0.7572590112686157,0.485133558511734
YCL018W,YNL095C,0,1.9523649,0.1349896490573883,0.7572590112686157,0.48524969816207886
YMR241W,YOR297C,1,1.9522641,0.13516870141029358,0.758420467376709,0.48524969816207886
YCL024W,YMR200W,0,1.9518828,0.13514073193073273,0.758420467376709,0.4853658676147461
YPL127C,YBR261C,0,1.9517817,0.13511276245117188,0.758420467376709,0.48548200726509094
YNL202W,YIL177C,0,1.9517498,0.1350848227739334,0.758420467376709,0.4855981469154358
YEL062W,YDL148C,0,1.9514451,0.13505688309669495,0.758420467376709,0.48571428656578064
YMR093W,YLR390W,0,1.9512973,0.13502894341945648,0.758420467376709,0.4858304262161255
YOR084W,YOR285W,0,1.9510353,0.1350010335445404,0.758420467376709,0.48594656586647034
YHR211W,YKL085W,0,1.95101,0.13497312366962433,0.758420467376709,0.4860627055168152
YDR405W,YDR151C,0,1.9507389,0.13494524359703064,0.758420467376709,0.4861788749694824
YLR305C,YGL170C,0,1.9506943,0.13491734862327576,0.758420467376709,0.48629501461982727
YER098W,YML128C,0,1.9506416,0.13488948345184326,0.758420467376709,0.4864111542701721
YDR527W,YLR386W,0,1.950582,0.13486163318157196,0.758420467376709,0.48652729392051697
YPL151C,YML132W,0,1.9504998,0.13483378291130066,0.758420467376709,0.4866434335708618
YHR175W,YDR310C,0,1.9500341,0.13480594754219055,0.758420467376709,0.48675957322120667
YKL171W,YOR285W,0,1.9498868,0.13477812707424164,0.758420467376709,0.4868757128715515
YDR304C,YKL095W,0,1.9497771,0.13475030660629272,0.758420467376709,0.48699188232421875
YDR414C,YBR095C,0,1.9495714,0.1347225159406662,0.758420467376709,0.4871080219745636
YOR054C,YIL177C,0,1.94957,0.13469472527503967,0.758420467376709,0.48722416162490845
YDR034C,YDL015C,0,1.9490149,0.13466693460941315,0.758420467376709,0.4873403012752533
YNL095C,YMR308C,0,1.9483147,0.134639173746109,0.758420467376709,0.48745644092559814
YMR227C,YGR084C,0,1.948236,0.13461141288280487,0.758420467376709,0.487572580575943
YLR203C,YCL008C,0,1.947866,0.13458368182182312,0.758420467376709,0.48768872022628784
YPR182W,YMR273C,0,1.9474614,0.13455595076084137,0.758420467376709,0.4878048896789551
YNL026W,YLR163C,1,1.946537,0.13473424315452576,0.7595818638801575,0.4878048896789551
YNL122C,YBL068W,0,1.9461746,0.13470648229122162,0.7595818638801575,0.4879210293292999
YGL186C,YDL054C,0,1.9457705,0.13467875123023987,0.7595818638801575,0.4880371689796448
YPL094C,YER019C-A,0,1.9454496,0.13465102016925812,0.7595818638801575,0.4881533086299896
YPR011C,YGR169C,0,1.9452319,0.13462330400943756,0.7595818638801575,0.4882694482803345
YML028W,YOR353C,0,1.9444683,0.1345956027507782,0.7595818638801575,0.4883855879306793
YGR221C,YOL101C,0,1.944283,0.13456790149211884,0.7595818638801575,0.48850172758102417
YKR054C,YPL104W,0,1.9441404,0.13454021513462067,0.7595818638801575,0.4886178970336914
YLL017W,YPR160W,0,1.9439704,0.1345125436782837,0.7595818638801575,0.48873403668403625
YFL066C,YFL013C,0,1.9429986,0.1344848871231079,0.7595818638801575,0.4888501763343811
YLR244C,YDR306C,0,1.942549,0.13445723056793213,0.7595818638801575,0.48896631598472595
YNL026W,YDR470C,1,1.942411,0.13463515043258667,0.7607433199882507,0.48896631598472595
YIL142W,YHR119W,0,1.9422464,0.1346074789762497,0.7607433199882507,0.4890824556350708
YKL022C,YLR389C,0,1.9419417,0.1345798224210739,0.7607433199882507,0.48919859528541565
YJR138W,YBR002C,0,1.9414549,0.13455218076705933,0.7607433199882507,0.4893147647380829
YOL057W,YMR180C,0,1.9414513,0.13452453911304474,0.7607433199882507,0.48943090438842773
YER125W,YPR083W,1,1.9409254,0.13470226526260376,0.761904776096344,0.48943090438842773
YIL020C,YCL052C,0,1.9404147,0.13467460870742798,0.761904776096344,0.4895470440387726
YML049C,YLR301W,0,1.939785,0.1346469670534134,0.761904776096344,0.48966318368911743
YBR150C,YBR141C,0,1.9390719,0.1346193253993988,0.761904776096344,0.4897793233394623
YNL079C,YDR470C,1,1.938426,0.1347968876361847,0.7630661725997925,0.4897793233394623
YJL192C,YHR039C-A,0,1.9383888,0.1347692310810089,0.7630661725997925,0.48989546298980713
YBR095C,YMR304W,0,1.9370294,0.13474158942699432,0.7630661725997925,0.490011602640152
YML032C,YLR301W,0,1.9370182,0.13471396267414093,0.7630661725997925,0.4901277720928192
YLR157C,YMR090W,0,1.9361429,0.13468635082244873,0.7630661725997925,0.49024391174316406
YOL062C,YOR313C,0,1.935775,0.13465873897075653,0.7630661725997925,0.4903600513935089
YOR206W,YAL022C,0,1.9346192,0.13463114202022552,0.7630661725997925,0.49047619104385376
YOR261C,YLR073C,0,1.9346175,0.1346035599708557,0.7630661725997925,0.4905923306941986
YLR305C,YPL050C,0,1.9343019,0.1345759928226471,0.7630661725997925,0.49070847034454346
YPR133W-A,YBR192W,1,1.9336221,0.13475322723388672,0.7642276287078857,0.49070847034454346
YPR024W,YDL198C,1,1.9329572,0.13493038713932037,0.765389084815979,0.49070847034454346
YBR095C,YDL170W,0,1.9328933,0.13490276038646698,0.765389084815979,0.4908246099948883
YJL030W,YAL039C,0,1.9325261,0.13487514853477478,0.765389084815979,0.49094077944755554
YDR454C,YLR088W,0,1.9317188,0.13484755158424377,0.765389084815979,0.4910569190979004
YJR026W,YKL205W,0,1.931387,0.13481996953487396,0.765389084815979,0.49117305874824524
YGR281W,YPR001W,0,1.9313633,0.13479238748550415,0.765389084815979,0.4912891983985901
YOR323C,YJR149W,0,1.9311204,0.13476482033729553,0.765389084815979,0.49140533804893494
YMR159C,YDR444W,0,1.9300034,0.1347372680902481,0.765389084815979,0.4915214776992798
YOR351C,YDL045C,0,1.9298477,0.13470973074436188,0.765389084815979,0.49163761734962463
YGL030W,YKL095W,0,1.9298027,0.13468219339847565,0.765389084815979,0.49175378680229187
YBR195C,YNL147W,0,1.9286027,0.1346546858549118,0.765389084815979,0.4918699264526367
YBL089W,YKR028W,0,1.9285591,0.13462716341018677,0.765389084815979,0.49198606610298157
YPL083C,YER185W,0,1.9274664,0.13459967076778412,0.765389084815979,0.4921022057533264
YOL103W-B,YOR148C,0,1.9260261,0.13457219302654266,0.765389084815979,0.49221834540367126
YOL070C,YOR313C,0,1.9257827,0.1345447152853012,0.765389084815979,0.4923344850540161
YCL004W,YFR019W,0,1.9253972,0.13451725244522095,0.765389084815979,0.49245062470436096
YEL052W,YEL043W,0,1.9252653,0.13448978960514069,0.765389084815979,0.4925667941570282
YLR228C,YGR034W,0,1.9246917,0.1344623565673828,0.765389084815979,0.49268293380737305
YBR120C,YOR194C,0,1.9241767,0.13443492352962494,0.765389084815979,0.4927990734577179
YMR228W,YMR301C,0,1.9241617,0.13440750539302826,0.765389084815979,0.49291521310806274
YOL141W,YPR127W,0,1.9236574,0.13438010215759277,0.765389084815979,0.4930313527584076
YMR168C,YDR369C,0,1.9227695,0.1343526989221573,0.765389084815979,0.49314749240875244
YPL083C,YKL022C,0,1.9222109,0.134325310587883,0.765389084815979,0.4932636320590973
YPL273W,YNL219C,0,1.9215231,0.1342979371547699,0.765389084815979,0.4933798015117645
YOR327C,YGR185C,0,1.9214299,0.134270578622818,0.765389084815979,0.4934959411621094
YGL169W,YJL171C,0,1.9213209,0.1342432200908661,0.765389084815979,0.4936120808124542
YBR150C,YMR321C,0,1.9212823,0.13421589136123657,0.765389084815979,0.4937282204627991
YBL005W-B,YAL039C,0,1.9212222,0.13418856263160706,0.765389084815979,0.4938443601131439
YDL206W,YNL080C,0,1.9211445,0.13416123390197754,0.765389084815979,0.49396049976348877
YBR275C,YGR216C,0,1.9208894,0.1341339349746704,0.765389084815979,0.494076669216156
YGR216C,YDR410C,0,1.9204681,0.13410663604736328,0.765389084815979,0.49419280886650085
YDR461W,YNR072W,0,1.9200311,0.13407935202121735,0.765389084815979,0.4943089485168457
YML058W-A,YDR207C,0,1.9192252,0.1340520679950714,0.765389084815979,0.49442508816719055
YKR036C,YNL121C,1,1.9181828,0.1342281848192215,0.7665505409240723,0.49442508816719055
YBR150C,YAL024C,0,1.9180458,0.13420090079307556,0.7665505409240723,0.4945412278175354
YIL139C,YMR227C,0,1.9179325,0.13417361676692963,0.7665505409240723,0.49465736746788025
YNL290W,YER087C-B,0,1.9177108,0.13414634764194489,0.7665505409240723,0.4947735071182251
YPL139C,YOL136C,0,1.9167576,0.13411907851696014,0.7665505409240723,0.49488967657089233
YGR225W,YGR145W,0,1.9144406,0.1340918391942978,0.7665505409240723,0.4950058162212372
YBR182C,YHR039C-A,0,1.9142065,0.13406459987163544,0.7665505409240723,0.49512195587158203
YDL246C,YFL010W-A,0,1.9139225,0.13403736054897308,0.7665505409240723,0.4952380955219269
YLL045C,YKR028W,0,1.9138942,0.13401015102863312,0.7665505409240723,0.49535423517227173
YDR405W,YGR276C,0,1.9135354,0.13398294150829315,0.7665505409240723,0.4954703748226166
YMR241W,YPR133W-A,1,1.9132273,0.13415871560573578,0.7677119374275208,0.4954703748226166
YHR004C,YCR026C,0,1.9130774,0.13413149118423462,0.7677119374275208,0.4955865144729614
YPR024W,YBR192W,1,1.9130673,0.1343071609735489,0.768873393535614,0.4955865144729614
YGR143W,YER115C,0,1.9128368,0.13427992165088654,0.768873393535614,0.49570268392562866
YDR034C,YLR264W,0,1.9125063,0.13425268232822418,0.768873393535614,0.4958188235759735
YOL082W,YKR103W,0,1.9111514,0.13422547280788422,0.768873393535614,0.49593496322631836
YNL281W,YDR170C,0,1.9110978,0.13419826328754425,0.768873393535614,0.4960511028766632
YDR383C,YDR090C,0,1.9110606,0.13417105376720428,0.768873393535614,0.49616724252700806
YJR004C,YML052W,0,1.9106126,0.1341438740491867,0.768873393535614,0.4962833821773529
YOL093W,YER019C-A,0,1.9104357,0.13411669433116913,0.768873393535614,0.49639952182769775
YBR120C,YER046W,0,1.909406,0.13408952951431274,0.768873393535614,0.496515691280365
YDR414C,YLR080W,0,1.9091048,0.13406237959861755,0.768873393535614,0.49663183093070984
YLR314C,YLR359W,0,1.908767,0.13403522968292236,0.768873393535614,0.4967479705810547
YOL066C,YJR070C,0,1.9086621,0.13400809466838837,0.768873393535614,0.49686411023139954
YBL005W-B,YGL190C,0,1.9083433,0.13398097455501556,0.768873393535614,0.4969802498817444
YKL064W,YMR099C,0,1.9082079,0.13395386934280396,0.768873393535614,0.49709638953208923
YCR011C,YDR262W,0,1.9079025,0.13392676413059235,0.768873393535614,0.4972125291824341
YGR169C,YBR238C,0,1.9073932,0.13389967381954193,0.768873393535614,0.4973286986351013
YER013W,YDL215C,0,1.9071944,0.1338725984096527,0.768873393535614,0.49744483828544617
YOL107W,YMR213W,0,1.907191,0.13384553790092468,0.768873393535614,0.497560977935791
YBR196C,YJL192C,0,1.9071233,0.13381847739219666,0.768873393535614,0.49767711758613586
YDL227C,YDR364C,0,1.9065118,0.13379143178462982,0.768873393535614,0.4977932572364807
YLR278C,YOR085W,0,1.9059055,0.13376440107822418,0.768873393535614,0.49790939688682556
YBR096W,YOL108C,0,1.9045274,0.13373737037181854,0.768873393535614,0.4980255663394928
YOR126C,YGR255C,0,1.903969,0.1337103545665741,0.768873393535614,0.49814170598983765
YKL210W,YGR143W,0,1.9017854,0.13368335366249084,0.768873393535614,0.4982578456401825
YMR315W,YNL182C,0,1.9015534,0.1336563676595688,0.768873393535614,0.49837398529052734
YBR177C,YHL027W,0,1.9014323,0.13362939655780792,0.768873393535614,0.4984901249408722
YLR165C,YJR031C,0,1.901114,0.13360242545604706,0.768873393535614,0.49860626459121704
YLR191W,YDR476C,0,1.9005892,0.1335754692554474,0.768873393535614,0.4987224042415619
YDR137W,YNL208W,0,1.8998485,0.13354851305484772,0.768873393535614,0.4988385736942291
YJL200C,YLR005W,0,1.8995013,0.13352158665657043,0.768873393535614,0.498954713344574
YBR128C,YNL078W,0,1.8988948,0.13349466025829315,0.768873393535614,0.4990708529949188
YHR074W,YGL169W,0,1.8983669,0.13346774876117706,0.768873393535614,0.49918699264526367
YJR004C,YOR313C,0,1.897227,0.13344083726406097,0.768873393535614,0.4993031322956085
YDL121C,YBL028C,0,1.8965533,0.13341394066810608,0.768873393535614,0.49941927194595337
YGL014W,YCL008C,0,1.896457,0.13338705897331238,0.768873393535614,0.4995354115962982
YOL010W,YCL043C,0,1.8961926,0.13336019217967987,0.768873393535614,0.49965158104896545
YNL163C,YGR084C,0,1.8952577,0.13333334028720856,0.768873393535614,0.4997677206993103
YBL034C,YLR348C,0,1.8947282,0.13330648839473724,0.768873393535614,0.49988386034965515
YDR414C,YLR425W,0,1.8937743,0.13327965140342712,0.768873393535614,0.5
YER017C,YEL030W,1,1.8937268,0.1334540992975235,0.7700348496437073,0.5
YOR283W,YPL094C,0,1.8936889,0.13342724740505219,0.7700348496437073,0.5001161694526672
YNR013C,YJL006C,0,1.8927989,0.13340039551258087,0.7700348496437073,0.5002322793006897
YKL007W,YJL004C,0,1.8916564,0.13337357342243195,0.7700348496437073,0.5003484487533569
YCL004W,YMR210W,0,1.89081,0.13334673643112183,0.7700348496437073,0.5004645586013794
YMR213W,YCL052C,0,1.8906705,0.1333199292421341,0.7700348496437073,0.5005807280540466
YPL113C,YGL220W,0,1.8903649,0.13329312205314636,0.7700348496437073,0.5006968379020691
YJL034W,YLL033W,0,1.8903592,0.13326632976531982,0.7700348496437073,0.5008130073547363
YHR004C,YBR128C,0,1.8902318,0.13323955237865448,0.7700348496437073,0.5009291768074036
YPL094C,YHR060W,0,1.8898938,0.13321277499198914,0.7700348496437073,0.501045286655426
YOR378W,YPL087W,0,1.888931,0.13318601250648499,0.7700348496437073,0.5011614561080933
YJR149W,YOR349W,0,1.8888779,0.13315926492214203,0.7700348496437073,0.5012775659561157
YJR055W,YIL047C,0,1.8888538,0.13313253223896027,0.7700348496437073,0.501393735408783
YLL002W,YGL236C,0,1.8887956,0.1331057995557785,0.7700348496437073,0.5015098452568054
YOL070C,YLR264W,0,1.8886917,0.13307908177375793,0.7700348496437073,0.5016260147094727
YOR283W,YPR138C,0,1.8881235,0.13305237889289856,0.7700348496437073,0.5017421841621399
YCL025C,YOR351C,0,1.8878222,0.13302567601203918,0.7700348496437073,0.5018582940101624
YJR138W,YBR260C,0,1.8870962,0.1329990029335022,0.7700348496437073,0.5019744634628296
YDR254W,YDR337W,0,1.8867519,0.1329723298549652,0.7700348496437073,0.502090573310852
YER101C,YBR261C,0,1.8861036,0.13294565677642822,0.7700348496437073,0.5022067427635193
YDL215C,YHR057C,0,1.8860667,0.13291899859905243,0.7700348496437073,0.5023228526115417
YDR090C,YDL225W,0,1.8859692,0.13289237022399902,0.7700348496437073,0.502439022064209
YGL162W,YPL112C,0,1.8859482,0.13286572694778442,0.7700348496437073,0.5025551915168762
YKR103W,YDL216C,0,1.8851962,0.1328391134738922,0.7700348496437073,0.5026713013648987
YGR084C,YNL092W,0,1.8849375,0.1328125,0.7700348496437073,0.5027874708175659
YKL200C,YDL040C,0,1.8844633,0.13278590142726898,0.7700348496437073,0.5029035806655884
YLR020C,YPR002W,0,1.8842173,0.13275931775569916,0.7700348496437073,0.5030197501182556
YKL078W,YNR021W,0,1.8839545,0.13273273408412933,0.7700348496437073,0.5031358599662781
YDR159W,YKL015W,0,1.8836291,0.1327061653137207,0.7700348496437073,0.5032520294189453
YDR410C,YPL183W-A,0,1.8835421,0.13267961144447327,0.7700348496437073,0.5033681988716125
YPR190C,YLR042C,0,1.8825474,0.13265305757522583,0.7700348496437073,0.503484308719635
YCR093W,YLR224W,0,1.8822763,0.1326265186071396,0.7700348496437073,0.5036004781723022
YDR082W,YPL096W,0,1.882185,0.13259999454021454,0.7700348496437073,0.5037165880203247
YJR010W,YGL244W,0,1.8814521,0.13257348537445068,0.7700348496437073,0.5038327574729919
YPR135W,YMR078C,0,1.8814087,0.13254697620868683,0.7700348496437073,0.5039488673210144
YGR252W,YOR382W,0,1.8806968,0.13252048194408417,0.7700348496437073,0.5040650367736816
YPR167C,YPR006C,0,1.8792851,0.1324940025806427,0.7700348496437073,0.5041812062263489
YJR021C,YHR060W,0,1.8792043,0.13246753811836243,0.7700348496437073,0.5042973160743713
YGR036C,YGL244W,0,1.8789876,0.13244107365608215,0.7700348496437073,0.5044134855270386
YDR414C,YKR028W,0,1.8783214,0.13241462409496307,0.7700348496437073,0.504529595375061
YGL200C,YDR444W,0,1.8777301,0.132388174533844,0.7700348496437073,0.5046457648277283
YPR189W,YCR026C,0,1.8763552,0.1323617547750473,0.7700348496437073,0.5047619342803955
YPR196W,YFR031C,0,1.8755789,0.1323353350162506,0.7700348496437073,0.504878044128418
YKR036C,YEL030W,1,1.8755453,0.13250848650932312,0.7711963057518005,0.504878044128418
YAR027W,YBL089W,0,1.8750758,0.13248203694820404,0.7711963057518005,0.5049942135810852
YER013W,YIR038C,0,1.8748872,0.13245561718940735,0.7711963057518005,0.5051103234291077
YFR045W,YJL103C,0,1.8747556,0.13242919743061066,0.7711963057518005,0.5052264928817749
YIL132C,YDR081C,0,1.8747153,0.13240279257297516,0.7711963057518005,0.5053426027297974
YKL022C,YER074W,0,1.8746924,0.13237640261650085,0.7711963057518005,0.5054587721824646
YKR035W-A,YOR338W,0,1.8746734,0.13235001266002655,0.7711963057518005,0.5055749416351318
YJL140W,YLR103C,0,1.8744159,0.13232363760471344,0.7711963057518005,0.5056910514831543
YDL246C,YBR243C,0,1.8742001,0.13229727745056152,0.7711963057518005,0.5058072209358215
YGL180W,YCL052C,0,1.8739576,0.1322709172964096,0.7711963057518005,0.505923330783844
YGR056W,YOR212W,0,1.8737986,0.13224457204341888,0.7711963057518005,0.5060395002365112
YLR425W,YLR088W,0,1.8732543,0.13221824169158936,0.7711963057518005,0.5061556100845337
YMR038C,YOL111C,0,1.8728542,0.13219191133975983,0.7711963057518005,0.5062717795372009
YIL080W,YDR260C,0,1.8721719,0.13216561079025269,0.7711963057518005,0.5063879489898682
YMR008C,YPL096W,0,1.8716991,0.13213931024074554,0.7711963057518005,0.5065040588378906
YNL271C,YPR119W,0,1.8716562,0.1321130096912384,0.7711963057518005,0.5066202282905579
YBL026W,YLL027W,0,1.8712609,0.13208673894405365,0.7711963057518005,0.5067363381385803
YDR211W,YLR278C,0,1.8688848,0.1320604681968689,0.7711963057518005,0.5068525075912476
YOR287C,YDL028C,0,1.8687155,0.13203419744968414,0.7711963057518005,0.50696861743927
YJR006W,YML071C,0,1.8684056,0.13200795650482178,0.7711963057518005,0.5070847868919373
YBR230C,YBL113C,0,1.8682046,0.1319817155599594,0.7711963057518005,0.5072009563446045
YOR323C,YLR020C,0,1.8682008,0.13195548951625824,0.7711963057518005,0.507317066192627
YMR276W,YNL138W,0,1.8681173,0.13192926347255707,0.7711963057518005,0.5074332356452942
YBR275C,YEL036C,0,1.8679028,0.1319030523300171,0.7711963057518005,0.5075493454933167
YPL223C,YDR218C,0,1.8673825,0.1318768560886383,0.7711963057518005,0.5076655149459839
YCL008C,YOL124C,0,1.8670087,0.13185067474842072,0.7711963057518005,0.5077816247940063
YGL170C,YMR210W,0,1.8668406,0.13182449340820312,0.7711963057518005,0.5078977942466736
YJL071W,YBR243C,0,1.8667667,0.13179832696914673,0.7711963057518005,0.5080139636993408
YOR237W,YPR127W,0,1.8667417,0.13177217543125153,0.7711963057518005,0.5081300735473633
YGL014W,YKL182W,0,1.8664267,0.13174603879451752,0.7711963057518005,0.5082462430000305
YKL009W,YCL014W,0,1.8660917,0.1317199021577835,0.7711963057518005,0.508362352848053
YDL084W,YLR316C,0,1.8659194,0.1316937655210495,0.7711963057518005,0.5084785223007202
YBL058W,YLR088W,0,1.8648078,0.13166765868663788,0.7711963057518005,0.5085946321487427
YGR012W,YDR497C,0,1.8643188,0.13164155185222626,0.7711963057518005,0.5087108016014099
YPL127C,YFR045W,0,1.8642573,0.13161545991897583,0.7711963057518005,0.5088269710540771
YPR125W,YJR034W,1,1.8639326,0.13178755342960358,0.772357702255249,0.5088269710540771
YBR195C,YOR304W,0,1.8637736,0.13176144659519196,0.772357702255249,0.5089430809020996
YGL148W,YER115C,0,1.8629689,0.13173533976078033,0.772357702255249,0.5090592503547668
YMR241W,YPR083W,1,1.8626795,0.13190731406211853,0.7735191583633423,0.5090592503547668
YKL189W,YHR039C-A,0,1.8626347,0.13188119232654572,0.7735191583633423,0.5091753602027893
YHR082C,YER104W,0,1.8625855,0.1318550854921341,0.7735191583633423,0.5092915296554565
YDR090C,YJL134W,0,1.8623552,0.13182897865772247,0.7735191583633423,0.509407639503479
YLR129W,YOL062C,0,1.8615813,0.13180288672447205,0.7735191583633423,0.5095238089561462
YCR060W,YGR167W,0,1.8613558,0.1317768096923828,0.7735191583633423,0.5096399784088135
YIL042C,YBR074W,0,1.8610079,0.13175074756145477,0.7735191583633423,0.5097560882568359
YDL206W,YPL129W,0,1.8604941,0.13172468543052673,0.7735191583633423,0.5098722577095032
YPR091C,YJR140C,0,1.860302,0.1316986382007599,0.7735191583633423,0.5099883675575256
YDR140W,YDR226W,0,1.8599908,0.13167259097099304,0.7735191583633423,0.5101045370101929
YKL061W,YJL053W,0,1.8593366,0.13164657354354858,0.7735191583633423,0.5102206468582153
YFR019W,YKL015W,0,1.8591609,0.13162055611610413,0.7735191583633423,0.5103368163108826
YLR321C,YIR005W,0,1.8591125,0.13159455358982086,0.7735191583633423,0.5104529857635498
YLR394W,YOR123C,0,1.8585691,0.1315685510635376,0.7735191583633423,0.5105690956115723
YJL087C,YDL035C,0,1.8583777,0.13154256343841553,0.7735191583633423,0.5106852650642395
YER151C,YLR301W,0,1.858099,0.13151659071445465,0.7735191583633423,0.510801374912262
YJR119C,YJL225C,0,1.8572993,0.13149061799049377,0.7735191583633423,0.5109175443649292
YMR019W,YLR005W,0,1.8569953,0.1314646601676941,0.7735191583633423,0.5110336542129517
YDL121C,YPR006C,0,1.8569474,0.1314387172460556,0.7735191583633423,0.5111498236656189
YKL082C,YLL061W,0,1.8564672,0.1314127892255783,0.7735191583633423,0.5112659931182861
YAR002C-A,YPL122C,0,1.855705,0.131386861205101,0.7735191583633423,0.5113821029663086
YGR077C,YKR069W,0,1.8551426,0.1313609480857849,0.7735191583633423,0.5114982724189758
YMR160W,YGL174W,0,1.8551002,0.1313350349664688,0.7735191583633423,0.5116143822669983
YMR246W,YNR010W,0,1.8550191,0.1313091516494751,0.7735191583633423,0.5117305517196655
YNL307C,YJR063W,0,1.8546646,0.13128326833248138,0.7735191583633423,0.511846661567688
YDL246C,YFL057C,0,1.8543458,0.13125738501548767,0.7735191583633423,0.5119628310203552
YPR171W,YLL004W,0,1.8534138,0.13123153150081635,0.7735191583633423,0.5120790004730225
YHL012W,YJL200C,0,1.8532727,0.13120567798614502,0.7735191583633423,0.5121951103210449
YDR030C,YER151C,0,1.8531077,0.1311798244714737,0.7735191583633423,0.5123112797737122
YDL198C,YPR125W,1,1.8513126,0.13135091960430145,0.7746806144714355,0.5123112797737122
YDL055C,YNL080C,0,1.8510153,0.13132506608963013,0.7746806144714355,0.5124273896217346
YOR138C,YFL021W,0,1.85028,0.1312992125749588,0.7746806144714355,0.5125435590744019
YEL022W,YMR038C,0,1.8498354,0.13127337396144867,0.7746806144714355,0.5126596689224243
YPL064C,YDR369C,0,1.8494236,0.13124753534793854,0.7746806144714355,0.5127758383750916
YNL027W,YBR061C,0,1.8486857,0.1312217265367508,0.7746806144714355,0.5128920078277588
YDR499W,YJL176C,0,1.8484197,0.13119590282440186,0.7746806144714355,0.5130081176757812
YFL057C,YJL095W,0,1.8475449,0.1311701089143753,0.7746806144714355,0.5131242871284485
YDR383C,YLR295C,0,1.8469586,0.13114431500434875,0.7746806144714355,0.513240396976471
YBL112C,YNL273W,0,1.8465078,0.1311185359954834,0.7746806144714355,0.5133565664291382
YGL225W,YOR311C,0,1.8464599,0.13109277188777924,0.7746806144714355,0.5134727358818054
YLR359W,YJL006C,0,1.8460114,0.13106700778007507,0.7746806144714355,0.5135888457298279
YIR011C,YPL113C,0,1.845957,0.1310412585735321,0.7746806144714355,0.5137050151824951
YPL240C,YMR180C,0,1.8455253,0.13101552426815033,0.7746806144714355,0.5138211250305176
YMR054W,YBR096W,0,1.8446507,0.13098978996276855,0.7746806144714355,0.5139372944831848
YNL302C,YHR119W,0,1.8439693,0.13096407055854797,0.7746806144714355,0.5140534043312073
YKR103W,YPR030W,0,1.8437638,0.1309383660554886,0.7746806144714355,0.5141695737838745
YNL231C,YKL119C,0,1.8437011,0.1309126615524292,0.7746806144714355,0.5142857432365417
YLR105C,YGL026C,0,1.843265,0.130886971950531,0.7746806144714355,0.5144018530845642
YBR052C,YER052C,0,1.8429332,0.130861297249794,0.7746806144714355,0.5145180225372314
YGL244W,YDR392W,0,1.8422894,0.130835622549057,0.7746806144714355,0.5146341323852539
YDR383C,YDR306C,0,1.8413856,0.1308099627494812,0.7746806144714355,0.5147503018379211
YDL217C,YNL070W,1,1.8413227,0.13098038733005524,0.7758420705795288,0.5147503018379211
YPR072W,YPR111W,0,1.8411448,0.13095471262931824,0.7758420705795288,0.5148664116859436
YPR200C,YIL048W,0,1.8405521,0.13092905282974243,0.7758420705795288,0.5149825811386108
YKL144C,YDR218C,0,1.8395057,0.13090339303016663,0.7758420705795288,0.5150987505912781
YNL231C,YML109W,0,1.8390338,0.13087774813175201,0.7758420705795288,0.5152148604393005
YDR306C,YOR294W,0,1.8382909,0.1308521032333374,0.7758420705795288,0.5153310298919678
YML051W,YOR338W,0,1.838253,0.13082647323608398,0.7758420705795288,0.5154471397399902
YPR111W,YDL059C,0,1.8373644,0.13080085813999176,0.7758420705795288,0.5155633091926575
YFR019W,YMR229C,0,1.8372686,0.13077525794506073,0.7758420705795288,0.5156794190406799
YLR043C,YGR095C,0,1.8371596,0.1307496577501297,0.7758420705795288,0.5157955884933472
YNL273W,YKL085W,0,1.8369923,0.13072407245635986,0.7758420705795288,0.5159117579460144
YEL052W,YJR138W,0,1.8367755,0.13069848716259003,0.7758420705795288,0.5160278677940369
YIL142W,YDL035C,0,1.8366954,0.13067293167114258,0.7758420705795288,0.5161440372467041
YLR020C,YPL188W,0,1.8365703,0.13064737617969513,0.7758420705795288,0.5162601470947266
YOR291W,YGR012W,0,1.8362391,0.13062182068824768,0.7758420705795288,0.5163763165473938
YDL142C,YOL026C,1,1.835408,0.1307917833328247,0.7770034670829773,0.5163763165473938
YGR282C,YDR369C,0,1.8335693,0.13076622784137726,0.7770034670829773,0.5164924263954163
YBR031W,YOR251C,0,1.8334346,0.1307406723499298,0.7770034670829773,0.5166085958480835
YJL112W,YER125W,1,1.833283,0.13091051578521729,0.7781649231910706,0.5166085958480835
YMR168C,YMR075W,0,1.8330991,0.13088494539260864,0.7781649231910706,0.5167247653007507
YMR032W,YML030W,0,1.8325312,0.130859375,0.7781649231910706,0.5168408751487732
YHL012W,YBL028C,0,1.8317683,0.13083381950855255,0.7781649231910706,0.5169570446014404
YCL074W,YAL039C,0,1.8316584,0.1308082789182663,0.7781649231910706,0.5170731544494629
YHR077C,YKR002W,0,1.8300619,0.13078273832798004,0.7781649231910706,0.5171893239021301
YER014C-A,YDR131C,0,1.829042,0.13075722754001617,0.7781649231910706,0.5173054337501526
YLL002W,YMR210W,0,1.8272126,0.1307317018508911,0.7781649231910706,0.5174216032028198
YPR113W,YER049W,0,1.8269219,0.13070620596408844,0.7781649231910706,0.5175377726554871
YMR112C,YIL170W,0,1.8267207,0.13068071007728577,0.7781649231910706,0.5176538825035095
YLR141W,YGR020C,0,1.8263562,0.1306552290916443,0.7781649231910706,0.5177700519561768
YML051W,YIL021W,0,1.8256483,0.1306297481060028,0.7781649231910706,0.5178861618041992
YJL030W,YDL225W,0,1.8255599,0.13060428202152252,0.7781649231910706,0.5180023312568665
YNL026W,YPL098C,1,1.8255119,0.13077372312545776,0.7793263792991638,0.5180023312568665
YHR029C,YKR019C,0,1.8254488,0.13074824213981628,0.7793263792991638,0.5181184411048889
YOL028C,YOR349W,0,1.8252769,0.130722776055336,0.7793263792991638,0.5182346105575562
YLR005W,YGR255C,0,1.8250039,0.1306973099708557,0.7793263792991638,0.5183507800102234
YNL304W,YBR192W,1,1.8250008,0.13086660206317902,0.7804877758026123,0.5183507800102234
YHR012W,YKR055W,0,1.8237381,0.13084112107753754,0.7804877758026123,0.5184668898582458
YBR223C,YKR102W,0,1.8236804,0.13081565499305725,0.7804877758026123,0.5185830593109131
YML032C,YDR414C,0,1.8236151,0.13079018890857697,0.7804877758026123,0.5186991691589355
YJL112W,YDL217C,1,1.823272,0.13095933198928833,0.7816492319107056,0.5186991691589355
YDR378C,YEL043W,0,1.8226542,0.13093385100364685,0.7816492319107056,0.5188153386116028
YMR146C,YDL045W-A,0,1.82196,0.13090838491916656,0.7816492319107056,0.5189314484596252
YOL111C,YOR020C,0,1.8216989,0.13088291883468628,0.7816492319107056,0.5190476179122925
YKR008W,YJL095W,0,1.82127,0.13085748255252838,0.7816492319107056,0.5191637873649597
YPL064C,YMR136W,0,1.8206935,0.1308320313692093,0.7816492319107056,0.5192798972129822
YDR090C,YLL004W,0,1.8204694,0.13080660998821259,0.7816492319107056,0.5193960666656494
YKL217W,YBR128C,0,1.8201082,0.13078118860721588,0.7816492319107056,0.5195121765136719
YER101C,YOR353C,0,1.8199661,0.13075578212738037,0.7816492319107056,0.5196283459663391
YHR135C,YNL078W,0,1.8185577,0.13073037564754486,0.7816492319107056,0.5197444558143616
YBL041W,YER165W,0,1.8180912,0.13070498406887054,0.7816492319107056,0.5198606252670288
YOL082W,YDR476C,0,1.8178377,0.13067960739135742,0.7816492319107056,0.519976794719696
YDR310C,YAL029C,0,1.8176515,0.1306542456150055,0.7816492319107056,0.5200929045677185
YDR233C,YDR497C,0,1.8170545,0.13062888383865356,0.7816492319107056,0.5202090740203857
YMR078C,YDR472W,0,1.8168383,0.13060353696346283,0.7816492319107056,0.5203251838684082
YGL113W,YDR262W,0,1.8152595,0.1305781900882721,0.7816492319107056,0.5204413533210754
YJR005W,YLR270W,0,1.8145337,0.13055285811424255,0.7816492319107056,0.5205574631690979
YJL112W,YER154W,1,1.813667,0.13072149455547333,0.7828106880187988,0.5205574631690979
YKR055W,YOR313C,0,1.813092,0.1306961476802826,0.7828106880187988,0.5206736326217651
YDR076W,YKL082C,0,1.8128355,0.13067080080509186,0.7828106880187988,0.5207898020744324
YGR225W,YBR141C,0,1.8122172,0.13064546883106232,0.7828106880187988,0.5209059119224548
YBR081C,YNR018W,0,1.8120599,0.13062015175819397,0.7828106880187988,0.5210220813751221
YNL026W,YNL121C,1,1.8118415,0.13078860938549042,0.7839721441268921,0.5210220813751221
YDL133C-A,YGL026C,0,1.8116369,0.13076327741146088,0.7839721441268921,0.5211381912231445
YKR036C,YDR296W,1,1.8107822,0.13093163073062897,0.7851335406303406,0.5211381912231445
YGL158W,YJR078W,0,1.8099456,0.13090626895427704,0.7851335406303406,0.5212543606758118
YMR114C,YOR020C,0,1.8098416,0.1308809220790863,0.7851335406303406,0.5213704705238342
YBR172C,YJL095W,0,1.808768,0.13085559010505676,0.7851335406303406,0.5214866399765015
YMR239C,YKR044W,0,1.8086021,0.13083027303218842,0.7851335406303406,0.5216028094291687
YJR107W,YLR042C,0,1.8081737,0.13080495595932007,0.7851335406303406,0.5217189192771912
YKL217W,YMR321C,0,1.8081176,0.13077965378761292,0.7851335406303406,0.5218350887298584
YDL142C,YBR192W,1,1.8081064,0.1309477686882019,0.7862949967384338,0.5218350887298584
YNL032W,YKL003C,0,1.8074911,0.13092245161533356,0.7862949967384338,0.5219511985778809
YBR287W,YKL067W,0,1.80703,0.1308971345424652,0.7862949967384338,0.5220673680305481
YCL024W,YKL094W,0,1.8069339,0.13087183237075806,0.7862949967384338,0.5221834778785706
YKL174C,YGL220W,0,1.8064415,0.1308465451002121,0.7862949967384338,0.5222996473312378
YER008C,YGL037C,0,1.8060963,0.13082125782966614,0.7862949967384338,0.522415816783905
YBL041W,YDL070W,0,1.8060756,0.13079598546028137,0.7862949967384338,0.5225319266319275
YJL005W,YFL013C,0,1.805404,0.1307707130908966,0.7862949967384338,0.5226480960845947
YNL283C,YPL139C,0,1.8051491,0.13074545562267303,0.7862949967384338,0.5227642059326172
YLR314C,YDL015C,0,1.8046331,0.13072021305561066,0.7862949967384338,0.5228803753852844
YMR097C,YBR172C,0,1.8045101,0.13069498538970947,0.7862949967384338,0.5229965448379517
YML071C,YKL165C,0,1.8042548,0.1306697577238083,0.7862949967384338,0.5231126546859741
YJL029C,YJR053W,0,1.8038914,0.1306445449590683,0.7862949967384338,0.5232288241386414
YDR034C,YKL038W,0,1.8036711,0.1306193321943283,0.7862949967384338,0.5233449339866638
YGL068W,YML052W,0,1.803585,0.1305941343307495,0.7862949967384338,0.523461103439331
YOR297C,YER154W,1,1.8035755,0.13076181709766388,0.7874564528465271,0.523461103439331
YPR194C,YJL060W,0,1.8034432,0.1307366043329239,0.7874564528465271,0.5235772132873535
YOL086C,YNL044W,0,1.8034265,0.1307113915681839,0.7874564528465271,0.5236933827400208
YNR074C,YER130C,0,1.8034127,0.1306861937046051,0.7874564528465271,0.523809552192688
YDR172W,YKR102W,0,1.8032153,0.1306610107421875,0.7874564528465271,0.5239256620407104
YER125W,YNR035C,1,1.8025587,0.13082851469516754,0.7886179089546204,0.5239256620407104
YPL240C,YLR020C,0,1.802551,0.13080331683158875,0.7886179089546204,0.5240418314933777
YEL037C,YPL167C,0,1.802403,0.13077811896800995,0.7886179089546204,0.5241579413414001
YBR096W,YNR010W,0,1.8022606,0.13075293600559235,0.7886179089546204,0.5242741107940674
YOL093W,YNR010W,0,1.8017573,0.13072776794433594,0.7886179089546204,0.5243902206420898
YER014C-A,YGL094C,0,1.8016441,0.13070259988307953,0.7886179089546204,0.5245063900947571
YPL127C,YHR085W,0,1.8012874,0.13067744672298431,0.7886179089546204,0.5246225595474243
YDR254W,YBR141C,0,1.8012352,0.1306522935628891,0.7886179089546204,0.5247386693954468
YLR353W,YBR080C,0,1.8012171,0.13062717020511627,0.7886179089546204,0.524854838848114
YNR004W,YHR119W,0,1.8007398,0.13060203194618225,0.7886179089546204,0.5249709486961365
YJR055W,YHR164C,0,1.8003316,0.13057692348957062,0.7886179089546204,0.5250871181488037
YPR024W,YDL142C,1,1.800072,0.1307440847158432,0.7897793054580688,0.5250871181488037
YDR460W,YIL080W,0,1.800062,0.13071896135807037,0.7897793054580688,0.5252032279968262
YBR271W,YBR287W,0,1.7992532,0.13069382309913635,0.7897793054580688,0.5253193974494934
YFR031C,YJL134W,0,1.7986438,0.13066871464252472,0.7897793054580688,0.5254355669021606
YJR138W,YIL143C,0,1.797394,0.13064360618591309,0.7897793054580688,0.5255516767501831
YPR204W,YGR118W,0,1.7967255,0.13061851263046265,0.7897793054580688,0.5256678462028503
YBR223C,YER074W,0,1.7963283,0.1305934339761734,0.7897793054580688,0.5257839560508728
YPL113C,YOL108C,0,1.7962313,0.13056835532188416,0.7897793054580688,0.52590012550354
YML071C,YOL124C,0,1.7958956,0.1305432915687561,0.7897793054580688,0.5260162353515625
YDR137W,YDR498C,0,1.7955043,0.13051822781562805,0.7897793054580688,0.5261324048042297
YBR006W,YBL028C,0,1.795337,0.1304931938648224,0.7897793054580688,0.526248574256897
YDR373W,YDR392W,0,1.7951772,0.13046814501285553,0.7897793054580688,0.5263646841049194
YGL083W,YDR196C,0,1.7947426,0.13044312596321106,0.7897793054580688,0.5264808535575867
YDR090C,YJL141C,0,1.7944167,0.1304181069135666,0.7897793054580688,0.5265969634056091
YPR083W,YNR035C,1,1.7936578,0.13058485090732574,0.7909407615661621,0.5265969634056091
YLL051C,YKR054C,0,1.7930129,0.13055981695652008,0.7909407615661621,0.5267131328582764
YLL051C,YLR088W,0,1.7929723,0.13053478300571442,0.7909407615661621,0.5268292427062988
YDL070W,YNL230C,0,1.7928863,0.13050977885723114,0.7909407615661621,0.5269454121589661
YNL147W,YLR350W,0,1.7927849,0.13048475980758667,0.7909407615661621,0.5270615816116333
YOL028C,YMR296C,0,1.792295,0.1304597705602646,0.7909407615661621,0.5271776914596558
YGL148W,YIL048W,0,1.7921991,0.1304347813129425,0.7909407615661621,0.527293860912323
YDL036C,YCL032W,0,1.7920985,0.13040980696678162,0.7909407615661621,0.5274099707603455
YDR262W,YMR034C,0,1.7919943,0.13038483262062073,0.7909407615661621,0.5275261402130127
YOL057W,YJR036C,0,1.7919116,0.13035987317562103,0.7909407615661621,0.5276422500610352
YER175C,YBL005W-B,0,1.7917528,0.13033492863178253,0.7909407615661621,0.5277584195137024
YGL122C,YLR187W,0,1.7915833,0.13030998408794403,0.7909407615661621,0.5278745889663696
YLR026C,YKR044W,0,1.790796,0.13028505444526672,0.7909407615661621,0.5279906988143921
YER017C,YPR083W,1,1.7907186,0.13045141100883484,0.7921022176742554,0.5279906988143921
YOR147W,YNR035C,1,1.7900994,0.13061770796775818,0.7932636737823486,0.5279906988143921
YLR203C,YMR034C,0,1.7900553,0.1305927336215973,0.7932636737823486,0.5281068682670593
YKL165C,YPL112C,0,1.7884908,0.1305677741765976,0.7932636737823486,0.5282229781150818
YHR047C,YGL148W,0,1.7881248,0.1305428147315979,0.7932636737823486,0.528339147567749
YCR014C,YNR004W,0,1.7878554,0.1305178701877594,0.7932636737823486,0.5284552574157715
YJR107W,YLR383W,0,1.7878456,0.1304929256439209,0.7932636737823486,0.5285714268684387
YBR274W,YOR194C,0,1.7872729,0.13046801090240479,0.7932636737823486,0.528687596321106
YOR147W,YKL013C,1,1.7871485,0.13063406944274902,0.7944250702857971,0.528687596321106
YNL282W,YGL174W,0,1.7867813,0.13060912489891052,0.7944250702857971,0.5288037061691284
YLR157C,YNL073W,0,1.7864597,0.13058419525623322,0.7944250702857971,0.5289198756217957
YJR010W,YPL147W,0,1.7853699,0.1305592656135559,0.7944250702857971,0.5290359854698181
YDR530C,YER002W,0,1.7849822,0.1305343508720398,0.7944250702857971,0.5291521549224854
YOR292C,YDL039C,0,1.7845232,0.13050945103168488,0.7944250702857971,0.5292682647705078
YLR305C,YDR453C,0,1.7839992,0.13048455119132996,0.7944250702857971,0.529384434223175
YKR069W,YOR313C,0,1.7809231,0.13045966625213623,0.7944250702857971,0.5295006036758423
YIL083C,YMR143W,0,1.7804794,0.1304347813129425,0.7944250702857971,0.5296167135238647
YMR315W,YMR065W,0,1.779532,0.13040991127490997,0.7944250702857971,0.529732882976532
YNL070W,YKL053C-A,1,1.7795177,0.13057567179203033,0.7955865263938904,0.529732882976532
YBR042C,YOR089C,0,1.7792337,0.1305507868528366,0.7955865263938904,0.5298489928245544
YPL151C,YDL077C,0,1.7790582,0.13052591681480408,0.7955865263938904,0.5299651622772217
YPL042C,YFL054C,0,1.778878,0.13050104677677155,0.7955865263938904,0.5300812721252441
YPR001W,YDL047W,0,1.7773798,0.1304761916399002,0.7955865263938904,0.5301974415779114
YIL076W,YLR073C,0,1.7773654,0.13045133650302887,0.7955865263938904,0.5303136110305786
YOR106W,YIL139C,0,1.7765169,0.13042651116847992,0.7955865263938904,0.5304297208786011
YJL004C,YIL177C,0,1.7763283,0.13040167093276978,0.7955865263938904,0.5305458903312683
YKL064W,YKL096W-A,0,1.7759788,0.13037686049938202,0.7955865263938904,0.5306620001792908
YKL170W,YPR091C,0,1.775517,0.13035205006599426,0.7955865263938904,0.530778169631958
YGL170C,YGL183C,0,1.7750387,0.1303272396326065,0.7955865263938904,0.5308942794799805
YOL057W,YOR126C,0,1.7745514,0.13030245900154114,0.7955865263938904,0.5310104489326477
YOR294W,YGL216W,0,1.7732086,0.13027767837047577,0.7955865263938904,0.5311266183853149
YER014C-A,YOR142W,0,1.7730055,0.1302528977394104,0.7955865263938904,0.5312427282333374
YGR084C,YNL208W,0,1.7714696,0.13022813200950623,0.7955865263938904,0.5313588976860046
YDL217C,YDL198C,1,1.7714438,0.13039346039295197,0.7967479825019836,0.5313588976860046
YGR258C,YMR093W,0,1.7710779,0.1303686797618866,0.7967479825019836,0.5314750075340271
YKL020C,YPL131W,0,1.7703428,0.13034391403198242,0.7967479825019836,0.5315911769866943
YGR246C,YOR215C,0,1.7697387,0.13031914830207825,0.7967479825019836,0.5317073464393616
YMR117C,YOR298W,0,1.7694216,0.13029439747333527,0.7967479825019836,0.531823456287384
YDR079W,YER125W,1,1.7692072,0.13045954704284668,0.7979093790054321,0.531823456287384
YJL192C,YGR072W,0,1.768933,0.1304347813129425,0.7979093790054321,0.5319396257400513
YBR120C,YLL043W,0,1.7687948,0.13041001558303833,0.7979093790054321,0.5320557355880737
YLR440C,YMR087W,0,1.7685182,0.13038527965545654,0.7979093790054321,0.532171905040741
YDR460W,YGL169W,0,1.768429,0.13036052882671356,0.7979093790054321,0.5322880148887634
YKL186C,YBL034C,0,1.7683434,0.13033579289913177,0.7979093790054321,0.5324041843414307
YGL083W,YBR243C,0,1.7680895,0.13031107187271118,0.7979093790054321,0.5325203537940979
YBL112C,YOL004W,0,1.7678471,0.13028636574745178,0.7979093790054321,0.5326364636421204
YGR180C,YPL119C,0,1.7677982,0.13026165962219238,0.7979093790054321,0.5327526330947876
YMR078C,YMR186W,0,1.767798,0.13023696839809418,0.7979093790054321,0.5328687429428101
YDR306C,YDR260C,0,1.7674327,0.13021227717399597,0.7979093790054321,0.5329849123954773
YER008C,YOL107W,0,1.7670624,0.13018760085105896,0.7979093790054321,0.5331010222434998
YKR036C,YPR125W,1,1.766773,0.13035240769386292,0.7990708351135254,0.5331010222434998
YKL203C,YLR073C,0,1.7663105,0.1303277164697647,0.7990708351135254,0.533217191696167
YMR093W,YIL017W,0,1.7662232,0.1303030252456665,0.7990708351135254,0.5333333611488342
YBR002C,YBR271W,0,1.7661698,0.1302783489227295,0.7990708351135254,0.5334494709968567
YLR113W,YJR140C,0,1.7657151,0.13025368750095367,0.7990708351135254,0.5335656404495239
YDR494W,YOL004W,0,1.7656617,0.13022904098033905,0.7990708351135254,0.5336817502975464
YIL002C,YJL034W,0,1.7655652,0.13020439445972443,0.7990708351135254,0.5337979197502136
YJL081C,YAL031C,0,1.7652786,0.1301797479391098,0.7990708351135254,0.5339140295982361
YBR002C,YPR030W,0,1.764508,0.13015513122081757,0.7990708351135254,0.5340301990509033
YKR036C,YDR470C,1,1.7643869,0.13031965494155884,0.8002322912216187,0.5340301990509033
YDR304C,YER052C,0,1.7643194,0.1302950084209442,0.8002322912216187,0.5341463685035706
YDR196C,YGL112C,0,1.7636569,0.13027037680149078,0.8002322912216187,0.534262478351593
YNR018W,YJR031C,0,1.7630861,0.13024574518203735,0.8002322912216187,0.5343786478042603
YCR093W,YMR054W,0,1.7629135,0.13022112846374512,0.8002322912216187,0.5344947576522827
YDR146C,YNL122C,0,1.7624493,0.13019652664661407,0.8002322912216187,0.53461092710495
YHR079C,YEL056W,0,1.7616258,0.13017192482948303,0.8002322912216187,0.5347270369529724
YDL206W,YJL085W,0,1.7615397,0.13014733791351318,0.8002322912216187,0.5348432064056396
YOR304C-A,YBR129C,0,1.7613566,0.13012275099754333,0.8002322912216187,0.5349593758583069
YER101C,YER190W,0,1.7610178,0.13009819388389587,0.8002322912216187,0.5350754857063293
YGL256W,YPL208W,0,1.7604303,0.13007362186908722,0.8002322912216187,0.5351916551589966
YMR241W,YPR125W,1,1.7587492,0.13023783266544342,0.8013937473297119,0.5351916551589966
YER087W,YBR173C,0,1.7584352,0.13021324574947357,0.8013937473297119,0.535307765007019
YBL058W,YJR130C,0,1.7581377,0.13018867373466492,0.8013937473297119,0.5354239344596863
YMR276W,YMR065W,0,1.7568605,0.13016411662101746,0.8013937473297119,0.5355400443077087
YOR222W,YCL034W,0,1.7562618,0.1301395744085312,0.8013937473297119,0.535656213760376
YDR233C,YPL196W,0,1.7562044,0.13011503219604492,0.8013937473297119,0.5357723832130432
YJR078W,YER150W,0,1.7557256,0.13009050488471985,0.8013937473297119,0.5358884930610657
YKR002W,YNL138W,0,1.755527,0.13006597757339478,0.8013937473297119,0.5360046625137329
YDR498C,YNL192W,0,1.7546566,0.1300414651632309,0.8013937473297119,0.5361207723617554
YBR275C,YOR209C,0,1.7546043,0.13001695275306702,0.8013937473297119,0.5362369418144226
YBL112C,YBR141C,0,1.753952,0.12999247014522552,0.8013937473297119,0.5363530516624451
YGR221C,YEL070W,0,1.7534537,0.12996797263622284,0.8013937473297119,0.5364692211151123
YGR089W,YAL029C,0,1.7532156,0.12994350492954254,0.8013937473297119,0.5365853905677795
YOR147W,YDL142C,1,1.7526698,0.1301073282957077,0.8025551438331604,0.5365853905677795
YPR111W,YFR018C,0,1.7524416,0.13008283078670502,0.8025551438331604,0.536701500415802
YDL054C,YMR273C,0,1.7516265,0.13005834817886353,0.8025551438331604,0.5368176698684692
YMR020W,YLR016C,0,1.7512226,0.13003386557102203,0.8025551438331604,0.5369337797164917
YMR032W,YOR251C,0,1.7510216,0.13000941276550293,0.8025551438331604,0.5370499491691589
YPL011C,YNL239W,0,1.7495093,0.12998494505882263,0.8025551438331604,0.5371660590171814
YLL008W,YOR085W,0,1.7493927,0.12996050715446472,0.8025551438331604,0.5372822284698486
YKR008W,YLR300W,0,1.7492487,0.1299360692501068,0.8025551438331604,0.5373983979225159
YMR054W,YDL045C,0,1.7491045,0.1299116313457489,0.8025551438331604,0.5375145077705383
YAL060W,YGR134W,0,1.7489057,0.12988722324371338,0.8025551438331604,0.5376306772232056
YMR238W,YDR416W,0,1.7486498,0.12986281514167786,0.8025551438331604,0.537746787071228
YLR228C,YDL148C,0,1.748359,0.12983840703964233,0.8025551438331604,0.5378629565238953
YDR371W,YKL078W,0,1.7480693,0.129814013838768,0.8025551438331604,0.5379790663719177
YOR098C,YGR222W,0,1.74735,0.12978963553905487,0.8025551438331604,0.538095235824585
YCL074W,YOR212W,0,1.746495,0.12976525723934174,0.8025551438331604,0.5382114052772522
YPR001W,YGR185C,0,1.7458673,0.1297408938407898,0.8025551438331604,0.5383275151252747
YBR111W-A,YDL227C,0,1.7449763,0.12971654534339905,0.8025551438331604,0.5384436845779419
YLR305C,YPL244C,0,1.7441537,0.1296921968460083,0.8025551438331604,0.5385597944259644
YNL131W,YBR192W,1,1.7437692,0.12985551357269287,0.8037165999412537,0.5385597944259644
YBR067C,YER087C-B,0,1.7433469,0.12983115017414093,0.8037165999412537,0.5386759638786316
YJL178C,YOR180C,0,1.7430913,0.129806786775589,0.8037165999412537,0.538792073726654
YJR031C,YGL051W,0,1.7427313,0.12978243827819824,0.8037165999412537,0.5389082431793213
YOR219C,YGL259W,0,1.7425928,0.1297581046819687,0.8037165999412537,0.5390244126319885
YDL128W,YBL098W,0,1.7422981,0.12973378598690033,0.8037165999412537,0.539140522480011
YMR238W,YFL010W-A,0,1.7415981,0.12970946729183197,0.8037165999412537,0.5392566919326782
YMR179W,YPL259C,0,1.7404845,0.1296851634979248,0.8037165999412537,0.5393728017807007
YGL172W,YCL043C,0,1.7399855,0.12966085970401764,0.8037165999412537,0.5394889712333679
YIL177C,YGR118W,0,1.7396855,0.12963657081127167,0.8037165999412537,0.5396050810813904
YJL066C,YKL015W,0,1.7395785,0.1296122819185257,0.8037165999412537,0.5397212505340576
YOR159C,YNL297C,0,1.7391171,0.12958800792694092,0.8037165999412537,0.5398374199867249
YDR263C,YMR075W,0,1.7382147,0.12956374883651733,0.8037165999412537,0.5399535298347473
YPL180W,YJR133W,0,1.7376065,0.12953950464725494,0.8037165999412537,0.5400696992874146
YNR074C,YLR213C,0,1.7373216,0.12951526045799255,0.8037165999412537,0.540185809135437
YKL119C,YIL080W,0,1.7371538,0.12949101626873016,0.8037165999412537,0.5403019785881042
YKL097W-A,YAR035W,0,1.7368584,0.12946678698062897,0.8037165999412537,0.5404181480407715
YJR083C,YMR304W,0,1.7365153,0.12944257259368896,0.8037165999412537,0.540534257888794
YEL037C,YOR216C,0,1.7360892,0.12941835820674896,0.8037165999412537,0.5406504273414612
YJL124C,YFR018C,0,1.7360528,0.12939415872097015,0.8037165999412537,0.5407665371894836
YBR271W,YOR099W,0,1.7354071,0.12936997413635254,0.8037165999412537,0.5408827066421509
YNL208W,YBR061C,0,1.7349067,0.12934578955173492,0.8037165999412537,0.5409988164901733
YOR138C,YMR301C,0,1.7348671,0.1293216198682785,0.8037165999412537,0.5411149859428406
YJL004C,YPR152C,0,1.7348249,0.12929746508598328,0.8037165999412537,0.5412311553955078
YHR004C,YGR020C,0,1.7347012,0.12927331030368805,0.8037165999412537,0.5413472652435303
YMR005W,YBL112C,0,1.7345786,0.12924915552139282,0.8037165999412537,0.5414634346961975
YIL143C,YKR055W,0,1.7340586,0.12922503054141998,0.8037165999412537,0.54157954454422
YGL183C,YML039W,0,1.734019,0.12920089066028595,0.8037165999412537,0.5416957139968872
YGR229C,YPL208W,0,1.7335918,0.1291767805814743,0.8037165999412537,0.5418118238449097
YGR175C,YKL186C,0,1.7333579,0.12915267050266266,0.8037165999412537,0.5419279932975769
YBR260C,YLR305C,0,1.7326269,0.1291285753250122,0.8037165999412537,0.5420441627502441
YBR271W,YGR255C,0,1.7324007,0.12910448014736176,0.8037165999412537,0.5421602725982666
YBR177C,YDR205W,0,1.7322512,0.1290803998708725,0.8037165999412537,0.5422764420509338
YDL121C,YDR172W,0,1.731492,0.12905631959438324,0.8037165999412537,0.5423925518989563
YGR036C,YPL087W,0,1.7312136,0.12903225421905518,0.8037165999412537,0.5425087213516235
YBR177C,YLR033W,0,1.7308536,0.1290082037448883,0.8037165999412537,0.542624831199646
YPL007C,YGR229C,0,1.730191,0.12898415327072144,0.8037165999412537,0.5427410006523132
YJL225C,YML030W,0,1.729953,0.12896011769771576,0.8037165999412537,0.5428571701049805
YJR040W,YNL298W,0,1.7294853,0.12893609702587128,0.8037165999412537,0.5429732799530029
YEL070W,YGR185C,0,1.7289925,0.1289120763540268,0.8037165999412537,0.5430894494056702
YPL276W,YFR019W,0,1.7284203,0.1288880556821823,0.8037165999412537,0.5432055592536926
YOR147W,YER154W,1,1.7282686,0.12905028462409973,0.8048780560493469,0.5432055592536926
YLR113W,YBR172C,0,1.7280712,0.12902624905109406,0.8048780560493469,0.5433217287063599
YOR025W,YER130C,0,1.7280309,0.12900222837924957,0.8048780560493469,0.5434378385543823
YPR171W,YJR031C,0,1.7279892,0.12897822260856628,0.8048780560493469,0.5435540080070496
YDL217C,YNL079C,1,1.7279606,0.12914030253887177,0.8060395121574402,0.5435540080070496
YCL018W,YAL031C,0,1.7278047,0.12911628186702728,0.8060395121574402,0.5436701774597168
YJL155C,YOR285W,0,1.7273278,0.1290922611951828,0.8060395121574402,0.5437862873077393
YLR183C,YJL149W,0,1.7258317,0.1290682554244995,0.8060395121574402,0.5439024567604065
YML099C,YLR005W,0,1.7253368,0.12904424965381622,0.8060395121574402,0.544018566608429
YIL061C,YJL213W,0,1.7246044,0.12902025878429413,0.8060395121574402,0.5441347360610962
YDL121C,YPL064C,0,1.724397,0.12899628281593323,0.8060395121574402,0.5442508459091187
YBL041W,YPL002C,0,1.7242391,0.12897230684757233,0.8060395121574402,0.5443670153617859
YNL304W,YKL053C-A,1,1.7239606,0.1291341483592987,0.8072009086608887,0.5443670153617859
YGR281W,YFR018C,0,1.7226055,0.1291101574897766,0.8072009086608887,0.5444831848144531
YGR229C,YMR099C,0,1.7222474,0.1290861815214157,0.8072009086608887,0.5445992946624756
YJR151C,YBR276C,0,1.7217844,0.1290622055530548,0.8072009086608887,0.5447154641151428
YLR425W,YOL155C,0,1.721339,0.1290382444858551,0.8072009086608887,0.5448315739631653
YGR258C,YPL273W,0,1.7204378,0.1290142983198166,0.8072009086608887,0.5449477434158325
YBL011W,YNL092W,0,1.7204139,0.12899035215377808,0.8072009086608887,0.545063853263855
YLR447C,YPR200C,0,1.7203939,0.12896640598773956,0.8072009086608887,0.5451800227165222
YGL113W,YCR046C,0,1.7198617,0.12894248962402344,0.8072009086608887,0.5452961921691895
YIL020C,YOL107W,0,1.7198243,0.1289185732603073,0.8072009086608887,0.5454123020172119
YKR054C,YML056C,0,1.7191591,0.1288946568965912,0.8072009086608887,0.5455284714698792
YDR310C,YGR134W,0,1.7187161,0.12887075543403625,0.8072009086608887,0.5456445813179016
YPR024W,YNL026W,1,1.7185824,0.12903225421905518,0.8083623647689819,0.5456445813179016
YLR208W,YMR114C,0,1.7180934,0.12900833785533905,0.8083623647689819,0.5457607507705688
YIL159W,YGR027C,0,1.7177625,0.12898443639278412,0.8083623647689819,0.5458768606185913
YER098W,YGL094C,0,1.7177377,0.1289605349302292,0.8083623647689819,0.5459930300712585
YPR011C,YPR119W,0,1.7176492,0.12893664836883545,0.8083623647689819,0.5461091995239258
YGL026C,YPR091C,0,1.7173276,0.1289127618074417,0.8083623647689819,0.5462253093719482
YBL011W,YOR020C,0,1.7170155,0.12888889014720917,0.8083623647689819,0.5463414788246155
YMR123W,YNL175C,0,1.7167721,0.12886501848697662,0.8083623647689819,0.5464575886726379
YIL080W,YBR276C,0,1.715987,0.12884117662906647,0.8083623647689819,0.5465737581253052
YDR138W,YMR267W,0,1.715765,0.12881731986999512,0.8083623647689819,0.5466898679733276
YJL030W,YLR278C,0,1.7153952,0.12879349291324615,0.8083623647689819,0.5468060374259949
YDR405W,YFR031C,0,1.7150297,0.128769651055336,0.8083623647689819,0.5469222068786621
YFL033C,YGR134W,0,1.7144015,0.12874583899974823,0.8083623647689819,0.5470383167266846
YIL061C,YER190W,0,1.713491,0.12872202694416046,0.8083623647689819,0.5471544861793518
YGR113W,YMR065W,0,1.7134769,0.1286982297897339,0.8083623647689819,0.5472705960273743
YBR282W,YDR332W,0,1.7132525,0.1286744326353073,0.8083623647689819,0.5473867654800415
YLL041C,YJL060W,0,1.7119305,0.12865065038204193,0.8083623647689819,0.547502875328064
YDR476C,YHR082C,0,1.7112164,0.12862686812877655,0.8083623647689819,0.5476190447807312
YKR008W,YLL004W,0,1.7102423,0.12860310077667236,0.8083623647689819,0.5477352142333984
YGR012W,YKL022C,0,1.709513,0.12857934832572937,0.8083623647689819,0.5478513240814209
YJL144W,YKR006C,0,1.708751,0.12855559587478638,0.8083623647689819,0.5479674935340881
YOR323C,YDR260C,0,1.7086201,0.12853185832500458,0.8083623647689819,0.5480836033821106
YKL082C,YKL097W-A,0,1.708502,0.12850812077522278,0.8083623647689819,0.5481997728347778
YCR060W,YPR138C,0,1.7083664,0.12848439812660217,0.8083623647689819,0.5483158826828003
YBR006W,YIL132C,0,1.7083514,0.12846069037914276,0.8083623647689819,0.5484320521354675
YJR006W,YOL004W,0,1.7080498,0.12843698263168335,0.8083623647689819,0.5485482215881348
YLL051C,YLR151C,0,1.7063999,0.12841328978538513,0.8083623647689819,0.5486643314361572
YOR378W,YNL147W,0,1.7056067,0.12838959693908691,0.8083623647689819,0.5487805008888245
YCL074W,YEL041W,0,1.7055933,0.1283659189939499,0.8083623647689819,0.5488966107368469
YNR031C,YBR294W,0,1.7055657,0.12834224104881287,0.8083623647689819,0.5490127801895142
YMR301C,YJL206C,0,1.7055585,0.12831857800483704,0.8083623647689819,0.5491289496421814
YIL128W,YPR200C,0,1.7052,0.1282949298620224,0.8083623647689819,0.5492450594902039
YPR072W,YEL056W,0,1.7051537,0.12827128171920776,0.8083623647689819,0.5493612289428711
YHR059W,YMR210W,0,1.7050393,0.12824764847755432,0.8083623647689819,0.5494773387908936
YLR113W,YJR028W,0,1.7049768,0.12822403013706207,0.8083623647689819,0.5495935082435608
YHL027W,YGR027C,0,1.704848,0.12820041179656982,0.8083623647689819,0.5497096180915833
YKL022C,YKL015W,0,1.7042713,0.12817679345607758,0.8083623647689819,0.5498257875442505
YDR351W,YEL029C,0,1.7042615,0.12815319001674652,0.8083623647689819,0.5499419569969177
YBL028C,YPL087W,0,1.7041337,0.12812960147857666,0.8083623647689819,0.5500580668449402
YBL112C,YIL006W,0,1.7040133,0.1281060129404068,0.8083623647689819,0.5501742362976074
YKR020W,YPL011C,0,1.7036419,0.12808243930339813,0.8083623647689819,0.5502903461456299
YDL217C,YPR083W,1,1.7032607,0.1282428652048111,0.8095238208770752,0.5502903461456299
YHR077C,YOR261C,0,1.7029665,0.12821927666664124,0.8095238208770752,0.5504065155982971
YJL155C,YFL066C,0,1.7027314,0.12819570302963257,0.8095238208770752,0.5505226254463196
YOR142W,YCR026C,0,1.7022128,0.1281721293926239,0.8095238208770752,0.5506387948989868
YIL094C,YLR440C,0,1.7021854,0.12814855575561523,0.8095238208770752,0.550754964351654
YKR055W,YER138C,0,1.7018785,0.12812499701976776,0.8095238208770752,0.5508710741996765
YMR241W,YJL112W,1,1.7014606,0.1282852441072464,0.8106852769851685,0.5508710741996765
YJR005W,YKL175W,0,1.700825,0.12826167047023773,0.8106852769851685,0.5509872436523438
YKL186C,YDR332W,0,1.7003832,0.12823809683322906,0.8106852769851685,0.5511033535003662
YDL245C,YER101C,0,1.7002068,0.12821455299854279,0.8106852769851685,0.5512195229530334
YLR305C,YKR066C,0,1.7000699,0.1281909942626953,0.8106852769851685,0.5513356328010559
YPR011C,YML052W,0,1.6999862,0.12816746532917023,0.8106852769851685,0.5514518022537231
YFR013W,YJL071W,0,1.6992526,0.12814393639564514,0.8106852769851685,0.5515679717063904
YBL005W-B,YNL223W,0,1.6988485,0.12812040746212006,0.8106852769851685,0.5516840815544128
YDL133C-A,YCR002C,0,1.6987417,0.12809689342975616,0.8106852769851685,0.5518002510070801
YBR111W-A,YPL196W,0,1.6987162,0.12807339429855347,0.8106852769851685,0.5519163608551025
YBR278W,YGR276C,0,1.6984382,0.12804989516735077,0.8106852769851685,0.5520325303077698
YLR203C,YKL001C,0,1.6981552,0.12802641093730927,0.8106852769851685,0.5521486401557922
YIL021W,YLR005W,0,1.6969852,0.12800294160842896,0.8106852769851685,0.5522648096084595
YKL189W,YKR069W,0,1.6968827,0.12797945737838745,0.8106852769851685,0.5523809790611267
YDL028C,YGL183C,0,1.6966767,0.12795600295066833,0.8106852769851685,0.5524970889091492
YIL143C,YNL236W,0,1.696656,0.12793254852294922,0.8106852769851685,0.5526132583618164
YPL213W,YBL028C,0,1.6954687,0.1279091089963913,0.8106852769851685,0.5527293682098389
YPL131W,YBR172C,0,1.695404,0.12788566946983337,0.8106852769851685,0.5528455376625061
YPR198W,YLR016C,0,1.6949158,0.12786224484443665,0.8106852769851685,0.5529616475105286
YNL231C,YOR378W,0,1.6948984,0.1278388351202011,0.8106852769851685,0.5530778169631958
YMR049C,YDL133C-A,0,1.6948922,0.12781542539596558,0.8106852769851685,0.553193986415863
YOR216C,YLR389C,0,1.6940715,0.12779201567173004,0.8106852769851685,0.5533100962638855
YNL273W,YNL307C,0,1.6939771,0.1277686208486557,0.8106852769851685,0.5534262657165527
YBR223C,YPL167C,0,1.6936495,0.12774524092674255,0.8106852769851685,0.5535423755645752
YPR198W,YDR222W,0,1.6935592,0.1277218610048294,0.8106852769851685,0.5536585450172424
YDL227C,YDR476C,0,1.693547,0.12769849598407745,0.8106852769851685,0.5537746548652649
YBR271W,YKL203C,0,1.6935196,0.1276751458644867,0.8106852769851685,0.5538908243179321
YMR267W,YLR213C,0,1.6934848,0.12765179574489594,0.8106852769851685,0.5540069937705994
YJR026W,YER046W,0,1.6928673,0.12762844562530518,0.8106852769851685,0.5541231036186218
YAL031C,YLR088W,0,1.6927803,0.1276051253080368,0.8106852769851685,0.5542392730712891
YGL236C,YFL045C,0,1.6916902,0.12758179008960724,0.8106852769851685,0.5543553829193115
YKL020C,YDL040C,0,1.6910663,0.12755848467350006,0.8106852769851685,0.5544715523719788
YER117W,YDR353W,0,1.6904762,0.12753517925739288,0.8106852769851685,0.5545876622200012
YBR260C,YPR119W,0,1.690316,0.1275118738412857,0.8106852769851685,0.5547038316726685
YGR020C,YLR278C,0,1.6901348,0.12748858332633972,0.8106852769851685,0.5548200011253357
YPL112C,YDR508C,0,1.6897538,0.12746530771255493,0.8106852769851685,0.5549361109733582
YDL142C,YER125W,1,1.6896024,0.12762461602687836,0.8118466734886169,0.5549361109733582
YDR196C,YAL022C,0,1.6891761,0.12760131061077118,0.8118466734886169,0.5550522804260254
YDL245C,YER165W,0,1.6889257,0.1275780200958252,0.8118466734886169,0.5551683902740479
YNL131W,YER125W,1,1.6882634,0.12773722410202026,0.8130081295967102,0.5551683902740479
YDR473C,YBR026C,0,1.6875029,0.12771391868591309,0.8130081295967102,0.5552845597267151
YOR239W,YNL122C,0,1.6869345,0.1276906281709671,0.8130081295967102,0.5554006695747375
YDL142C,YER017C,1,1.6863947,0.12784971296787262,0.8141695857048035,0.5554006695747375
YDL029W,YLR163C,1,1.6855032,0.12800875306129456,0.815330982208252,0.5554006695747375
YOR311C,YLR145W,0,1.6843715,0.127985417842865,0.815330982208252,0.5555168390274048
YJR055W,YIL080W,0,1.6833775,0.12796208262443542,0.815330982208252,0.555633008480072
YER125W,YEL030W,1,1.6833122,0.128121018409729,0.8164924383163452,0.555633008480072
YLR270W,YKL015W,0,1.6829908,0.12809766829013824,0.8164924383163452,0.5557491183280945
YIL135C,YHR119W,0,1.6826942,0.12807433307170868,0.8164924383163452,0.5558652877807617
YKL003C,YER137C,0,1.6826108,0.1280509978532791,0.8164924383163452,0.5559813976287842
YDL206W,YBL085W,0,1.6819298,0.12802767753601074,0.8164924383163452,0.5560975670814514
YDR411C,YFL017W-A,0,1.6797981,0.12800437211990356,0.8164924383163452,0.5562136769294739
YER125W,YPR133W-A,1,1.6797459,0.12816311419010162,0.8176538944244385,0.5562136769294739
YJR036C,YDR476C,0,1.6792805,0.12813979387283325,0.8176538944244385,0.5563298463821411
YOR099W,YER168C,0,1.6781778,0.12811647355556488,0.8176538944244385,0.5564460158348083
YCR060W,YOR299W,0,1.677295,0.1280931532382965,0.8176538944244385,0.5565621256828308
YDR454C,YIL083C,0,1.6771488,0.12806986272335052,0.8176538944244385,0.556678295135498
YPR194C,YJL006C,0,1.6767418,0.12804655730724335,0.8176538944244385,0.5567944049835205
YNL223W,YJL029C,0,1.6761162,0.12802328169345856,0.8176538944244385,0.5569105744361877
YDR140W,YKR044W,0,1.6756835,0.12800000607967377,0.8176538944244385,0.5570266842842102
YOR304W,YOL107W,0,1.6753948,0.12797673046588898,0.8176538944244385,0.5571428537368774
YDL024C,YJL124C,0,1.6752837,0.12795346975326538,0.8176538944244385,0.5572590231895447
YDR499W,YMR039C,0,1.6745751,0.12793022394180298,0.8176538944244385,0.5573751330375671
YLR157C,YNR006W,0,1.6740282,0.12790697813034058,0.8176538944244385,0.5574913024902344
YAR027W,YCR026C,0,1.6726475,0.12788374722003937,0.8176538944244385,0.5576074123382568
YGR221C,YOL107W,0,1.6726427,0.12786051630973816,0.8176538944244385,0.5577235817909241
YER046W,YHR057C,0,1.6725013,0.12783730030059814,0.8176538944244385,0.5578396916389465
YMR315W,YDR229W,0,1.6704566,0.12781408429145813,0.8176538944244385,0.5579558610916138
YGR052W,YMR039C,0,1.6696856,0.1277908831834793,0.8176538944244385,0.558072030544281
YDR034C,YJL103C,0,1.6695757,0.12776769697666168,0.8176538944244385,0.5581881403923035
YJR107W,YHR060W,0,1.6695495,0.12774451076984406,0.8176538944244385,0.5583043098449707
YJR055W,YDR364C,0,1.6694243,0.12772133946418762,0.8176538944244385,0.5584204196929932
YJR147W,YHR004C,0,1.6691301,0.1276981681585312,0.8176538944244385,0.5585365891456604
YDR378C,YDR140W,0,1.6687016,0.12767501175403595,0.8176538944244385,0.5586527585983276
YJR021C,YOL004W,0,1.668566,0.1276518553495407,0.8176538944244385,0.5587688684463501
YPR135W,YBR061C,0,1.6683297,0.12762871384620667,0.8176538944244385,0.5588850378990173
YLR380W,YKL206C,0,1.6678956,0.1276055872440338,0.8176538944244385,0.5590011477470398
YBR294W,YLR359W,0,1.6676853,0.12758246064186096,0.8176538944244385,0.559117317199707
YDR411C,YHR135C,0,1.6676753,0.1275593340396881,0.8176538944244385,0.5592334270477295
YOR219C,YKL206C,0,1.6669061,0.12753623723983765,0.8176538944244385,0.5593495965003967
YKR036C,YNL079C,1,1.6667709,0.1276942640542984,0.8188153505325317,0.5593495965003967
YJL178C,YKL165C,0,1.6663513,0.12767113745212555,0.8188153505325317,0.559465765953064
YDL084W,YKR068C,0,1.664002,0.1276480108499527,0.8188153505325317,0.5595818758010864
YBR093C,YDR392W,0,1.6639221,0.12762491405010223,0.8188153505325317,0.5596980452537537
YGL236C,YDR332W,0,1.6629283,0.12760181725025177,0.8188153505325317,0.5598141551017761
YDR034C,YGL046W,0,1.6628802,0.1275787204504013,0.8188153505325317,0.5599303245544434
YJL144W,YPL065W,0,1.6625817,0.12755563855171204,0.8188153505325317,0.5600464344024658
YHR109W,YLR164W,0,1.6610053,0.12753255665302277,0.8188153505325317,0.5601626038551331
YGL186C,YOR222W,0,1.6605332,0.1275094896554947,0.8188153505325317,0.5602787733078003
YFR021W,YDR499W,0,1.660193,0.1274864375591278,0.8188153505325317,0.5603948831558228
YGR281W,YJL213W,0,1.6594324,0.12746338546276093,0.8188153505325317,0.56051105260849
YBL076C,YNL262W,0,1.6594048,0.12744034826755524,0.8188153505325317,0.5606271624565125
YER098W,YCL018W,0,1.6592581,0.12741731107234955,0.8188153505325317,0.5607433319091797
YNL138W-A,YJL124C,0,1.6589046,0.12739428877830505,0.8188153505325317,0.5608594417572021
YFR029W,YGL190C,0,1.6588497,0.12737126648426056,0.8188153505325317,0.5609756112098694
YOL129W,YDL045C,0,1.658721,0.12734825909137726,0.8188153505325317,0.5610917806625366
YGR252W,YMR077C,0,1.6584289,0.12732526659965515,0.8188153505325317,0.5612078905105591
YNL131W,YNL070W,1,1.6584184,0.1274828463792801,0.8199767470359802,0.5612078905105591
YKL078W,YLR278C,0,1.6581354,0.1274598240852356,0.8199767470359802,0.5613240599632263
YKL126W,YER190W,0,1.6580677,0.1274368166923523,0.8199767470359802,0.5614401698112488
YMR089C,YKR036C,1,1.6570857,0.12759429216384888,0.8211382031440735,0.5614401698112488
YMR194W,YBL076C,0,1.6567142,0.12757126986980438,0.8211382031440735,0.561556339263916
YKR036C,YGR112W,1,1.6564214,0.127728670835495,0.8222996592521667,0.561556339263916
YNL008C,YNR018W,0,1.6536744,0.1277056336402893,0.8222996592521667,0.5616724491119385
YIL143C,YNL297C,0,1.6527612,0.12768259644508362,0.8222996592521667,0.5617886185646057
YIL020C,YJL171C,0,1.6524007,0.12765957415103912,0.8222996592521667,0.561904788017273
YPL065W,YHR168W,0,1.6521478,0.12763656675815582,0.8222996592521667,0.5620208978652954
YGL169W,YDR392W,0,1.6519122,0.12761355936527252,0.8222996592521667,0.5621370673179626
YDL142C,YJL112W,1,1.6516554,0.12777076661586761,0.82346111536026,0.5621370673179626
YDL197C,YAL039C,0,1.6514792,0.12774774432182312,0.82346111536026,0.5622531771659851
YPR182W,YIL140W,0,1.6513474,0.12772473692893982,0.82346111536026,0.5623693466186523
YIL095W,YOR098C,0,1.6506209,0.12770172953605652,0.82346111536026,0.5624854564666748
YDR254W,YMR200W,0,1.6505039,0.1276787370443344,0.82346111536026,0.562601625919342
YPL276W,YPR119W,0,1.6502042,0.1276557445526123,0.82346111536026,0.5627177953720093
YCL032W,YOR162C,0,1.6501918,0.1276327669620514,0.82346111536026,0.5628339052200317
YLL012W,YPR163C,0,1.6492219,0.12760978937149048,0.82346111536026,0.562950074672699
YHR041C,YIL083C,0,1.6490734,0.12758682668209076,0.82346111536026,0.5630661845207214
YDL107W,YER154W,1,1.6484089,0.12774379551410675,0.8246225118637085,0.5630661845207214
YBL005W-B,YLR227W-B,0,1.6483486,0.12772081792354584,0.8246225118637085,0.5631823539733887
YGL004C,YLR042C,0,1.6477764,0.12769784033298492,0.8246225118637085,0.5632984638214111
YKL013C,YNL079C,1,1.6470604,0.12785470485687256,0.8257839679718018,0.5632984638214111
YBR150C,YKL161C,0,1.6454811,0.12783171236515045,0.8257839679718018,0.5634146332740784
YOR209C,YDR062W,0,1.6450031,0.12780873477458954,0.8257839679718018,0.5635308027267456
YGR282C,YLR224W,0,1.6440215,0.12778577208518982,0.8257839679718018,0.5636469125747681
YJL103C,YKL206C,0,1.6430182,0.1277628093957901,0.8257839679718018,0.5637630820274353
YDL107W,YDL198C,1,1.6429317,0.1279195100069046,0.826945424079895,0.5637630820274353
YIL080W,YFR036W,0,1.6428967,0.1278965324163437,0.826945424079895,0.5638791918754578
YMR019W,YFR001W,0,1.6425838,0.12787356972694397,0.826945424079895,0.563995361328125
YNL095C,YDR415C,0,1.6419716,0.12785060703754425,0.826945424079895,0.5641114711761475
YOL062C,YGL259W,0,1.641422,0.12782764434814453,0.826945424079895,0.5642276406288147
YMR241W,YKR036C,1,1.6413176,0.1279842108488083,0.8281068801879883,0.5642276406288147
YMR300C,YDR062W,0,1.6411161,0.12796123325824738,0.8281068801879883,0.5643438100814819
YDR332W,YBR061C,0,1.6410403,0.12793827056884766,0.8281068801879883,0.5644599199295044
YER049W,YMR227C,0,1.6409938,0.12791532278060913,0.8281068801879883,0.5645760893821716
YDR196C,YPL259C,0,1.6405175,0.1278923749923706,0.8281068801879883,0.5646921992301941
YLR213C,YNL219C,0,1.6398528,0.12786944210529327,0.8281068801879883,0.5648083686828613
YDR310C,YOR187W,0,1.6397076,0.12784650921821594,0.8281068801879883,0.5649244785308838
YFR029W,YNL262W,0,1.6394815,0.1278235912322998,0.8281068801879883,0.565040647983551
YBR042C,YIL035C,0,1.6394372,0.12780068814754486,0.8281068801879883,0.5651568174362183
YNL044W,YJR031C,0,1.6393166,0.12777778506278992,0.8281068801879883,0.5652729272842407
YKL022C,YGL148W,0,1.6388156,0.12775488197803497,0.8281068801879883,0.565389096736908
YAL063C,YIL083C,0,1.6386306,0.12773199379444122,0.8281068801879883,0.5655052065849304
YNL131W,YOR297C,1,1.6383915,0.12788823246955872,0.8292682766914368,0.5655052065849304
YGR077C,YKL130C,0,1.6378586,0.12786532938480377,0.8292682766914368,0.5656213760375977
YLR209C,YLR016C,0,1.6374936,0.12784244120121002,0.8292682766914368,0.5657374858856201
YLR429W,YMR239C,0,1.6372952,0.12781955301761627,0.8292682766914368,0.5658536553382874
YDR034C,YFR045W,0,1.6366491,0.12779666483402252,0.8292682766914368,0.5659698247909546
YKL161C,YHL027W,0,1.6365182,0.12777380645275116,0.8292682766914368,0.566085934638977
YJL034W,YKR006C,0,1.6363254,0.1277509331703186,0.8292682766914368,0.5662021040916443
YGR077C,YOL004W,0,1.6360767,0.12772808969020844,0.8292682766914368,0.5663182139396667
YPL276W,YIL095W,0,1.6355896,0.12770524621009827,0.8292682766914368,0.566434383392334
YOL142W,YML097C,0,1.635356,0.1276824027299881,0.8292682766914368,0.5665504932403564
YNR074C,YNL307C,0,1.635309,0.12765957415103912,0.8292682766914368,0.5666666626930237
YLL002W,YDR062W,0,1.6348298,0.12763676047325134,0.8292682766914368,0.5667828321456909
YPR011C,YMR308C,0,1.6342552,0.12761394679546356,0.8292682766914368,0.5668989419937134
YOL010W,YNL309W,0,1.6341202,0.12759113311767578,0.8292682766914368,0.5670151114463806
YNR004W,YFL054C,0,1.6337936,0.1275683343410492,0.8292682766914368,0.5671312212944031
YER154W,YER125W,1,1.6335306,0.12772418558597565,0.83042973279953,0.5671312212944031
YMR176W,YOR299W,0,1.6334655,0.12770137190818787,0.83042973279953,0.5672473907470703
YMR013C,YGL226C-A,0,1.6334391,0.12767857313156128,0.83042973279953,0.5673635601997375
YPL276W,YGR216C,0,1.6333792,0.1276557743549347,0.83042973279953,0.56747967004776
YER138C,YDL045C,0,1.632621,0.1276329904794693,0.83042973279953,0.5675958395004272
YHL012W,YHR109W,0,1.6312659,0.1276102066040039,0.83042973279953,0.5677119493484497
YGL241W,YJR103W,0,1.6303866,0.1275874376296997,0.83042973279953,0.5678281188011169
YOR291W,YPL104W,0,1.6295767,0.1275646686553955,0.83042973279953,0.5679442286491394
YOR323C,YDR473C,0,1.6295323,0.1275419145822525,0.83042973279953,0.5680603981018066
YLL043W,YGL259W,0,1.6294358,0.1275191754102707,0.83042973279953,0.5681765675544739
YKL168C,YGL216W,0,1.629319,0.12749643623828888,0.83042973279953,0.5682926774024963
YML049C,YLL061W,0,1.6291051,0.12747369706630707,0.83042973279953,0.5684088468551636
YJL012C-A,YKL180W,0,1.6289792,0.12745098769664764,0.83042973279953,0.568524956703186
YMR054W,YDR151C,0,1.6287367,0.12742826342582703,0.83042973279953,0.5686411261558533
YGL220W,YLR348C,0,1.6283269,0.1274055540561676,0.83042973279953,0.5687572360038757
YMR019W,YOR212W,0,1.627805,0.12738285958766937,0.83042973279953,0.568873405456543
YNL223W,YLR300W,0,1.6266956,0.12736016511917114,0.83042973279953,0.5689895749092102
YML080W,YKR102W,0,1.6266956,0.1273374855518341,0.83042973279953,0.5691056847572327
YBR281C,YAL029C,0,1.6262164,0.12731482088565826,0.83042973279953,0.5692218542098999
YML030W,YHR058C,0,1.6260486,0.12729215621948242,0.83042973279953,0.5693379640579224
YMR117C,YPL094C,0,1.6258748,0.12726949155330658,0.83042973279953,0.5694541335105896
YLR305C,YML132W,0,1.6258731,0.12724684178829193,0.83042973279953,0.5695702433586121
YNR004W,YDR497C,0,1.6256676,0.12722419202327728,0.83042973279953,0.5696864128112793
YNL127W,YOR382W,0,1.6255836,0.12720157206058502,0.83042973279953,0.5698025822639465
YGL162W,YDR410C,0,1.6242676,0.12717893719673157,0.83042973279953,0.569918692111969
YGL037C,YML132W,0,1.6242182,0.1271563172340393,0.83042973279953,0.5700348615646362
YJR028W,YMR193W,0,1.6239064,0.12713371217250824,0.83042973279953,0.5701509714126587
YCL043C,YMR180C,0,1.6237028,0.12711110711097717,0.83042973279953,0.5702671408653259
YJR092W,YIL083C,0,1.6236882,0.1270885169506073,0.83042973279953,0.5703832507133484
YKL074C,YMR046C,0,1.6230719,0.12706592679023743,0.83042973279953,0.5704994201660156
YOL082W,YOR148C,0,1.6230385,0.12704335153102875,0.83042973279953,0.5706155896186829
YJR031C,YLR042C,0,1.6229103,0.12702079117298126,0.83042973279953,0.5707316994667053
YHR005C-A,YNL121C,1,1.6226053,0.12717583775520325,0.8315911889076233,0.5707316994667053
YBL026W,YOR338W,0,1.6225007,0.12715326249599457,0.8315911889076233,0.5708478689193726
YIL142W,YJL085W,0,1.622329,0.1271306872367859,0.8315911889076233,0.570963978767395
YFR029W,YGR143W,0,1.6221061,0.1271081119775772,0.8315911889076233,0.5710801482200623
YER098W,YHR132C,0,1.6220844,0.12708555161952972,0.8315911889076233,0.5711962580680847
YMR321C,YPR119W,0,1.621608,0.12706300616264343,0.8315911889076233,0.571312427520752
YJR055W,YBR182C,0,1.6215127,0.12704046070575714,0.8315911889076233,0.5714285969734192
YDR254W,YKL074C,0,1.6214268,0.12701791524887085,0.8315911889076233,0.5715447068214417
YJL117W,YNL219C,0,1.6208918,0.12699538469314575,0.8315911889076233,0.5716608762741089
YIL177C,YMR159C,0,1.6205442,0.12697286903858185,0.8315911889076233,0.5717769861221313
YNL107W,YIR018W,0,1.6200778,0.12695035338401794,0.8315911889076233,0.5718931555747986
YBR081C,YGL170C,0,1.6191354,0.12692785263061523,0.8315911889076233,0.572009265422821
YNL304W,YNL026W,1,1.6190212,0.12708260118961334,0.8327525854110718,0.572009265422821
YEL053C,YLR187W,0,1.6188595,0.12706007063388824,0.8327525854110718,0.5721254348754883
YIL134W,YGR089W,0,1.6174309,0.12703755497932434,0.8327525854110718,0.5722416043281555
YCL018W,YLL033W,0,1.6170666,0.12701505422592163,0.8327525854110718,0.572357714176178
YGR251W,YOL165C,0,1.6170363,0.12699256837368011,0.8327525854110718,0.5724738836288452
YGR177C,YOL040C,0,1.616678,0.1269700676202774,0.8327525854110718,0.5725899934768677
YFL054C,YER190W,0,1.6165984,0.12694759666919708,0.8327525854110718,0.5727061629295349
YAL060W,YOL057W,0,1.6162059,0.12692512571811676,0.8327525854110718,0.5728222727775574
YOR378W,YOR148C,0,1.6149259,0.12690265476703644,0.8327525854110718,0.5729384422302246
YLL003W,YHR039C-A,0,1.6146207,0.1268801987171173,0.8327525854110718,0.5730546116828918
YEL043W,YJL176C,0,1.6136067,0.12685774266719818,0.8327525854110718,0.5731707215309143
YJR119C,YGL051W,0,1.6134806,0.12683530151844025,0.8327525854110718,0.5732868909835815
YKR006C,YLL043W,0,1.6134596,0.1268128752708435,0.8327525854110718,0.573403000831604
YGL019W,YPR163C,0,1.6133826,0.12679044902324677,0.8327525854110718,0.5735191702842712
YKL174C,YDR416W,0,1.6128144,0.12676803767681122,0.8327525854110718,0.5736352801322937
YLR447C,YLR157C,0,1.6124239,0.12674562633037567,0.8327525854110718,0.5737514495849609
YNR004W,YCR052W,0,1.6122687,0.12672322988510132,0.8327525854110718,0.5738676190376282
YPL223C,YNL267W,0,1.6108909,0.12670083343982697,0.8327525854110718,0.5739837288856506
YLR107W,YER090W,0,1.6108251,0.1266784518957138,0.8327525854110718,0.5740998983383179
YLR113W,YFR052W,0,1.6104805,0.12665607035160065,0.8327525854110718,0.5742160081863403
YLR391W-A,YBR243C,0,1.609822,0.12663370370864868,0.8327525854110718,0.5743321776390076
YKL090W,YJR082C,0,1.6095195,0.12661133706569672,0.8327525854110718,0.57444828748703
YFR031C,YPL252C,0,1.6093922,0.12658898532390594,0.8327525854110718,0.5745644569396973
YPR119W,YLR088W,0,1.608814,0.12656663358211517,0.8327525854110718,0.5746806263923645
YJL114W,YPL110C,0,1.6079211,0.1265442967414856,0.8327525854110718,0.574796736240387
YMR168C,YGL236C,0,1.6072361,0.1265219748020172,0.8327525854110718,0.5749129056930542
YER125W,YGR112W,1,1.6070161,0.12667608261108398,0.833914041519165,0.5749129056930542
YOL026C,YBR192W,1,1.6064589,0.12683013081550598,0.8350754976272583,0.5749129056930542
YJR127C,YLR386W,0,1.6058779,0.12680776417255402,0.8350754976272583,0.5750290155410767
YJL194W,YKL015W,0,1.6056345,0.12678539752960205,0.8350754976272583,0.5751451849937439
YOL141W,YPL065W,0,1.6055584,0.12676304578781128,0.8350754976272583,0.5752612948417664
YKR055W,YKL001C,0,1.6053503,0.1267407089471817,0.8350754976272583,0.5753774642944336
YMR013C,YPR113W,0,1.6050932,0.12671835720539093,0.8350754976272583,0.5754936337471008
YDR530C,YHR039C-A,0,1.6048307,0.12669603526592255,0.8350754976272583,0.5756097435951233
YER101C,YHR039C-A,0,1.6039965,0.12667371332645416,0.8350754976272583,0.5757259130477905
YKR036C,YKL053C-A,1,1.6035807,0.12682755291461945,0.8362369537353516,0.5757259130477905
YER103W,YDR240C,0,1.6033239,0.12680521607398987,0.8362369537353516,0.575842022895813
YBR195C,YJR040W,0,1.6027586,0.1267828792333603,0.8362369537353516,0.5759581923484802
YPR091C,YGR134W,0,1.6024206,0.1267605572938919,0.8362369537353516,0.5760743618011475
YBR195C,YKR044W,0,1.6015079,0.12673825025558472,0.8362369537353516,0.5761904716491699
YNR006W,YLR151C,0,1.6012573,0.12671594321727753,0.8362369537353516,0.5763066411018372
YDR079W,YBR192W,1,1.6005592,0.12686960399150848,0.8373983502388,0.5763066411018372
YDL142C,YNR035C,1,1.6000719,0.12702322006225586,0.8385598063468933,0.5763066411018372
YEL069C,YPR152C,0,1.5997045,0.12700088322162628,0.8385598063468933,0.5764227509498596
YNL281W,YGR113W,0,1.599669,0.1269785463809967,0.8385598063468933,0.5765389204025269
YOL066C,YMR077C,0,1.5993288,0.12695620954036713,0.8385598063468933,0.5766550302505493
YDL246C,YKL166C,0,1.5987623,0.12693390250205994,0.8385598063468933,0.5767711997032166
YDR451C,YNL032W,0,1.5984709,0.12691158056259155,0.8385598063468933,0.5768873691558838
YGR118W,YPL065W,0,1.5982957,0.12688927352428436,0.8385598063468933,0.5770034790039062
YGL259W,YCR002C,0,1.5974481,0.12686698138713837,0.8385598063468933,0.5771196484565735
YPR171W,YFL048C,0,1.5973177,0.12684468924999237,0.8385598063468933,0.577235758304596
YOR323C,YMR180C,0,1.5972452,0.12682241201400757,0.8385598063468933,0.5773519277572632
YDL055C,YLR073C,0,1.5972013,0.12680013477802277,0.8385598063468933,0.5774680376052856
YGR085C,YDL040C,0,1.5972006,0.12677787244319916,0.8385598063468933,0.5775842070579529
YER151C,YCL057W,0,1.5969524,0.12675562500953674,0.8385598063468933,0.5777003765106201
YPL147W,YGR246C,0,1.5967653,0.12673336267471313,0.8385598063468933,0.5778164863586426
YNL273W,YLR164W,0,1.596653,0.12671113014221191,0.8385598063468933,0.5779326558113098
YKL190W,YLR224W,0,1.5965145,0.1266888976097107,0.8385598063468933,0.5780487656593323
YOR304C-A,YGR285C,0,1.5960484,0.12666666507720947,0.8385598063468933,0.5781649351119995
YEL052W,YGR251W,0,1.5959957,0.12664444744586945,0.8385598063468933,0.578281044960022
YHR069C,YGR258C,0,1.5950298,0.1266222447156906,0.8385598063468933,0.5783972144126892
YNL070W,YNL121C,1,1.5945106,0.12677538394927979,0.8397212624549866,0.5783972144126892
YDR473C,YLR073C,0,1.5944355,0.12675315141677856,0.8397212624549866,0.5785133838653564
YMR272C,YDR207C,0,1.5941696,0.12673093378543854,0.8397212624549866,0.5786294937133789
YMR054W,YDL035C,0,1.5941536,0.1267087310552597,0.8397212624549866,0.5787456631660461
YLR440C,YLR130C,0,1.5938339,0.12668652832508087,0.8397212624549866,0.5788617730140686
YLR183C,YEL043W,0,1.5935607,0.12666432559490204,0.8397212624549866,0.5789779424667358
YIL094C,YGR216C,0,1.5934453,0.1266421377658844,0.8397212624549866,0.5790940523147583
YJL114W,YDL059C,0,1.5930378,0.12661996483802795,0.8397212624549866,0.5792102217674255
YLR425W,YCR011C,0,1.5929434,0.1265977919101715,0.8397212624549866,0.5793263912200928
YER125W,YNL304W,1,1.5928984,0.12675070762634277,0.8408827185630798,0.5793263912200928
YMR228W,YOR393W,0,1.592334,0.12672851979732513,0.8408827185630798,0.5794425010681152
YBR150C,YER138C,0,1.5912223,0.1267063319683075,0.8408827185630798,0.5795586705207825
YJL112W,YNL304W,1,1.5910237,0.1268591433763504,0.8420441150665283,0.5795586705207825
YHR012W,YOR287C,0,1.5907769,0.12683695554733276,0.8420441150665283,0.5796747803688049
YKL170W,YOL107W,0,1.5907192,0.12681476771831512,0.8420441150665283,0.5797909498214722
YIL002C,YHR039C-A,0,1.5903401,0.12679257988929749,0.8420441150665283,0.5799070596694946
YBR183W,YMR114C,0,1.5889494,0.12677040696144104,0.8420441150665283,0.5800232291221619
YBR096W,YBR072W,0,1.5889301,0.1267482489347458,0.8420441150665283,0.5801393985748291
YMR038C,YPL110C,0,1.5888996,0.12672609090805054,0.8420441150665283,0.5802555084228516
YOR297C,YPR133W-A,1,1.5887921,0.12687870860099792,0.8432055711746216,0.5802555084228516
YOL142W,YBR118W,0,1.588089,0.12685655057430267,0.8432055711746216,0.5803716778755188
YMR093W,YDR415C,0,1.5878971,0.12683437764644623,0.8432055711746216,0.5804877877235413
YDL217C,YDR470C,1,1.5878229,0.12698690593242645,0.8443670272827148,0.5804877877235413
YJR010W,YOR222W,0,1.5875514,0.1269647181034088,0.8443670272827148,0.5806039571762085
YLR024C,YER171W,0,1.5873182,0.12694256007671356,0.8443670272827148,0.580720067024231
YKR103W,YPL110C,0,1.586714,0.12692038714885712,0.8443670272827148,0.5808362364768982
YKL119C,YKL082C,0,1.5866599,0.12689824402332306,0.8443670272827148,0.5809524059295654
YJL178C,YKL210W,0,1.5865107,0.1268760859966278,0.8443670272827148,0.5810685157775879
YDR034C,YDL045W-A,0,1.5863571,0.12685395777225494,0.8443670272827148,0.5811846852302551
YKL007W,YHR079C,0,1.5854335,0.1268318146467209,0.8443670272827148,0.5813007950782776
YKL161C,YLR224W,0,1.5853579,0.12680970132350922,0.8443670272827148,0.5814169645309448
YOL028C,YIL017W,0,1.5848672,0.12678758800029755,0.8443670272827148,0.5815330743789673
YKL174C,YIL080W,0,1.584739,0.12676547467708588,0.8443670272827148,0.5816492438316345
YCL003W,YKR101W,0,1.58423,0.1267433762550354,0.8443670272827148,0.5817654132843018
YPR189W,YIL076W,0,1.5837727,0.12672127783298492,0.8443670272827148,0.5818815231323242
YFR029W,YLL061W,0,1.5837026,0.12669919431209564,0.8443670272827148,0.5819976925849915
YGR175C,YML132W,0,1.582897,0.12667712569236755,0.8443670272827148,0.5821138024330139
YER151C,YOR098C,0,1.5824718,0.12665505707263947,0.8443670272827148,0.5822299718856812
YKL015W,YFL023W,0,1.5821018,0.12663298845291138,0.8443670272827148,0.5823460817337036
YNL102W,YDR389W,0,1.581795,0.12661093473434448,0.8443670272827148,0.5824622511863708
YPL131W,YLR321C,0,1.5813498,0.12658889591693878,0.8443670272827148,0.5825784206390381
YMR227C,YFR019W,0,1.58131,0.12656685709953308,0.8443670272827148,0.5826945304870605
YKR002W,YMR160W,0,1.5812628,0.12654481828212738,0.8443670272827148,0.5828106999397278
YIL135C,YER137C,0,1.5808227,0.12652279436588287,0.8443670272827148,0.5829268097877502
YJR057W,YOR212W,0,1.5805972,0.12650078535079956,0.8443670272827148,0.5830429792404175
YER125W,YMR203W,1,1.5801678,0.12665274739265442,0.8455284833908081,0.5830429792404175
YBR006W,YDR260C,0,1.5801258,0.1266307234764099,0.8455284833908081,0.5831590890884399
YLL008W,YPL094C,0,1.5799901,0.1266086995601654,0.8455284833908081,0.5832752585411072
YKR020W,YHR039C-A,0,1.5793452,0.1265866756439209,0.8455284833908081,0.5833914279937744
YLR300W,YPL011C,0,1.5793159,0.12656466662883759,0.8455284833908081,0.5835075378417969
YNL026W,YPR125W,1,1.57901,0.1267164945602417,0.8466898798942566,0.5835075378417969
YNL182C,YGR089W,0,1.5768089,0.1266944706439972,0.8466898798942566,0.5836237072944641
YGR225W,YJR112W,0,1.5765224,0.12667246162891388,0.8466898798942566,0.5837398171424866
YFR031C,YDL070W,0,1.5755856,0.12665045261383057,0.8466898798942566,0.5838559865951538
YGR221C,YNL182C,0,1.5754106,0.12662845849990845,0.8466898798942566,0.5839720964431763
YIL134W,YKL094W,0,1.5750053,0.12660646438598633,0.8466898798942566,0.5840882658958435
YHR214C-B,YPL259C,0,1.5745509,0.1265844702720642,0.8466898798942566,0.5842044353485107
YDR245W,YMR114C,0,1.5745316,0.12656250596046448,0.8466898798942566,0.5843205451965332
YGR175C,YOR298W,0,1.5736198,0.12654052674770355,0.8466898798942566,0.5844367146492004
YBR183W,YNL208W,0,1.5735917,0.12651857733726501,0.8466898798942566,0.5845528244972229
YMR238W,YNR072W,0,1.5730143,0.12649661302566528,0.8466898798942566,0.5846689939498901
YPL213W,YPR162C,0,1.572551,0.12647466361522675,0.8466898798942566,0.5847851037979126
YER117W,YBR118W,0,1.571904,0.1264527291059494,0.8466898798942566,0.5849012732505798
YLR208W,YPL208W,0,1.571706,0.12643079459667206,0.8466898798942566,0.5850174427032471
YFR021W,YLR440C,0,1.5706706,0.1264088749885559,0.8466898798942566,0.5851335525512695
YAL054C,YNR067C,0,1.5705905,0.12638695538043976,0.8466898798942566,0.5852497220039368
YKL170W,YJL176C,0,1.5705261,0.1263650506734848,0.8466898798942566,0.5853658318519592
YDR026C,YPL150W,0,1.5702167,0.12634316086769104,0.8466898798942566,0.5854820013046265
YGR085C,YKL174C,0,1.5697253,0.12632125616073608,0.8466898798942566,0.5855981707572937
YCR093W,YNL032W,0,1.5697026,0.12629938125610352,0.8466898798942566,0.5857142806053162
YFR013W,YKL168C,0,1.5693662,0.12627749145030975,0.8466898798942566,0.5858304500579834
YNL084C,YBR238C,0,1.568866,0.12625563144683838,0.8466898798942566,0.5859465599060059
YKL061W,YBL085W,0,1.5683997,0.126233771443367,0.8466898798942566,0.5860627293586731
YLR291C,YIL046W,0,1.5676942,0.12621191143989563,0.8466898798942566,0.5861788392066956
YLR452C,YIL094C,0,1.5673552,0.12619006633758545,0.8466898798942566,0.5862950086593628
YLL017W,YLR145W,0,1.5673051,0.12616822123527527,0.8466898798942566,0.58641117811203
YDR090C,YHR061C,0,1.5669074,0.12614639103412628,0.8466898798942566,0.5865272879600525
YMR019W,YIL095W,0,1.5666957,0.1261245608329773,0.8466898798942566,0.5866434574127197
YBR195C,YNR015W,0,1.5666659,0.1261027455329895,0.8466898798942566,0.5867595672607422
YNL095C,YJL071W,0,1.5664082,0.1260809451341629,0.8466898798942566,0.5868757367134094
YPR024W,YPR125W,1,1.5662236,0.1262320578098297,0.8478513360023499,0.5868757367134094
YOL145C,YMR179W,0,1.5660014,0.12621024250984192,0.8478513360023499,0.5869918465614319
YER013W,YJR078W,0,1.5659182,0.12618841230869293,0.8478513360023499,0.5871080160140991
YGL113W,YPL208W,0,1.5656781,0.12616661190986633,0.8478513360023499,0.5872241854667664
YJR151C,YDL206W,0,1.5654066,0.12614481151103973,0.8478513360023499,0.5873402953147888
YGL186C,YDL121C,0,1.5653372,0.12612301111221313,0.8478513360023499,0.587456464767456
YOR291W,YAL024C,0,1.5652039,0.12610122561454773,0.8478513360023499,0.5875725746154785
YMR032W,YJL053W,0,1.5646667,0.12607944011688232,0.8478513360023499,0.5876887440681458
YDL107W,YNL079C,1,1.564426,0.1262303590774536,0.8490127921104431,0.5876887440681458
YMR046C,YNL302C,0,1.5641286,0.12620855867862701,0.8490127921104431,0.5878048539161682
YCR087C-A,YDL077C,0,1.5636804,0.1261867731809616,0.8490127921104431,0.5879210233688354
YGR036C,YOR204W,0,1.5626631,0.1261650025844574,0.8490127921104431,0.5880371928215027
YJR032W,YDR229W,0,1.5617957,0.12614323198795319,0.8490127921104431,0.5881533026695251
YHR056C,YBR080C,0,1.5614784,0.12612146139144897,0.8490127921104431,0.5882694721221924
YML056C,YMR034C,0,1.5612156,0.12609970569610596,0.8490127921104431,0.5883855819702148
YDR254W,YDL045C,0,1.5608342,0.12607796490192413,0.8490127921104431,0.5885017514228821
YLR429W,YNL307C,0,1.5604708,0.12605620920658112,0.8490127921104431,0.5886178612709045
YKR036C,YNR017W,1,1.5603473,0.1262068897485733,0.8501741886138916,0.5886178612709045
YPR011C,YJR092W,0,1.5603311,0.12618513405323029,0.8501741886138916,0.5887340307235718
YIL061C,YCL032W,0,1.5599656,0.12616339325904846,0.8501741886138916,0.588850200176239
YOR147W,YPR133W-A,1,1.5597248,0.1263139694929123,0.8513356447219849,0.588850200176239
YIL061C,YPR060C,0,1.558917,0.12629221379756927,0.8513356447219849,0.5889663100242615
YCL036W,YDL128W,0,1.5588562,0.12627045810222626,0.8513356447219849,0.5890824794769287
YDR144C,YPR080W,0,1.5582955,0.12624870240688324,0.8513356447219849,0.5891985893249512
YLR395C,YBL028C,0,1.5581212,0.12622696161270142,0.8513356447219849,0.5893147587776184
YLR440C,YOR294W,0,1.5576789,0.1262052357196808,0.8513356447219849,0.5894308686256409
YIL170W,YPL007C,0,1.5568955,0.12618350982666016,0.8513356447219849,0.5895470380783081
YNL261W,YOR279C,0,1.5556531,0.12616178393363953,0.8513356447219849,0.5896632075309753
YCL004W,YGR143W,0,1.5542533,0.1261400729417801,0.8513356447219849,0.5897793173789978
YJL081C,YBR141C,0,1.5533445,0.12611837685108185,0.8513356447219849,0.589895486831665
YJL030W,YPR138C,0,1.5532901,0.1260966807603836,0.8513356447219849,0.5900115966796875
YGR085C,YNL032W,0,1.5525844,0.12607498466968536,0.8513356447219849,0.5901277661323547
YMR087W,YDL047W,0,1.5516133,0.12605330348014832,0.8513356447219849,0.5902438759803772
YER008C,YLR209C,0,1.5510368,0.12603163719177246,0.8513356447219849,0.5903600454330444
YBR182C,YPL129W,0,1.5509055,0.1260099709033966,0.8513356447219849,0.5904762148857117
YOR147W,YOL026C,1,1.5506427,0.12616018950939178,0.8524971008300781,0.5904762148857117
YLR043C,YMR046C,0,1.5505061,0.12613850831985474,0.8524971008300781,0.5905923247337341
YPL139C,YJL144W,0,1.5503547,0.12611684203147888,0.8524971008300781,0.5907084941864014
YDL140C,YNR015W,0,1.5499365,0.12609517574310303,0.8524971008300781,0.5908246040344238
YDR494W,YOR353C,0,1.5488179,0.12607350945472717,0.8524971008300781,0.5909407734870911
YGL026C,YOL043C,0,1.5488048,0.1260518580675125,0.8524971008300781,0.5910568833351135
YDL054C,YML097C,0,1.5471418,0.12603022158145905,0.8524971008300781,0.5911730527877808
YNL085W,YDR076W,0,1.5471144,0.12600858509540558,0.8524971008300781,0.591289222240448
YGL212W,YPR127W,0,1.5469787,0.1259869486093521,0.8524971008300781,0.5914053320884705
YEL052W,YOL112W,0,1.5467341,0.12596532702445984,0.8524971008300781,0.5915215015411377
YBR182C,YDR498C,0,1.5465074,0.12594372034072876,0.8524971008300781,0.5916376113891602
YDR457W,YJL124C,0,1.5458918,0.12592211365699768,0.8524971008300781,0.5917537808418274
YKR036C,YJR034W,1,1.5457537,0.12607203423976898,0.8536585569381714,0.5917537808418274
YLR404W,YGL190C,0,1.545691,0.1260504275560379,0.8536585569381714,0.5918698906898499
YGR216C,YPL087W,0,1.5447412,0.12602880597114563,0.8536585569381714,0.5919860601425171
YOR297C,YOL026C,1,1.5438902,0.12617863714694977,0.8548199534416199,0.5919860601425171
YDR082W,YDR518W,0,1.5436628,0.1261570155620575,0.8548199534416199,0.5921022295951843
YDR164C,YLL033W,0,1.5433853,0.12613539397716522,0.8548199534416199,0.5922183394432068
YJR119C,YBR096W,0,1.5429227,0.12611377239227295,0.8548199534416199,0.592334508895874
YOR099W,YMR159C,0,1.54265,0.12609216570854187,0.8548199534416199,0.5924506187438965
YBR080C,YBR282W,0,1.5425711,0.12607057392597198,0.8548199534416199,0.5925667881965637
YDR499W,YNR072W,0,1.5424182,0.1260489821434021,0.8548199534416199,0.5926828980445862
YEL062W,YOR327C,0,1.5417287,0.12602739036083221,0.8548199534416199,0.5927990674972534
YEL069C,YJR036C,0,1.5414052,0.12600581347942352,0.8548199534416199,0.5929152369499207
YPR111W,YOR338W,0,1.5413287,0.12598425149917603,0.8548199534416199,0.5930313467979431
YHR069C,YNL208W,0,1.5410199,0.12596268951892853,0.8548199534416199,0.5931475162506104
YBL112C,YDR457W,0,1.5408432,0.12594114243984222,0.8548199534416199,0.5932636260986328
YNL084C,YIL080W,0,1.5402412,0.12591959536075592,0.8548199534416199,0.5933797955513
YEL070W,YML109W,0,1.5399098,0.12589804828166962,0.8548199534416199,0.5934959053993225
YFR018C,YHR059W,0,1.5397897,0.1258765161037445,0.8548199534416199,0.5936120748519897
YCL074W,YOR298W,0,1.5396101,0.1258549988269806,0.8548199534416199,0.593728244304657
YOR142W-B,YHR109W,0,1.5387266,0.12583348155021667,0.8548199534416199,0.5938443541526794
YGL237C,YKL171W,0,1.5379739,0.12581196427345276,0.8548199534416199,0.5939605236053467
YDR076W,YNL267W,0,1.5374737,0.12579046189785004,0.8548199534416199,0.5940766334533691
YCL024W,YHR051W,0,1.537087,0.1257689744234085,0.8548199534416199,0.5941928029060364
YBR243C,YLR073C,0,1.536546,0.12574748694896698,0.8548199534416199,0.5943089723587036
YGR109W-B,YPR060C,0,1.5363116,0.12572599947452545,0.8548199534416199,0.5944250822067261
YER022W,YOR209C,0,1.5354862,0.12570452690124512,0.8548199534416199,0.5945412516593933
YLR182W,YGL010W,0,1.5351489,0.12568305432796478,0.8548199534416199,0.5946573615074158
YNL172W,YGL113W,0,1.5347552,0.12566159665584564,0.8548199534416199,0.594773530960083
YHR119W,YKL124W,0,1.534359,0.1256401538848877,0.8548199534416199,0.5948896408081055
YGR095C,YGR179C,0,1.5337389,0.12561871111392975,0.8548199534416199,0.5950058102607727
YMR321C,YKR026C,0,1.5331783,0.1255972683429718,0.8548199534416199,0.5951219797134399
YER151C,YIL170W,0,1.5331042,0.12557584047317505,0.8548199534416199,0.5952380895614624
YBR042C,YDL208W,0,1.5329676,0.1255544126033783,0.8548199534416199,0.5953542590141296
YIL143C,YIL021W,0,1.532671,0.12553299963474274,0.8548199534416199,0.5954703688621521
YPR113W,YLR183C,0,1.5326095,0.12551160156726837,0.8548199534416199,0.5955865383148193
YBL112C,YEL041W,0,1.532582,0.125490203499794,0.8548199534416199,0.5957026481628418
YMR123W,YOR323C,0,1.5325439,0.12546880543231964,0.8548199534416199,0.595818817615509
YLR105C,YKL038W,0,1.5323086,0.12544742226600647,0.8548199534416199,0.5959349870681763
YER014C-A,YOR338W,0,1.5321817,0.1254260390996933,0.8548199534416199,0.5960510969161987
YOR222W,YGR214W,0,1.5314875,0.12540467083454132,0.8548199534416199,0.596167266368866
YDR415C,YLL061W,0,1.5313776,0.12538330256938934,0.8548199534416199,0.5962833762168884
YPL150W,YKL001C,0,1.5311289,0.12536194920539856,0.8548199534416199,0.5963995456695557
YNL153C,YGL050W,0,1.5310214,0.12534059584140778,0.8548199534416199,0.5965156555175781
YPL065W,YER190W,0,1.5296171,0.12531925737857819,0.8548199534416199,0.5966318249702454
YOR261C,YJL176C,0,1.5291984,0.1252979189157486,0.8548199534416199,0.5967479944229126
YFL013C,YER104W,0,1.5282981,0.1252765953540802,0.8548199534416199,0.5968641042709351
YPL273W,YOR313C,0,1.5281124,0.1252552717924118,0.8548199534416199,0.5969802737236023
YLR208W,YDR332W,0,1.5279026,0.1252339631319046,0.8548199534416199,0.5970963835716248
YDR371W,YJR028W,0,1.5276487,0.1252126544713974,0.8548199534416199,0.597212553024292
YGR095C,YFL017W-A,0,1.5271082,0.1251913607120514,0.8548199534416199,0.5973286628723145
YHL034C,YGR271W,0,1.526953,0.12517006695270538,0.8548199534416199,0.5974448323249817
YDL097C,YFL021W,0,1.5267689,0.12514878809452057,0.8548199534416199,0.5975610017776489
YKR071C,YER138C,0,1.5262976,0.12512750923633575,0.8548199534416199,0.5976771116256714
YIL020C,YGL051W,0,1.5262187,0.12510624527931213,0.8548199534416199,0.5977932810783386
YKL013C,YKL053C-A,1,1.5261674,0.12525492906570435,0.8559814095497131,0.5977932810783386
YOR038C,YOL136C,0,1.5260096,0.12523365020751953,0.8559814095497131,0.5979093909263611
YNL172W,YDL215C,0,1.5242627,0.12521237134933472,0.8559814095497131,0.5980255603790283
YDR373W,YDR262W,0,1.5242424,0.1251910924911499,0.8559814095497131,0.5981416702270508
YHR005C-A,YEL030W,1,1.5240314,0.12533967196941376,0.8571428656578064,0.5981416702270508
YHR047C,YER087W,0,1.523946,0.12531839311122894,0.8571428656578064,0.598257839679718
YDL054C,YLR251W,0,1.5235028,0.12529711425304413,0.8571428656578064,0.5983740091323853
YOL038W,YFL021W,0,1.5226483,0.1252758502960205,0.8571428656578064,0.5984901189804077
YPL119C,YPL011C,0,1.5219381,0.1252545863389969,0.8571428656578064,0.598606288433075
YDR411C,YDL246C,0,1.5208275,0.12523332238197327,0.8571428656578064,0.5987223982810974
YJR051W,YGR143W,0,1.5204482,0.12521207332611084,0.8571428656578064,0.5988385677337646
YKL174C,YGR276C,0,1.520431,0.1251908391714096,0.8571428656578064,0.5989546775817871
YOL111C,YLR350W,0,1.5201356,0.12516960501670837,0.8571428656578064,0.5990708470344543
YNL138W,YER137C,0,1.5201182,0.12514838576316833,0.8571428656578064,0.5991870164871216
YJR051W,YKL094W,0,1.5195639,0.1251271665096283,0.8571428656578064,0.599303126335144
YDR414C,YJR101W,0,1.5192688,0.12510594725608826,0.8571428656578064,0.5994192957878113
YIL170W,YIL035C,0,1.5191488,0.1250847429037094,0.8571428656578064,0.5995354056358337
YIL143C,YDR131C,0,1.5184698,0.12506355345249176,0.8571428656578064,0.599651575088501
YDR034C,YDR444W,0,1.5180211,0.1250423640012741,0.8571428656578064,0.5997676849365234
YOL057W,YMR308C,0,1.5179081,0.12502117455005646,0.8571428656578064,0.5998838543891907
YHR132C,YJL060W,0,1.5178323,0.125,0.8571428656578064,0.6000000238418579
YMR054W,YBR282W,0,1.5176196,0.12497883290052414,0.8571428656578064,0.6001161336898804
YJL024C,YPR091C,0,1.517618,0.12495767325162888,0.8571428656578064,0.6002323031425476
YBR129C,YNL284C,0,1.5173376,0.12493651360273361,0.8571428656578064,0.6003484129905701
YJL005W,YKL009W,0,1.5168245,0.12491536885499954,0.8571428656578064,0.6004645824432373
YOR219C,YAL040C,0,1.5167983,0.12489423155784607,0.8571428656578064,0.6005806922912598
YOL158C,YMR115W,0,1.51667,0.1248730942606926,0.8571428656578064,0.600696861743927
YLR183C,YDR240C,0,1.5158415,0.12485197186470032,0.8571428656578064,0.6008130311965942
YGL226C-A,YOR340C,0,1.5157738,0.12483084946870804,0.8571428656578064,0.6009291410446167
YOL038W,YOL102C,0,1.515441,0.12480974197387695,0.8571428656578064,0.6010453104972839
YOR147W,YPR125W,1,1.5149038,0.12495772540569305,0.8583043217658997,0.6010453104972839
YLR026C,YPL027W,0,1.5147543,0.12493660300970078,0.8583043217658997,0.6011614203453064
YOR074C,YER002W,0,1.5144515,0.1249154806137085,0.8583043217658997,0.6012775897979736
YPL082C,YLR391W,0,1.5143824,0.12489437311887741,0.8583043217658997,0.6013936996459961
YJL005W,YPL119C,0,1.5142794,0.12487326562404633,0.8583043217658997,0.6015098690986633
YBL005W-B,YPL119C,0,1.5131202,0.12485217303037643,0.8583043217658997,0.6016260385513306
YER022W,YMR193W,0,1.5123553,0.12483108043670654,0.8583043217658997,0.601742148399353
YMR194W,YLL040C,0,1.512317,0.12480999529361725,0.8583043217658997,0.6018583178520203
YBL005W-B,YCR011C,0,1.5121214,0.12478892505168915,0.8583043217658997,0.6019744277000427
YML032C,YDR285W,0,1.5118458,0.12476785480976105,0.8583043217658997,0.60209059715271
YNR021W,YFL001W,0,1.5118403,0.12474679201841354,0.8583043217658997,0.6022067070007324
YJR055W,YKR056W,0,1.5114329,0.12472573667764664,0.8583043217658997,0.6023228764533997
YPR204W,YJR005W,0,1.5114074,0.12470468878746033,0.8583043217658997,0.6024390459060669
YKR002W,YGL203C,0,1.511292,0.12468364834785461,0.8583043217658997,0.6025551557540894
YCL074W,YDR423C,0,1.511106,0.1246626153588295,0.8583043217658997,0.6026713252067566
YOR099W,YKL124W,0,1.5106912,0.12464158982038498,0.8583043217658997,0.602787435054779
YIL061C,YOL090W,0,1.5098042,0.12462057173252106,0.8583043217658997,0.6029036045074463
YDL084W,YHR135C,0,1.5091653,0.12459956109523773,0.8583043217658997,0.6030197739601135
YOL038W,YOR219C,0,1.5075936,0.124578557908535,0.8583043217658997,0.603135883808136
YBL058W,YLR440C,0,1.5072284,0.12455756217241287,0.8583043217658997,0.6032520532608032
YLR425W,YPL244C,0,1.5070033,0.12453656643629074,0.8583043217658997,0.6033681631088257
YOL026C,YNL121C,1,1.5061202,0.12468408048152924,0.8594657182693481,0.6033681631088257
YER049W,YGL026C,0,1.5055084,0.12466306984424591,0.8594657182693481,0.6034843325614929
YGR056W,YOL124C,0,1.5051587,0.12464207410812378,0.8594657182693481,0.6036004424095154
YGR034W,YNL080C,0,1.5050642,0.12462108582258224,0.8594657182693481,0.6037166118621826
YOL057W,YGR199W,0,1.5040305,0.12460009753704071,0.8594657182693481,0.6038327813148499
YGR177C,YGR034W,0,1.5038667,0.12457912415266037,0.8594657182693481,0.6039488911628723
YNL304W,YLR163C,1,1.5026906,0.12472647428512573,0.8606271743774414,0.6039488911628723
YBL085W,YMR200W,0,1.502166,0.1247054859995842,0.8606271743774414,0.6040650606155396
YDR527W,YNL092W,0,1.5018187,0.12468450516462326,0.8606271743774414,0.604181170463562
YOL145C,YLR080W,0,1.5009015,0.12466352432966232,0.8606271743774414,0.6042973399162292
YOR287C,YDR260C,0,1.5007329,0.12464255839586258,0.8606271743774414,0.6044134497642517
YBL112C,YNL230C,0,1.5006316,0.12462159246206284,0.8606271743774414,0.604529619216919
YIL094C,YGL030W,0,1.5006044,0.12460064142942429,0.8606271743774414,0.6046457886695862
YNL131W,YNL026W,1,1.5005748,0.12474781274795532,0.8617886304855347,0.6046457886695862
YJL149W,YER115C,0,1.5003984,0.12472684681415558,0.8617886304855347,0.6047618985176086
YOL057W,YPL200W,0,1.5003839,0.12470588088035583,0.8617886304855347,0.6048780679702759
YOR099W,YKL095W,0,1.5000036,0.12468492984771729,0.8617886304855347,0.6049941778182983
YOL165C,YDR310C,0,1.4995115,0.12466397881507874,0.8617886304855347,0.6051103472709656
YMR276W,YLL017W,0,1.4993036,0.12464303523302078,0.8617886304855347,0.605226457118988
YNL044W,YIR018W,0,1.4992156,0.12462209910154343,0.8617886304855347,0.6053426265716553
YDL171C,YEL053C,0,1.4991143,0.12460117787122726,0.8617886304855347,0.6054587960243225
YGR169C,YNL095C,0,1.4981854,0.1245802566409111,0.8617886304855347,0.605574905872345
YGL068W,YPL244C,0,1.4980831,0.12455934286117554,0.8617886304855347,0.6056910753250122
YIL080W,YNL175C,0,1.4974375,0.12453843653202057,0.8617886304855347,0.6058071851730347
YBR150C,YGL256W,0,1.4973972,0.1245175376534462,0.8617886304855347,0.6059233546257019
YLR182W,YDL179W,0,1.4973009,0.12449664622545242,0.8617886304855347,0.6060394644737244
YCL008C,YCL043C,0,1.4968448,0.12447576224803925,0.8617886304855347,0.6061556339263916
YMR227C,YML039W,0,1.4945471,0.12445487827062607,0.8617886304855347,0.6062718033790588
YBR271W,YGR199W,0,1.4942801,0.12443400919437408,0.8617886304855347,0.6063879132270813
YAL054C,YNL238W,0,1.4929054,0.1244131475687027,0.8617886304855347,0.6065040826797485
YBR052C,YMR210W,0,1.4923828,0.12439228594303131,0.8617886304855347,0.606620192527771
YLR105C,YHL034C,0,1.4915318,0.12437143921852112,0.8617886304855347,0.6067363619804382
YJL172W,YGL046W,0,1.4913306,0.12435059249401093,0.8617886304855347,0.6068524718284607
YPR191W,YLR391W-A,0,1.4913266,0.12432976067066193,0.8617886304855347,0.6069686412811279
YPL112C,YLR130C,0,1.4912431,0.12430892884731293,0.8617886304855347,0.6070848107337952
YOR212W,YFR021W,0,1.4910634,0.12428810447454453,0.8617886304855347,0.6072009205818176
YJL029C,YBL034C,0,1.4906242,0.12426729500293732,0.8617886304855347,0.6073170900344849
YDR389W,YER104W,0,1.4905293,0.12424648553133011,0.8617886304855347,0.6074331998825073
YLR425W,YKR068C,0,1.4897983,0.1242256835103035,0.8617886304855347,0.6075493693351746
YNL027W,YOR261C,0,1.4891119,0.12420488893985748,0.8617886304855347,0.607665479183197
YNL008C,YDL246C,0,1.4890373,0.12418410181999207,0.8617886304855347,0.6077816486358643
YGR143W,YOL108C,0,1.4889715,0.12416332215070724,0.8617886304855347,0.6078978180885315
YPR163C,YER087C-B,0,1.4889262,0.12414254993200302,0.8617886304855347,0.608013927936554
YCL036W,YFR031C,0,1.4880409,0.1241217777132988,0.8617886304855347,0.6081300973892212
YNR010W,YMR075W,0,1.4874434,0.12410102039575577,0.8617886304855347,0.6082462072372437
YGR167W,YDR389W,0,1.4874206,0.12408027052879333,0.8617886304855347,0.6083623766899109
YIL134W,YOL112W,0,1.4870853,0.1240595206618309,0.8617886304855347,0.6084784865379333
YFR013W,YOR180C,0,1.4869344,0.12403878569602966,0.8617886304855347,0.6085946559906006
YBL112C,YGR179C,0,1.4862761,0.12401805073022842,0.8617886304855347,0.6087108254432678
YCL074W,YMR075W,0,1.486136,0.12399732321500778,0.8617886304855347,0.6088269352912903
YHR164C,YMR145C,0,1.4860709,0.12397661060094833,0.8617886304855347,0.6089431047439575
YNL110C,YIL017W,0,1.4856136,0.12395589798688889,0.8617886304855347,0.60905921459198
YDR306C,YPR002W,0,1.4842236,0.12393519282341003,0.8617886304855347,0.6091753840446472
YLR105C,YDR131C,0,1.4841106,0.12391449511051178,0.8617886304855347,0.6092914938926697
YLR024C,YBR222C,0,1.4836364,0.12389380484819412,0.8617886304855347,0.6094076633453369
YKR101W,YNR028W,0,1.483563,0.12387312203645706,0.8617886304855347,0.6095238327980042
YHR119W,YGR276C,0,1.4834921,0.1238524466753006,0.8617886304855347,0.6096399426460266
YMR227C,YNL175C,0,1.4829769,0.12383177876472473,0.8617886304855347,0.6097561120986938
YER050C,YOR194C,0,1.482943,0.12381111085414886,0.8617886304855347,0.6098722219467163
YDL121C,YOR353C,0,1.4827361,0.12379045784473419,0.8617886304855347,0.6099883913993835
YGL014W,YKL130C,0,1.481744,0.12376980483531952,0.8617886304855347,0.610104501247406
YLR452C,YJR083C,0,1.4817026,0.12374916672706604,0.8617886304855347,0.6102206707000732
YNL297C,YML049C,0,1.4812741,0.12372852861881256,0.8617886304855347,0.6103368401527405
YGL060W,YOR285W,0,1.4804897,0.12370790541172028,0.8617886304855347,0.6104529500007629
YHR214C-B,YNL107W,0,1.4791145,0.12368728220462799,0.8617886304855347,0.6105691194534302
YLR305C,YLR224W,0,1.47825,0.1236666664481163,0.8617886304855347,0.6106852293014526
YNL010W,YMR194W,0,1.4778852,0.12364605814218521,0.8617886304855347,0.6108013987541199
YJR130C,YMR075W,0,1.4776323,0.12362545728683472,0.8617886304855347,0.6109175086021423
YBR275C,YDL140C,0,1.4774506,0.12360486388206482,0.8617886304855347,0.6110336780548096
YML071C,YPL163C,0,1.4770188,0.12358427792787552,0.8617886304855347,0.6111498475074768
YLL003W,YGL004C,0,1.4765141,0.12356369942426682,0.8617886304855347,0.6112659573554993
YDR261C-D,YHR082C,0,1.4757378,0.12354312092065811,0.8617886304855347,0.6113821268081665
YHR132C,YGR199W,0,1.4757295,0.1235225573182106,0.8617886304855347,0.611498236656189
YER017C,YNL026W,1,1.4752438,0.12366843968629837,0.8629500865936279,0.611498236656189
YLR285W,YBL079W,0,1.4751098,0.12364786118268967,0.8629500865936279,0.6116144061088562
YJR138W,YNL052W,0,1.4743831,0.12362729012966156,0.8629500865936279,0.6117305755615234
YPL011C,YNR002C,0,1.4738059,0.12360671907663345,0.8629500865936279,0.6118466854095459
YDR419W,YIL140W,0,1.473803,0.12358616292476654,0.8629500865936279,0.6119628548622131
YPL167C,YMR300C,0,1.4732637,0.12356560677289963,0.8629500865936279,0.6120789647102356
YKL078W,YFL054C,0,1.4722905,0.12354505807161331,0.8629500865936279,0.6121951341629028
YFL010W-A,YNL192W,0,1.4721367,0.12352452427148819,0.8629500865936279,0.6123112440109253
YBL112C,YOR239W,0,1.472039,0.12350399047136307,0.8629500865936279,0.6124274134635925
YER022W,YKL097W-A,0,1.4720237,0.12348346412181854,0.8629500865936279,0.6125435829162598
YGR177C,YMR160W,0,1.471767,0.12346294522285461,0.8629500865936279,0.6126596927642822
YOR317W,YDR403W,0,1.4712002,0.12344243377447128,0.8629500865936279,0.6127758622169495
YBL089W,YLR016C,0,1.47118,0.12342192977666855,0.8629500865936279,0.6128919720649719
YHR069C,YOR126C,0,1.4710598,0.12340142577886581,0.8629500865936279,0.6130081415176392
YBR150C,YKL015W,0,1.4710371,0.12338093668222427,0.8629500865936279,0.6131242513656616
YDL246C,YOR084W,0,1.4708688,0.12336045503616333,0.8629500865936279,0.6132404208183289
YMR160W,YHR079C,0,1.4701221,0.12333997339010239,0.8629500865936279,0.6133565902709961
YNL314W,YOR219C,0,1.4700513,0.12331949919462204,0.8629500865936279,0.6134727001190186
YBL112C,YBR061C,0,1.4691639,0.12329903990030289,0.8629500865936279,0.6135888695716858
YLR219W,YLR073C,0,1.4691224,0.12327858060598373,0.8629500865936279,0.6137049794197083
YOR378W,YIL079C,0,1.4688816,0.12325812876224518,0.8629500865936279,0.6138211488723755
YPR167C,YOR138C,0,1.4683163,0.12323768436908722,0.8629500865936279,0.613937258720398
YBL112C,YOL155C,0,1.4683108,0.12321724742650986,0.8629500865936279,0.6140534281730652
YOR212W,YHR004C,0,1.4669521,0.12319681793451309,0.8629500865936279,0.6141695976257324
YJR036C,YBR141C,0,1.4652448,0.12317639589309692,0.8629500865936279,0.6142857074737549
YOL142W,YNL084C,0,1.4650917,0.12315597385168076,0.8629500865936279,0.6144018769264221
YDR304C,YJL117W,0,1.4646084,0.12313556671142578,0.8629500865936279,0.6145179867744446
YOL165C,YKL203C,0,1.464107,0.1231151595711708,0.8629500865936279,0.6146341562271118
YKL090W,YGR175C,0,1.4635088,0.12309476733207703,0.8629500865936279,0.6147502660751343
YJL005W,YPL196W,0,1.4634509,0.12307437509298325,0.8629500865936279,0.6148664355278015
YLR244C,YBR031W,0,1.4630623,0.12305399030447006,0.8629500865936279,0.6149826049804688
YDR260C,YER115C,0,1.4628546,0.12303361296653748,0.8629500865936279,0.6150987148284912
YDL111C,YHR168W,0,1.4627514,0.12301324307918549,0.8629500865936279,0.6152148842811584
YOL102C,YPR152C,0,1.4622674,0.12299288064241409,0.8629500865936279,0.6153309941291809
YNL079C,YNL304W,1,1.4621413,0.12313803285360336,0.8641114830970764,0.6153309941291809
YLR208W,YIL020C,0,1.4611788,0.12311765551567078,0.8641114830970764,0.6154471635818481
YDR233C,YBL005W-B,0,1.4600818,0.12309728562831879,0.8641114830970764,0.6155632734298706
YPR196W,YKL119C,0,1.4597976,0.1230769231915474,0.8641114830970764,0.6156794428825378
YGL172W,YGL236C,0,1.4597554,0.1230565682053566,0.8641114830970764,0.6157956123352051
YKL170W,YLR016C,0,1.4586592,0.1230362132191658,0.8641114830970764,0.6159117221832275
YKR103W,YLR024C,0,1.4581583,0.1230158731341362,0.8641114830970764,0.6160278916358948
YKR044W,YPR159W,0,1.4580901,0.1229955330491066,0.8641114830970764,0.6161440014839172
YJR051W,YMR099C,0,1.4575074,0.12297520786523819,0.8641114830970764,0.6162601709365845
YPL082C,YGR214W,0,1.4567566,0.12295488268136978,0.8641114830970764,0.6163762807846069
YDR383C,YPL129W,0,1.4566469,0.12293456494808197,0.8641114830970764,0.6164924502372742
YEL030W,YOL026C,1,1.4561725,0.12307946383953094,0.8652729392051697,0.6164924502372742
YOL142W,YNL208W,0,1.4552906,0.12305913120508194,0.8652729392051697,0.6166086196899414
YEL070W,YDR062W,0,1.4552627,0.12303881347179413,0.8652729392051697,0.6167247295379639
YOL165C,YER022W,0,1.4535494,0.12301849573850632,0.8652729392051697,0.6168408989906311
YOR215C,YER046W,0,1.4534607,0.1229981854557991,0.8652729392051697,0.6169570088386536
YLR285W,YOL040C,0,1.4528913,0.12297788262367249,0.8652729392051697,0.6170731782913208
YER145C,YDR337W,0,1.4528747,0.12295758724212646,0.8652729392051697,0.6171892881393433
YJL176C,YPR159W,0,1.4526927,0.12293729186058044,0.8652729392051697,0.6173054575920105
YLR353W,YMR160W,0,1.4517615,0.12291701138019562,0.8652729392051697,0.6174216270446777
YOR025W,YOR251C,0,1.4509201,0.12289673089981079,0.8652729392051697,0.6175377368927002
YIR038C,YCR087C-A,0,1.4508498,0.12287646532058716,0.8652729392051697,0.6176539063453674
YML058W-A,YKL144C,0,1.4505031,0.12285619974136353,0.8652729392051697,0.6177700161933899
YML032C,YDR263C,0,1.4502528,0.12283594161272049,0.8652729392051697,0.6178861856460571
YIL080W,YHR119W,0,1.4501574,0.12281569093465805,0.8652729392051697,0.6180022954940796
YEL043W,YOL093W,0,1.4500251,0.12279544770717621,0.8652729392051697,0.6181184649467468
YPL064C,YBR080C,0,1.4497747,0.12277521193027496,0.8652729392051697,0.6182346343994141
YDR067C,YMR097C,0,1.4493394,0.12275498360395432,0.8652729392051697,0.6183507442474365
YDR351W,YDR254W,0,1.4491706,0.12273476272821426,0.8652729392051697,0.6184669137001038
YOL104C,YLR145W,0,1.4486842,0.12271454185247421,0.8652729392051697,0.6185830235481262
YHR156C,YGL019W,0,1.448112,0.12269433587789536,0.8652729392051697,0.6186991930007935
YEL031W,YDR527W,0,1.447923,0.1226741299033165,0.8652729392051697,0.6188153028488159
YEL043W,YLR268W,0,1.4471333,0.12265393137931824,0.8652729392051697,0.6189314723014832
YJR112W,YKR026C,0,1.4462247,0.12263374775648117,0.8652729392051697,0.6190476417541504
YOR292C,YMR136W,0,1.4460258,0.1226135641336441,0.8652729392051697,0.6191637516021729
YNR003C,YER137C,0,1.4456525,0.12259338796138763,0.8652729392051697,0.6192799210548401
YOR324C,YBL113C,0,1.4456446,0.12257321178913116,0.8652729392051697,0.6193960309028625
YHR074W,YOR168W,0,1.4454579,0.12255305051803589,0.8652729392051697,0.6195122003555298
YPL119C,YJL176C,0,1.4446468,0.12253289669752121,0.8652729392051697,0.6196283102035522
YNL107W,YER046W,0,1.4442499,0.12251274287700653,0.8652729392051697,0.6197444796562195
YOL026C,YDL198C,1,1.4430559,0.12265702337026596,0.8664343953132629,0.6197444796562195
YBR125C,YMR295C,0,1.4428561,0.12263685464859009,0.8664343953132629,0.6198606491088867
YJR051W,YDL015C,0,1.4420369,0.12261670082807541,0.8664343953132629,0.6199767589569092
YCL074W,YOR239W,0,1.4417558,0.12259654700756073,0.8664343953132629,0.6200929284095764
YDR026C,YDL133C-A,0,1.4416208,0.12257640808820724,0.8664343953132629,0.6202090382575989
YHR056C,YGL050W,0,1.441401,0.12255626916885376,0.8664343953132629,0.6203252077102661
YDR254W,YGR020C,0,1.4412234,0.12253613770008087,0.8664343953132629,0.6204413175582886
YCL074W,YEL056W,0,1.4409752,0.12251601368188858,0.8664343953132629,0.6205574870109558
YPL200W,YMR137C,0,1.4409621,0.12249589711427689,0.8664343953132629,0.620673656463623
YCR014C,YIL021W,0,1.4402297,0.12247578054666519,0.8664343953132629,0.6207897663116455
YPR035W,YBR020W,0,1.4394906,0.12245567888021469,0.8664343953132629,0.6209059357643127
YBR118W,YOR355W,0,1.4394562,0.12243558466434479,0.8664343953132629,0.6210220456123352
YJL087C,YLR103C,0,1.4393079,0.12241549044847488,0.8664343953132629,0.6211382150650024
YPL273W,YNR015W,0,1.4387984,0.12239540368318558,0.8664343953132629,0.6212543845176697
YMR321C,YAL031C,0,1.4383261,0.12237532436847687,0.8664343953132629,0.6213704943656921
YGL172W,YLR429W,0,1.4377439,0.12235525995492935,0.8664343953132629,0.6214866638183594
YFR045W,YNL006W,0,1.4369907,0.12233519554138184,0.8664343953132629,0.6216027736663818
YMR013C,YFR029W,0,1.4366174,0.12231513112783432,0.8664343953132629,0.6217189431190491
YDR403W,YMR099C,0,1.4362066,0.122295081615448,0.8664343953132629,0.6218350529670715
YMR039C,YCR097WB,0,1.4358029,0.12227503955364227,0.8664343953132629,0.6219512224197388
YOR126C,YLR165C,0,1.4352055,0.12225499749183655,0.8664343953132629,0.622067391872406
YDR131C,YGR143W,0,1.4348862,0.12223496288061142,0.8664343953132629,0.6221835017204285
YJL194W,YOR085W,0,1.434273,0.12221494317054749,0.8664343953132629,0.6222996711730957
YPR083W,YPR133W-A,1,1.4337888,0.12235872447490692,0.8675957918167114,0.6222996711730957
YNL006W,YNR003C,0,1.433764,0.1223386824131012,0.8675957918167114,0.6224157810211182
YOR237W,YJL053W,0,1.4333174,0.12231864780187607,0.8675957918167114,0.6225319504737854
YAL022C,YPL007C,0,1.4323976,0.12229862809181213,0.8675957918167114,0.6226480603218079
YOL010W,YLR073C,0,1.4311004,0.1222786083817482,0.8675957918167114,0.6227642297744751
YPL276W,YGL259W,0,1.4309297,0.12225859612226486,0.8675957918167114,0.6228803992271423
YDR453C,YNL238W,0,1.4308848,0.12223858386278152,0.8675957918167114,0.6229965090751648
YGL158W,YLR073C,0,1.4308503,0.12221858650445938,0.8675957918167114,0.623112678527832
YGR288W,YGR020C,0,1.4308283,0.12219859659671783,0.8675957918167114,0.6232287883758545
YDR371W,YOL070C,0,1.4297366,0.12217860668897629,0.8675957918167114,0.6233449578285217
YPL139C,YGR171C,0,1.4297256,0.12215862423181534,0.8675957918167114,0.6234610676765442
YNL261W,YMR160W,0,1.4295657,0.12213864922523499,0.8675957918167114,0.6235772371292114
YDR383C,YGL180W,0,1.4295471,0.12211868911981583,0.8675957918167114,0.6236934065818787
YJR036C,YER087W,0,1.4288769,0.12209872156381607,0.8675957918167114,0.6238095164299011
YDR411C,YNL282W,0,1.4287858,0.12207876890897751,0.8675957918167114,0.6239256858825684
YNL070W,YBR192W,1,1.4286554,0.12222222238779068,0.8687572479248047,0.6239256858825684
YDR034C,YDR410C,0,1.4282727,0.12220225483179092,0.8687572479248047,0.6240417957305908
YGL186C,YGR255C,0,1.4277651,0.12218229472637177,0.8687572479248047,0.6241579651832581
YDL217C,YNL304W,1,1.4277499,0.12232565879821777,0.869918704032898,0.6241579651832581
YKL119C,YPL129W,0,1.4266543,0.12230568379163742,0.869918704032898,0.6242740750312805
YAR002C-A,YNL298W,0,1.4264352,0.12228571623563766,0.869918704032898,0.6243902444839478
YML099C,YMR210W,0,1.4262602,0.1222657561302185,0.869918704032898,0.624506413936615
YDL054C,YEL041W,0,1.4260199,0.12224579602479935,0.869918704032898,0.6246225237846375
YOL129W,YAL024C,0,1.4257545,0.12222585082054138,0.869918704032898,0.6247386932373047
YGL094C,YEL056W,0,1.4255741,0.12220590561628342,0.869918704032898,0.6248548030853271
YMR049C,YDR429C,0,1.4247134,0.12218596786260605,0.869918704032898,0.6249709725379944
YFL066C,YMR238W,0,1.4242806,0.12216604501008987,0.869918704032898,0.6250870823860168
YOL158C,YBR115C,0,1.4234841,0.1221461221575737,0.869918704032898,0.6252032518386841
YOL066C,YGR077C,0,1.4225726,0.12212619930505753,0.869918704032898,0.6253194212913513
YOL151W,YMR268W-A,0,1.4225483,0.12210629135370255,0.869918704032898,0.6254355311393738
YDR494W,YFL054C,0,1.4200873,0.12208639085292816,0.869918704032898,0.625551700592041
YBR294W,YNR057C,0,1.4190686,0.12206649035215378,0.869918704032898,0.6256678104400635
YDR494W,YGR113W,0,1.4189074,0.12204660475254059,0.869918704032898,0.6257839798927307
YEL037C,YHR039C-A,0,1.418715,0.1220267191529274,0.869918704032898,0.6259000897407532
YHL034C,YMR240C,0,1.4176226,0.1220068410038948,0.869918704032898,0.6260162591934204
YGL225W,YPR127W,0,1.4169137,0.12198697030544281,0.869918704032898,0.6261324286460876
YGR010W,YJR036C,0,1.4164071,0.12196710705757141,0.869918704032898,0.6262485384941101
YOR283W,YIL177C,0,1.415745,0.12194725126028061,0.869918704032898,0.6263647079467773
YOR324C,YDR403W,0,1.4154384,0.12192739546298981,0.869918704032898,0.6264808177947998
YOL145C,YNR010W,0,1.4148567,0.1219075545668602,0.869918704032898,0.626596987247467
YHR056C,YKL061W,0,1.4140413,0.12188771367073059,0.869918704032898,0.6267130970954895
YLR391W-A,YOR089C,0,1.4139104,0.12186788022518158,0.869918704032898,0.6268292665481567
YKL001C,YKR028W,0,1.4139078,0.12184805423021317,0.869918704032898,0.626945436000824
YKL130C,YOR311C,0,1.4133463,0.12182823568582535,0.869918704032898,0.6270615458488464
YIL139C,YBL089W,0,1.4128261,0.12180842459201813,0.869918704032898,0.6271777153015137
YBR202W,YGL010W,0,1.4124756,0.1217886209487915,0.869918704032898,0.6272938251495361
YPL127C,YBR276C,0,1.4121146,0.12176881730556488,0.869918704032898,0.6274099946022034
YPL064C,YPL002C,0,1.4120839,0.12174902111291885,0.869918704032898,0.6275261044502258
YIL061C,YJL155C,0,1.4117322,0.12172923982143402,0.869918704032898,0.6276422739028931
YBR271W,YIL021W,0,1.4115157,0.12170945852994919,0.869918704032898,0.6277584433555603
YJR119C,YLR353W,0,1.4113693,0.12168968468904495,0.869918704032898,0.6278745532035828
YKL007W,YLR047C,0,1.4109375,0.12166991829872131,0.869918704032898,0.62799072265625
YGR288W,YDR332W,0,1.4098585,0.12165015190839767,0.869918704032898,0.6281068325042725
YGL172W,YKL130C,0,1.4097326,0.12163040041923523,0.869918704032898,0.6282230019569397
YNL284C,YIL048W,0,1.4094334,0.12161064893007278,0.869918704032898,0.6283391118049622
YER138C,YMR267W,0,1.4089336,0.12159091234207153,0.869918704032898,0.6284552812576294
YJL071W,YMR065W,0,1.4075825,0.12157117575407028,0.869918704032898,0.6285714507102966
YMR301C,YLR153C,0,1.4074888,0.12155144661664963,0.869918704032898,0.6286875605583191
YGR180C,YJL012C-A,0,1.4073691,0.12153172492980957,0.869918704032898,0.6288037300109863
YKR054C,YDR167W,0,1.4073071,0.12151200324296951,0.869918704032898,0.6289198398590088
YML073C,YIL021W,0,1.4051552,0.12149229645729065,0.869918704032898,0.629036009311676
YGL122C,YPL196W,0,1.4041984,0.12147258967161179,0.869918704032898,0.6291521191596985
YPR111W,YDR211W,0,1.403677,0.12145289778709412,0.869918704032898,0.6292682886123657
YGR077C,YKL015W,0,1.4033827,0.12143320590257645,0.869918704032898,0.629384458065033
YKL174C,YML128C,0,1.4028854,0.12141352146863937,0.869918704032898,0.6295005679130554
YJR151C,YHL027W,0,1.4025373,0.1213938444852829,0.869918704032898,0.6296167373657227
YJL194W,YJL006C,0,1.4022217,0.12137416750192642,0.869918704032898,0.6297328472137451
YPR113W,YBL028C,0,1.4022073,0.12135450541973114,0.869918704032898,0.6298490166664124
YKL013C,YNL304W,1,1.400398,0.12149684131145477,0.8710801601409912,0.6298490166664124
YJR082C,YOR038C,0,1.4003887,0.1214771643280983,0.8710801601409912,0.6299651861190796
YMR295C,YGL030W,0,1.3991485,0.12145748734474182,0.8710801601409912,0.630081295967102
YPR194C,YFL038C,0,1.3984983,0.12143782526254654,0.8710801601409912,0.6301974654197693
YOL124C,YNL092W,0,1.398315,0.12141816318035126,0.8710801601409912,0.6303135752677917
YOR299W,YKL189W,0,1.3981667,0.12139850854873657,0.8710801601409912,0.630429744720459
YNL281W,YPL122C,0,1.398133,0.12137886136770248,0.8710801601409912,0.6305458545684814
YDL171C,YBL011W,0,1.3974339,0.12135922163724899,0.8710801601409912,0.6306620240211487
YOR145C,YLL033W,0,1.3970878,0.1213395893573761,0.8710801601409912,0.6307781934738159
YAL022C,YLR153C,0,1.396893,0.1213199645280838,0.8710801601409912,0.6308943033218384
YDR137W,YNL084C,0,1.3964256,0.1213003396987915,0.8710801601409912,0.6310104727745056
YBR129C,YMR304W,0,1.3963017,0.1212807223200798,0.8710801601409912,0.6311265826225281
YDR410C,YOR313C,0,1.3958802,0.1212611123919487,0.8710801601409912,0.6312427520751953
YJL024C,YIL132C,0,1.3950174,0.1212415099143982,0.8710801601409912,0.6313588619232178
YPR072W,YLL051C,0,1.3944979,0.12122191488742828,0.8710801601409912,0.631475031375885
YPR011C,YMR240C,0,1.3937969,0.12120232731103897,0.8710801601409912,0.6315912008285522
YJR119C,YPR080W,0,1.3935153,0.12118274718523026,0.8710801601409912,0.6317073106765747
YGL113W,YMR075W,0,1.3922819,0.12116316705942154,0.8710801601409912,0.6318234801292419
YGR056W,YKL172W,0,1.3920529,0.12114359438419342,0.8710801601409912,0.6319395899772644
YNL131W,YDL217C,1,1.3920102,0.12128552794456482,0.8722415566444397,0.6319395899772644
YDL028C,YOR138C,0,1.3916755,0.1212659478187561,0.8722415566444397,0.6320557594299316
YHR211W,YDR072C,0,1.3906565,0.12124636769294739,0.8722415566444397,0.6321718692779541
YIR038C,YKR068C,0,1.3905065,0.12122679501771927,0.8722415566444397,0.6322880387306213
YHR061C,YDR195W,0,1.3899158,0.12120722979307175,0.8722415566444397,0.6324042081832886
YIL035C,YDR444W,0,1.38973,0.12118767201900482,0.8722415566444397,0.632520318031311
YKL186C,YOL054W,0,1.3893218,0.1211681216955185,0.8722415566444397,0.6326364874839783
YMR039C,YAR031W,0,1.3890705,0.12114857137203217,0.8722415566444397,0.6327525973320007
YLR380W,YAL029C,0,1.3887866,0.12112903594970703,0.8722415566444397,0.632868766784668
YHR061C,YHL027W,0,1.388411,0.1211095005273819,0.8722415566444397,0.6329848766326904
YPR135W,YLR129W,0,1.3876114,0.12108997255563736,0.8722415566444397,0.6331010460853577
YGR105W,YPR152C,0,1.3875012,0.12107045203447342,0.8722415566444397,0.6332172155380249
YLR191W,YAL031C,0,1.3874273,0.12105093151330948,0.8722415566444397,0.6333333253860474
YMR020W,YBL034C,0,1.3873465,0.12103142589330673,0.8722415566444397,0.6334494948387146
YMR295C,YBR281C,0,1.3872524,0.12101192027330399,0.8722415566444397,0.6335656046867371
YDR498C,YPR138C,0,1.3869679,0.12099242955446243,0.8722415566444397,0.6336817741394043
YOR291W,YNL223W,0,1.386188,0.12097293883562088,0.8722415566444397,0.6337978839874268
YER168C,YLL017W,0,1.3861756,0.12095345556735992,0.8722415566444397,0.633914053440094
YEL012W,YIL061C,0,1.3860297,0.12093397974967957,0.8722415566444397,0.6340302228927612
YDL217C,YOR297C,1,1.3854451,0.12107551097869873,0.873403012752533,0.6340302228927612
YOR393W,YIL132C,0,1.3852174,0.12105602025985718,0.873403012752533,0.6341463327407837
YLR429W,YBR141C,0,1.3850551,0.12103653699159622,0.873403012752533,0.6342625021934509
YOL066C,YMR218C,0,1.3846976,0.12101706117391586,0.873403012752533,0.6343786120414734
YHR030C,YLL061W,0,1.3838853,0.1209975853562355,0.873403012752533,0.6344947814941406
YHR002W,YKL189W,0,1.3834934,0.12097812443971634,0.873403012752533,0.6346108913421631
YDL084W,YCL032W,0,1.3834212,0.12095866352319717,0.873403012752533,0.6347270607948303
YML099C,YIL048W,0,1.3826966,0.1209392100572586,0.873403012752533,0.6348432302474976
YER150W,YMR272C,0,1.3825858,0.12091976404190063,0.873403012752533,0.63495934009552
YFL066C,YBR145W,0,1.3824103,0.12090031802654266,0.873403012752533,0.6350755095481873
YPR135W,YJL124C,0,1.3823552,0.12088088691234589,0.873403012752533,0.6351916193962097
YPR167C,YIL170W,0,1.382263,0.12086145579814911,0.873403012752533,0.635307788848877
YFR018C,YMR301C,0,1.3819158,0.12084203958511353,0.873403012752533,0.6354238986968994
YCL036W,YBR275C,0,1.381601,0.12082262337207794,0.873403012752533,0.6355400681495667
YMR182C,YDR403W,0,1.3813376,0.12080321460962296,0.873403012752533,0.6356562376022339
YBR020W,YAL039C,0,1.381022,0.12078381329774857,0.873403012752533,0.6357723474502563
YLR314C,YKL203C,0,1.380702,0.12076441198587418,0.873403012752533,0.6358885169029236
YBR276C,YMR200W,0,1.3800251,0.12074502557516098,0.873403012752533,0.636004626750946
YER103W,YNL084C,0,1.3797731,0.12072563916444778,0.873403012752533,0.6361207962036133
YDR383C,YNL095C,0,1.3783221,0.12070626020431519,0.873403012752533,0.6362369060516357
YPL163C,YLR050C,0,1.3782849,0.12068688869476318,0.873403012752533,0.636353075504303
YLL029W,YOR038C,0,1.3782513,0.12066752463579178,0.873403012752533,0.6364692449569702
YKL061W,YBL034C,0,1.3779693,0.12064816057682037,0.873403012752533,0.6365853548049927
YNL314W,YPL007C,0,1.3777883,0.12062881141901016,0.873403012752533,0.6367015242576599
YPL150W,YER150W,0,1.377336,0.12060946226119995,0.873403012752533,0.6368176341056824
YLR157C,YDR229W,0,1.3773115,0.12059012055397034,0.873403012752533,0.6369338035583496
YEL037C,YGR222W,0,1.3770638,0.12057078629732132,0.873403012752533,0.6370499134063721
YER014C-A,YPR204W,0,1.3768673,0.1205514594912529,0.873403012752533,0.6371660828590393
YGR081C,YGL200C,0,1.3754611,0.12053214013576508,0.873403012752533,0.6372822523117065
YML071C,YLR009W,0,1.375277,0.12051282078027725,0.873403012752533,0.637398362159729
YML112W,YNR006W,0,1.3746775,0.12049350887537003,0.873403012752533,0.6375145316123962
YKL201C,YGL169W,0,1.3746762,0.1204742044210434,0.873403012752533,0.6376306414604187
YHR047C,YMR143W,0,1.3744726,0.12045490741729736,0.873403012752533,0.6377468109130859
YJL214W,YOR338W,0,1.37379,0.12043561786413193,0.873403012752533,0.6378629207611084
YDR296W,YPR125W,1,1.3731687,0.12057646363973618,0.8745644688606262,0.6378629207611084
YER098W,YNL335W,0,1.372787,0.12055715918540955,0.8745644688606262,0.6379790902137756
YNL281W,YGL113W,0,1.372726,0.12053785473108292,0.8745644688606262,0.6380952596664429
YNL309W,YKR044W,0,1.3727248,0.12051856517791748,0.8745644688606262,0.6382113695144653
YPL007C,YJR140C,0,1.3723166,0.12049928307533264,0.8745644688606262,0.6383275389671326
YGR251W,YML058W-A,0,1.372179,0.1204800009727478,0.8745644688606262,0.638443648815155
YDR369C,YIL048W,0,1.3718002,0.12046072632074356,0.8745644688606262,0.6385598182678223
YOL151W,YEL029C,0,1.3706852,0.12044145911931992,0.8745644688606262,0.6386759877204895
YHR175W,YLL061W,0,1.3706385,0.12042219936847687,0.8745644688606262,0.638792097568512
YJL006C,YJL095W,0,1.3706342,0.12040293961763382,0.8745644688606262,0.6389082670211792
YKL190W,YBR120C,0,1.3696371,0.12038369476795197,0.8745644688606262,0.6390243768692017
YMR005W,YMR025W,0,1.3696313,0.12036444991827011,0.8745644688606262,0.6391405463218689
YDR306C,YMR179W,0,1.3695858,0.12034521251916885,0.8745644688606262,0.6392566561698914
YPL002C,YKL097W-A,0,1.3681448,0.1203259825706482,0.8745644688606262,0.6393728256225586
YLR191W,YJR028W,0,1.3675501,0.12030676007270813,0.8745644688606262,0.6394889950752258
YAR035W,YMR160W,0,1.3669558,0.12028753757476807,0.8745644688606262,0.6396051049232483
YIL142W,YPL139C,0,1.3655435,0.1202683299779892,0.8745644688606262,0.6397212743759155
YCR087C-A,YBR074W,0,1.3652775,0.12024912238121033,0.8745644688606262,0.639837384223938
YPR189W,YDL216C,0,1.365275,0.12022992223501205,0.8745644688606262,0.6399535536766052
YOL103W-B,YOR142W-B,0,1.3649261,0.12021072953939438,0.8745644688606262,0.6400696635246277
YPR127W,YLR330W,0,1.3645083,0.1201915368437767,0.8745644688606262,0.6401858329772949
YGL163C,YBR074W,0,1.3637388,0.12017235904932022,0.8745644688606262,0.6403020024299622
YEL022W,YGR134W,0,1.3636637,0.12015318125486374,0.8745644688606262,0.6404181122779846
YPL240C,YJR083C,0,1.3634958,0.12013401091098785,0.8745644688606262,0.6405342817306519
YNL085W,YLR224W,0,1.3631606,0.12011484801769257,0.8745644688606262,0.6406503915786743
YHR030C,YOR222W,0,1.3629258,0.12009569257497787,0.8745644688606262,0.6407665610313416
YMR238W,YBL089W,0,1.3624935,0.12007654458284378,0.8745644688606262,0.640882670879364
YJR021C,YMR200W,0,1.3624343,0.12005739659070969,0.8745644688606262,0.6409988403320312
YDR131C,YMR240C,0,1.3592913,0.12003825604915619,0.8745644688606262,0.6411150097846985
YGR282C,YGR180C,0,1.3589816,0.12001912295818329,0.8745644688606262,0.641231119632721
YOR274W,YNR013C,0,1.3589089,0.11999999731779099,0.8745644688606262,0.6413472890853882
YPL213W,YBR075W,0,1.3586819,0.11998087912797928,0.8745644688606262,0.6414633989334106
YJL192C,YPL218W,0,1.3581529,0.11996176838874817,0.8745644688606262,0.6415795683860779
YOR304W,YOR239W,0,1.3578973,0.11994265764951706,0.8745644688606262,0.6416956782341003
YGR179C,YJL206C,0,1.3566687,0.11992355436086655,0.8745644688606262,0.6418118476867676
YJR078W,YMR218C,0,1.3566144,0.11990445852279663,0.8745644688606262,0.6419280171394348
YEL053C,YNL208W,0,1.3557603,0.11988537013530731,0.8745644688606262,0.6420441269874573
YER154W,YPR125W,1,1.3557432,0.12002547085285187,0.8757259249687195,0.6420441269874573
YJR005W,YNL092W,0,1.3548527,0.12000636756420135,0.8757259249687195,0.6421602964401245
YDR389W,YLR270W,0,1.3547204,0.11998727172613144,0.8757259249687195,0.642276406288147
YBR202W,YOR138C,0,1.3542707,0.11996817588806152,0.8757259249687195,0.6423925757408142
YGR081C,YOR292C,0,1.3538041,0.1199490949511528,0.8757259249687195,0.6425086855888367
YLR353W,YMR114C,0,1.353727,0.11993001401424408,0.8757259249687195,0.6426248550415039
YDL107W,YOL026C,1,1.3530953,0.1200699731707573,0.876887321472168,0.6426248550415039
YGL030W,YLR050C,0,1.3528192,0.12005088478326797,0.876887321472168,0.6427410244941711
YBR247C,YOL070C,0,1.3523145,0.12003179639577866,0.876887321472168,0.6428571343421936
YGL112C,YKR019C,0,1.3515694,0.12001271545886993,0.876887321472168,0.6429733037948608
YMR117C,YGL170C,0,1.3512942,0.11999364197254181,0.876887321472168,0.6430894136428833
YDL206W,YGL244W,0,1.351114,0.11997457593679428,0.876887321472168,0.6432055830955505
YHR175W,YOR008C,0,1.3509372,0.11995550990104675,0.876887321472168,0.643321692943573
YDR310C,YGL236C,0,1.3507122,0.11993645876646042,0.876887321472168,0.6434378623962402
YJR005W,YJR040W,0,1.3506277,0.11991740763187408,0.876887321472168,0.6435540318489075
YER013W,YOR311C,0,1.3501081,0.11989836394786835,0.876887321472168,0.6436701416969299
YBR002C,YKL171W,0,1.3492278,0.1198793277144432,0.876887321472168,0.6437863111495972
YOR206W,YGL226C-A,0,1.3490695,0.11986029893159866,0.876887321472168,0.6439024209976196
YKL190W,YDR476C,0,1.3487948,0.11984127014875412,0.876887321472168,0.6440185904502869
YPR011C,YOR243C,0,1.3476698,0.11982224881649017,0.876887321472168,0.6441347002983093
YGR282C,YOR099W,0,1.3471954,0.11980323493480682,0.876887321472168,0.6442508697509766
YMR272C,YOL136C,0,1.3464397,0.11978422850370407,0.876887321472168,0.6443670392036438
YBR274W,YOR251C,0,1.3452864,0.11976522952318192,0.876887321472168,0.6444831490516663
YGL122C,YHR168W,0,1.3451778,0.11974623054265976,0.876887321472168,0.6445993185043335
YGL244W,YMR114C,0,1.3442159,0.1197272464632988,0.876887321472168,0.644715428352356
YPR072W,YGR020C,0,1.344131,0.11970826238393784,0.876887321472168,0.6448315978050232
YOL145C,YDR062W,0,1.3439924,0.11968928575515747,0.876887321472168,0.6449477076530457
YOL104C,YOR285W,0,1.3426034,0.1196703091263771,0.876887321472168,0.6450638771057129
YMR039C,YOL155C,0,1.341803,0.11965134739875793,0.876887321472168,0.6451800465583801
YGR032W,YBR276C,0,1.3415817,0.11963238567113876,0.876887321472168,0.6452961564064026
YDR419W,YDR392W,0,1.3414948,0.11961343139410019,0.876887321472168,0.6454123258590698
YOR176W,YDL024C,0,1.341346,0.11959448456764221,0.876887321472168,0.6455284357070923
YGL172W,YOR099W,0,1.341105,0.11957554519176483,0.876887321472168,0.6456446051597595
YGL180W,YIL047C,0,1.3409958,0.11955661326646805,0.876887321472168,0.645760715007782
YFL010W-A,YPL273W,0,1.3403401,0.11953768134117126,0.876887321472168,0.6458768844604492
YOR310C,YOR382W,0,1.3401606,0.11951875686645508,0.876887321472168,0.6459930539131165
YHR214C-B,YGR010W,0,1.3398087,0.11949983984231949,0.876887321472168,0.6461091637611389
YGR179C,YMR099C,0,1.3396606,0.1194809302687645,0.876887321472168,0.6462253332138062
YDR131C,YIL080W,0,1.3392806,0.1194620281457901,0.876887321472168,0.6463414430618286
YOR126C,YHR135C,0,1.3384775,0.1194431260228157,0.876887321472168,0.6464576125144958
YGR143W,YDL045C,0,1.3383243,0.1194242313504219,0.876887321472168,0.6465737223625183
YDR131C,YKL186C,0,1.3372699,0.1194053441286087,0.876887321472168,0.6466898918151855
YBR294W,YOR261C,0,1.3371971,0.1193864643573761,0.876887321472168,0.6468060612678528
YGR081C,YGL220W,0,1.3370374,0.11936759203672409,0.876887321472168,0.6469221711158752
YKL201C,YNR010W,0,1.3365897,0.11934871971607208,0.876887321472168,0.6470383405685425
YHR030C,YKL094W,0,1.3364477,0.11932985484600067,0.876887321472168,0.6471544504165649
YLR005W,YJR140C,0,1.3363976,0.11931099742650986,0.876887321472168,0.6472706198692322
YOL102C,YNL006W,0,1.33575,0.11929214745759964,0.876887321472168,0.6473867893218994
YCL074W,YMR284W,0,1.3349787,0.11927330493927002,0.876887321472168,0.6475028991699219
YHR214C-B,YBL052C,0,1.3349042,0.1192544624209404,0.876887321472168,0.6476190686225891
YDR131C,YNL282W,0,1.3348937,0.11923562735319138,0.876887321472168,0.6477351784706116
YER150W,YPR127W,0,1.3347592,0.11921679973602295,0.876887321472168,0.6478513479232788
YOR054C,YBR274W,0,1.3330867,0.11919797956943512,0.876887321472168,0.6479674577713013
YOR292C,YMR078C,0,1.3327532,0.11917916685342789,0.876887321472168,0.6480836272239685
YDR454C,YER087W,0,1.332722,0.11916035413742065,0.876887321472168,0.6481997966766357
YHR214C-B,YCL052C,0,1.3326075,0.11914154887199402,0.876887321472168,0.6483159065246582
YMR218C,YDR457W,0,1.332403,0.11912275105714798,0.876887321472168,0.6484320759773254
YOL112W,YBL085W,0,1.3322446,0.11910396069288254,0.876887321472168,0.6485481858253479
YBR118W,YGR145W,0,1.3321581,0.1190851703286171,0.876887321472168,0.6486643552780151
YDL217C,YNR017W,1,1.3318722,0.11922409385442734,0.8780487775802612,0.6486643552780151
YJR026W,YOR098C,0,1.3317103,0.1192052960395813,0.8780487775802612,0.6487804651260376
YBR223C,YJL079C,0,1.3312442,0.11918650567531586,0.8780487775802612,0.6488966345787048
YJL191W,YKR102W,0,1.3306329,0.11916771531105042,0.8780487775802612,0.6490128040313721
YDR453C,YMR238W,0,1.3306253,0.11914893984794617,0.8780487775802612,0.6491289138793945
YEL022W,YBR128C,0,1.3302498,0.11913016438484192,0.8780487775802612,0.6492450833320618
YML073C,YMR087W,0,1.3299696,0.11911138892173767,0.8780487775802612,0.6493611931800842
YNL010W,YBR093C,0,1.3298736,0.11909262835979462,0.8780487775802612,0.6494773626327515
YGL180W,YGR216C,0,1.3298017,0.11907386779785156,0.8780487775802612,0.6495934724807739
YDR083W,YNL238W,0,1.3295052,0.1190551146864891,0.8780487775802612,0.6497096419334412
YNL127W,YDR332W,0,1.3293056,0.11903636902570724,0.8780487775802612,0.6498258113861084
YJL114W,YJR151C,0,1.329289,0.11901763081550598,0.8780487775802612,0.6499419212341309
YAR035W,YDR444W,0,1.329181,0.11899890005588531,0.8780487775802612,0.6500580906867981
YJR028W,YML036W,0,1.3284029,0.11898016929626465,0.8780487775802612,0.6501742005348206
YJR036C,YGL183C,0,1.3282721,0.11896144598722458,0.8780487775802612,0.6502903699874878
YBL112C,YKL203C,0,1.3282095,0.1189427301287651,0.8780487775802612,0.6504064798355103
YOR237W,YKL074C,0,1.327918,0.11892402172088623,0.8780487775802612,0.6505226492881775
YKL206C,YML039W,0,1.3278949,0.11890531331300735,0.8780487775802612,0.6506388187408447
YKL013C,YOL026C,1,1.3277314,0.11904387176036835,0.8792102336883545,0.6506388187408447
YJL166W,YGR134W,0,1.3273447,0.11902515590190887,0.8792102336883545,0.6507549285888672
YCR014C,YDR226W,0,1.3270619,0.11900644749403,0.8792102336883545,0.6508710980415344
YKR036C,YER125W,1,1.3268626,0.11914492398500443,0.8803716897964478,0.6508710980415344
YMR046C,YGL019W,0,1.3267329,0.11912620067596436,0.8803716897964478,0.6509872078895569
YKL190W,YMR273C,0,1.3265185,0.11910747736692429,0.8803716897964478,0.6511033773422241
YNL153C,YML058W-A,0,1.3264627,0.11908876895904541,0.8803716897964478,0.6512194871902466
YDR332W,YLR330W,0,1.3264506,0.11907006055116653,0.8803716897964478,0.6513356566429138
YEL029C,YCR002C,0,1.3259045,0.11905135959386826,0.8803716897964478,0.651451826095581
YMR241W,YBR192W,1,1.3256342,0.11918970197439194,0.8815330862998962,0.651451826095581
YKL171W,YNR044W,0,1.3251296,0.11917098611593246,0.8815330862998962,0.6515679359436035
YBR037C,YLR213C,0,1.3241374,0.11915227770805359,0.8815330862998962,0.6516841053962708
YDR460W,YKR002W,0,1.3240409,0.11913357675075531,0.8815330862998962,0.6518002152442932
YKL189W,YDR404C,0,1.323359,0.11911487579345703,0.8815330862998962,0.6519163846969604
YJL225C,YNR002C,0,1.3231384,0.11909618973731995,0.8815330862998962,0.6520324945449829
YPR024W,YPR133W-A,1,1.3217435,0.11923439055681229,0.8826945424079895,0.6520324945449829
YHR004C,YNL238W,0,1.3215945,0.11921568959951401,0.8826945424079895,0.6521486639976501
YEL053C,YOL104C,0,1.3214178,0.11919698864221573,0.8826945424079895,0.6522648334503174
YDL028C,YJR140C,0,1.3213053,0.11917829513549805,0.8826945424079895,0.6523809432983398
YLR289W,YIL177C,0,1.3204331,0.11915960907936096,0.8826945424079895,0.6524971127510071
YFL066C,YDL128W,0,1.319736,0.11914093047380447,0.8826945424079895,0.6526132225990295
YBR275C,YGR134W,0,1.3190863,0.11912225931882858,0.8826945424079895,0.6527293920516968
YOR098C,YGL216W,0,1.3181753,0.11910358816385269,0.8826945424079895,0.6528455018997192
YPR111W,YDR285W,0,1.3179669,0.1190849244594574,0.8826945424079895,0.6529616713523865
YDR498C,YDR159W,0,1.3169045,0.1190662682056427,0.8826945424079895,0.6530778408050537
YDR137W,YMR193W,0,1.3167591,0.1190476194024086,0.8826945424079895,0.6531939506530762
YEL022W,YGL236C,0,1.3163939,0.1190289705991745,0.8826945424079895,0.6533101201057434
YJR119C,YLR209C,0,1.3161685,0.11901033669710159,0.8826945424079895,0.6534262299537659
YMR123W,YDR072C,0,1.3149557,0.11899170279502869,0.8826945424079895,0.6535423994064331
YDL206W,YOR279C,0,1.3147523,0.11897307634353638,0.8826945424079895,0.6536585092544556
YPR060C,YFL054C,0,1.3145986,0.11895444989204407,0.8826945424079895,0.6537746787071228
YDR454C,YCR002C,0,1.3144672,0.11893583834171295,0.8826945424079895,0.65389084815979
YJL030W,YNL290W,0,1.3139681,0.11891722679138184,0.8826945424079895,0.6540069580078125
YJR005W,YPR138C,0,1.3134949,0.11889862269163132,0.8826945424079895,0.6541231274604797
YLR321C,YNL259C,0,1.3130647,0.1188800260424614,0.8826945424079895,0.6542392373085022
YJL225C,YDL055C,0,1.312916,0.11886142939329147,0.8826945424079895,0.6543554067611694
YMR061W,YGR089W,0,1.3124049,0.11884284764528275,0.8826945424079895,0.6544715166091919
YMR112C,YDL083C,0,1.312243,0.11882426589727402,0.8826945424079895,0.6545876860618591
YLR390W,YLR042C,0,1.3121932,0.11880569159984589,0.8826945424079895,0.6547038555145264
YPL007C,YDR260C,0,1.3121793,0.11878711730241776,0.8826945424079895,0.6548199653625488
YGL170C,YLR009W,0,1.3115275,0.11876855790615082,0.8826945424079895,0.6549361348152161
YJR107W,YKL186C,0,1.3114498,0.11874999850988388,0.8826945424079895,0.6550522446632385
YOL165C,YNL178W,0,1.310303,0.11873144656419754,0.8826945424079895,0.6551684141159058
YOR304C-A,YGL216W,0,1.3102365,0.1187129020690918,0.8826945424079895,0.6552845239639282
YOL038W,YMR046C,0,1.3101155,0.11869436502456665,0.8826945424079895,0.6554006934165955
YNR004W,YGL169W,0,1.3094797,0.1186758279800415,0.8826945424079895,0.6555168628692627
YCR014C,YJR028W,0,1.3092446,0.11865729838609695,0.8826945424079895,0.6556329727172852
YGR081C,YGR036C,0,1.307847,0.118638776242733,0.8826945424079895,0.6557491421699524
YKR036C,YBR192W,1,1.3074274,0.118776336312294,0.8838559985160828,0.6557491421699524
YLR330W,YJL206C,0,1.3072524,0.11875779926776886,0.8838559985160828,0.6558652520179749
YAL016W,YBL068W,0,1.3066742,0.11873926967382431,0.8838559985160828,0.6559814214706421
YOR138C,YOR324C,0,1.3066518,0.11872074753046036,0.8838559985160828,0.6560975313186646
YPR024W,YKL013C,1,1.3061489,0.1188582107424736,0.8850173950195312,0.6560975313186646
YBR278W,YDL121C,0,1.3060074,0.11883967369794846,0.8850173950195312,0.6562137007713318
YER101C,YBR129C,0,1.3056394,0.1188211441040039,0.8850173950195312,0.656329870223999
YML051W,YGL051W,0,1.3055618,0.11880262196063995,0.8850173950195312,0.6564459800720215
YGR199W,YIL080W,0,1.3048334,0.118784099817276,0.8850173950195312,0.6565621495246887
YKL171W,YNL027W,0,1.3047636,0.11876558512449265,0.8850173950195312,0.6566782593727112
YPL007C,YDR472W,0,1.304528,0.11874707788228989,0.8850173950195312,0.6567944288253784
YIR025W,YOR378W,0,1.3044242,0.11872857809066772,0.8850173950195312,0.6569105982780457
YPL007C,YDR404C,0,1.3043723,0.11871007829904556,0.8850173950195312,0.6570267081260681
YLR401C,YDR109C,0,1.304354,0.118691585958004,0.8850173950195312,0.6571428775787354
YAL017W,YDR229W,0,1.304244,0.11867310106754303,0.8850173950195312,0.6572589874267578
YER154W,YNL070W,1,1.3032305,0.11881034076213837,0.8861788511276245,0.6572589874267578
YJL114W,YGL186C,0,1.3032198,0.1187918409705162,0.8861788511276245,0.657375156879425
YJR119C,YJL171C,0,1.3029667,0.11877334862947464,0.8861788511276245,0.6574912667274475
YJL187C,YGR134W,0,1.3021553,0.11875486373901367,0.8861788511276245,0.6576074361801147
YLR203C,YMR099C,0,1.3015895,0.1187363862991333,0.8861788511276245,0.657723605632782
YGL236C,YNL238W,0,1.3009493,0.11871790885925293,0.8861788511276245,0.6578397154808044
YPL042C,YML039W,0,1.300776,0.11869943886995316,0.8861788511276245,0.6579558849334717
YHR030C,YGL026C,0,1.3007531,0.11868097633123398,0.8861788511276245,0.6580719947814941
YDR530C,YFR021W,0,1.3007396,0.1186625212430954,0.8861788511276245,0.6581881642341614
YNL281W,YKL175W,0,1.2998362,0.11864406615495682,0.8861788511276245,0.6583042740821838
YPR198W,YBR222C,0,1.2994454,0.11862561851739883,0.8861788511276245,0.6584204435348511
YCL074W,YML049C,0,1.298944,0.11860717833042145,0.8861788511276245,0.6585366129875183
YDR310C,YJL004C,0,1.29881,0.11858874559402466,0.8861788511276245,0.6586527228355408
YMR114C,YNL290W,0,1.2985172,0.11857032030820847,0.8861788511276245,0.658768892288208
YLL003W,YPL259C,0,1.2978606,0.11855189502239227,0.8861788511276245,0.6588850021362305
YGR177C,YER002W,0,1.2973355,0.11853347718715668,0.8861788511276245,0.6590011715888977
YER103W,YKL061W,0,1.2973292,0.11851506680250168,0.8861788511276245,0.6591172814369202
YPR035W,YFR018C,0,1.2967234,0.11849666386842728,0.8861788511276245,0.6592334508895874
YKL190W,YGR222W,0,1.2967129,0.11847826093435287,0.8861788511276245,0.6593496203422546
YIL143C,YML132W,0,1.2966986,0.11845986545085907,0.8861788511276245,0.6594657301902771
YGR113W,YGL256W,0,1.2964997,0.11844147741794586,0.8861788511276245,0.6595818996429443
YPL244C,YIL133C,0,1.2962666,0.11842309683561325,0.8861788511276245,0.6596980094909668
YDR369C,YER087C-B,0,1.295925,0.11840471625328064,0.8861788511276245,0.659814178943634
YGL241W,YGR084C,0,1.2953397,0.11838634312152863,0.8861788511276245,0.6599302887916565
YLR197W,YOR355W,0,1.2952888,0.11836797744035721,0.8861788511276245,0.6600464582443237
YPR204W,YGR271W,0,1.2949828,0.11834961920976639,0.8861788511276245,0.660162627696991
YJL112W,YNL026W,1,1.2948608,0.11848635226488113,0.8873403072357178,0.660162627696991
YJR147W,YBL113C,0,1.2946576,0.11846797913312912,0.8873403072357178,0.6602787375450134
YGR012W,YGR077C,0,1.2945461,0.1184496134519577,0.8873403072357178,0.6603949069976807
YDL121C,YFL045C,0,1.2941597,0.11843124777078629,0.8873403072357178,0.6605110168457031
YMR136W,YEL041W,0,1.2936409,0.11841289699077606,0.8873403072357178,0.6606271862983704
YNR018W,YDR416W,0,1.2932911,0.11839454621076584,0.8873403072357178,0.6607432961463928
YNL138W,YNL258C,0,1.2927759,0.11837620288133621,0.8873403072357178,0.6608594655990601
YNL032W,YPL208W,0,1.2918966,0.11835785955190659,0.8873403072357178,0.6609756350517273
YPR187W,YHR061C,0,1.2915022,0.11833953112363815,0.8873403072357178,0.6610917448997498
YPR167C,YML039W,0,1.2914038,0.11832120269536972,0.8873403072357178,0.661207914352417
YOR054C,YDR164C,0,1.2913562,0.11830288171768188,0.8873403072357178,0.6613240242004395
YEL053C,YMR213W,0,1.2909801,0.11828456073999405,0.8873403072357178,0.6614401936531067
YBR118W,YEL037C,0,1.290808,0.11826625466346741,0.8873403072357178,0.6615563035011292
YGL226C-A,YDL083C,0,1.2907162,0.11824794858694077,0.8873403072357178,0.6616724729537964
YKL082C,YNL307C,0,1.2904749,0.11822964996099472,0.8873403072357178,0.6617886424064636
YBR020W,YGL060W,0,1.2902111,0.11821135878562927,0.8873403072357178,0.6619047522544861
YMR172W,YLR359W,0,1.289433,0.11819306761026382,0.8873403072357178,0.6620209217071533
YDL217C,YBR192W,1,1.2889695,0.11832946538925171,0.888501763343811,0.6620209217071533
YBR125C,YMR268W-A,0,1.2889107,0.11831116676330566,0.888501763343811,0.6621370315551758
YOR297C,YNL079C,1,1.2883384,0.11844750493764877,0.8896631598472595,0.6621370315551758
YIL134W,YPR162C,0,1.2882534,0.11842919141054153,0.8896631598472595,0.662253201007843
YLL043W,YLR391W,0,1.2878461,0.11841088533401489,0.8896631598472595,0.6623693108558655
YML030W,YBL091C-A,0,1.2872322,0.11839257925748825,0.8896631598472595,0.6624854803085327
YML049C,YLR151C,0,1.2872026,0.1183742880821228,0.8896631598472595,0.6626016497612
YKL124W,YGL060W,0,1.286795,0.11835599690675735,0.8896631598472595,0.6627177596092224
YDL206W,YMR227C,0,1.2865744,0.1183377131819725,0.8896631598472595,0.6628339290618896
YNL008C,YDL054C,0,1.2863936,0.11831942945718765,0.8896631598472595,0.6629500389099121
YJL178C,YDR207C,0,1.2863898,0.118301160633564,0.8896631598472595,0.6630662083625793
YMR061W,YMR173W,0,1.2853053,0.11828289180994034,0.8896631598472595,0.6631823182106018
YGL244W,YOL107W,0,1.2852778,0.11826463043689728,0.8896631598472595,0.663298487663269
YNL208W,YDR444W,0,1.2849333,0.11824636906385422,0.8896631598472595,0.6634146571159363
YPL150W,YLR206W,0,1.2849023,0.11822812259197235,0.8896631598472595,0.6635307669639587
YPR196W,YDR410C,0,1.2848492,0.11820987612009048,0.8896631598472595,0.663646936416626
YOR378W,YER162C,0,1.2844805,0.11819163709878922,0.8896631598472595,0.6637630462646484
YDR296W,YER125W,1,1.2827721,0.11832767724990845,0.8908246159553528,0.6637630462646484
YOR159C,YBR067C,0,1.2826056,0.11830942332744598,0.8908246159553528,0.6638792157173157
YDR026C,YJL155C,0,1.2824004,0.11829117685556412,0.8908246159553528,0.6639953255653381
YMR227C,YDL035C,0,1.2819076,0.11827293783426285,0.8908246159553528,0.6641114950180054
YKR071C,YBL026W,0,1.2817342,0.11825469881296158,0.8908246159553528,0.6642276644706726
YML032C,YBR072W,0,1.2801933,0.1182364746928215,0.8908246159553528,0.6643437743186951
YGL158W,YJR151C,0,1.2780426,0.11821825057268143,0.8908246159553528,0.6644599437713623
YJR138W,YFR013W,0,1.2750816,0.11820003390312195,0.8908246159553528,0.6645760536193848
YOR084W,YKR102W,0,1.2747936,0.11818181723356247,0.8908246159553528,0.664692223072052
YGL050W,YHR156C,0,1.274004,0.11816360801458359,0.8908246159553528,0.6648083329200745
YNR074C,YPL188W,0,1.2738417,0.1181454062461853,0.8908246159553528,0.6649245023727417
YER013W,YDR498C,0,1.2728963,0.11812721192836761,0.8908246159553528,0.6650406718254089
YEL022W,YJL213W,0,1.2728212,0.11810902506113052,0.8908246159553528,0.6651567816734314
YPR135W,YNL016W,0,1.2727913,0.11809083819389343,0.8908246159553528,0.6652729511260986
YFL011W-A,YKL094W,0,1.2727389,0.11807265877723694,0.8908246159553528,0.6653890609741211
YDL121C,YOL111C,0,1.271699,0.11805448681116104,0.8908246159553528,0.6655052304267883
YGR288W,YJL194W,0,1.2713344,0.11803632229566574,0.8908246159553528,0.6656213998794556
YCL074W,YBR031W,0,1.2711418,0.11801815778017044,0.8908246159553528,0.665737509727478
YDR351W,YJR026W,0,1.2709372,0.11800000071525574,0.8908246159553528,0.6658536791801453
YDR415C,YER019C-A,0,1.2707932,0.11798185110092163,0.8908246159553528,0.6659697890281677
YLR383W,YLL019C,0,1.270545,0.11796370148658752,0.8908246159553528,0.666085958480835
YOL082W,YBL058W,0,1.2699422,0.11794556677341461,0.8908246159553528,0.6662020683288574
YFL048C,YJR130C,0,1.268789,0.1179274320602417,0.8908246159553528,0.6663182377815247
YBR276C,YDR109C,0,1.2687149,0.11790929734706879,0.8908246159553528,0.6664344072341919
YMR315W,YFL054C,0,1.2685727,0.11789117753505707,0.8908246159553528,0.6665505170822144
YGR077C,YML036W,0,1.2683034,0.11787305772304535,0.8908246159553528,0.6666666865348816
YLL061W,YPR159W,0,1.2682126,0.11785494536161423,0.8908246159553528,0.666782796382904
YDR205W,YKL064W,0,1.2673736,0.1178368404507637,0.8908246159553528,0.6668989658355713
YBR095C,YHR156C,0,1.2669721,0.11781874299049377,0.8908246159553528,0.6670150756835938
YGL186C,YNR057C,0,1.2661309,0.11780064553022385,0.8908246159553528,0.667131245136261
YDR081C,YBR010W,0,1.2659497,0.11778255552053452,0.8908246159553528,0.6672474145889282
YMR046C,YOL090W,0,1.26589,0.11776447296142578,0.8908246159553528,0.6673635244369507
YOR388C,YDL015C,0,1.2656922,0.11774639040231705,0.8908246159553528,0.6674796938896179
YDR026C,YDL227C,0,1.2651107,0.1177283227443695,0.8908246159553528,0.6675958037376404
YBR274W,YLR386W,0,1.2646841,0.11771025508642197,0.8908246159553528,0.6677119731903076
YJL172W,YLR224W,0,1.2643579,0.11769218742847443,0.8908246159553528,0.6678280830383301
YDR030C,YMR168C,0,1.2643123,0.11767413467168808,0.8908246159553528,0.6679442524909973
YFL066C,YOR142W-A,0,1.2635366,0.11765608191490173,0.8908246159553528,0.6680604219436646
YOL093W,YDR332W,0,1.2630455,0.11763803660869598,0.8908246159553528,0.668176531791687
YDR138W,YPL093W,0,1.2617433,0.11761999875307083,0.8908246159553528,0.6682927012443542
YFR045W,YJL024C,0,1.2617025,0.11760196089744568,0.8908246159553528,0.6684088110923767
YBR238C,YNL192W,0,1.2614715,0.11758393049240112,0.8908246159553528,0.668524980545044
YDL215C,YKR020W,0,1.2613134,0.11756590753793716,0.8908246159553528,0.6686410903930664
YCL024W,YNL282W,0,1.2605112,0.1175478920340538,0.8908246159553528,0.6687572598457336
YLR043C,YOR216C,0,1.2603412,0.11752988398075104,0.8908246159553528,0.6688734292984009
YEL070W,YDR373W,0,1.2602866,0.11751187592744827,0.8908246159553528,0.6689895391464233
YOR388C,YML112W,0,1.2597066,0.1174938753247261,0.8908246159553528,0.6691057085990906
YJR021C,YDR062W,0,1.2589607,0.11747587472200394,0.8908246159553528,0.669221818447113
YNL273W,YIL042C,0,1.258739,0.11745788902044296,0.8908246159553528,0.6693379878997803
YJR107W,YJL192C,0,1.2584704,0.11743990331888199,0.8908246159553528,0.6694540977478027
YPR162C,YLR187W,0,1.2577591,0.11742192506790161,0.8908246159553528,0.66957026720047
YKL009W,YOR099W,0,1.2573223,0.11740394681692123,0.8908246159553528,0.6696864366531372
YKL119C,YOR162C,0,1.2564533,0.11738598346710205,0.8908246159553528,0.6698025465011597
YGL050W,YDL208W,0,1.2563813,0.11736802011728287,0.8908246159553528,0.6699187159538269
YCL018W,YGL212W,0,1.2562199,0.11735006421804428,0.8908246159553528,0.6700348258018494
YIL088C,YKL095W,0,1.2561612,0.1173321083188057,0.8908246159553528,0.6701509952545166
YLR447C,YPR006C,0,1.255786,0.1173141598701477,0.8908246159553528,0.6702671051025391
YAL024C,YOR226C,0,1.2554328,0.11729622632265091,0.8908246159553528,0.6703832745552063
YLR105C,YDL059C,0,1.255238,0.11727828532457352,0.8908246159553528,0.6704994440078735
YLL003W,YNL138W-A,0,1.2541869,0.11726035922765732,0.8908246159553528,0.670615553855896
YJR149W,YFL010W-A,0,1.253689,0.11724243313074112,0.8908246159553528,0.6707317233085632
YCL018W,YKL171W,0,1.2536764,0.11722451448440552,0.8908246159553528,0.6708478331565857
YIL139C,YFL013C,0,1.2535608,0.11720660328865051,0.8908246159553528,0.6709640026092529
YMR077C,YKL186C,0,1.2525201,0.11718869209289551,0.8908246159553528,0.6710801124572754
YKL190W,YLR321C,0,1.2516384,0.1171707883477211,0.8908246159553528,0.6711962819099426
YLR080W,YML109W,0,1.2509212,0.11715289205312729,0.8908246159553528,0.6713124513626099
YNL297C,YNR060W,0,1.2505283,0.11713500320911407,0.8908246159553528,0.6714285612106323
YOL026C,YNL070W,1,1.2503805,0.11726981401443481,0.891986072063446,0.6714285612106323
YJL187C,YPL129W,0,1.249721,0.1172519102692604,0.891986072063446,0.6715447306632996
YOR226C,YBR222C,0,1.2493,0.117234006524086,0.891986072063446,0.671660840511322
YHR077C,YMR143W,0,1.2477639,0.11721611768007278,0.891986072063446,0.6717770099639893
YBR155W,YFR018C,0,1.2471362,0.11719822883605957,0.891986072063446,0.6718931198120117
YOR324C,YKL064W,0,1.2470984,0.11718034744262695,0.891986072063446,0.672009289264679
YJL004C,YPL163C,0,1.2469044,0.11716247349977493,0.891986072063446,0.6721254587173462
YJR028W,YJR103W,0,1.2460222,0.11714459955692291,0.891986072063446,0.6722415685653687
YJL011C,YKL190W,0,1.2459085,0.11712673306465149,0.891986072063446,0.6723577380180359
YIL020C,YJL006C,0,1.2452196,0.11710887402296066,0.891986072063446,0.6724738478660583
YJL112W,YNL079C,1,1.244323,0.11724348366260529,0.8931475281715393,0.6724738478660583
YMR159C,YER190W,0,1.2443208,0.11722560971975327,0.8931475281715393,0.6725900173187256
YGR010W,YAR027W,0,1.2440083,0.11720774322748184,0.8931475281715393,0.672706127166748
YDR306C,YPL011C,0,1.2438545,0.11718988418579102,0.8931475281715393,0.6728222966194153
YJL012C-A,YOR327C,0,1.2437323,0.11717202514410019,0.8931475281715393,0.6729384660720825
YLR452C,YML006C,0,1.243228,0.11715417355298996,0.8931475281715393,0.673054575920105
YLR080W,YJL012C-A,0,1.2423489,0.11713632941246033,0.8931475281715393,0.6731707453727722
YJL071W,YDR369C,0,1.2413695,0.11711849272251129,0.8931475281715393,0.6732868552207947
YBR223C,YDR072C,0,1.2409091,0.11710065603256226,0.8931475281715393,0.6734030246734619
YPR083W,YBR192W,1,1.2404768,0.11723507940769196,0.8943089246749878,0.6734030246734619
YGR285C,YGR214W,0,1.2402167,0.11721723526716232,0.8943089246749878,0.6735191345214844
YOR274W,YMR019W,0,1.2399487,0.11719939112663269,0.8943089246749878,0.6736353039741516
YEL037C,YBR093C,0,1.2395983,0.11718155443668365,0.8943089246749878,0.6737514734268188
YPR162C,YDL128W,0,1.2386146,0.11716372519731522,0.8943089246749878,0.6738675832748413
YFL010W-A,YKR068C,0,1.2385194,0.11714590340852737,0.8943089246749878,0.6739837527275085
YDL133C-A,YHR109W,0,1.2380376,0.11712808161973953,0.8943089246749878,0.674099862575531
YFL002W-B,YEL062W,0,1.2377028,0.11711026728153229,0.8943089246749878,0.6742160320281982
YIL080W,YLR300W,0,1.2377009,0.11709246039390564,0.8943089246749878,0.6743322014808655
YOR145C,YPR006C,0,1.237519,0.11707465350627899,0.8943089246749878,0.6744483113288879
YOR159C,YDR460W,0,1.2374866,0.11705685406923294,0.8943089246749878,0.6745644807815552
YLR028C,YPR091C,0,1.2370021,0.11703906208276749,0.8943089246749878,0.6746805906295776
YGR144W,YNR035C,1,1.2369559,0.11717325448989868,0.895470380783081,0.6746805906295776
YOL112W,YDL225W,0,1.2368689,0.11715544760227203,0.895470380783081,0.6747967600822449
YJL200C,YGL174W,0,1.2364943,0.11713764816522598,0.895470380783081,0.6749128699302673
YDR383C,YOL054W,0,1.2364699,0.11711985617876053,0.895470380783081,0.6750290393829346
YMR193W,YDR159W,0,1.2364163,0.11710206419229507,0.895470380783081,0.6751452088356018
YLR305C,YDR496C,0,1.236186,0.11708427965641022,0.895470380783081,0.6752613186836243
YNL273W,YJR083C,0,1.2342887,0.11706650257110596,0.895470380783081,0.6753774881362915
YNL079C,YOR232W,1,1.2340076,0.11720054596662521,0.8966318368911743,0.6753774881362915
YGL200C,YML056C,0,1.2336199,0.11718275398015976,0.8966318368911743,0.675493597984314
YGL158W,YOR251C,0,1.2334607,0.1171649694442749,0.8966318368911743,0.6756097674369812
YDR030C,YLR305C,0,1.233419,0.11714719235897064,0.8966318368911743,0.6757258772850037
YOL004W,YER190W,0,1.2326183,0.11712941527366638,0.8966318368911743,0.6758420467376709
YPR137C-A,YKL144C,0,1.23214,0.11711165308952332,0.8966318368911743,0.6759582161903381
YNL010W,YBR172C,0,1.2315936,0.11709389090538025,0.8966318368911743,0.6760743260383606
YOR343W-B,YNR057C,0,1.2303171,0.11707612872123718,0.8966318368911743,0.6761904954910278
YLR033W,YDR262W,0,1.2301009,0.11705837398767471,0.8966318368911743,0.6763066053390503
YIL135C,YOL028C,0,1.2297267,0.11704063415527344,0.8966318368911743,0.6764227747917175
YNL127W,YER185W,0,1.2290788,0.11702288687229156,0.8966318368911743,0.67653888463974
YMR089C,YDL142C,1,1.2284989,0.11715671420097351,0.8977932929992676,0.67653888463974
YDR454C,YIL035C,0,1.2283431,0.11713895946741104,0.8977932929992676,0.6766550540924072
YHL012W,YKR008W,0,1.2280738,0.11712121218442917,0.8977932929992676,0.6767712235450745
YER125W,YLR163C,1,1.2272503,0.11725496500730515,0.8989546895027161,0.6767712235450745
YDR064W,YDR444W,0,1.227085,0.11723720282316208,0.8989546895027161,0.6768873333930969
YPR171W,YLR329W,0,1.2254133,0.11721944808959961,0.8989546895027161,0.6770035028457642
YDL036C,YNL297C,0,1.2248268,0.11720169335603714,0.8989546895027161,0.6771196126937866
YKL205W,YDR140W,0,1.2236767,0.11718395352363586,0.8989546895027161,0.6772357821464539
YGR252W,YGR134W,0,1.2230089,0.11716621369123459,0.8989546895027161,0.6773518919944763
YMR019W,YDR195W,0,1.2229826,0.11714848130941391,0.8989546895027161,0.6774680614471436
YJL214W,YMR200W,0,1.2228768,0.11713074892759323,0.8989546895027161,0.6775842308998108
YCL074W,YFL013C,0,1.2227223,0.11711302399635315,0.8989546895027161,0.6777003407478333
YGR268C,YBR238C,0,1.2222986,0.11709530651569366,0.8989546895027161,0.6778165102005005
YDL097C,YMR159C,0,1.2215394,0.11707759648561478,0.8989546895027161,0.677932620048523
YBL098W,YML132W,0,1.221533,0.11705989390611649,0.8989546895027161,0.6780487895011902
YFL045C,YBR257W,0,1.2214911,0.1170421913266182,0.8989546895027161,0.6781648993492126
YOR323C,YOR025W,0,1.2207437,0.1170244961977005,0.8989546895027161,0.6782810688018799
YHR004C,YKL189W,0,1.2206655,0.1170068010687828,0.8989546895027161,0.6783972382545471
YDR453C,YMR268W-A,0,1.2203476,0.1169891208410263,0.8989546895027161,0.6785133481025696
YJL114W,YKR057W,0,1.2202873,0.1169714406132698,0.8989546895027161,0.6786295175552368
YJL114W,YAL022C,0,1.2198989,0.1169537603855133,0.8989546895027161,0.6787456274032593
YOR388C,YNL138W-A,0,1.2195847,0.116936095058918,0.8989546895027161,0.6788617968559265
YGR239C,YIL047C,0,1.2192137,0.11691842973232269,0.8989546895027161,0.678977906703949
YOL129W,YML039W,0,1.2191534,0.11690077185630798,0.8989546895027161,0.6790940761566162
YIL132C,YIR032C,0,1.2191145,0.11688311398029327,0.8989546895027161,0.6792102456092834
YOR243C,YLR386W,0,1.2184577,0.11686547100543976,0.8989546895027161,0.6793263554573059
YOL028C,YKL096W-A,0,1.2175069,0.11684782803058624,0.8989546895027161,0.6794425249099731
YLR440C,YLR330W,0,1.2174788,0.11683018505573273,0.8989546895027161,0.6795586347579956
YGR238C,YGL046W,0,1.2174203,0.1168125569820404,0.8989546895027161,0.6796748042106628
YKL119C,YOR353C,0,1.2174044,0.11679492890834808,0.8989546895027161,0.6797909140586853
YKL189W,YMR273C,0,1.2169468,0.11677730828523636,0.8989546895027161,0.6799070835113525
YIL080W,YEL070W,0,1.2165716,0.11675969511270523,0.8989546895027161,0.6800232529640198
YMR112C,YLR291C,0,1.2155855,0.1167420819401741,0.8989546895027161,0.6801393628120422
YGR020C,YIR039C,0,1.2151957,0.11672447621822357,0.8989546895027161,0.6802555322647095
YLR410W-B,YPR138C,0,1.2148235,0.11670687794685364,0.8989546895027161,0.6803716421127319
YDL036C,YNR018W,0,1.2137203,0.1166892796754837,0.8989546895027161,0.6804878115653992
YOR274W,YDR062W,0,1.2135425,0.11667168885469437,0.8989546895027161,0.6806039214134216
YPL083C,YLR425W,0,1.2133465,0.11665410548448563,0.8989546895027161,0.6807200908660889
YIL170W,YLR224W,0,1.2125201,0.11663652956485748,0.8989546895027161,0.6808362603187561
YPL129W,YEL029C,0,1.2122638,0.11661895364522934,0.8989546895027161,0.6809523701667786
YMR176W,YOR251C,0,1.2121167,0.1166013851761818,0.8989546895027161,0.6810685396194458
YIL128W,YOL010W,0,1.2118869,0.11658382415771484,0.8989546895027161,0.6811846494674683
YLR141W,YMR268W-A,0,1.2111976,0.1165662631392479,0.8989546895027161,0.6813008189201355
YDR415C,YER137C,0,1.2093539,0.11654870957136154,0.8989546895027161,0.681416928768158
YNL283C,YPR137W,0,1.2090901,0.11653116345405579,0.8989546895027161,0.6815330982208252
YHR214C-B,YDR498C,0,1.2083116,0.11651362478733063,0.8989546895027161,0.6816492676734924
YDR419W,YDR174W,0,1.2077323,0.11649608612060547,0.8989546895027161,0.6817653775215149
YMR179W,YIL177C,0,1.2071342,0.11647855490446091,0.8989546895027161,0.6818815469741821
YGR199W,YER130C,0,1.2063575,0.11646103113889694,0.8989546895027161,0.6819976568222046
YNL160W,YGL190C,0,1.2062517,0.11644350737333298,0.8989546895027161,0.6821138262748718
YLL061W,YDR364C,0,1.2059683,0.11642599105834961,0.8989546895027161,0.6822299361228943
YNL122C,YCR002C,0,1.2055962,0.11640848219394684,0.8989546895027161,0.6823461055755615
YJL155C,YOR148C,0,1.2055937,0.11639098078012466,0.8989546895027161,0.6824622750282288
YDR476C,YNL092W,0,1.2051439,0.11637347936630249,0.8989546895027161,0.6825783848762512
YGR282C,YKL174C,0,1.2044868,0.11635598540306091,0.8989546895027161,0.6826945543289185
YKL126W,YKR103W,0,1.2042913,0.11633849143981934,0.8989546895027161,0.6828106641769409
YNR002C,YCL032W,0,1.203867,0.11632101237773895,0.8989546895027161,0.6829268336296082
YOR283W,YBR141C,0,1.2026403,0.11630353331565857,0.8989546895027161,0.6830430030822754
YCL074W,YNL192W,0,1.2026005,0.11628605425357819,0.8989546895027161,0.6831591129302979
YLL008W,YKR055W,0,1.2019594,0.116268590092659,0.8989546895027161,0.6832752823829651
YML058W-A,YPR152C,0,1.2014685,0.11625112593173981,0.8989546895027161,0.6833913922309875
YPR182W,YOR138C,0,1.201119,0.11623366922140121,0.8989546895027161,0.6835075616836548
YOR145C,YLR380W,0,1.2006648,0.11621621251106262,0.8989546895027161,0.6836236715316772
YKR071C,YOR194C,0,1.2000861,0.11619877070188522,0.8989546895027161,0.6837398409843445
YDL216C,YDR332W,0,1.1994731,0.11618132889270782,0.8989546895027161,0.6838560104370117
YDR451C,YJL134W,0,1.1993079,0.11616388708353043,0.8989546895027161,0.6839721202850342
YKL119C,YCR055C,0,1.1989236,0.11614646017551422,0.8989546895027161,0.6840882897377014
YMR077C,YML071C,0,1.198566,0.11612903326749802,0.8989546895027161,0.6842043995857239
YJL114W,YDL083C,0,1.1981887,0.11611161381006241,0.8989546895027161,0.6843205690383911
YDR337W,YER137C,0,1.197578,0.1160941943526268,0.8989546895027161,0.6844366788864136
YKL093W,YDL035C,0,1.1969562,0.11607678234577179,0.8989546895027161,0.6845528483390808
YGR113W,YOR285W,0,1.1969107,0.11605937778949738,0.8989546895027161,0.684669017791748
YOR274W,YMR176W,0,1.1960359,0.11604198068380356,0.8989546895027161,0.6847851276397705
YLR043C,YFL054C,0,1.1945755,0.11602458357810974,0.8989546895027161,0.6849012970924377
YOR283W,YBR187W,0,1.1941392,0.11600719392299652,0.8989546895027161,0.6850174069404602
YKR103W,YDL083C,0,1.1934355,0.1159898117184639,0.8989546895027161,0.6851335763931274
YNL304W,YPR125W,1,1.1931381,0.11612226814031601,0.9001161456108093,0.6851335763931274
YBR037C,YMR075W,0,1.192903,0.11610487103462219,0.9001161456108093,0.6852496862411499
YIL134W,YJL225C,0,1.1925642,0.11608747392892838,0.9001161456108093,0.6853658556938171
YOL142W,YBR150C,0,1.1919961,0.11607009172439575,0.9001161456108093,0.6854820251464844
YNR013C,YLR330W,0,1.1918602,0.11605270951986313,0.9001161456108093,0.6855981349945068
YJL130C,YMR267W,0,1.191426,0.1160353347659111,0.9001161456108093,0.6857143044471741
YOL070C,YJL187C,0,1.190716,0.11601796746253967,0.9001161456108093,0.6858304142951965
YGL068W,YNL138W-A,0,1.1906965,0.11600060015916824,0.9001161456108093,0.6859465837478638
YOR074C,YLR103C,0,1.1905371,0.11598324030637741,0.9001161456108093,0.6860626935958862
YNL027W,YFR052W,0,1.1896806,0.11596588045358658,0.9001161456108093,0.6861788630485535
YDR062W,YDR496C,0,1.1896446,0.11594853550195694,0.9001161456108093,0.6862950325012207
YFL057C,YKL206C,0,1.1895155,0.1159311905503273,0.9001161456108093,0.6864111423492432
YNL274C,YDR403W,0,1.1891934,0.11591385304927826,0.9001161456108093,0.6865273118019104
YFL011W-A,YPL131W,0,1.1890647,0.11589651554822922,0.9001161456108093,0.6866434216499329
YDR260C,YLR350W,0,1.1883855,0.11587918549776077,0.9001161456108093,0.6867595911026001
YCR030C,YIL132C,0,1.187223,0.11586186289787292,0.9001161456108093,0.6868757009506226
YJR028W,YMR308C,0,1.1856093,0.11584454774856567,0.9001161456108093,0.6869918704032898
YDL246C,YER130C,0,1.1855733,0.11582723259925842,0.9001161456108093,0.687108039855957
YPR125W,YNL121C,1,1.185003,0.11595935374498367,0.9012776017189026,0.687108039855957
YGL244W,YFR019W,0,1.1848874,0.11594203114509583,0.9012776017189026,0.6872241497039795
YJL124C,YGL113W,0,1.1835923,0.11592470854520798,0.9012776017189026,0.6873403191566467
YDR281C,YBR061C,0,1.1835394,0.11590739339590073,0.9012776017189026,0.6874564290046692
YKL186C,YGR255C,0,1.183526,0.11589008569717407,0.9012776017189026,0.6875725984573364
YFR018C,YOR162C,0,1.1828873,0.11587277799844742,0.9012776017189026,0.6876887083053589
YOR323C,YFL001W,0,1.1823127,0.11585547775030136,0.9012776017189026,0.6878048777580261
YPL200W,YER137C-A,0,1.1820135,0.1158381849527359,0.9012776017189026,0.6879210472106934
YGR143W,YKL095W,0,1.1819124,0.11582089215517044,0.9012776017189026,0.6880371570587158
YLL034C,YCR097WB,0,1.1815734,0.11580361425876617,0.9012776017189026,0.6881533265113831
YMR269W,YOR324C,0,1.1813836,0.11578632891178131,0.9012776017189026,0.6882694363594055
YGL241W,YLR209C,0,1.1812087,0.11576905846595764,0.9012776017189026,0.6883856058120728
YNL261W,YDL197C,0,1.1808286,0.11575178802013397,0.9012776017189026,0.6885017156600952
YPL259C,YMR300C,0,1.1800345,0.1157345250248909,0.9012776017189026,0.6886178851127625
YDR403W,YLR151C,0,1.1799753,0.11571726948022842,0.9012776017189026,0.6887340545654297
YGR161W-B,YNL223W,0,1.1799629,0.11570001393556595,0.9012776017189026,0.6888501644134521
YPL167C,YOR393W,0,1.1797583,0.11568276584148407,0.9012776017189026,0.6889663338661194
YLR020C,YPR159W,0,1.1784395,0.11566552519798279,0.9012776017189026,0.6890824437141418
YGL122C,YDR306C,0,1.1782644,0.1156482845544815,0.9012776017189026,0.6891986131668091
YER154W,YBR192W,1,1.1770583,0.1157800629734993,0.9024389982223511,0.6891986131668091
YPR135W,YER162C,0,1.1761346,0.11576281487941742,0.9024389982223511,0.6893147230148315
YMR250W,YCL032W,0,1.1754556,0.11574556678533554,0.9024389982223511,0.6894308924674988
YLL017W,YIR039C,0,1.1748345,0.11572832614183426,0.9024389982223511,0.689547061920166
YNL085W,YDR159W,0,1.1746097,0.11571109294891357,0.9024389982223511,0.6896631717681885
YHR109W,YPL065W,0,1.1741302,0.11569386720657349,0.9024389982223511,0.6897793412208557
YKR103W,YOR327C,0,1.1733509,0.1156766414642334,0.9024389982223511,0.6898954510688782
YDR476C,YNR002C,0,1.1730258,0.11565942317247391,0.9024389982223511,0.6900116205215454
YMR179W,YDR229W,0,1.1729817,0.11564221233129501,0.9024389982223511,0.6901277303695679
YOR274W,YGL050W,0,1.1723418,0.11562500149011612,0.9024389982223511,0.6902438998222351
YOL102C,YDR260C,0,1.1721675,0.11560779809951782,0.9024389982223511,0.6903600692749023
YPL274W,YPR060C,0,1.1716672,0.11559059470891953,0.9024389982223511,0.6904761791229248
YNL202W,YPL065W,0,1.1710949,0.11557340621948242,0.9024389982223511,0.690592348575592
YDR512C,YNL032W,0,1.170568,0.11555621773004532,0.9024389982223511,0.6907084584236145
YOL053C-A,YNL284C,0,1.169836,0.11553903669118881,0.9024389982223511,0.6908246278762817
YHR168W,YBR281C,0,1.1689289,0.1155218556523323,0.9024389982223511,0.6909407377243042
YMR241W,YEL030W,1,1.1687505,0.11565333604812622,0.9036004543304443,0.6909407377243042
YHR029C,YJR107W,0,1.167585,0.11563614755868912,0.9036004543304443,0.6910569071769714
YNL085W,YGL186C,0,1.1674242,0.11561895906925201,0.9036004543304443,0.6911730766296387
YOR297C,YDL198C,1,1.1667106,0.11575037240982056,0.9047619104385376,0.6911730766296387
YFR013W,YGR252W,0,1.1638124,0.11573317646980286,0.9047619104385376,0.6912891864776611
YDR164C,YDR260C,0,1.1636183,0.11571598052978516,0.9047619104385376,0.6914053559303284
YGL050W,YMR114C,0,1.1635728,0.11569879949092865,0.9047619104385376,0.6915214657783508
YNL084C,YBR072W,0,1.1635156,0.11568161845207214,0.9047619104385376,0.6916376352310181
YOR168W,YLR309C,0,1.1635079,0.11566443741321564,0.9047619104385376,0.6917537450790405
YDL142C,YNL079C,1,1.1635046,0.11579572409391403,0.9059233665466309,0.6917537450790405
YBR006W,YDR261C-D,0,1.163465,0.11577853560447693,0.9059233665466309,0.6918699145317078
YMR112C,YDR304C,0,1.1633546,0.11576135456562042,0.9059233665466309,0.691986083984375
YDR527W,YOR089C,0,1.1629126,0.11574417352676392,0.9059233665466309,0.6921021938323975
YDR131C,YGL259W,0,1.1627156,0.115726999938488,0.9059233665466309,0.6922183632850647
YCR030C,YNL230C,0,1.1625793,0.1157098338007927,0.9059233665466309,0.6923344731330872
YDR454C,YLR325C,0,1.1620908,0.11569267511367798,0.9059233665466309,0.6924506425857544
YPR198W,YJL144W,0,1.1617107,0.11567551642656326,0.9059233665466309,0.6925668120384216
YDR137W,YER104W,0,1.1611942,0.11565836519002914,0.9059233665466309,0.6926829218864441
YPR137C-A,YOR239W,0,1.1607302,0.11564121395349503,0.9059233665466309,0.6927990913391113
YIL046W,YPL087W,0,1.1601186,0.1156240701675415,0.9059233665466309,0.6929152011871338
YEL031W,YHR085W,0,1.160032,0.11560693383216858,0.9059233665466309,0.693031370639801
YKR036C,YER154W,1,1.159836,0.11573799699544907,0.9070847630500793,0.693031370639801
YMR210W,YJL213W,0,1.1582873,0.11572084575891495,0.9070847630500793,0.6931474804878235
YNL032W,YDR498C,0,1.1576688,0.11570370197296143,0.9070847630500793,0.6932636499404907
YMR025W,YGR246C,0,1.1576643,0.1156865656375885,0.9070847630500793,0.693379819393158
YCR080W,YGR239C,0,1.1574693,0.11566942930221558,0.9070847630500793,0.6934959292411804
YJR082C,YGR070W,0,1.1572677,0.11565230041742325,0.9070847630500793,0.6936120986938477
YDR030C,YHR085W,0,1.1570807,0.11563517898321152,0.9070847630500793,0.6937282085418701
YDR332W,YCL034W,0,1.1569166,0.11561805754899979,0.9070847630500793,0.6938443779945374
YPL042C,YCR080W,0,1.1568228,0.11560095101594925,0.9070847630500793,0.6939604878425598
YER171W,YNL175C,0,1.1543546,0.11558383703231812,0.9070847630500793,0.694076657295227
YKL078W,YPL167C,0,1.1541808,0.11556673794984818,0.9070847630500793,0.6941928267478943
YBR075W,YOR025W,0,1.1541011,0.11554963886737823,0.9070847630500793,0.6943089365959167
YFL035C,YOR251C,0,1.1535664,0.11553254723548889,0.9070847630500793,0.694425106048584
YDL246C,YMR077C,0,1.1527598,0.11551545560359955,0.9070847630500793,0.6945412158966064
YEL037C,YMR210W,0,1.1525108,0.1154983714222908,0.9070847630500793,0.6946573853492737
YKR055W,YLR291C,0,1.1521842,0.11548129469156265,0.9070847630500793,0.6947734951972961
YFL002W-B,YKR069W,0,1.1516845,0.1154642254114151,0.9070847630500793,0.6948896646499634
YDR146C,YCR087C-A,0,1.1513319,0.11544715613126755,0.9070847630500793,0.6950058341026306
YBL005W-B,YKL206C,0,1.1508762,0.11543009430170059,0.9070847630500793,0.6951219439506531
YPL151C,YNR006W,0,1.1507101,0.11541303247213364,0.9070847630500793,0.6952381134033203
YHR074W,YNL267W,0,1.1503427,0.11539597809314728,0.9070847630500793,0.6953542232513428
YMR005W,YBL058W,0,1.1498997,0.11537893116474152,0.9070847630500793,0.69547039270401
YJL225C,YOR216C,0,1.1496971,0.11536189168691635,0.9070847630500793,0.6955865025520325
YER125W,YBR192W,1,1.1496954,0.11549254506826401,0.9082462191581726,0.6955865025520325
YCL014W,YCL004W,0,1.1495006,0.11547549068927765,0.9082462191581726,0.6957026720046997
YCR030C,YFL035C,0,1.1491432,0.11545843631029129,0.9082462191581726,0.6958188414573669
YGR180C,YBR074W,0,1.148866,0.11544139683246613,0.9082462191581726,0.6959349513053894
YCR060W,YGL014W,0,1.1488054,0.11542435735464096,0.9082462191581726,0.6960511207580566
YDL206W,YOR216C,0,1.1480961,0.1154073178768158,0.9082462191581726,0.6961672306060791
YLR353W,YOL053C-A,0,1.1477983,0.11539029330015182,0.9082462191581726,0.6962834000587463
YDR261W-A,YBR061C,0,1.1472667,0.11537326872348785,0.9082462191581726,0.6963995099067688
YCR057C,YMR046C,0,1.1470737,0.11535624414682388,0.9082462191581726,0.696515679359436
YHR132C,YDL216C,0,1.1467445,0.1153392344713211,0.9082462191581726,0.6966318488121033
YKL170W,YOR285W,0,1.1457328,0.11532222479581833,0.9082462191581726,0.6967479586601257
YPR144C,YER190W,0,1.1445045,0.11530522257089615,0.9082462191581726,0.696864128112793
YBR020W,YLR016C,0,1.1444721,0.11528822034597397,0.9082462191581726,0.6969802379608154
YOL082W,YDL059C,0,1.1436026,0.11527122557163239,0.9082462191581726,0.6970964074134827
YGR081C,YJR147W,0,1.1409191,0.1152542382478714,0.9082462191581726,0.6972125172615051
YDR383C,YDL059C,0,1.1408598,0.11523725092411041,0.9082462191581726,0.6973286867141724
YLR353W,YMR268W-A,0,1.1404096,0.11522027105093002,0.9082462191581726,0.6974448561668396
YKL168C,YDL047W,0,1.1401443,0.11520329862833023,0.9082462191581726,0.6975609660148621
YFR045W,YHR051W,0,1.139569,0.11518633365631104,0.9082462191581726,0.6976771354675293
YER087W,YBR129C,0,1.1393139,0.11516936868429184,0.9082462191581726,0.6977932453155518
YIL080W,YDR497C,0,1.1392778,0.11515241116285324,0.9082462191581726,0.697909414768219
YDR076W,YDR207C,0,1.1387123,0.11513545364141464,0.9082462191581726,0.6980255246162415
YGR052W,YCL003W,0,1.1387107,0.11511850357055664,0.9082462191581726,0.6981416940689087
YPL180W,YBL085W,0,1.1387092,0.11510156095027924,0.9082462191581726,0.6982578635215759
YLR208W,YDL047W,0,1.1384184,0.11508461833000183,0.9082462191581726,0.6983739733695984
YKL175W,YDL045C,0,1.1382167,0.11506768316030502,0.9082462191581726,0.6984901428222656
YGR155W,YOR353C,0,1.1378428,0.11505075544118881,0.9082462191581726,0.6986062526702881
YML052W,YKR026C,0,1.1371064,0.1150338351726532,0.9082462191581726,0.6987224221229553
YHR119W,YOR393W,0,1.1369035,0.11501691490411758,0.9082462191581726,0.6988385319709778
YKR036C,YLR163C,1,1.1352918,0.11514706164598465,0.9094076752662659,0.6988385319709778
YAL017W,YJL176C,0,1.1350896,0.11513012647628784,0.9094076752662659,0.698954701423645
YER055C,YDR164C,0,1.1345937,0.11511319875717163,0.9094076752662659,0.6990708708763123
YCL074W,YKR054C,0,1.1332436,0.11509627848863602,0.9094076752662659,0.6991869807243347
YDR453C,YBR271W,0,1.1332197,0.115079365670681,0.9094076752662659,0.699303150177002
YJL134W,YGR185C,0,1.1330994,0.11506245285272598,0.9094076752662659,0.6994192600250244
YGL172W,YOR377W,0,1.1328051,0.11504554748535156,0.9094076752662659,0.6995354294776917
YHR214C-B,YHR060W,0,1.1325052,0.11502864956855774,0.9094076752662659,0.6996515393257141
YGL083W,YIL108W,0,1.1314094,0.11501175165176392,0.9094076752662659,0.6997677087783813
YDR173C,YLR309C,0,1.1310711,0.11499486118555069,0.9094076752662659,0.6998838782310486
YIL002C,YGL046W,0,1.1303587,0.11497797071933746,0.9094076752662659,0.699999988079071
YOR054C,YDR460W,0,1.1296947,0.11496109515428543,0.9094076752662659,0.7001161575317383
YJL130C,YKL064W,0,1.1286955,0.1149442195892334,0.9094076752662659,0.7002322673797607
YMR013C,YCL057W,0,1.1284056,0.11492734402418137,0.9094076752662659,0.700348436832428
YOR377W,YLR301W,0,1.1280849,0.11491047590970993,0.9094076752662659,0.7004645466804504
YBR059C,YOL108C,0,1.127791,0.11489361524581909,0.9094076752662659,0.7005807161331177
YOR279C,YDR222W,0,1.1275561,0.11487676203250885,0.9094076752662659,0.7006968855857849
YOL103W-B,YDR146C,0,1.1272817,0.11485990881919861,0.9094076752662659,0.7008129954338074
YMR025W,YFL021W,0,1.1267997,0.11484306305646896,0.9094076752662659,0.7009291648864746
YDL045W-A,YBL079W,0,1.1260902,0.11482621729373932,0.9094076752662659,0.7010452747344971
YJR092W,YGL010W,0,1.1257739,0.11480938643217087,0.9094076752662659,0.7011614441871643
YLR268W,YFL054C,0,1.1249251,0.11479255557060242,0.9094076752662659,0.7012776136398315
YLR401C,YLR301W,0,1.1241171,0.11477572470903397,0.9094076752662659,0.701393723487854
YKR071C,YKL097W-A,0,1.1228387,0.11475890129804611,0.9094076752662659,0.7015098929405212
YER101C,YDR261C-D,0,1.1226368,0.11474208533763885,0.9094076752662659,0.7016260027885437
YGL122C,YLR164W,0,1.1226065,0.1147252768278122,0.9094076752662659,0.7017421722412109
YJL194W,YMR093W,0,1.1219411,0.11470846831798553,0.9094076752662659,0.7018582820892334
YBR020W,YOR194C,0,1.1207536,0.11469166725873947,0.9094076752662659,0.7019744515419006
YLR183C,YDR415C,0,1.1202512,0.11467486619949341,0.9094076752662659,0.7020906209945679
YEL022W,YLL043W,0,1.119956,0.11465807259082794,0.9094076752662659,0.7022067308425903
YJL200C,YJL192C,0,1.1198831,0.11464128643274307,0.9094076752662659,0.7023229002952576
YJL112W,YER017C,1,1.1195939,0.11477089673280716,0.9105691313743591,0.7023229002952576
YKL200C,YJL103C,0,1.1190732,0.1147540956735611,0.9105691313743591,0.70243901014328
YDR254W,YNL238W,0,1.1184273,0.11473730206489563,0.9105691313743591,0.7025551795959473
YNL016W,YLR016C,0,1.1182486,0.11472051590681076,0.9105691313743591,0.7026712894439697
YLR386W,YPL027W,0,1.1177604,0.11470372974872589,0.9105691313743591,0.702787458896637
YIL076W,YDL035C,0,1.1176684,0.11468695104122162,0.9105691313743591,0.7029036283493042
YIL002C,YOR180C,0,1.1174448,0.11467017978429794,0.9105691313743591,0.7030197381973267
YJR028W,YOR327C,0,1.1165781,0.11465340852737427,0.9105691313743591,0.7031359076499939
YLL019C,YNL092W,0,1.1159394,0.11463664472103119,0.9105691313743591,0.7032520174980164
YBR037C,YLR391W,0,1.1156247,0.11461988091468811,0.9105691313743591,0.7033681869506836
YDR389W,YEL070W,0,1.1153657,0.11460312455892563,0.9105691313743591,0.703484296798706
YPR187W,YER137C-A,0,1.115137,0.11458637565374374,0.9105691313743591,0.7036004662513733
YFL035C,YOR219C,0,1.1149502,0.11456963419914246,0.9105691313743591,0.7037166357040405
YHL012W,YMR300C,0,1.1143047,0.11455289274454117,0.9105691313743591,0.703832745552063
YKL206C,YPR159W,0,1.1139741,0.11453615874052048,0.9105691313743591,0.7039489150047302
YCL074W,YLR009W,0,1.113399,0.11451942473649979,0.9105691313743591,0.7040650248527527
YHR069C,YKL020C,0,1.113342,0.11450270563364029,0.9105691313743591,0.7041811943054199
YJR031C,YGR276C,0,1.1120138,0.1144859790802002,0.9105691313743591,0.7042973041534424
YDR403W,YLR026C,0,1.1119449,0.1144692674279213,0.9105691313743591,0.7044134736061096
YDR369C,YOL062C,0,1.1119235,0.1144525557756424,0.9105691313743591,0.7045296430587769
YLR410W-A,YGL113W,0,1.1114942,0.11443585157394409,0.9105691313743591,0.7046457529067993
YOL038W,YBR294W,0,1.1108937,0.11441914737224579,0.9105691313743591,0.7047619223594666
YLL004W,YER046W,0,1.1106844,0.11440245062112808,0.9105691313743591,0.704878032207489
YOR388C,YJR040W,0,1.1095164,0.11438576132059097,0.9105691313743591,0.7049942016601562
YMR097C,YKL001C,0,1.109237,0.11436907202005386,0.9105691313743591,0.7051103115081787
YER175C,YCR080W,0,1.1087847,0.11435239017009735,0.9105691313743591,0.705226480960846
YER175C,YDR229W,0,1.1081326,0.11433571577072144,0.9105691313743591,0.7053426504135132
YDR512C,YFL002W-B,0,1.1076373,0.11431904137134552,0.9105691313743591,0.7054587602615356
YFR036W,YLR151C,0,1.10706,0.1143023744225502,0.9105691313743591,0.7055749297142029
YFL002W-B,YGL183C,0,1.1069944,0.11428571492433548,0.9105691313743591,0.7056910395622253
YPL064C,YDR404C,0,1.1061431,0.11426905542612076,0.9105691313743591,0.7058072090148926
YDL059C,YNL281W,0,1.1060638,0.11425240337848663,0.9105691313743591,0.705923318862915
YJL225C,YHR085W,0,1.1053646,0.1142357587814331,0.9105691313743591,0.7060394883155823
YGR145W,YMR300C,0,1.1053092,0.11421911418437958,0.9105691313743591,0.7061556577682495
YPR035W,YCR080W,0,1.1049144,0.11420247703790665,0.9105691313743591,0.706271767616272
YOR038C,YBR276C,0,1.1048365,0.11418583989143372,0.9105691313743591,0.7063879370689392
YML071C,YCR057C,0,1.1046042,0.11416921764612198,0.9105691313743591,0.7065040469169617
YPL011C,YPR159W,0,1.1046016,0.11415259540081024,0.9105691313743591,0.7066202163696289
YOL103W-B,YHR211W,0,1.1041906,0.1141359731554985,0.9105691313743591,0.7067363262176514
YDR034C,YKL061W,0,1.104173,0.11411935836076736,0.9105691313743591,0.7068524956703186
YPR160W,YMR268W-A,0,1.1034229,0.11410275101661682,0.9105691313743591,0.7069686651229858
YDL246C,YKL190W,0,1.1030713,0.11408614367246628,0.9105691313743591,0.7070847749710083
YBR223C,YGL216W,0,1.1026738,0.11406955122947693,0.9105691313743591,0.7072009444236755
YGR221C,YOR355W,0,1.1022787,0.11405295133590698,0.9105691313743591,0.707317054271698
YDL142C,YLR163C,1,1.1022327,0.11418181657791138,0.9117305278778076,0.707317054271698
YPR204W,YPR198W,0,1.1013162,0.11416520923376083,0.9117305278778076,0.7074332237243652
YDL055C,YLR321C,0,1.1009457,0.11414860934019089,0.9117305278778076,0.7075493335723877
YJL200C,YDR207C,0,1.1008118,0.11413201689720154,0.9117305278778076,0.7076655030250549
YDR383C,YOR008C,0,1.1005816,0.11411542445421219,0.9117305278778076,0.7077816724777222
YEL069C,YGL010W,0,1.1005205,0.11409883946180344,0.9117305278778076,0.7078977823257446
YJR107W,YDR389W,0,1.0996616,0.11408225446939468,0.9117305278778076,0.7080139517784119
YDL198C,YBR192W,1,1.0995021,0.11421098560094833,0.9128919839859009,0.7080139517784119
YKL168C,YGL233W,0,1.0994682,0.11419439315795898,0.9128919839859009,0.7081300616264343
YOR168W,YDR262W,0,1.0986614,0.11417780071496964,0.9128919839859009,0.7082462310791016
YDR082W,YOR304W,0,1.0985808,0.11416122317314148,0.9128919839859009,0.708362340927124
YIL017W,YPL093W,0,1.0978756,0.11414463818073273,0.9128919839859009,0.7084785103797913
YOR126C,YDR233C,0,1.0974524,0.11412806808948517,0.9128919839859009,0.7085946798324585
YOL145C,YKR020W,0,1.0973775,0.11411149799823761,0.9128919839859009,0.708710789680481
YGL200C,YDL170W,0,1.0966108,0.11409493535757065,0.9128919839859009,0.7088269591331482
YKL186C,YIL035C,0,1.095624,0.11407837271690369,0.9128919839859009,0.7089430689811707
YOR343W-B,YMR115W,0,1.09479,0.11406181752681732,0.9128919839859009,0.7090592384338379
YMR145C,YOR353C,0,1.0946662,0.11404526978731155,0.9128919839859009,0.7091753482818604
YMR179W,YNR003C,0,1.0942612,0.11402872204780579,0.9128919839859009,0.7092915177345276
YER137C-A,YBR243C,0,1.093241,0.11401218175888062,0.9128919839859009,0.7094076871871948
YER103W,YOR142W-A,0,1.093241,0.11399564892053604,0.9128919839859009,0.7095237970352173
YDR144C,YOR212W,0,1.0928674,0.11397911608219147,0.9128919839859009,0.7096399664878845
YKL174C,YDR081C,0,1.0927911,0.11396259069442749,0.9128919839859009,0.709756076335907
YCL003W,YGL113W,0,1.0926812,0.11394607275724411,0.9128919839859009,0.7098722457885742
YBR150C,YPL273W,0,1.0926251,0.11392955482006073,0.9128919839859009,0.7099884152412415
YDR261C-D,YNL052W,0,1.0925527,0.11391304433345795,0.9128919839859009,0.7101045250892639
YNL147W,YMR186W,0,1.0923916,0.11389653384685516,0.9128919839859009,0.7102206945419312
YLR404W,YPR002W,0,1.092093,0.11388003826141357,0.9128919839859009,0.7103368043899536
YHR030C,YGR246C,0,1.0917656,0.11386353522539139,0.9128919839859009,0.7104529738426208
YDR512C,YBR111W-A,0,1.0915921,0.1138470470905304,0.9128919839859009,0.7105690836906433
YHR060W,YCR052W,0,1.0908699,0.1138305589556694,0.9128919839859009,0.7106852531433105
YKL126W,YLR429W,0,1.0908568,0.11381407827138901,0.9128919839859009,0.7108014225959778
YMR087W,YGL071W,0,1.0900891,0.11379759758710861,0.9128919839859009,0.7109175324440002
YBR052C,YCL060C,0,1.0900344,0.11378112435340881,0.9128919839859009,0.7110337018966675
YLR447C,YIL094C,0,1.090033,0.11376465111970901,0.9128919839859009,0.7111498117446899
YPR200C,YAL039C,0,1.0891547,0.11374819278717041,0.9128919839859009,0.7112659811973572
YOL093W,YNL175C,0,1.0890524,0.1137317344546318,0.9128919839859009,0.7113820910453796
YGR216C,YFL066C,0,1.0886245,0.1137152761220932,0.9128919839859009,0.7114982604980469
YJL087C,YLR209C,0,1.0884869,0.11369882524013519,0.9128919839859009,0.7116144299507141
YLR329W,YOR382W,0,1.0870028,0.11368238180875778,0.9128919839859009,0.7117305397987366
YFR021W,YDR498C,0,1.0866187,0.11366594582796097,0.9128919839859009,0.7118467092514038
YCL060C,YHR051W,0,1.0860429,0.11364950984716415,0.9128919839859009,0.7119628190994263
YDR261C-D,YCL025C,0,1.0844634,0.11363308131694794,0.9128919839859009,0.7120789885520935
YDL133C-A,YNL238W,0,1.0832808,0.11361665278673172,0.9128919839859009,0.712195098400116
YHR030C,YKL126W,0,1.083091,0.1136002317070961,0.9128919839859009,0.7123112678527832
YNL236W,YJL124C,0,1.0829532,0.11358381807804108,0.9128919839859009,0.7124274373054504
YDL121C,YDR226W,0,1.0816411,0.11356740444898605,0.9128919839859009,0.7125435471534729
YGL212W,YOR123C,0,1.0812607,0.11355099827051163,0.9128919839859009,0.7126597166061401
YMR218C,YMR269W,0,1.0811663,0.1135345920920372,0.9128919839859009,0.7127758264541626
YLR025W,YER087W,0,1.0809276,0.11351820081472397,0.9128919839859009,0.7128919959068298
YGR216C,YMR145C,0,1.0808654,0.11350180208683014,0.9128919839859009,0.7130081057548523
YER150W,YMR034C,0,1.0802193,0.1134854182600975,0.9128919839859009,0.7131242752075195
YNR031C,YOR353C,0,1.0793588,0.11346903443336487,0.9128919839859009,0.7132404446601868
YOR054C,YAL016W,0,1.0791644,0.11345265805721283,0.9128919839859009,0.7133565545082092
YAL022C,YDR233C,0,1.0790598,0.11343628168106079,0.9128919839859009,0.7134727239608765
YNL117W,YDR261C-D,0,1.0787838,0.11341991275548935,0.9128919839859009,0.7135888338088989
YMR315W,YCR014C,0,1.0784416,0.1134035512804985,0.9128919839859009,0.7137050032615662
YJL081C,YML080W,0,1.077944,0.11338718980550766,0.9128919839859009,0.7138211131095886
YDR416W,YNL290W,0,1.0777371,0.11337083578109741,0.9128919839859009,0.7139372825622559
YJR070C,YIL139C,0,1.077663,0.11335448175668716,0.9128919839859009,0.7140534520149231
YDR383C,YOR261C,0,1.0772538,0.11333814263343811,0.9128919839859009,0.7141695618629456
YBR031W,YNR015W,0,1.0766674,0.11332179605960846,0.9128919839859009,0.7142857313156128
YDR229W,YLR391W,0,1.075431,0.11330546438694,0.9128919839859009,0.7144018411636353
YGR177C,YCL003W,0,1.0750122,0.11328913271427155,0.9128919839859009,0.7145180106163025
YOL057W,YIR039C,0,1.0749648,0.11327280849218369,0.9128919839859009,0.714634120464325
YNR067C,YBR074W,0,1.0747714,0.11325648427009583,0.9128919839859009,0.7147502899169922
YLL002W,YMR112C,0,1.0740185,0.11324016749858856,0.9128919839859009,0.7148664593696594
YJL030W,YOL090W,0,1.0713744,0.1132238581776619,0.9128919839859009,0.7149825692176819
YGR113W,YPR152C,0,1.0705354,0.11320754885673523,0.9128919839859009,0.7150987386703491
YPR024W,YMR241W,1,1.0705072,0.1133352518081665,0.9140534400939941,0.7150987386703491
YHR069C,YBL041W,0,1.0701432,0.11331893503665924,0.9140534400939941,0.7152148485183716
YKR036C,YPR133W-A,1,1.0691195,0.11344658583402634,0.9152148962020874,0.7152148485183716
YER185W,YPL274W,0,1.0689423,0.11343025416135788,0.9152148962020874,0.7153310179710388
YLR268W,YGL216W,0,1.068867,0.11341392993927002,0.9152148962020874,0.7154471278190613
YLR447C,YNL138W-A,0,1.068558,0.11339761316776276,0.9152148962020874,0.7155632972717285
YNR074C,YPL259C,0,1.0684378,0.1133812963962555,0.9152148962020874,0.7156794667243958
YGR056W,YGL237C,0,1.068156,0.11336498707532883,0.9152148962020874,0.7157955765724182
YPR200C,YIL177C,0,1.068013,0.11334867775440216,0.9152148962020874,0.7159117460250854
YJL004C,YMR136W,0,1.0679154,0.11333237588405609,0.9152148962020874,0.7160278558731079
YHR214C-B,YNR067C,0,1.0678141,0.11331607401371002,0.9152148962020874,0.7161440253257751
YCL057W,YJL213W,0,1.0677345,0.11329978704452515,0.9152148962020874,0.7162601351737976
YIR011C,YJL200C,0,1.0675005,0.11328349262475967,0.9152148962020874,0.7163763046264648
YLR208W,YFL066C,0,1.0674219,0.1132672131061554,0.9152148962020874,0.7164924740791321
YER087W,YML052W,0,1.0669134,0.11325093358755112,0.9152148962020874,0.7166085839271545
YJL141C,YPL113C,0,1.0664277,0.11323466151952744,0.9152148962020874,0.7167247533798218
YMR097C,YGR145W,0,1.0656691,0.11321838945150375,0.9152148962020874,0.7168408632278442
YDL121C,YOR275C,0,1.0649996,0.11320212483406067,0.9152148962020874,0.7169570326805115
YIL021W,YNL208W,0,1.0634804,0.11318586766719818,0.9152148962020874,0.7170731425285339
YNR015W,YGL148W,0,1.0625634,0.1131696105003357,0.9152148962020874,0.7171893119812012
YDL111C,YER145C,0,1.0624027,0.1131533607840538,0.9152148962020874,0.7173054814338684
YHR002W,YCL034W,0,1.0621271,0.11313711106777191,0.9152148962020874,0.7174215912818909
YJR107W,YNL273W,0,1.0621047,0.11312087625265121,0.9152148962020874,0.7175377607345581
YJL140W,YGL051W,0,1.0620065,0.11310463398694992,0.9152148962020874,0.7176538705825806
YBR129C,YDR404C,0,1.0619552,0.11308840662240982,0.9152148962020874,0.7177700400352478
YER185W,YJR032W,0,1.0618465,0.11307217925786972,0.9152148962020874,0.7178861498832703
YLR305C,YHR175W,0,1.0613992,0.11305595189332962,0.9152148962020874,0.7180023193359375
YBL058W,YER098W,0,1.0608163,0.11303973942995071,0.9152148962020874,0.7181184887886047
YNR006W,YDR457W,0,1.0603652,0.11302351951599121,0.9152148962020874,0.7182345986366272
YIL139C,YDR062W,0,1.0600486,0.1130073145031929,0.9152148962020874,0.7183507680892944
YNL079C,YBR192W,1,1.0596056,0.11313449591398239,0.9163762927055359,0.7183507680892944
YDR473C,YOR142W-B,0,1.0593355,0.11311827600002289,0.9163762927055359,0.7184668779373169
YHR066W,YLR154W-A,0,1.058892,0.11310206353664398,0.9163762927055359,0.7185830473899841
YOL124C,YPL163C,0,1.0584487,0.11308585107326508,0.9163762927055359,0.7186991572380066
YDR378C,YPL252C,0,1.0579898,0.11306964606046677,0.9163762927055359,0.7188153266906738
YDR527W,YMR180C,0,1.0566542,0.11305344849824905,0.9163762927055359,0.7189314961433411
YOR145C,YNL016W,0,1.0553706,0.11303725093603134,0.9163762927055359,0.7190476059913635
YBR247C,YFL066C,0,1.0552773,0.11302106082439423,0.9163762927055359,0.7191637754440308
YER008C,YJR005W,0,1.0548275,0.11300487071275711,0.9163762927055359,0.7192798852920532
YFR019W,YDR260C,0,1.0539421,0.11298868805170059,0.9163762927055359,0.7193960547447205
YLR157C,YDR415C,0,1.0537605,0.11297250539064407,0.9163762927055359,0.7195122241973877
YJL024C,YAL029C,0,1.0535982,0.11295633763074875,0.9163762927055359,0.7196283340454102
YMR228W,YER019C-A,0,1.053102,0.11294016242027283,0.9163762927055359,0.7197445034980774
YJR005W,YGL174W,0,1.0523605,0.1129240021109581,0.9163762927055359,0.7198606133460999
YER150W,YOL054W,0,1.0521047,0.11290784180164337,0.9163762927055359,0.7199767827987671
YHR209W,YLR391W-A,0,1.0513437,0.11289168894290924,0.9163762927055359,0.7200928926467896
YLR244C,YLR228C,0,1.0509726,0.11287553608417511,0.9163762927055359,0.7202090620994568
YBL091C-A,YGL071W,0,1.0507579,0.11285939067602158,0.9163762927055359,0.720325231552124
YPR149W,YFR036W,0,1.0503225,0.11284325271844864,0.9163762927055359,0.7204413414001465
YJR107W,YDR260C,0,1.049866,0.1128271147608757,0.9163762927055359,0.7205575108528137
YOR142W-B,YOR355W,0,1.0498645,0.11281098425388336,0.9163762927055359,0.7206736207008362
YJL053W,YDL097C,0,1.0493574,0.11279485374689102,0.9163762927055359,0.7207897901535034
YHR012W,YLL002W,0,1.0489118,0.11277873069047928,0.9163762927055359,0.7209059000015259
YOR216C,YPL087W,0,1.0487802,0.11276261508464813,0.9163762927055359,0.7210220694541931
YGL170C,YML030W,0,1.047168,0.11274649947881699,0.9163762927055359,0.7211382389068604
YHR175W,YKL161C,0,1.046956,0.11273039132356644,0.9163762927055359,0.7212543487548828
YHR211W,YDL170W,0,1.0466616,0.11271428316831589,0.9163762927055359,0.72137051820755
YGR246C,YOR261C,0,1.0465853,0.11269818246364594,0.9163762927055359,0.7214866280555725
YGR288W,YDL015C,0,1.0463308,0.11268208920955658,0.9163762927055359,0.7216027975082397
YPL273W,YLR154W-A,0,1.0457201,0.11266600340604782,0.9163762927055359,0.7217189073562622
YOL112W,YGL256W,0,1.0456692,0.11264991760253906,0.9163762927055359,0.7218350768089294
YPR072W,YKL103C,0,1.0456161,0.1126338317990303,0.9163762927055359,0.7219512462615967
YDR461W,YOR340C,0,1.0451462,0.11261775344610214,0.9163762927055359,0.7220673561096191
YLR452C,YMR272C,0,1.0444732,0.11260168254375458,0.9163762927055359,0.7221835255622864
YIL139C,YDR281C,0,1.0444691,0.11258561909198761,0.9163762927055359,0.7222996354103088
YOR159C,YER055C,0,1.0440323,0.11256955564022064,0.9163762927055359,0.7224158048629761
YDR405W,YDR530C,0,1.0437808,0.11255349218845367,0.9163762927055359,0.7225319147109985
YJR127C,YIL132C,0,1.0430009,0.1125374436378479,0.9163762927055359,0.7226480841636658
YLR033W,YLR024C,0,1.0427458,0.11252139508724213,0.9163762927055359,0.722764253616333
YHR060W,YLR330W,0,1.0427215,0.11250534653663635,0.9163762927055359,0.7228803634643555
YOL141W,YLL027W,0,1.0426812,0.11248930543661118,0.9163762927055359,0.7229965329170227
YDR389W,YNL302C,0,1.0413179,0.1124732717871666,0.9163762927055359,0.7231126427650452
YBR155W,YDR404C,0,1.0404913,0.11245723813772202,0.9163762927055359,0.7232288122177124
YLL033W,YLR325C,0,1.0404766,0.11244121193885803,0.9163762927055359,0.7233449220657349
YGR161W-B,YJR010W,0,1.0403669,0.11242519319057465,0.9163762927055359,0.7234610915184021
YLR447C,YER165W,0,1.0399274,0.11240917444229126,0.9163762927055359,0.7235772609710693
YCR014C,YOR142W-A,0,1.039331,0.11239316314458847,0.9163762927055359,0.7236933708190918
YNL160W,YGR052W,0,1.0393021,0.11237715184688568,0.9163762927055359,0.723809540271759
YGR282C,YNL262W,0,1.0387516,0.11236114799976349,0.9163762927055359,0.7239256501197815
YER165W,YER019C-A,0,1.0387206,0.1123451516032219,0.9163762927055359,0.7240418195724487
YNR074C,YJL024C,0,1.0378914,0.1123291552066803,0.9163762927055359,0.7241579294204712
YBR260C,YIL170W,0,1.037864,0.1123131662607193,0.9163762927055359,0.7242740988731384
YLR285W,YJR031C,0,1.0371741,0.1122971847653389,0.9163762927055359,0.7243902683258057
YKR057W,YER137C-A,0,1.037086,0.1122812032699585,0.9163762927055359,0.7245063781738281
YPR158C-C,YDL061C,0,1.037086,0.1122652217745781,0.9163762927055359,0.7246225476264954
YNL085W,YDR261C-D,0,1.036385,0.11224925518035889,0.9163762927055359,0.7247386574745178
YJR133W,YMR034C,0,1.0363343,0.11223328858613968,0.9163762927055359,0.7248548269271851
YBL041W,YJL130C,0,1.0361669,0.11221732199192047,0.9163762927055359,0.7249709367752075
YML080W,YOR338W,0,1.0360003,0.11220136284828186,0.9163762927055359,0.7250871062278748
YLR410W-B,YOR194C,0,1.0355079,0.11218541115522385,0.9163762927055359,0.725203275680542
YMR038C,YER190W,0,1.0343454,0.11216945946216583,0.9163762927055359,0.7253193855285645
YOL026C,YPR083W,1,1.034174,0.11229566484689713,0.9175377488136292,0.7253193855285645
YPR158C-C,YOR219C,0,1.0339291,0.11227970570325851,0.9175377488136292,0.7254355549812317
YDL045W-A,YLR209C,0,1.0339141,0.1122637465596199,0.9175377488136292,0.7255516648292542
YKL097W-A,YNL080C,0,1.0338578,0.11224779486656189,0.9175377488136292,0.7256678342819214
YGR268C,YDR410C,0,1.0336387,0.11223185062408447,0.9175377488136292,0.7257839441299438
YLR447C,YNL102W,0,1.0330465,0.11221590638160706,0.9175377488136292,0.7259001135826111
YBR081C,YOL062C,0,1.0326685,0.11219996958971024,0.9175377488136292,0.7260162830352783
YPL163C,YDL208W,0,1.0326353,0.11218404024839401,0.9175377488136292,0.7261323928833008
YDL245C,YDR332W,0,1.0322815,0.11216811090707779,0.9175377488136292,0.726248562335968
YJR138W,YER019C-A,0,1.0312191,0.11215218901634216,0.9175377488136292,0.7263646721839905
YMR176W,YGR229C,0,1.031219,0.11213626712560654,0.9175377488136292,0.7264808416366577
YGR105W,YLR209C,0,1.0308081,0.11212035268545151,0.9175377488136292,0.7265969514846802
YPL127C,YGL225W,0,1.0307956,0.11210443824529648,0.9175377488136292,0.7267131209373474
YHR214C-B,YHR004C,0,1.0305336,0.11208853870630264,0.9175377488136292,0.7268292903900146
YDL206W,YLR028C,0,1.0305271,0.11207263171672821,0.9175377488136292,0.7269454002380371
YDR310C,YLL019C,0,1.0298436,0.11205673962831497,0.9175377488136292,0.7270615696907043
YNL006W,YNL092W,0,1.0269535,0.11204084753990173,0.9175377488136292,0.7271776795387268
YPR111W,YER168C,0,1.0267667,0.1120249554514885,0.9175377488136292,0.727293848991394
YJR055W,YNR003C,0,1.0265582,0.11200907081365585,0.9175377488136292,0.7274099588394165
YGR056W,YNL102W,0,1.025644,0.11199319362640381,0.9175377488136292,0.7275261282920837
YLR020C,YIL080W,0,1.0253196,0.11197732388973236,0.9175377488136292,0.727642297744751
YFR001W,YCR055C,0,1.0251751,0.11196145415306091,0.9175377488136292,0.7277584075927734
YPL200W,YKR101W,0,1.0248473,0.11194558441638947,0.9175377488136292,0.7278745770454407
YDR414C,YER115C,0,1.0247836,0.11192972213029861,0.9175377488136292,0.7279906868934631
YDR261C-D,YOL151W,0,1.024456,0.11191386729478836,0.9175377488136292,0.7281068563461304
YOR274W,YER104W,0,1.0240245,0.1118980199098587,0.9175377488136292,0.7282230257987976
YFR031C,YOL102C,0,1.023768,0.11188217252492905,0.9175377488136292,0.7283391356468201
YJR140C,YOL062C,0,1.0236514,0.11186632513999939,0.9175377488136292,0.7284553050994873
YML006C,YJR053W,0,1.0218532,0.11185048520565033,0.9175377488136292,0.7285714149475098
YDL045W-A,YGL046W,0,1.0215335,0.11183465272188187,0.9175377488136292,0.728687584400177
YJL087C,YBR182C,0,1.0213706,0.111818827688694,0.9175377488136292,0.7288036942481995
YOR343W-B,YMR099C,0,1.0212963,0.11180300265550613,0.9175377488136292,0.7289198637008667
YOL070C,YML049C,0,1.0211778,0.11178717762231827,0.9175377488136292,0.7290360331535339
YMR172W,YFL017W-A,0,1.0210397,0.1117713674902916,0.9175377488136292,0.7291521430015564
YLL019C,YPL257W-B,0,1.0207642,0.11175554990768433,0.9175377488136292,0.7292683124542236
YKL200C,YLR209C,0,1.0202911,0.11173974722623825,0.9175377488136292,0.7293844223022461
YOL103W-B,YOR279C,0,1.0202322,0.11172394454479218,0.9175377488136292,0.7295005917549133
YHL012W,YAL040C,0,1.0200849,0.1117081418633461,0.9175377488136292,0.7296167016029358
YPL257W-B,YDR159W,0,1.0188134,0.11169235408306122,0.9175377488136292,0.729732871055603
YDR026C,YMR046C,0,1.0185103,0.11167655885219574,0.9175377488136292,0.7298490405082703
YDR285W,YER002W,0,1.0179698,0.11166077852249146,0.9175377488136292,0.7299651503562927
YOR251C,YIL140W,0,1.0171151,0.11164499819278717,0.9175377488136292,0.73008131980896
YER050C,YAL033W,0,1.0169191,0.11162921786308289,0.9175377488136292,0.7301974296569824
YML080W,YER019C-A,0,1.0167859,0.1116134524345398,0.9175377488136292,0.7303135991096497
YER145C,YDL047W,0,1.0156236,0.1115976870059967,0.9175377488136292,0.7304297089576721
YHR069C,YNL273W,0,1.0151112,0.11158192157745361,0.9175377488136292,0.7305458784103394
YOL038W,YDR151C,0,1.0149683,0.11156616359949112,0.9175377488136292,0.7306620478630066
YMR218C,YPR002W,0,1.0147285,0.11155041307210922,0.9175377488136292,0.730778157711029
YBR020W,YLR410W-A,0,1.0145566,0.11153466254472733,0.9175377488136292,0.7308943271636963
YNL044W,YCR097WB,0,1.0121758,0.11151891946792603,0.9175377488136292,0.7310104370117188
YNR067C,YDL035C,0,1.0119634,0.11150317639112473,0.9175377488136292,0.731126606464386
YPR035W,YBR031W,0,1.0111043,0.11148744076490402,0.9175377488136292,0.7312427163124084
YIR011C,YML073C,0,1.0099277,0.11147170513868332,0.9175377488136292,0.7313588857650757
YIR025W,YOR142W-A,0,1.0097678,0.11145598441362381,0.9175377488136292,0.7314750552177429
YNL080C,YIL048W,0,1.0097272,0.1114402562379837,0.9175377488136292,0.7315911650657654
YJL117W,YAL029C,0,1.0094535,0.11142454296350479,0.9175377488136292,0.7317073345184326
YPL150W,YER013W,0,1.0092592,0.11140882968902588,0.9175377488136292,0.7318234443664551
YOR301W,YDR496C,0,1.0085275,0.11139311641454697,0.9175377488136292,0.7319396138191223
YJL012C-A,YDR373W,0,1.0076722,0.11137741804122925,0.9175377488136292,0.7320557236671448
YGL170C,YDR262W,0,1.0075411,0.11136171221733093,0.9175377488136292,0.732171893119812
YPL200W,YKR020W,0,1.0075016,0.11134602129459381,0.9175377488136292,0.7322880625724792
YOR378W,YHR077C,0,1.0069561,0.11133033037185669,0.9175377488136292,0.7324041724205017
YDR167W,YOR074C,0,1.0065087,0.11131463944911957,0.9175377488136292,0.732520341873169
YML073C,YBL113C,0,1.0063553,0.11129895597696304,0.9175377488136292,0.7326364517211914
YBR261C,YOL108C,0,1.0060511,0.11128327995538712,0.9175377488136292,0.7327526211738586
YFL002W-B,YOR299W,0,1.0060432,0.11126760393381119,0.9175377488136292,0.7328687310218811
YER008C,YNL267W,0,1.0059955,0.11125193536281586,0.9175377488136292,0.7329849004745483
YAL063C,YDR451C,0,1.0059686,0.11123627424240112,0.9175377488136292,0.7331010699272156
YER151C,YGL244W,0,1.0058877,0.11122061312198639,0.9175377488136292,0.733217179775238
YPL064C,YJR028W,0,1.0057693,0.11120495200157166,0.9175377488136292,0.7333333492279053
YMR176W,YBR061C,0,1.0057218,0.11118930578231812,0.9175377488136292,0.7334494590759277
YHR060W,YBL034C,0,1.0052915,0.11117365956306458,0.9175377488136292,0.733565628528595
YGR081C,YLR151C,0,1.0047467,0.11115801334381104,0.9175377488136292,0.7336817383766174
YDL245C,YKL085W,0,1.0046299,0.11114237457513809,0.9175377488136292,0.7337979078292847
YOR216C,YIL133C,0,1.0045485,0.11112674325704575,0.9175377488136292,0.7339140772819519
YNR021W,YLR219W,0,1.0043384,0.1111111119389534,0.9175377488136292,0.7340301871299744
YOR025W,YPL011C,0,1.0042906,0.11109548807144165,0.9175377488136292,0.7341463565826416
YPR158C-C,YHR039C-A,0,1.0036489,0.1110798642039299,0.9175377488136292,0.7342624664306641
YMR270C,YOR313C,0,1.0027423,0.11106424778699875,0.9175377488136292,0.7343786358833313
YBR238C,YOL108C,0,1.0019183,0.1110486388206482,0.9175377488136292,0.7344947457313538
YFR021W,YDR218C,0,1.0016379,0.11103302985429764,0.9175377488136292,0.734610915184021
YNL032W,YLR154W-A,0,1.0016358,0.11101742833852768,0.9175377488136292,0.7347270846366882
YKL200C,YGR271W,0,1.0012386,0.11100182682275772,0.9175377488136292,0.7348431944847107
YDL059C,YLR391W-A,0,1.0009172,0.11098623275756836,0.9175377488136292,0.7349593639373779
YLR009W,YOR226C,0,1.0005975,0.110970638692379,0.9175377488136292,0.7350754737854004
YLR191W,YOR324C,0,1.0004113,0.11095505952835083,0.9175377488136292,0.7351916432380676
YOR378W,YLR350W,0,1.0003633,0.11093947291374207,0.9175377488136292,0.7353077530860901
YDR285W,YKL203C,0,0.9995316,0.1109239012002945,0.9175377488136292,0.7354239225387573
YLR383W,YPR080W,0,0.99941385,0.11090832203626633,0.9175377488136292,0.7355400919914246
YDR146C,YPL122C,0,0.99847585,0.11089275777339935,0.9175377488136292,0.735656201839447
YDR090C,YOL104C,0,0.99834615,0.11087719351053238,0.9175377488136292,0.7357723712921143
YOL054W,YLR154W-A,0,0.9973592,0.110861636698246,0.9175377488136292,0.7358884811401367
YJR070C,YNR010W,0,0.99695617,0.11084607988595963,0.9175377488136292,0.736004650592804
YOR283W,YER022W,0,0.99669415,0.11083053052425385,0.9175377488136292,0.7361207604408264
YER008C,YDR373W,0,0.99492925,0.11081498116254807,0.9175377488136292,0.7362369298934937
YGR052W,YDL097C,0,0.9940312,0.11079943925142288,0.9175377488136292,0.7363530993461609
YMR301C,YER104W,0,0.9939348,0.1107839047908783,0.9175377488136292,0.7364692091941833
YJL034W,YDR146C,0,0.9934647,0.11076837033033371,0.9175377488136292,0.7365853786468506
YDL245C,YPR135W,0,0.99345785,0.11075283586978912,0.9175377488136292,0.736701488494873
YHR012W,YNL147W,0,0.9926991,0.11073731631040573,0.9175377488136292,0.7368176579475403
YOR275C,YLR164W,0,0.99210316,0.11072179675102234,0.9175377488136292,0.7369338274002075
YKL200C,YKL182W,0,0.9919694,0.11070627719163895,0.9175377488136292,0.73704993724823
YJL114W,YOR355W,0,0.991524,0.11069076508283615,0.9175377488136292,0.7371661067008972
YKR056W,YDL024C,0,0.99137884,0.11067526042461395,0.9175377488136292,0.7372822165489197
YDR034C,YOR085W,0,0.9913674,0.11065975576639175,0.9175377488136292,0.7373983860015869
YJL012C-A,YBR010W,0,0.99129075,0.11064425855875015,0.9175377488136292,0.7375144958496094
YDR261C-D,YBL089W,0,0.9912108,0.11062876135110855,0.9175377488136292,0.7376306653022766
YHR211W,YPL274W,0,0.9909783,0.11061327159404755,0.9175377488136292,0.7377468347549438
YNL271C,YOL040C,0,0.9904599,0.11059778928756714,0.9175377488136292,0.7378629446029663
YDR082W,YLR164W,0,0.99043787,0.11058230698108673,0.9175377488136292,0.7379791140556335
YPR137C-A,YJR112W,0,0.9890309,0.11056683212518692,0.9175377488136292,0.738095223903656
YLR130C,YNL182C,0,0.9880965,0.11055135726928711,0.9175377488136292,0.7382113933563232
YHR119W,YIR032C,0,0.98721015,0.1105358898639679,0.9175377488136292,0.7383275032043457
YLL040C,YER046W,0,0.9860036,0.11052042245864868,0.9175377488136292,0.7384436726570129
YDR034C,YIR005W,0,0.9854389,0.11050496250391006,0.9175377488136292,0.7385598421096802
YDL142C,YPR083W,1,0.98428565,0.1106293722987175,0.9186992049217224,0.7385598421096802
YGR161W-B,YIL108W,0,0.98394436,0.11061389744281769,0.9186992049217224,0.7386759519577026
YNL297C,YDL111C,0,0.9839019,0.11059843748807907,0.9186992049217224,0.7387921214103699
YJR053W,YER190W,0,0.9832929,0.11058297008275986,0.9186992049217224,0.7389082312583923
YER017C,YDL198C,1,0.98261535,0.11070729792118073,0.9198606014251709,0.7389082312583923
YFL035C,YBR145W,0,0.98245144,0.11069182306528091,0.9198606014251709,0.7390244007110596
YLL051C,YDR518W,0,0.9813356,0.1106763556599617,0.9198606014251709,0.739140510559082
YJL144W,YBL098W,0,0.9812766,0.11066088825464249,0.9198606014251709,0.7392566800117493
YLR391W-A,YML036W,0,0.98050785,0.11064542829990387,0.9198606014251709,0.7393728494644165
YDR416W,YBR281C,0,0.98025113,0.11062997579574585,0.9198606014251709,0.739488959312439
YBR230C,YIL042C,0,0.9800747,0.11061452329158783,0.9198606014251709,0.7396051287651062
YOR147W,YDL217C,1,0.97998244,0.11073872447013855,0.9210220575332642,0.7396051287651062
YCL024W,YFL035C,0,0.97951144,0.11072326451539993,0.9210220575332642,0.7397212386131287
YGR268C,YBR072W,0,0.97866756,0.11070780456066132,0.9210220575332642,0.7398374080657959
YDR195W,YCL060C,0,0.9776394,0.1106923520565033,0.9210220575332642,0.7399535179138184
YBL068W,YBR173C,0,0.97755533,0.11067689955234528,0.9210220575332642,0.7400696873664856
YOR324C,YML039W,0,0.97690254,0.11066145449876785,0.9210220575332642,0.7401858568191528
YBR059C,YJR103W,0,0.9765763,0.11064601689577103,0.9210220575332642,0.7403019666671753
YOL102C,YNL080C,0,0.97622836,0.1106305792927742,0.9210220575332642,0.7404181361198425
YKL090W,YLR410W-B,0,0.9760965,0.11061514914035797,0.9210220575332642,0.740534245967865
YOR275C,YDL047W,0,0.9757127,0.11059971898794174,0.9210220575332642,0.7406504154205322
YOR382W,YHR174W,0,0.97446173,0.11058429628610611,0.9210220575332642,0.7407665252685547
YGL158W,YJR092W,0,0.9735695,0.11056888103485107,0.9210220575332642,0.7408826947212219
YPL180W,YDR444W,0,0.97352123,0.11055346578359604,0.9210220575332642,0.7409988641738892
YGR225W,YCR087C-A,0,0.9735177,0.110538050532341,0.9210220575332642,0.7411149740219116
YOR212W,YBR052C,0,0.9734753,0.11052265018224716,0.9210220575332642,0.7412311434745789
YLR380W,YLL012W,0,0.97228163,0.11050724983215332,0.9210220575332642,0.7413472533226013
YKL189W,YPL208W,0,0.9721989,0.11049184948205948,0.9210220575332642,0.7414634227752686
YOR291W,YGR032W,0,0.9721464,0.11047645658254623,0.9210220575332642,0.741579532623291
YBL112C,YAR035W,0,0.971639,0.11046106368303299,0.9210220575332642,0.7416957020759583
YLL027W,YCL060C,0,0.9716052,0.11044568568468094,0.9210220575332642,0.7418118715286255
YMR114C,YBR096W,0,0.9715756,0.11043030023574829,0.9210220575332642,0.741927981376648
YCL036W,YFR018C,0,0.97141814,0.11041492968797684,0.9210220575332642,0.7420441508293152
YDL202W,YGR229C,0,0.97139376,0.11039955168962479,0.9210220575332642,0.7421602606773376
YDL246C,YPL183W-A,0,0.97127604,0.11038418859243393,0.9210220575332642,0.7422764301300049
YGL241W,YKL022C,0,0.9710967,0.11036882549524307,0.9210220575332642,0.7423925399780273
YLR410W-B,YKL189W,0,0.9710426,0.11035346239805222,0.9210220575332642,0.7425087094306946
YLR264W,YFR019W,0,0.9709995,0.11033811420202255,0.9210220575332642,0.7426248788833618
YNL102W,YDR170C,0,0.97089547,0.11032275855541229,0.9210220575332642,0.7427409887313843
YOR126C,YLR321C,0,0.97074103,0.11030741780996323,0.9210220575332642,0.7428571581840515
YLR314C,YHL034C,0,0.9705117,0.11029206961393356,0.9210220575332642,0.742973268032074
YDR083W,YDR310C,0,0.9704999,0.1102767363190651,0.9210220575332642,0.7430894374847412
YLR440C,YBR281C,0,0.9702206,0.11026140302419662,0.9210220575332642,0.7432055473327637
YML032C,YKL161C,0,0.97021747,0.11024606972932816,0.9210220575332642,0.7433217167854309
YER138C,YPL050C,0,0.96982306,0.11023075133562088,0.9210220575332642,0.7434378862380981
YPR158C-C,YLR309C,0,0.9697503,0.11021542549133301,0.9210220575332642,0.7435539960861206
YBL005W-B,YOR239W,0,0.96894115,0.11020011454820633,0.9210220575332642,0.7436701655387878
YCL003W,YLR350W,0,0.96825343,0.11018479615449905,0.9210220575332642,0.7437862753868103
YLR330W,YAL029C,0,0.9680851,0.11016949266195297,0.9210220575332642,0.7439024448394775
YMR269W,YPR002W,0,0.9677684,0.11015418916940689,0.9210220575332642,0.7440185546875
YHR047C,YLR154W-A,0,0.9676865,0.11013888567686081,0.9210220575332642,0.7441347241401672
YLL034C,YFL002W-B,0,0.9676379,0.11012359708547592,0.9210220575332642,0.7442508935928345
YHR012W,YLR278C,0,0.966866,0.11010830104351044,0.9210220575332642,0.7443670034408569
YOR126C,YDL216C,0,0.96654993,0.11009301990270615,0.9210220575332642,0.7444831728935242
YIR025W,YHR074W,0,0.96650296,0.11007773131132126,0.9210220575332642,0.7445992827415466
YER008C,YNL290W,0,0.96647155,0.11006245762109756,0.9210220575332642,0.7447154521942139
YGR161W-B,YDL216C,0,0.96636504,0.11004718393087387,0.9210220575332642,0.7448315620422363
YOR142W-A,YLR330W,0,0.96585584,0.11003191024065018,0.9210220575332642,0.7449477314949036
YPL273W,YML039W,0,0.9658447,0.11001665145158768,0.9210220575332642,0.7450639009475708
YHR119W,YFL054C,0,0.9657741,0.11000138521194458,0.9210220575332642,0.7451800107955933
YPR011C,YJL085W,0,0.96576864,0.10998613387346268,0.9210220575332642,0.7452961802482605
YGL094C,YDR245W,0,0.9650389,0.10997087508440018,0.9210220575332642,0.745412290096283
YGR113W,YOR351C,0,0.96420723,0.10995563119649887,0.9210220575332642,0.7455284595489502
YMR049C,YDR210C-C,0,0.9639466,0.10994038730859756,0.9210220575332642,0.7456446290016174
YOR142W-B,YER022W,0,0.96369195,0.10992514342069626,0.9210220575332642,0.7457607388496399
YDL021W,YCL060C,0,0.9613895,0.10990990698337555,0.9210220575332642,0.7458769083023071
YBR172C,YGL071W,0,0.9612723,0.10989467799663544,0.9210220575332642,0.7459930181503296
YGL122C,YDR404C,0,0.96110183,0.10987944900989532,0.9210220575332642,0.7461091876029968
YOR142W-B,YKL085W,0,0.96101886,0.10986422747373581,0.9210220575332642,0.7462252974510193
YER137C-A,YLR429W,0,0.96063703,0.1098490059375763,0.9210220575332642,0.7463414669036865
YNL283C,YLR197W,0,0.9603006,0.10983379185199738,0.9210220575332642,0.7464576363563538
YHR056C,YMR295C,0,0.9596997,0.10981858521699905,0.9210220575332642,0.7465737462043762
YPR189W,YKL007W,0,0.95968646,0.10980337858200073,0.9210220575332642,0.7466899156570435
YMR146C,YOR327C,0,0.95932853,0.10978817939758301,0.9210220575332642,0.7468060255050659
YJL114W,YDR371W,0,0.9578877,0.10977298021316528,0.9210220575332642,0.7469221949577332
YGL010W,YKL095W,0,0.95749456,0.10975778847932816,0.9210220575332642,0.7470383048057556
YGL183C,YBR061C,0,0.95708877,0.10974259674549103,0.9210220575332642,0.7471544742584229
YHR077C,YOR299W,0,0.9570729,0.1097274124622345,0.9210220575332642,0.7472706437110901
YDR137W,YKR002W,0,0.9568252,0.10971222817897797,0.9210220575332642,0.7473867535591125
YDR453C,YKL020C,0,0.9567885,0.10969705134630203,0.9210220575332642,0.7475029230117798
YPR194C,YFL035C,0,0.9565424,0.1096818819642067,0.9210220575332642,0.7476190328598022
YOR327C,YNL290W,0,0.9563712,0.10966671258211136,0.9210220575332642,0.7477352023124695
YGR109W-B,YLR145W,0,0.9559273,0.10965155065059662,0.9210220575332642,0.7478513121604919
YGR010W,YDR210C-C,0,0.95554537,0.10963638871908188,0.9210220575332642,0.7479674816131592
YPR137C-A,YJR057W,0,0.95516354,0.10962123423814774,0.9210220575332642,0.7480836510658264
YGR238C,YOR142W-A,0,0.9549089,0.10960607975721359,0.9210220575332642,0.7481997609138489
YGR252W,YCR087C-A,0,0.9541972,0.10959093272686005,0.9210220575332642,0.7483159303665161
YPL122C,YER145C,0,0.9541767,0.1095757931470871,0.9210220575332642,0.7484320402145386
YJL085W,YCR055C,0,0.9522664,0.10956065356731415,0.9210220575332642,0.7485482096672058
YDR229W,YML128C,0,0.95174295,0.1095455139875412,0.9210220575332642,0.7486643195152283
YGR105W,YDR373W,0,0.95065546,0.10953038930892944,0.9210220575332642,0.7487804889678955
YJR149W,YLR410W-B,0,0.9495628,0.10951525717973709,0.9210220575332642,0.7488966584205627
YML032C,YPL104W,0,0.94944847,0.10950013995170593,0.9210220575332642,0.7490127682685852
YGR109W-B,YDL059C,0,0.9494355,0.10948502272367477,0.9210220575332642,0.7491289377212524
YGR161W-B,YLR050C,0,0.94930816,0.10946990549564362,0.9210220575332642,0.7492450475692749
YIL170W,YLR016C,0,0.949286,0.10945479571819305,0.9210220575332642,0.7493612170219421
YOL026C,YJR034W,1,0.949212,0.10957770049571991,0.9221835136413574,0.7493612170219421
YIL061C,YOL108C,0,0.9488185,0.10956257581710815,0.9221835136413574,0.7494773268699646
YOR343W-B,YGR276C,0,0.94854444,0.109547458589077,0.9221835136413574,0.7495934963226318
YGR036C,YIL080W,0,0.94838446,0.10953234881162643,0.9221835136413574,0.7497096657752991
YOL112W,YJR051W,0,0.94764274,0.10951723903417587,0.9221835136413574,0.7498257756233215
YML058W-A,YDR410C,0,0.9472838,0.10950213670730591,0.9221835136413574,0.7499419450759888
YDL202W,YGR199W,0,0.94709253,0.10948703438043594,0.9221835136413574,0.7500580549240112
YDR473C,YFR033C,0,0.94672495,0.10947193950414658,0.9221835136413574,0.7501742243766785
YMR200W,YJL128C,0,0.94659096,0.1094568520784378,0.9221835136413574,0.7502903342247009
YNL223W,YKR068C,0,0.9462331,0.10944176465272903,0.9221835136413574,0.7504065036773682
YJL112W,YPR125W,1,0.94602424,0.10956449806690216,0.9233449697494507,0.7504065036773682
YJR147W,YBR281C,0,0.94557315,0.10954940319061279,0.9233449697494507,0.7505226731300354
YDR076W,YGR072W,0,0.9451045,0.10953430831432343,0.9233449697494507,0.7506387829780579
YKL119C,YDR211W,0,0.9450988,0.10951922088861465,0.9233449697494507,0.7507549524307251
YGL183C,YLR391W-A,0,0.9449606,0.10950413346290588,0.9233449697494507,0.7508710622787476
YDR211W,YFL048C,0,0.9444998,0.10948905348777771,0.9233449697494507,0.7509872317314148
YLR157C,YEL043W,0,0.9441658,0.10947397351264954,0.9233449697494507,0.7511033415794373
YBL028C,YDR229W,0,0.94312483,0.10945890098810196,0.9233449697494507,0.7512195110321045
YIL108W,YGL225W,0,0.94289666,0.10944383591413498,0.9233449697494507,0.7513356804847717
YGR020C,YIR032C,0,0.9425801,0.109428770840168,0.9233449697494507,0.7514517903327942
YHR012W,YBR061C,0,0.94142735,0.10941370576620102,0.9233449697494507,0.7515679597854614
YFL011W-A,YNR015W,0,0.9388043,0.10939864814281464,0.9233449697494507,0.7516840696334839
YKL020C,YLR227W-B,0,0.9381177,0.10938359797000885,0.9233449697494507,0.7518002390861511
YPR162C,YDR499W,0,0.937344,0.10936854779720306,0.9233449697494507,0.7519163489341736
YCL060C,YBL098W,0,0.93618923,0.10935350507497787,0.9233449697494507,0.7520325183868408
YNL010W,YLR160C,0,0.9356673,0.10933846980333328,0.9233449697494507,0.7521486878395081
YDL179W,YJL095W,0,0.9355268,0.10932343453168869,0.9233449697494507,0.7522647976875305
YDR378C,YNL261W,0,0.9354552,0.1093083992600441,0.9233449697494507,0.7523809671401978
YBL028C,YNL192W,0,0.9352153,0.1092933714389801,0.9233449697494507,0.7524970769882202
YOL043C,YHR039C-A,0,0.93514,0.1092783510684967,0.9233449697494507,0.7526132464408875
YGL172W,YLR291C,0,0.9348869,0.1092633306980133,0.9233449697494507,0.7527293562889099
YHR211W,YJL006C,0,0.9346148,0.1092483177781105,0.9233449697494507,0.7528455257415771
YKL074C,YHL027W,0,0.93418103,0.1092333048582077,0.9233449697494507,0.7529616951942444
YMR169C,YLL017W,0,0.933164,0.1092182993888855,0.9233449697494507,0.7530778050422668
YNL079C,YNL121C,1,0.93286604,0.10934066027402878,0.9245063662528992,0.7530778050422668
YER125W,YOR232W,1,0.93273616,0.10946298390626907,0.9256678223609924,0.7530778050422668
YFL033C,YLR391W,0,0.9322751,0.10944795608520508,0.9256678223609924,0.7531939744949341
YBR278W,YCL003W,0,0.93079084,0.10943292826414108,0.9256678223609924,0.7533100843429565
YOR343W-B,YBL026W,0,0.9303614,0.10941790044307709,0.9256678223609924,0.7534262537956238
YMR039C,YHR119W,0,0.9298645,0.10940288007259369,0.9256678223609924,0.7535423636436462
YLR410W-B,YDR151C,0,0.9298528,0.10938786715269089,0.9256678223609924,0.7536585330963135
YGR081C,YNR021W,0,0.92858726,0.10937285423278809,0.9256678223609924,0.7537747025489807
YOR071C,YLR227W-B,0,0.92731005,0.10935784876346588,0.9256678223609924,0.7538908123970032
YNL084C,YGR105W,0,0.927234,0.10934284329414368,0.9256678223609924,0.7540069818496704
YDR261C-D,YGL174W,0,0.92565715,0.10932784527540207,0.9256678223609924,0.7541230916976929
YMR180C,YMR304W,0,0.9253062,0.10931285470724106,0.9256678223609924,0.7542392611503601
YDL078C,YLR256W-A,0,0.92438585,0.10929786413908005,0.9256678223609924,0.7543553709983826
YBR202W,YGL174W,0,0.9234739,0.10928287357091904,0.9256678223609924,0.7544715404510498
YNR004W,YAL039C,0,0.923255,0.10926789045333862,0.9256678223609924,0.754587709903717
YNL314W,YNR003C,0,0.92294186,0.1092529147863388,0.9256678223609924,0.7547038197517395
YNL008C,YDR131C,0,0.9225286,0.10923793911933899,0.9256678223609924,0.7548199892044067
YCL074W,YPR011C,0,0.9223956,0.10922297090291977,0.9256678223609924,0.7549360990524292
YJR028W,YKL074C,0,0.92234385,0.10920800268650055,0.9256678223609924,0.7550522685050964
YOR291W,YNL016W,0,0.9210891,0.10919304192066193,0.9256678223609924,0.7551684379577637
YNL117W,YJL053W,0,0.9209779,0.1091780811548233,0.9256678223609924,0.7552845478057861
YPR162C,YPL259C,0,0.9209345,0.10916312783956528,0.9256678223609924,0.7554007172584534
YMR194W,YDL083C,0,0.92086905,0.10914818197488785,0.9256678223609924,0.7555168271064758
YHR002W,YOR142W-B,0,0.9204502,0.10913323611021042,0.9256678223609924,0.7556329965591431
YPL110C,YGR268C,0,0.92038506,0.10911829024553299,0.9256678223609924,0.7557491064071655
YCL004W,YDR364C,0,0.9203292,0.10910335183143616,0.9256678223609924,0.7558652758598328
YPL276W,YNL182C,0,0.92030555,0.10908842086791992,0.9256678223609924,0.7559814453125
YLR353W,YLR164W,0,0.91915345,0.10907348990440369,0.9256678223609924,0.7560975551605225
YJL004C,YDR195W,0,0.9190022,0.10905856639146805,0.9256678223609924,0.7562137246131897
YGR251W,YJR040W,0,0.9187829,0.10904364287853241,0.9256678223609924,0.7563298344612122
YHR060W,YLL061W,0,0.91865367,0.10902872681617737,0.9256678223609924,0.7564460039138794
YPL042C,YBL113C,0,0.9185408,0.10901381820440292,0.9256678223609924,0.7565621137619019
YLR025W,YOR324C,0,0.91809696,0.10899890959262848,0.9256678223609924,0.7566782832145691
YGR252W,YKL094W,0,0.91764265,0.10898400098085403,0.9256678223609924,0.7567944526672363
YOL103W-B,YGR268C,0,0.9171999,0.10896909981966019,0.9256678223609924,0.7569105625152588
YGR072W,YGL019W,0,0.9171726,0.10895420610904694,0.9256678223609924,0.757026731967926
YLR404W,YML039W,0,0.9167383,0.10893931239843369,0.9256678223609924,0.7571428418159485
YPL119C,YKL022C,0,0.91671187,0.10892442613840103,0.9256678223609924,0.7572590112686157
YJR021C,YLR391W,0,0.9159402,0.10890953987836838,0.9256678223609924,0.7573751211166382
YLL043W,YCR055C,0,0.91566646,0.10889466106891632,0.9256678223609924,0.7574912905693054
YDL179W,YLR113W,0,0.9155555,0.10887978225946426,0.9256678223609924,0.7576074600219727
YBL058W,YMR033W,0,0.9151901,0.1088649109005928,0.9256678223609924,0.7577235698699951
YDL133C-A,YAL040C,0,0.9147323,0.10885003954172134,0.9256678223609924,0.7578397393226624
YER014C-A,YDR062W,0,0.9144297,0.10883517563343048,0.9256678223609924,0.7579558491706848
YGR109W-B,YGL071W,0,0.9142118,0.10882031917572021,0.9256678223609924,0.758072018623352
YKL038W,YBR129C,0,0.9137638,0.10880546271800995,0.9256678223609924,0.7581881284713745
YGL237C,YKL097W-A,0,0.9134222,0.10879060626029968,0.9256678223609924,0.7583042979240417
YPR144C,YGR214W,0,0.91340744,0.10877575725317001,0.9256678223609924,0.758420467376709
YGR109W-B,YIL048W,0,0.9134019,0.10876091569662094,0.9256678223609924,0.7585365772247314
YBR095C,YNR028W,0,0.91294765,0.10874607414007187,0.9256678223609924,0.7586527466773987
YDR473C,YGR246C,0,0.912818,0.1087312400341034,0.9256678223609924,0.7587688565254211
YIR025W,YPL027W,0,0.9119688,0.10871641337871552,0.9256678223609924,0.7588850259780884
YFL002W-B,YHR156C,0,0.9112418,0.10870157927274704,0.9256678223609924,0.7590011358261108
YPL200W,YDR457W,0,0.91110706,0.10868676006793976,0.9256678223609924,0.7591173052787781
YDR164C,YER087C-B,0,0.9110882,0.10867194086313248,0.9256678223609924,0.7592334747314453
YGR105W,YDR364C,0,0.9108516,0.1086571216583252,0.9256678223609924,0.7593495845794678
YKR054C,YJR051W,0,0.91057926,0.10864230990409851,0.9256678223609924,0.759465754032135
YFL038C,YDL059C,0,0.9105106,0.10862750560045242,0.9256678223609924,0.7595818638801575
YIR038C,YOL054W,0,0.9104939,0.10861270129680634,0.9256678223609924,0.7596980333328247
YMR039C,YOL052C,0,0.91030186,0.10859790444374084,0.9256678223609924,0.7598141431808472
YGR161W-B,YFR021W,0,0.9098919,0.10858310759067535,0.9256678223609924,0.7599303126335144
YNL079C,YEL030W,1,0.909822,0.10870453715324402,0.9268292784690857,0.7599303126335144
YLR103C,YPR006C,0,0.90966153,0.10868973284959793,0.9268292784690857,0.7600464820861816
YNL138W-A,YOR008C,0,0.9091627,0.10867492854595184,0.9268292784690857,0.7601625919342041
YMR179W,YCR055C,0,0.9090107,0.10866013169288635,0.9268292784690857,0.7602787613868713
YOR142W-B,YBR294W,0,0.90863174,0.10864533483982086,0.9268292784690857,0.7603948712348938
YDR419W,YDR530C,0,0.9083854,0.10863054543733597,0.9268292784690857,0.760511040687561
YNL178W,YMR268W-A,0,0.90802747,0.10861576348543167,0.9268292784690857,0.7606271505355835
YBR238C,YDL035C,0,0.90747446,0.10860098153352737,0.9268292784690857,0.7607433199882507
YER055C,YNR003C,0,0.90706384,0.10858619958162308,0.9268292784690857,0.760859489440918
YHR039C-A,YPL208W,0,0.9069494,0.10857142508029938,0.9268292784690857,0.7609755992889404
YJL066C,YOR304C-A,0,0.9065419,0.10855665802955627,0.9268292784690857,0.7610917687416077
YBL091C-A,YLL017W,0,0.90555227,0.10854189097881317,0.9268292784690857,0.7612078785896301
YDL107W,YER125W,1,0.9054125,0.10866313427686691,0.927990734577179,0.7612078785896301
YNL271C,YCL060C,0,0.90528876,0.10864835232496262,0.927990734577179,0.7613240480422974
YER125W,YNL070W,1,0.90518147,0.10876954346895218,0.9291521310806274,0.7613240480422974
YOR299W,YOL090W,0,0.9044017,0.10875476151704788,0.9291521310806274,0.7614401578903198
YNL236W,YBR275C,0,0.9037462,0.10873997211456299,0.9291521310806274,0.7615563273429871
YBR275C,YGL026C,0,0.90342844,0.10872519761323929,0.9291521310806274,0.7616724967956543
YDL074C,YPL065W,0,0.90338796,0.10871042311191559,0.9291521310806274,0.7617886066436768
YGR281W,YGL216W,0,0.9030409,0.10869564861059189,0.9291521310806274,0.761904776096344
YFL035C,YFR001W,0,0.9025819,0.10868088901042938,0.9291521310806274,0.7620208859443665
YPR189W,YNL138W-A,0,0.90198225,0.10866612195968628,0.9291521310806274,0.7621370553970337
YOR355W,YOR351C,0,0.90096855,0.10865136235952377,0.9291521310806274,0.7622531652450562
YOR126C,YPL196W,0,0.9002419,0.10863661020994186,0.9291521310806274,0.7623693346977234
YGL083W,YLR391W,0,0.8997226,0.10862185806035995,0.9291521310806274,0.7624855041503906
YBR066C,YPR204W,0,0.89958346,0.10860711336135864,0.9291521310806274,0.7626016139984131
YJL114W,YLR452C,0,0.8992598,0.10859236866235733,0.9291521310806274,0.7627177834510803
YML051W,YPR198W,0,0.8991703,0.10857763141393661,0.9291521310806274,0.7628338932991028
YLR227W-B,YNL092W,0,0.89882165,0.1085629016160965,0.9291521310806274,0.76295006275177
YPL257W-B,YBR238C,0,0.89864165,0.10854817181825638,0.9291521310806274,0.7630661725997925
YDR262W,YPR152C,0,0.8982784,0.10853344202041626,0.9291521310806274,0.7631823420524597
YOR297C,YDR470C,1,0.8971465,0.10865436494350433,0.9303135871887207,0.7631823420524597
YIL035C,YGR027C,0,0.8968295,0.10863962769508362,0.9303135871887207,0.763298511505127
YPL119C,YFL035C,0,0.89652354,0.1086248978972435,0.9303135871887207,0.7634146213531494
YMR180C,YLL040C,0,0.8965058,0.10861016809940338,0.9303135871887207,0.7635307908058167
YDL078C,YOR219C,0,0.89617765,0.10859544575214386,0.9303135871887207,0.7636469006538391
YLR009W,YOR098C,0,0.8960573,0.10858072340488434,0.9303135871887207,0.7637630701065063
YDR205W,YFL066C,0,0.89482355,0.10856600850820541,0.9303135871887207,0.7638792395591736
YER103W,YOR343W-B,0,0.89414155,0.10855129361152649,0.9303135871887207,0.763995349407196
YKL095W,YCR002C,0,0.8939883,0.10853658616542816,0.9303135871887207,0.7641115188598633
YDR492W,YCR057C,0,0.8933272,0.10852187871932983,0.9303135871887207,0.7642276287078857
YEL069C,YPR171W,0,0.89252186,0.1085071787238121,0.9303135871887207,0.764343798160553
YKL180W,YHR085W,0,0.89214534,0.10849248617887497,0.9303135871887207,0.7644599080085754
YPR137C-A,YDR461W,0,0.8918015,0.10847778618335724,0.9303135871887207,0.7645760774612427
YNL231C,YCL004W,0,0.89110506,0.1084631010890007,0.9303135871887207,0.7646922469139099
YPL276W,YLR043C,0,0.89082825,0.10844841599464417,0.9303135871887207,0.7648083567619324
YLR256W-A,YBR173C,0,0.89009154,0.10843373835086823,0.9303135871887207,0.7649245262145996
YGR225W,YPL096W,0,0.8889107,0.10841906070709229,0.9303135871887207,0.7650406360626221
YOR089C,YCL060C,0,0.88877195,0.10840438306331635,0.9303135871887207,0.7651568055152893
YDL084W,YLL040C,0,0.88849443,0.108389712870121,0.9303135871887207,0.7652729153633118
YAL033W,YJR130C,0,0.8883102,0.10837505012750626,0.9303135871887207,0.765389084815979
YER013W,YKR028W,0,0.88827205,0.10836038738489151,0.9303135871887207,0.7655052542686462
YHR085W,YOL108C,0,0.8882403,0.10834573209285736,0.9303135871887207,0.7656213641166687
YLR187W,YPR152C,0,0.88791734,0.10833107680082321,0.9303135871887207,0.7657375335693359
YOL165C,YNL138W,0,0.88678813,0.10831642895936966,0.9303135871887207,0.7658536434173584
YBR067C,YKR028W,0,0.8858125,0.10830178111791611,0.9303135871887207,0.7659698128700256
YLL029W,YDR164C,0,0.8856354,0.10828714072704315,0.9303135871887207,0.7660859227180481
YHR175W,YLR312W-A,0,0.88529557,0.1082725077867508,0.9303135871887207,0.7662020921707153
YOR138C,YAR031W,0,0.88481265,0.10825787484645844,0.9303135871887207,0.7663182616233826
YDR082W,YGL004C,0,0.8832662,0.10824324190616608,0.9303135871887207,0.766434371471405
YIL108W,YIL020C,0,0.88321,0.10822861641645432,0.9303135871887207,0.7665505409240723
YPL252C,YLR073C,0,0.8830448,0.10821399837732315,0.9303135871887207,0.7666666507720947
YOR304W,YML099C,0,0.8826063,0.10819938033819199,0.9303135871887207,0.766782820224762
YOR142W-B,YOR349W,0,0.88221633,0.10818476229906082,0.9303135871887207,0.7668989300727844
YMR008C,YGL225W,0,0.8819673,0.10817015171051025,0.9303135871887207,0.7670150995254517
YMR123W,YER049W,0,0.8817574,0.10815554857254028,0.9303135871887207,0.7671312689781189
YOR343W-B,YOR142W,0,0.88145137,0.10814094543457031,0.9303135871887207,0.7672473788261414
YHR056C,YJR130C,0,0.8813456,0.10812634974718094,0.9303135871887207,0.7673635482788086
YPR191W,YBR075W,0,0.88120353,0.10811175405979156,0.9303135871887207,0.767479658126831
YMR093W,YLR410W-B,0,0.8808664,0.10809716582298279,0.9303135871887207,0.7675958275794983
YKL165C,YDL148C,0,0.8803065,0.10808257758617401,0.9303135871887207,0.7677119374275208
YOR343W-B,YDR527W,0,0.8801013,0.10806799679994583,0.9303135871887207,0.767828106880188
YDR090C,YLR213C,0,0.8798692,0.10805341601371765,0.9303135871887207,0.7679442763328552
YPL257W-B,YNR072W,0,0.87974143,0.10803884267807007,0.9303135871887207,0.7680603861808777
YDR034C,YGR281W,0,0.8796899,0.10802427679300308,0.9303135871887207,0.7681765556335449
YNL304W,YNR035C,1,0.8795182,0.10814455151557922,0.931475043296814,0.7681765556335449
YEL030W,YPR083W,1,0.8793913,0.10826479643583298,0.9326364398002625,0.7681765556335449
YER151C,YNL010W,0,0.8792757,0.1082502007484436,0.9326364398002625,0.7682926654815674
YDR170C,YCL034W,0,0.8783634,0.10823561251163483,0.9326364398002625,0.7684088349342346
YLL017W,YER046W,0,0.87808394,0.10822102427482605,0.9326364398002625,0.7685249447822571
YDR137W,YGL212W,0,0.8778593,0.10820644348859787,0.9326364398002625,0.7686411142349243
YOR142W-B,YJR053W,0,0.87785137,0.10819186270236969,0.9326364398002625,0.7687572836875916
YGL068W,YML109W,0,0.87751526,0.1081772893667221,0.9326364398002625,0.768873393535614
YLR009W,YLR391W,0,0.8771402,0.10816271603107452,0.9326364398002625,0.7689895629882812
YGR199W,YPL257W-B,0,0.8766813,0.10814815014600754,0.9326364398002625,0.7691056728363037
YER137C-A,YPR060C,0,0.8766363,0.10813358426094055,0.9326364398002625,0.769221842288971
YGR031C-A,YJL166W,0,0.8763924,0.10811902582645416,0.9326364398002625,0.7693379521369934
YGR031C-A,YLR206W,0,0.8758286,0.10810446739196777,0.9326364398002625,0.7694541215896606
YGL236C,YMR308C,0,0.8752168,0.10808991640806198,0.9326364398002625,0.7695702910423279
YDR383C,YPL180W,0,0.8748342,0.10807537287473679,0.9326364398002625,0.7696864008903503
YBR075W,YIL132C,0,0.87464345,0.10806082934141159,0.9326364398002625,0.7698025703430176
YKL186C,YNR028W,0,0.87322897,0.1080462858080864,0.9326364398002625,0.76991868019104
YLL045C,YGL113W,0,0.87298214,0.1080317497253418,0.9326364398002625,0.7700348496437073
YDR030C,YKL172W,0,0.8727084,0.1080172210931778,0.9326364398002625,0.7701509594917297
YMR218C,YLR270W,0,0.87249964,0.1080026924610138,0.9326364398002625,0.770267128944397
YOL028C,YPL096W,0,0.8722075,0.10798816382884979,0.9326364398002625,0.7703832983970642
YJR138W,YKL020C,0,0.8721938,0.10797364264726639,0.9326364398002625,0.7704994082450867
YOR343W-B,YLR251W,0,0.8721461,0.10795912891626358,0.9326364398002625,0.7706155776977539
YGR031C-A,YDR072C,0,0.8719776,0.10794461518526077,0.9326364398002625,0.7707316875457764
YER137C-A,YDR240C,0,0.8717752,0.10793010890483856,0.9326364398002625,0.7708478569984436
YFR013W,YGR255C,0,0.87161535,0.10791560262441635,0.9326364398002625,0.7709639668464661
YBR075W,YKL003C,0,0.8715545,0.10790110379457474,0.9326364398002625,0.7710801362991333
YOR084W,YNL010W,0,0.8712603,0.10788660496473312,0.9326364398002625,0.7711963057518005
YGR161W-B,YNL309W,0,0.8705697,0.1078721135854721,0.9326364398002625,0.771312415599823
YGR031C-A,YGL113W,0,0.87042195,0.10785762220621109,0.9326364398002625,0.7714285850524902
YBL079W,YLR154W-A,0,0.87019706,0.10784313827753067,0.9326364398002625,0.7715446949005127
YNL223W,YIL083C,0,0.86991674,0.10782865434885025,0.9326364398002625,0.7716608643531799
YGR031C-A,YDR240C,0,0.8698069,0.10781417787075043,0.9326364398002625,0.7717769742012024
YJL012C-A,YMR213W,0,0.86972827,0.1077997013926506,0.9326364398002625,0.7718931436538696
YPL151C,YLL043W,0,0.8694524,0.10778523236513138,0.9326364398002625,0.7720093131065369
YGR077C,YDR109C,0,0.86941606,0.10777077078819275,0.9326364398002625,0.7721254229545593
YHR066W,YDR210C-C,0,0.8688118,0.10775630921125412,0.9326364398002625,0.7722415924072266
YOR219C,YDR151C,0,0.8685664,0.10774184763431549,0.9326364398002625,0.772357702255249
YER168C,YLR391W,0,0.8681207,0.10772739350795746,0.9326364398002625,0.7724738717079163
YJR082C,YJL085W,0,0.86703813,0.10771294683218002,0.9326364398002625,0.7725900411605835
YDR210C-C,YMR239C,0,0.86703545,0.10769850015640259,0.9326364398002625,0.772706151008606
YDR414C,YKL130C,0,0.86672264,0.10768405348062515,0.9326364398002625,0.7728223204612732
YHR209W,YKR028W,0,0.86654717,0.10766961425542831,0.9326364398002625,0.7729384303092957
YOL145C,YOR226C,0,0.86649525,0.10765518248081207,0.9326364398002625,0.7730545997619629
YOR212W,YDL074C,0,0.8661518,0.10764075070619583,0.9326364398002625,0.7731707096099854
YLR244C,YBR095C,0,0.8661091,0.10762632638216019,0.9326364398002625,0.7732868790626526
YMR005W,YFL013C,0,0.8658033,0.10761190205812454,0.9326364398002625,0.7734030485153198
YJL066C,YEL043W,0,0.86568075,0.1075974777340889,0.9326364398002625,0.7735191583633423
YGR031C-A,YBL098W,0,0.86534643,0.10758306831121445,0.9326364398002625,0.7736353278160095
YDR210C-C,YIL006W,0,0.86513877,0.1075686514377594,0.9326364398002625,0.773751437664032
YGR012W,YJL006C,0,0.864826,0.10755424946546555,0.9326364398002625,0.7738676071166992
YOL107W,YAL029C,0,0.86482275,0.1075398400425911,0.9326364398002625,0.7739837169647217
YBR271W,YNR015W,0,0.8638915,0.10752544552087784,0.9326364398002625,0.7740998864173889
YJL103C,YOR194C,0,0.8638839,0.10751104354858398,0.9326364398002625,0.7742160558700562
YDR064W,YMR296C,0,0.8626934,0.10749665647745132,0.9326364398002625,0.7743321657180786
YOR243C,YPL257W-B,0,0.86254954,0.10748226195573807,0.9326364398002625,0.7744483351707458
YLR256W-A,YNR013C,0,0.86230874,0.107467882335186,0.9326364398002625,0.7745644450187683
YDL107W,YPR125W,1,0.86224425,0.1075873151421547,0.9337978959083557,0.7745644450187683
YKR057W,YLR391W-A,0,0.8616415,0.10757292062044144,0.9337978959083557,0.7746806144714355
YGR031C-A,YKL015W,0,0.8612675,0.10755852609872818,0.9337978959083557,0.774796724319458
YGR161W-B,YLR016C,0,0.8609539,0.10754413902759552,0.9337978959083557,0.7749128937721252
YPR158C-C,YBL026W,0,0.85950875,0.10752975940704346,0.9337978959083557,0.7750290632247925
YDR337W,YMR268W-A,0,0.8593664,0.1075153797864914,0.9337978959083557,0.7751451730728149
YMR038C,YDR261W-A,0,0.8593582,0.10750100016593933,0.9337978959083557,0.7752613425254822
YDL021W,YLR073C,0,0.8590309,0.10748662799596786,0.9337978959083557,0.7753774523735046
YEL040W,YDR109C,0,0.85884106,0.107472263276577,0.9337978959083557,0.7754936218261719
YGR109W-B,YDL070W,0,0.85881627,0.10745789855718613,0.9337978959083557,0.7756097316741943
YKR036C,YER017C,1,0.8584936,0.10757717490196228,0.934959352016449,0.7756097316741943
YLR391W-A,YJR032W,0,0.8581933,0.10756280273199081,0.934959352016449,0.7757259011268616
YNL085W,YDR174W,0,0.857894,0.10754843056201935,0.934959352016449,0.7758420705795288
YJL112W,YPR133W-A,1,0.85734785,0.10766764730215073,0.9361208081245422,0.7758420705795288
YGR113W,YLL004W,0,0.8571891,0.10765326768159866,0.9361208081245422,0.7759581804275513
YKL103C,YOR180C,0,0.85716516,0.1076388880610466,0.9361208081245422,0.7760743498802185
YOR382W,YCR097WB,0,0.8571455,0.10762451589107513,0.9361208081245422,0.776190459728241
YNL314W,YDR137W,0,0.8565349,0.10761014372110367,0.9361208081245422,0.7763066291809082
YHR002W,YOR349W,0,0.85650045,0.1075957790017128,0.9361208081245422,0.7764227390289307
YMR321C,YER087C-B,0,0.8563924,0.10758142173290253,0.9361208081245422,0.7765389084815979
YGR084C,YIL017W,0,0.8563138,0.10756706446409225,0.9361208081245422,0.7766550779342651
YOR343W-B,YPL200W,0,0.8561067,0.10755270719528198,0.9361208081245422,0.7767711877822876
YDR499W,YLL043W,0,0.8560009,0.10753835737705231,0.9361208081245422,0.7768873572349548
YPL257W-B,YLR088W,0,0.85589594,0.10752401500940323,0.9361208081245422,0.7770034670829773
YBR129C,YOL004W,0,0.8556271,0.10750967264175415,0.9361208081245422,0.7771196365356445
YGL068W,YCL060C,0,0.85539883,0.10749533027410507,0.9361208081245422,0.777235746383667
YLR256W-A,YKL094W,0,0.8545261,0.10748099535703659,0.9361208081245422,0.7773519158363342
YOR343W-B,YHR077C,0,0.8544959,0.1074666678905487,0.9361208081245422,0.7774680852890015
YLR182W,YEL037C,0,0.85433054,0.10745234042406082,0.9361208081245422,0.7775841951370239
YLR289W,YOR142W-B,0,0.8536228,0.10743801295757294,0.9361208081245422,0.7777003645896912
YLR020C,YLR391W,0,0.8533031,0.10742370039224625,0.9361208081245422,0.7778164744377136
YGR161W-B,YLR047C,0,0.85297567,0.10740938037633896,0.9361208081245422,0.7779326438903809
YDL246C,YNL230C,0,0.8528451,0.10739506781101227,0.9361208081245422,0.7780487537384033
YJR051W,YLR391W,0,0.85240215,0.10738076269626617,0.9361208081245422,0.7781649231910706
YDR076W,YIL035C,0,0.8521239,0.10736645758152008,0.9361208081245422,0.7782810926437378
YGL046W,YLR301W,0,0.85188,0.10735215991735458,0.9361208081245422,0.7783972024917603
YDR196C,YGL259W,0,0.851659,0.10733786225318909,0.9361208081245422,0.7785133719444275
YPR001W,YLR256W-A,0,0.85150033,0.10732357203960419,0.9361208081245422,0.77862948179245
YCR060W,YJL012C-A,0,0.8512207,0.10730928182601929,0.9361208081245422,0.7787456512451172
YKL090W,YPR006C,0,0.8508875,0.10729499161243439,0.9361208081245422,0.7788617610931396
YJL012C-A,YGR222W,0,0.8501961,0.10728071630001068,0.9361208081245422,0.7789779305458069
YDR210C-C,YNR060W,0,0.85001004,0.10726643353700638,0.9361208081245422,0.7790940999984741
YPL064C,YLR410W-B,0,0.84978426,0.10725216567516327,0.9361208081245422,0.7792102098464966
YER125W,YNR017W,1,0.84978193,0.10737094283103943,0.9372822046279907,0.7792102098464966
YKL171W,YER137C-A,0,0.84945303,0.10735666006803513,0.9372822046279907,0.7793263792991638
YER055C,YLL017W,0,0.8492675,0.10734237730503082,0.9372822046279907,0.7794424891471863
YER049W,YIL017W,0,0.849119,0.10732810199260712,0.9372822046279907,0.7795586585998535
YHR012W,YMR123W,0,0.8488612,0.10731382668018341,0.9372822046279907,0.779674768447876
YLR244C,YDR207C,0,0.8476054,0.1072995588183403,0.9372822046279907,0.7797909379005432
YHR214C-B,YNL122C,0,0.8471236,0.10728529840707779,0.9372822046279907,0.7799071073532104
YOL103W-B,YLR359W,0,0.84704447,0.10727103799581528,0.9372822046279907,0.7800232172012329
YDR146C,YIR005W,0,0.84656954,0.10725677758455276,0.9372822046279907,0.7801393866539001
YOR142W-B,YPL259C,0,0.84495205,0.10724252462387085,0.9372822046279907,0.7802554965019226
YNR018W,YDR261W-A,0,0.84490687,0.10722827166318893,0.9372822046279907,0.7803716659545898
YGR081C,YNL102W,0,0.8446107,0.10721402615308762,0.9372822046279907,0.7804877758026123
YHL034C,YGR155W,0,0.8440087,0.1071997880935669,0.9372822046279907,0.7806039452552795
YMR301C,YBR276C,0,0.8439453,0.10718555003404617,0.9372822046279907,0.7807201147079468
YMR013C,YGL256W,0,0.8438722,0.10717131197452545,0.9372822046279907,0.7808362245559692
YOR126C,YKL189W,0,0.8437472,0.10715708136558533,0.9372822046279907,0.7809523940086365
YMR168C,YOR304W,0,0.8434574,0.1071428582072258,0.9372822046279907,0.7810685038566589
YBL041W,YPL257W-B,0,0.84325105,0.10712863504886627,0.9372822046279907,0.7811846733093262
YJL012C-A,YGR268C,0,0.843095,0.10711441189050674,0.9372822046279907,0.7813008427619934
YOR142W-B,YFL038C,0,0.84263384,0.10710019618272781,0.9372822046279907,0.7814169526100159
YLR410W-B,YPL244C,0,0.8421521,0.10708598792552948,0.9372822046279907,0.7815331220626831
YKL174C,YKL095W,0,0.84194636,0.10707177966833115,0.9372822046279907,0.7816492319107056
YKR057W,YOR038C,0,0.8418836,0.10705757141113281,0.9372822046279907,0.7817654013633728
YHR179W,YER137C-A,0,0.8417156,0.10704337805509567,0.9372822046279907,0.7818815112113953
YDL225W,YDR226W,0,0.8412281,0.10702917724847794,0.9372822046279907,0.7819976806640625
YGL172W,YJL030W,0,0.84092855,0.1070149838924408,0.9372822046279907,0.7821138501167297
YJL194W,YKL171W,0,0.84085447,0.10700079798698425,0.9372822046279907,0.7822299599647522
YOR292C,YNR004W,0,0.8408513,0.10698661208152771,0.9372822046279907,0.7823461294174194
YIL135C,YDR476C,0,0.8406235,0.10697242617607117,0.9372822046279907,0.7824622392654419
YOR084W,YKR026C,0,0.8405277,0.10695824772119522,0.9372822046279907,0.7825784087181091
YNL127W,YGR031C-A,0,0.8401589,0.10694407671689987,0.9372822046279907,0.7826945185661316
YPR158C-C,YLR452C,0,0.8400413,0.10692990571260452,0.9372822046279907,0.7828106880187988
YKL061W,YFR036W,0,0.839504,0.10691574215888977,0.9372822046279907,0.7829268574714661
YPR158C-C,YNL110C,0,0.8375711,0.10690157860517502,0.9372822046279907,0.7830429673194885
YLL002W,YDR415C,0,0.8373605,0.10688741505146027,0.9372822046279907,0.7831591367721558
YJL114W,YBR187W,0,0.8371099,0.10687325894832611,0.9372822046279907,0.7832752466201782
YER151C,YLL033W,0,0.83665884,0.10685911029577255,0.9372822046279907,0.7833914160728455
YJL225C,YGL163C,0,0.8362218,0.106844961643219,0.9372822046279907,0.7835075259208679
YDR210C-C,YKR044W,0,0.8360697,0.10683082044124603,0.9372822046279907,0.7836236953735352
YMR176W,YGL216W,0,0.83595324,0.10681667923927307,0.9372822046279907,0.7837398648262024
YKL119C,YMR099C,0,0.83594096,0.10680253803730011,0.9372822046279907,0.7838559746742249
YCR093W,YNR013C,0,0.8358069,0.10678841173648834,0.9372822046279907,0.7839721441268921
YER137C-A,YMR228W,0,0.8357073,0.10677427798509598,0.9372822046279907,0.7840882539749146
YOR378W,YPL065W,0,0.8355276,0.10676015168428421,0.9372822046279907,0.7842044234275818
YOR142W-B,YLR024C,0,0.8349825,0.10674603283405304,0.9372822046279907,0.7843205332756042
YJL053W,YJL117W,0,0.8338156,0.10673191398382187,0.9372822046279907,0.7844367027282715
YMR272C,YKR068C,0,0.83254004,0.1067178025841713,0.9372822046279907,0.7845528721809387
YGR161W-B,YKL103C,0,0.8308114,0.10670369118452072,0.9372822046279907,0.7846689820289612
YGR031C-A,YJL187C,0,0.8307854,0.10668957978487015,0.9372822046279907,0.7847851514816284
YDR494W,YGR089W,0,0.83048934,0.10667547583580017,0.9372822046279907,0.7849012613296509
YOL053C-A,YJR140C,0,0.83039284,0.10666137933731079,0.9372822046279907,0.7850174307823181
YJL171C,YMR075W,0,0.8302653,0.10664728283882141,0.9372822046279907,0.7851335406303406
YBR260C,YGL103W,0,0.83008385,0.10663319379091263,0.9372822046279907,0.7852497100830078
YFR029W,YLR256W-A,0,0.8299953,0.10661910474300385,0.9372822046279907,0.785365879535675
YLR256W-A,YLR301W,0,0.82947695,0.10660502314567566,0.9372822046279907,0.7854819893836975
YOL103W-B,YOL129W,0,0.82904005,0.10659094154834747,0.9372822046279907,0.7855981588363647
YFL011W-A,YMR008C,0,0.8287893,0.10657685995101929,0.9372822046279907,0.7857142686843872
YER013W,YGR031C-A,0,0.8287347,0.1065627858042717,0.9372822046279907,0.7858304381370544
YER008C,YBR150C,0,0.8280712,0.1065487191081047,0.9372822046279907,0.7859465479850769
YKR055W,YKL095W,0,0.82746166,0.10653465241193771,0.9372822046279907,0.7860627174377441
YDR210C-C,YGL241W,0,0.8270488,0.10652059316635132,0.9372822046279907,0.7861788868904114
YNL085W,YDR167W,0,0.8265245,0.10650653392076492,0.9372822046279907,0.7862949967384338
YDR014W-A,YDR476C,0,0.8263966,0.10649247467517853,0.9372822046279907,0.7864111661911011
YJL178C,YML045W-A,0,0.8263966,0.10647843033075333,0.9372822046279907,0.7865272760391235
YDL245C,YNL284C-A,0,0.8263966,0.10646437853574753,0.9372822046279907,0.7866434454917908
YBL005W-B,YGL046W,0,0.8263966,0.10645033419132233,0.9372822046279907,0.7867595553398132
YLR043C,YML045W-A,0,0.8263966,0.10643629729747772,0.9372822046279907,0.7868757247924805
YJR036C,YBL029C-A,0,0.8263966,0.10642226040363312,0.9372822046279907,0.7869918942451477
YBL101W-B,YAL017W,0,0.8263966,0.10640823096036911,0.9372822046279907,0.7871080040931702
YDL245C,YDR014W-A,0,0.8263966,0.1063942015171051,0.9372822046279907,0.7872241735458374
YLR197W,YDR381C-A,0,0.8263966,0.1063801720738411,0.9372822046279907,0.7873402833938599
YBL101W-B,YLR285W,0,0.8263966,0.10636615008115768,0.9372822046279907,0.7874564528465271
YNL050C,YML045W-A,0,0.8263966,0.10635213553905487,0.9372822046279907,0.7875725626945496
YNL127W,YBL029C-A,0,0.8263966,0.10633812099695206,0.9372822046279907,0.7876887321472168
YFL035C,YML039W,0,0.8263966,0.10632411390542984,0.9372822046279907,0.787804901599884
YGL236C,YML045W-A,0,0.8263966,0.10631010681390762,0.9372822046279907,0.7879210114479065
YLR391W-A,YLR227W-B,0,0.8263966,0.1062960997223854,0.9372822046279907,0.7880371809005737
YBR066C,YML045W-A,0,0.8263966,0.10628210008144379,0.9372822046279907,0.7881532907485962
YDR067C,YML045W-A,0,0.8263966,0.10626810789108276,0.9372822046279907,0.7882694602012634
YBL101W-B,YDL208W,0,0.8263966,0.10625411570072174,0.9372822046279907,0.7883855700492859
YIL108W,YBR075W,0,0.8263966,0.10624012351036072,0.9372822046279907,0.7885017395019531
YBL101W-B,YLR291C,0,0.8263966,0.10622613877058029,0.9372822046279907,0.7886179089546204
YNL284C-A,YMR025W,0,0.8263966,0.10621216148138046,0.9372822046279907,0.7887340188026428
YDR381C-A,YBR257W,0,0.8263966,0.10619818419218063,0.9372822046279907,0.7888501882553101
YPR182W,YBL029C-A,0,0.8263966,0.1061842069029808,0.9372822046279907,0.7889662981033325
YPR113W,YDR381C-A,0,0.8263966,0.10617023706436157,0.9372822046279907,0.7890824675559998
YBL101W-B,YDR062W,0,0.8263966,0.10615627467632294,0.9372822046279907,0.7891985774040222
YPL002C,YBL029C-A,0,0.8263966,0.1061423122882843,0.9372822046279907,0.7893147468566895
YNL309W,YBL029C-A,0,0.8263966,0.10612834990024567,0.9372822046279907,0.7894309163093567
YPR006C,YDR381C-A,0,0.8263966,0.10611439496278763,0.9372822046279907,0.7895470261573792
YJL114W,YMR268W-A,0,0.8263966,0.10610044747591019,0.9372822046279907,0.7896631956100464
YOL112W,YBL101W-B,0,0.8263966,0.10608649998903275,0.9372822046279907,0.7897793054580688
YKL174C,YML045W-A,0,0.8263966,0.1060725525021553,0.9372822046279907,0.7898954749107361
YNL284C-A,YOR219C,0,0.8263966,0.10605861246585846,0.9372822046279907,0.7900115847587585
YML045W-A,YLR316C,0,0.8263966,0.10604467988014221,0.9372822046279907,0.7901277542114258
YGR161W-B,YKL097W-A,0,0.8263966,0.10603074729442596,0.9372822046279907,0.790243923664093
YLR191W,YML045W-A,0,0.8263966,0.10601681470870972,0.9372822046279907,0.7903600335121155
YJR032W,YDR381C-A,0,0.8263966,0.10600288957357407,0.9372822046279907,0.7904762029647827
YOR142W-A,YFL035C,0,0.8263966,0.10598896443843842,0.9372822046279907,0.7905923128128052
YMR168C,YDR014W-A,0,0.8263966,0.10597504675388336,0.9372822046279907,0.7907084822654724
YLR321C,YBL029C-A,0,0.8263966,0.1059611365199089,0.9372822046279907,0.7908246517181396
YMR137C,YBL029C-A,0,0.8263966,0.10594722628593445,0.9372822046279907,0.7909407615661621
YLR391W,YLR050C,0,0.8263966,0.10593331605195999,0.9372822046279907,0.7910569310188293
YDR014W-A,YBL079W,0,0.8263966,0.10591941326856613,0.9372822046279907,0.7911730408668518
YAL017W,YBL029C-A,0,0.8263966,0.10590551048517227,0.9372822046279907,0.791289210319519
YML045W-A,YER115C,0,0.8263966,0.10589161515235901,0.9372822046279907,0.7914053201675415
YAL024C,YER137C-A,0,0.8263966,0.10587771981954575,0.9372822046279907,0.7915214896202087
YGR031C-A,YLR224W,0,0.8263966,0.10586383193731308,0.9372822046279907,0.791637659072876
YMR090W,YOL053C-A,0,0.8263966,0.10584994405508041,0.9372822046279907,0.7917537689208984
YFL066C,YCR055C,0,0.8263966,0.10583606362342834,0.9372822046279907,0.7918699383735657
YER138C,YMR268W-A,0,0.8263966,0.10582219064235687,0.9372822046279907,0.7919860482215881
YIL134W,YNL284C-A,0,0.8263966,0.1058083102107048,0.9372822046279907,0.7921022176742554
YPL113C,YML045W-A,0,0.8263966,0.10579444468021393,0.9372822046279907,0.7922183275222778
YBL101W-B,YOR340C,0,0.8263966,0.10578057169914246,0.9372822046279907,0.7923344969749451
YOR025W,YBL029C-A,0,0.8263966,0.10576671361923218,0.9372822046279907,0.7924506664276123
YJR028W,YFL035C,0,0.8263966,0.1057528480887413,0.9372822046279907,0.7925667762756348
YEL043W,YDR381C-A,0,0.8263966,0.10573899000883102,0.9372822046279907,0.792682945728302
YLR391W-A,YMR160W,0,0.8263966,0.10572513937950134,0.9372822046279907,0.7927990555763245
YBL029C-A,YLR309C,0,0.8263966,0.10571128875017166,0.9372822046279907,0.7929152250289917
YBR172C,YDR261C-D,0,0.8263966,0.10569744557142258,0.9372822046279907,0.7930313348770142
YGR252W,YBL029C-A,0,0.8263966,0.10568360239267349,0.9372822046279907,0.7931475043296814
YML045W-A,YIL048W,0,0.8263966,0.105669766664505,0.9372822046279907,0.7932636737823486
YDR405W,YDR381C-A,0,0.8263966,0.10565593093633652,0.9372822046279907,0.7933797836303711
YPR204W,YDR381C-A,0,0.8263966,0.10564210265874863,0.9372822046279907,0.7934959530830383
YBL112C,YKL097W-A,0,0.8263966,0.10562827438116074,0.9372822046279907,0.7936120629310608
YGR175C,YBL029C-A,0,0.8263966,0.10561444610357285,0.9372822046279907,0.793728232383728
YDL015C,YBL029C-A,0,0.8263966,0.10560062527656555,0.9372822046279907,0.7938443422317505
YGR031C-A,YLR410W-A,0,0.8263966,0.10558681190013885,0.9372822046279907,0.7939605116844177
YHR164C,YDR014W-A,0,0.8263966,0.10557299852371216,0.9372822046279907,0.794076681137085
YBL101W-B,YHR079C,0,0.8263966,0.10555919259786606,0.9372822046279907,0.7941927909851074
YJL012C-A,YPR127W,0,0.8263966,0.10554538667201996,0.9372822046279907,0.7943089604377747
YDR014W-A,YOL124C,0,0.8263966,0.10553158074617386,0.9372822046279907,0.7944250702857971
YNL284C-A,YLR270W,0,0.8263966,0.10551778227090836,0.9372822046279907,0.7945412397384644
YJR092W,YDR261C-D,0,0.8263966,0.10550398379564285,0.9372822046279907,0.7946573495864868
YKR020W,YML045W-A,0,0.8263966,0.10549019277095795,0.9372822046279907,0.794773519039154
YOR168W,YML045W-A,0,0.8263966,0.10547640919685364,0.9372822046279907,0.7948896884918213
YFL035C,YPR127W,0,0.8263966,0.10546262562274933,0.9372822046279907,0.7950057983398438
YNL284C-A,YLR154W-A,0,0.8263966,0.10544884204864502,0.9372822046279907,0.795121967792511
YFL066C,YMR268W-A,0,0.8263966,0.10543506592512131,0.9372822046279907,0.7952380776405334
YOR283W,YLR391W,0,0.8263966,0.1054212898015976,0.9372822046279907,0.7953542470932007
YMR046C,YDR381C-A,0,0.8263966,0.10540752112865448,0.9372822046279907,0.7954703569412231
YOR142W-B,YAL024C,0,0.8263966,0.10539375990629196,0.9372822046279907,0.7955865263938904
YPL007C,YDR381C-A,0,0.8263966,0.10537999123334885,0.9372822046279907,0.7957026958465576
YBL101W-B,YGL060W,0,0.8263966,0.10536623746156693,0.9372822046279907,0.7958188056945801
YOR323C,YBL101W-B,0,0.8263966,0.105352483689785,0.9372822046279907,0.7959349751472473
YBL101W-B,YBL029C-A,0,0.8263966,0.10533872991800308,0.9372822046279907,0.7960510849952698
YBR075W,YLR227W-B,0,0.8263966,0.10532498359680176,0.9372822046279907,0.796167254447937
YNL127W,YML045W-A,0,0.8263966,0.10531123727560043,0.9372822046279907,0.7962833642959595
YMR176W,YBL029C-A,0,0.8263966,0.1052974984049797,0.9372822046279907,0.7963995337486267
YDR261C-D,YML045W-A,0,0.8263966,0.10528375953435898,0.9372822046279907,0.796515703201294
YOL112W,YDR014W-A,0,0.8263966,0.10527002066373825,0.9372822046279907,0.7966318130493164
YML045W-A,YMR296C,0,0.8263966,0.10525629669427872,0.9372822046279907,0.7967479825019836
YIL017W,YLR224W,0,0.8263966,0.10524256527423859,0.9372822046279907,0.7968640923500061
YER014C-A,YLR410W-B,0,0.8263966,0.10522884130477905,0.9372822046279907,0.7969802618026733
YFL035C,YER130C,0,0.8263966,0.10521512478590012,0.9372822046279907,0.7970963716506958
YJR107W,YBR075W,0,0.8263966,0.10520140826702118,0.9372822046279907,0.797212541103363
YML045W-A,YDR415C,0,0.8263966,0.10518769919872284,0.9372822046279907,0.7973287105560303
YMR295C,YMR268W-A,0,0.8263966,0.1051739901304245,0.9372822046279907,0.7974448204040527
YOL155C,YBL029C-A,0,0.8263966,0.10516028106212616,0.9372822046279907,0.79756098985672
YNL284C-A,YPR137W,0,0.8263966,0.10514657944440842,0.9372822046279907,0.7976770997047424
YBL101W-B,YGL225W,0,0.8263966,0.10513288527727127,0.9372822046279907,0.7977932691574097
YGR171C,YBL029C-A,0,0.8263966,0.10511918365955353,0.9372822046279907,0.7979093790054321
YCL003W,YMR210W,0,0.8263966,0.10510549694299698,0.9372822046279907,0.7980255484580994
YLR452C,YBL101W-B,0,0.8263966,0.10509181022644043,0.9372822046279907,0.7981417179107666
YIR011C,YDR014W-A,0,0.8263966,0.10507812350988388,0.9372822046279907,0.7982578277587891
YLR330W,YDR381C-A,0,0.8263966,0.10506444424390793,0.9372822046279907,0.7983739972114563
YML045W-A,YGL220W,0,0.8263966,0.10505076497793198,0.9372822046279907,0.7984901070594788
YNR021W,YCR097WB,0,0.8263966,0.10503709316253662,0.9372822046279907,0.798606276512146
YDR014W-A,YIR039C,0,0.8263966,0.10502342879772186,0.9372822046279907,0.7987223863601685
YMR090W,YBL029C-A,0,0.8263966,0.10500975698232651,0.9372822046279907,0.7988385558128357
YOR304C-A,YBR111W-A,0,0.8263966,0.10499610006809235,0.9372822046279907,0.7989547252655029
YPR204W,YCR097WB,0,0.8263966,0.10498243570327759,0.9372822046279907,0.7990708351135254
YOR343W-B,YML045W-A,0,0.8263966,0.10496878623962402,0.9372822046279907,0.7991870045661926
YML045W-A,YOR353C,0,0.8263966,0.10495512932538986,0.9372822046279907,0.7993031144142151
YDR014W-A,YIR032C,0,0.8263966,0.1049414798617363,0.9372822046279907,0.7994192838668823
YGR161W-B,YGR281W,0,0.8263966,0.10492783784866333,0.9372822046279907,0.7995354533195496
YJL034W,YBL029C-A,0,0.8263966,0.10491419583559036,0.9372822046279907,0.799651563167572
YBR195C,YNL284C-A,0,0.8263966,0.10490056127309799,0.9372822046279907,0.7997677326202393
YJL114W,YFL035C,0,0.8263966,0.10488692671060562,0.9372822046279907,0.7998838424682617
YJR092W,YER137C-A,0,0.8263966,0.10487329214811325,0.9372822046279907,0.800000011920929
YGR109W-B,YDR530C,0,0.8263966,0.10485966503620148,0.9372822046279907,0.8001161217689514
YOL103W-B,YCL060C,0,0.8263966,0.1048460453748703,0.9372822046279907,0.8002322912216187
YOR168W,YDR381C-A,0,0.8263966,0.10483242571353912,0.9372822046279907,0.8003484606742859
YDL045W-A,YNL284C-A,0,0.8263966,0.10481880605220795,0.9372822046279907,0.8004645705223083
YPR137C-A,YMR268W-A,0,0.8263966,0.10480519384145737,0.9372822046279907,0.8005807399749756
YDR014W-A,YGR095C,0,0.8263966,0.10479158908128738,0.9372822046279907,0.800696849822998
YML045W-A,YLR130C,0,0.8263966,0.1047779768705368,0.9372822046279907,0.8008130192756653
YOR324C,YBL029C-A,0,0.8263966,0.10476437956094742,0.9372822046279907,0.8009291291236877
YML045W-A,YOR204W,0,0.8263966,0.10475078225135803,0.9372822046279907,0.801045298576355
YNL284C-A,YIL046W,0,0.8263966,0.10473718494176865,0.9372822046279907,0.8011614680290222
YMR039C,YDR381C-A,0,0.8263966,0.10472359508275986,0.9372822046279907,0.8012775778770447
YHR012W,YNL284C-A,0,0.8263966,0.10471000522375107,0.9372822046279907,0.8013937473297119
YKR055W,YDR014W-A,0,0.8263966,0.10469642281532288,0.9372822046279907,0.8015098571777344
YNL232W,YML071C,0,0.8263395,0.10468284040689468,0.9372822046279907,0.8016260266304016
YDR164C,YPL196W,0,0.82607,0.10466925799846649,0.9372822046279907,0.8017421364784241
YJL171C,YLR227W-B,0,0.8260084,0.1046556830406189,0.9372822046279907,0.8018583059310913
YJR006W,YLR321C,0,0.82585657,0.1046421155333519,0.9372822046279907,0.8019744753837585
YLR256W-A,YMR272C,0,0.8258144,0.1046285480260849,0.9372822046279907,0.802090585231781
YGR031C-A,YMR269W,0,0.82581425,0.1046149879693985,0.9372822046279907,0.8022067546844482
YJR083C,YLR330W,0,0.82571185,0.1046014279127121,0.9372822046279907,0.8023228645324707
YHR012W,YCL060C,0,0.8254185,0.1045878678560257,0.9372822046279907,0.8024390339851379
YMR276W,YER087C-B,0,0.82523,0.10457431524991989,0.9372822046279907,0.8025551438331604
YGL046W,YML128C,0,0.8250318,0.10456077009439468,0.9372822046279907,0.8026713132858276
YOR297C,YBR192W,1,0.82501024,0.10467676818370819,0.938443660736084,0.8026713132858276
YGR031C-A,YKL009W,0,0.8249807,0.10466321557760239,0.938443660736084,0.8027874827384949
YGR031C-A,YGR169C,0,0.8245551,0.10464965552091599,0.938443660736084,0.8029035925865173
YOR349W,YAL039C,0,0.8238753,0.10463610291481018,0.938443660736084,0.8030197620391846
YLR256W-A,YER145C,0,0.82360125,0.10462255775928497,0.938443660736084,0.803135871887207
YOR274W,YJR082C,0,0.8229732,0.10460901260375977,0.938443660736084,0.8032520413398743
YDR076W,YKR068C,0,0.8224282,0.10459546744823456,0.938443660736084,0.8033681511878967
YGR084C,YIL035C,0,0.8216815,0.10458192974328995,0.938443660736084,0.803484320640564
YIL079C,YDR207C,0,0.8216468,0.10456839948892593,0.938443660736084,0.8036004900932312
YOL057W,YHR209W,0,0.8216087,0.10455486178398132,0.938443660736084,0.8037165999412537
YHR002W,YBR111W-A,0,0.8213612,0.1045413389801979,0.938443660736084,0.8038327693939209
YGR031C-A,YPL151C,0,0.8213577,0.10452781617641449,0.938443660736084,0.8039488792419434
YDR026C,YDR261C-D,0,0.8211244,0.10451429337263107,0.938443660736084,0.8040650486946106
YPR158C-C,YPL099C,0,0.82107466,0.10450077801942825,0.938443660736084,0.8041811585426331
YMR046C,YJR063W,0,0.82104343,0.10448726266622543,0.938443660736084,0.8042973279953003
YGL236C,YBR155W,0,0.8206932,0.10447375476360321,0.938443660736084,0.8044134974479675
YBR247C,YJL225C,0,0.8205601,0.10446024686098099,0.938443660736084,0.80452960729599
YKL126W,YJR053W,0,0.8202511,0.10444673895835876,0.938443660736084,0.8046457767486572
YPR158C-C,YPL259C,0,0.8202366,0.10443324595689774,0.938443660736084,0.8047618865966797
YGR031C-A,YIL035C,0,0.8197525,0.10441974550485611,0.938443660736084,0.8048780560493469
YOL102C,YNL258C,0,0.8196844,0.10440625250339508,0.938443660736084,0.8049941658973694
YLR256W-A,YPL078C,0,0.8196294,0.10439276695251465,0.938443660736084,0.8051103353500366
YOR142W-B,YDL021W,0,0.8195832,0.10437928140163422,0.938443660736084,0.8052265048027039
YOR237W,YGL203C,0,0.8194183,0.10436579585075378,0.938443660736084,0.8053426146507263
YER087W,YLL043W,0,0.81819475,0.10435231775045395,0.938443660736084,0.8054587841033936
YDR210C-C,YMR075W,0,0.8179213,0.10433883965015411,0.938443660736084,0.805574893951416
YLR105C,YOR382W,0,0.81778616,0.10432536900043488,0.938443660736084,0.8056910634040833
YGR031C-A,YLR130C,0,0.81774145,0.10431190580129623,0.938443660736084,0.8058071732521057
YGR072W,YNR028W,0,0.8176473,0.104298435151577,0.938443660736084,0.805923342704773
YOR239W,YDR444W,0,0.8173021,0.10428497940301895,0.938443660736084,0.8060395121574402
YNL016W,YDR261W-A,0,0.8164725,0.10427151620388031,0.938443660736084,0.8061556220054626
YOL103W-B,YKL217W,0,0.8163162,0.10425806790590286,0.938443660736084,0.8062717914581299
YJL029C,YPL244C,0,0.8162186,0.10424461215734482,0.938443660736084,0.8063879013061523
YPR158C-C,YLL040C,0,0.8162167,0.10423116385936737,0.938443660736084,0.8065040707588196
YOL066C,YNL138W-A,0,0.81621283,0.10421772301197052,0.938443660736084,0.806620180606842
YGR031C-A,YNL084C,0,0.8158276,0.10420428216457367,0.938443660736084,0.8067363500595093
YFR018C,YKL022C,0,0.8157456,0.10419084131717682,0.938443660736084,0.8068525195121765
YGR031C-A,YDL074C,0,0.81556416,0.10417740792036057,0.938443660736084,0.806968629360199
YDL121C,YIL079C,0,0.8155227,0.10416398197412491,0.938443660736084,0.8070847988128662
YPL223C,YKR068C,0,0.81519073,0.10415055602788925,0.938443660736084,0.8072009086608887
YDR261C-D,YDL074C,0,0.8147608,0.1041371300816536,0.938443660736084,0.8073170781135559
YHR211W,YML112W,0,0.81473064,0.10412371158599854,0.938443660736084,0.8074331879615784
YBR276C,YDR261W-A,0,0.814704,0.10411029309034348,0.938443660736084,0.8075493574142456
YGR179C,YNL192W,0,0.81455904,0.10409688204526901,0.938443660736084,0.8076655268669128
YDR451C,YOR162C,0,0.8142207,0.10408347100019455,0.938443660736084,0.8077816367149353
YNL297C,YDR281C,0,0.8140407,0.10407006740570068,0.938443660736084,0.8078978061676025
YGR143W,YDR261W-A,0,0.81394404,0.10405666381120682,0.938443660736084,0.808013916015625
YNL127W,YAL031C,0,0.8136127,0.10404326766729355,0.938443660736084,0.8081300854682922
YOL103W-B,YNL095C,0,0.8128361,0.10402987152338028,0.938443660736084,0.8082462549209595
YLR029C,YCL003W,0,0.81282616,0.10401647537946701,0.938443660736084,0.8083623647689819
YLR256W-A,YOR299W,0,0.81163543,0.10400308668613434,0.938443660736084,0.8084785342216492
YDR310C,YGL212W,0,0.81151783,0.10398970544338226,0.938443660736084,0.8085946440696716
YGR288W,YJL053W,0,0.8100677,0.10397632420063019,0.938443660736084,0.8087108135223389
YOR138C,YPL257W-B,0,0.808115,0.10396294295787811,0.938443660736084,0.8088269233703613
YGL203C,YKR101W,0,0.8078333,0.10394956916570663,0.938443660736084,0.8089430928230286
YDR144C,YIL133C,0,0.80688953,0.10393619537353516,0.938443660736084,0.8090592622756958
YJL114W,YLL033W,0,0.80685306,0.10392282903194427,0.938443660736084,0.8091753721237183
YML051W,YJL012C-A,0,0.80647564,0.1039094626903534,0.938443660736084,0.8092915415763855
YJL034W,YLR227W-B,0,0.80638444,0.10389610379934311,0.938443660736084,0.809407651424408
YDR072C,YHR168W,0,0.8060065,0.10388274490833282,0.938443660736084,0.8095238208770752
YBR278W,YGL019W,0,0.8059096,0.10386939346790314,0.938443660736084,0.8096399307250977
YKL020C,YLR410W-B,0,0.8055561,0.10385604202747345,0.938443660736084,0.8097561001777649
YNL032W,YDR226W,0,0.80513185,0.10384269058704376,0.938443660736084,0.8098722696304321
YLR316C,YJL095W,0,0.8042159,0.10382934659719467,0.938443660736084,0.8099883794784546
YER137C-A,YHR156C,0,0.80375147,0.10381601005792618,0.938443660736084,0.8101045489311218
YOR147W,YNL070W,1,0.8032632,0.10393114387989044,0.9396051168441772,0.8101045489311218
YGR251W,YBR243C,0,0.8025475,0.10391779243946075,0.9396051168441772,0.8102206587791443
YOR159C,YGR081C,0,0.80198956,0.10390444099903107,0.9396051168441772,0.8103368282318115
YDL015C,YJR140C,0,0.80156076,0.10389109700918198,0.9396051168441772,0.810452938079834
YJL012C-A,YER074W,0,0.8013702,0.10387776046991348,0.9396051168441772,0.8105691075325012
YLR105C,YHR214C-B,0,0.8011216,0.10386442393064499,0.9396051168441772,0.8106852769851685
YNL138W-A,YGR034W,0,0.80110896,0.10385109484195709,0.9396051168441772,0.8108013868331909
YGR161W-B,YFL010W-A,0,0.80100024,0.1038377583026886,0.9396051168441772,0.8109175562858582
YPR158C-C,YOR304W,0,0.8009197,0.1038244366645813,0.9396051168441772,0.8110336661338806
YKL186C,YCL004W,0,0.8003448,0.103811115026474,0.9396051168441772,0.8111498355865479
YDR254W,YGR095C,0,0.8000043,0.1037977933883667,0.9396051168441772,0.8112659454345703
YFL002W-B,YNL192W,0,0.79981136,0.10378447920084,0.9396051168441772,0.8113821148872375
YGR161W-B,YOR230W,0,0.79942065,0.1037711650133133,0.9396051168441772,0.8114982843399048
YML030W,YLR145W,0,0.79926157,0.10375785827636719,0.9396051168441772,0.8116143941879272
YOR142W-B,YCR012W,0,0.79841214,0.10374455153942108,0.9396051168441772,0.8117305636405945
YDR210C-C,YIL076W,0,0.7982577,0.10373124480247498,0.9396051168441772,0.8118466734886169
YOL112W,YLR256W-A,0,0.79769444,0.10371794551610947,0.9396051168441772,0.8119628429412842
YLR256W-A,YBL113C,0,0.79767627,0.10370465368032455,0.9396051168441772,0.8120789527893066
YKR056W,YCR097WB,0,0.79761386,0.10369136184453964,0.9396051168441772,0.8121951222419739
YMR160W,YAL031C,0,0.79713494,0.10367807000875473,0.9396051168441772,0.8123112916946411
YPR030W,YBL092W,0,0.7967914,0.10366478562355042,0.9396051168441772,0.8124274015426636
YGR109W-B,YGL060W,0,0.79671323,0.1036515086889267,0.9396051168441772,0.8125435709953308
YMR228W,YLR256W-A,0,0.7962771,0.10363822430372238,0.9396051168441772,0.8126596808433533
YDR403W,YLR154W-A,0,0.7957699,0.10362495481967926,0.9396051168441772,0.8127758502960205
YGR109W-B,YPL042C,0,0.79504156,0.10361167788505554,0.9396051168441772,0.812891960144043
YPR072W,YLL040C,0,0.7946333,0.10359840840101242,0.9396051168441772,0.8130081295967102
YOR142W-A,YJL079C,0,0.7946054,0.1035851463675499,0.9396051168441772,0.8131242990493774
YDR429C,YJR083C,0,0.7944478,0.10357188433408737,0.9396051168441772,0.8132404088973999
YLR256W-A,YPL007C,0,0.7942784,0.10355862975120544,0.9396051168441772,0.8133565783500671
YGR109W-B,YKR019C,0,0.7934425,0.10354537516832352,0.9396051168441772,0.8134726881980896
YDR210C-C,YNL032W,0,0.79336977,0.10353212058544159,0.9396051168441772,0.8135888576507568
YCR011C,YCL026C-B,0,0.79331857,0.10351887345314026,0.9396051168441772,0.8137049674987793
YGL172W,YLR256W-A,0,0.7929518,0.10350562632083893,0.9396051168441772,0.8138211369514465
YOR388C,YDR261C-D,0,0.79284286,0.1034923866391182,0.9396051168441772,0.8139373064041138
YDR030C,YHR039C-A,0,0.7923532,0.10347914695739746,0.9396051168441772,0.8140534162521362
YFL002W-B,YOR187W,0,0.7922977,0.10346591472625732,0.9396051168441772,0.8141695857048035
YLR429W,YLR227W-B,0,0.7917267,0.10345268249511719,0.9396051168441772,0.8142856955528259
YPL257W-B,YPL011C,0,0.79161036,0.10343945771455765,0.9396051168441772,0.8144018650054932
YLR256W-A,YLR268W,0,0.791523,0.10342623293399811,0.9396051168441772,0.8145179748535156
YGR161W-B,YDL045C,0,0.7915096,0.10341301560401917,0.9396051168441772,0.8146341443061829
YPR158C-C,YDR498C,0,0.79146254,0.10339979827404022,0.9396051168441772,0.8147503137588501
YOL103W-B,YPR194C,0,0.79134166,0.10338658094406128,0.9396051168441772,0.8148664236068726
YLR391W,YLR088W,0,0.7909077,0.10337337106466293,0.9396051168441772,0.8149825930595398
YNL238W,YCR097WB,0,0.7906917,0.10336016118526459,0.9396051168441772,0.8150987029075623
YNL102W,YDR261W-A,0,0.7905869,0.10334695875644684,0.9396051168441772,0.8152148723602295
YGR109W-B,YJR107W,0,0.7905313,0.10333375632762909,0.9396051168441772,0.815330982208252
YLR191W,YOR294W,0,0.79044217,0.10332056134939194,0.9396051168441772,0.8154471516609192
YPL099C,YIL080W,0,0.7903464,0.10330736637115479,0.9396051168441772,0.8155633211135864
YLR157C,YLR410W-B,0,0.79019725,0.10329417884349823,0.9396051168441772,0.8156794309616089
YOL103W-B,YLR348C,0,0.7901844,0.10328099131584167,0.9396051168441772,0.8157956004142761
YER137C-A,YEL029C,0,0.7899446,0.10326780378818512,0.9396051168441772,0.8159117102622986
YPL257W-B,YMR075W,0,0.78990173,0.10325462371110916,0.9396051168441772,0.8160278797149658
YOR142W-B,YNL290W,0,0.7897391,0.1032414510846138,0.9396051168441772,0.8161439895629883
YOL142W,YPR060C,0,0.7895069,0.10322827845811844,0.9396051168441772,0.8162601590156555
YLR410W-A,YPR006C,0,0.7894069,0.10321510583162308,0.9396051168441772,0.8163763284683228
YOR099W,YOL111C,0,0.78808355,0.10320194065570831,0.9396051168441772,0.8164924383163452
YLR410W-B,YHR057C,0,0.7880816,0.10318877547979355,0.9396051168441772,0.8166086077690125
YFR029W,YPR158C-C,0,0.78763145,0.10317561775445938,0.9396051168441772,0.8167247176170349
YNR074C,YMR020W,0,0.7875694,0.10316246002912521,0.9396051168441772,0.8168408870697021
YNL304W,YPR133W-A,1,0.7862958,0.1032768040895462,0.9407665729522705,0.8168408870697021
YLL061W,YGR070W,0,0.7861348,0.10326363891363144,0.9407665729522705,0.8169569969177246
YCR055C,YGL190C,0,0.78606635,0.10325048118829727,0.9407665729522705,0.8170731663703918
YGR288W,YOR089C,0,0.7859027,0.10323731601238251,0.9407665729522705,0.8171893358230591
YMR238W,YHR082C,0,0.785746,0.10322416573762894,0.9407665729522705,0.8173054456710815
YKR068C,YDR151C,0,0.7856376,0.10321100801229477,0.9407665729522705,0.8174216151237488
YDR064W,YGR216C,0,0.7855865,0.1031978577375412,0.9407665729522705,0.8175377249717712
YOR142W-A,YLR321C,0,0.78543824,0.10318471491336823,0.9407665729522705,0.8176538944244385
YOR106W,YGL019W,0,0.78519607,0.10317157208919525,0.9407665729522705,0.8177700638771057
YGR251W,YBR002C,0,0.7838225,0.10315842926502228,0.9407665729522705,0.8178861737251282
YPR158C-C,YNR010W,0,0.78361833,0.1031452938914299,0.9407665729522705,0.8180023431777954
YIL021W,YLR410W-B,0,0.7833383,0.10313215851783752,0.9407665729522705,0.8181184530258179
YJL030W,YLR410W-B,0,0.78296506,0.10311903059482574,0.9407665729522705,0.8182346224784851
YJR127C,YDR457W,0,0.78157187,0.10310590267181396,0.9407665729522705,0.8183507323265076
YPR072W,YGL183C,0,0.78148055,0.10309278219938278,0.9407665729522705,0.8184669017791748
YMR194W,YMR115W,0,0.7814629,0.1030796617269516,0.9407665729522705,0.818583071231842
YER175C,YDL171C,0,0.7812429,0.10306654870510101,0.9407665729522705,0.8186991810798645
YGL225W,YGL050W,0,0.78092694,0.10305343568325043,0.9407665729522705,0.8188153505325317
YFR021W,YMR020W,0,0.78046614,0.10304032266139984,0.9407665729522705,0.8189314603805542
YKR056W,YMR054W,0,0.7800817,0.10302721709012985,0.9407665729522705,0.8190476298332214
YHR030C,YKR055W,0,0.7799746,0.10301411896944046,0.9407665729522705,0.8191637396812439
YNR021W,YIL177C,0,0.7799065,0.10300102084875107,0.9407665729522705,0.8192799091339111
YKL130C,YDR410C,0,0.77958083,0.10298792272806168,0.9407665729522705,0.8193960785865784
YLR227W-B,YOL004W,0,0.77822757,0.10297483205795288,0.9407665729522705,0.8195121884346008
YAR035W,YBR129C,0,0.7781712,0.10296174138784409,0.9407665729522705,0.8196283578872681
YCL060C,YKL172W,0,0.7778184,0.10294865071773529,0.9407665729522705,0.8197444677352905
YPR125W,YDR470C,1,0.777123,0.10306265205144882,0.941927969455719,0.8197444677352905
YJL114W,YJL060W,0,0.77611864,0.10304955393075943,0.941927969455719,0.8198606371879578
YHR214C-B,YLR130C,0,0.7753506,0.10303646326065063,0.941927969455719,0.8199767470359802
YOL111C,YLR213C,0,0.77502203,0.10302337259054184,0.941927969455719,0.8200929164886475
YNR004W,YER087C-B,0,0.7744764,0.10301028937101364,0.941927969455719,0.8202090859413147
YBR274W,YHR209W,0,0.77393514,0.10299720615148544,0.941927969455719,0.8203251957893372
YPR137C-A,YCR060W,0,0.77332574,0.10298413038253784,0.941927969455719,0.8204413652420044
YDR451C,YLR410W-A,0,0.77300805,0.10297105461359024,0.941927969455719,0.8205574750900269
YFL035C,YPL259C,0,0.7728983,0.10295797884464264,0.941927969455719,0.8206736445426941
YLR410W-B,YLR028C,0,0.7725128,0.10294491052627563,0.941927969455719,0.8207897543907166
YDR351W,YBR010W,0,0.7703135,0.10293184220790863,0.941927969455719,0.8209059238433838
YBR202W,YFL002W-B,0,0.7702831,0.10291878134012222,0.941927969455719,0.821022093296051
YKL186C,YMR034C,0,0.7702349,0.10290572047233582,0.941927969455719,0.8211382031440735
YNR004W,YIL170W,0,0.76834524,0.10289266705513,0.941927969455719,0.8212543725967407
YBR172C,YLR344W,0,0.767171,0.1028796136379242,0.941927969455719,0.8213704824447632
YPL223C,YKL210W,0,0.7671013,0.10286656767129898,0.941927969455719,0.8214866518974304
YGR109W-B,YOR162C,0,0.76659226,0.10285352170467377,0.941927969455719,0.8216027617454529
YPL127C,YOR142W-B,0,0.76653814,0.10284047573804855,0.941927969455719,0.8217189311981201
YDR196C,YGR084C,0,0.76631767,0.10282743722200394,0.941927969455719,0.8218351006507874
YOR343W-B,YMR267W,0,0.76567096,0.10281439870595932,0.941927969455719,0.8219512104988098
YOR126C,YJL095W,0,0.76548296,0.1028013676404953,0.941927969455719,0.822067379951477
YIL128W,YPL065W,0,0.76502746,0.10278833657503128,0.941927969455719,0.8221834897994995
YLR447C,YOL104C,0,0.76494116,0.10277531296014786,0.941927969455719,0.8222996592521667
YMR228W,YDL227C,0,0.7647745,0.10276228934526443,0.941927969455719,0.8224157691001892
YLR410W-A,YKL168C,0,0.76377416,0.10274927318096161,0.941927969455719,0.8225319385528564
YJL011C,YDL225W,0,0.76357514,0.10273625701665878,0.941927969455719,0.8226481080055237
YPL167C,YDR261W-A,0,0.7626708,0.10272324085235596,0.941927969455719,0.8227642178535461
YMR061W,YJL095W,0,0.7625698,0.10271023213863373,0.941927969455719,0.8228803873062134
YER103W,YKL067W,0,0.7624742,0.1026972234249115,0.941927969455719,0.8229964971542358
YPL002C,YKL015W,0,0.7620168,0.10268422216176987,0.941927969455719,0.8231126666069031
YIL002C,YNL073W,0,0.76200736,0.10267122089862823,0.941927969455719,0.8232287764549255
YPL064C,YOR340C,0,0.7619812,0.1026582270860672,0.941927969455719,0.8233449459075928
YDR240C,YIL048W,0,0.76184106,0.10264523327350616,0.941927969455719,0.82346111536026
YOR279C,YDR261W-A,0,0.76183844,0.10263224691152573,0.941927969455719,0.8235772252082825
YMR112C,YDR072C,0,0.7616231,0.10261926054954529,0.941927969455719,0.8236933946609497
YML006C,YGR134W,0,0.7612851,0.10260627418756485,0.941927969455719,0.8238095045089722
YCR014C,YPR002W,0,0.76093274,0.10259329527616501,0.941927969455719,0.8239256739616394
YPR137C-A,YDR364C,0,0.76069397,0.10258031636476517,0.941927969455719,0.8240417838096619
YIL002C,YDR457W,0,0.76025546,0.10256734490394592,0.941927969455719,0.8241579532623291
YEL036C,YIL047C,0,0.7601496,0.10255437344312668,0.941927969455719,0.8242741227149963
YLR425W,YPR006C,0,0.7594315,0.10254140943288803,0.941927969455719,0.8243902325630188
YNR006W,YOL053C-A,0,0.7590915,0.10252844542264938,0.941927969455719,0.824506402015686
YER101C,YGR285C,0,0.75864124,0.10251548141241074,0.941927969455719,0.8246225118637085
YPR137C-A,YML058W-A,0,0.7582698,0.10250252485275269,0.941927969455719,0.8247386813163757
YPL083C,YDR261W-A,0,0.7582698,0.10248957574367523,0.941927969455719,0.8248547911643982
YNL261W,YPL110C,0,0.7579811,0.10247662663459778,0.941927969455719,0.8249709606170654
YPR137C-A,YJL030W,0,0.7575243,0.10246367752552032,0.941927969455719,0.8250871300697327
YBR223C,YDR059C,0,0.7574522,0.10245073586702347,0.941927969455719,0.8252032399177551
YGR109W-B,YPL150W,0,0.75704515,0.10243779420852661,0.941927969455719,0.8253194093704224
YNL297C,YLL017W,0,0.7567913,0.10242485255002975,0.941927969455719,0.8254355192184448
YKL144C,YCL060C,0,0.75583506,0.1024119183421135,0.941927969455719,0.8255516886711121
YOR147W,YEL030W,1,0.7539002,0.1025252491235733,0.9430894255638123,0.8255516886711121
YHR074W,YCL014W,0,0.75335133,0.10251230746507645,0.9430894255638123,0.8256677985191345
YIL142W,YLR227W-B,0,0.75321186,0.10249936580657959,0.9430894255638123,0.8257839679718018
YOL155C,YKL172W,0,0.752844,0.10248643159866333,0.9430894255638123,0.825900137424469
YGL169W,YNL298W,0,0.7527671,0.10247349739074707,0.9430894255638123,0.8260162472724915
YLR191W,YML109W,0,0.752647,0.10246057063341141,0.9430894255638123,0.8261324167251587
YER138C,YKL003C,0,0.7526268,0.10244764387607574,0.9430894255638123,0.8262485265731812
YLR295C,YLR227W-B,0,0.7520938,0.10243471711874008,0.9430894255638123,0.8263646960258484
YNR057C,YBR010W,0,0.7520232,0.10242179781198502,0.9430894255638123,0.8264808654785156
YGL068W,YFL066C,0,0.7513273,0.10240887850522995,0.9430894255638123,0.8265969753265381
YNL032W,YKL094W,0,0.7509125,0.10239596664905548,0.9430894255638123,0.8267131447792053
YGL050W,YMR075W,0,0.7508777,0.10238305479288101,0.9430894255638123,0.8268292546272278
YNL261W,YOL043C,0,0.75045353,0.10237014293670654,0.9430894255638123,0.826945424079895
YLR256W-A,YKL096W-A,0,0.7504432,0.10235723853111267,0.9430894255638123,0.8270615339279175
YLR300W,YDR261W-A,0,0.75017715,0.1023443415760994,0.9430894255638123,0.8271777033805847
YKR008W,YOL028C,0,0.75012696,0.10233144462108612,0.9430894255638123,0.827293872833252
YOL103W-B,YHR085W,0,0.75007063,0.10231854766607285,0.9430894255638123,0.8274099826812744
YOL142W,YOR162C,0,0.75006366,0.10230565816164017,0.9430894255638123,0.8275261521339417
YDR518W,YER185W,0,0.7500618,0.10229276865720749,0.9430894255638123,0.8276422619819641
YLR033W,YKL205W,0,0.74996936,0.10227988660335541,0.9430894255638123,0.8277584314346313
YDL107W,YKL013C,1,0.7498621,0.10239294916391373,0.9442508816719055,0.8277584314346313
YGR161W-B,YDL111C,0,0.7497512,0.10238005220890045,0.9442508816719055,0.8278745412826538
YOR291W,YDL036C,0,0.7497192,0.10236716270446777,0.9442508816719055,0.827990710735321
YMR284W,YDR261W-A,0,0.749059,0.1023542732000351,0.9442508816719055,0.8281068801879883
YBR247C,YHR061C,0,0.7485287,0.10234139114618301,0.9442508816719055,0.8282229900360107
YKR056W,YNL147W,0,0.7484311,0.10232850909233093,0.9442508816719055,0.828339159488678
YHR077C,YLR145W,0,0.7483851,0.10231562703847885,0.9442508816719055,0.8284552693367004
YOL053C-A,YFL023W,0,0.7480411,0.10230275243520737,0.9442508816719055,0.8285714387893677
YBR002C,YLR227W-B,0,0.7477813,0.10228988528251648,0.9442508816719055,0.8286875486373901
YKR057W,YNL107W,0,0.747055,0.10227701812982559,0.9442508816719055,0.8288037180900574
YMR182C,YMR246W,0,0.7469631,0.1022641509771347,0.9442508816719055,0.8289198875427246
YNL267W,YIL046W,0,0.7469288,0.10225129127502441,0.9442508816719055,0.8290359973907471
YGL212W,YMR114C,0,0.7460251,0.10223843157291412,0.9442508816719055,0.8291521668434143
YEL069C,YLR164W,0,0.7459612,0.10222557187080383,0.9442508816719055,0.8292682766914368
YAL016W,YPL257W-B,0,0.7458645,0.10221271961927414,0.9442508816719055,0.829384446144104
YDR449C,YNR013C,0,0.74571687,0.10219987481832504,0.9442508816719055,0.8295005559921265
YOR343W-B,YLR047C,0,0.7453854,0.10218703001737595,0.9442508816719055,0.8296167254447937
YOR142W-B,YKL022C,0,0.7453321,0.10217418521642685,0.9442508816719055,0.8297328948974609
YKL119C,YOR142W-A,0,0.743499,0.10216134786605835,0.9442508816719055,0.8298490047454834
YMR123W,YGR085C,0,0.7426851,0.10214851051568985,0.9442508816719055,0.8299651741981506
YKL171W,YDR476C,0,0.7417377,0.10213568061590195,0.9442508816719055,0.8300812840461731
YML058W-A,YFL001W,0,0.7416605,0.10212285071611404,0.9442508816719055,0.8301974534988403
YOR297C,YKL053C-A,1,0.74151444,0.10223562270402908,0.9454123377799988,0.8301974534988403
YJR051W,YLR256W-A,0,0.7414213,0.10222277790307999,0.9454123377799988,0.8303135633468628
YNL127W,YIL061C,0,0.74141943,0.10220994800329208,0.9454123377799988,0.83042973279953
YPR125W,YPR133W-A,1,0.741248,0.10232266038656235,0.9465737342834473,0.83042973279953
YDL107W,YBR192W,1,0.7407904,0.10243535041809082,0.9477351903915405,0.83042973279953
YER022W,YCL003W,0,0.74075055,0.10242249071598053,0.9477351903915405,0.8305459022521973
YOL045W,YPL273W,0,0.7404286,0.10240963846445084,0.9477351903915405,0.8306620121002197
YIL080W,YKL172W,0,0.7402585,0.10239678621292114,0.9477351903915405,0.830778181552887
YJR026W,YGR027C,0,0.7402016,0.10238394141197205,0.9477351903915405,0.8308942914009094
YMR145C,YIL017W,0,0.7397208,0.10237109661102295,0.9477351903915405,0.8310104608535767
YDR240C,YGL046W,0,0.7377329,0.10235825181007385,0.9477351903915405,0.8311265707015991
YGR161W-B,YDR454C,0,0.7376679,0.10234541445970535,0.9477351903915405,0.8312427401542664
YEL070W,YLR278C,0,0.7374689,0.10233258455991745,0.9477351903915405,0.8313589096069336
YOR148C,YDR457W,0,0.7373702,0.10231974720954895,0.9477351903915405,0.831475019454956
YER165W,YGR105W,0,0.7364344,0.10230691730976105,0.9477351903915405,0.8315911889076233
YDL029W,YEL030W,1,0.7361803,0.10241945832967758,0.9488966464996338,0.8315911889076233
YLL041C,YDR392W,0,0.7358456,0.10240662097930908,0.9488966464996338,0.8317072987556458
YLR447C,YBR093C,0,0.7357869,0.10239378362894058,0.9488966464996338,0.831823468208313
YMR115W,YNL092W,0,0.7356573,0.10238095372915268,0.9488966464996338,0.8319395780563354
YLR391W-A,YCL025C,0,0.7355869,0.10236812382936478,0.9488966464996338,0.8320557475090027
YMR218C,YLR088W,0,0.73544806,0.10235530138015747,0.9488966464996338,0.8321719169616699
YLR073C,YMR268W-A,0,0.73537076,0.10234247893095016,0.9488966464996338,0.8322880268096924
YOR148C,YNL290W,0,0.735004,0.10232965648174286,0.9488966464996338,0.8324041962623596
YLR300W,YPL065W,0,0.7347523,0.10231684148311615,0.9488966464996338,0.8325203061103821
YFL002W-B,YLR024C,0,0.7345848,0.10230403393507004,0.9488966464996338,0.8326364755630493
YOR301W,YDR261C-D,0,0.7333784,0.10229122638702393,0.9488966464996338,0.8327525854110718
YGL051W,YER104W,0,0.7329551,0.10227841883897781,0.9488966464996338,0.832868754863739
YDR030C,YOR148C,0,0.73212755,0.1022656187415123,0.9488966464996338,0.8329849243164062
YMR218C,YCR097WB,0,0.73166156,0.10225281864404678,0.9488966464996338,0.8331010341644287
YML099C,YBL085W,0,0.7308794,0.10224001854658127,0.9488966464996338,0.833217203617096
YER154W,YNL304W,1,0.73065823,0.10235235095024109,0.9500580430030823,0.833217203617096
YFL002W-B,YEL053C,0,0.7305634,0.10233954340219498,0.9500580430030823,0.8333333134651184
YDR210C-C,YJR140C,0,0.73016125,0.10232674330472946,0.9500580430030823,0.8334494829177856
YGR288W,YAR031W,0,0.72994787,0.10231394320726395,0.9500580430030823,0.8335655927658081
YMR065W,YGL233W,0,0.7296825,0.10230115056037903,0.9500580430030823,0.8336817622184753
YOL103W-B,YOR168W,0,0.72788244,0.10228835791349411,0.9500580430030823,0.8337979316711426
YIL020C,YJL024C,0,0.7265446,0.10227556526660919,0.9500580430030823,0.833914041519165
YGR109W-B,YJL006C,0,0.72640795,0.10226278007030487,0.9500580430030823,0.8340302109718323
YOL145C,YDR415C,0,0.7263667,0.10225000232458115,0.9500580430030823,0.8341463208198547
YPR113W,YNL219C,0,0.7261297,0.10223721712827682,0.9500580430030823,0.834262490272522
YKL170W,YLR410W-B,0,0.72560364,0.1022244468331337,0.9500580430030823,0.8343786001205444
YLR244C,YGL046W,0,0.72524655,0.10221166908740997,0.9500580430030823,0.8344947695732117
YOR310C,YOR142W-B,0,0.7246653,0.10219889879226685,0.9500580430030823,0.8346109390258789
YGR034W,YLL017W,0,0.72391,0.10218613594770432,0.9500580430030823,0.8347270488739014
YOL145C,YAL016W,0,0.72347975,0.10217337310314178,0.9500580430030823,0.8348432183265686
YJR055W,YCR080W,0,0.7231744,0.10216061025857925,0.9500580430030823,0.8349593281745911
YNL107W,YJL124C,0,0.72167283,0.10214785486459732,0.9500580430030823,0.8350754976272583
YDR296W,YNL304W,1,0.72150236,0.10225995630025864,0.9512194991111755,0.8350754976272583
YGR167W,YGL046W,0,0.7213272,0.1022471934556961,0.9512194991111755,0.8351916670799255
YOL103W-B,YOL052C,0,0.7211801,0.10223443061113358,0.9512194991111755,0.835307776927948
YKR019C,YOR343W-B,0,0.7202418,0.10222166776657104,0.9512194991111755,0.8354239463806152
YKL061W,YFL035C,0,0.7191366,0.10220891237258911,0.9512194991111755,0.8355400562286377
YLR020C,YDR261C-D,0,0.7186332,0.10219615697860718,0.9512194991111755,0.8356562256813049
YOR301W,YFL035C,0,0.71809816,0.10218340903520584,0.9512194991111755,0.8357723355293274
YBR118W,YMR038C,0,0.7179789,0.1021706610918045,0.9512194991111755,0.8358885049819946
YOR194C,YNR013C,0,0.71780765,0.10215791314840317,0.9512194991111755,0.8360046744346619
YLR105C,YFL002W-B,0,0.7174268,0.10214517265558243,0.9512194991111755,0.8361207842826843
YCL018W,YDR261C-D,0,0.7172927,0.10213243216276169,0.9512194991111755,0.8362369537353516
YPL257W-B,YDR173C,0,0.7166225,0.10211969912052155,0.9512194991111755,0.836353063583374
YJL225C,YJL213W,0,0.7158279,0.1021069660782814,0.9512194991111755,0.8364692330360413
YJL011C,YER145C,0,0.7157985,0.10209424048662186,0.9512194991111755,0.8365853428840637
YOR142W-B,YML080W,0,0.712467,0.10208151489496231,0.9512194991111755,0.836701512336731
YDR383C,YHR058C,0,0.7124575,0.10206879675388336,0.9512194991111755,0.8368176817893982
YAL022C,YGL203C,0,0.7120886,0.10205607116222382,0.9512194991111755,0.8369337916374207
YDR498C,YDR444W,0,0.7116686,0.10204336047172546,0.9512194991111755,0.8370499610900879
YGL172W,YDR261C-D,0,0.71152866,0.10203064978122711,0.9512194991111755,0.8371660709381104
YDR144C,YOR142W-B,0,0.7112606,0.10201793909072876,0.9512194991111755,0.8372822403907776
YHR058C,YLR154W-A,0,0.7111099,0.10200522840023041,0.9512194991111755,0.8373983502388
YDR034C,YDR137W,0,0.71108884,0.10199252516031265,0.9512194991111755,0.8375145196914673
YLR191W,YCR080W,0,0.7098155,0.1019798293709755,0.9512194991111755,0.8376306891441345
YNL084C,YLR033W,0,0.70939815,0.10196713358163834,0.9512194991111755,0.837746798992157
YHR211W,YCL003W,0,0.7093449,0.10195443779230118,0.9512194991111755,0.8378629684448242
YGR109W-B,YBR278W,0,0.70831156,0.10194174945354462,0.9512194991111755,0.8379790782928467
YBR002C,YFL045C,0,0.7082357,0.10192906111478806,0.9512194991111755,0.8380952477455139
YOR298W,YLL027W,0,0.7080923,0.1019163727760315,0.9512194991111755,0.8382113575935364
YOR142W-B,YLR404W,0,0.70750725,0.10190369188785553,0.9512194991111755,0.8383275270462036
YPR171W,YIL079C,0,0.70722955,0.10189101845026016,0.9512194991111755,0.8384436964988708
YCR030C,YBR111W-A,0,0.7066716,0.1018783450126648,0.9512194991111755,0.8385598063468933
YER022W,YDR527W,0,0.7065896,0.10186567157506943,0.9512194991111755,0.8386759757995605
YJL030W,YDR332W,0,0.70655787,0.10185300558805466,0.9512194991111755,0.838792085647583
YAL063C,YDR170C,0,0.7062099,0.10184033960103989,0.9512194991111755,0.8389082551002502
YLR314C,YJL024C,0,0.7047796,0.10182767361402512,0.9512194991111755,0.8390243649482727
YMR218C,YNR010W,0,0.7044886,0.10181501507759094,0.9512194991111755,0.8391405344009399
YHR030C,YJL176C,0,0.7026616,0.10180236399173737,0.9512194991111755,0.8392567038536072
YBR261C,YNL032W,0,0.7024591,0.10178970545530319,0.9512194991111755,0.8393728137016296
YJR005W,YIL080W,0,0.7017622,0.10177706182003021,0.9512194991111755,0.8394889831542969
YLR191W,YIR011C,0,0.70175374,0.10176441073417664,0.9512194991111755,0.8396050930023193
YLR182W,YOR338W,0,0.7005518,0.10175176709890366,0.9512194991111755,0.8397212624549866
YPR137C-A,YPR035W,0,0.70046496,0.10173913091421127,0.9512194991111755,0.839837372303009
YPR189W,YDR423C,0,0.6979771,0.10172649472951889,0.9512194991111755,0.8399535417556763
YCR060W,YPR137W,0,0.6971146,0.10171385854482651,0.9512194991111755,0.8400697112083435
YOR310C,YNL290W,0,0.6965528,0.10170122981071472,0.9512194991111755,0.840185821056366
YCL014W,YBL079W,0,0.69610703,0.10168860107660294,0.9512194991111755,0.8403019905090332
YKL217W,YIL061C,0,0.695474,0.10167597979307175,0.9512194991111755,0.8404181003570557
YOR299W,YDL035C,0,0.69400144,0.10166335850954056,0.9512194991111755,0.8405342698097229
YLR391W-A,YGR239C,0,0.69391096,0.10165073722600937,0.9512194991111755,0.8406503796577454
YDR263C,YKL095W,0,0.69389284,0.10163812339305878,0.9512194991111755,0.8407665491104126
YPL257W-B,YFR033C,0,0.69378775,0.10162550956010818,0.9512194991111755,0.8408827185630798
YOR377W,YMR090W,0,0.6937473,0.10161290317773819,0.9512194991111755,0.8409988284111023
YIL021W,YBR276C,0,0.6929725,0.1016002967953682,0.9512194991111755,0.8411149978637695
YOL165C,YDR151C,0,0.6922535,0.1015876978635788,0.9512194991111755,0.841231107711792
YKR036C,YJL112W,1,0.6920954,0.10169912129640579,0.9523809552192688,0.841231107711792
YOR287C,YGL103W,0,0.6917144,0.1016865074634552,0.9523809552192688,0.8413472771644592
YGL186C,YLR391W-A,0,0.6915858,0.1016739010810852,0.9523809552192688,0.8414633870124817
YNL026W,YBR192W,1,0.6904597,0.10178527235984802,0.9535424113273621,0.8414633870124817
YDR306C,YLR278C,0,0.690398,0.10177265107631683,0.9535424113273621,0.8415795564651489
YMR186W,YBL085W,0,0.6881338,0.10176003724336624,0.9535424113273621,0.8416957259178162
YFL066C,YGR155W,0,0.68582505,0.10174743086099625,0.9535424113273621,0.8418118357658386
YDR210C-C,YPL087W,0,0.68513876,0.10173481702804565,0.9535424113273621,0.8419280052185059
YLR005W,YDR170C,0,0.6847912,0.10172221809625626,0.9535424113273621,0.8420441150665283
YPL151C,YIL061C,0,0.68363225,0.10170961171388626,0.9535424113273621,0.8421602845191956
YHR156C,YCR055C,0,0.68298477,0.10169701278209686,0.9535424113273621,0.842276394367218
YBR125C,YMR180C,0,0.68293,0.10168442130088806,0.9535424113273621,0.8423925638198853
YOL066C,YMR229C,0,0.6814435,0.10167182981967926,0.9535424113273621,0.8425087332725525
YLL045C,YDL047W,0,0.6810705,0.10165923833847046,0.9535424113273621,0.842624843120575
YNL178W,YJR026W,0,0.68078184,0.10164665430784225,0.9535424113273621,0.8427410125732422
YKL174C,YPL223C,0,0.67895925,0.10163407027721405,0.9535424113273621,0.8428571224212646
YJL029C,YLR154W-A,0,0.67890775,0.10162148624658585,0.9535424113273621,0.8429732918739319
YLR314C,YDL061C,0,0.67889714,0.10160890966653824,0.9535424113273621,0.8430894017219543
YNL027W,YGL190C,0,0.6785501,0.10159634053707123,0.9535424113273621,0.8432055711746216
YFR013W,YMR304W,0,0.6774008,0.10158376395702362,0.9535424113273621,0.8433217406272888
YNL236W,YHR057C,0,0.67665184,0.10157120227813721,0.9535424113273621,0.8434378504753113
YER137C-A,YOR219C,0,0.67657804,0.1015586331486702,0.9535424113273621,0.8435540199279785
YPR026W,YDL024C,0,0.67653006,0.10154607146978378,0.9535424113273621,0.843670129776001
YER013W,YER098W,0,0.67629826,0.10153351724147797,0.9535424113273621,0.8437862992286682
YLR009W,YCL014W,0,0.6760209,0.10152096301317215,0.9535424113273621,0.8439024686813354
YMR020W,YMR176W,0,0.6754351,0.10150840878486633,0.9535424113273621,0.8440185785293579
YGR281W,YBR080C,0,0.6745721,0.10149586200714111,0.9535424113273621,0.8441347479820251
YLR141W,YKL097W-A,0,0.6736425,0.1014833152294159,0.9535424113273621,0.8442508578300476
YGL071W,YMR229C,0,0.6730788,0.10147076845169067,0.9535424113273621,0.8443670272827148
YIL139C,YMR032W,0,0.67278683,0.10145822912454605,0.9535424113273621,0.8444831371307373
YOR299W,YDL077C,0,0.6722253,0.10144569724798203,0.9535424113273621,0.8445993065834045
YGR085C,YDR170C,0,0.67215395,0.1014331579208374,0.9535424113273621,0.8447154760360718
YGR056W,YFL011W-A,0,0.6719744,0.10142063349485397,0.9535424113273621,0.8448315858840942
YLR383W,YJR112W,0,0.6717292,0.10140810161828995,0.9535424113273621,0.8449477553367615
YKR071C,YAR027W,0,0.67164284,0.10139557719230652,0.9535424113273621,0.8450638651847839
YNL052W,YLR154W-A,0,0.67163676,0.10138306021690369,0.9535424113273621,0.8451800346374512
YDL142C,YKL013C,1,0.6708082,0.10149401426315308,0.9547038078308105,0.8451800346374512
YBL092W,YGR276C,0,0.6703356,0.10148148238658905,0.9547038078308105,0.8452961444854736
YOR084W,YDL133C-A,0,0.67000973,0.10146895796060562,0.9547038078308105,0.8454123139381409
YGR225W,YKL186C,0,0.66958463,0.10145643353462219,0.9547038078308105,0.8455284833908081
YLR410W-A,YMR301C,0,0.6691698,0.10144390910863876,0.9547038078308105,0.8456445932388306
YLL008W,YMR269W,0,0.66741616,0.10143139213323593,0.9547038078308105,0.8457607626914978
YOR323C,YJL012C-A,0,0.6670438,0.1014188751578331,0.9547038078308105,0.8458768725395203
YPL223C,YNL122C,0,0.66704184,0.10140636563301086,0.9547038078308105,0.8459930419921875
YOR147W,YOR232W,1,0.66626894,0.1015172079205513,0.9558652639389038,0.8459930419921875
YNL271C,YLR208W,0,0.6660253,0.10150468349456787,0.9558652639389038,0.84610915184021
YLR285W,YPL257W-B,0,0.66571254,0.10149216651916504,0.9558652639389038,0.8462253212928772
YKL124W,YOL108C,0,0.6629732,0.1014796569943428,0.9558652639389038,0.8463414907455444
YJL178C,YLR391W-A,0,0.662914,0.10146714001893997,0.9558652639389038,0.8464576005935669
YAL033W,YCL060C,0,0.6626832,0.10145463794469833,0.9558652639389038,0.8465737700462341
YDR530C,YOR085W,0,0.6619216,0.1014421284198761,0.9558652639389038,0.8466898798942566
YGL225W,YLR145W,0,0.66172886,0.10142962634563446,0.9558652639389038,0.8468060493469238
YJL187C,YNR010W,0,0.66166496,0.10141713172197342,0.9558652639389038,0.8469221591949463
YIL143C,YMR046C,0,0.66159767,0.10140462964773178,0.9558652639389038,0.8470383286476135
YDR454C,YLR410W-A,0,0.66077363,0.10139214247465134,0.9558652639389038,0.8471544981002808
YJL144W,YBL052C,0,0.66077346,0.1013796478509903,0.9558652639389038,0.8472706079483032
YFL002W-B,YNL050C,0,0.66060895,0.10136716067790985,0.9558652639389038,0.8473867774009705
YOR145C,YLL027W,0,0.6604832,0.10135468095541,0.9558652639389038,0.8475028872489929
YLR383W,YOL111C,0,0.65931815,0.10134220123291016,0.9558652639389038,0.8476190567016602
YPR137C-A,YOR142W,0,0.6592919,0.10132972151041031,0.9558652639389038,0.8477351665496826
YKL126W,YER103W,0,0.65897995,0.10131724923849106,0.9558652639389038,0.8478513360023499
YJR031C,YER190W,0,0.6589761,0.10130477696657181,0.9558652639389038,0.8479675054550171
YOR126C,YPL167C,0,0.6588577,0.10129230469465256,0.9558652639389038,0.8480836153030396
YER175C,YOR194C,0,0.65717316,0.1012798398733139,0.9558652639389038,0.8481997847557068
YDL028C,YCR080W,0,0.65705943,0.10126738250255585,0.9558652639389038,0.8483158946037292
YMR268W-A,YDR260C,0,0.65679884,0.1012549176812172,0.9558652639389038,0.8484320640563965
YBR081C,YBR202W,0,0.65667135,0.10124246776103973,0.9558652639389038,0.848548173904419
YGL162W,YNL298W,0,0.65634614,0.10123001039028168,0.9558652639389038,0.8486643433570862
YPL007C,YLR391W,0,0.65622365,0.10121756047010422,0.9558652639389038,0.8487805128097534
YKL041W,YGL004C,0,0.65512395,0.10120511800050735,0.9558652639389038,0.8488966226577759
YLR329W,YJR112W,0,0.6548454,0.10119267553091049,0.9558652639389038,0.8490127921104431
YDR285W,YIL035C,0,0.65421695,0.10118023306131363,0.9558652639389038,0.8491289019584656
YDR144C,YJR026W,0,0.65393656,0.10116779059171677,0.9558652639389038,0.8492450714111328
YPR196W,YDR261W-A,0,0.6525422,0.1011553555727005,0.9558652639389038,0.8493611812591553
YJL087C,YJR082C,0,0.6521235,0.10114292800426483,0.9558652639389038,0.8494773507118225
YKR036C,YOL026C,1,0.6519732,0.10125338286161423,0.9570267200469971,0.8494773507118225
YCL060C,YMR239C,0,0.6516001,0.10124094039201736,0.9570267200469971,0.8495935201644897
YGR199W,YKL130C,0,0.6504601,0.1012284979224205,0.9570267200469971,0.8497096300125122
YJL012C-A,YDR392W,0,0.64918107,0.10121607035398483,0.9570267200469971,0.8498257994651794
YMR182C,YDR159W,0,0.64886403,0.10120363533496857,0.9570267200469971,0.8499419093132019
YGL212W,YIL170W,0,0.64882696,0.1011912077665329,0.9570267200469971,0.8500580787658691
YPR189W,YBR020W,0,0.64851487,0.10117878019809723,0.9570267200469971,0.8501741886138916
YJL172W,YPR198W,0,0.647939,0.10116636008024216,0.9570267200469971,0.8502903580665588
YEL030W,YNR035C,1,0.64781535,0.1012767031788826,0.9581881761550903,0.8502903580665588
YBR287W,YIL083C,0,0.6465528,0.10126426815986633,0.9581881761550903,0.8504065275192261
YDL208W,YGL046W,0,0.6462697,0.10125184059143066,0.9581881761550903,0.8505226373672485
YOL141W,YMR228W,0,0.64594615,0.101239413022995,0.9581881761550903,0.8506388068199158
YKL064W,YMR240C,0,0.64577746,0.10122699290513992,0.9581881761550903,0.8507549166679382
YMR169C,YMR268W-A,0,0.64545554,0.10121457278728485,0.9581881761550903,0.8508710861206055
YLR050C,YJR063W,0,0.6453695,0.10120216012001038,0.9581881761550903,0.8509871959686279
YPL200W,YDL197C,0,0.6443658,0.1011897474527359,0.9581881761550903,0.8511033654212952
YOR142W-B,YHR039C-A,0,0.6433229,0.10117733478546143,0.9581881761550903,0.8512195348739624
YLR329W,YCR097WB,0,0.6427722,0.10116492956876755,0.9581881761550903,0.8513356447219849
YKL041W,YDR261W-A,0,0.6426644,0.10115252435207367,0.9581881761550903,0.8514518141746521
YJR149W,YNL219C,0,0.6425913,0.10114012658596039,0.9581881761550903,0.8515679240226746
YIL046W,YPL007C,0,0.64257866,0.1011277288198471,0.9581881761550903,0.8516840934753418
YNR074C,YGR113W,0,0.6419329,0.10111533105373383,0.9581881761550903,0.8518002033233643
YAR027W,YLR154W-A,0,0.6412544,0.10110294073820114,0.9581881761550903,0.8519163727760315
YNL297C,YLR410W-A,0,0.64085346,0.10109055042266846,0.9581881761550903,0.8520325422286987
YOL142W,YCL060C,0,0.64055645,0.10107816755771637,0.9581881761550903,0.8521486520767212
YOR378W,YIL133C,0,0.6397928,0.10106578469276428,0.9581881761550903,0.8522648215293884
YNL107W,YOR351C,0,0.6390063,0.1010534018278122,0.9581881761550903,0.8523809313774109
YGL259W,YLR154W-A,0,0.63852775,0.1010410264134407,0.9581881761550903,0.8524971008300781
YER008C,YDL045C,0,0.63773036,0.10102865844964981,0.9581881761550903,0.8526132106781006
YPL083C,YDR240C,0,0.6372958,0.10101628303527832,0.9581881761550903,0.8527293801307678
YDR281C,YJR063W,0,0.6372133,0.10100391507148743,0.9581881761550903,0.8528455495834351
YNL138W-A,YKL061W,0,0.6369196,0.10099155455827713,0.9581881761550903,0.8529616594314575
YDR416W,YLR325C,0,0.63648397,0.10097919404506683,0.9581881761550903,0.8530778288841248
YNL008C,YLR391W,0,0.635967,0.10096683353185654,0.9581881761550903,0.8531939387321472
YHR077C,YMR300C,0,0.63304347,0.10095448046922684,0.9581881761550903,0.8533101081848145
YER175C,YNR013C,0,0.632685,0.10094212740659714,0.9581881761550903,0.8534262776374817
YGR070W,YMR115W,0,0.6325585,0.10092977434396744,0.9581881761550903,0.8535423874855042
YJR005W,YCR012W,0,0.63235533,0.10091742873191833,0.9581881761550903,0.8536585569381714
YPR189W,YIR038C,0,0.6320546,0.10090509057044983,0.9581881761550903,0.8537746667861938
YPR189W,YDR138W,0,0.63176817,0.10089274495840073,0.9581881761550903,0.8538908362388611
YER168C,YDR138W,0,0.63176304,0.10088041424751282,0.9581881761550903,0.8540069460868835
YKL200C,YAL040C,0,0.6313898,0.10086807608604431,0.9581881761550903,0.8541231155395508
YGR161W-B,YDR429C,0,0.63048184,0.1008557453751564,0.9581881761550903,0.854239284992218
YOL053C-A,YLR154W-A,0,0.6302181,0.1008434146642685,0.9581881761550903,0.8543553948402405
YMR005W,YGL225W,0,0.62989247,0.10083109140396118,0.9581881761550903,0.8544715642929077
YER175C,YDR261W-A,0,0.629494,0.10081876814365387,0.9581881761550903,0.8545876741409302
YJR149W,YDL040C,0,0.62917185,0.10080645233392715,0.9581881761550903,0.8547038435935974
YPR137W,YLL017W,0,0.6282976,0.10079413652420044,0.9581881761550903,0.8548199534416199
YDR383C,YHR039C-A,0,0.6281098,0.10078182071447372,0.9581881761550903,0.8549361228942871
YDR144C,YPL093W,0,0.6261054,0.1007695123553276,0.9581881761550903,0.8550522923469543
YLR219W,YLR270W,0,0.62517613,0.10075720399618149,0.9581881761550903,0.8551684021949768
YBR031W,YLR073C,0,0.6242018,0.10074490308761597,0.9581881761550903,0.855284571647644
YLL051C,YDR389W,0,0.624073,0.10073260217905045,0.9581881761550903,0.8554006814956665
YGR180C,YPL122C,0,0.62317187,0.10072030127048492,0.9581881761550903,0.8555168509483337
YOR279C,YLL061W,0,0.6231525,0.1007080078125,0.9581881761550903,0.8556329607963562
YGR036C,YDR062W,0,0.62311196,0.10069571435451508,0.9581881761550903,0.8557491302490234
YOR287C,YHR079C,0,0.622963,0.10068342834711075,0.9581881761550903,0.8558652997016907
YGL014W,YJL117W,0,0.62293243,0.10067114233970642,0.9581881761550903,0.8559814095497131
YKL082C,YOL101C,0,0.62228835,0.1006588563323021,0.9581881761550903,0.8560975790023804
YGL172W,YMR213W,0,0.6222632,0.10064657777547836,0.9581881761550903,0.8562136888504028
YDR460W,YIR038C,0,0.6220837,0.10063429921865463,0.9581881761550903,0.8563298583030701
YDR211W,YNL302C,0,0.6219922,0.1006220281124115,0.9581881761550903,0.8564459681510925
YDR351W,YFR029W,0,0.6210402,0.10060975700616837,0.9581881761550903,0.8565621376037598
YLR380W,YDR389W,0,0.6210028,0.10059748589992523,0.9581881761550903,0.856678307056427
YHR214C-B,YHR058C,0,0.6208426,0.1005852222442627,0.9581881761550903,0.8567944169044495
YMR241W,YER125W,1,0.62009954,0.10069486498832703,0.9593495726585388,0.8567944169044495
YDR296W,YBR192W,1,0.61865723,0.10080448538064957,0.9605110287666321,0.8567944169044495
YLL034C,YJL012C-A,0,0.6184423,0.10079219937324524,0.9605110287666321,0.8569105863571167
YHR179W,YPR152C,0,0.61832464,0.10077992081642151,0.9605110287666321,0.8570266962051392
YOL129W,YGL010W,0,0.6177465,0.10076763480901718,0.9605110287666321,0.8571428656578064
YDR281C,YIR005W,0,0.6140972,0.10075536370277405,0.9605110287666321,0.8572589755058289
YLR227W-B,YJR112W,0,0.61343396,0.10074308514595032,0.9605110287666321,0.8573751449584961
YLR107W,YKR044W,0,0.6133813,0.10073081403970718,0.9605110287666321,0.8574913144111633
YHR164C,YGL203C,0,0.61292225,0.10071855038404465,0.9605110287666321,0.8576074242591858
YGL094C,YGL203C,0,0.6126759,0.10070628672838211,0.9605110287666321,0.857723593711853
YFR001W,YIR032C,0,0.6123571,0.10069402307271957,0.9605110287666321,0.8578397035598755
YLR028C,YFR019W,0,0.61230737,0.10068175941705704,0.9605110287666321,0.8579558730125427
YMR169C,YIL048W,0,0.61229426,0.1006695106625557,0.9605110287666321,0.8580719828605652
YMR123W,YCL060C,0,0.61190045,0.10065725445747375,0.9605110287666321,0.8581881523132324
YJL171C,YOR089C,0,0.6103129,0.10064500570297241,0.9605110287666321,0.8583043217658997
YBR223C,YOR377W,0,0.609884,0.10063275694847107,0.9605110287666321,0.8584204316139221
YOR138C,YDR138W,0,0.60909796,0.10062051564455032,0.9605110287666321,0.8585366010665894
YHR061C,YDR261W-A,0,0.60809934,0.10060827434062958,0.9605110287666321,0.8586527109146118
YJL012C-A,YBL079W,0,0.6073692,0.10059603303670883,0.9605110287666321,0.858768880367279
YFR013W,YBL113C,0,0.6059663,0.10058379918336868,0.9605110287666321,0.8588849902153015
YDR383C,YLR151C,0,0.6057303,0.10057156533002853,0.9605110287666321,0.8590011596679688
YPL150W,YIL135C,0,0.6048914,0.10055933892726898,0.9605110287666321,0.859117329120636
YIL020C,YHR119W,0,0.6047909,0.10054711252450943,0.9605110287666321,0.8592334389686584
YGR155W,YFL023W,0,0.6046867,0.10053488612174988,0.9605110287666321,0.8593496084213257
YJL012C-A,YER145C,0,0.604321,0.10052266716957092,0.9605110287666321,0.8594657182693481
YMR194W,YOR142W-A,0,0.6039825,0.10051045566797256,0.9605110287666321,0.8595818877220154
YOR343W-B,YKL180W,0,0.6020324,0.10049823671579361,0.9605110287666321,0.8596979975700378
YPR135W,YBL079W,0,0.6017042,0.10048602521419525,0.9605110287666321,0.8598141670227051
YDR383C,YER098W,0,0.6015226,0.10047382116317749,0.9605110287666321,0.8599303364753723
YNR004W,YJR005W,0,0.60115457,0.10046160966157913,0.9605110287666321,0.8600464463233948
YPL064C,YMR145C,0,0.6010951,0.10044941306114197,0.9605110287666321,0.860162615776062
YMR169C,YMR272C,0,0.6006773,0.1004372090101242,0.9605110287666321,0.8602787256240845
YLL029W,YLL008W,0,0.6000405,0.10042501240968704,0.9605110287666321,0.8603948950767517
YDR172W,YDL208W,0,0.59833705,0.10041282325983047,0.9605110287666321,0.8605110049247742
YOR377W,YLR227W-B,0,0.5977703,0.10040063410997391,0.9605110287666321,0.8606271743774414
YGR109W-B,YPR200C,0,0.59751624,0.10038844496011734,0.9605110287666321,0.8607433438301086
YKR055W,YGR222W,0,0.59717417,0.10037625581026077,0.9605110287666321,0.8608594536781311
YDR174W,YDR369C,0,0.5947304,0.1003640741109848,0.9605110287666321,0.8609756231307983
YGL068W,YGR179C,0,0.5941625,0.10035189986228943,0.9605110287666321,0.8610917329788208
YER049W,YFL011W-A,0,0.5934283,0.10033972561359406,0.9605110287666321,0.861207902431488
YBR111W-A,YJL128C,0,0.59215415,0.10032755136489868,0.9605110287666321,0.8613240122795105
YDR460W,YAL017W,0,0.59105325,0.1003153845667839,0.9605110287666321,0.8614401817321777
YOL057W,YHR056C,0,0.5907817,0.10030321776866913,0.9605110287666321,0.861556351184845
YNL117W,YIL048W,0,0.5891764,0.10029105097055435,0.9605110287666321,0.8616724610328674
YOR297C,YNR017W,1,0.5863951,0.10040014237165451,0.9616724848747253,0.8616724610328674
YNL231C,YFR031C,0,0.58505696,0.10038797557353973,0.9616724848747253,0.8617886304855347
YOR159C,YGL026C,0,0.5842758,0.10037580132484436,0.9616724848747253,0.8619047403335571
YFL011W-A,YLR141W,0,0.58247316,0.10036363452672958,0.9616724848747253,0.8620209097862244
YHR214C-B,YER115C,0,0.5821649,0.1003514751791954,0.9616724848747253,0.8621370792388916
YLR270W,YKL124W,0,0.58201325,0.10033930838108063,0.9616724848747253,0.8622531890869141
YBR020W,YPR171W,0,0.5818839,0.10032715648412704,0.9616724848747253,0.8623693585395813
YEL053C,YFL054C,0,0.5817456,0.10031499713659286,0.9616724848747253,0.8624854683876038
YNL138W-A,YOR085W,0,0.5815964,0.10030284523963928,0.9616724848747253,0.862601637840271
YJL187C,YOR298W,0,0.5815911,0.1002907007932663,0.9616724848747253,0.8627177476882935
YCR087C-A,YHR079C,0,0.5814223,0.10027854889631271,0.9616724848747253,0.8628339171409607
YLR187W,YCR052W,0,0.5803286,0.10026641190052032,0.9616724848747253,0.8629500865936279
YLR452C,YFL011W-A,0,0.5798134,0.10025426745414734,0.9616724848747253,0.8630661964416504
YER125W,YDL198C,1,0.5795951,0.10036319494247437,0.9628339409828186,0.8630661964416504
YNR002C,YBR072W,0,0.5783002,0.10035105049610138,0.9628339409828186,0.8631823658943176
YLR228C,YPL007C,0,0.5780946,0.1003388985991478,0.9628339409828186,0.8632984757423401
YLR182W,YLR401C,0,0.5777466,0.10032675415277481,0.9628339409828186,0.8634146451950073
YPR171W,YLR130C,0,0.57685965,0.10031461715698242,0.9628339409828186,0.8635307550430298
YIL080W,YNL238W,0,0.576435,0.10030248016119003,0.9628339409828186,0.863646924495697
YNL261W,YPL151C,0,0.5761993,0.10029034316539764,0.9628339409828186,0.8637630939483643
YGL158W,YJL171C,0,0.57569575,0.10027821362018585,0.9628339409828186,0.8638792037963867
YDL036C,YMR213W,0,0.57477444,0.10026608407497406,0.9628339409828186,0.863995373249054
YDR082W,YOL004W,0,0.5734505,0.10025396198034286,0.9628339409828186,0.8641114830970764
YDL036C,YEL037C,0,0.5732021,0.10024183988571167,0.9628339409828186,0.8642276525497437
YKL007W,YIL095W,0,0.5727093,0.10022971779108047,0.9628339409828186,0.8643437623977661
YKL009W,YDR261C-D,0,0.5725949,0.10021760314702988,0.9628339409828186,0.8644599318504333
YFL035C,YNL298W,0,0.57233846,0.10020548850297928,0.9628339409828186,0.8645761013031006
YOR212W,YMR227C,0,0.5717945,0.10019337385892868,0.9628339409828186,0.864692211151123
YER125W,YDR470C,1,0.5701798,0.10030211508274078,0.9639953374862671,0.864692211151123
YGR109W-B,YBR059C,0,0.5678581,0.10028999298810959,0.9639953374862671,0.8648083806037903
YKR036C,YOR232W,1,0.5666074,0.10039869695901871,0.9651567935943604,0.8648083806037903
YMR321C,YAR035W,0,0.56608784,0.10038656741380692,0.9651567935943604,0.8649244904518127
YIL002C,YPL078C,0,0.56521654,0.10037443786859512,0.9651567935943604,0.86504065990448
YNR031C,YOR351C,0,0.56487596,0.10036231577396393,0.9651567935943604,0.8651567697525024
YNL175C,YER087C-B,0,0.5646917,0.10035020112991333,0.9651567935943604,0.8652729392051697
YFR013W,YBR075W,0,0.5637983,0.10033807903528214,0.9651567935943604,0.8653891086578369
YGL122C,YPL259C,0,0.56247836,0.10032597184181213,0.9651567935943604,0.8655052185058594
YER165W,YER130C,0,0.56208676,0.10031385719776154,0.9651567935943604,0.8656213879585266
YLR206W,YBR150C,0,0.56092465,0.10030175000429153,0.9651567935943604,0.8657374978065491
YNL138W-A,YOR285W,0,0.5598038,0.10028964281082153,0.9651567935943604,0.8658536672592163
YML097C,YFL002W-B,0,0.5591742,0.10027754306793213,0.9651567935943604,0.8659697771072388
YBR128C,YDR138W,0,0.5585285,0.10026544332504272,0.9651567935943604,0.866085946559906
YLR383W,YPL087W,0,0.5581123,0.10025335103273392,0.9651567935943604,0.8662021160125732
YJR149W,YDR062W,0,0.557264,0.10024125128984451,0.9651567935943604,0.8663182258605957
YLR209C,YKR026C,0,0.556547,0.1002291664481163,0.9651567935943604,0.8664343953132629
YKR008W,YBL113C,0,0.55625737,0.1002170741558075,0.9651567935943604,0.8665505051612854
YFR031C,YJR005W,0,0.5561743,0.10020498931407928,0.9651567935943604,0.8666666746139526
YGL026C,YLR329W,0,0.5558964,0.10019291192293167,0.9651567935943604,0.8667827844619751
YMR078C,YLR325C,0,0.5549143,0.10018083453178406,0.9651567935943604,0.8668989539146423
YGL236C,YDR449C,0,0.5547119,0.10016875714063644,0.9651567935943604,0.8670151233673096
YKL009W,YPL011C,0,0.55433637,0.10015667974948883,0.9651567935943604,0.867131233215332
YMR213W,YAL029C,0,0.55336964,0.10014460980892181,0.9651567935943604,0.8672474026679993
YPR072W,YMR301C,0,0.55267286,0.1001325473189354,0.9651567935943604,0.8673635125160217
YMR267W,YAL031C,0,0.55195504,0.10012048482894897,0.9651567935943604,0.867479681968689
YHR077C,YDR369C,0,0.5518784,0.10010842233896255,0.9651567935943604,0.8675957918167114
YGL233W,YPL208W,0,0.55170524,0.10009635984897614,0.9651567935943604,0.8677119612693787
YNL027W,YJL085W,0,0.55156744,0.10008430480957031,0.9651567935943604,0.8678281307220459
YKL206C,YKL172W,0,0.5514956,0.10007225722074509,0.9651567935943604,0.8679442405700684
YLR344W,YDL148C,0,0.5512316,0.10006020218133926,0.9651567935943604,0.8680604100227356
YIL021W,YMR034C,0,0.55123156,0.10004815459251404,0.9651567935943604,0.8681765198707581
YFR001W,YCL060C,0,0.54905814,0.10003611445426941,0.9651567935943604,0.8682926893234253
YGR118W,YCL060C,0,0.5487103,0.10002407431602478,0.9651567935943604,0.8684087991714478
YBR080C,YFL035C,0,0.5484948,0.10001203417778015,0.9651567935943604,0.868524968624115
YDR530C,YMR025W,0,0.54682386,0.10000000149011612,0.9651567935943604,0.8686411380767822
YPL183W-A,YER190W,0,0.5443832,0.09998796880245209,0.9651567935943604,0.8687572479248047
YML028W,YFL066C,0,0.5442424,0.09997593611478806,0.9651567935943604,0.8688734173774719
YGL158W,YBL112C,0,0.54364014,0.09996391087770462,0.9651567935943604,0.8689895272254944
YOR099W,YDL039C,0,0.5435287,0.09995188564062119,0.9651567935943604,0.8691056966781616
YDL133C-A,YOR142W-B,0,0.5433693,0.09993986785411835,0.9651567935943604,0.8692218065261841
YJR127C,YLL027W,0,0.54300994,0.09992785006761551,0.9651567935943604,0.8693379759788513
YKR036C,YDL217C,1,0.5424098,0.10003606975078583,0.9663182497024536,0.8693379759788513
YCL008C,YLL043W,0,0.54199404,0.10002404451370239,0.9663182497024536,0.8694541454315186
YCL074W,YDL083C,0,0.5399101,0.10001201927661896,0.9663182497024536,0.869570255279541
YJL012C-A,YMR136W,0,0.5396855,0.10000000149011612,0.9663182497024536,0.8696864247322083
YBR261C,YJL140W,0,0.5395651,0.09998798370361328,0.9663182497024536,0.8698025345802307
YGL094C,YDL170W,0,0.5385119,0.09997596591711044,0.9663182497024536,0.869918704032898
YJR034W,YBR192W,1,0.53790855,0.1000841036438942,0.9674796462059021,0.869918704032898
YNL297C,YCR097WB,0,0.5378352,0.10007207840681076,0.9674796462059021,0.8700348138809204
YPR137W,YLR227W-B,0,0.5378233,0.10006006062030792,0.9674796462059021,0.8701509833335876
YIL002C,YDR473C,0,0.5375567,0.10004804283380508,0.9674796462059021,0.8702671527862549
YDL142C,YNL304W,1,0.5372669,0.10015612095594406,0.9686411023139954,0.8702671527862549
YLL004W,YMR213W,0,0.53685665,0.10014409571886063,0.9686411023139954,0.8703832626342773
YEL069C,YGR271W,0,0.53590935,0.10013207048177719,0.9686411023139954,0.8704994320869446
YJL114W,YER145C,0,0.53546333,0.10012004524469376,0.9686411023139954,0.870615541934967
YLR329W,YDR332W,0,0.5348564,0.10010802745819092,0.9686411023139954,0.8707317113876343
YKL161C,YKL094W,0,0.53404623,0.10009601712226868,0.9686411023139954,0.8708478808403015
YDL208W,YLR050C,0,0.53354436,0.10008400678634644,0.9686411023139954,0.870963990688324
YOL010W,YFL002W-B,0,0.5329646,0.1000719964504242,0.9686411023139954,0.8710801601409912
YMR295C,YDR261W-A,0,0.5329646,0.10005998611450195,0.9686411023139954,0.8711962699890137
YOR353C,YJL176C,0,0.53248703,0.10004798322916031,0.9686411023139954,0.8713124394416809
YDR170C,YLR391W,0,0.53226596,0.10003598779439926,0.9686411023139954,0.8714285492897034
YHR002W,YEL053C,0,0.5320552,0.10002398490905762,0.9686411023139954,0.8715447187423706
YER101C,YFR036W,0,0.5315949,0.10001198947429657,0.9686411023139954,0.8716608881950378
YPL064C,YDR137W,0,0.53130203,0.10000000149011612,0.9686411023139954,0.8717769980430603
YEL037C,YNL282W,0,0.5311258,0.09998801350593567,0.9686411023139954,0.8718931674957275
YIL020C,YGL203C,0,0.53058445,0.09997602552175522,0.9686411023139954,0.87200927734375
YBR002C,YCR052W,0,0.528205,0.09996404498815536,0.9686411023139954,0.8721254467964172
YKR008W,YKL186C,0,0.52797484,0.09995206445455551,0.9686411023139954,0.8722415566444397
YPR060C,YJR140C,0,0.52605534,0.09994008392095566,0.9686411023139954,0.8723577260971069
YOR287C,YJL171C,0,0.52494305,0.0999281108379364,0.9686411023139954,0.8724738955497742
YOR074C,YNL175C,0,0.52362716,0.09991613775491714,0.9686411023139954,0.8725900053977966
YGR199W,YOL053C-A,0,0.52335525,0.09990417212247849,0.9686411023139954,0.8727061748504639
YJL087C,YAL024C,0,0.52292085,0.09989219903945923,0.9686411023139954,0.8728222846984863
YLL002W,YDR211W,0,0.52252525,0.09988024085760117,0.9686411023139954,0.8729384541511536
YEL036C,YMR268W-A,0,0.52250063,0.0998682826757431,0.9686411023139954,0.873054563999176
YFL054C,YBR037C,0,0.5223279,0.09985632449388504,0.9686411023139954,0.8731707334518433
YJR082C,YPL200W,0,0.5214449,0.09984436631202698,0.9686411023139954,0.8732869029045105
YLL004W,YGL163C,0,0.5208992,0.09983241558074951,0.9686411023139954,0.873403012752533
YOR377W,YMR180C,0,0.5204386,0.09982046484947205,0.9686411023139954,0.8735191822052002
YPL087W,YBR281C,0,0.52039707,0.09980852156877518,0.9686411023139954,0.8736352920532227
YNR057C,YPL167C,0,0.51921344,0.09979657828807831,0.9686411023139954,0.8737514615058899
YPL064C,YOL053C-A,0,0.5191168,0.09978463500738144,0.9686411023139954,0.8738675713539124
YOR168W,YCL052C,0,0.51888525,0.09977269917726517,0.9686411023139954,0.8739837408065796
YDR076W,YLR391W-A,0,0.5179369,0.0997607633471489,0.9686411023139954,0.8740999102592468
YJR040W,YBR026C,0,0.5171827,0.09974883496761322,0.9686411023139954,0.8742160201072693
YEL043W,YKL022C,0,0.5170421,0.09973690658807755,0.9686411023139954,0.8743321895599365
YDR079W,YKR036C,1,0.5136713,0.0998445525765419,0.9698025584220886,0.8743321895599365
YLL008W,YLL061W,0,0.51359344,0.09983261674642563,0.9698025584220886,0.874448299407959
YDL024C,YLR005W,0,0.51071787,0.09982068091630936,0.9698025584220886,0.8745644688606262
YGR216C,YML036W,0,0.5094459,0.09980875253677368,0.9698025584220886,0.8746805787086487
YIL170W,YHR058C,0,0.5090926,0.099796824157238,0.9698025584220886,0.8747967481613159
YLR321C,YLR026C,0,0.5088041,0.09978489577770233,0.9698025584220886,0.8749129176139832
YKL119C,YNL163C,0,0.5087778,0.09977297484874725,0.9698025584220886,0.8750290274620056
YJL144W,YHR085W,0,0.50796604,0.09976105391979218,0.9698025584220886,0.8751451969146729
YBR111W-A,YLR440C,0,0.50764465,0.0997491329908371,0.9698025584220886,0.8752613067626953
YGR144W,YGR112W,1,0.5073658,0.0998566672205925,0.9709640145301819,0.8752613067626953
YNL271C,YBR150C,0,0.5062343,0.09984473884105682,0.9709640145301819,0.8753774762153625
YPR162C,YIL061C,0,0.505917,0.09983281791210175,0.9709640145301819,0.875493586063385
YLR440C,YMR180C,0,0.50587106,0.09982089698314667,0.9709640145301819,0.8756097555160522
YBR247C,YCL060C,0,0.5055869,0.09980897605419159,0.9709640145301819,0.8757259249687195
YDR461W,YBR061C,0,0.50496274,0.09979706257581711,0.9709640145301819,0.8758420348167419
YPR171W,YLR291C,0,0.5024396,0.09978514909744263,0.9709640145301819,0.8759582042694092
YOL010W,YOL052C,0,0.5004384,0.09977324306964874,0.9709640145301819,0.8760743141174316
YDL029W,YKR036C,1,0.50002843,0.09988066554069519,0.9721254110336304,0.8760743141174316
YNL307C,YCL060C,0,0.4993129,0.09986875206232071,0.9721254110336304,0.8761904835700989
YER022W,YFL035C,0,0.4991372,0.09985683858394623,0.9721254110336304,0.8763065934181213
YPL147W,YBR129C,0,0.49837488,0.09984492510557175,0.9721254110336304,0.8764227628707886
YPR200C,YFL035C,0,0.49787754,0.09983301162719727,0.9721254110336304,0.8765389323234558
YFL066C,YBR141C,0,0.49728692,0.09982110559940338,0.9721254110336304,0.8766550421714783
YJR149W,YER019C-A,0,0.4972027,0.0998092070221901,0.9721254110336304,0.8767712116241455
YER162C,YJL085W,0,0.4968723,0.0997973084449768,0.9721254110336304,0.876887321472168
YCL004W,YCR052W,0,0.49679196,0.09978540986776352,0.9721254110336304,0.8770034909248352
YDR371W,YMR025W,0,0.49465927,0.09977351129055023,0.9721254110336304,0.8771196007728577
YJL134W,YOR349W,0,0.4944787,0.09976162016391754,0.9721254110336304,0.8772357702255249
YLR020C,YKL074C,0,0.4939149,0.09974972903728485,0.9721254110336304,0.8773519396781921
YMR093W,YOR351C,0,0.49332505,0.09973784536123276,0.9721254110336304,0.8774680495262146
YIL170W,YMR090W,0,0.49308166,0.09972596168518066,0.9721254110336304,0.8775842189788818
YJR082C,YMR061W,0,0.49284834,0.09971407800912857,0.9721254110336304,0.8777003288269043
YIL002C,YKR008W,0,0.49145046,0.09970220178365707,0.9721254110336304,0.8778164982795715
YJL024C,YBL085W,0,0.49042168,0.09969032555818558,0.9721254110336304,0.877932608127594
YBR182C,YMR268W-A,0,0.49012896,0.09967845678329468,0.9721254110336304,0.8780487775802612
YMR269W,YLR005W,0,0.4890913,0.09966658800840378,0.9721254110336304,0.8781649470329285
YIR011C,YOR162C,0,0.48874396,0.09965471923351288,0.9721254110336304,0.8782810568809509
YIL079C,YLL033W,0,0.48797756,0.09964285790920258,0.9721254110336304,0.8783972263336182
YKL090W,YKR028W,0,0.48752186,0.09963099658489227,0.9721254110336304,0.8785133361816406
YNL297C,YMR137C,0,0.48666054,0.09961913526058197,0.9721254110336304,0.8786295056343079
YER017C,YNL304W,1,0.4865655,0.09972628951072693,0.9732868671417236,0.8786295056343079
YOL066C,YKL203C,0,0.4865514,0.09971442073583603,0.9732868671417236,0.8787456154823303
YDR364C,YOR338W,0,0.4864313,0.09970255941152573,0.9732868671417236,0.8788617849349976
YMR033W,YGL174W,0,0.48641247,0.09969069808721542,0.9732868671417236,0.8789779543876648
YFR021W,YNL032W,0,0.48589802,0.09967883676290512,0.9732868671417236,0.8790940642356873
YLR191W,YFR001W,0,0.4845967,0.09966698288917542,0.9732868671417236,0.8792102336883545
YAL060W,YKL200C,0,0.4813571,0.09965512901544571,0.9732868671417236,0.879326343536377
YOR261C,YGR255C,0,0.48082846,0.0996432825922966,0.9732868671417236,0.8794425129890442
YLR080W,YOR377W,0,0.48047692,0.09963143616914749,0.9732868671417236,0.8795586824417114
YDR527W,YMR137C,0,0.48010096,0.09961958974599838,0.9732868671417236,0.8796747922897339
YLR440C,YMR267W,0,0.47965163,0.09960775077342987,0.9732868671417236,0.8797909617424011
YER162C,YKL206C,0,0.47886497,0.09959591180086136,0.9732868671417236,0.8799070715904236
YGR145W,YJL095W,0,0.4786982,0.09958407282829285,0.9732868671417236,0.8800232410430908
YMR019W,YPR198W,0,0.47757256,0.09957224130630493,0.9732868671417236,0.8801393508911133
YNL016W,YOR340C,0,0.47655517,0.09956040978431702,0.9732868671417236,0.8802555203437805
YJL066C,YGR179C,0,0.47409195,0.0995485857129097,0.9732868671417236,0.8803716897964478
YJL130C,YGL051W,0,0.4739141,0.09953676164150238,0.9732868671417236,0.8804877996444702
YKL097W-A,YNL262W,0,0.4731346,0.09952493757009506,0.9732868671417236,0.8806039690971375
YLL002W,YHR209W,0,0.47292048,0.09951312094926834,0.9732868671417236,0.8807200789451599
YNL271C,YHR041C,0,0.47097355,0.09950130432844162,0.9732868671417236,0.8808362483978271
YLR314C,YBR118W,0,0.47027475,0.0994894951581955,0.9732868671417236,0.8809523582458496
YNL281W,YDL225W,0,0.4694802,0.09947768598794937,0.9732868671417236,0.8810685276985168
YDL036C,YML049C,0,0.46708313,0.09946587681770325,0.9732868671417236,0.8811846971511841
YPL259C,YKL189W,0,0.46595365,0.09945406764745712,0.9732868671417236,0.8813008069992065
YGR288W,YDR131C,0,0.4651077,0.0994422659277916,0.9732868671417236,0.8814169764518738
YJR010W,YFR033C,0,0.46440706,0.09943047165870667,0.9732868671417236,0.8815330862998962
YLR353W,YNL267W,0,0.46422672,0.09941866993904114,0.9732868671417236,0.8816492557525635
YBR182C,YFL013C,0,0.4635232,0.0994068831205368,0.9732868671417236,0.8817653656005859
YJR057W,YMR038C,0,0.46351796,0.09939508885145187,0.9732868671417236,0.8818815350532532
YHR047C,YPL147W,0,0.46303248,0.09938330203294754,0.9732868671417236,0.8819977045059204
YML097C,YOR089C,0,0.46259803,0.0993715152144432,0.9732868671417236,0.8821138143539429
YPR171W,YNL078W,0,0.46200275,0.09935973584651947,0.9732868671417236,0.8822299838066101
YDL036C,YNL298W,0,0.46195555,0.09934795647859573,0.9732868671417236,0.8823460936546326
YOR216C,YFL010W-A,0,0.46012646,0.099336177110672,0.9732868671417236,0.8824622631072998
YKR019C,YMR097C,0,0.45966247,0.09932440519332886,0.9732868671417236,0.8825783729553223
YJR083C,YGL190C,0,0.45871168,0.09931263327598572,0.9732868671417236,0.8826945424079895
YKR057W,YDR423C,0,0.45788056,0.09930086135864258,0.9732868671417236,0.8828107118606567
YGR281W,YLR130C,0,0.457439,0.09928909689188004,0.9732868671417236,0.8829268217086792
YBR170C,YBR095C,0,0.45721176,0.09927733987569809,0.9732868671417236,0.8830429911613464
YJL012C-A,YOR279C,0,0.45579162,0.09926557540893555,0.9732868671417236,0.8831591010093689
YIL021W,YKR069W,0,0.45551556,0.0992538183927536,0.9732868671417236,0.8832752704620361
YLR160C,YLR224W,0,0.4547171,0.09924206882715225,0.9732868671417236,0.8833913803100586
YNL282W,YOR038C,0,0.45348495,0.0992303118109703,0.9732868671417236,0.8835075497627258
YFR013W,YBR020W,0,0.45348364,0.09921856224536896,0.9732868671417236,0.8836237192153931
YER117W,YBL052C,0,0.45296985,0.0992068201303482,0.9732868671417236,0.8837398290634155
YFL045C,YOR340C,0,0.45047367,0.09919507801532745,0.9732868671417236,0.8838559985160828
YIL080W,YNL274C,0,0.4496525,0.0991833359003067,0.9732868671417236,0.8839721083641052
YPL087W,YLR389C,0,0.44944364,0.09917160123586655,0.9732868671417236,0.8840882778167725
YJL117W,YGL046W,0,0.4488765,0.0991598591208458,0.9732868671417236,0.8842043876647949
YDR196C,YDL128W,0,0.44799107,0.09914813190698624,0.9732868671417236,0.8843205571174622
YKL144C,YNR072W,0,0.4476091,0.09913640469312668,0.9732868671417236,0.8844367265701294
YGL071W,YLR391W,0,0.44750354,0.09912467747926712,0.9732868671417236,0.8845528364181519
YIR025W,YER101C,0,0.44691938,0.09911295026540756,0.9732868671417236,0.8846690058708191
YHR077C,YNL110C,0,0.44664967,0.0991012305021286,0.9732868671417236,0.8847851157188416
YAL031C,YPR138C,0,0.44600168,0.09908951073884964,0.9732868671417236,0.8849012851715088
YDR285W,YAL017W,0,0.44515544,0.09907779842615128,0.9732868671417236,0.8850173950195312
YGL174W,YOL062C,0,0.44431716,0.09906608611345291,0.9732868671417236,0.8851335644721985
YJR006W,YER019C-A,0,0.44407672,0.09905437380075455,0.9732868671417236,0.8852497339248657
YMR301C,YNR013C,0,0.44342247,0.09904266893863678,0.9732868671417236,0.8853658437728882
YNR072W,YLR391W,0,0.4431572,0.09903096407651901,0.9732868671417236,0.8854820132255554
YCR097WB,YCL026C-B,0,0.44286025,0.09901925921440125,0.9732868671417236,0.8855981230735779
YGR221C,YKL144C,0,0.44187567,0.09900756180286407,0.9732868671417236,0.8857142925262451
YCR060W,YOR311C,0,0.4404096,0.0989958643913269,0.9732868671417236,0.8858304023742676
YOR168W,YDR444W,0,0.43973404,0.09898417443037033,0.9732868671417236,0.8859465718269348
YBR278W,YDR172W,0,0.43959624,0.09897248446941376,0.9732868671417236,0.886062741279602
YFR031C,YBR095C,0,0.43768364,0.09896079450845718,0.9732868671417236,0.8861788511276245
YPR026W,YGL180W,0,0.4370013,0.09894911199808121,0.9732868671417236,0.8862950205802917
YDR423C,YMR173W,0,0.43608457,0.09893742948770523,0.9732868671417236,0.8864111304283142
YNL238W,YKR101W,0,0.4357613,0.09892574697732925,0.9732868671417236,0.8865272998809814
YMR321C,YOR098C,0,0.43301904,0.09891407191753387,0.9732868671417236,0.8866434097290039
YOR243C,YNL273W,0,0.43296126,0.0989023968577385,0.9732868671417236,0.8867595791816711
YIL061C,YHR004C,0,0.43220645,0.09889072179794312,0.9732868671417236,0.8868757486343384
YGL122C,YPL002C,0,0.43166444,0.09887905418872833,0.9732868671417236,0.8869918584823608
YLR047C,YJL214W,0,0.43098813,0.09886738657951355,0.9732868671417236,0.8871080279350281
YPR162C,YML132W,0,0.43088642,0.09885572642087936,0.9732868671417236,0.8872241377830505
YMR123W,YDR281C,0,0.43077654,0.09884406626224518,0.9732868671417236,0.8873403072357178
YMR078C,YLR025W,0,0.42831135,0.09883240610361099,0.9732868671417236,0.8874564170837402
YNL178W,YBR093C,0,0.42762446,0.0988207533955574,0.9732868671417236,0.8875725865364075
YBL058W,YLR024C,0,0.42687452,0.09880910068750381,0.9732868671417236,0.8876887559890747
YPL110C,YKL064W,0,0.4263131,0.09879745543003082,0.9732868671417236,0.8878048658370972
YNL274C,YCR097WB,0,0.42601368,0.09878581017255783,0.9732868671417236,0.8879210352897644
YOR393W,YNL092W,0,0.42601073,0.09877416491508484,0.9732868671417236,0.8880371451377869
YDR281C,YLR042C,0,0.42463702,0.09876251965761185,0.9732868671417236,0.8881533145904541
YOR279C,YJR130C,0,0.42447892,0.09875088185071945,0.9732868671417236,0.8882694244384766
YBR223C,YKR069W,0,0.42416763,0.09873925149440765,0.9732868671417236,0.8883855938911438
YIL079C,YLL017W,0,0.42197448,0.09872761368751526,0.9732868671417236,0.888501763343811
YFL048C,YOL028C,0,0.4213262,0.09871598333120346,0.9732868671417236,0.8886178731918335
YFR029W,YER190W,0,0.4207796,0.09870436042547226,0.9732868671417236,0.8887340426445007
YJR010W,YFL010W-A,0,0.42061388,0.09869273006916046,0.9732868671417236,0.8888501524925232
YLL029W,YGL050W,0,0.42046726,0.09868111461400986,0.9732868671417236,0.8889663219451904
YOR138C,YPL129W,0,0.4202906,0.09866949170827866,0.9732868671417236,0.8890824913978577
YFL013C,YPR152C,0,0.4202329,0.09865787625312805,0.9732868671417236,0.8891986012458801
YLR129W,YGL060W,0,0.42003793,0.09864626079797745,0.9732868671417236,0.8893147706985474
YBR125C,YBR170C,0,0.41932356,0.09863465279340744,0.9732868671417236,0.8894308805465698
YOL141W,YFR033C,0,0.41828305,0.09862304478883743,0.9732868671417236,0.8895470499992371
YLR009W,YML036W,0,0.41747063,0.09861143678426743,0.9732868671417236,0.8896631598472595
YKR056W,YIL080W,0,0.4169073,0.09859983623027802,0.9732868671417236,0.8897793292999268
YGL244W,YGR185C,0,0.4164312,0.0985882356762886,0.9732868671417236,0.889895498752594
YJL225C,YPL078C,0,0.41233376,0.0985766351222992,0.9732868671417236,0.8900116086006165
YHR041C,YLR391W,0,0.41097713,0.09856504201889038,0.9732868671417236,0.8901277780532837
YLR452C,YNL298W,0,0.40955916,0.09855344891548157,0.9732868671417236,0.8902438879013062
YMR005W,YKL130C,0,0.40862232,0.09854186326265335,0.9732868671417236,0.8903600573539734
YGL026C,YDR369C,0,0.4080854,0.09853027760982513,0.9732868671417236,0.8904761672019958
YJR021C,YBR170C,0,0.40804708,0.09851869195699692,0.9732868671417236,0.8905923366546631
YHR012W,YLR213C,0,0.4076028,0.0985071137547493,0.9732868671417236,0.8907085061073303
YNL107W,YLR016C,0,0.40755174,0.09849553555250168,0.9732868671417236,0.8908246159553528
YLR005W,YDL148C,0,0.4071325,0.09848395735025406,0.9732868671417236,0.89094078540802
YDR170C,YER137C,0,0.40694386,0.09847238659858704,0.9732868671417236,0.8910568952560425
YPR144C,YJL114W,0,0.4068038,0.09846081584692001,0.9732868671417236,0.8911730647087097
YBR182C,YDR081C,0,0.40620732,0.09844924509525299,0.9732868671417236,0.8912891745567322
YNL107W,YNL258C,0,0.40551347,0.09843768179416656,0.9732868671417236,0.8914053440093994
YGL071W,YKL094W,0,0.40468615,0.09842611849308014,0.9732868671417236,0.8915215134620667
YNL153C,YBR243C,0,0.40456182,0.09841456264257431,0.9732868671417236,0.8916376233100891
YDL246C,YKL130C,0,0.4033866,0.09840300679206848,0.9732868671417236,0.8917537927627563
YOR377W,YNL078W,0,0.4030661,0.09839145094156265,0.9732868671417236,0.8918699026107788
YOL093W,YDR170C,0,0.40252742,0.09837990254163742,0.9732868671417236,0.891986072063446
YDR405W,YCL003W,0,0.40215582,0.09836835414171219,0.9732868671417236,0.8921021819114685
YIR011C,YIL132C,0,0.40197664,0.09835680574178696,0.9732868671417236,0.8922183513641357
YHR211W,YEL029C,0,0.40056017,0.09834526479244232,0.9732868671417236,0.892334520816803
YPR204W,YER145C,0,0.40047604,0.09833372384309769,0.9732868671417236,0.8924506306648254
YDR030C,YNR057C,0,0.39866,0.09832219034433365,0.9732868671417236,0.8925668001174927
YCR060W,YER104W,0,0.39861816,0.09831064939498901,0.9732868671417236,0.8926829099655151
YJL192C,YLR391W,0,0.39834,0.09829912334680557,0.9732868671417236,0.8927990794181824
YGL094C,YAL040C,0,0.3979469,0.09828758984804153,0.9732868671417236,0.8929151892662048
YJL117W,YKR102W,0,0.39730108,0.0982760637998581,0.9732868671417236,0.8930313587188721
YLR329W,YHR058C,0,0.3958063,0.09826453775167465,0.9732868671417236,0.8931475281715393
YKL103C,YJL128C,0,0.39412478,0.09825301915407181,0.9732868671417236,0.8932636380195618
YEL069C,YHR109W,0,0.3936944,0.09824150055646896,0.9732868671417236,0.893379807472229
YJR082C,YBL011W,0,0.39290813,0.09822998195886612,0.9732868671417236,0.8934959173202515
YDR174W,YBR042C,0,0.39196908,0.09821847081184387,0.9732868671417236,0.8936120867729187
YNL271C,YAL060W,0,0.38820747,0.09820695966482162,0.9732868671417236,0.8937281966209412
YLR394W,YJL053W,0,0.38798487,0.09819545596837997,0.9732868671417236,0.8938443660736084
YGL112C,YDL225W,0,0.38762692,0.09818394482135773,0.9732868671417236,0.8939605355262756
YML052W,YCR052W,0,0.3873784,0.09817244857549667,0.9732868671417236,0.8940766453742981
YKL190W,YDL059C,0,0.38708663,0.09816094487905502,0.9732868671417236,0.8941928148269653
YGL180W,YER090W,0,0.38651162,0.09814944863319397,0.9732868671417236,0.8943089246749878
YGR056W,YBR061C,0,0.3864284,0.09813795238733292,0.9732868671417236,0.894425094127655
YOR283W,YKR069W,0,0.3862503,0.09812646359205246,0.9732868671417236,0.8945412039756775
YDR419W,YDL208W,0,0.3854056,0.098114974796772,0.9732868671417236,0.8946573734283447
YOL010W,YPL180W,0,0.38443673,0.09810348600149155,0.9732868671417236,0.894773542881012
YNL232W,YPL027W,0,0.3811025,0.09809200465679169,0.9732868671417236,0.8948896527290344
YNL085W,YJR147W,0,0.38032547,0.09808052331209183,0.9732868671417236,0.8950058221817017
YPR187W,YGR285C,0,0.3802727,0.09806904941797256,0.9732868671417236,0.8951219320297241
YOR274W,YGR216C,0,0.37883306,0.0980575680732727,0.9732868671417236,0.8952381014823914
YLL034C,YLR073C,0,0.3769191,0.09804610162973404,0.9732868671417236,0.8953542113304138
YDL024C,YKL094W,0,0.3769189,0.09803462773561478,0.9732868671417236,0.895470380783081
YKL097W-A,YJR031C,0,0.37676555,0.09802316129207611,0.9732868671417236,0.8955865502357483
YER151C,YEL062W,0,0.37535837,0.09801169484853745,0.9732868671417236,0.8957026600837708
YOL124C,YNL182C,0,0.37442172,0.09800023585557938,0.9732868671417236,0.895818829536438
YDR030C,YPR167C,0,0.37428805,0.09798877686262131,0.9732868671417236,0.8959349393844604
YGL158W,YPL276W,0,0.37367427,0.09797731786966324,0.9732868671417236,0.8960511088371277
YER098W,YNL092W,0,0.3732341,0.09796586632728577,0.9732868671417236,0.8961672186851501
YDR172W,YHR077C,0,0.37225777,0.0979544147849083,0.9732868671417236,0.8962833881378174
YJL128C,YDL077C,0,0.37096632,0.09794296324253082,0.9732868671417236,0.8963995575904846
YIL108W,YLR329W,0,0.37038088,0.09793151915073395,0.9732868671417236,0.8965156674385071
YLR316C,YFL023W,0,0.37001872,0.09792007505893707,0.9732868671417236,0.8966318368911743
YIL002C,YAR035W,0,0.3699004,0.0979086309671402,0.9732868671417236,0.8967479467391968
YGR216C,YNL307C,0,0.36964405,0.09789719432592392,0.9732868671417236,0.896864116191864
YDR076W,YFR052W,0,0.36911482,0.09788575768470764,0.9732868671417236,0.8969802260398865
YLL004W,YOR251C,0,0.36847484,0.09787432849407196,0.9732868671417236,0.8970963954925537
YAL024C,YNL219C,0,0.367989,0.09786289930343628,0.9732868671417236,0.897212564945221
YGL225W,YLR316C,0,0.36677215,0.0978514701128006,0.9732868671417236,0.8973286747932434
YGL014W,YDL040C,0,0.3656883,0.09784004837274551,0.9732868671417236,0.8974448442459106
YJL114W,YLR107W,0,0.3652025,0.09782862663269043,0.9732868671417236,0.8975609540939331
YNR017W,YOL026C,1,0.36387193,0.09793393313884735,0.9744483232498169,0.8975609540939331
YGL010W,YMR304W,0,0.36290473,0.09792250394821167,0.9744483232498169,0.8976771235466003
YMR137C,YGL051W,0,0.36283863,0.09791107475757599,0.9744483232498169,0.8977932929992676
YDR245W,YNL302C,0,0.36266437,0.0978996530175209,0.9744483232498169,0.89790940284729
YDR151C,YIL042C,0,0.3626609,0.09788823127746582,0.9744483232498169,0.8980255722999573
YIL128W,YLL008W,0,0.35942036,0.09787680953741074,0.9744483232498169,0.8981416821479797
YDL142C,YPR125W,1,0.35663363,0.09798203408718109,0.9756097793579102,0.8981416821479797
YFR021W,YLR113W,0,0.35463065,0.09797061234712601,0.9756097793579102,0.898257851600647
YLR206W,YBR052C,0,0.35092992,0.09795918315649033,0.9756097793579102,0.8983739614486694
YHR066W,YKL203C,0,0.34922427,0.09794776141643524,0.9756097793579102,0.8984901309013367
YPR001W,YOR219C,0,0.34887576,0.09793633967638016,0.9756097793579102,0.8986063003540039
YOL124C,YJR031C,0,0.3469761,0.09792492538690567,0.9756097793579102,0.8987224102020264
YLR394W,YPR159W,0,0.34694308,0.09791351109743118,0.9756097793579102,0.8988385796546936
YNL202W,YGL212W,0,0.34575891,0.0979020968079567,0.9756097793579102,0.8989546895027161
YPL200W,YOL101C,0,0.34378263,0.0978906899690628,0.9756097793579102,0.8990708589553833
YOR237W,YDL028C,0,0.3435899,0.09787928313016891,0.9756097793579102,0.8991869688034058
YNL271C,YGR034W,0,0.34347498,0.09786787629127502,0.9756097793579102,0.899303138256073
YBR111W-A,YJR130C,0,0.34253755,0.09785647690296173,0.9756097793579102,0.8994193077087402
YJR082C,YOL093W,0,0.34193859,0.09784507751464844,0.9756097793579102,0.8995354175567627
YPL119C,YML099C,0,0.3419127,0.09783368557691574,0.9756097793579102,0.8996515870094299
YFR031C,YDR369C,0,0.34159046,0.09782228618860245,0.9756097793579102,0.8997676968574524
YKL020C,YEL041W,0,0.33919644,0.09781090170145035,0.9756097793579102,0.8998838663101196
YGR238C,YOR180C,0,0.33891392,0.09779950976371765,0.9756097793579102,0.8999999761581421
YOR106W,YMR097C,0,0.33679944,0.09778812527656555,0.9756097793579102,0.9001161456108093
YNL297C,YDL015C,0,0.3354507,0.09777674078941345,0.9756097793579102,0.9002323150634766
YLR228C,YDR392W,0,0.33369458,0.09776536375284195,0.9756097793579102,0.900348424911499
YBR275C,YNL238W,0,0.3336872,0.09775398671627045,0.9756097793579102,0.9004645943641663
YDL015C,YNL258C,0,0.333459,0.09774260967969894,0.9756097793579102,0.9005807042121887
YDL128W,YKR028W,0,0.3315241,0.09773124009370804,0.9756097793579102,0.900696873664856
YDR351W,YJL029C,0,0.32862896,0.09771987050771713,0.9756097793579102,0.9008129835128784
YDR351W,YJL095W,0,0.32685065,0.09770850092172623,0.9756097793579102,0.9009291529655457
YGR216C,YDR211W,0,0.32583454,0.09769713878631592,0.9756097793579102,0.9010453224182129
YGR271W,YLR016C,0,0.32579046,0.09768577665090561,0.9756097793579102,0.9011614322662354
YKL166C,YNL027W,0,0.32570583,0.0976744219660759,0.9756097793579102,0.9012776017189026
YPL002C,YKL074C,0,0.32497126,0.09766305983066559,0.9756097793579102,0.901393711566925
YOR126C,YAL031C,0,0.3237322,0.09765171259641647,0.9756097793579102,0.9015098810195923
YPL112C,YGL004C,0,0.3232758,0.09764035791158676,0.9756097793579102,0.9016259908676147
YGR145W,YKR035W-A,0,0.32162076,0.09762901067733765,0.9756097793579102,0.901742160320282
YIL170W,YEL029C,0,0.32159376,0.09761766344308853,0.9756097793579102,0.9018583297729492
YGL112C,YGR185C,0,0.3206945,0.09760632365942001,0.9756097793579102,0.9019744396209717
YNL032W,YGL113W,0,0.31960708,0.0975949838757515,0.9756097793579102,0.9020906090736389
YDR371W,YGR179C,0,0.3189132,0.09758364409208298,0.9756097793579102,0.9022067189216614
YJL178C,YDL148C,0,0.31798542,0.09757231175899506,0.9756097793579102,0.9023228883743286
YMR308C,YOR123C,0,0.31793636,0.09756097197532654,0.9756097793579102,0.9024389982223511
YJR082C,YKL022C,0,0.3170282,0.09754964709281921,0.9756097793579102,0.9025551676750183
YNL160W,YAL031C,0,0.31634292,0.09753832221031189,0.9756097793579102,0.9026713371276855
YNL138W-A,YPL011C,0,0.31430084,0.09752699732780457,0.9756097793579102,0.902787446975708
YNL102W,YMR269W,0,0.3141331,0.09751567244529724,0.9756097793579102,0.9029036164283752
YLR389C,YBR281C,0,0.3139878,0.09750435501337051,0.9756097793579102,0.9030197262763977
YOR279C,YGL051W,0,0.31350535,0.09749303758144379,0.9756097793579102,0.9031358957290649
YNL084C,YMR032W,0,0.3130136,0.09748172014951706,0.9756097793579102,0.9032520055770874
YOR106W,YHR211W,0,0.31247187,0.09747041016817093,0.9756097793579102,0.9033681750297546
YLR043C,YGR258C,0,0.31189984,0.0974591001868248,0.9756097793579102,0.9034843444824219
YOR237W,YKL201C,0,0.31184864,0.09744779765605927,0.9756097793579102,0.9036004543304443
YOR232W,YPR125W,1,0.31173354,0.09755248576402664,0.9767711758613586,0.9036004543304443
YNL010W,YDR245W,0,0.30963153,0.09754117578268051,0.9767711758613586,0.9037166237831116
YLL029W,YKL189W,0,0.3077323,0.09752985835075378,0.9767711758613586,0.903832733631134
YCR093W,YIL017W,0,0.30655804,0.09751855581998825,0.9767711758613586,0.9039489030838013
YGL062W,YGL046W,0,0.30637994,0.09750724583864212,0.9767711758613586,0.9040650129318237
YGR056W,YDR496C,0,0.30625847,0.09749594330787659,0.9767711758613586,0.904181182384491
YOL010W,YCL060C,0,0.30480123,0.09748464077711105,0.9767711758613586,0.9042973518371582
YOL124C,YDR226W,0,0.3045857,0.09747334569692612,0.9767711758613586,0.9044134616851807
YKR035W-A,YOL004W,0,0.30430785,0.09746204316616058,0.9767711758613586,0.9045296311378479
YCL003W,YML128C,0,0.30326456,0.09745075553655624,0.9767711758613586,0.9046457409858704
YMR039C,YGR032W,0,0.30143386,0.09743946045637131,0.9767711758613586,0.9047619104385376
YJR055W,YOR283W,0,0.30082378,0.09742817282676697,0.9767711758613586,0.9048780202865601
YOR251C,YFL023W,0,0.3002168,0.09741688519716263,0.9767711758613586,0.9049941897392273
YLL029W,YLR024C,0,0.29894954,0.09740560501813889,0.9767711758613586,0.9051103591918945
YBR052C,YGL190C,0,0.29798,0.09739432483911514,0.9767711758613586,0.905226469039917
YGR199W,YIL017W,0,0.2979409,0.0973830446600914,0.9767711758613586,0.9053426384925842
YIL021W,YOL004W,0,0.29685715,0.09737177193164825,0.9767711758613586,0.9054587483406067
YOR216C,YIL035C,0,0.29662725,0.09736049920320511,0.9767711758613586,0.9055749177932739
YDR499W,YCR087C-A,0,0.2964843,0.09734923392534256,0.9767711758613586,0.9056910276412964
YOR074C,YGR285C,0,0.2958228,0.09733796119689941,0.9767711758613586,0.9058071970939636
YPL112C,YJR140C,0,0.29538578,0.09732669591903687,0.9767711758613586,0.9059233665466309
YMR270C,YNR015W,0,0.29484054,0.09731543809175491,0.9767711758613586,0.9060394763946533
YCL008C,YIL140W,0,0.2947523,0.09730418026447296,0.9767711758613586,0.9061556458473206
YFL013C,YOR353C,0,0.29430556,0.09729292243719101,0.9767711758613586,0.906271755695343
YPR187W,YOR099W,0,0.29316604,0.09728166460990906,0.9767711758613586,0.9063879251480103
YJL029C,YBR061C,0,0.29312623,0.0972704142332077,0.9767711758613586,0.9065040946006775
YBL005W-B,YLL004W,0,0.29308867,0.09725916385650635,0.9767711758613586,0.9066202044487
YOL155C,YER171W,0,0.29267788,0.09724792093038559,0.9767711758613586,0.9067363739013672
YOR106W,YOR145C,0,0.2926709,0.09723667800426483,0.9767711758613586,0.9068524837493896
YLL051C,YJL141C,0,0.29158708,0.09722543507814407,0.9767711758613586,0.9069686532020569
YDL133C-A,YJL103C,0,0.29101956,0.09721419215202332,0.9767711758613586,0.9070847630500793
YGR258C,YBL068W,0,0.28956825,0.09720295667648315,0.9767711758613586,0.9072009325027466
YNL050C,YBR067C,0,0.28921095,0.09719172865152359,0.9767711758613586,0.9073171019554138
YNL274C,YER104W,0,0.2873332,0.09718049317598343,0.9767711758613586,0.9074332118034363
YDR472W,YBL092W,0,0.28594357,0.09716926515102386,0.9767711758613586,0.9075493812561035
YBR195C,YPL050C,0,0.2856753,0.0971580371260643,0.9767711758613586,0.907665491104126
YFL011W-A,YER115C,0,0.2855944,0.09714681655168533,0.9767711758613586,0.9077816605567932
YPL042C,YIR032C,0,0.2851321,0.09713559597730637,0.9767711758613586,0.9078977704048157
YPR189W,YLR440C,0,0.2806116,0.097124382853508,0.9767711758613586,0.9080139398574829
YOL043C,YER115C,0,0.28052408,0.09711316227912903,0.9767711758613586,0.9081301093101501
YBR202W,YDL040C,0,0.2772829,0.09710194915533066,0.9767711758613586,0.9082462191581726
YBL026W,YMR268W-A,0,0.27627635,0.09709074348211288,0.9767711758613586,0.9083623886108398
YLR440C,YFL054C,0,0.27520022,0.09707953035831451,0.9767711758613586,0.9084784984588623
YMR218C,YLL027W,0,0.27313024,0.09706833213567734,0.9767711758613586,0.9085946679115295
YHR209W,YOR279C,0,0.2722414,0.09705712646245956,0.9767711758613586,0.908710777759552
YER008C,YMR269W,0,0.27028424,0.09704592823982239,0.9767711758613586,0.9088269472122192
YBR275C,YJR112W,0,0.26881543,0.09703473001718521,0.9767711758613586,0.9089431166648865
YHR209W,YPL274W,0,0.26796,0.09702353179454803,0.9767711758613586,0.9090592265129089
YNR074C,YPR200C,0,0.26708442,0.09701234102249146,0.9767711758613586,0.9091753959655762
YKL009W,YLR016C,0,0.2663645,0.09700115025043488,0.9767711758613586,0.9092915058135986
YKL200C,YOR237W,0,0.26603433,0.09698996692895889,0.9767711758613586,0.9094076752662659
YDR138W,YNR015W,0,0.26559007,0.09697878360748291,0.9767711758613586,0.9095237851142883
YOL145C,YLR314C,0,0.2654608,0.09696760028600693,0.9767711758613586,0.9096399545669556
YNL032W,YOR216C,0,0.26453802,0.09695642441511154,0.9767711758613586,0.9097561240196228
YDL227C,YGR105W,0,0.26366317,0.09694524854421616,0.9767711758613586,0.9098722338676453
YIR011C,YEL037C,0,0.26303428,0.09693407267332077,0.9767711758613586,0.9099884033203125
YOR159C,YMR145C,0,0.26268977,0.09692289680242538,0.9767711758613586,0.910104513168335
YLR020C,YNL192W,0,0.26189458,0.0969117283821106,0.9767711758613586,0.9102206826210022
YKL007W,YBR026C,0,0.26166463,0.0969005674123764,0.9767711758613586,0.9103367924690247
YER055C,YGL051W,0,0.26068836,0.09688939899206161,0.9767711758613586,0.9104529619216919
YBL058W,YDR151C,0,0.26027018,0.09687823802232742,0.9767711758613586,0.9105691313743591
YCL036W,YNL032W,0,0.2578736,0.09686708450317383,0.9767711758613586,0.9106852412223816
YBL079W,YJR063W,0,0.2578122,0.09685592353343964,0.9767711758613586,0.9108014106750488
YDL059C,YDL074C,0,0.2561882,0.09684477001428604,0.9767711758613586,0.9109175205230713
YOR126C,YOR311C,0,0.25434846,0.09683362394571304,0.9767711758613586,0.9110336899757385
YIL143C,YOL053C-A,0,0.25378665,0.09682247042655945,0.9767711758613586,0.911149799823761
YDR207C,YGR070W,0,0.2502156,0.09681132435798645,0.9767711758613586,0.9112659692764282
YOL026C,YPR125W,1,0.24986698,0.09691528230905533,0.9779326319694519,0.9112659692764282
YKL074C,YGL190C,0,0.2487464,0.09690412878990173,0.9779326319694519,0.9113821387290955
YNL273W,YEL041W,0,0.24769634,0.09689298272132874,0.9779326319694519,0.9114982485771179
YML099C,YBL026W,0,0.24691817,0.09688182920217514,0.9779326319694519,0.9116144180297852
YBL052C,YNL290W,0,0.24644125,0.09687068313360214,0.9779326319694519,0.9117305278778076
YKR036C,YDL142C,1,0.24559781,0.09697457402944565,0.9790940880775452,0.9117305278778076
YDR067C,YGL046W,0,0.24542564,0.09696342051029205,0.9790940880775452,0.9118466973304749
YKL013C,YNR035C,1,0.24374968,0.09706728160381317,0.9802555441856384,0.9118466973304749
YJR006W,YDR211W,0,0.24288163,0.09705612063407898,0.9802555441856384,0.9119628071784973
YKR102W,YER087C-B,0,0.24154684,0.09704495966434479,0.9802555441856384,0.9120789766311646
YKR036C,YKL013C,1,0.24120218,0.09714876860380173,0.9814169406890869,0.9120789766311646
YOR038C,YJR112W,0,0.23217124,0.09713760018348694,0.9814169406890869,0.9121951460838318
YDR034C,YLL027W,0,0.2287994,0.09712643921375275,0.9814169406890869,0.9123112559318542
YPR113W,YKL097W-A,0,0.22696081,0.09711527079343796,0.9814169406890869,0.9124274253845215
YOR038C,YCL032W,0,0.22502303,0.09710411727428436,0.9814169406890869,0.912543535232544
YOR310C,YEL037C,0,0.2228077,0.09709295630455017,0.9814169406890869,0.9126597046852112
YMR137C,YBL085W,0,0.22118762,0.09708180278539658,0.9814169406890869,0.9127758145332336
YKL168C,YFL054C,0,0.21937835,0.09707064926624298,0.9814169406890869,0.9128919839859009
YIL021W,YNL307C,0,0.21866666,0.09705949574708939,0.9814169406890869,0.9130081534385681
YIL002C,YIL128W,0,0.21792611,0.09704834967851639,0.9814169406890869,0.9131242632865906
YGR252W,YLL034C,0,0.21638066,0.09703720360994339,0.9814169406890869,0.9132404327392578
YDR460W,YLR440C,0,0.2157363,0.09702606499195099,0.9814169406890869,0.9133565425872803
YJR107W,YBL058W,0,0.21543288,0.09701492637395859,0.9814169406890869,0.9134727120399475
YLR425W,YDR403W,0,0.21529672,0.09700378775596619,0.9814169406890869,0.91358882188797
YPR080W,YOR038C,0,0.21524113,0.09699265658855438,0.9814169406890869,0.9137049913406372
YGR034W,YDR109C,0,0.2126183,0.09698152542114258,0.9814169406890869,0.9138211607933044
YHR060W,YGR155W,0,0.21251279,0.09697039425373077,0.9814169406890869,0.9139372706413269
YPR144C,YGR056W,0,0.2118054,0.09695926308631897,0.9814169406890869,0.9140534400939941
YNL153C,YER074W,0,0.21040946,0.09694813936948776,0.9814169406890869,0.9141695499420166
YDL029W,YDR470C,1,0.20980078,0.09705173969268799,0.9825783967971802,0.9141695499420166
YPR111W,YDL197C,0,0.20976573,0.09704060852527618,0.9825783967971802,0.9142857193946838
YGR081C,YOR349W,0,0.2075882,0.09702947735786438,0.9825783967971802,0.9144018292427063
YOL043C,YER171W,0,0.2069211,0.09701834619045258,0.9825783967971802,0.9145179986953735
YLR107W,YMR301C,0,0.20670256,0.09700722247362137,0.9825783967971802,0.9146341681480408
YDR410C,YKR102W,0,0.20541549,0.09699609875679016,0.9825783967971802,0.9147502779960632
YGR032W,YDR444W,0,0.20522913,0.09698498249053955,0.9825783967971802,0.9148664474487305
YDR453C,YKL201C,0,0.20522076,0.09697386622428894,0.9825783967971802,0.9149825572967529
YKL022C,YLR251W,0,0.20509058,0.09696274995803833,0.9825783967971802,0.9150987267494202
YGL237C,YDR364C,0,0.20477659,0.09695164114236832,0.9825783967971802,0.9152148962020874
YML112W,YMR227C,0,0.20384642,0.0969405323266983,0.9825783967971802,0.9153310060501099
YGR271W,YGL174W,0,0.20346609,0.09692942351102829,0.9825783967971802,0.9154471755027771
YER008C,YLR203C,0,0.2005116,0.09691831469535828,0.9825783967971802,0.9155632853507996
YMR276W,YNL307C,0,0.19947916,0.09690721333026886,0.9825783967971802,0.9156794548034668
YIL002C,YNR002C,0,0.19914538,0.09689611941576004,0.9825783967971802,0.9157955646514893
YOR378W,YDR281C,0,0.19886935,0.09688501805067062,0.9825783967971802,0.9159117341041565
YLR219W,YJL128C,0,0.19865987,0.0968739241361618,0.9825783967971802,0.9160279035568237
YLR316C,YOR098C,0,0.19586718,0.09686283767223358,0.9825783967971802,0.9161440134048462
YOL010W,YDR310C,0,0.19350654,0.09685174375772476,0.9825783967971802,0.9162601828575134
YPR162C,YNL232W,0,0.19307894,0.09684065729379654,0.9825783967971802,0.9163762927055359
YDR076W,YIL047C,0,0.19228745,0.09682957828044891,0.9825783967971802,0.9164924621582031
YBR276C,YFL023W,0,0.19161206,0.09681849181652069,0.9825783967971802,0.9166085720062256
YLR009W,YNR006W,0,0.18992883,0.09680741280317307,0.9825783967971802,0.9167247414588928
YIL143C,YGR084C,0,0.18943432,0.09679634124040604,0.9825783967971802,0.9168409109115601
YDL197C,YJL140W,0,0.18906099,0.09678526222705841,0.9825783967971802,0.9169570207595825
YJR092W,YLR016C,0,0.18874907,0.09677419066429138,0.9825783967971802,0.9170731902122498
YGL122C,YKL206C,0,0.18866152,0.09676312655210495,0.9825783967971802,0.9171893000602722
YJL214W,YKL064W,0,0.18621796,0.09675205498933792,0.9825783967971802,0.9173054695129395
YDR383C,YCR052W,0,0.18438023,0.09674099832773209,0.9825783967971802,0.9174215793609619
YDL059C,YLR219W,0,0.18433532,0.09672993421554565,0.9825783967971802,0.9175377488136292
YKL082C,YKL015W,0,0.1804376,0.09671887755393982,0.9825783967971802,0.9176539182662964
YJL124C,YDR081C,0,0.17999232,0.09670782089233398,0.9825783967971802,0.9177700281143188
YDR473C,YLR016C,0,0.17993146,0.09669676423072815,0.9825783967971802,0.9178861975669861
YGR252W,YGL244W,0,0.17990234,0.09668571501970291,0.9825783967971802,0.9180023074150085
YNL314W,YMR239C,0,0.17921507,0.09667466580867767,0.9825783967971802,0.9181184768676758
YDR411C,YFR029W,0,0.17874697,0.09666361659765244,0.9825783967971802,0.9182345867156982
YPR187W,YKL165C,0,0.17815572,0.0966525748372078,0.9825783967971802,0.9183507561683655
YBL028C,YPR006C,0,0.17689571,0.09664153307676315,0.9825783967971802,0.9184669256210327
YHR069C,YNL138W-A,0,0.17663962,0.09663049876689911,0.9825783967971802,0.9185830354690552
YJL112W,YBR192W,1,0.17648089,0.09673366695642471,0.9837398529052734,0.9185830354690552
YNL283C,YDR451C,0,0.17576516,0.09672262519598007,0.9837398529052734,0.9186992049217224
YBL058W,YNL092W,0,0.17555492,0.09671157598495483,0.9837398529052734,0.9188153147697449
YJL172W,YLR042C,0,0.17548338,0.09670053422451019,0.9837398529052734,0.9189314842224121
YGR081C,YOR327C,0,0.17547178,0.09668949991464615,0.9837398529052734,0.9190475940704346
YDR138W,YGL113W,0,0.17534652,0.09667845815420151,0.9837398529052734,0.9191637635231018
YOL145C,YIL079C,0,0.17508811,0.09666742384433746,0.9837398529052734,0.919279932975769
YCR097WB,YBL034C,0,0.17378192,0.09665639698505402,0.9837398529052734,0.9193960428237915
YOR206W,YBR093C,0,0.17377192,0.09664537012577057,0.9837398529052734,0.9195122122764587
YDR383C,YDR137W,0,0.17249434,0.09663434326648712,0.9837398529052734,0.9196283221244812
YOR274W,YML112W,0,0.17234772,0.09662331640720367,0.9837398529052734,0.9197444915771484
YNR021W,YDR444W,0,0.17169283,0.09661229699850082,0.9837398529052734,0.9198606014251709
YLR073C,YGR185C,0,0.16833395,0.09660127758979797,0.9837398529052734,0.9199767708778381
YER022W,YLR206W,0,0.16489033,0.09659025818109512,0.9837398529052734,0.9200929403305054
YLR005W,YOR353C,0,0.15852773,0.09657924622297287,0.9837398529052734,0.9202090501785278
YDR383C,YNL052W,0,0.15823011,0.09656823426485062,0.9837398529052734,0.9203252196311951
YDL111C,YDR138W,0,0.15776002,0.09655722975730896,0.9837398529052734,0.9204413294792175
YFL011W-A,YML036W,0,0.15623543,0.0965462177991867,0.9837398529052734,0.9205574989318848
YMR315W,YIL080W,0,0.1558559,0.09653522074222565,0.9837398529052734,0.9206736087799072
YDR389W,YGR072W,0,0.15514213,0.09652421623468399,0.9837398529052734,0.9207897782325745
YBR247C,YPL213W,0,0.15395874,0.09651321917772293,0.9837398529052734,0.9209059476852417
YKR020W,YAL024C,0,0.15277594,0.09650222212076187,0.9837398529052734,0.9210220575332642
YGR012W,YKR068C,0,0.15262938,0.09649122506380081,0.9837398529052734,0.9211382269859314
YDR492W,YDL074C,0,0.1521557,0.09648023545742035,0.9837398529052734,0.9212543368339539
YOL045W,YNL267W,0,0.15155333,0.09646924585103989,0.9837398529052734,0.9213705062866211
YCR057C,YLR088W,0,0.15154326,0.09645826369524002,0.9837398529052734,0.9214866161346436
YKL200C,YDR451C,0,0.15088317,0.09644728153944016,0.9837398529052734,0.9216027855873108
YJR010W,YKL097W-A,0,0.15045422,0.09643629938364029,0.9837398529052734,0.921718955039978
YML132W,YOR008C,0,0.1502465,0.09642531722784042,0.9837398529052734,0.9218350648880005
YBR002C,YFR036W,0,0.14770854,0.09641434252262115,0.9837398529052734,0.9219512343406677
YCL036W,YGR118W,0,0.14710754,0.09640336781740189,0.9837398529052734,0.9220673441886902
YDL208W,YLR325C,0,0.14589185,0.09639240056276321,0.9837398529052734,0.9221835136413574
YEL031W,YDL111C,0,0.14430034,0.09638142585754395,0.9837398529052734,0.9222996234893799
YGR216C,YGL163C,0,0.1427935,0.09637046605348587,0.9837398529052734,0.9224157929420471
YER168C,YOL111C,0,0.14230376,0.0963594987988472,0.9837398529052734,0.9225319623947144
YDL198C,YNL026W,1,0.14025521,0.09646229445934296,0.9849012494087219,0.9225319623947144
YDR310C,YFL033C,0,0.13916886,0.09645131975412369,0.9849012494087219,0.9226480722427368
YMR089C,YER125W,1,0.13856405,0.09655407816171646,0.9860627055168152,0.9226480722427368
YKR036C,YDL198C,1,0.13840532,0.09665681421756744,0.9872241616249084,0.9226480722427368
YGR113W,YEL053C,0,0.13787597,0.09664582461118698,0.9872241616249084,0.922764241695404
YML112W,YMR180C,0,0.13517445,0.09663483500480652,0.9872241616249084,0.9228803515434265
YDL133C-A,YPR200C,0,0.13312587,0.09662384539842606,0.9872241616249084,0.9229965209960938
YOR212W,YNL267W,0,0.13157958,0.09661286324262619,0.9872241616249084,0.9231126308441162
YNL314W,YNL281W,0,0.1293233,0.09660188853740692,0.9872241616249084,0.9232288002967834
YPR162C,YNL027W,0,0.12864456,0.09659090638160706,0.9872241616249084,0.9233449697494507
YNR067C,YDL074C,0,0.12790745,0.09657993167638779,0.9872241616249084,0.9234610795974731
YMR077C,YMR075W,0,0.127435,0.09656896442174911,0.9872241616249084,0.9235772490501404
YBR111W-A,YDR457W,0,0.12645784,0.09655798971652985,0.9872241616249084,0.9236933588981628
YJR070C,YKL082C,0,0.1251306,0.09654702246189117,0.9872241616249084,0.9238095283508301
YGL158W,YMR019W,0,0.124120355,0.0965360626578331,0.9872241616249084,0.9239256381988525
YDR034C,YDL170W,0,0.12404746,0.09652509540319443,0.9872241616249084,0.9240418076515198
YJR119C,YDR109C,0,0.12402785,0.09651413559913635,0.9872241616249084,0.924157977104187
YMR123W,YMR218C,0,0.123777986,0.09650317579507828,0.9872241616249084,0.9242740869522095
YBR080C,YMR172W,0,0.12366974,0.0964922234416008,0.9872241616249084,0.9243902564048767
YDR461W,YOR294W,0,0.122785985,0.09648127108812332,0.9872241616249084,0.9245063662528992
YPR111W,YLR145W,0,0.11888188,0.09647031873464584,0.9872241616249084,0.9246225357055664
YOR025W,YBR074W,0,0.118760735,0.09645937383174896,0.9872241616249084,0.9247387051582336
YJL191W,YMR239C,0,0.11850673,0.09644842892885208,0.9872241616249084,0.9248548150062561
YDL206W,YLR251W,0,0.11691216,0.0964374840259552,0.9872241616249084,0.9249709844589233
YIL006W,YLR390W,0,0.114222944,0.09642654657363892,0.9872241616249084,0.9250870943069458
YBR182C,YOL043C,0,0.11271572,0.09641560912132263,0.9872241616249084,0.925203263759613
YNL153C,YOL108C,0,0.10763961,0.09640467166900635,0.9872241616249084,0.9253193736076355
YNL297C,YGR271W,0,0.10714224,0.09639374166727066,0.9872241616249084,0.9254355430603027
YOL028C,YER104W,0,0.10692322,0.09638281166553497,0.9872241616249084,0.92555171251297
YIL088C,YDL054C,0,0.10501206,0.09637188166379929,0.9872241616249084,0.9256678223609924
YKL022C,YBL068W,0,0.10232663,0.0963609591126442,0.9872241616249084,0.9257839918136597
YGL094C,YLR151C,0,0.101810634,0.0963500365614891,0.9872241616249084,0.9259001016616821
YOR215C,YMR160W,0,0.10073313,0.09633911401033401,0.9872241616249084,0.9260162711143494
YIL142W,YPL011C,0,0.09970081,0.09632819890975952,0.9872241616249084,0.9261323809623718
YKL022C,YKR006C,0,0.09526509,0.09631728380918503,0.9872241616249084,0.9262485504150391
YBR031W,YDR207C,0,0.094774246,0.09630636870861053,0.9872241616249084,0.9263647198677063
YNL267W,YDR496C,0,0.093871534,0.09629545360803604,0.9872241616249084,0.9264808297157288
YLR107W,YHR082C,0,0.092009515,0.09628454595804214,0.9872241616249084,0.926596999168396
YBR081C,YGR113W,0,0.091926366,0.09627364575862885,0.9872241616249084,0.9267131090164185
YOR168W,YLR145W,0,0.09171802,0.09626273810863495,0.9872241616249084,0.9268292784690857
YNL232W,YNR028W,0,0.09168637,0.09625183790922165,0.9872241616249084,0.9269453883171082
YOR180C,YCL034W,0,0.09022093,0.09624094516038895,0.9872241616249084,0.9270615577697754
YNL307C,YOR311C,0,0.090191245,0.09623004496097565,0.9872241616249084,0.9271777272224426
YGL051W,YBR061C,0,0.09011477,0.09621915221214294,0.9872241616249084,0.9272938370704651
YGR145W,YDL039C,0,0.08943224,0.09620825946331024,0.9872241616249084,0.9274100065231323
YDL215C,YKL097W-A,0,0.0889962,0.09619737416505814,0.9872241616249084,0.9275261163711548
YDL140C,YGL051W,0,0.08725977,0.09618648886680603,0.9872241616249084,0.927642285823822
YDR527W,YBL085W,0,0.08284283,0.09617560356855392,0.9872241616249084,0.9277583956718445
YDR373W,YOR338W,0,0.08103174,0.09616472572088242,0.9872241616249084,0.9278745651245117
YML112W,YPL167C,0,0.08081457,0.09615384787321091,0.9872241616249084,0.927990734577179
YKR035W-A,YDR151C,0,0.07710391,0.0961429700255394,0.9872241616249084,0.9281068444252014
YBL058W,YBR281C,0,0.07610434,0.09613209962844849,0.9872241616249084,0.9282230138778687
YCR060W,YLR129W,0,0.07302573,0.09612122923135757,0.9872241616249084,0.9283391237258911
YOR298W,YNR044W,0,0.07218069,0.09611035883426666,0.9872241616249084,0.9284552931785583
YER049W,YLR386W,0,0.07094467,0.09609948843717575,0.9872241616249084,0.9285714030265808
YDR419W,YEL036C,0,0.06929314,0.09608862549066544,0.9872241616249084,0.928687572479248
YLR080W,YNR002C,0,0.06908387,0.09607776999473572,0.9872241616249084,0.9288037419319153
YOR274W,YLR009W,0,0.06880331,0.0960669070482254,0.9872241616249084,0.9289198517799377
YDL128W,YCR097WB,0,0.06841719,0.09605605155229568,0.9872241616249084,0.929036021232605
YLR005W,YLR164W,0,0.06476343,0.09604519605636597,0.9872241616249084,0.9291521310806274
YKR057W,YML109W,0,0.06419337,0.09603434801101685,0.9872241616249084,0.9292683005332947
YIL080W,YGR271W,0,0.06260356,0.09602349996566772,0.9872241616249084,0.9293844103813171
YER168C,YBR276C,0,0.06254548,0.0960126519203186,0.9872241616249084,0.9295005798339844
YMR168C,YGR252W,0,0.06233418,0.09600180387496948,0.9872241616249084,0.9296167492866516
YPL083C,YPL011C,0,0.06045556,0.09599096328020096,0.9872241616249084,0.9297328591346741
YMR123W,YDR392W,0,0.05916488,0.09598013013601303,0.9872241616249084,0.9298490285873413
YMR032W,YLR285W,0,0.058888018,0.0959692895412445,0.9872241616249084,0.9299651384353638
YDR499W,YDR364C,0,0.05828035,0.09595845639705658,0.9872241616249084,0.930081307888031
YDL179W,YMR032W,0,0.057688206,0.09594762325286865,0.9872241616249084,0.9301974177360535
YEL069C,YBR282W,0,0.05629474,0.09593679755926132,0.9872241616249084,0.9303135871887207
YNR057C,YKR102W,0,0.05595863,0.0959259644150734,0.9872241616249084,0.9304297566413879
YJR021C,YCL032W,0,0.055882066,0.09591514617204666,0.9872241616249084,0.9305458664894104
YOR168W,YGL241W,0,0.05476278,0.09590432047843933,0.9872241616249084,0.9306620359420776
YNL282W,YNR015W,0,0.054060727,0.0958935022354126,0.9872241616249084,0.9307781457901001
YDR351W,YBR173C,0,0.053439975,0.09588268399238586,0.9872241616249084,0.9308943152427673
YNL078W,YOR351C,0,0.053251058,0.09587187319993973,0.9872241616249084,0.9310104250907898
YBR196C,YPL147W,0,0.05298221,0.095861054956913,0.9872241616249084,0.931126594543457
YPL151C,YLR103C,0,0.052321613,0.09585025161504745,0.9872241616249084,0.9312427639961243
YLR160C,YCR002C,0,0.05006194,0.09583944082260132,0.9872241616249084,0.9313588738441467
YBR111W-A,YKL201C,0,0.049346983,0.09582863748073578,0.9872241616249084,0.931475043296814
YNL271C,YNL163C,0,0.04776442,0.09581783413887024,0.9872241616249084,0.9315911531448364
YJL004C,YMR272C,0,0.04462856,0.0958070307970047,0.9872241616249084,0.9317073225975037
YJL178C,YMR180C,0,0.044157982,0.09579623490571976,0.9872241616249084,0.9318234324455261
YMR019W,YCL008C,0,0.040111125,0.09578543901443481,0.9872241616249084,0.9319396018981934
YOR123C,YBR074W,0,0.038666278,0.09577465057373047,0.9872241616249084,0.9320557713508606
YBR129C,YLR016C,0,0.038182914,0.09576385468244553,0.9872241616249084,0.9321718811988831
YML058W-A,YNL258C,0,0.035556257,0.09575306624174118,0.9872241616249084,0.9322880506515503
YMR061W,YMR137C,0,0.034629643,0.09574228525161743,0.9872241616249084,0.9324041604995728
YJR032W,YER115C,0,0.03363496,0.09573150426149368,0.9872241616249084,0.93252032995224
YJL112W,YNR035C,1,0.031227201,0.09583333134651184,0.9883856177330017,0.93252032995224
YOR378W,YLR264W,0,0.031153738,0.0958225429058075,0.9883856177330017,0.9326364398002625
YDR034C,YLR088W,0,0.03072989,0.09581175446510315,0.9883856177330017,0.9327526092529297
YFL011W-A,YMR240C,0,0.030294836,0.0958009660243988,0.9883856177330017,0.9328687787055969
YJR057W,YOR025W,0,0.029665262,0.09579018503427505,0.9883856177330017,0.9329848885536194
YHR030C,YFR013W,0,0.02893275,0.0957794040441513,0.9883856177330017,0.9331010580062866
YMR241W,YDL198C,1,0.028333545,0.09588116407394409,0.9895470142364502,0.9331010580062866
YGR081C,YOR304W,0,0.026410133,0.09587037563323975,0.9895470142364502,0.9332171678543091
YDR453C,YGL004C,0,0.022763371,0.0958595871925354,0.9895470142364502,0.9333333373069763
YOR243C,YDL227C,0,0.022228122,0.09584879875183105,0.9895470142364502,0.9334495067596436
YOL112W,YLR213C,0,0.019253701,0.0958380177617073,0.9895470142364502,0.933565616607666
YOR323C,YJL006C,0,0.018538892,0.09582724422216415,0.9895470142364502,0.9336817860603333
YML097C,YMR239C,0,0.018424869,0.0958164632320404,0.9895470142364502,0.9337978959083557
YOR126C,YMR172W,0,0.01838243,0.09580568969249725,0.9895470142364502,0.933914065361023
YLR024C,YCR097WB,0,0.018246114,0.0957949161529541,0.9895470142364502,0.9340301752090454
YLL003W,YMR308C,0,0.013446927,0.09578415006399155,0.9895470142364502,0.9341463446617126
YIR011C,YLR165C,0,0.008571178,0.09577338397502899,0.9895470142364502,0.9342625141143799
YBR278W,YKL161C,0,0.0074466467,0.09576261788606644,0.9895470142364502,0.9343786239624023
YHR077C,YLR088W,0,0.005093038,0.09575185179710388,0.9895470142364502,0.9344947934150696
YOR243C,YBR093C,0,-0.00013673306,0.09574109315872192,0.9895470142364502,0.934610903263092
YBL005W-B,YNL175C,0,-0.00034087896,0.09573033452033997,0.9895470142364502,0.9347270727157593
YMR200W,YKL094W,0,-0.0005275309,0.0957195833325386,0.9895470142364502,0.9348431825637817
YNL127W,YHR004C,0,-0.0012560487,0.09570883214473724,0.9895470142364502,0.934959352016449
YER019C-A,YOR162C,0,-0.0017743707,0.09569808095693588,0.9895470142364502,0.9350755214691162
YER162C,YDL022W,0,-0.0025914311,0.09568732976913452,0.9895470142364502,0.9351916313171387
YHR077C,YLR016C,0,-0.0031049848,0.09567658603191376,0.9895470142364502,0.9353078007698059
YIL139C,YOR294W,0,-0.004794836,0.095665842294693,0.9895470142364502,0.9354239106178284
YAL063C,YOR180C,0,-0.004940212,0.09565510600805283,0.9895470142364502,0.9355400800704956
YOR304W,YLR350W,0,-0.0060210824,0.09564436227083206,0.9895470142364502,0.9356561899185181
YJL030W,YPL167C,0,-0.0073785186,0.0956336259841919,0.9895470142364502,0.9357723593711853
YHR012W,YJR036C,0,-0.012781024,0.09562289714813232,0.9895470142364502,0.9358885288238525
YBR020W,YDR172W,0,-0.015866518,0.09561216831207275,0.9895470142364502,0.936004638671875
YNL032W,YKL166C,0,-0.016984612,0.09560143947601318,0.9895470142364502,0.9361208081245422
YGR177C,YMR061W,0,-0.020212889,0.09559071063995361,0.9895470142364502,0.9362369179725647
YMR032W,YDR449C,0,-0.020351112,0.09557998925447464,0.9895470142364502,0.9363530874252319
YLR285W,YMR186W,0,-0.020483732,0.09556926786899567,0.9895470142364502,0.9364691972732544
YOR243C,YLR383W,0,-0.023725808,0.0955585464835167,0.9895470142364502,0.9365853667259216
YPR030W,YGR089W,0,-0.024492145,0.09554783254861832,0.9895470142364502,0.9367015361785889
YOR106W,YER162C,0,-0.027930439,0.09553711861371994,0.9895470142364502,0.9368176460266113
YER138C,YNL298W,0,-0.030378371,0.09552640467882156,0.9895470142364502,0.9369338154792786
YMR013C,YFL057C,0,-0.033000886,0.09551569819450378,0.9895470142364502,0.937049925327301
YOR145C,YOL066C,0,-0.034746736,0.095504991710186,0.9895470142364502,0.9371660947799683
YER175C,YMR020W,0,-0.0368782,0.09549428522586823,0.9895470142364502,0.9372822046279907
YJL192C,YAL040C,0,-0.040335268,0.09548357874155045,0.9895470142364502,0.937398374080658
YGL225W,YDL039C,0,-0.042060673,0.09547287970781326,0.9895470142364502,0.9375145435333252
YFL057C,YGR199W,0,-0.04215157,0.09546218812465668,0.9895470142364502,0.9376306533813477
YKL119C,YFR001W,0,-0.042601883,0.0954514890909195,0.9895470142364502,0.9377468228340149
YIL021W,YJL006C,0,-0.043569297,0.09544079750776291,0.9895470142364502,0.9378629326820374
YLL034C,YOL090W,0,-0.046010375,0.09543010592460632,0.9895470142364502,0.9379791021347046
YPL122C,YEL070W,0,-0.047546238,0.09541942179203033,0.9895470142364502,0.938095211982727
YLL029W,YDR285W,0,-0.048217893,0.09540873765945435,0.9895470142364502,0.9382113814353943
YPR171W,YGR185C,0,-0.04935348,0.09539805352687836,0.9895470142364502,0.9383275508880615
YPL151C,YBR095C,0,-0.05022794,0.09538736939430237,0.9895470142364502,0.938443660736084
YCR030C,YGR052W,0,-0.05095762,0.09537669271230698,0.9895470142364502,0.9385598301887512
YCR060W,YEL031W,0,-0.05136165,0.09536601603031158,0.9895470142364502,0.9386759400367737
YDR076W,YPL129W,0,-0.051375538,0.09535534679889679,0.9895470142364502,0.9387921094894409
YOL141W,YDR174W,0,-0.052387893,0.0953446701169014,0.9895470142364502,0.9389082193374634
YMR115W,YHL027W,0,-0.05296123,0.0953340083360672,0.9895470142364502,0.9390243887901306
YLR285W,YDR403W,0,-0.053425014,0.0953233391046524,0.9895470142364502,0.9391405582427979
YEL031W,YCR026C,0,-0.05419749,0.0953126773238182,0.9895470142364502,0.9392566680908203
YGL180W,YKL206C,0,-0.05555439,0.09530201554298401,0.9895470142364502,0.9393728375434875
YDR263C,YPL007C,0,-0.05574578,0.09529135376214981,0.9895470142364502,0.93948894739151
YMR077C,YIL079C,0,-0.05765724,0.09528069943189621,0.9895470142364502,0.9396051168441772
YCL008C,YGR089W,0,-0.057991922,0.09527004510164261,0.9895470142364502,0.9397212266921997
YAL033W,YNR010W,0,-0.058000416,0.09525939077138901,0.9895470142364502,0.9398373961448669
YOR301W,YNL298W,0,-0.058321536,0.095248743891716,0.9895470142364502,0.9399535655975342
YMR182C,YMR276W,0,-0.05887103,0.095238097012043,0.9895470142364502,0.9400696754455566
YML071C,YBL085W,0,-0.05958575,0.09522745013237,0.9895470142364502,0.9401858448982239
YOR261C,YLR151C,0,-0.0639514,0.09521681070327759,0.9895470142364502,0.9403019547462463
YHR209W,YCL004W,0,-0.06641197,0.09520617127418518,0.9895470142364502,0.9404181241989136
YPL119C,YIR038C,0,-0.067671835,0.09519553184509277,0.9895470142364502,0.940534234046936
YHR119W,YMR270C,0,-0.06859505,0.09518489241600037,0.9895470142364502,0.9406504034996033
YFR021W,YOR138C,0,-0.06972653,0.09517426043748856,0.9895470142364502,0.9407665729522705
YCL024W,YGR229C,0,-0.07052916,0.09516363590955734,0.9895470142364502,0.940882682800293
YBR081C,YNL314W,0,-0.07128784,0.09515300393104553,0.9895470142364502,0.9409988522529602
YNL153C,YGL241W,0,-0.07182777,0.09514237940311432,0.9895470142364502,0.9411149621009827
YGR252W,YFL023W,0,-0.0729616,0.0951317548751831,0.9895470142364502,0.9412311315536499
YDR167W,YKL022C,0,-0.07463366,0.09512113779783249,0.9895470142364502,0.9413472414016724
YER049W,YDL083C,0,-0.07924771,0.09511051326990128,0.9895470142364502,0.9414634108543396
YOL112W,YKR101W,0,-0.08240953,0.09509989619255066,0.9895470142364502,0.9415795803070068
YMR077C,YDR211W,0,-0.083799034,0.09508928656578064,0.9895470142364502,0.9416956901550293
YLR103C,YMR240C,0,-0.084941864,0.09507867693901062,0.9895470142364502,0.9418118596076965
YNL172W,YML112W,0,-0.08606887,0.0950680673122406,0.9895470142364502,0.941927969455719
YJR092W,YNL110C,0,-0.08614713,0.09505745768547058,0.9895470142364502,0.9420441389083862
YGR229C,YNR013C,0,-0.08681998,0.09504685550928116,0.9895470142364502,0.9421603083610535
YPL002C,YDR498C,0,-0.08721402,0.09503625333309174,0.9895470142364502,0.9422764182090759
YGR180C,YLL012W,0,-0.088207066,0.09502565115690231,0.9895470142364502,0.9423925876617432
YCL036W,YNL273W,0,-0.08825898,0.09501505643129349,0.9895470142364502,0.9425086975097656
YJR055W,YBL026W,0,-0.0900006,0.09500446170568466,0.9895470142364502,0.9426248669624329
YMR137C,YOR123C,0,-0.09052858,0.09499386698007584,0.9895470142364502,0.9427409768104553
YPL196W,YKR101W,0,-0.09306282,0.09498327970504761,0.9895470142364502,0.9428571462631226
YOL066C,YGL050W,0,-0.09384379,0.09497269243001938,0.9895470142364502,0.9429733157157898
YOR283W,YER138C,0,-0.09477508,0.09496210515499115,0.9895470142364502,0.9430894255638123
YOL070C,YBL079W,0,-0.09636557,0.09495151787996292,0.9895470142364502,0.9432055950164795
YOR074C,YEL022W,0,-0.09890431,0.09494093805551529,0.9895470142364502,0.943321704864502
YPR171W,YER087W,0,-0.09898198,0.09493036568164825,0.9895470142364502,0.9434378743171692
YNL271C,YLR440C,0,-0.10059148,0.09491978585720062,0.9895470142364502,0.9435539841651917
YOR138C,YDR170C,0,-0.10218537,0.09490921348333359,0.9895470142364502,0.9436701536178589
YJL060W,YOR351C,0,-0.104400516,0.09489864110946655,0.9895470142364502,0.9437863230705261
YKL097W-A,YMR272C,0,-0.10543913,0.09488806873559952,0.9895470142364502,0.9439024329185486
YJL030W,YPR200C,0,-0.10630214,0.09487750381231308,0.9895470142364502,0.9440186023712158
YKL090W,YBR061C,0,-0.10645908,0.09486693888902664,0.9895470142364502,0.9441347122192383
YPL223C,YOR215C,0,-0.10779506,0.0948563814163208,0.9895470142364502,0.9442508816719055
YDR082W,YPR194C,0,-0.11085236,0.09484581649303436,0.9895470142364502,0.944366991519928
YPL129W,YJL176C,0,-0.112390935,0.09483525902032852,0.9895470142364502,0.9444831609725952
YPL223C,YNL084C,0,-0.11466861,0.09482470899820328,0.9895470142364502,0.9445993304252625
YLL029W,YKR056W,0,-0.11524063,0.09481415897607803,0.9895470142364502,0.9447154402732849
YDR137W,YER101C,0,-0.115347266,0.09480360150337219,0.9895470142364502,0.9448316097259521
YNL027W,YMR136W,0,-0.11622161,0.09479305893182755,0.9895470142364502,0.9449477195739746
YKL205W,YLL033W,0,-0.11715382,0.0947825089097023,0.9895470142364502,0.9450638890266418
YLL004W,YLR380W,0,-0.11927694,0.09477196633815765,0.9895470142364502,0.9451799988746643
YNL032W,YNL078W,0,-0.12210518,0.0947614312171936,0.9895470142364502,0.9452961683273315
YBR155W,YML099C,0,-0.124394655,0.09475088864564896,0.9895470142364502,0.9454123377799988
YOL004W,YPR159W,0,-0.1259464,0.0947403535246849,0.9895470142364502,0.9455284476280212
YOL070C,YOR304W,0,-0.12874526,0.09472981840372086,0.9895470142364502,0.9456446170806885
YDR030C,YLR309C,0,-0.13123006,0.0947192907333374,0.9895470142364502,0.9457607269287109
YBR182C,YPR001W,0,-0.13151449,0.09470876306295395,0.9895470142364502,0.9458768963813782
YLR383W,YOR353C,0,-0.13211548,0.0946982353925705,0.9895470142364502,0.9459930062294006
YHR211W,YGR276C,0,-0.13500983,0.09468770772218704,0.9895470142364502,0.9461091756820679
YLR344W,YDL083C,0,-0.1409769,0.09467718750238419,0.9895470142364502,0.9462253451347351
YKL022C,YER104W,0,-0.14310765,0.09466666728258133,0.9895470142364502,0.9463414549827576
YLL033W,YNL175C,0,-0.14319676,0.09465614706277847,0.9895470142364502,0.9464576244354248
YJR127C,YLR329W,0,-0.14422983,0.09464563429355621,0.9895470142364502,0.9465737342834473
YMR123W,YFR031C,0,-0.14451462,0.09463512152433395,0.9895470142364502,0.9466899037361145
YLR103C,YKL205W,0,-0.14465517,0.0946246087551117,0.9895470142364502,0.946806013584137
YJL024C,YIL170W,0,-0.14654297,0.09461410343647003,0.9895470142364502,0.9469221830368042
YDR499W,YIR038C,0,-0.14673394,0.09460359811782837,0.9895470142364502,0.9470383524894714
YNR003C,YBL079W,0,-0.15301818,0.0945930927991867,0.9895470142364502,0.9471544623374939
YGL122C,YDR245W,0,-0.15333766,0.09458259493112564,0.9895470142364502,0.9472706317901611
YIR011C,YKR055W,0,-0.15444696,0.09457209706306458,0.9895470142364502,0.9473867416381836
YDR499W,YLR321C,0,-0.15771753,0.09456159919500351,0.9895470142364502,0.9475029110908508
YNL085W,YMR276W,0,-0.16083837,0.09455110132694244,0.9895470142364502,0.9476190209388733
YIL061C,YBR223C,0,-0.16181022,0.09454061090946198,0.9895470142364502,0.9477351903915405
YNR035C,YDR470C,1,-0.1632033,0.0946410745382309,0.9907084703445435,0.9477351903915405
YOL010W,YMR078C,0,-0.16722184,0.09463057667016983,0.9907084703445435,0.9478513598442078
YGR251W,YHR060W,0,-0.1724304,0.09462007880210876,0.9907084703445435,0.9479674696922302
YGL094C,YMR308C,0,-0.17291677,0.0946095809340477,0.9907084703445435,0.9480836391448975
YLR033W,YMR229C,0,-0.1731959,0.09459909051656723,0.9907084703445435,0.9481997489929199
YNL006W,YBR276C,0,-0.17479843,0.09458860009908676,0.9907084703445435,0.9483159184455872
YLR182W,YMR115W,0,-0.17524642,0.09457810968160629,0.9907084703445435,0.9484320282936096
YLR270W,YGL046W,0,-0.17688417,0.09456762671470642,0.9907084703445435,0.9485481977462769
YKR068C,YMR115W,0,-0.17758662,0.09455714374780655,0.9907084703445435,0.9486643671989441
YBR247C,YLL045C,0,-0.18163985,0.09454666078090668,0.9907084703445435,0.9487804770469666
YGR081C,YMR097C,0,-0.18374074,0.0945361852645874,0.9907084703445435,0.9488966464996338
YDR473C,YNL182C,0,-0.18482292,0.09452570974826813,0.9907084703445435,0.9490127563476562
YMR039C,YOL101C,0,-0.18489695,0.09451523423194885,0.9907084703445435,0.9491289258003235
YHR056C,YGR169C,0,-0.18504405,0.09450476616621017,0.9907084703445435,0.949245035648346
YIR038C,YML006C,0,-0.18629044,0.0944942981004715,0.9907084703445435,0.9493612051010132
YIL143C,YDL045C,0,-0.18658704,0.09448383003473282,0.9907084703445435,0.9494773745536804
YNL085W,YPL129W,0,-0.1900711,0.09447336196899414,0.9907084703445435,0.9495934844017029
YBR257W,YGL163C,0,-0.19048637,0.09446290135383606,0.9907084703445435,0.9497096538543701
YBR172C,YNR003C,0,-0.19268727,0.09445244073867798,0.9907084703445435,0.9498257637023926
YBR125C,YGR169C,0,-0.19425803,0.0944419875741005,0.9907084703445435,0.9499419331550598
YOR279C,YJR031C,0,-0.19675916,0.09443152695894241,0.9907084703445435,0.9500580430030823
YIL061C,YJL082W,0,-0.19777352,0.09442107379436493,0.9907084703445435,0.9501742124557495
YGR264C,YJR070C,0,-0.19955736,0.09441062808036804,0.9907084703445435,0.9502903819084167
YMR169C,YKL175W,0,-0.20547551,0.09440017491579056,0.9907084703445435,0.9504064917564392
YHR056C,YMR020W,0,-0.20594507,0.09438972920179367,0.9907084703445435,0.9505226612091064
YMR020W,YNR002C,0,-0.20763928,0.09437929093837738,0.9907084703445435,0.9506387710571289
YIL002C,YLR145W,0,-0.21060973,0.0943688452243805,0.9907084703445435,0.9507549405097961
YNL008C,YOR194C,0,-0.21239036,0.0943584069609642,0.9907084703445435,0.9508710503578186
YNL231C,YJL005W,0,-0.21625173,0.09434796869754791,0.9907084703445435,0.9509872198104858
YGR288W,YNL202W,0,-0.2163865,0.09433753788471222,0.9907084703445435,0.9511033892631531
YJR107W,YER162C,0,-0.21770853,0.09432710707187653,0.9907084703445435,0.9512194991111755
YLL008W,YBL034C,0,-0.21879351,0.09431667625904083,0.9907084703445435,0.9513356685638428
YOR323C,YDR281C,0,-0.21918178,0.09430624544620514,0.9907084703445435,0.9514517784118652
YER098W,YKL171W,0,-0.21932751,0.09429582208395004,0.9907084703445435,0.9515679478645325
YDL036C,YGL113W,0,-0.21938962,0.09428539872169495,0.9907084703445435,0.9516841173171997
YAL017W,YDR151C,0,-0.22140986,0.09427497535943985,0.9907084703445435,0.9518002271652222
YOR304W,YFR033C,0,-0.22159791,0.09426455944776535,0.9907084703445435,0.9519163966178894
YER185W,YDR281C,0,-0.22616535,0.09425414353609085,0.9907084703445435,0.9520325064659119
YER117W,YLR344W,0,-0.22634846,0.09424372762441635,0.9907084703445435,0.9521486759185791
YJL024C,YGL113W,0,-0.22716033,0.09423331916332245,0.9907084703445435,0.9522647857666016
YOL082W,YKL094W,0,-0.22830504,0.09422291070222855,0.9907084703445435,0.9523809552192688
YJL187C,YGL259W,0,-0.22990161,0.09421250224113464,0.9907084703445435,0.952497124671936
YGR281W,YNL117W,0,-0.2302047,0.09420210123062134,0.9907084703445435,0.9526132345199585
YJL085W,YJR112W,0,-0.23396355,0.09419169276952744,0.9907084703445435,0.9527294039726257
YDL036C,YGR175C,0,-0.24095207,0.09418129920959473,0.9907084703445435,0.9528455138206482
YLL029W,YIL002C,0,-0.24225086,0.09417089819908142,0.9907084703445435,0.9529616832733154
YDR285W,YCL057W,0,-0.24280125,0.09416050463914871,0.9907084703445435,0.9530777931213379
YGR251W,YLL003W,0,-0.24389952,0.094150111079216,0.9907084703445435,0.9531939625740051
YGR010W,YBR052C,0,-0.24594975,0.0941397175192833,0.9907084703445435,0.9533101320266724
YOL070C,YKR028W,0,-0.24881732,0.09412933140993118,0.9907084703445435,0.9534262418746948
YMR169C,YPL096W,0,-0.2518074,0.09411894530057907,0.9907084703445435,0.9535424113273621
YDR205W,YHL027W,0,-0.25256222,0.09410855919122696,0.9907084703445435,0.9536585211753845
YDR167W,YLR325C,0,-0.25318444,0.09409818053245544,0.9907084703445435,0.9537746906280518
YIL142W,YEL053C,0,-0.2552483,0.09408780187368393,0.9907084703445435,0.9538908004760742
YDL208W,YPR163C,0,-0.25615662,0.09407742321491241,0.9907084703445435,0.9540069699287415
YKL001C,YER052C,0,-0.25616807,0.0940670520067215,0.9907084703445435,0.9541231393814087
YKL078W,YOL052C,0,-0.2582975,0.09405667334794998,0.9907084703445435,0.9542392492294312
YGR199W,YML109W,0,-0.25903565,0.09404630959033966,0.9907084703445435,0.9543554186820984
YHR041C,YJL024C,0,-0.25985312,0.09403593838214874,0.9907084703445435,0.9544715285301208
YER168C,YOR313C,0,-0.25998116,0.09402557462453842,0.9907084703445435,0.9545876979827881
YOL090W,YNL262W,0,-0.26132733,0.0940152108669281,0.9907084703445435,0.9547038078308105
YBL068W,YJL176C,0,-0.26302135,0.09400484710931778,0.9907084703445435,0.9548199772834778
YGR221C,YJR130C,0,-0.26606262,0.09399449080228806,0.9907084703445435,0.954936146736145
YDR151C,YDR392W,0,-0.26631272,0.09398413449525833,0.9907084703445435,0.9550522565841675
YKL190W,YOL004W,0,-0.2682039,0.09397377818822861,0.9907084703445435,0.9551684260368347
YER171W,YFL023W,0,-0.27030855,0.09396342933177948,0.9907084703445435,0.9552845358848572
YER168C,YGL174W,0,-0.2711678,0.09395308047533035,0.9907084703445435,0.9554007053375244
YGR225W,YNL080C,0,-0.2748443,0.09394273161888123,0.9907084703445435,0.9555168151855469
YLR206W,YDL097C,0,-0.2775997,0.0939323827624321,0.9907084703445435,0.9556329846382141
YGL122C,YEL053C,0,-0.27972007,0.09392204135656357,0.9907084703445435,0.9557491540908813
YJR010W,YLR160C,0,-0.28083605,0.09391169995069504,0.9907084703445435,0.9558652639389038
YNR072W,YGL216W,0,-0.28369987,0.0939013659954071,0.9907084703445435,0.955981433391571
YJL187C,YOR216C,0,-0.2888199,0.09389103204011917,0.9907084703445435,0.9560975432395935
YNL271C,YLR264W,0,-0.29092413,0.09388069808483124,0.9907084703445435,0.9562137126922607
YJR006W,YPL087W,0,-0.29244262,0.0938703641295433,0.9907084703445435,0.9563298225402832
YER175C,YOR349W,0,-0.29380482,0.09386003762483597,0.9907084703445435,0.9564459919929504
YDR083W,YGL244W,0,-0.29398042,0.09384971112012863,0.9907084703445435,0.9565621614456177
YOR310C,YOR239W,0,-0.2946126,0.0938393846154213,0.9907084703445435,0.9566782712936401
YGR264C,YNL307C,0,-0.30562907,0.09382905811071396,0.9907084703445435,0.9567944407463074
YGL162W,YOR243C,0,-0.30630153,0.09381873905658722,0.9907084703445435,0.9569105505943298
YKL166C,YDL208W,0,-0.30795437,0.09380842745304108,0.9907084703445435,0.9570267200469971
YNL281W,YPL112C,0,-0.31220573,0.09379810839891434,0.9907084703445435,0.9571428298950195
YGL014W,YPR171W,0,-0.31425816,0.0937877967953682,0.9907084703445435,0.9572589993476868
YLR425W,YOR222W,0,-0.31673425,0.09377748519182205,0.9907084703445435,0.957375168800354
YMR005W,YPR002W,0,-0.3197385,0.09376717358827591,0.9907084703445435,0.9574912786483765
YLL029W,YHR056C,0,-0.32282335,0.09375686943531036,0.9907084703445435,0.9576074481010437
YEL069C,YDR034C,0,-0.32754123,0.09374656528234482,0.9907084703445435,0.9577235579490662
YOR274W,YDR369C,0,-0.33185953,0.09373626112937927,0.9907084703445435,0.9578397274017334
YBR170C,YOR230W,0,-0.3337462,0.09372596442699432,0.9907084703445435,0.9579558372497559
YHR074W,YOR292C,0,-0.33864665,0.09371566772460938,0.9907084703445435,0.9580720067024231
YMR020W,YKR068C,0,-0.34496456,0.09370537102222443,0.9907084703445435,0.9581881761550903
YBR195C,YJL030W,0,-0.3458554,0.09369508177042007,0.9907084703445435,0.9583042860031128
YDR414C,YKL082C,0,-0.35056078,0.09368478506803513,0.9907084703445435,0.95842045545578
YAL054C,YER162C,0,-0.35171664,0.09367450326681137,0.9907084703445435,0.9585365653038025
YIL002C,YIR005W,0,-0.35365838,0.09366421401500702,0.9907084703445435,0.9586527347564697
YER151C,YMR097C,0,-0.356152,0.09365393221378326,0.9907084703445435,0.9587688446044922
YNL223W,YMR160W,0,-0.3569193,0.09364365041255951,0.9907084703445435,0.9588850140571594
YDR414C,YDR281C,0,-0.35986626,0.09363336861133575,0.9907084703445435,0.9590011835098267
YKL217W,YDR138W,0,-0.36086792,0.0936230942606926,0.9907084703445435,0.9591172933578491
YDR378C,YPL011C,0,-0.363338,0.09361281991004944,0.9907084703445435,0.9592334628105164
YCR093W,YFR031C,0,-0.36362928,0.09360254555940628,0.9907084703445435,0.9593495726585388
YDR167W,YPR030W,0,-0.36621308,0.09359227865934372,0.9907084703445435,0.959465742111206
YLR080W,YLR350W,0,-0.36724454,0.09358200430870056,0.9907084703445435,0.9595818519592285
YLR129W,YLR103C,0,-0.36939496,0.0935717448592186,0.9907084703445435,0.9596980214118958
YGL122C,YFR001W,0,-0.37057352,0.09356147795915604,0.9907084703445435,0.959814190864563
YML109W,YBR074W,0,-0.374054,0.09355121850967407,0.9907084703445435,0.9599303007125854
YPR182W,YGR225W,0,-0.37588263,0.09354095906019211,0.9907084703445435,0.9600464701652527
YDR389W,YKL210W,0,-0.37684166,0.09353069961071014,0.9907084703445435,0.9601625800132751
YLL051C,YOL142W,0,-0.377423,0.09352044761180878,0.9907084703445435,0.9602787494659424
YAL033W,YNR015W,0,-0.37785906,0.09351019561290741,0.9907084703445435,0.9603949189186096
YDR211W,YDR195W,0,-0.3825248,0.09349994361400604,0.9907084703445435,0.9605110287666321
YEL036C,YMR180C,0,-0.38279217,0.09348969906568527,0.9907084703445435,0.9606271982192993
YDR144C,YOR323C,0,-0.3837306,0.0934794545173645,0.9907084703445435,0.9607433080673218
YJR101W,YPL011C,0,-0.38743794,0.09346920996904373,0.9907084703445435,0.960859477519989
YER125W,YER017C,1,-0.38756555,0.09356853365898132,0.9918699264526367,0.960859477519989
YML058W-A,YKL117W,0,-0.38794535,0.09355828166007996,0.9918699264526367,0.9609755873680115
YDR449C,YOL136C,0,-0.396231,0.09354803711175919,0.9918699264526367,0.9610917568206787
YBL058W,YDR137W,0,-0.39671212,0.09353778511285782,0.9918699264526367,0.961207926273346
YAL040C,YMR075W,0,-0.3978215,0.09352754056453705,0.9918699264526367,0.9613240361213684
YCR014C,YDR281C,0,-0.4021402,0.09351730346679688,0.9918699264526367,0.9614402055740356
YLR153C,YMR034C,0,-0.4029389,0.0935070589184761,0.9918699264526367,0.9615563154220581
YAL022C,YPL065W,0,-0.4038515,0.09349682182073593,0.9918699264526367,0.9616724848747253
YHR164C,YGR169C,0,-0.4047165,0.09348659217357635,0.9918699264526367,0.9617885947227478
YJR082C,YLR005W,0,-0.4059773,0.09347635507583618,0.9918699264526367,0.961904764175415
YPL127C,YKR102W,0,-0.40606064,0.0934661254286766,0.9918699264526367,0.9620209336280823
YNL267W,YOR275C,0,-0.41020298,0.09345589578151703,0.9918699264526367,0.9621370434761047
YLL004W,YDR211W,0,-0.41026193,0.09344567358493805,0.9918699264526367,0.962253212928772
YLL029W,YOR194C,0,-0.41195053,0.09343545138835907,0.9918699264526367,0.9623693227767944
YOL129W,YJL155C,0,-0.4171304,0.09342522919178009,0.9918699264526367,0.9624854922294617
YAL060W,YBR066C,0,-0.42420268,0.09341500699520111,0.9918699264526367,0.9626016020774841
YBR170C,YOL043C,0,-0.42640334,0.09340479224920273,0.9918699264526367,0.9627177715301514
YDR211W,YKR101W,0,-0.42836452,0.09339457750320435,0.9918699264526367,0.9628339409828186
YMR168C,YDR146C,0,-0.42873394,0.09338436275720596,0.9918699264526367,0.9629500508308411
YDL142C,YEL030W,1,-0.43728107,0.09348349273204803,0.99303138256073,0.9629500508308411
YGR229C,YDR081C,0,-0.43751907,0.09347327053546906,0.99303138256073,0.9630662202835083
YHR029C,YDR285W,0,-0.43759292,0.09346304833889008,0.99303138256073,0.9631823301315308
YML097C,YGL169W,0,-0.43791664,0.0934528335928917,0.99303138256073,0.963298499584198
YJL191W,YDR159W,0,-0.44090772,0.09344262629747391,0.99303138256073,0.9634146094322205
YJL117W,YPR060C,0,-0.44624335,0.09343241155147552,0.99303138256073,0.9635307788848877
YLR182W,YLL034C,0,-0.4499702,0.09342220425605774,0.99303138256073,0.9636469483375549
YFR013W,YDR403W,0,-0.4514386,0.09341199696063995,0.99303138256073,0.9637630581855774
YGR185C,YMR034C,0,-0.45491713,0.09340178966522217,0.99303138256073,0.9638792276382446
YAR002C-A,YDR281C,0,-0.45716643,0.09339158982038498,0.99303138256073,0.9639953374862671
YBR081C,YDR034C,0,-0.4647771,0.09338138997554779,0.99303138256073,0.9641115069389343
YGR288W,YNL172W,0,-0.46675974,0.0933711901307106,0.99303138256073,0.9642276167869568
YMR123W,YJR032W,0,-0.4723516,0.09336099773645401,0.99303138256073,0.964343786239624
YIL143C,YHR082C,0,-0.47462028,0.09335080534219742,0.99303138256073,0.9644599556922913
YDR369C,YER002W,0,-0.47521216,0.09334061294794083,0.99303138256073,0.9645760655403137
YKL130C,YKL144C,0,-0.4760912,0.09333042055368423,0.99303138256073,0.964692234992981
YLR145W,YOR313C,0,-0.4815423,0.09332023561000824,0.99303138256073,0.9648083448410034
YNL006W,YJL130C,0,-0.4829657,0.09331005066633224,0.99303138256073,0.9649245142936707
YOR323C,YLL033W,0,-0.4835534,0.09329986572265625,0.99303138256073,0.9650406241416931
YPL094C,YER074W,0,-0.49695522,0.09328968822956085,0.99303138256073,0.9651567935943604
YNL085W,YMR061W,0,-0.5010985,0.09327951073646545,0.99303138256073,0.9652729630470276
YJL087C,YBR010W,0,-0.5017024,0.09326933324337006,0.99303138256073,0.96538907289505
YOR327C,YFL023W,0,-0.5038046,0.09325916320085526,0.99303138256073,0.9655052423477173
YGL172W,YPR137W,0,-0.50599474,0.09324899315834045,0.99303138256073,0.9656213521957397
YLR105C,YJL095W,0,-0.5102115,0.09323882311582565,0.99303138256073,0.965737521648407
YDR383C,YML112W,0,-0.5103788,0.09322865307331085,0.99303138256073,0.9658536314964294
YMR093W,YDL208W,0,-0.5132056,0.09321849048137665,0.99303138256073,0.9659698009490967
YPL213W,YDR404C,0,-0.5144778,0.09320832788944244,0.99303138256073,0.9660859704017639
YCL008C,YGL174W,0,-0.5186838,0.09319816529750824,0.99303138256073,0.9662020802497864
YNL231C,YOR222W,0,-0.5190298,0.09318801015615463,0.99303138256073,0.9663182497024536
YLR330W,YAL031C,0,-0.5193806,0.09317785501480103,0.99303138256073,0.9664343595504761
YJL172W,YNL230C,0,-0.5201926,0.09316769987344742,0.99303138256073,0.9665505290031433
YJR119C,YGR185C,0,-0.52160114,0.09315755218267441,0.99303138256073,0.9666666388511658
YIL170W,YPR006C,0,-0.52895623,0.0931474044919014,0.99303138256073,0.966782808303833
YJL191W,YGR095C,0,-0.5340047,0.09313725680112839,0.99303138256073,0.9668989777565002
YPR144C,YKL082C,0,-0.5381101,0.09312710911035538,0.99303138256073,0.9670150876045227
YNL178W,YLL004W,0,-0.53875726,0.09311696887016296,0.99303138256073,0.9671312570571899
YBR059C,YKR101W,0,-0.53960025,0.09310682862997055,0.99303138256073,0.9672473669052124
YIL061C,YPR171W,0,-0.5418814,0.09309668838977814,0.99303138256073,0.9673635363578796
YBR278W,YGR070W,0,-0.54253185,0.09308655560016632,0.99303138256073,0.9674796462059021
YOR279C,YDL225W,0,-0.5443565,0.0930764228105545,0.99303138256073,0.9675958156585693
YMR049C,YML109W,0,-0.54486156,0.09306629002094269,0.99303138256073,0.9677119851112366
YDL029W,YJL112W,1,-0.5465607,0.09316499531269073,0.9941927790641785,0.9677119851112366
YNL163C,YIL035C,0,-0.5503621,0.09315486252307892,0.9941927790641785,0.967828094959259
YJL066C,YGR052W,0,-0.553288,0.0931447222828865,0.9941927790641785,0.9679442644119263
YJR036C,YIL135C,0,-0.5542882,0.09313458949327469,0.9941927790641785,0.9680603742599487
YEL040W,YKL172W,0,-0.5560389,0.09312445670366287,0.9941927790641785,0.968176543712616
YFR031C,YPR043W,0,-0.55639267,0.09311432391405106,0.9941927790641785,0.9682926535606384
YDL070W,YGR070W,0,-0.5633703,0.09310419857501984,0.9941927790641785,0.9684088230133057
YPR144C,YBR020W,0,-0.56391793,0.09309407323598862,0.9941927790641785,0.9685249924659729
YBR294W,YDR392W,0,-0.56485593,0.0930839478969574,0.9941927790641785,0.9686411023139954
YLR291C,YIL020C,0,-0.5697441,0.09307383000850677,0.9941927790641785,0.9687572717666626
YFR029W,YDR423C,0,-0.57394683,0.09306371212005615,0.9941927790641785,0.9688733816146851
YPR194C,YOR351C,0,-0.57819736,0.09305359423160553,0.9941927790641785,0.9689895510673523
YLR165C,YLR164W,0,-0.57898766,0.09304347634315491,0.9941927790641785,0.9691057205200195
YOL052C,YBR031W,0,-0.5802432,0.09303336590528488,0.9941927790641785,0.969221830368042
YDR034C,YGR020C,0,-0.5863127,0.09302325546741486,0.9941927790641785,0.9693379998207092
YMR077C,YPL223C,0,-0.5892286,0.09301314502954483,0.9941927790641785,0.9694541096687317
YNL107W,YPL011C,0,-0.5892356,0.0930030420422554,0.9941927790641785,0.9695702791213989
YKL020C,YDR229W,0,-0.5945144,0.09299293905496597,0.9941927790641785,0.9696863889694214
YNL085W,YJR092W,0,-0.59649056,0.09298283606767654,0.9941927790641785,0.9698025584220886
YMR033W,YKL074C,0,-0.6032502,0.09297274053096771,0.9941927790641785,0.9699187278747559
YOR377W,YGR179C,0,-0.607192,0.09296263754367828,0.9941927790641785,0.9700348377227783
YGR020C,YOR382W,0,-0.6085611,0.09295254945755005,0.9941927790641785,0.9701510071754456
YHR119W,YNR010W,0,-0.60936457,0.09294245392084122,0.9941927790641785,0.970267117023468
YJR036C,YJL085W,0,-0.6147496,0.09293236583471298,0.9941927790641785,0.9703832864761353
YIL076W,YDR151C,0,-0.62233466,0.09292227774858475,0.9941927790641785,0.9704993963241577
YGR095C,YNL298W,0,-0.6312596,0.09291218966245651,0.9941927790641785,0.970615565776825
YPR189W,YIL020C,0,-0.63559765,0.09290210902690887,0.9941927790641785,0.9707317352294922
YLL004W,YNL110C,0,-0.6381009,0.09289202094078064,0.9941927790641785,0.9708478450775146
YOR138C,YPL007C,0,-0.63970584,0.0928819477558136,0.9941927790641785,0.9709640145301819
YOL093W,YNL290W,0,-0.64117175,0.09287186712026596,0.9941927790641785,0.9710801243782043
YCL036W,YGR169C,0,-0.6444015,0.09286179393529892,0.9941927790641785,0.9711962938308716
YCL036W,YMR093W,0,-0.64589113,0.09285172075033188,0.9941927790641785,0.971312403678894
YOR038C,YIL159W,0,-0.65004104,0.09284164756536484,0.9941927790641785,0.9714285731315613
YOL112W,YLL061W,0,-0.6557339,0.0928315818309784,0.9941927790641785,0.9715447425842285
YLR329W,YAR027W,0,-0.65887874,0.09282151609659195,0.9941927790641785,0.971660852432251
YDR144C,YER168C,0,-0.66157216,0.0928114503622055,0.9941927790641785,0.9717770218849182
YDR072C,YOR349W,0,-0.66293925,0.09280138462781906,0.9941927790641785,0.9718931317329407
YGR258C,YKL074C,0,-0.670361,0.09279132634401321,0.9941927790641785,0.9720093011856079
YKR056W,YPL244C,0,-0.67239124,0.09278126806020737,0.9941927790641785,0.9721254110336304
YER162C,YBR095C,0,-0.67517596,0.09277121722698212,0.9941927790641785,0.9722415804862976
YPL064C,YGR169C,0,-0.6812839,0.09276115894317627,0.9941927790641785,0.9723577499389648
YMR049C,YOR145C,0,-0.68156165,0.09275110810995102,0.9941927790641785,0.9724738597869873
YLR187W,YER145C,0,-0.6817822,0.09274106472730637,0.9941927790641785,0.9725900292396545
YPR060C,YFL023W,0,-0.6825065,0.09273101389408112,0.9941927790641785,0.972706139087677
YFL057C,YER104W,0,-0.6853115,0.09272097051143646,0.9941927790641785,0.9728223085403442
YLR206W,YLL055W,0,-0.68564075,0.09271092712879181,0.9941927790641785,0.9729384183883667
YAL033W,YDR499W,0,-0.68631977,0.09270089119672775,0.9941927790641785,0.9730545878410339
YOR147W,YOR297C,1,-0.68909293,0.09279913455247879,0.9953542351722717,0.9730545878410339
YLR380W,YKR044W,0,-0.7034913,0.09278908371925354,0.9953542351722717,0.9731707572937012
YDR172W,YDL148C,0,-0.7051794,0.09277904033660889,0.9953542351722717,0.9732868671417236
YOL010W,YEL040W,0,-0.70997924,0.09276899695396423,0.9953542351722717,0.9734030365943909
YIL017W,YLR251W,0,-0.7145533,0.09275895357131958,0.9953542351722717,0.9735191464424133
YMR168C,YKL085W,0,-0.71865505,0.09274891763925552,0.9953542351722717,0.9736353158950806
YDR411C,YCR014C,0,-0.72629637,0.09273888170719147,0.9953542351722717,0.973751425743103
YPR072W,YGR264C,0,-0.72669476,0.09272884577512741,0.9953542351722717,0.9738675951957703
YBR274W,YGR155W,0,-0.72870976,0.09271881729364395,0.9953542351722717,0.9739837646484375
YMR025W,YKL064W,0,-0.7299934,0.0927087813615799,0.9953542351722717,0.97409987449646
YGR056W,YLR009W,0,-0.73015743,0.09269875288009644,0.9953542351722717,0.9742160439491272
YPR190C,YFL023W,0,-0.7341164,0.09268873184919357,0.9953542351722717,0.9743321537971497
YDR383C,YGL216W,0,-0.74578243,0.09267870336771011,0.9953542351722717,0.9744483232498169
YBL068W,YMR308C,0,-0.7595338,0.09266868233680725,0.9953542351722717,0.9745644330978394
YER185W,YGR285C,0,-0.7664233,0.09265866875648499,0.9953542351722717,0.9746806025505066
YLR394W,YPL065W,0,-0.76963466,0.09264864772558212,0.9953542351722717,0.9747967720031738
YGL183C,YBR072W,0,-0.7697641,0.09263863414525986,0.9953542351722717,0.9749128818511963
YIL021W,YDR211W,0,-0.770992,0.09262862056493759,0.9953542351722717,0.9750290513038635
YOL010W,YPL129W,0,-0.7740328,0.09261860698461533,0.9953542351722717,0.975145161151886
YKL041W,YJL176C,0,-0.7756224,0.09260860085487366,0.9953542351722717,0.9752613306045532
YDR137W,YDR076W,0,-0.7804665,0.09259859472513199,0.9953542351722717,0.9753774404525757
YHR030C,YLR383W,0,-0.7838823,0.09258858859539032,0.9953542351722717,0.9754936099052429
YPR189W,YDR449C,0,-0.78598076,0.09257858991622925,0.9953542351722717,0.9756097793579102
YDR460W,YBR026C,0,-0.7885272,0.09256859123706818,0.9953542351722717,0.9757258892059326
YPL200W,YCL008C,0,-0.7896957,0.0925585925579071,0.9953542351722717,0.9758420586585999
YDR530C,YDR226W,0,-0.79231066,0.09254859387874603,0.9953542351722717,0.9759581685066223
YPR137W,YLL004W,0,-0.79437536,0.09253860265016556,0.9953542351722717,0.9760743379592896
YNL314W,YPL093W,0,-0.79486626,0.09252861142158508,0.9953542351722717,0.976190447807312
YDR460W,YGL163C,0,-0.7971638,0.09251862019300461,0.9953542351722717,0.9763066172599792
YBR223C,YIR039C,0,-0.7985335,0.09250863641500473,0.9953542351722717,0.9764227867126465
YOL043C,YBL079W,0,-0.80130774,0.09249865263700485,0.9953542351722717,0.976538896560669
YDR263C,YKL124W,0,-0.8121285,0.09248866885900497,0.9953542351722717,0.9766550660133362
YBR202W,YPL082C,0,-0.82721466,0.0924786850810051,0.9953542351722717,0.9767711758613586
YDR059C,YKL064W,0,-0.83338183,0.09246870875358582,0.9953542351722717,0.9768873453140259
YPR144C,YCL024W,0,-0.8344349,0.09245873242616653,0.9953542351722717,0.9770034551620483
YFR031C,YDR453C,0,-0.8396866,0.09244875609874725,0.9953542351722717,0.9771196246147156
YDR144C,YGL169W,0,-0.84434694,0.09243878722190857,0.9953542351722717,0.9772357940673828
YDR064W,YGR118W,0,-0.84970516,0.09242881834506989,0.9953542351722717,0.9773519039154053
YJL004C,YKL201C,0,-0.8520375,0.0924188494682312,0.9953542351722717,0.9774680733680725
YKL009W,YGR214W,0,-0.86011165,0.09240888804197311,0.9953542351722717,0.977584183216095
YLR047C,YLR270W,0,-0.86012083,0.09239891916513443,0.9953542351722717,0.9777003526687622
YIR025W,YBR278W,0,-0.86435014,0.09238895773887634,0.9953542351722717,0.9778165221214294
YBL068W,YDR496C,0,-0.86919254,0.09237900376319885,0.9953542351722717,0.9779326319694519
YIR025W,YKL166C,0,-0.8739547,0.09236904233694077,0.9953542351722717,0.9780488014221191
YDR082W,YEL029C,0,-0.8804423,0.09235908836126328,0.9953542351722717,0.9781649112701416
YJR055W,YOR275C,0,-0.8868076,0.09234913438558578,0.9953542351722717,0.9782810807228088
YKR036C,YNR035C,1,-0.8909463,0.0924469381570816,0.996515691280365,0.9782810807228088
YPR194C,YMR180C,0,-0.894811,0.09243697673082352,0.996515691280365,0.9783971905708313
YKL009W,YDL083C,0,-0.89577156,0.09242701530456543,0.996515691280365,0.9785133600234985
YDR449C,YDR081C,0,-0.9003915,0.09241706132888794,0.996515691280365,0.9786295294761658
YOL145C,YOR168W,0,-0.9017263,0.09240710735321045,0.996515691280365,0.9787456393241882
YGL162W,YPR163C,0,-0.91566175,0.09239715337753296,0.996515691280365,0.9788618087768555
YCL036W,YKL175W,0,-0.92211527,0.09238720685243607,0.996515691280365,0.9789779186248779
YNL032W,YMR115W,0,-0.93591875,0.09237726032733917,0.996515691280365,0.9790940880775452
YOR297C,YPR125W,1,-0.9433927,0.09247496724128723,0.9976771473884583,0.9790940880775452
YIR025W,YDR453C,0,-0.94617575,0.09246501326560974,0.9976771473884583,0.9792101979255676
YDR034C,YLR329W,0,-0.94646233,0.09245506674051285,0.9976771473884583,0.9793263673782349
YOR212W,YOL093W,0,-0.9506454,0.09244511276483536,0.9976771473884583,0.9794425368309021
YKR057W,YOL028C,0,-0.95414585,0.09243516623973846,0.9976771473884583,0.9795586466789246
YOR145C,YDR461W,0,-0.9607374,0.09242521971464157,0.9976771473884583,0.9796748161315918
YJR070C,YGR214W,0,-0.96457165,0.09241528064012527,0.9976771473884583,0.9797909259796143
YEL037C,YOR162C,0,-0.96884996,0.09240533411502838,0.9976771473884583,0.9799070954322815
YOR301W,YOR340C,0,-0.97502726,0.09239539504051208,0.9976771473884583,0.980023205280304
YNL314W,YKL001C,0,-0.97605604,0.09238545596599579,0.9976771473884583,0.9801393747329712
YGR258C,YER115C,0,-0.98131794,0.09237552434206009,0.9976771473884583,0.9802555441856384
YNL274C,YMR250W,0,-0.9863464,0.09236559271812439,0.9976771473884583,0.9803716540336609
YER168C,YOR340C,0,-0.9876184,0.09235566109418869,0.9976771473884583,0.9804878234863281
YML080W,YBR074W,0,-0.99631804,0.09234572947025299,0.9976771473884583,0.9806039333343506
YDR369C,YKR101W,0,-0.99684554,0.09233580529689789,0.9976771473884583,0.9807201027870178
YMR194W,YKL205W,0,-1.006691,0.09232588112354279,0.9976771473884583,0.9808362126350403
YDR527W,YLR033W,0,-1.008028,0.09231595695018768,0.9976771473884583,0.9809523820877075
YPR002W,YBR287W,0,-1.009939,0.09230604022741318,0.9976771473884583,0.9810685515403748
YDR146C,YML052W,0,-1.0165956,0.09229612350463867,0.9976771473884583,0.9811846613883972
YDR530C,YBR128C,0,-1.0335035,0.09228620678186417,0.9976771473884583,0.9813008308410645
YDR082W,YLL051C,0,-1.0365167,0.09227629005908966,0.9976771473884583,0.9814169406890869
YIR011C,YDR076W,0,-1.0365939,0.09226638078689575,0.9976771473884583,0.9815331101417542
YJR032W,YPL188W,0,-1.0558896,0.09225647151470184,0.9976771473884583,0.9816492199897766
YMR123W,YLR103C,0,-1.0560169,0.09224656224250793,0.9976771473884583,0.9817653894424438
YDR512C,YIL143C,0,-1.0572438,0.09223666042089462,0.9976771473884583,0.9818815588951111
YOR216C,YBR257W,0,-1.0592723,0.09222675859928131,0.9976771473884583,0.9819976687431335
YMR013C,YOR145C,0,-1.0599723,0.092216856777668,0.9976771473884583,0.9821138381958008
YDR371W,YGL259W,0,-1.0612643,0.09220695495605469,0.9976771473884583,0.9822299480438232
YDR151C,YJL082W,0,-1.0685861,0.09219706058502197,0.9976771473884583,0.9823461174964905
YMR194W,YMR239C,0,-1.0817506,0.09218716621398926,0.9976771473884583,0.9824622273445129
YMR250W,YOR089C,0,-1.0817676,0.09217727184295654,0.9976771473884583,0.9825783967971802
YNL102W,YOR294W,0,-1.0840092,0.09216738492250443,0.9976771473884583,0.9826945662498474
YOL108C,YMR159C,0,-1.0907159,0.09215749055147171,0.9976771473884583,0.9828106760978699
YGL180W,YLL027W,0,-1.0910926,0.09214761108160019,0.9976771473884583,0.9829268455505371
YIL047C,YER104W,0,-1.1053023,0.09213772416114807,0.9976771473884583,0.9830429553985596
YDR172W,YGL148W,0,-1.1076684,0.09212784469127655,0.9976771473884583,0.9831591248512268
YJR036C,YEL041W,0,-1.1111264,0.09211796522140503,0.9976771473884583,0.9832752346992493
YJL117W,YDL035C,0,-1.1185105,0.09210808575153351,0.9976771473884583,0.9833914041519165
YGR169C,YDL197C,0,-1.1431036,0.09209820628166199,0.9976771473884583,0.9835075736045837
YHR069C,YMR227C,0,-1.154644,0.09208833426237106,0.9976771473884583,0.9836236834526062
YKR036C,YNL131W,1,-1.1573331,0.09218566119670868,0.9988385438919067,0.9836236834526062
YEL037C,YMR229C,0,-1.1581156,0.09217577427625656,0.9988385438919067,0.9837398529052734
YDR245W,YJL006C,0,-1.1710706,0.09216590225696564,0.9988385438919067,0.9838559627532959
YDR518W,YMR173W,0,-1.1749835,0.09215602278709412,0.9988385438919067,0.9839721322059631
YOR310C,YMR194W,0,-1.1777937,0.09214615076780319,0.9988385438919067,0.9840882420539856
YHR211W,YIR039C,0,-1.180891,0.09213627874851227,0.9988385438919067,0.9842044115066528
YIR011C,YKL130C,0,-1.1841369,0.09212640672922134,0.9988385438919067,0.9843205809593201
YBR128C,YLR330W,0,-1.1853881,0.09211653470993042,0.9988385438919067,0.9844366908073425
YDR083W,YKR055W,0,-1.1879859,0.09210667014122009,0.9988385438919067,0.9845528602600098
YBR172C,YER171W,0,-1.1903925,0.09209680557250977,0.9988385438919067,0.9846689701080322
YMR038C,YER165W,0,-1.2040291,0.09208694845438004,0.9988385438919067,0.9847851395606995
YMR169C,YNL006W,0,-1.2062399,0.0920770913362503,0.9988385438919067,0.9849012494087219
YLR183C,YDR449C,0,-1.2231779,0.09206722676753998,0.9988385438919067,0.9850174188613892
YGL094C,YNL175C,0,-1.2267385,0.09205737709999084,0.9988385438919067,0.9851335883140564
YOR206W,YDR429C,0,-1.2274644,0.09204751998186111,0.9988385438919067,0.9852496981620789
YNR006W,YOR194C,0,-1.2360783,0.09203767031431198,0.9988385438919067,0.9853658676147461
YOL124C,YML056C,0,-1.2875743,0.09202782064676285,0.9988385438919067,0.9854819774627686
YGR155W,YCR002C,0,-1.2882075,0.09201797842979431,0.9988385438919067,0.9855981469154358
YFR021W,YPL027W,0,-1.2931201,0.09200812876224518,0.9988385438919067,0.9857142567634583
YGR085C,YMR239C,0,-1.29375,0.09199828654527664,0.9988385438919067,0.9858304262161255
YBR006W,YDL128W,0,-1.2940352,0.0919884443283081,0.9988385438919067,0.9859465956687927
YOR206W,YPL122C,0,-1.3002789,0.09197860956192017,0.9988385438919067,0.9860627055168152
YDL208W,YGR027C,0,-1.3054225,0.09196877479553223,0.9988385438919067,0.9861788749694824
YKL144C,YML109W,0,-1.3056531,0.09195894002914429,0.9988385438919067,0.9862949848175049
YBR182C,YNL192W,0,-1.3073039,0.09194910526275635,0.9988385438919067,0.9864111542701721
YJL011C,YML080W,0,-1.3093042,0.091939277946949,0.9988385438919067,0.9865272641181946
YER103W,YJR130C,0,-1.3133945,0.09192945063114166,0.9988385438919067,0.9866434335708618
YOL093W,YER171W,0,-1.3263936,0.09191962331533432,0.9988385438919067,0.986759603023529
YDR285W,YIL135C,0,-1.3276424,0.09190980345010757,0.9988385438919067,0.9868757128715515
YMR269W,YKL166C,0,-1.3296301,0.09189997613430023,0.9988385438919067,0.9869918823242188
YEL022W,YKL078W,0,-1.333869,0.09189015626907349,0.9988385438919067,0.9871079921722412
YLR009W,YBL052C,0,-1.3345132,0.09188034385442734,0.9988385438919067,0.9872241616249084
YHR056C,YGL169W,0,-1.33814,0.09187052398920059,0.9988385438919067,0.9873403310775757
YGL172W,YOR353C,0,-1.3410006,0.09186071157455444,0.9988385438919067,0.9874564409255981
YLR401C,YER165W,0,-1.3410549,0.0918508991599083,0.9988385438919067,0.9875726103782654
YBR260C,YHR085W,0,-1.3434727,0.09184109419584274,0.9988385438919067,0.9876887202262878
YDR151C,YBL034C,0,-1.3445234,0.09183128923177719,0.9988385438919067,0.9878048896789551
YER117W,YOR243C,0,-1.3483617,0.09182148426771164,0.9988385438919067,0.9879209995269775
YCR093W,YGR271W,0,-1.3509047,0.09181167930364609,0.9988385438919067,0.9880371689796448
YEL069C,YJL155C,0,-1.3738322,0.09180188179016113,0.9988385438919067,0.988153338432312
YER150W,YOR393W,0,-1.3751101,0.09179207682609558,0.9988385438919067,0.9882694482803345
YHR179W,YDL227C,0,-1.3933825,0.09178228676319122,0.9988385438919067,0.9883856177330017
YCR052W,YKL144C,0,-1.3985522,0.09177248924970627,0.9988385438919067,0.9885017275810242
YBR247C,YIL133C,0,-1.3988032,0.09176269918680191,0.9988385438919067,0.9886178970336914
YBR095C,YDR496C,0,-1.4055004,0.09175290912389755,0.9988385438919067,0.9887340068817139
YMR093W,YOR098C,0,-1.433852,0.0917431190609932,0.9988385438919067,0.9888501763343811
YGR085C,YDR449C,0,-1.4419534,0.09173333644866943,0.9988385438919067,0.9889663457870483
YPL083C,YKL009W,0,-1.461246,0.09172354638576508,0.9988385438919067,0.9890824556350708
YMR179W,YOR194C,0,-1.4665318,0.09171377122402191,0.9988385438919067,0.989198625087738
YOL142W,YGL050W,0,-1.4695497,0.09170398861169815,0.9988385438919067,0.9893147349357605
YMR049C,YIL035C,0,-1.4733965,0.09169421344995499,0.9988385438919067,0.9894309043884277
YBR155W,YBR031W,0,-1.4743929,0.09168443828821182,0.9988385438919067,0.9895470142364502
YEL022W,YBR031W,0,-1.4950578,0.09167466312646866,0.9988385438919067,0.9896631836891174
YLL029W,YIR032C,0,-1.4974542,0.0916648879647255,0.9988385438919067,0.9897793531417847
YNL127W,YCR011C,0,-1.5098977,0.09165512025356293,0.9988385438919067,0.9898954629898071
YPL147W,YNL080C,0,-1.5326138,0.09164535254240036,0.9988385438919067,0.9900116324424744
YJR070C,YFL045C,0,-1.5335586,0.09163559228181839,0.9988385438919067,0.9901277422904968
YOR148C,YBR095C,0,-1.5440819,0.09162582457065582,0.9988385438919067,0.9902439117431641
YOR349W,YMR239C,0,-1.5454032,0.09161606431007385,0.9988385438919067,0.9903600215911865
YOR243C,YOR209C,0,-1.5473218,0.09160630404949188,0.9988385438919067,0.9904761910438538
YLR165C,YBR095C,0,-1.54917,0.09159655123949051,0.9988385438919067,0.990592360496521
YAL040C,YER002W,0,-1.5525389,0.09158679097890854,0.9988385438919067,0.9907084703445435
YDR030C,YLR206W,0,-1.5649555,0.09157703816890717,0.9988385438919067,0.9908246397972107
YNL102W,YNL232W,0,-1.5649648,0.09156729280948639,0.9988385438919067,0.9909407496452332
YLL019C,YLR329W,0,-1.5757902,0.09155753999948502,0.9988385438919067,0.9910569190979004
YOR206W,YOL124C,0,-1.5830629,0.09154779464006424,0.9988385438919067,0.9911730289459229
YMR123W,YHR085W,0,-1.5862536,0.09153804928064346,0.9988385438919067,0.9912891983985901
YLR029C,YFR001W,0,-1.588299,0.09152831137180328,0.9988385438919067,0.9914053678512573
YMR049C,YLR321C,0,-1.6014984,0.0915185734629631,0.9988385438919067,0.9915214776992798
YGR113W,YBL068W,0,-1.6223805,0.09150882810354233,0.9988385438919067,0.991637647151947
YDL061C,YPR163C,0,-1.6388845,0.09149909764528275,0.9988385438919067,0.9917537569999695
YER008C,YOR162C,0,-1.6435878,0.09148935973644257,0.9988385438919067,0.9918699264526367
YBR294W,YIR032C,0,-1.6473124,0.09147962927818298,0.9988385438919067,0.9919860363006592
YLR105C,YGR169C,0,-1.6587839,0.0914698988199234,0.9988385438919067,0.9921022057533264
YPL223C,YGR143W,0,-1.6715829,0.09146017581224442,0.9988385438919067,0.9922183752059937
YOL010W,YDR245W,0,-1.6800759,0.09145044535398483,0.9988385438919067,0.9923344850540161
YDL111C,YIL020C,0,-1.682121,0.09144072234630585,0.9988385438919067,0.9924506545066833
YDR423C,YBL068W,0,-1.6875751,0.09143099933862686,0.9988385438919067,0.9925667643547058
YNL302C,YIL133C,0,-1.7166064,0.09142128378152847,0.9988385438919067,0.992682933807373
YDR245W,YMR032W,0,-1.7672462,0.09141156822443008,0.9988385438919067,0.9927990436553955
YBR247C,YOR148C,0,-1.7755606,0.0914018526673317,0.9988385438919067,0.9929152131080627
YGL225W,YKL144C,0,-1.8045812,0.0913921371102333,0.9988385438919067,0.99303138256073
YJR021C,YGR070W,0,-1.8214595,0.09138242155313492,0.9988385438919067,0.9931474924087524
YKL009W,YNL163C,0,-1.8434279,0.09137271344661713,0.9988385438919067,0.9932636618614197
YPR144C,YFR036W,0,-1.8830884,0.09136300534009933,0.9988385438919067,0.9933797717094421
YMR020W,YDR369C,0,-1.8992054,0.09135330468416214,0.9988385438919067,0.9934959411621094
YLR383W,YMR115W,0,-1.9084489,0.09134360402822495,0.9988385438919067,0.9936120510101318
YBR031W,YNR003C,0,-1.9122584,0.09133390337228775,0.9988385438919067,0.9937282204627991
YPR182W,YGR258C,0,-1.9142892,0.09132420271635056,0.9988385438919067,0.9938443899154663
YPR144C,YJR092W,0,-1.9224515,0.09131450206041336,0.9988385438919067,0.9939604997634888
YFL014W,YLR270W,0,-1.9343324,0.09130480885505676,0.9988385438919067,0.994076669216156
YML080W,YNL182C,0,-1.9361694,0.09129511564970016,0.9988385438919067,0.9941927790641785
YOR106W,YLL034C,0,-1.9716768,0.09128542989492416,0.9988385438919067,0.9943089485168457
YDR059C,YGR258C,0,-2.013603,0.09127573668956757,0.9988385438919067,0.9944250583648682
YGL122C,YJL095W,0,-2.0149503,0.09126605093479156,0.9988385438919067,0.9945412278175354
YPL252C,YNL175C,0,-2.048752,0.09125636518001556,0.9988385438919067,0.9946573972702026
YLR197W,YGR034W,0,-2.056524,0.09124668687582016,0.9988385438919067,0.9947735071182251
YMR239C,YPR043W,0,-2.1272478,0.09123700112104416,0.9988385438919067,0.9948896765708923
YGL169W,YPL093W,0,-2.138796,0.09122732281684875,0.9988385438919067,0.9950057864189148
YGR144W,YDL142C,1,-2.144468,0.09132371842861176,1.0,0.9950057864189148
YGR145W,YDR211W,0,-2.17378,0.09131403267383575,1.0,0.995121955871582
YJR070C,YJR063W,0,-2.2101576,0.09130434691905975,1.0,0.9952380657196045
YOR243C,YGL014W,0,-2.213542,0.09129466861486435,1.0,0.9953542351722717
YGL122C,YOR382W,0,-2.2672815,0.09128499031066895,1.0,0.995470404624939
YMR180C,YFR052W,0,-2.279082,0.09127531200647354,1.0,0.9955865144729614
YLR129W,YER165W,0,-2.3180668,0.09126563370227814,1.0,0.9957026839256287
YLR129W,YDL225W,0,-2.3207185,0.09125596284866333,1.0,0.9958187937736511
YGR145W,YDL083C,0,-2.3316765,0.09124629199504852,1.0,0.9959349632263184
YDR245W,YMR239C,0,-2.3319542,0.09123662114143372,1.0,0.9960511326789856
YKR054C,YLR129W,0,-2.3925278,0.0912269577383995,1.0,0.9961672425270081
YJL011C,YBR247C,0,-2.4266498,0.0912172868847847,1.0,0.9962834119796753
YIL142W,YLL008W,0,-2.4669173,0.09120762348175049,1.0,0.9963995218276978
YML112W,YDR527W,0,-2.4717772,0.09119796752929688,1.0,0.996515691280365
YIL079C,YGL169W,0,-2.5270689,0.09118830412626266,1.0,0.9966318011283875
YLR009W,YDL074C,0,-2.5799942,0.09117864817380905,1.0,0.9967479705810547
YDR064W,YMR308C,0,-2.6047647,0.09116899967193604,1.0,0.9968641400337219
YGR285C,YFR001W,0,-2.6060388,0.09115934371948242,1.0,0.9969802498817444
YOL010W,YHR069C,0,-2.6276429,0.0911496952176094,1.0,0.9970964193344116
YGL180W,YKR101W,0,-2.6987603,0.09114004671573639,1.0,0.9972125291824341
YPR144C,YGL112C,0,-2.7470222,0.09113039821386337,1.0,0.9973286986351013
YOR206W,YGL148W,0,-2.7502506,0.09112075716257095,1.0,0.9974448084831238
YMR093W,YPL050C,0,-2.766854,0.09111110866069794,1.0,0.997560977935791
YER049W,YPL273W,0,-2.771862,0.09110146760940552,1.0,0.9976771473884583
YDR083W,YER115C,0,-2.8186162,0.0910918340086937,1.0,0.9977932572364807
YLR197W,YLR321C,0,-2.8550732,0.09108219295740128,1.0,0.997909426689148
YGR081C,YDR499W,0,-2.9245586,0.09107255935668945,1.0,0.9980255365371704
YBR247C,YPR060C,0,-2.9817002,0.09106293320655823,1.0,0.9981417059898376
YIL079C,YOR340C,0,-3.0134842,0.0910532996058464,1.0,0.9982578158378601
YPL223C,YKL064W,0,-3.0191388,0.09104367345571518,1.0,0.9983739852905273
YNL110C,YGR185C,0,-3.0539854,0.09103404730558395,1.0,0.9984901547431946
YHR085W,YPL093W,0,-3.129945,0.09102442115545273,1.0,0.998606264591217
YIL142W,YJR063W,0,-3.208803,0.0910148024559021,1.0,0.9987224340438843
YJR070C,YOR294W,0,-3.250642,0.09100517630577087,1.0,0.9988385438919067
YER117W,YBL068W,0,-3.2920997,0.09099555760622025,1.0,0.998954713344574
YGR145W,YMR229C,0,-3.3548074,0.09098594635725021,1.0,0.9990708231925964
YKL009W,YLR009W,0,-3.379566,0.09097632765769958,1.0,0.9991869926452637
YGR169C,YCL034W,0,-3.4456718,0.09096671640872955,1.0,0.9993031620979309
YER168C,YIL079C,0,-3.4887788,0.09095711261034012,1.0,0.9994192719459534
YLR009W,YNL110C,0,-3.8016222,0.09094750136137009,1.0,0.9995354413986206
YOR294W,YDR496C,0,-4.4083495,0.09093789756298065,1.0,0.9996515512466431
YNR003C,YOR340C,0,-4.6468396,0.09092829376459122,1.0,0.9997677206993103
YGR285C,YDR449C,0,-5.473764,0.09091868996620178,1.0,0.9998838305473328
YDR449C,YDR496C,0,-7.0377755,0.09090909361839294,1.0,1.0
