Gene A,Gene B,Label,Score,Precision,Recall,False Positive Rate
YOL008W,YER174C,0,0.9562721,0.0,0.0,0.00010014019790105522
YHR092C,YMR221C,0,0.81531227,0.0,0.0,0.00020028039580211043
YLR399C,YDL082W,0,0.72658426,0.0,0.0,0.00030042059370316565
YJR016C,YOR141C,0,0.72445047,0.0,0.0,0.00040056079160422087
YAL003W,YOL113W,0,0.71419346,0.0,0.0,0.0005007009604014456
YHR042W,YOL105C,0,0.70973504,0.0,0.0,0.0006008411874063313
YLR048W,YLR205C,0,0.7075558,0.0,0.0,0.0007009813562035561
YBR042C,YEL054C,0,0.7043569,0.0,0.0,0.0008011215832084417
YBR048W,YGR049W,0,0.70190156,0.0,0.0,0.0009012617520056665
YLR388W,YOR010C,0,0.6939067,0.0,0.0,0.0010014019208028913
YGR088W,YLR300W,0,0.69192374,0.0,0.0,0.001101542147807777
YPL195W,YLR136C,0,0.6862751,0.0,0.0,0.0012016823748126626
YLR143W,YGR195W,1,0.68580246,0.07692307978868484,0.0009861933067440987,0.0012016823748126626
YIL108W,YDL014W,0,0.6650046,0.0714285746216774,0.0009861933067440987,0.0013018226018175483
YBR012W-B,YDR225W,0,0.66471076,0.06666667014360428,0.0009861933067440987,0.0014019627124071121
YDR324C,YLL036C,0,0.65772706,0.0625,0.0009861933067440987,0.0015021029394119978
YLR099C,YIL010W,0,0.655739,0.05882352963089943,0.0009861933067440987,0.0016022431664168835
YIL084C,YDR218C,0,0.64982903,0.0555555559694767,0.0009861933067440987,0.0017023833934217691
YBL100W-B,YGR158C,1,0.64833796,0.10526315867900848,0.0019723866134881973,0.0017023833934217691
YML123C,YNR075W,0,0.64755404,0.10000000149011612,0.0019723866134881973,0.001802523504011333
YNL002C,YLR148W,0,0.6465175,0.095238097012043,0.0019723866134881973,0.0019026637310162187
YJR015W,YMR142C,0,0.643283,0.09090909361839294,0.0019723866134881973,0.0020028038416057825
YNL331C,YDR064W,0,0.6390851,0.08695652335882187,0.0019723866134881973,0.002102944068610668
YKL109W,YOL117W,0,0.6348536,0.0833333358168602,0.0019723866134881973,0.002203084295615554
YJL210W,YNR001C,0,0.6337442,0.07999999821186066,0.0019723866134881973,0.0023032245226204395
YGL245W,YDR147W,0,0.6323426,0.07692307978868484,0.0019723866134881973,0.002403364749625325
YDR074W,YJL051W,0,0.6318264,0.07407407462596893,0.0019723866134881973,0.002503504976630211
YOL133W,YLR197W,0,0.62587833,0.0714285746216774,0.0019723866134881973,0.0026036452036350965
YNL095C,YER001W,0,0.62485284,0.06896551698446274,0.0019723866134881973,0.0027037851978093386
YIL113W,YLR153C,0,0.6239897,0.06666667014360428,0.0019723866134881973,0.0028039254248142242
YOR239W,YLL029W,0,0.6209519,0.06451612710952759,0.0019723866134881973,0.00290406565181911
YPL256C,YMR173W,0,0.6189999,0.0625,0.0019723866134881973,0.0030042058788239956
YDL204W,YPL148C,0,0.61786145,0.06060606241226196,0.0019723866134881973,0.0031043461058288813
YKR055W,YBL074C,0,0.617717,0.05882352963089943,0.0019723866134881973,0.003204486332833767
YIR033W,YOL080C,0,0.6173978,0.05714285746216774,0.0019723866134881973,0.0033046265598386526
YOR048C,YHR062C,1,0.61483526,0.0833333358168602,0.002958579920232296,0.0033046265598386526
YDR083W,YOR035C,0,0.60899353,0.0810810774564743,0.002958579920232296,0.0034047667868435383
YDR033W,YCL014W,0,0.6088661,0.07894736528396606,0.002958579920232296,0.0035049067810177803
YKR065C,YBR223C,0,0.60879797,0.07692307978868484,0.002958579920232296,0.003605047008022666
YOR293W,YDR436W,0,0.60425913,0.07500000298023224,0.002958579920232296,0.0037051872350275517
YJR031C,YDR172W,0,0.6022325,0.0731707289814949,0.002958579920232296,0.0038053274620324373
YOL044W,YGL234W,0,0.59338135,0.0714285746216774,0.002958579920232296,0.003905467689037323
YJR105W,YBR024W,0,0.59276015,0.06976744532585144,0.002958579920232296,0.004005607683211565
YHL024W,YNL208W,0,0.59113914,0.06818182021379471,0.002958579920232296,0.004105748143047094
YGL094C,YOR368W,1,0.5890833,0.08888889104127884,0.003944773226976395,0.004105748143047094
YLR158C,YBR196C,0,0.5887195,0.08695652335882187,0.003944773226976395,0.004205888137221336
YEL020C,YFL029C,0,0.58580863,0.08510638028383255,0.003944773226976395,0.004306028597056866
YER138C,YCR093W,1,0.5852847,0.1041666641831398,0.004930966533720493,0.004306028597056866
YLL042C,YBR009C,0,0.583971,0.10204081982374191,0.004930966533720493,0.004406168591231108
YKL156W,YDL193W,0,0.58211625,0.10000000149011612,0.004930966533720493,0.004506309051066637
YMR112C,YHR179W,0,0.581485,0.09803921729326248,0.004930966533720493,0.004606449045240879
YLR278C,YDR117C,0,0.57914466,0.09615384787321091,0.004930966533720493,0.004706589039415121
YBR214W,YNL244C,0,0.5778888,0.09433962404727936,0.004930966533720493,0.00480672949925065
YDL153C,YML036W,0,0.57704675,0.09259258955717087,0.004930966533720493,0.004906869493424892
YPL258C,YNL162W,0,0.5762854,0.09090909361839294,0.004930966533720493,0.005007009953260422
YKR056W,YDR280W,1,0.5746475,0.1071428582072258,0.005917159840464592,0.005007009953260422
YPL019C,YLR204W,0,0.5739598,0.10526315867900848,0.005917159840464592,0.005107149947434664
YIR023W,YLR325C,0,0.5720351,0.1034482792019844,0.005917159840464592,0.005207290407270193
YPL024W,YIL004C,0,0.5704182,0.10169491171836853,0.005917159840464592,0.005307430401444435
YGL079W,YGR052W,0,0.5693929,0.10000000149011612,0.005917159840464592,0.005407570395618677
YDR153C,YLL008W,0,0.56748796,0.09836065769195557,0.005917159840464592,0.0055077108554542065
YOL109W,YGR065C,0,0.566642,0.09677419066429138,0.005917159840464592,0.0056078508496284485
YOL129W,YJR099W,0,0.5655241,0.095238097012043,0.005917159840464592,0.005707991309463978
YBR228W,YDR196C,0,0.56550807,0.09375,0.005917159840464592,0.00580813130363822
YOR001W,YCR035C,1,0.5627005,0.10769230872392654,0.006903353147208691,0.00580813130363822
YKL190W,YJR021C,0,0.561062,0.10606060922145844,0.006903353147208691,0.005908271763473749
YLR158C,YCR075C,0,0.56030256,0.10447761416435242,0.006903353147208691,0.006008411757647991
YGL234W,YDR096W,0,0.5597354,0.10294117778539658,0.006903353147208691,0.006108551751822233
YDR279W,YDR270W,0,0.55949354,0.10144927352666855,0.006903353147208691,0.0062086922116577625
YGR256W,YGR108W,0,0.55887413,0.10000000149011612,0.006903353147208691,0.0063088322058320045
YAR027W,YPL031C,0,0.55886585,0.09859155118465424,0.006903353147208691,0.006408972665667534
YNL322C,YAR071W,0,0.55809534,0.0972222238779068,0.006903353147208691,0.006509112659841776
YGL206C,YKR020W,0,0.5560091,0.09589041024446487,0.006903353147208691,0.006609253119677305
YGL033W,YOR043W,0,0.555596,0.09459459781646729,0.006903353147208691,0.006709393113851547
YOR167C,YEL038W,0,0.55521,0.09333333373069763,0.006903353147208691,0.006809533573687077
YGL250W,YKR057W,0,0.55500716,0.09210526198148727,0.006903353147208691,0.006909673567861319
YKR056W,YHR062C,1,0.552816,0.10389610379934311,0.00788954645395279,0.006909673567861319
YPL046C,YDR141C,0,0.55210185,0.10256410390138626,0.00788954645395279,0.007009813562035561
YPL180W,YJR160C,0,0.5499078,0.10126582533121109,0.00788954645395279,0.00710995402187109
YBL003C,YHL002W,0,0.5498288,0.10000000149011612,0.00788954645395279,0.007210094016045332
YBL055C,YML118W,1,0.54910487,0.1111111119389534,0.008875739760696888,0.007210094016045332
YDR461W,YGL222C,0,0.54814124,0.10975609719753265,0.008875739760696888,0.007310234475880861
YAL033W,YJL198W,0,0.54714805,0.10843373835086823,0.008875739760696888,0.007410374470055103
YDR536W,YIL023C,0,0.54672575,0.1071428582072258,0.008875739760696888,0.007510514929890633
YMR137C,YJL158C,0,0.54394674,0.10588235408067703,0.008875739760696888,0.007610654924064875
YDR038C,YAL005C,0,0.54308903,0.10465116053819656,0.008875739760696888,0.007710794918239117
YMR171C,YHR172W,0,0.5408663,0.1034482792019844,0.008875739760696888,0.007810935378074646
YBR135W,YBL105C,0,0.53970027,0.10227272659540176,0.008875739760696888,0.007911075837910175
YKL091C,YDR281C,0,0.53847426,0.10112359374761581,0.008875739760696888,0.00801121536642313
YDR138W,YER075C,0,0.53733206,0.10000000149011612,0.008875739760696888,0.00811135582625866
YIL135C,YLR126C,0,0.53456926,0.09890110045671463,0.008875739760696888,0.008211496286094189
YJR161C,YER050C,0,0.53367496,0.09782608598470688,0.008875739760696888,0.008311636745929718
YDR169C,YML126C,0,0.5329244,0.09677419066429138,0.008875739760696888,0.008411776274442673
YCR024C-A,YPL242C,0,0.5322903,0.09574468433856964,0.008875739760696888,0.008511916734278202
YKL172W,YMR319C,0,0.5318044,0.09473684430122375,0.008875739760696888,0.008612057194113731
YOR294W,YNL254C,0,0.5315417,0.09375,0.008875739760696888,0.008712196722626686
YGR285C,YLR318W,0,0.5313407,0.09278350323438644,0.008875739760696888,0.008812337182462215
YGR231C,YPL019C,0,0.5311843,0.09183673560619354,0.008875739760696888,0.008912477642297745
YKL074C,YOR033C,0,0.53016615,0.09090909361839294,0.008875739760696888,0.009012618102133274
YLR157C,YGR180C,0,0.5285729,0.09000000357627869,0.008875739760696888,0.009112757630646229
YCR068W,YPR140W,0,0.5284205,0.0891089141368866,0.008875739760696888,0.009212898090481758
YDL058W,YDR054C,0,0.5255108,0.0882352963089943,0.008875739760696888,0.009313038550317287
YPL273W,YBR236C,0,0.5254559,0.08737864345312119,0.008875739760696888,0.009413178078830242
YDR086C,YER051W,0,0.52127916,0.08653846383094788,0.008875739760696888,0.009513318538665771
YKR003W,YOL141W,0,0.52073467,0.08571428805589676,0.008875739760696888,0.0096134589985013
YJL207C,YBR288C,0,0.5206659,0.08490566164255142,0.008875739760696888,0.00971359945833683
YIR036C,YGL205W,0,0.5205837,0.08411215245723724,0.008875739760696888,0.009813738986849785
YAL024C,YFL021W,0,0.5201731,0.0833333358168602,0.008875739760696888,0.009913879446685314
YJL133W,YPL206C,0,0.5201373,0.08256880939006805,0.008875739760696888,0.010014019906520844
YDR208W,YGL128C,0,0.51907027,0.08181817829608917,0.008875739760696888,0.010114159435033798
YDL070W,YMR201C,0,0.51727426,0.0810810774564743,0.008875739760696888,0.010214299894869328
YLR079W,YMR319C,0,0.51696086,0.0803571417927742,0.008875739760696888,0.010314440354704857
YDR298C,YBR205W,0,0.5160115,0.0796460211277008,0.008875739760696888,0.010414580814540386
YMR271C,YMR198W,0,0.5156128,0.07894736528396606,0.008875739760696888,0.010514720343053341
YMR311C,YNL290W,0,0.51536,0.0782608687877655,0.008875739760696888,0.01061486080288887
YNL197C,YKR042W,0,0.51531553,0.07758620381355286,0.008875739760696888,0.0107150012627244
YDR033W,YOR348C,0,0.5142974,0.07692307978868484,0.008875739760696888,0.010815140791237354
YDL194W,YOR237W,0,0.51275575,0.0762711837887764,0.008875739760696888,0.010915281251072884
YGR121C,YOR153W,0,0.51249444,0.07563025504350662,0.008875739760696888,0.011015421710908413
YLR325C,YLR144C,0,0.5121571,0.07500000298023224,0.008875739760696888,0.011115562170743942
YKR003W,YNL014W,0,0.51156473,0.07438016682863235,0.008875739760696888,0.011215701699256897
YMR051C,YOR204W,0,0.51000917,0.07377049326896667,0.008875739760696888,0.011315842159092426
YKR056W,YER138C,1,0.5100057,0.08130080997943878,0.009861933067440987,0.011315842159092426
YNL308C,YCR092C,0,0.50931406,0.08064515888690948,0.009861933067440987,0.011415982618927956
YDL136W,YPR022C,0,0.50870967,0.07999999821186066,0.009861933067440987,0.01151612214744091
YMR022W,YFR006W,0,0.50842255,0.0793650820851326,0.009861933067440987,0.01161626260727644
YOR349W,YOR208W,0,0.5073799,0.07874015718698502,0.009861933067440987,0.011716403067111969
YHR011W,YDR001C,0,0.5066247,0.078125,0.009861933067440987,0.011816543526947498
YLR158C,YDL097C,0,0.5034784,0.07751937955617905,0.009861933067440987,0.011916683055460453
YKR057W,YPL027W,0,0.5028181,0.07692307978868484,0.009861933067440987,0.012016823515295982
YGR158C,YJR029W,1,0.5026599,0.08396946638822556,0.010848126374185085,0.012016823515295982
YKR001C,YJL111W,0,0.5026142,0.0833333358168602,0.010848126374185085,0.012116963975131512
YPR127W,YHR152W,0,0.50231993,0.0827067643404007,0.010848126374185085,0.012217103503644466
YBL037W,YDL202W,0,0.50182027,0.08208955079317093,0.010848126374185085,0.012317243963479996
YOL072W,YOR058C,0,0.50101113,0.08148147910833359,0.010848126374185085,0.012417384423315525
YGL249W,YAL013W,0,0.50099194,0.08088235557079315,0.010848126374185085,0.012517524883151054
YPR009W,YOL075C,0,0.50011206,0.08029197156429291,0.010848126374185085,0.012617664411664009
YKR024C,YDL039C,0,0.49739742,0.07971014827489853,0.010848126374185085,0.012717804871499538
YPL082C,YOR293W,0,0.4972483,0.0791366919875145,0.010848126374185085,0.012817945331335068
YNL262W,YKL041W,0,0.49697995,0.07857143133878708,0.010848126374185085,0.012918084859848022
YJL133W,YNR043W,0,0.49594343,0.07801418751478195,0.010848126374185085,0.013018225319683552
YGL249W,YJR025C,0,0.49523956,0.07746478915214539,0.010848126374185085,0.013118365779519081
YLR192C,YHR091C,0,0.4945035,0.07692307978868484,0.010848126374185085,0.01321850623935461
YDR285W,YGR124W,0,0.4941951,0.0763888880610466,0.010848126374185085,0.013318645767867565
YHR056C,YNL125C,0,0.49345076,0.07586207240819931,0.010848126374185085,0.013418786227703094
YCL034W,YPL055C,0,0.49309373,0.07534246891736984,0.010848126374185085,0.013518926687538624
YPL050C,YOL021C,0,0.49164557,0.07482992857694626,0.010848126374185085,0.013619067147374153
YLR009W,YJR160C,0,0.4906451,0.07432432472705841,0.010848126374185085,0.013719206675887108
YGR049W,YGL009C,0,0.48740518,0.07382550090551376,0.010848126374185085,0.013819347135722637
YGL094C,YNL221C,1,0.48656997,0.07999999821186066,0.011834319680929184,0.013819347135722637
YBR187W,YLR327C,0,0.48592088,0.0794702023267746,0.011834319680929184,0.013919487595558167
YPL206C,YJR139C,0,0.48580062,0.07894736528396606,0.011834319680929184,0.014019627124071121
YNR012W,YGR251W,0,0.48358065,0.0784313753247261,0.011834319680929184,0.01411976758390665
YER004W,YJR036C,0,0.4826573,0.07792207598686218,0.011834319680929184,0.01421990804374218
YCL025C,YCL074W,0,0.48252907,0.07741935551166534,0.011834319680929184,0.01432004850357771
YPL269W,YEL053C,0,0.48047477,0.07692307978868484,0.011834319680929184,0.014420188032090664
YMR005W,YMR143W,0,0.47954333,0.07643312215805054,0.011834319680929184,0.014520328491926193
YMR056C,YLR178C,0,0.4785887,0.07594936341047287,0.011834319680929184,0.014620468951761723
YGR071C,YKL007W,0,0.4782212,0.07547169923782349,0.011834319680929184,0.014720608480274677
YLR283W,YPL057C,0,0.47757342,0.07500000298023224,0.011834319680929184,0.014820748940110207
YOR001W,YGR195W,1,0.47724926,0.08074533939361572,0.012820512987673283,0.014820748940110207
YLR016C,YAL008W,0,0.47695366,0.08024691045284271,0.012820512987673283,0.014920889399945736
YIR010W,YLR057W,0,0.4767428,0.07975459843873978,0.012820512987673283,0.015021029859781265
YAR071W,YLR425W,0,0.4761112,0.07926829159259796,0.012820512987673283,0.01512116938829422
YIL079C,YDL127W,0,0.47419915,0.07878787815570831,0.012820512987673283,0.01522130984812975
YPL019C,YDR085C,0,0.47327563,0.07831325381994247,0.012820512987673283,0.015321450307965279
YFL031W,YBR287W,0,0.47099724,0.07784431427717209,0.012820512987673283,0.015421589836478233
YNL135C,YDR329C,0,0.46999204,0.0773809552192688,0.012820512987673283,0.015521730296313763
YGR158C,YCR087C-A,0,0.4688179,0.07692307978868484,0.012820512987673283,0.015621870756149292
YMR297W,YCR034W,0,0.4684427,0.07647059112787247,0.012820512987673283,0.015722010284662247
YCL025C,YJL144W,0,0.46837416,0.0760233923792839,0.012820512987673283,0.01582215167582035
YOL080C,YMR287C,1,0.46754703,0.08139535039663315,0.013806706294417381,0.01582215167582035
YFR031C,YNL323W,0,0.4672928,0.080924853682518,0.013806706294417381,0.015922291204333305
YDL115C,YAR027W,0,0.4669297,0.08045977354049683,0.013806706294417381,0.01602243073284626
YMR186W,YJL056C,0,0.46675032,0.07999999821186066,0.013806706294417381,0.016122572124004364
YAL060W,YBR033W,0,0.46671262,0.07954545319080353,0.013806706294417381,0.01622271165251732
YJR063W,YLR274W,0,0.46623442,0.07909604161977768,0.013806706294417381,0.016322851181030273
YKL012W,YOR083W,0,0.46579874,0.07865168899297714,0.013806706294417381,0.016422992572188377
YKR056W,YBR012W-B,1,0.46554717,0.08379888534545898,0.01479289960116148,0.016422992572188377
YJL133W,YER140W,0,0.4654649,0.0833333358168602,0.01479289960116148,0.016523132100701332
YOL021C,YGR195W,1,0.46461532,0.0883977934718132,0.01577909290790558,0.016523132100701332
YOL080C,YBL024W,0,0.4644533,0.08791209012269974,0.01577909290790558,0.016623273491859436
YGR158C,YBR012W-B,1,0.46437985,0.09289617836475372,0.016765285283327103,0.016623273491859436
YPL134C,YER004W,0,0.46418908,0.09239130467176437,0.016765285283327103,0.01672341302037239
YKR062W,YMR282C,0,0.4639979,0.09189189225435257,0.016765285283327103,0.016823552548885345
YCR014C,YMR239C,0,0.46398145,0.09139785170555115,0.016765285283327103,0.01692369394004345
YIR023W,YDL166C,0,0.4630377,0.09090909361839294,0.016765285283327103,0.017023833468556404
YDR532C,YMR263W,0,0.4622567,0.0904255285859108,0.016765285283327103,0.01712397299706936
YML063W,YOL090W,0,0.46023032,0.08994708955287933,0.016765285283327103,0.017224114388227463
YNL101W,YGR108W,0,0.46004272,0.08947368711233139,0.016765285283327103,0.017324253916740417
YOR096W,YDR331W,0,0.45909673,0.0890052393078804,0.016765285283327103,0.017424393445253372
YMR065W,YNL058C,0,0.45897323,0.0885416641831398,0.016765285283327103,0.017524534836411476
YPR061C,YIL051C,0,0.45832404,0.08808290213346481,0.016765285283327103,0.01762467436492443
YML078W,YPL268W,0,0.45828465,0.08762886375188828,0.016765285283327103,0.017724813893437386
YBL018C,YOL142W,1,0.45805362,0.0923076942563057,0.017751479521393776,0.017724813893437386
YDR523C,YDL192W,0,0.45771956,0.09183673560619354,0.017751479521393776,0.01782495528459549
YIL099W,YGR180C,0,0.45769206,0.09137056022882462,0.017751479521393776,0.017925094813108444
YHR176W,YMR087W,0,0.45519012,0.09090909361839294,0.017751479521393776,0.018025236204266548
YCR060W,YAL038W,0,0.4539833,0.09045226126909256,0.017751479521393776,0.018125375732779503
YKL004W,YOR035C,0,0.45396742,0.09000000357627869,0.017751479521393776,0.018225515261292458
YGR289C,YNL072W,0,0.4538015,0.08955223858356476,0.017751479521393776,0.01832565665245056
YNL202W,YJR139C,0,0.4527467,0.0891089141368866,0.017751479521393776,0.018425796180963516
YKR056W,YDR478W,1,0.4522105,0.09359605610370636,0.0187376718968153,0.018425796180963516
YDL208W,YDL231C,0,0.45143104,0.09313725680112839,0.0187376718968153,0.01852593570947647
YKL156W,YOR038C,0,0.45131373,0.09268292784690857,0.0187376718968153,0.018626077100634575
YPR042C,YNR067C,0,0.45129424,0.09223300963640213,0.0187376718968153,0.01872621662914753
YKL143W,YGL103W,0,0.45073667,0.0917874425649643,0.0187376718968153,0.018826356157660484
YJL145W,YOR371C,0,0.44998932,0.09134615212678909,0.0187376718968153,0.018926497548818588
YCL075W,YBR012W-B,1,0.44970256,0.09569378197193146,0.019723866134881973,0.018926497548818588
YLR145W,YDR386W,1,0.4493721,0.10000000149011612,0.020710058510303497,0.018926497548818588
YMR094W,YIL155C,0,0.44841212,0.0995260700583458,0.020710058510303497,0.019026637077331543
YBR283C,YAR035W,0,0.44829193,0.09905660152435303,0.020710058510303497,0.019126776605844498
YFR008W,YLR134W,0,0.4481677,0.09859155118465424,0.020710058510303497,0.0192269179970026
YJR028W,YBL042C,0,0.44809434,0.09813084453344345,0.020710058510303497,0.019327057525515556
YDR423C,YPL121C,0,0.44796693,0.0976744219660759,0.020710058510303497,0.01942719891667366
YER091C,YMR173W,0,0.44786298,0.0972222238779068,0.020710058510303497,0.019527338445186615
YFL050C,YMR200W,0,0.44781318,0.09677419066429138,0.020710058510303497,0.01962747797369957
YOR312C,YBR068C,0,0.44777447,0.09633027762174606,0.020710058510303497,0.019727619364857674
YCL050C,YKL001C,0,0.4473173,0.09589041024446487,0.020710058510303497,0.01982775889337063
YCR060W,YFL013C,0,0.44706494,0.09545454382896423,0.020710058510303497,0.019927898421883583
YIR028W,YDR216W,0,0.4466142,0.09502262622117996,0.020710058510303497,0.020028039813041687
YGL029W,YOL119C,0,0.44550845,0.09459459781646729,0.020710058510303497,0.02012817934155464
YER164W,YEL053C,0,0.4451286,0.09417040646076202,0.020710058510303497,0.020228318870067596
YDR258C,YML026C,0,0.44458008,0.09375,0.020710058510303497,0.0203284602612257
YML056C,YGR281W,0,0.44449043,0.09333333373069763,0.020710058510303497,0.020428599789738655
YHR214C-B,YOL142W,1,0.44433868,0.09734513610601425,0.02169625274837017,0.020428599789738655
YMR189W,YDR142C,0,0.44396496,0.0969163030385971,0.02169625274837017,0.02052873931825161
YBR098W,YML039W,1,0.44394618,0.10087719559669495,0.022682445123791695,0.02052873931825161
YNL241C,YPR198W,0,0.44387406,0.10043668001890182,0.022682445123791695,0.020628880709409714
YGL206C,YPL060W,0,0.44296083,0.10000000149011612,0.022682445123791695,0.02072902023792267
YIL015W,YPL129W,0,0.44270647,0.09956710040569305,0.022682445123791695,0.020829161629080772
YDL214C,YDL040C,0,0.44227973,0.09913793206214905,0.022682445123791695,0.020929301157593727
YGR231C,YDR225W,0,0.44204292,0.09871244430541992,0.022682445123791695,0.021029440686106682
YNL221C,YBR167C,1,0.44188774,0.10256410390138626,0.023668639361858368,0.021029440686106682
YGR279C,YDR118W,0,0.44184396,0.10212765634059906,0.023668639361858368,0.021129582077264786
YKR056W,YNL282W,1,0.44128376,0.10593220591545105,0.024654831737279892,0.021129582077264786
YNL148C,YDL047W,0,0.44086796,0.1054852306842804,0.024654831737279892,0.02122972160577774
YDL184C,YER106W,0,0.4405758,0.10504201799631119,0.024654831737279892,0.021329861134290695
YGR091W,YOL008W,0,0.44045794,0.10460250824689865,0.024654831737279892,0.0214300025254488
YLR155C,YKR022C,0,0.44038373,0.1041666641831398,0.024654831737279892,0.021530142053961754
YMR019W,YHR141C,0,0.4399422,0.10373444110155106,0.024654831737279892,0.02163028158247471
YBL084C,YGL008C,0,0.43931088,0.10330578684806824,0.024654831737279892,0.021730422973632812
YBR213W,YKL216W,0,0.4392103,0.10288065671920776,0.024654831737279892,0.021830562502145767
YMR119W,YBL113C,0,0.43897763,0.10245901346206665,0.024654831737279892,0.02193070389330387
YDR349C,YCL010C,0,0.43883806,0.10204081982374191,0.024654831737279892,0.022030843421816826
YLR286C,YPL159C,0,0.43774346,0.10162601619958878,0.024654831737279892,0.02213098295032978
YNL070W,YDR171W,0,0.43766677,0.10121457278728485,0.024654831737279892,0.022231124341487885
YLR127C,YIL135C,0,0.4372423,0.10080645233392715,0.024654831737279892,0.02233126387000084
YML118W,YBR257W,1,0.43693644,0.10441767424345016,0.025641025975346565,0.02233126387000084
YHR079C-A,YDL108W,0,0.43688124,0.10400000214576721,0.025641025975346565,0.022431403398513794
YLR192C,YPR079W,0,0.4365875,0.10358566045761108,0.025641025975346565,0.022531544789671898
YGL054C,YMR202W,0,0.4358807,0.1031746044754982,0.025641025975346565,0.022631684318184853
YLR262C,YHL009C,0,0.43572,0.10276679694652557,0.025641025975346565,0.022731823846697807
YDR382W,YJL004C,0,0.4352904,0.10236220806837082,0.025641025975346565,0.02283196523785591
YDR362C,YPL090C,0,0.4346034,0.10196078568696976,0.025641025975346565,0.022932104766368866
YKL001C,YOR194C,0,0.434121,0.1015625,0.025641025975346565,0.02303224429488182
YNL329C,YLR332W,0,0.4327932,0.10116731375455856,0.025641025975346565,0.023132385686039925
YOR036W,YMR321C,0,0.43272436,0.10077519714832306,0.025641025975346565,0.02323252521455288
YOR182C,YMR171C,0,0.43143386,0.10038609802722931,0.025641025975346565,0.023332666605710983
YGR118W,YJR099W,0,0.4310789,0.10000000149011612,0.025641025975346565,0.023432806134223938
YLR163C,YBR067C,0,0.4299664,0.09961685538291931,0.025641025975346565,0.023532945662736893
YJL113W,YML039W,1,0.42991203,0.10305343568325043,0.02662721835076809,0.023532945662736893
YOL142W,YMR050C,1,0.42973682,0.10646387934684753,0.027613412588834763,0.023532945662736893
YCR047C,YCL040W,0,0.42951927,0.10606060922145844,0.027613412588834763,0.023633087053894997
YAR002C-A,YOR369C,0,0.42921412,0.10566037893295288,0.027613412588834763,0.02373322658240795
YKL041W,YPL092W,0,0.42903686,0.10526315867900848,0.027613412588834763,0.023833366110920906
YIR028W,YKL120W,0,0.42873657,0.10486891120672226,0.027613412588834763,0.02393350750207901
YML062C,YGR048W,0,0.42855763,0.10447761416435242,0.027613412588834763,0.024033647030591965
YIL072W,YJR004C,0,0.42785335,0.10408922284841537,0.027613412588834763,0.02413378655910492
YGL175C,YBR280C,0,0.42772368,0.10370370000600815,0.027613412588834763,0.024233927950263023
YBR240C,YNR020C,0,0.42753166,0.10332103073596954,0.027613412588834763,0.024334067478775978
YMR170C,YLR010C,0,0.4271921,0.10294117778539658,0.027613412588834763,0.024434207007288933
YHR092C,YNL101W,0,0.426525,0.10256410390138626,0.027613412588834763,0.024534348398447037
YDL227C,YMR287C,1,0.42633346,0.10583941638469696,0.028599604964256287,0.024534348398447037
YOR003W,YNL110C,0,0.42613792,0.10545454174280167,0.028599604964256287,0.02463448792695999
YBR040W,YNR016C,0,0.42601,0.10507246106863022,0.028599604964256287,0.024734629318118095
YLR423C,YJL117W,0,0.42597336,0.10469313710927963,0.028599604964256287,0.02483476884663105
YDR523C,YNR043W,0,0.4256481,0.10431654751300812,0.028599604964256287,0.024934908375144005
YGR047C,YHR141C,0,0.42564404,0.10394265502691269,0.028599604964256287,0.02503504976630211
YDR123C,YJL025W,0,0.42555714,0.10357142984867096,0.028599604964256287,0.025135189294815063
YLL039C,YDL192W,0,0.42478943,0.10320284962654114,0.028599604964256287,0.025235328823328018
YOR067C,YJL156C,0,0.42463553,0.10283687710762024,0.028599604964256287,0.025335470214486122
YPL017C,YGR027C,0,0.4243485,0.10247349739074707,0.028599604964256287,0.025435609742999077
YLR287C-A,YPL148C,0,0.42359424,0.10211267322301865,0.028599604964256287,0.02553574927151203
YEL071W,YAR066W,0,0.42349938,0.10175438225269318,0.028599604964256287,0.025635890662670135
YJR026W,YJL194W,0,0.4225714,0.10139860212802887,0.028599604964256287,0.02573603019118309
YHR147C,YDR225W,0,0.42248446,0.10104529559612274,0.028599604964256287,0.025836169719696045
YNL002C,YLR038C,0,0.4221456,0.1006944477558136,0.028599604964256287,0.02593631111085415
YPL059W,YIL124W,0,0.42188454,0.10034602135419846,0.028599604964256287,0.026036450639367104
YBR171W,YMR162C,0,0.42174822,0.10000000149011612,0.028599604964256287,0.026136592030525208
YCL075W,YJR027W,1,0.42058176,0.10309278219938278,0.02958579920232296,0.026136592030525208
YDR498C,YBR092C,0,0.42038143,0.10273972898721695,0.02958579920232296,0.026236731559038162
YDL195W,YDR173C,0,0.42025965,0.10238907486200333,0.02958579920232296,0.026336871087551117
YLR320W,YFL024C,0,0.4200503,0.10204081982374191,0.02958579920232296,0.02643701247870922
YEL046C,YBL011W,0,0.41997135,0.10169491171836853,0.02958579920232296,0.026537152007222176
YEL065W,YKL055C,0,0.41907632,0.10135135054588318,0.02958579920232296,0.02663729153573513
YLR355C,YHL007C,0,0.41885686,0.10101009905338287,0.02958579920232296,0.026737432926893234
YGR183C,YCL066W,0,0.4188527,0.10067114233970642,0.02958579920232296,0.02683757245540619
YHR191C,YDR225W,0,0.41849464,0.10033445060253143,0.02958579920232296,0.026937711983919144
YER004W,YNL010W,0,0.41789764,0.10000000149011612,0.02958579920232296,0.027037853375077248
YML048W,YDL008W,0,0.41782027,0.09966777265071869,0.02958579920232296,0.027137992903590202
YIR002C,YML074C,0,0.4171831,0.09933774918317795,0.02958579920232296,0.027238134294748306
YNL147W,YJR144W,0,0.4170066,0.09900990128517151,0.02958579920232296,0.02733827382326126
YCL075W,YMR104C,0,0.4169935,0.09868421405553818,0.02958579920232296,0.027438413351774216
YJR104C,YBL002W,0,0.4169883,0.09836065769195557,0.02958579920232296,0.02753855474293232
YPR023C,YLR344W,0,0.41636664,0.09803921729326248,0.02958579920232296,0.027638694271445274
YIL020C,YDR353W,0,0.4163158,0.09771987050771713,0.02958579920232296,0.02773883379995823
YOR245C,YLR209C,0,0.4162547,0.09740259498357773,0.02958579920232296,0.027838975191116333
YMR030W,YDR524C,0,0.4161818,0.09708737581968307,0.02958579920232296,0.027939114719629288
YMR054W,YIL051C,0,0.41601592,0.09677419066429138,0.02958579920232296,0.028039254248142242
YLR306W,YNR050C,0,0.4157319,0.09646302461624146,0.02958579920232296,0.028139395639300346
YFL066C,YOR080W,0,0.41545597,0.09615384787321091,0.02958579920232296,0.0282395351678133
YDR507C,YPL240C,0,0.415155,0.09584664553403854,0.02958579920232296,0.028339674696326256
YBR126C,YMR087W,0,0.41490987,0.09554140269756317,0.02958579920232296,0.02843981608748436
YPL091W,YOL017W,0,0.4148738,0.095238097012043,0.02958579920232296,0.028539955615997314
YPR021C,YDR014W,0,0.41454148,0.09493670612573624,0.02958579920232296,0.02864009700715542
YGL121C,YDL066W,0,0.41452283,0.09463722258806229,0.02958579920232296,0.028740236535668373
YDL040C,YOL016C,0,0.41424206,0.09433962404727936,0.02958579920232296,0.028840376064181328
YDR131C,YML026C,0,0.41365904,0.09404388815164566,0.02958579920232296,0.028940517455339432
YDR461W,YGR054W,0,0.4136554,0.09375,0.02958579920232296,0.029040656983852386
YPL157W,YDR508C,0,0.4134926,0.09345794469118118,0.02958579920232296,0.02914079651236534
YGR289C,YBR036C,0,0.4130295,0.09316769987344742,0.02958579920232296,0.029240937903523445
YKR056W,YBL100W-B,1,0.41294408,0.09597523510456085,0.030571991577744484,0.029240937903523445
YDR266C,YNR039C,0,0.41172945,0.09567901492118835,0.030571991577744484,0.0293410774320364
YDL213C,YBR021W,0,0.41116855,0.0953846126794815,0.030571991577744484,0.029441216960549355
YIL040W,YAL003W,0,0.4109062,0.09509202092885971,0.030571991577744484,0.02954135835170746
YKL181W,YAL054C,0,0.4104101,0.09480122476816177,0.030571991577744484,0.029641497880220413
YLR304C,YJR151C,0,0.41020244,0.09451219439506531,0.030571991577744484,0.029741637408733368
YBR127C,YJL087C,0,0.4098845,0.09422492235898972,0.030571991577744484,0.029841778799891472
YLL055W,YDR170W-A,0,0.4088921,0.0939393937587738,0.030571991577744484,0.029941918328404427
YLR396C,YNL027W,0,0.40851933,0.09365558624267578,0.030571991577744484,0.03004205971956253
YBR139W,YKL096W-A,0,0.40841866,0.09337349236011505,0.030571991577744484,0.030142199248075485
YHR161C,YJL166W,0,0.408331,0.09309308975934982,0.030571991577744484,0.03024233877658844
YEL029C,YMR093W,0,0.40826732,0.0928143709897995,0.030571991577744484,0.030342480167746544
YKR014C,YGR104C,0,0.4080928,0.09253731369972229,0.030571991577744484,0.0304426196962595
YDL042C,YGR268C,0,0.40808424,0.092261902987957,0.030571991577744484,0.030542759224772453
YML012W,YPR113W,0,0.407109,0.09198813140392303,0.030571991577744484,0.030642900615930557
YLR441C,YLR386W,0,0.40667298,0.0917159765958786,0.030571991577744484,0.030743040144443512
YHR188C,YAL013W,0,0.40628088,0.0914454311132431,0.030571991577744484,0.030843179672956467
YPR190C,YOL165C,0,0.40613776,0.09117647260427475,0.030571991577744484,0.03094332106411457
YNL158W,YDL039C,0,0.4059772,0.09090909361839294,0.030571991577744484,0.031043460592627525
YOR245C,YKL096W-A,0,0.40592802,0.0906432718038559,0.030571991577744484,0.03114360012114048
YFL024C,YNL061W,0,0.40585488,0.0903790071606636,0.030571991577744484,0.031243741512298584
YER117W,YHR047C,0,0.40513927,0.09011627733707428,0.030571991577744484,0.03134388104081154
YHR117W,YLR327C,0,0.4048193,0.08985507488250732,0.030571991577744484,0.03144402056932449
YOL130W,YDR206W,0,0.4047699,0.08959537744522095,0.030571991577744484,0.03154416009783745
YDR368W,YGR085C,0,0.4041053,0.08933717757463455,0.030571991577744484,0.0316443033516407
YDL017W,YPL266W,0,0.403893,0.08908046036958694,0.030571991577744484,0.031744442880153656
YOR096W,YER147C,0,0.4038619,0.08882521837949753,0.030571991577744484,0.03184458240866661
YOL034W,YNL134C,0,0.4033993,0.08857142925262451,0.030571991577744484,0.031944721937179565
YIL099W,YMR163C,0,0.4033807,0.0883190855383873,0.030571991577744484,0.03204486146569252
YOL028C,YDR134C,0,0.4027149,0.08806817978620529,0.030571991577744484,0.03214500471949577
YBR120C,YHR116W,0,0.40256536,0.0878186970949173,0.030571991577744484,0.03224514424800873
YNL112W,YJR021C,0,0.40247583,0.08757062256336212,0.030571991577744484,0.03234528377652168
YMR011W,YNL305C,0,0.40223438,0.08732394129037857,0.030571991577744484,0.03244542330503464
YOR212W,YKL020C,0,0.40216136,0.08707865327596664,0.030571991577744484,0.03254556283354759
YJR086W,YER019C-A,0,0.4017732,0.08683473616838455,0.030571991577744484,0.03264570236206055
YBR002C,YCR066W,0,0.40154856,0.0865921750664711,0.030571991577744484,0.0327458456158638
YFR008W,YOR354C,0,0.4009271,0.08635097742080688,0.030571991577744484,0.032845985144376755
YOL133W,YJL117W,0,0.40074977,0.08611111342906952,0.030571991577744484,0.03294612467288971
YPR004C,YBR241C,0,0.40040198,0.0858725756406784,0.030571991577744484,0.033046264201402664
YDL170W,YJR017C,0,0.39945424,0.08563535660505295,0.030571991577744484,0.03314640372991562
YER145C,YLR373C,0,0.39941627,0.08539944887161255,0.030571991577744484,0.03324654698371887
YDR233C,YCR024C-A,0,0.3993464,0.08516483753919601,0.030571991577744484,0.03334668651223183
YKL189W,YLR342W,0,0.39853236,0.08493150770664215,0.030571991577744484,0.03344682604074478
YDR182W,YNR007C,0,0.39829707,0.08469945192337036,0.030571991577744484,0.033546965569257736
YOL057W,YEL053C,0,0.3972235,0.08446866273880005,0.030571991577744484,0.03364710509777069
YER120W,YOR303W,0,0.3970821,0.08423913270235062,0.030571991577744484,0.033747244626283646
YKR039W,YPR032W,0,0.396693,0.08401083946228027,0.030571991577744484,0.0338473878800869
YJL170C,YGR183C,0,0.39607957,0.08378378301858902,0.030571991577744484,0.033947527408599854
YGL035C,YBL002W,0,0.39602768,0.08355794847011566,0.030571991577744484,0.03404766693711281
YBR098W,YER160C,1,0.39585313,0.08602150529623032,0.03155818581581116,0.03404766693711281
YLR244C,YFL016C,0,0.3958333,0.08579088747501373,0.03155818581581116,0.03414780646562576
YDL129W,YGR155W,0,0.3954885,0.08556149899959564,0.03155818581581116,0.03424794599413872
YNL151C,YAL033W,0,0.3952042,0.08533333241939545,0.03155818581581116,0.03434808552265167
YMR054W,YER091C,0,0.3950545,0.08510638028383255,0.03155818581581116,0.034448228776454926
YKR039W,YNL241C,0,0.39466444,0.08488063514232635,0.03155818581581116,0.03454836830496788
YMR039C,YML074C,0,0.3941297,0.08465608209371567,0.03155818581581116,0.034648507833480835
YDR153C,YDR429C,0,0.39408585,0.08443272113800049,0.03155818581581116,0.03474864736199379
YLR388W,YDL180W,0,0.3928273,0.08421052992343903,0.03155818581581116,0.034848786890506744
YPL078C,YPL113C,0,0.39262956,0.08398950099945068,0.03155818581581116,0.03494893014431
YDR499W,YLR079W,0,0.39254305,0.08376963436603546,0.03155818581581116,0.03504906967282295
YOR228C,YIR038C,0,0.3920191,0.08355091512203217,0.03155818581581116,0.03514920920133591
YOR056C,YML045W,1,0.39188954,0.0859375,0.03254437819123268,0.03514920920133591
YDL070W,YNL259C,0,0.39171946,0.08571428805589676,0.03254437819123268,0.03524934872984886
YPL019C,YCR097W,0,0.391641,0.08549223095178604,0.03254437819123268,0.035349488258361816
YPR107C,YFL034C-B,0,0.3908307,0.08527132123708725,0.03254437819123268,0.03544962778687477
YPL208W,YKR103W,0,0.39053696,0.08505154401063919,0.03254437819123268,0.035549771040678024
YPR101W,YJL091C,0,0.3901664,0.08483290672302246,0.03254437819123268,0.03564991056919098
YBL099W,YDL114W,0,0.38996214,0.08461538702249527,0.03254437819123268,0.035750050097703934
YEL058W,YNL335W,0,0.38987857,0.08439897745847702,0.03254437819123268,0.03585018962621689
YLL011W,YDR222W,0,0.3897931,0.08418367058038712,0.03254437819123268,0.03595032915472984
YDL207W,YMR229C,0,0.38942072,0.08396946638822556,0.03254437819123268,0.036050472408533096
YGL047W,YBR230C,0,0.38930497,0.08375634253025055,0.03254437819123268,0.03615061193704605
YMR139W,YFL045C,0,0.38879022,0.0835443064570427,0.03254437819123268,0.036250751465559006
YJR094W-A,YGR286C,0,0.38875586,0.0833333358168602,0.03254437819123268,0.03635089099407196
YBR234C,YER106W,0,0.38848966,0.08312342315912247,0.03254437819123268,0.036451030522584915
YDR248C,YLL045C,0,0.38790172,0.0829145759344101,0.03254437819123268,0.03655117005109787
YGR195W,YNL102W,1,0.3878159,0.08521303534507751,0.033530570566654205,0.03655117005109787
YPL047W,YOR224C,0,0.38768247,0.08500000089406967,0.033530570566654205,0.03665131330490112
YDR450W,YNL090W,0,0.38736618,0.08478803187608719,0.033530570566654205,0.03675145283341408
YOR391C,YGR037C,0,0.38725114,0.08457711338996887,0.033530570566654205,0.03685159236192703
YMR046C,YHR123W,0,0.38692963,0.08436724543571472,0.033530570566654205,0.03695173189043999
YNR067C,YOR311C,0,0.38656333,0.08415841311216354,0.033530570566654205,0.03705187141895294
YCR039C,YOR219C,0,0.38588428,0.08395061641931534,0.033530570566654205,0.037152014672756195
YGR289C,YPL273W,0,0.38480672,0.08374384045600891,0.033530570566654205,0.03725215420126915
YJL141C,YGR154C,0,0.3840779,0.08353808522224426,0.033530570566654205,0.037352293729782104
YLR110C,YHR085W,0,0.383667,0.0833333358168602,0.033530570566654205,0.03745243325829506
YCR067C,YJR095W,0,0.38308954,0.08312958478927612,0.033530570566654205,0.037552572786808014
YGR028W,YOL039W,0,0.38286105,0.08292683213949203,0.033530570566654205,0.03765271231532097
YLR370C,YPR049C,0,0.38284117,0.08272506296634674,0.033530570566654205,0.03775285556912422
YMR038C,YAR031W,0,0.3827899,0.08252426981925964,0.033530570566654205,0.037852995097637177
YLR369W,YKL172W,0,0.3826272,0.08232445269823074,0.033530570566654205,0.03795313462615013
YDR245W,YNL244C,0,0.38231683,0.08212560415267944,0.033530570566654205,0.038053274154663086
YBR257W,YML045W,1,0.38198754,0.08433734625577927,0.03451676666736603,0.038053274154663086
YHR124W,YMR034C,0,0.38198513,0.08413461595773697,0.03451676666736603,0.03815341368317604
YNL206C,YEL053C,0,0.38194892,0.08393285423517227,0.03451676666736603,0.038253553211688995
YLR025W,YHR094C,0,0.3818115,0.08373206108808517,0.03451676666736603,0.03835369646549225
YIL117C,YGL205W,0,0.38158053,0.08353222161531448,0.03451676666736603,0.0384538359940052
YJR161C,YNL012W,0,0.38151962,0.0833333358168602,0.03451676666736603,0.03855397552251816
YGR091W,YAL063C,0,0.3811881,0.08313538879156113,0.03451676666736603,0.03865411505103111
YER003C,YDR027C,0,0.38116503,0.08293838798999786,0.03451676666736603,0.03875425457954407
YPR049C,YLR355C,0,0.38104135,0.08274231851100922,0.03451676666736603,0.03885439783334732
YEL055C,YDR037W,0,0.3810405,0.08254717290401459,0.03451676666736603,0.038954537361860275
YKL108W,YML007W,0,0.38086605,0.08235294371843338,0.03451676666736603,0.03905467689037323
YLR309C,YLL001W,0,0.38071787,0.082159623503685,0.03451676666736603,0.039154816418886185
YGL122C,YER146W,0,0.38071543,0.08196721225976944,0.03451676666736603,0.03925495594739914
YPL085W,YLR305C,0,0.38059944,0.08177570253610611,0.03451676666736603,0.039355095475912094
YLR135W,YOR056C,1,0.38044995,0.0839160829782486,0.03550295904278755,0.039355095475912094
YDR261C-D,YPR158W-B,1,0.37957484,0.08604650944471359,0.036489151418209076,0.039355095475912094
YHR164C,YMR050C,1,0.37940288,0.08816705644130707,0.0374753437936306,0.039355095475912094
YLR229C,YDR099W,0,0.37926242,0.08796296268701553,0.0374753437936306,0.03945523872971535
YPL026C,YDR118W,0,0.37917113,0.08775981515645981,0.0374753437936306,0.0395553782582283
YDR055W,YDR460W,0,0.37897915,0.0875576063990593,0.0374753437936306,0.03965551778674126
YEL030W,YLR025W,0,0.37897456,0.0873563215136528,0.0374753437936306,0.03975565731525421
YPR031W,YGR098C,0,0.37887633,0.08715596050024033,0.0374753437936306,0.039855796843767166
YFL013C,YLL052C,0,0.37852937,0.08695652335882187,0.0374753437936306,0.03995594009757042
YOR388C,YIR038C,0,0.37851685,0.08675798773765564,0.0374753437936306,0.040056079626083374
YOL120C,YKL025C,0,0.37826207,0.08656036108732224,0.0374753437936306,0.04015621915459633
YNL069C,YGL229C,0,0.3782369,0.08636363595724106,0.0374753437936306,0.04025635868310928
YPR042C,YBL069W,0,0.37792653,0.08616779744625092,0.0374753437936306,0.04035649821162224
YGL257C,YDR032C,0,0.37783697,0.0859728530049324,0.0374753437936306,0.04045663774013519
YHR214C-B,YLR157C-B,1,0.37776962,0.08803611993789673,0.03846153989434242,0.04045663774013519
YOR028C,YMR089C,0,0.37770164,0.0878378376364708,0.03846153989434242,0.040556780993938446
YJL104W,YKL103C,0,0.37741873,0.08764044940471649,0.03846153989434242,0.0406569205224514
YPL231W,YBR176W,0,0.37731004,0.08744394779205322,0.03846153989434242,0.040757060050964355
YOL112W,YDR281C,0,0.37717146,0.08724832534790039,0.03846153989434242,0.04085719957947731
YER133W,YGR116W,0,0.3770892,0.0870535746216774,0.03846153989434242,0.040957339107990265
YGR008C,YOL026C,0,0.3770756,0.08685968816280365,0.03846153989434242,0.04105747863650322
YGL173C,YOR048C,1,0.37706032,0.08888889104127884,0.03944773226976395,0.04105747863650322
YER025W,YDR085C,0,0.37670973,0.08869179338216782,0.03944773226976395,0.04115762189030647
YPL083C,YCL010C,0,0.37663087,0.08849557489156723,0.03944773226976395,0.04125776141881943
YHR171W,YKL221W,0,0.37621218,0.08830022066831589,0.03944773226976395,0.04135790094733238
YDL030W,YML106W,0,0.37612236,0.08810572326183319,0.03944773226976395,0.04145804047584534
YML066C,YHR099W,0,0.37594503,0.08791209012269974,0.03944773226976395,0.04155818000435829
YHR065C,YDR532C,0,0.3753001,0.08771929889917374,0.03944773226976395,0.041658323258161545
YHL033C,YHR178W,0,0.37524906,0.08752734959125519,0.03944773226976395,0.0417584627866745
YDR299W,YMR311C,0,0.37521675,0.08733624219894409,0.03944773226976395,0.041858602315187454
YKR056W,YMR050C,1,0.3750871,0.08932461589574814,0.04043392464518547,0.041858602315187454
YPR182W,YGL179C,0,0.3749256,0.08913043141365051,0.04043392464518547,0.04195874184370041
YNL086W,YBR006W,0,0.37457377,0.08893709629774094,0.04043392464518547,0.042058881372213364
YKR105C,YGL032C,0,0.37448457,0.08874458819627762,0.04043392464518547,0.04215902090072632
YBR296C,YBR258C,0,0.3738431,0.08855291455984116,0.04043392464518547,0.04225916415452957
YER048C,YPL220W,0,0.37330106,0.08836206793785095,0.04043392464518547,0.042359303683042526
YLR318W,YHR089C,0,0.37297258,0.08817204087972641,0.04043392464518547,0.04245944321155548
YIR008C,YNL175C,0,0.37294546,0.08798283338546753,0.04043392464518547,0.042559582740068436
YOL139C,YML088W,0,0.3729096,0.08779443055391312,0.04043392464518547,0.04265972226858139
YKL186C,YCL074W,0,0.3727409,0.08760683983564377,0.04043392464518547,0.042759865522384644
YNL291C,YDL129W,0,0.3726743,0.08742004632949829,0.04043392464518547,0.0428600050508976
YOL103W-B,YLR157C-B,1,0.37262052,0.08936170488595963,0.041420117020606995,0.0428600050508976
YAL062W,YDR487C,0,0.37243888,0.08917197585105896,0.041420117020606995,0.04296014457941055
YAR009C,YNL001W,1,0.37232408,0.09110169857740402,0.04240631312131882,0.04296014457941055
YML095C,YIL080W,1,0.37194926,0.09302325546741486,0.04339250549674034,0.04296014457941055
YHR007C,YPR184W,0,0.371526,0.09282700717449188,0.04339250549674034,0.04306028410792351
YDR074W,YLR287C-A,0,0.37149417,0.09263157844543457,0.04339250549674034,0.04316042363643646
YCL026C-A,YNL044W,0,0.37103385,0.09243697673082352,0.04339250549674034,0.04326056316494942
YDR046C,YPR121W,0,0.37089813,0.09224318712949753,0.04339250549674034,0.04336070641875267
YKL064W,YLR448W,0,0.3706097,0.0920502096414566,0.04339250549674034,0.043460845947265625
YMR114C,YPR102C,0,0.37030214,0.09185803681612015,0.04339250549674034,0.04356098547577858
YHR084W,YER165W,0,0.3700494,0.09166666865348816,0.04339250549674034,0.043661125004291534
YER104W,YIL133C,0,0.3699925,0.09147609025239944,0.04339250549674034,0.04376126453280449
YLR097C,YLR142W,0,0.36998558,0.0912863090634346,0.04339250549674034,0.04386140778660774
YDR519W,YGL205W,0,0.36965954,0.09109731018543243,0.04339250549674034,0.0439615473151207
YMR112C,YPR201W,0,0.36961955,0.09090909361839294,0.04339250549674034,0.04406168684363365
YLR399C,YOR096W,0,0.3694448,0.09072165191173553,0.04339250549674034,0.044161826372146606
YLR099C,YBR214W,0,0.36903155,0.09053497761487961,0.04339250549674034,0.04426196590065956
YPL192C,YGR218W,0,0.36890483,0.09034907817840576,0.04339250549674034,0.044362105429172516
YGL205W,YKL172W,0,0.3686489,0.0901639312505722,0.04339250549674034,0.04446224868297577
YDL060W,YIL131C,0,0.36847597,0.08997955173254013,0.04339250549674034,0.044562388211488724
YPL101W,YFR032C-A,0,0.3684079,0.08979591727256775,0.04339250549674034,0.04466252774000168
YML078W,YGL191W,0,0.36801946,0.08961303532123566,0.04339250549674034,0.04476266726851463
YER160C,YDL049C,0,0.3680051,0.08943089097738266,0.04339250549674034,0.04486280679702759
YBR186W,YHR076W,0,0.36799014,0.08924949169158936,0.04339250549674034,0.04496294632554054
YOR095C,YGR049W,0,0.3678555,0.08906882256269455,0.04339250549674034,0.045063089579343796
YLR029C,YDL035C,0,0.3674638,0.08888889104127884,0.04339250549674034,0.04516322910785675
YFL053W,YOR344C,0,0.36736405,0.08870967477560043,0.04339250549674034,0.045263368636369705
YOR095C,YDR495C,0,0.3666265,0.08853118866682053,0.04339250549674034,0.04536350816488266
YDR162C,YGL163C,0,0.36651623,0.08835341036319733,0.04339250549674034,0.045463647693395615
YBR291C,YMR032W,0,0.36649427,0.08817635476589203,0.04339250549674034,0.04556379094719887
YJL123C,YJL148W,0,0.36638147,0.08799999952316284,0.04339250549674034,0.04566393047571182
YCL075W,YBL018C,1,0.3662877,0.08982036262750626,0.044378697872161865,0.04566393047571182
YLR336C,YOR212W,0,0.36569187,0.08964143693447113,0.044378697872161865,0.04576407000422478
YMR036C,YKL172W,0,0.36563256,0.08946321904659271,0.044378697872161865,0.04586420953273773
YEL060C,YER106W,0,0.36527914,0.0892857164144516,0.044378697872161865,0.04596434906125069
YDR483W,YCR077C,0,0.3652683,0.0891089141368866,0.044378697872161865,0.04606448858976364
YBR228W,YCL075W,1,0.3650759,0.09090909361839294,0.04536489024758339,0.04606448858976364
YPR158W-B,YBR012W-B,1,0.36466622,0.09270217269659042,0.04635108634829521,0.04606448858976364
YPR104C,YGL150C,0,0.36371952,0.09251968562602997,0.04635108634829521,0.046164631843566895
YPR159W,YMR284W,0,0.36318266,0.09233791381120682,0.04635108634829521,0.04626477137207985
YJL138C,YGR263C,0,0.36244416,0.09215686470270157,0.04635108634829521,0.046364910900592804
YLR221C,YNL039W,0,0.3620191,0.09197651594877243,0.04635108634829521,0.04646505042910576
YGL125W,YBR265W,0,0.361862,0.091796875,0.04635108634829521,0.04656518995761871
YDR086C,YOR054C,0,0.36176395,0.09161793440580368,0.04635108634829521,0.04666533321142197
YAL044C,YDR072C,0,0.3617216,0.09143968671560287,0.04635108634829521,0.04676547273993492
YHL022C,YBR126C,0,0.36122432,0.09126213937997818,0.04635108634829521,0.046865612268447876
YGR209C,YMR006C,0,0.36102375,0.0910852700471878,0.04635108634829521,0.04696575179696083
YBL018C,YKL149C,1,0.36092412,0.09284332394599915,0.047337278723716736,0.04696575179696083
YIL108W,YLL052C,0,0.36081213,0.09266409277915955,0.047337278723716736,0.047065891325473785
YMR052W,YGL259W,0,0.36062688,0.09248554706573486,0.047337278723716736,0.04716603085398674
YLR147C,YGR286C,0,0.36044228,0.0923076942563057,0.047337278723716736,0.04726617410778999
YDR316W-B,YGR038C-B,1,0.359812,0.09404990077018738,0.04832347109913826,0.04726617410778999
YKL127W,YLR341W,0,0.3597328,0.09386973083019257,0.04832347109913826,0.04736631363630295
YDR403W,YDL227C,0,0.35970068,0.09369024634361267,0.04832347109913826,0.0474664531648159
YJR098C,YOL158C,0,0.35956857,0.09351144731044769,0.04832347109913826,0.04756659269332886
YML005W,YNL110C,0,0.35941282,0.09333333373069763,0.04832347109913826,0.04766673222184181
YMR171C,YDL150W,0,0.3592886,0.0931558907032013,0.04832347109913826,0.047766875475645065
YLR100W,YCR089W,0,0.35913828,0.09297912567853928,0.04832347109913826,0.04786701500415802
YKL176C,YKR061W,0,0.35904688,0.09280303120613098,0.04832347109913826,0.047967154532670975
YBL088C,YJL073W,0,0.3589272,0.09262759983539581,0.04832347109913826,0.04806729406118393
YIL172C,YJL136C,0,0.35886884,0.09245283156633377,0.04832347109913826,0.048167433589696884
YDR484W,YFL050C,0,0.35881948,0.09227871894836426,0.04832347109913826,0.04826757311820984
YNR061C,YOL158C,0,0.358441,0.09210526198148727,0.04832347109913826,0.04836771637201309
YLR390W,YDL204W,0,0.35828584,0.09193246066570282,0.04832347109913826,0.04846785590052605
YIL044C,YOR008C,0,0.3577338,0.0917603000998497,0.04832347109913826,0.048567995429039
YIL066C,YNR047W,0,0.357575,0.09158878773450851,0.04832347109913826,0.048668134957551956
YLR158C,YMR264W,0,0.35752308,0.09141790866851807,0.04832347109913826,0.04876827448606491
YMR269W,YPR022C,0,0.35706097,0.09124767035245895,0.04832347109913826,0.048868414014577866
YLR042C,YFL052W,0,0.35699555,0.09107806533575058,0.04832347109913826,0.04896855726838112
YJR105W,YPR024W,0,0.3568628,0.09090909361839294,0.04832347109913826,0.049068696796894073
YIR036C,YPR026W,0,0.3567025,0.09074074029922485,0.04832347109913826,0.04916883632540703
YBR031W,YMR228W,0,0.35655272,0.0905730128288269,0.04832347109913826,0.04926897585391998
YPL155C,YDL226C,0,0.356437,0.0904059037566185,0.04832347109913826,0.04936911538243294
YDR484W,YDR156W,0,0.35640752,0.09023941308259964,0.04832347109913826,0.04946925863623619
YER020W,YGR104C,0,0.35635602,0.09007352590560913,0.04832347109913826,0.049569398164749146
YMR316W,YGL257C,0,0.3561384,0.08990825712680817,0.04832347109913826,0.0496695376932621
YOR393W,YAL001C,0,0.35606605,0.08974359184503555,0.04832347109913826,0.049769677221775055
YOL054W,YGR163W,0,0.35597658,0.0895795226097107,0.04832347109913826,0.04986981675028801
YGR247W,YLR429W,0,0.35596985,0.08941605687141418,0.04832347109913826,0.049969956278800964
YOR008C,YML036W,0,0.35583875,0.08925318717956543,0.04832347109913826,0.05007009953260422
YPL124W,YJR045C,0,0.3557974,0.08909090608358383,0.04832347109913826,0.05017023906111717
YDR347W,YLR160C,0,0.35579097,0.08892922103404999,0.04832347109913826,0.05027037858963013
YOR206W,YPL269W,0,0.355748,0.0887681171298027,0.04832347109913826,0.05037051811814308
YDR036C,YPL283C,0,0.3551041,0.08860759437084198,0.04832347109913826,0.050470657646656036
YEL011W,YGL229C,0,0.35445207,0.08844765275716782,0.04832347109913826,0.05057080090045929
YKL213C,YDL051W,0,0.35443446,0.08828828483819962,0.04832347109913826,0.050670940428972244
YKL181W,YNL227C,0,0.35428292,0.08812949806451797,0.04832347109913826,0.0507710799574852
YDR481C,YDR037W,0,0.3540638,0.0879712775349617,0.04832347109913826,0.050871219485998154
YDR460W,YPR025C,0,0.35396147,0.08781362324953079,0.04832347109913826,0.05097135901451111
YOR192C-B,YFL002W-A,1,0.3539486,0.08944544196128845,0.049309663474559784,0.05097135901451111
YDL146W,YJR095W,0,0.3539174,0.0892857164144516,0.049309663474559784,0.05107149854302406
YGR156W,YER046W,0,0.35378033,0.08912655711174011,0.049309663474559784,0.051171641796827316
YNL026W,YER019C-A,0,0.3536482,0.08896797150373459,0.049309663474559784,0.05127178132534027
YLR353W,YBL045C,0,0.35359067,0.08880994468927383,0.049309663474559784,0.051371920853853226
YMR159C,YHR085W,0,0.35337985,0.08865248411893845,0.049309663474559784,0.05147206038236618
YNL135C,YOL019W,0,0.35319996,0.08849557489156723,0.049309663474559784,0.051572199910879135
YKL056C,YML048W,0,0.35221907,0.08833922445774078,0.049309663474559784,0.05167233943939209
YKL053C-A,YHL004W,0,0.35218668,0.08818341791629791,0.049309663474559784,0.05177248269319534
YNL309W,YMR246W,0,0.35191822,0.08802817016839981,0.049309663474559784,0.0518726222217083
YNL146W,YEL040W,0,0.35175824,0.08787345886230469,0.049309663474559784,0.05197276175022125
YLR448W,YMR280C,0,0.35163757,0.08771929889917374,0.049309663474559784,0.05207290127873421
YOR168W,YKL108W,0,0.35127825,0.08756567537784576,0.049309663474559784,0.05217304080724716
YNR045W,YJR121W,0,0.35118437,0.08741258829832077,0.049309663474559784,0.052273184061050415
YNL301C,YNL307C,0,0.3510564,0.08726003766059875,0.049309663474559784,0.05237332358956337
YJL203W,YDR208W,0,0.35085472,0.08710801601409912,0.049309663474559784,0.052473463118076324
YIL099W,YNL088W,0,0.35058635,0.08695652335882187,0.049309663474559784,0.05257360264658928
YBL100W-B,YAL033W,1,0.35058594,0.0885416641831398,0.050295859575271606,0.05257360264658928
YPL094C,YJL028W,0,0.35045642,0.08838821202516556,0.050295859575271606,0.052673742175102234
YLR157C-B,YDR098C-B,1,0.35038424,0.08996539562940598,0.05128205195069313,0.052673742175102234
YOL039W,YAR010C,0,0.35028505,0.08981001377105713,0.05128205195069313,0.05277388170361519
YPR158C-D,YPR137C-B,1,0.35026574,0.0913793072104454,0.052268244326114655,0.05277388170361519
YCL047C,YIL080W,0,0.3502259,0.09122203290462494,0.052268244326114655,0.05287402495741844
YFL002W-A,YGR048W,0,0.35016176,0.09106529504060745,0.052268244326114655,0.052974164485931396
YPL259C,YER091C,0,0.3500947,0.09090909361839294,0.052268244326114655,0.05307430401444435
YER088C,YKR042W,0,0.34983492,0.09075342118740082,0.052268244326114655,0.053174443542957306
YOR324C,YHR063C,0,0.34968245,0.09059829264879227,0.052268244326114655,0.05327458307147026
YJR083C,YLL005C,0,0.3490892,0.0904436856508255,0.052268244326114655,0.053374726325273514
YKR038C,YDR454C,0,0.34901196,0.09028960764408112,0.052268244326114655,0.05347486585378647
YCL075W,YOL042W,1,0.34882104,0.09183673560619354,0.05325443670153618,0.05347486585378647
YKL042W,YBR082C,0,0.3487728,0.09168081730604172,0.05325443670153618,0.05357500538229942
YMR146C,YLR385C,0,0.34870726,0.09152542054653168,0.05325443670153618,0.05367514491081238
YJR027W,YKR079C,1,0.34833264,0.09306260943412781,0.054240632802248,0.05367514491081238
YLR105C,YGR158C,1,0.34831297,0.09459459781646729,0.055226825177669525,0.05367514491081238
YNL178W,YGL249W,0,0.3483094,0.09443507343530655,0.055226825177669525,0.05377528443932533
YLR452C,YIL160C,0,0.34801918,0.09427609294652939,0.055226825177669525,0.05387542396783829
YDR123C,YKR042W,0,0.3476497,0.0941176488995552,0.055226825177669525,0.05397556722164154
YFR009W,YIR035C,0,0.3476078,0.0939597338438034,0.055226825177669525,0.054075706750154495
YCL019W,YKL025C,1,0.34729654,0.0954773873090744,0.05621301755309105,0.054075706750154495
YNL085W,YOL142W,1,0.34723473,0.09698996692895889,0.05719920992851257,0.054075706750154495
YDL137W,YLR119W,0,0.34723142,0.09682804346084595,0.05719920992851257,0.05417584627866745
YOR295W,YJR089W,0,0.3469774,0.09666666388511658,0.05719920992851257,0.054275985807180405
YNL231C,YPL096W,0,0.34692568,0.09650582075119019,0.05719920992851257,0.05437612533569336
YGR287C,YLL005C,0,0.34666306,0.09634551405906677,0.05719920992851257,0.05447626858949661
YNR073C,YBR230C,0,0.3464338,0.09618573635816574,0.05719920992851257,0.05457640811800957
YMR094W,YHR027C,0,0.34625438,0.09602648764848709,0.05719920992851257,0.05467654764652252
YHR029C,YJR034W,0,0.34554768,0.09586776793003082,0.05719920992851257,0.05477668717503548
YDR400W,YHR074W,0,0.34553516,0.09570956975221634,0.05719920992851257,0.05487682670354843
YLR066W,YIL101C,0,0.34532654,0.09555189311504364,0.05719920992851257,0.054976966232061386
YAL003W,YGL013C,0,0.34509447,0.09539473801851273,0.05719920992851257,0.05507710948586464
YNR016C,YER138C,0,0.3449226,0.095238097012043,0.05719920992851257,0.055177249014377594
YNL148C,YDR270W,0,0.34492233,0.09508197009563446,0.05719920992851257,0.05527738854289055
YBR207W,YKL107W,0,0.3442604,0.09492634981870651,0.05719920992851257,0.0553775280714035
YDL164C,YNL083W,0,0.34313598,0.09477124363183975,0.05719920992851257,0.05547766759991646
YOR284W,YEL071W,0,0.3426734,0.09461663663387299,0.05719920992851257,0.05557780712842941
YOR056C,YCR092C,0,0.34261927,0.09446254372596741,0.05719920992851257,0.055677950382232666
YPR158C-D,YGR038C-B,1,0.3425039,0.09593495726585388,0.058185406029224396,0.055677950382232666
YMR039C,YBR073W,0,0.34249985,0.09577921777963638,0.058185406029224396,0.05577808991074562
YPR048W,YKL021C,0,0.34209374,0.09562398493289948,0.058185406029224396,0.055878229439258575
YBR012W-A,YOR057W,0,0.3419904,0.09546925872564316,0.058185406029224396,0.05597836896777153
YJL141C,YPL026C,0,0.34183407,0.09531502425670624,0.058185406029224396,0.056078508496284485
YER082C,YNL206C,0,0.3417231,0.09516128897666931,0.058185406029224396,0.05617865175008774
YGR257C,YPL026C,0,0.3414211,0.09500805288553238,0.058185406029224396,0.05627879127860069
YHR094C,YFL016C,0,0.3411614,0.09485530853271484,0.058185406029224396,0.05637893080711365
YIL172C,YGL178W,0,0.34092906,0.09470304846763611,0.058185406029224396,0.0564790703356266
YMR305C,YGL210W,0,0.3405522,0.09455128014087677,0.058185406029224396,0.05657920986413956
YFR005C,YGR240C,0,0.3400169,0.09440000355243683,0.058185406029224396,0.05667934939265251
YPL246C,YPL128C,0,0.33996212,0.09424920380115509,0.058185406029224396,0.056779492646455765
YDR206W,YER122C,0,0.339735,0.09409888088703156,0.058185406029224396,0.05687963217496872
YHR203C,YKR003W,0,0.33941323,0.09394904226064682,0.058185406029224396,0.056979771703481674
YPR041W,YDR449C,0,0.33938438,0.09379968047142029,0.058185406029224396,0.05707991123199463
YGL122C,YLR300W,0,0.33921432,0.09365079551935196,0.058185406029224396,0.057180050760507584
YNL225C,YJR029W,0,0.33881998,0.09350237995386124,0.058185406029224396,0.05728019401431084
YNL138W,YGR234W,0,0.33877027,0.09335443377494812,0.058185406029224396,0.05738033354282379
YER082C,YBL005W-B,0,0.33850566,0.09320694953203201,0.058185406029224396,0.057480473071336746
YOR371C,YJL114W,0,0.3384906,0.09305993467569351,0.058185406029224396,0.0575806125998497
YBR057C,YJR014W,0,0.3380953,0.09291338920593262,0.058185406029224396,0.057680752128362656
YDL045W-A,YBL042C,0,0.33798444,0.09276729822158813,0.058185406029224396,0.05778089165687561
YNL284C-B,YOR192C-B,1,0.337947,0.0941915214061737,0.05917159840464592,0.05778089165687561
YKR069W,YBL039C,0,0.3378108,0.09404388815164566,0.05917159840464592,0.057881034910678864
YBR283C,YOL107W,0,0.33752438,0.09389671683311462,0.05917159840464592,0.05798117443919182
YOL103W-B,YGR161C-D,1,0.3373315,0.09531249850988388,0.060157790780067444,0.05798117443919182
YDR447C,YOR356W,0,0.33722848,0.09516380727291107,0.060157790780067444,0.05808131396770477
YPL082C,YLR009W,0,0.33697435,0.09501557797193527,0.060157790780067444,0.05818145349621773
YML112W,YNL110C,0,0.33679953,0.09486781060695648,0.060157790780067444,0.05828159302473068
YJL194W,YLR116W,0,0.3367151,0.0947204977273941,0.060157790780067444,0.058381736278533936
YDR540C,YPR098C,0,0.3365433,0.09457364678382874,0.060157790780067444,0.05848187580704689
YAR009C,YOR192C-B,1,0.3365034,0.09597523510456085,0.06114398315548897,0.05848187580704689
YOL136C,YDR522C,0,0.3364713,0.0958268940448761,0.06114398315548897,0.058582015335559845
YMR223W,YDR186C,0,0.3363092,0.09567901492118835,0.06114398315548897,0.0586821548640728
YDR448W,YFR021W,0,0.3360076,0.09553159028291702,0.06114398315548897,0.058782294392585754
YOR147W,YDL110C,0,0.33592844,0.0953846126794815,0.06114398315548897,0.05888243392109871
YGR070W,YLR174W,0,0.33588406,0.095238097012043,0.06114398315548897,0.05898257717490196
YML095C,YJR027W,1,0.3358766,0.09662576764822006,0.06213017925620079,0.05898257717490196
YDL195W,YBR235W,0,0.33582976,0.09647779166698456,0.06213017925620079,0.05908271670341492
YJR031C,YKL179C,0,0.3358118,0.09633027762174606,0.06213017925620079,0.05918285623192787
YIL114C,YGL137W,0,0.3357433,0.09618320316076279,0.06213017925620079,0.059282995760440826
YDR316W-B,YLR157C-B,1,0.3357383,0.09756097197532654,0.06311637163162231,0.059282995760440826
YJL157C,YGL179C,0,0.33573037,0.09741248190402985,0.06311637163162231,0.05938313528895378
YOR312C,YCL074W,0,0.33569187,0.09726443886756897,0.06311637163162231,0.059483274817466736
YMR176W,YLR459W,0,0.3356015,0.09711684286594391,0.06311637163162231,0.05958341807126999
YGR085C,YBR280C,0,0.33528554,0.09696969389915466,0.06311637163162231,0.059683557599782944
YFR021W,YPL266W,0,0.33514905,0.09682299196720123,0.06311637163162231,0.0597836971282959
YDR153C,YER056C-A,0,0.33513337,0.09667673707008362,0.06311637163162231,0.05988383665680885
YLR446W,YGR023W,0,0.3350833,0.09653092175722122,0.06311637163162231,0.05998397618532181
YNL307C,YDR141C,0,0.33499047,0.09638553857803345,0.06311637163162231,0.06008411943912506
YJL164C,YPL064C,0,0.33477807,0.09624060243368149,0.06311637163162231,0.060184258967638016
YKL028W,YMR239C,0,0.3346526,0.09609609842300415,0.06311637163162231,0.06028439849615097
YDR306C,YDL055C,0,0.33456773,0.09595202654600143,0.06311637163162231,0.060384538024663925
YBR240C,YER126C,0,0.33453572,0.09580838680267334,0.06311637163162231,0.06048467755317688
YLL035W,YFL055W,0,0.33432728,0.09566517174243927,0.06311637163162231,0.060584817081689835
YBR059C,YCL052C,0,0.3340296,0.09552238881587982,0.06311637163162231,0.06068496033549309
YKL221W,YDL110C,0,0.33373386,0.0953800305724144,0.06311637163162231,0.06078509986400604
YOR077W,YBL069W,0,0.333104,0.095238097012043,0.06311637163162231,0.060885239392519
YOR085W,YOR219C,0,0.33306313,0.09509658068418503,0.06311637163162231,0.06098537892103195
YKR008W,YHR166C,0,0.33294323,0.09495548903942108,0.06311637163162231,0.06108551844954491
YMR142C,YOR075W,0,0.33291727,0.09481481462717056,0.06311637163162231,0.06118566170334816
YHR116W,YMR315W,0,0.3328482,0.09467455744743347,0.06311637163162231,0.061285801231861115
YGR195W,YIL135C,0,0.3325111,0.09453471004962921,0.06311637163162231,0.06138594076037407
YDR488C,YNL309W,0,0.33219406,0.09439527988433838,0.06311637163162231,0.061486080288887024
YDR364C,YPL051W,0,0.33209416,0.09425625950098038,0.06311637163162231,0.06158621981739998
YOL094C,YBR133C,0,0.3319659,0.0941176488995552,0.06311637163162231,0.06168635934591293
YGL031C,YGL179C,0,0.3318935,0.09397944062948227,0.06311637163162231,0.061786502599716187
YLR158C,YDR376W,0,0.33186233,0.09384164214134216,0.06311637163162231,0.06188664212822914
YJL042W,YDR225W,0,0.33184206,0.09370424598455429,0.06311637163162231,0.061986781656742096
YDR077W,YKL201C,0,0.33146465,0.09356725215911865,0.06311637163162231,0.06208692118525505
YMR314W,YPR019W,0,0.33106518,0.09343065321445465,0.06311637163162231,0.062187060713768005
YGL035C,YJR160C,0,0.33102962,0.09329446405172348,0.06311637163162231,0.06228720024228096
YCL008C,YEL017C-A,0,0.33099878,0.09315866231918335,0.06311637163162231,0.06238734349608421
YIL091C,YKL020C,0,0.33086544,0.09302325546741486,0.06311637163162231,0.06248748302459717
YDR506C,YIR038C,0,0.33079967,0.092888243496418,0.06311637163162231,0.06258762627840042
YPL016W,YCL045C,0,0.33076218,0.09275362640619278,0.06311637163162231,0.06268776208162308
YFL066C,YIL072W,0,0.3302865,0.092619389295578,0.06311637163162231,0.06278790533542633
YPL124W,YGL043W,0,0.33011165,0.09248554706573486,0.06311637163162231,0.06288804113864899
YOR144C,YIR013C,0,0.33009028,0.09235209226608276,0.06311637163162231,0.06298818439245224
YJR063W,YDL111C,1,0.330014,0.09365994483232498,0.06410256773233414,0.06298818439245224
YBR175W,YHR089C,0,0.3299591,0.09352517873048782,0.06410256773233414,0.0630883201956749
YML024W,YDR030C,0,0.32983074,0.0933908075094223,0.06410256773233414,0.06318846344947815
YFL052W,YMR282C,0,0.32972804,0.09325681626796722,0.06410256773233414,0.0632886067032814
YDR497C,YGL128C,0,0.3296704,0.09312321245670319,0.06410256773233414,0.06338874250650406
YDR527W,YOR202W,0,0.32964462,0.09298998862504959,0.06410256773233414,0.06348888576030731
YPL019C,YDL004W,0,0.3290552,0.09285714477300644,0.06410256773233414,0.06358902156352997
YPL186C,YBR204C,0,0.32892197,0.09272468090057373,0.06410256773233414,0.06368916481733322
YOR167C,YDR436W,0,0.3288005,0.09259258955717087,0.06410256773233414,0.06378930807113647
YBL020W,YDR074W,0,0.32879233,0.09246088564395905,0.06410256773233414,0.06388944387435913
YGR067C,YOR338W,0,0.3286333,0.09232954680919647,0.06410256773233414,0.06398958712816238
YOR001W,YLR143W,1,0.32835826,0.0936170220375061,0.06508875638246536,0.06398958712816238
YPR070W,YAL038W,0,0.32792282,0.09348441660404205,0.06508875638246536,0.06408972293138504
YDL120W,YNL252C,0,0.32759058,0.09335219115018845,0.06508875638246536,0.0641898661851883
YKL038W,YGR076C,0,0.32753557,0.09322033822536469,0.06508875638246536,0.06429000943899155
YLR264W,YER119C,0,0.32746378,0.09308885782957077,0.06508875638246536,0.0643901452422142
YGR249W,YLR130C,0,0.32723725,0.0929577499628067,0.06508875638246536,0.06449028849601746
YAL039C,YOR226C,0,0.327157,0.09282700717449188,0.06508875638246536,0.06459042429924011
YHR092C,YOR058C,0,0.32708937,0.09269662946462631,0.06508875638246536,0.06469056755304337
YDR436W,YOR369C,0,0.32684982,0.09256661683320999,0.06508875638246536,0.06479070335626602
YBR012W-B,YFL002W-A,1,0.32681742,0.09383753687143326,0.06607495248317719,0.06479070335626602
YDR113C,YLR206W,0,0.32666457,0.09370629489421844,0.06607495248317719,0.06489084661006927
YGR218W,YGL148W,0,0.32649475,0.09357541799545288,0.06607495248317719,0.06499098986387253
YGR095C,YJL046W,0,0.32643163,0.09344490617513657,0.06607495248317719,0.06509112566709518
YNL102W,YGR157W,0,0.32641366,0.0933147668838501,0.06607495248317719,0.06519126892089844
YJR053W,YPL132W,0,0.32592687,0.09318497776985168,0.06607495248317719,0.0652914047241211
YDL208W,YDR501W,0,0.3258718,0.09305555373430252,0.06607495248317719,0.06539154797792435
YBR055C,YJL097W,0,0.32581964,0.09292648732662201,0.06607495248317719,0.0654916912317276
YOL043C,YJL138C,0,0.32531393,0.09279778599739075,0.06607495248317719,0.06559182703495026
YHR011W,YMR006C,0,0.3251872,0.09266943484544754,0.06607495248317719,0.06569197028875351
YLR145W,YLR277C,1,0.32515985,0.09392265230417252,0.06706114113330841,0.06569197028875351
YKL211C,YGL103W,0,0.32513243,0.0937931016087532,0.06706114113330841,0.06579210609197617
YIL063C,YPL237W,0,0.32508275,0.09366390854120255,0.06706114113330841,0.06589224934577942
YJR028W,YLR073C,0,0.32498467,0.09353507310152054,0.06706114113330841,0.06599239259958267
YGL106W,YML001W,0,0.32493335,0.09340659528970718,0.06706114113330841,0.06609252840280533
YHR164C,YNR057C,0,0.324843,0.09327846020460129,0.06706114113330841,0.06619267165660858
YOR198C,YDR173C,0,0.3245631,0.09315068274736404,0.06706114113330841,0.06629280745983124
YBR136W,YBR004C,0,0.3244604,0.09302325546741486,0.06706114113330841,0.06639295071363449
YPL007C,YGL077C,0,0.3242443,0.09289617836475372,0.06706114113330841,0.06649309396743774
YBR080C,YCR034W,0,0.32400128,0.09276944398880005,0.06706114113330841,0.0665932297706604
YMR247C,YGR034W,0,0.32396498,0.09264305233955383,0.06706114113330841,0.06669337302446365
YLR074C,YDR368W,0,0.32363603,0.09251700341701508,0.06706114113330841,0.06679350882768631
YHR034C,YML026C,0,0.32363018,0.09239130467176437,0.06706114113330841,0.06689365208148956
YLR188W,YGL141W,0,0.32332808,0.09226594120264053,0.06706114113330841,0.06699378788471222
YFL024C,YML012W,0,0.32302788,0.09214092046022415,0.06706114113330841,0.06709393113851547
YHR058C,YPR160W,0,0.32259315,0.09201623499393463,0.06706114113330841,0.06719407439231873
YDR403W,YBL030C,0,0.32243115,0.09189189225435257,0.06706114113330841,0.06729421019554138
YOR066W,YDR166C,0,0.3223889,0.09176788479089737,0.06706114113330841,0.06739435344934464
YDR090C,YKL180W,0,0.3221891,0.09164420515298843,0.06706114113330841,0.06749448925256729
YOR310C,YJR053W,0,0.32214415,0.09152086079120636,0.06706114113330841,0.06759463250637054
YJR043C,YBR012W-B,1,0.32201704,0.0927419364452362,0.06804733723402023,0.06759463250637054
YBR010W,YBR280C,0,0.32191128,0.0926174521446228,0.06804733723402023,0.0676947757601738
YMR122W-A,YDR330W,0,0.3216712,0.09249329566955566,0.06804733723402023,0.06779491156339645
YPL099C,YDL217C,0,0.3211848,0.09236947447061539,0.06804733723402023,0.06789505481719971
YJR033C,YIL048W,0,0.32091093,0.09224598854780197,0.06804733723402023,0.06799519062042236
YGR287C,YLL013C,0,0.3208602,0.09212283045053482,0.06804733723402023,0.06809533387422562
YDR239C,YBL100W-A,0,0.32013083,0.09200000017881393,0.06804733723402023,0.06819547712802887
YDR191W,YLR043C,0,0.3201303,0.09187749773263931,0.06804733723402023,0.06829561293125153
YNL160W,YMR292W,0,0.3200047,0.09175531566143036,0.06804733723402023,0.06839575618505478
YKR008W,YKR029C,0,0.31988025,0.09163346886634827,0.06804733723402023,0.06849589198827744
YMR295C,YLR343W,0,0.31978405,0.09151193499565125,0.06804733723402023,0.06859603524208069
YJR104C,YOR196C,0,0.3196228,0.09139072895050049,0.06804733723402023,0.06869617104530334
YGR161C-D,YLR157C-B,1,0.31961632,0.09259258955717087,0.06903353333473206,0.06869617104530334
YIL080W,YOR056C,1,0.3192978,0.09379128366708755,0.07001972198486328,0.06869617104530334
YGR036C,YDR393W,0,0.31926093,0.09366754442453384,0.07001972198486328,0.0687963142991066
YMR090W,YBR012W-B,0,0.31924224,0.093544140458107,0.07001972198486328,0.06889645755290985
YOR343W-B,YLR157C-B,1,0.318933,0.09473684430122375,0.0710059180855751,0.06889645755290985
YOR036W,YNL154C,0,0.31875727,0.09461235255002975,0.0710059180855751,0.06899659335613251
YNL212W,YAL029C,0,0.31874666,0.09448818862438202,0.0710059180855751,0.06909673660993576
YPR091C,YKL172W,0,0.31863385,0.09436435252428055,0.0710059180855751,0.06919687241315842
YLR100W,YCL004W,0,0.31842822,0.09424083679914474,0.0710059180855751,0.06929701566696167
YGL002W,YLR042C,0,0.31820434,0.0941176488995552,0.0710059180855751,0.06939715892076492
YOR368W,YJR027W,1,0.318129,0.09530026465654373,0.07199210673570633,0.06939715892076492
YDL126C,YOL017W,0,0.31783783,0.09517601132392883,0.07199210673570633,0.06949729472398758
YDR444W,YOL057W,0,0.3178141,0.0950520858168602,0.07199210673570633,0.06959743797779083
YJR063W,YGR109W-B,1,0.31762886,0.09622886776924133,0.07297830283641815,0.06959743797779083
YNL135C,YMR051C,0,0.31762457,0.09610389918088913,0.07297830283641815,0.06969757378101349
YGL211W,YOR008C,0,0.3175339,0.0959792509675026,0.07297830283641815,0.06979771703481674
YGL031C,YNL217W,0,0.31745288,0.09585492312908173,0.07297830283641815,0.06989786028862
YBR050C,YJR151C,0,0.31723493,0.09573091566562653,0.07297830283641815,0.06999799609184265
YOR066W,YLR183C,0,0.3171888,0.09560723602771759,0.07297830283641815,0.0700981393456459
YDR138W,YNL222W,0,0.31714922,0.09548386931419373,0.07297830283641815,0.07019827514886856
YFR036W,YGR065C,0,0.31707025,0.09536082297563553,0.07297830283641815,0.07029841840267181
YGL135W,YGL212W,0,0.3170636,0.095238097012043,0.07297830283641815,0.07039856165647507
YNL002C,YDR538W,0,0.31705356,0.09511568397283554,0.07297830283641815,0.07049869745969772
YOL028C,YOR204W,0,0.31689104,0.09499358385801315,0.07297830283641815,0.07059884071350098
YNL225C,YKL163W,0,0.31661755,0.09487179666757584,0.07297830283641815,0.07069897651672363
YLR192C,YML034W,0,0.31638363,0.09475032240152359,0.07297830283641815,0.07079911977052689
YLR192C,YKR019C,0,0.31634867,0.09462915360927582,0.07297830283641815,0.07089925557374954
YHR056C,YDR318W,0,0.31630293,0.09450829774141312,0.07297830283641815,0.0709993988275528
YGR177C,YNL083W,0,0.3161927,0.09438775479793549,0.07297830283641815,0.07109954208135605
YDL143W,YNL148C,0,0.31617653,0.09426751732826233,0.07297830283641815,0.0711996778845787
YHR175W,YDL049C,0,0.31612587,0.09414758533239365,0.07297830283641815,0.07129982113838196
YCL025C,YGL175C,0,0.31591386,0.09402795135974884,0.07297830283641815,0.07139995694160461
YER020W,YDL067C,0,0.31585103,0.0939086303114891,0.07297830283641815,0.07150010019540787
YLR135W,YCR026C,1,0.3156395,0.09505703300237656,0.07396449893712997,0.07150010019540787
YDR210C-D,YPR158C-D,1,0.3155043,0.09620252996683121,0.0749506875872612,0.07150010019540787
YML039W,YDR478W,1,0.31525373,0.09734513610601425,0.07593688368797302,0.07150010019540787
YDL148C,YMR301C,0,0.31524292,0.0972222238779068,0.07593688368797302,0.07160024344921112
YPL047W,YPR018W,0,0.31480372,0.09709962457418442,0.07593688368797302,0.07170037925243378
YKL008C,YGL010W,0,0.31469283,0.09697733074426651,0.07593688368797302,0.07180052250623703
YPL167C,YHL001W,0,0.31440896,0.09685534238815308,0.07593688368797302,0.07190065830945969
YBR044C,YPL220W,0,0.31438982,0.09673366695642471,0.07593688368797302,0.07200080156326294
YLL027W,YJR032W,0,0.31406918,0.09661229699850082,0.07593688368797302,0.07210094481706619
YPL152W,YDR322C-A,0,0.31393415,0.09649122506380081,0.07593688368797302,0.07220108062028885
YDR083W,YDR159W,0,0.31388682,0.09637046605348587,0.07593688368797302,0.0723012238740921
YBR018C,YMR093W,0,0.3138841,0.09624999761581421,0.07593688368797302,0.07240135967731476
YML058W,YDR424C,0,0.31384683,0.09612983465194702,0.07593688368797302,0.07250150293111801
YLR325C,YGL222C,0,0.31379196,0.09600997716188431,0.07593688368797302,0.07260163873434067
YPR024W,YBL002W,0,0.3137539,0.09589041024446487,0.07593688368797302,0.07270178198814392
YAL033W,YBR012W-B,1,0.31369162,0.09701492637395859,0.07692307978868484,0.07270178198814392
YIR010W,YOL112W,0,0.31344193,0.09689441323280334,0.07692307978868484,0.07280192524194717
YDR307W,YJR016C,0,0.3133086,0.09677419066429138,0.07692307978868484,0.07290206104516983
YDL133C-A,YMR306W,0,0.3130964,0.09665427356958389,0.07692307978868484,0.07300220429897308
YOR389W,YDR310C,0,0.31309333,0.09653465449810028,0.07692307978868484,0.07310234010219574
YHR034C,YKL078W,0,0.31301612,0.09641532599925995,0.07692307978868484,0.07320248335599899
YGR161W-B,YER160C,1,0.31296125,0.09753086417913437,0.07790926843881607,0.07320248335599899
YFL036W,YMR246W,0,0.3129251,0.09741060435771942,0.07790926843881607,0.07330262660980225
YER138C,YBR257W,1,0.31282127,0.09852216392755508,0.0788954645395279,0.07330262660980225
YER061C,YML097C,0,0.31222808,0.09840098768472672,0.0788954645395279,0.0734027624130249
YCR102C,YML091C,0,0.3121439,0.09828009456396103,0.0788954645395279,0.07350290566682816
YMR239C,YER138C,1,0.3120283,0.09938650578260422,0.07988165318965912,0.07350290566682816
YDL153C,YGL233W,0,0.3113898,0.0992647036910057,0.07988165318965912,0.07360304147005081
YGR098C,YLR342W,0,0.3112704,0.09914320707321167,0.07988165318965912,0.07370318472385406
YDL133C-A,YDR532C,0,0.3112078,0.09902200847864151,0.07988165318965912,0.07380332797765732
YNR020C,YOR180C,0,0.31118944,0.09890110045671463,0.07988165318965912,0.07390346378087997
YLR048W,YPL283C,0,0.31104034,0.09878049045801163,0.07988165318965912,0.07400360703468323
YNL046W,YIL042C,0,0.31095776,0.0986601710319519,0.07988165318965912,0.07410374283790588
YLR340W,YGR086C,0,0.31065315,0.09854014962911606,0.07988165318965912,0.07420388609170914
YHR019C,YPR024W,0,0.3106171,0.0984204113483429,0.07988165318965912,0.07430402934551239
YNR069C,YMR078C,0,0.3105356,0.09830097109079361,0.07988165318965912,0.07440416514873505
YBR128C,YKL148C,0,0.30981916,0.0981818214058876,0.07988165318965912,0.0745043084025383
YMR130W,YBR236C,0,0.3097544,0.09806295484304428,0.07988165318965912,0.07460444420576096
YLR048W,YMR020W,0,0.3096602,0.09794437885284424,0.07988165318965912,0.07470458745956421
YGR038W,YLR048W,0,0.30957207,0.09782608598470688,0.07988165318965912,0.07480472326278687
YKL189W,YDR166C,0,0.30948782,0.0977080836892128,0.07988165318965912,0.07490486651659012
YFL018C,YKR018C,0,0.30928022,0.0975903645157814,0.07988165318965912,0.07500500977039337
YEL064C,YPR113W,0,0.30910268,0.09747292101383209,0.07988165318965912,0.07510514557361603
YOR201C,YPL271W,0,0.30854976,0.09735576808452606,0.07988165318965912,0.07520528882741928
YDL174C,YBR282W,0,0.308329,0.09723889827728271,0.07988165318965912,0.07530542463064194
YOR343W-B,YBR012W-B,1,0.3082772,0.0983213409781456,0.08086784929037094,0.07530542463064194
YBR183W,YPR113W,0,0.30823597,0.09820359200239182,0.08086784929037094,0.07540556788444519
YKR079C,YJL087C,1,0.30819428,0.09928229451179504,0.08185404539108276,0.07540556788444519
YOL090W,YFL054C,0,0.30800417,0.09916368126869202,0.08185404539108276,0.07550571113824844
YLR035C-A,YHR061C,0,0.30781925,0.09904534369707108,0.08185404539108276,0.0756058469414711
YCL040W,YBR092C,0,0.3078022,0.09892729669809341,0.08185404539108276,0.07570599019527435
YBR132C,YGR032W,0,0.30774897,0.09880952537059784,0.08185404539108276,0.07580612599849701
YGR035C,YKL198C,0,0.30764484,0.09869202971458435,0.08185404539108276,0.07590626925230026
YDL194W,YNR018W,0,0.30741325,0.09857482463121414,0.08185404539108276,0.07600641250610352
YGL112C,YPL202C,0,0.30728456,0.09845788776874542,0.08185404539108276,0.07610654830932617
YOR294W,YDL109C,0,0.30705678,0.09834123402833939,0.08185404539108276,0.07620669156312943
YGL187C,YCR011C,0,0.30694577,0.09822484850883484,0.08185404539108276,0.07630682736635208
YMR046C,YCR034W,0,0.3068831,0.09810874611139297,0.08185404539108276,0.07640697062015533
YHR214C-B,YAL033W,1,0.3066679,0.09917355328798294,0.08284023404121399,0.07640697062015533
YDL229W,YDR494W,0,0.3066452,0.09905660152435303,0.08284023404121399,0.07650710642337799
YJL062W,YDL129W,0,0.30662286,0.0989399328827858,0.08284023404121399,0.07660724967718124
YKL170W,YPR152C,0,0.30660442,0.09882353246212006,0.08284023404121399,0.0767073929309845
YFL014W,YIL061C,0,0.30652374,0.0987074002623558,0.08284023404121399,0.07680752873420715
YPL236C,YML049C,0,0.30647644,0.09859155118465424,0.08284023404121399,0.0769076719880104
YOR257W,YMR051C,0,0.3062383,0.09847597032785416,0.08284023404121399,0.07700780779123306
YEL070W,YMR292W,0,0.3058045,0.09836065769195557,0.08284023404121399,0.07710795104503632
YBR061C,YLR117C,0,0.30579346,0.09824561327695847,0.08284023404121399,0.07720809429883957
YMR285C,YOR048C,1,0.3055103,0.09929906576871872,0.08382643014192581,0.07720809429883957
YGR038W,YCR075C,0,0.30516723,0.09918319433927536,0.08382643014192581,0.07730823010206223
YHR056C,YKL095W,0,0.30481797,0.09906759858131409,0.08382643014192581,0.07740837335586548
YKL186C,YOR328W,0,0.30472726,0.0989522710442543,0.08382643014192581,0.07750850915908813
YGR188C,YLR447C,0,0.30463704,0.09883721172809601,0.08382643014192581,0.07760865241289139
YER050C,YKL180W,0,0.30461207,0.0987224131822586,0.08382643014192581,0.07770879566669464
YGR200C,YBR198C,0,0.30453342,0.09860789030790329,0.08382643014192581,0.0778089314699173
YJR029W,YGL077C,0,0.30446514,0.09849362820386887,0.08382643014192581,0.07790907472372055
YNL064C,YCR028C,0,0.304285,0.09837962687015533,0.08382643014192581,0.0780092105269432
YMR112C,YGL032C,0,0.30423078,0.09826589375734329,0.08382643014192581,0.07810935378074646
YLR425W,YPR200C,0,0.30421165,0.09815242141485214,0.08382643014192581,0.07820948958396912
YDL170W,YHR063C,0,0.30418393,0.09803921729326248,0.08382643014192581,0.07830963283777237
YNR074C,YKR066C,0,0.3040302,0.09792626649141312,0.08382643014192581,0.07840977609157562
YMR025W,YDL204W,0,0.30388117,0.09781357645988464,0.08382643014192581,0.07850991189479828
YBL084C,YKR013W,0,0.30387175,0.09770114719867706,0.08382643014192581,0.07861005514860153
YPL200W,YMR022W,0,0.30377704,0.09758897870779037,0.08382643014192581,0.07871019095182419
YBR257W,YIL080W,1,0.3036458,0.0986238569021225,0.08481262624263763,0.07871019095182419
YLR106C,YDR116C,0,0.3033362,0.09851088374853134,0.08481262624263763,0.07881033420562744
YKR025W,YLR078C,0,0.30322337,0.09839817136526108,0.08481262624263763,0.0789104774594307
YGR037C,YER140W,0,0.30314818,0.09828571230173111,0.08481262624263763,0.07901061326265335
YDR013W,YMR093W,0,0.30287135,0.09817351400852203,0.08481262624263763,0.0791107565164566
YFR031C,YDR390C,0,0.30279502,0.09806157648563385,0.08481262624263763,0.07921089231967926
YPR152C,YOL064C,0,0.30270845,0.09794988483190536,0.08481262624263763,0.07931103557348251
YLR353W,YOR133W,0,0.30246687,0.09783845394849777,0.08481262624263763,0.07941117882728577
YDL043C,YIL078W,0,0.30224818,0.09772727638483047,0.08481262624263763,0.07951131463050842
YKR059W,YNL270C,0,0.30223846,0.09761634469032288,0.08481262624263763,0.07961145788431168
YJR088C,YDR030C,0,0.3021633,0.09750566631555557,0.08481262624263763,0.07971159368753433
YLR203C,YCL027W,0,0.30204472,0.09739524126052856,0.08481262624263763,0.07981173694133759
YNL080C,YOR133W,0,0.3020185,0.09728506952524185,0.08481262624263763,0.07991188019514084
YLR264W,YIL042C,0,0.30163768,0.09717514365911484,0.08481262624263763,0.0800120159983635
YDR316W-B,YGR161C-D,1,0.30149975,0.09819412976503372,0.08579881489276886,0.0800120159983635
YJL213W,YNR057C,0,0.3013943,0.09808342903852463,0.08579881489276886,0.08011215925216675
YNL301C,YDL104C,0,0.30131173,0.09797297418117523,0.08579881489276886,0.0802122950553894
YGL121C,YDR086C,0,0.3012606,0.09786276519298553,0.08579881489276886,0.08031243830919266
YPR054W,YAR066W,0,0.30122507,0.09775280952453613,0.08579881489276886,0.08041257411241531
YPL192C,YGR251W,0,0.30096176,0.09764309972524643,0.08579881489276886,0.08051271736621857
YPL069C,YHR216W,0,0.30071324,0.09753363579511642,0.08579881489276886,0.08061286062002182
YBR298C,YNL016W,0,0.30063063,0.09742441028356552,0.08579881489276886,0.08071299642324448
YER103W,YBR070C,0,0.30034962,0.09731543809175491,0.08579881489276886,0.08081313967704773
YFR037C,YOR269W,0,0.3002308,0.09720670431852341,0.08579881489276886,0.08091327548027039
YER117W,YNL192W,0,0.3002199,0.0970982164144516,0.08579881489276886,0.08101341873407364
YFR015C,YNR057C,0,0.30002367,0.09698996692895889,0.08579881489276886,0.08111356198787689
YMR092C,YIL050W,0,0.29984868,0.09688196331262589,0.08579881489276886,0.08121369779109955
YDR444W,YPL271W,0,0.29974073,0.09677419066429138,0.08579881489276886,0.0813138410449028
YIL093C,YPR030W,0,0.29961476,0.09666666388511658,0.08579881489276886,0.08141397684812546
YIL080W,YDL191W,0,0.29950354,0.09655937552452087,0.08579881489276886,0.08151412010192871
YDR126W,YML039W,0,0.29948848,0.09645232558250427,0.08579881489276886,0.08161426335573196
YJL113W,YHR062C,1,0.29925996,0.09745293110609055,0.08678501099348068,0.08161426335573196
YNL080C,YBL100W-A,0,0.29921213,0.09734513610601425,0.08678501099348068,0.08171439915895462
YML114C,YJL097W,0,0.298751,0.09723757207393646,0.08678501099348068,0.08181454241275787
YNL080C,YKR013W,0,0.29860604,0.09713024646043777,0.08678501099348068,0.08191467821598053
YIR037W,YKL148C,0,0.2985261,0.09702315181493759,0.08678501099348068,0.08201482146978378
YOR278W,YNR035C,0,0.29842806,0.0969163030385971,0.08678501099348068,0.08211495727300644
YJL151C,YNL307C,0,0.2984028,0.09680967777967453,0.08678501099348068,0.08221510052680969
YCL055W,YPL037C,0,0.29833478,0.09670329838991165,0.08678501099348068,0.08231524378061295
YJL076W,YPL162C,0,0.29826748,0.09659714251756668,0.08678501099348068,0.0824153795838356
YOR287C,YML005W,0,0.29781866,0.09649122506380081,0.08678501099348068,0.08251552283763885
YCR028C-A,YHR042W,0,0.2970921,0.09638553857803345,0.08678501099348068,0.08261565864086151
YDR351W,YKL172W,0,0.29702914,0.09628009051084518,0.08678501099348068,0.08271580189466476
YGR278W,YNR063W,0,0.29676294,0.09617486596107483,0.08678501099348068,0.08281594514846802
YNL101W,YLR376C,0,0.2967391,0.09606987237930298,0.08678501099348068,0.08291608095169067
YDR034C-D,YMR050C,1,0.2965446,0.09705561399459839,0.08777119964361191,0.08291608095169067
YDR186C,YLL013C,0,0.29606834,0.09694989025592804,0.08777119964361191,0.08301622420549393
YML045W,YHR062C,1,0.29602635,0.09793253242969513,0.08875739574432373,0.08301622420549393
YBL100W-B,YIL080W,1,0.2957562,0.0989130437374115,0.08974359184503555,0.08301622420549393
YGR161W-B,YPR158W-B,1,0.2956662,0.09989142417907715,0.09072978049516678,0.08301622420549393
YDR304C,YJL177W,0,0.2956397,0.09978307783603668,0.09072978049516678,0.08311636000871658
YLR135W,YDL102W,1,0.29562727,0.100758396089077,0.0917159765958786,0.08311636000871658
YGR095C,YJR029W,1,0.2955026,0.10173159837722778,0.09270217269659042,0.08311636000871658
YER160C,YOL124C,0,0.29530144,0.10162162035703659,0.09270217269659042,0.08321650326251984
YML132W,YOL058W,0,0.29509073,0.1015118807554245,0.09270217269659042,0.08331664651632309
YLR262C,YNR050C,0,0.2945883,0.10140237212181091,0.09270217269659042,0.08341678231954575
YOR201C,YML131W,0,0.294521,0.10129310190677643,0.09270217269659042,0.083516925573349
YKL189W,YGL059W,0,0.29452038,0.10118407011032104,0.09270217269659042,0.08361706137657166
YLR059C,YAL015C,1,0.29446977,0.10215053707361221,0.09368836134672165,0.08361706137657166
YOR077W,YFL013C,0,0.29403955,0.10204081982374191,0.09368836134672165,0.08371720463037491
YOR149C,YML095C,0,0.29398552,0.10193133354187012,0.09368836134672165,0.08381734788417816
YPL192C,YJL097W,0,0.29385817,0.10182207822799683,0.09368836134672165,0.08391748368740082
YER026C,YIL132C,0,0.29379165,0.10171306133270264,0.09368836134672165,0.08401762694120407
YOR125C,YGR032W,0,0.29377335,0.10160427540540695,0.09368836134672165,0.08411776274442673
YBR110W,YPR183W,0,0.29363924,0.10149572789669037,0.09368836134672165,0.08421790599822998
YDR077W,YML097C,0,0.2935604,0.1013874039053917,0.09368836134672165,0.08431804180145264
YDR245W,YKL065C,0,0.29346895,0.10127931833267212,0.09368836134672165,0.08441818505525589
YOR381W,YGR037C,0,0.29346514,0.10117145627737045,0.09368836134672165,0.08451832830905914
YLR438C-A,YLL033W,0,0.2931305,0.10106383264064789,0.09368836134672165,0.0846184641122818
YNL095C,YBR026C,0,0.2928626,0.10095643252134323,0.09368836134672165,0.08471860736608505
YDR060W,YMR224C,0,0.29280597,0.10084925591945648,0.09368836134672165,0.08481874316930771
YKL028W,YGR144W,0,0.29244417,0.10074231028556824,0.09368836134672165,0.08491888642311096
YKL208W,YKL095W,0,0.29243714,0.1006355956196785,0.09368836134672165,0.08501902967691422
YNL291C,YHR214C-B,0,0.29243672,0.10052909702062607,0.09368836134672165,0.08511916548013687
YJR140C,YIL020C,0,0.29207677,0.10042282938957214,0.09368836134672165,0.08521930873394012
YPL152W,YER003C,0,0.29135132,0.10031679272651672,0.09368836134672165,0.08531944453716278
YJL141C,YOR089C,0,0.2911588,0.10021097213029861,0.09368836134672165,0.08541958779096603
YJR091C,YAR066W,0,0.29110566,0.10010537505149841,0.09368836134672165,0.08551973104476929
YJL198W,YCR098C,0,0.29099822,0.10000000149011612,0.09368836134672165,0.08561986684799194
YCR026C,YEL016C,1,0.29096168,0.10094637423753738,0.09467455744743347,0.08561986684799194
YMR315W,YPR165W,0,0.29088336,0.10084033757448196,0.09467455744743347,0.0857200101017952
YDL214C,YAL003W,0,0.29086503,0.10073452442884445,0.09467455744743347,0.08582014590501785
YIL139C,YDR411C,0,0.2907263,0.10062892735004425,0.09467455744743347,0.0859202891588211
YIL122W,YKL001C,0,0.2906849,0.10052356123924255,0.09467455744743347,0.08602042496204376
YPR080W,YFL054C,0,0.29068142,0.10041841119527817,0.09467455744743347,0.08612056821584702
YMR291W,YMR032W,0,0.2905101,0.10031347721815109,0.09467455744743347,0.08622071146965027
YHR084W,YNL244C,0,0.2903382,0.10020876675844193,0.09467455744743347,0.08632084727287292
YML046W,YML034W,0,0.29031223,0.10010427236557007,0.09467455744743347,0.08642099052667618
YLR013W,YPL092W,0,0.29030895,0.10000000149011612,0.09467455744743347,0.08652112632989883
YNL339C,YGR059W,0,0.28985375,0.09989593923091888,0.09467455744743347,0.08662126958370209
YFR037C,YNL245C,0,0.28979725,0.09979210048913956,0.09467455744743347,0.08672141283750534
YIR022W,YKL100C,0,0.28977203,0.09968847036361694,0.09467455744743347,0.086821548640728
YJR098C,YBR082C,0,0.28960758,0.09958506375551224,0.09467455744743347,0.08692169189453125
YKR079C,YML045W,1,0.2895387,0.100518137216568,0.0956607460975647,0.08692169189453125
YBR234C,YGR280C,0,0.28951782,0.10041407495737076,0.0956607460975647,0.0870218276977539
YLR186W,YIR013C,0,0.28949556,0.10031023621559143,0.0956607460975647,0.08712197095155716
YLR370C,YMR089C,0,0.28935602,0.10020661354064941,0.0956607460975647,0.08722211420536041
YJR107W,YJR025C,0,0.28921446,0.10010319948196411,0.0956607460975647,0.08732225000858307
YMR276W,YKL146W,0,0.28913635,0.10000000149011612,0.0956607460975647,0.08742239326238632
YLR204W,YDR540C,0,0.289106,0.09989701211452484,0.0956607460975647,0.08752252906560898
YDR280W,YFL002W-A,1,0.28900543,0.1008230447769165,0.09664694219827652,0.08752252906560898
YNR006W,YNL223W,0,0.28897503,0.10071942210197449,0.09664694219827652,0.08762267231941223
YDL213C,YCL059C,0,0.28873116,0.10061601549386978,0.09664694219827652,0.08772281557321548
YMR011W,YDL191W,0,0.2886694,0.10051281750202179,0.09664694219827652,0.08782295137643814
YPL155C,YPL271W,0,0.28825003,0.10040983557701111,0.09664694219827652,0.0879230946302414
YCR040W,YGL097W,0,0.28806457,0.10030706226825714,0.09664694219827652,0.08802323043346405
YMR305C,YMR092C,0,0.287872,0.10020449757575989,0.09664694219827652,0.0881233736872673
YPL213W,YOR083W,0,0.28768885,0.10010214149951935,0.09664694219827652,0.08822350949048996
YBR253W,YOR076C,0,0.2876439,0.10000000149011612,0.09664694219827652,0.08832365274429321
YPL037C,YER138C,0,0.2875695,0.09989806264638901,0.09664694219827652,0.08842379599809647
YGR062C,YLR126C,0,0.2873938,0.09979633241891861,0.09664694219827652,0.08852393180131912
YNL054W-B,YML045W,1,0.28721994,0.10071210563182831,0.09763313829898834,0.08852393180131912
YOL002C,YJR031C,0,0.28691667,0.10060975700616837,0.09763313829898834,0.08862407505512238
YCR102C,YER091C,0,0.28667086,0.10050761699676514,0.09763313829898834,0.08872421085834503
YPL026C,YOL017W,0,0.28652364,0.10040567815303802,0.09763313829898834,0.08882435411214828
YJL184W,YKL025C,0,0.28630942,0.10030394792556763,0.09763313829898834,0.08892449736595154
YIL150C,YDR341C,0,0.28628176,0.10020242631435394,0.09763313829898834,0.0890246331691742
YJL171C,YKL096W,0,0.286268,0.10010111331939697,0.09763313829898834,0.08912477642297745
YAL061W,YOR058C,0,0.2862678,0.10000000149011612,0.09763313829898834,0.0892249122262001
YBR243C,YDR031W,0,0.2861039,0.09989909082651138,0.09763313829898834,0.08932505548000336
YDR258C,YPL266W,0,0.28597414,0.09979838877916336,0.09763313829898834,0.08942519873380661
YBR274W,YOR127W,0,0.28592902,0.09969788789749146,0.09763313829898834,0.08952533453702927
YLR205C,YKR029C,0,0.2859069,0.09959758818149567,0.09763313829898834,0.08962547779083252
YPL050C,YMR026C,0,0.2858094,0.099497489631176,0.09763313829898834,0.08972561359405518
YEL041W,YDR408C,0,0.2857895,0.09939759224653244,0.09763313829898834,0.08982575684785843
YBL100W-B,YOL103W-B,1,0.2851943,0.10030090063810349,0.09861932694911957,0.08982575684785843
YIL015W,YOR323C,0,0.28512055,0.10020039975643158,0.09861932694911957,0.08992589265108109
YDR382W,YDL128W,0,0.28507328,0.10010010004043579,0.09861932694911957,0.09002603590488434
YOR206W,YPR073C,0,0.28484163,0.10000000149011612,0.09861932694911957,0.09012617915868759
YDR158W,YGR068C,0,0.28480208,0.09990009665489197,0.09861932694911957,0.09022631496191025
YOL043C,YFL002W-A,1,0.28471005,0.10079840570688248,0.09960552304983139,0.09022631496191025
YOR033C,YJR029W,1,0.2846057,0.10169491171836853,0.10059171915054321,0.09022631496191025
YHL022C,YGL113W,0,0.28440568,0.10159362852573395,0.10059171915054321,0.0903264582157135
YLR353W,YGR023W,0,0.28430283,0.10149253904819489,0.10059171915054321,0.09042659401893616
YGL100W,YER073W,0,0.28401017,0.10139165073633194,0.10059171915054321,0.09052673727273941
YJL178C,YIL168W,0,0.28400752,0.10129096359014511,0.10059171915054321,0.09062688052654266
YDR314C,YKL181W,0,0.2837908,0.1011904776096344,0.10059171915054321,0.09072701632976532
YMR239C,YDR280W,1,0.28376153,0.10208126902580261,0.10157790780067444,0.09072701632976532
YIR032C,YFL062W,0,0.28358194,0.10198019444942474,0.10157790780067444,0.09082715958356857
YER142C,YFL002W-A,1,0.2833153,0.1028684452176094,0.10256410390138626,0.09082715958356857
YMR116C,YDR498C,0,0.28331053,0.10276679694652557,0.10256410390138626,0.09092729538679123
YER120W,YDR541C,0,0.28327608,0.10266534984111786,0.10256410390138626,0.09102743864059448
YMR229C,YOL089C,0,0.28311813,0.10256410390138626,0.10256410390138626,0.09112758189439774
YMR250W,YOR150W,0,0.28299716,0.10246305167675018,0.10256410390138626,0.09122771769762039
YIL171W,YER106W,0,0.28299063,0.10236220806837082,0.10256410390138626,0.09132786095142365
YGL135W,YAL054C,0,0.28294465,0.10226155072450638,0.10256410390138626,0.0914279967546463
YAL003W,YOR047C,0,0.28289717,0.10216110199689865,0.10256410390138626,0.09152814000844955
YLL028W,YGR162W,0,0.28267688,0.10206084698438644,0.10256410390138626,0.09162828326225281
YLR283W,YIL051C,0,0.28265512,0.10196078568696976,0.10256410390138626,0.09172841906547546
YJL160C,YGL158W,0,0.28254145,0.10186091810464859,0.10256410390138626,0.09182856231927872
YPR194C,YPL078C,0,0.28248104,0.10176125168800354,0.10256410390138626,0.09192869812250137
YPL155C,YMR115W,0,0.28247705,0.10166177898645401,0.10256410390138626,0.09202884137630463
YHR215W,YDL245C,0,0.28231043,0.1015625,0.10256410390138626,0.09212897717952728
YNL116W,YDR186C,0,0.2821467,0.10146341472864151,0.10256410390138626,0.09222912043333054
YML032C,YML008C,0,0.28212866,0.10136452317237854,0.10256410390138626,0.09232926368713379
YGR013W,YGL179C,0,0.28205848,0.10126582533121109,0.10256410390138626,0.09242939949035645
YDL077C,YOR298W,0,0.28196216,0.10116731375455856,0.10256410390138626,0.0925295427441597
YML039W,YPL257W-B,1,0.2819455,0.10204081982374191,0.10355029255151749,0.0925295427441597
YAL035W,YCR093W,0,0.28184807,0.10194174945354462,0.10355029255151749,0.09262967854738235
YOL077C,YAR035W,0,0.28176823,0.10184287279844284,0.10355029255151749,0.09272982180118561
YLR227W-B,YGR161W-B,1,0.28161177,0.10271317511796951,0.10453648865222931,0.09272982180118561
YIL042C,YDR480W,0,0.2813506,0.10261374711990356,0.10453648865222931,0.09282996505498886
YBR210W,YMR165C,0,0.2813427,0.10251450538635254,0.10453648865222931,0.09293010085821152
YJR104C,YDR113C,0,0.28127128,0.10241545736789703,0.10453648865222931,0.09303024411201477
YLR212C,YML106W,0,0.2811092,0.10231660306453705,0.10453648865222931,0.09313037991523743
YDR073W,YER083C,0,0.28107372,0.10221793502569199,0.10453648865222931,0.09323052316904068
YHR079C,YBR123C,0,0.28087327,0.10211946070194244,0.10453648865222931,0.09333066642284393
YHR132C,YDR523C,0,0.28069755,0.10202117264270782,0.10453648865222931,0.09343080222606659
YGL135W,YGR144W,0,0.28058398,0.10192307829856873,0.10453648865222931,0.09353094547986984
YGR179C,YPL012W,0,0.2805019,0.10182517021894455,0.10453648865222931,0.0936310812830925
YDL120W,YLR035C-A,0,0.28045988,0.1017274484038353,0.10453648865222931,0.09373122453689575
YGL019W,YNL305C,0,0.28034496,0.10162991285324097,0.10453648865222931,0.09383136034011841
YCR026C,YAL015C,1,0.28024793,0.10249042510986328,0.10552268475294113,0.09383136034011841
YDR172W,YLR233C,0,0.28016415,0.10239234566688538,0.10552268475294113,0.09393150359392166
YMR298W,YAR018C,0,0.28007135,0.1022944524884224,0.10552268475294113,0.09403164684772491
YBL054W,YBR282W,0,0.27987793,0.10219675302505493,0.10552268475294113,0.09413178265094757
YKL152C,YGR125W,0,0.27978563,0.10209923982620239,0.10552268475294113,0.09423192590475082
YJR044C,YDR534C,0,0.2797345,0.10200190544128418,0.10552268475294113,0.09433206170797348
YGR001C,YGR089W,0,0.27973253,0.10190476477146149,0.10552268475294113,0.09443220496177673
YBR257W,YKL149C,1,0.27950227,0.10275927931070328,0.10650887340307236,0.09443220496177673
YKL049C,YHL001W,0,0.27945364,0.10266159474849701,0.10650887340307236,0.09453234821557999
YLR164W,YNR001C,0,0.2791566,0.10256410390138626,0.10650887340307236,0.09463248401880264
YDL229W,YKL071W,0,0.27901807,0.10246679186820984,0.10650887340307236,0.0947326272726059
YJL136C,YGR012W,0,0.27899882,0.10236966609954834,0.10650887340307236,0.09483276307582855
YDL065C,YER138C,0,0.27890483,0.10227272659540176,0.10650887340307236,0.0949329063296318
YML124C,YKL157W,0,0.27885938,0.10217597335577011,0.10650887340307236,0.09503304958343506
YIL021W,YNL008C,0,0.27881724,0.10207939147949219,0.10650887340307236,0.09513318538665771
YMR305C,YPL241C,0,0.27827567,0.10198300331830978,0.10650887340307236,0.09523332864046097
YDL111C,YJL087C,1,0.27823097,0.1028301864862442,0.10749506950378418,0.09523332864046097
YJR152W,YDL153C,0,0.27802497,0.10273326933383942,0.10749506950378418,0.09533346444368362
YDL030W,YHR041C,0,0.27787977,0.10263653844594955,0.10749506950378418,0.09543360769748688
YLR002C,YDR285W,0,0.277753,0.10253997892141342,0.10749506950378418,0.09553375095129013
YBL028C,YKL065C,0,0.27749842,0.10244360566139221,0.10749506950378418,0.09563388675451279
YDL052C,YFL053W,0,0.27744102,0.10234741866588593,0.10749506950378418,0.09573403000831604
YER162C,YDR018C,0,0.2773231,0.10225141048431396,0.10749506950378418,0.0958341658115387
YLR418C,YHR063C,0,0.27731848,0.10215557366609573,0.10749506950378418,0.09593430906534195
YPL249C,YPR125W,0,0.27731413,0.10205992311239243,0.10749506950378418,0.0960344448685646
YOR116C,YDR371W,0,0.27727723,0.10196445137262344,0.10749506950378418,0.09613458812236786
YER026C,YMR292W,0,0.27708668,0.10186915844678879,0.10749506950378418,0.09623473137617111
YHL018W,YDR415C,0,0.27683038,0.10177404433488846,0.10749506950378418,0.09633486717939377
YBR223C,YNL284C,0,0.27682123,0.10167910158634186,0.10749506950378418,0.09643501043319702
YDR281C,YGL062W,0,0.27661514,0.10158434510231018,0.10749506950378418,0.09653514623641968
YGR038C-B,YFL002W-A,1,0.27660865,0.1024208590388298,0.108481265604496,0.09653514623641968
YFL066C,YKR058W,0,0.27617973,0.10232558101415634,0.108481265604496,0.09663528949022293
YIL099W,YIL039W,0,0.276103,0.1022304818034172,0.108481265604496,0.09673543274402618
YER019W,YDR461W,0,0.27608046,0.1021355614066124,0.108481265604496,0.09683556854724884
YMR170C,YPR043W,0,0.2760479,0.10204081982374191,0.108481265604496,0.0969357118010521
YPL045W,YGR148C,0,0.27587515,0.10194624960422516,0.108481265604496,0.09703584760427475
YNL021W,YKL103C,0,0.27572384,0.10185185074806213,0.108481265604496,0.097135990858078
YBL097W,YAL005C,0,0.2757019,0.10175763070583344,0.108481265604496,0.09723613411188126
YIL111W,YER086W,0,0.27566463,0.10166358947753906,0.108481265604496,0.09733626991510391
YJL028W,YCL057C-A,0,0.27560544,0.10156971216201782,0.108481265604496,0.09743641316890717
YPR192W,YPL111W,0,0.2755004,0.10147601366043091,0.108481265604496,0.09753654897212982
YJL143W,YAL040C,0,0.27541408,0.10138248652219772,0.108481265604496,0.09763669222593307
YHR041C,YLR034C,0,0.27539825,0.10128913074731827,0.108481265604496,0.09773682802915573
YLR286C,YBR231C,0,0.27531776,0.10119595378637314,0.108481265604496,0.09783697128295898
YLR214W,YNL265C,0,0.27529973,0.10110294073820114,0.108481265604496,0.09793711453676224
YBL005W-B,YJL087C,1,0.27517053,0.10192837566137314,0.10946745425462723,0.09793711453676224
YDL197C,YOL141W,0,0.27514273,0.10183486342430115,0.10946745425462723,0.0980372503399849
YOR274W,YKL179C,0,0.27464032,0.10174152255058289,0.10946745425462723,0.09813739359378815
YGL162W,YDL202W,0,0.27461368,0.10164835304021835,0.10946745425462723,0.0982375293970108
YGR295C,YGL021W,0,0.2746104,0.10155535489320755,0.10946745425462723,0.09833767265081406
YOL089C,YBL005W-A,0,0.27448356,0.10146252065896988,0.10946745425462723,0.09843781590461731
YER049W,YDR141C,0,0.2744773,0.10136986523866653,0.10946745425462723,0.09853795170783997
YDR261W-B,YDR210W-B,1,0.27439767,0.10218977928161621,0.11045365035533905,0.09853795170783997
YGR092W,YJR058C,0,0.2742514,0.10209662467241287,0.11045365035533905,0.09863809496164322
YHR175W,YPL231W,0,0.27424556,0.10200364142656326,0.11045365035533905,0.09873823076486588
YML094W,YFL022C,0,0.2739238,0.10191082954406738,0.11045365035533905,0.09883837401866913
YLR385C,YHR209W,0,0.27381375,0.10181818157434464,0.11045365035533905,0.09893851727247238
YDL156W,YLR453C,0,0.27371722,0.10172570496797562,0.11045365035533905,0.09903865307569504
YDR420W,YDL103C,0,0.27371186,0.10163339227437973,0.11045365035533905,0.09913879632949829
YGL157W,YBL074C,0,0.27350372,0.10154125094413757,0.11045365035533905,0.09923893213272095
YLR228C,YBR073W,0,0.2731551,0.10144927352666855,0.11045365035533905,0.0993390753865242
YER138C,YOL042W,1,0.27301034,0.10226244479417801,0.11143983900547028,0.0993390753865242
YDL222C,YER148W,0,0.27295715,0.10216998308897018,0.11143983900547028,0.09943921118974686
YMR075W,YDR060W,0,0.27288198,0.10207768529653549,0.11143983900547028,0.09953935444355011
YDL059C,YDR347W,0,0.27283937,0.10198555886745453,0.11143983900547028,0.09963949769735336
YGR281W,YEL002C,0,0.2726177,0.1018935963511467,0.11143983900547028,0.09973963350057602
YOR245C,YFL031W,0,0.27254102,0.1018018051981926,0.11143983900547028,0.09983977675437927
YGR246C,YLR033W,0,0.2725317,0.10171017050743103,0.11143983900547028,0.09993991255760193
YGL044C,YMR188C,0,0.2721659,0.1016187071800232,0.11143983900547028,0.10004005581140518
YCR040W,YIL083C,0,0.27195472,0.10152740031480789,0.11143983900547028,0.10014019906520844
YGL095C,YOR371C,0,0.27183914,0.10143626481294632,0.11143983900547028,0.10024033486843109
YDR324C,YMR284W,0,0.27155706,0.10134529322385788,0.11143983900547028,0.10034047812223434
YPL186C,YBL057C,0,0.27134484,0.10125447809696198,0.11143983900547028,0.100440613925457
YCL075W,YOL043C,1,0.27111012,0.10205908864736557,0.1124260351061821,0.100440613925457
YDR448W,YBL009W,0,0.27106014,0.10196779668331146,0.1124260351061821,0.10054075717926025
YBR126C,YDR224C,0,0.27104214,0.10187667608261108,0.1124260351061821,0.10064090043306351
YDR488C,YML030W,0,0.27081186,0.10178571194410324,0.1124260351061821,0.10074103623628616
YKL056C,YDL095W,0,0.27070916,0.10169491171836853,0.1124260351061821,0.10084117949008942
YCR060W,YLR398C,0,0.2704311,0.10160427540540695,0.1124260351061821,0.10094131529331207
YKR003W,YOR178C,0,0.27012306,0.1015138030052185,0.1124260351061821,0.10104145854711533
YFR001W,YDR011W,0,0.27011245,0.1014234870672226,0.1124260351061821,0.10114160180091858
YLL055W,YBR127C,0,0.27005574,0.10133333504199982,0.1124260351061821,0.10124173760414124
YKL156W,YLR216C,0,0.27004546,0.10124333947896957,0.1124260351061821,0.10134188085794449
YGR258C,YDR263C,1,0.26987374,0.10204081982374191,0.11341223120689392,0.10134188085794449
YBR261C,YDR096W,0,0.26964098,0.10195035487413406,0.11341223120689392,0.10144201666116714
YNL232W,YPL123C,1,0.2696342,0.10274579375982285,0.11439841985702515,0.10144201666116714
YEL013W,YOR295W,0,0.26958117,0.10265486687421799,0.11439841985702515,0.1015421599149704
YPL160W,YDL042C,0,0.2694202,0.10256410390138626,0.11439841985702515,0.10164229571819305
YDR036C,YDR197W,0,0.2693821,0.10247349739074707,0.11439841985702515,0.10174243897199631
YLR154C,YKR079C,1,0.26914853,0.1032656654715538,0.11538461595773697,0.10174243897199631
YDL159W,YJR158W,0,0.26913446,0.1031746044754982,0.11538461595773697,0.10184258222579956
YGR285C,YDR508C,0,0.26870698,0.10308369994163513,0.11538461595773697,0.10194271802902222
YJR063W,YKL025C,1,0.26856986,0.10387323796749115,0.11637081205844879,0.10194271802902222
YIL172C,YGR203W,0,0.26842606,0.10378187894821167,0.11637081205844879,0.10204286128282547
YER138C,YPL257W-B,1,0.26831606,0.10456942021846771,0.11735700070858002,0.10204286128282547
YKL007W,YPL060W,0,0.26826435,0.10447761416435242,0.11735700070858002,0.10214299708604813
YGR252W,YCL038C,0,0.26825678,0.10438596457242966,0.11735700070858002,0.10224314033985138
YIL121W,YOR083W,0,0.26821005,0.10429447889328003,0.11735700070858002,0.10234328359365463
YER020W,YLL012W,0,0.2681905,0.10420314967632294,0.11735700070858002,0.10244341939687729
YER174C,YEL056W,0,0.2681713,0.10411198437213898,0.11735700070858002,0.10254356265068054
YEL059C-A,YIL017C,0,0.26817036,0.10402097553014755,0.11735700070858002,0.1026436984539032
YER020W,YNL305C,0,0.2681196,0.10393013060092926,0.11735700070858002,0.10274384170770645
YDL222C,YBR042C,0,0.26803616,0.1038394421339035,0.11735700070858002,0.1028439849615097
YDR026C,YLR380W,0,0.26779565,0.10374891012907028,0.11735700070858002,0.10294412076473236
YMR311C,YER131W,0,0.26776683,0.1036585345864296,0.11735700070858002,0.10304426401853561
YOR150W,YPL217C,0,0.2677077,0.10356832295656204,0.11735700070858002,0.10314439982175827
YKR060W,YBR275C,0,0.26768047,0.10347826033830643,0.11735700070858002,0.10324454307556152
YML028W,YBR231C,0,0.26753226,0.10338836163282394,0.11735700070858002,0.10334467887878418
YCR053W,YCR023C,0,0.26747763,0.1032986119389534,0.11735700070858002,0.10344482213258743
YLR307W,YLR246W,0,0.26747653,0.10320901870727539,0.11735700070858002,0.10354496538639069
YML005W,YPR201W,0,0.2673496,0.10311958193778992,0.11735700070858002,0.10364510118961334
YEL017C-A,YHR059W,0,0.2672923,0.10303030163049698,0.11735700070858002,0.1037452444434166
YHR079C-A,YGL150C,0,0.26727223,0.10294117778539658,0.11735700070858002,0.10384538024663925
YML109W,YHR156C,0,0.26702583,0.10285220295190811,0.11735700070858002,0.1039455235004425
YNL284C-B,YFL002W-A,1,0.2668853,0.10362694412469864,0.11834319680929184,0.1039455235004425
YHR050W,YPR111W,0,0.26687822,0.10353752970695496,0.11834319680929184,0.10404566675424576
YPL082C,YJL206C,0,0.26686302,0.1034482792019844,0.11834319680929184,0.10414580255746841
YBR296C,YMR033W,0,0.26658848,0.1033591702580452,0.11834319680929184,0.10424594581127167
YDL069C,YLR340W,0,0.26641,0.10327022522687912,0.11834319680929184,0.10434608161449432
YKL093W,YJR001W,0,0.26617944,0.10318142920732498,0.11834319680929184,0.10444622486829758
YOL021C,YOL042W,1,0.26599425,0.10395189374685287,0.11932938545942307,0.10444622486829758
YOL109W,YBR006W,0,0.26598778,0.10386265814304352,0.11932938545942307,0.10454636812210083
YER068W,YGR223C,0,0.2658956,0.1037735864520073,0.11932938545942307,0.10464650392532349
YNL159C,YBL027W,0,0.2658766,0.10368466377258301,0.11932938545942307,0.10474664717912674
YGL103W,YLR376C,0,0.26582628,0.10359589010477066,0.11932938545942307,0.1048467829823494
YCR087C-A,YOL112W,0,0.26570648,0.10350727289915085,0.11932938545942307,0.10494692623615265
YMR016C,YJL100W,0,0.26558137,0.10341880470514297,0.11932938545942307,0.1050470694899559
YER115C,YBR012W-A,0,0.26548645,0.10333048552274704,0.11932938545942307,0.10514720529317856
YLR227W-B,YCL019W,1,0.26532987,0.10409556329250336,0.12031558156013489,0.10514720529317856
YGL120C,YGR049W,0,0.2653216,0.1040068194270134,0.12031558156013489,0.10524734854698181
YPL283C,YDR541C,0,0.26526144,0.10391822457313538,0.12031558156013489,0.10534748435020447
YDR218C,YDL120W,0,0.26507196,0.10382978618144989,0.12031558156013489,0.10544762760400772
YML131W,YMR285C,0,0.26505196,0.10374149680137634,0.12031558156013489,0.10554776340723038
YNL182C,YML121W,0,0.26498082,0.10365335643291473,0.12031558156013489,0.10564790666103363
YFL053W,YLR003C,0,0.26486105,0.10356536507606506,0.12031558156013489,0.10574804991483688
YMR321C,YGR133W,0,0.26478645,0.10347752273082733,0.12031558156013489,0.10584818571805954
YBR173C,YDL085W,0,0.2646405,0.10338982939720154,0.12031558156013489,0.10594832897186279
YMR051C,YMR239C,0,0.2646321,0.10330228507518768,0.12031558156013489,0.10604846477508545
YDL029W,YPR020W,0,0.26429728,0.10321488976478577,0.12031558156013489,0.1061486080288887
YER082C,YLR116W,0,0.26420164,0.10312764346599579,0.12031558156013489,0.10624875128269196
YBR258C,YKR105C,0,0.26410013,0.10304053872823715,0.12031558156013489,0.10634888708591461
YBL054W,YDL130W,0,0.26383102,0.10295358300209045,0.12031558156013489,0.10644903033971786
YDR477W,YJR095W,0,0.2638244,0.1028667762875557,0.12031558156013489,0.10654916614294052
YHR196W,YGL125W,0,0.2633219,0.10278011858463287,0.12031558156013489,0.10664930939674377
YGR252W,YDR088C,0,0.26328504,0.1026936024427414,0.12031558156013489,0.10674945265054703
YMR168C,YFL021W,0,0.26320353,0.10260723531246185,0.12031558156013489,0.10684958845376968
YFR018C,YDR228C,0,0.26300365,0.10252100974321365,0.12031558156013489,0.10694973170757294
YJL080C,YER087C-B,0,0.262999,0.1024349257349968,0.12031558156013489,0.1070498675107956
YJR104C,YDL137W,0,0.2629453,0.10234899073839188,0.12031558156013489,0.10715001076459885
YER095W,YDL060W,0,0.26288107,0.1022632047533989,0.12031558156013489,0.1072501465678215
YOR374W,YOL030W,0,0.26279598,0.10217755287885666,0.12031558156013489,0.10735028982162476
YLR097C,YDR164C,0,0.2627553,0.10209205001592636,0.12031558156013489,0.10745043307542801
YDL007W,YGR288W,0,0.2625922,0.1020066887140274,0.12031558156013489,0.10755056887865067
YPL121C,YBR036C,0,0.26218754,0.10192146897315979,0.12031558156013489,0.10765071213245392
YKL041W,YIL063C,0,0.26215363,0.10183639079332352,0.12031558156013489,0.10775084793567657
YKR028W,YNL077W,0,0.26212305,0.10175146162509918,0.12031558156013489,0.10785099118947983
YKL193C,YLR341W,0,0.2616728,0.10166666656732559,0.12031558156013489,0.10795113444328308
YBR164C,YDR030C,0,0.26152164,0.10158201307058334,0.12031558156013489,0.10805127024650574
YOL056W,YNL304W,0,0.26132116,0.10149750113487244,0.12031558156013489,0.10815141350030899
YDR338C,YOL031C,0,0.26130617,0.10141313076019287,0.12031558156013489,0.10825154930353165
YMR039C,YER029C,0,0.26109213,0.10132890194654465,0.12031558156013489,0.1083516925573349
YLR098C,YKL179C,0,0.2608042,0.10124481469392776,0.12031558156013489,0.10845183581113815
YDR003W,YNL315C,0,0.26077282,0.10116086155176163,0.12031558156013489,0.10855197161436081
YLR350W,YGL032C,0,0.26072955,0.10107704997062683,0.12031558156013489,0.10865211486816406
YJR086W,YBL039C,0,0.260718,0.10099337995052338,0.12031558156013489,0.10875225067138672
YML028W,YLL008W,0,0.26067334,0.10090984404087067,0.12031558156013489,0.10885239392518997
YOR361C,YPR200C,0,0.26057106,0.1008264496922493,0.12031558156013489,0.10895253717899323
YNL053W,YGL216W,0,0.2604646,0.10074318945407867,0.12031558156013489,0.10905267298221588
YBR095C,YLR316C,0,0.26032537,0.1006600633263588,0.12031558156013489,0.10915281623601913
YPL091W,YJL138C,0,0.2602638,0.10057707875967026,0.12031558156013489,0.10925295203924179
YBL019W,YPL083C,1,0.26021394,0.10131795704364777,0.12130177766084671,0.10925295203924179
YGR038C-B,YHR152W,0,0.26016042,0.101234570145607,0.12130177766084671,0.10935309529304504
YMR204C,YDL121C,0,0.25996876,0.10115131735801697,0.12130177766084671,0.1094532310962677
YCR054C,YMR100W,0,0.2599591,0.10106819868087769,0.12130177766084671,0.10955337435007095
YKL003C,YDR312W,0,0.25988597,0.10098522156476974,0.12130177766084671,0.1096535176038742
YER172C,YPL257W-A,0,0.2595431,0.10090237855911255,0.12130177766084671,0.10975365340709686
YGL170C,YJR135C,0,0.25953233,0.1008196696639061,0.12130177766084671,0.10985379666090012
YDL024C,YPR101W,0,0.25914705,0.10073710232973099,0.12130177766084671,0.10995393246412277
YMR059W,YDR293C,1,0.25877517,0.10147299617528915,0.12228796631097794,0.10995393246412277
YGR215W,YGR234W,0,0.2587623,0.10139002650976181,0.12228796631097794,0.11005407571792603
YDL070W,YGL250W,0,0.25864953,0.10130719095468521,0.12228796631097794,0.11015421897172928
YPL016W,YJL097W,0,0.25861147,0.10122448951005936,0.12228796631097794,0.11025435477495193
YDL194W,YGL068W,0,0.25844616,0.10114192217588425,0.12228796631097794,0.11035449802875519
YGR161W-B,YPR001W,0,0.25843775,0.10105949640274048,0.12228796631097794,0.11045463383197784
YPL158C,YAL038W,0,0.2583903,0.10097719728946686,0.12228796631097794,0.1105547770857811
YBR214W,YNR015W,0,0.25837278,0.10089503973722458,0.12228796631097794,0.11065492033958435
YGR195W,YFL002W-A,1,0.25835502,0.10162601619958878,0.12327416241168976,0.11065492033958435
YER130C,YGL257C,0,0.25826085,0.10154346376657486,0.12327416241168976,0.110755056142807
YJR137C,YJR009C,0,0.25809616,0.10146103799343109,0.12327416241168976,0.11085519939661026
YOR033C,YLR227W-B,1,0.25807488,0.10218977928161621,0.12426035851240158,0.11085519939661026
YOR036W,YDR194C,0,0.25762063,0.1021069660782814,0.12426035851240158,0.11095533519983292
YKL089W,YLR298C,0,0.25761765,0.10202429443597794,0.12426035851240158,0.11105547845363617
YGR152C,YAL008W,0,0.2575989,0.10194174945354462,0.12426035851240158,0.11115561425685883
YJR044C,YBR296C,0,0.2575658,0.10185933858156204,0.12426035851240158,0.11125575751066208
YJR006W,YLR327C,0,0.25750554,0.10177706182003021,0.12426035851240158,0.11135590076446533
YLR016C,YNL162W,0,0.2574665,0.10169491171836853,0.12426035851240158,0.11145603656768799
YNL116W,YMR213W,0,0.2572903,0.10161290317773819,0.12426035851240158,0.11155617982149124
YDR365W-B,YCL019W,1,0.25728557,0.1023368239402771,0.1252465546131134,0.11155617982149124
YDR369C,YER099C,0,0.25726852,0.10225442796945572,0.1252465546131134,0.1116563156247139
YIL065C,YML010W,0,0.25720012,0.10217216610908508,0.1252465546131134,0.11175645887851715
YDR518W,YGR077C,0,0.25712532,0.1020900309085846,0.1252465546131134,0.1118566021323204
YOR215C,YML121W,0,0.2570489,0.10200802981853485,0.1252465546131134,0.11195673793554306
YER055C,YBL074C,0,0.25699165,0.10192616283893585,0.1252465546131134,0.11205688118934631
YDL017W,YPR025C,0,0.25695333,0.1018444299697876,0.1252465546131134,0.11215701699256897
YJL194W,YDR147W,0,0.25692874,0.10176282376050949,0.1252465546131134,0.11225716024637222
YML087C,YAL053W,0,0.256758,0.10168134421110153,0.1252465546131134,0.11235730350017548
YCL036W,YOR028C,0,0.2566958,0.10159999877214432,0.1252465546131134,0.11245743930339813
YAL020C,YAL005C,0,0.2565547,0.10151878744363785,0.1252465546131134,0.11255758255720139
YPL162C,YMR241W,0,0.25647423,0.10143770277500153,0.1252465546131134,0.11265771836042404
YCR075C,YKL148C,0,0.25645143,0.10135674476623535,0.1252465546131134,0.1127578616142273
YMR137C,YLL035W,0,0.25641334,0.10127591341733932,0.1252465546131134,0.11285800486803055
YBR283C,YIL122W,0,0.25621876,0.10119521617889404,0.1252465546131134,0.1129581406712532
YGR263C,YER119C,0,0.25617313,0.1011146530508995,0.1252465546131134,0.11305828392505646
YLR408C,YOL139C,0,0.25613296,0.10103420913219452,0.1252465546131134,0.11315841972827911
YOR033C,YPR137C-B,1,0.25613034,0.10174880921840668,0.12623274326324463,0.11315841972827911
YFL053W,YHR001W,0,0.2556927,0.10166799277067184,0.12623274326324463,0.11325856298208237
YOR198C,YOL016C,0,0.25557488,0.10158730298280716,0.12623274326324463,0.11335869878530502
YPL194W,YDL246C,0,0.25553417,0.10150673985481262,0.12623274326324463,0.11345884203910828
YKL171W,YEL054C,0,0.25552,0.10142631083726883,0.12623274326324463,0.11355898529291153
YGR038C-A,YNL008C,0,0.25536078,0.10134600102901459,0.12623274326324463,0.11365912109613419
YDR038C,YHR018C,0,0.2553599,0.10126582533121109,0.12623274326324463,0.11375926434993744
YDL021W,YPL111W,0,0.2551684,0.10118576884269714,0.12623274326324463,0.1138594001531601
YOL034W,YDR225W,0,0.25514,0.10110584646463394,0.12623274326324463,0.11395954340696335
YNR002C,YBL011W,0,0.25500298,0.10102604329586029,0.12623274326324463,0.1140596866607666
YNL336W,YKL189W,0,0.25482136,0.10094637423753738,0.12623274326324463,0.11415982246398926
YNL091W,YDR216W,0,0.25478077,0.10086682438850403,0.12623274326324463,0.11425996571779251
YDR104C,YKL148C,0,0.25477678,0.10078740119934082,0.12623274326324463,0.11436010152101517
YOR393W,YHR039C-A,0,0.2545823,0.10070810467004776,0.12623274326324463,0.11446024477481842
YHR176W,YCR023C,0,0.2544339,0.10062892735004425,0.12623274326324463,0.11456038802862167
YDR169C,YDR385W,0,0.25441146,0.10054988414049149,0.12623274326324463,0.11466052383184433
YDR316W-B,YPR158C-D,1,0.25436884,0.1012558862566948,0.12721893191337585,0.11466052383184433
YBR012W-B,YDR031W,0,0.25426605,0.10117647051811218,0.12721893191337585,0.11476066708564758
YOR025W,YNL202W,0,0.2542185,0.10109718143939972,0.12721893191337585,0.11486080288887024
YGR189C,YML024W,0,0.2541813,0.1010180115699768,0.12721893191337585,0.11496094614267349
YOR384W,YDL185W,0,0.254113,0.10093896836042404,0.12721893191337585,0.11506108194589615
YMR046C,YDR062W,0,0.25392774,0.10086004436016083,0.12721893191337585,0.1151612251996994
YMR260C,YGR198W,0,0.25383753,0.10078124701976776,0.12721893191337585,0.11526136845350266
YBR018C,YLR372W,0,0.25381997,0.10070257633924484,0.12721893191337585,0.11536150425672531
YBR274W,YLL035W,0,0.25372538,0.10062402486801147,0.12721893191337585,0.11546164751052856
YAL033W,YBR257W,1,0.25368282,0.10132502019405365,0.12820513546466827,0.11546164751052856
YOR033C,YOL103W-B,1,0.25348514,0.10202492028474808,0.1291913241147995,0.11546164751052856
YEL061C,YOR362C,0,0.2532991,0.10194552689790726,0.1291913241147995,0.11556178331375122
YKL042W,YKL020C,0,0.25305033,0.10186625272035599,0.1291913241147995,0.11566192656755447
YHR181W,YPL143W,0,0.25303906,0.10178710520267487,0.1291913241147995,0.11576206982135773
YJR160C,YNL284C,0,0.2530052,0.1017080768942833,0.1291913241147995,0.11586220562458038
YDR369C,YLR206W,0,0.25294235,0.10162916779518127,0.1291913241147995,0.11596234887838364
YKL064W,YJR014W,0,0.25287536,0.1015503853559494,0.1291913241147995,0.11606248468160629
YGR145W,YNL206C,0,0.252853,0.10147172957658768,0.1291913241147995,0.11616262793540955
YGL031C,YNL311C,0,0.25273442,0.1013931855559349,0.1291913241147995,0.1162627711892128
YCR040W,YNR075W,0,0.2526398,0.10131476819515228,0.1291913241147995,0.11636290699243546
YKL082C,YPR091C,0,0.25236663,0.10123647749423981,0.1291913241147995,0.11646305024623871
YOL071W,YDR322C-A,0,0.25206658,0.10115829855203629,0.1291913241147995,0.11656318604946136
YNL232W,YEL011W,0,0.25204495,0.10108024626970291,0.1291913241147995,0.11666332930326462
YKR056W,YNL242W,0,0.25186703,0.10100231319665909,0.1291913241147995,0.11676347255706787
YOR298W,YER050C,0,0.25185636,0.10092449933290482,0.1291913241147995,0.11686360836029053
YJL160C,YER173W,0,0.2517647,0.1008468046784401,0.1291913241147995,0.11696375161409378
YDL112W,YGR163W,0,0.2516149,0.10076922923326492,0.1291913241147995,0.11706388741731644
YKR090W,YAL038W,0,0.25150102,0.1006917729973793,0.1291913241147995,0.11716403067111969
YPR080W,YER111C,0,0.25148934,0.10061443597078323,0.1291913241147995,0.11726416647434235
YKL013C,YLR142W,0,0.25121415,0.10053721815347672,0.1291913241147995,0.1173643097281456
YER096W,YOR315W,0,0.2511778,0.10046011954545975,0.1291913241147995,0.11746445298194885
YML049C,YDR195W,0,0.25116858,0.10038314014673233,0.1291913241147995,0.11756458878517151
YAL058W,YJL117W,0,0.25108424,0.10030627995729446,0.1291913241147995,0.11766473203897476
YNL292W,YOL060C,0,0.25099733,0.10022953152656555,0.1291913241147995,0.11776486784219742
YCR024C-A,YOR265W,0,0.2509939,0.10015290230512619,0.1291913241147995,0.11786501109600067
YBL039C,YDR196C,0,0.25098354,0.10007639229297638,0.1291913241147995,0.11796515434980392
YOL008W,YBL026W,0,0.25095928,0.10000000149011612,0.1291913241147995,0.11806529015302658
YKL161C,YLL001W,0,0.25093505,0.09992372244596481,0.1291913241147995,0.11816543340682983
YNL284C-B,YER138C,1,0.25072604,0.10060975700616837,0.13017751276493073,0.11816543340682983
YLR275W,YDL020C,0,0.2506267,0.100533127784729,0.13017751276493073,0.11826556921005249
YLR398C,YOL008W,0,0.25062364,0.1004566177725792,0.13017751276493073,0.11836571246385574
YMR104C,YER147C,0,0.25061342,0.10038022696971893,0.13017751276493073,0.118465855717659
YLR107W,YCR014C,0,0.25057918,0.10030394792556763,0.13017751276493073,0.11856599152088165
YBR050C,YHL009C,0,0.25055164,0.10022778809070587,0.13017751276493073,0.1186661347746849
YER166W,YOL016C,0,0.25042015,0.10015174746513367,0.13017751276493073,0.11876627057790756
YNL220W,YHR216W,0,0.25036085,0.10007581859827042,0.13017751276493073,0.11886641383171082
YKL113C,YHL022C,1,0.25033033,0.10075757652521133,0.13116370141506195,0.11886641383171082
YLR297W,YAL014C,0,0.2502144,0.10068130493164062,0.13116370141506195,0.11896654963493347
YCL019W,YKL113C,1,0.24994457,0.10136157274246216,0.13214990496635437,0.11896654963493347
YKL114C,YOR048C,1,0.24988258,0.10204081982374191,0.1331360936164856,0.11896654963493347
YGR084C,YLR013W,0,0.24988094,0.10196374356746674,0.1331360936164856,0.11906669288873672
YDL213C,YBR239C,0,0.24987972,0.1018867939710617,0.1331360936164856,0.11916683614253998
YNL122C,YFR005C,0,0.2498582,0.10180995613336563,0.1331360936164856,0.11926697194576263
YDR329C,YBR037C,0,0.24952349,0.10173323005437851,0.1331360936164856,0.11936711519956589
YNL298W,YDR351W,0,0.24941897,0.10165662318468094,0.1331360936164856,0.11946725100278854
YJL113W,YOR142W-B,1,0.24935025,0.10233258455991745,0.13412228226661682,0.11946725100278854
YML051W,YPL027W,0,0.2493447,0.10225564241409302,0.13412228226661682,0.1195673942565918
YDL174C,YEL058W,0,0.24930453,0.10217881202697754,0.13412228226661682,0.11966753751039505
YNL053W,YGR038C-B,0,0.24910906,0.10210210084915161,0.13412228226661682,0.1197676733136177
YLR145W,YER160C,1,0.24896029,0.1027756929397583,0.13510848581790924,0.1197676733136177
YBR231C,YFL002W-B,0,0.24878237,0.10269865393638611,0.13510848581790924,0.11986781656742096
YFR041C,YIL168W,0,0.2487796,0.10262171924114227,0.13510848581790924,0.11996795237064362
YHR072W-A,YNL096C,0,0.24864718,0.10254491120576859,0.13510848581790924,0.12006809562444687
YLR157C-A,YGR027W-A,0,0.24861354,0.10246821492910385,0.13510848581790924,0.12016823887825012
YEL055C,YMR307W,0,0.24861157,0.10239163041114807,0.13510848581790924,0.12026837468147278
YJL208C,YML118W,1,0.2485033,0.1030619889497757,0.13609467446804047,0.12026837468147278
YKL181W,YGL130W,0,0.24846146,0.10298507660627365,0.13609467446804047,0.12036851793527603
YDL128W,YKL203C,0,0.24844539,0.10290827602148056,0.13609467446804047,0.12046865373849869
YNR050C,YAL008W,0,0.24821997,0.10283159464597702,0.13609467446804047,0.12056879699230194
YGR109W-B,YLR277C,1,0.24821422,0.1034996286034584,0.1370808631181717,0.12056879699230194
YDR210C-D,YHR214C-B,1,0.24819472,0.1041666641831398,0.1380670666694641,0.12056879699230194
YDL222C,YNL067W,0,0.24810022,0.10408922284841537,0.1380670666694641,0.1206689327955246
YKL003C,YGL251C,0,0.2480537,0.1040118858218193,0.1380670666694641,0.12076907604932785
YDR365W-B,YDR098C-B,1,0.24805212,0.10467705875635147,0.13905325531959534,0.12076907604932785
YMR051C,YLR105C,0,0.24799582,0.10459940880537033,0.13905325531959534,0.1208692193031311
YGR027W-B,YFL002W-A,1,0.24798393,0.10526315867900848,0.14003944396972656,0.1208692193031311
YDR382W,YBR251W,0,0.24796131,0.10518518835306168,0.14003944396972656,0.12096935510635376
YKR056W,YKL025C,1,0.24792638,0.10584752261638641,0.14102564752101898,0.12096935510635376
YOL040C,YJL014W,0,0.24787575,0.10576923191547394,0.14102564752101898,0.12106949836015701
YOR001W,YDR261W-B,1,0.24731392,0.10643015801906586,0.1420118361711502,0.12106949836015701
YNL151C,YDR205W,0,0.2473005,0.10635155439376831,0.1420118361711502,0.12116963416337967
YCR039C,YIL085C,0,0.2470159,0.10627306252717972,0.1420118361711502,0.12126977741718292
YBR123C,YPL257W-A,0,0.2468664,0.10619468986988068,0.1420118361711502,0.12136992067098618
YPL055C,YNR054C,0,0.24684793,0.10611643642187119,0.1420118361711502,0.12147005647420883
YER020W,YMR122W-A,0,0.24683648,0.10603829473257065,0.1420118361711502,0.12157019972801208
YPL024W,YBL084C,0,0.24670234,0.10596026480197906,0.1420118361711502,0.12167033553123474
YJR063W,YHR214C-B,1,0.24665791,0.10661764442920685,0.14299802482128143,0.12167033553123474
YPL218W,YBR176W,0,0.24646306,0.10653930902481079,0.14299802482128143,0.121770478785038
YBL005W-B,YNL054W-B,1,0.24635577,0.10719530284404755,0.14398421347141266,0.121770478785038
YDR210C-C,YJL139C,0,0.24633074,0.10711665451526642,0.14398421347141266,0.12187062203884125
YLR073C,YGR049W,0,0.2463164,0.10703812539577484,0.14398421347141266,0.1219707578420639
YOL021C,YJR029W,1,0.24629974,0.10769230872392654,0.14497041702270508,0.1219707578420639
YGL232W,YNR028W,0,0.24612913,0.1076134666800499,0.14497041702270508,0.12207090109586716
YNL052W,YDR501W,0,0.24606168,0.1075347512960434,0.14497041702270508,0.12217103689908981
YBR257W,YOR142W-B,1,0.24592587,0.10818713158369064,0.1459566056728363,0.12217103689908981
YKL130C,YER082C,0,0.2459253,0.10810811072587967,0.1459566056728363,0.12227118015289307
YGL038C,YLR113W,0,0.2458722,0.10802919417619705,0.1459566056728363,0.12237132340669632
YOR346W,YIR005W,0,0.24586639,0.10795040428638458,0.1459566056728363,0.12247145920991898
YGL119W,YGL008C,0,0.24577844,0.10787171870470047,0.1459566056728363,0.12257160246372223
YPR158C-C,YNR043W,0,0.24563703,0.10779315233230591,0.1459566056728363,0.12267173826694489
YOR123C,YCL014W,0,0.24562651,0.1077147051692009,0.1459566056728363,0.12277188152074814
YDR279W,YHR064C,0,0.24558523,0.10763636231422424,0.1459566056728363,0.1228720173239708
YLR310C,YNL227C,0,0.24558288,0.10755813866853714,0.1459566056728363,0.12297216057777405
YJL062W,YDR404C,0,0.2455599,0.10748002678155899,0.1459566056728363,0.1230723038315773
YPR081C,YLR356W,0,0.24548343,0.10740203410387039,0.1459566056728363,0.12317243963479996
YOR308C,YPL082C,0,0.24540806,0.10732414573431015,0.1459566056728363,0.12327258288860321
YMR293C,YMR256C,0,0.24535757,0.10724637657403946,0.1459566056728363,0.12337271869182587
YPR137C-B,YIL080W,1,0.24535426,0.10789283365011215,0.14694279432296753,0.12337271869182587
YPR137C-B,YBR223C,1,0.24524981,0.10853835195302963,0.14792899787425995,0.12337271869182587
YOL091W,YDR138W,0,0.2451973,0.10845986753702164,0.14792899787425995,0.12347286194562912
YBR098W,YFL002W-A,1,0.2451643,0.10910404473543167,0.14891518652439117,0.12347286194562912
YAL033W,YDR279W,1,0.24510515,0.10974729061126709,0.1499013751745224,0.12347286194562912
YHR166C,YJL079C,0,0.24500129,0.10966811329126358,0.1499013751745224,0.12357300519943237
YOR317W,YCR077C,0,0.24490818,0.10958904027938843,0.1499013751745224,0.12367314100265503
YBR058C-A,YGL170C,0,0.24446669,0.10951008647680283,0.1499013751745224,0.12377328425645828
YBL018C,YNL282W,1,0.24441126,0.11015118658542633,0.15088757872581482,0.12377328425645828
YPR158W-B,YLR157C-B,1,0.24438453,0.11079137027263641,0.15187376737594604,0.12377328425645828
YGL033W,YKL046C,0,0.24432737,0.1107117161154747,0.15187376737594604,0.12387342005968094
YJL106W,YFL052W,0,0.24422139,0.11063218116760254,0.15187376737594604,0.12397356331348419
YLL050C,YPL119C,0,0.2441898,0.11055276542901993,0.15187376737594604,0.12407370656728745
YLR410W-B,YML039W,1,0.24399245,0.11119081825017929,0.15285995602607727,0.12407370656728745
YCL075W,YMR050C,1,0.2439847,0.11182795464992523,0.1538461595773697,0.12407370656728745
YDR400W,YPR075C,0,0.24389195,0.1117478534579277,0.1538461595773697,0.1241738423705101
YKL216W,YPL172C,0,0.2438542,0.11166785657405853,0.1538461595773697,0.12427398562431335
YDL101C,YOR346W,0,0.24384362,0.11158798635005951,0.1538461595773697,0.12437412142753601
YOR312C,YFR029W,0,0.24365592,0.11150822043418884,0.1538461595773697,0.12447426468133926
YDR454C,YCR027C,0,0.24353537,0.11142857372760773,0.1538461595773697,0.12457440048456192
YBL089W,YNR016C,0,0.243496,0.11134903877973557,0.1538461595773697,0.12467454373836517
YJL113W,YBL055C,1,0.24349079,0.11198288202285767,0.15483234822750092,0.12467454373836517
YGR161C-D,YOL043C,1,0.24334317,0.11261582374572754,0.15581853687763214,0.12467454373836517
YGR183C,YML093W,0,0.24286252,0.11253561079502106,0.15581853687763214,0.12477468699216843
YER014C-A,YPL143W,0,0.24270403,0.11245551705360413,0.15581853687763214,0.12487482279539108
YGR276C,YCL019W,1,0.24263352,0.1130867674946785,0.15680474042892456,0.12487482279539108
YPL241C,YDR099W,0,0.24245477,0.11300639808177948,0.15680474042892456,0.12497496604919434
YJR063W,YNL124W,0,0.24243495,0.11292613297700882,0.15680474042892456,0.125075101852417
YJL144W,YML115C,0,0.24223551,0.11284598708152771,0.15680474042892456,0.12517525255680084
YAL033W,YJL087C,1,0.24213731,0.11347517371177673,0.1577909290790558,0.12517525255680084
YNL106C,YLR238W,0,0.2419092,0.11339475214481354,0.1577909290790558,0.1252753883600235
YJR026W,YPL159C,0,0.24188715,0.11331444978713989,0.1577909290790558,0.12537552416324615
YLR157C-A,YDR143C,0,0.2418508,0.1132342517375946,0.1577909290790558,0.1254756599664688
YPL083C,YOR061W,0,0.24182901,0.11315417289733887,0.1577909290790558,0.12557581067085266
YFL022C,YIL114C,0,0.2417373,0.11307420581579208,0.1577909290790558,0.12567594647407532
YGR185C,YIR038C,0,0.24172372,0.11299435049295425,0.1577909290790558,0.12577608227729797
YDR472W,YLR035C-A,0,0.24160668,0.11291460692882538,0.1577909290790558,0.12587623298168182
YER082C,YLR447C,0,0.24142283,0.11283497512340546,0.1577909290790558,0.12597636878490448
YIL171W,YER087C-B,0,0.24117744,0.11275546252727509,0.1577909290790558,0.12607650458812714
YIR036C,YDR093W,0,0.24110356,0.11267605423927307,0.1577909290790558,0.1261766403913498
YER042W,YJL100W,0,0.24105278,0.11259676516056061,0.1577909290790558,0.12627679109573364
YGR077C,YCL057C-A,0,0.24083728,0.1125175803899765,0.1577909290790558,0.1263769268989563
YDL156W,YGR052W,0,0.2407383,0.11243850737810135,0.1577909290790558,0.12647706270217896
YHR160C,YML072C,0,0.24073732,0.11235955357551575,0.1577909290790558,0.1265772134065628
YGL183C,YJL079C,0,0.24072623,0.1122807040810585,0.1577909290790558,0.12667734920978546
YOR298W,YJL062W,0,0.24064046,0.11220196634531021,0.1577909290790558,0.12677748501300812
YMR146C,YMR323W,0,0.24059895,0.11212333291769028,0.1577909290790558,0.12687763571739197
YCR087C-A,YBL010C,0,0.24058843,0.1120448186993599,0.1577909290790558,0.12697777152061462
YDL155W,YNL268W,0,0.24058658,0.11196640878915787,0.1577909290790558,0.12707790732383728
YOR343W-B,YOR142W-B,1,0.24049857,0.11258741468191147,0.158777117729187,0.12707790732383728
YGL225W,YLR113W,0,0.24048886,0.11250873655080795,0.158777117729187,0.12717804312705994
YPL257W-B,YDR261W-B,1,0.2404154,0.11312849074602127,0.15976330637931824,0.12717804312705994
YDR166C,YKR092C,0,0.24040526,0.11304954439401627,0.15976330637931824,0.1272781938314438
YDR280W,YMR287C,1,0.24022636,0.1136680617928505,0.16074950993061066,0.1272781938314438
YDR533C,YIL051C,0,0.24015564,0.113588847219944,0.16074950993061066,0.12737832963466644
YGR289C,YDR465C,0,0.24013922,0.11350975185632706,0.16074950993061066,0.1274784654378891
YDR281C,YHR143W,0,0.2400397,0.11343076080083847,0.16074950993061066,0.12757861614227295
YER083C,YDR408C,0,0.2398811,0.11335187405347824,0.16074950993061066,0.1276787519454956
YAL039C,YDL010W,0,0.23986751,0.11327310651540756,0.16074950993061066,0.12777888774871826
YDR113C,YLR178C,0,0.23984194,0.11319444328546524,0.16074950993061066,0.12787902355194092
YDL077C,YPL033C,0,0.23983938,0.11311589181423187,0.16074950993061066,0.12797917425632477
YOR265W,YKR054C,0,0.23972836,0.11303744465112686,0.16074950993061066,0.12807931005954742
YOR283W,YGR271W,0,0.2394908,0.1129591092467308,0.16074950993061066,0.12817944586277008
YMR287C,YMR137C,1,0.23942715,0.11357340961694717,0.16173569858074188,0.12817944586277008
YDR210C-D,YDR210W-B,1,0.23942542,0.1141868531703949,0.1627218872308731,0.12817944586277008
YOR386W,YHR109W,0,0.23930404,0.1141078844666481,0.1627218872308731,0.12827959656715393
YER087W,YER039C,0,0.2392475,0.11402902752161026,0.1627218872308731,0.1283797323703766
YDR260C,YOL104C,0,0.23919672,0.11395027488470078,0.1627218872308731,0.12847986817359924
YLR276C,YER124C,0,0.23918825,0.11387163400650024,0.1627218872308731,0.1285800188779831
YLR429W,YOR295W,0,0.23913062,0.11379310488700867,0.1627218872308731,0.12868015468120575
YLR164W,YOR074C,0,0.23903427,0.11371468007564545,0.1627218872308731,0.1287802904844284
YOL137W,YHL040C,0,0.23882198,0.11363636702299118,0.1627218872308731,0.12888042628765106
YGR194C,YER087C-B,0,0.23866835,0.11355815827846527,0.1627218872308731,0.1289805769920349
YLR438C-A,YHR129C,0,0.23864836,0.11348005384206772,0.1627218872308731,0.12908071279525757
YGL022W,YEL034W,0,0.23863149,0.11340206116437912,0.1627218872308731,0.12918084859848022
YDL156W,YOR074C,0,0.2384628,0.11332417279481888,0.1627218872308731,0.12928099930286407
YER025W,YLR134W,0,0.23842347,0.11324639618396759,0.1627218872308731,0.12938113510608673
YHR214C-B,YDL227C,1,0.23841935,0.11385459452867508,0.16370809078216553,0.12938113510608673
YJL145W,YLL035W,0,0.2383461,0.1137765571475029,0.16370809078216553,0.1294812709093094
YOL120C,YEL070W,0,0.23832384,0.11369863152503967,0.16370809078216553,0.12958140671253204
YMR024W,YML039W,1,0.23827273,0.1143052726984024,0.16469427943229675,0.12958140671253204
YCL075W,YML045W,1,0.2380938,0.11491107940673828,0.16568046808242798,0.12958140671253204
YPL002C,YOR217W,0,0.23800936,0.11483253538608551,0.16568046808242798,0.1296815574169159
YBR002C,YMR090W,0,0.23798147,0.1147540956735611,0.16568046808242798,0.12978169322013855
YBR159W,YGL125W,0,0.23795095,0.11467576771974564,0.16568046808242798,0.1298818290233612
YJR149W,YLR340W,0,0.23792756,0.11459754407405853,0.16568046808242798,0.12998197972774506
YLR154C,YPR158W-B,1,0.23786902,0.11520109325647354,0.1666666716337204,0.12998197972774506
YCR004C,YDR142C,0,0.23783588,0.11512261629104614,0.1666666716337204,0.1300821155309677
YOR058C,YLR151C,0,0.2378276,0.1150442510843277,0.1666666716337204,0.13018225133419037
YGR027W-B,YGR038C-B,1,0.23779261,0.11564625799655914,0.16765286028385162,0.13018225133419037
YBL055C,YDR316W-B,1,0.23765585,0.11624745279550552,0.16863904893398285,0.13018225133419037
YER142C,YPL257W-B,1,0.23759432,0.11684782803058624,0.16962525248527527,0.13018225133419037
YGL012W,YPL027W,0,0.23753598,0.1167685016989708,0.16962525248527527,0.13028240203857422
YMR321C,YER111C,0,0.23751678,0.1166892796754837,0.16962525248527527,0.13038253784179688
YMR143W,YNL085W,0,0.23741485,0.11661016941070557,0.16962525248527527,0.13048267364501953
YGL225W,YMR172W,0,0.23740542,0.11653116345405579,0.16962525248527527,0.1305828094482422
YBR087W,YKL203C,0,0.23729524,0.11645226925611496,0.16962525248527527,0.13068296015262604
YBR287W,YDR510W,0,0.23719506,0.11637347936630249,0.16962525248527527,0.1307830959558487
YGL085W,YDR261W-B,1,0.23719439,0.11697092652320862,0.1706114411354065,0.1307830959558487
YGL094C,YML118W,1,0.23717934,0.11756756901741028,0.17159762978553772,0.1307830959558487
YOR386W,YOL008W,0,0.23700272,0.11748818308115005,0.17159762978553772,0.13088323175907135
YBR176W,YOR083W,0,0.23696545,0.11740890890359879,0.17159762978553772,0.1309833824634552
YGR156W,YKR092C,0,0.2368294,0.11732973903417587,0.17159762978553772,0.13108351826667786
YNL330C,YHR066W,0,0.23655158,0.11725067347288132,0.17159762978553772,0.1311836540699005
YOR038C,YEL013W,0,0.23654416,0.11717171967029572,0.17159762978553772,0.13128378987312317
YJL184W,YDR197W,0,0.23648196,0.11709287017583847,0.17159762978553772,0.13138394057750702
YDR420W,YDR480W,0,0.23639901,0.11701412498950958,0.17159762978553772,0.13148407638072968
YDR263C,YHR030C,0,0.23630263,0.11693548411130905,0.17159762978553772,0.13158421218395233
YLR410W-A,YDL110C,0,0.23629373,0.11685694754123688,0.17159762978553772,0.13168436288833618
YAR031W,YMR264W,0,0.2362874,0.11677852272987366,0.17159762978553772,0.13178449869155884
YOR343W-B,YGR027W-B,1,0.23625818,0.11737088859081268,0.17258383333683014,0.13178449869155884
YNL275W,YDL043C,0,0.23622763,0.11729222536087036,0.17258383333683014,0.1318846344947815
YDR485C,YKR069W,0,0.23603836,0.1172136664390564,0.17258383333683014,0.13198478519916534
YPR158C-D,YIL082W-A,1,0.23592441,0.11780454963445663,0.17357002198696136,0.13198478519916534
YOR321W,YPL257W-A,0,0.23573323,0.11772575229406357,0.17357002198696136,0.132084921002388
YCR012W,YML027W,0,0.23572728,0.11764705926179886,0.17357002198696136,0.13218505680561066
YHR077C,YPR102C,0,0.23565345,0.1175684705376625,0.17357002198696136,0.1322851926088333
YPR192W,YIL168W,0,0.23549272,0.11748998612165451,0.17357002198696136,0.13238534331321716
YPL055C,YNR013C,0,0.23523849,0.11741160601377487,0.17357002198696136,0.13248547911643982
YMR106C,YDR432W,0,0.23516144,0.11733333021402359,0.17357002198696136,0.13258561491966248
YER137C-A,YNL284C,0,0.23489237,0.11725516617298126,0.17357002198696136,0.13268576562404633
YJL085W,YLR342W,0,0.23480967,0.1171770989894867,0.17357002198696136,0.13278590142726898
YNL284C-A,YBR172C,0,0.2347067,0.11709913611412048,0.17357002198696136,0.13288603723049164
YDR128W,YLR157C-B,0,0.23466755,0.11702127754688263,0.17357002198696136,0.1329861879348755
YHR101C,YLR013W,0,0.23464194,0.11694352328777313,0.17357002198696136,0.13308632373809814
YOR001W,YOR142W-B,1,0.23456322,0.11752988398075104,0.1745562106370926,0.13308632373809814
YBR035C,YPL108W,0,0.23445742,0.11745189130306244,0.1745562106370926,0.1331864595413208
YDL214C,YEL021W,0,0.23441277,0.1173740029335022,0.1745562106370926,0.13328659534454346
YER086W,YDR146C,0,0.23433267,0.11729622632265091,0.1745562106370926,0.1333867460489273
YER008C,YKL010C,0,0.23431335,0.11721854656934738,0.1745562106370926,0.13348688185214996
YGR158C,YGR038C-A,0,0.23429084,0.11714096367359161,0.1745562106370926,0.13358701765537262
YPL200W,YOR116C,0,0.23419857,0.1170634925365448,0.1745562106370926,0.13368716835975647
YBL100W-B,YJL208C,1,0.23413345,0.11764705926179886,0.17554239928722382,0.13368716835975647
YAL033W,YER160C,1,0.2341263,0.11822985112667084,0.17652860283851624,0.13368716835975647
YGL184C,YJL095W,0,0.23408636,0.11815181374549866,0.17652860283851624,0.13378730416297913
YCR093W,YCL019W,1,0.23406747,0.11873351037502289,0.17751479148864746,0.13378730416297913
YMR287C,YDR210W-B,1,0.2338345,0.11931443959474564,0.1785009801387787,0.13378730416297913
YNR070W,YKL173W,0,0.23380032,0.11923583596944809,0.1785009801387787,0.13388743996620178
YEL047C,YHR141C,0,0.23373596,0.1191573366522789,0.1785009801387787,0.13398757576942444
YGR171C,YOR386W,0,0.23371422,0.11907894909381866,0.1785009801387787,0.1340877264738083
YDR210C-D,YBL055C,1,0.23364316,0.11965811997652054,0.1794871836900711,0.1340877264738083
YNL046W,YNL209W,0,0.23350848,0.1195795014500618,0.1794871836900711,0.13418786227703094
YJL056C,YLR295C,0,0.23340842,0.11950098723173141,0.1794871836900711,0.1342879980802536
YNR002C,YLR353W,0,0.23315415,0.11942256987094879,0.1794871836900711,0.13438814878463745
YJR140C,YGR166W,0,0.23277868,0.11934426426887512,0.1794871836900711,0.1344882845878601
YNL192W,YPR158C-C,0,0.23274776,0.11926605552434921,0.1794871836900711,0.13458842039108276
YOL103W-B,YLR154C,1,0.23270822,0.11984282732009888,0.18047337234020233,0.13458842039108276
YKR067W,YMR087W,0,0.23265445,0.11976439505815506,0.18047337234020233,0.1346885710954666
YEL077C,YNL188W,0,0.23263401,0.1196860671043396,0.18047337234020233,0.13478870689868927
YHL007C,YLL052C,0,0.23263194,0.1196078434586525,0.18047337234020233,0.13488884270191193
YLR227W-B,YDR520C,0,0.23262024,0.11952971667051315,0.18047337234020233,0.13498897850513458
YJL052W,YLR287C-A,0,0.2326164,0.11945169419050217,0.18047337234020233,0.13508912920951843
YER165W,YER180C,0,0.2325976,0.11937377601861954,0.18047337234020233,0.1351892650127411
YPL196W,YER012W,0,0.23249541,0.11929595470428467,0.18047337234020233,0.13528940081596375
YHR021C,YMR197C,0,0.2323874,0.11921823769807816,0.18047337234020233,0.1353895515203476
YHL022C,YLR430W,1,0.2322262,0.1197916641831398,0.18145956099033356,0.1353895515203476
YIL159W,YHR050W,0,0.23217165,0.11971373111009598,0.18145956099033356,0.13548968732357025
YDR365W-B,YLR430W,1,0.23201573,0.12028608471155167,0.18244576454162598,0.13548968732357025
YDL194W,YER003C,0,0.23200373,0.12020792812108994,0.18244576454162598,0.1355898231267929
YDR486C,YOR322C,0,0.23186234,0.12012986838817596,0.18244576454162598,0.13568995893001556
YIL109C,YJR145C,0,0.2317181,0.12005191296339035,0.18244576454162598,0.13579010963439941
YMR287C,YOR142W-B,1,0.23164067,0.12062256783246994,0.1834319531917572,0.13579010963439941
YLR096W,YBR200W,0,0.23160744,0.12054439634084702,0.1834319531917572,0.13589024543762207
YBL004W,YMR061W,0,0.23160677,0.12046632170677185,0.1834319531917572,0.13599038124084473
YOR142W-B,YPR159W,0,0.23160204,0.12038835138082504,0.1834319531917572,0.13609053194522858
YBR257W,YDR261W-B,1,0.2313141,0.12095730751752853,0.18441814184188843,0.13609053194522858
YFL002W-A,YLR277C,1,0.2312015,0.12152553349733353,0.18540434539318085,0.13609053194522858
YLR221C,YGL062W,0,0.23117253,0.12144702672958374,0.18540434539318085,0.13619066774845123
YOL072W,YGL150C,0,0.23092946,0.12136862426996231,0.18540434539318085,0.1362908035516739
YLR410W-B,YCL019W,1,0.23091468,0.12193548679351807,0.18639053404331207,0.1362908035516739
YMR266W,YNL035C,0,0.2309053,0.12185686826705933,0.18639053404331207,0.13639095425605774
YOR192C-B,YOL043C,1,0.23089138,0.12242268025875092,0.1873767226934433,0.13639095425605774
YER013W,YJR137C,0,0.23077476,0.12234385311603546,0.1873767226934433,0.1364910900592804
YHL018W,YKR071C,0,0.23061302,0.12226512283086777,0.1873767226934433,0.13659122586250305
YOR343W-B,YNL250W,1,0.23059195,0.12282957881689072,0.18836292624473572,0.13659122586250305
YDL144C,YLR186W,0,0.23050714,0.12275063991546631,0.18836292624473572,0.1366913616657257
YGR161C-C,YFL041W,0,0.2304678,0.12267180532217026,0.18836292624473572,0.13679151237010956
YHR082C,YOR274W,0,0.23041639,0.12259306758642197,0.18836292624473572,0.13689164817333221
YMR163C,YKL046C,0,0.2303558,0.12251443415880203,0.18836292624473572,0.13699178397655487
YNL110C,YJL019W,0,0.23015511,0.12243589758872986,0.18836292624473572,0.13709193468093872
YDL208W,YOL075C,0,0.2300317,0.12235746532678604,0.18836292624473572,0.13719207048416138
YHR141C,YDL212W,0,0.22995272,0.12227912992238998,0.18836292624473572,0.13729220628738403
YOR304W,YOL103W-B,0,0.22988933,0.12220089882612228,0.18836292624473572,0.1373923420906067
YML039W,YNL054W-B,1,0.22964871,0.12276215106248856,0.18934911489486694,0.1373923420906067
YGR258C,YGR038C-B,1,0.22961095,0.12332268059253693,0.19033530354499817,0.1373923420906067
YLR227W-B,YIL080W,1,0.22952132,0.12388250231742859,0.1913214921951294,0.1373923420906067
YGR038C-B,YKL113C,1,0.22946465,0.12444160878658295,0.19230769574642181,0.1373923420906067
YOR242C,YGR179C,0,0.22942208,0.12436224520206451,0.19230769574642181,0.13749249279499054
YDR316W-B,YLR277C,1,0.22940263,0.1249203309416771,0.19329388439655304,0.13749249279499054
YBR052C,YHR156C,0,0.2293946,0.12484076619148254,0.19329388439655304,0.1375926285982132
YDR316W-B,YGL085W,1,0.22929403,0.12539783120155334,0.19428007304668427,0.1375926285982132
YKL163W,YMR277W,0,0.22919491,0.12531806528568268,0.19428007304668427,0.13769276440143585
YHR132C,YER087C-B,0,0.22912714,0.12523840367794037,0.19428007304668427,0.1377929151058197
YDL148C,YMR180C,0,0.2290721,0.12515883147716522,0.19428007304668427,0.13789305090904236
YDL227C,YML118W,1,0.22906174,0.1257142871618271,0.19526627659797668,0.13789305090904236
YGL251C,YML125C,0,0.22890547,0.12563452124595642,0.19526627659797668,0.13799318671226501
YPL030W,YOL156W,0,0.22884,0.12555484473705292,0.19526627659797668,0.13809333741664886
YIL095W,YKL065C,0,0.22876152,0.12547528743743896,0.19526627659797668,0.13819347321987152
YGL148W,YFL016C,0,0.22873387,0.12539581954479218,0.19526627659797668,0.13829360902309418
YNR056C,YCR017C,0,0.2285412,0.12531645596027374,0.19526627659797668,0.13839374482631683
YGR027W-B,YER160C,1,0.22854006,0.12586970627307892,0.1962524652481079,0.13839374482631683
YPL085W,YCR033W,0,0.22853279,0.12579013407230377,0.1962524652481079,0.13849389553070068
YBL004W,YPL213W,0,0.22852728,0.12571068108081818,0.1962524652481079,0.13859403133392334
YDR210C-D,YGR258C,1,0.22849481,0.1262626200914383,0.19723865389823914,0.13859403133392334
YDR130C,YDL130W,0,0.2284751,0.12618295848369598,0.19723865389823914,0.138694167137146
YAL062W,YJR025C,0,0.22824188,0.12610340118408203,0.19723865389823914,0.13879431784152985
YDL024C,YDR483W,0,0.22807103,0.12602394819259644,0.19723865389823914,0.1388944536447525
YJL113W,YNL117W,0,0.22802936,0.125944584608078,0.19723865389823914,0.13899458944797516
YOL101C,YFL002W-B,0,0.22799355,0.12586532533168793,0.19723865389823914,0.13909472525119781
YML104C,YKL181W,0,0.22788228,0.1257861703634262,0.19723865389823914,0.13919487595558167
YDR210C-D,YLR430W,1,0.22777176,0.12633563578128815,0.19822485744953156,0.13919487595558167
YER142C,YOL043C,1,0.22768794,0.12688441574573517,0.19921104609966278,0.13919487595558167
YNR017W,YPL121C,0,0.22759742,0.12680476903915405,0.19921104609966278,0.13929501175880432
YPR158C-D,YDR386W,1,0.22756949,0.12735256552696228,0.200197234749794,0.13929501175880432
YER026C,YBR133C,0,0.22756769,0.12727272510528564,0.200197234749794,0.13939514756202698
YIL117C,YNL054W-B,0,0.22750682,0.12719298899173737,0.200197234749794,0.13949529826641083
YGR076C,YGR109W-B,0,0.22740674,0.12711334228515625,0.200197234749794,0.13959543406963348
YNR056C,YLR117C,0,0.2273909,0.1270337849855423,0.200197234749794,0.13969556987285614
YDR307W,YPL187W,0,0.22739083,0.1269543468952179,0.200197234749794,0.13979572057724
YDR261C-D,YDR210W-B,1,0.22738992,0.1274999976158142,0.20118343830108643,0.13979572057724
YIR025W,YHL019C,0,0.22714826,0.1274203658103943,0.20118343830108643,0.13989585638046265
YDR210C-D,YGL085W,1,0.22713715,0.127965047955513,0.20216962695121765,0.13989585638046265
YJL010C,YNR075W,0,0.22712196,0.12788522243499756,0.20216962695121765,0.1399959921836853
YDR485C,YJL129C,0,0.22687961,0.12780548632144928,0.20216962695121765,0.14009612798690796
YLR100W,YPR164W,0,0.2268683,0.12772585451602936,0.20216962695121765,0.1401962786912918
YBR257W,YDR098C-B,1,0.22682416,0.1282689869403839,0.20315581560134888,0.1401962786912918
YPR158C-D,YJR110W,0,0.22680248,0.12818917632102966,0.20315581560134888,0.14029641449451447
YPL045W,YNL067W,0,0.22675182,0.12810945510864258,0.20315581560134888,0.14039655029773712
YBR158W,YJR021C,0,0.22674184,0.12802983820438385,0.20315581560134888,0.14049670100212097
YNL232W,YOR142W-B,1,0.22673665,0.12857143580913544,0.2041420191526413,0.14049670100212097
YNL086W,YPL098C,0,0.22673056,0.1284916251897812,0.2041420191526413,0.14059683680534363
YNL153C,YNL265C,0,0.2266676,0.1284119039773941,0.2041420191526413,0.14069697260856628
YCL075W,YPL037C,0,0.22662166,0.12833230197429657,0.2041420191526413,0.14079712331295013
YOR343W-B,YMR287C,1,0.22652349,0.1288723647594452,0.20512820780277252,0.14079712331295013
YDR261C-C,YLR297W,0,0.22647788,0.12879256904125214,0.20512820780277252,0.1408972591161728
YLR086W,YEL009C,0,0.2263658,0.12871287763118744,0.20512820780277252,0.14099739491939545
YOL033W,YKR035W-A,0,0.22636023,0.1286332756280899,0.20512820780277252,0.1410975307226181
YGL044C,YDR084C,0,0.22624457,0.12855376303195953,0.20512820780277252,0.14119768142700195
YLR388W,YMR210W,0,0.22591765,0.1284743696451187,0.20512820780277252,0.1412978172302246
YER113C,YDR354W,0,0.22588077,0.12839506566524506,0.20512820780277252,0.14139795303344727
YJL099W,YLR355C,0,0.22587082,0.12831585109233856,0.20512820780277252,0.14149810373783112
YHL009W-B,YHR062C,1,0.22585587,0.12885326147079468,0.20611439645290375,0.14149810373783112
YDR109C,YPR158C-C,0,0.22584416,0.12877388298511505,0.20611439645290375,0.14159823954105377
YEL016C,YNL054W-B,1,0.22573152,0.12931033968925476,0.20710058510303497,0.14159823954105377
YLR192C,YHL016C,0,0.22564836,0.12923076748847961,0.20710058510303497,0.14169837534427643
YDL229W,YOR347C,0,0.22562133,0.12915128469467163,0.20710058510303497,0.14179851114749908
YHR214C-B,YOR386W,0,0.2253514,0.129071906208992,0.20710058510303497,0.14189866185188293
YPL026C,YER119C,0,0.22528583,0.12899263203144073,0.20710058510303497,0.1419987976551056
YKL163W,YDL015C,0,0.22524041,0.12891344726085663,0.20710058510303497,0.14209893345832825
YOR279C,YDL204W,0,0.22516477,0.12883435189723969,0.20710058510303497,0.1421990841627121
YBL100W-B,YGR276C,1,0.22509527,0.12936848402023315,0.2080867886543274,0.1421990841627121
YDR288W,YER055C,0,0.22508773,0.12928920984268188,0.2080867886543274,0.14229921996593475
YLR022C,YPR190C,0,0.2250033,0.12921003997325897,0.2080867886543274,0.1423993557691574
YBL099W,YPL217C,0,0.22497578,0.12913095951080322,0.2080867886543274,0.14249950647354126
YIL082W-A,YDR098C-B,1,0.22490846,0.1296636015176773,0.20907297730445862,0.14249950647354126
YHR160C,YAL038W,0,0.22458884,0.12958435714244843,0.20907297730445862,0.14259964227676392
YPR005C,YLR089C,0,0.22458808,0.1295051872730255,0.20907297730445862,0.14269977807998657
YOR098C,YLR201C,0,0.22450894,0.12942613661289215,0.20907297730445862,0.14279991388320923
YLR266C,YBL082C,0,0.22450325,0.12934716045856476,0.20907297730445862,0.14290006458759308
YEL016C,YHL022C,1,0.22445303,0.12987804412841797,0.21005916595458984,0.14290006458759308
YOL080C,YOR192C-B,1,0.22428015,0.13040828704833984,0.21104536950588226,0.14290006458759308
YJR068W,YDR074W,0,0.22391108,0.13032886385917664,0.21104536950588226,0.14300020039081573
YKR010C,YOR037W,0,0.22384945,0.13024954497814178,0.21104536950588226,0.1431003361940384
YKL182W,YLL040C,0,0.22367811,0.1301703155040741,0.21104536950588226,0.14320048689842224
YPL257W-A,YCL030C,0,0.22365685,0.13009119033813477,0.21104536950588226,0.1433006227016449
YDR210C-C,YFR036W,0,0.22358635,0.1300121545791626,0.21104536950588226,0.14340075850486755
YHR004C,YML121W,0,0.22349328,0.1299332082271576,0.21104536950588226,0.1435008943080902
YOL103W-B,YDR263C,1,0.22348538,0.1304611712694168,0.2120315581560135,0.1435008943080902
YDR316W-A,YOL102C,0,0.22347103,0.13038204610347748,0.2120315581560135,0.14360104501247406
YDR452W,YCR026C,0,0.2234647,0.1303030252456665,0.2120315581560135,0.14370118081569672
YLR410W-B,YGL085W,1,0.22342327,0.1308297961950302,0.21301774680614471,0.14370118081569672
YCL019W,YOR056C,1,0.22333594,0.13135592639446259,0.21400395035743713,0.14370118081569672
YBR243C,YIL112W,0,0.22332157,0.131276473402977,0.21400395035743713,0.14380131661891937
YGR161W-B,YNL192W,0,0.2231952,0.13119709491729736,0.21400395035743713,0.14390146732330322
YKR079C,YNL054W-B,1,0.22317085,0.13172204792499542,0.21499013900756836,0.14390146732330322
YPR001W,YNL166C,0,0.22311611,0.13164250552654266,0.21499013900756836,0.14400160312652588
YMR117C,YLR256W-A,0,0.22311266,0.13156306743621826,0.21499013900756836,0.14410173892974854
YDR314C,YKL089W,0,0.2230998,0.13148371875286102,0.21499013900756836,0.14420188963413239
YLR105C,YDR098C-B,1,0.22289057,0.13200722634792328,0.21597632765769958,0.14420188963413239
YBR158W,YLR224W,0,0.22278291,0.1319277137517929,0.21597632765769958,0.14430202543735504
YOR080W,YGL203C,0,0.22275092,0.1318482905626297,0.21597632765769958,0.1444021612405777
YEL016C,YDR261W-B,1,0.22271729,0.13237063586711884,0.216962531208992,0.1444021612405777
YDL070W,YER122C,0,0.22271387,0.1322910338640213,0.216962531208992,0.14450229704380035
YNL284C-B,YCR093W,1,0.22264433,0.1328125,0.21794871985912323,0.14450229704380035
YDR261C-D,YJR006W,1,0.22258842,0.13333334028720856,0.21893490850925446,0.14450229704380035
YMR260C,YGR090W,0,0.22258729,0.1332533061504364,0.21893490850925446,0.1446024477481842
YNL054W-B,YHR112C,0,0.22246608,0.1331733614206314,0.21893490850925446,0.14470258355140686
YMR307W,YML099C,0,0.22241527,0.13309352099895477,0.21893490850925446,0.14480271935462952
YBR177C,YNL162W,0,0.22240517,0.1330137848854065,0.21893490850925446,0.14490287005901337
YGR158C,YLR256W-A,0,0.22239104,0.13293413817882538,0.21893490850925446,0.14500300586223602
YIR028W,YAL041W,0,0.22237925,0.13285458087921143,0.21893490850925446,0.14510314166545868
YGL158W,YBR222C,0,0.22235265,0.13277511298656464,0.21893490850925446,0.14520327746868134
YAR009C,YDR478W,1,0.22231027,0.13329347968101501,0.21992109715938568,0.14520327746868134
YOL103W-B,YBR257W,1,0.22224449,0.13381123542785645,0.2209073007106781,0.14520327746868134
YER159C-A,YPL046C,0,0.22216828,0.13373135030269623,0.2209073007106781,0.14530342817306519
YDR421W,YDR118W,0,0.22216259,0.13365155458450317,0.2209073007106781,0.14540356397628784
YIL026C,YDR103W,0,0.22212565,0.13357184827327728,0.2209073007106781,0.1455036997795105
YOR138C,YDR210W-A,0,0.22211668,0.13349224627017975,0.2209073007106781,0.14560385048389435
YJR083C,YDL097C,0,0.2220999,0.13341274857521057,0.2209073007106781,0.145703986287117
YGR231C,YBR098W,0,0.22178504,0.13333334028720856,0.2209073007106781,0.14580412209033966
YFR018C,YFL002W-B,0,0.22176617,0.1332540214061737,0.2209073007106781,0.1459042727947235
YNL292W,YBL010C,0,0.221752,0.13317479193210602,0.2209073007106781,0.14600440859794617
YMR106C,YKL186C,0,0.2216778,0.1330956667661667,0.2209073007106781,0.14610454440116882
YDL045C,YEL030W,0,0.22158743,0.13301663100719452,0.2209073007106781,0.14620468020439148
YNL210W,YOR043W,0,0.22158355,0.13293768465518951,0.2209073007106781,0.14630483090877533
YMR227C,YDR012W,0,0.22145227,0.13285884261131287,0.2209073007106781,0.14640496671199799
YBR257W,YLR157C-B,1,0.22135197,0.13337285816669464,0.22189348936080933,0.14640496671199799
YGR161W-B,YLR145W,1,0.22131832,0.13388626277446747,0.22287967801094055,0.14640496671199799
YGR038C-B,YOR007C,0,0.22130829,0.1338069885969162,0.22287967801094055,0.14650510251522064
YEL054C,YLR043C,0,0.22123232,0.1337278038263321,0.22287967801094055,0.1466052532196045
YCL074W,YER142C,1,0.22114362,0.13424009084701538,0.22386588156223297,0.1466052532196045
YNL015W,YPL028W,0,0.22102287,0.13416075706481934,0.22386588156223297,0.14670538902282715
YKL176C,YCL019W,0,0.22101572,0.13408151268959045,0.22386588156223297,0.1468055248260498
YCR102C,YLR309C,0,0.22101188,0.13400235772132874,0.22386588156223297,0.14690566062927246
YDR365W-B,YJR006W,1,0.22079855,0.1345132738351822,0.2248520702123642,0.14690566062927246
YLR256W-A,YNL218W,0,0.22079796,0.13443395495414734,0.2248520702123642,0.1470058113336563
YGL259W,YHR094C,0,0.22065365,0.13435474038124084,0.2248520702123642,0.14710594713687897
YBR244W,YOL149W,0,0.22060072,0.1342756152153015,0.2248520702123642,0.14720608294010162
YLR283W,YNL054W-B,0,0.22042166,0.13419657945632935,0.2248520702123642,0.14730623364448547
YPR158C-D,YLR143W,1,0.2204112,0.13470588624477386,0.22583825886249542,0.14730623364448547
YMR190C,YER098W,0,0.22038859,0.13462668657302856,0.22583825886249542,0.14740636944770813
YER137C-A,YHR128W,0,0.22035114,0.13454759120941162,0.22583825886249542,0.1475065052509308
YPR137C-B,YMR262W,1,0.22034568,0.1350557804107666,0.22682446241378784,0.1475065052509308
YOR075W,YPR052C,0,0.22029194,0.13497652113437653,0.22682446241378784,0.14760665595531464
YGR161C-C,YML074C,0,0.22023642,0.1348973661661148,0.22682446241378784,0.1477067917585373
YNL197C,YMR123W,0,0.22013164,0.13481828570365906,0.22682446241378784,0.14780692756175995
YGR027W-B,YJL208C,1,0.22005144,0.1353251338005066,0.22781065106391907,0.14780692756175995
YHR023W,YDR081C,0,0.22002143,0.1352459043264389,0.22781065106391907,0.1479070633649826
YKL143W,YPR178W,0,0.22001258,0.13516676425933838,0.22781065106391907,0.14800721406936646
YLR143W,YNL054W-B,1,0.21997692,0.13567250967025757,0.2287968397140503,0.14800721406936646
YPL257W-A,YGR157W,0,0.21991998,0.1355932205915451,0.2287968397140503,0.1481073498725891
YIL080W,YDR098C-B,1,0.21987782,0.13609813153743744,0.2297830432653427,0.1481073498725891
YER126C,YKR101W,0,0.2196156,0.13601867854595184,0.2297830432653427,0.14820748567581177
YBR164C,YKR101W,0,0.21950583,0.1359393298625946,0.2297830432653427,0.14830763638019562
YDR210C-D,YML045W,1,0.21949607,0.1364431530237198,0.23076923191547394,0.14830763638019562
YJL087C,YPL022W,1,0.21943283,0.13694638013839722,0.23175542056560516,0.14830763638019562
YMR046C,YNL071W,0,0.2193388,0.13686662912368774,0.23175542056560516,0.14840777218341827
YGR038C-B,YLR298C,0,0.21932846,0.13678696751594543,0.23175542056560516,0.14850790798664093
YLR145W,YGR109W-B,1,0.21913926,0.1372891217470169,0.23274162411689758,0.14850790798664093
YPL123C,YDR316W-B,1,0.21911564,0.13779069483280182,0.2337278127670288,0.14850790798664093
YDR530C,YDR055W,0,0.21910243,0.13771063089370728,0.2337278127670288,0.14860805869102478
YIL039W,YOL058W,0,0.21909758,0.1376306563615799,0.2337278127670288,0.14870819449424744
YER048C,YDL014W,0,0.21909347,0.13755078613758087,0.2337278127670288,0.1488083302974701
YMR293C,YLR274W,0,0.21899089,0.13747099041938782,0.2337278127670288,0.14890846610069275
YBR258C,YKL017C,0,0.21896341,0.13739129900932312,0.2337278127670288,0.1490086168050766
YDR316W-B,YDR261W-B,1,0.21891151,0.13789108395576477,0.23471400141716003,0.1490086168050766
YML045W-A,YER184C,0,0.2188732,0.13781122863292694,0.23471400141716003,0.14910875260829926
YNL291C,YOR346W,0,0.21886458,0.13773147761821747,0.23471400141716003,0.1492088884115219
YDR382W,YOR315W,0,0.21882837,0.13765181601047516,0.23471400141716003,0.14930903911590576
YJL010C,YGR180C,0,0.21877097,0.1375722587108612,0.23471400141716003,0.14940917491912842
YLR256W-A,YCR083W,0,0.21869317,0.13749277591705322,0.23471400141716003,0.14950931072235107
YDR261C-D,YDR279W,1,0.21869081,0.13799075782299042,0.23570019006729126,0.14950931072235107
YOL103W-B,YJR043C,1,0.21861991,0.13848817348480225,0.23668639361858368,0.14950931072235107
YAL033W,YDR098C-B,1,0.2185862,0.13898500800132751,0.2376725822687149,0.14950931072235107
YLR385C,YPR048W,0,0.21857658,0.1389048993587494,0.2376725822687149,0.14960944652557373
YHL009W-A,YKL017C,0,0.21855538,0.13882488012313843,0.2376725822687149,0.14970959722995758
YHR184W,YHL004W,0,0.2184516,0.13874496519565582,0.2376725822687149,0.14980973303318024
YNL178W,YIL099W,0,0.2184496,0.13866513967514038,0.2376725822687149,0.1499098688364029
YGR289C,YKL007W,0,0.2183526,0.1385853886604309,0.2376725822687149,0.15001001954078674
YLR438C-A,YKL175W,0,0.21827275,0.1385057419538498,0.2376725822687149,0.1501101553440094
YDR139C,YDR146C,0,0.21822986,0.13842618465423584,0.2376725822687149,0.15021029114723206
YNL162W,YPL074W,0,0.2180617,0.13834673166275024,0.2376725822687149,0.1503104418516159
YBR012W-B,YPL269W,0,0.21799129,0.13826735317707062,0.2376725822687149,0.15041057765483856
YMR060C,YOL103W-B,0,0.2179175,0.13818807899951935,0.2376725822687149,0.15051071345806122
YLR227W-B,YDR263C,1,0.21787159,0.13868194818496704,0.23865877091884613,0.15051071345806122
YNL302C,YAR027W,0,0.21784374,0.13860252499580383,0.23865877091884613,0.15061084926128387
YDL021W,YIL051C,0,0.21771318,0.1385231763124466,0.23865877091884613,0.15071099996566772
YOL103W-B,YDR386W,1,0.21770355,0.1390160173177719,0.23964497447013855,0.15071099996566772
YNL310C,YLR295C,0,0.21755795,0.13893653452396393,0.23964497447013855,0.15081113576889038
YDR210C-D,YJR043C,1,0.21748999,0.13942857086658478,0.24063116312026978,0.15081113576889038
YER171W,YDL074C,0,0.21740413,0.13934893906116486,0.24063116312026978,0.15091127157211304
YOR162C,YML034W,0,0.2173763,0.1392694115638733,0.24063116312026978,0.1510114222764969
YJL214W,YCR010C,0,0.21735336,0.1391899585723877,0.24063116312026978,0.15111155807971954
YOR192C-B,YGL085W,1,0.21734321,0.13968072831630707,0.241617351770401,0.15111155807971954
YKR001C,YBR040W,0,0.21734042,0.13960114121437073,0.241617351770401,0.1512116938829422
YBL101W-A,YHR184W,0,0.2172333,0.13952164351940155,0.241617351770401,0.15131182968616486
YHL009W-B,YFL002W-A,1,0.21717706,0.14001138508319855,0.24260355532169342,0.15131182968616486
YOR367W,YER160C,0,0.21716808,0.13993173837661743,0.24260355532169342,0.1514119803905487
YER151C,YML045W-A,0,0.2171641,0.13985219597816467,0.24260355532169342,0.15151211619377136
YBR245C,YGL089C,0,0.21710409,0.13977272808551788,0.24260355532169342,0.15161225199699402
YGR223C,YBR031W,0,0.21695639,0.13969334959983826,0.24260355532169342,0.15171240270137787
YLR341W,YOL117W,0,0.21693604,0.139614075422287,0.24260355532169342,0.15181253850460052
YPL106C,YCR053W,0,0.21683776,0.13953489065170288,0.24260355532169342,0.15191267430782318
YBL018C,YOR142W-B,1,0.21679588,0.14002268016338348,0.24358974397182465,0.15191267430782318
YNL232W,YGR038C-B,1,0.21676263,0.14050991833209991,0.24457593262195587,0.15191267430782318
YBR080C,YNL154C,0,0.21670665,0.14043034613132477,0.24457593262195587,0.15201282501220703
YDR034C-D,YML039W,1,0.21668404,0.14091680943965912,0.2455621361732483,0.15201282501220703
YOL040C,YOR088W,0,0.2165426,0.14083710312843323,0.2455621361732483,0.1521129608154297
YJR082C,YCL003W,0,0.21650419,0.1407574862241745,0.2455621361732483,0.15221309661865234
YDR210C-D,YLR143W,1,0.21638459,0.14124293625354767,0.24654832482337952,0.15221309661865234
YJL060W,YMR247C,0,0.21631806,0.1411631852388382,0.24654832482337952,0.152313232421875
YNL210W,YKR061W,0,0.21631044,0.1410835236310959,0.24654832482337952,0.15241338312625885
YBR095C,YEL069C,0,0.21628398,0.14100395143032074,0.24654832482337952,0.1525135189294815
YMR037C,YDL192W,0,0.21625063,0.14092446863651276,0.24654832482337952,0.15261365473270416
YJR059W,YPR156C,0,0.21617718,0.14084507524967194,0.24654832482337952,0.152713805437088
YML116W,YKR042W,0,0.21614501,0.14076577126979828,0.24654832482337952,0.15281394124031067
YDR460W,YGR239C,0,0.21610865,0.14068655669689178,0.24654832482337952,0.15291407704353333
YGL046W,YLR035C,0,0.21607792,0.14060741662979126,0.24654832482337952,0.15301421284675598
YPR158C-C,YLR182W,0,0.21605776,0.1405283808708191,0.24654832482337952,0.15311436355113983
YLR391W,YKL004W,0,0.21598178,0.1404494345188141,0.24654832482337952,0.1532144993543625
YPL030W,YOR141C,0,0.21591108,0.14037057757377625,0.24654832482337952,0.15331463515758514
YGL001C,YJR060W,0,0.21589181,0.14029181003570557,0.24654832482337952,0.153414785861969
YMR309C,YPL162C,0,0.21563458,0.14021311700344086,0.24654832482337952,0.15351492166519165
YKL049C,YCL066W,0,0.21560973,0.1401345282793045,0.24654832482337952,0.1536150574684143
YPR158W-A,YEL043W,0,0.21556798,0.14005602896213531,0.24654832482337952,0.15371520817279816
YDR261W-B,YDR016C,0,0.21548435,0.1399776041507721,0.24654832482337952,0.1538153439760208
YNL314W,YLR035C-A,0,0.21547003,0.13989926874637604,0.24654832482337952,0.15391547977924347
YJL113W,YDR098C-B,1,0.21542673,0.14038030803203583,0.24753451347351074,0.15391547977924347
YDR210W-B,YGL175C,1,0.21541491,0.14086081087589264,0.24852071702480316,0.15391547977924347
YGL029W,YOL113W,0,0.2152938,0.14078211784362793,0.24852071702480316,0.15401561558246613
YDR104C,YDR496C,0,0.21528138,0.14070351421833038,0.24852071702480316,0.15411576628684998
YFL003C,YDR408C,0,0.21486434,0.140625,0.24852071702480316,0.15421590209007263
YCR070W,YOR304W,0,0.21485323,0.14054657518863678,0.24852071702480316,0.1543160378932953
YMR285C,YAL021C,1,0.21476176,0.14102564752101898,0.2495069056749344,0.1543160378932953
YLR143W,YDR098C-B,1,0.21469565,0.1415041834115982,0.2504931092262268,0.1543160378932953
YKL096W-A,YHR140W,0,0.21468897,0.14142538607120514,0.2504931092262268,0.15441618859767914
YPR190C,YBL027W,0,0.21468036,0.14134669303894043,0.2504931092262268,0.1545163244009018
YBL101W-B,YML091C,1,0.21465272,0.14182424545288086,0.25147929787635803,0.1545163244009018
YOR216C,YLL045C,0,0.21461232,0.1417454183101654,0.25147929787635803,0.15461646020412445
YOR343W-B,YMR262W,1,0.21461,0.14222222566604614,0.25246548652648926,0.15461646020412445
YDR281C,YDL002C,0,0.21460824,0.14214324951171875,0.25246548652648926,0.1547165960073471
YDR229W,YGR118W,0,0.21457483,0.14206437766551971,0.25246548652648926,0.15481674671173096
YLR142W,YAR044W,0,0.21450685,0.14198558032512665,0.25246548652648926,0.1549168825149536
YDR485C,YJL018W,0,0.21447718,0.14190687239170074,0.25246548652648926,0.15501701831817627
YOR064C,YDR210W-A,0,0.21441415,0.141828253865242,0.25246548652648926,0.15511716902256012
YOR374W,YKL188C,0,0.21432789,0.14174972474575043,0.25246548652648926,0.15521730482578278
YLR291C,YJL221C,0,0.21431854,0.141671285033226,0.25246548652648926,0.15531744062900543
YLR452C,YOR138C,0,0.21427855,0.14159291982650757,0.25246548652648926,0.15541759133338928
YFR004W,YOL123W,0,0.21415332,0.1415146440267563,0.25246548652648926,0.15551772713661194
YHR002W,YLR163C,0,0.21407619,0.14143645763397217,0.25246548652648926,0.1556178629398346
YPR191W,YER141W,0,0.21406737,0.1413583606481552,0.25246548652648926,0.15571799874305725
YFR004W,YCL003W,0,0.21405186,0.14128035306930542,0.25246548652648926,0.1558181494474411
YDR329C,YPL028W,0,0.21405151,0.1412024199962616,0.25246548652648926,0.15591828525066376
YBR150C,YNL270C,0,0.21400578,0.14112459123134613,0.25246548652648926,0.1560184210538864
YFR021W,YLR410W-A,0,0.21397881,0.14104683697223663,0.25246548652648926,0.15611857175827026
YFL018C,YLR157C-B,0,0.21368375,0.1409691572189331,0.25246548652648926,0.15621870756149292
YOL103W-B,YHL009W-B,1,0.21353497,0.1414419412612915,0.2534516751766205,0.15621870756149292
YKL161C,YGR052W,0,0.21349512,0.14136414229869843,0.2534516751766205,0.15631884336471558
YGR161C-C,YOL105C,0,0.21337818,0.14128641784191132,0.2534516751766205,0.15641897916793823
YCR035C,YOL142W,1,0.21337752,0.1417582482099533,0.2544378638267517,0.15641897916793823
YPR028W,YGR034W,0,0.21334183,0.14168038964271545,0.2544378638267517,0.15651912987232208
YPR006C,YML118W,0,0.21321648,0.14160263538360596,0.2544378638267517,0.15661926567554474
YGR161C-C,YDR347W,0,0.21314132,0.14152495563030243,0.2544378638267517,0.1567194014787674
YPR158C-C,YNL308C,0,0.21310231,0.14144736528396606,0.2544378638267517,0.15681955218315125
YDR261W-A,YMR229C,0,0.21307766,0.14136986434459686,0.2544378638267517,0.1569196879863739
YMR059W,YBR012W-B,1,0.21302707,0.14184008538722992,0.25542405247688293,0.1569196879863739
YLR410W-B,YJR027W,1,0.21302326,0.14230979979038239,0.25641027092933655,0.1569196879863739
YDL115C,YGL035C,0,0.21299495,0.14223194122314453,0.25641027092933655,0.15701982378959656
YHR062C,YGL175C,1,0.21299458,0.1427009254693985,0.2573964595794678,0.15701982378959656
YGR186W,YNL054W-B,0,0.21296445,0.1426229476928711,0.2573964595794678,0.1571199744939804
YGR289C,YPL212C,0,0.21293685,0.14254505932331085,0.2573964595794678,0.15722011029720306
YOL082W,YDR170W-A,0,0.21287538,0.14246724545955658,0.2573964595794678,0.15732024610042572
YLR164W,YOR088W,0,0.21284913,0.14238952100276947,0.2573964595794678,0.15742038190364838
YOL103W-B,YOR150W,0,0.21282205,0.14231188595294952,0.2573964595794678,0.15752053260803223
YBR204C,YGL046W,0,0.21264187,0.14223432540893555,0.2573964595794678,0.15762066841125488
YBL090W,YPL008W,0,0.21257381,0.14215686917304993,0.2573964595794678,0.15772080421447754
YKL108W,YBR177C,0,0.21236452,0.14207947254180908,0.2573964595794678,0.1578209549188614
YPL045W,YDR261C-C,0,0.21231383,0.1420021802186966,0.2573964595794678,0.15792109072208405
YMR117C,YOL117W,0,0.21227318,0.14192496240139008,0.2573964595794678,0.1580212265253067
YGR276C,YHL009W-B,1,0.21226184,0.14239130914211273,0.258382648229599,0.1580212265253067
YPR031W,YPR137C-B,0,0.2122249,0.14231395721435547,0.258382648229599,0.15812137722969055
YNL001W,YGR109W-B,1,0.21218833,0.14277958869934082,0.2593688368797302,0.15812137722969055
YBR175W,YML131W,0,0.21218012,0.142702117562294,0.2593688368797302,0.1582215130329132
YDR318W,YMR123W,0,0.21215707,0.14262473583221436,0.2593688368797302,0.15832164883613586
YLR227W-B,YNL250W,1,0.21208328,0.1430894285440445,0.26035502552986145,0.15832164883613586
YBL099W,YGL032C,0,0.2119977,0.1430119127035141,0.26035502552986145,0.15842178463935852
YML012W,YIR014W,0,0.21197852,0.14293448626995087,0.26035502552986145,0.15852193534374237
YMR128W,YBR122C,0,0.21196605,0.1428571492433548,0.26035502552986145,0.15862207114696503
YPR009W,YDR216W,0,0.21193266,0.1427798867225647,0.26035502552986145,0.15872220695018768
YFL002W-A,YAR010C,0,0.21183707,0.14270269870758057,0.26035502552986145,0.15882235765457153
YKL139W,YBR082C,0,0.21182781,0.1426256150007248,0.26035502552986145,0.1589224934577942
YCR070W,YKL096W,0,0.21152979,0.1425485908985138,0.26035502552986145,0.15902262926101685
YPR070W,YHR007C,0,0.21152723,0.14247167110443115,0.26035502552986145,0.1591227650642395
YHR206W,YDL193W,0,0.21150392,0.14239482581615448,0.26035502552986145,0.15922291576862335
YGR041W,YHR141C,0,0.2114611,0.14231805503368378,0.26035502552986145,0.159323051571846
YOR368W,YDR261C-D,1,0.21144745,0.14278016984462738,0.2613412141799927,0.159323051571846
YGR161C-D,YAL015C,1,0.21141747,0.1432417929172516,0.2623274028301239,0.159323051571846
YNL224C,YPR036W,0,0.21133417,0.14316469430923462,0.2623274028301239,0.15942318737506866
YLL019C,YML058W-A,0,0.21126518,0.14308768510818481,0.2623274028301239,0.15952333807945251
YLR133W,YKL024C,0,0.21122864,0.14301075041294098,0.2623274028301239,0.15962347388267517
YCL038C,YML132W,0,0.21116382,0.1429339051246643,0.2623274028301239,0.15972360968589783
YJR043C,YDR098C-B,1,0.21106061,0.14339420199394226,0.2633136212825775,0.15972360968589783
YDL022W,YOL103W-B,0,0.21105513,0.14331723749637604,0.2633136212825775,0.15982376039028168
YLR016C,YPL093W,0,0.21103673,0.14324034750461578,0.2633136212825775,0.15992389619350433
YOR192C-B,YAL015C,1,0.21099874,0.1436997354030609,0.26429980993270874,0.15992389619350433
YBR074W,YDL092W,0,0.21097873,0.1436227262020111,0.26429980993270874,0.160024031996727
YDR034C,YGR068C,0,0.21095021,0.14354579150676727,0.26429980993270874,0.16012416779994965
YOR343W-B,YNL054W-B,1,0.21093225,0.14400428533554077,0.26528599858283997,0.16012416779994965
YJR006W,YGR109W-B,1,0.21089375,0.14446227252483368,0.2662721872329712,0.16012416779994965
YDL111C,YOL021C,1,0.21077208,0.14491978287696838,0.2672583758831024,0.16012416779994965
YOR142W-A,YKR054C,0,0.21071407,0.14484232664108276,0.2672583758831024,0.1602243185043335
YGR246C,YCL003W,0,0.2107003,0.1447649598121643,0.2672583758831024,0.16032445430755615
YKL056C,YER103W,0,0.21064875,0.14468766748905182,0.2672583758831024,0.1604245901107788
YIL088C,YOR192C-A,0,0.21060789,0.1446104645729065,0.2672583758831024,0.16052474081516266
YML012W,YDR208W,0,0.21055825,0.14453333616256714,0.2672583758831024,0.16062487661838531
YNL327W,YGR077C,0,0.21051712,0.14445629715919495,0.2672583758831024,0.16072501242160797
YOL120C,YHL019C,0,0.21050087,0.14437933266162872,0.2672583758831024,0.16082514822483063
YBL101W-B,YHR164C,1,0.21048166,0.14483493566513062,0.26824456453323364,0.16082514822483063
YMR182C,YOR255W,0,0.21047321,0.14475785195827484,0.26824456453323364,0.16092529892921448
YPL091W,YJL028W,0,0.21037593,0.14468085765838623,0.26824456453323364,0.16102543473243713
YAL012W,YIL076W,0,0.2103244,0.1446039378643036,0.26824456453323364,0.1611255705356598
YPR080W,YLR064W,0,0.21025851,0.14452709257602692,0.26824456453323364,0.16122572124004364
YFR013W,YJR068W,0,0.21018046,0.1444503515958786,0.26824456453323364,0.1613258570432663
YJR001W,YOR343W-A,0,0.2101305,0.14437367022037506,0.26824456453323364,0.16142599284648895
YIL150C,YML009C,0,0.21007386,0.14429707825183868,0.26824456453323364,0.1615261435508728
YLR332W,YPR181C,0,0.21003549,0.14422057569026947,0.26824456453323364,0.16162627935409546
YDR530C,YPR127W,0,0.2098454,0.14414414763450623,0.26824456453323364,0.16172641515731812
YJR137C,YFR032C-A,0,0.20979889,0.14406779408454895,0.26824456453323364,0.16182655096054077
YGR161C-C,YGR157W,0,0.20979571,0.14399152994155884,0.26824456453323364,0.16192670166492462
YKL146W,YLR153C,0,0.20972744,0.1439153403043747,0.26824456453323364,0.16202683746814728
YLR321C,YGL014W,0,0.2096798,0.14383924007415771,0.26824456453323364,0.16212697327136993
YCL075W,YLR157C-B,1,0.20958892,0.14429175853729248,0.26923078298568726,0.16212697327136993
YGR155W,YFL038C,0,0.20956229,0.14421552419662476,0.26923078298568726,0.16222712397575378
YLR133W,YFL014W,0,0.20945264,0.1441393941640854,0.26923078298568726,0.16232725977897644
YGL229C,YPL246C,0,0.20940211,0.1440633237361908,0.26923078298568726,0.1624273955821991
YPL256C,YOR292C,0,0.20918584,0.14398734271526337,0.26923078298568726,0.16252753138542175
YPL187W,YPL228W,0,0.20913605,0.1439114362001419,0.26923078298568726,0.1626276820898056
YER138C,YDR210W-B,1,0.20910326,0.14436247944831848,0.2702169716358185,0.1626276820898056
YGR161W-B,YDR386W,1,0.20908795,0.14481306076049805,0.2712031602859497,0.1626276820898056
YOR239W,YGL051W,0,0.20907359,0.14473684132099152,0.2712031602859497,0.16272781789302826
YKL143W,YKR103W,0,0.20904756,0.14466071128845215,0.2712031602859497,0.16282795369625092
YDR261C-D,YAL015C,1,0.20902985,0.14511041343212128,0.27218934893608093,0.16282795369625092
YDR369C,YIR012W,0,0.20896034,0.14503414928913116,0.27218934893608093,0.16292810440063477
YPL271W,YKR102W,0,0.20893359,0.1449579894542694,0.27218934893608093,0.16302824020385742
YMR300C,YCR023C,0,0.20892918,0.14488188922405243,0.27218934893608093,0.16312837600708008
YLR383W,YER073W,0,0.2089265,0.1448058784008026,0.27218934893608093,0.16322852671146393
YPL163C,YPL154C,0,0.20878953,0.14472994208335876,0.27218934893608093,0.16332866251468658
YBL019W,YNL282W,1,0.20876242,0.1451781988143921,0.27317553758621216,0.16332866251468658
YGL004C,YEL002C,0,0.20874014,0.1451021432876587,0.27317553758621216,0.16342879831790924
YHR069C,YKL100C,0,0.20868985,0.14502617716789246,0.27317553758621216,0.1635289341211319
YDL110C,YOR083W,0,0.20855927,0.1449502855539322,0.27317553758621216,0.16362908482551575
YNL121C,YGL128C,0,0.20849305,0.1448744833469391,0.27317553758621216,0.1637292206287384
YGR027W-B,YKL025C,1,0.20845039,0.14532148838043213,0.2741617262363434,0.1637292206287384
YPL048W,YDR022C,0,0.20837314,0.14524555206298828,0.2741617262363434,0.16382935643196106
YGR109W-B,YNL072W,1,0.20830801,0.1456919014453888,0.2751479148864746,0.16382935643196106
YGR258C,YOR142W-B,1,0.20830265,0.1461377888917923,0.2761341333389282,0.16382935643196106
YIR033W,YGR109W-B,0,0.2082081,0.14606155455112457,0.2761341333389282,0.1639295071363449
YIL095W,YBR055C,0,0.20814817,0.14598539471626282,0.2761341333389282,0.16402964293956757
YOR098C,YGL125W,0,0.208137,0.14590932428836823,0.2761341333389282,0.16412977874279022
YCR070W,YKR101W,0,0.20812497,0.1458333283662796,0.2761341333389282,0.16422991454601288
YDR318W,YOL103W-B,0,0.20811737,0.14575742185115814,0.2761341333389282,0.16433006525039673
YDR314C,YGR183C,0,0.20811008,0.14568157494068146,0.2761341333389282,0.16443020105361938
YPR104C,YGL255W,0,0.20806071,0.14560581743717194,0.2761341333389282,0.16453033685684204
YDL216C,YGL046W,0,0.20802458,0.14553014934062958,0.2761341333389282,0.1646304875612259
YBL024W,YLR337W,0,0.207923,0.145454540848732,0.2761341333389282,0.16473062336444855
YDR210C-D,YLR277C,1,0.20790285,0.14589823782444,0.27712032198905945,0.16473062336444855
YLL028W,YOR128C,0,0.2079021,0.14582252502441406,0.27712032198905945,0.1648307591676712
YNL050C,YLR327C,0,0.20785792,0.1457468867301941,0.27712032198905945,0.16493090987205505
YOL120C,YDL107W,0,0.20779932,0.14567133784294128,0.27712032198905945,0.1650310456752777
YOL004W,YBL101W-B,0,0.2077861,0.14559584856033325,0.27712032198905945,0.16513118147850037
YMR273C,YJL144W,0,0.20776346,0.14552044868469238,0.27712032198905945,0.16523131728172302
YNL084C,YLR166C,0,0.2077407,0.14544513821601868,0.27712032198905945,0.16533146798610687
YCR070W,YNR015W,0,0.20771658,0.14536988735198975,0.27712032198905945,0.16543160378932953
YLR329W,YGR135W,0,0.20771542,0.14529472589492798,0.27712032198905945,0.16553173959255219
YJR005W,YKL158W,0,0.20771402,0.14521963894367218,0.27712032198905945,0.16563189029693604
YBL042C,YBL101W-B,0,0.2076548,0.14514462649822235,0.27712032198905945,0.1657320261001587
YBL105C,YCR097WB,0,0.20761947,0.1450696885585785,0.27712032198905945,0.16583216190338135
YDR044W,YKL148C,0,0.20761073,0.1449948400259018,0.27712032198905945,0.1659323126077652
YJR026W,YLR113W,0,0.20757487,0.14492006599903107,0.27712032198905945,0.16603244841098785
YIL168W,YPR018W,0,0.20757179,0.1448453664779663,0.27712032198905945,0.1661325842142105
YOR056C,YLR308W,0,0.2074413,0.14477074146270752,0.27712032198905945,0.16623272001743317
YMR059W,YDR365W-B,1,0.20741118,0.1452111154794693,0.2781065106391907,0.16623272001743317
YPL048W,YCR080W,0,0.20741028,0.14513638615608215,0.2781065106391907,0.16633287072181702
YOR115C,YHR039C-B,0,0.20740439,0.14506173133850098,0.2781065106391907,0.16643300652503967
YHL009W-B,YBR012W-B,1,0.20736179,0.1455012857913971,0.2790926992893219,0.16643300652503967
YDL066W,YDR034C-C,0,0.2073563,0.14542651176452637,0.2790926992893219,0.16653314232826233
YMR059W,YGR161W-B,1,0.20734012,0.14586544036865234,0.2800788879394531,0.16653314232826233
YDR299W,YDR261W-B,0,0.20728591,0.14579054713249207,0.2800788879394531,0.16663329303264618
YHR062C,YGR109W-B,1,0.20728557,0.1462288349866867,0.28106507658958435,0.16663329303264618
YBR241C,YDR196C,0,0.20720397,0.14615385234355927,0.28106507658958435,0.16673342883586884
YMR302C,YKL158W,0,0.20714179,0.1460789293050766,0.28106507658958435,0.1668335646390915
YPL084W,YKR057W,0,0.20712984,0.1460040956735611,0.28106507658958435,0.16693370044231415
YGR074W,YBL106C,0,0.20705089,0.14592933654785156,0.28106507658958435,0.167033851146698
YBL101W-B,YLR059C,1,0.20704913,0.1463664323091507,0.28205129504203796,0.167033851146698
YMR121C,YKL167C,0,0.20702323,0.1462915539741516,0.28205129504203796,0.16713398694992065
YML095C,YDL102W,1,0.20697919,0.1467280089855194,0.2830374836921692,0.16713398694992065
YPR070W,YOR226C,0,0.2069477,0.14665304124355316,0.2830374836921692,0.1672341227531433
YGR161W-B,YGL175C,1,0.20694381,0.14708887040615082,0.2840236723423004,0.1672341227531433
YNL054W-B,YCR093W,1,0.20684627,0.14752425253391266,0.28500986099243164,0.1672341227531433
YMR287C,YAL034W-A,0,0.20679577,0.14744898676872253,0.28500986099243164,0.16733427345752716
YKR069W,YCR080W,0,0.20676765,0.14737379550933838,0.28500986099243164,0.16743440926074982
YER137C-A,YJL101C,0,0.20676316,0.1472986787557602,0.28500986099243164,0.16753454506397247
YDL198C,YLL017W,0,0.20674273,0.14722363650798798,0.28500986099243164,0.16763469576835632
YAL039C,YNL134C,0,0.20673871,0.14714866876602173,0.28500986099243164,0.16773483157157898
YCR070W,YPR162C,0,0.20668954,0.14707379043102264,0.28500986099243164,0.16783496737480164
YCL060C,YLL012W,0,0.20660648,0.14699898660182953,0.28500986099243164,0.1679351031780243
YMR154C,YBR118W,0,0.2065843,0.14692425727844238,0.28500986099243164,0.16803525388240814
YER137C-A,YBR176W,0,0.20658344,0.1468495875597,0.28500986099243164,0.1681353896856308
YJR005W,YAL043C,0,0.20644282,0.1467750072479248,0.28500986099243164,0.16823552548885345
YNL169C,YGR238C,0,0.20644175,0.14670050144195557,0.28500986099243164,0.1683356761932373
YMR315W,YOR099W,0,0.20640612,0.1466260850429535,0.28500986099243164,0.16843581199645996
YDR151C,YKL053C-A,0,0.206244,0.1465517282485962,0.28500986099243164,0.16853594779968262
YNL131W,YIL168W,0,0.20621242,0.14647744596004486,0.28500986099243164,0.16863608360290527
YKR036C,YPL249C-A,0,0.20620146,0.1464032381772995,0.28500986099243164,0.16873623430728912
YJR103W,YKL199C,0,0.20612639,0.1463291198015213,0.28500986099243164,0.16883637011051178
YML056C,YMR287C,0,0.20611577,0.14625506103038788,0.28500986099243164,0.16893650591373444
YMR194W,YLR274W,0,0.20601594,0.14618107676506042,0.28500986099243164,0.1690366566181183
YNL185C,YBR012W-A,0,0.20595172,0.14610718190670013,0.28500986099243164,0.16913679242134094
YBR075W,YCR043C,0,0.20594184,0.14603334665298462,0.28500986099243164,0.1692369282245636
YJL046W,YFL052W,0,0.20589778,0.14595960080623627,0.28500986099243164,0.16933707892894745
YNL283C,YLR172C,0,0.20588873,0.1458859145641327,0.28500986099243164,0.1694372147321701
YGR177C,YGL190C,0,0.2058766,0.14581231772899628,0.28500986099243164,0.16953735053539276
YBL054W,YER014C-A,0,0.20582877,0.14573878049850464,0.28500986099243164,0.16963748633861542
YMR260C,YLR410W,0,0.20580283,0.14566531777381897,0.28500986099243164,0.16973763704299927
YGL187C,YAR044W,0,0.20576707,0.14559194445610046,0.28500986099243164,0.16983777284622192
YHL009W-B,YER160C,1,0.20560876,0.14602215588092804,0.28599604964256287,0.16983777284622192
YCR072C,YOR194C,0,0.20559807,0.14594866335391998,0.28599604964256287,0.16993790864944458
YLR350W,YDR380W,0,0.20555165,0.1458752453327179,0.28599604964256287,0.17003805935382843
YJL020C,YLR225C,0,0.20552178,0.14580191671848297,0.28599604964256287,0.1701381951570511
YIR033W,YMR142C,0,0.20552103,0.14572864770889282,0.28599604964256287,0.17023833096027374
YPR158C-D,YCL075W,1,0.20547721,0.14615771174430847,0.2869822382926941,0.17023833096027374
YIL027C,YNL152W,0,0.20546189,0.14608433842658997,0.2869822382926941,0.1703384667634964
YCR043C,YDR037W,0,0.20536846,0.14601103961467743,0.2869822382926941,0.17043861746788025
YDL043C,YLR307W,0,0.20524414,0.14593781530857086,0.2869822382926941,0.1705387532711029
YDR034C-D,YLR107W,1,0.2052177,0.1463659107685089,0.2879684269428253,0.1705387532711029
YNL225C,YFR001W,0,0.2051633,0.146292582154274,0.2879684269428253,0.17063888907432556
YHL009W-B,YJR027W,1,0.20511462,0.14672008156776428,0.28895464539527893,0.17063888907432556
YCR070W,YDR163W,0,0.20510796,0.146646648645401,0.28895464539527893,0.1707390397787094
YBL101W-B,YNL282W,1,0.2050649,0.14707353711128235,0.28994083404541016,0.1707390397787094
YKL199C,YDR141C,0,0.20506376,0.1469999998807907,0.28994083404541016,0.17083917558193207
YOR240W,YBR265W,0,0.20498285,0.14692653715610504,0.28994083404541016,0.17093931138515472
YJL113W,YMR045C,1,0.2049551,0.1473526507616043,0.2909270226955414,0.17093931138515472
YML095C,YMR045C,1,0.20493682,0.14777833223342896,0.2919132113456726,0.17093931138515472
YLR337W,YNR015W,0,0.20488589,0.1477045863866806,0.2919132113456726,0.17103946208953857
YOL033W,YHR026W,0,0.20488504,0.14763092994689941,0.2919132113456726,0.17113959789276123
YNL336W,YML007W,0,0.20480448,0.147557333111763,0.2919132113456726,0.1712397336959839
YGL251C,YLR227W-B,0,0.2046542,0.14748381078243256,0.2919132113456726,0.17133986949920654
YKL181W,YDR402C,0,0.20459834,0.14741036295890808,0.2919132113456726,0.1714400202035904
YJL134W,YLR139C,0,0.20458628,0.14733698964118958,0.2919132113456726,0.17154015600681305
YKL203C,YBL046W,0,0.20451915,0.14726367592811584,0.2919132113456726,0.1716402918100357
YDL043C,YJR088C,0,0.20451897,0.14719045162200928,0.2919132113456726,0.17174044251441956
YMR239C,YHR069C,1,0.20448706,0.14761431515216827,0.29289939999580383,0.17174044251441956
YER169W,YDR265W,0,0.20442781,0.14754098653793335,0.29289939999580383,0.1718405783176422
YLR256W-A,YKL178C,0,0.20438924,0.1474677324295044,0.29289939999580383,0.17194071412086487
YKL168C,YDR224C,0,0.20428123,0.14739453792572021,0.29289939999580383,0.17204084992408752
YMR239C,YHL009W-B,1,0.20424938,0.147817462682724,0.29388558864593506,0.17204084992408752
YPL183W-A,YLL039C,0,0.20416251,0.14774417877197266,0.29388558864593506,0.17214100062847137
YPL042C,YPR137C-B,0,0.20412931,0.1476709544658661,0.29388558864593506,0.17224113643169403
YGL001C,YJR045C,0,0.20412235,0.14759781956672668,0.29388558864593506,0.1723412722349167
YOL103W-B,YOL043C,1,0.20410307,0.14801980555057526,0.29487180709838867,0.1723412722349167
YBR082C,YGL124C,0,0.20409423,0.1479465663433075,0.29487180709838867,0.17244142293930054
YBL076C,YNL256W,0,0.20409381,0.1478733867406845,0.29487180709838867,0.1725415587425232
YDR299W,YLR337W,0,0.20408529,0.1478002965450287,0.29487180709838867,0.17264169454574585
YHR084W,YGL046W,0,0.20405972,0.14772726595401764,0.29487180709838867,0.1727418452501297
YCR080W,YPL092W,0,0.20402934,0.14765432476997375,0.29487180709838867,0.17284198105335236
YIL121W,YCR080W,0,0.20399442,0.14758144319057465,0.29487180709838867,0.172942116856575
YKL127W,YFL024C,0,0.2039927,0.1475086361169815,0.29487180709838867,0.17304225265979767
YGR027W-A,YJR015W,0,0.20398295,0.14743590354919434,0.29487180709838867,0.17314240336418152
YCL060C,YML046W,0,0.20394157,0.14736323058605194,0.29487180709838867,0.17324253916740417
YMR266W,YBL019W,0,0.20387943,0.1472906470298767,0.29487180709838867,0.17334267497062683
YER098W,YPL074W,0,0.2038063,0.14721812307834625,0.29487180709838867,0.17344282567501068
YLR145W,YOR192C-B,1,0.20367306,0.14763779938220978,0.2958579957485199,0.17344282567501068
YNL310C,YOL103W-B,0,0.20366688,0.14756517112255096,0.2958579957485199,0.17354296147823334
YIL080W,YBL101W-B,1,0.20364411,0.14798426628112793,0.2968441843986511,0.17354296147823334
YIL017W,YPL079W,0,0.20362842,0.14791154861450195,0.2968441843986511,0.173643097281456
YNL267W,YCR080W,0,0.20360309,0.14783890545368195,0.2968441843986511,0.17374324798583984
YER104W,YCL060C,0,0.20359232,0.1477663218975067,0.2968441843986511,0.1738433837890625
YCR097WB,YKR030W,0,0.2035067,0.14769381284713745,0.2968441843986511,0.17394351959228516
YPR158W-B,YDR279W,1,0.20350233,0.14811182022094727,0.29783037304878235,0.17394351959228516
YEL030W,YBR234C,0,0.20348024,0.14803922176361084,0.29783037304878235,0.1740436553955078
YML045W,YDR261W-B,1,0.20347194,0.1484566330909729,0.2988165616989136,0.1740436553955078
YBR154C,YKR101W,0,0.20345971,0.14838393032550812,0.2988165616989136,0.17414380609989166
YHL009W-B,YBR166C,0,0.20342737,0.1483113020658493,0.2988165616989136,0.17424394190311432
YMR280C,YOR150W,0,0.20338637,0.14823874831199646,0.2988165616989136,0.17434407770633698
YNL284C-B,YNL072W,1,0.20335683,0.1486552506685257,0.2998027503490448,0.17434407770633698
YOR391C,YFL039C,0,0.20332439,0.1485826075077057,0.2998027503490448,0.17444422841072083
YOL110W,YNL315C,0,0.20330197,0.14851000905036926,0.2998027503490448,0.17454436421394348
YBR075W,YDR449C,0,0.20328847,0.1484375,0.2998027503490448,0.17464450001716614
YPR028W,YHL001W,0,0.20322338,0.1483650505542755,0.2998027503490448,0.1747446358203888
YNL284C-B,YHR164C,1,0.20317958,0.14878049492835999,0.3007889688014984,0.1747446358203888
YGL225W,YFL035C,0,0.20307389,0.14870794117450714,0.3007889688014984,0.17484478652477264
YJR043C,YDR293C,1,0.20302832,0.14912280440330505,0.30177515745162964,0.17484478652477264
YGR281W,YKR068C,0,0.20302561,0.14905017614364624,0.30177515745162964,0.1749449223279953
YML125C,YCR055C,0,0.20301372,0.1489776074886322,0.30177515745162964,0.17504505813121796
YPR137C-B,YLR143W,1,0.20297685,0.14939172565937042,0.30276134610176086,0.17504505813121796
YAR044W,YPL015C,0,0.20297578,0.14931906759738922,0.30276134610176086,0.1751452088356018
YOL130W,YLR035C-A,0,0.20295224,0.1492464691400528,0.30276134610176086,0.17524534463882446
YCL062W,YLR395C,0,0.2029325,0.14917396008968353,0.30276134610176086,0.17534548044204712
YFL066C,YBR102C,0,0.20275202,0.14910151064395905,0.30276134610176086,0.17544563114643097
YDR034C-C,YKL135C,0,0.20269765,0.14902912080287933,0.30276134610176086,0.17554576694965363
YKL097W-A,YLR148W,0,0.20268747,0.14895682036876678,0.30276134610176086,0.17564590275287628
YGR027W-B,YDR261C-D,1,0.20267758,0.14936953783035278,0.3037475347518921,0.17564590275287628
YJL164C,YIR005W,0,0.2026652,0.14929713308811188,0.3037475347518921,0.17574603855609894
YJL103C,YKL071W,0,0.20264584,0.14922480285167694,0.3037475347518921,0.1758461892604828
YJL187C,YFL035C,0,0.20260105,0.14915254712104797,0.3037475347518921,0.17594632506370544
YDR067C,YDR261W-A,0,0.2025138,0.14908035099506378,0.3037475347518921,0.1760464608669281
YMR224C,YLR410W-B,1,0.20245776,0.14949201047420502,0.3047337234020233,0.1760464608669281
YOR361C,YML033W,0,0.20244971,0.14941972494125366,0.3047337234020233,0.17614661157131195
YGR161W-B,YLR105C,1,0.20244494,0.14983083307743073,0.30571991205215454,0.17614661157131195
YOL080C,YPR158W-B,1,0.20232522,0.15024153888225555,0.30670610070228577,0.17614661157131195
YAL033W,YGR158C,1,0.20232126,0.15065185725688934,0.3076923191547394,0.17614661157131195
YGR027W-B,YDL092W,0,0.20222923,0.15057915449142456,0.3076923191547394,0.1762467473745346
YHL009W-B,YGL085W,1,0.2021691,0.15098890662193298,0.3086785078048706,0.1762467473745346
YDR210W-B,YML126C,0,0.20211425,0.15091609954833984,0.3086785078048706,0.17634688317775726
YOL026C,YBL068W,0,0.20207238,0.15084336698055267,0.3086785078048706,0.17644701898097992
YHR186C,YHR166C,0,0.20198894,0.15077070891857147,0.3086785078048706,0.17654716968536377
YOR116C,YBR260C,0,0.20197657,0.15069812536239624,0.3086785078048706,0.17664730548858643
YGR033C,YPR137C-B,0,0.20192873,0.15062560141086578,0.3086785078048706,0.17674744129180908
YFL033C,YJL191W,0,0.2019082,0.1505531519651413,0.3086785078048706,0.17684759199619293
YNR049C,YDR316W-A,0,0.20187828,0.15048076212406158,0.3086785078048706,0.1769477277994156
YGR037C,YOL016C,0,0.20182166,0.15040846168994904,0.3086785078048706,0.17704786360263824
YDR316W-B,YER142C,1,0.20181035,0.15081652998924255,0.30966469645500183,0.17704786360263824
YPL011C,YPL218W,0,0.20180199,0.15074412524700165,0.30966469645500183,0.1771480143070221
YKL158W,YDL190C,0,0.20177752,0.15067178010940552,0.30966469645500183,0.17724815011024475
YMR277W,YAR066W,0,0.20176473,0.15059952437877655,0.30966469645500183,0.1773482859134674
YPR158W-B,YKL025C,1,0.20167378,0.15100671350955963,0.31065088510513306,0.1773482859134674
YIL035C,YDR540C,0,0.20165706,0.1509343534708023,0.31065088510513306,0.17744842171669006
YDL049C,YLR010C,0,0.20163977,0.15086206793785095,0.31065088510513306,0.1775485724210739
YKR037C,YPR132W,0,0.20159152,0.15078985691070557,0.31065088510513306,0.17764870822429657
YGR027W-A,YNL110C,0,0.20157579,0.15071770548820496,0.31065088510513306,0.17774884402751923
YMR024W,YMR267W,0,0.20154345,0.15064562857151031,0.31065088510513306,0.17784899473190308
YPR158C-D,YCR035C,1,0.20153493,0.1510516256093979,0.3116370737552643,0.17784899473190308
YDR316W-B,YML045W,1,0.20151913,0.15145723521709442,0.3126232624053955,0.17784899473190308
YIR015W,YDR210W-A,0,0.201505,0.15138490498065948,0.3126232624053955,0.17794913053512573
YMR170C,YFL035C,0,0.20147082,0.15131264925003052,0.3126232624053955,0.1780492663383484
YDR416W,YOL057W,0,0.20145656,0.15124045312404633,0.3126232624053955,0.17814940214157104
YPR018W,YBL101W-B,0,0.20142192,0.1511683315038681,0.3126232624053955,0.1782495528459549
YDR211W,YDR134C,0,0.20141669,0.15109628438949585,0.3126232624053955,0.17834968864917755
YMR166C,YEL017C-A,0,0.20140809,0.15102429687976837,0.3126232624053955,0.1784498244524002
YGR214W,YER112W,0,0.2013166,0.15095238387584686,0.3126232624053955,0.17854997515678406
YAL039C,YKL200C,0,0.2012632,0.15088053047657013,0.3126232624053955,0.1786501109600067
YMR285C,YBR100W,1,0.20125929,0.15128448605537415,0.3136094808578491,0.1786501109600067
YOR327C,YML033W,0,0.20125389,0.15121255815029144,0.3136094808578491,0.17875024676322937
YMR106C,YKL199C,0,0.20125163,0.15114068984985352,0.3136094808578491,0.17885039746761322
YNR006W,YCR055C,0,0.20124993,0.15106888115406036,0.3136094808578491,0.17895053327083588
YIL122W,YCL003W,0,0.20124745,0.15099714696407318,0.3136094808578491,0.17905066907405853
YBR075W,YDR072C,0,0.2012304,0.15092548727989197,0.3136094808578491,0.1791508048772812
YKR019C,YPL226W,0,0.20121579,0.15085388720035553,0.3136094808578491,0.17925095558166504
YOR088W,YPL095C,0,0.20120528,0.15078236162662506,0.3136094808578491,0.1793510913848877
YJL076W,YKL199C,0,0.20119897,0.15071089565753937,0.3136094808578491,0.17945122718811035
YKL130C,YLR337W,0,0.20114842,0.15063950419425964,0.3136094808578491,0.1795513778924942
YDL082W,YDR296W,0,0.20114286,0.1505681872367859,0.3136094808578491,0.17965151369571686
YMR059W,YPR158C-D,1,0.20113933,0.1509701907634735,0.31459566950798035,0.17965151369571686
YGL201C,YPR137C-A,0,0.20113489,0.1508987694978714,0.31459566950798035,0.17975164949893951
YJL156C,YOR088W,0,0.20110966,0.15082742273807526,0.31459566950798035,0.17985178530216217
YGR072W,YDR034C-C,0,0.20110717,0.15075615048408508,0.31459566950798035,0.17995193600654602
YFL035C,YNR007C,0,0.20110548,0.15068493783473969,0.31459566950798035,0.18005207180976868
YBR100W,YLR277C,1,0.20107388,0.15108592808246613,0.3155818581581116,0.18005207180976868
YML095C,YBL101W-B,1,0.201036,0.15148654580116272,0.3165680468082428,0.18005207180976868
YNL112W,YMR213W,0,0.20100085,0.15141509473323822,0.3165680468082428,0.18015220761299133
YJL148W,YHR043C,0,0.20098269,0.1513437032699585,0.3165680468082428,0.18025235831737518
YFR051C,YOR343W-A,0,0.20096764,0.15127238631248474,0.3165680468082428,0.18035249412059784
YLR244C,YCR055C,0,0.20084262,0.15120112895965576,0.3165680468082428,0.1804526299238205
YOR001W,YGR158C,1,0.20082253,0.15160074830055237,0.317554235458374,0.1804526299238205
YGR030C,YMR287C,1,0.2008052,0.15199999511241913,0.31854042410850525,0.1804526299238205
YGR002C,YCR097WB,0,0.20078593,0.15192849934101105,0.31854042410850525,0.18055278062820435
YCL062W,YDR085C,0,0.20073228,0.15185707807540894,0.31854042410850525,0.180652916431427
YAL033W,YDR261C-D,1,0.20070669,0.15225563943386078,0.3195266127586365,0.180652916431427
YKL199C,YBR133C,0,0.20067728,0.1521841287612915,0.3195266127586365,0.18075305223464966
YDR044W,YIL157C,0,0.20065384,0.152112677693367,0.3195266127586365,0.18085318803787231
YPL257W-B,YMR137C,1,0.20063013,0.15251055359840393,0.3205128312110901,0.18085318803787231
YER020W,YDR477W,0,0.20061329,0.15243902802467346,0.3205128312110901,0.18095333874225616
YBR075W,YCR042C,0,0.20058425,0.15236756205558777,0.3205128312110901,0.18105347454547882
YAL044C,YJL112W,0,0.20058154,0.15229615569114685,0.3205128312110901,0.18115361034870148
YKR104W,YOR088W,0,0.20057893,0.1522248238325119,0.3205128312110901,0.18125376105308533
YFL035C,YDL150W,0,0.20056114,0.15215355157852173,0.3205128312110901,0.18135389685630798
YIR013C,YDR316W-A,0,0.20055868,0.15208235383033752,0.3205128312110901,0.18145403265953064
YER131W,YCL003W,0,0.20045674,0.1520112305879593,0.3205128312110901,0.1815541684627533
YKL199C,YHR216W,0,0.20045035,0.15194015204906464,0.3205128312110901,0.18165431916713715
YBR075W,YLR051C,0,0.20043598,0.15186916291713715,0.3205128312110901,0.1817544549703598
YCR070W,YML116W,0,0.20040706,0.15179821848869324,0.3205128312110901,0.18185459077358246
YNR026C,YDR120C,0,0.20038325,0.1517273634672165,0.3205128312110901,0.1819547414779663
YNL106C,YPL257W-B,0,0.20038003,0.15165655314922333,0.3205128312110901,0.18205487728118896
YJL030W,YDL110C,0,0.20036945,0.15158581733703613,0.3205128312110901,0.18215501308441162
YDR101C,YOR217W,0,0.20036882,0.1515151560306549,0.3205128312110901,0.18225516378879547
YBR100W,YOL042W,1,0.20027387,0.15191052854061127,0.3214990198612213,0.18225516378879547
YJL008C,YJL018W,0,0.20024914,0.15183977782726288,0.3214990198612213,0.18235529959201813
YEL012W,YCR055C,0,0.20023301,0.15176908671855927,0.3214990198612213,0.18245543539524078
YDL102W,YIR015W,1,0.20021072,0.1521638035774231,0.32248520851135254,0.18245543539524078
YLR022C,YCR070W,0,0.2001479,0.15209302306175232,0.32248520851135254,0.18255557119846344
YBR075W,YNL323W,0,0.20012492,0.1520223170518875,0.32248520851135254,0.1826557219028473
YBR100W,YER160C,1,0.2001166,0.15241636335849762,0.32347139716148376,0.1826557219028473
YNL147W,YLR197W,0,0.2001121,0.15234556794166565,0.32347139716148376,0.18275585770606995
YDR365W-B,YAR008W,1,0.20005234,0.15273909270763397,0.324457585811615,0.18275585770606995
YJL029C,YIL017W,0,0.20000833,0.15266820788383484,0.324457585811615,0.1828559935092926
YGL094C,YML033W,0,0.19997959,0.15259739756584167,0.324457585811615,0.18295614421367645
YMR234W,YOR192C-B,1,0.19996774,0.15299026668071747,0.3254437744617462,0.18295614421367645
YLR337W,YNL099C,0,0.1999548,0.15291936695575714,0.3254437744617462,0.1830562800168991
YBR058C-A,YLR045C,0,0.19990587,0.15284854173660278,0.3254437744617462,0.18315641582012177
YER019W,YBL101W-B,0,0.1998764,0.1527777761220932,0.3254437744617462,0.18325656652450562
YHR136C,YOR240W,0,0.19983837,0.1527070850133896,0.3254437744617462,0.18335670232772827
YBL101W-B,YOL042W,1,0.19983737,0.15309898555278778,0.32642999291419983,0.18335670232772827
YPL228W,YBL101W-B,0,0.19980793,0.153028205037117,0.32642999291419983,0.18345683813095093
YHL019C,YCL060C,0,0.19978791,0.152957484126091,0.32642999291419983,0.18355697393417358
YLR216C,YBR298C,0,0.19976059,0.15288683772087097,0.32642999291419983,0.18365712463855743
YBR098W,YGR038C-B,1,0.19975194,0.1532779335975647,0.32741618156433105,0.18365712463855743
YDR210W-D,YML045W,1,0.1997286,0.15366867184638977,0.3284023702144623,0.18365712463855743
YER041W,YDR210W-D,1,0.1997286,0.154059037566185,0.3293885588645935,0.18365712463855743
YLR227W-B,YFL011W-A,0,0.1997286,0.15398801863193512,0.3293885588645935,0.1837572604417801
YBL089W,YDR014W-A,0,0.1997286,0.15391704440116882,0.3293885588645935,0.18385739624500275
YKL107W,YGL210W-A,0,0.1997286,0.1538461595773697,0.3293885588645935,0.1839575469493866
YDL025C,YLR391W-A,0,0.1997286,0.15377531945705414,0.3293885588645935,0.18405768275260925
YDR258C,YHR214W-G,0,0.1997286,0.15370455384254456,0.3293885588645935,0.1841578185558319
YBR111W-A,YMR161W,0,0.1997286,0.15363384783267975,0.3293885588645935,0.18425795435905457
YJR006W,YDR210W-D,1,0.1997286,0.15402299165725708,0.33037474751472473,0.18425795435905457
YLR005W,YGR031C-A,0,0.1997286,0.1539522111415863,0.33037474751472473,0.18435810506343842
YOR343C-B,YLR157C-B,1,0.1997286,0.15434083342552185,0.33136093616485596,0.18435810506343842
YLR312W-A,YDR210W-D,1,0.1997286,0.15472911298274994,0.33234715461730957,0.18435810506343842
YLR312C-B,YHR214C-B,0,0.1997286,0.15465809404850006,0.33234715461730957,0.18445824086666107
YDR210W-D,YLR430W,1,0.1997286,0.15504586696624756,0.3333333432674408,0.18445824086666107
YKL222C,YCL027C-A,0,0.1997286,0.1549747884273529,0.3333333432674408,0.18455837666988373
YNL302C,YOL053C-A,0,0.1997286,0.15490375459194183,0.3333333432674408,0.18465852737426758
YNL079C,YDR210W-D,0,0.1997286,0.15483279526233673,0.3333333432674408,0.18475866317749023
YPL147W,YOR396W,0,0.1997286,0.1547619104385376,0.3333333432674408,0.1848587989807129
YDR014W-A,YBR176W,0,0.1997286,0.15469107031822205,0.3333333432674408,0.18495894968509674
YDR524C-B,YMR223W,0,0.1997286,0.15462030470371246,0.3333333432674408,0.1850590854883194
YDR252W,YDL038C,0,0.1997286,0.15454961359500885,0.3333333432674408,0.18515922129154205
YER007W,YBR111W-A,0,0.1997286,0.15447898209095,0.3333333432674408,0.1852593570947647
YKR099C-A,YAR027W,0,0.1997286,0.15440841019153595,0.3333333432674408,0.18535950779914856
YDR014W-A,YGR184C,0,0.1997286,0.15433789789676666,0.3333333432674408,0.18545964360237122
YPL096C-A,YLL045C,0,0.1997286,0.15426746010780334,0.3333333432674408,0.18555977940559387
YML124C,YCL027C-A,0,0.1997286,0.1541970819234848,0.3333333432674408,0.18565993010997772
YGL210W-A,YGL179C,0,0.1997286,0.15412676334381104,0.3333333432674408,0.18576006591320038
YKR055W,YPL096C-A,0,0.1997286,0.15405651926994324,0.3333333432674408,0.18586020171642303
YGR031C-A,YCR030C,0,0.1997286,0.15398633480072021,0.3333333432674408,0.1859603375196457
YLR154W-A,YGL099W,0,0.1997286,0.15391620993614197,0.3333333432674408,0.18606048822402954
YOL103W-B,YBL101W-B,1,0.1997286,0.15430131554603577,0.334319531917572,0.18606048822402954
YBL101W-B,YGR161W-B,1,0.1997286,0.1546860784292221,0.33530572056770325,0.18606048822402954
YBR084C-A,YPL189C-A,0,0.1997286,0.15461573004722595,0.33530572056770325,0.1861606240272522
YDR014W-A,YNL151C,0,0.1997286,0.15454545617103577,0.33530572056770325,0.18626075983047485
YGL210W-A,YER056C-A,0,0.1997286,0.15447524189949036,0.33530572056770325,0.1863609105348587
YBL101W-A,YPR164W,0,0.1997286,0.15440508723258972,0.33530572056770325,0.18646104633808136
YDR524C-B,YOR367W,0,0.1997286,0.15433499217033386,0.33530572056770325,0.18656118214130402
YOR343C-B,YOL142W,1,0.1997286,0.15471869707107544,0.3362919092178345,0.18656118214130402
YEL003W,YGL258W-A,0,0.1997286,0.1546485275030136,0.3362919092178345,0.18666133284568787
YNL138W-A,YNL311C,0,0.1997286,0.15457841753959656,0.3362919092178345,0.18676146864891052
YFL037W,YFL011W-A,0,0.1997286,0.15450838208198547,0.3362919092178345,0.18686160445213318
YJL118W,YDL038C,0,0.1997286,0.15443840622901917,0.3362919092178345,0.18696174025535583
YLR287C-A,YBL101W-B,0,0.1997286,0.15436848998069763,0.3362919092178345,0.18706189095973969
YPL096C-A,YFL048C,0,0.1997286,0.15429864823818207,0.3362919092178345,0.18716202676296234
YHR176W,YCR029C-A,0,0.1997286,0.15422885119915009,0.3362919092178345,0.187262162566185
YNR002C,YCL027C-A,0,0.1997286,0.15415912866592407,0.3362919092178345,0.18736231327056885
YCL047C,YJL012C-A,0,0.1997286,0.15408946573734283,0.3362919092178345,0.1874624490737915
YNL138W-A,YJR091C,0,0.1997286,0.15401987731456757,0.3362919092178345,0.18756258487701416
YKL139W,YNL138W-A,0,0.1997286,0.15395033359527588,0.3362919092178345,0.18766272068023682
YER089C,YHR039C-B,0,0.1997286,0.15388086438179016,0.3362919092178345,0.18776287138462067
YER103W,YOR343C-B,0,0.1997286,0.15381145477294922,0.3362919092178345,0.18786300718784332
YOR343C-B,YDL002C,0,0.1997286,0.15374210476875305,0.3362919092178345,0.18796314299106598
YOR098C,YCR029C-A,0,0.1997286,0.15367282927036285,0.3362919092178345,0.18806329369544983
YLR312C-B,YER146W,0,0.1997286,0.15360359847545624,0.3362919092178345,0.18816342949867249
YLR154W-A,YBL039C,0,0.1997286,0.1535344421863556,0.3362919092178345,0.18826356530189514
YGL158W,YGL210W-A,0,0.1997286,0.15346534550189972,0.3362919092178345,0.188363716006279
YGL258W-A,YCL066W,0,0.1997286,0.15339630842208862,0.3362919092178345,0.18846385180950165
YNL026W,YGL210W-A,0,0.1997286,0.1533273309469223,0.3362919092178345,0.1885639876127243
YBR075W,YNL054W-B,0,0.1997286,0.15325842797756195,0.3362919092178345,0.18866412341594696
YCR043C,YCL027C-A,0,0.1997286,0.15318958461284637,0.3362919092178345,0.1887642741203308
YNL024C-A,YDR532C,0,0.1997286,0.15312078595161438,0.3362919092178345,0.18886440992355347
YDL153C,YBR111W-A,0,0.1997286,0.15305206179618835,0.3362919092178345,0.18896454572677612
YCL003W,YHR183W,0,0.1997286,0.1529833972454071,0.3362919092178345,0.18906469643115997
YBR283C,YGL258W-A,0,0.1997286,0.15291479229927063,0.3362919092178345,0.18916483223438263
YOR343C-B,YGR038C-B,1,0.1997286,0.15329448878765106,0.3372780978679657,0.18916483223438263
YDL207W,YPL096C-A,0,0.1997286,0.15322580933570862,0.3372780978679657,0.18926496803760529
YOL053C-A,YDR296W,0,0.1997286,0.15315718948841095,0.3372780978679657,0.18936510384082794
YDR356W,YOR396W,0,0.1997286,0.15308862924575806,0.3372780978679657,0.1894652545452118
YDR014W-A,YDR065W,0,0.1997286,0.15302012860774994,0.3372780978679657,0.18956539034843445
YGR031C-A,YAR015W,0,0.1997286,0.1529517024755478,0.3372780978679657,0.1896655261516571
YDR261W-B,YCR029C-A,0,0.1997286,0.15288332104682922,0.3372780978679657,0.18976567685604095
YGR184C,YLR337W,0,0.1997286,0.15281501412391663,0.3372780978679657,0.1898658126592636
YLR312C-B,YGL011C,0,0.1997286,0.1527467668056488,0.3372780978679657,0.18996594846248627
YCL019W,YDR210W-D,1,0.1997286,0.15312500298023224,0.3382642865180969,0.18996594846248627
YLR154W-A,YKL158W,0,0.1997286,0.15305666625499725,0.3382642865180969,0.19006609916687012
YNL024C-A,YML104C,0,0.1997286,0.15298840403556824,0.3382642865180969,0.19016623497009277
YLR227W-B,YOR343C-B,1,0.1997286,0.15336602926254272,0.33925050497055054,0.19016623497009277
YIR009W,YNL138W-A,0,0.1997286,0.15329767763614655,0.33925050497055054,0.19026637077331543
YBR036C,YLR391W-A,0,0.1997286,0.15322940051555634,0.33925050497055054,0.19036650657653809
YOR343C-B,YEL015W,0,0.1997286,0.1531611680984497,0.33925050497055054,0.19046665728092194
YBR228W,YHR214W-G,0,0.1997286,0.15309301018714905,0.33925050497055054,0.1905667930841446
YOR343C-B,YMR285C,1,0.1997286,0.1534697562456131,0.34023669362068176,0.1905667930841446
YBR100W,YCR093W,1,0.1997286,0.1538461595773697,0.341222882270813,0.1905667930841446
YKL073W,YOL053C-A,0,0.1997286,0.15377777814865112,0.341222882270813,0.19066692888736725
YAL033W,YDR210W-D,1,0.1997286,0.1541537046432495,0.3422090709209442,0.19066692888736725
YOL136C,YBL008W-A,0,0.1997286,0.15408526360988617,0.3422090709209442,0.1907670795917511
YDR226W,YAR070W-A,0,0.1997286,0.1540168672800064,0.3422090709209442,0.19086721539497375
YNL163C,YGR272C,0,0.1997286,0.15394853055477142,0.3422090709209442,0.1909673511981964
YDR447C,YCR029C-A,0,0.1997286,0.1538802683353424,0.3422090709209442,0.19106750190258026
YOR343C-B,YLR410W-B,1,0.1997286,0.15425531566143036,0.34319525957107544,0.19106750190258026
YOL137W,YOR396W,0,0.1997286,0.15418697893619537,0.34319525957107544,0.19116763770580292
YNL264C,YDR014W-A,0,0.1997286,0.15411868691444397,0.34319525957107544,0.19126777350902557
YNL024C-A,YOR326W,0,0.1997286,0.15405046939849854,0.34319525957107544,0.19136790931224823
YBR111W-A,YFL048C,0,0.1997286,0.15398229658603668,0.34319525957107544,0.19146806001663208
YOR270C,YPL096C-A,0,0.1997286,0.1539141982793808,0.34319525957107544,0.19156819581985474
YLR312C-B,YJR051W,0,0.1997286,0.1538461595773697,0.34319525957107544,0.1916683316230774
YDR524C-B,YHL008C,0,0.1997286,0.15377816557884216,0.34319525957107544,0.19176848232746124
YDR382W,YGR031C-A,0,0.1997286,0.1537102460861206,0.34319525957107544,0.1918686181306839
YBL009W,YDL038C,0,0.1997286,0.15364238619804382,0.34319525957107544,0.19196875393390656
YDL045W-A,YBR075W,0,0.1997286,0.15357458591461182,0.34319525957107544,0.1920688897371292
YBR100W,YGR109W-B,1,0.1997286,0.15394794940948486,0.34418144822120667,0.1920688897371292
YNL138W-A,YNL208W,0,0.1997286,0.1538800746202469,0.34418144822120667,0.19216904044151306
YKR099C-A,YJL117W,0,0.1997286,0.1538122594356537,0.34418144822120667,0.19226917624473572
YDR524C-B,YNR046W,0,0.1997286,0.15374448895454407,0.34418144822120667,0.19236931204795837
YER115C,YBR111W-A,0,0.1997286,0.15367679297924042,0.34418144822120667,0.19246946275234222
YCL027C-A,YEL013W,0,0.1997286,0.15360915660858154,0.34418144822120667,0.19256959855556488
YDR123C,YGL210W-A,0,0.1997286,0.15354157984256744,0.34418144822120667,0.19266973435878754
YDL171C,YLR337W,0,0.1997286,0.15347404778003693,0.34418144822120667,0.1927698850631714
YGR031C-A,YDR297W,0,0.1997286,0.15340659022331238,0.34418144822120667,0.19287002086639404
YMR268W-A,YGR206W,0,0.1997286,0.1533391922712326,0.34418144822120667,0.1929701566696167
YMR208W,YDL038C,0,0.1997286,0.1532718539237976,0.34418144822120667,0.19307029247283936
YCR073C,YDL038C,0,0.1997286,0.1532045602798462,0.34418144822120667,0.1931704431772232
YDR524C-B,YBR199W,0,0.1997286,0.15313734114170074,0.34418144822120667,0.19327057898044586
YOL077C,YFL011W-A,0,0.1997286,0.15307018160820007,0.34418144822120667,0.19337071478366852
YKR099C-A,YNR045W,0,0.1997286,0.15300306677818298,0.34418144822120667,0.19347086548805237
YDL155W,YCR029C-A,0,0.1997286,0.15293602645397186,0.34418144822120667,0.19357100129127502
YKR099C-A,YPL200W,0,0.1997286,0.15286903083324432,0.34418144822120667,0.19367113709449768
YOR343C-B,YJR095W,0,0.1997286,0.15280209481716156,0.34418144822120667,0.19377127289772034
YLR154W-A,YCL040W,0,0.1997286,0.15273523330688477,0.34418144822120667,0.1938714236021042
YHL033C,YGL210W-A,0,0.1997286,0.15266841650009155,0.34418144822120667,0.19397155940532684
YDR524C-B,YDR331W,0,0.1997286,0.15260165929794312,0.34418144822120667,0.1940716952085495
YLR154W-A,YNL274C,0,0.1997286,0.15253496170043945,0.34418144822120667,0.19417184591293335
YBR058C-A,YJL018W,0,0.1997286,0.15246832370758057,0.34418144822120667,0.194271981716156
YBR111W-A,YLR035C-A,0,0.1997286,0.15240174531936646,0.34418144822120667,0.19437211751937866
YOR234C,YPL189C-A,0,0.1997286,0.15233522653579712,0.34418144822120667,0.1944722682237625
YMR268W-A,YOR315W,0,0.1997286,0.15226876735687256,0.34418144822120667,0.19457240402698517
YNL189W,YOR396W,0,0.1997286,0.15220235288143158,0.34418144822120667,0.19467253983020782
YBR200W,YDR079C-A,0,0.1997286,0.15213601291179657,0.34418144822120667,0.19477267563343048
YDR524C-B,YLR105C,0,0.1997286,0.15206971764564514,0.34418144822120667,0.19487282633781433
YAR009C,YDR210W-D,1,0.1997286,0.15243902802467346,0.3451676666736603,0.19487282633781433
YKR099C-A,YKL174C,0,0.1997286,0.15237265825271606,0.3451676666736603,0.194972962141037
YDL078C,YNL138W-A,0,0.1997286,0.15230634808540344,0.3451676666736603,0.19507309794425964
YOL054W,YGL258W-A,0,0.1997286,0.1522400975227356,0.3451676666736603,0.1951732486486435
YLR045C,YDL038C,0,0.1997286,0.15217390656471252,0.3451676666736603,0.19527338445186615
YDR511W,YPL096C-A,0,0.1997286,0.15210777521133423,0.3451676666736603,0.1953735202550888
YGR031C-A,YMR288W,0,0.1997286,0.1520417034626007,0.3451676666736603,0.19547365605831146
YGR031C-A,YLR467W,0,0.1997286,0.15197569131851196,0.3451676666736603,0.1955738067626953
YLR154W-A,YDR522C,0,0.1997286,0.1519097238779068,0.3451676666736603,0.19567394256591797
YLR391W-A,YOL005C,0,0.1997286,0.1518438160419464,0.3451676666736603,0.19577407836914062
YDL208W,YGR031C-A,0,0.1997286,0.1517779678106308,0.3451676666736603,0.19587422907352448
YGL002W,YOR396W,0,0.1997286,0.15171217918395996,0.3451676666736603,0.19597436487674713
YOR240W,YNL077W,0,0.1997286,0.1516464501619339,0.3451676666736603,0.1960745006799698
YGL258W-A,YNL134C,0,0.1997286,0.15158076584339142,0.3451676666736603,0.19617465138435364
YKR099C-A,YGL002W,0,0.1997286,0.1515151560306549,0.3451676666736603,0.1962747871875763
YKL097W-A,YER004W,0,0.1997286,0.15144959092140198,0.3451676666736603,0.19637492299079895
YMR201C,YOR343C-B,0,0.1997286,0.15138408541679382,0.3451676666736603,0.1964750587940216
YDL038C,YDR508C,0,0.1997286,0.15131863951683044,0.3451676666736603,0.19657520949840546
YDL164C,YOL053C-A,0,0.1997286,0.15125323832035065,0.3451676666736603,0.1966753453016281
YBR192W,YCL027C-A,0,0.1997286,0.15118791162967682,0.3451676666736603,0.19677548110485077
YJR002W,YCL048W-A,0,0.1997286,0.15112262964248657,0.3451676666736603,0.19687563180923462
YML039W,YDR210W-D,1,0.1997286,0.1514889895915985,0.3461538553237915,0.19687563180923462
YCR020C,YFL011W-A,0,0.1997286,0.1514236479997635,0.3461538553237915,0.19697576761245728
YOR240W,YOR124C,0,0.1997286,0.15135835111141205,0.3461538553237915,0.19707590341567993
YJL018W,YPL153C,0,0.1997286,0.1512930989265442,0.3461538553237915,0.1971760392189026
YDR418W,YCL048W-A,0,0.1997286,0.1512279212474823,0.3461538553237915,0.19727618992328644
YNL138W-A,YPL060W,0,0.1997286,0.151162788271904,0.3461538553237915,0.1973763257265091
YLR095C,YJL012C-A,0,0.1997286,0.15109771490097046,0.3461538553237915,0.19747646152973175
YBR100W,YPR158W-B,1,0.1997286,0.15146300196647644,0.34714004397392273,0.19747646152973175
YOR343C-B,YBR223C,1,0.1997286,0.15182796120643616,0.34812623262405396,0.19747646152973175
YOR343C-B,YBL018C,1,0.1997286,0.1521926075220108,0.3491124212741852,0.19747646152973175
YPL101W,YBR111W-A,0,0.1997286,0.152127206325531,0.3491124212741852,0.1975766122341156
YCR089W,YOR396W,0,0.1997286,0.1520618498325348,0.3491124212741852,0.19767674803733826
YNL192W,YPL096C-A,0,0.1997286,0.15199656784534454,0.3491124212741852,0.1977768838405609
YDR163W,YDL038C,0,0.1997286,0.15193133056163788,0.3491124212741852,0.19787703454494476
YMR099C,YLR391W-A,0,0.1997286,0.151866152882576,0.3491124212741852,0.19797717034816742
YIL065C,YKL200C,0,0.1997286,0.15180103480815887,0.3491124212741852,0.19807730615139008
YHR214W-G,YLR327C,0,0.1997286,0.15173596143722534,0.3491124212741852,0.19817744195461273
YPL005W,YPL189C-A,0,0.1997286,0.15167094767093658,0.3491124212741852,0.19827759265899658
YMR238W,YFL011W-A,0,0.1997286,0.1516059935092926,0.3491124212741852,0.19837772846221924
YCR097WB,YLR206W,0,0.1997286,0.1515410989522934,0.3491124212741852,0.1984778642654419
YHR058C,YAR070W-A,0,0.1997286,0.15147624909877777,0.3491124212741852,0.19857801496982574
YKR099C-A,YPL103C,0,0.1997286,0.15141145884990692,0.3491124212741852,0.1986781507730484
YDL038C,YPR030W,0,0.1997286,0.15134672820568085,0.3491124212741852,0.19877828657627106
YDR137W,YCL048W-A,0,0.1997286,0.15128205716609955,0.3491124212741852,0.1988784223794937
YIL094C,YOR396W,0,0.1997286,0.15121743083000183,0.3491124212741852,0.19897857308387756
YMR268W-A,YNL299W,0,0.1997286,0.1511528640985489,0.3491124212741852,0.19907870888710022
YLR370C,YMR268W-A,0,0.1997286,0.15108834207057953,0.3491124212741852,0.19917884469032288
YKL139W,YDR210W-D,0,0.1997286,0.15102389454841614,0.3491124212741852,0.19927899539470673
YKL140W,YGL258W-A,0,0.1997286,0.15095949172973633,0.3491124212741852,0.19937913119792938
YBR201W,YPL096C-A,0,0.1997286,0.1508951336145401,0.3491124212741852,0.19947926700115204
YOR343C-B,YHR079C,1,0.1997286,0.15125691890716553,0.3500986099243164,0.19947926700115204
YEL017C-A,YCL027C-A,0,0.1997286,0.15119250118732452,0.3500986099243164,0.1995794177055359
YHR143W-A,YBL101W-B,0,0.1997286,0.1511281430721283,0.3500986099243164,0.19967955350875854
YPL083C,YOR343C-B,1,0.1997286,0.15148936212062836,0.35108479857444763,0.19967955350875854
YKR099C-A,YBR240C,0,0.1997286,0.15142492949962616,0.35108479857444763,0.1997796893119812
YKL158W,YNL163C,0,0.1997286,0.15136054158210754,0.35108479857444763,0.19987982511520386
YNL166C,YCL027C-A,0,0.1997286,0.1512962132692337,0.35108479857444763,0.1999799758195877
YLR154W-A,YER133W,0,0.1997286,0.15123194456100464,0.35108479857444763,0.20008011162281036
YNL138W-A,YML111W,0,0.1997286,0.15116773545742035,0.35108479857444763,0.20018024742603302
YKL154W,YOL053C-A,0,0.1997286,0.15110357105731964,0.35108479857444763,0.20028039813041687
YDR210W-D,YOR338W,0,0.1997286,0.15103945136070251,0.35108479857444763,0.20038053393363953
YCL027C-A,YPL074W,0,0.1997286,0.15097540616989136,0.35108479857444763,0.20048066973686218
YHR069C,YDR210W-D,1,0.1997286,0.15133531391620636,0.35207101702690125,0.20048066973686218
YOR343C-B,YOL021C,1,0.1997286,0.1516949087381363,0.35305720567703247,0.20048066973686218
YDR210W-D,YPR102C,0,0.1997286,0.15163066983222961,0.35305720567703247,0.20058082044124603
YPL009C,YCR080W,0,0.1997286,0.15156647562980652,0.35305720567703247,0.2006809562444687
YIL050W,YOL053C-A,0,0.1997286,0.151502326130867,0.35305720567703247,0.20078109204769135
YKL200C,YMR006C,0,0.1997286,0.15143823623657227,0.35305720567703247,0.200881227850914
YOR088W,YFL034C-A,0,0.1997286,0.1513742059469223,0.35305720567703247,0.20098137855529785
YNL138W-A,YMR264W,0,0.1997286,0.15131023526191711,0.35305720567703247,0.2010815143585205
YOL138C,YOR396W,0,0.1997286,0.1512463092803955,0.35305720567703247,0.20118165016174316
YJL160C,YPL096C-A,0,0.1997286,0.15118242800235748,0.35305720567703247,0.20128180086612701
YDR240C,YOR343C-B,0,0.1997286,0.15111862123012543,0.35305720567703247,0.20138193666934967
YLR225C,YPL189C-A,0,0.1997286,0.15105485916137695,0.35305720567703247,0.20148207247257233
YGL023C,YHR214W-G,0,0.1997286,0.15099114179611206,0.35305720567703247,0.20158220827579498
YBL101W-B,YLR157C-B,1,0.1997286,0.15134906768798828,0.3540433943271637,0.20158220827579498
YDR131C,YPL096C-A,0,0.1997286,0.1512852907180786,0.3540433943271637,0.20168235898017883
YKR099C-A,YNL010W,0,0.1997286,0.15122157335281372,0.3540433943271637,0.2017824947834015
YDR014W-A,YHR001W,0,0.1997286,0.1511579006910324,0.3540433943271637,0.20188263058662415
YGR031C-A,YDL056W,0,0.1997286,0.15109427273273468,0.3540433943271637,0.201982781291008
YDR210W-D,YMR050C,1,0.1997286,0.15145140886306763,0.3550295829772949,0.201982781291008
YOR343W-B,YLR391W-A,0,0.1997286,0.15138772130012512,0.3550295829772949,0.20208291709423065
YCL026C-B,YMR051C,0,0.1997286,0.1513240784406662,0.3550295829772949,0.2021830528974533
YNL024C-A,YPL157W,0,0.1997286,0.15126051008701324,0.3550295829772949,0.20228320360183716
YDR460W,YAR070W-A,0,0.1997286,0.15119697153568268,0.3550295829772949,0.20238333940505981
YFL034C-B,YJL012C-A,0,0.1997286,0.15113350749015808,0.3550295829772949,0.20248347520828247
YKL190W,YPL096C-A,0,0.1997286,0.15107007324695587,0.3550295829772949,0.20258361101150513
YLR154W-A,YBL046W,0,0.1997286,0.15100671350955963,0.3550295829772949,0.20268376171588898
YPL096C-A,YDR103W,0,0.1997286,0.15094339847564697,0.3550295829772949,0.20278389751911163
YLR107W,YDR210W-D,1,0.1997286,0.15129923820495605,0.35601577162742615,0.20278389751911163
YEL016C,YBR111W-A,0,0.1997286,0.15123586356639862,0.35601577162742615,0.2028840333223343
YLR312C-B,YGL161C,0,0.1997286,0.15117253363132477,0.35601577162742615,0.20298418402671814
YBR100W,YLR410W-B,1,0.1997286,0.15152783691883087,0.3570019602775574,0.20298418402671814
YPL177C,YFL011W-A,0,0.1997286,0.15146443247795105,0.3570019602775574,0.2030843198299408
YLR440C,YPL189C-A,0,0.1997286,0.151401087641716,0.3570019602775574,0.20318445563316345
YOL137W,YLR154W-A,0,0.1997286,0.15133778750896454,0.3570019602775574,0.2032845914363861
YBL071W-A,YLR160C,0,0.1997286,0.15127454698085785,0.3570019602775574,0.20338474214076996
YOR343C-B,YGL085W,1,0.1997286,0.15162907540798187,0.357988178730011,0.20338474214076996
YER068W,YDR524C-B,0,0.1997286,0.1515657603740692,0.357988178730011,0.20348487794399261
YCR070W,YHR107C,0,0.19970684,0.15150250494480133,0.357988178730011,0.20358501374721527
YOR240W,YFL044C,0,0.19969848,0.15143929421901703,0.357988178730011,0.20368516445159912
YJR043C,YDR261W-B,1,0.19968472,0.15179316699504852,0.3589743673801422,0.20368516445159912
YBR075W,YLR187W,0,0.19967312,0.15172988176345825,0.3589743673801422,0.20378530025482178
YHR046C,YLR391W,0,0.19967069,0.15166667103767395,0.3589743673801422,0.20388543605804443
YBR075W,YGR255C,0,0.199664,0.15160350501537323,0.3589743673801422,0.20398558676242828
YKL199C,YDR224C,0,0.19965985,0.1515403836965561,0.3589743673801422,0.20408572256565094
YDR034C-D,YDR098C-B,1,0.1996495,0.1518934667110443,0.35996055603027344,0.20408572256565094
YMR005W,YCR080W,0,0.19957758,0.1518302857875824,0.35996055603027344,0.2041858583688736
YNL098C,YFL035C,0,0.19957644,0.15176714956760406,0.35996055603027344,0.20428599417209625
YLR307W,YCR080W,0,0.19957404,0.1517040729522705,0.35996055603027344,0.2043861448764801
YNL197C,YIL017W,0,0.19955716,0.15164104104042053,0.35996055603027344,0.20448628067970276
YMR293C,YKL097W-A,0,0.19955203,0.15157806873321533,0.35996055603027344,0.20458641648292542
YGR172C,YFL035C,0,0.199532,0.1515151560306549,0.35996055603027344,0.20468656718730927
YPR158C-D,YAL015C,1,0.19952734,0.15186722576618195,0.36094674468040466,0.20468656718730927
YML033W,YDL132W,0,0.19950525,0.15180422365665436,0.36094674468040466,0.20478670299053192
YDR162C,YKR054C,0,0.1993871,0.15174129605293274,0.36094674468040466,0.20488683879375458
YBL019W,YLR306W,0,0.19925468,0.1516784131526947,0.36094674468040466,0.20498697459697723
YFL004W,YOR125C,0,0.19914944,0.15161557495594025,0.36094674468040466,0.20508712530136108
YGR223C,YER117W,0,0.19910505,0.15155279636383057,0.36094674468040466,0.20518726110458374
YLR418C,YGL136C,0,0.1990442,0.15149006247520447,0.36094674468040466,0.2052873969078064
YDR226W,YNL147W,0,0.19902243,0.15142738819122314,0.36094674468040466,0.20538754761219025
YCR070W,YOR014W,0,0.19900756,0.1513647586107254,0.36094674468040466,0.2054876834154129
YNL298W,YPL027W,0,0.19894198,0.15130218863487244,0.36094674468040466,0.20558781921863556
YGR038W,YJL121C,0,0.19893202,0.15123966336250305,0.36094674468040466,0.2056879699230194
YKR037C,YEL017C-A,0,0.19891158,0.15117719769477844,0.36094674468040466,0.20578810572624207
YNL284C-B,YHL009W-B,1,0.1988641,0.15152765810489655,0.3619329333305359,0.20578810572624207
YER016W,YMR316W,0,0.19882885,0.15146513283252716,0.3619329333305359,0.20588824152946472
YCL060C,YIL006W,0,0.19882157,0.15140263736248016,0.3619329333305359,0.20598837733268738
YGR274C,YLR025W,0,0.19879897,0.15134020149707794,0.3619329333305359,0.20608852803707123
YGR161C-C,YGR006W,0,0.19879773,0.1512778252363205,0.3619329333305359,0.20618866384029388
YLR301W,YOR338W,0,0.19875893,0.15121549367904663,0.3619329333305359,0.20628879964351654
YDL097C,YJR155W,0,0.19867375,0.15115320682525635,0.3619329333305359,0.2063889503479004
YIL082W-A,YGR109W-B,1,0.19865346,0.15150266885757446,0.3629191219806671,0.2063889503479004
YJL219W,YLL001W,0,0.1986061,0.1514403223991394,0.3629191219806671,0.20648908615112305
YLR225C,YBL078C,0,0.19849727,0.15137803554534912,0.3629191219806671,0.2065892219543457
YOL103W-B,YCR093W,1,0.19837755,0.15172697603702545,0.36390531063079834,0.2065892219543457
YJL025W,YHL009C,0,0.19829842,0.1516646146774292,0.36390531063079834,0.20668935775756836
YNR001C,YDR261C-D,0,0.19823214,0.15160229802131653,0.36390531063079834,0.2067895084619522
YDR210C-D,YGR030C,1,0.19821934,0.15195071697235107,0.36489152908325195,0.2067895084619522
YDL207W,YJL051W,0,0.19816245,0.15188834071159363,0.36489152908325195,0.20688964426517487
YOL129W,YBR282W,0,0.19816226,0.15182600915431976,0.36489152908325195,0.20698978006839752
YGR038C-A,YHR029C,0,0.19813164,0.15176373720169067,0.36489152908325195,0.20708993077278137
YBL021C,YKL097W-A,0,0.1981244,0.15170150995254517,0.36489152908325195,0.20719006657600403
YNL086W,YIL017W,0,0.19811663,0.15163934230804443,0.36489152908325195,0.20729020237922668
YDR365W-B,YLR183C,0,0.19809002,0.15157721936702728,0.36489152908325195,0.20739035308361053
YDR314C,YLR393W,0,0.19808806,0.1515151560306549,0.36489152908325195,0.2074904888868332
YHR019C,YLR042C,0,0.19802356,0.1514531373977661,0.36489152908325195,0.20759062469005585
YDR261W-B,YGL175C,1,0.19802062,0.15180033445358276,0.3658777177333832,0.20759062469005585
YIL082W-A,YOR142W-B,1,0.19800374,0.15214723348617554,0.3668639063835144,0.20759062469005585
YJL087C,YOR142W-B,1,0.19799925,0.15249386429786682,0.36785009503364563,0.20759062469005585
YHR069C,YPR137C-B,1,0.19798525,0.15284021198749542,0.36883628368377686,0.20759062469005585
YIL135C,YLR084C,0,0.1979528,0.1527777761220932,0.36883628368377686,0.2076907604932785
YBL105C,YBR253W,0,0.19794038,0.15271539986133575,0.36883628368377686,0.20779091119766235
YBL054W,YCR030C,0,0.19769603,0.1526530683040619,0.36883628368377686,0.207891047000885
YHR056C,YPL152W,0,0.19767824,0.1525907814502716,0.36883628368377686,0.20799118280410767
YJL145W,YOR205C,0,0.19757491,0.1525285542011261,0.36883628368377686,0.20809133350849152
YOR192C-B,YOR056C,1,0.19749549,0.15287403762340546,0.3698224723339081,0.20809133350849152
YER151C,YOR293W,0,0.19749075,0.15281173586845398,0.3698224723339081,0.20819146931171417
YER041W,YER142C,1,0.19745594,0.1531568169593811,0.3708086907863617,0.20819146931171417
YKL034W,YLR449W,0,0.19738159,0.15309445559978485,0.3708086907863617,0.20829160511493683
YLR430W,YHR074W,0,0.19734481,0.15303215384483337,0.3708086907863617,0.20839175581932068
YPR042C,YOL148C,0,0.19733763,0.15296989679336548,0.3708086907863617,0.20849189162254333
YFR001W,YML040W,0,0.19731909,0.15290768444538116,0.3708086907863617,0.208592027425766
YNR004W,YER171W,0,0.19724242,0.15284553170204163,0.3708086907863617,0.20869216322898865
YPR158W-A,YNR049C,0,0.19723687,0.15278342366218567,0.3708086907863617,0.2087923139333725
YHR039C-A,YCL019W,0,0.19721925,0.1527213603258133,0.3708086907863617,0.20889244973659515
YPL090C,YLR327C,0,0.19720584,0.1526593565940857,0.3708086907863617,0.2089925855398178
YLR158C,YDR362C,0,0.19720392,0.15259739756584167,0.3708086907863617,0.20909273624420166
YOL103W-B,YCL075W,1,0.19717522,0.15294118225574493,0.3717948794364929,0.20909273624420166
YBL105C,YKL154W,0,0.19712599,0.15287916362285614,0.3717948794364929,0.20919287204742432
YPR158C-D,YOR001W,1,0.19711623,0.15322253108024597,0.37278106808662415,0.20919287204742432
YDR423C,YPR158C-C,0,0.19708294,0.1531604528427124,0.37278106808662415,0.20929300785064697
YGR038C-B,YJL087C,1,0.1970591,0.1535034477710724,0.37376725673675537,0.20929300785064697
YPL192C,YFR004W,0,0.19704495,0.15344129502773285,0.37376725673675537,0.20939314365386963
YDR134C,YNL152W,0,0.19702537,0.15337920188903809,0.37376725673675537,0.20949329435825348
YOR192C-B,YDR494W,0,0.19700158,0.1533171534538269,0.37376725673675537,0.20959343016147614
YGL133W,YLR256W-A,0,0.19698346,0.1532551497220993,0.37376725673675537,0.2096935659646988
YLR430W,YOR348C,0,0.196974,0.15319320559501648,0.37376725673675537,0.20979371666908264
YOL156W,YER045C,0,0.19694607,0.15313130617141724,0.37376725673675537,0.2098938524723053
YOL080C,YGR161W-B,1,0.19694403,0.15347334742546082,0.3747534453868866,0.2098938524723053
YMR163C,YNL305C,0,0.19691887,0.1534113883972168,0.3747534453868866,0.20999398827552795
YCL062W,YNL304W,0,0.19691119,0.15334947407245636,0.3747534453868866,0.2100941389799118
YDR460W,YDR352W,0,0.19688863,0.1532876193523407,0.3747534453868866,0.21019427478313446
YML009C,YIR003W,0,0.19681184,0.15322580933570862,0.3747534453868866,0.21029441058635712
YOR232W,YGR087C,0,0.19674528,0.15316404402256012,0.3747534453868866,0.21039454638957977
YPR082C,YIL061C,0,0.19673014,0.1531023383140564,0.3747534453868866,0.21049469709396362
YMR224C,YGR161C-D,1,0.19671825,0.15344341099262238,0.3757396340370178,0.21049469709396362
YDR365W-B,YMR162C,0,0.19667855,0.15338164567947388,0.3757396340370178,0.21059483289718628
YER137C-A,YEL043W,0,0.19659299,0.15331992506980896,0.3757396340370178,0.21069496870040894
YNL027W,YPL227C,0,0.19653493,0.15325824916362762,0.3757396340370178,0.21079511940479279
YPR158C-D,YKL074C,0,0.19653031,0.15319661796092987,0.3757396340370178,0.21089525520801544
YKL011C,YBL101W-B,1,0.19652957,0.15353697538375854,0.37672585248947144,0.21089525520801544
YOR343W-B,YMR234W,1,0.19646186,0.15387706458568573,0.37771204113960266,0.21089525520801544
YGL046W,YKR022C,0,0.19637728,0.15381525456905365,0.37771204113960266,0.2109953910112381
YLR227W-B,YDR261W-B,1,0.1963695,0.1541549563407898,0.3786982297897339,0.2109953910112381
YCR012W,YIR014W,0,0.19631116,0.15409310162067413,0.3786982297897339,0.21109552681446075
YGR106C,YDR076W,0,0.19618973,0.15403129160404205,0.3786982297897339,0.2111956775188446
YPL200W,YMR116C,0,0.19615535,0.15396952629089355,0.3786982297897339,0.21129581332206726
YOL077W-A,YKL041W,0,0.19615221,0.15390782058238983,0.3786982297897339,0.21139594912528992
YCR089W,YJR006W,0,0.19608027,0.1538461595773697,0.3786982297897339,0.21149609982967377
YOR056C,YBR092C,0,0.19597657,0.15378454327583313,0.3786982297897339,0.21159623563289642
YHR079C,YPR163C,0,0.19592156,0.15372297167778015,0.3786982297897339,0.21169637143611908
YGR161W-B,YGR095C,1,0.19591999,0.15406163036823273,0.3796844184398651,0.21169637143611908
YNL306W,YDR225W,0,0.19578719,0.15399999916553497,0.3796844184398651,0.21179652214050293
YPL060C-A,YMR306W,0,0.19577323,0.153938427567482,0.3796844184398651,0.21189665794372559
YGR035C,YPL257W-B,0,0.19576707,0.1538769006729126,0.3796844184398651,0.21199679374694824
YOL080C,YGR090W,0,0.19574791,0.15381541848182678,0.3796844184398651,0.2120969295501709
YLR221C,YDR020C,0,0.19573978,0.15375399589538574,0.3796844184398651,0.21219708025455475
YOR063W,YDR196C,0,0.19573924,0.15369261801242828,0.3796844184398651,0.2122972160577774
YKL003C,YLR035C-A,0,0.1957197,0.1536312848329544,0.3796844184398651,0.21239735186100006
YCL026C-B,YHR070W,0,0.19568461,0.1535700112581253,0.3796844184398651,0.2124975025653839
YGL094C,YLR277C,1,0.19561993,0.15390749275684357,0.38067060708999634,0.2124975025653839
YCL057W,YJL018W,0,0.19544062,0.1538461595773697,0.38067060708999634,0.21259763836860657
YOR192C-B,YLR285W,0,0.19543411,0.1537848562002182,0.38067060708999634,0.21269777417182922
YGL136C,YBR299W,0,0.19538727,0.1537236124277115,0.38067060708999634,0.21279790997505188
YKR090W,YDR281C,0,0.19531092,0.15366241335868835,0.38067060708999634,0.21289806067943573
YDR210C-D,YIL082W-A,1,0.1952483,0.1539992094039917,0.38165679574012756,0.21289806067943573
YBL097W,YGR008C,0,0.19521743,0.1539379507303238,0.38165679574012756,0.2129981964826584
YBR012W-A,YMR238W,0,0.19502452,0.15387673676013947,0.38165679574012756,0.21309833228588104
YKL125W,YOR083W,0,0.19498102,0.15381558239459991,0.38165679574012756,0.2131984829902649
YML045W,YLR157C-B,1,0.19481257,0.1541517674922943,0.3826429843902588,0.2131984829902649
YMR059W,YGR109W-B,1,0.1947945,0.15448768436908722,0.3836292028427124,0.2131984829902649
YDR473C,YDR184C,0,0.19478996,0.15442636609077454,0.3836292028427124,0.21329861879348755
YHR164C,YGL185C,0,0.1947784,0.15436507761478424,0.3836292028427124,0.2133987545967102
YOR056C,YNL077W,0,0.19472006,0.15430384874343872,0.3836292028427124,0.21349890530109406
YGL044C,YBR141C,0,0.19464946,0.15424266457557678,0.3836292028427124,0.2135990411043167
YDR210C-D,YHL022C,1,0.19460848,0.15457788109779358,0.38461539149284363,0.2135990411043167
YLR074C,YOR142W-B,0,0.19454065,0.15451663732528687,0.38461539149284363,0.21369917690753937
YNL135C,YHR029C,0,0.19453867,0.15445543825626373,0.38461539149284363,0.21379931271076202
YLR070C,YKL203C,0,0.19445378,0.15439429879188538,0.38461539149284363,0.21389946341514587
YOR240W,YDR228C,0,0.19443804,0.1543332040309906,0.38461539149284363,0.21399959921836853
YBR253W,YDR236C,0,0.19440964,0.1542721539735794,0.38461539149284363,0.2140997350215912
YLR307W,YNL054W-B,0,0.19438067,0.1542111486196518,0.38461539149284363,0.21419988572597504
YIR033W,YIL159W,0,0.19435348,0.15415020287036896,0.38461539149284363,0.2143000215291977
YOL103W-B,YLR145W,1,0.19435048,0.15448439121246338,0.38560158014297485,0.2143000215291977
YAL033W,YLR176C,0,0.19433331,0.15442338585853577,0.38560158014297485,0.21440015733242035
YKL011C,YDR098C-B,1,0.19429561,0.15475720167160034,0.3865877687931061,0.21440015733242035
YBR075W,YPL090C,0,0.19429527,0.15469613671302795,0.3865877687931061,0.214500293135643
YIL047C,YJR110W,0,0.1941838,0.15463510155677795,0.3865877687931061,0.21460044384002686
YBL028C,YER030W,0,0.19417767,0.15457412600517273,0.3865877687931061,0.2147005796432495
YOL052C,YLR342W,0,0.19416392,0.15451321005821228,0.3865877687931061,0.21480071544647217
YBR031W,YOR210W,0,0.19409205,0.15445232391357422,0.3865877687931061,0.21490086615085602
YOL139C,YGL046W,0,0.194056,0.15439149737358093,0.3865877687931061,0.21500100195407867
YLR337W,YPL092W,0,0.19403484,0.15433071553707123,0.3865877687931061,0.21510113775730133
YPL188W,YER140W,0,0.19401243,0.1542699784040451,0.3865877687931061,0.21520128846168518
YPL144W,YCL062W,0,0.19400454,0.15420928597450256,0.3865877687931061,0.21530142426490784
YMR227C,YGR272C,0,0.19399148,0.1541486382484436,0.3865877687931061,0.2154015600681305
YBL101W-A,YJL093C,0,0.19398288,0.15408805012702942,0.3865877687931061,0.21550169587135315
YDR488C,YKL200C,0,0.19396141,0.15402750670909882,0.3865877687931061,0.215601846575737
YPL091W,YLR337W,0,0.19395086,0.1539670079946518,0.3865877687931061,0.21570198237895966
YPL283C,YGL035C,0,0.19392093,0.15390655398368835,0.3865877687931061,0.2158021181821823
YLR135W,YMR050C,1,0.19388407,0.15423861145973206,0.3875739574432373,0.2158021181821823
YLR158C,YDR488C,0,0.19383354,0.15417811274528503,0.3875739574432373,0.21590226888656616
YDR034C-D,YJR027W,1,0.19381627,0.1545097976922989,0.38856014609336853,0.21590226888656616
YPL060C-A,YDL107W,0,0.19380474,0.1544492393732071,0.38856014609336853,0.21600240468978882
YLL012W,YMR213W,0,0.19372673,0.15438871085643768,0.38856014609336853,0.21610254049301147
YOL043C,YHL022C,1,0.19370216,0.15471993386745453,0.38954636454582214,0.21610254049301147
YJR119C,YMR257C,0,0.19365,0.15465936064720154,0.38954636454582214,0.21620269119739532
YKL199C,YLL011W,0,0.19360627,0.15459883213043213,0.38954636454582214,0.21630282700061798
YDR210W-B,YJR160C,0,0.19358683,0.1545383483171463,0.38954636454582214,0.21640296280384064
YOL003C,YJR101W,0,0.19355875,0.15447790920734406,0.38954636454582214,0.2165030986070633
YLR369W,YBL101W-A,0,0.19353867,0.1544175148010254,0.38954636454582214,0.21660324931144714
YGR161W-B,YGR154C,0,0.19340928,0.1543571650981903,0.38954636454582214,0.2167033851146698
YMR284W,YLR395C,0,0.1932993,0.154296875,0.38954636454582214,0.21680352091789246
YLR227W-B,YOL080C,1,0.19328266,0.15462709963321686,0.39053255319595337,0.21680352091789246
YPR194C,YER046W,0,0.19324398,0.15456674993038177,0.39053255319595337,0.2169036716222763
YER065C,YCR070W,0,0.1932229,0.15450644493103027,0.39053255319595337,0.21700380742549896
YGR161W-B,YCL074W,1,0.19313484,0.15483619272708893,0.3915187418460846,0.21700380742549896
YDR261W-B,YPR005C,0,0.19298962,0.15477582812309265,0.3915187418460846,0.21710394322872162
YLR134W,YER002W,0,0.19293039,0.15471550822257996,0.3915187418460846,0.21720407903194427
YER019C-A,YCL020W,0,0.19289006,0.15465523302555084,0.3915187418460846,0.21730422973632812
YER003C,YNL192W,0,0.19287127,0.1545950174331665,0.3915187418460846,0.21740436553955078
YGL136C,YGR218W,0,0.19286506,0.15453483164310455,0.3915187418460846,0.21750450134277344
YGR161W-B,YKL025C,1,0.19283873,0.15486381947994232,0.3925049304962158,0.21750450134277344
YKR028W,YMR113W,0,0.19276193,0.1548035740852356,0.3925049304962158,0.2176046520471573
YML091C,YNL001W,1,0.19275546,0.15513218939304352,0.39349111914634705,0.2176046520471573
YLR154C,YOR142W-B,1,0.19268353,0.15546055138111115,0.39447730779647827,0.2176046520471573
YFR037C,YOR140W,0,0.19257122,0.15540015697479248,0.39447730779647827,0.21770478785037994
YHR164C,YOL021C,1,0.19241744,0.15572816133499146,0.3954634964466095,0.21770478785037994
YGL134W,YOR127W,0,0.19238517,0.15566770732402802,0.3954634964466095,0.2178049236536026
YMR270C,YGR109W-B,0,0.19237432,0.15560729801654816,0.3954634964466095,0.21790507435798645
YLR307W,YGL035C,0,0.19235018,0.15554693341255188,0.3954634964466095,0.2180052101612091
YLR227W-B,YNL221C,1,0.19232932,0.1558743715286255,0.3964497148990631,0.2180052101612091
YNL080C,YGR027W-A,0,0.19223225,0.15581394731998444,0.3964497148990631,0.21810534596443176
YIL177C,YNL002C,0,0.1922219,0.15575358271598816,0.3964497148990631,0.21820548176765442
YJL194W,YJR031C,0,0.19221166,0.15569326281547546,0.3964497148990631,0.21830563247203827
YDR261W-B,YOL042W,1,0.19221029,0.1560201346874237,0.39743590354919434,0.21830563247203827
YJR105W,YMR256C,0,0.19220248,0.15595975518226624,0.39743590354919434,0.21840576827526093
YCL075W,YPR137C-A,0,0.1921896,0.15589942038059235,0.39743590354919434,0.21850590407848358
YDR316W-B,YJR006W,1,0.19215472,0.15622583031654358,0.39842209219932556,0.21850590407848358
YKL200C,YMR224C,0,0.19213533,0.15616543591022491,0.39842209219932556,0.21860605478286743
YOR368W,YML039W,1,0.19211167,0.1564915031194687,0.3994082808494568,0.21860605478286743
YCR070W,YLR370C,0,0.19210806,0.15643104910850525,0.3994082808494568,0.2187061905860901
YDR210C-D,YJL087C,1,0.19196321,0.15675675868988037,0.400394469499588,0.2187061905860901
YGR038C-B,YMR262W,1,0.19190525,0.1570822149515152,0.40138065814971924,0.2187061905860901
YCR060W,YER020W,0,0.1917847,0.15702161192893982,0.40138065814971924,0.21880632638931274
YER185W,YJR139C,0,0.19173628,0.15696105360984802,0.40138065814971924,0.2189064621925354
YPR065W,YNR054C,0,0.19172856,0.1569005399942398,0.40138065814971924,0.21900661289691925
YNL079C,YPL257W-B,0,0.19169301,0.15684007108211517,0.40138065814971924,0.2191067487001419
YKL011C,YOR343W-B,1,0.19169101,0.15716487169265747,0.40236687660217285,0.2191067487001419
YLL051C,YBR283C,0,0.19168901,0.15710435807704926,0.40236687660217285,0.21920688450336456
YJL164C,YDL085W,0,0.19160952,0.15704387426376343,0.40236687660217285,0.2193070352077484
YDL103C,YOR083W,0,0.19156674,0.15698345005512238,0.40236687660217285,0.21940717101097107
YCR057C,YOL105C,0,0.19150706,0.1569230705499649,0.40236687660217285,0.21950730681419373
YMR316W,YJR151C,0,0.19140863,0.1568627506494522,0.40236687660217285,0.21960745751857758
YPL257W-A,YDR451C,0,0.19135311,0.1568024605512619,0.40236687660217285,0.21970759332180023
YBR196C,YBL091C-A,0,0.19105324,0.15674221515655518,0.40236687660217285,0.2198077291250229
YCL004W,YIL051C,0,0.19102336,0.15668202936649323,0.40236687660217285,0.21990786492824554
YPR028W,YDL045W-A,0,0.19101588,0.15662188827991486,0.40236687660217285,0.2200080156326294
YJL062W-A,YOR179C,0,0.19097006,0.15656177699565887,0.40236687660217285,0.22010815143585205
YDR476C,YBL029C-A,0,0.19095334,0.15650172531604767,0.40236687660217285,0.2202082872390747
YKL188C,YMR307W,0,0.19095002,0.15644171833992004,0.40236687660217285,0.22030843794345856
YOL021C,YIL080W,1,0.19094485,0.15676504373550415,0.4033530652523041,0.22030843794345856
YLR450W,YOR192C-A,0,0.19089791,0.15670497715473175,0.4033530652523041,0.2204085737466812
YOR196C,YJR017C,0,0.19081357,0.15664497017860413,0.4033530652523041,0.22050870954990387
YHL009W-B,YNR021W,0,0.1907658,0.1565849930047989,0.4033530652523041,0.22060884535312653
YOL039W,YDR058C,0,0.19075881,0.15652506053447723,0.4033530652523041,0.22070899605751038
YOL040C,YIL004C,0,0.19073793,0.15646518766880035,0.4033530652523041,0.22080913186073303
YKR079C,YDR098C-B,1,0.19073349,0.15678776800632477,0.4043392539024353,0.22080913186073303
YOR069W,YIL142W,0,0.19069862,0.1567278355360031,0.4043392539024353,0.2209092676639557
YJL008C,YEL011W,0,0.19056182,0.15666794776916504,0.4043392539024353,0.22100941836833954
YCR079W,YHR186C,0,0.19055748,0.15660810470581055,0.4043392539024353,0.2211095541715622
YDR082W,YPR158W-A,0,0.19052616,0.15654830634593964,0.4043392539024353,0.22120968997478485
YDR222W,YPL217C,0,0.19052386,0.1564885526895523,0.4043392539024353,0.2213098406791687
YDL195W,YAL038W,0,0.1903953,0.15642884373664856,0.4043392539024353,0.22140997648239136
YDR477W,YBR213W,0,0.19033593,0.1563691794872284,0.4043392539024353,0.221510112285614
YOR322C,YLR201C,0,0.19025452,0.156309574842453,0.4043392539024353,0.22161024808883667
YDL014W,YLR145W,0,0.1902335,0.15625,0.4043392539024353,0.22171039879322052
YJR152W,YDR020C,0,0.19023018,0.15619046986103058,0.4043392539024353,0.22181053459644318
YPR032W,YNR028W,0,0.19020659,0.15613099932670593,0.4043392539024353,0.22191067039966583
YBR100W,YDR386W,1,0.19007099,0.1564522236585617,0.40532544255256653,0.22191067039966583
YPL270W,YBR239C,0,0.19002888,0.15639269351959229,0.40532544255256653,0.22201082110404968
YOR337W,YDL236W,0,0.19000211,0.15633320808410645,0.40532544255256653,0.22211095690727234
YOR343W-B,YLR027C,0,0.18989055,0.1562737673521042,0.40532544255256653,0.222211092710495
YPR056W,YOR384W,0,0.18981421,0.1562143713235855,0.40532544255256653,0.22231122851371765
YGR152C,YPL017C,0,0.18978727,0.15615501999855042,0.40532544255256653,0.2224113792181015
YNL001W,YPL257W-B,1,0.18975061,0.1564754992723465,0.40631163120269775,0.2224113792181015
YLR096W,YGL083W,0,0.1896595,0.15641610324382782,0.40631163120269775,0.22251151502132416
YHR167W,YER125W,0,0.1895977,0.15635673701763153,0.40631163120269775,0.22261165082454681
YHR135C,YDR291W,0,0.18950383,0.15629741549491882,0.40631163120269775,0.22271180152893066
YJR127C,YBR297W,0,0.18934727,0.1562381535768509,0.40631163120269775,0.22281193733215332
YPR075C,YDL213C,0,0.18931788,0.15617892146110535,0.40631163120269775,0.22291207313537598
YNL213C,YNL128W,0,0.18931727,0.15611974895000458,0.40631163120269775,0.22301222383975983
YDR447C,YLR369W,0,0.18930353,0.1560606062412262,0.40631163120269775,0.22311235964298248
YGR161W-B,YNL072W,1,0.18926343,0.15638016164302826,0.407297819852829,0.22311235964298248
YOR343W-B,YBL060W,0,0.18885022,0.1563209742307663,0.407297819852829,0.22321249544620514
YMR169C,YIL094C,0,0.18884559,0.15626181662082672,0.407297819852829,0.2233126312494278
YLR086W,YGR023W,0,0.18883228,0.15620271861553192,0.407297819852829,0.22341278195381165
YIL136W,YFL022C,0,0.18867129,0.1561436653137207,0.407297819852829,0.2235129177570343
YBR132C,YJR021C,0,0.18866523,0.15608465671539307,0.407297819852829,0.22361305356025696
YOR368W,YMR287C,1,0.18865058,0.15640348196029663,0.4082840383052826,0.22361305356025696
YBR100W,YDL102W,1,0.18862991,0.1567220538854599,0.4092702269554138,0.22361305356025696
YDR016C,YCR008W,0,0.188558,0.15666289627552032,0.4092702269554138,0.2237132042646408
YPL144W,YPL110C,0,0.18852858,0.15660376846790314,0.4092702269554138,0.22381334006786346
YKR102W,YLL008W,0,0.18849313,0.15654470026493073,0.4092702269554138,0.22391347587108612
YJR086W,YOR384W,0,0.18842405,0.1564856767654419,0.4092702269554138,0.22401361167430878
YDR529C,YDR141C,0,0.18840757,0.15642668306827545,0.4092702269554138,0.22411376237869263
YOR368W,YPL119C,0,0.18838593,0.15636774897575378,0.4092702269554138,0.22421389818191528
YLL029W,YER045C,0,0.18838203,0.1563088446855545,0.4092702269554138,0.22431403398513794
YOR115C,YNR050C,0,0.18837076,0.15625,0.4092702269554138,0.2244141846895218
YOL110W,YNL270C,0,0.18834528,0.15619120001792908,0.4092702269554138,0.22451432049274445
YER137C-A,YGR032W,0,0.18831694,0.15613242983818054,0.4092702269554138,0.2246144562959671
YBR067C,YPR137C-A,0,0.18824795,0.15607371926307678,0.4092702269554138,0.22471460700035095
YLR227W-B,YHR005C-A,0,0.18819901,0.1560150384902954,0.4092702269554138,0.2248147428035736
YNL053W,YHR077C,0,0.18810897,0.15595640242099762,0.4092702269554138,0.22491487860679626
YHR136C,YPL257W-A,0,0.18801457,0.1558978259563446,0.4092702269554138,0.22501501441001892
YKL096W,YLR010C,0,0.18801273,0.15583927929401398,0.4092702269554138,0.22511516511440277
YDR261W-A,YJL093C,0,0.18795332,0.15578077733516693,0.4092702269554138,0.22521530091762543
YPL022W,YML081C-A,0,0.18785247,0.15572232007980347,0.4092702269554138,0.22531543672084808
YLR256W,YLR153C,0,0.18761173,0.15566392242908478,0.4092702269554138,0.22541558742523193
YMR302C,YNL217W,0,0.18760267,0.15560555458068848,0.4092702269554138,0.2255157232284546
YDR316W-B,YOL042W,1,0.18760037,0.1559220403432846,0.41025641560554504,0.2255157232284546
YMR123W,YFL035C,0,0.18755849,0.15586361289024353,0.41025641560554504,0.22561585903167725
YPL031C,YML125C,0,0.18749814,0.15580524504184723,0.41025641560554504,0.2257160097360611
YHR181W,YKR105C,0,0.18743716,0.15574690699577332,0.41025641560554504,0.22581614553928375
YDL227C,YMR240C,0,0.18732375,0.15568862855434418,0.41025641560554504,0.2259162813425064
YIL150C,YML097C,0,0.18730643,0.15563037991523743,0.41025641560554504,0.22601641714572906
YNL230C,YBL029C-A,0,0.18728818,0.15557217597961426,0.41025641560554504,0.22611656785011292
YLR353W,YFL036W,0,0.18728289,0.15551401674747467,0.41025641560554504,0.22621670365333557
YHL040C,YJL092W,0,0.18719368,0.15545590221881866,0.41025641560554504,0.22631683945655823
YER137C-A,YOR096W,0,0.18718109,0.15539783239364624,0.41025641560554504,0.22641699016094208
YIL004C,YEL040W,0,0.18714158,0.1553398072719574,0.41025641560554504,0.22651712596416473
YDR489W,YBL054W,0,0.18701434,0.15528182685375214,0.41025641560554504,0.2266172617673874
YNL035C,YDR452W,0,0.18695629,0.15522387623786926,0.41025641560554504,0.22671739757061005
YOL120C,YDL128W,0,0.18678233,0.15516598522663116,0.41025641560554504,0.2268175482749939
YBR257W,YLR277C,1,0.18671682,0.1554809808731079,0.41124260425567627,0.2268175482749939
YLR390W,YKL107W,0,0.18669464,0.15542303025722504,0.41124260425567627,0.22691768407821655
YDR210C-D,YBL019W,1,0.18665093,0.15573769807815552,0.4122287929058075,0.22691768407821655
YJL121C,YKL200C,0,0.1866159,0.15567970275878906,0.4122287929058075,0.2270178198814392
YDR073W,YDL110C,0,0.18660189,0.155621737241745,0.4122287929058075,0.22711797058582306
YEL046C,YFL035C,0,0.1865761,0.1555638313293457,0.4122287929058075,0.22721810638904572
YNL015W,YOR083W,0,0.18643424,0.1555059552192688,0.4122287929058075,0.22731824219226837
YGR072W,YGL178W,0,0.18643242,0.15544812381267548,0.4122287929058075,0.22741839289665222
YBL079W,YMR223W,0,0.18641111,0.15539033710956573,0.4122287929058075,0.22751852869987488
YKL218C,YNL163C,0,0.18637052,0.15533259510993958,0.4122287929058075,0.22761866450309753
YDR356W,YDR147W,0,0.1863302,0.1552748829126358,0.4122287929058075,0.2277188003063202
YHR160C,YBR223C,0,0.18628816,0.1552172303199768,0.4122287929058075,0.22781895101070404
YPL007C,YDR071C,0,0.1861543,0.1551596075296402,0.4122287929058075,0.2279190868139267
YOR167C,YLL013C,0,0.1861535,0.15510204434394836,0.4122287929058075,0.22801922261714935
YOL103W-B,YKR079C,1,0.18614338,0.15541543066501617,0.4132149815559387,0.22801922261714935
YDR085C,YKL200C,0,0.18612087,0.15535780787467957,0.4132149815559387,0.2281193733215332
YGR027W-A,YBR041W,0,0.1861061,0.15530022978782654,0.4132149815559387,0.22821950912475586
YCL026C-B,YHR143W,0,0.18608376,0.1552426815032959,0.4132149815559387,0.22831964492797852
YLR155C,YJL002C,0,0.18593082,0.15518517792224884,0.4132149815559387,0.22841978073120117
YNL135C,YGR192C,0,0.1859153,0.15512773394584656,0.4132149815559387,0.22851993143558502
YDR226W,YDL107W,0,0.18588263,0.15507031977176666,0.4132149815559387,0.22862006723880768
YBR195C,YKR029C,0,0.18587081,0.15501295030117035,0.4132149815559387,0.22872020304203033
YIL099W,YML124C,0,0.1857672,0.15495562553405762,0.4132149815559387,0.22882035374641418
YNL026W,YPR016C,0,0.18574947,0.15489833056926727,0.4132149815559387,0.22892048954963684
YDR365W-B,YGR030C,1,0.18571198,0.15521064400672913,0.41420117020606995,0.22892048954963684
YOL101C,YER106W,0,0.18555976,0.1551533043384552,0.41420117020606995,0.2290206253528595
YJR089W,YER119C,0,0.18549502,0.15509600937366486,0.41420117020606995,0.22912077605724335
YER086W,YHR074W,0,0.1854713,0.1550387591123581,0.41420117020606995,0.229220911860466
YGR279C,YCL003W,0,0.18527895,0.1549815535545349,0.41420117020606995,0.22932104766368866
YGR038C-B,YBL039C,0,0.18527165,0.15492437779903412,0.41420117020606995,0.22942118346691132
YER051W,YJL062W-A,0,0.18523721,0.1548672616481781,0.41420117020606995,0.22952133417129517
YGR134W,YMR285C,0,0.18522373,0.15481017529964447,0.41420117020606995,0.22962146997451782
YDR055W,YDR253C,0,0.18521872,0.15475313365459442,0.41420117020606995,0.22972160577774048
YGR276C,YNL001W,1,0.18521337,0.15506446361541748,0.41518738865852356,0.22972160577774048
YML063W,YGL046W,0,0.18515627,0.15500736236572266,0.41518738865852356,0.22982175648212433
YNL284C-B,YHL022C,1,0.18511972,0.15531836450099945,0.4161735773086548,0.22982175648212433
YAL021C,YDR261W-B,1,0.18504733,0.15562914311885834,0.417159765958786,0.22982175648212433
YGR038C-B,YDR280W,1,0.18500131,0.15593968331813812,0.41814595460891724,0.22982175648212433
YPL236C,YDR410C,0,0.18484113,0.1558823585510254,0.41814595460891724,0.22992189228534698
YLR227W-B,YDR280W,1,0.18476826,0.1561925709247589,0.41913214325904846,0.22992189228534698
YGR070W,YER096W,0,0.18471703,0.1561352014541626,0.41913214325904846,0.23002202808856964
YOL065C,YIL155C,0,0.18457326,0.15607786178588867,0.41913214325904846,0.2301221638917923
YLR429W,YPL033C,0,0.1845528,0.15602055191993713,0.41913214325904846,0.23022231459617615
YNL085W,YDR098C-B,1,0.18454564,0.15633027255535126,0.4201183319091797,0.23022231459617615
YPL101W,YDR527W,0,0.1845062,0.15627293288707733,0.4201183319091797,0.2303224503993988
YER074W-A,YGL170C,0,0.18449813,0.1562156230211258,0.4201183319091797,0.23042258620262146
YDL030W,YGR112W,0,0.18446958,0.15615835785865784,0.4201183319091797,0.2305227369070053
YLR276C,YFR046C,0,0.18444827,0.15610113739967346,0.4201183319091797,0.23062287271022797
YDR365W-B,YNL221C,1,0.18444353,0.15641026198863983,0.4211045503616333,0.23062287271022797
YPL068C,YPL037C,0,0.18440625,0.15635298192501068,0.4211045503616333,0.23072300851345062
YPL281C,YER112W,0,0.18438339,0.1562957614660263,0.4211045503616333,0.23082315921783447
YJR056C,YGR076C,0,0.18432875,0.15623857080936432,0.4211045503616333,0.23092329502105713
YER145C,YLR157C-B,0,0.18430948,0.1561814248561859,0.4211045503616333,0.23102343082427979
YDL045C,YOR349W,0,0.18429528,0.1561243087053299,0.4211045503616333,0.23112356662750244
YNL284C-B,YMR239C,1,0.18429276,0.15643274784088135,0.4220907390117645,0.23112356662750244
YDR456W,YMR228W,0,0.18425593,0.15637558698654175,0.4220907390117645,0.2312237173318863
YEL055C,YOR061W,0,0.18420017,0.15631848573684692,0.4220907390117645,0.23132385313510895
YIL160C,YGL137W,0,0.1841735,0.1562614142894745,0.4220907390117645,0.2314239889383316
YKR036C,YHR187W,0,0.18414982,0.15620437264442444,0.4220907390117645,0.23152413964271545
YPL045W,YCL004W,0,0.18413383,0.15614739060401917,0.4220907390117645,0.2316242754459381
YDR153C,YLR157C-B,0,0.18407589,0.15609043836593628,0.4220907390117645,0.23172441124916077
YMR019W,YOR226C,0,0.18407145,0.15603354573249817,0.4220907390117645,0.23182454705238342
YIL094C,YKR030W,0,0.1840447,0.15597668290138245,0.4220907390117645,0.23192469775676727
YMR029C,YPR122W,0,0.18402879,0.1559198498725891,0.4220907390117645,0.23202483355998993
YPL002C,YMR080C,0,0.18389952,0.15586307644844055,0.4220907390117645,0.23212496936321259
YDR261C-D,YHL022C,1,0.18385924,0.15617036819458008,0.42307692766189575,0.23212496936321259
YBL019W,YBL101W-B,1,0.18385476,0.1564774364233017,0.424063116312027,0.23212496936321259
YPL091W,YBR035C,0,0.1837664,0.1564205139875412,0.424063116312027,0.23222512006759644
YMR005W,YPR122W,0,0.18375413,0.15636363625526428,0.424063116312027,0.2323252558708191
YHL009W-B,YOR192C-B,1,0.18365258,0.15667030215263367,0.4250493049621582,0.2323252558708191
YJR021C,YGR268C,0,0.18361698,0.15661336481571198,0.4250493049621582,0.23242539167404175
YOL133W,YHR200W,0,0.18360895,0.15655648708343506,0.4250493049621582,0.2325255423784256
YER087W,YJR134C,0,0.18353635,0.15649963915348053,0.4250493049621582,0.23262567818164825
YPL273W,YOL103W-B,0,0.18328807,0.15644283592700958,0.4250493049621582,0.2327258139848709
YGR195W,YDR210W-B,1,0.18327989,0.1567489057779312,0.42603549361228943,0.2327258139848709
YJL114W,YBR156C,0,0.18320666,0.15669205784797668,0.42603549361228943,0.23282594978809357
YDR155C,YGL229C,0,0.18315445,0.15663523972034454,0.42603549361228943,0.23292610049247742
YLR318W,YGL090W,0,0.18313271,0.15657846629619598,0.42603549361228943,0.23302623629570007
YBR058C-A,YDL146W,0,0.18309888,0.156521737575531,0.42603549361228943,0.23312637209892273
YDR365W-B,YDR478W,1,0.18298638,0.15682724118232727,0.42702168226242065,0.23312637209892273
YHR092C,YOL091W,0,0.18297452,0.15677045285701752,0.42702168226242065,0.23322652280330658
YLR098C,YKL004W,0,0.18291956,0.15671372413635254,0.42702168226242065,0.23332665860652924
YLR005W,YOR077W,0,0.18288259,0.15665702521800995,0.42702168226242065,0.2334267944097519
YDR320C-A,YBR133C,0,0.18287128,0.15660035610198975,0.42702168226242065,0.23352694511413574
YDR320C-A,YPL206C,0,0.1828211,0.15654374659061432,0.42702168226242065,0.2336270809173584
YKL074C,YGR135W,0,0.18274534,0.15648716688156128,0.42702168226242065,0.23372721672058105
YLR266C,YBL092W,0,0.18271965,0.15643063187599182,0.42702168226242065,0.2338273525238037
YDR476C,YNR016C,0,0.18269396,0.15637414157390594,0.42702168226242065,0.23392750322818756
YNL090W,YBR145W,0,0.18268615,0.15631769597530365,0.42702168226242065,0.23402763903141022
YER159C-A,YBR128C,0,0.18237603,0.15626128017902374,0.42702168226242065,0.23412777483463287
YNL090W,YER114C,0,0.18235385,0.15620490908622742,0.42702168226242065,0.23422792553901672
YHR002W,YHR086W,0,0.18230452,0.15614858269691467,0.42702168226242065,0.23432806134223938
YGL050W,YEL004W,0,0.1823013,0.15609228610992432,0.42702168226242065,0.23442819714546204
YAL033W,YPL012W,0,0.18230033,0.15603603422641754,0.42702168226242065,0.2345283329486847
YOL129W,YKR067W,0,0.18228972,0.15597982704639435,0.42702168226242065,0.23462848365306854
YHL022C,YDR306C,0,0.18223684,0.15592366456985474,0.42702168226242065,0.2347286194562912
YKR101W,YDR316W-A,0,0.1822083,0.1558675318956375,0.42702168226242065,0.23482875525951385
YMR239C,YPL257W-B,1,0.18220341,0.1561712920665741,0.42800790071487427,0.23482875525951385
YLR410W-B,YGR158C,1,0.18219396,0.15647481381893158,0.4289940893650055,0.23482875525951385
YMR239C,YGR038C-B,1,0.18217929,0.15677814185619354,0.4299802780151367,0.23482875525951385
YBR302C,YHL009C,0,0.18215843,0.1567217856645584,0.4299802780151367,0.2349289059638977
YCL074W,YDR098C-B,1,0.18214664,0.1570248007774353,0.43096646666526794,0.2349289059638977
YOR037W,YGL137W,0,0.18214273,0.1569683849811554,0.43096646666526794,0.23502904176712036
YPR137C-B,YGR095C,1,0.1819841,0.1572711020708084,0.43195265531539917,0.23502904176712036
YHR166C,YPL095C,0,0.18197462,0.15721464157104492,0.43195265531539917,0.23512917757034302
YBL016W,YPR144C,0,0.18182194,0.1571582406759262,0.43195265531539917,0.23522932827472687
YDR510W,YPL257W-A,0,0.18181223,0.15710186958312988,0.43195265531539917,0.23532946407794952
YAL033W,YGR109W-B,1,0.18176457,0.1574040949344635,0.4329388439655304,0.23532946407794952
YPL103C,YML036W,0,0.18174483,0.1573476642370224,0.4329388439655304,0.23542959988117218
YML045W-A,YJL124C,0,0.18173207,0.15729129314422607,0.4329388439655304,0.23552973568439484
YLR350W,YNL284C-A,0,0.18172929,0.15723495185375214,0.4329388439655304,0.2356298863887787
YGR277C,YPL257W-B,0,0.18172832,0.15717865526676178,0.4329388439655304,0.23573002219200134
YNL146W,YER137C-A,0,0.18171245,0.157122403383255,0.4329388439655304,0.235830157995224
YDR392W,YCL026C-B,0,0.18151478,0.1570661962032318,0.4329388439655304,0.23593030869960785
YER053C,YBR058C,0,0.18151407,0.157010018825531,0.4329388439655304,0.2360304445028305
YGR077C,YLR213C,0,0.18145879,0.15695388615131378,0.4329388439655304,0.23613058030605316
YLR221C,YLR256W-A,0,0.18129906,0.15689778327941895,0.4329388439655304,0.23623071610927582
YDL185W,YHL009W-B,1,0.18125328,0.15719899535179138,0.433925062417984,0.23623071610927582
YJL062W-A,YIR037W,0,0.18122536,0.15714286267757416,0.433925062417984,0.23633086681365967
YGR132C,YIL157C,0,0.18119466,0.15708675980567932,0.433925062417984,0.23643100261688232
YCR023C,YJR017C,0,0.18110014,0.15703068673610687,0.433925062417984,0.23653113842010498
YNL001W,YDR098C-B,1,0.18101795,0.1573314368724823,0.43491125106811523,0.23653113842010498
YGR282C,YPL005W,0,0.18101421,0.15727531909942627,0.43491125106811523,0.23663128912448883
YHR079C-A,YDR404C,0,0.18100032,0.15721924602985382,0.43491125106811523,0.2367314249277115
YKR009C,YLR233C,0,0.18098074,0.15716321766376495,0.43491125106811523,0.23683156073093414
YHL009W-B,YLR143W,1,0.18091436,0.15746349096298218,0.43589743971824646,0.23683156073093414
YER013W,YNL267W,0,0.18082905,0.15740740299224854,0.43589743971824646,0.236931711435318
YER142C,YBR012W-B,1,0.1807814,0.1577073633670807,0.4368836283683777,0.236931711435318
YEL062W,YDR261C-C,0,0.18074293,0.15765124559402466,0.4368836283683777,0.23703184723854065
YBR125C,YDR034C-D,0,0.18061416,0.15759515762329102,0.4368836283683777,0.2371319830417633
YOR310C,YJL129C,0,0.180291,0.15753911435604095,0.4368836283683777,0.23723211884498596
YOL080C,YOL103W-B,1,0.18026087,0.1578386127948761,0.4378698170185089,0.23723211884498596
YEL055C,YKL025C,0,0.18022704,0.15778250992298126,0.4378698170185089,0.2373322695493698
YKR104W,YDR485C,0,0.18016551,0.1577264666557312,0.4378698170185089,0.23743240535259247
YBR042C,YHR010W,0,0.1801431,0.15767045319080353,0.4378698170185089,0.23753254115581512
YKL217W,YMR004W,0,0.18009612,0.15761448442935944,0.4378698170185089,0.23763269186019897
YDL171C,YDR261W-A,0,0.17984094,0.15755854547023773,0.4378698170185089,0.23773282766342163
YLR453C,YCL057C-A,0,0.17983778,0.1575026661157608,0.4378698170185089,0.2378329634666443
YFL036W,YJR006W,0,0.17978795,0.15744680166244507,0.4378698170185089,0.23793309926986694
YOR368W,YLR157C-B,1,0.17972772,0.15774548053741455,0.43885600566864014,0.23793309926986694
YKR018C,YJR021C,0,0.17970376,0.15768958628177643,0.43885600566864014,0.2380332499742508
YIL138C,YOR131C,0,0.1796771,0.1576337218284607,0.43885600566864014,0.23813338577747345
YGR279C,YHR184W,0,0.17966752,0.15757790207862854,0.43885600566864014,0.2382335215806961
YOR142W-A,YPL206C,0,0.17963919,0.15752212703227997,0.43885600566864014,0.23833367228507996
YEL062W,YER133W,0,0.17956273,0.15746638178825378,0.43885600566864014,0.2384338080883026
YPL096W,YLR246W,0,0.17952055,0.15741068124771118,0.43885600566864014,0.23853394389152527
YGL084C,YGL191W,0,0.17947006,0.15735502541065216,0.43885600566864014,0.23863409459590912
YGR036C,YBR261C,0,0.17944963,0.15729939937591553,0.43885600566864014,0.23873423039913177
YFL009W,YER045C,0,0.17943984,0.15724381804466248,0.43885600566864014,0.23883436620235443
YCR012W,YDR221W,0,0.17937896,0.1571882665157318,0.43885600566864014,0.2389345020055771
YDR082W,YGR278W,0,0.17928804,0.15713277459144592,0.43885600566864014,0.23903465270996094
YJL109C,YDR088C,0,0.17928337,0.15707729756832123,0.43885600566864014,0.2391347885131836
YOR354C,YLR381W,0,0.17927288,0.1570218801498413,0.43885600566864014,0.23923492431640625
YKR048C,YKL078W,0,0.17926553,0.15696649253368378,0.43885600566864014,0.2393350750207901
YOR096W,YDR320C-A,0,0.17925262,0.15691114962100983,0.43885600566864014,0.23943521082401276
YGR035C,YJR045C,0,0.17920403,0.15685583651065826,0.43885600566864014,0.2395353466272354
YOL041C,YDL002C,0,0.17917675,0.15680056810379028,0.43885600566864014,0.23963548243045807
YMR173W,YNL071W,0,0.17902517,0.1567453294992447,0.43885600566864014,0.23973563313484192
YGR027W-B,YNL102W,1,0.17883754,0.1570422500371933,0.43984219431877136,0.23973563313484192
YOR118W,YDR508C,0,0.17877835,0.15698698163032532,0.43984219431877136,0.23983576893806458
YLL028W,YML036W,0,0.1785449,0.15693174302577972,0.43984219431877136,0.23993590474128723
YGL173C,YDR098C-B,1,0.17853284,0.1572282761335373,0.440828412771225,0.23993590474128723
YDR536W,YER086W,0,0.17836371,0.15717299282550812,0.440828412771225,0.24003605544567108
YFR032C-A,YPL257W-A,0,0.17832777,0.15711775422096252,0.440828412771225,0.24013619124889374
YLR145W,YPL257W-B,1,0.17831793,0.15741391479969025,0.4418146014213562,0.24013619124889374
YNR052C,YLR157C-B,1,0.17827506,0.15770986676216125,0.4428007900714874,0.24013619124889374
YJR014W,YHR005C-A,0,0.17823666,0.15765449404716492,0.4428007900714874,0.2402363270521164
YDL245C,YHL008C,0,0.17817116,0.15759915113449097,0.4428007900714874,0.24033647775650024
YCR070W,YPR023C,0,0.17813662,0.1575438529253006,0.4428007900714874,0.2404366135597229
YKL089W,YFL002W-B,0,0.17806754,0.1574885994195938,0.4428007900714874,0.24053674936294556
YER065C,YCR071C,0,0.17802507,0.1574333757162094,0.4428007900714874,0.2406368851661682
YOL034W,YBR265W,0,0.17787227,0.1573781967163086,0.4428007900714874,0.24073703587055206
YJR135W-A,YER170W,0,0.17785566,0.15732306241989136,0.4428007900714874,0.24083717167377472
YNL232W,YER138C,1,0.17783864,0.1576182097196579,0.44378697872161865,0.24083717167377472
YGL084C,YDR449C,0,0.17783833,0.15756303071975708,0.44378697872161865,0.24093730747699738
YDR389W,YMR122W-A,0,0.1777736,0.15750788152217865,0.44378697872161865,0.24103745818138123
YMR083W,YBL098W,0,0.17776655,0.1574527621269226,0.44378697872161865,0.24113759398460388
YPL257W-B,YGR095C,1,0.17776293,0.15774746239185333,0.4447731673717499,0.24113759398460388
YCR052W,YBL101W-A,0,0.1776779,0.1576923131942749,0.4447731673717499,0.24123772978782654
YCL026C-B,YKL190W,0,0.17761548,0.15763719379901886,0.4447731673717499,0.2413378655910492
YPL112C,YOR257W,0,0.1775892,0.1575821042060852,0.4447731673717499,0.24143801629543304
YAR031W,YKR054C,0,0.17743453,0.15752707421779633,0.4447731673717499,0.2415381520986557
YHL009W-B,YOL158C,0,0.17742343,0.15747207403182983,0.4447731673717499,0.24163828790187836
YDR261C-D,YLR059C,1,0.17736772,0.15776614844799042,0.4457593560218811,0.24163828790187836
YOR368W,YML118W,1,0.17731392,0.1580600142478943,0.4467455744743347,0.24163828790187836
YGR169C,YPL257W-A,0,0.17730768,0.15800487995147705,0.4467455744743347,0.2417384386062622
YML018C,YPR091C,0,0.17728207,0.1579497903585434,0.4467455744743347,0.24183857440948486
YDR207C,YLR275W,0,0.17725828,0.15789473056793213,0.4467455744743347,0.24193871021270752
YAR009C,YGL085W,1,0.17725548,0.15818814933300018,0.44773176312446594,0.24193871021270752
YDR381C-A,YHR176W,0,0.17719558,0.15813305974006653,0.44773176312446594,0.24203886091709137
YFL047W,YDR320C-A,0,0.17717397,0.15807799994945526,0.44773176312446594,0.24213899672031403
YGR030C,YER138C,1,0.17709225,0.15837104618549347,0.44871795177459717,0.24213899672031403
YLR459W,YKR046C,0,0.17706957,0.15831594169139862,0.44871795177459717,0.24223913252353668
YMR314W,YCR003W,0,0.17699224,0.15826086699962616,0.44871795177459717,0.24233926832675934
YLR237W,YER048W-A,0,0.17697594,0.15820583701133728,0.44871795177459717,0.2424394190311432
YGR095C,YLR157C-B,1,0.17693755,0.15849843621253967,0.4497041404247284,0.2424394190311432
YBR066C,YLR025W,0,0.17683032,0.1584433615207672,0.4497041404247284,0.24253955483436584
YOR171C,YDR076W,0,0.17675066,0.15838833153247833,0.4497041404247284,0.2426396906375885
YMR054W,YIR036C,0,0.1767366,0.15833333134651184,0.4497041404247284,0.24273984134197235
YNL284C-B,YLR059C,1,0.17671464,0.15862548351287842,0.4506903290748596,0.24273984134197235
YGR027W-B,YLR135W,1,0.17664784,0.1589174121618271,0.45167651772499084,0.24273984134197235
YGL094C,YJR027W,1,0.1766143,0.15920916199684143,0.45266273617744446,0.24273984134197235
YLR005W,YHR166C,0,0.17657347,0.15915395319461823,0.45266273617744446,0.242839977145195
YMR054W,YIL093C,0,0.17656374,0.1590987890958786,0.45266273617744446,0.24294011294841766
YBR196C,YGR049W,0,0.17638938,0.15904365479946136,0.45266273617744446,0.2430402636528015
YLR157C-B,YDR419W,0,0.17638007,0.1589885652065277,0.45266273617744446,0.24314039945602417
YBL023C,YEL040W,0,0.17637727,0.15893352031707764,0.45266273617744446,0.24324053525924683
YDL004W,YLR038C,0,0.17636508,0.15887850522994995,0.45266273617744446,0.24334067106246948
YLR438C-A,YLR298C,0,0.17636305,0.15882353484630585,0.45266273617744446,0.24344082176685333
YKL056C,YCL026C-B,0,0.17621888,0.15876859426498413,0.45266273617744446,0.243540957570076
YLR132C,YAL025C,0,0.1762089,0.158713698387146,0.45266273617744446,0.24364109337329865
YER110C,YMR165C,0,0.17611216,0.15865883231163025,0.45266273617744446,0.2437412440776825
YOR303W,YKR068C,0,0.1759636,0.15860401093959808,0.45266273617744446,0.24384137988090515
YML078W,YNL127W,0,0.17594433,0.1585492193698883,0.45266273617744446,0.2439415156841278
YDR033W,YJL046W,0,0.17585877,0.1584944725036621,0.45266273617744446,0.24404165148735046
YOR142W-B,YCR048W,0,0.17582312,0.1584397703409195,0.45266273617744446,0.24414180219173431
YPR158C-D,YNR021W,0,0.17580366,0.15838509798049927,0.45266273617744446,0.24424193799495697
YLR371W,YDR261C-D,0,0.17564537,0.15833045542240143,0.45266273617744446,0.24434207379817963
YJL062W-A,YBR293W,0,0.17561094,0.15827585756778717,0.45266273617744446,0.24444222450256348
YDL208W,YER133W,0,0.17560807,0.1582213044166565,0.45266273617744446,0.24454236030578613
YGR249W,YOR127W,0,0.1755999,0.1581667810678482,0.45266273617744446,0.2446424961090088
YDR486C,YHR174W,0,0.17558771,0.1581123024225235,0.45266273617744446,0.24474264681339264
YML039W,YLR143W,1,0.17552021,0.1584022045135498,0.4536489248275757,0.24474264681339264
YNL096C,YDR034C,0,0.17551874,0.15834768116474152,0.4536489248275757,0.2448427826166153
YDR320C-A,YLR034C,0,0.17551836,0.15829318761825562,0.4536489248275757,0.24494291841983795
YDL060W,YNL027W,0,0.17550886,0.1582387387752533,0.4536489248275757,0.2450430542230606
YOR201C,YGR116W,0,0.17546889,0.15818431973457336,0.4536489248275757,0.24514320492744446
YPR149W,YDR296W,0,0.17546344,0.15812994539737701,0.4536489248275757,0.24524334073066711
YDR202C,YER088C,0,0.17538744,0.15807560086250305,0.4536489248275757,0.24534347653388977
YLR423C,YFL016C,0,0.17538172,0.15802130103111267,0.4536489248275757,0.24544362723827362
YLR157C-A,YMR045C,0,0.17536782,0.15796703100204468,0.4536489248275757,0.24554376304149628
YER041W,YGR109W-B,1,0.1753549,0.15825609862804413,0.4546351134777069,0.24554376304149628
YBL024W,YJR022W,0,0.1753223,0.15820178389549255,0.4546351134777069,0.24564389884471893
YER074W-A,YBR278W,0,0.17529385,0.15814751386642456,0.4546351134777069,0.2457440346479416
YBR058C-A,YDR454C,0,0.17523777,0.15809327363967896,0.4546351134777069,0.24584418535232544
YLR419W,YBL071W-A,0,0.17519411,0.15803907811641693,0.4546351134777069,0.2459443211555481
YHR191C,YMR025W,0,0.17515874,0.1579849272966385,0.4546351134777069,0.24604445695877075
YFL039C,YDL039C,0,0.17515397,0.15793079137802124,0.4546351134777069,0.2461446076631546
YJL071W,YOR210W,0,0.17515026,0.15787671506404877,0.4546351134777069,0.24624474346637726
YPL024W,YPL119C,0,0.17513935,0.15782266855239868,0.4546351134777069,0.24634487926959991
YGR038C-B,YGR059W,0,0.1751208,0.15776865184307098,0.4546351134777069,0.24644502997398376
YJR057W,YBR223C,0,0.17511612,0.15771467983722687,0.4546351134777069,0.24654516577720642
YOL021C,YIL066C,0,0.17502484,0.15766073763370514,0.4546351134777069,0.24664530158042908
YOR206W,YKL188C,0,0.17501622,0.157606840133667,0.4546351134777069,0.24674543738365173
YNL052W,YGR027W-A,0,0.17496085,0.15755297243595123,0.4546351134777069,0.24684558808803558
YBL022C,YNL083W,0,0.17490897,0.15749914944171906,0.4546351134777069,0.24694572389125824
YNR010W,YOL065C,0,0.17489192,0.15744535624980927,0.4546351134777069,0.2470458596944809
YER074W-A,YMR321C,0,0.17478333,0.15739160776138306,0.4546351134777069,0.24714601039886475
YER172C,YLL023C,0,0.17477477,0.15733788907527924,0.4546351134777069,0.2472461462020874
YLR393W,YGL229C,0,0.17468522,0.1572842001914978,0.4546351134777069,0.24734628200531006
YKR071C,YDR034C-D,0,0.17460456,0.15723055601119995,0.4546351134777069,0.24744641780853271
YPL060C-A,YHR203C,0,0.17457208,0.15717695653438568,0.4546351134777069,0.24754656851291656
YKL022C,YCR093W,0,0.17454872,0.1571233868598938,0.4546351134777069,0.24764670431613922
YNL090W,YDR261W-B,0,0.17452192,0.1570698469877243,0.4546351134777069,0.24774684011936188
YNL148C,YNL149C,0,0.1743766,0.1570163518190384,0.4546351134777069,0.24784699082374573
YDL085W,YGR052W,0,0.17431597,0.15696288645267487,0.4546351134777069,0.24794712662696838
YLR157C-A,YKL190W,0,0.17428595,0.15690946578979492,0.4546351134777069,0.24804726243019104
YNL001W,YGR161C-D,1,0.17427883,0.15719632804393768,0.45562130212783813,0.24804726243019104
YER087C-A,YMR170C,0,0.17421295,0.15714286267757416,0.45562130212783813,0.2481474131345749
YPL180W,YAR035W,0,0.17414993,0.15708942711353302,0.45562130212783813,0.24824754893779755
YOR054C,YDR120C,0,0.17405815,0.15703603625297546,0.45562130212783813,0.2483476847410202
YDR231C,YBL029C-A,0,0.17405482,0.1569826751947403,0.45562130212783813,0.24844782054424286
YDR376W,YMR142C,0,0.17404534,0.15692934393882751,0.45562130212783813,0.2485479712486267
YNL035C,YCR048W,0,0.17390507,0.15687605738639832,0.45562130212783813,0.24864810705184937
YKL008C,YAL031C,0,0.17387825,0.1568228155374527,0.45562130212783813,0.24874824285507202
YGL094C,YML095C,1,0.1737819,0.15710891783237457,0.45660749077796936,0.24874824285507202
YBL097W,YGL062W,0,0.17372066,0.15705563127994537,0.45660749077796936,0.24884839355945587
YDR138W,YGR240C,0,0.17369488,0.15700237452983856,0.45660749077796936,0.24894852936267853
YDR320C-A,YBR009C,0,0.17362452,0.15694914758205414,0.45660749077796936,0.24904866516590118
YLR164W,YFR041C,0,0.17359814,0.1568959653377533,0.45660749077796936,0.24914880096912384
YLR438C-A,YKL092C,0,0.17359413,0.15684281289577484,0.45660749077796936,0.2492489516735077
YJR083C,YAR035W,0,0.17340328,0.15678970515727997,0.45660749077796936,0.24934908747673035
YML095C,YBR050C,0,0.17337695,0.15673662722110748,0.45660749077796936,0.249449223279953
YLR341W,YHL001W,0,0.17332894,0.15668359398841858,0.45660749077796936,0.24954937398433685
YGR058W,YKL220C,0,0.17328143,0.15663057565689087,0.45660749077796936,0.2496495097875595
YOR056C,YLR157C-B,1,0.17326134,0.1569157987833023,0.4575936794281006,0.2496495097875595
YNL221C,YDR261W-B,1,0.17324352,0.15720081329345703,0.4585798680782318,0.2496495097875595
YOR251C,YBL029C-A,0,0.17323022,0.15714769065380096,0.4585798680782318,0.24974964559078217
YLR355C,YPR079W,0,0.17320812,0.15709459781646729,0.4585798680782318,0.24984979629516602
YOL097C,YLL003W,0,0.17319104,0.157041534781456,0.4585798680782318,0.24994993209838867
YNL315C,YPR063C,0,0.1731869,0.15698851644992828,0.4585798680782318,0.25005006790161133
YBR228W,YPR158C-D,1,0.17318615,0.1572730392217636,0.4595660865306854,0.25005006790161133
YDR320C-A,YDR173C,0,0.17312661,0.15721997618675232,0.4595660865306854,0.250150203704834
YDL097C,YFL048C,0,0.17310658,0.15716694295406342,0.4595660865306854,0.25025033950805664
YPL258C,YOL038W,0,0.17303213,0.1571139544248581,0.4595660865306854,0.2503505051136017
YJL090C,YDL051W,0,0.1730008,0.15706101059913635,0.4595660865306854,0.25045064091682434
YDR479C,YFL022C,0,0.17297164,0.1570080816745758,0.4595660865306854,0.250550776720047
YBR058C-A,YDL226C,0,0.17295456,0.15695519745349884,0.4595660865306854,0.25065091252326965
YML058W,YHR072W-A,0,0.17289676,0.15690235793590546,0.4595660865306854,0.2507510483264923
YMR160W,YHR051W,0,0.17289399,0.15684954822063446,0.4595660865306854,0.25085118412971497
YML045W-A,YGL099W,0,0.17286485,0.15679676830768585,0.4595660865306854,0.2509513199329376
YDL047W,YDR506C,0,0.17285942,0.15674403309822083,0.4595660865306854,0.25105148553848267
YNR013C,YDR281C,0,0.17285833,0.15669132769107819,0.4595660865306854,0.2511516213417053
YJL176C,YOL058W,0,0.17284212,0.15663865208625793,0.4595660865306854,0.251251757144928
YNL309W,YIL112W,0,0.1727514,0.15658602118492126,0.4595660865306854,0.25135189294815063
YMR019W,YER014C-A,0,0.17274827,0.15653342008590698,0.4595660865306854,0.2514520287513733
YKL091C,YKR044W,0,0.17272909,0.15648086369037628,0.4595660865306854,0.25155216455459595
YOR343W-B,YHR013C,0,0.17269953,0.15642833709716797,0.4595660865306854,0.2516523003578186
YER011W,YJL072C,0,0.17264938,0.15637584030628204,0.4595660865306854,0.25175246596336365
YNL106C,YLL012W,0,0.17262793,0.1563233882188797,0.4595660865306854,0.2518526017665863
YJL066C,YLR008C,0,0.1725352,0.15627096593379974,0.4595660865306854,0.25195273756980896
YPL208W,YDR022C,0,0.17252494,0.15621857345104218,0.4595660865306854,0.2520528733730316
YML058W,YNL309W,0,0.17249104,0.1561662256717682,0.4595660865306854,0.2521530091762543
YLR157C-A,YGR227W,0,0.1724682,0.1561139076948166,0.4595660865306854,0.25225314497947693
YFL044C,YML131W,0,0.17246525,0.15606161952018738,0.4595660865306854,0.2523532807826996
YCL026C-B,YER157W,0,0.17242381,0.15600937604904175,0.4595660865306854,0.25245344638824463
YIL020C,YOR373W,0,0.1724173,0.1559571623802185,0.4595660865306854,0.2525535821914673
YFL017W-A,YIL050W,0,0.17237724,0.15590497851371765,0.4595660865306854,0.25265371799468994
YGL050W,YNL305C,0,0.17226928,0.15585283935070038,0.4595660865306854,0.2527538537979126
YJL080C,YCL047C,0,0.17224728,0.1558007299900055,0.4595660865306854,0.25285398960113525
YER159C-A,YKL178C,0,0.17219579,0.1557486653327942,0.4595660865306854,0.2529541254043579
YGR195W,YLR286C,0,0.17211813,0.15569663047790527,0.4595660865306854,0.25305426120758057
YNL325C,YPR158W-A,0,0.17208257,0.15564462542533875,0.4595660865306854,0.2531544268131256
YGL021W,YDL005C,0,0.17204422,0.1555926501750946,0.4595660865306854,0.25325456261634827
YJL020C,YFL022C,0,0.1719915,0.15554071962833405,0.4595660865306854,0.2533546984195709
YCL075W,YMR045C,1,0.17198995,0.1558224856853485,0.46055227518081665,0.2533546984195709
YBR235W,YLR013W,0,0.17189446,0.15577051043510437,0.46055227518081665,0.2534548342227936
YJR016C,YKL205W,0,0.17180476,0.1557185798883438,0.46055227518081665,0.25355497002601624
YDR331W,YGR038C-A,0,0.17172481,0.15566666424274445,0.46055227518081665,0.2536551058292389
YOR216C,YGR109W-B,0,0.17170107,0.15561479330062866,0.46055227518081665,0.25375527143478394
YDR365W-B,YJR027W,1,0.17164533,0.15589606761932373,0.4615384638309479,0.25375527143478394
YHR072W-A,YFL041W,0,0.17157713,0.15584415197372437,0.4615384638309479,0.2538554072380066
YLR283W,YKR061W,0,0.17145747,0.15579228103160858,0.4615384638309479,0.25395554304122925
YOL103W-B,YKL114C,1,0.17137766,0.1560732126235962,0.4625246524810791,0.25395554304122925
YJR026W,YPR196W,0,0.17137724,0.15602129697799683,0.4625246524810791,0.2540556788444519
YOR384W,YFR051C,0,0.1713768,0.15596941113471985,0.4625246524810791,0.25415581464767456
YHL009W-B,YDR478W,1,0.17134038,0.15625,0.4635108411312103,0.25415581464767456
YDR261W-B,YBR299W,0,0.17133862,0.15619806945323944,0.4635108411312103,0.2542559504508972
YHL009W-B,YLR430W,1,0.171211,0.1564784049987793,0.46449702978134155,0.2542559504508972
YDR261W-B,YML118W,1,0.17115483,0.15675854682922363,0.46548324823379517,0.2542559504508972
YER069W,YBR093C,0,0.17110714,0.15670651197433472,0.46548324823379517,0.2543560862541199
YPL257W-A,YLR219W,0,0.17109822,0.156654492020607,0.46548324823379517,0.2544562518596649
YDR034C-D,YOL021C,1,0.17107761,0.15693430602550507,0.4664694368839264,0.2544562518596649
YGR285C,YCR102C,0,0.17106292,0.15688225626945496,0.4664694368839264,0.2545563876628876
YDR245W,YBL029C-A,0,0.17103685,0.15683023631572723,0.4664694368839264,0.25465652346611023
YKL073W,YDR198C,0,0.17100342,0.1567782610654831,0.4664694368839264,0.2547566592693329
YBR098W,YDR261C-D,1,0.17098555,0.15705765783786774,0.4674556255340576,0.2547566592693329
YNR018W,YBR198C,0,0.17096531,0.15700563788414001,0.4674556255340576,0.25485679507255554
YGR014W,YML130C,0,0.17094857,0.15695364773273468,0.4674556255340576,0.2549569308757782
YIL065C,YBL098W,0,0.17091838,0.15690168738365173,0.4674556255340576,0.25505706667900085
YNR045W,YPL276W,0,0.17091477,0.15684977173805237,0.4674556255340576,0.2551572322845459
YOR192C-B,YJL210W,0,0.1708485,0.1567978858947754,0.4674556255340576,0.25525736808776855
YDL102W,YOL142W,1,0.17083856,0.15707671642303467,0.46844181418418884,0.25525736808776855
YBR271W,YER087C-B,0,0.17083731,0.1570248007774353,0.46844181418418884,0.2553575038909912
YFR046C,YDL130W-A,0,0.17081186,0.15697290003299713,0.46844181418418884,0.25545763969421387
YBR087W,YAL016W,0,0.17065209,0.15692104399204254,0.46844181418418884,0.2555577754974365
YHL009W-B,YLR059C,1,0.17061484,0.15719947218894958,0.46942800283432007,0.2555577754974365
YJR063W,YMR045C,1,0.17057069,0.1574777215719223,0.4704141914844513,0.2555577754974365
YLR433C,YOR077W,0,0.17055486,0.15742574632167816,0.4704141914844513,0.2556579113006592
YPL017C,YBL098W,0,0.1705167,0.1573738008737564,0.4704141914844513,0.25575804710388184
YGR249W,YGL065C,0,0.17044762,0.15732190012931824,0.4704141914844513,0.2558582127094269
YNL006W,YPL074W,0,0.17035861,0.15727002918720245,0.4704141914844513,0.25595834851264954
YKL220C,YJL062W-A,0,0.17034452,0.15721818804740906,0.4704141914844513,0.2560584843158722
YOL041C,YGR200C,0,0.17031746,0.15716639161109924,0.4704141914844513,0.25615862011909485
YJL100W,YJR040W,0,0.17028803,0.15711462497711182,0.4704141914844513,0.2562587559223175
YPR186C,YEL054C,0,0.17025527,0.15706288814544678,0.4704141914844513,0.25635889172554016
YOR389W,YDR088C,0,0.17024828,0.15701119601726532,0.4704141914844513,0.2564590573310852
YGL181W,YBR006W,0,0.17021178,0.15695951879024506,0.4704141914844513,0.25655919313430786
YBL088C,YHR143W,0,0.17012623,0.15690790116786957,0.4704141914844513,0.2566593289375305
YDR387C,YMR306W,0,0.17012367,0.15685629844665527,0.4704141914844513,0.2567594647407532
YJR043C,YNL284C-A,0,0.17011769,0.15680474042892456,0.4704141914844513,0.25685960054397583
YDR365W-B,YGR052W,0,0.1699888,0.15675319731235504,0.4704141914844513,0.2569597363471985
YPL015C,YGL065C,0,0.16993937,0.1567017138004303,0.4704141914844513,0.25705987215042114
YJR026W,YEL041W,0,0.16985033,0.15665024518966675,0.4704141914844513,0.2571600377559662
YER125W,YOR175C,0,0.16982166,0.15659882128238678,0.4704141914844513,0.25726017355918884
YDR314C,YNL047C,0,0.16975865,0.1565474271774292,0.4704141914844513,0.2573603093624115
YHL009W-B,YCL011C,0,0.16974679,0.156496062874794,0.4704141914844513,0.25746044516563416
YMR218C,YOR274W,0,0.16973415,0.1564447432756424,0.4704141914844513,0.2575605809688568
YHR188C,YHR025W,0,0.16972873,0.15639343857765198,0.4704141914844513,0.25766071677207947
YNL182C,YDR006C,0,0.16968593,0.15634217858314514,0.4704141914844513,0.2577608525753021
YGR274C,YJR125C,0,0.16959223,0.1562909632921219,0.4704141914844513,0.25786101818084717
YPL134C,YAR035W,0,0.16956756,0.15623976290225983,0.4704141914844513,0.2579611539840698
YKR056W,YPR137C-B,1,0.1695602,0.15651604533195496,0.4714003801345825,0.2579611539840698
YJL141C,YCL003W,0,0.16954117,0.1564648151397705,0.4714003801345825,0.2580612897872925
YBR098W,YGR109W-B,1,0.16951305,0.15674084424972534,0.47238659858703613,0.2580612897872925
YGL175C,YOR153W,0,0.16946618,0.1566895693540573,0.47238659858703613,0.25816142559051514
YCL004W,YOR096W,0,0.16944285,0.15663832426071167,0.47238659858703613,0.2582615613937378
YIL138C,YLR191W,0,0.16941032,0.1565871238708496,0.47238659858703613,0.25836169719696045
YLR301W,YML080W,0,0.16936424,0.15653595328330994,0.47238659858703613,0.2584618330001831
YML046W,YNL129W,0,0.16935712,0.15648481249809265,0.47238659858703613,0.25856199860572815
YDR174W,YLR410W-A,0,0.16932757,0.15643370151519775,0.47238659858703613,0.2586621344089508
YKR056W,YDR261C-D,1,0.16927017,0.15670910477638245,0.47337278723716736,0.2586621344089508
YKL193C,YGL123W,0,0.16924888,0.15665796399116516,0.47337278723716736,0.25876227021217346
YDR128W,YLR341W,0,0.16924047,0.15660685300827026,0.47337278723716736,0.2588624060153961
YML007W,YPL046C,0,0.16915382,0.15655577182769775,0.47337278723716736,0.2589625418186188
YHR214C-B,YNL236W,0,0.16915342,0.15650472044944763,0.47337278723716736,0.25906267762184143
YDR034C-D,YDL111C,1,0.16914284,0.15677966177463531,0.4743589758872986,0.25906267762184143
YER164W,YER014C-A,0,0.16913855,0.1567285805940628,0.4743589758872986,0.2591628134250641
YCL066W,YDL130W,0,0.16907892,0.15667752921581268,0.4743589758872986,0.25926297903060913
YER166W,YDR169C,0,0.16904509,0.15662650763988495,0.4743589758872986,0.2593631148338318
YDR151C,YPL091W,0,0.16888303,0.1565755158662796,0.4743589758872986,0.25946325063705444
YKR060W,YLL022C,0,0.16884668,0.15652456879615784,0.4743589758872986,0.2595633864402771
YDR017C,YNL218W,0,0.16884016,0.15647365152835846,0.4743589758872986,0.25966352224349976
YMR217W,YLR157C-A,0,0.1688168,0.15642276406288147,0.4743589758872986,0.2597636580467224
YER175C,YBR105C,0,0.1687819,0.15637190639972687,0.4743589758872986,0.25986382365226746
YJL062W-A,YOR221C,0,0.16877125,0.15632109344005585,0.4743589758872986,0.2599639594554901
YLR154C,YCL075W,1,0.16876455,0.15659518539905548,0.4753451645374298,0.2599639594554901
YLR059C,YMR045C,1,0.16875315,0.15686911344528198,0.47633135318756104,0.2599639594554901
YDL055C,YDR076W,0,0.16872887,0.1568181812763214,0.47633135318756104,0.26006409525871277
YDL227C,YDR261C-D,1,0.16864245,0.15709185600280762,0.47731754183769226,0.26006409525871277
YML005W,YDR170W-A,0,0.16860992,0.15704087913036346,0.47731754183769226,0.2601642310619354
YNL119W,YOR044W,0,0.16858013,0.1569899469614029,0.47731754183769226,0.2602643668651581
YIL088C,YGR070W,0,0.16854215,0.1569390445947647,0.47731754183769226,0.26036450266838074
YBR267W,YBR150C,0,0.16847098,0.1568881720304489,0.47731754183769226,0.2604646384716034
YOL136C,YKR030W,0,0.16844916,0.1568373292684555,0.47731754183769226,0.26056480407714844
YBR283C,YOL125W,0,0.1684479,0.15678653120994568,0.47731754183769226,0.2606649398803711
YDR261C-C,YLL001W,0,0.16827321,0.15673574805259705,0.47731754183769226,0.26076507568359375
YDR210C-D,YDR280W,1,0.16820872,0.15700873732566833,0.4783037602901459,0.26076507568359375
YJR067C,YLR424W,0,0.16818479,0.15695792436599731,0.4783037602901459,0.2608652114868164
YDR485C,YDR462W,0,0.16815169,0.15690715610980988,0.4783037602901459,0.26096534729003906
YOR343W-B,YDR280W,1,0.16814747,0.1571798175573349,0.4792899489402771,0.26096534729003906
YGR109W-B,YDR098C-B,1,0.16804348,0.1574523150920868,0.4802761375904083,0.26096534729003906
YDR518W,YJR091C,0,0.16794845,0.1574014276266098,0.4802761375904083,0.2610654830932617
YLR143W,YGR095C,1,0.16788286,0.1576736718416214,0.48126232624053955,0.2610654830932617
YOR368W,YDR260C,0,0.16788095,0.15762273967266083,0.48126232624053955,0.2611656188964844
YGR295C,YJR034W,0,0.1678609,0.15757183730602264,0.48126232624053955,0.2612657845020294
YNL231C,YCL031C,0,0.16785254,0.15752097964286804,0.48126232624053955,0.2613659203052521
YKR103W,YKR046C,0,0.16764995,0.15747015178203583,0.48126232624053955,0.26146605610847473
YOR317W,YML125C,0,0.16756596,0.157419353723526,0.48126232624053955,0.2615661919116974
YEL046C,YCL024W,0,0.16749787,0.15736858546733856,0.48126232624053955,0.26166632771492004
YPR065W,YIL132C,0,0.16748178,0.1573178619146347,0.48126232624053955,0.2617664635181427
YJR026W,YBL017C,0,0.1674616,0.15726716816425323,0.48126232624053955,0.26186659932136536
YGR209C,YNL279W,0,0.16734383,0.15721648931503296,0.48126232624053955,0.2619667649269104
YBL091C-A,YJL203W,0,0.1673322,0.15716585516929626,0.48126232624053955,0.26206690073013306
YOL109W,YDR260C,0,0.16724488,0.15711526572704315,0.48126232624053955,0.2621670365333557
YOR056C,YGR116W,0,0.16721056,0.15706469118595123,0.48126232624053955,0.26226717233657837
YLR096W,YML048W,0,0.16716254,0.1570141613483429,0.48126232624053955,0.262367308139801
YLR385C,YGR109C,0,0.1671353,0.15696366131305695,0.48126232624053955,0.2624674439430237
YAL012W,YHR175W,0,0.16707313,0.1569131761789322,0.48126232624053955,0.26256757974624634
YPL008W,YLR035C-A,0,0.16703242,0.1568627506494522,0.48126232624053955,0.2626677453517914
YIR033W,YPL236C,0,0.16702005,0.15681234002113342,0.48126232624053955,0.26276788115501404
YAR027W,YOL067C,0,0.16697237,0.15676195919513702,0.48126232624053955,0.2628680169582367
YIR008C,YCR034W,0,0.16692011,0.1567116230726242,0.48126232624053955,0.26296815276145935
YKL092C,YGL174W,0,0.16683379,0.15666131675243378,0.48126232624053955,0.263068288564682
YMR290C,YLR256W-A,0,0.16668124,0.15661104023456573,0.48126232624053955,0.26316842436790466
YIL094C,YOR147W,0,0.1666514,0.15656079351902008,0.48126232624053955,0.2632685899734497
YJR140C,YBR152W,0,0.16661695,0.15651057660579681,0.48126232624053955,0.26336872577667236
YJL153C,YGR109W-B,0,0.166557,0.15646040439605713,0.48126232624053955,0.263468861579895
YLR105C,YHR079C,1,0.16654614,0.1567307710647583,0.4822485148906708,0.263468861579895
YGR106C,YKL125W,0,0.16653746,0.15668055415153503,0.4822485148906708,0.2635689973831177
YPL045W,YEL009C,0,0.16646232,0.15663036704063416,0.4822485148906708,0.26366913318634033
YHR129C,YDR466W,0,0.16641533,0.15658020973205566,0.4822485148906708,0.263769268989563
YOL066C,YJL204C,0,0.16628401,0.15653008222579956,0.4822485148906708,0.26386940479278564
YHR072W-A,YNR013C,0,0.16621184,0.15647999942302704,0.4822485148906708,0.2639695703983307
YDL130W-A,YOR100C,0,0.16606936,0.1564299464225769,0.4822485148906708,0.26406970620155334
YNL284C-B,YLR312W-A,1,0.16605398,0.15669971704483032,0.483234703540802,0.26406970620155334
YPR158W-A,YLR306W,0,0.16598076,0.1566496193408966,0.483234703540802,0.264169842004776
YPL104W,YCL069W,0,0.16584307,0.15659955143928528,0.483234703540802,0.26426997780799866
YOR343W-B,YMR044W,0,0.16578588,0.15654951333999634,0.483234703540802,0.2643701136112213
YMR114C,YKL216W,0,0.16576451,0.15649951994419098,0.483234703540802,0.26447024941444397
YNL221C,YGR161W-B,1,0.16573907,0.15676884353160858,0.4842209219932556,0.26447024941444397
YNR051C,YER150W,0,0.16573831,0.15671880543231964,0.4842209219932556,0.2645703852176666
YBR098W,YOL043C,1,0.16572389,0.15698787569999695,0.48520711064338684,0.2645703852176666
YDR316W-B,YOL142W,1,0.16569528,0.15725678205490112,0.48619329929351807,0.2645703852176666
YAR027W,YJR138W,0,0.16564192,0.15720663964748383,0.48619329929351807,0.26467055082321167
YHR070W,YPL017C,0,0.16553788,0.15715651214122772,0.48619329929351807,0.2647706866264343
YER089C,YHR072W-A,0,0.16544655,0.1571064442396164,0.48619329929351807,0.264870822429657
YJL208C,YOL042W,1,0.16544157,0.15737496316432953,0.4871794879436493,0.264870822429657
YJR066W,YOR214C,0,0.16535947,0.15732483565807343,0.4871794879436493,0.26497095823287964
YMR266W,YCR052W,0,0.16531101,0.1572747528553009,0.4871794879436493,0.2650710940361023
YGR038C-B,YOR056C,1,0.16530704,0.15754295885562897,0.4881656765937805,0.2650710940361023
YDR210W-B,YGL158W,0,0.16519001,0.15749284625053406,0.4881656765937805,0.26517122983932495
YNL292W,YHR099W,0,0.16518135,0.15744274854660034,0.4881656765937805,0.2652713656425476
YPL103C,YEL040W,0,0.1651645,0.157392680644989,0.4881656765937805,0.26537153124809265
YLR227W-B,YLR107W,1,0.16514218,0.15766051411628723,0.48915186524391174,0.26537153124809265
YGL190C,YOR131C,0,0.16511112,0.15761041641235352,0.48915186524391174,0.2654716670513153
YNL291C,YOL104C,0,0.16493508,0.1575603485107422,0.48915186524391174,0.26557180285453796
YPL213W,YDR454C,0,0.16491428,0.15751032531261444,0.48915186524391174,0.2656719386577606
YGR027W-B,YNL239W,0,0.16491383,0.1574603170156479,0.48915186524391174,0.2657720744609833
YKL209C,YHR007C,0,0.16488735,0.15741033852100372,0.48915186524391174,0.26587221026420593
YOR343W-B,YHR081W,0,0.16477978,0.15736040472984314,0.48915186524391174,0.265972375869751
YGR163W,YKL172W,0,0.16475959,0.15731050074100494,0.48915186524391174,0.26607251167297363
YER042W,YCR096C,0,0.16475001,0.15726062655448914,0.48915186524391174,0.2661726474761963
YPR011C,YCR092C,0,0.16474825,0.15721078217029572,0.48915186524391174,0.26627278327941895
YEL059C-A,YNR049C,0,0.16473377,0.15716096758842468,0.48915186524391174,0.2663729190826416
YDR381C-A,YFL013C,0,0.16470641,0.15711118280887604,0.48915186524391174,0.26647305488586426
YDR365W-B,YAL021C,1,0.16466545,0.15737809240818024,0.49013805389404297,0.26647305488586426
YDR534C,YBR118W,0,0.16458906,0.157328262925148,0.49013805389404297,0.2665731906890869
YOR064C,YCR033W,0,0.164496,0.15727847814559937,0.49013805389404297,0.26667335629463196
YEL017C-A,YIL143C,0,0.16438319,0.1572287231683731,0.49013805389404297,0.2667734920978546
YJL113W,YGR288W,0,0.16434887,0.15717899799346924,0.49013805389404297,0.26687362790107727
YPR158W-B,YHL022C,1,0.16429019,0.15744546055793762,0.4911242723464966,0.26687362790107727
YBR123C,YGL191W,0,0.16425519,0.15739570558071136,0.4911242723464966,0.2669737637042999
YPR185W,YJL117W,0,0.16416356,0.1573459655046463,0.4911242723464966,0.2670738995075226
YDL153C,YMR119W,0,0.16412604,0.15729627013206482,0.4911242723464966,0.26717403531074524
YLR127C,YNL049C,0,0.16411605,0.15724660456180573,0.4911242723464966,0.2672741711139679
YDR279W,YEL015W,0,0.16410507,0.15719696879386902,0.4911242723464966,0.26737433671951294
YKL114C,YGR161C-D,1,0.16401772,0.1574629247188568,0.4921104609966278,0.26737433671951294
YEL030W,YPR189W,0,0.16401698,0.15741324424743652,0.4921104609966278,0.2674744725227356
YLR166C,YPR025C,0,0.16397597,0.15736360847949982,0.4921104609966278,0.26757460832595825
YLR135W,YDR261W-B,1,0.16380143,0.15762925148010254,0.49309664964675903,0.26757460832595825
YHL009W-B,YBR167C,1,0.1637757,0.15789473056793213,0.49408283829689026,0.26757460832595825
YLR385C,YGL014W,0,0.16371053,0.15784499049186707,0.49408283829689026,0.2676747441291809
YKL064W,YDR210C-C,0,0.16367501,0.1577952802181244,0.49408283829689026,0.26777487993240356
YLR406C,YLR305C,0,0.1636558,0.1577455848455429,0.49408283829689026,0.2678750157356262
YBL029C-A,YJR144W,0,0.16364332,0.157695934176445,0.49408283829689026,0.2679751515388489
YNL309W,YBL029C-A,0,0.16362944,0.1576463133096695,0.49408283829689026,0.2680753171443939
YDR320C-A,YLR283W,0,0.16354275,0.15759672224521637,0.49408283829689026,0.2681754529476166
YER041W,YDR478W,1,0.16341202,0.1578616350889206,0.4950690269470215,0.2681754529476166
YBR228W,YGR161C-D,1,0.16337271,0.1581263691186905,0.4960552155971527,0.2681754529476166
YPL022W,YGR109W-B,1,0.16334727,0.15839095413684845,0.4970414340496063,0.2681754529476166
YEL058W,YIL042C,0,0.16326757,0.158341184258461,0.4970414340496063,0.26827558875083923
YER126C,YIL021W,0,0.1631413,0.15829145908355713,0.4970414340496063,0.2683757245540619
YGL094C,YGR161W-B,1,0.16313207,0.15855573117733002,0.49802762269973755,0.2683757245540619
YNL284C-B,YMR137C,1,0.163117,0.15881983935832977,0.4990138113498688,0.2683757245540619
YPR160W,YBR070C,0,0.16310835,0.15877000987529755,0.4990138113498688,0.26847586035728455
YDR239C,YDL014W,0,0.16309416,0.1587201952934265,0.4990138113498688,0.2685759961605072
YMR115W,YDR210C-C,0,0.16302891,0.15867042541503906,0.4990138113498688,0.26867613196372986
YDR473C,YAL033W,0,0.16302763,0.158620685338974,0.4990138113498688,0.2687762975692749
YGL187C,YJR103W,0,0.16299927,0.15857097506523132,0.4990138113498688,0.26887643337249756
YGR271W,YLR170C,0,0.16288894,0.15852130949497223,0.4990138113498688,0.2689765691757202
YER082C,YJL187C,0,0.16285612,0.15847165882587433,0.4990138113498688,0.26907670497894287
YER148W,YJL123C,0,0.16279754,0.15842203795909882,0.4990138113498688,0.2691768407821655
YFR037C,YPL153C,0,0.16279365,0.15837246179580688,0.4990138113498688,0.2692769765853882
YML062C,YFL057C,0,0.16278547,0.15832290053367615,0.4990138113498688,0.2693771421909332
YNL148C,YPL119C,0,0.16277534,0.158273383975029,0.4990138113498688,0.2694772779941559
YBL029C-A,YDR310C,0,0.16267353,0.15822389721870422,0.4990138113498688,0.26957741379737854
YHR119W,YOL056W,0,0.16265863,0.15817442536354065,0.4990138113498688,0.2696775496006012
YDL066W,YLR207W,0,0.1625261,0.15812499821186066,0.4990138113498688,0.26977768540382385
YLL052C,YNL172W,0,0.16233948,0.15807560086250305,0.4990138113498688,0.2698778212070465
YLR423C,YLR029C,0,0.16226634,0.15802623331546783,0.4990138113498688,0.26997795701026917
YDL164C,YJR010C-A,0,0.16214898,0.157976895570755,0.4990138113498688,0.2700781226158142
YGR074W,YJL079C,0,0.16207409,0.15792758762836456,0.4990138113498688,0.27017825841903687
YJR032W,YML058W-A,0,0.16201143,0.1578783094882965,0.4990138113498688,0.2702783942222595
YDR073W,YKL178C,0,0.16197073,0.15782907605171204,0.4990138113498688,0.2703785300254822
YDR280W,YCL019W,1,0.16190538,0.1580916792154312,0.5,0.2703785300254822
YLR165C,YOR351C,0,0.16177925,0.15804240107536316,0.5,0.27047866582870483
YDR237W,YPL187W,0,0.16177106,0.1579931378364563,0.5,0.2705788016319275
YOL129W,YAL040C,0,0.16168274,0.15794391930103302,0.5,0.27067893743515015
YKL114C,YPR158W-B,1,0.16168131,0.15820616483688354,0.5009862184524536,0.27067893743515015
YNL232W,YLR157C-B,1,0.16163722,0.15846824645996094,0.5019723773002625,0.27067893743515015
YDR307W,YGL123W,0,0.1616333,0.1584189236164093,0.5019723773002625,0.2707791030406952
YGL060W,YLR013W,0,0.16160665,0.15836963057518005,0.5019723773002625,0.27087923884391785
YJR006W,YLR107W,1,0.16155925,0.15863141417503357,0.5029585957527161,0.27087923884391785
YPR047W,YBR012W-B,0,0.16149697,0.15858209133148193,0.5029585957527161,0.2709793746471405
YPL186C,YPR011C,0,0.16144143,0.15853279829025269,0.5029585957527161,0.27107951045036316
YDR473C,YAL032C,0,0.16140944,0.15848353505134583,0.5029585957527161,0.2711796462535858
YOL142W,YLR157C-B,1,0.1612319,0.1587449461221695,0.5039447546005249,0.2711796462535858
YBR082C,YNL047C,0,0.16116667,0.15869565308094025,0.5039447546005249,0.27127978205680847
YNL284C-A,YBL101C,0,0.16115683,0.1586463898420334,0.5039447546005249,0.27137991786003113
YDR365W-B,YOL043C,1,0.16114636,0.15890751779079437,0.5049309730529785,0.27137991786003113
YNL125C,YML099C,0,0.16113967,0.15885820984840393,0.5049309730529785,0.27148008346557617
YMR058W,YNL321W,0,0.16096844,0.15880893170833588,0.5049309730529785,0.27158021926879883
YOR381W,YHL009W-A,0,0.16091406,0.1587596833705902,0.5049309730529785,0.2716803550720215
YLR172C,YNL070W,0,0.1608848,0.15871047973632812,0.5049309730529785,0.27178049087524414
YNL152W,YIL158W,0,0.16087861,0.15866129100322723,0.5049309730529785,0.2718806266784668
YDR478W,YDR210W-B,1,0.16084868,0.15892192721366882,0.5059171319007874,0.2718806266784668
YLR203C,YDR140W,0,0.16079432,0.15887270867824554,0.5059171319007874,0.27198076248168945
YKR068C,YKR008W,0,0.16077103,0.15882353484630585,0.5059171319007874,0.2720809280872345
YDR444W,YNL245C,0,0.16073018,0.15877437591552734,0.5059171319007874,0.27218106389045715
YLR357W,YER073W,0,0.1604752,0.15872524678707123,0.5059171319007874,0.2722811996936798
YHR072W-A,YLR182W,0,0.16047156,0.1586761474609375,0.5059171319007874,0.27238133549690247
YHR099W,YDR414C,0,0.16036159,0.15862709283828735,0.5059171319007874,0.2724814713001251
YGR027W-B,YDR037W,0,0.160357,0.1585780531167984,0.5059171319007874,0.2725816071033478
YDR113C,YLL009C,0,0.16032733,0.15852904319763184,0.5059171319007874,0.27268174290657043
YBR123C,YLR414C,0,0.1603182,0.15848007798194885,0.5059171319007874,0.2727819085121155
YPL257W-A,YJR002W,0,0.16027662,0.15843112766742706,0.5059171319007874,0.27288204431533813
YOL008W,YLL002W,0,0.16027206,0.15838222205638885,0.5059171319007874,0.2729821801185608
YNR052C,YPL257W-B,1,0.16021562,0.15864197909832,0.506903350353241,0.2729821801185608
YOR143C,YLR043C,0,0.16012147,0.15859302878379822,0.506903350353241,0.27308231592178345
YPL186C,YDL042C,0,0.16011669,0.15854410827159882,0.506903350353241,0.2731824517250061
YJL114W,YJR135C,0,0.16001835,0.1584952175617218,0.506903350353241,0.27328258752822876
YOR063W,YPR200C,0,0.1598817,0.15844635665416718,0.506903350353241,0.2733827233314514
YGR282C,YDL024C,0,0.15986542,0.15839754045009613,0.506903350353241,0.27348288893699646
YDR263C,YDL083C,0,0.15980098,0.15834873914718628,0.506903350353241,0.2735830247402191
YIL162W,YGR288W,0,0.15979958,0.15829996764659882,0.506903350353241,0.2736831605434418
YPR158W-A,YEL022W,0,0.1597979,0.15825122594833374,0.506903350353241,0.27378329634666443
YGR027W-B,YCR026C,1,0.15977998,0.15851031243801117,0.5078895688056946,0.27378329634666443
YIL177C,YOR232W,0,0.1597796,0.1584615409374237,0.5078895688056946,0.2738834321498871
YOR056C,YEL022W,0,0.15969267,0.15841279923915863,0.5078895688056946,0.27398356795310974
YDL205C,YLL002W,0,0.15961695,0.15836408734321594,0.5078895688056946,0.2740837037563324
YNL175C,YOL045W,0,0.15959707,0.15831540524959564,0.5078895688056946,0.27418386936187744
YDL210W,YGR222W,0,0.15952101,0.15826675295829773,0.5078895688056946,0.2742840051651001
YDR529C,YER118C,0,0.15951212,0.1582181304693222,0.5078895688056946,0.27438414096832275
YOL068C,YIL127C,0,0.15945902,0.15816953778266907,0.5078895688056946,0.2744842767715454
YOR351C,YNL117W,0,0.15943155,0.15812097489833832,0.5078895688056946,0.27458441257476807
YOL042W,YMR050C,1,0.15934831,0.15837937593460083,0.5088757276535034,0.27458441257476807
YMR239C,YKL025C,1,0.15931615,0.1586376130580902,0.509861946105957,0.27458441257476807
YDL210W,YOL019W,0,0.15929006,0.1585889607667923,0.509861946105957,0.2746845483779907
YBR084W,YOR089C,0,0.15924792,0.15854032337665558,0.509861946105957,0.2747846841812134
YGL055W,YLR439W,0,0.15922546,0.15849171578884125,0.509861946105957,0.2748848497867584
YNL129W,YPR052C,0,0.15921403,0.1584431529045105,0.509861946105957,0.2749849855899811
YNL102W,YOR142W-B,1,0.1591909,0.15870098769664764,0.5108481049537659,0.2749849855899811
YKR071C,YDR208W,0,0.1586881,0.1586523801088333,0.5108481049537659,0.27508512139320374
YLR157C-B,YCR030C,0,0.15867768,0.15860380232334137,0.5108481049537659,0.2751852571964264
YLR145W,YML045W,1,0.15859324,0.15886133909225464,0.5118343234062195,0.2751852571964264
YGR009C,YDR322C-A,0,0.15858725,0.1588127315044403,0.5118343234062195,0.27528539299964905
YER007W,YDR261W-A,0,0.15853986,0.15876415371894836,0.5118343234062195,0.2753855288028717
YBL029C-A,YJR126C,0,0.15850443,0.15871559083461761,0.5118343234062195,0.27548569440841675
YPR158W-B,YGR158C,1,0.15848207,0.15897278487682343,0.5128205418586731,0.27548569440841675
YJR097W,YER036C,0,0.15846375,0.15892420709133148,0.5128205418586731,0.2755858302116394
YGR027W-B,YOL042W,1,0.15842883,0.15918117761611938,0.5138067007064819,0.2755858302116394
YDR097C,YKL018W,0,0.15811896,0.15913255512714386,0.5138067007064819,0.27568596601486206
YLR227W-B,YKL120W,0,0.15802407,0.15908396244049072,0.5138067007064819,0.2757861018180847
YOR142W-B,YPR145W,0,0.15800638,0.15903541445732117,0.5138067007064819,0.2758862376213074
YGR167W,YJL191W,0,0.15798636,0.1589868813753128,0.5138067007064819,0.27598637342453003
YJR063W,YDR261W-B,1,0.15795808,0.15924343466758728,0.5147929191589355,0.27598637342453003
YPL154C,YJR025C,0,0.15794265,0.15919487178325653,0.5147929191589355,0.2760865092277527
YHR019C,YGR058W,0,0.15787128,0.15914633870124817,0.5147929191589355,0.27618667483329773
YDR512C,YJR121W,0,0.15780002,0.1590978354215622,0.5147929191589355,0.2762868106365204
YNR046W,YDL040C,0,0.1577051,0.1590493619441986,0.5147929191589355,0.27638694643974304
YER048W-A,YGR059W,0,0.1576952,0.1590009182691574,0.5147929191589355,0.2764870822429657
YIL047C,YFL002C,0,0.1576446,0.1589525043964386,0.5147929191589355,0.27658721804618835
YOR292C,YER075C,0,0.15763204,0.15890410542488098,0.5147929191589355,0.276687353849411
YBR136W,YLL002W,0,0.15742129,0.15885575115680695,0.5147929191589355,0.27678748965263367
YBR050C,YGR048W,0,0.15736349,0.1588074266910553,0.5147929191589355,0.2768876552581787
YNR023W,YCR102C,0,0.15735668,0.15875911712646484,0.5147929191589355,0.27698779106140137
YDR034C-C,YML073C,0,0.15735349,0.15871085226535797,0.5147929191589355,0.277087926864624
YKL208W,YGR086C,0,0.15730321,0.1586626172065735,0.5147929191589355,0.2771880626678467
YMR152W,YHR083W,0,0.15728998,0.1586143970489502,0.5147929191589355,0.27728819847106934
YKL100C,YLR256W-A,0,0.15728876,0.15856622159481049,0.5147929191589355,0.277388334274292
YGL166W,YDR411C,0,0.15728632,0.15851807594299316,0.5147929191589355,0.27748847007751465
YMR086W,YCL024W,0,0.1571638,0.15846994519233704,0.5147929191589355,0.2775886356830597
YBR059C,YMR042W,0,0.15710051,0.1584218442440033,0.5147929191589355,0.27768877148628235
YLR042C,YBL005W-A,0,0.15707228,0.15837378799915314,0.5147929191589355,0.277788907289505
YNL284C-A,YIR034C,0,0.15706812,0.15832574665546417,0.5147929191589355,0.27788904309272766
YDR082W,YJL062W-A,0,0.1570603,0.1582777500152588,0.5147929191589355,0.2779891788959503
YNR063W,YGL163C,0,0.15704845,0.1582297682762146,0.5147929191589355,0.278089314699173
YDR293C,YPR158W-B,1,0.15700333,0.15848484635353088,0.5157790780067444,0.278089314699173
YLR119W,YPR098C,0,0.15683377,0.1584368348121643,0.5157790780067444,0.27818945050239563
YER154W,YJL062W-A,0,0.15682107,0.15838885307312012,0.5157790780067444,0.2782896161079407
YHR072W-A,YNL122C,0,0.1567995,0.15834090113639832,0.5157790780067444,0.27838975191116333
YLL033W,YMR236W,0,0.1567839,0.1582929790019989,0.5157790780067444,0.278489887714386
YNL001W,YGR027W-A,0,0.15678309,0.15824508666992188,0.5157790780067444,0.27859002351760864
YPR137W,YBR247C,0,0.15677868,0.15819722414016724,0.5157790780067444,0.2786901593208313
YLR441C,YNL268W,0,0.15672666,0.1581493765115738,0.5157790780067444,0.27879029512405396
YMR059W,YGR258C,1,0.15670218,0.15840387344360352,0.516765296459198,0.27879029512405396
YDR381C-A,YBL067C,0,0.15668344,0.15835599601268768,0.516765296459198,0.278890460729599
YHR166C,YHL016C,0,0.15665852,0.15830816328525543,0.516765296459198,0.27899059653282166
YIL070C,YDR320C,0,0.1566173,0.15826034545898438,0.516765296459198,0.2790907323360443
YPR137C-B,YPL083C,1,0.15656857,0.15851449966430664,0.5177514553070068,0.2790907323360443
YGR027W-B,YDL185W,1,0.15652889,0.15876848995685577,0.5187376737594604,0.2790907323360443
YNL336W,YJL151C,0,0.15648982,0.15872058272361755,0.5187376737594604,0.27919086813926697
YLR291C,YOR188W,0,0.15646102,0.15867270529270172,0.5187376737594604,0.2792910039424896
YLR172C,YJL141C,0,0.15641809,0.15862484276294708,0.5187376737594604,0.2793911397457123
YMR078C,YJL192C,0,0.15635926,0.15857702493667603,0.5187376737594604,0.27949127554893494
YHR050W,YNL077W,0,0.15634087,0.15852923691272736,0.5187376737594604,0.27959144115448
YMR116C,YPR186C,0,0.15625842,0.15848146378993988,0.5187376737594604,0.27969157695770264
YDR381C-A,YLR266C,0,0.15624878,0.158433735370636,0.5187376737594604,0.2797917127609253
YJL151C,YGR135W,0,0.15614088,0.1583860218524933,0.5187376737594604,0.27989184856414795
YPL123C,YBR156C,0,0.15612401,0.15833835303783417,0.5187376737594604,0.2799919843673706
YHR214C-B,YDR262W,0,0.15611668,0.15829069912433624,0.5187376737594604,0.28009212017059326
YPL177C,YCR010C,0,0.15587585,0.1582430750131607,0.5187376737594604,0.2801922559738159
YDR270W,YNL078W,0,0.15570141,0.15819549560546875,0.5187376737594604,0.28029242157936096
YPL134C,YNL054W-B,0,0.15569031,0.158147931098938,0.5187376737594604,0.2803925573825836
YIL094C,YOR033C,0,0.1556829,0.15810039639472961,0.5187376737594604,0.2804926931858063
YOR298W,YOR230W,0,0.15568243,0.15805289149284363,0.5187376737594604,0.28059282898902893
YGR106C,YMR214W,0,0.155576,0.15800540149211884,0.5187376737594604,0.2806929647922516
YDR003W,YDL229W,0,0.15536486,0.15795795619487762,0.5187376737594604,0.28079310059547424
YIR002C,YMR112C,0,0.15520573,0.1579105406999588,0.5187376737594604,0.2808932363986969
YGL094C,YLR157C-B,1,0.15498526,0.15816326439380646,0.5197238922119141,0.2808932363986969
YLR396C,YFL034C-A,0,0.15497088,0.15811580419540405,0.5197238922119141,0.28099340200424194
YDL059C,YLR453C,0,0.15491138,0.15806838870048523,0.5197238922119141,0.2810935378074646
YKR101W,YER173W,0,0.15472296,0.1580209881067276,0.5197238922119141,0.28119367361068726
YDR059C,YLR390W,0,0.15469557,0.15797361731529236,0.5197238922119141,0.2812938094139099
YKL092C,YJL209W,0,0.15460393,0.1579262763261795,0.5197238922119141,0.28139394521713257
YEL040W,YOR373W,0,0.15454805,0.15787896513938904,0.5197238922119141,0.2814940810203552
YJR063W,YIL145C,0,0.15448599,0.15783168375492096,0.5197238922119141,0.28159424662590027
YHR176W,YDL085W,0,0.1542818,0.15778443217277527,0.5197238922119141,0.2816943824291229
YDR373W,YPL038W,0,0.15418941,0.15773721039295197,0.5197238922119141,0.2817945182323456
YFL004W,YDR351W,0,0.15409908,0.15769000351428986,0.5197238922119141,0.28189465403556824
YDL159W,YHR216W,0,0.15399997,0.15764284133911133,0.5197238922119141,0.2819947898387909
YKL071W,YPR111W,0,0.15399274,0.157595694065094,0.5197238922119141,0.28209492564201355
YFR006W,YKR014C,0,0.15399233,0.15754857659339905,0.5197238922119141,0.2821950614452362
YMR307W,YJR126C,0,0.15395916,0.1575014889240265,0.5197238922119141,0.28229522705078125
YDR240C,YOR202W,0,0.15393707,0.15745443105697632,0.5197238922119141,0.2823953628540039
YLR410W-B,YNL001W,1,0.15391839,0.1577060967683792,0.5207100510597229,0.2823953628540039
YBR120C,YLL043W,0,0.15384346,0.15765900909900665,0.5207100510597229,0.28249549865722656
YDR079W,YAR015W,0,0.15379909,0.1576119363307953,0.5207100510597229,0.2825956344604492
YKL184W,YKR081C,0,0.15372646,0.1575649082660675,0.5207100510597229,0.2826957702636719
YFR007W,YJL101C,0,0.15367559,0.15751789510250092,0.5207100510597229,0.28279590606689453
YDR126W,YDR186C,0,0.15363997,0.1574709266424179,0.5207100510597229,0.2828960418701172
YOR089C,YJL187C,0,0.15360591,0.1574239730834961,0.5207100510597229,0.28299620747566223
YJR098C,YOR299W,0,0.15359196,0.15737704932689667,0.5207100510597229,0.2830963432788849
YMR262W,YGR158C,1,0.15355194,0.157628133893013,0.5216962695121765,0.2830963432788849
YGR183C,YPR184W,0,0.15354685,0.1575811803340912,0.5216962695121765,0.28319647908210754
YML049C,YEL041W,0,0.15346265,0.15753424167633057,0.5216962695121765,0.2832966148853302
YPL257W-B,YEL041W,0,0.15339607,0.15748734772205353,0.5216962695121765,0.28339675068855286
YMR306W,YFL057C,0,0.15338582,0.15744048357009888,0.5216962695121765,0.2834968864917755
YNL106C,YJL171C,0,0.15333773,0.15739363431930542,0.5216962695121765,0.28359702229499817
YKR001C,YJR036C,0,0.15331551,0.15734681487083435,0.5216962695121765,0.2836971879005432
YOR142W-B,YPR190C,0,0.1531081,0.15730002522468567,0.5216962695121765,0.28379732370376587
YDR381C-A,YIL091C,0,0.1530944,0.15725326538085938,0.5216962695121765,0.2838974595069885
YBR288C,YBR073W,0,0.15292713,0.15720653533935547,0.5216962695121765,0.2839975953102112
YMR116C,YLL042C,0,0.1529006,0.15715983510017395,0.5216962695121765,0.28409773111343384
YPR080W,YKL053C-A,0,0.1528851,0.15711314976215363,0.5216962695121765,0.2841978669166565
YJR010W,YBL027W,0,0.15278037,0.15706650912761688,0.5216962695121765,0.28429800271987915
YBL101W-B,YCL019W,1,0.15271053,0.15731671452522278,0.5226824283599854,0.28429800271987915
YMR083W,YER180C,0,0.15265837,0.15727002918720245,0.5226824283599854,0.2843981683254242
YBL018C,YMR045C,1,0.15265541,0.15752002596855164,0.523668646812439,0.2843981683254242
YDR382W,YIL132C,0,0.1526296,0.15747331082820892,0.523668646812439,0.28449830412864685
YMR024W,YJL100W,0,0.1526072,0.1574266254901886,0.523668646812439,0.2845984399318695
YOL077W-A,YDL180W,0,0.15260561,0.15737996995449066,0.523668646812439,0.28469857573509216
YFR044C,YGL097W,0,0.15260468,0.15733332931995392,0.523668646812439,0.2847987115383148
YJR098C,YNR054C,0,0.15260294,0.15728673338890076,0.523668646812439,0.2848988473415375
YBR125C,YFL041W,0,0.15237528,0.1572401523590088,0.523668646812439,0.2849990129470825
YJL062W-A,YNL147W,0,0.15228066,0.1571936011314392,0.523668646812439,0.2850991487503052
YPR070W,YLR229C,0,0.15215558,0.15714707970619202,0.523668646812439,0.28519928455352783
YNL090W,YMR291W,0,0.15202664,0.1571005880832672,0.523668646812439,0.2852994203567505
YLR221C,YPL257W-A,0,0.15191765,0.1570541262626648,0.523668646812439,0.28539955615997314
YMR012W,YLL061W,0,0.15186659,0.15700769424438477,0.523668646812439,0.2854996919631958
YGR132C,YBL029C-A,0,0.15167843,0.15696127712726593,0.523668646812439,0.28559982776641846
YOR182C,YOR211C,0,0.15165047,0.15691488981246948,0.523668646812439,0.2856999933719635
YLR286C,YDL008W,0,0.15164356,0.15686853229999542,0.523668646812439,0.28580012917518616
YGR287C,YFL013C,0,0.15160756,0.15682220458984375,0.523668646812439,0.2859002649784088
YPR001W,YML005W,0,0.15153813,0.15677590668201447,0.523668646812439,0.28600040078163147
YJL063C,YNR075W,0,0.15150869,0.15672963857650757,0.523668646812439,0.2861005365848541
YLR438C-A,YLL040C,0,0.15148044,0.15668338537216187,0.523668646812439,0.2862006723880768
YOR142W-B,YDL051W,0,0.15133812,0.15663716197013855,0.523668646812439,0.28630080819129944
YMR045C,YDR116C,0,0.15120201,0.15659098327159882,0.523668646812439,0.2864009737968445
YNL159C,YLR035C-A,0,0.15116662,0.15654480457305908,0.523668646812439,0.28650110960006714
YLL052C,YDR031W,0,0.15106061,0.15649867057800293,0.523668646812439,0.2866012454032898
YDR074W,YJR010C-A,0,0.15105587,0.15645256638526917,0.523668646812439,0.28670138120651245
YMR208W,YMR165C,0,0.15104695,0.1564064770936966,0.523668646812439,0.2868015170097351
YOR069W,YOL090W,0,0.15088055,0.1563604176044464,0.523668646812439,0.28690165281295776
YER041W,YML039W,1,0.15087876,0.15660877525806427,0.5246548056602478,0.28690165281295776
YER050C,YML113W,0,0.15084128,0.1565626859664917,0.5246548056602478,0.2870017886161804
YMR013C,YDR233C,0,0.15074852,0.15651662647724152,0.5246548056602478,0.28710195422172546
YBL071W-A,YPL090C,0,0.15067095,0.15647058188915253,0.5246548056602478,0.2872020900249481
YGR281W,YNL274C,0,0.15062422,0.15642458200454712,0.5246548056602478,0.2873022258281708
YGR047C,YDR079C-A,0,0.15058091,0.1563785970211029,0.5246548056602478,0.28740236163139343
YGR252W,YNL027W,0,0.1504882,0.15633264183998108,0.5246548056602478,0.2875024974346161
YOL139C,YMR013C,0,0.15046048,0.15628671646118164,0.5246548056602478,0.28760263323783875
YDR329C,YBR288C,0,0.15043235,0.1562408208847046,0.5246548056602478,0.2877027690410614
YLR307W,YHL019C,0,0.15038192,0.15619495511054993,0.5246548056602478,0.28780293464660645
YMR295C,YBL102W,0,0.15023538,0.15614910423755646,0.5246548056602478,0.2879030704498291
YEL034W,YGR234W,0,0.15015179,0.15610328316688538,0.5246548056602478,0.28800320625305176
YPL064C,YLR441C,0,0.14991242,0.15605749189853668,0.5246548056602478,0.2881033420562744
YGR027W-B,YOR332W,0,0.14981687,0.15601173043251038,0.5246548056602478,0.28820347785949707
YMR179W,YOR010C,0,0.14977136,0.15596599876880646,0.5246548056602478,0.2883036136627197
YBL100W-B,YDR386W,1,0.14973363,0.15621335804462433,0.5256410241127014,0.2883036136627197
YKL053C-A,YDR330W,0,0.1497086,0.15616759657859802,0.5256410241127014,0.28840377926826477
YNL113W,YHR179W,0,0.14964283,0.1561218500137329,0.5256410241127014,0.2885039150714874
YDR060W,YOL045W,0,0.1496405,0.15607613325119019,0.5256410241127014,0.2886040508747101
YHR070W,YDR208W,0,0.14962071,0.15603044629096985,0.5256410241127014,0.28870418667793274
YGL184C,YDL019C,0,0.14952263,0.1559847891330719,0.5256410241127014,0.2888043224811554
YMR056C,YDL239C,0,0.14949007,0.15593914687633514,0.5256410241127014,0.28890445828437805
YGR161W-B,YOR257W,0,0.14943498,0.15589353442192078,0.5256410241127014,0.2890045940876007
YHR030C,YPL181W,0,0.14940855,0.1558479517698288,0.5256410241127014,0.28910475969314575
YHR077C,YBL103C,0,0.14940652,0.1558023989200592,0.5256410241127014,0.2892048954963684
YBR177C,YLR251W,0,0.14939322,0.1557568609714508,0.5256410241127014,0.28930503129959106
YLR066W,YNL014W,0,0.1493803,0.155711367726326,0.5256410241127014,0.2894051671028137
YLR227W-B,YLR059C,1,0.14936319,0.15595793724060059,0.526627242565155,0.2894051671028137
YER160C,YDL147W,0,0.14928755,0.15591241419315338,0.526627242565155,0.2895053029060364
YDR104C,YOL043C,0,0.1491426,0.15586690604686737,0.526627242565155,0.28960543870925903
YOR321W,YDR530C,0,0.14905046,0.15582141280174255,0.526627242565155,0.2897055745124817
YLR145W,YIL082W-A,1,0.14904442,0.15606768429279327,0.5276134014129639,0.2897055745124817
YGR161C-C,YJR140C,0,0.14900453,0.15602216124534607,0.5276134014129639,0.28980574011802673
YGL175C,YGL077C,0,0.1489625,0.15597668290138245,0.5276134014129639,0.2899058759212494
YPR048W,YOL103W,0,0.14895375,0.15593121945858002,0.5276134014129639,0.29000601172447205
YLR325C,YDL239C,0,0.14886141,0.15588578581809998,0.5276134014129639,0.2901061475276947
YJL194W,YDL147W,0,0.14859477,0.15584036707878113,0.5276134014129639,0.29020628333091736
YIL159W,YOR232W,0,0.14857636,0.15579499304294586,0.5276134014129639,0.29030641913414
YJR135W-A,YKL042W,0,0.14855403,0.1557496339082718,0.5276134014129639,0.29040655493736267
YJR063W,YNL250W,1,0.14854848,0.15599533915519714,0.5285996198654175,0.29040655493736267
YPL180W,YDL150W,0,0.1484615,0.15594995021820068,0.5285996198654175,0.2905067205429077
YOR038C,YMR312W,0,0.14838842,0.1559045910835266,0.5285996198654175,0.29060685634613037
YGR124W,YLR308W,0,0.14836201,0.15585926175117493,0.5285996198654175,0.290706992149353
YER125W,YFL057C,0,0.14827377,0.15581394731998444,0.5285996198654175,0.2908071279525757
YOL060C,YGL128C,0,0.14819705,0.15576867759227753,0.5285996198654175,0.29090726375579834
YJL208C,YGR195W,1,0.1479508,0.15601395070552826,0.5295857787132263,0.29090726375579834
YKR002W,YGL141W,0,0.14793582,0.15596863627433777,0.5295857787132263,0.291007399559021
YMR224C,YNL001W,1,0.14792576,0.1562137007713318,0.5305719971656799,0.291007399559021
YML104C,YER124C,0,0.14790052,0.1561683565378189,0.5305719971656799,0.29110756516456604
YER159C-A,YOR173W,0,0.14789888,0.15612304210662842,0.5305719971656799,0.2912077009677887
YNL086W,YHR016C,0,0.14784956,0.15607774257659912,0.5305719971656799,0.29130783677101135
YJL092W,YAR031W,0,0.14783373,0.1560324877500534,0.5305719971656799,0.291407972574234
YNL339C,YBR083W,0,0.14775825,0.15598724782466888,0.5305719971656799,0.29150810837745667
YLR410W-B,YIL142W,0,0.14759994,0.15594202280044556,0.5305719971656799,0.2916082441806793
YIR002C,YNL010W,0,0.14759539,0.1558968424797058,0.5305719971656799,0.291708379983902
YKR056W,YDR034C-D,1,0.14759067,0.15614137053489685,0.5315581560134888,0.291708379983902
YDR003W,YNR073C,0,0.14748499,0.15609614551067352,0.5315581560134888,0.291808545589447
YMR060C,YOR332W,0,0.14732108,0.15605095028877258,0.5315581560134888,0.2919086813926697
YJR027W,YGR095C,1,0.14719349,0.15629522502422333,0.5325443744659424,0.2919086813926697
YLR113W,YLL013C,0,0.14715499,0.15625,0.5325443744659424,0.29200881719589233
YMR137C,YOR142W-B,1,0.14712815,0.15649406611919403,0.533530592918396,0.29200881719589233
YGR195W,YOL142W,1,0.14707448,0.15673799812793732,0.5345167517662048,0.29200881719589233
YBL003C,YLR048W,0,0.14693674,0.15669268369674683,0.5345167517662048,0.292108952999115
YMR272C,YDR119W,0,0.14679387,0.15664739906787872,0.5345167517662048,0.29220908880233765
YLR406C,YLR410W-A,0,0.14674349,0.156602144241333,0.5345167517662048,0.2923092246055603
YHL019C,YJL056C,0,0.1467022,0.1565569043159485,0.5345167517662048,0.29240936040878296
YLL029W,YJL198W,0,0.14670199,0.15651169419288635,0.5345167517662048,0.292509526014328
YNL314W,YKL092C,0,0.14661393,0.1564665138721466,0.5345167517662048,0.29260966181755066
YFR032C-A,YNR001C,0,0.14661318,0.15642136335372925,0.5345167517662048,0.2927097976207733
YDR416W,YNR051C,0,0.1465972,0.15637622773647308,0.5345167517662048,0.29280993342399597
YGL186C,YJR017C,0,0.14656724,0.1563311219215393,0.5345167517662048,0.29291006922721863
YJL052W,YOL093W,0,0.14653157,0.15628604590892792,0.5345167517662048,0.2930102050304413
YDR485C,YDR156W,0,0.14646357,0.15624098479747772,0.5345167517662048,0.29311034083366394
YBR084C-A,YMR173W,0,0.14644971,0.1561959683895111,0.5345167517662048,0.293210506439209
YLR059C,YDR261W-B,1,0.14575689,0.15643906593322754,0.5355029702186584,0.293210506439209
YBR228W,YGL085W,1,0.14569815,0.15668202936649323,0.5364891290664673,0.293210506439209
YPR096C,YOR269W,0,0.14567885,0.15663690865039825,0.5364891290664673,0.29331064224243164
YGL183C,YMR020W,0,0.14563428,0.15659181773662567,0.5364891290664673,0.2934107780456543
YJL209W,YER111C,0,0.14562461,0.15654675662517548,0.5364891290664673,0.29351091384887695
YBL071W-A,YKL101W,0,0.14559667,0.15650172531604767,0.5364891290664673,0.2936110496520996
YGL173C,YGR161C-D,1,0.14556861,0.1567443162202835,0.5374753475189209,0.2936110496520996
YKL011C,YPR158C-D,1,0.14540596,0.1569867730140686,0.5384615659713745,0.2936110496520996
YLR227W-B,YLR105C,1,0.14533782,0.15722909569740295,0.5394477248191833,0.2936110496520996
YGR090W,YCR020W-B,0,0.14525835,0.1571839153766632,0.5394477248191833,0.29371118545532227
YIL009C-A,YHR047C,0,0.14524469,0.15713874995708466,0.5394477248191833,0.2938113212585449
YBL019W,YMR287C,1,0.14507668,0.1573808193206787,0.540433943271637,0.2938113212585449
YJL164C,YCR024C-A,0,0.14506274,0.15733562409877777,0.540433943271637,0.29391148686408997
YOL077W-A,YKL152C,0,0.14504708,0.1572904735803604,0.540433943271637,0.2940116226673126
YOR375C,YOR373W,0,0.14475937,0.15724533796310425,0.540433943271637,0.2941117584705353
YDR349C,YPL162C,0,0.14475583,0.15720023214817047,0.540433943271637,0.29421189427375793
YDL111C,YCL074W,1,0.14468738,0.15744192898273468,0.5414201021194458,0.29421189427375793
YLR143W,YFL002W-A,1,0.14467157,0.15768349170684814,0.5424063205718994,0.29421189427375793
YHR164C,YCR035C,1,0.14463161,0.15792490541934967,0.5433924794197083,0.29421189427375793
YGL184C,YFR046C,0,0.14461623,0.15787965059280396,0.5433924794197083,0.2943120300769806
YCR087C-A,YHR167W,0,0.14458117,0.15783442556858063,0.5433924794197083,0.29441216588020325
YNL241C,YGR034W,0,0.14456642,0.1577892303466797,0.5433924794197083,0.2945123314857483
YKL206C,YNL012W,0,0.14453977,0.15774406492710114,0.5433924794197083,0.29461246728897095
YBR296C,YIL042C,0,0.14452972,0.15769891440868378,0.5433924794197083,0.2947126030921936
YMR239C,YBR012W-B,1,0.14452112,0.15793991088867188,0.5443786978721619,0.2947126030921936
YGL216W,YDR402C,0,0.14445801,0.15789473056793213,0.5443786978721619,0.29481273889541626
YLR452C,YLR064W,0,0.14441524,0.15784958004951477,0.5443786978721619,0.2949128746986389
YMR194W,YNL088W,0,0.14438146,0.1578044593334198,0.5443786978721619,0.2950130105018616
YCR093W,YNL152W,0,0.14434445,0.15775935351848602,0.5443786978721619,0.29511314630508423
YLR165C,YMR224C,0,0.14432839,0.15771429240703583,0.5443786978721619,0.2952133119106293
YDL019C,YER001W,0,0.14426017,0.15766923129558563,0.5443786978721619,0.29531344771385193
YKR068C,YIL134W,0,0.14404398,0.15762421488761902,0.5443786978721619,0.2954135835170746
YJR063W,YOL103W-B,1,0.14401983,0.15786468982696533,0.5453649163246155,0.2954135835170746
YGL055W,YKL148C,0,0.14399046,0.15781962871551514,0.5453649163246155,0.29551371932029724
YMR223W,YKL205W,0,0.14397125,0.15777461230754852,0.5453649163246155,0.2956138551235199
YCR088W,YGR241C,0,0.1439355,0.1577296108007431,0.5453649163246155,0.29571399092674255
YGR221C,YLR163C,0,0.14387968,0.15768462419509888,0.5453649163246155,0.2958141267299652
YGR157W,YLR204W,0,0.14387935,0.15763968229293823,0.5453649163246155,0.29591429233551025
YDR432W,YKL172W,0,0.14377296,0.15759475529193878,0.5453649163246155,0.2960144281387329
YNL302C,YML010W,0,0.14374892,0.15754985809326172,0.5453649163246155,0.29611456394195557
YMR194W,YDR031W,0,0.14361794,0.15750499069690704,0.5453649163246155,0.2962146997451782
YOR198C,YML045W-A,0,0.1436093,0.15746013820171356,0.5453649163246155,0.2963148355484009
YHL013C,YGR087C,0,0.1436081,0.15741531550884247,0.5453649163246155,0.29641497135162354
YHR135C,YOR328W,0,0.14356402,0.15737052261829376,0.5453649163246155,0.2965151071548462
YNL026W,YLR405W,0,0.14347185,0.15732574462890625,0.5453649163246155,0.29661527276039124
YLL042C,YOR237W,0,0.14344431,0.15728099644184113,0.5453649163246155,0.2967154085636139
YBL005W-B,YGL085W,1,0.14329606,0.1575206071138382,0.5463510751724243,0.2967154085636139
YPL213W,YJR159W,0,0.14325048,0.15747584402561188,0.5463510751724243,0.29681554436683655
YJL076W,YPR156C,0,0.14323851,0.15743108093738556,0.5463510751724243,0.2969156801700592
YDL226C,YPL008W,0,0.14305894,0.15738636255264282,0.5463510751724243,0.29701581597328186
YKL154W,YPL074W,0,0.14304881,0.15734165906906128,0.5463510751724243,0.2971159517765045
YEL055C,YLR274W,0,0.14303915,0.15729698538780212,0.5463510751724243,0.29721611738204956
YLR332W,YOL075C,0,0.1430152,0.15725234150886536,0.5463510751724243,0.2973162531852722
YLR096W,YBR238C,0,0.14301136,0.15720771253108978,0.5463510751724243,0.2974163889884949
YHR147C,YDL142C,0,0.14300513,0.1571631133556366,0.5463510751724243,0.29751652479171753
YCR093W,YOR338W,0,0.14293143,0.1571185439825058,0.5463510751724243,0.2976166605949402
YGL094C,YDL227C,1,0.14289872,0.15735752880573273,0.5473372936248779,0.2976166605949402
YMR059W,YNL001W,1,0.14283721,0.15759636461734772,0.5483234524726868,0.2976166605949402
YMR052W,YLL062C,0,0.14281851,0.15755172073841095,0.5483234524726868,0.29771679639816284
YDR484W,YER138C,0,0.142762,0.15750707685947418,0.5483234524726868,0.2978169322013855
YKL139W,YJL101C,0,0.14255029,0.157462477684021,0.5483234524726868,0.29791709780693054
YOR192C-B,YNL049C,0,0.14252163,0.157417893409729,0.5483234524726868,0.2980172336101532
YPR152C,YJL019W,0,0.14245242,0.1573733389377594,0.5483234524726868,0.29811736941337585
YLR078C,YMR296C,0,0.1424231,0.157328799366951,0.5483234524726868,0.2982175052165985
YOR008C,YNL224C,0,0.14241627,0.15728430449962616,0.5483234524726868,0.29831764101982117
YOR374W,YMR233W,0,0.14238398,0.15723982453346252,0.5483234524726868,0.2984177768230438
YPR152C,YMR282C,0,0.14237732,0.15719535946846008,0.5483234524726868,0.2985179126262665
YLR433C,YKL120W,0,0.14230724,0.15715093910694122,0.5483234524726868,0.2986180782318115
YHR001W,YGR032W,0,0.14224648,0.15710653364658356,0.5483234524726868,0.2987182140350342
YGR188C,YIL047C,0,0.1421977,0.15706214308738708,0.5483234524726868,0.29881834983825684
YJL073W,YGL173C,0,0.14215511,0.1570177972316742,0.5483234524726868,0.2989184856414795
YMR307W,YKL179C,0,0.14213285,0.1569734662771225,0.5483234524726868,0.29901862144470215
YPL112C,YPR132W,0,0.14205247,0.156929150223732,0.5483234524726868,0.2991187572479248
YDL056W,YML116W,0,0.14200887,0.15688487887382507,0.5483234524726868,0.29921889305114746
YGL029W,YFL002C,0,0.14199707,0.15684062242507935,0.5483234524726868,0.2993190586566925
YMR024W,YHR164C,1,0.14199,0.15707840025424957,0.5493096709251404,0.2993190586566925
YDR006C,YOR142W-A,0,0.14196497,0.15703411400318146,0.5493096709251404,0.29941919445991516
YOR242C,YJL028W,0,0.14194828,0.15698985755443573,0.5493096709251404,0.2995193302631378
YPL079W,YLL013C,0,0.14191549,0.1569456160068512,0.5493096709251404,0.2996194660663605
YDL024C,YGL241W,0,0.14190605,0.15690140426158905,0.5493096709251404,0.29971960186958313
YLR430W,YOL042W,1,0.14187795,0.15713883936405182,0.5502958297729492,0.29971960186958313
YDR261W-B,YPL143W,0,0.14184938,0.15709459781646729,0.5502958297729492,0.2998197376728058
YGL166W,YBR185C,0,0.14178106,0.15705038607120514,0.5502958297729492,0.29991987347602844
YGL237C,YGL084C,0,0.1417284,0.1570061892271042,0.5502958297729492,0.3000200390815735
YNL070W,YLL009C,0,0.14171875,0.15696202218532562,0.5502958297729492,0.30012017488479614
YPL123C,YLR312W-A,1,0.14165607,0.15719909965991974,0.5512820482254028,0.30012017488479614
YBR048W,YLR410W-B,0,0.14157763,0.1571549028158188,0.5512820482254028,0.3002203106880188
YDL121C,YOR039W,0,0.14156446,0.15711073577404022,0.5512820482254028,0.30032044649124146
YPL064C,YGR088W,0,0.1414843,0.15706659853458405,0.5512820482254028,0.3004205822944641
YGR249W,YDR408C,0,0.14148328,0.15702247619628906,0.5512820482254028,0.30052071809768677
YGR047C,YML074C,0,0.14137733,0.15697838366031647,0.5512820482254028,0.3006208837032318
YDR365W-B,YER041W,1,0.14131378,0.15721504390239716,0.5522682666778564,0.3006208837032318
YPL230W,YGR240C,0,0.141215,0.15717092156410217,0.5522682666778564,0.30072101950645447
YDR488C,YOR298W,0,0.14120406,0.15712682902812958,0.5522682666778564,0.3008211553096771
YDL102W,YKL025C,1,0.14113098,0.15736325085163116,0.5532544255256653,0.3008211553096771
YIL070C,YHR176W,0,0.14109896,0.15731912851333618,0.5532544255256653,0.3009212911128998
YLL005C,YBR026C,0,0.14107934,0.1572750210762024,0.5532544255256653,0.30102142691612244
YPR164W,YGR109W-B,0,0.1410782,0.157230943441391,0.5532544255256653,0.3011215627193451
YBR261C,YOL077W-A,0,0.14107665,0.15718688070774078,0.5532544255256653,0.30122169852256775
YER111C,YNL236W,0,0.14103118,0.15714286267757416,0.5532544255256653,0.3013218641281128
YNR002C,YBR267W,0,0.14093174,0.15709884464740753,0.5532544255256653,0.30142199993133545
YJL095W,YGL103W,0,0.14083011,0.1570548713207245,0.5532544255256653,0.3015221357345581
YLL017W,YDR408C,0,0.1407148,0.15701091289520264,0.5532544255256653,0.30162227153778076
YJL151C,YLR275W,0,0.14066717,0.15696698427200317,0.5532544255256653,0.3017224073410034
YMR047C,YHL007C,0,0.1405878,0.1569230705499649,0.5532544255256653,0.3018225431442261
YDR508C,YLR034C,0,0.14057483,0.15687920153141022,0.5532544255256653,0.30192267894744873
YPR035W,YCR077C,0,0.14048585,0.15683533251285553,0.5532544255256653,0.3020228445529938
YOL007C,YCL038C,0,0.14046112,0.15679150819778442,0.5532544255256653,0.30212298035621643
YER050C,YOR057W,0,0.14043678,0.1567476987838745,0.5532544255256653,0.3022231161594391
YDR293C,YJL087C,1,0.14005315,0.15698324143886566,0.5542406439781189,0.3022231161594391
YCL014W,YML106W,0,0.14000323,0.15693940222263336,0.5542406439781189,0.30232325196266174
YDR210W-B,YDL136W,0,0.13998038,0.15689559280872345,0.5542406439781189,0.3024233877658844
YPL101W,YNL134C,0,0.13995191,0.15685179829597473,0.5542406439781189,0.30252352356910706
YGR059W,YGL150C,0,0.13984741,0.1568080335855484,0.5542406439781189,0.3026236593723297
YPR152C,YLR204W,0,0.13977283,0.15676429867744446,0.5542406439781189,0.30272382497787476
YER058W,YOR255W,0,0.1397421,0.1567205786705017,0.5542406439781189,0.3028239607810974
YLR105C,YPR158W-B,1,0.13966805,0.15695567429065704,0.5552268028259277,0.3028239607810974
YPR082C,YLR084C,0,0.13959053,0.1569119244813919,0.5552268028259277,0.30292409658432007
YGR282C,YGR143W,0,0.139335,0.15686820447444916,0.5552268028259277,0.3030242323875427
YJL145W,YLR032W,0,0.13932598,0.1568245142698288,0.5552268028259277,0.3031243681907654
YOR142W-B,YML125C,0,0.13930383,0.15678083896636963,0.5552268028259277,0.30322450399398804
YJR007W,YDR173C,0,0.13927947,0.15673719346523285,0.5552268028259277,0.3033246397972107
YNL322C,YDL216C,0,0.13923946,0.15669357776641846,0.5552268028259277,0.30342480540275574
YOR064C,YEL022W,0,0.13902053,0.15664997696876526,0.5552268028259277,0.3035249412059784
YKR013W,YHR099W,0,0.13882208,0.15660639107227325,0.5552268028259277,0.30362507700920105
YDR037W,YLR206W,0,0.13865632,0.15656284987926483,0.5552268028259277,0.3037252128124237
YDL246C,YOL102C,0,0.13861693,0.1565193235874176,0.5552268028259277,0.30382534861564636
YGR256W,YHL008C,0,0.1384524,0.15647582709789276,0.5552268028259277,0.303925484418869
YEL056W,YLR130C,0,0.1383727,0.1564323455095291,0.5552268028259277,0.30402565002441406
YER025W,YJL156C,0,0.13835329,0.15638889372348785,0.5552268028259277,0.3041257858276367
YOL148C,YPL276W,0,0.13820215,0.1563454568386078,0.5552268028259277,0.3042259216308594
YER169W,YOR242C,0,0.13811827,0.1563020497560501,0.5552268028259277,0.30432605743408203
YKL168C,YPL091W,0,0.13805136,0.15625867247581482,0.5552268028259277,0.3044261932373047
YDR373W,YDL022W,0,0.13799918,0.15621531009674072,0.5552268028259277,0.30452632904052734
YOR192C-B,YBR167C,1,0.13799374,0.15644937753677368,0.5562130212783813,0.30452632904052734
YDR073W,YBL005W-B,0,0.13796222,0.1564059853553772,0.5562130212783813,0.30462646484375
YKR001C,YPR030W,0,0.1378021,0.1563626229763031,0.5562130212783813,0.30472663044929504
YLR312W-A,YLR157C-B,1,0.13767442,0.15659645199775696,0.557199239730835,0.30472663044929504
YDL084W,YBR019C,0,0.13763222,0.15655305981636047,0.557199239730835,0.3048267662525177
YHR207C,YKR101W,0,0.13755539,0.15650969743728638,0.557199239730835,0.30492690205574036
YDR326C,YCR024C-A,0,0.13754867,0.15646634995937347,0.557199239730835,0.305027037858963
YCR102C,YGR214W,0,0.13752052,0.15642303228378296,0.557199239730835,0.30512717366218567
YDR014W,YHL001W,0,0.13740633,0.15637974441051483,0.557199239730835,0.3052273094654083
YOL091W,YLR406C,0,0.13731574,0.1563364714384079,0.557199239730835,0.305327445268631
YAL032C,YBL002W,0,0.13727897,0.15629322826862335,0.557199239730835,0.305427610874176
YDR088C,YPL068C,0,0.13723142,0.15625,0.557199239730835,0.3055277466773987
YHR140W,YPL246C,0,0.13721856,0.15620680153369904,0.557199239730835,0.30562788248062134
YDR248C,YML113W,0,0.13710906,0.15616363286972046,0.557199239730835,0.305728018283844
YMR054W,YMR098C,0,0.13706458,0.15612047910690308,0.557199239730835,0.30582815408706665
YGL112C,YOR092W,0,0.13698044,0.15607735514640808,0.557199239730835,0.3059282898902893
YEL026W,YOR265W,0,0.13696566,0.15603424608707428,0.557199239730835,0.30602842569351196
YNL001W,YLR157C-B,1,0.1368771,0.15626725554466248,0.5581853985786438,0.30602842569351196
YHR047C,YJR113C,0,0.13686877,0.1562241166830063,0.5581853985786438,0.306128591299057
YGR145W,YER012W,0,0.1368253,0.15618102252483368,0.5581853985786438,0.30622872710227966
YBL100W-B,YJL113W,1,0.13672085,0.15641379356384277,0.5591716170310974,0.30622872710227966
YGR184C,YGL090W,0,0.13655138,0.15637065470218658,0.5591716170310974,0.3063288629055023
YBR139W,YLR390W,0,0.13649759,0.15632754564285278,0.5591716170310974,0.306428998708725
YMR024W,YGR261C,0,0.13635752,0.15628445148468018,0.5591716170310974,0.30652913451194763
YMR306W,YPR178W,0,0.13632531,0.15624138712882996,0.5591716170310974,0.3066292703151703
YGL100W,YOR224C,0,0.13629408,0.15619835257530212,0.5591716170310974,0.30672943592071533
YOR287C,YPL258C,0,0.1362131,0.15615533292293549,0.5591716170310974,0.306829571723938
YML038C,YHL012W,0,0.13617203,0.15611232817173004,0.5591716170310974,0.30692970752716064
YDL099W,YMR179W,0,0.1361708,0.15606936812400818,0.5591716170310974,0.3070298433303833
YMR146C,YPL186C,0,0.13612325,0.1560264229774475,0.5591716170310974,0.30712997913360596
YOL145C,YDR288W,0,0.13610041,0.15598349273204803,0.5591716170310974,0.3072301149368286
YPR192W,YPL003W,0,0.13602962,0.15594059228897095,0.5591716170310974,0.30733025074005127
YPL091W,YHR066W,0,0.13591668,0.15589772164821625,0.5591716170310974,0.3074304163455963
YAL044C,YML124C,0,0.13579041,0.15585486590862274,0.5591716170310974,0.30753055214881897
YOL065C,YDR237W,0,0.13577893,0.15581203997135162,0.5591716170310974,0.3076306879520416
YCR079W,YBR122C,0,0.13575387,0.1557692289352417,0.5591716170310974,0.3077308237552643
YDR338C,YNL311C,0,0.1357529,0.15572644770145416,0.5591716170310974,0.30783095955848694
YGL169W,YJR014W,0,0.1356992,0.155683696269989,0.5591716170310974,0.3079310953617096
YMR011W,YHR052W,0,0.1355384,0.15564095973968506,0.5591716170310974,0.30803123116493225
YPR160W,YPR149W,0,0.13546905,0.1555982381105423,0.5591716170310974,0.3081313967704773
YJL122W,YFL034C-B,0,0.1354332,0.15555556118488312,0.5591716170310974,0.30823153257369995
YKL038W,YHR176W,0,0.13538116,0.15551288425922394,0.5591716170310974,0.3083316683769226
YDL128W,YNL003C,0,0.1353404,0.15547025203704834,0.5591716170310974,0.30843180418014526
YPR035W,YHR172W,0,0.13519153,0.15542763471603394,0.5591716170310974,0.3085319399833679
YDR447C,YPR152C,0,0.13508749,0.15538503229618073,0.5591716170310974,0.3086320757865906
YJR101W,YKR022C,0,0.1350688,0.1553424596786499,0.5591716170310974,0.30873221158981323
YPL024W,YOL052C,0,0.13504249,0.15529991686344147,0.5591716170310974,0.3088323771953583
YHL008C,YJR147W,0,0.13498308,0.15525738894939423,0.5591716170310974,0.30893251299858093
YDR221W,YLL034C,0,0.13491733,0.15521489083766937,0.5591716170310974,0.3090326488018036
YGR191W,YPR113W,0,0.13491645,0.1551724076271057,0.5591716170310974,0.30913278460502625
YHL034C,YIL121W,0,0.13488673,0.15512995421886444,0.5591716170310974,0.3092329204082489
YBR275C,YOL089C,0,0.13485368,0.15508753061294556,0.5591716170310974,0.30933305621147156
YJL066C,YPR133W-A,0,0.13481568,0.15504512190818787,0.5591716170310974,0.3094331920146942
YJL010C,YER070W,0,0.13480936,0.15500272810459137,0.5591716170310974,0.30953335762023926
YIL140W,YNR075W,0,0.13467896,0.15496037900447845,0.5591716170310974,0.3096334934234619
YMR117C,YEL036C,0,0.13456501,0.15491802990436554,0.5591716170310974,0.30973362922668457
YMR004W,YER073W,0,0.1344794,0.154875710606575,0.5591716170310974,0.3098337650299072
YGR152C,YGL179C,0,0.13438925,0.15483342111110687,0.5591716170310974,0.3099339008331299
YLR357W,YNL197C,0,0.13438168,0.15479116141796112,0.5591716170310974,0.31003403663635254
YIR028W,YEL013W,0,0.13432531,0.15474890172481537,0.5591716170310974,0.3101342022418976
YDR093W,YJR125C,0,0.13422541,0.1547066867351532,0.5591716170310974,0.31023433804512024
YJR145C,YDL132W,0,0.1340968,0.15466448664665222,0.5591716170310974,0.3103344738483429
YLL005C,YOR144C,0,0.13401474,0.15462230145931244,0.5591716170310974,0.31043460965156555
YER148W,YDR090C,0,0.13397478,0.15458014607429504,0.5591716170310974,0.3105347454547882
YGL134W,YPL211W,0,0.13395269,0.15453802049160004,0.5591716170310974,0.31063488125801086
YPL249C-A,YDL028C,0,0.13393535,0.15449590981006622,0.5591716170310974,0.3107350170612335
YOR389W,YML028W,0,0.13382444,0.1544538289308548,0.5591716170310974,0.31083518266677856
YML022W,YBR024W,0,0.13382417,0.15441176295280457,0.5591716170310974,0.3109353184700012
YOL077W-A,YAL005C,0,0.13376981,0.15436972677707672,0.5591716170310974,0.3110354542732239
YOR066W,YDR332W,0,0.13376755,0.15432770550251007,0.5591716170310974,0.31113559007644653
YBR004C,YPL119C,0,0.13360344,0.1542857140302658,0.5591716170310974,0.3112357258796692
YIL073C,YGR026W,0,0.13352117,0.15424373745918274,0.5591716170310974,0.31133586168289185
YFL002W-A,YML081C-A,0,0.13350299,0.15420179069042206,0.5591716170310974,0.3114359974861145
YKL179C,YEL056W,0,0.13340577,0.15415987372398376,0.5591716170310974,0.31153616309165955
YIL133C,YJR010C-A,0,0.13339251,0.15411797165870667,0.5591716170310974,0.3116362988948822
YGR158C,YGL209W,0,0.13338593,0.15407608449459076,0.5591716170310974,0.31173643469810486
YAL043C,YPR052C,0,0.1332758,0.15403422713279724,0.5591716170310974,0.3118365705013275
YLL042C,YLR314C,0,0.13300277,0.1539923995733261,0.5591716170310974,0.31193670630455017
YDR415C,YPR018W,0,0.13299093,0.15395058691501617,0.5591716170310974,0.3120368421077728
YPL174C,YOL077C,0,0.13296795,0.15390878915786743,0.5591716170310974,0.3121369779109955
YBR120C,YAL031C,0,0.13286246,0.15386702120304108,0.5591716170310974,0.3122371435165405
YDL021W,YNL327W,0,0.13284343,0.1538252830505371,0.5591716170310974,0.3123372793197632
YER157W,YOR313C,0,0.13263129,0.15378355979919434,0.5591716170310974,0.31243741512298584
YMR210W,YER106W,0,0.13257152,0.15374186635017395,0.5591716170310974,0.3125375509262085
YGL223C,YER014C-A,0,0.13254079,0.15370018780231476,0.5591716170310974,0.31263768672943115
YNL258C,YBL039C,0,0.13245174,0.15365853905677795,0.5591716170310974,0.3127378225326538
YIL009C-A,YLR306W,0,0.13243939,0.15361690521240234,0.5591716170310974,0.31283795833587646
YPL106C,YKL046C,0,0.13241106,0.15357530117034912,0.5591716170310974,0.3129381239414215
YGR054W,YOR140W,0,0.1323605,0.1535337120294571,0.5591716170310974,0.31303825974464417
YOR115C,YOR120W,0,0.13212924,0.15349215269088745,0.5591716170310974,0.3131383955478668
YPR158C-D,YMR137C,1,0.13211182,0.15372124314308167,0.5601577758789062,0.3131383955478668
YKL084W,YGR086C,0,0.13208164,0.15367965400218964,0.5601577758789062,0.3132385313510895
YDR334W,YKR080W,0,0.13195388,0.1536380797624588,0.5601577758789062,0.31333866715431213
YDL045C,YPL196W,0,0.13188711,0.15359653532505035,0.5601577758789062,0.3134388029575348
YCR040W,YMR289W,0,0.13185067,0.1535550206899643,0.5601577758789062,0.31353896856307983
YCR039C,YER190W,0,0.13178432,0.15351352095603943,0.5601577758789062,0.3136391043663025
YLR316C,YER087C-B,0,0.13173579,0.15347203612327576,0.5601577758789062,0.31373924016952515
YKL049C,YLR204W,0,0.13170607,0.15343058109283447,0.5601577758789062,0.3138393759727478
YHL009W-A,YHR063C,0,0.13164383,0.15338914096355438,0.5601577758789062,0.31393951177597046
YPR049C,YOL034W,0,0.1315998,0.15334773063659668,0.5601577758789062,0.3140396475791931
YNL166C,YKL154W,0,0.13133696,0.15330635011196136,0.5601577758789062,0.31413978338241577
YDR423C,YPR171W,0,0.13132656,0.15326496958732605,0.5601577758789062,0.3142399489879608
YPR192W,YLR212C,0,0.13119254,0.15322363376617432,0.5601577758789062,0.31434008479118347
YNL290W,YHL047C,0,0.1310901,0.15318231284618378,0.5601577758789062,0.31444022059440613
YEL062W,YGL128C,0,0.13108411,0.15314100682735443,0.5601577758789062,0.3145403563976288
YLR321C,YPL159C,0,0.13105729,0.15309973061084747,0.5601577758789062,0.31464049220085144
YIR013C,YFL057C,0,0.13105533,0.1530584692955017,0.5601577758789062,0.3147406280040741
YLL041C,YGL227W,0,0.13105339,0.15301723778247833,0.5601577758789062,0.31484076380729675
YOR198C,YER012W,0,0.13081172,0.15297603607177734,0.5601577758789062,0.3149409294128418
YFR018C,YLR439W,0,0.13078552,0.15293483436107635,0.5601577758789062,0.31504106521606445
YBL017C,YFL016C,0,0.13044539,0.15289367735385895,0.5601577758789062,0.3151412010192871
YOR074C,YLR336C,0,0.13039193,0.15285253524780273,0.5601577758789062,0.31524133682250977
YER151C,YLR081W,0,0.1303798,0.15281140804290771,0.5601577758789062,0.3153414726257324
YNR052C,YDR098C-B,1,0.13028038,0.15303926169872284,0.5611439943313599,0.3153414726257324
YOR167C,YDL028C,0,0.13026603,0.15299811959266663,0.5611439943313599,0.3154416084289551
YIL133C,YLR356W,0,0.13025889,0.1529569923877716,0.5611439943313599,0.31554174423217773
YLR438C-A,YJL129C,0,0.13022812,0.15291588008403778,0.5611439943313599,0.3156419098377228
YKL049C,YOR291W,0,0.13015893,0.15287479758262634,0.5611439943313599,0.31574204564094543
YNL064C,YDR221W,0,0.13009007,0.1528337299823761,0.5611439943313599,0.3158421814441681
YBR058C-A,YGR059W,0,0.1300861,0.15279269218444824,0.5611439943313599,0.31594231724739075
YER048C,YHR115C,0,0.1297736,0.15275168418884277,0.5611439943313599,0.3160424530506134
YML048W,YHR045W,0,0.1297687,0.1527106761932373,0.5611439943313599,0.31614258885383606
YPR024W,YMR204C,0,0.12976468,0.15266971290111542,0.5611439943313599,0.3162427544593811
YJL209W,YGR234W,0,0.12970792,0.15262874960899353,0.5611439943313599,0.31634289026260376
YOR058C,YBL042C,0,0.12970132,0.15258783102035522,0.5611439943313599,0.3164430260658264
YJR019C,YNL274C,0,0.12963477,0.15254691243171692,0.5611439943313599,0.3165431618690491
YOR173W,YLR383W,0,0.12961909,0.152506023645401,0.5611439943313599,0.31664329767227173
YMR037C,YGL125W,0,0.12958339,0.15246516466140747,0.5611439943313599,0.3167434334754944
YML081C-A,YKL012W,0,0.12928773,0.15242432057857513,0.5611439943313599,0.31684356927871704
YIL066C,YPR189W,0,0.1292712,0.15238350629806519,0.5611439943313599,0.3169437348842621
YCR089W,YMR116C,0,0.12926328,0.15234270691871643,0.5611439943313599,0.31704387068748474
YJL030W,YML010W,0,0.12923975,0.15230192244052887,0.5611439943313599,0.3171440064907074
YNL238W,YAL063C,0,0.12922022,0.1522611677646637,0.5611439943313599,0.31724414229393005
YOR391C,YPL188W,0,0.1292182,0.1522204428911209,0.5611439943313599,0.3173442780971527
YOR346W,YIR038C,0,0.12920433,0.15217973291873932,0.5611439943313599,0.31744441390037537
YJL140W,YML012W,0,0.12917505,0.15213903784751892,0.5611439943313599,0.317544549703598
YMR306W,YDL047W,0,0.12913913,0.1520983725786209,0.5611439943313599,0.31764471530914307
YDR134C,YHR086W,0,0.12911469,0.1520577222108841,0.5611439943313599,0.3177448511123657
YGL207W,YOL149W,0,0.12908894,0.15201710164546967,0.5611439943313599,0.3178449869155884
YOR014W,YIL083C,0,0.12905411,0.15197649598121643,0.5611439943313599,0.31794512271881104
YHL024W,YPL144W,0,0.12892142,0.15193592011928558,0.5611439943313599,0.3180452585220337
YKL179C,YDR022C,0,0.12891805,0.15189535915851593,0.5611439943313599,0.31814539432525635
YIL170W,YBR041W,0,0.12864056,0.15185481309890747,0.5611439943313599,0.318245530128479
YOR310C,YKL007W,0,0.12860823,0.1518142968416214,0.5611439943313599,0.31834569573402405
YDR425W,YLR425W,0,0.12858817,0.15177381038665771,0.5611439943313599,0.3184458315372467
YKR050W,YFL022C,0,0.12854938,0.15173333883285522,0.5611439943313599,0.31854596734046936
YAL032C,YBL016W,0,0.1285325,0.15169288218021393,0.5611439943313599,0.318646103143692
YOR209C,YJR090C,0,0.12847781,0.15165245532989502,0.5611439943313599,0.3187462389469147
YLR262C,YGR143W,0,0.12839958,0.1516120433807373,0.5611439943313599,0.31884637475013733
YCL004W,YDR341C,0,0.1282472,0.15157166123390198,0.5611439943313599,0.31894651055336
YML118W,YER160C,1,0.12822355,0.1517976075410843,0.5621301531791687,0.31894651055336
YDR013W,YML063W,0,0.12817807,0.15175719559192657,0.5621301531791687,0.31904667615890503
YDR194C,YOR367W,0,0.12817688,0.15171679854393005,0.5621301531791687,0.3191468119621277
YGL022W,YHR029C,0,0.12817258,0.15167641639709473,0.5621301531791687,0.31924694776535034
YPR023C,YNL230C,0,0.12800652,0.15163607895374298,0.5621301531791687,0.319347083568573
YHL018W,YBR286W,0,0.12797713,0.15159574151039124,0.5621301531791687,0.31944721937179565
YBR183W,YDL109C,0,0.12795237,0.15155543386936188,0.5621301531791687,0.3195473551750183
YIR028W,YML121W,0,0.12793046,0.1515151560306549,0.5621301531791687,0.31964752078056335
YJR066W,YKR092C,0,0.1278505,0.15147489309310913,0.5621301531791687,0.319747656583786
YNR070W,YLL013C,0,0.12784974,0.15143464505672455,0.5621301531791687,0.31984779238700867
YBR257W,YER142C,1,0.1278185,0.1516600251197815,0.5631163716316223,0.31984779238700867
YCR068W,YDL069C,0,0.12781227,0.15161976218223572,0.5631163716316223,0.3199479281902313
YOL043C,YPL086C,0,0.1277517,0.15157949924468994,0.5631163716316223,0.320048063993454
YDL161W,YCL024W,0,0.1277465,0.15153928101062775,0.5631163716316223,0.32014819979667664
YLR394W,YER174C,0,0.12766135,0.15149907767772675,0.5631163716316223,0.3202483355998993
YOR317W,YKL034W,0,0.12759897,0.15145888924598694,0.5631163716316223,0.32034850120544434
YGL245W,YPL031C,0,0.12746033,0.15141871571540833,0.5631163716316223,0.320448637008667
YJL052W,YER048C,0,0.1273526,0.1513785719871521,0.5631163716316223,0.32054877281188965
YLR332W,YOR155C,0,0.12735116,0.15133845806121826,0.5631163716316223,0.3206489086151123
YPL089C,YDL245C,0,0.12719466,0.15129835903644562,0.5631163716316223,0.32074904441833496
YPL060C-A,YHR086W,0,0.12708718,0.15125827491283417,0.5631163716316223,0.3208491802215576
YPR083W,YAR007C,0,0.12708707,0.1512182205915451,0.5631163716316223,0.3209493160247803
YHR066W,YHR172W,0,0.12706745,0.15117818117141724,0.5631163716316223,0.3210494816303253
YIL070C,YOR017W,0,0.12687105,0.15113817155361176,0.5631163716316223,0.321149617433548
YGR109W-B,YDL212W,0,0.12686324,0.15109817683696747,0.5631163716316223,0.32124975323677063
YOR085W,YDR099W,0,0.12671867,0.15105819702148438,0.5631163716316223,0.3213498890399933
YOR159C,YBL027W,0,0.12666963,0.15101824700832367,0.5631163716316223,0.32145002484321594
YOR171C,YBR273C,0,0.12662792,0.15097831189632416,0.5631163716316223,0.3215501606464386
YMR038C,YIL063C,0,0.12661618,0.15093840658664703,0.5631163716316223,0.32165029644966125
YOL120C,YBL069W,0,0.12645778,0.1508985161781311,0.5631163716316223,0.3217504620552063
YDR166C,YPL143W,0,0.12644258,0.15085865557193756,0.5631163716316223,0.32185059785842896
YDL194W,YNL242W,0,0.1263946,0.1508188098669052,0.5631163716316223,0.3219507336616516
YBL004W,YGR186W,0,0.12620984,0.15077897906303406,0.5631163716316223,0.32205086946487427
YCR094W,YHR109W,0,0.12615061,0.1507391780614853,0.5631163716316223,0.3221510052680969
YOL003C,YJR010C-A,0,0.1261053,0.15069939196109772,0.5631163716316223,0.3222511410713196
YJR068W,YIR003W,0,0.12597574,0.15065963566303253,0.5631163716316223,0.3223513066768646
YPL060C-A,YPR187W,0,0.12595356,0.15061989426612854,0.5631163716316223,0.3224514424800873
YDR090C,YLR050C,0,0.12584984,0.15058016777038574,0.5631163716316223,0.32255157828330994
YDL136W,YLR356W,0,0.1258488,0.15054047107696533,0.5631163716316223,0.3226517140865326
YGL094C,YJL208C,1,0.12583771,0.1507643610239029,0.5641025900840759,0.3226517140865326
YHL020C,YGL062W,0,0.12580466,0.1507246345281601,0.5641025900840759,0.32275184988975525
YDR166C,YDL121C,0,0.12576216,0.15068493783473969,0.5641025900840759,0.3228519856929779
YBR058C-A,YJL014W,0,0.12574907,0.15064524114131927,0.5641025900840759,0.32295212149620056
YOL004W,YIR005W,0,0.12568398,0.15060558915138245,0.5641025900840759,0.3230522871017456
YLR265C,YBR282W,0,0.1256703,0.15056593716144562,0.5641025900840759,0.32315242290496826
YAL055W,YGL253W,0,0.12566462,0.15052631497383118,0.5641025900840759,0.3232525587081909
YKL189W,YMR123W,0,0.12564173,0.15048670768737793,0.5641025900840759,0.3233526945114136
YDR238C,YMR263W,0,0.12560597,0.15044713020324707,0.5641025900840759,0.32345283031463623
YAL003W,YAL021C,0,0.12556794,0.1504075676202774,0.5641025900840759,0.3235529661178589
YKL027W,YAL061W,0,0.12546992,0.15036803483963013,0.5641025900840759,0.32365310192108154
YOR159C,YBL050W,0,0.12511887,0.15032851696014404,0.5641025900840759,0.3237532675266266
YDR534C,YHR098C,0,0.12493123,0.15028901398181915,0.5641025900840759,0.32385340332984924
YER013W,YMR142C,0,0.124887764,0.15024954080581665,0.5641025900840759,0.3239535391330719
YBR066C,YBR156C,0,0.124836996,0.15021008253097534,0.5641025900840759,0.32405367493629456
YDL159W,YGR052W,0,0.12480146,0.15017065405845642,0.5641025900840759,0.3241538107395172
YDR131C,YEL059C-A,0,0.12477094,0.1501312404870987,0.5641025900840759,0.32425394654273987
YLL061W,YKL171W,0,0.124626756,0.15009184181690216,0.5641025900840759,0.3243540823459625
YML074C,YBR161W,0,0.12456323,0.15005247294902802,0.5641025900840759,0.32445424795150757
YIL067C,YAR050W,0,0.12456238,0.15001311898231506,0.5641025900840759,0.3245543837547302
YGL205W,YML129C,0,0.12437259,0.1499737799167633,0.5641025900840759,0.3246545195579529
YMR143W,YGR220C,0,0.124275625,0.14993447065353394,0.5641025900840759,0.32475465536117554
YIL079C,YNL061W,0,0.1242709,0.14989517629146576,0.5641025900840759,0.3248547911643982
YLR066W,YIL127C,0,0.12420152,0.14985591173171997,0.5641025900840759,0.32495492696762085
YNR044W,YJL101C,0,0.12419991,0.14981666207313538,0.5641025900840759,0.3250550627708435
YPR158C-D,YKL203C,0,0.124139786,0.14977742731571198,0.5641025900840759,0.32515522837638855
YNL101W,YGR087C,0,0.12396358,0.14973822236061096,0.5641025900840759,0.3252553641796112
YHL007C,YDL132W,0,0.12383035,0.14969903230667114,0.5641025900840759,0.32535549998283386
YDR394W,YBR072W,0,0.12377155,0.14965985715389252,0.5641025900840759,0.3254556357860565
YBR041W,YLR128W,0,0.123716846,0.14962071180343628,0.5641025900840759,0.3255557715892792
YDR207C,YGL128C,0,0.12370244,0.14958159625530243,0.5641025900840759,0.32565590739250183
YOR355W,YBR203W,0,0.12367575,0.14954248070716858,0.5641025900840759,0.3257560729980469
YER089C,YEL043W,0,0.123674154,0.14950339496135712,0.5641025900840759,0.32585620880126953
YOL109W,YGL150C,0,0.1236147,0.14946433901786804,0.5641025900840759,0.3259563446044922
YGL033W,YDR173C,0,0.123590454,0.14942528307437897,0.5641025900840759,0.32605648040771484
YDR167W,YOR285W,0,0.12355225,0.14938625693321228,0.5641025900840759,0.3261566162109375
YGR281W,YNR016C,0,0.123514205,0.14934726059436798,0.5641025900840759,0.32625675201416016
YKL181W,YMR280C,0,0.123439476,0.14930827915668488,0.5641025900840759,0.3263568878173828
YJL048C,YMR301C,0,0.12343027,0.14926931262016296,0.5641025900840759,0.32645705342292786
YJL145W,YOR378W,0,0.12331766,0.14923036098480225,0.5641025900840759,0.3265571892261505
YJR017C,YDR411C,0,0.12319857,0.14919143915176392,0.5641025900840759,0.32665732502937317
YGL051W,YDR410C,0,0.1231744,0.14915254712104797,0.5641025900840759,0.3267574608325958
YOR232W,YGR090W,0,0.1231308,0.14911365509033203,0.5641025900840759,0.3268575966358185
YGL237C,YPL113C,0,0.12312782,0.14907479286193848,0.5641025900840759,0.32695773243904114
YNL315C,YLR089C,0,0.123006865,0.1490359604358673,0.5641025900840759,0.3270578682422638
YMR016C,YIL143C,0,0.12281804,0.14899712800979614,0.5641025900840759,0.32715803384780884
YDR221W,YPL147W,0,0.122765586,0.14895834028720856,0.5641025900840759,0.3272581696510315
YDR207C,YKL174C,0,0.122724414,0.14891955256462097,0.5641025900840759,0.32735830545425415
YCR102C,YJL048C,0,0.12256318,0.14888079464435577,0.5641025900840759,0.3274584412574768
YER148W,YMR202W,0,0.12255055,0.14884205162525177,0.5641025900840759,0.32755857706069946
YJL080C,YDR264C,0,0.122475654,0.14880332350730896,0.5641025900840759,0.3276587128639221
YLL039C,YBL039C,0,0.122353,0.14876462519168854,0.5641025900840759,0.3277588486671448
YNL121C,YNR007C,0,0.12226081,0.1487259417772293,0.5641025900840759,0.3278590142726898
YFR021W,YBR083W,0,0.122189105,0.14868728816509247,0.5641025900840759,0.3279591500759125
YHR129C,YDL047W,0,0.12215944,0.14864864945411682,0.5641025900840759,0.32805928587913513
YER087C-A,YML131W,0,0.12194091,0.14861002564430237,0.5641025900840759,0.3281594216823578
YOL094C,YIL072W,0,0.121894985,0.1485714316368103,0.5641025900840759,0.32825955748558044
YNL331C,YOL103W,0,0.1217116,0.14853285253047943,0.5641025900840759,0.3283596932888031
YPR096C,YGL059W,0,0.12154442,0.14849428832530975,0.5641025900840759,0.32845982909202576
YHR039C-A,YAR050W,0,0.12150091,0.14845575392246246,0.5641025900840759,0.3285599946975708
YBL006C,YPL003W,0,0.12144834,0.14841723442077637,0.5641025900840759,0.32866013050079346
YBL021C,YKR013W,0,0.121324345,0.14837872982025146,0.5641025900840759,0.3287602663040161
YNR072W,YBR177C,0,0.121182054,0.14834025502204895,0.5641025900840759,0.32886040210723877
YMR164C,YHR178W,0,0.12116362,0.14830179512500763,0.5641025900840759,0.3289605379104614
YDR050C,YKL213C,0,0.12113601,0.1482633501291275,0.5641025900840759,0.3290606737136841
YGL233W,YDR478W,0,0.12111372,0.14822493493556976,0.5641025900840759,0.3291608393192291
YER125W,YDR296W,0,0.12107633,0.14818653464317322,0.5641025900840759,0.3292609751224518
YCL036W,YLR423C,0,0.12101953,0.14814814925193787,0.5641025900840759,0.32936111092567444
YBR154C,YOR377W,0,0.1209552,0.1481097936630249,0.5641025900840759,0.3294612467288971
YPR028W,YJR058C,0,0.12080382,0.14807145297527313,0.5641025900840759,0.32956138253211975
YNR045W,YPR025C,0,0.12075509,0.14803312718868256,0.5641025900840759,0.3296615183353424
YMR306W,YOR175C,0,0.12074843,0.14799483120441437,0.5641025900840759,0.32976165413856506
YOL077W-A,YPL266W,0,0.1207255,0.14795655012130737,0.5641025900840759,0.3298618197441101
YJR152W,YOR075W,0,0.12072039,0.14791828393936157,0.5641025900840759,0.32996195554733276
YLR157C-B,YEL054C,0,0.12071937,0.14788004755973816,0.5641025900840759,0.3300620913505554
YLR309C,YML131W,0,0.120640025,0.14784182608127594,0.5641025900840759,0.3301622271537781
YPL274W,YOR054C,0,0.12054993,0.14780361950397491,0.5641025900840759,0.33026236295700073
YNL107W,YNL129W,0,0.12041998,0.14776544272899628,0.5641025900840759,0.3303624987602234
YMR308C,YER137C-A,0,0.12039673,0.14772726595401764,0.5641025900840759,0.33046263456344604
YIL170W,YLR096W,0,0.1203949,0.14768913388252258,0.5641025900840759,0.3305628001689911
YKL146W,YOR153W,0,0.120304644,0.14765100181102753,0.5641025900840759,0.33066293597221375
YGL174W,YCR009C,0,0.120258436,0.14761289954185486,0.5641025900840759,0.3307630717754364
YDR478W,YAL017W,0,0.12009139,0.14757481217384338,0.5641025900840759,0.33086320757865906
YGL200C,YLL040C,0,0.11995171,0.1475367546081543,0.5641025900840759,0.3309633433818817
YKL084W,YAL008W,0,0.11985035,0.1474987119436264,0.5641025900840759,0.33106347918510437
YJR010W,YOR378W,0,0.11973816,0.1474606841802597,0.5641025900840759,0.331163614988327
YJL219W,YOR211C,0,0.119690746,0.1474226862192154,0.5641025900840759,0.33126378059387207
YIR025W,YNR032W,0,0.11966774,0.14738468825817108,0.5641025900840759,0.3313639163970947
YFR044C,YML036W,0,0.11963534,0.14734673500061035,0.5641025900840759,0.3314640522003174
YOR312C,YKR037C,0,0.119581655,0.14730878174304962,0.5641025900840759,0.33156418800354004
YPL024W,YDL180W,0,0.11942008,0.14727085828781128,0.5641025900840759,0.3316643238067627
YDR315C,YLR207W,0,0.11929695,0.14723294973373413,0.5641025900840759,0.33176445960998535
YGR152C,YBR123C,0,0.119283006,0.14719505608081818,0.5641025900840759,0.3318646252155304
YDR322W,YER078C,0,0.11928047,0.1471571922302246,0.5641025900840759,0.33196476101875305
YHR136C,YDL201W,0,0.119246155,0.14711934328079224,0.5641025900840759,0.3320648968219757
YOL065C,YCL045C,0,0.11915596,0.14708150923252106,0.5641025900840759,0.33216503262519836
YIL095W,YLL039C,0,0.11906955,0.14704370498657227,0.5641025900840759,0.332265168428421
YMR100W,YLR264W,0,0.119069085,0.14700591564178467,0.5641025900840759,0.3323653042316437
YCR054C,YJL028W,0,0.119013846,0.14696814119815826,0.5641025900840759,0.33246544003486633
YKL117W,YBR241C,0,0.11895645,0.14693038165569305,0.5641025900840759,0.3325656056404114
YNL046W,YGR255C,0,0.118863955,0.14689265191555023,0.5641025900840759,0.33266574144363403
YDL225W,YNR028W,0,0.1188491,0.1468549370765686,0.5641025900840759,0.3327658772468567
YIL041W,YGL010W,0,0.11878374,0.14681725203990936,0.5641025900840759,0.33286601305007935
YGR027W-B,YFL054C,0,0.11863005,0.14677956700325012,0.5641025900840759,0.332966148853302
YGL123W,YDL204W,0,0.11859687,0.14674191176891327,0.5641025900840759,0.33306628465652466
YHR039C,YMR312W,0,0.11853239,0.1467042863368988,0.5641025900840759,0.3331664204597473
YBR166C,YHR021C,0,0.11829294,0.14666666090488434,0.5641025900840759,0.33326658606529236
YBR133C,YBL113C,0,0.11826596,0.14662906527519226,0.5641025900840759,0.333366721868515
YBR236C,YLR042C,0,0.11814281,0.14659148454666138,0.5641025900840759,0.33346685767173767
YBR243C,YIR036C,0,0.11812936,0.14655393362045288,0.5641025900840759,0.3335669934749603
YNL336W,YGR058W,0,0.11806984,0.14651639759540558,0.5641025900840759,0.333667129278183
YLR105C,YLR157C-B,1,0.11805409,0.14673495292663574,0.5650887489318848,0.333667129278183
YLR265C,YMR113W,0,0.118043676,0.14669738709926605,0.5650887489318848,0.33376726508140564
YDR038C,YGR105W,0,0.1178987,0.14665983617305756,0.5650887489318848,0.3338674008846283
YBR243C,YGR077C,0,0.11788511,0.14662231504917145,0.5650887489318848,0.33396756649017334
YDR270W,YOR373W,0,0.117747605,0.14658480882644653,0.5650887489318848,0.334067702293396
YKL065C,YLR204W,0,0.117633015,0.1465473175048828,0.5650887489318848,0.33416783809661865
YGL030W,YIL150C,0,0.117595136,0.14650984108448029,0.5650887489318848,0.3342679738998413
YDR520C,YIL090W,0,0.11746873,0.14647239446640015,0.5650887489318848,0.33436810970306396
YHR012W,YBL050W,0,0.11745432,0.1464349627494812,0.5650887489318848,0.3344682455062866
YJL029C,YPL089C,0,0.11744928,0.14639754593372345,0.5650887489318848,0.3345683813095093
YLR135W,YML118W,1,0.11729899,0.14661557972431183,0.5660749673843384,0.3345683813095093
YER164W,YDR017C,0,0.11726211,0.14657814800739288,0.5660749673843384,0.3346685469150543
YKL184W,YER014C-A,0,0.117209226,0.14654071629047394,0.5660749673843384,0.334768682718277
YHR044C,YNR013C,0,0.117115825,0.14650331437587738,0.5660749673843384,0.33486881852149963
YGL135W,YLR318W,0,0.11709511,0.1464659422636032,0.5660749673843384,0.3349689543247223
YJL014W,YFL002W-B,0,0.11697291,0.14642857015132904,0.5660749673843384,0.33506909012794495
YLL019C,YAL021C,0,0.116959006,0.14639122784137726,0.5660749673843384,0.3351692259311676
YLR264W,YDR408C,0,0.11687875,0.14635390043258667,0.5660749673843384,0.33526939153671265
YOL156W,YGR068C,0,0.11682546,0.14631658792495728,0.5660749673843384,0.3353695273399353
YCL014W,YLL001W,0,0.11676617,0.14627930521965027,0.5660749673843384,0.33546966314315796
YLL036C,YBL002W,0,0.11668861,0.14624203741550446,0.5660749673843384,0.3355697989463806
YDR478W,YDL102W,1,0.116558716,0.14645950496196747,0.5670611262321472,0.3355697989463806
YEL017C-A,YPR166C,0,0.11644316,0.14642220735549927,0.5670611262321472,0.33566993474960327
YOR322C,YMR006C,0,0.11642562,0.14638492465019226,0.5670611262321472,0.3357700705528259
YHR010W,YDR191W,0,0.11632986,0.14634767174720764,0.5670611262321472,0.3358702063560486
YHR214C-B,YPL022W,1,0.11632767,0.14656488597393036,0.5680473446846008,0.3358702063560486
YOR219C,YJL050W,0,0.11623493,0.14652760326862335,0.5680473446846008,0.33597037196159363
YOR294W,YER078C,0,0.11618163,0.14649033546447754,0.5680473446846008,0.3360705077648163
YJR140C,YER026C,0,0.11585182,0.14645308256149292,0.5680473446846008,0.33617064356803894
YER104W,YLR027C,0,0.115824535,0.1464158594608307,0.5680473446846008,0.3362707793712616
YMR200W,YDL185W,0,0.11581923,0.14637865126132965,0.5680473446846008,0.33637091517448425
YPR065W,YOL140W,0,0.11580923,0.1463414579629898,0.5680473446846008,0.3364710509777069
YIR013C,YBL068W,0,0.115775615,0.14630429446697235,0.5680473446846008,0.33657118678092957
YMR022W,YGR133W,0,0.11576103,0.1462671458721161,0.5680473446846008,0.3366713523864746
YNL121C,YPL257W-B,0,0.115557775,0.14623001217842102,0.5680473446846008,0.33677148818969727
YLR120C,YMR280C,0,0.115513265,0.14619289338588715,0.5680473446846008,0.3368716239929199
YDR465C,YOR234C,0,0.11550672,0.14615580439567566,0.5680473446846008,0.3369717597961426
YDL179W,YNL227C,0,0.11548939,0.14611871540546417,0.5680473446846008,0.33707189559936523
YOR173W,YLR035C-A,0,0.1154339,0.14608167111873627,0.5680473446846008,0.3371720314025879
YNL238W,YOR329C,0,0.115348965,0.14604462683200836,0.5680473446846008,0.33727216720581055
YNL101W,YMR162C,0,0.11505872,0.14600759744644165,0.5680473446846008,0.3373723328113556
YDR051C,YKR042W,0,0.11497167,0.14597059786319733,0.5680473446846008,0.33747246861457825
YJR064W,YOR298C-A,0,0.11493018,0.1459336131811142,0.5680473446846008,0.3375726044178009
YLR419W,YDR147W,0,0.114762425,0.14589665830135345,0.5680473446846008,0.33767274022102356
YJR119C,YIL170W,0,0.11474021,0.1458597183227539,0.5680473446846008,0.3377728760242462
YJL189W,YGL161C,0,0.11465159,0.14582277834415436,0.5680473446846008,0.33787301182746887
YDR088C,YDR267C,0,0.11456141,0.1457858830690384,0.5680473446846008,0.33797314763069153
YKR006C,YOR295W,0,0.1145336,0.14574898779392242,0.5680473446846008,0.3380733132362366
YER041W,YLR227W-B,1,0.114254415,0.1459650844335556,0.5690335035324097,0.3380733132362366
YNL002C,YIL145C,0,0.114168376,0.14592817425727844,0.5690335035324097,0.33817344903945923
YFL033C,YHR026W,0,0.1140943,0.14589127898216248,0.5690335035324097,0.3382735848426819
YNL085W,YJR029W,1,0.11387393,0.14610718190670013,0.5700197219848633,0.3382735848426819
YBR018C,YCR020W-B,0,0.113833636,0.14607025682926178,0.5700197219848633,0.33837372064590454
YGL119W,YDR017C,0,0.11380868,0.14603334665298462,0.5700197219848633,0.3384738564491272
YDR392W,YGL100W,0,0.11379281,0.14599646627902985,0.5700197219848633,0.33857399225234985
YBL055C,YLR312W-A,1,0.11376551,0.1462121158838272,0.5710059404373169,0.33857399225234985
YDL014W,YHR124W,0,0.11372514,0.14617520570755005,0.5710059404373169,0.3386741578578949
YDR484W,YIR035C,0,0.11371896,0.14613831043243408,0.5710059404373169,0.33877429366111755
YKR071C,YDR351W,0,0.11352888,0.1461014449596405,0.5710059404373169,0.3388744294643402
YPL060C-A,YOR010C,0,0.11348274,0.14606457948684692,0.5710059404373169,0.33897456526756287
YPL157W,YKL148C,0,0.113427445,0.14602774381637573,0.5710059404373169,0.3390747010707855
YHR079C,YOL042W,1,0.1133146,0.14624306559562683,0.5719920992851257,0.3390747010707855
YMR277W,YNL245C,0,0.113182545,0.14620620012283325,0.5719920992851257,0.3391748368740082
YAL033W,YMR087W,0,0.11313811,0.14616934955120087,0.5719920992851257,0.33927497267723083
YBR228W,YGR158C,1,0.11295889,0.14638447761535645,0.5729783177375793,0.33927497267723083
YJR065C,YDL122W,0,0.11288604,0.14634761214256287,0.5729783177375793,0.3393751382827759
YML045W,YNL072W,1,0.11287756,0.1465625762939453,0.5739644765853882,0.3393751382827759
YKL193C,YBR158W,0,0.112817556,0.14652568101882935,0.5739644765853882,0.33947527408599854
YLR135W,YNR052C,1,0.11274439,0.14674049615859985,0.5749506950378418,0.33947527408599854
YGL181W,YOR204W,0,0.112668425,0.1467035710811615,0.5749506950378418,0.3395754098892212
YKL092C,YEL053C,0,0.11262599,0.14666666090488434,0.5749506950378418,0.33967554569244385
YOR312C,YLL002W,0,0.11261028,0.14662978053092957,0.5749506950378418,0.3397756814956665
YLR332W,YBR182C,0,0.1125923,0.146592915058136,0.5749506950378418,0.33987581729888916
YKL130C,YPL200W,0,0.11243866,0.1465560644865036,0.5749506950378418,0.3399759531021118
YNL001W,YJL025W,0,0.11240326,0.1465192288160324,0.5749506950378418,0.34007611870765686
YER089C,YNR057C,0,0.11237972,0.1464824080467224,0.5749506950378418,0.3401762545108795
YNL231C,YHL044W,0,0.11236942,0.1464456170797348,0.5749506950378418,0.3402763903141022
YLR353W,YFL045C,0,0.11233275,0.1464088410139084,0.5749506950378418,0.34037652611732483
YBR098W,YMR229C,0,0.1122441,0.14637207984924316,0.5749506950378418,0.3404766619205475
YMR061W,YAL031C,0,0.112165175,0.14633534848690033,0.5749506950378418,0.34057679772377014
YOL117W,YPL159C,0,0.11204769,0.1462986171245575,0.5749506950378418,0.3406769335269928
YPR070W,YOL111C,0,0.11194907,0.14626191556453705,0.5749506950378418,0.34077709913253784
YMR231W,YBR031W,0,0.111945696,0.1462252289056778,0.5749506950378418,0.3408772349357605
YPR058W,YBL045C,0,0.11168733,0.14618857204914093,0.5749506950378418,0.34097737073898315
YFL001W,YIL015W,0,0.11162341,0.14615191519260406,0.5749506950378418,0.3410775065422058
YAL001C,YJL177W,0,0.111448914,0.1461152881383896,0.5749506950378418,0.34117764234542847
YBR228W,YOR174W,0,0.11144273,0.1460786759853363,0.5749506950378418,0.3412777781486511
YNL073W,YDL142C,0,0.11141776,0.1460420787334442,0.5749506950378418,0.34137794375419617
YMR307W,YPL068C,0,0.11136694,0.1460055112838745,0.5749506950378418,0.3414780795574188
YOL040C,YHR004C,0,0.111302346,0.145968958735466,0.5749506950378418,0.3415782153606415
YBL040C,YEL013W,0,0.11128499,0.1459324210882187,0.5749506950378418,0.34167835116386414
YPL059W,YBL002W,0,0.11121531,0.14589589834213257,0.5749506950378418,0.3417784869670868
YDL111C,YLR277C,1,0.11112421,0.14610958099365234,0.5759368538856506,0.3417784869670868
YML073C,YBR058C,0,0.11108942,0.14607304334640503,0.5759368538856506,0.34187862277030945
YMR290C,YPR156C,0,0.11101456,0.14603650569915771,0.5759368538856506,0.3419787585735321
YGR088W,YPR204W,0,0.11101107,0.1459999978542328,0.5759368538856506,0.34207892417907715
YLR438C-A,YJL117W,0,0.11075252,0.14596350491046906,0.5759368538856506,0.3421790599822998
YBR095C,YBL041W,0,0.110683486,0.1459270417690277,0.5759368538856506,0.34227919578552246
YER087W,YOR313C,0,0.1106322,0.14589057862758636,0.5759368538856506,0.3423793315887451
YNL054W-B,YHR021C,0,0.11062551,0.1458541452884674,0.5759368538856506,0.3424794673919678
YHR175W,YHR156C,0,0.110620566,0.14581772685050964,0.5759368538856506,0.34257960319519043
YPR028W,YOR061W,0,0.11051178,0.14578132331371307,0.5759368538856506,0.3426797389984131
YLR283W,YGR279C,0,0.11042787,0.1457449495792389,0.5759368538856506,0.34277990460395813
YKL176C,YHR164C,0,0.110374294,0.1457085758447647,0.5759368538856506,0.3428800404071808
YPL218W,YHR104W,0,0.11032756,0.14567223191261292,0.5759368538856506,0.34298017621040344
YIL023C,YMR172W,0,0.109981515,0.14563590288162231,0.5759368538856506,0.3430803120136261
YAL015C,YIL080W,1,0.10988192,0.14584891498088837,0.5769230723381042,0.3430803120136261
YLR452C,YOR047C,0,0.10977951,0.14581255614757538,0.5769230723381042,0.34318044781684875
YDR446W,YOL101C,0,0.10976533,0.14577622711658478,0.5769230723381042,0.3432805836200714
YGL031C,YBL066C,0,0.109752946,0.14573991298675537,0.5769230723381042,0.34338071942329407
YKL144C,YPR094W,0,0.109723136,0.14570361375808716,0.5769230723381042,0.3434808850288391
YJR083C,YHR089C,0,0.10971008,0.14566732943058014,0.5769230723381042,0.34358102083206177
YKL009W,YER133W,0,0.10961724,0.1456310749053955,0.5769230723381042,0.3436811566352844
YNL221C,YML091C,1,0.1095964,0.14584369957447052,0.5779092907905579,0.3436811566352844
YBR092C,YOR124C,0,0.10957544,0.1458074152469635,0.5779092907905579,0.3437812924385071
YMR017W,YOR063W,0,0.109534994,0.14577114582061768,0.5779092907905579,0.34388142824172974
YNL153C,YFR028C,0,0.10949102,0.14573489129543304,0.5779092907905579,0.3439815640449524
YFL002W-A,YFR029W,0,0.109483555,0.1456986516714096,0.5779092907905579,0.34408169984817505
YGL184C,YOR349W,0,0.10927315,0.14566244184970856,0.5779092907905579,0.3441818654537201
YHR060W,YDR172W,0,0.10917187,0.1456262469291687,0.5779092907905579,0.34428200125694275
YDR380W,YBR264C,0,0.10911117,0.14559006690979004,0.5779092907905579,0.3443821370601654
YLR272C,YIL015W,0,0.10910539,0.14555390179157257,0.5779092907905579,0.34448227286338806
YDR084C,YDL164C,0,0.10909813,0.1455177515745163,0.5779092907905579,0.3445824086666107
YGR161W-B,YOL002C,0,0.10905514,0.1454816311597824,0.5779092907905579,0.3446825444698334
YPL194W,YJL133W,0,0.10905232,0.14544552564620972,0.5779092907905579,0.3447827100753784
YBR044C,YAR066W,0,0.10899924,0.14540943503379822,0.5779092907905579,0.3448828458786011
YMR046C,YML106W,0,0.108985096,0.1453733593225479,0.5779092907905579,0.34498298168182373
YOL094C,YBL092W,0,0.10888463,0.1453372985124588,0.5779092907905579,0.3450831174850464
YOR391C,YDR222W,0,0.10871571,0.14530126750469208,0.5779092907905579,0.34518325328826904
YKL206C,YLR090W,0,0.108634844,0.14526525139808655,0.5779092907905579,0.3452833890914917
YPR167C,YDR130C,0,0.108562686,0.1452292501926422,0.5779092907905579,0.34538352489471436
YOR036W,YJR151C,0,0.1085538,0.14519326388835907,0.5779092907905579,0.3454836905002594
YGL013C,YFL055W,0,0.108487666,0.14515729248523712,0.5779092907905579,0.34558382630348206
YKR001C,YPR122W,0,0.108381644,0.14512135088443756,0.5779092907905579,0.3456839621067047
YNL112W,YDR522C,0,0.1083601,0.1450854241847992,0.5779092907905579,0.34578409790992737
YKL114C,YGR109W-B,1,0.108356416,0.14529703557491302,0.5788954496383667,0.34578409790992737
YMR267W,YPL242C,0,0.108318016,0.14526107907295227,0.5788954496383667,0.34588423371315
YML114C,YDR283C,0,0.10825617,0.1452251374721527,0.5788954496383667,0.3459843695163727
YDR393W,YJL198W,0,0.108253926,0.14518921077251434,0.5788954496383667,0.34608450531959534
YPL093W,YIR034C,0,0.108122885,0.14515331387519836,0.5788954496383667,0.3461846709251404
YMR117C,YHR079C-A,0,0.108036965,0.14511743187904358,0.5788954496383667,0.34628480672836304
YIL170W,YMR088C,0,0.10772003,0.14508156478405,0.5788954496383667,0.3463849425315857
YNL085W,YOR048C,1,0.10767178,0.14529280364513397,0.5798816680908203,0.3463849425315857
YGL168W,YBR200W,0,0.10761409,0.1452569216489792,0.5798816680908203,0.34648507833480835
YOR063W,YMR287C,0,0.10761222,0.1452210396528244,0.5798816680908203,0.346585214138031
YLR330W,YJL190C,0,0.10753475,0.145185187458992,0.5798816680908203,0.34668534994125366
YGL207W,YER088C,0,0.10737762,0.1451493501663208,0.5798816680908203,0.3467854857444763
YJL158C,YBR176W,0,0.10720168,0.1451135277748108,0.5798816680908203,0.34688565135002136
YOL072W,YOR278W,0,0.10691044,0.14507772028446198,0.5798816680908203,0.346985787153244
YLR321C,YNL135C,0,0.106767,0.14504192769527435,0.5798816680908203,0.3470859229564667
YMR047C,YOR224C,0,0.10675687,0.14500616490840912,0.5798816680908203,0.34718605875968933
YJL133W,YEL015W,0,0.10660771,0.14497041702270508,0.5798816680908203,0.347286194562912
YBL040C,YJR055W,0,0.10655473,0.14493468403816223,0.5798816680908203,0.34738633036613464
YLR009W,YOL058W,0,0.10653829,0.14489896595478058,0.5798816680908203,0.3474864959716797
YPL177C,YGL157W,0,0.1064696,0.14486326277256012,0.5798816680908203,0.34758663177490234
YHR042W,YLR343W,0,0.10646477,0.14482758939266205,0.5798816680908203,0.347686767578125
YBR035C,YDR436W,0,0.106448375,0.14479191601276398,0.5798816680908203,0.34778690338134766
YKL137W,YCR092C,0,0.106411844,0.1447562724351883,0.5798816680908203,0.3478870391845703
YOR349W,YDR429C,0,0.106392354,0.1447206437587738,0.5798816680908203,0.34798717498779297
YNL314W,YHR004C,0,0.106243305,0.1446850448846817,0.5798816680908203,0.3480873107910156
YBR240C,YJR095W,0,0.106229305,0.1446494460105896,0.5798816680908203,0.34818747639656067
YDR054C,YJL117W,0,0.10618086,0.14461387693881989,0.5798816680908203,0.3482876121997833
YDR386W,YLR107W,1,0.106180385,0.14482419192790985,0.5808678269386292,0.3482876121997833
YCL004W,YMR189W,0,0.10613859,0.14478859305381775,0.5808678269386292,0.348387748003006
YDR003W,YDR174W,0,0.106120095,0.14475300908088684,0.5808678269386292,0.34848788380622864
YCR043C,YOL104C,0,0.10608032,0.14471744000911713,0.5808678269386292,0.3485880196094513
YFR042W,YPR049C,0,0.10601738,0.1446819007396698,0.5808678269386292,0.34868815541267395
YPL123C,YDR280W,1,0.10599262,0.14489194750785828,0.5818540453910828,0.34868815541267395
YDL024C,YBR185C,0,0.1058598,0.14485637843608856,0.5818540453910828,0.3487882912158966
YAR009C,YML095C,1,0.10575002,0.1450662761926651,0.5828402638435364,0.3487882912158966
YJR067C,YFL002C,0,0.105633825,0.145030677318573,0.5828402638435364,0.34888845682144165
YHR036W,YGR154C,0,0.10557552,0.1449950933456421,0.5828402638435364,0.3489885926246643
YPL190C,YJR022W,0,0.105494514,0.14495952427387238,0.5828402638435364,0.34908872842788696
YNL282W,YER138C,1,0.10548724,0.145169198513031,0.5838264226913452,0.34908872842788696
YKR094C,YDR229W,0,0.10542858,0.1451336145401001,0.5838264226913452,0.3491888642311096
YGR161W-B,YBR167C,1,0.10524514,0.1453431397676468,0.5848126411437988,0.3491888642311096
YLR312W-A,YAL015C,1,0.105236635,0.14555256068706512,0.5857987999916077,0.3491888642311096
YPL123C,YER138C,1,0.105151385,0.1457618772983551,0.5867850184440613,0.3491888642311096
YOR116C,YGL233W,0,0.105141155,0.14572618901729584,0.5867850184440613,0.3492890000343323
YJL160C,YDR205W,0,0.10502951,0.14569050073623657,0.5867850184440613,0.34938913583755493
YEL077C,YDR170W-A,0,0.10498755,0.1456548273563385,0.5867850184440613,0.3494892716407776
YHR039C,YOR290C,0,0.10496971,0.14561918377876282,0.5867850184440613,0.34958943724632263
YKR036C,YGR048W,0,0.10481264,0.14558355510234833,0.5867850184440613,0.3496895730495453
YER142C,YAL015C,1,0.10473032,0.14579255878925323,0.5877711772918701,0.3496895730495453
YBL022C,YJL056C,0,0.10471125,0.14575691521167755,0.5877711772918701,0.34978970885276794
YJL020C,YER017C,0,0.10469499,0.14572127163410187,0.5877711772918701,0.3498898446559906
YPL274W,YKL167C,0,0.10466283,0.14568565785884857,0.5877711772918701,0.34998998045921326
YPL011C,YDR118W,0,0.10452168,0.14565004408359528,0.5877711772918701,0.3500901162624359
YGR074W,YKL116C,0,0.10433061,0.14561446011066437,0.5877711772918701,0.35019025206565857
YKR037C,YGL222C,0,0.104310304,0.14557889103889465,0.5877711772918701,0.3502904176712036
YLR430W,YNL044W,0,0.10420637,0.14554335176944733,0.5877711772918701,0.35039055347442627
YCR067C,YDR170W-A,0,0.10413798,0.1455078125,0.5877711772918701,0.3504906892776489
YOR141C,YOR373W,0,0.10412374,0.14547230303287506,0.5877711772918701,0.3505908250808716
YGR036C,YAL014C,0,0.10408572,0.14543679356575012,0.5877711772918701,0.35069096088409424
YNL282W,YCR093W,1,0.10407545,0.14564527571201324,0.5887573957443237,0.35069096088409424
YBR087W,YJL046W,0,0.10404724,0.1456097513437271,0.5887573957443237,0.3507910966873169
YCR052W,YPL060W,0,0.1040342,0.14557425677776337,0.5887573957443237,0.35089126229286194
YJL129C,YDR208W,0,0.10393883,0.14553876221179962,0.5887573957443237,0.3509913980960846
YGR280C,YNL129W,0,0.10386059,0.14550329744815826,0.5887573957443237,0.35109153389930725
YDR447C,YJL165C,0,0.10385443,0.1454678326845169,0.5887573957443237,0.3511916697025299
YJR058C,YMR189W,0,0.10382773,0.14543239772319794,0.5887573957443237,0.35129180550575256
YKL119C,YGL089C,0,0.103736006,0.14539697766304016,0.5887573957443237,0.3513919413089752
YBR294W,YHR211W,0,0.103706725,0.14536157250404358,0.5887573957443237,0.3514920771121979
YMR045C,YKL011C,1,0.10368587,0.14556962251663208,0.5897436141967773,0.3514920771121979
YML043C,YKR098C,0,0.10367943,0.1455341875553131,0.5897436141967773,0.3515922427177429
YHR191C,YDL044C,0,0.103662044,0.14549878239631653,0.5897436141967773,0.3516923785209656
YER098W,YMR067C,0,0.10352261,0.14546339213848114,0.5897436141967773,0.35179251432418823
YKL170W,YNL256W,0,0.103522524,0.14542801678180695,0.5897436141967773,0.3518926501274109
YAR071W,YOR080W,0,0.10347085,0.14539265632629395,0.5897436141967773,0.35199278593063354
YHR099W,YMR128W,0,0.103342906,0.14535731077194214,0.5897436141967773,0.3520929217338562
YBR084C-A,YGL157W,0,0.10330855,0.14532199501991272,0.5897436141967773,0.35219305753707886
YDR172W,YKR066C,0,0.10330543,0.1452866792678833,0.5897436141967773,0.3522932231426239
YDR462W,YOR313C,0,0.10329101,0.14525139331817627,0.5897436141967773,0.35239335894584656
YCR102C,YPL149W,0,0.10325909,0.14521612226963043,0.5897436141967773,0.3524934947490692
YPR133W-A,YOR351C,0,0.10319862,0.1451808661222458,0.5897436141967773,0.35259363055229187
YJR047C,YGR166W,0,0.1031865,0.14514562487602234,0.5897436141967773,0.3526937663555145
YMR017W,YDR076W,0,0.10318361,0.14511041343212128,0.5897436141967773,0.3527939021587372
YLR396C,YDR140W,0,0.103166535,0.14507520198822021,0.5897436141967773,0.35289403796195984
YBR289W,YKR037C,0,0.1031636,0.14504002034664154,0.5897436141967773,0.3529942035675049
YJR016C,YPR163C,0,0.10315159,0.14500485360622406,0.5897436141967773,0.35309433937072754
YFL034C-B,YBL027W,0,0.10309709,0.14496970176696777,0.5897436141967773,0.3531944751739502
YLR453C,YPL276W,0,0.103074744,0.14493456482887268,0.5897436141967773,0.35329461097717285
YDL043C,YMR251W-A,0,0.10307034,0.14489944279193878,0.5897436141967773,0.3533947467803955
YDL019C,YNL202W,0,0.10301061,0.14486433565616608,0.5897436141967773,0.35349488258361816
YML012W,YPR108W,0,0.10292287,0.14482925832271576,0.5897436141967773,0.3535950183868408
YLR336C,YKR087C,0,0.10292184,0.14479419589042664,0.5897436141967773,0.35369518399238586
YMR086W,YLR103C,0,0.10270378,0.1447591334581375,0.5897436141967773,0.3537953197956085
YLR388W,YGL207W,0,0.1025958,0.14472410082817078,0.5897436141967773,0.3538954555988312
YDR208W,YMR142C,0,0.10259436,0.14468908309936523,0.5897436141967773,0.35399559140205383
YFR052W,YIL066C,0,0.102580115,0.14465409517288208,0.5897436141967773,0.3540957272052765
YLR229C,YDL035C,0,0.102519006,0.14461910724639893,0.5897436141967773,0.35419586300849915
YLR225C,YAL042W,0,0.1024788,0.14458413422107697,0.5897436141967773,0.3542960286140442
YPR081C,YMR173W,0,0.10241212,0.1445491909980774,0.5897436141967773,0.35439616441726685
YBL019W,YBL055C,1,0.10237226,0.14475591480731964,0.5907297730445862,0.35439616441726685
YMR139W,YBR183W,0,0.102139354,0.14472094178199768,0.5907297730445862,0.3544963002204895
YJL191W,YKR030W,0,0.10212478,0.14468598365783691,0.5907297730445862,0.35459643602371216
YOL080C,YKL092C,0,0.10209027,0.14465105533599854,0.5907297730445862,0.3546965718269348
YAR009C,YDR263C,1,0.10207431,0.14485755562782288,0.5917159914970398,0.3546965718269348
YHR019C,YGL229C,0,0.10199506,0.1448225975036621,0.5917159914970398,0.35479670763015747
YBR142W,YDL069C,0,0.10195537,0.14478763937950134,0.5917159914970398,0.3548968434333801
YMR037C,YDR115W,0,0.101906866,0.14475271105766296,0.5917159914970398,0.35499700903892517
YBR135W,YNL032W,0,0.10178944,0.14471779763698578,0.5917159914970398,0.3550971448421478
YKL065C,YER114C,0,0.101743124,0.1446828991174698,0.5917159914970398,0.3551972806453705
YJR159W,YGL163C,0,0.10172042,0.14464803040027618,0.5917159914970398,0.35529741644859314
YLR452C,YPL072W,0,0.10167077,0.14461316168308258,0.5917159914970398,0.3553975522518158
YNR072W,YJR092W,0,0.10163511,0.14457830786705017,0.5917159914970398,0.35549768805503845
YBL019W,YLR107W,1,0.101577014,0.14478439092636108,0.5927021503448486,0.35549768805503845
YFL039C,YHR104W,0,0.101428986,0.14474952220916748,0.5927021503448486,0.3555978238582611
YJR104C,YLR274W,0,0.10140458,0.14471466839313507,0.5927021503448486,0.35569798946380615
YDL127W,YJL176C,0,0.10130043,0.14467982947826385,0.5927021503448486,0.3557981252670288
YER006W,YGR286C,0,0.101245895,0.14464500546455383,0.5927021503448486,0.35589826107025146
YNR002C,YGR240C,0,0.10121503,0.144610196352005,0.5927021503448486,0.3559983968734741
YHL022C,YHL047C,0,0.10108845,0.14457541704177856,0.5927021503448486,0.3560985326766968
YFL002C,YOR181W,0,0.1010016,0.14454063773155212,0.5927021503448486,0.35619866847991943
YJL080C,YDR247W,0,0.100970566,0.14450588822364807,0.5927021503448486,0.3562988042831421
YER004W,YFR006W,0,0.100806385,0.1444711536169052,0.5927021503448486,0.35639896988868713
YDR252W,YMR256C,0,0.10075799,0.14443643391132355,0.5927021503448486,0.3564991056919098
YFR019W,YOR232W,0,0.10068826,0.14440172910690308,0.5927021503448486,0.35659924149513245
YCR083W,YML121W,0,0.10054219,0.1443670392036438,0.5927021503448486,0.3566993772983551
YHR004C,YOR190W,0,0.10034906,0.1443323791027069,0.5927021503448486,0.35679951310157776
YDL122W,YOL115W,0,0.100255035,0.14429771900177002,0.5927021503448486,0.3568996489048004
YEL026W,YOR298C-A,0,0.10019612,0.14426308870315552,0.5927021503448486,0.35699981451034546
YCR039C,YGL225W,0,0.10007714,0.14422845840454102,0.5927021503448486,0.3570999503135681
YBR294W,YOR133W,0,0.09996802,0.1441938579082489,0.5927021503448486,0.35720008611679077
YJR152W,YOL016C,0,0.09990856,0.14415927231311798,0.5927021503448486,0.3573002219200134
YNR001C,YDL245C,0,0.099902764,0.14412470161914825,0.5927021503448486,0.3574003577232361
YMR311C,YJL076W,0,0.09985911,0.14409014582633972,0.5927021503448486,0.35750049352645874
YOR219C,YMR099C,0,0.09978902,0.14405560493469238,0.5927021503448486,0.3576006293296814
YML040W,YJR121W,0,0.09977554,0.14402109384536743,0.5927021503448486,0.35770079493522644
YPL252C,YGR006W,0,0.09956838,0.14398658275604248,0.5927021503448486,0.3578009307384491
YBR048W,YJR152W,0,0.099449545,0.14395210146903992,0.5927021503448486,0.35790106654167175
YJL145W,YKL004W,0,0.09920862,0.14391762018203735,0.5927021503448486,0.3580012023448944
YPL274W,YPL029W,0,0.09920137,0.14388316869735718,0.5927021503448486,0.35810133814811707
YLR385C,YMR216C,0,0.09916043,0.1438487321138382,0.5927021503448486,0.3582014739513397
YKL100C,YML129C,0,0.098985285,0.1438143104314804,0.5927021503448486,0.3583016097545624
YDL061C,YDR261W-A,0,0.09893437,0.1437799036502838,0.5927021503448486,0.3584017753601074
YPL164C,YKR018C,0,0.098828144,0.1437455117702484,0.5927021503448486,0.3585019111633301
YDR363W,YGR206W,0,0.098796636,0.1437111496925354,0.5927021503448486,0.35860204696655273
YNL336W,YKR045C,0,0.09879346,0.1436767876148224,0.5927021503448486,0.3587021827697754
YOR147W,YNL088W,0,0.098669074,0.14364244043827057,0.5927021503448486,0.35880231857299805
YGL001C,YDR107C,0,0.09855586,0.14360812306404114,0.5927021503448486,0.3589024543762207
YDR147W,YKL116C,0,0.09849039,0.1435738205909729,0.5927021503448486,0.35900259017944336
YNL213C,YOR234C,0,0.09842402,0.14353953301906586,0.5927021503448486,0.3591027557849884
YPR018W,YLR003C,0,0.09835449,0.14350526034832,0.5927021503448486,0.35920289158821106
YEL026W,YPL139C,0,0.0983464,0.14347100257873535,0.5927021503448486,0.3593030273914337
YDR281C,YLR197W,0,0.098222196,0.1434367597103119,0.5927021503448486,0.35940316319465637
YGR207C,YDL193W,0,0.09817994,0.14340253174304962,0.5927021503448486,0.35950329899787903
YDR306C,YJR017C,0,0.09813127,0.14336831867694855,0.5927021503448486,0.3596034348011017
YOR022C,YBL066C,0,0.09810802,0.14333413541316986,0.5927021503448486,0.35970357060432434
YIL097W,YOL010W,0,0.09789705,0.14329995214939117,0.5927021503448486,0.3598037362098694
YBL112C,YPR119W,0,0.097865626,0.14326579868793488,0.5927021503448486,0.35990387201309204
YJL189W,YCL014W,0,0.09785201,0.14323164522647858,0.5927021503448486,0.3600040078163147
YOR014W,YDR012W,0,0.09770373,0.14319752156734467,0.5927021503448486,0.36010414361953735
YKL011C,YMR059W,1,0.097596034,0.1434016227722168,0.5936883687973022,0.36010414361953735
YFL017W-A,YOL123W,0,0.097527474,0.1433674693107605,0.5936883687973022,0.36020427942276
YER144C,YDL077C,0,0.09750658,0.1433333307504654,0.5936883687973022,0.36030441522598267
YKL170W,YDR371W,0,0.09747199,0.14329920709133148,0.5936883687973022,0.3604045808315277
YPL194W,YHR203C,0,0.09743384,0.14326511323451996,0.5936883687973022,0.36050471663475037
YJR135W-A,YGR113W,0,0.09738084,0.14323101937770844,0.5936883687973022,0.360604852437973
YER161C,YHR005C-A,0,0.097158775,0.1431969553232193,0.5936883687973022,0.3607049882411957
YOR255W,YJR006W,0,0.09711898,0.14316290616989136,0.5936883687973022,0.36080512404441833
YGL173C,YLR135W,1,0.09711042,0.14336661994457245,0.5946745276451111,0.36080512404441833
YHR191C,YHR079C-A,0,0.09706726,0.14333254098892212,0.5946745276451111,0.360905259847641
YDR446W,YHR003C,0,0.09706551,0.14329847693443298,0.5946745276451111,0.36100539565086365
YBR158W,YLR126C,0,0.096981734,0.14326442778110504,0.5946745276451111,0.3611055612564087
YER008C,YKR042W,0,0.09696908,0.1432304084300995,0.5946745276451111,0.36120569705963135
YCL052C,YJL156C,0,0.09695241,0.14319638907909393,0.5946745276451111,0.361305832862854
YDR368W,YDL229W,0,0.096799426,0.14316239953041077,0.5946745276451111,0.36140596866607666
YJL085W,YLR187W,0,0.09676361,0.1431284099817276,0.5946745276451111,0.3615061044692993
YGL048C,YPR163C,0,0.096668884,0.14309445023536682,0.5946745276451111,0.361606240272522
YML038C,YCL063W,0,0.09649281,0.14306050539016724,0.5946745276451111,0.36170637607574463
YMR184W,YLR327C,0,0.096445814,0.14302656054496765,0.5946745276451111,0.3618065416812897
YGR279C,YBR159W,0,0.09638828,0.14299264550209045,0.5946745276451111,0.36190667748451233
YLR074C,YER022W,0,0.09635711,0.14295874536037445,0.5946745276451111,0.362006813287735
YJL092W,YEL003W,0,0.09625,0.14292486011981964,0.5946745276451111,0.36210694909095764
YDR299W,YOR066W,0,0.09617679,0.14289098978042603,0.5946745276451111,0.3622070848941803
YER041W,YER160C,1,0.09614755,0.1430940479040146,0.5956607460975647,0.3622070848941803
YIR011C,YDR385W,0,0.09601788,0.14306016266345978,0.5956607460975647,0.36230722069740295
YDR170C,YKL206C,0,0.09600272,0.14302627742290497,0.5956607460975647,0.3624073565006256
YDR003W,YDR425W,0,0.09596068,0.14299242198467255,0.5956607460975647,0.36250752210617065
YMR283C,YLR308W,0,0.095864914,0.14295858144760132,0.5956607460975647,0.3626076579093933
YFR031C,YDR332W,0,0.09580642,0.14292475581169128,0.5956607460975647,0.36270779371261597
YMR244C-A,YPL092W,0,0.095772974,0.14289094507694244,0.5956607460975647,0.3628079295158386
YML097C,YNL311C,0,0.09563544,0.1428571492433548,0.5956607460975647,0.3629080653190613
YOL151W,YGR214W,0,0.095506735,0.14282336831092834,0.5956607460975647,0.36300820112228394
YKL021C,YGR252W,0,0.0954789,0.14278960227966309,0.5956607460975647,0.3631083369255066
YKL095W,YDR142C,0,0.09538486,0.14275585114955902,0.5956607460975647,0.36320850253105164
YOR375C,YBR129C,0,0.09533574,0.14272211492061615,0.5956607460975647,0.3633086383342743
YDR416W,YNR056C,0,0.0952879,0.14268839359283447,0.5956607460975647,0.36340877413749695
YJR058C,YDL130W-A,0,0.09525965,0.14265470206737518,0.5956607460975647,0.3635089099407196
YOR317W,YBR084W,0,0.09523866,0.1426210105419159,0.5956607460975647,0.36360904574394226
YJR078W,YPL149W,0,0.09513715,0.142587348818779,0.5956607460975647,0.3637091815471649
YBL034C,YOR216C,0,0.09505755,0.1425536870956421,0.5956607460975647,0.36380934715270996
YGR140W,YJL090C,0,0.09495943,0.14252005517482758,0.5956607460975647,0.3639094829559326
YIL138C,YLR127C,0,0.094955444,0.14248643815517426,0.5956607460975647,0.3640096187591553
YNL121C,YDR316W-A,0,0.09492622,0.14245283603668213,0.5956607460975647,0.36410975456237793
YGR257C,YOR201C,0,0.09486325,0.14241923391819,0.5956607460975647,0.3642098903656006
YER006W,YMR257C,0,0.09445746,0.14238566160202026,0.5956607460975647,0.36431002616882324
YHR168W,YPL159C,0,0.09445353,0.14235210418701172,0.5956607460975647,0.3644101619720459
YOR069W,YGL021W,0,0.09440258,0.14231856167316437,0.5956607460975647,0.36451032757759094
YJL208C,YBR223C,1,0.094386935,0.14252060651779175,0.5966469645500183,0.36451032757759094
YHR143W,YPL132W,0,0.09437758,0.1424870491027832,0.5966469645500183,0.3646104633808136
YPR186C,YIL168W,0,0.09430586,0.14245349168777466,0.5966469645500183,0.36471059918403625
YGR002C,YBR264C,0,0.09422712,0.1424199640750885,0.5966469645500183,0.3648107349872589
YDR409W,YOL141W,0,0.09416458,0.14238643646240234,0.5966469645500183,0.36491087079048157
YHR077C,YJR060W,0,0.09408577,0.14235293865203857,0.5966469645500183,0.3650110065937042
YJR149W,YNL208W,0,0.09403924,0.142319455742836,0.5966469645500183,0.3651111423969269
YOL094C,YJR017C,0,0.09403297,0.14228598773479462,0.5966469645500183,0.3652113080024719
YGL130W,YJR077C,0,0.093967766,0.14225253462791443,0.5966469645500183,0.3653114438056946
YDL155W,YIL157C,0,0.09394439,0.14221908152103424,0.5966469645500183,0.36541157960891724
YBR098W,YOR150W,0,0.09394383,0.14218565821647644,0.5966469645500183,0.3655117154121399
YDR353W,YHR121W,0,0.093924016,0.14215224981307983,0.5966469645500183,0.36561185121536255
YML085C,YOR348C,0,0.09391096,0.14211885631084442,0.5966469645500183,0.3657119870185852
YEL020C,YIL021W,0,0.09383902,0.1420854926109314,0.5966469645500183,0.36581212282180786
YCL043C,YKR009C,0,0.093473375,0.14205212891101837,0.5966469645500183,0.3659122884273529
YFL045C,YDL126C,0,0.09320065,0.14201878011226654,0.5966469645500183,0.36601242423057556
YOR243C,YOR324C,0,0.093152195,0.1419854462146759,0.5966469645500183,0.3661125600337982
YLR321C,YPL269W,0,0.093109444,0.14195214211940765,0.5966469645500183,0.3662126958370209
YNL112W,YMR065W,0,0.09307033,0.1419188380241394,0.5966469645500183,0.36631283164024353
YBR210W,YGL148W,0,0.09292127,0.14188554883003235,0.5966469645500183,0.3664129674434662
YNL232W,YOL080C,1,0.092879355,0.14208675920963287,0.5976331233978271,0.3664129674434662
YML054C,YBR231C,0,0.09285274,0.14205344021320343,0.5976331233978271,0.36651313304901123
YBR207W,YEL054C,0,0.092784286,0.14202015101909637,0.5976331233978271,0.3666132688522339
YOR033C,YNL102W,1,0.092758454,0.14222118258476257,0.5986193418502808,0.3666132688522339
YNR075W,YJL005W,0,0.0927529,0.14218786358833313,0.5986193418502808,0.36671340465545654
YKR018C,YJR130C,0,0.09270383,0.14215455949306488,0.5986193418502808,0.3668135404586792
YMR092C,YHR013C,0,0.092684776,0.14212128520011902,0.5986193418502808,0.36691367626190186
YOL092W,YLR389C,0,0.092536956,0.14208801090717316,0.5986193418502808,0.3670138120651245
YJR140C,YNL138W,0,0.092320696,0.14205476641654968,0.5986193418502808,0.36711394786834717
YLR009W,YOR265W,0,0.092137545,0.1420215219259262,0.5986193418502808,0.3672141134738922
YMR309C,YGR109C,0,0.09212322,0.14198830723762512,0.5986193418502808,0.36731424927711487
YMR308C,YOR339C,0,0.0921123,0.14195509254932404,0.5986193418502808,0.3674143850803375
YMR193W,YGR239C,0,0.09208289,0.14192190766334534,0.5986193418502808,0.3675145208835602
YEL077C,YHR032W,0,0.092082754,0.14188873767852783,0.5986193418502808,0.36761465668678284
YMR166C,YBL011W,0,0.091903254,0.14185556769371033,0.5986193418502808,0.3677147924900055
YNR004W,YKL101W,0,0.091800764,0.1418224275112152,0.5986193418502808,0.36781492829322815
YBR081C,YLL013C,0,0.09159627,0.1417893022298813,0.5986193418502808,0.3679150938987732
YGL173C,YMR024W,1,0.09155716,0.14198972284793854,0.5996055006980896,0.3679150938987732
YLR433C,YGR048W,0,0.09132527,0.14195656776428223,0.5996055006980896,0.36801522970199585
YPR107C,YNL265C,0,0.09129003,0.1419234424829483,0.5996055006980896,0.3681153655052185
YGR184C,YHR115C,0,0.09128602,0.14189031720161438,0.5996055006980896,0.36821550130844116
YBR012W-B,YGL175C,1,0.09125623,0.14209052920341492,0.6005917191505432,0.36821550130844116
YKL008C,YOR022C,0,0.091247916,0.1420573890209198,0.6005917191505432,0.3683156371116638
YJL048C,YDR351W,0,0.09124634,0.14202424883842468,0.6005917191505432,0.3684157729148865
YFR037C,YNL217W,0,0.09116556,0.14199113845825195,0.6005917191505432,0.36851590871810913
YBL022C,YOR150W,0,0.09112583,0.14195804297924042,0.6005917191505432,0.3686160743236542
YHR102W,YNL232W,0,0.09108991,0.14192496240139008,0.6005917191505432,0.36871621012687683
YNL291C,YMR011W,0,0.09100125,0.14189189672470093,0.6005917191505432,0.3688163459300995
YHR021C,YCR043C,0,0.09098628,0.14185884594917297,0.6005917191505432,0.36891648173332214
YNL250W,YLR277C,1,0.09096215,0.14205868542194366,0.6015779376029968,0.36891648173332214
YDR479C,YGR209C,0,0.0908671,0.14202560484409332,0.6015779376029968,0.3690166175365448
YOR324C,YDR076W,0,0.09083876,0.14199255406856537,0.6015779376029968,0.36911675333976746
YMR092C,YMR270C,0,0.09082359,0.14195950329303741,0.6015779376029968,0.3692168891429901
YOR378W,YNL127W,0,0.09080945,0.14192648231983185,0.6015779376029968,0.36931705474853516
YDR064W,YCR098C,0,0.09079191,0.14189346134662628,0.6015779376029968,0.3694171905517578
YNL322C,YDR487C,0,0.09076042,0.1418604701757431,0.6015779376029968,0.36951732635498047
YBR253W,YER087C-B,0,0.090655506,0.14182747900485992,0.6015779376029968,0.3696174621582031
YLR204W,YOR290C,0,0.09064332,0.14179451763629913,0.6015779376029968,0.3697175979614258
YJR027W,YHR062C,1,0.09062609,0.1419939547777176,0.6025640964508057,0.3697175979614258
YMR024W,YIL082W-A,1,0.09062405,0.14219330251216888,0.6035503149032593,0.3697175979614258
YJR135W-A,YOL056W,0,0.090603456,0.14216028153896332,0.6035503149032593,0.36981773376464844
YDL190C,YGL026C,0,0.09042601,0.14212726056575775,0.6035503149032593,0.3699178993701935
YER053C,YOR306C,0,0.090411685,0.14209426939487457,0.6035503149032593,0.37001803517341614
YDR400W,YPL246C,0,0.090402566,0.1420612782239914,0.6035503149032593,0.3701181709766388
YBR037C,YER184C,0,0.090353034,0.1420283168554306,0.6035503149032593,0.37021830677986145
YEL016C,YPL083C,1,0.09030603,0.1422273814678192,0.6045364737510681,0.37021830677986145
YNL335W,YBR237W,0,0.09027362,0.14219439029693604,0.6045364737510681,0.3703184425830841
YDR453C,YPL204W,0,0.090237536,0.14216141402721405,0.6045364737510681,0.37041857838630676
YGR215W,YNL012W,0,0.09015413,0.14212845265865326,0.6045364737510681,0.3705187141895294
YKL213C,YBL091C-A,0,0.090096295,0.14209550619125366,0.6045364737510681,0.37061887979507446
YPR001W,YOR393W,0,0.0898436,0.14206257462501526,0.6045364737510681,0.3707190155982971
YBR110W,YPL086C,0,0.08978495,0.14202965795993805,0.6045364737510681,0.3708191514015198
YGL173C,YOR001W,1,0.08976084,0.1422283947467804,0.6055226922035217,0.3708191514015198
YBL005W-B,YGR030C,1,0.08970964,0.14242704212665558,0.6065088510513306,0.3708191514015198
YNL314W,YFL014W,0,0.08966425,0.1423940658569336,0.6065088510513306,0.37091928720474243
YOR069W,YDR037W,0,0.0896367,0.1423611044883728,0.6065088510513306,0.3710194230079651
YJL090C,YIL142W,0,0.089484,0.1423281580209732,0.6065088510513306,0.37111955881118774
YAL012W,YDR101C,0,0.08948295,0.1422952264547348,0.6065088510513306,0.3712196946144104
YER019W,YOR069W,0,0.08943322,0.1422623246908188,0.6065088510513306,0.37131986021995544
YPL007C,YPR118W,0,0.08940452,0.14222942292690277,0.6065088510513306,0.3714199960231781
YML039W,YHL022C,1,0.08937272,0.1424277424812317,0.6074950695037842,0.3714199960231781
YNL046W,YDL045W-A,0,0.08926388,0.14239482581615448,0.6074950695037842,0.37152013182640076
YGR101W,YLR126C,0,0.08923362,0.14236190915107727,0.6074950695037842,0.3716202676296234
YOL151W,YGL234W,0,0.08918352,0.14232902228832245,0.6074950695037842,0.37172040343284607
YDL185W,YGR276C,1,0.08916114,0.14252714812755585,0.6084812879562378,0.37172040343284607
YER142C,YDR279W,1,0.08905103,0.1427251696586609,0.6094674468040466,0.37172040343284607
YDL008W,YKL137W,0,0.08903617,0.1426922231912613,0.6094674468040466,0.3718205392360687
YDR423C,YEL042W,0,0.08903138,0.1426592767238617,0.6094674468040466,0.3719206750392914
YBR142W,YHL009C,0,0.08901295,0.14262636005878448,0.6094674468040466,0.3720208406448364
YGR109C,YIL023C,0,0.08899825,0.14259344339370728,0.6094674468040466,0.3721209764480591
YKL210W,YLR013W,0,0.08899015,0.14256055653095245,0.6094674468040466,0.37222111225128174
YPR201W,YJR036C,0,0.088932805,0.14252766966819763,0.6094674468040466,0.3723212480545044
YMR134W,YKL116C,0,0.08890764,0.1424948126077652,0.6094674468040466,0.37242138385772705
YDR003W,YGL124C,0,0.08888847,0.14246197044849396,0.6094674468040466,0.3725215196609497
YBR217W,YPL074W,0,0.08871435,0.14242912828922272,0.6094674468040466,0.37262165546417236
YGR001C,YMR134W,0,0.088704154,0.14239631593227386,0.6094674468040466,0.3727218210697174
YDR432W,YGR059W,0,0.08870301,0.142363503575325,0.6094674468040466,0.37282195687294006
YDR386W,YLR312W-A,1,0.088690855,0.14256103336811066,0.6104536652565002,0.37282195687294006
YAL021C,YJR029W,1,0.08860503,0.14275845885276794,0.6114398241043091,0.37282195687294006
YBR167C,YDR472W,0,0.08858115,0.1427256017923355,0.6114398241043091,0.3729220926761627
YDR180W,YDL083C,0,0.0885738,0.14269274473190308,0.6114398241043091,0.3730222284793854
YDL143W,YDR006C,0,0.08856282,0.14265991747379303,0.6114398241043091,0.37312236428260803
YDR498C,YJR147W,0,0.08842313,0.14262710511684418,0.6114398241043091,0.3732225000858307
YDL141W,YPR144C,0,0.088417366,0.14259429275989532,0.6114398241043091,0.37332266569137573
YDL010W,YKL071W,0,0.08837049,0.14256151020526886,0.6114398241043091,0.3734228014945984
YJL178C,YPL242C,0,0.088356666,0.1425287425518036,0.6114398241043091,0.37352293729782104
YCR081W,YIR017C,0,0.088282496,0.14249597489833832,0.6114398241043091,0.3736230731010437
YDL056W,YBL026W,0,0.08824624,0.14246323704719543,0.6114398241043091,0.37372320890426636
YMR117C,YNL298W,0,0.08813118,0.14243051409721375,0.6114398241043091,0.373823344707489
YOR294W,YOL057W,0,0.08812028,0.14239779114723206,0.6114398241043091,0.37392348051071167
YPR160W,YNL039W,0,0.08800127,0.14236509799957275,0.6114398241043091,0.3740236461162567
YDR376W,YOL147C,0,0.08795723,0.14233241975307465,0.6114398241043091,0.37412378191947937
YMR194W,YAL001C,0,0.08794598,0.14229974150657654,0.6114398241043091,0.374223917722702
YJR057W,YJL153C,0,0.08781916,0.14226709306240082,0.6114398241043091,0.3743240535259247
YKL181W,YOR074C,0,0.08774276,0.1422344595193863,0.6114398241043091,0.37442418932914734
YGL030W,YKR037C,0,0.087675296,0.14220184087753296,0.6114398241043091,0.37452432513237
YMR166C,YOL097C,0,0.08762333,0.14216922223567963,0.6114398241043091,0.37462446093559265
YPL064C,YOL006C,0,0.08760068,0.14213663339614868,0.6114398241043091,0.3747246265411377
YOL120C,YOR373W,0,0.087567985,0.14210405945777893,0.6114398241043091,0.37482476234436035
YLR016C,YPR104C,0,0.08756046,0.14207150042057037,0.6114398241043091,0.374924898147583
YOL120C,YCR043C,0,0.087551504,0.14203894138336182,0.6114398241043091,0.37502503395080566
YOR214C,YFR015C,0,0.08754307,0.14200641214847565,0.6114398241043091,0.3751251697540283
YDL137W,YNL217W,0,0.08753508,0.14197389781475067,0.6114398241043091,0.375225305557251
YLR390W,YDR306C,0,0.087492526,0.1419413983821869,0.6114398241043091,0.37532544136047363
YOR037W,YER122C,0,0.08729673,0.1419088989496231,0.6114398241043091,0.3754256069660187
YGR091W,YMR236W,0,0.087000415,0.1418764293193817,0.6114398241043091,0.37552574276924133
YPL085W,YMR312W,0,0.08691865,0.1418439745903015,0.6114398241043091,0.375625878572464
YKL015W,YEL054C,0,0.086852245,0.1418115347623825,0.6114398241043091,0.37572601437568665
YPL213W,YNL119W,0,0.08681243,0.1417790949344635,0.6114398241043091,0.3758261501789093
YPL275W,YKR081C,0,0.086756445,0.14174668490886688,0.6114398241043091,0.37592628598213196
YLR390W,YHR200W,0,0.08668411,0.14171428978443146,0.6114398241043091,0.376026451587677
YJR005W,YLR103C,0,0.08660819,0.14168189465999603,0.6114398241043091,0.37612658739089966
YDR314C,YNL071W,0,0.08649971,0.141649529337883,0.6114398241043091,0.3762267231941223
YHR107C,YMR323W,0,0.08633022,0.14161717891693115,0.6114398241043091,0.37632685899734497
YMR135C,YLR121C,0,0.08631244,0.1415848433971405,0.6114398241043091,0.3764269948005676
YEL052W,YJR019C,0,0.08627397,0.14155250787734985,0.6114398241043091,0.3765271306037903
YML075C,YOR125C,0,0.08614422,0.1415202021598816,0.6114398241043091,0.37662726640701294
YPL249C,YEL002C,0,0.08610602,0.14148791134357452,0.6114398241043091,0.376727432012558
YHR063C,YLR264W,0,0.08607638,0.14145562052726746,0.6114398241043091,0.37682756781578064
YJL030W,YOR039W,0,0.086075485,0.14142335951328278,0.6114398241043091,0.3769277036190033
YDR258C,YER048C,0,0.08601499,0.1413911134004593,0.6114398241043091,0.37702783942222595
YPL252C,YGR132C,0,0.0858724,0.1413588672876358,0.6114398241043091,0.3771279752254486
YML022W,YDL215C,0,0.085808106,0.1413266509771347,0.6114398241043091,0.37722811102867126
YPR181C,YDR354W,0,0.08559865,0.1412944346666336,0.6114398241043091,0.3773282468318939
YAL012W,YDR326C,0,0.08553722,0.1412622481584549,0.6114398241043091,0.37742841243743896
YBR098W,YJR027W,1,0.085449964,0.14145785570144653,0.6124260425567627,0.37742841243743896
YGR072W,YPL091W,0,0.08539033,0.14142563939094543,0.6124260425567627,0.3775285482406616
YMR045C,YOR311C,0,0.085359246,0.14139343798160553,0.6124260425567627,0.3776286840438843
YJL130C,YNR063W,0,0.085317336,0.14136125147342682,0.6124260425567627,0.37772881984710693
YPR107C,YJL192C,0,0.08526942,0.1413290798664093,0.6124260425567627,0.3778289556503296
YGR033C,YMR319C,0,0.08522276,0.14129692316055298,0.6124260425567627,0.37792909145355225
YLR135W,YBR223C,1,0.085139304,0.14149226248264313,0.6134122014045715,0.37792909145355225
YJL157C,YMR204C,0,0.08507779,0.1414600908756256,0.6134122014045715,0.3780292272567749
YER162C,YNL035C,0,0.08506373,0.1414279192686081,0.6134122014045715,0.37812939286231995
YPR020W,YKL183W,0,0.08502875,0.14139577746391296,0.6134122014045715,0.3782295286655426
YDL215C,YBL042C,0,0.084962994,0.14136363565921783,0.6134122014045715,0.37832966446876526
YLL038C,YIL091C,0,0.08489333,0.1413315087556839,0.6134122014045715,0.3784298002719879
YNL119W,YNL316C,0,0.08485717,0.14129941165447235,0.6134122014045715,0.37852993607521057
YGR081C,YOR298C-A,0,0.0848013,0.1412673145532608,0.6134122014045715,0.3786300718784332
YBL034C,YLR025W,0,0.084791414,0.14123524725437164,0.6134122014045715,0.3787302076816559
YLR221C,YPL249C-A,0,0.08464206,0.14120317995548248,0.6134122014045715,0.3788303732872009
YNL099C,YGR162W,0,0.08456956,0.14117112755775452,0.6134122014045715,0.3789305090904236
YDL030W,YKL221W,0,0.08454753,0.14113909006118774,0.6134122014045715,0.37903064489364624
YGR227W,YML078W,0,0.08453375,0.14110708236694336,0.6134122014045715,0.3791307806968689
YNR001C,YKL179C,0,0.08451918,0.14107507467269897,0.6134122014045715,0.37923091650009155
YDR177W,YOR125C,0,0.08449903,0.14104308187961578,0.6134122014045715,0.3793310523033142
YPL252C,YMR284W,0,0.084480226,0.1410111039876938,0.6134122014045715,0.37943121790885925
YKL163W,YDL122W,0,0.08446277,0.14097914099693298,0.6134122014045715,0.3795313537120819
YBL091C-A,YJR139C,0,0.084378354,0.14094720780849457,0.6134122014045715,0.37963148951530457
YPR133W-A,YDL002C,0,0.084367715,0.14091527462005615,0.6134122014045715,0.3797316253185272
YCL055W,YKR059W,0,0.08436312,0.14088335633277893,0.6134122014045715,0.3798317611217499
YIL138C,YHR140W,0,0.08427361,0.1408514529466629,0.6134122014045715,0.37993189692497253
YAL023C,YKL053C-A,0,0.08424653,0.14081956446170807,0.6134122014045715,0.3800320327281952
YDL079C,YPR132W,0,0.084236205,0.14078769087791443,0.6134122014045715,0.38013219833374023
YLR388W,YDR034C-D,0,0.08415802,0.14075583219528198,0.6134122014045715,0.3802323341369629
YKL143W,YEL077C,0,0.0841385,0.14072398841381073,0.6134122014045715,0.38033246994018555
YLR160C,YDR363W,0,0.08411905,0.14069214463233948,0.6134122014045715,0.3804326057434082
YER004W,YDR322W,0,0.084012024,0.1406603306531906,0.6134122014045715,0.38053274154663086
YDR229W,YKR058W,0,0.08398945,0.14062853157520294,0.6134122014045715,0.3806328773498535
YMR042W,YJR029W,0,0.083965726,0.14059674739837646,0.6134122014045715,0.38073301315307617
YJL145W,YGL179C,0,0.0839496,0.14056497812271118,0.6134122014045715,0.3808331787586212
YHL019C,YGL031C,0,0.08378078,0.1405332088470459,0.6134122014045715,0.38093331456184387
YAR010C,YOR304C-A,0,0.08377624,0.140501469373703,0.6134122014045715,0.38103345036506653
YBL075C,YBR203W,0,0.0837747,0.1404697448015213,0.6134122014045715,0.3811335861682892
YPL111W,YGL100W,0,0.08374729,0.1404380202293396,0.6134122014045715,0.38123372197151184
YER069W,YMR305C,0,0.08369754,0.14040632545948029,0.6134122014045715,0.3813338577747345
YMR004W,YIR003W,0,0.08361642,0.14037463068962097,0.6134122014045715,0.38143399357795715
YMR011W,YPL068C,0,0.08358519,0.14034296572208405,0.6134122014045715,0.3815341591835022
YCL019W,YNL102W,1,0.08355054,0.14053688943386078,0.6143984198570251,0.3815341591835022
YER002W,YNR016C,0,0.08350761,0.14050517976284027,0.6143984198570251,0.38163429498672485
YKL034W,YGR258C,0,0.08349913,0.14047349989414215,0.6143984198570251,0.3817344307899475
YNL084C,YKL108W,0,0.08343628,0.14044183492660522,0.6143984198570251,0.38183456659317017
YER004W,YKL178C,0,0.083406806,0.1404101848602295,0.6143984198570251,0.3819347023963928
YHR128W,YLR024C,0,0.08332122,0.14037854969501495,0.6143984198570251,0.3820348381996155
YLR372W,YLR295C,0,0.08319299,0.1403469294309616,0.6143984198570251,0.3821350038051605
YGR092W,YCR008W,0,0.08313818,0.14031530916690826,0.6143984198570251,0.3822351396083832
YBR056W,YIL126W,0,0.083062254,0.1402837187051773,0.6143984198570251,0.38233527541160583
YER148W,YNL238W,0,0.083035216,0.14025214314460754,0.6143984198570251,0.3824354112148285
YHR081W,YLR081W,0,0.08302387,0.14022056758403778,0.6143984198570251,0.38253554701805115
YML012W,YER014C-A,0,0.08292943,0.1401890218257904,0.6143984198570251,0.3826356828212738
YNL166C,YDL150W,0,0.08290103,0.14015747606754303,0.6143984198570251,0.38273581862449646
YBL085W,YDR195W,0,0.08288353,0.14012596011161804,0.6143984198570251,0.3828359842300415
YML037C,YBL050W,0,0.08287281,0.14009444415569305,0.6143984198570251,0.38293612003326416
YDR379W,YLR057W,0,0.08271957,0.14006294310092926,0.6143984198570251,0.3830362558364868
YDR403W,YPL022W,0,0.08253856,0.14003147184848785,0.6143984198570251,0.3831363916397095
YIL049W,YDL047W,0,0.08252099,0.14000000059604645,0.6143984198570251,0.38323652744293213
YPL106C,YMR312W,0,0.08251348,0.13996854424476624,0.6143984198570251,0.3833366632461548
YOR327C,YNL134C,0,0.08250088,0.13993710279464722,0.6143984198570251,0.38343679904937744
YMR180C,YNL087W,0,0.08248513,0.1399056762456894,0.6143984198570251,0.3835369646549225
YDL170W,YBR066C,0,0.08248216,0.13987426459789276,0.6143984198570251,0.38363710045814514
YLR022C,YDL155W,0,0.08244404,0.13984286785125732,0.6143984198570251,0.3837372362613678
YDR231C,YCR096C,0,0.08234951,0.13981148600578308,0.6143984198570251,0.38383737206459045
YHR056C,YMR114C,0,0.082312584,0.13978011906147003,0.6143984198570251,0.3839375078678131
YDR026C,YLR139C,0,0.08229733,0.13974876701831818,0.6143984198570251,0.38403764367103577
YGR041W,YOR030W,0,0.0822922,0.13971742987632751,0.6143984198570251,0.3841377794742584
YJL065C,YNL172W,0,0.082282364,0.13968609273433685,0.6143984198570251,0.38423794507980347
YGL172W,YDL039C,0,0.08225496,0.13965478539466858,0.6143984198570251,0.3843380808830261
YIL139C,YHR062C,0,0.08223578,0.1396234929561615,0.6143984198570251,0.3844382166862488
YLR364W,YAL023C,0,0.08217767,0.13959220051765442,0.6143984198570251,0.38453835248947144
YLR105C,YDR478W,1,0.08203497,0.13978494703769684,0.6153846383094788,0.38453835248947144
YLL004W,YDL215C,0,0.08197738,0.13975363969802856,0.6153846383094788,0.3846384882926941
YOR288C,YPL226W,0,0.08196826,0.13972234725952148,0.6153846383094788,0.38473862409591675
YIL139C,YDR392W,0,0.08185309,0.1396910697221756,0.6153846383094788,0.3848387598991394
YNL106C,YFR029W,0,0.08179714,0.1396598070859909,0.6153846383094788,0.38493892550468445
YMR269W,YBR152W,0,0.08179311,0.1396285593509674,0.6153846383094788,0.3850390613079071
YJR083C,YEL003W,0,0.081787884,0.1395973116159439,0.6153846383094788,0.38513919711112976
YMR234W,YER138C,1,0.081733644,0.13978976011276245,0.6163707971572876,0.38513919711112976
YNL231C,YNL279W,0,0.081683844,0.13975849747657776,0.6163707971572876,0.3852393329143524
YGL054C,YPL283C,0,0.08167805,0.13972724974155426,0.6163707971572876,0.3853394687175751
YOL052C,YMR166C,0,0.08163826,0.13969601690769196,0.6163707971572876,0.38543960452079773
YER094C,YMR026C,0,0.081585854,0.13966479897499084,0.6163707971572876,0.3855397701263428
YHR191C,YML001W,0,0.08156298,0.13963359594345093,0.6163707971572876,0.38563990592956543
YOR176W,YGR008C,0,0.08147718,0.1396024078130722,0.6163707971572876,0.3857400417327881
YHL027W,YNL096C,0,0.0812988,0.13957123458385468,0.6163707971572876,0.38584017753601074
YMR146C,YPL230W,0,0.08124836,0.13954007625579834,0.6163707971572876,0.3859403133392334
YNR052C,YOL043C,1,0.0812088,0.13973213732242584,0.6173570156097412,0.3859403133392334
YDL174C,YIL093C,0,0.08100415,0.1397009640932083,0.6173570156097412,0.38604044914245605
YDR518W,YJR036C,0,0.08099043,0.13966979086399078,0.6173570156097412,0.3861405849456787
YPL059W,YJR091C,0,0.08098849,0.13963863253593445,0.6173570156097412,0.38624075055122375
YLR074C,YOL008W,0,0.080987275,0.1396074891090393,0.6173570156097412,0.3863408863544464
YGL038C,YLR348C,0,0.080957636,0.13957636058330536,0.6173570156097412,0.38644102215766907
YKL140W,YNL299W,0,0.08089287,0.1395452469587326,0.6173570156097412,0.3865411579608917
YHR069C,YDL102W,1,0.08086977,0.13973702490329742,0.61834317445755,0.3865411579608917
YPL274W,YPL242C,0,0.08079431,0.13970588147640228,0.61834317445755,0.3866412937641144
YPL213W,YOL027C,0,0.080673106,0.13967476785182953,0.61834317445755,0.38674142956733704
YLR362W,YDL226C,0,0.080585375,0.13964365422725677,0.61834317445755,0.3868415653705597
YMR263W,YGL077C,0,0.080514655,0.13961255550384521,0.61834317445755,0.38694173097610474
YHL019C,YJR036C,0,0.08048583,0.13958147168159485,0.61834317445755,0.3870418667793274
YOR035C,YER184C,0,0.080331236,0.13955041766166687,0.61834317445755,0.38714200258255005
YDR379W,YOR056C,0,0.08032034,0.1395193636417389,0.61834317445755,0.3872421383857727
YGL145W,YNL186W,0,0.080294274,0.1394883245229721,0.61834317445755,0.38734227418899536
YDR311W,YDR454C,0,0.080292106,0.13945730030536652,0.61834317445755,0.387442409992218
YLR336C,YBR030W,0,0.080265045,0.13942629098892212,0.61834317445755,0.3875425457954407
YGR169C,YGR257C,0,0.08021656,0.13939528167247772,0.61834317445755,0.3876427114009857
YDR386W,YJR029W,1,0.08014956,0.13958656787872314,0.6193293929100037,0.3876427114009857
YPR159W,YKL210W,0,0.080110565,0.13955555856227875,0.6193293929100037,0.3877428472042084
YDR238C,YGR098C,0,0.08009681,0.13952454924583435,0.6193293929100037,0.38784298300743103
YDR518W,YKL140W,0,0.08003609,0.13949355483055115,0.6193293929100037,0.3879431188106537
YHR001W,YKL089W,0,0.07992187,0.13946257531642914,0.6193293929100037,0.38804325461387634
YIR025W,YKR081C,0,0.07982722,0.13943161070346832,0.6193293929100037,0.388143390417099
YDR140W,YGL094C,0,0.07978353,0.1394006609916687,0.6193293929100037,0.38824352622032166
YGL178W,YPR159W,0,0.0797763,0.13936972618103027,0.6193293929100037,0.3883436918258667
YBR141C,YDR387C,0,0.07976269,0.13933880627155304,0.6193293929100037,0.38844382762908936
YLR141W,YPR137W,0,0.079711735,0.139307901263237,0.6193293929100037,0.388543963432312
YLR069C,YFL017W-A,0,0.07962656,0.13927699625492096,0.6193293929100037,0.38864409923553467
YDL155W,YHR023W,0,0.07956988,0.1392461210489273,0.6193293929100037,0.3887442350387573
YBR240C,YOR214C,0,0.0795696,0.13921524584293365,0.6193293929100037,0.38884437084198
YMR030W,YER118C,0,0.079513036,0.1391844004392624,0.6193293929100037,0.388944536447525
YDR353W,YFL037W,0,0.07932794,0.13915355503559113,0.6193293929100037,0.3890446722507477
YEL020C,YGR086C,0,0.07927962,0.13912272453308105,0.6193293929100037,0.38914480805397034
YKL093W,YLR128W,0,0.07925591,0.13909190893173218,0.6193293929100037,0.389244943857193
YBR048W,YHR141C,0,0.07925096,0.1390611231327057,0.6193293929100037,0.38934507966041565
YBR200W,YMR241W,0,0.079232454,0.139030322432518,0.6193293929100037,0.3894452154636383
YHR042W,YNL138W,0,0.07920456,0.1389995515346527,0.6193293929100037,0.38954535126686096
YDL043C,YPL046C,0,0.07919316,0.1389687955379486,0.6193293929100037,0.389645516872406
YBR228W,YHL022C,1,0.0791319,0.13915929198265076,0.6203156113624573,0.389645516872406
YDR499W,YMR044W,0,0.078833476,0.13912850618362427,0.6203156113624573,0.38974565267562866
YER018C,YLR045C,0,0.078752115,0.13909775018692017,0.6203156113624573,0.3898457884788513
YKL184W,YGR133W,0,0.07863349,0.13906699419021606,0.6203156113624573,0.389945924282074
YJR057W,YBR196C,0,0.07844736,0.13903625309467316,0.6203156113624573,0.39004606008529663
YLR320W,YER137C,0,0.078440875,0.13900552690029144,0.6203156113624573,0.3901461958885193
YDL216C,YDL179W,0,0.078434005,0.13897481560707092,0.6203156113624573,0.39024633169174194
YDR446W,YGL220W,0,0.078382224,0.1389441192150116,0.6203156113624573,0.390346497297287
YAL044C,YMR043W,0,0.07837817,0.13891342282295227,0.6203156113624573,0.39044663310050964
YER013W,YGR048W,0,0.07832773,0.13888275623321533,0.6203156113624573,0.3905467689037323
YOR237W,YGL190C,0,0.078298405,0.1388521045446396,0.6203156113624573,0.39064690470695496
YEL070W,YBR239C,0,0.078230634,0.13882145285606384,0.6203156113624573,0.3907470405101776
YGL106W,YFL013C,0,0.07818656,0.1387908160686493,0.6203156113624573,0.39084717631340027
YGL186C,YJL074C,0,0.07814105,0.13876020908355713,0.6203156113624573,0.3909473121166229
YJR010W,YER150W,0,0.0780859,0.13872960209846497,0.6203156113624573,0.39104747772216797
YKR104W,YOL137W,0,0.07801534,0.138699010014534,0.6203156113624573,0.3911476135253906
YML073C,YIL134W,0,0.07800068,0.13866843283176422,0.6203156113624573,0.3912477493286133
YDR447C,YHR031C,0,0.07790688,0.13863787055015564,0.6203156113624573,0.39134788513183594
YGR109C,YDR364C,0,0.07785344,0.13860732316970825,0.6203156113624573,0.3914480209350586
YBR213W,YJL198W,0,0.07777044,0.13857677578926086,0.6203156113624573,0.39154815673828125
YGR200C,YOL092W,0,0.0775504,0.13854625821113586,0.6203156113624573,0.3916483223438263
YDR488C,YJR135C,0,0.077470236,0.13851574063301086,0.6203156113624573,0.39174845814704895
YIL084C,YDR322C-A,0,0.077395305,0.13848525285720825,0.6203156113624573,0.3918485939502716
YMR267W,YLR008C,0,0.07731958,0.13845476508140564,0.6203156113624573,0.39194872975349426
YKR037C,YLR141W,0,0.07723822,0.13842429220676422,0.6203156113624573,0.3920488655567169
YCR067C,YMR264W,0,0.07720929,0.138393834233284,0.6203156113624573,0.3921490013599396
YGR105W,YLR071C,0,0.07719393,0.13836339116096497,0.6203156113624573,0.39224913716316223
YKL107W,YNL188W,0,0.07710847,0.13833296298980713,0.6203156113624573,0.3923493027687073
YKL114C,YNL250W,1,0.0770137,0.1385224312543869,0.6213017702102661,0.3923493027687073
YBR227C,YLL043W,0,0.07696563,0.13849197328090668,0.6213017702102661,0.39244943857192993
YDR013W,YML093W,0,0.07680413,0.13846154510974884,0.6213017702102661,0.3925495743751526
YMR186W,YER165W,0,0.07679853,0.138431116938591,0.6213017702102661,0.39264971017837524
YBR282W,YDR414C,0,0.076739326,0.13840070366859436,0.6213017702102661,0.3927498459815979
YBR257W,YGR166W,0,0.076735824,0.1383703052997589,0.6213017702102661,0.39284998178482056
YLR172C,YDR130C,0,0.07670886,0.13833992183208466,0.6213017702102661,0.3929501175880432
YBL006C,YNL139C,0,0.07642779,0.1383095532655716,0.6213017702102661,0.39305028319358826
YNL232W,YDR096W,0,0.07642558,0.13827919960021973,0.6213017702102661,0.3931504189968109
YDR013W,YKL089W,0,0.07634914,0.13824884593486786,0.6213017702102661,0.39325055480003357
YMR295C,YKL180W,0,0.07633725,0.13821852207183838,0.6213017702102661,0.3933506906032562
YGL037C,YBR296C,0,0.07628679,0.1381881982088089,0.6213017702102661,0.3934508264064789
YKL211C,YNL044W,0,0.07620382,0.1381578892469406,0.6213017702102661,0.39355096220970154
YIR021W,YBL037W,0,0.07611553,0.13812761008739471,0.6213017702102661,0.3936510980129242
YKL011C,YHR214C-B,1,0.07591952,0.13831652700901031,0.6222879886627197,0.3936510980129242
YBR156C,YNL279W,0,0.07576454,0.13828621804714203,0.6222879886627197,0.39375126361846924
YJL172W,YNL098C,0,0.0757404,0.13825590908527374,0.6222879886627197,0.3938513994216919
YMR059W,YKR079C,1,0.07573615,0.1384446918964386,0.6232741475105286,0.3938513994216919
YAL009W,YPR054W,0,0.075699806,0.13841436803340912,0.6232741475105286,0.39395153522491455
YMR305C,YDR527W,0,0.0756972,0.13838405907154083,0.6232741475105286,0.3940516710281372
YIL006W,YHR140W,0,0.07567054,0.13835376501083374,0.6232741475105286,0.39415180683135986
YMR045C,YDR279W,1,0.07562599,0.13854235410690308,0.6242603659629822,0.39415180683135986
YGL050W,YDR520C,0,0.07561043,0.1385120302438736,0.6242603659629822,0.3942519426345825
YNR067C,YLR035C-A,0,0.07558391,0.1384817361831665,0.6242603659629822,0.3943520784378052
YPR186C,YEL029C,0,0.07555291,0.1384514421224594,0.6242603659629822,0.3944522440433502
YDR388W,YPL069C,0,0.07552287,0.1384211629629135,0.6242603659629822,0.3945523798465729
YLR316C,YNL090W,0,0.07547715,0.1383908987045288,0.6242603659629822,0.39465251564979553
YFL055W,YHL004W,0,0.07546672,0.1383606493473053,0.6242603659629822,0.3947526514530182
YHR179W,YBR298C,0,0.07544721,0.13833041489124298,0.6242603659629822,0.39485278725624084
YDR044W,YGL178W,0,0.07531364,0.13830019533634186,0.6242603659629822,0.3949529230594635
YPR204W,YOR057W,0,0.07524261,0.13826999068260193,0.6242603659629822,0.39505308866500854
YBR039W,YDL142C,0,0.07520996,0.138239786028862,0.6242603659629822,0.3951532244682312
YNL209W,YDR034C-D,0,0.07519981,0.13820961117744446,0.6242603659629822,0.39525336027145386
YCL036W,YHL044W,0,0.075191975,0.13817943632602692,0.6242603659629822,0.3953534960746765
YML037C,YDL069C,0,0.07514487,0.13814927637577057,0.6242603659629822,0.39545363187789917
YBR098W,YMR024W,1,0.07501565,0.13833732903003693,0.625246524810791,0.39545363187789917
YGR077C,YOL138C,0,0.07498732,0.13830715417861938,0.625246524810791,0.3955537676811218
YML039W,YCL074W,1,0.074924365,0.1384950876235962,0.6262327432632446,0.3955537676811218
YLL039C,YBL010C,0,0.07489795,0.13846489787101746,0.6262327432632446,0.3956539034843445
YGR191W,YPR140W,0,0.07483084,0.13843470811843872,0.6262327432632446,0.3957540690898895
YCL019W,YLR277C,1,0.07481646,0.1386224925518036,0.6272189617156982,0.3957540690898895
YNL213C,YDR332W,0,0.07476373,0.13859228789806366,0.6272189617156982,0.3958542048931122
YBR166C,YDL236W,0,0.07462505,0.13856209814548492,0.6272189617156982,0.39595434069633484
YDR534C,YGR026W,0,0.07461699,0.1385319083929062,0.6272189617156982,0.3960544764995575
YMR163C,YIL131C,0,0.074557215,0.13850174844264984,0.6272189617156982,0.39615461230278015
YNL085W,YMR224C,1,0.074529655,0.1386893093585968,0.6282051205635071,0.39615461230278015
YDR347W,YLR447C,0,0.07443029,0.13865911960601807,0.6282051205635071,0.3962547481060028
YGR074W,YJL189W,0,0.074288115,0.13862894475460052,0.6282051205635071,0.39635488390922546
YCL055W,YIL083C,0,0.074267685,0.13859878480434418,0.6282051205635071,0.3964550495147705
YKL211C,YDR354W,0,0.07424459,0.13856862485408783,0.6282051205635071,0.39655518531799316
YEL069C,YML071C,0,0.074193284,0.13853849470615387,0.6282051205635071,0.3966553211212158
YCR011C,YGR225W,0,0.07414779,0.1385083645582199,0.6282051205635071,0.3967554569244385
YNL053W,YJL091C,0,0.07412633,0.13847826421260834,0.6282051205635071,0.39685559272766113
YNR075W,YDR351W,0,0.07412248,0.13844816386699677,0.6282051205635071,0.3969557285308838
YAR014C,YOR187W,0,0.07393423,0.1384180784225464,0.6282051205635071,0.39705586433410645
YMR194W,YDL246C,0,0.073834874,0.1383880078792572,0.6282051205635071,0.3971560299396515
YKL137W,YHL007C,0,0.073817134,0.1383579522371292,0.6282051205635071,0.39725616574287415
YHR018C,YPL223C,0,0.073729426,0.13832791149616241,0.6282051205635071,0.3973563015460968
YML095C,YOL031C,0,0.07366975,0.13829787075519562,0.6282051205635071,0.39745643734931946
YGR030C,YPL022W,1,0.073556304,0.1384849101305008,0.6291913390159607,0.39745643734931946
YJR159W,YKL085W,0,0.07343513,0.1384548544883728,0.6291913390159607,0.3975565731525421
YLR172C,YBR118W,0,0.07333541,0.138424813747406,0.6291913390159607,0.39765670895576477
YNL139C,YLR132C,0,0.07308395,0.1383947879076004,0.6291913390159607,0.3977568447589874
YEL029C,YBR093C,0,0.07307491,0.138364776968956,0.6291913390159607,0.39785701036453247
YCR068W,YDR169C,0,0.07302922,0.13833478093147278,0.6291913390159607,0.3979571461677551
YLR066W,YBR251W,0,0.07297693,0.13830478489398956,0.6291913390159607,0.3980572819709778
YGL103W,YDR540C,0,0.07294533,0.13827481865882874,0.6291913390159607,0.39815741777420044
YGL162W,YDR096W,0,0.07274744,0.1382448524236679,0.6291913390159607,0.3982575535774231
YBR082C,YGR256W,0,0.07270056,0.13821490108966827,0.6291913390159607,0.39835768938064575
YBR267W,YKL205W,0,0.07266338,0.13818496465682983,0.6291913390159607,0.3984578549861908
YGL094C,YMR024W,1,0.07264052,0.13837158679962158,0.6301774978637695,0.3984578549861908
YPL236C,YDR334W,0,0.07255604,0.13834163546562195,0.6301774978637695,0.39855799078941345
YLR216C,YGR081C,0,0.07230384,0.13831168413162231,0.6301774978637695,0.3986581265926361
YPL046C,YPR156C,0,0.07196063,0.13828176259994507,0.6301774978637695,0.39875826239585876
YPL011C,YCL075W,0,0.071955234,0.13825184106826782,0.6301774978637695,0.3988583981990814
YGR038C-B,YOR140W,0,0.07191075,0.13822193443775177,0.6301774978637695,0.3989585340023041
YBR020W,YDR404C,0,0.071858406,0.1381920427083969,0.6301774978637695,0.39905866980552673
YIL126W,YDR196C,0,0.071808964,0.13816216588020325,0.6301774978637695,0.3991588354110718
YBL018C,YIL082W-A,1,0.071761996,0.13834846019744873,0.6311637163162231,0.3991588354110718
YBR196C,YCR098C,0,0.07173623,0.13831856846809387,0.6311637163162231,0.39925897121429443
YLR015W,YKL116C,0,0.07165842,0.138288676738739,0.6311637163162231,0.3993591070175171
YNL315C,YDL141W,0,0.07165061,0.13825879991054535,0.6311637163162231,0.39945924282073975
YCL033C,YER138C,0,0.071616516,0.13822893798351288,0.6311637163162231,0.3995593786239624
YBR058C-A,YER045C,0,0.0715871,0.1381990909576416,0.6311637163162231,0.39965951442718506
YJR057W,YDR536W,0,0.0713374,0.13816925883293152,0.6311637163162231,0.3997596502304077
YPR082C,YOL001W,0,0.07125931,0.13813944160938263,0.6311637163162231,0.39985981583595276
YHR056C,YJR025C,0,0.07121046,0.13810962438583374,0.6311637163162231,0.3999599516391754
YGR258C,YMR234W,1,0.07111838,0.13829557597637177,0.632149875164032,0.3999599516391754
YJL034W,YGR225W,0,0.07101108,0.13826574385166168,0.632149875164032,0.40006008744239807
YLR033W,YDR196C,0,0.07092072,0.1382359266281128,0.632149875164032,0.4001602232456207
YBR228W,YOR368W,1,0.07088276,0.13842172920703888,0.6331360936164856,0.4001602232456207
YCL074W,YER138C,1,0.070877165,0.138607457280159,0.6341223120689392,0.4001602232456207
YIL108W,YLL008W,0,0.07086919,0.13857758045196533,0.6341223120689392,0.4002603590488434
YKL107W,YDR310C,0,0.07084099,0.13854773342609406,0.6341223120689392,0.40036049485206604
YDR453C,YBL090W,0,0.070823535,0.13851788640022278,0.6341223120689392,0.4004606306552887
YEL064C,YOR304C-A,0,0.070695326,0.1384880393743515,0.6341223120689392,0.40056079626083374
YOR214C,YHR161C,0,0.07054893,0.1384582221508026,0.6341223120689392,0.4006609320640564
YLR133W,YNL309W,0,0.07054629,0.13842841982841492,0.6341223120689392,0.40076106786727905
YPL072W,YKL035W,0,0.070535496,0.13839861750602722,0.6341223120689392,0.4008612036705017
YML043C,YDR011W,0,0.07052237,0.13836884498596191,0.6341223120689392,0.40096133947372437
YOL086C,YLR183C,0,0.07051629,0.1383390724658966,0.6341223120689392,0.401061475276947
YPR135W,YHR094C,0,0.0704388,0.1383093148469925,0.6341223120689392,0.40116164088249207
YIR007W,YJL002C,0,0.07033595,0.13827957212924957,0.6341223120689392,0.4012617766857147
YPR127W,YLR381W,0,0.07033485,0.13824984431266785,0.6341223120689392,0.4013619124889374
YBR044C,YKL107W,0,0.07027723,0.13822011649608612,0.6341223120689392,0.40146204829216003
YHR085W,YOL155C,0,0.070258535,0.13819041848182678,0.6341223120689392,0.4015621840953827
YMR025W,YIL072W,0,0.07014521,0.13816072046756744,0.6341223120689392,0.40166231989860535
YOR025W,YHR161C,0,0.07011358,0.1381310373544693,0.6341223120689392,0.401762455701828
YBR274W,YKL008C,0,0.06981749,0.13810136914253235,0.6341223120689392,0.40186262130737305
YLR256W,YER088C,0,0.069731146,0.1380717158317566,0.6341223120689392,0.4019627571105957
YDR262W,YIL162W,0,0.06948554,0.13804207742214203,0.6341223120689392,0.40206289291381836
YDR425W,YGR180C,0,0.06939968,0.13801245391368866,0.6341223120689392,0.402163028717041
YDR046C,YIR005W,0,0.06931797,0.1379828304052353,0.6341223120689392,0.40226316452026367
YOL097C,YPL122C,0,0.06931182,0.13795322179794312,0.6341223120689392,0.40236330032348633
YPL016W,YIL134W,0,0.06927229,0.13792364299297333,0.6341223120689392,0.402463436126709
YAL021C,YIR015W,1,0.0692415,0.1381085067987442,0.635108470916748,0.402463436126709
YDR356W,YKL109W,0,0.069232844,0.13807889819145203,0.635108470916748,0.40256360173225403
YMR302C,YOL102C,0,0.06922502,0.13804930448532104,0.635108470916748,0.4026637375354767
YLR350W,YIL004C,0,0.06918636,0.13801971077919006,0.635108470916748,0.40276387333869934
YFR052W,YDL159W,0,0.069040745,0.13799014687538147,0.635108470916748,0.402864009141922
YMR127C,YER056C-A,0,0.06893746,0.13796058297157288,0.635108470916748,0.40296414494514465
YLR047C,YPL148C,0,0.06888394,0.13793103396892548,0.635108470916748,0.4030642807483673
YBR066C,YJL184W,0,0.06887598,0.13790149986743927,0.635108470916748,0.40316441655158997
YDL030W,YLR219W,0,0.06885187,0.13787198066711426,0.635108470916748,0.403264582157135
YDR382W,YDL138W,0,0.06884027,0.13784246146678925,0.635108470916748,0.40336471796035767
YOR046C,YER036C,0,0.06849004,0.13781297206878662,0.635108470916748,0.4034648537635803
YML066C,YOR149C,0,0.06846088,0.137783482670784,0.635108470916748,0.403564989566803
YDL030W,YGL094C,0,0.0684436,0.13775400817394257,0.635108470916748,0.40366512537002563
YHR032W,YBR297W,0,0.068428606,0.13772454857826233,0.635108470916748,0.4037652611732483
YGR077C,YHR181W,0,0.0683793,0.1376951038837433,0.635108470916748,0.40386539697647095
YLL013C,YGL062W,0,0.06829944,0.13766567409038544,0.635108470916748,0.403965562582016
YIL084C,YGL011C,0,0.06826323,0.1376362442970276,0.635108470916748,0.40406569838523865
YGR274C,YDR043C,0,0.06825758,0.13760684430599213,0.635108470916748,0.4041658341884613
YNL177C,YPL095C,0,0.06823294,0.13757744431495667,0.635108470916748,0.40426596999168396
YBL090W,YEL053C,0,0.06819193,0.1375480592250824,0.635108470916748,0.4043661057949066
YJR098C,YKL198C,0,0.068186566,0.13751868903636932,0.635108470916748,0.4044662415981293
YGR183C,YDR211W,0,0.0681684,0.13748931884765625,0.635108470916748,0.4045664072036743
YLR109W,YDR225W,0,0.068107784,0.13745997846126556,0.635108470916748,0.404666543006897
YPL065W,YMR241W,0,0.068043746,0.13743063807487488,0.635108470916748,0.40476667881011963
YHR069C,YMR256C,0,0.068039805,0.13740132749080658,0.635108470916748,0.4048668146133423
YMR109W,YOR242C,0,0.0680362,0.13737201690673828,0.635108470916748,0.40496695041656494
YJL124C,YMR204C,0,0.068023756,0.13734272122383118,0.635108470916748,0.4050670862197876
YDL137W,YCR039C,0,0.06801395,0.13731342554092407,0.635108470916748,0.40516722202301025
YML074C,YKL216W,0,0.06800164,0.13728415966033936,0.635108470916748,0.4052673876285553
YBR068C,YPL160W,0,0.06793222,0.13725490868091583,0.635108470916748,0.40536752343177795
YFL003C,YDL085W,0,0.06790421,0.1372256577014923,0.635108470916748,0.4054676592350006
YPR001W,YOR360C,0,0.067858234,0.13719642162322998,0.635108470916748,0.40556779503822327
YCR040W,YJR009C,0,0.06783612,0.13716720044612885,0.635108470916748,0.4056679308414459
YEL047C,YJL082W,0,0.06781535,0.1371379941701889,0.635108470916748,0.4057680666446686
YNL071W,YBR019C,0,0.06758283,0.13710878789424896,0.635108470916748,0.40586820244789124
YER162C,YOR210W,0,0.06746511,0.1370796114206314,0.635108470916748,0.4059683680534363
YFL002C,YMR034C,0,0.06738831,0.13705043494701385,0.635108470916748,0.40606850385665894
YDR453C,YIR003W,0,0.06734313,0.1370212733745575,0.635108470916748,0.4061686396598816
YML043C,YKR057W,0,0.067305855,0.13699212670326233,0.635108470916748,0.40626877546310425
YGL157W,YNL202W,0,0.06720275,0.13696299493312836,0.635108470916748,0.4063689112663269
YLR119W,YJL081C,0,0.067202374,0.13693387806415558,0.635108470916748,0.40646904706954956
YNL035C,YER056C-A,0,0.06715487,0.1369047611951828,0.635108470916748,0.4065691828727722
YIR039C,YGL257C,0,0.06703612,0.13687565922737122,0.635108470916748,0.40666934847831726
YNL283C,YMR227C,0,0.06700833,0.13684657216072083,0.635108470916748,0.4067694842815399
YOL094C,YIL090W,0,0.06699933,0.13681749999523163,0.635108470916748,0.4068696200847626
YJR119C,YDR130C,0,0.06694843,0.13678844273090363,0.635108470916748,0.40696975588798523
YJL184W,YBL046W,0,0.066881336,0.13675940036773682,0.635108470916748,0.4070698916912079
YLR228C,YPL092W,0,0.0668797,0.13673035800457,0.635108470916748,0.40717002749443054
YJL130C,YHR094C,0,0.066849515,0.1367013305425644,0.635108470916748,0.4072701930999756
YCR028C-A,YAR066W,0,0.06679642,0.13667233288288116,0.635108470916748,0.40737032890319824
YLR097C,YCR067C,0,0.066772915,0.13664332032203674,0.635108470916748,0.4074704647064209
YNR067C,YCR027C,0,0.06667173,0.1366143375635147,0.635108470916748,0.40757060050964355
YDR331W,YPL266W,0,0.06665654,0.13658536970615387,0.635108470916748,0.4076707363128662
YJL140W,YOR064C,0,0.066639744,0.13655640184879303,0.635108470916748,0.40777087211608887
YDR382W,YML110C,0,0.066622965,0.13652744889259338,0.635108470916748,0.4078710079193115
YLL051C,YLR153C,0,0.0665175,0.13649851083755493,0.635108470916748,0.40797117352485657
YGL200C,YAR066W,0,0.066430785,0.13646958768367767,0.635108470916748,0.4080713093280792
YDR371W,YNL259C,0,0.06624989,0.1364406794309616,0.635108470916748,0.4081714451313019
YCR067C,YGR148C,0,0.06624968,0.13641177117824554,0.635108470916748,0.40827158093452454
YOR148C,YNL088W,0,0.06622288,0.13638289272785187,0.635108470916748,0.4083717167377472
YDR379W,YJR040W,0,0.066197746,0.1363540142774582,0.635108470916748,0.40847185254096985
YKL201C,YCL030C,0,0.06615495,0.1363251507282257,0.635108470916748,0.4085719883441925
YOL065C,YOR197W,0,0.066098884,0.13629630208015442,0.635108470916748,0.40867215394973755
YGR072W,YDR258C,0,0.066086784,0.13626745343208313,0.635108470916748,0.4087722897529602
YLR344W,YNL242W,0,0.06603438,0.13623863458633423,0.635108470916748,0.40887242555618286
YHR011W,YNL087W,0,0.06603422,0.13620981574058533,0.635108470916748,0.4089725613594055
YGL170C,YHL007C,0,0.06600551,0.13618101179599762,0.635108470916748,0.4090726971626282
YKR037C,YOL049W,0,0.06593245,0.1361522227525711,0.635108470916748,0.40917283296585083
YDL148C,YKL119C,0,0.065896384,0.1361234337091446,0.635108470916748,0.4092729687690735
YOL158C,YLR228C,0,0.0658592,0.13609467446804047,0.635108470916748,0.40937313437461853
YML056C,YDR174W,0,0.06585621,0.13606591522693634,0.635108470916748,0.4094732701778412
YLR163C,YJL079C,0,0.06584655,0.1360371708869934,0.635108470916748,0.40957340598106384
YBR048W,YPR005C,0,0.06582781,0.13600844144821167,0.635108470916748,0.4096735417842865
YER190W,YPL227C,0,0.065820485,0.13597972691059113,0.635108470916748,0.40977367758750916
YNL070W,YGL137W,0,0.06581263,0.13595102727413177,0.635108470916748,0.4098738133907318
YDR177W,YGR125W,0,0.065611914,0.13592232763767242,0.635108470916748,0.40997394919395447
YGR072W,YML052W,0,0.06554209,0.13589364290237427,0.635108470916748,0.4100741147994995
YML073C,YPL051W,0,0.06536287,0.1358649730682373,0.635108470916748,0.41017425060272217
YPL093W,YDR470C,0,0.06508886,0.13583631813526154,0.635108470916748,0.4102743864059448
YDL024C,YCL040W,0,0.065072745,0.13580767810344696,0.635108470916748,0.4103745222091675
YCL061C,YPR018W,0,0.06505802,0.13577903807163239,0.635108470916748,0.41047465801239014
YLR350W,YML109W,0,0.06501554,0.1357504278421402,0.635108470916748,0.4105747938156128
YNL232W,YGR276C,1,0.06500392,0.1359325647354126,0.6360946893692017,0.4105747938156128
YOR151C,YOR127W,0,0.064973064,0.13590392470359802,0.6360946893692017,0.41067495942115784
YIL134W,YKR101W,0,0.06461555,0.13587528467178345,0.6360946893692017,0.4107750952243805
YER103W,YBR024W,0,0.06453557,0.13584667444229126,0.6360946893692017,0.41087523102760315
YJL200C,YCL069W,0,0.064528994,0.13581806421279907,0.6360946893692017,0.4109753668308258
YER007W,YJL042W,0,0.06447677,0.13578946888446808,0.6360946893692017,0.41107550263404846
YKL027W,YDR126W,0,0.06447196,0.13576088845729828,0.6360946893692017,0.4111756384372711
YMR137C,YNL072W,1,0.06437409,0.1359427571296692,0.6370808482170105,0.4111756384372711
YDL205C,YGR052W,0,0.0643358,0.1359141618013382,0.6370808482170105,0.4112757742404938
YDL148C,YDL127W,0,0.064067386,0.1358855664730072,0.6370808482170105,0.4113759398460388
YNL001W,YKL010C,0,0.06395218,0.1358569860458374,0.6370808482170105,0.4114760756492615
YNL258C,YOR125C,0,0.0638715,0.1358284205198288,0.6370808482170105,0.41157621145248413
YKL221W,YHR098C,0,0.063850045,0.13579986989498138,0.6370808482170105,0.4116763472557068
YIL177C,YML073C,0,0.06383384,0.13577133417129517,0.6370808482170105,0.41177648305892944
YBR154C,YCR028C,0,0.06377649,0.13574279844760895,0.6370808482170105,0.4118766188621521
YFR033C,YPR063C,0,0.06360701,0.13571429252624512,0.6370808482170105,0.41197675466537476
YOR231W,YOL097C,0,0.06354996,0.1356857866048813,0.6370808482170105,0.4120769202709198
YIL067C,YDR064W,0,0.06354995,0.13565728068351746,0.6370808482170105,0.41217705607414246
YGR112W,YEL058W,0,0.06351541,0.135628804564476,0.6370808482170105,0.4122771918773651
YDR519W,YOR071C,0,0.0634597,0.13560032844543457,0.6370808482170105,0.41237732768058777
YNL159C,YCL014W,0,0.06336122,0.13557188212871552,0.6370808482170105,0.4124774634838104
YLR301W,YJL076W,0,0.063280106,0.13554343581199646,0.6370808482170105,0.4125775992870331
YPL155C,YJR095W,0,0.06317355,0.1355150043964386,0.6370808482170105,0.41267773509025574
YDL059C,YHR183W,0,0.06311734,0.13548657298088074,0.6370808482170105,0.4127779006958008
YDL214C,YDL049C,0,0.06309253,0.13545817136764526,0.6370808482170105,0.41287803649902344
YNL169C,YHR029C,0,0.062838286,0.1354297697544098,0.6370808482170105,0.4129781723022461
YAL033W,YNL221C,1,0.06266886,0.13561098277568817,0.6380670666694641,0.4129781723022461
YJR057W,YDR423C,0,0.06263559,0.1355825662612915,0.6380670666694641,0.41307830810546875
YNL153C,YNL305C,0,0.062465955,0.13555416464805603,0.6380670666694641,0.4131784439086914
YOR336W,YHL007C,0,0.0624544,0.13552576303482056,0.6380670666694641,0.41327857971191406
YNL159C,YBR132C,0,0.062355068,0.13549737632274628,0.6380670666694641,0.4133787155151367
YNL279W,YDR316W,0,0.062258568,0.1354690045118332,0.6380670666694641,0.41347888112068176
YMR262W,YOR056C,1,0.062241886,0.13564999401569366,0.639053225517273,0.41347888112068176
YKL140W,YOR064C,0,0.06221487,0.1356215924024582,0.639053225517273,0.4135790169239044
YFR021W,YEL041W,0,0.06218798,0.1355932205915451,0.639053225517273,0.4136791527271271
YOL112W,YJR014W,0,0.06208956,0.13556484878063202,0.639053225517273,0.41377928853034973
YIL170W,YMR301C,0,0.06203362,0.13553649187088013,0.639053225517273,0.4138794243335724
YGR008C,YJR055W,0,0.061984714,0.13550814986228943,0.639053225517273,0.41397956013679504
YLR097C,YNL239W,0,0.061938044,0.13547982275485992,0.639053225517273,0.4140797257423401
YJR001W,YDL036C,0,0.06192329,0.1354515105485916,0.639053225517273,0.41417986154556274
YER026C,YCL069W,0,0.061892908,0.1354231983423233,0.639053225517273,0.4142799973487854
YLR033W,YGR144W,0,0.061821457,0.1353949010372162,0.639053225517273,0.41438013315200806
YMR078C,YBL046W,0,0.06178389,0.13536661863327026,0.639053225517273,0.4144802689552307
YMR285C,YCR093W,1,0.061685566,0.1355472058057785,0.6400394439697266,0.4144802689552307
YDL194W,YHR077C,0,0.061599966,0.1355188935995102,0.6400394439697266,0.41458040475845337
YJR060W,YER112W,0,0.061596345,0.13549061119556427,0.6400394439697266,0.414680540561676
YMR194W,YNL262W,0,0.061532672,0.13546232879161835,0.6400394439697266,0.41478070616722107
YER007W,YOR375C,0,0.061409798,0.13543406128883362,0.6400394439697266,0.4148808419704437
YPL150W,YPR029C,0,0.061408427,0.1354057937860489,0.6400394439697266,0.4149809777736664
YDR403W,YKR055W,0,0.061394718,0.13537755608558655,0.6400394439697266,0.41508111357688904
YKL140W,YPR066W,0,0.06135593,0.1353493183851242,0.6400394439697266,0.4151812493801117
YJL190C,YKL101W,0,0.061345425,0.13532109558582306,0.6400394439697266,0.41528138518333435
YML087C,YGL157W,0,0.06128941,0.1352928876876831,0.6400394439697266,0.415381520986557
YMR210W,YDR182W,0,0.061219495,0.13526469469070435,0.6400394439697266,0.41548168659210205
YKL094W,YER014C-A,0,0.0611691,0.13523650169372559,0.6400394439697266,0.4155818223953247
YKL034W,YNL208W,0,0.06105463,0.1352083384990692,0.6400394439697266,0.41568195819854736
YGL210W,YOR378W,0,0.06101204,0.13518017530441284,0.6400394439697266,0.41578209400177
YMR311C,YCR012W,0,0.060918953,0.13515202701091766,0.6400394439697266,0.4158822298049927
YHR094C,YJL036W,0,0.060877133,0.13512387871742249,0.6400394439697266,0.41598236560821533
YHR134W,YGL039W,0,0.06076927,0.1350957602262497,0.6400394439697266,0.416082501411438
YKL198C,YGR154C,0,0.060727056,0.1350676417350769,0.6400394439697266,0.41618266701698303
YKL126W,YML121W,0,0.06065898,0.1350395381450653,0.6400394439697266,0.4162828028202057
YDL229W,YER157W,0,0.06057496,0.1350114345550537,0.6400394439697266,0.41638293862342834
YCL033C,YCL043C,0,0.06030823,0.1349833607673645,0.6400394439697266,0.416483074426651
YGR175C,YBR230C,0,0.0602114,0.1349552869796753,0.6400394439697266,0.41658321022987366
YBL090W,YNL134C,0,0.060126785,0.13492722809314728,0.6400394439697266,0.4166833460330963
YMR049C,YJL149W,0,0.060049813,0.13489918410778046,0.6400394439697266,0.41678351163864136
YGR095C,YBL037W,0,0.06003647,0.13487115502357483,0.6400394439697266,0.416883647441864
YGL211W,YOR221C,0,0.05994351,0.1348431259393692,0.6400394439697266,0.41698378324508667
YOR311C,YJL176C,0,0.059851315,0.13481512665748596,0.6400394439697266,0.4170839190483093
YJR059W,YDR118W,0,0.059850533,0.13478712737560272,0.6400394439697266,0.417184054851532
YBR126C,YJR021C,0,0.059673082,0.13475914299488068,0.6400394439697266,0.41728419065475464
YPR065W,YHR084W,0,0.059649702,0.13473115861415863,0.6400394439697266,0.4173843264579773
YOL067C,YDR017C,0,0.05957083,0.13470318913459778,0.6400394439697266,0.41748449206352234
YOR044W,YDL114W,0,0.05956788,0.13467524945735931,0.6400394439697266,0.417584627866745
YLL019C,YHR187W,0,0.05952454,0.13464730978012085,0.6400394439697266,0.41768476366996765
YDL108W,YPR036W,0,0.059497435,0.13461937010288239,0.6400394439697266,0.4177848994731903
YAL055W,YMR216C,0,0.05948798,0.1345914602279663,0.6400394439697266,0.41788503527641296
YMR136W,YFR019W,0,0.0594836,0.13456355035305023,0.6400394439697266,0.4179851710796356
YPL112C,YMR049C,0,0.059460264,0.13453565537929535,0.6400394439697266,0.4180853068828583
YGR036C,YDR304C,0,0.059348416,0.13450777530670166,0.6400394439697266,0.4181854724884033
YIR011C,YLR127C,0,0.059334558,0.13447989523410797,0.6400394439697266,0.418285608291626
YBR175W,YDR476C,0,0.059271704,0.13445204496383667,0.6400394439697266,0.41838574409484863
YEL003W,YEL036C,0,0.059269782,0.13442419469356537,0.6400394439697266,0.4184858798980713
YCL052C,YOL124C,0,0.05925658,0.13439635932445526,0.6400394439697266,0.41858601570129395
YOL041C,YOR162C,0,0.059098136,0.13436852395534515,0.6400394439697266,0.4186861515045166
YKL056C,YLR027C,0,0.05907991,0.13434071838855743,0.6400394439697266,0.41878628730773926
YGR280C,YGR133W,0,0.059056934,0.13431291282176971,0.6400394439697266,0.4188864529132843
YJR098C,YOR367W,0,0.058968093,0.1342851221561432,0.6400394439697266,0.41898658871650696
YLR214W,YEL022W,0,0.058876667,0.13425734639167786,0.6400394439697266,0.4190867245197296
YAL044C,YPR140W,0,0.05884492,0.13422957062721252,0.6400394439697266,0.41918686032295227
YOR389W,YIR034C,0,0.058750544,0.13420182466506958,0.6400394439697266,0.4192869961261749
YGR191W,YLR447C,0,0.05852477,0.13417407870292664,0.6400394439697266,0.4193871319293976
YGL200C,YJR060W,0,0.058486935,0.13414634764194489,0.6400394439697266,0.41948726773262024
YOL110W,YJR083C,0,0.058324244,0.13411861658096313,0.6400394439697266,0.4195874333381653
YLR099C,YOR233W,0,0.058270555,0.13409091532230377,0.6400394439697266,0.41968756914138794
YMR104C,YNL154C,0,0.058196444,0.1340632140636444,0.6400394439697266,0.4197877049446106
YHR186C,YCL066W,0,0.058188904,0.13403552770614624,0.6400394439697266,0.41988784074783325
YGL106W,YOR256C,0,0.05816878,0.13400784134864807,0.6400394439697266,0.4199879765510559
YGR185C,YKR054C,0,0.05814063,0.1339801847934723,0.6400394439697266,0.42008811235427856
YOR391C,YBR004C,0,0.05813929,0.1339525282382965,0.6400394439697266,0.4201882779598236
YJR027W,YCL074W,1,0.057843555,0.13413123786449432,0.6410256624221802,0.4201882779598236
YBR098W,YNL282W,1,0.057823498,0.13430988788604736,0.642011821269989,0.4201882779598236
YGL200C,YAL062W,0,0.05774614,0.1342821717262268,0.642011821269989,0.42028841376304626
YGL173C,YBL005W-B,1,0.057715174,0.1344607174396515,0.6429980397224426,0.42028841376304626
YOR033C,YML039W,1,0.057678405,0.134639173746109,0.6439841985702515,0.42028841376304626
YGL251C,YLR341W,0,0.057654943,0.13461141288280487,0.6439841985702515,0.4203885495662689
YJR006W,YNL250W,1,0.057469454,0.13478977978229523,0.6449704170227051,0.4203885495662689
YKL143W,YLR073C,0,0.057422694,0.1347620040178299,0.6449704170227051,0.4204886853694916
YMR167W,YOR274W,0,0.057340767,0.13473424315452576,0.6449704170227051,0.42058882117271423
YKR058W,YGL150C,0,0.05731785,0.13470648229122162,0.6449704170227051,0.4206889569759369
YDR388W,YIL157C,0,0.057303812,0.13467875123023987,0.6449704170227051,0.42078909277915955
YOR270C,YAL022C,0,0.05728754,0.13465102016925812,0.6449704170227051,0.4208892583847046
YMR273C,YER078C,0,0.057287473,0.13462330400943756,0.6449704170227051,0.42098939418792725
YBR257W,YNL096C,0,0.057190653,0.1345956027507782,0.6449704170227051,0.4210895299911499
YMR257C,YCL020W,0,0.057036977,0.13456790149211884,0.6449704170227051,0.42118966579437256
YJL103C,YBR187W,0,0.057010215,0.13454021513462067,0.6449704170227051,0.4212898015975952
YNR020C,YJL194W,0,0.056906875,0.1345125436782837,0.6449704170227051,0.42138993740081787
YPL167C,YGL226C-A,0,0.056807373,0.1344848871231079,0.6449704170227051,0.4214900732040405
YBL019W,YBR223C,1,0.056752753,0.13466282188892365,0.6459566354751587,0.4214900732040405
YER019C-A,YNL128W,0,0.056683358,0.13463515043258667,0.6459566354751587,0.42159023880958557
YAR031W,YER118C,0,0.056618083,0.1346074789762497,0.6459566354751587,0.4216903746128082
YNL085W,YLR135W,1,0.056561556,0.13478529453277588,0.6469427943229675,0.4216903746128082
YNL304W,YJL047C,0,0.056474973,0.13475759327411652,0.6469427943229675,0.4217905104160309
YGR278W,YGL060W,0,0.05642542,0.13472992181777954,0.6469427943229675,0.42189064621925354
YNR041C,YDL075W,0,0.056353193,0.13470226526260376,0.6469427943229675,0.4219907820224762
YJR119C,YOR096W,0,0.05626354,0.13467460870742798,0.6469427943229675,0.42209091782569885
YGR075C,YLR176C,0,0.056188915,0.1346469670534134,0.6469427943229675,0.4221910536289215
YJL029C,YLR372W,0,0.056161378,0.1346193253993988,0.6469427943229675,0.42229121923446655
YLR306W,YGL162W,0,0.056120735,0.1345917135477066,0.6469427943229675,0.4223913550376892
YEL065W,YJL041W,0,0.0560244,0.1345641016960144,0.6469427943229675,0.42249149084091187
YOR098C,YFL018C,0,0.055877488,0.1345365047454834,0.6469427943229675,0.4225916266441345
YDR536W,YOR089C,0,0.055845927,0.1345089226961136,0.6469427943229675,0.4226917624473572
YOL080C,YCL075W,1,0.05583142,0.13468635082244873,0.6479290127754211,0.4226917624473572
YDR403W,YMR005W,0,0.055730637,0.13465873897075653,0.6479290127754211,0.42279189825057983
YGL173C,YER142C,1,0.05566932,0.13483606278896332,0.64891517162323,0.42279189825057983
YMR025W,YGR013W,0,0.055601243,0.13480843603610992,0.64891517162323,0.4228920340538025
YNL178W,YLR353W,0,0.055594113,0.13478082418441772,0.64891517162323,0.42299219965934753
YPR192W,YJL145W,0,0.055581104,0.13475322723388672,0.64891517162323,0.4230923354625702
YHR191C,YOR208W,0,0.05556332,0.1347256302833557,0.64891517162323,0.42319247126579285
YER020W,YNL009W,0,0.05536523,0.1346980482339859,0.64891517162323,0.4232926070690155
YDR293C,YFL002W-A,1,0.055357512,0.13487514853477478,0.6499013900756836,0.4232926070690155
YHR025W,YDR298C,0,0.05533221,0.13484755158424377,0.6499013900756836,0.42339274287223816
YPR119W,YPL206C,0,0.05528165,0.13481996953487396,0.6499013900756836,0.4234928786754608
YPL259C,YOR303W,0,0.055264678,0.13479238748550415,0.6499013900756836,0.42359304428100586
YGR140W,YHR005C-A,0,0.055165675,0.13476482033729553,0.6499013900756836,0.4236931800842285
YLR064W,YLR325C,0,0.055119473,0.1347372680902481,0.6499013900756836,0.42379331588745117
YGL212W,YER050C,0,0.055105153,0.13470973074436188,0.6499013900756836,0.42389345169067383
YGL186C,YOL017W,0,0.055039223,0.13468219339847565,0.6499013900756836,0.4239935874938965
YNL321W,YDL185W,0,0.055013116,0.1346546858549118,0.6499013900756836,0.42409372329711914
YDL142C,YBR033W,0,0.054968443,0.13462716341018677,0.6499013900756836,0.4241938591003418
YPR011C,YKL178C,0,0.054904405,0.13459967076778412,0.6499013900756836,0.42429402470588684
YMR130W,YKR054C,0,0.05485067,0.13457219302654266,0.6499013900756836,0.4243941605091095
YAL043C,YJL004C,0,0.054789525,0.1345447152853012,0.6499013900756836,0.42449429631233215
YKL028W,YOR187W,0,0.054774012,0.13451725244522095,0.6499013900756836,0.4245944321155548
YDR082W,YJR104C,0,0.054760363,0.13448978960514069,0.6499013900756836,0.42469456791877747
YEL052W,YER042W,0,0.0546596,0.1344623565673828,0.6499013900756836,0.4247947037220001
YML063W,YLR166C,0,0.05451585,0.13443492352962494,0.6499013900756836,0.4248948395252228
YPR152C,YNR028W,0,0.05450247,0.13440750539302826,0.6499013900756836,0.4249950051307678
YEL003W,YER099C,0,0.05426729,0.13438010215759277,0.6499013900756836,0.4250951409339905
YPR190C,YMR281W,0,0.054200556,0.1343526989221573,0.6499013900756836,0.42519527673721313
YDR228C,YOL157C,0,0.054169666,0.134325310587883,0.6499013900756836,0.4252954125404358
YHR178W,YBR077C,0,0.054099854,0.1342979371547699,0.6499013900756836,0.42539554834365845
YOR377W,YPL186C,0,0.054074902,0.134270578622818,0.6499013900756836,0.4254956841468811
YGL206C,YLR307W,0,0.05397631,0.1342432200908661,0.6499013900756836,0.42559581995010376
YHR039C-A,YGL012W,0,0.053944644,0.13421589136123657,0.6499013900756836,0.4256959855556488
YMR163C,YKL144C,0,0.053936046,0.13418856263160706,0.6499013900756836,0.42579612135887146
YDR379W,YAR066W,0,0.053929742,0.13416123390197754,0.6499013900756836,0.4258962571620941
YEL031W,YDR451C,0,0.05373614,0.1341339349746704,0.6499013900756836,0.4259963929653168
YGR087C,YGR010W,0,0.05369821,0.13410663604736328,0.6499013900756836,0.42609652876853943
YHR186C,YGL131C,0,0.053665858,0.13407935202121735,0.6499013900756836,0.4261966645717621
YER104W,YGL174W,0,0.053610053,0.1340520679950714,0.6499013900756836,0.42629683017730713
YJL210W,YPL163C,0,0.05357307,0.13402481377124786,0.6499013900756836,0.4263969659805298
YLR099C,YDL215C,0,0.05355784,0.13399755954742432,0.6499013900756836,0.42649710178375244
YMR036C,YLR129W,0,0.053552847,0.13397032022476196,0.6499013900756836,0.4265972375869751
YNL224C,YML091C,0,0.053524684,0.1339430958032608,0.6499013900756836,0.42669737339019775
YBR195C,YFR044C,0,0.053484116,0.13391587138175964,0.6499013900756836,0.4267975091934204
YDR338C,YOL158C,0,0.05338667,0.13388866186141968,0.6499013900756836,0.42689764499664307
YPL085W,YJR082C,0,0.053380143,0.1338614672422409,0.6499013900756836,0.4269978106021881
YNR049C,YLL028W,0,0.053360935,0.13383428752422333,0.6499013900756836,0.42709794640541077
YDL042C,YDR349C,0,0.05326548,0.13380710780620575,0.6499013900756836,0.4271980822086334
YNL220W,YDL191W,0,0.053200494,0.13377994298934937,0.6499013900756836,0.4272982180118561
YDR211W,YLR251W,0,0.053189885,0.13375279307365417,0.6499013900756836,0.42739835381507874
YBR120C,YIL083C,0,0.053134557,0.13372564315795898,0.6499013900756836,0.4274984896183014
YCR093W,YLR238W,0,0.05307852,0.13369852304458618,0.6499013900756836,0.42759862542152405
YLR438C-A,YMR179W,0,0.053030517,0.13367140293121338,0.6499013900756836,0.4276987910270691
YAR009C,YNL282W,1,0.052959334,0.13384708762168884,0.6508875489234924,0.4276987910270691
YOL094C,YLR103C,0,0.052899923,0.13381995260715485,0.6508875489234924,0.42779892683029175
YHR042W,YBR081C,0,0.052872624,0.13379281759262085,0.6508875489234924,0.4278990626335144
YJR135W-A,YDR251W,0,0.052869584,0.13376571238040924,0.6508875489234924,0.42799919843673706
YGL187C,YDL020C,0,0.052754972,0.13373860716819763,0.6508875489234924,0.4280993342399597
YLR369W,YNL008C,0,0.05272225,0.13371150195598602,0.6508875489234924,0.4281994700431824
YMR292W,YEL004W,0,0.052704867,0.1336844265460968,0.6508875489234924,0.42829960584640503
YDR387C,YNL064C,0,0.05261145,0.13365735113620758,0.6508875489234924,0.4283997714519501
YMR194W,YER119C,0,0.052608054,0.13363029062747955,0.6508875489234924,0.42849990725517273
YMR024W,YOR130C,0,0.05259135,0.13360324501991272,0.6508875489234924,0.4286000430583954
YGR009C,YKL171W,0,0.052576687,0.1335761994123459,0.6508875489234924,0.42870017886161804
YOR261C,YOL102C,0,0.052525785,0.13354916870594025,0.6508875489234924,0.4288003146648407
YDR424C,YNR035C,0,0.052494857,0.1335221529006958,0.6508875489234924,0.42890045046806335
YBR213W,YDR411C,0,0.05248716,0.13349515199661255,0.6508875489234924,0.429000586271286
YHR056C,YOR322C,0,0.052411895,0.1334681510925293,0.6508875489234924,0.42910075187683105
YNL231C,YCR081W,0,0.052382696,0.13344116508960724,0.6508875489234924,0.4292008876800537
YOR261C,YCR027C,0,0.05236384,0.13341419398784637,0.6508875489234924,0.42930102348327637
YER048W-A,YPR163C,0,0.052271027,0.1333872228860855,0.6508875489234924,0.429401159286499
YGR134W,YBR176W,0,0.052229557,0.13336028158664703,0.6508875489234924,0.4295012950897217
YGR026W,YPR113W,0,0.052130785,0.13333334028720856,0.6508875489234924,0.42960143089294434
YBR048W,YOR126C,0,0.052127767,0.13330639898777008,0.6508875489234924,0.4297015964984894
YBR141C,YER174C,0,0.05207334,0.133279487490654,0.6508875489234924,0.42980173230171204
YCL008C,YPL202C,0,0.052024018,0.1332525759935379,0.6508875489234924,0.4299018681049347
YEL063C,YAL038W,0,0.051997524,0.133225679397583,0.6508875489234924,0.43000200390815735
YJL133W,YML027W,0,0.051963013,0.1331987828016281,0.6508875489234924,0.43010213971138
YGR035C,YMR321C,0,0.051926065,0.1331719160079956,0.6508875489234924,0.43020227551460266
YMR121C,YDL092W,0,0.0518883,0.1331450492143631,0.6508875489234924,0.4303024113178253
YPL231W,YNL069C,0,0.0518804,0.13311819732189178,0.6508875489234924,0.43040257692337036
YGL122C,YML071C,0,0.05186891,0.13309134542942047,0.6508875489234924,0.430502712726593
YDR231C,YER190W,0,0.051865105,0.13306452333927155,0.6508875489234924,0.4306028485298157
YDL161W,YJR140C,0,0.051779624,0.13303770124912262,0.6508875489234924,0.43070298433303833
YNL327W,YGL179C,0,0.051734682,0.1330108791589737,0.6508875489234924,0.430803120136261
YOR130C,YGR032W,0,0.051711213,0.13298408687114716,0.6508875489234924,0.43090325593948364
YGL183C,YPL099C,0,0.051537838,0.13295729458332062,0.6508875489234924,0.4310033917427063
YMR036C,YMR211W,0,0.051445436,0.13293051719665527,0.6508875489234924,0.43110355734825134
YPR118W,YBR105C,0,0.051338147,0.13290373980998993,0.6508875489234924,0.431203693151474
YLR246W,YBL045C,0,0.05131666,0.13287699222564697,0.6508875489234924,0.43130382895469666
YNL308C,YAL031C,0,0.051284548,0.13285024464130402,0.6508875489234924,0.4314039647579193
YIL108W,YOL141W,0,0.051270243,0.13282351195812225,0.6508875489234924,0.43150410056114197
YLR145W,YBR037C,0,0.051179994,0.1327967792749405,0.6508875489234924,0.4316042363643646
YNL221C,YML118W,1,0.051117342,0.13297122716903687,0.651873767375946,0.4316042363643646
YLR033W,YKL198C,0,0.05105656,0.1329444944858551,0.651873767375946,0.4317043721675873
YBR154C,YPL232W,0,0.051003765,0.13291776180267334,0.651873767375946,0.4318045377731323
YLR214W,YBR222C,0,0.05091851,0.13289102911949158,0.651873767375946,0.431904673576355
YBL003C,YNL058C,0,0.05089419,0.1328643262386322,0.651873767375946,0.43200480937957764
YJL130C,YNL158W,0,0.050877895,0.13283762335777283,0.651873767375946,0.4321049451828003
YJR044C,YOL102C,0,0.050877165,0.13281093537807465,0.651873767375946,0.43220508098602295
YDR263C,YJL109C,0,0.050865825,0.13278424739837646,0.651873767375946,0.4323052167892456
YMR306W,YOR067C,0,0.05083641,0.13275758922100067,0.651873767375946,0.43240538239479065
YNR010W,YOL075C,0,0.050789516,0.13273093104362488,0.651873767375946,0.4325055181980133
YML087C,YNL071W,0,0.050784077,0.13270427286624908,0.651873767375946,0.43260565400123596
YPL270W,YCR098C,0,0.050735366,0.13267764449119568,0.651873767375946,0.4327057898044586
YPL083C,YLR430W,1,0.050685223,0.13285169005393982,0.6528599858283997,0.4327057898044586
YGL174W,YGR155W,0,0.050452482,0.13282504677772522,0.6528599858283997,0.4328059256076813
YNL115C,YKR028W,0,0.050451722,0.13279838860034943,0.6528599858283997,0.43290606141090393
YOR340C,YGR223C,0,0.05038104,0.13277176022529602,0.6528599858283997,0.4330061972141266
YAR027W,YMR038C,0,0.050363805,0.13274513185024261,0.6528599858283997,0.43310636281967163
YIL145C,YBR241C,0,0.050242838,0.1327185183763504,0.6528599858283997,0.4332064986228943
YML015C,YBR170C,0,0.050228026,0.13269191980361938,0.6528599858283997,0.43330663442611694
YHR206W,YHR115C,0,0.05010457,0.13266533613204956,0.6528599858283997,0.4334067702293396
YHR107C,YLR343W,0,0.05007568,0.13263875246047974,0.6528599858283997,0.43350690603256226
YOR194C,YGR087C,0,0.050008785,0.1326121836900711,0.6528599858283997,0.4336070418357849
YML085C,YOR373W,0,0.049919125,0.13258561491966248,0.6528599858283997,0.43370717763900757
YLR362W,YHR064C,0,0.049909845,0.13255907595157623,0.6528599858283997,0.4338073432445526
YEL021W,YDR540C,0,0.049893867,0.13253253698349,0.6528599858283997,0.43390747904777527
YIL125W,YHL004W,0,0.04988486,0.13250599801540375,0.6528599858283997,0.4340076148509979
YGL094C,YMR137C,1,0.049814943,0.13267961144447327,0.6538461446762085,0.4340076148509979
YPL194W,YDR166C,0,0.04967134,0.13265305757522583,0.6538461446762085,0.4341077506542206
YDL185W,YMR137C,1,0.049530067,0.132826566696167,0.6548323631286621,0.4341077506542206
YBL089W,YHL016C,0,0.04949319,0.13279999792575836,0.6548323631286621,0.43420788645744324
YNL272C,YHR172W,0,0.049414676,0.13277344405651093,0.6548323631286621,0.4343080222606659
YJR077C,YMR004W,0,0.049401645,0.13274690508842468,0.6548323631286621,0.43440815806388855
YGR279C,YKR067W,0,0.04939382,0.13272036612033844,0.6548323631286621,0.4345083236694336
YDL150W,YPL008W,0,0.04934534,0.1326938420534134,0.6548323631286621,0.43460845947265625
YNR061C,YGL012W,0,0.049120005,0.13266733288764954,0.6548323631286621,0.4347085952758789
YEL026W,YKL095W,0,0.04910231,0.13264082372188568,0.6548323631286621,0.43480873107910156
YNL080C,YNR036C,0,0.049057603,0.1326143443584442,0.6548323631286621,0.4349088668823242
YDR519W,YFL048C,0,0.04897968,0.13258786499500275,0.6548323631286621,0.4350090026855469
YLR035C,YIR017C,0,0.048962276,0.13256138563156128,0.6548323631286621,0.43510913848876953
YDL200C,YBL113C,0,0.048961204,0.1325349360704422,0.6548323631286621,0.4352093040943146
YPR103W,YBL050W,0,0.048930954,0.13250848650932312,0.6548323631286621,0.43530943989753723
YDR173C,YDL110C,0,0.048878785,0.13248203694820404,0.6548323631286621,0.4354095757007599
YOR275C,YBR118W,0,0.048842262,0.13245561718940735,0.6548323631286621,0.43550971150398254
YNL001W,YGR195W,1,0.04868124,0.1326286345720291,0.655818521976471,0.43550971150398254
YNL102W,YGR095C,1,0.0486286,0.1328015923500061,0.6568047404289246,0.43550971150398254
YGR275W,YLR141W,0,0.04862449,0.13277511298656464,0.6568047404289246,0.4356098473072052
YCL047C,YLR343W,0,0.048617143,0.13274864852428436,0.6568047404289246,0.43570998311042786
YMR273C,YDR171W,0,0.04859596,0.13272219896316528,0.6568047404289246,0.4358101487159729
YGR189C,YNL147W,0,0.04852018,0.1326957494020462,0.6568047404289246,0.43591028451919556
YKL139W,YNL047C,0,0.04851157,0.1326693296432495,0.6568047404289246,0.4360104203224182
YOL017W,YDL104C,0,0.048416797,0.13264289498329163,0.6568047404289246,0.43611055612564087
YJL082W,YLR423C,0,0.048400607,0.13261649012565613,0.6568047404289246,0.4362106919288635
YGR221C,YMR032W,0,0.048349533,0.13259008526802063,0.6568047404289246,0.4363108277320862
YLL040C,YNL309W,0,0.048268016,0.13256369531154633,0.6568047404289246,0.43641096353530884
YMR234W,YMR262W,1,0.048252072,0.13273632526397705,0.6577908992767334,0.43641096353530884
YCL074W,YMR050C,1,0.048094567,0.1329088807106018,0.658777117729187,0.43641096353530884
YDL166C,YIR006C,0,0.048087344,0.13288243114948273,0.658777117729187,0.4365111291408539
YPL275W,YKR054C,0,0.04800668,0.13285601139068604,0.658777117729187,0.43661126494407654
YCR087C-A,YJL028W,0,0.048003297,0.13282959163188934,0.658777117729187,0.4367114007472992
YGR112W,YBL055C,0,0.047884863,0.13280318677425385,0.658777117729187,0.43681153655052185
YLR133W,YNR057C,0,0.047877517,0.13277678191661835,0.658777117729187,0.4369116723537445
YBL036C,YLR128W,0,0.047857504,0.13275039196014404,0.658777117729187,0.43701180815696716
YOR255W,YJL097W,0,0.047843304,0.13272401690483093,0.658777117729187,0.4371119439601898
YJR047C,YHR061C,0,0.04778268,0.13269765675067902,0.658777117729187,0.43721210956573486
YIL072W,YGL009C,0,0.047724638,0.1326712965965271,0.658777117729187,0.4373122453689575
YGL162W,YBR221C,0,0.04766659,0.13264495134353638,0.658777117729187,0.4374123811721802
YNR069C,YMR312W,0,0.047506478,0.13261862099170685,0.658777117729187,0.43751251697540283
YBR291C,YLR050C,0,0.047478434,0.1325923055410385,0.658777117729187,0.4376126527786255
YDR373W,YPL255W,0,0.047411226,0.13256599009037018,0.658777117729187,0.43771278858184814
YDR073W,YMR188C,0,0.04739044,0.13253968954086304,0.658777117729187,0.4378129243850708
YGR167W,YKL112W,0,0.047338646,0.1325133889913559,0.658777117729187,0.43791308999061584
YNL229C,YGL162W,0,0.04724622,0.13248710334300995,0.658777117729187,0.4380132257938385
YKR058W,YLR079W,0,0.047244254,0.1324608325958252,0.658777117729187,0.43811336159706116
YBR240C,YHR140W,0,0.047152516,0.13243457674980164,0.658777117729187,0.4382134974002838
YJR104C,YGL173C,0,0.04706887,0.13240832090377808,0.658777117729187,0.43831363320350647
YDR233C,YGR166W,0,0.047019757,0.1323820799589157,0.658777117729187,0.4384137690067291
YPL186C,YBL058W,0,0.046940353,0.13235585391521454,0.658777117729187,0.4385139048099518
YHL018W,YOL140W,0,0.04692429,0.13232964277267456,0.658777117729187,0.4386140704154968
YGR070W,YCL050C,0,0.046854,0.13230343163013458,0.658777117729187,0.4387142062187195
YOR293W,YOR070C,0,0.046832185,0.1322772204875946,0.658777117729187,0.43881434202194214
YMR277W,YPL037C,0,0.046823297,0.13225103914737701,0.658777117729187,0.4389144778251648
YBR152W,YOR328W,0,0.046756182,0.13222485780715942,0.658777117729187,0.43901461362838745
YOL030W,YLR216C,0,0.046752047,0.13219869136810303,0.658777117729187,0.4391147494316101
YDL006W,YMR189W,0,0.046742197,0.13217253983020782,0.658777117729187,0.43921491503715515
YBR058C-A,YDL029W,0,0.046729412,0.13214638829231262,0.658777117729187,0.4393150508403778
YIR010W,YNL261W,0,0.046715718,0.1321202516555786,0.658777117729187,0.43941518664360046
YLL002W,YLR010C,0,0.046707135,0.1320941299200058,0.658777117729187,0.4395153224468231
YMR154C,YFL008W,0,0.04667678,0.13206800818443298,0.658777117729187,0.4396154582500458
YOL080C,YBL018C,1,0.046660822,0.13223958015441895,0.6597633361816406,0.4396154582500458
YLR145W,YGL185C,0,0.046563584,0.13221344351768494,0.6597633361816406,0.43971559405326843
YOL142W,YOL042W,1,0.04656097,0.13238491117954254,0.6607494950294495,0.43971559405326843
YBL037W,YER165W,0,0.046515524,0.13235874474048615,0.6607494950294495,0.4398157298564911
YKL221W,YNL265C,0,0.046427947,0.13233260810375214,0.6607494950294495,0.43991589546203613
YEL050C,YKR046C,0,0.0463428,0.13230647146701813,0.6607494950294495,0.4400160312652588
YLR390W,YOL091W,0,0.04627951,0.1322803497314453,0.6607494950294495,0.44011616706848145
YBR234C,YER003C,0,0.046255033,0.1322542428970337,0.6607494950294495,0.4402163028717041
YGR175C,YIL127C,0,0.046254817,0.13222813606262207,0.6607494950294495,0.44031643867492676
YLR390W,YHR059W,0,0.04624242,0.13220205903053284,0.6607494950294495,0.4404165744781494
YDR403W,YGL205W,0,0.046176244,0.1321759670972824,0.6607494950294495,0.44051671028137207
YAR071W,YPL027W,0,0.046149824,0.13214990496635437,0.6607494950294495,0.4406168758869171
YDR429C,YPL228W,0,0.046148416,0.13212384283542633,0.6607494950294495,0.44071701169013977
YAL033W,YLR251W,0,0.046096362,0.13209779560565948,0.6607494950294495,0.4408171474933624
YGR287C,YMR078C,0,0.046067372,0.13207174837589264,0.6607494950294495,0.4409172832965851
YGR037C,YNL007C,0,0.046039496,0.132045716047287,0.6607494950294495,0.44101741909980774
YHR012W,YJL047C,0,0.0459424,0.13201969861984253,0.6607494950294495,0.4411175549030304
YGL249W,YDL051W,0,0.04593533,0.13199369609355927,0.6607494950294495,0.44121769070625305
YJR068W,YNL085W,0,0.045933794,0.131967693567276,0.6607494950294495,0.4413178563117981
YLL005C,YLR221C,0,0.04593214,0.13194170594215393,0.6607494950294495,0.44141799211502075
YBL009W,YGR113W,0,0.04588144,0.13191573321819305,0.6607494950294495,0.4415181279182434
YPR082C,YNR039C,0,0.045480702,0.13188976049423218,0.6607494950294495,0.44161826372146606
YJL099W,YMR130W,0,0.045468558,0.1318638026714325,0.6607494950294495,0.4417183995246887
YGR188C,YPR080W,0,0.04543523,0.131837859749794,0.6607494950294495,0.4418185353279114
YLR256W,YAL001C,0,0.045421142,0.13181191682815552,0.6607494950294495,0.4419187009334564
YMR203W,YML121W,0,0.045414943,0.13178598880767822,0.6607494950294495,0.4420188367366791
YJL208C,YKR079C,1,0.045197885,0.13195674121379852,0.6617357134819031,0.4420188367366791
YMR169C,YPR133W-A,0,0.045159504,0.13193078339099884,0.6617357134819031,0.44211897253990173
YNL283C,YAR066W,0,0.04506668,0.13190485537052155,0.6617357134819031,0.4422191083431244
YJR152W,YPR160W,0,0.04503497,0.13187892735004425,0.6617357134819031,0.44231924414634705
YML081C-A,YNL273W,0,0.045014504,0.13185301423072815,0.6617357134819031,0.4424193799495697
YLR016C,YOR155C,0,0.044904407,0.13182711601257324,0.6617357134819031,0.44251951575279236
YHR084W,YDL040C,0,0.04483353,0.13180121779441833,0.6617357134819031,0.4426196813583374
YHL009C,YNR003C,0,0.04474242,0.13177533447742462,0.6617357134819031,0.44271981716156006
YOL040C,YPR184W,0,0.04469165,0.1317494660615921,0.6617357134819031,0.4428199529647827
YDL070W,YIR036C,0,0.044688117,0.13172359764575958,0.6617357134819031,0.44292008876800537
YCR047C,YLR389C,0,0.04443742,0.13169774413108826,0.6617357134819031,0.443020224571228
YNR023W,YBL064C,0,0.04443166,0.13167190551757812,0.6617357134819031,0.4431203603744507
YPR042C,YCL040W,0,0.044353772,0.131646066904068,0.6617357134819031,0.44322049617767334
YDL059C,YBR084W,0,0.04435191,0.13162024319171906,0.6617357134819031,0.4433206617832184
YER137C,YML081C-A,0,0.04429663,0.1315944343805313,0.6617357134819031,0.44342079758644104
YHR036W,YML081C-A,0,0.044202954,0.13156862556934357,0.6617357134819031,0.4435209333896637
YGL237C,YMR280C,0,0.04408889,0.13154283165931702,0.6617357134819031,0.44362106919288635
YPR063C,YPR178W,0,0.044075105,0.13151705265045166,0.6617357134819031,0.443721204996109
YHL033C,YBR238C,0,0.044040453,0.1314912736415863,0.6617357134819031,0.44382134079933167
YNL032W,YDR109C,0,0.044004228,0.13146552443504333,0.6617357134819031,0.4439214766025543
YNL232W,YCR048W,0,0.043984227,0.13143976032733917,0.6617357134819031,0.44402164220809937
YER087W,YBR227C,0,0.04390079,0.1314140260219574,0.6617357134819031,0.444121778011322
YOR005C,YOL141W,0,0.043818545,0.13138829171657562,0.6617357134819031,0.4442219138145447
YOR198C,YML088W,0,0.0437367,0.13136257231235504,0.6617357134819031,0.44432204961776733
YOL137W,YLL010C,0,0.04373349,0.13133685290813446,0.6617357134819031,0.44442218542099
YBL055C,YKL149C,1,0.043581333,0.13150684535503387,0.6627218723297119,0.44442218542099
YDR414C,YLR314C,0,0.04357374,0.1314811259508133,0.6627218723297119,0.44452232122421265
YMR238W,YOR337W,0,0.043562125,0.13145539164543152,0.6627218723297119,0.4446224570274353
YBL036C,YDL007W,0,0.043466587,0.13142968714237213,0.6627218723297119,0.44472262263298035
YLR047C,YLR298C,0,0.0434001,0.13140398263931274,0.6627218723297119,0.444822758436203
YKR056W,YOL080C,1,0.043369044,0.13157379627227783,0.6637080907821655,0.444822758436203
YLL038C,YDR354W,0,0.043364357,0.13154809176921844,0.6637080907821655,0.44492289423942566
YMR182C,YLR187W,0,0.04327586,0.13152237236499786,0.6637080907821655,0.4450230300426483
YDR236C,YER131W,0,0.043237153,0.13149668276309967,0.6637080907821655,0.44512316584587097
YCR011C,YER002W,0,0.04319508,0.13147099316120148,0.6637080907821655,0.44522330164909363
YML012W,YKL009W,0,0.04317509,0.13144531846046448,0.6637080907821655,0.44532346725463867
YER145C,YPL050C,0,0.043137554,0.13141964375972748,0.6637080907821655,0.44542360305786133
YML073C,YJL073W,0,0.04308356,0.13139398396015167,0.6637080907821655,0.445523738861084
YEL060C,YBR002C,0,0.0430302,0.13136833906173706,0.6637080907821655,0.44562387466430664
YOL089C,YGL103W,0,0.042997465,0.13134269416332245,0.6637080907821655,0.4457240104675293
YPL218W,YPR200C,0,0.042910684,0.13131707906723022,0.6637080907821655,0.44582414627075195
YPR183W,YLL012W,0,0.042710807,0.1312914490699768,0.6637080907821655,0.4459242820739746
YLR225C,YHR153C,0,0.042699095,0.13126584887504578,0.6637080907821655,0.44602444767951965
YOL092W,YOR180C,0,0.042636093,0.13124024868011475,0.6637080907821655,0.4461245834827423
YGR271C-A,YDR115W,0,0.042523336,0.1312146633863449,0.6637080907821655,0.44622471928596497
YBR202W,YDL138W,0,0.0422078,0.13118907809257507,0.6637080907821655,0.4463248550891876
YLL032C,YNL147W,0,0.042169746,0.13116352260112762,0.6637080907821655,0.4464249908924103
YMR046C,YGL244W,0,0.04212677,0.13113795220851898,0.6637080907821655,0.44652512669563293
YDR299W,YAR019C,0,0.0420716,0.13111241161823273,0.6637080907821655,0.4466252624988556
YBL046W,YER101C,0,0.042049956,0.13108687102794647,0.6637080907821655,0.44672542810440063
YBR066C,YDR143C,0,0.041987088,0.1310613453388214,0.6637080907821655,0.4468255639076233
YPL139C,YDL150W,0,0.04193827,0.13103581964969635,0.6637080907821655,0.44692569971084595
YJR055W,YCL066W,0,0.04190809,0.13101032376289368,0.6637080907821655,0.4470258355140686
YLR081W,YOL090W,0,0.04186612,0.1309848129749298,0.6637080907821655,0.44712597131729126
YMR115W,YDR214W,0,0.041845907,0.13095933198928833,0.6637080907821655,0.4472261071205139
YOR133W,YMR244C-A,0,0.041685443,0.13093385100364685,0.6637080907821655,0.4473262429237366
YIL078W,YKL116C,0,0.041683298,0.13090838491916656,0.6637080907821655,0.4474264085292816
YPL129W,YDR508C,0,0.04159869,0.13088291883468628,0.6637080907821655,0.4475265443325043
YBR096W,YPL151C,0,0.041571345,0.13085748255252838,0.6637080907821655,0.44762668013572693
YIL040W,YDR507C,0,0.041548233,0.1308320313692093,0.6637080907821655,0.4477268159389496
YML132W,YKL011C,0,0.041515972,0.13080660998821259,0.6637080907821655,0.44782695174217224
YGR191W,YBR041W,0,0.04150271,0.13078118860721588,0.6637080907821655,0.4479270875453949
YGL094C,YOL042W,1,0.0414974,0.13095006346702576,0.6646943092346191,0.4479270875453949
YOL052C,YOL067C,0,0.04145361,0.13092462718486786,0.6646943092346191,0.44802722334861755
YLR119W,YLR240W,0,0.041445352,0.13089920580387115,0.6646943092346191,0.4481273889541626
YMR295C,YBR122C,0,0.041421156,0.13087378442287445,0.6646943092346191,0.44822752475738525
YPL134C,YGR180C,0,0.04141904,0.13084837794303894,0.6646943092346191,0.4483276605606079
YHR181W,YGR276C,0,0.041309606,0.13082298636436462,0.6646943092346191,0.44842779636383057
YOL089C,YGR089W,0,0.04122691,0.1307975947856903,0.6646943092346191,0.4485279321670532
YEL043W,YMR298W,0,0.041153815,0.13077221810817719,0.6646943092346191,0.4486280679702759
YBR070C,YDR480W,0,0.041011807,0.13074684143066406,0.6646943092346191,0.4487282335758209
YKR056W,YKL114C,1,0.04099017,0.13091543316841125,0.665680468082428,0.4487282335758209
YKL109W,YKL186C,0,0.04095215,0.13089005649089813,0.665680468082428,0.4488283693790436
YGR195W,YGL175C,1,0.04086415,0.13105854392051697,0.6666666865348816,0.4488283693790436
YKL130C,YKL049C,0,0.040858116,0.13103315234184265,0.6666666865348816,0.44892850518226624
YDL128W,YGL031C,0,0.04079056,0.13100774586200714,0.6666666865348816,0.4490286409854889
YHL024W,YDL055C,0,0.04077376,0.13098236918449402,0.6666666865348816,0.44912877678871155
YDR245W,YJR017C,0,0.04076591,0.1309569925069809,0.6666666865348816,0.4492289125919342
YML022W,YIR005W,0,0.040755782,0.13093163073062897,0.6666666865348816,0.44932904839515686
YOR096W,YCL045C,0,0.040664352,0.13090626895427704,0.6666666865348816,0.4494292140007019
YNR074C,YLR356W,0,0.04061265,0.1308809220790863,0.6666666865348816,0.44952934980392456
YMR295C,YIL072W,0,0.04051153,0.13085559010505676,0.6666666865348816,0.4496294856071472
YAR003W,YLL034C,0,0.040191825,0.13083027303218842,0.6666666865348816,0.4497296214103699
YHR056C,YER138C,0,0.04012316,0.13080495595932007,0.6666666865348816,0.44982975721359253
YMR024W,YOR131C,0,0.040086966,0.13077965378761292,0.6666666865348816,0.4499298930168152
YGL160W,YKL096W,0,0.04004268,0.13075435161590576,0.6666666865348816,0.45003002882003784
YDR051C,YER014C-A,0,0.040026914,0.1307290643453598,0.6666666865348816,0.4501301944255829
YJR059W,YPL167C,0,0.03986525,0.13070379197597504,0.6666666865348816,0.45023033022880554
YML095C,YFL048C,0,0.039845932,0.13067851960659027,0.6666666865348816,0.4503304660320282
YJL221C,YMR228W,0,0.039767113,0.1306532621383667,0.6666666865348816,0.45043060183525085
YGR058W,YNL162W,0,0.039760087,0.13062801957130432,0.6666666865348816,0.4505307376384735
YDR457W,YDL239C,0,0.039723214,0.13060277700424194,0.6666666865348816,0.45063087344169617
YAL021C,YOR347C,0,0.03967288,0.13057754933834076,0.6666666865348816,0.4507310092449188
YJR053W,YHR031C,0,0.039672777,0.13055233657360077,0.6666666865348816,0.45083117485046387
YLR109W,YPR058W,0,0.039662804,0.13052712380886078,0.6666666865348816,0.4509313106536865
YML060W,YDR443C,0,0.0396454,0.13050192594528198,0.6666666865348816,0.4510314464569092
YIL047C,YMR236W,0,0.039597187,0.13047674298286438,0.6666666865348816,0.45113158226013184
YGL112C,YKR059W,0,0.039583374,0.13045156002044678,0.6666666865348816,0.4512317180633545
YDR440W,YOL052C,0,0.039552774,0.13042639195919037,0.6666666865348816,0.45133185386657715
YPR167C,YER088C,0,0.03952529,0.13040123879909515,0.6666666865348816,0.4514320194721222
YMR285C,YMR045C,1,0.0394088,0.1305689513683319,0.6676528453826904,0.4514320194721222
YPR163C,YOL100W,0,0.0393229,0.1305437684059143,0.6676528453826904,0.45153215527534485
YPR042C,YGR104C,0,0.039261874,0.1305186003446579,0.6676528453826904,0.4516322910785675
YOL066C,YGR251W,0,0.03919967,0.13049344718456268,0.6676528453826904,0.45173242688179016
YNL232W,YOR001W,1,0.03903624,0.1306610107421875,0.668639063835144,0.45173242688179016
YGR275W,YLL032C,0,0.039020028,0.1306358426809311,0.668639063835144,0.4518325626850128
YDR097C,YKL148C,0,0.03901754,0.13061067461967468,0.668639063835144,0.4519326984882355
YNL292W,YNL039W,0,0.0389955,0.13058552145957947,0.668639063835144,0.45203283429145813
YBR201W,YGL212W,0,0.038941544,0.13056036829948425,0.668639063835144,0.4521329998970032
YPL170W,YOR256C,0,0.038889077,0.13053523004055023,0.668639063835144,0.45223313570022583
YNR012W,YBR278W,0,0.03887069,0.1305101066827774,0.668639063835144,0.4523332715034485
YJL145W,YER096W,0,0.03880256,0.13048498332500458,0.668639063835144,0.45243340730667114
YOR337W,YLR421C,0,0.03876425,0.13045987486839294,0.668639063835144,0.4525335431098938
YDL227C,YDL111C,1,0.03873008,0.13062717020511627,0.6696252226829529,0.4525335431098938
YDR449C,YDL074C,0,0.038685437,0.13060203194618225,0.6696252226829529,0.45263367891311646
YOR159C,YOR239W,0,0.038634356,0.13057692348957062,0.6696252226829529,0.4527338147163391
YDR446W,YMR221C,0,0.038628753,0.13055181503295898,0.6696252226829529,0.45283398032188416
YPR035W,YIL170W,0,0.03847902,0.13052672147750854,0.6696252226829529,0.4529341161251068
YNR073C,YDR088C,0,0.03833028,0.1305016279220581,0.6696252226829529,0.45303425192832947
YBR088C,YMR097C,0,0.038309295,0.13047654926776886,0.6696252226829529,0.4531343877315521
YER025W,YDL130W-A,0,0.038271,0.1304514855146408,0.6696252226829529,0.4532345235347748
YDR425W,YGL059W,0,0.03820389,0.13042643666267395,0.6696252226829529,0.45333465933799744
YNL086W,YOR234C,0,0.038183983,0.1304013878107071,0.6696252226829529,0.4534347951412201
YBR257W,YOL043C,1,0.038170777,0.13056835532188416,0.6706114411354065,0.4534347951412201
YLR147C,YPL167C,0,0.03814685,0.1305432915687561,0.6706114411354065,0.45353496074676514
YLR350W,YOR242C,0,0.038082417,0.13051822781562805,0.6706114411354065,0.4536350965499878
YMR005W,YGL249W,0,0.038073037,0.1304931938648224,0.6706114411354065,0.45373523235321045
YLR452C,YJL051W,0,0.038018692,0.13046814501285553,0.6706114411354065,0.4538353681564331
YDR156W,YLR032W,0,0.037953135,0.13044312596321106,0.6706114411354065,0.45393550395965576
YBR177C,YDR233C,0,0.037887897,0.1304181069135666,0.6706114411354065,0.4540356397628784
YLR336C,YGR261C,0,0.03776915,0.1303931027650833,0.6706114411354065,0.4541357755661011
YNL030W,YGR179C,0,0.037754286,0.13036809861660004,0.6706114411354065,0.4542359411716461
YGR231C,YDL021W,0,0.037633214,0.13034310936927795,0.6706114411354065,0.4543360769748688
YML014W,YKR037C,0,0.03759421,0.13031813502311707,0.6706114411354065,0.45443621277809143
YJR029W,YDR279W,1,0.03754234,0.13048475980758667,0.6715976595878601,0.45443621277809143
YDR026C,YBL100W-A,0,0.037537966,0.1304597705602646,0.6715976595878601,0.4545363485813141
YLR166C,YKL096W,0,0.037256446,0.1304347813129425,0.6715976595878601,0.45463648438453674
YOR153W,YIL016W,0,0.037245598,0.13040980696678162,0.6715976595878601,0.4547366201877594
YJL099W,YGR234W,0,0.037237745,0.13038483262062073,0.6715976595878601,0.45483678579330444
YLR452C,YLL002W,0,0.03716046,0.13035987317562103,0.6715976595878601,0.4549369215965271
YMR285C,YHR062C,1,0.037087973,0.1305263191461563,0.672583818435669,0.4549369215965271
YNL112W,YPR054W,0,0.037074145,0.13050134479999542,0.672583818435669,0.45503705739974976
YIL150C,YGR128C,0,0.03697327,0.13047637045383453,0.672583818435669,0.4551371932029724
YJR075W,YPR102C,0,0.036945377,0.13045141100883484,0.672583818435669,0.45523732900619507
YLR107W,YKL216W,0,0.03683239,0.13042646646499634,0.672583818435669,0.4553374648094177
YML123C,YHR181W,0,0.036805686,0.13040153682231903,0.672583818435669,0.4554376006126404
YER169W,YPL068C,0,0.0367651,0.13037660717964172,0.672583818435669,0.4555377662181854
YKL107W,YKL183W,0,0.03665452,0.13035167753696442,0.672583818435669,0.4556379020214081
YBL005W-B,YML118W,1,0.036622893,0.1305178701877594,0.6735700368881226,0.4556379020214081
YPL167C,YMR134W,0,0.036549192,0.1304929256439209,0.6735700368881226,0.45573803782463074
YLR312W-A,YJL087C,1,0.03640158,0.13065902888774872,0.6745561957359314,0.45573803782463074
YBR236C,YMR113W,0,0.036385354,0.13063406944274902,0.6745561957359314,0.4558381736278534
YDR473C,YOR182C,0,0.03638416,0.13060912489891052,0.6745561957359314,0.45593830943107605
YNR052C,YOL142W,1,0.036380667,0.1307751089334488,0.675542414188385,0.45593830943107605
YJR016C,YBR006W,0,0.03617699,0.1307501494884491,0.675542414188385,0.4560384452342987
YCR052W,YOR338W,0,0.036169063,0.1307251900434494,0.675542414188385,0.45613858103752136
YDR153C,YPR080W,0,0.03616235,0.1307002454996109,0.675542414188385,0.4562387466430664
YNL106C,YPR201W,0,0.036072586,0.1306753158569336,0.675542414188385,0.45633888244628906
YGL223C,YPR138C,0,0.03606234,0.1306503862142563,0.675542414188385,0.4564390182495117
YJL109C,YKR066C,0,0.035966944,0.13062547147274017,0.675542414188385,0.4565391540527344
YNL158W,YKL188C,0,0.03591829,0.13060057163238525,0.675542414188385,0.45663928985595703
YPL181W,YDL202W,0,0.03590795,0.13057567179203033,0.675542414188385,0.4567394256591797
YHR058C,YOR171C,0,0.035867687,0.1305507868528366,0.675542414188385,0.45683956146240234
YLR154C,YDR479C,0,0.035744097,0.13052591681480408,0.675542414188385,0.4569397270679474
YHR186C,YNL077W,0,0.035728548,0.13050104677677155,0.675542414188385,0.45703986287117004
YOL004W,YPL083C,0,0.035725635,0.1304761916399002,0.675542414188385,0.4571399986743927
YFR042W,YER073W,0,0.035705242,0.13045133650302887,0.675542414188385,0.45724013447761536
YDL188C,YER119C,0,0.035656895,0.13042651116847992,0.675542414188385,0.457340270280838
YNL163C,YBR265W,0,0.03560013,0.13040167093276978,0.675542414188385,0.45744040608406067
YOR354C,YKL188C,0,0.035582628,0.13037686049938202,0.675542414188385,0.4575405418872833
YER011W,YLL015W,0,0.035579707,0.13035205006599426,0.675542414188385,0.45764070749282837
YBR120C,YER103W,0,0.035568107,0.1303272396326065,0.675542414188385,0.457740843296051
YER160C,YKL025C,1,0.03527842,0.1304926723241806,0.6765285730361938,0.457740843296051
YLR408C,YDR018C,0,0.03526839,0.13046786189079285,0.6765285730361938,0.4578409790992737
YDR405W,YGL051W,0,0.035249002,0.1304430514574051,0.6765285730361938,0.45794111490249634
YPR124W,YBR281C,0,0.035244834,0.13041825592517853,0.6765285730361938,0.458041250705719
YGR295C,YPL103C,0,0.035224576,0.13039346039295197,0.6765285730361938,0.45814138650894165
YBR221C,YER017C,0,0.035214875,0.1303686797618866,0.6765285730361938,0.4582415521144867
YMR049C,YLR148W,0,0.035172235,0.13034391403198242,0.6765285730361938,0.45834168791770935
YPL139C,YOR162C,0,0.03513105,0.13031914830207825,0.6765285730361938,0.458441823720932
YER095W,YBR058C,0,0.034946542,0.13029439747333527,0.6765285730361938,0.45854195952415466
YDR263C,YJR029W,1,0.034912486,0.13045954704284668,0.6775147914886475,0.45854195952415466
YJL160C,YMR119W,0,0.034846824,0.1304347813129425,0.6775147914886475,0.4586420953273773
YDL216C,YHR043C,0,0.034842458,0.13041001558303833,0.6775147914886475,0.4587422311306
YML074C,YIL127C,0,0.03464214,0.13038527965545654,0.6775147914886475,0.45884236693382263
YLR285W,YIL128W,0,0.034534585,0.13036052882671356,0.6775147914886475,0.4589425325393677
YBR228W,YGR095C,1,0.034396928,0.13052551448345184,0.6785010099411011,0.4589425325393677
YPL252C,YPR182W,0,0.034391794,0.13050076365470886,0.6785010099411011,0.45904266834259033
YJR082C,YGL179C,0,0.034301814,0.13047601282596588,0.6785010099411011,0.459142804145813
YDL060W,YNL293W,0,0.034258563,0.1304512768983841,0.6785010099411011,0.45924293994903564
YGR072W,YER141W,0,0.03423798,0.1304265409708023,0.6785010099411011,0.4593430757522583
YLR107W,YNL250W,1,0.03419472,0.13059136271476746,0.6794871687889099,0.4593430757522583
YER027C,YDR454C,0,0.034189623,0.13056661188602448,0.6794871687889099,0.45944321155548096
YDR166C,YNL232W,0,0.034137495,0.1305418759584427,0.6794871687889099,0.4595433473587036
YNL037C,YNL016W,0,0.03409439,0.1305171400308609,0.6794871687889099,0.45964351296424866
YGL033W,YBR056W,0,0.034072474,0.1304924190044403,0.6794871687889099,0.4597436487674713
YDL097C,YGR215W,0,0.03407089,0.1304677128791809,0.6794871687889099,0.45984378457069397
YGR085C,YJL005W,0,0.0340633,0.1304430067539215,0.6794871687889099,0.4599439203739166
YDR436W,YOR378W,0,0.034044515,0.1304183155298233,0.6794871687889099,0.4600440561771393
YOL082W,YCR073C,0,0.03395387,0.1303936392068863,0.6794871687889099,0.46014419198036194
YNL304W,YDR481C,0,0.033866264,0.13036896288394928,0.6794871687889099,0.4602443277835846
YHR134W,YHR124W,0,0.033855718,0.13034430146217346,0.6794871687889099,0.46034449338912964
YHR039C-A,YDR242W,0,0.033833053,0.13031965494155884,0.6794871687889099,0.4604446291923523
YOR367W,YCL063W,0,0.033826422,0.1302950084209442,0.6794871687889099,0.46054476499557495
YGL090W,YAL034W-A,0,0.033818375,0.13027037680149078,0.6794871687889099,0.4606449007987976
YKL130C,YOR386W,0,0.033779483,0.13024574518203735,0.6794871687889099,0.46074503660202026
YLR265C,YAL042W,0,0.03353435,0.13022112846374512,0.6794871687889099,0.4608451724052429
YPR021C,YPR164W,0,0.033466276,0.13019652664661407,0.6794871687889099,0.46094533801078796
YIL124W,YGL175C,0,0.03342106,0.13017192482948303,0.6794871687889099,0.4610454738140106
YHR013C,YOL065C,0,0.033416163,0.13014733791351318,0.6794871687889099,0.4611456096172333
YER172C,YJR144W,0,0.033336055,0.13012275099754333,0.6794871687889099,0.46124574542045593
YPL091W,YGR105W,0,0.033285316,0.13009819388389587,0.6794871687889099,0.4613458812236786
YDR280W,YLR430W,1,0.033270773,0.13026241958141327,0.6804733872413635,0.4613458812236786
YER151C,YBL037W,0,0.033205975,0.13023783266544342,0.6804733872413635,0.46144601702690125
YHR066W,YDL142C,0,0.033159953,0.13021324574947357,0.6804733872413635,0.4615461528301239
YLR265C,YDR382W,0,0.033114757,0.13018867373466492,0.6804733872413635,0.46164631843566895
YHR191C,YGL130W,0,0.0331085,0.13016411662101746,0.6804733872413635,0.4617464542388916
YJL008C,YCL063W,0,0.033034187,0.1301395744085312,0.6804733872413635,0.46184659004211426
YOR077W,YER101C,0,0.032995086,0.13011503219604492,0.6804733872413635,0.4619467258453369
YKL114C,YLR312W-A,1,0.032888595,0.1302790343761444,0.6814595460891724,0.4619467258453369
YML040W,YDL047W,0,0.032846432,0.13025447726249695,0.6814595460891724,0.46204686164855957
YLL027W,YLR285W,0,0.03282289,0.13022993505001068,0.6814595460891724,0.4621469974517822
YDR306C,YDL185W,0,0.032820676,0.13020539283752441,0.6814595460891724,0.4622471332550049
YDR488C,YGL090W,0,0.032694723,0.13018086552619934,0.6814595460891724,0.4623472988605499
YBR012W-B,YPL033C,0,0.03269249,0.13015633821487427,0.6814595460891724,0.4624474346637726
YNR074C,YFL045C,0,0.03268623,0.1301318258047104,0.6814595460891724,0.46254757046699524
YLR105C,YLR277C,1,0.032641295,0.13029561936855316,0.682445764541626,0.46254757046699524
YMR146C,YLR414C,0,0.032615606,0.1302710771560669,0.682445764541626,0.4626477062702179
YDR476C,YOR204W,0,0.03257079,0.13024656474590302,0.682445764541626,0.46274784207344055
YNR043W,YHR005C-A,0,0.03256279,0.13022205233573914,0.682445764541626,0.4628479778766632
YDL194W,YML085C,0,0.03255191,0.13019755482673645,0.682445764541626,0.46294811367988586
YLR357W,YGR239C,0,0.032534022,0.13017305731773376,0.682445764541626,0.4630482792854309
YBL055C,YER180C,0,0.03248174,0.13014857470989227,0.682445764541626,0.46314841508865356
YJR067C,YMR162C,0,0.03247085,0.13012410700321198,0.682445764541626,0.4632485508918762
YER082C,YOR212W,0,0.032423634,0.13009963929653168,0.682445764541626,0.4633486866950989
YER095W,YDR014W,0,0.03242233,0.13007518649101257,0.682445764541626,0.46344882249832153
YMR012W,YLR144C,0,0.032411534,0.13005074858665466,0.682445764541626,0.4635489583015442
YGL134W,YBR216C,0,0.03234231,0.13002631068229675,0.682445764541626,0.46364909410476685
YFR009W,YAL031C,0,0.032229345,0.13000187277793884,0.682445764541626,0.4637492597103119
YLR233C,YHR166C,0,0.03211483,0.12997746467590332,0.682445764541626,0.46384939551353455
YNR007C,YGL062W,0,0.031912792,0.1299530565738678,0.682445764541626,0.4639495313167572
YDR311W,YNL061W,0,0.03183658,0.12992864847183228,0.682445764541626,0.46404966711997986
YOR048C,YIL080W,1,0.03180958,0.13009198009967804,0.6834319233894348,0.46404966711997986
YDR239C,YGR162W,0,0.031774793,0.13006757199764252,0.6834319233894348,0.4641498029232025
YMR086W,YOR338W,0,0.031742763,0.130043163895607,0.6834319233894348,0.46424993872642517
YDL099W,YMR204C,0,0.03164197,0.13001875579357147,0.6834319233894348,0.4643501043319702
YGL094C,YCL075W,1,0.03158417,0.1301819533109665,0.6844181418418884,0.4643501043319702
YOR337W,YPL148C,0,0.031583276,0.13015754520893097,0.6844181418418884,0.46445024013519287
YDR385W,YLR251W,0,0.03156882,0.13013313710689545,0.6844181418418884,0.4645503759384155
YMR139W,YDL210W,0,0.03150067,0.13010872900485992,0.6844181418418884,0.4646505117416382
YOR287C,YNL229C,0,0.031286854,0.1300843507051468,0.6844181418418884,0.46475064754486084
YAL042W,YPL074W,0,0.031186655,0.13005997240543365,0.6844181418418884,0.4648507833480835
YMR115W,YDR409W,0,0.031092394,0.13003559410572052,0.6844181418418884,0.46495091915130615
YMR250W,YFR007W,0,0.03105808,0.13001124560832977,0.6844181418418884,0.4650510847568512
YPL187W,YMR289W,0,0.031040158,0.12998688220977783,0.6844181418418884,0.46515122056007385
YIL170W,YGL106W,0,0.030891288,0.12996254861354828,0.6844181418418884,0.4652513563632965
YDR027C,YOL034W,0,0.030872758,0.12993821501731873,0.6844181418418884,0.46535149216651917
YDL070W,YOR322C,0,0.030853879,0.12991389632225037,0.6844181418418884,0.4654516279697418
YOR312C,YKL095W,0,0.030845348,0.129889577627182,0.6844181418418884,0.4655517637729645
YNL315C,YLR286C,0,0.030836876,0.12986527383327484,0.6844181418418884,0.46565189957618713
YLL041C,YBR126C,0,0.030781548,0.12984097003936768,0.6844181418418884,0.4657520651817322
YPL196W,YDR451C,0,0.030628297,0.1298166811466217,0.6844181418418884,0.46585220098495483
YJR006W,YOR048C,1,0.030571576,0.1299794316291809,0.685404360294342,0.46585220098495483
YOL101C,YOR100C,0,0.030524764,0.12995512783527374,0.685404360294342,0.4659523367881775
YLR133W,YGR175C,0,0.03050479,0.12993082404136658,0.685404360294342,0.46605247259140015
YDR536W,YAL040C,0,0.03049694,0.1299065351486206,0.685404360294342,0.4661526083946228
YGL037C,YDR099W,0,0.030486133,0.12988226115703583,0.685404360294342,0.46625274419784546
YPL163C,YKL205W,0,0.030437171,0.12985800206661224,0.685404360294342,0.4663528800010681
YOR036W,YGR070W,0,0.030431893,0.12983374297618866,0.685404360294342,0.46645304560661316
YMR271C,YCL052C,0,0.030343276,0.12980948388576508,0.685404360294342,0.4665531814098358
YDL212W,YKL148C,0,0.03024241,0.12978525459766388,0.685404360294342,0.46665331721305847
YMR314W,YPL079W,0,0.030180182,0.1297610104084015,0.685404360294342,0.46675345301628113
YIR011C,YNR054C,0,0.030153137,0.1297367960214615,0.685404360294342,0.4668535888195038
YJL090C,YEL054C,0,0.030145105,0.12971258163452148,0.685404360294342,0.46695372462272644
YNL230C,YLL003W,0,0.030097004,0.12968836724758148,0.685404360294342,0.4670538902282715
YER131W,YKL157W,0,0.029978704,0.12966418266296387,0.685404360294342,0.46715402603149414
YDR077W,YGL150C,0,0.029964965,0.12963999807834625,0.685404360294342,0.4672541618347168
YFL024C,YOL016C,0,0.029923003,0.12961581349372864,0.685404360294342,0.46735429763793945
YDR169C,YBR077C,0,0.02984367,0.12959164381027222,0.685404360294342,0.4674544334411621
YLR107W,YHR215W,0,0.029840674,0.129567489027977,0.685404360294342,0.46755456924438477
YDR131C,YBR236C,0,0.029695552,0.12954333424568176,0.685404360294342,0.4676547050476074
YOR067C,YIL145C,0,0.0296317,0.12951919436454773,0.685404360294342,0.46775487065315247
YKL222C,YIL117C,0,0.029594857,0.1294950693845749,0.685404360294342,0.4678550064563751
YER046W,YNL236W,0,0.029581089,0.12947094440460205,0.685404360294342,0.4679551422595978
YDR369C,YKL119C,0,0.02951869,0.1294468194246292,0.685404360294342,0.46805527806282043
YBR203W,YML036W,0,0.029513072,0.12942272424697876,0.685404360294342,0.4681554138660431
YGL245W,YOR336W,0,0.029511508,0.1293986290693283,0.685404360294342,0.46825554966926575
YMR176W,YLR321C,0,0.029444229,0.12937453389167786,0.685404360294342,0.4683556854724884
YER035W,YDR118W,0,0.029361483,0.1293504536151886,0.685404360294342,0.46845585107803345
YMR011W,YGR118W,0,0.02931745,0.12932638823986053,0.685404360294342,0.4685559868812561
YJR086W,YLR446W,0,0.029248755,0.12930232286453247,0.685404360294342,0.46865612268447876
YNL090W,YKL172W,0,0.0291753,0.1292782723903656,0.685404360294342,0.4687562584877014
YJR026W,YPR032W,0,0.029130507,0.12925423681735992,0.685404360294342,0.4688563942909241
YGL050W,YGL249W,0,0.029091485,0.12923020124435425,0.685404360294342,0.46895653009414673
YJR088C,YOR083W,0,0.029066708,0.12920616567134857,0.685404360294342,0.4690566658973694
YKR050W,YGR239C,0,0.029053036,0.12918215990066528,0.685404360294342,0.46915683150291443
YGR156W,YPR121W,0,0.029029902,0.129158154129982,0.685404360294342,0.4692569673061371
YLR424W,YOR323C,0,0.028990638,0.1291341483592987,0.685404360294342,0.46935710310935974
YJR075W,YER002W,0,0.028982129,0.1291101574897766,0.685404360294342,0.4694572389125824
YMR104C,YDL120W,0,0.028946955,0.1290861815214157,0.685404360294342,0.46955737471580505
YOL007C,YNL259C,0,0.028821211,0.1290622055530548,0.685404360294342,0.4696575105190277
YCR054C,YCR040W,0,0.028802197,0.1290382444858551,0.685404360294342,0.46975764632225037
YIR028W,YDL193W,0,0.028764982,0.1290142983198166,0.685404360294342,0.4698578119277954
YFL010W-A,YKL201C,0,0.028726485,0.12899035215377808,0.685404360294342,0.46995794773101807
YDL208W,YIL066C,0,0.028687607,0.12896640598773956,0.685404360294342,0.4700580835342407
YER164W,YJR147W,0,0.02860659,0.12894248962402344,0.685404360294342,0.4701582193374634
YDL195W,YDL039C,0,0.028592732,0.1289185732603073,0.685404360294342,0.47025835514068604
YKR035W-A,YMR239C,0,0.028496359,0.1288946568965912,0.685404360294342,0.4703584909439087
YOR216C,YLR380W,0,0.028459352,0.12887075543403625,0.685404360294342,0.47045865654945374
YHR044C,YBR159W,0,0.028431084,0.12884686887264252,0.685404360294342,0.4705587923526764
YBR122C,YDR408C,0,0.028316084,0.12882298231124878,0.685404360294342,0.47065892815589905
YNL159C,YCL055W,0,0.02829824,0.12879911065101624,0.685404360294342,0.4707590639591217
YIL020C,YLR388W,0,0.028242376,0.1287752389907837,0.685404360294342,0.47085919976234436
YDR167W,YKL201C,0,0.02822433,0.12875138223171234,0.685404360294342,0.470959335565567
YDR214W,YMR172W,0,0.028205138,0.12872754037380219,0.685404360294342,0.4710594713687897
YBR128C,YKR018C,0,0.028194346,0.12870369851589203,0.685404360294342,0.4711596369743347
YER104W,YNR032W,0,0.02814215,0.12867987155914307,0.685404360294342,0.4712597727775574
YER048W-A,YJR160C,0,0.028114479,0.1286560595035553,0.685404360294342,0.47135990858078003
YCR077C,YPR189W,0,0.02809431,0.12863224744796753,0.685404360294342,0.4714600443840027
YCL036W,YDR252W,0,0.028071605,0.12860843539237976,0.685404360294342,0.47156018018722534
YML014W,YDR385W,0,0.028055001,0.12858463823795319,0.685404360294342,0.471660315990448
YPR070W,YOR232W,0,0.028037846,0.1285608559846878,0.685404360294342,0.47176045179367065
YJR027W,YAL021C,1,0.028027285,0.12872202694416046,0.6863905191421509,0.47176045179367065
YDR163W,YPR125W,0,0.028006088,0.1286982297897339,0.6863905191421509,0.4718606173992157
YJL080C,YBR048W,0,0.02795266,0.1286744326353073,0.6863905191421509,0.47196075320243835
YDR014W,YKL090W,0,0.027939562,0.12865065038204193,0.6863905191421509,0.472060889005661
YBR264C,YBL018C,0,0.027911093,0.12862686812877655,0.6863905191421509,0.47216102480888367
YOR373W,YDR195W,0,0.02784701,0.12860310077667236,0.6863905191421509,0.4722611606121063
YMR154C,YPR178W,0,0.027804825,0.12857934832572937,0.6863905191421509,0.472361296415329
YER154W,YML010W,0,0.027743664,0.12855559587478638,0.6863905191421509,0.47246143221855164
YHR105W,YBR213W,0,0.027681936,0.12853185832500458,0.6863905191421509,0.4725615978240967
YDL021W,YBR260C,0,0.027650025,0.12850812077522278,0.6863905191421509,0.47266173362731934
YKR065C,YJR098C,0,0.027513456,0.12848439812660217,0.6863905191421509,0.472761869430542
YHR025W,YNL223W,0,0.027510587,0.12846069037914276,0.6863905191421509,0.47286200523376465
YDL204W,YEL040W,0,0.027498882,0.12843698263168335,0.6863905191421509,0.4729621410369873
YJR060W,YAR010C,0,0.027405605,0.12841328978538513,0.6863905191421509,0.47306227684020996
YJR083C,YMR135C,0,0.02735008,0.12838959693908691,0.6863905191421509,0.4731624126434326
YIL047C,YGL095C,0,0.027312364,0.1283659189939499,0.6863905191421509,0.47326257824897766
YGR098C,YJL073W,0,0.027311195,0.12834224104881287,0.6863905191421509,0.4733627140522003
YMR247C,YGL125W,0,0.027004033,0.12831857800483704,0.6863905191421509,0.473462849855423
YDR001C,YOR057W,0,0.026953105,0.1282949298620224,0.6863905191421509,0.47356298565864563
YDR014W,YEL004W,0,0.026932735,0.12827128171920776,0.6863905191421509,0.4736631214618683
YOL086C,YHR045W,0,0.02676313,0.12824764847755432,0.6863905191421509,0.47376325726509094
YEL041W,YAL010C,0,0.026500423,0.12822403013706207,0.6863905191421509,0.473863422870636
YDR403W,YDR476C,0,0.026468564,0.12820041179656982,0.6863905191421509,0.47396355867385864
YMR307W,YGR162W,0,0.026461128,0.12817679345607758,0.6863905191421509,0.4740636944770813
YCR037C,YBL005W-B,0,0.026357766,0.12815319001674652,0.6863905191421509,0.47416383028030396
YCL026C-A,YMR026C,0,0.026332226,0.12812960147857666,0.6863905191421509,0.4742639660835266
YHR188C,YNR036C,0,0.026311982,0.1281060129404068,0.6863905191421509,0.47436410188674927
YJL065C,YBR102C,0,0.026266236,0.12808243930339813,0.6863905191421509,0.4744642376899719
YAL012W,YKL190W,0,0.026185852,0.12805888056755066,0.6863905191421509,0.47456440329551697
YHR069C,YPL188W,0,0.026029442,0.12803532183170319,0.6863905191421509,0.4746645390987396
YJL025W,YBR072W,0,0.026002374,0.1280117779970169,0.6863905191421509,0.4747646749019623
YBR210W,YGR162W,0,0.025859777,0.12798823416233063,0.6863905191421509,0.47486481070518494
YDR299W,YBR066C,0,0.025752034,0.12796470522880554,0.6863905191421509,0.4749649465084076
YGL160W,YBR291C,0,0.025706869,0.12794117629528046,0.6863905191421509,0.47506508231163025
YDL227C,YLR154C,1,0.025690254,0.12810145318508148,0.6873767375946045,0.47506508231163025
YOR120W,YBR195C,0,0.025614273,0.1280779093503952,0.6873767375946045,0.4751652181148529
YMR022W,YOR204W,0,0.025550742,0.12805438041687012,0.6873767375946045,0.47526538372039795
YEL060C,YJR149W,0,0.025545653,0.12803086638450623,0.6873767375946045,0.4753655195236206
YJL034W,YDR171W,0,0.025522213,0.12800735235214233,0.6873767375946045,0.47546565532684326
YOL090W,YEL031W,0,0.02548663,0.12798383831977844,0.6873767375946045,0.4755657911300659
YHR115C,YLR043C,0,0.025424551,0.12796033918857574,0.6873767375946045,0.4756659269332886
YDR533C,YNL213C,0,0.025411177,0.12793685495853424,0.6873767375946045,0.47576606273651123
YDR387C,YNL335W,0,0.02537619,0.12791338562965393,0.6873767375946045,0.4758661985397339
YDR322W,YPR052C,0,0.025368236,0.12788990139961243,0.6873767375946045,0.47596636414527893
YOR275C,YDR016C,0,0.025276784,0.1278664469718933,0.6873767375946045,0.4760664999485016
YJL080C,YBR058C-A,0,0.02526448,0.1278429925441742,0.6873767375946045,0.47616663575172424
YOR046C,YDR512C,0,0.025255982,0.12781955301761627,0.6873767375946045,0.4762667715549469
YIL084C,YGL168W,0,0.025214165,0.12779611349105835,0.6873767375946045,0.47636690735816956
YDL164C,YNL202W,0,0.025158804,0.12777268886566162,0.6873767375946045,0.4764670431613922
YLR109W,YKR090W,0,0.024927784,0.1277492642402649,0.6873767375946045,0.47656720876693726
YBL097W,YLR408C,0,0.024917603,0.12772585451602936,0.6873767375946045,0.4766673445701599
YDL025C,YOR148C,0,0.024895977,0.12770245969295502,0.6873767375946045,0.47676748037338257
YOR028C,YDL179W,0,0.024853047,0.12767906486988068,0.6873767375946045,0.4768676161766052
YDR202C,YMR043W,0,0.024831768,0.12765568494796753,0.6873767375946045,0.4769677519798279
YBR231C,YNL129W,0,0.0248067,0.12763230502605438,0.6873767375946045,0.47706788778305054
YIL066C,YOR210W,0,0.024671659,0.12760894000530243,0.6873767375946045,0.4771680235862732
YDR440W,YOL010W,0,0.02467059,0.12758557498455048,0.6873767375946045,0.47726818919181824
YPL231W,YMR202W,0,0.024562601,0.12756222486495972,0.6873767375946045,0.4773683249950409
YGR274C,YGL224C,0,0.02454235,0.12753888964653015,0.6873767375946045,0.47746846079826355
YDR498C,YOR044W,0,0.024514716,0.12751555442810059,0.6873767375946045,0.4775685966014862
YGR084C,YOR230W,0,0.024463926,0.12749221920967102,0.6873767375946045,0.47766873240470886
YCL047C,YDL039C,0,0.024457272,0.12746891379356384,0.6873767375946045,0.4777688682079315
YJL066C,YER035W,0,0.024445515,0.12744560837745667,0.6873767375946045,0.4778690040111542
YIR033W,YML074C,0,0.024390306,0.1274223029613495,0.6873767375946045,0.4779691696166992
YLR077W,YGL213C,0,0.024361912,0.1273990124464035,0.6873767375946045,0.4780693054199219
YDR453C,YCR024C-A,0,0.024295948,0.1273757368326187,0.6873767375946045,0.47816944122314453
YOR037W,YOR274W,0,0.024292704,0.12735246121883392,0.6873767375946045,0.4782695770263672
YDL083C,YOR076C,0,0.02415168,0.12732918560504913,0.6873767375946045,0.47836971282958984
YOL003C,YHR010W,0,0.024132881,0.12730593979358673,0.6873767375946045,0.4784698486328125
YDL078C,YJL071W,0,0.024094466,0.12728269398212433,0.6873767375946045,0.47856998443603516
YGR255C,YKR058W,0,0.023975786,0.12725944817066193,0.6873767375946045,0.4786701500415802
YAL024C,YMR223W,0,0.023970831,0.12723621726036072,0.6873767375946045,0.47877028584480286
YAL009W,YOR362C,0,0.0239609,0.1272130012512207,0.6873767375946045,0.4788704216480255
YBR204C,YAL040C,0,0.023836467,0.1271897852420807,0.6873767375946045,0.47897055745124817
YPL194W,YHR143W-A,0,0.023787208,0.12716656923294067,0.6873767375946045,0.4790706932544708
YGR067C,YOR064C,0,0.023786686,0.12714338302612305,0.6873767375946045,0.4791708290576935
YDR044W,YMR235C,0,0.02378111,0.12712019681930542,0.6873767375946045,0.47927096486091614
YMR170C,YOR179C,0,0.023771223,0.1270970106124878,0.6873767375946045,0.4793711304664612
YNL073W,YPL163C,0,0.023743223,0.12707383930683136,0.6873767375946045,0.47947126626968384
YHR058C,YDR224C,0,0.023667421,0.12705066800117493,0.6873767375946045,0.4795714020729065
YLR312W-A,YKL025C,1,0.023666818,0.12720976769924164,0.6883628964424133,0.4795714020729065
YBL066C,YPR149W,0,0.023656901,0.127186581492424,0.6883628964424133,0.47967153787612915
YNL280C,YOR080W,0,0.023652006,0.12716342508792877,0.6883628964424133,0.4797716736793518
YLR100W,YLL027W,0,0.023538824,0.12714025378227234,0.6883628964424133,0.47987180948257446
YLR381W,YOL102C,0,0.023474429,0.1271170973777771,0.6883628964424133,0.4799719750881195
YCR026C,YOR048C,1,0.023450103,0.12727603316307068,0.6893491148948669,0.4799719750881195
YPR145W,YAR003W,0,0.023424845,0.12725286185741425,0.6893491148948669,0.48007211089134216
YBL003C,YOR313C,0,0.023423113,0.127229705452919,0.6893491148948669,0.4801722466945648
YPL230W,YLR219W,0,0.023351055,0.12720654904842377,0.6893491148948669,0.4802723824977875
YGR188C,YDL010W,0,0.02335025,0.12718340754508972,0.6893491148948669,0.48037251830101013
YNL281W,YDR113C,0,0.023247365,0.12716026604175568,0.6893491148948669,0.4804726541042328
YGR221C,YJL143W,0,0.023204405,0.12713713943958282,0.6893491148948669,0.48057278990745544
YML065W,YGL244W,0,0.023170348,0.12711402773857117,0.6893491148948669,0.4806729555130005
YNL113W,YOR179C,0,0.023005899,0.1270909160375595,0.6893491148948669,0.48077309131622314
YLR143W,YLR430W,1,0.022911124,0.1272495836019516,0.6903353333473206,0.48077309131622314
YDL052C,YLL029W,0,0.022900637,0.12722645699977875,0.6903353333473206,0.4808732271194458
YNR050C,YPR184W,0,0.022868674,0.1272033452987671,0.6903353333473206,0.48097336292266846
YMR130W,YKL208W,0,0.02284728,0.12718023359775543,0.6903353333473206,0.4810734987258911
YLR266C,YDL190C,0,0.022846397,0.12715713679790497,0.6903353333473206,0.48117363452911377
YBR164C,YML081C-A,0,0.022819422,0.1271340399980545,0.6903353333473206,0.4812737703323364
YBL102W,YGL208W,0,0.022804458,0.12711094319820404,0.6903353333473206,0.48137393593788147
YCL069W,YOR368W,0,0.022791173,0.12708787620067596,0.6903353333473206,0.4814740717411041
YNR049C,YGL172W,0,0.02267379,0.1270648092031479,0.6903353333473206,0.4815742075443268
YGL106W,YOR237W,0,0.022669394,0.1270417422056198,0.6903353333473206,0.48167434334754944
YNL091W,YLR343W,0,0.022643581,0.12701869010925293,0.6903353333473206,0.4817744791507721
YNL185C,YPL031C,0,0.022549238,0.12699565291404724,0.6903353333473206,0.48187461495399475
YNL119W,YOL105C,0,0.022486035,0.12697261571884155,0.6903353333473206,0.4819747507572174
YNL336W,YKL195W,0,0.022383358,0.12694957852363586,0.6903353333473206,0.48207491636276245
YDR138W,YNL127W,0,0.022328157,0.12692657113075256,0.6903353333473206,0.4821750521659851
YGL209W,YKL213C,0,0.022274759,0.12690354883670807,0.6903353333473206,0.48227518796920776
YGR008C,YOR304C-A,0,0.02209011,0.12688055634498596,0.6903353333473206,0.4823753237724304
YNL119W,YKL120W,0,0.022031453,0.12685756385326385,0.6903353333473206,0.4824754595756531
YGL180W,YDR184C,0,0.021996234,0.12683457136154175,0.6903353333473206,0.48257559537887573
YML010W,YPR189W,0,0.021984559,0.12681159377098083,0.6903353333473206,0.4826757311820984
YPL081W,YKL053C-A,0,0.021975763,0.12678863108158112,0.6903353333473206,0.48277589678764343
YKL154W,YJR099W,0,0.021927219,0.1267656683921814,0.6903353333473206,0.4828760325908661
YDR313C,YIL132C,0,0.021916922,0.12674270570278168,0.6903353333473206,0.48297616839408875
YDL101C,YIL097W,0,0.021899719,0.12671977281570435,0.6903353333473206,0.4830763041973114
YOR310C,YKR035W-A,0,0.021896902,0.12669683992862701,0.6903353333473206,0.48317644000053406
YOL017W,YJL206C,0,0.02179056,0.12667390704154968,0.6903353333473206,0.4832765758037567
YPR168W,YDR352W,0,0.021577809,0.12665098905563354,0.6903353333473206,0.48337674140930176
YGL178W,YPR191W,0,0.021524373,0.1266280710697174,0.6903353333473206,0.4834768772125244
YHR070W,YGR256W,0,0.02152234,0.12660516798496246,0.6903353333473206,0.48357701301574707
YJL203W,YNL154C,0,0.021461826,0.1265822798013687,0.6903353333473206,0.4836771488189697
YER137C,YOR360C,0,0.021456115,0.12655939161777496,0.6903353333473206,0.4837772846221924
YKL112W,YKR102W,0,0.02141698,0.1265365183353424,0.6903353333473206,0.48387742042541504
YLR160C,YML091C,0,0.021380272,0.12651364505290985,0.6903353333473206,0.4839775562286377
YCR093W,YOL043C,1,0.021316726,0.12667147815227509,0.6913214921951294,0.4839775562286377
YLR024C,YDR170W-A,0,0.021291737,0.12664860486984253,0.6913214921951294,0.48407772183418274
YKL170W,YDL166C,0,0.021254603,0.12662571668624878,0.6913214921951294,0.4841778576374054
YER148W,YGL216W,0,0.021234758,0.12660285830497742,0.6913214921951294,0.48427799344062805
YPL274W,YPL240C,0,0.021184113,0.12657999992370605,0.6913214921951294,0.4843781292438507
YKL001C,YDL107W,0,0.021179702,0.1265571415424347,0.6913214921951294,0.48447826504707336
YPL152W,YCR034W,0,0.021173108,0.12653429806232452,0.6913214921951294,0.484578400850296
YGL183C,YLL050C,0,0.021165352,0.12651145458221436,0.6913214921951294,0.4846785366535187
YDR488C,YDR519W,0,0.02109341,0.12648862600326538,0.6913214921951294,0.4847787022590637
YGR282C,YLL043W,0,0.021068182,0.1264658123254776,0.6913214921951294,0.4848788380622864
YJL044C,YPL206C,0,0.021067306,0.12644299864768982,0.6913214921951294,0.48497897386550903
YGL022W,YBR044C,0,0.021020602,0.12642019987106323,0.6913214921951294,0.4850791096687317
YIL134W,YGL244W,0,0.02098943,0.12639740109443665,0.6913214921951294,0.48517924547195435
YDR523C,YLR105C,0,0.020788468,0.12637461721897125,0.6913214921951294,0.485279381275177
YOR384W,YCL038C,0,0.020780634,0.12635183334350586,0.6913214921951294,0.48537951707839966
YGL145W,YPL212C,0,0.0207428,0.12632906436920166,0.6913214921951294,0.4854796826839447
YDR456W,YOR307C,0,0.020597953,0.12630631029605865,0.6913214921951294,0.48557981848716736
YBL005W-B,YER138C,1,0.02054086,0.12646369636058807,0.692307710647583,0.48557981848716736
YIL051C,YOR265W,0,0.020523675,0.12644092738628387,0.692307710647583,0.48567995429039
YIL162W,YKR018C,0,0.020435672,0.12641815841197968,0.692307710647583,0.48578009009361267
YPL283C,YDR523C,0,0.020434767,0.12639538943767548,0.692307710647583,0.4858802258968353
YBR141C,YLL023C,0,0.020423617,0.12637263536453247,0.692307710647583,0.485980361700058
YGR048W,YNL242W,0,0.02038389,0.12634989619255066,0.692307710647583,0.486080527305603
YOR257W,YMR244C-A,0,0.020313557,0.12632715702056885,0.692307710647583,0.4861806631088257
YDL227C,YBR167C,1,0.020163529,0.12648434937000275,0.6932938694953918,0.4861806631088257
YNL135C,YMR161W,0,0.020119157,0.12646159529685974,0.6932938694953918,0.48628079891204834
YEL020C,YNL222W,0,0.020057615,0.12643885612487793,0.6932938694953918,0.486380934715271
YBR239C,YLL062C,0,0.019897748,0.12641611695289612,0.6932938694953918,0.48648107051849365
YDR084C,YIR034C,0,0.019707296,0.1263933777809143,0.6932938694953918,0.4865812063217163
YKL213C,YDR306C,0,0.019652367,0.12637066841125488,0.6932938694953918,0.48668134212493896
YER054C,YDR156W,0,0.019622039,0.12634794414043427,0.6932938694953918,0.486781507730484
YOR171C,YDR219C,0,0.019572917,0.12632524967193604,0.6932938694953918,0.48688164353370667
YBR228W,YMR137C,1,0.019530226,0.12648221850395203,0.6942800879478455,0.48688164353370667
YDR470C,YDL004W,0,0.01942109,0.1264594942331314,0.6942800879478455,0.4869817793369293
YLR414C,YKL096W-A,0,0.019218978,0.12643678486347198,0.6942800879478455,0.487081915140152
YLR298C,YNL261W,0,0.01915354,0.12641407549381256,0.6942800879478455,0.48718205094337463
YBL018C,YDR478W,1,0.019084837,0.1265709102153778,0.6952662467956543,0.48718205094337463
YLR419W,YJL214W,0,0.019001175,0.12654820084571838,0.6952662467956543,0.4872821867465973
YNL002C,YML126C,0,0.018872876,0.12652549147605896,0.6952662467956543,0.48738232254981995
YNL002C,YEL043W,0,0.01884647,0.12650278210639954,0.6952662467956543,0.487482488155365
YGR191W,YDR520C,0,0.018799111,0.1264800876379013,0.6952662467956543,0.48758262395858765
YDR506C,YDR411C,0,0.018736493,0.12645739316940308,0.6952662467956543,0.4876827597618103
YNR052C,YLR105C,1,0.018713277,0.1266140639781952,0.6962524652481079,0.4876827597618103
YMR287C,YPR201W,0,0.01870199,0.12659135460853577,0.6962524652481079,0.48778289556503296
YOL080C,YAL015C,1,0.018683698,0.12674793601036072,0.6972386837005615,0.48778289556503296
YCL057W,YPR181C,0,0.01865587,0.1267252266407013,0.6972386837005615,0.4878830313682556
YNL039W,YEL031W,0,0.018511899,0.12670250236988068,0.6972386837005615,0.48798316717147827
YPL098C,YKL183W,0,0.018501114,0.12667980790138245,0.6972386837005615,0.4880833029747009
YDL115C,YDR402C,0,0.018450323,0.12665711343288422,0.6972386837005615,0.48818346858024597
YHL032C,YPL131W,0,0.018428411,0.126634418964386,0.6972386837005615,0.48828360438346863
YEL038W,YPL086C,0,0.018420774,0.12661175429821014,0.6972386837005615,0.4883837401866913
YML114C,YNR032W,0,0.018366609,0.1265890747308731,0.6972386837005615,0.48848387598991394
YIL111W,YGR067C,0,0.01831577,0.12656641006469727,0.6972386837005615,0.4885840117931366
YKL021C,YIR032C,0,0.018291257,0.12654376029968262,0.6972386837005615,0.48868414759635925
YML010W,YPL008W,0,0.018222865,0.12652111053466797,0.6972386837005615,0.4887842833995819
YHR129C,YGL174W,0,0.018214311,0.12649847567081451,0.6972386837005615,0.48888444900512695
YJL184W,YML129C,0,0.018204104,0.12647585570812225,0.6972386837005615,0.4889845848083496
YPL055C,YBL027W,0,0.018179845,0.12645323574543,0.6972386837005615,0.48908472061157227
YDR151C,YJR007W,0,0.018079843,0.12643061578273773,0.6972386837005615,0.4891848564147949
YKL011C,YGR030C,1,0.018033948,0.12658680975437164,0.6982248425483704,0.4891848564147949
YGL020C,YOL149W,0,0.018023964,0.1265641748905182,0.6982248425483704,0.4892849922180176
YPL174C,YPL223C,0,0.018014837,0.12654155492782593,0.6982248425483704,0.48938512802124023
YDR409W,YHR098C,0,0.017983895,0.12651893496513367,0.6982248425483704,0.4894852936267853
YKL180W,YNL009W,0,0.01794621,0.1264963299036026,0.6982248425483704,0.48958542943000793
YMR250W,YGL086W,0,0.017939027,0.12647373974323273,0.6982248425483704,0.4896855652332306
YOL086C,YJR126C,0,0.017844494,0.12645114958286285,0.6982248425483704,0.48978570103645325
YBL018C,YJR029W,1,0.017641813,0.12660714983940125,0.699211061000824,0.48978570103645325
YDL129W,YKR101W,0,0.01761878,0.12658454477787018,0.699211061000824,0.4898858368396759
YDL055C,YOR353C,0,0.017552432,0.1265619397163391,0.699211061000824,0.48998597264289856
YJL080C,YBR122C,0,0.017544564,0.12653934955596924,0.699211061000824,0.4900861084461212
YNL213C,YDR288W,0,0.017540846,0.12651677429676056,0.699211061000824,0.49018627405166626
YDL058W,YIR039C,0,0.017492395,0.12649419903755188,0.699211061000824,0.4902864098548889
YBR142W,YPR135W,0,0.017447632,0.1264716386795044,0.699211061000824,0.4903865456581116
YLL028W,YGR001C,0,0.017434683,0.1264490783214569,0.699211061000824,0.49048668146133423
YKL206C,YKL190W,0,0.017395418,0.12642653286457062,0.699211061000824,0.4905868172645569
YGR067C,YDR320C,0,0.017369162,0.12640398740768433,0.699211061000824,0.49068695306777954
YLR398C,YGL011C,0,0.017349068,0.12638145685195923,0.699211061000824,0.4907870888710022
YOR141C,YJL206C,0,0.01728158,0.12635894119739532,0.699211061000824,0.49088725447654724
YMR302C,YLR395C,0,0.017257337,0.12633642554283142,0.699211061000824,0.4909873902797699
YDR315C,YOL094C,0,0.017248023,0.12631390988826752,0.699211061000824,0.49108752608299255
YMR223W,YOL105C,0,0.017241474,0.1262914091348648,0.699211061000824,0.4911876618862152
YKR028W,YGR261C,0,0.017135259,0.1262689232826233,0.699211061000824,0.49128779768943787
YPL087W,YKL015W,0,0.017104823,0.12624643743038177,0.699211061000824,0.4913879334926605
YJR007W,YNL208W,0,0.017067906,0.12622396647930145,0.699211061000824,0.4914880692958832
YLR438C-A,YBR110W,0,0.01705696,0.12620149552822113,0.699211061000824,0.4915882349014282
YOR188W,YPL132W,0,0.017045122,0.126179039478302,0.699211061000824,0.4916883707046509
YIL162W,YKR030W,0,0.017036136,0.12615658342838287,0.699211061000824,0.49178850650787354
YMR214W,YCL045C,0,0.016978662,0.12613414227962494,0.699211061000824,0.4918886423110962
YFR041C,YCR069W,0,0.016935397,0.126111701130867,0.699211061000824,0.49198877811431885
YKR045C,YPR073C,0,0.016923044,0.12608927488327026,0.699211061000824,0.4920889139175415
YPL194W,YGR037C,0,0.01681678,0.12606686353683472,0.699211061000824,0.49218907952308655
YNL232W,YOR056C,1,0.016734567,0.12622222304344177,0.7001972198486328,0.49218907952308655
YGR132C,YPR151C,0,0.016685914,0.12619978189468384,0.7001972198486328,0.4922892153263092
YJR063W,YMR234W,1,0.016674828,0.12635506689548492,0.7011834383010864,0.4922892153263092
YJL172W,YBR058C-A,0,0.016655266,0.126332625746727,0.7011834383010864,0.49238935112953186
YAL029C,YOR033C,0,0.016652863,0.12631018459796906,0.7011834383010864,0.4924894869327545
YIL115C,YER165W,0,0.01649211,0.12628774344921112,0.7011834383010864,0.4925896227359772
YNL322C,YBR120C,0,0.016485054,0.12626531720161438,0.7011834383010864,0.49268975853919983
YML118W,YDR293C,1,0.016445812,0.12642045319080353,0.7021695971488953,0.49268975853919983
YNL252C,YDR341C,0,0.016395625,0.1263980120420456,0.7021695971488953,0.4927898943424225
YCL008C,YKL025C,0,0.016380306,0.12637557089328766,0.7021695971488953,0.49289005994796753
YNL191W,YOL030W,0,0.016372222,0.12635314464569092,0.7021695971488953,0.4929901957511902
YOR143C,YAR010C,0,0.016348932,0.12633073329925537,0.7021695971488953,0.49309033155441284
YHR147C,YOR175C,0,0.016079936,0.12630832195281982,0.7021695971488953,0.4931904673576355
YEL009C,YJR040W,0,0.01590491,0.12628591060638428,0.7021695971488953,0.49329060316085815
YKL212W,YLR276C,0,0.015838072,0.12626352906227112,0.7021695971488953,0.4933907389640808
YDR055W,YOL111C,0,0.015714135,0.12624113261699677,0.7021695971488953,0.49349087476730347
YDR231C,YJR055W,0,0.015672494,0.1262187510728836,0.7021695971488953,0.4935910403728485
YDR107C,YBR083W,0,0.015662763,0.12619638442993164,0.7021695971488953,0.49369117617607117
YGL019W,YBR230C,0,0.015648272,0.12617401778697968,0.7021695971488953,0.4937913119792938
YKL171W,YNL308C,0,0.015580368,0.1261516660451889,0.7021695971488953,0.4938914477825165
YOL139C,YPR019W,0,0.0155409025,0.12612931430339813,0.7021695971488953,0.49399158358573914
YOR036W,YMR214W,0,0.015516278,0.12610697746276855,0.7021695971488953,0.4940917193889618
YDR415C,YBR176W,0,0.01539008,0.12608464062213898,0.7021695971488953,0.49419185519218445
YNL061W,YGR023W,0,0.015289766,0.1260623186826706,0.7021695971488953,0.4942920207977295
YAL061W,YJR067C,0,0.015253167,0.1260400116443634,0.7021695971488953,0.49439215660095215
YBL060W,YMR165C,0,0.015142691,0.1260177046060562,0.7021695971488953,0.4944922924041748
YBR139W,YDR489W,0,0.015087402,0.12599539756774902,0.7021695971488953,0.49459242820739746
YLR355C,YLR386W,0,0.015007672,0.12597310543060303,0.7021695971488953,0.4946925640106201
YNL186W,YBR145W,0,0.0149783315,0.12595082819461823,0.7021695971488953,0.4947926998138428
YJL112W,YCR048W,0,0.014970859,0.12592855095863342,0.7021695971488953,0.49489283561706543
YDR139C,YNL129W,0,0.014897314,0.12590627372264862,0.7021695971488953,0.4949930012226105
YLR301W,YMR236W,0,0.014830333,0.125884011387825,0.7021695971488953,0.49509313702583313
YDR281C,YNL279W,0,0.014784557,0.1258617639541626,0.7021695971488953,0.4951932728290558
YGL020C,YMR173W,0,0.014734616,0.12583951652050018,0.7021695971488953,0.49529340863227844
YGR251W,YMR270C,0,0.014715192,0.12581728398799896,0.7021695971488953,0.4953935444355011
YHR050W,YMR113W,0,0.014714495,0.12579505145549774,0.7021695971488953,0.49549368023872375
YLR008C,YPR200C,0,0.014703614,0.12577283382415771,0.7021695971488953,0.4955938458442688
YPR023C,YLR089C,0,0.014662889,0.1257506161928177,0.7021695971488953,0.49569398164749146
YJL123C,YNL172W,0,0.014632096,0.12572841346263885,0.7021695971488953,0.4957941174507141
YDL208W,YNL117W,0,0.014599894,0.12570621073246002,0.7021695971488953,0.49589425325393677
YGL010W,YBR033W,0,0.014472549,0.12568402290344238,0.7021695971488953,0.4959943890571594
YCL011C,YKR039W,0,0.014451717,0.12566184997558594,0.7021695971488953,0.4960945248603821
YGL181W,YDR320C,0,0.0143702,0.1256396621465683,0.7021695971488953,0.49619466066360474
YER026C,YBR171W,0,0.014359993,0.12561750411987305,0.7021695971488953,0.4962948262691498
YGR008C,YDR034C,0,0.014219132,0.1255953460931778,0.7021695971488953,0.49639496207237244
YNL279W,YOL157C,0,0.014179387,0.12557318806648254,0.7021695971488953,0.4964950978755951
YMR246W,YHR153C,0,0.014151868,0.1255510449409485,0.7021695971488953,0.49659523367881775
YCL036W,YKL100C,0,0.014003512,0.12552891671657562,0.7021695971488953,0.4966953694820404
YBR021W,YKL053C-A,0,0.013919662,0.12550678849220276,0.7021695971488953,0.49679550528526306
YJR005W,YML049C,0,0.013851342,0.1254846602678299,0.7021695971488953,0.4968956410884857
YJR025C,YLR042C,0,0.0138497325,0.12546256184577942,0.7021695971488953,0.49699580669403076
YMR223W,YGR026W,0,0.0137936,0.12544044852256775,0.7021695971488953,0.4970959424972534
YIL020C,YEL029C,0,0.013789487,0.12541835010051727,0.7021695971488953,0.4971960783004761
YBL097W,YOR148C,0,0.013783832,0.125396266579628,0.7021695971488953,0.49729621410369873
YKL130C,YDR510W,0,0.013737825,0.1253741830587387,0.7021695971488953,0.4973963499069214
YIL113W,YMR228W,0,0.0136619555,0.12535211443901062,0.7021695971488953,0.49749648571014404
YDR090C,YOR313C,0,0.013660436,0.12533004581928253,0.7021695971488953,0.4975966215133667
YKR029C,YDR310C,0,0.013633215,0.12530799210071564,0.7021695971488953,0.49769678711891174
YGR132C,YEL056W,0,0.013632012,0.12528593838214874,0.7021695971488953,0.4977969229221344
YKR103W,YMR070W,0,0.013448429,0.12526389956474304,0.7021695971488953,0.49789705872535706
YBR235W,YDR481C,0,0.0134152295,0.12524186074733734,0.7021695971488953,0.4979971945285797
YBR281C,YIR008C,0,0.013382212,0.12521983683109283,0.7021695971488953,0.49809733033180237
YAL003W,YAR050W,0,0.013055232,0.12519781291484833,0.7021695971488953,0.498197466135025
YKR065C,YJL034W,0,0.01298925,0.12517580389976501,0.7021695971488953,0.4982976019382477
YKL190W,YML081C-A,0,0.012927954,0.1251538097858429,0.7021695971488953,0.4983977675437927
YEL071W,YNL298W,0,0.012907286,0.12513181567192078,0.7021695971488953,0.4984979033470154
YMR293C,YER019C-A,0,0.012661305,0.12510982155799866,0.7021695971488953,0.49859803915023804
YNR039C,YER106W,0,0.012377583,0.12508784234523773,0.7021695971488953,0.4986981749534607
YJL014W,YPL038W,0,0.012371686,0.1250658631324768,0.7021695971488953,0.49879831075668335
YBR172C,YAR015W,0,0.012290177,0.12504389882087708,0.7021695971488953,0.498898446559906
YER061C,YPR164W,0,0.012210679,0.12502194941043854,0.7021695971488953,0.49899861216545105
YOR061W,YJR144W,0,0.012190309,0.125,0.7021695971488953,0.4990987479686737
YOL136C,YBR030W,0,0.012190004,0.12497805804014206,0.7021695971488953,0.49919888377189636
YLR205C,YER029C,0,0.012182799,0.12495612353086472,0.7021695971488953,0.499299019575119
YBR196C,YEL054C,0,0.012148988,0.12493419647216797,0.7021695971488953,0.4993991553783417
YOL080C,YER075C,0,0.012016979,0.12491228431463242,0.7021695971488953,0.49949929118156433
YPL093W,YGL035C,0,0.011979339,0.12489037215709686,0.7021695971488953,0.499599426984787
YPR043W,YKL119C,0,0.011957017,0.1248684674501419,0.7021695971488953,0.49969959259033203
YOR301W,YGR065C,0,0.011933026,0.12484657019376755,0.7021695971488953,0.4997997283935547
YNL185C,YAL060W,0,0.011918445,0.12482468783855438,0.7021695971488953,0.49989986419677734
YEL046C,YML085C,0,0.01162256,0.12480280548334122,0.7021695971488953,0.5
YLL041C,YMR301C,0,0.01155115,0.12478093057870865,0.7021695971488953,0.5001001358032227
YBR154C,YDR027C,0,0.011541185,0.12475907057523727,0.7021695971488953,0.5002002716064453
YPL255W,YHR070W,0,0.011496943,0.1247372105717659,0.7021695971488953,0.500300407409668
YIL171W,YAL017W,0,0.011404072,0.12471535801887512,0.7021695971488953,0.5004005432128906
YLR105C,YLR447C,0,0.01134478,0.12469352036714554,0.7021695971488953,0.5005006790161133
YLR320W,YML099C,0,0.011337829,0.12467168271541595,0.7021695971488953,0.5006008148193359
YKR025W,YNL098C,0,0.011249957,0.12464985996484756,0.7021695971488953,0.5007010102272034
YLR340W,YDR520C,0,0.011162234,0.12462804466485977,0.7021695971488953,0.500801146030426
YLR396C,YGR256W,0,0.011155256,0.12460622936487198,0.7021695971488953,0.5009012818336487
YPR041W,YPL153C,0,0.011132113,0.12458442896604538,0.7021695971488953,0.5010014176368713
YAL043C,YBR020W,0,0.011123956,0.12456262856721878,0.7021695971488953,0.501101553440094
YDL198C,YKR102W,0,0.01110166,0.12454084306955338,0.7021695971488953,0.5012016892433167
YNL084C,YML056C,0,0.011060712,0.12451906502246857,0.7021695971488953,0.5013018250465393
YER146W,YGR121C,0,0.01105667,0.12449728697538376,0.7021695971488953,0.501401960849762
YLR029C,YER055C,0,0.011037049,0.12447552382946014,0.7021695971488953,0.5015020966529846
YDL194W,YKL015W,0,0.010963813,0.12445376813411713,0.7021695971488953,0.5016022324562073
YHR134W,YGR166W,0,0.010913161,0.1244320198893547,0.7021695971488953,0.5017023682594299
YNL159C,YNR046W,0,0.01078041,0.12441027164459229,0.7021695971488953,0.5018025040626526
YOR198C,YHL002W,0,0.010683683,0.12438853830099106,0.7021695971488953,0.5019026398658752
YMR186W,YBL017C,0,0.010635671,0.12436681240797043,0.7021695971488953,0.5020027756690979
YOL080C,YPR196W,0,0.0104142325,0.1243450939655304,0.7021695971488953,0.5021029710769653
YHR134W,YIL127C,0,0.010390204,0.12432338297367096,0.7021695971488953,0.502203106880188
YLR105C,YGR027C,0,0.010373798,0.12430167943239212,0.7021695971488953,0.5023032426834106
YLR135W,YGL175C,1,0.010266435,0.12445452809333801,0.7031558156013489,0.5023032426834106
YLR098C,YPL211W,0,0.010226903,0.12443280965089798,0.7031558156013489,0.5024033784866333
YLR357W,YDR207C,0,0.010076557,0.12441109865903854,0.7031558156013489,0.502503514289856
YGL200C,YMR135C,0,0.01006854,0.1243893951177597,0.7031558156013489,0.5026036500930786
YDR226W,YDL146W,0,0.010062751,0.12436769902706146,0.7031558156013489,0.5027037858963013
YJR013W,YNL189W,0,0.010007148,0.12434600293636322,0.7031558156013489,0.5028039216995239
YGL211W,YGR116W,0,0.009820712,0.12432432174682617,0.7031558156013489,0.5029040575027466
YPL011C,YHL047C,0,0.009737474,0.12430264800786972,0.7031558156013489,0.5030041933059692
YDR420W,YDL231C,0,0.009696272,0.12428098171949387,0.7031558156013489,0.5031043291091919
YJR002W,YJR130C,0,0.009682787,0.12425932288169861,0.7031558156013489,0.5032044649124146
YIL094C,YHR061C,0,0.00963555,0.12423767149448395,0.7031558156013489,0.5033046007156372
YBL018C,YLR107W,1,0.00954393,0.12439024448394775,0.7041420340538025,0.5033046007156372
YDR363W-A,YHR172W,0,0.009513182,0.1243685781955719,0.7041420340538025,0.5034047961235046
YEL017C-A,YNL014W,0,0.009507787,0.12434691935777664,0.7041420340538025,0.5035049319267273
YJL159W,YGL147C,0,0.00943694,0.12432526797056198,0.7041420340538025,0.50360506772995
YJL213W,YBL005W-A,0,0.00939769,0.12430362403392792,0.7041420340538025,0.5037052035331726
YML015C,YPL092W,0,0.009380308,0.12428198754787445,0.7041420340538025,0.5038053393363953
YNL302C,YHR101C,0,0.009277542,0.12426035851240158,0.7041420340538025,0.5039054751396179
YJL065C,YHR072W,0,0.0092752995,0.12423873692750931,0.7041420340538025,0.5040056109428406
YPR070W,YHR062C,0,0.009264563,0.12421711534261703,0.7041420340538025,0.5041057467460632
YBL100W-B,YML039W,1,0.009258729,0.12436945736408234,0.7051281929016113,0.5041057467460632
YGR203W,YKL038W,0,0.00920475,0.12434782832860947,0.7051281929016113,0.5042058825492859
YGR014W,YOR353C,0,0.009190843,0.1243262067437172,0.7051281929016113,0.5043060183525085
YMR287C,YJR129C,0,0.00895032,0.12430459260940552,0.7051281929016113,0.5044061541557312
YNL267W,YML131W,0,0.00893001,0.12428298592567444,0.7051281929016113,0.5045062899589539
YAL015C,YHR062C,1,0.008877364,0.1244351789355278,0.7061144113540649,0.5045062899589539
YBL064C,YDR419W,0,0.008838971,0.12441354990005493,0.7061144113540649,0.5046064257621765
YDR481C,YPR018W,0,0.008824986,0.12439193576574326,0.7061144113540649,0.5047065615653992
YGL233W,YLR287C-A,0,0.008754489,0.12437032908201218,0.7061144113540649,0.5048067569732666
YER104W,YJL082W,0,0.008683247,0.1243487298488617,0.7061144113540649,0.5049068927764893
YAL021C,YKL124W,0,0.008680736,0.12432713806629181,0.7061144113540649,0.5050070285797119
YER145C,YBR278W,0,0.008673367,0.12430555373430252,0.7061144113540649,0.5051071643829346
YLR212C,YOL165C,0,0.0085609825,0.12428397685289383,0.7061144113540649,0.5052073001861572
YOL070C,YJR126C,0,0.008475539,0.12426240742206573,0.7061144113540649,0.5053074359893799
YOL080C,YOR214C,0,0.008389954,0.12424084544181824,0.7061144113540649,0.5054075717926025
YDL084W,YIL017C,0,0.0083894925,0.12421929091215134,0.7061144113540649,0.5055077075958252
YPL050C,YNL227C,0,0.008322914,0.12419774383306503,0.7061144113540649,0.5056078433990479
YLR024C,YGL173C,0,0.008272224,0.12417620420455933,0.7061144113540649,0.5057079792022705
YMR273C,YIL112W,0,0.008244616,0.12415467202663422,0.7061144113540649,0.5058081150054932
YGR184C,YDR529C,0,0.008157705,0.1241331472992897,0.7061144113540649,0.5059082508087158
YJR159W,YJR051W,0,0.008041506,0.12411163002252579,0.7061144113540649,0.5060083866119385
YDR167W,YLR109W,0,0.00790725,0.12409012019634247,0.7061144113540649,0.5061085224151611
YLR071C,YNR026C,0,0.007787165,0.12406861782073975,0.7061144113540649,0.5062087178230286
YML095C,YOL043C,1,0.0077318596,0.12422037124633789,0.7071005702018738,0.5062087178230286
YJR009C,YOL125W,0,0.007660833,0.12419885396957397,0.7071005702018738,0.5063088536262512
YLR286C,YJL109C,0,0.0076437863,0.12417734414339066,0.7071005702018738,0.5064089894294739
YMR060C,YGR276C,0,0.0076411264,0.12415584176778793,0.7071005702018738,0.5065091252326965
YHR070W,YOL094C,0,0.007627842,0.12413434684276581,0.7071005702018738,0.5066092610359192
YBL003C,YLL003W,0,0.0076200785,0.12411285936832428,0.7071005702018738,0.5067093968391418
YKR056W,YMR239C,1,0.007601668,0.12426444888114929,0.7080867886543274,0.5067093968391418
YBR012W-A,YFL002C,0,0.0075389007,0.12424294650554657,0.7080867886543274,0.5068095326423645
YPL174C,YOR354C,0,0.007450138,0.12422145158052444,0.7080867886543274,0.5069096684455872
YDL156W,YJR144W,0,0.00733417,0.12419996410608292,0.7080867886543274,0.5070098042488098
YNL177C,YHR086W,0,0.0073036,0.12417848408222198,0.7080867886543274,0.5071099400520325
YDL185W,YAL015C,1,0.0072968947,0.12432993203401566,0.709073007106781,0.5071099400520325
YLR136C,YCL030C,0,0.0071775513,0.12430843710899353,0.709073007106781,0.5072100758552551
YDL213C,YPR159W,0,0.0070861103,0.124286949634552,0.709073007106781,0.5073102116584778
YPR144C,YBR070C,0,0.0070661576,0.12426546961069107,0.709073007106781,0.5074103474617004
YEL058W,YBR012W-B,0,0.0067752795,0.12424399703741074,0.709073007106781,0.5075105428695679
YOR255W,YHR140W,0,0.006773048,0.124222531914711,0.709073007106781,0.5076106786727905
YGL173C,YHL022C,1,0.0064825537,0.12437381595373154,0.7100591659545898,0.5076106786727905
YNL127W,YFL038C,0,0.0064730244,0.12435232847929001,0.7100591659545898,0.5077108144760132
YJR140C,YPR058W,0,0.006362808,0.12433085590600967,0.7100591659545898,0.5078109502792358
YDR337W,YKR002W,0,0.0062735053,0.12430939078330994,0.7100591659545898,0.5079110860824585
YBR177C,YPR036W,0,0.0061740475,0.1242879331111908,0.7100591659545898,0.5080112218856812
YMR136W,YLR226W,0,0.00599878,0.12426648288965225,0.7100591659545898,0.5081113576889038
YKL065C,YLR089C,0,0.005971876,0.1242450401186943,0.7100591659545898,0.5082114934921265
YMR008C,YDR186C,0,0.005908926,0.12422360479831696,0.7100591659545898,0.5083116292953491
YKL003C,YOL075C,0,0.005800356,0.1242021769285202,0.7100591659545898,0.5084117650985718
YNL331C,YKR067W,0,0.0056904005,0.12418074905872345,0.7100591659545898,0.5085119009017944
YHL024W,YOR030W,0,0.005596881,0.12415933609008789,0.7100591659545898,0.5086120367050171
YHR168W,YGR133W,0,0.005511732,0.12413793057203293,0.7100591659545898,0.5087121725082397
YOL034W,YPL128C,0,0.0055038454,0.12411653250455856,0.7100591659545898,0.5088123083114624
YEL070W,YBR297W,0,0.005487052,0.1240951418876648,0.7100591659545898,0.5089125037193298
YDL045C,YOL103W,0,0.0054016383,0.12407375127077103,0.7100591659545898,0.5090126395225525
YDR263C,YBR018C,0,0.0053485604,0.12405237555503845,0.7100591659545898,0.5091127753257751
YMR090W,YER088C,0,0.00534713,0.12403100728988647,0.7100591659545898,0.5092129111289978
YER036C,YJL047C,0,0.0053091394,0.1240096464753151,0.7100591659545898,0.5093130469322205
YGR223C,YPL055C,0,0.005297539,0.12398829311132431,0.7100591659545898,0.5094131827354431
YML007W,YDL153C,0,0.005280298,0.12396693974733353,0.7100591659545898,0.5095133185386658
YJL102W,YBL002W,0,0.005259267,0.12394560128450394,0.7100591659545898,0.5096134543418884
YNL314W,YGL014W,0,0.005177033,0.12392427027225494,0.7100591659545898,0.5097135901451111
YIL051C,YNL152W,0,0.0051250877,0.12390293926000595,0.7100591659545898,0.5098137259483337
YDR338C,YDL185W,0,0.005071019,0.12388162314891815,0.7100591659545898,0.5099138617515564
YDR255C,YJR022W,0,0.005013277,0.12386031448841095,0.7100591659545898,0.510013997554779
YLR057W,YML093W,0,0.0049730344,0.12383900582790375,0.7100591659545898,0.5101141333580017
YGR287C,YPL033C,0,0.0049480433,0.12381771206855774,0.7100591659545898,0.5102143287658691
YJL060W,YBR260C,0,0.004941051,0.12379642575979233,0.7100591659545898,0.5103144645690918
YNL272C,YOR212W,0,0.0048669996,0.12377513945102692,0.7100591659545898,0.5104146003723145
YBL005W-B,YNL102W,1,0.0046868147,0.12392574548721313,0.7110453844070435,0.5104146003723145
YDR478W,YDR263C,1,0.0046484442,0.12407629936933517,0.7120315432548523,0.5104146003723145
YPL106C,YGR214W,0,0.004638103,0.12405498325824738,0.7120315432548523,0.5105147361755371
YFL014W,YGR167W,0,0.004630805,0.12403367459774017,0.7120315432548523,0.5106148719787598
YNL101W,YBR012W-B,0,0.004499656,0.12401236593723297,0.7120315432548523,0.5107150077819824
YLR312W-A,YKL011C,1,0.004466896,0.12416280061006546,0.7130177617073059,0.5107150077819824
YDR162C,YDR534C,0,0.004457985,0.12414148449897766,0.7130177617073059,0.5108151435852051
YJR119C,YNL014W,0,0.0044266107,0.12412016838788986,0.7130177617073059,0.5109152793884277
YJR155W,YPL204W,0,0.0044201883,0.12409886717796326,0.7130177617073059,0.5110154151916504
YPL050C,YLR355C,0,0.0043979557,0.12407757341861725,0.7130177617073059,0.511115550994873
YDR311W,YDR173C,0,0.004379091,0.12405627965927124,0.7130177617073059,0.5112156867980957
YNL092W,YBL102W,0,0.0042395564,0.12403500080108643,0.7130177617073059,0.5113158226013184
YGR033C,YKL180W,0,0.0040020617,0.12401372194290161,0.7130177617073059,0.511415958404541
YNL092W,YOR204W,0,0.003975642,0.1239924505352974,0.7130177617073059,0.5115160942077637
YLL040C,YMR251W-A,0,0.003924963,0.12397119402885437,0.7130177617073059,0.5116162896156311
YDR123C,YDR472W,0,0.003859424,0.12394993752241135,0.7130177617073059,0.5117164254188538
YAR027W,YDR501W,0,0.0037911208,0.12392869591712952,0.7130177617073059,0.5118165612220764
YCR017C,YPR189W,0,0.0037378604,0.12390745431184769,0.7130177617073059,0.5119166970252991
YDR033W,YPL089C,0,0.0037068771,0.12388622015714645,0.7130177617073059,0.5120168328285217
YOL004W,YGL033W,0,0.00362992,0.12386500090360641,0.7130177617073059,0.5121169686317444
YML048W,YJR034W,0,0.003578809,0.12384378165006638,0.7130177617073059,0.512217104434967
YJR112W,YOL028C,0,0.0035753408,0.12382256984710693,0.7130177617073059,0.5123172402381897
YDR254W,YER111C,0,0.0034991475,0.12380137294530869,0.7130177617073059,0.5124173760414124
YLR105C,YPL083C,1,0.0033873143,0.12395137548446655,0.7140039205551147,0.5124173760414124
YDR164C,YER170W,0,0.0033688964,0.12393016368150711,0.7140039205551147,0.512517511844635
YKL176C,YDR216W,0,0.0032988908,0.12390895187854767,0.7140039205551147,0.5126176476478577
YPL053C,YJL109C,0,0.003289421,0.12388774752616882,0.7140039205551147,0.5127177834510803
YGR171C,YEL017C-A,0,0.0032247575,0.12386655062437057,0.7140039205551147,0.512817919254303
YEL047C,YJL160C,0,0.0031348737,0.12384536117315292,0.7140039205551147,0.5129181146621704
YNL021W,YDR081C,0,0.0030592652,0.12382418662309647,0.7140039205551147,0.5130182504653931
YDR349C,YDL217C,0,0.003016022,0.12380301207304001,0.7140039205551147,0.5131183862686157
YOR251C,YNL134C,0,0.0029324898,0.12378184497356415,0.7140039205551147,0.5132185220718384
YNL232W,YDR120C,0,0.0029180618,0.12376068532466888,0.7140039205551147,0.513318657875061
YBL055C,YMR262W,1,0.0028435187,0.12391044199466705,0.7149901390075684,0.513318657875061
YOR362C,YPR137W,0,0.0027856575,0.1238892674446106,0.7149901390075684,0.5134187936782837
YIR018W,YGL257C,0,0.0026697041,0.12386810034513474,0.7149901390075684,0.5135189294815063
YBR040W,YPL167C,0,0.0026333006,0.12384694069623947,0.7149901390075684,0.513619065284729
YPL005W,YML115C,0,0.0026243003,0.1238257884979248,0.7149901390075684,0.5137192010879517
YLR045C,YIL046W,0,0.0024289908,0.12380464375019073,0.7149901390075684,0.5138193368911743
YJL154C,YLR142W,0,0.0023827227,0.12378350645303726,0.7149901390075684,0.513919472694397
YJL076W,YBR040W,0,0.0022146301,0.12376237660646439,0.7149901390075684,0.5140196084976196
YGR061C,YGR194C,0,0.0020869905,0.1237412542104721,0.7149901390075684,0.5141197443008423
YDL147W,YCR083W,0,0.002078508,0.12372013926506042,0.7149901390075684,0.5142198801040649
YJR137C,YOR083W,0,0.002002935,0.12369902431964874,0.7149901390075684,0.5143200755119324
YKR009C,YMR285C,0,0.0019961866,0.12367792427539825,0.7149901390075684,0.514420211315155
YPR096C,YGR169C,0,0.0018501924,0.12365683168172836,0.7149901390075684,0.5145203471183777
YDR423C,YJL203W,0,0.0018358277,0.12363574653863907,0.7149901390075684,0.5146204829216003
YGR225W,YER096W,0,0.001738363,0.12361466139554977,0.7149901390075684,0.514720618724823
YPL155C,YLR441C,0,0.0017055841,0.12359359115362167,0.7149901390075684,0.5148207545280457
YPR075C,YLR080W,0,0.0016950937,0.12357252091169357,0.7149901390075684,0.5149208903312683
YDR139C,YMR210W,0,0.0016160505,0.12355146557092667,0.7149901390075684,0.515021026134491
YJL080C,YGL059W,0,0.0015848251,0.12353041768074036,0.7149901390075684,0.5151211619377136
YPR032W,YPL074W,0,0.0013075816,0.12350936979055405,0.7149901390075684,0.5152212977409363
YOL080C,YER150W,0,0.0011796476,0.12348832935094833,0.7149901390075684,0.5153214335441589
YKL095W,YPR029C,0,0.0011560069,0.12346730381250381,0.7149901390075684,0.5154215693473816
YKR062W,YPL237W,0,0.0010624724,0.1234462782740593,0.7149901390075684,0.5155217051506042
YHR164C,YLR376C,0,0.0010593059,0.12342526018619537,0.7149901390075684,0.5156218409538269
YCL004W,YLR178C,0,0.0008574547,0.12340425699949265,0.7149901390075684,0.5157220363616943
YDL227C,YNR052C,1,0.00084123854,0.12355343997478485,0.715976357460022,0.5157220363616943
YHR129C,YFL016C,0,0.0007443754,0.12353241443634033,0.715976357460022,0.515822172164917
YMR300C,YPR178W,0,0.00072306115,0.12351139634847641,0.715976357460022,0.5159223079681396
YDR218C,YKR028W,0,0.0007163929,0.12349039316177368,0.715976357460022,0.5160224437713623
YGR227W,YER026C,0,0.0006669434,0.12346938997507095,0.715976357460022,0.516122579574585
YMR266W,YGL125W,0,0.0006647082,0.12344839423894882,0.715976357460022,0.5162227153778076
YFR051C,YAR050W,0,0.0006278651,0.12342740595340729,0.715976357460022,0.5163228511810303
YGL094C,YMR234W,1,0.0006226385,0.12357641011476517,0.7169625163078308,0.5163228511810303
YGR086C,YBL010C,0,0.00054899696,0.12355540692806244,0.7169625163078308,0.5164229869842529
YGL059W,YLR410W,0,0.0005400302,0.12353441119194031,0.7169625163078308,0.5165231227874756
YMR139W,YNL264C,0,0.00046788622,0.12351342290639877,0.7169625163078308,0.5166232585906982
YOL041C,YAL043C,0,0.00036261696,0.12349244207143784,0.7169625163078308,0.5167233943939209
YBR195C,YBL055C,0,8.949358e-05,0.1234714686870575,0.7169625163078308,0.5168235301971436
YLR414C,YML097C,0,6.126333e-05,0.12345050275325775,0.7169625163078308,0.5169236660003662
YOL070C,YOL005C,0,4.9558468e-05,0.1234295442700386,0.7169625163078308,0.5170238614082336
YMR100W,YPL148C,0,4.509557e-05,0.12340858578681946,0.7169625163078308,0.5171239972114563
YPR201W,YDL132W,0,1.3532117e-06,0.1233876422047615,0.7169625163078308,0.517224133014679
YNL322C,YJL155C,0,-6.923359e-05,0.12336670607328415,0.7169625163078308,0.5173242688179016
YDR236C,YIL079C,0,-0.00020749401,0.12334577739238739,0.7169625163078308,0.5174244046211243
YLR272C,YLR033W,0,-0.00022075605,0.12332484871149063,0.7169625163078308,0.5175245404243469
YLR141W,YIL072W,0,-0.0004134355,0.12330393493175507,0.7169625163078308,0.5176246762275696
YKL003C,YPL275W,0,-0.00044353586,0.1232830286026001,0.7169625163078308,0.5177248120307922
YNR054C,YBR152W,0,-0.00045925658,0.12326212227344513,0.7169625163078308,0.5178249478340149
YOL080C,YBR055C,0,-0.00047776382,0.12324123084545135,0.7169625163078308,0.5179250836372375
YOR332W,YAL020C,0,-0.0006786389,0.12322033941745758,0.7169625163078308,0.5180252194404602
YMR214W,YIL046W,0,-0.0006831018,0.1231994554400444,0.7169625163078308,0.5181253552436829
YBR261C,YPL060W,0,-0.00074379425,0.12317858636379242,0.7169625163078308,0.5182254910469055
YIR011C,YOL049W,0,-0.0007589711,0.12315771728754044,0.7169625163078308,0.5183256268501282
YER120W,YJR139C,0,-0.0007881252,0.12313685566186905,0.7169625163078308,0.5184258222579956
YOR354C,YDR184C,0,-0.00079648476,0.12311600148677826,0.7169625163078308,0.5185259580612183
YMR049C,YIL072W,0,-0.0008640615,0.12309515476226807,0.7169625163078308,0.5186260938644409
YPR024W,YMR312W,0,-0.0009339927,0.12307431548833847,0.7169625163078308,0.5187262296676636
YLR404W,YOR167C,0,-0.0009586988,0.12305348366498947,0.7169625163078308,0.5188263654708862
YDR013W,YCL020W,0,-0.00097094756,0.12303265929222107,0.7169625163078308,0.5189265012741089
YFR006W,YNL091W,0,-0.001040685,0.12301184237003326,0.7169625163078308,0.5190266370773315
YOR007C,YHL036W,0,-0.0010580448,0.12299103289842606,0.7169625163078308,0.5191267728805542
YKL166C,YOR125C,0,-0.0010764329,0.12297023087739944,0.7169625163078308,0.5192269086837769
YDR267C,YMR239C,0,-0.0011558114,0.12294943630695343,0.7169625163078308,0.5193270444869995
YNL302C,YOR076C,0,-0.0011920957,0.12292864173650742,0.7169625163078308,0.5194271802902222
YNL331C,YNL015W,0,-0.001242104,0.1229078620672226,0.7169625163078308,0.5195273160934448
YCR040W,YER180C,0,-0.0012894487,0.12288708239793777,0.7169625163078308,0.5196274518966675
YNL095C,YCR094W,0,-0.0013945317,0.12286631762981415,0.7169625163078308,0.5197276473045349
YJL024C,YLR418C,0,-0.0014512194,0.12284555286169052,0.7169625163078308,0.5198277831077576
YJL200C,YER190W,0,-0.0015672846,0.12282480299472809,0.7169625163078308,0.5199279189109802
YEL037C,YOL107W,0,-0.001701436,0.12280405312776566,0.7169625163078308,0.5200280547142029
YOR007C,YBL099W,0,-0.0017247302,0.12278331071138382,0.7169625163078308,0.5201281905174255
YPL128C,YMR087W,0,-0.0017251624,0.12276258319616318,0.7169625163078308,0.5202283263206482
YIL124W,YOR020C,0,-0.0017890511,0.12274185568094254,0.7169625163078308,0.5203284621238708
YNL182C,YLR431C,0,-0.0018628715,0.12272113561630249,0.7169625163078308,0.5204285979270935
YNL064C,YEL054C,0,-0.0018677218,0.12270042300224304,0.7169625163078308,0.5205287337303162
YLL054C,YMR291W,0,-0.0018786816,0.12267971783876419,0.7169625163078308,0.5206288695335388
YHL019C,YPL190C,0,-0.0018964438,0.12265902012586594,0.7169625163078308,0.5207290053367615
YDR055W,YJL036W,0,-0.0019387035,0.12263832986354828,0.7169625163078308,0.5208291411399841
YLL041C,YJR007W,0,-0.0019449173,0.12261763960123062,0.7169625163078308,0.5209292769432068
YCR040W,YPL232W,0,-0.00201412,0.12259696424007416,0.7169625163078308,0.5210294127464294
YLR291C,YPL103C,0,-0.0020394055,0.12257629632949829,0.7169625163078308,0.5211296081542969
YBR021W,YLR403W,0,-0.0020943647,0.12255562841892242,0.7169625163078308,0.5212297439575195
YDR134C,YNL270C,0,-0.0021072356,0.12253497540950775,0.7169625163078308,0.5213298797607422
YGR156W,YLR213C,0,-0.0021706698,0.12251432240009308,0.7169625163078308,0.5214300155639648
YMR117C,YBR172C,0,-0.002175713,0.1224936842918396,0.7169625163078308,0.5215301513671875
YNL153C,YDR096W,0,-0.0023678048,0.12247304618358612,0.7169625163078308,0.5216302871704102
YER020W,YGR284C,0,-0.0025820537,0.12245241552591324,0.7169625163078308,0.5217304229736328
YHR082C,YHR059W,0,-0.0026103435,0.12243179231882095,0.7169625163078308,0.5218305587768555
YPL083C,YIL082W-A,1,-0.0026105298,0.12257955968379974,0.7179487347602844,0.5218305587768555
YJL154C,YOR274W,0,-0.002660389,0.12255892157554626,0.7179487347602844,0.5219306945800781
YNL191W,YCR027C,0,-0.0026628328,0.12253829091787338,0.7179487347602844,0.5220308303833008
YKL120W,YFR029W,0,-0.002677041,0.1225176677107811,0.7179487347602844,0.5221309661865234
YOL080C,YKR101W,0,-0.0026997058,0.12249705195426941,0.7179487347602844,0.5222311019897461
YPL163C,YJL115W,0,-0.0027207388,0.12247644364833832,0.7179487347602844,0.5223312377929688
YCR052W,YPR196W,0,-0.002788852,0.12245584279298782,0.7179487347602844,0.5224314332008362
YAR009C,YMR137C,1,-0.002842254,0.12260343134403229,0.7189348936080933,0.5224314332008362
YPL218W,YPR030W,0,-0.0029700128,0.1225828155875206,0.7189348936080933,0.5225315690040588
YLR172C,YMR186W,0,-0.0030500097,0.12256220728158951,0.7189348936080933,0.5226317048072815
YMR311C,YNL159C,0,-0.0031323014,0.12254160642623901,0.7189348936080933,0.5227318406105042
YLR206W,YER045C,0,-0.003210212,0.12252100557088852,0.7189348936080933,0.5228319764137268
YMR251W-A,YKR003W,0,-0.0032176105,0.12250041961669922,0.7189348936080933,0.5229321122169495
YBR128C,YML125C,0,-0.0032224013,0.12247984111309052,0.7189348936080933,0.5230322480201721
YNL146W,YDR258C,0,-0.0032364829,0.12245926260948181,0.7189348936080933,0.5231323838233948
YER091C,YJR025C,0,-0.0033008782,0.1224386990070343,0.7189348936080933,0.5232325196266174
YDL200C,YOL016C,0,-0.003402683,0.12241813540458679,0.7189348936080933,0.5233326554298401
YJR137C,YAL041W,0,-0.0034146896,0.12239757925271988,0.7189348936080933,0.5234327912330627
YDL232W,YOR071C,0,-0.003525856,0.12237703800201416,0.7189348936080933,0.5235329270362854
YMR152W,YCR042C,0,-0.003614205,0.12235649675130844,0.7189348936080933,0.5236330628395081
YGL251C,YOR077W,0,-0.0036451844,0.12233596295118332,0.7189348936080933,0.5237331986427307
YER041W,YHR079C,1,-0.0036668694,0.12248322367668152,0.7199211120605469,0.5237331986427307
YKL167C,YAR050W,0,-0.003731805,0.1224626749753952,0.7199211120605469,0.5238333940505981
YOR288C,YIL159W,0,-0.003753814,0.12244213372468948,0.7199211120605469,0.5239335298538208
YNL309W,YJL095W,0,-0.0038226275,0.12242159992456436,0.7199211120605469,0.5240336656570435
YNL250W,YPL083C,1,-0.0038303835,0.12256874889135361,0.7209072709083557,0.5240336656570435
YML018C,YGL089C,0,-0.0038847877,0.12254820019006729,0.7209072709083557,0.5241338014602661
YGL233W,YLR240W,0,-0.0038876338,0.12252765893936157,0.7209072709083557,0.5242339372634888
YCR020C,YJL087C,0,-0.0039098887,0.12250712513923645,0.7209072709083557,0.5243340730667114
YOL082W,YLR048W,0,-0.004016313,0.12248659878969193,0.7209072709083557,0.5244342088699341
YLR321C,YNL261W,0,-0.0041676937,0.1224660724401474,0.7209072709083557,0.5245343446731567
YHR002W,YML109W,0,-0.004191856,0.12244556099176407,0.7209072709083557,0.5246344804763794
YER065C,YGR087C,0,-0.0042021303,0.12242505699396133,0.7209072709083557,0.524734616279602
YDR311W,YKR019C,0,-0.0042368984,0.1224045529961586,0.7209072709083557,0.5248347520828247
YML095C,YMR123W,0,-0.00431599,0.12238406389951706,0.7209072709083557,0.5249348878860474
YOR037W,YNL311C,0,-0.004343982,0.12236357480287552,0.7209072709083557,0.52503502368927
YKL189W,YNR010W,0,-0.0043682484,0.12234309315681458,0.7209072709083557,0.5251351594924927
YGL183C,YDR242W,0,-0.004377934,0.12232262641191483,0.7209072709083557,0.5252353549003601
YGR280C,YLR201C,0,-0.0043842075,0.12230215966701508,0.7209072709083557,0.5253354907035828
YIL046W,YEL054C,0,-0.004396337,0.12228170037269592,0.7209072709083557,0.5254356265068054
YDR050C,YJR126C,0,-0.0045615947,0.12226124852895737,0.7209072709083557,0.5255357623100281
YKL088W,YEL036C,0,-0.0045635467,0.12224080413579941,0.7209072709083557,0.5256358981132507
YJR026W,YMR114C,0,-0.0045821993,0.12222036719322205,0.7209072709083557,0.5257360339164734
YML115C,YGR218W,0,-0.0045973165,0.12219993025064468,0.7209072709083557,0.525836169719696
YDR137W,YMR022W,0,-0.0047899736,0.12217950820922852,0.7209072709083557,0.5259363055229187
YOR124C,YDR195W,0,-0.004794079,0.12215909361839294,0.7209072709083557,0.5260364413261414
YBR158W,YLL022C,0,-0.0048412187,0.12213867902755737,0.7209072709083557,0.526136577129364
YDR416W,YDR429C,0,-0.0049004657,0.122118279337883,0.7209072709083557,0.5262367129325867
YBR228W,YLL039C,0,-0.004931192,0.12209787964820862,0.7209072709083557,0.5263368487358093
YOR389W,YNL206C,0,-0.004997153,0.12207748740911484,0.7209072709083557,0.526436984539032
YGL179C,YAL031C,0,-0.004998478,0.12205710262060165,0.7209072709083557,0.5265371799468994
YMR194W,YMR080C,0,-0.0050225286,0.12203672528266907,0.7209072709083557,0.5266373157501221
YNL085W,YPL029W,0,-0.0051703183,0.12201635539531708,0.7209072709083557,0.5267374515533447
YKR050W,YMR097C,0,-0.0052178977,0.12199599295854568,0.7209072709083557,0.5268375873565674
YCL024W,YLR051C,0,-0.0052305637,0.12197563797235489,0.7209072709083557,0.52693772315979
YNR051C,YOR313C,0,-0.0052326424,0.12195529043674469,0.7209072709083557,0.5270378589630127
YEL077C,YJR017C,0,-0.00526126,0.12193494290113449,0.7209072709083557,0.5271379947662354
YKL011C,YAL021C,1,-0.0052973656,0.12208138406276703,0.7218934893608093,0.5271379947662354
YPL177C,YLR144C,0,-0.0053579835,0.12206102907657623,0.7218934893608093,0.527238130569458
YDR533C,YLR081W,0,-0.00536416,0.12204068154096603,0.7218934893608093,0.5273382663726807
YEL042W,YDR147W,0,-0.005382429,0.12202033400535583,0.7218934893608093,0.5274384021759033
YDR332W,YLR014C,0,-0.005419719,0.12200000137090683,0.7218934893608093,0.527538537979126
YLR265C,YGR105W,0,-0.005465242,0.12197966873645782,0.7218934893608093,0.5276386737823486
YKL011C,YLR277C,1,-0.0054779975,0.12212596088647842,0.7228797078132629,0.5276386737823486
YLR057W,YDR346C,0,-0.0055340184,0.12210561335086823,0.7228797078132629,0.5277388095855713
YFL017W-A,YDL245C,0,-0.0055402247,0.12208527326583862,0.7228797078132629,0.527838945388794
YIL139C,YHR032W,0,-0.0055634985,0.12206494808197021,0.7228797078132629,0.5279391407966614
YCR060W,YDR096W,0,-0.005570638,0.1220446228981018,0.7228797078132629,0.528039276599884
YDR119W,YHR184W,0,-0.005598518,0.122024305164814,0.7228797078132629,0.5281394124031067
YNL002C,YPL244C,0,-0.005625452,0.12200399488210678,0.7228797078132629,0.5282395482063293
YPL158C,YHR052W,0,-0.0056978343,0.12198369204998016,0.7228797078132629,0.528339684009552
YOR298W,YNL217W,0,-0.0057552634,0.12196339666843414,0.7228797078132629,0.5284398198127747
YBR068C,YGL001C,0,-0.0058663366,0.12194310128688812,0.7228797078132629,0.5285399556159973
YGL097W,YOL123W,0,-0.005889219,0.1219228208065033,0.7228797078132629,0.52864009141922
YKL008C,YLL036C,0,-0.0060210703,0.12190254777669907,0.7228797078132629,0.5287402272224426
YNR070W,YBR035C,0,-0.0061197085,0.12188227474689484,0.7228797078132629,0.5288403630256653
YER110C,YDL054C,0,-0.0061833737,0.1218620091676712,0.7228797078132629,0.5289404988288879
YJL145W,YGL086W,0,-0.006242956,0.12184175848960876,0.7228797078132629,0.5290406346321106
YKL175W,YGL012W,0,-0.0063011674,0.12182150781154633,0.7228797078132629,0.5291407704353333
YBR035C,YBR221C,0,-0.0063837906,0.12180126458406448,0.7228797078132629,0.5292409658432007
YPL256C,YKL148C,0,-0.006413254,0.12178102880716324,0.7228797078132629,0.5293411016464233
YER126C,YDR022C,0,-0.006454262,0.12176080048084259,0.7228797078132629,0.529441237449646
YGR071C,YJR160C,0,-0.0064618913,0.12174057215452194,0.7228797078132629,0.5295413732528687
YBR186W,YKL025C,0,-0.00649638,0.12172035872936249,0.7228797078132629,0.5296415090560913
YOR348C,YGR090W,0,-0.0064984066,0.12170015275478363,0.7228797078132629,0.529741644859314
YCL050C,YOR076C,0,-0.006515029,0.12167994678020477,0.7228797078132629,0.5298417806625366
YJL141C,YOL075C,0,-0.0065534627,0.12165974825620651,0.7228797078132629,0.5299419164657593
YDL159W,YOR130C,0,-0.0067125363,0.12163956463336945,0.7228797078132629,0.5300420522689819
YNR010W,YMR033W,0,-0.0067363186,0.12161938101053238,0.7228797078132629,0.5301421880722046
YPL194W,YLL005C,0,-0.0067448793,0.12159920483827591,0.7228797078132629,0.5302423238754272
YLR439W,YNR057C,0,-0.0067751063,0.12157903611660004,0.7228797078132629,0.5303424596786499
YPL252C,YBR244W,0,-0.006792004,0.12155887484550476,0.7228797078132629,0.5304425954818726
YJL080C,YDR296W,0,-0.006815697,0.12153871357440948,0.7228797078132629,0.5305427312850952
YLR165C,YPR133W-A,0,-0.006866741,0.1215185672044754,0.7228797078132629,0.5306429266929626
YDR416W,YIL072W,0,-0.006927776,0.12149842828512192,0.7228797078132629,0.5307430624961853
YGL225W,YLR306W,0,-0.006935316,0.12147828936576843,0.7228797078132629,0.530843198299408
YER138C,YKL149C,1,-0.0069513423,0.12162385880947113,0.7238658666610718,0.530843198299408
YOL041C,YEL002C,0,-0.006971228,0.12160371243953705,0.7238658666610718,0.5309433341026306
YCR004C,YOR211C,0,-0.00701503,0.12158356606960297,0.7238658666610718,0.5310434699058533
YGL166W,YDR478W,0,-0.007074806,0.12156343460083008,0.7238658666610718,0.5311436057090759
YMR164C,YDR529C,0,-0.0071197925,0.12154330313205719,0.7238658666610718,0.5312437415122986
YDR498C,YBR155W,0,-0.0071766404,0.1215231791138649,0.7238658666610718,0.5313438773155212
YMR113W,YNL279W,0,-0.007186788,0.1215030625462532,0.7238658666610718,0.5314440131187439
YDR210W,YOR307C,0,-0.0072165905,0.1214829534292221,0.7238658666610718,0.5315441489219666
YBL004W,YIL042C,0,-0.007232546,0.1214628517627716,0.7238658666610718,0.5316442847251892
YDL097C,YOR317W,0,-0.007240656,0.1214427500963211,0.7238658666610718,0.5317444205284119
YNL327W,YBR050C,0,-0.0072714193,0.1214226633310318,0.7238658666610718,0.5318445563316345
YOL008W,YPL204W,0,-0.0075441627,0.12140257656574249,0.7238658666610718,0.531944751739502
YHR052W,YPR137W,0,-0.007694076,0.12138250470161438,0.7238658666610718,0.5320448875427246
YMR281W,YIL085C,0,-0.007735039,0.12136243283748627,0.7238658666610718,0.5321450233459473
YNL238W,YKR067W,0,-0.0077354005,0.12134236842393875,0.7238658666610718,0.5322451591491699
YKL140W,YNR013C,0,-0.007740426,0.12132231146097183,0.7238658666610718,0.5323452949523926
YBR302C,YJL111W,0,-0.0077718226,0.12130226194858551,0.7238658666610718,0.5324454307556152
YBR183W,YGR258C,0,-0.00783104,0.12128221988677979,0.7238658666610718,0.5325455665588379
YHR091C,YDL202W,0,-0.007850745,0.12126218527555466,0.7238658666610718,0.5326457023620605
YPL023C,YOR293W,0,-0.007939923,0.12124215066432953,0.7238658666610718,0.5327458381652832
YMR262W,YMR050C,1,-0.008079569,0.12138728052377701,0.7248520851135254,0.5327458381652832
YML037C,YDL061C,0,-0.008151534,0.12136723846197128,0.7248520851135254,0.5328459739685059
YER052C,YDL225W,0,-0.008202772,0.12134720385074615,0.7248520851135254,0.5329461097717285
YJL155C,YPL132W,0,-0.008252273,0.12132716923952103,0.7248520851135254,0.5330462455749512
YHR065C,YNL148C,0,-0.008319664,0.12130714952945709,0.7248520851135254,0.5331463813781738
YMR117C,YDR380W,0,-0.008416406,0.12128712981939316,0.7248520851135254,0.5332465171813965
YMR024W,YCL074W,1,-0.008434991,0.1214321032166481,0.7258382439613342,0.5332465171813965
YJR064W,YNL119W,0,-0.008475441,0.12141207605600357,0.7258382439613342,0.5333467125892639
YPR135W,YGR261C,0,-0.008541125,0.12139204889535904,0.7258382439613342,0.5334468483924866
YLR216C,YNR018W,0,-0.008569556,0.1213720291852951,0.7258382439613342,0.5335469841957092
YOR312C,YGR180C,0,-0.008570227,0.12135201692581177,0.7258382439613342,0.5336471199989319
YPR048W,YNL001W,0,-0.0085965535,0.12133201211690903,0.7258382439613342,0.5337472558021545
YLR305C,YDR494W,0,-0.0086708395,0.12131201475858688,0.7258382439613342,0.5338473916053772
YJR104C,YEL056W,0,-0.008679989,0.12129202485084534,0.7258382439613342,0.5339475274085999
YIL035C,YER106W,0,-0.008697416,0.12127203494310379,0.7258382439613342,0.5340476632118225
YKR079C,YKL113C,1,-0.008924614,0.12141680717468262,0.7268244624137878,0.5340476632118225
YDL229W,YER154W,0,-0.008972614,0.12139680236577988,0.7268244624137878,0.5341477990150452
YDL197C,YOR297C,0,-0.0089835925,0.12137681245803833,0.7268244624137878,0.5342479348182678
YHR188C,YDL058W,0,-0.0089903725,0.12135682255029678,0.7268244624137878,0.5343480706214905
YOR368W,YOR001W,1,-0.009089186,0.12150148302316666,0.7278106212615967,0.5343480706214905
YKR103W,YHR004C,0,-0.009098127,0.12148147821426392,0.7278106212615967,0.5344482064247131
YML123C,YLR224W,0,-0.009167629,0.12146148830652237,0.7278106212615967,0.5345483422279358
YNR054C,YDL202W,0,-0.00920065,0.12144149839878082,0.7278106212615967,0.5346485376358032
YOR047C,YJL206C,0,-0.0092121465,0.12142152339220047,0.7278106212615967,0.5347486734390259
YJR043C,YEL004W,0,-0.009265642,0.12140154838562012,0.7278106212615967,0.5348488092422485
YOL026C,YMR213W,0,-0.009452033,0.12138158082962036,0.7278106212615967,0.5349489450454712
YFR008W,YLR305C,0,-0.009509261,0.1213616207242012,0.7278106212615967,0.5350490808486938
YOR003W,YDR229W,0,-0.009526304,0.12134166061878204,0.7278106212615967,0.5351492166519165
YEL016C,YPL022W,1,-0.009577665,0.1214861124753952,0.7287968397140503,0.5351492166519165
YJR075W,YKL001C,0,-0.009747828,0.12146613746881485,0.7287968397140503,0.5352493524551392
YHR079C-A,YDR006C,0,-0.009754825,0.12144617736339569,0.7287968397140503,0.5353494882583618
YBR167C,YGR158C,1,-0.009822632,0.12159053236246109,0.7297830581665039,0.5353494882583618
YBR030W,YOR369C,0,-0.009923193,0.12157055735588074,0.7297830581665039,0.5354496240615845
YER018C,YNL175C,0,-0.009942773,0.12155058979988098,0.7297830581665039,0.5355497598648071
YKL213C,YDR322W,0,-0.009968045,0.12153062969446182,0.7297830581665039,0.5356498956680298
YDR067C,YHR052W,0,-0.010014447,0.12151066958904266,0.7297830581665039,0.5357500314712524
YMR054W,YGL179C,0,-0.010110977,0.1214907243847847,0.7297830581665039,0.5358501672744751
YBR126C,YGL113W,0,-0.010268043,0.12147077918052673,0.7297830581665039,0.5359503030776978
YDR264C,YHR018C,0,-0.010317001,0.12145084887742996,0.7297830581665039,0.5360504984855652
YOR393W,YGR133W,0,-0.010389465,0.12143091857433319,0.7297830581665039,0.5361506342887878
YNL262W,YPL237W,0,-0.0104302345,0.12141099572181702,0.7297830581665039,0.5362507700920105
YER048C,YKL216W,0,-0.010461035,0.12139107286930084,0.7297830581665039,0.5363509058952332
YDR388W,YLR191W,0,-0.010473269,0.12137116491794586,0.7297830581665039,0.5364510416984558
YJR051W,YNL209W,0,-0.010649568,0.12135126441717148,0.7297830581665039,0.5365511775016785
YCL059C,YAR066W,0,-0.010684292,0.1213313639163971,0.7297830581665039,0.5366513133049011
YLR025W,YKL094W,0,-0.010737198,0.1213114783167839,0.7297830581665039,0.5367514491081238
YAL033W,YGL185C,0,-0.010809719,0.12129159271717072,0.7297830581665039,0.5368515849113464
YGR058W,YGR026W,0,-0.010871264,0.12127171456813812,0.7297830581665039,0.5369517207145691
YOL006C,YEL056W,0,-0.010909776,0.12125184386968613,0.7297830581665039,0.5370518565177917
YHR074W,YLR222C,0,-0.010924804,0.12123198062181473,0.7297830581665039,0.5371519923210144
YDL111C,YEL003W,0,-0.010954994,0.12121212482452393,0.7297830581665039,0.5372521281242371
YIR033W,YDR470C,0,-0.011090006,0.12119226902723312,0.7297830581665039,0.5373522639274597
YHR069C,YGR292W,0,-0.011167723,0.12117242813110352,0.7297830581665039,0.5374524593353271
YBL079W,YDR529C,0,-0.011190186,0.12115258723497391,0.7297830581665039,0.5375525951385498
YMR314W,YGL012W,0,-0.011227923,0.1211327537894249,0.7297830581665039,0.5376527309417725
YOR216C,YKL180W,0,-0.0112410365,0.12111292779445648,0.7297830581665039,0.5377528667449951
YJL140W,YHR216W,0,-0.011389616,0.12109310925006866,0.7297830581665039,0.5378530025482178
YHR214C-B,YDR172W,0,-0.011410388,0.12107329815626144,0.7297830581665039,0.5379531383514404
YPL106C,YDL146W,0,-0.011481638,0.12105349451303482,0.7297830581665039,0.5380532741546631
YBR228W,YOL042W,1,-0.011625971,0.12119725346565247,0.7307692170143127,0.5380532741546631
YER061C,YPL104W,0,-0.011677976,0.12117743492126465,0.7307692170143127,0.5381534099578857
YOR388C,YLR005W,0,-0.011710822,0.12115761637687683,0.7307692170143127,0.5382535457611084
YKL084W,YDR195W,0,-0.0117907105,0.12113781273365021,0.7307692170143127,0.538353681564331
YIL027C,YGR192C,0,-0.011873073,0.12111800909042358,0.7307692170143127,0.5384538173675537
YMR285C,YER160C,1,-0.01199727,0.12126164138317108,0.7317554354667664,0.5384538173675537
YDL097C,YLL004W,0,-0.012001271,0.12124183028936386,0.7317554354667664,0.5385539531707764
YKR010C,YDR363W,0,-0.012106809,0.12122201919555664,0.7317554354667664,0.538654088973999
YGL100W,YBL075C,0,-0.012130487,0.12120222300291061,0.7317554354667664,0.5387542843818665
YDR322W,YDR260C,0,-0.01214579,0.12118242681026459,0.7317554354667664,0.5388544201850891
YOL136C,YDR016C,0,-0.012287284,0.12116263806819916,0.7317554354667664,0.5389545559883118
YGR152C,YMR282C,0,-0.012306827,0.12114285677671432,0.7317554354667664,0.5390546917915344
YLR450W,YLR126C,0,-0.012350175,0.12112308293581009,0.7317554354667664,0.5391548275947571
YPL104W,YER046W,0,-0.012391071,0.12110331654548645,0.7317554354667664,0.5392549633979797
YNL080C,YBR136W,0,-0.012432839,0.12108355015516281,0.7317554354667664,0.5393550992012024
YPR081C,YKR097W,0,-0.012532371,0.12106379866600037,0.7317554354667664,0.539455235004425
YLR356W,YNL207W,0,-0.012555751,0.12104404717683792,0.7317554354667664,0.5395553708076477
YOR222W,YPL028W,0,-0.01259138,0.12102430313825607,0.7317554354667664,0.5396555066108704
YOR190W,YIR014W,0,-0.0126967905,0.12100456655025482,0.7317554354667664,0.539755642414093
YPL050C,YJR127C,0,-0.0126970885,0.12098483741283417,0.7317554354667664,0.5398557782173157
YNR027W,YGL100W,0,-0.012769449,0.12096511572599411,0.7317554354667664,0.5399559140205383
YDR036C,YOR098C,0,-0.01277596,0.12094539403915405,0.7317554354667664,0.540056049823761
YCR047C,YGR128C,0,-0.012779686,0.12092568725347519,0.7317554354667664,0.5401562452316284
YPL026C,YGL157W,0,-0.012861582,0.12090598046779633,0.7317554354667664,0.5402563810348511
YOR063W,YPL274W,0,-0.012992489,0.12088628113269806,0.7317554354667664,0.5403565168380737
YDL005C,YLR319C,0,-0.013090792,0.12086658924818039,0.7317554354667664,0.5404566526412964
YGR282C,YNL112W,0,-0.0130922375,0.12084690481424332,0.7317554354667664,0.540556788444519
YDR086C,YLL029W,0,-0.013128663,0.12082722783088684,0.7317554354667664,0.5406569242477417
YPL160W,YPR098C,0,-0.013169694,0.12080755084753036,0.7317554354667664,0.5407570600509644
YER088C,YML015C,0,-0.013271767,0.12078788876533508,0.7317554354667664,0.540857195854187
YJR088C,YLR205C,0,-0.013362727,0.1207682266831398,0.7317554354667664,0.5409573316574097
YDL060W,YDL014W,0,-0.013392868,0.12074857950210571,0.7317554354667664,0.5410574674606323
YDR240C,YNL139C,0,-0.013438876,0.12072893232107162,0.7317554354667664,0.541157603263855
YOL139C,YDL204W,0,-0.013541433,0.12070929259061813,0.7317554354667664,0.5412577390670776
YJL060W,YJL213W,0,-0.013579811,0.12068965286016464,0.7317554354667664,0.5413578748703003
YER153C,YLL029W,0,-0.013590264,0.12067002803087234,0.7317554354667664,0.5414580702781677
YGR258C,YMR050C,1,-0.013623389,0.12081300467252731,0.7327415943145752,0.5414580702781677
YGR101W,YLR342W,0,-0.013695295,0.12079336494207382,0.7327415943145752,0.5415582060813904
YLR147C,YNL131W,0,-0.013787101,0.12077373266220093,0.7327415943145752,0.541658341884613
YIL049W,YJR036C,0,-0.013849373,0.12075410038232803,0.7327415943145752,0.5417584776878357
YBL022C,YER030W,0,-0.013945493,0.12073448300361633,0.7327415943145752,0.5418586134910583
YOR216C,YKL078W,0,-0.01414328,0.12071486562490463,0.7327415943145752,0.541958749294281
YOR033C,YDR280W,1,-0.014189779,0.12085770070552826,0.7337278127670288,0.541958749294281
YOR209C,YEL013W,0,-0.014209117,0.12083806842565536,0.7337278127670288,0.5420588850975037
YMR038C,YOR297C,0,-0.014257315,0.12081845104694366,0.7337278127670288,0.5421590209007263
YGL043W,YFR037C,0,-0.014307412,0.12079883366823196,0.7337278127670288,0.542259156703949
YLR059C,YJL087C,1,-0.014434288,0.12094155699014664,0.7347140312194824,0.542259156703949
YBL040C,YLR163C,0,-0.014465141,0.12092192471027374,0.7347140312194824,0.5423592925071716
YNL339C,YIL143C,0,-0.0145091,0.12090230733156204,0.7347140312194824,0.5424594283103943
YKL059C,YJR158W,0,-0.014584507,0.12088268995285034,0.7347140312194824,0.5425595641136169
YGR271C-A,YDR378C,0,-0.014592859,0.12086307257413864,0.7347140312194824,0.5426596999168396
YPR183W,YOL102C,0,-0.014598249,0.12084347009658813,0.7347140312194824,0.5427598357200623
YGL051W,YOR328W,0,-0.014655034,0.12082387506961823,0.7347140312194824,0.5428600311279297
YOR196C,YJL203W,0,-0.014732095,0.12080428004264832,0.7347140312194824,0.5429601669311523
YDR103W,YDR018C,0,-0.014807108,0.120784692466259,0.7347140312194824,0.543060302734375
YKR065C,YHR183W,0,-0.014894421,0.12076511234045029,0.7347140312194824,0.5431604385375977
YDR503C,YLL015W,0,-0.014966342,0.12074553966522217,0.7347140312194824,0.5432605743408203
YBL052C,YKL091C,0,-0.015151585,0.12072597444057465,0.7347140312194824,0.543360710144043
YDR338C,YIL150C,0,-0.015218451,0.12070641666650772,0.7347140312194824,0.5434608459472656
YBL017C,YIL042C,0,-0.015251617,0.1206868588924408,0.7347140312194824,0.5435609817504883
YOR201C,YIR017C,0,-0.015315036,0.12066731601953506,0.7347140312194824,0.5436611175537109
YDR113C,YPL159C,0,-0.015324655,0.12064777314662933,0.7347140312194824,0.5437612533569336
YBL055C,YAL015C,1,-0.01532996,0.12079015374183655,0.7357001900672913,0.5437612533569336
YCR094W,YGL136C,0,-0.015332299,0.12077060341835022,0.7357001900672913,0.5438613891601562
YML110C,YBL026W,0,-0.01546407,0.12075105309486389,0.7357001900672913,0.5439615249633789
YMR029C,YLR187W,0,-0.015581976,0.12073151022195816,0.7357001900672913,0.5440616607666016
YER190W,YBL069W,0,-0.01561037,0.12071197479963303,0.7357001900672913,0.544161856174469
YMR059W,YKL114C,1,-0.015675057,0.12085422873497009,0.7366864085197449,0.544161856174469
YLR440C,YGR157W,0,-0.0157157,0.12083467841148376,0.7366864085197449,0.5442619919776917
YCL025C,YOL158C,0,-0.015741888,0.12081513553857803,0.7366864085197449,0.5443621277809143
YGL254W,YKL020C,0,-0.015850078,0.1207956001162529,0.7366864085197449,0.544462263584137
YOR257W,YOL005C,0,-0.015892584,0.12077607214450836,0.7366864085197449,0.5445623993873596
YLR029C,YIL072W,0,-0.015999723,0.12075654417276382,0.7366864085197449,0.5446625351905823
YJL189W,YGL175C,0,-0.016037848,0.12073703110218048,0.7366864085197449,0.5447626709938049
YBR139W,YPR032W,0,-0.016074304,0.12071751803159714,0.7366864085197449,0.5448628067970276
YDR055W,YKL004W,0,-0.016248856,0.12069801241159439,0.7366864085197449,0.5449629426002502
YPL150W,YMR189W,0,-0.016264837,0.12067851424217224,0.7366864085197449,0.5450630784034729
YNL092W,YJL176C,0,-0.016283043,0.12065902352333069,0.7366864085197449,0.5451632142066956
YML073C,YDR071C,0,-0.01636577,0.12063953280448914,0.7366864085197449,0.5452633500099182
YML104C,YJL097W,0,-0.016627554,0.12062005698680878,0.7366864085197449,0.5453634858131409
YDR392W,YNL254C,0,-0.016638681,0.12060058116912842,0.7366864085197449,0.5454636216163635
YKL130C,YJR098C,0,-0.016643047,0.12058111280202866,0.7366864085197449,0.545563817024231
YGL043W,YAL041W,0,-0.016649295,0.12056165188550949,0.7366864085197449,0.5456639528274536
YGL232W,YCR030C,0,-0.01674397,0.12054219841957092,0.7366864085197449,0.5457640886306763
YDR312W,YHR153C,0,-0.01679939,0.12052275240421295,0.7366864085197449,0.5458642244338989
YDR423C,YOR328W,0,-0.016829912,0.12050330638885498,0.7366864085197449,0.5459643602371216
YJR134C,YOL155C,0,-0.016924623,0.1204838678240776,0.7366864085197449,0.5460644960403442
YGR258C,YJL087C,1,-0.016947094,0.12062570452690125,0.7376725673675537,0.5460644960403442
YMR094W,YGR295C,0,-0.016993705,0.12060625851154327,0.7376725673675537,0.5461646318435669
YIL134W,YFR007W,0,-0.01707283,0.1205868124961853,0.7376725673675537,0.5462647676467896
YBR096W,YBR018C,0,-0.017113108,0.12056737393140793,0.7376725673675537,0.5463649034500122
YDR386W,YNR052C,1,-0.017132882,0.12070910632610321,0.7386587858200073,0.5463649034500122
YJR075W,YDR473C,0,-0.017179523,0.12068965286016464,0.7386587858200073,0.5464650392532349
YPL195W,YBR057C,0,-0.01721159,0.12067021429538727,0.7386587858200073,0.5465651750564575
YIL076W,YDL015C,0,-0.017239362,0.1206507757306099,0.7386587858200073,0.5466653108596802
YCR052W,YDL130W-A,0,-0.017246298,0.12063134461641312,0.7386587858200073,0.5467654466629028
YNL053W,YML058W,0,-0.017248902,0.12061191350221634,0.7386587858200073,0.5468655824661255
YNL312W,YBR096W,0,-0.017325792,0.12059249728918076,0.7386587858200073,0.5469657778739929
YOR171C,YGL083W,0,-0.017357461,0.12057308107614517,0.7386587858200073,0.5470659136772156
YER065C,YEL058W,0,-0.01737925,0.12055367976427078,0.7386587858200073,0.5471660494804382
YJL024C,YBR021W,0,-0.017393094,0.12053427845239639,0.7386587858200073,0.5472661852836609
YBR289W,YHR206W,0,-0.01746874,0.1205148845911026,0.7386587858200073,0.5473663210868835
YKL208W,YPR113W,0,-0.017558802,0.1204954981803894,0.7386587858200073,0.5474664568901062
YNL151C,YLR035C,0,-0.017658178,0.12047611176967621,0.7386587858200073,0.5475665926933289
YDR171W,YNL245C,0,-0.017741952,0.1204567402601242,0.7386587858200073,0.5476667284965515
YKL082C,YMR166C,0,-0.017838787,0.1204373687505722,0.7386587858200073,0.5477668642997742
YOL041C,YJL134W,0,-0.017894376,0.1204180046916008,0.7386587858200073,0.5478670001029968
YOR244W,YKL086W,0,-0.01799323,0.12039864808320999,0.7386587858200073,0.5479671359062195
YHL024W,YEL077C,0,-0.0180418,0.12037929892539978,0.7386587858200073,0.5480672717094421
YPL023C,YGL030W,0,-0.018087815,0.12035995721817017,0.7386587858200073,0.5481674075126648
YGR009C,YJR051W,0,-0.018320698,0.12034061551094055,0.7386587858200073,0.5482676029205322
YKR079C,YNL102W,1,-0.018342156,0.1204819306731224,0.7396449446678162,0.5482676029205322
YPR028W,YNL262W,0,-0.01837935,0.1204625740647316,0.7396449446678162,0.5483677387237549
YLR286C,YLR433C,0,-0.018383443,0.12044323235750198,0.7396449446678162,0.5484678745269775
YKL114C,YOL142W,1,-0.01838823,0.12058445811271667,0.7406311631202698,0.5484678745269775
YNL282W,YBR167C,1,-0.018389449,0.12072563916444778,0.7416173815727234,0.5484678745269775
YDR425W,YCL030C,0,-0.018468771,0.12070626020431519,0.7416173815727234,0.5485680103302002
YIR015W,YMR045C,1,-0.018579032,0.12084737420082092,0.7426035404205322,0.5485680103302002
YJL082W,YGR198W,0,-0.018584464,0.12082798779010773,0.7426035404205322,0.5486681461334229
YFL031W,YBR199W,0,-0.01861056,0.12080860137939453,0.7426035404205322,0.5487682819366455
YNL202W,YGR026W,0,-0.018677596,0.12078922241926193,0.7426035404205322,0.5488684177398682
YER013W,YGL232W,0,-0.018697392,0.12076985090970993,0.7426035404205322,0.5489685535430908
YDR088C,YMR164C,0,-0.018762205,0.12075047940015793,0.7426035404205322,0.5490686893463135
YLR385C,YOR208W,0,-0.018805776,0.12073112279176712,0.7426035404205322,0.5491688251495361
YCR052W,YCR093W,0,-0.01883078,0.12071176618337631,0.7426035404205322,0.5492689609527588
YKL011C,YBR228W,1,-0.018839132,0.12085270136594772,0.7435897588729858,0.5492689609527588
YOL080C,YGL011C,0,-0.018879388,0.12083332985639572,0.7435897588729858,0.5493690967559814
YBR229C,YDR172W,0,-0.019007485,0.12081397324800491,0.7435897588729858,0.5494692325592041
YMR024W,YDR492W,0,-0.019058194,0.1207946166396141,0.7435897588729858,0.5495693683624268
YJL213W,YPR164W,0,-0.019124094,0.1207752674818039,0.7435897588729858,0.5496695637702942
YDR202C,YDL029W,0,-0.019273732,0.12075592577457428,0.7435897588729858,0.5497696995735168
YCL075W,YGR195W,1,-0.01935305,0.12089671939611435,0.7445759177207947,0.5497696995735168
YER142C,YIL082W-A,1,-0.019498184,0.12103746086359024,0.7455621361732483,0.5497696995735168
YDR065W,YPL206C,0,-0.019526754,0.12101808935403824,0.7455621361732483,0.5498698353767395
YBL097W,YNR043W,0,-0.019610222,0.12099871784448624,0.7455621361732483,0.5499699711799622
YJL011C,YDL104C,0,-0.019611228,0.12097935378551483,0.7455621361732483,0.5500701069831848
YIR039C,YDL099W,0,-0.019619923,0.12095999717712402,0.7455621361732483,0.5501702427864075
YGR072W,YDR079W,0,-0.019689802,0.12094064801931381,0.7455621361732483,0.5502703785896301
YBR203W,YCR023C,0,-0.019691441,0.1209213063120842,0.7455621361732483,0.5503705143928528
YOR389W,YGR162W,0,-0.01970043,0.12090196460485458,0.7455621361732483,0.5504706501960754
YJR135W-A,YKL009W,0,-0.019710533,0.12088263779878616,0.7455621361732483,0.5505707859992981
YDR247W,YPR144C,0,-0.019823704,0.12086331099271774,0.7455621361732483,0.5506709218025208
YHR119W,YER185W,0,-0.01985253,0.12084399163722992,0.7455621361732483,0.5507710576057434
YPL268W,YFL036W,0,-0.0200373,0.12082467973232269,0.7455621361732483,0.5508711934089661
YJR135C,YGR143W,0,-0.020085547,0.12080536782741547,0.7455621361732483,0.5509713888168335
YEL020C,YGR068C,0,-0.020148885,0.12078607082366943,0.7455621361732483,0.5510715246200562
YIL124W,YDL201W,0,-0.020170506,0.1207667738199234,0.7455621361732483,0.5511716604232788
YPL050C,YOR057W,0,-0.020204019,0.12074748426675797,0.7455621361732483,0.5512717962265015
YKR009C,YMR134W,0,-0.020288695,0.12072820216417313,0.7455621361732483,0.5513719320297241
YLR321C,YBR172C,0,-0.020318028,0.12070892751216888,0.7455621361732483,0.5514720678329468
YJL030W,YMR109W,0,-0.020336736,0.12068965286016464,0.7455621361732483,0.5515722036361694
YOL091W,YJR029W,0,-0.02043825,0.1206703931093216,0.7455621361732483,0.5516723394393921
YNL248C,YFL041W,0,-0.02059045,0.12065113335847855,0.7455621361732483,0.5517724752426147
YMR217W,YER094C,0,-0.020624135,0.1206318810582161,0.7455621361732483,0.5518726110458374
YNL131W,YLR378C,0,-0.020633224,0.12061263620853424,0.7455621361732483,0.5519727468490601
YLR276C,YDL202W,0,-0.020683322,0.12059339880943298,0.7455621361732483,0.5520728826522827
YJR138W,YML110C,0,-0.020684246,0.12057416141033173,0.7455621361732483,0.5521730184555054
YDR371W,YOR155C,0,-0.02079137,0.12055493891239166,0.7455621361732483,0.552273154258728
YLL005C,YNL151C,0,-0.020794306,0.1205357164144516,0.7455621361732483,0.5523733496665955
YJL033W,YAL047C,0,-0.020826388,0.12051650136709213,0.7455621361732483,0.5524734854698181
YMR304W,YML129C,0,-0.020881359,0.12049729377031326,0.7455621361732483,0.5525736212730408
YML077W,YHR216W,0,-0.020989258,0.1204780861735344,0.7455621361732483,0.5526737570762634
YDR255C,YLR121C,0,-0.021057736,0.12045889347791672,0.7455621361732483,0.5527738928794861
YLR043C,YGL208W,0,-0.021059472,0.12043970078229904,0.7455621361732483,0.5528740286827087
YPL026C,YDL015C,0,-0.021083552,0.12042051553726196,0.7455621361732483,0.5529741644859314
YDL007W,YLR163C,0,-0.021119956,0.12040133774280548,0.7455621361732483,0.553074300289154
YJR119C,YGL047W,0,-0.021145333,0.1203821673989296,0.7455621361732483,0.5531744360923767
YBR142W,YIR010W,0,-0.021240968,0.12036299705505371,0.7455621361732483,0.5532745718955994
YDR067C,YGL241W,0,-0.02125879,0.12034384161233902,0.7455621361732483,0.553374707698822
YMR022W,YGL226C-A,0,-0.021415636,0.12032468616962433,0.7455621361732483,0.5534748435020447
YLL028W,YDR418W,0,-0.021478157,0.12030553817749023,0.7455621361732483,0.5535749793052673
YOL021C,YPL153C,0,-0.021480355,0.12028639763593674,0.7455621361732483,0.5536751747131348
YML040W,YLL003W,0,-0.021578792,0.12026725709438324,0.7455621361732483,0.5537753105163574
YDR440W,YDR346C,0,-0.021712158,0.12024813145399094,0.7455621361732483,0.5538754463195801
YMR306W,YIL017C,0,-0.021796335,0.12022900581359863,0.7455621361732483,0.5539755821228027
YPL200W,YKR009C,0,-0.021870822,0.12020988762378693,0.7455621361732483,0.5540757179260254
YGL173C,YOL043C,1,-0.021877803,0.12034976482391357,0.7465482950210571,0.5540757179260254
YNL282W,YNL027W,0,-0.021888647,0.12033063173294067,0.7465482950210571,0.554175853729248
YML125C,YDR103W,0,-0.02191222,0.12031150609254837,0.7465482950210571,0.5542759895324707
YCR037C,YDR104C,0,-0.021965358,0.12029238790273666,0.7465482950210571,0.5543761253356934
YER007W,YBL092W,0,-0.02205592,0.12027327716350555,0.7465482950210571,0.554476261138916
YIL111W,YAR031W,0,-0.022079442,0.12025416642427444,0.7465482950210571,0.5545763969421387
YNL026W,YDR265W,0,-0.022098396,0.12023507058620453,0.7465482950210571,0.5546765327453613
YDR280W,YAR008W,1,-0.02212732,0.12037478387355804,0.7475345134735107,0.5546765327453613
YCL069W,YAR010C,0,-0.022130016,0.12035566568374634,0.7475345134735107,0.554776668548584
YIL122W,YPR066W,0,-0.02219246,0.12033656239509583,0.7475345134735107,0.5548768043518066
YDR263C,YLR170C,0,-0.022272315,0.12031745910644531,0.7475345134735107,0.5549769401550293
YGL112C,YLR178C,0,-0.022322621,0.1202983632683754,0.7475345134735107,0.5550771355628967
YOL003C,YDL208W,0,-0.0226935,0.12027927488088608,0.7475345134735107,0.5551772713661194
YML114C,YDR197W,0,-0.022771541,0.12026019394397736,0.7475345134735107,0.555277407169342
YDR280W,YOL042W,1,-0.022782136,0.12039974331855774,0.7485207319259644,0.555277407169342
YER145C,YJR065C,0,-0.022809546,0.12038064748048782,0.7485207319259644,0.5553775429725647
YOR115C,YKL018W,0,-0.02282263,0.1203615590929985,0.7485207319259644,0.5554776787757874
YOR054C,YPL015C,0,-0.022921417,0.12034247815608978,0.7485207319259644,0.55557781457901
YHR025W,YBL089W,0,-0.022947509,0.12032339721918106,0.7485207319259644,0.5556779503822327
YGL158W,YCR033W,0,-0.02294837,0.12030432373285294,0.7485207319259644,0.5557780861854553
YNL016W,YIL002C,0,-0.022999007,0.120285265147686,0.7485207319259644,0.555878221988678
YBR068C,YJL151C,0,-0.02302413,0.12026619911193848,0.7485207319259644,0.5559783577919006
YLR357W,YCR092C,0,-0.02311175,0.12024714797735214,0.7485207319259644,0.5560784935951233
YMR290C,YOL038W,0,-0.023160655,0.1202281042933464,0.7485207319259644,0.556178629398346
YLR404W,YKL095W,0,-0.02316523,0.12020906060934067,0.7485207319259644,0.5562787652015686
YDR088C,YLL029W,0,-0.023207743,0.12019002437591553,0.7485207319259644,0.5563789010047913
YDL024C,YGL020C,0,-0.023344118,0.12017099559307098,0.7485207319259644,0.5564790964126587
YKR069W,YBR041W,0,-0.0233603,0.12015197426080704,0.7485207319259644,0.5565792322158813
YBR044C,YER051W,0,-0.023426253,0.12013295292854309,0.7485207319259644,0.556679368019104
YNL258C,YJR147W,0,-0.023450583,0.12011393904685974,0.7485207319259644,0.5567795038223267
YGR012W,YDR322W,0,-0.023517016,0.12009494006633759,0.7485207319259644,0.5568796396255493
YML128C,YDL040C,0,-0.023560885,0.12007593363523483,0.7485207319259644,0.556979775428772
YML095C,YPL163C,0,-0.023630593,0.12005694210529327,0.7485207319259644,0.5570799112319946
YCR088W,YPR075C,0,-0.023636777,0.12003795802593231,0.7485207319259644,0.5571800470352173
YDL014W,YOR073W,0,-0.023669269,0.12001897394657135,0.7485207319259644,0.5572801828384399
YNL232W,YLR145W,1,-0.023741309,0.1201581060886383,0.7495068907737732,0.5572801828384399
YJR078W,YNR040W,0,-0.023950737,0.12013910710811615,0.7495068907737732,0.5573803186416626
YDL020C,YJR010C-A,0,-0.0241392,0.12012012302875519,0.7495068907737732,0.5574804544448853
YKL114C,YCR035C,1,-0.024166249,0.12025916576385498,0.7504931092262268,0.5574804544448853
YHL022C,YKL222C,0,-0.024183173,0.12024016678333282,0.7504931092262268,0.5575805902481079
YER052C,YOL149W,0,-0.02421894,0.12022116780281067,0.7504931092262268,0.5576807260513306
YOR100C,YOR297C,0,-0.024251636,0.12020217627286911,0.7504931092262268,0.557780921459198
YHR099W,YLR219W,0,-0.024290796,0.12018319964408875,0.7504931092262268,0.5578810572624207
YPR011C,YER111C,0,-0.02435771,0.12016421556472778,0.7504931092262268,0.5579811930656433
YJL219W,YDR320C,0,-0.024420355,0.12014524638652802,0.7504931092262268,0.558081328868866
YER110C,YCR034W,0,-0.024433043,0.12012628465890884,0.7504931092262268,0.5581814646720886
YGL245W,YLL055W,0,-0.024556104,0.12010732293128967,0.7504931092262268,0.5582816004753113
YOR092W,YGL157W,0,-0.024558295,0.1200883686542511,0.7504931092262268,0.5583817362785339
YPL047W,YJR006W,0,-0.024641212,0.12006942182779312,0.7504931092262268,0.5584818720817566
YML123C,YPR006C,0,-0.0247694,0.12005048245191574,0.7504931092262268,0.5585820078849792
YNL126W,YPR196W,0,-0.024779234,0.12003154307603836,0.7504931092262268,0.5586821436882019
YOR198C,YHR175W,0,-0.02478557,0.12001261860132217,0.7504931092262268,0.5587822794914246
YBR243C,YAR035W,0,-0.024823017,0.11999369412660599,0.7504931092262268,0.5588824152946472
YOL101C,YOR291W,0,-0.024866167,0.1199747771024704,0.7504931092262268,0.5589825510978699
YLR355C,YML118W,0,-0.024870101,0.1199558675289154,0.7504931092262268,0.5590826869010925
YDR139C,YHR008C,0,-0.024919871,0.11993695795536041,0.7504931092262268,0.55918288230896
YPL214C,YHR032W,0,-0.024954144,0.11991805583238602,0.7504931092262268,0.5592830181121826
YBL106C,YBL093C,0,-0.025113288,0.11989916861057281,0.7504931092262268,0.5593831539154053
YPL020C,YOL148C,0,-0.025123913,0.11988027393817902,0.7504931092262268,0.5594832897186279
YDR479C,YNL323W,0,-0.025252447,0.11986139416694641,0.7504931092262268,0.5595834255218506
YBL085W,YPL007C,0,-0.025254328,0.1198425218462944,0.7504931092262268,0.5596835613250732
YLR262C,YNL339C,0,-0.025268931,0.1198236495256424,0.7504931092262268,0.5597836971282959
YPL276W,YFL021W,0,-0.025330964,0.11980478465557098,0.7504931092262268,0.5598838329315186
YKL082C,YIL162W,0,-0.025349546,0.11978592723608017,0.7504931092262268,0.5599839687347412
YOR389W,YPL274W,0,-0.025606994,0.11976707726716995,0.7504931092262268,0.5600841045379639
YDR073W,YEL031W,0,-0.025706511,0.11974822729825974,0.7504931092262268,0.5601842403411865
YJR092W,YKR014C,0,-0.0257192,0.11972939223051071,0.7504931092262268,0.5602843761444092
YCL018W,YOR299W,0,-0.025726076,0.11971055716276169,0.7504931092262268,0.5603845119476318
YLR320W,YLL003W,0,-0.02591896,0.11969172954559326,0.7504931092262268,0.5604847073554993
YEL042W,YBR294W,0,-0.025947262,0.11967290192842484,0.7504931092262268,0.5605848431587219
YGR070W,YNL220W,0,-0.025977228,0.1196540892124176,0.7504931092262268,0.5606849789619446
YFL002W-A,YHR017W,0,-0.026115924,0.11963527649641037,0.7504931092262268,0.5607851147651672
YER120W,YOR243C,0,-0.026143942,0.11961647123098373,0.7504931092262268,0.5608852505683899
YMR273C,YML071C,0,-0.026217941,0.1195976734161377,0.7504931092262268,0.5609853863716125
YBR167C,YDR313C,0,-0.026344974,0.11957888305187225,0.7504931092262268,0.5610855221748352
YFR044C,YHR174W,0,-0.026406493,0.11956009268760681,0.7504931092262268,0.5611856579780579
YMR036C,YLR300W,0,-0.02643266,0.11954130977392197,0.7504931092262268,0.5612857937812805
YOR299W,YLR024C,0,-0.026563965,0.11952254176139832,0.7504931092262268,0.5613859295845032
YJL154C,YIL132C,0,-0.026566964,0.11950376629829407,0.7504931092262268,0.5614860653877258
YJR088C,YEL061C,0,-0.026701208,0.11948500573635101,0.7504931092262268,0.5615862011909485
YIL110W,YNL088W,0,-0.026702005,0.11946624517440796,0.7504931092262268,0.5616863369941711
YDR210W,YHR188C,0,-0.026738502,0.1194474995136261,0.7504931092262268,0.5617864727973938
YDR131C,YBR008C,0,-0.026742179,0.11942875385284424,0.7504931092262268,0.5618866682052612
YNL052W,YEL036C,0,-0.026943687,0.11941000819206238,0.7504931092262268,0.5619868040084839
YLL034C,YNL270C,0,-0.026963431,0.11939127743244171,0.7504931092262268,0.5620869398117065
YOR351C,YML034W,0,-0.027058814,0.11937254667282104,0.7504931092262268,0.5621870756149292
YOL013C,YMR204C,0,-0.027088631,0.11935382336378098,0.7504931092262268,0.5622872114181519
YCR033W,YMR284W,0,-0.027197141,0.1193351075053215,0.7504931092262268,0.5623873472213745
YFR008W,YNL127W,0,-0.027201671,0.11931639909744263,0.7504931092262268,0.5624874830245972
YBR196C,YMR204C,0,-0.027289335,0.11929769814014435,0.7504931092262268,0.5625876188278198
YNL112W,YLR291C,0,-0.027412076,0.11927899718284607,0.7504931092262268,0.5626877546310425
YML131W,YPL202C,0,-0.027464416,0.11926030367612839,0.7504931092262268,0.5627878904342651
YGL019W,YDR267C,0,-0.027482022,0.1192416176199913,0.7504931092262268,0.5628880262374878
YGL158W,YOL104C,0,-0.027483169,0.11922293901443481,0.7504931092262268,0.5629881620407104
YBL102W,YLR286C,0,-0.027522776,0.11920426040887833,0.7504931092262268,0.5630882978439331
YDL144C,YBL006C,0,-0.02763236,0.11918558925390244,0.7504931092262268,0.5631884932518005
YER144C,YGR026W,0,-0.027658414,0.11916692554950714,0.7504931092262268,0.5632886290550232
YFR041C,YNR004W,0,-0.027684364,0.11914826929569244,0.7504931092262268,0.5633887648582458
YNL139C,YML019W,0,-0.027738951,0.11912962049245834,0.7504931092262268,0.5634889006614685
YIR032C,YFR005C,0,-0.027742721,0.11911097168922424,0.7504931092262268,0.5635890364646912
YJL194W,YDL132W,0,-0.027750742,0.11909233033657074,0.7504931092262268,0.5636891722679138
YDL128W,YKL116C,0,-0.027782287,0.11907369643449783,0.7504931092262268,0.5637893080711365
YDL115C,YMR025W,0,-0.027784225,0.11905506998300552,0.7504931092262268,0.5638894438743591
YNL186W,YBR293W,0,-0.02779967,0.11903644353151321,0.7504931092262268,0.5639895796775818
YML032C,YBR052C,0,-0.027842399,0.1190178319811821,0.7504931092262268,0.5640897154808044
YJR013W,YGL205W,0,-0.027853336,0.11899922043085098,0.7504931092262268,0.5641898512840271
YNR023W,YLR034C,0,-0.027869172,0.11898061633110046,0.7504931092262268,0.5642899870872498
YJR043C,YJL087C,1,-0.027903516,0.1191183403134346,0.7514792680740356,0.5642899870872498
YIL094C,YDR228C,0,-0.027908023,0.11909972131252289,0.7514792680740356,0.5643901228904724
YKR103W,YOL062C,0,-0.027976114,0.11908110976219177,0.7514792680740356,0.5644902586936951
YML095C,YCR093W,1,-0.02805521,0.11921875178813934,0.7524654865264893,0.5644902586936951
YMR292W,YMR162C,0,-0.028078135,0.11920012533664703,0.7524654865264893,0.5645904541015625
YGL060W,YLR105C,0,-0.028129939,0.11918150633573532,0.7524654865264893,0.5646905899047852
YDL138W,YGR198W,0,-0.028207075,0.1191628947854042,0.7524654865264893,0.5647907257080078
YPR056W,YFR001W,0,-0.028233584,0.11914428323507309,0.7524654865264893,0.5648908615112305
YLR383W,YMR241W,0,-0.028358106,0.11912568658590317,0.7524654865264893,0.5649909973144531
YNL151C,YDR034C,0,-0.028405242,0.11910708993673325,0.7524654865264893,0.5650911331176758
YOR128C,YJR004C,0,-0.02845354,0.11908849328756332,0.7524654865264893,0.5651912689208984
YMR136W,YJL143W,0,-0.028574768,0.1190699115395546,0.7524654865264893,0.5652914047241211
YGR009C,YGL124C,0,-0.028716393,0.11905133724212646,0.7524654865264893,0.5653915405273438
YAR018C,YLR035C,0,-0.028807312,0.11903276294469833,0.7524654865264893,0.5654916763305664
YNL166C,YLL013C,0,-0.028858561,0.1190141960978508,0.7524654865264893,0.5655918121337891
YDR228C,YDR538W,0,-0.028962325,0.11899563670158386,0.7524654865264893,0.5656919479370117
YER087W,YNL225C,0,-0.029074851,0.11897707730531693,0.7524654865264893,0.5657920837402344
YJL149W,YLR233C,0,-0.029090796,0.11895852535963058,0.7524654865264893,0.565892219543457
YDR067C,YNL272C,0,-0.029097322,0.11893998086452484,0.7524654865264893,0.5659924149513245
YDL155W,YCR014C,0,-0.029097412,0.1189214438199997,0.7524654865264893,0.5660925507545471
YHR141C,YIL034C,0,-0.029172283,0.11890291422605515,0.7524654865264893,0.5661926865577698
YGR118W,YNL202W,0,-0.029206757,0.1188843846321106,0.7524654865264893,0.5662928223609924
YAL035W,YNR026C,0,-0.029318385,0.11886586993932724,0.7524654865264893,0.5663929581642151
YNL139C,YBR115C,0,-0.029419575,0.11884735524654388,0.7524654865264893,0.5664930939674377
YDR137W,YGL227W,0,-0.029420901,0.11882884055376053,0.7524654865264893,0.5665932297706604
YFL001W,YER088C,0,-0.02946693,0.11881034076213837,0.7524654865264893,0.5666933655738831
YER091C,YCL055W,0,-0.029587228,0.1187918409705162,0.7524654865264893,0.5667935013771057
YDR386W,YBR223C,1,-0.029636417,0.11892901360988617,0.7534517049789429,0.5667935013771057
YGL071W,YGL123W,0,-0.029663298,0.11891050636768341,0.7534517049789429,0.5668936371803284
YJR029W,YNL093W,0,-0.02966896,0.11889199912548065,0.7534517049789429,0.566993772983551
YPL213W,YHL008C,0,-0.029686872,0.11887349933385849,0.7534517049789429,0.5670939087867737
YCL034W,YFR003C,0,-0.02971178,0.11885500699281693,0.7534517049789429,0.5671940445899963
YHR129C,YOL129W,0,-0.029714022,0.11883652210235596,0.7534517049789429,0.5672942399978638
YOL066C,YLR034C,0,-0.029770706,0.11881803721189499,0.7534517049789429,0.5673943758010864
YIR025W,YLR163C,0,-0.029798765,0.11879956722259521,0.7534517049789429,0.5674945116043091
YML118W,YKL025C,1,-0.030012313,0.11893656849861145,0.7544378638267517,0.5674945116043091
YNL212W,YAL042W,0,-0.03001282,0.11891807615756989,0.7544378638267517,0.5675946474075317
YJR068W,YDR173C,0,-0.03002258,0.11889959871768951,0.7544378638267517,0.5676947832107544
YKL206C,YDL092W,0,-0.030075103,0.11888112127780914,0.7544378638267517,0.567794919013977
YNL035C,YDR229W,0,-0.030137498,0.11886265128850937,0.7544378638267517,0.5678950548171997
YNL151C,YBL030C,0,-0.030364279,0.1188441812992096,0.7544378638267517,0.5679951906204224
YJL080C,YPL123C,0,-0.030424453,0.11882571876049042,0.7544378638267517,0.568095326423645
YGR128C,YOL010W,0,-0.03050201,0.11880727112293243,0.7544378638267517,0.5681954622268677
YGR148C,YLR117C,0,-0.030552585,0.11878882348537445,0.7544378638267517,0.5682955980300903
YKL146W,YHR043C,0,-0.03055453,0.11877037584781647,0.7544378638267517,0.568395733833313
YBR260C,YDR018C,0,-0.030570421,0.11875194311141968,0.7544378638267517,0.5684958696365356
YER095W,YPL078C,0,-0.030573074,0.11873351037502289,0.7544378638267517,0.5685960054397583
YML078W,YDR062W,0,-0.030599196,0.1187150850892067,0.7544378638267517,0.5686962008476257
YER120W,YKL140W,0,-0.030658755,0.1186966672539711,0.7544378638267517,0.5687963366508484
YNL254C,YML091C,0,-0.030905534,0.1186782494187355,0.7544378638267517,0.568896472454071
YNL127W,YIL016W,0,-0.030922193,0.1186598390340805,0.7544378638267517,0.5689966082572937
YGR277C,YBR033W,0,-0.030962203,0.1186414361000061,0.7544378638267517,0.5690967440605164
YBR154C,YML080W,0,-0.03101404,0.1186230406165123,0.7544378638267517,0.569196879863739
YDL029W,YBR019C,0,-0.031060625,0.11860465258359909,0.7544378638267517,0.5692970156669617
YMR045C,YHR079C,1,-0.031152494,0.11874128133058548,0.7554240822792053,0.5692970156669617
YBR066C,YDR313C,0,-0.03118455,0.11872287839651108,0.7554240822792053,0.5693971514701843
YPR183W,YNL078W,0,-0.031184796,0.11870447546243668,0.7554240822792053,0.569497287273407
YKL113C,YDR167W,0,-0.031236727,0.11868608742952347,0.7554240822792053,0.5695974230766296
YJR028W,YGR023W,0,-0.031404242,0.11866769939661026,0.7554240822792053,0.5696975588798523
YMR020W,YOR373W,0,-0.031412102,0.11864931881427765,0.7554240822792053,0.569797694683075
YIL020C,YDR281C,0,-0.031500746,0.11863094568252563,0.7554240822792053,0.5698978304862976
YPL051W,YNR022C,0,-0.03156871,0.11861257255077362,0.7554240822792053,0.569998025894165
YDR444W,YLR440C,0,-0.03163812,0.1185942068696022,0.7554240822792053,0.5700981616973877
YGL094C,YKR030W,0,-0.031764116,0.11857584863901138,0.7554240822792053,0.5701982975006104
YDL064W,YLR147C,0,-0.031851683,0.11855749785900116,0.7554240822792053,0.570298433303833
YDR170C,YGR109C,0,-0.03191254,0.11853915452957153,0.7554240822792053,0.5703985691070557
YKL167C,YOR344C,0,-0.03191738,0.1185208112001419,0.7554240822792053,0.5704987049102783
YKL130C,YER027C,0,-0.032012906,0.11850247532129288,0.7554240822792053,0.570598840713501
YER046W,YLR395C,0,-0.032097895,0.11848414689302444,0.7554240822792053,0.5706989765167236
YML095C,YNL135C,0,-0.032114428,0.11846581846475601,0.7554240822792053,0.5707991123199463
YKL127W,YJR047C,0,-0.032164294,0.11844750493764877,0.7554240822792053,0.570899248123169
YKR025W,YKL018W,0,-0.032179143,0.11842919141054153,0.7554240822792053,0.5709993839263916
YOL124C,YNL223W,0,-0.032228608,0.11841088533401489,0.7554240822792053,0.5710995197296143
YNL084C,YJL053W,0,-0.032310605,0.11839257925748825,0.7554240822792053,0.5711996555328369
YPL157W,YGR227W,0,-0.03231277,0.1183742880821228,0.7554240822792053,0.5712997913360596
YGR035C,YDR126W,0,-0.032362897,0.11835599690675735,0.7554240822792053,0.571399986743927
YBR135W,YDR173C,0,-0.032478187,0.1183377131819725,0.7554240822792053,0.5715001225471497
YPL031C,YPL187W,0,-0.032508817,0.11831942945718765,0.7554240822792053,0.5716002583503723
YAR007C,YOR077W,0,-0.03259615,0.118301160633564,0.7554240822792053,0.571700394153595
YOR043W,YMR301C,0,-0.032636475,0.11828289180994034,0.7554240822792053,0.5718005299568176
YOR147W,YDL231C,0,-0.03281977,0.11826463043689728,0.7554240822792053,0.5719006657600403
YEL026W,YOR054C,0,-0.03283721,0.11824636906385422,0.7554240822792053,0.5720008015632629
YIR015W,YJL104W,0,-0.03287329,0.11822812259197235,0.7554240822792053,0.5721009373664856
YNR006W,YBR230C,0,-0.032898296,0.11820987612009048,0.7554240822792053,0.5722010731697083
YPL113C,YKL198C,0,-0.032966677,0.11819163709878922,0.7554240822792053,0.5723012089729309
YMR239C,YIL142W,0,-0.032987643,0.11817340552806854,0.7554240822792053,0.5724013447761536
YOL115W,YPL128C,0,-0.033103738,0.11815517395734787,0.7554240822792053,0.5725014805793762
YJL198W,YMR006C,0,-0.033150572,0.1181369498372078,0.7554240822792053,0.5726016163825989
YNL224C,YGL012W,0,-0.033153493,0.11811873316764832,0.7554240822792053,0.5727018117904663
YGR049W,YGR255C,0,-0.03319974,0.11810052394866943,0.7554240822792053,0.572801947593689
YJL208C,YDR263C,1,-0.03324985,0.1182364746928215,0.7564102411270142,0.572801947593689
YIL088C,YOR291W,0,-0.03325128,0.11821825057268143,0.7564102411270142,0.5729020833969116
YOL038W,YEL015W,0,-0.03331834,0.11820003390312195,0.7564102411270142,0.5730022192001343
YDL079C,YGR008C,0,-0.033355806,0.11818181723356247,0.7564102411270142,0.5731023550033569
YLR380W,YPL246C,0,-0.033389177,0.11816360801458359,0.7564102411270142,0.5732024908065796
YJL170C,YMR083W,0,-0.03341508,0.1181454062461853,0.7564102411270142,0.5733026266098022
YLR192C,YHR166C,0,-0.03345791,0.11812721192836761,0.7564102411270142,0.5734027624130249
YHL018W,YDR252W,0,-0.033475343,0.11810902506113052,0.7564102411270142,0.5735028982162476
YLR393W,YPR019W,0,-0.0336064,0.11809083819389343,0.7564102411270142,0.5736030340194702
YJL200C,YPL204W,0,-0.03363301,0.11807265877723694,0.7564102411270142,0.5737031698226929
YBR235W,YOR144C,0,-0.03373215,0.11805448681116104,0.7564102411270142,0.5738033056259155
YJR031C,YML106W,0,-0.03395773,0.11803632229566574,0.7564102411270142,0.5739034414291382
YLR033W,YML006C,0,-0.034040157,0.11801815778017044,0.7564102411270142,0.5740035772323608
YLR320W,YLR272C,0,-0.034065753,0.11800000071525574,0.7564102411270142,0.5741037726402283
YDR318W,YFR006W,0,-0.03408607,0.11798185110092163,0.7564102411270142,0.5742039084434509
YML110C,YKR057W,0,-0.034142714,0.11796370148658752,0.7564102411270142,0.5743040442466736
YCL057W,YJL145W,0,-0.034168374,0.11794556677341461,0.7564102411270142,0.5744041800498962
YDL155W,YHR196W,0,-0.034240115,0.1179274320602417,0.7564102411270142,0.5745043158531189
YDL141W,YJR110W,0,-0.034284685,0.11790929734706879,0.7564102411270142,0.5746044516563416
YJR063W,YOL043C,1,-0.03431054,0.1180448830127716,0.7573964595794678,0.5746044516563416
YGR035C,YHR178W,0,-0.03437032,0.1180267408490181,0.7573964595794678,0.5747045874595642
YJL111W,YNR028W,0,-0.034383293,0.11800860613584518,0.7573964595794678,0.5748047232627869
YBR002C,YDR453C,0,-0.0344995,0.11799047142267227,0.7573964595794678,0.5749048590660095
YLR350W,YPR005C,0,-0.034500394,0.11797235161066055,0.7573964595794678,0.5750049948692322
YPL252C,YOL008W,0,-0.034521434,0.11795423179864883,0.7573964595794678,0.5751051306724548
YGL185C,YDL035C,0,-0.03456446,0.11793611943721771,0.7573964595794678,0.5752052664756775
YNL151C,YNL293W,0,-0.034580458,0.11791800707578659,0.7573964595794678,0.5753054022789001
YLR355C,YDR196C,0,-0.034706686,0.11789990961551666,0.7573964595794678,0.5754055380821228
YPR171W,YOR089C,0,-0.034742597,0.11788181215524673,0.7573964595794678,0.5755057334899902
YLR406C,YJL081C,0,-0.034836937,0.1178637221455574,0.7573964595794678,0.5756058692932129
YJR027W,YNR052C,1,-0.034927938,0.11799907684326172,0.7583826184272766,0.5756058692932129
YGL223C,YHR172W,0,-0.034939077,0.11798097938299179,0.7583826184272766,0.5757060050964355
YDR283C,YCL019W,0,-0.03493918,0.11796287447214127,0.7583826184272766,0.5758061408996582
YGR247W,YDR171W,0,-0.03496116,0.11794478446245193,0.7583826184272766,0.5759062767028809
YBL084C,YBR012W-A,0,-0.03500714,0.1179267019033432,0.7583826184272766,0.5760064125061035
YJL112W,YDR216W,0,-0.035033874,0.11790861934423447,0.7583826184272766,0.5761065483093262
YIL065C,YER114C,0,-0.035050478,0.11789054423570633,0.7583826184272766,0.5762066841125488
YPL213W,YMR142C,0,-0.035091672,0.11787246912717819,0.7583826184272766,0.5763068199157715
YER138C,YIL082W-A,1,-0.035114765,0.11800765991210938,0.7593688368797302,0.5763068199157715
YKL001C,YOR224C,0,-0.035125732,0.11798957735300064,0.7593688368797302,0.5764069557189941
YEL040W,YLR295C,0,-0.035154603,0.1179715022444725,0.7593688368797302,0.5765070915222168
YEL020C,YEL062W,0,-0.035158265,0.11795343458652496,0.7593688368797302,0.5766072273254395
YDR494W,YMR070W,0,-0.035159227,0.11793536692857742,0.7593688368797302,0.5767073631286621
YDR166C,YJR078W,0,-0.035350572,0.11791730672121048,0.7593688368797302,0.5768075585365295
YIL121W,YMR229C,0,-0.03535189,0.11789924651384354,0.7593688368797302,0.5769076943397522
YLR033W,YEL061C,0,-0.035358954,0.11788120120763779,0.7593688368797302,0.5770078301429749
YMR011W,YLR034C,0,-0.035371605,0.11786315590143204,0.7593688368797302,0.5771079659461975
YPL106C,YHL033C,0,-0.03548826,0.11784511804580688,0.7593688368797302,0.5772081017494202
YKL093W,YGR033C,0,-0.035512302,0.11782708764076233,0.7593688368797302,0.5773082375526428
YAL016W,YLR138W,0,-0.03553917,0.11780905723571777,0.7593688368797302,0.5774083733558655
YOR393W,YPR135W,0,-0.035683416,0.11779103428125381,0.7593688368797302,0.5775085091590881
YGR278W,YCR093W,0,-0.03577795,0.11777301877737045,0.7593688368797302,0.5776086449623108
YPR016C,YJL019W,0,-0.035823975,0.11775501072406769,0.7593688368797302,0.5777087807655334
YAL058W,YPR204W,0,-0.035825294,0.11773700267076492,0.7593688368797302,0.5778089165687561
YKR020W,YBR260C,0,-0.03584679,0.11771900206804276,0.7593688368797302,0.5779090523719788
YIL115C,YNR001C,0,-0.03595707,0.11770100891590118,0.7593688368797302,0.5780091881752014
YDR499W,YFL034C-B,0,-0.035966713,0.11768302321434021,0.7593688368797302,0.5781093239784241
YGL060W,YGR013W,0,-0.035977263,0.11766503751277924,0.7593688368797302,0.5782095193862915
YNL122C,YBL018C,0,-0.03604379,0.11764705926179886,0.7593688368797302,0.5783096551895142
YDR226W,YNL208W,0,-0.036051933,0.11762908846139908,0.7593688368797302,0.5784097909927368
YDR501W,YGL254W,0,-0.036067307,0.1176111176609993,0.7593688368797302,0.5785099267959595
YHL024W,YNL154C,0,-0.036071997,0.11759316176176071,0.7593688368797302,0.5786100625991821
YKR001C,YIL142W,0,-0.036135394,0.11757520586252213,0.7593688368797302,0.5787101984024048
YDL200C,YLR148W,0,-0.036171187,0.11755724996328354,0.7593688368797302,0.5788103342056274
YIL070C,YOR148C,0,-0.03639217,0.11753930896520615,0.7593688368797302,0.5789104700088501
YKL046C,YGR054W,0,-0.036528323,0.11752136796712875,0.7593688368797302,0.5790106058120728
YGL094C,YCL019W,1,-0.03666998,0.11765603721141815,0.7603550553321838,0.5790106058120728
YGR086C,YDR270W,0,-0.0367199,0.11763808131217957,0.7603550553321838,0.5791107416152954
YDR085C,YMR092C,0,-0.03673819,0.11762014031410217,0.7603550553321838,0.5792108774185181
YDR376W,YGL208W,0,-0.036780078,0.11760219931602478,0.7603550553321838,0.5793110132217407
YHR023W,YBR172C,0,-0.03686199,0.11758425831794739,0.7603550553321838,0.5794111490249634
YIL073C,YPL271W,0,-0.036886755,0.11756633222103119,0.7603550553321838,0.5795113444328308
YLL005C,YMR025W,0,-0.036899623,0.11754840612411499,0.7603550553321838,0.5796114802360535
YLL054C,YOR017W,0,-0.03708275,0.11753048747777939,0.7603550553321838,0.5797116160392761
YGL153W,YHR124W,0,-0.03721225,0.11751257628202438,0.7603550553321838,0.5798117518424988
YLR401C,YOR344C,0,-0.037247222,0.11749466508626938,0.7603550553321838,0.5799118876457214
YDR097C,YMR239C,0,-0.037325103,0.11747676134109497,0.7603550553321838,0.5800120234489441
YJL209W,YOR219C,0,-0.037476014,0.11745886504650116,0.7603550553321838,0.5801121592521667
YER069W,YOR311C,0,-0.03760009,0.11744097620248795,0.7603550553321838,0.5802122950553894
YMR056C,YCR097W,0,-0.037613843,0.11742308735847473,0.7603550553321838,0.5803124308586121
YNL248C,YPL151C,0,-0.037659574,0.11740520596504211,0.7603550553321838,0.5804125666618347
YNL124W,YAL008W,0,-0.037740033,0.1173873320221901,0.7603550553321838,0.5805127024650574
YDL156W,YNR060W,0,-0.03777117,0.11736946552991867,0.7603550553321838,0.58061283826828
YPL123C,YNL270C,0,-0.037773874,0.11735159903764725,0.7603550553321838,0.5807129740715027
YEL042W,YCR066W,0,-0.03785075,0.11733373999595642,0.7603550553321838,0.5808131098747253
YNL086W,YDR470C,0,-0.03787754,0.11731588840484619,0.7603550553321838,0.5809133052825928
YPL186C,YLR080W,0,-0.037892137,0.11729803681373596,0.7603550553321838,0.5810134410858154
YIL035C,YBL099W,0,-0.03795534,0.11728019267320633,0.7603550553321838,0.5811135768890381
YKL015W,YBL068W,0,-0.037967335,0.1172623559832573,0.7603550553321838,0.5812137126922607
YBL052C,YMR173W,0,-0.038023796,0.11724452674388885,0.7603550553321838,0.5813138484954834
YKL059C,YLR103C,0,-0.03806478,0.11722669750452042,0.7603550553321838,0.581413984298706
YCL043C,YML074C,0,-0.03809869,0.11720887571573257,0.7603550553321838,0.5815141201019287
YBR019C,YOL016C,0,-0.03810219,0.11719106137752533,0.7603550553321838,0.5816142559051514
YLR450W,YHR153C,0,-0.03817569,0.11717325448989868,0.7603550553321838,0.581714391708374
YMR182C,YBR128C,0,-0.038229313,0.11715544760227203,0.7603550553321838,0.5818145275115967
YOR036W,YGL094C,0,-0.03828879,0.11713764816522598,0.7603550553321838,0.5819146633148193
YPL046C,YOR269W,0,-0.03835431,0.11711985617876053,0.7603550553321838,0.582014799118042
YNL080C,YJL041W,0,-0.03840053,0.11710206419229507,0.7603550553321838,0.5821149349212646
YIL110W,YPL132W,0,-0.038401578,0.11708427965641022,0.7603550553321838,0.5822151303291321
YER124C,YOR122C,0,-0.038428713,0.11706650257110596,0.7603550553321838,0.5823152661323547
YKL218C,YER051W,0,-0.038460795,0.1170487329363823,0.7603550553321838,0.5824154019355774
YML037C,YGL227W,0,-0.03860983,0.11703096330165863,0.7603550553321838,0.5825155377388
YPR001W,YDR532C,0,-0.038612235,0.11701320111751556,0.7603550553321838,0.5826156735420227
YOR080W,YJL115W,0,-0.038669277,0.1169954463839531,0.7603550553321838,0.5827158093452454
YOR378W,YML131W,0,-0.038753606,0.11697769910097122,0.7603550553321838,0.582815945148468
YKL086W,YDR141C,0,-0.038754974,0.11695995181798935,0.7603550553321838,0.5829160809516907
YER052C,YIL113W,0,-0.03876284,0.11694221198558807,0.7603550553321838,0.5830162167549133
YER111C,YDR118W,0,-0.038777195,0.1169244796037674,0.7603550553321838,0.583116352558136
YPR096C,YMR309C,0,-0.038779583,0.11690674722194672,0.7603550553321838,0.5832164883613586
YHL036W,YPR030W,0,-0.038787596,0.11688902229070663,0.7603550553321838,0.5833166241645813
YML110C,YLR040C,0,-0.038954478,0.11687130481004715,0.7603550553321838,0.583416759967804
YDL194W,YDR387C,0,-0.03898092,0.11685359477996826,0.7603550553321838,0.5835168957710266
YBR052C,YBL060W,0,-0.039069194,0.11683588474988937,0.7603550553321838,0.583617091178894
YFL003C,YHR021C,0,-0.03909446,0.11681818217039108,0.7603550553321838,0.5837172269821167
YDR126W,YGL065C,0,-0.03914311,0.11680048704147339,0.7603550553321838,0.5838173627853394
YBL102W,YGL141W,0,-0.03917748,0.1167827919125557,0.7603550553321838,0.583917498588562
YDR128W,YLR256W,0,-0.039215114,0.1167651042342186,0.7603550553321838,0.5840176343917847
YGR158C,YAR008W,1,-0.03930434,0.11689884960651398,0.7613412141799927,0.5840176343917847
YOR194C,YER099C,0,-0.03930534,0.11688114702701569,0.7613412141799927,0.5841177701950073
YPL160W,YHR047C,0,-0.039329316,0.11686345934867859,0.7613412141799927,0.58421790599823
YJR098C,YGL120C,0,-0.039373543,0.11684577167034149,0.7613412141799927,0.5843180418014526
YGR285C,YCL057C-A,0,-0.039399073,0.1168280839920044,0.7613412141799927,0.5844181776046753
YDL079C,YHR077C,0,-0.039529096,0.11681041121482849,0.7613412141799927,0.584518313407898
YJL113W,YGR195W,1,-0.039550174,0.11694402247667313,0.7623274326324463,0.584518313407898
YBL040C,YDR030C,0,-0.039550867,0.11692633479833603,0.7623274326324463,0.5846184492111206
YEL053C,YNL273W,0,-0.039583776,0.11690865457057953,0.7623274326324463,0.5847185850143433
YJR002W,YCR030C,0,-0.03960194,0.11689097434282303,0.7623274326324463,0.5848187208175659
YOL034W,YPL242C,0,-0.03961551,0.11687330156564713,0.7623274326324463,0.5849189162254333
YER110C,YPR033C,0,-0.03972253,0.11685562878847122,0.7623274326324463,0.585019052028656
YLR090W,YBL018C,0,-0.039737705,0.11683797091245651,0.7623274326324463,0.5851191878318787
YPL236C,YBR185C,0,-0.039763864,0.1168203130364418,0.7623274326324463,0.5852193236351013
YBR287W,YJR029W,0,-0.03994829,0.11680266261100769,0.7623274326324463,0.585319459438324
YBR244W,YDR171W,0,-0.03999049,0.11678501218557358,0.7623274326324463,0.5854195952415466
YIL067C,YBL103C,0,-0.04003379,0.11676736921072006,0.7623274326324463,0.5855197310447693
YNL106C,YHL018W,0,-0.04015749,0.11674973368644714,0.7623274326324463,0.5856198668479919
YGR156W,YLR403W,0,-0.04017553,0.11673210561275482,0.7623274326324463,0.5857200026512146
YOR261C,YOR224C,0,-0.0402291,0.1167144775390625,0.7623274326324463,0.5858201384544373
YLR088W,YLR370C,0,-0.04034553,0.11669685691595078,0.7623274326324463,0.5859202742576599
YOR115C,YDR338C,0,-0.040676896,0.11667924374341965,0.7623274326324463,0.5860204100608826
YDL097C,YER140W,0,-0.04070055,0.11666163802146912,0.7623274326324463,0.5861205458641052
YBL019W,YCR093W,1,-0.04070689,0.11679492890834808,0.7633135914802551,0.5861205458641052
YKR067W,YDL074C,0,-0.040738937,0.11677730828523636,0.7633135914802551,0.5862206816673279
YAL062W,YPR081C,0,-0.040760536,0.11675969511270523,0.7633135914802551,0.5863208770751953
YOR118W,YBR291C,0,-0.040819455,0.1167420819401741,0.7633135914802551,0.586421012878418
YKL149C,YDR279W,1,-0.040968467,0.11687528342008591,0.7642998099327087,0.586421012878418
YGL157W,YNL293W,0,-0.04099304,0.11685766279697418,0.7642998099327087,0.5865211486816406
YDR052C,YGL232W,0,-0.04102095,0.11684004217386246,0.7642998099327087,0.5866212844848633
YGR255C,YMR083W,0,-0.041035432,0.11682242900133133,0.7642998099327087,0.5867214202880859
YHR191C,YCR052W,0,-0.04105824,0.1168048232793808,0.7642998099327087,0.5868215560913086
YGR229C,YGR279C,0,-0.041113004,0.11678721755743027,0.7642998099327087,0.5869216918945312
YPL123C,YIL044C,0,-0.04111519,0.11676962673664093,0.7642998099327087,0.5870218276977539
YOR321W,YCR002C,0,-0.041118536,0.11675203591585159,0.7642998099327087,0.5871219635009766
YGR072W,YDL004W,0,-0.041209385,0.11673444509506226,0.7642998099327087,0.5872220993041992
YLR059C,YGR158C,1,-0.04132842,0.11686746776103973,0.7652859687805176,0.5872220993041992
YHL019C,YDR117C,0,-0.041504268,0.1168498694896698,0.7652859687805176,0.5873222351074219
YJL066C,YPL196W,0,-0.041567434,0.11683227866888046,0.7652859687805176,0.5874223709106445
YMR182C,YHR010W,0,-0.041591514,0.11681469529867172,0.7652859687805176,0.5875225067138672
YEL030W,YMR319C,0,-0.04168271,0.11679711192846298,0.7652859687805176,0.5876226425170898
YML037C,YMR172W,0,-0.041701753,0.11677953600883484,0.7652859687805176,0.5877228379249573
YPR127W,YDR501W,0,-0.041734923,0.1167619600892067,0.7652859687805176,0.5878229737281799
YDR410C,YGL241W,0,-0.041870862,0.11674439907073975,0.7652859687805176,0.5879231095314026
YGL184C,YJR070C,0,-0.04196315,0.1167268380522728,0.7652859687805176,0.5880232453346252
YNL301C,YER070W,0,-0.041973043,0.11670927703380585,0.7652859687805176,0.5881233811378479
YMR100W,YDL192W,0,-0.042056914,0.11669173091650009,0.7652859687805176,0.5882235169410706
YBL046W,YJL115W,0,-0.04211825,0.11667418479919434,0.7652859687805176,0.5883236527442932
YBR084W,YNL218W,0,-0.042225957,0.11665664613246918,0.7652859687805176,0.5884237885475159
YDL111C,YGL170C,0,-0.04224414,0.11663910746574402,0.7652859687805176,0.5885239243507385
YNR017W,YDL150W,0,-0.042287346,0.11662158370018005,0.7652859687805176,0.5886240601539612
YML024W,YPR018W,0,-0.042306785,0.11660405993461609,0.7652859687805176,0.5887241959571838
YBL112C,YML029W,0,-0.04231115,0.11658653616905212,0.7652859687805176,0.5888243317604065
YJR138W,YDL085W,0,-0.04231209,0.11656902730464935,0.7652859687805176,0.5889244675636292
YJR022W,YNL323W,0,-0.04243586,0.11655151844024658,0.7652859687805176,0.5890246629714966
YJR057W,YOR094W,0,-0.042553727,0.11653401702642441,0.7652859687805176,0.5891247987747192
YGR156W,YOR224C,0,-0.042554874,0.11651651561260223,0.7652859687805176,0.5892249345779419
YNL085W,YGR030C,1,-0.042616207,0.11664915084838867,0.7662721872329712,0.5892249345779419
YDL170W,YMR168C,0,-0.0426518,0.1166316419839859,0.7662721872329712,0.5893250703811646
YLR207W,YLR176C,0,-0.04265244,0.11661414057016373,0.7662721872329712,0.5894252061843872
YNL302C,YKL061W,0,-0.04265273,0.11659663915634155,0.7662721872329712,0.5895253419876099
YMR179W,YFR005C,0,-0.04265494,0.11657914519309998,0.7662721872329712,0.5896254777908325
YJR112W,YBR102C,0,-0.04265933,0.116561658680439,0.7662721872329712,0.5897256135940552
YJL213W,YLL042C,0,-0.04269448,0.11654417216777802,0.7662721872329712,0.5898257493972778
YKL013C,YBR052C,0,-0.042699445,0.11652669310569763,0.7662721872329712,0.5899258852005005
YLR408C,YDR481C,0,-0.04288219,0.11650922149419785,0.7662721872329712,0.5900260210037231
YDL143W,YOR360C,0,-0.042934123,0.11649175733327866,0.7662721872329712,0.5901261568069458
YNR074C,YHR143W,0,-0.043044154,0.11647429317235947,0.7662721872329712,0.5902262926101685
YJR078W,YJR092W,0,-0.043152586,0.11645683646202087,0.7662721872329712,0.5903264284133911
YIL115C,YMR269W,0,-0.04329423,0.11643937975168228,0.7662721872329712,0.5904266238212585
YNL327W,YMR260C,0,-0.04346459,0.11642193794250488,0.7662721872329712,0.5905267596244812
YMR037C,YIL128W,0,-0.043510642,0.11640449613332748,0.7662721872329712,0.5906268954277039
YJL123C,YML048W,0,-0.04371916,0.11638706177473068,0.7662721872329712,0.5907270312309265
YML018C,YGR090W,0,-0.04373664,0.11636962741613388,0.7662721872329712,0.5908271670341492
YNL273W,YPL223C,0,-0.04375254,0.11635220050811768,0.7662721872329712,0.5909273028373718
YOL054W,YNL218W,0,-0.0438481,0.11633478105068207,0.7662721872329712,0.5910274386405945
YOR337W,YAL053W,0,-0.043848597,0.11631736159324646,0.7662721872329712,0.5911275744438171
YGR207C,YOR061W,0,-0.043863777,0.11629995703697205,0.7662721872329712,0.5912277102470398
YER041W,YDR263C,1,-0.04388738,0.11643220484256744,0.7672584056854248,0.5912277102470398
YLR154C,YOR368W,1,-0.044032574,0.11656441539525986,0.7682445645332336,0.5912277102470398
YMR036C,YDR120C,0,-0.044038158,0.11654698103666306,0.7682445645332336,0.5913278460502625
YKL164C,YLR467W,0,-0.044101473,0.11652954667806625,0.7682445645332336,0.5914279818534851
YMR170C,YOR155C,0,-0.04413594,0.11651211231946945,0.7682445645332336,0.5915281176567078
YOL146W,YKR046C,0,-0.044220287,0.11649469286203384,0.7682445645332336,0.5916282534599304
YJL214W,YCL059C,0,-0.044234503,0.11647727340459824,0.7682445645332336,0.5917284488677979
YGL216W,YLR089C,0,-0.04430263,0.11645986139774323,0.7682445645332336,0.5918285846710205
YKL127W,YKR045C,0,-0.04433221,0.11644244939088821,0.7682445645332336,0.5919287204742432
YKL008C,YML029W,0,-0.044446025,0.1164250522851944,0.7682445645332336,0.5920288562774658
YKL071W,YOR141C,0,-0.04450208,0.11640764772891998,0.7682445645332336,0.5921289920806885
YJR021C,YDL107W,0,-0.044527758,0.11639025807380676,0.7682445645332336,0.5922291278839111
YDL200C,YDR310C,0,-0.044588063,0.11637286841869354,0.7682445645332336,0.5923292636871338
YMR139W,YER157W,0,-0.044605453,0.11635548621416092,0.7682445645332336,0.5924293994903564
YER103W,YHR094C,0,-0.044711974,0.11633811146020889,0.7682445645332336,0.5925295352935791
YOR355W,YDR541C,0,-0.044901483,0.11632074415683746,0.7682445645332336,0.5926296710968018
YJR143C,YJR028W,0,-0.04490504,0.11630337685346603,0.7682445645332336,0.5927298069000244
YJL144W,YDL036C,0,-0.04496185,0.1162860095500946,0.7682445645332336,0.5928299427032471
YDR392W,YMR020W,0,-0.04498444,0.11626865714788437,0.7682445645332336,0.5929300785064697
YOR001W,YGL175C,1,-0.04501838,0.11640053987503052,0.7692307829856873,0.5929300785064697
YGR264C,YOR373W,0,-0.045072783,0.11638317257165909,0.7692307829856873,0.5930302143096924
YKR050W,YHR063C,0,-0.045090746,0.11636580526828766,0.7692307829856873,0.5931304097175598
YOL066C,YGR209C,0,-0.045110304,0.11634844541549683,0.7692307829856873,0.5932305455207825
YLR430W,YNR022C,0,-0.045157216,0.11633109301328659,0.7692307829856873,0.5933306813240051
YIL080W,YOL142W,1,-0.045174774,0.11646287143230438,0.7702169418334961,0.5933306813240051
YMR176W,YNL078W,0,-0.045259416,0.11644550412893295,0.7702169418334961,0.5934308171272278
YPR185W,YHR010W,0,-0.045266207,0.11642814427614212,0.7702169418334961,0.5935309529304504
YJL124C,YKL061W,0,-0.045350056,0.11641079187393188,0.7702169418334961,0.5936310887336731
YMR315W,YCL063W,0,-0.045394268,0.11639343947172165,0.7702169418334961,0.5937312245368958
YKL093W,YDR503C,0,-0.04545716,0.11637610197067261,0.7702169418334961,0.5938313603401184
YBR024W,YHL033C,0,-0.045507345,0.11635875701904297,0.7702169418334961,0.5939314961433411
YDR060W,YPL131W,0,-0.045558844,0.11634142696857452,0.7702169418334961,0.5940316319465637
YIL006W,YOR037W,0,-0.045620892,0.11632409691810608,0.7702169418334961,0.5941317677497864
YDL044C,YNL188W,0,-0.04567342,0.11630677431821823,0.7702169418334961,0.594231903553009
YBR253W,YIL150C,0,-0.045697663,0.11628945916891098,0.7702169418334961,0.5943320393562317
YHR200W,YMR263W,0,-0.045721147,0.11627214401960373,0.7702169418334961,0.5944322347640991
YPR144C,YOL149W,0,-0.045811404,0.11625483632087708,0.7702169418334961,0.5945323705673218
YNL079C,YKR092C,0,-0.045947045,0.11623753607273102,0.7702169418334961,0.5946325063705444
YDL017W,YER122C,0,-0.045950856,0.11622023582458496,0.7702169418334961,0.5947326421737671
YGL048C,YOR211C,0,-0.04597069,0.1162029430270195,0.7702169418334961,0.5948327779769897
YNL121C,YDR182W,0,-0.045982007,0.11618565768003464,0.7702169418334961,0.5949329137802124
YMR098C,YLR344W,0,-0.045995522,0.11616837978363037,0.7702169418334961,0.5950330495834351
YOR033C,YBL018C,1,-0.046061326,0.1162998229265213,0.7712031602859497,0.5950330495834351
YGL166W,YER124C,0,-0.046131346,0.11628253012895584,0.7712031602859497,0.5951331853866577
YLR129W,YMR216C,0,-0.046167847,0.11626523733139038,0.7712031602859497,0.5952333211898804
YGR169C,YIL150C,0,-0.046203468,0.11624795943498611,0.7712031602859497,0.595333456993103
YER162C,YDR523C,0,-0.046265405,0.11623067408800125,0.7712031602859497,0.5954335927963257
YDR334W,YPL180W,0,-0.04631863,0.11621340364217758,0.7712031602859497,0.5955337285995483
YER166W,YOR054C,0,-0.046343733,0.11619613319635391,0.7712031602859497,0.595633864402771
YDR254W,YNL078W,0,-0.04635017,0.11617887020111084,0.7712031602859497,0.5957340002059937
YGR152C,YOR022C,0,-0.04654442,0.11616161465644836,0.7712031602859497,0.5958341956138611
YPL218W,YLR182W,0,-0.04654533,0.11614436656236649,0.7712031602859497,0.5959343314170837
YOR074C,YHR143W-A,0,-0.046642724,0.1161271184682846,0.7712031602859497,0.5960344672203064
YLR074C,YGR123C,0,-0.046648275,0.11610987037420273,0.7712031602859497,0.596134603023529
YML014W,YJL214W,0,-0.046735812,0.11609263718128204,0.7712031602859497,0.5962347388267517
YAR027W,YLR396C,0,-0.04682195,0.11607540398836136,0.7712031602859497,0.5963348746299744
YMR314W,YMR004W,0,-0.047030244,0.11605817824602127,0.7712031602859497,0.596435010433197
YJR031C,YDR283C,0,-0.047108863,0.11604095250368118,0.7712031602859497,0.5965351462364197
YKR090W,YKL119C,0,-0.047146637,0.11602374166250229,0.7712031602859497,0.5966352820396423
YDR304C,YPR163C,0,-0.047159154,0.1160065308213234,0.7712031602859497,0.596735417842865
YLR132C,YOR175C,0,-0.0471926,0.1159893199801445,0.7712031602859497,0.5968355536460876
YML032C,YNL308C,0,-0.04730076,0.1159721165895462,0.7712031602859497,0.5969356894493103
YDL069C,YPR189W,0,-0.047333952,0.1159549206495285,0.7712031602859497,0.597035825252533
YMR229C,YJR151C,0,-0.047405288,0.1159377321600914,0.7712031602859497,0.5971359610557556
YDR130C,YGL155W,0,-0.04741923,0.1159205436706543,0.7712031602859497,0.597236156463623
YHR214C-B,YDR263C,1,-0.04742039,0.1160515770316124,0.7721893787384033,0.597236156463623
YER069W,YLR141W,0,-0.047500327,0.1160343810915947,0.7721893787384033,0.5973362922668457
YHL018W,YGR281W,0,-0.047510553,0.116017185151577,0.7721893787384033,0.5974364280700684
YHR191C,YCR028C,0,-0.04752371,0.11599999666213989,0.7721893787384033,0.597536563873291
YJR043C,YKR080W,0,-0.047538806,0.11598281562328339,0.7721893787384033,0.5976366996765137
YLR059C,YGR095C,1,-0.047576178,0.11611374467611313,0.7731755375862122,0.5976366996765137
YOR270C,YDL058W,0,-0.04762261,0.11609654873609543,0.7731755375862122,0.5977368354797363
YNR008W,YLR015W,0,-0.04767229,0.11607936024665833,0.7731755375862122,0.597836971282959
YOR340C,YCR072C,0,-0.047673766,0.11606217920780182,0.7731755375862122,0.5979371070861816
YER160C,YDR173C,0,-0.0478351,0.11604499816894531,0.7731755375862122,0.5980372428894043
YHR030C,YER022W,0,-0.047880527,0.1160278245806694,0.7731755375862122,0.598137378692627
YJR015W,YGL051W,0,-0.04793743,0.1160106509923935,0.7731755375862122,0.5982375144958496
YBR031W,YLR372W,0,-0.04797331,0.11599349230527878,0.7731755375862122,0.5983376502990723
YML111W,YGR220C,0,-0.04804914,0.11597633361816406,0.7731755375862122,0.5984377861022949
YLR088W,YLR306W,0,-0.04807655,0.11595917493104935,0.7731755375862122,0.5985379815101624
YFR037C,YGL185C,0,-0.048079934,0.11594203114509583,0.7731755375862122,0.598638117313385
YNL291C,YLR242C,0,-0.048195805,0.1159248873591423,0.7731755375862122,0.5987382531166077
YDR254W,YGL039W,0,-0.048204813,0.11590774357318878,0.7731755375862122,0.5988383889198303
YOR312C,YGR251W,0,-0.048411448,0.11589061468839645,0.7731755375862122,0.598938524723053
YJL092W,YLR423C,0,-0.048432313,0.11587348580360413,0.7731755375862122,0.5990386605262756
YMR016C,YML121W,0,-0.048497252,0.1158563643693924,0.7731755375862122,0.5991387963294983
YHR069C,YMR234W,1,-0.04855414,0.11598699539899826,0.7741617560386658,0.5991387963294983
YMR314W,YOR239W,0,-0.04859214,0.11596985906362534,0.7741617560386658,0.599238932132721
YOR142W,YIL076W,0,-0.048687287,0.11595273017883301,0.7741617560386658,0.5993390679359436
YOL070C,YMR113W,0,-0.048721794,0.11593560874462128,0.7741617560386658,0.5994392037391663
YGR116W,YDL040C,0,-0.048789423,0.11591848731040955,0.7741617560386658,0.5995393395423889
YPR063C,YPR133W-A,0,-0.048856486,0.11590137332677841,0.7741617560386658,0.5996394753456116
YAL009W,YGL226C-A,0,-0.048964,0.11588426679372787,0.7741617560386658,0.5997396111488342
YML095C,YOR089C,0,-0.049077976,0.11586716026067734,0.7741617560386658,0.5998397469520569
YKL212W,YOL149W,0,-0.04910629,0.1158500611782074,0.7741617560386658,0.5999399423599243
YJL123C,YPL127C,0,-0.049110252,0.11583296209573746,0.7741617560386658,0.600040078163147
YNL221C,YJR029W,1,-0.049179684,0.115963414311409,0.7751479148864746,0.600040078163147
YHR011W,YLR274W,0,-0.049265888,0.11594630777835846,0.7751479148864746,0.6001402139663696
YAL061W,YGL039W,0,-0.049344327,0.11592920124530792,0.7751479148864746,0.6002403497695923
YBR273C,YLR314C,0,-0.049440403,0.11591210961341858,0.7751479148864746,0.6003404855728149
YLR078C,YLR355C,0,-0.04951186,0.11589501798152924,0.7751479148864746,0.6004406213760376
YMR115W,YNL101W,0,-0.049632523,0.11587793380022049,0.7751479148864746,0.6005407571792603
YGR200C,YOR098C,0,-0.049683902,0.11586084961891174,0.7751479148864746,0.6006408929824829
YDR481C,YMR218C,0,-0.049701203,0.1158437728881836,0.7751479148864746,0.6007410287857056
YNL182C,YDR476C,0,-0.04990303,0.11582670360803604,0.7751479148864746,0.6008411645889282
YMR278W,YNL096C,0,-0.049962875,0.11580963432788849,0.7751479148864746,0.6009413003921509
YCR046C,YGR234W,0,-0.049973253,0.11579257249832153,0.7751479148864746,0.6010414361953735
YHR176W,YHR143W-A,0,-0.050088923,0.11577551811933517,0.7751479148864746,0.6011415719985962
YCL045C,YMR008C,0,-0.050206576,0.11575847119092941,0.7751479148864746,0.6012417674064636
YDR285W,YKL146W,0,-0.05024838,0.11574142426252365,0.7751479148864746,0.6013419032096863
YGR062C,YGL084C,0,-0.050252397,0.11572438478469849,0.7751479148864746,0.6014420390129089
YGR172C,YJL101C,0,-0.050324436,0.11570734530687332,0.7751479148864746,0.6015421748161316
YER068W,YLR020C,0,-0.050364856,0.11569031327962875,0.7751479148864746,0.6016423106193542
YGR014W,YGR271W,0,-0.050653327,0.11567328870296478,0.7751479148864746,0.6017424464225769
YOR355W,YOR092W,0,-0.050687987,0.11565627157688141,0.7751479148864746,0.6018425822257996
YBR173C,YOL147C,0,-0.050726373,0.11563925445079803,0.7751479148864746,0.6019427180290222
YCL032W,YOL128C,0,-0.05077893,0.11562224477529526,0.7751479148864746,0.6020428538322449
YKL209C,YBR280C,0,-0.050783757,0.11560523509979248,0.7751479148864746,0.6021429896354675
YMR180C,YER153C,0,-0.050842706,0.1155882328748703,0.7751479148864746,0.6022431254386902
YDL111C,YAL021C,1,-0.050885018,0.11571827530860901,0.7761341333389282,0.6022431254386902
YDR134C,YLR403W,0,-0.050937947,0.11570126563310623,0.7761341333389282,0.6023432612419128
YDR147W,YLR204W,0,-0.050942514,0.11568425595760345,0.7761341333389282,0.6024433970451355
YOR290C,YMR244C-A,0,-0.050976384,0.11566725373268127,0.7761341333389282,0.6025435328483582
YJR026W,YER170W,0,-0.051007245,0.11565025895833969,0.7761341333389282,0.6026437282562256
YBR201W,YGR184C,0,-0.051008202,0.11563326418399811,0.7761341333389282,0.6027438640594482
YLR459W,YJL115W,0,-0.051033046,0.11561627686023712,0.7761341333389282,0.6028439998626709
YHR102W,YGR026W,0,-0.05112498,0.11559929698705673,0.7761341333389282,0.6029441356658936
YGL134W,YOR368W,0,-0.051176522,0.11558231711387634,0.7761341333389282,0.6030442714691162
YPR091C,YBR132C,0,-0.051198725,0.11556534469127655,0.7761341333389282,0.6031444072723389
YBL092W,YOR315W,0,-0.05122711,0.11554837971925735,0.7761341333389282,0.6032445430755615
YLR307W,YKL035W,0,-0.051241305,0.11553141474723816,0.7761341333389282,0.6033446788787842
YJR090C,YPL028W,0,-0.051390644,0.11551445722579956,0.7761341333389282,0.6034448146820068
YJL008C,YCR073C,0,-0.051397238,0.11549750715494156,0.7761341333389282,0.6035449504852295
YCL075W,YHR062C,1,-0.051410068,0.11562729626893997,0.7771202921867371,0.6035449504852295
YDL141W,YLL015W,0,-0.05148932,0.11561033129692078,0.7771202921867371,0.6036450862884521
YPR182W,YGL148W,0,-0.051540684,0.11559336632490158,0.7771202921867371,0.6037452220916748
YCL033C,YBL069W,0,-0.051553752,0.11557641625404358,0.7771202921867371,0.6038453578948975
YMR233W,YDR497C,0,-0.05157183,0.11555946618318558,0.7771202921867371,0.6039455533027649
YKL091C,YHR107C,0,-0.051639054,0.11554252356290817,0.7771202921867371,0.6040456891059875
YBL040C,YKR029C,0,-0.051678766,0.11552558094263077,0.7771202921867371,0.6041458249092102
YML104C,YJL047C,0,-0.05192018,0.11550864577293396,0.7771202921867371,0.6042459607124329
YOR283W,YBR207W,0,-0.05202627,0.11549171805381775,0.7771202921867371,0.6043460965156555
YDR465C,YNR044W,0,-0.05203585,0.11547479778528214,0.7771202921867371,0.6044462323188782
YLR209C,YDR351W,0,-0.052065734,0.11545787751674652,0.7771202921867371,0.6045463681221008
YPL123C,YGL085W,1,-0.0522022,0.11558745801448822,0.7781065106391907,0.6045463681221008
YDR318W,YKR022C,0,-0.05222384,0.11557053029537201,0.7781065106391907,0.6046465039253235
YOR230W,YBR185C,0,-0.05224884,0.1155536025762558,0.7781065106391907,0.6047466397285461
YFL062W,YDL212W,0,-0.052282263,0.11553668230772018,0.7781065106391907,0.6048467755317688
YBR253W,YJR007W,0,-0.052443214,0.11551976203918457,0.7781065106391907,0.6049469113349915
YOR007C,YNL321W,0,-0.052447658,0.11550285667181015,0.7781065106391907,0.6050470471382141
YLR135W,YJL087C,1,-0.052522678,0.1156323179602623,0.7790927290916443,0.6050470471382141
YJL155C,YPR201W,0,-0.052675325,0.11561539769172668,0.7790927290916443,0.6051471829414368
YJL148W,YBR297W,0,-0.052753393,0.11559847742319107,0.7790927290916443,0.6052473187446594
YGR258C,YIL080W,1,-0.052780244,0.11572787165641785,0.7800788879394531,0.6052473187446594
YKL003C,YCL059C,0,-0.052883584,0.11571094393730164,0.7800788879394531,0.6053475141525269
YLR107W,YNL289W,0,-0.052987624,0.11569401621818542,0.7800788879394531,0.6054476499557495
YKL064W,YBL004W,0,-0.053022,0.11567709594964981,0.7800788879394531,0.6055477857589722
YML087C,YMR263W,0,-0.053038906,0.1156601831316948,0.7800788879394531,0.6056479215621948
YBL088C,YLR117C,0,-0.053053353,0.11564327776432037,0.7800788879394531,0.6057480573654175
YEL009C,YML131W,0,-0.053114016,0.11562637239694595,0.7800788879394531,0.6058481931686401
YLR362W,YLR216C,0,-0.05313968,0.11560947448015213,0.7800788879394531,0.6059483289718628
YLR341W,YKR019C,0,-0.053236913,0.1155925765633583,0.7800788879394531,0.6060484647750854
YDR306C,YNL083W,0,-0.053331126,0.11557568609714508,0.7800788879394531,0.6061486005783081
YLR283W,YNL096C,0,-0.05345532,0.11555880308151245,0.7800788879394531,0.6062487363815308
YER065C,YDL146W,0,-0.053496223,0.11554192006587982,0.7800788879394531,0.6063488721847534
YIL035C,YBL054W,0,-0.05349774,0.11552504450082779,0.7800788879394531,0.6064490079879761
YDR013W,YLR228C,0,-0.05364715,0.11550817638635635,0.7800788879394531,0.6065491437911987
YJR010W,YDR476C,0,-0.053672023,0.11549131572246552,0.7800788879394531,0.6066492795944214
YDR219C,YIL026C,0,-0.053711887,0.11547445505857468,0.7800788879394531,0.6067494750022888
YGR133W,YLR238W,0,-0.053787176,0.11545759439468384,0.7800788879394531,0.6068496108055115
YKL173W,YOL091W,0,-0.053971265,0.1154407486319542,0.7800788879394531,0.6069497466087341
YLR312W-A,YCR035C,1,-0.054067213,0.1155698224902153,0.7810651063919067,0.6069497466087341
YLR371W,YBR297W,0,-0.054134805,0.11555296182632446,0.7810651063919067,0.6070498824119568
YAL039C,YMR316W,0,-0.05426844,0.11553610861301422,0.7810651063919067,0.6071500182151794
YBR106W,YMR046C,0,-0.05435381,0.11551925539970398,0.7810651063919067,0.6072501540184021
YPL053C,YDR346C,0,-0.054394644,0.11550240963697433,0.7810651063919067,0.6073502898216248
YOR064C,YLR103C,0,-0.05451374,0.11548556387424469,0.7810651063919067,0.6074504256248474
YLR406C,YGR027C,0,-0.054545585,0.11546872556209564,0.7810651063919067,0.6075505614280701
YDR307W,YDR103W,0,-0.054618385,0.11545189470052719,0.7810651063919067,0.6076506972312927
YOR245C,YOR346W,0,-0.05462496,0.11543507128953934,0.7810651063919067,0.6077508330345154
YGR285C,YPL098C,0,-0.054684427,0.11541824787855148,0.7810651063919067,0.607850968837738
YGR186W,YAR008W,0,-0.054776255,0.11540142446756363,0.7810651063919067,0.6079511046409607
YKL168C,YPR058W,0,-0.054907847,0.11538461595773697,0.7810651063919067,0.6080513000488281
YMR217W,YNL012W,0,-0.05490868,0.11536780744791031,0.7810651063919067,0.6081514358520508
YNL312W,YOR131C,0,-0.0549233,0.11535100638866425,0.7810651063919067,0.6082515716552734
YLR425W,YML099C,0,-0.05494598,0.11533420532941818,0.7810651063919067,0.6083517074584961
YFR029W,YBL002W,0,-0.05500752,0.11531741172075272,0.7810651063919067,0.6084518432617188
YBR098W,YGR163W,0,-0.055083346,0.11530062556266785,0.7810651063919067,0.6085519790649414
YBR237W,YGL173C,0,-0.055104446,0.11528383940458298,0.7810651063919067,0.6086521148681641
YFL062W,YKL020C,0,-0.05521858,0.1152670681476593,0.7810651063919067,0.6087522506713867
YMR251W-A,YOR288C,0,-0.055406768,0.11525028944015503,0.7810651063919067,0.6088523864746094
YOL054W,YPL252C,0,-0.055479463,0.11523352563381195,0.7810651063919067,0.608952522277832
YGR172C,YNR074C,0,-0.05548405,0.11521676182746887,0.7810651063919067,0.6090526580810547
YFL052W,YNL058C,0,-0.055710237,0.1151999980211258,0.7810651063919067,0.6091527938842773
YIL070C,YHR164C,0,-0.055924013,0.11518324911594391,0.7810651063919067,0.6092529296875
YGL001C,YOR353C,0,-0.055928852,0.11516650021076202,0.7810651063919067,0.6093530654907227
YPR121W,YBR118W,0,-0.055974763,0.11514975130558014,0.7810651063919067,0.6094532608985901
YML028W,YNL077W,0,-0.056207668,0.11513300985097885,0.7810651063919067,0.6095533967018127
YML116W,YNR008W,0,-0.05627739,0.11511627584695816,0.7810651063919067,0.6096535325050354
YPL103C,YIR006C,0,-0.05627924,0.11509954929351807,0.7810651063919067,0.6097536683082581
YBR081C,YLR050C,0,-0.05630062,0.11508282274007797,0.7810651063919067,0.6098538041114807
YBR302C,YBR021W,0,-0.056314606,0.11506610363721848,0.7810651063919067,0.6099539399147034
YOL016C,YDR322C-A,0,-0.05632812,0.11504939198493958,0.7810651063919067,0.610054075717926
YBR207W,YCL018W,0,-0.0564097,0.11503268033266068,0.7810651063919067,0.6101542115211487
YIL034C,YJR014W,0,-0.05642179,0.11501597613096237,0.7810651063919067,0.6102543473243713
YOR182C,YLL038C,0,-0.056452975,0.11499927192926407,0.7810651063919067,0.610354483127594
YMR046C,YPR081C,0,-0.056496117,0.11498257517814636,0.7810651063919067,0.6104546189308167
YBL024W,YNL245C,0,-0.056519683,0.11496588587760925,0.7810651063919067,0.6105547547340393
YIL138C,YER147C,0,-0.056602743,0.11494920402765274,0.7810651063919067,0.610654890537262
YLR312W-A,YPL022W,1,-0.056683306,0.11507763713598251,0.7820512652397156,0.610654890537262
YJL104W,YKL135C,0,-0.05674431,0.11506094038486481,0.7820512652397156,0.6107550859451294
YBR059C,YIR018W,0,-0.05678262,0.1150442510843277,0.7820512652397156,0.610855221748352
YDR182W,YBR182C,0,-0.056840744,0.11502756178379059,0.7820512652397156,0.6109553575515747
YIR036C,YOL075C,0,-0.05691598,0.11501087993383408,0.7820512652397156,0.6110554933547974
YPL123C,YHR069C,1,-0.05691762,0.11513920873403549,0.7830374836921692,0.6110554933547974
YGL207W,YMR216C,0,-0.056949295,0.11512251943349838,0.7830374836921692,0.61115562915802
YNL232W,YMR234W,1,-0.057004828,0.11525079607963562,0.784023642539978,0.61115562915802
YDR238C,YDR524C,0,-0.057014365,0.11523409187793732,0.784023642539978,0.6112557649612427
YKL163W,YNL136W,0,-0.057070237,0.11521738767623901,0.784023642539978,0.6113559007644653
YDR358W,YJL042W,0,-0.057094146,0.1152006983757019,0.784023642539978,0.611456036567688
YIR009W,YJR091C,0,-0.05718075,0.1151840016245842,0.784023642539978,0.6115561723709106
YMR238W,YNR056C,0,-0.057477918,0.11516731977462769,0.784023642539978,0.6116563081741333
YHR081W,YPL002C,0,-0.057818707,0.11515063792467117,0.784023642539978,0.611756443977356
YLL005C,YPR102C,0,-0.057828214,0.11513396352529526,0.784023642539978,0.6118565797805786
YMR224C,YLR107W,1,-0.057875786,0.11526209115982056,0.7850098609924316,0.6118565797805786
YER117W,YPL012W,0,-0.0579356,0.11524540185928345,0.7850098609924316,0.6119567155838013
YNL069C,YDR524C,0,-0.058112655,0.11522872000932693,0.7850098609924316,0.6120568513870239
YDR503C,YBR171W,0,-0.05814134,0.11521204560995102,0.7850098609924316,0.6121570467948914
YGR072W,YOR323C,0,-0.058162432,0.1151953712105751,0.7850098609924316,0.612257182598114
YCL033C,YMR268C,0,-0.058162797,0.11517870426177979,0.7850098609924316,0.6123573184013367
YMR023C,YJL187C,0,-0.058322076,0.11516203731298447,0.7850098609924316,0.6124574542045593
YFR037C,YBR129C,0,-0.05834687,0.11514537781476974,0.7850098609924316,0.612557590007782
YLR135W,YPL072W,0,-0.058489177,0.11512872576713562,0.7850098609924316,0.6126577258110046
YOR174W,YLR244C,0,-0.05850178,0.1151120737195015,0.7850098609924316,0.6127578616142273
YDL246C,YOR224C,0,-0.058549393,0.11509542912244797,0.7850098609924316,0.61285799741745
YBR098W,YDL185W,1,-0.05878121,0.11522336304187775,0.7859960794448853,0.61285799741745
YLR163C,YOR071C,0,-0.05881081,0.11520670354366302,0.7859960794448853,0.6129581332206726
YJL225C,YNL207W,0,-0.058811974,0.1151900589466095,0.7859960794448853,0.6130582690238953
YCR057C,YLR089C,0,-0.058835577,0.11517340689897537,0.7859960794448853,0.6131584048271179
YDL194W,YNL229C,0,-0.05892894,0.11515676975250244,0.7859960794448853,0.6132585406303406
YLR448W,YDR171W,0,-0.05895442,0.11514013260602951,0.7859960794448853,0.6133586764335632
YPR108W,YBL064C,0,-0.058979455,0.11512350291013718,0.7859960794448853,0.6134588718414307
YPL048W,YNL335W,0,-0.058981497,0.11510687321424484,0.7859960794448853,0.6135590076446533
YMR189W,YML075C,0,-0.059016425,0.1150902509689331,0.7859960794448853,0.613659143447876
YDL207W,YBR273C,0,-0.059058543,0.11507363617420197,0.7859960794448853,0.6137592792510986
YLR170C,YOL052C,0,-0.059101116,0.11505702137947083,0.7859960794448853,0.6138594150543213
YPR075C,YKR092C,0,-0.059102375,0.11504041403532028,0.7859960794448853,0.613959550857544
YPL154C,YPR163C,0,-0.059122097,0.11502381414175034,0.7859960794448853,0.6140596866607666
YJL166W,YOR269W,0,-0.059192453,0.11500721424818039,0.7859960794448853,0.6141598224639893
YNL107W,YGL186C,0,-0.059286047,0.11499062180519104,0.7859960794448853,0.6142599582672119
YLR069C,YHL040C,0,-0.059325706,0.11497403681278229,0.7859960794448853,0.6143600940704346
YPR107C,YDL007W,0,-0.05933139,0.11495745182037354,0.7859960794448853,0.6144602298736572
YMR059W,YHR214C-B,1,-0.05940612,0.11508508771657944,0.7869822382926941,0.6144602298736572
YPL023C,YNL151C,0,-0.0594708,0.11506849527359009,0.7869822382926941,0.6145603656768799
YDR315C,YGL125W,0,-0.059519853,0.11505190283060074,0.7869822382926941,0.6146605014801025
YLR165C,YHR132C,0,-0.059547085,0.11503531783819199,0.7869822382926941,0.6147606372833252
YHR057C,YER165W,0,-0.059648845,0.11501874029636383,0.7869822382926941,0.6148608326911926
YBR056W,YGL097W,0,-0.059825785,0.11500216275453568,0.7869822382926941,0.6149609684944153
YDL045C,YJL033W,0,-0.059961807,0.11498559266328812,0.7869822382926941,0.6150611042976379
YFR045W,YER112W,0,-0.059967685,0.11496902257204056,0.7869822382926941,0.6151612401008606
YOR222W,YNL326C,0,-0.060000334,0.1149524599313736,0.7869822382926941,0.6152613759040833
YDR510W,YPL127C,0,-0.060122605,0.11493590474128723,0.7869822382926941,0.6153615117073059
YGR184C,YER008C,0,-0.06020539,0.11491935700178146,0.7869822382926941,0.6154616475105286
YDL227C,YNL259C,0,-0.06029843,0.1149028092622757,0.7869822382926941,0.6155617833137512
YBR299W,YGR037C,0,-0.060471218,0.11488626897335052,0.7869822382926941,0.6156619191169739
YDL141W,YOR344C,0,-0.060487468,0.11486972868442535,0.7869822382926941,0.6157620549201965
YNL064C,YNL134C,0,-0.060496163,0.11485319584608078,0.7869822382926941,0.6158621907234192
YDR043C,YJR040W,0,-0.06071018,0.1148366704583168,0.7869822382926941,0.6159623265266418
YLR005W,YJR055W,0,-0.060720447,0.11482014507055283,0.7869822382926941,0.6160624623298645
YPL213W,YBR008C,0,-0.060727306,0.11480362713336945,0.7869822382926941,0.6161625981330872
YBR185C,YAL008W,0,-0.060893808,0.11478710919618607,0.7869822382926941,0.6162627935409546
YOR145C,YGR118W,0,-0.06102739,0.11477060616016388,0.7869822382926941,0.6163629293441772
YGL030W,YER044C,0,-0.06105266,0.1147540956735611,0.7869822382926941,0.6164630651473999
YMR167W,YGR257C,0,-0.061089296,0.1147376000881195,0.7869822382926941,0.6165632009506226
YDL020C,YOL140W,0,-0.061145723,0.11472110450267792,0.7869822382926941,0.6166633367538452
YNL312W,YLR086W,0,-0.061157394,0.11470461636781693,0.7869822382926941,0.6167634725570679
YDL055C,YJL206C,0,-0.06119888,0.11468812823295593,0.7869822382926941,0.6168636083602905
YNL026W,YER138C,0,-0.06131235,0.11467164754867554,0.7869822382926941,0.6169637441635132
YDR447C,YOR355W,0,-0.06131268,0.11465517431497574,0.7869822382926941,0.6170638799667358
YLR099C,YBR128C,0,-0.06139825,0.11463870108127594,0.7869822382926941,0.6171640157699585
YLR221C,YNL177C,0,-0.061438326,0.11462223529815674,0.7869822382926941,0.6172641515731812
YJR083C,YGR087C,0,-0.061474416,0.11460577696561813,0.7869822382926941,0.6173642873764038
YBR229C,YOR066W,0,-0.061487462,0.11458931863307953,0.7869822382926941,0.6174644231796265
YGR092W,YBR265W,0,-0.06152484,0.11457286775112152,0.7869822382926941,0.6175646185874939
YMR217W,YOR176W,0,-0.06153952,0.11455641686916351,0.7869822382926941,0.6176647543907166
YDL122W,YDR143C,0,-0.061672438,0.1145399734377861,0.7869822382926941,0.6177648901939392
YHL034C,YEL017C-A,0,-0.061689924,0.11452353745698929,0.7869822382926941,0.6178650259971619
YPR159W,YKL107W,0,-0.061817426,0.11450710147619247,0.7869822382926941,0.6179651618003845
YDR156W,YGR020C,0,-0.061871488,0.11449067294597626,0.7869822382926941,0.6180652976036072
YLR126C,YMR239C,0,-0.06217279,0.11447425186634064,0.7869822382926941,0.6181654334068298
YNL085W,YHR069C,1,-0.062318925,0.1146012619137764,0.7879684567451477,0.6181654334068298
YOR371C,YGL040C,0,-0.06232057,0.11458482593297958,0.7879684567451477,0.6182655692100525
YKL049C,YIR018W,0,-0.062378276,0.11456839740276337,0.7879684567451477,0.6183657050132751
YOR144C,YDR527W,0,-0.062415484,0.11455196887254715,0.7879684567451477,0.6184658408164978
YHR211W,YGR001C,0,-0.062435802,0.11453554779291153,0.7879684567451477,0.6185659766197205
YJL219W,YMR117C,0,-0.06251677,0.1145191341638565,0.7879684567451477,0.6186661124229431
YPR094W,YDR222W,0,-0.06251868,0.11450272053480148,0.7879684567451477,0.6187662482261658
YOL152W,YML073C,0,-0.06258731,0.11448631435632706,0.7879684567451477,0.6188663840293884
YDR457W,YDL236W,0,-0.06265153,0.11446991562843323,0.7879684567451477,0.6189665794372559
YPL047W,YOR208W,0,-0.06273874,0.1144535169005394,0.7879684567451477,0.6190667152404785
YNL257C,YKL163W,0,-0.06284499,0.11443712562322617,0.7879684567451477,0.6191668510437012
YGR134W,YNL293W,0,-0.062967606,0.11442073434591293,0.7879684567451477,0.6192669868469238
YOR321W,YJR016C,0,-0.063050754,0.1144043505191803,0.7879684567451477,0.6193671226501465
YER172C,YDR097C,0,-0.06315693,0.11438797414302826,0.7879684567451477,0.6194672584533691
YMR305C,YGR108W,0,-0.063169,0.11437159776687622,0.7879684567451477,0.6195673942565918
YLR095C,YJL159W,0,-0.06331907,0.11435522884130478,0.7879684567451477,0.6196675300598145
YLR143W,YLR277C,1,-0.06342903,0.11448197066783905,0.7889546155929565,0.6196675300598145
YDR281C,YLR224W,0,-0.06347054,0.11446558684110641,0.7889546155929565,0.6197676658630371
YOR243C,YOR381W,0,-0.063530125,0.11444921046495438,0.7889546155929565,0.6198678016662598
YIL070C,YHR036W,0,-0.06355192,0.11443284153938293,0.7889546155929565,0.6199679374694824
YOR123C,YNL209W,0,-0.063590616,0.11441647261381149,0.7889546155929565,0.6200680732727051
YGR059W,YGL097W,0,-0.06363046,0.11440011113882065,0.7889546155929565,0.6201682090759277
YGR221C,YER012W,0,-0.063676745,0.1143837571144104,0.7889546155929565,0.6202684044837952
YDL008W,YOR369C,0,-0.06368576,0.11436740309000015,0.7889546155929565,0.6203685402870178
YNL238W,YKL007W,0,-0.06372017,0.1143510565161705,0.7889546155929565,0.6204686760902405
YHR117W,YLR057W,0,-0.06377037,0.11433471739292145,0.7889546155929565,0.6205688118934631
YBR010W,YPL154C,0,-0.06383413,0.1143183782696724,0.7889546155929565,0.6206689476966858
YKL100C,YCL031C,0,-0.06390667,0.11430204659700394,0.7889546155929565,0.6207690834999084
YBR120C,YBR096W,0,-0.063920714,0.11428571492433548,0.7889546155929565,0.6208692193031311
YLL040C,YGL099W,0,-0.064012244,0.11426939070224762,0.7889546155929565,0.6209693551063538
YML063W,YBR152W,0,-0.0640657,0.11425307393074036,0.7889546155929565,0.6210694909095764
YPR111W,YKL090W,0,-0.0640841,0.1142367571592331,0.7889546155929565,0.6211696267127991
YBR039W,YCR087C-A,0,-0.06415866,0.11422044783830643,0.7889546155929565,0.6212697625160217
YHR134W,YAR019C,0,-0.06418291,0.11420413851737976,0.7889546155929565,0.6213698983192444
YBR183W,YPR140W,0,-0.06419014,0.11418783664703369,0.7889546155929565,0.621470034122467
YPR183W,YGL157W,0,-0.06425852,0.11417154222726822,0.7889546155929565,0.6215701699256897
YBR052C,YLR206W,0,-0.06430913,0.11415524780750275,0.7889546155929565,0.6216703653335571
YGL134W,YPL092W,0,-0.06436384,0.11413896083831787,0.7889546155929565,0.6217705011367798
YLR385C,YMR176W,0,-0.06438328,0.11412268131971359,0.7889546155929565,0.6218706369400024
YOL111C,YMR142C,0,-0.06439324,0.11410640180110931,0.7889546155929565,0.6219707727432251
YJL062W,YCL069W,0,-0.064398244,0.11409012973308563,0.7889546155929565,0.6220709085464478
YNR002C,YCR069W,0,-0.06463337,0.11407386511564255,0.7889546155929565,0.6221710443496704
YFR055W,YNL005C,0,-0.06468661,0.11405760049819946,0.7889546155929565,0.6222711801528931
YEL012W,YFL023W,0,-0.06477761,0.11404134333133698,0.7889546155929565,0.6223713159561157
YKL022C,YNL254C,0,-0.064993426,0.11402508616447449,0.7889546155929565,0.6224714517593384
YHR134W,YKL120W,0,-0.065029696,0.1140088364481926,0.7889546155929565,0.622571587562561
YML043C,YJL053W,0,-0.065037906,0.1139925941824913,0.7889546155929565,0.6226717233657837
YER061C,YCL020W,0,-0.065044835,0.11397635191679001,0.7889546155929565,0.6227718591690063
YOL110W,YMR304W,0,-0.06532231,0.11396011710166931,0.7889546155929565,0.622871994972229
YLR097C,YKL201C,0,-0.06547908,0.11394388228654861,0.7889546155929565,0.6229721903800964
YNL014W,YBR265W,0,-0.06558693,0.11392765492200851,0.7889546155929565,0.6230723261833191
YOL033W,YLR024C,0,-0.065631844,0.11391143500804901,0.7889546155929565,0.6231724619865417
YKL178C,YGL191W,0,-0.065699324,0.11389521509408951,0.7889546155929565,0.6232725977897644
YPL192C,YCL010C,0,-0.06571068,0.1138790026307106,0.7889546155929565,0.6233727335929871
YMR234W,YMR137C,1,-0.065766856,0.11400512605905533,0.7899408340454102,0.6233727335929871
YHR168W,YJL087C,0,-0.06576999,0.11398889869451523,0.7899408340454102,0.6234728693962097
YNL264C,YCR030C,0,-0.06583813,0.11397267878055573,0.7899408340454102,0.6235730051994324
YKL184W,YLR285W,0,-0.06584548,0.11395646631717682,0.7899408340454102,0.623673141002655
YJL140W,YIL016W,0,-0.06585282,0.11394025385379791,0.7899408340454102,0.6237732768058777
YBR204C,YJR053W,0,-0.06590607,0.1139240488409996,0.7899408340454102,0.6238734126091003
YKL112W,YCR046C,0,-0.06592676,0.11390785127878189,0.7899408340454102,0.623973548412323
YPL023C,YFL029C,0,-0.065937504,0.11389165371656418,0.7899408340454102,0.6240736842155457
YGR096W,YJL103C,0,-0.06605331,0.11387546360492706,0.7899408340454102,0.6241738200187683
YPL101W,YER094C,0,-0.066108994,0.11385927349328995,0.7899408340454102,0.624273955821991
YGL044C,YDL132W,0,-0.06610972,0.11384309083223343,0.7899408340454102,0.6243741512298584
YDR382W,YJL079C,0,-0.066168495,0.11382691562175751,0.7899408340454102,0.624474287033081
YPR052C,YAL014C,0,-0.06632039,0.11381074041128159,0.7899408340454102,0.6245744228363037
YPR082C,YBR217W,0,-0.066371724,0.11379457265138626,0.7899408340454102,0.6246745586395264
YML005W,YDR195W,0,-0.06641265,0.11377841234207153,0.7899408340454102,0.624774694442749
YLR103C,YBL093C,0,-0.0664158,0.1137622520327568,0.7899408340454102,0.6248748302459717
YIR015W,YGR158C,1,-0.06642954,0.11388809978961945,0.790926992893219,0.6248748302459717
YDR331W,YCR081W,0,-0.06652583,0.11387193202972412,0.790926992893219,0.6249749660491943
YGL190C,YFR051C,0,-0.06657678,0.1138557642698288,0.790926992893219,0.625075101852417
YDL066W,YLR204W,0,-0.06664832,0.11383960396051407,0.790926992893219,0.6251752376556396
YDL201W,YKL089W,0,-0.066711456,0.11382344365119934,0.790926992893219,0.6252753734588623
YBR159W,YDR415C,0,-0.06698088,0.11380729079246521,0.790926992893219,0.625375509262085
YOR311C,YHR091C,0,-0.06701954,0.11379114538431168,0.790926992893219,0.6254756450653076
YBR245C,YER019C-A,0,-0.06725752,0.11377499997615814,0.790926992893219,0.6255757808685303
YDL178W,YAL024C,0,-0.06728034,0.1137588620185852,0.790926992893219,0.6256759166717529
YDR510W,YKR042W,0,-0.06734716,0.11374273151159286,0.790926992893219,0.6257761120796204
YHR214C-B,YLR431C,0,-0.067360595,0.11372660100460052,0.790926992893219,0.625876247882843
YER114C,YDL212W,0,-0.06742668,0.11371047794818878,0.790926992893219,0.6259763836860657
YPL099C,YCR066W,0,-0.06742965,0.11369435489177704,0.790926992893219,0.6260765194892883
YDR540C,YGR162W,0,-0.067528084,0.11367823928594589,0.790926992893219,0.626176655292511
YBR257W,YLR312W-A,1,-0.06755483,0.11380385607481003,0.7919132113456726,0.626176655292511
YBR150C,YJL005W,0,-0.06756261,0.11378772556781769,0.7919132113456726,0.6262767910957336
YNL075W,YER170W,0,-0.06759204,0.11377160996198654,0.7919132113456726,0.6263769268989563
YDR299W,YML128C,0,-0.06763159,0.1137554869055748,0.7919132113456726,0.626477062702179
YGR276C,YKL114C,1,-0.06770447,0.11388102173805237,0.7928994297981262,0.626477062702179
YHL040C,YBR282W,0,-0.06771324,0.11386489123106003,0.7928994297981262,0.6265771985054016
YJR103W,YOR204W,0,-0.067909904,0.11384876817464828,0.7928994297981262,0.6266773343086243
YMR052W,YDL193W,0,-0.067967415,0.11383265256881714,0.7928994297981262,0.6267774701118469
YPR171W,YJR043C,0,-0.06798892,0.11381653696298599,0.7928994297981262,0.6268776059150696
YHR025W,YJL134W,0,-0.067992,0.11380042135715485,0.7928994297981262,0.6269777417182922
YER016W,YJL024C,0,-0.06802337,0.1137843206524849,0.7928994297981262,0.6270779371261597
YER020W,YNL047C,0,-0.06808911,0.11376821994781494,0.7928994297981262,0.6271780729293823
YKR061W,YDR014W,0,-0.06811518,0.11375211924314499,0.7928994297981262,0.627278208732605
YOR043W,YDL138W,0,-0.068119824,0.11373603343963623,0.7928994297981262,0.6273783445358276
YBR068C,YMR292W,0,-0.06813135,0.11371994018554688,0.7928994297981262,0.6274784803390503
YGL187C,YJR065C,0,-0.068255745,0.11370386183261871,0.7928994297981262,0.627578616142273
YPL150W,YPL172C,0,-0.06827752,0.11368778347969055,0.7928994297981262,0.6276787519454956
YMR321C,YBL090W,0,-0.06837152,0.11367171257734299,0.7928994297981262,0.6277788877487183
YLR229C,YCL014W,0,-0.06846374,0.11365564167499542,0.7928994297981262,0.6278790235519409
YPR047W,YNR028W,0,-0.06851244,0.11363957822322845,0.7928994297981262,0.6279791593551636
YHR116W,YOL010W,0,-0.06854229,0.11362351477146149,0.7928994297981262,0.6280792951583862
YDR371W,YCL030C,0,-0.06857981,0.11360745877027512,0.7928994297981262,0.6281794309616089
YFR009W,YDR341C,0,-0.06867683,0.11359141021966934,0.7928994297981262,0.6282795667648315
YIL160C,YHR072W,0,-0.06880853,0.11357536166906357,0.7928994297981262,0.6283797025680542
YOR143C,YMR089C,0,-0.06892602,0.11355932056903839,0.7928994297981262,0.6284798979759216
YPR056W,YDR056C,0,-0.06899413,0.11354328691959381,0.7928994297981262,0.6285800337791443
YGR074W,YAL024C,0,-0.06899648,0.11352725327014923,0.7928994297981262,0.6286801695823669
YGR067C,YFL004W,0,-0.069020495,0.11351122707128525,0.7928994297981262,0.6287803053855896
YCR053W,YBL027W,0,-0.06913599,0.11349520087242126,0.7928994297981262,0.6288804411888123
YLR318W,YLL039C,0,-0.06915283,0.11347918212413788,0.7928994297981262,0.6289805769920349
YLR438C-A,YKL113C,0,-0.06919116,0.11346316337585449,0.7928994297981262,0.6290807127952576
YJL109C,YDR322C-A,0,-0.06919236,0.1134471595287323,0.7928994297981262,0.6291808485984802
YGL001C,YJR086W,0,-0.06919543,0.11343114823102951,0.7928994297981262,0.6292809844017029
YNL159C,YDR163W,0,-0.06923737,0.11341515183448792,0.7928994297981262,0.6293811202049255
YGR188C,YPR023C,0,-0.06924402,0.11339915543794632,0.7928994297981262,0.6294812560081482
YBL024W,YPR112C,0,-0.06926064,0.11338315904140472,0.7928994297981262,0.6295813918113708
YKR026C,YHR203C,0,-0.06951959,0.11336717754602432,0.7928994297981262,0.6296815276145935
YDL178W,YKL096W-A,0,-0.0695229,0.11335118860006332,0.7928994297981262,0.6297817230224609
YDR036C,YBL097W,0,-0.069535255,0.11333521455526352,0.7928994297981262,0.6298818588256836
YML073C,YIL035C,0,-0.06979832,0.11331924051046371,0.7928994297981262,0.6299819946289062
YKL025C,YML045W,1,-0.069804564,0.11344419419765472,0.7938855886459351,0.6299819946289062
YLL027W,YNL297C,0,-0.069845594,0.11342821270227432,0.7938855886459351,0.6300821304321289
YDL178W,YDR451C,0,-0.069899485,0.11341223120689392,0.7938855886459351,0.6301822662353516
YER120W,YJR033C,0,-0.06991305,0.11339624971151352,0.7938855886459351,0.6302824020385742
YFR036W,YBR009C,0,-0.07007147,0.11338028311729431,0.7938855886459351,0.6303825378417969
YGR188C,YGR189C,0,-0.07009676,0.1133643165230751,0.7938855886459351,0.6304826736450195
YAL023C,YHR094C,0,-0.07010637,0.1133483499288559,0.7938855886459351,0.6305828094482422
YDL015C,YDR383C,0,-0.07016843,0.11333239823579788,0.7938855886459351,0.6306829452514648
YML032C,YML043C,0,-0.07019617,0.11331643909215927,0.7938855886459351,0.6307830810546875
YOL013C,YBR128C,0,-0.070228465,0.11330049484968185,0.7938855886459351,0.6308832168579102
YDR180W,YOL156W,0,-0.07032413,0.11328455060720444,0.7938855886459351,0.6309833526611328
YEL064C,YJR026W,0,-0.070464045,0.11326860636472702,0.7938855886459351,0.6310834884643555
YBR287W,YNL335W,0,-0.070500806,0.1132526695728302,0.7938855886459351,0.6311836838722229
YFR008W,YGL156W,0,-0.070511565,0.11323674023151398,0.7938855886459351,0.6312838196754456
YGR256W,YIL063C,0,-0.07054976,0.11322081834077835,0.7938855886459351,0.6313839554786682
YDR252W,YNR028W,0,-0.07056054,0.11320489645004272,0.7938855886459351,0.6314840912818909
YGR195W,YDL198C,0,-0.07057826,0.1131889745593071,0.7938855886459351,0.6315842270851135
YOR303W,YNL238W,0,-0.07069127,0.11317306011915207,0.7938855886459351,0.6316843628883362
YLR418C,YOR208W,0,-0.07069461,0.11315715312957764,0.7938855886459351,0.6317844986915588
YPL258C,YGR143W,0,-0.0708612,0.1131412535905838,0.7938855886459351,0.6318846344947815
YOL021C,YGL175C,1,-0.07092731,0.11326587945222855,0.7948718070983887,0.6318846344947815
YFL013C,YFL050C,0,-0.07098193,0.11324996501207352,0.7948718070983887,0.6319847702980042
YOR353C,YDR196C,0,-0.0711259,0.11323405802249908,0.7948718070983887,0.6320849061012268
YER027C,YDR293C,0,-0.07112739,0.11321815103292465,0.7948718070983887,0.6321850419044495
YMR271C,YHL047C,0,-0.07115171,0.11320224404335022,0.7948718070983887,0.6322851777076721
YOR382W,YPR140W,0,-0.07118254,0.11318635195493698,0.7948718070983887,0.6323853135108948
YLR268W,YHR143W-A,0,-0.07139562,0.11317045986652374,0.7948718070983887,0.6324855089187622
YAL060W,YAR027W,0,-0.0714259,0.1131545677781105,0.7948718070983887,0.6325856447219849
YGL121C,YLR035C,0,-0.071436144,0.11313868314027786,0.7948718070983887,0.6326857805252075
YNL086W,YOR269W,0,-0.07145901,0.11312280595302582,0.7948718070983887,0.6327859163284302
YER048W-A,YJL176C,0,-0.071496636,0.11310692876577377,0.7948718070983887,0.6328860521316528
YBR183W,YBR035C,0,-0.07167952,0.11309105902910233,0.7948718070983887,0.6329861879348755
YDR014W,YGL207W,0,-0.0716808,0.11307519674301147,0.7948718070983887,0.6330863237380981
YMR223W,YPL143W,0,-0.07171055,0.11305933445692062,0.7948718070983887,0.6331864595413208
YNL016W,YOR291W,0,-0.07200274,0.11304347962141037,0.7948718070983887,0.6332865953445435
YMR013C,YLR403W,0,-0.072015196,0.11302762478590012,0.7948718070983887,0.6333867311477661
YGL249W,YDL107W,0,-0.07211939,0.11301177740097046,0.7948718070983887,0.6334868669509888
YOR120W,YNL009W,0,-0.07212426,0.1129959374666214,0.7948718070983887,0.6335870027542114
YNL153C,YGR241C,0,-0.07222852,0.11298009753227234,0.7948718070983887,0.6336871385574341
YGR121C,YDL002C,0,-0.0722586,0.11296425759792328,0.7948718070983887,0.6337872743606567
YKL164C,YPR185W,0,-0.07226448,0.11294843256473541,0.7948718070983887,0.6338874697685242
YPR004C,YIL093C,0,-0.07243262,0.11293260753154755,0.7948718070983887,0.6339876055717468
YOR321W,YIL159W,0,-0.072448075,0.11291678249835968,0.7948718070983887,0.6340877413749695
YLL038C,YHR001W,0,-0.072525896,0.11290096491575241,0.7948718070983887,0.6341878771781921
YER027C,YOR196C,0,-0.072604336,0.11288515478372574,0.7948718070983887,0.6342880129814148
YPL009C,YAL031C,0,-0.072703,0.11286934465169907,0.7948718070983887,0.6343881487846375
YIL082W-A,YLR430W,1,-0.072709575,0.11299356073141098,0.7958579659461975,0.6343881487846375
YMR194W,YFR009W,0,-0.07273833,0.11297774314880371,0.7958579659461975,0.6344882845878601
YMR059W,YOL080C,1,-0.072764285,0.11310190707445145,0.7968441843986511,0.6344882845878601
YDL077C,YDL161W,0,-0.07276746,0.11308607459068298,0.7968441843986511,0.6345884203910828
YPR118W,YNL208W,0,-0.072775766,0.11307024955749512,0.7968441843986511,0.6346885561943054
YDR052C,YLL038C,0,-0.072790764,0.11305443197488785,0.7968441843986511,0.6347886919975281
YGL223C,YMR134W,0,-0.07281947,0.11303861439228058,0.7968441843986511,0.6348888278007507
YCL057W,YFL010W-A,0,-0.072824836,0.11302279680967331,0.7968441843986511,0.6349889636039734
YEL060C,YNL127W,0,-0.0728485,0.11300699412822723,0.7968441843986511,0.635089099407196
YIL138C,YMR319C,0,-0.07288466,0.11299119144678116,0.7968441843986511,0.6351892352104187
YMR285C,YKL113C,1,-0.07289191,0.11311521381139755,0.7978304028511047,0.6351892352104187
YCR026C,YLR154C,1,-0.0729015,0.11323919892311096,0.7988165616989136,0.6351892352104187
YBR142W,YIR012W,0,-0.07295727,0.1132233738899231,0.7988165616989136,0.6352894306182861
YIL079C,YDL136W,0,-0.07299028,0.11320754885673523,0.7988165616989136,0.6353895664215088
YIL122W,YGL079W,0,-0.07307091,0.11319172382354736,0.7988165616989136,0.6354897022247314
YPR043W,YPL241C,0,-0.07332722,0.11317591369152069,0.7988165616989136,0.6355898380279541
YOL125W,YOR073W,0,-0.07333434,0.11316010355949402,0.7988165616989136,0.6356899738311768
YDL040C,YMR080C,0,-0.0733542,0.11314429342746735,0.7988165616989136,0.6357901096343994
YER131W,YDR099W,0,-0.073371425,0.11312849074602127,0.7988165616989136,0.6358902454376221
YMR036C,YBR186W,0,-0.07337599,0.11311269551515579,0.7988165616989136,0.6359903812408447
YIL067C,YNL244C,0,-0.073522404,0.11309690028429031,0.7988165616989136,0.6360905170440674
YER082C,YPL202C,0,-0.0735285,0.11308111250400543,0.7988165616989136,0.63619065284729
YGL200C,YHR023W,0,-0.07355042,0.11306532472372055,0.7988165616989136,0.6362907886505127
YLR135W,YLR059C,1,-0.07356216,0.11318911612033844,0.7998027801513672,0.6362907886505127
YBL020W,YPR026W,0,-0.0735957,0.11317332088947296,0.7998027801513672,0.6363909244537354
YGL119W,YNL245C,0,-0.073604524,0.11315752565860748,0.7998027801513672,0.636491060256958
YHR214C-B,YLR430W,1,-0.07379862,0.11328125,0.800788938999176,0.636491060256958
YKL160W,YCL030C,0,-0.07396069,0.11326544731855392,0.800788938999176,0.6365912556648254
YNR070W,YCR093W,0,-0.073996276,0.11324965208768845,0.800788938999176,0.6366913914680481
YKL206C,YBL099W,0,-0.07420002,0.11323385685682297,0.800788938999176,0.6367915272712708
YFL053W,YNL127W,0,-0.07427454,0.11321806907653809,0.800788938999176,0.6368916630744934
YGR084C,YOL068C,0,-0.07429895,0.1132022887468338,0.800788938999176,0.6369917988777161
YNL002C,YDR393W,0,-0.07436226,0.11318650841712952,0.800788938999176,0.6370919346809387
YMR186W,YNL021W,0,-0.07437514,0.11317072808742523,0.800788938999176,0.6371920704841614
YPL118W,YER012W,0,-0.074420415,0.11315496265888214,0.800788938999176,0.637292206287384
YBR179C,YBL021C,0,-0.07448556,0.11313919723033905,0.800788938999176,0.6373923420906067
YLR097C,YHR079C,0,-0.07455026,0.11312343180179596,0.800788938999176,0.6374924778938293
YPL007C,YCL024W,0,-0.074566305,0.11310767382383347,0.800788938999176,0.637592613697052
YDR444W,YOR321W,0,-0.07479173,0.11309192329645157,0.800788938999176,0.6376927495002747
YPR072W,YIR023W,0,-0.074890636,0.11307617276906967,0.800788938999176,0.6377928853034973
YNL021W,YPR103W,0,-0.074950606,0.11306042969226837,0.800788938999176,0.63789302110672
YGL071W,YHR172W,0,-0.07498206,0.11304468661546707,0.800788938999176,0.6379932165145874
YOR232W,YMR282C,0,-0.075006895,0.11302895098924637,0.800788938999176,0.6380933523178101
YDR254W,YBR231C,0,-0.07507362,0.11301322281360626,0.800788938999176,0.6381934881210327
YJL065C,YCL027W,0,-0.07507984,0.11299749463796616,0.800788938999176,0.6382936239242554
YFR055W,YOR077W,0,-0.07512382,0.11298177391290665,0.800788938999176,0.638393759727478
YJL051W,YLR276C,0,-0.07530967,0.11296605318784714,0.800788938999176,0.6384938955307007
YOL125W,YIR021W,0,-0.075318016,0.11295033991336823,0.800788938999176,0.6385940313339233
YBL018C,YNL001W,1,-0.075371,0.11307371407747269,0.8017751574516296,0.6385940313339233
YBR120C,YDR265W,0,-0.07539,0.11305798590183258,0.8017751574516296,0.638694167137146
YDR409W,YKL096W,0,-0.075725,0.11304227262735367,0.8017751574516296,0.6387943029403687
YGL043W,YDR507C,0,-0.075739674,0.11302655190229416,0.8017751574516296,0.6388944387435913
YPL144W,YBR104W,0,-0.07579285,0.11301084607839584,0.8017751574516296,0.638994574546814
YPR035W,YPL281C,0,-0.075922176,0.11299513280391693,0.8017751574516296,0.6390947103500366
YDR172W,YDL246C,0,-0.075930126,0.11297943443059921,0.8017751574516296,0.6391948461532593
YOL080C,YAL062W,0,-0.07602148,0.1129637360572815,0.8017751574516296,0.6392950415611267
YOL120C,YCR046C,0,-0.07604472,0.11294803768396378,0.8017751574516296,0.6393951773643494
YNL281W,YBR186W,0,-0.076082684,0.11293235421180725,0.8017751574516296,0.639495313167572
YKL114C,YDR263C,1,-0.076101914,0.11305555701255798,0.8027613162994385,0.639495313167572
YJR029W,YKL113C,1,-0.07615689,0.11317872256040573,0.8037475347518921,0.639495313167572
YDR457W,YMR241W,0,-0.07618317,0.11316300928592682,0.8037475347518921,0.6395954489707947
YGL236C,YHR216W,0,-0.07630568,0.1131472960114479,0.8037475347518921,0.6396955847740173
YCL011C,YPR201W,0,-0.07637301,0.11313159018754959,0.8037475347518921,0.63979572057724
YPR091C,YGL224C,0,-0.07640083,0.11311589181423187,0.8037475347518921,0.6398958563804626
YGR036C,YDR457W,0,-0.0764384,0.11310019344091415,0.8037475347518921,0.6399959921836853
YJR137C,YIL090W,0,-0.07646382,0.11308450251817703,0.8037475347518921,0.640096127986908
YNL306W,YIR012W,0,-0.07651411,0.11306881159543991,0.8037475347518921,0.6401962637901306
YGR030C,YOL142W,1,-0.07655421,0.11319184303283691,0.8047337532043457,0.6401962637901306
YPR082C,YNL242W,0,-0.07664049,0.1131761446595192,0.8047337532043457,0.6402963995933533
YDR348C,YKL025C,0,-0.07669104,0.11316044628620148,0.8047337532043457,0.6403965353965759
YOR246C,YCR020C,0,-0.07675916,0.11314475536346436,0.8047337532043457,0.6404966711997986
YHR167W,YCR071C,0,-0.076803155,0.11312907189130783,0.8047337532043457,0.6405968070030212
YIL073C,YDL095W,0,-0.076809384,0.1131133884191513,0.8047337532043457,0.6406970024108887
YJR017C,YDR443C,0,-0.076924495,0.11309771239757538,0.8047337532043457,0.6407971382141113
YCL034W,YJL130C,0,-0.076969415,0.11308203637599945,0.8047337532043457,0.640897274017334
YCR097W,YOR075W,0,-0.07699208,0.11306636780500412,0.8047337532043457,0.6409974098205566
YER137C,YKL101W,0,-0.077039935,0.11305070668458939,0.8047337532043457,0.6410975456237793
YDR139C,YML111W,0,-0.077180624,0.11303504556417465,0.8047337532043457,0.641197681427002
YIL095W,YIL139C,0,-0.07720295,0.11301939189434052,0.8047337532043457,0.6412978172302246
YJL041W,YER183C,0,-0.07721826,0.11300373822450638,0.8047337532043457,0.6413979530334473
YBR154C,YGR278W,0,-0.07729113,0.11298809200525284,0.8047337532043457,0.6414980888366699
YDR236C,YGL156W,0,-0.077385664,0.1129724457859993,0.8047337532043457,0.6415982246398926
YPL208W,YMR184W,0,-0.07742329,0.11295680701732635,0.8047337532043457,0.6416983604431152
YOR222W,YOR196C,0,-0.07745057,0.11294117569923401,0.8047337532043457,0.6417984962463379
YNR049C,YLL045C,0,-0.07746417,0.11292554438114166,0.8047337532043457,0.6418986320495605
YGL168W,YCR071C,0,-0.07747726,0.11290992051362991,0.8047337532043457,0.641998827457428
YGR112W,YAL053W,0,-0.077574454,0.11289429664611816,0.8047337532043457,0.6420989632606506
YOR278W,YBL090W,0,-0.077591404,0.11287868022918701,0.8047337532043457,0.6421990990638733
YIL080W,YAL055W,0,-0.077737704,0.11286307126283646,0.8047337532043457,0.642299234867096
YOR209C,YGR091W,0,-0.077787384,0.1128474622964859,0.8047337532043457,0.6423993706703186
YBL024W,YOL027C,0,-0.07786634,0.11283186078071594,0.8047337532043457,0.6424995064735413
YPL083C,YDL097C,0,-0.0778702,0.11281625926494598,0.8047337532043457,0.6425996422767639
YMR176W,YBR207W,0,-0.07788297,0.11280066519975662,0.8047337532043457,0.6426997780799866
YBR024W,YOR304C-A,0,-0.07790132,0.11278507113456726,0.8047337532043457,0.6427999138832092
YOR322C,YCR008W,0,-0.078122854,0.1127694845199585,0.8047337532043457,0.6429000496864319
YMR024W,YGL085W,1,-0.07818552,0.11289208382368088,0.8057199120521545,0.6429000496864319
YGR172C,YPR035W,0,-0.078191936,0.11287648230791092,0.8057199120521545,0.6430001854896545
YEL047C,YGR128C,0,-0.07826767,0.11286089569330215,0.8057199120521545,0.6431003212928772
YHR019C,YML091C,0,-0.078477904,0.11284530162811279,0.8057199120521545,0.6432004570960999
YKR050W,YOR073W,0,-0.07850541,0.11282972246408463,0.8057199120521545,0.6433005928993225
YDR530C,YDL002C,0,-0.07859386,0.11281414330005646,0.8057199120521545,0.6434007883071899
YPL118W,YPR182W,0,-0.078609005,0.11279856413602829,0.8057199120521545,0.6435009241104126
YPL002C,YNL148C,0,-0.07871059,0.11278299242258072,0.8057199120521545,0.6436010599136353
YDR285W,YFL048C,0,-0.078714564,0.11276742815971375,0.8057199120521545,0.6437011957168579
YLR105C,YDR390C,0,-0.07874627,0.11275186389684677,0.8057199120521545,0.6438013315200806
YJR143C,YMR239C,0,-0.07876289,0.1127363070845604,0.8057199120521545,0.6439014673233032
YKR003W,YPL002C,0,-0.07877305,0.11272075027227402,0.8057199120521545,0.6440016031265259
YOR149C,YPL159C,0,-0.07907663,0.11270520091056824,0.8057199120521545,0.6441017389297485
YNR013C,YDR378C,0,-0.07912224,0.11268965154886246,0.8057199120521545,0.6442018747329712
YBL006C,YLR233C,0,-0.079139695,0.11267411708831787,0.8057199120521545,0.6443020105361938
YHR008C,YHL008C,0,-0.079170994,0.11265857517719269,0.8057199120521545,0.6444021463394165
YLR136C,YBR238C,0,-0.07939301,0.1126430407166481,0.8057199120521545,0.6445022821426392
YMR224C,YKR079C,1,-0.07947666,0.112765371799469,0.8067061305046082,0.6445022821426392
YBL106C,YDL150W,0,-0.07947791,0.11274982988834381,0.8067061305046082,0.6446024179458618
YOL010W,YNL127W,0,-0.07948403,0.11273428797721863,0.8067061305046082,0.6447026133537292
YNL330C,YNL242W,0,-0.0796798,0.11271875351667404,0.8067061305046082,0.6448027491569519
YBR139W,YHR034C,0,-0.0797701,0.11270322650671005,0.8067061305046082,0.6449028849601746
YIL082W-A,YDL043C,0,-0.07982288,0.11268769949674606,0.8067061305046082,0.6450030207633972
YKL022C,YDR403W,0,-0.07986874,0.11267217993736267,0.8067061305046082,0.6451031565666199
YNL158W,YCR020W-B,0,-0.07989607,0.11265666037797928,0.8067061305046082,0.6452032923698425
YBL101C,YHR178W,0,-0.07994473,0.11264114826917648,0.8067061305046082,0.6453034281730652
YDR280W,YKL113C,1,-0.0799686,0.11276332288980484,0.807692289352417,0.6453034281730652
YGR041W,YJR059W,0,-0.07997011,0.11274779587984085,0.807692289352417,0.6454035639762878
YCR026C,YNL282W,1,-0.0800026,0.11286992579698563,0.8086785078048706,0.6454035639762878
YMR262W,YNL072W,1,-0.08006857,0.11299201846122742,0.8096646666526794,0.6454035639762878
YMR198W,YCR072C,0,-0.0800724,0.11297646909952164,0.8096646666526794,0.6455036997795105
YGL023C,YOL138C,0,-0.080279514,0.11296092718839645,0.8096646666526794,0.6456038355827332
YPL096W,YJL079C,0,-0.08038737,0.11294538527727127,0.8096646666526794,0.6457039713859558
YDL197C,YOR322C,0,-0.080450624,0.11292985081672668,0.8096646666526794,0.6458041071891785
YDR067C,YGR013W,0,-0.08047607,0.1129143163561821,0.8096646666526794,0.6459042429924011
YPL214C,YDL225W,0,-0.08049712,0.11289878934621811,0.8096646666526794,0.6460043787956238
YJR065C,YOR297C,0,-0.08051491,0.11288326978683472,0.8096646666526794,0.6461045742034912
YDR211W,YNL218W,0,-0.0805645,0.11286775022745132,0.8096646666526794,0.6462047100067139
YOR378W,YKR029C,0,-0.080603,0.11285223066806793,0.8096646666526794,0.6463048458099365
YDR518W,YGL212W,0,-0.0806076,0.11283672600984573,0.8096646666526794,0.6464049816131592
YLR270W,YDR140W,0,-0.08072427,0.11282121390104294,0.8096646666526794,0.6465051174163818
YDL181W,YML115C,0,-0.080742195,0.11280571669340134,0.8096646666526794,0.6466052532196045
YHR141C,YER045C,0,-0.08084339,0.11279021948575974,0.8096646666526794,0.6467053890228271
YJL170C,YDR378C,0,-0.08097354,0.11277472227811813,0.8096646666526794,0.6468055248260498
YOL139C,YKR071C,0,-0.08097993,0.11275923997163773,0.8096646666526794,0.6469056606292725
YCR094W,YDR481C,0,-0.08106918,0.11274375021457672,0.8096646666526794,0.6470057964324951
YGR289C,YBR136W,0,-0.08117365,0.11272826790809631,0.8096646666526794,0.6471059322357178
YMR262W,YOL021C,1,-0.08118957,0.11285008490085602,0.8106508851051331,0.6471059322357178
YHR065C,YKL091C,0,-0.08123031,0.11283459514379501,0.8106508851051331,0.6472060680389404
YDL214C,YPR048W,0,-0.081230804,0.11281910538673401,0.8106508851051331,0.6473062038421631
YMR287C,YNL102W,1,-0.0812316,0.11294085532426834,0.8116371035575867,0.6473062038421631
YDR424C,YOL101C,0,-0.081295386,0.11292535811662674,0.8116371035575867,0.6474063396453857
YNL300W,YDL007W,0,-0.08135994,0.11290986090898514,0.8116371035575867,0.6475065350532532
YEL065W,YBR001C,0,-0.081419885,0.11289437860250473,0.8116371035575867,0.6476066708564758
YHR188C,YLR073C,0,-0.08145604,0.11287888884544373,0.8116371035575867,0.6477068066596985
YGR256W,YJR029W,0,-0.081478655,0.11286341398954391,0.8116371035575867,0.6478069424629211
YNL135C,YDR389W,0,-0.08150451,0.1128479391336441,0.8116371035575867,0.6479070782661438
YBR122C,YNL259C,0,-0.08161992,0.1128324642777443,0.8116371035575867,0.6480072140693665
YPR048W,YKL188C,0,-0.08184103,0.11281699687242508,0.8116371035575867,0.6481073498725891
YDR047W,YMR172W,0,-0.08186279,0.11280153691768646,0.8116371035575867,0.6482074856758118
YJL082W,YHR196W,0,-0.08186518,0.11278607696294785,0.8116371035575867,0.6483076214790344
YJL225C,YGR284C,0,-0.0820025,0.11277062445878983,0.8116371035575867,0.6484077572822571
YGR158C,YNL166C,0,-0.08206165,0.1127551719546318,0.8116371035575867,0.6485078930854797
YNL001W,YHR079C,1,-0.08207459,0.11287671327590942,0.8126232624053955,0.6485078930854797
YPL098C,YLR013W,0,-0.08219781,0.1128612533211708,0.8126232624053955,0.6486080288887024
YJR043C,YBR167C,1,-0.082197964,0.11298274248838425,0.8136094808578491,0.6486080288887024
YNL257C,YHL032C,0,-0.082282886,0.11296727508306503,0.8136094808578491,0.648708164691925
YDL170W,YJR034W,0,-0.08233474,0.11295180767774582,0.8136094808578491,0.6488083600997925
YDL156W,YNL005C,0,-0.08234529,0.1129363477230072,0.8136094808578491,0.6489084959030151
YDR446W,YMR216C,0,-0.08238764,0.11292088776826859,0.8136094808578491,0.6490086317062378
YDL171C,YLL022C,0,-0.08240372,0.11290543526411057,0.8136094808578491,0.6491087675094604
YJL020C,YLL013C,0,-0.08278009,0.11288998275995255,0.8136094808578491,0.6492089033126831
YLR353W,YFR015C,0,-0.08290553,0.11287453770637512,0.8136094808578491,0.6493090391159058
YGR132C,YCL063W,0,-0.08307588,0.1128591001033783,0.8136094808578491,0.6494091749191284
YPR083W,YLR034C,0,-0.083124414,0.11284366250038147,0.8136094808578491,0.6495093107223511
YER013W,YLL019C,0,-0.083208755,0.11282822489738464,0.8136094808578491,0.6496094465255737
YLR120C,YGL014W,0,-0.083287016,0.11281280219554901,0.8136094808578491,0.6497095823287964
YLR219W,YNR035C,0,-0.08330298,0.11279737204313278,0.8136094808578491,0.649809718132019
YLL036C,YER184C,0,-0.083674215,0.11278195679187775,0.8136094808578491,0.6499098539352417
YHR101C,YLR264W,0,-0.08373305,0.11276654154062271,0.8136094808578491,0.6500099897384644
YOR056C,YPR201W,0,-0.083756566,0.11275112628936768,0.8136094808578491,0.650110125541687
YMR316W,YGL175C,0,-0.083870195,0.11273571848869324,0.8136094808578491,0.6502103209495544
YLR029C,YLR207W,0,-0.0839358,0.1127203181385994,0.8136094808578491,0.6503104567527771
YDR134C,YNL044W,0,-0.084016174,0.11270491778850555,0.8136094808578491,0.6504105925559998
YJL097W,YFL021W,0,-0.08402169,0.11268952488899231,0.8136094808578491,0.6505107283592224
YLR002C,YMR173W,0,-0.08404131,0.11267413198947906,0.8136094808578491,0.6506108641624451
YBR257W,YJL190C,0,-0.08406514,0.11265874654054642,0.8136094808578491,0.6507109999656677
YDR060W,YKL053C-A,0,-0.084067754,0.11264336109161377,0.8136094808578491,0.6508111357688904
YBR014C,YER017C,0,-0.08407506,0.11262798309326172,0.8136094808578491,0.650911271572113
YDR170C,YPL158C,0,-0.084161036,0.11261261254549026,0.8136094808578491,0.6510114073753357
YDR090C,YHL002W,0,-0.084292084,0.11259724199771881,0.8136094808578491,0.6511115431785583
YDR084C,YMR202W,0,-0.084312454,0.11258187890052795,0.8136094808578491,0.651211678981781
YAL009W,YER140W,0,-0.08431339,0.1125665158033371,0.8136094808578491,0.6513118147850037
YER104W,YLR244C,0,-0.08436935,0.11255116015672684,0.8136094808578491,0.6514119505882263
YKL201C,YNL270C,0,-0.084382966,0.11253580451011658,0.8136094808578491,0.6515121459960938
YKL114C,YNL102W,1,-0.08448288,0.1126568466424942,0.814595639705658,0.6515121459960938
YGR092W,YKL135C,0,-0.08469383,0.11264148354530334,0.814595639705658,0.6516122817993164
YLR414C,YDL080C,0,-0.0846965,0.11262612789869308,0.814595639705658,0.6517124176025391
YBR044C,YLR099C,0,-0.08483525,0.11261077225208282,0.814595639705658,0.6518125534057617
YDR477W,YNL075W,0,-0.08510391,0.11259541660547256,0.814595639705658,0.6519126892089844
YML091C,YGL227W,0,-0.08514448,0.1125800758600235,0.814595639705658,0.652012825012207
YHR191C,YOR066W,0,-0.085193574,0.11256473511457443,0.814595639705658,0.6521129608154297
YGR062C,YPR189W,0,-0.085342035,0.11254939436912537,0.814595639705658,0.6522130966186523
YBR207W,YML010W,0,-0.08535452,0.1125340610742569,0.814595639705658,0.652313232421875
YIR009W,YOR226C,0,-0.08541624,0.11251872777938843,0.814595639705658,0.6524133682250977
YJL171C,YMR250W,0,-0.0854973,0.11250340193510056,0.814595639705658,0.6525135040283203
YJL044C,YJL136C,0,-0.08557172,0.11248808354139328,0.814595639705658,0.652613639831543
YLR449W,YPR098C,0,-0.085630916,0.112472765147686,0.814595639705658,0.6527137756347656
YPR162C,YOR037W,0,-0.08572439,0.11245745420455933,0.814595639705658,0.6528139114379883
YDR238C,YHR171W,0,-0.0857244,0.11244214326143265,0.814595639705658,0.6529141068458557
YKL086W,YGL097W,0,-0.086026356,0.11242683976888657,0.814595639705658,0.6530142426490784
YMR079W,YBR128C,0,-0.086188346,0.11241154372692108,0.814595639705658,0.653114378452301
YLR016C,YER157W,0,-0.086303085,0.1123962476849556,0.814595639705658,0.6532145142555237
YJL164C,YMR190C,0,-0.08636753,0.11238095164299011,0.814595639705658,0.6533146500587463
YJL087C,YDR263C,1,-0.086387455,0.11250170320272446,0.8155818581581116,0.6533146500587463
YNR036C,YGR068C,0,-0.086436406,0.11248639971017838,0.8155818581581116,0.653414785861969
YDR170C,YLR308W,0,-0.086496204,0.11247110366821289,0.8155818581581116,0.6535149216651917
YLR418C,YDL069C,0,-0.08649651,0.1124558076262474,0.8155818581581116,0.6536150574684143
YOL145C,YPL119C,0,-0.08650643,0.11244051903486252,0.8155818581581116,0.653715193271637
YJR104C,YGL083W,0,-0.08658768,0.11242523044347763,0.8155818581581116,0.6538153290748596
YJL157C,YOL105C,0,-0.08664595,0.11240994930267334,0.8155818581581116,0.6539154648780823
YDR451C,YJR045C,0,-0.08683509,0.11239467561244965,0.8155818581581116,0.6540156006813049
YMR186W,YLR449W,0,-0.08686002,0.11237940192222595,0.8155818581581116,0.6541157364845276
YIL143C,YOR304C-A,0,-0.08687574,0.11236412823200226,0.8155818581581116,0.654215931892395
YKL093W,YLR433C,0,-0.08690311,0.11234886199235916,0.8155818581581116,0.6543160676956177
YNL262W,YBR102C,0,-0.08691441,0.11233360320329666,0.8155818581581116,0.6544162034988403
YDR388W,YJR053W,0,-0.08693669,0.11231835186481476,0.8155818581581116,0.654516339302063
YKL206C,YBR052C,0,-0.08699037,0.11230309307575226,0.8155818581581116,0.6546164751052856
YPL009C,YJL191W,0,-0.08700076,0.11228784918785095,0.8155818581581116,0.6547166109085083
YPR101W,YMR088C,0,-0.08701799,0.11227260529994965,0.8155818581581116,0.654816746711731
YBR278W,YDR143C,0,-0.087055534,0.11225736141204834,0.8155818581581116,0.6549168825149536
YBL036C,YMR267W,0,-0.08708513,0.11224212497472763,0.8155818581581116,0.6550170183181763
YPL281C,YLR356W,0,-0.08709164,0.11222689598798752,0.8155818581581116,0.6551171541213989
YNL297C,YER184C,0,-0.08715806,0.1122116670012474,0.8155818581581116,0.6552172899246216
YPL144W,YIL027C,0,-0.087166876,0.11219644546508789,0.8155818581581116,0.6553174257278442
YDR264C,YNR041C,0,-0.08720164,0.11218122392892838,0.8155818581581116,0.6554175615310669
YDR056C,YLR034C,0,-0.087288946,0.11216600984334946,0.8155818581581116,0.6555176973342896
YGR061C,YGL229C,0,-0.087326474,0.11215080320835114,0.8155818581581116,0.655617892742157
YDL166C,YGL229C,0,-0.08733752,0.11213559657335281,0.8155818581581116,0.6557180285453796
YDR484W,YPL148C,0,-0.087389514,0.11212038993835449,0.8155818581581116,0.6558181643486023
YGR095C,YFL001W,0,-0.08754161,0.11210519075393677,0.8155818581581116,0.655918300151825
YGR225W,YIL142W,0,-0.08754184,0.11208999902009964,0.8155818581581116,0.6560184359550476
YIL155C,YIL034C,0,-0.08759665,0.11207480728626251,0.8155818581581116,0.6561185717582703
YMR042W,YDR239C,0,-0.08761299,0.11205962300300598,0.8155818581581116,0.6562187075614929
YMR186W,YOR056C,0,-0.08766073,0.11204443871974945,0.8155818581581116,0.6563188433647156
YOL136C,YOL113W,0,-0.08766868,0.11202926188707352,0.8155818581581116,0.6564189791679382
YML018C,YNL307C,0,-0.0877718,0.11201408505439758,0.8155818581581116,0.6565191149711609
YKR024C,YGR026W,0,-0.087787256,0.11199891567230225,0.8155818581581116,0.6566192507743835
YJR026W,YMR106C,0,-0.087794036,0.1119837537407875,0.8155818581581116,0.6567193865776062
YDR047W,YBR258C,0,-0.08781159,0.11196859180927277,0.8155818581581116,0.6568195223808289
YPL087W,YFR037C,0,-0.08783397,0.11195342987775803,0.8155818581581116,0.6569196581840515
YML036W,YKL101W,0,-0.08789928,0.11193827539682388,0.8155818581581116,0.657019853591919
YMR159C,YNL282W,0,-0.08797081,0.11192312836647034,0.8155818581581116,0.6571199893951416
YNL268W,YBL068W,0,-0.08800021,0.11190798133611679,0.8155818581581116,0.6572201251983643
YJL208C,YAL021C,1,-0.08810572,0.11202814429998398,0.8165680766105652,0.6572201251983643
YDR245W,YIL113W,0,-0.08813073,0.11201298981904984,0.8165680766105652,0.6573202610015869
YAR019C,YCL045C,0,-0.08823237,0.11199783533811569,0.8165680766105652,0.6574203968048096
YEL029C,YML088W,0,-0.08825047,0.11198268830776215,0.8165680766105652,0.6575205326080322
YHR039C,YHR107C,0,-0.08837426,0.1119675487279892,0.8165680766105652,0.6576206684112549
YER018C,YLR042C,0,-0.08843441,0.11195240914821625,0.8165680766105652,0.6577208042144775
YPR021C,YMR316W,0,-0.088470906,0.1119372695684433,0.8165680766105652,0.6578209400177002
YML115C,YJL046W,0,-0.08857116,0.11192213743925095,0.8165680766105652,0.6579210758209229
YMR235C,YAL010C,0,-0.088651046,0.11190701276063919,0.8165680766105652,0.6580212116241455
YMR054W,YAL032C,0,-0.08874686,0.11189189553260803,0.8165680766105652,0.6581213474273682
YNR061C,YFL003C,0,-0.08879011,0.11187677085399628,0.8165680766105652,0.6582214832305908
YKL011C,YDR279W,1,-0.088818066,0.11199675500392914,0.817554235458374,0.6582214832305908
YDL007W,YDR216W,0,-0.08891562,0.11198163032531738,0.817554235458374,0.6583216786384583
YDL099W,YKR022C,0,-0.08900447,0.11196650564670563,0.817554235458374,0.6584218144416809
YDR072C,YDR414C,0,-0.08905009,0.11195138096809387,0.817554235458374,0.6585219502449036
YJL133W,YBL101C,0,-0.089107744,0.11193627119064331,0.817554235458374,0.6586220860481262
YNR031C,YKR042W,0,-0.08912918,0.11192115396261215,0.817554235458374,0.6587222218513489
YDL077C,YOL128C,0,-0.08914383,0.11190604418516159,0.817554235458374,0.6588223576545715
YGL162W,YOR339C,0,-0.089144,0.11189094185829163,0.817554235458374,0.6589224934577942
YLR154C,YDR240C,0,-0.08914584,0.11187584698200226,0.817554235458374,0.6590226292610168
YGR167W,YNL162W,0,-0.089293525,0.1118607446551323,0.817554235458374,0.6591227650642395
YJL124C,YGR026W,0,-0.089346856,0.11184565722942352,0.817554235458374,0.6592229008674622
YNR043W,YER017C,0,-0.08941545,0.11183056980371475,0.817554235458374,0.6593230366706848
YLR074C,YLR410W,0,-0.08958462,0.11181548237800598,0.817554235458374,0.6594231724739075
YIL027C,YGR008C,0,-0.08961345,0.11180040240287781,0.817554235458374,0.6595233082771301
YDL153C,YOR232W,0,-0.089745075,0.11178532987833023,0.817554235458374,0.6596234440803528
YCL033C,YOL089C,0,-0.089760244,0.11177025735378265,0.817554235458374,0.6597236394882202
YHR060W,YGR246C,0,-0.08978332,0.11175519227981567,0.817554235458374,0.6598237752914429
YEL015W,YER180C,0,-0.08979142,0.1117401272058487,0.817554235458374,0.6599239110946655
YPL123C,YMR285C,1,-0.08999223,0.11185983568429947,0.8185404539108276,0.6599239110946655
YGL156W,YBL026W,0,-0.09001366,0.11184476315975189,0.8185404539108276,0.6600240468978882
YGR106C,YGR036C,0,-0.09008911,0.11182969808578491,0.8185404539108276,0.6601241827011108
YMR039C,YLR305C,0,-0.09008922,0.11181463301181793,0.8185404539108276,0.6602243185043335
YDR056C,YPR079W,0,-0.090100415,0.11179956793785095,0.8185404539108276,0.6603244543075562
YDR047W,YHR085W,0,-0.090164155,0.11178451031446457,0.8185404539108276,0.6604245901107788
YGL236C,YMR119W,0,-0.09019311,0.11176946014165878,0.8185404539108276,0.6605247259140015
YMR268C,YGR068C,0,-0.09022703,0.111754409968853,0.8185404539108276,0.6606248617172241
YER104W,YHR115C,0,-0.090296626,0.11173936724662781,0.8185404539108276,0.6607249975204468
YCL034W,YER051W,0,-0.09047194,0.11172432452440262,0.8185404539108276,0.6608251333236694
YPL081W,YBL113C,0,-0.09053132,0.11170928925275803,0.8185404539108276,0.6609252691268921
YCR068W,YNL061W,0,-0.09063107,0.11169425398111343,0.8185404539108276,0.6610254645347595
YEL060C,YBL055C,0,-0.09069471,0.11167922616004944,0.8185404539108276,0.6611256003379822
YAL001C,YLR144C,0,-0.09076623,0.11166419833898544,0.8185404539108276,0.6612257361412048
YPL255W,YBR123C,0,-0.09077105,0.11164917796850204,0.8185404539108276,0.6613258719444275
YOR221C,YGL156W,0,-0.09092292,0.11163416504859924,0.8185404539108276,0.6614260077476501
YDR448W,YHR084W,0,-0.09095062,0.11161915212869644,0.8185404539108276,0.6615261435508728
YDR440W,YHR164C,0,-0.0909684,0.11160413920879364,0.8185404539108276,0.6616262793540955
YPL065W,YNL274C,0,-0.09106141,0.11158913373947144,0.8185404539108276,0.6617264151573181
YKR097W,YLR176C,0,-0.0910903,0.11157413572072983,0.8185404539108276,0.6618265509605408
YDR026C,YDR331W,0,-0.09128167,0.11155913770198822,0.8185404539108276,0.6619266867637634
YAL040C,YJR151C,0,-0.09130376,0.11154414713382721,0.8185404539108276,0.6620268225669861
YHR115C,YBR298C,0,-0.0913302,0.1115291565656662,0.8185404539108276,0.6621269583702087
YDR337W,YDL044C,0,-0.09133744,0.11151417344808578,0.8185404539108276,0.6622270941734314
YKR010C,YGL179C,0,-0.091376916,0.11149919033050537,0.8185404539108276,0.662327229976654
YLR208W,YNL270C,0,-0.09139299,0.11148421466350555,0.8185404539108276,0.6624274253845215
YDR107C,YOR118W,0,-0.0915311,0.11146924644708633,0.8185404539108276,0.6625275611877441
YER006W,YDR364C,0,-0.09154155,0.11145427823066711,0.8185404539108276,0.6626276969909668
YDR082W,YER013W,0,-0.091586895,0.1114393100142479,0.8185404539108276,0.6627278327941895
YHR060W,YLR182W,0,-0.0917042,0.11142434924840927,0.8185404539108276,0.6628279685974121
YCR072C,YCR027C,0,-0.09180052,0.11140939593315125,0.8185404539108276,0.6629281044006348
YDR253C,YHR018C,0,-0.0919413,0.11139444261789322,0.8185404539108276,0.6630282402038574
YOL142W,YMR263W,0,-0.091977045,0.11137949675321579,0.8185404539108276,0.6631283760070801
YAR009C,YAL021C,1,-0.09202723,0.11149872839450836,0.8195266127586365,0.6631283760070801
YPL259C,YOR295W,0,-0.09204358,0.11148376762866974,0.8195266127586365,0.6632285118103027
YMR059W,YER142C,1,-0.09217292,0.11160295456647873,0.8205128312110901,0.6632285118103027
YKR037C,YDR313C,0,-0.09220096,0.11158798635005951,0.8205128312110901,0.6633286476135254
YAL033W,YBR167C,1,-0.09233686,0.11170712113380432,0.8214989900588989,0.6633286476135254
YIL097W,YBL009W,0,-0.092381395,0.1116921454668045,0.8214989900588989,0.663428783416748
YPL177C,YGR023W,0,-0.09240869,0.11167716979980469,0.8214989900588989,0.6635289192199707
YNL275W,YBR056W,0,-0.092420794,0.11166220158338547,0.8214989900588989,0.6636290550231934
YBL021C,YJR070C,0,-0.09247175,0.11164723336696625,0.8214989900588989,0.6637292504310608
YMR029C,YLL003W,0,-0.09264585,0.11163227260112762,0.8214989900588989,0.6638293862342834
YDL033C,YML070W,0,-0.092668965,0.111617311835289,0.8214989900588989,0.6639295220375061
YOL086C,YAL020C,0,-0.09270935,0.11160235852003098,0.8214989900588989,0.6640296578407288
YKR065C,YDR326C,0,-0.092718944,0.11158740520477295,0.8214989900588989,0.6641297936439514
YLR286C,YKL007W,0,-0.092760876,0.11157245934009552,0.8214989900588989,0.6642299294471741
YGR038W,YMR246W,0,-0.09276828,0.11155752092599869,0.8214989900588989,0.6643300652503967
YDR382W,YJR032W,0,-0.092802584,0.11154258251190186,0.8214989900588989,0.6644302010536194
YLR016C,YPL271W,0,-0.09293794,0.11152764409780502,0.8214989900588989,0.664530336856842
YDR086C,YDR118W,0,-0.09301481,0.11151272058486938,0.8214989900588989,0.6646304726600647
YBR042C,YLR410W,0,-0.09310591,0.11149778962135315,0.8214989900588989,0.6647306084632874
YKR054C,YDL188C,0,-0.09313147,0.11148286610841751,0.8214989900588989,0.66483074426651
YGR216C,YMR214W,0,-0.09313813,0.11146795004606247,0.8214989900588989,0.6649308800697327
YHR147C,YNL236W,0,-0.0931687,0.11145303398370743,0.8214989900588989,0.6650310158729553
YFR005C,YLR034C,0,-0.09337704,0.11143812537193298,0.8214989900588989,0.6651312112808228
YDL019C,YFL041W,0,-0.09340916,0.11142322421073914,0.8214989900588989,0.6652313470840454
YOR206W,YEL040W,0,-0.093502946,0.11140831559896469,0.8214989900588989,0.6653314828872681
YDR315C,YBL060W,0,-0.09354025,0.11139342188835144,0.8214989900588989,0.6654316186904907
YJL213W,YDR180W,0,-0.09385063,0.11137852817773819,0.8214989900588989,0.6655317544937134
YNL327W,YNL188W,0,-0.09397225,0.11136363446712494,0.8214989900588989,0.665631890296936
YNL250W,YNL102W,1,-0.09401648,0.1114824190735817,0.8224852085113525,0.665631890296936
YOL004W,YJL170C,0,-0.09402136,0.11146752536296844,0.8224852085113525,0.6657320261001587
YJR119C,YCR077C,0,-0.094115086,0.1114526242017746,0.8224852085113525,0.6658321619033813
YER161C,YBR019C,0,-0.09415807,0.11143773049116135,0.8224852085113525,0.665932297706604
YGR106C,YGL120C,0,-0.09424818,0.11142284423112869,0.8224852085113525,0.6660324335098267
YHR119W,YIL142W,0,-0.09431795,0.11140795797109604,0.8224852085113525,0.6661325693130493
YJL210W,YPL081W,0,-0.09446991,0.11139307916164398,0.8224852085113525,0.666232705116272
YOL152W,YOR153W,0,-0.09455616,0.11137820780277252,0.8224852085113525,0.6663328409194946
YLR127C,YOR003W,0,-0.09469977,0.11136333644390106,0.8224852085113525,0.6664329767227173
YDR038C,YKL078W,0,-0.09485267,0.1113484650850296,0.8224852085113525,0.6665331721305847
YDR304C,YNL093W,0,-0.09490849,0.11133360117673874,0.8224852085113525,0.6666333079338074
YJL102W,YDL141W,0,-0.095004044,0.11131873726844788,0.8224852085113525,0.66673344373703
YNL229C,YOR226C,0,-0.0950433,0.11130388081073761,0.8224852085113525,0.6668335795402527
YER137C,YDR473C,0,-0.09518121,0.11128903180360794,0.8224852085113525,0.6669337153434753
YBR294W,YDR011W,0,-0.09521264,0.11127418279647827,0.8224852085113525,0.667033851146698
YCL011C,YHR007C,0,-0.095259495,0.1112593412399292,0.8224852085113525,0.6671339869499207
YGR258C,YPL083C,1,-0.09527171,0.11137788742780685,0.8234714269638062,0.6671339869499207
YJL153C,YJR055W,0,-0.09536901,0.11136303097009659,0.8234714269638062,0.6672341227531433
YDR378C,YPR184W,0,-0.09554836,0.11134818196296692,0.8234714269638062,0.667334258556366
YGR255C,YGR068C,0,-0.09559186,0.11133333295583725,0.8234714269638062,0.6674343943595886
YHR011W,YER049W,0,-0.09564438,0.11131849139928818,0.8234714269638062,0.6675345301628113
YMR288W,YLR148W,0,-0.095669396,0.1113036498427391,0.8234714269638062,0.6676346659660339
YLR289W,YIL132C,0,-0.09574908,0.11128881573677063,0.8234714269638062,0.6677348017692566
YMR290C,YHR017W,0,-0.095815584,0.11127398908138275,0.8234714269638062,0.667834997177124
YGL225W,YGR013W,0,-0.09590798,0.11125916242599487,0.8234714269638062,0.6679351329803467
YML005W,YBL052C,0,-0.09593467,0.111244335770607,0.8234714269638062,0.6680352687835693
YJL071W,YNL097C,0,-0.09594591,0.11122951656579971,0.8234714269638062,0.668135404586792
YGR222W,YLR285W,0,-0.096201584,0.11121470481157303,0.8234714269638062,0.6682355403900146
YIR007W,YEL054C,0,-0.09631508,0.11119989305734634,0.8234714269638062,0.6683356761932373
YMR321C,YFL002C,0,-0.09637135,0.11118508875370026,0.8234714269638062,0.66843581199646
YCL057W,YER168C,0,-0.09652676,0.11117028445005417,0.8234714269638062,0.6685359477996826
YBR150C,YAR031W,0,-0.096556775,0.11115548759698868,0.8234714269638062,0.6686360836029053
YKL188C,YMR323W,0,-0.09661538,0.11114069074392319,0.8234714269638062,0.6687362194061279
YPR035W,YBL082C,0,-0.09662473,0.1111259013414383,0.8234714269638062,0.6688363552093506
YLR051C,YHR178W,0,-0.09671748,0.1111111119389534,0.8234714269638062,0.6689364910125732
YKL127W,YLR378C,0,-0.09677762,0.1110963299870491,0.8234714269638062,0.6690366268157959
YGR216C,YKL120W,0,-0.09678309,0.1110815480351448,0.8234714269638062,0.6691367626190186
YMR046C,YBR214W,0,-0.09681441,0.1110667735338211,0.8234714269638062,0.669236958026886
YPL158C,YBL097W,0,-0.09682245,0.1110519990324974,0.8234714269638062,0.6693370938301086
YJR032W,YBR280C,0,-0.09683536,0.1110372319817543,0.8234714269638062,0.6694372296333313
YGL106W,YFR005C,0,-0.096929066,0.1110224723815918,0.8234714269638062,0.669537365436554
YLR312W-A,YNL268W,0,-0.09696594,0.11100771278142929,0.8234714269638062,0.6696375012397766
YNR051C,YJL008C,0,-0.09702346,0.11099295318126678,0.8234714269638062,0.6697376370429993
YBL076C,YMR016C,0,-0.09705417,0.11097820103168488,0.8234714269638062,0.6698377728462219
YER089C,YKL017C,0,-0.09705498,0.11096345633268356,0.8234714269638062,0.6699379086494446
YNR023W,YNL177C,0,-0.097371,0.11094871163368225,0.8234714269638062,0.6700380444526672
YHR214C-B,YJR145C,0,-0.09741936,0.11093397438526154,0.8234714269638062,0.6701381802558899
YKL113C,YDR279W,1,-0.09752665,0.11105207353830338,0.824457585811615,0.6701381802558899
YLR406C,YHR084W,0,-0.09760485,0.11103732138872147,0.824457585811615,0.6702383160591125
YAL058W,YMR231W,0,-0.09790304,0.11102257668972015,0.824457585811615,0.6703384518623352
YHR094C,YMR281W,0,-0.097922094,0.11100783199071884,0.824457585811615,0.6704385876655579
YDR499W,YOR232W,0,-0.09799542,0.11099309474229813,0.824457585811615,0.6705387830734253
YLR268W,YBR057C,0,-0.09812463,0.11097836494445801,0.824457585811615,0.670638918876648
YGL223C,YLR222C,0,-0.0981628,0.11096363514661789,0.824457585811615,0.6707390546798706
YNL037C,YCR075C,0,-0.098192886,0.11094890534877777,0.824457585811615,0.6708391904830933
YBL055C,YGR095C,1,-0.09824744,0.11106687784194946,0.8254438042640686,0.6708391904830933
YPL048W,YBL027W,0,-0.09826304,0.11105214059352875,0.8254438042640686,0.6709393262863159
YHR050W,YOL123W,0,-0.09826478,0.11103741079568863,0.8254438042640686,0.6710394620895386
YIL177C,YGL136C,0,-0.098479725,0.11102268099784851,0.8254438042640686,0.6711395978927612
YOL130W,YNL092W,0,-0.098798454,0.11100795865058899,0.8254438042640686,0.6712397336959839
YJL143W,YDR177W,0,-0.098839454,0.11099323630332947,0.8254438042640686,0.6713398694992065
YIR023W,YFL038C,0,-0.09887092,0.11097852140665054,0.8254438042640686,0.6714400053024292
YMR012W,YBR171W,0,-0.09895542,0.11096380650997162,0.8254438042640686,0.6715401411056519
YIL094C,YPL068C,0,-0.098978564,0.11094909906387329,0.8254438042640686,0.6716402769088745
YOR371C,YJL091C,0,-0.09902057,0.11093439161777496,0.8254438042640686,0.6717404127120972
YBR087W,YER161C,0,-0.099050775,0.11091969162225723,0.8254438042640686,0.6718405485153198
YEL012W,YPL113C,0,-0.09906937,0.1109049990773201,0.8254438042640686,0.6719407439231873
YMR302C,YOL104C,0,-0.09907138,0.11089029908180237,0.8254438042640686,0.6720408797264099
YMR170C,YNL160W,0,-0.09915128,0.11087561398744583,0.8254438042640686,0.6721410155296326
YOR092W,YJL073W,0,-0.099182755,0.1108609288930893,0.8254438042640686,0.6722411513328552
YCL033C,YCR071C,0,-0.09918754,0.11084624379873276,0.8254438042640686,0.6723412871360779
YPL091W,YOR332W,0,-0.09937754,0.11083156615495682,0.8254438042640686,0.6724414229393005
YDL047W,YKR102W,0,-0.09938029,0.11081689596176147,0.8254438042640686,0.6725415587425232
YPR001W,YIL109C,0,-0.09942703,0.11080222576856613,0.8254438042640686,0.6726416945457458
YBR159W,YKL172W,0,-0.099446684,0.11078755557537079,0.8254438042640686,0.6727418303489685
YPR049C,YJR021C,0,-0.09949008,0.11077289283275604,0.8254438042640686,0.6728419661521912
YMR305C,YBL097W,0,-0.099583924,0.1107582375407219,0.8254438042640686,0.6729421019554138
YBR155W,YDL054C,0,-0.09989108,0.11074358224868774,0.8254438042640686,0.6730422377586365
YJL176C,YDL082W,0,-0.09992324,0.11072893440723419,0.8254438042640686,0.6731423735618591
YDL042C,YDR174W,0,-0.09997353,0.11071428656578064,0.8254438042640686,0.6732425689697266
YBR160W,YCR024C-A,0,-0.10001743,0.11069964617490768,0.8254438042640686,0.6733427047729492
YCL025C,YPL031C,0,-0.10007113,0.11068500578403473,0.8254438042640686,0.6734428405761719
YOR038C,YJL137C,0,-0.10008465,0.11067036539316177,0.8254438042640686,0.6735429763793945
YJL113W,YMR234W,1,-0.10012466,0.11078794300556183,0.8264299631118774,0.6735429763793945
YIR011C,YDL040C,0,-0.100269765,0.11077329516410828,0.8264299631118774,0.6736431121826172
YLR459W,YGR020C,0,-0.10033378,0.11075865477323532,0.8264299631118774,0.6737432479858398
YKL028W,YER045C,0,-0.10034884,0.11074402183294296,0.8264299631118774,0.6738433837890625
YPR096C,YFL050C,0,-0.100561574,0.1107293888926506,0.8264299631118774,0.6739435195922852
YMR098C,YER002W,0,-0.100783095,0.11071475595235825,0.8264299631118774,0.6740436553955078
YPL082C,YLR047C,0,-0.10081004,0.11070013046264648,0.8264299631118774,0.6741437911987305
YCR026C,YDR280W,1,-0.10094575,0.11081759631633759,0.827416181564331,0.6741437911987305
YOL108C,YML018C,0,-0.10097459,0.11080295592546463,0.827416181564331,0.6742439270019531
YPL249C,YJL129C,0,-0.10099308,0.11078833043575287,0.827416181564331,0.6743440628051758
YOR299W,YCL040W,0,-0.10121171,0.11077369749546051,0.827416181564331,0.6744441986083984
YPL065W,YER049W,0,-0.10123123,0.11075907945632935,0.827416181564331,0.6745443344116211
YPL050C,YPL266W,0,-0.101281784,0.11074445396661758,0.827416181564331,0.6746445298194885
YPL151C,YFL048C,0,-0.101284176,0.11072984337806702,0.827416181564331,0.6747446656227112
YPL111W,YLR300W,0,-0.10128963,0.11071522533893585,0.827416181564331,0.6748448014259338
YKR101W,YMR193W,0,-0.101330325,0.11070062220096588,0.827416181564331,0.6749449372291565
YFR021W,YHR164C,0,-0.101344995,0.11068601906299591,0.827416181564331,0.6750450730323792
YOL004W,YDR219C,0,-0.1015054,0.11067141592502594,0.827416181564331,0.6751452088356018
YKL100C,YLR238W,0,-0.101512834,0.11065682023763657,0.827416181564331,0.6752453446388245
YBL068W,YJR144W,0,-0.101519585,0.11064222455024719,0.827416181564331,0.6753454804420471
YGR203W,YHL016C,0,-0.10159792,0.11062763631343842,0.827416181564331,0.6754456162452698
YML091C,YAL021C,1,-0.10159794,0.1107448935508728,0.8284023404121399,0.6754456162452698
YOL013C,YER020W,0,-0.10161551,0.11073029041290283,0.8284023404121399,0.6755457520484924
YDR299W,YBR059C,0,-0.10180543,0.11071569472551346,0.8284023404121399,0.6756458878517151
YKL011C,YBL100W-B,1,-0.101829626,0.11083289235830307,0.8293885588645935,0.6756458878517151
YMR043W,YLR226W,0,-0.10186036,0.1108182892203331,0.8293885588645935,0.6757460236549377
YOL107W,YJR089W,0,-0.10228819,0.11080368608236313,0.8293885588645935,0.6758461594581604
YDR194C,YPL268W,0,-0.102305874,0.11078909039497375,0.8293885588645935,0.6759462952613831
YOL109W,YMR005W,0,-0.10232198,0.11077450215816498,0.8293885588645935,0.6760464906692505
YIL121W,YPL074W,0,-0.1023775,0.1107599139213562,0.8293885588645935,0.6761466264724731
YJL005W,YBR241C,0,-0.10244393,0.11074532568454742,0.8293885588645935,0.6762467622756958
YDL210W,YGL174W,0,-0.10251183,0.11073074489831924,0.8293885588645935,0.6763468980789185
YCR053W,YIL039W,0,-0.10261085,0.11071616411209106,0.8293885588645935,0.6764470338821411
YDR362C,YDL202W,0,-0.102691635,0.11070159077644348,0.8293885588645935,0.6765471696853638
YDR238C,YCR073C,0,-0.10275351,0.1106870248913765,0.8293885588645935,0.6766473054885864
YAL058W,YDL198C,0,-0.10284706,0.11067245900630951,0.8293885588645935,0.6767474412918091
YGL121C,YDR419W,0,-0.10294378,0.11065789312124252,0.8293885588645935,0.6768475770950317
YDL229W,YMR011W,0,-0.10304082,0.11064333468675613,0.8293885588645935,0.6769477128982544
YPL255W,YNL257C,0,-0.103198335,0.11062878370285034,0.8293885588645935,0.677047848701477
YOR349W,YJL200C,0,-0.10320173,0.11061423271894455,0.8293885588645935,0.6771479845046997
YDR013W,YGL077C,0,-0.10324236,0.11059968173503876,0.8293885588645935,0.6772481203079224
YMR285C,YIR015W,1,-0.10328627,0.11071663349866867,0.8303747773170471,0.6772481203079224
YLR203C,YNL152W,0,-0.1033043,0.11070207506418228,0.8303747773170471,0.6773483157157898
YBL088C,YIL006W,0,-0.103318565,0.11068752408027649,0.8303747773170471,0.6774484515190125
YOL148C,YFL062W,0,-0.10335094,0.1106729730963707,0.8303747773170471,0.6775485873222351
YOL158C,YMR099C,0,-0.10339762,0.1106584295630455,0.8303747773170471,0.6776487231254578
YPL218W,YKL180W,0,-0.1033984,0.1106438860297203,0.8303747773170471,0.6777488589286804
YPR081C,YGR026W,0,-0.10360128,0.11062934994697571,0.8303747773170471,0.6778489947319031
YPL256C,YGR090W,0,-0.10365504,0.1106148213148117,0.8303747773170471,0.6779491305351257
YER041W,YJR006W,1,-0.10367862,0.11073164641857147,0.831360936164856,0.6779491305351257
YDR456W,YLL028W,0,-0.103723094,0.11071710288524628,0.831360936164856,0.6780492663383484
YKR025W,YDL239C,0,-0.103784606,0.11070255935192108,0.831360936164856,0.678149402141571
YKL114C,YOR001W,1,-0.10379779,0.11081932485103607,0.8323471546173096,0.678149402141571
YLR283W,YOL017W,0,-0.103829585,0.11080478131771088,0.8323471546173096,0.6782495379447937
YOR151C,YER021W,0,-0.10392018,0.11079023033380508,0.8323471546173096,0.6783496737480164
YDR307W,YML010W,0,-0.10395264,0.11077569425106049,0.8323471546173096,0.678449809551239
YLR059C,YNL072W,1,-0.10396151,0.1108923852443695,0.8333333134651184,0.678449809551239
YOR321W,YHR034C,0,-0.10396655,0.11087783426046371,0.8333333134651184,0.6785499453544617
YIR034C,YLR151C,0,-0.103976004,0.11086329072713852,0.8333333134651184,0.6786500811576843
YGR106C,YJR147W,0,-0.10402572,0.11084874719381332,0.8333333134651184,0.6787502765655518
YLL040C,YOR070C,0,-0.10414987,0.11083421111106873,0.8333333134651184,0.6788504123687744
YKL120W,YDL225W,0,-0.104164876,0.11081967502832413,0.8333333134651184,0.6789505481719971
YJR103W,YKL013C,0,-0.104167566,0.11080513894557953,0.8333333134651184,0.6790506839752197
YNL306W,YLR318W,0,-0.10428472,0.11079061031341553,0.8333333134651184,0.6791508197784424
YBR110W,YGL100W,0,-0.1045046,0.11077608913183212,0.8333333134651184,0.679250955581665
YMR029C,YDR451C,0,-0.10466097,0.11076156795024872,0.8333333134651184,0.6793510913848877
YIR010W,YFL036W,0,-0.104731485,0.11074705421924591,0.8333333134651184,0.6794512271881104
YGR009C,YCL008C,0,-0.10483799,0.1107325404882431,0.8333333134651184,0.679551362991333
YOR378W,YCR073C,0,-0.104869686,0.1107180267572403,0.8333333134651184,0.6796514987945557
YFR004W,YKL135C,0,-0.10490376,0.11070352047681808,0.8333333134651184,0.6797516345977783
YGR189C,YLR206W,0,-0.10499249,0.11068902164697647,0.8333333134651184,0.679851770401001
YER086W,YKR087C,0,-0.105085075,0.11067452281713486,0.8333333134651184,0.6799519062042236
YFL001W,YPR194C,0,-0.10515169,0.11066003143787384,0.8333333134651184,0.6800521016120911
YHR129C,YJL100W,0,-0.10523632,0.11064554005861282,0.8333333134651184,0.6801522374153137
YGR148C,YAL014C,0,-0.10529764,0.1106310561299324,0.8333333134651184,0.6802523732185364
YIR039C,YPR111W,0,-0.10532713,0.11061657220125198,0.8333333134651184,0.680352509021759
YJR151C,YLR308W,0,-0.10534306,0.11060209572315216,0.8333333134651184,0.6804526448249817
YDL155W,YPL211W,0,-0.1053635,0.11058761924505234,0.8333333134651184,0.6805527806282043
YHR057C,YMR301C,0,-0.10538845,0.11057315021753311,0.8333333134651184,0.680652916431427
YJL178C,YNL125C,0,-0.10551573,0.11055868119001389,0.8333333134651184,0.6807530522346497
YLR154C,YDR386W,1,-0.10552344,0.11067503690719604,0.834319531917572,0.6807530522346497
YDR069C,YOL071W,0,-0.10553514,0.11066056042909622,0.834319531917572,0.6808531880378723
YER138C,YDR293C,1,-0.105729245,0.1107768788933754,0.8353056907653809,0.6808531880378723
YCL011C,YDR296W,0,-0.10578661,0.11076238751411438,0.8353056907653809,0.680953323841095
YHR206W,YEL002C,0,-0.105822705,0.11074791103601456,0.8353056907653809,0.6810534596443176
YBR044C,YGR215W,0,-0.105828926,0.11073342710733414,0.8353056907653809,0.6811535954475403
YPR198W,YAL031C,0,-0.10584565,0.11071895062923431,0.8353056907653809,0.6812537312507629
YPR075C,YJL011C,0,-0.10599535,0.11070448160171509,0.8353056907653809,0.6813538670539856
YOL091W,YNL202W,0,-0.10614028,0.11069001257419586,0.8353056907653809,0.681454062461853
YJR043C,YOR099W,0,-0.10627389,0.11067555099725723,0.8353056907653809,0.6815541982650757
YBR290W,YLR034C,0,-0.106309906,0.1106610894203186,0.8353056907653809,0.6816543340682983
YLR362W,YPL087W,0,-0.106375605,0.11064663529396057,0.8353056907653809,0.681754469871521
YLR394W,YDL150W,0,-0.106385455,0.11063218116760254,0.8353056907653809,0.6818546056747437
YBR160W,YDR130C,0,-0.106420405,0.1106177344918251,0.8353056907653809,0.6819547414779663
YOL040C,YKL212W,0,-0.106439605,0.11060328781604767,0.8353056907653809,0.682054877281189
YDR158W,YML030W,0,-0.10645334,0.11058884859085083,0.8353056907653809,0.6821550130844116
YIL044C,YFL033C,0,-0.10661951,0.11057440936565399,0.8353056907653809,0.6822551488876343
YCL008C,YMR113W,0,-0.10662462,0.11055997759103775,0.8353056907653809,0.6823552846908569
YDR364C,YKL137W,0,-0.106752485,0.11054554581642151,0.8353056907653809,0.6824554204940796
YLR398C,YDL215C,0,-0.10676598,0.11053112149238586,0.8353056907653809,0.6825555562973022
YLR421C,YNL236W,0,-0.10678758,0.11051670461893082,0.8353056907653809,0.6826556921005249
YMR094W,YCR092C,0,-0.10684909,0.11050228029489517,0.8353056907653809,0.6827558875083923
YKR054C,YGL089C,0,-0.10694112,0.11048787087202072,0.8353056907653809,0.682856023311615
YGL254W,YCR069W,0,-0.10701671,0.11047345399856567,0.8353056907653809,0.6829561591148376
YKL164C,YOR212W,0,-0.10702496,0.11045905202627182,0.8353056907653809,0.6830562949180603
YER003C,YMR023C,0,-0.10712933,0.11044465005397797,0.8353056907653809,0.683156430721283
YIL006W,YPL002C,0,-0.107211865,0.11043024808168411,0.8353056907653809,0.6832565665245056
YDR210W,YLR410W,0,-0.10724257,0.11041585355997086,0.8353056907653809,0.6833567023277283
YKL027W,YHR018C,0,-0.10725619,0.1104014590382576,0.8353056907653809,0.6834568381309509
YLR406C,YLL022C,0,-0.107323274,0.11038707196712494,0.8353056907653809,0.6835569739341736
YLR057W,YKL025C,0,-0.10744066,0.11037268489599228,0.8353056907653809,0.6836571097373962
YIL138C,YDR043C,0,-0.1075198,0.11035830527544022,0.8353056907653809,0.6837572455406189
YPR065W,YFL018C,0,-0.107587844,0.11034392565488815,0.8353056907653809,0.6838573813438416
YMR267W,YDR031W,0,-0.10764013,0.11032955348491669,0.8353056907653809,0.6839575171470642
YMR180C,YOR017W,0,-0.10764148,0.11031518876552582,0.8353056907653809,0.6840576529502869
YNL248C,YKR022C,0,-0.1077186,0.11030082404613495,0.8353056907653809,0.6841578483581543
YER122C,YER119C,0,-0.10789848,0.11028645932674408,0.8353056907653809,0.684257984161377
YMR218C,YBR236C,0,-0.107920885,0.11027210205793381,0.8353056907653809,0.6843581199645996
YGL168W,YIL140W,0,-0.10795114,0.11025774478912354,0.8353056907653809,0.6844582557678223
YKL067W,YNL039W,0,-0.1079566,0.11024339497089386,0.8353056907653809,0.6845583915710449
YPR165W,YKL172W,0,-0.10804275,0.11022904515266418,0.8353056907653809,0.6846585273742676
YOR288C,YPR149W,0,-0.10805482,0.1102147027850151,0.8353056907653809,0.6847586631774902
YDR247W,YHR207C,0,-0.108128816,0.11020036786794662,0.8353056907653809,0.6848587989807129
YBL021C,YCR060W,0,-0.10820473,0.11018602550029755,0.8353056907653809,0.6849589347839355
YCR060W,YGR012W,0,-0.10829148,0.11017169803380966,0.8353056907653809,0.6850590705871582
YGL094C,YJR151C,0,-0.10861507,0.11015737056732178,0.8353056907653809,0.6851592063903809
YLR074C,YJR149W,0,-0.10864864,0.11014304310083389,0.8353056907653809,0.6852593421936035
YKR103W,YOR324C,0,-0.108649746,0.1101287230849266,0.8353056907653809,0.6853594779968262
YLR143W,YLR105C,1,-0.10877577,0.11024440824985504,0.8362919092178345,0.6853594779968262
YGL173C,YLR107W,1,-0.108904235,0.11036007106304169,0.8372781276702881,0.6853594779968262
YKL015W,YGR090W,0,-0.10895604,0.11034572124481201,0.8372781276702881,0.6854596138000488
YCL033C,YMR297W,0,-0.1089991,0.11033138632774353,0.8372781276702881,0.6855598092079163
YPL020C,YJR110W,0,-0.10901074,0.11031705141067505,0.8372781276702881,0.6856599450111389
YHR124W,YHR216W,0,-0.1091133,0.11030271649360657,0.8372781276702881,0.6857600808143616
YGR063C,YMR179W,0,-0.10911507,0.11028838902711868,0.8372781276702881,0.6858602166175842
YPL242C,YNL009W,0,-0.10924703,0.1102740615606308,0.8372781276702881,0.6859603524208069
YOR355W,YOL064C,0,-0.10950369,0.11025974154472351,0.8372781276702881,0.6860604882240295
YER144C,YPR183W,0,-0.10957344,0.11024542152881622,0.8372781276702881,0.6861606240272522
YMR146C,YAR015W,0,-0.10960349,0.11023110896348953,0.8372781276702881,0.6862607598304749
YPL256C,YPL127C,0,-0.10961462,0.11021679639816284,0.8372781276702881,0.6863608956336975
YGR271W,YDR362C,0,-0.10976483,0.11020249128341675,0.8372781276702881,0.6864610314369202
YPL252C,YDR253C,0,-0.10982713,0.11018818616867065,0.8372781276702881,0.6865611672401428
YNL070W,YDR147W,0,-0.10988687,0.11017388850450516,0.8372781276702881,0.6866613030433655
YGR072W,YPL128C,0,-0.10997024,0.11015959829092026,0.8372781276702881,0.6867614388465881
YKL175W,YJL029C,0,-0.109987885,0.11014530062675476,0.8372781276702881,0.6868616342544556
YOR239W,YMR142C,0,-0.11002472,0.11013101786375046,0.8372781276702881,0.6869617700576782
YIL088C,YCR002C,0,-0.11006826,0.11011673510074615,0.8372781276702881,0.6870619058609009
YGL054C,YCR067C,0,-0.110126115,0.11010245233774185,0.8372781276702881,0.6871620416641235
YIL067C,YFR036W,0,-0.11012828,0.11008817702531815,0.8372781276702881,0.6872621774673462
YGL183C,YIR025W,0,-0.11019929,0.11007390171289444,0.8372781276702881,0.6873623132705688
YCR010C,YLR130C,0,-0.11033685,0.11005963385105133,0.8372781276702881,0.6874624490737915
YMR250W,YBR247C,0,-0.11034412,0.11004536598920822,0.8372781276702881,0.6875625848770142
YDL156W,YPL113C,0,-0.11034629,0.11003110557794571,0.8372781276702881,0.6876627206802368
YJL160C,YDR221W,0,-0.11038333,0.1100168451666832,0.8372781276702881,0.6877628564834595
YCR067C,YHR018C,0,-0.11039959,0.11000259220600128,0.8372781276702881,0.6878629922866821
YNR031C,YML018C,0,-0.11052734,0.10998833924531937,0.8372781276702881,0.6879631280899048
YBR245C,YIL135C,0,-0.11053942,0.10997409373521805,0.8372781276702881,0.6880632638931274
YPL212C,YFL029C,0,-0.11062841,0.10995984822511673,0.8372781276702881,0.6881633996963501
YER006W,YOR208W,0,-0.11063947,0.10994561016559601,0.8372781276702881,0.6882635951042175
YFL045C,YDR341C,0,-0.11070347,0.10993137210607529,0.8372781276702881,0.6883637309074402
YHR207C,YML130C,0,-0.1107396,0.10991714149713516,0.8372781276702881,0.6884638667106628
YOR275C,YMR314W,0,-0.11077165,0.10990291088819504,0.8372781276702881,0.6885640025138855
YOR038C,YIL066C,0,-0.11088929,0.10988868772983551,0.8372781276702881,0.6886641383171082
YBR055C,YDL140C,0,-0.11091577,0.10987446457147598,0.8372781276702881,0.6887642741203308
YDR247W,YLR066W,0,-0.1109634,0.10986024886369705,0.8372781276702881,0.6888644099235535
YKR030W,YGL155W,0,-0.1112943,0.10984603315591812,0.8372781276702881,0.6889645457267761
YPR021C,YNL044W,0,-0.11135851,0.10983182489871979,0.8372781276702881,0.6890646815299988
YER065C,YHR076W,0,-0.11150551,0.10981761664152145,0.8372781276702881,0.6891648173332214
YBR110W,YGL001C,0,-0.11159714,0.10980341583490372,0.8372781276702881,0.6892649531364441
YCL074W,YOL115W,0,-0.11160265,0.10978921502828598,0.8372781276702881,0.6893650889396667
YNL250W,YGR095C,1,-0.11172131,0.10990431904792786,0.8382642865180969,0.6893650889396667
YPR001W,YBR215W,0,-0.111739315,0.10989011079072952,0.8382642865180969,0.6894652247428894
YGL207W,YDR478W,0,-0.111801,0.10987590253353119,0.8382642865180969,0.6895654201507568
YGR172C,YIL122W,0,-0.11187386,0.10986170172691345,0.8382642865180969,0.6896655559539795
YMR054W,YDL126C,0,-0.111909226,0.10984750837087631,0.8382642865180969,0.6897656917572021
YBR010W,YBR006W,0,-0.11192025,0.10983331501483917,0.8382642865180969,0.6898658275604248
YNR027W,YKL173W,0,-0.111960515,0.10981912165880203,0.8382642865180969,0.6899659633636475
YHR152W,YAR035W,0,-0.11196792,0.10980493575334549,0.8382642865180969,0.6900660991668701
YML038C,YKR097W,0,-0.11216273,0.10979074984788895,0.8382642865180969,0.6901662349700928
YPR061C,YJL041W,0,-0.11220886,0.109776571393013,0.8382642865180969,0.6902663707733154
YNL279W,YGL147C,0,-0.112346604,0.10976240038871765,0.8382642865180969,0.6903665065765381
YBR141C,YHR047C,0,-0.1123645,0.1097482219338417,0.8382642865180969,0.6904666423797607
YNL186W,YOL077C,0,-0.11236709,0.10973405838012695,0.8382642865180969,0.6905667781829834
YGL038C,YNL273W,0,-0.11255376,0.1097198948264122,0.8382642865180969,0.690666913986206
YDR465C,YML039W,0,-0.11261007,0.10970573127269745,0.8382642865180969,0.6907670497894287
YHR214C-B,YMR262W,1,-0.11263101,0.10982061922550201,0.8392505049705505,0.6907670497894287
YMR180C,YPR167C,0,-0.11263707,0.10980644822120667,0.8392505049705505,0.6908671855926514
YCR054C,YGL020C,0,-0.11264008,0.10979228466749191,0.8392505049705505,0.6909673810005188
YHR019C,YDR388W,0,-0.112646066,0.10977812111377716,0.8392505049705505,0.6910675168037415
YDR499W,YMR216C,0,-0.112691395,0.109763965010643,0.8392505049705505,0.6911676526069641
YJL209W,YFL038C,0,-0.11285825,0.10974980890750885,0.8392505049705505,0.6912677884101868
YNR001C,YOR128C,0,-0.112920254,0.1097356528043747,0.8392505049705505,0.6913679242134094
YNR056C,YPR156C,0,-0.11293711,0.10972150415182114,0.8392505049705505,0.6914680600166321
YPL065W,YOL155C,0,-0.11295009,0.10970736294984818,0.8392505049705505,0.6915681958198547
YMR143W,YLR291C,0,-0.11295713,0.10969322174787521,0.8392505049705505,0.6916683316230774
YOR188W,YBR041W,0,-0.11305465,0.10967908054590225,0.8392505049705505,0.6917684674263
YML112W,YJL066C,0,-0.11315365,0.10966494679450989,0.8392505049705505,0.6918686032295227
YGR095C,YLR174W,0,-0.11317807,0.10965082049369812,0.8392505049705505,0.6919687390327454
YNR069C,YOR122C,0,-0.11324062,0.10963669419288635,0.8392505049705505,0.692068874835968
YDL111C,YGR195W,1,-0.11326817,0.1097513884305954,0.8402366638183594,0.692068874835968
YDL043C,YML131W,0,-0.11332886,0.10973724722862244,0.8402366638183594,0.6921690106391907
YMR136W,YJL066C,0,-0.11349339,0.10972311347723007,0.8402366638183594,0.6922692060470581
YGR282C,YGL174W,0,-0.1134968,0.1097089871764183,0.8402366638183594,0.6923693418502808
YBR286W,YPR166C,0,-0.113561,0.10969486087560654,0.8402366638183594,0.6924694776535034
YIL128W,YKL137W,0,-0.11365402,0.10968074202537537,0.8402366638183594,0.6925696134567261
YIL067C,YDL142C,0,-0.11372106,0.1096666231751442,0.8402366638183594,0.6926697492599487
YPR033C,YHR115C,0,-0.113757595,0.10965251177549362,0.8402366638183594,0.6927698850631714
YMR169C,YDR405W,0,-0.11387239,0.10963840037584305,0.8402366638183594,0.692870020866394
YDR332W,YEL041W,0,-0.1139528,0.10962428897619247,0.8402366638183594,0.6929701566696167
YKL003C,YFL050C,0,-0.11395952,0.1096101924777031,0.8402366638183594,0.6930702924728394
YPL083C,YIL074C,0,-0.11430356,0.10959608852863312,0.8402366638183594,0.693170428276062
YDL052C,YDL061C,0,-0.114317775,0.10958199203014374,0.8402366638183594,0.6932705640792847
YML032C,YER118C,0,-0.114466175,0.10956790298223495,0.8402366638183594,0.6933706998825073
YDL029W,YOL075C,0,-0.11455563,0.10955381393432617,0.8402366638183594,0.69347083568573
YOL070C,YPR094W,0,-0.11463672,0.10953972488641739,0.8402366638183594,0.6935709714889526
YGR276C,YHL022C,1,-0.11465661,0.10965419560670853,0.841222882270813,0.6935709714889526
YDR036C,YDR456W,0,-0.114888005,0.10964009910821915,0.841222882270813,0.6936711668968201
YLR188W,YDL021W,0,-0.11497472,0.10962601006031036,0.841222882270813,0.6937713027000427
YJL030W,YDR225W,0,-0.115024045,0.10961192846298218,0.841222882270813,0.6938714385032654
YEL063C,YDR378C,0,-0.11512423,0.1095978394150734,0.841222882270813,0.693971574306488
YMR104C,YGL083W,0,-0.11518882,0.1095837652683258,0.841222882270813,0.6940717101097107
YBL005W-B,YOL129W,0,-0.115309834,0.10956968367099762,0.841222882270813,0.6941718459129333
YNL129W,YDR408C,0,-0.11533873,0.10955560952425003,0.841222882270813,0.694271981716156
YER087C-A,YMR161W,0,-0.11562081,0.10954154282808304,0.841222882270813,0.6943721175193787
YGR185C,YCR096C,0,-0.115784094,0.10952747613191605,0.841222882270813,0.6944722533226013
YDL010W,YNL079C,0,-0.11578624,0.10951341688632965,0.841222882270813,0.694572389125824
YER157W,YPR156C,0,-0.11578669,0.10949935764074326,0.841222882270813,0.6946725249290466
YML077W,YJL117W,0,-0.11580793,0.10948530584573746,0.841222882270813,0.6947726607322693
YML032C,YPL177C,0,-0.11586574,0.10947125405073166,0.841222882270813,0.6948727965354919
YNL289W,YDR451C,0,-0.11588264,0.10945720225572586,0.841222882270813,0.6949729919433594
YNL163C,YOR351C,0,-0.11618921,0.10944315791130066,0.841222882270813,0.695073127746582
YOL158C,YJL115W,0,-0.116259545,0.10942912101745605,0.841222882270813,0.6951732635498047
YOL062C,YGR154C,0,-0.11631568,0.10941508412361145,0.841222882270813,0.6952733993530273
YKL027W,YDR222W,0,-0.116321325,0.10940105468034744,0.841222882270813,0.69537353515625
YDR074W,YML132W,0,-0.11632156,0.10938702523708344,0.841222882270813,0.6954736709594727
YGR216C,YOR130C,0,-0.11636739,0.10937299579381943,0.841222882270813,0.6955738067626953
YGR002C,YLR050C,0,-0.11638106,0.10935897380113602,0.841222882270813,0.695673942565918
YHR066W,YOL111C,0,-0.11638531,0.1093449592590332,0.841222882270813,0.6957740783691406
YOR298W,YGR012W,0,-0.116394535,0.10933093726634979,0.841222882270813,0.6958742141723633
YNL275W,YPL002C,0,-0.116410434,0.10931693017482758,0.841222882270813,0.6959743499755859
YHR084W,YOR020C,0,-0.116468795,0.10930292308330536,0.841222882270813,0.6960744857788086
YNR017W,YJR159W,0,-0.1165142,0.10928891599178314,0.841222882270813,0.6961746215820312
YGL206C,YDL165W,0,-0.11656681,0.10927491635084152,0.841222882270813,0.6962747573852539
YMR168C,YNL148C,0,-0.11657226,0.1092609167098999,0.841222882270813,0.6963749527931213
YDR210W,YJL019W,0,-0.11661548,0.10924692451953888,0.841222882270813,0.696475088596344
YBR014C,YBL010C,0,-0.11665687,0.10923293977975845,0.841222882270813,0.6965752243995667
YBR044C,YOR145C,0,-0.116698146,0.10921894758939743,0.841222882270813,0.6966753602027893
YCR094W,YMR025W,0,-0.11678147,0.1092049703001976,0.841222882270813,0.696775496006012
YCR003W,YHR216W,0,-0.116796196,0.10919098556041718,0.841222882270813,0.6968756318092346
YLL055W,YOR290C,0,-0.11685204,0.10917701572179794,0.841222882270813,0.6969757676124573
YBR057C,YJL011C,0,-0.116891146,0.10916303843259811,0.841222882270813,0.6970759034156799
YBR012W-A,YBR276C,0,-0.11691042,0.10914906859397888,0.841222882270813,0.6971760392189026
YHR207C,YHR003C,0,-0.11703323,0.10913510620594025,0.841222882270813,0.6972761750221252
YGL120C,YLR340W,0,-0.11705603,0.10912114381790161,0.841222882270813,0.6973763108253479
YKL011C,YPL074W,0,-0.11708391,0.10910718888044357,0.841222882270813,0.6974764466285706
YLR446W,YNL154C,0,-0.117152095,0.10909323394298553,0.841222882270813,0.6975765824317932
YOL054W,YDR540C,0,-0.117463514,0.1090792864561081,0.841222882270813,0.6976767182350159
YPR075C,YKL165C,0,-0.11751592,0.10906533896923065,0.841222882270813,0.6977769136428833
YGR280C,YPL139C,0,-0.11756849,0.10905139148235321,0.841222882270813,0.697877049446106
YHR211W,YNL016W,0,-0.11757025,0.10903745144605637,0.841222882270813,0.6979771852493286
YDR298C,YGR049W,0,-0.11776607,0.10902351886034012,0.841222882270813,0.6980773210525513
YJL207C,YIR036C,0,-0.11785428,0.10900958627462387,0.841222882270813,0.6981774568557739
YAL038W,YPL037C,0,-0.118024416,0.10899565368890762,0.841222882270813,0.6982775926589966
YNL306W,YKR056W,0,-0.11805064,0.10898172855377197,0.841222882270813,0.6983777284622192
YMR244C-A,YOR234C,0,-0.118058346,0.10896781086921692,0.841222882270813,0.6984778642654419
YKR094C,YPR041W,0,-0.1180695,0.10895388573408127,0.841222882270813,0.6985780000686646
YMR297W,YBR160W,0,-0.11813414,0.10893997550010681,0.841222882270813,0.6986781358718872
YLL004W,YJL005W,0,-0.11836572,0.10892606526613235,0.841222882270813,0.6987782716751099
YDR060W,YLR378C,0,-0.11854532,0.1089121550321579,0.841222882270813,0.6988784074783325
YGL095C,YHL001W,0,-0.11856981,0.10889825224876404,0.841222882270813,0.6989785432815552
YAR009C,YNR052C,1,-0.11864131,0.10901200026273727,0.8422091007232666,0.6989785432815552
YGL212W,YDR101C,0,-0.11869995,0.10899808257818222,0.8422091007232666,0.6990787386894226
YKL193C,YPR135W,0,-0.11883842,0.10898417234420776,0.8422091007232666,0.6991788744926453
YGL017W,YLR251W,0,-0.11889322,0.1089702695608139,0.8422091007232666,0.6992790102958679
YLR186W,YBR052C,0,-0.11894724,0.10895636677742004,0.8422091007232666,0.6993791460990906
YNL053W,YKL024C,0,-0.118986994,0.10894246399402618,0.8422091007232666,0.6994792819023132
YGR274C,YCL011C,0,-0.1190395,0.10892856866121292,0.8422091007232666,0.6995794177055359
YJR112W,YDR529C,0,-0.11913787,0.10891468077898026,0.8422091007232666,0.6996795535087585
YNL316C,YEL036C,0,-0.11917116,0.10890079289674759,0.8422091007232666,0.6997796893119812
YKR102W,YGL062W,0,-0.11921906,0.10888690501451492,0.8422091007232666,0.6998798251152039
YNL292W,YLR355C,0,-0.11928349,0.10887302458286285,0.8422091007232666,0.6999799609184265
YDR056C,YMR086W,0,-0.119549975,0.10885914415121078,0.8422091007232666,0.7000800967216492
YLL013C,YML064C,0,-0.119693324,0.10884527117013931,0.8422091007232666,0.7001802325248718
YGR144W,YNR006W,0,-0.119833775,0.10883139818906784,0.8422091007232666,0.7002803683280945
YNL122C,YFL034C-A,0,-0.119906515,0.10881753265857697,0.8422091007232666,0.7003805041313171
YPL047W,YLR268W,0,-0.11996482,0.10880366712808609,0.8422091007232666,0.7004806995391846
YLR373C,YJL159W,0,-0.12002916,0.10878980904817581,0.8422091007232666,0.7005808353424072
YCL074W,YOL142W,1,-0.120045364,0.10890332609415054,0.8431952595710754,0.7005808353424072
YKR104W,YNR036C,0,-0.12019106,0.10888945311307907,0.8431952595710754,0.7006809711456299
YPR163C,YCR017C,0,-0.12020424,0.1088755875825882,0.8431952595710754,0.7007811069488525
YER065C,YBL010C,0,-0.12035305,0.10886172950267792,0.8431952595710754,0.7008812427520752
YBL060W,YDR296W,0,-0.120388456,0.10884786397218704,0.8431952595710754,0.7009813785552979
YOL082W,YJR028W,0,-0.120425954,0.10883401334285736,0.8431952595710754,0.7010815143585205
YPL112C,YOR292C,0,-0.12047143,0.10882016271352768,0.8431952595710754,0.7011816501617432
YDR123C,YJL005W,0,-0.12047219,0.108806312084198,0.8431952595710754,0.7012817859649658
YOR386W,YOL147C,0,-0.12058788,0.10879246890544891,0.8431952595710754,0.7013819217681885
YJL104W,YLR447C,0,-0.120654315,0.10877862572669983,0.8431952595710754,0.7014820575714111
YBR235W,YJL165C,0,-0.120674,0.10876478999853134,0.8431952595710754,0.7015821933746338
YMR104C,YML065W,0,-0.12068915,0.10875095427036285,0.8431952595710754,0.7016823291778564
YOL138C,YKL025C,0,-0.12071825,0.10873712599277496,0.8431952595710754,0.7017825245857239
YJL051W,YBR185C,0,-0.120784596,0.10872329771518707,0.8431952595710754,0.7018826603889465
YER110C,YKL024C,0,-0.12090826,0.10870946943759918,0.8431952595710754,0.7019827961921692
YPR060C,YDR383C,0,-0.121004,0.10869564861059189,0.8431952595710754,0.7020829319953918
YPL023C,YEL012W,0,-0.12101676,0.10868183523416519,0.8431952595710754,0.7021830677986145
YHR175W,YMR049C,0,-0.121050194,0.1086680218577385,0.8431952595710754,0.7022832036018372
YER113C,YGR287C,0,-0.121117085,0.1086542159318924,0.8431952595710754,0.7023833394050598
YOL137W,YDL010W,0,-0.1211295,0.1086404100060463,0.8431952595710754,0.7024834752082825
YBR271W,YLR289W,0,-0.121257134,0.1086266040802002,0.8431952595710754,0.7025836110115051
YDR373W,YJL213W,0,-0.12128262,0.10861280560493469,0.8431952595710754,0.7026837468147278
YJL071W,YHL044W,0,-0.121337585,0.10859900712966919,0.8431952595710754,0.7027838826179504
YLR440C,YER070W,0,-0.12137103,0.10858521610498428,0.8431952595710754,0.7028840184211731
YER169W,YDL205C,0,-0.121418305,0.10857142508029938,0.8431952595710754,0.7029841542243958
YKL046C,YMR087W,0,-0.12155858,0.10855764150619507,0.8431952595710754,0.7030842900276184
YHR013C,YJR161C,0,-0.121812165,0.10854386538267136,0.8431952595710754,0.7031844854354858
YMR054W,YMR218C,0,-0.12182519,0.10853008180856705,0.8431952595710754,0.7032846212387085
YNR049C,YPL032C,0,-0.12202449,0.10851630568504333,0.8431952595710754,0.7033847570419312
YCL025C,YLR414C,0,-0.122057736,0.10850253701210022,0.8431952595710754,0.7034848928451538
YGL184C,YHL020C,0,-0.122059196,0.1084887683391571,0.8431952595710754,0.7035850286483765
YHR032W,YOR124C,0,-0.122059934,0.10847500711679459,0.8431952595710754,0.7036851644515991
YLR097C,YML125C,0,-0.12212417,0.10846124589443207,0.8431952595710754,0.7037853002548218
YPL022W,YPL083C,1,-0.12212758,0.10857433080673218,0.844181478023529,0.7037853002548218
YFR018C,YDR177W,0,-0.12216917,0.10856055468320847,0.844181478023529,0.7038854360580444
YDR139C,YOL155C,0,-0.122202195,0.10854679346084595,0.844181478023529,0.7039855718612671
YOR284W,YNR073C,0,-0.12221944,0.10853303223848343,0.844181478023529,0.7040857076644897
YBL017C,YKR101W,0,-0.12223463,0.10851927101612091,0.844181478023529,0.7041858434677124
YMR093W,YIL002C,0,-0.12223689,0.10850551724433899,0.844181478023529,0.7042859792709351
YHR058C,YOR233W,0,-0.12235063,0.10849176347255707,0.844181478023529,0.7043861150741577
YAL015C,YBR167C,1,-0.12238493,0.10860473662614822,0.8451676368713379,0.7043861150741577
YLR103C,YNR041C,0,-0.122387946,0.1085909754037857,0.8451676368713379,0.7044863104820251
YCL055W,YLR117C,0,-0.12251253,0.10857722163200378,0.8451676368713379,0.7045864462852478
YMR097C,YGR166W,0,-0.12251622,0.10856346786022186,0.8451676368713379,0.7046865820884705
YJL095W,YKL089W,0,-0.1225248,0.10854971408843994,0.8451676368713379,0.7047867178916931
YKR024C,YEL052W,0,-0.12254954,0.10853596776723862,0.8451676368713379,0.7048868536949158
YGR258C,YAL015C,1,-0.122835755,0.10864885151386261,0.8461538553237915,0.7048868536949158
YJR010W,YMR256C,0,-0.12305911,0.10863509774208069,0.8461538553237915,0.7049869894981384
YPL123C,YIL082W-A,1,-0.123109005,0.1087479442358017,0.8471400141716003,0.7049869894981384
YIL117C,YPL028W,0,-0.12313648,0.10873417556285858,0.8471400141716003,0.7050871253013611
YJR113C,YBL005W-A,0,-0.12318541,0.10872041434049606,0.8471400141716003,0.7051872611045837
YIL073C,YNL327W,0,-0.12320061,0.10870665311813354,0.8471400141716003,0.7052873969078064
YPL249C,YJR022W,0,-0.12339729,0.10869289934635162,0.8471400141716003,0.705387532711029
YFR045W,YBR221C,0,-0.123482294,0.1086791530251503,0.8471400141716003,0.7054876685142517
YKR036C,YJL014W,0,-0.12348427,0.10866539925336838,0.8471400141716003,0.7055878043174744
YJL140W,YFL066C,0,-0.123654455,0.10865166038274765,0.8471400141716003,0.705687940120697
YPL046C,YHR156C,0,-0.123730674,0.10863791406154633,0.8471400141716003,0.7057880759239197
YGL153W,YPR108W,0,-0.123811886,0.1086241751909256,0.8471400141716003,0.7058882713317871
YNL125C,YLR228C,0,-0.123874046,0.10861044377088547,0.8471400141716003,0.7059884071350098
YDR101C,YNL290W,0,-0.12391538,0.10859671235084534,0.8471400141716003,0.7060885429382324
YMR117C,YJL156C,0,-0.12398799,0.1085829883813858,0.8471400141716003,0.7061886787414551
YOR127W,YLR080W,0,-0.12403405,0.10856926441192627,0.8471400141716003,0.7062888145446777
YGR200C,YDR093W,0,-0.12424789,0.10855554044246674,0.8471400141716003,0.7063889503479004
YER054C,YML007W,0,-0.12429693,0.1085418239235878,0.8471400141716003,0.706489086151123
YIR010W,YOR022C,0,-0.124313556,0.10852811485528946,0.8471400141716003,0.7065892219543457
YER174C,YCL031C,0,-0.12432009,0.10851439833641052,0.8471400141716003,0.7066893577575684
YPL059W,YGL136C,0,-0.12434957,0.10850069671869278,0.8471400141716003,0.706789493560791
YIL027C,YPL204W,0,-0.124353476,0.10848699510097504,0.8471400141716003,0.7068896293640137
YLR172C,YDL166C,0,-0.12436702,0.1084732934832573,0.8471400141716003,0.7069897651672363
YDR046C,YKL222C,0,-0.12453065,0.10845959931612015,0.8471400141716003,0.707089900970459
YBR155W,YDL204W,0,-0.12453672,0.108445905148983,0.8471400141716003,0.7071900367736816
YDR487C,YKR038C,0,-0.12454021,0.10843221098184586,0.8471400141716003,0.7072902321815491
YER170W,YER029C,0,-0.124616675,0.1084185317158699,0.8471400141716003,0.7073903679847717
YMR058W,YML110C,0,-0.12466078,0.10840484499931335,0.8471400141716003,0.7074905037879944
YDR503C,YNL122C,0,-0.12468359,0.1083911657333374,0.8471400141716003,0.707590639591217
YLR228C,YOR230W,0,-0.124740705,0.10837749391794205,0.8471400141716003,0.7076907753944397
YKL176C,YNL151C,0,-0.124754295,0.10836382210254669,0.8471400141716003,0.7077909111976624
YPL106C,YHR124W,0,-0.1247699,0.10835015028715134,0.8471400141716003,0.707891047000885
YDR062W,YOR140W,0,-0.12487183,0.10833648592233658,0.8471400141716003,0.7079911828041077
YMR297W,YDR141C,0,-0.12488417,0.10832282155752182,0.8471400141716003,0.7080913186073303
YJL034W,YKL094W,0,-0.12488811,0.10830916464328766,0.8471400141716003,0.708191454410553
YOL151W,YGL158W,0,-0.12494094,0.1082955151796341,0.8471400141716003,0.7082915902137756
YKL189W,YML010W,0,-0.12496236,0.10828185826539993,0.8471400141716003,0.7083917260169983
YHR060W,YDR120C,0,-0.12499645,0.10826821625232697,0.8471400141716003,0.708491861820221
YMR272C,YLR405W,0,-0.12499663,0.1082545667886734,0.8471400141716003,0.7085920572280884
YDR084C,YBL098W,0,-0.12503596,0.10824092477560043,0.8471400141716003,0.708692193031311
YCL045C,YDR501W,0,-0.12512378,0.10822729021310806,0.8471400141716003,0.7087923288345337
YOR284W,YDR062W,0,-0.12523101,0.10821365565061569,0.8471400141716003,0.7088924646377563
YLR172C,YMR121C,0,-0.1253119,0.10820002853870392,0.8471400141716003,0.708992600440979
YBL018C,YHR164C,1,-0.12533885,0.10831234604120255,0.848126232624054,0.708992600440979
YER106W,YPL033C,0,-0.1253944,0.10829870402812958,0.848126232624054,0.7090927362442017
YCL057W,YML128C,0,-0.12539914,0.10828506946563721,0.848126232624054,0.7091928720474243
YPR194C,YHR050W,0,-0.12540926,0.10827143490314484,0.848126232624054,0.709293007850647
YOR389W,YER146W,0,-0.1255781,0.10825780779123306,0.848126232624054,0.7093931436538696
YMR305C,YOL086C,0,-0.12558913,0.10824418067932129,0.848126232624054,0.7094932794570923
YDR156W,YMR228W,0,-0.12568599,0.10823055356740952,0.848126232624054,0.7095934152603149
YDR368W,YGR277C,0,-0.1258791,0.10821693390607834,0.848126232624054,0.7096935510635376
YOR077W,YDR341C,0,-0.12616128,0.10820332169532776,0.848126232624054,0.7097936868667603
YML078W,YHR050W,0,-0.12626384,0.10818970948457718,0.848126232624054,0.7098938226699829
YNL090W,YPR031W,0,-0.12637593,0.1081760972738266,0.848126232624054,0.7099940180778503
YLR098C,YGR288W,0,-0.12639473,0.10816249251365662,0.848126232624054,0.710094153881073
YGL019W,YKR094C,0,-0.1264287,0.10814889520406723,0.848126232624054,0.7101942896842957
YMR203W,YGL090W,0,-0.12645485,0.10813529789447784,0.848126232624054,0.7102944254875183
YNL325C,YOR141C,0,-0.1265744,0.10812170058488846,0.848126232624054,0.710394561290741
YEL077C,YFL001W,0,-0.12660633,0.10810811072587967,0.848126232624054,0.7104946970939636
YOL111C,YOR125C,0,-0.1266871,0.10809452086687088,0.848126232624054,0.7105948328971863
YGR008C,YMR240C,0,-0.12670973,0.10808093845844269,0.848126232624054,0.7106949687004089
YHR147C,YBR253W,0,-0.12671937,0.1080673560500145,0.848126232624054,0.7107951045036316
YMR128W,YMR114C,0,-0.12683344,0.1080537736415863,0.848126232624054,0.7108952403068542
YDR368W,YPL123C,0,-0.12691802,0.10804019868373871,0.848126232624054,0.7109953761100769
YCR093W,YLR151C,0,-0.12695254,0.10802663117647171,0.848126232624054,0.7110955119132996
YPL101W,YDR017C,0,-0.12695451,0.10801306366920471,0.848126232624054,0.7111956477165222
YAL058W,YPL153C,0,-0.12698616,0.10799949616193771,0.848126232624054,0.7112958431243896
YDL055C,YJR147W,0,-0.12699133,0.10798593610525131,0.848126232624054,0.7113959789276123
YNL309W,YIL140W,0,-0.12699421,0.10797237604856491,0.848126232624054,0.711496114730835
YEL064C,YDR306C,0,-0.12717795,0.1079588234424591,0.848126232624054,0.7115962505340576
YJL143W,YDR451C,0,-0.12718923,0.1079452708363533,0.848126232624054,0.7116963863372803
YDR394W,YBR237W,0,-0.12725383,0.1079317256808281,0.848126232624054,0.7117965221405029
YJL079C,YLL002W,0,-0.1273391,0.10791818052530289,0.848126232624054,0.7118966579437256
YDL133C-A,YML043C,0,-0.12736931,0.10790464282035828,0.848126232624054,0.7119967937469482
YIL044C,YBR164C,0,-0.12743048,0.10789110511541367,0.848126232624054,0.7120969295501709
YOL088C,YAL008W,0,-0.12745936,0.10787757486104965,0.848126232624054,0.7121970653533936
YJL219W,YCL043C,0,-0.12748271,0.10786404460668564,0.848126232624054,0.7122972011566162
YHR092C,YJL093C,0,-0.12755616,0.10785051435232162,0.848126232624054,0.7123973369598389
YPR083W,YOR038C,0,-0.12757136,0.10783699154853821,0.848126232624054,0.7124974727630615
YDL122W,YGR113W,0,-0.12764758,0.10782346874475479,0.848126232624054,0.7125976085662842
YDL227C,YAR008W,1,-0.12765336,0.10793531686067581,0.8491124510765076,0.7125976085662842
YLR154C,YOL103W,0,-0.12772374,0.1079217866063118,0.8491124510765076,0.7126978039741516
YMR100W,YGL003C,0,-0.12780069,0.10790825635194778,0.8491124510765076,0.7127979397773743
YGR081C,YJL100W,0,-0.12780286,0.10789473354816437,0.8491124510765076,0.7128980755805969
YCR088W,YNR021W,0,-0.1278193,0.10788121819496155,0.8491124510765076,0.7129982113838196
YIL168W,YMR307W,0,-0.1278296,0.10786770284175873,0.8491124510765076,0.7130983471870422
YMR106C,YDR387C,0,-0.1278688,0.10785418748855591,0.8491124510765076,0.7131984829902649
YAL063C,YPL228W,0,-0.12789802,0.10784067958593369,0.8491124510765076,0.7132986187934875
YPL022W,YLR430W,1,-0.12790817,0.10795240849256516,0.8500986099243164,0.7132986187934875
YEL070W,YKL071W,0,-0.12794651,0.10793889313936234,0.8500986099243164,0.7133987545967102
YDR353W,YPR079W,0,-0.12797059,0.10792537778615952,0.8500986099243164,0.7134988903999329
YFL010W-A,YCL032W,0,-0.12798989,0.10791186988353729,0.8500986099243164,0.7135990262031555
YMR106C,YBR241C,0,-0.1280374,0.10789836198091507,0.8500986099243164,0.7136991620063782
YGR207C,YOR071C,0,-0.12804164,0.10788485407829285,0.8500986099243164,0.7137992978096008
YDL150W,YOR175C,0,-0.12809634,0.10787135362625122,0.8500986099243164,0.7138994336128235
YKL188C,YBR288C,0,-0.12820004,0.10785786062479019,0.8500986099243164,0.7139996290206909
YGR106C,YAL010C,0,-0.12827075,0.10784436017274857,0.8500986099243164,0.7140997648239136
YGL181W,YNR006W,0,-0.12832654,0.10783087462186813,0.8500986099243164,0.7141999006271362
YDL197C,YDR499W,0,-0.1285414,0.1078173890709877,0.8500986099243164,0.7143000364303589
YJL041W,YNR035C,0,-0.12855312,0.10780390352010727,0.8500986099243164,0.7144001722335815
YPL186C,YOR386W,0,-0.12872417,0.10779041796922684,0.8500986099243164,0.7145003080368042
YDL101C,YLR002C,0,-0.12896048,0.1077769473195076,0.8500986099243164,0.7146004438400269
YCL059C,YBL002W,0,-0.12913015,0.10776346921920776,0.8500986099243164,0.7147005796432495
YBR215W,YHR076W,0,-0.12965788,0.10774999856948853,0.8500986099243164,0.7148007154464722
YPR160W,YLR117C,0,-0.12976082,0.10773653537034988,0.8500986099243164,0.7149008512496948
YDR001C,YNL090W,0,-0.12986,0.10772307217121124,0.8500986099243164,0.7150009870529175
YER114C,YHR005C-A,0,-0.12989306,0.1077096089720726,0.8500986099243164,0.7151011228561401
YMR297W,YOR028C,0,-0.12990573,0.10769615322351456,0.8500986099243164,0.7152012586593628
YDR044W,YPR187W,0,-0.12994245,0.10768269747495651,0.8500986099243164,0.7153013944625854
YGL030W,YEL004W,0,-0.13007404,0.10766924917697906,0.8500986099243164,0.7154015898704529
YOR288C,YBR050C,0,-0.13008331,0.10765580087900162,0.8500986099243164,0.7155017256736755
YLR172C,YKL024C,0,-0.13019156,0.10764236003160477,0.8500986099243164,0.7156018614768982
YJL051W,YPL046C,0,-0.13023707,0.10762891918420792,0.8500986099243164,0.7157019972801208
YJL060W,YPL259C,0,-0.1302418,0.10761547833681107,0.8500986099243164,0.7158021330833435
YJL095W,YJR151C,0,-0.13036864,0.10760204493999481,0.8500986099243164,0.7159022688865662
YGL047W,YMR164C,0,-0.13038708,0.10758861899375916,0.8500986099243164,0.7160024046897888
YDL225W,YHR186C,0,-0.13039298,0.1075751930475235,0.8500986099243164,0.7161025404930115
YDL184C,YBR215W,0,-0.13045014,0.10756176710128784,0.8500986099243164,0.7162026762962341
YPL252C,YBL092W,0,-0.13055563,0.10754834860563278,0.8500986099243164,0.7163028120994568
YIL138C,YNL289W,0,-0.13059518,0.10753493010997772,0.8500986099243164,0.7164029479026794
YJL079C,YJL158C,0,-0.13064478,0.10752151906490326,0.8500986099243164,0.7165030837059021
YKL163W,YGR010W,0,-0.13065311,0.1075081080198288,0.8500986099243164,0.7166032195091248
YDR324C,YGL148W,0,-0.13070358,0.10749469697475433,0.8500986099243164,0.7167033553123474
YKL217W,YER022W,0,-0.13077202,0.10748129338026047,0.8500986099243164,0.7168035507202148
YDR485C,YMR161W,0,-0.13077992,0.1074678972363472,0.8500986099243164,0.7169036865234375
YHL002W,YOR141C,0,-0.13080029,0.10745450109243393,0.8500986099243164,0.7170038223266602
YIL076W,YIR032C,0,-0.13081163,0.10744110494852066,0.8500986099243164,0.7171039581298828
YDL144C,YPL162C,0,-0.13086851,0.10742771625518799,0.8500986099243164,0.7172040939331055
YBR061C,YGL241W,0,-0.13091186,0.10741432756185532,0.8500986099243164,0.7173042297363281
YNL292W,YGR240C,0,-0.13093561,0.10740094631910324,0.8500986099243164,0.7174043655395508
YKL189W,YOL101C,0,-0.1310221,0.10738756507635117,0.8500986099243164,0.7175045013427734
YPL252C,YML115C,0,-0.1311505,0.10737419128417969,0.8500986099243164,0.7176046371459961
YMR116C,YDL007W,0,-0.13117182,0.10736081749200821,0.8500986099243164,0.7177047729492188
YOL039W,YBR033W,0,-0.13126767,0.10734744369983673,0.8500986099243164,0.7178049087524414
YJR015W,YNL252C,0,-0.13132927,0.10733407735824585,0.8500986099243164,0.7179050445556641
YLR390W,YBR186W,0,-0.13134867,0.10732071846723557,0.8500986099243164,0.7180051803588867
YLR440C,YBR058C,0,-0.13147505,0.10730735957622528,0.8500986099243164,0.7181053757667542
YDL102W,YGL175C,1,-0.13176735,0.1074184700846672,0.85108482837677,0.7181053757667542
YIL114C,YDL164C,0,-0.13196045,0.10740510374307632,0.85108482837677,0.7182055115699768
YBR042C,YGR058W,0,-0.13202098,0.10739173740148544,0.85108482837677,0.7183056473731995
YLR020C,YDL015C,0,-0.13211434,0.10737837851047516,0.85108482837677,0.7184057831764221
YGR281W,YBR216C,0,-0.13214624,0.10736501961946487,0.85108482837677,0.7185059189796448
YKL067W,YPL086C,0,-0.13224626,0.10735166072845459,0.85108482837677,0.7186060547828674
YDR238C,YMR244C-A,0,-0.13228194,0.1073383092880249,0.85108482837677,0.7187061905860901
YCL034W,YMR281W,0,-0.1323273,0.10732495784759521,0.85108482837677,0.7188063263893127
YMR199W,YPR032W,0,-0.132333,0.10731161385774612,0.85108482837677,0.7189064621925354
YOR356W,YGR104C,0,-0.13236113,0.10729826986789703,0.85108482837677,0.7190065979957581
YOL001W,YNL202W,0,-0.13257864,0.10728493332862854,0.85108482837677,0.7191067337989807
YLR404W,YHR028C,0,-0.13258106,0.10727159678936005,0.85108482837677,0.7192068696022034
YJL155C,YIR023W,0,-0.13259304,0.10725826770067215,0.85108482837677,0.719307005405426
YDL064W,YJL191W,0,-0.13264275,0.10724493861198425,0.85108482837677,0.7194071412086487
YNL085W,YLR312W-A,1,-0.1326848,0.10735586285591125,0.8520709872245789,0.7194071412086487
YLR459W,YLL029W,0,-0.13269857,0.10734252631664276,0.8520709872245789,0.7195073366165161
YDL056W,YAL031C,0,-0.13272156,0.10732918977737427,0.8520709872245789,0.7196074724197388
YBL028C,YHL034C,0,-0.13280267,0.10731586068868637,0.8520709872245789,0.7197076082229614
YOR391C,YHR083W,0,-0.13280791,0.10730253159999847,0.8520709872245789,0.7198077440261841
YNL309W,YKR019C,0,-0.13289587,0.10728920996189117,0.8520709872245789,0.7199078798294067
YIL080W,YGR095C,1,-0.13290465,0.10740005224943161,0.8530572056770325,0.7199078798294067
YOR033C,YNL250W,1,-0.1329429,0.10751086473464966,0.8540433645248413,0.7199078798294067
YOR084W,YLR381W,0,-0.13299178,0.10749752074480057,0.8540433645248413,0.7200080156326294
YDR299W,YDL054C,0,-0.13314337,0.10748417675495148,0.8540433645248413,0.720108151435852
YOR355W,YKR029C,0,-0.13319243,0.10747083276510239,0.8540433645248413,0.7202082872390747
YOR243C,YNL259C,0,-0.1331978,0.10745750367641449,0.8540433645248413,0.7203084230422974
YLR310C,YHR017W,0,-0.13320312,0.107444167137146,0.8540433645248413,0.72040855884552
YKL173W,YGR206W,0,-0.13327554,0.1074308380484581,0.8540433645248413,0.7205086946487427
YDR315C,YOR122C,0,-0.13330784,0.1074175164103508,0.8540433645248413,0.7206088304519653
YAL055W,YGL026C,0,-0.13335758,0.1074041947722435,0.8540433645248413,0.720708966255188
YLR084C,YIR006C,0,-0.13341917,0.1073908731341362,0.8540433645248413,0.7208091616630554
YIL121W,YDR101C,0,-0.1334863,0.1073775589466095,0.8540433645248413,0.7209092974662781
YGL010W,YJL095W,0,-0.13354667,0.1073642447590828,0.8540433645248413,0.7210094332695007
YGR134W,YJL036W,0,-0.1336693,0.10735093802213669,0.8540433645248413,0.7211095690727234
YNL071W,YDR120C,0,-0.13375644,0.10733763128519058,0.8540433645248413,0.721209704875946
YML112W,YPR159W,0,-0.13392188,0.10732432454824448,0.8540433645248413,0.7213098406791687
YMR005W,YCR017C,0,-0.1340465,0.10731102526187897,0.8540433645248413,0.7214099764823914
YLR429W,YDR476C,0,-0.13405462,0.10729773342609406,0.8540433645248413,0.721510112285614
YAL055W,YJL005W,0,-0.13413501,0.10728444159030914,0.8540433645248413,0.7216102480888367
YGL237C,YDR216W,0,-0.13418142,0.10727114975452423,0.8540433645248413,0.7217103838920593
YMR235C,YFL034C-A,0,-0.13420656,0.10725786536931992,0.8540433645248413,0.721810519695282
YFR005C,YBR172C,0,-0.13424759,0.1072445809841156,0.8540433645248413,0.7219106554985046
YLR142W,YPL096W,0,-0.1344379,0.10723130404949188,0.8540433645248413,0.7220107913017273
YDL108W,YDL130W-A,0,-0.13447125,0.10721802711486816,0.8540433645248413,0.72211092710495
YBR183W,YGR221C,0,-0.13490807,0.10720475018024445,0.8540433645248413,0.7222111225128174
YLR225C,YNR069C,0,-0.1349417,0.10719148069620132,0.8540433645248413,0.72231125831604
YGL050W,YHL044W,0,-0.13496304,0.1071782186627388,0.8540433645248413,0.7224113941192627
YGR012W,YMR241W,0,-0.13501886,0.10716495662927628,0.8540433645248413,0.7225115299224854
YIR002C,YOR386W,0,-0.1350545,0.10715169459581375,0.8540433645248413,0.722611665725708
YBR261C,YOR067C,0,-0.13509184,0.10713844001293182,0.8540433645248413,0.7227118015289307
YLR009W,YPL149W,0,-0.13519298,0.1071251854300499,0.8540433645248413,0.7228119373321533
YDR382W,YNL177C,0,-0.135281,0.10711193829774857,0.8540433645248413,0.722912073135376
YJL065C,YML030W,0,-0.1352971,0.10709869116544724,0.8540433645248413,0.7230122089385986
YGL021W,YDR411C,0,-0.13532595,0.1070854440331459,0.8540433645248413,0.7231123447418213
YPR164W,YMR189W,0,-0.13533528,0.10707220435142517,0.8540433645248413,0.723212480545044
YBR179C,YFL054C,0,-0.13557641,0.10705897212028503,0.8540433645248413,0.7233126163482666
YDL022W,YBR127C,0,-0.13568743,0.1070457324385643,0.8540433645248413,0.7234127521514893
YKL165C,YOR211C,0,-0.13569532,0.10703250765800476,0.8540433645248413,0.7235129475593567
YPL157W,YBL011W,0,-0.1357272,0.10701927542686462,0.8540433645248413,0.7236130833625793
YPL151C,YML118W,0,-0.13576883,0.10700605809688568,0.8540433645248413,0.723713219165802
YGL170C,YDR130C,0,-0.13578355,0.10699283331632614,0.8540433645248413,0.7238133549690247
YDR140W,YKL018W,0,-0.13586439,0.1069796159863472,0.8540433645248413,0.7239134907722473
YER103W,YLR447C,0,-0.1361146,0.10696640610694885,0.8540433645248413,0.72401362657547
YDR533C,YDR159W,0,-0.13616398,0.1069531962275505,0.8540433645248413,0.7241137623786926
YNR031C,YGL122C,0,-0.13617471,0.10693998634815216,0.8540433645248413,0.7242138981819153
YMR042W,YDL193W,0,-0.13619894,0.10692678391933441,0.8540433645248413,0.7243140339851379
YGL039W,YMR289W,0,-0.13621229,0.10691358149051666,0.8540433645248413,0.7244141697883606
YPL024W,YDR237W,0,-0.13623019,0.10690037906169891,0.8540433645248413,0.7245143055915833
YDR167W,YGL059W,0,-0.13624562,0.10688719153404236,0.8540433645248413,0.7246144413948059
YDL054C,YOR022C,0,-0.13636714,0.1068739965558052,0.8540433645248413,0.7247145771980286
YDL064W,YER022W,0,-0.13641107,0.10686080902814865,0.8540433645248413,0.7248147130012512
YKR046C,YPL074W,0,-0.13643844,0.1068476215004921,0.8540433645248413,0.7249149084091187
YNL166C,YOR336W,0,-0.1365255,0.10683444142341614,0.8540433645248413,0.7250150442123413
YJL209W,YIL006W,0,-0.13657506,0.10682126879692078,0.8540433645248413,0.725115180015564
YML124C,YER157W,0,-0.13669106,0.10680808871984482,0.8540433645248413,0.7252153158187866
YPL139C,YBR123C,0,-0.13689658,0.10679491609334946,0.8540433645248413,0.7253154516220093
YOR056C,YJR040W,0,-0.1369359,0.10678175091743469,0.8540433645248413,0.7254155874252319
YGL200C,YPL023C,0,-0.13696375,0.10676858574151993,0.8540433645248413,0.7255157232284546
YML075C,YJR135C,0,-0.13710803,0.10675542056560516,0.8540433645248413,0.7256158590316772
YER115C,YBR021W,0,-0.1371273,0.106742262840271,0.8540433645248413,0.7257159948348999
YPL082C,YHR017W,0,-0.13713685,0.10672911256551743,0.8540433645248413,0.7258161306381226
YHR207C,YER029C,0,-0.1372267,0.10671595484018326,0.8540433645248413,0.7259162664413452
YLR307W,YLR103C,0,-0.1373975,0.10670281201601028,0.8540433645248413,0.7260164022445679
YML063W,YKR058W,0,-0.13744858,0.10668966174125671,0.8540433645248413,0.7261165380477905
YOL066C,YJL102W,0,-0.13747993,0.10667651891708374,0.8540433645248413,0.7262166738510132
YLR163C,YML111W,0,-0.13750741,0.10666338354349136,0.8540433645248413,0.7263168692588806
YOR310C,YOR080W,0,-0.13755704,0.10665024816989899,0.8540433645248413,0.7264170050621033
YDR194C,YLR174W,0,-0.1377726,0.10663711279630661,0.8540433645248413,0.7265171408653259
YOR080W,YLR130C,0,-0.13778272,0.10662398487329483,0.8540433645248413,0.7266172766685486
YBL097W,YKL025C,0,-0.13785109,0.10661085695028305,0.8540433645248413,0.7267174124717712
YDR347W,YJL051W,0,-0.13787885,0.10659773647785187,0.8540433645248413,0.7268175482749939
YDR421W,YMR020W,0,-0.13787912,0.10658461600542068,0.8540433645248413,0.7269176840782166
YOL072W,YKL167C,0,-0.13788624,0.1065714955329895,0.8540433645248413,0.7270178198814392
YHR188C,YOR130C,0,-0.13793167,0.10655838251113892,0.8540433645248413,0.7271179556846619
YCR077C,YCR023C,0,-0.13812539,0.10654527693986893,0.8540433645248413,0.7272180914878845
YOR355W,YJL214W,0,-0.13813606,0.10653217136859894,0.8540433645248413,0.7273182272911072
YJL113W,YBR167C,1,-0.13827847,0.10664206743240356,0.8550295829772949,0.7273182272911072
YDR520C,YDR195W,0,-0.13847262,0.10662895441055298,0.8550295829772949,0.7274183630943298
YNL257C,YHR031C,0,-0.13850269,0.10661584138870239,0.8550295829772949,0.7275184988975525
YPR080W,YKL004W,0,-0.13853864,0.1066027283668518,0.8550295829772949,0.7276186943054199
YLL041C,YGR081C,0,-0.13863172,0.10658962279558182,0.8550295829772949,0.7277188301086426
YKL008C,YGL030W,0,-0.13869084,0.10657652467489243,0.8550295829772949,0.7278189659118652
YER053C,YOL089C,0,-0.13901147,0.10656341910362244,0.8550295829772949,0.7279191017150879
YMR234W,YJR029W,1,-0.13914171,0.1066732183098793,0.8560158014297485,0.7279191017150879
YML104C,YMR239C,0,-0.13926558,0.10666011273860931,0.8560158014297485,0.7280192375183105
YDR218C,YDL054C,0,-0.13930649,0.10664700716733932,0.8560158014297485,0.7281193733215332
YNR017W,YDR239C,0,-0.13941611,0.10663390904664993,0.8560158014297485,0.7282195091247559
YDR262W,YHR178W,0,-0.13945766,0.10662081092596054,0.8560158014297485,0.7283196449279785
YNL101W,YGL157W,0,-0.13948938,0.10660771280527115,0.8560158014297485,0.7284197807312012
YOR001W,YKR079C,1,-0.13957766,0.10671742260456085,0.8570019602775574,0.7284197807312012
YIL111W,YNL047C,0,-0.13958186,0.10670432448387146,0.8570019602775574,0.7285199165344238
YNL152W,YGR192C,0,-0.13962966,0.10669121891260147,0.8570019602775574,0.7286200523376465
YDL140C,YOR242C,0,-0.13964695,0.10667812079191208,0.8570019602775574,0.7287201881408691
YLL023C,YGL094C,0,-0.13965076,0.10666503012180328,0.8570019602775574,0.7288203239440918
YMR311C,YGR013W,0,-0.13971165,0.10665193945169449,0.8570019602775574,0.7289204597473145
YMR277W,YJL138C,0,-0.13974132,0.1066388487815857,0.8570019602775574,0.7290206551551819
YKL011C,YMR239C,1,-0.13986072,0.10674846917390823,0.857988178730011,0.7290206551551819
YOR308C,YDR191W,0,-0.1399642,0.10673537105321884,0.857988178730011,0.7291207909584045
YGR041W,YGR023W,0,-0.1399826,0.10672228038311005,0.857988178730011,0.7292209267616272
YDR083W,YKL119C,0,-0.14013991,0.10670918971300125,0.857988178730011,0.7293210625648499
YDL231C,YOR261C,0,-0.14015985,0.10669609904289246,0.857988178730011,0.7294211983680725
YNL113W,YHR178W,0,-0.14034142,0.10668301582336426,0.857988178730011,0.7295213341712952
YDL025C,YBL055C,0,-0.1404646,0.10666993260383606,0.857988178730011,0.7296214699745178
YJR090C,YLR209C,0,-0.14046761,0.10665685683488846,0.857988178730011,0.7297216057777405
YDR291W,YMR260C,0,-0.14047506,0.10664378851652145,0.857988178730011,0.7298217415809631
YIL140W,YBL098W,0,-0.14049052,0.10663071274757385,0.857988178730011,0.7299218773841858
YDR390C,YOR017W,0,-0.14060651,0.10661764442920685,0.857988178730011,0.7300220131874084
YJR058C,YGR076C,0,-0.1406466,0.10660458356142044,0.857988178730011,0.7301221489906311
YBL105C,YJR160C,0,-0.14079931,0.10659152269363403,0.857988178730011,0.7302222847938538
YHR002W,YJL091C,0,-0.14089562,0.10657846182584763,0.857988178730011,0.7303224802017212
YPL042C,YER088C,0,-0.14096606,0.10656540840864182,0.857988178730011,0.7304226160049438
YDR481C,YDL067C,0,-0.14103626,0.106552354991436,0.857988178730011,0.7305227518081665
YPL106C,YEL040W,0,-0.14108539,0.10653930902481079,0.857988178730011,0.7306228876113892
YCL008C,YPR204W,0,-0.14118448,0.10652626305818558,0.857988178730011,0.7307230234146118
YDR318W,YFR036W,0,-0.14124107,0.10651322454214096,0.857988178730011,0.7308231592178345
YPR063C,YIR008C,0,-0.14132343,0.10650018602609634,0.857988178730011,0.7309232950210571
YNL006W,YMR264W,0,-0.1413853,0.10648714751005173,0.857988178730011,0.7310234308242798
YMR093W,YKR081C,0,-0.14146106,0.10647411644458771,0.857988178730011,0.7311235666275024
YLR147C,YCL019W,0,-0.14146475,0.10646108537912369,0.857988178730011,0.7312237024307251
YML028W,YMR019W,0,-0.14153364,0.10644806176424026,0.857988178730011,0.7313238382339478
YHR025W,YLR057W,0,-0.1415674,0.10643503814935684,0.857988178730011,0.7314239740371704
YLR107W,YOR056C,1,-0.1415804,0.10654434561729431,0.8589743375778198,0.7314239740371704
YLR029C,YOL123W,0,-0.14159484,0.10653131455183029,0.8589743375778198,0.7315241098403931
YJR113C,YOR344C,0,-0.14163613,0.10651828348636627,0.8589743375778198,0.7316242456436157
YBL079W,YKR105C,0,-0.14164361,0.10650525987148285,0.8589743375778198,0.7317244410514832
YLR113W,YLR043C,0,-0.14172593,0.10649223625659943,0.8589743375778198,0.7318245768547058
YIL080W,YGR089W,0,-0.14174542,0.1064792200922966,0.8589743375778198,0.7319247126579285
YLR026C,YMR026C,0,-0.14175573,0.10646620392799377,0.8589743375778198,0.7320248484611511
YJR104C,YJL095W,0,-0.14188224,0.10645318776369095,0.8589743375778198,0.7321249842643738
YPL051W,YJR092W,0,-0.14188318,0.10644017904996872,0.8589743375778198,0.7322251200675964
YER160C,YMR050C,1,-0.14189309,0.10654936730861664,0.8599605560302734,0.7322251200675964
YHR017W,YOR328W,0,-0.14193764,0.10653634369373322,0.8599605560302734,0.7323252558708191
YBR228W,YNL221C,1,-0.14196113,0.10664549469947815,0.860946774482727,0.7323252558708191
YJL225C,YDR107C,0,-0.14206478,0.10663246363401413,0.860946774482727,0.7324253916740417
YOL041C,YGL031C,0,-0.14210843,0.1066194400191307,0.860946774482727,0.7325255274772644
YDR046C,YKL092C,0,-0.1422092,0.10660642385482788,0.860946774482727,0.7326256632804871
YPR031W,YLR095C,0,-0.14221558,0.10659340769052505,0.860946774482727,0.7327257990837097
YKL084W,YMR143W,0,-0.14261821,0.10658039152622223,0.860946774482727,0.7328259348869324
YBR026C,YPL027W,0,-0.14265752,0.1065673828125,0.860946774482727,0.732926070690155
YJL033W,YOR145C,0,-0.14271751,0.10655437409877777,0.860946774482727,0.7330262660980225
YER041W,YMR234W,1,-0.14272517,0.10666341334581375,0.8619329333305359,0.7330262660980225
YNL291C,YGR198W,0,-0.14274175,0.10665039718151093,0.8619329333305359,0.7331264019012451
YJL164C,YNL327W,0,-0.14274913,0.1066373810172081,0.8619329333305359,0.7332265377044678
YDR242W,YHR003C,0,-0.14281957,0.10662437230348587,0.8619329333305359,0.7333266735076904
YGR209C,YGR263C,0,-0.1428724,0.10661137104034424,0.8619329333305359,0.7334268093109131
YPL230W,YBR216C,0,-0.14289887,0.10659836232662201,0.8619329333305359,0.7335269451141357
YBR088C,YEL071W,0,-0.14298901,0.10658536851406097,0.8619329333305359,0.7336270809173584
YHR091C,YLR051C,0,-0.14311978,0.10657236725091934,0.8619329333305359,0.733727216720581
YDR240C,YMR281W,0,-0.14320648,0.1065593734383583,0.8619329333305359,0.7338273525238037
YEL070W,YJL036W,0,-0.14331996,0.10654638707637787,0.8619329333305359,0.7339274883270264
YHR147C,YIL145C,0,-0.14338762,0.10653340071439743,0.8619329333305359,0.734027624130249
YER006W,YPL232W,0,-0.14342463,0.10652041435241699,0.8619329333305359,0.7341277599334717
YJL140W,YDR226W,0,-0.14347504,0.10650743544101715,0.8619329333305359,0.7342278957366943
YIR039C,YDR478W,0,-0.14349595,0.10649445652961731,0.8619329333305359,0.734328031539917
YOR321W,YKL004W,0,-0.14360698,0.10648148506879807,0.8619329333305359,0.7344282269477844
YKL182W,YPL172C,0,-0.14368865,0.10646851360797882,0.8619329333305359,0.7345283627510071
YHL024W,YAR010C,0,-0.14376648,0.10645554214715958,0.8619329333305359,0.7346284985542297
YER087C-A,YKL216W,0,-0.1438305,0.10644257813692093,0.8619329333305359,0.7347286343574524
YHR105W,YDR462W,0,-0.14395761,0.10642961412668228,0.8619329333305359,0.734828770160675
YHR041C,YCR034W,0,-0.14404428,0.10641665756702423,0.8619329333305359,0.7349289059638977
YBR110W,YLL008W,0,-0.14406624,0.10640370100736618,0.8619329333305359,0.7350290417671204
YER118C,YBR251W,0,-0.14408267,0.10639075189828873,0.8619329333305359,0.735129177570343
YOR182C,YKR046C,0,-0.14480385,0.10637780278921127,0.8619329333305359,0.7352293133735657
YML030W,YOR211C,0,-0.1451089,0.10636485368013382,0.8619329333305359,0.7353294491767883
YGL019W,YDR022C,0,-0.14511126,0.10635191202163696,0.8619329333305359,0.735429584980011
YDR167W,YDR196C,0,-0.14513874,0.1063389703631401,0.8619329333305359,0.7355297207832336
YMR030W,YBR036C,0,-0.14513984,0.10632603615522385,0.8619329333305359,0.7356298565864563
YLR145W,YGL085W,1,-0.14519577,0.10643474012613297,0.8629191517829895,0.7356298565864563
YKR010C,YJL134W,0,-0.14530283,0.10642179846763611,0.8629191517829895,0.735729992389679
YOR120W,YJL144W,0,-0.14533806,0.10640885680913925,0.8629191517829895,0.7358301877975464
YBL021C,YHR013C,0,-0.14551595,0.1063959151506424,0.8629191517829895,0.735930323600769
YOL004W,YGR009C,0,-0.14556885,0.10638298094272614,0.8629191517829895,0.7360304594039917
YLR212C,YOR237W,0,-0.14560267,0.10637004673480988,0.8629191517829895,0.7361305952072144
YLR148W,YKL116C,0,-0.14562389,0.10635711997747421,0.8629191517829895,0.736230731010437
YHR057C,YEL042W,0,-0.14563659,0.10634419322013855,0.8629191517829895,0.7363308668136597
YNL258C,YPL172C,0,-0.14563946,0.10633126646280289,0.8629191517829895,0.7364310026168823
YLR069C,YNR073C,0,-0.14575261,0.10631834715604782,0.8629191517829895,0.736531138420105
YDR163W,YIL083C,0,-0.14600807,0.10630542784929276,0.8629191517829895,0.7366312742233276
YDR097C,YFL048C,0,-0.14606845,0.10629251599311829,0.8629191517829895,0.7367314100265503
YGL168W,YOR187W,0,-0.14615358,0.10627960413694382,0.8629191517829895,0.736831545829773
YAR009C,YML091C,1,-0.14623407,0.1063881441950798,0.8639053106307983,0.736831545829773
YBL055C,YGL085W,1,-0.14627942,0.106496661901474,0.864891529083252,0.736831545829773
YHR039C,YBR230C,0,-0.14636448,0.10648372769355774,0.864891529083252,0.7369316816329956
YMR058W,YER162C,0,-0.14639011,0.10647080093622208,0.864891529083252,0.7370318174362183
YOR270C,YOR326W,0,-0.146401,0.10645788162946701,0.864891529083252,0.7371320128440857
YHL002W,YPL196W,0,-0.14669952,0.10644495487213135,0.864891529083252,0.7372321486473083
YPL163C,YNR043W,0,-0.1467337,0.10643203556537628,0.864891529083252,0.737332284450531
YDR483W,YGL021W,0,-0.14673814,0.10641912370920181,0.864891529083252,0.7374324202537537
YMR271C,YGR081C,0,-0.1467697,0.10640621185302734,0.864891529083252,0.7375325560569763
YPR042C,YJL082W,0,-0.14678423,0.10639329999685287,0.864891529083252,0.737632691860199
YAL029C,YOR338W,0,-0.14700133,0.106380395591259,0.864891529083252,0.7377328276634216
YMR169C,YNL326C,0,-0.14706942,0.10636749863624573,0.864891529083252,0.7378329634666443
YDR134C,YMR070W,0,-0.14720833,0.10635459423065186,0.864891529083252,0.7379330992698669
YGL173C,YJR043C,1,-0.14726508,0.10646295547485352,0.8658776879310608,0.7379330992698669
YHR102W,YLR298C,0,-0.14726867,0.10645005106925964,0.8658776879310608,0.7380332350730896
YLR270W,YCL034W,0,-0.14728937,0.10643714666366577,0.8658776879310608,0.7381333708763123
YNL221C,YIR015W,1,-0.14737022,0.10654545575380325,0.8668639063835144,0.7381333708763123
YKR020W,YOR311C,0,-0.14742538,0.10653254389762878,0.8668639063835144,0.7382335066795349
YKL156W,YJR065C,0,-0.14743555,0.10651963204145432,0.8668639063835144,0.7383336424827576
YPR023C,YLR110C,0,-0.14758904,0.10650672763586044,0.8668639063835144,0.7384337782859802
YDR306C,YNL270C,0,-0.14759189,0.10649382323026657,0.8668639063835144,0.7385339736938477
YDL035C,YER101C,0,-0.1476697,0.1064809188246727,0.8668639063835144,0.7386341094970703
YHR107C,YPL240C,0,-0.1477131,0.10646802186965942,0.8668639063835144,0.738734245300293
YKL003C,YDL164C,0,-0.14773321,0.10645513236522675,0.8668639063835144,0.7388343811035156
YHL024W,YOL052C,0,-0.14777121,0.10644223541021347,0.8668639063835144,0.7389345169067383
YDR460W,YPL103C,0,-0.14778247,0.10642935335636139,0.8668639063835144,0.7390346527099609
YPL023C,YGR276C,0,-0.14783841,0.10641646385192871,0.8668639063835144,0.7391347885131836
YLR319C,YMR291W,0,-0.14784133,0.10640358179807663,0.8668639063835144,0.7392349243164062
YPL081W,YMR025W,0,-0.1480786,0.10639070719480515,0.8668639063835144,0.7393350601196289
YBR096W,YBR037C,0,-0.14816177,0.10637783259153366,0.8668639063835144,0.7394351959228516
YHR171W,YOR173W,0,-0.14821373,0.10636495798826218,0.8668639063835144,0.7395353317260742
YPL162C,YGL191W,0,-0.14838344,0.10635209083557129,0.8668639063835144,0.7396354675292969
YLR394W,YPR047W,0,-0.14842439,0.1063392236828804,0.8668639063835144,0.7397356033325195
YKL188C,YOL062C,0,-0.14854081,0.10632635653018951,0.8668639063835144,0.739835798740387
YLR047C,YMR277W,0,-0.1485743,0.10631349682807922,0.8668639063835144,0.7399359345436096
YBR201W,YOR151C,0,-0.14858118,0.10630064457654953,0.8668639063835144,0.7400360703468323
YFL013C,YLL002W,0,-0.14861241,0.10628778487443924,0.8668639063835144,0.7401362061500549
YLR027C,YLR405W,0,-0.148731,0.10627494007349014,0.8668639063835144,0.7402363419532776
YBR041W,YPL217C,0,-0.14879991,0.10626208782196045,0.8668639063835144,0.7403364777565002
YML025C,YMR171C,0,-0.14886458,0.10624924302101135,0.8668639063835144,0.7404366135597229
YML115C,YMR026C,0,-0.14890578,0.10623640567064285,0.8668639063835144,0.7405367493629456
YEL077C,YCR033W,0,-0.14895743,0.10622356832027435,0.8668639063835144,0.7406368851661682
YPL265W,YMR250W,0,-0.14897434,0.10621073096990585,0.8668639063835144,0.7407370209693909
YLR064W,YLR015W,0,-0.14924787,0.10619790107011795,0.8668639063835144,0.7408371567726135
YJR068W,YLR244C,0,-0.14937153,0.10618507117033005,0.8668639063835144,0.7409372925758362
YIL095W,YKL067W,0,-0.14938855,0.10617224127054214,0.8668639063835144,0.7410374283790588
YER029C,YOR210W,0,-0.14945164,0.10615941882133484,0.8668639063835144,0.7411375641822815
YLR350W,YPL159C,0,-0.14975995,0.10614660382270813,0.8668639063835144,0.7412377595901489
YDR332W,YKR066C,0,-0.14978844,0.10613378137350082,0.8668639063835144,0.7413378953933716
YML052W,YFR009W,0,-0.14987311,0.10612097382545471,0.8668639063835144,0.7414380311965942
YLR119W,YKL095W,0,-0.14991343,0.106108158826828,0.8668639063835144,0.7415381669998169
YBR296C,YJL111W,0,-0.1500587,0.10609535127878189,0.8668639063835144,0.7416383028030396
YCL069W,YDL193W,0,-0.15010205,0.10608255118131638,0.8668639063835144,0.7417384386062622
YDL095W,YJL221C,0,-0.15061967,0.10606975108385086,0.8668639063835144,0.7418385744094849
YGR032W,YJL177W,0,-0.1507126,0.10605695098638535,0.8668639063835144,0.7419387102127075
YLR272C,YMR088C,0,-0.15074205,0.10604415833950043,0.8668639063835144,0.7420388460159302
YPL276W,YGR027C,0,-0.15074563,0.10603136569261551,0.8668639063835144,0.7421389818191528
YAL033W,YMR024W,1,-0.15077469,0.10613919049501419,0.867850124835968,0.7421389818191528
YMR061W,YBL091C-A,0,-0.15081663,0.10612639039754868,0.867850124835968,0.7422391176223755
YOL082W,YNL178W,0,-0.15085515,0.10611359030008316,0.867850124835968,0.7423392534255981
YJL029C,YLR042C,0,-0.15091509,0.10610079765319824,0.867850124835968,0.7424393892288208
YDR248C,YBR216C,0,-0.15093502,0.10608800500631332,0.867850124835968,0.7425395846366882
YOR349W,YKR057W,0,-0.15100804,0.106075219810009,0.867850124835968,0.7426397204399109
YOR290C,YKR066C,0,-0.15105326,0.10606243461370468,0.867850124835968,0.7427398562431335
YOR283W,YDR348C,0,-0.15111592,0.10604964941740036,0.867850124835968,0.7428399920463562
YFL008W,YJR010C-A,0,-0.15120253,0.10603687167167664,0.867850124835968,0.7429401278495789
YHR179W,YJL011C,0,-0.15122405,0.10602409392595291,0.867850124835968,0.7430402636528015
YCL018W,YHR083W,0,-0.15127811,0.10601132363080978,0.867850124835968,0.7431403994560242
YLR191W,YOL068C,0,-0.15143977,0.10599855333566666,0.867850124835968,0.7432405352592468
YLR048W,YDL008W,0,-0.15144292,0.10598579049110413,0.867850124835968,0.7433406710624695
YIL131C,YPR151C,0,-0.15150745,0.1059730276465416,0.867850124835968,0.7434408068656921
YML128C,YLR224W,0,-0.15162945,0.10596026480197906,0.867850124835968,0.7435409426689148
YIL097W,YAL053W,0,-0.15165839,0.10594750940799713,0.867850124835968,0.7436410784721375
YGR195W,YHL022C,1,-0.15187937,0.1060551330447197,0.8688362836837769,0.7436410784721375
YHR175W,YNL126W,0,-0.15207638,0.10604237020015717,0.8688362836837769,0.7437412142753601
YBL061C,YEL009C,0,-0.1521708,0.10602960735559464,0.8688362836837769,0.7438413500785828
YNL053W,YKL101W,0,-0.1522083,0.1060168445110321,0.8688362836837769,0.7439415454864502
YIL135C,YLR187W,0,-0.15231216,0.10600408911705017,0.8688362836837769,0.7440416812896729
YMR008C,YBR276C,0,-0.15238926,0.10599134117364883,0.8688362836837769,0.7441418170928955
YDL227C,YDR280W,1,-0.15239793,0.10609888285398483,0.8698225021362305,0.7441418170928955
YGL094C,YAL015C,1,-0.15240696,0.10620640218257904,0.8708086609840393,0.7441418170928955
YMR137C,YOL042W,1,-0.15277797,0.10631389170885086,0.8717948794364929,0.7441418170928955
YJL044C,YER164W,0,-0.15285128,0.10630110651254654,0.8717948794364929,0.7442419528961182
YNL075W,YJL115W,0,-0.15286241,0.10628832876682281,0.8717948794364929,0.7443420886993408
YMR167W,YNL158W,0,-0.15289795,0.1062755435705185,0.8717948794364929,0.7444422245025635
YNL159C,YCR083W,0,-0.15295824,0.10626277327537537,0.8717948794364929,0.7445423603057861
YDL052C,YPL227C,0,-0.15308228,0.10625000298023224,0.8717948794364929,0.7446424961090088
YGL206C,YKL168C,0,-0.15309565,0.10623723268508911,0.8717948794364929,0.7447426319122314
YKL176C,YKR038C,0,-0.15315115,0.10622446238994598,0.8717948794364929,0.7448427677154541
YOL125W,YDL074C,0,-0.15322435,0.10621169954538345,0.8717948794364929,0.7449429035186768
YGL020C,YLR064W,0,-0.15350582,0.10619894415140152,0.8717948794364929,0.7450430393218994
YBL084C,YGR157W,0,-0.15352291,0.10618618875741959,0.8717948794364929,0.7451431751251221
YMR262W,YNL102W,1,-0.15363732,0.10629353672266006,0.8727810382843018,0.7451431751251221
YGR091W,YBR161W,0,-0.1537787,0.10628077387809753,0.8727810382843018,0.7452433109283447
YHR101C,YJR040W,0,-0.15381724,0.106268011033535,0.8727810382843018,0.7453435063362122
YGL210W,YNL222W,0,-0.15404312,0.10625525563955307,0.8727810382843018,0.7454436421394348
YPR065W,YIL135C,0,-0.15407091,0.10624250024557114,0.8727810382843018,0.7455437779426575
YNL030W,YDL083C,0,-0.15410155,0.1062297448515892,0.8727810382843018,0.7456439137458801
YLL033W,YJL214W,0,-0.15413344,0.10621699690818787,0.8727810382843018,0.7457440495491028
YNL090W,YER157W,0,-0.15419379,0.10620424896478653,0.8727810382843018,0.7458441853523254
YER052C,YOR155C,0,-0.15435144,0.10619150102138519,0.8727810382843018,0.7459443211555481
YDL060W,YDR011W,0,-0.15435258,0.10617876052856445,0.8727810382843018,0.7460444569587708
YKL178C,YGR065C,0,-0.15444462,0.10616602748632431,0.8727810382843018,0.7461445927619934
YKL165C,YPL029W,0,-0.15448189,0.10615329444408417,0.8727810382843018,0.7462447285652161
YLR043C,YHR089C,0,-0.15451829,0.10614056140184402,0.8727810382843018,0.7463448643684387
YER003C,YPR163C,0,-0.15467714,0.10612783581018448,0.8727810382843018,0.7464450001716614
YHR046C,YOR037W,0,-0.15472072,0.10611511021852493,0.8727810382843018,0.746545135974884
YGL050W,YJL002C,0,-0.15474683,0.10610238462686539,0.8727810382843018,0.7466453313827515
YPL085W,YLR080W,0,-0.15476438,0.10608966648578644,0.8727810382843018,0.7467454671859741
YOR116C,YOL108C,0,-0.15478508,0.10607694834470749,0.8727810382843018,0.7468456029891968
YPL017C,YLR035C,0,-0.1547883,0.10606423765420914,0.8727810382843018,0.7469457387924194
YBR152W,YIL083C,0,-0.15481663,0.10605152696371078,0.8727810382843018,0.7470458745956421
YOR209C,YGR104C,0,-0.15495074,0.10603882372379303,0.8727810382843018,0.7471460103988647
YOR038C,YBR083W,0,-0.1549982,0.10602612048387527,0.8727810382843018,0.7472461462020874
YMR198W,YGL039W,0,-0.15502733,0.10601341724395752,0.8727810382843018,0.7473462820053101
YER061C,YOR173W,0,-0.15509039,0.10600072145462036,0.8727810382843018,0.7474464178085327
YFR031C,YNR035C,0,-0.15513346,0.1059880256652832,0.8727810382843018,0.7475465536117554
YNL262W,YDR402C,0,-0.15527827,0.10597532987594604,0.8727810382843018,0.747646689414978
YDR448W,YOL102C,0,-0.15534016,0.10596264153718948,0.8727810382843018,0.7477468252182007
YBR133C,YGR225W,0,-0.15542412,0.10594996064901352,0.8727810382843018,0.7478469610214233
YCL061C,YOR188W,0,-0.15559098,0.10593727231025696,0.8727810382843018,0.747947096824646
YDR001C,YLR078C,0,-0.15566917,0.10592459887266159,0.8727810382843018,0.7480472922325134
YDL148C,YCR068W,0,-0.15570697,0.10591191798448563,0.8727810382843018,0.7481474280357361
YNL283C,YKL073W,0,-0.15578091,0.10589924454689026,0.8727810382843018,0.7482475638389587
YJL140W,YHL020C,0,-0.15596408,0.10588657855987549,0.8727810382843018,0.7483476996421814
YOL109W,YLR216C,0,-0.15610151,0.10587390512228012,0.8727810382843018,0.748447835445404
YEL064C,YMR216C,0,-0.1563802,0.10586124658584595,0.8727810382843018,0.7485479712486267
YGR200C,YBR123C,0,-0.15638298,0.10584858059883118,0.8727810382843018,0.7486481070518494
YGL145W,YHR091C,0,-0.1564397,0.105835922062397,0.8727810382843018,0.748748242855072
YEL077C,YDR296W,0,-0.1567466,0.10582327097654343,0.8727810382843018,0.7488483786582947
YMR089C,YKL089W,0,-0.1567767,0.10581061989068985,0.8727810382843018,0.7489485144615173
YDR170C,YNL126W,0,-0.15687692,0.10579796880483627,0.8727810382843018,0.74904865026474
YDR251W,YHR117W,0,-0.15703511,0.1057853251695633,0.8727810382843018,0.7491487860679626
YOR293W,YOR360C,0,-0.15709269,0.10577268153429031,0.8727810382843018,0.7492489218711853
YHR094C,YNL279W,0,-0.157167,0.10576003789901733,0.8727810382843018,0.7493491172790527
YBL050W,YKL035W,0,-0.15724182,0.10574740171432495,0.8727810382843018,0.7494492530822754
YPR021C,YOR360C,0,-0.15727818,0.10573476552963257,0.8727810382843018,0.749549388885498
YNL131W,YKL172W,0,-0.15728027,0.10572213679552078,0.8727810382843018,0.7496495246887207
YPR061C,YMR208W,0,-0.15732051,0.105709508061409,0.8727810382843018,0.7497496604919434
YFR042W,YER150W,0,-0.15735132,0.10569687932729721,0.8727810382843018,0.749849796295166
YCR004C,YNL261W,0,-0.15740137,0.10568425804376602,0.8727810382843018,0.7499499320983887
YER145C,YMR121C,0,-0.15740162,0.10567164421081543,0.8727810382843018,0.7500500679016113
YGR218W,YDL104C,0,-0.15740733,0.10565902292728424,0.8727810382843018,0.750150203704834
YOL082W,YPR006C,0,-0.15757571,0.10564640909433365,0.8727810382843018,0.7502503395080566
YJL129C,YGR090W,0,-0.15762591,0.10563380271196365,0.8727810382843018,0.7503504753112793
YBL019W,YOL104C,0,-0.15768453,0.10562119632959366,0.8727810382843018,0.750450611114502
YGR276C,YGL085W,1,-0.15771459,0.10572792589664459,0.8737672567367554,0.750450611114502
YDL197C,YOR047C,0,-0.15776414,0.105715312063694,0.8737672567367554,0.7505507469177246
YKR045C,YKL090W,0,-0.15780082,0.10570269823074341,0.8737672567367554,0.7506508827209473
YML125C,YOR306C,0,-0.15783502,0.10569008439779282,0.8737672567367554,0.7507510781288147
YDL095W,YGL208W,0,-0.15785737,0.10567747801542282,0.8737672567367554,0.7508512139320374
YPR009W,YDR496C,0,-0.15794784,0.10566487908363342,0.8737672567367554,0.75095134973526
YKR026C,YPL160W,0,-0.1580061,0.10565228015184402,0.8737672567367554,0.7510514855384827
YAL053W,YER029C,0,-0.15803245,0.10563968122005463,0.8737672567367554,0.7511516213417053
YML043C,YER001W,0,-0.15804909,0.10562708973884583,0.8737672567367554,0.751251757144928
YJL090C,YDR449C,0,-0.15808049,0.10561449825763702,0.8737672567367554,0.7513518929481506
YPR171W,YKR098C,0,-0.1581122,0.10560190677642822,0.8737672567367554,0.7514520287513733
YMR114C,YOL123W,0,-0.15830912,0.10558932274580002,0.8737672567367554,0.751552164554596
YGR274C,YDR536W,0,-0.15833034,0.10557673871517181,0.8737672567367554,0.7516523003578186
YGR156W,YBR128C,0,-0.15840304,0.1055641621351242,0.8737672567367554,0.7517524361610413
YCL004W,YBL060W,0,-0.15840656,0.1055515855550766,0.8737672567367554,0.7518525719642639
YLL023C,YGR257C,0,-0.15846506,0.10553900897502899,0.8737672567367554,0.7519527077674866
YBR096W,YMR083W,0,-0.15860966,0.10552643984556198,0.8737672567367554,0.752052903175354
YHR207C,YOR278W,0,-0.1586718,0.10551387071609497,0.8737672567367554,0.7521530389785767
YER053C,YNL166C,0,-0.15871714,0.10550130903720856,0.8737672567367554,0.7522531747817993
YEL016C,YER049W,0,-0.15877655,0.10548874735832214,0.8737672567367554,0.752353310585022
YKL222C,YJR110W,0,-0.1588207,0.10547619313001633,0.8737672567367554,0.7524534463882446
YDR085C,YLR297W,0,-0.15886593,0.10546363890171051,0.8737672567367554,0.7525535821914673
YKL205W,YKL096W,0,-0.15887749,0.1054510846734047,0.8737672567367554,0.7526537179946899
YOR299W,YNR075W,0,-0.1589383,0.10543853044509888,0.8737672567367554,0.7527538537979126
YAL021C,YDR293C,1,-0.15895104,0.10554497689008713,0.874753475189209,0.7527538537979126
YNL321W,YDR260C,0,-0.15900105,0.10553242266178131,0.874753475189209,0.7528539896011353
YGL224C,YMR315W,0,-0.15905458,0.1055198684334755,0.874753475189209,0.7529541254043579
YNR045W,YDL060W,0,-0.15909788,0.10550731420516968,0.874753475189209,0.7530542612075806
YGL031C,YER173W,0,-0.15912038,0.10549476742744446,0.874753475189209,0.7531543970108032
YGR081C,YJL097W,0,-0.15927824,0.10548222064971924,0.874753475189209,0.7532545328140259
YKL213C,YPR191W,0,-0.15931927,0.10546968132257462,0.874753475189209,0.7533546686172485
YIL133C,YDR347W,0,-0.15948485,0.10545714199542999,0.874753475189209,0.753454864025116
YLR088W,YHR074W,0,-0.15950023,0.10544460266828537,0.874753475189209,0.7535549998283386
YPL098C,YGL147C,0,-0.15953511,0.10543207079172134,0.874753475189209,0.7536551356315613
YNL221C,YLR107W,1,-0.15958887,0.10553839057683945,0.8757396340370178,0.7536551356315613
YKL010C,YPL223C,0,-0.15974689,0.10552584379911423,0.8757396340370178,0.7537552714347839
YJL060W,YLR116W,0,-0.15977477,0.1055133044719696,0.8757396340370178,0.7538554072380066
YBL102W,YAL021C,0,-0.15981889,0.10550077259540558,0.8757396340370178,0.7539555430412292
YOR304C-A,YER101C,0,-0.159852,0.10548824071884155,0.8757396340370178,0.7540556788444519
YDL198C,YNR040W,0,-0.15988739,0.10547570884227753,0.8757396340370178,0.7541558146476746
YLR045C,YJR121W,0,-0.15995401,0.1054631844162941,0.8757396340370178,0.7542559504508972
YKL084W,YDR331W,0,-0.1600424,0.10545065999031067,0.8757396340370178,0.7543560862541199
YNR046W,YDR229W,0,-0.16015695,0.10543813556432724,0.8757396340370178,0.7544562220573425
YIL048W,YLR079W,0,-0.16019112,0.10542561858892441,0.8757396340370178,0.7545563578605652
YJR107W,YIL177C,0,-0.16020834,0.10541310906410217,0.8757396340370178,0.7546564936637878
YML054C,YMR173W,0,-0.16024415,0.10540059208869934,0.8757396340370178,0.7547566890716553
YHR004C,YHL004W,0,-0.1607014,0.1053880825638771,0.8757396340370178,0.7548568248748779
YER157W,YLR008C,0,-0.16088049,0.10537558048963547,0.8757396340370178,0.7549569606781006
YHR081W,YIR028W,0,-0.16094431,0.10536307841539383,0.8757396340370178,0.7550570964813232
YDR310C,YLR381W,0,-0.16107574,0.10535057634115219,0.8757396340370178,0.7551572322845459
YIL091C,YAR035W,0,-0.16113657,0.10533808171749115,0.8757396340370178,0.7552573680877686
YLR348C,YNL265C,0,-0.16130883,0.10532558709383011,0.8757396340370178,0.7553575038909912
YDR245W,YOR251C,0,-0.16167428,0.10531309247016907,0.8757396340370178,0.7554576396942139
YGL039W,YLR103C,0,-0.16175202,0.10530060529708862,0.8757396340370178,0.7555577754974365
YGR200C,YJR040W,0,-0.16192311,0.10528811812400818,0.8757396340370178,0.7556579113006592
YBR175W,YOR148C,0,-0.16237682,0.10527563840150833,0.8757396340370178,0.7557580471038818
YBL052C,YJR144W,0,-0.16246773,0.10526315867900848,0.8757396340370178,0.7558581829071045
YMR128W,YHR089C,0,-0.16252056,0.10525067895650864,0.8757396340370178,0.7559583187103271
YJL134W,YML130C,0,-0.16253744,0.10523820668458939,0.8757396340370178,0.7560584545135498
YOR116C,YJL139C,0,-0.16258083,0.10522573441267014,0.8757396340370178,0.7561586499214172
YHR107C,YNR032W,0,-0.16261825,0.10521326959133148,0.8757396340370178,0.7562587857246399
YNL178W,YMR289W,0,-0.16272607,0.10520080476999283,0.8757396340370178,0.7563589215278625
YMR303C,YGR264C,0,-0.16275042,0.10518834739923477,0.8757396340370178,0.7564590573310852
YGL099W,YKR092C,0,-0.16278732,0.10517588257789612,0.8757396340370178,0.7565591931343079
YOR353C,YOL057W,0,-0.16295272,0.10516343265771866,0.8757396340370178,0.7566593289375305
YFR033C,YKR019C,0,-0.16301394,0.1051509752869606,0.8757396340370178,0.7567594647407532
YML043C,YJR155W,0,-0.16307202,0.10513852536678314,0.8757396340370178,0.7568596005439758
YDR307W,YBR026C,0,-0.16323556,0.10512608289718628,0.8757396340370178,0.7569597363471985
YAR003W,YOL027C,0,-0.16326034,0.10511363297700882,0.8757396340370178,0.7570598721504211
YJR010W,YKL195W,0,-0.16326839,0.10510119795799255,0.8757396340370178,0.7571600079536438
YOR127W,YJL166W,0,-0.16328931,0.10508875548839569,0.8757396340370178,0.7572601437568665
YEL077C,YDL109C,0,-0.16331324,0.10507632046937943,0.8757396340370178,0.7573602795600891
YOR391C,YDL140C,0,-0.16347645,0.10506389290094376,0.8757396340370178,0.7574604153633118
YOR375C,YOR066W,0,-0.16352755,0.10505145788192749,0.8757396340370178,0.7575606107711792
YLL011W,YBL057C,0,-0.16358274,0.10503903776407242,0.8757396340370178,0.7576607465744019
YGR158C,YGR128C,0,-0.16359004,0.10502661019563675,0.8757396340370178,0.7577608823776245
YHR012W,YDR182W,0,-0.16359827,0.10501419007778168,0.8757396340370178,0.7578610181808472
YIL157C,YOR368W,0,-0.16363424,0.1050017699599266,0.8757396340370178,0.7579611539840698
YBL027W,YOR234C,0,-0.16364819,0.10498935729265213,0.8757396340370178,0.7580612897872925
YGL173C,YIR015W,1,-0.16365084,0.10509516298770905,0.8767258524894714,0.7580612897872925
YNR041C,YLR126C,0,-0.16365361,0.10508274286985397,0.8767258524894714,0.7581614255905151
YML009C,YKL090W,0,-0.16367342,0.1050703227519989,0.8767258524894714,0.7582615613937378
YPR196W,YPL128C,0,-0.1636984,0.10505790263414383,0.8767258524894714,0.7583616971969604
YJL066C,YHR164C,0,-0.16371186,0.10504548996686935,0.8767258524894714,0.7584618330001831
YIL080W,YPR019W,0,-0.16374461,0.10503308475017548,0.8767258524894714,0.7585619688034058
YER001W,YCL014W,0,-0.16377904,0.105020672082901,0.8767258524894714,0.7586621046066284
YML104C,YLR024C,0,-0.16394866,0.10500826686620712,0.8767258524894714,0.7587622404098511
YGL055W,YLR449W,0,-0.16396257,0.10499586910009384,0.8767258524894714,0.7588624358177185
YJL065C,YMR165C,0,-0.16398743,0.10498346388339996,0.8767258524894714,0.7589625716209412
YIR025W,YDR349C,0,-0.16414878,0.10497107356786728,0.8767258524894714,0.7590627074241638
YDL222C,YPR081C,0,-0.16422473,0.104958675801754,0.8767258524894714,0.7591628432273865
YER019C-A,YDR293C,0,-0.16430464,0.10494628548622131,0.8767258524894714,0.7592629790306091
YNR067C,YOL007C,0,-0.16431108,0.10493390262126923,0.8767258524894714,0.7593631148338318
YER089C,YML064C,0,-0.16437995,0.10492151230573654,0.8767258524894714,0.7594632506370544
YPL104W,YCR067C,0,-0.16440037,0.10490913689136505,0.8767258524894714,0.7595633864402771
YEL047C,YPL211W,0,-0.16442731,0.10489675402641296,0.8767258524894714,0.7596635222434998
YDL111C,YNL124W,0,-0.1644911,0.10488437861204147,0.8767258524894714,0.7597636580467224
YBL045C,YPR079W,0,-0.16457218,0.10487200319766998,0.8767258524894714,0.7598637938499451
YGL023C,YBR291C,0,-0.16457324,0.10485963523387909,0.8767258524894714,0.7599639296531677
YDR264C,YJL125C,0,-0.16458766,0.1048472672700882,0.8767258524894714,0.7600640654563904
YNL046W,YHR074W,0,-0.16463526,0.1048349067568779,0.8767258524894714,0.760164201259613
YCR083W,YNL273W,0,-0.16473894,0.1048225462436676,0.8767258524894714,0.7602643966674805
YJR022W,YBR223C,0,-0.16475122,0.1048101857304573,0.8767258524894714,0.7603645324707031
YBR136W,YGR087C,0,-0.16476275,0.1047978326678276,0.8767258524894714,0.7604646682739258
YER007W,YIL114C,0,-0.16477603,0.1047854796051979,0.8767258524894714,0.7605648040771484
YGR194C,YDL165W,0,-0.16481507,0.1047731265425682,0.8767258524894714,0.7606649398803711
YDL020C,YGR288W,0,-0.16482955,0.1047607809305191,0.8767258524894714,0.7607650756835938
YKR061W,YCL032W,0,-0.16487506,0.10474843531847,0.8767258524894714,0.7608652114868164
YGR152C,YDR229W,0,-0.16501087,0.1047360971570015,0.8767258524894714,0.7609653472900391
YDR151C,YJR059W,0,-0.16502982,0.10472375899553299,0.8767258524894714,0.7610654830932617
YAL039C,YDR466W,0,-0.16510703,0.10471142828464508,0.8767258524894714,0.7611656188964844
YDR140W,YJR021C,0,-0.16511592,0.10469909012317657,0.8767258524894714,0.761265754699707
YML012W,YOL064C,0,-0.16519505,0.10468676686286926,0.8767258524894714,0.7613658905029297
YLR467W,YAL010C,0,-0.16532956,0.10467443615198135,0.8767258524894714,0.7614660263061523
YHR176W,YDR174W,0,-0.16542321,0.10466211289167404,0.8767258524894714,0.7615662217140198
YMR137C,YGR116W,0,-0.16554937,0.10464979708194733,0.8767258524894714,0.7616663575172424
YER017C,YDL110C,0,-0.16555703,0.10463747382164001,0.8767258524894714,0.7617664933204651
YAL062W,YLR268W,0,-0.16559708,0.1046251654624939,0.8767258524894714,0.7618666291236877
YDL047W,YPL008W,0,-0.16601408,0.10461284965276718,0.8767258524894714,0.7619667649269104
YGR214W,YJR040W,0,-0.16615053,0.10460054129362106,0.8767258524894714,0.7620669007301331
YIL131C,YAL010C,0,-0.16631639,0.10458823293447495,0.8767258524894714,0.7621670365333557
YBR006W,YPL131W,0,-0.16639017,0.10457593202590942,0.8767258524894714,0.7622671723365784
YNR049C,YMR298W,0,-0.1664264,0.1045636311173439,0.8767258524894714,0.762367308139801
YMR130W,YOR285W,0,-0.16644555,0.10455133765935898,0.8767258524894714,0.7624674439430237
YCR072C,YPL031C,0,-0.16648887,0.10453903675079346,0.8767258524894714,0.7625675797462463
YOR035C,YOR084W,0,-0.16652659,0.10452675074338913,0.8767258524894714,0.762667715549469
YDR541C,YOR155C,0,-0.16653326,0.1045144572854042,0.8767258524894714,0.7627678513526917
YOR332W,YML026C,0,-0.16663474,0.10450217127799988,0.8767258524894714,0.7628679871559143
YDR238C,YLR002C,0,-0.16669658,0.10448989272117615,0.8767258524894714,0.7629681825637817
YBL045C,YKL018W,0,-0.16680802,0.10447761416435242,0.8767258524894714,0.7630683183670044
YCR072C,YGL147C,0,-0.16683999,0.10446533560752869,0.8767258524894714,0.763168454170227
YGL048C,YHR010W,0,-0.16688316,0.10445305705070496,0.8767258524894714,0.7632685899734497
YER082C,YDR318W,0,-0.16690667,0.10444078594446182,0.8767258524894714,0.7633687257766724
YLR027C,YGL150C,0,-0.16695096,0.10442852228879929,0.8767258524894714,0.763468861579895
YDR069C,YGL065C,0,-0.16707681,0.10441625863313675,0.8767258524894714,0.7635689973831177
YDR264C,YDL127W,0,-0.16716996,0.10440399497747421,0.8767258524894714,0.7636691331863403
YLR310C,YPR066W,0,-0.16718017,0.10439173132181168,0.8767258524894714,0.763769268989563
YGR095C,YDR332W,0,-0.16723032,0.10437947511672974,0.8767258524894714,0.7638694047927856
YDR054C,YPL186C,0,-0.1673082,0.1043672189116478,0.8767258524894714,0.7639695405960083
YNL185C,YJL008C,0,-0.16766292,0.10435497015714645,0.8767258524894714,0.764069676399231
YBR037C,YLR138W,0,-0.16787075,0.10434272140264511,0.8767258524894714,0.7641698122024536
YBR207W,YKR025W,0,-0.16788453,0.10433048009872437,0.8767258524894714,0.764270007610321
YOR142W,YPL266W,0,-0.16793224,0.10431823879480362,0.8767258524894714,0.7643701434135437
YLR079W,YOL058W,0,-0.16811241,0.10430599749088287,0.8767258524894714,0.7644702792167664
YHR041C,YBR265W,0,-0.16820973,0.10429375618696213,0.8767258524894714,0.764570415019989
YIL103W,YER171W,0,-0.16826013,0.10428152233362198,0.8767258524894714,0.7646705508232117
YNL102W,YDR279W,1,-0.16836071,0.1043865829706192,0.8777120113372803,0.7646705508232117
YJL034W,YGL083W,0,-0.16860819,0.10437434166669846,0.8777120113372803,0.7647706866264343
YMR043W,YBL057C,0,-0.16868779,0.10436210036277771,0.8777120113372803,0.764870822429657
YGR061C,YLR045C,0,-0.16879033,0.10434986650943756,0.8777120113372803,0.7649709582328796
YMR272C,YNL219C,0,-0.16880777,0.10433763265609741,0.8777120113372803,0.7650710940361023
YNR023W,YJR055W,0,-0.168901,0.10432539880275726,0.8777120113372803,0.765171229839325
YNL073W,YBR204C,0,-0.16892266,0.10431317239999771,0.8777120113372803,0.7652713656425476
YOR303W,YIR006C,0,-0.16896603,0.10430094599723816,0.8777120113372803,0.7653715014457703
YBR142W,YHL036W,0,-0.1690383,0.1042887270450592,0.8777120113372803,0.7654716372489929
YOL111C,YLR327C,0,-0.16908324,0.10427650809288025,0.8777120113372803,0.7655717730522156
YNL306W,YJR045C,0,-0.16917437,0.1042642891407013,0.8777120113372803,0.765671968460083
YLR371W,YOR150W,0,-0.1691878,0.10425207763910294,0.8777120113372803,0.7657721042633057
YDR316W,YOR210W,0,-0.16919522,0.10423986613750458,0.8777120113372803,0.7658722400665283
YGL211W,YPR052C,0,-0.16921411,0.10422766208648682,0.8777120113372803,0.765972375869751
YNL264C,YNL047C,0,-0.16943464,0.10421545803546906,0.8777120113372803,0.7660725116729736
YIL160C,YIL078W,0,-0.16948178,0.1042032539844513,0.8777120113372803,0.7661726474761963
YIR023W,YNL027W,0,-0.16949293,0.10419105738401413,0.8777120113372803,0.766272783279419
YLR029C,YCR096C,0,-0.16972078,0.10417886078357697,0.8777120113372803,0.7663729190826416
YBL084C,YJL157C,0,-0.16974625,0.1041666641831398,0.8777120113372803,0.7664730548858643
YNL072W,YOL145C,0,-0.16976352,0.10415447503328323,0.8777120113372803,0.7665731906890869
YIL082W-A,YPL072W,0,-0.16981964,0.10414228588342667,0.8777120113372803,0.7666733264923096
YLR320W,YNR022C,0,-0.16991483,0.1041301041841507,0.8777120113372803,0.7667734622955322
YOR274W,YMR323W,0,-0.17006095,0.10411792248487473,0.8777120113372803,0.7668735980987549
YMR291W,YBL092W,0,-0.17018908,0.10410574078559875,0.8777120113372803,0.7669737339019775
YDR503C,YHR176W,0,-0.17022897,0.10409356653690338,0.8777120113372803,0.767073929309845
YJR101W,YGL077C,0,-0.17023069,0.10408139228820801,0.8777120113372803,0.7671740651130676
YEL034W,YLR421C,0,-0.1704407,0.10406922549009323,0.8777120113372803,0.7672742009162903
YGL043W,YPR186C,0,-0.17074132,0.10405705869197845,0.8777120113372803,0.7673743367195129
YGL187C,YIL016W,0,-0.1707654,0.10404489189386368,0.8777120113372803,0.7674744725227356
YBL040C,YKL035W,0,-0.17083251,0.1040327325463295,0.8777120113372803,0.7675746083259583
YPR107C,YJR097W,0,-0.1708661,0.10402057319879532,0.8777120113372803,0.7676747441291809
YDR128W,YDR424C,0,-0.17086886,0.10400841385126114,0.8777120113372803,0.7677748799324036
YNL186W,YGL002W,0,-0.17100957,0.10399626195430756,0.8777120113372803,0.7678750157356262
YPR127W,YFL034C-A,0,-0.17118785,0.10398411005735397,0.8777120113372803,0.7679751515388489
YOR142W,YNL273W,0,-0.17133923,0.10397196561098099,0.8777120113372803,0.7680752873420715
YGR063C,YDR196C,0,-0.17134008,0.103959821164608,0.8777120113372803,0.7681754231452942
YPL258C,YAL032C,0,-0.1714255,0.10394767671823502,0.8777120113372803,0.7682755589485168
YKL157W,YOR180C,0,-0.17152224,0.10393553972244263,0.8777120113372803,0.7683757543563843
YKL049C,YKL038W,0,-0.17157423,0.10392340272665024,0.8777120113372803,0.7684758901596069
YKL065C,YGL017W,0,-0.17175254,0.10391126573085785,0.8777120113372803,0.7685760259628296
YMR289W,YER147C,0,-0.1717964,0.10389913618564606,0.8777120113372803,0.7686761617660522
YBR166C,YNL279W,0,-0.17194873,0.10388700664043427,0.8777120113372803,0.7687762975692749
YOR382W,YMR321C,0,-0.17195743,0.10387488454580307,0.8777120113372803,0.7688764333724976
YIL047C,YGL030W,0,-0.17203745,0.10386276245117188,0.8777120113372803,0.7689765691757202
YHR067W,YPL122C,0,-0.17217393,0.10385064035654068,0.8777120113372803,0.7690767049789429
YBL020W,YOR382W,0,-0.1722841,0.10383852571249008,0.8777120113372803,0.7691768407821655
YOR243C,YNR015W,0,-0.17238824,0.10382641106843948,0.8777120113372803,0.7692769765853882
YDR388W,YEL058W,0,-0.17249931,0.10381430387496948,0.8777120113372803,0.7693771123886108
YLR090W,YGL099W,0,-0.1725224,0.10380218923091888,0.8777120113372803,0.7694772481918335
YPL038W,YDR018C,0,-0.17257471,0.10379008948802948,0.8777120113372803,0.7695773839950562
YDR418W,YDR529C,0,-0.17258176,0.10377798229455948,0.8777120113372803,0.7696775197982788
YDR166C,YLR332W,0,-0.17271708,0.10376588255167007,0.8777120113372803,0.7697777152061462
YER162C,YHR003C,0,-0.17285371,0.10375379025936127,0.8777120113372803,0.7698778510093689
YGL237C,YHR123W,0,-0.17290242,0.10374169796705246,0.8777120113372803,0.7699779868125916
YJR025C,YML074C,0,-0.17295226,0.10372960567474365,0.8777120113372803,0.7700781226158142
YLR332W,YGL253W,0,-0.17300457,0.10371751338243484,0.8777120113372803,0.7701782584190369
YKL218C,YNL127W,0,-0.17309064,0.10370542854070663,0.8777120113372803,0.7702783942222595
YIL065C,YBL068W,0,-0.17309475,0.10369334369897842,0.8777120113372803,0.7703785300254822
YNL015W,YNL134C,0,-0.17311192,0.10368126630783081,0.8777120113372803,0.7704786658287048
YMR278W,YPR125W,0,-0.17317647,0.1036691889166832,0.8777120113372803,0.7705788016319275
YJL141C,YML080W,0,-0.17321098,0.10365711897611618,0.8777120113372803,0.7706789374351501
YER113C,YOR131C,0,-0.17338035,0.10364504158496857,0.8777120113372803,0.7707790732383728
YML062C,YBR176W,0,-0.17356996,0.10363297909498215,0.8777120113372803,0.7708792090415955
YNL331C,YDL180W,0,-0.17360917,0.10362090915441513,0.8777120113372803,0.7709793448448181
YNL102W,YKL149C,1,-0.17370676,0.10372526198625565,0.8786982297897339,0.7709793448448181
YJL033W,YDR107C,0,-0.17372559,0.10371318459510803,0.8786982297897339,0.7710795402526855
YDL236W,YJL206C,0,-0.1738607,0.10370111465454102,0.8786982297897339,0.7711796760559082
YDR448W,YER039C,0,-0.17395177,0.1036890521645546,0.8786982297897339,0.7712798118591309
YLR332W,YOR347C,0,-0.17399111,0.10367698222398758,0.8786982297897339,0.7713799476623535
YKL004W,YER050C,0,-0.17406888,0.10366491973400116,0.8786982297897339,0.7714800834655762
YMR290C,YJL091C,0,-0.17415127,0.10365286469459534,0.8786982297897339,0.7715802192687988
YCR011C,YOR347C,0,-0.17425057,0.10364080220460892,0.8786982297897339,0.7716803550720215
YLR312W-A,YDR478W,1,-0.17427102,0.10374505817890167,0.8796843886375427,0.7716803550720215
YNL039W,YNL270C,0,-0.1743179,0.10373299568891525,0.8796843886375427,0.7717804908752441
YGL071W,YMR052W,0,-0.17434046,0.10372093319892883,0.8796843886375427,0.7718806266784668
YDR043C,YFL034C-A,0,-0.17435516,0.10370887070894241,0.8796843886375427,0.7719807624816895
YPR024W,YJL214W,0,-0.17450342,0.10369681566953659,0.8796843886375427,0.7720808982849121
YGL168W,YOR239W,0,-0.17450954,0.10368476063013077,0.8796843886375427,0.7721810340881348
YDR386W,YNL001W,1,-0.17451555,0.10378893464803696,0.8806706070899963,0.7721810340881348
YPR133W-A,YOR307C,0,-0.17455956,0.10377687215805054,0.8806706070899963,0.7722811698913574
YDR497C,YCL050C,0,-0.17459574,0.10376481711864471,0.8806706070899963,0.7723813056945801
YJL095W,YDR302W,0,-0.17461109,0.10375276207923889,0.8806706070899963,0.7724815011024475
YOL018C,YPR198W,0,-0.17463976,0.10374070703983307,0.8806706070899963,0.7725816369056702
YDR524C,YNR022C,0,-0.17492193,0.10372865945100784,0.8806706070899963,0.7726817727088928
YDR337W,YHR016C,0,-0.17494719,0.10371661186218262,0.8806706070899963,0.7727819085121155
YBL005W-B,YIL080W,1,-0.17498606,0.10382069647312164,0.88165682554245,0.7727819085121155
YFL062W,YOR285W,0,-0.17498933,0.10380864143371582,0.88165682554245,0.7728820443153381
YKL168C,YOR020C,0,-0.17501514,0.10379658639431,0.88165682554245,0.7729821801185608
YDR307W,YDR056C,0,-0.17509241,0.10378453880548477,0.88165682554245,0.7730823159217834
YJR121W,YMR319C,0,-0.17510995,0.10377249121665955,0.88165682554245,0.7731824517250061
YNL010W,YMR080C,0,-0.17515457,0.10376044362783432,0.88165682554245,0.7732825875282288
YAL058W,YPR056W,0,-0.17518938,0.10374840348958969,0.88165682554245,0.7733827233314514
YGL173C,YIL082W-A,1,-0.17526793,0.10385239869356155,0.8826429843902588,0.7733827233314514
YIL051C,YJR126C,0,-0.17531177,0.10384035110473633,0.8826429843902588,0.7734828591346741
YGR216C,YPR185W,0,-0.17533366,0.1038283035159111,0.8826429843902588,0.7735829949378967
YGR220C,YBR221C,0,-0.17535542,0.10381626337766647,0.8826429843902588,0.7736831307411194
YGL013C,YHR141C,0,-0.17539959,0.10380422323942184,0.8826429843902588,0.7737833261489868
YKL126W,YML062C,0,-0.17541245,0.10379218310117722,0.8826429843902588,0.7738834619522095
YPL094C,YKL096W,0,-0.17542522,0.10378015041351318,0.8826429843902588,0.7739835977554321
YPL101W,YJR047C,0,-0.17544317,0.10376811772584915,0.8826429843902588,0.7740837335586548
YPL047W,YPR160W,0,-0.17548649,0.10375608503818512,0.8826429843902588,0.7741838693618774
YAL032C,YEL013W,0,-0.17549476,0.10374405980110168,0.8826429843902588,0.7742840051651001
YDR477W,YJL081C,0,-0.17555073,0.10373203456401825,0.8826429843902588,0.7743841409683228
YBR095C,YDR051C,0,-0.17558725,0.10372001677751541,0.8826429843902588,0.7744842767715454
YIR018W,YDR147W,0,-0.17567998,0.10370799899101257,0.8826429843902588,0.7745844125747681
YPL042C,YJR113C,0,-0.17578664,0.10369598120450974,0.8826429843902588,0.7746845483779907
YBR289W,YAR010C,0,-0.17580223,0.1036839634180069,0.8826429843902588,0.7747846841812134
YOR284W,YJR099W,0,-0.17581783,0.10367195308208466,0.8826429843902588,0.774884819984436
YCR010C,YNL290W,0,-0.17584041,0.10365995019674301,0.8826429843902588,0.7749849557876587
YJR005W,YPL123C,0,-0.17614695,0.10364794731140137,0.8826429843902588,0.7750850915908813
YDR036C,YCL027W,0,-0.17625323,0.10363594442605972,0.8826429843902588,0.7751852869987488
YDR163W,YOL129W,0,-0.1763292,0.10362394154071808,0.8826429843902588,0.7752854228019714
YLR278C,YDR477W,0,-0.17641127,0.10361194610595703,0.8826429843902588,0.7753855586051941
YCR039C,YGR154C,0,-0.17655078,0.10359995067119598,0.8826429843902588,0.7754856944084167
YML112W,YGR125W,0,-0.17661749,0.10358796268701553,0.8826429843902588,0.7755858302116394
YIR021W,YIL158W,0,-0.17663002,0.10357597470283508,0.8826429843902588,0.7756859660148621
YKL025C,YGR261C,0,-0.17676225,0.10356398671865463,0.8826429843902588,0.7757861018180847
YGL175C,YLR144C,0,-0.17683715,0.10355200618505478,0.8826429843902588,0.7758862376213074
YKL086W,YBR293W,0,-0.1770434,0.10354002565145493,0.8826429843902588,0.77598637342453
YJL102W,YIL110W,0,-0.17708828,0.10352805256843567,0.8826429843902588,0.7760865092277527
YML091C,YGR195W,1,-0.17709008,0.10363173484802246,0.8836292028427124,0.7760865092277527
YDL002C,YBR205W,0,-0.1770944,0.10361975431442261,0.8836292028427124,0.7761866450309753
YML036W,YDL049C,0,-0.17718697,0.10360777378082275,0.8836292028427124,0.776286780834198
YMR065W,YER055C,0,-0.17720841,0.1035957932472229,0.8836292028427124,0.7763869166374207
YML048W,YEL036C,0,-0.177324,0.10358381271362305,0.8836292028427124,0.7764870524406433
YGR184C,YOL113W,0,-0.17773998,0.10357183963060379,0.8836292028427124,0.7765872478485107
YFL014W,YNL218W,0,-0.17776468,0.10355987399816513,0.8836292028427124,0.7766873836517334
YMR208W,YDR363W-A,0,-0.17813557,0.10354790091514587,0.8836292028427124,0.776787519454956
YPL192C,YBL042C,0,-0.17837584,0.10353593528270721,0.8836292028427124,0.7768876552581787
YDL170W,YIL078W,0,-0.17854623,0.10352397710084915,0.8836292028427124,0.7769877910614014
YDL042C,YBR093C,0,-0.17857489,0.10351201146841049,0.8836292028427124,0.777087926864624
YLR155C,YOR304C-A,0,-0.17860259,0.10350006073713303,0.8836292028427124,0.7771880626678467
YMR236W,YPL008W,0,-0.1786822,0.10348810255527496,0.8836292028427124,0.7772881984710693
YDL180W,YGR128C,0,-0.17877942,0.1034761518239975,0.8836292028427124,0.777388334274292
YGR229C,YKR101W,0,-0.17886251,0.10346420109272003,0.8836292028427124,0.7774884700775146
YOR216C,YJL046W,0,-0.17893846,0.10345225781202316,0.8836292028427124,0.7775886058807373
YGR223C,YNR039C,0,-0.17897962,0.1034403145313263,0.8836292028427124,0.77768874168396
YDR214W,YPL030W,0,-0.17899394,0.10342837125062943,0.8836292028427124,0.7777888774871826
YOR198C,YDL014W,0,-0.17903794,0.10341643542051315,0.8836292028427124,0.77788907289505
YOL125W,YMR025W,0,-0.1792246,0.10340449959039688,0.8836292028427124,0.7779892086982727
YNL113W,YNL257C,0,-0.17934652,0.1033925712108612,0.8836292028427124,0.7780893445014954
YOR039W,YML109W,0,-0.1793814,0.10338064283132553,0.8836292028427124,0.778189480304718
YMR311C,YOR181W,0,-0.1794649,0.10336871445178986,0.8836292028427124,0.7782896161079407
YNL027W,YBR019C,0,-0.17963123,0.10335678607225418,0.8836292028427124,0.7783897519111633
YLR129W,YOR237W,0,-0.17967267,0.1033448651432991,0.8836292028427124,0.778489887714386
YDR050C,YAL035W,0,-0.1797274,0.10333295166492462,0.8836292028427124,0.7785900235176086
YJR015W,YGR268C,0,-0.17977904,0.10332103073596954,0.8836292028427124,0.7786901593208313
YPL195W,YLL015W,0,-0.17980042,0.10330911725759506,0.8836292028427124,0.778790295124054
YEL037C,YHR175W,0,-0.1798506,0.10329721122980118,0.8836292028427124,0.7788904309272766
YBR160W,YIL136W,0,-0.18006861,0.1032853052020073,0.8836292028427124,0.7789905667304993
YBL055C,YLL008W,0,-0.18017043,0.10327339917421341,0.8836292028427124,0.7790907025337219
YNL077W,YNL044W,0,-0.18017125,0.10326149314641953,0.8836292028427124,0.7791908383369446
YML051W,YKL059C,0,-0.18030727,0.10324959456920624,0.8836292028427124,0.779291033744812
YNL315C,YMR026C,0,-0.18038228,0.10323770344257355,0.8836292028427124,0.7793911695480347
YNL252C,YOR233W,0,-0.18039869,0.10322580486536026,0.8836292028427124,0.7794913053512573
YML114C,YJL044C,0,-0.18041901,0.10321391373872757,0.8836292028427124,0.77959144115448
YOR361C,YNR007C,0,-0.180531,0.10320203006267548,0.8836292028427124,0.7796915769577026
YMR024W,YLR277C,1,-0.18077363,0.10330531001091003,0.8846153616905212,0.7796915769577026
YPR112C,YNL192W,0,-0.18091957,0.10329341143369675,0.8846153616905212,0.7797917127609253
YML006C,YGL103W,0,-0.1810514,0.10328152030706406,0.8846153616905212,0.779891848564148
YLR357W,YNL306W,0,-0.18124834,0.10326962918043137,0.8846153616905212,0.7799919843673706
YDL065C,YNL270C,0,-0.18128864,0.10325773805379868,0.8846153616905212,0.7800921201705933
YGR134W,YMR071C,0,-0.18129568,0.10324585437774658,0.8846153616905212,0.7801922559738159
YJL129C,YGR157W,0,-0.18132891,0.10323397070169449,0.8846153616905212,0.7802923917770386
YGR251W,YLR447C,0,-0.1813427,0.10322209447622299,0.8846153616905212,0.7803925275802612
YOR317W,YER096W,0,-0.18135718,0.1032102182507515,0.8846153616905212,0.7804926633834839
YJL140W,YGR271C-A,0,-0.18136308,0.10319834202528,0.8846153616905212,0.7805928587913513
YIL115C,YPL095C,0,-0.18152219,0.1031864732503891,0.8846153616905212,0.780692994594574
YJL187C,YMR193W,0,-0.18159425,0.1031746044754982,0.8846153616905212,0.7807931303977966
YLR228C,YGL173C,0,-0.18177031,0.1031627357006073,0.8846153616905212,0.7808932662010193
YJR068W,YHR064C,0,-0.18177906,0.103150874376297,0.8846153616905212,0.7809934020042419
YNR018W,YJR015W,0,-0.18178031,0.1031390130519867,0.8846153616905212,0.7810935378074646
YMR172W,YML088W,0,-0.18181834,0.10312715917825699,0.8846153616905212,0.7811936736106873
YDR052C,YPR023C,0,-0.18187939,0.10311529785394669,0.8846153616905212,0.7812938094139099
YNL250W,YCR093W,1,-0.1819853,0.10321839153766632,0.8856015801429749,0.7812938094139099
YHR207C,YNL124W,0,-0.18201226,0.10320653021335602,0.8856015801429749,0.7813939452171326
YLR002C,YBR024W,0,-0.18214114,0.10319466888904572,0.8856015801429749,0.7814940810203552
YLR154C,YMR137C,1,-0.18231924,0.10329771041870117,0.8865877985954285,0.7814940810203552
YBR227C,YGR276C,0,-0.18234563,0.10328584909439087,0.8865877985954285,0.7815942168235779
YDL166C,YDR512C,0,-0.18234608,0.10327398031949997,0.8865877985954285,0.7816943526268005
YNL191W,YDL127W,0,-0.18236962,0.10326211899518967,0.8865877985954285,0.7817944884300232
YIR009W,YJL062W,0,-0.18245365,0.10325025767087936,0.8865877985954285,0.7818946242332458
YOR356W,YMR267W,0,-0.1824636,0.10323840379714966,0.8865877985954285,0.7819948196411133
YPL170W,YDR037W,0,-0.18249676,0.10322654992341995,0.8865877985954285,0.7820949554443359
YOR251C,YNR032W,0,-0.18254656,0.10321469604969025,0.8865877985954285,0.7821950912475586
YGR216C,YER029C,0,-0.18261597,0.10320284962654114,0.8865877985954285,0.7822952270507812
YER169W,YHR039C,0,-0.18264395,0.10319100320339203,0.8865877985954285,0.7823953628540039
YOR215C,YDL210W,0,-0.18268125,0.10317915678024292,0.8865877985954285,0.7824954986572266
YDR293C,YCR093W,1,-0.18269494,0.10328207165002823,0.8875739574432373,0.7824954986572266
YOL091W,YEL031W,0,-0.18271688,0.10327022522687912,0.8875739574432373,0.7825956344604492
YLR348C,YMR113W,0,-0.18272673,0.10325837880373001,0.8875739574432373,0.7826957702636719
YGR095C,YGR258C,1,-0.1827648,0.10336124897003174,0.8885601758956909,0.7826957702636719
YFL004W,YDR130C,0,-0.18287292,0.10334939509630203,0.8885601758956909,0.7827959060668945
YDR034C,YLR035C,0,-0.18299332,0.10333754122257233,0.8885601758956909,0.7828960418701172
YNL035C,YPR026W,0,-0.1829959,0.10332568734884262,0.8885601758956909,0.7829961776733398
YKL189W,YJL121C,0,-0.18333967,0.10331384092569351,0.8885601758956909,0.7830963134765625
YER124C,YLR187W,0,-0.18335447,0.1033019945025444,0.8885601758956909,0.7831964492797852
YDL111C,YNR052C,1,-0.18340848,0.10340479016304016,0.8895463347434998,0.7831964492797852
YKR050W,YDR079W,0,-0.18343483,0.10339293628931046,0.8895463347434998,0.7832966446876526
YOR310C,YDR492W,0,-0.18368514,0.10338108986616135,0.8895463347434998,0.7833967804908752
YDR478W,YLR430W,1,-0.18378049,0.10348384082317352,0.8905325531959534,0.7833967804908752
YNL225C,YDL107W,0,-0.18381755,0.10347198694944382,0.8905325531959534,0.7834969162940979
YLR429W,YJL206C,0,-0.18397585,0.10346012562513351,0.8905325531959534,0.7835970520973206
YJL130C,YDR159W,0,-0.18411246,0.1034482792019844,0.8905325531959534,0.7836971879005432
YJR063W,YLR145W,1,-0.18411331,0.1035509705543518,0.8915187120437622,0.7836971879005432
YMR184W,YGR287C,0,-0.18411759,0.1035391166806221,0.8915187120437622,0.7837973237037659
YMR214W,YDR196C,0,-0.18411884,0.1035272553563118,0.8915187120437622,0.7838974595069885
YKR028W,YLR414C,0,-0.18414123,0.10351540148258209,0.8915187120437622,0.7839975953102112
YHR175W,YMR193W,0,-0.18417792,0.10350354760885239,0.8915187120437622,0.7840977311134338
YIL135C,YJR089W,0,-0.18419385,0.10349170118570328,0.8915187120437622,0.7841978669166565
YBR288C,YNL175C,0,-0.18443096,0.10347985476255417,0.8915187120437622,0.7842980027198792
YPR104C,YKR018C,0,-0.18450838,0.10346800833940506,0.8915187120437622,0.7843981385231018
YOR141C,YBR037C,0,-0.18452787,0.10345616936683655,0.8915187120437622,0.7844982743263245
YKL156W,YDR214W,0,-0.18464372,0.10344433039426804,0.8915187120437622,0.7845984101295471
YAL044C,YHR206W,0,-0.18471715,0.10343249142169952,0.8915187120437622,0.7846986055374146
YGR258C,YMR285C,1,-0.18472691,0.10353506356477737,0.8925049304962158,0.7846986055374146
YOR377W,YJL209W,0,-0.18479678,0.10352322459220886,0.8925049304962158,0.7847987413406372
YGL174W,YDL067C,0,-0.18481524,0.10351137816905975,0.8925049304962158,0.7848988771438599
YOR148C,YIR003W,0,-0.18483889,0.10349953919649124,0.8925049304962158,0.7849990129470825
YJR044C,YOR143C,0,-0.18492104,0.10348770767450333,0.8925049304962158,0.7850991487503052
YGR144W,YLR238W,0,-0.1849775,0.10347587615251541,0.8925049304962158,0.7851992845535278
YHR077C,YDR453C,0,-0.1850249,0.1034640446305275,0.8925049304962158,0.7852994203567505
YNL158W,YBL042C,0,-0.1850267,0.10345222055912018,0.8925049304962158,0.7853995561599731
YMR014W,YLL039C,0,-0.18504576,0.10344039648771286,0.8925049304962158,0.7854996919631958
YIL094C,YDR229W,0,-0.18507549,0.10342857241630554,0.8925049304962158,0.7855998277664185
YGL044C,YDR229W,0,-0.1852681,0.10341675579547882,0.8925049304962158,0.7856999635696411
YLR096W,YDL215C,0,-0.18529934,0.1034049391746521,0.8925049304962158,0.7858000993728638
YMR056C,YGR058W,0,-0.18530303,0.10339312255382538,0.8925049304962158,0.7859002351760864
YOR056C,YKL053C-A,0,-0.18537562,0.10338131338357925,0.8925049304962158,0.7860003709793091
YER160C,YNL049C,0,-0.18540931,0.10336950421333313,0.8925049304962158,0.7861005663871765
YKR056W,YLR135W,1,-0.18551768,0.10347190499305725,0.8934911489486694,0.7861005663871765
YNL221C,YLR105C,1,-0.18569003,0.10357428342103958,0.8944773077964783,0.7861005663871765
YPL085W,YDL020C,0,-0.18569383,0.10356245934963226,0.8944773077964783,0.7862007021903992
YDR362C,YMR114C,0,-0.18571669,0.10355063527822495,0.8944773077964783,0.7863008379936218
YER007W,YML030W,0,-0.18575804,0.10353881120681763,0.8944773077964783,0.7864009737968445
YGR284C,YDR296W,0,-0.18576735,0.1035269945859909,0.8944773077964783,0.7865011096000671
YMR210W,YMR315W,0,-0.18579602,0.10351517796516418,0.8944773077964783,0.7866012454032898
YBR022W,YIL074C,0,-0.18605317,0.10350336879491806,0.8944773077964783,0.7867013812065125
YJR056C,YKR090W,0,-0.18615314,0.10349155962467194,0.8944773077964783,0.7868015170097351
YGL145W,YIL004C,0,-0.18619487,0.10347975045442581,0.8944773077964783,0.7869016528129578
YKL010C,YBL010C,0,-0.18622729,0.10346794128417969,0.8944773077964783,0.7870017886161804
YKL024C,YOR346W,0,-0.18625459,0.10345613956451416,0.8944773077964783,0.7871019244194031
YFL008W,YMR223W,0,-0.18627971,0.10344434529542923,0.8944773077964783,0.7872020602226257
YBR175W,YDR270W,0,-0.18633266,0.1034325435757637,0.8944773077964783,0.7873021960258484
YKL117W,YBR133C,0,-0.18639535,0.10342074930667877,0.8944773077964783,0.7874023914337158
YNL001W,YPL022W,1,-0.18647102,0.10352297127246857,0.8954635262489319,0.7874023914337158
YHR063C,YNL122C,0,-0.18649645,0.10351116955280304,0.8954635262489319,0.7875025272369385
YLR389C,YGL163C,0,-0.18655524,0.10349937528371811,0.8954635262489319,0.7876026630401611
YJR149W,YMR127C,0,-0.18661422,0.10348757356405258,0.8954635262489319,0.7877027988433838
YNL003C,YIL026C,0,-0.18686736,0.10347578674554825,0.8954635262489319,0.7878029346466064
YJL170C,YNL152W,0,-0.18687347,0.10346399247646332,0.8954635262489319,0.7879030704498291
YBR087W,YCR017C,0,-0.1869038,0.10345220565795898,0.8954635262489319,0.7880032062530518
YBR128C,YOL075C,0,-0.18691315,0.10344041883945465,0.8954635262489319,0.7881033420562744
YOL158C,YMR162C,0,-0.1869513,0.10342863947153091,0.8954635262489319,0.7882034778594971
YBR261C,YPL079W,0,-0.18700933,0.10341686010360718,0.8954635262489319,0.7883036136627197
YGR207C,YAL001C,0,-0.1870864,0.10340508073568344,0.8954635262489319,0.7884037494659424
YPL273W,YHR026W,0,-0.18720809,0.1033933013677597,0.8954635262489319,0.788503885269165
YMR056C,YJL111W,0,-0.18720986,0.10338152945041656,0.8954635262489319,0.7886040210723877
YDL078C,YNR036C,0,-0.18721834,0.10336976498365402,0.8954635262489319,0.7887041568756104
YLR265C,YBR133C,0,-0.18730202,0.10335799306631088,0.8954635262489319,0.7888043522834778
YDR258C,YLR148W,0,-0.18732318,0.10334623605012894,0.8954635262489319,0.7889044880867004
YKL073W,YBR171W,0,-0.18741506,0.1033344715833664,0.8954635262489319,0.7890046238899231
YPL256C,YGL031C,0,-0.18745852,0.10332271456718445,0.8954635262489319,0.7891047596931458
YMR167W,YDL239C,0,-0.18755805,0.1033109575510025,0.8954635262489319,0.7892048954963684
YBR228W,YLR038C,0,-0.1876044,0.10329920053482056,0.8954635262489319,0.7893050312995911
YNL152W,YBL050W,0,-0.18766369,0.10328745096921921,0.8954635262489319,0.7894051671028137
YNL258C,YHR143W,0,-0.18808645,0.10327570885419846,0.8954635262489319,0.7895053029060364
YMR052W,YJR078W,0,-0.18820176,0.1032639592885971,0.8954635262489319,0.789605438709259
YIL135C,YOL155C,0,-0.18832809,0.10325221717357635,0.8954635262489319,0.7897055745124817
YDR347W,YDR062W,0,-0.18842097,0.1032404750585556,0.8954635262489319,0.7898057103157043
YPL123C,YLR145W,1,-0.1885689,0.10334242880344391,0.8964496850967407,0.7898057103157043
YDR202C,YGL065C,0,-0.18868132,0.10333067923784256,0.8964496850967407,0.789905846118927
YMR061W,YOR073W,0,-0.18869796,0.10331893712282181,0.8964496850967407,0.7900059819221497
YKL012W,YPR138C,0,-0.1887469,0.10330719500780106,0.8964496850967407,0.7901061773300171
YHR070W,YIL162W,0,-0.18880603,0.1032954528927803,0.8964496850967407,0.7902063131332397
YPL085W,YDR115W,0,-0.1888299,0.10328371822834015,0.8964496850967407,0.7903064489364624
YKL179C,YMR006C,0,-0.18890762,0.1032719835639,0.8964496850967407,0.7904065847396851
YJR063W,YAL058W,0,-0.18897685,0.10326024889945984,0.8964496850967407,0.7905067205429077
YPR181C,YKR008W,0,-0.18899515,0.10324852168560028,0.8964496850967407,0.7906068563461304
YNL121C,YFL029C,0,-0.18902695,0.10323679447174072,0.8964496850967407,0.790706992149353
YOR143C,YDR404C,0,-0.18905748,0.10322507470846176,0.8964496850967407,0.7908071279525757
YOL130W,YHR203C,0,-0.1890859,0.1032133549451828,0.8964496850967407,0.7909072637557983
YFR037C,YGR214W,0,-0.18910234,0.10320163518190384,0.8964496850967407,0.791007399559021
YGR096W,YMR143W,0,-0.18911596,0.10318992286920547,0.8964496850967407,0.7911075353622437
YNR073C,YDL056W,0,-0.1891715,0.10317820310592651,0.8964496850967407,0.7912076711654663
YOR312C,YDR225W,0,-0.18939549,0.10316649824380875,0.8964496850967407,0.791307806968689
YHR203C,YNR011C,0,-0.18950067,0.10315478593111038,0.8964496850967407,0.7914079427719116
YNL153C,YDR018C,0,-0.18951458,0.10314308106899261,0.8964496850967407,0.791508138179779
YJL213W,YLR228C,0,-0.18959282,0.10313138365745544,0.8964496850967407,0.7916082739830017
YHR081W,YDR226W,0,-0.18976769,0.10311967879533768,0.8964496850967407,0.7917084097862244
YPL002C,YDL193W,0,-0.18977705,0.1031079888343811,0.8964496850967407,0.791808545589447
YEL009C,YBL030C,0,-0.18979512,0.10309629142284393,0.8964496850967407,0.7919086813926697
YGR185C,YCL030C,0,-0.18989128,0.10308460146188736,0.8964496850967407,0.7920088171958923
YBR135W,YNR067C,0,-0.18992327,0.10307291150093079,0.8964496850967407,0.792108952999115
YPL118W,YNL079C,0,-0.18998794,0.10306122153997421,0.8964496850967407,0.7922090888023376
YLR408C,YPR198W,0,-0.1900416,0.10304953902959824,0.8964496850967407,0.7923092246055603
YPL045W,YLR003C,0,-0.19004992,0.10303785651922226,0.8964496850967407,0.792409360408783
YCL036W,YPL265W,0,-0.19010648,0.10302618145942688,0.8964496850967407,0.7925094962120056
YHR079C,YBR012W-B,1,-0.19012961,0.10312782973051071,0.8974359035491943,0.7925094962120056
YDR086C,YPR178W,0,-0.19018814,0.10311614722013474,0.8974359035491943,0.7926096320152283
YNL097C,YMR112C,0,-0.19018954,0.10310446470975876,0.8974359035491943,0.7927097678184509
YNL096C,YHR052W,0,-0.1902456,0.10309278219938278,0.8974359035491943,0.7928099632263184
YAL055W,YLL043W,0,-0.19031632,0.1030811071395874,0.8974359035491943,0.792910099029541
YLL033W,YGL208W,0,-0.19033398,0.10306943207979202,0.8974359035491943,0.7930102348327637
YAL061W,YDR349C,0,-0.19038555,0.10305775701999664,0.8974359035491943,0.7931103706359863
YCL025C,YOL102C,0,-0.19046517,0.10304608941078186,0.8974359035491943,0.793210506439209
YPL081W,YLL008W,0,-0.1905852,0.10303442180156708,0.8974359035491943,0.7933106422424316
YIL108W,YPL268W,0,-0.19061896,0.1030227541923523,0.8974359035491943,0.7934107780456543
YGR157W,YOR084W,0,-0.19062468,0.10301109403371811,0.8974359035491943,0.793510913848877
YOR070C,YOL062C,0,-0.19062889,0.10299943387508392,0.8974359035491943,0.7936110496520996
YML032C,YFL013C,0,-0.19064897,0.10298777371644974,0.8974359035491943,0.7937111854553223
YDR077W,YNL160W,0,-0.19074613,0.10297612100839615,0.8974359035491943,0.7938113212585449
YDR348C,YPR187W,0,-0.19092622,0.10296446830034256,0.8974359035491943,0.7939114570617676
YDR073W,YDR477W,0,-0.19099657,0.10295282304286957,0.8974359035491943,0.7940115928649902
YJL208C,YGR095C,1,-0.19101131,0.10305429995059967,0.8984220623970032,0.7940115928649902
YNR052C,YJR029W,1,-0.1910631,0.10315575450658798,0.8994082808494568,0.7940115928649902
YNL314W,YLR306W,0,-0.19107029,0.1031440868973732,0.8994082808494568,0.7941117286682129
YMR186W,YDL142C,0,-0.19112821,0.10313241928815842,0.8994082808494568,0.7942119240760803
YAL024C,YCL063W,0,-0.19116685,0.10312075912952423,0.8994082808494568,0.794312059879303
YDR255C,YAL014C,0,-0.19129969,0.10310909897089005,0.8994082808494568,0.7944121956825256
YBR288C,YER101C,0,-0.19131872,0.10309744626283646,0.8994082808494568,0.7945123314857483
YMR169C,YGR089W,0,-0.19134596,0.10308579355478287,0.8994082808494568,0.794612467288971
YGR035C,YPR079W,0,-0.19147187,0.10307414084672928,0.8994082808494568,0.7947126030921936
YHR002W,YMR180C,0,-0.1915154,0.10306249558925629,0.8994082808494568,0.7948127388954163
YDL065C,YNR057C,0,-0.19160065,0.1030508503317833,0.8994082808494568,0.7949128746986389
YHR081W,YHL008C,0,-0.19163708,0.1030392050743103,0.8994082808494568,0.7950130105018616
YOL136C,YBR265W,0,-0.19170079,0.10302756726741791,0.8994082808494568,0.7951131463050842
YKR056W,YLR430W,1,-0.19170552,0.10312888026237488,0.9003944993019104,0.7951131463050842
YPL160W,YHR021C,0,-0.1917786,0.10311723500490189,0.9003944993019104,0.7952132821083069
YBR247C,YOR071C,0,-0.19198713,0.1031055897474289,0.9003944993019104,0.7953134179115295
YDR497C,YCR073C,0,-0.19199315,0.1030939444899559,0.9003944993019104,0.7954135537147522
YJR051W,YPR104C,0,-0.19208744,0.10308230668306351,0.9003944993019104,0.7955136895179749
YHR051W,YIL078W,0,-0.19214985,0.10307066887617111,0.9003944993019104,0.7956138849258423
YGL083W,YPL228W,0,-0.19222452,0.10305903851985931,0.9003944993019104,0.7957140207290649
YOR381W,YKL171W,0,-0.19223171,0.10304740071296692,0.9003944993019104,0.7958141565322876
YOR284W,YGL014W,0,-0.19229402,0.10303577780723572,0.9003944993019104,0.7959142923355103
YIL066C,YGL166W,0,-0.19247629,0.10302414745092392,0.9003944993019104,0.7960144281387329
YDR280W,YOL043C,1,-0.19251624,0.10312535613775253,0.9013806581497192,0.7960144281387329
YBL034C,YGL020C,0,-0.19251886,0.10311371833086014,0.9013806581497192,0.7961145639419556
YJR051W,YOR353C,0,-0.19256525,0.10310208797454834,0.9013806581497192,0.7962146997451782
YDR210W,YMR117C,0,-0.19256982,0.10309045761823654,0.9013806581497192,0.7963148355484009
YKL190W,YEL013W,0,-0.19265033,0.10307883471250534,0.9013806581497192,0.7964149713516235
YLR401C,YER173W,0,-0.19266865,0.10306720435619354,0.9013806581497192,0.7965151071548462
YLR319C,YDR224C,0,-0.19268942,0.10305558890104294,0.9013806581497192,0.7966152429580688
YJR110W,YPR022C,0,-0.1927996,0.10304396599531174,0.9013806581497192,0.7967153787612915
YMR315W,YMR044W,0,-0.19297679,0.10303235054016113,0.9013806581497192,0.7968155145645142
YOR294W,YGR157W,0,-0.19317353,0.10302074253559113,0.9013806581497192,0.7969157099723816
YEL047C,YDR194C,0,-0.19342972,0.10300912708044052,0.9013806581497192,0.7970158457756042
YHR119W,YFR007W,0,-0.19346409,0.10299751907587051,0.9013806581497192,0.7971159815788269
YDR151C,YLR132C,0,-0.19347097,0.1029859185218811,0.9013806581497192,0.7972161173820496
YCR026C,YNL250W,1,-0.19348378,0.10308697819709778,0.9023668766021729,0.7972161173820496
YNL116W,YGL168W,0,-0.1936624,0.10307536274194717,0.9023668766021729,0.7973162531852722
YOR355W,YML062C,0,-0.1936656,0.10306375473737717,0.9023668766021729,0.7974163889884949
YGR116W,YCR024C-A,0,-0.19390753,0.10305214673280716,0.9023668766021729,0.7975165247917175
YDL195W,YLR359W,0,-0.19404197,0.10304053872823715,0.9023668766021729,0.7976166605949402
YDL025C,YOR181W,0,-0.19411089,0.10302893817424774,0.9023668766021729,0.7977167963981628
YLR398C,YLR025W,0,-0.19425136,0.10301733762025833,0.9023668766021729,0.7978169322013855
YNL210W,YDR027C,0,-0.1943461,0.10300574451684952,0.9023668766021729,0.7979170680046082
YKL220C,YER012W,0,-0.19439796,0.10299414396286011,0.9023668766021729,0.7980172038078308
YER162C,YML005W,0,-0.19443293,0.10298255831003189,0.9023668766021729,0.7981173396110535
YHR016C,YPL113C,0,-0.19456418,0.10297096520662308,0.9023668766021729,0.7982174754142761
YHR207C,YFR044C,0,-0.19469392,0.10295937955379486,0.9023668766021729,0.7983176708221436
YOR178C,YBR293W,0,-0.19498987,0.10294779390096664,0.9023668766021729,0.7984178066253662
YHR101C,YIL046W,0,-0.19500534,0.10293621569871902,0.9023668766021729,0.7985179424285889
YER008C,YPL227C,0,-0.19502817,0.1029246374964714,0.9023668766021729,0.7986180782318115
YLR283W,YBR278W,0,-0.19505471,0.10291305929422379,0.9023668766021729,0.7987182140350342
YLL004W,YLR209C,0,-0.19507883,0.10290148109197617,0.9023668766021729,0.7988183498382568
YNL026W,YFL029C,0,-0.19512299,0.10288991034030914,0.9023668766021729,0.7989184856414795
YIL080W,YPR104C,0,-0.19514471,0.10287834703922272,0.9023668766021729,0.7990186214447021
YJL111W,YGR268C,0,-0.1952411,0.1028667762875557,0.9023668766021729,0.7991187572479248
YDR453C,YOL147C,0,-0.19534102,0.10285521298646927,0.9023668766021729,0.7992188930511475
YMR247C,YCL055W,0,-0.1953695,0.10284365713596344,0.9023668766021729,0.7993190288543701
YOL006C,YMR291W,0,-0.19538121,0.10283209383487701,0.9023668766021729,0.7994191646575928
YOR361C,YKL017C,0,-0.19538271,0.10282053798437119,0.9023668766021729,0.7995193004608154
YML114C,YJL125C,0,-0.19544962,0.10280898958444595,0.9023668766021729,0.7996194958686829
YNL239W,YBR122C,0,-0.19549163,0.10279744118452072,0.9023668766021729,0.7997196316719055
YIL115C,YHR179W,0,-0.19558996,0.10278589278459549,0.9023668766021729,0.7998197674751282
YNL219C,YNL110C,0,-0.19570783,0.10277434438467026,0.9023668766021729,0.7999199032783508
YEL077C,YHL002W,0,-0.1959446,0.10276280343532562,0.9023668766021729,0.8000200390815735
YJL225C,YGR167W,0,-0.19595963,0.10275126248598099,0.9023668766021729,0.8001201748847961
YNL315C,YPL275W,0,-0.19596046,0.10273972898721695,0.9023668766021729,0.8002203106880188
YOL041C,YML118W,0,-0.19601472,0.10272818803787231,0.9023668766021729,0.8003204464912415
YPL110C,YER147C,0,-0.19604366,0.10271666198968887,0.9023668766021729,0.8004205822944641
YLR429W,YOL151W,0,-0.19605252,0.10270512849092484,0.9023668766021729,0.8005207180976868
YHR134W,YLR128W,0,-0.19607335,0.1026936024427414,0.9023668766021729,0.8006208539009094
YGR109C,YEL036C,0,-0.19608761,0.10268207639455795,0.9023668766021729,0.8007209897041321
YDR172W,YLR047C,0,-0.19617574,0.10267055779695511,0.9023668766021729,0.8008211255073547
YER161C,YIL083C,0,-0.19629684,0.10265903919935226,0.9023668766021729,0.8009212613105774
YKL161C,YMR080C,0,-0.19630222,0.10264752060174942,0.9023668766021729,0.8010214567184448
YBR175W,YDL245C,0,-0.19634506,0.10263600945472717,0.9023668766021729,0.8011215925216675
YGR185C,YER030W,0,-0.1963752,0.10262449830770493,0.9023668766021729,0.8012217283248901
YML032C,YLR376C,0,-0.19637877,0.10261298716068268,0.9023668766021729,0.8013218641281128
YNL021W,YGR286C,0,-0.19639456,0.10260148346424103,0.9023668766021729,0.8014219999313354
YKL165C,YER029C,0,-0.1964415,0.10258997976779938,0.9023668766021729,0.8015221357345581
YLR154C,YIL080W,1,-0.19647595,0.10269058495759964,0.9033530354499817,0.8015221357345581
YMR167W,YLR134W,0,-0.19660723,0.10267907381057739,0.9033530354499817,0.8016222715377808
YLR069C,YBR077C,0,-0.19685856,0.10266756266355515,0.9033530354499817,0.8017224073410034
YDR167W,YDR520C,0,-0.19686624,0.1026560589671135,0.9033530354499817,0.8018225431442261
YOR313C,YOR338W,0,-0.19701034,0.10264455527067184,0.9033530354499817,0.8019226789474487
YNL282W,YNR021W,0,-0.19715503,0.1026330515742302,0.9033530354499817,0.8020228147506714
YLR393W,YOR085W,0,-0.19717768,0.10262155532836914,0.9033530354499817,0.802122950553894
YJL052W,YDR016C,0,-0.19719274,0.10261005908250809,0.9033530354499817,0.8022230863571167
YKL011C,YBR167C,1,-0.19736207,0.10271057486534119,0.9043392539024353,0.8022230863571167
YML006C,YDR260C,0,-0.19739269,0.10269907116889954,0.9043392539024353,0.8023232817649841
YNL257C,YGL254W,0,-0.19741888,0.10268756747245789,0.9043392539024353,0.8024234175682068
YCR067C,YAL034W-A,0,-0.1974283,0.10267607122659683,0.9043392539024353,0.8025235533714294
YOL007C,YPR063C,0,-0.19758765,0.10266457498073578,0.9043392539024353,0.8026236891746521
YMR049C,YKL188C,0,-0.19759342,0.10265308618545532,0.9043392539024353,0.8027238249778748
YER165W,YDL231C,0,-0.19778588,0.10264159739017487,0.9043392539024353,0.8028239607810974
YDR177W,YML110C,0,-0.1978282,0.10263010859489441,0.9043392539024353,0.8029240965843201
YLL022C,YBR265W,0,-0.1978686,0.10261861979961395,0.9043392539024353,0.8030242323875427
YGL178W,YDR017C,0,-0.19790089,0.10260713845491409,0.9043392539024353,0.8031243681907654
YBL054W,YJR144W,0,-0.19805497,0.10259565711021423,0.9043392539024353,0.803224503993988
YPR066W,YPL122C,0,-0.19809017,0.10258418321609497,0.9043392539024353,0.8033246397972107
YKL049C,YHR016C,0,-0.19814289,0.10257270932197571,0.9043392539024353,0.8034247756004333
YBR261C,YJL129C,0,-0.1982258,0.10256123542785645,0.9043392539024353,0.803524911403656
YBR057C,YMR162C,0,-0.19834304,0.10254976153373718,0.9043392539024353,0.8036250472068787
YLR188W,YGR276C,0,-0.19835773,0.10253829509019852,0.9043392539024353,0.8037252426147461
YDR082W,YMR114C,0,-0.19842711,0.10252683609724045,0.9043392539024353,0.8038253784179688
YDL078C,YPR080W,0,-0.1984452,0.10251536965370178,0.9043392539024353,0.8039255142211914
YMR247C,YNR032W,0,-0.19852994,0.10250391066074371,0.9043392539024353,0.8040256500244141
YIR034C,YAL025C,0,-0.19854449,0.10249245911836624,0.9043392539024353,0.8041257858276367
YJR083C,YGL256W,0,-0.19863307,0.10248100012540817,0.9043392539024353,0.8042259216308594
YLR005W,YJL166W,0,-0.19871363,0.1024695485830307,0.9043392539024353,0.804326057434082
YGR246C,YBL090W,0,-0.19873802,0.10245809704065323,0.9043392539024353,0.8044261932373047
YPL218W,YOL127W,0,-0.19887201,0.10244665294885635,0.9043392539024353,0.8045263290405273
YLR032W,YAL025C,0,-0.19909999,0.10243520885705948,0.9043392539024353,0.80462646484375
YIR010W,YDR146C,0,-0.19942287,0.1024237722158432,0.9043392539024353,0.8047266006469727
YBR283C,YDR385W,0,-0.19954318,0.10241232812404633,0.9043392539024353,0.8048267364501953
YNR050C,YBR241C,0,-0.19962601,0.10240089148283005,0.9043392539024353,0.804926872253418
YJR070C,YNR015W,0,-0.1996449,0.10238946229219437,0.9043392539024353,0.8050270080566406
YGR246C,YEL056W,0,-0.1997413,0.10237802565097809,0.9043392539024353,0.8051272034645081
YMR143W,YJL209W,0,-0.19976133,0.10236659646034241,0.9043392539024353,0.8052273392677307
YLR132C,YLR116W,0,-0.1999316,0.10235517472028732,0.9043392539024353,0.8053274750709534
YMR092C,YBR286W,0,-0.20001465,0.10234375298023224,0.9043392539024353,0.805427610874176
YDR337W,YDR211W,0,-0.20008403,0.10233233124017715,0.9043392539024353,0.8055277466773987
YER058W,YLR126C,0,-0.20009875,0.10232090950012207,0.9043392539024353,0.8056278824806213
YMR271C,YKL205W,0,-0.200212,0.10230949521064758,0.9043392539024353,0.805728018283844
YLR172C,YER166W,0,-0.20035054,0.1022980809211731,0.9043392539024353,0.8058281540870667
YDL017W,YKL167C,0,-0.20049128,0.1022866740822792,0.9043392539024353,0.8059282898902893
YGL200C,YEL053C,0,-0.20051658,0.10227525979280472,0.9043392539024353,0.806028425693512
YJR047C,YKR056W,0,-0.20054483,0.10226385295391083,0.9043392539024353,0.8061285614967346
YGL178W,YPL074W,0,-0.20061305,0.10225245356559753,0.9043392539024353,0.8062286972999573
YBR281C,YGL174W,0,-0.20086597,0.10224105417728424,0.9043392539024353,0.8063288331031799
YKR045C,YDL074C,0,-0.20088589,0.10222965478897095,0.9043392539024353,0.8064290285110474
YNR041C,YIR038C,0,-0.20092964,0.10221825540065765,0.9043392539024353,0.80652916431427
YOR174W,YDR205W,0,-0.20093618,0.10220686346292496,0.9043392539024353,0.8066293001174927
YKL112W,YML029W,0,-0.2009432,0.10219547897577286,0.9043392539024353,0.8067294359207153
YMR026C,YOR274W,0,-0.20097291,0.10218408703804016,0.9043392539024353,0.806829571723938
YDR059C,YCR094W,0,-0.20098576,0.10217270255088806,0.9043392539024353,0.8069297075271606
YJR119C,YGR264C,0,-0.2010077,0.10216131806373596,0.9043392539024353,0.8070298433303833
YML072C,YNR020C,0,-0.20102149,0.10214994102716446,0.9043392539024353,0.807129979133606
YIL027C,YLL002W,0,-0.20105831,0.10213856399059296,0.9043392539024353,0.8072301149368286
YLL040C,YGL013C,0,-0.20107093,0.10212718695402145,0.9043392539024353,0.8073302507400513
YJL157C,YGR157W,0,-0.20120627,0.10211580991744995,0.9043392539024353,0.8074303865432739
YKR028W,YLR212C,0,-0.20121425,0.10210444033145905,0.9043392539024353,0.8075305223464966
YMR201C,YIL143C,0,-0.20122232,0.10209307819604874,0.9043392539024353,0.8076306581497192
YBL009W,YGL017W,0,-0.20154019,0.10208170861005783,0.9043392539024353,0.8077307939529419
YML049C,YBR156C,0,-0.20155773,0.10207034647464752,0.9043392539024353,0.8078309893608093
YEL064C,YGR132C,0,-0.20159191,0.10205898433923721,0.9043392539024353,0.807931125164032
YPL154C,YCR009C,0,-0.20168379,0.1020476296544075,0.9043392539024353,0.8080312609672546
YIR021W,YHR176W,0,-0.20175591,0.10203627496957779,0.9043392539024353,0.8081313967704773
YIR011C,YNL061W,0,-0.20179728,0.10202492028474808,0.9043392539024353,0.8082315325737
YGR220C,YCR009C,0,-0.20181671,0.10201357305049896,0.9043392539024353,0.8083316683769226
YJL214W,YPL266W,0,-0.20189796,0.10200222581624985,0.9043392539024353,0.8084318041801453
YLR364W,YLR419W,0,-0.20203662,0.10199087858200073,0.9043392539024353,0.8085319399833679
YDR050C,YDL122W,0,-0.20218953,0.10197953879833221,0.9043392539024353,0.8086320757865906
YFR007W,YOR071C,0,-0.20222375,0.1019681990146637,0.9043392539024353,0.8087322115898132
YBR195C,YDL074C,0,-0.2022448,0.10195685923099518,0.9043392539024353,0.8088323473930359
YNL185C,YGR184C,0,-0.2022575,0.10194552689790726,0.9043392539024353,0.8089324831962585
YGR276C,YGR195W,1,-0.20243393,0.10204534977674484,0.9053254723548889,0.8089324831962585
YBR074W,YNL252C,0,-0.20246473,0.10203400999307632,0.9053254723548889,0.8090326189994812
YBR173C,YCR047C,0,-0.2025265,0.1020226702094078,0.9053254723548889,0.8091328144073486
YLR343W,YER090W,0,-0.2025807,0.10201133787631989,0.9053254723548889,0.8092329502105713
YIL139C,YMR150C,0,-0.20270969,0.10199999809265137,0.9053254723548889,0.809333086013794
YBR048W,YOR106W,0,-0.20285621,0.10198866575956345,0.9053254723548889,0.8094332218170166
YLR316C,YBR055C,0,-0.2030113,0.10197734087705612,0.9053254723548889,0.8095333576202393
YML042W,YPL092W,0,-0.20315117,0.1019660085439682,0.9053254723548889,0.8096334934234619
YML048W,YHR166C,0,-0.20315215,0.10195468366146088,0.9053254723548889,0.8097336292266846
YGR200C,YIR039C,0,-0.2032513,0.10194336622953415,0.9053254723548889,0.8098337650299072
YHR207C,YPR187W,0,-0.20330545,0.10193204879760742,0.9053254723548889,0.8099339008331299
YMR044W,YDL130W-A,0,-0.20406997,0.1019207313656807,0.9053254723548889,0.8100340366363525
YJR014W,YDR408C,0,-0.20413291,0.10190941393375397,0.9053254723548889,0.8101341724395752
YJR043C,YDR478W,1,-0.2041555,0.10200910270214081,0.9063116312026978,0.8101341724395752
YLR002C,YJL093C,0,-0.20455495,0.10199777781963348,0.9063116312026978,0.8102343082427979
YGR185C,YPR181C,0,-0.20468038,0.10198646038770676,0.9063116312026978,0.8103344440460205
YMR304W,YOL026C,0,-0.20493186,0.10197514295578003,0.9063116312026978,0.8104345798492432
YHR008C,YHR117W,0,-0.20506842,0.1019638329744339,0.9063116312026978,0.8105347752571106
YBR243C,YMR323W,0,-0.20518851,0.10195251554250717,0.9063116312026978,0.8106349110603333
YGR271C-A,YJL030W,0,-0.20519605,0.10194120556116104,0.9063116312026978,0.8107350468635559
YDR054C,YOR230W,0,-0.20525631,0.10192990303039551,0.9063116312026978,0.8108351826667786
YDR033W,YOL148C,0,-0.20543262,0.10191860049962997,0.9063116312026978,0.8109353184700012
YBR202W,YKL010C,0,-0.20550671,0.10190729796886444,0.9063116312026978,0.8110354542732239
YMR314W,YKL059C,0,-0.2056301,0.10189599543809891,0.9063116312026978,0.8111355900764465
YDR379W,YKL041W,0,-0.20566592,0.10188470035791397,0.9063116312026978,0.8112357258796692
YGR041W,YOR196C,0,-0.20567688,0.10187340527772903,0.9063116312026978,0.8113358616828918
YAL055W,YGL122C,0,-0.20584087,0.1018621176481247,0.9063116312026978,0.8114359974861145
YBR014C,YBL016W,0,-0.2058618,0.10185082256793976,0.9063116312026978,0.8115361332893372
YNL136W,YOR126C,0,-0.20592356,0.10183954238891602,0.9063116312026978,0.8116362690925598
YDR536W,YGL128C,0,-0.20597427,0.10182825475931168,0.9063116312026978,0.8117364048957825
YDL195W,YAL009W,0,-0.20601583,0.10181697458028793,0.9063116312026978,0.8118366003036499
YML091C,YDR263C,1,-0.20604575,0.10191646963357925,0.9072978496551514,0.8118366003036499
YIL133C,YLR300W,0,-0.20605952,0.10190518200397491,0.9072978496551514,0.8119367361068726
YDL144C,YMR087W,0,-0.20607527,0.10189389437437057,0.9072978496551514,0.8120368719100952
YMR194W,YBR223C,0,-0.2061729,0.10188261419534683,0.9072978496551514,0.8121370077133179
YKL161C,YDR062W,0,-0.20635219,0.10187133401632309,0.9072978496551514,0.8122371435165405
YOR030W,YPL037C,0,-0.20644581,0.10186005383729935,0.9072978496551514,0.8123372793197632
YBR239C,YNL083W,0,-0.20657629,0.1018487736582756,0.9072978496551514,0.8124374151229858
YKL205W,YGL137W,0,-0.20666224,0.10183750092983246,0.9072978496551514,0.8125375509262085
YIL177C,YDR180W,0,-0.20671846,0.10182622820138931,0.9072978496551514,0.8126376867294312
YHR027C,YHR121W,0,-0.20673475,0.10181496292352676,0.9072978496551514,0.8127378225326538
YDR036C,YMR047C,0,-0.20744315,0.10180369764566422,0.9072978496551514,0.8128379583358765
YDL054C,YJR082C,0,-0.20750129,0.10179243236780167,0.9072978496551514,0.8129380941390991
YPR194C,YJR076C,0,-0.20761426,0.10178116708993912,0.9072978496551514,0.8130382299423218
YNL248C,YBR282W,0,-0.20763999,0.10176990926265717,0.9072978496551514,0.8131383657455444
YGL121C,YIL048W,0,-0.2076463,0.10175865143537521,0.9072978496551514,0.8132385611534119
YBR204C,YJR160C,0,-0.2077113,0.10174740105867386,0.9072978496551514,0.8133386969566345
YGR185C,YMR241W,0,-0.20771855,0.1017361506819725,0.9072978496551514,0.8134388327598572
YHR153C,YMR323W,0,-0.20779657,0.10172490030527115,0.9072978496551514,0.8135389685630798
YER162C,YGR221C,0,-0.2078252,0.10171365737915039,0.9072978496551514,0.8136391043663025
YBR123C,YPR098C,0,-0.20805815,0.10170240700244904,0.9072978496551514,0.8137392401695251
YGR271W,YIL171W,0,-0.208134,0.10169117152690887,0.9072978496551514,0.8138393759727478
YKL024C,YNL099C,0,-0.20820639,0.10167992860078812,0.9072978496551514,0.8139395117759705
YBR110W,YGR258C,0,-0.20832847,0.10166869312524796,0.9072978496551514,0.8140396475791931
YOL117W,YJL207C,0,-0.20865084,0.1016574576497078,0.9072978496551514,0.8141397833824158
YLR154C,YKL114C,1,-0.20870993,0.10175671428442001,0.9082840085029602,0.8141397833824158
YGR121C,YAL001C,0,-0.20894977,0.10174547135829926,0.9082840085029602,0.8142399191856384
YDR421W,YPR036W,0,-0.20911454,0.1017342284321785,0.9082840085029602,0.8143400549888611
YHR132C,YFL062W,0,-0.20915608,0.10172299295663834,0.9082840085029602,0.8144401907920837
YLR430W,YNL284C,0,-0.2092206,0.10171176493167877,0.9082840085029602,0.8145403861999512
YNL271C,YLR410W,0,-0.20929246,0.10170052945613861,0.9082840085029602,0.8146405220031738
YER125W,YBR057C,0,-0.20954892,0.10168930143117905,0.9082840085029602,0.8147406578063965
YNL005C,YKL078W,0,-0.2095848,0.10167807340621948,0.9082840085029602,0.8148407936096191
YBR035C,YER017C,0,-0.20976856,0.10166685283184052,0.9082840085029602,0.8149409294128418
YOL108C,YDR038C,0,-0.209874,0.10165563225746155,0.9082840085029602,0.8150410652160645
YJL092W,YHR211W,0,-0.20993221,0.10164441168308258,0.9082840085029602,0.8151412010192871
YEL050C,YNL096C,0,-0.20997225,0.10163319110870361,0.9082840085029602,0.8152413368225098
YDL108W,YOR039W,0,-0.20998967,0.10162197798490524,0.9082840085029602,0.8153414726257324
YLR191W,YJR134C,0,-0.21000607,0.10161076486110687,0.9082840085029602,0.8154416084289551
YJL087C,YKL149C,1,-0.21004812,0.10170987248420715,0.9092702269554138,0.8154416084289551
YPL148C,YJL081C,0,-0.21009687,0.10169865190982819,0.9092702269554138,0.8155417442321777
YPR023C,YBR281C,0,-0.21018806,0.10168743878602982,0.9092702269554138,0.8156418800354004
YGL249W,YMR277W,0,-0.21023795,0.10167622566223145,0.9092702269554138,0.815742015838623
YDR079W,YBL106C,0,-0.21028283,0.10166501253843307,0.9092702269554138,0.8158421516418457
YOR347C,YJL091C,0,-0.21031445,0.1016538068652153,0.9092702269554138,0.8159423470497131
YNR017W,YBL097W,0,-0.21038844,0.10164259374141693,0.9092702269554138,0.8160424828529358
YDR043C,YOR179C,0,-0.21057287,0.10163139551877975,0.9092702269554138,0.8161426186561584
YNL097C,YIL109C,0,-0.2105741,0.10162018984556198,0.9092702269554138,0.8162427544593811
YER151C,YIL050W,0,-0.21062036,0.1016089916229248,0.9092702269554138,0.8163428902626038
YOR066W,YJL144W,0,-0.2106739,0.10159779340028763,0.9092702269554138,0.8164430260658264
YJL210W,YGR144W,0,-0.2110756,0.10158660262823105,0.9092702269554138,0.8165431618690491
YLR439W,YIL090W,0,-0.21108714,0.10157541185617447,0.9092702269554138,0.8166432976722717
YHR140W,YHR043C,0,-0.21111657,0.10156422108411789,0.9092702269554138,0.8167434334754944
YPL112C,YLR086W,0,-0.2112973,0.1015530377626419,0.9092702269554138,0.816843569278717
YOR159C,YBL060W,0,-0.21145472,0.10154184699058533,0.9092702269554138,0.8169437050819397
YGR172C,YNR050C,0,-0.21152425,0.10153067111968994,0.9092702269554138,0.8170438408851624
YOR257W,YKL188C,0,-0.21153793,0.10151948779821396,0.9092702269554138,0.817143976688385
YIL088C,YJL128C,0,-0.21171416,0.10150831192731857,0.9092702269554138,0.8172441124916077
YNL323W,YDL004W,0,-0.21185073,0.10149713605642319,0.9092702269554138,0.8173443078994751
YMR121C,YNL254C,0,-0.21199465,0.1014859676361084,0.9092702269554138,0.8174444437026978
YBR245C,YDR130C,0,-0.21239889,0.10147479921579361,0.9092702269554138,0.8175445795059204
YDR382W,YFL018C,0,-0.21243337,0.10146363079547882,0.9092702269554138,0.8176447153091431
YIL040W,YKR065C,0,-0.21244463,0.10145246237516403,0.9092702269554138,0.8177448511123657
YPR185W,YJL019W,0,-0.21250948,0.10144130140542984,0.9092702269554138,0.8178449869155884
YJL136C,YNL227C,0,-0.21287924,0.10143014043569565,0.9092702269554138,0.817945122718811
YNR011C,YKL112W,0,-0.21304832,0.10141898691654205,0.9092702269554138,0.8180452585220337
YDR254W,YBR009C,0,-0.21305124,0.10140783339738846,0.9092702269554138,0.8181453943252563
YJL014W,YLR008C,0,-0.21311149,0.10139667987823486,0.9092702269554138,0.818245530128479
YJR036C,YGL113W,0,-0.21314436,0.10138552635908127,0.9092702269554138,0.8183456659317017
YLR120C,YAL001C,0,-0.21327429,0.10137438029050827,0.9092702269554138,0.8184458017349243
YNL090W,YBR122C,0,-0.21327738,0.10136323422193527,0.9092702269554138,0.818545937538147
YDR074W,YDL153C,0,-0.21330696,0.10135209560394287,0.9092702269554138,0.8186461329460144
YMR005W,YHR153C,0,-0.21334854,0.10134095698595047,0.9092702269554138,0.8187462687492371
YGL233W,YJL046W,0,-0.2133986,0.10132981836795807,0.9092702269554138,0.8188464045524597
YKL168C,YIL090W,0,-0.21346983,0.10131867974996567,0.9092702269554138,0.8189465403556824
YPR023C,YGR223C,0,-0.21375842,0.10130754858255386,0.9092702269554138,0.819046676158905
YLR222C,YDL067C,0,-0.21385062,0.10129641741514206,0.9092702269554138,0.8191468119621277
YBR177C,YGL035C,0,-0.21404469,0.10128529369831085,0.9092702269554138,0.8192469477653503
YGL119W,YNL207W,0,-0.21405533,0.10127416253089905,0.9092702269554138,0.819347083568573
YPL123C,YML046W,0,-0.21410443,0.10126303881406784,0.9092702269554138,0.8194472193717957
YIL044C,YDR331W,0,-0.21422228,0.10125192254781723,0.9092702269554138,0.8195473551750183
YOL080C,YBR257W,1,-0.21434665,0.10135061293840408,0.9102563858032227,0.8195473551750183
YBL085W,YPL188W,0,-0.2145696,0.10133948177099228,0.9102563858032227,0.819647490978241
YBL036C,YDR221W,0,-0.21464309,0.10132835805416107,0.9102563858032227,0.8197476267814636
YBR258C,YMR026C,0,-0.21464446,0.10131723433732986,0.9102563858032227,0.8198477625846863
YHR002W,YOR214C,0,-0.2146753,0.10130611062049866,0.9102563858032227,0.8199478983879089
YJL219W,YNR023W,0,-0.21468174,0.10129499435424805,0.9102563858032227,0.8200480937957764
YDL025C,YER045C,0,-0.21490721,0.10128387808799744,0.9102563858032227,0.820148229598999
YGR246C,YLR228C,0,-0.21512373,0.10127276927232742,0.9102563858032227,0.8202483654022217
YLR283W,YJR015W,0,-0.21524963,0.10126165300607681,0.9102563858032227,0.8203485012054443
YDR263C,YAR008W,1,-0.21532741,0.1013602465391159,0.9112426042556763,0.8203485012054443
YMR152W,YBR222C,0,-0.21534327,0.1013491302728653,0.9112426042556763,0.820448637008667
YDR167W,YDR338C,0,-0.21539101,0.10133801400661469,0.9112426042556763,0.8205487728118896
YMR293C,YHR123W,0,-0.21543178,0.10132689774036407,0.9112426042556763,0.8206489086151123
YPL230W,YOL097C,0,-0.21563835,0.10131578892469406,0.9112426042556763,0.820749044418335
YJL128C,YML125C,0,-0.21568638,0.10130468010902405,0.9112426042556763,0.8208491802215576
YNL102W,YPL022W,1,-0.21571425,0.10140319913625717,0.9122288227081299,0.8208491802215576
YOR360C,YIR014W,0,-0.2157546,0.10139208287000656,0.9122288227081299,0.8209493160247803
YLR147C,YLR040C,0,-0.21577153,0.10138097405433655,0.9122288227081299,0.8210494518280029
YMR283C,YNL047C,0,-0.21577409,0.10136986523866653,0.9122288227081299,0.8211495876312256
YDR046C,YNL002C,0,-0.2159287,0.10135875642299652,0.9122288227081299,0.8212497234344482
YKR065C,YLR191W,0,-0.21593584,0.10134764760732651,0.9122288227081299,0.8213499188423157
YPL190C,YPL188W,0,-0.21608339,0.10133654624223709,0.9122288227081299,0.8214500546455383
YBR145W,YML080W,0,-0.21655354,0.10132544487714767,0.9122288227081299,0.821550190448761
YFL047W,YBR096W,0,-0.21659659,0.10131435096263885,0.9122288227081299,0.8216503262519836
YBL061C,YOL060C,0,-0.21672347,0.10130324959754944,0.9122288227081299,0.8217504620552063
YDR248C,YJL210W,0,-0.21680427,0.10129216313362122,0.9122288227081299,0.821850597858429
YLR283W,YDR494W,0,-0.216891,0.1012810692191124,0.9122288227081299,0.8219507336616516
YPL106C,YDR032C,0,-0.21692804,0.10126998275518417,0.9122288227081299,0.8220508694648743
YGR200C,YML085C,0,-0.21696784,0.10125889629125595,0.9122288227081299,0.8221510052680969
YIL113W,YML049C,0,-0.21698163,0.10124780982732773,0.9122288227081299,0.8222511410713196
YGL249W,YGR281W,0,-0.21698287,0.1012367308139801,0.9122288227081299,0.8223512768745422
YER061C,YOL040C,0,-0.21704847,0.10122565180063248,0.9122288227081299,0.8224514126777649
YGL097W,YEL036C,0,-0.21705145,0.10121457278728485,0.9122288227081299,0.8225515484809875
YPL069C,YDR307W,0,-0.21710908,0.10120350122451782,0.9122288227081299,0.8226516842842102
YKL213C,YBL101C,0,-0.217193,0.1011924296617508,0.9122288227081299,0.8227518796920776
YNR069C,YLR148W,0,-0.21721874,0.10118135809898376,0.9122288227081299,0.8228520154953003
YNL053W,YGL172W,0,-0.21739878,0.10117029398679733,0.9122288227081299,0.822952151298523
YPL157W,YCR098C,0,-0.21741755,0.1011592298746109,0.9122288227081299,0.8230522871017456
YNL283C,YNL071W,0,-0.21747214,0.10114816576242447,0.9122288227081299,0.8231524229049683
YDR013W,YJL221C,0,-0.21772444,0.10113710910081863,0.9122288227081299,0.8232525587081909
YPR125W,YML024W,0,-0.2179445,0.1011260524392128,0.9122288227081299,0.8233526945114136
YDR016C,YPL108W,0,-0.21798292,0.10111499577760696,0.9122288227081299,0.8234528303146362
YJL063C,YDR362C,0,-0.21801934,0.10110394656658173,0.9122288227081299,0.8235529661178589
YOR243C,YLL029W,0,-0.2180337,0.10109289735555649,0.9122288227081299,0.8236531019210815
YMR104C,YOL097C,0,-0.21811217,0.10108184814453125,0.9122288227081299,0.8237532377243042
YKL008C,YHL020C,0,-0.218241,0.10107080638408661,0.9122288227081299,0.8238533735275269
YBR044C,YDL128W,0,-0.21824148,0.10105976462364197,0.9122288227081299,0.8239535093307495
YNR031C,YIL041W,0,-0.21844482,0.10104872286319733,0.9122288227081299,0.8240537047386169
YLR278C,YDL049C,0,-0.21846177,0.10103768110275269,0.9122288227081299,0.8241538405418396
YPL214C,YNL107W,0,-0.21863551,0.10102664679288864,0.9122288227081299,0.8242539763450623
YML046W,YJL129C,0,-0.2189521,0.1010156199336052,0.9122288227081299,0.8243541121482849
YDR238C,YML018C,0,-0.21901594,0.10100458562374115,0.9122288227081299,0.8244542479515076
YNL001W,YMR262W,1,-0.2195163,0.10110273957252502,0.9132149815559387,0.8244542479515076
YFR013W,YNL321W,0,-0.219557,0.10109170526266098,0.9132149815559387,0.8245543837547302
YDL077C,YDR237W,0,-0.21957694,0.10108067095279694,0.9132149815559387,0.8246545195579529
YIL065C,YOR033C,0,-0.21959713,0.10106963664293289,0.9132149815559387,0.8247546553611755
YDR270W,YOR014W,0,-0.21973053,0.10105860233306885,0.9132149815559387,0.8248547911643982
YHR171W,YGR251W,0,-0.21991657,0.1010475754737854,0.9132149815559387,0.8249549269676208
YKR045C,YLR081W,0,-0.22009753,0.10103654861450195,0.9132149815559387,0.8250550627708435
YDR283C,YGL003C,0,-0.22022527,0.1010255292057991,0.9132149815559387,0.8251551985740662
YCR040W,YLL001W,0,-0.22039154,0.10101450979709625,0.9132149815559387,0.8252553343772888
YLR103C,YIL017C,0,-0.22046912,0.1010034903883934,0.9132149815559387,0.8253554701805115
YBR141C,YPL218W,0,-0.22048423,0.10099247097969055,0.9132149815559387,0.8254556655883789
YHR171W,YMR179W,0,-0.22070846,0.1009814590215683,0.9132149815559387,0.8255558013916016
YNL158W,YLR163C,0,-0.22095469,0.10097044706344604,0.9132149815559387,0.8256559371948242
YLL051C,YDR237W,0,-0.22096969,0.10095944255590439,0.9132149815559387,0.8257560729980469
YKL193C,YOL094C,0,-0.2209871,0.10094843804836273,0.9132149815559387,0.8258562088012695
YMR136W,YDR036C,0,-0.22103155,0.10093743354082108,0.9132149815559387,0.8259563446044922
YCL050C,YIR037W,0,-0.22107553,0.10092642903327942,0.9132149815559387,0.8260564804077148
YCR002C,YFR028C,0,-0.22121684,0.10091543197631836,0.9132149815559387,0.8261566162109375
YNR020C,YMR038C,0,-0.22125398,0.1009044349193573,0.9132149815559387,0.8262567520141602
YLR051C,YOL123W,0,-0.22126843,0.10089343786239624,0.9132149815559387,0.8263568878173828
YBL019W,YJR006W,1,-0.2213149,0.100991390645504,0.9142012000083923,0.8263568878173828
YIL051C,YER029C,0,-0.2213746,0.10098039358854294,0.9142012000083923,0.8264570236206055
YDL097C,YCR073C,0,-0.22154927,0.10096939653158188,0.9142012000083923,0.8265571594238281
YJR063W,YMR024W,1,-0.22162569,0.10106730461120605,0.9151873588562012,0.8265571594238281
YDR036C,YLR364W,0,-0.22184804,0.1010563001036644,0.9151873588562012,0.8266572952270508
YJL029C,YHR196W,0,-0.22194707,0.10104529559612274,0.9151873588562012,0.8267574310302734
YOR204W,YNL044W,0,-0.22208518,0.10103429853916168,0.9151873588562012,0.8268576264381409
YJL208C,YMR285C,1,-0.2221494,0.10113215446472168,0.9161735773086548,0.8268576264381409
YLR188W,YFL004W,0,-0.22220312,0.10112114995718002,0.9161735773086548,0.8269577622413635
YLR120C,YNL083W,0,-0.222301,0.10111014544963837,0.9161735773086548,0.8270578980445862
YBR187W,YNL128W,0,-0.22244114,0.10109914094209671,0.9161735773086548,0.8271580338478088
YIL139C,YDR255C,0,-0.22254595,0.10108813643455505,0.9161735773086548,0.8272581696510315
YGR222W,YGL224C,0,-0.22260758,0.101077139377594,0.9161735773086548,0.8273583054542542
YBL021C,YGR101W,0,-0.2228471,0.10106614232063293,0.9161735773086548,0.8274584412574768
YNL046W,YER133W,0,-0.22290441,0.10105515271425247,0.9161735773086548,0.8275585770606995
YMR271C,YIL046W,0,-0.22323252,0.10104415565729141,0.9161735773086548,0.8276587128639221
YJL092W,YLR309C,0,-0.22329052,0.10103317350149155,0.9161735773086548,0.8277588486671448
YPL256C,YML029W,0,-0.22339496,0.10102218389511108,0.9161735773086548,0.8278589844703674
YDL004W,YPR138C,0,-0.22348309,0.10101120173931122,0.9161735773086548,0.8279591202735901
YGR287C,YLR207W,0,-0.22350672,0.10100021958351135,0.9161735773086548,0.8280592560768127
YHR178W,YAL010C,0,-0.22358567,0.10098923742771149,0.9161735773086548,0.8281594514846802
YNL232W,YMR024W,1,-0.22400162,0.10108695924282074,0.9171597361564636,0.8281594514846802
YAL033W,YNL072W,1,-0.22405973,0.1011846512556076,0.9181459546089172,0.8281594514846802
YBL105C,YOL158C,0,-0.22407776,0.10117365419864655,0.9181459546089172,0.8282595872879028
YDR197W,YPL074W,0,-0.22407949,0.10116266459226608,0.9181459546089172,0.8283597230911255
YML110C,YOR140W,0,-0.22411391,0.10115167498588562,0.9181459546089172,0.8284598588943481
YHR115C,YDR316W,0,-0.22412543,0.10114068537950516,0.9181459546089172,0.8285599946975708
YDR403W,YKL100C,0,-0.22413202,0.1011296957731247,0.9181459546089172,0.8286601305007935
YOL056W,YPR098C,0,-0.22436348,0.10111871361732483,0.9181459546089172,0.8287602663040161
YDR322W,YNR040W,0,-0.22438468,0.10110773146152496,0.9181459546089172,0.8288604021072388
YFR051C,YPL122C,0,-0.22439604,0.1010967567563057,0.9181459546089172,0.8289605379104614
YML066C,YKL186C,0,-0.2244212,0.10108577460050583,0.9181459546089172,0.8290606737136841
YDL078C,YCR087C-A,0,-0.22444826,0.10107479989528656,0.9181459546089172,0.8291608095169067
YML046W,YER012W,0,-0.22449666,0.10106383264064789,0.9181459546089172,0.8292609453201294
YGR285C,YNR003C,0,-0.22450554,0.10105285793542862,0.9181459546089172,0.829361081123352
YNR060W,YDR229W,0,-0.22457424,0.10104189068078995,0.9181459546089172,0.8294612169265747
YKR065C,YGL030W,0,-0.22460715,0.10103093087673187,0.9181459546089172,0.8295614123344421
YDR386W,YAR008W,1,-0.22471133,0.1011284738779068,0.9191321730613708,0.8295614123344421
YDL174C,YNL047C,0,-0.2249214,0.10111749917268753,0.9191321730613708,0.8296615481376648
YHR046C,YDR056C,0,-0.22499204,0.10110653191804886,0.9191321730613708,0.8297616839408875
YDR113C,YPL132W,0,-0.22505856,0.10109556466341019,0.9191321730613708,0.8298618197441101
YLR154C,YBR033W,0,-0.22508204,0.10108459740877151,0.9191321730613708,0.8299619555473328
YDR293C,YML024W,0,-0.22509792,0.10107363760471344,0.9191321730613708,0.8300620913505554
YMR231W,YHL032C,0,-0.22521824,0.10106267780065536,0.9191321730613708,0.8301622271537781
YJR029W,YDR141C,0,-0.22535717,0.10105171799659729,0.9191321730613708,0.8302623629570007
YGR172C,YJR103W,0,-0.22536057,0.10104076564311981,0.9191321730613708,0.8303624987602234
YLR077W,YBR251W,0,-0.22543876,0.10102981328964233,0.9191321730613708,0.830462634563446
YDR121W,YOR256C,0,-0.22557797,0.10101886093616486,0.9191321730613708,0.8305627703666687
YBR127C,YGR068C,0,-0.22569387,0.10100790858268738,0.9191321730613708,0.8306629061698914
YLR418C,YGR199W,0,-0.22573277,0.1009969636797905,0.9191321730613708,0.830763041973114
YML065W,YMR204C,0,-0.22585385,0.10098601877689362,0.9191321730613708,0.8308632373809814
YBR024W,YPR025C,0,-0.22619337,0.10097508132457733,0.9191321730613708,0.8309633731842041
YGL206C,YNL252C,0,-0.2261985,0.10096414387226105,0.9191321730613708,0.8310635089874268
YOR375C,YJL014W,0,-0.22625257,0.10095320641994476,0.9191321730613708,0.8311636447906494
YGR095C,YKL149C,1,-0.22640932,0.10105057805776596,0.9201183319091797,0.8311636447906494
YCR079W,YLR240W,0,-0.22644733,0.10103963315486908,0.9201183319091797,0.8312637805938721
YOL008W,YMR282C,0,-0.2266926,0.1010286957025528,0.9201183319091797,0.8313639163970947
YBR139W,YGL216W,0,-0.22689831,0.10101775825023651,0.9201183319091797,0.8314640522003174
YDR245W,YJL081C,0,-0.22713211,0.10100682079792023,0.9201183319091797,0.83156418800354
YNL085W,YBR167C,1,-0.22721188,0.10110413283109665,0.9211045503616333,0.83156418800354
YHR079C,YDR419W,0,-0.2274706,0.10109319537878036,0.9211045503616333,0.8316643238067627
YBR229C,YHR181W,0,-0.22758177,0.10108225047588348,0.9211045503616333,0.8317644596099854
YIR002C,YDL029W,0,-0.22774634,0.1010713130235672,0.9211045503616333,0.831864595413208
YDR473C,YLR304C,0,-0.22774848,0.10106037557125092,0.9211045503616333,0.8319647312164307
YLL019C,YOR008C,0,-0.2277648,0.10104944556951523,0.9211045503616333,0.8320648670196533
YOL130W,YDR262W,0,-0.22777839,0.10103850811719894,0.9211045503616333,0.832165002822876
YDR382W,YDR156W,0,-0.22793415,0.10102758556604385,0.9211045503616333,0.8322651982307434
YFR042W,YKL220C,0,-0.22802293,0.10101665556430817,0.9211045503616333,0.8323653340339661
YKL003C,YCR042C,0,-0.22802827,0.10100573301315308,0.9211045503616333,0.8324654698371887
YDR180W,YBL113C,0,-0.22805971,0.10099481046199799,0.9211045503616333,0.8325656056404114
YBL055C,YCR093W,1,-0.22817418,0.10109201073646545,0.9220907092094421,0.8325656056404114
YFR015C,YLR034C,0,-0.2281797,0.10108108073472977,0.9220907092094421,0.832665741443634
YLR348C,YCR075C,0,-0.22818002,0.10107015818357468,0.9220907092094421,0.8327658772468567
YCR039C,YNR040W,0,-0.2281808,0.10105922818183899,0.9220907092094421,0.8328660130500793
YJL044C,YMR060C,0,-0.2282485,0.1010483056306839,0.9220907092094421,0.832966148853302
YOL091W,YBL078C,0,-0.22826484,0.1010373905301094,0.9220907092094421,0.8330662846565247
YDR067C,YMR047C,0,-0.22837496,0.10102647542953491,0.9220907092094421,0.8331664204597473
YPL055C,YBR150C,0,-0.22844541,0.10101556032896042,0.9220907092094421,0.83326655626297
YJR112W,YEL050C,0,-0.2284628,0.10100464522838593,0.9220907092094421,0.8333666920661926
YKL206C,YJL046W,0,-0.22853863,0.10099373757839203,0.9220907092094421,0.8334668278694153
YKR050W,YPR181C,0,-0.22857016,0.10098282992839813,0.9220907092094421,0.8335670232772827
YNL220W,YOR046C,0,-0.22859317,0.10097192227840424,0.9220907092094421,0.8336671590805054
YBL040C,YIL090W,0,-0.2287631,0.10096102207899094,0.9220907092094421,0.833767294883728
YJR098C,YNL129W,0,-0.22883448,0.10095012187957764,0.9220907092094421,0.8338674306869507
YKL049C,YNL197C,0,-0.22884758,0.10093922168016434,0.9220907092094421,0.8339675664901733
YFL001W,YLR343W,0,-0.2290794,0.10092832148075104,0.9220907092094421,0.834067702293396
YLR145W,YML029W,0,-0.22921693,0.10091742873191833,0.9220907092094421,0.8341678380966187
YJL141C,YJR065C,0,-0.22988869,0.10090654343366623,0.9220907092094421,0.8342679738998413
YPL050C,YNL009W,0,-0.22991057,0.10089565068483353,0.9220907092094421,0.834368109703064
YPL228W,YHR086W,0,-0.22995895,0.10088476538658142,0.9220907092094421,0.8344682455062866
YOL113W,YJR130C,0,-0.2300556,0.10087388008832932,0.9220907092094421,0.8345683813095093
YLR105C,YDL102W,1,-0.23013481,0.10097087174654007,0.9230769276618958,0.8345683813095093
YNL306W,YOL094C,0,-0.23033264,0.10095998644828796,0.9230769276618958,0.8346685171127319
YGL134W,YCR004C,0,-0.23059598,0.10094909369945526,0.9230769276618958,0.8347686529159546
YPL255W,YPR137W,0,-0.23063003,0.10093820840120316,0.9230769276618958,0.8348687887191772
YBR098W,YML095C,1,-0.23082161,0.10103515535593033,0.9240631461143494,0.8348687887191772
YNR027W,YJL111W,0,-0.2308258,0.10102425515651703,0.9240631461143494,0.8349689841270447
YLR136C,YLR453C,0,-0.2308568,0.10101336985826492,0.9240631461143494,0.8350691199302673
YDL054C,YLR376C,0,-0.23093307,0.10100247710943222,0.9240631461143494,0.83516925573349
YPR192W,YNL314W,0,-0.23096803,0.10099159181118011,0.9240631461143494,0.8352693915367126
YIR021W,YDR326C,0,-0.23099174,0.10098070651292801,0.9240631461143494,0.8353695273399353
YDR299W,YDL178W,0,-0.23107998,0.1009698286652565,0.9240631461143494,0.835469663143158
YKL221W,YLR032W,0,-0.23115775,0.10095895081758499,0.9240631461143494,0.8355697989463806
YPL091W,YNL088W,0,-0.23129442,0.10094807296991348,0.9240631461143494,0.8356699347496033
YDL185W,YAR008W,1,-0.23133184,0.1010449230670929,0.9250493049621582,0.8356699347496033
YKL152C,YGL029W,0,-0.23133723,0.10103403776884079,0.9250493049621582,0.8357700705528259
YJL208C,YBR257W,1,-0.23147972,0.10113085806369781,0.9260355234146118,0.8357700705528259
YFR001W,YJR144W,0,-0.23153463,0.10111996531486511,0.9260355234146118,0.8358702063560486
YDR440W,YGL039W,0,-0.23154056,0.101109080016613,0.9260355234146118,0.8359703421592712
YGL133W,YEL036C,0,-0.23179147,0.1010981947183609,0.9260355234146118,0.8360704779624939
YNL151C,YPL270W,0,-0.23193853,0.1010873094201088,0.9260355234146118,0.8361706137657166
YLR332W,YJL166W,0,-0.23195767,0.10107642412185669,0.9260355234146118,0.8362707495689392
YBR020W,YLR305C,0,-0.23248224,0.10106554627418518,0.9260355234146118,0.8363709449768066
YBL055C,YBR223C,1,-0.23257051,0.10116229206323624,0.9270216822624207,0.8363709449768066
YIL015W,YJR099W,0,-0.23262715,0.10115140676498413,0.9270216822624207,0.8364710807800293
YBR098W,YLR107W,1,-0.23266295,0.1012481153011322,0.9280079007148743,0.8364710807800293
YLR208W,YNL307C,0,-0.23269802,0.1012372225522995,0.9280079007148743,0.836571216583252
YPR178W,YIL031W,0,-0.23278016,0.1012263372540474,0.9280079007148743,0.8366713523864746
YJL051W,YGL068W,0,-0.23280571,0.10121544450521469,0.9280079007148743,0.8367714881896973
YEL016C,YNL008C,0,-0.23284554,0.10120455920696259,0.9280079007148743,0.8368716239929199
YBR042C,YGR239C,0,-0.23292866,0.10119367390871048,0.9280079007148743,0.8369717597961426
YDR478W,YLR381W,0,-0.23294273,0.10118279606103897,0.9280079007148743,0.8370718955993652
YPR035W,YPL149W,0,-0.23323625,0.10117191821336746,0.9280079007148743,0.8371720314025879
YBR098W,YHR164C,1,-0.23324601,0.10126854479312897,0.9289940595626831,0.8371720314025879
YHR070W,YMR032W,0,-0.23353738,0.10125765949487686,0.9289940595626831,0.8372721672058105
YOR061W,YOR099W,0,-0.233593,0.10124677419662476,0.9289940595626831,0.8373723030090332
YNL327W,YGL227W,0,-0.23372218,0.10123589634895325,0.9289940595626831,0.8374724388122559
YJL122W,YMR083W,0,-0.23373142,0.10122501850128174,0.9289940595626831,0.8375725746154785
YKL173W,YLR078C,0,-0.23374096,0.10121414065361023,0.9289940595626831,0.837672770023346
YCR060W,YDR524C,0,-0.23382694,0.10120326280593872,0.9289940595626831,0.8377729058265686
YDL143W,YMR223W,0,-0.23400712,0.10119239240884781,0.9289940595626831,0.8378730416297913
YMR145C,YPR047W,0,-0.23402384,0.1011815220117569,0.9289940595626831,0.8379731774330139
YNR069C,YLR298C,0,-0.23406143,0.10117065906524658,0.9289940595626831,0.8380733132362366
YPR096C,YPL147W,0,-0.2341578,0.10115979611873627,0.9289940595626831,0.8381734490394592
YFR031C,YNL208W,0,-0.23419014,0.10114893317222595,0.9289940595626831,0.8382735848426819
YGL011C,YLR210W,0,-0.2342875,0.10113807022571564,0.9289940595626831,0.8383737206459045
YLR088W,YOR239W,0,-0.23434749,0.10112721472978592,0.9289940595626831,0.8384738564491272
YDR311W,YNR011C,0,-0.23438594,0.1011163592338562,0.9289940595626831,0.8385739922523499
YCR094W,YPL074W,0,-0.23438865,0.10110550373792648,0.9289940595626831,0.8386741280555725
YDR472W,YMR165C,0,-0.2344028,0.10109465569257736,0.9289940595626831,0.8387742638587952
YDR065W,YPL086C,0,-0.23473668,0.10108380764722824,0.9289940595626831,0.8388743996620178
YGR081C,YOR099W,0,-0.23490103,0.10107295960187912,0.9289940595626831,0.8389745354652405
YLR164W,YMR077C,0,-0.2349033,0.1010621190071106,0.9289940595626831,0.8390747308731079
YPL139C,YDR540C,0,-0.23501548,0.10105127841234207,0.9289940595626831,0.8391748666763306
YNL113W,YLL045C,0,-0.23547968,0.10104043781757355,0.9289940595626831,0.8392750024795532
YER114C,YJR126C,0,-0.23549123,0.10102960467338562,0.9289940595626831,0.8393751382827759
YNL238W,YDL103C,0,-0.23558606,0.1010187640786171,0.9289940595626831,0.8394752740859985
YER090W,YDR031W,0,-0.23575899,0.10100793838500977,0.9289940595626831,0.8395754098892212
YNL050C,YGR113W,0,-0.23604572,0.10099710524082184,0.9289940595626831,0.8396755456924438
YNL084C,YDR270W,0,-0.23612508,0.10098627954721451,0.9289940595626831,0.8397756814956665
YJL165C,YGR234W,0,-0.23630495,0.10097545385360718,0.9289940595626831,0.8398758172988892
YBR199W,YOR297C,0,-0.23649433,0.10096462815999985,0.9289940595626831,0.8399759531021118
YKR003W,YOL093W,0,-0.23662227,0.10095380991697311,0.9289940595626831,0.8400760889053345
YDR044W,YBL019W,0,-0.23670167,0.10094299167394638,0.9289940595626831,0.8401762247085571
YNL185C,YGL256W,0,-0.23672856,0.10093217343091965,0.9289940595626831,0.8402763605117798
YIL111W,YOR226C,0,-0.23675925,0.10092136263847351,0.9289940595626831,0.8403765559196472
YJL060W,YKL012W,0,-0.23680563,0.10091055184602737,0.9289940595626831,0.8404766917228699
YGR295C,YOR151C,0,-0.23694539,0.10089974105358124,0.9289940595626831,0.8405768275260925
YBR036C,YHR001W,0,-0.23696586,0.1008889377117157,0.9289940595626831,0.8406769633293152
YNL073W,YDL200C,0,-0.23707332,0.10087813436985016,0.9289940595626831,0.8407770991325378
YNL107W,YHR032W,0,-0.23710422,0.10086733102798462,0.9289940595626831,0.8408772349357605
YOR033C,YER142C,1,-0.2371184,0.10096359997987747,0.9299802780151367,0.8408772349357605
YPL134C,YMR282C,0,-0.23713002,0.10095278918743134,0.9299802780151367,0.8409773707389832
YEL059C-A,YLR084C,0,-0.23723108,0.1009419858455658,0.9299802780151367,0.8410775065422058
YBR175W,YLR165C,0,-0.23726538,0.10093117505311966,0.9299802780151367,0.8411776423454285
YPR081C,YER029C,0,-0.23736739,0.10092037916183472,0.9299802780151367,0.8412777781486511
YAR009C,YMR262W,1,-0.23744878,0.1010165885090828,0.9309664964675903,0.8412777781486511
YJL176C,YOR039W,0,-0.23754524,0.10100577771663666,0.9309664964675903,0.8413779139518738
YJL104W,YIR037W,0,-0.23755792,0.10099497437477112,0.9309664964675903,0.8414780497550964
YGL094C,YBR223C,1,-0.2375812,0.10109113901853561,0.9319526553153992,0.8414780497550964
YBR048W,YNL136W,0,-0.23773783,0.10108032822608948,0.9319526553153992,0.8415781855583191
YGL001C,YBR072W,0,-0.2377827,0.10106951743364334,0.9319526553153992,0.8416783213615417
YCL025C,YNL049C,0,-0.2378082,0.1010587066411972,0.9319526553153992,0.8417785167694092
YJL011C,YPR016C,0,-0.23785931,0.10104790329933167,0.9319526553153992,0.8418786525726318
YOR196C,YFL055W,0,-0.23787943,0.10103709995746613,0.9319526553153992,0.8419787883758545
YGR271W,YMR276W,0,-0.23788464,0.10102629661560059,0.9319526553153992,0.8420789241790771
YAL023C,YCR071C,0,-0.23807113,0.10101550072431564,0.9319526553153992,0.8421790599822998
YFR045W,YPR137W,0,-0.23823115,0.1010047048330307,0.9319526553153992,0.8422791957855225
YBR201W,YDR538W,0,-0.23829944,0.10099390894174576,0.9319526553153992,0.8423793315887451
YJL225C,YDR072C,0,-0.23833214,0.10098311305046082,0.9319526553153992,0.8424794673919678
YNL282W,YLR064W,0,-0.23839258,0.10097232460975647,0.9319526553153992,0.8425796031951904
YAL033W,YER142C,1,-0.23841417,0.10106837749481201,0.9329388737678528,0.8425796031951904
YDR210W,YJL034W,0,-0.23850818,0.10105758160352707,0.9329388737678528,0.8426797389984131
YPR048W,YIL121W,0,-0.23856398,0.10104678571224213,0.9329388737678528,0.8427798748016357
YGL209W,YKR022C,0,-0.2385731,0.10103598982095718,0.9329388737678528,0.8428800106048584
YPR108W,YLL055W,0,-0.23864129,0.10102520138025284,0.9329388737678528,0.842980146408081
YPR048W,YPR182W,0,-0.23898382,0.10101441293954849,0.9329388737678528,0.8430803418159485
YBR196C,YOR229W,0,-0.23914799,0.10100363194942474,0.9329388737678528,0.8431804776191711
YBR186W,YGL004C,0,-0.23921093,0.1009928435087204,0.9329388737678528,0.8432806134223938
YKR056W,YOR234C,0,-0.23937365,0.10098206996917725,0.9329388737678528,0.8433807492256165
YDL190C,YOL104C,0,-0.23938718,0.1009712889790535,0.9329388737678528,0.8434808850288391
YGL207W,YLR343W,0,-0.23954165,0.10096051543951035,0.9329388737678528,0.8435810208320618
YLR297W,YDL074C,0,-0.23969403,0.1009497418999672,0.9329388737678528,0.8436811566352844
YIL023C,YKL165C,0,-0.23985747,0.10093896836042404,0.9329388737678528,0.8437812924385071
YMR154C,YGR134W,0,-0.23985761,0.10092819482088089,0.9329388737678528,0.8438814282417297
YBR061C,YOL057W,0,-0.23993793,0.10091742873191833,0.9329388737678528,0.8439815640449524
YMR268C,YOR084W,0,-0.23998122,0.10090667009353638,0.9329388737678528,0.844081699848175
YJR138W,YDL200C,0,-0.24008067,0.10089590400457382,0.9329388737678528,0.8441818356513977
YLR107W,YCR002C,0,-0.24019161,0.10088514536619186,0.9329388737678528,0.8442819714546204
YNL119W,YBL093C,0,-0.24020877,0.1008743867278099,0.9329388737678528,0.844382107257843
YBR096W,YJR089W,0,-0.24025437,0.10086362808942795,0.9329388737678528,0.8444823026657104
YOR368W,YGL085W,1,-0.24026679,0.10095948725938797,0.9339250326156616,0.8444823026657104
YLR330W,YOL119C,0,-0.24039185,0.10094872862100601,0.9339250326156616,0.8445824384689331
YMR227C,YNL270C,0,-0.24052843,0.10093796998262405,0.9339250326156616,0.8446825742721558
YDR297W,YNL219C,0,-0.24059896,0.1009272113442421,0.9339250326156616,0.8447827100753784
YAR007C,YDL245C,0,-0.24070081,0.10091645270586014,0.9339250326156616,0.8448828458786011
YDR293C,YHR062C,1,-0.2413469,0.10101225227117538,0.9349112510681152,0.8448828458786011
YDL064W,YMR163C,0,-0.24135704,0.10100149363279343,0.9349112510681152,0.8449829816818237
YML052W,YOR369C,0,-0.24137095,0.10099073499441147,0.9349112510681152,0.8450831174850464
YDR054C,YMR278W,0,-0.24149147,0.10097997635602951,0.9349112510681152,0.845183253288269
YHR119W,YER119C,0,-0.24165148,0.10096921771764755,0.9349112510681152,0.8452833890914917
YLR410W,YML113W,0,-0.24171105,0.10095846652984619,0.9349112510681152,0.8453835248947144
YJR028W,YOL105C,0,-0.24174747,0.10094771534204483,0.9349112510681152,0.845483660697937
YIL159W,YJL214W,0,-0.24181104,0.10093696415424347,0.9349112510681152,0.8455837965011597
YNL322C,YBL066C,0,-0.24181776,0.1009262204170227,0.9349112510681152,0.8456839323043823
YJL170C,YPL259C,0,-0.24187204,0.10091547667980194,0.9349112510681152,0.845784068107605
YNL026W,YOR229W,0,-0.24190253,0.10090473294258118,0.9349112510681152,0.8458842635154724
YDR298C,YLR425W,0,-0.24190706,0.10089399665594101,0.9349112510681152,0.8459843993186951
YNR027W,YJL176C,0,-0.24199077,0.10088326036930084,0.9349112510681152,0.8460845351219177
YNL189W,YOR033C,0,-0.24205884,0.10087252408266068,0.9349112510681152,0.8461846709251404
YIL065C,YDR477W,0,-0.24218528,0.1008617952466011,0.9349112510681152,0.846284806728363
YGR172C,YGL095C,0,-0.24231713,0.10085106641054153,0.9349112510681152,0.8463849425315857
YNL096C,YAL041W,0,-0.24232057,0.10084033757448196,0.9349112510681152,0.8464850783348083
YPR005C,YDL065C,0,-0.2424404,0.1008296087384224,0.9349112510681152,0.846585214138031
YJL200C,YMR099C,0,-0.24244574,0.10081888735294342,0.9349112510681152,0.8466853499412537
YIL101C,YJL156C,0,-0.2425666,0.10080816596746445,0.9349112510681152,0.8467854857444763
YEL064C,YGR140W,0,-0.24264367,0.10079744458198547,0.9349112510681152,0.846885621547699
YNL159C,YLL036C,0,-0.24292314,0.1007867306470871,0.9349112510681152,0.8469857573509216
YLR071C,YOR118W,0,-0.24299419,0.10077601671218872,0.9349112510681152,0.8470858931541443
YDL043C,YER170W,0,-0.24302591,0.10076530277729034,0.9349112510681152,0.8471860885620117
YBR167C,YLR045C,0,-0.24318011,0.10075459629297256,0.9349112510681152,0.8472862243652344
YER042W,YLL003W,0,-0.24322379,0.10074388980865479,0.9349112510681152,0.847386360168457
YDL168W,YDR216W,0,-0.2433912,0.100733183324337,0.9349112510681152,0.8474864959716797
YDR055W,YDR334W,0,-0.24351275,0.10072248429059982,0.9349112510681152,0.8475866317749023
YJL102W,YIL145C,0,-0.24364555,0.10071178525686264,0.9349112510681152,0.847686767578125
YER115C,YOR215C,0,-0.24366952,0.10070108622312546,0.9349112510681152,0.8477869033813477
YJL030W,YDR527W,0,-0.24372631,0.10069038718938828,0.9349112510681152,0.8478870391845703
YGR207C,YDL141W,0,-0.24380845,0.10067969560623169,0.9349112510681152,0.847987174987793
YBL023C,YNL306W,0,-0.24383354,0.1006690040230751,0.9349112510681152,0.8480873107910156
YCR047C,YMR292W,0,-0.24389225,0.10065831243991852,0.9349112510681152,0.8481874465942383
YJL151C,YBR081C,0,-0.24400093,0.10064762830734253,0.9349112510681152,0.8482875823974609
YLL055W,YPR119W,0,-0.24407676,0.10063694417476654,0.9349112510681152,0.8483877182006836
YKL116C,YDR330W,0,-0.24414688,0.10062626004219055,0.9349112510681152,0.8484878540039062
YOR142W,YNL270C,0,-0.24427187,0.10061558336019516,0.9349112510681152,0.8485880494117737
YPL072W,YGR198W,0,-0.2442828,0.10060489922761917,0.9349112510681152,0.8486881852149963
YPL007C,YPL098C,0,-0.24436197,0.10059422999620438,0.9349112510681152,0.848788321018219
YDR107C,YPL274W,0,-0.24443567,0.10058355331420898,0.9349112510681152,0.8488884568214417
YER029C,YER101C,0,-0.24449971,0.10057288408279419,0.9349112510681152,0.8489885926246643
YEL003W,YPL037C,0,-0.2445887,0.1005622148513794,0.9349112510681152,0.849088728427887
YDR432W,YKL179C,0,-0.24463156,0.1005515456199646,0.9349112510681152,0.8491888642311096
YPR056W,YKL018W,0,-0.24474277,0.1005408838391304,0.9349112510681152,0.8492890000343323
YDR311W,YPL098C,0,-0.24499084,0.1005302220582962,0.9349112510681152,0.8493891358375549
YDL185W,YBR228W,1,-0.24500823,0.10062559694051743,0.9358974099159241,0.8493891358375549
YMR033W,YMR179W,0,-0.24511376,0.10061492770910263,0.9358974099159241,0.8494892716407776
YHL027W,YGR268C,0,-0.24521247,0.10060425847768784,0.9358974099159241,0.8495894074440002
YOL001W,YNL212W,0,-0.24527684,0.10059359669685364,0.9358974099159241,0.8496895432472229
YMR154C,YBR278W,0,-0.24535105,0.10058293491601944,0.9358974099159241,0.8497896790504456
YIL108W,YGL035C,0,-0.2453556,0.10057227313518524,0.9358974099159241,0.849889874458313
YJL066C,YFL023W,0,-0.24542265,0.10056161880493164,0.9358974099159241,0.8499900102615356
YER087W,YGL106W,0,-0.24542549,0.10055096447467804,0.9358974099159241,0.8500901460647583
YMR070W,YOR204W,0,-0.24564652,0.10054031014442444,0.9358974099159241,0.850190281867981
YHR042W,YGR198W,0,-0.24575394,0.10052966326475143,0.9358974099159241,0.8502904176712036
YBL112C,YOL027C,0,-0.24576798,0.10051901638507843,0.9358974099159241,0.8503905534744263
YDL229W,YML008C,0,-0.24586347,0.10050836950540543,0.9358974099159241,0.8504906892776489
YOL110W,YNL146W,0,-0.24596623,0.10049772262573242,0.9358974099159241,0.8505908250808716
YHR098C,YGR286C,0,-0.24599883,0.10048708319664001,0.9358974099159241,0.8506909608840942
YPL007C,YER046W,0,-0.2460651,0.10047644376754761,0.9358974099159241,0.8507910966873169
YDR128W,YJR145C,0,-0.24608704,0.1004658043384552,0.9358974099159241,0.8508912324905396
YOR242C,YBL050W,0,-0.24621432,0.10045517235994339,0.9358974099159241,0.8509913682937622
YDR258C,YBL058W,0,-0.24628687,0.10044454038143158,0.9358974099159241,0.8510915040969849
YNL262W,YDR302W,0,-0.24638045,0.10043390840291977,0.9358974099159241,0.8511916399002075
YEL065W,YKL001C,0,-0.24640958,0.10042328387498856,0.9358974099159241,0.851291835308075
YOR367W,YGR157W,0,-0.24642462,0.10041265189647675,0.9358974099159241,0.8513919711112976
YGR124W,YKL089W,0,-0.24673352,0.10040203481912613,0.9358974099159241,0.8514921069145203
YGR077C,YBL069W,0,-0.24685013,0.10039141029119492,0.9358974099159241,0.8515922427177429
YNL248C,YGR234W,0,-0.24690656,0.1003807932138443,0.9358974099159241,0.8516923785209656
YBR244W,YGR286C,0,-0.24696214,0.10037017613649368,0.9358974099159241,0.8517925143241882
YLL054C,YDL147W,0,-0.24699399,0.10035955905914307,0.9358974099159241,0.8518926501274109
YNL106C,YEL034W,0,-0.24713588,0.10034894943237305,0.9358974099159241,0.8519927859306335
YGL157W,YPR006C,0,-0.24746388,0.10033833980560303,0.9358974099159241,0.8520929217338562
YDR164C,YIL046W,0,-0.24747136,0.10032773017883301,0.9358974099159241,0.8521930575370789
YDR519W,YHR052W,0,-0.24747883,0.10031712800264359,0.9358974099159241,0.8522931933403015
YOR116C,YLL011W,0,-0.24768609,0.10030651837587357,0.9358974099159241,0.8523933291435242
YKL165C,YER119C,0,-0.2476941,0.10029592365026474,0.9358974099159241,0.8524934649467468
YLR262C,YMR180C,0,-0.24775134,0.10028532147407532,0.9358974099159241,0.8525936603546143
YBR087W,YDL052C,0,-0.24781938,0.10027472674846649,0.9358974099159241,0.8526937961578369
YPL157W,YPL104W,0,-0.24799085,0.10026413202285767,0.9358974099159241,0.8527939319610596
YDR052C,YPL053C,0,-0.24800329,0.10025353729724884,0.9358974099159241,0.8528940677642822
YML028W,YOR234C,0,-0.24809006,0.10024295002222061,0.9358974099159241,0.8529942035675049
YDL077C,YGR229C,0,-0.24810441,0.10023236274719238,0.9358974099159241,0.8530943393707275
YEL071W,YLL003W,0,-0.24831453,0.10022177547216415,0.9358974099159241,0.8531944751739502
YDR465C,YJR143C,0,-0.248776,0.10021119564771652,0.9358974099159241,0.8532946109771729
YLR135W,YML015C,0,-0.24879834,0.10020061582326889,0.9358974099159241,0.8533947467803955
YBL112C,YOR216C,0,-0.24896249,0.10019003599882126,0.9358974099159241,0.8534948825836182
YPL155C,YOR361C,0,-0.24896333,0.10017945617437363,0.9358974099159241,0.8535950183868408
YML115C,YJL191W,0,-0.24896672,0.10016888380050659,0.9358974099159241,0.8536951541900635
YJL062W,YML099C,0,-0.24899632,0.10015831142663956,0.9358974099159241,0.8537952899932861
YMR109W,YDR260C,0,-0.24904032,0.10014773905277252,0.9358974099159241,0.8538954257965088
YOR389W,YER112W,0,-0.2491616,0.10013717412948608,0.9358974099159241,0.8539956212043762
YLR396C,YJL104W,0,-0.24939588,0.10012660920619965,0.9358974099159241,0.8540957570075989
YDL010W,YDL215C,0,-0.24957001,0.10011604428291321,0.9358974099159241,0.8541958928108215
YDR224C,YHL047C,0,-0.24961905,0.10010548681020737,0.9358974099159241,0.8542960286140442
YBR123C,YJR053W,0,-0.24980329,0.10009492933750153,0.9358974099159241,0.8543961644172668
YAL003W,YLR214W,0,-0.24980707,0.10008437186479568,0.9358974099159241,0.8544963002204895
YMR214W,YLR191W,0,-0.24998662,0.10007381439208984,0.9358974099159241,0.8545964360237122
YMR139W,YER171W,0,-0.25007355,0.1000632643699646,0.9358974099159241,0.8546965718269348
YPR033C,YPR198W,0,-0.2502543,0.10005271434783936,0.9358974099159241,0.8547967076301575
YPL249C,YPL059W,0,-0.25047886,0.10004216432571411,0.9358974099159241,0.8548968434333801
YGL224C,YNL290W,0,-0.25055498,0.10003162175416946,0.9358974099159241,0.8549969792366028
YDL128W,YER099C,0,-0.25070897,0.10002107918262482,0.9358974099159241,0.8550971150398254
YLR135W,YBR205W,0,-0.25071147,0.10001053661108017,0.9358974099159241,0.8551972508430481
YNL230C,YKR097W,0,-0.2508922,0.10000000149011612,0.9358974099159241,0.8552973866462708
YBR018C,YAL017W,0,-0.25097656,0.09998946636915207,0.9358974099159241,0.8553975820541382
YIL121W,YNL083W,0,-0.25103435,0.09997893124818802,0.9358974099159241,0.8554977178573608
YNL021W,YDR489W,0,-0.25109208,0.09996839612722397,0.9358974099159241,0.8555978536605835
YGL236C,YDR453C,0,-0.25115418,0.09995786845684052,0.9358974099159241,0.8556979894638062
YCR071C,YIL142W,0,-0.25118074,0.09994734078645706,0.9358974099159241,0.8557981252670288
YJL093C,YDR316W,0,-0.25122425,0.09993681311607361,0.9358974099159241,0.8558982610702515
YGL134W,YMR088C,0,-0.25128534,0.09992629289627075,0.9358974099159241,0.8559983968734741
YBR095C,YMR277W,0,-0.25133446,0.0999157726764679,0.9358974099159241,0.8560985326766968
YDL112W,YKL165C,0,-0.2515011,0.09990525245666504,0.9358974099159241,0.8561986684799194
YLR154C,YNL309W,0,-0.2516874,0.09989473968744278,0.9358974099159241,0.8562988042831421
YOL108C,YGR056W,0,-0.2517125,0.09988421946763992,0.9358974099159241,0.8563989400863647
YJL128C,YBL090W,0,-0.25181484,0.09987371414899826,0.9358974099159241,0.8564990758895874
YDL058W,YGR056W,0,-0.25227728,0.099863201379776,0.9358974099159241,0.8565992116928101
YOR085W,YIL157C,0,-0.25230274,0.09985269606113434,0.9358974099159241,0.8566994071006775
YLR135W,YDR113C,0,-0.2523595,0.09984219074249268,0.9358974099159241,0.8567995429039001
YER054C,YER019C-A,0,-0.25246772,0.09983168542385101,0.9358974099159241,0.8568996787071228
YER035W,YLR441C,0,-0.25250188,0.09982118755578995,0.9358974099159241,0.8569998145103455
YHR065C,YIL159W,0,-0.25251383,0.09981068223714828,0.9358974099159241,0.8570999503135681
YDR264C,YMR047C,0,-0.2527348,0.09980019181966782,0.9358974099159241,0.8572000861167908
YGR144W,YNL159C,0,-0.25274494,0.09978969395160675,0.9358974099159241,0.8573002219200134
YFR036W,YOR328W,0,-0.25275257,0.09977920353412628,0.9358974099159241,0.8574003577232361
YDR452W,YEL004W,0,-0.2529508,0.09976871311664581,0.9358974099159241,0.8575004935264587
YPR080W,YPR104C,0,-0.25309363,0.09975822269916534,0.9358974099159241,0.8576006293296814
YMR163C,YDR331W,0,-0.2532755,0.09974773973226547,0.9358974099159241,0.857700765132904
YGR144W,YCR042C,0,-0.2533305,0.0997372567653656,0.9358974099159241,0.8578009009361267
YLR022C,YER035W,0,-0.25344086,0.09972677379846573,0.9358974099159241,0.8579010367393494
YJL219W,YOR025W,0,-0.25352585,0.09971629828214645,0.9358974099159241,0.858001172542572
YKR065C,YDR065W,0,-0.25354946,0.09970582276582718,0.9358974099159241,0.8581013679504395
YNL185C,YML115C,0,-0.25367436,0.0996953472495079,0.9358974099159241,0.8582015037536621
YEL012W,YLR095C,0,-0.25368315,0.09968487173318863,0.9358974099159241,0.8583016395568848
YKL201C,YOR336W,0,-0.25379536,0.09967440366744995,0.9358974099159241,0.8584017753601074
YOR176W,YDR341C,0,-0.25380793,0.09966393560171127,0.9358974099159241,0.8585019111633301
YKR013W,YIL026C,0,-0.2539113,0.0996534675359726,0.9358974099159241,0.8586020469665527
YGL216W,YGL040C,0,-0.25392464,0.09964300692081451,0.9358974099159241,0.8587021827697754
YPL274W,YLR182W,0,-0.25402907,0.09963254630565643,0.9358974099159241,0.858802318572998
YKL182W,YOR138C,0,-0.2542145,0.09962208569049835,0.9358974099159241,0.8589024543762207
YNL096C,YER101C,0,-0.25444987,0.09961163252592087,0.9358974099159241,0.8590025901794434
YPL079W,YKR098C,0,-0.25453216,0.09960117191076279,0.9358974099159241,0.859102725982666
YDR166C,YOR217W,0,-0.25472677,0.0995907261967659,0.9358974099159241,0.8592028617858887
YOR033C,YBR257W,1,-0.25474244,0.09968520700931549,0.9368836283683777,0.8592028617858887
YJR044C,YDR173C,0,-0.2548301,0.09967474639415741,0.9368836283683777,0.8593029975891113
YDR496C,YGR262C,0,-0.25487512,0.09966428577899933,0.9368836283683777,0.8594031929969788
YOR231W,YNL262W,0,-0.25491205,0.09965383261442184,0.9368836283683777,0.8595033288002014
YER168C,YOL062C,0,-0.2549552,0.09964337944984436,0.9368836283683777,0.8596034646034241
YDR461W,YPL181W,0,-0.25497624,0.09963293373584747,0.9368836283683777,0.8597036004066467
YOR162C,YNL035C,0,-0.2550003,0.09962248057126999,0.9368836283683777,0.8598037362098694
YOL158C,YML080W,0,-0.2550115,0.0996120348572731,0.9368836283683777,0.859903872013092
YLR289W,YJR040W,0,-0.25510195,0.09960159659385681,0.9368836283683777,0.8600040078163147
YHR063C,YDL104C,0,-0.25515965,0.09959115087985992,0.9368836283683777,0.8601041436195374
YLR405W,YNR022C,0,-0.25524017,0.09958071261644363,0.9368836283683777,0.86020427942276
YBR239C,YKL041W,0,-0.25525206,0.09957027435302734,0.9368836283683777,0.8603044152259827
YNL085W,YCR093W,1,-0.2553278,0.09966464340686798,0.9378698468208313,0.8603044152259827
YOL056W,YDR400W,0,-0.25537372,0.0996541976928711,0.9378698468208313,0.8604045510292053
YOR171C,YPL153C,0,-0.2555287,0.0996437519788742,0.9378698468208313,0.860504686832428
YKL178C,YDL236W,0,-0.25553572,0.09963331371545792,0.9378698468208313,0.8606048226356506
YNL092W,YFL013C,0,-0.25558195,0.09962287545204163,0.9378698468208313,0.8607049584388733
YCR088W,YMR257C,0,-0.25562963,0.09961244463920593,0.9378698468208313,0.8608051538467407
YFR007W,YKL183W,0,-0.25569937,0.09960201382637024,0.9378698468208313,0.8609052896499634
YJR047C,YNR026C,0,-0.2559665,0.09959158301353455,0.9378698468208313,0.861005425453186
YMR130W,YNL003C,0,-0.25597444,0.09958115220069885,0.9378698468208313,0.8611055612564087
YHR132C,YPR080W,0,-0.25600666,0.09957072883844376,0.9378698468208313,0.8612056970596313
YNL006W,YOR039W,0,-0.25607556,0.09956029802560806,0.9378698468208313,0.861305832862854
YDL174C,YER147C,0,-0.25632396,0.09954988211393356,0.9378698468208313,0.8614059686660767
YJL178C,YLR130C,0,-0.25650442,0.09953945875167847,0.9378698468208313,0.8615061044692993
YLR278C,YLR064W,0,-0.25665304,0.09952904284000397,0.9378698468208313,0.861606240272522
YKL084W,YNL281W,0,-0.2567682,0.09951862692832947,0.9378698468208313,0.8617063760757446
YJR133W,YLR275W,0,-0.25695798,0.09950821101665497,0.9378698468208313,0.8618065118789673
YLR182W,YOR175C,0,-0.25695875,0.09949780255556107,0.9378698468208313,0.8619066476821899
YHR065C,YGL099W,0,-0.25702545,0.09948739409446716,0.9378698468208313,0.8620067834854126
YKL167C,YLR213C,0,-0.257039,0.09947698563337326,0.9378698468208313,0.86210697889328
YDR510W,YJL104W,0,-0.25773913,0.09946658462285995,0.9378698468208313,0.8622071146965027
YER137C,YBR004C,0,-0.25799662,0.09945618361234665,0.9378698468208313,0.8623072504997253
YBR222C,YGR166W,0,-0.25815436,0.09944578260183334,0.9378698468208313,0.862407386302948
YHR084W,YLR080W,0,-0.25820312,0.09943538159132004,0.9378698468208313,0.8625075221061707
YEL021W,YML001W,0,-0.25821215,0.09942498803138733,0.9378698468208313,0.8626076579093933
YGR251W,YDL231C,0,-0.2582689,0.09941459447145462,0.9378698468208313,0.862707793712616
YPL271W,YOR307C,0,-0.2584755,0.09940420091152191,0.9378698468208313,0.8628079295158386
YMR271C,YJR045C,0,-0.2586888,0.0993938148021698,0.9378698468208313,0.8629080653190613
YMR005W,YGR010W,0,-0.25928736,0.09938342869281769,0.9378698468208313,0.8630082011222839
YBL061C,YGR125W,0,-0.2593891,0.09937304258346558,0.9378698468208313,0.8631083369255066
YOR033C,YLR430W,1,-0.25943667,0.09946714341640472,0.9388560056686401,0.8631083369255066
YIL111W,YGL157W,0,-0.25961632,0.09945674985647202,0.9388560056686401,0.8632084727287292
YOR371C,YOR126C,0,-0.25964135,0.0994463562965393,0.9388560056686401,0.8633086085319519
YLR086W,YJR093C,0,-0.259792,0.0994359701871872,0.9388560056686401,0.8634087443351746
YER020W,YNL289W,0,-0.2599525,0.09942558407783508,0.9388560056686401,0.863508939743042
YLR330W,YFR015C,0,-0.26010838,0.09941520541906357,0.9388560056686401,0.8636090755462646
YDR279W,YGL097W,0,-0.26024947,0.09940482676029205,0.9388560056686401,0.8637092113494873
YDL054C,YDR371W,0,-0.2603617,0.09939444810152054,0.9388560056686401,0.86380934715271
YGL119W,YBR087W,0,-0.2603731,0.09938406944274902,0.9388560056686401,0.8639094829559326
YER162C,YPL151C,0,-0.26048496,0.0993736982345581,0.9388560056686401,0.8640096187591553
YPL023C,YMR247C,0,-0.26058882,0.09936331957578659,0.9388560056686401,0.8641097545623779
YEL020C,YPR098C,0,-0.26072338,0.09935295581817627,0.9388560056686401,0.8642098903656006
YPL048W,YFR003C,0,-0.26076993,0.09934258460998535,0.9388560056686401,0.8643100261688232
YOL041C,YDR363W,0,-0.26079807,0.09933222085237503,0.9388560056686401,0.8644101619720459
YKL213C,YJL130C,0,-0.26080066,0.09932185709476471,0.9388560056686401,0.8645102977752686
YKL206C,YJL010C,0,-0.2608133,0.09931149333715439,0.9388560056686401,0.8646104335784912
YCR052W,YPL095C,0,-0.2610266,0.09930113703012466,0.9388560056686401,0.8647105693817139
YDR404C,YOR075W,0,-0.26104265,0.09929078072309494,0.9388560056686401,0.8648107647895813
YML051W,YBR251W,0,-0.2610439,0.09928042441606522,0.9388560056686401,0.864910900592804
YFR019W,YGL068W,0,-0.26120326,0.09927007555961609,0.9388560056686401,0.8650110363960266
YMR159C,YMR201C,0,-0.26129007,0.09925971925258636,0.9388560056686401,0.8651111721992493
YPL045W,YDL067C,0,-0.26130655,0.09924937784671783,0.9388560056686401,0.8652113080024719
YKL176C,YPR032W,0,-0.2614709,0.09923902899026871,0.9388560056686401,0.8653114438056946
YOL075C,YDR034C,0,-0.26169258,0.09922868758440018,0.9388560056686401,0.8654115796089172
YLR188W,YIL158W,0,-0.2618876,0.09921834617853165,0.9388560056686401,0.8655117154121399
YNL310C,YIL117C,0,-0.26203236,0.09920800477266312,0.9388560056686401,0.8656118512153625
YGL095C,YDR488C,0,-0.2620336,0.09919766336679459,0.9388560056686401,0.8657119870185852
YBL041W,YOR205C,0,-0.2621052,0.09918732941150665,0.9388560056686401,0.8658121228218079
YNR031C,YMR283C,0,-0.2621371,0.09917699545621872,0.9388560056686401,0.8659122586250305
YDR418W,YGL173C,0,-0.2621912,0.09916666895151138,0.9388560056686401,0.8660123944282532
YDR311W,YNR015W,0,-0.26224378,0.09915633499622345,0.9388560056686401,0.8661125302314758
YML008C,YAL022C,0,-0.2623252,0.09914600849151611,0.9388560056686401,0.8662127256393433
YJL219W,YML088W,0,-0.26232877,0.09913568943738937,0.9388560056686401,0.8663128614425659
YLR369W,YMR047C,0,-0.26261586,0.09912536293268204,0.9388560056686401,0.8664129972457886
YJR060W,YOR353C,0,-0.26264772,0.0991150438785553,0.9388560056686401,0.8665131330490112
YER113C,YPR108W,0,-0.26275927,0.09910472482442856,0.9388560056686401,0.8666132688522339
YIL004C,YBR280C,0,-0.26285008,0.09909441322088242,0.9388560056686401,0.8667134046554565
YEL061C,YBR205W,0,-0.26286948,0.09908409416675568,0.9388560056686401,0.8668135404586792
YIL160C,YDL111C,0,-0.26315576,0.09907378256320953,0.9388560056686401,0.8669136762619019
YMR098C,YKL163W,0,-0.2631851,0.09906347841024399,0.9388560056686401,0.8670138120651245
YPL249C,YJR113C,0,-0.263453,0.09905316680669785,0.9388560056686401,0.8671139478683472
YKR010C,YKL180W,0,-0.26351598,0.0990428626537323,0.9388560056686401,0.8672140836715698
YJR119C,YJR076C,0,-0.26363158,0.09903255850076675,0.9388560056686401,0.8673142194747925
YLR265C,YLR319C,0,-0.26379588,0.0990222617983818,0.9388560056686401,0.8674143552780151
YOL139C,YOR326W,0,-0.26385158,0.09901195764541626,0.9388560056686401,0.8675144910812378
YJL116C,YHR175W,0,-0.2640053,0.09900166094303131,0.9388560056686401,0.8676146864891052
YER068W,YJL079C,0,-0.26415464,0.09899137169122696,0.9388560056686401,0.8677148222923279
YGR033C,YOR297C,0,-0.26423717,0.09898107498884201,0.9388560056686401,0.8678149580955505
YDR120C,YAR035W,0,-0.2643318,0.09897078573703766,0.9388560056686401,0.8679150938987732
YFR033C,YKR086W,0,-0.26446787,0.0989604964852333,0.9388560056686401,0.8680152297019958
YML091C,YDR386W,1,-0.2644695,0.09905415028333664,0.9398422241210938,0.8680152297019958
YBL005W-B,YNL221C,1,-0.26457042,0.09914778918027878,0.9408283829689026,0.8680152297019958
YKR080W,YOR197W,0,-0.2646463,0.09913748502731323,0.9408283829689026,0.8681153655052185
YNR061C,YGR225W,0,-0.26465553,0.09912718087434769,0.9408283829689026,0.8682155013084412
YLR212C,YBR278W,0,-0.26475027,0.09911688417196274,0.9408283829689026,0.8683156371116638
YDR523C,YKR054C,0,-0.2649056,0.09910658746957779,0.9408283829689026,0.8684157729148865
YMR269W,YBR222C,0,-0.26500964,0.09909629076719284,0.9408283829689026,0.8685159087181091
YGR186W,YPR183W,0,-0.26503322,0.09908600151538849,0.9408283829689026,0.8686160445213318
YJR027W,YCL019W,1,-0.26504505,0.09917955845594406,0.9418146014213562,0.8686160445213318
YBL052C,YOR014W,0,-0.26516932,0.09916926175355911,0.9418146014213562,0.8687161803245544
YBR234C,YJL128C,0,-0.26527128,0.09915896505117416,0.9418146014213562,0.8688163161277771
YOR299W,YGL212W,0,-0.2653511,0.09914866834878922,0.9418146014213562,0.8689165115356445
YNL248C,YBR033W,0,-0.2655381,0.09913837909698486,0.9418146014213562,0.8690166473388672
YEL047C,YNL037C,0,-0.2657507,0.09912808984518051,0.9418146014213562,0.8691167831420898
YBR074W,YCL052C,0,-0.2658589,0.09911780059337616,0.9418146014213562,0.8692169189453125
YMR312W,YDR058C,0,-0.26587456,0.09910751134157181,0.9418146014213562,0.8693170547485352
YBR022W,YER122C,0,-0.26597428,0.09909722954034805,0.9418146014213562,0.8694171905517578
YGR054W,YLR222C,0,-0.2660362,0.0990869477391243,0.9418146014213562,0.8695173263549805
YMR295C,YPL220W,0,-0.26629546,0.09907666593790054,0.9418146014213562,0.8696174621582031
YGL153W,YDR126W,0,-0.266382,0.09906639158725739,0.9418146014213562,0.8697175979614258
YKL195W,YPR181C,0,-0.26647756,0.09905611723661423,0.9418146014213562,0.8698177337646484
YDL101C,YNR006W,0,-0.26654884,0.09904584288597107,0.9418146014213562,0.8699178695678711
YNL189W,YLR117C,0,-0.26656997,0.09903556853532791,0.9418146014213562,0.8700180053710938
YMR272C,YOL148C,0,-0.26674697,0.09902530163526535,0.9418146014213562,0.8701181411743164
YGL094C,YFL037W,0,-0.26682335,0.09901503473520279,0.9418146014213562,0.8702182769775391
YKR019C,YER101C,0,-0.26684746,0.09900476783514023,0.9418146014213562,0.8703184723854065
YOL103W,YEL056W,0,-0.26687688,0.09899450838565826,0.9418146014213562,0.8704186081886292
YHR175W,YOR196C,0,-0.26687968,0.0989842489361763,0.9418146014213562,0.8705187439918518
YKL157W,YKR102W,0,-0.2668865,0.09897398948669434,0.9418146014213562,0.8706188797950745
YMR093W,YBR241C,0,-0.26692668,0.09896373003721237,0.9418146014213562,0.8707190155982971
YDR228C,YNL160W,0,-0.26694494,0.098953478038311,0.9418146014213562,0.8708191514015198
YDR462W,YDR182W,0,-0.2671324,0.09894322603940964,0.9418146014213562,0.8709192872047424
YPL194W,YCL030C,0,-0.26731014,0.09893297404050827,0.9418146014213562,0.8710194230079651
YEL046C,YGR063C,0,-0.26734546,0.0989227294921875,0.9418146014213562,0.8711195588111877
YML078W,YNL008C,0,-0.26736218,0.09891247749328613,0.9418146014213562,0.8712196946144104
YKR086W,YIL145C,0,-0.26741773,0.09890224039554596,0.9418146014213562,0.8713198304176331
YDR085C,YJR149W,0,-0.26757038,0.09889199584722519,0.9418146014213562,0.8714199662208557
YPR108W,YGL009C,0,-0.2679215,0.09888175874948502,0.9418146014213562,0.8715201020240784
YHL020C,YLR344W,0,-0.26794496,0.09887152165174484,0.9418146014213562,0.8716202974319458
YLR132C,YLR035C,0,-0.26809365,0.09886128455400467,0.9418146014213562,0.8717204332351685
YDL078C,YAL005C,0,-0.2681507,0.0988510474562645,0.9418146014213562,0.8718205690383911
YGL099W,YPL028W,0,-0.26847637,0.09884081780910492,0.9418146014213562,0.8719207048416138
YPL160W,YHR086W,0,-0.2685771,0.09883058816194534,0.9418146014213562,0.8720208406448364
YNL281W,YHL008C,0,-0.2686206,0.09882036596536636,0.9418146014213562,0.8721209764480591
YDL099W,YGR191W,0,-0.2686711,0.09881013631820679,0.9418146014213562,0.8722211122512817
YNR023W,YNL230C,0,-0.26869524,0.09879991412162781,0.9418146014213562,0.8723212480545044
YCR071C,YBL090W,0,-0.26896256,0.09878969937562943,0.9418146014213562,0.872421383857727
YHR047C,YBR092C,0,-0.2691704,0.09877947717905045,0.9418146014213562,0.8725215196609497
YFR044C,YOL057W,0,-0.26921576,0.09876926243305206,0.9418146014213562,0.8726216554641724
YNL053W,YJR130C,0,-0.2692535,0.09875904768705368,0.9418146014213562,0.872721791267395
YJR029W,YMR050C,1,-0.26927394,0.09885223954916,0.942800760269165,0.872721791267395
YBL089W,YBL024W,0,-0.26931122,0.09884201735258102,0.942800760269165,0.8728219270706177
YPL256C,YML123C,0,-0.2693818,0.09883180260658264,0.942800760269165,0.8729220628738403
YOR374W,YER089C,0,-0.26946142,0.09882158041000366,0.942800760269165,0.8730222582817078
YMR298W,YJL050W,0,-0.2695763,0.09881137311458588,0.942800760269165,0.8731223940849304
YJL145W,YCR023C,0,-0.26959226,0.0988011583685875,0.942800760269165,0.8732225298881531
YML091C,YGL085W,1,-0.26986933,0.09889428317546844,0.9437869787216187,0.8732225298881531
YBR179C,YPL050C,0,-0.26987058,0.09888406842947006,0.9437869787216187,0.8733226656913757
YKL127W,YOR188W,0,-0.26988673,0.09887385368347168,0.9437869787216187,0.8734228014945984
YMR228W,YBL068W,0,-0.2699469,0.0988636389374733,0.9437869787216187,0.873522937297821
YIL160C,YDR352W,0,-0.26999873,0.09885342419147491,0.9437869787216187,0.8736230731010437
YOL155C,YPR165W,0,-0.27010176,0.09884321689605713,0.9437869787216187,0.8737232089042664
YLR368W,YJL011C,0,-0.27030468,0.09883300960063934,0.9437869787216187,0.873823344707489
YER041W,YDL111C,1,-0.2703461,0.09892605990171432,0.9447731971740723,0.873823344707489
YNL281W,YOL049W,0,-0.2705087,0.09891585260629654,0.9447731971740723,0.8739234805107117
YHR007C,YHR094C,0,-0.2705795,0.09890563786029816,0.9447731971740723,0.8740236163139343
YPL069C,YJR040W,0,-0.27063298,0.09889543056488037,0.9447731971740723,0.874123752117157
YJL114W,YLR308W,0,-0.2706551,0.09888521581888199,0.9447731971740723,0.8742238879203796
YLR401C,YPR151C,0,-0.2708246,0.0988750159740448,0.9447731971740723,0.8743240833282471
YIL016W,YJL115W,0,-0.27085266,0.09886480867862701,0.9447731971740723,0.8744242191314697
YMR300C,YDR452W,0,-0.2710494,0.09885460883378983,0.9447731971740723,0.8745243549346924
YPL143W,YNL290W,0,-0.2711142,0.09884440898895264,0.9447731971740723,0.874624490737915
YKL015W,YMR204C,0,-0.27114064,0.09883420914411545,0.9447731971740723,0.8747246265411377
YBR098W,YNL221C,1,-0.27122697,0.09892717003822327,0.9457593560218811,0.8747246265411377
YMR224C,YBL055C,1,-0.27126878,0.09902011603116989,0.9467455744743347,0.8747246265411377
YHR115C,YHR153C,0,-0.27145237,0.09900990128517151,0.9467455744743347,0.8748247623443604
YFL066C,YEL040W,0,-0.27148294,0.09899969398975372,0.9467455744743347,0.874924898147583
YIR002C,YLR306W,0,-0.2715295,0.09898947924375534,0.9467455744743347,0.8750250339508057
YEL063C,YML005W,0,-0.27157936,0.09897927939891815,0.9467455744743347,0.8751251697540283
YFR008W,YAR014C,0,-0.27164423,0.09896907210350037,0.9467455744743347,0.875225305557251
YMR311C,YKR037C,0,-0.27181375,0.09895887225866318,0.9467455744743347,0.8753254413604736
YNR045W,YGL113W,0,-0.2718482,0.09894867241382599,0.9467455744743347,0.8754255771636963
YDL052C,YML006C,0,-0.271851,0.0989384725689888,0.9467455744743347,0.875525712966919
YBR207W,YDR116C,0,-0.2719685,0.09892828017473221,0.9467455744743347,0.8756258487701416
YBL021C,YBR133C,0,-0.27229172,0.09891808032989502,0.9467455744743347,0.875726044178009
YDR151C,YDR197W,0,-0.27240145,0.09890789538621902,0.9467455744743347,0.8758261799812317
YBR203W,YPR019W,0,-0.2724588,0.09889770299196243,0.9467455744743347,0.8759263157844543
YFR018C,YER126C,0,-0.27248394,0.09888751804828644,0.9467455744743347,0.876026451587677
YGL130W,YNL044W,0,-0.2725335,0.09887733310461044,0.9467455744743347,0.8761265873908997
YBR127C,YGR157W,0,-0.27265507,0.09886714816093445,0.9467455744743347,0.8762267231941223
YJL076W,YBR030W,0,-0.27275717,0.09885696321725845,0.9467455744743347,0.876326858997345
YMR298W,YGR098C,0,-0.2728888,0.09884678572416306,0.9467455744743347,0.8764269948005676
YCR060W,YBL061C,0,-0.27307874,0.09883660823106766,0.9467455744743347,0.8765271306037903
YPL088W,YOL151W,0,-0.27333844,0.09882643818855286,0.9467455744743347,0.8766272664070129
YGR188C,YER175C,0,-0.27349082,0.09881626069545746,0.9467455744743347,0.8767274022102356
YAL003W,YJL190C,0,-0.27351224,0.09880609065294266,0.9467455744743347,0.8768275380134583
YDL161W,YBL093C,0,-0.27354506,0.09879592806100845,0.9467455744743347,0.8769276738166809
YER164W,YLL022C,0,-0.27368724,0.09878575801849365,0.9467455744743347,0.8770278096199036
YMR016C,YGL009C,0,-0.27376145,0.09877559542655945,0.9467455744743347,0.877128005027771
YGL216W,YNR043W,0,-0.27383205,0.09876543283462524,0.9467455744743347,0.8772281408309937
YNL210W,YDR499W,0,-0.2741323,0.09875527024269104,0.9467455744743347,0.8773282766342163
YGR145W,YOL117W,0,-0.274154,0.09874511510133743,0.9467455744743347,0.877428412437439
YGR112W,YML132W,0,-0.27442545,0.09873495995998383,0.9467455744743347,0.8775285482406616
YGR195W,YER011W,0,-0.27443486,0.09872480481863022,0.9467455744743347,0.8776286840438843
YNL254C,YLR368W,0,-0.27448225,0.09871464967727661,0.9467455744743347,0.8777288198471069
YDR362C,YLR042C,0,-0.2744961,0.0987045019865036,0.9467455744743347,0.8778289556503296
YLR237W,YDR196C,0,-0.2745065,0.09869435429573059,0.9467455744743347,0.8779290914535522
YOR265W,YNL207W,0,-0.27452564,0.09868421405553818,0.9467455744743347,0.8780292272567749
YPL101W,YDR424C,0,-0.27461272,0.09867406636476517,0.9467455744743347,0.8781293630599976
YGR101W,YOL123W,0,-0.27475116,0.09866392612457275,0.9467455744743347,0.8782294988632202
YGL009C,YIL142W,0,-0.27478927,0.09865378588438034,0.9467455744743347,0.8783296346664429
YLR107W,YDR263C,1,-0.2747994,0.0987464040517807,0.9477317333221436,0.8783296346664429
YML049C,YLR130C,0,-0.27480996,0.09873625636100769,0.9477317333221436,0.8784298300743103
YFR003C,YDR195W,0,-0.27505687,0.09872611612081528,0.9477317333221436,0.878529965877533
YIL035C,YBR265W,0,-0.27510202,0.09871597588062286,0.9477317333221436,0.8786301016807556
YOL110W,YNR039C,0,-0.27527255,0.09870583564043045,0.9477317333221436,0.8787302374839783
YKL164C,YOR361C,0,-0.2752877,0.09869569540023804,0.9477317333221436,0.8788303732872009
YHR209W,YKR037C,0,-0.2753055,0.09868556261062622,0.9477317333221436,0.8789305090904236
YBR009C,YOR210W,0,-0.2754298,0.0986754298210144,0.9477317333221436,0.8790306448936462
YKL178C,YJL108C,0,-0.27543855,0.09866529703140259,0.9477317333221436,0.8791307806968689
YDR450W,YDL083C,0,-0.27555555,0.09865517169237137,0.9477317333221436,0.8792309165000916
YIL105C,YJR110W,0,-0.2756058,0.09864503890275955,0.9477317333221436,0.8793310523033142
YER006W,YLR222C,0,-0.27575454,0.09863492101430893,0.9477317333221436,0.8794311881065369
YGL131C,YHR031C,0,-0.27602237,0.09862479567527771,0.9477317333221436,0.8795313239097595
YDL021W,YGR218W,0,-0.27624127,0.09861467778682709,0.9477317333221436,0.8796314597129822
YER087W,YMR078C,0,-0.2762593,0.09860455244779587,0.9477317333221436,0.8797315955162048
YDR293C,YDR334W,0,-0.27627093,0.09859444200992584,0.9477317333221436,0.8798317909240723
YIL051C,YDR507C,0,-0.27632207,0.09858432412147522,0.9477317333221436,0.8799319267272949
YLR107W,YNL102W,1,-0.2764246,0.09867678582668304,0.9487179517745972,0.8799319267272949
YDR342C,YIR012W,0,-0.27656165,0.09866666793823242,0.9487179517745972,0.8800320625305176
YGR199W,YLR228C,0,-0.2768015,0.0986565500497818,0.9487179517745972,0.8801321983337402
YLR078C,YKR058W,0,-0.27686614,0.09864643216133118,0.9487179517745972,0.8802323341369629
YML095C,YDL111C,1,-0.2770421,0.09873884916305542,0.9497041702270508,0.8802323341369629
YDR016C,YBR098W,0,-0.27735037,0.0987287238240242,0.9497041702270508,0.8803324699401855
YML123C,YPR144C,0,-0.2773562,0.09871860593557358,0.9497041702270508,0.8804326057434082
YLR028C,YIL127C,0,-0.27752587,0.09870848804712296,0.9497041702270508,0.8805327415466309
YFL033C,YCR047C,0,-0.27752993,0.09869837015867233,0.9497041702270508,0.8806328773498535
YPR194C,YDR315C,0,-0.27760106,0.09868825227022171,0.9497041702270508,0.8807330131530762
YNL097C,YMR278W,0,-0.2776305,0.09867814183235168,0.9497041702270508,0.8808331489562988
YBR261C,YPL037C,0,-0.2776522,0.09866803139448166,0.9497041702270508,0.8809332847595215
YDR364C,YLR166C,0,-0.277933,0.09865792095661163,0.9497041702270508,0.8810334205627441
YDL205C,YHR094C,0,-0.27822778,0.0986478179693222,0.9497041702270508,0.8811336159706116
YBR080C,YPL204W,0,-0.2784078,0.09863771498203278,0.9497041702270508,0.8812337517738342
YML014W,YJR125C,0,-0.27843678,0.09862761199474335,0.9497041702270508,0.8813338875770569
YDR047W,YOL057W,0,-0.2785381,0.09861750900745392,0.9497041702270508,0.8814340233802795
YBR274W,YDR316W,0,-0.27882612,0.09860741347074509,0.9497041702270508,0.8815341591835022
YGR216C,YMR078C,0,-0.27909058,0.09859731793403625,0.9497041702270508,0.8816342949867249
YER027C,YGL251C,0,-0.27909842,0.09858722239732742,0.9497041702270508,0.8817344307899475
YNL147W,YLR431C,0,-0.27926952,0.09857713431119919,0.9497041702270508,0.8818345665931702
YOR377W,YOR242C,0,-0.2793705,0.09856703877449036,0.9497041702270508,0.8819347023963928
YOR204W,YNL218W,0,-0.27956736,0.09855695068836212,0.9497041702270508,0.8820348381996155
YDR484W,YLR240W,0,-0.279592,0.09854687005281448,0.9497041702270508,0.8821349740028381
YOR120W,YOL129W,0,-0.2796058,0.09853678196668625,0.9497041702270508,0.8822351098060608
YAL021C,YLR143W,1,-0.28005356,0.09862901270389557,0.9506903290748596,0.8822351098060608
YOL027C,YDR186C,0,-0.28009653,0.09861892461776733,0.9506903290748596,0.8823352456092834
YDR279W,YPL230W,0,-0.28011364,0.0986088365316391,0.9506903290748596,0.8824353814125061
YKL114C,YER142C,1,-0.28018358,0.09870103001594543,0.9516765475273132,0.8824353814125061
YMR266W,YIL078W,0,-0.28018486,0.0986909419298172,0.9516765475273132,0.8825355768203735
YLR154C,YOR338W,0,-0.28088722,0.09868084639310837,0.9516765475273132,0.8826357126235962
YJL033W,YPL217C,0,-0.2809214,0.09867075830698013,0.9516765475273132,0.8827358484268188
YDR496C,YML009C,0,-0.28111887,0.0986606702208519,0.9516765475273132,0.8828359842300415
YNL035C,YDL104C,0,-0.28121495,0.09865058213472366,0.9516765475273132,0.8829361200332642
YCL050C,YLL055W,0,-0.28123942,0.09864050149917603,0.9516765475273132,0.8830362558364868
YMR217W,YJR076C,0,-0.2812862,0.09863041341304779,0.9516765475273132,0.8831363916397095
YPR031W,YBR024W,0,-0.28141195,0.09862034022808075,0.9516765475273132,0.8832365274429321
YCR039C,YBR172C,0,-0.28150916,0.09861025959253311,0.9516765475273132,0.8833366632461548
YOL112W,YMR228W,0,-0.28152245,0.09860018640756607,0.9516765475273132,0.8834367990493774
YOR069W,YGR054W,0,-0.28174424,0.09859011322259903,0.9516765475273132,0.8835369348526001
YGL257C,YGR240C,0,-0.28201717,0.09858004003763199,0.9516765475273132,0.8836370706558228
YDR159W,YOR100C,0,-0.28203496,0.09856996685266495,0.9516765475273132,0.8837372064590454
YBR097W,YML123C,0,-0.2820571,0.0985599011182785,0.9516765475273132,0.8838374018669128
YNL125C,YLR332W,0,-0.282346,0.09854983538389206,0.9516765475273132,0.8839375376701355
YBR031W,YEL004W,0,-0.2823528,0.09853976964950562,0.9516765475273132,0.8840376734733582
YIL108W,YDL047W,0,-0.282395,0.09852971136569977,0.9516765475273132,0.8841378092765808
YFR013W,YEL034W,0,-0.28244963,0.09851965308189392,0.9516765475273132,0.8842379450798035
YLR135W,YBR257W,1,-0.28284907,0.09861167520284653,0.9526627063751221,0.8842379450798035
YLL027W,YJR121W,0,-0.28288728,0.09860160946846008,0.9526627063751221,0.8843380808830261
YJR005W,YPR145W,0,-0.2829874,0.09859155118465424,0.9526627063751221,0.8844382166862488
YBR156C,YPR178W,0,-0.28303993,0.09858148545026779,0.9526627063751221,0.8845383524894714
YHL024W,YOR360C,0,-0.28308722,0.09857142716646194,0.9526627063751221,0.8846384882926941
YLR450W,YMR270C,0,-0.2830963,0.0985613688826561,0.9526627063751221,0.8847386240959167
YBR142W,YJR017C,0,-0.2831111,0.09855131804943085,0.9526627063751221,0.8848387598991394
YEL063C,YKL168C,0,-0.2831161,0.098541259765625,0.9526627063751221,0.8849388957023621
YLR467W,YKL025C,0,-0.2834841,0.09853120893239975,0.9526627063751221,0.8850390315055847
YBR135W,YOR008C,0,-0.2835297,0.0985211655497551,0.9526627063751221,0.8851391673088074
YGL175C,YJL203W,0,-0.28365445,0.09851111471652985,0.9526627063751221,0.8852393627166748
YBL055C,YLR059C,1,-0.2838219,0.09860303997993469,0.9536489248275757,0.8852393627166748
YGR012W,YPR198W,0,-0.2838552,0.09859298169612885,0.9536489248275757,0.8853394985198975
YOR063W,YDR429C,0,-0.2839051,0.0985829308629036,0.9536489248275757,0.8854396343231201
YLL010C,YDR120C,0,-0.28395626,0.09857288748025894,0.9536489248275757,0.8855397701263428
YGL224C,YFL038C,0,-0.28406775,0.09856283664703369,0.9536489248275757,0.8856399059295654
YEL043W,YML062C,0,-0.28415173,0.09855279326438904,0.9536489248275757,0.8857400417327881
YOR388C,YJL047C,0,-0.28433162,0.09854274988174438,0.9536489248275757,0.8858401775360107
YER082C,YIL155C,0,-0.2844081,0.09853270649909973,0.9536489248275757,0.8859403133392334
YOL021C,YNL072W,1,-0.28482875,0.09862455725669861,0.9546350836753845,0.8859403133392334
YGL106W,YCR073C,0,-0.284886,0.09861450642347336,0.9546350836753845,0.886040449142456
YNR051C,YDL049C,0,-0.2849208,0.0986044630408287,0.9546350836753845,0.8861405849456787
YHR069C,YIR015W,1,-0.2850832,0.098696269094944,0.9556213021278381,0.8861405849456787
YOR120W,YDR265W,0,-0.28510445,0.09868621826171875,0.9556213021278381,0.8862407207489014
YBR179C,YAL008W,0,-0.2851097,0.0986761674284935,0.9556213021278381,0.886340856552124
YNL159C,YNL121C,0,-0.2851183,0.09866612404584885,0.9556213021278381,0.8864409923553467
YOR046C,YBR264C,0,-0.28524417,0.0986560806632042,0.9556213021278381,0.8865411281585693
YMR152W,YER021W,0,-0.285262,0.09864603728055954,0.9556213021278381,0.8866413235664368
YLR274W,YPL113C,0,-0.28531247,0.09863599389791489,0.9556213021278381,0.8867414593696594
YER146W,YMR109W,0,-0.28538126,0.09862595051527023,0.9556213021278381,0.8868415951728821
YDR472W,YLL017W,0,-0.2854474,0.09861591458320618,0.9556213021278381,0.8869417309761047
YLR348C,YGR262C,0,-0.28550938,0.09860587865114212,0.9556213021278381,0.8870418667793274
YER083C,YGR206W,0,-0.28566214,0.09859585016965866,0.9556213021278381,0.88714200258255
YPL139C,YOR246C,0,-0.28568512,0.0985858142375946,0.9556213021278381,0.8872421383857727
YLR026C,YBL050W,0,-0.28571847,0.09857578575611115,0.9556213021278381,0.8873422741889954
YDR297W,YLL036C,0,-0.2858366,0.09856576472520828,0.9556213021278381,0.887442409992218
YJL221C,YOL105C,0,-0.28597283,0.09855573624372482,0.9556213021278381,0.8875425457954407
YLR283W,YGR075C,0,-0.28624183,0.09854571521282196,0.9556213021278381,0.8876426815986633
YER166W,YAL023C,0,-0.28648543,0.0985356941819191,0.9556213021278381,0.887742817401886
YDL010W,YDR530C,0,-0.28653118,0.09852567315101624,0.9556213021278381,0.8878429532051086
YDR211W,YLR034C,0,-0.28672743,0.09851565957069397,0.9556213021278381,0.8879431486129761
YMR104C,YHR031C,0,-0.28694794,0.09850563853979111,0.9556213021278381,0.8880432844161987
YDL143W,YJL192C,0,-0.28733432,0.09849563241004944,0.9556213021278381,0.8881434202194214
YJL155C,YLR034C,0,-0.2873412,0.09848561882972717,0.9556213021278381,0.888243556022644
YIR006C,YBR170C,0,-0.2876307,0.0984756126999855,0.9556213021278381,0.8883436918258667
YER094C,YDR206W,0,-0.28772384,0.09846560657024384,0.9556213021278381,0.8884438276290894
YML070W,YLR427W,0,-0.28788996,0.09845560044050217,0.9556213021278381,0.888543963432312
YDR036C,YDR130C,0,-0.28792638,0.0984455943107605,0.9556213021278381,0.8886440992355347
YJR019C,YOL088C,0,-0.28813308,0.09843559563159943,0.9556213021278381,0.8887442350387573
YER027C,YPL086C,0,-0.28813794,0.09842559695243835,0.9556213021278381,0.88884437084198
YDR332W,YMR150C,0,-0.28830877,0.09841559827327728,0.9556213021278381,0.8889445066452026
YEL020C,YCR020C,0,-0.2884062,0.09840560704469681,0.9556213021278381,0.8890446424484253
YGR282C,YCR072C,0,-0.28846955,0.09839561581611633,0.9556213021278381,0.889144778251648
YHR187W,YPL162C,0,-0.28858808,0.09838562458753586,0.9556213021278381,0.8892449140548706
YPR194C,YPR118W,0,-0.28861615,0.09837563335895538,0.9556213021278381,0.889345109462738
YNR020C,YPR073C,0,-0.2887316,0.0983656495809555,0.9556213021278381,0.8894452452659607
YHR102W,YBR237W,0,-0.2888154,0.09835566580295563,0.9556213021278381,0.8895453810691833
YML058W,YKR081C,0,-0.28896058,0.09834568202495575,0.9556213021278381,0.889645516872406
YLR297W,YPR189W,0,-0.28899848,0.09833569824695587,0.9556213021278381,0.8897456526756287
YDR036C,YNL047C,0,-0.28902692,0.09832572191953659,0.9556213021278381,0.8898457884788513
YOL130W,YER185W,0,-0.28945583,0.09831574559211731,0.9556213021278381,0.889945924282074
YER089C,YHR171W,0,-0.28965372,0.09830576926469803,0.9556213021278381,0.8900460600852966
YIL094C,YHR045W,0,-0.2896807,0.09829580038785934,0.9556213021278381,0.8901461958885193
YBL085W,YCL045C,0,-0.28978384,0.09828583151102066,0.9556213021278381,0.8902463316917419
YBR030W,YIL023C,0,-0.28993884,0.09827586263418198,0.9556213021278381,0.8903464674949646
YIL160C,YBL046W,0,-0.29011616,0.09826589375734329,0.9556213021278381,0.8904466032981873
YPR042C,YPR181C,0,-0.2901963,0.0982559323310852,0.9556213021278381,0.8905467391014099
YLR148W,YPL113C,0,-0.29029065,0.09824597090482712,0.9556213021278381,0.8906469345092773
YAL009W,YGL254W,0,-0.29062784,0.09823600947856903,0.9556213021278381,0.8907470703125
YBR074W,YGR101W,0,-0.29097772,0.09822604805231094,0.9556213021278381,0.8908472061157227
YER089C,YPL154C,0,-0.2910795,0.09821609407663345,0.9556213021278381,0.8909473419189453
YGL153W,YGR199W,0,-0.29114398,0.09820614010095596,0.9556213021278381,0.891047477722168
YDL101C,YMR161W,0,-0.29117075,0.09819618612527847,0.9556213021278381,0.8911476135253906
YDL108W,YPL037C,0,-0.2913512,0.09818623960018158,0.9556213021278381,0.8912477493286133
YGL047W,YPR018W,0,-0.29148918,0.09817629307508469,0.9556213021278381,0.8913478851318359
YMR273C,YLR119W,0,-0.29168242,0.09816634654998779,0.9556213021278381,0.8914480209350586
YDL095W,YLR246W,0,-0.29175583,0.0981564000248909,0.9556213021278381,0.8915481567382812
YHR043C,YAL010C,0,-0.29210323,0.0981464609503746,0.9556213021278381,0.8916482925415039
YGR156W,YPR103W,0,-0.2921661,0.0981365218758583,0.9556213021278381,0.8917484283447266
YDR043C,YBR172C,0,-0.2921817,0.09812658280134201,0.9556213021278381,0.8918485641479492
YGL136C,YER173W,0,-0.29222292,0.09811664372682571,0.9556213021278381,0.8919486999511719
YBL088C,YEL029C,0,-0.2928162,0.09810671210289001,0.9556213021278381,0.8920488953590393
YBR088C,YJR007W,0,-0.29285935,0.09809678047895432,0.9556213021278381,0.892149031162262
YGR108W,YBL026W,0,-0.29301262,0.09808684885501862,0.9556213021278381,0.8922491669654846
YLR448W,YKL001C,0,-0.29310417,0.09807692468166351,0.9556213021278381,0.8923493027687073
YKL182W,YLR380W,0,-0.29330474,0.09806700050830841,0.9556213021278381,0.8924494385719299
YLR278C,YGR225W,0,-0.29342836,0.09805707633495331,0.9556213021278381,0.8925495743751526
YBR253W,YIL050W,0,-0.29348677,0.0980471521615982,0.9556213021278381,0.8926497101783752
YLL040C,YLR459W,0,-0.29353327,0.0980372354388237,0.9556213021278381,0.8927498459815979
YDR518W,YNL304W,0,-0.2936507,0.0980273112654686,0.9556213021278381,0.8928499817848206
YOR095C,YMR198W,0,-0.2936893,0.09801740199327469,0.9556213021278381,0.8929501175880432
YGL023C,YDL225W,0,-0.29371712,0.09800748527050018,0.9556213021278381,0.8930502533912659
YOR340C,YLR380W,0,-0.29379436,0.09799757599830627,0.9556213021278381,0.8931503891944885
YGR075C,YDR511W,0,-0.2938153,0.09798766672611237,0.9556213021278381,0.8932505249977112
YBR245C,YLR174W,0,-0.29389647,0.09797775745391846,0.9556213021278381,0.8933507204055786
YPL195W,YKR022C,0,-0.29391208,0.09796784818172455,0.9556213021278381,0.8934508562088013
YJR075W,YMR161W,0,-0.29397923,0.09795794636011124,0.9556213021278381,0.8935509920120239
YOL040C,YDR086C,0,-0.29424658,0.09794804453849792,0.9556213021278381,0.8936511278152466
YDL198C,YBR276C,0,-0.29429,0.09793814271688461,0.9556213021278381,0.8937512636184692
YBR135W,YLR306W,0,-0.29443857,0.0979282483458519,0.9556213021278381,0.8938513994216919
YMR077C,YKL035W,0,-0.2944507,0.09791835397481918,0.9556213021278381,0.8939515352249146
YDR194C,YJL123C,0,-0.2945156,0.09790845960378647,0.9556213021278381,0.8940516710281372
YBL024W,YPR182W,0,-0.29453936,0.09789856523275375,0.9556213021278381,0.8941518068313599
YDR489W,YER112W,0,-0.29466602,0.09788867831230164,0.9556213021278381,0.8942519426345825
YLR383W,YPR184W,0,-0.29481193,0.09787879139184952,0.9556213021278381,0.8943520784378052
YBR102C,YGL077C,0,-0.29515928,0.0978689044713974,0.9556213021278381,0.8944522142410278
YDL045C,YER103W,0,-0.29529074,0.09785901755094528,0.9556213021278381,0.8945523500442505
YOR270C,YLR452C,0,-0.29547223,0.09784913808107376,0.9556213021278381,0.8946524858474731
YOR028C,YGR184C,0,-0.29551876,0.09783925861120224,0.9556213021278381,0.8947526812553406
YAR015W,YMR319C,0,-0.29568195,0.09782937914133072,0.9556213021278381,0.8948528170585632
YOR007C,YJR004C,0,-0.29585302,0.0978194996714592,0.9556213021278381,0.8949529528617859
YCR093W,YHR079C,1,-0.29612476,0.0979105681180954,0.9566075205802917,0.8949529528617859
YBL020W,YKL190W,0,-0.29625547,0.09790068864822388,0.9566075205802917,0.8950530886650085
YFR001W,YHR085W,0,-0.29651967,0.09789080917835236,0.9566075205802917,0.8951532244682312
YDR210W,YER050C,0,-0.29656395,0.09788092970848083,0.9566075205802917,0.8952533602714539
YNL097C,YMR235C,0,-0.29666755,0.09787105023860931,0.9566075205802917,0.8953534960746765
YFR021W,YNR004W,0,-0.29677266,0.09786117821931839,0.9566075205802917,0.8954536318778992
YOL004W,YOR377W,0,-0.29683846,0.09785130620002747,0.9566075205802917,0.8955537676811218
YOR251C,YDR229W,0,-0.29709214,0.09784143418073654,0.9566075205802917,0.8956539034843445
YHR083W,YER164W,0,-0.29716262,0.09783156961202621,0.9566075205802917,0.8957540392875671
YGR152C,YLR026C,0,-0.29725856,0.09782170504331589,0.9566075205802917,0.8958541750907898
YGR223C,YOR173W,0,-0.29754567,0.09781184047460556,0.9566075205802917,0.8959543108940125
YNL336W,YBR156C,0,-0.29779673,0.09780197590589523,0.9566075205802917,0.8960544466972351
YDR307W,YNL271C,0,-0.2979005,0.0977921187877655,0.9566075205802917,0.8961546421051025
YIL103W,YFR033C,0,-0.29794815,0.09778226166963577,0.9566075205802917,0.8962547779083252
YOR096W,YPR137W,0,-0.29824117,0.09777240455150604,0.9566075205802917,0.8963549137115479
YNL257C,YJR121W,0,-0.2983852,0.09776254743337631,0.9566075205802917,0.8964550495147705
YER035W,YPL055C,0,-0.29849812,0.09775269776582718,0.9566075205802917,0.8965551853179932
YKL166C,YPR072W,0,-0.2987374,0.09774284809827805,0.9566075205802917,0.8966553211212158
YGR101W,YDL006W,0,-0.2987746,0.09773299843072891,0.9566075205802917,0.8967554569244385
YJL030W,YGR076C,0,-0.2988524,0.09772314876317978,0.9566075205802917,0.8968555927276611
YHR074W,YGL190C,0,-0.2988615,0.09771330654621124,0.9566075205802917,0.8969557285308838
YLL040C,YKL116C,0,-0.2989857,0.0977034643292427,0.9566075205802917,0.8970558643341064
YLR172C,YKL148C,0,-0.29899067,0.09769362211227417,0.9566075205802917,0.8971560001373291
YDL195W,YDL074C,0,-0.29921687,0.09768378734588623,0.9566075205802917,0.8972561359405518
YKR068C,YDR466W,0,-0.29925534,0.09767395257949829,0.9566075205802917,0.8973562717437744
YOR120W,YGL207W,0,-0.2992629,0.09766411781311035,0.9566075205802917,0.8974564671516418
YDR236C,YER173W,0,-0.29945907,0.09765428304672241,0.9566075205802917,0.8975566029548645
YGL012W,YPR187W,0,-0.29959297,0.09764445573091507,0.9566075205802917,0.8976567387580872
YER125W,YKR080W,0,-0.29973722,0.09763462841510773,0.9566075205802917,0.8977568745613098
YBL112C,YMR056C,0,-0.2997594,0.09762480109930038,0.9566075205802917,0.8978570103645325
YDL078C,YBL039C,0,-0.29984853,0.09761497378349304,0.9566075205802917,0.8979571461677551
YDL194W,YNL099C,0,-0.29994056,0.0976051539182663,0.9566075205802917,0.8980572819709778
YOR138C,YOR328W,0,-0.2999442,0.09759533405303955,0.9566075205802917,0.8981574177742004
YOL094C,YCR075C,0,-0.30007702,0.0975855141878128,0.9566075205802917,0.8982575535774231
YNL053W,YFR005C,0,-0.3000846,0.09757569432258606,0.9566075205802917,0.8983576893806458
YGR276C,YCR093W,1,-0.30043578,0.09766646474599838,0.9575936794281006,0.8983576893806458
YER144C,YML060W,0,-0.30045754,0.09765664488077164,0.9575936794281006,0.8984578251838684
YER048C,YDL040C,0,-0.3004598,0.09764682501554489,0.9575936794281006,0.8985579609870911
YNL071W,YML080W,0,-0.3004899,0.09763700515031815,0.9575936794281006,0.8986580967903137
YGL008C,YJL158C,0,-0.3010021,0.0976271852850914,0.9575936794281006,0.8987582325935364
YOR197W,YNL009W,0,-0.30113137,0.09761737287044525,0.9575936794281006,0.8988584280014038
YOR174W,YOR210W,0,-0.30115166,0.0976075604557991,0.9575936794281006,0.8989585638046265
YJR083C,YDL092W,0,-0.30135065,0.09759774804115295,0.9575936794281006,0.8990586996078491
YMR008C,YKL125W,0,-0.30140808,0.0975879430770874,0.9575936794281006,0.8991588354110718
YGL153W,YMR154C,0,-0.30145365,0.09757813066244125,0.9575936794281006,0.8992589712142944
YAL047C,YHR001W,0,-0.3014742,0.0975683256983757,0.9575936794281006,0.8993591070175171
YNL070W,YDR489W,0,-0.30151787,0.09755852818489075,0.9575936794281006,0.8994592428207397
YPR001W,YPL074W,0,-0.30154258,0.0975487232208252,0.9575936794281006,0.8995593786239624
YOL125W,YNL071W,0,-0.3017119,0.09753892570734024,0.9575936794281006,0.8996595144271851
YLR285W,YPL180W,0,-0.30195448,0.09752912819385529,0.9575936794281006,0.8997596502304077
YGR054W,YNL252C,0,-0.30195934,0.09751933068037033,0.9575936794281006,0.8998597860336304
YNR044W,YGR092W,0,-0.30221993,0.09750954061746597,0.9575936794281006,0.899959921836853
YNL291C,YGL158W,0,-0.30233964,0.09749975055456161,0.9575936794281006,0.9000600576400757
YMR135C,YPL084W,0,-0.30261964,0.09748996049165726,0.9575936794281006,0.9001602530479431
YLR016C,YGL155W,0,-0.30269486,0.0974801704287529,0.9575936794281006,0.9002603888511658
YJR161C,YDL204W,0,-0.30273303,0.09747038781642914,0.9575936794281006,0.9003605246543884
YGR159C,YHL027W,0,-0.30283052,0.09746060520410538,0.9575936794281006,0.9004606604576111
YOL151W,YOL006C,0,-0.30294058,0.09745082259178162,0.9575936794281006,0.9005607962608337
YDR386W,YLR105C,1,-0.30319983,0.09754139184951782,0.9585798978805542,0.9005607962608337
YER083C,YGR010W,0,-0.30395406,0.09753160923719406,0.9585798978805542,0.9006609320640564
YPL230W,YGR085C,0,-0.3039592,0.0975218191742897,0.9585798978805542,0.900761067867279
YGL173C,YGR195W,1,-0.30398825,0.09761235862970352,0.959566056728363,0.900761067867279
YOR261C,YFL038C,0,-0.3040076,0.09760256856679916,0.959566056728363,0.9008612036705017
YPL124W,YOL111C,0,-0.3041582,0.0975927785038948,0.959566056728363,0.9009613394737244
YGR028W,YJL149W,0,-0.30438855,0.09758298844099045,0.959566056728363,0.901061475276947
YJR082C,YLR130C,0,-0.30442026,0.09757320582866669,0.959566056728363,0.9011616110801697
YOR375C,YLR447C,0,-0.30446804,0.09756342321634293,0.959566056728363,0.9012617468833923
YBR235W,YNR022C,0,-0.30451053,0.09755364060401917,0.959566056728363,0.901361882686615
YMR239C,YHR183W,0,-0.30468646,0.0975438579916954,0.959566056728363,0.9014620184898376
YJL225C,YDR519W,0,-0.3048519,0.09753408282995224,0.959566056728363,0.9015622138977051
YNL001W,YLR430W,1,-0.3049721,0.0976245328783989,0.9605522751808167,0.9015622138977051
YNL087W,YKR022C,0,-0.30498457,0.09761475026607513,0.9605522751808167,0.9016623497009277
YDR499W,YDR477W,0,-0.30524355,0.09760496765375137,0.9605522751808167,0.9017624855041504
YBR234C,YNR036C,0,-0.30529153,0.09759519249200821,0.9605522751808167,0.901862621307373
YMR238W,YOR056C,0,-0.3056791,0.09758540987968445,0.9605522751808167,0.9019627571105957
YPR101W,YNR018W,0,-0.30568725,0.09757563471794128,0.9605522751808167,0.9020628929138184
YML058W,YEL013W,0,-0.3057454,0.09756585955619812,0.9605522751808167,0.902163028717041
YPL255W,YFR001W,0,-0.3059885,0.09755609184503555,0.9605522751808167,0.9022631645202637
YGR216C,YDR143C,0,-0.30603445,0.09754631668329239,0.9605522751808167,0.9023633003234863
YFL010W-A,YDR380W,0,-0.30618334,0.09753654897212982,0.9605522751808167,0.902463436126709
YJR044C,YDR478W,0,-0.3062054,0.09752678126096725,0.9605522751808167,0.9025635719299316
YCL032W,YMR045C,0,-0.30649632,0.09751702100038528,0.9605522751808167,0.9026637077331543
YMR201C,YHR083W,0,-0.30667546,0.09750726073980331,0.9605522751808167,0.902763843536377
YER130C,YGR167W,0,-0.306689,0.09749750047922134,0.9605522751808167,0.9028640389442444
YDR416W,YIL020C,0,-0.30672002,0.09748774021863937,0.9605522751808167,0.902964174747467
YMR235C,YBL055C,0,-0.3067477,0.0974779799580574,0.9605522751808167,0.9030643105506897
YPL259C,YGL172W,0,-0.30679065,0.09746822714805603,0.9605522751808167,0.9031644463539124
YDL148C,YIR003W,0,-0.30685902,0.09745847433805466,0.9605522751808167,0.903264582157135
YGR125W,YDR330W,0,-0.3070284,0.09744872152805328,0.9605522751808167,0.9033647179603577
YDL111C,YLR207W,0,-0.3070404,0.09743897616863251,0.9605522751808167,0.9034648537635803
YNL078W,YMR161W,0,-0.3074711,0.09742923080921173,0.9605522751808167,0.903564989566803
YGL234W,YML078W,0,-0.30754426,0.09741948544979095,0.9605522751808167,0.9036651253700256
YJL121C,YML049C,0,-0.3077764,0.09740974009037018,0.9605522751808167,0.9037652611732483
YOR076C,YGR088W,0,-0.30801517,0.09740000218153,0.9605522751808167,0.903865396976471
YMR234W,YKL025C,1,-0.30802888,0.09749025106430054,0.9615384340286255,0.903865396976471
YDR492W,YMR260C,0,-0.30803883,0.09748050570487976,0.9615384340286255,0.9039655327796936
YKL146W,YDR331W,0,-0.30804157,0.09747076034545898,0.9615384340286255,0.9040656685829163
YJL178C,YAR007C,0,-0.30807623,0.09746101498603821,0.9615384340286255,0.9041658043861389
YNR061C,YNL160W,0,-0.30818856,0.09745127707719803,0.9615384340286255,0.9042659997940063
YIL004C,YBR172C,0,-0.30838928,0.09744153171777725,0.9615384340286255,0.904366135597229
YLR154C,YOL142W,1,-0.30847317,0.09753172844648361,0.9625246524810791,0.904366135597229
YHR002W,YBR196C,0,-0.30864918,0.09752198308706284,0.9625246524810791,0.9044662714004517
YLR203C,YNL091W,0,-0.30868965,0.09751223772764206,0.9625246524810791,0.9045664072036743
YLR423C,YNL124W,0,-0.30899268,0.09750249981880188,0.9625246524810791,0.904666543006897
YBR118W,YML080W,0,-0.30905655,0.0974927544593811,0.9625246524810791,0.9047666788101196
YER173W,YOL062C,0,-0.30916303,0.09748302400112152,0.9625246524810791,0.9048668146133423
YIR023W,YIR038C,0,-0.3093772,0.09747328609228134,0.9625246524810791,0.9049669504165649
YJR149W,YER095W,0,-0.30942827,0.09746354818344116,0.9625246524810791,0.9050670862197876
YBR074W,YPR005C,0,-0.30956987,0.09745381772518158,0.9625246524810791,0.9051672220230103
YML070W,YDR512C,0,-0.31022614,0.097444087266922,0.9625246524810791,0.9052673578262329
YKL011C,YCL019W,1,-0.31035605,0.0975341945886612,0.9635108709335327,0.9052673578262329
YER008C,YKR098C,0,-0.31064272,0.09752445667982101,0.9635108709335327,0.9053674936294556
YNL291C,YKL124W,0,-0.3106659,0.09751471877098083,0.9635108709335327,0.9054676294326782
YOR382W,YOL005C,0,-0.31074533,0.09750498831272125,0.9635108709335327,0.9055677652359009
YPL101W,YJR004C,0,-0.3107958,0.09749525785446167,0.9635108709335327,0.9056679606437683
YML072C,YMR019W,0,-0.31102768,0.09748553484678268,0.9635108709335327,0.905768096446991
YGR038W,YFL002C,0,-0.31123555,0.0974758043885231,0.9635108709335327,0.9058682322502136
YCL043C,YHR023W,0,-0.31127122,0.09746608138084412,0.9635108709335327,0.9059683680534363
YAL021C,YLR107W,1,-0.31136948,0.09755610674619675,0.9644970297813416,0.9059683680534363
YJL125C,YIR006C,0,-0.3114091,0.09754637628793716,0.9644970297813416,0.9060685038566589
YOL133W,YPL119C,0,-0.31146187,0.09753665328025818,0.9644970297813416,0.9061686396598816
YBR088C,YJR101W,0,-0.31169087,0.0975269228219986,0.9644970297813416,0.9062687754631042
YGL160W,YIL048W,0,-0.3120796,0.09751719981431961,0.9644970297813416,0.9063689112663269
YJL082W,YIL125W,0,-0.31226987,0.09750747680664062,0.9644970297813416,0.9064690470695496
YNR027W,YJR135C,0,-0.31243747,0.09749775379896164,0.9644970297813416,0.9065691828727722
YKL209C,YMR280C,0,-0.3124846,0.09748803824186325,0.9644970297813416,0.9066693186759949
YGR062C,YOR196C,0,-0.31248775,0.09747832268476486,0.9644970297813416,0.9067694544792175
YNR044W,YOR138C,0,-0.31251612,0.09746860712766647,0.9644970297813416,0.9068695902824402
YLR066W,YGR124W,0,-0.3129242,0.09745889157056808,0.9644970297813416,0.9069697856903076
YNL275W,YOL093W,0,-0.3130985,0.09744918346405029,0.9644970297813416,0.9070699214935303
YDR495C,YDR296W,0,-0.31320792,0.0974394753575325,0.9644970297813416,0.9071700572967529
YCR053W,YOR197W,0,-0.31324172,0.09742976725101471,0.9644970297813416,0.9072701930999756
YOR151C,YMR008C,0,-0.31329978,0.09742005914449692,0.9644970297813416,0.9073703289031982
YPL053C,YDL120W,0,-0.3135385,0.09741035848855972,0.9644970297813416,0.9074704647064209
YBR103W,YNL212W,0,-0.3137164,0.09740065783262253,0.9644970297813416,0.9075706005096436
YDR052C,YKL217W,0,-0.313862,0.09739095717668533,0.9644970297813416,0.9076707363128662
YPL187W,YBR264C,0,-0.3139932,0.09738126397132874,0.9644970297813416,0.9077708721160889
YER151C,YNR040W,0,-0.31404677,0.09737156331539154,0.9644970297813416,0.9078710079193115
YOL094C,YFR003C,0,-0.31423262,0.09736187011003494,0.9644970297813416,0.9079711437225342
YGR048W,YDR411C,0,-0.31447667,0.09735217690467834,0.9644970297813416,0.9080712795257568
YAR008W,YGR198W,0,-0.31485075,0.09734249114990234,0.9644970297813416,0.9081714153289795
YDR247W,YGR048W,0,-0.31498384,0.09733280539512634,0.9644970297813416,0.9082715511322021
YGR124W,YOR205C,0,-0.3154257,0.09732311964035034,0.9644970297813416,0.9083717465400696
YGR049W,YBL064C,0,-0.31544107,0.09731343388557434,0.9644970297813416,0.9084718823432922
YNL134C,YOL045W,0,-0.3155886,0.09730374813079834,0.9644970297813416,0.9085720181465149
YBL078C,YBR026C,0,-0.31576288,0.09729406982660294,0.9644970297813416,0.9086721539497375
YLR135W,YDL111C,1,-0.31580997,0.09738386422395706,0.9654832482337952,0.9086721539497375
YLR084C,YJL139C,0,-0.31587505,0.09737417846918106,0.9654832482337952,0.9087722897529602
YDR065W,YGR090W,0,-0.31619117,0.09736449271440506,0.9654832482337952,0.9088724255561829
YHR102W,YGR012W,0,-0.31634608,0.09735481441020966,0.9654832482337952,0.9089725613594055
YJL128C,YBL041W,0,-0.31668356,0.09734513610601425,0.9654832482337952,0.9090726971626282
YOR231W,YPL002C,0,-0.3167095,0.09733545780181885,0.9654832482337952,0.9091728329658508
YNL191W,YDL111C,0,-0.3167455,0.09732577949762344,0.9654832482337952,0.9092729687690735
YGL160W,YGR184C,0,-0.3168189,0.09731610119342804,0.9654832482337952,0.9093731045722961
YMR019W,YJR135C,0,-0.3168789,0.09730643033981323,0.9654832482337952,0.9094732403755188
YNL312W,YER008C,0,-0.31696826,0.09729675948619843,0.9654832482337952,0.9095733761787415
YIL109C,YGL208W,0,-0.31699473,0.09728708863258362,0.9654832482337952,0.9096735715866089
YIL115C,YDR347W,0,-0.31709465,0.09727742522954941,0.9654832482337952,0.9097737073898315
YOR030W,YMR216C,0,-0.31718835,0.0972677618265152,0.9654832482337952,0.9098738431930542
YLR153C,YOR058C,0,-0.317218,0.09725809842348099,0.9654832482337952,0.9099739789962769
YKL130C,YAR019C,0,-0.31727642,0.09724843502044678,0.9654832482337952,0.9100741147994995
YCL057W,YDR162C,0,-0.317293,0.09723877906799316,0.9654832482337952,0.9101742506027222
YGR076C,YDR390C,0,-0.31736115,0.09722911566495895,0.9654832482337952,0.9102743864059448
YBR066C,YJR075W,0,-0.3174814,0.09721946716308594,0.9654832482337952,0.9103745222091675
YHL040C,YLR027C,0,-0.31751603,0.09720981121063232,0.9654832482337952,0.9104746580123901
YNL096C,YER029C,0,-0.31758887,0.09720015525817871,0.9654832482337952,0.9105747938156128
YOR007C,YDR064W,0,-0.31763864,0.0971905067563057,0.9654832482337952,0.9106749296188354
YER016W,YNL325C,0,-0.31775004,0.09718085825443268,0.9654832482337952,0.9107750654220581
YER168C,YDR296W,0,-0.31792793,0.09717121720314026,0.9654832482337952,0.9108752012252808
YJR090C,YBL058W,0,-0.31808782,0.09716156870126724,0.9654832482337952,0.9109753370285034
YLR188W,YFR051C,0,-0.318097,0.09715192764997482,0.9654832482337952,0.9110755324363708
YNR056C,YLR414C,0,-0.31811047,0.0971422865986824,0.9654832482337952,0.9111756682395935
YOR180C,YDR065W,0,-0.31812927,0.09713265299797058,0.9654832482337952,0.9112758040428162
YJL184W,YMR296C,0,-0.31816536,0.09712301939725876,0.9654832482337952,0.9113759398460388
YCL043C,YER029C,0,-0.31822476,0.09711337834596634,0.9654832482337952,0.9114760756492615
YPL164C,YLL022C,0,-0.31828168,0.09710375219583511,0.9654832482337952,0.9115762114524841
YOR209C,YER099C,0,-0.31829363,0.09709411859512329,0.9654832482337952,0.9116763472557068
YGL130W,YNR001C,0,-0.3183115,0.09708449244499207,0.9654832482337952,0.9117764830589294
YPR190C,YOR144C,0,-0.3183228,0.09707486629486084,0.9654832482337952,0.9118766188621521
YJR099W,YMR319C,0,-0.3184378,0.09706524014472961,0.9654832482337952,0.9119767546653748
YMR203W,YHR207C,0,-0.3186581,0.09705561399459839,0.9654832482337952,0.9120768904685974
YHR187W,YER101C,0,-0.31871855,0.09704599529504776,0.9654832482337952,0.9121770262718201
YLR078C,YPL227C,0,-0.31898987,0.09703637659549713,0.9654832482337952,0.9122771620750427
YJL044C,YPR081C,0,-0.31908584,0.0970267578959465,0.9654832482337952,0.9123773574829102
YAR019C,YLR368W,0,-0.31910533,0.09701714664697647,0.9654832482337952,0.9124774932861328
YNL001W,YNL128W,0,-0.31911886,0.09700752794742584,0.9654832482337952,0.9125776290893555
YDR059C,YLR110C,0,-0.3193239,0.09699791669845581,0.9654832482337952,0.9126777648925781
YOR064C,YMR097C,0,-0.31934184,0.09698831290006638,0.9654832482337952,0.9127779006958008
YLR153C,YML039W,0,-0.3195787,0.09697870165109634,0.9654832482337952,0.9128780364990234
YJL133W,YNR073C,0,-0.3197004,0.09696909785270691,0.9654832482337952,0.9129781723022461
YAL001C,YMR172W,0,-0.31972146,0.09695949405431747,0.9654832482337952,0.9130783081054688
YGL168W,YGL207W,0,-0.31986213,0.09694989025592804,0.9654832482337952,0.9131784439086914
YDL080C,YHR031C,0,-0.32019472,0.0969402939081192,0.9654832482337952,0.9132785797119141
YCL033C,YBR244W,0,-0.32027507,0.09693069010972977,0.9654832482337952,0.9133787155151367
YGL137W,YLR206W,0,-0.3203199,0.09692109376192093,0.9654832482337952,0.9134788513183594
YLR408C,YCL043C,0,-0.32033712,0.09691150486469269,0.9654832482337952,0.913578987121582
YML034W,YDL246C,0,-0.32053554,0.09690190851688385,0.9654832482337952,0.9136791229248047
YML051W,YJR004C,0,-0.32068348,0.09689231961965561,0.9654832482337952,0.9137793183326721
YGR033C,YIL042C,0,-0.32068658,0.09688273072242737,0.9654832482337952,0.9138794541358948
YMR123W,YBL082C,0,-0.3207485,0.09687314182519913,0.9654832482337952,0.9139795899391174
YDR291W,YCR046C,0,-0.3210391,0.09686356037855148,0.9654832482337952,0.9140797257423401
YPL026C,YDL014W,0,-0.32114768,0.09685397893190384,0.9654832482337952,0.9141798615455627
YDR139C,YLR084C,0,-0.32130232,0.0968443974852562,0.9654832482337952,0.9142799973487854
YDR163W,YNL085W,0,-0.32145464,0.09683481603860855,0.9654832482337952,0.9143801331520081
YPL134C,YNL292W,0,-0.32168043,0.0968252420425415,0.9654832482337952,0.9144802689552307
YML058W,YBR041W,0,-0.3218425,0.09681566804647446,0.9654832482337952,0.9145804047584534
YNL306W,YDL010W,0,-0.32186508,0.09680609405040741,0.9654832482337952,0.914680540561676
YPR041W,YMR289W,0,-0.32208648,0.09679652005434036,0.9654832482337952,0.9147806763648987
YLR213C,YMR188C,0,-0.3230428,0.09678695350885391,0.9654832482337952,0.9148808121681213
YML049C,YPL028W,0,-0.323123,0.09677737951278687,0.9654832482337952,0.914980947971344
YHR032W,YNL244C,0,-0.32342544,0.09676781296730042,0.9654832482337952,0.9150810837745667
YHR098C,YLR187W,0,-0.32375276,0.09675825387239456,0.9654832482337952,0.9151812791824341
YNL098C,YBL018C,0,-0.32397324,0.09674868732690811,0.9654832482337952,0.9152814149856567
YGR215W,YMR044W,0,-0.32429272,0.09673912823200226,0.9654832482337952,0.9153815507888794
YOR159C,YJL103C,0,-0.32430655,0.0967295691370964,0.9654832482337952,0.915481686592102
YLR154C,YDL164C,0,-0.32437253,0.09672001749277115,0.9654832482337952,0.9155818223953247
YNL250W,YLR430W,1,-0.32446733,0.09680924564599991,0.966469407081604,0.9155818223953247
YMR291W,YML109W,0,-0.32453167,0.09679968655109406,0.966469407081604,0.9156819581985474
YDL174C,YDL166C,0,-0.32455382,0.0967901200056076,0.966469407081604,0.91578209400177
YKL157W,YPL268W,0,-0.3248083,0.09678056836128235,0.966469407081604,0.9158822298049927
YBL036C,YLL061W,0,-0.32481807,0.0967710092663765,0.966469407081604,0.9159823656082153
YBR245C,YCL008C,0,-0.32484734,0.09676145017147064,0.966469407081604,0.916082501411438
YNL264C,YGR198W,0,-0.32507288,0.09675189852714539,0.966469407081604,0.9161826372146606
YNL073W,YGR258C,0,-0.32508558,0.09674234688282013,0.966469407081604,0.9162827730178833
YOL067C,YDR065W,0,-0.32537276,0.09673280268907547,0.966469407081604,0.916382908821106
YML104C,YBR084C-A,0,-0.3255803,0.09672325104475021,0.966469407081604,0.9164831042289734
YML005W,YER020W,0,-0.32572022,0.09671370685100555,0.966469407081604,0.916583240032196
YBR175W,YML126C,0,-0.32590675,0.0967041626572609,0.966469407081604,0.9166833758354187
YKR006C,YBL054W,0,-0.3264047,0.09669462591409683,0.966469407081604,0.9167835116386414
YBR139W,YHL027W,0,-0.32649493,0.09668508172035217,0.966469407081604,0.916883647441864
YBR173C,YAR008W,0,-0.32685125,0.09667554497718811,0.966469407081604,0.9169837832450867
YKL140W,YBL101C,0,-0.3268742,0.09666600823402405,0.966469407081604,0.9170839190483093
YBR052C,YBR018C,0,-0.32730243,0.09665647149085999,0.966469407081604,0.917184054851532
YOL007C,YML006C,0,-0.32732016,0.09664694219827652,0.966469407081604,0.9172841906547546
YKR094C,YBL028C,0,-0.32746613,0.09663741290569305,0.966469407081604,0.9173843264579773
YMR288W,YKL090W,0,-0.32833838,0.09662788361310959,0.966469407081604,0.9174844622612
YKL024C,YOL093W,0,-0.32838088,0.09661835432052612,0.966469407081604,0.9175845980644226
YDL217C,YER101C,0,-0.32856715,0.09660883247852325,0.966469407081604,0.9176847338676453
YPL088W,YOR329C,0,-0.32872364,0.09659931063652039,0.966469407081604,0.9177848696708679
YNL290W,YGL148W,0,-0.32894325,0.09658978879451752,0.966469407081604,0.9178850650787354
YMR130W,YJL091C,0,-0.32903045,0.09658026695251465,0.966469407081604,0.917985200881958
YDL019C,YBL103C,0,-0.32925344,0.09657075256109238,0.966469407081604,0.9180853366851807
YER146W,YIL128W,0,-0.32955617,0.0965612381696701,0.966469407081604,0.9181854724884033
YIL034C,YML029W,0,-0.32963744,0.09655172377824783,0.966469407081604,0.918285608291626
YGL103W,YOR205C,0,-0.32968497,0.09654220938682556,0.966469407081604,0.9183857440948486
YGL119W,YNL212W,0,-0.32998765,0.09653270244598389,0.966469407081604,0.9184858798980713
YMR234W,YDR279W,1,-0.330337,0.09662168473005295,0.9674556255340576,0.9184858798980713
YER082C,YBR176W,0,-0.33051652,0.09661217033863068,0.9674556255340576,0.918586015701294
YMR060C,YGL124C,0,-0.33060527,0.0966026559472084,0.9674556255340576,0.9186861515045166
YEL063C,YNL117W,0,-0.33067322,0.09659314900636673,0.9674556255340576,0.9187862873077393
YOR355W,YJL030W,0,-0.33078003,0.09658363461494446,0.9674556255340576,0.9188864231109619
YML093W,YML130C,0,-0.33085173,0.09657412767410278,0.9674556255340576,0.9189865589141846
YOL054W,YGR241C,0,-0.33095428,0.09656462073326111,0.9674556255340576,0.9190866947174072
YMR068W,YOL138C,0,-0.33096346,0.09655512124300003,0.9674556255340576,0.9191868901252747
YDR298C,YPL246C,0,-0.3310128,0.09654561430215836,0.9674556255340576,0.9192870259284973
YER061C,YHR030C,0,-0.33126992,0.09653611481189728,0.9674556255340576,0.91938716173172
YNR020C,YJR014W,0,-0.3314162,0.0965266153216362,0.9674556255340576,0.9194872975349426
YGR029W,YLL036C,0,-0.3314823,0.09651711583137512,0.9674556255340576,0.9195874333381653
YGR061C,YML078W,0,-0.33156878,0.09650762379169464,0.9674556255340576,0.9196875691413879
YLR059C,YOL142W,1,-0.33257174,0.09659650176763535,0.9684418439865112,0.9196875691413879
YLR394W,YDR086C,0,-0.33260393,0.09658699482679367,0.9684418439865112,0.9197877049446106
YGR133W,YNL058C,0,-0.33267125,0.09657749533653259,0.9684418439865112,0.9198878407478333
YLR327C,YMR067C,0,-0.3327572,0.09656800329685211,0.9684418439865112,0.9199879765510559
YDR307W,YJR076C,0,-0.3328324,0.09655850380659103,0.9684418439865112,0.9200881123542786
YGL085W,YKL149C,1,-0.33289617,0.09664732962846756,0.9694280028343201,0.9200881123542786
YFL047W,YBR286W,0,-0.33303833,0.09663783013820648,0.9694280028343201,0.9201882481575012
YML014W,YNL136W,0,-0.33306658,0.0966283306479454,0.9694280028343201,0.9202883839607239
YDR085C,YLR110C,0,-0.3333746,0.09661883115768433,0.9694280028343201,0.9203885197639465
YJL106W,YOR217W,0,-0.33340162,0.09660933911800385,0.9694280028343201,0.9204886555671692
YGL224C,YJL072C,0,-0.33344087,0.09659983962774277,0.9694280028343201,0.9205888509750366
YOR336W,YKR018C,0,-0.3335563,0.09659034758806229,0.9694280028343201,0.9206889867782593
YMR033W,YDL192W,0,-0.33391953,0.0965808629989624,0.9694280028343201,0.9207891225814819
YBR097W,YGR038W,0,-0.3340978,0.09657137095928192,0.9694280028343201,0.9208892583847046
YLR121C,YER101C,0,-0.33417785,0.09656188637018204,0.9694280028343201,0.9209893941879272
YOR275C,YFL014W,0,-0.3343048,0.09655240178108215,0.9694280028343201,0.9210895299911499
YBR022W,YGL014W,0,-0.33441907,0.09654291719198227,0.9694280028343201,0.9211896657943726
YMR239C,YDR480W,0,-0.33449307,0.09653344005346298,0.9694280028343201,0.9212898015975952
YBR030W,YMR088C,0,-0.33457822,0.0965239554643631,0.9694280028343201,0.9213899374008179
YJL071W,YGL256W,0,-0.33484262,0.09651448577642441,0.9694280028343201,0.9214900732040405
YML006C,YDL015C,0,-0.33494353,0.09650500863790512,0.9694280028343201,0.9215902090072632
YKL091C,YDR229W,0,-0.334981,0.09649553149938583,0.9694280028343201,0.9216903448104858
YDL007W,YGR143W,0,-0.3350576,0.09648606181144714,0.9694280028343201,0.9217904806137085
YDR202C,YBR014C,0,-0.3352509,0.09647659212350845,0.9694280028343201,0.9218906760215759
YOR022C,YGL220W,0,-0.3356365,0.09646712243556976,0.9694280028343201,0.9219908118247986
YJR094W-A,YMR024W,0,-0.3357185,0.09645766019821167,0.9694280028343201,0.9220909476280212
YGL173C,YCL075W,1,-0.3357371,0.09654630720615387,0.9704142212867737,0.9220909476280212
YER075C,YDL028C,0,-0.3357609,0.09653683751821518,0.9704142212867737,0.9221910834312439
YPR042C,YBL090W,0,-0.3359078,0.09652736783027649,0.9704142212867737,0.9222912192344666
YPL019C,YJL198W,0,-0.335927,0.0965178981423378,0.9704142212867737,0.9223913550376892
YDL150W,YAL008W,0,-0.3359867,0.0965084359049797,0.9704142212867737,0.9224914908409119
YGL173C,YJL113W,1,-0.3360527,0.09659703820943832,0.9714003801345825,0.9224914908409119
YMR104C,YPL048W,0,-0.33610672,0.09658756852149963,0.9714003801345825,0.9225916266441345
YDR279W,YJL204C,0,-0.33616984,0.09657809883356094,0.9714003801345825,0.9226917624473572
YML022W,YOR340C,0,-0.33665675,0.09656862914562225,0.9714003801345825,0.9227918982505798
YDR228C,YNL222W,0,-0.33677346,0.09655915945768356,0.9714003801345825,0.9228920340538025
YDR534C,YOL039W,0,-0.33780703,0.09654969722032547,0.9714003801345825,0.9229921698570251
YMR272C,YNL154C,0,-0.3379303,0.09654023498296738,0.9714003801345825,0.9230923056602478
YOR209C,YEL009C,0,-0.33802813,0.09653077274560928,0.9714003801345825,0.9231924414634705
YDL051W,YOL010W,0,-0.33839926,0.09652131050825119,0.9714003801345825,0.9232926368713379
YIR002C,YDR270W,0,-0.33839977,0.0965118557214737,0.9714003801345825,0.9233927726745605
YHR069C,YNL250W,1,-0.33908325,0.09660036861896515,0.9723865985870361,0.9233927726745605
YLR216C,YBR126C,0,-0.33935437,0.09659090638160706,0.9723865985870361,0.9234929084777832
YKL109W,YNL134C,0,-0.33968037,0.09658144414424896,0.9723865985870361,0.9235930442810059
YGR279C,YGR218W,0,-0.3397112,0.09657198935747147,0.9723865985870361,0.9236931800842285
YOR307C,YKR086W,0,-0.33976725,0.09656252712011337,0.9723865985870361,0.9237933158874512
YBL079W,YOR084W,0,-0.33986697,0.09655307233333588,0.9723865985870361,0.9238934516906738
YGL023C,YOR299W,0,-0.34000203,0.09654361754655838,0.9723865985870361,0.9239935874938965
YDR498C,YGL137W,0,-0.3400052,0.09653417021036148,0.9723865985870361,0.9240937232971191
YBR031W,YGR143W,0,-0.34004912,0.09652471542358398,0.9723865985870361,0.9241938591003418
YGR062C,YPR042C,0,-0.34013212,0.09651526808738708,0.9723865985870361,0.9242939949035645
YLR459W,YNL254C,0,-0.3404492,0.09650582075119019,0.9723865985870361,0.9243941307067871
YKR009C,YOL068C,0,-0.34051907,0.09649638086557388,0.9723865985870361,0.9244942665100098
YOR348C,YJL101C,0,-0.34057218,0.09648693352937698,0.9723865985870361,0.9245944619178772
YML085C,YPL082C,0,-0.34091228,0.09647749364376068,0.9723865985870361,0.9246945977210999
YLL042C,YPL162C,0,-0.3410557,0.09646805375814438,0.9723865985870361,0.9247947335243225
YBR215W,YNL242W,0,-0.34115553,0.09645862132310867,0.9723865985870361,0.9248948693275452
YOL124C,YKR057W,0,-0.3411607,0.09644918143749237,0.9723865985870361,0.9249950051307678
YGL055W,YMR321C,0,-0.34122735,0.09643974900245667,0.9723865985870361,0.9250951409339905
YJR064W,YBL067C,0,-0.34130406,0.09643031656742096,0.9723865985870361,0.9251952767372131
YPL268W,YLR371W,0,-0.34150827,0.09642089158296585,0.9723865985870361,0.9252954125404358
YGR263C,YGL213C,0,-0.34155673,0.09641145914793015,0.9723865985870361,0.9253955483436584
YLR078C,YOR125C,0,-0.3415826,0.09640203416347504,0.9723865985870361,0.9254956841468811
YKL113C,YLR430W,1,-0.34172252,0.09649036824703217,0.973372757434845,0.9254956841468811
YNR026C,YMR260C,0,-0.3417524,0.09648093581199646,0.973372757434845,0.9255958199501038
YNL086W,YOL086C,0,-0.3417756,0.09647151082754135,0.973372757434845,0.9256959557533264
YBR160W,YEL056W,0,-0.34186655,0.09646207839250565,0.973372757434845,0.9257960915565491
YDR214W,YLR238W,0,-0.3419435,0.09645265340805054,0.973372757434845,0.9258962273597717
YOL152W,YOR283W,0,-0.34218505,0.09644322842359543,0.973372757434845,0.9259964227676392
YBR155W,YPR032W,0,-0.34264517,0.09643380343914032,0.973372757434845,0.9260965585708618
YDR326C,YER030W,0,-0.34266427,0.09642438590526581,0.973372757434845,0.9261966943740845
YFL066C,YPR118W,0,-0.34294468,0.0964149683713913,0.973372757434845,0.9262968301773071
YIL034C,YNL290W,0,-0.3430314,0.09640555083751678,0.973372757434845,0.9263969659805298
YMR169C,YPR048W,0,-0.3432798,0.09639613330364227,0.973372757434845,0.9264971017837524
YPL051W,YDR330W,0,-0.34331417,0.09638671576976776,0.973372757434845,0.9265972375869751
YKL059C,YOR069W,0,-0.34379423,0.09637730568647385,0.973372757434845,0.9266973733901978
YBR052C,YMR239C,0,-0.34414297,0.09636789560317993,0.973372757434845,0.9267975091934204
YAL044C,YOL102C,0,-0.34420323,0.09635848551988602,0.973372757434845,0.9268976449966431
YDR388W,YGL009C,0,-0.3443289,0.0963490828871727,0.973372757434845,0.9269977807998657
YBR199W,YPL204W,0,-0.34448653,0.09633968025445938,0.973372757434845,0.9270979166030884
YBR068C,YJR047C,0,-0.34461316,0.09633027762174606,0.973372757434845,0.927198052406311
YDL007W,YPL241C,0,-0.34477156,0.09632087498903275,0.973372757434845,0.9272981882095337
YML051W,YKR001C,0,-0.34506804,0.09631147235631943,0.973372757434845,0.9273983836174011
YPL139C,YML115C,0,-0.34584522,0.0963020771741867,0.973372757434845,0.9274985194206238
YCR094W,YML062C,0,-0.3461862,0.09629268199205399,0.973372757434845,0.9275986552238464
YOR270C,YEL046C,0,-0.3463312,0.09628328680992126,0.973372757434845,0.9276987910270691
YDR320C,YML109W,0,-0.34695575,0.09627389907836914,0.973372757434845,0.9277989268302917
YBR159W,YLR071C,0,-0.34703225,0.09626451134681702,0.973372757434845,0.9278990626335144
YNL091W,YBR058C,0,-0.34746283,0.09625512361526489,0.973372757434845,0.9279991984367371
YAL055W,YGR001C,0,-0.34783813,0.09624573588371277,0.973372757434845,0.9280993342399597
YBR139W,YMR273C,0,-0.3478759,0.09623634815216064,0.973372757434845,0.9281994700431824
YMR273C,YHR017W,0,-0.34797955,0.09622696787118912,0.973372757434845,0.928299605846405
YJL005W,YMR239C,0,-0.3480593,0.09621758759021759,0.973372757434845,0.9283997416496277
YJL020C,YHR102W,0,-0.34823292,0.09620820730924606,0.973372757434845,0.9284998774528503
YJL047C,YDL103C,0,-0.34829625,0.09619882702827454,0.973372757434845,0.928600013256073
YOR153W,YLR079W,0,-0.34831285,0.0961894541978836,0.973372757434845,0.9287002086639404
YJL095W,YIR017C,0,-0.34832278,0.09618008136749268,0.973372757434845,0.9288003444671631
YHR027C,YJR006W,0,-0.34860647,0.09617070853710175,0.973372757434845,0.9289004802703857
YGR105W,YCR098C,0,-0.34860718,0.09616134315729141,0.973372757434845,0.9290006160736084
YDR180W,YAR018C,0,-0.34861815,0.09615197032690048,0.973372757434845,0.929100751876831
YPR083W,YJR145C,0,-0.3486293,0.09614260494709015,0.973372757434845,0.9292008876800537
YIL067C,YPL118W,0,-0.34869063,0.09613323956727982,0.973372757434845,0.9293010234832764
YDR018C,YNL261W,0,-0.34884217,0.09612388163805008,0.973372757434845,0.929401159286499
YER141W,YPL153C,0,-0.34889627,0.09611451625823975,0.973372757434845,0.9295012950897217
YER013W,YOR070C,0,-0.34893557,0.09610515832901001,0.973372757434845,0.9296014308929443
YLR213C,YHR041C,0,-0.34910828,0.09609580039978027,0.973372757434845,0.929701566696167
YPR082C,YLR229C,0,-0.34912366,0.09608644992113113,0.973372757434845,0.9298017024993896
YNL329C,YIL101C,0,-0.34961152,0.0960770919919014,0.973372757434845,0.9299018383026123
YDR332W,YML009C,0,-0.34973547,0.09606774151325226,0.973372757434845,0.930001974105835
YPR047W,YCL055W,0,-0.3498166,0.09605839103460312,0.973372757434845,0.9301021695137024
YPR021C,YKL055C,0,-0.3499233,0.09604904800653458,0.973372757434845,0.930202305316925
YLR028C,YJL005W,0,-0.34996545,0.09603969752788544,0.973372757434845,0.9303024411201477
YDL133C-A,YBR172C,0,-0.35035795,0.0960303544998169,0.973372757434845,0.9304025769233704
YLR221C,YBL098W,0,-0.35038805,0.09602101147174835,0.973372757434845,0.930502712726593
YNL280C,YNL121C,0,-0.35082138,0.0960116758942604,0.973372757434845,0.9306028485298157
YNL322C,YLR144C,0,-0.3508615,0.09600233286619186,0.973372757434845,0.9307029843330383
YDL097C,YPR058W,0,-0.35087904,0.09599299728870392,0.973372757434845,0.930803120136261
YDR368W,YHL032C,0,-0.35121804,0.09598366171121597,0.973372757434845,0.9309032559394836
YFL018C,YML109W,0,-0.35138133,0.09597432613372803,0.973372757434845,0.9310033917427063
YPL094C,YBL010C,0,-0.35153905,0.09596499800682068,0.973372757434845,0.931103527545929
YER141W,YDR378C,0,-0.35162503,0.09595566987991333,0.973372757434845,0.9312036633491516
YDR452W,YNL101W,0,-0.35247433,0.09594634175300598,0.973372757434845,0.9313037991523743
YDL054C,YGL106W,0,-0.3526469,0.09593701362609863,0.973372757434845,0.9314039945602417
YHR027C,YLR095C,0,-0.35266122,0.09592769294977188,0.973372757434845,0.9315041303634644
YNL082W,YLL022C,0,-0.35279554,0.09591836482286453,0.973372757434845,0.931604266166687
YDR052C,YBR195C,0,-0.35284275,0.09590904414653778,0.973372757434845,0.9317044019699097
YIL128W,YBR118W,0,-0.35288298,0.09589973092079163,0.973372757434845,0.9318045377731323
YAR019C,YMR315W,0,-0.35292947,0.09589041024446487,0.973372757434845,0.931904673576355
YEL016C,YBL050W,0,-0.3529723,0.09588109701871872,0.973372757434845,0.9320048093795776
YDR051C,YML131W,0,-0.3529884,0.09587178379297256,0.973372757434845,0.9321049451828003
YJR028W,YNL327W,0,-0.35319528,0.09586247056722641,0.973372757434845,0.932205080986023
YFR007W,YCR048W,0,-0.353639,0.09585316479206085,0.973372757434845,0.9323052167892456
YGL014W,YML071C,0,-0.353973,0.0958438515663147,0.973372757434845,0.9324053525924683
YBR095C,YIL131C,0,-0.35408056,0.09583454579114914,0.973372757434845,0.9325054883956909
YOR173W,YDL020C,0,-0.3541436,0.09582524001598358,0.973372757434845,0.9326056241989136
YGL013C,YJL090C,0,-0.35443884,0.09581594169139862,0.973372757434845,0.9327057600021362
YPL051W,YDR322W,0,-0.3546967,0.09580663591623306,0.973372757434845,0.9328059554100037
YNL158W,YKL018W,0,-0.3551445,0.0957973375916481,0.973372757434845,0.9329060912132263
YOR244W,YKL175W,0,-0.35540646,0.09578804671764374,0.973372757434845,0.933006227016449
YKR010C,YMR188C,0,-0.35555112,0.09577874839305878,0.973372757434845,0.9331063628196716
YDR298C,YEL021W,0,-0.35598624,0.09576945751905441,0.973372757434845,0.9332064986228943
YGR285C,YHR107C,0,-0.35600385,0.09576016664505005,0.973372757434845,0.9333066344261169
YMR061W,YAL054C,0,-0.35615093,0.09575087577104568,0.973372757434845,0.9334067702293396
YIR002C,YLR077W,0,-0.3561532,0.09574158489704132,0.973372757434845,0.9335069060325623
YGL120C,YNL093W,0,-0.3562582,0.09573230147361755,0.973372757434845,0.9336070418357849
YMR287C,YCR069W,0,-0.35638306,0.09572301059961319,0.973372757434845,0.9337071776390076
YBR133C,YNL071W,0,-0.356563,0.09571373462677002,0.973372757434845,0.9338073134422302
YMR008C,YJL111W,0,-0.3567664,0.09570445120334625,0.973372757434845,0.9339074492454529
YLR188W,YOR321W,0,-0.3569013,0.09569517523050308,0.973372757434845,0.9340075850486755
YJL033W,YHR147C,0,-0.3570081,0.09568589180707932,0.973372757434845,0.934107780456543
YBR253W,YGL124C,0,-0.35714638,0.09567661583423615,0.973372757434845,0.9342079162597656
YFR052W,YPL214C,0,-0.35752708,0.09566734731197357,0.973372757434845,0.9343080520629883
YLR394W,YHR063C,0,-0.35753238,0.0956580713391304,0.973372757434845,0.9344081878662109
YDR486C,YLR008C,0,-0.35768747,0.09564880281686783,0.973372757434845,0.9345083236694336
YJL034W,YER180C,0,-0.35774118,0.09563953429460526,0.973372757434845,0.9346084594726562
YGR118W,YGR234W,0,-0.35774505,0.09563026577234268,0.973372757434845,0.9347085952758789
YLL038C,YBR096W,0,-0.35789162,0.0956210047006607,0.973372757434845,0.9348087310791016
YFR045W,YOL031C,0,-0.35819095,0.09561174362897873,0.973372757434845,0.9349088668823242
YGL233W,YNR047W,0,-0.35819787,0.09560248255729675,0.973372757434845,0.9350090026855469
YDR194C,YBR041W,0,-0.35831845,0.09559322148561478,0.973372757434845,0.9351091384887695
YIL010W,YHR023W,0,-0.35844052,0.0955839604139328,0.973372757434845,0.9352092742919922
YDR499W,YOL104C,0,-0.3588372,0.09557470679283142,0.973372757434845,0.9353094100952148
YIL070C,YOR233W,0,-0.35945976,0.09556545317173004,0.973372757434845,0.9354095458984375
YBR196C,YGL083W,0,-0.35957357,0.09555619955062866,0.973372757434845,0.9355097413063049
YMR290C,YML093W,0,-0.35978004,0.09554695338010788,0.973372757434845,0.9356098771095276
YLR088W,YLR447C,0,-0.35997465,0.0955376997590065,0.973372757434845,0.9357100129127502
YGR227W,YIL155C,0,-0.360147,0.09552845358848572,0.973372757434845,0.9358101487159729
YAL015C,YIL082W-A,1,-0.36083215,0.09561599045991898,0.9743589758872986,0.9358101487159729
YPL009C,YHR027C,0,-0.36098486,0.0956067368388176,0.9743589758872986,0.9359102845191956
YLR028C,YDL029W,0,-0.36121956,0.09559748321771622,0.9743589758872986,0.9360104203224182
YNR003C,YNL284C,0,-0.36125615,0.09558823704719543,0.9743589758872986,0.9361105561256409
YGR186W,YDR518W,0,-0.3614186,0.09557899087667465,0.9743589758872986,0.9362106919288635
YLR088W,YNL232W,0,-0.36166632,0.09556974470615387,0.9743589758872986,0.9363108277320862
YJR137C,YKR036C,0,-0.36190122,0.09556049853563309,0.9743589758872986,0.9364109635353088
YDR503C,YBL078C,0,-0.36257154,0.0955512598156929,0.9743589758872986,0.9365110993385315
YNL280C,YNL238W,0,-0.3627447,0.09554201364517212,0.9743589758872986,0.9366112351417542
YIL140W,YGR284C,0,-0.36328068,0.09553278237581253,0.9743589758872986,0.9367113709449768
YBR139W,YJL187C,0,-0.3642671,0.09552354365587234,0.9743589758872986,0.9368115067481995
YCR075C,YNL252C,0,-0.3644801,0.09551430493593216,0.9743589758872986,0.9369117021560669
YCL036W,YHR074W,0,-0.36506927,0.09550507366657257,0.9743589758872986,0.9370118379592896
YKL012W,YDR494W,0,-0.36510894,0.09549584239721298,0.9743589758872986,0.9371119737625122
YPL241C,YJR004C,0,-0.36520654,0.0954866111278534,0.9743589758872986,0.9372121095657349
YLR143W,YPL022W,1,-0.36522156,0.0955740213394165,0.9753451943397522,0.9372121095657349
YMR295C,YDR166C,0,-0.3652813,0.09556479007005692,0.9753451943397522,0.9373122453689575
YCR083W,YLR038C,0,-0.36552948,0.09555555880069733,0.9753451943397522,0.9374123811721802
YER007W,YML058W,0,-0.36562613,0.09554632753133774,0.9753451943397522,0.9375125169754028
YFR018C,YER146W,0,-0.36582708,0.09553709626197815,0.9753451943397522,0.9376126527786255
YBL003C,YIL035C,0,-0.36595646,0.09552786499261856,0.9753451943397522,0.9377127885818481
YNL172W,YPR138C,0,-0.36604366,0.09551864117383957,0.9753451943397522,0.9378129243850708
YDR226W,YKL154W,0,-0.3660879,0.09550941735506058,0.9753451943397522,0.9379130601882935
YFL024C,YDR383C,0,-0.36611122,0.09550019353628159,0.9753451943397522,0.9380131959915161
YHR047C,YGR068C,0,-0.36635345,0.0954909697175026,0.9753451943397522,0.9381133317947388
YML111W,YGL062W,0,-0.36668593,0.0954817533493042,0.9753451943397522,0.9382135272026062
YGL121C,YGL148W,0,-0.36675075,0.0954725369811058,0.9753451943397522,0.9383136630058289
YIR033W,YKR014C,0,-0.36725256,0.09546332061290741,0.9753451943397522,0.9384137988090515
YMR267W,YBR081C,0,-0.367692,0.09545410424470901,0.9753451943397522,0.9385139346122742
YDL028C,YGR089W,0,-0.36774457,0.09544489532709122,0.9753451943397522,0.9386140704154968
YKL015W,YKL018W,0,-0.3678473,0.09543568640947342,0.9753451943397522,0.9387142062187195
YLR064W,YOR194C,0,-0.36792797,0.09542647749185562,0.9753451943397522,0.9388143420219421
YPR112C,YOR196C,0,-0.36816743,0.09541726857423782,0.9753451943397522,0.9389144778251648
YCL036W,YEL052W,0,-0.3682781,0.09540806710720062,0.9753451943397522,0.9390146136283875
YJL209W,YDR065W,0,-0.3682961,0.09539885818958282,0.9753451943397522,0.9391147494316101
YBL079W,YBL064C,0,-0.36842704,0.09538966417312622,0.9753451943397522,0.9392148852348328
YOR374W,YNL189W,0,-0.36856538,0.09538046270608902,0.9753451943397522,0.9393150210380554
YMR311C,YCR009C,0,-0.36886773,0.09537126123905182,0.9753451943397522,0.9394151568412781
YJR059W,YOR043W,0,-0.36901185,0.09536206722259521,0.9753451943397522,0.9395152926445007
YOL120C,YHR121W,0,-0.36906573,0.09535287320613861,0.9753451943397522,0.9396154880523682
YDR503C,YMR244C-A,0,-0.36906856,0.095343679189682,0.9753451943397522,0.9397156238555908
YBL058W,YOR368W,0,-0.36924046,0.095334492623806,0.9753451943397522,0.9398157596588135
YOR299W,YGL124C,0,-0.36933786,0.0953252986073494,0.9753451943397522,0.9399158954620361
YLR390W,YKL165C,0,-0.36941493,0.09531611204147339,0.9753451943397522,0.9400160312652588
YOR239W,YOR128C,0,-0.3694275,0.09530692547559738,0.9753451943397522,0.9401161670684814
YGR191W,YPL149W,0,-0.3698631,0.09529774636030197,0.9753451943397522,0.9402163028717041
YPL157W,YLR233C,0,-0.369914,0.09528855979442596,0.9753451943397522,0.9403164386749268
YMR104C,YML014W,0,-0.37018183,0.09527938067913055,0.9753451943397522,0.9404165744781494
YGR148C,YGR264C,0,-0.37019676,0.09527020156383514,0.9753451943397522,0.9405167102813721
YBR175W,YBR217W,0,-0.37029582,0.09526102989912033,0.9753451943397522,0.9406168460845947
YNL248C,YLR344W,0,-0.37035635,0.09525185078382492,0.9753451943397522,0.9407169818878174
YHR069C,YHR050W,0,-0.3704521,0.09524267911911011,0.9753451943397522,0.94081711769104
YDR006C,YMR119W,0,-0.37051207,0.0952335074543953,0.9753451943397522,0.9409173130989075
YMR029C,YDR387C,0,-0.37066305,0.09522434324026108,0.9753451943397522,0.9410174489021301
YGL023C,YIL035C,0,-0.37111935,0.09521517157554626,0.9753451943397522,0.9411175847053528
YPL186C,YNL236W,0,-0.37162992,0.09520600736141205,0.9753451943397522,0.9412177205085754
YEL009C,YHL033C,0,-0.37165713,0.09519684314727783,0.9753451943397522,0.9413178563117981
YNL072W,YJL051W,0,-0.37199602,0.09518767893314362,0.9753451943397522,0.9414179921150208
YDR472W,YNL079C,0,-0.37203044,0.09517852216959,0.9753451943397522,0.9415181279182434
YLR274W,YFR044C,0,-0.37229538,0.09516935795545578,0.9753451943397522,0.9416182637214661
YJR151C,YNL124W,0,-0.37254098,0.09516020119190216,0.9753451943397522,0.9417183995246887
YGR257C,YIL041W,0,-0.37256354,0.09515105187892914,0.9753451943397522,0.9418185353279114
YKR018C,YDR159W,0,-0.37258694,0.09514189511537552,0.9753451943397522,0.941918671131134
YGL060W,YML001W,0,-0.37286663,0.0951327458024025,0.9753451943397522,0.9420188069343567
YKL093W,YGR251W,0,-0.3729784,0.09512359648942947,0.9753451943397522,0.9421189427375793
YER069W,YGR085C,0,-0.37299573,0.09511444717645645,0.9753451943397522,0.942219078540802
YNR008W,YPR030W,0,-0.3732375,0.09510529786348343,0.9753451943397522,0.9423192739486694
YPR104C,YOR017W,0,-0.37339267,0.095096156001091,0.9753451943397522,0.9424194097518921
YLR278C,YDR031W,0,-0.37355655,0.09508701413869858,0.9753451943397522,0.9425195455551147
YMR090W,YGR010W,0,-0.37359968,0.09507787227630615,0.9753451943397522,0.9426196813583374
YLR307W,YBL034C,0,-0.3736937,0.09506873041391373,0.9753451943397522,0.9427198171615601
YOR245C,YLR268W,0,-0.37378725,0.0950595960021019,0.9753451943397522,0.9428199529647827
YDR239C,YPR122W,0,-0.37425375,0.09505045413970947,0.9753451943397522,0.9429200887680054
YGR027C,YGR162W,0,-0.3746212,0.09504131972789764,0.9753451943397522,0.943020224571228
YGR075C,YGL039W,0,-0.37481004,0.09503219276666641,0.9753451943397522,0.9431203603744507
YJL213W,YFL062W,0,-0.37508866,0.09502305835485458,0.9753451943397522,0.9432204961776733
YDR036C,YBR210W,0,-0.37517577,0.09501393139362335,0.9753451943397522,0.943320631980896
YKL164C,YOR067C,0,-0.37536675,0.09500480443239212,0.9753451943397522,0.9434207677841187
YIL021W,YML027W,0,-0.37549868,0.09499567747116089,0.9753451943397522,0.9435209035873413
YGL212W,YDL080C,0,-0.3757903,0.09498655050992966,0.9753451943397522,0.9436210989952087
YDR101C,YDR302W,0,-0.3761391,0.09497743099927902,0.9753451943397522,0.9437212347984314
YDL010W,YCR048W,0,-0.37653422,0.09496831148862839,0.9753451943397522,0.943821370601654
YER087W,YLR096W,0,-0.37654108,0.09495919197797775,0.9753451943397522,0.9439215064048767
YOR356W,YNL099C,0,-0.37710527,0.09495007991790771,0.9753451943397522,0.9440216422080994
YLL051C,YOR265W,0,-0.37738985,0.09494096040725708,0.9753451943397522,0.944121778011322
YDR498C,YOR130C,0,-0.37777415,0.09493184834718704,0.9753451943397522,0.9442219138145447
YDR084C,YDL108W,0,-0.3778816,0.094922736287117,0.9753451943397522,0.9443220496177673
YBR240C,YMR029C,0,-0.37795997,0.09491362422704697,0.9753451943397522,0.94442218542099
YNL280C,YPR058W,0,-0.37799463,0.09490451961755753,0.9753451943397522,0.9445223212242126
YBR087W,YPL220W,0,-0.3780277,0.09489541500806808,0.9753451943397522,0.9446224570274353
YKR013W,YLR208W,0,-0.37802964,0.09488631039857864,0.9753451943397522,0.944722592830658
YMR277W,YLR113W,0,-0.3781433,0.0948772057890892,0.9753451943397522,0.9448227286338806
YPR162C,YOR328W,0,-0.37843508,0.09486810863018036,0.9753451943397522,0.9449228644371033
YLR398C,YMR277W,0,-0.37884986,0.09485900402069092,0.9753451943397522,0.9450230598449707
YHR121W,YPL030W,0,-0.37897024,0.09484990686178207,0.9753451943397522,0.9451231956481934
YGR029W,YBR058C,0,-0.378975,0.09484080970287323,0.9753451943397522,0.945223331451416
YOR044W,YIL157C,0,-0.37900892,0.09483171999454498,0.9753451943397522,0.9453234672546387
YLL038C,YJR082C,0,-0.37928906,0.09482263028621674,0.9753451943397522,0.9454236030578613
YLR390W,YJL176C,0,-0.3794409,0.09481353312730789,0.9753451943397522,0.945523738861084
YER022W,YPL132W,0,-0.37949342,0.09480445086956024,0.9753451943397522,0.9456238746643066
YML014W,YCR071C,0,-0.37957823,0.094795361161232,0.9753451943397522,0.9457240104675293
YIL139C,YLR295C,0,-0.3797777,0.09478627890348434,0.9753451943397522,0.945824146270752
YJL080C,YDR470C,0,-0.37986517,0.0947771891951561,0.9753451943397522,0.9459242820739746
YDR240C,YPL104W,0,-0.38019118,0.09476810693740845,0.9753451943397522,0.9460244178771973
YHR046C,YOL049W,0,-0.38020644,0.0947590321302414,0.9753451943397522,0.9461245536804199
YDR285W,YKL117W,0,-0.38031262,0.09474994987249374,0.9753451943397522,0.9462246894836426
YJR155W,YDL212W,0,-0.38036746,0.09474087506532669,0.9753451943397522,0.9463248252868652
YCL057W,YDR262W,0,-0.38037753,0.09473180025815964,0.9753451943397522,0.9464250206947327
YHR191C,YOR092W,0,-0.380459,0.09472272545099258,0.9753451943397522,0.9465251564979553
YDR120C,YCR048W,0,-0.38050118,0.09471365809440613,0.9753451943397522,0.946625292301178
YJR017C,YPL266W,0,-0.3807218,0.09470458328723907,0.9753451943397522,0.9467254281044006
YAL042W,YDR354W,0,-0.38081127,0.09469551593065262,0.9753451943397522,0.9468255639076233
YCR072C,YPL029W,0,-0.38081893,0.09468645602464676,0.9753451943397522,0.946925699710846
YMR269W,YER056C-A,0,-0.38086554,0.0946773886680603,0.9753451943397522,0.9470258355140686
YLR098C,YDR330W,0,-0.38093942,0.09466832876205444,0.9753451943397522,0.9471259713172913
YDR072C,YOR210W,0,-0.38103998,0.09465926140546799,0.9753451943397522,0.9472261071205139
YJL053W,YDR260C,0,-0.38135958,0.09465020895004272,0.9753451943397522,0.9473262429237366
YOL117W,YKL144C,0,-0.38140187,0.09464114904403687,0.9753451943397522,0.9474263787269592
YNL272C,YPR194C,0,-0.38167217,0.094632089138031,0.9753451943397522,0.9475265145301819
YJR056C,YNL225C,0,-0.38184813,0.09462303668260574,0.9753451943397522,0.9476266503334045
YML125C,YNL009W,0,-0.3820148,0.09461398422718048,0.9753451943397522,0.947726845741272
YML078W,YDR354W,0,-0.38314414,0.09460493922233582,0.9753451943397522,0.9478269815444946
YKR019C,YCR003W,0,-0.3835526,0.09459588676691055,0.9753451943397522,0.9479271173477173
YOR340C,YGR027C,0,-0.38380516,0.09458684176206589,0.9753451943397522,0.9480272531509399
YKL091C,YDR288W,0,-0.3842482,0.09457779675722122,0.9753451943397522,0.9481273889541626
YBR302C,YBR041W,0,-0.3852917,0.09456875175237656,0.9753451943397522,0.9482275247573853
YHR179W,YNL267W,0,-0.38563356,0.09455970674753189,0.9753451943397522,0.9483276605606079
YBL018C,YKL025C,1,-0.3856851,0.09464627504348755,0.976331353187561,0.9483276605606079
YHR017W,YLR314C,0,-0.3857229,0.09463722258806229,0.976331353187561,0.9484277963638306
YOR362C,YKL010C,0,-0.38590539,0.09462817758321762,0.976331353187561,0.9485279321670532
YPR009W,YGL017W,0,-0.38609815,0.09461913257837296,0.976331353187561,0.9486280679702759
YLR278C,YOR020C,0,-0.3863789,0.09461009502410889,0.976331353187561,0.9487282037734985
YNL326C,YGL026C,0,-0.38649914,0.09460105001926422,0.976331353187561,0.9488283395767212
YIL128W,YLR403W,0,-0.3867851,0.09459201246500015,0.976331353187561,0.9489284753799438
YFR036W,YOR313C,0,-0.38685954,0.09458297491073608,0.976331353187561,0.9490286111831665
YIR003W,YGR162W,0,-0.38694543,0.09457393735647202,0.976331353187561,0.9491288065910339
YGL014W,YDL029W,0,-0.3871597,0.09456490725278854,0.976331353187561,0.9492289423942566
YPL083C,YNL072W,1,-0.38778254,0.09465138614177704,0.9773175716400146,0.9492289423942566
YGR059W,YMR172W,0,-0.38787127,0.09464234858751297,0.9773175716400146,0.9493290781974792
YGL100W,YFL037W,0,-0.38790882,0.0946333110332489,0.9773175716400146,0.9494292140007019
YJR119C,YER027C,0,-0.38815755,0.09462427347898483,0.9773175716400146,0.9495293498039246
YOR046C,YJR007W,0,-0.38831174,0.09461523592472076,0.9773175716400146,0.9496294856071472
YOL130W,YLR289W,0,-0.38839027,0.09460620582103729,0.9773175716400146,0.9497296214103699
YML095C,YAR008W,1,-0.38864177,0.09469263255596161,0.9783037304878235,0.9497296214103699
YBR068C,YIR014W,0,-0.3886683,0.09468359500169754,0.9783037304878235,0.9498297572135925
YNL244C,YHR187W,0,-0.38877612,0.09467455744743347,0.9783037304878235,0.9499298930168152
YBR215W,YDL040C,0,-0.38882422,0.0946655198931694,0.9783037304878235,0.9500300288200378
YCL047C,YLR371W,0,-0.3890355,0.09465648978948593,0.9783037304878235,0.9501301646232605
YGR009C,YLR439W,0,-0.38983947,0.09464745968580246,0.9783037304878235,0.9502303004264832
YBL026W,YLL002W,0,-0.38984737,0.09463842958211899,0.9783037304878235,0.9503304362297058
YHL044W,YFL041W,0,-0.38989398,0.09462939947843552,0.9783037304878235,0.9504306316375732
YML028W,YPL082C,0,-0.39022923,0.09462037682533264,0.9783037304878235,0.9505307674407959
YEL052W,YCR094W,0,-0.3904031,0.09461134672164917,0.9783037304878235,0.9506309032440186
YJR107W,YCL043C,0,-0.39081424,0.0946023240685463,0.9783037304878235,0.9507310390472412
YHR099W,YPR149W,0,-0.3909039,0.09459330886602402,0.9783037304878235,0.9508311748504639
YKL190W,YMR193W,0,-0.3909377,0.09458428621292114,0.9783037304878235,0.9509313106536865
YNL312W,YOR233W,0,-0.39150307,0.09457527101039886,0.9783037304878235,0.9510314464569092
YEL077C,YGR077C,0,-0.39151824,0.09456625580787659,0.9783037304878235,0.9511315822601318
YKL149C,YAR008W,1,-0.39158276,0.09465255588293076,0.9792899489402771,0.9511315822601318
YPR075C,YHR043C,0,-0.3921361,0.09464354068040848,0.9792899489402771,0.9512317180633545
YGR172C,YGL173C,0,-0.39233917,0.0946345180273056,0.9792899489402771,0.9513318538665771
YDL069C,YLR089C,0,-0.39237773,0.09462550282478333,0.9792899489402771,0.9514319896697998
YGR246C,YER112W,0,-0.39241338,0.09461648762226105,0.9792899489402771,0.9515321254730225
YPL108W,YLR010C,0,-0.39242032,0.09460747241973877,0.9792899489402771,0.9516322612762451
YPL078C,YDR310C,0,-0.39279044,0.09459845721721649,0.9792899489402771,0.9517323970794678
YMR029C,YFR009W,0,-0.39320618,0.09458944201469421,0.9792899489402771,0.9518325924873352
YNL015W,YPR118W,0,-0.39359954,0.09458043426275253,0.9792899489402771,0.9519327282905579
YLR026C,YPL108W,0,-0.39395362,0.09457142651081085,0.9792899489402771,0.9520328640937805
YMR285C,YLR154C,1,-0.3940468,0.09465765208005905,0.9802761077880859,0.9520328640937805
YGR140W,YAL022C,0,-0.39466298,0.09464863687753677,0.9802761077880859,0.9521329998970032
YPR072W,YOR306C,0,-0.39467514,0.09463962912559509,0.9802761077880859,0.9522331357002258
YBR223C,YMR228W,0,-0.3950234,0.09463061392307281,0.9802761077880859,0.9523332715034485
YDR453C,YDR266C,0,-0.39510125,0.09462160617113113,0.9802761077880859,0.9524334073066711
YNR003C,YEL002C,0,-0.3951177,0.09461260586977005,0.9802761077880859,0.9525335431098938
YCR054C,YPL104W,0,-0.3951944,0.09460359811782837,0.9802761077880859,0.9526336789131165
YLR057W,YBR205W,0,-0.39530075,0.09459459781646729,0.9802761077880859,0.9527338147163391
YDL014W,YDR363W,0,-0.395302,0.0945855900645256,0.9802761077880859,0.9528339505195618
YDR085C,YKL042W,0,-0.3953209,0.09457659721374512,0.9802761077880859,0.9529340863227844
YKL140W,YBR056W,0,-0.39593798,0.09456759691238403,0.9802761077880859,0.9530342221260071
YJR095W,YLR003C,0,-0.39637154,0.09455859661102295,0.9802761077880859,0.9531344175338745
YER137C,YNL136W,0,-0.39648688,0.09454960376024246,0.9802761077880859,0.9532345533370972
YDR139C,YBR273C,0,-0.3967436,0.09454061090946198,0.9802761077880859,0.9533346891403198
YPR127W,YBR172C,0,-0.39681762,0.09453161805868149,0.9802761077880859,0.9534348249435425
YDR164C,YEL003W,0,-0.39683828,0.0945226326584816,0.9802761077880859,0.9535349607467651
YLR074C,YAL042W,0,-0.39685544,0.09451364725828171,0.9802761077880859,0.9536350965499878
YDR285W,YML125C,0,-0.39692035,0.09450466185808182,0.9802761077880859,0.9537352323532104
YBR055C,YHR115C,0,-0.39692426,0.09449567645788193,0.9802761077880859,0.9538353681564331
YPL045W,YML087C,0,-0.39707732,0.09448669105768204,0.9802761077880859,0.9539355039596558
YCR047C,YMR080C,0,-0.39714402,0.09447771310806274,0.9802761077880859,0.9540356397628784
YNR023W,YKL198C,0,-0.397241,0.09446873515844345,0.9802761077880859,0.9541357755661011
YMR194W,YJL191W,0,-0.39724186,0.09445975720882416,0.9802761077880859,0.9542359113693237
YER141W,YFR051C,0,-0.39725247,0.09445077925920486,0.9802761077880859,0.9543360471725464
YLR371W,YGR135W,0,-0.3973997,0.09444180876016617,0.9802761077880859,0.954436182975769
YOL004W,YJL125C,0,-0.39757553,0.09443283081054688,0.9802761077880859,0.9545363783836365
YOL031C,YOR304C-A,0,-0.39795965,0.09442386031150818,0.9802761077880859,0.9546365141868591
YGR062C,YDL056W,0,-0.3983203,0.09441489726305008,0.9802761077880859,0.9547366499900818
YNR052C,YLR430W,1,-0.39895755,0.09450089931488037,0.9812623262405396,0.9547366499900818
YDR299W,YPL220W,0,-0.3991468,0.09449192881584167,0.9812623262405396,0.9548367857933044
YDR141C,YDR443C,0,-0.39922452,0.09448295831680298,0.9812623262405396,0.9549369215965271
YOR115C,YMR088C,0,-0.39923364,0.09447398036718369,0.9812623262405396,0.9550370573997498
YPL195W,YFR044C,0,-0.3992784,0.09446501731872559,0.9812623262405396,0.9551371932029724
YIR035C,YOR323C,0,-0.39939886,0.09445604681968689,0.9812623262405396,0.9552373290061951
YMR060C,YOR228C,0,-0.3995278,0.09444708377122879,0.9812623262405396,0.9553374648094177
YIR022W,YGL014W,0,-0.39977354,0.0944381132721901,0.9812623262405396,0.9554376006126404
YFR045W,YBR204C,0,-0.39980847,0.09442915767431259,0.9812623262405396,0.955537736415863
YDR206W,YKL198C,0,-0.4000662,0.09442019462585449,0.9812623262405396,0.9556378722190857
YJR082C,YFL041W,0,-0.40025222,0.09441123157739639,0.9812623262405396,0.9557380080223083
YBR274W,YGR183C,0,-0.400823,0.09440227597951889,0.9812623262405396,0.955838143825531
YJL210W,YNL047C,0,-0.40135413,0.09439332038164139,0.9812623262405396,0.9559383392333984
YNL291C,YCR094W,0,-0.4014467,0.09438436478376389,0.9812623262405396,0.9560384750366211
YJL111W,YKL090W,0,-0.40146852,0.09437541663646698,0.9812623262405396,0.9561386108398438
YNL090W,YML071C,0,-0.4018761,0.09436646103858948,0.9812623262405396,0.9562387466430664
YKL113C,YPL244C,0,-0.4020054,0.09435751289129257,0.9812623262405396,0.9563388824462891
YER164W,YBL022C,0,-0.40230516,0.09434856474399567,0.9812623262405396,0.9564390182495117
YCR033W,YGL097W,0,-0.40243024,0.09433962404727936,0.9812623262405396,0.9565391540527344
YMR269W,YML106W,0,-0.40262428,0.09433067589998245,0.9812623262405396,0.956639289855957
YAL029C,YKR087C,0,-0.40268916,0.09432173520326614,0.9812623262405396,0.9567394256591797
YJR091C,YNL008C,0,-0.40293935,0.09431279450654984,0.9812623262405396,0.9568395614624023
YER027C,YLR319C,0,-0.40329522,0.09430385380983353,0.9812623262405396,0.956939697265625
YFL031W,YDL159W,0,-0.4036122,0.09429492056369781,0.9812623262405396,0.9570398330688477
YMR047C,YPL177C,0,-0.40385354,0.0942859873175621,0.9812623262405396,0.9571399688720703
YNL175C,YDR216W,0,-0.4049229,0.09427705407142639,0.9812623262405396,0.9572401642799377
YJR019C,YKR087C,0,-0.4049825,0.09426812082529068,0.9812623262405396,0.9573403000831604
YOR115C,YHR116W,0,-0.40593025,0.09425918757915497,0.9812623262405396,0.9574404358863831
YNL186W,YLR089C,0,-0.40605566,0.09425026178359985,0.9812623262405396,0.9575405716896057
YER130C,YOR028C,0,-0.40620393,0.09424133598804474,0.9812623262405396,0.9576407074928284
YNR060W,YKR080W,0,-0.4062302,0.09423241019248962,0.9812623262405396,0.957740843296051
YOR077W,YLR381W,0,-0.40636212,0.09422348439693451,0.9812623262405396,0.9578409790992737
YJL071W,YDR099W,0,-0.4067511,0.09421456605195999,0.9812623262405396,0.9579411149024963
YKL146W,YOR194C,0,-0.40687287,0.09420564025640488,0.9812623262405396,0.958041250705719
YDR416W,YHR152W,0,-0.4068849,0.09419672191143036,0.9812623262405396,0.9581413865089417
YOR299W,YNL138W,0,-0.40729555,0.09418781101703644,0.9812623262405396,0.9582415223121643
YGL013C,YFL048C,0,-0.4082789,0.09417889267206192,0.9812623262405396,0.958341658115387
YJR059W,YJL156C,0,-0.40845764,0.094169981777668,0.9812623262405396,0.9584417939186096
YER164W,YHR001W,0,-0.4085074,0.09416107088327408,0.9812623262405396,0.9585419297218323
YGL112C,YKR090W,0,-0.40854877,0.09415215998888016,0.9812623262405396,0.9586421251296997
YBL061C,YOR216C,0,-0.4099529,0.09414324909448624,0.9812623262405396,0.9587422609329224
YBR196C,YGR027C,0,-0.4101977,0.09413434565067291,0.9812623262405396,0.958842396736145
YBR044C,YKL143W,0,-0.41025257,0.09412543475627899,0.9812623262405396,0.9589425325393677
YGL003C,YLR314C,0,-0.41045225,0.09411653131246567,0.9812623262405396,0.9590426683425903
YDR489W,YJL221C,0,-0.41085872,0.09410763531923294,0.9812623262405396,0.959142804145813
YJR091C,YNL160W,0,-0.41142577,0.09409873187541962,0.9812623262405396,0.9592429399490356
YLR376C,YIL109C,0,-0.41153127,0.09408983588218689,0.9812623262405396,0.9593430757522583
YHR047C,YHR172W,0,-0.4123103,0.09408093988895416,0.9812623262405396,0.959443211555481
YBR135W,YIL142W,0,-0.4126192,0.09407204389572144,0.9812623262405396,0.9595433473587036
YHR207C,YLR450W,0,-0.41266364,0.09406314790248871,0.9812623262405396,0.9596434831619263
YIL138C,YJR064W,0,-0.41269326,0.09405425935983658,0.9812623262405396,0.9597436189651489
YKL149C,YGL175C,1,-0.41277415,0.09413988888263702,0.9822485446929932,0.9597436189651489
YDR379W,YDR144C,0,-0.41314557,0.0941309928894043,0.9822485446929932,0.9598437547683716
YHR134W,YNL139C,0,-0.41368407,0.09412209689617157,0.9822485446929932,0.959943950176239
YER114C,YDR018C,0,-0.41375858,0.09411320090293884,0.9822485446929932,0.9600440859794617
YGL162W,YER180C,0,-0.41387197,0.09410430490970612,0.9822485446929932,0.9601442217826843
YHR123W,YMR281W,0,-0.4141714,0.09409541636705399,0.9822485446929932,0.960244357585907
YHR030C,YAR015W,0,-0.41426674,0.09408652782440186,0.9822485446929932,0.9603444933891296
YDR456W,YGR089W,0,-0.41450894,0.09407763928174973,0.9822485446929932,0.9604446291923523
YER027C,YJR055W,0,-0.41461414,0.09406875818967819,0.9822485446929932,0.960544764995575
YKL205W,YJL214W,0,-0.41471237,0.09405987709760666,0.9822485446929932,0.9606449007987976
YDR388W,YBR288C,0,-0.4149734,0.09405098855495453,0.9822485446929932,0.9607450366020203
YJL129C,YJR144W,0,-0.41504157,0.09404211491346359,0.9822485446929932,0.9608451724052429
YPL170W,YFL002C,0,-0.41571864,0.09403323382139206,0.9822485446929932,0.9609453082084656
YPL093W,YHR010W,0,-0.41626656,0.09402435272932053,0.9822485446929932,0.9610454440116882
YCR026C,YDR293C,1,-0.41673782,0.09410987049341202,0.983234703540802,0.9610454440116882
YGR274C,YPL170W,0,-0.41703388,0.09410098940134048,0.983234703540802,0.9611455798149109
YLR429W,YML110C,0,-0.41719276,0.09409210830926895,0.983234703540802,0.9612457156181335
YKL218C,YMR088C,0,-0.41790384,0.09408323466777802,0.983234703540802,0.961345911026001
YNL153C,YGR268C,0,-0.418111,0.09407435357570648,0.983234703540802,0.9614460468292236
YJL121C,YDR109C,0,-0.4188724,0.09406547993421555,0.983234703540802,0.9615461826324463
YGR132C,YNR057C,0,-0.41919968,0.09405660629272461,0.983234703540802,0.961646318435669
YER035W,YKL085W,0,-0.41969964,0.09404773265123367,0.983234703540802,0.9617464542388916
YML113W,YPL012W,0,-0.41993654,0.09403885900974274,0.983234703540802,0.9618465900421143
YGR014W,YEL052W,0,-0.42035216,0.0940299928188324,0.983234703540802,0.9619467258453369
YPL256C,YML009C,0,-0.42042962,0.09402112662792206,0.983234703540802,0.9620468616485596
YFR021W,YOR037W,0,-0.4206368,0.09401226043701172,0.983234703540802,0.9621469974517822
YJR075W,YGL224C,0,-0.42148536,0.09400339424610138,0.983234703540802,0.9622471332550049
YER124C,YGR088W,0,-0.4215448,0.09399453550577164,0.983234703540802,0.9623472690582275
YOL080C,YOL043C,1,-0.42162672,0.09407994151115417,0.9842209219932556,0.9623472690582275
YNL102W,YFR029W,0,-0.42180473,0.09407107532024384,0.9842209219932556,0.9624474048614502
YBR104W,YAL009W,0,-0.42181507,0.0940622091293335,0.9842209219932556,0.9625475406646729
YDR349C,YBL067C,0,-0.42202187,0.09405334293842316,0.9842209219932556,0.9626477360725403
YJR076C,YLL062C,0,-0.4220882,0.09404447674751282,0.9842209219932556,0.9627478718757629
YMR011W,YKL017C,0,-0.4222394,0.09403561800718307,0.9842209219932556,0.9628480076789856
YLL027W,YDR116C,0,-0.42248946,0.09402675926685333,0.9842209219932556,0.9629481434822083
YNL064C,YBL042C,0,-0.42251408,0.09401790052652359,0.9842209219932556,0.9630482792854309
YML112W,YDR477W,0,-0.42269287,0.09400904178619385,0.9842209219932556,0.9631484150886536
YDR101C,YHL007C,0,-0.42320195,0.0940001904964447,0.9842209219932556,0.9632485508918762
YDR347W,YAL025C,0,-0.42362574,0.09399133175611496,0.9842209219932556,0.9633486866950989
YJL033W,YLR251W,0,-0.4238882,0.09398248791694641,0.9842209219932556,0.9634488224983215
YNL239W,YGL103W,0,-0.42390496,0.09397363662719727,0.9842209219932556,0.9635489583015442
YDR036C,YKL094W,0,-0.42410466,0.09396478533744812,0.9842209219932556,0.9636490941047668
YOR095C,YDL021W,0,-0.4245202,0.09395594149827957,0.9842209219932556,0.9637492299079895
YJL165C,YNL197C,0,-0.4249872,0.09394709765911102,0.9842209219932556,0.9638493657112122
YOL043C,YNL072W,1,-0.4251586,0.09403237700462341,0.9852070808410645,0.9638493657112122
YCR011C,YMR277W,0,-0.425248,0.09402352571487427,0.9852070808410645,0.9639495015144348
YER122C,YCR010C,0,-0.42537433,0.09401468187570572,0.9852070808410645,0.9640496969223022
YNL292W,YBR195C,0,-0.425407,0.09400583058595657,0.9852070808410645,0.9641498327255249
YPR135W,YBR014C,0,-0.42549384,0.09399698674678802,0.9852070808410645,0.9642499685287476
YDR288W,YNR013C,0,-0.42588586,0.09398814290761948,0.9852070808410645,0.9643501043319702
YGL216W,YPL103C,0,-0.42599535,0.09397930651903152,0.9852070808410645,0.9644502401351929
YPR009W,YGR084C,0,-0.4260531,0.09397046267986298,0.9852070808410645,0.9645503759384155
YPL048W,YFR033C,0,-0.42658868,0.09396162629127502,0.9852070808410645,0.9646505117416382
YGR175C,YMR292W,0,-0.42671672,0.09395278990268707,0.9852070808410645,0.9647506475448608
YNL102W,YNL072W,1,-0.42701846,0.0940379947423935,0.9861932992935181,0.9647506475448608
YGL090W,YDL185W,0,-0.42728275,0.09402915090322495,0.9861932992935181,0.9648507833480835
YPL128C,YMR034C,0,-0.4278319,0.0940203070640564,0.9861932992935181,0.9649509191513062
YGL211W,YKR066C,0,-0.4279939,0.09401147067546844,0.9861932992935181,0.9650510549545288
YPR019W,YFL037W,0,-0.42829943,0.0940026342868805,0.9861932992935181,0.9651511907577515
YOR122C,YOL119C,0,-0.42846096,0.09399379789829254,0.9861932992935181,0.9652513265609741
YDL111C,YBR205W,0,-0.42887664,0.09398496150970459,0.9861932992935181,0.9653514623641968
YGL173C,YPL022W,1,-0.42891723,0.09407010674476624,0.9871794581413269,0.9653514623641968
YPR127W,YOR043W,0,-0.4289586,0.09406127035617828,0.9871794581413269,0.9654516577720642
YNR050C,YPL131W,0,-0.43049654,0.09405242651700974,0.9871794581413269,0.9655517935752869
YNL191W,YDR093W,0,-0.43121627,0.09404359012842178,0.9871794581413269,0.9656519293785095
YOL004W,YNL125C,0,-0.43227676,0.09403476119041443,0.9871794581413269,0.9657520651817322
YMR208W,YJR130C,0,-0.43252242,0.09402592480182648,0.9871794581413269,0.9658522009849548
YGL161C,YCR069W,0,-0.4329213,0.09401709586381912,0.9871794581413269,0.9659523367881775
YJR103W,YDR169C,0,-0.4336453,0.09400826692581177,0.9871794581413269,0.9660524725914001
YIL143C,YGL113W,0,-0.43366042,0.09399943798780441,0.9871794581413269,0.9661526083946228
YNR061C,YJR149W,0,-0.43367562,0.09399060904979706,0.9871794581413269,0.9662527441978455
YPL149W,YMR197C,0,-0.4338779,0.0939817875623703,0.9871794581413269,0.9663528800010681
YDR481C,YNR054C,0,-0.43400496,0.09397296607494354,0.9871794581413269,0.9664530158042908
YDL155W,YGR295C,0,-0.4341612,0.09396414458751678,0.9871794581413269,0.9665531516075134
YDR082W,YER030W,0,-0.43430498,0.09395532310009003,0.9871794581413269,0.9666532874107361
YBR068C,YFL038C,0,-0.4350668,0.09394650161266327,0.9871794581413269,0.9667534828186035
YDL019C,YHL020C,0,-0.43585187,0.09393768757581711,0.9871794581413269,0.9668536186218262
YDR306C,YNL268W,0,-0.43597054,0.09392887353897095,0.9871794581413269,0.9669537544250488
YNL329C,YBL026W,0,-0.43599853,0.09392005950212479,0.9871794581413269,0.9670538902282715
YGR262C,YGR076C,0,-0.43603516,0.09391124546527863,0.9871794581413269,0.9671540260314941
YBR022W,YLR450W,0,-0.43621352,0.09390243887901306,0.9871794581413269,0.9672541618347168
YOR374W,YDR389W,0,-0.43630564,0.0938936322927475,0.9871794581413269,0.9673542976379395
YKL096W,YHR196W,0,-0.4364653,0.09388482570648193,0.9871794581413269,0.9674544334411621
YGR033C,YAL060W,0,-0.4364909,0.09387601912021637,0.9871794581413269,0.9675545692443848
YBR228W,YAL020C,0,-0.4367745,0.0938672199845314,0.9871794581413269,0.9676547050476074
YNL126W,YML118W,0,-0.43694746,0.09385841339826584,0.9871794581413269,0.9677548408508301
YJR007W,YIR012W,0,-0.43758553,0.09384961426258087,0.9871794581413269,0.9678549766540527
YPL256C,YER086W,0,-0.43806836,0.0938408151268959,0.9871794581413269,0.9679551124572754
YDR211W,YDR130C,0,-0.43836957,0.09383202344179153,0.9871794581413269,0.968055248260498
YOL028C,YML030W,0,-0.43884635,0.09382322430610657,0.9871794581413269,0.9681554436683655
YLR208W,YOR285W,0,-0.43889877,0.0938144326210022,0.9871794581413269,0.9682555794715881
YJL014W,YOL027C,0,-0.4397034,0.09380564093589783,0.9871794581413269,0.9683557152748108
YDL198C,YJL122W,0,-0.43978098,0.09379684925079346,0.9871794581413269,0.9684558510780334
YLR225C,YBR290W,0,-0.4402417,0.09378806501626968,0.9871794581413269,0.9685559868812561
YMR121C,YLR378C,0,-0.44030672,0.09377927333116531,0.9871794581413269,0.9686561226844788
YIL040W,YDR167W,0,-0.44031543,0.09377048909664154,0.9871794581413269,0.9687562584877014
YNL163C,YOL008W,0,-0.44123963,0.09376170486211777,0.9871794581413269,0.9688563942909241
YPR011C,YOR131C,0,-0.44227993,0.09375292807817459,0.9871794581413269,0.9689565300941467
YAL042W,YNR050C,0,-0.4431634,0.09374414384365082,0.9871794581413269,0.9690566658973694
YGL022W,YPR028W,0,-0.44373274,0.09373536705970764,0.9871794581413269,0.969156801700592
YLL010C,YMR184W,0,-0.44414565,0.09372659027576447,0.9871794581413269,0.9692569375038147
YCR033W,YJR133W,0,-0.44418383,0.09371781349182129,0.9871794581413269,0.9693570733070374
YKR008W,YBL092W,0,-0.44439772,0.09370904415845871,0.9871794581413269,0.9694572687149048
YMR104C,YOL021C,0,-0.44441998,0.09370027482509613,0.9871794581413269,0.9695574045181274
YLR244C,YJL177W,0,-0.4448883,0.09369149804115295,0.9871794581413269,0.9696575403213501
YBL067C,YDR451C,0,-0.44524485,0.09368273615837097,0.9871794581413269,0.9697576761245728
YDL165W,YAL053W,0,-0.4455405,0.09367396682500839,0.9871794581413269,0.9698578119277954
YNL001W,YDR279W,1,-0.44625407,0.09375876933336258,0.9881656765937805,0.9698578119277954
YOL033W,YMR013C,0,-0.44626933,0.09375,0.9881656765937805,0.9699579477310181
YJL165C,YPL217C,0,-0.44678146,0.09374123066663742,0.9881656765937805,0.9700580835342407
YER027C,YLR204W,0,-0.44692963,0.09373246133327484,0.9881656765937805,0.9701582193374634
YJR031C,YGL026C,0,-0.4471268,0.09372369199991226,0.9881656765937805,0.970258355140686
YLR394W,YJL139C,0,-0.44716159,0.09371493011713028,0.9881656765937805,0.9703584909439087
YDR126W,YNL050C,0,-0.44743162,0.0937061607837677,0.9881656765937805,0.9704586267471313
YLR394W,YCL047C,0,-0.44743645,0.09369739890098572,0.9881656765937805,0.970558762550354
YGR090W,YGL256W,0,-0.44744572,0.09368863701820374,0.9881656765937805,0.9706588983535767
YOR251C,YOL142W,0,-0.447499,0.09367988258600235,0.9881656765937805,0.9707590341567993
YFL029C,YOR326W,0,-0.4484529,0.09367112070322037,0.9881656765937805,0.9708592295646667
YER042W,YDR520C,0,-0.4487573,0.09366236627101898,0.9881656765937805,0.9709593653678894
YKR080W,YJL093C,0,-0.44888282,0.0936536118388176,0.9881656765937805,0.9710595011711121
YGR285C,YOR230W,0,-0.44916713,0.09364485740661621,0.9881656765937805,0.9711596369743347
YMR239C,YML118W,1,-0.4491836,0.09372955560684204,0.9891518950462341,0.9711596369743347
YOR332W,YBR008C,0,-0.449345,0.09372080117464066,0.9891518950462341,0.9712597727775574
YGR227W,YHR008C,0,-0.44959795,0.09371204674243927,0.9891518950462341,0.97135990858078
YBR088C,YIL158W,0,-0.4499341,0.09370328485965729,0.9891518950462341,0.9714600443840027
YCR088W,YHR046C,0,-0.44994926,0.0936945378780365,0.9891518950462341,0.9715601801872253
YDR294C,YOL127W,0,-0.45041263,0.09368578344583511,0.9891518950462341,0.971660315990448
YOR171C,YNL014W,0,-0.4506767,0.09367703646421432,0.9891518950462341,0.9717604517936707
YOL120C,YEL009C,0,-0.45087934,0.09366828203201294,0.9891518950462341,0.9718605875968933
YBR022W,YBR030W,0,-0.45139307,0.09365953505039215,0.9891518950462341,0.971960723400116
YNL075W,YNL096C,0,-0.45188832,0.09365079551935196,0.9891518950462341,0.9720608592033386
YNL186W,YOL008W,0,-0.45199883,0.09364204853773117,0.9891518950462341,0.972161054611206
YFL004W,YGL079W,0,-0.4522,0.09363330900669098,0.9891518950462341,0.9722611904144287
YDR306C,YHR129C,0,-0.45236978,0.09362456947565079,0.9891518950462341,0.9723613262176514
YOL110W,YJR121W,0,-0.45246923,0.0936158299446106,0.9891518950462341,0.972461462020874
YNL080C,YHR076W,0,-0.45268822,0.0936070904135704,0.9891518950462341,0.9725615978240967
YBR290W,YMR211W,0,-0.4530431,0.09359835833311081,0.9891518950462341,0.9726617336273193
YER013W,YPR024W,0,-0.45311797,0.09358962625265121,0.9891518950462341,0.972761869430542
YMR314W,YGR175C,0,-0.45345056,0.09358089417219162,0.9891518950462341,0.9728620052337646
YCL018W,YKR087C,0,-0.4541885,0.09357216209173203,0.9891518950462341,0.9729621410369873
YNL231C,YDR062W,0,-0.45472133,0.09356343001127243,0.9891518950462341,0.97306227684021
YLR430W,YLR410W,0,-0.45477808,0.09355470538139343,0.9891518950462341,0.9731624126434326
YDL174C,YBR057C,0,-0.45491493,0.09354598075151443,0.9891518950462341,0.9732625484466553
YER164W,YBL078C,0,-0.45544785,0.09353725612163544,0.9891518950462341,0.9733626842498779
YNL005C,YAL020C,0,-0.45674354,0.09352853149175644,0.9891518950462341,0.9734628200531006
YBR273C,YDL111C,0,-0.45746213,0.09351981431245804,0.9891518950462341,0.973563015460968
YOR229W,YMR150C,0,-0.45758647,0.09351109713315964,0.9891518950462341,0.9736631512641907
YDL168W,YBR170C,0,-0.45814228,0.09350237995386124,0.9891518950462341,0.9737632870674133
YOR209C,YNL010W,0,-0.45865917,0.09349366277456284,0.9891518950462341,0.973863422870636
YPL230W,YOL031C,0,-0.45918924,0.09348494559526443,0.9891518950462341,0.9739635586738586
YDR182W,YOR181W,0,-0.45929915,0.09347623586654663,0.9891518950462341,0.9740636944770813
YMR251W-A,YIL112W,0,-0.459611,0.09346752613782883,0.9891518950462341,0.974163830280304
YML095C,YDR173C,0,-0.45998013,0.09345881640911102,0.9891518950462341,0.9742639660835266
YDR456W,YOL112W,0,-0.46242788,0.09345010668039322,0.9891518950462341,0.9743641018867493
YHR057C,YLR208W,0,-0.4627735,0.09344140440225601,0.9891518950462341,0.9744642376899719
YOR159C,YPL153C,0,-0.46333602,0.09343269467353821,0.9891518950462341,0.9745643734931946
YPL188W,YPR189W,0,-0.4633766,0.093423992395401,0.9891518950462341,0.9746645092964172
YAL058W,YBR080C,0,-0.4634139,0.0934152901172638,0.9891518950462341,0.9747646450996399
YDR194C,YJR007W,0,-0.46362254,0.09340659528970718,0.9891518950462341,0.9748648405075073
YDR238C,YBR253W,0,-0.4637932,0.09339789301156998,0.9891518950462341,0.97496497631073
YPL157W,YDR387C,0,-0.46460956,0.09338919818401337,0.9891518950462341,0.9750651121139526
YBR126C,YDR159W,0,-0.46481076,0.09338050335645676,0.9891518950462341,0.9751652479171753
YBL055C,YMR234W,1,-0.46503994,0.09346490353345871,0.990138053894043,0.9751652479171753
YBR057C,YIL162W,0,-0.4654292,0.0934562012553215,0.990138053894043,0.975265383720398
YJL082W,YJR021C,0,-0.4656291,0.09344750642776489,0.990138053894043,0.9753655195236206
YNL015W,YGL185C,0,-0.4658293,0.09343881160020828,0.990138053894043,0.9754656553268433
YJR027W,YJR006W,1,-0.46650288,0.09352317452430725,0.9911242723464966,0.9754656553268433
YCL057W,YLR319C,0,-0.46650553,0.09351447224617004,0.9911242723464966,0.9755657911300659
YMR083W,YMR260C,0,-0.4674383,0.09350576996803284,0.9911242723464966,0.9756659269332886
YDL185W,YDR478W,1,-0.46773875,0.09359010308980942,0.9921104311943054,0.9756659269332886
YDL201W,YNR036C,0,-0.46788287,0.09358139336109161,0.9921104311943054,0.9757660627365112
YLL015W,YBL082C,0,-0.4683727,0.0935726910829544,0.9921104311943054,0.9758661985397339
YLR028C,YOR205C,0,-0.4686288,0.0935639888048172,0.9921104311943054,0.9759663343429565
YOR231W,YOR290C,0,-0.46886286,0.09355528652667999,0.9921104311943054,0.9760664701461792
YAL053W,YPR118W,0,-0.46989876,0.09354658424854279,0.9921104311943054,0.9761666059494019
YLL054C,YOL065C,0,-0.46998042,0.09353788942098618,0.9921104311943054,0.9762668013572693
YOR327C,YMR292W,0,-0.4702913,0.09352919459342957,0.9921104311943054,0.9763669371604919
YBR097W,YLR208W,0,-0.4707846,0.09352049976587296,0.9921104311943054,0.9764670729637146
YFR019W,YBR227C,0,-0.47107255,0.09351180493831635,0.9921104311943054,0.9765672087669373
YJR056C,YHR017W,0,-0.4711263,0.09350311011075974,0.9921104311943054,0.9766673445701599
YDR506C,YHR094C,0,-0.47185713,0.09349442273378372,0.9921104311943054,0.9767674803733826
YNR017W,YPR111W,0,-0.47210795,0.09348573535680771,0.9921104311943054,0.9768676161766052
YDL185W,YDL111C,1,-0.47392604,0.09356997162103653,0.993096649646759,0.9768676161766052
YFR004W,YDR093W,0,-0.4741389,0.09356127679347992,0.993096649646759,0.9769677519798279
YCR037C,YER164W,0,-0.47445348,0.09355258196592331,0.993096649646759,0.9770678877830505
YDR346C,YLR372W,0,-0.4750926,0.0935438945889473,0.993096649646759,0.9771680235862732
YBR241C,YMR161W,0,-0.47777456,0.09353519976139069,0.993096649646759,0.9772681593894958
YOR085W,YDR167W,0,-0.4777761,0.09352651983499527,0.993096649646759,0.9773682951927185
YDR079W,YML064C,0,-0.4784178,0.09351783245801926,0.993096649646759,0.9774684309959412
YBR087W,YKR071C,0,-0.48080677,0.09350914508104324,0.993096649646759,0.9775685667991638
YMR068W,YLR381W,0,-0.48143208,0.09350046515464783,0.993096649646759,0.9776687622070312
YGR209C,YGR162W,0,-0.48147637,0.09349178522825241,0.993096649646759,0.9777688980102539
YOR168W,YJL191W,0,-0.48155817,0.093483105301857,0.993096649646759,0.9778690338134766
YIL111W,YGL095C,0,-0.48162842,0.09347442537546158,0.993096649646759,0.9779691696166992
YOR190W,YKL078W,0,-0.4824596,0.09346575289964676,0.993096649646759,0.9780693054199219
YML116W,YPR006C,0,-0.48260242,0.09345707297325134,0.993096649646759,0.9781694412231445
YIL049W,YBL069W,0,-0.48309666,0.09344840049743652,0.993096649646759,0.9782695770263672
YLR394W,YBL010C,0,-0.48318696,0.0934397354722023,0.993096649646759,0.9783697128295898
YNL186W,YOR329C,0,-0.483656,0.09343106299638748,0.993096649646759,0.9784698486328125
YPL007C,YJR093C,0,-0.48422486,0.09342239797115326,0.993096649646759,0.9785699844360352
YNR023W,YPL113C,0,-0.4844681,0.09341372549533844,0.993096649646759,0.9786701202392578
YMR145C,YJL129C,0,-0.48479187,0.09340506792068481,0.993096649646759,0.9787702560424805
YMR019W,YLR144C,0,-0.48482984,0.09339640289545059,0.993096649646759,0.9788703918457031
YJL102W,YPL158C,0,-0.48609722,0.09338773787021637,0.993096649646759,0.9789705872535706
YOL010W,YNR021W,0,-0.48667893,0.09337908029556274,0.993096649646759,0.9790707230567932
YDR254W,YOL031C,0,-0.4867565,0.09337042272090912,0.993096649646759,0.9791708588600159
YGR199W,YOL006C,0,-0.48700935,0.0933617651462555,0.993096649646759,0.9792709946632385
YGR095C,YPL098C,0,-0.4878128,0.09335310757160187,0.993096649646759,0.9793711304664612
YMR116C,YDL108W,0,-0.48800895,0.09334445744752884,0.993096649646759,0.9794712662696838
YNL264C,YDR242W,0,-0.488118,0.09333580732345581,0.993096649646759,0.9795714020729065
YOL111C,YPL266W,0,-0.48882717,0.09332715719938278,0.993096649646759,0.9796715378761292
YFL044C,YIL016W,0,-0.48939198,0.09331850707530975,0.993096649646759,0.9797716736793518
YIL128W,YOR039W,0,-0.48980963,0.09330985695123672,0.993096649646759,0.9798718094825745
YNL336W,YPR127W,0,-0.49021173,0.0933012142777443,0.993096649646759,0.9799719452857971
YER144C,YDR347W,0,-0.49138337,0.09329257160425186,0.993096649646759,0.9800720810890198
YJR001W,YPR187W,0,-0.49152583,0.09328392893075943,0.993096649646759,0.9801722168922424
YGL236C,YBR088C,0,-0.4915837,0.093275286257267,0.993096649646759,0.9802723526954651
YOR217W,YOR326W,0,-0.4917568,0.09326665103435516,0.993096649646759,0.9803725481033325
YEL037C,YGL086W,0,-0.49382073,0.09325800836086273,0.993096649646759,0.9804726839065552
YKR094C,YHR216W,0,-0.4940626,0.0932493731379509,0.993096649646759,0.9805728197097778
YMR059W,YNL072W,1,-0.4944547,0.09333333373069763,0.9940828680992126,0.9805728197097778
YER103W,YCL055W,0,-0.49603075,0.0933246910572052,0.9940828680992126,0.9806729555130005
YDR293C,YAR015W,0,-0.49604478,0.09331605583429337,0.9940828680992126,0.9807730913162231
YER070W,YOR233W,0,-0.49643624,0.09330741316080093,0.9940828680992126,0.9808732271194458
YOL125W,YKL195W,0,-0.49817696,0.0932987779378891,0.9940828680992126,0.9809733629226685
YNL001W,YBR068C,0,-0.49817893,0.09329014271497726,0.9940828680992126,0.9810734987258911
YEL037C,YGL097W,0,-0.49853936,0.09328150749206543,0.9940828680992126,0.9811736345291138
YCR002C,YAL014C,0,-0.49917528,0.09327287971973419,0.9940828680992126,0.9812737703323364
YMR246W,YBR276C,0,-0.4993841,0.09326425194740295,0.9940828680992126,0.9813739061355591
YAL023C,YML080W,0,-0.4995365,0.09325561672449112,0.9940828680992126,0.9814740419387817
YPL065W,YNL256W,0,-0.49965143,0.09324699640274048,0.9940828680992126,0.9815741777420044
YKL176C,YGL162W,0,-0.49984717,0.09323836863040924,0.9940828680992126,0.9816743731498718
YKR050W,YPL172C,0,-0.50064903,0.0932297483086586,0.9940828680992126,0.9817745089530945
YIL109C,YAL020C,0,-0.5011977,0.09322112053632736,0.9940828680992126,0.9818746447563171
YGR194C,YGL003C,0,-0.5017642,0.09321250021457672,0.9940828680992126,0.9819747805595398
YOR138C,YIL109C,0,-0.5030864,0.09320387989282608,0.9940828680992126,0.9820749163627625
YDL168W,YDL212W,0,-0.50396895,0.09319526702165604,0.9940828680992126,0.9821750521659851
YCR052W,YGL113W,0,-0.50423723,0.09318665415048599,0.9940828680992126,0.9822751879692078
YDL040C,YIL039W,0,-0.5042794,0.09317803382873535,0.9940828680992126,0.9823753237724304
YDR423C,YGL172W,0,-0.5049447,0.09316942095756531,0.9940828680992126,0.9824754595756531
YCR094W,YDR316W,0,-0.50548536,0.09316081553697586,0.9940828680992126,0.9825755953788757
YDR245W,YBR129C,0,-0.5072464,0.09315220266580582,0.9940828680992126,0.9826757311820984
YER065C,YDR288W,0,-0.50777304,0.09314359724521637,0.9940828680992126,0.982775866985321
YER091C,YJR060W,0,-0.508003,0.09313499182462692,0.9940828680992126,0.9828760027885437
YFR042W,YGL086W,0,-0.50821656,0.09312638640403748,0.9940828680992126,0.9829761385917664
YJR029W,YML045W,1,-0.50848687,0.09321016073226929,0.9950690269470215,0.9829761385917664
YDR055W,YGL026C,0,-0.50867265,0.09320155531167984,0.9950690269470215,0.9830763339996338
YOL003C,YPL095C,0,-0.5114234,0.0931929424405098,0.9950690269470215,0.9831764698028564
YGL130W,YPR030W,0,-0.5117044,0.09318433701992035,0.9950690269470215,0.9832766056060791
YKL021C,YML008C,0,-0.51171356,0.0931757315993309,0.9950690269470215,0.9833767414093018
YOR035C,YLR035C,0,-0.51222503,0.09316712617874146,0.9950690269470215,0.9834768772125244
YPL134C,YKL176C,0,-0.5130918,0.0931585282087326,0.9950690269470215,0.9835770130157471
YKR024C,YJL091C,0,-0.51396996,0.09314992278814316,0.9950690269470215,0.9836771488189697
YER082C,YGL259W,0,-0.5146046,0.09314132481813431,0.9950690269470215,0.9837772846221924
YKR006C,YKR071C,0,-0.514982,0.09313272684812546,0.9950690269470215,0.983877420425415
YDR472W,YER030W,0,-0.5153301,0.0931241363286972,0.9950690269470215,0.9839775562286377
YPL031C,YGL185C,0,-0.5156709,0.09311553835868835,0.9950690269470215,0.9840776920318604
YML063W,YBR142W,0,-0.5161937,0.0931069478392601,0.9950690269470215,0.984177827835083
YLR142W,YDR260C,0,-0.51651657,0.09309835731983185,0.9950690269470215,0.9842779636383057
YGR037C,YDL225W,0,-0.51710093,0.0930897668004036,0.9950690269470215,0.9843781590461731
YML085C,YNL058C,0,-0.5182562,0.09308118373155594,0.9950690269470215,0.9844782948493958
YDR231C,YJL176C,0,-0.5185467,0.09307259321212769,0.9950690269470215,0.9845784306526184
YPL155C,YGL026C,0,-0.5191468,0.09306401014328003,0.9950690269470215,0.9846785664558411
YNR023W,YHL004W,0,-0.51975477,0.09305542707443237,0.9950690269470215,0.9847787022590637
YLR318W,YJR021C,0,-0.52065873,0.09304684400558472,0.9950690269470215,0.9848788380622864
YGR186W,YPL081W,0,-0.5208663,0.09303826838731766,0.9950690269470215,0.984978973865509
YMR049C,YBR265W,0,-0.5211333,0.09302968531847,0.9950690269470215,0.9850791096687317
YPR035W,YOL158C,0,-0.52131027,0.09302110970020294,0.9950690269470215,0.9851792454719543
YLR396C,YBR278W,0,-0.521318,0.09301253408193588,0.9950690269470215,0.985279381275177
YOR208W,YBR251W,0,-0.52142763,0.09300396591424942,0.9950690269470215,0.9853795170783997
YLR014C,YPL027W,0,-0.5217134,0.09299539029598236,0.9950690269470215,0.9854796528816223
YMR079W,YIL158W,0,-0.521772,0.0929868221282959,0.9950690269470215,0.985579788684845
YHR098C,YJR077C,0,-0.52302563,0.09297825396060944,0.9950690269470215,0.9856799244880676
YBR077C,YLR130C,0,-0.5230946,0.09296968579292297,0.9950690269470215,0.9857801198959351
YJL044C,YFR009W,0,-0.5239183,0.09296111762523651,0.9950690269470215,0.9858802556991577
YEL047C,YPR118W,0,-0.52541584,0.09295255690813065,0.9950690269470215,0.9859803915023804
YKR042W,YGR234W,0,-0.52549946,0.09294399619102478,0.9950690269470215,0.986080527305603
YJR138W,YJR090C,0,-0.52555794,0.09293543547391891,0.9950690269470215,0.9861806631088257
YNL310C,YBR176W,0,-0.525576,0.09292687475681305,0.9950690269470215,0.9862807989120483
YOR095C,YIL127C,0,-0.5258248,0.09291831403970718,0.9950690269470215,0.986380934715271
YDR436W,YOL064C,0,-0.5273805,0.09290976077318192,0.9950690269470215,0.9864810705184937
YEL047C,YJR057W,0,-0.52768594,0.09290120750665665,0.9950690269470215,0.9865812063217163
YBR155W,YDL193W,0,-0.5281985,0.09289265424013138,0.9950690269470215,0.986681342124939
YOR232W,YDR233C,0,-0.528481,0.09288410097360611,0.9950690269470215,0.9867814779281616
YJL034W,YJR040W,0,-0.5286516,0.09287555515766144,0.9950690269470215,0.9868816137313843
YER048C,YMR071C,0,-0.5293324,0.09286700189113617,0.9950690269470215,0.9869817495346069
YOL003C,YBL069W,0,-0.5295439,0.0928584560751915,0.9950690269470215,0.9870818853378296
YLR278C,YNL005C,0,-0.5305257,0.09284991025924683,0.9950690269470215,0.987182080745697
YNL185C,YOR206W,0,-0.5311918,0.09284137189388275,0.9950690269470215,0.9872822165489197
YHR098C,YKL137W,0,-0.53209585,0.09283282607793808,0.9950690269470215,0.9873823523521423
YGL187C,YER019C-A,0,-0.5325553,0.092824287712574,0.9950690269470215,0.987482488155365
YOR209C,YDL164C,0,-0.53408515,0.09281574934720993,0.9950690269470215,0.9875826239585876
YOL145C,YJR101W,0,-0.53429294,0.09280721098184586,0.9950690269470215,0.9876827597618103
YDR050C,YGR192C,0,-0.53464097,0.09279867261648178,0.9950690269470215,0.987782895565033
YER110C,YCR068W,0,-0.53553396,0.0927901417016983,0.9950690269470215,0.9878830313682556
YPL103C,YBR081C,0,-0.53607005,0.09278161078691483,0.9950690269470215,0.9879831671714783
YMR058W,YGR029W,0,-0.5375978,0.09277307987213135,0.9950690269470215,0.9880833029747009
YLR222C,YCR069W,0,-0.5396245,0.09276454895734787,0.9950690269470215,0.9881834387779236
YNL301C,YNL151C,0,-0.53979933,0.09275601804256439,0.9950690269470215,0.9882835745811462
YLR020C,YER154W,0,-0.5415187,0.09274749457836151,0.9950690269470215,0.9883837103843689
YKR055W,YKL028W,0,-0.5417993,0.09273897111415863,0.9950690269470215,0.9884839057922363
YHR084W,YJR099W,0,-0.5421159,0.09273044764995575,0.9950690269470215,0.988584041595459
YOL041C,YDR536W,0,-0.54316276,0.09272192418575287,0.9950690269470215,0.9886841773986816
YGL014W,YEL056W,0,-0.5434584,0.09271340817213058,0.9950690269470215,0.9887843132019043
YOR017W,YOR073W,0,-0.5435367,0.0927048847079277,0.9950690269470215,0.988884449005127
YJL187C,YGL161C,0,-0.54656476,0.09269636869430542,0.9950690269470215,0.9889845848083496
YBR267W,YCR034W,0,-0.54758537,0.09268785268068314,0.9950690269470215,0.9890847206115723
YGL200C,YGR199W,0,-0.54785174,0.09267934411764145,0.9950690269470215,0.9891848564147949
YDR226W,YHL001W,0,-0.54839456,0.09267082810401917,0.9950690269470215,0.9892849922180176
YJL060W,YBL102W,0,-0.54892313,0.09266231954097748,0.9950690269470215,0.9893851280212402
YGL099W,YCR097W,0,-0.5502113,0.09265381097793579,0.9950690269470215,0.9894852638244629
YDR163W,YNL307C,0,-0.5515944,0.0926453024148941,0.9950690269470215,0.9895853996276855
YMR092C,YML048W,0,-0.5518819,0.09263680130243301,0.9950690269470215,0.9896855354309082
YMR039C,YKL011C,0,-0.5521219,0.09262829273939133,0.9950690269470215,0.9897856712341309
YKR008W,YAL008W,0,-0.5521889,0.09261979162693024,0.9950690269470215,0.9898858666419983
YDL097C,YJL128C,0,-0.55323875,0.09261129051446915,0.9950690269470215,0.989986002445221
YBR135W,YDR481C,0,-0.554479,0.09260278940200806,0.9950690269470215,0.9900861382484436
YJL164C,YLR117C,0,-0.555443,0.09259428828954697,0.9950690269470215,0.9901862740516663
YMR024W,YNL050C,0,-0.5556122,0.09258579462766647,0.9950690269470215,0.9902864098548889
YMR020W,YHR104W,0,-0.5562707,0.09257730096578598,0.9950690269470215,0.9903865456581116
YML074C,YDR064W,0,-0.5565379,0.09256880730390549,0.9950690269470215,0.9904866814613342
YJR029W,YJR130C,0,-0.5573021,0.092560313642025,0.9950690269470215,0.9905868172645569
YCL036W,YOR206W,0,-0.5585382,0.0925518274307251,0.9950690269470215,0.9906869530677795
YER052C,YER147C,0,-0.5596428,0.0925433337688446,0.9950690269470215,0.9907870888710022
YKL165C,YBL068W,0,-0.56028146,0.09253484755754471,0.9950690269470215,0.9908872246742249
YDL045C,YHR082C,0,-0.56179357,0.09252636134624481,0.9950690269470215,0.9909873604774475
YNL115C,YDR389W,0,-0.5620268,0.09251788258552551,0.9950690269470215,0.9910874962806702
YFL054C,YBR008C,0,-0.56224084,0.09250939637422562,0.9950690269470215,0.9911876916885376
YBR264C,YML106W,0,-0.56362563,0.09250091761350632,0.9950690269470215,0.9912878274917603
YOR209C,YOL120C,0,-0.5643476,0.09249243885278702,0.9950690269470215,0.9913879632949829
YJL034W,YPR024W,0,-0.56577533,0.09248396009206772,0.9950690269470215,0.9914880990982056
YLR314C,YFL038C,0,-0.56770974,0.09247548133134842,0.9950690269470215,0.9915882349014282
YAL055W,YDR239C,0,-0.56841666,0.09246701002120972,0.9950690269470215,0.9916883707046509
YKL001C,YBR265W,0,-0.5689838,0.09245853871107101,0.9950690269470215,0.9917885065078735
YBR236C,YFL038C,0,-0.5694505,0.09245006740093231,0.9950690269470215,0.9918886423110962
YER020W,YPR049C,0,-0.5700526,0.09244159609079361,0.9950690269470215,0.9919887781143188
YGR220C,YCR034W,0,-0.5706687,0.09243312478065491,0.9950690269470215,0.9920889139175415
YGL048C,YPL268W,0,-0.5708121,0.0924246609210968,0.9950690269470215,0.9921890497207642
YDR318W,YDR481C,0,-0.571442,0.0924161970615387,0.9950690269470215,0.9922891855239868
YNL121C,YBL027W,0,-0.5716134,0.09240773320198059,0.9950690269470215,0.9923893213272095
YGR241C,YDR541C,0,-0.57208353,0.09239926934242249,0.9950690269470215,0.9924894571304321
YJR006W,YBL098W,0,-0.57209486,0.09239080548286438,0.9950690269470215,0.9925896525382996
YDL201W,YGR214W,0,-0.5747717,0.09238234907388687,0.9950690269470215,0.9926897883415222
YMR163C,YJL139C,0,-0.57557535,0.09237389266490936,0.9950690269470215,0.9927899241447449
YAL021C,YDR027C,0,-0.57697594,0.09236543625593185,0.9950690269470215,0.9928900599479675
YLR237W,YBL075C,0,-0.5782155,0.09235697984695435,0.9950690269470215,0.9929901957511902
YMR217W,YHR085W,0,-0.582226,0.09234852343797684,0.9950690269470215,0.9930903315544128
YPL098C,YGL213C,0,-0.58255976,0.09234007447957993,0.9950690269470215,0.9931904673576355
YDR026C,YHR046C,0,-0.58337337,0.09233162552118301,0.9950690269470215,0.9932906031608582
YIR033W,YBR035C,0,-0.58511496,0.0923231765627861,0.9950690269470215,0.9933907389640808
YMR039C,YER112W,0,-0.58527684,0.09231472760438919,0.9950690269470215,0.9934908747673035
YDR337W,YDL127W,0,-0.5853229,0.09230628609657288,0.9950690269470215,0.9935910105705261
YBL022C,YNL232W,0,-0.5875718,0.09229784458875656,0.9950690269470215,0.9936911463737488
YER087C-A,YGL099W,0,-0.58783877,0.09228939563035965,0.9950690269470215,0.9937912821769714
YDR051C,YPR011C,0,-0.588328,0.09228096157312393,0.9950690269470215,0.9938914775848389
YER122C,YMR134W,0,-0.5887978,0.09227252006530762,0.9950690269470215,0.9939916133880615
YML054C,YNL163C,0,-0.5902525,0.0922640785574913,0.9950690269470215,0.9940917491912842
YNL264C,YBL103C,0,-0.59062856,0.09225564450025558,0.9950690269470215,0.9941918849945068
YPL134C,YMR128W,0,-0.5934397,0.09224721044301987,0.9950690269470215,0.9942920207977295
YJL140W,YOL147C,0,-0.59426105,0.09223877638578415,0.9950690269470215,0.9943921566009521
YLR353W,YBL082C,0,-0.5954131,0.09223034977912903,0.9950690269470215,0.9944922924041748
YDR429C,YEL009C,0,-0.6000736,0.09222191572189331,0.9950690269470215,0.9945924282073975
YKL188C,YLR297W,0,-0.6008297,0.09221348911523819,0.9950690269470215,0.9946925640106201
YJR027W,YJR029W,1,-0.6038871,0.09229644387960434,0.9960552453994751,0.9946925640106201
YDL109C,YDR208W,0,-0.6039853,0.09228800982236862,0.9960552453994751,0.9947926998138428
YJL172W,YNR046W,0,-0.6040184,0.0922795832157135,0.9960552453994751,0.9948928356170654
YPR166C,YGL185C,0,-0.60552,0.09227114915847778,0.9960552453994751,0.9949929714202881
YLR074C,YFL004W,0,-0.60656387,0.09226272255182266,0.9960552453994751,0.9950931072235107
YOR180C,YNL099C,0,-0.6090692,0.09225429594516754,0.9960552453994751,0.9951932430267334
YKL160W,YGR279C,0,-0.609563,0.09224586933851242,0.9960552453994751,0.9952934384346008
YNR012W,YPR184W,0,-0.61180556,0.0922374427318573,0.9960552453994751,0.9953935742378235
YER082C,YHL032C,0,-0.61199826,0.09222902357578278,0.9960552453994751,0.9954937100410461
YDR486C,YNL298W,0,-0.61442816,0.09222059696912766,0.9960552453994751,0.9955938458442688
YKR013W,YDR226W,0,-0.6147209,0.09221217781305313,0.9960552453994751,0.9956939816474915
YMR184W,YHL007C,0,-0.6166271,0.09220375865697861,0.9960552453994751,0.9957941174507141
YOL137W,YCR004C,0,-0.61815286,0.09219534695148468,0.9960552453994751,0.9958942532539368
YDL148C,YJR034W,0,-0.6208856,0.09218692779541016,0.9960552453994751,0.9959943890571594
YDL007W,YNR036C,0,-0.62110656,0.09217851608991623,0.9960552453994751,0.9960945248603821
YOL147C,YNL311C,0,-0.6231073,0.0921701043844223,0.9960552453994751,0.9961946606636047
YER113C,YIL108W,0,-0.6270928,0.09216169267892838,0.9960552453994751,0.9962947964668274
YKR024C,YNR061C,0,-0.6285752,0.09215328097343445,0.9960552453994751,0.99639493227005
YER154W,YNL096C,0,-0.6291626,0.09214487671852112,0.9960552453994751,0.9964950680732727
YDL185W,YDR279W,1,-0.63108754,0.09222769737243652,0.9970414042472839,0.9964950680732727
YMR287C,YAL015C,1,-0.6314441,0.09231049567461014,0.9980276226997375,0.9964950680732727
YMR135C,YNL101W,0,-0.63145053,0.09230207651853561,0.9980276226997375,0.9965952038764954
YLR048W,YLR342W,0,-0.63262725,0.09229366481304169,0.9980276226997375,0.9966953992843628
YOR246C,YOL123W,0,-0.63302195,0.09228524565696716,0.9980276226997375,0.9967955350875854
YLR079W,YKL020C,0,-0.6339128,0.09227683395147324,0.9980276226997375,0.9968956708908081
YBR158W,YIL142W,0,-0.6368582,0.09226841479539871,0.9980276226997375,0.9969958066940308
YNR045W,YBR155W,0,-0.6371635,0.09226000308990479,0.9980276226997375,0.9970959424972534
YOR173W,YIL135C,0,-0.6452554,0.09225159883499146,0.9980276226997375,0.9971960783004761
YAR014C,YBR014C,0,-0.6483789,0.09224318712949753,0.9980276226997375,0.9972962141036987
YGL095C,YJR126C,0,-0.6604808,0.0922347828745842,0.9980276226997375,0.9973963499069214
YNL026W,YDR326C,0,-0.66959345,0.09222637116909027,0.9980276226997375,0.997496485710144
YDR368W,YDR266C,0,-0.67076826,0.09221796691417694,0.9980276226997375,0.9975966215133667
YBR104W,YPL230W,0,-0.67161673,0.09220957010984421,0.9980276226997375,0.9976967573165894
YGR029W,YNR013C,0,-0.6751393,0.09220116585493088,0.9980276226997375,0.997796893119812
YGR282C,YER052C,0,-0.68602806,0.09219276905059814,0.9980276226997375,0.9978970289230347
YER126C,YLR344W,0,-0.6878751,0.09218437224626541,0.9980276226997375,0.9979972243309021
YHR069C,YBR223C,1,-0.6879567,0.09226705878973007,0.9990137815475464,0.9979972243309021
YJL213W,YER175C,0,-0.69453174,0.09225865453481674,0.9990137815475464,0.9980973601341248
YBR167C,YOR039W,0,-0.69539857,0.09225025027990341,0.9990137815475464,0.9981974959373474
YPL128C,YOR175C,0,-0.697401,0.09224185347557068,0.9990137815475464,0.9982976317405701
YPR005C,YER119C,0,-0.69740444,0.09223344922065735,0.9990137815475464,0.9983977675437927
YPR043W,YLR325C,0,-0.6979118,0.09222505241632462,0.9990137815475464,0.9984979033470154
YHR034C,YHR029C,0,-0.69988143,0.09221665561199188,0.9990137815475464,0.998598039150238
YMR079W,YDL099W,0,-0.7001616,0.09220826625823975,0.9990137815475464,0.9986981749534607
YAL029C,YER170W,0,-0.7141012,0.09219986945390701,0.9990137815475464,0.9987983107566833
YAL021C,YNL102W,1,-0.72554207,0.0922824889421463,1.0,0.9987983107566833
YML051W,YOR175C,0,-0.7377684,0.09227409213781357,1.0,0.998898446559906
YDR424C,YNL256W,0,-0.7459302,0.09226569533348083,1.0,0.9989985823631287
YOL041C,YML132W,0,-0.7460705,0.0922572985291481,1.0,0.9990987181663513
YPL252C,YIL110W,0,-0.7590314,0.09224890917539597,1.0,0.999198853969574
YBR074W,YBR083W,0,-0.7636781,0.09224051982164383,1.0,0.9992989897727966
YPR190C,YNR022C,0,-0.77151394,0.0922321230173111,1.0,0.9993991851806641
YHR147C,YGL130W,0,-0.77369213,0.09222374111413956,1.0,0.9994993209838867
YNL256W,YPL227C,0,-0.78575546,0.09221535176038742,1.0,0.9995994567871094
YLL034C,YER056C-A,0,-0.8044841,0.09220696240663528,1.0,0.999699592590332
YML132W,YPL086C,0,-0.82192767,0.09219858050346375,1.0,0.9997997283935547
YGR280C,YBR205W,0,-0.8552595,0.0921901986002922,1.0,0.9998998641967773
YMR238W,YOL097C,0,-0.87436676,0.09218181669712067,1.0,1.0
