Gene A,Gene B,Label,Score,Precision,Recall,False Positive Rate
YGR034W,YGR080W,0,-0.4506663,0.0,0.0,0.0005263157654553652
YPL273W,YGL077C,0,-0.5559211,0.0,0.0,0.0010526315309107304
YMR001C,YLL061W,0,-0.59664357,0.0,0.0,0.0015789474127814174
YKL190W,YNL111C,0,-0.5977061,0.0,0.0,0.0021052630618214607
YGR214W,YLR289W,0,-0.60137236,0.0,0.0,0.0026315790601074696
YKL152C,YGL027C,0,-0.6130122,0.0,0.0,0.0031578948255628347
YOR133W,YLR069C,1,-0.6237587,0.1428571492433548,0.005263158120214939,0.0031578948255628347
YDL066W,YER052C,0,-0.63145137,0.125,0.005263158120214939,0.0036842105910182
YGL124C,YOR393W,0,-0.6322736,0.1111111119389534,0.005263158120214939,0.0042105261236429214
YPR080W,YNL063W,1,-0.64315534,0.20000000298023224,0.010526316240429878,0.0042105261236429214
YFL057C,YKR096W,0,-0.6480688,0.1818181872367859,0.010526316240429878,0.00473684212192893
YPR151C,YNL180C,0,-0.65256727,0.1666666716337204,0.010526316240429878,0.005263158120214939
YDL081C,YBL071W-A,1,-0.6640833,0.23076923191547394,0.015789473429322243,0.005263158120214939
YKR006C,YER062C,0,-0.6659727,0.2142857164144516,0.015789473429322243,0.005789473652839661
YDL133C-A,YDL198C,0,-0.6737019,0.20000000298023224,0.015789473429322243,0.0063157896511256695
YIL075C,YOR393W,0,-0.676956,0.1875,0.015789473429322243,0.006842105183750391
YHL028W,YDL022W,0,-0.6772062,0.1764705926179886,0.015789473429322243,0.0073684211820364
YPR175W,YBR191W,0,-0.67856526,0.1666666716337204,0.015789473429322243,0.007894736714661121
YLR069C,YDR382W,1,-0.6794893,0.21052631735801697,0.021052632480859756,0.007894736714661121
YPR127W,YOR303W,0,-0.6864226,0.20000000298023224,0.021052632480859756,0.008421052247285843
YPL131W,YDR040C,0,-0.69080484,0.190476194024086,0.021052632480859756,0.008947368711233139
YMR296C,YMR315W,0,-0.69271624,0.1818181872367859,0.021052632480859756,0.00947368424385786
YKR075C,YAR033W,0,-0.69289756,0.17391304671764374,0.021052632480859756,0.009999999776482582
YOR020C,YJR159W,0,-0.69363004,0.1666666716337204,0.021052632480859756,0.010526316240429878
YLR069C,YLR340W,1,-0.69388694,0.20000000298023224,0.02631578966975212,0.010526316240429878
YEL031W,YOL124C,0,-0.69473135,0.19230769574642181,0.02631578966975212,0.0110526317730546
YLR069C,YKL081W,1,-0.7006448,0.2222222238779068,0.031578946858644485,0.0110526317730546
YLL002W,YLR061W,0,-0.7010162,0.2142857164144516,0.031578946858644485,0.011578947305679321
YFR053C,YJL191W,0,-0.70828533,0.2068965584039688,0.031578946858644485,0.012105262838304043
YHR216W,YLR411W,0,-0.7104205,0.20000000298023224,0.031578946858644485,0.012631579302251339
YNL063W,YKL081W,1,-0.7149521,0.22580644488334656,0.03684210404753685,0.012631579302251339
YBR212W,YDR186C,0,-0.7157578,0.21875,0.03684210404753685,0.01315789483487606
YCR063W,YLR075W,0,-0.71784514,0.21212121844291687,0.03684210404753685,0.013684210367500782
YER001W,YER062C,0,-0.7208773,0.20588235557079315,0.03684210404753685,0.014210525900125504
YBL011W,YMR034C,0,-0.7220513,0.20000000298023224,0.03684210404753685,0.0147368423640728
YMR015C,YBR131W,0,-0.72371054,0.1944444477558136,0.03684210404753685,0.015263157896697521
YKL009W,YLL032C,0,-0.7239874,0.18918919563293457,0.03684210404753685,0.015789473429322243
YBR222C,YAL068C,0,-0.72688943,0.18421052396297455,0.03684210404753685,0.01631578989326954
YMR179W,YER087W,0,-0.7287428,0.1794871836900711,0.03684210404753685,0.016842104494571686
YGR090W,YER062C,0,-0.73078287,0.17499999701976776,0.03684210404753685,0.017368420958518982
YHR014W,YOL053C-A,0,-0.73091686,0.17073170840740204,0.03684210404753685,0.017894737422466278
YBL072C,YNL225C,0,-0.73225,0.1666666716337204,0.03684210404753685,0.018421052023768425
YMR074C,YJR132W,0,-0.7343383,0.1627907007932663,0.03684210404753685,0.01894736848771572
YFR053C,YAR042W,0,-0.7398561,0.15909090638160706,0.03684210404753685,0.019473684951663017
YPR080W,YLR069C,1,-0.7424837,0.17777778208255768,0.04210526496171951,0.019473684951663017
YPL176C,YDL222C,0,-0.74738693,0.17391304671764374,0.04210526496171951,0.019999999552965164
YBR243C,YDL148C,0,-0.74796724,0.1702127605676651,0.04210526496171951,0.02052631601691246
YLR249W,YLR069C,1,-0.74921834,0.1875,0.04736842215061188,0.02052631601691246
YLR069C,YDR385W,1,-0.7508491,0.20408163964748383,0.05263157933950424,0.02052631601691246
YPR080W,YBL071W-A,1,-0.7511786,0.2199999988079071,0.057894736528396606,0.02052631601691246
YBL113C,YDL243C,0,-0.7515484,0.21568627655506134,0.057894736528396606,0.021052632480859756
YMR286W,YLL066C,0,-0.7538006,0.21153846383094788,0.057894736528396606,0.021578947082161903
YER078C,YPL129W,0,-0.753834,0.2075471729040146,0.057894736528396606,0.0221052635461092
YLR340W,YBL071W-A,1,-0.75442076,0.2222222238779068,0.06315789371728897,0.0221052635461092
YPR033C,YPL225W,0,-0.7568842,0.2181818187236786,0.06315789371728897,0.022631578147411346
YBR298C,YIL082W-A,0,-0.75790226,0.2142857164144516,0.06315789371728897,0.023157894611358643
YKR099C-A,YJL172W,0,-0.75962305,0.21052631735801697,0.06315789371728897,0.02368421107530594
YPR097W,YLR432W,0,-0.76223093,0.2068965584039688,0.06315789371728897,0.024210525676608086
YLR249W,YBL071W-A,1,-0.7632861,0.22033898532390594,0.06842105090618134,0.024210525676608086
YOR133W,YNL063W,1,-0.768555,0.23333333432674408,0.0736842080950737,0.024210525676608086
YPL097W,YJL181W,0,-0.7716484,0.2295081913471222,0.0736842080950737,0.024736842140555382
YCR102C,YGR113W,0,-0.7726526,0.22580644488334656,0.0736842080950737,0.025263158604502678
YEL030W,YFL035C-B,0,-0.7731608,0.2222222238779068,0.0736842080950737,0.025789473205804825
YOR133W,YOR187W,1,-0.7741293,0.234375,0.07894736528396606,0.025789473205804825
YKL039W,YMR280C,0,-0.77439725,0.23076923191547394,0.07894736528396606,0.02631578966975212
YBR019C,YBR204C,0,-0.77504015,0.22727273404598236,0.07894736528396606,0.026842106133699417
YDR382W,YBL071W-A,1,-0.7793468,0.23880596458911896,0.08421052992343903,0.026842106133699417
YLR293C,YFL010W-A,0,-0.7795528,0.23529411852359772,0.08421052992343903,0.027368420735001564
YMR099C,YPR103W,0,-0.78037465,0.23188406229019165,0.08421052992343903,0.02789473719894886
YNL321W,YBR069C,0,-0.78466976,0.22857142984867096,0.08421052992343903,0.028421051800251007
YLR069C,YOL039W,1,-0.7846951,0.23943662643432617,0.08947368711233139,0.028421051800251007
YNL134C,YOL034W,0,-0.7850909,0.2361111044883728,0.08947368711233139,0.028947368264198303
YOR336W,YNL305C,0,-0.78528917,0.232876718044281,0.08947368711233139,0.0294736847281456
YNR067C,YKL062W,0,-0.7861013,0.22972972691059113,0.08947368711233139,0.029999999329447746
YMR199W,YLR367W,0,-0.7877569,0.2266666740179062,0.08947368711233139,0.030526315793395042
YOL039W,YBL071W-A,1,-0.789227,0.2368421107530594,0.09473684430122375,0.030526315793395042
YNL063W,YBL071W-A,1,-0.7902527,0.2467532455921173,0.10000000149011612,0.030526315793395042
YKL163W,YOR377W,0,-0.79073936,0.24358974397182465,0.10000000149011612,0.03105263225734234
YNL065W,YMR099C,0,-0.7923645,0.2405063360929489,0.10000000149011612,0.031578946858644485
YPL249C-A,YLL006W,0,-0.792799,0.23749999701976776,0.10000000149011612,0.03210526332259178
YLR069C,YBR118W,1,-0.79416144,0.2469135820865631,0.10526315867900848,0.03210526332259178
YPL275W,YER117W,0,-0.7967712,0.24390244483947754,0.10526315867900848,0.03263157978653908
YKR039W,YEL040W,0,-0.79697806,0.2409638613462448,0.10526315867900848,0.033157896250486374
YNL063W,YDL081C,1,-0.7974413,0.25,0.11052631586790085,0.033157896250486374
YDL100C,YGL078C,0,-0.79936373,0.24705882370471954,0.11052631586790085,0.03368420898914337
YNL145W,YDL188C,0,-0.80185086,0.24418604373931885,0.11052631586790085,0.03421052545309067
YMR226C,YLR451W,0,-0.8043723,0.24137930572032928,0.11052631586790085,0.034736841917037964
YNL131W,YHR128W,0,-0.8051946,0.23863635957241058,0.11052631586790085,0.03526315838098526
YAL030W,YNL113W,0,-0.8074316,0.23595505952835083,0.11052631586790085,0.035789474844932556
YPR167C,YJR046W,0,-0.807767,0.23333333432674408,0.11052631586790085,0.03631579130887985
YJR107W,YDL022W,0,-0.80881613,0.23076923191547394,0.11052631586790085,0.03684210404753685
YOL086W-A,YMR263W,0,-0.81006277,0.22826087474822998,0.11052631586790085,0.037368420511484146
YOR133W,YBL071W-A,1,-0.8101907,0.23655913770198822,0.11578947305679321,0.037368420511484146
YBR028C,YPL013C,0,-0.81090117,0.23404255509376526,0.11578947305679321,0.03789473697543144
YER078C,YJR118C,0,-0.8117602,0.23157894611358643,0.11578947305679321,0.03842105343937874
YJL159W,YML099C,0,-0.81225586,0.2291666716337204,0.11578947305679321,0.038947369903326035
YLR052W,YLR194C,0,-0.81256694,0.22680412232875824,0.11578947305679321,0.03947368264198303
YJL160C,YHR079C-A,0,-0.81278014,0.22448979318141937,0.11578947305679321,0.03999999910593033
YGL167C,YPL266W,0,-0.8135182,0.2222222238779068,0.11578947305679321,0.040526315569877625
YGL195W,YDR382W,1,-0.81416726,0.23000000417232513,0.12105263024568558,0.040526315569877625
YOR298W,YBR228W,0,-0.8146979,0.22772277891635895,0.12105263024568558,0.04105263203382492
YLR132C,YKL171W,0,-0.8156823,0.22549019753932953,0.12105263024568558,0.04157894849777222
YGR012W,YCL020W,0,-0.8157277,0.223300963640213,0.12105263024568558,0.04210526496171951
YLR249W,YNL063W,1,-0.81609166,0.23076923191547394,0.12631578743457794,0.04210526496171951
YOL057W,YGR276C,0,-0.8172342,0.22857142984867096,0.12631578743457794,0.04263157770037651
YER139C,YBR075W,0,-0.817744,0.22641509771347046,0.12631578743457794,0.04315789416432381
YLR069C,YDL081C,1,-0.8185729,0.23364485800266266,0.1315789520740509,0.04315789416432381
YJL183W,YJR129C,0,-0.8185806,0.23148147761821747,0.1315789520740509,0.0436842106282711
YMR077C,YCL012W,0,-0.8192741,0.2293577939271927,0.1315789520740509,0.0442105270922184
YDR246W,YFL052W,0,-0.8195669,0.22727273404598236,0.1315789520740509,0.044736843556165695
YOR187W,YBL071W-A,1,-0.8201319,0.23423422873020172,0.13684210181236267,0.044736843556165695
YIR003W,YPL280W,0,-0.82116675,0.2321428507566452,0.13684210181236267,0.04526315629482269
YOR187W,YLR340W,1,-0.82211936,0.23893804848194122,0.14210526645183563,0.04526315629482269
YER021W,YBR075W,0,-0.8222497,0.2368421107530594,0.14210526645183563,0.04578947275876999
YDL160C,YCL020W,0,-0.8226863,0.2347826063632965,0.14210526645183563,0.046315789222717285
YGR214W,YHR114W,0,-0.8232247,0.23275862634181976,0.14210526645183563,0.04684210568666458
YOL122C,YMR074C,0,-0.8238461,0.23076923191547394,0.14210526645183563,0.04736842215061188
YGL195W,YDL081C,1,-0.82412994,0.23728813230991364,0.1473684161901474,0.04736842215061188
YNL305C,YCL014W,0,-0.82447857,0.23529411852359772,0.1473684161901474,0.047894738614559174
YML006C,YPR114W,0,-0.8247416,0.23333333432674408,0.1473684161901474,0.04842105135321617
YDR273W,YGR023W,0,-0.8250921,0.23140496015548706,0.1473684161901474,0.04894736781716347
YIL167W,YMR242C,0,-0.8256229,0.2295081913471222,0.1473684161901474,0.049473684281110764
YGL050W,YNL208W,0,-0.8266976,0.22764228284358978,0.1473684161901474,0.05000000074505806
YDL165W,YGR109W-A,0,-0.82691205,0.22580644488334656,0.1473684161901474,0.050526317209005356
YLR160C,YLR285W,0,-0.8274099,0.2240000069141388,0.1473684161901474,0.051052629947662354
YDL092W,YOR187W,1,-0.82757133,0.230158731341362,0.15263158082962036,0.051052629947662354
YFL002W-B,YMR101C,0,-0.82806844,0.22834645211696625,0.15263158082962036,0.05157894641160965
YDR365W-A,YDR165W,0,-0.8284062,0.2265625,0.15263158082962036,0.052105262875556946
YNL063W,YLR340W,1,-0.8285034,0.23255814611911774,0.15789473056793213,0.052105262875556946
YLR157C-B,YLR219W,0,-0.82899743,0.23076923191547394,0.15789473056793213,0.05263157933950424
YMR315W,YML058W,0,-0.82901907,0.22900763154029846,0.15789473056793213,0.05315789580345154
YKR034W,YNL284C-B,0,-0.82938457,0.22727273404598236,0.15789473056793213,0.053684212267398834
YCL060C,YEL053C,0,-0.8296032,0.2255639135837555,0.15789473056793213,0.05421052500605583
YNL050C,YDR261W-A,0,-0.8302889,0.2238806039094925,0.15789473056793213,0.05473684147000313
YER137C-A,YLR429W,0,-0.83036625,0.2222222238779068,0.15789473056793213,0.055263157933950424
YHR188C,YPL236C,0,-0.8306664,0.22058823704719543,0.15789473056793213,0.05578947439789772
YFL002W-B,YDL181W,0,-0.8311434,0.21897810697555542,0.15789473056793213,0.056315790861845016
YDR261C-C,YNR006W,0,-0.8314976,0.21739129722118378,0.15789473056793213,0.056842103600502014
YCR080W,YMR231W,0,-0.8317981,0.2158273309469223,0.15789473056793213,0.05736842006444931
YPR158W-B,YLR460C,0,-0.83236253,0.2142857164144516,0.15789473056793213,0.057894736528396606
YPR201W,YDR261W-A,0,-0.8328117,0.21276596188545227,0.15789473056793213,0.0584210529923439
YOL155C,YGR192C,0,-0.8331873,0.2112676054239273,0.15789473056793213,0.0589473694562912
YJR078W,YGR161C-D,0,-0.83378273,0.2097902148962021,0.15789473056793213,0.059473685920238495
YLR080W,YGR161C-C,0,-0.8338725,0.2083333283662796,0.15789473056793213,0.05999999865889549
YPL064C,YLR256W-A,0,-0.8347511,0.2068965584039688,0.15789473056793213,0.06052631512284279
YIL140W,YGR038C-B,0,-0.8347511,0.2054794579744339,0.15789473056793213,0.061052631586790085
YNL054W-A,YGL078C,0,-0.83517784,0.20408163964748383,0.15789473056793213,0.06157894805073738
YJR021C,YOR303W,0,-0.8351808,0.20270270109176636,0.15789473056793213,0.06210526451468468
YHL028W,YBL027W,0,-0.8352201,0.20134228467941284,0.15789473056793213,0.06263157725334167
YDL140C,YDR365W-A,0,-0.8355721,0.20000000298023224,0.15789473056793213,0.06315789371728897
YOL103W-B,YBL041W,0,-0.83605033,0.1986754983663559,0.15789473056793213,0.06368421018123627
YLR256W-A,YHR060W,0,-0.8360666,0.19736842811107635,0.15789473056793213,0.06421052664518356
YMR153W,YIR035C,0,-0.836152,0.19607843458652496,0.15789473056793213,0.06473684310913086
YCR087C-A,YNL054W-A,0,-0.83623934,0.19480518996715546,0.15789473056793213,0.06526315957307816
YML133C,YHR080C,0,-0.8374758,0.19354838132858276,0.15789473056793213,0.06578947603702545
YMR236W,YDR014W-A,0,-0.83751,0.19230769574642181,0.15789473056793213,0.06631579250097275
YKL078W,YBR200W-A,0,-0.83751,0.19108280539512634,0.15789473056793213,0.06684210896492004
YPL265W,YOR343C-B,0,-0.83751,0.18987341225147247,0.15789473056793213,0.06736841797828674
YPL079W,YML045W-A,0,-0.83751,0.18867924809455872,0.15789473056793213,0.06789473444223404
YPL021W,YDR210W-C,0,-0.83751,0.1875,0.15789473056793213,0.06842105090618134
YKL038W,YHL009W-A,0,-0.83751,0.18633539974689484,0.15789473056793213,0.06894736737012863
YBL008W-A,YGL017W,0,-0.83751,0.18518517911434174,0.15789473056793213,0.06947368383407593
YDR524C-B,YKR013W,0,-0.83751,0.1840490847826004,0.15789473056793213,0.07000000029802322
YCL062W,YGR109W-A,0,-0.83751,0.18292683362960815,0.15789473056793213,0.07052631676197052
YOR219C,YDR014W-A,0,-0.83751,0.1818181872367859,0.15789473056793213,0.07105263322591782
YBL029C-A,YBL072C,0,-0.83751,0.1807228922843933,0.15789473056793213,0.07157894968986511
YNL257C,YFL002W-B,0,-0.83751,0.1796407252550125,0.15789473056793213,0.07210526615381241
YDR210W-C,YPL088W,0,-0.83751,0.1785714328289032,0.15789473056793213,0.0726315826177597
YAL054C,YBR200W-A,0,-0.83751,0.17751479148864746,0.15789473056793213,0.0731578916311264
YKR099C-A,YPR174C,0,-0.83751,0.1764705926179886,0.15789473056793213,0.0736842080950737
YGR281W,YDR210C-D,0,-0.83751,0.17543859779834747,0.15789473056793213,0.074210524559021
YER053C-A,YNL273W,0,-0.83751,0.1744185984134674,0.15789473056793213,0.07473684102296829
YER053C-A,YNL190W,0,-0.83751,0.17341040074825287,0.15789473056793213,0.07526315748691559
YBR090C-A,YPR127W,0,-0.83751,0.17241379618644714,0.15789473056793213,0.07578947395086288
YDR210W-C,YDR541C,0,-0.83751,0.17142857611179352,0.15789473056793213,0.07631579041481018
YCL003W,YDR210C-D,0,-0.83751,0.17045454680919647,0.15789473056793213,0.07684210687875748
YLR029C,YHL009W-A,0,-0.83751,0.16949152946472168,0.15789473056793213,0.07736842334270477
YBL008W-A,YDL093W,0,-0.83751,0.16853933036327362,0.15789473056793213,0.07789473980665207
YOR284W,YBL101W-B,0,-0.83751,0.16759777069091797,0.15789473056793213,0.07842105627059937
YOR343C-B,YAL002W,0,-0.83751,0.1666666716337204,0.15789473056793213,0.07894736528396606
YNL116W,YDR381C-A,0,-0.83751,0.16574585437774658,0.15789473056793213,0.07947368174791336
YJL194W,YCL012W,0,-0.8377528,0.16483516991138458,0.15789473056793213,0.07999999821186066
YDL217C,YML045W,0,-0.83825433,0.16393442451953888,0.15789473056793213,0.08052631467580795
YGR017W,YGR245C,0,-0.8383869,0.16304348409175873,0.15789473056793213,0.08105263113975525
YDR365W-B,YJL110C,0,-0.83899343,0.1621621549129486,0.15789473056793213,0.08157894760370255
YOR298W,YLR256W-A,0,-0.83996856,0.16129031777381897,0.15789473056793213,0.08210526406764984
YDL093W,YNL078W,0,-0.8400159,0.16042780876159668,0.15789473056793213,0.08263158053159714
YBR004C,YLR256W-A,0,-0.8404092,0.1595744639635086,0.15789473056793213,0.08315789699554443
YGL195W,YBL071W-A,1,-0.84096074,0.16402116417884827,0.1631578952074051,0.08315789699554443
YKL097W-A,YGL111W,0,-0.8409643,0.1631578952074051,0.1631578952074051,0.08368421345949173
YDR284C,YGR214W,0,-0.84101963,0.16230367124080658,0.1631578952074051,0.08421052992343903
YDR383C,YLR432W,0,-0.8411474,0.1614583283662796,0.1631578952074051,0.08473683893680573
YPL257W-B,YDL076C,0,-0.84123296,0.1606217622756958,0.1631578952074051,0.08526315540075302
YPL169C,YFL034C-A,0,-0.84136784,0.15979380905628204,0.1631578952074051,0.08578947186470032
YDR098C-A,YAL068C,0,-0.8415034,0.15897436439990997,0.1631578952074051,0.08631578832864761
YGR017W,YDR512C,0,-0.8436382,0.15816326439380646,0.1631578952074051,0.08684210479259491
YDL133C-A,YLL054C,0,-0.84404683,0.15736040472984314,0.1631578952074051,0.0873684212565422
YPL060C-A,YHR091C,0,-0.84448934,0.15656565129756927,0.1631578952074051,0.0878947377204895
YLR227W-B,YKR001C,0,-0.84457767,0.1557788997888565,0.1631578952074051,0.0884210541844368
YLR406C,YKL061W,0,-0.8446138,0.1550000011920929,0.1631578952074051,0.0889473706483841
YLR227W-A,YHR026W,0,-0.84522784,0.15422885119915009,0.1631578952074051,0.08947368711233139
YGL105W,YHR072W-A,0,-0.84575707,0.15346534550189972,0.1631578952074051,0.09000000357627869
YAR002C-A,YNL178W,0,-0.8466315,0.15270936489105225,0.1631578952074051,0.09052631258964539
YPL093W,YFL018W-A,0,-0.84681237,0.15196079015731812,0.1631578952074051,0.09105262905359268
YLR352W,YPR158W-A,0,-0.8472878,0.15121951699256897,0.1631578952074051,0.09157894551753998
YNL145W,YPL224C,0,-0.84777117,0.15048544108867645,0.1631578952074051,0.09210526198148727
YPR080W,YOR187W,1,-0.8482205,0.15458936989307404,0.16842105984687805,0.09210526198148727
YBR139W,YJL089W,0,-0.8487835,0.1538461595773697,0.16842105984687805,0.09263157844543457
YPL196W,YOR383C,0,-0.8499905,0.15311004221439362,0.16842105984687805,0.09315789490938187
YNL284C-B,YKL029C,0,-0.8500167,0.15238095819950104,0.16842105984687805,0.09368421137332916
YCL062W,YLR009W,0,-0.8505559,0.1516587734222412,0.16842105984687805,0.09421052783727646
YFR001W,YLR410W-A,0,-0.8506129,0.15094339847564697,0.16842105984687805,0.09473684430122375
YPL047W,YJL116C,0,-0.8510469,0.15023474395275116,0.16842105984687805,0.09526316076517105
YOR187W,YKL081W,1,-0.85124534,0.15420560538768768,0.17368420958518982,0.09526316076517105
YIL121W,YLR194C,0,-0.8535204,0.1534883677959442,0.17368420958518982,0.09578947722911835
YNL063W,YDR382W,1,-0.8549335,0.15740740299224854,0.17894737422466278,0.09578947722911835
YOL075C,YGR046W,0,-0.8549896,0.15668202936649323,0.17894737422466278,0.09631578624248505
YGR161W-B,YPL082C,0,-0.85506403,0.15596330165863037,0.17894737422466278,0.09684210270643234
YDR412W,YDL135C,0,-0.85535383,0.155251145362854,0.17894737422466278,0.09736841917037964
YMR121C,YPL257W-B,0,-0.85560715,0.15454545617103577,0.17894737422466278,0.09789473563432693
YLR020C,YJR109C,0,-0.8558305,0.1538461595773697,0.17894737422466278,0.09842105209827423
YLR227W-A,YCL068C,0,-0.8558588,0.15315315127372742,0.17894737422466278,0.09894736856222153
YDL092W,YOR133W,1,-0.8561843,0.1569506675004959,0.18421052396297455,0.09894736856222153
YBR112C,YML128C,0,-0.8563548,0.15625,0.18421052396297455,0.09947368502616882
YGL195W,YKL081W,1,-0.8574279,0.1599999964237213,0.1894736886024475,0.09947368502616882
YER124C,YDR316W-B,0,-0.857528,0.1592920422554016,0.1894736886024475,0.10000000149011612
YPR163C,YLR410W-A,0,-0.85783273,0.15859030187129974,0.1894736886024475,0.10052631795406342
YGR161W-B,YLR389C,0,-0.85816395,0.15789473056793213,0.1894736886024475,0.10105263441801071
YKL060C,YNL053W,0,-0.85902005,0.1572052389383316,0.1894736886024475,0.10157895088195801
YGR254W,YLR011W,0,-0.8592755,0.156521737575531,0.1894736886024475,0.10210525989532471
YGR289C,YDR409W,0,-0.85927844,0.15584415197372437,0.1894736886024475,0.102631576359272
YMR050C,YKL205W,0,-0.8612083,0.1551724076271057,0.1894736886024475,0.1031578928232193
YMR274C,YNL208W,0,-0.86144304,0.15450644493103027,0.1894736886024475,0.1036842092871666
YOL103W-B,YGR038W,0,-0.8618467,0.1538461595773697,0.1894736886024475,0.10421052575111389
YBL112C,YLR216C,0,-0.86263996,0.1531914919614792,0.1894736886024475,0.10473684221506119
YLR260W,YGR122W,0,-0.86300063,0.1525423675775528,0.1894736886024475,0.10526315867900848
YML123C,YLL033W,0,-0.8630146,0.15189872682094574,0.1894736886024475,0.10578947514295578
YNL145W,YGL153W,0,-0.8631629,0.15126051008701324,0.1894736886024475,0.10631579160690308
YNL063W,YOL039W,1,-0.8636198,0.15481171011924744,0.19473683834075928,0.10631579160690308
YML078W,YIL053W,0,-0.86549944,0.15416666865348816,0.19473683834075928,0.10684210807085037
YIL087C,YOL103W-A,0,-0.86775506,0.15352697670459747,0.19473683834075928,0.10736842453479767
YJR090C,YGR109W-B,0,-0.867914,0.1528925597667694,0.19473683834075928,0.10789473354816437
YNR055C,YIL133C,0,-0.86817443,0.15226337313652039,0.19473683834075928,0.10842105001211166
YJL181W,YLR057W,0,-0.86822855,0.15163934230804443,0.19473683834075928,0.10894736647605896
YMR087W,YLR452C,0,-0.86918056,0.15102040767669678,0.19473683834075928,0.10947368294000626
YDR098C-B,YGL094C,0,-0.86921227,0.15040650963783264,0.19473683834075928,0.10999999940395355
YHR214C-B,YLR092W,0,-0.8693979,0.14979757368564606,0.19473683834075928,0.11052631586790085
YOR187W,YDR382W,1,-0.87005407,0.15322580933570862,0.20000000298023224,0.11052631586790085
YJR073C,YFR027W,0,-0.87049526,0.1526104360818863,0.20000000298023224,0.11105263233184814
YLR333C,YNL139C,0,-0.8713136,0.15199999511241913,0.20000000298023224,0.11157894879579544
YPR011C,YKL120W,0,-0.87184703,0.15139442682266235,0.20000000298023224,0.11210526525974274
YGL195W,YLR340W,1,-0.87215436,0.1547619104385376,0.205263152718544,0.11210526525974274
YPR124W,YGR171C,0,-0.87226146,0.15415020287036896,0.205263152718544,0.11263158172369003
YKR018C,YFL034C-B,0,-0.8725154,0.15354330837726593,0.205263152718544,0.11315789818763733
YCL060C,YCR080W,0,-0.87252796,0.15294118225574493,0.205263152718544,0.11368420720100403
YNL064C,YDR346C,0,-0.8727902,0.15234375,0.205263152718544,0.11421052366495132
YNL063W,YDR385W,1,-0.8729594,0.15564201772212982,0.21052631735801697,0.11421052366495132
YLR055C,YMR099C,0,-0.87549746,0.1550387591123581,0.21052631735801697,0.11473684012889862
YNL063W,YBR118W,1,-0.8759631,0.15830115973949432,0.21578946709632874,0.11473684012889862
YDL124W,YHR214W,0,-0.8765371,0.1576923131942749,0.21578946709632874,0.11526315659284592
YGR185C,YOR027W,0,-0.87663126,0.15708811581134796,0.21578946709632874,0.11578947305679321
YLR069C,YBL071W-A,1,-0.87826324,0.16030533611774445,0.2210526317358017,0.11578947305679321
YLR154W-C,YGR082W,0,-0.87894094,0.1596958190202713,0.2210526317358017,0.11631578952074051
YIL120W,YOR312C,0,-0.88010114,0.15909090638160706,0.2210526317358017,0.1168421059846878
YDR385W,YBL071W-A,1,-0.8803073,0.1622641533613205,0.22631579637527466,0.1168421059846878
YMR019W,YFL035C-B,0,-0.88051176,0.16165412962436676,0.22631579637527466,0.1173684224486351
YKL086W,YDL149W,0,-0.8805822,0.16104869544506073,0.22631579637527466,0.1178947389125824
YBR260C,YBL098W,0,-0.8807034,0.16044776141643524,0.22631579637527466,0.1184210553765297
YDR227W,YBL098W,0,-0.8819752,0.1598512977361679,0.22631579637527466,0.11894737184047699
YPL217C,YMR268W-A,0,-0.88220763,0.15925925970077515,0.22631579637527466,0.11947368085384369
YFL017W-A,YCR055C,0,-0.88259006,0.15867158770561218,0.22631579637527466,0.11999999731779099
YFL034C-B,YGL198W,0,-0.88333386,0.15808823704719543,0.22631579637527466,0.12052631378173828
YKR044W,YHR179W,0,-0.88406146,0.15750916302204132,0.22631579637527466,0.12105263024568558
YKL101W,YOR310C,0,-0.88519776,0.15693430602550507,0.22631579637527466,0.12157894670963287
YGR203W,YLR258W,0,-0.88982,0.15636363625526428,0.22631579637527466,0.12210526317358017
YGL026C,YHR035W,0,-0.88989556,0.1557970941066742,0.22631579637527466,0.12263157963752747
YKL213C,YOL057W,0,-0.8906792,0.15523464977741241,0.22631579637527466,0.12315789610147476
YLR312W-A,YBR131W,0,-0.89069164,0.15467625856399536,0.22631579637527466,0.12368421256542206
YGR048W,YPL027W,0,-0.8910769,0.15412186086177826,0.22631579637527466,0.12421052902936935
YKL038W,YIL069C,0,-0.89144504,0.15357142686843872,0.22631579637527466,0.12473684549331665
YDL092W,YPR080W,1,-0.89286584,0.15658363699913025,0.23157894611358643,0.12473684549331665
YAR066W,YDL078C,0,-0.8935771,0.1560283750295639,0.23157894611358643,0.12526315450668335
YPL283C,YLR005W,0,-0.89444935,0.15547703206539154,0.23157894611358643,0.12578947842121124
YHR200W,YFR024C,0,-0.8951415,0.15492957830429077,0.23157894611358643,0.12631578743457794
YLR138W,YMR195W,0,-0.89548326,0.15438596904277802,0.23157894611358643,0.12684211134910583
YPR037C,YML052W,0,-0.8968585,0.1538461595773697,0.23157894611358643,0.12736842036247253
YMR295C,YPL020C,0,-0.8978845,0.15331010520458221,0.23157894611358643,0.12789474427700043
YKL038W,YKR066C,0,-0.8979355,0.1527777761220932,0.23157894611358643,0.12842105329036713
YDR384C,YOR339C,0,-0.89991534,0.15224912762641907,0.23157894611358643,0.12894736230373383
YOR219C,YGL010W,0,-0.90238106,0.15172414481639862,0.23157894611358643,0.12947368621826172
YCL052C,YOR088W,0,-0.90390927,0.1512027531862259,0.23157894611358643,0.12999999523162842
YCL074W,YGR012W,0,-0.9045038,0.15068493783473969,0.23157894611358643,0.1305263191461563
YOR187W,YDL081C,1,-0.9052775,0.1535836160182953,0.2368421107530594,0.1305263191461563
YPL120W,YFL035C-A,0,-0.9053515,0.15306122601032257,0.2368421107530594,0.131052628159523
YCL010C,YAR031W,0,-0.9064791,0.1525423675775528,0.2368421107530594,0.1315789520740509
YMR116C,YER183C,0,-0.9067919,0.15202702581882477,0.2368421107530594,0.1321052610874176
YOR138C,YLR175W,0,-0.9080915,0.1515151560306549,0.2368421107530594,0.1326315850019455
YBR059C,YPL009C,0,-0.9094702,0.15100671350955963,0.2368421107530594,0.1331578940153122
YFL034C-B,YKL097W-A,0,-0.90985084,0.15050166845321655,0.2368421107530594,0.1336842179298401
YBR118W,YBL071W-A,1,-0.91007113,0.15333333611488342,0.24210526049137115,0.1336842179298401
YIL103W,YBR118W,1,-0.910585,0.15614618360996246,0.24736842513084412,0.1336842179298401
YLR399C,YLR006C,0,-0.9109308,0.15562914311885834,0.24736842513084412,0.1342105269432068
YNL058C,YPL087W,0,-0.9114258,0.1551155149936676,0.24736842513084412,0.1347368359565735
YOR283W,YLR061W,0,-0.9119798,0.15460526943206787,0.24736842513084412,0.13526315987110138
YAL051W,YGR203W,0,-0.91394067,0.15409836173057556,0.24736842513084412,0.13578946888446808
YLR226W,YJL082W,0,-0.9166714,0.15359477698802948,0.24736842513084412,0.13631579279899597
YHL025W,YKL062W,0,-0.9168752,0.15309445559978485,0.24736842513084412,0.13684210181236267
YBR239C,YBR189W,0,-0.91769415,0.15259739756584167,0.24736842513084412,0.13736842572689056
YMR077C,YJR026W,0,-0.9183481,0.15210355818271637,0.24736842513084412,0.13789473474025726
YPL236C,YEL071W,0,-0.9200469,0.15161290764808655,0.24736842513084412,0.13842105865478516
YGL058W,YNL132W,0,-0.9209451,0.15112540125846863,0.24736842513084412,0.13894736766815186
YBR044C,YJR109C,0,-0.9212037,0.15064102411270142,0.24736842513084412,0.13947369158267975
YGR244C,YML025C,0,-0.9214128,0.15015974640846252,0.24736842513084412,0.14000000059604645
YGR140W,YHR157W,0,-0.9218545,0.14968152344226837,0.24736842513084412,0.14052630960941315
YOR187W,YOL039W,1,-0.9255441,0.15238095819950104,0.2526315748691559,0.14052630960941315
YEL053C,YLR259C,0,-0.9255922,0.15189872682094574,0.2526315748691559,0.14105263352394104
YDR186C,YGR179C,0,-0.92573434,0.15141956508159637,0.2526315748691559,0.14157894253730774
YDL134C-A,YGL023C,0,-0.9266547,0.15094339847564697,0.2526315748691559,0.14210526645183563
YBL071W-A,YFR009W,1,-0.92806816,0.15360501408576965,0.25789472460746765,0.14210526645183563
YLR189C,YJR019C,0,-0.9281181,0.15312500298023224,0.25789472460746765,0.14263157546520233
YOR355W,YIL069C,0,-0.9283092,0.1526479721069336,0.25789472460746765,0.14315789937973022
YLR251W,YNL037C,0,-0.9283202,0.15217390656471252,0.25789472460746765,0.14368420839309692
YOL011W,YMR099C,0,-0.9295862,0.15170279145240784,0.25789472460746765,0.14421053230762482
YGR225W,YHR035W,0,-0.9296392,0.15123456716537476,0.25789472460746765,0.14473684132099152
YOR022C,YGR024C,0,-0.9300915,0.15076923370361328,0.25789472460746765,0.1452631652355194
YMR295C,YDL074C,0,-0.93065083,0.15030674636363983,0.25789472460746765,0.1457894742488861
YHL033C,YER183C,0,-0.93117523,0.1498470902442932,0.25789472460746765,0.1463157832622528
YKL208W,YLR391W,0,-0.93132246,0.14939025044441223,0.25789472460746765,0.1468421071767807
YNR018W,YFR051C,0,-0.93282807,0.1489361673593521,0.25789472460746765,0.1473684161901474
YBL071W-A,YKL191W,1,-0.9330762,0.1515151560306549,0.2631579041481018,0.1473684161901474
YNL286W,YJL083W,0,-0.9331747,0.1510574072599411,0.2631579041481018,0.1478947401046753
YBR098W,YHR072W-A,0,-0.9332169,0.15060241520404816,0.2631579041481018,0.148421049118042
YER054C,YMR058W,0,-0.93329346,0.1501501500606537,0.2631579041481018,0.14894737303256989
YJR027W,YGL180W,0,-0.93449557,0.1497005969285965,0.2631579041481018,0.14947368204593658
YPR080W,YGL195W,1,-0.93508846,0.15223880112171173,0.2684210538864136,0.14947368204593658
YGL055W,YGL237C,0,-0.93543506,0.1517857164144516,0.2684210538864136,0.15000000596046448
YER100W,YGR249W,0,-0.93553364,0.15133531391620636,0.2684210538864136,0.15052631497383118
YLR297W,YDR349C,0,-0.9355402,0.15088757872581482,0.2684210538864136,0.15105263888835907
YDR280W,YPR183W,0,-0.9358382,0.1504424810409546,0.2684210538864136,0.15157894790172577
YLR249W,YGL195W,1,-0.93665624,0.15294118225574493,0.27368420362472534,0.15157894790172577
YOR133W,YGL195W,1,-0.9373484,0.15542522072792053,0.2789473831653595,0.15157894790172577
YMR169C,YJL212C,0,-0.9383441,0.15497076511383057,0.2789473831653595,0.15210525691509247
YOL158C,YHR111W,0,-0.93857086,0.1545189470052719,0.2789473831653595,0.15263158082962036
YBL113C,YNL008C,0,-0.93862647,0.15406976640224457,0.2789473831653595,0.15315788984298706
YER094C,YLR222C,0,-0.93922246,0.15362319350242615,0.2789473831653595,0.15368421375751495
YLR240W,YDR079C-A,0,-0.9396774,0.15317918360233307,0.2789473831653595,0.15421052277088165
YBR268W,YML022W,0,-0.9403845,0.15273775160312653,0.2789473831653595,0.15473684668540955
YMR183C,YLR278C,0,-0.94038785,0.15229885280132294,0.2789473831653595,0.15526315569877625
YBR274W,YHR138C,0,-0.94041735,0.15186245739459991,0.2789473831653595,0.15578947961330414
YGR017W,YAR031W,0,-0.94092417,0.15142856538295746,0.2789473831653595,0.15631578862667084
YHR112C,YMR284W,0,-0.94094723,0.15099714696407318,0.2789473831653595,0.15684211254119873
YNL134C,YOR089C,0,-0.9412868,0.1505681872367859,0.2789473831653595,0.15736842155456543
YHR121W,YDR226W,0,-0.9414306,0.150141641497612,0.2789473831653595,0.15789473056793213
YPL242C,YBR145W,0,-0.9420563,0.1497175097465515,0.2789473831653595,0.15842105448246002
YOR079C,YOR321W,0,-0.9427404,0.14929577708244324,0.2789473831653595,0.15894736349582672
YDL105W,YBR141C,0,-0.94313335,0.1488763988018036,0.2789473831653595,0.15947368741035461
YER154W,YMR194W,0,-0.9432539,0.14845938980579376,0.2789473831653595,0.1599999964237213
YDR079C-A,YPL183C,0,-0.94398904,0.14804469048976898,0.2789473831653595,0.1605263203382492
YKR092C,YBL003C,0,-0.9441519,0.14763231575489044,0.2789473831653595,0.1610526293516159
YHR057C,YDR280W,0,-0.94441915,0.14722222089767456,0.2789473831653595,0.1615789532661438
YJR073C,YGR217W,0,-0.9458707,0.14681440591812134,0.2789473831653595,0.1621052622795105
YNL236W,YNL264C,0,-0.94687045,0.1464088410139084,0.2789473831653595,0.1626315861940384
YDR506C,YFL049W,0,-0.9477646,0.1460055112838745,0.2789473831653595,0.1631578952074051
YGR280C,YDR222W,0,-0.94902927,0.14560440182685852,0.2789473831653595,0.1636842042207718
YJL216C,YLR213C,0,-0.9501703,0.14520548284053802,0.2789473831653595,0.16421052813529968
YJR086W,YBR239C,0,-0.9504796,0.14480873942375183,0.2789473831653595,0.16473683714866638
YNL059C,YBR282W,0,-0.95060384,0.14441417157649994,0.2789473831653595,0.16526316106319427
YBL027W,YNL050C,0,-0.95105183,0.14402173459529877,0.2789473831653595,0.16578947007656097
YOR187W,YBR118W,1,-0.9523004,0.1463414579629898,0.28421053290367126,0.16578947007656097
YMR170C,YFL055W,0,-0.95234394,0.1459459513425827,0.28421053290367126,0.16631579399108887
YAL068C,YML072C,0,-0.95270747,0.14555256068706512,0.28421053290367126,0.16684210300445557
YDL092W,YNL063W,1,-0.9528577,0.1478494554758072,0.28947368264198303,0.16684210300445557
YDR020C,YDR545W,0,-0.953493,0.14745308458805084,0.28947368264198303,0.16736842691898346
YHL001W,YPL169C,0,-0.9545494,0.14705882966518402,0.28947368264198303,0.16789473593235016
YIR038C,YLR380W,0,-0.9547756,0.14666666090488434,0.28947368264198303,0.16842105984687805
YNL190W,YGL011C,0,-0.95549786,0.146276593208313,0.28947368264198303,0.16894736886024475
YDL092W,YLR340W,1,-0.9559059,0.14854110777378082,0.2947368323802948,0.16894736886024475
YMR050C,YKL172W,0,-0.9560973,0.14814814925193787,0.2947368323802948,0.16947367787361145
YJR161C,YDR462W,0,-0.9563625,0.14775726199150085,0.2947368323802948,0.17000000178813934
YNL258C,YBR079C,0,-0.9564098,0.1473684161901474,0.2947368323802948,0.17052631080150604
YNL006W,YGR225W,0,-0.9564884,0.1469816267490387,0.2947368323802948,0.17105263471603394
YNL093W,YJL149W,0,-0.9565559,0.14659686386585236,0.2947368323802948,0.17157894372940063
YIL083C,YKL087C,0,-0.95761234,0.146214097738266,0.2947368323802948,0.17210526764392853
YJR073C,YPR159W,0,-0.95860183,0.1458333283662796,0.2947368323802948,0.17263157665729523
YJR123W,YIL128W,0,-0.958804,0.145454540848732,0.2947368323802948,0.17315790057182312
YCL027C-A,YDR328C,0,-0.9589213,0.14507772028446198,0.2947368323802948,0.17368420958518982
YNL173C,YHR007C,0,-0.9594273,0.14470283687114716,0.2947368323802948,0.1742105334997177
YDR020C,YBL031W,0,-0.9594593,0.14432989060878754,0.2947368323802948,0.1747368425130844
YML021C,YLR009W,0,-0.95953345,0.14395886659622192,0.2947368323802948,0.1752631515264511
YLR393W,YBR139W,0,-0.9598885,0.14358974993228912,0.2947368323802948,0.175789475440979
YML123C,YMR013C,0,-0.96040463,0.14322251081466675,0.2947368323802948,0.1763157844543457
YEL001C,YOR234C,0,-0.96157354,0.1428571492433548,0.2947368323802948,0.1768421083688736
YDR383C,YOR293W,0,-0.96176034,0.14249363541603088,0.2947368323802948,0.1773684173822403
YPR017C,YDR002W,0,-0.96241724,0.1421319842338562,0.2947368323802948,0.1778947412967682
YKL157W,YMR262W,0,-0.96343464,0.14177215099334717,0.2947368323802948,0.1784210503101349
YKL107W,YKL222C,0,-0.96346176,0.14141413569450378,0.2947368323802948,0.17894737422466278
YLL036C,YBR172C,0,-0.96369296,0.14105793833732605,0.2947368323802948,0.17947368323802948
YIL168W,YGL079W,0,-0.9642813,0.14070351421833038,0.2947368323802948,0.18000000715255737
YOL040C,YDL161W,0,-0.9650895,0.14035087823867798,0.2947368323802948,0.18052631616592407
YOR360C,YOR085W,0,-0.9655638,0.14000000059604645,0.2947368323802948,0.18105262517929077
YKL192C,YHR174W,0,-0.9657146,0.1396508663892746,0.2947368323802948,0.18157894909381866
YLL036C,YDL124W,0,-0.9659226,0.13930347561836243,0.2947368323802948,0.18210525810718536
YGL055W,YGR084C,0,-0.96611184,0.13895781338214874,0.2947368323802948,0.18263158202171326
YLL012W,YJR117W,0,-0.96630806,0.13861386477947235,0.2947368323802948,0.18315789103507996
YJR137C,YPR035W,0,-0.9677669,0.13827160000801086,0.2947368323802948,0.18368421494960785
YKL081W,YBL071W-A,1,-0.9686411,0.14039409160614014,0.30000001192092896,0.18368421494960785
YPR071W,YGR020C,0,-0.96865416,0.14004914462566376,0.30000001192092896,0.18421052396297455
YDR348C,YBR106W,0,-0.9697791,0.13970588147640228,0.30000001192092896,0.18473684787750244
YLR197W,YMR215W,0,-0.9714563,0.1393643021583557,0.30000001192092896,0.18526315689086914
YER017C,YCR055C,0,-0.97214305,0.13902439177036285,0.30000001192092896,0.18578948080539703
YIL103W,YBL071W-A,1,-0.9740113,0.14111922681331635,0.3052631616592407,0.18578948080539703
YBR079C,YGR222W,0,-0.9742259,0.14077669382095337,0.3052631616592407,0.18631578981876373
YHR185C,YEL039C,0,-0.97454834,0.1404358297586441,0.3052631616592407,0.18684209883213043
YLR249W,YOR187W,1,-0.97488344,0.14251208305358887,0.3105263113975525,0.18684209883213043
YJL098W,YOR291W,0,-0.9753305,0.14216867089271545,0.3105263113975525,0.18736842274665833
YIL148W,YLR081W,0,-0.9760078,0.14182692766189575,0.3105263113975525,0.18789473176002502
YMR186W,YDR351W,0,-0.97705925,0.14148680865764618,0.3105263113975525,0.18842105567455292
YHR112C,YOR083W,0,-0.9771872,0.14114832878112793,0.3105263113975525,0.18894736468791962
YOR133W,YFR009W,1,-0.9779996,0.14319808781147003,0.31578946113586426,0.18894736468791962
YMR034C,YLR447C,0,-0.978032,0.1428571492433548,0.31578946113586426,0.1894736886024475
YHR214W,YPL135W,0,-0.9782988,0.1425178200006485,0.31578946113586426,0.1899999976158142
YDR518W,YGL037C,0,-0.97861993,0.14218010008335114,0.31578946113586426,0.1905263215303421
YIL065C,YHR032W,0,-0.978933,0.1418439745903015,0.31578946113586426,0.1910526305437088
YKR085C,YOR206W,0,-0.979498,0.14150942862033844,0.31578946113586426,0.1915789544582367
YNL070W,YBL045C,0,-0.97989136,0.1411764770746231,0.31578946113586426,0.1921052634716034
YGL187C,YJR127C,0,-0.98091996,0.14084507524967194,0.31578946113586426,0.1926315724849701
YER003C,YDL207W,0,-0.98092556,0.14051522314548492,0.31578946113586426,0.19315789639949799
YGR285C,YKR079C,0,-0.9809267,0.14018692076206207,0.31578946113586426,0.19368420541286469
YDL072C,YLL067C,0,-0.9809782,0.139860138297081,0.31578946113586426,0.19421052932739258
YIL103W,YKL081W,1,-0.9813245,0.1418604701757431,0.3210526406764984,0.19421052932739258
YMR011W,YDL155W,0,-0.98159426,0.1415313184261322,0.3210526406764984,0.19473683834075928
YHR037W,YNL067W,0,-0.98197407,0.14120370149612427,0.3210526406764984,0.19526316225528717
YOR219C,YJL144W,0,-0.9833326,0.1408776044845581,0.3210526406764984,0.19578947126865387
YGR185C,YER046W,0,-0.9833864,0.14055299758911133,0.3210526406764984,0.19631579518318176
YBR121C,YJR127C,0,-0.9835663,0.14022988080978394,0.3210526406764984,0.19684210419654846
YOR335C,YBR049C,0,-0.98434424,0.13990825414657593,0.3210526406764984,0.19736842811107635
YGR125W,YLR136C,0,-0.9852575,0.1395881026983261,0.3210526406764984,0.19789473712444305
YGL209W,YIL033C,0,-0.9860035,0.1392694115638733,0.3210526406764984,0.19842104613780975
YNL145W,YJL100W,0,-0.9864297,0.13895216584205627,0.3210526406764984,0.19894737005233765
YJL095W,YNL092W,0,-0.9870964,0.13863636553287506,0.3210526406764984,0.19947367906570435
YER160C,YCL011C,0,-0.9875286,0.13832199573516846,0.3210526406764984,0.20000000298023224
YOR089C,YDR328C,0,-0.98760915,0.13800905644893646,0.3210526406764984,0.20052631199359894
YER130C,YBR223C,0,-0.9876799,0.1376975178718567,0.3210526406764984,0.20105263590812683
YPL213W,YLL032C,0,-0.9878799,0.13738738000392914,0.3210526406764984,0.20157894492149353
YFL024C,YHR042W,0,-0.988643,0.137078657746315,0.3210526406764984,0.20210526883602142
YNL138W-A,YBR153W,0,-0.98902696,0.1367713063955307,0.3210526406764984,0.20263157784938812
YGR172C,YDR316W,0,-0.9894738,0.13646532595157623,0.3210526406764984,0.20315790176391602
YKL009W,YLR001C,0,-0.99021626,0.1361607164144516,0.3210526406764984,0.20368421077728271
YBR016W,YLR191W,0,-0.9913734,0.1358574628829956,0.3210526406764984,0.20421051979064941
YNL071W,YBL016W,0,-0.9920998,0.13555555045604706,0.3210526406764984,0.2047368437051773
YOR045W,YLR395C,0,-0.9922558,0.13525499403476715,0.3210526406764984,0.205263152718544
YDR296W,YLR372W,0,-0.99283504,0.1349557489156723,0.3210526406764984,0.2057894766330719
YHL015W,YLR183C,0,-0.9929053,0.1346578299999237,0.3210526406764984,0.2063157856464386
YHR113W,YLR151C,0,-0.993378,0.13436123728752136,0.3210526406764984,0.2068421095609665
YDR023W,YKL078W,0,-0.9939886,0.13406594097614288,0.3210526406764984,0.2073684185743332
YIL158W,YML028W,0,-0.99411273,0.13377192616462708,0.3210526406764984,0.20789474248886108
YHR148W,YDL140C,0,-0.99480206,0.13347920775413513,0.3210526406764984,0.20842105150222778
YJR133W,YDR188W,0,-0.9950215,0.13318777084350586,0.3210526406764984,0.20894737541675568
YHR074W,YBR239C,0,-0.99540496,0.13289760053157806,0.3210526406764984,0.20947368443012238
YJL093C,YLR460C,0,-0.9957854,0.13260869681835175,0.3210526406764984,0.20999999344348907
YLR029C,YDR377W,0,-0.9959891,0.1323210448026657,0.3210526406764984,0.21052631735801697
YLL012W,YBR068C,0,-0.99602,0.13203462958335876,0.3210526406764984,0.21105262637138367
YGR266W,YDR473C,0,-0.99647164,0.1317494660615921,0.3210526406764984,0.21157895028591156
YJR123W,YNL239W,0,-0.99648345,0.13146552443504333,0.3210526406764984,0.21210525929927826
YDR234W,YFL034C-A,0,-0.9981965,0.13118278980255127,0.3210526406764984,0.21263158321380615
YDL015C,YGR264C,0,-0.99862766,0.1309012919664383,0.3210526406764984,0.21315789222717285
YDR382W,YFR009W,1,-0.99874055,0.13276231288909912,0.3263157904148102,0.21315789222717285
YMR090W,YGR268C,0,-0.9989282,0.13247863948345184,0.3263157904148102,0.21368421614170074
YKL081W,YFR009W,1,-1.0000435,0.13432836532592773,0.33157894015312195,0.21368421614170074
YHL026C,YCR023C,0,-1.0009918,0.13404254615306854,0.33157894015312195,0.21421052515506744
YHL011C,YLR411W,0,-1.001307,0.13375796377658844,0.33157894015312195,0.21473684906959534
YHR113W,YLR077W,0,-1.0022658,0.13347457349300385,0.33157894015312195,0.21526315808296204
YJL012C,YHR118C,0,-1.0022674,0.13319239020347595,0.33157894015312195,0.21578946709632874
YGR174C,YOL158C,0,-1.0025547,0.13291139900684357,0.33157894015312195,0.21631579101085663
YGR065C,YDR144C,0,-1.0026338,0.1326315850019455,0.33157894015312195,0.21684210002422333
YMR226C,YHR072W,0,-1.0026739,0.13235294818878174,0.33157894015312195,0.21736842393875122
YNR036C,YMR260C,0,-1.0032808,0.1320754736661911,0.33157894015312195,0.21789473295211792
YOR157C,YPL146C,0,-1.0032895,0.13179916143417358,0.33157894015312195,0.2184210568666458
YJL196C,YOR293W,0,-1.0042598,0.1315240114927292,0.33157894015312195,0.2189473658800125
YDR030C,YJL177W,0,-1.0052285,0.13124999403953552,0.33157894015312195,0.2194736897945404
YER017C,YIL133C,0,-1.0062768,0.13097712397575378,0.33157894015312195,0.2199999988079071
YCR031C,YLR395C,0,-1.0069072,0.13070540130138397,0.33157894015312195,0.220526322722435
YOR292C,YCL035C,0,-1.0072825,0.1304347813129425,0.33157894015312195,0.2210526317358017
YDR233C,YER159C,0,-1.0073984,0.13016529381275177,0.33157894015312195,0.2215789407491684
YBR118W,YFR009W,1,-1.008266,0.1319587677717209,0.3368421196937561,0.2215789407491684
YDL121C,YJR149W,0,-1.0085825,0.1316872388124466,0.3368421196937561,0.2221052646636963
YGR170W,YML131W,0,-1.0086018,0.13141684234142303,0.3368421196937561,0.222631573677063
YGR092W,YML007W,0,-1.0094649,0.13114753365516663,0.3368421196937561,0.22315789759159088
YDR385W,YFR009W,1,-1.0103984,0.13292433321475983,0.34210526943206787,0.22315789759159088
YGL053W,YCR088W,0,-1.010753,0.13265305757522583,0.34210526943206787,0.22368420660495758
YNL202W,YPR154W,0,-1.0108271,0.13238288462162018,0.34210526943206787,0.22421053051948547
YLR222C,YLL042C,0,-1.0119447,0.13211381435394287,0.34210526943206787,0.22473683953285217
YNR018W,YKL120W,0,-1.0121762,0.1318458467721939,0.34210526943206787,0.22526316344738007
YER160C,YDR348C,0,-1.0124366,0.1315789520740509,0.34210526943206787,0.22578947246074677
YER123W,YMR136W,0,-1.012559,0.13131313025951385,0.34210526943206787,0.22631579637527466
YGR134W,YLR447C,0,-1.0128887,0.13104838132858276,0.34210526943206787,0.22684210538864136
YOR293W,YGL049C,0,-1.0132048,0.13078470528125763,0.34210526943206787,0.22736841440200806
YBR028C,YPL094C,0,-1.0141178,0.13052208721637726,0.34210526943206787,0.22789473831653595
YLR340W,YFR009W,1,-1.0146708,0.13226452469825745,0.34736841917037964,0.22789473831653595
YLR150W,YJL171C,0,-1.0148444,0.13199999928474426,0.34736841917037964,0.22842104732990265
YEL048C,YFL022C,0,-1.015757,0.13173653185367584,0.34736841917037964,0.22894737124443054
YDR450W,YMR263W,0,-1.0160081,0.131474107503891,0.34736841917037964,0.22947368025779724
YDL092W,YBL071W-A,1,-1.0165989,0.13320079445838928,0.3526315689086914,0.22947368025779724
YER115C,YMR216C,0,-1.017369,0.1329365074634552,0.3526315689086914,0.23000000417232513
YCR038C,YGR260W,0,-1.0180324,0.1326732635498047,0.3526315689086914,0.23052631318569183
YLR138W,YHR143W-A,0,-1.0188195,0.13241106271743774,0.3526315689086914,0.23105263710021973
YKR019C,YKL103C,0,-1.0189662,0.13214990496635437,0.3526315689086914,0.23157894611358643
YOR283W,YOR011W,0,-1.0192949,0.13188976049423218,0.3526315689086914,0.23210527002811432
YLR069C,YFR009W,1,-1.0196794,0.1335952877998352,0.35789474844932556,0.23210527002811432
YDR092W,YCR035C,0,-1.0200174,0.13333334028720856,0.35789474844932556,0.23263157904148102
YJR159W,YDR026C,0,-1.0207709,0.1330724060535431,0.35789474844932556,0.23315788805484772
YJL160C,YOR275C,0,-1.0209813,0.1328125,0.35789474844932556,0.2336842119693756
YLR313C,YPL162C,0,-1.0212196,0.1325536072254181,0.35789474844932556,0.2342105209827423
YLR367W,YKL052C,0,-1.021725,0.13229571282863617,0.35789474844932556,0.2347368448972702
YPR003C,YER168C,0,-1.0219048,0.13203883171081543,0.35789474844932556,0.2352631539106369
YNL194C,YHL031C,0,-1.023037,0.13178294897079468,0.35789474844932556,0.2357894778251648
YJL137C,YFR045W,0,-1.0233848,0.13152804970741272,0.35789474844932556,0.2363157868385315
YOR079C,YDR184C,0,-1.023396,0.13127413392066956,0.35789474844932556,0.2368421107530594
YBR271W,YBR121C,0,-1.0234355,0.13102120161056519,0.35789474844932556,0.2373684197664261
YGL116W,YEL046C,0,-1.0240666,0.13076923787593842,0.35789474844932556,0.23789474368095398
YLR240W,YEL040W,0,-1.0242594,0.13051822781562805,0.35789474844932556,0.23842105269432068
YOR010C,YGR209C,0,-1.0252923,0.13026820123195648,0.35789474844932556,0.23894736170768738
YJL089W,YLL026W,0,-1.0259722,0.13001911342144012,0.35789474844932556,0.23947368562221527
YDR302W,YER138C,0,-1.0263652,0.12977099418640137,0.35789474844932556,0.23999999463558197
YER160C,YKL160W,0,-1.0267912,0.12952381372451782,0.35789474844932556,0.24052631855010986
YJR149W,YLR043C,0,-1.0271168,0.1292775720357895,0.35789474844932556,0.24105262756347656
YGR087C,YOR035C,0,-1.0278282,0.12903225421905518,0.35789474844932556,0.24157895147800446
YMR093W,YER154W,0,-1.0278943,0.12878787517547607,0.35789474844932556,0.24210526049137115
YJR027W,YDL047W,0,-1.0280368,0.128544420003891,0.35789474844932556,0.24263158440589905
YER123W,YOR071C,0,-1.028193,0.12830188870429993,0.35789474844932556,0.24315789341926575
YBR150C,YDR293C,0,-1.0285239,0.1280602663755417,0.35789474844932556,0.24368421733379364
YPR080W,YNL014W,1,-1.0290866,0.129699245095253,0.36315789818763733,0.24368421733379364
YLR278C,YOR312C,0,-1.0291778,0.12945590913295746,0.36315789818763733,0.24421052634716034
YBR095C,YLL032C,0,-1.029221,0.12921348214149475,0.36315789818763733,0.24473683536052704
YHR113W,YLR163C,0,-1.0293658,0.12897196412086487,0.36315789818763733,0.24526315927505493
YMR242C,YOL094C,0,-1.0298158,0.12873134016990662,0.36315789818763733,0.24578946828842163
YBR088C,YHR026W,0,-1.029963,0.1284916251897812,0.36315789818763733,0.24631579220294952
YLR225C,YFL010W-A,0,-1.0307875,0.1282527893781662,0.36315789818763733,0.24684210121631622
YAL030W,YOR377W,0,-1.0309284,0.12801484763622284,0.36315789818763733,0.24736842513084412
YNL294C,YDL083C,0,-1.0309296,0.12777778506278992,0.36315789818763733,0.24789473414421082
YLL066C,YJL162C,0,-1.0324836,0.12754158675670624,0.36315789818763733,0.2484210580587387
YOR007C,YEL040W,0,-1.0326872,0.127306267619133,0.36315789818763733,0.2489473670721054
YJR044C,YCR048W,0,-1.033176,0.1270718276500702,0.36315789818763733,0.2494736909866333
YER049W,YPL088W,0,-1.036183,0.12683823704719543,0.36315789818763733,0.25
YPL253C,YJL206C,0,-1.0363767,0.12660551071166992,0.36315789818763733,0.2505263090133667
YKL101W,YDL145C,0,-1.0365736,0.12637363374233246,0.36315789818763733,0.2510526180267334
YFR025C,YDR449C,0,-1.0367949,0.12614259123802185,0.36315789818763733,0.2515789568424225
YKL081W,YKL191W,1,-1.0368816,0.12773722410202026,0.3684210479259491,0.2515789568424225
YKL107W,YDL240W,0,-1.0373336,0.12750455737113953,0.3684210479259491,0.2521052658557892
YFL018C,YJR127C,0,-1.0373554,0.12727272510528564,0.3684210479259491,0.2526315748691559
YBR294W,YPL004C,0,-1.0379233,0.1270417422056198,0.3684210479259491,0.2531578838825226
YEL034W,YDL052C,0,-1.0380199,0.12681159377098083,0.3684210479259491,0.25368422269821167
YDL092W,YLR069C,1,-1.0384891,0.1283905953168869,0.37368419766426086,0.25368422269821167
YKL188C,YIL053W,0,-1.0386358,0.128158837556839,0.37368419766426086,0.25421053171157837
YIL017W,YBL042C,0,-1.0390118,0.12792792916297913,0.37368419766426086,0.25473684072494507
YOR045W,YJL141C,0,-1.0391235,0.12769784033298492,0.37368419766426086,0.25526314973831177
YMR229C,YJR056C,0,-1.0397611,0.12746858596801758,0.37368419766426086,0.25578948855400085
YJL210W,YAL054C,0,-1.0402143,0.1272401362657547,0.37368419766426086,0.25631579756736755
YLR307W,YOL058W,0,-1.0406742,0.12701252102851868,0.37368419766426086,0.25684210658073425
YLR185W,YGR142W,0,-1.0410826,0.12678571045398712,0.37368419766426086,0.25736841559410095
YBR302C,YBR067C,0,-1.0426856,0.12655971944332123,0.37368419766426086,0.25789472460746765
YGR193C,YOL032W,0,-1.0427567,0.1263345181941986,0.37368419766426086,0.25842106342315674
YBL006C,YNL194C,0,-1.042783,0.12611012160778046,0.37368419766426086,0.25894737243652344
YLR023C,YNL065W,0,-1.0429659,0.12588652968406677,0.37368419766426086,0.25947368144989014
YPR143W,YLR205C,0,-1.0441467,0.12566371262073517,0.37368419766426086,0.25999999046325684
YGR125W,YBR072W,0,-1.044181,0.12544170022010803,0.37368419766426086,0.2605263292789459
YNL014W,YBR118W,1,-1.044651,0.1269841343164444,0.378947377204895,0.2605263292789459
YLR337C,YIL121W,0,-1.0452597,0.1267605572938919,0.378947377204895,0.2610526382923126
YMR243C,YKR079C,0,-1.0457608,0.12653778493404388,0.378947377204895,0.2615789473056793
YLR453C,YKR071C,0,-1.0458645,0.12631578743457794,0.378947377204895,0.262105256319046
YMR011W,YOL135C,0,-1.0460112,0.12609456479549408,0.378947377204895,0.2626315653324127
YML051W,YPR154W,0,-1.0467153,0.1258741319179535,0.378947377204895,0.2631579041481018
YNL014W,YDR385W,1,-1.0477235,0.12739965319633484,0.3842105269432068,0.2631579041481018
YHR043C,YJL079C,0,-1.0482006,0.12717770040035248,0.3842105269432068,0.2636842131614685
YDL191W,YFL055W,0,-1.0482557,0.1269565224647522,0.3842105269432068,0.2642105221748352
YDR373W,YLR449W,0,-1.0483478,0.1267361044883728,0.3842105269432068,0.2647368311882019
YMR014W,YML033W,0,-1.05024,0.1265164613723755,0.3842105269432068,0.265263170003891
YKL191W,YFR009W,1,-1.0510051,0.12802767753601074,0.38947367668151855,0.265263170003891
YOR354C,YKL097W-A,0,-1.051172,0.12780655920505524,0.38947367668151855,0.2657894790172577
YAL029C,YIR035C,0,-1.0512958,0.12758620083332062,0.38947367668151855,0.2663157880306244
YIL103W,YDR382W,1,-1.0520742,0.12908777594566345,0.3947368562221527,0.2663157880306244
YNL067W,YLR028C,0,-1.0530725,0.12886597216129303,0.3947368562221527,0.2668420970439911
YKL138C-A,YDL018C,0,-1.0532176,0.1286449432373047,0.3947368562221527,0.2673684358596802
YOL039W,YFR009W,1,-1.0537924,0.13013698160648346,0.4000000059604645,0.2673684358596802
YGR172C,YNR044W,0,-1.0544622,0.1299145370721817,0.4000000059604645,0.2678947448730469
YER069W,YDR233C,0,-1.0547009,0.12969283759593964,0.4000000059604645,0.2684210538864136
YBL102W,YCL067C,0,-1.0547084,0.12947189807891846,0.4000000059604645,0.2689473628997803
YNL063W,YKL191W,1,-1.0549374,0.130952388048172,0.40526315569877625,0.2689473628997803
YKR049C,YOR251C,0,-1.0550402,0.1307300478219986,0.40526315569877625,0.269473671913147
YPR185W,YDR026C,0,-1.0555205,0.13050846755504608,0.40526315569877625,0.27000001072883606
YKL192C,YJL006C,0,-1.0556334,0.13028764724731445,0.40526315569877625,0.27052631974220276
YER052C,YLR301W,0,-1.0558118,0.13006757199764252,0.40526315569877625,0.27105262875556946
YNL178W,YOR101W,0,-1.0558186,0.12984822690486908,0.40526315569877625,0.27157893776893616
YKR060W,YNL024C,0,-1.0560644,0.12962962687015533,0.40526315569877625,0.27210527658462524
YJR091C,YDL004W,0,-1.0561107,0.12941177189350128,0.40526315569877625,0.27263158559799194
YJR137C,YKL018W,0,-1.0562366,0.12919463217258453,0.40526315569877625,0.27315789461135864
YDR127W,YPL167C,0,-1.0564382,0.12897822260856628,0.40526315569877625,0.27368420362472534
YIL143C,YGR203W,0,-1.0566746,0.12876254320144653,0.40526315569877625,0.27421051263809204
YIL103W,YOL039W,1,-1.0578446,0.1302170306444168,0.410526305437088,0.27421051263809204
YJL001W,YHR141C,0,-1.0580187,0.12999999523162842,0.410526305437088,0.27473685145378113
YHR077C,YHR020W,0,-1.058089,0.12978368997573853,0.410526305437088,0.2752631604671478
YBR096W,YJL095W,0,-1.0582558,0.12956809997558594,0.410526305437088,0.2757894694805145
YPL183W-A,YML071C,0,-1.0584134,0.12935324013233185,0.410526305437088,0.2763157784938812
YER078C,YBL047C,0,-1.05956,0.12913906574249268,0.410526305437088,0.2768421173095703
YCL074W,YOR363C,0,-1.0595912,0.128925621509552,0.410526305437088,0.277368426322937
YGR251W,YJR084W,0,-1.0611827,0.12871287763118744,0.410526305437088,0.2778947353363037
YGL038C,YML026C,0,-1.0612329,0.1285008192062378,0.410526305437088,0.2784210443496704
YOR078W,YPR162C,0,-1.0612988,0.12828947603702545,0.410526305437088,0.2789473831653595
YGL195W,YOL039W,1,-1.0613531,0.12972085177898407,0.41578948497772217,0.2789473831653595
YMR134W,YHR003C,0,-1.0615691,0.12950819730758667,0.41578948497772217,0.2794736921787262
YPL168W,YNL315C,0,-1.0620943,0.1292962282896042,0.41578948497772217,0.2800000011920929
YJL118W,YPL129W,0,-1.0628861,0.129084974527359,0.41578948497772217,0.2805263102054596
YDL133C-A,YPL168W,0,-1.0632838,0.12887439131736755,0.41578948497772217,0.2810526192188263
YNL175C,YIL122W,0,-1.0635371,0.12866449356079102,0.41578948497772217,0.2815789580345154
YNL035C,YGL067W,0,-1.064713,0.1284552812576294,0.41578948497772217,0.2821052670478821
YBR172C,YKL061W,0,-1.0652068,0.1282467544078827,0.41578948497772217,0.2826315760612488
YDL092W,YGL195W,1,-1.067322,0.12965963780879974,0.42105263471603394,0.2826315760612488
YPR107C,YGL225W,0,-1.0680592,0.12944984436035156,0.42105263471603394,0.2831578850746155
YHR032W,YLR360W,0,-1.0684936,0.1292407065629959,0.42105263471603394,0.28368422389030457
YJR152W,YMR246W,0,-1.0687425,0.12903225421905518,0.42105263471603394,0.28421053290367126
YHL012W,YNL263C,0,-1.0691855,0.12882447242736816,0.42105263471603394,0.28473684191703796
YDL092W,YDR382W,1,-1.0702591,0.1302250772714615,0.4263157844543457,0.28473684191703796
YEL030W,YMR008C,0,-1.0708598,0.13001605868339539,0.4263157844543457,0.28526315093040466
YNL064C,YNL054W,0,-1.0709193,0.12980769574642181,0.4263157844543457,0.28578945994377136
YJL099W,YHL003C,0,-1.0711915,0.12960000336170197,0.4263157844543457,0.28631579875946045
YCL019W,YGR175C,0,-1.0714861,0.12939296662807465,0.4263157844543457,0.28684210777282715
YKL086W,YDL134C,0,-1.0718808,0.12918660044670105,0.4263157844543457,0.28736841678619385
YOR138C,YOR291W,0,-1.0723794,0.12898088991641998,0.4263157844543457,0.28789472579956055
YOR260W,YER138C,0,-1.072925,0.12877583503723145,0.4263157844543457,0.28842106461524963
YPL049C,YPL003W,0,-1.0730653,0.12857143580913544,0.4263157844543457,0.28894737362861633
YNL002C,YBL019W,0,-1.0748334,0.12836767733097076,0.4263157844543457,0.28947368264198303
YBR101C,YNR033W,0,-1.0749098,0.12816455960273743,0.4263157844543457,0.28999999165534973
YDL104C,YML133C,0,-1.0750959,0.12796208262443542,0.4263157844543457,0.2905263304710388
YDL179W,YPL273W,0,-1.0751675,0.12776024639606476,0.4263157844543457,0.2910526394844055
YLR069C,YKL191W,1,-1.0753475,0.12913386523723602,0.43157893419265747,0.2910526394844055
YOR215C,YKL134C,0,-1.0760429,0.12893082201480865,0.43157893419265747,0.2915789484977722
YMR251W-A,YGL226W,0,-1.0764332,0.12872841954231262,0.43157893419265747,0.2921052575111389
YNL064C,YMR083W,0,-1.0766642,0.12852664291858673,0.43157893419265747,0.2926315665245056
YIL170W,YOR147W,0,-1.0766732,0.12832550704479218,0.43157893419265747,0.2931579053401947
YMR215W,YLR347C,0,-1.0768437,0.12812499701976776,0.43157893419265747,0.2936842143535614
YKL063C,YLR151C,0,-1.0769215,0.1279251128435135,0.43157893419265747,0.2942105233669281
YJL010C,YER060W,0,-1.0777061,0.12772585451602936,0.43157893419265747,0.2947368323802948
YNL037C,YGL139W,0,-1.0784899,0.12752722203731537,0.43157893419265747,0.2952631711959839
YGR128C,YBR271W,0,-1.0786048,0.12732918560504913,0.43157893419265747,0.2957894802093506
YLR368W,YDR196C,0,-1.0795039,0.12713178992271423,0.43157893419265747,0.2963157892227173
YHL026C,YGR121C,0,-1.0796874,0.1269349902868271,0.43157893419265747,0.296842098236084
YHL007C,YLR136C,0,-1.0799696,0.1267388015985489,0.43157893419265747,0.2973684072494507
YDR266C,YHR170W,0,-1.0811507,0.12654320895671844,0.43157893419265747,0.29789474606513977
YBL026W,YDR508C,0,-1.0814697,0.12634822726249695,0.43157893419265747,0.29842105507850647
YFR016C,YPL150W,0,-1.0825586,0.1261538416147232,0.43157893419265747,0.29894736409187317
YBR182C,YCL044C,0,-1.0825734,0.1259600669145584,0.43157893419265747,0.29947367310523987
YJL036W,YKL029C,0,-1.0833619,0.12576687335968018,0.43157893419265747,0.30000001192092896
YOR190W,YML010W,0,-1.0839787,0.1255742758512497,0.43157893419265747,0.30052632093429565
YGL001C,YNL044W,0,-1.0842931,0.12538225948810577,0.43157893419265747,0.30105262994766235
YHR065C,YLR380W,0,-1.0847933,0.1251908391714096,0.43157893419265747,0.30157893896102905
YHL028W,YGR249W,0,-1.0851078,0.125,0.43157893419265747,0.30210527777671814
YPL236C,YPL042C,0,-1.0860486,0.12480974197387695,0.43157893419265747,0.30263158679008484
YER042W,YKL185W,0,-1.0860848,0.12462005764245987,0.43157893419265747,0.30315789580345154
YDR394W,YGL196W,0,-1.0870304,0.12443095445632935,0.43157893419265747,0.30368420481681824
YHR005C,YMR276W,0,-1.0873941,0.12424242496490479,0.43157893419265747,0.30421051383018494
YGL189C,YBR162W-A,0,-1.0879234,0.12405446171760559,0.43157893419265747,0.304736852645874
YGR179C,YOR291W,0,-1.0895209,0.12386707216501236,0.43157893419265747,0.3052631616592407
YHR109W,YHR060W,0,-1.0896823,0.1236802414059639,0.43157893419265747,0.3057894706726074
YDL092W,YOL039W,1,-1.0900302,0.125,0.4368421137332916,0.3057894706726074
YDL156W,YBR183W,0,-1.0902177,0.12481202930212021,0.4368421137332916,0.3063157796859741
YIL103W,YLR069C,1,-1.0911479,0.12612612545490265,0.4421052634716034,0.3063157796859741
YIL148W,YPL183C,0,-1.0916975,0.12593702971935272,0.4421052634716034,0.3068421185016632
YOL136C,YHL050C,0,-1.0919199,0.12574850022792816,0.4421052634716034,0.3073684275150299
YDR257C,YJL177W,0,-1.0920424,0.12556053698062897,0.4421052634716034,0.3078947365283966
YLR069C,YGL195W,1,-1.0928009,0.1268656700849533,0.44736841320991516,0.3078947365283966
YPR017C,YPL217C,0,-1.0928066,0.12667660415172577,0.44736841320991516,0.3084210455417633
YBR028C,YHR210C,0,-1.0940809,0.1264880895614624,0.44736841320991516,0.30894735455513
YNL284C,YKL185W,0,-1.0945424,0.1263001412153244,0.44736841320991516,0.3094736933708191
YLR002C,YNL267W,0,-1.0948265,0.12611275911331177,0.44736841320991516,0.3100000023841858
YHR103W,YGL196W,0,-1.0951911,0.1259259283542633,0.44736841320991516,0.3105263113975525
YIL103W,YLR340W,1,-1.0958917,0.12721893191337585,0.4526315927505493,0.3105263113975525
YPL173W,YDR196C,0,-1.0965769,0.12703101336956024,0.4526315927505493,0.3110526204109192
YNL161W,YGL160W,0,-1.0977296,0.12684366106987,0.4526315927505493,0.3115789592266083
YGL195W,YBR118W,1,-1.0986323,0.12812960147857666,0.4578947424888611,0.3115789592266083
YOR358W,YNL055C,0,-1.0988951,0.12794117629528046,0.4578947424888611,0.312105268239975
YLR249W,YDL092W,1,-1.0989277,0.12922173738479614,0.46315789222717285,0.312105268239975
YJR006W,YPR204W,0,-1.099729,0.12903225421905518,0.46315789222717285,0.3126315772533417
YNL107W,YER073W,0,-1.1008083,0.12884333729743958,0.46315789222717285,0.3131578862667084
YNL161W,YLR408C,0,-1.1012263,0.12865497171878815,0.46315789222717285,0.31368422508239746
YPR080W,YFR009W,1,-1.1023208,0.12992700934410095,0.4684210419654846,0.31368422508239746
YLR034C,YOR205C,0,-1.103587,0.12973761558532715,0.4684210419654846,0.31421053409576416
YDR229W,YDR476C,0,-1.1048385,0.12954875826835632,0.4684210419654846,0.31473684310913086
YBR023C,YLR061W,0,-1.1051133,0.12936046719551086,0.4684210419654846,0.31526315212249756
YML101C,YGR186W,0,-1.1051604,0.12917271256446838,0.4684210419654846,0.31578946113586426
YPL056C,YBR258C,0,-1.106316,0.12898550927639008,0.4684210419654846,0.31631579995155334
YIL002C,YLR089C,0,-1.1065533,0.12879884243011475,0.4684210419654846,0.31684210896492004
YOR214C,YBR211C,0,-1.1070429,0.1286127120256424,0.4684210419654846,0.31736841797828674
YNL026W,YMR193W,0,-1.1074923,0.12842713296413422,0.4684210419654846,0.31789472699165344
YDL092W,YKL081W,1,-1.1077437,0.1296830028295517,0.4736842215061188,0.31789472699165344
YBL036C,YGR205W,0,-1.1079247,0.12949639558792114,0.4736842215061188,0.31842106580734253
YNL016W,YMR193W,0,-1.1084064,0.12931033968925476,0.4736842215061188,0.31894737482070923
YLR225C,YCL025C,0,-1.1091518,0.12912482023239136,0.4736842215061188,0.3194736838340759
YJL183W,YIL118W,0,-1.1093719,0.12893982231616974,0.4736842215061188,0.3199999928474426
YNL069C,YMR295C,0,-1.1094466,0.1287553608417511,0.4736842215061188,0.3205263018608093
YPL232W,YPL280W,0,-1.1101032,0.12857143580913544,0.4736842215061188,0.3210526406764984
YPL265W,YEL034W,0,-1.1114676,0.12838801741600037,0.4736842215061188,0.3215789496898651
YLR196W,YPR196W,0,-1.1116763,0.12820513546466827,0.4736842215061188,0.3221052587032318
YER087C-B,YPL173W,0,-1.1122148,0.12802276015281677,0.4736842215061188,0.3226315677165985
YPL045W,YOR019W,0,-1.1126776,0.12784090638160706,0.4736842215061188,0.3231579065322876
YGL180W,YKR095W-A,0,-1.1127546,0.12765957415103912,0.4736842215061188,0.3236842155456543
YHR170W,YJL172W,0,-1.1138082,0.12747874855995178,0.4736842215061188,0.324210524559021
YDL092W,YDL081C,1,-1.1139845,0.12871287763118744,0.47894737124443054,0.324210524559021
YMR242C,YOL021C,0,-1.1142671,0.1285310685634613,0.47894737124443054,0.3247368335723877
YBL076C,YGR112W,0,-1.1151903,0.12834978103637695,0.47894737124443054,0.3252631723880768
YNL102W,YNL035C,0,-1.1157843,0.1281690150499344,0.47894737124443054,0.3257894814014435
YDR403W,YPL236C,0,-1.1159345,0.12798874080181122,0.47894737124443054,0.3263157904148102
YNL072W,YPL040C,0,-1.1165166,0.12780898809432983,0.47894737124443054,0.3268420994281769
YOR020C,YGR202C,0,-1.1166782,0.12762972712516785,0.47894737124443054,0.3273684084415436
YDR498C,YIL170W,0,-1.117163,0.12745098769664764,0.47894737124443054,0.32789474725723267
YBR172C,YEL046C,0,-1.1173432,0.12727272510528564,0.47894737124443054,0.32842105627059937
YER049W,YEL077C,0,-1.1176237,0.12709496915340424,0.47894737124443054,0.32894736528396606
YCR016W,YER157W,0,-1.1176757,0.12691771984100342,0.47894737124443054,0.32947367429733276
YML123C,YOR291W,0,-1.1177229,0.1267409473657608,0.47894737124443054,0.33000001311302185
YLR113W,YCR008W,0,-1.1178932,0.12656466662883759,0.47894737124443054,0.33052632212638855
YPR194C,YLR332W,0,-1.1179705,0.12638889253139496,0.47894737124443054,0.33105263113975525
YBR046C,YLR129W,0,-1.1182942,0.12621359527111053,0.47894737124443054,0.33157894015312195
YLR183C,YPL266W,0,-1.118583,0.12603877484798431,0.47894737124443054,0.33210524916648865
YGR296W,YML127W,0,-1.1192751,0.12586446106433868,0.47894737124443054,0.33263158798217773
YOR019W,YDR207C,0,-1.1198503,0.12569060921669006,0.47894737124443054,0.33315789699554443
YFL062W,YNL288W,0,-1.1199389,0.12551723420619965,0.47894737124443054,0.33368420600891113
YJL091C,YAL040C,0,-1.120095,0.12534435093402863,0.47894737124443054,0.33421051502227783
YNL055C,YHR056C,0,-1.1202996,0.1251719444990158,0.47894737124443054,0.3347368538379669
YIL148W,YPL190C,0,-1.1204067,0.125,0.47894737124443054,0.3352631628513336
YDR281C,YPL023C,0,-1.1207438,0.1248285323381424,0.47894737124443054,0.3357894718647003
YIL096C,YBR049C,0,-1.1208992,0.1246575340628624,0.47894737124443054,0.336315780878067
YPL249C-A,YER093C,0,-1.1218848,0.12448700517416,0.47894737124443054,0.3368421196937561
YCR086W,YCR055C,0,-1.1231706,0.12431693822145462,0.47894737124443054,0.3373684287071228
YDR138W,YBR211C,0,-1.124296,0.12414734065532684,0.47894737124443054,0.3378947377204895
YGL195W,YNL063W,1,-1.1261001,0.12534059584140778,0.4842105209827423,0.3378947377204895
YNL123W,YDR131C,0,-1.1263193,0.12517006695270538,0.4842105209827423,0.3384210467338562
YNL221C,YOR335C,0,-1.1267111,0.125,0.4842105209827423,0.3389473557472229
YDL064W,YPL040C,0,-1.1274085,0.12483039498329163,0.4842105209827423,0.339473694562912
YBR118W,YKL081W,1,-1.1286924,0.1260162591934204,0.4894736707210541,0.339473694562912
YLR305C,YDR395W,0,-1.130099,0.12584573030471802,0.4894736707210541,0.3400000035762787
YGR251W,YJL149W,0,-1.1304868,0.12567567825317383,0.4894736707210541,0.3405263125896454
YNL239W,YIL087C,0,-1.1306694,0.12550607323646545,0.4894736707210541,0.3410526216030121
YMR034C,YNR023W,0,-1.1316543,0.1253369301557541,0.4894736707210541,0.34157896041870117
YCL027C-A,YIL014W,0,-1.1319834,0.12516823410987854,0.4894736707210541,0.34210526943206787
YGL008C,YLR144C,0,-1.132304,0.125,0.4894736707210541,0.34263157844543457
YBR125C,YJL225C,0,-1.1326993,0.12483221292495728,0.4894736707210541,0.34315788745880127
YGR148C,YNL278W,0,-1.1331527,0.12466488033533096,0.4894736707210541,0.34368419647216797
YIL103W,YNL063W,1,-1.134169,0.12583668529987335,0.49473685026168823,0.34368419647216797
YJR108W,YDR454C,0,-1.1347301,0.1256684511899948,0.49473685026168823,0.34421053528785706
YJR120W,YFR036W,0,-1.1347505,0.1255006641149521,0.49473685026168823,0.34473684430122375
YLR344W,YER054C,0,-1.1352131,0.12533333897590637,0.49473685026168823,0.34526315331459045
YMR229C,YIL066C,0,-1.1361805,0.12516644597053528,0.49473685026168823,0.34578946232795715
YOR241W,YBL112C,0,-1.1363078,0.125,0.49473685026168823,0.34631580114364624
YNR071C,YLR057W,0,-1.1365695,0.12483400106430054,0.49473685026168823,0.34684211015701294
YPL063W,YJL127C,0,-1.1373099,0.1246684342622757,0.49473685026168823,0.34736841917037964
YPR159W,YGR271W,0,-1.1385245,0.12450331449508667,0.49473685026168823,0.34789472818374634
YKR096W,YPR034W,0,-1.138816,0.12433862686157227,0.49473685026168823,0.3484210669994354
YDL188C,YJR129C,0,-1.1389664,0.12417437136173248,0.49473685026168823,0.3489473760128021
YPR097W,YNR032C-A,0,-1.1396915,0.12401055544614792,0.49473685026168823,0.3494736850261688
YOL033W,YOL061W,0,-1.140508,0.12384716421365738,0.49473685026168823,0.3499999940395355
YNL229C,YOR271C,0,-1.1406388,0.12368421256542206,0.49473685026168823,0.3505263030529022
YMR296C,YGL097W,0,-1.142092,0.12352168560028076,0.49473685026168823,0.3510526418685913
YDL092W,YDR385W,1,-1.1426531,0.12467191368341446,0.5,0.3510526418685913
YJL118W,YOR239W,0,-1.1427956,0.12450852245092392,0.5,0.351578950881958
YLR249W,YFR009W,1,-1.1429232,0.1256544440984726,0.5052631497383118,0.351578950881958
YAL001C,YDR091C,0,-1.1436532,0.125490203499794,0.5052631497383118,0.3521052598953247
YGR084C,YBR131W,0,-1.1468524,0.12532636523246765,0.5052631497383118,0.3526315689086914
YML059C,YGL012W,0,-1.1469805,0.1251629739999771,0.5052631497383118,0.3531579077243805
YHR026W,YKL002W,0,-1.1476214,0.125,0.5052631497383118,0.3536842167377472
YNL055C,YIR008C,0,-1.1481254,0.12483745068311691,0.5052631497383118,0.3542105257511139
YBR204C,YLR006C,0,-1.1482779,0.12467532604932785,0.5052631497383118,0.3547368347644806
YMR199W,YBR162W-A,0,-1.1485975,0.12451361864805222,0.5052631497383118,0.3552631437778473
YDL092W,YBR118W,1,-1.1496763,0.1256476640701294,0.5105262994766235,0.3552631437778473
YER127W,YKR100C,0,-1.1498015,0.1254851222038269,0.5105262994766235,0.3557894825935364
YFR053C,YIR026C,0,-1.1511738,0.12532299757003784,0.5105262994766235,0.3563157916069031
YGR177C,YER019C-A,0,-1.1516984,0.1251612901687622,0.5105262994766235,0.3568421006202698
YGL043W,YKR007W,0,-1.1532344,0.125,0.5105262994766235,0.3573684096336365
YLL051C,YNL309W,0,-1.154393,0.12483912706375122,0.5105262994766235,0.35789474844932556
YIL103W,YOR133W,1,-1.1547618,0.12596401572227478,0.5157894492149353,0.35789474844932556
YDR266C,YPL150W,0,-1.155343,0.12580230832099915,0.5157894492149353,0.35842105746269226
YJR004C,YAL061W,0,-1.1564946,0.12564103305339813,0.5157894492149353,0.35894736647605896
YDL206W,YOL034W,0,-1.1566128,0.12548016011714935,0.5157894492149353,0.35947367548942566
YDL198C,YBR065C,0,-1.1568199,0.1253196895122528,0.5157894492149353,0.36000001430511475
YNR054C,YPL179W,0,-1.1569829,0.1251596361398697,0.5157894492149353,0.36052632331848145
YIL167W,YKL063C,0,-1.1572101,0.125,0.5157894492149353,0.36105263233184814
YPL012W,YMR266W,0,-1.1572282,0.12484076619148254,0.5157894492149353,0.36157894134521484
YDL015C,YAL024C,0,-1.1578411,0.12468193471431732,0.5157894492149353,0.36210525035858154
YPR022C,YML131W,0,-1.1594646,0.12452350556850433,0.5157894492149353,0.36263158917427063
YOL144W,YIL018W,0,-1.1597817,0.12436547875404358,0.5157894492149353,0.36315789818763733
YIL103W,YDR385W,1,-1.1599919,0.12547528743743896,0.5210526585578918,0.36315789818763733
YGR048W,YIL064W,0,-1.1600575,0.12531645596027374,0.5210526585578918,0.36368420720100403
YIL162W,YOL108C,0,-1.1606189,0.12515802681446075,0.5210526585578918,0.3642105162143707
YKL107W,YLR132C,0,-1.1613688,0.125,0.5210526585578918,0.3647368550300598
YHR183W,YGR287C,0,-1.1614969,0.12484236806631088,0.5210526585578918,0.3652631640434265
YEL044W,YLL027W,0,-1.1616352,0.124685138463974,0.5210526585578918,0.3657894730567932
YER038C,YAL028W,0,-1.1617329,0.12452830374240875,0.5210526585578918,0.3663157820701599
YOR272W,YOR140W,0,-1.161828,0.12437185645103455,0.5210526585578918,0.3668420910835266
YHR133C,YKL182W,0,-1.1622901,0.12421581149101257,0.5210526585578918,0.3673684298992157
YBR271W,YOR128C,0,-1.1633863,0.12406015396118164,0.5210526585578918,0.3678947389125824
YER062C,YBL041W,0,-1.1634121,0.12390488386154175,0.5210526585578918,0.3684210479259491
YEL062W,YGL226C-A,0,-1.1638238,0.1237500011920929,0.5210526585578918,0.3689473569393158
YHR024C,YER072W,0,-1.1640711,0.12359550595283508,0.5210526585578918,0.3694736957550049
YNL180C,YKL001C,0,-1.1641086,0.12344139814376831,0.5210526585578918,0.3700000047683716
YCR058C,YBR128C,0,-1.1644691,0.12328767031431198,0.5210526585578918,0.3705263137817383
YPR080W,YKL081W,1,-1.164861,0.12437810748815536,0.5263158082962036,0.3705263137817383
YGR205W,YNR003C,0,-1.1649282,0.12422360479831696,0.5263158082962036,0.371052622795105
YDR045C,YDR243C,0,-1.1653485,0.12406948208808899,0.5263158082962036,0.37157896161079407
YKL035W,YHL003C,0,-1.1657202,0.12391573935747147,0.5263158082962036,0.37210527062416077
YJR021C,YDR300C,0,-1.165804,0.12376237660646439,0.5263158082962036,0.37263157963752747
YIL103W,YPR080W,1,-1.1662276,0.124845489859581,0.5315789580345154,0.37263157963752747
YML133C,YOR271C,0,-1.1672299,0.12469135969877243,0.5315789580345154,0.37315788865089417
YIL095W,YDR184C,0,-1.1672418,0.12453760951757431,0.5315789580345154,0.37368419766426086
YPL131W,YKL182W,0,-1.1678665,0.12438423931598663,0.5315789580345154,0.37421053647994995
YKL065C,YNL230C,0,-1.1684384,0.1242312416434288,0.5315789580345154,0.37473684549331665
YMR001C,YLR378C,0,-1.1687247,0.12407862395048141,0.5315789580345154,0.37526315450668335
YML123C,YBL042C,0,-1.1708102,0.12392637878656387,0.5315789580345154,0.37578946352005005
YOR237W,YOR260W,0,-1.1710826,0.12377450615167618,0.5315789580345154,0.37631580233573914
YNL088W,YJR088C,0,-1.1715019,0.12362301349639893,0.5315789580345154,0.37684211134910583
YOR187W,YGL195W,1,-1.1718955,0.12469437718391418,0.5368421077728271,0.37684211134910583
YEL026W,YGL083W,0,-1.1727692,0.12454212456941605,0.5368421077728271,0.37736842036247253
YEL012W,YDR016C,0,-1.1731666,0.12439024448394775,0.5368421077728271,0.37789472937583923
YKL139W,YOR295W,0,-1.1732514,0.12423873692750931,0.5368421077728271,0.37842103838920593
YOR187W,YDR385W,1,-1.1733295,0.12530413269996643,0.5421052575111389,0.37842103838920593
YNL087W,YBR133C,0,-1.173506,0.1251518875360489,0.5421052575111389,0.378947377204895
YNL246W,YHR133C,0,-1.1736223,0.125,0.5421052575111389,0.3794736862182617
YHR193C,YJR093C,0,-1.174546,0.12484848499298096,0.5421052575111389,0.3799999952316284
YIL085C,YAL063C,0,-1.1748133,0.12469733506441116,0.5421052575111389,0.3805263042449951
YER039C,YLR178C,0,-1.1749518,0.12454655021429062,0.5421052575111389,0.3810526430606842
YBL091C,YMR193W,0,-1.1759727,0.12439613789319992,0.5421052575111389,0.3815789520740509
YNL138W-A,YCL011C,0,-1.1764439,0.12424608319997787,0.5421052575111389,0.3821052610874176
YDL081C,YFR009W,1,-1.176539,0.12530121207237244,0.5473684072494507,0.3821052610874176
YIR018W,YNR046W,0,-1.1765877,0.1251504272222519,0.5473684072494507,0.3826315701007843
YPR091C,YHR001W-A,0,-1.1766406,0.125,0.5473684072494507,0.3831579089164734
YMR241W,YPL097W,0,-1.1767251,0.12484993785619736,0.5473684072494507,0.3836842179298401
YBR086C,YMR175W,0,-1.1768048,0.12470024079084396,0.5473684072494507,0.3842105269432068
YDL081C,YKL191W,1,-1.1770068,0.12574850022792816,0.5526315569877625,0.3842105269432068
YDL092W,YFR009W,1,-1.1779449,0.1267942637205124,0.557894766330719,0.3842105269432068
YOR133W,YBR118W,1,-1.1780589,0.12783750891685486,0.5631579160690308,0.3842105269432068
YGL105W,YMR106C,0,-1.1784005,0.12768496572971344,0.5631579160690308,0.3847368359565735
YJL021C,YHR091C,0,-1.1792982,0.12753278017044067,0.5631579160690308,0.3852631449699402
YDR078C,YDR091C,0,-1.1802844,0.12738095223903656,0.5631579160690308,0.3857894837856293
YGL148W,YGR249W,0,-1.1804862,0.1272294819355011,0.5631579160690308,0.38631579279899597
YKL025C,YDR325W,0,-1.1808803,0.12707838416099548,0.5631579160690308,0.38684210181236267
YHR039C,YDL031W,0,-1.1810296,0.12692764401435852,0.5631579160690308,0.38736841082572937
YOR187W,YNL063W,1,-1.1813961,0.12796208262443542,0.5684210658073425,0.38736841082572937
YDL100C,YKR100C,0,-1.1824468,0.12781065702438354,0.5684210658073425,0.38789474964141846
YFR046C,YCR018C,0,-1.1833242,0.12765957415103912,0.5684210658073425,0.38842105865478516
YBR086C,YPR052C,0,-1.1841989,0.12750884890556335,0.5684210658073425,0.38894736766815186
YDL150W,YPL024W,0,-1.1842644,0.12735849618911743,0.5684210658073425,0.38947367668151855
YGL195W,YDR385W,1,-1.1848079,0.12838633358478546,0.5736842155456543,0.38947367668151855
YDL072C,YOR273C,0,-1.1851224,0.12823529541492462,0.5736842155456543,0.38999998569488525
YKL039W,YJR067C,0,-1.1856176,0.12808459997177124,0.5736842155456543,0.39052632451057434
YGR074W,YDL145C,0,-1.1865437,0.1279342770576477,0.5736842155456543,0.39105263352394104
YJL123C,YJL184W,0,-1.1868448,0.12778429687023163,0.5736842155456543,0.39157894253730774
YJL094C,YER150W,0,-1.1869437,0.127634659409523,0.5736842155456543,0.39210525155067444
YIL142W,YOR313C,0,-1.1873224,0.12748537957668304,0.5736842155456543,0.3926315903663635
YNR019W,YDR300C,0,-1.1875787,0.12733644247055054,0.5736842155456543,0.3931578993797302
YGL187C,YLR336C,0,-1.18942,0.12718786299228668,0.5736842155456543,0.3936842083930969
YDR151C,YOR007C,0,-1.190635,0.12703962624073029,0.5736842155456543,0.3942105174064636
YER019C-A,YPL175W,0,-1.191157,0.12689173221588135,0.5736842155456543,0.3947368562221527
YNL236W,YOL052C,0,-1.1912271,0.12674418091773987,0.5736842155456543,0.3952631652355194
YHR041C,YLR054C,0,-1.1915258,0.12659698724746704,0.5736842155456543,0.3957894742488861
YFR053C,YBR278W,0,-1.1915306,0.12645012140274048,0.5736842155456543,0.3963157832622528
YLR249W,YPR080W,1,-1.1917624,0.12746234238147736,0.5789473652839661,0.3963157832622528
YER005W,YLR043C,0,-1.1919186,0.12731482088565826,0.5789473652839661,0.3968420922756195
YBR118W,YKL191W,1,-1.1922559,0.12832370400428772,0.5842105150222778,0.3968420922756195
YEL003W,YKL210W,0,-1.1926126,0.1281755268573761,0.5842105150222778,0.3973684310913086
YBR060C,YPL223C,0,-1.1939527,0.12802767753601074,0.5842105150222778,0.3978947401046753
YKL165C,YOR304C-A,0,-1.1942519,0.12788018584251404,0.5842105150222778,0.398421049118042
YDR142C,YIR038C,0,-1.194909,0.1277330219745636,0.5842105150222778,0.3989473581314087
YPL050C,YGR096W,0,-1.195098,0.12758620083332062,0.5842105150222778,0.3994736969470978
YCL017C,YGR057C,0,-1.1961823,0.1274397224187851,0.5842105150222778,0.4000000059604645
YIL121W,YLR401C,0,-1.1963809,0.12729357182979584,0.5842105150222778,0.4005263149738312
YGL063W,YER183C,0,-1.1987311,0.12714776396751404,0.5842105150222778,0.4010526239871979
YMR271C,YHR072W-A,0,-1.2007526,0.1270022839307785,0.5842105150222778,0.4015789330005646
YKL112W,YCR016W,0,-1.2012844,0.12685714662075043,0.5842105150222778,0.40210527181625366
YIL017C,YIL040W,0,-1.2012848,0.12671232223510742,0.5842105150222778,0.40263158082962036
YLR037C,YOR196C,0,-1.2013588,0.12656784057617188,0.5842105150222778,0.40315788984298706
YOR071C,YBR107C,0,-1.2014276,0.1264236867427826,0.5842105150222778,0.40368419885635376
YIL080W,YDR367W,0,-1.2014467,0.12627986073493958,0.5842105150222778,0.40421053767204285
YDL081C,YBR118W,1,-1.2017652,0.12727272510528564,0.5894736647605896,0.40421053767204285
YNR052C,YBR265W,0,-1.2019147,0.1271282583475113,0.5894736647605896,0.40473684668540955
YCL057W,YPR140W,0,-1.2026552,0.1269841343164444,0.5894736647605896,0.40526315569877625
YNL063W,YFR009W,1,-1.2045848,0.1279728263616562,0.5947368144989014,0.40526315569877625
YPR022C,YNL245C,0,-1.2049209,0.12782806158065796,0.5947368144989014,0.40578946471214294
YNL023C,YLR300W,0,-1.2054453,0.1276836097240448,0.5947368144989014,0.40631580352783203
YLR117C,YBR183W,0,-1.2056694,0.1275395005941391,0.5947368144989014,0.40684211254119873
YJR103W,YLR022C,0,-1.2065827,0.12739571928977966,0.5947368144989014,0.40736842155456543
YBR196C,YGR020C,0,-1.2067202,0.1272522509098053,0.5947368144989014,0.40789473056793213
YLR249W,YIL103W,1,-1.2086351,0.12823396921157837,0.6000000238418579,0.40789473056793213
YOR311C,YGR165W,0,-1.2089415,0.12808988988399506,0.6000000238418579,0.40842103958129883
YLR429W,YDL132W,0,-1.2090744,0.12794612348079681,0.6000000238418579,0.4089473783969879
YDL134C,YDR488C,0,-1.2091224,0.12780268490314484,0.6000000238418579,0.4094736874103546
YDL061C,YNL126W,0,-1.2091936,0.12765957415103912,0.6000000238418579,0.4099999964237213
YMR040W,YLR432W,0,-1.2094074,0.12751677632331848,0.6000000238418579,0.410526305437088
YJL206C,YLR115W,0,-1.2101609,0.1273743063211441,0.6000000238418579,0.4110526442527771
YMR308C,YOR214C,0,-1.210172,0.1272321492433548,0.6000000238418579,0.4115789532661438
YLR002C,YGR132C,0,-1.2102152,0.12709030508995056,0.6000000238418579,0.4121052622795105
YER177W,YPR006C,0,-1.2104363,0.1269487738609314,0.6000000238418579,0.4126315712928772
YKL063C,YIL119C,0,-1.2111769,0.1268075704574585,0.6000000238418579,0.4131578803062439
YEL052W,YBR091C,0,-1.2113155,0.12666666507720947,0.6000000238418579,0.413684219121933
YLR355C,YML110C,0,-1.2136499,0.1265260875225067,0.6000000238418579,0.4142105281352997
YGR255C,YDR304C,0,-1.214144,0.12638580799102783,0.6000000238418579,0.4147368371486664
YOL113W,YDR309C,0,-1.2144685,0.12624584138393402,0.6000000238418579,0.4152631461620331
YDL039C,YML028W,0,-1.2166573,0.12610618770122528,0.6000000238418579,0.41578948497772217
YJL130C,YDL207W,0,-1.2171121,0.1259668469429016,0.6000000238418579,0.41631579399108887
YOR272W,YLR167W,0,-1.2176011,0.125827819108963,0.6000000238418579,0.41684210300445557
YGR041W,YPL217C,0,-1.2187504,0.1256890892982483,0.6000000238418579,0.41736841201782227
YJR099W,YMR013C,0,-1.2193617,0.12555065751075745,0.6000000238418579,0.41789475083351135
YPL239W,YCR057C,0,-1.2202061,0.12541253864765167,0.6000000238418579,0.41842105984687805
YKR053C,YCL043C,0,-1.2210654,0.12527473270893097,0.6000000238418579,0.41894736886024475
YKL193C,YJL004C,0,-1.2213049,0.12513720989227295,0.6000000238418579,0.41947367787361145
YLR325C,YLR117C,0,-1.2228956,0.125,0.6000000238418579,0.41999998688697815
YJL183W,YGL029W,0,-1.2230036,0.12486308813095093,0.6000000238418579,0.42052632570266724
YPL050C,YGL099W,0,-1.2242428,0.12472647428512573,0.6000000238418579,0.42105263471603394
YPR167C,YMR035W,0,-1.2242585,0.12459016591310501,0.6000000238418579,0.42157894372940063
YER101C,YGR097W,0,-1.2246398,0.12445414811372757,0.6000000238418579,0.42210525274276733
YHR187W,YBR189W,0,-1.2246407,0.124318428337574,0.6000000238418579,0.4226315915584564
YJL141C,YHR047C,0,-1.2247454,0.12418300658464432,0.6000000238418579,0.4231579005718231
YJL118W,YLR309C,0,-1.2247722,0.12404787540435791,0.6000000238418579,0.4236842095851898
YCL038C,YMR083W,0,-1.2248391,0.12391304224729538,0.6000000238418579,0.4242105185985565
YBR089C-A,YBR010W,0,-1.2248825,0.12377849966287613,0.6000000238418579,0.4247368276119232
YGR113W,YGL122C,0,-1.2249981,0.12364425510168076,0.6000000238418579,0.4252631664276123
YDR267C,YGR181W,0,-1.225024,0.12351029366254807,0.6000000238418579,0.425789475440979
YOR009W,YOL042W,0,-1.2251936,0.12337662279605865,0.6000000238418579,0.4263157844543457
YIL127C,YOR291W,0,-1.2254411,0.12324324250221252,0.6000000238418579,0.4268420934677124
YPR043W,YBR221C,0,-1.2262197,0.12311015278100967,0.6000000238418579,0.4273684322834015
YOR064C,YGL234W,0,-1.2282673,0.1229773461818695,0.6000000238418579,0.4278947412967682
YFL014W,YNL147W,0,-1.2287883,0.12284483015537262,0.6000000238418579,0.4284210503101349
YOR009W,YJL203W,0,-1.2293861,0.12271259725093842,0.6000000238418579,0.4289473593235016
YPR091C,YDR256C,0,-1.2320381,0.1225806474685669,0.6000000238418579,0.4294736981391907
YPL094C,YPR114W,0,-1.2323582,0.12244898080825806,0.6000000238418579,0.4300000071525574
YDR216W,YHR156C,0,-1.2327694,0.1223175972700119,0.6000000238418579,0.4305263161659241
YPL141C,YNL283C,0,-1.2335068,0.12218649685382843,0.6000000238418579,0.43105262517929077
YPR080W,YDR385W,1,-1.2338239,0.12312633544206619,0.6052631735801697,0.43105262517929077
YMR179W,YHR122W,0,-1.234589,0.12299465388059616,0.6052631735801697,0.43157893419265747
YCL043C,YPL232W,0,-1.2346517,0.12286324799060822,0.6052631735801697,0.43210527300834656
YPR149W,YMR278W,0,-1.2355871,0.12273212522268295,0.6052631735801697,0.43263158202171326
YPL056C,YPR018W,0,-1.236091,0.12260127812623978,0.6052631735801697,0.43315789103507996
YOR382W,YOR362C,0,-1.2360963,0.12247071415185928,0.6052631735801697,0.43368420004844666
YDR204W,YOR287C,0,-1.2381904,0.12234042584896088,0.6052631735801697,0.43421053886413574
YIL103W,YFR009W,1,-1.2383313,0.12327311187982559,0.6105263233184814,0.43421053886413574
YMR180C,YEL047C,0,-1.2384435,0.12314224988222122,0.6105263233184814,0.43473684787750244
YNL014W,YKL191W,1,-1.2385501,0.1240721121430397,0.6157894730567932,0.43473684787750244
YDL121C,YBR288C,0,-1.2386839,0.12394067645072937,0.6157894730567932,0.43526315689086914
YPL056C,YGR238C,0,-1.23959,0.12380952388048172,0.6157894730567932,0.43578946590423584
YLR291C,YGR280C,0,-1.2401401,0.12367864698171616,0.6157894730567932,0.43631577491760254
YNL258C,YDR338C,0,-1.2404109,0.12354804575443268,0.6157894730567932,0.4368421137332916
YLR340W,YKL191W,1,-1.2406104,0.12447257339954376,0.621052622795105,0.4368421137332916
YOR230W,YNL265C,0,-1.2407063,0.12434141337871552,0.621052622795105,0.4373684227466583
YMR083W,YHR002W,0,-1.2407768,0.12421052902936935,0.621052622795105,0.437894731760025
YKL161C,YNL078W,0,-1.2420658,0.12407991290092468,0.621052622795105,0.4384210407733917
YLL041C,YDR515W,0,-1.2423766,0.1239495798945427,0.621052622795105,0.4389473795890808
YPR174C,YBR130C,0,-1.2424257,0.1238195151090622,0.621052622795105,0.4394736886024475
YMR099C,YMR035W,0,-1.2425656,0.12368972599506378,0.621052622795105,0.4399999976158142
YKL188C,YOR229W,0,-1.2425693,0.12356021255254745,0.621052622795105,0.4405263066291809
YBL002W,YGR118W,0,-1.2427669,0.12343095988035202,0.621052622795105,0.44105264544487
YGR193C,YAR003W,0,-1.2429713,0.12330198287963867,0.621052622795105,0.4415789544582367
YJL066C,YDL168W,0,-1.243281,0.12317327409982681,0.621052622795105,0.4421052634716034
YOR173W,YOR017W,0,-1.2435343,0.12304484099149704,0.621052622795105,0.4426315724849701
YLL041C,YLL024C,0,-1.244047,0.12291666865348816,0.621052622795105,0.4431578814983368
YOR284W,YOL086C,0,-1.2447444,0.12278876453638077,0.621052622795105,0.4436842203140259
YEL029C,YMR097C,0,-1.2449664,0.12266112118959427,0.621052622795105,0.4442105293273926
YJR119C,YNL050C,0,-1.2450956,0.12253374606370926,0.621052622795105,0.4447368383407593
YOR187W,YFR009W,1,-1.2453918,0.12344398349523544,0.6263157725334167,0.4447368383407593
YIL103W,YDL081C,1,-1.2454253,0.12435232847929001,0.6315789222717285,0.4447368383407593
YOR173W,YGR161C,0,-1.2455615,0.12422360479831696,0.6315789222717285,0.445263147354126
YNL317W,YBR104W,0,-1.2460165,0.1240951418876648,0.6315789222717285,0.44578948616981506
YJR002W,YPR201W,0,-1.2460461,0.12396693974733353,0.6315789222717285,0.44631579518318176
YPL064C,YML081W,0,-1.246497,0.12383900582790375,0.6315789222717285,0.44684210419654846
YGR080W,YOR081C,0,-1.2470587,0.12371134012937546,0.6315789222717285,0.44736841320991516
YDL092W,YKL191W,1,-1.2481095,0.12461379915475845,0.6368421316146851,0.44736841320991516
YGL018C,YPL266W,0,-1.2481955,0.12448559701442719,0.6368421316146851,0.44789472222328186
YGR277C,YOR361C,0,-1.2492992,0.12435765564441681,0.6368421316146851,0.44842106103897095
YBR089C-A,YPR056W,0,-1.2494305,0.12422998249530792,0.6368421316146851,0.44894737005233765
YEL042W,YPR180W,0,-1.2501702,0.12410256266593933,0.6368421316146851,0.44947367906570435
YLR143W,YNL054W,0,-1.2503189,0.12397541105747223,0.6368421316146851,0.44999998807907104
YLR054C,YCR024C,0,-1.2503414,0.12384851276874542,0.6368421316146851,0.45052632689476013
YPL023C,YGL068W,0,-1.2504834,0.1237218827009201,0.6368421316146851,0.45105263590812683
YOR056C,YDR331W,0,-1.250764,0.12359550595283508,0.6368421316146851,0.45157894492149353
YNL020C,YOR168W,0,-1.2515377,0.12346938997507095,0.6368421316146851,0.45210525393486023
YDR427W,YKR013W,0,-1.2523454,0.12334352731704712,0.6368421316146851,0.4526315927505493
YNL014W,YDL081C,1,-1.2525599,0.12423625588417053,0.6421052813529968,0.4526315927505493
YMR090W,YCR052W,0,-1.25276,0.12410986423492432,0.6421052813529968,0.453157901763916
YOR293W,YGL246C,0,-1.2531723,0.12398374080657959,0.6421052813529968,0.4536842107772827
YDR214W,YJR105W,0,-1.2536043,0.12385787069797516,0.6421052813529968,0.4542105197906494
YNL222W,YPR183W,0,-1.2536438,0.12373225390911102,0.6421052813529968,0.4547368288040161
YMR241W,YFR018C,0,-1.25366,0.12360689043998718,0.6421052813529968,0.4552631676197052
YJR129C,YNL245C,0,-1.2538476,0.12348178029060364,0.6421052813529968,0.4557894766330719
YPL015C,YBL089W,0,-1.2543489,0.12335692346096039,0.6421052813529968,0.4563157856464386
YDR427W,YAL039C,0,-1.2544456,0.12323231995105743,0.6421052813529968,0.4568420946598053
YFR049W,YBR274W,0,-1.2550968,0.12310796976089478,0.6421052813529968,0.4573684334754944
YLR352W,YDR075W,0,-1.2557989,0.12298387289047241,0.6421052813529968,0.4578947424888611
YDR284C,YLR150W,0,-1.2560025,0.12286002188920975,0.6421052813529968,0.4584210515022278
YOL020W,YPL259C,0,-1.2573909,0.12273641675710678,0.6421052813529968,0.4589473605155945
YHR187W,YKL182W,0,-1.257588,0.12261306494474411,0.6421052813529968,0.4594736695289612
YGR108W,YHR003C,0,-1.2581547,0.12248995900154114,0.6421052813529968,0.46000000834465027
YER042W,YNL197C,0,-1.260011,0.12236709892749786,0.6421052813529968,0.46052631735801697
YEL024W,YPL046C,0,-1.2605823,0.12224449217319489,0.6421052813529968,0.46105262637138367
YBR279W,YIL015W,0,-1.2614379,0.12212212383747101,0.6421052813529968,0.46157893538475037
YNR012W,YDR307W,0,-1.2620226,0.12200000137090683,0.6421052813529968,0.46210527420043945
YOR002W,YGL027C,0,-1.262124,0.12187812477350235,0.6421052813529968,0.46263158321380615
YKL126W,YLR196W,0,-1.264068,0.12175648659467697,0.6421052813529968,0.46315789222717285
YDR385W,YKL191W,1,-1.2640902,0.12263210117816925,0.6473684310913086,0.46315789222717285
YNR055C,YBR026C,0,-1.2643601,0.12250996381044388,0.6473684310913086,0.46368420124053955
YOR187W,YKL191W,1,-1.2645301,0.12338308244943619,0.6526315808296204,0.46368420124053955
YHR138C,YGR215W,0,-1.2648245,0.12326043844223022,0.6526315808296204,0.46421054005622864
YDL140C,YML028W,0,-1.2650511,0.12313803285360336,0.6526315808296204,0.46473684906959534
YNR059W,YOR078W,0,-1.2651575,0.1230158731341362,0.6526315808296204,0.46526315808296204
YDR446W,YGR214W,0,-1.2655193,0.12289395183324814,0.6526315808296204,0.46578946709632874
YLR093C,YBR169C,0,-1.266598,0.12277227640151978,0.6526315808296204,0.46631577610969543
YOL039W,YKL191W,1,-1.2669996,0.12363996356725693,0.6578947305679321,0.46631577610969543
YIL095W,YGR091W,0,-1.2671809,0.12351778894662857,0.6578947305679321,0.4668421149253845
YLR148W,YLR011W,0,-1.2676963,0.12339585274457932,0.6578947305679321,0.4673684239387512
YJL060W,YPR110C,0,-1.2692657,0.12327416241168976,0.6578947305679321,0.4678947329521179
YMR190C,YER159C,0,-1.2692934,0.1231527104973793,0.6578947305679321,0.4684210419654846
YJR031C,YMR114C,0,-1.2699672,0.12303149700164795,0.6578947305679321,0.4689473807811737
YPL104W,YKL061W,0,-1.2700083,0.1229105219244957,0.6578947305679321,0.4694736897945404
YFL062W,YHL031C,0,-1.2721125,0.12278978526592255,0.6578947305679321,0.4699999988079071
YPL004C,YBR131W,0,-1.2722131,0.1226692870259285,0.6578947305679321,0.4705263078212738
YDR201W,YFL022C,0,-1.2735882,0.12254901975393295,0.6578947305679321,0.4710526168346405
YLR138W,YOR359W,0,-1.2742276,0.12242899090051651,0.6578947305679321,0.4715789556503296
YLR249W,YOL039W,1,-1.2742982,0.12328767031431198,0.6631578803062439,0.4715789556503296
YOL016C,YER033C,0,-1.2745342,0.12316715717315674,0.6631578803062439,0.4721052646636963
YJR057W,YCL010C,0,-1.2747049,0.123046875,0.6631578803062439,0.472631573677063
YLR249W,YBR118W,1,-1.2748188,0.12390244007110596,0.6684210300445557,0.472631573677063
YER015W,YMR293C,0,-1.2750005,0.12378167361021042,0.6684210300445557,0.4731578826904297
YHR079C,YKL001C,0,-1.2752309,0.12366114556789398,0.6684210300445557,0.4736842215061188
YJL074C,YGR097W,0,-1.2754604,0.12354085594415665,0.6684210300445557,0.4742105305194855
YHL025W,YDR350C,0,-1.2760601,0.12342079728841782,0.6684210300445557,0.4747368395328522
YGL026C,YBR200W,0,-1.276175,0.12330096960067749,0.6684210300445557,0.47526314854621887
YDR222W,YIL096C,0,-1.2762744,0.12318138033151627,0.6684210300445557,0.47578948736190796
YDL207W,YHL027W,0,-1.2764726,0.12306201457977295,0.6684210300445557,0.47631579637527466
YOR133W,YKL081W,1,-1.2767355,0.12391094118356705,0.6736842393875122,0.47631579637527466
YNL014W,YBL071W-A,1,-1.2772884,0.12475822120904922,0.678947389125824,0.47631579637527466
YGL013C,YNL045W,0,-1.2780272,0.1246376782655716,0.678947389125824,0.47684210538864136
YBR162C,YLR150W,0,-1.2783548,0.12451737374067307,0.678947389125824,0.47736841440200806
YOR133W,YDL081C,1,-1.2786554,0.1253616213798523,0.6842105388641357,0.47736841440200806
YJR159W,YPL167C,0,-1.2795892,0.12524084746837616,0.6842105388641357,0.47789472341537476
YDR457W,YDR206W,0,-1.2811421,0.12512031197547913,0.6842105388641357,0.47842106223106384
YBR280C,YBR018C,0,-1.2812566,0.125,0.6842105388641357,0.47894737124443054
YBR044C,YNR038W,0,-1.2814459,0.12487992644309998,0.6842105388641357,0.47947368025779724
YER087C-B,YDR119W,0,-1.2819875,0.12476007640361786,0.6842105388641357,0.47999998927116394
YMR205C,YGR078C,0,-1.282514,0.12464045733213425,0.6842105388641357,0.480526328086853
YDR167W,YDR434W,0,-1.2830027,0.12452106922864914,0.6842105388641357,0.4810526371002197
YKL096W-A,YHR026W,0,-1.2833787,0.12440191209316254,0.6842105388641357,0.4815789461135864
YBR088C,YLR190W,0,-1.2839712,0.12428298592567444,0.6842105388641357,0.4821052551269531
YOL137W,YPL040C,0,-1.2841759,0.12416427582502365,0.6842105388641357,0.4826315641403198
YDL100C,YHR152W,0,-1.2843752,0.12404580414295197,0.6842105388641357,0.4831579029560089
YOR267C,YGR027C,0,-1.2845417,0.12392754852771759,0.6842105388641357,0.4836842119693756
YPR100W,YOR091W,0,-1.2852224,0.12380952388048172,0.6842105388641357,0.4842105209827423
YIL103W,YOR187W,1,-1.2860688,0.12464319914579391,0.6894736886024475,0.4842105209827423
YNL202W,YLR330W,0,-1.286318,0.12452471256256104,0.6894736886024475,0.484736829996109
YNL014W,YFR009W,1,-1.2873605,0.12535612285137177,0.6947368383407593,0.484736829996109
YMR301C,YLR037C,0,-1.2876613,0.12523719668388367,0.6947368383407593,0.4852631688117981
YER040W,YOR227W,0,-1.287841,0.12511847913265228,0.6947368383407593,0.4857894778251648
YJR125C,YBR131W,0,-1.289638,0.125,0.6947368383407593,0.4863157868385315
YDR498C,YNL008C,0,-1.290077,0.12488174438476562,0.6947368383407593,0.4868420958518982
YOR153W,YBL080C,0,-1.2907239,0.12476370483636856,0.6947368383407593,0.4873684346675873
YLL051C,YNL020C,0,-1.2924752,0.1246458888053894,0.6947368383407593,0.487894743680954
YPL234C,YER052C,0,-1.292555,0.12452830374240875,0.6947368383407593,0.4884210526943207
YDR144C,YBL056W,0,-1.292877,0.12441093474626541,0.6947368383407593,0.4889473617076874
YGL022W,YPL137C,0,-1.2939078,0.12429378181695938,0.6947368383407593,0.4894736707210541
YDR307W,YLR057W,0,-1.2946748,0.12417685985565186,0.6947368383407593,0.49000000953674316
YPR080W,YKL191W,1,-1.2947544,0.125,0.699999988079071,0.49000000953674316
YDL018C,YOL038W,0,-1.2954541,0.12488263100385666,0.699999988079071,0.49052631855010986
YDL153C,YDL170W,0,-1.2960601,0.12476547807455063,0.699999988079071,0.49105262756347656
YGL053W,YLR308W,0,-1.2961985,0.1246485486626625,0.699999988079071,0.49157893657684326
YER175C,YDR372C,0,-1.2964135,0.1245318353176117,0.699999988079071,0.49210527539253235
YKR052C,YAL061W,0,-1.297099,0.1244153380393982,0.699999988079071,0.49263158440589905
YBR180W,YPL005W,0,-1.2973202,0.1242990642786026,0.699999988079071,0.49315789341926575
YDR156W,YML047C,0,-1.2975476,0.12418300658464432,0.699999988079071,0.49368420243263245
YDR378C,YKR060W,0,-1.2977597,0.12406716495752335,0.699999988079071,0.49421051144599915
YPL128C,YBL076C,0,-1.2988964,0.12395153939723969,0.699999988079071,0.49473685026168823
YMR125W,YGL085W,0,-1.2990235,0.12383612990379333,0.699999988079071,0.49526315927505493
YOR284W,YJR063W,0,-1.2992436,0.1237209290266037,0.699999988079071,0.49578946828842163
YLR185W,YMR214W,0,-1.2995163,0.12360595166683197,0.699999988079071,0.49631577730178833
YDL100C,YJL059W,0,-1.3008604,0.12349118292331696,0.699999988079071,0.4968421161174774
YDR352W,YBL084C,0,-1.3010759,0.12337662279605865,0.699999988079071,0.4973684251308441
YCL005W-A,YNL317W,0,-1.3012551,0.12326227873563766,0.699999988079071,0.4978947341442108
YHR134W,YPL006W,0,-1.3016707,0.12314815074205399,0.699999988079071,0.4984210431575775
YDR204W,YOR157C,0,-1.3028203,0.12303422391414642,0.699999988079071,0.4989473819732666
YNL014W,YGL195W,1,-1.3032546,0.12384473532438278,0.7052631378173828,0.4989473819732666
YJR107W,YML064C,0,-1.3037165,0.1237303763628006,0.7052631378173828,0.4994736909866333
YOL108C,YBL051C,0,-1.3037319,0.12361623346805573,0.7052631378173828,0.5
YOR045W,YOR372C,0,-1.3040184,0.12350230664014816,0.7052631378173828,0.5005263090133667
YBR172C,YLR003C,0,-1.3042749,0.12338858097791672,0.7052631378173828,0.5010526180267334
YHR026W,YLR092W,0,-1.3046073,0.12327507138252258,0.7052631378173828,0.5015789270401001
YGR224W,YNL164C,0,-1.3046738,0.12316176295280457,0.7052631378173828,0.5021052360534668
YDL175C,YMR105C,0,-1.3048561,0.12304867058992386,0.7052631378173828,0.5026316046714783
YKL039W,YOR321W,0,-1.3052986,0.12293577939271927,0.7052631378173828,0.503157913684845
YJR028W,YIL007C,0,-1.3061441,0.12282309681177139,0.7052631378173828,0.5036842226982117
YOL086C,YNL036W,0,-1.3068856,0.12271062284708023,0.7052631378173828,0.5042105317115784
YNL139C,YLL034C,0,-1.3074344,0.12259835004806519,0.7052631378173828,0.5047368407249451
YLR249W,YKL191W,1,-1.3080558,0.12340036779642105,0.7105262875556946,0.5047368407249451
YNR024W,YAL060W,0,-1.3083029,0.12328767031431198,0.7105262875556946,0.5052631497383118
YKL124W,YKR019C,0,-1.3085495,0.12317518144845963,0.7105262875556946,0.5057894587516785
YLR310C,YJR133W,0,-1.3087916,0.12306290119886398,0.7105262875556946,0.5063157677650452
YGR003W,YOL027C,0,-1.3090185,0.12295082211494446,0.7105262875556946,0.5068420767784119
YML082W,YHR032W,0,-1.309106,0.12283894419670105,0.7105262875556946,0.5073684453964233
YGR085C,YDR255C,0,-1.30928,0.12272727489471436,0.7105262875556946,0.50789475440979
YER021W,YLR037C,0,-1.3097683,0.12261580675840378,0.7105262875556946,0.5084210634231567
YHR034C,YJL140W,0,-1.3101448,0.12250453978776932,0.7105262875556946,0.5089473724365234
YER048C,YDR188W,0,-1.3111178,0.12239347398281097,0.7105262875556946,0.5094736814498901
YDL072C,YAR002C-A,0,-1.3111589,0.12228260934352875,0.7105262875556946,0.5099999904632568
YLR305C,YEL060C,0,-1.3114198,0.12217194586992264,0.7105262875556946,0.5105262994766235
YHR004C,YOR117W,0,-1.3124162,0.12206148356199265,0.7105262875556946,0.5110526084899902
YHR123W,YGL160W,0,-1.3125397,0.12195122241973877,0.7105262875556946,0.5115789771080017
YCR024C-A,YGR227W,0,-1.3127435,0.12184115499258041,0.7105262875556946,0.5121052861213684
YHR108W,YFR051C,0,-1.3132446,0.12173128873109818,0.7105262875556946,0.5126315951347351
YCR012W,YCR107W,0,-1.3133479,0.12162162363529205,0.7105262875556946,0.5131579041481018
YDR361C,YKR088C,0,-1.3134266,0.12151215225458145,0.7105262875556946,0.5136842131614685
YDR167W,YDL222C,0,-1.3141586,0.12140287458896637,0.7105262875556946,0.5142105221748352
YGR143W,YDR363W,0,-1.3142428,0.1212937980890274,0.7105262875556946,0.5147368311882019
YBR244W,YOR180C,0,-1.3162336,0.12118492275476456,0.7105262875556946,0.5152631402015686
YOR208W,YMR202W,0,-1.316253,0.12107623368501663,0.7105262875556946,0.5157894492149353
YHR194W,YOR099W,0,-1.3163365,0.12096773833036423,0.7105262875556946,0.5163158178329468
YLR429W,YPL233W,0,-1.3169758,0.12085944414138794,0.7105262875556946,0.5168421268463135
YGR085C,YGL086W,0,-1.3173165,0.12075134366750717,0.7105262875556946,0.5173684358596802
YOL061W,YNL127W,0,-1.3179649,0.12064342945814133,0.7105262875556946,0.5178947448730469
YJR147W,YMR035W,0,-1.3183959,0.1205357164144516,0.7105262875556946,0.5184210538864136
YDR002W,YBR121C,0,-1.3188945,0.1204281896352768,0.7105262875556946,0.5189473628997803
YLR451W,YLR372W,0,-1.3191938,0.12032085657119751,0.7105262875556946,0.519473671913147
YER060W-A,YAR042W,0,-1.3193814,0.12021370977163315,0.7105262875556946,0.5199999809265137
YLR110C,YFL009W,0,-1.3197615,0.1201067641377449,0.7105262875556946,0.5205262899398804
YIL103W,YGL195W,1,-1.3201107,0.12088888883590698,0.7157894968986511,0.5205262899398804
YLL036C,YKL184W,0,-1.3202586,0.12078152596950531,0.7157894968986511,0.5210526585578918
YJL216C,YHR168W,0,-1.3205248,0.12067435681819916,0.7157894968986511,0.5215789675712585
YKR022C,YOR204W,0,-1.3213443,0.12056737393140793,0.7157894968986511,0.5221052765846252
YLR378C,YKL041W,0,-1.3215629,0.12046058475971222,0.7157894968986511,0.5226315855979919
YPL030W,YDR477W,0,-1.3227448,0.12035398185253143,0.7157894968986511,0.5231578946113586
YOR133W,YNL014W,1,-1.3241502,0.12113174051046371,0.7210526466369629,0.5231578946113586
YNL006W,YPR075C,0,-1.3241607,0.1210247352719307,0.7210526466369629,0.5236842036247253
YOR133W,YKL191W,1,-1.3246813,0.12180052697658539,0.7263157963752747,0.5236842036247253
YJR161C,YOL142W,0,-1.3259176,0.12169311940670013,0.7263157963752747,0.524210512638092
YLR249W,YNL014W,1,-1.3269571,0.12246695905923843,0.7315789461135864,0.524210512638092
YIL147C,YGR049W,0,-1.3270363,0.12235915660858154,0.7315789461135864,0.5247368216514587
YDR043C,YMR270C,0,-1.3271626,0.12225154042243958,0.7315789461135864,0.5252631306648254
YBR086C,YLL014W,0,-1.3274597,0.12214411050081253,0.7315789461135864,0.5257894992828369
YIL056W,YEL051W,0,-1.3275594,0.122036874294281,0.7315789461135864,0.5263158082962036
YOR324C,YLR190W,0,-1.3277271,0.1219298243522644,0.7315789461135864,0.5268421173095703
YGL195W,YFR009W,1,-1.3277944,0.12269938737154007,0.7368420958518982,0.5268421173095703
YPL200W,YFR010W,0,-1.3281885,0.12259194254875183,0.7368420958518982,0.527368426322937
YHR033W,YGL077C,0,-1.3284386,0.12248469144105911,0.7368420958518982,0.5278947353363037
YIL110W,YGR251W,0,-1.3287547,0.12237761914730072,0.7368420958518982,0.5284210443496704
YDR140W,YPL280W,0,-1.3295395,0.12227074056863785,0.7368420958518982,0.5289473533630371
YDL092W,YIL103W,1,-1.3314234,0.12303665280342102,0.74210524559021,0.5289473533630371
YNL055C,YCL043C,0,-1.3315276,0.12292937934398651,0.74210524559021,0.5294736623764038
YDR354W,YNL003C,0,-1.3322505,0.12282229959964752,0.74210524559021,0.5299999713897705
YPR080W,YDL081C,1,-1.333889,0.12358572334051132,0.7473683953285217,0.5299999713897705
YLR051C,YKL058W,0,-1.3341864,0.12347826361656189,0.7473683953285217,0.530526340007782
YMR093W,YJR083C,0,-1.3344578,0.12337098270654678,0.7473683953285217,0.5310526490211487
YJR109C,YHR143W-A,0,-1.3353981,0.1232638880610466,0.7473683953285217,0.5315789580345154
YKR103W,YML007W,0,-1.3361717,0.12315697968006134,0.7473683953285217,0.5321052670478821
YGR246C,YMR059W,0,-1.3367841,0.123050257563591,0.7473683953285217,0.5326315760612488
YOL070C,YGL026C,0,-1.3371264,0.12294372171163559,0.7473683953285217,0.5331578850746155
YER165W,YJR002W,0,-1.3373815,0.1228373721241951,0.7473683953285217,0.5336841940879822
YHR005C,YJL013C,0,-1.3374817,0.12273120135068893,0.7473683953285217,0.5342105031013489
YIL035C,YKR067W,0,-1.3378103,0.12262521684169769,0.7473683953285217,0.5347368717193604
YDR007W,YDR256C,0,-1.3378208,0.12251941114664078,0.7473683953285217,0.535263180732727
YMR205C,YDR208W,0,-1.3382039,0.12241379171609879,0.7473683953285217,0.5357894897460938
YLL041C,YKL103C,0,-1.3404912,0.12230835855007172,0.7473683953285217,0.5363157987594604
YBR268W,YKL015W,0,-1.3432802,0.12220309674739838,0.7473683953285217,0.5368421077728271
YLR022C,YGR231C,0,-1.3433149,0.12209802120923996,0.7473683953285217,0.5373684167861938
YPL006W,YBR238C,0,-1.344863,0.12199312448501587,0.7473683953285217,0.5378947257995605
YOL095C,YER041W,0,-1.346506,0.1218884140253067,0.7473683953285217,0.5384210348129272
YJR084W,YLR003C,0,-1.3490504,0.12178387492895126,0.7473683953285217,0.538947343826294
YNL336W,YGR229C,0,-1.3491602,0.12167952209711075,0.7473683953285217,0.5394737124443054
YBR281C,YMR154C,0,-1.3496201,0.12157534062862396,0.7473683953285217,0.5400000214576721
YGL167C,YPR094W,0,-1.3508742,0.1214713454246521,0.7473683953285217,0.5405263304710388
YGL038C,YPR163C,0,-1.3526634,0.12136752158403397,0.7473683953285217,0.5410526394844055
YPR194C,YOL066C,0,-1.3531278,0.12126387655735016,0.7473683953285217,0.5415789484977722
YBL027W,YGR083C,0,-1.3531631,0.12116041034460068,0.7473683953285217,0.5421052575111389
YBR230C,YDR499W,0,-1.3534682,0.12105711549520493,0.7473683953285217,0.5426315665245056
YMR055C,YAL060W,0,-1.3543831,0.1209540069103241,0.7473683953285217,0.5431578755378723
YDR135C,YKL071W,0,-1.3544027,0.1208510622382164,0.7473683953285217,0.543684184551239
YBR126C,YNL298W,0,-1.3552303,0.12074829638004303,0.7473683953285217,0.5442105531692505
YDR225W,YFL061W,0,-1.3553505,0.12064570933580399,0.7473683953285217,0.5447368621826172
YOR237W,YLR383W,0,-1.3562309,0.12054329365491867,0.7473683953285217,0.5452631711959839
YML098W,YDR398W,0,-1.3566447,0.12044104933738708,0.7473683953285217,0.5457894802093506
YDR382W,YKL191W,1,-1.35775,0.12118644267320633,0.7526316046714783,0.5457894802093506
YLR088W,YKL033W,0,-1.3588382,0.1210838258266449,0.7526316046714783,0.5463157892227173
YKL112W,YPR161C,0,-1.3597814,0.12098138779401779,0.7526316046714783,0.546842098236084
YNL037C,YJL155C,0,-1.3608855,0.12087912112474442,0.7526316046714783,0.5473684072494507
YKL132C,YLR336C,0,-1.3609147,0.12077702581882477,0.7526316046714783,0.5478947162628174
YDR398W,YOR090C,0,-1.3617444,0.12067510187625885,0.7526316046714783,0.5484210252761841
YOR162C,YOR301W,0,-1.3629116,0.12057335674762726,0.7526316046714783,0.5489473938941956
YOR272W,YOL058W,0,-1.3632805,0.1204717755317688,0.7526316046714783,0.5494737029075623
YJR083C,YKL103C,0,-1.3636607,0.12037037312984467,0.7526316046714783,0.550000011920929
YGR155W,YLR187W,0,-1.3641758,0.12026913464069366,0.7526316046714783,0.5505263209342957
YKL124W,YIL119C,0,-1.3641777,0.12016806751489639,0.7526316046714783,0.5510526299476624
YGL195W,YKL191W,1,-1.3644601,0.12090680003166199,0.75789475440979,0.5510526299476624
YCR048W,YOR149C,0,-1.3645395,0.12080536782741547,0.75789475440979,0.551578938961029
YLR019W,YHR074W,0,-1.3650998,0.12070410698652267,0.75789475440979,0.5521052479743958
YJR103W,YLR165C,0,-1.3652049,0.12060301750898361,0.75789475440979,0.5526315569877625
YLR007W,YJR117W,0,-1.3669378,0.12050209194421768,0.75789475440979,0.5531578660011292
YLR242C,YPR075C,0,-1.3678913,0.12040133774280548,0.75789475440979,0.5536842346191406
YFL038C,YGR202C,0,-1.3687153,0.12030075490474701,0.75789475440979,0.5542105436325073
YDR261C,YLR389C,0,-1.3707134,0.12020033597946167,0.75789475440979,0.554736852645874
YIL094C,YJR091C,0,-1.371482,0.12010008096694946,0.75789475440979,0.5552631616592407
YDR227W,YBR243C,0,-1.3722004,0.11999999731779099,0.75789475440979,0.5557894706726074
YML102W,YAR003W,0,-1.3727235,0.11990008503198624,0.75789475440979,0.5563157796859741
YKR085C,YDL222C,0,-1.3727733,0.11980032920837402,0.75789475440979,0.5568420886993408
YER129W,YLR405W,0,-1.3727992,0.11970074474811554,0.75789475440979,0.5573683977127075
YGL053W,YBR089C-A,0,-1.3728601,0.11960133165121078,0.75789475440979,0.557894766330719
YMR263W,YIL063C,0,-1.3741735,0.11950207501649857,0.75789475440979,0.5584210753440857
YIL008W,YKL184W,0,-1.375147,0.11940298229455948,0.75789475440979,0.5589473843574524
YKL113C,YKR100C,0,-1.375587,0.11930406093597412,0.75789475440979,0.5594736933708191
YGR089W,YGL100W,0,-1.3756238,0.1192052960395813,0.75789475440979,0.5600000023841858
YCL010C,YDR308C,0,-1.3771529,0.1191067025065422,0.75789475440979,0.5605263113975525
YDR045C,YOL042W,0,-1.3772163,0.11900826543569565,0.75789475440979,0.5610526204109192
YDR359C,YOR145C,0,-1.377412,0.11890999227762222,0.75789475440979,0.5615789294242859
YFL034C-B,YHR110W,0,-1.3779532,0.11881188303232193,0.75789475440979,0.5621052384376526
YJL094C,YPR082C,0,-1.3780433,0.11871393024921417,0.75789475440979,0.5626316070556641
YJR108W,YAL056W,0,-1.3783529,0.11861614137887955,0.75789475440979,0.5631579160690308
YML008C,YPL147W,0,-1.378732,0.11851851642131805,0.75789475440979,0.5636842250823975
YGL243W,YBR229C,0,-1.3787557,0.1184210553765297,0.75789475440979,0.5642105340957642
YJL206C,YDR512C,0,-1.37887,0.11832374334335327,0.75789475440979,0.5647368431091309
YMR146C,YKL126W,0,-1.3794372,0.11822660267353058,0.75789475440979,0.5652631521224976
YOR330C,YPL266W,0,-1.379639,0.11812961101531982,0.75789475440979,0.5657894611358643
YNL080C,YMR305C,0,-1.3797878,0.1180327832698822,0.75789475440979,0.566315770149231
YDL232W,YOR103C,0,-1.3803059,0.11793611943721771,0.75789475440979,0.5668420791625977
YMR239C,YPR191W,0,-1.3803161,0.11783960461616516,0.75789475440979,0.5673684477806091
YLR185W,YFR052W,0,-1.3809471,0.11774325370788574,0.75789475440979,0.5678947567939758
YDR332W,YPL215W,0,-1.3811249,0.11764705926179886,0.75789475440979,0.5684210658073425
YJR099W,YER063W,0,-1.3829751,0.11755102127790451,0.75789475440979,0.5689473748207092
YNR051C,YPR191W,0,-1.383904,0.1174551397562027,0.75789475440979,0.5694736838340759
YPL183W-A,YDR067C,0,-1.3841296,0.11735941469669342,0.75789475440979,0.5699999928474426
YPL230W,YDR079W,0,-1.3842825,0.11726384609937668,0.75789475440979,0.5705263018608093
YPL010W,YOR304C-A,0,-1.3850745,0.11716842651367188,0.75789475440979,0.571052610874176
YOR367W,YOR128C,0,-1.3851775,0.1170731708407402,0.75789475440979,0.5715789198875427
YAR014C,YOR255W,0,-1.3852621,0.11697806417942047,0.75789475440979,0.5721052885055542
YNL005C,YJL168C,0,-1.3860066,0.11688311398029327,0.75789475440979,0.5726315975189209
YKL074C,YNL318C,0,-1.38649,0.11678832024335861,0.75789475440979,0.5731579065322876
YML080W,YPL069C,0,-1.3868418,0.11669367551803589,0.75789475440979,0.5736842155456543
YPR080W,YOR133W,1,-1.3881216,0.11740890890359879,0.7631579041481018,0.5736842155456543
YGL186C,YDR303C,0,-1.3884336,0.117313914000988,0.7631579041481018,0.574210524559021
YLR080W,YPL179W,0,-1.389467,0.11721907556056976,0.7631579041481018,0.5747368335723877
YGR108W,YGL171W,0,-1.3900937,0.11712439358234406,0.7631579041481018,0.5752631425857544
YMR133W,YPR133W-A,0,-1.3902402,0.11702986061573029,0.7631579041481018,0.5757894515991211
YKL081W,YOL039W,1,-1.3906251,0.11774193495512009,0.7684210538864136,0.5757894515991211
YAL042W,YER146W,0,-1.3914763,0.11764705926179886,0.7684210538864136,0.5763157606124878
YAL009W,YKR053C,0,-1.3916692,0.11755233258008957,0.7684210538864136,0.5768421292304993
YHR168W,YBR254C,0,-1.3921605,0.11745776236057281,0.7684210538864136,0.577368438243866
YBL016W,YHR204W,0,-1.3924463,0.117363341152668,0.7684210538864136,0.5778947472572327
YKR066C,YLR116W,0,-1.3932918,0.11726907640695572,0.7684210538864136,0.5784210562705994
YDL002C,YKL069W,0,-1.3936976,0.11717496067285538,0.7684210538864136,0.5789473652839661
YPL235W,YOR340C,0,-1.3938341,0.11708099395036697,0.7684210538864136,0.5794736742973328
YGR239C,YJL079C,0,-1.3950485,0.11698717623949051,0.7684210538864136,0.5799999833106995
YHR134W,YOR077W,0,-1.3956667,0.11689351499080658,0.7684210538864136,0.5805262923240662
YHR042W,YMR218C,0,-1.3957831,0.11680000275373459,0.7684210538864136,0.5810526609420776
YNL088W,YLR223C,0,-1.397288,0.11670663207769394,0.7684210538864136,0.5815789699554443
YDR227W,YGR276C,0,-1.3973678,0.11661341786384583,0.7684210538864136,0.582105278968811
YER101C,YKL038W,0,-1.3977865,0.11652035266160965,0.7684210538864136,0.5826315879821777
YJL054W,YOR086C,0,-1.3987051,0.11642742902040482,0.7684210538864136,0.5831578969955444
YNL236W,YBR212W,0,-1.3999712,0.11633466184139252,0.7684210538864136,0.5836842060089111
YGR186W,YOR008C,0,-1.4000014,0.11624203622341156,0.7684210538864136,0.5842105150222778
YKL192C,YJR125C,0,-1.4011921,0.11614955961704254,0.7684210538864136,0.5847368240356445
YNL027W,YER073W,0,-1.4023987,0.11605723202228546,0.7684210538864136,0.5852631330490112
YIL156W,YHR096C,0,-1.4029218,0.11596505343914032,0.7684210538864136,0.5857895016670227
YJL087C,YDR325W,0,-1.4033809,0.11587301641702652,0.7684210538864136,0.5863158106803894
YOL045W,YER179W,0,-1.4035865,0.11578112840652466,0.7684210538864136,0.5868421196937561
YOR016C,YNL181W,0,-1.4038178,0.11568938195705414,0.7684210538864136,0.5873684287071228
YBR287W,YPL079W,0,-1.4048406,0.11559778451919556,0.7684210538864136,0.5878947377204895
YAR042W,YKL015W,0,-1.4049386,0.11550632864236832,0.7684210538864136,0.5884210467338562
YMR076C,YOL068C,0,-1.4056127,0.11541502177715302,0.7684210538864136,0.5889473557472229
YML102W,YOR294W,0,-1.408115,0.11532385647296906,0.7684210538864136,0.5894736647605896
YDR105C,YJL071W,0,-1.4083562,0.11523283272981644,0.7684210538864136,0.5899999737739563
YDL081C,YKL081W,1,-1.4086627,0.11593060195446014,0.7736842036247253,0.5899999737739563
YDR382W,YBR118W,1,-1.4087399,0.1166272684931755,0.7789473533630371,0.5899999737739563
YNL014W,YKL081W,1,-1.4092087,0.11732283234596252,0.7842105031013489,0.5899999737739563
YPR080W,YDR382W,1,-1.4095722,0.11801730841398239,0.7894737124443054,0.5899999737739563
YPL001W,YEL055C,0,-1.41083,0.1179245263338089,0.7894737124443054,0.5905263423919678
YBR118W,YOL039W,1,-1.4108789,0.11861743777990341,0.7947368621826172,0.5905263423919678
YJR057W,YNL023C,0,-1.413489,0.11852433532476425,0.7947368621826172,0.5910526514053345
YLL061W,YJR052W,0,-1.4149483,0.11843137443065643,0.7947368621826172,0.5915789604187012
YLR069C,YOR187W,1,-1.4149544,0.11912225931882858,0.800000011920929,0.5915789604187012
YLR058C,YLR089C,0,-1.4151615,0.1190289705991745,0.800000011920929,0.5921052694320679
YIL167W,YJR040W,0,-1.4153816,0.11893583834171295,0.800000011920929,0.5926315784454346
YDR490C,YJR147W,0,-1.415397,0.11884284764528275,0.800000011920929,0.5931578874588013
YDR328C,YMR167W,0,-1.415509,0.11874999850988388,0.800000011920929,0.593684196472168
YLR136C,YNL133C,0,-1.4159176,0.11865729838609695,0.800000011920929,0.5942105054855347
YKL074C,YDR339C,0,-1.4161277,0.11856473982334137,0.800000011920929,0.5947368144989014
YLR002C,YGR167W,0,-1.4162532,0.11847233027219772,0.800000011920929,0.5952631831169128
YEL019C,YKL053C-A,0,-1.4163302,0.11838006228208542,0.800000011920929,0.5957894921302795
YLR249W,YKL081W,1,-1.4188386,0.11906614899635315,0.8052631616592407,0.5957894921302795
YML061C,YNL216W,0,-1.419776,0.11897356063127518,0.8052631616592407,0.5963158011436462
YNR075W,YPR104C,0,-1.4206368,0.11888112127780914,0.8052631616592407,0.5968421101570129
YCR003W,YDR462W,0,-1.4231272,0.11878882348537445,0.8052631616592407,0.5973684191703796
YGR169C,YGL220W,0,-1.4235147,0.1186966672539711,0.8052631616592407,0.5978947281837463
YDL025C,YJR043C,0,-1.4235195,0.11860465258359909,0.8052631616592407,0.598421037197113
YFR050C,YLR329W,0,-1.4235915,0.11851277947425842,0.8052631616592407,0.5989473462104797
YDL134C,YOR140W,0,-1.4237343,0.1184210553765297,0.8052631616592407,0.5994736552238464
YLR367W,YCR083W,0,-1.4239767,0.11832946538925171,0.8052631616592407,0.6000000238418579
YGR199W,YKR103W,0,-1.4247547,0.11823802441358566,0.8052631616592407,0.6005263328552246
YOR377W,YDR316W,0,-1.4252074,0.11814671754837036,0.8052631616592407,0.6010526418685913
YBL006C,YKL054C,0,-1.4252111,0.1180555522441864,0.8052631616592407,0.601578950881958
YDL153C,YDR314C,0,-1.4258399,0.11796453595161438,0.8052631616592407,0.6021052598953247
YKL073W,YLR259C,0,-1.4266104,0.1178736537694931,0.8052631616592407,0.6026315689086914
YNL014W,YLR340W,1,-1.4276022,0.11855272948741913,0.8105263113975525,0.6026315689086914
YOR149C,YIL013C,0,-1.427747,0.11846154183149338,0.8105263113975525,0.6031578779220581
YKL015W,YDR087C,0,-1.4282788,0.11837048083543777,0.8105263113975525,0.6036841869354248
YGR192C,YGL073W,0,-1.4291655,0.11827956885099411,0.8105263113975525,0.6042105555534363
YMR078C,YHR200W,0,-1.4295095,0.11818879842758179,0.8105263113975525,0.604736864566803
YJL099W,YIL033C,0,-1.4310359,0.11809816211462021,0.8105263113975525,0.6052631735801697
YER014C-A,YOR245C,0,-1.4314919,0.11800765991210938,0.8105263113975525,0.6057894825935364
YML055W,YBL003C,0,-1.4330553,0.11791730672121048,0.8105263113975525,0.6063157916069031
YBR073W,YGR070W,0,-1.43439,0.11782708764076233,0.8105263113975525,0.6068421006202698
YEL012W,YJR042W,0,-1.434841,0.11773700267076492,0.8105263113975525,0.6073684096336365
YLR175W,YLR432W,0,-1.4350916,0.11764705926179886,0.8105263113975525,0.6078947186470032
YDR311W,YAL038W,0,-1.4352976,0.11755724996328354,0.8105263113975525,0.6084210276603699
YIL127C,YKL161C,0,-1.4354957,0.11746758222579956,0.8105263113975525,0.6089473962783813
YKR086W,YAL047C,0,-1.4374634,0.11737804859876633,0.8105263113975525,0.609473705291748
YGL234W,YNL056W,0,-1.4377323,0.11728864908218384,0.8105263113975525,0.6100000143051147
YMR182C,YEL003W,0,-1.4386498,0.11719939112663269,0.8105263113975525,0.6105263233184814
YNL014W,YOL039W,1,-1.4392912,0.11787072569131851,0.8157894611358643,0.6105263233184814
YLR340W,YBR118W,1,-1.4397537,0.11854103207588196,0.821052610874176,0.6105263233184814
YBL079W,YMR231W,0,-1.4408482,0.11845102161169052,0.821052610874176,0.6110526323318481
YLL031C,YMR168C,0,-1.4410361,0.11836115270853043,0.821052610874176,0.6115789413452148
YDR138W,YOR018W,0,-1.4413493,0.11827141791582108,0.821052610874176,0.6121052503585815
YBR261C,YIL011W,0,-1.4413663,0.11818181723356247,0.821052610874176,0.6126315593719482
YBR052C,YPR110C,0,-1.4419032,0.11809235066175461,0.821052610874176,0.6131578683853149
YKR034W,YMR216C,0,-1.4420277,0.11800302565097809,0.821052610874176,0.6136842370033264
YGL172W,YDR492W,0,-1.442423,0.11791383475065231,0.821052610874176,0.6142105460166931
YOL011W,YGR281W,0,-1.443611,0.11782477051019669,0.821052610874176,0.6147368550300598
YLR380W,YKL006W,0,-1.4444357,0.1177358478307724,0.821052610874176,0.6152631640434265
YNL252C,YML114C,0,-1.4444972,0.11764705926179886,0.821052610874176,0.6157894730567932
YOR133W,YDR385W,1,-1.4445353,0.11831197887659073,0.8263157606124878,0.6157894730567932
YDL105W,YBR114W,0,-1.4447976,0.11822289228439331,0.8263157606124878,0.6163157820701599
YOR133W,YOL039W,1,-1.4450209,0.11888638138771057,0.8315789699554443,0.6163157820701599
YER041W,YDL117W,0,-1.4451047,0.11879698932170868,0.8315789699554443,0.6168420910835266
YLR220W,YNR015W,0,-1.4455214,0.11870773881673813,0.8315789699554443,0.6173684000968933
YBR271W,YBL038W,0,-1.445561,0.11861861497163773,0.8315789699554443,0.61789470911026
YLR020C,YDR156W,0,-1.4460307,0.11852963268756866,0.8315789699554443,0.6184210777282715
YJL092W,YOR202W,0,-1.4473141,0.11844077706336975,0.8315789699554443,0.6189473867416382
YJL058C,YML114C,0,-1.4473679,0.11835206300020218,0.8315789699554443,0.6194736957550049
YPR181C,YMR286W,0,-1.4479152,0.11826347559690475,0.8315789699554443,0.6200000047683716
YHR152W,YHR012W,0,-1.4495076,0.11817502230405807,0.8315789699554443,0.6205263137817383
YDL171C,YBR150C,0,-1.4501159,0.11808669567108154,0.8315789699554443,0.621052622795105
YGR087C,YDR141C,0,-1.4522693,0.11799850314855576,0.8315789699554443,0.6215789318084717
YIR026C,YDL212W,0,-1.4531143,0.11791044473648071,0.8315789699554443,0.6221052408218384
YDR216W,YIL122W,0,-1.4532337,0.11782252043485641,0.8315789699554443,0.6226315498352051
YML004C,YML120C,0,-1.4538095,0.11773472279310226,0.8315789699554443,0.6231579184532166
YML061C,YGR276C,0,-1.4545096,0.11764705926179886,0.8315789699554443,0.6236842274665833
YPL268W,YGL225W,0,-1.4557042,0.1175595223903656,0.8315789699554443,0.62421053647995
YFL038C,YHR001W,0,-1.4558911,0.11747211962938309,0.8315789699554443,0.6247368454933167
YPL119C,YBR227C,0,-1.4559125,0.11738484352827072,0.8315789699554443,0.6252631545066833
YNR060W,YOR156C,0,-1.4560953,0.1172977015376091,0.8315789699554443,0.62578946352005
YGL181W,YDR172W,0,-1.4561712,0.11721068620681763,0.8315789699554443,0.6263157725334167
YDR226W,YBR042C,0,-1.4567577,0.1171237975358963,0.8315789699554443,0.6268420815467834
YDR100W,YDL040C,0,-1.4570531,0.11703703552484512,0.8315789699554443,0.6273684501647949
YOL011W,YKR088C,0,-1.4573911,0.11695040762424469,0.8315789699554443,0.6278947591781616
YNL131W,YLR289W,0,-1.4573938,0.1168639063835144,0.8315789699554443,0.6284210681915283
YKR028W,YDR303C,0,-1.4588642,0.11677753180265427,0.8315789699554443,0.628947377204895
YDR151C,YHR091C,0,-1.459438,0.11669128388166428,0.8315789699554443,0.6294736862182617
YNL021W,YIL013C,0,-1.4595008,0.11660516262054443,0.8315789699554443,0.6299999952316284
YGR028W,YIL154C,0,-1.4597331,0.11651917546987534,0.8315789699554443,0.6305263042449951
YLR136C,YGL068W,0,-1.461471,0.11643330752849579,0.8315789699554443,0.6310526132583618
YMR076C,YJR095W,0,-1.4627603,0.11634756624698639,0.8315789699554443,0.6315789222717285
YOR085W,YNL173C,0,-1.4632162,0.11626195907592773,0.8315789699554443,0.63210529088974
YML102W,YBR018C,0,-1.4672128,0.11617647111415863,0.8315789699554443,0.6326315999031067
YOL089C,YKL067W,0,-1.4673375,0.11609110981225967,0.8315789699554443,0.6331579089164734
YDR377W,YBR106W,0,-1.4678284,0.11600587517023087,0.8315789699554443,0.6336842179298401
YLR361C,YGL111W,0,-1.4681114,0.11592075973749161,0.8315789699554443,0.6342105269432068
YIL128W,YJL187C,0,-1.4681383,0.1158357784152031,0.8315789699554443,0.6347368359565735
YCL033C,YGL162W,0,-1.468416,0.11575091630220413,0.8315789699554443,0.6352631449699402
YOR173W,YOR320C,0,-1.4685245,0.11566618084907532,0.8315789699554443,0.6357894539833069
YLR047C,YNL252C,0,-1.4690756,0.11558156460523605,0.8315789699554443,0.6363157629966736
YDR377W,YPL117C,0,-1.4696585,0.11549707502126694,0.8315789699554443,0.6368421316146851
YLL042C,YOR261C,0,-1.470261,0.11541271209716797,0.8315789699554443,0.6373684406280518
YKL006C-A,YMR106C,0,-1.4704698,0.11532846838235855,0.8315789699554443,0.6378947496414185
YDR151C,YBR244W,0,-1.4714314,0.11524434387683868,0.8315789699554443,0.6384210586547852
YNL037C,YPL209C,0,-1.4717065,0.11516035348176956,0.8315789699554443,0.6389473676681519
YOL049W,YKL067W,0,-1.4720879,0.1150764748454094,0.8315789699554443,0.6394736766815186
YDR256C,YMR261C,0,-1.472236,0.11499272286891937,0.8315789699554443,0.6399999856948853
YDL193W,YOR274W,0,-1.4723476,0.1149090901017189,0.8315789699554443,0.640526294708252
YBR052C,YNL251C,0,-1.4730011,0.11482558399438858,0.8315789699554443,0.6410526037216187
YCR060W,YML086C,0,-1.4730608,0.11474218964576721,0.8315789699554443,0.6415789723396301
YOR118W,YPL180W,0,-1.4734563,0.11465892940759659,0.8315789699554443,0.6421052813529968
YHR102W,YIL061C,0,-1.4738297,0.11457578092813492,0.8315789699554443,0.6426315903663635
YHR119W,YKL113C,0,-1.47434,0.1144927516579628,0.8315789699554443,0.6431578993797302
YNL069C,YIL097W,0,-1.4745862,0.11440984904766083,0.8315789699554443,0.6436842083930969
YIL119C,YCL011C,0,-1.4747647,0.11432706564664841,0.8315789699554443,0.6442105174064636
YDR384C,YMR197C,0,-1.4764084,0.11424439400434494,0.8315789699554443,0.6447368264198303
YHL028W,YMR269W,0,-1.4766554,0.11416184902191162,0.8315789699554443,0.645263135433197
YDR285W,YBR199W,0,-1.4768419,0.11407942324876785,0.8315789699554443,0.6457894444465637
YJL115W,YDR206W,0,-1.4771441,0.11399711668491364,0.8315789699554443,0.6463158130645752
YBR217W,YGL068W,0,-1.4775869,0.11391492187976837,0.8315789699554443,0.6468421220779419
YKL132C,YPL082C,0,-1.4779847,0.11383285373449326,0.8315789699554443,0.6473684310913086
YMR030W,YDL003W,0,-1.4783133,0.1137508973479271,0.8315789699554443,0.6478947401046753
YOL119C,YNL062C,0,-1.4788876,0.11366906762123108,0.8315789699554443,0.648421049118042
YPL196W,YGR163W,0,-1.4807099,0.11358734965324402,0.8315789699554443,0.6489473581314087
YBR004C,YDR310C,0,-1.4807123,0.11350574344396591,0.8315789699554443,0.6494736671447754
YNR036C,YOR375C,0,-1.4808761,0.11342426389455795,0.8315789699554443,0.6499999761581421
YDL035C,YDL194W,0,-1.4812077,0.11334289610385895,0.8315789699554443,0.6505263447761536
YBL013W,YER171W,0,-1.4817377,0.1132616475224495,0.8315789699554443,0.6510526537895203
YGL233W,YIR018W,0,-1.4819402,0.11318051815032959,0.8315789699554443,0.651578962802887
YBR152W,YCR093W,0,-1.4821299,0.11309950053691864,0.8315789699554443,0.6521052718162537
YDR485C,YMR280C,0,-1.4823725,0.11301859468221664,0.8315789699554443,0.6526315808296204
YJL141C,YKL130C,0,-1.4867965,0.1129378154873848,0.8315789699554443,0.6531578898429871
YBR146W,YGR030C,0,-1.4869008,0.1128571406006813,0.8315789699554443,0.6536841988563538
YDR216W,YLR260W,0,-1.4871535,0.11277658492326736,0.8315789699554443,0.6542105078697205
YJL145W,YOL111C,0,-1.487248,0.11269614845514297,0.8315789699554443,0.6547368168830872
YIL061C,YDR184C,0,-1.48808,0.11261582374572754,0.8315789699554443,0.6552631855010986
YLR119W,YMR176W,0,-1.4887612,0.11253561079502106,0.8315789699554443,0.6557894945144653
YGR275W,YPL061W,0,-1.4888407,0.11245551705360413,0.8315789699554443,0.656315803527832
YPR066W,YHR062C,0,-1.4888659,0.11237553507089615,0.8315789699554443,0.6568421125411987
YCL052C,YER170W,0,-1.4888703,0.11229566484689713,0.8315789699554443,0.6573684215545654
YFR001W,YCL051W,0,-1.4892802,0.11221590638160706,0.8315789699554443,0.6578947305679321
YER146W,YGR105W,0,-1.4908834,0.11213626712560654,0.8315789699554443,0.6584210395812988
YJL057C,YMR092C,0,-1.4915391,0.11205673962831497,0.8315789699554443,0.6589473485946655
YGR132C,YHR191C,0,-1.4921105,0.11197732388973236,0.8315789699554443,0.6594736576080322
YGR253C,YFL025C,0,-1.492113,0.1118980199098587,0.8315789699554443,0.6600000262260437
YNL113W,YNL169C,0,-1.4962649,0.111818827688694,0.8315789699554443,0.6605263352394104
YGR240C,YDL005C,0,-1.496744,0.11173974722623825,0.8315789699554443,0.6610526442527771
YLR249W,YDL081C,1,-1.4969567,0.11236748844385147,0.8368421196937561,0.6610526442527771
YGR174C,YNR046W,0,-1.4972845,0.11228813230991364,0.8368421196937561,0.6615789532661438
YDR419W,YNL274C,0,-1.4983228,0.11220889538526535,0.8368421196937561,0.6621052622795105
YBR168W,YOL068C,0,-1.4983691,0.11212976276874542,0.8368421196937561,0.6626315712928772
YGL226W,YPR104C,0,-1.4992348,0.11205074191093445,0.8368421196937561,0.6631578803062439
YDR419W,YAR002C-A,0,-1.4997898,0.11197183281183243,0.8368421196937561,0.6636841893196106
YOR133W,YLR340W,1,-1.5024875,0.11259676516056061,0.8421052694320679,0.6636841893196106
YHR069C,YDR303C,0,-1.5025082,0.1125175803899765,0.8421052694320679,0.6642104983329773
YIL099W,YBL040C,0,-1.5025524,0.11243850737810135,0.8421052694320679,0.6647368669509888
YGL183C,YDL243C,0,-1.5030173,0.11235955357551575,0.8421052694320679,0.6652631759643555
YDR191W,YKR068C,0,-1.5031785,0.1122807040810585,0.8421052694320679,0.6657894849777222
YLR133W,YBR168W,0,-1.5040051,0.11220196634531021,0.8421052694320679,0.6663157939910889
YPR080W,YLR340W,1,-1.5043384,0.11282410472631454,0.8473684191703796,0.6663157939910889
YJR063W,YER104W,0,-1.5047246,0.11274509876966476,0.8473684191703796,0.6668421030044556
YHR175W,YPL192C,0,-1.5050793,0.11266619712114334,0.8473684191703796,0.6673684120178223
YER155C,YGR078C,0,-1.5051471,0.11258741468191147,0.8473684191703796,0.667894721031189
YCL026C-A,YNL259C,0,-1.5058323,0.11250873655080795,0.8473684191703796,0.6684210300445557
YDR354W,YNL047C,0,-1.505997,0.11243017017841339,0.8473684191703796,0.6689473390579224
YJR140C,YER117W,0,-1.5063277,0.11235170811414719,0.8473684191703796,0.6694737076759338
YOR284W,YOR367W,0,-1.5071689,0.11227335780858994,0.8473684191703796,0.6700000166893005
YJR086W,YHR187W,0,-1.5078872,0.11219511926174164,0.8473684191703796,0.6705263257026672
YLR035C,YGR179C,0,-1.5098778,0.1121169924736023,0.8473684191703796,0.6710526347160339
YOR001W,YGL044C,0,-1.5101507,0.11203896999359131,0.8473684191703796,0.6715789437294006
YDR064W,YHR065C,0,-1.5104285,0.11196105927228928,0.8473684191703796,0.6721052527427673
YDR227W,YGR245C,0,-1.5117364,0.1118832528591156,0.8473684191703796,0.672631561756134
YBR202W,YDL004W,0,-1.5122043,0.11180555820465088,0.8473684191703796,0.6731578707695007
YOR354C,YOR249C,0,-1.5129704,0.11172796785831451,0.8473684191703796,0.6736842393875122
YNR028W,YBR008C,0,-1.5130671,0.1116504818201065,0.8473684191703796,0.6742105484008789
YPR137W,YJL168C,0,-1.5133188,0.11157311499118805,0.8473684191703796,0.6747368574142456
YAL030W,YGL086W,0,-1.5135669,0.11149584501981735,0.8473684191703796,0.6752631664276123
YLR051C,YLR451W,0,-1.5143921,0.11141868680715561,0.8473684191703796,0.675789475440979
YLR249W,YOR133W,1,-1.5145682,0.11203319579362869,0.8526315689086914,0.675789475440979
YPR080W,YOL039W,1,-1.5150539,0.11264685541391373,0.8578947186470032,0.675789475440979
YMR271C,YIL061C,0,-1.5152231,0.11256906390190125,0.8578947186470032,0.6763157844543457
YKR055W,YOL158C,0,-1.51524,0.11249137669801712,0.8578947186470032,0.6768420934677124
YOR133W,YDR382W,1,-1.5152513,0.11310344934463501,0.8631578683853149,0.6768420934677124
YGL044C,YGR284C,0,-1.5156134,0.11302550137042999,0.8631578683853149,0.6773684024810791
YCR079W,YOR234C,0,-1.5159563,0.11294765770435333,0.8631578683853149,0.6778947114944458
YER129W,YJL042W,0,-1.5170645,0.11286992579698563,0.8631578683853149,0.6784210801124573
YAL009W,YDR202C,0,-1.5174615,0.11279229819774628,0.8631578683853149,0.678947389125824
YDR385W,YOL039W,1,-1.518418,0.11340206116437912,0.8684210777282715,0.678947389125824
YPR025C,YKR057W,0,-1.5187594,0.11332417279481888,0.8684210777282715,0.6794736981391907
YNL284C,YMR186W,0,-1.5187948,0.11324639618396759,0.8684210777282715,0.6800000071525574
YER175C,YHR016C,0,-1.5190073,0.11316872388124466,0.8684210777282715,0.6805263161659241
YNL300W,YER104W,0,-1.5190219,0.11309115588665009,0.8684210777282715,0.6810526251792908
YIL076W,YCR079W,0,-1.5203823,0.11301369965076447,0.8684210777282715,0.6815789341926575
YPR134W,YER087C-B,0,-1.5206704,0.1129363477230072,0.8684210777282715,0.6821052432060242
YBR195C,YJL209W,0,-1.5212946,0.1128591001033783,0.8684210777282715,0.6826315522193909
YPR138C,YPR112C,0,-1.5216473,0.11278195679187775,0.8684210777282715,0.6831579208374023
YOR210W,YIR013C,0,-1.522133,0.11270491778850555,0.8684210777282715,0.683684229850769
YDR452W,YGL019W,0,-1.5240377,0.11262798309326172,0.8684210777282715,0.6842105388641357
YOL027C,YIL130W,0,-1.524397,0.11255116015672684,0.8684210777282715,0.6847368478775024
YPL133C,YPR165W,0,-1.5280541,0.11247443407773972,0.8684210777282715,0.6852631568908691
YDR324C,YJR144W,0,-1.5282508,0.11239781975746155,0.8684210777282715,0.6857894659042358
YOL020W,YKL166C,0,-1.5295569,0.11232130974531174,0.8684210777282715,0.6863157749176025
YPR068C,YIL040W,0,-1.5304165,0.11224489659070969,0.8684210777282715,0.6868420839309692
YNL014W,YDR382W,1,-1.5307182,0.11284840106964111,0.8736842274665833,0.6868420839309692
YGR144W,YNL164C,0,-1.5312244,0.11277174204587936,0.8736842274665833,0.6873683929443359
YBR152W,YPL097W,0,-1.5314709,0.11269517987966537,0.8736842274665833,0.6878947615623474
YGR013W,YMR145C,0,-1.5321194,0.11261872202157974,0.8736842274665833,0.6884210705757141
YDR164C,YIR032C,0,-1.5326294,0.11254237592220306,0.8736842274665833,0.6889473795890808
YDL103C,YPL040C,0,-1.5330554,0.11246612668037415,0.8736842274665833,0.6894736886024475
YBR254C,YDL111C,0,-1.5330771,0.11238998174667358,0.8736842274665833,0.6899999976158142
YNL230C,YNL263C,0,-1.5346243,0.11231394112110138,0.8736842274665833,0.6905263066291809
YDL081C,YOL039W,1,-1.5349683,0.11291413009166718,0.878947377204895,0.6905263066291809
YDL139C,YBR199W,0,-1.535726,0.11283783614635468,0.878947377204895,0.6910526156425476
YOL119C,YMR059W,0,-1.5366699,0.11276164650917053,0.878947377204895,0.6915789246559143
YGR013W,YOR136W,0,-1.5382348,0.11268556118011475,0.878947377204895,0.692105233669281
YPL274W,YIL063C,0,-1.5391991,0.11260957270860672,0.878947377204895,0.6926316022872925
YPR080W,YBR118W,1,-1.5392336,0.11320754885673523,0.8842105269432068,0.6926316022872925
YDR037W,YBL092W,0,-1.5392812,0.1131313145160675,0.8842105269432068,0.6931579113006592
YJL112W,YEL062W,0,-1.5395311,0.11305518448352814,0.8842105269432068,0.6936842203140259
YGR167W,YNR019W,0,-1.5395653,0.11297915130853653,0.8842105269432068,0.6942105293273926
YDR204W,YJR034W,0,-1.5398751,0.11290322244167328,0.8842105269432068,0.6947368383407593
YPR138C,YHR084W,0,-1.5405078,0.11282739788293839,0.8842105269432068,0.695263147354126
YOR208W,YDL077C,0,-1.5409521,0.11275167763233185,0.8842105269432068,0.6957894563674927
YHR120W,YNR017W,0,-1.541347,0.11267605423927307,0.8842105269432068,0.6963157653808594
YFR049W,YOL102C,0,-1.5414175,0.11260053515434265,0.8842105269432068,0.6968421339988708
YBL101C,YDR001C,0,-1.5414823,0.11252512037754059,0.8842105269432068,0.6973684430122375
YNR075W,YOL043C,0,-1.5423962,0.11244980245828629,0.8842105269432068,0.6978947520256042
YPR046W,YDR027C,0,-1.5426449,0.11237458139657974,0.8842105269432068,0.698421061038971
YJL042W,YFR028C,0,-1.5427557,0.11229946464300156,0.8842105269432068,0.6989473700523376
YKL025C,YBL008W,0,-1.5429491,0.11222445219755173,0.8842105269432068,0.6994736790657043
YNL214W,YML069W,0,-1.5430902,0.11214952915906906,0.8842105269432068,0.699999988079071
YCL026C-A,YPL093W,0,-1.5431443,0.11207471787929535,0.8842105269432068,0.7005262970924377
YMR241W,YGR254W,0,-1.5436033,0.1120000034570694,0.8842105269432068,0.7010526061058044
YIL173W,YBL031W,0,-1.5444312,0.1119253858923912,0.8842105269432068,0.7015789747238159
YDL232W,YMR146C,0,-1.545,0.11185086518526077,0.8842105269432068,0.7021052837371826
YKR102W,YDR451C,0,-1.5456319,0.1117764487862587,0.8842105269432068,0.7026315927505493
YIL122W,YDL031W,0,-1.5457742,0.11170212924480438,0.8842105269432068,0.703157901763916
YHR109W,YLR263W,0,-1.5459222,0.11162790656089783,0.8842105269432068,0.7036842107772827
YGL200C,YKL146W,0,-1.5460166,0.11155378818511963,0.8842105269432068,0.7042105197906494
YPR112C,YFL056C,0,-1.5461284,0.1114797592163086,0.8842105269432068,0.7047368288040161
YML065W,YDR067C,0,-1.5462388,0.11140583455562592,0.8842105269432068,0.7052631378173828
YDR469W,YIL143C,0,-1.5464293,0.111332006752491,0.8842105269432068,0.7057894468307495
YGR165W,YKL087C,0,-1.5481608,0.11125827580690384,0.8842105269432068,0.706315815448761
YGR113W,YNL318C,0,-1.5489239,0.11118464916944504,0.8842105269432068,0.7068421244621277
YDL247W,YDR009W,0,-1.5490726,0.1111111119389534,0.8842105269432068,0.7073684334754944
YMR234W,YER046W,0,-1.5492367,0.11103767156600952,0.8842105269432068,0.7078947424888611
YKL126W,YDR023W,0,-1.5492417,0.110964335501194,0.8842105269432068,0.7084210515022278
YLR197W,YKL216W,0,-1.5494727,0.11089108884334564,0.8842105269432068,0.7089473605155945
YHL026C,YML080W,0,-1.5512654,0.11081793904304504,0.8842105269432068,0.7094736695289612
YJL154C,YGL244W,0,-1.5518756,0.1107448935508728,0.8842105269432068,0.7099999785423279
YML107C,YGL186C,0,-1.5527389,0.11067193746566772,0.8842105269432068,0.7105262875556946
YPR055W,YJL207C,0,-1.5533754,0.1105990782380104,0.8842105269432068,0.711052656173706
YDR470C,YJR133W,0,-1.5536028,0.11052631586790085,0.8842105269432068,0.7115789651870728
YDR257C,YER141W,0,-1.5543414,0.11045365035533905,0.8842105269432068,0.7121052742004395
YGR028W,YDR398W,0,-1.5547765,0.11038107424974442,0.8842105269432068,0.7126315832138062
YNR032W,YDR303C,0,-1.5552689,0.11030860245227814,0.8842105269432068,0.7131578922271729
YNL152W,YBR162W-A,0,-1.555776,0.11023622006177902,0.8842105269432068,0.7136842012405396
YLR340W,YKL081W,1,-1.5565858,0.11081967502832413,0.8894736766815186,0.7136842012405396
YDR411C,YOR065W,0,-1.5569152,0.11074705421924591,0.8894736766815186,0.7142105102539062
YBR133C,YOR119C,0,-1.5571408,0.11067452281713486,0.8894736766815186,0.714736819267273
YLR242C,YAR042W,0,-1.5573167,0.11060209572315216,0.8894736766815186,0.7152631282806396
YER141W,YOR132W,0,-1.5593729,0.11052975803613663,0.8894736766815186,0.7157894968986511
YAL022C,YMR193W,0,-1.5601695,0.11045751720666885,0.8894736766815186,0.7163158059120178
YDR460W,YAL028W,0,-1.5621076,0.11038536578416824,0.8894736766815186,0.7168421149253845
YJL141C,YNL044W,0,-1.5626281,0.11031331866979599,0.8894736766815186,0.7173684239387512
YDL076C,YPL082C,0,-1.5627152,0.1102413535118103,0.8894736766815186,0.7178947329521179
YPL242C,YER185W,0,-1.5628178,0.11016949266195297,0.8894736766815186,0.7184210419654846
YDR020C,YKL020C,0,-1.5632226,0.1100977212190628,0.8894736766815186,0.7189473509788513
YKL155C,YBR129C,0,-1.563455,0.1100260391831398,0.8894736766815186,0.719473659992218
YOR361C,YDL079C,0,-1.5636798,0.10995445400476456,0.8894736766815186,0.7200000286102295
YKR027W,YML076C,0,-1.5637983,0.10988296568393707,0.8894736766815186,0.7205263376235962
YGR065C,YIL002C,0,-1.5646552,0.10981156677007675,0.8894736766815186,0.7210526466369629
YIL148W,YBR121C,0,-1.565491,0.1097402572631836,0.8894736766815186,0.7215789556503296
YPL235W,YJL137C,0,-1.5657138,0.1096690446138382,0.8894736766815186,0.7221052646636963
YMR052W,YNL264C,0,-1.5660702,0.10959792137145996,0.8894736766815186,0.722631573677063
YOR388C,YML014W,0,-1.5665205,0.10952689498662949,0.8894736766815186,0.7231578826904297
YER039C,YCR017C,0,-1.5686355,0.10945595800876617,0.8894736766815186,0.7236841917037964
YDR308C,YDL149W,0,-1.5690087,0.10938511043787003,0.8894736766815186,0.7242105007171631
YIL137C,YKL209C,0,-1.5694426,0.10931435972452164,0.8894736766815186,0.7247368693351746
YJL047C,YFL033C,0,-1.5710878,0.10924369841814041,0.8894736766815186,0.7252631783485413
YBR119W,YDR202C,0,-1.5719094,0.10917312651872635,0.8894736766815186,0.725789487361908
YOL088C,YJL058C,0,-1.5722657,0.10910264402627945,0.8894736766815186,0.7263157963752747
YBR155W,YGL203C,0,-1.5738636,0.10903225839138031,0.8894736766815186,0.7268421053886414
YMR054W,YOR005C,0,-1.5744184,0.10896196216344833,0.8894736766815186,0.7273684144020081
YGL183C,YOL055C,0,-1.5754467,0.10889175534248352,0.8894736766815186,0.7278947234153748
YBR118W,YDR385W,1,-1.5758723,0.10946554690599442,0.8947368264198303,0.7278947234153748
YOR002W,YHR058C,0,-1.5783321,0.1093951091170311,0.8947368264198303,0.7284210324287415
YDR385W,YKL081W,1,-1.5783528,0.10996784269809723,0.8999999761581421,0.7284210324287415
YPR133W-A,YER013W,0,-1.579847,0.1098971739411354,0.8999999761581421,0.7289473414421082
YOR202W,YDL155W,0,-1.5803031,0.10982658714056015,0.8999999761581421,0.7294737100601196
YOR191W,YDR361C,0,-1.580613,0.10975609719753265,0.8999999761581421,0.7300000190734863
YIL103W,YKL191W,1,-1.5807735,0.11032713204622269,0.9052631855010986,0.7300000190734863
YMR182C,YIL035C,0,-1.581443,0.11025641113519669,0.9052631855010986,0.730526328086853
YGR013W,YIL007C,0,-1.581923,0.11018577963113785,0.9052631855010986,0.7310526371002197
YBR302C,YLR118C,0,-1.5826181,0.11011523753404617,0.9052631855010986,0.7315789461135864
YPL130W,YOL148C,0,-1.5832669,0.11004478484392166,0.9052631855010986,0.7321052551269531
YGL257C,YDR085C,0,-1.5834552,0.10997442156076431,0.9052631855010986,0.7326315641403198
YGR239C,YJL187C,0,-1.5842682,0.10990415513515472,0.9052631855010986,0.7331578731536865
YMR146C,YIL142W,0,-1.5845114,0.1098339706659317,0.9052631855010986,0.7336841821670532
YOR284W,YDR314C,0,-1.5854615,0.10976388305425644,0.9052631855010986,0.7342105507850647
YOR320C,YLR394W,0,-1.5859538,0.10969387739896774,0.9052631855010986,0.7347368597984314
YLR353W,YHR084W,0,-1.5879961,0.10962396115064621,0.9052631855010986,0.7352631688117981
YDR218C,YLR315W,0,-1.5888207,0.10955414175987244,0.9052631855010986,0.7357894778251648
YGR142W,YMR305C,0,-1.5898879,0.10948440432548523,0.9052631855010986,0.7363157868385315
YGL100W,YGL198W,0,-1.590429,0.10941475629806519,0.9052631855010986,0.7368420958518982
YNL148C,YDR188W,0,-1.5910949,0.1093451976776123,0.9052631855010986,0.7373684048652649
YKL190W,YCR071C,0,-1.5920376,0.10927572846412659,0.9052631855010986,0.7378947138786316
YBR094W,YCL033C,0,-1.5937604,0.10920634865760803,0.9052631855010986,0.7384210228919983
YOR153W,YNL243W,0,-1.5956572,0.10913705825805664,0.9052631855010986,0.7389473915100098
YPL215W,YJR084W,0,-1.5959711,0.10906784981489182,0.9052631855010986,0.7394737005233765
YMR170C,YDR416W,0,-1.596429,0.10899873077869415,0.9052631855010986,0.7400000095367432
YBR008C,YKR102W,0,-1.5969323,0.10892970114946365,0.9052631855010986,0.7405263185501099
YIL173W,YLR389C,0,-1.5978056,0.10886076092720032,0.9052631855010986,0.7410526275634766
YNL156C,YPL100W,0,-1.601364,0.10879190266132355,0.9052631855010986,0.7415789365768433
YPL119C,YKL095W,0,-1.6016339,0.10872313380241394,0.9052631855010986,0.74210524559021
YCR073C,YMR013C,0,-1.6029001,0.1086544543504715,0.9052631855010986,0.7426315546035767
YDR527W,YDR449C,0,-1.6031369,0.10858585685491562,0.9052631855010986,0.7431579232215881
YKL091C,YKL188C,0,-1.6055223,0.1085173487663269,0.9052631855010986,0.7436842322349548
YNL274C,YDR135C,0,-1.6058275,0.10844893008470535,0.9052631855010986,0.7442105412483215
YDR371W,YMR068W,0,-1.6081649,0.10838059335947037,0.9052631855010986,0.7447368502616882
YDL081C,YDR385W,1,-1.6090907,0.10894206911325455,0.9105263352394104,0.7447368502616882
YLL040C,YMR014W,0,-1.6099576,0.10887350887060165,0.9105263352394104,0.7452631592750549
YPR134W,YOR301W,0,-1.6099591,0.10880503058433533,0.9105263352394104,0.7457894682884216
YDR263C,YNR039C,0,-1.6108567,0.10873664170503616,0.9105263352394104,0.7463157773017883
YML120C,YKL091C,0,-1.6109158,0.10866834223270416,0.9105263352394104,0.746842086315155
YLR275W,YNR003C,0,-1.6112351,0.10860012471675873,0.9105263352394104,0.7473683953285217
YER007C-A,YCR068W,0,-1.6115116,0.10853199660778046,0.9105263352394104,0.7478947639465332
YNR030W,YHL003C,0,-1.611619,0.10846395045518875,0.9105263352394104,0.7484210729598999
YDR289C,YDL070W,0,-1.6120439,0.10839598625898361,0.9105263352394104,0.7489473819732666
YLR027C,YOL111C,0,-1.6144222,0.10832811892032623,0.9105263352394104,0.7494736909866333
YOL032W,YDL201W,0,-1.6146253,0.10826032608747482,0.9105263352394104,0.75
YPL029W,YKR049C,0,-1.6154271,0.10819262266159058,0.9105263352394104,0.7505263090133667
YBR086C,YPR145W,0,-1.6161472,0.1081250011920929,0.9105263352394104,0.7510526180267334
YKL167C,YOR034C,0,-1.6187547,0.10805746167898178,0.9105263352394104,0.7515789270401001
YCR027C,YER050C,0,-1.619867,0.10799001157283783,0.9105263352394104,0.7521052360534668
YOR030W,YGR276C,0,-1.6201252,0.10792264342308044,0.9105263352394104,0.7526316046714783
YPL096W,YDR446W,0,-1.6236548,0.10785536468029022,0.9105263352394104,0.753157913684845
YOL111C,YDR212W,0,-1.6245352,0.10778816044330597,0.9105263352394104,0.7536842226982117
YHR133C,YJL162C,0,-1.6253589,0.10772104561328888,0.9105263352394104,0.7542105317115784
YBL026W,YCR036W,0,-1.625424,0.10765401273965836,0.9105263352394104,0.7547368407249451
YER014W,YJR031C,0,-1.6256245,0.1075870618224144,0.9105263352394104,0.7552631497383118
YMR063W,YPR175W,0,-1.6256362,0.1075202003121376,0.9105263352394104,0.7557894587516785
YPR111W,YGL163C,0,-1.6257474,0.10745341330766678,0.9105263352394104,0.7563157677650452
YLL048C,YNL020C,0,-1.6258034,0.10738671571016312,0.9105263352394104,0.7568420767784119
YMR153W,YOR340C,0,-1.626998,0.10732010006904602,0.9105263352394104,0.7573684453964233
YMR283C,YOR226C,0,-1.6274246,0.10725356638431549,0.9105263352394104,0.75789475440979
YKR103W,YGL027C,0,-1.6275357,0.10718711465597153,0.9105263352394104,0.7584210634231567
YLR084C,YNL016W,0,-1.6279525,0.10712074488401413,0.9105263352394104,0.7589473724365234
YPR131C,YDL091C,0,-1.6289154,0.1070544570684433,0.9105263352394104,0.7594736814498901
YBR288C,YIR013C,0,-1.6296731,0.10698825120925903,0.9105263352394104,0.7599999904632568
YBL052C,YKL008C,0,-1.6299473,0.10692212730646133,0.9105263352394104,0.7605262994766235
YOL052C-A,YML112W,0,-1.6303366,0.1068560853600502,0.9105263352394104,0.7610526084899902
YNR069C,YIL006W,0,-1.6305696,0.10679012537002563,0.9105263352394104,0.7615789771080017
YLR148W,YLR163C,0,-1.6312674,0.10672424733638763,0.9105263352394104,0.7621052861213684
YOL115W,YHR178W,0,-1.6329145,0.1066584438085556,0.9105263352394104,0.7626315951347351
YAL051W,YMR190C,0,-1.6329404,0.10659272968769073,0.9105263352394104,0.7631579041481018
YDR496C,YNL113W,0,-1.6334198,0.10652709007263184,0.9105263352394104,0.7636842131614685
YJR092W,YPL280W,0,-1.6339915,0.1064615398645401,0.9105263352394104,0.7642105221748352
YNL094W,YPR171W,0,-1.6346333,0.10639606416225433,0.9105263352394104,0.7647368311882019
YNL014W,YNL063W,1,-1.6355418,0.10694529861211777,0.9157894849777222,0.7647368311882019
YLR249W,YLR340W,1,-1.6355832,0.10749385505914688,0.9210526347160339,0.7647368311882019
YNL153C,YGR091W,0,-1.6357578,0.10742787271738052,0.9210526347160339,0.7652631402015686
YEL019C,YNL283C,0,-1.6358777,0.10736196488142014,0.9210526347160339,0.7657894492149353
YKR083C,YNR002C,0,-1.6361088,0.10729613900184631,0.9210526347160339,0.7663158178329468
YCR034W,YHR042W,0,-1.6379014,0.10723039507865906,0.9210526347160339,0.7668421268463135
YEL006W,YBL063W,0,-1.6389432,0.10716472566127777,0.9210526347160339,0.7673684358596802
YDL084W,YDL079C,0,-1.6393986,0.10709914565086365,0.9210526347160339,0.7678947448730469
YNR052C,YML014W,0,-1.6398793,0.1070336401462555,0.9210526347160339,0.7684210538864136
YFR049W,YIL110W,0,-1.6409577,0.1069682165980339,0.9210526347160339,0.7689473628997803
YLR398C,YLR182W,0,-1.6412357,0.10690286755561829,0.9210526347160339,0.769473671913147
YHR194W,YDR006C,0,-1.6415075,0.10683760792016983,0.9210526347160339,0.7699999809265137
YDR179C,YPL135W,0,-1.6433681,0.10677242279052734,0.9210526347160339,0.7705262899398804
YDL235C,YML112W,0,-1.6435227,0.10670731961727142,0.9210526347160339,0.7710526585578918
YER058W,YNL316C,0,-1.6443614,0.10664229094982147,0.9210526347160339,0.7715789675712585
YER139C,YBR008C,0,-1.6448628,0.10657734423875809,0.9210526347160339,0.7721052765846252
YCL034W,YPR133W-A,0,-1.6470531,0.10651247948408127,0.9210526347160339,0.7726315855979919
YHR098C,YFL018C,0,-1.6474189,0.10644768923521042,0.9210526347160339,0.7731578946113586
YBL007C,YER060W-A,0,-1.6492373,0.10638298094272614,0.9210526347160339,0.7736842036247253
YLR425W,YIL035C,0,-1.649317,0.10631834715604782,0.9210526347160339,0.774210512638092
YNL219C,YHR012W,0,-1.6493853,0.10625379532575607,0.9210526347160339,0.7747368216514587
YGL006W,YKL013C,0,-1.649955,0.1061893180012703,0.9210526347160339,0.7752631306648254
YCR106W,YNL133C,0,-1.6507488,0.10612492263317108,0.9210526347160339,0.7757894992828369
YCL038C,YKL067W,0,-1.6525275,0.10606060922145844,0.9210526347160339,0.7763158082962036
YGR221C,YGL115W,0,-1.6525503,0.10599636286497116,0.9210526347160339,0.7768421173095703
YKL095W,YJL092W,0,-1.6527127,0.10593220591545105,0.9210526347160339,0.777368426322937
YJL089W,YOR115C,0,-1.6529094,0.10586811602115631,0.9210526347160339,0.7778947353363037
YLR249W,YDR382W,1,-1.6548017,0.10640870779752731,0.9263157844543457,0.7778947353363037
YLR209C,YGL051W,0,-1.6561491,0.10634440928697586,0.9263157844543457,0.7784210443496704
YGR005C,YDL147W,0,-1.6568639,0.10628019273281097,0.9263157844543457,0.7789473533630371
YDL165W,YLR004C,0,-1.6569626,0.10621605068445206,0.9263157844543457,0.7794736623764038
YJL050W,YIL068C,0,-1.6588329,0.1061519905924797,0.9263157844543457,0.7799999713897705
YLL052C,YOR109W,0,-1.6593615,0.10608800500631332,0.9263157844543457,0.780526340007782
YER016W,YKR008W,0,-1.6609479,0.10602409392595291,0.9263157844543457,0.7810526490211487
YGR013W,YDL239C,0,-1.6633428,0.10596026480197906,0.9263157844543457,0.7815789580345154
YLR274W,YHR001W,0,-1.6647636,0.10589651018381119,0.9263157844543457,0.7821052670478821
YFL033C,YDR190C,0,-1.6647758,0.10583283007144928,0.9263157844543457,0.7826315760612488
YPL252C,YLR005W,0,-1.6647817,0.10576923191547394,0.9263157844543457,0.7831578850746155
YEL031W,YLR395C,0,-1.664998,0.10570570826530457,0.9263157844543457,0.7836841940879822
YOR259C,YNL262W,0,-1.6658835,0.10564225912094116,0.9263157844543457,0.7842105031013489
YGL158W,YJR031C,0,-1.6673027,0.10557888448238373,0.9263157844543457,0.7847368717193604
YOR177C,YOR180C,0,-1.6674193,0.10551558434963226,0.9263157844543457,0.785263180732727
YOR010C,YFL045C,0,-1.6710716,0.10545236617326736,0.9263157844543457,0.7857894897460938
YOR049C,YCR097W,0,-1.6712574,0.10538922250270844,0.9263157844543457,0.7863157987594604
YCR083W,YDR457W,0,-1.6714658,0.10532615333795547,0.9263157844543457,0.7868421077728271
YHL033C,YER065C,0,-1.6717838,0.10526315867900848,0.9263157844543457,0.7873684167861938
YMR180C,YJL010C,0,-1.6721274,0.10520023852586746,0.9263157844543457,0.7878947257995605
YNR012W,YPL134C,0,-1.6734227,0.10513739287853241,0.9263157844543457,0.7884210348129272
YJR112W,YGL033W,0,-1.6752201,0.10507462918758392,0.9263157844543457,0.788947343826294
YGR169C,YGL219C,0,-1.676865,0.10501193255186081,0.9263157844543457,0.7894737124443054
YPL152W,YJL154C,0,-1.6772584,0.10494931787252426,0.9263157844543457,0.7900000214576721
YNL299W,YMR032W,0,-1.6784331,0.10488677024841309,0.9263157844543457,0.7905263304710388
YCR014C,YHR201C,0,-1.6784568,0.10482429713010788,0.9263157844543457,0.7910526394844055
YDL214C,YJL006C,0,-1.6812235,0.10476190596818924,0.9263157844543457,0.7915789484977722
YNL300W,YGR171C,0,-1.6827211,0.10469958186149597,0.9263157844543457,0.7921052575111389
YGR074W,YER185W,0,-1.6829721,0.10463733971118927,0.9263157844543457,0.7926315665245056
YDL097C,YIL035C,0,-1.6833246,0.10457516461610794,0.9263157844543457,0.7931578755378723
YDR409W,YPL239W,0,-1.6833762,0.10451306402683258,0.9263157844543457,0.793684184551239
YOR153W,YNL224C,0,-1.6834897,0.10445103794336319,0.9263157844543457,0.7942105531692505
YAL007C,YBR302C,0,-1.6837698,0.10438908636569977,0.9263157844543457,0.7947368621826172
YBR290W,YJR099W,0,-1.6840402,0.10432720929384232,0.9263157844543457,0.7952631711959839
YDR460W,YBR103W,0,-1.6842252,0.10426539927721024,0.9263157844543457,0.7957894802093506
YKL192C,YDL024C,0,-1.6846848,0.10420367121696472,0.9263157844543457,0.7963157892227173
YOR147W,YNL283C,0,-1.6875294,0.10414201021194458,0.9263157844543457,0.796842098236084
YGR172C,YLR166C,0,-1.6894089,0.10408042371273041,0.9263157844543457,0.7973684072494507
YKR022C,YDR135C,0,-1.6899647,0.1040189117193222,0.9263157844543457,0.7978947162628174
YMR014W,YGL073W,0,-1.6906157,0.10395747423171997,0.9263157844543457,0.7984210252761841
YFL024C,YNL153C,0,-1.6930622,0.10389610379934311,0.9263157844543457,0.7989473938941956
YPR100W,YNL326C,0,-1.6935638,0.10383480787277222,0.9263157844543457,0.7994737029075623
YHR083W,YFL048C,0,-1.6949592,0.1037735864520073,0.9263157844543457,0.800000011920929
YOR236W,YOR237W,0,-1.6952676,0.10371243208646774,0.9263157844543457,0.8005263209342957
YJR112W,YGR179C,0,-1.6954697,0.10365135222673416,0.9263157844543457,0.8010526299476624
YDR518W,YNL032W,0,-1.6963505,0.10359034687280655,0.9263157844543457,0.801578938961029
YLR047C,YNR054C,0,-1.6972477,0.10352940857410431,0.9263157844543457,0.8021052479743958
YGL129C,YKL176C,0,-1.6984776,0.10346854478120804,0.9263157844543457,0.8026315569877625
YPL084W,YNR023W,0,-1.6988677,0.10340775549411774,0.9263157844543457,0.8031578660011292
YIL062C,YMR231W,0,-1.6992431,0.10334703326225281,0.9263157844543457,0.8036842346191406
YLR249W,YDR385W,1,-1.7005858,0.10387323796749115,0.9315789341926575,0.8036842346191406
YPR101W,YML011C,0,-1.701394,0.1038123145699501,0.9315789341926575,0.8042105436325073
YJL092W,YKR068C,0,-1.7024623,0.10375146567821503,0.9315789341926575,0.804736852645874
YDL209C,YGL125W,0,-1.7027508,0.10369068384170532,0.9315789341926575,0.8052631616592407
YDR205W,YGR152C,0,-1.702858,0.10362997651100159,0.9315789341926575,0.8057894706726074
YML049C,YCR024C,0,-1.7031189,0.10356933623552322,0.9315789341926575,0.8063157796859741
YOR349W,YLR389C,0,-1.7036475,0.10350877046585083,0.9315789341926575,0.8068420886993408
YPL002C,YOL124C,0,-1.7038298,0.1034482792019844,0.9315789341926575,0.8073683977127075
YBR268W,YBR107C,0,-1.7042906,0.10338784754276276,0.9315789341926575,0.807894766330719
YNL123W,YCR069W,0,-1.7054659,0.10332749783992767,0.9315789341926575,0.8084210753440857
YOR319W,YMR137C,0,-1.7080624,0.10326720774173737,0.9315789341926575,0.8089473843574524
YAR014C,YPR104C,0,-1.7087548,0.10320699959993362,0.9315789341926575,0.8094736933708191
YJR004C,YJR105W,0,-1.7100438,0.10314685106277466,0.9315789341926575,0.8100000023841858
YDR017C,YMR032W,0,-1.7107891,0.10308677703142166,0.9315789341926575,0.8105263113975525
YDL018C,YKL062W,0,-1.7111205,0.10302677750587463,0.9315789341926575,0.8110526204109192
YLR153C,YGL167C,0,-1.7113298,0.10296683758497238,0.9315789341926575,0.8115789294242859
YNL238W,YGR059W,0,-1.7121295,0.1029069796204567,0.9315789341926575,0.8121052384376526
YEL063C,YER031C,0,-1.7136225,0.10284718126058578,0.9315789341926575,0.8126316070556641
YGL045W,YMR035W,0,-1.7136599,0.10278745740652084,0.9315789341926575,0.8131579160690308
YOR162C,YOR272W,0,-1.7164329,0.10272780060768127,0.9315789341926575,0.8136842250823975
YNL102W,YAL014C,0,-1.7169229,0.10266821086406708,0.9315789341926575,0.8142105340957642
YLR027C,YPL147W,0,-1.7177826,0.10260869562625885,0.9315789341926575,0.8147368431091309
YDR354W,YOR002W,0,-1.7178788,0.102549247443676,0.9315789341926575,0.8152631521224976
YMR065W,YJL111W,0,-1.7192088,0.10248986631631851,0.9315789341926575,0.8157894611358643
YOR363C,YGL166W,0,-1.7193432,0.1024305522441864,0.9315789341926575,0.816315770149231
YGL060W,YDL134C,0,-1.7196299,0.10237131267786026,0.9315789341926575,0.8168420791625977
YLR340W,YDR385W,1,-1.7202158,0.10289017111063004,0.9368420839309692,0.8168420791625977
YIL022W,YIR031C,0,-1.7203782,0.10283073037862778,0.9368420839309692,0.8173684477806091
YKL192C,YDR229W,0,-1.7206523,0.10277136415243149,0.9368420839309692,0.8178947567939758
YGL116W,YDR110W,0,-1.721159,0.10271205753087997,0.9368420839309692,0.8184210658073425
YHR012W,YPL003W,0,-1.7212749,0.10265282541513443,0.9368420839309692,0.8189473748207092
YOR064C,YBR295W,0,-1.7250093,0.10259366035461426,0.9368420839309692,0.8194736838340759
YNR010W,YJR017C,0,-1.7252399,0.10253456234931946,0.9368420839309692,0.8199999928474426
YPR185W,YJR005W,0,-1.7258215,0.10247553139925003,0.9368420839309692,0.8205263018608093
YDL092W,YNL014W,1,-1.7282718,0.10299194604158401,0.942105233669281,0.8205263018608093
YML097C,YPL173W,0,-1.7291633,0.10293272137641907,0.942105233669281,0.821052610874176
YKL112W,YKL095W,0,-1.7301831,0.10287356376647949,0.942105233669281,0.8215789198875427
YNL312W,YNL083W,0,-1.7312843,0.10281447321176529,0.942105233669281,0.8221052885055542
YOR113W,YBL050W,0,-1.7317395,0.10275545716285706,0.942105233669281,0.8226315975189209
YBL026W,YER162C,0,-1.7322791,0.1026965007185936,0.942105233669281,0.8231579065322876
YDR359C,YEL019C,0,-1.7326205,0.10263761132955551,0.942105233669281,0.8236842155456543
YMR220W,YHR168W,0,-1.7336649,0.1025787964463234,0.942105233669281,0.824210524559021
YBR293W,YDR007W,0,-1.7349548,0.10252004861831665,0.942105233669281,0.8247368335723877
YOR056C,YNL233W,0,-1.7351251,0.10246136039495468,0.942105233669281,0.8252631425857544
YGL065C,YDR323C,0,-1.7363713,0.10240274667739868,0.942105233669281,0.8257894515991211
YKL217W,YGL086W,0,-1.7367915,0.10234420001506805,0.942105233669281,0.8263157606124878
YDR005C,YDL165W,0,-1.7388569,0.1022857129573822,0.942105233669281,0.8268421292304993
YJL130C,YNL329C,0,-1.7397095,0.10222730040550232,0.942105233669281,0.827368438243866
YIL050W,YBL034C,0,-1.73975,0.10216894745826721,0.942105233669281,0.8278947472572327
YDR382W,YKL081W,1,-1.7412925,0.10268111526966095,0.9473684430122375,0.8278947472572327
YLR453C,YBR081C,0,-1.7416395,0.10262257605791092,0.9473684430122375,0.8284210562705994
YGR285C,YLL003W,0,-1.7426535,0.10256410390138626,0.9473684430122375,0.8289473652839661
YJL005W,YER176W,0,-1.7446678,0.10250569134950638,0.9473684430122375,0.8294736742973328
YNL023C,YGR170W,0,-1.7447156,0.10244735330343246,0.9473684430122375,0.8299999833106995
YDR439W,YBR217W,0,-1.7453146,0.10238907486200333,0.9473684430122375,0.8305262923240662
YNR055C,YDR377W,0,-1.7455508,0.10233087092638016,0.9473684430122375,0.8310526609420776
YDR021W,YBR169C,0,-1.7459198,0.10227272659540176,0.9473684430122375,0.8315789699554443
YDR260C,YFR034C,0,-1.7461822,0.10221464931964874,0.9473684430122375,0.832105278968811
YMR227C,YNL182C,0,-1.7463522,0.1021566390991211,0.9473684430122375,0.8326315879821777
YMR135C,YHR062C,0,-1.7464463,0.10209869593381882,0.9473684430122375,0.8331578969955444
YOR274W,YHL013C,0,-1.7478515,0.10204081982374191,0.9473684430122375,0.8336842060089111
YKL196C,YMR167W,0,-1.7486888,0.10198300331830978,0.9473684430122375,0.8342105150222778
YJL063C,YNL282W,0,-1.7487413,0.10192525386810303,0.9473684430122375,0.8347368240356445
YHL028W,YPL244C,0,-1.7500268,0.10186757147312164,0.9473684430122375,0.8352631330490112
YDR137W,YKL197C,0,-1.7524623,0.10180995613336563,0.9473684430122375,0.8357895016670227
YHR120W,YNL003C,0,-1.7525179,0.1017524003982544,0.9473684430122375,0.8363158106803894
YLR340W,YOL039W,1,-1.7525425,0.10225988924503326,0.9526315927505493,0.8363158106803894
YGR087C,YBL097W,0,-1.7526447,0.1022021472454071,0.9526315927505493,0.8368421196937561
YLR244C,YLR131C,0,-1.753574,0.10214447230100632,0.9526315927505493,0.8373684287071228
YHR135C,YJL187C,0,-1.7543137,0.1020868569612503,0.9526315927505493,0.8378947377204895
YGL022W,YGR091W,0,-1.754335,0.10202930867671967,0.9526315927505493,0.8384210467338562
YPL021W,YOL001W,0,-1.7550356,0.1019718274474144,0.9526315927505493,0.8389473557472229
YDR137W,YOL017W,0,-1.755764,0.1019144132733345,0.9526315927505493,0.8394736647605896
YGL006W,YDR190C,0,-1.7563655,0.10185706615447998,0.9526315927505493,0.8399999737739563
YOR206W,YDR172W,0,-1.7571231,0.10179977864027023,0.9526315927505493,0.8405263423919678
YPL132W,YHR057C,0,-1.7571951,0.10174255073070526,0.9526315927505493,0.8410526514053345
YJR077C,YPL003W,0,-1.7572387,0.10168538987636566,0.9526315927505493,0.8415789604187012
YPR187W,YPR121W,0,-1.7578113,0.10162829607725143,0.9526315927505493,0.8421052694320679
YJL127C,YFL048C,0,-1.7578866,0.10157126933336258,0.9526315927505493,0.8426315784454346
YNL153C,YKL203C,0,-1.7582644,0.1015143021941185,0.9526315927505493,0.8431578874588013
YLR251W,YIL061C,0,-1.7600347,0.10145740211009979,0.9526315927505493,0.843684196472168
YIL016W,YDR350C,0,-1.7622567,0.10140056163072586,0.9526315927505493,0.8442105054855347
YBL079W,YIL040W,0,-1.7651936,0.1013437882065773,0.9526315927505493,0.8447368144989014
YIL007C,YMR234W,0,-1.7665015,0.10128707438707352,0.9526315927505493,0.8452631831169128
YOR219C,YNL314W,0,-1.769596,0.1012304276227951,0.9526315927505493,0.8457894921302795
YPR141C,YDL153C,0,-1.7728475,0.10117384046316147,0.9526315927505493,0.8463158011436462
YKL065C,YGR216C,0,-1.7729617,0.1011173203587532,0.9526315927505493,0.8468421101570129
YJR006W,YNL309W,0,-1.7733035,0.10106085985898972,0.9526315927505493,0.8473684191703796
YCR089W,YDR123C,0,-1.7734317,0.1010044664144516,0.9526315927505493,0.8478947281837463
YCR068W,YNR056C,0,-1.773902,0.10094813257455826,0.9526315927505493,0.848421037197113
YMR177W,YFR030W,0,-1.7740227,0.10089185833930969,0.9526315927505493,0.8489473462104797
YKR060W,YGR096W,0,-1.7753128,0.1008356511592865,0.9526315927505493,0.8494736552238464
YOR190W,YLR135W,0,-1.7755398,0.10077951103448868,0.9526315927505493,0.8500000238418579
YHR103W,YER065C,0,-1.7805519,0.10072343051433563,0.9526315927505493,0.8505263328552246
YJL166W,YMR167W,0,-1.7823734,0.10066740959882736,0.9526315927505493,0.8510526418685913
YKL095W,YDR164C,0,-1.7835956,0.10061144828796387,0.9526315927505493,0.851578950881958
YLR052W,YPL002C,0,-1.7842859,0.10055555403232574,0.9526315927505493,0.8521052598953247
YDR148C,YGR030C,0,-1.7856296,0.1004997193813324,0.9526315927505493,0.8526315689086914
YBR195C,YKL138C,0,-1.7858312,0.10044395178556442,0.9526315927505493,0.8531578779220581
YOR329C,YLR165C,0,-1.7867457,0.10038824379444122,0.9526315927505493,0.8536841869354248
YDL232W,YBR302C,0,-1.7873822,0.1003325954079628,0.9526315927505493,0.8542105555534363
YJR099W,YJL214W,0,-1.7884074,0.10027700662612915,0.9526315927505493,0.854736864566803
YNR035C,YPR058W,0,-1.7905725,0.10022148489952087,0.9526315927505493,0.8552631735801697
YLR007W,YDR309C,0,-1.7924061,0.10016602277755737,0.9526315927505493,0.8557894825935364
YNL183C,YPR023C,0,-1.7924296,0.10011062026023865,0.9526315927505493,0.8563157916069031
YMR318C,YAR035W,0,-1.7942775,0.1000552773475647,0.9526315927505493,0.8568421006202698
YOR219C,YDR145W,0,-1.7948087,0.10000000149011612,0.9526315927505493,0.8573684096336365
YDR263C,YOL094C,0,-1.7952608,0.09994478523731232,0.9526315927505493,0.8578947186470032
YBR216C,YMR241W,0,-1.7959197,0.09988962113857269,0.9526315927505493,0.8584210276603699
YIL085C,YHR158C,0,-1.7979935,0.09983453154563904,0.9526315927505493,0.8589473962783813
YLR247C,YBR107C,0,-1.7987244,0.09977949410676956,0.9526315927505493,0.859473705291748
YIL106W,YML066C,0,-1.7987756,0.09972451627254486,0.9526315927505493,0.8600000143051147
YKR002W,YKL184W,0,-1.8006004,0.09966960549354553,0.9526315927505493,0.8605263233184814
YOL070C,YGR268C,0,-1.8015666,0.09961474686861038,0.9526315927505493,0.8610526323318481
YLR425W,YJR017C,0,-1.8015952,0.0995599552989006,0.9526315927505493,0.8615789413452148
YOR275C,YDL104C,0,-1.8024081,0.0995052233338356,0.9526315927505493,0.8621052503585815
YJR102C,YPL084W,0,-1.8024979,0.09945055097341537,0.9526315927505493,0.8626315593719482
YKL025C,YDR369C,0,-1.8028551,0.09939593821763992,0.9526315927505493,0.8631578683853149
YPL259C,YGL194C,0,-1.8031757,0.09934138506650925,0.9526315927505493,0.8636842370033264
YMR123W,YGR170W,0,-1.8035477,0.09928689152002335,0.9526315927505493,0.8642105460166931
YPR110C,YNR046W,0,-1.8037425,0.09923245757818222,0.9526315927505493,0.8647368550300598
YLL040C,YLL015W,0,-1.804967,0.09917808324098587,0.9526315927505493,0.8652631640434265
YBR057C,YIL046W,0,-1.8051549,0.0991237685084343,0.9526315927505493,0.8657894730567932
YER044C-A,YPL124W,0,-1.8065182,0.0990695133805275,0.9526315927505493,0.8663157820701599
YBR212W,YKR029C,0,-1.8094065,0.09901531785726547,0.9526315927505493,0.8668420910835266
YOR256C,YHR008C,0,-1.812314,0.09896118193864822,0.9526315927505493,0.8673684000968933
YDL245C,YGL224C,0,-1.8163154,0.09890710562467575,0.9526315927505493,0.86789470911026
YKL039W,YAL019W,0,-1.8169996,0.09885308891534805,0.9526315927505493,0.8684210777282715
YDL039C,YGL023C,0,-1.8170416,0.09879912436008453,0.9526315927505493,0.8689473867416382
YMR106C,YKL189W,0,-1.817356,0.09874522686004639,0.9526315927505493,0.8694736957550049
YBR254C,YOL108C,0,-1.819177,0.09869138151407242,0.9526315927505493,0.8700000047683716
YBL099W,YKL184W,0,-1.8198454,0.09863760322332382,0.9526315927505493,0.8705263137817383
YDR267C,YLR329W,0,-1.820672,0.0985838770866394,0.9526315927505493,0.871052622795105
YML102W,YIR026C,0,-1.8228949,0.09853021055459976,0.9526315927505493,0.8715789318084717
YIL103W,YNL014W,1,-1.8234308,0.09902067482471466,0.9578947424888611,0.8715789318084717
YNL197C,YBL008W,0,-1.8242158,0.09896682947874069,0.9578947424888611,0.8721052408218384
YPR030W,YOR078W,0,-1.8247051,0.0989130437374115,0.9578947424888611,0.8726315498352051
YGL129C,YDL103C,0,-1.8257018,0.09885931760072708,0.9578947424888611,0.8731579184532166
YMR115W,YCL054W,0,-1.8264617,0.09880564361810684,0.9578947424888611,0.8736842274665833
YNR024W,YDR189W,0,-1.8285738,0.09875203669071198,0.9578947424888611,0.87421053647995
YOR208W,YKL046C,0,-1.8298172,0.09869848191738129,0.9578947424888611,0.8747368454933167
YBR106W,YFL050C,0,-1.8301815,0.09864498674869537,0.9578947424888611,0.8752631545066833
YDL142C,YBR102C,0,-1.8323287,0.09859155118465424,0.9578947424888611,0.87578946352005
YLR133W,YOR016C,0,-1.8367137,0.09853816777467728,0.9578947424888611,0.8763157725334167
YHR200W,YOR256C,0,-1.8369216,0.09848485141992569,0.9578947424888611,0.8768420815467834
YDR195W,YPL006W,0,-1.8374223,0.09843158721923828,0.9578947424888611,0.8773684501647949
YGL172W,YDR062W,0,-1.8380109,0.09837837517261505,0.9578947424888611,0.8778947591781616
YBR275C,YLL034C,0,-1.8384604,0.0983252301812172,0.9578947424888611,0.8784210681915283
YBR120C,YEL051W,0,-1.8392656,0.09827213734388351,0.9578947424888611,0.878947377204895
YDR498C,YHR091C,0,-1.8398005,0.09821910411119461,0.9578947424888611,0.8794736862182617
YBR275C,YDR202C,0,-1.8418428,0.09816613048315048,0.9578947424888611,0.8799999952316284
YNL083W,YPR121W,0,-1.8425595,0.09811320900917053,0.9578947424888611,0.8805263042449951
YBR128C,YPL252C,0,-1.8433961,0.09806034713983536,0.9578947424888611,0.8810526132583618
YLR247C,YGR046W,0,-1.8437651,0.09800753742456436,0.9578947424888611,0.8815789222717285
YNL192W,YHR002W,0,-1.8437806,0.09795478731393814,0.9578947424888611,0.88210529088974
YDR460W,YOL095C,0,-1.8440114,0.0979020968079567,0.9578947424888611,0.8826315999031067
YBR195C,YDR059C,0,-1.8451644,0.09784946590662003,0.9578947424888611,0.8831579089164734
YPL183C,YLR135W,0,-1.8459562,0.09779687970876694,0.9578947424888611,0.8836842179298401
YOR241W,YDR255C,0,-1.84643,0.09774436056613922,0.9578947424888611,0.8842105269432068
YNL107W,YCR026C,0,-1.8496537,0.09769189357757568,0.9578947424888611,0.8847368359565735
YER018C,YGR057C,0,-1.8507322,0.09763948619365692,0.9578947424888611,0.8852631449699402
YOR085W,YCR042C,0,-1.8527999,0.09758713096380234,0.9578947424888611,0.8857894539833069
YAL007C,YPL084W,0,-1.8539482,0.09753483533859253,0.9578947424888611,0.8863157629966736
YLR313C,YNL084C,0,-1.8564223,0.0974825918674469,0.9578947424888611,0.8868421316146851
YBL031W,YMR270C,0,-1.8571663,0.09743040800094604,0.9578947424888611,0.8873684406280518
YPR107C,YPL047W,0,-1.8590931,0.09737827628850937,0.9578947424888611,0.8878947496414185
YNL222W,YLR421C,0,-1.8596462,0.09732620418071747,0.9578947424888611,0.8884210586547852
YDR469W,YBL058W,0,-1.8623776,0.09727418422698975,0.9578947424888611,0.8889473676681519
YGR198W,YNL298W,0,-1.863628,0.0972222238779068,0.9578947424888611,0.8894736766815186
YOR009W,YNL052W,0,-1.8637592,0.09717031568288803,0.9578947424888611,0.8899999856948853
YDL049C,YOR327C,0,-1.86625,0.09711845964193344,0.9578947424888611,0.890526294708252
YDL189W,YOR056C,0,-1.8677447,0.09706666320562363,0.9578947424888611,0.8910526037216187
YDL010W,YHR176W,0,-1.8677692,0.09701492637395859,0.9578947424888611,0.8915789723396301
YPR095C,YOR144C,0,-1.8677924,0.09696324169635773,0.9578947424888611,0.8921052813529968
YOR177C,YPL193W,0,-1.8682848,0.09691160917282104,0.9578947424888611,0.8926315903663635
YLR138W,YNR057C,0,-1.8686789,0.09686002880334854,0.9578947424888611,0.8931578993797302
YJR043C,YLR330W,0,-1.8690132,0.09680850803852081,0.9578947424888611,0.8936842083930969
YMR133W,YDR369C,0,-1.8703054,0.09675704687833786,0.9578947424888611,0.8942105174064636
YMR213W,YGL156W,0,-1.8720545,0.09670563042163849,0.9578947424888611,0.8947368264198303
YDR404C,YPL270W,0,-1.872855,0.09665427356958389,0.9578947424888611,0.895263135433197
YNL073W,YHR073W,0,-1.872885,0.09660296887159348,0.9578947424888611,0.8957894444465637
YJL197W,YBL056W,0,-1.8746642,0.09655172377824783,0.9578947424888611,0.8963158130645752
YOL129W,YPL126W,0,-1.8754169,0.09650053083896637,0.9578947424888611,0.8968421220779419
YOL110W,YGR057C,0,-1.8754314,0.09644939005374908,0.9578947424888611,0.8973684310913086
YGL022W,YDR416W,0,-1.8763429,0.09639830142259598,0.9578947424888611,0.8978947401046753
YKR103W,YIL134W,0,-1.8770359,0.09634727239608765,0.9578947424888611,0.898421049118042
YGR004W,YLR272C,0,-1.8799127,0.0962962955236435,0.9578947424888611,0.8989473581314087
YIL076W,YDR485C,0,-1.8835,0.09624537080526352,0.9578947424888611,0.8994736671447754
YIL033C,YLR203C,0,-1.8849565,0.09619450569152832,0.9578947424888611,0.8999999761581421
YLR067C,YMR029C,0,-1.8852919,0.0961436852812767,0.9578947424888611,0.9005263447761536
YML109W,YBR276C,0,-1.8866099,0.09609292447566986,0.9578947424888611,0.9010526537895203
YPL018W,YGL083W,0,-1.8875074,0.0960422158241272,0.9578947424888611,0.901578962802887
YPL178W,YLR004C,0,-1.8886396,0.09599155932664871,0.9578947424888611,0.9021052718162537
YPR083W,YGL038C,0,-1.889921,0.095940962433815,0.9578947424888611,0.9026315808296204
YLR069C,YNL014W,1,-1.8908765,0.09641727805137634,0.9631578922271729,0.9026315808296204
YDL134C,YER050C,0,-1.8931518,0.0963665097951889,0.9631578922271729,0.9031578898429871
YLR309C,YGR030C,0,-1.8968251,0.09631578624248505,0.9631578922271729,0.9036841988563538
YOR284W,YML066C,0,-1.898074,0.09626512229442596,0.9631578922271729,0.9042105078697205
YNL090W,YLR102C,0,-1.8982972,0.09621451050043106,0.9631578922271729,0.9047368168830872
YGL127C,YER109C,0,-1.8987734,0.09616395086050034,0.9631578922271729,0.9052631855010986
YGR167W,YNL270C,0,-1.8991767,0.09611344337463379,0.9631578922271729,0.9057894945144653
YOR048C,YOL113W,0,-1.900233,0.09606299549341202,0.9631578922271729,0.906315803527832
YER039C,YHR187W,0,-1.9017733,0.09601259231567383,0.9631578922271729,0.9068421125411987
YGR261C,YBR152W,0,-1.9020225,0.09596224129199982,0.9631578922271729,0.9073684215545654
YPL203W,YGR163W,0,-1.9043053,0.09591194987297058,0.9631578922271729,0.9078947305679321
YCR003W,YMR200W,0,-1.9062396,0.09586171060800552,0.9631578922271729,0.9084210395812988
YDR361C,YMR270C,0,-1.9077947,0.09581151604652405,0.9631578922271729,0.9089473485946655
YGR081C,YPR007C,0,-1.9077963,0.09576138108968735,0.9631578922271729,0.9094736576080322
YBR279W,YNL008C,0,-1.909174,0.09571129828691483,0.9631578922271729,0.9100000262260437
YMR005W,YBR074W,0,-1.9095938,0.09566126763820648,0.9631578922271729,0.9105263352394104
YLL010C,YER100W,0,-1.9097817,0.09561128169298172,0.9631578922271729,0.9110526442527771
YMR156C,YDR079W,0,-1.9127122,0.09556135535240173,0.9631578922271729,0.9115789532661438
YIL157C,YLL031C,0,-1.914908,0.09551148116588593,0.9631578922271729,0.9121052622795105
YDR195W,YJL187C,0,-1.9172717,0.0954616591334343,0.9631578922271729,0.9126315712928772
YLR328W,YKL203C,0,-1.9191016,0.09541188925504684,0.9631578922271729,0.9131578803062439
YBR288C,YOR372C,0,-1.9195005,0.09536216408014297,0.9631578922271729,0.9136841893196106
YCR036W,YDL098C,0,-1.9207935,0.09531249850988388,0.9631578922271729,0.9142104983329773
YMR055C,YGL049C,0,-1.9216107,0.09526288509368896,0.9631578922271729,0.9147368669509888
YBR217W,YHR187W,0,-1.9221702,0.09521331638097763,0.9631578922271729,0.9152631759643555
YML032C,YIR010W,0,-1.9253854,0.09516380727291107,0.9631578922271729,0.9157894849777222
YLR019W,YMR097C,0,-1.9268432,0.0951143428683281,0.9631578922271729,0.9163157939910889
YDR208W,YJR064W,0,-1.9328784,0.09506493806838989,0.9631578922271729,0.9168421030044556
YLR274W,YLR165C,0,-1.9344381,0.09501557797193527,0.9631578922271729,0.9173684120178223
YPR159W,YIL007C,0,-1.9354128,0.09496627002954483,0.9631578922271729,0.917894721031189
YAL055W,YJL094C,0,-1.936065,0.09491701424121857,0.9631578922271729,0.9184210300445557
YJL020C,YPL046C,0,-1.9362926,0.09486781060695648,0.9631578922271729,0.9189473390579224
YNR055C,YNL183C,0,-1.9368464,0.09481865167617798,0.9631578922271729,0.9194737076759338
YDR419W,YNL263C,0,-1.9390619,0.09476955235004425,0.9631578922271729,0.9200000166893005
YML057W,YOR149C,0,-1.9396218,0.0947204977273941,0.9631578922271729,0.9205263257026672
YPR068C,YPL005W,0,-1.9405011,0.09467149525880814,0.9631578922271729,0.9210526347160339
YOR358W,YDR221W,0,-1.9425188,0.09462254494428635,0.9631578922271729,0.9215789437294006
YMR156C,YMR323W,0,-1.9427887,0.09457364678382874,0.9631578922271729,0.9221052527427673
YLR069C,YNL063W,1,-1.9430817,0.09504131972789764,0.9684210419654846,0.9221052527427673
YOL119C,YFL002C,0,-1.9431189,0.0949922576546669,0.9684210419654846,0.922631561756134
YMR041C,YDR104C,0,-1.94388,0.09494324028491974,0.9684210419654846,0.9231578707695007
YDL175C,YLR187W,0,-1.94653,0.09489427506923676,0.9684210419654846,0.9236842393875122
YMR288W,YJL187C,0,-1.949082,0.09484536200761795,0.9684210419654846,0.9242105484008789
YAR008W,YDL134C,0,-1.9495052,0.09479649364948273,0.9684210419654846,0.9247368574142456
YLR228C,YOL093W,0,-1.9498423,0.09474768489599228,0.9684210419654846,0.9252631664276123
YNL182C,YMR153W,0,-1.9515561,0.09469892084598541,0.9684210419654846,0.925789475440979
YGR077C,YER166W,0,-1.956382,0.09465020895004272,0.9684210419654846,0.9263157844543457
YLR340W,YDL081C,1,-1.95761,0.09511568397283554,0.9736841917037964,0.9263157844543457
YGR024C,YER050C,0,-1.9602851,0.09506680071353912,0.9736841917037964,0.9268420934677124
YOR307C,YPR055W,0,-1.9606882,0.09501797705888748,0.9736841917037964,0.9273684024810791
YMR236W,YLR113W,0,-1.96095,0.09496919810771942,0.9736841917037964,0.9278947114944458
YPL020C,YDR323C,0,-1.9613028,0.09492047131061554,0.9736841917037964,0.9284210801124573
YOR073W,YJR036C,0,-1.9619428,0.09487179666757584,0.9736841917037964,0.928947389125824
YNL272C,YBL014C,0,-1.9660617,0.09482316672801971,0.9736841917037964,0.9294736981391907
YFR004W,YER166W,0,-1.9662124,0.09477458894252777,0.9736841917037964,0.9300000071525574
YJR006W,YLR028C,0,-1.9665083,0.0947260633111,0.9736841917037964,0.9305263161659241
YCR091W,YEL029C,0,-1.9667032,0.09467758238315582,0.9736841917037964,0.9310526251792908
YLR404W,YBL058W,0,-1.9708072,0.09462915360927582,0.9736841917037964,0.9315789341926575
YMR029C,YHR091C,0,-1.9737428,0.09458077698945999,0.9736841917037964,0.9321052432060242
YDR386W,YIL119C,0,-1.9750565,0.09453244507312775,0.9736841917037964,0.9326315522193909
YOR094W,YGR276C,0,-1.9767638,0.09448416531085968,0.9736841917037964,0.9331579208374023
YHR079C-A,YDR373W,0,-1.9790379,0.09443593770265579,0.9736841917037964,0.933684229850769
YDR453C,YPL132W,0,-1.9816905,0.09438775479793549,0.9736841917037964,0.9342105388641357
YDR078C,YLR423C,0,-1.9832414,0.09433962404727936,0.9736841917037964,0.9347368478775024
YNL219C,YOL034W,0,-1.9851712,0.09429153800010681,0.9736841917037964,0.9352631568908691
YNL258C,YJL115W,0,-1.9863586,0.09424350410699844,0.9736841917037964,0.9357894659042358
YIL035C,YER033C,0,-1.990254,0.09419552236795425,0.9736841917037964,0.9363157749176025
YDL139C,YML029W,0,-1.9926845,0.09414758533239365,0.9736841917037964,0.9368420839309692
YLR013W,YMR024W,0,-1.9932345,0.09409969300031662,0.9736841917037964,0.9373683929443359
YDR059C,YCR052W,0,-1.9938643,0.09405185282230377,0.9736841917037964,0.9378947615623474
YMR240C,YHL013C,0,-1.9982516,0.0940040647983551,0.9736841917037964,0.9384210705757141
YOL070C,YLR285W,0,-1.9984845,0.09395632147789001,0.9736841917037964,0.9389473795890808
YPR107C,YPR094W,0,-2.0006726,0.0939086303114891,0.9736841917037964,0.9394736886024475
YMR207C,YPL094C,0,-2.0021338,0.09386098384857178,0.9736841917037964,0.9399999976158142
YGL212W,YGL241W,0,-2.0024624,0.09381338953971863,0.9736841917037964,0.9405263066291809
YPR061C,YFR029W,0,-2.0037117,0.09376583993434906,0.9736841917037964,0.9410526156425476
YEL029C,YNL278W,0,-2.0041695,0.09371833503246307,0.9736841917037964,0.9415789246559143
YOR249C,YKR008W,0,-2.0049367,0.09367088973522186,0.9736841917037964,0.942105233669281
YNL323W,YML013W,0,-2.0052009,0.09362348169088364,0.9736841917037964,0.9426316022872925
YNL106C,YFR046C,0,-2.0062213,0.09357612580060959,0.9736841917037964,0.9431579113006592
YOR330C,YLR215C,0,-2.0077524,0.09352881461381912,0.9736841917037964,0.9436842203140259
YIL159W,YHR156C,0,-2.007968,0.09348155558109283,0.9736841917037964,0.9442105293273926
YMR125W,YOR094W,0,-2.009466,0.09343434125185013,0.9736841917037964,0.9447368383407593
YCL029C,YKL189W,0,-2.0122206,0.0933871790766716,0.9736841917037964,0.945263147354126
YNL014W,YOR187W,1,-2.0152164,0.09384460002183914,0.9789473414421082,0.945263147354126
YER115C,YNL070W,0,-2.0172982,0.09379727393388748,0.9789473414421082,0.9457894563674927
YDR009W,YBL089W,0,-2.0175686,0.09375,0.9789473414421082,0.9463157653808594
YAL014C,YER098W,0,-2.0202098,0.0937027707695961,0.9789473414421082,0.9468421339988708
YGR134W,YGL142C,0,-2.023483,0.09365558624267578,0.9789473414421082,0.9473684430122375
YMR236W,YDR235W,0,-2.0256014,0.09360845386981964,0.9789473414421082,0.9478947520256042
YDR182W,YDR392W,0,-2.0256171,0.09356136620044708,0.9789473414421082,0.948421061038971
YOL070C,YPR134W,0,-2.0269742,0.0935143306851387,0.9789473414421082,0.9489473700523376
YML065W,YNL329C,0,-2.0283704,0.0934673398733139,0.9789473414421082,0.9494736790657043
YGL018C,YOL135C,0,-2.0287113,0.09342039376497269,0.9789473414421082,0.949999988079071
YAL009W,YOR119C,0,-2.0314984,0.09337349236011505,0.9789473414421082,0.9505262970924377
YDR405W,YBR228W,0,-2.0355253,0.0933266431093216,0.9789473414421082,0.9510526061058044
YDR489W,YGL023C,0,-2.0359406,0.09327983856201172,0.9789473414421082,0.9515789747238159
YGR276C,YLR095C,0,-2.0413074,0.09323308616876602,0.9789473414421082,0.9521052837371826
YAL051W,YGR132C,0,-2.0431924,0.09318637102842331,0.9789473414421082,0.9526315927505493
YNL299W,YHR114W,0,-2.0462108,0.09313970804214478,0.9789473414421082,0.953157901763916
YPR060C,YDR477W,0,-2.0474172,0.09309308975934982,0.9789473414421082,0.9536842107772827
YCR106W,YPL105C,0,-2.0493078,0.09304652363061905,0.9789473414421082,0.9542105197906494
YIL159W,YOR195W,0,-2.0565133,0.09300000220537186,0.9789473414421082,0.9547368288040161
YGL131C,YER093C,0,-2.0568547,0.09295352548360825,0.9789473414421082,0.9552631378173828
YDL072C,YJL203W,0,-2.0577264,0.09290709346532822,0.9789473414421082,0.9557894468307495
YDL247W,YDR515W,0,-2.0579338,0.09286070615053177,0.9789473414421082,0.956315815448761
YAL056W,YNL056W,0,-2.0594468,0.0928143709897995,0.9789473414421082,0.9568421244621277
YFL001W,YKL092C,0,-2.0638871,0.09276808053255081,0.9789473414421082,0.9573684334754944
YJL030W,YKL015W,0,-2.0655432,0.0927218347787857,0.9789473414421082,0.9578947424888611
YMR072W,YNR031C,0,-2.0713568,0.09267563372850418,0.9789473414421082,0.9584210515022278
YOL108C,YEL003W,0,-2.0744128,0.09262948483228683,0.9789473414421082,0.9589473605155945
YDR382W,YOL039W,1,-2.0769591,0.09308113157749176,0.9842105507850647,0.9589473605155945
YGL257C,YDL004W,0,-2.0781984,0.09303482621908188,0.9842105507850647,0.9594736695289612
YHR119W,YLR210W,0,-2.0814204,0.09298856556415558,0.9842105507850647,0.9599999785423279
YDR472W,YOR144C,0,-2.0857496,0.09294234961271286,0.9842105507850647,0.9605262875556946
YBR280C,YBR247C,0,-2.086617,0.09289617836475372,0.9842105507850647,0.961052656173706
YLR292C,YBL058W,0,-2.0883975,0.09285005182027817,0.9842105507850647,0.9615789651870728
YDR382W,YDR385W,1,-2.0913424,0.0933002457022667,0.9894737005233765,0.9615789651870728
YOR358W,YOR275C,0,-2.095378,0.0932539701461792,0.9894737005233765,0.9621052742004395
YNL085W,YCR048W,0,-2.095436,0.09320773184299469,0.9894737005233765,0.9626315832138062
YAL033W,YOR032C,0,-2.0989623,0.09316154569387436,0.9894737005233765,0.9631578922271729
YPL139C,YJL179W,0,-2.1066208,0.09311540424823761,0.9894737005233765,0.9636842012405396
YOL116W,YNL072W,0,-2.1090827,0.09306930750608444,0.9894737005233765,0.9642105102539062
YGL237C,YER050C,0,-2.115707,0.09302325546741486,0.9894737005233765,0.964736819267273
YML038C,YML072C,0,-2.1157455,0.09297724813222885,0.9894737005233765,0.9652631282806396
YPL180W,YLR360W,0,-2.1176915,0.09293129295110703,0.9894737005233765,0.9657894968986511
YDL039C,YAL028W,0,-2.1183372,0.09288537502288818,0.9894737005233765,0.9663158059120178
YDR176W,YDR113C,0,-2.128261,0.09283950924873352,0.9894737005233765,0.9668421149253845
YDR162C,YMR197C,0,-2.1293828,0.09279368072748184,0.9894737005233765,0.9673684239387512
YIL156W,YIL042C,0,-2.1345584,0.09274790436029434,0.9894737005233765,0.9678947329521179
YML061C,YBL046W,0,-2.1346283,0.09270217269659042,0.9894737005233765,0.9684210419654846
YML107C,YPR079W,0,-2.1362498,0.09265647828578949,0.9894737005233765,0.9689473509788513
YEL063C,YJR084W,0,-2.138145,0.09261083602905273,0.9894737005233765,0.969473659992218
YJL141C,YDR339C,0,-2.1399138,0.09256523847579956,0.9894737005233765,0.9700000286102295
YBR216C,YPR100W,0,-2.1406116,0.09251968562602997,0.9894737005233765,0.9705263376235962
YBR168W,YKL014C,0,-2.14213,0.09247417747974396,0.9894737005233765,0.9710526466369629
YPL112C,YHR034C,0,-2.143485,0.09242871403694153,0.9894737005233765,0.9715789556503296
YLL021W,YLR085C,0,-2.1459641,0.09238329529762268,0.9894737005233765,0.9721052646636963
YEL004W,YIL063C,0,-2.1460252,0.09233791381120682,0.9894737005233765,0.972631573677063
YJL194W,YDL087C,0,-2.1472392,0.09229258447885513,0.9894737005233765,0.9731578826904297
YDR208W,YGL063W,0,-2.1481996,0.09224729984998703,0.9894737005233765,0.9736841917037964
YOR219C,YIL137C,0,-2.1485,0.09220205992460251,0.9894737005233765,0.9742105007171631
YDR075W,YFR027W,0,-2.1486611,0.09215686470270157,0.9894737005233765,0.9747368693351746
YKL130C,YGL166W,0,-2.1506624,0.09211170673370361,0.9894737005233765,0.9752631783485413
YDR382W,YDL081C,1,-2.1518655,0.09255632013082504,0.9947368502616882,0.9752631783485413
YPR155C,YNL148C,0,-2.1575553,0.09251101315021515,0.9947368502616882,0.975789487361908
YDR021W,YDL147W,0,-2.1595383,0.09246575087308884,0.9947368502616882,0.9763157963752747
YDR227W,YHR002W,0,-2.1595922,0.0924205407500267,0.9947368502616882,0.9768421053886414
YJL168C,YKR034W,0,-2.16329,0.09237536787986755,0.9947368502616882,0.9773684144020081
YJL115W,YJR053W,0,-2.1639955,0.09233023971319199,0.9947368502616882,0.9778947234153748
YHR102W,YPL133C,0,-2.1663332,0.09228515625,0.9947368502616882,0.9784210324287415
YHR150W,YDR280W,0,-2.1791015,0.0922401174902916,0.9947368502616882,0.9789473414421082
YLR350W,YCR057C,0,-2.1815815,0.09219512343406677,0.9947368502616882,0.9794737100601196
YDL104C,YDR218C,0,-2.1840355,0.09215017408132553,0.9947368502616882,0.9800000190734863
YOR190W,YCR071C,0,-2.189823,0.09210526198148727,0.9947368502616882,0.980526328086853
YLR417W,YDR416W,0,-2.2018852,0.0920604020357132,0.9947368502616882,0.9810526371002197
YIR005W,YDR146C,0,-2.2024622,0.0920155793428421,0.9947368502616882,0.9815789461135864
YOL054W,YPR155C,0,-2.208086,0.09197080135345459,0.9947368502616882,0.9821052551269531
YDL028C,YJR119C,0,-2.2131705,0.09192606806755066,0.9947368502616882,0.9826315641403198
YOR113W,YHR115C,0,-2.225524,0.09188137948513031,0.9947368502616882,0.9831578731536865
YNL183C,YBR091C,0,-2.2260857,0.09183673560619354,0.9947368502616882,0.9836841821670532
YMR137C,YIL128W,0,-2.2354326,0.09179212898015976,0.9947368502616882,0.9842105507850647
YNL273W,YMR078C,0,-2.2363229,0.09174757450819016,0.9947368502616882,0.9847368597984314
YGL060W,YHR008C,0,-2.2424788,0.09170305728912354,0.9947368502616882,0.9852631688117981
YDL153C,YOR018W,0,-2.2439117,0.0916585847735405,0.9947368502616882,0.9857894778251648
YHR103W,YOR196C,0,-2.258708,0.09161415696144104,0.9947368502616882,0.9863157868385315
YBL067C,YGL064C,0,-2.2717376,0.09156976640224457,0.9947368502616882,0.9868420958518982
YJL074C,YPR199C,0,-2.276907,0.09152542054653168,0.9947368502616882,0.9873684048652649
YDL214C,YPL255W,0,-2.2829914,0.09148111939430237,0.9947368502616882,0.9878947138786316
YGR007W,YBR129C,0,-2.2830992,0.09143686294555664,0.9947368502616882,0.9884210228919983
YDR359C,YPL007C,0,-2.2862825,0.0913926512002945,0.9947368502616882,0.9889473915100098
YDL091C,YJL173C,0,-2.2935748,0.09134847670793533,0.9947368502616882,0.9894737005233765
YBL080C,YBR278W,0,-2.2980986,0.09130434691905975,0.9947368502616882,0.9900000095367432
YMR125W,YOL044W,0,-2.29886,0.09126026183366776,0.9947368502616882,0.9905263185501099
YDL044C,YML064C,0,-2.3069243,0.09121621400117874,0.9947368502616882,0.9910526275634766
YOR073W,YMR231W,0,-2.3103642,0.09117221087217331,0.9947368502616882,0.9915789365768433
YDL209C,YDR407C,0,-2.3114347,0.09112825244665146,0.9947368502616882,0.99210524559021
YOR368W,YOR001W,0,-2.3479028,0.09108433872461319,0.9947368502616882,0.9926315546035767
YBR070C,YLR323C,0,-2.3683739,0.0910404622554779,0.9947368502616882,0.9931579232215881
YBR195C,YER139C,0,-2.373683,0.0909966304898262,0.9947368502616882,0.9936842322349548
YJL168C,YKR046C,0,-2.3941355,0.09095283597707748,0.9947368502616882,0.9942105412483215
YOR017W,YDR217C,0,-2.4075866,0.09090909361839294,0.9947368502616882,0.9947368502616882
YDR382W,YLR340W,1,-2.4091115,0.09134615212678909,1.0,0.9947368502616882
YJL010C,YPR121W,0,-2.4186106,0.09130226075649261,1.0,0.9952631592750549
YNL233W,YJL057C,0,-2.419147,0.09125840663909912,1.0,0.9957894682884216
YLR423C,YNL309W,0,-2.4247131,0.09121459722518921,1.0,0.9963157773017883
YNL271C,YFL050C,0,-2.42623,0.09117082506418228,1.0,0.996842086315155
YMR115W,YDR499W,0,-2.4435954,0.09112709760665894,1.0,0.9973683953285217
YHR090C,YBL056W,0,-2.511755,0.09108341485261917,1.0,0.9978947639465332
YOL110W,YGR229C,0,-2.5421705,0.09103976935148239,1.0,0.9984210729598999
YNL041C,YDL047W,0,-2.6947742,0.0909961685538292,1.0,0.9989473819732666
YBR215W,YNR023W,0,-2.6962385,0.09095261245965958,1.0,0.9994736909866333
YIL066C,YHL022C,0,-2.7568398,0.09090909361839294,1.0,1.0
