Name,+/-,Score,True Positive,False Positive,True Negative,False Negative,Accuracy,Precision,Recall,False Positive Rate,Selectivity
YDR493W,-1,145.6205506253027,0,1,5862,239,0.960668633235005,0.0,0.0,0.00017056114617090227,0.9998294388538291
YMR158W,-1,145.02757845686392,0,2,5861,239,0.9605047525401508,0.0,0.0,0.00034112229234180454,0.9996588777076582
YJR080C,-1,143.87657688811032,0,3,5860,239,0.9603408718452966,0.0,0.0,0.0005116834385127068,0.9994883165614873
YHR005C-A,-1,142.8460399708667,0,4,5859,239,0.9601769911504425,0.0,0.0,0.0006822445846836091,0.9993177554153164
YGR220C,-1,141.30972650999684,0,5,5858,239,0.9600131104555883,0.0,0.0,0.0008528057308545113,0.9991471942691454
YNL284C,-1,137.874187547534,0,6,5857,239,0.9598492297607342,0.0,0.0,0.0010233668770254136,0.9989766331229746
YGR181W,-1,137.6472291839509,0,7,5856,239,0.95968534906588,0.0,0.0,0.0011939280231963159,0.9988060719768037
YNL213C,-1,133.85325553832809,0,8,5855,239,0.9595214683710259,0.0,0.0,0.0013644891693672181,0.9986355108306327
YEL050C,-1,131.8772932946764,0,9,5854,239,0.9593575876761717,0.0,0.0,0.0015350503155381204,0.9984649496844619
YPL098C,-1,130.56034232024336,0,10,5853,239,0.9591937069813176,0.0,0.0,0.0017056114617090227,0.998294388538291
YCR028C-A,-1,130.19716439424974,0,11,5852,239,0.9590298262864635,0.0,0.0,0.001876172607879925,0.99812382739212
YDR237W,-1,127.9105092802647,0,12,5851,239,0.9588659455916093,0.0,0.0,0.0020467337540508272,0.9979532662459492
YJR135W-A,-1,126.48405375486423,0,13,5850,239,0.9587020648967551,0.0,0.0,0.0022172949002217295,0.9977827050997783
YHR083W,-1,125.48762066977997,0,14,5849,239,0.9585381842019011,0.0,0.0,0.0023878560463926318,0.9976121439536074
YHR038W,-1,125.22008266539535,0,15,5848,239,0.9583743035070469,0.0,0.0,0.002558417192563534,0.9974415828074364
YOR187W,-1,123.30300177856121,0,16,5847,239,0.9582104228121927,0.0,0.0,0.0027289783387344363,0.9972710216612656
YNR022C,-1,122.58574127642251,0,17,5846,239,0.9580465421173385,0.0,0.0,0.0028995394849053386,0.9971004605150947
YOR189W,-1,122.48732278721735,0,18,5845,239,0.9578826614224845,0.0,0.0,0.003070100631076241,0.9969298993689237
YPL013C,-1,122.4003535034708,0,19,5844,239,0.9577187807276303,0.0,0.0,0.003240661777247143,0.9967593382227529
YPR166C,-1,122.37200662930495,0,20,5843,239,0.9575549000327761,0.0,0.0,0.0034112229234180454,0.996588777076582
YBR146W,-1,121.02638566453425,0,21,5842,239,0.957391019337922,0.0,0.0,0.0035817840695889476,0.996418215930411
YGR132C,-1,120.96914606715445,0,22,5841,239,0.9572271386430679,0.0,0.0,0.00375234521575985,0.9962476547842402
YDR393W,-1,119.77702102111135,0,23,5840,239,0.9570632579482137,0.0,0.0,0.003922906361930752,0.9960770936380693
YKL141W,-1,118.95661254051743,0,24,5839,239,0.9568993772533596,0.0,0.0,0.0040934675081016544,0.9959065324918983
YJL003W,-1,118.38472927768574,0,25,5838,239,0.9567354965585054,0.0,0.0,0.004264028654272557,0.9957359713457274
YML028W,-1,118.31416817679174,0,26,5837,239,0.9565716158636512,0.0,0.0,0.004434589800443459,0.9955654101995566
YLR204W,-1,117.89891123436973,0,27,5836,239,0.9564077351687971,0.0,0.0,0.004605150946614361,0.9953948490533856
YJR077C,-1,117.65442230540077,0,28,5835,239,0.956243854473943,0.0,0.0,0.0047757120927852635,0.9952242879072147
YDR337W,-1,117.5516207226699,0,29,5834,239,0.9560799737790888,0.0,0.0,0.004946273238956166,0.9950537267610439
YBR179C,-1,117.52285037634351,0,30,5833,239,0.9559160930842346,0.0,0.0,0.005116834385127068,0.9948831656148729
YGL115W,-1,117.42042619482922,0,31,5832,239,0.9557522123893806,0.0,0.0,0.00528739553129797,0.994712604468702
YOR179C,-1,116.58509580649275,0,32,5831,239,0.9555883316945264,0.0,0.0,0.005457956677468873,0.9945420433225312
YNL048W,-1,115.99026306939004,0,33,5830,239,0.9554244509996722,0.0,0.0,0.005628517823639775,0.9943714821763602
YBR251W,-1,115.92544681137986,0,34,5829,239,0.9552605703048181,0.0,0.0,0.005799078969810677,0.9942009210301893
YMR089C,-1,114.73804745667289,0,35,5828,239,0.955096689609964,0.0,0.0,0.005969640115981579,0.9940303598840184
YBL030C,-1,114.57160937556421,0,36,5827,239,0.9549328089151098,0.0,0.0,0.006140201262152482,0.9938597987378475
YKL003C,-1,114.48836353698825,0,37,5826,239,0.9547689282202556,0.0,0.0,0.006310762408323384,0.9936892375916766
YNL055C,-1,113.80961843855756,0,38,5825,239,0.9546050475254015,0.0,0.0,0.006481323554494286,0.9935186764455057
YNL315C,-1,113.40215860820803,0,39,5824,239,0.9544411668305474,0.0,0.0,0.0066518847006651885,0.9933481152993349
YDR296W,-1,113.0403994288268,0,40,5823,239,0.9542772861356932,0.0,0.0,0.006822445846836091,0.9931775541531639
YCL026C-B,-1,112.86201802767027,0,41,5822,239,0.9541134054408391,0.0,0.0,0.006993006993006993,0.993006993006993
YPL104W,-1,112.82082231996628,0,42,5821,239,0.9539495247459849,0.0,0.0,0.007163568139177895,0.9928364318608222
YOR142W,-1,112.49899441537883,0,43,5820,239,0.9537856440511308,0.0,0.0,0.0073341292853487975,0.9926658707146512
YDL008W,1,112.19342253358181,1,43,5820,238,0.9539495247459849,0.022727272727272728,0.0041841004184100415,0.0073341292853487975,0.9926658707146512
YGR101W,-1,111.86122987018825,1,44,5819,238,0.9537856440511308,0.022222222222222223,0.0041841004184100415,0.0075046904315197,0.9924953095684803
YER050C,-1,111.81754942877166,1,45,5818,238,0.9536217633562767,0.021739130434782608,0.0041841004184100415,0.007675251577690602,0.9923247484223094
YJR121W,-1,111.71518941650842,1,46,5817,238,0.9534578826614225,0.02127659574468085,0.0041841004184100415,0.007845812723861504,0.9921541872761385
YNL005C,-1,111.55176764112775,1,47,5816,238,0.9532940019665683,0.020833333333333332,0.0041841004184100415,0.008016373870032407,0.9919836261299676
YFL005W,-1,111.30823281612253,1,48,5815,238,0.9531301212717141,0.02040816326530612,0.0041841004184100415,0.008186935016203309,0.9918130649837967
YHR012W,-1,110.95186505839229,1,49,5814,238,0.9529662405768601,0.02,0.0041841004184100415,0.008357496162374212,0.9916425038376258
YER154W,-1,110.62935609292481,1,50,5813,238,0.9528023598820059,0.0196078431372549,0.0041841004184100415,0.008528057308545113,0.9914719426914549
YPR100W,-1,110.62664830905234,1,51,5812,238,0.9526384791871517,0.019230769230769232,0.0041841004184100415,0.008698618454716017,0.991301381545284
YJL180C,-1,110.41280152965678,1,52,5811,238,0.9524745984922977,0.018867924528301886,0.0041841004184100415,0.008869179600886918,0.991130820399113
YJR120W,-1,110.31488771707518,1,53,5810,238,0.9523107177974435,0.018518518518518517,0.0041841004184100415,0.009039740747057821,0.9909602592529422
YBR185C,-1,110.10889974061607,1,54,5809,238,0.9521468371025893,0.01818181818181818,0.0041841004184100415,0.009210301893228722,0.9907896981067713
YJR045C,-1,110.068656418443,1,55,5808,238,0.9519829564077351,0.017857142857142856,0.0041841004184100415,0.009380863039399626,0.9906191369606003
YDL217C,-1,109.9446914626676,1,56,5807,238,0.951819075712881,0.017543859649122806,0.0041841004184100415,0.009551424185570527,0.9904485758144295
YML058W,-1,109.94432963808002,1,57,5806,238,0.9516551950180269,0.017241379310344827,0.0041841004184100415,0.00972198533174143,0.9902780146682586
YNL098C,-1,109.72950365788894,1,58,5805,238,0.9514913143231727,0.01694915254237288,0.0041841004184100415,0.009892546477912332,0.9901074535220876
YBR262C,-1,109.65120328742664,1,59,5804,238,0.9513274336283186,0.016666666666666666,0.0041841004184100415,0.010063107624083235,0.9899368923759168
YNR045W,-1,109.43110261543234,1,60,5803,238,0.9511635529334644,0.01639344262295082,0.0041841004184100415,0.010233668770254136,0.9897663312297459
YNL026W,-1,108.98680984350224,1,61,5802,238,0.9509996722386103,0.016129032258064516,0.0041841004184100415,0.01040422991642504,0.9895957700835749
YOR045W,-1,108.3737942585389,1,62,5801,238,0.9508357915437562,0.015873015873015872,0.0041841004184100415,0.01057479106259594,0.989425208937404
YPL061W,-1,108.28151834552278,1,63,5800,238,0.950671910848902,0.015625,0.0041841004184100415,0.010745352208766844,0.9892546477912332
YBL038W,-1,108.24972551603808,1,64,5799,238,0.9505080301540478,0.015384615384615385,0.0041841004184100415,0.010915913354937745,0.9890840866450622
YGR086C,-1,108.08230048171383,1,65,5798,238,0.9503441494591937,0.015151515151515152,0.0041841004184100415,0.011086474501108648,0.9889135254988913
YLR027C,-1,108.00413494542317,1,66,5797,238,0.9501802687643396,0.014925373134328358,0.0041841004184100415,0.01125703564727955,0.9887429643527205
YNL155W,-1,107.99082881276263,1,67,5796,238,0.9500163880694854,0.014705882352941176,0.0041841004184100415,0.011427596793450453,0.9885724032065496
YDL142C,-1,107.77248151121967,1,68,5795,238,0.9498525073746312,0.014492753623188406,0.0041841004184100415,0.011598157939621354,0.9884018420603786
YGR215W,-1,107.3902083815533,1,69,5794,238,0.9496886266797772,0.014285714285714285,0.0041841004184100415,0.011768719085792257,0.9882312809142078
YGL040C,-1,107.37716153500878,1,70,5793,238,0.949524745984923,0.014084507042253521,0.0041841004184100415,0.011939280231963159,0.9880607197680369
YML061C,-1,106.85021023543777,1,71,5792,238,0.9493608652900688,0.013888888888888888,0.0041841004184100415,0.012109841378134062,0.9878901586218659
YKL192C,-1,106.83463914298773,1,72,5791,238,0.9491969845952147,0.0136986301369863,0.0041841004184100415,0.012280402524304963,0.987719597475695
YLR312W-A,-1,106.39025851252757,1,73,5790,238,0.9490331039003606,0.013513513513513514,0.0041841004184100415,0.012450963670475866,0.9875490363295242
YNL295W,-1,106.29822894051904,1,74,5789,238,0.9488692232055064,0.013333333333333334,0.0041841004184100415,0.012621524816646768,0.9873784751833532
YBL059W,-1,106.05504683573963,1,75,5788,238,0.9487053425106522,0.013157894736842105,0.0041841004184100415,0.012792085962817671,0.9872079140371823
YNR020C,-1,105.55329936100341,1,76,5787,238,0.9485414618157981,0.012987012987012988,0.0041841004184100415,0.012962647108988572,0.9870373528910115
YHL034C,-1,105.51253320872604,1,77,5786,238,0.948377581120944,0.01282051282051282,0.0041841004184100415,0.013133208255159476,0.9868667917448405
YDL202W,-1,105.50130862139667,1,78,5785,238,0.9482137004260898,0.012658227848101266,0.0041841004184100415,0.013303769401330377,0.9866962305986696
YBR039W,-1,105.3812431716101,1,79,5784,238,0.9480498197312357,0.0125,0.0041841004184100415,0.01347433054750128,0.9865256694524988
YNL081C,-1,105.33385850494756,1,80,5783,238,0.9478859390363815,0.012345679012345678,0.0041841004184100415,0.013644891693672181,0.9863551083063278
YGR171C,-1,105.24530889191935,1,81,5782,238,0.9477220583415273,0.012195121951219513,0.0041841004184100415,0.013815452839843085,0.9861845471601569
YGL084C,-1,104.6056034756964,1,82,5781,238,0.9475581776466733,0.012048192771084338,0.0041841004184100415,0.013986013986013986,0.986013986013986
YKR065C,-1,104.42383627448919,1,83,5780,238,0.9473942969518191,0.011904761904761904,0.0041841004184100415,0.01415657513218489,0.9858434248678151
YER178W,-1,104.3263634469198,1,84,5779,238,0.9472304162569649,0.011764705882352941,0.0041841004184100415,0.01432713627835579,0.9856728637216442
YGR076C,-1,104.1645070164991,1,85,5778,238,0.9470665355621107,0.011627906976744186,0.0041841004184100415,0.014497697424526694,0.9855023025754733
YPL132W,-1,104.07252275455471,1,86,5777,238,0.9469026548672567,0.011494252873563218,0.0041841004184100415,0.014668258570697595,0.9853317414293024
YBR108W,-1,104.05634646788712,1,87,5776,238,0.9467387741724025,0.011363636363636364,0.0041841004184100415,0.014838819716868498,0.9851611802831315
YBL045C,-1,103.96141895277515,1,88,5775,238,0.9465748934775483,0.011235955056179775,0.0041841004184100415,0.0150093808630394,0.9849906191369606
YGR112W,-1,103.9280257055264,1,89,5774,238,0.9464110127826942,0.011111111111111112,0.0041841004184100415,0.015179942009210303,0.9848200579907896
YHL004W,-1,103.74488551920479,1,90,5773,238,0.9462471320878401,0.01098901098901099,0.0041841004184100415,0.015350503155381204,0.9846494968446188
YFL039C,-1,103.71446400796904,1,91,5772,238,0.9460832513929859,0.010869565217391304,0.0041841004184100415,0.015521064301552107,0.9844789356984479
YCR003W,-1,103.6688162095306,1,92,5771,238,0.9459193706981318,0.010752688172043012,0.0041841004184100415,0.01569162544772301,0.984308374552277
YFL038C,-1,103.51077699376583,1,93,5770,238,0.9457554900032776,0.010638297872340425,0.0041841004184100415,0.01586218659389391,0.9841378134061061
YBR062C,-1,103.25574115939617,1,94,5769,238,0.9455916093084235,0.010526315789473684,0.0041841004184100415,0.016032747740064815,0.9839672522599352
YGR167W,-1,103.19880952037407,1,95,5768,238,0.9454277286135693,0.010416666666666666,0.0041841004184100415,0.016203308886235716,0.9837966911137643
YCL001W,-1,102.987653312367,1,96,5767,238,0.9452638479187152,0.010309278350515464,0.0041841004184100415,0.016373870032406618,0.9836261299675934
YDL120W,-1,102.35879625835646,1,97,5766,238,0.945099967223861,0.01020408163265306,0.0041841004184100415,0.01654443117857752,0.9834555688214225
YPL072W,1,102.26131520171293,2,97,5766,237,0.9452638479187152,0.020202020202020204,0.008368200836820083,0.01654443117857752,0.9834555688214225
YOR017W,-1,102.06133884502859,2,98,5765,237,0.945099967223861,0.02,0.008368200836820083,0.016714992324748424,0.9832850076752516
YMR225C,-1,102.02863376565685,2,99,5764,237,0.9449360865290068,0.019801980198019802,0.008368200836820083,0.016885553470919325,0.9831144465290806
YDL029W,-1,101.97871618303341,2,100,5763,237,0.9447722058341528,0.0196078431372549,0.008368200836820083,0.017056114617090227,0.9829438853829098
YCR071C,-1,101.9315356422777,2,101,5762,237,0.9446083251392986,0.019417475728155338,0.008368200836820083,0.017226675763261128,0.9827733242367389
YLR295C,-1,101.87226947168165,2,102,5761,237,0.9444444444444444,0.019230769230769232,0.008368200836820083,0.017397236909432033,0.9826027630905679
YPL004C,-1,101.84880166994306,2,103,5760,237,0.9442805637495904,0.01904761904761905,0.008368200836820083,0.017567798055602935,0.9824322019443971
YGL068W,-1,101.82619788807125,2,104,5759,237,0.9441166830547362,0.018867924528301886,0.008368200836820083,0.017738359201773836,0.9822616407982262
YIL075C,1,101.77417368912393,3,104,5759,236,0.9442805637495904,0.028037383177570093,0.012552301255230125,0.017738359201773836,0.9822616407982262
YPR131C,-1,101.72466224819152,3,105,5758,236,0.9441166830547362,0.027777777777777776,0.012552301255230125,0.017908920347944737,0.9820910796520552
YCR015C,-1,101.5727483592168,3,106,5757,236,0.943952802359882,0.027522935779816515,0.012552301255230125,0.018079481494115642,0.9819205185058844
YIL098C,-1,101.4372592224029,3,107,5756,236,0.9437889216650278,0.02727272727272727,0.012552301255230125,0.018250042640286544,0.9817499573597135
YOR150W,-1,101.20966032580255,3,108,5755,236,0.9436250409701737,0.02702702702702703,0.012552301255230125,0.018420603786457445,0.9815793962135425
YCR092C,-1,101.09900989121797,3,109,5754,236,0.9434611602753196,0.026785714285714284,0.012552301255230125,0.018591164932628346,0.9814088350673716
YHR067W,-1,101.01155331774659,3,110,5753,236,0.9432972795804654,0.02654867256637168,0.012552301255230125,0.01876172607879925,0.9812382739212008
YOR111W,-1,100.50491805694764,3,111,5752,236,0.9431333988856113,0.02631578947368421,0.012552301255230125,0.018932287224970153,0.9810677127750298
YDL233W,-1,100.12911143631936,3,112,5751,236,0.9429695181907571,0.02608695652173913,0.012552301255230125,0.019102848371141054,0.9808971516288589
YMR157C,-1,99.96486144916169,3,113,5750,236,0.942805637495903,0.02586206896551724,0.012552301255230125,0.019273409517311955,0.9807265904826881
YAL016W,-1,99.93381111252097,3,114,5749,236,0.9426417568010489,0.02564102564102564,0.012552301255230125,0.01944397066348286,0.9805560293365171
YGR231C,-1,99.83190315414782,3,115,5748,236,0.9424778761061947,0.025423728813559324,0.012552301255230125,0.01961453180965376,0.9803854681903462
YKL182W,-1,99.66755586270983,3,116,5747,236,0.9423139954113405,0.025210084033613446,0.012552301255230125,0.019785092955824663,0.9802149070441754
YBR302C,-1,99.60629983853414,3,117,5746,236,0.9421501147164864,0.025,0.012552301255230125,0.019955654101995565,0.9800443458980045
YLL013C,-1,99.57596435237065,3,118,5745,236,0.9419862340216323,0.024793388429752067,0.012552301255230125,0.02012621524816647,0.9798737847518335
YKL053C-A,-1,99.55807340496071,3,119,5744,236,0.9418223533267781,0.02459016393442623,0.012552301255230125,0.02029677639433737,0.9797032236056626
YPL173W,-1,99.51820636369987,3,120,5743,236,0.9416584726319239,0.024390243902439025,0.012552301255230125,0.020467337540508272,0.9795326624594918
YGR062C,-1,99.16208318772624,3,121,5742,236,0.9414945919370699,0.024193548387096774,0.012552301255230125,0.020637898686679174,0.9793621013133208
YER023W,-1,99.07708642569179,3,122,5741,236,0.9413307112422157,0.024,0.012552301255230125,0.02080845983285008,0.9791915401671499
YJL063C,-1,98.9795115513291,3,123,5740,236,0.9411668305473615,0.023809523809523808,0.012552301255230125,0.02097902097902098,0.9790209790209791
YMR134W,-1,98.97096867719665,3,124,5739,236,0.9410029498525073,0.023622047244094488,0.012552301255230125,0.02114958212519188,0.9788504178748081
YMR203W,-1,98.7983823100353,3,125,5738,236,0.9408390691576533,0.0234375,0.012552301255230125,0.021320143271362783,0.9786798567286372
YGR029W,-1,98.70612325165419,3,126,5737,236,0.9406751884627991,0.023255813953488372,0.012552301255230125,0.021490704417533688,0.9785092955824664
YPR091C,-1,98.60430869559696,3,127,5736,236,0.9405113077679449,0.023076923076923078,0.012552301255230125,0.02166126556370459,0.9783387344362954
YKL138C,-1,98.42310987973251,3,128,5735,236,0.9403474270730908,0.022900763358778626,0.012552301255230125,0.02183182670987549,0.9781681732901245
YIL138C,-1,98.37143560377129,3,129,5734,236,0.9401835463782366,0.022727272727272728,0.012552301255230125,0.022002387856046392,0.9779976121439536
YDL045W-A,-1,98.30778957607853,3,130,5733,236,0.9400196656833825,0.022556390977443608,0.012552301255230125,0.022172949002217297,0.9778270509977827
YBR221C,-1,98.23855217579236,3,131,5732,236,0.9398557849885284,0.022388059701492536,0.012552301255230125,0.022343510148388198,0.9776564898516118
YKL071W,-1,98.20166890976543,3,132,5731,236,0.9396919042936742,0.022222222222222223,0.012552301255230125,0.0225140712945591,0.9774859287054409
YER021W,1,97.97845588968727,4,132,5731,235,0.9398557849885284,0.029411764705882353,0.016736401673640166,0.0225140712945591,0.9774859287054409
YNL071W,-1,97.82904121624318,4,133,5730,235,0.9396919042936742,0.029197080291970802,0.016736401673640166,0.02268463244073,0.97731536755927
YKL170W,-1,97.75687134073459,4,134,5729,235,0.93952802359882,0.028985507246376812,0.016736401673640166,0.022855193586900906,0.9771448064130991
YJL096W,-1,97.69816033263191,4,135,5728,235,0.9393641429039659,0.02877697841726619,0.016736401673640166,0.023025754733071807,0.9769742452669282
YGL038C,-1,97.49529005337658,4,136,5727,235,0.9392002622091118,0.02857142857142857,0.016736401673640166,0.02319631587924271,0.9768036841207572
YDR031W,-1,97.3580563519163,4,137,5726,235,0.9390363815142576,0.028368794326241134,0.016736401673640166,0.02336687702541361,0.9766331229745864
YGL019W,-1,97.29481016432624,4,138,5725,235,0.9388725008194034,0.028169014084507043,0.016736401673640166,0.023537438171584515,0.9764625618284155
YDR079W,-1,97.13953482023831,4,139,5724,235,0.9387086201245494,0.027972027972027972,0.016736401673640166,0.023707999317755416,0.9762920006822445
YCL056C,-1,97.07984906721322,4,140,5723,235,0.9385447394296952,0.027777777777777776,0.016736401673640166,0.023878560463926318,0.9761214395360737
YDL179W,-1,97.02660411899687,4,141,5722,235,0.938380858734841,0.027586206896551724,0.016736401673640166,0.02404912161009722,0.9759508783899028
YNL131W,-1,96.93249121963481,4,142,5721,235,0.9382169780399869,0.0273972602739726,0.016736401673640166,0.024219682756268124,0.9757803172437319
YBL090W,-1,96.78577158323523,4,143,5720,235,0.9380530973451328,0.027210884353741496,0.016736401673640166,0.024390243902439025,0.975609756097561
YFR044C,-1,96.7311646576036,4,144,5719,235,0.9378892166502786,0.02702702702702703,0.016736401673640166,0.024560805048609927,0.9754391949513901
YCL064C,-1,96.35896619892685,4,145,5718,235,0.9377253359554244,0.026845637583892617,0.016736401673640166,0.024731366194780828,0.9752686338052192
YBR173C,1,96.2978793966194,5,145,5718,234,0.9378892166502786,0.03333333333333333,0.02092050209205021,0.024731366194780828,0.9752686338052192
YGL226W,-1,96.18836222578568,5,146,5717,234,0.9377253359554244,0.033112582781456956,0.02092050209205021,0.024901927340951733,0.9750980726590482
YLL003W,-1,95.97632046166251,5,147,5716,234,0.9375614552605703,0.03289473684210526,0.02092050209205021,0.025072488487122634,0.9749275115128774
YKR087C,1,95.93463186416562,6,147,5716,233,0.9377253359554244,0.0392156862745098,0.02510460251046025,0.025072488487122634,0.9749275115128774
YDL248W,-1,95.75466095506772,6,148,5715,233,0.9375614552605703,0.03896103896103896,0.02510460251046025,0.025243049633293536,0.9747569503667065
YGL143C,-1,95.63602561149058,6,149,5714,233,0.9373975745657162,0.03870967741935484,0.02510460251046025,0.025413610779464437,0.9745863892205355
YPR140W,-1,95.34831134954436,6,150,5713,233,0.937233693870862,0.038461538461538464,0.02510460251046025,0.025584171925635342,0.9744158280743647
YNL070W,-1,95.34136103779099,6,151,5712,233,0.9370698131760079,0.03821656050955414,0.02510460251046025,0.025754733071806243,0.9742452669281938
YOR265W,-1,95.1749898622443,6,152,5711,233,0.9369059324811537,0.0379746835443038,0.02510460251046025,0.025925294217977145,0.9740747057820228
YOL042W,-1,94.84956080436683,6,153,5710,233,0.9367420517862995,0.03773584905660377,0.02510460251046025,0.026095855364148046,0.973904144635852
YKL134C,-1,94.77128184606298,6,154,5709,233,0.9365781710914455,0.0375,0.02510460251046025,0.02626641651031895,0.9737335834896811
YDL066W,-1,94.71256476073631,6,155,5708,233,0.9364142903965913,0.037267080745341616,0.02510460251046025,0.026436977656489852,0.9735630223435101
YBL099W,-1,94.69248064926046,6,156,5707,233,0.9362504097017371,0.037037037037037035,0.02510460251046025,0.026607538802660754,0.9733924611973392
YLR352W,1,94.14842832290014,7,156,5707,232,0.9364142903965913,0.04294478527607362,0.029288702928870293,0.026607538802660754,0.9733924611973392
YML104C,-1,94.1375335455294,7,157,5706,232,0.9362504097017371,0.042682926829268296,0.029288702928870293,0.026778099948831655,0.9732219000511684
YLR191W,-1,94.06685112326235,7,158,5705,232,0.9360865290068829,0.04242424242424243,0.029288702928870293,0.02694866109500256,0.9730513389049974
YNL317W,-1,93.88373281282816,7,159,5704,232,0.9359226483120289,0.04216867469879518,0.029288702928870293,0.02711922224117346,0.9728807777588265
YNL257C,-1,93.87419795718961,7,160,5703,232,0.9357587676171747,0.041916167664670656,0.029288702928870293,0.027289783387344363,0.9727102166126557
YFR042W,-1,93.84102059301772,7,161,5702,232,0.9355948869223205,0.041666666666666664,0.029288702928870293,0.027460344533515264,0.9725396554664847
YLL001W,-1,93.82142139179672,7,162,5701,232,0.9354310062274664,0.04142011834319527,0.029288702928870293,0.02763090567968617,0.9723690943203138
YPL262W,-1,93.68932535362546,7,163,5700,232,0.9352671255326123,0.041176470588235294,0.029288702928870293,0.02780146682585707,0.972198533174143
YDR322W,-1,93.55592995707116,7,164,5699,232,0.9351032448377581,0.04093567251461988,0.029288702928870293,0.027972027972027972,0.972027972027972
YOL027C,-1,93.46199455579153,7,165,5698,232,0.934939364142904,0.040697674418604654,0.029288702928870293,0.028142589118198873,0.9718574108818011
YER170W,-1,93.35338354767414,7,166,5697,232,0.9347754834480498,0.04046242774566474,0.029288702928870293,0.02831315026436978,0.9716868497356302
YOL075C,-1,93.24573832092574,7,167,5696,232,0.9346116027531957,0.040229885057471264,0.029288702928870293,0.02848371141054068,0.9715162885894594
YKL137W,-1,93.0681376389473,7,168,5695,232,0.9344477220583415,0.04,0.029288702928870293,0.02865427255671158,0.9713457274432884
YLR304C,-1,92.9695124262713,7,169,5694,232,0.9342838413634874,0.03977272727272727,0.029288702928870293,0.028824833702882482,0.9711751662971175
YGR104C,-1,92.96553445480814,7,170,5693,232,0.9341199606686332,0.03954802259887006,0.029288702928870293,0.028995394849053387,0.9710046051509467
YDL183C,-1,92.85724313124229,7,171,5692,232,0.933956079973779,0.03932584269662921,0.029288702928870293,0.02916595599522429,0.9708340440047757
YLR259C,-1,92.83944038213349,7,172,5691,232,0.933792199278925,0.03910614525139665,0.029288702928870293,0.02933651714139519,0.9706634828586048
YJL001W,1,92.6706964077668,8,172,5691,231,0.933956079973779,0.044444444444444446,0.03347280334728033,0.02933651714139519,0.9706634828586048
YKL069W,-1,92.64081869122577,8,173,5690,231,0.933792199278925,0.04419889502762431,0.03347280334728033,0.02950707828756609,0.970492921712434
YPL271W,-1,92.60797773064469,8,174,5689,231,0.9336283185840708,0.04395604395604396,0.03347280334728033,0.029677639433736996,0.970322360566263
YGR157W,-1,92.50067910666417,8,175,5688,231,0.9334644378892166,0.04371584699453552,0.03347280334728033,0.029848200579907898,0.9701517994200921
YDR109C,-1,92.27084217795164,8,176,5687,231,0.9333005571943626,0.043478260869565216,0.03347280334728033,0.0300187617260788,0.9699812382739212
YGL087C,1,92.19167725913452,9,176,5687,230,0.9334644378892166,0.04864864864864865,0.03765690376569038,0.0300187617260788,0.9699812382739212
YFL041W,-1,92.1583890428647,9,177,5686,230,0.9333005571943626,0.04838709677419355,0.03765690376569038,0.0301893228722497,0.9698106771277503
YOL113W,-1,91.91257736249065,9,178,5685,230,0.9331366764995084,0.0481283422459893,0.03765690376569038,0.030359884018420605,0.9696401159815794
YDL004W,-1,91.8981719208484,9,179,5684,230,0.9329727958046542,0.047872340425531915,0.03765690376569038,0.030530445164591507,0.9694695548354085
YPL218W,-1,91.84395338923514,9,180,5683,230,0.9328089151098,0.047619047619047616,0.03765690376569038,0.03070100631076241,0.9692989936892376
YDR127W,-1,91.83953015946356,9,181,5682,230,0.932645034414946,0.04736842105263158,0.03765690376569038,0.03087156745693331,0.9691284325430667
YML025C,-1,91.81734786820238,9,182,5681,230,0.9324811537200918,0.04712041884816754,0.03765690376569038,0.031042128603104215,0.9689578713968958
YCR027C,-1,91.71941643181344,9,183,5680,230,0.9323172730252376,0.046875,0.03765690376569038,0.031212689749275116,0.9687873102507248
YBL040C,-1,91.62220676954468,9,184,5679,230,0.9321533923303835,0.046632124352331605,0.03765690376569038,0.03138325089544602,0.968616749104554
YLL009C,-1,91.38455115904463,9,185,5678,230,0.9319895116355293,0.04639175257731959,0.03765690376569038,0.03155381204161692,0.9684461879583831
YDL097C,1,91.34319455473089,10,185,5678,229,0.9321533923303835,0.05128205128205128,0.04184100418410042,0.03155381204161692,0.9684461879583831
YJL196C,-1,91.30787638560747,10,186,5677,229,0.9319895116355293,0.05102040816326531,0.04184100418410042,0.03172437318778782,0.9682756268122121
YGR246C,-1,91.01030716035251,10,187,5676,229,0.9318256309406752,0.050761421319796954,0.04184100418410042,0.03189493433395872,0.9681050656660413
YLR378C,1,90.88829790295503,11,187,5676,228,0.9319895116355293,0.05555555555555555,0.04602510460251046,0.03189493433395872,0.9681050656660413
YBR096W,-1,90.84717581589939,11,188,5675,228,0.9318256309406752,0.05527638190954774,0.04602510460251046,0.03206549548012963,0.9679345045198704
YBR200W,-1,90.82120387630368,11,189,5674,228,0.9316617502458211,0.055,0.04602510460251046,0.03223605662630053,0.9677639433736994
YNL304W,-1,90.79555436890818,11,190,5673,228,0.9314978695509669,0.05472636815920398,0.04602510460251046,0.03240661777247143,0.9675933822275286
YHR017W,-1,90.45721041625765,11,191,5672,228,0.9313339888561127,0.054455445544554455,0.04602510460251046,0.032577178918642334,0.9674228210813577
YLR190W,-1,90.32664555397778,11,192,5671,228,0.9311701081612586,0.054187192118226604,0.04602510460251046,0.032747740064813236,0.9672522599351867
YKR006C,-1,90.27606289836933,11,193,5670,228,0.9310062274664045,0.05392156862745098,0.04602510460251046,0.03291830121098414,0.9670816987890158
YHR011W,-1,90.26274308514054,11,194,5669,228,0.9308423467715503,0.05365853658536585,0.04602510460251046,0.03308886235715504,0.966911137642845
YHR147C,-1,89.97115357305961,11,195,5668,228,0.9306784660766961,0.05339805825242718,0.04602510460251046,0.03325942350332594,0.9667405764966741
YMR193W,-1,89.64403753043686,11,196,5667,228,0.9305145853818421,0.05314009661835749,0.04602510460251046,0.03342998464949685,0.9665700153505031
YER048W-A,-1,89.45846442934152,11,197,5666,228,0.9303507046869879,0.052884615384615384,0.04602510460251046,0.03360054579566775,0.9663994542043323
YIL065C,-1,89.44381082715215,11,198,5665,228,0.9301868239921337,0.05263157894736842,0.04602510460251046,0.03377110694183865,0.9662288930581614
YPR067W,-1,89.42777528981681,11,199,5664,228,0.9300229432972795,0.05238095238095238,0.04602510460251046,0.03394166808800955,0.9660583319119904
YDL195W,-1,89.37280694933497,11,200,5663,228,0.9298590626024255,0.052132701421800945,0.04602510460251046,0.034112229234180454,0.9658877707658196
YOR117W,1,89.37076308838968,12,200,5663,227,0.9300229432972795,0.05660377358490566,0.0502092050209205,0.034112229234180454,0.9658877707658196
YPL099C,-1,89.26377081428193,12,201,5662,227,0.9298590626024255,0.056338028169014086,0.0502092050209205,0.034282790380351355,0.9657172096196487
YHR091C,-1,89.2314815671592,12,202,5661,227,0.9296951819075713,0.056074766355140186,0.0502092050209205,0.034453351526522256,0.9655466484734777
YPL015C,-1,89.12624913970285,12,203,5660,227,0.9295313012127171,0.05581395348837209,0.0502092050209205,0.03462391267269316,0.9653760873273068
YNL306W,-1,89.10877744002835,12,204,5659,227,0.929367420517863,0.05555555555555555,0.0502092050209205,0.034794473818864066,0.965205526181136
YDR316W,-1,89.10324791768153,12,205,5658,227,0.9292035398230089,0.055299539170506916,0.0502092050209205,0.03496503496503497,0.965034965034965
YNL260C,-1,89.10307970773283,12,206,5657,227,0.9290396591281547,0.05504587155963303,0.0502092050209205,0.03513559611120587,0.9648644038887941
YDR462W,-1,88.74830808912239,12,207,5656,227,0.9288757784333006,0.0547945205479452,0.0502092050209205,0.03530615725737677,0.9646938427426233
YOR251C,-1,88.69392309767136,12,208,5655,227,0.9287118977384464,0.05454545454545454,0.0502092050209205,0.03547671840354767,0.9645232815964523
YPR073C,-1,88.58637678865742,12,209,5654,227,0.9285480170435922,0.05429864253393665,0.0502092050209205,0.03564727954971857,0.9643527204502814
YJR144W,-1,88.55359662233028,12,210,5653,227,0.9283841363487381,0.05405405405405406,0.0502092050209205,0.035817840695889475,0.9641821593041106
YPR108W,1,88.46703132031053,13,210,5653,226,0.9285480170435922,0.05829596412556054,0.05439330543933055,0.035817840695889475,0.9641821593041106
YGR036C,-1,88.31575864055048,13,211,5652,226,0.9283841363487381,0.05803571428571429,0.05439330543933055,0.035988401842060376,0.9640115981579396
YOR158W,-1,88.17925290275582,13,212,5651,226,0.928220255653884,0.057777777777777775,0.05439330543933055,0.036158962988231284,0.9638410370117687
YPL048W,-1,87.81355432427195,13,213,5650,226,0.9280563749590298,0.05752212389380531,0.05439330543933055,0.036329524134402186,0.9636704758655978
YIL051C,-1,87.80886367481227,13,214,5649,226,0.9278924942641756,0.05726872246696035,0.05439330543933055,0.03650008528057309,0.9634999147194269
YGR144W,-1,87.74923300621252,13,215,5648,226,0.9277286135693216,0.05701754385964912,0.05439330543933055,0.03667064642674399,0.963329353573256
YGL219C,-1,87.73604614395555,13,216,5647,226,0.9275647328744674,0.056768558951965066,0.05439330543933055,0.03684120757291489,0.9631587924270851
YMR190C,-1,87.70175131397097,13,217,5646,226,0.9274008521796132,0.05652173913043478,0.05439330543933055,0.03701176871908579,0.9629882312809142
YDR219C,1,87.69702970525731,14,217,5646,225,0.9275647328744674,0.06060606060606061,0.058577405857740586,0.03701176871908579,0.9629882312809142
YOR157C,1,87.55052324688671,15,217,5646,224,0.9277286135693216,0.06465517241379311,0.06276150627615062,0.03701176871908579,0.9629882312809142
YOL076W,-1,87.47197479299295,15,218,5645,224,0.9275647328744674,0.06437768240343347,0.06276150627615062,0.03718232986525669,0.9628176701347433
YJL004C,-1,87.26484073662405,15,219,5644,224,0.9274008521796132,0.0641025641025641,0.06276150627615062,0.037352891011427594,0.9626471089885724
YIL005W,1,87.23688715652762,16,219,5644,223,0.9275647328744674,0.06808510638297872,0.06694560669456066,0.037352891011427594,0.9626471089885724
YML110C,-1,87.1629817885678,16,220,5643,223,0.9274008521796132,0.06779661016949153,0.06694560669456066,0.0375234521575985,0.9624765478424016
YNL079C,-1,87.16295077447836,16,221,5642,223,0.9272369714847591,0.06751054852320675,0.06694560669456066,0.037694013303769404,0.9623059866962306
YMR302C,-1,87.03409655308859,16,222,5641,223,0.927073090789905,0.06722689075630252,0.06694560669456066,0.037864574449940305,0.9621354255500597
YNL058C,-1,86.99274848859528,16,223,5640,223,0.9269092100950508,0.06694560669456066,0.06694560669456066,0.03803513559611121,0.9619648644038888
YLR239C,-1,86.91286883444971,16,224,5639,223,0.9267453294001966,0.06666666666666667,0.06694560669456066,0.03820569674228211,0.9617943032577179
YBR208C,-1,86.9058754239084,16,225,5638,223,0.9265814487053425,0.06639004149377593,0.06694560669456066,0.03837625788845301,0.961623742111547
YMR286W,-1,86.89432882967986,16,226,5637,223,0.9264175680104884,0.06611570247933884,0.06694560669456066,0.03854681903462391,0.9614531809653761
YDL147W,1,86.89401402258595,17,226,5637,222,0.9265814487053425,0.06995884773662552,0.07112970711297072,0.03854681903462391,0.9614531809653761
YLR069C,-1,86.66273312028619,17,227,5636,222,0.9264175680104884,0.06967213114754098,0.07112970711297072,0.03871738018079481,0.9612826198192052
YKR023W,-1,86.62559293676168,17,228,5635,222,0.9262536873156342,0.06938775510204082,0.07112970711297072,0.03888794132696572,0.9611120586730343
YOR060C,-1,86.62147836897554,17,229,5634,222,0.9260898066207801,0.06910569105691057,0.07112970711297072,0.03905850247313662,0.9609414975268634
YPR020W,-1,86.54517979663406,17,230,5633,222,0.9259259259259259,0.06882591093117409,0.07112970711297072,0.03922906361930752,0.9607709363806924
YER012W,1,86.26660231563908,18,230,5633,221,0.9260898066207801,0.07258064516129033,0.07531380753138076,0.03922906361930752,0.9607709363806924
YER071C,-1,86.16253397278342,18,231,5632,221,0.9259259259259259,0.07228915662650602,0.07531380753138076,0.039399624765478425,0.9606003752345216
YJR136C,-1,86.15119078847783,18,232,5631,221,0.9257620452310718,0.072,0.07531380753138076,0.039570185911649326,0.9604298140883507
YBR014C,-1,86.14798186888115,18,233,5630,221,0.9255981645362177,0.07171314741035857,0.07531380753138076,0.03974074705782023,0.9602592529421797
YMR210W,-1,85.89548728712543,18,234,5629,221,0.9254342838413635,0.07142857142857142,0.07531380753138076,0.03991130820399113,0.9600886917960089
YOR037W,-1,85.86994480727297,18,235,5628,221,0.9252704031465093,0.07114624505928854,0.07531380753138076,0.04008186935016203,0.959918130649838
YBR086C,-1,85.83518830670728,18,236,5627,221,0.9251065224516551,0.07086614173228346,0.07531380753138076,0.04025243049633294,0.959747569503667
YEL037C,1,85.80839585914305,19,236,5627,220,0.9252704031465093,0.07450980392156863,0.0794979079497908,0.04025243049633294,0.959747569503667
YDR205W,-1,85.76853383379091,19,237,5626,220,0.9251065224516551,0.07421875,0.0794979079497908,0.04042299164250384,0.9595770083574962
YNL138W,-1,85.68786882570657,19,238,5625,220,0.9249426417568011,0.07392996108949416,0.0794979079497908,0.04059355278867474,0.9594064472113253
YDR014W,-1,85.6819711031776,19,239,5624,220,0.9247787610619469,0.07364341085271318,0.0794979079497908,0.04076411393484564,0.9592358860651543
YLR220W,-1,85.55310369508065,19,240,5623,220,0.9246148803670927,0.07335907335907337,0.0794979079497908,0.040934675081016544,0.9590653249189834
YBR089C-A,-1,85.4737906685714,19,241,5622,220,0.9244509996722386,0.07307692307692308,0.0794979079497908,0.041105236227187446,0.9588947637728126
YKL087C,-1,85.35779677905384,19,242,5621,220,0.9242871189773845,0.07279693486590039,0.0794979079497908,0.04127579737335835,0.9587242026266416
YGL080W,-1,85.33810613696322,19,243,5620,220,0.9241232382825303,0.07251908396946564,0.0794979079497908,0.04144635851952925,0.9585536414804707
YDR427W,1,85.26293848403041,20,243,5620,219,0.9242871189773845,0.07604562737642585,0.08368200836820083,0.04144635851952925,0.9585536414804707
YGL094C,1,85.07865238886771,21,243,5620,218,0.9244509996722386,0.07954545454545454,0.08786610878661087,0.04144635851952925,0.9585536414804707
YLL056C,-1,85.01435481991211,21,244,5619,218,0.9242871189773845,0.07924528301886792,0.08786610878661087,0.04161691966570016,0.9583830803342999
YGL048C,1,84.98343677394978,22,244,5619,217,0.9244509996722386,0.08270676691729323,0.09205020920502092,0.04161691966570016,0.9583830803342999
YHR050W,-1,84.93276699004349,22,245,5618,217,0.9242871189773845,0.08239700374531835,0.09205020920502092,0.04178748081187106,0.958212519188129
YJR099W,1,84.89180731623739,23,245,5618,216,0.9244509996722386,0.08582089552238806,0.09623430962343096,0.04178748081187106,0.958212519188129
YER098W,1,84.86318110321965,24,245,5618,215,0.9246148803670927,0.08921933085501858,0.100418410041841,0.04178748081187106,0.958212519188129
YDL067C,-1,84.78217079216337,24,246,5617,215,0.9244509996722386,0.08888888888888889,0.100418410041841,0.04195804195804196,0.958041958041958
YLR289W,-1,84.7404973218818,24,247,5616,215,0.9242871189773845,0.08856088560885608,0.100418410041841,0.04212860310421286,0.9578713968957872
YLR390W,-1,84.55560397249712,24,248,5615,215,0.9241232382825303,0.08823529411764706,0.100418410041841,0.04229916425038376,0.9577008357496163
YAL055W,-1,84.50592714228728,24,249,5614,215,0.9239593575876762,0.08791208791208792,0.100418410041841,0.042469725396554664,0.9575302746034453
YOR326W,-1,84.19272262628874,24,250,5613,215,0.923795476892822,0.08759124087591241,0.100418410041841,0.042640286542725565,0.9573597134572744
YBR239C,-1,84.07148792932912,24,251,5612,215,0.9236315961979679,0.08727272727272728,0.100418410041841,0.04281084768889647,0.9571891523111036
YOL095C,-1,83.98434576347042,24,252,5611,215,0.9234677155031137,0.08695652173913043,0.100418410041841,0.042981408835067375,0.9570185911649326
YLR055C,-1,83.93007498663056,24,253,5610,215,0.9233038348082596,0.08664259927797834,0.100418410041841,0.043151969981238276,0.9568480300187617
YBR268W,-1,83.87433184943704,24,254,5609,215,0.9231399541134054,0.08633093525179857,0.100418410041841,0.04332253112740918,0.9566774688725909
YIL030C,1,83.74271094293485,25,254,5609,214,0.9233038348082596,0.08960573476702509,0.10460251046025104,0.04332253112740918,0.9566774688725909
YNR028W,-1,83.74240824116825,25,255,5608,214,0.9231399541134054,0.08928571428571429,0.10460251046025104,0.04349309227358008,0.9565069077264199
YDR373W,-1,83.50825003163072,25,256,5607,214,0.9229760734185513,0.08896797153024912,0.10460251046025104,0.04366365341975098,0.956336346580249
YDR056C,-1,83.48213126165876,25,257,5606,214,0.9228121927236972,0.08865248226950355,0.10460251046025104,0.04383421456592188,0.9561657854340782
YPL118W,-1,83.30693331095807,25,258,5605,214,0.922648312028843,0.08833922261484099,0.10460251046025104,0.044004775712092783,0.9559952242879072
YOL048C,-1,83.21939170555584,25,259,5604,214,0.9224844313339888,0.0880281690140845,0.10460251046025104,0.044175336858263685,0.9558246631417363
YAL020C,-1,83.13865373589883,25,260,5603,214,0.9223205506391348,0.08771929824561403,0.10460251046025104,0.04434589800443459,0.9556541019955654
YKL210W,1,82.99899565544693,26,260,5603,213,0.9224844313339888,0.09090909090909091,0.1087866108786611,0.04434589800443459,0.9556541019955654
YOL147C,-1,82.96911970708831,26,261,5602,213,0.9223205506391348,0.09059233449477352,0.1087866108786611,0.044516459150605495,0.9554835408493945
YKR051W,-1,82.95460400610864,26,262,5601,213,0.9221566699442806,0.09027777777777778,0.1087866108786611,0.044687020296776396,0.9553129797032236
YGR277C,-1,82.9284627391371,26,263,5600,213,0.9219927892494264,0.08996539792387544,0.1087866108786611,0.0448575814429473,0.9551424185570527
YDR308C,-1,82.82296340076059,26,264,5599,213,0.9218289085545722,0.0896551724137931,0.1087866108786611,0.0450281425891182,0.9549718574108818
YJR101W,-1,82.81275606122547,26,265,5598,213,0.9216650278597182,0.08934707903780069,0.1087866108786611,0.0451987037352891,0.9548012962647109
YLR439W,-1,82.77316158711028,26,266,5597,213,0.921501147164864,0.08904109589041095,0.1087866108786611,0.04536926488146,0.95463073511854
YOR389W,-1,82.77174026714783,26,267,5596,213,0.9213372664700098,0.08873720136518772,0.1087866108786611,0.0455398260276309,0.954460173972369
YER087C-B,1,82.74590481469184,27,267,5596,212,0.921501147164864,0.09183673469387756,0.11297071129707113,0.0455398260276309,0.954460173972369
YMR221C,-1,82.6888556197573,27,268,5595,212,0.9213372664700098,0.09152542372881356,0.11297071129707113,0.04571038717380181,0.9542896128261982
YMR282C,-1,82.65170491811159,27,269,5594,212,0.9211733857751557,0.09121621621621621,0.11297071129707113,0.04588094831997271,0.9541190516800273
YPR011C,-1,82.56958766610478,27,270,5593,212,0.9210095050803015,0.09090909090909091,0.11297071129707113,0.046051509466143614,0.9539484905338564
YPL215W,-1,82.34781433856742,27,271,5592,212,0.9208456243854474,0.09060402684563758,0.11297071129707113,0.046222070612314516,0.9537779293876855
YDR135C,-1,82.23698669184708,27,272,5591,212,0.9206817436905933,0.0903010033444816,0.11297071129707113,0.04639263175848542,0.9536073682415146
YPL078C,-1,81.99302438852484,27,273,5590,212,0.9205178629957391,0.09,0.11297071129707113,0.04656319290465632,0.9534368070953437
YDR394W,1,81.88955959499941,28,273,5590,211,0.9206817436905933,0.09302325581395349,0.11715481171548117,0.04656319290465632,0.9534368070953437
YPL024W,-1,81.79794652048622,28,274,5589,211,0.9205178629957391,0.09271523178807947,0.11715481171548117,0.04673375405082722,0.9532662459491728
YDR197W,-1,81.79362701190108,28,275,5588,211,0.9203539823008849,0.0924092409240924,0.11715481171548117,0.04690431519699812,0.9530956848030019
YOR065W,-1,81.79054246668349,28,276,5587,211,0.9201901016060308,0.09210526315789473,0.11715481171548117,0.04707487634316903,0.952925123656831
YBR024W,-1,81.78383141408757,28,277,5586,211,0.9200262209111767,0.09180327868852459,0.11715481171548117,0.04724543748933993,0.95275456251066
YBL050W,-1,81.69635557296739,28,278,5585,211,0.9198623402163225,0.0915032679738562,0.11715481171548117,0.04741599863551083,0.9525840013644892
YGR235C,-1,81.68869881489809,28,279,5584,211,0.9196984595214683,0.09120521172638436,0.11715481171548117,0.047586559781681734,0.9524134402183183
YPR083W,-1,81.62822558577358,28,280,5583,211,0.9195345788266143,0.09090909090909091,0.11715481171548117,0.047757120927852635,0.9522428790721473
YHR031C,-1,81.47006903329624,28,281,5582,211,0.9193706981317601,0.09061488673139159,0.11715481171548117,0.047927682074023537,0.9520723179259765
YLR455W,-1,81.45206384479752,28,282,5581,211,0.9192068174369059,0.09032258064516129,0.11715481171548117,0.04809824322019444,0.9519017567798056
YBL107C,-1,81.44472464732075,28,283,5580,211,0.9190429367420518,0.09003215434083602,0.11715481171548117,0.04826880436636534,0.9517311956336346
YEL024W,-1,81.43397098366351,28,284,5579,211,0.9188790560471977,0.08974358974358974,0.11715481171548117,0.04843936551253625,0.9515606344874638
YIL022W,-1,81.43233323271414,28,285,5578,211,0.9187151753523435,0.08945686900958466,0.11715481171548117,0.04860992665870715,0.9513900733412929
YML081C-A,-1,81.34522761403775,28,286,5577,211,0.9185512946574893,0.08917197452229299,0.11715481171548117,0.04878048780487805,0.9512195121951219
YKL117W,-1,81.27101976892983,28,287,5576,211,0.9183874139626352,0.08888888888888889,0.11715481171548117,0.04895104895104895,0.951048951048951
YMR293C,-1,81.24508611611077,28,288,5575,211,0.9182235332677811,0.08860759493670886,0.11715481171548117,0.04912161009721985,0.9508783899027802
YJR122W,-1,81.20222367286831,28,289,5574,211,0.9180596525729269,0.08832807570977919,0.11715481171548117,0.049292171243390755,0.9507078287566092
YMR035W,-1,81.16264912208476,28,290,5573,211,0.9178957718780728,0.0880503144654088,0.11715481171548117,0.049462732389561656,0.9505372676104383
YDL006W,-1,81.14820000132545,28,291,5572,211,0.9177318911832186,0.0877742946708464,0.11715481171548117,0.04963329353573256,0.9503667064642675
YGL161C,-1,81.04498915539583,28,292,5571,211,0.9175680104883644,0.0875,0.11715481171548117,0.049803854681903466,0.9501961453180965
YDR377W,-1,81.03624766774377,28,293,5570,211,0.9174041297935103,0.08722741433021806,0.11715481171548117,0.04997441582807437,0.9500255841719256
YFL018C,-1,80.98100776627135,28,294,5569,211,0.9172402490986562,0.08695652173913043,0.11715481171548117,0.05014497697424527,0.9498550230257548
YLR133W,-1,80.9765905832281,28,295,5568,211,0.917076368403802,0.08668730650154799,0.11715481171548117,0.05031553812041617,0.9496844618795839
YHR183W,-1,80.95949379081588,28,296,5567,211,0.9169124877089478,0.08641975308641975,0.11715481171548117,0.05048609926658707,0.9495139007334129
YAL010C,-1,80.95800896812068,28,297,5566,211,0.9167486070140938,0.08615384615384615,0.11715481171548117,0.05065666041275797,0.949343339587242
YNL121C,-1,80.8974379469556,28,298,5565,211,0.9165847263192396,0.08588957055214724,0.11715481171548117,0.050827221558928874,0.9491727784410712
YNR030W,-1,80.86136587746,28,299,5564,211,0.9164208456243854,0.0856269113149847,0.11715481171548117,0.050997782705099776,0.9490022172949002
YPR103W,1,80.83435652587823,29,299,5564,210,0.9165847263192396,0.08841463414634146,0.12133891213389121,0.050997782705099776,0.9490022172949002
YGL085W,-1,80.68686140328646,29,300,5563,210,0.9164208456243854,0.08814589665653495,0.12133891213389121,0.051168343851270684,0.9488316561487293
YNL177C,-1,80.66777599287539,29,301,5562,210,0.9162569649295313,0.08787878787878788,0.12133891213389121,0.051338904997441585,0.9486610950025585
YEL020W-A,-1,80.6588021495291,29,302,5561,210,0.9160930842346772,0.08761329305135952,0.12133891213389121,0.05150946614361249,0.9484905338563875
YNL084C,-1,80.6256885451017,29,303,5560,210,0.915929203539823,0.08734939759036145,0.12133891213389121,0.05168002728978339,0.9483199727102166
YJR113C,-1,80.57206220014746,29,304,5559,210,0.9157653228449688,0.08708708708708708,0.12133891213389121,0.05185058843595429,0.9481494115640458
YCL020W,-1,80.56101643806323,29,305,5558,210,0.9156014421501147,0.08682634730538923,0.12133891213389121,0.05202114958212519,0.9479788504178748
YGR012W,-1,80.55494753087623,29,306,5557,210,0.9154375614552606,0.08656716417910448,0.12133891213389121,0.05219171072829609,0.9478082892717039
YPR024W,1,80.54177295127523,30,306,5557,209,0.9156014421501147,0.08928571428571429,0.12552301255230125,0.05219171072829609,0.9478082892717039
YJL116C,-1,80.50526743723371,30,307,5556,209,0.9154375614552606,0.08902077151335312,0.12552301255230125,0.052362271874466994,0.947637728125533
YJR139C,-1,80.47196698986905,30,308,5555,209,0.9152736807604064,0.08875739644970414,0.12552301255230125,0.0525328330206379,0.9474671669793621
YJL102W,-1,80.46445317851011,30,309,5554,209,0.9151098000655523,0.08849557522123894,0.12552301255230125,0.052703394166808804,0.9472966058331912
YLR370C,-1,80.4326546192261,30,310,5553,209,0.9149459193706981,0.08823529411764706,0.12552301255230125,0.052873955312979705,0.9471260446870203
YMR024W,-1,80.39385121186251,30,311,5552,209,0.914782038675844,0.08797653958944282,0.12552301255230125,0.053044516459150606,0.9469554835408494
YCR046C,-1,80.35961383935434,30,312,5551,209,0.9146181579809899,0.08771929824561403,0.12552301255230125,0.05321507760532151,0.9467849223946785
YNR017W,-1,80.34324107711278,30,313,5550,209,0.9144542772861357,0.08746355685131195,0.12552301255230125,0.05338563875149241,0.9466143612485076
YOR266W,-1,80.29959845712247,30,314,5549,209,0.9142903965912815,0.0872093023255814,0.12552301255230125,0.05355619989766331,0.9464438001023366
YJL194W,-1,80.2466266089632,30,315,5548,209,0.9141265158964273,0.08695652173913043,0.12552301255230125,0.05372676104383421,0.9462732389561658
YDR222W,-1,80.19743873765401,30,316,5547,209,0.9139626352015733,0.08670520231213873,0.12552301255230125,0.05389732219000512,0.9461026778099949
YNL185C,-1,80.19124143131019,30,317,5546,209,0.9137987545067191,0.08645533141210375,0.12552301255230125,0.05406788333617602,0.9459321166638239
YLR091W,-1,80.13175033933658,30,318,5545,209,0.9136348738118649,0.08620689655172414,0.12552301255230125,0.05423844448234692,0.9457615555176531
YER030W,-1,80.08777198901808,30,319,5544,209,0.9134709931170109,0.08595988538681948,0.12552301255230125,0.054409005628517824,0.9455909943714822
YLR201C,-1,79.9680148055796,30,320,5543,209,0.9133071124221567,0.08571428571428572,0.12552301255230125,0.054579566774688726,0.9454204332253112
YBL007C,-1,79.85437177022868,30,321,5542,209,0.9131432317273025,0.08547008547008547,0.12552301255230125,0.05475012792085963,0.9452498720791404
YDR084C,-1,79.83611496397188,30,322,5541,209,0.9129793510324484,0.08522727272727272,0.12552301255230125,0.05492068906703053,0.9450793109329695
YFR025C,-1,79.69170826152407,30,323,5540,209,0.9128154703375942,0.08498583569405099,0.12552301255230125,0.05509125021320143,0.9449087497867986
YGL243W,-1,79.54415453728214,30,324,5539,209,0.9126515896427401,0.0847457627118644,0.12552301255230125,0.05526181135937234,0.9447381886406276
YJL054W,-1,79.53013042843666,30,325,5538,209,0.9124877089478859,0.08450704225352113,0.12552301255230125,0.05543237250554324,0.9445676274944568
YGL191W,-1,79.48777140780304,30,326,5537,209,0.9123238282530318,0.08426966292134831,0.12552301255230125,0.05560293365171414,0.9443970663482859
YEL062W,-1,79.45962674651992,30,327,5536,209,0.9121599475581776,0.08403361344537816,0.12552301255230125,0.05577349479788504,0.9442265052021149
YBL037W,-1,79.45389047477875,30,328,5535,209,0.9119960668633235,0.08379888268156424,0.12552301255230125,0.055944055944055944,0.9440559440559441
YMR012W,-1,79.44480994442618,30,329,5534,209,0.9118321861684694,0.08356545961002786,0.12552301255230125,0.056114617090226845,0.9438853829097732
YMR314W,1,79.35639162007746,31,329,5534,208,0.9119960668633235,0.08611111111111111,0.1297071129707113,0.056114617090226845,0.9438853829097732
YPR058W,-1,79.09290217961711,31,330,5533,208,0.9118321861684694,0.08587257617728532,0.1297071129707113,0.05628517823639775,0.9437148217636022
YNL225C,-1,79.05923967507219,31,331,5532,208,0.9116683054736152,0.0856353591160221,0.1297071129707113,0.05645573938256865,0.9435442606174314
YKL016C,-1,79.05145453267482,31,332,5531,208,0.911504424778761,0.08539944903581267,0.1297071129707113,0.05662630052873956,0.9433736994712605
YNL025C,-1,79.02193417748003,31,333,5530,208,0.911340544083907,0.08516483516483517,0.1297071129707113,0.05679686167491046,0.9432031383250895
YBR192W,-1,78.95855536418821,31,334,5529,208,0.9111766633890528,0.08493150684931507,0.1297071129707113,0.05696742282108136,0.9430325771789186
YMR220W,-1,78.95441896307895,31,335,5528,208,0.9110127826941986,0.08469945355191257,0.1297071129707113,0.05713798396725226,0.9428620160327478
YDR430C,-1,78.9426277470576,31,336,5527,208,0.9108489019993444,0.08446866485013624,0.1297071129707113,0.05730854511342316,0.9426914548865768
YPL009C,-1,78.86438949401781,31,337,5526,208,0.9106850213044904,0.08423913043478261,0.1297071129707113,0.057479106259594064,0.9425208937404059
YMR265C,-1,78.86387134555844,31,338,5525,208,0.9105211406096362,0.08401084010840108,0.1297071129707113,0.057649667405764965,0.9423503325942351
YOL038W,1,78.76479128930121,32,338,5525,207,0.9106850213044904,0.08648648648648649,0.13389121338912133,0.057649667405764965,0.9423503325942351
YFL048C,-1,78.76342645021603,32,339,5524,207,0.9105211406096362,0.0862533692722372,0.13389121338912133,0.057820228551935866,0.9421797714480641
YIR003W,-1,78.70854688147301,32,340,5523,207,0.910357259914782,0.08602150537634409,0.13389121338912133,0.057990789698106775,0.9420092103018932
YJR034W,-1,78.67960432881465,32,341,5522,207,0.9101933792199279,0.08579088471849866,0.13389121338912133,0.058161350844277676,0.9418386491557224
YMR224C,-1,78.63333903495182,32,342,5521,207,0.9100294985250738,0.0855614973262032,0.13389121338912133,0.05833191199044858,0.9416680880095514
YGL200C,-1,78.56162936829516,32,343,5520,207,0.9098656178302196,0.08533333333333333,0.13389121338912133,0.05850247313661948,0.9414975268633805
YOR070C,-1,78.50121738294058,32,344,5519,207,0.9097017371353655,0.0851063829787234,0.13389121338912133,0.05867303428279038,0.9413269657172096
YHR080C,-1,78.49927367141208,32,345,5518,207,0.9095378564405113,0.08488063660477453,0.13389121338912133,0.05884359542896128,0.9411564045710387
YAL030W,-1,78.48094441963302,32,346,5517,207,0.9093739757456571,0.08465608465608465,0.13389121338912133,0.05901415657513218,0.9409858434248678
YGR037C,-1,78.44125562869996,32,347,5516,207,0.909210095050803,0.08443271767810026,0.13389121338912133,0.059184717721303085,0.9408152822786969
YGL129C,-1,78.38034971036919,32,348,5515,207,0.9090462143559489,0.08421052631578947,0.13389121338912133,0.05935527886747399,0.9406447211325261
YPL183W-A,-1,78.36193704745905,32,349,5514,207,0.9088823336610947,0.08398950131233596,0.13389121338912133,0.059525840013644894,0.9404741599863551
YER058W,-1,78.333155187226,32,350,5513,207,0.9087184529662405,0.08376963350785341,0.13389121338912133,0.059696401159815796,0.9403035988401842
YOL023W,-1,78.32796280176052,32,351,5512,207,0.9085545722713865,0.0835509138381201,0.13389121338912133,0.0598669623059867,0.9401330376940134
YGL128C,-1,78.2552393780296,32,352,5511,207,0.9083906915765323,0.08333333333333333,0.13389121338912133,0.0600375234521576,0.9399624765478424
YOR215C,-1,78.23907682287188,32,353,5510,207,0.9082268108816781,0.08311688311688312,0.13389121338912133,0.0602080845983285,0.9397919154016715
YGL187C,-1,78.21614630655638,32,354,5509,207,0.908062930186824,0.08290155440414508,0.13389121338912133,0.0603786457444994,0.9396213542555006
YNL321W,-1,78.19009315916412,32,355,5508,207,0.9078990494919699,0.082687338501292,0.13389121338912133,0.0605492068906703,0.9394507931093297
YDL103C,-1,78.1002079398445,32,356,5507,207,0.9077351687971157,0.08247422680412371,0.13389121338912133,0.06071976803684121,0.9392802319631588
YNL259C,-1,78.08600338184414,32,357,5506,207,0.9075712881022615,0.08226221079691516,0.13389121338912133,0.06089032918301211,0.9391096708169879
YLR319C,-1,78.05722259824671,32,358,5505,207,0.9074074074074074,0.08205128205128205,0.13389121338912133,0.061060890329183014,0.938939109670817
YML078W,-1,78.0361425902855,32,359,5504,207,0.9072435267125533,0.08184143222506395,0.13389121338912133,0.061231451475353915,0.9387685485246461
YAL009W,-1,77.90973630038853,32,360,5503,207,0.9070796460176991,0.08163265306122448,0.13389121338912133,0.06140201262152482,0.9385979873784752
YAL056W,-1,77.84392829693213,32,361,5502,207,0.906915765322845,0.08142493638676845,0.13389121338912133,0.06157257376769572,0.9384274262323042
YBR122C,-1,77.8161449876575,32,362,5501,207,0.9067518846279908,0.08121827411167512,0.13389121338912133,0.06174313491386662,0.9382568650861334
YBL041W,1,77.67177998450897,33,362,5501,206,0.906915765322845,0.08354430379746836,0.13807531380753138,0.06174313491386662,0.9382568650861334
YGL206C,-1,77.66568410273358,33,363,5500,206,0.9067518846279908,0.08333333333333333,0.13807531380753138,0.06191369606003752,0.9380863039399625
YHR001W-A,-1,77.62200575538125,33,364,5499,206,0.9065880039331367,0.08312342569269521,0.13807531380753138,0.06208425720620843,0.9379157427937915
YDR236C,-1,77.49402269843193,33,365,5498,206,0.9064241232382825,0.0829145728643216,0.13807531380753138,0.06225481835237933,0.9377451816476207
YDR468C,-1,77.48552590823364,33,366,5497,206,0.9062602425434284,0.08270676691729323,0.13807531380753138,0.06242537949855023,0.9375746205014498
YCR075C,-1,77.47827041406683,33,367,5496,206,0.9060963618485742,0.0825,0.13807531380753138,0.06259594064472113,0.9374040593552788
YJL149W,1,77.38318728006652,34,367,5496,205,0.9062602425434284,0.08478802992518704,0.14225941422594143,0.06259594064472113,0.9374040593552788
YPL097W,-1,77.34260397899517,34,368,5495,205,0.9060963618485742,0.0845771144278607,0.14225941422594143,0.06276650179089203,0.937233498209108
YPL242C,-1,77.26859456353228,34,369,5494,205,0.90593248115372,0.08436724565756824,0.14225941422594143,0.06293706293706294,0.9370629370629371
YDL165W,-1,77.26415280733772,34,370,5493,205,0.905768600458866,0.08415841584158416,0.14225941422594143,0.06310762408323384,0.9368923759167661
YGR082W,-1,77.25835021978018,34,371,5492,205,0.9056047197640118,0.08395061728395062,0.14225941422594143,0.06327818522940475,0.9367218147705952
YKL149C,-1,77.2100650868135,34,372,5491,205,0.9054408390691576,0.08374384236453201,0.14225941422594143,0.06344874637557564,0.9365512536244244
YER089C,-1,77.20591119990365,34,373,5490,205,0.9052769583743036,0.08353808353808354,0.14225941422594143,0.06361930752174655,0.9363806924782535
YFR007W,-1,77.19783104336261,34,374,5489,205,0.9051130776794494,0.08333333333333333,0.14225941422594143,0.06378986866791744,0.9362101313320825
YNR048W,-1,77.1937489118701,34,375,5488,205,0.9049491969845952,0.08312958435207823,0.14225941422594143,0.06396042981408835,0.9360395701859117
YNR036C,-1,77.04688782523598,34,376,5487,205,0.904785316289741,0.08292682926829269,0.14225941422594143,0.06413099096025926,0.9358690090397408
YDL140C,-1,77.03901578052678,34,377,5486,205,0.904621435594887,0.0827250608272506,0.14225941422594143,0.06430155210643015,0.9356984478935698
YPL076W,-1,77.03471637552116,34,378,5485,205,0.9044575549000328,0.0825242718446602,0.14225941422594143,0.06447211325260106,0.935527886747399
YLR446W,-1,76.99631265855714,34,379,5484,205,0.9042936742051786,0.08232445520581114,0.14225941422594143,0.06464267439877196,0.9353573256012281
YPR042C,-1,76.98888828622398,34,380,5483,205,0.9041297935103245,0.0821256038647343,0.14225941422594143,0.06481323554494287,0.9351867644550571
YDR088C,-1,76.91720782202967,34,381,5482,205,0.9039659128154703,0.0819277108433735,0.14225941422594143,0.06498379669111376,0.9350162033088862
YFR016C,-1,76.90087172236554,34,382,5481,205,0.9038020321206162,0.08173076923076923,0.14225941422594143,0.06515435783728467,0.9348456421627154
YNL214W,-1,76.89461733053159,34,383,5480,205,0.9036381514257621,0.0815347721822542,0.14225941422594143,0.06532491898345556,0.9346750810165444
YNL015W,-1,76.88574780912835,34,384,5479,205,0.9034742707309079,0.08133971291866028,0.14225941422594143,0.06549548012962647,0.9345045198703735
YKL162C,-1,76.73287190429255,34,385,5478,205,0.9033103900360537,0.081145584725537,0.14225941422594143,0.06566604127579738,0.9343339587242027
YNL253W,-1,76.70594077746279,34,386,5477,205,0.9031465093411996,0.08095238095238096,0.14225941422594143,0.06583660242196827,0.9341633975780317
YKL195W,-1,76.63656678869864,34,387,5476,205,0.9029826286463455,0.08076009501187649,0.14225941422594143,0.06600716356813918,0.9339928364318608
YBL102W,-1,76.60847370777356,34,388,5475,205,0.9028187479514913,0.08056872037914692,0.14225941422594143,0.06617772471431008,0.93382227528569
YML086C,-1,76.58039585953995,34,389,5474,205,0.9026548672566371,0.08037825059101655,0.14225941422594143,0.06634828586048098,0.933651714139519
YBR212W,-1,76.52529885064399,34,390,5473,205,0.9024909865617831,0.08018867924528301,0.14225941422594143,0.06651884700665188,0.9334811529933481
YDR201W,-1,76.51778780351674,34,391,5472,205,0.9023271058669289,0.08,0.14225941422594143,0.06668940815282279,0.9333105918471772
YLL006W,-1,76.51479229486267,34,392,5471,205,0.9021632251720747,0.07981220657276995,0.14225941422594143,0.0668599692989937,0.9331400307010063
YBR097W,-1,76.39907325543653,34,393,5470,205,0.9019993444772206,0.07962529274004684,0.14225941422594143,0.06703053044516459,0.9329694695548354
YOR122C,-1,76.35803969060628,34,394,5469,205,0.9018354637823665,0.0794392523364486,0.14225941422594143,0.0672010915913355,0.9327989084086645
YHR059W,-1,76.32301500264742,34,395,5468,205,0.9016715830875123,0.07925407925407925,0.14225941422594143,0.0673716527375064,0.9326283472624936
YOR176W,-1,76.2978723449019,34,396,5467,205,0.9015077023926581,0.07906976744186046,0.14225941422594143,0.0675422138836773,0.9324577861163227
YDR177W,1,76.29231003830091,35,396,5467,204,0.9016715830875123,0.08120649651972157,0.14644351464435146,0.0675422138836773,0.9324577861163227
YMR325W,-1,76.14491544346856,35,397,5466,204,0.9015077023926581,0.08101851851851852,0.14644351464435146,0.0677127750298482,0.9322872249701518
YBR222C,-1,76.12395339662685,35,398,5465,204,0.901343821697804,0.08083140877598152,0.14644351464435146,0.0678833361760191,0.932116663823981
YGL114W,-1,76.0944202302814,35,399,5464,204,0.9011799410029498,0.08064516129032258,0.14644351464435146,0.06805389732219,0.93194610267781
YDL077C,-1,76.01309993947552,35,400,5463,204,0.9010160603080957,0.08045977011494253,0.14644351464435146,0.06822445846836091,0.9317755415316391
YOR130C,-1,75.94322373227033,35,401,5462,204,0.9008521796132416,0.08027522935779817,0.14644351464435146,0.06839501961453182,0.9316049803854682
YJL146W,-1,75.92686139695911,35,402,5461,204,0.9006882989183874,0.08009153318077804,0.14644351464435146,0.06856558076070271,0.9314344192392973
YDR503C,-1,75.90719640822135,35,403,5460,204,0.9005244182235332,0.07990867579908675,0.14644351464435146,0.06873614190687362,0.9312638580931264
YIL010W,-1,75.88045353551728,35,404,5459,204,0.9003605375286792,0.07972665148063782,0.14644351464435146,0.06890670305304451,0.9310932969469555
YBR012W-A,-1,75.82565674758007,35,405,5458,204,0.900196656833825,0.07954545454545454,0.14644351464435146,0.06907726419921542,0.9309227358007846
YDR415C,-1,75.66678124521582,35,406,5457,204,0.9000327761389708,0.07936507936507936,0.14644351464435146,0.06924782534538632,0.9307521746546137
YFR050C,1,75.62645871181637,36,406,5457,203,0.900196656833825,0.08144796380090498,0.1506276150627615,0.06924782534538632,0.9307521746546137
YER078C,-1,75.62397356540896,36,407,5456,203,0.9000327761389708,0.08126410835214447,0.1506276150627615,0.06941838649155722,0.9305816135084428
YDR169C,-1,75.57045550105711,36,408,5455,203,0.8998688954441166,0.08108108108108109,0.1506276150627615,0.06958894763772813,0.9304110523622718
YMR270C,-1,75.5662118258119,36,409,5454,203,0.8997050147492626,0.08089887640449438,0.1506276150627615,0.06975950878389903,0.930240491216101
YBR037C,-1,75.55507906835874,36,410,5453,203,0.8995411340544084,0.08071748878923767,0.1506276150627615,0.06993006993006994,0.9300699300699301
YHR057C,-1,75.51161403738503,36,411,5452,203,0.8993772533595542,0.08053691275167785,0.1506276150627615,0.07010063107624083,0.9298993689237591
YFR004W,1,75.5083611854452,37,411,5452,202,0.8995411340544084,0.08258928571428571,0.15481171548117154,0.07010063107624083,0.9298993689237591
YDR155C,-1,75.48143619112365,37,412,5451,202,0.8993772533595542,0.08240534521158129,0.15481171548117154,0.07027119222241174,0.9297288077775883
YCR024C,-1,75.42586242891696,37,413,5450,202,0.8992133726647001,0.08222222222222222,0.15481171548117154,0.07044175336858263,0.9295582466314174
YIL125W,-1,75.3059870367187,37,414,5449,202,0.899049491969846,0.082039911308204,0.15481171548117154,0.07061231451475354,0.9293876854852464
YOR357C,-1,75.29048219484518,37,415,5448,202,0.8988856112749918,0.08185840707964602,0.15481171548117154,0.07078287566092444,0.9292171243390756
YMR145C,-1,75.21771530805543,37,416,5447,202,0.8987217305801377,0.08167770419426049,0.15481171548117154,0.07095343680709534,0.9290465631929047
YKL057C,-1,75.1725985253673,37,417,5446,202,0.8985578498852835,0.08149779735682819,0.15481171548117154,0.07112399795326625,0.9288760020467337
YMR289W,-1,75.16876847428571,37,418,5445,202,0.8983939691904294,0.08131868131868132,0.15481171548117154,0.07129455909943715,0.9287054409005628
YDR386W,-1,75.15269811228345,37,419,5444,202,0.8982300884955752,0.08114035087719298,0.15481171548117154,0.07146512024560805,0.928534879754392
YJR104C,-1,75.14537375918825,37,420,5443,202,0.8980662078007211,0.08096280087527352,0.15481171548117154,0.07163568139177895,0.928364318608221
YOL155C,-1,75.13252498302265,37,421,5442,202,0.8979023271058669,0.08078602620087336,0.15481171548117154,0.07180624253794986,0.9281937574620501
YNL095C,-1,75.11253893957473,37,422,5441,202,0.8977384464110127,0.08061002178649238,0.15481171548117154,0.07197680368412075,0.9280231963158793
YLR440C,-1,75.07385969809201,37,423,5440,202,0.8975745657161587,0.08043478260869565,0.15481171548117154,0.07214736483029166,0.9278526351697084
YMR267W,-1,75.06458818576067,37,424,5439,202,0.8974106850213045,0.08026030368763558,0.15481171548117154,0.07231792597646257,0.9276820740235374
YJL048C,1,75.03830072822095,38,424,5439,201,0.8975745657161587,0.08225108225108226,0.1589958158995816,0.07231792597646257,0.9276820740235374
YMR073C,-1,75.01407199400273,38,425,5438,201,0.8974106850213045,0.08207343412526998,0.1589958158995816,0.07248848712263346,0.9275115128773666
YPR147C,-1,75.0086904311247,38,426,5437,201,0.8972468043264503,0.08189655172413793,0.1589958158995816,0.07265904826880437,0.9273409517311957
YOL153C,-1,74.97045171995342,38,427,5436,201,0.8970829236315963,0.08172043010752689,0.1589958158995816,0.07282960941497527,0.9271703905850247
YER174C,-1,74.95919840393867,38,428,5435,201,0.8969190429367421,0.0815450643776824,0.1589958158995816,0.07300017056114617,0.9269998294388538
YLR390W-A,-1,74.95896186070212,38,429,5434,201,0.8967551622418879,0.08137044967880086,0.1589958158995816,0.07317073170731707,0.926829268292683
YML120C,-1,74.88805480516483,38,430,5433,201,0.8965912815470337,0.0811965811965812,0.1589958158995816,0.07334129285348798,0.926658707146512
YHL038C,-1,74.76782253779012,38,431,5432,201,0.8964274008521796,0.08102345415778252,0.1589958158995816,0.07351185399965887,0.9264881460003411
YIL062C,-1,74.6980072146432,38,432,5431,201,0.8962635201573255,0.08085106382978724,0.1589958158995816,0.07368241514582978,0.9263175848541703
YDR347W,-1,74.5775923990725,38,433,5430,201,0.8960996394624713,0.08067940552016985,0.1589958158995816,0.07385297629200069,0.9261470237079993
YJR109C,-1,74.54595184148558,38,434,5429,201,0.8959357587676172,0.08050847457627118,0.1589958158995816,0.07402353743817158,0.9259764625618284
YHR047C,-1,74.54461378097459,38,435,5428,201,0.895771878072763,0.080338266384778,0.1589958158995816,0.07419409858434249,0.9258059014156576
YBR118W,-1,74.53860708141974,38,436,5427,201,0.8956079973779089,0.08016877637130802,0.1589958158995816,0.07436465973051339,0.9256353402694866
YDR370C,-1,74.52852905131931,38,437,5426,201,0.8954441166830548,0.08,0.1589958158995816,0.0745352208766843,0.9254647791233157
YHR143W,-1,74.51185467030678,38,438,5425,201,0.8952802359882006,0.07983193277310924,0.1589958158995816,0.07470578202285519,0.9252942179771448
YNL252C,-1,74.45368007743102,38,439,5424,201,0.8951163552933464,0.07966457023060797,0.1589958158995816,0.0748763431690261,0.9251236568309739
YHR198C,-1,74.44372973397783,38,440,5423,201,0.8949524745984923,0.0794979079497908,0.1589958158995816,0.075046904315197,0.924953095684803
YPL084W,1,74.43783027769535,39,440,5423,200,0.8951163552933464,0.081419624217119,0.16317991631799164,0.075046904315197,0.924953095684803
YJR001W,-1,74.32778034869581,39,441,5422,200,0.8949524745984923,0.08125,0.16317991631799164,0.0752174654613679,0.9247825345386321
YOR330C,-1,74.31896579896751,39,442,5421,200,0.8947885939036382,0.08108108108108109,0.16317991631799164,0.07538802660753881,0.9246119733924612
YDR049W,-1,74.27449388482205,39,443,5420,200,0.894624713208784,0.08091286307053942,0.16317991631799164,0.0755585877537097,0.9244414122462903
YDR284C,-1,74.19397804062785,39,444,5419,200,0.8944608325139298,0.08074534161490683,0.16317991631799164,0.07572914889988061,0.9242708511001194
YDL137W,-1,74.17071532044615,39,445,5418,200,0.8942969518190758,0.08057851239669421,0.16317991631799164,0.0758997100460515,0.9241002899539484
YDR298C,-1,74.1571592450153,39,446,5417,200,0.8941330711242216,0.08041237113402062,0.16317991631799164,0.07607027119222241,0.9239297288077776
YDR071C,-1,74.14101500413096,39,447,5416,200,0.8939691904293674,0.08024691358024691,0.16317991631799164,0.07624083233839331,0.9237591676616067
YKL194C,-1,74.0038596519778,39,448,5415,200,0.8938053097345132,0.08008213552361396,0.16317991631799164,0.07641139348456422,0.9235886065154357
YMR160W,-1,73.97607935857195,39,449,5414,200,0.8936414290396592,0.07991803278688525,0.16317991631799164,0.07658195463073512,0.9234180453692649
YBL091C,-1,73.88897649675599,39,450,5413,200,0.893477548344805,0.07975460122699386,0.16317991631799164,0.07675251577690602,0.923247484223094
YLR330W,-1,73.88346657426148,39,451,5412,200,0.8933136676499508,0.07959183673469387,0.16317991631799164,0.07692307692307693,0.9230769230769231
YGL228W,-1,73.84132401762596,39,452,5411,200,0.8931497869550967,0.07942973523421588,0.16317991631799164,0.07709363806924782,0.9229063619307522
YKL039W,-1,73.83020069789299,39,453,5410,200,0.8929859062602425,0.07926829268292683,0.16317991631799164,0.07726419921541873,0.9227358007845813
YHR113W,-1,73.77663751306636,39,454,5409,200,0.8928220255653884,0.07910750507099391,0.16317991631799164,0.07743476036158962,0.9225652396384104
YJL112W,-1,73.77222635183358,39,455,5408,200,0.8926581448705343,0.07894736842105263,0.16317991631799164,0.07760532150776053,0.9223946784922394
YBR080C,-1,73.75350538672365,39,456,5407,200,0.8924942641756801,0.07878787878787878,0.16317991631799164,0.07777588265393144,0.9222241173460686
YEL056W,-1,73.72133601499,39,457,5406,200,0.8923303834808259,0.07862903225806452,0.16317991631799164,0.07794644380010234,0.9220535561998977
YCR079W,-1,73.71912055685088,39,458,5405,200,0.8921665027859718,0.07847082494969819,0.16317991631799164,0.07811700494627324,0.9218829950537267
YHR008C,-1,73.69739152993841,39,459,5404,200,0.8920026220911177,0.0783132530120482,0.16317991631799164,0.07828756609244414,0.9217124339075559
YLR368W,1,73.67855614408131,40,459,5404,199,0.8921665027859718,0.08016032064128256,0.16736401673640167,0.07828756609244414,0.9217124339075559
YJL143W,-1,73.60456040118875,40,460,5403,199,0.8920026220911177,0.08,0.16736401673640167,0.07845812723861505,0.921541872761385
YMR257C,-1,73.59760899820476,40,461,5402,199,0.8918387413962635,0.07984031936127745,0.16736401673640167,0.07862868838478594,0.921371311615214
YNL239W,-1,73.59397490454904,40,462,5401,199,0.8916748607014093,0.0796812749003984,0.16736401673640167,0.07879924953095685,0.9212007504690432
YML034W,-1,73.56568024650704,40,463,5400,199,0.8915109800065553,0.07952286282306163,0.16736401673640167,0.07896981067712774,0.9210301893228723
YDR512C,-1,73.55442951040193,40,464,5399,199,0.8913470993117011,0.07936507936507936,0.16736401673640167,0.07914037182329865,0.9208596281767013
YFR033C,-1,73.49772213875848,40,465,5398,199,0.8911832186168469,0.07920792079207921,0.16736401673640167,0.07931093296946956,0.9206890670305304
YML048W,-1,73.49384045732285,40,466,5397,199,0.8910193379219928,0.07905138339920949,0.16736401673640167,0.07948149411564046,0.9205185058843596
YER094C,1,73.36497248314507,41,466,5397,198,0.8911832186168469,0.08086785009861933,0.17154811715481172,0.07948149411564046,0.9205185058843596
YDR405W,-1,73.35398827988051,41,467,5396,198,0.8910193379219928,0.08070866141732283,0.17154811715481172,0.07965205526181136,0.9203479447381886
YDR322C-A,-1,73.29036317184705,41,468,5395,198,0.8908554572271387,0.08055009823182711,0.17154811715481172,0.07982261640798226,0.9201773835920177
YPR069C,-1,73.27212919390873,41,469,5394,198,0.8906915765322845,0.0803921568627451,0.17154811715481172,0.07999317755415317,0.9200068224458469
YMR281W,-1,73.19724845537881,41,470,5393,198,0.8905276958374303,0.08023483365949119,0.17154811715481172,0.08016373870032406,0.9198362612996759
YCL017C,-1,73.17670133707907,41,471,5392,198,0.8903638151425762,0.080078125,0.17154811715481172,0.08033429984649497,0.919665700153505
YFR039C,-1,73.15276260922474,41,472,5391,198,0.890199934447722,0.07992202729044834,0.17154811715481172,0.08050486099266588,0.9194951390073342
YLR212C,-1,73.06721058513585,41,473,5390,198,0.8900360537528679,0.07976653696498054,0.17154811715481172,0.08067542213883677,0.9193245778611632
YGL077C,-1,73.05788994967136,41,474,5389,198,0.8898721730580138,0.07961165048543689,0.17154811715481172,0.08084598328500768,0.9191540167149923
YLR395C,-1,73.01711484560937,41,475,5388,198,0.8897082923631596,0.07945736434108527,0.17154811715481172,0.08101654443117857,0.9189834555688214
YFL017C,-1,72.9921682858062,41,476,5387,198,0.8895444116683054,0.07930367504835589,0.17154811715481172,0.08118710557734948,0.9188128944226506
YOL033W,-1,72.92024536612266,41,477,5386,198,0.8893805309734514,0.07915057915057915,0.17154811715481172,0.08135766672352038,0.9186423332764796
YLR274W,-1,72.88809681488915,41,478,5385,198,0.8892166502785972,0.0789980732177264,0.17154811715481172,0.08152822786969129,0.9184717721303087
YOL008W,-1,72.80499664593049,41,479,5384,198,0.889052769583743,0.07884615384615384,0.17154811715481172,0.08169878901586218,0.9183012109841379
YPR191W,-1,72.79485262172018,41,480,5383,198,0.8888888888888888,0.07869481765834933,0.17154811715481172,0.08186935016203309,0.9181306498379669
YNL336W,-1,72.7944911982809,41,481,5382,198,0.8887250081940348,0.07854406130268199,0.17154811715481172,0.082039911308204,0.917960088691796
YNR037C,-1,72.78356593448059,41,482,5381,198,0.8885611274991806,0.07839388145315487,0.17154811715481172,0.08221047245437489,0.9177895275456252
YHR107C,-1,72.76340859511915,41,483,5380,198,0.8883972468043264,0.07824427480916031,0.17154811715481172,0.0823810336005458,0.9176189663994542
YLL031C,-1,72.69331536670926,41,484,5379,198,0.8882333661094723,0.07809523809523809,0.17154811715481172,0.0825515947467167,0.9174484052532833
YDL030W,-1,72.67832950242087,41,485,5378,198,0.8880694854146182,0.0779467680608365,0.17154811715481172,0.0827221558928876,0.9172778441071124
YPR028W,-1,72.66655833103982,41,486,5377,198,0.887905604719764,0.0777988614800759,0.17154811715481172,0.0828927170390585,0.9171072829609415
YBR207W,-1,72.59715678003478,41,487,5376,198,0.8877417240249099,0.07765151515151515,0.17154811715481172,0.0830632781852294,0.9169367218147706
YCR032W,-1,72.55282951875309,41,488,5375,198,0.8875778433300557,0.07750472589792061,0.17154811715481172,0.08323383933140031,0.9167661606685997
YOL034W,-1,72.54039009320917,41,489,5374,198,0.8874139626352016,0.07735849056603773,0.17154811715481172,0.08340440047757121,0.9165955995224288
YOL016C,-1,72.49083213268085,41,490,5373,198,0.8872500819403474,0.07721280602636535,0.17154811715481172,0.08357496162374212,0.9164250383762579
YLR203C,-1,72.40548510181608,41,491,5372,198,0.8870862012454933,0.07706766917293233,0.17154811715481172,0.08374552276991301,0.916254477230087
YHR181W,-1,72.33041461381173,41,492,5371,198,0.8869223205506391,0.07692307692307693,0.17154811715481172,0.08391608391608392,0.916083916083916
YIR024C,-1,72.31258186793409,41,493,5370,198,0.886758439855785,0.07677902621722846,0.17154811715481172,0.08408664506225481,0.9159133549377452
YLR369W,-1,72.23777179837893,41,494,5369,198,0.8865945591609309,0.07663551401869159,0.17154811715481172,0.08425720620842572,0.9157427937915743
YJR061W,-1,72.16702748392709,41,495,5368,198,0.8864306784660767,0.07649253731343283,0.17154811715481172,0.08442776735459662,0.9155722326454033
YOR354C,-1,72.09733567835617,41,496,5367,198,0.8862667977712225,0.07635009310986965,0.17154811715481172,0.08459832850076753,0.9154016714992325
YPL001W,-1,72.09282732856082,41,497,5366,198,0.8861029170763685,0.0762081784386617,0.17154811715481172,0.08476888964693843,0.9152311103530616
YNL275W,-1,72.07626669758318,41,498,5365,198,0.8859390363815143,0.07606679035250463,0.17154811715481172,0.08493945079310933,0.9150605492068906
YGR282C,-1,72.04205081803829,41,499,5364,198,0.8857751556866601,0.07592592592592592,0.17154811715481172,0.08511001193928024,0.9148899880607197
YDR182W,-1,72.03235808666967,41,500,5363,198,0.8856112749918059,0.07578558225508318,0.17154811715481172,0.08528057308545113,0.9147194269145489
YGR183C,-1,71.97375034811117,41,501,5362,198,0.8854473942969519,0.07564575645756458,0.17154811715481172,0.08545113423162204,0.914548865768378
YBR120C,-1,71.96062271061874,41,502,5361,198,0.8852835136020977,0.07550644567219153,0.17154811715481172,0.08562169537779293,0.914378304622207
YER057C,-1,71.92715682730886,41,503,5360,198,0.8851196329072435,0.07536764705882353,0.17154811715481172,0.08579225652396384,0.9142077434760362
YGL055W,-1,71.85169433763431,41,504,5359,198,0.8849557522123894,0.07522935779816514,0.17154811715481172,0.08596281767013475,0.9140371823298653
YKR064W,-1,71.83450675378853,41,505,5358,198,0.8847918715175352,0.07509157509157509,0.17154811715481172,0.08613337881630564,0.9138666211836943
YDR330W,1,71.78627078613285,42,505,5358,197,0.8849557522123894,0.07678244972577697,0.17573221757322174,0.08613337881630564,0.9138666211836943
YDL073W,-1,71.78369891818147,42,506,5357,197,0.8847918715175352,0.07664233576642336,0.17573221757322174,0.08630393996247655,0.9136960600375235
YLR422W,-1,71.78153476619627,42,507,5356,197,0.8846279908226811,0.07650273224043716,0.17573221757322174,0.08647450110864745,0.9135254988913526
YDR016C,-1,71.77235893919192,42,508,5355,197,0.884464110127827,0.07636363636363637,0.17573221757322174,0.08664506225481836,0.9133549377451816
YPL234C,-1,71.75057205562483,42,509,5354,197,0.8843002294329728,0.07622504537205081,0.17573221757322174,0.08681562340098925,0.9131843765990107
YHR058C,-1,71.71765940546966,42,510,5353,197,0.8841363487381186,0.07608695652173914,0.17573221757322174,0.08698618454716016,0.9130138154528399
YBR235W,-1,71.65535005689162,42,511,5352,197,0.8839724680432645,0.0759493670886076,0.17573221757322174,0.08715674569333105,0.9128432543066689
YMR018W,-1,71.60817267518723,42,512,5351,197,0.8838085873484104,0.07581227436823104,0.17573221757322174,0.08732730683950196,0.912672693160498
YEL013W,-1,71.51623262229967,42,513,5350,197,0.8836447066535562,0.07567567567567568,0.17573221757322174,0.08749786798567287,0.9125021320143272
YDL098C,-1,71.51410642380779,42,514,5349,197,0.883480825958702,0.07553956834532374,0.17573221757322174,0.08766842913184376,0.9123315708681562
YML109W,-1,71.42506575413482,42,515,5348,197,0.883316945263848,0.07540394973070018,0.17573221757322174,0.08783899027801467,0.9121610097219853
YDR270W,-1,71.41280674509929,42,516,5347,197,0.8831530645689938,0.07526881720430108,0.17573221757322174,0.08800955142418557,0.9119904485758145
YCR048W,-1,71.39191992158855,42,517,5346,197,0.8829891838741396,0.07513416815742398,0.17573221757322174,0.08818011257035648,0.9118198874296435
YKL015W,-1,71.28805142430392,42,518,5345,197,0.8828253031792854,0.075,0.17573221757322174,0.08835067371652737,0.9116493262834726
YMR023C,-1,71.20241491712613,42,519,5344,197,0.8826614224844314,0.0748663101604278,0.17573221757322174,0.08852123486269828,0.9114787651373017
YNL169C,-1,71.19019797576235,42,520,5343,197,0.8824975417895772,0.07473309608540925,0.17573221757322174,0.08869179600886919,0.9113082039911308
YIL157C,-1,71.16842125555873,42,521,5342,197,0.882333661094723,0.07460035523978685,0.17573221757322174,0.08886235715504008,0.9111376428449599
YPR023C,-1,71.16457631747824,42,522,5341,197,0.8821697803998689,0.07446808510638298,0.17573221757322174,0.08903291830121099,0.910967081698789
YMR218C,-1,71.08733247803589,42,523,5340,197,0.8820058997050148,0.0743362831858407,0.17573221757322174,0.08920347944738188,0.9107965205526181
YHR051W,-1,71.01495746950943,42,524,5339,197,0.8818420190101606,0.07420494699646643,0.17573221757322174,0.08937404059355279,0.9106259594064472
YDR511W,-1,70.9922118773449,42,525,5338,197,0.8816781383153065,0.07407407407407407,0.17573221757322174,0.08954460173972369,0.9104553982602763
YLR010C,-1,70.94806068511787,42,526,5337,197,0.8815142576204523,0.07394366197183098,0.17573221757322174,0.0897151628858946,0.9102848371141055
YGL079W,-1,70.94753316912102,42,527,5336,197,0.8813503769255981,0.07381370826010544,0.17573221757322174,0.08988572403206549,0.9101142759679345
YOR197W,-1,70.87814229598604,42,528,5335,197,0.881186496230744,0.07368421052631578,0.17573221757322174,0.0900562851782364,0.9099437148217636
YKR016W,-1,70.85071272683138,42,529,5334,197,0.8810226155358899,0.07355516637478109,0.17573221757322174,0.0902268463244073,0.9097731536755927
YJR117W,-1,70.83285316928622,42,530,5333,197,0.8808587348410357,0.07342657342657342,0.17573221757322174,0.0903974074705782,0.9096025925294218
YHR144C,-1,70.8229979228619,42,531,5332,197,0.8806948541461815,0.07329842931937172,0.17573221757322174,0.09056796861674911,0.9094320313832509
YPL172C,-1,70.77137780499629,42,532,5331,197,0.8805309734513275,0.07317073170731707,0.17573221757322174,0.09073852976292,0.90926147023708
YJL024C,-1,70.76386445278865,42,533,5330,197,0.8803670927564733,0.07304347826086957,0.17573221757322174,0.09090909090909091,0.9090909090909091
YKL148C,-1,70.67952620683742,42,534,5329,197,0.8802032120616191,0.07291666666666667,0.17573221757322174,0.0910796520552618,0.9089203479447382
YNL073W,-1,70.61241026726869,42,535,5328,197,0.880039331366765,0.07279029462738301,0.17573221757322174,0.09125021320143271,0.9087497867985673
YMR311C,-1,70.59398835557428,42,536,5327,197,0.8798754506719109,0.0726643598615917,0.17573221757322174,0.09142077434760362,0.9085792256523963
YMR186W,-1,70.58516694971382,42,537,5326,197,0.8797115699770567,0.07253886010362694,0.17573221757322174,0.09159133549377452,0.9084086645062255
YAR031W,-1,70.57555088614674,42,538,5325,197,0.8795476892822025,0.07241379310344828,0.17573221757322174,0.09176189663994543,0.9082381033600546
YDR354W,-1,70.52964257614542,42,539,5324,197,0.8793838085873484,0.07228915662650602,0.17573221757322174,0.09193245778611632,0.9080675422138836
YML131W,-1,70.52829569862706,42,540,5323,197,0.8792199278924943,0.07216494845360824,0.17573221757322174,0.09210301893228723,0.9078969810677128
YDR434W,-1,70.50766309795479,42,541,5322,197,0.8790560471976401,0.07204116638078903,0.17573221757322174,0.09227358007845812,0.9077264199215419
YHR123W,-1,70.49727486465537,42,542,5321,197,0.878892166502786,0.07191780821917808,0.17573221757322174,0.09244414122462903,0.9075558587753709
YJL204C,-1,70.48997032640058,42,543,5320,197,0.8787282858079318,0.07179487179487179,0.17573221757322174,0.09261470237079993,0.9073852976292001
YNL262W,-1,70.23280774309919,42,544,5319,197,0.8785644051130777,0.07167235494880546,0.17573221757322174,0.09278526351697083,0.9072147364830292
YJR065C,-1,70.22685037144825,42,545,5318,197,0.8784005244182236,0.07155025553662692,0.17573221757322174,0.09295582466314174,0.9070441753368582
YPL162C,-1,70.16465734518715,42,546,5317,197,0.8782366437233694,0.07142857142857142,0.17573221757322174,0.09312638580931264,0.9068736141906873
YPL139C,-1,70.16269084170025,42,547,5316,197,0.8780727630285152,0.07130730050933787,0.17573221757322174,0.09329694695548355,0.9067030530445165
YBR044C,-1,70.13722047513784,42,548,5315,197,0.877908882333661,0.0711864406779661,0.17573221757322174,0.09346750810165444,0.9065324918983455
YLR001C,-1,70.10541744488,42,549,5314,197,0.877745001638807,0.07106598984771574,0.17573221757322174,0.09363806924782535,0.9063619307521746
YHL050C,-1,70.08042539449525,42,550,5313,197,0.8775811209439528,0.07094594594594594,0.17573221757322174,0.09380863039399624,0.9061913696060038
YDR244W,-1,70.06093972991445,42,551,5312,197,0.8774172402490986,0.07082630691399663,0.17573221757322174,0.09397919154016715,0.9060208084598329
YGR010W,-1,70.04087647552706,42,552,5311,197,0.8772533595542445,0.0707070707070707,0.17573221757322174,0.09414975268633806,0.9058502473136619
YNL137C,-1,70.03496208017499,42,553,5310,197,0.8770894788593904,0.07058823529411765,0.17573221757322174,0.09432031383250895,0.9056796861674911
YMR098C,-1,70.01956716892067,42,554,5309,197,0.8769255981645362,0.07046979865771812,0.17573221757322174,0.09449087497867986,0.9055091250213202
YKL193C,-1,70.01796211859067,42,555,5308,197,0.8767617174696821,0.07035175879396985,0.17573221757322174,0.09466143612485076,0.9053385638751492
YIL131C,-1,70.0051869852066,42,556,5307,197,0.8765978367748279,0.07023411371237458,0.17573221757322174,0.09483199727102166,0.9051680027289783
YDR319C,-1,69.96505959013666,42,557,5306,197,0.8764339560799738,0.07011686143572621,0.17573221757322174,0.09500255841719256,0.9049974415828075
YLR303W,-1,69.8630319291924,42,558,5305,197,0.8762700753851196,0.07,0.17573221757322174,0.09517311956336347,0.9048268804366365
YMR112C,-1,69.82330551378813,42,559,5304,197,0.8761061946902655,0.06988352745424292,0.17573221757322174,0.09534368070953436,0.9046563192904656
YGR084C,-1,69.80486255703613,42,560,5303,197,0.8759423139954113,0.06976744186046512,0.17573221757322174,0.09551424185570527,0.9044857581442948
YLR126C,-1,69.6846319840406,42,561,5302,197,0.8757784333005572,0.06965174129353234,0.17573221757322174,0.09568480300187618,0.9043151969981238
YJL131C,-1,69.67367969478983,42,562,5301,197,0.8756145526057031,0.0695364238410596,0.17573221757322174,0.09585536414804707,0.9041446358519529
YHR129C,-1,69.66534702306177,42,563,5300,197,0.8754506719108489,0.06942148760330578,0.17573221757322174,0.09602592529421798,0.9039740747057821
YGR042W,-1,69.64610080544753,42,564,5299,197,0.8752867912159947,0.06930693069306931,0.17573221757322174,0.09619648644038888,0.9038035135596111
YJL206C,-1,69.5816615972144,42,565,5298,197,0.8751229105211407,0.06919275123558484,0.17573221757322174,0.09636704758655978,0.9036329524134402
YJR015W,-1,69.57798315393302,42,566,5297,197,0.8749590298262865,0.06907894736842106,0.17573221757322174,0.09653760873273068,0.9034623912672693
YOR141C,-1,69.55139006530408,42,567,5296,197,0.8747951491314323,0.06896551724137931,0.17573221757322174,0.09670816987890159,0.9032918301210984
YGR209C,-1,69.51487021207579,42,568,5295,197,0.8746312684365781,0.06885245901639345,0.17573221757322174,0.0968787310250725,0.9031212689749275
YGR254W,-1,69.25046363324441,42,569,5294,197,0.8744673877417241,0.06873977086743044,0.17573221757322174,0.09704929217124339,0.9029507078287566
YCL057W,-1,69.24823784657526,42,570,5293,197,0.8743035070468699,0.06862745098039216,0.17573221757322174,0.0972198533174143,0.9027801466825857
YGR092W,-1,69.24323687394372,42,571,5292,197,0.8741396263520157,0.06851549755301795,0.17573221757322174,0.09739041446358519,0.9026095855364148
YGR057C,-1,69.23733382178682,42,572,5291,197,0.8739757456571616,0.06840390879478828,0.17573221757322174,0.0975609756097561,0.9024390243902439
YIL128W,-1,69.19526914974352,42,573,5290,197,0.8738118649623074,0.06829268292682927,0.17573221757322174,0.097731536755927,0.902268463244073
YDL069C,-1,69.19003551381651,42,574,5289,197,0.8736479842674533,0.06818181818181818,0.17573221757322174,0.0979020979020979,0.9020979020979021
YNL146W,-1,69.12032011014526,42,575,5288,197,0.8734841035725992,0.06807131280388978,0.17573221757322174,0.0980726590482688,0.9019273409517312
YDR289C,-1,69.07461492352061,42,576,5287,197,0.873320222877745,0.06796116504854369,0.17573221757322174,0.0982432201944397,0.9017567798055602
YDR307W,-1,69.05827857114491,42,577,5286,197,0.8731563421828908,0.06785137318255251,0.17573221757322174,0.09841378134061061,0.9015862186593894
YDL174C,-1,69.03153453219424,42,578,5285,197,0.8729924614880367,0.06774193548387097,0.17573221757322174,0.09858434248678151,0.9014156575132185
YIL151C,-1,68.99496488956356,42,579,5284,197,0.8728285807931826,0.06763285024154589,0.17573221757322174,0.09875490363295242,0.9012450963670476
YDR495C,-1,68.98107749526321,42,580,5283,197,0.8726647000983284,0.06752411575562701,0.17573221757322174,0.09892546477912331,0.9010745352208767
YDR150W,-1,68.93405307378261,42,581,5282,197,0.8725008194034742,0.06741573033707865,0.17573221757322174,0.09909602592529422,0.9009039740747058
YML071C,-1,68.93255233087552,42,582,5281,197,0.8723369387086202,0.0673076923076923,0.17573221757322174,0.09926658707146511,0.9007334129285349
YBR218C,-1,68.91322688783717,42,583,5280,197,0.872173058013766,0.0672,0.17573221757322174,0.09943714821763602,0.900562851782364
YOR022C,-1,68.91247018902959,42,584,5279,197,0.8720091773189118,0.0670926517571885,0.17573221757322174,0.09960770936380693,0.9003922906361931
YNL307C,-1,68.90643586843478,42,585,5278,197,0.8718452966240576,0.06698564593301436,0.17573221757322174,0.09977827050997783,0.9002217294900222
YDL199C,-1,68.88466407863683,42,586,5277,197,0.8716814159292036,0.06687898089171974,0.17573221757322174,0.09994883165614873,0.9000511683438512
YNR032C-A,1,68.83183368802202,43,586,5277,196,0.8718452966240576,0.06836248012718601,0.1799163179916318,0.09994883165614873,0.9000511683438512
YBR056W,-1,68.77590802934355,43,587,5276,196,0.8716814159292036,0.06825396825396825,0.1799163179916318,0.10011939280231963,0.8998806071976804
YDR424C,-1,68.73508567514921,43,588,5275,196,0.8715175352343494,0.06814580031695722,0.1799163179916318,0.10028995394849054,0.8997100460515095
YBR171W,-1,68.65146024436876,43,589,5274,196,0.8713536545394952,0.0680379746835443,0.1799163179916318,0.10046051509466143,0.8995394849053385
YLR299W,-1,68.643954693643,43,590,5273,196,0.8711897738446411,0.0679304897314376,0.1799163179916318,0.10063107624083234,0.8993689237591677
YBR196C,-1,68.63568735257677,43,591,5272,196,0.871025893149787,0.06782334384858044,0.1799163179916318,0.10080163738700323,0.8991983626129968
YGL131C,-1,68.58138247201623,43,592,5271,196,0.8708620124549328,0.06771653543307087,0.1799163179916318,0.10097219853317414,0.8990278014668258
YOR258W,-1,68.54782051165915,43,593,5270,196,0.8706981317600787,0.06761006289308176,0.1799163179916318,0.10114275967934505,0.898857240320655
YDR375C,-1,68.51104431766586,43,594,5269,196,0.8705342510652245,0.06750392464678179,0.1799163179916318,0.10131332082551595,0.8986866791744841
YGR026W,-1,68.50258884522191,43,595,5268,196,0.8703703703703703,0.06739811912225706,0.1799163179916318,0.10148388197168685,0.8985161180283131
YFR052W,1,68.49870346852494,44,595,5268,195,0.8705342510652245,0.06885758998435054,0.18410041841004185,0.10148388197168685,0.8985161180283131
YIL123W,-1,68.38743958668368,44,596,5267,195,0.8703703703703703,0.06875,0.18410041841004185,0.10165444311785775,0.8983455568821422
YGL095C,-1,68.37915786041057,44,597,5266,195,0.8702064896755162,0.0686427457098284,0.18410041841004185,0.10182500426402866,0.8981749957359714
YCL018W,-1,68.36798367834629,44,598,5265,195,0.8700426089806621,0.06853582554517133,0.18410041841004185,0.10199556541019955,0.8980044345898004
YCR097W,-1,68.36477404825135,44,599,5264,195,0.8698787282858079,0.06842923794712286,0.18410041841004185,0.10216612655637046,0.8978338734436295
YCR018C,-1,68.35840867891814,44,600,5263,195,0.8697148475909537,0.06832298136645963,0.18410041841004185,0.10233668770254137,0.8976633122974587
YBL100W-B,-1,68.31863348843763,44,601,5262,195,0.8695509668960997,0.06821705426356589,0.18410041841004185,0.10250724884871226,0.8974927511512877
YGR106C,-1,68.3174250244936,44,602,5261,195,0.8693870862012455,0.06811145510835913,0.18410041841004185,0.10267780999488317,0.8973221900051168
YKR066C,-1,68.31550171004415,44,603,5260,195,0.8692232055063913,0.06800618238021638,0.18410041841004185,0.10284837114105407,0.897151628858946
YDR041W,-1,68.31538033950343,44,604,5259,195,0.8690593248115372,0.06790123456790123,0.18410041841004185,0.10301893228722497,0.8969810677127751
YDR494W,-1,68.28257998618624,44,605,5258,195,0.8688954441166831,0.06779661016949153,0.18410041841004185,0.10318949343339587,0.8968105065666041
YKL105C,-1,68.25114995104377,44,606,5257,195,0.8687315634218289,0.06769230769230769,0.18410041841004185,0.10336005457956678,0.8966399454204332
YIL087C,-1,68.20105423182486,44,607,5256,195,0.8685676827269747,0.06758832565284179,0.18410041841004185,0.10353061572573767,0.8964693842742624
YOL089C,-1,67.99193331810588,44,608,5255,195,0.8684038020321206,0.06748466257668712,0.18410041841004185,0.10370117687190858,0.8962988231280914
YPL040C,-1,67.94944556205508,44,609,5254,195,0.8682399213372665,0.06738131699846861,0.18410041841004185,0.10387173801807949,0.8961282619819205
YLR355C,-1,67.88890425769256,44,610,5253,195,0.8680760406424123,0.0672782874617737,0.18410041841004185,0.10404229916425038,0.8959577008357497
YER026C,-1,67.88756298139987,44,611,5252,195,0.8679121599475582,0.06717557251908397,0.18410041841004185,0.10421286031042129,0.8957871396895787
YDL100C,-1,67.87342945171243,44,612,5251,195,0.867748279252704,0.06707317073170732,0.18410041841004185,0.10438342145659218,0.8956165785434078
YIL134W,-1,67.86306943313801,44,613,5250,195,0.8675843985578499,0.0669710806697108,0.18410041841004185,0.1045539826027631,0.895446017397237
YBR193C,-1,67.85690284924306,44,614,5249,195,0.8674205178629958,0.0668693009118541,0.18410041841004185,0.10472454374893399,0.895275456251066
YHR109W,-1,67.79414786503798,44,615,5248,195,0.8672566371681416,0.06676783004552352,0.18410041841004185,0.1048951048951049,0.8951048951048951
YGL160W,-1,67.78136117621034,44,616,5247,195,0.8670927564732874,0.06666666666666667,0.18410041841004185,0.1050656660412758,0.8949343339587242
YOL018C,-1,67.70211619249791,44,617,5246,195,0.8669288757784332,0.06656580937972768,0.18410041841004185,0.1052362271874467,0.8947637728125533
YML012W,-1,67.68991980132193,44,618,5245,195,0.8667649950835792,0.06646525679758308,0.18410041841004185,0.10540678833361761,0.8945932116663824
YPR125W,-1,67.68745218775307,44,619,5244,195,0.866601114388725,0.06636500754147813,0.18410041841004185,0.1055773494797885,0.8944226505202115
YJR102C,1,67.62074872718586,45,619,5244,194,0.8667649950835792,0.0677710843373494,0.18828451882845187,0.1055773494797885,0.8944226505202115
YPL096W,1,67.61646662985585,46,619,5244,193,0.8669288757784332,0.06917293233082707,0.19246861924686193,0.1055773494797885,0.8944226505202115
YDL108W,-1,67.56233069659113,46,620,5243,193,0.8667649950835792,0.06906906906906907,0.19246861924686193,0.10574791062595941,0.8942520893740405
YNL329C,-1,67.5514504189835,46,621,5242,193,0.866601114388725,0.06896551724137931,0.19246861924686193,0.1059184717721303,0.8940815282278697
YDR221W,-1,67.55118606964137,46,622,5241,193,0.8664372336938708,0.0688622754491018,0.19246861924686193,0.10608903291830121,0.8939109670816988
YMR183C,-1,67.54237004939836,46,623,5240,193,0.8662733529990168,0.0687593423019432,0.19246861924686193,0.10625959406447211,0.8937404059355278
YHL048W,-1,67.53286606659594,46,624,5239,193,0.8661094723041626,0.06865671641791045,0.19246861924686193,0.10643015521064302,0.893569844789357
YKL196C,-1,67.48787322297392,46,625,5238,193,0.8659455916093084,0.06855439642324888,0.19246861924686193,0.10660071635681392,0.8933992836431861
YDL054C,-1,67.45531559858192,46,626,5237,193,0.8657817109144543,0.06845238095238096,0.19246861924686193,0.10677127750298482,0.8932287224970151
YGL064C,-1,67.43883166651356,46,627,5236,193,0.8656178302196001,0.06835066864784546,0.19246861924686193,0.10694183864915573,0.8930581613508443
YLR209C,-1,67.36961163007571,46,628,5235,193,0.865453949524746,0.06824925816023739,0.19246861924686193,0.10711239979532662,0.8928876002046734
YEL052W,1,67.36517441192873,47,628,5235,192,0.8656178302196001,0.06962962962962962,0.19665271966527198,0.10711239979532662,0.8928876002046734
YLR268W,-1,67.32553251439118,47,629,5234,192,0.865453949524746,0.0695266272189349,0.19665271966527198,0.10728296094149753,0.8927170390585025
YGL236C,-1,67.25740881912307,47,630,5233,192,0.8652900688298918,0.06942392909896603,0.19665271966527198,0.10745352208766842,0.8925464779123315
YPL134C,-1,67.21246056081031,47,631,5232,192,0.8651261881350377,0.06932153392330384,0.19665271966527198,0.10762408323383933,0.8923759167661607
YDL182W,-1,67.21001431490978,47,632,5231,192,0.8649623074401835,0.06921944035346098,0.19665271966527198,0.10779464438001024,0.8922053556199898
YNL243W,-1,67.20037474056107,47,633,5230,192,0.8647984267453294,0.06911764705882353,0.19665271966527198,0.10796520552618113,0.8920347944738188
YPR176C,-1,67.1501640874036,47,634,5229,192,0.8646345460504753,0.06901615271659324,0.19665271966527198,0.10813576667235204,0.891864233327648
YOR143C,-1,67.12110258309792,47,635,5228,192,0.8644706653556211,0.0689149560117302,0.19665271966527198,0.10830632781852294,0.8916936721814771
YFL037W,-1,67.10211695493338,47,636,5227,192,0.8643067846607669,0.06881405563689605,0.19665271966527198,0.10847688896469385,0.8915231110353061
YLR442C,-1,67.05905235555706,47,637,5226,192,0.8641429039659129,0.06871345029239766,0.19665271966527198,0.10864745011086474,0.8913525498891353
YCR076C,-1,67.02967458597459,47,638,5225,192,0.8639790232710587,0.06861313868613139,0.19665271966527198,0.10881801125703565,0.8911819887429644
YPR198W,-1,66.99690070252419,47,639,5224,192,0.8638151425762045,0.06851311953352769,0.19665271966527198,0.10898857240320654,0.8910114275967934
YDR276C,-1,66.97799345361959,47,640,5223,192,0.8636512618813503,0.06841339155749636,0.19665271966527198,0.10915913354937745,0.8908408664506225
YLR404W,-1,66.95464024330369,47,641,5222,192,0.8634873811864963,0.06831395348837209,0.19665271966527198,0.10932969469554836,0.8906703053044517
YJR010C-A,-1,66.93189789178717,47,642,5221,192,0.8633235004916421,0.06821480406386067,0.19665271966527198,0.10950025584171925,0.8904997441582807
YGL056C,-1,66.92660248765145,47,643,5220,192,0.8631596197967879,0.06811594202898551,0.19665271966527198,0.10967081698789016,0.8903291830121098
YMR008C,-1,66.89132111279179,47,644,5219,192,0.8629957391019338,0.06801736613603473,0.19665271966527198,0.10984137813406106,0.890158621865939
YML013W,1,66.84326382135282,48,644,5219,191,0.8631596197967879,0.06936416184971098,0.200836820083682,0.10984137813406106,0.890158621865939
YGL047W,-1,66.76198299843034,48,645,5218,191,0.8629957391019338,0.06926406926406926,0.200836820083682,0.11001193928023197,0.889988060719768
YIL169C,-1,66.74618790195989,48,646,5217,191,0.8628318584070797,0.069164265129683,0.200836820083682,0.11018250042640286,0.8898174995735971
YPL029W,-1,66.73300117435141,48,647,5216,191,0.8626679777122255,0.06906474820143885,0.200836820083682,0.11035306157257377,0.8896469384274263
YKL084W,-1,66.70793784313554,48,648,5215,191,0.8625040970173714,0.06896551724137931,0.200836820083682,0.11052362271874468,0.8894763772812553
YGR120C,-1,66.70395208552964,48,649,5214,191,0.8623402163225172,0.06886657101865136,0.200836820083682,0.11069418386491557,0.8893058161350844
YDR328C,1,66.64957120183261,49,649,5214,190,0.8625040970173714,0.07020057306590258,0.20502092050209206,0.11069418386491557,0.8893058161350844
YBR160W,-1,66.64795516140198,49,650,5213,190,0.8623402163225172,0.07010014306151645,0.20502092050209206,0.11086474501108648,0.8891352549889135
YIL150C,-1,66.62781506643722,49,651,5212,190,0.862176335627663,0.07,0.20502092050209206,0.11103530615725737,0.8889646938427426
YGR165W,-1,66.60579351298603,49,652,5211,190,0.8620124549328089,0.06990014265335236,0.20502092050209206,0.11120586730342828,0.8887941326965717
YOR204W,-1,66.54895334673802,49,653,5210,190,0.8618485742379548,0.0698005698005698,0.20502092050209206,0.11137642844959918,0.8886235715504008
YHR076W,-1,66.53489705106215,49,654,5209,190,0.8616846935431006,0.06970128022759602,0.20502092050209206,0.11154698959577009,0.88845301040423
YHR063C,-1,66.50232370984219,49,655,5208,190,0.8615208128482464,0.06960227272727272,0.20502092050209206,0.11171755074194098,0.888282449258059
YML101C,-1,66.48057645841153,49,656,5207,190,0.8613569321533924,0.06950354609929078,0.20502092050209206,0.11188811188811189,0.8881118881118881
YHR214C-B,-1,66.45861901686294,49,657,5206,190,0.8611930514585382,0.06940509915014165,0.20502092050209206,0.1120586730342828,0.8879413269657173
YML001W,-1,66.44716367246689,49,658,5205,190,0.861029170763684,0.06930693069306931,0.20502092050209206,0.11222923418045369,0.8877707658195463
YNR016C,-1,66.44643591260824,49,659,5204,190,0.86086529006883,0.0692090395480226,0.20502092050209206,0.1123997953266246,0.8876002046733754
YMR275C,1,66.43229583130935,50,659,5204,189,0.861029170763684,0.07052186177715092,0.20920502092050208,0.1123997953266246,0.8876002046733754
YBR162C,-1,66.43006590282657,50,660,5203,189,0.86086529006883,0.07042253521126761,0.20920502092050208,0.1125703564727955,0.8874296435272045
YBR094W,-1,66.42167093801453,50,661,5202,189,0.8607014093739758,0.07032348804500703,0.20920502092050208,0.1127409176189664,0.8872590823810336
YDL175C,-1,66.29855308980407,50,662,5201,189,0.8605375286791216,0.0702247191011236,0.20920502092050208,0.1129114787651373,0.8870885212348627
YNL126W,-1,66.24167546034369,50,663,5200,189,0.8603736479842674,0.07012622720897616,0.20920502092050208,0.1130820399113082,0.8869179600886918
YKL129C,-1,66.23660735067084,50,664,5199,189,0.8602097672894133,0.0700280112044818,0.20920502092050208,0.11325260105747911,0.8867473989425209
YDL078C,-1,66.22638161779689,50,665,5198,189,0.8600458865945592,0.06993006993006994,0.20920502092050208,0.11342316220365001,0.88657683779635
YDR262W,-1,66.22036192152154,50,666,5197,189,0.859882005899705,0.06983240223463687,0.20920502092050208,0.11359372334982092,0.8864062766501791
YPR019W,-1,66.19689372509413,50,667,5196,189,0.8597181252048509,0.0697350069735007,0.20920502092050208,0.11376428449599181,0.8862357155040081
YGR253C,1,66.11605898406111,51,667,5196,188,0.859882005899705,0.07103064066852367,0.21338912133891214,0.11376428449599181,0.8862357155040081
YNL122C,-1,66.09308635544221,51,668,5195,188,0.8597181252048509,0.07093184979137691,0.21338912133891214,0.11393484564216272,0.8860651543578373
YMR124W,-1,66.07324735366274,51,669,5194,188,0.8595542445099967,0.07083333333333333,0.21338912133891214,0.11410540678833361,0.8858945932116664
YLR128W,1,66.05394994189194,52,669,5194,187,0.8597181252048509,0.07212205270457697,0.2175732217573222,0.11410540678833361,0.8858945932116664
YJL142C,-1,65.93136098133898,52,670,5193,187,0.8595542445099967,0.07202216066481995,0.2175732217573222,0.11427596793450452,0.8857240320654954
YOR378W,-1,65.91299082655166,52,671,5192,187,0.8593903638151426,0.07192254495159059,0.2175732217573222,0.11444652908067542,0.8855534709193246
YML127W,-1,65.7602188525866,52,672,5191,187,0.8592264831202884,0.0718232044198895,0.2175732217573222,0.11461709022684632,0.8853829097731537
YCR077C,-1,65.74671202032442,52,673,5190,187,0.8590626024254343,0.07172413793103448,0.2175732217573222,0.11478765137301723,0.8852123486269827
YBL104C,-1,65.72783072797029,52,674,5189,187,0.8588987217305801,0.07162534435261708,0.2175732217573222,0.11495821251918813,0.8850417874808119
YGR281W,-1,65.70386761906931,52,675,5188,187,0.858734841035726,0.07152682255845942,0.2175732217573222,0.11512877366535904,0.884871226334641
YDR098C,-1,65.70134968015468,52,676,5187,187,0.8585709603408719,0.07142857142857142,0.2175732217573222,0.11529933481152993,0.88470066518847
YNL287W,-1,65.59144016795358,52,677,5186,187,0.8584070796460177,0.07133058984910837,0.2175732217573222,0.11546989595770084,0.8845301040422991
YOL096C,-1,65.5569751798121,52,678,5185,187,0.8582431989511635,0.07123287671232877,0.2175732217573222,0.11564045710387173,0.8843595428961283
YKL058W,-1,65.55325827397135,52,679,5184,187,0.8580793182563095,0.07113543091655267,0.2175732217573222,0.11581101825004264,0.8841889817499574
YBL098W,-1,65.54308570713215,52,680,5183,187,0.8579154375614553,0.07103825136612021,0.2175732217573222,0.11598157939621355,0.8840184206037864
YPR182W,-1,65.44404431227129,52,681,5182,187,0.8577515568666011,0.07094133697135062,0.2175732217573222,0.11615214054238444,0.8838478594576156
YMR231W,-1,65.43794227304619,52,682,5181,187,0.8575876761717469,0.07084468664850137,0.2175732217573222,0.11632270168855535,0.8836772983114447
YEL066W,-1,65.41422650827883,52,683,5180,187,0.8574237954768928,0.0707482993197279,0.2175732217573222,0.11649326283472625,0.8835067371652737
YKL165C,-1,65.41386595675971,52,684,5179,187,0.8572599147820387,0.07065217391304347,0.2175732217573222,0.11666382398089715,0.8833361760191029
YDL133W,-1,65.36037684039911,52,685,5178,187,0.8570960340871845,0.07055630936227951,0.2175732217573222,0.11683438512706805,0.883165614872932
YDR466W,-1,65.35053108405326,52,686,5177,187,0.8569321533923304,0.07046070460704607,0.2175732217573222,0.11700494627323896,0.882995053726761
YFL049W,1,65.31933149326505,53,686,5177,186,0.8570960340871845,0.07171853856562922,0.2217573221757322,0.11700494627323896,0.882995053726761
YDR260C,1,65.29268531092528,54,686,5177,185,0.8572599147820387,0.07297297297297298,0.22594142259414227,0.11700494627323896,0.882995053726761
YBR243C,-1,65.25046728154666,54,687,5176,185,0.8570960340871845,0.0728744939271255,0.22594142259414227,0.11717550741940985,0.8828244925805901
YJR026W,-1,65.16992243080858,54,688,5175,185,0.8569321533923304,0.07277628032345014,0.22594142259414227,0.11734606856558076,0.8826539314344193
YPL155C,-1,65.16617288417075,54,689,5174,185,0.8567682726974762,0.07267833109017496,0.22594142259414227,0.11751662971175167,0.8824833702882483
YJL030W,-1,65.16315316820817,54,690,5173,185,0.8566043920026221,0.07258064516129033,0.22594142259414227,0.11768719085792256,0.8823128091420774
YLR115W,-1,65.15660588801,54,691,5172,185,0.856440511307768,0.07248322147651007,0.22594142259414227,0.11785775200409347,0.8821422479959066
YLR286C,-1,65.00588904943459,54,692,5171,185,0.8562766306129138,0.07238605898123325,0.22594142259414227,0.11802831315026437,0.8819716868497356
YMR028W,-1,64.99900813226576,54,693,5170,185,0.8561127499180596,0.07228915662650602,0.22594142259414227,0.11819887429643527,0.8818011257035647
YMR276W,1,64.91964448345013,55,693,5170,184,0.8562766306129138,0.07352941176470588,0.2301255230125523,0.11819887429643527,0.8818011257035647
YKL155C,-1,64.89813934062589,55,694,5169,184,0.8561127499180596,0.07343124165554073,0.2301255230125523,0.11836943544260617,0.8816305645573939
YNL311C,1,64.88071495839222,56,694,5169,183,0.8562766306129138,0.07466666666666667,0.23430962343096234,0.11836943544260617,0.8816305645573939
YNL083W,-1,64.87450730882932,56,695,5168,183,0.8561127499180596,0.07456724367509987,0.23430962343096234,0.11853999658877708,0.8814600034112229
YBR110W,-1,64.8657746734138,56,696,5167,183,0.8559488692232055,0.07446808510638298,0.23430962343096234,0.11871055773494799,0.881289442265052
YPL053C,-1,64.86221259419972,56,697,5166,183,0.8557849885283514,0.07436918990703852,0.23430962343096234,0.11888111888111888,0.8811188811188811
YPL041C,-1,64.81480301538431,56,698,5165,183,0.8556211078334972,0.07427055702917772,0.23430962343096234,0.11905168002728979,0.8809483199727102
YNL289W,-1,64.81251355267435,56,699,5164,183,0.855457227138643,0.07417218543046358,0.23430962343096234,0.11922224117346068,0.8807777588265393
YLR382C,-1,64.76153431045044,56,700,5163,183,0.855293346443789,0.07407407407407407,0.23430962343096234,0.11939280231963159,0.8806071976803684
YAR003W,-1,64.58558907982983,56,701,5162,183,0.8551294657489348,0.07397622192866579,0.23430962343096234,0.11956336346580249,0.8804366365341975
YOR126C,-1,64.56876710144276,56,702,5161,183,0.8549655850540806,0.07387862796833773,0.23430962343096234,0.1197339246119734,0.8802660753880266
YOR372C,-1,64.56739750157995,56,703,5160,183,0.8548017043592265,0.07378129117259552,0.23430962343096234,0.11990448575814429,0.8800955142418557
YCR093W,-1,64.54028703812253,56,704,5159,183,0.8546378236643724,0.07368421052631578,0.23430962343096234,0.1200750469043152,0.8799249530956847
YKL061W,-1,64.53195345387212,56,705,5158,183,0.8544739429695182,0.0735873850197109,0.23430962343096234,0.1202456080504861,0.8797543919495139
YHR162W,-1,64.52568907727255,56,706,5157,183,0.854310062274664,0.07349081364829396,0.23430962343096234,0.120416169196657,0.879583830803343
YBL003C,-1,64.4472207047377,56,707,5156,183,0.8541461815798099,0.07339449541284404,0.23430962343096234,0.12058673034282791,0.8794132696571721
YGR244C,-1,64.41258924831615,56,708,5155,183,0.8539823008849557,0.07329842931937172,0.23430962343096234,0.1207572914889988,0.8792427085110012
YOR164C,-1,64.40456716530753,56,709,5154,183,0.8538184201901016,0.07320261437908497,0.23430962343096234,0.12092785263516971,0.8790721473648303
YGR080W,-1,64.35814524963557,56,710,5153,183,0.8536545394952475,0.0731070496083551,0.23430962343096234,0.1210984137813406,0.8789015862186594
YDR478W,-1,64.35433270429454,56,711,5152,183,0.8534906588003933,0.07301173402868318,0.23430962343096234,0.12126897492751151,0.8787310250724885
YDR005C,-1,64.33012084920568,56,712,5151,183,0.8533267781055391,0.07291666666666667,0.23430962343096234,0.12143953607368242,0.8785604639263176
YMR209C,-1,64.30682677252065,56,713,5150,183,0.8531628974106851,0.07282184655396619,0.23430962343096234,0.12161009721985332,0.8783899027801467
YGL245W,-1,64.2952626114475,56,714,5149,183,0.8529990167158309,0.07272727272727272,0.23430962343096234,0.12178065836602422,0.8782193416339757
YDL070W,-1,64.28890175725493,56,715,5148,183,0.8528351360209767,0.07263294422827497,0.23430962343096234,0.12195121951219512,0.8780487804878049
YPL064C,-1,64.26417185549937,56,716,5147,183,0.8526712553261225,0.07253886010362694,0.23430962343096234,0.12212178065836603,0.877878219341634
YNL264C,-1,64.24262622499535,56,717,5146,183,0.8525073746312685,0.0724450194049159,0.23430962343096234,0.12229234180453692,0.877707658195463
YBR036C,-1,64.23824576167817,56,718,5145,183,0.8523434939364143,0.07235142118863049,0.23430962343096234,0.12246290295070783,0.8775370970492922
YHR188C,-1,64.1947711841946,56,719,5144,183,0.8521796132415601,0.07225806451612904,0.23430962343096234,0.12263346409687872,0.8773665359031213
YPL268W,-1,64.17253308438967,56,720,5143,183,0.852015732546706,0.07216494845360824,0.23430962343096234,0.12280402524304963,0.8771959747569503
YMR188C,-1,64.16945731269334,56,721,5142,183,0.8518518518518519,0.07207207207207207,0.23430962343096234,0.12297458638922054,0.8770254136107795
YHR132C,-1,64.1678989516144,56,722,5141,183,0.8516879711569977,0.07197943444730077,0.23430962343096234,0.12314514753539144,0.8768548524646086
YLR038C,-1,64.16017205634802,56,723,5140,183,0.8515240904621436,0.07188703465982028,0.23430962343096234,0.12331570868156234,0.8766842913184376
YDR011W,-1,64.096492892902,56,724,5139,183,0.8513602097672894,0.07179487179487179,0.23430962343096234,0.12348626982773324,0.8765137301722667
YFL046W,-1,64.06933276942658,56,725,5138,183,0.8511963290724353,0.07170294494238157,0.23430962343096234,0.12365683097390415,0.8763431690260959
YFR051C,-1,64.06216781467805,56,726,5137,183,0.8510324483775811,0.07161125319693094,0.23430962343096234,0.12382739212007504,0.8761726078799249
YHR135C,-1,64.06168120254279,56,727,5136,183,0.850868567682727,0.07151979565772669,0.23430962343096234,0.12399795326624595,0.876002046733754
YMR211W,-1,64.05060235347696,56,728,5135,183,0.8507046869878728,0.07142857142857142,0.23430962343096234,0.12416851441241686,0.8758314855875832
YML095C,-1,63.972760608876015,56,729,5134,183,0.8505408062930186,0.07133757961783439,0.23430962343096234,0.12433907555858775,0.8756609244414122
YGR038W,-1,63.95042191983017,56,730,5133,183,0.8503769255981646,0.07124681933842239,0.23430962343096234,0.12450963670475866,0.8754903632952413
YER141W,-1,63.93906985301031,56,731,5132,183,0.8502130449033104,0.07115628970775095,0.23430962343096234,0.12468019785092956,0.8753198021490705
YPL091W,-1,63.93770763122288,56,732,5131,183,0.8500491642084562,0.07106598984771574,0.23430962343096234,0.12485075899710046,0.8751492410028996
YML004C,-1,63.931136828667235,56,733,5130,183,0.8498852835136022,0.07097591888466413,0.23430962343096234,0.12502132014327136,0.8749786798567286
YLL007C,-1,63.9295805413858,56,734,5129,183,0.849721402818748,0.07088607594936709,0.23430962343096234,0.12519188128944225,0.8748081187105577
YLR077W,-1,63.9269067904514,56,735,5128,183,0.8495575221238938,0.07079646017699115,0.23430962343096234,0.12536244243561318,0.8746375575643869
YLR039C,-1,63.92093764890414,56,736,5127,183,0.8493936414290396,0.0707070707070707,0.23430962343096234,0.12553300358178407,0.8744669964182159
YDR248C,-1,63.898729620326776,56,737,5126,183,0.8492297607341855,0.07061790668348046,0.23430962343096234,0.12570356472795496,0.874296435272045
YBR078W,-1,63.89803530581664,56,738,5125,183,0.8490658800393314,0.07052896725440806,0.23430962343096234,0.1258741258741259,0.8741258741258742
YDR107C,-1,63.86526737240938,56,739,5124,183,0.8489019993444772,0.07044025157232704,0.23430962343096234,0.12604468702029678,0.8739553129797032
YLR120C,-1,63.82503716706208,56,740,5123,183,0.8487381186496231,0.07035175879396985,0.23430962343096234,0.12621524816646768,0.8737847518335323
YHR024C,-1,63.82450504092139,56,741,5122,183,0.8485742379547689,0.07026348808030113,0.23430962343096234,0.12638580931263857,0.8736141906873615
YML039W,-1,63.8034099520446,56,742,5121,183,0.8484103572599148,0.07017543859649122,0.23430962343096234,0.1265563704588095,0.8734436295411905
YNL241C,-1,63.77794051044881,56,743,5120,183,0.8482464765650606,0.07008760951188986,0.23430962343096234,0.1267269316049804,0.8732730683950196
YPL059W,-1,63.75060336960034,56,744,5119,183,0.8480825958702065,0.07,0.23430962343096234,0.12689749275115128,0.8731025072488487
YCR004C,-1,63.733017650874466,56,745,5118,183,0.8479187151753523,0.06991260923845194,0.23430962343096234,0.1270680538973222,0.8729319461026778
YGR284C,-1,63.699194082583944,56,746,5117,183,0.8477548344804982,0.06982543640897755,0.23430962343096234,0.1272386150434931,0.8727613849565069
YMR034C,-1,63.657979155868816,56,747,5116,183,0.8475909537856441,0.06973848069738481,0.23430962343096234,0.127409176189664,0.872590823810336
YIL004C,-1,63.6423373129536,56,748,5115,183,0.8474270730907899,0.06965174129353234,0.23430962343096234,0.1275797373358349,0.8724202626641651
YBR038W,-1,63.61050182255036,56,749,5114,183,0.8472631923959357,0.06956521739130435,0.23430962343096234,0.1277502984820058,0.8722497015179942
YIL139C,-1,63.551483484044624,56,750,5113,183,0.8470993117010817,0.06947890818858561,0.23430962343096234,0.1279208596281767,0.8720791403718233
YMR315W,-1,63.53621708129867,56,751,5112,183,0.8469354310062275,0.06939281288723669,0.23430962343096234,0.1280914207743476,0.8719085792256523
YNL181W,-1,63.52742211817349,56,752,5111,183,0.8467715503113733,0.06930693069306931,0.23430962343096234,0.12826198192051852,0.8717380180794815
YIR021W,-1,63.5189318710207,56,753,5110,183,0.8466076696165191,0.069221260815822,0.23430962343096234,0.12843254306668941,0.8715674569333106
YGR020C,-1,63.49422457450748,56,754,5109,183,0.846443788921665,0.0691358024691358,0.23430962343096234,0.1286031042128603,0.8713968957871396
YJR086W,-1,63.482322433752415,56,755,5108,183,0.8462799082268109,0.0690505548705302,0.23430962343096234,0.1287736653590312,0.8712263346409688
YER134C,-1,63.456076203030534,56,756,5107,183,0.8461160275319567,0.06896551724137931,0.23430962343096234,0.12894422650520213,0.8710557734947979
YMR056C,-1,63.44498988467981,56,757,5106,183,0.8459521468371026,0.06888068880688807,0.23430962343096234,0.12911478765137302,0.870885212348627
YDR268W,-1,63.417802033815576,56,758,5105,183,0.8457882661422484,0.0687960687960688,0.23430962343096234,0.12928534879754391,0.8707146512024561
YKL167C,-1,63.37845534225946,56,759,5104,183,0.8456243854473943,0.0687116564417178,0.23430962343096234,0.1294559099437148,0.8705440900562852
YDR026C,-1,63.36012309859507,56,760,5103,183,0.8454605047525402,0.06862745098039216,0.23430962343096234,0.12962647108988573,0.8703735289101143
YNR032W,-1,63.226082359772306,56,761,5102,183,0.845296624057686,0.06854345165238677,0.23430962343096234,0.12979703223605663,0.8702029677639433
YHR192W,-1,63.2132983647316,56,762,5101,183,0.8451327433628318,0.06845965770171149,0.23430962343096234,0.12996759338222752,0.8700324066177725
YAR010C,-1,63.207336482650135,56,763,5100,183,0.8449688626679777,0.06837606837606838,0.23430962343096234,0.13013815452839844,0.8698618454716016
YOR005C,-1,63.203758007006215,56,764,5099,183,0.8448049819731236,0.06829268292682927,0.23430962343096234,0.13030871567456934,0.8696912843254306
YNL037C,-1,63.196328535251865,56,765,5098,183,0.8446411012782694,0.0682095006090134,0.23430962343096234,0.13047927682074023,0.8695207231792598
YLR438C-A,-1,63.19164300949499,56,766,5097,183,0.8444772205834152,0.0681265206812652,0.23430962343096234,0.13064983796691113,0.8693501620330889
YOR008C,-1,63.145769767786305,56,767,5096,183,0.8443133398885612,0.06804374240583232,0.23430962343096234,0.13082039911308205,0.8691796008869179
YMR037C,-1,63.11363887022726,56,768,5095,183,0.844149459193707,0.06796116504854369,0.23430962343096234,0.13099096025925294,0.8690090397407471
YMR099C,-1,63.071310653445835,56,769,5094,183,0.8439855784988528,0.06787878787878789,0.23430962343096234,0.13116152140542384,0.8688384785945762
YBR112C,-1,63.070793719202484,56,770,5093,183,0.8438216978039987,0.06779661016949153,0.23430962343096234,0.13133208255159476,0.8686679174484052
YDR379W,-1,63.04838919737739,56,771,5092,183,0.8436578171091446,0.06771463119709795,0.23430962343096234,0.13150264369776565,0.8684973563022343
YDR175C,-1,62.93764959504328,56,772,5091,183,0.8434939364142904,0.06763285024154589,0.23430962343096234,0.13167320484393655,0.8683267951560635
YOL087C,-1,62.9111666316178,56,773,5090,183,0.8433300557194362,0.06755126658624849,0.23430962343096234,0.13184376599010744,0.8681562340098925
YPR082C,-1,62.90051033414639,56,774,5089,183,0.8431661750245821,0.06746987951807229,0.23430962343096234,0.13201432713627836,0.8679856728637216
YER069W,-1,62.838629105709224,56,775,5088,183,0.843002294329728,0.06738868832731648,0.23430962343096234,0.13218488828244926,0.8678151117175508
YJR149W,-1,62.81979079136363,56,776,5087,183,0.8428384136348738,0.0673076923076923,0.23430962343096234,0.13235544942862015,0.8676445505713798
YPR037C,-1,62.76083699298886,56,777,5086,183,0.8426745329400197,0.06722689075630252,0.23430962343096234,0.13252601057479108,0.8674739894252089
YPR097W,-1,62.748291408357545,56,778,5085,183,0.8425106522451655,0.0671462829736211,0.23430962343096234,0.13269657172096197,0.8673034282790381
YBR082C,1,62.74258941718844,57,778,5085,182,0.8426745329400197,0.06826347305389222,0.2384937238493724,0.13269657172096197,0.8673034282790381
YGR286C,-1,62.67014964066931,57,779,5084,182,0.8425106522451655,0.06818181818181818,0.2384937238493724,0.13286713286713286,0.8671328671328671
YOR086C,-1,62.63054912878333,57,780,5083,182,0.8423467715503113,0.06810035842293907,0.2384937238493724,0.13303769401330376,0.8669623059866962
YDR477W,-1,62.62598711405384,57,781,5082,182,0.8421828908554573,0.06801909307875895,0.2384937238493724,0.13320825515947468,0.8667917448405253
YKL185W,-1,62.60457401562628,57,782,5081,182,0.8420190101606031,0.06793802145411204,0.2384937238493724,0.13337881630564558,0.8666211836943545
YPR133C,-1,62.595652793072304,57,783,5080,182,0.8418551294657489,0.06785714285714285,0.2384937238493724,0.13354937745181647,0.8664506225481835
YHR002W,-1,62.552999688273275,57,784,5079,182,0.8416912487708947,0.06777645659928656,0.2384937238493724,0.1337199385979874,0.8662800614020126
YOR089C,-1,62.5495618834247,57,785,5078,182,0.8415273680760407,0.06769596199524941,0.2384937238493724,0.1338904997441583,0.8661095002558418
YHR138C,-1,62.549083216675854,57,786,5077,182,0.8413634873811865,0.06761565836298933,0.2384937238493724,0.13406106089032918,0.8659389391096708
YPL153C,-1,62.53953587766379,57,787,5076,182,0.8411996066863323,0.06753554502369669,0.2384937238493724,0.13423162203650008,0.8657683779634999
YPR021C,-1,62.51815552088209,57,788,5075,182,0.8410357259914782,0.06745562130177515,0.2384937238493724,0.134402183182671,0.8655978168173291
YOR358W,-1,62.465968296043684,57,789,5074,182,0.8408718452966241,0.0673758865248227,0.2384937238493724,0.1345727443288419,0.8654272556711581
YBR115C,-1,62.41066418562026,57,790,5073,182,0.8407079646017699,0.06729634002361275,0.2384937238493724,0.1347433054750128,0.8652566945249872
YER107C,-1,62.38934012553465,57,791,5072,182,0.8405440839069158,0.06721698113207547,0.2384937238493724,0.13491386662118368,0.8650861333788163
YML107C,-1,62.3652709610233,57,792,5071,182,0.8403802032120616,0.06713780918727916,0.2384937238493724,0.1350844277673546,0.8649155722326454
YOR261C,1,62.28577902389425,58,792,5071,181,0.8405440839069158,0.06823529411764706,0.24267782426778242,0.1350844277673546,0.8649155722326454
YDR229W,-1,62.25840279923343,58,793,5070,181,0.8403802032120616,0.0681551116333725,0.24267782426778242,0.1352549889135255,0.8647450110864745
YDR499W,-1,62.22947329656746,58,794,5069,181,0.8402163225172075,0.06807511737089202,0.24267782426778242,0.1354255500596964,0.8645744499403036
YLR105C,-1,62.21599007362593,58,795,5068,181,0.8400524418223533,0.06799531066822978,0.24267782426778242,0.13559611120586731,0.8644038887941327
YAR007C,-1,62.21054521074877,58,796,5067,181,0.8398885611274992,0.06791569086651054,0.24267782426778242,0.1357666723520382,0.8642333276479618
YBR127C,-1,62.19641949664182,58,797,5066,181,0.839724680432645,0.06783625730994151,0.24267782426778242,0.1359372334982091,0.8640627665017909
YNL263C,-1,62.16490159384034,58,798,5065,181,0.8395607997377909,0.06775700934579439,0.24267782426778242,0.13610779464438,0.86389220535562
YJL132W,-1,62.14780382304218,58,799,5064,181,0.8393969190429368,0.0676779463243874,0.24267782426778242,0.13627835579055092,0.8637216442094491
YPR139C,-1,62.11266940091093,58,800,5063,181,0.8392330383480826,0.0675990675990676,0.24267782426778242,0.13644891693672181,0.8635510830632782
YOR278W,-1,62.08458464891573,58,801,5062,181,0.8390691576532284,0.06752037252619325,0.24267782426778242,0.1366194780828927,0.8633805219171072
YOR077W,-1,62.04343938704712,58,802,5061,181,0.8389052769583744,0.06744186046511629,0.24267782426778242,0.13679003922906363,0.8632099607709364
YOR087W,-1,62.040036638495714,58,803,5060,181,0.8387413962635202,0.06736353077816493,0.24267782426778242,0.13696060037523453,0.8630393996247655
YIL070C,-1,62.01131780385739,58,804,5059,181,0.838577515568666,0.06728538283062645,0.24267782426778242,0.13713116152140542,0.8628688384785945
YOL003C,-1,61.97875091794219,58,805,5058,181,0.8384136348738118,0.06720741599073002,0.24267782426778242,0.13730172266757631,0.8626982773324237
YDR032C,-1,61.970752986349225,58,806,5057,181,0.8382497541789578,0.06712962962962964,0.24267782426778242,0.13747228381374724,0.8625277161862528
YKR001C,-1,61.958076223072354,58,807,5056,181,0.8380858734841036,0.06705202312138728,0.24267782426778242,0.13764284495991813,0.8623571550400819
YGR031W,-1,61.8199646209585,58,808,5055,181,0.8379219927892494,0.06697459584295612,0.24267782426778242,0.13781340610608903,0.862186593893911
YHR142W,-1,61.795241841590055,58,809,5054,181,0.8377581120943953,0.06689734717416378,0.24267782426778242,0.13798396725225995,0.8620160327477401
YFR006W,-1,61.78275052206709,58,810,5053,181,0.8375942313995411,0.06682027649769585,0.24267782426778242,0.13815452839843084,0.8618454716015692
YLL050C,-1,61.779476795164726,58,811,5052,181,0.837430350704687,0.0667433831990794,0.24267782426778242,0.13832508954460174,0.8616749104553982
YOL117W,-1,61.70383324333792,58,812,5051,181,0.8372664700098329,0.06666666666666667,0.24267782426778242,0.13849565069077263,0.8615043493092274
YOL088C,-1,61.66892447908056,58,813,5050,181,0.8371025893149787,0.06659012629161883,0.24267782426778242,0.13866621183694355,0.8613337881630565
YDR234W,-1,61.64713419897885,58,814,5049,181,0.8369387086201245,0.06651376146788991,0.24267782426778242,0.13883677298311445,0.8611632270168855
YGR040W,-1,61.604706489776696,58,815,5048,181,0.8367748279252704,0.06643757159221077,0.24267782426778242,0.13900733412928534,0.8609926658707147
YML129C,-1,61.59341447959574,58,816,5047,181,0.8366109472304163,0.06636155606407322,0.24267782426778242,0.13917789527545626,0.8608221047245438
YFL034W,-1,61.58304219133424,58,817,5046,181,0.8364470665355621,0.06628571428571428,0.24267782426778242,0.13934845642162716,0.8606515435783728
YJR074W,-1,61.53953378119472,58,818,5045,181,0.8362831858407079,0.06621004566210045,0.24267782426778242,0.13951901756779805,0.860480982432202
YLR345W,-1,61.50662998305279,58,819,5044,181,0.8361193051458539,0.0661345496009122,0.24267782426778242,0.13968957871396895,0.8603104212860311
YML068W,-1,61.49150050786761,58,820,5043,181,0.8359554244509997,0.06605922551252848,0.24267782426778242,0.13986013986013987,0.8601398601398601
YDR456W,-1,61.423891018822786,58,821,5042,181,0.8357915437561455,0.06598407281001138,0.24267782426778242,0.14003070100631076,0.8599692989936892
YPR165W,-1,61.32703989906188,58,822,5041,181,0.8356276630612913,0.0659090909090909,0.24267782426778242,0.14020126215248166,0.8597987378475184
YOR367W,-1,61.298531890612864,58,823,5040,181,0.8354637823664373,0.06583427922814983,0.24267782426778242,0.14037182329865255,0.8596281767013474
YKL077W,-1,61.28295220246764,58,824,5039,181,0.8352999016715831,0.06575963718820861,0.24267782426778242,0.14054238444482348,0.8594576155551765
YBR035C,-1,61.173212891612565,58,825,5038,181,0.8351360209767289,0.06568516421291053,0.24267782426778242,0.14071294559099437,0.8592870544090057
YOL111C,-1,61.15611056384296,58,826,5037,181,0.8349721402818748,0.06561085972850679,0.24267782426778242,0.14088350673716526,0.8591164932628347
YOL062C,-1,61.125494090990166,58,827,5036,181,0.8348082595870207,0.0655367231638418,0.24267782426778242,0.1410540678833362,0.8589459321166638
YLR278C,-1,61.085376313872985,58,828,5035,181,0.8346443788921665,0.0654627539503386,0.24267782426778242,0.14122462902950708,0.858775370970493
YKR010C,-1,61.016338379069275,58,829,5034,181,0.8344804981973124,0.06538895152198422,0.24267782426778242,0.14139519017567798,0.858604809824322
YML049C,-1,60.98752501138188,58,830,5033,181,0.8343166175024582,0.06531531531531531,0.24267782426778242,0.14156575132184887,0.8584342486781511
YNL065W,-1,60.91943845589735,58,831,5032,181,0.834152736807604,0.06524184476940383,0.24267782426778242,0.1417363124680198,0.8582636875319802
YPL022W,-1,60.898102767503616,58,832,5031,181,0.8339888561127499,0.0651685393258427,0.24267782426778242,0.1419068736141907,0.8580931263858093
YMR236W,-1,60.86528384267615,58,833,5030,181,0.8338249754178958,0.06509539842873176,0.24267782426778242,0.14207743476036158,0.8579225652396384
YJL160C,-1,60.86439440806862,58,834,5029,181,0.8336610947230416,0.06502242152466367,0.24267782426778242,0.1422479959065325,0.8577520040934675
YDR272W,-1,60.85389107733644,58,835,5028,181,0.8334972140281874,0.06494960806270997,0.24267782426778242,0.1424185570527034,0.8575814429472967
YMR046C,-1,60.83749243468628,58,836,5027,181,0.8333333333333334,0.06487695749440715,0.24267782426778242,0.1425891181988743,0.8574108818011257
YIL177C,-1,60.80133376489266,58,837,5026,181,0.8331694526384792,0.06480446927374302,0.24267782426778242,0.1427596793450452,0.8572403206549548
YNL314W,-1,60.7923973340428,58,838,5025,181,0.833005571943625,0.06473214285714286,0.24267782426778242,0.1429302404912161,0.857069759508784
YOL105C,-1,60.771214395419015,58,839,5024,181,0.8328416912487709,0.06465997770345597,0.24267782426778242,0.143100801637387,0.856899198362613
YLR195C,-1,60.76594619710586,58,840,5023,181,0.8326778105539168,0.0645879732739421,0.24267782426778242,0.1432713627835579,0.8567286372164421
YIL109C,-1,60.75344676791414,58,841,5022,181,0.8325139298590626,0.06451612903225806,0.24267782426778242,0.14344192392972882,0.8565580760702712
YMR297W,-1,60.73366522901096,58,842,5021,181,0.8323500491642084,0.06444444444444444,0.24267782426778242,0.14361248507589972,0.8563875149241003
YDR051C,-1,60.69542347022936,58,843,5020,181,0.8321861684693543,0.06437291897891231,0.24267782426778242,0.1437830462220706,0.8562169537779294
YMR047C,-1,60.669663848415574,58,844,5019,181,0.8320222877745002,0.06430155210643015,0.24267782426778242,0.1439536073682415,0.8560463926317585
YMR026C,-1,60.65684275788463,58,845,5018,181,0.831858407079646,0.06423034330011074,0.24267782426778242,0.14412416851441243,0.8558758314855875
YLR360W,1,60.63258277881275,59,845,5018,180,0.8320222877745002,0.06526548672566372,0.24686192468619247,0.14412416851441243,0.8558758314855875
YMR019W,-1,60.58434377356396,59,846,5017,180,0.831858407079646,0.06519337016574586,0.24686192468619247,0.14429472966058332,0.8557052703394167
YIL083C,-1,60.5471715016829,59,847,5016,180,0.8316945263847919,0.06512141280353201,0.24686192468619247,0.14446529080675422,0.8555347091932458
YDL007W,1,60.47578795167582,60,847,5016,179,0.831858407079646,0.06615214994487321,0.2510460251046025,0.14446529080675422,0.8555347091932458
YNL261W,-1,60.41705704081426,60,848,5015,179,0.8316945263847919,0.06607929515418502,0.2510460251046025,0.14463585195292514,0.8553641480470748
YOR042W,-1,60.410080020161104,60,849,5014,179,0.8315306456899377,0.066006600660066,0.2510460251046025,0.14480641309909603,0.855193586900904
YDL240W,-1,60.371858536174386,60,850,5013,179,0.8313667649950836,0.06593406593406594,0.2510460251046025,0.14497697424526693,0.8550230257547331
YPL219W,-1,60.36271062296675,60,851,5012,179,0.8312028843002295,0.06586169045005488,0.2510460251046025,0.14514753539143782,0.8548524646085621
YPR181C,1,60.34866596407934,61,851,5012,178,0.8313667649950836,0.0668859649122807,0.25523012552301255,0.14514753539143782,0.8548524646085621
YCR002C,-1,60.331809396317084,61,852,5011,178,0.8312028843002295,0.06681270536692223,0.25523012552301255,0.14531809653760874,0.8546819034623913
YPR135W,-1,60.31730418663764,61,853,5010,178,0.8310390036053753,0.06673960612691467,0.25523012552301255,0.14548865768377964,0.8545113423162204
YBR109C,-1,60.28740121541773,61,854,5009,178,0.8308751229105211,0.06666666666666667,0.25523012552301255,0.14565921882995053,0.8543407811700494
YJR019C,-1,60.27298329501624,61,855,5008,178,0.830711242215667,0.0665938864628821,0.25523012552301255,0.14582977997612143,0.8541702200238785
YDR188W,-1,60.267116292808964,61,856,5007,178,0.8305473615208129,0.06652126499454744,0.25523012552301255,0.14600034112229235,0.8539996588777077
YDR302W,-1,60.25874265476717,61,857,5006,178,0.8303834808259587,0.0664488017429194,0.25523012552301255,0.14617090226846324,0.8538290977315367
YBR204C,-1,60.2553359488702,61,858,5005,178,0.8302196001311045,0.06637649619151251,0.25523012552301255,0.14634146341463414,0.8536585365853658
YPR055W,-1,60.24448485843841,61,859,5004,178,0.8300557194362504,0.06630434782608696,0.25523012552301255,0.14651202456080506,0.853487975439195
YDR428C,-1,60.24226135141888,61,860,5003,178,0.8298918387413963,0.06623235613463627,0.25523012552301255,0.14668258570697595,0.8533174142930241
YHR127W,-1,60.23934579486005,61,861,5002,178,0.8297279580465421,0.06616052060737528,0.25523012552301255,0.14685314685314685,0.8531468531468531
YDL232W,-1,60.22825672178078,61,862,5001,178,0.829564077351688,0.06608884073672806,0.25523012552301255,0.14702370799931774,0.8529762920006823
YBR177C,-1,60.212721275543096,61,863,5000,178,0.8294001966568338,0.06601731601731602,0.25523012552301255,0.14719426914548867,0.8528057308545114
YGL252C,-1,60.10833783405869,61,864,4999,178,0.8292363159619797,0.06594594594594595,0.25523012552301255,0.14736483029165956,0.8526351697083404
YIL026C,-1,60.06633116991457,61,865,4998,178,0.8290724352671255,0.06587473002159827,0.25523012552301255,0.14753539143783045,0.8524646085621695
YHR172W,-1,60.05700829263589,61,866,4997,178,0.8289085545722714,0.06580366774541532,0.25523012552301255,0.14770595258400138,0.8522940474159987
YGL105W,-1,60.034255004089694,61,867,4996,178,0.8287446738774172,0.06573275862068965,0.25523012552301255,0.14787651373017227,0.8521234862698277
YMR238W,-1,60.015456672938924,61,868,4995,178,0.8285807931825631,0.06566200215285253,0.25523012552301255,0.14804707487634317,0.8519529251236568
YPR157W,-1,60.00660809539977,61,869,4994,178,0.828416912487709,0.06559139784946237,0.25523012552301255,0.14821763602251406,0.851782363977486
YKL002W,1,59.98244946964886,62,869,4994,177,0.8285807931825631,0.06659505907626208,0.2594142259414226,0.14821763602251406,0.851782363977486
YFR049W,-1,59.97586106835334,62,870,4993,177,0.828416912487709,0.06652360515021459,0.2594142259414226,0.14838819716868498,0.851611802831315
YDL135C,-1,59.964911177559124,62,871,4992,177,0.8282530317928548,0.06645230439442658,0.2594142259414226,0.14855875831485588,0.8514412416851441
YBR278W,-1,59.94240487395674,62,872,4991,177,0.8280891510980006,0.06638115631691649,0.2594142259414226,0.14872931946102677,0.8512706805389733
YNL136W,-1,59.92202300201336,62,873,4990,177,0.8279252704031466,0.06631016042780749,0.2594142259414226,0.1488998806071977,0.8511001193928023
YJR088C,-1,59.919111614370195,62,874,4989,177,0.8277613897082924,0.06623931623931624,0.2594142259414226,0.1490704417533686,0.8509295582466314
YDL012C,-1,59.91743130070972,62,875,4988,177,0.8275975090134382,0.06616862326574173,0.2594142259414226,0.14924100289953948,0.8507589971004605
YLR353W,-1,59.88272111405324,62,876,4987,177,0.827433628318584,0.06609808102345416,0.2594142259414226,0.14941156404571038,0.8505884359542896
YLR011W,-1,59.85252199077623,62,877,4986,177,0.82726974762373,0.06602768903088392,0.2594142259414226,0.1495821251918813,0.8504178748081187
YLL023C,-1,59.81409664759025,62,878,4985,177,0.8271058669288758,0.06595744680851064,0.2594142259414226,0.1497526863380522,0.8502473136619478
YPL147W,-1,59.800103234428114,62,879,4984,177,0.8269419862340216,0.06588735387885228,0.2594142259414226,0.1499232474842231,0.8500767525157769
YBR282W,-1,59.73249405571246,62,880,4983,177,0.8267781055391675,0.06581740976645435,0.2594142259414226,0.150093808630394,0.849906191369606
YPL103C,-1,59.684642946020546,62,881,4982,177,0.8266142248443134,0.06574761399787911,0.2594142259414226,0.1502643697765649,0.8497356302234351
YOR292C,-1,59.67662494098886,62,882,4981,177,0.8264503441494592,0.06567796610169492,0.2594142259414226,0.1504349309227358,0.8495650690772641
YDL128W,-1,59.66450997541617,62,883,4980,177,0.8262864634546051,0.0656084656084656,0.2594142259414226,0.1506054920689067,0.8493945079310933
YER136W,-1,59.653591897772,62,884,4979,177,0.8261225827597509,0.06553911205073996,0.2594142259414226,0.15077605321507762,0.8492239467849224
YML015C,-1,59.648095360138086,62,885,4978,177,0.8259587020648967,0.06546990496304118,0.2594142259414226,0.1509466143612485,0.8490533856387515
YKL126W,-1,59.636773895558605,62,886,4977,177,0.8257948213700426,0.06540084388185655,0.2594142259414226,0.1511171755074194,0.8488828244925806
YHR073W,-1,59.633432221965904,62,887,4976,177,0.8256309406751885,0.06533192834562697,0.2594142259414226,0.1512877366535903,0.8487122633464097
YGR147C,-1,59.59994269653681,62,888,4975,177,0.8254670599803343,0.06526315789473684,0.2594142259414226,0.15145829779976122,0.8485417022002388
YGL059W,-1,59.58504948824606,62,889,4974,177,0.8253031792854801,0.06519453207150368,0.2594142259414226,0.15162885894593212,0.8483711410540679
YKR014C,-1,59.5564725958914,62,890,4973,177,0.8251392985906261,0.06512605042016807,0.2594142259414226,0.151799420092103,0.848200579907897
YNL250W,-1,59.495808280543784,62,891,4972,177,0.8249754178957719,0.06505771248688352,0.2594142259414226,0.15196998123827393,0.8480300187617261
YGL011C,1,59.487489689844985,63,891,4972,176,0.8251392985906261,0.0660377358490566,0.26359832635983266,0.15196998123827393,0.8480300187617261
YCR030C,-1,59.48274545513459,63,892,4971,176,0.8249754178957719,0.06596858638743455,0.26359832635983266,0.15214054238444483,0.8478594576155551
YOR316C,-1,59.44678593512383,63,893,4970,176,0.8248115372009177,0.06589958158995816,0.26359832635983266,0.15231110353061572,0.8476888964693843
YGL150C,-1,59.43817034336237,63,894,4969,176,0.8246476565060635,0.06583072100313479,0.26359832635983266,0.15248166467678662,0.8475183353232134
YLR250W,-1,59.43297021539926,63,895,4968,176,0.8244837758112095,0.06576200417536535,0.26359832635983266,0.15265222582295754,0.8473477741770424
YNL197C,-1,59.39497758327798,63,896,4967,176,0.8243198951163553,0.06569343065693431,0.26359832635983266,0.15282278696912843,0.8471772130308716
YPR045C,-1,59.390011529260846,63,897,4966,176,0.8241560144215011,0.065625,0.26359832635983266,0.15299334811529933,0.8470066518847007
YGL157W,-1,59.35961301957377,63,898,4965,176,0.823992133726647,0.06555671175858481,0.26359832635983266,0.15316390926147025,0.8468360907385297
YBR017C,-1,59.324864496778474,63,899,4964,176,0.8238282530317929,0.06548856548856549,0.26359832635983266,0.15333447040764114,0.8466655295923589
YJR118C,-1,59.311842985186146,63,900,4963,176,0.8236643723369387,0.06542056074766354,0.26359832635983266,0.15350503155381204,0.846494968446188
YMR200W,-1,59.299740105213885,63,901,4962,176,0.8235004916420846,0.06535269709543569,0.26359832635983266,0.15367559269998293,0.846324407300017
YNR001C,-1,59.258379233772054,63,902,4961,176,0.8233366109472304,0.06528497409326425,0.26359832635983266,0.15384615384615385,0.8461538461538461
YHR035W,-1,59.24227710190462,63,903,4960,176,0.8231727302523763,0.06521739130434782,0.26359832635983266,0.15401671499232475,0.8459832850076753
YBR139W,-1,59.23161162206861,63,904,4959,176,0.8230088495575221,0.06514994829369183,0.26359832635983266,0.15418727613849564,0.8458127238615043
YOR147W,-1,59.226762954905766,63,905,4958,176,0.822844968862668,0.06508264462809918,0.26359832635983266,0.15435783728466657,0.8456421627153334
YFL066C,-1,59.223433207167545,63,906,4957,176,0.8226810881678138,0.06501547987616099,0.26359832635983266,0.15452839843083746,0.8454716015691626
YIL043C,-1,59.221123390740956,63,907,4956,176,0.8225172074729596,0.06494845360824743,0.26359832635983266,0.15469895957700835,0.8453010404229916
YDR371W,-1,59.21367153670199,63,908,4955,176,0.8223533267781056,0.06488156539649846,0.26359832635983266,0.15486952072317925,0.8451304792768207
YJL074C,-1,59.20850957203387,63,909,4954,176,0.8221894460832514,0.06481481481481481,0.26359832635983266,0.15504008186935017,0.8449599181306499
YDL058W,-1,59.203089979975026,63,910,4953,176,0.8220255653883972,0.06474820143884892,0.26359832635983266,0.15521064301552107,0.844789356984479
YMR161W,1,59.18762331375423,64,910,4953,175,0.8221894460832514,0.06570841889117043,0.26778242677824265,0.15521064301552107,0.844789356984479
YDR352W,-1,59.14183314348338,64,911,4952,175,0.8220255653883972,0.06564102564102564,0.26778242677824265,0.15538120416169196,0.844618795838308
YBR254C,-1,59.10925643757815,64,912,4951,175,0.8218616846935431,0.06557377049180328,0.26778242677824265,0.15555176530786288,0.8444482346921371
YBL031W,-1,59.08504646078552,64,913,4950,175,0.821697803998689,0.06550665301944729,0.26778242677824265,0.15572232645403378,0.8442776735459663
YML132W,-1,59.032890231291375,64,914,4949,175,0.8215339233038348,0.065439672801636,0.26778242677824265,0.15589288760020467,0.8441071123997953
YIR033W,-1,59.00692991022934,64,915,4948,175,0.8213700426089806,0.06537282941777324,0.26778242677824265,0.15606344874637557,0.8439365512536244
YOR298C-A,-1,58.993467963066756,64,916,4947,175,0.8212061619141265,0.0653061224489796,0.26778242677824265,0.1562340098925465,0.8437659901074536
YMR083W,-1,58.98192839609031,64,917,4946,175,0.8210422812192724,0.0652395514780836,0.26778242677824265,0.15640457103871738,0.8435954289612826
YML040W,-1,58.962402113043936,64,918,4945,175,0.8208784005244182,0.06517311608961303,0.26778242677824265,0.15657513218488828,0.8434248678151117
YOR085W,-1,58.948610909229664,64,919,4944,175,0.8207145198295641,0.06510681586978637,0.26778242677824265,0.15674569333105917,0.8432543066689409
YFR029W,-1,58.922082989329155,64,920,4943,175,0.8205506391347099,0.06504065040650407,0.26778242677824265,0.1569162544772301,0.8430837455227699
YFL036W,-1,58.88546222765379,64,921,4942,175,0.8203867584398558,0.0649746192893401,0.26778242677824265,0.157086815623401,0.842913184376599
YKL080W,-1,58.86880084328472,64,922,4941,175,0.8202228777450017,0.06490872210953347,0.26778242677824265,0.15725737676957188,0.8427426232304281
YGL185C,-1,58.86101164091451,64,923,4940,175,0.8200589970501475,0.06484295845997974,0.26778242677824265,0.1574279379157428,0.8425720620842572
YOR362C,1,58.85925527799856,65,923,4940,174,0.8202228777450017,0.06578947368421052,0.2719665271966527,0.1574279379157428,0.8425720620842572
YLR265C,-1,58.820037649350525,65,924,4939,174,0.8200589970501475,0.06572295247724974,0.2719665271966527,0.1575984990619137,0.8424015009380863
YDR538W,-1,58.80737491878575,65,925,4938,174,0.8198951163552933,0.06565656565656566,0.2719665271966527,0.1577690602080846,0.8422309397919154
YHR124W,-1,58.790126535760024,65,926,4937,174,0.8197312356604392,0.06559031281533804,0.2719665271966527,0.1579396213542555,0.8420603786457445
YPR052C,-1,58.76395457396228,65,927,4936,174,0.8195673549655851,0.0655241935483871,0.2719665271966527,0.1581101825004264,0.8418898174995736
YIL041W,-1,58.7634806972289,65,928,4935,174,0.8194034742707309,0.06545820745216516,0.2719665271966527,0.1582807436465973,0.8417192563534027
YNL249C,-1,58.72827297136054,65,929,4934,174,0.8192395935758767,0.06539235412474849,0.2719665271966527,0.1584513047927682,0.8415486952072317
YFL062W,-1,58.718003679701496,65,930,4933,174,0.8190757128810227,0.06532663316582915,0.2719665271966527,0.15862186593893912,0.8413781340610609
YCL032W,-1,58.70162610767086,65,931,4932,174,0.8189118321861685,0.06526104417670683,0.2719665271966527,0.15879242708511002,0.84120757291489
YKL214C,-1,58.70072791089797,65,932,4931,174,0.8187479514913143,0.06519558676028084,0.2719665271966527,0.1589629882312809,0.841037011768719
YJR040W,-1,58.688779437810865,65,933,4930,174,0.8185840707964602,0.06513026052104208,0.2719665271966527,0.1591335493774518,0.8408664506225482
YPL241C,-1,58.64501805084534,65,934,4929,174,0.818420190101606,0.06506506506506507,0.2719665271966527,0.15930411052362273,0.8406958894763773
YLL016W,-1,58.63660160753852,65,935,4928,174,0.8182563094067519,0.065,0.2719665271966527,0.15947467166979362,0.8405253283302064
YER001W,-1,58.61657480745056,65,936,4927,174,0.8180924287118977,0.06493506493506493,0.2719665271966527,0.15964523281596452,0.8403547671840355
YGL211W,-1,58.59423759669562,65,937,4926,174,0.8179285480170436,0.06487025948103792,0.2719665271966527,0.15981579396213544,0.8401842060378646
YDL200C,-1,58.565204373453746,65,938,4925,174,0.8177646673221894,0.06480558325024925,0.2719665271966527,0.15998635510830633,0.8400136448916937
YGL015C,-1,58.49696873582434,65,939,4924,174,0.8176007866273353,0.0647410358565737,0.2719665271966527,0.16015691625447723,0.8398430837455227
YPR071W,-1,58.47039459739608,65,940,4923,174,0.8174369059324812,0.06467661691542288,0.2719665271966527,0.16032747740064812,0.8396725225993519
YPR066W,1,58.45413542664769,66,940,4923,173,0.8176007866273353,0.06560636182902585,0.27615062761506276,0.16032747740064812,0.8396725225993519
YDR243C,-1,58.422558339866214,66,941,4922,173,0.8174369059324812,0.06554121151936444,0.27615062761506276,0.16049803854681904,0.839501961453181
YCR012W,-1,58.407260258253885,66,942,4921,173,0.817273025237627,0.06547619047619048,0.27615062761506276,0.16066859969298994,0.83933140030701
YDR194C,-1,58.390282098626464,66,943,4920,173,0.8171091445427728,0.06541129831516353,0.27615062761506276,0.16083916083916083,0.8391608391608392
YGR105W,-1,58.32869124756536,66,944,4919,173,0.8169452638479188,0.06534653465346535,0.27615062761506276,0.16100972198533176,0.8389902780146683
YBR201W,1,58.32523357360614,67,944,4919,172,0.8171091445427728,0.06627101879327399,0.2803347280334728,0.16100972198533176,0.8389902780146683
YGL107C,-1,58.291703912337425,67,945,4918,172,0.8169452638479188,0.06620553359683795,0.2803347280334728,0.16118028313150265,0.8388197168684973
YLR273C,-1,58.26947018604048,67,946,4917,172,0.8167813831530646,0.06614017769002961,0.2803347280334728,0.16135084427767354,0.8386491557223265
YJL055W,-1,58.261014916750355,67,947,4916,172,0.8166175024582104,0.06607495069033531,0.2803347280334728,0.16152140542384444,0.8384785945761556
YKR027W,-1,58.23202435324697,67,948,4915,172,0.8164536217633562,0.06600985221674877,0.2803347280334728,0.16169196657001536,0.8383080334299846
YDR178W,-1,58.20272812514746,67,949,4914,172,0.8162897410685022,0.06594488188976377,0.2803347280334728,0.16186252771618626,0.8381374722838137
YDR099W,-1,58.18091489666168,67,950,4913,172,0.816125860373648,0.06588003933136677,0.2803347280334728,0.16203308886235715,0.8379669111376429
YIR022W,-1,58.17702535160299,67,951,4912,172,0.8159619796787938,0.06581532416502947,0.2803347280334728,0.16220365000852804,0.8377963499914719
YER177W,-1,58.129728714495094,67,952,4911,172,0.8157980989839397,0.06575073601570167,0.2803347280334728,0.16237421115469897,0.837625788845301
YDR100W,-1,58.12384991156725,67,953,4910,172,0.8156342182890856,0.06568627450980392,0.2803347280334728,0.16254477230086986,0.8374552276991302
YDR519W,-1,58.067174781864345,67,954,4909,172,0.8154703375942314,0.06562193927522038,0.2803347280334728,0.16271533344704076,0.8372846665529592
YDR498C,-1,58.03728953596806,67,955,4908,172,0.8153064568993773,0.06555772994129158,0.2803347280334728,0.16288589459321168,0.8371141054067883
YLR356W,-1,57.93401830323529,67,956,4907,172,0.8151425762045231,0.06549364613880743,0.2803347280334728,0.16305645573938257,0.8369435442606175
YJL145W,-1,57.90443252542073,67,957,4906,172,0.814978695509669,0.0654296875,0.2803347280334728,0.16322701688555347,0.8367729831144465
YJR137C,-1,57.901913253328395,67,958,4905,172,0.8148148148148148,0.06536585365853659,0.2803347280334728,0.16339757803172436,0.8366024219682756
YDR444W,-1,57.878233563925505,67,959,4904,172,0.8146509341199607,0.06530214424951267,0.2803347280334728,0.16356813917789528,0.8364318608221047
YPL066W,-1,57.87040956875717,67,960,4903,172,0.8144870534251065,0.06523855890944498,0.2803347280334728,0.16373870032406618,0.8362612996759338
YGR276C,-1,57.84077630800621,67,961,4902,172,0.8143231727302523,0.0651750972762646,0.2803347280334728,0.16390926147023707,0.8360907385297629
YLR225C,-1,57.83703916041941,67,962,4901,172,0.8141592920353983,0.06511175898931001,0.2803347280334728,0.164079822616408,0.835920177383592
YCR036W,-1,57.81528776643309,67,963,4900,172,0.8139954113405441,0.06504854368932039,0.2803347280334728,0.1642503837625789,0.8357496162374212
YIL149C,-1,57.81319837421135,67,964,4899,172,0.8138315306456899,0.06498545101842872,0.2803347280334728,0.16442094490874978,0.8355790550912502
YGR169C,-1,57.811639379475636,67,965,4898,172,0.8136676499508357,0.06492248062015504,0.2803347280334728,0.16459150605492068,0.8354084939450793
YDR387C,-1,57.809139776999245,67,966,4897,172,0.8135037692559817,0.06485963213939981,0.2803347280334728,0.1647620672010916,0.8352379327989085
YBR229C,-1,57.80574804747911,67,967,4896,172,0.8133398885611275,0.06479690522243714,0.2803347280334728,0.1649326283472625,0.8350673716527375
YOL107W,-1,57.77488286542939,67,968,4895,172,0.8131760078662733,0.0647342995169082,0.2803347280334728,0.1651031894934334,0.8348968105065666
YHR082C,-1,57.764928265278016,67,969,4894,172,0.8130121271714192,0.06467181467181467,0.2803347280334728,0.1652737506396043,0.8347262493603957
YKL146W,-1,57.76023289786657,67,970,4893,172,0.8128482464765651,0.06460945033751206,0.2803347280334728,0.1654443117857752,0.8345556882142248
YBL002W,-1,57.73816778616254,67,971,4892,172,0.8126843657817109,0.06454720616570328,0.2803347280334728,0.1656148729319461,0.8343851270680539
YNR007C,1,57.72406101295072,68,971,4892,171,0.8128482464765651,0.06544754571703561,0.28451882845188287,0.1656148729319461,0.8343851270680539
YOR081C,-1,57.68849430388377,68,972,4891,171,0.8126843657817109,0.06538461538461539,0.28451882845188287,0.165785434078117,0.834214565921883
YBR220C,-1,57.67720819823444,68,973,4890,171,0.8125204850868568,0.06532180595581172,0.28451882845188287,0.16595599522428792,0.8340440047757121
YOR332W,-1,57.66330868573767,68,974,4889,171,0.8123566043920026,0.06525911708253358,0.28451882845188287,0.1661265563704588,0.8338734436295412
YHR044C,-1,57.6353732336106,68,975,4888,171,0.8121927236971485,0.06519654841802493,0.28451882845188287,0.1662971175166297,0.8337028824833703
YHR117W,-1,57.6211224244511,68,976,4887,171,0.8120288430022943,0.06513409961685823,0.28451882845188287,0.16646767866280063,0.8335323213371993
YKR095W,-1,57.59124123142573,68,977,4886,171,0.8118649623074402,0.06507177033492823,0.28451882845188287,0.16663823980897152,0.8333617601910285
YMR119W,1,57.52894172354104,69,977,4886,170,0.8120288430022943,0.06596558317399617,0.28870292887029286,0.16663823980897152,0.8333617601910285
YDL126C,1,57.527758087609136,70,977,4886,169,0.8121927236971485,0.06685768863419293,0.2928870292887029,0.16663823980897152,0.8333617601910285
YMR088C,-1,57.5122016555606,70,978,4885,169,0.8120288430022943,0.06679389312977099,0.2928870292887029,0.16680880095514242,0.8331911990448576
YPL111W,-1,57.5049783649775,70,979,4884,169,0.8118649623074402,0.0667302192564347,0.2928870292887029,0.1669793621013133,0.8330206378986866
YJL173C,-1,57.441063086570765,70,980,4883,169,0.811701081612586,0.06666666666666667,0.2928870292887029,0.16714992324748423,0.8328500767525158
YOR299W,-1,57.40880728705247,70,981,4882,169,0.8115372009177318,0.06660323501427212,0.2928870292887029,0.16732048439365513,0.8326795156063449
YKL208W,-1,57.40276027607706,70,982,4881,169,0.8113733202228778,0.06653992395437262,0.2928870292887029,0.16749104553982602,0.8325089544601739
YGL100W,-1,57.39042860416891,70,983,4880,169,0.8112094395280236,0.06647673314339982,0.2928870292887029,0.16766160668599692,0.832338393314003
YKL104C,-1,57.384018984953265,70,984,4879,169,0.8110455588331694,0.06641366223908918,0.2928870292887029,0.16783216783216784,0.8321678321678322
YGR216C,-1,57.38175430495549,70,985,4878,169,0.8108816781383154,0.06635071090047394,0.2928870292887029,0.16800272897833873,0.8319972710216612
YIL006W,-1,57.35038802785999,70,986,4877,169,0.8107177974434612,0.06628787878787878,0.2928870292887029,0.16817329012450963,0.8318267098754903
YBR274W,-1,57.34401437165498,70,987,4876,169,0.810553916748607,0.06622516556291391,0.2928870292887029,0.16834385127068055,0.8316561487293195
YGL027C,-1,57.33287387410495,70,988,4875,169,0.8103900360537528,0.0661625708884688,0.2928870292887029,0.16851441241685144,0.8314855875831486
YDR036C,-1,57.29941954024952,70,989,4874,169,0.8102261553588987,0.06610009442870633,0.2928870292887029,0.16868497356302234,0.8313150264369776
YDL045C,-1,57.287869775020965,70,990,4873,169,0.8100622746640446,0.0660377358490566,0.2928870292887029,0.16885553470919323,0.8311444652908068
YNR034W,-1,57.27408802864102,70,991,4872,169,0.8098983939691904,0.06597549481621112,0.2928870292887029,0.16902609585536416,0.8309739041446359
YDR258C,-1,57.27066714146,70,992,4871,169,0.8097345132743363,0.06591337099811675,0.2928870292887029,0.16919665700153505,0.8308033429984649
YNL268W,-1,57.241267083224045,70,993,4870,169,0.8095706325794821,0.0658513640639699,0.2928870292887029,0.16936721814770594,0.830632781852294
YML009C,-1,57.240314175759245,70,994,4869,169,0.809406751884628,0.06578947368421052,0.2928870292887029,0.16953777929387687,0.8304622207061232
YKL127W,-1,57.2391546117326,70,995,4868,169,0.8092428711897739,0.06572769953051644,0.2928870292887029,0.16970834044004776,0.8302916595599522
YCL030C,-1,57.221993059651695,70,996,4867,169,0.8090789904949197,0.06566604127579738,0.2928870292887029,0.16987890158621866,0.8301210984137813
YER144C,1,57.210109332745965,71,996,4867,168,0.8092428711897739,0.06654170571696345,0.29707112970711297,0.16987890158621866,0.8301210984137813
YGR206W,-1,57.20758499302906,71,997,4866,168,0.8090789904949197,0.06647940074906367,0.29707112970711297,0.17004946273238955,0.8299505372676105
YPR128C,-1,57.177731461427484,71,998,4865,168,0.8089151098000655,0.06641721234798878,0.29707112970711297,0.17022002387856047,0.8297799761214395
YDL216C,-1,57.172280848958465,71,999,4864,168,0.8087512291052114,0.06635514018691589,0.29707112970711297,0.17039058502473137,0.8296094149752686
YDR363W,-1,57.13266234774096,71,1000,4863,168,0.8085873484103573,0.06629318394024276,0.29707112970711297,0.17056114617090226,0.8294388538290978
YAL038W,-1,57.12749634878483,71,1001,4862,168,0.8084234677155031,0.06623134328358209,0.29707112970711297,0.17073170731707318,0.8292682926829268
YLR386W,-1,57.10621048873961,71,1002,4861,168,0.8082595870206489,0.06616961789375582,0.29707112970711297,0.17090226846324408,0.8290977315367559
YJR100C,-1,57.08138129227882,71,1003,4860,168,0.8080957063257949,0.06610800744878957,0.29707112970711297,0.17107282960941497,0.828927170390585
YKR054C,-1,57.06759749630308,71,1004,4859,168,0.8079318256309407,0.06604651162790698,0.29707112970711297,0.17124339075558587,0.8287566092444141
YOR025W,-1,57.05460761111406,71,1005,4858,168,0.8077679449360865,0.06598513011152417,0.29707112970711297,0.1714139519017568,0.8285860480982432
YDL025C,-1,57.02959729833583,71,1006,4857,168,0.8076040642412324,0.06592386258124419,0.29707112970711297,0.17158451304792768,0.8284154869520723
YPL171C,-1,57.01479459471034,71,1007,4856,168,0.8074401835463783,0.06586270871985157,0.29707112970711297,0.17175507419409858,0.8282449258059014
YJL081C,-1,57.01402942607427,71,1008,4855,168,0.8072763028515241,0.06580166821130677,0.29707112970711297,0.1719256353402695,0.8280743646597305
YOL049W,-1,57.00884198935159,71,1009,4854,168,0.8071124221566699,0.06574074074074074,0.29707112970711297,0.1720961964864404,0.8279038035135596
YNL297C,-1,56.988159725164714,71,1010,4853,168,0.8069485414618158,0.06567992599444958,0.29707112970711297,0.1722667576326113,0.8277332423673887
YHR118C,-1,56.97827602560565,71,1011,4852,168,0.8067846607669616,0.06561922365988909,0.29707112970711297,0.17243731877878218,0.8275626812212178
YDR131C,1,56.968410140805645,72,1011,4852,167,0.8069485414618158,0.0664819944598338,0.301255230125523,0.17243731877878218,0.8275626812212178
YOR159C,-1,56.96840882930591,72,1012,4851,167,0.8067846607669616,0.06642066420664207,0.301255230125523,0.1726078799249531,0.8273921200750469
YNL251C,-1,56.941870713811,72,1013,4850,167,0.8066207800721075,0.0663594470046083,0.301255230125523,0.172778441071124,0.827221558928876
YBR028C,-1,56.92871466539452,72,1014,4849,167,0.8064568993772534,0.06629834254143646,0.301255230125523,0.1729490022172949,0.8270509977827051
YOL161C,-1,56.92867198827071,72,1015,4848,167,0.8062930186823992,0.06623735050597976,0.301255230125523,0.1731195633634658,0.8268804366365342
YEL058W,-1,56.9268869992743,72,1016,4847,167,0.806129137987545,0.0661764705882353,0.301255230125523,0.1732901245096367,0.8267098754903633
YPL074W,-1,56.91387878775666,72,1017,4846,167,0.805965257292691,0.06611570247933884,0.301255230125523,0.1734606856558076,0.8265393143441924
YGL018C,-1,56.91268478836173,72,1018,4845,167,0.8058013765978368,0.06605504587155964,0.301255230125523,0.1736312468019785,0.8263687531980215
YDR525W-A,-1,56.90543018587685,72,1019,4844,167,0.8056374959029826,0.06599450045829514,0.301255230125523,0.17380180794814942,0.8261981920518506
YGR058W,-1,56.8900614813042,72,1020,4843,167,0.8054736152081284,0.06593406593406594,0.301255230125523,0.17397236909432032,0.8260276309056797
YPL140C,-1,56.882465395821015,72,1021,4842,167,0.8053097345132744,0.06587374199451052,0.301255230125523,0.1741429302404912,0.8258570697595088
YOR125C,-1,56.81993227935085,72,1022,4841,167,0.8051458538184202,0.06581352833638025,0.301255230125523,0.1743134913866621,0.8256865086133379
YHR152W,-1,56.80198994651617,72,1023,4840,167,0.804981973123566,0.06575342465753424,0.301255230125523,0.17448405253283303,0.8255159474671669
YPL065W,1,56.77457564675569,73,1023,4840,166,0.8051458538184202,0.0666058394160584,0.3054393305439331,0.17448405253283303,0.8255159474671669
YJR133W,-1,56.765840895826734,73,1024,4839,166,0.804981973123566,0.06654512306289881,0.3054393305439331,0.17465461367900392,0.8253453863209961
YKL067W,-1,56.75388886340488,73,1025,4838,166,0.8048180924287119,0.06648451730418943,0.3054393305439331,0.17482517482517482,0.8251748251748252
YBR258C,-1,56.74070939664122,73,1026,4837,166,0.8046542117338578,0.06642402183803457,0.3054393305439331,0.17499573597134574,0.8250042640286542
YLR098C,-1,56.70933769094438,73,1027,4836,166,0.8044903310390036,0.06636363636363636,0.3054393305439331,0.17516629711751663,0.8248337028824834
YJL097W,-1,56.69005485971586,73,1028,4835,166,0.8043264503441495,0.06630336058128973,0.3054393305439331,0.17533685826368753,0.8246631417363125
YGR056W,-1,56.64180007546656,73,1029,4834,166,0.8041625696492953,0.0662431941923775,0.3054393305439331,0.17550741940985842,0.8244925805901415
YER153C,-1,56.62132447100981,73,1030,4833,166,0.8039986889544412,0.06618313689936536,0.3054393305439331,0.17567798055602935,0.8243220194439707
YIL106W,-1,56.617640108392415,73,1031,4832,166,0.803834808259587,0.0661231884057971,0.3054393305439331,0.17584854170220024,0.8241514582977998
YPL115C,-1,56.61637846614436,73,1032,4831,166,0.8036709275647329,0.0660633484162896,0.3054393305439331,0.17601910284837113,0.8239808971516288
YLR407W,-1,56.60391814594459,73,1033,4830,166,0.8035070468698787,0.06600361663652803,0.3054393305439331,0.17618966399454206,0.8238103360054579
YEL001C,-1,56.55180834198963,73,1034,4829,166,0.8033431661750245,0.06594399277326106,0.3054393305439331,0.17636022514071295,0.8236397748592871
YDL002C,-1,56.53554831156781,73,1035,4828,166,0.8031792854801705,0.06588447653429604,0.3054393305439331,0.17653078628688385,0.8234692137131161
YER163C,-1,56.52713214554933,73,1036,4827,166,0.8030154047853163,0.06582506762849413,0.3054393305439331,0.17670134743305474,0.8232986525669452
YDR529C,-1,56.52157652389824,73,1037,4826,166,0.8028515240904621,0.06576576576576576,0.3054393305439331,0.17687190857922566,0.8231280914207744
YNL016W,-1,56.50843327575962,73,1038,4825,166,0.802687643395608,0.06570657065706571,0.3054393305439331,0.17704246972539656,0.8229575302746035
YNL046W,-1,56.50413930644845,73,1039,4824,166,0.8025237627007539,0.06564748201438848,0.3054393305439331,0.17721303087156745,0.8227869691284325
YBR125C,-1,56.49063118847812,73,1040,4823,166,0.8023598820058997,0.06558849955076371,0.3054393305439331,0.17738359201773837,0.8226164079822617
YJR049C,-1,56.4762741368367,73,1041,4822,166,0.8021960013110455,0.06552962298025135,0.3054393305439331,0.17755415316390927,0.8224458468360908
YDR265W,-1,56.45918308870651,73,1042,4821,166,0.8020321206161914,0.06547085201793722,0.3054393305439331,0.17772471431008016,0.8222752856899198
YGL227W,1,56.41588984211296,74,1042,4821,165,0.8021960013110455,0.06630824372759857,0.30962343096234307,0.17772471431008016,0.8222752856899198
YKL204W,-1,56.380353208863454,74,1043,4820,165,0.8020321206161914,0.06624888093106536,0.30962343096234307,0.17789527545625106,0.8221047245437489
YBL100W-A,-1,56.374463703301444,74,1044,4819,165,0.8018682399213373,0.06618962432915922,0.30962343096234307,0.17806583660242198,0.8219341633975781
YML010W,-1,56.37381956277158,74,1045,4818,165,0.8017043592264831,0.06613047363717604,0.30962343096234307,0.17823639774859287,0.8217636022514071
YDL198C,-1,56.341899553147414,74,1046,4817,165,0.801540478531629,0.06607142857142857,0.30962343096234307,0.17840695889476377,0.8215930411052362
YLR078C,-1,56.336227994106025,74,1047,4816,165,0.8013765978367748,0.06601248884924175,0.30962343096234307,0.17857752004093466,0.8214224799590654
YDL106C,-1,56.309837441015205,74,1048,4815,165,0.8012127171419207,0.0659536541889483,0.30962343096234307,0.17874808118710558,0.8212519188128944
YBR199W,-1,56.284598631040566,74,1049,4814,165,0.8010488364470665,0.06589492430988424,0.30962343096234307,0.17891864233327648,0.8210813576667235
YDR510W,1,56.264435988469415,75,1049,4814,164,0.8012127171419207,0.06672597864768683,0.3138075313807531,0.17891864233327648,0.8210813576667235
YDL102W,-1,56.240718639108934,75,1050,4813,164,0.8010488364470665,0.06666666666666667,0.3138075313807531,0.17908920347944737,0.8209107965205527
YNL130C,-1,56.23881518734757,75,1051,4812,164,0.8008849557522124,0.06660746003552398,0.3138075313807531,0.1792597646256183,0.8207402353743817
YOR230W,-1,56.23028763910335,75,1052,4811,164,0.8007210750573582,0.06654835847382432,0.3138075313807531,0.1794303257717892,0.8205696742282108
YHR090C,-1,56.196950888777316,75,1053,4810,164,0.800557194362504,0.06648936170212766,0.3138075313807531,0.17960088691796008,0.8203991130820399
YEL034W,-1,56.18024560530229,75,1054,4809,164,0.80039331366765,0.06643046944198405,0.3138075313807531,0.17977144806413098,0.820228551935869
YML098W,-1,56.17224921818565,75,1055,4808,164,0.8002294329727958,0.06637168141592921,0.3138075313807531,0.1799420092103019,0.8200579907896981
YDL088C,-1,56.16818702248356,75,1056,4807,164,0.8000655522779416,0.06631299734748011,0.3138075313807531,0.1801125703564728,0.8198874296435272
YNL159C,1,56.144160744325504,76,1056,4807,163,0.8002294329727958,0.06713780918727916,0.3179916317991632,0.1801125703564728,0.8198874296435272
YDR118W,1,56.12781430017732,77,1056,4807,162,0.80039331366765,0.06796116504854369,0.32217573221757323,0.1801125703564728,0.8198874296435272
YOR219C,-1,56.097102956081045,77,1057,4806,162,0.8002294329727958,0.06790123456790123,0.32217573221757323,0.1802831315026437,0.8197168684973563
YDL072C,-1,56.07843128786571,77,1058,4805,162,0.8000655522779416,0.06784140969162995,0.32217573221757323,0.1804536926488146,0.8195463073511854
YEL012W,1,56.07016286824362,78,1058,4805,161,0.8002294329727958,0.06866197183098592,0.3263598326359833,0.1804536926488146,0.8195463073511854
YHR103W,-1,56.06887606475013,78,1059,4804,161,0.8000655522779416,0.06860158311345646,0.3263598326359833,0.1806242537949855,0.8193757462050145
YDL161W,-1,56.05277285004881,78,1060,4803,161,0.7999016715830876,0.06854130052724078,0.3263598326359833,0.1807948149411564,0.8192051850588435
YBL022C,-1,56.04668659970197,78,1061,4802,161,0.7997377908882334,0.0684811237928007,0.3263598326359833,0.1809653760873273,0.8190346239126727
YHL008C,-1,56.008119416364934,78,1062,4801,161,0.7995739101933792,0.06842105263157895,0.3263598326359833,0.18113593723349822,0.8188640627665018
YLR006C,-1,56.00159356023198,78,1063,4800,161,0.799410029498525,0.06836108676599474,0.3263598326359833,0.1813064983796691,0.8186935016203309
YPL127C,-1,55.98927950253022,78,1064,4799,161,0.799246148803671,0.06830122591943957,0.3263598326359833,0.18147705952584,0.81852294047416
YDR304C,-1,55.96445794472115,78,1065,4798,161,0.7990822681088168,0.06824146981627296,0.3263598326359833,0.18164762067201093,0.8183523793279891
YBR253W,-1,55.95703265415408,78,1066,4797,161,0.7989183874139626,0.06818181818181818,0.3263598326359833,0.18181818181818182,0.8181818181818182
YPL246C,-1,55.93866993752903,78,1067,4796,161,0.7987545067191085,0.06812227074235808,0.3263598326359833,0.18198874296435272,0.8180112570356473
YKL164C,-1,55.93410154122352,78,1068,4795,161,0.7985906260242543,0.06806282722513089,0.3263598326359833,0.1821593041105236,0.8178406958894764
YDR487C,-1,55.865412453226114,78,1069,4794,161,0.7984267453294002,0.06800348735832606,0.3263598326359833,0.18232986525669453,0.8176701347433055
YJR027W,-1,55.845663284049806,78,1070,4793,161,0.7982628646345461,0.06794425087108014,0.3263598326359833,0.18250042640286543,0.8174995735971345
YNL265C,-1,55.839501146862894,78,1071,4792,161,0.7980989839396919,0.06788511749347259,0.3263598326359833,0.18267098754903632,0.8173290124509637
YNL052W,-1,55.81106163724864,78,1072,4791,161,0.7979351032448377,0.06782608695652174,0.3263598326359833,0.18284154869520725,0.8171584513047928
YJR153W,-1,55.79756677269563,78,1073,4790,161,0.7977712225499836,0.0677671589921807,0.3263598326359833,0.18301210984137814,0.8169878901586218
YNL003C,-1,55.74647828523405,78,1074,4789,161,0.7976073418551295,0.06770833333333333,0.3263598326359833,0.18318267098754903,0.816817329012451
YGR015C,-1,55.731173030385435,78,1075,4788,161,0.7974434611602753,0.06764960971379011,0.3263598326359833,0.18335323213371993,0.8166467678662801
YLR019W,-1,55.73007247832962,78,1076,4787,161,0.7972795804654211,0.06759098786828423,0.3263598326359833,0.18352379327989085,0.8164762067201091
YEL004W,-1,55.72541769476032,78,1077,4786,161,0.7971156997705671,0.06753246753246753,0.3263598326359833,0.18369435442606175,0.8163056455739383
YPR173C,-1,55.720752827916165,78,1078,4785,161,0.7969518190757129,0.06747404844290658,0.3263598326359833,0.18386491557223264,0.8161350844277674
YPL042C,-1,55.70255477464992,78,1079,4784,161,0.7967879383808587,0.06741573033707865,0.3263598326359833,0.18403547671840353,0.8159645232815964
YJL113W,-1,55.686397097002555,78,1080,4783,161,0.7966240576860046,0.06735751295336788,0.3263598326359833,0.18420603786457446,0.8157939621354255
YJL014W,-1,55.68133377904907,78,1081,4782,161,0.7964601769911505,0.06729939603106126,0.3263598326359833,0.18437659901074535,0.8156234009892547
YDR515W,-1,55.678401118173284,78,1082,4781,161,0.7962962962962963,0.06724137931034482,0.3263598326359833,0.18454716015691625,0.8154528398430837
YOR128C,-1,55.65630834966595,78,1083,4780,161,0.7961324156014421,0.06718346253229975,0.3263598326359833,0.18471772130308717,0.8152822786969128
YGR199W,-1,55.642859016411165,78,1084,4779,161,0.795968534906588,0.06712564543889846,0.3263598326359833,0.18488828244925806,0.815111717550742
YBR058C-A,-1,55.61226487648719,78,1085,4778,161,0.7958046542117339,0.06706792777300086,0.3263598326359833,0.18505884359542896,0.814941156404571
YLL005C,-1,55.58136077808854,78,1086,4777,161,0.7956407735168797,0.06701030927835051,0.3263598326359833,0.18522940474159985,0.8147705952584001
YKR002W,-1,55.5786451637523,78,1087,4776,161,0.7954768928220256,0.06695278969957082,0.3263598326359833,0.18539996588777077,0.8146000341122293
YLR403W,-1,55.57589914215516,78,1088,4775,161,0.7953130121271714,0.06689536878216124,0.3263598326359833,0.18557052703394167,0.8144294729660583
YPR115W,-1,55.5360675407451,78,1089,4774,161,0.7951491314323172,0.06683804627249357,0.3263598326359833,0.18574108818011256,0.8142589118198874
YLR426W,-1,55.51571700737986,78,1090,4773,161,0.7949852507374632,0.06678082191780822,0.3263598326359833,0.18591164932628348,0.8140883506737165
YDR303C,-1,55.50847019788512,78,1091,4772,161,0.794821370042609,0.06672369546621043,0.3263598326359833,0.18608221047245438,0.8139177895275457
YDR147W,-1,55.48393570618281,78,1092,4771,161,0.7946574893477548,0.06666666666666667,0.3263598326359833,0.18625277161862527,0.8137472283813747
YNR035C,-1,55.47544477571525,78,1093,4770,161,0.7944936086529006,0.06660973526900085,0.3263598326359833,0.18642333276479617,0.8135766672352038
YBR016W,-1,55.41540402108003,78,1094,4769,161,0.7943297279580466,0.06655290102389079,0.3263598326359833,0.1865938939109671,0.813406106089033
YGR204W,-1,55.404283667948576,78,1095,4768,161,0.7941658472631924,0.06649616368286446,0.3263598326359833,0.18676445505713798,0.813235544942862
YOR321W,-1,55.38366800622576,78,1096,4767,161,0.7940019665683382,0.06643952299829642,0.3263598326359833,0.18693501620330888,0.8130649837966911
YPL270W,-1,55.37309066917642,78,1097,4766,161,0.7938380858734841,0.06638297872340425,0.3263598326359833,0.1871055773494798,0.8128944226505203
YPL231W,-1,55.34942844072592,78,1098,4765,161,0.79367420517863,0.0663265306122449,0.3263598326359833,0.1872761384956507,0.8127238615043493
YDL104C,-1,55.305084207139146,78,1099,4764,161,0.7935103244837758,0.06627017841971113,0.3263598326359833,0.1874466996418216,0.8125533003581784
YPL191C,-1,55.28982724813977,78,1100,4763,161,0.7933464437889217,0.06621392190152801,0.3263598326359833,0.18761726078799248,0.8123827392120075
YPR133W-A,-1,55.28664878478979,78,1101,4762,161,0.7931825630940675,0.06615776081424936,0.3263598326359833,0.1877878219341634,0.8122121780658366
YKL046C,-1,55.27657611029953,78,1102,4761,161,0.7930186823992134,0.06610169491525424,0.3263598326359833,0.1879583830803343,0.8120416169196657
YOL053W,-1,55.27217519179629,78,1103,4760,161,0.7928548017043592,0.06604572396274344,0.3263598326359833,0.1881289442265052,0.8118710557734948
YKR020W,-1,55.25132682331075,78,1104,4759,161,0.7926909210095051,0.06598984771573604,0.3263598326359833,0.18829950537267612,0.8117004946273239
YFL028C,-1,55.24205192730809,78,1105,4758,161,0.7925270403146509,0.06593406593406594,0.3263598326359833,0.188470066518847,0.811529933481153
YGL110C,-1,55.21693838845946,78,1106,4757,161,0.7923631596197968,0.06587837837837837,0.3263598326359833,0.1886406276650179,0.8113593723349821
YLR394W,-1,55.126320652902606,78,1107,4756,161,0.7921992789249427,0.06582278481012659,0.3263598326359833,0.1888111888111888,0.8111888111888111
YDR089W,-1,55.10393532587477,78,1108,4755,161,0.7920353982300885,0.0657672849915683,0.3263598326359833,0.18898174995735972,0.8110182500426403
YER133W,-1,55.08183062145825,78,1109,4754,161,0.7918715175352343,0.06571187868576242,0.3263598326359833,0.18915231110353062,0.8108476888964694
YHR116W,-1,55.05972495179653,78,1110,4753,161,0.7917076368403803,0.06565656565656566,0.3263598326359833,0.1893228722497015,0.8106771277502984
YDR116C,-1,55.03624413858477,78,1111,4752,161,0.7915437561455261,0.0656013456686291,0.3263598326359833,0.1894934333958724,0.8105065666041276
YMR264W,1,55.03610456268352,79,1111,4752,160,0.7917076368403803,0.06638655462184874,0.3305439330543933,0.1894934333958724,0.8105065666041276
YLR168C,-1,55.03452393168817,79,1112,4751,160,0.7915437561455261,0.06633081444164568,0.3305439330543933,0.18966399454204333,0.8103360054579567
YDR066C,-1,55.020844067343226,79,1113,4750,160,0.7913798754506719,0.0662751677852349,0.3305439330543933,0.18983455568821422,0.8101654443117857
YNR074C,-1,55.02077227061946,79,1114,4749,160,0.7912159947558177,0.06621961441743504,0.3305439330543933,0.19000511683438512,0.8099948831656149
YKR088C,-1,54.98315754966217,79,1115,4748,160,0.7910521140609637,0.0661641541038526,0.3305439330543933,0.19017567798055604,0.809824322019444
YOL098C,-1,54.97101016138549,79,1116,4747,160,0.7908882333661095,0.06610878661087866,0.3305439330543933,0.19034623912672693,0.8096537608732731
YJR161C,-1,54.94360206246324,79,1117,4746,160,0.7907243526712553,0.06605351170568562,0.3305439330543933,0.19051680027289783,0.8094831997271021
YJR013W,-1,54.93597919538661,79,1118,4745,160,0.7905604719764012,0.06599832915622389,0.3305439330543933,0.19068736141906872,0.8093126385809313
YPL085W,-1,54.90364496557433,79,1119,4744,160,0.790396591281547,0.0659432387312187,0.3305439330543933,0.19085792256523965,0.8091420774347604
YPR129W,-1,54.89972722468577,79,1120,4743,160,0.7902327105866929,0.0658882402001668,0.3305439330543933,0.19102848371141054,0.8089715162885894
YEL060C,-1,54.89551063839751,79,1121,4742,160,0.7900688298918387,0.06583333333333333,0.3305439330543933,0.19119904485758143,0.8088009551424186
YNL049C,-1,54.871275237036656,79,1122,4741,160,0.7899049491969846,0.06577851790174855,0.3305439330543933,0.19136960600375236,0.8086303939962477
YGL137W,-1,54.87053664083059,79,1123,4740,160,0.7897410685021304,0.06572379367720466,0.3305439330543933,0.19154016714992325,0.8084598328500767
YNR047W,-1,54.86525517044702,79,1124,4739,160,0.7895771878072763,0.0656691604322527,0.3305439330543933,0.19171072829609415,0.8082892717039059
YIR032C,-1,54.811245786080136,79,1125,4738,160,0.7894133071124222,0.06561461794019934,0.3305439330543933,0.19188128944226504,0.808118710557735
YER048C,-1,54.77868479806602,79,1126,4737,160,0.789249426417568,0.06556016597510374,0.3305439330543933,0.19205185058843596,0.807948149411564
YDR374C,-1,54.77674150996427,79,1127,4736,160,0.7890855457227138,0.06550580431177445,0.3305439330543933,0.19222241173460686,0.8077775882653931
YHR034C,-1,54.77147969731122,79,1128,4735,160,0.7889216650278598,0.06545153272576636,0.3305439330543933,0.19239297288077775,0.8076070271192223
YAL027W,-1,54.770628146030504,79,1129,4734,160,0.7887577843330056,0.06539735099337748,0.3305439330543933,0.19256353402694867,0.8074364659730513
YFR005C,1,54.74664105187114,80,1129,4734,159,0.7889216650278598,0.06617038875103391,0.33472803347280333,0.19256353402694867,0.8074364659730513
YMR228W,-1,54.741210807864576,80,1130,4733,159,0.7887577843330056,0.06611570247933884,0.33472803347280333,0.19273409517311957,0.8072659048268804
YBR107C,-1,54.72271465309812,80,1131,4732,159,0.7885939036381514,0.06606110652353427,0.33472803347280333,0.19290465631929046,0.8070953436807096
YER068W,-1,54.669391550558124,80,1132,4731,159,0.7884300229432972,0.066006600660066,0.33472803347280333,0.19307521746546136,0.8069247825345386
YIL014W,-1,54.648809749607466,80,1133,4730,159,0.7882661422484432,0.06595218466611706,0.33472803347280333,0.19324577861163228,0.8067542213883677
YIL040W,-1,54.64401212862654,80,1134,4729,159,0.788102261553589,0.06589785831960461,0.33472803347280333,0.19341633975780317,0.8065836602421969
YER111C,-1,54.6381481548021,80,1135,4728,159,0.7879383808587348,0.06584362139917696,0.33472803347280333,0.19358690090397407,0.8064130990960259
YNL027W,-1,54.568499134101636,80,1136,4727,159,0.7877745001638807,0.06578947368421052,0.33472803347280333,0.193757462050145,0.806242537949855
YOR196C,-1,54.54868891233491,80,1137,4726,159,0.7876106194690266,0.0657354149548069,0.33472803347280333,0.19392802319631589,0.8060719768036841
YGL009C,-1,54.54298731878095,80,1138,4725,159,0.7874467387741724,0.06568144499178982,0.33472803347280333,0.19409858434248678,0.8059014156575132
YHR060W,-1,54.5209963445073,80,1139,4724,159,0.7872828580793183,0.06562756357670221,0.33472803347280333,0.19426914548865767,0.8057308545113423
YIR005W,-1,54.49782587039931,80,1140,4723,159,0.7871189773844641,0.06557377049180328,0.33472803347280333,0.1944397066348286,0.8055602933651714
YDR251W,-1,54.48240397137988,80,1141,4722,159,0.78695509668961,0.06552006552006552,0.33472803347280333,0.1946102677809995,0.8053897322190006
YDR353W,-1,54.428949412212546,80,1142,4721,159,0.7867912159947558,0.06546644844517185,0.33472803347280333,0.19478082892717039,0.8052191710728296
YAL013W,-1,54.41388365727603,80,1143,4720,159,0.7866273352999017,0.06541291905151267,0.33472803347280333,0.19495139007334128,0.8050486099266587
YBR168W,-1,54.4080769451441,80,1144,4719,159,0.7864634546050475,0.06535947712418301,0.33472803347280333,0.1951219512195122,0.8048780487804879
YCR102C,-1,54.40801984576808,80,1145,4718,159,0.7862995739101933,0.0653061224489796,0.33472803347280333,0.1952925123656831,0.8047074876343169
YIL089W,-1,54.38905059749959,80,1146,4717,159,0.7861356932153393,0.06525285481239804,0.33472803347280333,0.195463073511854,0.804536926488146
YIL027C,-1,54.383748501478834,80,1147,4716,159,0.7859718125204851,0.06519967400162999,0.33472803347280333,0.1956336346580249,0.8043663653419751
YJL176C,-1,54.35232031083066,80,1148,4715,159,0.7858079318256309,0.06514657980456026,0.33472803347280333,0.1958041958041958,0.8041958041958042
YDR004W,-1,54.327576040418876,80,1149,4714,159,0.7856440511307768,0.06509357200976404,0.33472803347280333,0.1959747569503667,0.8040252430496333
YKL213C,1,54.29681101848496,81,1149,4714,158,0.7858079318256309,0.06585365853658537,0.3389121338912134,0.1959747569503667,0.8040252430496333
YGR263C,-1,54.28600049456095,81,1150,4713,158,0.7856440511307768,0.06580016246953696,0.3389121338912134,0.1961453180965376,0.8038546819034624
YPL179W,-1,54.27162575821691,81,1151,4712,158,0.7854801704359227,0.06574675324675325,0.3389121338912134,0.19631587924270852,0.8036841207572915
YKR031C,-1,54.230897498947854,81,1152,4711,158,0.7853162897410685,0.06569343065693431,0.3389121338912134,0.1964864403888794,0.8035135596111206
YBR129C,-1,54.21026595546567,81,1153,4710,158,0.7851524090462143,0.06564019448946515,0.3389121338912134,0.1966570015350503,0.8033429984649497
YGL065C,-1,54.20943573968883,81,1154,4709,158,0.7849885283513602,0.06558704453441296,0.3389121338912134,0.19682756268122123,0.8031724373187787
YLR314C,-1,54.18709961103639,81,1155,4708,158,0.7848246476565061,0.06553398058252427,0.3389121338912134,0.19699812382739212,0.8030018761726079
YGR110W,-1,54.11947566155786,81,1156,4707,158,0.7846607669616519,0.06548100242522231,0.3389121338912134,0.19716868497356302,0.802831315026437
YDL237W,-1,54.09382692838699,81,1157,4706,158,0.7844968862667978,0.0654281098546042,0.3389121338912134,0.1973392461197339,0.802660753880266
YCR094W,-1,54.0775966587953,81,1158,4705,158,0.7843330055719436,0.06537530266343826,0.3389121338912134,0.19750980726590484,0.8024901927340952
YMR097C,-1,54.0500497992572,81,1159,4704,158,0.7841691248770895,0.06532258064516129,0.3389121338912134,0.19768036841207573,0.8023196315879243
YPL154C,-1,54.03742574012283,81,1160,4703,158,0.7840052441822354,0.0652699435938759,0.3389121338912134,0.19785092955824662,0.8021490704417533
YOR242C,-1,54.02843412099752,81,1161,4702,158,0.7838413634873812,0.06521739130434782,0.3389121338912134,0.19802149070441755,0.8019785092955825
YCR020C,-1,54.024715412748264,81,1162,4701,158,0.783677482792527,0.06516492357200322,0.3389121338912134,0.19819205185058844,0.8018079481494116
YJR028W,-1,54.00983594918762,81,1163,4700,158,0.7835136020976728,0.06511254019292605,0.3389121338912134,0.19836261299675934,0.8016373870032406
YBR140C,-1,53.99485461139773,81,1164,4699,158,0.7833497214028188,0.06506024096385542,0.3389121338912134,0.19853317414293023,0.8014668258570697
YJR126C,-1,53.9877581630862,81,1165,4698,158,0.7831858407079646,0.06500802568218299,0.3389121338912134,0.19870373528910115,0.8012962647108989
YMR199W,-1,53.97881467036487,81,1166,4697,158,0.7830219600131104,0.06495589414595028,0.3389121338912134,0.19887429643527205,0.801125703564728
YHR101C,-1,53.965605885441434,81,1167,4696,158,0.7828580793182564,0.06490384615384616,0.3389121338912134,0.19904485758144294,0.800955142418557
YDL141W,-1,53.9545118469492,81,1168,4695,158,0.7826941986234022,0.06485188150520416,0.3389121338912134,0.19921541872761386,0.8007845812723862
YCR059C,-1,53.94896177322181,81,1169,4694,158,0.782530317928548,0.0648,0.3389121338912134,0.19938597987378476,0.8006140201262153
YPR183W,-1,53.944207210503414,81,1170,4693,158,0.7823664372336939,0.06474820143884892,0.3389121338912134,0.19955654101995565,0.8004434589800443
YAR009C,-1,53.939063644211274,81,1171,4692,158,0.7822025565388397,0.06469648562300319,0.3389121338912134,0.19972710216612655,0.8002728978338735
YFL007W,-1,53.93337612426467,81,1172,4691,158,0.7820386758439856,0.06464485235434957,0.3389121338912134,0.19989766331229747,0.8001023366877026
YNL234W,-1,53.87475529066887,81,1173,4690,158,0.7818747951491314,0.0645933014354067,0.3389121338912134,0.20006822445846836,0.7999317755415316
YER003C,-1,53.87167890801655,81,1174,4689,158,0.7817109144542773,0.06454183266932272,0.3389121338912134,0.20023878560463926,0.7997612143953607
YDR174W,-1,53.86331348175639,81,1175,4688,158,0.7815470337594231,0.06449044585987261,0.3389121338912134,0.20040934675081015,0.7995906532491899
YER059W,-1,53.856000830094885,81,1176,4687,158,0.781383153064569,0.06443914081145585,0.3389121338912134,0.20057990789698107,0.7994200921030189
YCR088W,-1,53.83562659303225,81,1177,4686,158,0.7812192723697149,0.0643879173290938,0.3389121338912134,0.20075046904315197,0.799249530956848
YOR098C,-1,53.816204059411106,81,1178,4685,158,0.7810553916748607,0.06433677521842732,0.3389121338912134,0.20092103018932286,0.7990789698106772
YLR021W,-1,53.81220517805275,81,1179,4684,158,0.7808915109800065,0.06428571428571428,0.3389121338912134,0.20109159133549379,0.7989084086645062
YOR069W,-1,53.80876315907679,81,1180,4683,158,0.7807276302851525,0.06423473433782712,0.3389121338912134,0.20126215248166468,0.7987378475183353
YOL019W,-1,53.796284196176885,81,1181,4682,158,0.7805637495902983,0.06418383518225039,0.3389121338912134,0.20143271362783557,0.7985672863721645
YKL197C,-1,53.795938627657165,81,1182,4681,158,0.7803998688954441,0.06413301662707839,0.3389121338912134,0.20160327477400647,0.7983967252259935
YDR318W,-1,53.74449732575977,81,1183,4680,158,0.7802359882005899,0.06408227848101265,0.3389121338912134,0.2017738359201774,0.7982261640798226
YOR373W,-1,53.72129704270344,81,1184,4679,158,0.7800721075057359,0.06403162055335969,0.3389121338912134,0.20194439706634829,0.7980556029336517
YBR202W,-1,53.72012334586191,81,1185,4678,158,0.7799082268108817,0.06398104265402843,0.3389121338912134,0.20211495821251918,0.7978850417874808
YGR067C,-1,53.71800683267793,81,1186,4677,158,0.7797443461160275,0.06393054459352802,0.3389121338912134,0.2022855193586901,0.7977144806413099
YEL029C,-1,53.715221757406134,81,1187,4676,158,0.7795804654211734,0.0638801261829653,0.3389121338912134,0.202456080504861,0.797543919495139
YDR392W,-1,53.69508903326414,81,1188,4675,158,0.7794165847263193,0.06382978723404255,0.3389121338912134,0.2026266416510319,0.797373358348968
YLR023C,-1,53.630952050929906,81,1189,4674,158,0.7792527040314651,0.06377952755905512,0.3389121338912134,0.20279720279720279,0.7972027972027972
YLR297W,-1,53.62027906656283,81,1190,4673,158,0.779088823336611,0.06372934697088907,0.3389121338912134,0.2029677639433737,0.7970322360566263
YDR105C,-1,53.62020288090999,81,1191,4672,158,0.7789249426417568,0.06367924528301887,0.3389121338912134,0.2031383250895446,0.7968616749104555
YPR175W,-1,53.59266326736762,81,1192,4671,158,0.7787610619469026,0.0636292223095051,0.3389121338912134,0.2033088862357155,0.7966911137642845
YBR073W,-1,53.57459705937522,81,1193,4670,158,0.7785971812520485,0.06357927786499215,0.3389121338912134,0.20347944738188642,0.7965205526181136
YDL099W,-1,53.560686554687926,81,1194,4669,158,0.7784333005571944,0.06352941176470588,0.3389121338912134,0.2036500085280573,0.7963499914719427
YJR098C,-1,53.54346886463463,81,1195,4668,158,0.7782694198623402,0.06347962382445141,0.3389121338912134,0.2038205696742282,0.7961794303257718
YHR003C,-1,53.52838333944237,81,1196,4667,158,0.778105539167486,0.06342991386061081,0.3389121338912134,0.2039911308203991,0.7960088691796009
YHR108W,1,53.49233467629989,82,1196,4667,157,0.7782694198623402,0.06416275430359937,0.34309623430962344,0.2039911308203991,0.7960088691796009
YML077W,-1,53.45957887985594,82,1197,4666,157,0.778105539167486,0.06411258795934324,0.34309623430962344,0.20416169196657002,0.79583830803343
YGL140C,-1,53.44704460456387,82,1198,4665,157,0.777941658472632,0.0640625,0.34309623430962344,0.20433225311274092,0.795667746887259
YJL023C,-1,53.39897508748936,82,1199,4664,157,0.7777777777777778,0.06401249024199844,0.34309623430962344,0.2045028142589118,0.7954971857410882
YCR014C,-1,53.397706719545624,82,1200,4663,157,0.7776138970829236,0.06396255850234009,0.34309623430962344,0.20467337540508274,0.7953266245949173
YDR115W,-1,53.370189062843565,82,1201,4662,157,0.7774500163880694,0.06391270459859703,0.34309623430962344,0.20484393655125363,0.7951560634487463
YML072C,-1,53.34355251439662,82,1202,4661,157,0.7772861356932154,0.06386292834890965,0.34309623430962344,0.20501449769742452,0.7949855023025755
YDR055W,-1,53.33608228937063,82,1203,4660,157,0.7771222549983612,0.06381322957198443,0.34309623430962344,0.20518505884359542,0.7948149411564046
YLL028W,-1,53.31829901267745,82,1204,4659,157,0.776958374303507,0.06376360808709176,0.34309623430962344,0.20535561998976634,0.7946443800102336
YJL165C,-1,53.30958629038969,82,1205,4658,157,0.7767944936086529,0.06371406371406371,0.34309623430962344,0.20552618113593724,0.7944738188640628
YDR231C,-1,53.2810847234456,82,1206,4657,157,0.7766306129137988,0.06366459627329192,0.34309623430962344,0.20569674228210813,0.7943032577178919
YLR452C,-1,53.26583673780107,82,1207,4656,157,0.7764667322189446,0.06361520558572537,0.34309623430962344,0.20586730342827902,0.7941326965717209
YGL125W,-1,53.25115744858333,82,1208,4655,157,0.7763028515240905,0.06356589147286822,0.34309623430962344,0.20603786457444995,0.79396213542555
YDR018C,-1,53.24730424973188,82,1209,4654,157,0.7761389708292363,0.06351665375677769,0.34309623430962344,0.20620842572062084,0.7937915742793792
YNL045W,-1,53.2428799137258,82,1210,4653,157,0.7759750901343822,0.06346749226006192,0.34309623430962344,0.20637898686679174,0.7936210131332082
YPL221W,-1,53.241065193763184,82,1211,4652,157,0.775811209439528,0.0634184068058778,0.34309623430962344,0.20654954801296266,0.7934504519870373
YHR194W,-1,53.22780839826283,82,1212,4651,157,0.7756473287446739,0.0633693972179289,0.34309623430962344,0.20672010915913355,0.7932798908408665
YHR168W,-1,53.188564632667294,82,1213,4650,157,0.7754834480498197,0.06332046332046332,0.34309623430962344,0.20689067030530445,0.7931093296946955
YLR266C,-1,53.15560665962836,82,1214,4649,157,0.7753195673549655,0.06327160493827161,0.34309623430962344,0.20706123145147534,0.7929387685485246
YMR234W,-1,53.1543854714767,82,1215,4648,157,0.7751556866601115,0.06322282189668466,0.34309623430962344,0.20723179259764626,0.7927682074023538
YBL009W,-1,53.110921834979166,82,1216,4647,157,0.7749918059652573,0.06317411402157165,0.34309623430962344,0.20740235374381716,0.7925976462561828
YGR005C,-1,53.10224764561739,82,1217,4646,157,0.7748279252704031,0.06312548113933796,0.34309623430962344,0.20757291488998805,0.7924270851100119
YOR136W,-1,53.06830050701807,82,1218,4645,157,0.774664044575549,0.06307692307692307,0.34309623430962344,0.20774347603615897,0.792256523963841
YGR016W,-1,53.06511951587163,82,1219,4644,157,0.7745001638806949,0.06302843966179862,0.34309623430962344,0.20791403718232987,0.7920859628176702
YKL211C,-1,53.06251243593482,82,1220,4643,157,0.7743362831858407,0.0629800307219662,0.34309623430962344,0.20808459832850076,0.7919154016714992
YNL224C,-1,53.04530888414968,82,1221,4642,157,0.7741724024909865,0.06293169608595549,0.34309623430962344,0.20825515947467166,0.7917448405253283
YDR179W-A,-1,52.975982675969135,82,1222,4641,157,0.7740085217961324,0.06288343558282208,0.34309623430962344,0.20842572062084258,0.7915742793791575
YOR201C,-1,52.957258772595516,82,1223,4640,157,0.7738446411012783,0.06283524904214559,0.34309623430962344,0.20859628176701348,0.7914037182329865
YIL033C,-1,52.889301129305046,82,1224,4639,157,0.7736807604064241,0.06278713629402756,0.34309623430962344,0.20876684291318437,0.7912331570868156
YKR036C,-1,52.88542063650388,82,1225,4638,157,0.77351687971157,0.06273909716908951,0.34309623430962344,0.2089374040593553,0.7910625959406448
YGR028W,-1,52.87628370768929,82,1226,4637,157,0.7733529990167158,0.06269113149847094,0.34309623430962344,0.2091079652055262,0.7908920347944738
YJL222W,-1,52.85913382209447,82,1227,4636,157,0.7731891183218617,0.06264323911382735,0.34309623430962344,0.20927852635169708,0.7907214736483029
YGL119W,-1,52.85537768577788,82,1228,4635,157,0.7730252376270076,0.06259541984732825,0.34309623430962344,0.20944908749786798,0.790550912502132
YOL059W,-1,52.83946853795214,82,1229,4634,157,0.7728613569321534,0.06254767353165523,0.34309623430962344,0.2096196486440389,0.7903803513559611
YJL094C,-1,52.8361339381965,82,1230,4633,157,0.7726974762372992,0.0625,0.34309623430962344,0.2097902097902098,0.7902097902097902
YJL144W,-1,52.82017930835036,82,1231,4632,157,0.772533595542445,0.062452399086062454,0.34309623430962344,0.2099607709363807,0.7900392290636193
YDR513W,-1,52.77518493197795,82,1232,4631,157,0.772369714847591,0.0624048706240487,0.34309623430962344,0.2101313320825516,0.7898686679174484
YOR113W,-1,52.756472480212494,82,1233,4630,157,0.7722058341527368,0.0623574144486692,0.34309623430962344,0.2103018932287225,0.7896981067712775
YDR436W,-1,52.73619303338717,82,1234,4629,157,0.7720419534578826,0.06231003039513678,0.34309623430962344,0.2104724543748934,0.7895275456251066
YCR107W,-1,52.70931016200029,82,1235,4628,157,0.7718780727630286,0.06226271829916477,0.34309623430962344,0.2106430155210643,0.7893569844789357
YMR256C,-1,52.700469141398706,82,1236,4627,157,0.7717141920681744,0.0622154779969651,0.34309623430962344,0.21081357666723521,0.7891864233327648
YMR029C,-1,52.688582649848435,82,1237,4626,157,0.7715503113733202,0.0621683093252464,0.34309623430962344,0.2109841378134061,0.7890158621865939
YMR150C,-1,52.66679951630618,82,1238,4625,157,0.7713864306784661,0.06212121212121212,0.34309623430962344,0.211154698959577,0.7888453010404229
YCR045C,-1,52.6506685304048,82,1239,4624,157,0.771222549983612,0.06207418622255867,0.34309623430962344,0.2113252601057479,0.7886747398942521
YKR046C,-1,52.64544928563212,82,1240,4623,157,0.7710586692887578,0.06202723146747353,0.34309623430962344,0.21149582125191882,0.7885041787480812
YMR284W,-1,52.63783203958039,82,1241,4622,157,0.7708947885939036,0.06198034769463341,0.34309623430962344,0.21166638239808971,0.7883336176019102
YMR078C,-1,52.60307055384338,82,1242,4621,157,0.7707309078990495,0.061933534743202415,0.34309623430962344,0.2118369435442606,0.7881630564557394
YDR404C,-1,52.574959081678195,82,1243,4620,157,0.7705670272041953,0.061886792452830186,0.34309623430962344,0.21200750469043153,0.7879924953095685
YIR017C,-1,52.56996174607849,82,1244,4619,157,0.7704031465093412,0.06184012066365008,0.34309623430962344,0.21217806583660243,0.7878219341633976
YDR128W,-1,52.56537337619425,82,1245,4618,157,0.7702392658144871,0.06179351921627732,0.34309623430962344,0.21234862698277332,0.7876513730172267
YFL027C,-1,52.52567971568078,82,1246,4617,157,0.7700753851196329,0.061746987951807226,0.34309623430962344,0.21251918812894421,0.7874808118710558
YLR100W,-1,52.494103607580826,82,1247,4616,157,0.7699115044247787,0.06170052671181339,0.34309623430962344,0.21268974927511514,0.7873102507248849
YGR135W,1,52.461343381398436,83,1247,4616,156,0.7700753851196329,0.062406015037593986,0.3472803347280335,0.21268974927511514,0.7873102507248849
YIL015W,-1,52.446859221862155,83,1248,4615,156,0.7699115044247787,0.06235912847483095,0.3472803347280335,0.21286031042128603,0.7871396895787139
YMR148W,-1,52.44245574298793,83,1249,4614,156,0.7697476237299247,0.06231231231231231,0.3472803347280335,0.21303087156745693,0.7869691284325431
YLR218C,-1,52.43826890131095,83,1250,4613,156,0.7695837430350705,0.0622655663915979,0.3472803347280335,0.21320143271362785,0.7867985672863722
YBR059C,-1,52.43619853229477,83,1251,4612,156,0.7694198623402163,0.06221889055472264,0.3472803347280335,0.21337199385979874,0.7866280061402012
YLR227C,-1,52.432147630489325,83,1252,4611,156,0.7692559816453621,0.062172284644194754,0.3472803347280335,0.21354255500596964,0.7864574449940304
YDR003W,-1,52.38867290868974,83,1253,4610,156,0.7690921009505081,0.06212574850299401,0.3472803347280335,0.21371311615214053,0.7862868838478595
YGR194C,-1,52.3753078643002,83,1254,4609,156,0.7689282202556539,0.06207928197456993,0.3472803347280335,0.21388367729831145,0.7861163227016885
YDR293C,-1,52.371474246810436,83,1255,4608,156,0.7687643395607997,0.06203288490284006,0.3472803347280335,0.21405423844448235,0.7859457615555177
YLR188W,-1,52.36549808216013,83,1256,4607,156,0.7686004588659456,0.0619865571321882,0.3472803347280335,0.21422479959065324,0.7857752004093468
YDR013W,-1,52.350950319897805,83,1257,4606,156,0.7684365781710915,0.06194029850746269,0.3472803347280335,0.21439536073682416,0.7856046392631758
YNL281W,-1,52.34594971905531,83,1258,4605,156,0.7682726974762373,0.061894108873974646,0.3472803347280335,0.21456592188299506,0.7854340781170049
YNL222W,-1,52.32558998468732,83,1259,4604,156,0.7681088167813832,0.06184798807749627,0.3472803347280335,0.21473648302916595,0.7852635169708341
YGR279C,-1,52.31074521539523,83,1260,4603,156,0.767944936086529,0.06180193596425912,0.3472803347280335,0.21490704417533685,0.7850929558246631
YHL039W,-1,52.23264916090511,83,1261,4602,156,0.7677810553916748,0.061755952380952384,0.3472803347280335,0.21507760532150777,0.7849223946784922
YER180C,-1,52.23121899211016,83,1262,4601,156,0.7676171746968207,0.06171003717472119,0.3472803347280335,0.21524816646767866,0.7847518335323214
YNL039W,-1,52.21490437837757,83,1263,4600,156,0.7674532940019666,0.061664190193164936,0.3472803347280335,0.21541872761384956,0.7845812723861504
YLR153C,-1,52.16933361078989,83,1264,4599,156,0.7672894133071124,0.06161841128433556,0.3472803347280335,0.21558928876002048,0.7844107112399795
YGR008C,-1,52.10991803488282,83,1265,4598,156,0.7671255326122582,0.06157270029673591,0.3472803347280335,0.21575984990619138,0.7842401500938087
YDL046W,-1,52.10090227302747,83,1266,4597,156,0.7669616519174042,0.061527057079318014,0.3472803347280335,0.21593041105236227,0.7840695889476377
YGR044C,-1,52.07987717474387,83,1267,4596,156,0.76679777122255,0.061481481481481484,0.3472803347280335,0.21610097219853316,0.7838990278014668
YPL057C,-1,52.06295010115576,83,1268,4595,156,0.7666338905276958,0.0614359733530718,0.3472803347280335,0.2162715333447041,0.7837284666552959
YLR313C,-1,52.05894219293694,83,1269,4594,156,0.7664700098328416,0.0613905325443787,0.3472803347280335,0.21644209449087498,0.7835579055091251
YPR189W,-1,52.05806286097242,83,1270,4593,156,0.7663061291379876,0.06134515890613452,0.3472803347280335,0.21661265563704588,0.7833873443629541
YML037C,-1,52.050777571465005,83,1271,4592,156,0.7661422484431334,0.061299852289512555,0.3472803347280335,0.21678321678321677,0.7832167832167832
YMR215W,-1,52.01106758531022,83,1272,4591,156,0.7659783677482792,0.061254612546125464,0.3472803347280335,0.2169537779293877,0.7830462220706124
YLR144C,-1,51.99751896592337,83,1273,4590,156,0.7658144870534251,0.0612094395280236,0.3472803347280335,0.2171243390755586,0.7828756609244414
YKL190W,-1,51.983232362078475,83,1274,4589,156,0.765650606358571,0.061164333087693444,0.3472803347280335,0.21729490022172948,0.7827050997782705
YPR204W,-1,51.977348223157605,83,1275,4588,156,0.7654867256637168,0.06111929307805596,0.3472803347280335,0.2174654613679004,0.7825345386320997
YNR050C,-1,51.97334575219339,83,1276,4587,156,0.7653228449688627,0.061074319352465045,0.3472803347280335,0.2176360225140713,0.7823639774859287
YML005W,-1,51.96894866287266,83,1277,4586,156,0.7651589642740085,0.06102941176470588,0.3472803347280335,0.2178065836602422,0.7821934163397578
YHR164C,-1,51.96004876643028,83,1278,4585,156,0.7649950835791544,0.06098457016899339,0.3472803347280335,0.2179771448064131,0.7820228551935869
YBR246W,-1,51.95400470125605,83,1279,4584,156,0.7648312028843002,0.06093979441997063,0.3472803347280335,0.218147705952584,0.781852294047416
YLR350W,-1,51.93985514033602,83,1280,4583,156,0.7646673221894461,0.06089508437270726,0.3472803347280335,0.2183182670987549,0.7816817329012451
YJL128C,-1,51.86596004173171,83,1281,4582,156,0.7645034414945919,0.06085043988269795,0.3472803347280335,0.2184888282449258,0.7815111717550742
YPR046W,-1,51.84232047297528,83,1282,4581,156,0.7643395607997377,0.060805860805860805,0.3472803347280335,0.21865938939109672,0.7813406106089033
YIL094C,-1,51.83273347493173,83,1283,4580,156,0.7641756801048837,0.06076134699853587,0.3472803347280335,0.21882995053726761,0.7811700494627324
YNL310C,-1,51.8085962307148,83,1284,4579,156,0.7640117994100295,0.06071689831748354,0.3472803347280335,0.2190005116834385,0.7809994883165615
YIR042C,-1,51.70262633380207,83,1285,4578,156,0.7638479187151753,0.06067251461988304,0.3472803347280335,0.2191710728296094,0.7808289271703905
YLR399C,-1,51.677589676237446,83,1286,4577,156,0.7636840380203213,0.0606281957633309,0.3472803347280335,0.21934163397578033,0.7806583660242197
YLR424W,-1,51.65752767688539,83,1287,4576,156,0.7635201573254671,0.060583941605839416,0.3472803347280335,0.21951219512195122,0.7804878048780488
YJR110W,-1,51.632640808585656,83,1288,4575,156,0.7633562766306129,0.060539752005835154,0.3472803347280335,0.21968275626812211,0.7803172437318778
YOR211C,-1,51.63219155565068,83,1289,4574,156,0.7631923959357587,0.060495626822157436,0.3472803347280335,0.21985331741429304,0.780146682585707
YDR122W,-1,51.63057873153033,83,1290,4573,156,0.7630285152409046,0.06045156591405681,0.3472803347280335,0.22002387856046393,0.7799761214395361
YGL023C,-1,51.62651684934631,83,1291,4572,156,0.7628646345460505,0.06040756914119359,0.3472803347280335,0.22019443970663483,0.7798055602933651
YCR007C,-1,51.6022179824447,83,1292,4571,156,0.7627007538511963,0.06036363636363636,0.3472803347280335,0.22036500085280572,0.7796349991471943
YLR165C,-1,51.57419317453179,83,1293,4570,156,0.7625368731563422,0.06031976744186047,0.3472803347280335,0.22053556199897664,0.7794644380010234
YIL166C,-1,51.53463636682136,83,1294,4569,156,0.762372992461488,0.06027596223674655,0.3472803347280335,0.22070612314514754,0.7792938768548525
YCL073C,-1,51.53442050697049,83,1295,4568,156,0.7622091117666339,0.0602322206095791,0.3472803347280335,0.22087668429131843,0.7791233157086815
YIL050W,-1,51.530398111362935,83,1296,4567,156,0.7620452310717798,0.06018854242204496,0.3472803347280335,0.22104724543748935,0.7789527545625107
YGR295C,-1,51.46693238843151,83,1297,4566,156,0.7618813503769256,0.060144927536231886,0.3472803347280335,0.22121780658366025,0.7787821934163398
YNL167C,-1,51.46356368515651,83,1298,4565,156,0.7617174696820714,0.06010137581462708,0.3472803347280335,0.22138836772983114,0.7786116322701688
YHR153C,-1,51.45233302230094,83,1299,4564,156,0.7615535889872173,0.060057887120115776,0.3472803347280335,0.22155892887600204,0.778441071123998
YDR247W,-1,51.43541696877309,83,1300,4563,156,0.7613897082923632,0.060014461315979754,0.3472803347280335,0.22172949002217296,0.7782705099778271
YDR228C,-1,51.430447324031896,83,1301,4562,156,0.761225827597509,0.05997109826589595,0.3472803347280335,0.22190005116834385,0.7780999488316561
YMR074C,-1,51.406088754025404,83,1302,4561,156,0.7610619469026548,0.059927797833935016,0.3472803347280335,0.22207061231451475,0.7779293876854853
YOR020C,-1,51.384837117914486,83,1303,4560,156,0.7608980662078008,0.05988455988455989,0.3472803347280335,0.22224117346068564,0.7777588265393144
YKL085W,-1,51.369993703625646,83,1304,4559,156,0.7607341855129466,0.059841384282624366,0.3472803347280335,0.22241173460685656,0.7775882653931434
YHL013C,-1,51.35937727543949,83,1305,4558,156,0.7605703048180924,0.05979827089337176,0.3472803347280335,0.22258229575302746,0.7774177042469725
YML016C,-1,51.33331711287525,83,1306,4557,156,0.7604064241232383,0.059755219582433405,0.3472803347280335,0.22275285689919835,0.7772471431008017
YFR031C,-1,51.312012006739,83,1307,4556,156,0.7602425434283842,0.05971223021582734,0.3472803347280335,0.22292341804536928,0.7770765819546307
YHR122W,-1,51.30216131126508,83,1308,4555,156,0.76007866273353,0.05966930265995687,0.3472803347280335,0.22309397919154017,0.7769060208084598
YPR047W,-1,51.27709043463922,83,1309,4554,156,0.7599147820386758,0.05962643678160919,0.3472803347280335,0.22326454033771106,0.776735459662289
YGR261C,-1,51.242199792273595,83,1310,4553,156,0.7597509013438217,0.05958363244795405,0.3472803347280335,0.22343510148388196,0.776564898516118
YIR008C,-1,51.22301674896679,83,1311,4552,156,0.7595870206489675,0.05954088952654232,0.3472803347280335,0.22360566263005288,0.7763943373699471
YPL083C,-1,51.19319551330563,83,1312,4551,156,0.7594231399541134,0.05949820788530466,0.3472803347280335,0.22377622377622378,0.7762237762237763
YKL065C,-1,51.18439791696699,83,1313,4550,156,0.7592592592592593,0.05945558739255014,0.3472803347280335,0.22394678492239467,0.7760532150776053
YGR201C,-1,51.158275591701454,83,1314,4549,156,0.7590953785644051,0.05941302791696493,0.3472803347280335,0.2241173460685656,0.7758826539314344
YGL127C,-1,51.14655496119199,83,1315,4548,156,0.7589314978695509,0.059370529327610874,0.3472803347280335,0.2242879072147365,0.7757120927852635
YOR148C,-1,51.132635614113525,83,1316,4547,156,0.7587676171746969,0.059328091493924234,0.3472803347280335,0.22445846836090738,0.7755415316390926
YML091C,-1,51.12919891887323,83,1317,4546,156,0.7586037364798427,0.05928571428571429,0.3472803347280335,0.22462902950707828,0.7753709704929217
YPR124W,-1,51.12535800765736,83,1318,4545,156,0.7584398557849885,0.05924339757316203,0.3472803347280335,0.2247995906532492,0.7752004093467508
YPR138C,-1,51.10493879607344,83,1319,4544,156,0.7582759750901343,0.05920114122681883,0.3472803347280335,0.2249701517994201,0.77502984820058
YDL171C,-1,51.08297710176765,83,1320,4543,156,0.7581120943952803,0.05915894511760513,0.3472803347280335,0.225140712945591,0.774859287054409
YJL073W,1,51.069050274251374,84,1320,4543,155,0.7582759750901343,0.05982905982905983,0.3514644351464435,0.225140712945591,0.774859287054409
YML092C,1,51.06002028968654,85,1320,4543,154,0.7584398557849885,0.060498220640569395,0.35564853556485354,0.225140712945591,0.774859287054409
YHR001W,-1,50.987473280223526,85,1321,4542,154,0.7582759750901343,0.060455192034139404,0.35564853556485354,0.2253112740917619,0.7746887259082381
YHR119W,-1,50.973475674860595,85,1322,4541,154,0.7581120943952803,0.06041222459132907,0.35564853556485354,0.2254818352379328,0.7745181647620673
YPL180W,-1,50.94529570643144,85,1323,4540,154,0.7579482137004261,0.060369318181818184,0.35564853556485354,0.2256523963841037,0.7743476036158963
YJR024C,-1,50.936562148332804,85,1324,4539,154,0.7577843330055719,0.060326472675656495,0.35564853556485354,0.2258229575302746,0.7741770424697254
YGL005C,-1,50.929814673573276,85,1325,4538,154,0.7576204523107178,0.06028368794326241,0.35564853556485354,0.22599351867644552,0.7740064813235545
YOR290C,-1,50.92412692575738,85,1326,4537,154,0.7574565716158637,0.060240963855421686,0.35564853556485354,0.2261640798226164,0.7738359201773836
YML019W,-1,50.90941179003582,85,1327,4536,154,0.7572926909210095,0.06019830028328612,0.35564853556485354,0.2263346409687873,0.7736653590312127
YLR324W,-1,50.89614280876083,85,1328,4535,154,0.7571288102261554,0.060155697098372256,0.35564853556485354,0.22650520211495823,0.7734947978850418
YLL043W,-1,50.87420590528874,85,1329,4534,154,0.7569649295313012,0.060113154172560114,0.35564853556485354,0.22667576326112912,0.7733242367388709
YLR208W,1,50.86877248587859,86,1329,4534,153,0.7571288102261554,0.0607773851590106,0.3598326359832636,0.22667576326112912,0.7733242367388709
YML045W,-1,50.86779089650372,86,1330,4533,153,0.7569649295313012,0.06073446327683616,0.3598326359832636,0.22684632440730002,0.7731536755927
YNL021W,-1,50.826578884751825,86,1331,4532,153,0.756801048836447,0.06069160197600565,0.3598326359832636,0.2270168855534709,0.7729831144465291
YJR048W,-1,50.80960719081528,86,1332,4531,153,0.7566371681415929,0.06064880112834979,0.3598326359832636,0.22718744669964183,0.7728125533003581
YGR001C,-1,50.80117929440473,86,1333,4530,153,0.7564732874467388,0.06060606060606061,0.3598326359832636,0.22735800784581273,0.7726419921541873
YOR094W,-1,50.797893683781076,86,1334,4529,153,0.7563094067518846,0.06056338028169014,0.3598326359832636,0.22752856899198362,0.7724714310080164
YGR191W,-1,50.78638087560694,86,1335,4528,153,0.7561455260570304,0.06052076002814919,0.3598326359832636,0.22769913013815452,0.7723008698618454
YCR060W,-1,50.77681328323081,86,1336,4527,153,0.7559816453621764,0.06047819971870605,0.3598326359832636,0.22786969128432544,0.7721303087156746
YGL057C,-1,50.77574788772108,86,1337,4526,153,0.7558177646673222,0.060435699226985246,0.3598326359832636,0.22804025243049633,0.7719597475695037
YDR267C,-1,50.76216884577519,86,1338,4525,153,0.755653883972468,0.060393258426966294,0.3598326359832636,0.22821081357666723,0.7717891864233327
YOL119C,-1,50.75731616098231,86,1339,4524,153,0.7554900032776138,0.060350877192982454,0.3598326359832636,0.22838137472283815,0.7716186252771619
YDL134C,-1,50.73554349419934,86,1340,4523,153,0.7553261225827598,0.06030855539971949,0.3598326359832636,0.22855193586900904,0.771448064130991
YLR088W,-1,50.72890553235016,86,1341,4522,153,0.7551622418879056,0.060266292922214436,0.3598326359832636,0.22872249701517994,0.77127750298482
YHR018C,-1,50.68268615463509,86,1342,4521,153,0.7549983611930514,0.06022408963585434,0.3598326359832636,0.22889305816135083,0.7711069418386491
YAL064W-B,-1,50.654221490520285,86,1343,4520,153,0.7548344804981973,0.06018194541637509,0.3598326359832636,0.22906361930752175,0.7709363806924783
YDR489W,-1,50.65091908890594,86,1344,4519,153,0.7546705998033432,0.06013986013986014,0.3598326359832636,0.22923418045369265,0.7707658195463073
YNL101W,-1,50.64996666513676,86,1345,4518,153,0.754506719108489,0.06009783368273934,0.3598326359832636,0.22940474159986354,0.7705952584001364
YLR026C,-1,50.6254447145223,86,1346,4517,153,0.7543428384136349,0.06005586592178771,0.3598326359832636,0.22957530274603447,0.7704246972539656
YJL008C,-1,50.61883568056736,86,1347,4516,153,0.7541789577187807,0.06001395673412421,0.3598326359832636,0.22974586389220536,0.7702541361077947
YOL122C,-1,50.61524483173088,86,1348,4515,153,0.7540150770239266,0.0599721059972106,0.3598326359832636,0.22991642503837625,0.7700835749616237
YLR143W,-1,50.60612785379999,86,1349,4514,153,0.7538511963290724,0.059930313588850176,0.3598326359832636,0.23008698618454715,0.7699130138154529
YMR022W,1,50.554638749254366,87,1349,4514,152,0.7540150770239266,0.060584958217270196,0.36401673640167365,0.23008698618454715,0.7699130138154529
YLR373C,-1,50.53700777379417,87,1350,4513,152,0.7538511963290724,0.060542797494780795,0.36401673640167365,0.23025754733071807,0.769742452669282
YGL223C,-1,50.52897092460552,87,1351,4512,152,0.7536873156342183,0.06050069541029207,0.36401673640167365,0.23042810847688897,0.769571891523111
YER116C,-1,50.52871369954414,87,1352,4511,152,0.7535234349393641,0.06045865184155664,0.36401673640167365,0.23059866962305986,0.7694013303769401
YDR238C,-1,50.5014565672933,87,1353,4510,152,0.75335955424451,0.06041666666666667,0.36401673640167365,0.23076923076923078,0.7692307692307693
YBL025W,-1,50.49219339871282,87,1354,4509,152,0.7531956735496559,0.06037473976405274,0.36401673640167365,0.23093979191540168,0.7690602080845983
YNR068C,-1,50.47913461830467,87,1355,4508,152,0.7530317928548017,0.060332871012482664,0.36401673640167365,0.23111035306157257,0.7688896469384274
YNL212W,1,50.465198354373264,88,1355,4508,151,0.7531956735496559,0.060984060984060985,0.3682008368200837,0.23111035306157257,0.7688896469384274
YOR249C,1,50.43306151848088,89,1355,4508,150,0.75335955424451,0.061634349030470915,0.3723849372384937,0.23111035306157257,0.7688896469384274
YPR164W,-1,50.418016794034315,89,1356,4507,150,0.7531956735496559,0.061591695501730104,0.3723849372384937,0.23128091420774347,0.7687190857922566
YLR095C,-1,50.3934316437665,89,1357,4506,150,0.7530317928548017,0.06154910096818811,0.3723849372384937,0.2314514753539144,0.7685485246460856
YDL188C,-1,50.380008282931186,89,1358,4505,150,0.7528679121599475,0.061506565307532825,0.3723849372384937,0.23162203650008528,0.7683779634999147
YER013W,-1,50.375021142222316,89,1359,4504,150,0.7527040314650935,0.06146408839779006,0.3723849372384937,0.23179259764625618,0.7682074023537439
YGL113W,-1,50.37135317648708,89,1360,4503,150,0.7525401507702393,0.06142167011732229,0.3723849372384937,0.2319631587924271,0.7680368412075729
YDR052C,-1,50.35936708179722,89,1361,4502,150,0.7523762700753851,0.06137931034482759,0.3723849372384937,0.232133719938598,0.767866280061402
YGL053W,-1,50.352513755782525,89,1362,4501,150,0.7522123893805309,0.061337008959338385,0.3723849372384937,0.2323042810847689,0.7676957189152311
YMR184W,1,50.335690450092365,90,1362,4501,149,0.7523762700753851,0.06198347107438017,0.37656903765690375,0.2323042810847689,0.7676957189152311
YLR450W,-1,50.334567979896825,90,1363,4500,149,0.7522123893805309,0.06194081211286993,0.37656903765690375,0.23247484223093978,0.7675251577690602
YNL129W,-1,50.32936517484786,90,1364,4499,149,0.7520485086856769,0.061898211829436035,0.37656903765690375,0.2326454033771107,0.7673545966228893
YOR016C,-1,50.324076969416815,90,1365,4498,149,0.7518846279908227,0.061855670103092786,0.37656903765690375,0.2328159645232816,0.7671840354767184
YLR242C,-1,50.28003678642233,90,1366,4497,149,0.7517207472959685,0.061813186813186816,0.37656903765690375,0.2329865256694525,0.7670134743305475
YGL054C,-1,50.23795414352361,90,1367,4496,149,0.7515568666011144,0.06177076183939602,0.37656903765690375,0.2331570868156234,0.7668429131843766
YDL190C,1,50.23425322149196,91,1367,4496,148,0.7517207472959685,0.062414266117969824,0.3807531380753138,0.2331570868156234,0.7668429131843766
YCR082W,-1,50.22022873413005,91,1368,4495,148,0.7515568666011144,0.06237148732008225,0.3807531380753138,0.2333276479617943,0.7666723520382057
YBL074C,-1,50.20742280043396,91,1369,4494,148,0.7513929859062602,0.06232876712328767,0.3807531380753138,0.2334982091079652,0.7665017908920347
YNL032W,-1,50.19393440474124,91,1370,4493,148,0.7512291052114061,0.06228610540725531,0.3807531380753138,0.2336687702541361,0.7663312297458639
YGL207W,-1,50.1870926128887,91,1371,4492,148,0.751065224516552,0.06224350205198358,0.3807531380753138,0.23383933140030702,0.766160668599693
YCR008W,-1,50.16074364570568,91,1372,4491,148,0.7509013438216978,0.06220095693779904,0.3807531380753138,0.23400989254647792,0.7659901074535221
YGL020C,-1,50.15937384802365,91,1373,4490,148,0.7507374631268436,0.06215846994535519,0.3807531380753138,0.2341804536926488,0.7658195463073512
YER128W,-1,50.1342718140877,91,1374,4489,148,0.7505735824319895,0.0621160409556314,0.3807531380753138,0.2343510148388197,0.7656489851611803
YLL029W,-1,50.10341696572834,91,1375,4488,148,0.7504097017371354,0.06207366984993179,0.3807531380753138,0.23452157598499063,0.7654784240150094
YBR299W,-1,50.08796339730024,91,1376,4487,148,0.7502458210422812,0.06203135650988412,0.3807531380753138,0.23469213713116152,0.7653078628688385
YJL019W,-1,50.075140209500304,91,1377,4486,148,0.750081940347427,0.06198910081743869,0.3807531380753138,0.23486269827733242,0.7651373017226676
YMR138W,-1,50.04286218066777,91,1378,4485,148,0.749918059652573,0.061946902654867256,0.3807531380753138,0.23503325942350334,0.7649667405764967
YJR058C,-1,50.02689771729044,91,1379,4484,148,0.7497541789577188,0.06190476190476191,0.3807531380753138,0.23520382056967423,0.7647961794303257
YLR137W,-1,50.02321804584062,91,1380,4483,148,0.7495902982628646,0.061862678450033994,0.3807531380753138,0.23537438171584513,0.7646256182841549
YMR048W,-1,49.99833032683455,91,1381,4482,148,0.7494264175680105,0.06182065217391304,0.3807531380753138,0.23554494286201602,0.764455057137984
YMR042W,-1,49.987444121218275,91,1382,4481,148,0.7492625368731564,0.06177868295994569,0.3807531380753138,0.23571550400818694,0.764284495991813
YKR053C,-1,49.97826042665253,91,1383,4480,148,0.7490986561783022,0.06173677069199457,0.3807531380753138,0.23588606515435784,0.7641139348456422
YBR272C,-1,49.97224884881625,91,1384,4479,148,0.748934775483448,0.06169491525423729,0.3807531380753138,0.23605662630052873,0.7639433736994713
YDR108W,-1,49.961573487355906,91,1385,4478,148,0.7487708947885939,0.061653116531165314,0.3807531380753138,0.23622718744669965,0.7637728125533003
YDR198C,-1,49.95595136251177,91,1386,4477,148,0.7486070140937398,0.061611374407582936,0.3807531380753138,0.23639774859287055,0.7636022514071295
YPR004C,-1,49.94103760454141,91,1387,4476,148,0.7484431333988856,0.061569688768606225,0.3807531380753138,0.23656830973904144,0.7634316902609586
YGR189C,-1,49.936041193882254,91,1388,4475,148,0.7482792527040315,0.06152805949966193,0.3807531380753138,0.23673887088521234,0.7632611291147876
YDR406W,-1,49.89391169948567,91,1389,4474,148,0.7481153720091773,0.06148648648648649,0.3807531380753138,0.23690943203138326,0.7630905679686167
YOR320C,-1,49.87863566880887,91,1390,4473,148,0.7479514913143231,0.06144496961512492,0.3807531380753138,0.23707999317755415,0.7629200068224459
YGR234W,-1,49.87725828865613,91,1391,4472,148,0.7477876106194691,0.06140350877192982,0.3807531380753138,0.23725055432372505,0.7627494456762749
YOR174W,-1,49.854904680590856,91,1392,4471,148,0.7476237299246149,0.06136210384356035,0.3807531380753138,0.23742111546989597,0.762578884530104
YER087W,-1,49.83994097826144,91,1393,4470,148,0.7474598492297607,0.06132075471698113,0.3807531380753138,0.23759167661606687,0.7624083233839332
YDR363W-A,1,49.8357564213384,92,1393,4470,147,0.7476237299246149,0.061952861952861954,0.38493723849372385,0.23759167661606687,0.7624083233839332
YDL177C,-1,49.80276264778513,92,1394,4469,147,0.7474598492297607,0.06191117092866756,0.38493723849372385,0.23776223776223776,0.7622377622377622
YML021C,-1,49.770352161041004,92,1395,4468,147,0.7472959685349065,0.06186953597848016,0.38493723849372385,0.23793279890840865,0.7620672010915913
YHR106W,-1,49.76558532265523,92,1396,4467,147,0.7471320878400525,0.06182795698924731,0.38493723849372385,0.23810336005457958,0.7618966399454205
YPL199C,-1,49.74235138977929,92,1397,4466,147,0.7469682071451983,0.06178643384822028,0.38493723849372385,0.23827392120075047,0.7617260787992496
YJL053W,-1,49.70308184019986,92,1398,4465,147,0.7468043264503441,0.06174496644295302,0.38493723849372385,0.23844448234692137,0.7615555176530786
YOL012C,-1,49.70291675361201,92,1399,4464,147,0.74664044575549,0.06170355466130114,0.38493723849372385,0.23861504349309226,0.7613849565069077
YDR140W,-1,49.69451399541306,92,1400,4463,147,0.7464765650606359,0.06166219839142091,0.38493723849372385,0.23878560463926318,0.7612143953607369
YAL039C,-1,49.6693167626277,92,1401,4462,147,0.7463126843657817,0.061620897521768254,0.38493723849372385,0.23895616578543408,0.7610438342145659
YMR216C,-1,49.649076152157136,92,1402,4461,147,0.7461488036709276,0.06157965194109773,0.38493723849372385,0.23912672693160497,0.760873273068395
YBR012W-B,-1,49.635924215188425,92,1403,4460,147,0.7459849229760734,0.06153846153846154,0.38493723849372385,0.2392972880777759,0.7607027119222242
YBL015W,-1,49.630014878684975,92,1404,4459,147,0.7458210422812193,0.06149732620320856,0.38493723849372385,0.2394678492239468,0.7605321507760532
YDL138W,-1,49.62725038256792,92,1405,4458,147,0.7456571615863651,0.0614562458249833,0.38493723849372385,0.23963841037011768,0.7603615896298823
YER182W,-1,49.62301738841244,92,1406,4457,147,0.745493280891511,0.06141522029372497,0.38493723849372385,0.23980897151628858,0.7601910284837115
YKL160W,-1,49.60676336736907,92,1407,4456,147,0.7453294001966568,0.061374249499666446,0.38493723849372385,0.2399795326624595,0.7600204673375405
YMR283C,-1,49.6049641239672,92,1408,4455,147,0.7451655195018027,0.06133333333333333,0.38493723849372385,0.2401500938086304,0.7598499061913696
YDR472W,-1,49.597851974510036,92,1409,4454,147,0.7450016388069486,0.06129247168554297,0.38493723849372385,0.2403206549548013,0.7596793450451987
YJL139C,-1,49.586198826042335,92,1410,4453,147,0.7448377581120944,0.06125166444740346,0.38493723849372385,0.2404912161009722,0.7595087838990278
YPL006W,-1,49.5828009887994,92,1411,4452,147,0.7446738774172402,0.06121091151031271,0.38493723849372385,0.2406617772471431,0.7593382227528569
YGL210W,-1,49.579042467895164,92,1412,4451,147,0.7445099967223862,0.061170212765957445,0.38493723849372385,0.240832338393314,0.759167661606686
YAL012W,-1,49.57114633091802,92,1413,4450,147,0.744346116027532,0.061129568106312294,0.38493723849372385,0.2410028995394849,0.758997100460515
YDR504C,-1,49.55297079930153,92,1414,4449,147,0.7441822353326778,0.06108897742363878,0.38493723849372385,0.24117346068565582,0.7588265393143442
YMR208W,-1,49.54227895145266,92,1415,4448,147,0.7440183546378236,0.06104844061048441,0.38493723849372385,0.2413440218318267,0.7586559781681733
YGR271W,-1,49.5375343985377,92,1416,4447,147,0.7438544739429696,0.0610079575596817,0.38493723849372385,0.2415145829779976,0.7584854170220023
YER016W,-1,49.51108225994001,92,1417,4446,147,0.7436905932481154,0.06096752816434725,0.38493723849372385,0.24168514412416853,0.7583148558758315
YPR141C,-1,49.46938393118364,92,1418,4445,147,0.7435267125532612,0.060927152317880796,0.38493723849372385,0.24185570527033942,0.7581442947296606
YHL003C,-1,49.45194082111654,92,1419,4444,147,0.7433628318584071,0.06088682991396426,0.38493723849372385,0.24202626641651032,0.7579737335834896
YER027C,-1,49.45085733377404,92,1420,4443,147,0.743198951163553,0.06084656084656084,0.38493723849372385,0.2421968275626812,0.7578031724373188
YIL142W,-1,49.4481829581366,92,1421,4442,147,0.7430350704686988,0.06080634500991408,0.38493723849372385,0.24236738870885213,0.7576326112911479
YNL236W,-1,49.43380218613075,92,1422,4441,147,0.7428711897738446,0.0607661822985469,0.38493723849372385,0.24253794985502303,0.757462050144977
YLR467W,-1,49.43187063317987,92,1423,4440,147,0.7427073090789905,0.06072607260726073,0.38493723849372385,0.24270851100119392,0.757291488998806
YLR447C,-1,49.42914400830085,92,1424,4439,147,0.7425434283841363,0.06068601583113457,0.38493723849372385,0.24287907214736484,0.7571209278526352
YEL002C,-1,49.3949291583427,92,1425,4438,147,0.7423795476892822,0.06064601186552406,0.38493723849372385,0.24304963329353574,0.7569503667064643
YBL063W,-1,49.39187944157064,92,1426,4437,147,0.7422156669944281,0.06060606060606061,0.38493723849372385,0.24322019443970663,0.7567798055602933
YCR042C,-1,49.3902687885281,92,1427,4436,147,0.7420517862995739,0.06056616194865043,0.38493723849372385,0.24339075558587753,0.7566092444141225
YLR224W,1,49.385836006615136,93,1427,4436,146,0.7422156669944281,0.06118421052631579,0.3891213389121339,0.24339075558587753,0.7566092444141225
YLR210W,-1,49.37038688717686,93,1428,4435,146,0.7420517862995739,0.0611439842209073,0.3891213389121339,0.24356131673204845,0.7564386832679516
YOL001W,-1,49.3449302111621,93,1429,4434,146,0.7418879056047197,0.06110381077529566,0.3891213389121339,0.24373187787821934,0.7562681221217806
YBR111C,-1,49.33202753566609,93,1430,4433,146,0.7417240249098657,0.06106369008535785,0.3891213389121339,0.24390243902439024,0.7560975609756098
YIR031C,-1,49.3243161475138,93,1431,4432,146,0.7415601442150115,0.0610236220472441,0.3891213389121339,0.24407300017056113,0.7559269998294389
YMR060C,-1,49.301581506162194,93,1432,4431,146,0.7413962635201573,0.06098360655737705,0.3891213389121339,0.24424356131673206,0.7557564386832679
YDR047W,-1,49.26634073562363,93,1433,4430,146,0.7412323828253031,0.06094364351245085,0.3891213389121339,0.24441412246290295,0.755585877537097
YGL190C,-1,49.24646219297847,93,1434,4429,146,0.7410685021304491,0.060903732809430254,0.3891213389121339,0.24458468360907384,0.7554153163909262
YNR043W,-1,49.24035777981531,93,1435,4428,146,0.7409046214355949,0.06086387434554974,0.3891213389121339,0.24475524475524477,0.7552447552447552
YER031C,-1,49.235336305206964,93,1436,4427,146,0.7407407407407407,0.060824068018312624,0.3891213389121339,0.24492580590141566,0.7550741940985843
YER158C,-1,49.22436757291871,93,1437,4426,146,0.7405768600458866,0.060784313725490195,0.3891213389121339,0.24509636704758656,0.7549036329524135
YPR032W,-1,49.21915785100184,93,1438,4425,146,0.7404129793510325,0.06074461136512083,0.3891213389121339,0.24526692819375745,0.7547330718062425
YKL124W,1,49.21729384998281,94,1438,4425,145,0.7405768600458866,0.06135770234986945,0.39330543933054396,0.24526692819375745,0.7547330718062425
YNL078W,-1,49.20961791172811,94,1439,4424,145,0.7404129793510325,0.06131767775603392,0.39330543933054396,0.24543748933992837,0.7545625106600716
YKR098C,1,49.17696364707957,95,1439,4424,144,0.7405768600458866,0.06192959582790091,0.39748953974895396,0.24543748933992837,0.7545625106600716
YLR148W,-1,49.16800730626346,95,1440,4423,144,0.7404129793510325,0.06188925081433225,0.39748953974895396,0.24560805048609927,0.7543919495139008
YDR134C,-1,49.14488367796366,95,1441,4422,144,0.7402490986561783,0.061848958333333336,0.39748953974895396,0.24577861163227016,0.7542213883677298
YER010C,-1,49.14420044384315,95,1442,4421,144,0.7400852179613242,0.06180871828236825,0.39748953974895396,0.24594917277844108,0.7540508272215589
YOR246C,-1,49.13524555398908,95,1443,4420,144,0.73992133726647,0.06176853055916775,0.39748953974895396,0.24611973392461198,0.753880266075388
YGR188C,-1,49.13245879886561,95,1444,4419,144,0.7397574565716158,0.06172839506172839,0.39748953974895396,0.24629029507078287,0.7537097049292171
YBL023C,-1,49.12432724103599,95,1445,4418,144,0.7395935758767617,0.06168831168831169,0.39748953974895396,0.24646085621695377,0.7535391437830462
YLR035C,-1,49.10774423331945,95,1446,4417,144,0.7394296951819076,0.06164828033744322,0.39748953974895396,0.2466314173631247,0.7533685826368753
YHR079C,-1,49.105482222712,95,1447,4416,144,0.7392658144870534,0.061608300907911806,0.39748953974895396,0.24680197850929558,0.7531980214907045
YLR087C,-1,49.10122527822432,95,1448,4415,144,0.7391019337921992,0.06156837329876863,0.39748953974895396,0.24697253965546648,0.7530274603445335
YDL095W,-1,49.06153275316164,95,1449,4414,144,0.7389380530973452,0.06152849740932642,0.39748953974895396,0.2471431008016374,0.7528568991983626
YPL259C,-1,49.054411129958226,95,1450,4413,144,0.738774172402491,0.061488673139158574,0.39748953974895396,0.2473136619478083,0.7526863380521918
YIR035C,-1,49.04967701044552,95,1451,4412,144,0.7386102917076368,0.06144890038809832,0.39748953974895396,0.2474842230939792,0.7525157769060208
YFR027W,-1,49.039744926001674,95,1452,4411,144,0.7384464110127827,0.06140917905623788,0.39748953974895396,0.24765478424015008,0.7523452157598499
YFL042C,-1,49.03958556570316,95,1453,4410,144,0.7382825303179286,0.06136950904392765,0.39748953974895396,0.247825345386321,0.752174654613679
YLR079W,-1,49.00279093988997,95,1454,4409,144,0.7381186496230744,0.06132989025177534,0.39748953974895396,0.2479959065324919,0.7520040934675081
YJL156C,-1,48.97525015834198,95,1455,4408,144,0.7379547689282202,0.06129032258064516,0.39748953974895396,0.2481664676786628,0.7518335323213372
YOL005C,-1,48.94788281415715,95,1456,4407,144,0.7377908882333661,0.06125080593165699,0.39748953974895396,0.24833702882483372,0.7516629711751663
YDR367W,-1,48.93446576317365,95,1457,4406,144,0.737627007538512,0.061211340206185565,0.39748953974895396,0.2485075899710046,0.7514924100289954
YDR195W,-1,48.91888204164278,95,1458,4405,144,0.7374631268436578,0.061171925305859624,0.39748953974895396,0.2486781511171755,0.7513218488828245
YBL047C,-1,48.908542927611336,95,1459,4404,144,0.7372992461488037,0.06113256113256113,0.39748953974895396,0.2488487122633464,0.7511512877366536
YDR437W,-1,48.906640791051814,95,1460,4403,144,0.7371353654539495,0.06109324758842444,0.39748953974895396,0.24901927340951732,0.7509807265904827
YPL046C,1,48.874156300857244,96,1460,4403,143,0.7372992461488037,0.061696658097686374,0.401673640167364,0.24901927340951732,0.7509807265904827
YDR059C,1,48.8605298534308,97,1460,4403,142,0.7374631268436578,0.06229929351316635,0.40585774058577406,0.24901927340951732,0.7509807265904827
YPL156C,-1,48.83966673888816,97,1461,4402,142,0.7372992461488037,0.06225930680359435,0.40585774058577406,0.24918983455568822,0.7508101654443118
YMR006C,-1,48.82243215357628,97,1462,4401,142,0.7371353654539495,0.062219371391917896,0.40585774058577406,0.2493603957018591,0.7506396042981409
YNL082W,-1,48.80344885374647,97,1463,4400,142,0.7369714847590954,0.06217948717948718,0.40585774058577406,0.24953095684803,0.7504690431519699
YLR383W,-1,48.78532489027689,97,1464,4399,142,0.7368076040642413,0.06213965406790519,0.40585774058577406,0.24970151799420093,0.7502984820057991
YGR121C,-1,48.78043369732062,97,1465,4398,142,0.7366437233693871,0.06209987195902689,0.40585774058577406,0.24987207914037182,0.7501279208596282
YDR540C,-1,48.72760325265814,97,1466,4397,142,0.7364798426745329,0.062060140754958415,0.40585774058577406,0.2500426402865427,0.7499573597134572
YKL101W,-1,48.72735112076998,97,1467,4396,142,0.7363159619796787,0.062020460358056265,0.40585774058577406,0.25021320143271364,0.7497867985672864
YOL163W,-1,48.72043857279641,97,1468,4395,142,0.7361520812848247,0.061980830670926516,0.40585774058577406,0.2503837625788845,0.7496162374211155
YDR223W,-1,48.704776166744836,97,1469,4394,142,0.7359882005899705,0.06194125159642401,0.40585774058577406,0.25055432372505543,0.7494456762749445
YGL108C,-1,48.70450573328708,97,1470,4393,142,0.7358243198951163,0.06190172303765156,0.40585774058577406,0.25072488487122635,0.7492751151287736
YOR014W,-1,48.70146357802332,97,1471,4392,142,0.7356604392002623,0.06186224489795918,0.40585774058577406,0.2508954460173972,0.7491045539826028
YKR090W,-1,48.68022279759667,97,1472,4391,142,0.7354965585054081,0.061822817080943275,0.40585774058577406,0.25106600716356814,0.7489339928364318
YGL142C,-1,48.67664974904673,97,1473,4390,142,0.7353326778105539,0.06178343949044586,0.40585774058577406,0.25123656830973906,0.7487634316902609
YGL012W,-1,48.649326049448874,97,1474,4389,142,0.7351687971156998,0.061744112030553785,0.40585774058577406,0.25140712945590993,0.7485928705440901
YGL225W,-1,48.63802677064208,97,1475,4388,142,0.7350049164208456,0.06170483460559797,0.40585774058577406,0.25157769060208085,0.7484223093979192
YBL091C-A,-1,48.63489504088689,97,1476,4387,142,0.7348410357259915,0.06166560712015257,0.40585774058577406,0.2517482517482518,0.7482517482517482
YMR010W,-1,48.63388211773372,97,1477,4386,142,0.7346771550311373,0.06162642947903431,0.40585774058577406,0.25191881289442264,0.7480811871055774
YPR149W,-1,48.63258659504075,97,1478,4385,142,0.7345132743362832,0.061587301587301586,0.40585774058577406,0.25208937404059356,0.7479106259594065
YLR381W,-1,48.62734542763228,97,1479,4384,142,0.734349393641429,0.061548223350253804,0.40585774058577406,0.25225993518676443,0.7477400648132355
YEL051W,-1,48.61377604993922,97,1480,4383,142,0.7341855129465749,0.061509194673430564,0.40585774058577406,0.25243049633293535,0.7475695036670646
YMR043W,-1,48.60817359359539,97,1481,4382,142,0.7340216322517208,0.0614702154626109,0.40585774058577406,0.2526010574791063,0.7473989425208938
YCR041W,-1,48.60127512150211,97,1482,4381,142,0.7338577515568666,0.06143128562381254,0.40585774058577406,0.25277161862527714,0.7472283813747228
YGL062W,-1,48.562957918050834,97,1483,4380,142,0.7336938708620124,0.06139240506329114,0.40585774058577406,0.25294217977144806,0.7470578202285519
YBR263W,-1,48.55960924651299,97,1484,4379,142,0.7335299901671584,0.061353573687539534,0.40585774058577406,0.253112740917619,0.7468872590823811
YMR086W,-1,48.53782312485055,97,1485,4378,142,0.7333661094723042,0.06131479140328698,0.40585774058577406,0.25328330206378985,0.7467166979362101
YLR246W,-1,48.535077021961165,97,1486,4377,142,0.73320222877745,0.06127605811749842,0.40585774058577406,0.2534538632099608,0.7465461367900392
YBL089W,-1,48.51132737990508,97,1487,4376,142,0.7330383480825958,0.061237373737373736,0.40585774058577406,0.2536244243561317,0.7463755756438684
YLR396C,-1,48.49806960892461,97,1488,4375,142,0.7328744673877418,0.061198738170347,0.40585774058577406,0.25379498550230256,0.7462050144976974
YBR287W,-1,48.49137249714386,97,1489,4374,142,0.7327105866928876,0.06116015132408575,0.40585774058577406,0.2539655466484735,0.7460344533515265
YPR056W,-1,48.48083560700484,97,1490,4373,142,0.7325467059980334,0.06112161310649023,0.40585774058577406,0.2541361077946444,0.7458638922053556
YNL139C,-1,48.454874968920066,97,1491,4372,142,0.7323828253031793,0.06108312342569269,0.40585774058577406,0.2543066689408153,0.7456933310591847
YNL189W,-1,48.444959564103385,97,1492,4371,142,0.7322189446083252,0.06104468219005664,0.40585774058577406,0.2544772300869862,0.7455227699130138
YNL118C,-1,48.42790079838984,97,1493,4370,142,0.732055063913471,0.0610062893081761,0.40585774058577406,0.25464779123315706,0.7453522087668429
YDR050C,-1,48.36309973526215,97,1494,4369,142,0.7318911832186168,0.06096794468887492,0.40585774058577406,0.254818352379328,0.745181647620672
YKR067W,-1,48.35472032707893,97,1495,4368,142,0.7317273025237627,0.06092964824120603,0.40585774058577406,0.2549889135254989,0.7450110864745011
YPL224C,-1,48.33095944036693,97,1496,4367,142,0.7315634218289085,0.06089139987445072,0.40585774058577406,0.2551594746716698,0.7448405253283302
YBR141C,-1,48.316673129354626,97,1497,4366,142,0.7313995411340544,0.06085319949811794,0.40585774058577406,0.2553300358178407,0.7446699641821592
YKR104W,-1,48.29712693129382,97,1498,4365,142,0.7312356604392003,0.060815047021943576,0.40585774058577406,0.2555005969640116,0.7444994030359884
YOR018W,-1,48.2739376856742,97,1499,4364,142,0.7310717797443461,0.06077694235588972,0.40585774058577406,0.2556711581101825,0.7443288418898175
YMR013C,-1,48.26532416583827,97,1500,4363,142,0.7309078990494919,0.06073888541014402,0.40585774058577406,0.2558417192563534,0.7441582807436466
YHL021C,-1,48.250842790296254,97,1501,4362,142,0.7307440183546379,0.0607008760951189,0.40585774058577406,0.25601228040252433,0.7439877195974757
YOR112W,-1,48.219279510674184,97,1502,4361,142,0.7305801376597837,0.060662914321450906,0.40585774058577406,0.2561828415486952,0.7438171584513048
YEL046C,-1,48.19807807769367,97,1503,4360,142,0.7304162569649295,0.060625,0.40585774058577406,0.2563534026948661,0.7436465973051339
YCR095C,-1,48.184923343548604,97,1504,4359,142,0.7302523762700753,0.060587133041848845,0.40585774058577406,0.25652396384103704,0.743476036158963
YOR009W,-1,48.18267728910882,97,1505,4358,142,0.7300884955752213,0.060549313358302125,0.40585774058577406,0.2566945249872079,0.7433054750127921
YLR163C,-1,48.16822550615909,97,1506,4357,142,0.7299246148803671,0.06051154086088584,0.40585774058577406,0.25686508613337883,0.7431349138666212
YGL001C,-1,48.161659869362836,97,1507,4356,142,0.7297607341855129,0.060473815461346635,0.40585774058577406,0.2570356472795497,0.7429643527204502
YFR024C-A,-1,48.14787083117149,97,1508,4355,142,0.7295968534906588,0.06043613707165109,0.40585774058577406,0.2572062084257206,0.7427937915742794
YMR244W,-1,48.14623445028883,97,1509,4354,142,0.7294329727958047,0.060398505603985055,0.40585774058577406,0.25737676957189154,0.7426232304281085
YFR028C,-1,48.14313603675978,97,1510,4353,142,0.7292690921009505,0.060360920970752956,0.40585774058577406,0.2575473307180624,0.7424526692819375
YKL203C,-1,48.13963520893945,97,1511,4352,142,0.7291052114060964,0.06032338308457712,0.40585774058577406,0.25771789186423333,0.7422821081357667
YDR310C,-1,48.138120850555424,97,1512,4351,142,0.7289413307112422,0.06028589185829708,0.40585774058577406,0.25788845301040425,0.7421115469895958
YPR068C,-1,48.13548124348475,97,1513,4350,142,0.728777450016388,0.06024844720496894,0.40585774058577406,0.2580590141565751,0.7419409858434248
YKR083C,-1,48.10638462792747,97,1514,4349,142,0.7286135693215339,0.06021104903786468,0.40585774058577406,0.25822957530274604,0.741770424697254
YLR067C,-1,48.093803947715145,97,1515,4348,142,0.7284496886266798,0.06017369727047146,0.40585774058577406,0.25840013644891696,0.7415998635510831
YDL244W,-1,48.07761814726814,97,1516,4347,142,0.7282858079318256,0.06013639181649101,0.40585774058577406,0.25857069759508783,0.7414293024049121
YDR473C,-1,48.00869314338958,97,1517,4346,142,0.7281219272369714,0.060099132589838906,0.40585774058577406,0.25874125874125875,0.7412587412587412
YOL143C,-1,48.005265319456925,97,1518,4345,142,0.7279580465421174,0.060061919504643964,0.40585774058577406,0.2589118198874296,0.7410881801125704
YGL039W,-1,47.97150415759825,97,1519,4344,142,0.7277941658472632,0.06002475247524752,0.40585774058577406,0.25908238103360054,0.7409176189663994
YHR004C,-1,47.95006337526744,97,1520,4343,142,0.727630285152409,0.05998763141620284,0.40585774058577406,0.25925294217977146,0.7407470578202285
YDR497C,-1,47.94666460429894,97,1521,4342,142,0.727466404457555,0.05995055624227441,0.40585774058577406,0.25942350332594233,0.7405764966740577
YER020W,-1,47.940541419710655,97,1522,4341,142,0.7273025237627008,0.05991352686843731,0.40585774058577406,0.25959406447211325,0.7404059355278867
YEL064C,-1,47.91880172450442,97,1523,4340,142,0.7271386430678466,0.059876543209876544,0.40585774058577406,0.2597646256182842,0.7402353743817158
YER043C,-1,47.9102377473973,97,1524,4339,142,0.7269747623729924,0.05983960518198643,0.40585774058577406,0.25993518676445504,0.740064813235545
YHR039C-A,-1,47.89449808411484,97,1525,4338,142,0.7268108816781383,0.059802712700369916,0.40585774058577406,0.26010574791062596,0.7398942520893741
YFL034C-B,-1,47.88825897774017,97,1526,4337,142,0.7266470009832842,0.05976586568083796,0.40585774058577406,0.2602763090567969,0.7397236909432031
YML011C,-1,47.88472519319632,97,1527,4336,142,0.72648312028843,0.05972906403940887,0.40585774058577406,0.26044687020296775,0.7395531297970322
YIL039W,-1,47.86441874362916,97,1528,4335,142,0.7263192395935759,0.05969230769230769,0.40585774058577406,0.2606174313491387,0.7393825686508614
YGR048W,1,47.86435890700959,98,1528,4335,141,0.72648312028843,0.06027060270602706,0.4100418410041841,0.2606174313491387,0.7393825686508614
YPL010W,-1,47.86295908181488,98,1529,4334,141,0.7263192395935759,0.06023355869698832,0.4100418410041841,0.2607879924953096,0.7392120075046904
YLR306W,1,47.85656493528601,99,1529,4334,140,0.72648312028843,0.060810810810810814,0.41422594142259417,0.2607879924953096,0.7392120075046904
YDR545W,-1,47.85412405760994,99,1530,4333,140,0.7263192395935759,0.06077348066298342,0.41422594142259417,0.26095855364148046,0.7390414463585195
YKL006C-A,-1,47.83791357702048,99,1531,4332,140,0.7261553588987217,0.06073619631901841,0.41422594142259417,0.2611291147876514,0.7388708852123487
YDR492W,-1,47.83524046829043,99,1532,4331,140,0.7259914782038676,0.06069895769466585,0.41422594142259417,0.26129967593382225,0.7387003240661777
YGR287C,-1,47.8334102946485,99,1533,4330,140,0.7258275975090135,0.06066176470588235,0.41422594142259417,0.2614702370799932,0.7385297629200068
YGR127W,-1,47.82784425446289,99,1534,4329,140,0.7256637168141593,0.06062461726883037,0.41422594142259417,0.2616407982261641,0.738359201773836
YOR031W,-1,47.826567385121315,99,1535,4328,140,0.7254998361193051,0.0605875152998776,0.41422594142259417,0.26181135937233496,0.738188640627665
YKL163W,-1,47.821359543003034,99,1536,4327,140,0.725335955424451,0.060550458715596334,0.41422594142259417,0.2619819205185059,0.7380180794814941
YIL130W,-1,47.817690992595985,99,1537,4326,140,0.7251720747295969,0.06051344743276284,0.41422594142259417,0.2621524816646768,0.7378475183353232
YEL031W,-1,47.81278935225772,99,1538,4325,140,0.7250081940347427,0.06047648136835675,0.41422594142259417,0.2623230428108477,0.7376769571891523
YOL031C,-1,47.802901377711606,99,1539,4324,140,0.7248443133398885,0.06043956043956044,0.41422594142259417,0.2624936039570186,0.7375063960429814
YOL116W,-1,47.77376089642348,99,1540,4323,140,0.7246804326450345,0.06040268456375839,0.41422594142259417,0.2626641651031895,0.7373358348968105
YML055W,-1,47.77217161352657,99,1541,4322,140,0.7245165519501803,0.060365853658536583,0.41422594142259417,0.2628347262493604,0.7371652737506396
YER100W,1,47.76890478654278,100,1541,4322,139,0.7246804326450345,0.06093845216331505,0.41841004184100417,0.2628347262493604,0.7371652737506396
YCL066W,-1,47.76137598998705,100,1542,4321,139,0.7245165519501803,0.06090133982947625,0.41841004184100417,0.2630052873955313,0.7369947126044687
YGR193C,-1,47.76112748663418,100,1543,4320,139,0.7243526712553261,0.06086427267194157,0.41841004184100417,0.2631758485417022,0.7368241514582978
YLR429W,-1,47.7465100328992,100,1544,4319,139,0.724188790560472,0.06082725060827251,0.41841004184100417,0.2633464096878731,0.7366535903121268
YHL031C,-1,47.70277764848313,100,1545,4318,139,0.7240249098656178,0.060790273556231005,0.41841004184100417,0.263516970834044,0.736483029165956
YJR044C,-1,47.69929845987144,100,1546,4317,139,0.7238610291707637,0.060753341433778855,0.41841004184100417,0.2636875319802149,0.7363124680197851
YHR110W,-1,47.68946874931992,100,1547,4316,139,0.7236971484759095,0.06071645415907711,0.41841004184100417,0.2638580931263858,0.7361419068736141
YGL167C,-1,47.678410398591495,100,1548,4315,139,0.7235332677810554,0.06067961165048544,0.41841004184100417,0.26402865427255673,0.7359713457274433
YDR435C,-1,47.661184565565996,100,1549,4314,139,0.7233693870862012,0.06064281382656155,0.41841004184100417,0.2641992154187276,0.7358007845812724
YDL018C,-1,47.6549483350486,100,1550,4313,139,0.7232055063913471,0.06060606060606061,0.41841004184100417,0.2643697765648985,0.7356302234351015
YPL170W,-1,47.64377651961155,100,1551,4312,139,0.723041625696493,0.06056935190793458,0.41841004184100417,0.26454033771106944,0.7354596622889306
YCL061C,-1,47.61601619373212,100,1552,4311,139,0.7228777450016388,0.06053268765133172,0.41841004184100417,0.2647108988572403,0.7352891011427597
YOR288C,-1,47.597655906161734,100,1553,4310,139,0.7227138643067846,0.060496067755595885,0.41841004184100417,0.26488146000341123,0.7351185399965888
YLR056W,-1,47.59385865540499,100,1554,4309,139,0.7225499836119306,0.060459492140266025,0.41841004184100417,0.26505202114958215,0.7349479788504178
YOR026W,-1,47.564404204810685,100,1555,4308,139,0.7223861029170764,0.06042296072507553,0.41841004184100417,0.265222582295753,0.734777417704247
YBR256C,-1,47.560303636047145,100,1556,4307,139,0.7222222222222222,0.06038647342995169,0.41841004184100417,0.26539314344192394,0.7346068565580761
YOL065C,-1,47.55244395540801,100,1557,4306,139,0.722058341527368,0.060350030175015085,0.41841004184100417,0.2655637045880948,0.7344362954119051
YAL008W,-1,47.525728937284995,100,1558,4305,139,0.721894460832514,0.06031363088057901,0.41841004184100417,0.26573426573426573,0.7342657342657343
YDR176W,-1,47.51282714483802,100,1559,4304,139,0.7217305801376598,0.06027727546714889,0.41841004184100417,0.26590482688043665,0.7340951731195634
YJL100W,-1,47.511546950827366,100,1560,4303,139,0.7215666994428056,0.060240963855421686,0.41841004184100417,0.2660753880266075,0.7339246119733924
YER120W,-1,47.50951586332814,100,1561,4302,139,0.7214028187479515,0.060204695966285374,0.41841004184100417,0.26624594917277844,0.7337540508272216
YJL137C,-1,47.50409491093493,100,1562,4301,139,0.7212389380530974,0.06016847172081829,0.41841004184100417,0.26641651031894936,0.7335834896810507
YBR266C,-1,47.50100626067206,100,1563,4300,139,0.7210750573582432,0.06013229104028864,0.41841004184100417,0.26658707146512023,0.7334129285348797
YPR109W,-1,47.48824094502015,100,1564,4299,139,0.720911176663389,0.06009615384615385,0.41841004184100417,0.26675763261129115,0.7332423673887088
YLR118C,-1,47.485346789016326,100,1565,4298,139,0.7207472959685349,0.06006006006006006,0.41841004184100417,0.2669281937574621,0.733071806242538
YDR226W,-1,47.47570746647935,100,1566,4297,139,0.7205834152736807,0.060024009603841535,0.41841004184100417,0.26709875490363294,0.732901245096367
YPR018W,-1,47.437219061768076,100,1567,4296,139,0.7204195345788266,0.059988002399520096,0.41841004184100417,0.26726931604980386,0.7327306839501961
YIL066C,-1,47.42196559041672,100,1568,4295,139,0.7202556538839725,0.05995203836930456,0.41841004184100417,0.2674398771959748,0.7325601228040253
YNL272C,-1,47.41098732217187,100,1569,4294,139,0.7200917731891183,0.05991611743559017,0.41841004184100417,0.26761043834214565,0.7323895616578543
YIL114C,-1,47.4074347851026,100,1570,4293,139,0.7199278924942641,0.059880239520958084,0.41841004184100417,0.2677809994883166,0.7322190005116834
YBR167C,-1,47.3919881645879,100,1571,4292,139,0.7197640117994101,0.059844404548174746,0.41841004184100417,0.26795156063448744,0.7320484393655126
YAL005C,-1,47.379925891688984,100,1572,4291,139,0.7196001311045559,0.05980861244019139,0.41841004184100417,0.26812212178065836,0.7318778782193416
YPL195W,-1,47.37643188038783,100,1573,4290,139,0.7194362504097017,0.05977286312014345,0.41841004184100417,0.2682926829268293,0.7317073170731707
YNL004W,-1,47.35431288152295,100,1574,4289,139,0.7192723697148475,0.05973715651135006,0.41841004184100417,0.26846324407300015,0.7315367559269998
YOL063C,-1,47.34017383957854,100,1575,4288,139,0.7191084890199935,0.05970149253731343,0.41841004184100417,0.2686338052191711,0.731366194780829
YDR080W,-1,47.32680371222297,100,1576,4287,139,0.7189446083251393,0.059665871121718374,0.41841004184100417,0.268804366365342,0.731195633634658
YOR232W,-1,47.30193691767141,100,1577,4286,139,0.7187807276302851,0.05963029218843172,0.41841004184100417,0.26897492751151286,0.7310250724884871
YKL059C,-1,47.29252926770815,100,1578,4285,139,0.718616846935431,0.05959475566150179,0.41841004184100417,0.2691454886576838,0.7308545113423163
YGL244W,-1,47.280511637107935,100,1579,4284,139,0.7184529662405769,0.05955926146515783,0.41841004184100417,0.2693160498038547,0.7306839501961453
YDR183W,-1,47.25307056965574,100,1580,4283,139,0.7182890855457227,0.05952380952380952,0.41841004184100417,0.2694866109500256,0.7305133890499744
YBR280C,1,47.235079543017065,101,1580,4283,138,0.7184529662405769,0.060083283759666865,0.4225941422594142,0.2694866109500256,0.7305133890499744
YGR122W,-1,47.2219266804168,101,1581,4282,138,0.7182890855457227,0.06004756242568371,0.4225941422594142,0.2696571720961965,0.7303428279038036
YBR240C,-1,47.200427004033784,101,1582,4281,138,0.7181252048508686,0.06001188354129531,0.4225941422594142,0.26982773324236736,0.7301722667576326
YIL082W-A,-1,47.18376990815159,101,1583,4280,138,0.7179613241560144,0.05997624703087886,0.4225941422594142,0.2699982943885383,0.7300017056114617
YIL049W,-1,47.171384123498434,101,1584,4279,138,0.7177974434611603,0.0599406528189911,0.4225941422594142,0.2701688555347092,0.7298311444652908
YNL318C,-1,47.1514699113377,101,1585,4278,138,0.7176335627663061,0.059905100830367736,0.4225941422594142,0.2703394166808801,0.7296605833191199
YMR109W,-1,47.142058637577705,101,1586,4277,138,0.717469682071452,0.05986959098992294,0.4225941422594142,0.270509977827051,0.729490022172949
YBL005W-B,-1,47.128414811217226,101,1587,4276,138,0.7173058013765978,0.059834123222748815,0.4225941422594142,0.2706805389732219,0.7293194610267781
YKL094W,-1,47.1217843466963,101,1588,4275,138,0.7171419206817436,0.05979869745411486,0.4225941422594142,0.2708511001193928,0.7291488998806072
YBR085W,-1,47.08494579639404,101,1589,4274,138,0.7169780399868896,0.059763313609467454,0.4225941422594142,0.2710216612655637,0.7289783387344363
YMR202W,-1,47.0829372463606,101,1590,4273,138,0.7168141592920354,0.05972797161442933,0.4225941422594142,0.27119222241173463,0.7288077775882654
YBR211C,-1,47.07469509598786,101,1591,4272,138,0.7166502785971812,0.05969267139479906,0.4225941422594142,0.2713627835579055,0.7286372164420944
YHR207C,-1,47.070615098394185,101,1592,4271,138,0.7164863979023272,0.0596574128765505,0.4225941422594142,0.2715333447040764,0.7284666552959236
YBR271W,-1,47.05058004711009,101,1593,4270,138,0.716322517207473,0.05962219598583235,0.4225941422594142,0.27170390585024734,0.7282960941497527
YPR113W,-1,47.00240105776388,101,1594,4269,138,0.7161586365126188,0.05958702064896755,0.4225941422594142,0.2718744669964182,0.7281255330035817
YKL135C,-1,46.976821337929664,101,1595,4268,138,0.7159947558177646,0.05955188679245283,0.4225941422594142,0.27204502814258913,0.7279549718574109
YDL123W,-1,46.972576705714516,101,1596,4267,138,0.7158308751229105,0.05951679434295816,0.4225941422594142,0.27221558928876,0.72778441071124
YGL247W,-1,46.96945522878559,101,1597,4266,138,0.7156669944280564,0.059481743227326266,0.4225941422594142,0.2723861504349309,0.727613849565069
YNL100W,-1,46.959581264849476,101,1598,4265,138,0.7155031137332022,0.0594467333725721,0.4225941422594142,0.27255671158110184,0.7274432884188982
YLR211C,-1,46.93199953788644,101,1599,4264,138,0.7153392330383481,0.05941176470588235,0.4225941422594142,0.2727272727272727,0.7272727272727273
YBR276C,-1,46.93060440446256,101,1600,4263,138,0.7151753523434939,0.059376837154614934,0.4225941422594142,0.27289783387344363,0.7271021661265563
YJR082C,-1,46.925127732933106,101,1601,4262,138,0.7150114716486398,0.05934195064629847,0.4225941422594142,0.27306839501961455,0.7269316049803854
YEL022W,-1,46.89272882120434,101,1602,4261,138,0.7148475909537857,0.059307105108631825,0.4225941422594142,0.2732389561657854,0.7267610438342146
YJL052W,-1,46.88480045065424,101,1603,4260,138,0.7146837102589315,0.05927230046948357,0.4225941422594142,0.27340951731195634,0.7265904826880437
YJL104W,-1,46.86518328803314,101,1604,4259,138,0.7145198295640773,0.05923753665689149,0.4225941422594142,0.27358007845812726,0.7264199215418727
YAL023C,-1,46.85740132812545,101,1605,4258,138,0.7143559488692232,0.05920281359906213,0.4225941422594142,0.27375063960429813,0.7262493603957019
YPL210C,-1,46.85209598826087,101,1606,4257,138,0.7141920681743691,0.05916813122437024,0.4225941422594142,0.27392120075046905,0.726078799249531
YMR305C,-1,46.838011211182966,101,1607,4256,138,0.7140281874795149,0.05913348946135832,0.4225941422594142,0.2740917618966399,0.72590823810336
YPL176C,1,46.837833274947684,102,1607,4256,137,0.7141920681743691,0.05968402574605032,0.42677824267782427,0.2740917618966399,0.72590823810336
YMR258C,-1,46.80949458660689,102,1608,4255,137,0.7140281874795149,0.05964912280701754,0.42677824267782427,0.27426232304281084,0.7257376769571892
YKR037C,-1,46.80151398168062,102,1609,4254,137,0.7138643067846607,0.05961426066627703,0.42677824267782427,0.27443288418898176,0.7255671158110183
YPL054W,-1,46.768982945809555,102,1610,4253,137,0.7137004260898067,0.05957943925233645,0.42677824267782427,0.27460344533515263,0.7253965546648473
YCR084C,-1,46.760236818083044,102,1611,4252,137,0.7135365453949525,0.0595446584938704,0.42677824267782427,0.27477400648132355,0.7252259935186764
YPL063W,-1,46.75877133014178,102,1612,4251,137,0.7133726647000983,0.059509918319719954,0.42677824267782427,0.2749445676274945,0.7250554323725056
YGR227W,-1,46.74658763630008,102,1613,4250,137,0.7132087840052442,0.05947521865889213,0.42677824267782427,0.27511512877366534,0.7248848712263346
YIL076W,-1,46.73372202307827,102,1614,4249,137,0.71304490331039,0.05944055944055944,0.42677824267782427,0.27528568991983626,0.7247143100801637
YIL124W,-1,46.723386448142534,102,1615,4248,137,0.7128810226155359,0.0594059405940594,0.42677824267782427,0.2754562510660072,0.7245437489339929
YKL157W,-1,46.69183336197926,102,1616,4247,137,0.7127171419206817,0.059371362048894066,0.42677824267782427,0.27562681221217805,0.7243731877878219
YAR033W,-1,46.67578069202747,102,1617,4246,137,0.7125532612258276,0.059336823734729496,0.42677824267782427,0.275797373358349,0.724202626641651
YMR237W,-1,46.657170326112244,102,1618,4245,137,0.7123893805309734,0.05930232558139535,0.42677824267782427,0.2759679345045199,0.7240320654954802
YEL044W,-1,46.636690439641946,102,1619,4244,137,0.7122254998361193,0.05926786751888437,0.42677824267782427,0.27613849565069076,0.7238615043493092
YMR071C,-1,46.62668337301913,102,1620,4243,137,0.7120616191412652,0.059233449477351915,0.42677824267782427,0.2763090567968617,0.7236909432031383
YBR053C,-1,46.62657996535927,102,1621,4242,137,0.711897738446411,0.0591990713871155,0.42677824267782427,0.27647961794303255,0.7235203820569674
YMR117C,-1,46.610453217033566,102,1622,4241,137,0.7117338577515568,0.05916473317865429,0.42677824267782427,0.2766501790892035,0.7233498209107965
YGL026C,-1,46.608660210676206,102,1623,4240,137,0.7115699770567028,0.059130434782608696,0.42677824267782427,0.2768207402353744,0.7231792597646256
YDL109C,-1,46.60307281457017,102,1624,4239,137,0.7114060963618486,0.05909617612977984,0.42677824267782427,0.27699130138154526,0.7230086986184547
YMR176W,-1,46.58948917980186,102,1625,4238,137,0.7112422156669944,0.05906195715112913,0.42677824267782427,0.2771618625277162,0.7228381374722838
YOR066W,-1,46.54956221887634,102,1626,4237,137,0.7110783349721402,0.059027777777777776,0.42677824267782427,0.2773324236738871,0.7226675763261129
YLR253W,-1,46.52857838943055,102,1627,4236,137,0.7109144542772862,0.058993637941006365,0.42677824267782427,0.277502984820058,0.722497015179942
YJL167W,-1,46.49921254202608,102,1628,4235,137,0.710750573582432,0.058959537572254334,0.42677824267782427,0.2776735459662289,0.7223264540337712
YHR173C,-1,46.46226980199572,102,1629,4234,137,0.7105866928875778,0.058925476603119586,0.42677824267782427,0.2778441071123998,0.7221558928876002
YEL027W,-1,46.457555252167424,102,1630,4233,137,0.7104228121927237,0.05889145496535797,0.42677824267782427,0.2780146682585707,0.7219853317414293
YIL140W,-1,46.454935338848024,102,1631,4232,137,0.7102589314978696,0.058857472590882864,0.42677824267782427,0.2781852294047416,0.7218147705952584
YFR010W,1,46.44414980373976,103,1631,4232,136,0.7104228121927237,0.059400230680507496,0.4309623430962343,0.2781852294047416,0.7218147705952584
YNR023W,-1,46.43032232693205,103,1632,4231,136,0.7102589314978696,0.05936599423631124,0.4309623430962343,0.27835579055091253,0.7216442094490875
YKR062W,-1,46.411293958497936,103,1633,4230,136,0.7100950508030154,0.05933179723502304,0.4309623430962343,0.2785263516970834,0.7214736483029166
YHR200W,1,46.40658906447285,104,1633,4230,135,0.7102589314978696,0.059873344847438115,0.4351464435146444,0.2785263516970834,0.7214736483029166
YBR234C,-1,46.36548637579739,104,1634,4229,135,0.7100950508030154,0.05983889528193326,0.4351464435146444,0.2786969128432543,0.7213030871567457
YNL041C,-1,46.361056142739756,104,1635,4228,135,0.7099311701081613,0.05980448533640023,0.4351464435146444,0.2788674739894252,0.7211325260105748
YNR063W,-1,46.35458155738016,104,1636,4227,135,0.7097672894133071,0.059770114942528735,0.4351464435146444,0.2790380351355961,0.7209619648644039
YMR127C,-1,46.34648837663512,104,1637,4226,135,0.709603408718453,0.05973578403216542,0.4351464435146444,0.27920859628176703,0.720791403718233
YOR273C,-1,46.33959398746944,104,1638,4225,135,0.7094395280235988,0.05970149253731343,0.4351464435146444,0.2793791574279379,0.720620842572062
YKR052C,-1,46.33425641780459,104,1639,4224,135,0.7092756473287447,0.05966724039013196,0.4351464435146444,0.2795497185741088,0.7204502814258912
YOR064C,-1,46.31861179169813,104,1640,4223,135,0.7091117666338905,0.05963302752293578,0.4351464435146444,0.27972027972027974,0.7202797202797203
YOL102C,-1,46.31623701546505,104,1641,4222,135,0.7089478859390363,0.05959885386819484,0.4351464435146444,0.2798908408664506,0.7201091591335493
YJL168C,-1,46.298530862610335,104,1642,4221,135,0.7087840052441823,0.05956471935853379,0.4351464435146444,0.28006140201262153,0.7199385979873785
YBR071W,-1,46.26525688277252,104,1643,4220,135,0.7086201245493281,0.059530623926731537,0.4351464435146444,0.28023196315879245,0.7197680368412076
YDL236W,-1,46.24840469108059,104,1644,4219,135,0.7084562438544739,0.059496567505720827,0.4351464435146444,0.2804025243049633,0.7195974756950366
YNL233W,-1,46.23106304585754,104,1645,4218,135,0.7082923631596197,0.05946255002858777,0.4351464435146444,0.28057308545113424,0.7194269145488658
YDR054C,1,46.17933488697966,105,1645,4218,134,0.7084562438544739,0.06,0.4393305439330544,0.28057308545113424,0.7194269145488658
YOR103C,-1,46.177026355476876,105,1646,4217,134,0.7082923631596197,0.05996573386636208,0.4393305439330544,0.2807436465973051,0.7192563534026949
YER140W,-1,46.17149405566306,105,1647,4216,134,0.7081284824647657,0.059931506849315065,0.4393305439330544,0.28091420774347603,0.7190857922565239
YNL172W,1,46.168770867507014,106,1647,4216,133,0.7082923631596197,0.06046776953793497,0.4435146443514644,0.28091420774347603,0.7190857922565239
YGR091W,-1,46.13784980635957,106,1648,4215,133,0.7081284824647657,0.06043329532497149,0.4435146443514644,0.28108476888964695,0.718915231110353
YDR518W,-1,46.109421756470766,106,1649,4214,133,0.7079646017699115,0.0603988603988604,0.4435146443514644,0.2812553300358178,0.7187446699641822
YER166W,-1,46.10812054667225,106,1650,4213,133,0.7078007210750573,0.06036446469248292,0.4435146443514644,0.28142589118198874,0.7185741088180112
YPL192C,-1,46.09496276151706,106,1651,4212,133,0.7076368403802032,0.06033010813887308,0.4435146443514644,0.28159645232815966,0.7184035476718403
YBR098W,-1,46.07503453719129,106,1652,4211,133,0.7074729596853491,0.06029579067121729,0.4435146443514644,0.28176701347433053,0.7182329865256695
YBL067C,1,46.05697172105612,107,1652,4211,132,0.7076368403802032,0.06083001705514497,0.4476987447698745,0.28176701347433053,0.7182329865256695
YCR067C,-1,46.03412871193099,107,1653,4210,132,0.7074729596853491,0.06079545454545455,0.4476987447698745,0.28193757462050145,0.7180624253794986
YOR228C,-1,46.032406616152,107,1654,4209,132,0.7073090789904949,0.06076093128904032,0.4476987447698745,0.2821081357666724,0.7178918642333276
YMR162C,-1,46.006809578013744,107,1655,4208,132,0.7071451982956408,0.06072644721906924,0.4476987447698745,0.28227869691284324,0.7177213030871568
YGR063C,-1,45.97456041726562,107,1656,4207,132,0.7069813176007866,0.060692002268859895,0.4476987447698745,0.28244925805901416,0.7175507419409859
YGR172C,-1,45.9628338941415,107,1657,4206,132,0.7068174369059325,0.06065759637188209,0.4476987447698745,0.2826198192051851,0.7173801807948149
YML007W,-1,45.95207980436589,107,1658,4205,132,0.7066535562110783,0.06062322946175638,0.4476987447698745,0.28279038035135595,0.717209619648644
YKL150W,-1,45.931091169065056,107,1659,4204,132,0.7064896755162242,0.06058890147225368,0.4476987447698745,0.2829609414975269,0.7170390585024732
YHR042W,-1,45.91663002813367,107,1660,4203,132,0.70632579482137,0.06055461233729485,0.4476987447698745,0.28313150264369774,0.7168684973563022
YOL069W,-1,45.89212621266677,107,1661,4202,132,0.7061619141265159,0.060520361990950226,0.4476987447698745,0.28330206378986866,0.7166979362101313
YHL043W,-1,45.890687638705685,107,1662,4201,132,0.7059980334316618,0.060486150367439234,0.4476987447698745,0.2834726249360396,0.7165273750639605
YJR078W,-1,45.88640552956207,107,1663,4200,132,0.7058341527368076,0.060451977401129946,0.4476987447698745,0.28364318608221045,0.7163568139177895
YPR094W,-1,45.88554914040867,107,1664,4199,132,0.7056702720419534,0.06041784302653868,0.4476987447698745,0.2838137472283814,0.7161862527716186
YKR055W,-1,45.88515209448493,107,1665,4198,132,0.7055063913470994,0.06038374717832957,0.4476987447698745,0.2839843083745523,0.7160156916254478
YLR193C,-1,45.8825623650031,107,1666,4197,132,0.7053425106522452,0.06034968979131416,0.4476987447698745,0.28415486952072316,0.7158451304792768
YCL043C,-1,45.87588995429996,107,1667,4196,132,0.705178629957391,0.06031567080045096,0.4476987447698745,0.2843254306668941,0.7156745693331059
YIR037W,-1,45.86921507888663,107,1668,4195,132,0.7050147492625368,0.06028169014084507,0.4476987447698745,0.284495991813065,0.715504008186935
YOR245C,-1,45.847046686229184,107,1669,4194,132,0.7048508685676828,0.06024774774774775,0.4476987447698745,0.2846665529592359,0.7153334470407641
YKL179C,-1,45.835580882281874,107,1670,4193,132,0.7046869878728286,0.06021384355655599,0.4476987447698745,0.2848371141054068,0.7151628858945932
YOR193W,-1,45.828082065466106,107,1671,4192,132,0.7045231071779744,0.06017997750281215,0.4476987447698745,0.28500767525157766,0.7149923247484223
YFL051C,-1,45.807182810467566,107,1672,4191,132,0.7043592264831203,0.060146149522203485,0.4476987447698745,0.2851782363977486,0.7148217636022514
YNL180C,-1,45.79863095038839,107,1673,4190,132,0.7041953457882661,0.060112359550561795,0.4476987447698745,0.2853487975439195,0.7146512024560805
YKL145W,1,45.786654375364385,108,1673,4190,131,0.7043592264831203,0.060640089837170126,0.45188284518828453,0.2853487975439195,0.7146512024560805
YDL160C,-1,45.75526674857517,108,1674,4189,131,0.7041953457882661,0.06060606060606061,0.45188284518828453,0.2855193586900904,0.7144806413099096
YIR036C,-1,45.75381096107632,108,1675,4188,131,0.704031465093412,0.06057206954570948,0.45188284518828453,0.2856899198362613,0.7143100801637386
YGL124C,-1,45.75070405511272,108,1676,4187,131,0.7038675843985579,0.06053811659192825,0.45188284518828453,0.2858604809824322,0.7141395190175678
YIL042C,-1,45.747860716505585,108,1677,4186,131,0.7037037037037037,0.06050420168067227,0.45188284518828453,0.2860310421286031,0.7139689578713969
YER123W,-1,45.74473468012862,108,1678,4185,131,0.7035398230088495,0.060470324748040316,0.45188284518828453,0.286201603274774,0.713798396725226
YDR524C,-1,45.72690770339139,108,1679,4184,131,0.7033759423139954,0.0604364857302742,0.45188284518828453,0.28637216442094493,0.7136278355790551
YPR188C,-1,45.717236661732,108,1680,4183,131,0.7032120616191413,0.06040268456375839,0.45188284518828453,0.2865427255671158,0.7134572744328842
YDR191W,-1,45.714010673271346,108,1681,4182,131,0.7030481809242871,0.06036892118501956,0.45188284518828453,0.2867132867132867,0.7132867132867133
YDR325W,-1,45.69838564293351,108,1682,4181,131,0.7028843002294329,0.060335195530726256,0.45188284518828453,0.28688384785945764,0.7131161521405424
YDR334W,-1,45.65385818653839,108,1683,4180,131,0.7027204195345789,0.06030150753768844,0.45188284518828453,0.2870544090056285,0.7129455909943715
YFR003C,-1,45.641209718453304,108,1684,4179,131,0.7025565388397247,0.060267857142857144,0.45188284518828453,0.28722497015179943,0.7127750298482006
YOR181W,-1,45.5835550058507,108,1685,4178,131,0.7023926581448705,0.06023424428332404,0.45188284518828453,0.2873955312979703,0.7126044687020296
YIL129C,-1,45.55486896828162,108,1686,4177,131,0.7022287774500164,0.06020066889632107,0.45188284518828453,0.2875660924441412,0.7124339075558588
YML003W,-1,45.54902541902629,108,1687,4176,131,0.7020648967551623,0.06016713091922005,0.45188284518828453,0.28773665359031214,0.7122633464096879
YGR143W,-1,45.543844786851885,108,1688,4175,131,0.7019010160603081,0.060133630289532294,0.45188284518828453,0.287907214736483,0.7120927852635169
YDL019C,-1,45.52255846334139,108,1689,4174,131,0.7017371353654539,0.06010016694490818,0.45188284518828453,0.28807777588265393,0.7119222241173461
YLR179C,-1,45.521111978801855,108,1690,4173,131,0.7015732546705998,0.060066740823136816,0.45188284518828453,0.28824833702882485,0.7117516629711752
YBR241C,-1,45.520676697710655,108,1691,4172,131,0.7014093739757457,0.06003335186214564,0.45188284518828453,0.2884188981749957,0.7115811018250042
YGL112C,-1,45.50993469390231,108,1692,4171,131,0.7012454932808915,0.06,0.45188284518828453,0.28858945932116664,0.7114105406788334
YEL071W,-1,45.49447275828392,108,1693,4170,131,0.7010816125860374,0.059966685174902834,0.45188284518828453,0.28876002046733756,0.7112399795326625
YPR134W,-1,45.48621893953804,108,1694,4169,131,0.7009177318911832,0.05993340732519423,0.45188284518828453,0.28893058161350843,0.7110694183864915
YHL030W,-1,45.483644015292526,108,1695,4168,131,0.700753851196329,0.059900166389351084,0.45188284518828453,0.28910114275967935,0.7108988572403206
YNR012W,-1,45.47713493698018,108,1696,4167,131,0.700589970501475,0.0598669623059867,0.45188284518828453,0.2892717039058503,0.7107282960941498
YEL047C,-1,45.47220268825252,108,1697,4166,131,0.7004260898066208,0.059833795013850416,0.45188284518828453,0.28944226505202114,0.7105577349479788
YGL083W,-1,45.4561093277237,108,1698,4165,131,0.7002622091117666,0.059800664451827246,0.45188284518828453,0.28961282619819206,0.7103871738018079
YLR229C,-1,45.446708842354056,108,1699,4164,131,0.7000983284169124,0.059767570558937465,0.45188284518828453,0.28978338734436293,0.7102166126556371
YGR257C,-1,45.44396997990728,108,1700,4163,131,0.6999344477220584,0.059734513274336286,0.45188284518828453,0.28995394849053385,0.7100460515094661
YBL069W,-1,45.44046990250061,108,1701,4162,131,0.6997705670272042,0.05970149253731343,0.45188284518828453,0.2901245096367048,0.7098754903632952
YGR125W,-1,45.35997443632823,108,1702,4161,131,0.69960668633235,0.05966850828729282,0.45188284518828453,0.29029507078287564,0.7097049292171244
YJR143C,-1,45.358831943847726,108,1703,4160,131,0.699442805637496,0.05963556046383214,0.45188284518828453,0.29046563192904656,0.7095343680709535
YGL049C,-1,45.352833001421246,108,1704,4159,131,0.6992789249426418,0.059602649006622516,0.45188284518828453,0.2906361930752175,0.7093638069247825
YPL113C,-1,45.3360927791764,108,1705,4158,131,0.6991150442477876,0.05956977385548814,0.45188284518828453,0.29080675422138835,0.7091932457786116
YMR077C,1,45.33352531359395,109,1705,4158,130,0.6992789249426418,0.060088202866593166,0.4560669456066946,0.29080675422138835,0.7091932457786116
YOR375C,-1,45.32937205604341,109,1706,4157,130,0.6991150442477876,0.06005509641873278,0.4560669456066946,0.2909773153675593,0.7090226846324408
YGR102C,-1,45.3279274573797,109,1707,4156,130,0.6989511635529335,0.06002202643171806,0.4560669456066946,0.2911478765137302,0.7088521234862698
YOR319W,-1,45.325659267722784,109,1708,4155,130,0.6987872828580793,0.059988992845349476,0.4560669456066946,0.29131843765990106,0.7086815623400989
YLR231C,-1,45.306794488457186,109,1709,4154,130,0.6986234021632252,0.059955995599559955,0.4560669456066946,0.291488998806072,0.7085110011939281
YOR067C,-1,45.28824077383154,109,1710,4153,130,0.698459521468371,0.059923034634414514,0.4560669456066946,0.29165955995224285,0.7083404400477571
YBR176W,-1,45.23914104534662,109,1711,4152,130,0.6982956407735169,0.05989010989010989,0.4560669456066946,0.2918301210984138,0.7081698789015862
YGR169C-A,-1,45.216264195334105,109,1712,4151,130,0.6981317600786627,0.05985722130697419,0.4560669456066946,0.2920006822445847,0.7079993177554154
YGR133W,1,45.212336451191035,110,1712,4151,129,0.6982956407735169,0.06037321624588365,0.4602510460251046,0.2920006822445847,0.7079993177554154
YDR040C,-1,45.195503656547096,110,1713,4150,129,0.6981317600786627,0.06034009873834339,0.4602510460251046,0.29217124339075556,0.7078287566092444
YGR113W,-1,45.194270154008066,110,1714,4149,129,0.6979678793838086,0.06030701754385965,0.4602510460251046,0.2923418045369265,0.7076581954630735
YHL042W,-1,45.186024858288874,110,1715,4148,129,0.6978039986889545,0.06027397260273973,0.4602510460251046,0.2925123656830974,0.7074876343169026
YLR301W,-1,45.15087200512423,110,1716,4147,129,0.6976401179941003,0.060240963855421686,0.4602510460251046,0.2926829268292683,0.7073170731707317
YIL064W,-1,45.14522096953982,110,1717,4146,129,0.6974762372992461,0.060207991242474,0.4602510460251046,0.2928534879754392,0.7071465120245608
YDL238C,-1,45.09377132214459,110,1718,4145,129,0.697312356604392,0.060175054704595186,0.4602510460251046,0.2930240491216101,0.7069759508783899
YGL186C,-1,45.085526162766485,110,1719,4144,129,0.6971484759095379,0.06014215418261345,0.4602510460251046,0.293194610267781,0.706805389732219
YLL024C,-1,45.08503649507355,110,1720,4143,129,0.6969845952146837,0.060109289617486336,0.4602510460251046,0.2933651714139519,0.7066348285860481
YMR323W,-1,45.0804444167503,110,1721,4142,129,0.6968207145198295,0.060076460950300385,0.4602510460251046,0.29353573256012283,0.7064642674398772
YGL126W,-1,45.032756841646986,110,1722,4141,129,0.6966568338249755,0.060043668122270744,0.4602510460251046,0.2937062937062937,0.7062937062937062
YLR059C,-1,45.01075514687277,110,1723,4140,129,0.6964929531301213,0.06001091107474086,0.4602510460251046,0.2938768548524646,0.7061231451475354
YCR096C,-1,44.98201709194676,110,1724,4139,129,0.6963290724352671,0.05997818974918211,0.4602510460251046,0.2940474159986355,0.7059525840013645
YER086W,-1,44.95234708746223,110,1725,4138,129,0.696165191740413,0.05994550408719346,0.4602510460251046,0.2942179771448064,0.7057820228551935
YMR262W,-1,44.94877372648821,110,1726,4137,129,0.6960013110455588,0.05991285403050109,0.4602510460251046,0.29438853829097733,0.7056114617090227
YHR005C,-1,44.9386820834643,110,1727,4136,129,0.6958374303507047,0.059880239520958084,0.4602510460251046,0.2945590994371482,0.7054409005628518
YGL248W,-1,44.93213832130412,110,1728,4135,129,0.6956735496558505,0.05984766050054407,0.4602510460251046,0.2947296605833191,0.7052703394166808
YNL059C,-1,44.8929758921727,110,1729,4134,129,0.6955096689609964,0.059815116911364874,0.4602510460251046,0.29490022172949004,0.70509977827051
YCL063W,-1,44.88831963786452,110,1730,4133,129,0.6953457882661422,0.059782608695652176,0.4602510460251046,0.2950707828756609,0.7049292171243391
YPL137C,-1,44.885034765214314,110,1731,4132,129,0.6951819075712881,0.05975013579576317,0.4602510460251046,0.29524134402183183,0.7047586559781682
YDL044C,-1,44.866761169779224,110,1732,4131,129,0.695018026876434,0.05971769815418024,0.4602510460251046,0.29541190516800275,0.7045880948319972
YGR004W,-1,44.85634605107659,110,1733,4130,129,0.6948541461815798,0.05968529571351058,0.4602510460251046,0.2955824663141736,0.7044175336858264
YOL145C,-1,44.84633666410099,110,1734,4129,129,0.6946902654867256,0.0596529284164859,0.4602510460251046,0.29575302746034454,0.7042469725396555
YNL206C,-1,44.83989683510104,110,1735,4128,129,0.6945263847918716,0.05962059620596206,0.4602510460251046,0.2959235886065154,0.7040764113934845
YMR002W,-1,44.836968718653644,110,1736,4127,129,0.6943625040970174,0.059588299024918745,0.4602510460251046,0.29609414975268633,0.7039058502473137
YGL116W,-1,44.836300226594744,110,1737,4126,129,0.6941986234021632,0.05955603681645912,0.4602510460251046,0.29626471089885725,0.7037352891011428
YOL030W,-1,44.809153582713236,110,1738,4125,129,0.694034742707309,0.05952380952380952,0.4602510460251046,0.2964352720450281,0.7035647279549718
YOR283W,-1,44.77689215995997,110,1739,4124,129,0.693870862012455,0.05949161709031909,0.4602510460251046,0.29660583319119904,0.703394166808801
YMR306W,-1,44.776100931434385,110,1740,4123,129,0.6937069813176008,0.05945945945945946,0.4602510460251046,0.29677639433736996,0.7032236056626301
YML125C,-1,44.77361525281809,110,1741,4122,129,0.6935431006227466,0.05942733657482442,0.4602510460251046,0.29694695548354083,0.7030530445164591
YER042W,-1,44.76912801292655,110,1742,4121,129,0.6933792199278925,0.05939524838012959,0.4602510460251046,0.29711751662971175,0.7028824833702882
YJR005W,-1,44.76126109251976,110,1743,4120,129,0.6932153392330384,0.05936319481921209,0.4602510460251046,0.2972880777758827,0.7027119222241174
YKL206C,1,44.75879317340993,111,1743,4120,128,0.6933792199278925,0.059870550161812294,0.46443514644351463,0.2972880777758827,0.7027119222241174
YJL065C,-1,44.75667910158323,111,1744,4119,128,0.6932153392330384,0.05983827493261455,0.46443514644351463,0.29745863892205354,0.7025413610779464
YLR166C,-1,44.716727580057466,111,1745,4118,128,0.6930514585381842,0.05980603448275862,0.46443514644351463,0.29762920006822446,0.7023707999317755
YJL185C,-1,44.71626070602787,111,1746,4117,128,0.6928875778433301,0.05977382875605816,0.46443514644351463,0.2977997612143954,0.7022002387856047
YCR083W,-1,44.69746742840177,111,1747,4116,128,0.6927236971484759,0.05974165769644779,0.46443514644351463,0.29797032236056625,0.7020296776394337
YBR040W,-1,44.697252127904136,111,1748,4115,128,0.6925598164536217,0.05970952124798279,0.46443514644351463,0.2981408835067372,0.7018591164932628
YGR174C,-1,44.69575822670275,111,1749,4114,128,0.6923959357587676,0.05967741935483871,0.46443514644351463,0.29831144465290804,0.701688555347092
YGL173C,-1,44.66353204280434,111,1750,4113,128,0.6922320550639135,0.05964535196131112,0.46443514644351463,0.29848200579907896,0.701517994200921
YLR093C,-1,44.640558589351,111,1751,4112,128,0.6920681743690593,0.059613319011815255,0.46443514644351463,0.2986525669452499,0.7013474330547501
YKL140W,-1,44.62951992298183,111,1752,4111,128,0.6919042936742051,0.05958132045088567,0.46443514644351463,0.29882312809142075,0.7011768719085792
YOR301W,-1,44.62393288400574,111,1753,4110,128,0.6917404129793511,0.05954935622317597,0.46443514644351463,0.2989936892375917,0.7010063107624083
YJL049W,-1,44.58860921573381,111,1754,4109,128,0.6915765322844969,0.05951742627345844,0.46443514644351463,0.2991642503837626,0.7008357496162374
YML099C,-1,44.58305792881424,111,1755,4108,128,0.6914126515896427,0.0594855305466238,0.46443514644351463,0.29933481152993346,0.7006651884700665
YDL226C,-1,44.57232672434522,111,1756,4107,128,0.6912487708947886,0.05945366898768077,0.46443514644351463,0.2995053726761044,0.7004946273238957
YJR017C,-1,44.57179921206137,111,1757,4106,128,0.6910848901999345,0.059421841541755886,0.46443514644351463,0.2996759338222753,0.7003240661777247
YDR063W,-1,44.5710239019445,111,1758,4105,128,0.6909210095050803,0.0593900481540931,0.46443514644351463,0.2998464949684462,0.7001535050315538
YDR138W,-1,44.56976638661217,111,1759,4104,128,0.6907571288102261,0.059358288770053474,0.46443514644351463,0.3000170561146171,0.699982943885383
YJR105W,-1,44.56733458226162,111,1760,4103,128,0.690593248115372,0.059326563335114914,0.46443514644351463,0.300187617260788,0.699812382739212
YDL234C,-1,44.562725630032254,111,1761,4102,128,0.6904293674205179,0.05929487179487179,0.46443514644351463,0.3003581784069589,0.6996418215930411
YOR337W,-1,44.5529418572958,111,1762,4101,128,0.6902654867256637,0.059263214095034704,0.46443514644351463,0.3005287395531298,0.6994712604468702
YML050W,-1,44.52588152616863,111,1763,4100,128,0.6901016060308096,0.059231590181430094,0.46443514644351463,0.3006993006993007,0.6993006993006993
YBR164C,-1,44.48802068043381,111,1764,4099,128,0.6899377253359554,0.0592,0.46443514644351463,0.3008698618454716,0.6991301381545284
YBL080C,-1,44.47607233231951,111,1765,4098,128,0.6897738446411013,0.059168443496801705,0.46443514644351463,0.3010404229916425,0.6989595770083575
YDR385W,-1,44.474292568207744,111,1766,4097,128,0.6896099639462472,0.05913692061800746,0.46443514644351463,0.3012109841378134,0.6987890158621866
YHR191C,-1,44.44715571997517,111,1767,4096,128,0.689446083251393,0.05910543130990415,0.46443514644351463,0.3013815452839843,0.6986184547160157
YMR296C,-1,44.419153470075926,111,1768,4095,128,0.6892822025565388,0.05907397551889303,0.46443514644351463,0.30155210643015523,0.6984478935698448
YMR197C,-1,44.40427477678984,111,1769,4094,128,0.6891183218616846,0.059042553191489364,0.46443514644351463,0.3017226675763261,0.6982773324236738
YGL175C,-1,44.39088910049802,111,1770,4093,128,0.6889544411668306,0.05901116427432217,0.46443514644351463,0.301893228722497,0.698106771277503
YJL130C,-1,44.38438043344917,111,1771,4092,128,0.6887905604719764,0.0589798087141339,0.46443514644351463,0.30206378986866794,0.6979362101313321
YMR318C,-1,44.36513153266722,111,1772,4091,128,0.6886266797771222,0.05894848645778014,0.46443514644351463,0.3022343510148388,0.6977656489851611
YLR408C,-1,44.33987202656226,111,1773,4090,128,0.6884627990822682,0.0589171974522293,0.46443514644351463,0.30240491216100973,0.6975950878389903
YJR138W,-1,44.326737736974536,111,1774,4089,128,0.688298918387414,0.05888594164456233,0.46443514644351463,0.3025754733071806,0.6974245266928194
YMR266W,-1,44.32477692830946,111,1775,4088,128,0.6881350376925598,0.05885471898197243,0.46443514644351463,0.3027460344533515,0.6972539655466484
YLR075W,-1,44.32419970865454,111,1776,4087,128,0.6879711569977057,0.058823529411764705,0.46443514644351463,0.30291659559952244,0.6970834044004776
YLR127C,1,44.30818010793669,112,1776,4087,127,0.6881350376925598,0.059322033898305086,0.4686192468619247,0.30291659559952244,0.6970834044004776
YHL032C,-1,44.301773170612634,112,1777,4086,127,0.6879711569977057,0.059290629962943354,0.4686192468619247,0.3030871567456933,0.6969128432543067
YKR085C,-1,44.28248687233912,112,1778,4085,127,0.6878072763028515,0.05925925925925926,0.4686192468619247,0.30325771789186423,0.6967422821081357
YGR098C,-1,44.27593151725229,112,1779,4084,127,0.6876433956079974,0.059227921734531994,0.4686192468619247,0.30342827903803515,0.6965717209619648
YDL170W,-1,44.27042637164901,112,1780,4083,127,0.6874795149131432,0.05919661733615222,0.4686192468619247,0.303598840184206,0.696401159815794
YLR261C,-1,44.2560565842385,112,1781,4082,127,0.6873156342182891,0.05916534601162177,0.4686192468619247,0.30376940133037694,0.6962305986696231
YML052W,-1,44.20820380936583,112,1782,4081,127,0.6871517535234349,0.059134107708553325,0.4686192468619247,0.30393996247654786,0.6960600375234521
YPL094C,-1,44.20520370773582,112,1783,4080,127,0.6869878728285808,0.05910290237467018,0.4686192468619247,0.30411052362271873,0.6958894763772813
YIL162W,-1,44.192051569901466,112,1784,4079,127,0.6868239921337267,0.05907172995780591,0.4686192468619247,0.30428108476888965,0.6957189152311104
YFR047C,-1,44.18867617861712,112,1785,4078,127,0.6866601114388725,0.05904059040590406,0.4686192468619247,0.3044516459150606,0.6955483540849394
YJL079C,-1,44.17596753094587,112,1786,4077,127,0.6864962307440183,0.059009483667017915,0.4686192468619247,0.30462220706123144,0.6953777929387686
YBR102C,-1,44.17105967985687,112,1787,4076,127,0.6863323500491643,0.05897840968931016,0.4686192468619247,0.30479276820740236,0.6952072317925977
YOR109W,-1,44.149860147709326,112,1788,4075,127,0.6861684693543101,0.05894736842105263,0.4686192468619247,0.30496332935357323,0.6950366706464267
YKR013W,-1,44.13747595217973,112,1789,4074,127,0.6860045886594559,0.058916359810625984,0.4686192468619247,0.30513389049974415,0.6948661095002558
YCR011C,-1,44.13158184984846,112,1790,4073,127,0.6858407079646017,0.058885383806519455,0.4686192468619247,0.3053044516459151,0.694695548354085
YNL173C,-1,44.13029936557044,112,1791,4072,127,0.6856768272697477,0.058854440357330534,0.4686192468619247,0.30547501279208594,0.694524987207914
YOR104W,-1,44.10959611608076,112,1792,4071,127,0.6855129465748935,0.058823529411764705,0.4686192468619247,0.30564557393825686,0.6943544260617431
YDL056W,-1,44.10430990182794,112,1793,4070,127,0.6853490658800393,0.05879265091863517,0.4686192468619247,0.3058161350844278,0.6941838649155723
YGR230W,-1,44.08127234107265,112,1794,4069,127,0.6851851851851852,0.05876180482686254,0.4686192468619247,0.30598669623059865,0.6940133037694013
YIR006C,-1,44.07659890223482,112,1795,4068,127,0.685021304490331,0.05873099108547457,0.4686192468619247,0.3061572573767696,0.6938427426232304
YGL010W,-1,44.037911338070444,112,1796,4067,127,0.6848574237954769,0.05870020964360587,0.4686192468619247,0.3063278185229405,0.6936721814770596
YNL107W,-1,44.020078412169696,112,1797,4066,127,0.6846935431006227,0.058669460450497646,0.4686192468619247,0.30649837966911136,0.6935016203308886
YJL062W,-1,44.007207691097776,112,1798,4065,127,0.6845296624057686,0.05863874345549738,0.4686192468619247,0.3066689408152823,0.6933310591847177
YGL013C,-1,44.001760556415576,112,1799,4064,127,0.6843657817109144,0.05860805860805861,0.4686192468619247,0.30683950196145315,0.6931604980385468
YOR244W,-1,43.98763079018951,112,1800,4063,127,0.6842019010160603,0.058577405857740586,0.4686192468619247,0.3070100631076241,0.6929899368923759
YER022W,-1,43.9873690183917,112,1801,4062,127,0.6840380203212062,0.05854678515420805,0.4686192468619247,0.307180624253795,0.692819375746205
YHL007C,-1,43.97600686584684,112,1802,4061,127,0.683874139626352,0.05851619644723093,0.4686192468619247,0.30735118539996586,0.6926488146000341
YGL089C,-1,43.946005310472515,112,1803,4060,127,0.6837102589314978,0.05848563968668407,0.4686192468619247,0.3075217465461368,0.6924782534538632
YMR052W,-1,43.942208392852805,112,1804,4059,127,0.6835463782366438,0.05845511482254697,0.4686192468619247,0.3076923076923077,0.6923076923076923
YHR072W-A,-1,43.940736816453864,112,1805,4058,127,0.6833824975417896,0.058424621804903494,0.4686192468619247,0.3078628688384786,0.6921371311615214
YDR266C,-1,43.938709213112816,112,1806,4057,127,0.6832186168469354,0.058394160583941604,0.4686192468619247,0.3080334299846495,0.6919665700153506
YKL119C,-1,43.934288012091514,112,1807,4056,127,0.6830547361520812,0.0583637311099531,0.4686192468619247,0.3082039911308204,0.6917960088691796
YEL061C,-1,43.91533832760607,112,1808,4055,127,0.6828908554572272,0.058333333333333334,0.4686192468619247,0.3083745522769913,0.6916254477230087
YGL224C,-1,43.905964304795084,112,1809,4054,127,0.682726974762373,0.05830296720458095,0.4686192468619247,0.3085451134231622,0.6914548865768378
YGR149W,-1,43.90508735233743,112,1810,4053,127,0.6825630940675188,0.05827263267429761,0.4686192468619247,0.30871567456933313,0.6912843254306669
YIL095W,-1,43.887626953728336,112,1811,4052,127,0.6823992133726647,0.058242329693187725,0.4686192468619247,0.308886235715504,0.691113764284496
YHR166C,1,43.88275441990162,113,1811,4052,126,0.6825630940675188,0.058731808731808735,0.47280334728033474,0.308886235715504,0.691113764284496
YPL116W,-1,43.879957875641765,113,1812,4051,126,0.6823992133726647,0.0587012987012987,0.47280334728033474,0.3090567968616749,0.6909432031383251
YJR033C,-1,43.8732499591465,113,1813,4050,126,0.6822353326778106,0.05867082035306334,0.47280334728033474,0.3092273580078458,0.6907726419921542
YAR035W,-1,43.86201382213487,113,1814,4049,126,0.6820714519829564,0.05864037363777893,0.47280334728033474,0.3093979191540167,0.6906020808459833
YOR229W,-1,43.861855087650326,113,1815,4048,126,0.6819075712881023,0.058609958506224066,0.47280334728033474,0.30956848030018763,0.6904315196998124
YLR192C,-1,43.859832242667515,113,1816,4047,126,0.6817436905932481,0.05857957490927942,0.47280334728033474,0.3097390414463585,0.6902609585536414
YBL056W,-1,43.84329063667525,113,1817,4046,126,0.681579809898394,0.05854922279792746,0.47280334728033474,0.3099096025925294,0.6900903974074706
YMR050C,-1,43.82308250416827,113,1818,4045,126,0.6814159292035398,0.0585189021232522,0.47280334728033474,0.31008016373870034,0.6899198362612997
YPL233W,-1,43.81524888115032,113,1819,4044,126,0.6812520485086857,0.05848861283643892,0.47280334728033474,0.3102507248848712,0.6897492751151287
YDR038C,-1,43.811894961023135,113,1820,4043,126,0.6810881678138315,0.05845835488877393,0.47280334728033474,0.31042128603104213,0.6895787139689579
YNL086W,-1,43.807324013436755,113,1821,4042,126,0.6809242871189773,0.05842812823164426,0.47280334728033474,0.31059184717721305,0.689408152822787
YMR205C,-1,43.794048004724694,113,1822,4041,126,0.6807604064241233,0.05839793281653747,0.47280334728033474,0.3107624083233839,0.689237591676616
YOR259C,1,43.790030265162514,114,1822,4041,125,0.6809242871189773,0.058884297520661155,0.4769874476987448,0.3107624083233839,0.689237591676616
YER063W,-1,43.775073525595516,114,1823,4040,125,0.6807604064241233,0.05885389778007228,0.4769874476987448,0.31093296946955484,0.6890670305304452
YDL178W,-1,43.77081967263757,114,1824,4039,125,0.6805965257292691,0.058823529411764705,0.4769874476987448,0.31110353061572577,0.6888964693842743
YGR250C,-1,43.7405541078831,114,1825,4038,125,0.6804326450344149,0.058793192367199584,0.4769874476987448,0.31127409176189663,0.6887259082381033
YJR135C,-1,43.73486031085186,114,1826,4037,125,0.6802687643395608,0.058762886597938144,0.4769874476987448,0.31144465290806755,0.6885553470919324
YNL160W,-1,43.713247962094336,114,1827,4036,125,0.6801048836447067,0.05873261205564142,0.4769874476987448,0.3116152140542384,0.6883847859457616
YLR433C,-1,43.69730493560387,114,1828,4035,125,0.6799410029498525,0.05870236869207003,0.4769874476987448,0.31178577520040934,0.6882142247995906
YOR140W,-1,43.656078508037325,114,1829,4034,125,0.6797771222549983,0.05867215645908389,0.4769874476987448,0.31195633634658027,0.6880436636534197
YHL010C,-1,43.65178740592091,114,1830,4033,125,0.6796132415601442,0.05864197530864197,0.4769874476987448,0.31212689749275113,0.6878731025072489
YGR013W,-1,43.622378188164106,114,1831,4032,125,0.6794493608652901,0.05861182519280206,0.4769874476987448,0.31229745863892205,0.687702541361078
YKL013C,-1,43.60894828370715,114,1832,4031,125,0.6792854801704359,0.05858170606372045,0.4769874476987448,0.312468019785093,0.687531980214907
YOR327C,-1,43.60527392538737,114,1833,4030,125,0.6791215994755818,0.05855161787365177,0.4769874476987448,0.31263858093126384,0.6873614190687362
YDL064W,1,43.59344984150125,115,1833,4030,124,0.6792854801704359,0.059034907597535935,0.4811715481171548,0.31263858093126384,0.6873614190687362
YNR055C,-1,43.57395754161689,115,1834,4029,124,0.6791215994755818,0.05900461775269369,0.4811715481171548,0.31280914207743477,0.6871908579225653
YGL022W,-1,43.56976948327567,115,1835,4028,124,0.6789577187807276,0.05897435897435897,0.4811715481171548,0.3129797032236057,0.6870202967763943
YFL017W-A,-1,43.56536075573821,115,1836,4027,124,0.6787938380858735,0.058944131214761664,0.4811715481171548,0.31315026436977655,0.6868497356302234
YLR085C,-1,43.557643770022196,115,1837,4026,124,0.6786299573910194,0.05891393442622951,0.4811715481171548,0.3133208255159475,0.6866791744840526
YER130C,-1,43.556444703861416,115,1838,4025,124,0.6784660766961652,0.05888376856118792,0.4811715481171548,0.31349138666211834,0.6865086133378816
YOL126C,-1,43.53801745180446,115,1839,4024,124,0.678302196001311,0.05885363357215967,0.4811715481171548,0.31366194780828927,0.6863380521917107
YKL187C,-1,43.52060331358382,115,1840,4023,124,0.6781383153064569,0.058823529411764705,0.4811715481171548,0.3138325089544602,0.6861674910455399
YKL017C,-1,43.48781400816723,115,1841,4022,124,0.6779744346116028,0.058793456032719835,0.4811715481171548,0.31400307010063105,0.6859969298993689
YJL093C,-1,43.487062936147225,115,1842,4021,124,0.6778105539167486,0.058763413387838526,0.4811715481171548,0.314173631246802,0.685826368753198
YNL102W,-1,43.486649812390695,115,1843,4020,124,0.6776466732218944,0.05873340143003064,0.4811715481171548,0.3143441923929729,0.6856558076070272
YJR031C,-1,43.48228335677584,115,1844,4019,124,0.6774827925270404,0.058703420112302195,0.4811715481171548,0.31451475353914377,0.6854852464608562
YOR011W,-1,43.429849766197925,115,1845,4018,124,0.6773189118321862,0.058673469387755105,0.4811715481171548,0.3146853146853147,0.6853146853146853
YBR041W,-1,43.41936551951568,115,1846,4017,124,0.677155031137332,0.05864354920958695,0.4811715481171548,0.3148558758314856,0.6851441241685144
YOR084W,-1,43.40746484331846,115,1847,4016,124,0.6769911504424779,0.058613659531090725,0.4811715481171548,0.3150264369776565,0.6849735630223435
YLR457C,-1,43.40189177374213,115,1848,4015,124,0.6768272697476237,0.05858380030565461,0.4811715481171548,0.3151969981238274,0.6848030018761726
YOL123W,-1,43.39830800914912,115,1849,4014,124,0.6766633890527696,0.05855397148676171,0.4811715481171548,0.3153675592699983,0.6846324407300017
YKL154W,-1,43.39533798033787,115,1850,4013,124,0.6764995083579154,0.058524173027989825,0.4811715481171548,0.3155381204161692,0.6844618795838308
YGR180C,-1,43.38106417765997,115,1851,4012,124,0.6763356276630613,0.05849440488301119,0.4811715481171548,0.3157086815623401,0.6842913184376599
YKR022C,-1,43.368036621068725,115,1852,4011,124,0.6761717469682071,0.058464667005592275,0.4811715481171548,0.315879242708511,0.684120757291489
YLR005W,-1,43.36366996653572,115,1853,4010,124,0.676007866273353,0.058434959349593495,0.4811715481171548,0.3160498038546819,0.683950196145318
YOR027W,-1,43.35365453715632,115,1854,4009,124,0.6758439855784989,0.05840528186896902,0.4811715481171548,0.3162203650008528,0.6837796349991472
YOL025W,-1,43.34937907788048,115,1855,4008,124,0.6756801048836447,0.0583756345177665,0.4811715481171548,0.3163909261470237,0.6836090738529763
YMR072W,-1,43.34073367501257,115,1856,4007,124,0.6755162241887905,0.058346017250126836,0.4811715481171548,0.3165614872931946,0.6834385127068053
YJL091C,-1,43.32124133619856,115,1857,4006,124,0.6753523434939365,0.05831643002028398,0.4811715481171548,0.31673204843936553,0.6832679515606345
YHL020C,-1,43.31602403937794,115,1858,4005,124,0.6751884627990823,0.05828687278256462,0.4811715481171548,0.3169026095855364,0.6830973904144636
YGR033C,-1,43.288056403653655,115,1859,4004,124,0.6750245821042281,0.05825734549138804,0.4811715481171548,0.3170731707317073,0.6829268292682927
YER160C,-1,43.23765227524564,115,1860,4003,124,0.6748607014093739,0.05822784810126582,0.4811715481171548,0.31724373187787824,0.6827562681221218
YNL229C,-1,43.20038165593041,115,1861,4002,124,0.6746968207145199,0.05819838056680162,0.4811715481171548,0.3174142930240491,0.6825857069759509
YGR203W,-1,43.194520504439424,115,1862,4001,124,0.6745329400196657,0.058168942842690946,0.4811715481171548,0.31758485417022003,0.68241514582978
YAL060W,-1,43.18484454087815,115,1863,4000,124,0.6743690593248115,0.05813953488372093,0.4811715481171548,0.3177554153163909,0.682244584683609
YDR129C,-1,43.15192176092496,115,1864,3999,124,0.6742051786299574,0.05811015664477009,0.4811715481171548,0.3179259764625618,0.6820740235374382
YHR186C,-1,43.120026517602426,115,1865,3998,124,0.6740412979351033,0.05808080808080808,0.4811715481171548,0.31809653760873274,0.6819034623912673
YGR046W,-1,43.08297667397935,115,1866,3997,124,0.6738774172402491,0.05805148914689551,0.4811715481171548,0.3182670987549036,0.6817329012450963
YDR458C,-1,43.07320448456705,115,1867,3996,124,0.6737135365453949,0.058022199798183655,0.4811715481171548,0.31843765990107453,0.6815623400989255
YFR041C,-1,43.06346236719345,115,1868,3995,124,0.6735496558505408,0.05799293998991427,0.4811715481171548,0.31860822104724545,0.6813917789527546
YBR077C,-1,43.0597887337872,115,1869,3994,124,0.6733857751556866,0.05796370967741935,0.4811715481171548,0.3187787821934163,0.6812212178065836
YNL161W,-1,43.05977282681926,115,1870,3993,124,0.6732218944608325,0.05793450881612091,0.4811715481171548,0.31894934333958724,0.6810506566604128
YIL093C,-1,43.05008690474544,115,1871,3992,124,0.6730580137659784,0.057905337361530716,0.4811715481171548,0.31911990448575817,0.6808800955142419
YPL135W,-1,43.04753747324409,115,1872,3991,124,0.6728941330711242,0.05787619526925013,0.4811715481171548,0.31929046563192903,0.6807095343680709
YOL159C,-1,43.009810779231884,115,1873,3990,124,0.67273025237627,0.057847082494969816,0.4811715481171548,0.31946102677809995,0.6805389732219
YDR452W,-1,43.00198233318066,115,1874,3989,124,0.672566371681416,0.057817998994469585,0.4811715481171548,0.3196315879242709,0.6803684120757292
YBL084C,1,42.987484341707024,116,1874,3989,123,0.67273025237627,0.05829145728643216,0.48535564853556484,0.3196315879242709,0.6803684120757292
YNR052C,-1,42.96986230158261,116,1875,3988,123,0.672566371681416,0.05826217980914113,0.48535564853556484,0.31980214907044174,0.6801978509295582
YGL197W,-1,42.95431654181178,116,1876,3987,123,0.6724024909865618,0.05823293172690763,0.48535564853556484,0.31997271021661267,0.6800272897833873
YOR322C,-1,42.935700325882394,116,1877,3986,123,0.6722386102917076,0.05820371299548419,0.48535564853556484,0.32014327136278353,0.6798567286372165
YDR126W,-1,42.901482719182866,116,1878,3985,123,0.6720747295968534,0.058174523570712136,0.48535564853556484,0.32031383250895445,0.6796861674910455
YML085C,-1,42.88274195428463,116,1879,3984,123,0.6719108489019994,0.058145363408521306,0.48535564853556484,0.3204843936551254,0.6795156063448746
YLL022C,-1,42.88076034852533,116,1880,3983,123,0.6717469682071452,0.05811623246492986,0.48535564853556484,0.32065495480129624,0.6793450451987038
YGR140W,-1,42.87986742571851,116,1881,3982,123,0.671583087512291,0.05808713069604406,0.48535564853556484,0.32082551594746717,0.6791744840525328
YAL042W,-1,42.867963313022,116,1882,3981,123,0.6714192068174369,0.05805805805805806,0.48535564853556484,0.3209960770936381,0.6790039229063619
YNL323W,-1,42.862405410825104,116,1883,3980,123,0.6712553261225828,0.058029014507253625,0.48535564853556484,0.32116663823980895,0.678833361760191
YDR539W,-1,42.85016176567615,116,1884,3979,123,0.6710914454277286,0.058,0.48535564853556484,0.3213371993859799,0.6786628006140202
YDR246W,-1,42.837724225936874,116,1885,3978,123,0.6709275647328745,0.057971014492753624,0.48535564853556484,0.3215077605321508,0.6784922394678492
YDL017W,-1,42.83533156349941,116,1886,3977,123,0.6707636840380203,0.057942057942057944,0.48535564853556484,0.32167832167832167,0.6783216783216783
YDR166C,-1,42.82303700086554,116,1887,3976,123,0.6705998033431662,0.05791313030454318,0.48535564853556484,0.3218488828244926,0.6781511171755075
YDR225W,-1,42.804353515800486,116,1888,3975,123,0.670435922648312,0.05788423153692615,0.48535564853556484,0.3220194439706635,0.6779805560293365
YPL031C,-1,42.793008408434794,116,1889,3974,123,0.6702720419534579,0.05785536159600998,0.48535564853556484,0.3221900051168344,0.6778099948831656
YBR275C,-1,42.78449758425836,116,1890,3973,123,0.6701081612586037,0.05782652043868395,0.48535564853556484,0.3223605662630053,0.6776394337369948
YNL282W,-1,42.78364403250043,116,1891,3972,123,0.6699442805637496,0.05779770802192327,0.48535564853556484,0.32253112740917617,0.6774688725908238
YMR039C,-1,42.78359110443338,116,1892,3971,123,0.6697803998688955,0.05776892430278884,0.48535564853556484,0.3227016885553471,0.6772983114446529
YBR227C,-1,42.77705839027395,116,1893,3970,123,0.6696165191740413,0.05774016923842708,0.48535564853556484,0.322872249701518,0.677127750298482
YJR140C,-1,42.77574045525993,116,1894,3969,123,0.6694526384791871,0.05771144278606965,0.48535564853556484,0.3230428108476889,0.6769571891523111
YNL072W,-1,42.772646987724464,116,1895,3968,123,0.669288757784333,0.057682744903033316,0.48535564853556484,0.3232133719938598,0.6767866280061402
YBR058C,1,42.76630890471994,117,1895,3968,122,0.6694526384791871,0.05815109343936382,0.4895397489539749,0.3232133719938598,0.6767866280061402
YBR188C,-1,42.763085046132076,117,1896,3967,122,0.669288757784333,0.05812220566318927,0.4895397489539749,0.3233839331400307,0.6766160668599693
YIL007C,1,42.760223531166325,118,1896,3967,121,0.6694526384791871,0.05858987090367428,0.49372384937238495,0.3233839331400307,0.6766160668599693
YNL156C,-1,42.75963471995758,118,1897,3966,121,0.669288757784333,0.058560794044665014,0.49372384937238495,0.3235544942862016,0.6764455057137984
YNR066C,-1,42.75915403661202,118,1898,3965,121,0.6691248770894789,0.05853174603174603,0.49372384937238495,0.3237250554323725,0.6762749445676275
YBR205W,-1,42.7574156312423,118,1899,3964,121,0.6689609963946247,0.05850272682201289,0.49372384937238495,0.32389561657854343,0.6761043834214566
YDR410C,-1,42.752970382364175,118,1900,3963,121,0.6687971156997705,0.05847373637264618,0.49372384937238495,0.3240661777247143,0.6759338222752856
YGR087C,-1,42.746686291637864,118,1901,3962,121,0.6686332350049164,0.05844477464091134,0.49372384937238495,0.3242367388708852,0.6757632611291148
YCR037C,-1,42.736473276699996,118,1902,3961,121,0.6684693543100623,0.05841584158415842,0.49372384937238495,0.3244073000170561,0.6755926999829439
YER041W,-1,42.70500152166698,118,1903,3960,121,0.6683054736152081,0.05838693715982187,0.49372384937238495,0.324577861163227,0.6754221388367729
YBR195C,-1,42.6876039221079,118,1904,3959,121,0.668141592920354,0.058358061325420374,0.49372384937238495,0.32474842230939793,0.6752515776906021
YDL003W,-1,42.675823150927975,118,1905,3958,121,0.6679777122254998,0.0583292140385566,0.49372384937238495,0.3249189834555688,0.6750810165444312
YLR113W,-1,42.6384494695355,118,1906,3957,121,0.6678138315306457,0.058300395256917,0.49372384937238495,0.3250895446017397,0.6749104553982602
YBL006C,-1,42.62524896338192,118,1907,3956,121,0.6676499508357916,0.058271604938271604,0.49372384937238495,0.32526010574791064,0.6747398942520894
YNL331C,-1,42.60933084984873,118,1908,3955,121,0.6674860701409374,0.05824284304047384,0.49372384937238495,0.3254306668940815,0.6745693331059185
YNL242W,-1,42.601780762959265,118,1909,3954,121,0.6673221894460832,0.058214109521460285,0.49372384937238495,0.32560122804025243,0.6743987719597476
YOL148C,-1,42.58877322242042,118,1910,3953,121,0.6671583087512291,0.05818540433925049,0.49372384937238495,0.32577178918642336,0.6742282108135766
YNL280C,-1,42.58134540149601,118,1911,3952,121,0.666994428056375,0.05815672745194677,0.49372384937238495,0.3259423503325942,0.6740576496674058
YPR027C,-1,42.56030678345451,118,1912,3951,121,0.6668305473615208,0.05812807881773399,0.49372384937238495,0.32611291147876514,0.6738870885212349
YJL155C,-1,42.533101486884846,118,1913,3950,121,0.6666666666666666,0.05809945839487937,0.49372384937238495,0.32628347262493607,0.6737165273750639
YGR218W,-1,42.513315023952025,118,1914,3949,121,0.6665027859718126,0.058070866141732284,0.49372384937238495,0.32645403377110693,0.6735459662288931
YML062C,-1,42.50466035518123,118,1915,3948,121,0.6663389052769584,0.05804230201672405,0.49372384937238495,0.32662459491727786,0.6733754050827222
YJL029C,-1,42.50359898173704,118,1916,3947,121,0.6661750245821042,0.05801376597836775,0.49372384937238495,0.3267951560634487,0.6732048439365512
YHR026W,-1,42.503033132223955,118,1917,3946,121,0.6660111438872501,0.057985257985257985,0.49372384937238495,0.32696571720961964,0.6730342827903804
YER033C,-1,42.49784609345857,118,1918,3945,121,0.665847263192396,0.05795677799607073,0.49372384937238495,0.32713627835579057,0.6728637216442095
YMR214W,1,42.48547170150324,119,1918,3945,120,0.6660111438872501,0.058419243986254296,0.497907949790795,0.32713627835579057,0.6728637216442095
YEL077C,-1,42.459865249315044,119,1919,3944,120,0.665847263192396,0.058390578999018644,0.497907949790795,0.32730683950196143,0.6726931604980385
YAL046C,-1,42.43789200528795,119,1920,3943,120,0.6656833824975418,0.05836194212849436,0.497907949790795,0.32747740064813236,0.6725225993518676
YKL018W,-1,42.431291800916796,119,1921,3942,120,0.6655195018026876,0.058333333333333334,0.497907949790795,0.3276479617943033,0.6723520382056968
YDR315C,-1,42.419600010383924,119,1922,3941,120,0.6653556211078335,0.0583047525722685,0.497907949790795,0.32781852294047414,0.6721814770595258
YCR023C,-1,42.40377133710717,119,1923,3940,120,0.6651917404129793,0.05827619980411362,0.497907949790795,0.32798908408664507,0.6720109159133549
YPL279C,-1,42.38155869975162,119,1924,3939,120,0.6650278597181252,0.05824767498776309,0.497907949790795,0.328159645232816,0.6718403547671841
YIL115C,-1,42.29649686927709,119,1925,3938,120,0.6648639790232711,0.05821917808219178,0.497907949790795,0.32833020637898686,0.6716697936210131
YBR087W,-1,42.2754197840386,119,1926,3937,120,0.6647000983284169,0.05819070904645477,0.497907949790795,0.3285007675251578,0.6714992324748422
YDR130C,-1,42.27250168679835,119,1927,3936,120,0.6645362176335627,0.05816226783968719,0.497907949790795,0.32867132867132864,0.6713286713286714
YLR298C,-1,42.25963383649514,119,1928,3935,120,0.6643723369387087,0.05813385442110405,0.497907949790795,0.32884188981749957,0.6711581101825004
YPR006C,-1,42.246881524403896,119,1929,3934,120,0.6642084562438545,0.05810546875,0.497907949790795,0.3290124509636705,0.6709875490363295
YMR255W,-1,42.24612016152788,119,1930,3933,120,0.6640445755490003,0.05807711078574915,0.497907949790795,0.32918301210984136,0.6708169878901586
YHR043C,1,42.241872239021745,120,1930,3933,119,0.6642084562438545,0.05853658536585366,0.502092050209205,0.32918301210984136,0.6708169878901586
YKL033W,-1,42.240961431370415,120,1931,3932,119,0.6640445755490003,0.05850804485616772,0.502092050209205,0.3293535732560123,0.6706464267439877
YMR303C,-1,42.2373288349213,120,1932,3931,119,0.6638806948541461,0.05847953216374269,0.502092050209205,0.3295241344021832,0.6704758655978168
YMR241W,-1,42.22854674860336,120,1933,3930,119,0.6637168141592921,0.058451047247929856,0.502092050209205,0.32969469554835407,0.6703053044516459
YOR074C,-1,42.215486901840734,120,1934,3929,119,0.6635529334644379,0.05842259006815969,0.502092050209205,0.329865256694525,0.6701347433054751
YML043C,-1,42.17795901294455,120,1935,3928,119,0.6633890527695837,0.058394160583941604,0.502092050209205,0.3300358178406959,0.6699641821593041
YGR100W,-1,42.10556178689599,120,1936,3927,119,0.6632251720747296,0.058365758754863814,0.502092050209205,0.3302063789868668,0.6697936210131332
YPR080W,-1,42.071582460639306,120,1937,3926,119,0.6630612913798755,0.0583373845405931,0.502092050209205,0.3303769401330377,0.6696230598669624
YMR152W,-1,42.06388250430161,120,1938,3925,119,0.6628974106850213,0.05830903790087463,0.502092050209205,0.3305475012792086,0.6694524987207914
YLL038C,-1,42.041946856021525,120,1939,3924,119,0.6627335299901671,0.05828071879553181,0.502092050209205,0.3307180624253795,0.6692819375746205
YDR281C,-1,42.03196172505808,120,1940,3923,119,0.662569649295313,0.05825242718446602,0.502092050209205,0.3308886235715504,0.6691113764284496
YGR262C,-1,42.02883007237691,120,1941,3922,119,0.6624057686004589,0.05822416302765648,0.502092050209205,0.3310591847177213,0.6689408152822787
YJR116W,-1,42.01400064584959,120,1942,3921,119,0.6622418879056047,0.058195926285160036,0.502092050209205,0.3312297458638922,0.6687702541361078
YNL157W,-1,42.004899922267484,120,1943,3920,119,0.6620780072107506,0.058167716917111006,0.502092050209205,0.3314003070100631,0.6685996929899369
YEL016C,-1,41.99474753517279,120,1944,3919,119,0.6619141265158964,0.05813953488372093,0.502092050209205,0.331570868156234,0.668429131843766
YDR439W,-1,41.98653086826243,120,1945,3918,119,0.6617502458210422,0.05811138014527845,0.502092050209205,0.3317414293024049,0.6682585706975951
YOR347C,-1,41.97837492322558,120,1946,3917,119,0.6615863651261882,0.05808325266214908,0.502092050209205,0.33191199044857583,0.6680880095514242
YPR057W,-1,41.969675680487335,120,1947,3916,119,0.661422484431334,0.05805515239477504,0.502092050209205,0.3320825515947467,0.6679174484052532
YIR014W,-1,41.96405257509565,120,1948,3915,119,0.6612586037364798,0.058027079303675046,0.502092050209205,0.3322531127409176,0.6677468872590824
YDL040C,-1,41.95659860937721,120,1949,3914,119,0.6610947230416256,0.05799903334944417,0.502092050209205,0.33242367388708854,0.6675763261129115
YNL332W,-1,41.95630467987803,120,1950,3913,119,0.6609308423467716,0.057971014492753624,0.502092050209205,0.3325942350332594,0.6674057649667405
YFR014C,-1,41.94349308356425,120,1951,3912,119,0.6607669616519174,0.05794302269435055,0.502092050209205,0.33276479617943033,0.6672352038205697
YKL209C,-1,41.93939664129441,120,1952,3911,119,0.6606030809570632,0.05791505791505792,0.502092050209205,0.33293535732560126,0.6670646426743988
YPL008W,-1,41.88486122325537,120,1953,3910,119,0.6604392002622091,0.05788712011577424,0.502092050209205,0.3331059184717721,0.6668940815282278
YDL224C,-1,41.880757471097716,120,1954,3909,119,0.660275319567355,0.05785920925747348,0.502092050209205,0.33327647961794304,0.666723520382057
YFL052W,-1,41.87948443166442,120,1955,3908,119,0.6601114388725008,0.05783132530120482,0.502092050209205,0.3334470407641139,0.6665529592358861
YFR013W,-1,41.874104402951346,120,1956,3907,119,0.6599475581776467,0.057803468208092484,0.502092050209205,0.33361760191028483,0.6663823980897151
YMR009W,-1,41.860217423990065,120,1957,3906,119,0.6597836774827925,0.05777563793933558,0.502092050209205,0.33378816305645576,0.6662118369435442
YCL075W,-1,41.85245710514573,120,1958,3905,119,0.6596197967879384,0.05774783445620789,0.502092050209205,0.3339587242026266,0.6660412757973734
YEL032W,-1,41.84524654396657,120,1959,3904,119,0.6594559160930842,0.05772005772005772,0.502092050209205,0.33412928534879754,0.6658707146512025
YBR095C,-1,41.84177723015736,120,1960,3903,119,0.6592920353982301,0.057692307692307696,0.502092050209205,0.33429984649496847,0.6657001535050315
YJL059W,-1,41.83010376071303,120,1961,3902,119,0.6591281547033759,0.05766458433445459,0.502092050209205,0.33447040764113933,0.6655295923588607
YOR166C,-1,41.82321728642603,120,1962,3901,119,0.6589642740085218,0.05763688760806916,0.502092050209205,0.33464096878731026,0.6653590312126898
YNL030W,-1,41.790650114903436,120,1963,3900,119,0.6588003933136677,0.05760921747479597,0.502092050209205,0.3348115299334812,0.6651884700665188
YPR029C,-1,41.75821552588809,120,1964,3899,119,0.6586365126188135,0.05758157389635317,0.502092050209205,0.33498209107965204,0.665017908920348
YPL167C,-1,41.75360941659476,120,1965,3898,119,0.6584726319239593,0.05755395683453238,0.502092050209205,0.33515265222582297,0.6648473477741771
YKR048C,-1,41.74103907769284,120,1966,3897,119,0.6583087512291053,0.05752636625119847,0.502092050209205,0.33532321337199383,0.6646767866280061
YHR158C,-1,41.73021044038839,120,1967,3896,119,0.6581448705342511,0.057498802108289414,0.502092050209205,0.33549377451816476,0.6645062254818352
YDL212W,-1,41.727796687872704,120,1968,3895,119,0.6579809898393969,0.05747126436781609,0.502092050209205,0.3356643356643357,0.6643356643356644
YDR208W,-1,41.72440862774256,120,1969,3894,119,0.6578171091445427,0.057443752991862135,0.502092050209205,0.33583489681050654,0.6641651031894934
YNL090W,-1,41.720720873633205,120,1970,3893,119,0.6576532284496887,0.05741626794258373,0.502092050209205,0.33600545795667747,0.6639945420433225
YGL237C,-1,41.713776093312866,120,1971,3892,119,0.6574893477548345,0.05738880918220947,0.502092050209205,0.3361760191028484,0.6638239808971517
YDR368W,-1,41.696233891005456,120,1972,3891,119,0.6573254670599803,0.05736137667304015,0.502092050209205,0.33634658024901926,0.6636534197509807
YMR133W,-1,41.69314379326556,120,1973,3890,119,0.6571615863651262,0.05733397037744864,0.502092050209205,0.3365171413951902,0.6634828586048098
YEL030W,-1,41.686985986583856,120,1974,3889,119,0.656997705670272,0.05730659025787966,0.502092050209205,0.3366877025413611,0.663312297458639
YDR506C,-1,41.67806902786833,120,1975,3888,119,0.6568338249754179,0.057279236276849645,0.502092050209205,0.33685826368753197,0.663141736312468
YBR022W,-1,41.66897577795369,120,1976,3887,119,0.6566699442805638,0.05725190839694656,0.502092050209205,0.3370288248337029,0.6629711751662971
YBL018C,-1,41.64921375310909,120,1977,3886,119,0.6565060635857096,0.05722460658082976,0.502092050209205,0.3371993859798738,0.6628006140201262
YEL038W,-1,41.64406300947962,120,1978,3885,119,0.6563421828908554,0.057197330791229746,0.502092050209205,0.3373699471260447,0.6626300528739553
YER018C,-1,41.63238004761281,120,1979,3884,119,0.6561783021960013,0.05717008099094807,0.502092050209205,0.3375405082722156,0.6624594917277844
YHR086W,-1,41.624564528804946,120,1980,3883,119,0.6560144215011472,0.05714285714285714,0.502092050209205,0.33771106941838647,0.6622889305816135
YDL185W,-1,41.61229689273307,120,1981,3882,119,0.655850540806293,0.05711565920990005,0.502092050209205,0.3378816305645574,0.6621183694354426
YLR284C,-1,41.59904137036182,120,1982,3881,119,0.6556866601114388,0.05708848715509039,0.502092050209205,0.3380521917107283,0.6619478082892717
YDR148C,-1,41.59433271273028,120,1983,3880,119,0.6555227794165848,0.05706134094151213,0.502092050209205,0.3382227528568992,0.6617772471431008
YPL087W,-1,41.58213437167452,120,1984,3879,119,0.6553588987217306,0.057034220532319393,0.502092050209205,0.3383933140030701,0.6616066859969298
YMR244C-A,-1,41.57917162514059,120,1985,3878,119,0.6551950180268764,0.057007125890736345,0.502092050209205,0.338563875149241,0.661436124850759
YPL110C,-1,41.51799349635871,120,1986,3877,119,0.6550311373320223,0.05698005698005698,0.502092050209205,0.3387344362954119,0.6612655637045881
YHL009C,-1,41.49187823720922,120,1987,3876,119,0.6548672566371682,0.05695301376364499,0.502092050209205,0.3389049974415828,0.6610950025584172
YOL129W,-1,41.4795461922795,120,1988,3875,119,0.654703375942314,0.056925996204933584,0.502092050209205,0.33907555858775373,0.6609244414122463
YPL088W,-1,41.46783541397599,120,1989,3874,119,0.6545394952474598,0.05689900426742532,0.502092050209205,0.3392461197339246,0.6607538802660754
YMR295C,-1,41.46293234723271,120,1990,3873,119,0.6543756145526057,0.05687203791469194,0.502092050209205,0.3394166808800955,0.6605833191199045
YDR507C,-1,41.45367307321982,120,1991,3872,119,0.6542117338577516,0.05684509711037423,0.502092050209205,0.3395872420262664,0.6604127579737336
YIL090W,-1,41.441480531956685,120,1992,3871,119,0.6540478531628974,0.056818181818181816,0.502092050209205,0.3397578031724373,0.6602421968275627
YNL054W,-1,41.4388829763024,120,1993,3870,119,0.6538839724680433,0.05679129200189304,0.502092050209205,0.33992836431860823,0.6600716356813918
YDR069C,1,41.42155156674427,121,1993,3870,118,0.6540478531628974,0.05723746452223273,0.5062761506276151,0.33992836431860823,0.6600716356813918
YDR443C,-1,41.41520494285456,121,1994,3869,118,0.6538839724680433,0.057210401891252954,0.5062761506276151,0.3400989254647791,0.6599010745352208
YDR282C,-1,41.412957876384546,121,1995,3868,118,0.6537200917731891,0.05718336483931947,0.5062761506276151,0.34026948661095,0.65973051338905
YNR013C,-1,41.407523087808705,121,1996,3867,118,0.653556211078335,0.05715635333018422,0.5062761506276151,0.34044004775712094,0.6595599522428791
YHR205W,-1,41.4014505031179,121,1997,3866,118,0.6533923303834809,0.05712936732766761,0.5062761506276151,0.3406106089032918,0.6593893910967081
YDL005C,-1,41.4001750440943,121,1998,3865,118,0.6532284496886267,0.05710240679565833,0.5062761506276151,0.34078117004946273,0.6592188299505373
YBR228W,-1,41.38487015394643,121,1999,3864,118,0.6530645689937725,0.05707547169811321,0.5062761506276151,0.34095173119563366,0.6590482688043664
YLR043C,-1,41.378117099230124,121,2000,3863,118,0.6529006882989183,0.05704856199905705,0.5062761506276151,0.3411222923418045,0.6588777076581954
YAR002C-A,-1,41.37796128257254,121,2001,3862,118,0.6527368076040643,0.05702167766258247,0.5062761506276151,0.34129285348797544,0.6587071465120246
YLR318W,-1,41.37621620967172,121,2002,3861,118,0.6525729269092101,0.05699481865284974,0.5062761506276151,0.34146341463414637,0.6585365853658537
YML023C,-1,41.37514501300178,121,2003,3860,118,0.6524090462143559,0.05696798493408663,0.5062761506276151,0.34163397578031723,0.6583660242196827
YBL021C,-1,41.34355229733695,121,2004,3859,118,0.6522451655195018,0.05694117647058824,0.5062761506276151,0.34180453692648816,0.6581954630735118
YGL086W,-1,41.336101998840014,121,2005,3858,118,0.6520812848246477,0.05691439322671684,0.5062761506276151,0.341975098072659,0.658024901927341
YDL193W,-1,41.332911999267,121,2006,3857,118,0.6519174041297935,0.05688763516690174,0.5062761506276151,0.34214565921882995,0.65785434078117
YML041C,-1,41.29372627968699,121,2007,3856,118,0.6517535234349394,0.0568609022556391,0.5062761506276151,0.34231622036500087,0.6576837796349991
YOR095C,-1,41.28837631262768,121,2008,3855,118,0.6515896427400852,0.05683419445749178,0.5062761506276151,0.34248678151117173,0.6575132184888283
YDR104C,-1,41.28465506726919,121,2009,3854,118,0.6514257620452311,0.0568075117370892,0.5062761506276151,0.34265734265734266,0.6573426573426573
YLR392C,-1,41.27710933316848,121,2010,3853,118,0.6512618813503769,0.05678085405912717,0.5062761506276151,0.3428279038035136,0.6571720961964864
YOR205C,-1,41.27063951857815,121,2011,3852,118,0.6510980006555228,0.05675422138836773,0.5062761506276151,0.34299846494968445,0.6570015350503156
YLR141W,-1,41.254119624311116,121,2012,3851,118,0.6509341199606686,0.05672761368963901,0.5062761506276151,0.34316902609585537,0.6568309739041447
YIL088C,-1,41.25243688682074,121,2013,3850,118,0.6507702392658145,0.05670103092783505,0.5062761506276151,0.3433395872420263,0.6566604127579737
YOR212W,-1,41.23175702686467,121,2014,3849,118,0.6506063585709604,0.05667447306791569,0.5062761506276151,0.34351014838819716,0.6564898516118028
YDR057W,1,41.200088712077715,122,2014,3849,117,0.6507702392658145,0.05711610486891386,0.5104602510460251,0.34351014838819716,0.6564898516118028
YMR273C,-1,41.172935737575585,122,2015,3848,117,0.6506063585709604,0.05708937763219467,0.5104602510460251,0.3436807095343681,0.656319290465632
YDR484W,-1,41.16772363251373,122,2016,3847,117,0.6504424778761062,0.05706267539756782,0.5104602510460251,0.343851270680539,0.656148729319461
YBL005W-A,-1,41.165075154167425,122,2017,3846,117,0.650278597181252,0.05703599812996728,0.5104602510460251,0.34402183182670987,0.6559781681732901
YNL290W,-1,41.09307108089489,122,2018,3845,117,0.6501147164863978,0.05700934579439252,0.5104602510460251,0.3441923929728808,0.6558076070271193
YEL015W,-1,41.04262307361169,122,2019,3844,117,0.6499508357915438,0.05698271835590846,0.5104602510460251,0.34436295411905166,0.6556370458809483
YDR517W,-1,41.040322320652635,122,2020,3843,117,0.6497869550966896,0.05695611577964519,0.5104602510460251,0.3445335152652226,0.6554664847347774
YKL075C,-1,41.033874068068144,122,2021,3842,117,0.6496230744018354,0.05692953803079795,0.5104602510460251,0.3447040764113935,0.6552959235886066
YMR164C,-1,41.019305068891825,122,2022,3841,117,0.6494591937069814,0.05690298507462686,0.5104602510460251,0.34487463755756437,0.6551253624424356
YDL076C,-1,41.00455829485725,122,2023,3840,117,0.6492953130121272,0.05687645687645688,0.5104602510460251,0.3450451987037353,0.6549548012962647
YHR161C,-1,41.00014667103116,122,2024,3839,117,0.649131432317273,0.05684995340167754,0.5104602510460251,0.3452157598499062,0.6547842401500938
YEL059C-A,-1,40.95926474823756,122,2025,3838,117,0.6489675516224189,0.0568234746157429,0.5104602510460251,0.3453863209960771,0.6546136790039229
YBL034C,-1,40.95905449349606,122,2026,3837,117,0.6488036709275647,0.056797020484171325,0.5104602510460251,0.345556882142248,0.654443117857752
YBR269C,-1,40.944825878496964,122,2027,3836,117,0.6486397902327106,0.05677059097254537,0.5104602510460251,0.3457274432884189,0.6542725567115811
YER092W,-1,40.93879886683412,122,2028,3835,117,0.6484759095378564,0.05674418604651163,0.5104602510460251,0.3458980044345898,0.6541019955654102
YPL101W,-1,40.935315142418744,122,2029,3834,117,0.6483120288430023,0.056717805671780565,0.5104602510460251,0.3460685655807607,0.6539314344192393
YGL008C,-1,40.93235052177656,122,2030,3833,117,0.6481481481481481,0.056691449814126396,0.5104602510460251,0.3462391267269316,0.6537608732730684
YJR010W,-1,40.91961092907198,122,2031,3832,117,0.647984267453294,0.0566651184393869,0.5104602510460251,0.3464096878731025,0.6535903121268974
YNL051W,-1,40.90630792614499,122,2032,3831,117,0.6478203867584399,0.056638811513463325,0.5104602510460251,0.3465802490192734,0.6534197509807266
YLR228C,-1,40.862442342540426,122,2033,3830,117,0.6476565060635857,0.05661252900232019,0.5104602510460251,0.3467508101654443,0.6532491898345557
YJL117W,-1,40.82711141255638,122,2034,3829,117,0.6474926253687315,0.05658627087198516,0.5104602510460251,0.3469213713116152,0.6530786286883847
YOR239W,-1,40.81141073639545,122,2035,3828,117,0.6473287446738775,0.05656003708854891,0.5104602510460251,0.34709193245778613,0.6529080675422139
YKR089C,-1,40.80906569278523,122,2036,3827,117,0.6471648639790233,0.056533827618164965,0.5104602510460251,0.347262493603957,0.652737506396043
YGL179C,-1,40.80054845382642,122,2037,3826,117,0.6470009832841691,0.05650764242704956,0.5104602510460251,0.3474330547501279,0.6525669452498721
YNR041C,-1,40.73674904353475,122,2038,3825,117,0.6468371025893149,0.05648148148148148,0.5104602510460251,0.34760361589629885,0.6523963841037012
YDR451C,-1,40.7341896565681,122,2039,3824,117,0.6466732218944609,0.05645534474780194,0.5104602510460251,0.3477741770424697,0.6522258229575303
YPL007C,-1,40.73279399103589,122,2040,3823,117,0.6465093411996067,0.056429232192414434,0.5104602510460251,0.34794473818864063,0.6520552618113594
YOR393W,-1,40.73025246778741,122,2041,3822,117,0.6463454605047525,0.05640314378178456,0.5104602510460251,0.34811529933481156,0.6518847006651884
YJR103W,-1,40.71938187405013,122,2042,3821,117,0.6461815798098984,0.056377079482439925,0.5104602510460251,0.3482858604809824,0.6517141395190176
YKR086W,-1,40.71631166047638,122,2043,3820,117,0.6460176991150443,0.05635103926096998,0.5104602510460251,0.34845642162715335,0.6515435783728467
YGR192C,-1,40.71609500235966,122,2044,3819,117,0.6458538184201901,0.05632502308402586,0.5104602510460251,0.3486269827733242,0.6513730172266757
YMR304W,1,40.707879128726375,123,2044,3819,116,0.6460176991150443,0.05676049838486387,0.5146443514644351,0.3486269827733242,0.6513730172266757
YHL012W,-1,40.706291860242345,123,2045,3818,116,0.6458538184201901,0.056734317343173434,0.5146443514644351,0.34879754391949513,0.6512024560805049
YIL085C,-1,40.67796886124405,123,2046,3817,116,0.645689937725336,0.056708160442600276,0.5146443514644351,0.34896810506566606,0.651031894934334
YJR059W,-1,40.66919539921088,123,2047,3816,116,0.6455260570304818,0.05668202764976959,0.5146443514644351,0.3491386662118369,0.650861333788163
YOL045W,-1,40.66439513315081,123,2048,3815,116,0.6453621763356276,0.05665591893136803,0.5146443514644351,0.34930922735800785,0.6506907726419922
YPL203W,-1,40.655997467770135,123,2049,3814,116,0.6451982956407735,0.05662983425414365,0.5146443514644351,0.34947978850417877,0.6505202114958213
YNL009W,-1,40.631838552169164,123,2050,3813,116,0.6450344149459194,0.05660377358490566,0.5146443514644351,0.34965034965034963,0.6503496503496503
YPL193W,-1,40.62639346646945,123,2051,3812,116,0.6448705342510652,0.05657773689052438,0.5146443514644351,0.34982091079652056,0.6501790892034794
YLR272C,-1,40.61243829488312,123,2052,3811,116,0.644706653556211,0.05655172413793103,0.5146443514644351,0.3499914719426915,0.6500085280573086
YGR009C,-1,40.61173919467129,123,2053,3810,116,0.644542772861357,0.05652573529411765,0.5146443514644351,0.35016203308886235,0.6498379669111376
YDR440W,-1,40.603314823794925,123,2054,3809,116,0.6443788921665028,0.056499770326136886,0.5146443514644351,0.35033259423503327,0.6496674057649667
YBR245C,-1,40.59818925915565,123,2055,3808,116,0.6442150114716486,0.05647382920110193,0.5146443514644351,0.35050315538120413,0.6494968446187959
YKR050W,-1,40.59740458610939,123,2056,3807,116,0.6440511307767945,0.05644791188618632,0.5146443514644351,0.35067371652737506,0.6493262834726249
YBL066C,-1,40.58151044418874,123,2057,3806,116,0.6438872500819404,0.056422018348623856,0.5146443514644351,0.350844277673546,0.649155722326454
YOL115W,-1,40.57772611527102,123,2058,3805,116,0.6437233693870862,0.05639614855570839,0.5146443514644351,0.35101483881971685,0.6489851611802832
YBR002C,-1,40.5744565853747,123,2059,3804,116,0.643559488692232,0.056370302474793764,0.5146443514644351,0.35118539996588777,0.6488146000341122
YJR156C,-1,40.55129446840577,123,2060,3803,116,0.6433956079973779,0.05634448007329363,0.5146443514644351,0.3513559611120587,0.6486440388879413
YPL002C,1,40.5400738467888,124,2060,3803,115,0.643559488692232,0.056776556776556776,0.5188284518828452,0.3513559611120587,0.6486440388879413
YER083C,-1,40.53435042312216,124,2061,3802,115,0.6433956079973779,0.056750572082379866,0.5188284518828452,0.35152652225822956,0.6484734777417704
YDR162C,-1,40.52764995477382,124,2062,3801,115,0.6432317273025238,0.056724611161939616,0.5188284518828452,0.3516970834044005,0.6483029165955996
YJR066W,-1,40.50783938746247,124,2063,3800,115,0.6430678466076696,0.0566986739826246,0.5188284518828452,0.3518676445505714,0.6481323554494286
YGL004C,1,40.50188577068483,125,2063,3800,114,0.6432317273025238,0.05712979890310786,0.5230125523012552,0.3518676445505714,0.6481323554494286
YKL041W,1,40.475112209534316,126,2063,3800,113,0.6433956079973779,0.05756052992233897,0.5271966527196653,0.3518676445505714,0.6481323554494286
YPL163C,-1,40.4733157185598,126,2064,3799,113,0.6432317273025238,0.057534246575342465,0.5271966527196653,0.35203820569674227,0.6479617943032577
YOR002W,-1,40.47241602770215,126,2065,3798,113,0.6430678466076696,0.05750798722044728,0.5271966527196653,0.3522087668429132,0.6477912331570869
YBR046C,-1,40.4650216545674,126,2066,3797,113,0.6429039659128155,0.05748175182481752,0.5271966527196653,0.3523793279890841,0.6476206720109159
YNL031C,-1,40.4540174634524,126,2067,3796,113,0.6427400852179613,0.057455540355677154,0.5271966527196653,0.352549889135255,0.647450110864745
YDR357C,-1,40.44890161178046,126,2068,3795,113,0.6425762045231072,0.05742935278030994,0.5271966527196653,0.3527204502814259,0.6472795497185742
YCR073W-A,-1,40.4447681359553,126,2069,3794,113,0.6424123238282531,0.05740318906605923,0.5271966527196653,0.35289101142759677,0.6471089885724032
YNL300W,-1,40.42595993415313,126,2070,3793,113,0.6422484431333989,0.05737704918032787,0.5271966527196653,0.3530615725737677,0.6469384274262323
YGR270W,-1,40.42537204532733,126,2071,3792,113,0.6420845624385447,0.05735093309057806,0.5271966527196653,0.3532321337199386,0.6467678662800614
YJR159W,-1,40.42013816777262,126,2072,3791,113,0.6419206817436905,0.05732484076433121,0.5271966527196653,0.3534026948661095,0.6465973051338905
YPR153W,-1,40.41816030492191,126,2073,3790,113,0.6417568010488365,0.0572987721691678,0.5271966527196653,0.3535732560122804,0.6464267439877196
YOR036W,-1,40.41127960176389,126,2074,3789,113,0.6415929203539823,0.057272727272727274,0.5271966527196653,0.3537438171584513,0.6462561828415487
YLR176C,-1,40.408325641773786,126,2075,3788,113,0.6414290396591281,0.05724670604270786,0.5271966527196653,0.3539143783046222,0.6460856216953778
YNL219C,-1,40.40745612665722,126,2076,3787,113,0.641265158964274,0.05722070844686648,0.5271966527196653,0.3540849394507931,0.6459150605492069
YBL097W,-1,40.40268555368007,126,2077,3786,113,0.6411012782694199,0.05719473445301861,0.5271966527196653,0.35425550059696403,0.645744499403036
YDR470C,-1,40.38992276101406,126,2078,3785,113,0.6409373975745657,0.05716878402903811,0.5271966527196653,0.3544260617431349,0.645573938256865
YOR308C,-1,40.38665920661075,126,2079,3784,113,0.6407735168797116,0.05714285714285714,0.5271966527196653,0.3545966228893058,0.6454033771106942
YDR490C,-1,40.36612116460357,126,2080,3783,113,0.6406096361848574,0.057116953762466005,0.5271966527196653,0.35476718403547675,0.6452328159645233
YGR096W,-1,40.36609646357468,126,2081,3782,113,0.6404457554900033,0.057091073855913006,0.5271966527196653,0.3549377451816476,0.6450622548183523
YML008C,-1,40.31804594830669,126,2082,3781,113,0.6402818747951491,0.057065217391304345,0.5271966527196653,0.35510830632781853,0.6448916936721815
YLR090W,-1,40.31768641618181,126,2083,3780,113,0.640117994100295,0.057039384336803986,0.5271966527196653,0.3552788674739894,0.6447211325260106
YLR398C,-1,40.293053283891936,126,2084,3779,113,0.6399541134054408,0.05701357466063348,0.5271966527196653,0.3554494286201603,0.6445505713798396
YKL020C,-1,40.267800163295156,126,2085,3778,113,0.6397902327105867,0.05698778833107191,0.5271966527196653,0.35561998976633125,0.6443800102336688
YJR060W,-1,40.26241165711482,126,2086,3777,113,0.6396263520157326,0.056962025316455694,0.5271966527196653,0.3557905509125021,0.6442094490874979
YDL022W,-1,40.234838523015526,126,2087,3776,113,0.6394624713208784,0.05693628558517849,0.5271966527196653,0.35596111205867303,0.644038887941327
YLR262C,-1,40.224792317664395,126,2088,3775,113,0.6392985906260242,0.056910569105691054,0.5271966527196653,0.35613167320484396,0.643868326795156
YPL282C,-1,40.22393711889617,126,2089,3774,113,0.63913470993117,0.05688487584650113,0.5271966527196653,0.3563022343510148,0.6436977656489852
YOR035C,-1,40.22389167042291,126,2090,3773,113,0.638970829236316,0.05685920577617329,0.5271966527196653,0.35647279549718575,0.6435272045028143
YHR037W,-1,40.17576652840706,126,2091,3772,113,0.6388069485414618,0.056833558863328824,0.5271966527196653,0.35664335664335667,0.6433566433566433
YBR145W,-1,40.174810313627376,126,2092,3771,113,0.6386430678466076,0.056807935076645624,0.5271966527196653,0.35681391778952753,0.6431860822104725
YNL044W,-1,40.168634072075804,126,2093,3770,113,0.6384791871517536,0.056782334384858045,0.5271966527196653,0.35698447893569846,0.6430155210643016
YLR371W,-1,40.16560528103289,126,2094,3769,113,0.6383153064568994,0.05675675675675676,0.5271966527196653,0.3571550400818693,0.6428449599181306
YML035C,-1,40.146007040762655,126,2095,3768,113,0.6381514257620452,0.056731202161188654,0.5271966527196653,0.35732560122804025,0.6426743987719598
YPL190C,-1,40.13849741263329,126,2096,3767,113,0.6379875450671911,0.05670567056705671,0.5271966527196653,0.35749616237421117,0.6425038376257889
YMR030W,-1,40.13830094270152,126,2097,3766,113,0.637823664372337,0.05668016194331984,0.5271966527196653,0.35766672352038203,0.6423332764796179
YCR101C,-1,40.12713636600529,126,2098,3765,113,0.6376597836774828,0.05665467625899281,0.5271966527196653,0.35783728466655296,0.642162715333447
YGL063W,-1,40.11982624711959,126,2099,3764,113,0.6374959029826286,0.05662921348314607,0.5271966527196653,0.3580078458127239,0.6419921541872762
YBR175W,-1,40.05926738068398,126,2100,3763,113,0.6373320222877745,0.05660377358490566,0.5271966527196653,0.35817840695889475,0.6418215930411052
YDL020C,-1,40.03421515804223,126,2101,3762,113,0.6371681415929203,0.05657835653345308,0.5271966527196653,0.35834896810506567,0.6416510318949343
YBL101C,-1,40.0331303231966,126,2102,3761,113,0.6370042608980662,0.05655296229802514,0.5271966527196653,0.3585195292512366,0.6414804707487635
YJL178C,-1,40.02128831732783,126,2103,3760,113,0.6368403802032121,0.05652759084791386,0.5271966527196653,0.35869009039740746,0.6413099096025925
YLR417W,1,40.01019561692673,127,2103,3760,112,0.6370042608980662,0.056950672645739914,0.5313807531380753,0.35869009039740746,0.6413099096025925
YHR150W,-1,39.99128748752465,127,2104,3759,112,0.6368403802032121,0.05692514567458539,0.5313807531380753,0.3588606515435784,0.6411393484564216
YER070W,-1,39.978141855502344,127,2105,3758,112,0.6366764995083579,0.056899641577060935,0.5313807531380753,0.3590312126897493,0.6409687873102508
YCL011C,-1,39.960007248719315,127,2106,3757,112,0.6365126188135037,0.05687416032243618,0.5313807531380753,0.35920177383592017,0.6407982261640798
YDL052C,-1,39.93982684681427,127,2107,3756,112,0.6363487381186497,0.05684870188003581,0.5313807531380753,0.3593723349820911,0.6406276650179089
YPR034W,-1,39.923179243403645,127,2108,3755,112,0.6361848574237955,0.056823266219239374,0.5313807531380753,0.35954289612826196,0.640457103871738
YJL170C,-1,39.90727292860197,127,2109,3754,112,0.6360209767289413,0.056797853309481214,0.5313807531380753,0.3597134572744329,0.6402865427255671
YJL187C,-1,39.89784586543349,127,2110,3753,112,0.6358570960340871,0.05677246312025033,0.5313807531380753,0.3598840184206038,0.6401159815793962
YNL007C,-1,39.89167474642942,127,2111,3752,112,0.6356932153392331,0.05674709562109026,0.5313807531380753,0.36005457956677467,0.6399454204332253
YDR092W,1,39.88042014350104,128,2111,3752,111,0.6358570960340871,0.05716837874050915,0.5355648535564853,0.36005457956677467,0.6399454204332253
YMR021C,-1,39.88019587283037,128,2112,3751,111,0.6356932153392331,0.05714285714285714,0.5355648535564853,0.3602251407129456,0.6397748592870544
YOL162W,-1,39.87790563380531,128,2113,3750,111,0.6355293346443789,0.0571173583221776,0.5355648535564853,0.3603957018591165,0.6396042981408835
YDR096W,-1,39.86786231396118,128,2114,3749,111,0.6353654539495247,0.057091882247992866,0.5355648535564853,0.3605662630052874,0.6394337369947126
YBR290W,1,39.86388229054271,129,2114,3749,110,0.6355293346443789,0.05751226036558181,0.5397489539748954,0.3605662630052874,0.6394337369947126
YJL020C,-1,39.83735903403567,129,2115,3748,110,0.6353654539495247,0.05748663101604278,0.5397489539748954,0.3607368241514583,0.6392631758485418
YEL017C-A,-1,39.79647928093626,129,2116,3747,110,0.6352015732546706,0.05746102449888642,0.5397489539748954,0.3609073852976292,0.6390926147023708
YIL144W,-1,39.78768252097057,129,2117,3746,110,0.6350376925598165,0.057435440783615316,0.5397489539748954,0.3610779464438001,0.6389220535561999
YPR101W,-1,39.778149340649954,129,2118,3745,110,0.6348738118649623,0.05740987983978638,0.5397489539748954,0.361248507589971,0.638751492410029
YDL107W,-1,39.76315726271922,129,2119,3744,110,0.6347099311701082,0.05738434163701068,0.5397489539748954,0.3614190687361419,0.6385809312638581
YNL231C,-1,39.753712255785345,129,2120,3743,110,0.634546050475254,0.057358826144953315,0.5397489539748954,0.3615896298823128,0.6384103701176872
YJL123C,-1,39.747052787360644,129,2121,3742,110,0.6343821697803999,0.05733333333333333,0.5397489539748954,0.3617601910284837,0.6382398089715163
YKL183W,-1,39.74482352754387,129,2122,3741,110,0.6342182890855457,0.05730786317192359,0.5397489539748954,0.3619307521746546,0.6380692478253454
YDR378C,-1,39.707045626666314,129,2123,3740,110,0.6340544083906916,0.05728241563055062,0.5397489539748954,0.3621013133208255,0.6378986866791745
YIR019C,-1,39.70058840412064,129,2124,3739,110,0.6338905276958374,0.05725699067909454,0.5397489539748954,0.36227187446699644,0.6377281255330036
YML057W,-1,39.686518046142254,129,2125,3738,110,0.6337266470009832,0.05723158828748891,0.5397489539748954,0.3624424356131673,0.6375575643868326
YPR127W,-1,39.62156848679206,129,2126,3737,110,0.6335627663061292,0.05720620842572062,0.5397489539748954,0.3626129967593382,0.6373870032406618
YDL119C,-1,39.60419122671009,129,2127,3736,110,0.633398885611275,0.057180851063829786,0.5397489539748954,0.36278355790550915,0.6372164420944909
YOL047C,-1,39.60106696982257,129,2128,3735,110,0.6332350049164208,0.057155516171909615,0.5397489539748954,0.36295411905168,0.6370458809483199
YKR100C,-1,39.567654425598874,129,2129,3734,110,0.6330711242215668,0.05713020372010629,0.5397489539748954,0.36312468019785094,0.6368753198021491
YKR039W,-1,39.560760219199786,129,2130,3733,110,0.6329072435267126,0.057104913678618856,0.5397489539748954,0.36329524134402186,0.6367047586559782
YAL041W,-1,39.53762188696791,129,2131,3732,110,0.6327433628318584,0.05707964601769912,0.5397489539748954,0.3634658024901927,0.6365341975098072
YPR017C,-1,39.47662064951256,129,2132,3731,110,0.6325794821370042,0.057054400707651484,0.5397489539748954,0.36363636363636365,0.6363636363636364
YGL051W,-1,39.464479194687016,129,2133,3730,110,0.6324156014421501,0.05702917771883289,0.5397489539748954,0.3638069247825345,0.6361930752174655
YDR067C,-1,39.43104018305469,129,2134,3729,110,0.632251720747296,0.05700397702165267,0.5397489539748954,0.36397748592870544,0.6360225140712945
YCL055W,-1,39.42533869434322,129,2135,3728,110,0.6320878400524418,0.05697879858657244,0.5397489539748954,0.36414804707487636,0.6358519529251236
YGR136W,-1,39.42458573246403,129,2136,3727,110,0.6319239593575877,0.05695364238410596,0.5397489539748954,0.3643186082210472,0.6356813917789528
YIL108W,-1,39.41235447481813,129,2137,3726,110,0.6317600786627335,0.05692850838481906,0.5397489539748954,0.36448916936721815,0.6355108306327818
YGR266W,-1,39.409600430468345,129,2138,3725,110,0.6315961979678794,0.05690339655932951,0.5397489539748954,0.36465973051338907,0.6353402694866109
YPR040W,-1,39.39004069514455,129,2139,3724,110,0.6314323172730253,0.056878306878306875,0.5397489539748954,0.36483029165955994,0.6351697083404401
YGR163W,-1,39.38274742646149,129,2140,3723,110,0.6312684365781711,0.05685323931247246,0.5397489539748954,0.36500085280573086,0.6349991471942692
YOR275C,-1,39.37583812777712,129,2141,3722,110,0.6311045558833169,0.05682819383259912,0.5397489539748954,0.3651714139519018,0.6348285860480982
YNL328C,-1,39.374213038831066,129,2142,3721,110,0.6309406751884628,0.05680317040951123,0.5397489539748954,0.36534197509807265,0.6346580249019274
YMR246W,-1,39.35229733522876,129,2143,3720,110,0.6307767944936087,0.05677816901408451,0.5397489539748954,0.36551253624424357,0.6344874637557565
YGL226C-A,-1,39.35081184905178,129,2144,3719,110,0.6306129137987545,0.05675318961724593,0.5397489539748954,0.3656830973904145,0.6343169026095855
YFL058W,-1,39.34102832738182,129,2145,3718,110,0.6304490331039003,0.05672823218997362,0.5397489539748954,0.36585365853658536,0.6341463414634146
YHR120W,-1,39.32176875641646,129,2146,3717,110,0.6302851524090463,0.056703296703296706,0.5397489539748954,0.3660242196827563,0.6339757803172438
YGR241C,-1,39.275029878780956,129,2147,3716,110,0.6301212717141921,0.056678383128295255,0.5397489539748954,0.36619478082892715,0.6338052191710728
YDR331W,-1,39.26999047979126,129,2148,3715,110,0.6299573910193379,0.05665349143610013,0.5397489539748954,0.36636534197509807,0.6336346580249019
YMR166C,-1,39.26431950883125,129,2149,3714,110,0.6297935103244838,0.05662862159789289,0.5397489539748954,0.366535903121269,0.6334640968787311
YJR134C,-1,39.248150645254974,129,2150,3713,110,0.6296296296296297,0.05660377358490566,0.5397489539748954,0.36670646426743986,0.6332935357325601
YKL047W,-1,39.2460872977299,129,2151,3712,110,0.6294657489347755,0.056578947368421055,0.5397489539748954,0.3668770254136108,0.6331229745863892
YBR030W,-1,39.237895423251416,129,2152,3711,110,0.6293018682399213,0.05655414291977203,0.5397489539748954,0.3670475865597817,0.6329524134402184
YMR092C,-1,39.23695572622689,129,2153,3710,110,0.6291379875450672,0.05652936021034181,0.5397489539748954,0.36721814770595257,0.6327818522940474
YOR061W,-1,39.228218916725055,129,2154,3709,110,0.628974106850213,0.056504599211563734,0.5397489539748954,0.3673887088521235,0.6326112911478765
YFR048W,-1,39.22133243040295,129,2155,3708,110,0.6288102261553589,0.05647985989492119,0.5397489539748954,0.3675592699982944,0.6324407300017056
YBL026W,-1,39.19138707601326,129,2156,3707,110,0.6286463454605048,0.05645514223194748,0.5397489539748954,0.3677298311444653,0.6322701688555347
YDR139C,1,39.18194398066794,130,2156,3707,109,0.6288102261553589,0.0568678915135608,0.5439330543933054,0.3677298311444653,0.6322701688555347
YMR059W,-1,39.18096025281524,130,2157,3706,109,0.6286463454605048,0.05684302579798863,0.5439330543933054,0.3679003922906362,0.6320996077093638
YKL091C,-1,39.149953847863586,130,2158,3705,109,0.6284824647656506,0.056818181818181816,0.5439330543933054,0.36807095343680707,0.6319290465631929
YJL095W,-1,39.14680103649466,130,2159,3704,109,0.6283185840707964,0.05679335954565312,0.5439330543933054,0.368241514582978,0.631758485417022
YPL036W,-1,39.13067413959833,130,2160,3703,109,0.6281547033759424,0.056768558951965066,0.5439330543933054,0.3684120757291489,0.6315879242708511
YIL047C,-1,39.121688125719345,130,2161,3702,109,0.6279908226810882,0.05674378000872981,0.5439330543933054,0.3685826368753198,0.6314173631246802
YIL009C-A,-1,39.120124885126515,130,2162,3701,109,0.627826941986234,0.056719022687609075,0.5439330543933054,0.3687531980214907,0.6312468019785092
YER171W,-1,39.117789399222566,130,2163,3700,109,0.6276630612913798,0.056694286960314,0.5439330543933054,0.3689237591676616,0.6310762408323384
YNL068C,-1,39.11246362103164,130,2164,3699,109,0.6274991805965258,0.05666957279860506,0.5439330543933054,0.3690943203138325,0.6309056796861675
YLR315W,-1,39.08562478687789,130,2165,3698,109,0.6273352999016716,0.05664488017429194,0.5439330543933054,0.3692648814600034,0.6307351185399966
YOR363C,-1,39.063872939049574,130,2166,3697,109,0.6271714192068174,0.05662020905923345,0.5439330543933054,0.36943544260617434,0.6305645573938257
YPL188W,-1,39.04963803204247,130,2167,3696,109,0.6270075385119633,0.056595559425337394,0.5439330543933054,0.3696060037523452,0.6303939962476548
YOL152W,-1,39.039603376616014,130,2168,3695,109,0.6268436578171092,0.05657093124456049,0.5439330543933054,0.3697765648985161,0.6302234351014839
YGL025C,-1,39.03639661826481,130,2169,3694,109,0.626679777122255,0.05654632448890822,0.5439330543933054,0.36994712604468705,0.630052873955313
YPR160W,-1,39.031149562351295,130,2170,3693,109,0.6265158964274008,0.05652173913043478,0.5439330543933054,0.3701176871908579,0.6298823128091421
YPL232W,-1,39.01630458684435,130,2171,3692,109,0.6263520157325467,0.05649717514124294,0.5439330543933054,0.37028824833702884,0.6297117516629712
YJL174W,-1,39.0141622727362,130,2172,3691,109,0.6261881350376926,0.05647263249348393,0.5439330543933054,0.3704588094831997,0.6295411905168002
YFL021W,-1,39.00636535861294,130,2173,3690,109,0.6260242543428384,0.05644811115935736,0.5439330543933054,0.3706293706293706,0.6293706293706294
YOR198C,-1,38.99965859761935,130,2174,3689,109,0.6258603736479843,0.05642361111111111,0.5439330543933054,0.37079993177554155,0.6292000682244585
YLR328W,-1,38.99796237633137,130,2175,3688,109,0.6256964929531301,0.05639913232104121,0.5439330543933054,0.3709704929217124,0.6290295070782875
YGR142W,-1,38.98684969854187,130,2176,3687,109,0.6255326122582759,0.05637467476149176,0.5439330543933054,0.37114105406788334,0.6288589459321167
YKR101W,-1,38.97093280311714,130,2177,3686,109,0.6253687315634219,0.05635023840485479,0.5439330543933054,0.37131161521405426,0.6286883847859458
YPL028W,-1,38.91329660731617,130,2178,3685,109,0.6252048508685677,0.05632582322357019,0.5439330543933054,0.3714821763602251,0.6285178236397748
YNL080C,-1,38.91147924175801,130,2179,3684,109,0.6250409701737135,0.056301429190125596,0.5439330543933054,0.37165273750639605,0.628347262493604
YLR323C,-1,38.89830259727467,130,2180,3683,109,0.6248770894788593,0.05627705627705628,0.5439330543933054,0.37182329865256697,0.6281767013474331
YHR165C,-1,38.88686696759861,130,2181,3682,109,0.6247132087840053,0.056252704456945045,0.5439330543933054,0.37199385979873784,0.6280061402012621
YGR252W,-1,38.83967356421506,130,2182,3681,109,0.6245493280891511,0.056228373702422146,0.5439330543933054,0.37216442094490876,0.6278355790550912
YMR165C,-1,38.83067394228536,130,2183,3680,109,0.6243854473942969,0.056204063986165155,0.5439330543933054,0.3723349820910796,0.6276650179089204
YOR350C,-1,38.82846344666905,130,2184,3679,109,0.6242215666994428,0.056179775280898875,0.5439330543933054,0.37250554323725055,0.6274944567627494
YHR140W,-1,38.80589955972755,130,2185,3678,109,0.6240576860045887,0.056155507559395246,0.5439330543933054,0.37267610438342147,0.6273238956165785
YDL229W,-1,38.79906119808173,130,2186,3677,109,0.6238938053097345,0.05613126079447323,0.5439330543933054,0.37284666552959234,0.6271533344704077
YJR029W,-1,38.789552565714985,130,2187,3676,109,0.6237299246148804,0.05610703495899871,0.5439330543933054,0.37301722667576326,0.6269827733242367
YJL127C-B,-1,38.788954020434176,130,2188,3675,109,0.6235660439200262,0.056082830025884385,0.5439330543933054,0.3731877878219342,0.6268122121780658
YPL148C,-1,38.77478582637263,130,2189,3674,109,0.6234021632251721,0.056058645968089696,0.5439330543933054,0.37335834896810505,0.626641651031895
YLR187W,-1,38.74742388214213,130,2190,3673,109,0.6232382825303179,0.05603448275862069,0.5439330543933054,0.37352891011427597,0.6264710898857241
YOL133W,1,38.734718834828925,131,2190,3673,108,0.6234021632251721,0.05644118914261095,0.5481171548117155,0.37352891011427597,0.6264710898857241
YLR316C,-1,38.73028904421092,131,2191,3672,108,0.6232382825303179,0.056416881998277345,0.5481171548117155,0.3736994712604469,0.6263005287395531
YNL074C,-1,38.72900740694641,131,2192,3671,108,0.6230744018354638,0.056392595781317265,0.5481171548117155,0.37387003240661776,0.6261299675933822
YOR075W,-1,38.70755320841489,131,2193,3670,108,0.6229105211406096,0.05636833046471601,0.5481171548117155,0.3740405935527887,0.6259594064472114
YDR180W,-1,38.70504459420489,131,2194,3669,108,0.6227466404457555,0.056344086021505375,0.5481171548117155,0.3742111546989596,0.6257888453010404
YDR423C,-1,38.69808991057772,131,2195,3668,108,0.6225827597509014,0.05631986242476354,0.5481171548117155,0.37438171584513047,0.6256182841548695
YPR031W,-1,38.69730349670475,131,2196,3667,108,0.6224188790560472,0.05629565964761495,0.5481171548117155,0.3745522769913014,0.6254477230086987
YDL065C,-1,38.679499417342015,131,2197,3666,108,0.622254998361193,0.05627147766323024,0.5481171548117155,0.37472283813747226,0.6252771618625277
YKR004C,-1,38.67410504385123,131,2198,3665,108,0.622091117666339,0.056247316444826105,0.5481171548117155,0.3748933992836432,0.6251066007163568
YER051W,-1,38.64499302431085,131,2199,3664,108,0.6219272369714848,0.056223175965665236,0.5481171548117155,0.3750639604298141,0.624936039570186
YGL153W,-1,38.629427828882775,131,2200,3663,108,0.6217633562766306,0.0561990561990562,0.5481171548117155,0.37523452157598497,0.624765478424015
YFL054C,-1,38.613995594220384,131,2201,3662,108,0.6215994755817764,0.056174957118353346,0.5481171548117155,0.3754050827221559,0.6245949172778441
YDR534C,-1,38.608017404769384,131,2202,3661,108,0.6214355948869223,0.05615087869695671,0.5481171548117155,0.3755756438683268,0.6244243561316732
YDR028C,-1,38.60721789658173,131,2203,3660,108,0.6212717141920682,0.05612682090831191,0.5481171548117155,0.3757462050144977,0.6242537949855023
YHR045W,-1,38.58098440826143,131,2204,3659,108,0.621107833497214,0.056102783725910065,0.5481171548117155,0.3759167661606686,0.6240832338393314
YKL055C,-1,38.58072829243923,131,2205,3658,108,0.6209439528023599,0.05607876712328767,0.5481171548117155,0.3760873273068395,0.6239126726931605
YOR175C,-1,38.5733453644997,131,2206,3657,108,0.6207800721075057,0.05605477107402653,0.5481171548117155,0.3762578884530104,0.6237421115469896
YML133C,-1,38.55712595755358,131,2207,3656,108,0.6206161914126516,0.05603079555175364,0.5481171548117155,0.3764284495991813,0.6235715504008187
YLR066W,-1,38.51530023493228,131,2208,3655,108,0.6204523107177975,0.056006840530141086,0.5481171548117155,0.37659901074535224,0.6234009892546478
YLL026W,-1,38.503374645551176,131,2209,3654,108,0.6202884300229433,0.055982905982905985,0.5481171548117155,0.3767695718915231,0.6232304281084768
YBR029C,-1,38.50117734445195,131,2210,3653,108,0.6201245493280891,0.05595899188381034,0.5481171548117155,0.376940133037694,0.623059866962306
YBL085W,-1,38.492645171268826,131,2211,3652,108,0.619960668633235,0.055935098206660976,0.5481171548117155,0.3771106941838649,0.6228893058161351
YPL070W,-1,38.489255443723074,131,2212,3651,108,0.6197967879383809,0.055911224925309436,0.5481171548117155,0.3772812553300358,0.6227187446699641
YKL152C,-1,38.46550897718399,131,2213,3650,108,0.6196329072435267,0.055887372013651876,0.5481171548117155,0.37745181647620674,0.6225481835237933
YOR216C,-1,38.45252821979605,131,2214,3649,108,0.6194690265486725,0.055863539445628996,0.5481171548117155,0.3776223776223776,0.6223776223776224
YOL013C,1,38.45227659424262,132,2214,3649,107,0.6196329072435267,0.056265984654731455,0.5523012552301255,0.3776223776223776,0.6223776223776224
YKL159C,-1,38.432791027175696,132,2215,3648,107,0.6194690265486725,0.05624201107797188,0.5523012552301255,0.3777929387685485,0.6222070612314515
YDL015C,-1,38.39898923640956,132,2216,3647,107,0.6193051458538185,0.056218057921635436,0.5523012552301255,0.37796349991471945,0.6220365000852806
YKL064W,-1,38.392466266624695,132,2217,3646,107,0.6191412651589643,0.0561941251596424,0.5523012552301255,0.3781340610608903,0.6218659389391097
YLR342W,-1,38.39110140330183,132,2218,3645,107,0.6189773844641101,0.05617021276595745,0.5523012552301255,0.37830462220706124,0.6216953777929388
YFL025C,1,38.38674200370377,133,2218,3645,106,0.6191412651589643,0.056571671629094,0.5564853556485355,0.37830462220706124,0.6216953777929388
YCR073C,-1,38.38565373649911,133,2219,3644,106,0.6189773844641101,0.05654761904761905,0.5564853556485355,0.37847518335323216,0.6215248166467678
YFL031W,-1,38.380740519271306,133,2220,3643,106,0.618813503769256,0.056523586910327245,0.5564853556485355,0.378645744499403,0.621354255500597
YBR223C,-1,38.37675820588146,133,2221,3642,106,0.6186496230744019,0.05649957519116398,0.5564853556485355,0.37881630564557395,0.6211836943544261
YGR222W,-1,38.368707961678325,133,2222,3641,106,0.6184857423795477,0.0564755838641189,0.5564853556485355,0.3789868667917448,0.6210131332082551
YJR035W,-1,38.360647843783525,133,2223,3640,106,0.6183218616846935,0.056451612903225805,0.5564853556485355,0.37915742793791574,0.6208425720620843
YML064C,-1,38.35243887918455,133,2224,3639,106,0.6181579809898394,0.05642766228256258,0.5564853556485355,0.37932798908408666,0.6206720109159134
YLR292C,-1,38.34994674023435,133,2225,3638,106,0.6179941002949852,0.05640373197625106,0.5564853556485355,0.3794985502302575,0.6205014497697424
YLR119W,1,38.33340425658125,134,2225,3638,105,0.6181579809898394,0.05680373039423484,0.5606694560669456,0.3794985502302575,0.6205014497697424
YCR009C,-1,38.309483435879564,134,2226,3637,105,0.6179941002949852,0.05677966101694915,0.5606694560669456,0.37966911137642845,0.6203308886235716
YDR159W,-1,38.30206272231072,134,2227,3636,105,0.6178302196001311,0.056755612028801354,0.5606694560669456,0.37983967252259937,0.6201603274774007
YNR031C,-1,38.28974915807879,134,2228,3635,105,0.617666338905277,0.056731583403895,0.5606694560669456,0.38001023366877024,0.6199897663312297
YMR294W,-1,38.288634174119416,134,2229,3634,105,0.6175024582104228,0.05670757511637749,0.5606694560669456,0.38018079481494116,0.6198192051850588
YJR052W,-1,38.28215445518376,134,2230,3633,105,0.6173385775155686,0.05668358714043993,0.5606694560669456,0.3803513559611121,0.619648644038888
YBL017C,1,38.278100117578845,135,2230,3633,104,0.6175024582104228,0.05708245243128964,0.5648535564853556,0.3803513559611121,0.619648644038888
YMR192W,-1,38.27512357392906,135,2231,3632,104,0.6173385775155686,0.05705832628909552,0.5648535564853556,0.38052191710728295,0.619478082892717
YMR080C,-1,38.270351112131834,135,2232,3631,104,0.6171746968207146,0.057034220532319393,0.5648535564853556,0.38069247825345387,0.6193075217465461
YKL133C,-1,38.25940142098443,135,2233,3630,104,0.6170108161258604,0.057010135135135136,0.5648535564853556,0.3808630393996248,0.6191369606003753
YGR296W,-1,38.25225273755846,135,2234,3629,104,0.6168469354310062,0.056986070071760236,0.5648535564853556,0.38103360054579566,0.6189663994542043
YMR277W,-1,38.24843679159989,135,2235,3628,104,0.616683054736152,0.056962025316455694,0.5648535564853556,0.3812041616919666,0.6187958383080334
YGL255W,-1,38.245539886296115,135,2236,3627,104,0.616519174041298,0.05693800084352594,0.5648535564853556,0.38137472283813745,0.6186252771618626
YCR069W,-1,38.23251500355599,135,2237,3626,104,0.6163552933464438,0.05691399662731872,0.5648535564853556,0.38154528398430837,0.6184547160156916
YGL253W,-1,38.21218400939985,135,2238,3625,104,0.6161914126515896,0.056890012642225034,0.5648535564853556,0.3817158451304793,0.6182841548695207
YDR301W,-1,38.209685868528666,135,2239,3624,104,0.6160275319567355,0.05686604886267902,0.5648535564853556,0.38188640627665016,0.6181135937233498
YPR107C,-1,38.20028324837976,135,2240,3623,104,0.6158636512618814,0.056842105263157895,0.5648535564853556,0.3820569674228211,0.6179430325771789
YDR103W,-1,38.18771831550238,135,2241,3622,104,0.6156997705670272,0.056818181818181816,0.5648535564853556,0.382227528568992,0.617772471431008
YJL099W,-1,38.17806254223825,135,2242,3621,104,0.615535889872173,0.05679427850231384,0.5648535564853556,0.38239808971516287,0.6176019102848371
YER019C-A,-1,38.162393326739355,135,2243,3620,104,0.6153720091773189,0.0567703952901598,0.5648535564853556,0.3825686508613338,0.6174313491386663
YBR260C,-1,38.155838041746605,135,2244,3619,104,0.6152081284824648,0.05674653215636822,0.5648535564853556,0.3827392120075047,0.6172607879924953
YDL114W,-1,38.143892119580414,135,2245,3618,104,0.6150442477876106,0.05672268907563025,0.5648535564853556,0.3829097731536756,0.6170902268463244
YLL017W,-1,38.13315344002331,135,2246,3617,104,0.6148803670927565,0.056698866022679546,0.5648535564853556,0.3830803342998465,0.6169196657001536
YPL014W,-1,38.11238991691867,135,2247,3616,104,0.6147164863979023,0.05667506297229219,0.5648535564853556,0.38325089544601737,0.6167491045539826
YDR295C,-1,38.10441469530878,135,2248,3615,104,0.6145526057030481,0.056651279899286616,0.5648535564853556,0.3834214565921883,0.6165785434078117
YER138C,-1,38.10383332660422,135,2249,3614,104,0.6143887250081941,0.05662751677852349,0.5648535564853556,0.3835920177383592,0.6164079822616408
YDL059C,-1,38.098639708718025,135,2250,3613,104,0.6142248443133399,0.05660377358490566,0.5648535564853556,0.3837625788845301,0.6162374211154699
YOR137C,-1,38.087599318262946,135,2251,3612,104,0.6140609636184857,0.05658005029337804,0.5648535564853556,0.383933140030701,0.616066859969299
YDL125C,-1,38.07060287982079,135,2252,3611,104,0.6138970829236315,0.05655634687892752,0.5648535564853556,0.3841037011768719,0.6158962988231281
YER088C,-1,38.06532958180078,135,2253,3610,104,0.6137332022287775,0.056532663316582916,0.5648535564853556,0.3842742623230428,0.6157257376769572
YLR277C,-1,38.06190908605016,135,2254,3609,104,0.6135693215339233,0.056508999581414816,0.5648535564853556,0.3844448234692137,0.6155551765307863
YEL007W,-1,38.040786258642584,135,2255,3608,104,0.6134054408390691,0.056485355648535567,0.5648535564853556,0.38461538461538464,0.6153846153846154
YKL038W,-1,38.02283461382768,135,2256,3607,104,0.613241560144215,0.056461731493099125,0.5648535564853556,0.3847859457615555,0.6152140542384444
YGL067W,-1,38.00926661180689,135,2257,3606,104,0.6130776794493609,0.056438127090301,0.5648535564853556,0.3849565069077264,0.6150434930922736
YDR164C,-1,38.001148962746,135,2258,3605,104,0.6129137987545067,0.05641454241537819,0.5648535564853556,0.38512706805389735,0.6148729319461027
YNL230C,-1,37.989880231879695,135,2259,3604,104,0.6127499180596526,0.05639097744360902,0.5648535564853556,0.3852976292000682,0.6147023707999317
YLR240W,-1,37.98465240068619,135,2260,3603,104,0.6125860373647984,0.05636743215031315,0.5648535564853556,0.38546819034623914,0.6145318096537609
YML121W,-1,37.96963557328765,135,2261,3602,104,0.6124221566699443,0.056343906510851416,0.5648535564853556,0.38563875149241,0.61436124850759
YPR035W,-1,37.96888655797541,135,2262,3601,104,0.6122582759750901,0.056320400500625784,0.5648535564853556,0.3858093126385809,0.614190687361419
YAL043C,-1,37.96655776611937,135,2263,3600,104,0.612094395280236,0.05629691409507923,0.5648535564853556,0.38597987378475185,0.6140201262152482
YDR081C,-1,37.874009395075504,135,2264,3599,104,0.6119305145853818,0.05627344726969571,0.5648535564853556,0.3861504349309227,0.6138495650690773
YHR074W,-1,37.86889121719557,135,2265,3598,104,0.6117666338905277,0.05625,0.5648535564853556,0.38632099607709364,0.6136790039229063
YDR432W,-1,37.85027279602588,135,2266,3597,104,0.6116027531956736,0.05622657226155769,0.5648535564853556,0.38649155722326456,0.6135084427767354
YIR004W,-1,37.84737896437558,135,2267,3596,104,0.6114388725008194,0.05620316402997502,0.5648535564853556,0.3866621183694354,0.6133378816305646
YKR021W,-1,37.8281039392437,135,2268,3595,104,0.6112749918059652,0.056179775280898875,0.5648535564853556,0.38683267951560635,0.6131673204843937
YFL044C,1,37.819771691917786,136,2268,3595,103,0.6114388725008194,0.056572379367720464,0.5690376569037657,0.38683267951560635,0.6131673204843937
YER081W,-1,37.809371012083844,136,2269,3594,103,0.6112749918059652,0.05654885654885655,0.5690376569037657,0.38700324066177727,0.6129967593382227
YGR221C,-1,37.80561214610956,136,2270,3593,103,0.6111111111111112,0.05652535328345802,0.5690376569037657,0.38717380180794814,0.6128261981920519
YOL073C,-1,37.80531299395716,136,2271,3592,103,0.610947230416257,0.05650186954715413,0.5690376569037657,0.38734436295411906,0.612655637045881
YHL044W,-1,37.779006382696025,136,2272,3591,103,0.6107833497214028,0.05647840531561462,0.5690376569037657,0.38751492410029,0.61248507589971
YOR171C,-1,37.77382327076795,136,2273,3590,103,0.6106194690265486,0.05645496056454961,0.5690376569037657,0.38768548524646085,0.6123145147535392
YDR294C,-1,37.76549092050428,136,2274,3589,103,0.6104555883316946,0.056431535269709544,0.5690376569037657,0.38785604639263177,0.6121439536073683
YGR170W,-1,37.76251836389347,136,2275,3588,103,0.6102917076368404,0.05640812940688511,0.5690376569037657,0.38802660753880264,0.6119733924611973
YLL033W,-1,37.75784419661149,136,2276,3587,103,0.6101278269419862,0.05638474295190713,0.5690376569037657,0.38819716868497356,0.6118028313150264
YOR257W,1,37.74818677684768,137,2276,3587,102,0.6102917076368404,0.05677579776212184,0.5732217573221757,0.38819716868497356,0.6118028313150264
YIL031W,-1,37.741019960327975,137,2277,3586,102,0.6101278269419862,0.056752278376139186,0.5732217573221757,0.3883677298311445,0.6116322701688556
YOR386W,-1,37.73859021873528,137,2278,3585,102,0.6099639462471321,0.0567287784679089,0.5732217573221757,0.38853829097731535,0.6114617090226846
YLR363C,-1,37.66781489580213,137,2279,3584,102,0.609800065552278,0.05670529801324503,0.5732217573221757,0.38870885212348627,0.6112911478765137
YHR136C,-1,37.66763088682648,137,2280,3583,102,0.6096361848574238,0.05668183698800165,0.5732217573221757,0.3888794132696572,0.6111205867303429
YHL016C,-1,37.665896502315135,137,2281,3582,102,0.6094723041625697,0.05665839536807279,0.5732217573221757,0.38904997441582806,0.6109500255841719
YER044C-A,-1,37.66504657211772,137,2282,3581,102,0.6093084234677155,0.05663497312939231,0.5732217573221757,0.389220535561999,0.610779464438001
YJR091C,-1,37.66273207757153,137,2283,3580,102,0.6091445427728613,0.05661157024793388,0.5732217573221757,0.3893910967081699,0.6106089032918302
YJL154C,-1,37.65954601027396,137,2284,3579,102,0.6089806620780072,0.056588186699710864,0.5732217573221757,0.38956165785434077,0.6104383421456592
YGL106W,-1,37.65837740670017,137,2285,3578,102,0.6088167813831531,0.056564822460776217,0.5732217573221757,0.3897322190005117,0.6102677809994883
YPL075W,-1,37.63091422391694,137,2286,3577,102,0.6086529006882989,0.05654147750722245,0.5732217573221757,0.38990278014668256,0.6100972198533174
YKL019W,-1,37.62397533276271,137,2287,3576,102,0.6084890199934447,0.056518151815181515,0.5732217573221757,0.3900733412928535,0.6099266587071465
YGR168C,-1,37.61877476851805,137,2288,3575,102,0.6083251392985907,0.05649484536082474,0.5732217573221757,0.3902439024390244,0.6097560975609756
YIL035C,-1,37.61021139565469,137,2289,3574,102,0.6081612586037365,0.05647155812036274,0.5732217573221757,0.39041446358519527,0.6095855364148047
YPL050C,-1,37.59544046580592,137,2290,3573,102,0.6079973779088823,0.05644829007004532,0.5732217573221757,0.3905850247313662,0.6094149752686338
YPL051W,-1,37.59401473183357,137,2291,3572,102,0.6078334972140282,0.05642504118616145,0.5732217573221757,0.3907555858775371,0.6092444141224629
YKL178C,-1,37.59185408139757,137,2292,3571,102,0.6076696165191741,0.05640181144503911,0.5732217573221757,0.390926147023708,0.609073852976292
YJR084W,-1,37.58319683513655,137,2293,3570,102,0.6075057358243199,0.056378600823045265,0.5732217573221757,0.3910967081698789,0.6089032918301212
YOR177C,-1,37.57879184263864,137,2294,3569,102,0.6073418551294657,0.056355409296585765,0.5732217573221757,0.3912672693160498,0.6087327306839502
YMR189W,-1,37.565911662015026,137,2295,3568,102,0.6071779744346116,0.05633223684210526,0.5732217573221757,0.3914378304622207,0.6085621695377793
YCR104W,-1,37.55610552758784,137,2296,3567,102,0.6070140937397575,0.056309083436087135,0.5732217573221757,0.3916083916083916,0.6083916083916084
YIR028W,-1,37.52900277116416,137,2297,3566,102,0.6068502130449033,0.05628594905505341,0.5732217573221757,0.39177895275456254,0.6082210472454375
YKL005C,-1,37.5251685279615,137,2298,3565,102,0.6066863323500492,0.05626283367556468,0.5732217573221757,0.3919495139007334,0.6080504860992666
YMR159C,-1,37.52215865667813,137,2299,3564,102,0.606522451655195,0.056239737274220034,0.5732217573221757,0.3921200750469043,0.6078799249530957
YMR212C,-1,37.51100303579523,137,2300,3563,102,0.6063585709603408,0.05621665982765695,0.5732217573221757,0.3922906361930752,0.6077093638069248
YKR003W,-1,37.51077770791299,137,2301,3562,102,0.6061946902654868,0.05619360131255127,0.5732217573221757,0.3924611973392461,0.6075388026607539
YOR298W,-1,37.50237054758941,137,2302,3561,102,0.6060308095706326,0.05617056170561706,0.5732217573221757,0.39263175848541704,0.607368241514583
YOL137W,-1,37.49432281934331,137,2303,3560,102,0.6058669288757784,0.05614754098360656,0.5732217573221757,0.3928023196315879,0.607197680368412
YLR335W,-1,37.488255651684256,137,2304,3559,102,0.6057030481809242,0.05612453912331012,0.5732217573221757,0.3929728807777588,0.6070271192222412
YER008C,-1,37.48783472286165,137,2305,3558,102,0.6055391674860702,0.0561015561015561,0.5732217573221757,0.39314344192392975,0.6068565580760703
YML126C,-1,37.48217896033364,137,2306,3557,102,0.605375286791216,0.056078591895210805,0.5732217573221757,0.3933140030701006,0.6066859969298993
YLL002W,-1,37.479712538656884,137,2307,3556,102,0.6052114060963618,0.056055646481178396,0.5732217573221757,0.39348456421627154,0.6065154357837285
YOR222W,-1,37.4718016350194,137,2308,3555,102,0.6050475254015077,0.05603271983640082,0.5732217573221757,0.39365512536244246,0.6063448746375576
YMR171C,1,37.46655097095428,138,2308,3555,101,0.6052114060963618,0.056418642681929684,0.5774058577405857,0.39365512536244246,0.6063448746375576
YPR072W,-1,37.4394678877396,138,2309,3554,101,0.6050475254015077,0.05639558643236616,0.5774058577405857,0.3938256865086133,0.6061743134913866
YOR371C,-1,37.43935427865222,138,2310,3553,101,0.6048836447066536,0.056372549019607844,0.5774058577405857,0.39399624765478425,0.6060037523452158
YCR100C,-1,37.43769650513423,138,2311,3552,101,0.6047197640117994,0.05634953042057983,0.5774058577405857,0.3941668088009551,0.6058331911990449
YIL063C,-1,37.43702536093857,138,2312,3551,101,0.6045558833169452,0.0563265306122449,0.5774058577405857,0.39433736994712604,0.6056626300528739
YLR445W,-1,37.43569316470894,138,2313,3550,101,0.6043920026220911,0.056303549571603426,0.5774058577405857,0.39450793109329696,0.605492068906703
YBR126C,-1,37.39912262184006,138,2314,3549,101,0.604228121927237,0.05628058727569331,0.5774058577405857,0.3946784922394678,0.6053215077605322
YHR014W,-1,37.397761975924446,138,2315,3548,101,0.6040642412323828,0.05625764370158989,0.5774058577405857,0.39484905338563875,0.6051509466143612
YGR119C,-1,37.39151950721261,138,2316,3547,101,0.6039003605375287,0.05623471882640587,0.5774058577405857,0.39501961453180967,0.6049803854681903
YHR079C-A,-1,37.380672064417794,138,2317,3546,101,0.6037364798426745,0.05621181262729124,0.5774058577405857,0.39519017567798054,0.6048098243220195
YDR168W,-1,37.36884662936936,138,2318,3545,101,0.6035725991478204,0.05618892508143322,0.5774058577405857,0.39536073682415146,0.6046392631758486
YOL044W,-1,37.35446798729649,138,2319,3544,101,0.6034087184529663,0.05616605616605617,0.5774058577405857,0.3955312979703224,0.6044687020296776
YML113W,-1,37.338665770773055,138,2320,3543,101,0.6032448377581121,0.05614320585842148,0.5774058577405857,0.39570185911649325,0.6042981408835068
YPL161C,-1,37.33019248763482,138,2321,3542,101,0.6030809570632579,0.05612037413582757,0.5774058577405857,0.39587242026266417,0.6041275797373359
YKL029C,-1,37.322864779159346,138,2322,3541,101,0.6029170763684037,0.05609756097560976,0.5774058577405857,0.3960429814088351,0.6039570185911649
YMR251W-A,-1,37.30902381706296,138,2323,3540,101,0.6027531956735497,0.056074766355140186,0.5774058577405857,0.39621354255500596,0.603786457444994
YDR185C,-1,37.29520997212967,138,2324,3539,101,0.6025893149786955,0.056051990251827784,0.5774058577405857,0.3963841037011769,0.6036158962988232
YPL216W,-1,37.27156825824204,138,2325,3538,101,0.6024254342838413,0.05602923264311815,0.5774058577405857,0.39655466484734775,0.6034453351526522
YBR092C,-1,37.25985802116266,138,2326,3537,101,0.6022615535889873,0.056006493506493504,0.5774058577405857,0.39672522599351867,0.6032747740064813
YNL166C,-1,37.25545147112459,138,2327,3536,101,0.6020976728941331,0.055983772819472616,0.5774058577405857,0.3968957871396896,0.6031042128603105
YGL090W,-1,37.250907279352965,138,2328,3535,101,0.6019337921992789,0.05596107055961071,0.5774058577405857,0.39706634828586046,0.6029336517141395
YGR099W,-1,37.247400660818506,138,2329,3534,101,0.6017699115044248,0.05593838670449939,0.5774058577405857,0.3972369094320314,0.6027630905679686
YPR179C,-1,37.231106316072186,138,2330,3533,101,0.6016060308095706,0.055915721231766614,0.5774058577405857,0.3974074705782023,0.6025925294217978
YER052C,-1,37.22466405788593,138,2331,3532,101,0.6014421501147165,0.05589307411907655,0.5774058577405857,0.39757803172437317,0.6024219682756268
YPR036W,-1,37.20543526553423,138,2332,3531,101,0.6012782694198623,0.055870445344129556,0.5774058577405857,0.3977485928705441,0.6022514071294559
YOR360C,-1,37.19710469788302,138,2333,3530,101,0.6011143887250082,0.05584783488466208,0.5774058577405857,0.397919154016715,0.602080845983285
YOL011W,-1,37.181964956931495,138,2334,3529,101,0.600950508030154,0.055825242718446605,0.5774058577405857,0.3980897151628859,0.6019102848371141
YPR001W,-1,37.176740156301776,138,2335,3528,101,0.6007866273352999,0.055802668823291546,0.5774058577405857,0.3982602763090568,0.6017397236909432
YLR387C,-1,37.17202353388435,138,2336,3527,101,0.6006227466404458,0.05578011317704123,0.5774058577405857,0.3984308374552277,0.6015691625447723
YOR156C,1,37.17106590135512,139,2336,3527,100,0.6007866273352999,0.05616161616161616,0.5815899581589958,0.3984308374552277,0.6015691625447723
YDL033C,-1,37.1563177614977,139,2337,3526,100,0.6006227466404458,0.0561389337641357,0.5815899581589958,0.3986013986013986,0.6013986013986014
YDR541C,-1,37.14238238619146,139,2338,3525,100,0.6004588659455916,0.056116269681065804,0.5815899581589958,0.3987719597475695,0.6012280402524305
YOR106W,-1,37.1365269815336,139,2339,3524,100,0.6002949852507374,0.05609362389023406,0.5815899581589958,0.3989425208937404,0.6010574791062596
YLR189C,-1,37.12401408854116,139,2340,3523,100,0.6001311045558834,0.056070996369503835,0.5815899581589958,0.3991130820399113,0.6008869179600886
YOR127W,-1,37.10506500487343,139,2341,3522,100,0.5999672238610292,0.05604838709677419,0.5815899581589958,0.3992836431860822,0.6007163568139178
YHR023W,-1,37.10405757178307,139,2342,3521,100,0.599803343166175,0.05602579604997985,0.5815899581589958,0.3994542043322531,0.6005457956677469
YDR480W,-1,37.10093489389648,139,2343,3520,100,0.5996394624713208,0.05600322320709106,0.5815899581589958,0.399624765478424,0.600375234521576
YDR181C,-1,37.08443698503764,139,2344,3519,100,0.5994755817764668,0.055980668546113575,0.5815899581589958,0.39979532662459494,0.6002046733754051
YBR279W,-1,37.06597123750129,139,2345,3518,100,0.5993117010816126,0.055958132045088566,0.5815899581589958,0.3999658877707658,0.6000341122292342
YOR267C,-1,37.06396677285532,139,2346,3517,100,0.5991478203867584,0.05593561368209256,0.5815899581589958,0.4001364489169367,0.5998635510830633
YJL036W,-1,37.05080858659468,139,2347,3516,100,0.5989839396919043,0.055913113435237326,0.5815899581589958,0.40030701006310765,0.5996929899368924
YGR283C,-1,37.050471703928224,139,2348,3515,100,0.5988200589970502,0.055890631282669884,0.5815899581589958,0.4004775712092785,0.5995224287907215
YNL320W,-1,37.02781881108058,139,2349,3514,100,0.598656178302196,0.055868167202572344,0.5815899581589958,0.40064813235544944,0.5993518676445506
YNL008C,1,37.019721737165206,140,2349,3514,99,0.5988200589970502,0.0562474889513861,0.5857740585774058,0.40064813235544944,0.5993518676445506
YDR235W,-1,37.01043167397836,140,2350,3513,99,0.598656178302196,0.05622489959839357,0.5857740585774058,0.4008186935016203,0.5991813064983796
YHR028C,-1,36.99715579030989,140,2351,3512,99,0.5984922976073419,0.056202328382175835,0.5857740585774058,0.4009892546477912,0.5990107453522088
YPR098C,-1,36.99508073074685,140,2352,3511,99,0.5983284169124877,0.056179775280898875,0.5857740585774058,0.40115981579396215,0.5988401842060379
YFL030W,-1,36.98570844026317,140,2353,3510,99,0.5981645362176335,0.05615724027276374,0.5857740585774058,0.401330376940133,0.5986696230598669
YKL034W,1,36.98058887442369,141,2353,3510,98,0.5983284169124877,0.05653568564554932,0.5899581589958159,0.401330376940133,0.5986696230598669
YML047C,-1,36.96464133370159,141,2354,3509,98,0.5981645362176335,0.05651302605210421,0.5899581589958159,0.40150093808630394,0.5984990619136961
YGR047C,-1,36.963677376369134,141,2355,3508,98,0.5980006555227794,0.056490384615384616,0.5899581589958159,0.40167149923247486,0.5983285007675252
YOR007C,-1,36.94830713051595,141,2356,3507,98,0.5978367748279253,0.05646776131357629,0.5899581589958159,0.4018420603786457,0.5981579396213542
YGL208W,-1,36.934955945818984,141,2357,3506,98,0.5976728941330711,0.05644515612489992,0.5899581589958159,0.40201262152481665,0.5979873784751834
YLR207W,1,36.916786376958555,142,2357,3506,97,0.5978367748279253,0.05682272909163665,0.5941422594142259,0.40201262152481665,0.5979873784751834
YOR254C,-1,36.91285758655176,142,2358,3505,97,0.5976728941330711,0.0568,0.5941422594142259,0.40218318267098757,0.5978168173290125
YMR065W,-1,36.88435442658562,142,2359,3504,97,0.5975090134382169,0.05677728908436625,0.5941422594142259,0.40235374381715844,0.5976462561828415
YLR109W,-1,36.879733092881935,142,2360,3503,97,0.5973451327433629,0.05675459632294165,0.5941422594142259,0.40252430496332936,0.5974756950366706
YDR532C,-1,36.87311903979328,142,2361,3502,97,0.5971812520485087,0.05673192169396724,0.5941422594142259,0.4026948661095003,0.5973051338904998
YLR216C,-1,36.87227374721547,142,2362,3501,97,0.5970173713536545,0.05670926517571885,0.5941422594142259,0.40286542725567115,0.5971345727443288
YLR263W,-1,36.86130603820341,142,2363,3500,97,0.5968534906588004,0.056686626746506985,0.5941422594142259,0.40303598840184207,0.5969640115981579
YOR165W,-1,36.85356736549777,142,2364,3499,97,0.5966896099639463,0.05666400638467677,0.5941422594142259,0.40320654954801294,0.5967934504519871
YOR079C,-1,36.845123417303796,142,2365,3498,97,0.5965257292690921,0.056641404068607897,0.5941422594142259,0.40337711069418386,0.5966228893058161
YML123C,-1,36.83203547892998,142,2366,3497,97,0.5963618485742379,0.05661881977671451,0.5941422594142259,0.4035476718403548,0.5964523281596452
YCL045C,-1,36.81760984571429,142,2367,3496,97,0.5961979678793838,0.056596253487445194,0.5941422594142259,0.40371823298652565,0.5962817670134744
YGR152C,-1,36.81490291318718,142,2368,3495,97,0.5960340871845297,0.05657370517928287,0.5941422594142259,0.40388879413269657,0.5961112058673034
YOR092W,-1,36.80216272055098,142,2369,3494,97,0.5958702064896755,0.056551174830744726,0.5941422594142259,0.4040593552788675,0.5959406447211325
YMR227C,-1,36.777311662338825,142,2370,3493,97,0.5957063257948214,0.05652866242038217,0.5941422594142259,0.40422991642503836,0.5957700835749616
YEL072W,-1,36.77485962071455,142,2371,3492,97,0.5955424450999672,0.05650616792678074,0.5941422594142259,0.4044004775712093,0.5955995224287908
YMR051C,-1,36.7429907828664,142,2372,3491,97,0.595378564405113,0.056483691328560064,0.5941422594142259,0.4045710387173802,0.5954289612826198
YIL036W,-1,36.71211254424224,142,2373,3490,97,0.595214683710259,0.05646123260437376,0.5941422594142259,0.40474159986355107,0.5952584001364489
YOL051W,-1,36.70674654668149,142,2374,3489,97,0.5950508030154048,0.05643879173290938,0.5941422594142259,0.404912161009722,0.5950878389902781
YNL313C,-1,36.687550462911936,142,2375,3488,97,0.5948869223205506,0.05641636869288836,0.5941422594142259,0.40508272215589286,0.5949172778441071
YLR418C,-1,36.66371769780341,142,2376,3487,97,0.5947230416256964,0.056393963463065924,0.5941422594142259,0.4052532833020638,0.5947467166979362
YMR102C,-1,36.656697490412625,142,2377,3486,97,0.5945591609308424,0.05637157602223104,0.5941422594142259,0.4054238444482347,0.5945761555517654
YIR025W,1,36.644962943846906,143,2377,3486,96,0.5947230416256964,0.056746031746031746,0.5983263598326359,0.4054238444482347,0.5945761555517654
YBR119W,-1,36.643849238348274,143,2378,3485,96,0.5945591609308424,0.056723522411741376,0.5983263598326359,0.40559440559440557,0.5944055944055944
YPL252C,-1,36.62797595662951,143,2379,3484,96,0.5943952802359882,0.05670103092783505,0.5983263598326359,0.4057649667405765,0.5942350332594235
YHR061C,-1,36.60434430979005,143,2380,3483,96,0.594231399541134,0.05667855727308759,0.5983263598326359,0.4059355278867474,0.5940644721132526
YOL108C,-1,36.59653886798701,143,2381,3482,96,0.59406751884628,0.05665610142630745,0.5983263598326359,0.4061060890329183,0.5938939109670817
YFR036W,1,36.58863513198132,144,2381,3482,95,0.594231399541134,0.05702970297029703,0.602510460251046,0.4061060890329183,0.5938939109670817
YGR274C,-1,36.5449797273845,144,2382,3481,95,0.59406751884628,0.057007125890736345,0.602510460251046,0.4062766501790892,0.5937233498209108
YPL208W,-1,36.53167415866516,144,2383,3480,95,0.5939036381514258,0.05698456667985754,0.602510460251046,0.4064472113252601,0.5935527886747399
YIL145C,-1,36.518310076087516,144,2384,3479,95,0.5937397574565716,0.056962025316455694,0.602510460251046,0.406617772471431,0.593382227528569
YOR202W,-1,36.510149996330114,144,2385,3478,95,0.5935758767617175,0.05693950177935943,0.602510460251046,0.4067883336176019,0.5932116663823981
YLL041C,-1,36.50704876728121,144,2386,3477,95,0.5934119960668633,0.05691699604743083,0.602510460251046,0.40695889476377284,0.5930411052362272
YOR264W,-1,36.500162232776226,144,2387,3476,95,0.5932481153720092,0.05689450809956539,0.602510460251046,0.4071294559099437,0.5928705440900562
YER172C,-1,36.49937636728296,144,2388,3475,95,0.593084234677155,0.05687203791469194,0.602510460251046,0.4073000170561146,0.5926999829438854
YKL032C,-1,36.4865972892134,144,2389,3474,95,0.5929203539823009,0.0568495854717726,0.602510460251046,0.4074705782022855,0.5925294217977145
YKR077W,-1,36.48559819433251,144,2390,3473,95,0.5927564732874467,0.056827150749802685,0.602510460251046,0.4076411393484564,0.5923588606515435
YLR421C,1,36.4830724452202,145,2390,3473,94,0.5929203539823009,0.05719921104536489,0.606694560669456,0.4076411393484564,0.5923588606515435
YMR075W,-1,36.47566546943762,145,2391,3472,94,0.5927564732874467,0.05717665615141956,0.606694560669456,0.40781170049462734,0.5921882995053727
YPR095C,-1,36.46290577484842,145,2392,3471,94,0.5925925925925926,0.057154119038234134,0.606694560669456,0.4079822616407982,0.5920177383592018
YLL040C,-1,36.4617620847691,145,2393,3470,94,0.5924287118977385,0.05713159968479117,0.606694560669456,0.4081528227869691,0.5918471772130308
YER161C,-1,36.46095448284144,145,2394,3469,94,0.5922648312028843,0.05710909807010634,0.606694560669456,0.40832338393314005,0.59167661606686
YGL151W,-1,36.45673526868711,145,2395,3468,94,0.5921009505080301,0.05708661417322835,0.606694560669456,0.4084939450793109,0.5915060549206891
YPR013C,-1,36.442149492337194,145,2396,3467,94,0.591937069813176,0.05706414797323888,0.606694560669456,0.40866450622548184,0.5913354937745182
YBR286W,-1,36.44079741852804,145,2397,3466,94,0.5917731891183219,0.05704169944925256,0.606694560669456,0.40883506737165276,0.5911649326283472
YBR170C,1,36.41609885594337,146,2397,3466,93,0.591937069813176,0.05741250491545419,0.6108786610878661,0.40883506737165276,0.5911649326283472
YER151C,1,36.415898511038606,147,2397,3466,92,0.5921009505080301,0.05778301886792453,0.6150627615062761,0.40883506737165276,0.5911649326283472
YBR216C,-1,36.41391714138273,147,2398,3465,92,0.591937069813176,0.05776031434184676,0.6150627615062761,0.4090056285178236,0.5909943714821764
YMR261C,-1,36.41082601416106,147,2399,3464,92,0.5917731891183219,0.05773762765121759,0.6150627615062761,0.40917618966399455,0.5908238103360055
YFL033C,-1,36.402267487692185,147,2400,3463,92,0.5916093084234677,0.05771495877502945,0.6150627615062761,0.40934675081016547,0.5906532491898345
YPL165C,-1,36.37176969836656,147,2401,3462,92,0.5914454277286135,0.057692307692307696,0.6150627615062761,0.40951731195633634,0.5904826880436637
YLR389C,-1,36.37168351597347,147,2402,3461,92,0.5912815470337595,0.05766967438211063,0.6150627615062761,0.40968787310250726,0.5903121268974928
YDR173C,-1,36.369710666010505,147,2403,3460,92,0.5911176663389053,0.05764705882352941,0.6150627615062761,0.4098584342486781,0.5901415657513218
YGL241W,-1,36.366826391026805,147,2404,3459,92,0.5909537856440511,0.057624460995687965,0.6150627615062761,0.41002899539484905,0.589971004605151
YGR141W,-1,36.35975111913334,147,2405,3458,92,0.590789904949197,0.05760188087774295,0.6150627615062761,0.41019955654101997,0.5898004434589801
YNR073C,-1,36.33755995850697,147,2406,3457,92,0.5906260242543429,0.057579318448883664,0.6150627615062761,0.41037011768719084,0.5896298823128091
YOL060C,-1,36.2840088287857,147,2407,3456,92,0.5904621435594887,0.05755677368833203,0.6150627615062761,0.41054067883336176,0.5894593211666382
YLR243W,-1,36.282341845790256,147,2408,3455,92,0.5902982628646345,0.057534246575342465,0.6150627615062761,0.4107112399795327,0.5892887600204674
YKR009C,-1,36.26354540529624,147,2409,3454,92,0.5901343821697804,0.057511737089201875,0.6150627615062761,0.41088180112570355,0.5891181988742964
YLR110C,-1,36.26288625200611,147,2410,3453,92,0.5899705014749262,0.057489245209229566,0.6150627615062761,0.41105236227187447,0.5889476377281255
YML051W,-1,36.26075264953182,147,2411,3452,92,0.5898066207800721,0.05746677091477717,0.6150627615062761,0.4112229234180454,0.5887770765819547
YBL010C,-1,36.24843952359515,147,2412,3451,92,0.589642740085218,0.05744431418522861,0.6150627615062761,0.41139348456421626,0.5886065154357837
YBL057C,1,36.236272257171365,148,2412,3451,91,0.5898066207800721,0.0578125,0.6192468619246861,0.41139348456421626,0.5886065154357837
YER104W,-1,36.22972213724026,148,2413,3450,91,0.589642740085218,0.05778992581023038,0.6192468619246861,0.4115640457103872,0.5884359542896128
YGR075C,-1,36.2297025264881,148,2414,3449,91,0.5894788593903638,0.05776736924277908,0.6192468619246861,0.41173460685655805,0.588265393143442
YNL192W,-1,36.22151257608321,148,2415,3448,91,0.5893149786955096,0.05774483027701912,0.6192468619246861,0.41190516800272897,0.588094831997271
YMR036C,-1,36.22147567082156,148,2416,3447,91,0.5891510980006556,0.057722308892355696,0.6192468619246861,0.4120757291488999,0.5879242708511001
YKL072W,-1,36.1900766171498,148,2417,3446,91,0.5889872173058014,0.05769980506822612,0.6192468619246861,0.41224629029507076,0.5877537097049292
YJR004C,-1,36.18336178077186,148,2418,3445,91,0.5888233366109472,0.05767731878409977,0.6192468619246861,0.4124168514412417,0.5875831485587583
YJL084C,-1,36.164701337047646,148,2419,3444,91,0.588659455916093,0.05765485001947799,0.6192468619246861,0.4125874125874126,0.5874125874125874
YLR104W,-1,36.15983612555783,148,2420,3443,91,0.588495575221239,0.05763239875389408,0.6192468619246861,0.41275797373358347,0.5872420262664165
YMR201C,-1,36.14037805592839,148,2421,3442,91,0.5883316945263848,0.057609964966913195,0.6192468619246861,0.4129285348797544,0.5870714651202457
YOR080W,1,36.12905097607328,149,2421,3442,90,0.588495575221239,0.05797665369649806,0.6234309623430963,0.4129285348797544,0.5870714651202457
YMR011W,-1,36.11630897786022,149,2422,3441,90,0.5883316945263848,0.057954103461688056,0.6234309623430963,0.4130990960259253,0.5869009039740747
YDR224C,-1,36.11625114467184,149,2423,3440,90,0.5881678138315306,0.057931570762052874,0.6234309623430963,0.4132696571720962,0.5867303428279038
YBL088C,-1,36.10461105145217,149,2424,3439,90,0.5880039331366765,0.057909055577147296,0.6234309623430963,0.4134402183182671,0.586559781681733
YJL056C,-1,36.08642673191363,149,2425,3438,90,0.5878400524418224,0.05788655788655789,0.6234309623430963,0.413610779464438,0.586389220535562
YKR029C,-1,36.08551963159837,149,2426,3437,90,0.5876761717469682,0.05786407766990291,0.6234309623430963,0.4137813406106089,0.5862186593893911
YPR162C,-1,36.084829446246715,149,2427,3436,90,0.5875122910521141,0.057841614906832296,0.6234309623430963,0.4139519017567798,0.5860480982432202
YML031W,-1,36.07744266724569,149,2428,3435,90,0.5873484103572599,0.057819169577027554,0.6234309623430963,0.4141224629029507,0.5858775370970493
YBR182C,-1,36.0589361160254,149,2429,3434,90,0.5871845296624058,0.057796741660201705,0.6234309623430963,0.4142930240491216,0.5857069759508784
YEL043W,-1,36.056006727529166,149,2430,3433,90,0.5870206489675516,0.05777433113609926,0.6234309623430963,0.4144635851952925,0.5855364148047075
YKL138C-A,-1,36.03395506323201,149,2431,3432,90,0.5868567682726975,0.05775193798449613,0.6234309623430963,0.4146341463414634,0.5853658536585366
YKL096W-A,-1,36.0333230403443,149,2432,3431,90,0.5866928875778433,0.057729562185199534,0.6234309623430963,0.4148047074876343,0.5851952925123657
YLR247C,-1,36.01977766411834,149,2433,3430,90,0.5865290068829891,0.05770720371804802,0.6234309623430963,0.41497526863380524,0.5850247313661948
YLL049W,-1,35.99522449133621,149,2434,3429,90,0.5863651261881351,0.057684862562911346,0.6234309623430963,0.4151458297799761,0.5848541702200238
YGL141W,1,35.992569742143765,150,2434,3429,89,0.5865290068829891,0.05804953560371517,0.6276150627615062,0.4151458297799761,0.5848541702200238
YER145C,-1,35.97901509230221,150,2435,3428,89,0.5863651261881351,0.058027079303675046,0.6276150627615062,0.415316390926147,0.584683609073853
YJR051W,-1,35.966369861010854,150,2436,3427,89,0.5862012454932809,0.058004640371229696,0.6276150627615062,0.41548695207231795,0.5845130479276821
YIL104C,-1,35.964259722261936,150,2437,3426,89,0.5860373647984267,0.05798221878623889,0.6276150627615062,0.4156575132184888,0.5843424867815111
YNL006W,-1,35.95340809917033,150,2438,3425,89,0.5858734841035727,0.05795981452859351,0.6276150627615062,0.41582807436465974,0.5841719256353403
YLR182W,-1,35.951174691515575,150,2439,3424,89,0.5857096034087185,0.05793742757821553,0.6276150627615062,0.4159986355108306,0.5840013644891694
YJR090C,1,35.89481968479064,151,2439,3424,88,0.5858734841035727,0.0583011583011583,0.6317991631799164,0.4159986355108306,0.5840013644891694
YNR009W,-1,35.882950236419816,151,2440,3423,88,0.5857096034087185,0.05827865688923196,0.6317991631799164,0.4161691966570015,0.5838308033429984
YEL040W,-1,35.86854173607333,151,2441,3422,88,0.5855457227138643,0.058256172839506175,0.6317991631799164,0.41633975780317245,0.5836602421968276
YNL064C,1,35.86359493430294,152,2441,3422,87,0.5857096034087185,0.05861935981488623,0.6359832635983264,0.41633975780317245,0.5836602421968276
YOL043C,-1,35.8456829185065,152,2442,3421,87,0.5855457227138643,0.058596761757902856,0.6359832635983264,0.4165103189493433,0.5834896810506567
YJR022W,-1,35.81869053609205,152,2443,3420,87,0.5853818420190101,0.05857418111753372,0.6359832635983264,0.41668088009551424,0.5833191199044857
YBR065C,-1,35.80559839790463,152,2444,3419,87,0.585217961324156,0.05855161787365177,0.6359832635983264,0.41685144124168516,0.5831485587583148
YBR248C,-1,35.800194822353596,152,2445,3418,87,0.5850540806293019,0.058529072006160955,0.6359832635983264,0.41702200238785603,0.582977997612144
YML032C,-1,35.79940230949067,152,2446,3417,87,0.5848901999344477,0.05850654349499615,0.6359832635983264,0.41719256353402695,0.5828074364659731
YOR149C,-1,35.7984527313229,152,2447,3416,87,0.5847263192395936,0.05848403232012313,0.6359832635983264,0.4173631246801979,0.5826368753198021
YIL172C,-1,35.79690860064875,152,2448,3415,87,0.5845624385447394,0.05846153846153846,0.6359832635983264,0.41753368582636874,0.5824663141736313
YHR175W,-1,35.79603261398523,152,2449,3414,87,0.5843985578498853,0.058439061899269514,0.6359832635983264,0.41770424697253966,0.5822957530274604
YBL011W,-1,35.78733219456845,152,2450,3413,87,0.5842346771550312,0.05841660261337433,0.6359832635983264,0.4178748081187106,0.5821251918812894
YJL157C,-1,35.76395600454245,152,2451,3412,87,0.584070796460177,0.058394160583941604,0.6359832635983264,0.41804536926488145,0.5819546307351185
YER065C,-1,35.76192027148826,152,2452,3411,87,0.5839069157653228,0.05837173579109063,0.6359832635983264,0.4182159304110524,0.5817840695889477
YOR188W,-1,35.7560221943315,152,2453,3410,87,0.5837430350704687,0.058349328214971206,0.6359832635983264,0.41838649155722324,0.5816135084427767
YNL145W,-1,35.72874825506871,152,2454,3409,87,0.5835791543756146,0.05832693783576362,0.6359832635983264,0.41855705270339416,0.5814429472966058
YCL040W,-1,35.7202082223897,152,2455,3408,87,0.5834152736807604,0.05830456463367856,0.6359832635983264,0.4187276138495651,0.581272386150435
YPL253C,-1,35.711254501519335,152,2456,3407,87,0.5832513929859062,0.05828220858895705,0.6359832635983264,0.41889817499573595,0.581101825004264
YPL019C,-1,35.70790354114062,152,2457,3406,87,0.5830875122910522,0.05825986968187045,0.6359832635983264,0.4190687361419069,0.5809312638580931
YLR241W,-1,35.70639356653555,152,2458,3405,87,0.582923631596198,0.05823754789272031,0.6359832635983264,0.4192392972880778,0.5807607027119223
YLL064C,-1,35.70633545963824,152,2459,3404,87,0.5827597509013438,0.05821524320183838,0.6359832635983264,0.41940985843424866,0.5805901415657513
YPL206C,-1,35.69386151528656,152,2460,3403,87,0.5825958702064897,0.05819295558958652,0.6359832635983264,0.4195804195804196,0.5804195804195804
YDR263C,-1,35.681341161389554,152,2461,3402,87,0.5824319895116356,0.05817068503635668,0.6359832635983264,0.4197509807265905,0.5802490192734095
YPL255W,-1,35.68065316515088,152,2462,3401,87,0.5822681088167814,0.05814843152257077,0.6359832635983264,0.4199215418727614,0.5800784581272386
YLR025W,1,35.67950092457369,153,2462,3401,86,0.5824319895116356,0.058508604206500954,0.6401673640167364,0.4199215418727614,0.5800784581272386
YHR032W,-1,35.67324510491926,153,2463,3400,86,0.5822681088167814,0.058486238532110095,0.6401673640167364,0.4200921030189323,0.5799078969810677
YMR100W,-1,35.67138332093624,153,2464,3399,86,0.5821042281219272,0.058463889950324796,0.6401673640167364,0.4202626641651032,0.5797373358348968
YGR007W,-1,35.670872010169376,153,2465,3398,86,0.5819403474270731,0.05844155844155844,0.6401673640167364,0.4204332253112741,0.5795667746887259
YBR123C,-1,35.67024223633236,153,2466,3397,86,0.5817764667322189,0.058419243986254296,0.6401673640167364,0.420603786457445,0.579396213542555
YJR107W,-1,35.66341509083577,153,2467,3396,86,0.5816125860373648,0.0583969465648855,0.6401673640167364,0.4207743476036159,0.5792256523963841
YAR042W,-1,35.64603561915999,153,2468,3395,86,0.5814487053425107,0.05837466615795498,0.6401673640167364,0.4209449087497868,0.5790550912502131
YLR248W,-1,35.64226238341939,153,2469,3394,86,0.5812848246476565,0.05835240274599542,0.6401673640167364,0.4211154698959577,0.5788845301040423
YKL108W,-1,35.63335186226039,153,2470,3393,86,0.5811209439528023,0.0583301563095692,0.6401673640167364,0.4212860310421286,0.5787139689578714
YPL283C,-1,35.62791012146625,153,2471,3392,86,0.5809570632579482,0.058307926829268296,0.6401673640167364,0.4214565921882995,0.5785434078117005
YDL155W,-1,35.62332342776814,153,2472,3391,86,0.5807931825630941,0.05828571428571429,0.6401673640167364,0.42162715333447043,0.5783728466655296
YBR244W,-1,35.61950054373153,153,2473,3390,86,0.5806293018682399,0.05826351865955826,0.6401673640167364,0.4217977144806413,0.5782022855193587
YBR133C,-1,35.617500796070665,153,2474,3389,86,0.5804654211733857,0.05824133993148078,0.6401673640167364,0.4219682756268122,0.5780317243731878
YGR233C,-1,35.60797525200785,153,2475,3388,86,0.5803015404785317,0.05821917808219178,0.6401673640167364,0.42213883677298314,0.5778611632270169
YFL040W,-1,35.60243029819685,153,2476,3387,86,0.5801376597836775,0.05819703309243058,0.6401673640167364,0.422309397919154,0.577690602080846
YDR457W,1,35.59737745683662,154,2476,3387,85,0.5803015404785317,0.05855513307984791,0.6443514644351465,0.422309397919154,0.577690602080846
YKL188C,-1,35.56471891318479,154,2477,3386,85,0.5801376597836775,0.058532877232991255,0.6443514644351465,0.42247995906532493,0.5775200409346751
YMR055C,-1,35.560060928182565,154,2478,3385,85,0.5799737790888233,0.05851063829787234,0.6443514644351465,0.4226505202114958,0.5773494797885041
YHR027C,1,35.555240613691375,155,2478,3385,84,0.5801376597836775,0.05886821116597037,0.6485355648535565,0.4226505202114958,0.5773494797885041
YFL009W,1,35.53352436281085,156,2478,3385,83,0.5803015404785317,0.05922551252847381,0.6527196652719666,0.4226505202114958,0.5773494797885041
YPR118W,-1,35.514350806776086,156,2479,3384,83,0.5801376597836775,0.05920303605313093,0.6527196652719666,0.4228210813576667,0.5771789186423333
YHR202W,-1,35.509376985809695,156,2480,3383,83,0.5799737790888233,0.05918057663125948,0.6527196652719666,0.42299164250383764,0.5770083574961624
YJR025C,-1,35.50651660986722,156,2481,3382,83,0.5798098983939692,0.05915813424345848,0.6527196652719666,0.4231622036500085,0.5768377963499914
YGR238C,-1,35.5020692932991,156,2482,3381,83,0.5796460176991151,0.05913570887035633,0.6527196652719666,0.42333276479617943,0.5766672352038206
YBR149W,-1,35.48687324748863,156,2483,3380,83,0.5794821370042609,0.059113300492610835,0.6527196652719666,0.42350332594235035,0.5764966740576497
YDL164C,-1,35.483150899313095,156,2484,3379,83,0.5793182563094067,0.05909090909090909,0.6527196652719666,0.4236738870885212,0.5763261129114787
YDR332W,-1,35.473162040434126,156,2485,3378,83,0.5791543756145526,0.05906853464596744,0.6527196652719666,0.42384444823469214,0.5761555517653079
YPL082C,-1,35.43964462992231,156,2486,3377,83,0.5789904949196985,0.059046177138531414,0.6527196652719666,0.42401500938086306,0.575984990619137
YLR014C,-1,35.4229653063946,156,2487,3376,83,0.5788266142248443,0.05902383654937571,0.6527196652719666,0.42418557052703393,0.575814429472966
YDR233C,-1,35.40670203986365,156,2488,3375,83,0.5786627335299902,0.059001512859304085,0.6527196652719666,0.42435613167320485,0.5756438683267951
YMR084W,-1,35.404874327879156,156,2489,3374,83,0.578498852835136,0.05897920604914934,0.6527196652719666,0.4245266928193758,0.5754733071806243
YHR036W,-1,35.395192121563746,156,2490,3373,83,0.5783349721402818,0.05895691609977324,0.6527196652719666,0.42469725396554664,0.5753027460344533
YLL066C,-1,35.38756522911717,156,2491,3372,83,0.5781710914454278,0.058934642992066494,0.6527196652719666,0.42486781511171756,0.5751321848882824
YLR287C-A,-1,35.38603841795947,156,2492,3371,83,0.5780072107505736,0.05891238670694864,0.6527196652719666,0.42503837625788843,0.5749616237421116
YDL063C,-1,35.366520922595555,156,2493,3370,83,0.5778433300557194,0.05889014722536806,0.6527196652719666,0.42520893740405935,0.5747910625959406
YMR173W,-1,35.35554141350477,156,2494,3369,83,0.5776794493608652,0.05886792452830188,0.6527196652719666,0.4253794985502303,0.5746205014497697
YLR219W,-1,35.313875111706245,156,2495,3368,83,0.5775155686660112,0.05884571859675594,0.6527196652719666,0.42555005969640114,0.5744499403035989
YJL031C,-1,35.29692695157124,156,2496,3367,83,0.577351687971157,0.058823529411764705,0.6527196652719666,0.42572062084257206,0.5742793791574279
YKR038C,-1,35.186744064155846,156,2497,3366,83,0.5771878072763028,0.05880135695439125,0.6527196652719666,0.425891181988743,0.574108818011257
YBR067C,-1,35.131273751075945,156,2498,3365,83,0.5770239265814487,0.0587792012057272,0.6527196652719666,0.42606174313491385,0.5739382568650861
YMR054W,-1,35.11255217357803,156,2499,3364,83,0.5768600458865946,0.05875706214689266,0.6527196652719666,0.4262323042810848,0.5737676957189153
YIL017C,1,35.08226727704535,157,2499,3364,82,0.5770239265814487,0.05911144578313253,0.6569037656903766,0.4262323042810848,0.5737676957189153
YJL166W,-1,35.06706449361823,157,2500,3363,82,0.5768600458865946,0.059089198343996986,0.6569037656903766,0.4264028654272557,0.5735971345727443
YER125W,1,35.060307161991396,158,2500,3363,81,0.5770239265814487,0.059443190368698266,0.6610878661087866,0.4264028654272557,0.5735971345727443
YHR039C,-1,35.053827176901564,158,2501,3362,81,0.5768600458865946,0.059420834900338476,0.6610878661087866,0.42657342657342656,0.5734265734265734
YDR422C,-1,35.05099101485469,158,2502,3361,81,0.5766961651917404,0.059398496240601506,0.6610878661087866,0.4267439877195975,0.5732560122804026
YMR204C,-1,35.04717191432386,158,2503,3360,81,0.5765322844968863,0.05937617437053739,0.6610878661087866,0.42691454886576835,0.5730854511342316
YJL134W,-1,35.03825898842234,158,2504,3359,81,0.5763684038020321,0.059353869271224644,0.6610878661087866,0.4270851100119393,0.5729148899880607
YOR180C,-1,35.033202841775875,158,2505,3358,81,0.576204523107178,0.05933158092377019,0.6610878661087866,0.4272556711581102,0.5727443288418899
YJL047C,1,35.02904846803311,159,2505,3358,80,0.5763684038020321,0.059684684684684686,0.6652719665271967,0.4272556711581102,0.5727443288418899
YBR187W,-1,34.99242091373987,159,2506,3357,80,0.576204523107178,0.05966228893058161,0.6652719665271967,0.42742623230428106,0.5725737676957189
YDR384C,-1,34.95708042450644,159,2507,3356,80,0.5760406424123238,0.059639909977494375,0.6652719665271967,0.427596793450452,0.572403206549548
YGR288W,-1,34.94734324666638,159,2508,3355,80,0.5758767617174697,0.05961754780652419,0.6652719665271967,0.4277673545966229,0.5722326454033771
YDL220C,-1,34.941256987113334,159,2509,3354,80,0.5757128810226155,0.0595952023988006,0.6652719665271967,0.4279379157427938,0.5720620842572062
YDR291W,-1,34.919358530995225,159,2510,3353,80,0.5755490003277614,0.05957287373548145,0.6652719665271967,0.4281084768889647,0.5718915231110353
YER142C,-1,34.89972569231991,159,2511,3352,80,0.5753851196329073,0.05955056179775281,0.6652719665271967,0.4282790380351356,0.5717209619648644
YMR156C,-1,34.89211013728747,159,2512,3351,80,0.5752212389380531,0.0595282665668289,0.6652719665271967,0.4284495991813065,0.5715504008186935
YOR110W,-1,34.885813575659085,159,2513,3350,80,0.5750573582431989,0.05950598802395209,0.6652719665271967,0.4286201603274774,0.5713798396725226
YFR032C-A,-1,34.885776400943996,159,2514,3349,80,0.5748934775483449,0.05948372615039282,0.6652719665271967,0.42879072147364833,0.5712092785263517
YMR278W,-1,34.86581818220989,159,2515,3348,80,0.5747295968534907,0.05946148092744952,0.6652719665271967,0.4289612826198192,0.5710387173801807
YOL017W,-1,34.851375890009365,159,2516,3347,80,0.5745657161586365,0.059439252336448596,0.6652719665271967,0.4291318437659901,0.5708681562340099
YOR155C,-1,34.844340928739285,159,2517,3346,80,0.5744018354637823,0.05941704035874439,0.6652719665271967,0.429302404912161,0.570697595087839
YJL002C,-1,34.83162481103095,159,2518,3345,80,0.5742379547689282,0.05939484497571909,0.6652719665271967,0.4294729660583319,0.570527033941668
YGR186W,-1,34.8171604153643,159,2519,3344,80,0.5740740740740741,0.05937266616878267,0.6652719665271967,0.42964352720450283,0.5703564727954972
YOR132W,-1,34.815568018075396,159,2520,3343,80,0.5739101933792199,0.0593505039193729,0.6652719665271967,0.4298140883506737,0.5701859116493263
YHR190W,-1,34.80822428005145,159,2521,3342,80,0.5737463126843658,0.059328358208955226,0.6652719665271967,0.4299846494968446,0.5700153505031553
YJL041W,-1,34.79646511163237,159,2522,3341,80,0.5735824319895116,0.05930622901902275,0.6652719665271967,0.43015521064301554,0.5698447893569845
YLR200W,-1,34.78431789454655,159,2523,3340,80,0.5734185512946575,0.0592841163310962,0.6652719665271967,0.4303257717891864,0.5696742282108136
YPL276W,-1,34.769734983456146,159,2524,3339,80,0.5732546705998034,0.05926202012672382,0.6652719665271967,0.43049633293535733,0.5695036670646427
YLR028C,-1,34.767027736964586,159,2525,3338,80,0.5730907899049492,0.05923994038748137,0.6652719665271967,0.43066689408152825,0.5693331059184717
YLR102C,1,34.759532249984545,160,2525,3338,79,0.5732546705998034,0.0595903165735568,0.6694560669456067,0.43066689408152825,0.5693331059184717
YDL105W,-1,34.72689630265549,160,2526,3337,79,0.5730907899049492,0.05956813104988831,0.6694560669456067,0.4308374552276991,0.5691625447723009
YNL339C,-1,34.72327376692261,160,2527,3336,79,0.572926909210095,0.0595459620394492,0.6694560669456067,0.43100801637387004,0.56899198362613
YGR014W,-1,34.701221984114994,160,2528,3335,79,0.5727630285152409,0.05952380952380952,0.6694560669456067,0.43117857752004096,0.568821422479959
YJL092W,-1,34.6899340946267,160,2529,3334,79,0.5725991478203868,0.05950167348456675,0.6694560669456067,0.43134913866621183,0.5686508613337882
YHR115C,-1,34.68562421396347,160,2530,3333,79,0.5724352671255326,0.05947955390334572,0.6694560669456067,0.43151969981238275,0.5684803001876173
YKL130C,-1,34.68144093971956,160,2531,3332,79,0.5722713864306784,0.059457450761798585,0.6694560669456067,0.4316902609585536,0.5683097390414463
YPR192W,-1,34.66842719506901,160,2532,3331,79,0.5721075057358244,0.05943536404160475,0.6694560669456067,0.43186082210472454,0.5681391778952755
YMR279C,-1,34.66061111638555,160,2533,3330,79,0.5719436250409702,0.05941329372447085,0.6694560669456067,0.43203138325089546,0.5679686167491046
YBR162W-A,-1,34.660342172126,160,2534,3329,79,0.571779744346116,0.05939123979213066,0.6694560669456067,0.43220194439706633,0.5677980556029336
YFR021W,-1,34.6293605095876,160,2535,3328,79,0.5716158636512619,0.059369202226345084,0.6694560669456067,0.43237250554323725,0.5676274944567627
YDL225W,-1,34.614045623971705,160,2536,3327,79,0.5714519829564078,0.05934718100890208,0.6694560669456067,0.4325430666894082,0.5674569333105919
YPR022C,-1,34.6101679977437,160,2537,3326,79,0.5712881022615536,0.05932517612161661,0.6694560669456067,0.43271362783557904,0.5672863721644209
YAL007C,-1,34.56051844432983,160,2538,3325,79,0.5711242215666994,0.05930318754633061,0.6694560669456067,0.43288418898174996,0.56711581101825
YIL156W,1,34.557006599943534,161,2538,3325,78,0.5712881022615536,0.05965172286031863,0.6736401673640168,0.43288418898174996,0.56711581101825
YGL213C,-1,34.528818803654985,161,2539,3324,78,0.5711242215666994,0.05962962962962963,0.6736401673640168,0.4330547501279209,0.5669452498720792
YDR481C,-1,34.52432731023312,161,2540,3323,78,0.5709603408718453,0.05960755275823769,0.6736401673640168,0.43322531127409175,0.5667746887259082
YOR338W,-1,34.517953469820895,161,2541,3322,78,0.5707964601769911,0.05958549222797927,0.6736401673640168,0.4333958724202627,0.5666041275797373
YLR347C,-1,34.51202135225036,161,2542,3321,78,0.570632579482137,0.059563448020717724,0.6736401673640168,0.43356643356643354,0.5664335664335665
YDR381W,-1,34.478592883605614,161,2543,3320,78,0.5704686987872829,0.059541420118343194,0.6736401673640168,0.43373699471260446,0.5662630052873955
YER073W,-1,34.473703590583476,161,2544,3319,78,0.5703048180924287,0.059519408502772646,0.6736401673640168,0.4339075558587754,0.5660924441412246
YNL115C,-1,34.46780224057352,161,2545,3318,78,0.5701409373975745,0.05949741315594974,0.6736401673640168,0.43407811700494625,0.5659218829950537
YHR134W,1,34.459404885244794,162,2545,3318,77,0.5703048180924287,0.05984484669375693,0.6778242677824268,0.43407811700494625,0.5659218829950537
YLR065C,-1,34.45321186828721,162,2546,3317,77,0.5701409373975745,0.05982274741506647,0.6778242677824268,0.4342486781511172,0.5657513218488828
YNL271C,-1,34.450269662248346,162,2547,3316,77,0.5699770567027205,0.059800664451827246,0.6778242677824268,0.4344192392972881,0.5655807607027119
YLR309C,-1,34.44253919914908,162,2548,3315,77,0.5698131760078663,0.05977859778597786,0.6778242677824268,0.43458980044345896,0.565410199556541
YML124C,-1,34.42203352162469,162,2549,3314,77,0.5696492953130121,0.059756547399483585,0.6778242677824268,0.4347603615896299,0.5652396384103702
YGR166W,-1,34.41919826215762,162,2550,3313,77,0.5694854146181579,0.059734513274336286,0.6778242677824268,0.4349309227358008,0.5650690772641992
YPL200W,-1,34.40011179149768,162,2551,3312,77,0.5693215339233039,0.05971249539255437,0.6778242677824268,0.4351014838819717,0.5648985161180283
YLL053C,-1,34.3930972492235,162,2552,3311,77,0.5691576532284497,0.05969049373618276,0.6778242677824268,0.4352720450281426,0.5647279549718575
YJL103C,-1,34.391900021286965,162,2553,3310,77,0.5689937725335955,0.05966850828729282,0.6778242677824268,0.4354426061743135,0.5645573938256865
YKL045W,-1,34.38690362061101,162,2554,3309,77,0.5688298918387414,0.05964653902798233,0.6778242677824268,0.4356131673204844,0.5643868326795156
YER072W,-1,34.3396800596814,162,2555,3308,77,0.5686660111438873,0.05962458594037542,0.6778242677824268,0.4357837284666553,0.5642162715333447
YHR099W,-1,34.326806763970694,162,2556,3307,77,0.5685021304490331,0.059602649006622516,0.6778242677824268,0.4359542896128262,0.5640457103871738
YNL246W,-1,34.32094492839187,162,2557,3306,77,0.5683382497541789,0.059580728208900334,0.6778242677824268,0.4361248507589971,0.5638751492410029
YJL225C,-1,34.32061827380403,162,2558,3305,77,0.5681743690593248,0.05955882352941176,0.6778242677824268,0.436295411905168,0.563704588094832
YLR131C,-1,34.314983469894756,162,2559,3304,77,0.5680104883644707,0.05953693495038589,0.6778242677824268,0.4364659730513389,0.5635340269486611
YPL089C,-1,34.2830662731925,162,2560,3303,77,0.5678466076696165,0.05951506245407789,0.6778242677824268,0.4366365341975098,0.5633634658024902
YGL050W,-1,34.28079596617512,162,2561,3302,77,0.5676827269747624,0.059493206022769,0.6778242677824268,0.43680709534368073,0.5631929046563193
YBR293W,-1,34.27846217181378,162,2562,3301,77,0.5675188462799082,0.05947136563876652,0.6778242677824268,0.4369776564898516,0.5630223435101483
YOR377W,-1,34.27292686500317,162,2563,3300,77,0.567354965585054,0.05944954128440367,0.6778242677824268,0.4371482176360225,0.5628517823639775
YPL158C,-1,34.27051294958119,162,2564,3299,77,0.5671910848902,0.05942773294203962,0.6778242677824268,0.43731877878219344,0.5626812212178066
YER181C,-1,34.26689658986288,162,2565,3298,77,0.5670272041953458,0.0594059405940594,0.6778242677824268,0.4374893399283643,0.5625106600716356
YMR113W,-1,34.26061051569988,162,2566,3297,77,0.5668633235004916,0.0593841642228739,0.6778242677824268,0.43765990107453523,0.5623400989254648
YKL116C,-1,34.2535415024512,162,2567,3296,77,0.5666994428056374,0.05936240381091975,0.6778242677824268,0.4378304622207061,0.5621695377792939
YER109C,-1,34.24500782130394,162,2568,3295,77,0.5665355621107834,0.05934065934065934,0.6778242677824268,0.438001023366877,0.5619989766331229
YFL004W,-1,34.24296968936525,162,2569,3294,77,0.5663716814159292,0.05931893079458074,0.6778242677824268,0.43817158451304794,0.5618284154869521
YBL095W,-1,34.23466089411522,162,2570,3293,77,0.566207800721075,0.05929721815519766,0.6778242677824268,0.4383421456592188,0.5616578543407812
YIL120W,-1,34.22997986257101,162,2571,3292,77,0.566043920026221,0.059275521405049394,0.6778242677824268,0.43851270680538973,0.5614872931946102
YLR092W,-1,34.22841021545073,162,2572,3291,77,0.5658800393313668,0.0592538405267008,0.6778242677824268,0.43868326795156065,0.5613167320484393
YJL158C,-1,34.226783137751404,162,2573,3290,77,0.5657161586365126,0.05923217550274223,0.6778242677824268,0.4388538290977315,0.5611461709022685
YDR022C,-1,34.22623231093606,162,2574,3289,77,0.5655522779416585,0.05921052631578947,0.6778242677824268,0.43902439024390244,0.5609756097560976
YIR013C,-1,34.22341658312661,162,2575,3288,77,0.5653883972468043,0.05918889294848374,0.6778242677824268,0.43919495139007336,0.5608050486099266
YGR275W,-1,34.19852999016564,162,2576,3287,77,0.5652245165519502,0.0591672753834916,0.6778242677824268,0.43936551253624423,0.5606344874637558
YOL086C,-1,34.14323068710701,162,2577,3286,77,0.565060635857096,0.05914567360350493,0.6778242677824268,0.43953607368241515,0.5604639263175849
YBR238C,-1,34.12386076474468,162,2578,3285,77,0.5648967551622419,0.059124087591240874,0.6778242677824268,0.4397066348285861,0.5602933651714139
YBR257W,-1,34.12008239307852,162,2579,3284,77,0.5647328744673877,0.05910251732944181,0.6778242677824268,0.43987719597475694,0.5601228040252431
YGL060W,-1,34.115497689557046,162,2580,3283,77,0.5645689937725336,0.05908096280087528,0.6778242677824268,0.44004775712092786,0.5599522428790722
YCR052W,-1,34.111208147826744,162,2581,3282,77,0.5644051130776795,0.05905942398833394,0.6778242677824268,0.44021831826709873,0.5597816817329012
YPL178W,-1,34.08014705038919,162,2582,3281,77,0.5642412323828253,0.05903790087463557,0.6778242677824268,0.44038887941326965,0.5596111205867303
YDR206W,-1,34.071115298980565,162,2583,3280,77,0.5640773516879711,0.05901639344262295,0.6778242677824268,0.4405594405594406,0.5594405594405595
YPL194W,-1,34.02990301087161,162,2584,3279,77,0.5639134709931171,0.05899490167516387,0.6778242677824268,0.44073000170561144,0.5592699982943885
YFR020W,-1,34.027439536648956,162,2585,3278,77,0.5637495902982629,0.058973425555151074,0.6778242677824268,0.44090056285178236,0.5590994371482176
YDR288W,-1,34.026783042573115,162,2586,3277,77,0.5635857096034087,0.05895196506550218,0.6778242677824268,0.4410711239979533,0.5589288760020468
YLR045C,-1,33.985401531624596,162,2587,3276,77,0.5634218289085545,0.058930520189159695,0.6778242677824268,0.44124168514412415,0.5587583148558758
YDR217C,-1,33.984626727494586,162,2588,3275,77,0.5632579482137005,0.05890909090909091,0.6778242677824268,0.4414122462902951,0.5585877537097049
YDR202C,-1,33.94688966762642,162,2589,3274,77,0.5630940675188463,0.05888767720828789,0.6778242677824268,0.441582807436466,0.5584171925635341
YBR236C,-1,33.93797100595644,162,2590,3273,77,0.5629301868239921,0.05886627906976744,0.6778242677824268,0.44175336858263686,0.5582466314173631
YCR106W,-1,33.93702915894233,162,2591,3272,77,0.562766306129138,0.05884489647657101,0.6778242677824268,0.4419239297288078,0.5580760702711922
YJL034W,1,33.93480436247277,163,2591,3272,76,0.5629301868239921,0.059186637618010164,0.6820083682008368,0.4419239297288078,0.5580760702711922
YDR153C,-1,33.9280613523656,163,2592,3271,76,0.562766306129138,0.05916515426497278,0.6820083682008368,0.4420944908749787,0.5579055091250213
YJL066C,-1,33.91905984855688,163,2593,3270,76,0.5626024254342838,0.05914368650217707,0.6820083682008368,0.4422650520211496,0.5577349479788504
YFR026C,-1,33.86362708044338,163,2594,3269,76,0.5624385447394297,0.059122234312658686,0.6820083682008368,0.4424356131673205,0.5575643868326795
YLR420W,-1,33.8597875938439,163,2595,3268,76,0.5622746640445756,0.05910079767947788,0.6820083682008368,0.44260617431349136,0.5573938256865086
YPR171W,-1,33.85853640413916,163,2596,3267,76,0.5621107833497214,0.05907937658571946,0.6820083682008368,0.4427767354596623,0.5572232645403377
YBR021W,-1,33.84617531304373,163,2597,3266,76,0.5619469026548672,0.059057971014492755,0.6820083682008368,0.4429472966058332,0.5570527033941668
YPL106C,-1,33.83435734465404,163,2598,3265,76,0.5617830219600131,0.05903658094893155,0.6820083682008368,0.4431178577520041,0.5568821422479959
YDR359C,-1,33.833859636920394,163,2599,3264,76,0.561619141265159,0.05901520637219406,0.6820083682008368,0.443288418898175,0.5567115811018251
YPL112C,-1,33.83036313642742,163,2600,3263,76,0.5614552605703048,0.0589938472674629,0.6820083682008368,0.4434589800443459,0.5565410199556541
YOR006C,-1,33.81792683049571,163,2601,3262,76,0.5612913798754506,0.05897250361794501,0.6820083682008368,0.4436295411905168,0.5563704588094832
YIL018W,-1,33.76855863638942,163,2602,3261,76,0.5611274991805966,0.05895117540687161,0.6820083682008368,0.4438001023366877,0.5561998976633123
YBL020W,-1,33.75847634472073,163,2603,3260,76,0.5609636184857424,0.05892986261749819,0.6820083682008368,0.44397066348285863,0.5560293365171414
YER060W,-1,33.75746390981511,163,2604,3259,76,0.5607997377908882,0.05890856523310445,0.6820083682008368,0.4441412246290295,0.5558587753709705
YCL058C,-1,33.751241324075934,163,2605,3258,76,0.5606358570960341,0.05888728323699422,0.6820083682008368,0.4443117857752004,0.5556882142247996
YMR020W,-1,33.745487420425334,163,2606,3257,76,0.56047197640118,0.058866016612495485,0.6820083682008368,0.4444823469213713,0.5555176530786287
YMR168C,-1,33.73843053217875,163,2607,3256,76,0.5603080957063258,0.058844765342960285,0.6820083682008368,0.4446529080675422,0.5553470919324578
YOR047C,-1,33.73753723279597,163,2608,3255,76,0.5601442150114716,0.058823529411764705,0.6820083682008368,0.44482346921371313,0.5551765307862869
YNL038W,-1,33.71394715895916,163,2609,3254,76,0.5599803343166175,0.0588023088023088,0.6820083682008368,0.444994030359884,0.555005969640116
YHR070W,-1,33.70782936022199,163,2610,3253,76,0.5598164536217634,0.05878110349801659,0.6820083682008368,0.4451645915060549,0.5548354084939451
YLR103C,-1,33.67274820411621,163,2611,3252,76,0.5596525729269092,0.058759913482335974,0.6820083682008368,0.44533515265222584,0.5546648473477742
YGR054W,-1,33.65703257238965,163,2612,3251,76,0.5594886922320551,0.058738738738738736,0.6820083682008368,0.4455057137983967,0.5544942862016032
YGR225W,-1,33.64812704337115,163,2613,3250,76,0.5593248115372009,0.058717579250720464,0.6820083682008368,0.44567627494456763,0.5543237250554324
YLR320W,-1,33.64017158129642,163,2614,3249,76,0.5591609308423467,0.0586964350018005,0.6820083682008368,0.44584683609073855,0.5541531639092615
YCR020W-B,-1,33.633228830025956,163,2615,3248,76,0.5589970501474927,0.05867530597552196,0.6820083682008368,0.4460173972369094,0.5539826027630905
YMR091C,-1,33.62664775969891,163,2616,3247,76,0.5588331694526385,0.058654192155451604,0.6820083682008368,0.44618795838308034,0.5538120416169197
YDR117C,-1,33.61847345175114,163,2617,3246,76,0.5586692887577843,0.058633093525179855,0.6820083682008368,0.44635851952925126,0.5536414804707488
YML027W,-1,33.617822017072214,163,2618,3245,76,0.5585054080629301,0.05861201006832075,0.6820083682008368,0.44652908067542213,0.5534709193245778
YBR019C,-1,33.6087150479201,163,2619,3244,76,0.5583415273680761,0.05859094176851186,0.6820083682008368,0.44669964182159305,0.553300358178407
YDR323C,-1,33.608223737521314,163,2620,3243,76,0.5581776466732219,0.058569888609414304,0.6820083682008368,0.4468702029677639,0.5531297970322361
YDL048C,-1,33.58963893476527,163,2621,3242,76,0.5580137659783677,0.058548850574712645,0.6820083682008368,0.44704076411393484,0.5529592358860651
YBR219C,-1,33.5893079886082,163,2622,3241,76,0.5578498852835136,0.0585278276481149,0.6820083682008368,0.44721132526010576,0.5527886747398942
YBL046W,-1,33.57514223680343,163,2623,3240,76,0.5576860045886595,0.05850681981335248,0.6820083682008368,0.44738188640627663,0.5526181135937234
YDR073W,-1,33.571936183640034,163,2624,3239,76,0.5575221238938053,0.05848582705418012,0.6820083682008368,0.44755244755244755,0.5524475524475524
YGR077C,-1,33.55696004315198,163,2625,3238,76,0.5573582431989511,0.058464849354375896,0.6820083682008368,0.4477230086986185,0.5522769913013815
YER038C,-1,33.534502148954765,163,2626,3237,76,0.557194362504097,0.05844388669774113,0.6820083682008368,0.44789356984478934,0.5521064301552107
YNL134C,-1,33.53184521440903,163,2627,3236,76,0.5570304818092429,0.05842293906810036,0.6820083682008368,0.44806413099096026,0.5519358690090398
YPL020C,1,33.520144983184835,164,2627,3236,75,0.557194362504097,0.0587603009673952,0.6861924686192469,0.44806413099096026,0.5519358690090398
YFL024C,-1,33.516729635427545,164,2628,3235,75,0.5570304818092429,0.05873925501432665,0.6861924686192469,0.4482346921371312,0.5517653078628688
YHR098C,-1,33.481949185155905,164,2629,3234,75,0.5568666011143887,0.058718224131757965,0.6861924686192469,0.44840525328330205,0.551594746716698
YLR097C,1,33.467546508953944,165,2629,3234,74,0.5570304818092429,0.05905511811023622,0.6903765690376569,0.44840525328330205,0.551594746716698
YAL026C,-1,33.449728661979364,165,2630,3233,74,0.5568666011143887,0.059033989266547404,0.6903765690376569,0.448575814429473,0.5514241855705271
YER132C,-1,33.438019386816244,165,2631,3232,74,0.5567027204195346,0.059012875536480686,0.6903765690376569,0.44874637557564384,0.5512536244243561
YPL145C,-1,33.424925071082995,165,2632,3231,74,0.5565388397246804,0.058991776903825524,0.6903765690376569,0.44891693672181476,0.5510830632781852
YJL042W,-1,33.41889588746205,165,2633,3230,74,0.5563749590298263,0.05897069335239457,0.6903765690376569,0.4490874978679857,0.5509125021320144
YOR172W,-1,33.41869035195011,165,2634,3229,74,0.5562110783349722,0.05894962486602358,0.6903765690376569,0.44925805901415655,0.5507419409858434
YHR177W,-1,33.41845799093342,165,2635,3228,74,0.556047197640118,0.05892857142857143,0.6903765690376569,0.4494286201603275,0.5505713798396725
YIR002C,-1,33.39978409920822,165,2636,3227,74,0.5558833169452638,0.05890753302392003,0.6903765690376569,0.4495991813064984,0.5504008186935017
YLR233C,-1,33.39482711058098,165,2637,3226,74,0.5557194362504096,0.058886509635974305,0.6903765690376569,0.44976974245266926,0.5502302575473307
YPR119W,-1,33.390748835149935,165,2638,3225,74,0.5555555555555556,0.05886550124866215,0.6903765690376569,0.4499403035988402,0.5500596964011598
YJL201W,-1,33.3853838319619,165,2639,3224,74,0.5553916748607014,0.05884450784593438,0.6903765690376569,0.4501108647450111,0.549889135254989
YHR019C,-1,33.38373550517865,165,2640,3223,74,0.5552277941658472,0.058823529411764705,0.6903765690376569,0.450281425891182,0.549718574108818
YCR026C,-1,33.36588915212394,165,2641,3222,74,0.5550639134709932,0.05880256593014968,0.6903765690376569,0.4504519870373529,0.5495480129626471
YER124C,-1,33.35575869248957,165,2642,3221,74,0.554900032776139,0.058781617385108655,0.6903765690376569,0.4506225481835238,0.5493774518164762
YBR295W,-1,33.35034070690339,165,2643,3220,74,0.5547361520812848,0.05876068376068376,0.6903765690376569,0.4507931093296947,0.5492068906703053
YDR020C,-1,33.34190794935034,165,2644,3219,74,0.5545722713864307,0.058739765040939834,0.6903765690376569,0.4509636704758656,0.5490363295241344
YKL222C,-1,33.34167300538047,165,2645,3218,74,0.5544083906915765,0.05871886120996441,0.6903765690376569,0.4511342316220365,0.5488657683779635
YKL128C,-1,33.326791546959036,165,2646,3217,74,0.5542445099967224,0.05869797225186766,0.6903765690376569,0.4513047927682074,0.5486952072317925
YKL073W,-1,33.325624723317475,165,2647,3216,74,0.5540806293018682,0.05867709815078236,0.6903765690376569,0.4514753539143783,0.5485246460856217
YLL062C,-1,33.32435272840314,165,2648,3215,74,0.5539167486070141,0.05865623889086385,0.6903765690376569,0.4516459150605492,0.5483540849394508
YBR033W,-1,33.31983558801315,165,2649,3214,74,0.5537528679121599,0.05863539445628998,0.6903765690376569,0.4518164762067201,0.5481835237932798
YLL054C,-1,33.30903005064465,165,2650,3213,74,0.5535889872173058,0.0586145648312611,0.6903765690376569,0.45198703735289103,0.548012962647109
YBR018C,-1,33.30510644232774,165,2651,3212,74,0.5534251065224517,0.05859375,0.6903765690376569,0.4521575984990619,0.5478424015009381
YER095W,-1,33.30054710307644,165,2652,3211,74,0.5532612258275975,0.058572949946751864,0.6903765690376569,0.4523281596452328,0.5476718403547672
YGR260W,-1,33.299514378726535,165,2653,3210,74,0.5530973451327433,0.05855216465578424,0.6903765690376569,0.45249872079140374,0.5475012792085963
YLR380W,1,33.2903239178104,166,2653,3210,73,0.5532612258275975,0.05888612983327421,0.694560669456067,0.45249872079140374,0.5475012792085963
YJR131W,1,33.28390355170012,167,2653,3210,72,0.5534251065224517,0.05921985815602837,0.698744769874477,0.45249872079140374,0.5475012792085963
YMR271C,-1,33.28254499611715,167,2654,3209,72,0.5532612258275975,0.059198865650478556,0.698744769874477,0.4526692819375746,0.5473307180624254
YBR004C,-1,33.21895560206469,167,2655,3208,72,0.5530973451327433,0.059177888022678954,0.698744769874477,0.45283984308374553,0.5471601569162545
YJL111W,-1,33.21262433770995,167,2656,3207,72,0.5529334644378893,0.05915692525681899,0.698744769874477,0.45301040422991645,0.5469895957700835
YNL294C,-1,33.2005914461788,167,2657,3206,72,0.5527695837430351,0.059135977337110485,0.698744769874477,0.4531809653760873,0.5468190346239127
YKL218C,-1,33.190069932512266,167,2658,3205,72,0.5526057030481809,0.05911504424778761,0.698744769874477,0.45335152652225824,0.5466484734777418
YJR085C,-1,33.18338873638163,167,2659,3204,72,0.5524418223533267,0.05909412597310686,0.698744769874477,0.4535220876684291,0.5464779123315708
YMR004W,-1,33.16406862143512,167,2660,3203,72,0.5522779416584727,0.05907322249734701,0.698744769874477,0.45369264881460003,0.5463073511854
YER053C,-1,33.144852208300144,167,2661,3202,72,0.5521140609636185,0.05905233380480905,0.698744769874477,0.45386320996077095,0.5461367900392291
YOR324C,-1,33.131285660703625,167,2662,3201,72,0.5519501802687643,0.05903145987981619,0.698744769874477,0.4540337711069418,0.5459662288930581
YGL172W,-1,33.12351968932256,167,2663,3200,72,0.5517862995739102,0.05901060070671378,0.698744769874477,0.45420433225311274,0.5457956677468873
YCR024C-A,-1,33.115776111544726,167,2664,3199,72,0.551622418879056,0.058989756269869305,0.698744769874477,0.45437489339928366,0.5456251066007164
YCR105W,-1,33.11426395708209,167,2665,3198,72,0.5514585381842019,0.058968926553672314,0.698744769874477,0.45454545454545453,0.5454545454545454
YNL309W,-1,33.10710519722657,167,2666,3197,72,0.5512946574893478,0.05894811154253442,0.698744769874477,0.45471601569162545,0.5452839843083745
YOL020W,-1,33.08920554349006,167,2667,3196,72,0.5511307767944936,0.058927311220889206,0.698744769874477,0.4548865768377964,0.5451134231622037
YMR033W,-1,33.08560498499593,167,2668,3195,72,0.5509668960996394,0.05890652557319224,0.698744769874477,0.45505713798396724,0.5449428620160327
YKL054C,1,33.08105415406145,168,2668,3195,71,0.5511307767944936,0.05923836389280677,0.702928870292887,0.45505713798396724,0.5449428620160327
YMR081C,-1,33.07538543448277,168,2669,3194,71,0.5509668960996394,0.05921748325696158,0.702928870292887,0.45522769913013816,0.5447723008698618
YPL181W,-1,33.0458091139962,168,2670,3193,71,0.5508030154047853,0.05919661733615222,0.702928870292887,0.45539826027630903,0.544601739723691
YNR026C,1,33.03971894462572,169,2670,3193,70,0.5509668960996394,0.059528002817893624,0.7071129707112971,0.45539826027630903,0.544601739723691
YDR030C,-1,33.03721507874748,169,2671,3192,70,0.5508030154047853,0.059507042253521124,0.7071129707112971,0.45556882142247995,0.54443117857752
YKL176C,-1,33.02028477495607,169,2672,3191,70,0.5506391347099312,0.05948609644491376,0.7071129707112971,0.4557393825686509,0.5442606174313491
YJL107C,-1,33.01608394681534,169,2673,3190,70,0.550475254015077,0.059465165376495425,0.7071129707112971,0.45590994371482174,0.5440900562851783
YOR083W,-1,33.01432694905857,169,2674,3189,70,0.5503113733202228,0.05944424903271192,0.7071129707112971,0.45608050486099266,0.5439194951390073
YGR041W,-1,33.01269246504404,169,2675,3188,70,0.5501474926253688,0.05942334739803094,0.7071129707112971,0.4562510660071636,0.5437489339928364
YJL083W,-1,32.97019122310345,169,2676,3187,70,0.5499836119305146,0.059402460456942,0.7071129707112971,0.45642162715333445,0.5435783728466655
YCL052C,1,32.969778370922626,170,2676,3187,69,0.5501474926253688,0.059732958538299366,0.7112970711297071,0.45642162715333445,0.5435783728466655
YLR329W,-1,32.938359797877816,170,2677,3186,69,0.5499836119305146,0.0597119775201967,0.7112970711297071,0.4565921882995054,0.5434078117004947
YPL122C,-1,32.93218402875493,170,2678,3185,69,0.5498197312356604,0.059691011235955056,0.7112970711297071,0.4567627494456763,0.5432372505543237
YHR209W,-1,32.93107197656117,170,2679,3184,69,0.5496558505408063,0.05967005967005967,0.7112970711297071,0.45693331059184716,0.5430666894081528
YDL117W,-1,32.9274503228221,170,2680,3183,69,0.5494919698459522,0.05964912280701754,0.7112970711297071,0.4571038717380181,0.542896128261982
YMR316C-A,-1,32.90803084615355,170,2681,3182,69,0.549328089151098,0.05962820063135742,0.7112970711297071,0.457274432884189,0.542725567115811
YAL031C,-1,32.903764297605925,170,2682,3181,69,0.5491642084562438,0.05960729312762973,0.7112970711297071,0.4574449940303599,0.5425550059696401
YIL146C,-1,32.90368906398375,170,2683,3180,69,0.5490003277613897,0.05958640028040659,0.7112970711297071,0.4576155551765308,0.5423844448234693
YPR079W,-1,32.89161946109053,170,2684,3179,69,0.5488364470665356,0.05956552207428171,0.7112970711297071,0.45778611632270166,0.5422138836772983
YBR159W,-1,32.88219555285639,170,2685,3178,69,0.5486725663716814,0.0595446584938704,0.7112970711297071,0.4579566774688726,0.5420433225311274
YKR084C,-1,32.87724748700298,170,2686,3177,69,0.5485086856768273,0.05952380952380952,0.7112970711297071,0.4581272386150435,0.5418727613849565
YMR143W,-1,32.85289463565641,170,2687,3176,69,0.5483448049819731,0.05950297514875744,0.7112970711297071,0.4582977997612144,0.5417022002387856
YHR097C,-1,32.852504418841136,170,2688,3175,69,0.548180924287119,0.05948215535339398,0.7112970711297071,0.4584683609073853,0.5415316390926147
YBR015C,-1,32.82800675696228,170,2689,3174,69,0.5480170435922649,0.059461350122420424,0.7112970711297071,0.4586389220535562,0.5413610779464438
YOR116C,-1,32.82224299837674,170,2690,3173,69,0.5478531628974107,0.05944055944055944,0.7112970711297071,0.4588094831997271,0.5411905168002729
YDR348C,-1,32.798688916501845,170,2691,3172,69,0.5476892822025565,0.05941978329255505,0.7112970711297071,0.458980044345898,0.541019955654102
YGR267C,-1,32.792445582764216,170,2692,3171,69,0.5475254015077023,0.0593990216631726,0.7112970711297071,0.45915060549206893,0.5408493945079311
YKL100C,-1,32.78770140523284,170,2693,3170,69,0.5473615208128483,0.059378274537198746,0.7112970711297071,0.4593211666382398,0.5406788333617601
YLR459W,-1,32.7828289238111,170,2694,3169,69,0.5471976401179941,0.05935754189944134,0.7112970711297071,0.4594917277844107,0.5405082722155893
YDR074W,-1,32.766222729184875,170,2695,3168,69,0.5470337594231399,0.059336823734729496,0.7112970711297071,0.4596622889305816,0.5403377110694184
YNR027W,-1,32.72505527199587,170,2696,3167,69,0.5468698787282859,0.05931612002791347,0.7112970711297071,0.4598328500767525,0.5401671499232474
YOR144C,-1,32.7053960898527,170,2697,3166,69,0.5467059980334317,0.05929543076386467,0.7112970711297071,0.46000341122292343,0.5399965887770766
YPR155C,-1,32.69619200508811,170,2698,3165,69,0.5465421173385775,0.059274755927475595,0.7112970711297071,0.4601739723690943,0.5398260276309057
YJL162C,-1,32.64269355261054,170,2699,3164,69,0.5463782366437233,0.059254095503659815,0.7112970711297071,0.4603445335152652,0.5396554664847347
YIR041W,-1,32.63442884046093,170,2700,3163,69,0.5462143559488692,0.059233449477351915,0.7112970711297071,0.46051509466143614,0.5394849053385639
YCL067C,-1,32.628805217999194,170,2701,3162,69,0.5460504752540151,0.059212817833507486,0.7112970711297071,0.460685655807607,0.539314344192393
YBR233W-A,-1,32.62103104209314,170,2702,3161,69,0.5458865945591609,0.059192200557103065,0.7112970711297071,0.46085621695377793,0.5391437830462221
YMR287C,-1,32.61747539776286,170,2703,3160,69,0.5457227138643068,0.05917159763313609,0.7112970711297071,0.46102677809994885,0.5389732219000511
YDR313C,1,32.60855378919107,171,2703,3160,68,0.5458865945591609,0.059498956158663886,0.7154811715481172,0.46102677809994885,0.5389732219000511
YOL128C,-1,32.607005228610184,171,2704,3159,68,0.5457227138643068,0.059478260869565217,0.7154811715481172,0.4611973392461197,0.5388026607538803
YPL141C,-1,32.6023679700254,171,2705,3158,68,0.5455588331694526,0.05945757997218359,0.7154811715481172,0.46136790039229064,0.5386320996077094
YBR273C,1,32.595858658797354,172,2705,3158,67,0.5457227138643068,0.059784497740702124,0.7196652719665272,0.46136790039229064,0.5386320996077094
YOL101C,-1,32.5379790794882,172,2706,3157,67,0.5455588331694526,0.059763724808895066,0.7196652719665272,0.46153846153846156,0.5384615384615384
YIL153W,-1,32.532111200528774,172,2707,3156,67,0.5453949524745985,0.05974296630774575,0.7196652719665272,0.46170902268463243,0.5382909773153676
YFR040W,-1,32.529467772439176,172,2708,3155,67,0.5452310717797444,0.059722222222222225,0.7196652719665272,0.46187958383080335,0.5381204161691967
YJL121C,-1,32.52505125169447,172,2709,3154,67,0.5450671910848902,0.05970149253731343,0.7196652719665272,0.4620501449769742,0.5379498550230257
YNL020C,-1,32.51771587787918,172,2710,3153,67,0.544903310390036,0.05968077723802915,0.7196652719665272,0.46222070612314514,0.5377792938768549
YNL108C,-1,32.490684398261656,172,2711,3152,67,0.5447394296951819,0.05966007630939993,0.7196652719665272,0.46239126726931606,0.537608732730684
YOL151W,-1,32.47903479437957,172,2712,3151,67,0.5445755490003278,0.059639389736477116,0.7196652719665272,0.46256182841548693,0.537438171584513
YDL089W,-1,32.45738092282829,172,2713,3150,67,0.5444116683054736,0.05961871750433276,0.7196652719665272,0.46273238956165785,0.5372676104383421
YER147C,-1,32.432709270626376,172,2714,3149,67,0.5442477876106194,0.0595980595980596,0.7196652719665272,0.4629029507078288,0.5370970492921713
YCR038C,-1,32.42481482921913,172,2715,3148,67,0.5440839069157654,0.05957741600277104,0.7196652719665272,0.46307351185399964,0.5369264881460003
YHR046C,-1,32.408799370678686,172,2716,3147,67,0.5439200262209112,0.05955678670360111,0.7196652719665272,0.46324407300017056,0.5367559269998294
YOR124C,1,32.39536264286808,173,2716,3147,66,0.5440839069157654,0.059882312218760815,0.7238493723849372,0.46324407300017056,0.5367559269998294
YDL206W,-1,32.380783407905255,173,2717,3146,66,0.5439200262209112,0.05986159169550173,0.7238493723849372,0.4634146341463415,0.5365853658536586
YBL103C,-1,32.38077248451701,173,2718,3145,66,0.543756145526057,0.05984088550674507,0.7238493723849372,0.46358519529251235,0.5364148047074876
YMR235C,-1,32.37491267023224,173,2719,3144,66,0.5435922648312029,0.059820193637621026,0.7238493723849372,0.4637557564386833,0.5362442435613167
YLR451W,-1,32.36891685610691,173,2720,3143,66,0.5434283841363488,0.05979951607328033,0.7238493723849372,0.4639263175848542,0.5360736824151459
YDR416W,-1,32.345679903883905,173,2721,3142,66,0.5432645034414946,0.059778852798894264,0.7238493723849372,0.46409687873102506,0.5359031212689749
YKL027W,-1,32.32895249876674,173,2722,3141,66,0.5431006227466404,0.059758203799654575,0.7238493723849372,0.464267439877196,0.535732560122804
YOR152C,-1,32.31890028072303,173,2723,3140,66,0.5429367420517863,0.05973756906077348,0.7238493723849372,0.46443800102336685,0.5355619989766331
YJR072C,-1,32.3174374588437,173,2724,3139,66,0.5427728613569321,0.0597169485674836,0.7238493723849372,0.4646085621695378,0.5353914378304622
YBL082C,-1,32.29869013230148,173,2725,3138,66,0.542608980662078,0.05969634230503796,0.7238493723849372,0.4647791233157087,0.5352208766842913
YMR032W,-1,32.29529624902871,173,2726,3137,66,0.5424450999672239,0.0596757502587099,0.7238493723849372,0.46494968446187956,0.5350503155381204
YKR007W,-1,32.294358766939844,173,2727,3136,66,0.5422812192723697,0.0596551724137931,0.7238493723849372,0.4651202456080505,0.5348797543919496
YNL245C,-1,32.290270240952346,173,2728,3135,66,0.5421173385775155,0.05963460875560152,0.7238493723849372,0.4652908067542214,0.5347091932457786
YKL048C,-1,32.26395826899986,173,2729,3134,66,0.5419534578826615,0.05961405926946933,0.7238493723849372,0.4654613679003923,0.5345386320996077
YNL190W,-1,32.25550676093553,173,2730,3133,66,0.5417895771878073,0.059593523940750945,0.7238493723849372,0.4656319290465632,0.5343680709534369
YPL016W,-1,32.248534503318076,173,2731,3132,66,0.5416256964929531,0.059573002754820935,0.7238493723849372,0.4658024901927341,0.5341975098072659
YOL164W,-1,32.239502159437876,173,2732,3131,66,0.5414618157980989,0.059552495697074014,0.7238493723849372,0.465973051338905,0.534026948661095
YOR194C,-1,32.2334936112555,173,2733,3130,66,0.5412979351032449,0.05953200275292498,0.7238493723849372,0.4661436124850759,0.5338563875149241
YDL149W,-1,32.23225989252337,173,2734,3129,66,0.5411340544083907,0.059511523907808735,0.7238493723849372,0.4663141736312468,0.5336858263687532
YCL050C,-1,32.22666183041383,173,2735,3128,66,0.5409701737135365,0.05949105914718019,0.7238493723849372,0.4664847347774177,0.5335152652225823
YLR337C,-1,32.22095506666065,173,2736,3127,66,0.5408062930186824,0.059470608456514265,0.7238493723849372,0.4666552959235886,0.5333447040764114
YPR167C,-1,32.21685676666574,173,2737,3126,66,0.5406424123238283,0.05945017182130584,0.7238493723849372,0.4668258570697595,0.5331741429302405
YMR154C,-1,32.21582042938464,173,2738,3125,66,0.5404785316289741,0.059429749227069735,0.7238493723849372,0.4669964182159304,0.5330035817840696
YER005W,-1,32.20557258354624,173,2739,3124,66,0.54031465093412,0.059409340659340656,0.7238493723849372,0.46716697936210133,0.5328330206378987
YLR050C,-1,32.19973411801038,173,2740,3123,66,0.5401507702392658,0.059388946103673186,0.7238493723849372,0.4673375405082722,0.5326624594917277
YNL278W,-1,32.19923746589772,173,2741,3122,66,0.5399868895444117,0.05936856554564173,0.7238493723849372,0.4675081016544431,0.5324918983455569
YOL157C,-1,32.18724123737047,173,2742,3121,66,0.5398230088495575,0.05934819897084048,0.7238493723849372,0.46767866280061404,0.532321337199386
YKL011C,-1,32.175548531212215,173,2743,3120,66,0.5396591281547034,0.059327846364883405,0.7238493723849372,0.4678492239467849,0.532150776053215
YPR180W,-1,32.14196899579722,173,2744,3119,66,0.5394952474598492,0.059307507713404185,0.7238493723849372,0.46801978509295583,0.5319802149070442
YNL183C,-1,32.117609049015655,173,2745,3118,66,0.539331366764995,0.0592871830020562,0.7238493723849372,0.46819034623912675,0.5318096537608733
YPR089W,-1,32.08764042796718,173,2746,3117,66,0.539167486070141,0.05926687221651251,0.7238493723849372,0.4683609073852976,0.5316390926147023
YKL062W,-1,32.084722509159256,173,2747,3116,66,0.5390036053752868,0.05924657534246575,0.7238493723849372,0.46853146853146854,0.5314685314685315
YJR053W,-1,32.074956135631,173,2748,3115,66,0.5388397246804326,0.05922629236562821,0.7238493723849372,0.4687020296776394,0.5312979703223606
YIL037C,-1,32.06162918378131,173,2749,3114,66,0.5386758439855786,0.05920602327173169,0.7238493723849372,0.46887259082381033,0.5311274091761896
YDR123C,-1,32.05112256478747,173,2750,3113,66,0.5385119632907244,0.05918576804652754,0.7238493723849372,0.46904315196998125,0.5309568480300187
YBR081C,-1,32.04631005596381,173,2751,3112,66,0.5383480825958702,0.059165526675786596,0.7238493723849372,0.4692137131161521,0.5307862868838479
YOL158C,-1,32.02197306753618,173,2752,3111,66,0.538184201901016,0.059145299145299146,0.7238493723849372,0.46938427426232304,0.5306157257376769
YHR033W,-1,32.00001544656057,173,2753,3110,66,0.5380203212061619,0.059125085440874914,0.7238493723849372,0.46955483540849396,0.530445164591506
YJR089W,-1,31.99957465858637,173,2754,3109,66,0.5378564405113078,0.05910488554834301,0.7238493723849372,0.46972539655466483,0.5302746034453352
YNL316C,-1,31.985965234485473,173,2755,3108,66,0.5376925598164536,0.059084699453551916,0.7238493723849372,0.46989595770083575,0.5301040422991643
YML067C,-1,31.985891333137687,173,2756,3107,66,0.5375286791215995,0.05906452714236941,0.7238493723849372,0.4700665188470067,0.5299334811529933
YBR006W,-1,31.982116331009653,173,2757,3106,66,0.5373647984267453,0.059044368600682594,0.7238493723849372,0.47023707999317754,0.5297629200068225
YFL056C,-1,31.96401505988168,173,2758,3105,66,0.5372009177318912,0.059024223814397814,0.7238493723849372,0.47040764113934846,0.5295923588606516
YJL072C,-1,31.959436658068228,173,2759,3104,66,0.5370370370370371,0.05900409276944066,0.7238493723849372,0.47057820228551933,0.5294217977144806
YDL043C,-1,31.954904350296445,173,2760,3103,66,0.5368731563421829,0.058983975451755884,0.7238493723849372,0.47074876343169025,0.5292512365683097
YGL233W,-1,31.926857719500333,173,2761,3102,66,0.5367092756473287,0.058963871847307434,0.7238493723849372,0.4709193245778612,0.5290806754221389
YGL037C,-1,31.918762383634434,173,2762,3101,66,0.5365453949524746,0.05894378194207837,0.7238493723849372,0.47108988572403204,0.5289101142759679
YDR421W,-1,31.90571986040498,173,2763,3100,66,0.5363815142576205,0.05892370572207085,0.7238493723849372,0.47126044687020296,0.528739553129797
YGR129W,-1,31.893164226973866,173,2764,3099,66,0.5362176335627663,0.0589036431733061,0.7238493723849372,0.4714310080163739,0.5285689919836262
YMR285C,-1,31.891107266527094,173,2765,3098,66,0.5360537528679121,0.058883594281824374,0.7238493723849372,0.47160156916254475,0.5283984308374552
YNL258C,-1,31.881830539283385,173,2766,3097,66,0.5358898721730581,0.058863559033684926,0.7238493723849372,0.4717721303087157,0.5282278696912843
YLR340W,-1,31.866433158487638,173,2767,3096,66,0.5357259914782039,0.058843537414965986,0.7238493723849372,0.4719426914548866,0.5280573085451135
YDR192C,-1,31.850640290808954,173,2768,3095,66,0.5355621107833497,0.058823529411764705,0.7238493723849372,0.47211325260105746,0.5278867473989425
YNL053W,-1,31.8256936439943,173,2769,3094,66,0.5353982300884956,0.058803535010197146,0.7238493723849372,0.4722838137472284,0.5277161862527716
YCL001W-A,-1,31.821819527074695,173,2770,3093,66,0.5352343493936415,0.05878355419639823,0.7238493723849372,0.4724543748933993,0.5275456251066007
YNL152W,-1,31.78491636339866,173,2771,3092,66,0.5350704686987873,0.058763586956521736,0.7238493723849372,0.4726249360395702,0.5273750639604298
YLR044C,-1,31.771516253409317,173,2772,3091,66,0.5349065880039331,0.05874363327674024,0.7238493723849372,0.4727954971857411,0.5272045028142589
YJL078C,-1,31.771347308800216,173,2773,3090,66,0.534742707309079,0.058723693143245076,0.7238493723849372,0.47296605833191196,0.527033941668088
YJL159W,-1,31.755781858631106,173,2774,3089,66,0.5345788266142248,0.05870376654224635,0.7238493723849372,0.4731366194780829,0.5268633805219171
YPL187W,-1,31.73770070942378,173,2775,3088,66,0.5344149459193707,0.05868385345997286,0.7238493723849372,0.4733071806242538,0.5266928193757462
YOL138C,-1,31.736937610801817,173,2776,3087,66,0.5342510652245166,0.05866395388267209,0.7238493723849372,0.4734777417704247,0.5265222582295753
YJR073C,-1,31.72543410841363,173,2777,3086,66,0.5340871845296624,0.05864406779661017,0.7238493723849372,0.4736483029165956,0.5263516970834043
YBR296C,-1,31.715752458674284,173,2778,3085,66,0.5339233038348082,0.05862419518807184,0.7238493723849372,0.4738188640627665,0.5261811359372335
YER115C,-1,31.701102065398043,173,2779,3084,66,0.5337594231399541,0.05860433604336043,0.7238493723849372,0.4739894252089374,0.5260105747910626
YDR411C,-1,31.68380126494235,173,2780,3083,66,0.5335955424451,0.058584490348797834,0.7238493723849372,0.4741599863551083,0.5258400136448917
YLR130C,-1,31.65786020816183,173,2781,3082,66,0.5334316617502458,0.05856465809072444,0.7238493723849372,0.47433054750127923,0.5256694524987208
YOR291W,-1,31.65750963926257,173,2782,3081,66,0.5332677810553916,0.05854483925549915,0.7238493723849372,0.4745011086474501,0.5254988913525499
YEL009C,-1,31.647101925760218,173,2783,3080,66,0.5331039003605376,0.05852503382949932,0.7238493723849372,0.474671669793621,0.525328330206379
YHR056C,-1,31.619950133402654,173,2784,3079,66,0.5329400196656834,0.05850524179912073,0.7238493723849372,0.47484223093979194,0.5251577690602081
YNL117W,-1,31.619613546554625,173,2785,3078,66,0.5327761389708292,0.05848546315077755,0.7238493723849372,0.4750127920859628,0.5249872079140372
YNR051C,1,31.603008194005145,174,2785,3078,65,0.5329400196656834,0.058803649881716796,0.7280334728033473,0.4750127920859628,0.5249872079140372
YNL135C,-1,31.597529617436386,174,2786,3077,65,0.5327761389708292,0.05878378378378379,0.7280334728033473,0.47518335323213373,0.5248166467678663
YJL172W,-1,31.59566586312821,174,2787,3076,65,0.5326122582759751,0.05876393110435663,0.7280334728033473,0.4753539143783046,0.5246460856216953
YGR070W,-1,31.585248260045503,174,2788,3075,65,0.532448377581121,0.0587440918298447,0.7280334728033473,0.4755244755244755,0.5244755244755245
YPR186C,-1,31.584322920794342,174,2789,3074,65,0.5322844968862668,0.058724265946675666,0.7280334728033473,0.47569503667064644,0.5243049633293536
YHR184W,-1,31.57271653828185,174,2790,3073,65,0.5321206161914126,0.058704453441295545,0.7280334728033473,0.4758655978168173,0.5241344021831826
YAR008W,-1,31.56189846631154,174,2791,3072,65,0.5319567354965585,0.058684654300168636,0.7280334728033473,0.47603615896298823,0.5239638410370118
YOR315W,-1,31.53301935637791,174,2792,3071,65,0.5317928548017044,0.05866486850977748,0.7280334728033473,0.47620672010915915,0.5237932798908409
YDR372C,-1,31.52983518686234,174,2793,3070,65,0.5316289741068502,0.05864509605662285,0.7280334728033473,0.47637728125533,0.5236227187446699
YJR076C,-1,31.518910180521882,174,2794,3069,65,0.5314650934119961,0.05862533692722372,0.7280334728033473,0.47654784240150094,0.5234521575984991
YGL082W,-1,31.506540475986185,174,2795,3068,65,0.5313012127171419,0.05860559110811721,0.7280334728033473,0.47671840354767187,0.5232815964523282
YCL010C,-1,31.506455154607774,174,2796,3067,65,0.5311373320222877,0.05858585858585859,0.7280334728033473,0.47688896469384273,0.5231110353061572
YOR073W,-1,31.501666496333186,174,2797,3066,65,0.5309734513274337,0.05856613934702121,0.7280334728033473,0.47705952584001365,0.5229404741599863
YJL186W,-1,31.499178909172617,174,2798,3065,65,0.5308095706325795,0.058546433378196504,0.7280334728033473,0.4772300869861845,0.5227699130138155
YOL149W,-1,31.49528918831199,174,2799,3064,65,0.5306456899377253,0.05852674066599395,0.7280334728033473,0.47740064813235544,0.5225993518676445
YNL283C,-1,31.487854462441078,174,2800,3063,65,0.5304818092428711,0.05850706119704102,0.7280334728033473,0.47757120927852637,0.5224287907214736
YIL112W,-1,31.443364056726317,174,2801,3062,65,0.5303179285480171,0.05848739495798319,0.7280334728033473,0.47774177042469723,0.5222582295753028
YLR155C,-1,31.41416536163183,174,2802,3061,65,0.5301540478531629,0.05846774193548387,0.7280334728033473,0.47791233157086815,0.5220876684291318
YOR311C,-1,31.409341653650376,174,2803,3060,65,0.5299901671583087,0.058448102116224386,0.7280334728033473,0.4780828927170391,0.5219171072829609
YDR364C,-1,31.408363263305176,174,2804,3059,65,0.5298262864634546,0.05842847548690396,0.7280334728033473,0.47825345386320994,0.5217465461367901
YPL174C,-1,31.378985431671822,174,2805,3058,65,0.5296624057686005,0.05840886203423968,0.7280334728033473,0.47842401500938087,0.5215759849906192
YDL093W,-1,31.372509852100833,174,2806,3057,65,0.5294985250737463,0.05838926174496644,0.7280334728033473,0.4785945761555518,0.5214054238444482
YER185W,-1,31.3723989387113,174,2807,3056,65,0.5293346443788922,0.05836967460583697,0.7280334728033473,0.47876513730172265,0.5212348626982773
YJR057W,-1,31.372317627541257,174,2808,3055,65,0.529170763684038,0.05835010060362173,0.7280334728033473,0.4789356984478936,0.5210643015521065
YDR476C,-1,31.363863305224186,174,2809,3054,65,0.5290068829891839,0.05833053972510895,0.7280334728033473,0.4791062595940645,0.5208937404059355
YDL146W,-1,31.342371284564113,174,2810,3053,65,0.5288430022943297,0.058310991957104555,0.7280334728033473,0.47927682074023537,0.5207231792597646
YHR176W,-1,31.331918897792523,174,2811,3052,65,0.5286791215994756,0.05829145728643216,0.7280334728033473,0.4794473818864063,0.5205526181135938
YDL215C,-1,31.32199811063755,174,2812,3051,65,0.5285152409046214,0.05827193569993302,0.7280334728033473,0.47961794303257715,0.5203820569674228
YKL120W,-1,31.31708023531673,174,2813,3050,65,0.5283513602097673,0.05825242718446602,0.7280334728033473,0.4797885041787481,0.5202114958212519
YBL014C,-1,31.314807709385832,174,2814,3049,65,0.5281874795149132,0.05823293172690763,0.7280334728033473,0.479959065324919,0.5200409346750811
YPL045W,-1,31.29659271549862,174,2815,3048,65,0.528023598820059,0.05821344931415189,0.7280334728033473,0.48012962647108987,0.5198703735289101
YJL127C,-1,31.288725293077686,174,2816,3047,65,0.5278597181252048,0.05819397993311037,0.7280334728033473,0.4803001876172608,0.5196998123827392
YHL019C,-1,31.28630894253194,174,2817,3046,65,0.5276958374303508,0.058174523570712136,0.7280334728033473,0.4804707487634317,0.5195292512365683
YKR072C,-1,31.28334597908531,174,2818,3045,65,0.5275319567354966,0.05815508021390375,0.7280334728033473,0.4806413099096026,0.5193586900903974
YLR024C,1,31.27860461560756,175,2818,3045,64,0.5276958374303508,0.05846976277981958,0.7322175732217573,0.4806413099096026,0.5193586900903974
YGR030C,-1,31.27731511506406,175,2819,3044,64,0.5275319567354966,0.058450233800935204,0.7322175732217573,0.4808118710557735,0.5191881289442265
YFL045C,-1,31.258186476064203,175,2820,3043,64,0.5273680760406424,0.05843071786310518,0.7322175732217573,0.4809824322019444,0.5190175677980556
YAL011W,-1,31.25430062440688,175,2821,3042,64,0.5272041953457882,0.05841121495327103,0.7322175732217573,0.4811529933481153,0.5188470066518847
YLL018C,-1,31.248117786718794,175,2822,3041,64,0.5270403146509341,0.05839172505839173,0.7322175732217573,0.4813235544942862,0.5186764455057138
YDR314C,-1,31.23419156845322,175,2823,3040,64,0.52687643395608,0.058372248165443626,0.7322175732217573,0.4814941156404571,0.5185058843595429
YKL113C,-1,31.221196999027274,175,2824,3039,64,0.5267125532612258,0.05835278426142047,0.7322175732217573,0.481664676786628,0.518335323213372
YBR283C,-1,31.216997182318455,175,2825,3038,64,0.5265486725663717,0.058333333333333334,0.7322175732217573,0.4818352379327989,0.5181647620672011
YLR114C,-1,31.211364684971976,175,2826,3037,64,0.5263847918715175,0.0583138953682106,0.7322175732217573,0.4820057990789698,0.5179942009210302
YDR486C,-1,31.207068270927806,175,2827,3036,64,0.5262209111766634,0.058294470353097934,0.7322175732217573,0.4821763602251407,0.5178236397748592
YLR164W,-1,31.20091793635038,175,2828,3035,64,0.5260570304818093,0.05827505827505827,0.7322175732217573,0.48234692137131163,0.5176530786286884
YKL052C,-1,31.153566169742785,175,2829,3034,64,0.5258931497869551,0.05825565912117177,0.7322175732217573,0.4825174825174825,0.5174825174825175
YML029W,1,31.14781383573189,176,2829,3034,63,0.5260570304818093,0.05856905158069883,0.7364016736401674,0.4825174825174825,0.5174825174825175
YKR063C,-1,31.135428009684563,176,2830,3033,63,0.5258931497869551,0.05854956753160346,0.7364016736401674,0.4826880436636534,0.5173119563363466
YKL175W,-1,31.132918669992293,176,2831,3032,63,0.5257292690921009,0.05853009644163618,0.7364016736401674,0.48285860480982434,0.5171413951901757
YML105C,-1,31.12765251468668,176,2832,3031,63,0.5255653883972468,0.05851063829787234,0.7364016736401674,0.4830291659559952,0.5169708340440048
YGL021W,-1,31.118921382562736,176,2833,3030,63,0.5254015077023927,0.058491193087404456,0.7364016736401674,0.48319972710216613,0.5168002728978339
YDL084W,-1,31.11726467249653,176,2834,3029,63,0.5252376270075385,0.05847176079734219,0.7364016736401674,0.48337028824833705,0.516629711751663
YCL051W,-1,31.111712268920027,176,2835,3028,63,0.5250737463126843,0.058452341414812356,0.7364016736401674,0.4835408493945079,0.5164591506054921
YJL026W,-1,31.090938647442442,176,2836,3027,63,0.5249098656178303,0.05843293492695883,0.7364016736401674,0.48371141054067884,0.5162885894593212
YDR212W,-1,31.089797176574923,176,2837,3026,63,0.5247459849229761,0.058413541320942584,0.7364016736401674,0.4838819716868497,0.5161180283131502
YOR217W,-1,31.086093098617013,176,2838,3025,63,0.5245821042281219,0.058394160583941604,0.7364016736401674,0.48405253283302063,0.5159474671669794
YIL137C,-1,31.073569465203974,176,2839,3024,63,0.5244182235332678,0.058374792703150914,0.7364016736401674,0.48422309397919155,0.5157769060208085
YER169W,-1,31.067080217506515,176,2840,3023,63,0.5242543428384137,0.058355437665782495,0.7364016736401674,0.4843936551253624,0.5156063448746375
YDR356W,-1,31.03872235499352,176,2841,3022,63,0.5240904621435595,0.0583360954590653,0.7364016736401674,0.48456421627153334,0.5154357837284667
YOR052C,-1,31.01745080116653,176,2842,3021,63,0.5239265814487053,0.0583167660702452,0.7364016736401674,0.48473477741770427,0.5152652225822958
YDL042C,-1,31.009567546944936,176,2843,3020,63,0.5237627007538512,0.05829744948658496,0.7364016736401674,0.48490533856387513,0.5150946614361248
YMR149W,-1,30.99576761989572,176,2844,3019,63,0.523598820058997,0.05827814569536424,0.7364016736401674,0.48507589971004605,0.514924100289954
YOL002C,-1,30.9918706249484,176,2845,3018,63,0.5234349393641429,0.05825885468387951,0.7364016736401674,0.485246460856217,0.5147535391437831
YKL201C,-1,30.98766852086814,176,2846,3017,63,0.5232710586692888,0.05823957643944408,0.7364016736401674,0.48541702200238784,0.5145829779976121
YPL026C,-1,30.984893890700455,176,2847,3016,63,0.5231071779744346,0.058220310949388024,0.7364016736401674,0.48558758314855877,0.5144124168514412
YDR388W,-1,30.97684977033426,176,2848,3015,63,0.5229432972795804,0.0582010582010582,0.7364016736401674,0.4857581442947297,0.5142418557052704
YDR508C,-1,30.970941665602872,176,2849,3014,63,0.5227794165847263,0.05818181818181818,0.7364016736401674,0.48592870544090055,0.5140712945590994
YLR357W,-1,30.970565601402846,176,2850,3013,63,0.5226155358898722,0.05816259087904825,0.7364016736401674,0.4860992665870715,0.5139007334129285
YJL044C,-1,30.966712494637523,176,2851,3012,63,0.522451655195018,0.05814337628014536,0.7364016736401674,0.48626982773324234,0.5137301722667577
YGL166W,-1,30.9598353068537,176,2852,3011,63,0.5222877745001638,0.05812417437252312,0.7364016736401674,0.48644038887941327,0.5135596111205867
YCL019W,-1,30.952146565883595,176,2853,3010,63,0.5221238938053098,0.05810498514361175,0.7364016736401674,0.4866109500255842,0.5133890499744158
YGR024C,-1,30.947144263340324,176,2854,3009,63,0.5219600131104556,0.058085808580858087,0.7364016736401674,0.48678151117175505,0.513218488828245
YJR124C,-1,30.94601102097485,176,2855,3008,63,0.5217961324156014,0.0580666446717255,0.7364016736401674,0.486952072317926,0.5130479276820741
YLR046C,-1,30.94162835617987,176,2856,3007,63,0.5216322517207473,0.05804749340369393,0.7364016736401674,0.4871226334640969,0.5128773665359031
YCR033W,-1,30.9161026051377,176,2857,3006,63,0.5214683710258932,0.058028354764259805,0.7364016736401674,0.48729319461026777,0.5127068053897322
YJL106W,-1,30.907356441412464,176,2858,3005,63,0.521304490331039,0.05800922874093606,0.7364016736401674,0.4874637557564387,0.5125362442435614
YDL205C,-1,30.904632420199125,176,2859,3004,63,0.5211406096361848,0.05799011532125206,0.7364016736401674,0.4876343169026096,0.5123656830973904
YMR213W,-1,30.89047551242238,176,2860,3003,63,0.5209767289413307,0.057971014492753624,0.7364016736401674,0.4878048780487805,0.5121951219512195
YGR116W,-1,30.888807854599186,176,2861,3002,63,0.5208128482464766,0.057951926243002966,0.7364016736401674,0.4879754391949514,0.5120245608050487
YPR154W,-1,30.866840263700894,176,2862,3001,63,0.5206489675516224,0.05793285055957867,0.7364016736401674,0.48814600034112227,0.5118539996588777
YJL151C,-1,30.862518021676962,176,2863,3000,63,0.5204850868567683,0.057913787430075685,0.7364016736401674,0.4883165614872932,0.5116834385127068
YOL064C,-1,30.856248458450448,176,2864,2999,63,0.5203212061619141,0.05789473684210526,0.7364016736401674,0.4884871226334641,0.511512877366536
YMR274C,-1,30.851929943901553,176,2865,2998,63,0.52015732546706,0.05787569878329497,0.7364016736401674,0.488657683779635,0.511342316220365
YDR333C,-1,30.84712547028903,176,2866,2997,63,0.5199934447722059,0.057856673241288625,0.7364016736401674,0.4888282449258059,0.5111717550741941
YDL080C,-1,30.836250689625107,176,2867,2996,63,0.5198295640773517,0.057837660203746304,0.7364016736401674,0.4889988060719768,0.5110011939280232
YOL026C,-1,30.82944743603238,176,2868,2995,63,0.5196656833824975,0.05781865965834428,0.7364016736401674,0.4891693672181477,0.5108306327818523
YLR460C,-1,30.808775130702998,176,2869,2994,63,0.5195018026876433,0.05779967159277504,0.7364016736401674,0.4893399283643186,0.5106600716356814
YGR002C,-1,30.80793412613693,176,2870,2993,63,0.5193379219927893,0.05778069599474721,0.7364016736401674,0.48951048951048953,0.5104895104895105
YBL106C,-1,30.806813067943008,176,2871,2992,63,0.5191740412979351,0.05776173285198556,0.7364016736401674,0.4896810506566604,0.5103189493433395
YOR068C,-1,30.802047122331572,176,2872,2991,63,0.5190101606030809,0.05774278215223097,0.7364016736401674,0.4898516118028313,0.5101483881971687
YER040W,-1,30.795069519752975,176,2873,2990,63,0.5188462799082268,0.05772384388324041,0.7364016736401674,0.49002217294900224,0.5099778270509978
YMR300C,-1,30.77834676680437,176,2874,2989,63,0.5186823992133727,0.057704918032786885,0.7364016736401674,0.4901927340951731,0.5098072659048268
YDL204W,-1,30.765070484917036,176,2875,2988,63,0.5185185185185185,0.057686004588659454,0.7364016736401674,0.49036329524134403,0.509636704758656
YHL036W,-1,30.757310694372904,176,2876,2987,63,0.5183546378236644,0.057667103538663174,0.7364016736401674,0.4905338563875149,0.5094661436124851
YFL060C,-1,30.693335747238734,176,2877,2986,63,0.5181907571288102,0.057648214870619066,0.7364016736401674,0.4907044175336858,0.5092955824663141
YAR027W,-1,30.689032864309276,176,2878,2985,63,0.5180268764339561,0.05762933857236411,0.7364016736401674,0.49087497867985674,0.5091250213201433
YNL094W,-1,30.683722723556002,176,2879,2984,63,0.5178629957391019,0.05761047463175123,0.7364016736401674,0.4910455398260276,0.5089544601739724
YKL173W,-1,30.65720143985105,176,2880,2983,63,0.5176991150442478,0.05759162303664921,0.7364016736401674,0.49121610097219853,0.5087838990278014
YFR019W,-1,30.64828195738257,176,2881,2982,63,0.5175352343493936,0.05757278377494275,0.7364016736401674,0.49138666211836945,0.5086133378816305
YPR185W,-1,30.64275500838042,176,2882,2981,63,0.5173713536545395,0.05755395683453238,0.7364016736401674,0.4915572232645403,0.5084427767354597
YIL105C,-1,30.63612686009283,176,2883,2980,63,0.5172074729596854,0.05753514220333442,0.7364016736401674,0.49172778441071124,0.5082722155892888
YJR108W,-1,30.62191164647765,176,2884,2979,63,0.5170435922648312,0.05751633986928104,0.7364016736401674,0.49189834555688217,0.5081016544431178
YFR046C,-1,30.58402740704684,176,2885,2978,63,0.516879711569977,0.057497549820320154,0.7364016736401674,0.49206890670305303,0.507931093296947
YMR180C,-1,30.580928636863113,176,2886,2977,63,0.516715830875123,0.05747877204441541,0.7364016736401674,0.49223946784922396,0.5077605321507761
YCR028C,-1,30.569251238279953,176,2887,2976,63,0.5165519501802688,0.0574600065295462,0.7364016736401674,0.4924100289953948,0.5075899710046051
YDR006C,-1,30.568969093804196,176,2888,2975,63,0.5163880694854146,0.057441253263707574,0.7364016736401674,0.49258059014156574,0.5074194098584343
YPL125W,-1,30.56752717119329,176,2889,2974,63,0.5162241887905604,0.05742251223491028,0.7364016736401674,0.49275115128773667,0.5072488487122634
YKR030W,-1,30.562234788156026,176,2890,2973,63,0.5160603080957064,0.05740378343118069,0.7364016736401674,0.49292171243390753,0.5070782875660924
YER118C,-1,30.552386128353678,176,2891,2972,63,0.5158964274008522,0.05738506684056081,0.7364016736401674,0.49309227358007846,0.5069077264199215
YER007W,-1,30.545086590910728,176,2892,2971,63,0.515732546705998,0.05736636245110821,0.7364016736401674,0.4932628347262494,0.5067371652737507
YKL040C,-1,30.535916161586318,176,2893,2970,63,0.5155686660111439,0.05734767025089606,0.7364016736401674,0.49343339587242024,0.5065666041275797
YDL235C,-1,30.50094740401205,176,2894,2969,63,0.5154047853162897,0.05732899022801303,0.7364016736401674,0.49360395701859117,0.5063960429814088
YBR068C,-1,30.473588745276512,176,2895,2968,63,0.5152409046214356,0.057310322370563334,0.7364016736401674,0.4937745181647621,0.506225481835238
YPR199C,-1,30.470910418715803,176,2896,2967,63,0.5150770239265815,0.057291666666666664,0.7364016736401674,0.49394507931093296,0.506054920689067
YKL028W,-1,30.452616031610845,176,2897,2966,63,0.5149131432317273,0.057273023104458184,0.7364016736401674,0.4941156404571039,0.5058843595428961
YHR210C,-1,30.44767645927368,176,2898,2965,63,0.5147492625368731,0.057254391672088484,0.7364016736401674,0.4942862016032748,0.5057137983967253
YDR407C,-1,30.42983091501435,176,2899,2964,63,0.514585381842019,0.05723577235772358,0.7364016736401674,0.49445676274944567,0.5055432372505543
YER055C,-1,30.414514865427254,176,2900,2963,63,0.5144215011471649,0.05721716514954486,0.7364016736401674,0.4946273238956166,0.5053726761043834
YNL273W,-1,30.405080092450234,176,2901,2962,63,0.5142576204523107,0.05719857003574911,0.7364016736401674,0.49479788504178746,0.5052021149582125
YOR208W,-1,30.399990591240346,176,2902,2961,63,0.5140937397574565,0.057179987004548405,0.7364016736401674,0.4949684461879584,0.5050315538120416
YDR017C,-1,30.36574546462472,176,2903,2960,63,0.5139298590626025,0.05716141604417019,0.7364016736401674,0.4951390073341293,0.5048609926658707
YJL108C,-1,30.352430585040512,176,2904,2959,63,0.5137659783677483,0.05714285714285714,0.7364016736401674,0.49530956848030017,0.5046904315196998
YDL145C,-1,30.340662445185917,176,2905,2958,63,0.5136020976728941,0.057124310288867254,0.7364016736401674,0.4954801296264711,0.5045198703735289
YDL049C,-1,30.33981845946559,176,2906,2957,63,0.51343821697804,0.05710577547047372,0.7364016736401674,0.495650690772642,0.504349309227358
YDR400W,1,30.338539990440356,177,2906,2957,62,0.5136020976728941,0.057411612066169314,0.7405857740585774,0.495650690772642,0.504349309227358
YER146W,-1,30.331698218581668,177,2907,2956,62,0.51343821697804,0.057392996108949414,0.7405857740585774,0.4958212519188129,0.5041787480811871
YDR469W,-1,30.33131954590279,177,2908,2955,62,0.5132743362831859,0.05737439222042139,0.7405857740585774,0.4959918130649838,0.5040081869350163
YJL061W,-1,30.31023834945193,177,2909,2954,62,0.5131104555883317,0.057355800388852886,0.7405857740585774,0.4961623742111547,0.5038376257888453
YPL159C,-1,30.307613213936214,177,2910,2953,62,0.5129465748934775,0.057337220602526724,0.7405857740585774,0.4963329353573256,0.5036670646426744
YGR175C,-1,30.306625265683355,177,2911,2952,62,0.5127826941986234,0.057318652849740935,0.7405857740585774,0.4965034965034965,0.5034965034965035
YPL058C,-1,30.29387424846185,177,2912,2951,62,0.5126188135037693,0.05730009711880868,0.7405857740585774,0.49667405764966743,0.5033259423503326
YML111W,1,30.292510666273863,178,2912,2951,61,0.5127826941986234,0.05760517799352751,0.7447698744769874,0.49667405764966743,0.5033259423503326
YBR153W,-1,30.2700535700287,178,2913,2950,61,0.5126188135037693,0.0575865415723067,0.7447698744769874,0.4968446187958383,0.5031553812041617
YGR061C,-1,30.261388759834748,178,2914,2949,61,0.5124549328089151,0.057567917205692105,0.7447698744769874,0.4970151799420092,0.5029848200579908
YHR149C,-1,30.25776062613778,178,2915,2948,61,0.512291052114061,0.05754930488199159,0.7447698744769874,0.4971857410881801,0.5028142589118199
YML059C,-1,30.24761276758193,178,2916,2947,61,0.5121271714192068,0.057530704589528116,0.7447698744769874,0.497356302234351,0.502643697765649
YLR361C,-1,30.246755678991562,178,2917,2946,61,0.5119632907243526,0.057512116316639744,0.7447698744769874,0.49752686338052193,0.5024731366194781
YHR133C,-1,30.24254686146243,178,2918,2945,61,0.5117994100294986,0.05749354005167959,0.7447698744769874,0.4976974245266928,0.5023025754733071
YPL055C,-1,30.22018820827227,178,2919,2944,61,0.5116355293346444,0.05747497578301582,0.7447698744769874,0.4978679856728637,0.5021320143271363
YGR066C,-1,30.216759933819958,178,2920,2943,61,0.5114716486397902,0.057456423499031635,0.7447698744769874,0.49803854681903464,0.5019614531809654
YMR106C,-1,30.21642491530625,178,2921,2942,61,0.511307767944936,0.057437883188125205,0.7447698744769874,0.4982091079652055,0.5017908920347944
YIL038C,-1,30.211862408761025,178,2922,2941,61,0.511143887250082,0.05741935483870968,0.7447698744769874,0.49837966911137643,0.5016203308886236
YCR044C,-1,30.2051089015607,178,2923,2940,61,0.5109800065552278,0.057400838439213155,0.7447698744769874,0.49855023025754736,0.5014497697424527
YCR086W,-1,30.201336380959955,178,2924,2939,61,0.5108161258603736,0.05738233397807866,0.7447698744769874,0.4987207914037182,0.5012792085962817
YJL212C,-1,30.156040175846066,178,2925,2938,61,0.5106522451655195,0.0573638414437641,0.7447698744769874,0.49889135254988914,0.5011086474501109
YOR040W,-1,30.151094071969986,178,2926,2937,61,0.5104883644706654,0.057345360824742266,0.7447698744769874,0.49906191369606,0.50093808630394
YNL176C,-1,30.146705957252095,178,2927,2936,61,0.5103244837758112,0.05732689210950081,0.7447698744769874,0.49923247484223093,0.500767525157769
YLL027W,-1,30.12000734864557,178,2928,2935,61,0.510160603080957,0.05730843528654218,0.7447698744769874,0.49940303598840186,0.5005969640115981
YKL132C,-1,30.10465281817504,178,2929,2934,61,0.5099967223861029,0.05728999034438365,0.7447698744769874,0.4995735971345727,0.5004264028654273
YER032W,-1,30.090447403722436,178,2930,2933,61,0.5098328416912488,0.05727155727155727,0.7447698744769874,0.49974415828074364,0.5002558417192563
YGR019W,-1,30.04093056712325,178,2931,2932,61,0.5096689609963946,0.057253136056609845,0.7447698744769874,0.49991471942691457,0.5000852805730854
YDR376W,-1,30.03136392172074,178,2932,2931,61,0.5095050803015405,0.057234726688102894,0.7447698744769874,0.5000852805730854,0.49991471942691457
YGL002W,-1,30.030464739512745,178,2933,2930,61,0.5093411996066863,0.057216329154612666,0.7447698744769874,0.5002558417192563,0.49974415828074364
YOR281C,-1,30.027282062395756,178,2934,2929,61,0.5091773189118322,0.05719794344473008,0.7447698744769874,0.5004264028654273,0.4995735971345727
YOL056W,-1,30.023691826350035,178,2935,2928,61,0.5090134382169781,0.057179569547060716,0.7447698744769874,0.5005969640115981,0.49940303598840186
YJR009C,-1,30.023567450630537,178,2936,2927,61,0.5088495575221239,0.057161207450224794,0.7447698744769874,0.500767525157769,0.49923247484223093
YOR279C,-1,30.0129584818266,178,2937,2926,61,0.5086856768272697,0.05714285714285714,0.7447698744769874,0.50093808630394,0.49906191369606
YDL227C,-1,29.984654727835945,178,2938,2925,61,0.5085217961324155,0.05712451861360719,0.7447698744769874,0.5011086474501109,0.49889135254988914
YFR043C,-1,29.9768796554817,178,2939,2924,61,0.5083579154375615,0.05710619185113892,0.7447698744769874,0.5012792085962817,0.4987207914037182
YGR240C,-1,29.973519110153422,178,2940,2923,61,0.5081940347427073,0.05708787684413085,0.7447698744769874,0.5014497697424527,0.49855023025754736
YHL023C,-1,29.96428529490767,178,2941,2922,61,0.5080301540478531,0.05706957358127605,0.7447698744769874,0.5016203308886236,0.49837966911137643
YFL008W,-1,29.9503656026613,178,2942,2921,61,0.507866273352999,0.05705128205128205,0.7447698744769874,0.5017908920347944,0.4982091079652055
YNL092W,-1,29.94874735088615,178,2943,2920,61,0.5077023926581449,0.057033002242870875,0.7447698744769874,0.5019614531809654,0.49803854681903464
YDR086C,1,29.939048546810664,179,2943,2920,60,0.507866273352999,0.057335041639974375,0.7489539748953975,0.5019614531809654,0.49803854681903464
YPR145W,-1,29.933720340594085,179,2944,2919,60,0.5077023926581449,0.05731668267691323,0.7489539748953975,0.5021320143271363,0.4978679856728637
YDR232W,-1,29.930895758607257,179,2945,2918,60,0.5075385119632907,0.057298335467349554,0.7489539748953975,0.5023025754733071,0.4976974245266928
YJL197W,1,29.92904201791059,180,2945,2918,59,0.5077023926581449,0.0576,0.7531380753138075,0.5023025754733071,0.4976974245266928
YKL025C,-1,29.928758852974042,180,2946,2917,59,0.5075385119632907,0.05758157389635317,0.7531380753138075,0.5024731366194781,0.49752686338052193
YJL192C,-1,29.928609303004656,180,2947,2916,59,0.5073746312684366,0.057563159577870164,0.7531380753138075,0.502643697765649,0.497356302234351
YKL060C,-1,29.92431211418465,180,2948,2915,59,0.5072107505735824,0.05754475703324808,0.7531380753138075,0.5028142589118199,0.4971857410881801
YMR061W,-1,29.916477769013873,180,2949,2914,59,0.5070468698787283,0.05752636625119847,0.7531380753138075,0.5029848200579908,0.4970151799420092
YDL101C,-1,29.89684528505601,180,2950,2913,59,0.5068829891838741,0.05750798722044728,0.7531380753138075,0.5031553812041617,0.4968446187958383
YLR466W,-1,29.895753883209867,180,2951,2912,59,0.50671910848902,0.057489619929734906,0.7531380753138075,0.5033259423503326,0.49667405764966743
YBR003W,-1,29.87410438779118,180,2952,2911,59,0.5065552277941658,0.05747126436781609,0.7531380753138075,0.5034965034965035,0.4965034965034965
YDR408C,-1,29.866216627005265,180,2953,2910,59,0.5063913470993117,0.05745292052345994,0.7531380753138075,0.5036670646426744,0.4963329353573256
YMR240C,-1,29.858925233094197,180,2954,2909,59,0.5062274664044576,0.0574345883854499,0.7531380753138075,0.5038376257888453,0.4961623742111547
YIR027C,-1,29.8379330632972,180,2955,2908,59,0.5060635857096034,0.05741626794258373,0.7531380753138075,0.5040081869350163,0.4959918130649838
YLR063W,-1,29.836770785776253,180,2956,2907,59,0.5058997050147492,0.05739795918367347,0.7531380753138075,0.5041787480811871,0.4958212519188129
YGL044C,-1,29.79837686374263,180,2957,2906,59,0.5057358243198952,0.05737966209754543,0.7531380753138075,0.504349309227358,0.495650690772642
YNL217W,-1,29.784715548149883,180,2958,2905,59,0.505571943625041,0.05736137667304015,0.7531380753138075,0.5045198703735289,0.4954801296264711
YPR122W,-1,29.771666834116758,180,2959,2904,59,0.5054080629301868,0.05734310289901243,0.7531380753138075,0.5046904315196998,0.49530956848030017
YHL035C,-1,29.733002871010907,180,2960,2903,59,0.5052441822353326,0.05732484076433121,0.7531380753138075,0.5048609926658707,0.4951390073341293
YBR049C,-1,29.729704116361567,180,2961,2902,59,0.5050803015404786,0.05730659025787966,0.7531380753138075,0.5050315538120416,0.4949684461879584
YER157W,-1,29.72783781867442,180,2962,2901,59,0.5049164208456244,0.05728835136855506,0.7531380753138075,0.5052021149582125,0.49479788504178746
YBR294W,-1,29.695770300722632,180,2963,2900,59,0.5047525401507702,0.05727012408526885,0.7531380753138075,0.5053726761043834,0.4946273238956166
YGR109C,-1,29.694906292282393,180,2964,2899,59,0.5045886594559161,0.05725190839694656,0.7531380753138075,0.5055432372505543,0.49445676274944567
YNL330C,-1,29.690001671137914,180,2965,2898,59,0.504424778761062,0.057233704292527825,0.7531380753138075,0.5057137983967253,0.4942862016032748
YOL009C,-1,29.682140573987304,180,2966,2897,59,0.5042608980662078,0.05721551176096631,0.7531380753138075,0.5058843595428961,0.4941156404571039
YKR080W,-1,29.66739908111938,180,2967,2896,59,0.5040970173713537,0.057197330791229746,0.7531380753138075,0.506054920689067,0.49394507931093296
YJL012C,-1,29.661731615181413,180,2968,2895,59,0.5039331366764995,0.05717916137229987,0.7531380753138075,0.506225481835238,0.4937745181647621
YGR202C,-1,29.652492789938954,180,2969,2894,59,0.5037692559816453,0.057161003493172435,0.7531380753138075,0.5063960429814088,0.49360395701859117
YLR181C,-1,29.64169383061629,180,2970,2893,59,0.5036053752867912,0.05714285714285714,0.7531380753138075,0.5065666041275797,0.49343339587242024
YBR181C,-1,29.637369617612343,180,2971,2892,59,0.5034414945919371,0.05712472231037766,0.7531380753138075,0.5067371652737507,0.4932628347262494
YML087C,-1,29.63283556238457,180,2972,2891,59,0.5032776138970829,0.05710659898477157,0.7531380753138075,0.5069077264199215,0.49309227358007846
YJR092W,-1,29.62203708988124,180,2973,2890,59,0.5031137332022287,0.05708848715509039,0.7531380753138075,0.5070782875660924,0.49292171243390753
YER149C,-1,29.614032563014366,180,2974,2889,59,0.5029498525073747,0.05707038681039949,0.7531380753138075,0.5072488487122634,0.49275115128773667
YDR309C,-1,29.61257205412022,180,2975,2888,59,0.5027859718125205,0.05705229793977813,0.7531380753138075,0.5074194098584343,0.49258059014156574
YDL243C,-1,29.604192835889208,180,2976,2887,59,0.5026220911176663,0.057034220532319393,0.7531380753138075,0.5075899710046051,0.4924100289953948
YMR041C,-1,29.588897957718885,180,2977,2886,59,0.5024582104228122,0.05701615457713019,0.7531380753138075,0.5077605321507761,0.49223946784922396
YCL016C,-1,29.584661434653245,180,2978,2885,59,0.5022943297279581,0.056998100063331225,0.7531380753138075,0.507931093296947,0.49206890670305303
YBR005W,-1,29.57738385274254,180,2979,2884,59,0.5021304490331039,0.05698005698005698,0.7531380753138075,0.5081016544431178,0.49189834555688217
YOL103W,-1,29.560981934960925,180,2980,2883,59,0.5019665683382497,0.056962025316455694,0.7531380753138075,0.5082722155892888,0.49172778441071124
YJL058C,-1,29.556098783570594,180,2981,2882,59,0.5018026876433956,0.05694400506168934,0.7531380753138075,0.5084427767354597,0.4915572232645403
YLR436C,-1,29.55541384992117,180,2982,2881,59,0.5016388069485415,0.056925996204933584,0.7531380753138075,0.5086133378816305,0.49138666211836945
YPL169C,-1,29.5504196679326,180,2983,2880,59,0.5014749262536873,0.05690799873537781,0.7531380753138075,0.5087838990278014,0.49121610097219853
YER129W,-1,29.534388394606648,180,2984,2879,59,0.5013110455588332,0.056890012642225034,0.7531380753138075,0.5089544601739724,0.4910455398260276
YGL145W,-1,29.52774659574372,180,2985,2878,59,0.501147164863979,0.05687203791469194,0.7531380753138075,0.5091250213201433,0.49087497867985674
YLR430W,-1,29.52149918331186,180,2986,2877,59,0.5009832841691249,0.056854074542008845,0.7531380753138075,0.5092955824663141,0.4907044175336858
YBL093C,-1,29.520737559880146,180,2987,2876,59,0.5008194034742708,0.05683612251341964,0.7531380753138075,0.5094661436124851,0.4905338563875149
YOL006C,-1,29.51749927424175,180,2988,2875,59,0.5006555227794166,0.056818181818181816,0.7531380753138075,0.509636704758656,0.49036329524134403
YBL064C,-1,29.499348897654137,180,2989,2874,59,0.5004916420845624,0.056800252445566426,0.7531380753138075,0.5098072659048268,0.4901927340951731
YGL231C,-1,29.471898713334667,180,2990,2873,59,0.5003277613897082,0.056782334384858045,0.7531380753138075,0.5099778270509978,0.49002217294900224
YLR425W,-1,29.463300089145243,180,2991,2872,59,0.5001638806948542,0.05676442762535478,0.7531380753138075,0.5101483881971687,0.4898516118028313
YDL210W,-1,29.45398851133722,180,2992,2871,59,0.5,0.05674653215636822,0.7531380753138075,0.5103189493433395,0.4896810506566604
YGL198W,-1,29.451348814409272,180,2993,2870,59,0.4998361193051459,0.05672864796722345,0.7531380753138075,0.5104895104895105,0.48951048951048953
YER061C,-1,29.450375410701128,180,2994,2869,59,0.4996722386102917,0.05671077504725898,0.7531380753138075,0.5106600716356814,0.4893399283643186
YLR375W,-1,29.44771065051244,180,2995,2868,59,0.4995083579154376,0.05669291338582677,0.7531380753138075,0.5108306327818523,0.4891693672181477
YMR038C,-1,29.44487213832467,180,2996,2867,59,0.4993444772205834,0.05667506297229219,0.7531380753138075,0.5110011939280232,0.4889988060719768
YER114C,-1,29.440049430987354,180,2997,2866,59,0.49918059652572927,0.056657223796033995,0.7531380753138075,0.5111717550741941,0.4888282449258059
YOL072W,-1,29.425932372510403,180,2998,2865,59,0.49901671583087515,0.056639395846444306,0.7531380753138075,0.511342316220365,0.488657683779635
YMR025W,-1,29.425786097036184,180,2999,2864,59,0.49885283513602097,0.056621579112928595,0.7531380753138075,0.511512877366536,0.4884871226334641
YBL008W,-1,29.4089753709886,180,3000,2863,59,0.49868895444116684,0.05660377358490566,0.7531380753138075,0.5116834385127068,0.4883165614872932
YGL162W,-1,29.396162283658853,180,3001,2862,59,0.49852507374631266,0.05658597925180761,0.7531380753138075,0.5118539996588777,0.48814600034112227
YHR179W,-1,29.385005116520514,180,3002,2861,59,0.49836119305145854,0.056568196103079824,0.7531380753138075,0.5120245608050487,0.4879754391949514
YFL053W,-1,29.382059367399123,180,3003,2860,59,0.4981973123566044,0.05655042412818096,0.7531380753138075,0.5121951219512195,0.4878048780487805
YGR065C,-1,29.37674611866312,180,3004,2859,59,0.49803343166175024,0.056532663316582916,0.7531380753138075,0.5123656830973904,0.4876343169026096
YJR152W,-1,29.374082478586725,180,3005,2858,59,0.4978695509668961,0.0565149136577708,0.7531380753138075,0.5125362442435614,0.4874637557564387
YBL033C,-1,29.366411521634575,180,3006,2857,59,0.49770567027204193,0.05649717514124294,0.7531380753138075,0.5127068053897322,0.48729319461026777
YHR154W,-1,29.34810314049613,180,3007,2856,59,0.4975417895771878,0.05647944775651083,0.7531380753138075,0.5128773665359031,0.4871226334640969
YBR132C,-1,29.333000192074394,180,3008,2855,59,0.4973779088823337,0.056461731493099125,0.7531380753138075,0.5130479276820741,0.486952072317926
YER173W,-1,29.328210239524406,180,3009,2854,59,0.4972140281874795,0.05644402634054563,0.7531380753138075,0.513218488828245,0.48678151117175505
YNL097C,-1,29.325928764916583,180,3010,2853,59,0.4970501474926254,0.05642633228840126,0.7531380753138075,0.5133890499744158,0.4866109500255842
YPL128C,-1,29.289853018820676,180,3011,2852,59,0.4968862667977712,0.05640864932623002,0.7531380753138075,0.5135596111205867,0.48644038887941327
YDR156W,-1,29.2871235286448,180,3012,2851,59,0.4967223861029171,0.05639097744360902,0.7531380753138075,0.5137301722667577,0.48626982773324234
YCR091W,-1,29.278075891394604,180,3013,2850,59,0.49655850540806296,0.05637331663012841,0.7531380753138075,0.5139007334129285,0.4860992665870715
YDR039C,-1,29.271855775950783,180,3014,2849,59,0.4963946247132088,0.056355666875391355,0.7531380753138075,0.5140712945590994,0.48592870544090055
YDR076W,-1,29.265206003988997,180,3015,2848,59,0.49623074401835465,0.056338028169014086,0.7531380753138075,0.5142418557052704,0.4857581442947297
YGL196W,-1,29.224928427588644,180,3016,2847,59,0.4960668633235005,0.056320400500625784,0.7531380753138075,0.5144124168514412,0.48558758314855877
YER044C,-1,29.2191464405237,180,3017,2846,59,0.49590298262864635,0.05630278385986863,0.7531380753138075,0.5145829779976121,0.48541702200238784
YLR427W,-1,29.217015131993577,180,3018,2845,59,0.4957391019337922,0.05628517823639775,0.7531380753138075,0.5147535391437831,0.485246460856217
YMR125W,-1,29.19661944223202,180,3019,2844,59,0.49557522123893805,0.05626758361988121,0.7531380753138075,0.514924100289954,0.48507589971004605
YER106W,-1,29.180408956591503,180,3020,2843,59,0.4954113405440839,0.05625,0.7531380753138075,0.5150946614361248,0.48490533856387513
YDL194W,-1,29.16425910213965,180,3021,2842,59,0.49524745984922974,0.056232427366447985,0.7531380753138075,0.5152652225822958,0.48473477741770427
YKL219W,-1,29.152373619703834,180,3022,2841,59,0.4950835791543756,0.056214865708931916,0.7531380753138075,0.5154357837284667,0.48456421627153334
YJL193W,-1,29.139176329181282,180,3023,2840,59,0.4949196984595215,0.0561973150171714,0.7531380753138075,0.5156063448746375,0.4843936551253624
YMR066W,-1,29.128434004872418,180,3024,2839,59,0.4947558177646673,0.056179775280898875,0.7531380753138075,0.5157769060208085,0.48422309397919155
YKL090W,1,29.09920688560016,181,3024,2839,58,0.4949196984595215,0.056474258970358814,0.7573221757322176,0.5157769060208085,0.48422309397919155
YML002W,-1,29.078795573776688,181,3025,2838,58,0.4947558177646673,0.05645664379288833,0.7573221757322176,0.5159474671669794,0.48405253283302063
YNL312W,-1,29.075913142751006,181,3026,2837,58,0.4945919370698132,0.05643903960087309,0.7573221757322176,0.5161180283131502,0.4838819716868497
YNL238W,-1,29.068807909066766,181,3027,2836,58,0.494428056374959,0.0564214463840399,0.7573221757322176,0.5162885894593212,0.48371141054067884
YGR150C,-1,29.059219642855624,181,3028,2835,58,0.4942641756801049,0.05640386413212839,0.7573221757322176,0.5164591506054921,0.4835408493945079
YKL174C,-1,29.018941442237825,181,3029,2834,58,0.4941002949852507,0.056386292834890966,0.7573221757322176,0.516629711751663,0.48337028824833705
YIL147C,-1,29.005971841162015,181,3030,2833,58,0.4939364142903966,0.05636873248209281,0.7573221757322176,0.5168002728978339,0.48319972710216613
YOR039W,-1,28.985837743724115,181,3031,2832,58,0.49377253359554246,0.056351183063511834,0.7573221757322176,0.5169708340440048,0.4830291659559952
YAL032C,-1,28.985187297568842,181,3032,2831,58,0.4936086529006883,0.05633364456893869,0.7573221757322176,0.5171413951901757,0.48285860480982434
YHL006C,-1,28.982882195109976,181,3033,2830,58,0.49344477220583416,0.05631611698817673,0.7573221757322176,0.5173119563363466,0.4826880436636534
YGL028C,-1,28.979959469327493,181,3034,2829,58,0.49328089151098,0.05629860031104199,0.7573221757322176,0.5174825174825175,0.4825174825174825
YAR015W,-1,28.97029405391258,181,3035,2828,58,0.49311701081612586,0.056281094527363185,0.7573221757322176,0.5176530786286884,0.48234692137131163
YDR214W,-1,28.968869570093855,181,3036,2827,58,0.49295313012127173,0.05626359962698166,0.7573221757322176,0.5178236397748592,0.4821763602251407
YML088W,1,28.93706518242591,182,3036,2827,57,0.49311701081612586,0.05655686761963953,0.7615062761506276,0.5178236397748592,0.4821763602251407
YER168C,-1,28.927777936187372,182,3037,2826,57,0.49295313012127173,0.05653929791860826,0.7615062761506276,0.5179942009210302,0.4820057990789698
YBL078C,1,28.918058529112177,183,3037,2826,56,0.49311701081612586,0.05683229813664596,0.7656903765690377,0.5179942009210302,0.4820057990789698
YGL238W,-1,28.90972989350705,183,3038,2825,56,0.49295313012127173,0.056814653834212976,0.7656903765690377,0.5181647620672011,0.4818352379327989
YHR174W,-1,28.884393748437752,183,3039,2824,56,0.49278924942641755,0.056797020484171325,0.7656903765690377,0.518335323213372,0.481664676786628
YBL051C,-1,28.88421074824568,183,3040,2823,56,0.49262536873156343,0.056779398076326405,0.7656903765690377,0.5185058843595429,0.4814941156404571
YOR297C,-1,28.871130844903288,183,3041,2822,56,0.49246148803670925,0.05676178660049628,0.7656903765690377,0.5186764455057138,0.4813235544942862
YMR298W,-1,28.866658877286216,183,3042,2821,56,0.4922976073418551,0.05674418604651163,0.7656903765690377,0.5188470066518847,0.4811529933481153
YDR483W,-1,28.859214000248034,183,3043,2820,56,0.492133726647001,0.05672659640421575,0.7656903765690377,0.5190175677980556,0.4809824322019444
YLR174W,-1,28.85722637642877,183,3044,2819,56,0.4919698459521468,0.05670901766346452,0.7656903765690377,0.5191881289442265,0.4808118710557735
YIL011W,-1,28.851673521241633,183,3045,2818,56,0.4918059652572927,0.056691449814126396,0.7656903765690377,0.5193586900903974,0.4806413099096026
YMR005W,-1,28.849102619337437,183,3046,2817,56,0.4916420845624385,0.05667389284608238,0.7656903765690377,0.5195292512365683,0.4804707487634317
YER099C,-1,28.829278444186155,183,3047,2816,56,0.4914782038675844,0.056656346749226004,0.7656903765690377,0.5196998123827392,0.4803001876172608
YDR142C,-1,28.80577103707077,183,3048,2815,56,0.49131432317273027,0.056638811513463325,0.7656903765690377,0.5198703735289101,0.48012962647108987
YBL032W,-1,28.79374203095332,183,3049,2814,56,0.4911504424778761,0.05662128712871287,0.7656903765690377,0.5200409346750811,0.479959065324919
YEL006W,-1,28.774701539718237,183,3050,2813,56,0.49098656178302197,0.05660377358490566,0.7656903765690377,0.5202114958212519,0.4797885041787481
YBR114W,-1,28.772264132192664,183,3051,2812,56,0.4908226810881678,0.05658627087198516,0.7656903765690377,0.5203820569674228,0.47961794303257715
YBR152W,-1,28.770550121334967,183,3052,2811,56,0.49065880039331367,0.05656877897990727,0.7656903765690377,0.5205526181135938,0.4794473818864063
YBR255W,-1,28.765593153679863,183,3053,2810,56,0.49049491969845954,0.056551297898640294,0.7656903765690377,0.5207231792597646,0.47927682074023537
YDR254W,-1,28.75232077552074,183,3054,2809,56,0.49033103900360536,0.056533827618164965,0.7656903765690377,0.5208937404059355,0.4791062595940645
YOR123C,-1,28.751798287276635,183,3055,2808,56,0.49016715830875124,0.05651636812847437,0.7656903765690377,0.5210643015521065,0.4789356984478936
YDL197C,-1,28.751671151364167,183,3056,2807,56,0.49000327761389706,0.05649891941957394,0.7656903765690377,0.5212348626982773,0.47876513730172265
YDR485C,-1,28.744503046096508,183,3057,2806,56,0.48983939691904294,0.05648148148148148,0.7656903765690377,0.5214054238444482,0.4785945761555518
YOR247W,-1,28.70102074017103,183,3058,2805,56,0.4896755162241888,0.05646405430422709,0.7656903765690377,0.5215759849906192,0.47842401500938087
YML096W,-1,28.693712822975613,183,3059,2804,56,0.48951163552933463,0.05644663787785318,0.7656903765690377,0.5217465461367901,0.47825345386320994
YOR304W,-1,28.684868124729604,183,3060,2803,56,0.4893477548344805,0.056429232192414434,0.7656903765690377,0.5219171072829609,0.4780828927170391
YMR079W,-1,28.682624126833524,183,3061,2802,56,0.48918387413962633,0.056411837237977804,0.7656903765690377,0.5220876684291318,0.47791233157086815
YKR106W,-1,28.671120490564135,183,3062,2801,56,0.4890199934447722,0.056394453004622494,0.7656903765690377,0.5222582295753028,0.47774177042469723
YHR167W,-1,28.671019183832843,183,3063,2800,56,0.4888561127499181,0.056377079482439925,0.7656903765690377,0.5224287907214736,0.47757120927852637
YPR038W,-1,28.668323253283916,183,3064,2799,56,0.4886922320550639,0.05635971666153372,0.7656903765690377,0.5225993518676445,0.47740064813235544
YLR310C,-1,28.65541581892301,183,3065,2798,56,0.4885283513602098,0.056342364532019705,0.7656903765690377,0.5227699130138155,0.4772300869861845
YLR052W,-1,28.652037483312384,183,3066,2797,56,0.4883644706653556,0.05632502308402586,0.7656903765690377,0.5229404741599863,0.47705952584001365
YLR254C,-1,28.647244261522655,183,3067,2796,56,0.4882005899705015,0.05630769230769231,0.7656903765690377,0.5231110353061572,0.47688896469384273
YGL168W,-1,28.643651447201258,183,3068,2795,56,0.48803670927564735,0.05629037219317133,0.7656903765690377,0.5232815964523282,0.47671840354767187
YPR174C,-1,28.639839061048406,183,3069,2794,56,0.48787282858079317,0.05627306273062731,0.7656903765690377,0.5234521575984991,0.47654784240150094
YBR203W,1,28.63224373191156,184,3069,2794,55,0.48803670927564735,0.056563172456194286,0.7698744769874477,0.5234521575984991,0.47654784240150094
YOR023C,-1,28.614804398163386,184,3070,2793,55,0.48787282858079317,0.05654578979717271,0.7698744769874477,0.5236227187446699,0.47637728125533
YBR084C-A,-1,28.577207807859153,184,3071,2792,55,0.48770894788593905,0.0565284178187404,0.7698744769874477,0.5237932798908409,0.47620672010915915
YLR411W,-1,28.568966659765636,184,3072,2791,55,0.48754506719108487,0.056511056511056514,0.7698744769874477,0.5239638410370118,0.47603615896298823
YAL040C,-1,28.555876929308795,184,3073,2790,55,0.48738118649623074,0.056493705864292296,0.7698744769874477,0.5241344021831826,0.4758655978168173
YCL005W-A,-1,28.518878010479,184,3074,2789,55,0.4872173058013766,0.056476365868631064,0.7698744769874477,0.5243049633293536,0.47569503667064644
YGL180W,-1,28.512596349770188,184,3075,2788,55,0.48705342510652244,0.05645903651426818,0.7698744769874477,0.5244755244755245,0.4755244755244755
YNR057C,-1,28.512246699456977,184,3076,2787,55,0.4868895444116683,0.05644171779141104,0.7698744769874477,0.5246460856216953,0.4753539143783046
YBL013W,-1,28.508525083566184,184,3077,2786,55,0.48672566371681414,0.05642440969027906,0.7698744769874477,0.5248166467678663,0.47518335323213373
YOL135C,-1,28.49986966285624,184,3078,2785,55,0.48656178302196,0.056407112201103615,0.7698744769874477,0.5249872079140372,0.4750127920859628
YNL302C,-1,28.482791183724135,184,3079,2784,55,0.4863979023271059,0.0563898253141281,0.7698744769874477,0.5251577690602081,0.47484223093979194
YAL022C,-1,28.480633468298066,184,3080,2783,55,0.4862340216322517,0.056372549019607844,0.7698744769874477,0.525328330206379,0.474671669793621
YFR037C,-1,28.449145196303533,184,3081,2782,55,0.4860701409373976,0.05635528330781011,0.7698744769874477,0.5254988913525499,0.4745011086474501
YGR212W,-1,28.440184079363423,184,3082,2781,55,0.4859062602425434,0.056338028169014086,0.7698744769874477,0.5256694524987208,0.47433054750127923
YOR381W,-1,28.418523743759614,184,3083,2780,55,0.4857423795476893,0.056320783593510865,0.7698744769874477,0.5258400136448917,0.4741599863551083
YDR158W,-1,28.411248407453307,184,3084,2779,55,0.48557849885283516,0.056303549571603426,0.7698744769874477,0.5260105747910626,0.4739894252089374
YOR115C,-1,28.38668175054876,184,3085,2778,55,0.485414618157981,0.056286326093606606,0.7698744769874477,0.5261811359372335,0.4738188640627665
YLR117C,-1,28.385978235236152,184,3086,2777,55,0.48525073746312686,0.056269113149847096,0.7698744769874477,0.5263516970834043,0.4736483029165956
YDR167W,-1,28.385764030490947,184,3087,2776,55,0.4850868567682727,0.05625191073066341,0.7698744769874477,0.5265222582295753,0.4734777417704247
YGL032C,-1,28.37976851868541,184,3088,2775,55,0.48492297607341855,0.05623471882640587,0.7698744769874477,0.5266928193757462,0.4733071806242538
YCR017C,-1,28.372147011718475,184,3089,2774,55,0.48475909537856443,0.056217537427436605,0.7698744769874477,0.5268633805219171,0.4731366194780829
YIL061C,-1,28.369540824002087,184,3090,2773,55,0.48459521468371025,0.056200366524129505,0.7698744769874477,0.527033941668088,0.47296605833191196
YPR088C,-1,28.35137717265511,184,3091,2772,55,0.4844313339888561,0.05618320610687023,0.7698744769874477,0.5272045028142589,0.4727954971857411
YBL019W,-1,28.346798591643527,184,3092,2771,55,0.48426745329400195,0.05616605616605617,0.7698744769874477,0.5273750639604298,0.4726249360395702
YNL298W,-1,28.338479282138977,184,3093,2770,55,0.4841035725991478,0.05614891669209643,0.7698744769874477,0.5275456251066007,0.4724543748933993
YDR009W,-1,28.33091153533301,184,3094,2769,55,0.4839396919042937,0.05613178767541183,0.7698744769874477,0.5277161862527716,0.4722838137472284
YJR129C,-1,28.322523084276213,184,3095,2768,55,0.4837758112094395,0.05611466910643489,0.7698744769874477,0.5278867473989425,0.47211325260105746
YML112W,-1,28.316814593369315,184,3096,2767,55,0.4836119305145854,0.05609756097560976,0.7698744769874477,0.5280573085451135,0.4719426914548866
YHR102W,-1,28.31173446639152,184,3097,2766,55,0.4834480498197312,0.05608046327339226,0.7698744769874477,0.5282278696912843,0.4717721303087157
YOR274W,-1,28.289316864811255,184,3098,2765,55,0.4832841691248771,0.056063375990249846,0.7698744769874477,0.5283984308374552,0.47160156916254475
YGR179C,-1,28.262480645514742,184,3099,2764,55,0.48312028843002297,0.05604629911666159,0.7698744769874477,0.5285689919836262,0.4714310080163739
YNL125C,-1,28.25642960905492,184,3100,2763,55,0.4829564077351688,0.05602923264311815,0.7698744769874477,0.528739553129797,0.47126044687020296
YIR023W,-1,28.255603877946605,184,3101,2762,55,0.48279252704031467,0.056012176560121765,0.7698744769874477,0.5289101142759679,0.47108988572403204
YKL086W,-1,28.254012247162404,184,3102,2761,55,0.4826286463454605,0.05599513085818624,0.7698744769874477,0.5290806754221389,0.4709193245778612
YOR160W,-1,28.248682247567473,184,3103,2760,55,0.48246476565060636,0.05597809552783693,0.7698744769874477,0.5292512365683097,0.47074876343169025
YOR390W,-1,28.23667320808454,184,3104,2759,55,0.4823008849557522,0.05596107055961071,0.7698744769874477,0.5294217977144806,0.47057820228551933
YKR019C,-1,28.229391909720917,184,3105,2758,55,0.48213700426089806,0.055944055944055944,0.7698744769874477,0.5295923588606516,0.47040764113934846
YBR214W,-1,28.19029973575556,184,3106,2757,55,0.48197312356604394,0.05592705167173252,0.7698744769874477,0.5297629200068225,0.47023707999317754
YKR035W-A,-1,28.172035755849517,184,3107,2756,55,0.48180924287118976,0.05591005773321179,0.7698744769874477,0.5299334811529933,0.4700665188470067
YNL327W,-1,28.1474690417956,184,3108,2755,55,0.48164536217633563,0.05589307411907655,0.7698744769874477,0.5301040422991643,0.46989595770083575
YJL171C,-1,28.13807056297037,184,3109,2754,55,0.48148148148148145,0.055876100819921046,0.7698744769874477,0.5302746034453352,0.46972539655466483
YCL029C,-1,28.12821115407298,184,3110,2753,55,0.48131760078662733,0.05585913782635094,0.7698744769874477,0.530445164591506,0.46955483540849396
YHR111W,1,28.125207056783747,185,3110,2753,54,0.48148148148148145,0.05614567526555387,0.7740585774058577,0.530445164591506,0.46955483540849396
YPL119C,-1,28.10029506726128,185,3111,2752,54,0.48131760078662733,0.05612864077669903,0.7740585774058577,0.5306157257376769,0.46938427426232304
YOR307C,-1,28.089585710784068,185,3112,2751,54,0.4811537200917732,0.056111616621170764,0.7740585774058577,0.5307862868838479,0.4692137131161521
YOR396W,-1,28.086448494315846,185,3113,2750,54,0.48098983939691903,0.05609460278956944,0.7740585774058577,0.5309568480300187,0.46904315196998125
YBR301W,-1,28.08639942113892,185,3114,2749,54,0.4808259587020649,0.05607759927250682,0.7740585774058577,0.5311274091761896,0.46887259082381033
YIR029W,-1,28.08443310123779,185,3115,2748,54,0.4806620780072107,0.05606060606060606,0.7740585774058577,0.5312979703223606,0.4687020296776394
YNL029C,-1,28.07770319602966,185,3116,2747,54,0.4804981973123566,0.05604362314450167,0.7740585774058577,0.5314685314685315,0.46853146853146854
YBR070C,-1,28.073282102862013,185,3117,2746,54,0.4803343166175025,0.05602665051483949,0.7740585774058577,0.5316390926147023,0.4683609073852976
YBR267W,-1,28.06094688903643,185,3118,2745,54,0.4801704359226483,0.056009688162276715,0.7740585774058577,0.5318096537608733,0.46819034623912675
YHR029C,-1,28.050767070298985,185,3119,2744,54,0.4800065552277942,0.05599273607748184,0.7740585774058577,0.5319802149070442,0.46801978509295583
YAR071W,-1,28.042037359122173,185,3120,2743,54,0.47984267453294,0.05597579425113464,0.7740585774058577,0.532150776053215,0.4678492239467849
YER164W,-1,28.041213411614635,185,3121,2742,54,0.47967879383808587,0.0559588626739262,0.7740585774058577,0.532321337199386,0.46767866280061404
YGR208W,-1,28.03449376919911,185,3122,2741,54,0.47951491314323175,0.05594194133655882,0.7740585774058577,0.5324918983455569,0.4675081016544431
YJL140W,-1,28.029527844061775,185,3123,2740,54,0.47935103244837757,0.05592503022974607,0.7740585774058577,0.5326624594917277,0.4673375405082722
YDR137W,-1,28.0149396297328,185,3124,2739,54,0.47918715175352344,0.055908129344212756,0.7740585774058577,0.5328330206378987,0.46716697936210133
YDR144C,-1,28.003631050243694,185,3125,2738,54,0.47902327105866926,0.055891238670694864,0.7740585774058577,0.5330035817840696,0.4669964182159304
YDR216W,-1,27.98278581496412,185,3126,2737,54,0.47885939036381514,0.0558743581999396,0.7740585774058577,0.5331741429302405,0.4668258570697595
YPL003W,1,27.971838041872772,186,3126,2737,53,0.47902327105866926,0.05615942028985507,0.7782426778242678,0.5331741429302405,0.4668258570697595
YAR066W,-1,27.970342142040863,186,3127,2736,53,0.47885939036381514,0.05614246906127377,0.7782426778242678,0.5333447040764114,0.4666552959235886
YDR292C,-1,27.96769649792954,186,3128,2735,53,0.478695509668961,0.05612552806276403,0.7782426778242678,0.5335152652225823,0.4664847347774177
YNL325C,-1,27.953295681011742,186,3129,2734,53,0.47853162897410684,0.056108597285067875,0.7782426778242678,0.5336858263687532,0.4663141736312468
YGL201C,-1,27.951450701732938,186,3130,2733,53,0.4783677482792527,0.05609167671893848,0.7782426778242678,0.5338563875149241,0.4661436124850759
YPL244C,-1,27.936092308158013,186,3131,2732,53,0.47820386758439853,0.056074766355140186,0.7782426778242678,0.534026948661095,0.465973051338905
YCR063W,-1,27.92976482145138,186,3132,2731,53,0.4780399868895444,0.05605786618444846,0.7782426778242678,0.5341975098072659,0.4658024901927341
YEL063C,-1,27.918019110832116,186,3133,2730,53,0.4778761061946903,0.056040976197649896,0.7782426778242678,0.5343680709534369,0.4656319290465632
YDR170C,-1,27.911464906023863,186,3134,2729,53,0.4777122254998361,0.05602409638554217,0.7782426778242678,0.5345386320996077,0.4654613679003923
YKL205W,-1,27.89997821751962,186,3135,2728,53,0.477548344804982,0.05600722673893405,0.7782426778242678,0.5347091932457786,0.4652908067542214
YDL130W-A,-1,27.8962955278109,186,3136,2727,53,0.4773844641101278,0.055990367248645395,0.7782426778242678,0.5348797543919496,0.4651202456080505
YHR077C,-1,27.895860692231636,186,3137,2726,53,0.4772205834152737,0.05597351790550707,0.7782426778242678,0.5350503155381204,0.46494968446187956
YNL103W,-1,27.87059750046805,186,3138,2725,53,0.47705670272041956,0.05595667870036101,0.7782426778242678,0.5352208766842913,0.4647791233157087
YJL210W,-1,27.869800469636093,186,3139,2724,53,0.4768928220255654,0.05593984962406015,0.7782426778242678,0.5353914378304622,0.4646085621695378
YNL334C,-1,27.865954028812556,186,3140,2723,53,0.47672894133071125,0.05592303066746843,0.7782426778242678,0.5355619989766331,0.46443800102336685
YOL082W,1,27.865469702566767,187,3140,2723,52,0.4768928220255654,0.05620679290652239,0.7824267782426778,0.5355619989766331,0.46443800102336685
YBR291C,-1,27.857459633411437,187,3141,2722,52,0.47672894133071125,0.05618990384615385,0.7824267782426778,0.535732560122804,0.464267439877196
YPL096C-A,-1,27.848122379898257,187,3142,2721,52,0.4765650606358571,0.056173024932412136,0.7824267782426778,0.5359031212689749,0.46409687873102506
YDL211C,-1,27.837689804449152,187,3143,2720,52,0.47640117994100295,0.056156156156156156,0.7824267782426778,0.5360736824151459,0.4639263175848542
YGL254W,-1,27.823247776745568,187,3144,2719,52,0.4762372992461488,0.05613929750825578,0.7824267782426778,0.5362442435613167,0.4637557564386833
YCR081W,-1,27.82169009838439,187,3145,2718,52,0.47607341855129465,0.05612244897959184,0.7824267782426778,0.5364148047074876,0.46358519529251235
YMR313C,-1,27.81532941175763,187,3146,2717,52,0.4759095378564405,0.056105610561056105,0.7824267782426778,0.5365853658536586,0.4634146341463415
YER019W,-1,27.814479223341547,187,3147,2716,52,0.47574565716158634,0.05608878224355129,0.7824267782426778,0.5367559269998294,0.46324407300017056
YBL061C,-1,27.808505433286143,187,3148,2715,52,0.4755817764667322,0.056071964017991006,0.7824267782426778,0.5369264881460003,0.46307351185399964
YDR536W,-1,27.77310837886673,187,3149,2714,52,0.4754178957718781,0.05605515587529976,0.7824267782426778,0.5370970492921713,0.4629029507078288
YNL223W,1,27.77095591431451,188,3149,2714,51,0.4755817764667322,0.056338028169014086,0.7866108786610879,0.5370970492921713,0.4629029507078288
YER105C,-1,27.76900170662381,188,3150,2713,51,0.4754178957718781,0.05632115038945476,0.7866108786610879,0.5372676104383421,0.46273238956165785
YOL121C,-1,27.75978489720172,188,3151,2712,51,0.4752540150770239,0.05630428271937706,0.7866108786610879,0.537438171584513,0.46256182841548693
YFR055W,-1,27.742306996269313,188,3152,2711,51,0.4750901343821698,0.0562874251497006,0.7866108786610879,0.537608732730684,0.46239126726931606
YLR183C,-1,27.73997714340714,188,3153,2710,51,0.4749262536873156,0.05627057767135588,0.7866108786610879,0.5377792938768549,0.46222070612314514
YAR028W,-1,27.7387651376157,188,3154,2709,51,0.4747623729924615,0.056253740275284264,0.7866108786610879,0.5379498550230257,0.4620501449769742
YJR016C,-1,27.723493611265276,188,3155,2708,51,0.47459849229760737,0.05623691295243793,0.7866108786610879,0.5381204161691967,0.46187958383080335
YAL047C,-1,27.711590596242623,188,3156,2707,51,0.4744346116027532,0.056220095693779906,0.7866108786610879,0.5382909773153676,0.46170902268463243
YNL204C,-1,27.698472668160555,188,3157,2706,51,0.47427073090789906,0.056203288490284005,0.7866108786610879,0.5384615384615384,0.46153846153846156
YDR078C,-1,27.69760062850986,188,3158,2705,51,0.4741068502130449,0.056186491332934844,0.7866108786610879,0.5386320996077094,0.46136790039229064
YFR011C,-1,27.67012940676318,188,3159,2704,51,0.47394296951819076,0.056169704212727815,0.7866108786610879,0.5388026607538803,0.4611973392461197
YDR362C,-1,27.65784296378798,188,3160,2703,51,0.47377908882333664,0.056152927120669056,0.7866108786610879,0.5389732219000511,0.46102677809994885
YEL048C,-1,27.60170304829444,188,3161,2702,51,0.47361520812848246,0.056136160047775455,0.7866108786610879,0.5391437830462221,0.46085621695377793
YJL133W,-1,27.58720968757404,188,3162,2701,51,0.47345132743362833,0.056119402985074625,0.7866108786610879,0.539314344192393,0.460685655807607
YGL091C,-1,27.582973191497068,188,3163,2700,51,0.47328744673877415,0.056102655923604895,0.7866108786610879,0.5394849053385639,0.46051509466143614
YGL261C,-1,27.5438609997841,188,3164,2699,51,0.47312356604392003,0.05608591885441527,0.7866108786610879,0.5396554664847347,0.4603445335152652
YJR112W,-1,27.54077013990457,188,3165,2698,51,0.4729596853490659,0.056069191768565466,0.7866108786610879,0.5398260276309057,0.4601739723690943
YDR409W,1,27.518459506960056,189,3165,2698,50,0.47312356604392003,0.05635062611806798,0.7907949790794979,0.5398260276309057,0.4601739723690943
YDL121C,-1,27.514888948526277,189,3166,2697,50,0.4729596853490659,0.05633383010432191,0.7907949790794979,0.5399965887770766,0.46000341122292343
YKR034W,-1,27.512898003961098,189,3167,2696,50,0.4727958046542117,0.05631704410011919,0.7907949790794979,0.5401671499232474,0.4598328500767525
YGL246C,-1,27.505373863101553,189,3168,2695,50,0.4726319239593576,0.05630026809651475,0.7907949790794979,0.5403377110694184,0.4596622889305816
YHR156C,-1,27.503713701650447,189,3169,2694,50,0.4724680432645034,0.05628350208457415,0.7907949790794979,0.5405082722155893,0.4594917277844107
YPL228W,-1,27.489670168156294,189,3170,2693,50,0.4723041625696493,0.05626674605537362,0.7907949790794979,0.5406788333617601,0.4593211666382398
YKL161C,-1,27.46522144835108,189,3171,2692,50,0.4721402818747952,0.05625,0.7907949790794979,0.5408493945079311,0.45915060549206893
YDR329C,-1,27.463155150313387,189,3172,2691,50,0.471976401179941,0.05623326390955073,0.7907949790794979,0.541019955654102,0.458980044345898
YBR126W-A,-1,27.462779241941462,189,3173,2690,50,0.4718125204850869,0.05621653777513385,0.7907949790794979,0.5411905168002729,0.4588094831997271
YNL040W,-1,27.441563761067812,189,3174,2689,50,0.4716486397902327,0.056199821587867974,0.7907949790794979,0.5413610779464438,0.4586389220535562
YBR230C,-1,27.44136891614483,189,3175,2688,50,0.47148475909537857,0.05618311533888228,0.7907949790794979,0.5415316390926147,0.4584683609073853
YHR021W-A,-1,27.435206366380598,189,3176,2687,50,0.47132087840052445,0.056166419019316495,0.7907949790794979,0.5417022002387856,0.4582977997612144
YOR236W,-1,27.42711209755576,189,3177,2686,50,0.47115699770567027,0.05614973262032086,0.7907949790794979,0.5418727613849565,0.4581272386150435
YLR154C,-1,27.395203150867353,189,3178,2685,50,0.47099311701081614,0.056133056133056136,0.7907949790794979,0.5420433225311274,0.4579566774688726
YOR356W,-1,27.39344115768472,189,3179,2684,50,0.47082923631596196,0.056116389548693586,0.7907949790794979,0.5422138836772983,0.45778611632270166
YOL090W,-1,27.392015678650473,189,3180,2683,50,0.47066535562110784,0.05609973285841496,0.7907949790794979,0.5423844448234693,0.4576155551765308
YGL220W,-1,27.372253580433217,189,3181,2682,50,0.47050147492625366,0.056083086053412466,0.7907949790794979,0.5425550059696401,0.4574449940303599
YER056C-A,-1,27.35694851735942,189,3182,2681,50,0.47033759423139954,0.056066449124888756,0.7907949790794979,0.542725567115811,0.457274432884189
YGL130W,-1,27.355416891891245,189,3183,2680,50,0.4701737135365454,0.05604982206405694,0.7907949790794979,0.542896128261982,0.4571038717380181
YDR204W,-1,27.353365082407237,189,3184,2679,50,0.47000983284169123,0.05603320486214053,0.7907949790794979,0.5430666894081528,0.45693331059184716
YHR141C,-1,27.34053970741595,189,3185,2678,50,0.4698459521468371,0.056016597510373446,0.7907949790794979,0.5432372505543237,0.4567627494456763
YER015W,-1,27.335915126456573,189,3186,2677,50,0.46968207145198293,0.056,0.7907949790794979,0.5434078117004947,0.4565921882995054
YJL013C,-1,27.329658849167366,189,3187,2676,50,0.4695181907571288,0.055983412322274884,0.7907949790794979,0.5435783728466655,0.45642162715333445
YKL093W,-1,27.325791310415816,189,3188,2675,50,0.4693543100622747,0.055966834468463136,0.7907949790794979,0.5437489339928364,0.4562510660071636
YCR035C,-1,27.321847161918846,189,3189,2674,50,0.4691904293674205,0.05595026642984014,0.7907949790794979,0.5439194951390073,0.45608050486099266
YMR067C,1,27.317646195980178,190,3189,2674,49,0.4693543100622747,0.05622965374371116,0.7949790794979079,0.5439194951390073,0.45608050486099266
YIL097W,1,27.31740002025853,191,3189,2674,48,0.4695181907571288,0.05650887573964497,0.799163179916318,0.5439194951390073,0.45608050486099266
YMR232W,-1,27.312544648657187,191,3190,2673,48,0.4693543100622747,0.05649216208222419,0.799163179916318,0.5440900562851783,0.45590994371482174
YGR214W,-1,27.30007462055846,191,3191,2672,48,0.4691904293674205,0.056475458308693084,0.799163179916318,0.5442606174313491,0.4557393825686509
YLL025W,-1,27.295197524571716,191,3192,2671,48,0.4690265486725664,0.05645876441028673,0.799163179916318,0.54443117857752,0.45556882142247995
YOR168W,-1,27.278676495255265,191,3193,2670,48,0.4688626679777122,0.05644208037825059,0.799163179916318,0.544601739723691,0.45539826027630903
YPR026W,-1,27.252160030347685,191,3194,2669,48,0.4686987872828581,0.05642540620384047,0.799163179916318,0.5447723008698618,0.45522769913013816
YIL159W,-1,27.240127852345317,191,3195,2668,48,0.46853490658800395,0.0564087418783225,0.799163179916318,0.5449428620160327,0.45505713798396724
YOL068C,-1,27.227603195781963,191,3196,2667,48,0.4683710258931498,0.056392087392973134,0.799163179916318,0.5451134231622037,0.4548865768377964
YIR030C,-1,27.22596836093991,191,3197,2666,48,0.46820714519829565,0.0563754427390791,0.799163179916318,0.5452839843083745,0.45471601569162545
YPL204W,-1,27.2248347237442,191,3198,2665,48,0.46804326450344147,0.056358807907937444,0.799163179916318,0.5454545454545454,0.45454545454545453
YDR279W,-1,27.220231079872324,191,3199,2664,48,0.46787938380858735,0.056342182890855456,0.799163179916318,0.5456251066007164,0.45437489339928366
YPL149W,-1,27.207828219682632,191,3200,2663,48,0.4677155031137332,0.056325567679150694,0.799163179916318,0.5457956677468873,0.45420433225311274
YKL037W,-1,27.199978104672482,191,3201,2662,48,0.46755162241887904,0.05630896226415094,0.799163179916318,0.5459662288930581,0.4540337711069418
YJR119C,-1,27.199726671428703,191,3202,2661,48,0.4673877417240249,0.056292366637194224,0.799163179916318,0.5461367900392291,0.45386320996077095
YLL018C-A,-1,27.17638378228831,191,3203,2660,48,0.46722386102917074,0.056275780789628756,0.799163179916318,0.5463073511854,0.45369264881460003
YKL004W,-1,27.17407983536675,191,3204,2659,48,0.4670599803343166,0.05625920471281296,0.799163179916318,0.5464779123315708,0.4535220876684291
YCL033C,-1,27.16809217595672,191,3205,2658,48,0.4668960996394625,0.05624263839811543,0.799163179916318,0.5466484734777418,0.45335152652225824
YKL008C,-1,27.16199212939027,191,3206,2657,48,0.4667322189446083,0.05622608183691492,0.799163179916318,0.5468190346239127,0.4531809653760873
YLR135W,-1,27.160037591815318,191,3207,2656,48,0.4665683382497542,0.05620953502060035,0.799163179916318,0.5469895957700835,0.45301040422991645
YGR023W,-1,27.154614159768943,191,3208,2655,48,0.4664044575549,0.056192997940570755,0.799163179916318,0.5471601569162545,0.45283984308374553
YDR453C,-1,27.15059651626315,191,3209,2654,48,0.4662405768600459,0.05617647058823529,0.799163179916318,0.5473307180624254,0.4526692819375746
YNR011C,-1,27.130045403937878,191,3210,2653,48,0.46607669616519176,0.056159952955013234,0.799163179916318,0.5475012792085963,0.45249872079140374
YOR255W,-1,27.124466718163596,191,3211,2652,48,0.4659128154703376,0.05614344503233392,0.799163179916318,0.5476718403547672,0.4523281596452328
YOL070C,-1,27.105706100336622,191,3212,2651,48,0.46574893477548346,0.05612694681163679,0.799163179916318,0.5478424015009381,0.4521575984990619
YOR057W,1,27.08635928090056,192,3212,2651,47,0.4659128154703376,0.0564042303172738,0.803347280334728,0.5478424015009381,0.4521575984990619
YOR209C,-1,27.068330565532207,192,3213,2650,47,0.46574893477548346,0.05638766519823789,0.803347280334728,0.548012962647109,0.45198703735289103
YDR287W,-1,27.042624081745302,192,3214,2649,47,0.4655850540806293,0.05637110980622431,0.803347280334728,0.5481835237932798,0.4518164762067201
YDR460W,-1,27.035896361219734,192,3215,2648,47,0.46542117338577516,0.05635456413266804,0.803347280334728,0.5483540849394508,0.4516459150605492
YOR339C,1,27.032597709567252,193,3215,2648,46,0.4655850540806293,0.05663145539906103,0.8075313807531381,0.5483540849394508,0.4516459150605492
YAL002W,-1,27.013401899322513,193,3216,2647,46,0.46542117338577516,0.056614843062481664,0.8075313807531381,0.5485246460856217,0.4514753539143783
YKL092C,-1,27.002355583888022,193,3217,2646,46,0.46525729269092103,0.05659824046920821,0.8075313807531381,0.5486952072317925,0.4513047927682074
YLR070C,-1,26.98990151537722,193,3218,2645,46,0.46509341199606685,0.05658164761067136,0.8075313807531381,0.5488657683779635,0.4511342316220365
YBR076W,-1,26.978680564794303,193,3219,2644,46,0.46492953130121273,0.05656506447831184,0.8075313807531381,0.5490363295241344,0.4509636704758656
YGL216W,-1,26.951504351244353,193,3220,2643,46,0.46476565060635855,0.056548491063580425,0.8075313807531381,0.5492068906703053,0.4507931093296947
YIL122W,-1,26.943675776206277,193,3221,2642,46,0.4646017699115044,0.056531927357937904,0.8075313807531381,0.5493774518164762,0.4506225481835238
YER159C,-1,26.93991649558106,193,3222,2641,46,0.4644378892166503,0.05651537335285505,0.8075313807531381,0.5495480129626471,0.4504519870373529
YGL240W,1,26.906121469880834,194,3222,2641,45,0.4646017699115044,0.056791569086651054,0.8117154811715481,0.5495480129626471,0.4504519870373529
YML070W,-1,26.89328003888174,194,3223,2640,45,0.4644378892166503,0.05677494878548434,0.8117154811715481,0.549718574108818,0.450281425891182
YAL014C,-1,26.87535901440905,194,3224,2639,45,0.4642740085217961,0.05675833820947923,0.8117154811715481,0.549889135254989,0.4501108647450111
YDR210W,-1,26.874313557032792,194,3225,2638,45,0.464110127826942,0.05674173735010237,0.8117154811715481,0.5500596964011598,0.4499403035988402
YLR410W,-1,26.85903094867562,194,3226,2637,45,0.4639462471320878,0.05672514619883041,0.8117154811715481,0.5502302575473307,0.44976974245266926
YOR154W,-1,26.83701906858292,194,3227,2636,45,0.4637823664372337,0.056708564747149956,0.8117154811715481,0.5504008186935017,0.4495991813064984
YCL034W,-1,26.833988615513427,194,3228,2635,45,0.46361848574237957,0.05669199298655757,0.8117154811715481,0.5505713798396725,0.4494286201603275
YAL015C,-1,26.831157105004166,194,3229,2634,45,0.4634546050475254,0.05667543090855974,0.8117154811715481,0.5507419409858434,0.44925805901415655
YNL076W,-1,26.829896875404643,194,3230,2633,45,0.46329072435267127,0.0566588785046729,0.8117154811715481,0.5509125021320144,0.4490874978679857
YPR062W,-1,26.825281682671047,194,3231,2632,45,0.4631268436578171,0.05664233576642336,0.8117154811715481,0.5510830632781852,0.44891693672181476
YOL052C-A,-1,26.814243614519018,194,3232,2631,45,0.46296296296296297,0.056625802685347344,0.8117154811715481,0.5512536244243561,0.44874637557564384
YLR132C,-1,26.799330560214003,194,3233,2630,45,0.46279908226810884,0.05660927925299095,0.8117154811715481,0.5514241855705271,0.448575814429473
YKR103W,-1,26.796038293484965,194,3234,2629,45,0.46263520157325466,0.056592765460910154,0.8117154811715481,0.551594746716698,0.44840525328330205
YNL036W,-1,26.778144510101058,194,3235,2628,45,0.46247132087840054,0.05657626130067075,0.8117154811715481,0.5517653078628688,0.4482346921371312
YKR075C,-1,26.768651853042797,194,3236,2627,45,0.46230744018354636,0.0565597667638484,0.8117154811715481,0.5519358690090398,0.44806413099096026
YFR012W,-1,26.75039503242806,194,3237,2626,45,0.46214355948869223,0.056543281842028566,0.8117154811715481,0.5521064301552107,0.44789356984478934
YDR252W,-1,26.744924836661,194,3238,2625,45,0.4619796787938381,0.05652680652680653,0.8117154811715481,0.5522769913013815,0.4477230086986185
YIR010W,-1,26.74405758835715,194,3239,2624,45,0.46181579809898393,0.05651034080978736,0.8117154811715481,0.5524475524475524,0.44755244755244755
YML054C,-1,26.724973869740086,194,3240,2623,45,0.4616519174041298,0.056493884682585906,0.8117154811715481,0.5526181135937234,0.44738188640627663
YOL125W,-1,26.681794027777833,194,3241,2622,45,0.46148803670927563,0.056477438136826784,0.8117154811715481,0.5527886747398942,0.44721132526010576
YNL056W,-1,26.677573482812058,194,3242,2621,45,0.4613241560144215,0.056461001164144355,0.8117154811715481,0.5529592358860651,0.44704076411393484
YLR096W,-1,26.65793414339602,194,3243,2620,45,0.4611602753195674,0.05644457375618272,0.8117154811715481,0.5531297970322361,0.4468702029677639
YNL201C,-1,26.65116994205067,194,3244,2619,45,0.4609963946247132,0.0564281559045957,0.8117154811715481,0.553300358178407,0.44669964182159305
YNR065C,-1,26.651016225917033,194,3245,2618,45,0.4608325139298591,0.056411747601046815,0.8117154811715481,0.5534709193245778,0.44652908067542213
YJL060W,-1,26.632709600791966,194,3246,2617,45,0.4606686332350049,0.0563953488372093,0.8117154811715481,0.5536414804707488,0.44635851952925126
YCL004W,-1,26.62859964370044,194,3247,2616,45,0.4605047525401508,0.056378959604766056,0.8117154811715481,0.5538120416169197,0.44618795838308034
YBR155W,-1,26.622414527584375,194,3248,2615,45,0.46034087184529665,0.056362579895409645,0.8117154811715481,0.5539826027630905,0.4460173972369094
YDR397C,-1,26.618328214361757,194,3249,2614,45,0.46017699115044247,0.05634620970084229,0.8117154811715481,0.5541531639092615,0.44584683609073855
YCL069W,-1,26.610870212375314,194,3250,2613,45,0.46001311045558835,0.056329849012775844,0.8117154811715481,0.5543237250554324,0.44567627494456763
YGL203C,-1,26.60864748170431,194,3251,2612,45,0.45984922976073417,0.05631349782293178,0.8117154811715481,0.5544942862016032,0.4455057137983967
YKL217W,-1,26.57610696170867,194,3252,2611,45,0.45968534906588004,0.05629715612304121,0.8117154811715481,0.5546648473477742,0.44533515265222584
YMR076C,-1,26.565988500525417,194,3253,2610,45,0.4595214683710259,0.05628082390484479,0.8117154811715481,0.5548354084939451,0.4451645915060549
YIL048W,-1,26.543064106869213,194,3254,2609,45,0.45935758767617174,0.05626450116009281,0.8117154811715481,0.555005969640116,0.444994030359884
YDR305C,-1,26.5323350710474,194,3255,2608,45,0.4591937069813176,0.056248187880545086,0.8117154811715481,0.5551765307862869,0.44482346921371313
YOR099W,-1,26.52391398455516,194,3256,2607,45,0.45902982628646344,0.05623188405797101,0.8117154811715481,0.5553470919324578,0.4446529080675422
YGR178C,-1,26.519080870457127,194,3257,2606,45,0.4588659455916093,0.056215589684149525,0.8117154811715481,0.5555176530786287,0.4444823469213713
YCL024W,-1,26.507006549103775,194,3258,2605,45,0.45870206489675514,0.05619930475086906,0.8117154811715481,0.5556882142247996,0.4443117857752004
YGL263W,-1,26.506539844001555,194,3259,2604,45,0.458538184201901,0.0561830292499276,0.8117154811715481,0.5558587753709705,0.4441412246290295
YHR114W,-1,26.49934269424824,194,3260,2603,45,0.4583743035070469,0.0561667631731326,0.8117154811715481,0.5560293365171414,0.44397066348285863
YOL110W,-1,26.495628685662663,194,3261,2602,45,0.4582104228121927,0.05615050651230101,0.8117154811715481,0.5561998976633123,0.4438001023366877
YFL035C-B,-1,26.484959434784287,194,3262,2601,45,0.4580465421173386,0.05613425925925926,0.8117154811715481,0.5563704588094832,0.4436295411905168
YNL196C,-1,26.48136694648555,194,3263,2600,45,0.4578826614224844,0.05611802140584322,0.8117154811715481,0.5565410199556541,0.4434589800443459
YHR204W,1,26.479924152298217,195,3263,2600,44,0.4580465421173386,0.05639097744360902,0.8158995815899581,0.5565410199556541,0.4434589800443459
YMR226C,-1,26.467639615311782,195,3264,2599,44,0.4578826614224844,0.05637467476149176,0.8158995815899581,0.5567115811018251,0.443288418898175
YIR034C,-1,26.464331332834114,195,3265,2598,44,0.4577187807276303,0.05635838150289017,0.8158995815899581,0.5568821422479959,0.4431178577520041
YOR256C,1,26.443422969209312,196,3265,2598,43,0.4578826614224844,0.056631031493787926,0.8200836820083682,0.5568821422479959,0.4431178577520041
YLR308W,-1,26.43502526730785,196,3266,2597,43,0.4577187807276303,0.05661467359907568,0.8200836820083682,0.5570527033941668,0.4429472966058332
YLR042C,-1,26.433410134882422,196,3267,2596,43,0.45755490003277616,0.05659832515160266,0.8200836820083682,0.5572232645403377,0.4427767354596623
YNL147W,-1,26.419036578106986,196,3268,2595,43,0.457391019337922,0.05658198614318707,0.8200836820083682,0.5573938256865086,0.44260617431349136
YER175C,-1,26.417946900262834,196,3269,2594,43,0.45722713864306785,0.05656565656565657,0.8200836820083682,0.5575643868326795,0.4424356131673205
YBR281C,-1,26.40284714997934,196,3270,2593,43,0.4570632579482137,0.05654933641084824,0.8200836820083682,0.5577349479788504,0.4422650520211496
YBR289W,-1,26.387153145773123,196,3271,2592,43,0.45689937725335955,0.0565330256706086,0.8200836820083682,0.5579055091250213,0.4420944908749787
YDR093W,-1,26.386603464823818,196,3272,2591,43,0.4567354965585054,0.05651672433679354,0.8200836820083682,0.5580760702711922,0.4419239297288078
YLR305C,-1,26.37840322056285,196,3273,2590,43,0.45657161586365125,0.056500432401268376,0.8200836820083682,0.5582466314173631,0.44175336858263686
YDL241W,-1,26.370061999503378,196,3274,2589,43,0.4564077351687971,0.05648414985590778,0.8200836820083682,0.5584171925635341,0.441582807436466
YDL246C,-1,26.36429674043984,196,3275,2588,43,0.45624385447394294,0.05646787669259579,0.8200836820083682,0.5585877537097049,0.4414122462902951
YPR105C,-1,26.36296604793112,196,3276,2587,43,0.4560799737790888,0.056451612903225805,0.8200836820083682,0.5587583148558758,0.44124168514412415
YBR297W,-1,26.362042019478427,196,3277,2586,43,0.4559160930842347,0.05643535847970055,0.8200836820083682,0.5589288760020468,0.4410711239979533
YLR072W,-1,26.357469702230443,196,3278,2585,43,0.4557522123893805,0.05641911341393207,0.8200836820083682,0.5590994371482176,0.44090056285178236
YIL002C,-1,26.350409869637417,196,3279,2584,43,0.4555883316945264,0.056402877697841726,0.8200836820083682,0.5592699982943885,0.44073000170561144
YGR068C,-1,26.33427593070212,196,3280,2583,43,0.4554244509996722,0.05638665132336018,0.8200836820083682,0.5594405594405595,0.4405594405594406
YPR003C,-1,26.328638059650416,196,3281,2582,43,0.4552605703048181,0.05637043428242738,0.8200836820083682,0.5596111205867303,0.44038887941326965
YLL019C,-1,26.32499639405759,196,3282,2581,43,0.45509668960996397,0.05635422656699252,0.8200836820083682,0.5597816817329012,0.44021831826709873
YMR322C,-1,26.307680436036176,196,3283,2580,43,0.4549328089151098,0.056338028169014086,0.8200836820083682,0.5599522428790722,0.44004775712092786
YPL152W,-1,26.289314806784574,196,3284,2579,43,0.45476892822025566,0.05632183908045977,0.8200836820083682,0.5601228040252431,0.43987719597475694
YNR067C,-1,26.278912117421726,196,3285,2578,43,0.4546050475254015,0.05630565929330652,0.8200836820083682,0.5602933651714139,0.4397066348285861
YHR072W,-1,26.25870615256229,196,3286,2577,43,0.45444116683054736,0.056289488799540495,0.8200836820083682,0.5604639263175849,0.43953607368241515
YMR307W,-1,26.242717752783314,196,3287,2576,43,0.45427728613569324,0.05627332759115705,0.8200836820083682,0.5606344874637558,0.43936551253624423
YFR030W,-1,26.2285733913371,196,3288,2575,43,0.45411340544083906,0.05625717566016074,0.8200836820083682,0.5608050486099266,0.43919495139007336
YNL188W,-1,26.202582180160416,196,3289,2574,43,0.45394952474598493,0.05624103299856528,0.8200836820083682,0.5609756097560976,0.43902439024390244
YCR043C,-1,26.201029365259956,196,3290,2573,43,0.45378564405113075,0.05622489959839357,0.8200836820083682,0.5611461709022685,0.4388538290977315
YOL093W,-1,26.19959266263243,196,3291,2572,43,0.45362176335627663,0.05620877545167766,0.8200836820083682,0.5613167320484393,0.43868326795156065
YDR414C,-1,26.191545390834136,196,3292,2571,43,0.4534578826614225,0.05619266055045872,0.8200836820083682,0.5614872931946102,0.43851270680538973
YGL134W,-1,26.18607832708895,196,3293,2570,43,0.4532940019665683,0.05617655488678704,0.8200836820083682,0.5616578543407812,0.4383421456592188
YER184C,-1,26.17617636914838,196,3294,2569,43,0.4531301212717142,0.056160458452722065,0.8200836820083682,0.5618284154869521,0.43817158451304794
YNL293W,-1,26.157426183713703,196,3295,2568,43,0.45296624057686,0.05614437124033228,0.8200836820083682,0.5619989766331229,0.438001023366877
YOL066C,-1,26.143651600137186,196,3296,2567,43,0.4528023598820059,0.056128293241695305,0.8200836820083682,0.5621695377792939,0.4378304622207061
YAL067C,-1,26.126306334049218,196,3297,2566,43,0.4526384791871518,0.056112224448897796,0.8200836820083682,0.5623400989254648,0.43765990107453523
YPL018W,-1,26.103939514254716,196,3298,2565,43,0.4524745984922976,0.05609616485403549,0.8200836820083682,0.5625106600716356,0.4374893399283643
YPR093C,-1,26.09432903398281,196,3299,2564,43,0.4523107177974435,0.05608011444921316,0.8200836820083682,0.5626812212178066,0.43731877878219344
YPL168W,-1,26.088128609248088,196,3300,2563,43,0.4521468371025893,0.05606407322654462,0.8200836820083682,0.5628517823639775,0.4371482176360225
YOR253W,-1,26.07731989125868,196,3301,2562,43,0.45198295640773517,0.0560480411781527,0.8200836820083682,0.5630223435101483,0.4369776564898516
YOL114C,-1,26.020382675805195,196,3302,2561,43,0.45181907571288105,0.05603201829616924,0.8200836820083682,0.5631929046563193,0.43680709534368073
YLR215C,-1,26.007745348281695,196,3303,2560,43,0.45165519501802687,0.05601600457273507,0.8200836820083682,0.5633634658024902,0.4366365341975098
YOR191W,-1,26.00606938426465,196,3304,2559,43,0.45149131432317274,0.056,0.8200836820083682,0.5635340269486611,0.4364659730513389
YLR376C,-1,25.987703889681335,196,3305,2558,43,0.45132743362831856,0.05598400457012282,0.8200836820083682,0.563704588094832,0.436295411905168
YKR082W,-1,25.98380531723237,196,3306,2557,43,0.45116355293346444,0.05596801827527127,0.8200836820083682,0.5638751492410029,0.4361248507589971
YDR402C,-1,25.978689317605262,196,3307,2556,43,0.4509996722386103,0.05595204110762204,0.8200836820083682,0.5640457103871738,0.4359542896128262
YNL227C,-1,25.977083716142726,196,3308,2555,43,0.45083579154375614,0.05593607305936073,0.8200836820083682,0.5642162715333447,0.4357837284666553
YDL130W,-1,25.973873192592556,196,3309,2554,43,0.450671910848902,0.055920114122681885,0.8200836820083682,0.5643868326795156,0.4356131673204844
YOR119C,-1,25.968045345787054,196,3310,2553,43,0.45050803015404783,0.055904164289788935,0.8200836820083682,0.5645573938256865,0.4354426061743135
YML075C,-1,25.96633835724284,196,3311,2552,43,0.4503441494591937,0.05588822355289421,0.8200836820083682,0.5647279549718575,0.4352720450281426
YDL168W,-1,25.937107749049883,196,3312,2551,43,0.4501802687643396,0.055872291904218926,0.8200836820083682,0.5648985161180283,0.4351014838819717
YJR006W,-1,25.930359900402394,196,3313,2550,43,0.4500163880694854,0.05585636933599316,0.8200836820083682,0.5650690772641992,0.4349309227358008
YLR300W,-1,25.92485609229531,196,3314,2549,43,0.4498525073746313,0.05584045584045584,0.8200836820083682,0.5652396384103702,0.4347603615896299
YFR038W,-1,25.914482260908738,196,3315,2548,43,0.4496886266797771,0.05582455140985474,0.8200836820083682,0.565410199556541,0.43458980044345896
YKL212W,-1,25.907526447828534,196,3316,2547,43,0.449524745984923,0.05580865603644647,0.8200836820083682,0.5655807607027119,0.4344192392972881
YJR147W,-1,25.903123938421874,196,3317,2546,43,0.44936086529006886,0.05579276971249644,0.8200836820083682,0.5657513218488828,0.4342486781511172
YJR064W,-1,25.890411086935956,196,3318,2545,43,0.4491969845952147,0.055776892430278883,0.8200836820083682,0.5659218829950537,0.43407811700494625
YIL003W,-1,25.889456064251213,196,3319,2544,43,0.44903310390036055,0.05576102418207681,0.8200836820083682,0.5660924441412246,0.4339075558587754
YFL034C-A,-1,25.86129046305352,196,3320,2543,43,0.4488692232055064,0.055745164960182024,0.8200836820083682,0.5662630052873955,0.43373699471260446
YHR126C,-1,25.842574890984906,196,3321,2542,43,0.44870534251065225,0.05572931475689508,0.8200836820083682,0.5664335664335665,0.43356643356643354
YKL010C,1,25.80832669962943,197,3321,2542,42,0.4488692232055064,0.055997725980670834,0.8242677824267782,0.5664335664335665,0.43356643356643354
YLR007W,-1,25.80221909061376,197,3322,2541,42,0.44870534251065225,0.055981813015061097,0.8242677824267782,0.5666041275797373,0.4333958724202627
YMR263W,-1,25.80101696787436,197,3323,2540,42,0.4485414618157981,0.055965909090909094,0.8242677824267782,0.5667746887259082,0.43322531127409175
YOL112W,-1,25.776534909426054,197,3324,2539,42,0.44837758112094395,0.05595001420051122,0.8242677824267782,0.5669452498720792,0.4330547501279209
YFL016C,1,25.743613403957927,198,3324,2539,41,0.4485414618157981,0.056218057921635436,0.8284518828451883,0.5669452498720792,0.4330547501279209
YGR148C,-1,25.73811820568237,198,3325,2538,41,0.44837758112094395,0.05620210048254329,0.8284518828451883,0.56711581101825,0.43288418898174996
YNL124W,-1,25.735668719151022,198,3326,2537,41,0.4482137004260898,0.05618615209988649,0.8284518828451883,0.5672863721644209,0.43271362783557904
YPR132W,-1,25.73543553407269,198,3327,2536,41,0.44804981973123564,0.05617021276595745,0.8284518828451883,0.5674569333105919,0.4325430666894082
YDR383C,-1,25.72400531056212,198,3328,2535,41,0.4478859390363815,0.05615428247305729,0.8284518828451883,0.5676274944567627,0.43237250554323725
YIL034C,-1,25.72374927694875,198,3329,2534,41,0.4477220583415274,0.05613836121349589,0.8284518828451883,0.5677980556029336,0.43220194439706633
YGL249W,-1,25.7138272613538,198,3330,2533,41,0.4475581776466732,0.05612244897959184,0.8284518828451883,0.5679686167491046,0.43203138325089546
YDR522C,-1,25.704625558731777,198,3331,2532,41,0.4473942969518191,0.05610654576367243,0.8284518828451883,0.5681391778952755,0.43186082210472454
YDR530C,-1,25.69632645801115,198,3332,2531,41,0.4472304162569649,0.056090651558073655,0.8284518828451883,0.5683097390414463,0.4316902609585536
YPL005W,-1,25.69076227036529,198,3333,2530,41,0.4470665355621108,0.056074766355140186,0.8284518828451883,0.5684803001876173,0.43151969981238275
YPL062W,-1,25.686994922594295,198,3334,2529,41,0.4469026548672566,0.05605889014722537,0.8284518828451883,0.5686508613337882,0.43134913866621183
YIL021W,-1,25.67470963985209,198,3335,2528,41,0.4467387741724025,0.056043022926691194,0.8284518828451883,0.568821422479959,0.43117857752004096
YJR046W,-1,25.67223656819533,198,3336,2527,41,0.44657489347754836,0.05602716468590832,0.8284518828451883,0.56899198362613,0.43100801637387004
YPR081C,-1,25.670186899990444,198,3337,2526,41,0.4464110127826942,0.056011315417256013,0.8284518828451883,0.5691625447723009,0.4308374552276991
YNL326C,-1,25.66088782701895,198,3338,2525,41,0.44624713208784006,0.055995475113122174,0.8284518828451883,0.5693331059184717,0.43066689408152825
YGR134W,-1,25.660196884819033,198,3339,2524,41,0.4460832513929859,0.05597964376590331,0.8284518828451883,0.5695036670646427,0.43049633293535733
YDL085W,-1,25.64563967405179,198,3340,2523,41,0.44591937069813176,0.05596382136800452,0.8284518828451883,0.5696742282108136,0.4303257717891864
YIL073C,-1,25.64145117922047,198,3341,2522,41,0.44575549000327763,0.0559480079118395,0.8284518828451883,0.5698447893569845,0.43015521064301554
YLR034C,-1,25.619671487863272,198,3342,2521,41,0.44559160930842345,0.05593220338983051,0.8284518828451883,0.5700153505031553,0.4299846494968446
YHR214W,-1,25.606251532324677,198,3343,2520,41,0.44542772861356933,0.05591640779440836,0.8284518828451883,0.5701859116493263,0.4298140883506737
YOR323C,-1,25.582412210207874,198,3344,2519,41,0.44526384791871515,0.055900621118012424,0.8284518828451883,0.5703564727954972,0.42964352720450283
YGL033W,-1,25.55906837359388,198,3345,2518,41,0.445099967223861,0.0558848433530906,0.8284518828451883,0.570527033941668,0.4294729660583319
YOR178C,-1,25.544304930165463,198,3346,2517,41,0.4449360865290069,0.055869074492099324,0.8284518828451883,0.570697595087839,0.429302404912161
YDL231C,-1,25.536512827724223,198,3347,2516,41,0.4447722058341527,0.05585331452750353,0.8284518828451883,0.5708681562340099,0.4291318437659901
YNL149C,-1,25.53407277419793,198,3348,2515,41,0.4446083251392986,0.05583756345177665,0.8284518828451883,0.5710387173801807,0.4289612826198192
YJR150C,-1,25.521555586472683,198,3349,2514,41,0.4444444444444444,0.05582182125740062,0.8284518828451883,0.5712092785263517,0.42879072147364833
YNL012W,-1,25.51789127650746,198,3350,2513,41,0.4442805637495903,0.05580608793686584,0.8284518828451883,0.5713798396725226,0.4286201603274774
YMR128W,-1,25.493539390241185,198,3351,2512,41,0.44411668305473617,0.055790363482671176,0.8284518828451883,0.5715504008186935,0.4284495991813065
YGL181W,-1,25.48272585924952,198,3352,2511,41,0.443952802359882,0.05577464788732395,0.8284518828451883,0.5717209619648644,0.4282790380351356
YGL061C,-1,25.415976997340213,198,3353,2510,41,0.44378892166502787,0.0557589411433399,0.8284518828451883,0.5718915231110353,0.4281084768889647
YHR013C,-1,25.386522409759543,198,3354,2509,41,0.4436250409701737,0.05574324324324324,0.8284518828451883,0.5720620842572062,0.4279379157427938
YOR270C,-1,25.384467613264153,198,3355,2508,41,0.44346116027531957,0.05572755417956656,0.8284518828451883,0.5722326454033771,0.4277673545966229
YOL071W,-1,25.374912157833453,198,3356,2507,41,0.44329727958046544,0.05571187394485087,0.8284518828451883,0.572403206549548,0.427596793450452
YLR180W,-1,25.3649103538572,198,3357,2506,41,0.44313339888561126,0.05569620253164557,0.8284518828451883,0.5725737676957189,0.42742623230428106
YML036W,-1,25.348531253122204,198,3358,2505,41,0.44296951819075714,0.05568053993250844,0.8284518828451883,0.5727443288418899,0.4272556711581102
YNR070W,-1,25.339126352146053,198,3359,2504,41,0.44280563749590296,0.05566488614000562,0.8284518828451883,0.5729148899880607,0.4270851100119393
YCL027W,-1,25.3335221196089,198,3360,2503,41,0.44264175680104884,0.05564924114671164,0.8284518828451883,0.5730854511342316,0.42691454886576835
YJR097W,-1,25.330503962282435,198,3361,2502,41,0.4424778761061947,0.05563360494520933,0.8284518828451883,0.5732560122804026,0.4267439877195975
YNL106C,-1,25.327718921753284,198,3362,2501,41,0.44231399541134053,0.05561797752808989,0.8284518828451883,0.5734265734265734,0.42657342657342656
YNL218W,-1,25.311976495895106,198,3363,2500,41,0.4421501147164864,0.05560235888795282,0.8284518828451883,0.5735971345727443,0.4264028654272557
YBR104W,-1,25.305699514447724,198,3364,2499,41,0.44198623402163223,0.05558674901740595,0.8284518828451883,0.5737676957189153,0.4262323042810848
YOR058C,-1,25.294030673120258,198,3365,2498,41,0.4418223533267781,0.055571147909065394,0.8284518828451883,0.5739382568650861,0.42606174313491385
YEL065W,-1,25.27728255005369,198,3366,2497,41,0.441658472631924,0.05555555555555555,0.8284518828451883,0.574108818011257,0.425891181988743
YBL092W,-1,25.25387028765941,198,3367,2496,41,0.4414945919370698,0.05553997194950912,0.8284518828451883,0.5742793791574279,0.42572062084257206
YFL061W,-1,25.252315082488238,198,3368,2495,41,0.4413307112422157,0.055524397083567024,0.8284518828451883,0.5744499403035989,0.42555005969640114
YKL033W-A,-1,25.251028223734465,198,3369,2494,41,0.4411668305473615,0.05550883095037847,0.8284518828451883,0.5746205014497697,0.4253794985502303
YOR093C,-1,25.241610093361487,198,3370,2493,41,0.4410029498525074,0.0554932735426009,0.8284518828451883,0.5747910625959406,0.42520893740405935
YBR265W,-1,25.229748638373394,198,3371,2492,41,0.44083906915765325,0.05547772485289997,0.8284518828451883,0.5749616237421116,0.42503837625788843
YPR152C,-1,25.2114988514686,198,3372,2491,41,0.4406751884627991,0.05546218487394958,0.8284518828451883,0.5751321848882824,0.42486781511171756
YKR070W,-1,25.209333557826483,198,3373,2490,41,0.44051130776794495,0.05544665359843181,0.8284518828451883,0.5753027460344533,0.42469725396554664
YMR174C,-1,25.202218049791128,198,3374,2489,41,0.44034742707309077,0.055431131019036954,0.8284518828451883,0.5754733071806243,0.4245266928193758
YNR006W,-1,25.19127256602392,198,3375,2488,41,0.44018354637823665,0.055415617128463476,0.8284518828451883,0.5756438683267951,0.42435613167320485
YPR111W,-1,25.163416119740358,198,3376,2487,41,0.4400196656833825,0.055400111919418016,0.8284518828451883,0.575814429472966,0.42418557052703393
YNR060W,-1,25.16073245395528,198,3377,2486,41,0.43985578498852834,0.055384615384615386,0.8284518828451883,0.575984990619137,0.42401500938086306
YBR264C,-1,25.145705429291944,198,3378,2485,41,0.4396919042936742,0.05536912751677853,0.8284518828451883,0.5761555517653079,0.42384444823469214
YNL178W,-1,25.14472080752183,198,3379,2484,41,0.43952802359882004,0.05535364830863852,0.8284518828451883,0.5763261129114787,0.4236738870885212
YBR007C,-1,25.139073445010062,198,3380,2483,41,0.4393641429039659,0.0553381777529346,0.8284518828451883,0.5764966740576497,0.42350332594235035
YNL063W,-1,25.123729940820205,198,3381,2482,41,0.4392002622091118,0.055322715842414084,0.8284518828451883,0.5766672352038206,0.42333276479617943
YDR448W,-1,25.120243049349106,198,3382,2481,41,0.4390363815142576,0.0553072625698324,0.8284518828451883,0.5768377963499914,0.4231622036500085
YEL053C,-1,25.11980205169595,198,3383,2480,41,0.4388725008194035,0.05529181792795308,0.8284518828451883,0.5770083574961624,0.42299164250383764
YOL061W,-1,25.11386249395783,198,3384,2479,41,0.4387086201245493,0.05527638190954774,0.8284518828451883,0.5771789186423333,0.4228210813576667
YOR028C,-1,25.100205952925023,198,3385,2478,41,0.4385447394296952,0.055260954507396036,0.8284518828451883,0.5773494797885041,0.4226505202114958
YLR073C,-1,25.099683544738355,198,3386,2477,41,0.43838085873484106,0.05524553571428571,0.8284518828451883,0.5775200409346751,0.42247995906532493
YKL022C,1,25.09902960349148,199,3386,2477,40,0.4385447394296952,0.05550906555090655,0.8326359832635983,0.5775200409346751,0.42247995906532493
YNL099C,-1,25.089040645402743,199,3387,2476,40,0.43838085873484106,0.05549358616843279,0.8326359832635983,0.577690602080846,0.422309397919154
YDR027C,-1,25.088249442668644,199,3388,2475,40,0.4382169780399869,0.055478115416782825,0.8326359832635983,0.5778611632270169,0.42213883677298314
YFL057C,-1,25.06155464625583,199,3389,2474,40,0.43805309734513276,0.05546265328874025,0.8326359832635983,0.5780317243731878,0.4219682756268122
YCR005C,-1,25.05495844991752,199,3390,2473,40,0.4378892166502786,0.05544719977709668,0.8326359832635983,0.5782022855193587,0.4217977144806413
YPR194C,-1,25.052148197937242,199,3391,2472,40,0.43772533595542445,0.05543175487465181,0.8326359832635983,0.5783728466655296,0.42162715333447043
YDL113C,-1,25.050187879748552,199,3392,2471,40,0.43756145526057033,0.05541631857421331,0.8326359832635983,0.5785434078117005,0.4214565921882995
YDR441C,-1,25.042776975305372,199,3393,2470,40,0.43739757456571615,0.05540089086859688,0.8326359832635983,0.5787139689578714,0.4212860310421286
YML100W,-1,25.041428052183278,199,3394,2469,40,0.43723369387086203,0.05538547175062622,0.8326359832635983,0.5788845301040423,0.4211154698959577
YLR288C,-1,25.03617507480166,199,3395,2468,40,0.43706981317600785,0.055370061213133,0.8326359832635983,0.5790550912502131,0.4209449087497868
YNL158W,-1,25.02024946105002,199,3396,2467,40,0.4369059324811537,0.05535465924895688,0.8326359832635983,0.5792256523963841,0.4207743476036159
YIL009W,-1,25.014850012359023,199,3397,2466,40,0.4367420517862996,0.05533926585094549,0.8326359832635983,0.579396213542555,0.420603786457445
YPL213W,-1,25.014559644964944,199,3398,2465,40,0.4365781710914454,0.05532388101195441,0.8326359832635983,0.5795667746887259,0.4204332253112741
YGL058W,1,24.995830521585752,200,3398,2465,39,0.4367420517862996,0.055586436909394105,0.8368200836820083,0.5795667746887259,0.4204332253112741
YER101C,-1,24.992573401572812,200,3399,2464,39,0.4365781710914454,0.05557099194220617,0.8368200836820083,0.5797373358348968,0.4202626641651032
YPR114W,-1,24.98281484029667,200,3400,2463,39,0.4364142903965913,0.05555555555555555,0.8368200836820083,0.5799078969810677,0.4200921030189323
YDR085C,-1,24.982647766623984,200,3401,2462,39,0.4362504097017371,0.055540127742293804,0.8368200836820083,0.5800784581272386,0.4199215418727614
YMR223W,1,24.982333537854252,201,3401,2462,38,0.4364142903965913,0.0558023320377568,0.8410041841004184,0.5800784581272386,0.4199215418727614
YCL048W,-1,24.978968602178494,201,3402,2461,38,0.4362504097017371,0.05578684429641965,0.8410041841004184,0.5802490192734095,0.4197509807265905
YJR095W,-1,24.97071956738366,201,3403,2460,38,0.436086529006883,0.05577136514983352,0.8410041841004184,0.5804195804195804,0.4195804195804196
YCL038C,-1,24.97031260881652,201,3404,2459,38,0.4359226483120288,0.055755894590846046,0.8410041841004184,0.5805901415657513,0.41940985843424866
YLR344W,-1,24.965886523073895,201,3405,2458,38,0.4357587676171747,0.05574043261231281,0.8410041841004184,0.5807607027119223,0.4192392972880778
YBR161W,-1,24.94838360007928,201,3406,2457,38,0.43559488692232057,0.05572497920709731,0.8410041841004184,0.5809312638580931,0.4190687361419069
YOL146W,-1,24.932272742499112,201,3407,2456,38,0.4354310062274664,0.055709534368070954,0.8410041841004184,0.581101825004264,0.41889817499573595
YHR071W,-1,24.855561323848708,201,3408,2455,38,0.43526712553261226,0.05569409808811305,0.8410041841004184,0.581272386150435,0.4187276138495651
YHR007C,-1,24.84639484901916,201,3409,2454,38,0.4351032448377581,0.0556786703601108,0.8410041841004184,0.5814429472966058,0.41855705270339416
YJL214W,-1,24.82410099641928,201,3410,2453,38,0.43493936414290396,0.05566325117695929,0.8410041841004184,0.5816135084427767,0.41838649155722324
YNL019C,-1,24.812185951051106,201,3411,2452,38,0.43477548344804984,0.05564784053156146,0.8410041841004184,0.5817840695889477,0.4182159304110524
YMR280C,-1,24.8086229512165,201,3412,2451,38,0.43461160275319566,0.05563243841682812,0.8410041841004184,0.5819546307351185,0.41804536926488145
YAL062W,-1,24.801580253134333,201,3413,2450,38,0.43444772205834153,0.05561704482567792,0.8410041841004184,0.5821251918812894,0.4178748081187106
YJL090C,-1,24.789149028839866,201,3414,2449,38,0.43428384136348736,0.05560165975103734,0.8410041841004184,0.5822957530274604,0.41770424697253966
YPL138C,-1,24.788815511837175,201,3415,2448,38,0.43411996066863323,0.05558628318584071,0.8410041841004184,0.5824663141736313,0.41753368582636874
YDL208W,-1,24.78746740702312,201,3416,2447,38,0.4339560799737791,0.05557091512303013,0.8410041841004184,0.5826368753198021,0.4173631246801979
YML069W,-1,24.755161902424792,201,3417,2446,38,0.43379219927892493,0.05555555555555555,0.8410041841004184,0.5828074364659731,0.41719256353402695
YHR155W,-1,24.75394642594435,201,3418,2445,38,0.4336283185840708,0.05554020447637469,0.8410041841004184,0.582977997612144,0.41702200238785603
YEL005C,-1,24.748629039541306,201,3419,2444,38,0.4334644378892166,0.05552486187845304,0.8410041841004184,0.5831485587583148,0.41685144124168516
YML103C,-1,24.73813929564529,201,3420,2443,38,0.4333005571943625,0.05550952775476388,0.8410041841004184,0.5833191199044857,0.41668088009551424
YGL123W,-1,24.73776533508907,201,3421,2442,38,0.4331366764995084,0.05549420209828824,0.8410041841004184,0.5834896810506567,0.4165103189493433
YEL036C,-1,24.73215885613945,201,3422,2441,38,0.4329727958046542,0.055478884902014906,0.8410041841004184,0.5836602421968276,0.41633975780317245
YDR257C,-1,24.72348825682276,201,3423,2440,38,0.4328089151098001,0.055463576158940396,0.8410041841004184,0.5838308033429984,0.4161691966570015
YJR093C,-1,24.722627562771596,201,3424,2439,38,0.4326450344149459,0.05544827586206896,0.8410041841004184,0.5840013644891694,0.4159986355108306
YOL021C,-1,24.702125905175794,201,3425,2438,38,0.43248115372009177,0.05543298400441258,0.8410041841004184,0.5841719256353403,0.41582807436465974
YLR291C,-1,24.665180460452607,201,3426,2437,38,0.43231727302523765,0.055417700578990904,0.8410041841004184,0.5843424867815111,0.4156575132184888
YBR043C,-1,24.643819062101226,201,3427,2436,38,0.43215339233038347,0.055402425578831314,0.8410041841004184,0.5845130479276821,0.41548695207231795
YLR032W,-1,24.62647444080578,201,3428,2435,38,0.43198951163552934,0.05538715899696886,0.8410041841004184,0.584683609073853,0.415316390926147
YMR070W,-1,24.61034365249673,201,3429,2434,38,0.43182563094067516,0.05537190082644628,0.8410041841004184,0.5848541702200238,0.4151458297799761
YEL021W,-1,24.603114960640166,201,3430,2433,38,0.43166175024582104,0.05535665106031396,0.8410041841004184,0.5850247313661948,0.41497526863380524
YGL101W,-1,24.598800276762617,201,3431,2432,38,0.4314978695509669,0.055341409691629956,0.8410041841004184,0.5851952925123657,0.4148047074876343
YGL136C,-1,24.588559580608948,201,3432,2431,38,0.43133398885611274,0.05532617671345995,0.8410041841004184,0.5853658536585366,0.4146341463414634
YLR293C,-1,24.579122710397183,201,3433,2430,38,0.4311701081612586,0.05531095211887727,0.8410041841004184,0.5855364148047075,0.4144635851952925
YNL333W,-1,24.57139759223202,201,3434,2429,38,0.43100622746640443,0.05529573590096286,0.8410041841004184,0.5857069759508784,0.4142930240491216
YPL249C-A,-1,24.560651579369647,201,3435,2428,38,0.4308423467715503,0.05528052805280528,0.8410041841004184,0.5858775370970493,0.4141224629029507
YLR249W,-1,24.547172488924645,201,3436,2427,38,0.4306784660766962,0.05526532856750069,0.8410041841004184,0.5860480982432202,0.4139519017567798
YMR015C,-1,24.526436072543913,201,3437,2426,38,0.430514585381842,0.05525013743815283,0.8410041841004184,0.5862186593893911,0.4137813406106089
YOL092W,-1,24.51604152412598,201,3438,2425,38,0.4303507046869879,0.055234954657873044,0.8410041841004184,0.586389220535562,0.413610779464438
YBR042C,-1,24.509524343415453,201,3439,2424,38,0.4301868239921337,0.05521978021978022,0.8410041841004184,0.586559781681733,0.4134402183182671
YKR097W,-1,24.508846462550924,201,3440,2423,38,0.4300229432972796,0.055204614117000825,0.8410041841004184,0.5867303428279038,0.4132696571720962
YLR057W,-1,24.48635738458802,201,3441,2422,38,0.42985906260242546,0.05518945634266886,0.8410041841004184,0.5869009039740747,0.4130990960259253
YNR021W,-1,24.48464894444502,201,3442,2421,38,0.4296951819075713,0.05517430688992588,0.8410041841004184,0.5870714651202457,0.4129285348797544
YOR167C,-1,24.479326554166793,201,3443,2420,38,0.42953130121271715,0.055159165751920966,0.8410041841004184,0.5872420262664165,0.41275797373358347
YKR058W,-1,24.475990673618604,201,3444,2419,38,0.429367420517863,0.0551440329218107,0.8410041841004184,0.5874125874125874,0.4125874125874126
YNL142W,-1,24.466527467323242,201,3445,2418,38,0.42920353982300885,0.05512890839275919,0.8410041841004184,0.5875831485587583,0.4124168514412417
YHR041C,-1,24.453999829675023,201,3446,2417,38,0.4290396591281547,0.05511379215793803,0.8410041841004184,0.5877537097049292,0.41224629029507076
YLR058C,-1,24.448238893872148,201,3447,2416,38,0.42887577843330055,0.055098684210526314,0.8410041841004184,0.5879242708511001,0.4120757291488999
YBR165W,-1,24.43938431381532,201,3448,2415,38,0.4287118977384464,0.0550835845437106,0.8410041841004184,0.588094831997271,0.41190516800272897
YPL267W,-1,24.434008614895433,201,3449,2414,38,0.42854801704359224,0.05506849315068493,0.8410041841004184,0.588265393143442,0.41173460685655805
YMR292W,-1,24.430540522188963,201,3450,2413,38,0.4283841363487381,0.05505341002465078,0.8410041841004184,0.5884359542896128,0.4115640457103872
YLR348C,-1,24.429548858732947,201,3451,2412,38,0.428220255653884,0.055038335158817085,0.8410041841004184,0.5886065154357837,0.41139348456421626
YCL025C,-1,24.424729629207793,201,3452,2411,38,0.4280563749590298,0.05502326854640022,0.8410041841004184,0.5887770765819547,0.4112229234180454
YOR163W,-1,24.424396199450246,201,3453,2410,38,0.4278924942641757,0.055008210180623976,0.8410041841004184,0.5889476377281255,0.41105236227187447
YDL184C,-1,24.409877584186557,201,3454,2409,38,0.4277286135693215,0.05499316005471956,0.8410041841004184,0.5891181988742964,0.41088180112570355
YOR368W,-1,24.408933094730266,201,3455,2408,38,0.4275647328744674,0.054978118161925604,0.8410041841004184,0.5892887600204674,0.4107112399795327
YDL159W,-1,24.395681995514813,201,3456,2407,38,0.42740085217961327,0.054963084495488104,0.8410041841004184,0.5894593211666382,0.41054067883336176
YDL166C,-1,24.384106006270464,201,3457,2406,38,0.4272369714847591,0.05494805904866047,0.8410041841004184,0.5896298823128091,0.41037011768719084
YDR240C,-1,24.383425609261746,201,3458,2405,38,0.42707309078990496,0.05493304181470347,0.8410041841004184,0.5898004434589801,0.41019955654101997
YGL071W,-1,24.355440077854713,201,3459,2404,38,0.4269092100950508,0.05491803278688524,0.8410041841004184,0.589971004605151,0.41002899539484905
YOL039W,-1,24.326385808068373,201,3460,2403,38,0.42674532940019666,0.05490303195848129,0.8410041841004184,0.5901415657513218,0.4098584342486781
YBL105C,-1,24.315132733151476,201,3461,2402,38,0.42658144870534254,0.05488803932277444,0.8410041841004184,0.5903121268974928,0.40968787310250726
YHL047C,-1,24.304838526331764,201,3462,2401,38,0.42641756801048836,0.054873054873054876,0.8410041841004184,0.5904826880436637,0.40951731195633634
YDR438W,-1,24.303748728200578,201,3463,2400,38,0.42625368731563423,0.05485807860262009,0.8410041841004184,0.5906532491898345,0.40934675081016547
YDR382W,-1,24.255710792510676,201,3464,2399,38,0.42608980662078005,0.054843110504774896,0.8410041841004184,0.5908238103360055,0.40917618966399455
YPR159W,-1,24.244606913161178,201,3465,2398,38,0.42592592592592593,0.05482815057283143,0.8410041841004184,0.5909943714821764,0.4090056285178236
YBR013C,-1,24.231361894164365,201,3466,2397,38,0.4257620452310718,0.054813198800109084,0.8410041841004184,0.5911649326283472,0.40883506737165276
YLR364W,-1,24.21713571844561,201,3467,2396,38,0.4255981645362176,0.05479825517993457,0.8410041841004184,0.5913354937745182,0.40866450622548184
YDL144C,-1,24.206569386140018,201,3468,2395,38,0.4254342838413635,0.05478331970564186,0.8410041841004184,0.5915060549206891,0.4084939450793109
YDL127W,-1,24.20511732175301,201,3469,2394,38,0.4252704031465093,0.054768392370572204,0.8410041841004184,0.59167661606686,0.40832338393314005
YGR094W,-1,24.20491558044686,201,3470,2393,38,0.4251065224516552,0.05475347316807409,0.8410041841004184,0.5918471772130308,0.4081528227869691
YFL022C,-1,24.1984229940821,201,3471,2392,38,0.4249426417568011,0.05473856209150327,0.8410041841004184,0.5920177383592018,0.4079822616407982
YAL053W,-1,24.18753262667152,201,3472,2391,38,0.4247787610619469,0.0547236591342227,0.8410041841004184,0.5921882995053727,0.40781170049462734
YGL070C,-1,24.18291498507297,201,3473,2390,38,0.4246148803670928,0.05470876428960261,0.8410041841004184,0.5923588606515435,0.4076411393484564
YMR167W,-1,24.179981668680114,201,3474,2389,38,0.4244509996722386,0.054693877551020405,0.8410041841004184,0.5925294217977145,0.4074705782022855
YNL322C,-1,24.176578392508,201,3475,2388,38,0.42428711897738447,0.05467899891186072,0.8410041841004184,0.5926999829438854,0.4073000170561146
YPL100W,-1,24.169972208583562,201,3476,2387,38,0.4241232382825303,0.05466412836551537,0.8410041841004184,0.5928705440900562,0.4071294559099437
YOR010C,-1,24.166090565240577,201,3477,2386,38,0.42395935758767617,0.05464926590538336,0.8410041841004184,0.5930411052362272,0.40695889476377284
YDR531W,-1,24.158893291649292,201,3478,2385,38,0.42379547689282204,0.05463441152487089,0.8410041841004184,0.5932116663823981,0.4067883336176019
YOR019W,-1,24.15487867839329,201,3479,2384,38,0.42363159619796786,0.0546195652173913,0.8410041841004184,0.593382227528569,0.406617772471431
YER062C,-1,24.151175229670194,201,3480,2383,38,0.42346771550311374,0.05460472697636512,0.8410041841004184,0.5935527886747399,0.4064472113252601
YHR006W,-1,24.14577189550606,201,3481,2382,38,0.42330383480825956,0.054589896795219986,0.8410041841004184,0.5937233498209108,0.4062766501790892
YER190W,-1,24.14437473513118,201,3482,2381,38,0.42313995411340544,0.05457507466739071,0.8410041841004184,0.5938939109670817,0.4061060890329183
YPR005C,-1,24.121650728537453,201,3483,2380,38,0.4229760734185513,0.05456026058631922,0.8410041841004184,0.5940644721132526,0.4059355278867474
YPR051W,-1,24.099038245863195,201,3484,2379,38,0.42281219272369713,0.05454545454545454,0.8410041841004184,0.5942350332594235,0.4057649667405765
YOL067C,-1,24.093569351421852,201,3485,2378,38,0.422648312028843,0.05453065653825285,0.8410041841004184,0.5944055944055944,0.40559440559440557
YBR210W,-1,24.07592715297247,201,3486,2377,38,0.42248443133398883,0.05451586655817738,0.8410041841004184,0.5945761555517654,0.4054238444482347
YJL039C,-1,24.062711509207247,201,3487,2376,38,0.4223205506391347,0.054501084598698485,0.8410041841004184,0.5947467166979362,0.4052532833020638
YGR071C,-1,24.056041084558956,201,3488,2375,38,0.4221566699442806,0.054486310653293575,0.8410041841004184,0.5949172778441071,0.40508272215589286
YHL028W,-1,24.051905770530826,201,3489,2374,38,0.4219927892494264,0.05447154471544716,0.8410041841004184,0.5950878389902781,0.404912161009722
YBR213W,-1,24.002415820843186,201,3490,2373,38,0.4218289085545723,0.05445678677865077,0.8410041841004184,0.5952584001364489,0.40474159986355107
YOL057W,-1,23.986259652044737,201,3491,2372,38,0.4216650278597181,0.054442036836403036,0.8410041841004184,0.5954289612826198,0.4045710387173802
YDL081C,-1,23.984552165352223,201,3492,2371,38,0.421501147164864,0.054427294882209584,0.8410041841004184,0.5955995224287908,0.4044004775712093
YDL001W,-1,23.982189176276336,201,3493,2370,38,0.42133726647000985,0.05441256090958311,0.8410041841004184,0.5957700835749616,0.40422991642503836
YKL168C,-1,23.975613341124173,201,3494,2369,38,0.4211733857751557,0.0543978349120433,0.8410041841004184,0.5959406447211325,0.4040593552788675
YGR027C,-1,23.94683170612679,201,3495,2368,38,0.42100950508030155,0.05438311688311688,0.8410041841004184,0.5961112058673034,0.40388879413269657
YDL091C,1,23.935709588813452,202,3495,2368,37,0.4211733857751557,0.05463889640248851,0.8451882845188284,0.5961112058673034,0.40388879413269657
YDL143W,-1,23.932909217655272,202,3496,2367,37,0.42100950508030155,0.05462412114656571,0.8451882845188284,0.5962817670134744,0.40371823298652565
YOR059C,-1,23.896510744192923,202,3497,2366,37,0.42084562438544737,0.05460935387942687,0.8451882845188284,0.5964523281596452,0.4035476718403548
YOL081W,-1,23.894595361929444,202,3498,2365,37,0.42068174369059325,0.05459459459459459,0.8451882845188284,0.5966228893058161,0.40337711069418386
YCR098C,-1,23.889355593185584,202,3499,2364,37,0.4205178629957391,0.054579843285598485,0.8451882845188284,0.5967934504519871,0.40320654954801294
YOR131C,-1,23.884991833794626,202,3500,2363,37,0.42035398230088494,0.05456509994597515,0.8451882845188284,0.5969640115981579,0.40303598840184207
YPL258C,-1,23.875513991039362,202,3501,2362,37,0.4201901016060308,0.054550364569268164,0.8451882845188284,0.5971345727443288,0.40286542725567115
YCR065W,-1,23.857917723188155,202,3502,2361,37,0.42002622091117664,0.05453563714902808,0.8451882845188284,0.5973051338904998,0.4026948661095003
YMR179W,-1,23.840466611056044,202,3503,2360,37,0.4198623402163225,0.05452091767881242,0.8451882845188284,0.5974756950366706,0.40252430496332936
YOR329C,-1,23.840387710051765,202,3504,2359,37,0.4196984595214684,0.05450620615218565,0.8451882845188284,0.5976462561828415,0.40235374381715844
YDR418W,-1,23.822642030125643,202,3505,2358,37,0.4195345788266142,0.05449150256271918,0.8451882845188284,0.5978168173290125,0.40218318267098757
YMR259C,-1,23.77784643307848,202,3506,2357,37,0.4193706981317601,0.05447680690399137,0.8451882845188284,0.5979873784751834,0.40201262152481665
YGL250W,-1,23.774083531092238,202,3507,2356,37,0.4192068174369059,0.05446211916958749,0.8451882845188284,0.5981579396213542,0.4018420603786457
YAL044C,-1,23.770799427871474,202,3508,2355,37,0.4190429367420518,0.05444743935309973,0.8451882845188284,0.5983285007675252,0.40167149923247486
YJL005W,-1,23.764882637688626,202,3509,2354,37,0.41887905604719766,0.05443276744812719,0.8451882845188284,0.5984990619136961,0.40150093808630394
YDR189W,-1,23.764752753312234,202,3510,2353,37,0.4187151753523435,0.05441810344827586,0.8451882845188284,0.5986696230598669,0.401330376940133
YGR097W,-1,23.74049186867387,202,3511,2352,37,0.41855129465748936,0.05440344734715863,0.8451882845188284,0.5988401842060379,0.40115981579396215
YOR237W,-1,23.723257951443113,202,3512,2351,37,0.4183874139626352,0.05438879913839526,0.8451882845188284,0.5990107453522088,0.4009892546477912
YNL267W,-1,23.706825437634937,202,3513,2350,37,0.41822353326778106,0.05437415881561238,0.8451882845188284,0.5991813064983796,0.4008186935016203
YHR084W,-1,23.695455736566824,202,3514,2349,37,0.41805965257292693,0.05435952637244349,0.8451882845188284,0.5993518676445506,0.40064813235544944
YPL056C,-1,23.667563905097722,202,3515,2348,37,0.41789577187807275,0.05434490180252892,0.8451882845188284,0.5995224287907215,0.4004775712092785
YDR350C,-1,23.662639711255252,202,3516,2347,37,0.41773189118321863,0.05433028509951587,0.8451882845188284,0.5996929899368924,0.40030701006310765
YDR001C,-1,23.65874035138247,202,3517,2346,37,0.41756801048836445,0.05431567625705835,0.8451882845188284,0.5998635510830633,0.4001364489169367
YKL051W,-1,23.64852277874369,202,3518,2345,37,0.4174041297935103,0.0543010752688172,0.8451882845188284,0.6000341122292342,0.3999658877707658
YBR215W,-1,23.64078949717534,202,3519,2344,37,0.4172402490986562,0.054286482128460094,0.8451882845188284,0.6002046733754051,0.39979532662459494
YNR004W,-1,23.638894768009774,202,3520,2343,37,0.417076368403802,0.05427189682966147,0.8451882845188284,0.600375234521576,0.399624765478424
YDR300C,-1,23.624519431231803,202,3521,2342,37,0.4169124877089479,0.054257319366102605,0.8451882845188284,0.6005457956677469,0.3994542043322531
YPL254W,-1,23.600970558638984,202,3522,2341,37,0.4167486070140937,0.054242749731471536,0.8451882845188284,0.6007163568139178,0.3992836431860822
YJR132W,-1,23.598958019108576,202,3523,2340,37,0.4165847263192396,0.054228187919463086,0.8451882845188284,0.6008869179600886,0.3991130820399113
YNR033W,-1,23.595302919991816,202,3524,2339,37,0.41642084562438547,0.05421363392377885,0.8451882845188284,0.6010574791062596,0.3989425208937404
YOL022C,-1,23.581798437452974,202,3525,2338,37,0.4162569649295313,0.05419908773812718,0.8451882845188284,0.6012280402524305,0.3987719597475695
YOL141W,-1,23.558738548733995,202,3526,2337,37,0.41609308423467717,0.054184549356223174,0.8451882845188284,0.6013986013986014,0.3986013986013986
YKL125W,-1,23.550638531414947,202,3527,2336,37,0.415929203539823,0.05417001877178868,0.8451882845188284,0.6015691625447723,0.3984308374552277
YKL089W,-1,23.549511947235956,202,3528,2335,37,0.41576532284496887,0.05415549597855228,0.8451882845188284,0.6017397236909432,0.3982602763090568
YGL103W,-1,23.542738342147587,202,3529,2334,37,0.41560144215011474,0.05414098097024926,0.8451882845188284,0.6019102848371141,0.3980897151628859
YLR157C,-1,23.533978202894062,202,3530,2333,37,0.41543756145526056,0.05412647374062165,0.8451882845188284,0.602080845983285,0.397919154016715
YJR050W,-1,23.523862059187138,202,3531,2332,37,0.41527368076040644,0.054111974283418164,0.8451882845188284,0.6022514071294559,0.3977485928705441
YPL117C,-1,23.519007374940276,202,3532,2331,37,0.41510980006555226,0.05409748259239421,0.8451882845188284,0.6024219682756268,0.39757803172437317
YDL132W,1,23.515041682268205,203,3532,2331,36,0.41527368076040644,0.05435073627844712,0.8493723849372385,0.6024219682756268,0.39757803172437317
YDR520C,-1,23.50906091672637,203,3533,2330,36,0.41510980006555226,0.054336188436830836,0.8493723849372385,0.6025925294217978,0.3974074705782023
YJR106W,-1,23.508866326259277,203,3534,2329,36,0.41494591937069814,0.05432164838105432,0.8493723849372385,0.6027630905679686,0.3972369094320314
YBR288C,-1,23.506311122576808,203,3535,2328,36,0.414782038675844,0.054307116104868915,0.8493723849372385,0.6029336517141395,0.39706634828586046
YBR198C,-1,23.504928231126115,203,3536,2327,36,0.41461815798098983,0.054292591602032626,0.8493723849372385,0.6031042128603105,0.3968957871396896
YKR068C,-1,23.50155011716548,203,3537,2326,36,0.4144542772861357,0.05427807486631016,0.8493723849372385,0.6032747740064813,0.39672522599351867
YLR147C,-1,23.482070067997654,203,3538,2325,36,0.41429039659128153,0.05426356589147287,0.8493723849372385,0.6034453351526522,0.39655466484734775
YOR380W,-1,23.475499265760547,203,3539,2324,36,0.4141265158964274,0.05424906467129877,0.8493723849372385,0.6036158962988232,0.3963841037011769
YGL174W,-1,23.4505394822006,203,3540,2323,36,0.4139626352015733,0.054234571199572534,0.8493723849372385,0.603786457444994,0.39621354255500596
YPL239W,-1,23.438435581994007,203,3541,2322,36,0.4137987545067191,0.05422008547008547,0.8493723849372385,0.6039570185911649,0.3960429814088351
YHR178W,-1,23.437519220437522,203,3542,2321,36,0.413634873811865,0.05420560747663551,0.8493723849372385,0.6041275797373359,0.39587242026266417
YNL187W,-1,23.436409441847648,203,3543,2320,36,0.4134709931170108,0.05419113721302723,0.8493723849372385,0.6042981408835068,0.39570185911649325
YER167W,-1,23.425735266395687,203,3544,2319,36,0.4133071124221567,0.054176674673071794,0.8493723849372385,0.6044687020296776,0.3955312979703224
YLR086W,-1,23.422343255121376,203,3545,2318,36,0.41314323172730255,0.05416221985058698,0.8493723849372385,0.6046392631758486,0.39536073682415146
YER036C,-1,23.409136108345315,203,3546,2317,36,0.41297935103244837,0.05414777273939717,0.8493723849372385,0.6048098243220195,0.39519017567798054
YPL047W,-1,23.39393592965434,203,3547,2316,36,0.41281547033759425,0.05413333333333333,0.8493723849372385,0.6049803854681903,0.39501961453180967
YOR317W,-1,23.384235658023748,203,3548,2315,36,0.41265158964274007,0.05411890162623301,0.8493723849372385,0.6051509466143612,0.39484905338563875
YHR185C,-1,23.377937944347195,203,3549,2314,36,0.41248770894788594,0.054104477611940295,0.8493723849372385,0.6053215077605322,0.3946784922394678
YKL122C,-1,23.349520929281553,203,3550,2313,36,0.41232382825303177,0.054090061284305886,0.8493723849372385,0.605492068906703,0.39450793109329696
YML017W,-1,23.348964188456648,203,3551,2312,36,0.41215994755817764,0.054075652637187,0.8493723849372385,0.6056626300528739,0.39433736994712604
YNL088W,-1,23.348457365630193,203,3552,2311,36,0.4119960668633235,0.054061251664447404,0.8493723849372385,0.6058331911990449,0.3941668088009551
YLR020C,-1,23.330051918912726,203,3553,2310,36,0.41183218616846934,0.0540468583599574,0.8493723849372385,0.6060037523452158,0.39399624765478425
YGL189C,-1,23.30965496354323,203,3554,2309,36,0.4116683054736152,0.05403247271759382,0.8493723849372385,0.6061743134913866,0.3938256865086133
YMR110C,-1,23.30642422089558,203,3555,2308,36,0.41150442477876104,0.05401809473124002,0.8493723849372385,0.6063448746375576,0.39365512536244246
YNR049C,-1,23.304795015401073,203,3556,2307,36,0.4113405440839069,0.054003724394785846,0.8493723849372385,0.6065154357837285,0.39348456421627154
YMR195W,-1,23.30093973211442,203,3557,2306,36,0.4111766633890528,0.05398936170212766,0.8493723849372385,0.6066859969298993,0.3933140030701006
YNL288W,-1,23.29302053159785,203,3558,2305,36,0.4110127826941986,0.053975006647168304,0.8493723849372385,0.6068565580760703,0.39314344192392975
YDR044W,-1,23.269523601237545,203,3559,2304,36,0.4108489019993445,0.05396065922381712,0.8493723849372385,0.6070271192222412,0.3929728807777588
YMR272C,-1,23.266411330124537,203,3560,2303,36,0.4106850213044903,0.0539463194259899,0.8493723849372385,0.607197680368412,0.3928023196315879
YLR234W,-1,23.255221649995896,203,3561,2302,36,0.4105211406096362,0.05393198724760893,0.8493723849372385,0.607368241514583,0.39263175848541704
YDR125C,-1,23.247329239174768,203,3562,2301,36,0.41035725991478206,0.053917662682602924,0.8493723849372385,0.6075388026607539,0.3924611973392461
YPL123C,-1,23.239190255947655,203,3563,2300,36,0.4101933792199279,0.05390334572490706,0.8493723849372385,0.6077093638069248,0.3922906361930752
YLR035C-A,-1,23.238125456962734,203,3564,2299,36,0.41002949852507375,0.05388903636846297,0.8493723849372385,0.6078799249530957,0.3921200750469043
YAL019W,-1,23.22482550065066,203,3565,2298,36,0.4098656178302196,0.053874734607218686,0.8493723849372385,0.6080504860992666,0.3919495139007334
YMR140W,-1,23.21114830387652,203,3566,2297,36,0.40970173713536545,0.05386044043512868,0.8493723849372385,0.6082210472454375,0.39177895275456254
YER017C,-1,23.197966701715274,203,3567,2296,36,0.4095378564405113,0.05384615384615385,0.8493723849372385,0.6083916083916084,0.3916083916083916
YOL077W-A,-1,23.16625907445147,203,3568,2295,36,0.40937397574565715,0.05383187483426147,0.8493723849372385,0.6085621695377793,0.3914378304622207
YML030W,-1,23.16346382354186,203,3569,2294,36,0.409210095050803,0.053817603393425235,0.8493723849372385,0.6087327306839502,0.3912672693160498
YOR138C,1,23.155699449119385,204,3569,2294,35,0.40937397574565715,0.05406838059899284,0.8535564853556485,0.6087327306839502,0.3912672693160498
YIL176C,-1,23.151599717601812,204,3570,2293,35,0.409210095050803,0.05405405405405406,0.8535564853556485,0.6089032918301212,0.3910967081698789
YGL251C,-1,23.15068350834963,204,3571,2292,35,0.40904621435594885,0.05403973509933775,0.8535564853556485,0.609073852976292,0.390926147023708
YOR336W,-1,23.135408241252062,204,3572,2291,35,0.4088823336610947,0.05402542372881356,0.8535564853556485,0.6092444141224629,0.3907555858775371
YIL023C,-1,23.1329033458048,204,3573,2290,35,0.4087184529662406,0.054011119936457505,0.8535564853556485,0.6094149752686338,0.3905850247313662
YGL204C,-1,23.128343338234117,204,3574,2289,35,0.4085545722713864,0.05399682371625199,0.8535564853556485,0.6095855364148047,0.39041446358519527
YGL230C,-1,23.119904238059462,204,3575,2288,35,0.4083906915765323,0.05398253506218576,0.8535564853556485,0.6097560975609756,0.3902439024390244
YPR061C,-1,23.117139024504787,204,3576,2287,35,0.4082268108816781,0.05396825396825397,0.8535564853556485,0.6099266587071465,0.3900733412928535
YPL081W,-1,23.106411936918875,204,3577,2286,35,0.408062930186824,0.05395398042845808,0.8535564853556485,0.6100972198533174,0.38990278014668256
YKL049C,-1,23.103138695325026,204,3578,2285,35,0.40789904949196987,0.053939714436805924,0.8535564853556485,0.6102677809994883,0.3897322190005117
YLR285W,-1,23.09289797428762,204,3579,2284,35,0.4077351687971157,0.05392545598731166,0.8535564853556485,0.6104383421456592,0.38956165785434077
YGR156W,-1,23.075440912901477,204,3580,2283,35,0.40757128810226156,0.05391120507399577,0.8535564853556485,0.6106089032918302,0.3893910967081699
YNR058W,-1,23.068380059211684,204,3581,2282,35,0.4074074074074074,0.05389696169088507,0.8535564853556485,0.610779464438001,0.389220535561999
YCR047C,-1,23.065541852179038,204,3582,2281,35,0.40724352671255326,0.05388272583201268,0.8535564853556485,0.6109500255841719,0.38904997441582806
YLL055W,-1,23.06428236643435,204,3583,2280,35,0.40707964601769914,0.05386849749141801,0.8535564853556485,0.6111205867303429,0.3888794132696572
YKL096W,-1,23.044909917556208,204,3584,2279,35,0.40691576532284496,0.05385427666314678,0.8535564853556485,0.6112911478765137,0.38870885212348627
YAL017W,-1,23.043491803312424,204,3585,2278,35,0.40675188462799083,0.053840063341250986,0.8535564853556485,0.6114617090226846,0.38853829097731535
YKL024C,-1,23.043011644327116,204,3586,2277,35,0.40658800393313665,0.05382585751978892,0.8535564853556485,0.6116322701688556,0.3883677298311445
YDR179C,-1,23.039908197146016,204,3587,2276,35,0.40642412323828253,0.053811659192825115,0.8535564853556485,0.6118028313150264,0.38819716868497356
YCR066W,1,23.01585786448234,205,3587,2276,34,0.40658800393313665,0.054061181434599155,0.8577405857740585,0.6118028313150264,0.38819716868497356
YJL110C,-1,22.991994265056015,205,3588,2275,34,0.40642412323828253,0.054046928552596886,0.8577405857740585,0.6119733924611973,0.38802660753880264
YOR334W,-1,22.987662222179853,205,3589,2274,34,0.4062602425434284,0.054032683183974695,0.8577405857740585,0.6121439536073683,0.38785604639263177
YKL220C,-1,22.97250380959107,205,3590,2273,34,0.4060963618485742,0.05401844532279315,0.8577405857740585,0.6123145147535392,0.38768548524646085
YBR020W,-1,22.971881099432387,205,3591,2272,34,0.4059324811537201,0.05400421496311907,0.8577405857740585,0.61248507589971,0.38751492410029
YOR269W,-1,22.938623861736005,205,3592,2271,34,0.4057686004588659,0.053989992099025545,0.8577405857740585,0.612655637045881,0.38734436295411906
YDL116W,-1,22.922382297586214,205,3593,2270,34,0.4056047197640118,0.05397577672459189,0.8577405857740585,0.6128261981920519,0.38717380180794814
YDR488C,-1,22.91008795528469,205,3594,2269,34,0.4054408390691577,0.053961568833903656,0.8577405857740585,0.6129967593382227,0.38700324066177727
YJL051W,-1,22.887601387542574,205,3595,2268,34,0.4052769583743035,0.05394736842105263,0.8577405857740585,0.6131673204843937,0.38683267951560635
YDR012W,-1,22.881943988088747,205,3596,2267,34,0.4051130776794494,0.053933175480136805,0.8577405857740585,0.6133378816305646,0.3866621183694354
YMR163C,-1,22.87472398442098,205,3597,2266,34,0.4049491969845952,0.05391899000526039,0.8577405857740585,0.6135084427767354,0.38649155722326456
YDR213W,-1,22.85097377052767,205,3598,2265,34,0.40478531628974107,0.05390481199053379,0.8577405857740585,0.6136790039229063,0.38632099607709364
YMR207C,-1,22.850820766897936,205,3599,2264,34,0.40462143559488695,0.053890641430073605,0.8577405857740585,0.6138495650690773,0.3861504349309227
YDR380W,-1,22.82905974254828,205,3600,2263,34,0.40445755490003277,0.05387647831800263,0.8577405857740585,0.6140201262152482,0.38597987378475185
YIL126W,-1,22.80697809464614,205,3601,2262,34,0.40429367420517864,0.05386232264844982,0.8577405857740585,0.614190687361419,0.3858093126385809
YBR231C,-1,22.79349934901461,205,3602,2261,34,0.40412979351032446,0.0538481744155503,0.8577405857740585,0.61436124850759,0.38563875149241
YPL256C,-1,22.771462007781615,205,3603,2260,34,0.40396591281547034,0.05383403361344538,0.8577405857740585,0.6145318096537609,0.38546819034623914
YGR093W,-1,22.76490221560573,205,3604,2259,34,0.4038020321206162,0.05381990023628249,0.8577405857740585,0.6147023707999317,0.3852976292000682
YGL097W,-1,22.759478395834726,205,3605,2258,34,0.40363815142576204,0.05380577427821522,0.8577405857740585,0.6148729319461027,0.38512706805389735
YGL017W,1,22.755702226316803,206,3605,2258,33,0.4038020321206162,0.05405405405405406,0.8619246861924686,0.6148729319461027,0.38512706805389735
YKL012W,-1,22.73517982671146,206,3606,2257,33,0.40363815142576204,0.0540398740818468,0.8619246861924686,0.6150434930922736,0.3849565069077264
YML018C,-1,22.72517233656591,206,3607,2256,33,0.4034742707309079,0.05402570154733805,0.8619246861924686,0.6152140542384444,0.3847859457615555
YJL223C,-1,22.721799391330535,206,3608,2255,33,0.40331039003605373,0.0540115364446775,0.8619246861924686,0.6153846153846154,0.38461538461538464
YGR294W,-1,22.702897650062766,206,3609,2254,33,0.4031465093411996,0.05399737876802097,0.8619246861924686,0.6155551765307863,0.3844448234692137
YLR419W,-1,22.70265893902615,206,3610,2253,33,0.4029826286463455,0.053983228511530396,0.8619246861924686,0.6157257376769572,0.3842742623230428
YAR018C,-1,22.67911211930724,206,3611,2252,33,0.4028187479514913,0.053969085669373855,0.8619246861924686,0.6158962988231281,0.3841037011768719
YLR004C,-1,22.67170830610643,206,3612,2251,33,0.4026548672566372,0.05395495023572551,0.8619246861924686,0.616066859969299,0.383933140030701
YPL060W,-1,22.6676994619475,206,3613,2250,33,0.402490986561783,0.05394082220476565,0.8619246861924686,0.6162374211154699,0.3837625788845301
YNL085W,-1,22.653334935191726,206,3614,2249,33,0.4023271058669289,0.05392670157068063,0.8619246861924686,0.6164079822616408,0.3835920177383592
YER004W,-1,22.65134098377155,206,3615,2248,33,0.40216322517207476,0.053912588327662915,0.8619246861924686,0.6165785434078117,0.3834214565921883
YKL184W,-1,22.648280465709547,206,3616,2247,33,0.4019993444772206,0.05389848246991104,0.8619246861924686,0.6167491045539826,0.38325089544601737
YGL092W,-1,22.64745761688263,206,3617,2246,33,0.40183546378236645,0.05388438399162961,0.8619246861924686,0.6169196657001536,0.3830803342998465
YBR088C,-1,22.614388390446496,206,3618,2245,33,0.4016715830875123,0.05387029288702929,0.8619246861924686,0.6170902268463244,0.3829097731536756
YPR030W,-1,22.61165641707571,206,3619,2244,33,0.40150770239265815,0.053856209150326795,0.8619246861924686,0.6172607879924953,0.3827392120075047
YGL139W,-1,22.609336292957405,206,3620,2243,33,0.401343821697804,0.05384213277574491,0.8619246861924686,0.6174313491386663,0.3825686508613338
YNL286W,-1,22.60027770527484,206,3621,2242,33,0.40117994100294985,0.05382806375751241,0.8619246861924686,0.6176019102848371,0.38239808971516287
YDR062W,-1,22.56727229989279,206,3622,2241,33,0.4010160603080957,0.05381400208986416,0.8619246861924686,0.617772471431008,0.382227528568992
YLR391W,-1,22.564549356233325,206,3623,2240,33,0.40085217961324154,0.053799947767041,0.8619246861924686,0.6179430325771789,0.3820569674228211
YDL010W,-1,22.564410245390643,206,3624,2239,33,0.4006882989183874,0.05378590078328982,0.8619246861924686,0.6181135937233498,0.38188640627665016
YFL050C,-1,22.562219189364754,206,3625,2238,33,0.40052441822353324,0.05377186113286348,0.8619246861924686,0.6182841548695207,0.3817158451304793
YHR199C,-1,22.543353182506653,206,3626,2237,33,0.4003605375286791,0.05375782881002088,0.8619246861924686,0.6184547160156916,0.38154528398430837
YJL203W,-1,22.516981298227943,206,3627,2236,33,0.400196656833825,0.05374380380902687,0.8619246861924686,0.6186252771618626,0.38137472283813745
YNR024W,-1,22.51637136431588,206,3628,2235,33,0.4000327761389708,0.05372978612415232,0.8619246861924686,0.6187958383080334,0.3812041616919666
YER183C,-1,22.51188501568352,206,3629,2234,33,0.3998688954441167,0.05371577574967405,0.8619246861924686,0.6189663994542043,0.38103360054579566
YIL155C,-1,22.51034234337603,206,3630,2233,33,0.3997050147492625,0.053701772679874867,0.8619246861924686,0.6191369606003753,0.3808630393996248
YMR053C,-1,22.504140838522463,206,3631,2232,33,0.3995411340544084,0.05368777690904352,0.8619246861924686,0.6193075217465461,0.38069247825345387
YBL052C,-1,22.491776348145397,206,3632,2231,33,0.39937725335955426,0.053673788431474724,0.8619246861924686,0.619478082892717,0.38052191710728295
YMR153W,-1,22.490182631026613,206,3633,2230,33,0.3992133726647001,0.05365980724146913,0.8619246861924686,0.619648644038888,0.3803513559611121
YOR221C,-1,22.486510042207858,206,3634,2229,33,0.39904949196984596,0.05364583333333333,0.8619246861924686,0.6198192051850588,0.38018079481494116
YER029C,-1,22.476847093042153,206,3635,2228,33,0.3988856112749918,0.05363186670137985,0.8619246861924686,0.6199897663312297,0.38001023366877024
YFL029C,-1,22.44175565571736,206,3636,2227,33,0.39872173058013766,0.05361790733992712,0.8619246861924686,0.6201603274774007,0.37983967252259937
YBR136W,-1,22.437752026185176,206,3637,2226,33,0.39855784988528353,0.05360395524329951,0.8619246861924686,0.6203308886235716,0.37966911137642845
YMR016C,-1,22.43390106745597,206,3638,2225,33,0.39839396919042935,0.05359001040582726,0.8619246861924686,0.6205014497697424,0.3794985502302575
YML082W,-1,22.4289995461408,206,3639,2224,33,0.39823008849557523,0.05357607282184655,0.8619246861924686,0.6206720109159134,0.37932798908408666
YKL079W,-1,22.428997531695153,206,3640,2223,33,0.39806620780072105,0.053562142485699425,0.8619246861924686,0.6208425720620843,0.37915742793791574
YIR009W,-1,22.424274169476178,206,3641,2222,33,0.3979023271058669,0.05354821939173382,0.8619246861924686,0.6210131332082551,0.3789868667917448
YDL028C,-1,22.418433094887316,206,3642,2221,33,0.3977384464110128,0.05353430353430354,0.8619246861924686,0.6211836943544261,0.37881630564557395
YDL156W,-1,22.371714395479103,206,3643,2220,33,0.3975745657161586,0.05352039490776825,0.8619246861924686,0.621354255500597,0.378645744499403
YLL067C,-1,22.36089747102801,206,3644,2219,33,0.3974106850213045,0.05350649350649351,0.8619246861924686,0.6215248166467678,0.37847518335323216
YMR121C,-1,22.34198389243839,206,3645,2218,33,0.3972468043264503,0.05349259932485069,0.8619246861924686,0.6216953777929388,0.37830462220706124
YDL247W,-1,22.33936274854636,206,3646,2217,33,0.3970829236315962,0.05347871235721703,0.8619246861924686,0.6218659389391097,0.3781340610608903
YNL240C,-1,22.33471468306452,206,3647,2216,33,0.3969190429367421,0.0534648325979756,0.8619246861924686,0.6220365000852806,0.37796349991471945
YGL098W,-1,22.33016060738158,206,3648,2215,33,0.3967551622418879,0.05345096004151531,0.8619246861924686,0.6222070612314515,0.3777929387685485
YLR406C,-1,22.319887668726242,206,3649,2214,33,0.39659128154703377,0.053437094682230867,0.8619246861924686,0.6223776223776224,0.3776223776223776
YPL281C,-1,22.317959561052646,206,3650,2213,33,0.3964274008521796,0.05342323651452282,0.8619246861924686,0.6225481835237933,0.37745181647620674
YKL035W,-1,22.30905961447683,206,3651,2212,33,0.39626352015732547,0.05340938553279751,0.8619246861924686,0.6227187446699641,0.3772812553300358
YIL071C,-1,22.30548997749265,206,3652,2211,33,0.39609963946247134,0.05339554173146708,0.8619246861924686,0.6228893058161351,0.3771106941838649
YIL173W,-1,22.280351587618878,206,3653,2210,33,0.39593575876761716,0.05338170510494947,0.8619246861924686,0.623059866962306,0.376940133037694
YKL112W,-1,22.272154631474947,206,3654,2209,33,0.39577187807276304,0.05336787564766839,0.8619246861924686,0.6232304281084768,0.3767695718915231
YPL209C,-1,22.25045901595599,206,3655,2208,33,0.39560799737790886,0.053354053354053355,0.8619246861924686,0.6234009892546478,0.37659901074535224
YNL291C,-1,22.24971405016519,206,3656,2207,33,0.39544411668305474,0.053340238218539615,0.8619246861924686,0.6235715504008187,0.3764284495991813
YIL068C,-1,22.24761187208766,206,3657,2206,33,0.3952802359882006,0.05332643023556821,0.8619246861924686,0.6237421115469896,0.3762578884530104
YGL184C,-1,22.199352678332417,206,3658,2205,33,0.39511635529334643,0.05331262939958592,0.8619246861924686,0.6239126726931605,0.3760873273068395
YDL027C,-1,22.1789839994085,206,3659,2204,33,0.3949524745984923,0.053298835705045275,0.8619246861924686,0.6240832338393314,0.3759167661606686
YDR037W,-1,22.160197806384083,206,3660,2203,33,0.39478859390363813,0.05328504914640455,0.8619246861924686,0.6242537949855023,0.3757462050144977
YLR206W,-1,22.15932751730685,206,3661,2202,33,0.394624713208784,0.05327126971812775,0.8619246861924686,0.6244243561316732,0.3755756438683268
YCR020C-A,-1,22.14375874708351,206,3662,2201,33,0.3944608325139299,0.05325749741468459,0.8619246861924686,0.6245949172778441,0.3754050827221559
YOR226C,-1,22.123416464334248,206,3663,2200,33,0.3942969518190757,0.05324373223055053,0.8619246861924686,0.624765478424015,0.37523452157598497
YER162C,-1,22.121154057243757,206,3664,2199,33,0.3941330711242216,0.053229974160206715,0.8619246861924686,0.624936039570186,0.3750639604298141
YLL021W,-1,22.10834569579592,206,3665,2198,33,0.3939691904293674,0.05321622319814002,0.8619246861924686,0.6251066007163568,0.3748933992836432
YDR390C,1,22.101063440503427,207,3665,2198,32,0.3941330711242216,0.053460743801652895,0.8661087866108786,0.6251066007163568,0.3748933992836432
YDR351W,-1,22.07396339528222,207,3666,2197,32,0.3939691904293674,0.053446940356312936,0.8661087866108786,0.6252771618625277,0.37472283813747226
YGR088W,-1,22.06316217625335,207,3667,2196,32,0.3938053097345133,0.05343314403717088,0.8661087866108786,0.6254477230086987,0.3745522769913014
YPL130W,-1,22.055004919348097,207,3668,2195,32,0.39364142903965915,0.05341935483870968,0.8661087866108786,0.6256182841548695,0.37438171584513047
YMR139W,-1,22.046573211263894,207,3669,2194,32,0.393477548344805,0.053405572755417956,0.8661087866108786,0.6257888453010404,0.3742111546989596
YLL014W,-1,22.04175771883729,207,3670,2193,32,0.39331366764995085,0.05339179778179005,0.8661087866108786,0.6259594064472114,0.3740405935527887
YKL095W,-1,22.038185344105838,207,3671,2192,32,0.39314978695509667,0.053378029912325944,0.8661087866108786,0.6261299675933822,0.37387003240661776
YNL255C,-1,22.03339359250696,207,3672,2191,32,0.39298590626024255,0.05336426914153132,0.8661087866108786,0.6263005287395531,0.3736994712604469
YLR385C,-1,22.02867532855242,207,3673,2190,32,0.3928220255653884,0.053350515463917524,0.8661087866108786,0.6264710898857241,0.37352891011427597
YBR135W,-1,22.02849390720957,207,3674,2189,32,0.39265814487053424,0.053336768874001544,0.8661087866108786,0.626641651031895,0.37335834896810505
YML074C,-1,22.018795739848706,207,3675,2188,32,0.3924942641756801,0.05332302936630603,0.8661087866108786,0.6268122121780658,0.3731877878219342
YIL078W,-1,22.00433830157863,207,3676,2187,32,0.39233038348082594,0.05330929693535926,0.8661087866108786,0.6269827733242367,0.37301722667576326
YDL239C,-1,21.99232041787805,207,3677,2186,32,0.3921665027859718,0.05329557157569516,0.8661087866108786,0.6271533344704077,0.37284666552959234
YOR295W,-1,21.96978245063125,207,3678,2185,32,0.3920026220911177,0.05328185328185328,0.8661087866108786,0.6273238956165785,0.37267610438342147
YMR310C,-1,21.96499271886177,207,3679,2184,32,0.3918387413962635,0.0532681420483788,0.8661087866108786,0.6274944567627494,0.37250554323725055
YNL127W,-1,21.96308992538627,207,3680,2183,32,0.3916748607014094,0.05325443786982249,0.8661087866108786,0.6276650179089204,0.3723349820910796
YGR207C,-1,21.94660636705953,207,3681,2182,32,0.3915109800065552,0.05324074074074074,0.8661087866108786,0.6278355790550912,0.37216442094490876
YLR106C,-1,21.930275122242495,207,3682,2181,32,0.3913470993117011,0.05322705065569555,0.8661087866108786,0.6280061402012621,0.37199385979873784
YPR008W,-1,21.929655246074468,207,3683,2180,32,0.39118321861684696,0.0532133676092545,0.8661087866108786,0.6281767013474331,0.37182329865256697
YOL130W,-1,21.92200269705933,207,3684,2179,32,0.3910193379219928,0.05319969159599075,0.8661087866108786,0.628347262493604,0.37165273750639605
YMR027W,-1,21.913524987229167,207,3685,2178,32,0.39085545722713866,0.053186022610483046,0.8661087866108786,0.6285178236397748,0.3714821763602251
YER090W,-1,21.913093370498245,207,3686,2177,32,0.3906915765322845,0.053172360647315696,0.8661087866108786,0.6286883847859458,0.37131161521405426
YNL023C,-1,21.87898558995638,207,3687,2176,32,0.39052769583743036,0.053158705701078585,0.8661087866108786,0.6288589459321167,0.37114105406788334
YGR060W,-1,21.871895434915988,207,3688,2175,32,0.39036381514257623,0.05314505776636714,0.8661087866108786,0.6290295070782875,0.3709704929217124
YPR060C,-1,21.808255652630642,207,3689,2174,32,0.39019993444772205,0.053131416837782344,0.8661087866108786,0.6292000682244585,0.37079993177554155
YJR111C,-1,21.80721274136522,207,3690,2173,32,0.39003605375286793,0.053117782909930716,0.8661087866108786,0.6293706293706294,0.3706293706293706
YDR097C,-1,21.804946551148124,207,3691,2172,32,0.38987217305801375,0.05310415597742432,0.8661087866108786,0.6295411905168002,0.3704588094831997
YER119C,-1,21.800621495651917,207,3692,2171,32,0.3897082923631596,0.05309053603488074,0.8661087866108786,0.6297117516629712,0.37028824833702884
YIL132C,-1,21.77480938795493,207,3693,2170,32,0.3895444116683055,0.05307692307692308,0.8661087866108786,0.6298823128091421,0.3701176871908579
YAL034W-A,-1,21.756778341099437,207,3694,2169,32,0.3893805309734513,0.053063317098179956,0.8661087866108786,0.630052873955313,0.36994712604468705
YDR527W,-1,21.756331121060427,207,3695,2168,32,0.3892166502785972,0.05304971809328549,0.8661087866108786,0.6302234351014839,0.3697765648985161
YML056C,-1,21.7557317441122,207,3696,2167,32,0.389052769583743,0.053036126056879324,0.8661087866108786,0.6303939962476548,0.3696060037523452
YER035W,-1,21.753074038752885,207,3697,2166,32,0.3888888888888889,0.05302254098360656,0.8661087866108786,0.6305645573938257,0.36943544260617434
YJL208C,-1,21.722498473109972,207,3698,2165,32,0.3887250081940347,0.0530089628681178,0.8661087866108786,0.6307351185399966,0.3692648814600034
YOR207C,-1,21.717582199850963,207,3699,2164,32,0.3885611274991806,0.052995391705069124,0.8661087866108786,0.6309056796861675,0.3690943203138325
YDR141C,-1,21.715663211754222,207,3700,2163,32,0.38839724680432647,0.052981827489122085,0.8661087866108786,0.6310762408323384,0.3689237591676616
YJR094C,-1,21.70327317194121,207,3701,2162,32,0.3882333661094723,0.052968270214943707,0.8661087866108786,0.6312468019785092,0.3687531980214907
YDR119W,-1,21.699929261160282,207,3702,2161,32,0.38806948541461816,0.052954719877206444,0.8661087866108786,0.6314173631246802,0.3685826368753198
YKL001C,-1,21.661079262362563,207,3703,2160,32,0.387905604719764,0.052941176470588235,0.8661087866108786,0.6315879242708511,0.3684120757291489
YML097C,1,21.64005642099069,208,3703,2160,31,0.38806948541461816,0.05318332907184863,0.8702928870292888,0.6315879242708511,0.3684120757291489
YOR033C,-1,21.63704072928956,208,3704,2159,31,0.387905604719764,0.053169734151329244,0.8702928870292888,0.631758485417022,0.368241514582978
YOR394W,-1,21.611604957429872,208,3705,2158,31,0.38774172402490986,0.053156146179401995,0.8702928870292888,0.6319290465631929,0.36807095343680707
YLL036C,1,21.608513294433454,209,3705,2158,30,0.387905604719764,0.05339805825242718,0.8744769874476988,0.6319290465631929,0.36807095343680707
YHR187W,-1,21.583518734347926,209,3706,2157,30,0.38774172402490986,0.053384418901660284,0.8744769874476988,0.6320996077093638,0.3679003922906362
YBR137W,-1,21.581461740573104,209,3707,2156,30,0.38757784333005574,0.05337078651685393,0.8744769874476988,0.6322701688555347,0.3677298311444653
YCR057C,-1,21.567749902023714,209,3708,2155,30,0.38741396263520156,0.05335716109267297,0.8744769874476988,0.6324407300017056,0.3675592699982944
YPL243W,-1,21.56673721862498,209,3709,2154,30,0.38725008194034743,0.05334354262378765,0.8744769874476988,0.6326112911478765,0.3673887088521235
YFL047W,-1,21.56426064985851,209,3710,2153,30,0.38708620124549326,0.05332993110487369,0.8744769874476988,0.6327818522940474,0.36721814770595257
YPL151C,-1,21.561326121629886,209,3711,2152,30,0.38692232055063913,0.053316326530612246,0.8744769874476988,0.6329524134402184,0.3670475865597817
YKR099W,-1,21.55594331906631,209,3712,2151,30,0.386758439855785,0.05330272889568988,0.8744769874476988,0.6331229745863892,0.3668770254136108
YBR091C,-1,21.553175734263014,209,3713,2150,30,0.38659455916093083,0.05328913819479857,0.8744769874476988,0.6332935357325601,0.36670646426743986
YML116W,-1,21.55246957285168,209,3714,2149,30,0.3864306784660767,0.053275554422635735,0.8744769874476988,0.6334640968787311,0.366535903121269
YKR071C,-1,21.540310171083895,209,3715,2148,30,0.3862667977712225,0.053261977573904176,0.8744769874476988,0.6336346580249019,0.36636534197509807
YGR003W,1,21.53760746650618,210,3715,2148,29,0.3864306784660767,0.0535031847133758,0.8786610878661087,0.6336346580249019,0.36636534197509807
YOR044W,-1,21.515156615509568,210,3716,2147,29,0.3862667977712225,0.05348955680081508,0.8786610878661087,0.6338052191710728,0.36619478082892715
YCR058C,-1,21.51352087337,210,3717,2146,29,0.3861029170763684,0.053475935828877004,0.8786610878661087,0.6339757803172438,0.3660242196827563
YLR094C,-1,21.509685303760975,210,3718,2145,29,0.3859390363815143,0.053462321792260695,0.8786610878661087,0.6341463414634146,0.36585365853658536
YGL163C,-1,21.509662750794167,210,3719,2144,29,0.3857751556866601,0.053448714685670654,0.8786610878661087,0.6343169026095855,0.3656830973904145
YPL250C,-1,21.494679829652412,210,3720,2143,29,0.385611274991806,0.05343511450381679,0.8786610878661087,0.6344874637557565,0.36551253624424357
YLR099C,-1,21.483317402780195,210,3721,2142,29,0.3854473942969518,0.053421521241414395,0.8786610878661087,0.6346580249019274,0.36534197509807265
YBR074W,-1,21.46435875238197,210,3722,2141,29,0.38528351360209767,0.05340793489318413,0.8786610878661087,0.6348285860480982,0.3651714139519018
YIL121W,-1,21.454328758049535,210,3723,2140,29,0.38511963290724355,0.05339435545385202,0.8786610878661087,0.6349991471942692,0.36500085280573086
YGL234W,-1,21.453585537283615,210,3724,2139,29,0.38495575221238937,0.05338078291814947,0.8786610878661087,0.6351697083404401,0.36483029165955994
YER139C,-1,21.44822573927698,210,3725,2138,29,0.38479187151753524,0.053367217280813214,0.8786610878661087,0.6353402694866109,0.36465973051338907
YGL256W,-1,21.43867201101228,210,3726,2137,29,0.38462799082268107,0.053353658536585365,0.8786610878661087,0.6355108306327818,0.36448916936721815
YMR243C,-1,21.4351584662183,210,3727,2136,29,0.38446411012782694,0.05334010668021336,0.8786610878661087,0.6356813917789528,0.3643186082210472
YER009W,-1,21.4320264809243,210,3728,2135,29,0.3843002294329728,0.053326561706449976,0.8786610878661087,0.6358519529251236,0.36414804707487636
YOL004W,-1,21.431087513170308,210,3729,2134,29,0.38413634873811864,0.053313023610053314,0.8786610878661087,0.6360225140712945,0.36397748592870544
YOR241W,-1,21.427190631636734,210,3730,2133,29,0.3839724680432645,0.0532994923857868,0.8786610878661087,0.6361930752174655,0.3638069247825345
YMR316W,-1,21.42331869593533,210,3731,2132,29,0.38380858734841033,0.05328596802841918,0.8786610878661087,0.6363636363636364,0.36363636363636365
YLR283W,-1,21.419686501977594,210,3732,2131,29,0.3836447066535562,0.0532724505327245,0.8786610878661087,0.6365341975098072,0.3634658024901927
YGR224W,-1,21.401515842284695,210,3733,2130,29,0.3834808259587021,0.05325893989348212,0.8786610878661087,0.6367047586559782,0.36329524134402186
YOR090C,-1,21.38424483593286,210,3734,2129,29,0.3833169452638479,0.053245436105476676,0.8786610878661087,0.6368753198021491,0.36312468019785094
YHL040C,-1,21.370304445301297,210,3735,2128,29,0.3831530645689938,0.053231939163498096,0.8786610878661087,0.6370458809483199,0.36295411905168
YOR195W,-1,21.330969442295427,210,3736,2127,29,0.3829891838741396,0.05321844906234161,0.8786610878661087,0.6372164420944909,0.36278355790550915
YHR064C,-1,21.328062212287076,210,3737,2126,29,0.3828253031792855,0.0532049657968077,0.8786610878661087,0.6373870032406618,0.3626129967593382
YBL028C,-1,21.31166535288698,210,3738,2125,29,0.38266142248443136,0.05319148936170213,0.8786610878661087,0.6375575643868326,0.3624424356131673
YJL207C,-1,21.302901106727905,210,3739,2124,29,0.3824975417895772,0.053178019751835906,0.8786610878661087,0.6377281255330036,0.36227187446699644
YCR055C,-1,21.297306406733696,210,3740,2123,29,0.38233366109472305,0.053164556962025315,0.8786610878661087,0.6378986866791745,0.3621013133208255
YGR185C,-1,21.284108587375126,210,3741,2122,29,0.3821697803998689,0.05315110098709187,0.8786610878661087,0.6380692478253454,0.3619307521746546
YFR002W,-1,21.243575193004947,210,3742,2121,29,0.38200589970501475,0.05313765182186235,0.8786610878661087,0.6382398089715163,0.3617601910284837
YKL007W,-1,21.24027596424071,210,3743,2120,29,0.3818420190101606,0.053124209461168734,0.8786610878661087,0.6384103701176872,0.3615896298823128
YOR184W,-1,21.23454756681335,210,3744,2119,29,0.38167813831530645,0.05311077389984825,0.8786610878661087,0.6385809312638581,0.3614190687361419
YGL075C,-1,21.234042674420884,210,3745,2118,29,0.3815142576204523,0.05309734513274336,0.8786610878661087,0.638751492410029,0.361248507589971
YNR010W,-1,21.233885737803856,210,3746,2117,29,0.38135037692559814,0.05308392315470172,0.8786610878661087,0.6389220535561999,0.3610779464438001
YOR034C,-1,21.232571176118544,210,3747,2116,29,0.381186496230744,0.05307050796057619,0.8786610878661087,0.6390926147023708,0.3609073852976292
YMR058W,-1,21.21487506191127,210,3748,2115,29,0.3810226155358899,0.05305709954522486,0.8786610878661087,0.6392631758485418,0.3607368241514583
YDR077W,-1,21.209838876799502,210,3749,2114,29,0.3808587348410357,0.05304369790351099,0.8786610878661087,0.6394337369947126,0.3605662630052874
YHR206W,-1,21.187502805737353,210,3750,2113,29,0.3806948541461816,0.05303030303030303,0.8786610878661087,0.6396042981408835,0.3603957018591165
YPR048W,-1,21.151724864829728,210,3751,2112,29,0.3805309734513274,0.053016914920474625,0.8786610878661087,0.6397748592870544,0.3602251407129456
YPL196W,-1,21.140250412050015,210,3752,2111,29,0.3803670927564733,0.053003533568904596,0.8786610878661087,0.6399454204332253,0.36005457956677467
YJL025W,-1,21.132833298549645,210,3753,2110,29,0.38020321206161917,0.05299015897047691,0.8786610878661087,0.6401159815793962,0.3598840184206038
YOL052C,-1,21.107806945764686,210,3754,2109,29,0.380039331366765,0.052976791120080725,0.8786610878661087,0.6402865427255671,0.3597134572744329
YNR008W,-1,21.09071842465444,210,3755,2108,29,0.37987545067191086,0.05296343001261034,0.8786610878661087,0.640457103871738,0.35954289612826196
YMR319C,-1,21.089012170306216,210,3756,2107,29,0.3797115699770567,0.0529500756429652,0.8786610878661087,0.6406276650179089,0.3593723349820911
YOL097C,-1,21.040048028062724,210,3757,2106,29,0.37954768928220256,0.05293672800604991,0.8786610878661087,0.6407982261640798,0.35920177383592017
YOR038C,-1,21.025932994432193,210,3758,2105,29,0.37938380858734844,0.052923387096774195,0.8786610878661087,0.6409687873102508,0.3590312126897493
YML046W,-1,21.019825361440205,210,3759,2104,29,0.37921992789249426,0.05291005291005291,0.8786610878661087,0.6411393484564216,0.3588606515435784
YBR166C,-1,21.003629449247924,210,3760,2103,29,0.37905604719764013,0.05289672544080604,0.8786610878661087,0.6413099096025925,0.35869009039740746
YEL039C,-1,20.989097651465325,210,3761,2102,29,0.37889216650278595,0.0528834046839587,0.8786610878661087,0.6414804707487635,0.3585195292512366
YDR471W,-1,20.98641463315897,210,3762,2101,29,0.37872828580793183,0.052870090634441085,0.8786610878661087,0.6416510318949343,0.35834896810506567
YBR103W,-1,20.985130407985174,210,3763,2100,29,0.3785644051130777,0.05285678328718852,0.8786610878661087,0.6418215930411052,0.35817840695889475
YLR170C,-1,20.984698174326233,210,3764,2099,29,0.3784005244182235,0.05284348263714142,0.8786610878661087,0.6419921541872762,0.3580078458127239
YKL189W,-1,20.978720560990272,210,3765,2098,29,0.3782366437233694,0.052830188679245285,0.8786610878661087,0.642162715333447,0.35783728466655296
YBR050C,-1,20.974893196214133,210,3766,2097,29,0.3780727630285152,0.0528169014084507,0.8786610878661087,0.6423332764796179,0.35766672352038203
YIL165C,-1,20.97369387259255,210,3767,2096,29,0.3779088823336611,0.05280362081971335,0.8786610878661087,0.6425038376257889,0.35749616237421117
YBR252W,-1,20.970892552177887,210,3768,2095,29,0.3777450016388069,0.05279034690799397,0.8786610878661087,0.6426743987719598,0.35732560122804025
YPL202C,-1,20.959349306889486,210,3769,2094,29,0.3775811209439528,0.052777079668258356,0.8786610878661087,0.6428449599181306,0.3571550400818693
YOR355W,-1,20.95231152680681,210,3770,2093,29,0.3774172402490987,0.052763819095477386,0.8786610878661087,0.6430155210643016,0.35698447893569846
YBR045C,-1,20.912314948708804,210,3771,2092,29,0.3772533595542445,0.05275056518462698,0.8786610878661087,0.6431860822104725,0.35681391778952753
YJR068W,-1,20.86210749627785,210,3772,2091,29,0.37708947885939037,0.052737317930688095,0.8786610878661087,0.6433566433566433,0.35664335664335667
YJL038C,-1,20.846873903063404,210,3773,2090,29,0.3769255981645362,0.05272407732864675,0.8786610878661087,0.6435272045028143,0.35647279549718575
YLR321C,-1,20.827585098884818,210,3774,2089,29,0.37676171746968207,0.05271084337349398,0.8786610878661087,0.6436977656489852,0.3563022343510148
YDR034C,-1,20.810802846515628,210,3775,2088,29,0.37659783677482794,0.05269761606022585,0.8786610878661087,0.643868326795156,0.35613167320484396
YLR015W,-1,20.803629587345334,210,3776,2087,29,0.37643395607997376,0.05268439538384345,0.8786610878661087,0.644038887941327,0.35596111205867303
YPL124W,-1,20.796258395153064,210,3777,2086,29,0.37627007538511964,0.0526711813393529,0.8786610878661087,0.6442094490874979,0.3557905509125021
YER176W,-1,20.78914770401112,210,3778,2085,29,0.37610619469026546,0.05265797392176529,0.8786610878661087,0.6443800102336688,0.35561998976633125
YLR071C,-1,20.775884134807022,210,3779,2084,29,0.37594231399541134,0.052644773126096764,0.8786610878661087,0.6445505713798396,0.3554494286201603
YPL220W,-1,20.775778635903514,210,3780,2083,29,0.3757784333005572,0.05263157894736842,0.8786610878661087,0.6447211325260106,0.3552788674739894
YLL015W,-1,20.77390347076944,210,3781,2082,29,0.37561455260570303,0.052618391380606366,0.8786610878661087,0.6448916936721815,0.35510830632781853
YHL024W,-1,20.74728676176169,210,3782,2081,29,0.3754506719108489,0.05260521042084168,0.8786610878661087,0.6450622548183523,0.3549377451816476
YMR247C,-1,20.746401123598208,210,3783,2080,29,0.37528679121599473,0.05259203606311044,0.8786610878661087,0.6452328159645233,0.35476718403547675
YPR193C,-1,20.742917855219975,210,3784,2079,29,0.3751229105211406,0.05257886830245368,0.8786610878661087,0.6454033771106942,0.3545966228893058
YHL017W,-1,20.7395936987707,210,3785,2078,29,0.3749590298262865,0.052565707133917394,0.8786610878661087,0.645573938256865,0.3544260617431349
YAL061W,-1,20.70116367503301,210,3786,2077,29,0.3747951491314323,0.052552552552552555,0.8786610878661087,0.645744499403036,0.35425550059696403
YLR145W,-1,20.699335022107384,210,3787,2076,29,0.3746312684365782,0.05253940455341506,0.8786610878661087,0.6459150605492069,0.3540849394507931
YLR359W,-1,20.69931266613155,210,3788,2075,29,0.374467387741724,0.05252626313156578,0.8786610878661087,0.6460856216953778,0.3539143783046222
YGR184C,1,20.693308227315008,211,3788,2075,28,0.3746312684365782,0.05276319079769942,0.8828451882845189,0.6460856216953778,0.3539143783046222
YMR045C,-1,20.686067275935784,211,3789,2074,28,0.374467387741724,0.05275,0.8828451882845189,0.6462561828415487,0.3537438171584513
YLR384C,-1,20.68078625629994,211,3790,2073,28,0.3743035070468699,0.05273681579605099,0.8828451882845189,0.6464267439877196,0.3535732560122804
YOR129C,-1,20.676337246356006,211,3791,2072,28,0.37413962635201575,0.05272363818090955,0.8828451882845189,0.6465973051338905,0.3534026948661095
YPR054W,-1,20.651688766730796,211,3792,2071,28,0.3739757456571616,0.05271046714963777,0.8828451882845189,0.6467678662800614,0.3532321337199386
YLR083C,-1,20.650546906629888,211,3793,2070,28,0.37381186496230745,0.052697302697302696,0.8828451882845189,0.6469384274262323,0.3530615725737677
YGR258C,-1,20.639311103786497,211,3794,2069,28,0.37364798426745327,0.05268414481897628,0.8828451882845189,0.6471089885724032,0.35289101142759677
YFL023W,-1,20.63237166252255,211,3795,2068,28,0.37348410357259915,0.0526709935097354,0.8828451882845189,0.6472795497185742,0.3527204502814259
YLR008C,-1,20.631762622365166,211,3796,2067,28,0.373320222877745,0.05265784876466184,0.8828451882845189,0.647450110864745,0.352549889135255
YPR112C,-1,20.62563145298483,211,3797,2066,28,0.37315634218289084,0.05264471057884232,0.8828451882845189,0.6476206720109159,0.3523793279890841
YEL018W,-1,20.625480141360683,211,3798,2065,28,0.3729924614880367,0.05263157894736842,0.8828451882845189,0.6477912331570869,0.3522087668429132
YCL037C,-1,20.611566385564988,211,3799,2064,28,0.37282858079318254,0.05261845386533666,0.8828451882845189,0.6479617943032577,0.35203820569674227
YHR040W,-1,20.606396364584903,211,3800,2063,28,0.3726647000983284,0.05260533532784842,0.8828451882845189,0.6481323554494286,0.3518676445505714
YOL080C,-1,20.605634564476485,211,3801,2062,28,0.3725008194034743,0.05259222333000997,0.8828451882845189,0.6483029165955996,0.3516970834044005
YLR281C,-1,20.597088420177894,211,3802,2061,28,0.3723369387086201,0.05257911786693247,0.8828451882845189,0.6484734777417704,0.35152652225822956
YCR068W,-1,20.588364041215655,211,3803,2060,28,0.372173058013766,0.05256601893373194,0.8828451882845189,0.6486440388879413,0.3513559611120587
YER122C,-1,20.557548730097412,211,3804,2059,28,0.3720091773189118,0.052552926525529266,0.8828451882845189,0.6488146000341122,0.35118539996588777
YNL133C,-1,20.54279617033739,211,3805,2058,28,0.3718452966240577,0.0525398406374502,0.8828451882845189,0.6489851611802832,0.35101483881971685
YAL051W,-1,20.527539253473904,211,3806,2057,28,0.37168141592920356,0.05252676126462534,0.8828451882845189,0.649155722326454,0.350844277673546
YOR021C,-1,20.527505252213597,211,3807,2056,28,0.3715175352343494,0.052513688402190145,0.8828451882845189,0.6493262834726249,0.35067371652737506
YPL214C,-1,20.52049037609813,211,3808,2055,28,0.37135365453949526,0.0525006220452849,0.8828451882845189,0.6494968446187959,0.35050315538120413
YER014W,-1,20.517465510400942,211,3809,2054,28,0.3711897738446411,0.052487562189054725,0.8828451882845189,0.6496674057649667,0.35033259423503327
YBL060W,-1,20.516822910756545,211,3810,2053,28,0.37102589314978696,0.05247450882864959,0.8828451882845189,0.6498379669111376,0.35016203308886235
YJL198W,-1,20.512214041429367,211,3811,2052,28,0.37086201245493283,0.05246146195922426,0.8828451882845189,0.6500085280573086,0.3499914719426915
YBL016W,-1,20.50085379140551,211,3812,2051,28,0.37069813176007865,0.052448421575938355,0.8828451882845189,0.6501790892034794,0.34982091079652056
YGR292W,-1,20.481137197473792,211,3813,2050,28,0.37053425106522453,0.052435387673956266,0.8828451882845189,0.6503496503496503,0.34965034965034963
YIR007W,-1,20.465920928727428,211,3814,2049,28,0.37037037037037035,0.05242236024844721,0.8828451882845189,0.6505202114958213,0.34947978850417877
YMR136W,-1,20.460399767969893,211,3815,2048,28,0.3702064896755162,0.052409339294585196,0.8828451882845189,0.6506907726419922,0.34930922735800785
YER155C,-1,20.457353088998243,211,3816,2047,28,0.3700426089806621,0.05239632480754904,0.8828451882845189,0.650861333788163,0.3491386662118369
YDL092W,-1,20.45036547038375,211,3817,2046,28,0.3698787282858079,0.052383316782522345,0.8828451882845189,0.651031894934334,0.34896810506566606
YDR463W,-1,20.447119757220317,211,3818,2045,28,0.3697148475909538,0.05237031521469347,0.8828451882845189,0.6512024560805049,0.34879754391949513
YLR256W,-1,20.425536533895773,211,3819,2044,28,0.3695509668960996,0.05235732009925558,0.8828451882845189,0.6513730172266757,0.3486269827733242
YDR461W,-1,20.418878420544488,211,3820,2043,28,0.3693870862012455,0.0523443314314066,0.8828451882845189,0.6515435783728467,0.34845642162715335
YDL074C,1,20.41719889758171,212,3820,2043,27,0.3695509668960996,0.05257936507936508,0.8870292887029289,0.6515435783728467,0.34845642162715335
YIR015W,-1,20.390515967600077,212,3821,2042,27,0.3693870862012455,0.0525663277956856,0.8870292887029289,0.6517141395190176,0.3482858604809824
YNR044W,-1,20.388592968147414,212,3822,2041,27,0.36922320550639137,0.052553296975706494,0.8870292887029289,0.6518847006651884,0.34811529933481156
YIL016W,-1,20.351061920838777,212,3823,2040,27,0.3690593248115372,0.052540272614622054,0.8870292887029289,0.6520552618113594,0.34794473818864063
YDR311W,-1,20.345846676540873,212,3824,2039,27,0.36889544411668307,0.05252725470763132,0.8870292887029289,0.6522258229575303,0.3477741770424697
YGR236C,-1,20.324914384957065,212,3825,2038,27,0.3687315634218289,0.05251424324993807,0.8870292887029289,0.6523963841037012,0.34760361589629885
YPL273W,-1,20.309744167330432,212,3826,2037,27,0.36856768272697477,0.05250123823675087,0.8870292887029289,0.6525669452498721,0.3474330547501279
YHR020W,-1,20.298426920586312,212,3827,2036,27,0.36840380203212064,0.05248823966328299,0.8870292887029289,0.652737506396043,0.347262493603957
YML065W,-1,20.27318942909499,212,3828,2035,27,0.36823992133726646,0.05247524752475247,0.8870292887029289,0.6529080675422139,0.34709193245778613
YOL007C,-1,20.268664069583984,212,3829,2034,27,0.36807604064241234,0.05246226181638208,0.8870292887029289,0.6530786286883847,0.3469213713116152
YHL046C,-1,20.26116722066558,212,3830,2033,27,0.36791215994755816,0.05244928253339931,0.8870292887029289,0.6532491898345557,0.3467508101654443
YER007C-A,-1,20.24506719135593,212,3831,2032,27,0.36774827925270404,0.05243630967103636,0.8870292887029289,0.6534197509807266,0.3465802490192734
YPR025C,-1,20.238153791798297,212,3832,2031,27,0.3675843985578499,0.05242334322453017,0.8870292887029289,0.6535903121268974,0.3464096878731025
YOR030W,-1,20.22392839890124,212,3833,2030,27,0.36742051786299573,0.052410383189122375,0.8870292887029289,0.6537608732730684,0.3462391267269316
YEL003W,-1,20.197872061701144,212,3834,2029,27,0.3672566371681416,0.05239742956005932,0.8870292887029289,0.6539314344192393,0.3460685655807607
YDL035C,-1,20.184173849890318,212,3835,2028,27,0.36709275647328743,0.05238448233259204,0.8870292887029289,0.6541019955654102,0.3458980044345898
YNR072W,-1,20.1720276031079,212,3836,2027,27,0.3669288757784333,0.05237154150197629,0.8870292887029289,0.6542725567115811,0.3457274432884189
YOR076C,-1,20.16870757167738,212,3837,2026,27,0.3667649950835792,0.052358607063472465,0.8870292887029289,0.654443117857752,0.345556882142248
YLR214W,-1,20.16386124886353,212,3838,2025,27,0.366601114388725,0.05234567901234568,0.8870292887029289,0.6546136790039229,0.3453863209960771
YIL067C,-1,20.151746612767283,212,3839,2024,27,0.3664372336938709,0.052332757343865714,0.8870292887029289,0.6547842401500938,0.3452157598499062
YPR120C,-1,20.14775803662426,212,3840,2023,27,0.3662733529990167,0.05231984205330701,0.8870292887029289,0.6549548012962647,0.3450451987037353
YPL023C,-1,20.138170265838777,212,3841,2022,27,0.3661094723041626,0.05230693313594868,0.8870292887029289,0.6551253624424356,0.34487463755756437
YDL167C,-1,20.13649391034134,212,3842,2021,27,0.3659455916093084,0.05229403058707449,0.8870292887029289,0.6552959235886066,0.3447040764113935
YER060W-A,-1,20.104353599394045,212,3843,2020,27,0.36578171091445427,0.05228113440197287,0.8870292887029289,0.6554664847347774,0.3445335152652226
YOR306C,-1,20.064838383040957,212,3844,2019,27,0.36561783021960015,0.05226824457593689,0.8870292887029289,0.6556370458809483,0.34436295411905166
YJL101C,-1,20.060997967554233,212,3845,2018,27,0.36545394952474597,0.052255361104264236,0.8870292887029289,0.6558076070271193,0.3441923929728808
YGR255C,-1,20.052355726492337,212,3846,2017,27,0.36529006882989185,0.05224248398225727,0.8870292887029289,0.6559781681732901,0.34402183182670987
YBL071W-A,-1,20.046941644977288,212,3847,2016,27,0.36512618813503767,0.052229613205222965,0.8870292887029289,0.656148729319461,0.343851270680539
YDR058C,-1,20.023819859996397,212,3848,2015,27,0.36496230744018354,0.052216748768472904,0.8870292887029289,0.656319290465632,0.3436807095343681
YCL026C-A,-1,20.003119614621596,212,3849,2014,27,0.3647984267453294,0.05220389066732332,0.8870292887029289,0.6564898516118028,0.34351014838819716
YNL154C,-1,19.986911192322015,212,3850,2013,27,0.36463454605047524,0.052191038897095025,0.8870292887029289,0.6566604127579737,0.3433395872420263
YHR105W,-1,19.96112041320745,212,3851,2012,27,0.3644706653556211,0.05217819345311346,0.8870292887029289,0.6568309739041447,0.34316902609585537
YPR196W,-1,19.961046816734893,212,3852,2011,27,0.36430678466076694,0.05216535433070866,0.8870292887029289,0.6570015350503156,0.34299846494968445
YKR091W,-1,19.95810631812609,212,3853,2010,27,0.3641429039659128,0.052152521525215254,0.8870292887029289,0.6571720961964864,0.3428279038035136
YIL118W,-1,19.956176561016186,212,3854,2009,27,0.3639790232710587,0.05213969503197245,0.8870292887029289,0.6573426573426573,0.34265734265734266
YDR285W,-1,19.954940611961607,212,3855,2008,27,0.3638151425762045,0.05212687484632407,0.8870292887029289,0.6575132184888283,0.34248678151117173
YGR247W,-1,19.954904165274257,212,3856,2007,27,0.3636512618813504,0.05211406096361849,0.8870292887029289,0.6576837796349991,0.34231622036500087
YAR002W,-1,19.95436777274871,212,3857,2006,27,0.3634873811864962,0.05210125337920865,0.8870292887029289,0.65785434078117,0.34214565921882995
YEL068C,-1,19.953041123822914,212,3858,2005,27,0.3633235004916421,0.052088452088452086,0.8870292887029289,0.658024901927341,0.341975098072659
YOL058W,-1,19.93115425820431,212,3859,2004,27,0.36315961979678796,0.05207565708671088,0.8870292887029289,0.6581954630735118,0.34180453692648816
YBR079C,-1,19.923027109470993,212,3860,2003,27,0.3629957391019338,0.05206286836935167,0.8870292887029289,0.6583660242196827,0.34163397578031723
YKL144C,-1,19.915798858607463,212,3861,2002,27,0.36283185840707965,0.05205008593174564,0.8870292887029289,0.6585365853658537,0.34146341463414637
YHR055C,-1,19.915103077729487,212,3862,2001,27,0.3626679777122255,0.052037309769268535,0.8870292887029289,0.6587071465120246,0.34129285348797544
YJL082W,-1,19.910215539602394,212,3863,2000,27,0.36250409701737135,0.052024539877300616,0.8870292887029289,0.6588777076581954,0.3411222923418045
YLR244C,-1,19.904293883443888,212,3864,1999,27,0.36234021632251723,0.052011776251226695,0.8870292887029289,0.6590482688043664,0.34095173119563366
YMR288W,-1,19.89126839055056,212,3865,1998,27,0.36217633562766305,0.051999018886436106,0.8870292887029289,0.6592188299505373,0.34078117004946273
YOR223W,-1,19.880956380218773,212,3866,1997,27,0.3620124549328089,0.05198626777832271,0.8870292887029289,0.6593893910967081,0.3406106089032918
YBR084W,-1,19.869814628766044,212,3867,1996,27,0.36184857423795475,0.051973522922284875,0.8870292887029289,0.6595599522428791,0.34044004775712094
YDR447C,-1,19.868012837026974,212,3868,1995,27,0.3616846935431006,0.05196078431372549,0.8870292887029289,0.65973051338905,0.34026948661095
YCL008C,1,19.86579881842983,213,3868,1995,26,0.36184857423795475,0.052193089928938986,0.891213389121339,0.65973051338905,0.34026948661095
YOL083W,-1,19.858415545001638,213,3869,1994,26,0.3616846935431006,0.05218030377266046,0.891213389121339,0.6599010745352208,0.3400989254647791
YMR308C,-1,19.847056111681127,213,3870,1993,26,0.3615208128482465,0.05216752387950037,0.891213389121339,0.6600716356813918,0.33992836431860823
YPL011C,-1,19.831580701444633,213,3871,1992,26,0.3613569321533923,0.05215475024485798,0.891213389121339,0.6602421968275627,0.3397578031724373
YDR369C,-1,19.807282898111392,213,3872,1991,26,0.3611930514585382,0.052141982864137085,0.891213389121339,0.6604127579737336,0.3395872420262664
YPL222W,-1,19.799694040587195,213,3873,1990,26,0.361029170763684,0.052129221732745964,0.891213389121339,0.6605833191199045,0.3394166808800955
YDL139C,-1,19.783560196410033,213,3874,1989,26,0.3608652900688299,0.05211646684609738,0.891213389121339,0.6607538802660754,0.3392461197339246
YDL031W,-1,19.774930326960977,213,3875,1988,26,0.36070140937397577,0.05210371819960861,0.891213389121339,0.6609244414122463,0.33907555858775373
YLR061W,-1,19.770292128769356,213,3876,1987,26,0.3605375286791216,0.052090975788701394,0.891213389121339,0.6610950025584172,0.3389049974415828
YOL054W,-1,19.74647466879711,213,3877,1986,26,0.36037364798426746,0.05207823960880196,0.891213389121339,0.6612655637045881,0.3387344362954119
YGL209W,-1,19.743100929647305,213,3878,1985,26,0.3602097672894133,0.05206550965534099,0.891213389121339,0.661436124850759,0.338563875149241
YGR278W,-1,19.743038324822493,213,3879,1984,26,0.36004588659455916,0.05205278592375367,0.891213389121339,0.6616066859969298,0.3383933140030701
YKR043C,-1,19.738165380823915,213,3880,1983,26,0.35988200589970504,0.0520400684094796,0.891213389121339,0.6617772471431008,0.3382227528568992
YBR233W,-1,19.72028576085008,213,3881,1982,26,0.35971812520485086,0.05202735710796287,0.891213389121339,0.6619478082892717,0.3380521917107283
YCR040W,-1,19.71291425296613,213,3882,1981,26,0.35955424450999673,0.05201465201465202,0.891213389121339,0.6621183694354426,0.3378816305645574
YHL033C,-1,19.704131369311135,213,3883,1980,26,0.35939036381514256,0.052001953125,0.891213389121339,0.6622889305816135,0.33771106941838647
YGL229C,-1,19.691321570462364,213,3884,1979,26,0.35922648312028843,0.051989260434464245,0.891213389121339,0.6624594917277844,0.3375405082722156
YPL177C,-1,19.683772203841556,213,3885,1978,26,0.3590626024254343,0.05197657393850659,0.891213389121339,0.6626300528739553,0.3373699471260447
YFL003C,-1,19.672350687314495,213,3886,1977,26,0.35889872173058013,0.051963893632593315,0.891213389121339,0.6628006140201262,0.3371993859798738
YDL230W,-1,19.657938805233645,213,3887,1976,26,0.358734841035726,0.05195121951219512,0.891213389121339,0.6629711751662971,0.3370288248337029
YLL004W,-1,19.657433463285297,213,3888,1975,26,0.3585709603408718,0.05193855157278712,0.891213389121339,0.663141736312468,0.33685826368753197
YLR064W,-1,19.628053148104755,213,3889,1974,26,0.3584070796460177,0.05192588980984886,0.891213389121339,0.663312297458639,0.3366877025413611
YER143W,1,19.625882931807002,214,3889,1974,25,0.3585709603408718,0.05215695832317816,0.895397489539749,0.663312297458639,0.3366877025413611
YOR049C,-1,19.61314255693154,214,3890,1973,25,0.3584070796460177,0.05214424951267056,0.895397489539749,0.6634828586048098,0.3365171413951902
YNL087W,-1,19.602307270291355,214,3891,1972,25,0.3582431989511636,0.05213154689403167,0.895397489539749,0.6636534197509807,0.33634658024901926
YGL006W,-1,19.60065892962203,214,3892,1971,25,0.3580793182563094,0.05211885046273746,0.895397489539749,0.6638239808971517,0.3361760191028484
YPL175W,-1,19.588135161149665,214,3893,1970,25,0.3579154375614553,0.052106160214268324,0.895397489539749,0.6639945420433225,0.33600545795667747
YOR231W,-1,19.583102997019243,214,3894,1969,25,0.3577515568666011,0.05209347614410906,0.895397489539749,0.6641651031894934,0.33583489681050654
YLR260W,-1,19.580463186795818,214,3895,1968,25,0.35758767617174697,0.05208079824774885,0.895397489539749,0.6643356643356644,0.3356643356643357
YPR063C,-1,19.572992363001276,214,3896,1967,25,0.35742379547689285,0.05206812652068127,0.895397489539749,0.6645062254818352,0.33549377451816476
YBR121C,-1,19.572892631691513,214,3897,1966,25,0.35725991478203867,0.052055460958404284,0.895397489539749,0.6646767866280061,0.33532321337199383
YER024W,-1,19.56395403494125,214,3898,1965,25,0.35709603408718454,0.052042801556420236,0.895397489539749,0.6648473477741771,0.33515265222582297
YML038C,-1,19.563079918035893,214,3899,1964,25,0.35693215339233036,0.052030148310235835,0.895397489539749,0.665017908920348,0.33498209107965204
YMR094W,-1,19.556452037504478,214,3900,1963,25,0.35676827269747624,0.05201750121536218,0.895397489539749,0.6651884700665188,0.3348115299334812
YBR191W,-1,19.536601792229867,214,3901,1962,25,0.3566043920026221,0.052004860267314705,0.895397489539749,0.6653590312126898,0.33464096878731026
YPL164C,-1,19.523302176323405,214,3902,1961,25,0.35644051130776794,0.051992225461613216,0.895397489539749,0.6655295923588607,0.33447040764113933
YOR063W,-1,19.503650568612763,214,3903,1960,25,0.3562766306129138,0.05197959679378188,0.895397489539749,0.6657001535050315,0.33429984649496847
YHR169W,-1,19.50184075735216,214,3904,1959,25,0.35611274991805963,0.0519669742593492,0.895397489539749,0.6658707146512025,0.33412928534879754
YGR095C,-1,19.49445703866782,214,3905,1958,25,0.3559488692232055,0.05195435785384802,0.895397489539749,0.6660412757973734,0.3339587242026266
YNR015W,-1,19.484595299565267,214,3906,1957,25,0.3557849885283514,0.051941747572815535,0.895397489539749,0.6662118369435442,0.33378816305645576
YPL235W,-1,19.47446458029747,214,3907,1956,25,0.3556211078334972,0.051929143411793256,0.895397489539749,0.6663823980897151,0.33361760191028483
YPL032C,-1,19.460103540117334,214,3908,1955,25,0.3554572271386431,0.051916545366327026,0.895397489539749,0.6665529592358861,0.3334470407641139
YOR351C,-1,19.444242571777302,214,3909,1954,25,0.3552933464437889,0.05190395343196701,0.895397489539749,0.666723520382057,0.33327647961794304
YGR217W,-1,19.420016719167975,214,3910,1953,25,0.3551294657489348,0.0518913676042677,0.895397489539749,0.6668940815282278,0.3331059184717721
YGR043C,-1,19.41345536782512,214,3911,1952,25,0.35496558505408066,0.05187878787878788,0.895397489539749,0.6670646426743988,0.33293535732560126
YGL144C,-1,19.40688502119156,214,3912,1951,25,0.3548017043592265,0.05186621425109064,0.895397489539749,0.6672352038205697,0.33276479617943033
YNL153C,-1,19.40162562512147,214,3913,1950,25,0.35463782366437235,0.0518536467167434,0.895397489539749,0.6674057649667405,0.3325942350332594
YLR018C,-1,19.401459378917036,214,3914,1949,25,0.3544739429695182,0.05184108527131783,0.895397489539749,0.6675763261129115,0.33242367388708854
YHL027W,-1,19.390447586511687,214,3915,1948,25,0.35431006227466405,0.05182852991038993,0.895397489539749,0.6677468872590824,0.3322531127409176
YIL135C,-1,19.389060424050022,214,3916,1947,25,0.35414618157980987,0.05181598062953995,0.895397489539749,0.6679174484052532,0.3320825515947467
YBL005W,-1,19.382247429552677,214,3917,1946,25,0.35398230088495575,0.05180343742435246,0.895397489539749,0.6680880095514242,0.33191199044857583
YML006C,-1,19.374620889582392,214,3918,1945,25,0.3538184201901016,0.05179090029041626,0.895397489539749,0.6682585706975951,0.3317414293024049
YLR047C,-1,19.37010578580864,214,3919,1944,25,0.35365453949524744,0.05177836922332446,0.895397489539749,0.668429131843766,0.331570868156234
YIL044C,-1,19.36472010550051,214,3920,1943,25,0.3534906588003933,0.05176584421867441,0.895397489539749,0.6685996929899369,0.3314003070100631
YJL087C,-1,19.35407319879397,214,3921,1942,25,0.35332677810553914,0.05175332527206771,0.895397489539749,0.6687702541361078,0.3312297458638922
YOR185C,-1,19.35318343029426,214,3922,1941,25,0.353162897410685,0.051740812379110254,0.895397489539749,0.6689408152822787,0.3310591847177213
YGR251W,-1,19.342229758495705,214,3923,1940,25,0.3529990167158309,0.051728305535412133,0.895397489539749,0.6691113764284496,0.3308886235715504
YOL104C,-1,19.33453537797169,214,3924,1939,25,0.3528351360209767,0.051715804736587725,0.895397489539749,0.6692819375746205,0.3307180624253795
YLR453C,-1,19.329047923334144,214,3925,1938,25,0.3526712553261226,0.05170330997825562,0.895397489539749,0.6694524987207914,0.3305475012792086
YKL221W,-1,19.31961179275271,214,3926,1937,25,0.3525073746312684,0.051690821256038647,0.895397489539749,0.6696230598669624,0.3303769401330377
YKL207W,-1,19.318296967487186,214,3927,1936,25,0.3523434939364143,0.05167833856556387,0.895397489539749,0.6697936210131332,0.3302063789868668
YIL101C,-1,19.30228386953131,214,3928,1935,25,0.35217961324156016,0.05166586190246258,0.895397489539749,0.6699641821593041,0.3300358178406959
YOR313C,-1,19.30042186107088,214,3929,1934,25,0.352015732546706,0.051653391262370264,0.895397489539749,0.6701347433054751,0.329865256694525
YNR046W,-1,19.28307071502541,214,3930,1933,25,0.35185185185185186,0.05164092664092664,0.895397489539749,0.6703053044516459,0.32969469554835407
YMR031C,-1,19.276674354498937,214,3931,1932,25,0.3516879711569977,0.05162846803377563,0.895397489539749,0.6704758655978168,0.3295241344021832
YPL049C,-1,19.256402521887374,214,3932,1931,25,0.35152409046214356,0.05161601543656536,0.895397489539749,0.6706464267439877,0.3293535732560123
YJR036C,1,19.23701862103598,215,3932,1931,24,0.3516879711569977,0.05184470701712081,0.899581589958159,0.6706464267439877,0.3293535732560123
YER046W,-1,19.209978358470266,215,3933,1930,24,0.35152409046214356,0.051832208293153326,0.899581589958159,0.6708169878901586,0.32918301210984136
YGL120C,-1,19.208300201879855,215,3934,1929,24,0.35136020976728943,0.05181971559411906,0.899581589958159,0.6709875490363295,0.3290124509636705
YOR365C,-1,19.19732498054509,215,3935,1928,24,0.35119632907243525,0.051807228915662654,0.899581589958159,0.6711581101825004,0.32884188981749957
YNR002C,-1,19.178681807885727,215,3936,1927,24,0.35103244837758113,0.05179474825343291,0.899581589958159,0.6713286713286714,0.32867132867132864
YNR056C,-1,19.170242014359204,215,3937,1926,24,0.35086856768272695,0.05178227360308285,0.899581589958159,0.6714992324748422,0.3285007675251578
YDR161W,-1,19.167862222746294,215,3938,1925,24,0.3507046869878728,0.051769804960269686,0.899581589958159,0.6716697936210131,0.32833020637898686
YDR172W,-1,19.162971614931728,215,3939,1924,24,0.3505408062930187,0.05175734232065479,0.899581589958159,0.6718403547671841,0.328159645232816
YJR055W,-1,19.15632672756646,215,3940,1923,24,0.3503769255981645,0.05174488567990373,0.899581589958159,0.6720109159133549,0.32798908408664507
YER117W,-1,19.156230465952483,215,3941,1922,24,0.3502130449033104,0.051732435033686235,0.899581589958159,0.6721814770595258,0.32781852294047414
YOR153W,-1,19.14355856985417,215,3942,1921,24,0.3500491642084562,0.05171999037767621,0.899581589958159,0.6723520382056968,0.3276479617943033
YHL022C,-1,19.11729092477391,215,3943,1920,24,0.3498852835136021,0.05170755170755171,0.899581589958159,0.6725225993518676,0.32747740064813236
YJR070C,-1,19.10771318985335,215,3944,1919,24,0.349721402818748,0.05169511901899495,0.899581589958159,0.6726931604980385,0.32730683950196143
YCR089W,-1,19.10731220876401,215,3945,1918,24,0.3495575221238938,0.051682692307692304,0.899581589958159,0.6728637216442095,0.32713627835579057
YPR106W,-1,19.100622217987645,215,3946,1917,24,0.34939364142903967,0.05167027156933429,0.899581589958159,0.6730342827903804,0.32696571720961964
YDR165W,-1,19.085507199687317,215,3947,1916,24,0.3492297607341855,0.05165785679961557,0.899581589958159,0.6732048439365512,0.3267951560634487
YBR010W,-1,19.08061012944534,215,3948,1915,24,0.34906588003933137,0.05164544799423493,0.899581589958159,0.6733754050827222,0.32662459491727786
YOL100W,-1,19.047070236182638,215,3949,1914,24,0.34890199934447724,0.051633045148895294,0.899581589958159,0.6735459662288931,0.32645403377110693
YNL091W,-1,19.045693074620583,215,3950,1913,24,0.34873811864962306,0.05162064825930372,0.899581589958159,0.6737165273750639,0.32628347262493607
YMR137C,-1,19.031464750801142,215,3951,1912,24,0.34857423795476894,0.051608257321171386,0.899581589958159,0.6738870885212349,0.32611291147876514
YFL001W,-1,19.029115302593933,215,3952,1911,24,0.34841035725991476,0.05159587233021358,0.899581589958159,0.6740576496674058,0.3259423503325942
YOR078W,-1,19.008326169479837,215,3953,1910,24,0.34824647656506064,0.051583493282149714,0.899581589958159,0.6742282108135766,0.32577178918642336
YOR370C,-1,19.00646414938013,215,3954,1909,24,0.3480825958702065,0.05157112017270329,0.899581589958159,0.6743987719597476,0.32560122804025243
YDR264C,-1,18.971243155946453,215,3955,1908,24,0.34791871517535233,0.05155875299760192,0.899581589958159,0.6745693331059185,0.3254306668940815
YJL209W,-1,18.967044129952015,215,3956,1907,24,0.3477548344804982,0.05154639175257732,0.899581589958159,0.6747398942520894,0.32526010574791064
YLL051C,-1,18.928559595984044,215,3957,1906,24,0.34759095378564403,0.05153403643336529,0.899581589958159,0.6749104553982602,0.3250895446017397
YPL120W,1,18.92483270925702,216,3957,1906,23,0.3477548344804982,0.05176132278936017,0.9037656903765691,0.6749104553982602,0.3250895446017397
YJL011C,-1,18.92088799382992,216,3958,1905,23,0.34759095378564403,0.05174892189746047,0.9037656903765691,0.6750810165444312,0.3249189834555688
YDL192W,-1,18.91998820800814,216,3959,1904,23,0.3474270730907899,0.05173652694610779,0.9037656903765691,0.6752515776906021,0.32474842230939793
YPR121W,-1,18.90350814220598,216,3960,1903,23,0.3472631923959358,0.05172413793103448,0.9037656903765691,0.6754221388367729,0.324577861163227
YCL014W,-1,18.840106105798377,216,3961,1902,23,0.3470993117010816,0.051711754847977014,0.9037656903765691,0.6755926999829439,0.3244073000170561
YGL135W,-1,18.831829097293642,216,3962,1901,23,0.3469354310062275,0.05169937769267592,0.9037656903765691,0.6757632611291148,0.3242367388708852
YDR033W,-1,18.83092746490447,216,3963,1900,23,0.3467715503113733,0.05168700646087581,0.9037656903765691,0.6759338222752856,0.3240661777247143
YBR130C,-1,18.805027300274524,216,3964,1899,23,0.3466076696165192,0.05167464114832536,0.9037656903765691,0.6761043834214566,0.32389561657854343
YKR061W,-1,18.777289629866228,216,3965,1898,23,0.34644378892166505,0.05166228175077733,0.9037656903765691,0.6762749445676275,0.3237250554323725
YMR169C,-1,18.775547587690962,216,3966,1897,23,0.3462799082268109,0.05164992826398852,0.9037656903765691,0.6764455057137984,0.3235544942862016
YOR071C,-1,18.758074019120176,216,3967,1896,23,0.34611602753195675,0.05163758068371982,0.9037656903765691,0.6766160668599693,0.3233839331400307
YNL151C,-1,18.750536908780774,216,3968,1895,23,0.34595214683710257,0.05162523900573614,0.9037656903765691,0.6767866280061402,0.3232133719938598
YKR026C,-1,18.750429414064097,216,3969,1894,23,0.34578826614224845,0.05161290322580645,0.9037656903765691,0.6769571891523111,0.3230428108476889
YNR061C,-1,18.743363738620474,216,3970,1893,23,0.3456243854473943,0.051600573339703776,0.9037656903765691,0.677127750298482,0.322872249701518
YDR429C,-1,18.729850546574596,216,3971,1892,23,0.34546050475254014,0.05158824934320516,0.9037656903765691,0.6772983114446529,0.3227016885553471
YPL166W,-1,18.710746814157716,216,3972,1891,23,0.345296624057686,0.05157593123209169,0.9037656903765691,0.6774688725908238,0.32253112740917617
YDR335W,-1,18.701853807864367,216,3973,1890,23,0.34513274336283184,0.05156361900214848,0.9037656903765691,0.6776394337369948,0.3223605662630053
YKL198C,-1,18.699566642851867,216,3974,1889,23,0.3449688626679777,0.051551312649164675,0.9037656903765691,0.6778099948831656,0.3221900051168344
YGL148W,-1,18.69712945678738,216,3975,1888,23,0.3448049819731236,0.05153901216893343,0.9037656903765691,0.6779805560293365,0.3220194439706635
YNL279W,-1,18.69048527056492,216,3976,1887,23,0.3446411012782694,0.05152671755725191,0.9037656903765691,0.6781511171755075,0.3218488828244926
YPR156C,-1,18.680507160198776,216,3977,1886,23,0.3444772205834153,0.0515144288099213,0.9037656903765691,0.6783216783216783,0.32167832167832167
YGR128C,-1,18.6746305374988,216,3978,1885,23,0.3443133398885611,0.05150214592274678,0.9037656903765691,0.6784922394678492,0.3215077605321508
YJL184W,-1,18.672430072616383,216,3979,1884,23,0.344149459193707,0.051489868891537546,0.9037656903765691,0.6786628006140202,0.3213371993859799
YDR200C,-1,18.671958169461156,216,3980,1883,23,0.34398557849885286,0.05147759771210677,0.9037656903765691,0.678833361760191,0.32116663823980895
YDR072C,-1,18.669211353485217,216,3981,1882,23,0.3438216978039987,0.05146533238027162,0.9037656903765691,0.6790039229063619,0.3209960770936381
YDR389W,-1,18.6668181987216,216,3982,1881,23,0.34365781710914456,0.05145307289185326,0.9037656903765691,0.6791744840525328,0.32082551594746717
YCL074W,-1,18.60598580752685,216,3983,1880,23,0.3434939364142904,0.05144081924267683,0.9037656903765691,0.6793450451987038,0.32065495480129624
YKL171W,-1,18.58269776381303,216,3984,1879,23,0.34333005571943626,0.05142857142857143,0.9037656903765691,0.6795156063448746,0.3204843936551254
YER067W,-1,18.581886115666663,216,3985,1878,23,0.34316617502458213,0.05141632944537015,0.9037656903765691,0.6796861674910455,0.32031383250895445
YAL024C,-1,18.578968961083827,216,3986,1877,23,0.34300229432972795,0.05140409328891004,0.9037656903765691,0.6798567286372165,0.32014327136278353
YGR229C,-1,18.563017409773636,216,3987,1876,23,0.34283841363487383,0.05139186295503212,0.9037656903765691,0.6800272897833873,0.31997271021661267
YCL005W,-1,18.549007627429024,216,3988,1875,23,0.34267453294001965,0.05137963843958135,0.9037656903765691,0.6801978509295582,0.31980214907044174
YDR160W,-1,18.54067617770925,216,3989,1874,23,0.3425106522451655,0.05136741973840666,0.9037656903765691,0.6803684120757292,0.3196315879242709
YFR018C,-1,18.53442152106345,216,3990,1873,23,0.34234677155031135,0.05135520684736091,0.9037656903765691,0.6805389732219,0.31946102677809995
YLR084C,-1,18.53139839366649,216,3991,1872,23,0.3421828908554572,0.051342999762300924,0.9037656903765691,0.6807095343680709,0.31929046563192903
YER112W,-1,18.501537688106595,216,3992,1871,23,0.3420190101606031,0.051330798479087454,0.9037656903765691,0.6808800955142419,0.31911990448575817
YGR089W,-1,18.47140986096883,216,3993,1870,23,0.3418551294657489,0.05131860299358518,0.9037656903765691,0.6810506566604128,0.31894934333958724
YNL220W,-1,18.465164392708953,216,3994,1869,23,0.3416912487708948,0.05130641330166271,0.9037656903765691,0.6812212178065836,0.3187787821934163
YMR233W,-1,18.433705555035086,216,3995,1868,23,0.3415273680760406,0.05129422939919259,0.9037656903765691,0.6813917789527546,0.31860822104724545
YPR085C,-1,18.433549995814268,216,3996,1867,23,0.3413634873811865,0.05128205128205128,0.9037656903765691,0.6815623400989255,0.31843765990107453
YJR160C,-1,18.408041587228286,216,3997,1866,23,0.34119960668633237,0.05126987894611915,0.9037656903765691,0.6817329012450963,0.3182670987549036
YLR332W,-1,18.405362733537615,216,3998,1865,23,0.3410357259914782,0.051257712387280496,0.9037656903765691,0.6819034623912673,0.31809653760873274
YML063W,-1,18.390470507179014,216,3999,1864,23,0.34087184529662407,0.05124555160142349,0.9037656903765691,0.6820740235374382,0.3179259764625618
YLL042C,1,18.377557372604453,217,3999,1864,22,0.3410357259914782,0.051470588235294115,0.9079497907949791,0.6820740235374382,0.3179259764625618
YCL035C,-1,18.369839673688706,217,4000,1863,22,0.34087184529662407,0.05145838273654257,0.9079497907949791,0.682244584683609,0.3177554153163909
YHR148W,-1,18.366829735372193,217,4001,1862,22,0.3407079646017699,0.05144618302513039,0.9079497907949791,0.68241514582978,0.31758485417022003
YDR454C,-1,18.361220355097004,217,4002,1861,22,0.34054408390691576,0.051433989096942405,0.9079497907949791,0.6825857069759509,0.3174142930240491
YML014W,-1,18.329053939444826,217,4003,1860,22,0.34038020321206164,0.051421800947867295,0.9079497907949791,0.6827562681221218,0.31724373187787824
YNR062C,-1,18.32132653724602,217,4004,1859,22,0.34021632251720746,0.05140961857379768,0.9079497907949791,0.6829268292682927,0.3170731707317073
YLR264W,-1,18.310621777230633,217,4005,1858,22,0.34005244182235334,0.05139744197063003,0.9079497907949791,0.6830973904144636,0.3169026095855364
YAL058W,1,18.300681003576834,218,4005,1858,21,0.34021632251720746,0.05162206961875444,0.9121338912133892,0.6830973904144636,0.3169026095855364
YBR189W,-1,18.290648762581597,218,4006,1857,21,0.34005244182235334,0.05160984848484849,0.9121338912133892,0.6832679515606345,0.31673204843936553
YEL070W,-1,18.28904293944119,218,4007,1856,21,0.33988856112749916,0.051597633136094674,0.9121338912133892,0.6834385127068053,0.3165614872931946
YJR125C,-1,18.281966587059284,218,4008,1855,21,0.33972468043264503,0.051585423568386184,0.9121338912133892,0.6836090738529763,0.3163909261470237
YBR008C,-1,18.278741558005436,218,4009,1854,21,0.3395607997377909,0.05157321977762006,0.9121338912133892,0.6837796349991472,0.3162203650008528
YDR523C,-1,18.269909385363455,218,4010,1853,21,0.33939691904293673,0.051561021759697255,0.9121338912133892,0.683950196145318,0.3160498038546819
YIL111W,-1,18.261492523531004,218,4011,1852,21,0.3392330383480826,0.05154882951052258,0.9121338912133892,0.684120757291489,0.315879242708511
YCL047C,-1,18.252708083062387,218,4012,1851,21,0.3390691576532284,0.051536643026004726,0.9121338912133892,0.6842913184376599,0.3157086815623401
YLR173W,-1,18.234371083190126,218,4013,1850,21,0.3389052769583743,0.05152446230205625,0.9121338912133892,0.6844618795838308,0.3155381204161692
YHR068W,-1,18.2156802045806,218,4014,1849,21,0.3387413962635202,0.05151228733459357,0.9121338912133892,0.6846324407300017,0.3153675592699983
YLR461W,-1,18.20200007668386,218,4015,1848,21,0.338577515568666,0.05150011811953697,0.9121338912133892,0.6848030018761726,0.3151969981238274
YDR419W,-1,18.19936816170776,218,4016,1847,21,0.3384136348738119,0.05148795465281058,0.9121338912133892,0.6849735630223435,0.3150264369776565
YDL111C,-1,18.188831338694868,218,4017,1846,21,0.3382497541789577,0.051475796930342384,0.9121338912133892,0.6851441241685144,0.3148558758314856
YHR199C-A,-1,18.18161360931117,218,4018,1845,21,0.33808587348410357,0.05146364494806421,0.9121338912133892,0.6853146853146853,0.3146853146853147
YBR247C,-1,18.181374723950643,218,4019,1844,21,0.33792199278924945,0.05145149870191173,0.9121338912133892,0.6854852464608562,0.31451475353914377
YJL068C,-1,18.173132140371592,218,4020,1843,21,0.33775811209439527,0.05143935818782445,0.9121338912133892,0.6856558076070272,0.3143441923929729
YDR542W,-1,18.1594076622423,218,4021,1842,21,0.33759423139954114,0.05142722340174569,0.9121338912133892,0.685826368753198,0.314173631246802
YPR086W,-1,18.145269607115157,218,4022,1841,21,0.33743035070468697,0.051415094339622644,0.9121338912133892,0.6859969298993689,0.31400307010063105
YIL008W,1,18.131665132361057,219,4022,1841,20,0.33759423139954114,0.0516387644423485,0.9163179916317992,0.6859969298993689,0.31400307010063105
YPL207W,-1,18.113486006302402,219,4023,1840,20,0.33743035070468697,0.051626591230551626,0.9163179916317992,0.6861674910455399,0.3138325089544602
YOR107W,-1,18.093900899350942,219,4024,1839,20,0.33726647000983284,0.051614423756775864,0.9163179916317992,0.6863380521917107,0.31366194780828927
YDR283C,-1,18.071553011655745,219,4025,1838,20,0.3371025893149787,0.05160226201696513,0.9163179916317992,0.6865086133378816,0.31349138666211834
YMR069W,-1,18.06993092682325,219,4026,1837,20,0.33693870862012454,0.051590106007067135,0.9163179916317992,0.6866791744840526,0.3133208255159475
YKL224C,-1,18.046077912541556,219,4027,1836,20,0.3367748279252704,0.05157795572303344,0.9163179916317992,0.6868497356302234,0.31315026436977655
YMR230W,-1,18.043301802763605,219,4028,1835,20,0.33661094723041624,0.0515658111608194,0.9163179916317992,0.6870202967763943,0.3129797032236057
YPR010C,-1,18.04195168253123,219,4029,1834,20,0.3364470665355621,0.05155367231638418,0.9163179916317992,0.6871908579225653,0.31280914207743477
YIL074C,-1,18.027334255946514,219,4030,1833,20,0.336283185840708,0.05154153918569075,0.9163179916317992,0.6873614190687362,0.31263858093126384
YOL156W,-1,18.026901830392156,219,4031,1832,20,0.3361193051458538,0.05152941176470588,0.9163179916317992,0.687531980214907,0.312468019785093
YIL020C,-1,18.0266924575298,219,4032,1831,20,0.3359554244509997,0.051517290049400144,0.9163179916317992,0.687702541361078,0.31229745863892205
YLR160C,-1,18.02079934566858,219,4033,1830,20,0.3357915437561455,0.051505174035747885,0.9163179916317992,0.6878731025072489,0.31212689749275113
YGR124W,-1,18.009441427206948,219,4034,1829,20,0.3356276630612914,0.05149306371972725,0.9163179916317992,0.6880436636534197,0.31195633634658027
YGR154C,-1,18.006302107278312,219,4035,1828,20,0.33546378236643726,0.05148095909732017,0.9163179916317992,0.6882142247995906,0.31178577520040934
YDR145W,-1,17.99435795385101,219,4036,1827,20,0.3352999016715831,0.05146886016451234,0.9163179916317992,0.6883847859457616,0.3116152140542384
YGL170C,-1,17.956328412231194,219,4037,1826,20,0.33513602097672895,0.051456766917293235,0.9163179916317992,0.6885553470919324,0.31144465290806755
YIL045W,-1,17.922683577082623,219,4038,1825,20,0.3349721402818748,0.05144467935165609,0.9163179916317992,0.6887259082381033,0.31127409176189663
YNR069C,1,17.915285150886383,220,4038,1825,19,0.33513602097672895,0.05166744950681071,0.9205020920502092,0.6887259082381033,0.31127409176189663
YNL148C,-1,17.91345846286515,220,4039,1824,19,0.3349721402818748,0.05165531814980042,0.9205020920502092,0.6888964693842743,0.31110353061572577
YNL232W,-1,17.906694029964818,220,4040,1823,19,0.33480825958702065,0.051643192488262914,0.9205020920502092,0.6890670305304452,0.31093296946955484
YPL226W,-1,17.88373894931574,220,4041,1822,19,0.3346443788921665,0.05163107251818822,0.9205020920502092,0.689237591676616,0.3107624083233839
YGL232W,-1,17.878518609576357,220,4042,1821,19,0.33448049819731235,0.05161895823557015,0.9205020920502092,0.689408152822787,0.31059184717721305
YDR007W,-1,17.87392509265088,220,4043,1820,19,0.3343166175024582,0.051606849636406285,0.9205020920502092,0.6895787139689579,0.31042128603104213
YHL025W,-1,17.86882144764873,220,4044,1819,19,0.33415273680760404,0.051594746716697934,0.9205020920502092,0.6897492751151287,0.3102507248848712
YKR057W,-1,17.85912794614928,220,4045,1818,19,0.3339888561127499,0.05158264947245018,0.9205020920502092,0.6899198362612997,0.31008016373870034
YNR071C,-1,17.853113537048557,220,4046,1817,19,0.3338249754178958,0.051570557899671826,0.9205020920502092,0.6900903974074706,0.3099096025925294
YAR019C,-1,17.84376450160064,220,4047,1816,19,0.3336610947230416,0.05155847199437544,0.9205020920502092,0.6902609585536414,0.3097390414463585
YGL258W,-1,17.822427768629034,220,4048,1815,19,0.3334972140281875,0.05154639175257732,0.9205020920502092,0.6904315196998124,0.30956848030018763
YDL154W,-1,17.8200938922858,220,4049,1814,19,0.3333333333333333,0.051534317170297494,0.9205020920502092,0.6906020808459833,0.3093979191540167
YKR028W,-1,17.810905124996616,220,4050,1813,19,0.3331694526384792,0.05152224824355972,0.9205020920502092,0.6907726419921542,0.3092273580078458
YPL090C,-1,17.808405646380667,220,4051,1812,19,0.33300557194362507,0.05151018496839148,0.9205020920502092,0.6909432031383251,0.3090567968616749
YKR044W,-1,17.794882452147988,220,4052,1811,19,0.3328416912487709,0.05149812734082397,0.9205020920502092,0.691113764284496,0.308886235715504
YMR198W,-1,17.794800088101134,220,4053,1810,19,0.33267781055391676,0.05148607535689211,0.9205020920502092,0.6912843254306669,0.30871567456933313
YOR335C,-1,17.785076939679534,220,4054,1809,19,0.3325139298590626,0.05147402901263454,0.9205020920502092,0.6914548865768378,0.3085451134231622
YDL024C,-1,17.778375624966017,220,4055,1808,19,0.33235004916420846,0.05146198830409357,0.9205020920502092,0.6916254477230087,0.3083745522769913
YBR034C,-1,17.748299518853912,220,4056,1807,19,0.33218616846935434,0.05144995322731525,0.9205020920502092,0.6917960088691796,0.3082039911308204
YDL176W,-1,17.734875761120747,220,4057,1806,19,0.33202228777450016,0.05143792377834931,0.9205020920502092,0.6919665700153506,0.3080334299846495
YLR053C,-1,17.70514226522846,220,4058,1805,19,0.33185840707964603,0.051425899953249185,0.9205020920502092,0.6921371311615214,0.3078628688384786
YDR207C,-1,17.696364922736077,220,4059,1804,19,0.33169452638479185,0.05141388174807198,0.9205020920502092,0.6923076923076923,0.3076923076923077
YJL069C,-1,17.693983185605084,220,4060,1803,19,0.33153064568993773,0.0514018691588785,0.9205020920502092,0.6924782534538632,0.3075217465461368
YLR245C,-1,17.692191081765326,220,4061,1802,19,0.33136676499508355,0.05138986218173324,0.9205020920502092,0.6926488146000341,0.30735118539996586
YNL202W,-1,17.688432125590975,220,4062,1801,19,0.3312028843002294,0.051377860812704346,0.9205020920502092,0.692819375746205,0.307180624253795
YLR107W,-1,17.636729288706263,220,4063,1800,19,0.3310390036053753,0.05136586504786365,0.9205020920502092,0.6929899368923759,0.3070100631076241
YDR365C,-1,17.634590907532562,220,4064,1799,19,0.3308751229105211,0.051353874883286646,0.9205020920502092,0.6931604980385468,0.30683950196145315
YMR087W,-1,17.62347505284913,220,4065,1798,19,0.330711242215667,0.051341890315052506,0.9205020920502092,0.6933310591847177,0.3066689408152823
YPL240C,-1,17.61870883878883,220,4066,1797,19,0.3305473615208128,0.05132991133924405,0.9205020920502092,0.6935016203308886,0.30649837966911136
YOR346W,-1,17.616751896385786,220,4067,1796,19,0.3303834808259587,0.05131793795194775,0.9205020920502092,0.6936721814770596,0.3063278185229405
YBL039W-B,-1,17.616694132630073,220,4068,1795,19,0.3302196001311046,0.051305970149253734,0.9205020920502092,0.6938427426232304,0.3061572573767696
YDR043C,-1,17.613327783372778,220,4069,1794,19,0.3300557194362504,0.05129400792725577,0.9205020920502092,0.6940133037694013,0.30598669623059865
YKL074C,-1,17.612306929845843,220,4070,1793,19,0.32989183874139627,0.05128205128205128,0.9205020920502092,0.6941838649155723,0.3058161350844278
YMR068W,-1,17.582450947112722,220,4071,1792,19,0.3297279580465421,0.05127010020974132,0.9205020920502092,0.6943544260617431,0.30564557393825686
YHR030C,-1,17.566923189699146,220,4072,1791,19,0.32956407735168797,0.05125815470643057,0.9205020920502092,0.694524987207914,0.30547501279208594
YLR037C,-1,17.52831936618286,220,4073,1790,19,0.32940019665683384,0.05124621476822735,0.9205020920502092,0.694695548354085,0.3053044516459151
YLL057C,-1,17.48243885239856,220,4074,1789,19,0.32923631596197966,0.05123428039124359,0.9205020920502092,0.6948661095002558,0.30513389049974415
YMR155W,-1,17.467116698680456,220,4075,1788,19,0.32907243526712554,0.051222351571594875,0.9205020920502092,0.6950366706464267,0.30496332935357323
YMR118C,-1,17.464965507699162,220,4076,1787,19,0.32890855457227136,0.051210428305400374,0.9205020920502092,0.6952072317925977,0.30479276820740236
YNR038W,-1,17.464405664108938,220,4077,1786,19,0.32874467387741724,0.05119851058878287,0.9205020920502092,0.6953777929387686,0.30462220706123144
YGL035C,-1,17.441638817449025,220,4078,1785,19,0.3285807931825631,0.051186598417868774,0.9205020920502092,0.6955483540849394,0.3044516459150606
YBR237W,-1,17.417436380655623,220,4079,1784,19,0.32841691248770893,0.05117469178878809,0.9205020920502092,0.6957189152311104,0.30428108476888965
YNL116W,-1,17.4119151665655,220,4080,1783,19,0.3282530317928548,0.05116279069767442,0.9205020920502092,0.6958894763772813,0.30411052362271873
YPL131W,-1,17.40920319130034,220,4081,1782,19,0.32808915109800063,0.05115089514066496,0.9205020920502092,0.6960600375234521,0.30393996247654786
YJL138C,-1,17.408539302145687,220,4082,1781,19,0.3279252704031465,0.05113900511390051,0.9205020920502092,0.6962305986696231,0.30376940133037694
YLR413W,-1,17.40450302306257,220,4083,1780,19,0.3277613897082924,0.05112712061352545,0.9205020920502092,0.696401159815794,0.303598840184206
YDR446W,-1,17.35755163865411,220,4084,1779,19,0.3275975090134382,0.05111524163568773,0.9205020920502092,0.6965717209619648,0.30342827903803515
YMR146C,-1,17.356791358667227,220,4085,1778,19,0.3274336283185841,0.05110336817653891,0.9205020920502092,0.6967422821081357,0.30325771789186423
YPR002W,-1,17.351245013030876,220,4086,1777,19,0.3272697476237299,0.05109150023223409,0.9205020920502092,0.6969128432543067,0.3030871567456933
YDR218C,-1,17.33550644196212,220,4087,1776,19,0.3271058669288758,0.05107963779893197,0.9205020920502092,0.6970834044004776,0.30291659559952244
YOR054C,-1,17.335283241104936,220,4088,1775,19,0.32694198623402165,0.0510677808727948,0.9205020920502092,0.6972539655466484,0.3027460344533515
YOL165C,-1,17.3146759687763,220,4089,1774,19,0.3267781055391675,0.051055929449988394,0.9205020920502092,0.6974245266928194,0.3025754733071806
YLR414C,-1,17.28574951231157,220,4090,1773,19,0.32661422484431335,0.05104408352668213,0.9205020920502092,0.6975950878389903,0.30240491216100973
YOR091W,-1,17.28557900245753,220,4091,1772,19,0.32645034414945917,0.05103224309904895,0.9205020920502092,0.6977656489851611,0.3022343510148388
YGL043W,-1,17.27665217056863,220,4092,1771,19,0.32628646345460505,0.05102040816326531,0.9205020920502092,0.6979362101313321,0.30206378986866794
YLR226W,-1,17.272890882863223,220,4093,1770,19,0.3261225827597509,0.051008578715511246,0.9205020920502092,0.698106771277503,0.301893228722497
YKL023W,-1,17.26144051575102,220,4094,1769,19,0.32595870206489674,0.05099675475197033,0.9205020920502092,0.6982773324236738,0.3017226675763261
YBR131W,-1,17.258670336568766,220,4095,1768,19,0.3257948213700426,0.05098493626882966,0.9205020920502092,0.6984478935698448,0.30155210643015523
YHR160C,-1,17.250234518819244,220,4096,1767,19,0.32563094067518844,0.05097312326227989,0.9205020920502092,0.6986184547160157,0.3013815452839843
YJR054W,-1,17.21329315597812,220,4097,1766,19,0.3254670599803343,0.05096131572851517,0.9205020920502092,0.6987890158621866,0.3012109841378134
YHR092C,-1,17.208237174197023,220,4098,1765,19,0.3253031792854802,0.05094951366373321,0.9205020920502092,0.6989595770083575,0.3010404229916425
YPL092W,-1,17.192957196151283,220,4099,1764,19,0.325139298590626,0.05093771706413522,0.9205020920502092,0.6991301381545284,0.3008698618454716
YOL010W,-1,17.186182069565817,220,4100,1763,19,0.3249754178957719,0.05092592592592592,0.9205020920502092,0.6993006993006993,0.3006993006993007
YLR121C,-1,17.147398823118746,220,4101,1762,19,0.3248115372009177,0.050914140245313586,0.9205020920502092,0.6994712604468702,0.3005287395531298
YNL164C,-1,17.140650814019455,220,4102,1761,19,0.3246476565060636,0.05090236001850995,0.9205020920502092,0.6996418215930411,0.3003581784069589
YOR388C,-1,17.139978605918632,220,4103,1760,19,0.32448377581120946,0.05089058524173028,0.9205020920502092,0.699812382739212,0.300187617260788
YGL156W,-1,17.134533103648764,220,4104,1759,19,0.3243198951163553,0.05087881591119334,0.9205020920502092,0.699982943885383,0.3000170561146171
YAL034C,-1,17.129186838605314,220,4105,1758,19,0.32415601442150116,0.05086705202312139,0.9205020920502092,0.7001535050315538,0.2998464949684462
YIL171W,-1,17.117449710767108,220,4106,1757,19,0.323992133726647,0.050855293573740176,0.9205020920502092,0.7003240661777247,0.2996759338222753
YPR187W,-1,17.10360503548791,220,4107,1756,19,0.32382825303179286,0.05084354055927895,0.9205020920502092,0.7004946273238957,0.2995053726761044
YOL124C,-1,17.103412067597112,220,4108,1755,19,0.32366437233693873,0.05083179297597042,0.9205020920502092,0.7006651884700665,0.29933481152993346
YMR115W,1,17.099937940127504,221,4108,1755,18,0.32382825303179286,0.05105105105105105,0.9246861924686193,0.7006651884700665,0.29933481152993346
YDR459C,-1,17.081389930017572,221,4109,1754,18,0.32366437233693873,0.05103926096997691,0.9246861924686193,0.7008357496162374,0.2991642503837626
YLR271W,-1,17.080661964114995,221,4110,1753,18,0.32350049164208455,0.051027476333410295,0.9246861924686193,0.7010063107624083,0.2989936892375917
YPL052W,-1,17.07532476427344,221,4111,1752,18,0.32333661094723043,0.05101569713758079,0.9246861924686193,0.7011768719085792,0.29882312809142075
YLR142W,-1,17.06323906659209,221,4112,1751,18,0.32317273025237625,0.05100392337872144,0.9246861924686193,0.7013474330547501,0.2986525669452499
YNR075W,-1,17.05699356558273,221,4113,1750,18,0.3230088495575221,0.05099215505306876,0.9246861924686193,0.701517994200921,0.29848200579907896
YLR431C,-1,17.056588962986996,221,4114,1749,18,0.322844968862668,0.050980392156862744,0.9246861924686193,0.701688555347092,0.29831144465290804
YGR177C,-1,17.05517560084072,221,4115,1748,18,0.3226810881678138,0.05096863468634686,0.9246861924686193,0.7018591164932628,0.2981408835067372
YBR217W,1,17.045249188529496,222,4115,1748,17,0.322844968862668,0.0511874567673507,0.9288702928870293,0.7018591164932628,0.2981408835067372
YLR223C,-1,17.03198892229974,222,4116,1747,17,0.3226810881678138,0.051175656984785614,0.9288702928870293,0.7020296776394337,0.29797032236056625
YLR336C,-1,17.026443774953805,222,4117,1746,17,0.3225172074729597,0.05116386264116156,0.9288702928870293,0.7022002387856047,0.2977997612143954
YPL227C,-1,17.013839403193533,222,4118,1745,17,0.3223533267781055,0.05115207373271889,0.9288702928870293,0.7023707999317755,0.29762920006822446
YDR079C-A,-1,16.98301813816988,222,4119,1744,17,0.3221894460832514,0.05114029025570145,0.9288702928870293,0.7025413610779464,0.29745863892205354
YML076C,-1,16.980127644989402,222,4120,1743,17,0.3220255653883973,0.051128512206356516,0.9288702928870293,0.7027119222241174,0.2972880777758827
YGR173W,-1,16.959420342999298,222,4121,1742,17,0.3218616846935431,0.051116739580934836,0.9288702928870293,0.7028824833702882,0.29711751662971175
YGR145W,-1,16.898852477810546,222,4122,1741,17,0.32169780399868897,0.05110497237569061,0.9288702928870293,0.7030530445164591,0.29694695548354083
YPR070W,-1,16.87239614012006,222,4123,1740,17,0.3215339233038348,0.051093210586881474,0.9288702928870293,0.7032236056626301,0.29677639433736996
YKL166C,-1,16.86966308312959,222,4124,1739,17,0.32137004260898067,0.051081454210768526,0.9288702928870293,0.703394166808801,0.29660583319119904
YMR194W,-1,16.856577195973237,222,4125,1738,17,0.32120616191412654,0.05106970324361629,0.9288702928870293,0.7035647279549718,0.2964352720450281
YDR343C,-1,16.84231339816185,222,4126,1737,17,0.32104228121927236,0.05105795768169273,0.9288702928870293,0.7037352891011428,0.29626471089885725
YDL036C,-1,16.841774443257982,222,4127,1736,17,0.32087840052441824,0.051046217521269255,0.9288702928870293,0.7039058502473137,0.29609414975268633
YDR345C,-1,16.781329552798283,222,4128,1735,17,0.32071451982956406,0.05103448275862069,0.9288702928870293,0.7040764113934845,0.2959235886065154
YOR374W,-1,16.77362311798687,222,4129,1734,17,0.32055063913470994,0.05102275339002528,0.9288702928870293,0.7042469725396555,0.29575302746034454
YJR043C,-1,16.732498724039004,222,4130,1733,17,0.3203867584398558,0.051011029411764705,0.9288702928870293,0.7044175336858264,0.2955824663141736
YDR121W,-1,16.717878193838825,222,4131,1732,17,0.32022287774500163,0.05099931082012405,0.9288702928870293,0.7045880948319972,0.29541190516800275
YNR003C,-1,16.710018439056938,222,4132,1731,17,0.3200589970501475,0.05098759761139182,0.9288702928870293,0.7047586559781682,0.29524134402183183
YOR382W,-1,16.685733978520613,222,4133,1730,17,0.31989511635529333,0.050975889781859934,0.9288702928870293,0.7049292171243391,0.2950707828756609
YJL219W,-1,16.674995605085197,222,4134,1729,17,0.3197312356604392,0.05096418732782369,0.9288702928870293,0.70509977827051,0.29490022172949004
YHR085W,-1,16.66724132578185,222,4135,1728,17,0.319567354965585,0.05095249024558182,0.9288702928870293,0.7052703394166808,0.2947296605833191
YPR169W,-1,16.65909876407422,222,4136,1727,17,0.3194034742707309,0.05094079853143644,0.9288702928870293,0.7054409005628518,0.2945590994371482
YPL160W,-1,16.65813184077915,222,4137,1726,17,0.3192395935758768,0.05092911218169305,0.9288702928870293,0.7056114617090227,0.29438853829097733
YDR346C,-1,16.63757274166081,222,4138,1725,17,0.3190757128810226,0.05091743119266055,0.9288702928870293,0.7057820228551935,0.2942179771448064
YBR128C,1,16.6298216834929,223,4138,1725,16,0.3192395935758768,0.051135060765879384,0.9330543933054394,0.7057820228551935,0.2942179771448064
YJL164C,-1,16.62498885205314,223,4139,1724,16,0.3190757128810226,0.05112333791838606,0.9330543933054394,0.7059525840013645,0.2940474159986355
YLR136C,-1,16.615962207778825,223,4140,1723,16,0.3189118321861685,0.051111620444648176,0.9330543933054394,0.7061231451475354,0.2938768548524646
YMR104C,-1,16.60953714855085,223,4141,1722,16,0.3187479514913143,0.051099908340971584,0.9330543933054394,0.7062937062937062,0.2937062937062937
YER074W-A,-1,16.607765973134235,223,4142,1721,16,0.3185840707964602,0.05108820160366552,0.9330543933054394,0.7064642674398772,0.29353573256012283
YPL189W,-1,16.597778410802935,223,4143,1720,16,0.31842019010160605,0.0510765002290426,0.9330543933054394,0.7066348285860481,0.2933651714139519
YOR328W,-1,16.575471643161574,223,4144,1719,16,0.31825630940675187,0.05106480421341882,0.9330543933054394,0.706805389732219,0.293194610267781
YOL091W,-1,16.55123104332131,223,4145,1718,16,0.31809242871189775,0.05105311355311355,0.9330543933054394,0.7069759508783899,0.2930240491216101
YGL212W,-1,16.543119021705692,223,4146,1717,16,0.31792854801704357,0.05104142824444953,0.9330543933054394,0.7071465120245608,0.2928534879754392
YBR060C,-1,16.534947952012523,223,4147,1716,16,0.31776466732218944,0.05102974828375286,0.9330543933054394,0.7073170731707317,0.2926829268292683
YFL055W,-1,16.5308650289172,223,4148,1715,16,0.3176007866273353,0.05101807366735301,0.9330543933054394,0.7074876343169026,0.2925123656830974
YPR015C,-1,16.52290577725944,223,4149,1714,16,0.31743690593248114,0.0510064043915828,0.9330543933054394,0.7076581954630735,0.2923418045369265
YER039C,-1,16.517840275976667,223,4150,1713,16,0.317273025237627,0.050994740452778416,0.9330543933054394,0.7078287566092444,0.29217124339075556
YBR183W,-1,16.491038263571355,223,4151,1712,16,0.31710914454277284,0.05098308184727938,0.9330543933054394,0.7079993177554154,0.2920006822445847
YDR082W,-1,16.488972990013608,223,4152,1711,16,0.3169452638479187,0.05097142857142857,0.9330543933054394,0.7081698789015862,0.2918301210984138
YBL055C,-1,16.47634448888445,223,4153,1710,16,0.3167813831530646,0.050959780621572213,0.9330543933054394,0.7083404400477571,0.29165955995224285
YDR002W,1,16.470795137059472,224,4153,1710,15,0.3169452638479187,0.051176604980580305,0.9372384937238494,0.7083404400477571,0.29165955995224285
YGR032W,-1,16.464900275712107,224,4154,1709,15,0.3167813831530646,0.05116491548652353,0.9372384937238494,0.7085110011939281,0.291488998806072
YLR051C,-1,16.45637223711529,224,4155,1708,15,0.3166175024582104,0.05115323133135419,0.9372384937238494,0.7086815623400989,0.29131843765990106
YHR100C,-1,16.43332870235136,224,4156,1707,15,0.3164536217633563,0.05114155251141553,0.9372384937238494,0.7088521234862698,0.2911478765137302
YPL105C,-1,16.429768665541875,224,4157,1706,15,0.3162897410685021,0.051129879023054096,0.9372384937238494,0.7090226846324408,0.2909773153675593
YMR095C,-1,16.416111473882587,224,4158,1705,15,0.316125860373648,0.051118210862619806,0.9372384937238494,0.7091932457786116,0.29080675422138835
YJL189W,-1,16.40143114565466,224,4159,1704,15,0.31596197967879386,0.051106548026465894,0.9372384937238494,0.7093638069247825,0.2906361930752175
YDR075W,-1,16.3778546645698,224,4160,1703,15,0.3157980989839397,0.051094890510948905,0.9372384937238494,0.7095343680709535,0.29046563192904656
YAL029C,-1,16.369682005206705,224,4161,1702,15,0.31563421828908556,0.05108323831242873,0.9372384937238494,0.7097049292171244,0.29029507078287564
YHL002W,-1,16.34863158334809,224,4162,1701,15,0.3154703375942314,0.05107159142726858,0.9372384937238494,0.7098754903632952,0.2901245096367048
YNL256W,-1,16.34009613955539,224,4163,1700,15,0.31530645689937725,0.051059949851834964,0.9372384937238494,0.7100460515094661,0.28995394849053385
YLL063C,-1,16.32050501259857,224,4164,1699,15,0.31514257620452313,0.05104831358249772,0.9372384937238494,0.7102166126556371,0.28978338734436293
YLR080W,-1,16.317270955132017,224,4165,1698,15,0.31497869550966895,0.051036682615629984,0.9372384937238494,0.7103871738018079,0.28961282619819206
YCR034W,-1,16.30992415973826,224,4166,1697,15,0.3148148148148148,0.0510250569476082,0.9372384937238494,0.7105577349479788,0.28944226505202114
YLR016C,-1,16.306607857950425,224,4167,1696,15,0.31465093411996065,0.05101343657481212,0.9372384937238494,0.7107282960941498,0.2892717039058503
YOR051C,-1,16.283814864638547,224,4168,1695,15,0.3144870534251065,0.051001821493624776,0.9372384937238494,0.7108988572403206,0.28910114275967935
YJL115W,-1,16.281189326811607,224,4169,1694,15,0.3143231727302524,0.050990211700432504,0.9372384937238494,0.7110694183864915,0.28893058161350843
YMR063W,-1,16.2514605184968,224,4170,1693,15,0.3141592920353982,0.05097860719162494,0.9372384937238494,0.7112399795326625,0.28876002046733756
YJL183W,-1,16.213913896026348,224,4171,1692,15,0.3139954113405441,0.050967007963595,0.9372384937238494,0.7114105406788334,0.28858945932116664
YCR072C,-1,16.197892282686244,224,4172,1691,15,0.3138315306456899,0.050955414012738856,0.9372384937238494,0.7115811018250042,0.2884188981749957
YIL117C,-1,16.16479749243033,224,4173,1690,15,0.3136676499508358,0.050943825335455994,0.9372384937238494,0.7117516629711752,0.28824833702882485
YER028C,-1,16.161769007163645,224,4174,1689,15,0.31350376925598167,0.05093224192814916,0.9372384937238494,0.7119222241173461,0.28807777588265393
YLR405W,-1,16.154955816131512,224,4175,1688,15,0.3133398885611275,0.05092066378722437,0.9372384937238494,0.7120927852635169,0.287907214736483
YNL042W,-1,16.154277481066906,224,4176,1687,15,0.31317600786627336,0.05090909090909091,0.9372384937238494,0.7122633464096879,0.28773665359031214
YDL245C,-1,16.15392866091836,224,4177,1686,15,0.3130121271714192,0.050897523290161326,0.9372384937238494,0.7124339075558588,0.2875660924441412
YAL036C,-1,16.15371209732504,224,4178,1685,15,0.31284824647656506,0.05088596092685143,0.9372384937238494,0.7126044687020296,0.2873955312979703
YBL054W,-1,16.1511491623592,224,4179,1684,15,0.31268436578171094,0.05087440381558029,0.9372384937238494,0.7127750298482006,0.28722497015179943
YOR285W,-1,16.132019005445727,224,4180,1683,15,0.31252048508685676,0.05086285195277021,0.9372384937238494,0.7129455909943715,0.2870544090056285
YLR139C,-1,16.131792377546006,224,4181,1682,15,0.31235660439200263,0.05085130533484677,0.9372384937238494,0.7131161521405424,0.28688384785945764
YPR161C,-1,16.129141361363267,224,4182,1681,15,0.31219272369714846,0.05083976395823876,0.9372384937238494,0.7132867132867133,0.2867132867132867
YOR262W,-1,16.106526010892082,224,4183,1680,15,0.31202884300229433,0.05082822781937826,0.9372384937238494,0.7134572744328842,0.2865427255671158
YPR104C,-1,16.095765646008513,224,4184,1679,15,0.3118649623074402,0.050816696914700546,0.9372384937238494,0.7136278355790551,0.28637216442094493
YLR167W,-1,16.089709744503597,224,4185,1678,15,0.31170108161258603,0.05080517124064414,0.9372384937238494,0.713798396725226,0.286201603274774
YNL186W,1,16.07524183557797,225,4185,1678,14,0.3118649623074402,0.05102040816326531,0.9414225941422594,0.713798396725226,0.286201603274774
YPL095C,-1,16.055929358415874,225,4186,1677,14,0.31170108161258603,0.0510088415325323,0.9414225941422594,0.7139689578713969,0.2860310421286031
YLR443W,-1,16.05061466509865,225,4187,1676,14,0.3115372009177319,0.05099728014505893,0.9414225941422594,0.7141395190175678,0.2858604809824322
YLR393W,-1,16.03924069234741,225,4188,1675,14,0.3113733202228777,0.05098572399728076,0.9414225941422594,0.7143100801637386,0.2856899198362613
YKR076W,-1,16.02609014646769,225,4189,1674,14,0.3112094395280236,0.050974173085636613,0.9414225941422594,0.7144806413099096,0.2855193586900904
YPR009W,-1,16.02593274549838,225,4190,1673,14,0.3110455588331695,0.05096262740656852,0.9414225941422594,0.7146512024560805,0.2853487975439195
YKL107W,-1,16.017690604519654,225,4191,1672,14,0.3108816781383153,0.050951086956521736,0.9414225941422594,0.7148217636022514,0.2851782363977486
YBR023C,-1,16.004326364462774,225,4192,1671,14,0.3107177974434612,0.05093955173194476,0.9414225941422594,0.7149923247484223,0.28500767525157766
YMR129W,-1,16.003452736303256,225,4193,1670,14,0.310553916748607,0.05092802172928927,0.9414225941422594,0.7151628858945932,0.2848371141054068
YOR192C,-1,16.003147764622085,225,4194,1669,14,0.31039003605375287,0.05091649694501019,0.9414225941422594,0.7153334470407641,0.2846665529592359
YBR186W,-1,16.00297131078173,225,4195,1668,14,0.31022615535889875,0.05090497737556561,0.9414225941422594,0.715504008186935,0.284495991813065
YHR189W,-1,15.989815473740299,225,4196,1667,14,0.31006227466404457,0.05089346301741687,0.9414225941422594,0.7156745693331059,0.2843254306668941
YMR172W,-1,15.973846588278043,225,4197,1666,14,0.30989839396919044,0.05088195386702849,0.9414225941422594,0.7158451304792768,0.28415486952072316
YGL122C,-1,15.967760527836584,225,4198,1665,14,0.30973451327433627,0.05087044992086819,0.9414225941422594,0.7160156916254478,0.2839843083745523
YLR013W,-1,15.940854225678702,225,4199,1664,14,0.30957063257948214,0.05085895117540687,0.9414225941422594,0.7161862527716186,0.2838137472283814
YBR055C,-1,15.93121456606135,225,4200,1663,14,0.309406751884628,0.05084745762711865,0.9414225941422594,0.7163568139177895,0.28364318608221045
YOL142W,-1,15.920981794417955,225,4201,1662,14,0.30924287118977384,0.0508359692724808,0.9414225941422594,0.7165273750639605,0.2834726249360396
YKL056C,-1,15.919642611067271,225,4202,1661,14,0.3090789904949197,0.0508244861079738,0.9414225941422594,0.7166979362101313,0.28330206378986866
YDR106W,-1,15.91030528647925,225,4203,1660,14,0.30891510980006553,0.0508130081300813,0.9414225941422594,0.7168684973563022,0.28313150264369774
YNL047C,-1,15.910066365761242,225,4204,1659,14,0.3087512291052114,0.05080153533529013,0.9414225941422594,0.7170390585024732,0.2829609414975269
YOR048C,-1,15.900911917929722,225,4205,1658,14,0.3085873484103573,0.050790067720090294,0.9414225941422594,0.717209619648644,0.28279038035135595
YGL195W,-1,15.900578398543628,225,4206,1657,14,0.3084234677155031,0.05077860528097495,0.9414225941422594,0.7173801807948149,0.2826198192051851
YMR001C,-1,15.897253670003144,225,4207,1656,14,0.308259587020649,0.05076714801444043,0.9414225941422594,0.7175507419409859,0.28244925805901416
YGR198W,-1,15.889026188075563,225,4208,1655,14,0.3080957063257948,0.05075569591698624,0.9414225941422594,0.7177213030871568,0.28227869691284324
YNL077W,-1,15.879733516857936,225,4209,1654,14,0.3079318256309407,0.05074424898511502,0.9414225941422594,0.7178918642333276,0.2821081357666724
YDR338C,-1,15.870806744832974,225,4210,1653,14,0.3077679449360865,0.05073280721533258,0.9414225941422594,0.7180624253794986,0.28193757462050145
YLR116W,-1,15.861819184743432,225,4211,1652,14,0.3076040642412324,0.05072137060414788,0.9414225941422594,0.7182329865256695,0.28176701347433053
YER025W,-1,15.857414605932352,225,4212,1651,14,0.30744018354637825,0.05070993914807302,0.9414225941422594,0.7184035476718403,0.28159645232815966
YLR377C,-1,15.852280424781707,225,4213,1650,14,0.3072763028515241,0.050698512843623256,0.9414225941422594,0.7185741088180112,0.28142589118198874
YGR211W,-1,15.825595213965583,225,4214,1649,14,0.30711242215666995,0.050687091687316964,0.9414225941422594,0.7187446699641822,0.2812553300358178
YDR342C,-1,15.818635918391537,225,4215,1648,14,0.30694854146181577,0.05067567567567568,0.9414225941422594,0.718915231110353,0.28108476888964695
YEL042W,-1,15.811036224773344,225,4216,1647,14,0.30678466076696165,0.05066426480522405,0.9414225941422594,0.7190857922565239,0.28091420774347603
YPL248C,-1,15.802861102565103,225,4217,1646,14,0.3066207800721075,0.05065285907248987,0.9414225941422594,0.7192563534026949,0.2807436465973051
YDR425W,-1,15.725810322442369,225,4218,1645,14,0.30645689937725334,0.05064145847400405,0.9414225941422594,0.7194269145488658,0.28057308545113424
YKL110C,-1,15.72412242818969,225,4219,1644,14,0.3062930186823992,0.05063006300630063,0.9414225941422594,0.7195974756950366,0.2804025243049633
YFR022W,-1,15.707642193792285,225,4220,1643,14,0.30612913798754504,0.05061867266591676,0.9414225941422594,0.7197680368412076,0.28023196315879245
YCR031C,-1,15.677020706984964,225,4221,1642,14,0.3059652572926909,0.05060728744939271,0.9414225941422594,0.7199385979873785,0.28006140201262153
YGR049W,-1,15.666421153748965,225,4222,1641,14,0.3058013765978368,0.050595907353271866,0.9414225941422594,0.7201091591335493,0.2798908408664506
YEL049W,-1,15.664224932938488,225,4223,1640,14,0.3056374959029826,0.05058453237410072,0.9414225941422594,0.7202797202797203,0.27972027972027974
YBR298C,-1,15.653524362473592,225,4224,1639,14,0.3054736152081285,0.05057316250842886,0.9414225941422594,0.7204502814258912,0.2795497185741088
YAL021C,-1,15.64020280146678,225,4225,1638,14,0.3053097345132743,0.05056179775280899,0.9414225941422594,0.720620842572062,0.2793791574279379
YBL042C,-1,15.611546354217898,225,4226,1637,14,0.3051458538184202,0.0505504381037969,0.9414225941422594,0.720791403718233,0.27920859628176703
YBR261C,-1,15.60639082897017,225,4227,1636,14,0.30498197312356606,0.05053908355795148,0.9414225941422594,0.7209619648644039,0.2790380351355961
YBR163W,-1,15.583420134613647,225,4228,1635,14,0.3048180924287119,0.05052773411183472,0.9414225941422594,0.7211325260105748,0.2788674739894252
YEL020C,-1,15.582581644079028,225,4229,1634,14,0.30465421173385776,0.05051638976201168,0.9414225941422594,0.7213030871567457,0.2786969128432543
YJL085W,-1,15.566151480858737,225,4230,1633,14,0.3044903310390036,0.050505050505050504,0.9414225941422594,0.7214736483029166,0.2785263516970834
YLR423C,-1,15.549234051201697,225,4231,1632,14,0.30432645034414946,0.05049371633752244,0.9414225941422594,0.7216442094490875,0.27835579055091253
YIL056W,-1,15.541595587917662,225,4232,1631,14,0.30416256964929533,0.05048238725600179,0.9414225941422594,0.7218147705952584,0.2781852294047416
YDR190C,-1,15.522773664725545,225,4233,1630,14,0.30399868895444115,0.05047106325706595,0.9414225941422594,0.7219853317414293,0.2780146682585707
YLR185W,-1,15.479097778880979,225,4234,1629,14,0.30383480825958703,0.05045974433729536,0.9414225941422594,0.7221558928876002,0.2778441071123998
YJR123W,-1,15.459210148093778,225,4235,1628,14,0.30367092756473285,0.05044843049327354,0.9414225941422594,0.7223264540337712,0.2776735459662289
YOR250C,-1,15.449469600648259,225,4236,1627,14,0.3035070468698787,0.05043712172158709,0.9414225941422594,0.722497015179942,0.277502984820058
YFL020C,-1,15.447048814967165,225,4237,1626,14,0.3033431661750246,0.05042581801882564,0.9414225941422594,0.7226675763261129,0.2773324236738871
YHR146W,-1,15.436274967402188,225,4238,1625,14,0.3031792854801704,0.050414519381581896,0.9414225941422594,0.7228381374722838,0.2771618625277162
YMR219W,-1,15.42928201885475,225,4239,1624,14,0.3030154047853163,0.05040322580645161,0.9414225941422594,0.7230086986184547,0.27699130138154526
YDR245W,-1,15.425801567284545,225,4240,1623,14,0.3028515240904621,0.05039193729003359,0.9414225941422594,0.7231792597646256,0.2768207402353744
YNL209W,-1,15.419048287464893,225,4241,1622,14,0.302687643395608,0.05038065382892969,0.9414225941422594,0.7233498209107965,0.2766501790892035
YMR101C,-1,15.402754525827413,225,4242,1621,14,0.3025237627007539,0.050369375419744795,0.9414225941422594,0.7235203820569674,0.27647961794303255
YKL042W,-1,15.402738262892349,225,4243,1620,14,0.3023598820058997,0.05035810205908684,0.9414225941422594,0.7236909432031383,0.2763090567968617
YPL037C,-1,15.386467984791254,225,4244,1619,14,0.30219600131104557,0.05034683374356679,0.9414225941422594,0.7238615043493092,0.27613849565069076
YPL126W,-1,15.381993247978372,225,4245,1618,14,0.3020321206161914,0.050335570469798654,0.9414225941422594,0.7240320654954802,0.2759679345045199
YHR182W,-1,15.372579263719217,225,4246,1617,14,0.30186823992133727,0.05032431223439946,0.9414225941422594,0.724202626641651,0.275797373358349
YFL013C,-1,15.37249812749445,225,4247,1616,14,0.30170435922648314,0.05031305903398927,0.9414225941422594,0.7243731877878219,0.27562681221217805
YPL184C,-1,15.337799507584577,225,4248,1615,14,0.30154047853162896,0.05030181086519115,0.9414225941422594,0.7245437489339929,0.2754562510660072
YLR237W,-1,15.326154663903157,225,4249,1614,14,0.30137659783677484,0.050290567724631204,0.9414225941422594,0.7247143100801637,0.27528568991983626
YGR074W,-1,15.305580760073731,225,4250,1613,14,0.30121271714192066,0.05027932960893855,0.9414225941422594,0.7248848712263346,0.27511512877366534
YPL183C,-1,15.290618601451559,225,4251,1612,14,0.30104883644706654,0.05026809651474531,0.9414225941422594,0.7250554323725056,0.2749445676274945
YLR022C,-1,15.265145079170269,225,4252,1611,14,0.3008849557522124,0.05025686843868662,0.9414225941422594,0.7252259935186764,0.27477400648132355
YOR287C,-1,15.261867090854594,225,4253,1610,14,0.30072107505735823,0.05024564537740062,0.9414225941422594,0.7253965546648473,0.27460344533515263
YMR003W,-1,15.2548883279004,225,4254,1609,14,0.3005571943625041,0.05023442732752847,0.9414225941422594,0.7255671158110183,0.27443288418898176
YDR500C,-1,15.243808416738883,225,4255,1608,14,0.30039331366764993,0.05022321428571429,0.9414225941422594,0.7257376769571892,0.27426232304281084
YIL069C,-1,15.227950324712456,225,4256,1607,14,0.3002294329727958,0.05021200624860522,0.9414225941422594,0.72590823810336,0.2740917618966399
YOR243C,-1,15.208903314934727,225,4257,1606,14,0.3000655522779417,0.050200803212851405,0.9414225941422594,0.726078799249531,0.27392120075046905
YMR268C,-1,15.148992340508759,225,4258,1605,14,0.2999016715830875,0.050189605175105956,0.9414225941422594,0.7262493603957019,0.27375063960429813
YOR271C,-1,15.132934286528322,225,4259,1604,14,0.2997377908882334,0.05017841213202498,0.9414225941422594,0.7264199215418727,0.27358007845812726
YNL191W,-1,15.128764051226693,225,4260,1603,14,0.2995739101933792,0.05016722408026756,0.9414225941422594,0.7265904826880437,0.27340951731195634
YMR017W,-1,15.126305711376043,225,4261,1602,14,0.2994100294985251,0.05015604101649576,0.9414225941422594,0.7267610438342146,0.2732389561657854
YDR113C,-1,15.107550100775873,225,4262,1601,14,0.29924614880367095,0.050144862937374635,0.9414225941422594,0.7269316049803854,0.27306839501961455
YNL335W,-1,15.091997000824056,225,4263,1600,14,0.2990822681088168,0.05013368983957219,0.9414225941422594,0.7271021661265563,0.27289783387344363
YER011W,-1,15.081307594304711,225,4264,1599,14,0.29891838741396265,0.050122521719759415,0.9414225941422594,0.7272727272727273,0.2727272727272727
YKR102W,-1,15.064954078671333,225,4265,1598,14,0.29875450671910847,0.05011135857461024,0.9414225941422594,0.7274432884188982,0.27255671158110184
YDR320C,-1,15.06317633265569,225,4266,1597,14,0.29859062602425435,0.050100200400801605,0.9414225941422594,0.727613849565069,0.2723861504349309
YFR034C,-1,15.026667366271043,225,4267,1596,14,0.2984267453294002,0.05008904719501336,0.9414225941422594,0.72778441071124,0.27221558928876
YDR326C,-1,15.011293742251434,225,4268,1595,14,0.29826286463454604,0.050077898953928335,0.9414225941422594,0.7279549718574109,0.27204502814258913
YPR168W,-1,14.993607187724924,225,4269,1594,14,0.2980989839396919,0.050066755674232306,0.9414225941422594,0.7281255330035817,0.2718744669964182
YHR062C,-1,14.990770575894073,225,4270,1593,14,0.29793510324483774,0.05005561735261402,0.9414225941422594,0.7282960941497527,0.27170390585024734
YER113C,-1,14.971208290685903,225,4271,1592,14,0.2977712225499836,0.05004448398576512,0.9414225941422594,0.7284666552959236,0.2715333447040764
YJL200C,-1,14.967286449870862,225,4272,1591,14,0.2976073418551295,0.05003335557038025,0.9414225941422594,0.7286372164420944,0.2713627835579055
YEL069C,-1,14.966705691788233,225,4273,1590,14,0.2974434611602753,0.05002223210315696,0.9414225941422594,0.7288077775882654,0.27119222241173463
YIL052C,-1,14.961999730213071,225,4274,1589,14,0.2972795804654212,0.050011113580795734,0.9414225941422594,0.7289783387344363,0.2710216612655637
YOR151C,-1,14.951956428820989,225,4275,1588,14,0.297115699770567,0.05,0.9414225941422594,0.7291488998806072,0.2708511001193928
YIL143C,-1,14.932603899858961,225,4276,1587,14,0.2969518190757129,0.04998889135747612,0.9414225941422594,0.7293194610267781,0.2706805389732219
YML042W,-1,14.910610678267807,225,4277,1586,14,0.29678793838085876,0.04997778764993336,0.9414225941422594,0.729490022172949,0.270509977827051
YBR154C,-1,14.908625269053063,225,4278,1585,14,0.2966240576860046,0.049966688874083946,0.9414225941422594,0.7296605833191199,0.2703394166808801
YER076C,-1,14.90305359387912,225,4279,1584,14,0.29646017699115046,0.049955595026642985,0.9414225941422594,0.7298311444652908,0.2701688555347092
YJL076W,-1,14.900396753222925,225,4280,1583,14,0.2962962962962963,0.049944506104328525,0.9414225941422594,0.7300017056114617,0.2699982943885383
YHR021C,-1,14.899918530393148,225,4281,1582,14,0.29613241560144216,0.049933422103861515,0.9414225941422594,0.7301722667576326,0.26982773324236736
YER075C,-1,14.896737453586184,225,4282,1581,14,0.295968534906588,0.04992234302196583,0.9414225941422594,0.7303428279038036,0.2696571720961965
YJR151C,-1,14.893169361244471,225,4283,1580,14,0.29580465421173385,0.049911268855368236,0.9414225941422594,0.7305133890499744,0.2694866109500256
YDL207W,-1,14.88796313741257,225,4284,1579,14,0.29564077351687973,0.0499001996007984,0.9414225941422594,0.7306839501961453,0.2693160498038547
YBR025C,-1,14.884656116627639,225,4285,1578,14,0.29547689282202555,0.04988913525498891,0.9414225941422594,0.7308545113423163,0.2691454886576838
YJR127C,-1,14.881661645796264,225,4286,1577,14,0.2953130121271714,0.04987807581467524,0.9414225941422594,0.7310250724884871,0.26897492751151286
YKL139W,-1,14.867631772300669,225,4287,1576,14,0.29514913143231725,0.049867021276595744,0.9414225941422594,0.731195633634658,0.268804366365342
YCR087C-A,-1,14.864563856252062,225,4288,1575,14,0.2949852507374631,0.04985597163749169,0.9414225941422594,0.731366194780829,0.2686338052191711
YNL221C,-1,14.848875855204478,225,4289,1574,14,0.294821370042609,0.049844926894107223,0.9414225941422594,0.7315367559269998,0.26846324407300015
YJL098W,-1,14.844934434239283,225,4290,1573,14,0.2946574893477548,0.04983388704318937,0.9414225941422594,0.7317073170731707,0.2682926829268293
YDR253C,-1,14.84255749730815,225,4291,1572,14,0.2944936086529007,0.04982285208148804,0.9414225941422594,0.7318778782193416,0.26812212178065836
YBR150C,-1,14.824545500351194,225,4292,1571,14,0.2943297279580465,0.04981182200575603,0.9414225941422594,0.7320484393655126,0.26795156063448744
YGL210W-A,-1,14.80615904656588,225,4293,1570,14,0.2941658472631924,0.049800796812749,0.9414225941422594,0.7322190005116834,0.2677809994883166
YLR194C,-1,14.793012401975373,225,4294,1569,14,0.29400196656833827,0.049789776499225495,0.9414225941422594,0.7323895616578543,0.26761043834214565
YHR053C,-1,14.789870771398235,225,4295,1568,14,0.2938380858734841,0.049778761061946904,0.9414225941422594,0.7325601228040253,0.2674398771959748
YML081W,-1,14.774406067060227,225,4296,1567,14,0.29367420517862997,0.0497677504976775,0.9414225941422594,0.7327306839501961,0.26726931604980386
YLR150W,-1,14.761208884942873,225,4297,1566,14,0.2935103244837758,0.049756744803184434,0.9414225941422594,0.732901245096367,0.26709875490363294
YDL124W,-1,14.747472418976095,225,4298,1565,14,0.29334644378892166,0.04974574397523768,0.9414225941422594,0.733071806242538,0.2669281937574621
YGL073W,-1,14.745432346973509,225,4299,1564,14,0.29318256309406754,0.04973474801061008,0.9414225941422594,0.7332423673887088,0.26675763261129115
YGR213C,-1,14.727304394512233,225,4300,1563,14,0.29301868239921336,0.049723756906077346,0.9414225941422594,0.7334129285348797,0.26658707146512023
YHR094C,-1,14.717424007158435,225,4301,1562,14,0.29285480170435924,0.04971277065841803,0.9414225941422594,0.7335834896810507,0.26641651031894936
YJR096W,-1,14.66448040534052,225,4302,1561,14,0.29269092100950506,0.04970178926441352,0.9414225941422594,0.7337540508272216,0.26624594917277844
YOL055C,-1,14.658782109550772,225,4303,1560,14,0.29252704031465093,0.049690812720848056,0.9414225941422594,0.7339246119733924,0.2660753880266075
YDL047W,-1,14.649228921484639,225,4304,1559,14,0.2923631596197968,0.049679841024508724,0.9414225941422594,0.7340951731195634,0.26590482688043665
YAL003W,-1,14.645243458554624,225,4305,1558,14,0.29219927892494263,0.04966887417218543,0.9414225941422594,0.7342657342657343,0.26573426573426573
YNL270C,-1,14.634357386897209,225,4306,1557,14,0.2920353982300885,0.04965791216067093,0.9414225941422594,0.7344362954119051,0.2655637045880948
YDR320C-A,-1,14.602696443794528,225,4307,1556,14,0.2918715175352343,0.04964695498676081,0.9414225941422594,0.7346068565580761,0.26539314344192394
YBR001C,-1,14.59890434245202,225,4308,1555,14,0.2917076368403802,0.04963600264725347,0.9414225941422594,0.734777417704247,0.265222582295753
YNL014W,-1,14.572118521514206,225,4309,1554,14,0.2915437561455261,0.04962505513895015,0.9414225941422594,0.7349479788504178,0.26505202114958215
YNL199C,-1,14.564835840857139,225,4310,1553,14,0.2913798754506719,0.04961411245865491,0.9414225941422594,0.7351185399965888,0.26488146000341123
YGL257C,-1,14.558040836855817,225,4311,1552,14,0.2912159947558178,0.0496031746031746,0.9414225941422594,0.7352891011427597,0.2647108988572403
YNL215W,-1,14.54127543494506,225,4312,1551,14,0.2910521140609636,0.049592241569318934,0.9414225941422594,0.7354596622889306,0.26454033771106944
YDR163W,-1,14.509119930910742,225,4313,1550,14,0.29088823336610947,0.0495813133539004,0.9414225941422594,0.7356302234351015,0.2643697765648985
YMR123W,-1,14.490538178877294,225,4314,1549,14,0.29072435267125535,0.0495703899537343,0.9414225941422594,0.7358007845812724,0.2641992154187276
YGL158W,-1,14.484611133606675,225,4315,1548,14,0.29056047197640117,0.04955947136563876,0.9414225941422594,0.7359713457274433,0.26402865427255673
YGR072W,-1,14.484526148206207,225,4316,1547,14,0.29039659128154705,0.049548557586434706,0.9414225941422594,0.7361419068736141,0.2638580931263858
YNL299W,-1,14.479474582485427,225,4317,1546,14,0.29023271058669287,0.04953764861294584,0.9414225941422594,0.7363124680197851,0.2636875319802149
YBR142W,-1,14.458078307991729,225,4318,1545,14,0.29006882989183874,0.04952674444199868,0.9414225941422594,0.736483029165956,0.263516970834044
YAL063C,-1,14.451927340572606,225,4319,1544,14,0.2899049491969846,0.04951584507042254,0.9414225941422594,0.7366535903121268,0.2633464096878731
YIL167W,-1,14.446745605040196,225,4320,1543,14,0.28974106850213044,0.04950495049504951,0.9414225941422594,0.7368241514582978,0.2631758485417022
YMR120C,-1,14.44038621924179,225,4321,1542,14,0.2895771878072763,0.04949406071271448,0.9414225941422594,0.7369947126044687,0.2630052873955313
YGL133W,-1,14.43645617070907,225,4322,1541,14,0.28941330711242214,0.04948317572025511,0.9414225941422594,0.7371652737506396,0.2628347262493604
YAL001C,-1,14.436010785931249,225,4323,1540,14,0.289249426417568,0.04947229551451187,0.9414225941422594,0.7373358348968105,0.2626641651031895
YOR293W,-1,14.423245671164292,225,4324,1539,14,0.2890855457227139,0.049461420092327985,0.9414225941422594,0.7375063960429814,0.2624936039570186
YDR227W,-1,14.384009952513432,225,4325,1538,14,0.2889216650278597,0.04945054945054945,0.9414225941422594,0.7376769571891523,0.2623230428108477
YOR190W,-1,14.334654857804061,225,4326,1537,14,0.2887577843330056,0.049439683586025046,0.9414225941422594,0.7378475183353232,0.2621524816646768
YNL207W,-1,14.329310786468964,225,4327,1536,14,0.2885939036381514,0.049428822495606324,0.9414225941422594,0.7380180794814941,0.2619819205185059
YDL014W,-1,14.322559812681622,225,4328,1535,14,0.2884300229432973,0.0494179661761476,0.9414225941422594,0.738188640627665,0.26181135937233496
YGR108W,-1,14.307977570476389,225,4329,1534,14,0.28826614224844316,0.04940711462450593,0.9414225941422594,0.738359201773836,0.2616407982261641
YPL189C-A,-1,14.264636834785277,225,4330,1533,14,0.288102261553589,0.04939626783754116,0.9414225941422594,0.7385297629200068,0.2614702370799932
YNL244C,-1,14.251758870138982,225,4331,1532,14,0.28793838085873485,0.04938542581211589,0.9414225941422594,0.7387003240661777,0.26129967593382225
YKR056W,-1,14.250199583933057,225,4332,1531,14,0.2877745001638807,0.04937458854509546,0.9414225941422594,0.7388708852123487,0.2611291147876514
YDR501W,-1,14.243603959056818,225,4333,1530,14,0.28761061946902655,0.04936375603334796,0.9414225941422594,0.7390414463585195,0.26095855364148046
YLR154W-C,-1,14.230422135442494,225,4334,1529,14,0.28744673877417243,0.04935292827374424,0.9414225941422594,0.7392120075046904,0.2607879924953096
YKR059W,-1,14.22392356212701,225,4335,1528,14,0.28728285807931825,0.049342105263157895,0.9414225941422594,0.7393825686508614,0.2606174313491387
YOR133W,-1,14.211647283697003,225,4336,1527,14,0.2871189773844641,0.04933128699846525,0.9414225941422594,0.7395531297970322,0.26044687020296775
YER093C,-1,14.210803044969929,225,4337,1526,14,0.28695509668960995,0.049320473476545376,0.9414225941422594,0.7397236909432031,0.2602763090567969
YDR528W,-1,14.197841657749843,225,4338,1525,14,0.2867912159947558,0.04930966469428008,0.9414225941422594,0.7398942520893741,0.26010574791062596
YDR398W,-1,14.195956705391403,225,4339,1524,14,0.2866273352999017,0.0492988606485539,0.9414225941422594,0.740064813235545,0.25993518676445504
YKL103C,-1,14.19517422993472,225,4340,1523,14,0.2864634546050475,0.04928806133625411,0.9414225941422594,0.7402353743817158,0.2597646256182842
YIR018W,-1,14.189239703131797,225,4341,1522,14,0.2862995739101934,0.049277266754270695,0.9414225941422594,0.7404059355278867,0.25959406447211325
YGL014W,-1,14.170246160041259,225,4342,1521,14,0.2861356932153392,0.04926647689949639,0.9414225941422594,0.7405764966740577,0.25942350332594233
YHR171W,1,14.157770542906476,226,4342,1521,13,0.2862995739101934,0.04947460595446585,0.9456066945606695,0.7405764966740577,0.25942350332594233
YKL186C,-1,14.152356241759591,226,4343,1520,13,0.2861356932153392,0.04946377763186693,0.9456066945606695,0.7407470578202285,0.25925294217977146
YDR255C,1,14.11423431494967,227,4343,1520,12,0.2862995739101934,0.04967177242888403,0.9497907949790795,0.7407470578202285,0.25925294217977146
YHR211W,-1,14.108355526796394,227,4344,1519,12,0.2861356932153392,0.0496609057099103,0.9497907949790795,0.7409176189663994,0.25908238103360054
YGR055W,-1,14.105561319599293,227,4345,1518,12,0.2859718125204851,0.049650043744531934,0.9497907949790795,0.7410881801125704,0.2589118198874296
YIL103W,-1,14.072634397498472,227,4346,1517,12,0.28580793182563097,0.04963918652963044,0.9497907949790795,0.7412587412587412,0.25874125874125875
YIL119C,-1,14.053522857729542,227,4347,1516,12,0.2856440511307768,0.04962833406209007,0.9497907949790795,0.7414293024049121,0.25857069759508783
YML106W,-1,14.034816942368717,227,4348,1515,12,0.28548017043592266,0.04961748633879781,0.9497907949790795,0.7415998635510831,0.25840013644891696
YMR312W,-1,14.030024141195064,227,4349,1514,12,0.2853162897410685,0.04960664335664336,0.9497907949790795,0.741770424697254,0.25822957530274604
YDR046C,-1,13.995027578092005,227,4350,1513,12,0.28515240904621436,0.04959580511251912,0.9497907949790795,0.7419409858434248,0.2580590141565751
YDR450W,-1,13.981954702625526,227,4351,1512,12,0.28498852835136024,0.049584971603320226,0.9497907949790795,0.7421115469895958,0.25788845301040425
YJL046W,-1,13.979477434406363,227,4352,1511,12,0.28482464765650606,0.04957414282594453,0.9497907949790795,0.7422821081357667,0.25771789186423333
YML026C,-1,13.958662692691991,227,4353,1510,12,0.28466076696165193,0.04956331877729258,0.9497907949790795,0.7424526692819375,0.2575473307180624
YIL099W,-1,13.957757220613683,227,4354,1509,12,0.28449688626679775,0.04955249945426763,0.9497907949790795,0.7426232304281085,0.25737676957189154
YOR369C,-1,13.952802697636137,227,4355,1508,12,0.28433300557194363,0.04954168485377564,0.9497907949790795,0.7427937915742794,0.2572062084257206
YHR089C,-1,13.95011662029995,227,4356,1507,12,0.28416912487708945,0.04953087497272529,0.9497907949790795,0.7429643527204502,0.2570356472795497
YGR205W,-1,13.943319499527204,227,4357,1506,12,0.28400524418223533,0.04952006980802792,0.9497907949790795,0.7431349138666212,0.25686508613337883
YER064C,-1,13.940303305000725,227,4358,1505,12,0.2838413634873812,0.0495092693565976,0.9497907949790795,0.7433054750127921,0.2566945249872079
YPL274W,-1,13.933273362082375,227,4359,1504,12,0.283677482792527,0.04949847361535107,0.9497907949790795,0.743476036158963,0.25652396384103704
YHR025W,-1,13.929690322483165,227,4360,1503,12,0.2835136020976729,0.04948768258120776,0.9497907949790795,0.7436465973051339,0.2563534026948661
YDL122W,1,13.923384229719401,228,4360,1503,11,0.283677482792527,0.04969485614646905,0.9539748953974896,0.7436465973051339,0.2563534026948661
YIL053W,-1,13.917831732798716,228,4361,1502,11,0.2835136020976729,0.0496840270211375,0.9539748953974896,0.7438171584513048,0.2561828415486952
YOR312C,-1,13.884225779808803,228,4362,1501,11,0.2833497214028187,0.04967320261437908,0.9539748953974896,0.7439877195974757,0.25601228040252433
YJL124C,-1,13.866168869650052,228,4363,1500,11,0.2831858407079646,0.04966238292311043,0.9539748953974896,0.7441582807436466,0.2558417192563534
YOR384W,-1,13.855987767919192,228,4364,1499,11,0.2830219600131105,0.04965156794425087,0.9539748953974896,0.7443288418898175,0.2556711581101825
YLL052C,-1,13.849404265095062,228,4365,1498,11,0.2828580793182563,0.049640757674722404,0.9539748953974896,0.7444994030359884,0.2555005969640116
YKR093W,-1,13.842817309944607,228,4366,1497,11,0.28269419862340217,0.049629952111449716,0.9539748953974896,0.7446699641821592,0.2553300358178407
YER131W,-1,13.832648132823637,228,4367,1496,11,0.282530317928548,0.049619151251360176,0.9539748953974896,0.7448405253283302,0.2551594746716698
YGR187C,-1,13.813139999985324,228,4368,1495,11,0.28236643723369387,0.04960835509138381,0.9539748953974896,0.7450110864745011,0.2549889135254989
YAL035W,-1,13.809465480729983,228,4369,1494,11,0.28220255653883974,0.04959756362845334,0.9539748953974896,0.745181647620672,0.254818352379328
YNL210W,-1,13.768496280691643,228,4370,1493,11,0.28203867584398556,0.049586776859504134,0.9539748953974896,0.7453522087668429,0.25464779123315706
YKL068W,-1,13.76833462390143,228,4371,1492,11,0.28187479514913144,0.04957599478147423,0.9539748953974896,0.7455227699130138,0.2544772300869862
YOR276W,-1,13.765815172953884,228,4372,1491,11,0.28171091445427726,0.049565217391304345,0.9539748953974896,0.7456933310591847,0.2543066689408153
YNL022C,-1,13.758691665636878,228,4373,1490,11,0.28154703375942314,0.04955444468593784,0.9539748953974896,0.7458638922053556,0.2541361077946444
YLR060W,-1,13.74886677062658,228,4374,1489,11,0.281383153064569,0.04954367666232073,0.9539748953974896,0.7460344533515265,0.2539655466484735
YLR138W,-1,13.748199582065112,228,4375,1488,11,0.28121927236971483,0.04953291331740169,0.9539748953974896,0.7462050144976974,0.25379498550230256
YPR016C,-1,13.745371085630497,228,4376,1487,11,0.2810553916748607,0.04952215464813206,0.9539748953974896,0.7463755756438684,0.2536244243561317
YGR197C,-1,13.743322150748517,228,4377,1486,11,0.28089151098000653,0.049511400651465795,0.9539748953974896,0.7465461367900392,0.2534538632099608
YIL072W,-1,13.725521946475578,228,4378,1485,11,0.2807276302851524,0.04950065132435953,0.9539748953974896,0.7467166979362101,0.25328330206378985
YOR062C,-1,13.69867879463139,228,4379,1484,11,0.2805637495902983,0.04948990666377252,0.9539748953974896,0.7468872590823811,0.253112740917619
YFL011W-A,-1,13.6835103122022,228,4380,1483,11,0.2803998688954441,0.049479166666666664,0.9539748953974896,0.7470578202285519,0.25294217977144806
YKR008W,-1,13.663014250261622,228,4381,1482,11,0.28023598820059,0.04946843133000651,0.9539748953974896,0.7472283813747228,0.25277161862527714
YMR116C,-1,13.656619693296705,228,4382,1481,11,0.2800721075057358,0.04945770065075922,0.9539748953974896,0.7473989425208938,0.2526010574791063
YMR177W,-1,13.63913876022954,228,4383,1480,11,0.2799082268108817,0.0494469746258946,0.9539748953974896,0.7475695036670646,0.25243049633293535
YDR297W,-1,13.623556541987998,228,4384,1479,11,0.27974434611602755,0.049436253252385085,0.9539748953974896,0.7477400648132355,0.25225993518676443
YGR078C,-1,13.61196838263685,228,4385,1478,11,0.2795804654211734,0.04942553652720572,0.9539748953974896,0.7479106259594065,0.25208937404059356
YLR275W,-1,13.605425419404476,228,4386,1477,11,0.27941658472631925,0.0494148244473342,0.9539748953974896,0.7480811871055774,0.25191881289442264
YKL199C,-1,13.602145325545278,228,4387,1476,11,0.27925270403146507,0.049404117009750816,0.9539748953974896,0.7482517482517482,0.2517482517482518
YGR155W,-1,13.585233041585271,228,4388,1475,11,0.27908882333661095,0.049393414211438474,0.9539748953974896,0.7484223093979192,0.25157769060208085
YDR420W,-1,13.58034336882544,228,4389,1474,11,0.2789249426417568,0.04938271604938271,0.9539748953974896,0.7485928705440901,0.25140712945590993
YDR261C,-1,13.571278804601768,228,4390,1473,11,0.27876106194690264,0.04937202252057168,0.9539748953974896,0.7487634316902609,0.25123656830973906
YPL012W,-1,13.5640195446816,228,4391,1472,11,0.2785971812520485,0.0493613336219961,0.9539748953974896,0.7489339928364318,0.25106600716356814
YFR053C,-1,13.558749043331437,228,4392,1471,11,0.27843330055719434,0.04935064935064935,0.9539748953974896,0.7491045539826028,0.2508954460173972
YDR317W,-1,13.55305460101683,228,4393,1470,11,0.2782694198623402,0.04933996970352737,0.9539748953974896,0.7492751151287736,0.25072488487122635
YKR078W,-1,13.547097051430256,228,4394,1469,11,0.2781055391674861,0.049329294677628734,0.9539748953974896,0.7494456762749445,0.25055432372505543
YOL040C,-1,13.54306212730113,228,4395,1468,11,0.2779416584726319,0.04931862426995458,0.9539748953974896,0.7496162374211155,0.2503837625788845
YML114C,-1,13.526251548498092,228,4396,1467,11,0.2777777777777778,0.04930795847750865,0.9539748953974896,0.7497867985672864,0.25021320143271364
YFR009W,-1,13.521148498347818,228,4397,1466,11,0.2776138970829236,0.049297297297297295,0.9539748953974896,0.7499573597134572,0.2500426402865427
YFR031C-A,-1,13.516111246639932,228,4398,1465,11,0.2774500163880695,0.04928664072632944,0.9539748953974896,0.7501279208596282,0.24987207914037182
YLR409C,-1,13.50841603109399,228,4399,1464,11,0.27728613569321536,0.049275988761616596,0.9539748953974896,0.7502984820057991,0.24970151799420093
YML128C,-1,13.493566898734988,228,4400,1463,11,0.2771222549983612,0.049265341400172864,0.9539748953974896,0.7504690431519699,0.24953095684803
YPL021W,-1,13.493135531879968,228,4401,1462,11,0.27695837430350706,0.0492546986390149,0.9539748953974896,0.7506396042981409,0.2493603957018591
YPL133C,-1,13.483260524693858,228,4402,1461,11,0.2767944936086529,0.049244060475161985,0.9539748953974896,0.7508101654443118,0.24918983455568822
YBL076C,-1,13.481563107033441,228,4403,1460,11,0.27663061291379876,0.04923342690563593,0.9539748953974896,0.7509807265904827,0.24901927340951732
YNR076W,-1,13.473053414529842,228,4404,1459,11,0.27646673221894463,0.04922279792746114,0.9539748953974896,0.7511512877366536,0.2488487122633464
YGR239C,-1,13.46079592482235,228,4405,1458,11,0.27630285152409045,0.04921217353766458,0.9539748953974896,0.7513218488828245,0.2486781511171755
YJR067C,-1,13.456334046367992,228,4406,1457,11,0.27613897082923633,0.04920155373327579,0.9539748953974896,0.7514924100289954,0.2485075899710046
YJL129C,-1,13.445730231867806,228,4407,1456,11,0.27597509013438215,0.04919093851132686,0.9539748953974896,0.7516629711751663,0.24833702882483372
YOR056C,-1,13.444429106528336,228,4408,1455,11,0.275811209439528,0.04918032786885246,0.9539748953974896,0.7518335323213372,0.2481664676786628
YAL018C,-1,13.440657734522345,228,4409,1454,11,0.2756473287446739,0.0491697218028898,0.9539748953974896,0.7520040934675081,0.2479959065324919
YLR151C,-1,13.432439503678715,228,4410,1453,11,0.2754834480498197,0.04915912031047866,0.9539748953974896,0.752174654613679,0.247825345386321
YNL119W,-1,13.432237921017215,228,4411,1452,11,0.2753195673549656,0.04914852338866135,0.9539748953974896,0.7523452157598499,0.24765478424015008
YDR170W-A,-1,13.431016066111624,228,4412,1451,11,0.2751556866601114,0.04913793103448276,0.9539748953974896,0.7525157769060208,0.2474842230939792
YPL030W,-1,13.430205411683122,228,4413,1450,11,0.2749918059652573,0.0491273432449903,0.9539748953974896,0.7526863380521918,0.2473136619478083
YHR065C,-1,13.3932181844501,228,4414,1449,11,0.2748279252704032,0.04911676001723395,0.9539748953974896,0.7528568991983626,0.2471431008016374
YKL026C,-1,13.380795894978158,228,4415,1448,11,0.274664044575549,0.049106181348266206,0.9539748953974896,0.7530274603445335,0.24697253965546648
YOR210W,-1,13.35532003759428,228,4416,1447,11,0.27450016388069487,0.04909560723514212,0.9539748953974896,0.7531980214907045,0.24680197850929558
YMR229C,-1,13.350348789397733,228,4417,1446,11,0.2743362831858407,0.04908503767491927,0.9539748953974896,0.7533685826368753,0.2466314173631247
YOR233W,-1,13.34412318143629,228,4418,1445,11,0.27417240249098657,0.04907447266465777,0.9539748953974896,0.7535391437830462,0.24646085621695377
YJL080C,-1,13.341755409352068,228,4419,1444,11,0.27400852179613244,0.04906391220142027,0.9539748953974896,0.7537097049292171,0.24629029507078287
YDR146C,-1,13.315991981726816,228,4420,1443,11,0.27384464110127826,0.04905335628227195,0.9539748953974896,0.753880266075388,0.24611973392461198
YPL121C,-1,13.286321903244467,228,4421,1442,11,0.27368076040642414,0.04904280490428049,0.9539748953974896,0.7540508272215589,0.24594917277844108
YJL045W,-1,13.277144983675267,228,4422,1441,11,0.27351687971156996,0.04903225806451613,0.9539748953974896,0.7542213883677298,0.24577861163227016
YNL066W,-1,13.255212823827092,228,4423,1440,11,0.27335299901671584,0.0490217157600516,0.9539748953974896,0.7543919495139008,0.24560805048609927
YLR441C,-1,13.228416548171102,228,4424,1439,11,0.27318911832186166,0.049011177987962166,0.9539748953974896,0.7545625106600716,0.24543748933992837
YPR041W,-1,13.226241200032906,228,4425,1438,11,0.27302523762700753,0.049000644745325596,0.9539748953974896,0.7547330718062425,0.24526692819375745
YJL216C,-1,13.21372216303007,228,4426,1437,11,0.2728613569321534,0.048990116029222174,0.9539748953974896,0.7549036329524135,0.24509636704758656
YLR134W,-1,13.202266240721121,228,4427,1436,11,0.27269747623729923,0.04897959183673469,0.9539748953974896,0.7550741940985843,0.24492580590141566
YGR053C,-1,13.179688827468906,228,4428,1435,11,0.2725335955424451,0.04896907216494845,0.9539748953974896,0.7552447552447552,0.24475524475524477
YLR448W,-1,13.177842990068207,228,4429,1434,11,0.2723697148475909,0.048958557010951254,0.9539748953974896,0.7554153163909262,0.24458468360907384
YCR021C,-1,13.169728488954911,228,4430,1433,11,0.2722058341527368,0.048948046371833406,0.9539748953974896,0.755585877537097,0.24441412246290295
YOL109W,-1,13.152926641503068,228,4431,1432,11,0.2720419534578827,0.0489375402446877,0.9539748953974896,0.7557564386832679,0.24424356131673206
YOL094C,-1,13.1065449542138,228,4432,1431,11,0.2718780727630285,0.048927038626609444,0.9539748953974896,0.7559269998294389,0.24407300017056113
YKR049C,-1,13.087107003163224,228,4433,1430,11,0.2717141920681744,0.04891654151469642,0.9539748953974896,0.7560975609756098,0.24390243902439024
YMR239C,-1,13.081123613858098,228,4434,1429,11,0.2715503113733202,0.0489060489060489,0.9539748953974896,0.7562681221217806,0.24373187787821934
YOL154W,-1,13.07398045734049,228,4435,1428,11,0.2713864306784661,0.048895560797769674,0.9539748953974896,0.7564386832679516,0.24356131673204845
YJL190C,-1,13.05863446377719,228,4436,1427,11,0.27122254998361195,0.04888507718696398,0.9539748953974896,0.7566092444141225,0.24339075558587753
YLR033W,-1,13.055634087547787,228,4437,1426,11,0.27105866928875777,0.04887459807073955,0.9539748953974896,0.7567798055602933,0.24322019443970663
YPL150W,-1,13.04621870963092,228,4438,1425,11,0.27089478859390365,0.0488641234462066,0.9539748953974896,0.7569503667064643,0.24304963329353574
YER102W,-1,13.045951923725978,228,4439,1424,11,0.27073090789904947,0.04885365331047782,0.9539748953974896,0.7571209278526352,0.24287907214736484
YPR075C,-1,13.040827987419132,228,4440,1423,11,0.27056702720419534,0.04884318766066838,0.9539748953974896,0.757291488998806,0.24270851100119392
YDL148C,-1,13.034289611698577,228,4441,1422,11,0.2704031465093412,0.04883272649389591,0.9539748953974896,0.757462050144977,0.24253794985502303
YLR343W,-1,13.032938950343201,228,4442,1421,11,0.27023926581448704,0.048822269807280515,0.9539748953974896,0.7576326112911479,0.24236738870885213
YDL191W,-1,13.030966936788404,228,4443,1420,11,0.2700753851196329,0.048811817597944764,0.9539748953974896,0.7578031724373188,0.2421968275626812
YHL037C,-1,13.012154645388364,228,4444,1419,11,0.26991150442477874,0.0488013698630137,0.9539748953974896,0.7579737335834896,0.24202626641651032
YLR287C,-1,12.945168690514208,228,4445,1418,11,0.2697476237299246,0.04879092659961481,0.9539748953974896,0.7581442947296606,0.24185570527033942
YDR151C,-1,12.932450163169516,228,4446,1417,11,0.2695837430350705,0.04878048780487805,0.9539748953974896,0.7583148558758315,0.24168514412416853
YOL078W,-1,12.924900735437896,228,4447,1416,11,0.2694198623402163,0.048770053475935826,0.9539748953974896,0.7584854170220023,0.2415145829779976
YJL089W,-1,12.924331352817388,228,4448,1415,11,0.2692559816453622,0.04875962360992301,0.9539748953974896,0.7586559781681733,0.2413440218318267
YGR090W,-1,12.919332669144557,228,4449,1414,11,0.269092100950508,0.048749198203976905,0.9539748953974896,0.7588265393143442,0.24117346068565582
YNL112W,-1,12.919063657195423,228,4450,1413,11,0.2689282202556539,0.04873877725523728,0.9539748953974896,0.758997100460515,0.2410028995394849
YOR341W,-1,12.917692180915544,228,4451,1412,11,0.26876433956079976,0.048728360760846336,0.9539748953974896,0.759167661606686,0.240832338393314
YNR039C,-1,12.911782206130786,228,4452,1411,11,0.2686004588659456,0.04871794871794872,0.9539748953974896,0.7593382227528569,0.2406617772471431
YJL105W,-1,12.903481309062235,228,4453,1410,11,0.26843657817109146,0.04870754112369152,0.9539748953974896,0.7595087838990278,0.2404912161009722
YMR175W,-1,12.89772502471521,228,4454,1409,11,0.2682726974762373,0.048697137975224264,0.9539748953974896,0.7596793450451987,0.2403206549548013
YGR285C,-1,12.885976131427201,228,4455,1408,11,0.26810881678138315,0.04868673926969891,0.9539748953974896,0.7598499061913696,0.2401500938086304
YDL133C-A,-1,12.871552472820577,228,4456,1407,11,0.26794493608652903,0.04867634500426986,0.9539748953974896,0.7600204673375405,0.2399795326624595
YGL066W,-1,12.869145580391384,228,4457,1406,11,0.26778105539167485,0.048665955176093914,0.9539748953974896,0.7601910284837115,0.23980897151628858
YML115C,-1,12.858163471214954,228,4458,1405,11,0.2676171746968207,0.04865556978233035,0.9539748953974896,0.7603615896298823,0.23963841037011768
YFL059W,-1,12.844015926230789,228,4459,1404,11,0.26745329400196655,0.048645188820140815,0.9539748953974896,0.7605321507760532,0.2394678492239468
YHR112C,-1,12.827620319364598,228,4460,1403,11,0.2672894133071124,0.04863481228668942,0.9539748953974896,0.7607027119222242,0.2392972880777759
YLR341W,-1,12.824375525639903,228,4461,1402,11,0.2671255326122583,0.04862444017914268,0.9539748953974896,0.760873273068395,0.23912672693160497
YML058W-A,-1,12.820914501804381,228,4462,1401,11,0.2669616519174041,0.04861407249466951,0.9539748953974896,0.7610438342145659,0.23895616578543408
YDL075W,-1,12.79724181141936,228,4463,1400,11,0.26679777122255,0.04860370923044127,0.9539748953974896,0.7612143953607369,0.23878560463926318
YOR145C,-1,12.788174217752148,228,4464,1399,11,0.2666338905276958,0.04859335038363171,0.9539748953974896,0.7613849565069077,0.23861504349309226
YLL061W,-1,12.78238537697212,228,4465,1398,11,0.2664700098328417,0.048582995951417005,0.9539748953974896,0.7615555176530786,0.23844448234692137
YOR213C,-1,12.782232296807948,228,4466,1397,11,0.26630612913798757,0.04857264593097571,0.9539748953974896,0.7617260787992496,0.23827392120075047
YBR069C,-1,12.774962846402055,228,4467,1396,11,0.2661422484431334,0.04856230031948882,0.9539748953974896,0.7618966399454205,0.23810336005457958
YJL148W,-1,12.774206989622988,228,4468,1395,11,0.26597836774827927,0.048551959114139696,0.9539748953974896,0.7620672010915913,0.23793279890840865
YLR213C,-1,12.764405354488193,228,4469,1394,11,0.2658144870534251,0.04854162231211412,0.9539748953974896,0.7622377622377622,0.23776223776223776
YDR280W,-1,12.763405840899614,228,4470,1393,11,0.26565060635857096,0.04853128991060025,0.9539748953974896,0.7624083233839332,0.23759167661606687
YMR040W,-1,12.757085198160924,228,4471,1392,11,0.26548672566371684,0.04852096190678868,0.9539748953974896,0.762578884530104,0.23742111546989597
YER074W,-1,12.7386698359517,228,4472,1391,11,0.26532284496886266,0.04851063829787234,0.9539748953974896,0.7627494456762749,0.23725055432372505
YIR011C,1,12.735066848708385,229,4472,1391,10,0.26548672566371684,0.04871303977877047,0.9581589958158996,0.7627494456762749,0.23725055432372505
YOR260W,-1,12.732219166052936,229,4473,1390,10,0.26532284496886266,0.04870267971076138,0.9581589958158996,0.7629200068224459,0.23707999317755415
YJR075W,-1,12.729894647940723,229,4474,1389,10,0.26515896427400854,0.048692324048479695,0.9581589958158996,0.7630905679686167,0.23690943203138326
YJL136C,-1,12.728508458494737,229,4475,1388,10,0.26499508357915436,0.048681972789115645,0.9581589958158996,0.7632611291147876,0.23673887088521234
YOL136C,-1,12.711798300570276,229,4476,1387,10,0.26483120288430023,0.04867162592986185,0.9581589958158996,0.7634316902609586,0.23656830973904144
YDR065W,-1,12.705320284188929,229,4477,1386,10,0.2646673221894461,0.048661283467913305,0.9581589958158996,0.7636022514071295,0.23639774859287055
YNL305C,-1,12.698505646611375,229,4478,1385,10,0.26450344149459193,0.04865094540046739,0.9581589958158996,0.7637728125533003,0.23622718744669965
YNL024C,-1,12.695127031524862,229,4479,1384,10,0.2643395607997378,0.04864061172472387,0.9581589958158996,0.7639433736994713,0.23605662630052873
YAL028W,-1,12.691003701491553,229,4480,1383,10,0.2641756801048836,0.0486302824378849,0.9581589958158996,0.7641139348456422,0.23588606515435784
YGR264C,-1,12.685710306800333,229,4481,1382,10,0.2640117994100295,0.04861995753715499,0.9581589958158996,0.764284495991813,0.23571550400818694
YGL030W,-1,12.675518965938469,229,4482,1381,10,0.2638479187151754,0.04860963701974103,0.9581589958158996,0.764455057137984,0.23554494286201602
YLR238W,-1,12.645621100618667,229,4483,1380,10,0.2636840380203212,0.04859932088285229,0.9581589958158996,0.7646256182841549,0.23537438171584513
YOR043W,-1,12.635611996549033,229,4484,1379,10,0.2635201573254671,0.04858900912370041,0.9581589958158996,0.7647961794303257,0.23520382056967423
YNR054C,-1,12.622750083961918,229,4485,1378,10,0.2633562766306129,0.048578701739499366,0.9581589958158996,0.7649667405764967,0.23503325942350334
YNL132W,-1,12.606177167522409,229,4486,1377,10,0.26319239593575877,0.04856839872746554,0.9581589958158996,0.7651373017226676,0.23486269827733242
YBL103C-A,-1,12.579051674343644,229,4487,1376,10,0.26302851524090465,0.04855810008481764,0.9581589958158996,0.7653078628688385,0.23469213713116152
YML066C,-1,12.576167501675851,229,4488,1375,10,0.26286463454605047,0.04854780580877677,0.9581589958158996,0.7654784240150094,0.23452157598499063
YOR032C,-1,12.56489696513485,229,4489,1374,10,0.26270075385119634,0.04853751589656634,0.9581589958158996,0.7656489851611803,0.2343510148388197
YJR014W,-1,12.551082188610366,229,4490,1373,10,0.26253687315634217,0.04852723034541216,0.9581589958158996,0.7658195463073512,0.2341804536926488
YDR349C,-1,12.543571827812583,229,4491,1372,10,0.26237299246148804,0.04851694915254237,0.9581589958158996,0.7659901074535221,0.23400989254647792
YMR105C,-1,12.535886736072282,229,4492,1371,10,0.2622091117666339,0.04850667231518746,0.9581589958158996,0.766160668599693,0.23383933140030702
YMR096W,-1,12.515547121675663,229,4493,1370,10,0.26204523107177974,0.04849639983058026,0.9581589958158996,0.7663312297458639,0.2336687702541361
YKL114C,-1,12.509112751814428,229,4494,1369,10,0.2618813503769256,0.04848613169595596,0.9581589958158996,0.7665017908920347,0.2334982091079652
YHL015W,-1,12.508333619400801,229,4495,1368,10,0.26171746968207144,0.04847586790855207,0.9581589958158996,0.7666723520382057,0.2333276479617943
YNL062C,-1,12.486667186019604,229,4496,1367,10,0.2615535889872173,0.04846560846560847,0.9581589958158996,0.7668429131843766,0.2331570868156234
YER096W,-1,12.467028870516595,229,4497,1366,10,0.26138970829236313,0.04845535336436733,0.9581589958158996,0.7670134743305475,0.2329865256694525
YLR205C,-1,12.46080484432342,229,4498,1365,10,0.261225827597509,0.048445102602073194,0.9581589958158996,0.7671840354767184,0.2328159645232816
YJR032W,-1,12.42486303131438,229,4499,1364,10,0.2610619469026549,0.04843485617597293,0.9581589958158996,0.7673545966228893,0.2326454033771107
YMR250W,-1,12.417521498064955,229,4500,1363,10,0.2608980662078007,0.04842461408331571,0.9581589958158996,0.7675251577690602,0.23247484223093978
YKR025W,-1,12.415036927602728,229,4501,1362,10,0.2607341855129466,0.048414376321353064,0.9581589958158996,0.7676957189152311,0.2323042810847689
YNR040W,-1,12.408999119366854,229,4502,1361,10,0.2605703048180924,0.04840414288733883,0.9581589958158996,0.767866280061402,0.232133719938598
YBL087C,-1,12.3918457443087,229,4503,1360,10,0.2604064241232383,0.04839391377852916,0.9581589958158996,0.7680368412075729,0.2319631587924271
YDL013W,-1,12.389167001803239,229,4504,1359,10,0.26024254342838415,0.048383688992182546,0.9581589958158996,0.7682074023537439,0.23179259764625618
YBL027W,-1,12.366983905312681,229,4505,1358,10,0.26007866273353,0.04837346852555978,0.9581589958158996,0.7683779634999147,0.23162203650008528
YDR196C,-1,12.34630617388882,229,4506,1357,10,0.25991478203867585,0.04836325237592397,0.9581589958158996,0.7685485246460856,0.2314514753539144
YKL021C,-1,12.342500622576502,229,4507,1356,10,0.25975090134382167,0.04835304054054054,0.9581589958158996,0.7687190857922566,0.23128091420774347
YNR059W,-1,12.330941708097653,229,4508,1355,10,0.25958702064896755,0.048342833016677224,0.9581589958158996,0.7688896469384274,0.23111035306157257
YGL171W,-1,12.306077522802106,229,4509,1354,10,0.2594231399541134,0.04833262980160405,0.9581589958158996,0.7690602080845983,0.23093979191540168
YHR193C,-1,12.305882312164904,229,4510,1353,10,0.25925925925925924,0.048322430892593374,0.9581589958158996,0.7692307692307693,0.23076923076923078
YGL178W,-1,12.21368549511864,229,4511,1352,10,0.2590953785644051,0.04831223628691983,0.9581589958158996,0.7694013303769401,0.23059866962305986
YHR069C,-1,12.210648485391225,229,4512,1351,10,0.25893149786955094,0.048302045981860366,0.9581589958158996,0.769571891523111,0.23042810847688897
YPL264C,-1,12.20058505545512,229,4513,1350,10,0.2587676171746968,0.04829185997469422,0.9581589958158996,0.769742452669282,0.23025754733071807
YML094W,-1,12.186226216932265,229,4514,1349,10,0.2586037364798427,0.04828167826270293,0.9581589958158996,0.7699130138154529,0.23008698618454715
YDL150W,-1,12.161910996972809,229,4515,1348,10,0.2584398557849885,0.04827150084317032,0.9581589958158996,0.7700835749616237,0.22991642503837625
YHR151C,-1,12.148383771009529,229,4516,1347,10,0.2582759750901344,0.048261327713382506,0.9581589958158996,0.7702541361077947,0.22974586389220536
YMR182C,-1,12.148213275053807,229,4517,1346,10,0.2581120943952802,0.0482511588706279,0.9581589958158996,0.7704246972539656,0.22957530274603447
YGR085C,-1,12.142119078303809,229,4518,1345,10,0.2579482137004261,0.04824099431219718,0.9581589958158996,0.7705952584001364,0.22940474159986354
YJL006C,-1,12.130126928901333,229,4519,1344,10,0.25778433300557196,0.04823083403538332,0.9581589958158996,0.7707658195463073,0.22923418045369265
YGR006W,-1,12.117238865350965,229,4520,1343,10,0.2576204523107178,0.048220678037481576,0.9581589958158996,0.7709363806924783,0.22906361930752175
YPL017C,-1,12.10914445023694,229,4521,1342,10,0.25745657161586366,0.048210526315789475,0.9581589958158996,0.7711069418386491,0.22889305816135083
YPL093W,-1,12.095250889006559,229,4522,1341,10,0.2572926909210095,0.04820037886760682,0.9581589958158996,0.77127750298482,0.22872249701517994
YHR009C,-1,12.077390054580519,229,4523,1340,10,0.25712881022615536,0.04819023569023569,0.9581589958158996,0.771448064130991,0.22855193586900904
YMR142C,-1,12.062895755547858,229,4524,1339,10,0.25696492953130123,0.04818009678098043,0.9581589958158996,0.7716186252771619,0.22838137472283815
YKR042W,-1,12.051235012546902,229,4525,1338,10,0.25680104883644705,0.048169962137147665,0.9581589958158996,0.7717891864233327,0.22821081357666723
YAR020C,-1,12.045697306686476,229,4526,1337,10,0.25663716814159293,0.04815983175604627,0.9581589958158996,0.7719597475695037,0.22804025243049633
YER054C,-1,12.028046365143261,229,4527,1336,10,0.25647328744673875,0.04814970563498738,0.9581589958158996,0.7721303087156746,0.22786969128432544
YDR090C,-1,12.026426190802226,229,4528,1335,10,0.2563094067518846,0.048139583771284425,0.9581589958158996,0.7723008698618454,0.22769913013815452
YHL018W,-1,12.025968628022836,229,4529,1334,10,0.2561455260570305,0.04812946616225305,0.9581589958158996,0.7724714310080164,0.22752856899198362
YKR095W-A,-1,12.01320287369708,229,4530,1333,10,0.2559816453621763,0.04811935280521118,0.9581589958158996,0.7726419921541873,0.22735800784581273
YOR182C,-1,11.997054361823064,229,4531,1332,10,0.2558177646673222,0.048109243697478994,0.9581589958158996,0.7728125533003581,0.22718744669964183
YLR074C,-1,11.941706920305382,229,4532,1331,10,0.255653883972468,0.04809913883637891,0.9581589958158996,0.7729831144465291,0.2270168855534709
YKR004C-A,-1,11.929757306046666,229,4533,1330,10,0.2554900032776139,0.048089038219235616,0.9581589958158996,0.7731536755927,0.22684632440730002
YDR143C,-1,11.926773872955248,229,4534,1329,10,0.2553261225827598,0.04807894184337602,0.9581589958158996,0.7733242367388709,0.22667576326112912
YER056C,-1,11.92491224999334,229,4535,1328,10,0.2551622418879056,0.048068849706129305,0.9581589958158996,0.7734947978850418,0.22650520211495823
YPL212C,-1,11.917285988213427,229,4536,1327,10,0.25499836119305147,0.04805876180482686,0.9581589958158996,0.7736653590312127,0.2263346409687873
YEL041W,-1,11.913469647049741,229,4537,1326,10,0.2548344804981973,0.04804867813680235,0.9581589958158996,0.7738359201773836,0.2261640798226164
YBR169C,-1,11.912206180623539,229,4538,1325,10,0.25467059980334317,0.04803859869939165,0.9581589958158996,0.7740064813235545,0.22599351867644552
YDR324C,-1,11.90173972128824,229,4539,1324,10,0.25450671910848904,0.04802852348993288,0.9581589958158996,0.7741770424697254,0.2258229575302746
YJR007W,-1,11.8912144395083,229,4540,1323,10,0.25434283841363486,0.04801845250576641,0.9581589958158996,0.7743476036158963,0.2256523963841037
YMR242C,-1,11.880314782839779,229,4541,1322,10,0.25417895771878074,0.0480083857442348,0.9581589958158996,0.7745181647620673,0.2254818352379328
YGL194C,-1,11.86884525429624,229,4542,1321,10,0.25401507702392656,0.04799832320268287,0.9581589958158996,0.7746887259082381,0.2253112740917619
YBR143C,-1,11.864168232016926,229,4543,1320,10,0.25385119632907244,0.04798826487845767,0.9581589958158996,0.774859287054409,0.225140712945591
YNL216W,-1,11.850650847474581,229,4544,1319,10,0.2536873156342183,0.047978210768908444,0.9581589958158996,0.77502984820058,0.2249701517994201
YPL069C,-1,11.850023639328032,229,4545,1318,10,0.25352343493936413,0.04796816087138668,0.9581589958158996,0.7752004093467508,0.2247995906532492
YOR310C,-1,11.839435448617422,229,4546,1317,10,0.25335955424451,0.047958115183246074,0.9581589958158996,0.7753709704929217,0.22462902950707828
YPL038W,-1,11.829368569442146,229,4547,1316,10,0.25319567354965583,0.04794807370184254,0.9581589958158996,0.7755415316390926,0.22445846836090738
YAL048C,-1,11.821730256776313,229,4548,1315,10,0.2530317928548017,0.047938036424534224,0.9581589958158996,0.7757120927852635,0.2242879072147365
YBR026C,-1,11.762006535646625,229,4549,1314,10,0.2528679121599476,0.047928003348681456,0.9581589958158996,0.7758826539314344,0.2241173460685656
YJL161W,-1,11.758457034766929,229,4550,1313,10,0.2527040314650934,0.047917974471646786,0.9581589958158996,0.7760532150776053,0.22394678492239467
YOR353C,-1,11.743274354927994,229,4551,1312,10,0.2525401507702393,0.047907949790794976,0.9581589958158996,0.7762237762237763,0.22377622377622378
YHR075C,-1,11.727956475292398,229,4552,1311,10,0.2523762700753851,0.04789792930349299,0.9581589958158996,0.7763943373699471,0.22360566263005288
YOR344C,-1,11.708786354452307,229,4553,1310,10,0.252212389380531,0.04788791300711,0.9581589958158996,0.776564898516118,0.22343510148388196
YLR157C-B,-1,11.695533184567465,229,4554,1309,10,0.25204850868567685,0.047877900899017355,0.9581589958158996,0.776735459662289,0.22326454033771106
YAR014C,-1,11.695411509875605,229,4555,1308,10,0.2518846279908227,0.04786789297658863,0.9581589958158996,0.7769060208084598,0.22309397919154017
YGR052W,-1,11.649007859763632,229,4556,1307,10,0.25172074729596855,0.04785788923719958,0.9581589958158996,0.7770765819546307,0.22292341804536928
YFR015C,-1,11.648433824484036,229,4557,1306,10,0.25155686660111437,0.047847889678228166,0.9581589958158996,0.7772471431008017,0.22275285689919835
YNR018W,-1,11.645489013489508,229,4558,1305,10,0.25139298590626025,0.047837894297054526,0.9581589958158996,0.7774177042469725,0.22258229575302746
YER006W,-1,11.643771629242085,229,4559,1304,10,0.2512291052114061,0.04782790309106098,0.9581589958158996,0.7775882653931434,0.22241173460685656
YJR042W,-1,11.639250515712364,229,4560,1303,10,0.25106522451655194,0.047817916057632075,0.9581589958158996,0.7777588265393144,0.22224117346068564
YDR533C,-1,11.623224602403532,229,4561,1302,10,0.2509013438216978,0.04780793319415449,0.9581589958158996,0.7779293876854853,0.22207061231451475
YAL068C,-1,11.620095798475516,229,4562,1301,10,0.25073746312684364,0.04779795449801712,0.9581589958158996,0.7780999488316561,0.22190005116834385
YGL222C,-1,11.581879028208643,229,4563,1300,10,0.2505735824319895,0.04778797996661102,0.9581589958158996,0.7782705099778271,0.22172949002217296
YBR009C,-1,11.58116546735769,229,4564,1299,10,0.2504097017371354,0.04777800959732944,0.9581589958158996,0.778441071123998,0.22155892887600204
YHR216W,-1,11.565369378101307,229,4565,1298,10,0.2502458210422812,0.04776804338756779,0.9581589958158996,0.7786116322701688,0.22138836772983114
YEL055C,-1,11.556765928915123,229,4566,1297,10,0.2500819403474271,0.04775808133472367,0.9581589958158996,0.7787821934163398,0.22121780658366025
YKL143W,-1,11.548290023006071,229,4567,1296,10,0.24991805965257294,0.04774812343619683,0.9581589958158996,0.7789527545625107,0.22104724543748935
YOR303W,-1,11.545238138462208,229,4568,1295,10,0.2497541789577188,0.0477381696893892,0.9581589958158996,0.7791233157086815,0.22087668429131843
YDR091C,-1,11.541727886938222,229,4569,1294,10,0.24959029826286463,0.047728220091704875,0.9581589958158996,0.7792938768548525,0.22070612314514754
YGR059W,-1,11.53737408113394,229,4570,1293,10,0.24942641756801048,0.04771827464055012,0.9581589958158996,0.7794644380010234,0.22053556199897664
YDL087C,-1,11.527132860516323,229,4571,1292,10,0.24926253687315633,0.04770833333333333,0.9581589958158996,0.7796349991471943,0.22036500085280572
YDR110W,-1,11.510916582527402,229,4572,1291,10,0.2490986561783022,0.04769839616746511,0.9581589958158996,0.7798055602933651,0.22019443970663483
YGR280C,-1,11.50347305146293,229,4573,1290,10,0.24893477548344806,0.047688463140358184,0.9581589958158996,0.7799761214395361,0.22002387856046393
YJL035C,-1,11.496335601083059,229,4574,1289,10,0.2487708947885939,0.04767853424942744,0.9581589958158996,0.780146682585707,0.21985331741429304
YPL086C,-1,11.489182211121344,229,4575,1288,10,0.24860701409373975,0.047668609492089925,0.9581589958158996,0.7803172437318778,0.21968275626812211
YKL063C,-1,11.469938278318267,229,4576,1287,10,0.2484431333988856,0.047658688865764826,0.9581589958158996,0.7804878048780488,0.21951219512195122
YBR048W,-1,11.467703361656461,229,4577,1286,10,0.24827925270403148,0.047648772367873495,0.9581589958158996,0.7806583660242197,0.21934163397578033
YGL076C,-1,11.427200573276188,229,4578,1285,10,0.24811537200917733,0.0476388599958394,0.9581589958158996,0.7808289271703905,0.2191710728296094
YPR065W,-1,11.4168820394107,229,4579,1284,10,0.24795149131432317,0.047628951747088186,0.9581589958158996,0.7809994883165615,0.2190005116834385
YLR276C,-1,11.416540991241103,229,4580,1283,10,0.24778761061946902,0.047619047619047616,0.9581589958158996,0.7811700494627324,0.21882995053726761
YPL033C,-1,11.377746516100618,229,4581,1282,10,0.24762372992461487,0.04760914760914761,0.9581589958158996,0.7813406106089033,0.21865938939109672
YPR201W,-1,11.375462588133864,229,4582,1281,10,0.24745984922976075,0.047599251714820205,0.9581589958158996,0.7815111717550742,0.2184888282449258
YJL114W,-1,11.370954938049975,229,4583,1280,10,0.2472959685349066,0.04758935993349958,0.9581589958158996,0.7816817329012451,0.2183182670987549
YGL147C,-1,11.358929082944865,229,4584,1279,10,0.24713208784005244,0.04757947226262207,0.9581589958158996,0.781852294047416,0.218147705952584
YLR388W,-1,11.347260326428117,229,4585,1278,10,0.2469682071451983,0.04756958869962609,0.9581589958158996,0.7820228551935869,0.2179771448064131
YBR270C,-1,11.342529107248154,229,4586,1277,10,0.24680432645034414,0.047559709241952235,0.9581589958158996,0.7821934163397578,0.2178065836602422
YDR465C,-1,11.336043524566927,229,4587,1276,10,0.24664044575549,0.04754983388704319,0.9581589958158996,0.7823639774859287,0.2176360225140713
YDL082W,-1,11.320804156923476,229,4588,1275,10,0.24647656506063587,0.04753996263234378,0.9581589958158996,0.7825345386320997,0.2174654613679004
YDL134C-A,-1,11.29820788814686,229,4589,1274,10,0.24631268436578171,0.04753009547530095,0.9581589958158996,0.7827050997782705,0.21729490022172948
YNL200C,-1,11.28943044031797,229,4590,1273,10,0.24614880367092756,0.04752023241336377,0.9581589958158996,0.7828756609244414,0.2171243390755586
YKL216W,-1,11.281434390716946,229,4591,1272,10,0.2459849229760734,0.0475103734439834,0.9581589958158996,0.7830462220706124,0.2169537779293877
YPR178W,-1,11.268590258290526,229,4592,1271,10,0.24582104228121926,0.04750051856461315,0.9581589958158996,0.7832167832167832,0.21678321678321677
YLR401C,-1,11.251635834430694,229,4593,1270,10,0.24565716158636514,0.04749066777270842,0.9581589958158996,0.7833873443629541,0.21661265563704588
YDL180W,-1,11.23920311830136,229,4594,1269,10,0.24549328089151098,0.04748082106572673,0.9581589958158996,0.7835579055091251,0.21644209449087498
YDR087C,-1,11.230196739941306,229,4595,1268,10,0.24532940019665683,0.047470978441127694,0.9581589958158996,0.7837284666552959,0.2162715333447041
YGL003C,-1,11.20850294987574,229,4596,1267,10,0.24516551950180268,0.04746113989637306,0.9581589958158996,0.7838990278014668,0.21610097219853316
YMR111C,-1,11.175165151587066,229,4597,1266,10,0.24500163880694853,0.04745130542892665,0.9581589958158996,0.7840695889476377,0.21593041105236227
YHR010W,-1,11.170817082139756,229,4598,1265,10,0.2448377581120944,0.0474414750362544,0.9581589958158996,0.7842401500938087,0.21575984990619138
YLR372W,-1,11.158781345927633,229,4599,1264,10,0.24467387741724025,0.04743164871582436,0.9581589958158996,0.7844107112399795,0.21558928876002048
YGL192W,-1,11.147137648259951,229,4600,1263,10,0.2445099967223861,0.04742182646510665,0.9581589958158996,0.7845812723861504,0.21541872761384956
YPR049C,-1,11.145805157363194,229,4601,1262,10,0.24434611602753195,0.0474120082815735,0.9581589958158996,0.7847518335323214,0.21524816646767866
YIL079C,-1,11.143553056308289,229,4602,1261,10,0.2441822353326778,0.04740219416269923,0.9581589958158996,0.7849223946784922,0.21507760532150777
YDR045C,-1,11.143370999785628,229,4603,1260,10,0.24401835463782368,0.047392384105960264,0.9581589958158996,0.7850929558246631,0.21490704417533685
YML022W,-1,11.123611230534465,229,4604,1259,10,0.24385447394296952,0.047382578108835095,0.9581589958158996,0.7852635169708341,0.21473648302916595
YLR158C,-1,11.116214205487413,229,4605,1258,10,0.24369059324811537,0.0473727761688043,0.9581589958158996,0.7854340781170049,0.21456592188299506
YNL069C,-1,11.099281038646527,229,4606,1257,10,0.24352671255326122,0.04736297828335057,0.9581589958158996,0.7856046392631758,0.21439536073682416
YKL099C,-1,11.08573399441594,229,4607,1256,10,0.24336283185840707,0.047353184449958646,0.9581589958158996,0.7857752004093468,0.21422479959065324
YPR043W,-1,11.080733404241677,229,4608,1255,10,0.24319895116355295,0.04734339466611536,0.9581589958158996,0.7859457615555177,0.21405423844448235
YMR301C,-1,11.050128942706298,229,4609,1254,10,0.2430350704686988,0.047333608929309635,0.9581589958158996,0.7861163227016885,0.21388367729831145
YBR054W,-1,11.029923756566568,229,4610,1253,10,0.24287118977384464,0.04732382723703245,0.9581589958158996,0.7862868838478595,0.21371311615214053
YDR277C,-1,11.025332571949743,229,4611,1252,10,0.2427073090789905,0.04731404958677686,0.9581589958158996,0.7864574449940304,0.21354255500596964
YJL010C,-1,11.023202562237977,229,4612,1251,10,0.24254342838413634,0.04730427597603801,0.9581589958158996,0.7866280061402012,0.21337199385979874
YDR316W-A,-1,11.017764527816325,229,4613,1250,10,0.24237954768928222,0.04729450640231309,0.9581589958158996,0.7867985672863722,0.21320143271362785
YFR008W,-1,11.012030579665861,229,4614,1249,10,0.24221566699442806,0.04728474086310138,0.9581589958158996,0.7869691284325431,0.21303087156745693
YHR143W-A,-1,11.006651754798979,229,4615,1248,10,0.2420517862995739,0.04727497935590421,0.9581589958158996,0.7871396895787139,0.21286031042128603
YMR122W-A,-1,10.989414833253248,229,4616,1247,10,0.24188790560471976,0.047265221878224975,0.9581589958158996,0.7873102507248849,0.21268974927511514
YML102W,-1,10.9789828331743,229,4617,1246,10,0.2417240249098656,0.04725546842756913,0.9581589958158996,0.7874808118710558,0.21251918812894421
YNL111C,-1,10.951811984894942,229,4618,1245,10,0.24156014421501149,0.04724571900144419,0.9581589958158996,0.7876513730172267,0.21234862698277332
YGL259W,-1,10.94235174411101,229,4619,1244,10,0.24139626352015733,0.04723597359735974,0.9581589958158996,0.7878219341633976,0.21217806583660243
YDR482C,-1,10.9419478447848,229,4620,1243,10,0.24123238282530318,0.04722623221282739,0.9581589958158996,0.7879924953095685,0.21200750469043153
YIL168W,-1,10.934036722990838,229,4621,1242,10,0.24106850213044903,0.04721649484536083,0.9581589958158996,0.7881630564557394,0.2118369435442606
YOL139C,-1,10.92818769614912,229,4622,1241,10,0.24090462143559488,0.047206761492475775,0.9581589958158996,0.7883336176019102,0.21166638239808971
YGR256W,-1,10.925356772062331,229,4623,1240,10,0.24074074074074073,0.04719703215169002,0.9581589958158996,0.7885041787480812,0.21149582125191882
YBR147W,-1,10.907178275419618,229,4624,1239,10,0.2405768600458866,0.04718730682052339,0.9581589958158996,0.7886747398942521,0.2113252601057479
YOR162C,-1,10.897531635380059,229,4625,1238,10,0.24041297935103245,0.04717758549649773,0.9581589958158996,0.7888453010404229,0.211154698959577
YDL209C,-1,10.888811019982825,229,4626,1237,10,0.2402490986561783,0.04716786817713697,0.9581589958158996,0.7890158621865939,0.2109841378134061
YMR135C,1,10.875932391350233,230,4626,1237,9,0.24041297935103245,0.04736408566721582,0.9623430962343096,0.7890158621865939,0.2109841378134061
YHR048W,-1,10.86187267091581,230,4627,1236,9,0.2402490986561783,0.047354333950998556,0.9623430962343096,0.7891864233327648,0.21081357666723521
YBR172C,-1,10.827166433796783,230,4628,1235,9,0.24008521796132415,0.047344586249485385,0.9623430962343096,0.7893569844789357,0.2106430155210643
YBR101C,-1,10.821228598754372,230,4629,1234,9,0.23992133726647,0.04733484256019757,0.9623430962343096,0.7895275456251066,0.2104724543748934
YJL141C,-1,10.811273966518865,230,4630,1233,9,0.23975745657161587,0.047325102880658436,0.9623430962343096,0.7896981067712775,0.2103018932287225
YCL031C,-1,10.80698971981787,230,4631,1232,9,0.23959357587676172,0.047315367208393334,0.9623430962343096,0.7898686679174484,0.2101313320825516
YER148W,-1,10.787416798943458,230,4632,1231,9,0.23942969518190757,0.04730563554092966,0.9623430962343096,0.7900392290636193,0.2099607709363807
YKR092C,-1,10.784300782863241,230,4633,1230,9,0.23926581448705342,0.047295907875796836,0.9623430962343096,0.7902097902097902,0.2097902097902098
YPR158W-B,-1,10.782639605458826,230,4634,1229,9,0.23910193379219927,0.047286184210526314,0.9623430962343096,0.7903803513559611,0.2096196486440389
YMR014W,-1,10.777554033564666,230,4635,1228,9,0.23893805309734514,0.047276464542651594,0.9623430962343096,0.790550912502132,0.20944908749786798
YOR391C,-1,10.773596884511807,230,4636,1227,9,0.238774172402491,0.04726674886970818,0.9623430962343096,0.7907214736483029,0.20927852635169708
YJR155W,-1,10.770978905640638,230,4637,1226,9,0.23861029170763684,0.04725703718923362,0.9623430962343096,0.7908920347944738,0.2091079652055262
YNL138W-A,-1,10.766171583261892,230,4638,1225,9,0.2384464110127827,0.04724732949876746,0.9623430962343096,0.7910625959406448,0.2089374040593553
YOL144W,-1,10.762311876962892,230,4639,1224,9,0.23828253031792854,0.04723762579585131,0.9623430962343096,0.7912331570868156,0.20876684291318437
YDL083C,-1,10.759371030073268,230,4640,1223,9,0.2381186496230744,0.04722792607802875,0.9623430962343096,0.7914037182329865,0.20859628176701348
YAR050W,-1,10.755293128051502,230,4641,1222,9,0.23795476892822026,0.04721823034284541,0.9623430962343096,0.7915742793791575,0.20842572062084258
YPR116W,-1,10.75051177667734,230,4642,1221,9,0.2377908882333661,0.04720853858784893,0.9623430962343096,0.7917448405253283,0.20825515947467166
YDL203C,-1,10.734455586317454,230,4643,1220,9,0.23762700753851196,0.04719885081058896,0.9623430962343096,0.7919154016714992,0.20808459832850076
YLR337W,-1,10.715942966082364,230,4644,1219,9,0.2374631268436578,0.04718916700861715,0.9623430962343096,0.7920859628176702,0.20791403718232987
YER087C-A,1,10.713412086477177,231,4644,1219,8,0.23762700753851196,0.047384615384615386,0.9665271966527197,0.7920859628176702,0.20791403718232987
YNL292W,-1,10.696914651478465,231,4645,1218,8,0.2374631268436578,0.04737489745693191,0.9665271966527197,0.792256523963841,0.20774347603615897
YLR040C,-1,10.678133108790915,231,4646,1217,8,0.23729924614880368,0.04736518351445561,0.9665271966527197,0.7924270851100119,0.20757291488998805
YFL002W-A,-1,10.668821416213175,231,4647,1216,8,0.23713536545394953,0.047355473554735544,0.9665271966527197,0.7925976462561828,0.20740235374381716
YPL129W,-1,10.65532273872168,231,4648,1215,8,0.23697148475909538,0.047345767575322814,0.9665271966527197,0.7927682074023538,0.20723179259764626
YOR142W-B,-1,10.645418279920705,231,4649,1214,8,0.23680760406424123,0.04733606557377049,0.9665271966527197,0.7929387685485246,0.20706123145147534
YJL109C,-1,10.641733738220967,231,4650,1213,8,0.23664372336938708,0.04732636754763368,0.9665271966527197,0.7931093296946955,0.20689067030530445
YDR361C,-1,10.606238116920805,231,4651,1212,8,0.23647984267453295,0.04731667349446948,0.9665271966527197,0.7932798908408665,0.20672010915913355
YOL028C,-1,10.60547472189975,231,4652,1211,8,0.2363159619796788,0.047306983411836985,0.9665271966527197,0.7934504519870373,0.20654954801296266
YJL050W,-1,10.56314927044693,231,4653,1210,8,0.23615208128482465,0.0472972972972973,0.9665271966527197,0.7936210131332082,0.20637898686679174
YHR079C-B,-1,10.56152002782619,231,4654,1209,8,0.2359882005899705,0.04728761514841351,0.9665271966527197,0.7937915742793792,0.20620842572062084
YDR475C,-1,10.524509570362937,231,4655,1208,8,0.23582431989511635,0.04727793696275072,0.9665271966527197,0.79396213542555,0.20603786457444995
YOL041C,-1,10.496476677456938,231,4656,1207,8,0.23566043920026222,0.047268262737875995,0.9665271966527197,0.7941326965717209,0.20586730342827902
YER002W,-1,10.493219872943925,231,4657,1206,8,0.23549655850540807,0.04725859247135843,0.9665271966527197,0.7943032577178919,0.20569674228210813
YMR085W,-1,10.47261385531783,231,4658,1205,8,0.23533267781055392,0.047248926160769075,0.9665271966527197,0.7944738188640628,0.20552618113593724
YNL110C,-1,10.433543035724881,231,4659,1204,8,0.23516879711569977,0.04723926380368098,0.9665271966527197,0.7946443800102336,0.20535561998976634
YLR362W,-1,10.432642092796616,231,4660,1203,8,0.23500491642084562,0.04722960539766919,0.9665271966527197,0.7948149411564046,0.20518505884359542
YLR129W,-1,10.42904394702581,231,4661,1202,8,0.23484103572599146,0.047219950940310715,0.9665271966527197,0.7949855023025755,0.20501449769742452
YOL032W,-1,10.422069424129512,231,4662,1201,8,0.23467715503113734,0.04721030042918455,0.9665271966527197,0.7951560634487463,0.20484393655125363
YDR412W,-1,10.421758151667648,231,4663,1200,8,0.2345132743362832,0.04720065386187168,0.9665271966527197,0.7953266245949173,0.20467337540508274
YDL061C,-1,10.417316652728159,231,4664,1199,8,0.23434939364142904,0.04719101123595506,0.9665271966527197,0.7954971857410882,0.2045028142589118
YMR114C,-1,10.41422744568217,231,4665,1198,8,0.2341855129465749,0.04718137254901961,0.9665271966527197,0.795667746887259,0.20433225311274092
YMR044W,-1,10.411688716665473,231,4666,1197,8,0.23402163225172073,0.04717173779865223,0.9665271966527197,0.79583830803343,0.20416169196657002
YKL009W,-1,10.393182906444238,231,4667,1196,8,0.2338577515568666,0.04716210698244181,0.9665271966527197,0.7960088691796009,0.2039911308203991
YDL214C,-1,10.384472908801516,231,4668,1195,8,0.23369387086201246,0.04715248009797918,0.9665271966527197,0.7961794303257718,0.2038205696742282
YGL031C,-1,10.382218672980096,231,4669,1194,8,0.2335299901671583,0.047142857142857146,0.9665271966527197,0.7963499914719427,0.2036500085280573
YCR039C,-1,10.348891469392457,231,4670,1193,8,0.23336610947230416,0.047133238114670475,0.9665271966527197,0.7965205526181136,0.20347944738188642
YCR010C,-1,10.341988167977627,231,4671,1192,8,0.23320222877745,0.047123623011015914,0.9665271966527197,0.7966911137642845,0.2033088862357155
YNL096C,-1,10.313007442153895,231,4672,1191,8,0.23303834808259588,0.047114011829492146,0.9665271966527197,0.7968616749104555,0.2031383250895446
YCL039W,1,10.30801770008724,232,4672,1191,7,0.23320222877745,0.04730831973898858,0.9707112970711297,0.7968616749104555,0.2031383250895446
YBR083W,-1,10.286682775029806,232,4673,1190,7,0.23303834808259588,0.047298674821610605,0.9707112970711297,0.7970322360566263,0.2029677639433737
YMR049C,-1,10.284239487886307,232,4674,1189,7,0.23287446738774173,0.047289033836119036,0.9707112970711297,0.7972027972027972,0.20279720279720279
YDL136W,-1,10.250326401392812,232,4675,1188,7,0.23271058669288758,0.04727939678011005,0.9707112970711297,0.797373358348968,0.2026266416510319
YCL044C,1,10.245400747569144,233,4675,1188,6,0.23287446738774173,0.047473512632436835,0.9748953974895398,0.797373358348968,0.2026266416510319
YLR002C,-1,10.23872498131046,233,4676,1187,6,0.23271058669288758,0.04746384192299857,0.9748953974895398,0.797543919495139,0.202456080504861
YHR139C,-1,10.238351196750816,233,4677,1186,6,0.23254670599803343,0.04745417515274949,0.9748953974895398,0.7977144806413099,0.2022855193586901
YHR066W,-1,10.229933627901126,233,4678,1185,6,0.23238282530317927,0.04744451231928324,0.9748953974895398,0.7978850417874808,0.20211495821251918
YOR101W,-1,10.227751131970148,233,4679,1184,6,0.23221894460832515,0.04743485342019544,0.9748953974895398,0.7980556029336517,0.20194439706634829
YPR102C,-1,10.214428582307647,233,4680,1183,6,0.232055063913471,0.047425198453083656,0.9748953974895398,0.7982261640798226,0.2017738359201774
YBR250W,-1,10.205952743417244,233,4681,1182,6,0.23189118321861685,0.04741554741554742,0.9748953974895398,0.7983967252259935,0.20160327477400647
YIL158W,-1,10.203513823756673,233,4682,1181,6,0.2317273025237627,0.0474059003051882,0.9748953974895398,0.7985672863721645,0.20143271362783557
YKR094C,-1,10.195726160394896,233,4683,1180,6,0.23156342182890854,0.04739625711960944,0.9748953974895398,0.7987378475183353,0.20126215248166468
YIL160C,-1,10.194062621251026,233,4684,1179,6,0.23139954113405442,0.04738661785641651,0.9748953974895398,0.7989084086645062,0.20109159133549379
YIL096C,-1,10.18377902589036,233,4685,1178,6,0.23123566043920027,0.04737698251321675,0.9748953974895398,0.7990789698106772,0.20092103018932286
YIL154C,-1,10.14464249278124,233,4686,1177,6,0.23107177974434612,0.047367351087619435,0.9748953974895398,0.799249530956848,0.20075046904315197
YER082C,-1,10.086708079631345,233,4687,1176,6,0.23090789904949197,0.04735772357723577,0.9748953974895398,0.7994200921030189,0.20057990789698107
YDL055C,-1,10.061973386494932,233,4688,1175,6,0.23074401835463781,0.047348099979678926,0.9748953974895398,0.7995906532491899,0.20040934675081015
YOR134W,-1,10.056915207974223,233,4689,1174,6,0.2305801376597837,0.047338480292563996,0.9748953974895398,0.7997612143953607,0.20023878560463926
YOR383C,-1,10.036650818148116,233,4690,1173,6,0.23041625696492954,0.047328864513508026,0.9748953974895398,0.7999317755415316,0.20006822445846836
YDR152W,-1,10.027128243154962,233,4691,1172,6,0.2302523762700754,0.047319252640129976,0.9748953974895398,0.8001023366877026,0.19989766331229747
YJR069C,-1,10.005164517186063,233,4692,1171,6,0.23008849557522124,0.04730964467005076,0.9748953974895398,0.8002728978338735,0.19972710216612655
YPL257W-B,-1,9.997368616517631,233,4693,1170,6,0.22992461488036708,0.04730004060089322,0.9748953974895398,0.8004434589800443,0.19955654101995565
YLL035W,-1,9.99001641007255,233,4694,1169,6,0.22976073418551296,0.04729044043028212,0.9748953974895398,0.8006140201262153,0.19938597987378476
YHR203C,-1,9.975709018789157,233,4695,1168,6,0.2295968534906588,0.04728084415584415,0.9748953974895398,0.8007845812723862,0.19921541872761386
YIL017W,1,9.954977742386745,234,4695,1168,5,0.22976073418551296,0.04747413268411443,0.9790794979079498,0.8007845812723862,0.19921541872761386
YJL179W,-1,9.931098410430424,234,4696,1167,5,0.2295968534906588,0.04746450304259635,0.9790794979079498,0.800955142418557,0.19904485758144294
YGR243W,-1,9.927386719635736,234,4697,1166,5,0.22943297279580466,0.047454877306834314,0.9790794979079498,0.801125703564728,0.19887429643527205
YBR031W,-1,9.919024654903817,234,4698,1165,5,0.2292690921009505,0.04744525547445255,0.9790794979079498,0.8012962647108989,0.19870373528910115
YMR217W,-1,9.906996469123055,234,4699,1164,5,0.22910521140609635,0.04743563754307723,0.9790794979079498,0.8014668258570697,0.19853317414293023
YML080W,-1,9.901505880715057,234,4700,1163,5,0.2289413307112422,0.047426023510336444,0.9790794979079498,0.8016373870032406,0.19836261299675934
YGL029W,-1,9.888696528191218,234,4701,1162,5,0.22877745001638808,0.04741641337386018,0.9790794979079498,0.8018079481494116,0.19819205185058844
YDR312W,-1,9.887640416321455,234,4702,1161,5,0.22861356932153393,0.04740680713128039,0.9790794979079498,0.8019785092955825,0.19802149070441755
YNL093W,-1,9.878469699726233,234,4703,1160,5,0.22844968862667978,0.047397204780230906,0.9790794979079498,0.8021490704417533,0.19785092955824662
YPL157W,-1,9.86654819086632,234,4704,1159,5,0.22828580793182562,0.04738760631834751,0.9790794979079498,0.8023196315879243,0.19768036841207573
YGR195W,-1,9.83949598561362,234,4705,1158,5,0.22812192723697147,0.04737801174326787,0.9790794979079498,0.8024901927340952,0.19750980726590484
YGR223C,-1,9.830213640031767,234,4706,1157,5,0.22795804654211735,0.04736842105263158,0.9790794979079498,0.802660753880266,0.1973392461197339
YPL027W,-1,9.828670708889739,234,4707,1156,5,0.2277941658472632,0.04735883424408015,0.9790794979079498,0.802831315026437,0.19716868497356302
YNL010W,-1,9.825203975938951,234,4708,1155,5,0.22763028515240905,0.04734925131525698,0.9790794979079498,0.8030018761726079,0.19699812382739212
YOR234C,-1,9.813784926916549,234,4709,1154,5,0.2274664044575549,0.047339672263807406,0.9790794979079498,0.8031724373187787,0.19682756268122123
YER165W,-1,9.79308921739189,234,4710,1153,5,0.22730252376270074,0.04733009708737864,0.9790794979079498,0.8033429984649497,0.1966570015350503
YGL099W,-1,9.781007638304938,234,4711,1152,5,0.22713864306784662,0.04732052578361982,0.9790794979079498,0.8035135596111206,0.1964864403888794
YDR021W,-1,9.750426876406875,234,4712,1151,5,0.22697476237299247,0.04731095835018197,0.9790794979079498,0.8036841207572915,0.19631587924270852
YBL075C,-1,9.74946121496158,234,4713,1150,5,0.22681088167813832,0.04730139478471801,0.9790794979079498,0.8038546819034624,0.1961453180965376
YGR109W-B,-1,9.732973078265784,234,4714,1149,5,0.22664700098328416,0.04729183508488278,0.9790794979079498,0.8040252430496333,0.1959747569503667
YIL091C,-1,9.713965230615486,234,4715,1148,5,0.22648312028843,0.047282279248332997,0.9790794979079498,0.8041958041958042,0.1958041958041958
YNL067W,-1,9.713469275633937,234,4716,1147,5,0.2263192395935759,0.04727272727272727,0.9790794979079498,0.8043663653419751,0.1956336346580249
YHL011C,-1,9.71008997437124,234,4717,1146,5,0.22615535889872174,0.047263179155726115,0.9790794979079498,0.804536926488146,0.195463073511854
YOR004W,-1,9.709425732433324,234,4718,1145,5,0.22599147820386759,0.047253634894991924,0.9790794979079498,0.8047074876343169,0.1952925123656831
YKR060W,-1,9.701886323667821,234,4719,1144,5,0.22582759750901343,0.047244094488188976,0.9790794979079498,0.8048780487804879,0.1951219512195122
YKL081W,-1,9.690287579267462,234,4720,1143,5,0.22566371681415928,0.04723455793298345,0.9790794979079498,0.8050486099266587,0.19495139007334128
YKL180W,-1,9.682362460198528,234,4721,1142,5,0.22549983611930516,0.04722502522704339,0.9790794979079498,0.8052191710728296,0.19478082892717039
YHR039C-B,-1,9.654663754627107,234,4722,1141,5,0.225335955424451,0.04721549636803874,0.9790794979079498,0.8053897322190006,0.1946102677809995
YOR161C,-1,9.565882069292254,234,4723,1140,5,0.22517207472959685,0.04720597135364132,0.9790794979079498,0.8055602933651714,0.1944397066348286
YFL014W,-1,9.561161111899025,234,4724,1139,5,0.2250081940347427,0.04719645018152481,0.9790794979079498,0.8057308545113423,0.19426914548865767
YOR240W,-1,9.547178785047436,234,4725,1138,5,0.22484431333988855,0.047186932849364795,0.9790794979079498,0.8059014156575132,0.19409858434248678
YOR100C,-1,9.538104551573326,234,4726,1137,5,0.22468043264503443,0.04717741935483871,0.9790794979079498,0.8060719768036841,0.19392802319631589
YBR111W-A,-1,9.537215723731075,234,4727,1136,5,0.22451655195018028,0.047167909695625884,0.9790794979079498,0.806242537949855,0.193757462050145
YER066W,-1,9.530180879861064,234,4728,1135,5,0.22435267125532612,0.0471584038694075,0.9790794979079498,0.8064130990960259,0.19358690090397407
YJL037W,-1,9.483915984836186,234,4729,1134,5,0.22418879056047197,0.04714890187386661,0.9790794979079498,0.8065836602421969,0.19341633975780317
YPL237W,-1,9.462709130048193,234,4730,1133,5,0.22402490986561782,0.047139403706688156,0.9790794979079498,0.8067542213883677,0.19324577861163228
YML024W,-1,9.4331310907707,234,4731,1132,5,0.2238610291707637,0.047129909365558914,0.9790794979079498,0.8069247825345386,0.19307521746546136
YJR002W,-1,9.395691291606767,234,4732,1131,5,0.22369714847590955,0.04712041884816754,0.9790794979079498,0.8070953436807096,0.19290465631929046
YMR291W,-1,9.368597824670562,234,4733,1130,5,0.2235332677810554,0.04711093215220455,0.9790794979079498,0.8072659048268804,0.19273409517311957
YKR069W,-1,9.36563679726974,234,4734,1129,5,0.22336938708620124,0.04710144927536232,0.9790794979079498,0.8074364659730513,0.19256353402694867
YPL266W,-1,9.348571392935936,234,4735,1128,5,0.2232055063913471,0.04709197021533508,0.9790794979079498,0.8076070271192223,0.19239297288077775
YIL084C,-1,9.34344516579637,234,4736,1127,5,0.22304162569649294,0.047082494969818915,0.9790794979079498,0.8077775882653931,0.19222241173460686
YDL079C,-1,9.330695446317383,234,4737,1126,5,0.22287774500163882,0.04707302353651177,0.9790794979079498,0.807948149411564,0.19205185058843596
YOL132W,-1,9.308070392241568,234,4738,1125,5,0.22271386430678466,0.04706355591311343,0.9790794979079498,0.808118710557735,0.19188128944226504
YLR262C-A,-1,9.29282253300169,234,4739,1124,5,0.2225499836119305,0.047054092097325556,0.9790794979079498,0.8082892717039059,0.19171072829609415
YMR131C,-1,9.214211815414705,234,4740,1123,5,0.22238610291707636,0.047044632086851626,0.9790794979079498,0.8084598328500767,0.19154016714992325
YAL033W,-1,9.207668577803325,234,4741,1122,5,0.2222222222222222,0.047035175879396984,0.9790794979079498,0.8086303939962477,0.19136960600375236
YBR158W,-1,9.203042493525889,234,4742,1121,5,0.22205834152736809,0.04702572347266881,0.9790794979079498,0.8088009551424186,0.19119904485758143
YPL217C,-1,9.185878240409274,234,4743,1120,5,0.22189446083251393,0.04701627486437613,0.9790794979079498,0.8089715162885894,0.19102848371141054
YKR105C,-1,9.147214115299242,234,4744,1119,5,0.22173058013765978,0.04700683005222981,0.9790794979079498,0.8091420774347604,0.19085792256523965
YOL127W,-1,9.140139246130838,234,4745,1118,5,0.22156669944280563,0.04699738903394256,0.9790794979079498,0.8093126385809313,0.19068736141906872
YML118W,-1,9.111949584721902,234,4746,1117,5,0.22140281874795148,0.046987951807228916,0.9790794979079498,0.8094831997271021,0.19051680027289783
YLR397C,-1,9.101372923896133,234,4747,1116,5,0.22123893805309736,0.04697851836980526,0.9790794979079498,0.8096537608732731,0.19034623912672693
YPR007C,-1,9.098846781042766,234,4748,1115,5,0.2210750573582432,0.046969088719389804,0.9790794979079498,0.809824322019444,0.19017567798055604
YPR200C,-1,9.090753470877573,234,4749,1114,5,0.22091117666338905,0.04695966285370259,0.9790794979079498,0.8099948831656149,0.19000511683438512
YLR227W-B,-1,9.087058627977965,234,4750,1113,5,0.2207472959685349,0.04695024077046549,0.9790794979079498,0.8101654443117857,0.18983455568821422
YOR001W,-1,9.08128451617227,234,4751,1112,5,0.22058341527368075,0.04694082246740221,0.9790794979079498,0.8103360054579567,0.18966399454204333
YNL194C,-1,9.06860332053219,234,4752,1111,5,0.22041953457882663,0.04693140794223827,0.9790794979079498,0.8105065666041276,0.1894934333958724
YCL060C,-1,9.056212443392722,234,4753,1110,5,0.22025565388397247,0.04692199719270102,0.9790794979079498,0.8106771277502984,0.1893228722497015
YER156C,-1,9.051490037606925,234,4754,1109,5,0.22009177318911832,0.046912590216519647,0.9790794979079498,0.8108476888964694,0.18915231110353062
YMR321C,-1,9.03386314762673,234,4755,1108,5,0.21992789249426417,0.04690318701142514,0.9790794979079498,0.8110182500426403,0.18898174995735972
YOR224C,-1,9.0311055789296,234,4756,1107,5,0.21976401179941002,0.0468937875751503,0.9790794979079498,0.8111888111888111,0.1888111888111888
YGR034W,-1,9.023634108316262,234,4757,1106,5,0.2196001311045559,0.04688439190542977,0.9790794979079498,0.8113593723349821,0.1886406276650179
YJR063W,-1,9.019644230560628,234,4758,1105,5,0.21943625040970174,0.046875,0.9790794979079498,0.811529933481153,0.188470066518847
YLR435W,-1,9.007080729654106,234,4759,1104,5,0.2192723697148476,0.04686561185659924,0.9790794979079498,0.8117004946273239,0.18829950537267612
YDR365W-B,-1,9.00447444221936,234,4760,1103,5,0.21910848901999344,0.04685622747296756,0.9790794979079498,0.8118710557734948,0.1881289442265052
YLL045C,-1,8.985269577284134,234,4761,1102,5,0.2189446083251393,0.04684684684684685,0.9790794979079498,0.8120416169196657,0.1879583830803343
YBR093C,-1,8.982400558853966,234,4762,1101,5,0.21878072763028517,0.04683746997598078,0.9790794979079498,0.8122121780658366,0.1877878219341634
YPR033C,-1,8.9456586054845,234,4763,1100,5,0.21861684693543101,0.04682809685811487,0.9790794979079498,0.8123827392120075,0.18761726078799248
YLR270W,-1,8.895725342084896,234,4764,1099,5,0.21845296624057686,0.0468187274909964,0.9790794979079498,0.8125533003581784,0.1874466996418216
YOL053C-A,-1,8.893105153183567,234,4765,1098,5,0.2182890855457227,0.04680936187237447,0.9790794979079498,0.8127238615043493,0.1872761384956507
YGL169W,-1,8.876263494334417,234,4766,1097,5,0.21812520485086856,0.0468,0.9790794979079498,0.8128944226505203,0.1871055773494798
YDL051W,-1,8.871399497046841,234,4767,1096,5,0.2179613241560144,0.046790641871625675,0.9790794979079498,0.8130649837966911,0.18693501620330888
YDL112W,-1,8.857647762665355,234,4768,1095,5,0.21779744346116028,0.046781287485006,0.9790794979079498,0.813235544942862,0.18676445505713798
YGR271C-A,-1,8.832862994378779,234,4769,1094,5,0.21763356276630613,0.04677193683789726,0.9790794979079498,0.813406106089033,0.1865938939109671
YIL133C,-1,8.824679669985409,234,4770,1093,5,0.21746968207145198,0.046762589928057555,0.9790794979079498,0.8135766672352038,0.18642333276479617
YPL043W,-1,8.818576983594122,234,4771,1092,5,0.21730580137659783,0.046753246753246755,0.9790794979079498,0.8137472283813747,0.18625277161862527
YKR017C,-1,8.817749037103052,234,4772,1091,5,0.21714192068174368,0.046743907311226525,0.9790794979079498,0.8139177895275457,0.18608221047245438
YNL308C,-1,8.81706608173176,234,4773,1090,5,0.21697803998688955,0.046734571599760334,0.9790794979079498,0.8140883506737165,0.18591164932628348
YHR196W,-1,8.76524115711302,234,4774,1089,5,0.2168141592920354,0.04672523961661342,0.9790794979079498,0.8142589118198874,0.18574108818011256
YKR096W,-1,8.764335336798467,234,4775,1088,5,0.21665027859718125,0.0467159113595528,0.9790794979079498,0.8144294729660583,0.18557052703394167
YJL122W,-1,8.745167373238878,234,4776,1087,5,0.2164863979023271,0.046706586826347304,0.9790794979079498,0.8146000341122293,0.18539996588777077
YBR105C,1,8.745052956883049,235,4776,1087,4,0.21665027859718125,0.046896826980642584,0.9832635983263598,0.8146000341122293,0.18539996588777077
YGR123C,-1,8.741365455173598,235,4777,1086,4,0.2164863979023271,0.046887470071827614,0.9832635983263598,0.8147705952584001,0.18522940474159985
YBR242W,-1,8.737310369022081,235,4778,1085,4,0.21632251720747295,0.046878116896070215,0.9832635983263598,0.814941156404571,0.18505884359542896
YPL265W,-1,8.736544008295432,235,4779,1084,4,0.21615863651261882,0.046868767451136814,0.9832635983263598,0.815111717550742,0.18488828244925806
YGR038C-B,-1,8.715062662959097,235,4780,1083,4,0.21599475581776467,0.04685942173479561,0.9832635983263598,0.8152822786969128,0.18471772130308717
YPL249C,-1,8.680680759765847,235,4781,1082,4,0.21583087512291052,0.046850079744816586,0.9832635983263598,0.8154528398430837,0.18454716015691625
YMR196W,-1,8.67337072265718,235,4782,1081,4,0.21566699442805637,0.0468407414789715,0.9832635983263598,0.8156234009892547,0.18437659901074535
YBL059C-A,-1,8.671298935078083,235,4783,1080,4,0.21550311373320222,0.046831406935033876,0.9832635983263598,0.8157939621354255,0.18420603786457446
YDL021W,-1,8.670160804268072,235,4784,1079,4,0.2153392330383481,0.04682207611077904,0.9832635983263598,0.8159645232815964,0.18403547671840353
YPL275W,-1,8.669236039273525,235,4785,1078,4,0.21517535234349394,0.046812749003984064,0.9832635983263598,0.8161350844277674,0.18386491557223264
YNL061W,-1,8.634944894128644,235,4786,1077,4,0.2150114716486398,0.046803425612427806,0.9832635983263598,0.8163056455739383,0.18369435442606175
YCR053W,-1,8.62338983527206,235,4787,1076,4,0.21484759095378564,0.04679410593389088,0.9832635983263598,0.8164762067201091,0.18352379327989085
YNL001W,-1,8.612219560615374,235,4788,1075,4,0.2146837102589315,0.046784789966155683,0.9832635983263598,0.8166467678662801,0.18335323213371993
YPR158W,-1,8.594573497177333,235,4789,1074,4,0.21451982956407736,0.046775477707006366,0.9832635983263598,0.816817329012451,0.18318267098754903
YDR025W,-1,8.57575351046501,235,4790,1073,4,0.2143559488692232,0.046766169154228855,0.9832635983263598,0.8169878901586218,0.18301210984137814
YKL043W,-1,8.561211072555764,235,4791,1072,4,0.21419206817436906,0.046756864305610824,0.9832635983263598,0.8171584513047928,0.18284154869520725
YDR023W,-1,8.554786568454952,235,4792,1071,4,0.2140281874795149,0.04674756315894171,0.9832635983263598,0.8173290124509637,0.18267098754903632
YOR349W,-1,8.533635239920812,235,4793,1070,4,0.21386430678466076,0.04673826571201273,0.9832635983263598,0.8174995735971345,0.18250042640286543
YJL221C,-1,8.506515750378789,235,4794,1069,4,0.21370042608980663,0.04672897196261682,0.9832635983263598,0.8176701347433055,0.18232986525669453
YPL186C,-1,8.502012594684444,235,4795,1068,4,0.21353654539495248,0.04671968190854871,0.9832635983263598,0.8178406958894764,0.1821593041105236
YKR099C-A,-1,8.478298447280393,235,4796,1067,4,0.21337266470009833,0.04671039554760485,0.9832635983263598,0.8180112570356473,0.18198874296435272
YLL048C,-1,8.477490788733245,235,4797,1066,4,0.21320878400524418,0.04670111287758347,0.9832635983263598,0.8181818181818182,0.18181818181818182
YGL111W,-1,8.476998099426456,235,4798,1065,4,0.21304490331039003,0.04669183389628452,0.9832635983263598,0.8183523793279891,0.18164762067201093
YKL088W,-1,8.474792302249794,235,4799,1064,4,0.2128810226155359,0.04668255860150974,0.9832635983263598,0.81852294047416,0.18147705952584
YDR060W,-1,8.472523724969449,235,4800,1063,4,0.21271714192068175,0.04667328699106256,0.9832635983263598,0.8186935016203309,0.1813064983796691
YLR017W,-1,8.46914912671383,235,4801,1062,4,0.2125532612258276,0.04666401906274821,0.9832635983263598,0.8188640627665018,0.18113593723349822
YFL035C-A,-1,8.464463294250889,235,4802,1061,4,0.21238938053097345,0.04665475481437364,0.9832635983263598,0.8190346239126727,0.1809653760873273
YDR083W,-1,8.461208591495291,235,4803,1060,4,0.2122254998361193,0.04664549424374752,0.9832635983263598,0.8192051850588435,0.1807948149411564
YDR341C,-1,8.442756906068624,235,4804,1059,4,0.21206161914126515,0.0466362373486803,0.9832635983263598,0.8193757462050145,0.1806242537949855
YML073C,-1,8.438618542936048,235,4805,1058,4,0.21189773844641102,0.04662698412698413,0.9832635983263598,0.8195463073511854,0.1804536926488146
YCL054W,-1,8.43270928429466,235,4806,1057,4,0.21173385775155687,0.04661773457647292,0.9832635983263598,0.8197168684973563,0.1802831315026437
YBL004W,-1,8.420326443790241,235,4807,1056,4,0.21156997705670272,0.04660848869496231,0.9832635983263598,0.8198874296435272,0.1801125703564728
YNL128W,-1,8.386644624068987,235,4808,1055,4,0.21140609636184857,0.04659924648026968,0.9832635983263598,0.8200579907896981,0.1799420092103019
YNL301C,-1,8.375799582556704,235,4809,1054,4,0.21124221566699442,0.04659000793021412,0.9832635983263598,0.820228551935869,0.17977144806413098
YOR003W,-1,8.373638560291324,235,4810,1053,4,0.2110783349721403,0.04658077304261645,0.9832635983263598,0.8203991130820399,0.17960088691796008
YJR141W,-1,8.33595397369322,235,4811,1052,4,0.21091445427728614,0.046571541815299246,0.9832635983263598,0.8205696742282108,0.1794303257717892
YGR081C,-1,8.334704011776914,235,4812,1051,4,0.210750573582432,0.04656231424608678,0.9832635983263598,0.8207402353743817,0.1792597646256183
YER091C,-1,8.332179812648647,235,4813,1050,4,0.21058669288757784,0.046553090332805074,0.9832635983263598,0.8209107965205527,0.17908920347944737
YGR158C,-1,8.325345509497344,235,4814,1049,4,0.21042281219272368,0.04654387007328184,0.9832635983263598,0.8210813576667235,0.17891864233327648
YNR019W,-1,8.310742073499952,235,4815,1048,4,0.21025893149786956,0.046534653465346534,0.9832635983263598,0.8212519188128944,0.17874808118710558
YKL156W,-1,8.296463807912595,235,4816,1047,4,0.2100950508030154,0.04652544050683033,0.9832635983263598,0.8214224799590654,0.17857752004093466
YLL012W,-1,8.241048659435851,235,4817,1046,4,0.20993117010816126,0.04651623119556611,0.9832635983263598,0.8215930411052362,0.17840695889476377
YLR221C,-1,8.22912411327581,235,4818,1045,4,0.2097672894133071,0.046507025529388485,0.9832635983263598,0.8217636022514071,0.17823639774859287
YKL014C,-1,8.202025681748143,235,4819,1044,4,0.20960340871845295,0.046497823506133754,0.9832635983263598,0.8219341633975781,0.17806583660242198
YGR118W,-1,8.150764310900513,235,4820,1043,4,0.20943952802359883,0.04648862512363996,0.9832635983263598,0.8221047245437489,0.17789527545625106
YOL077C,-1,8.144294469170829,235,4821,1042,4,0.20927564732874468,0.04647943037974683,0.9832635983263598,0.8222752856899198,0.17772471431008016
YLR048W,-1,8.143592061816367,235,4822,1041,4,0.20911176663389053,0.04647023927229583,0.9832635983263598,0.8224458468360908,0.17755415316390927
YIR026C,-1,8.134665646924352,235,4823,1040,4,0.20894788593903638,0.04646105179913009,0.9832635983263598,0.8226164079822617,0.17738359201773837
YHR170W,-1,8.126186015539192,235,4824,1039,4,0.20878400524418222,0.04645186795809449,0.9832635983263598,0.8227869691284325,0.17721303087156745
YML033W,-1,8.098661362222627,235,4825,1038,4,0.2086201245493281,0.046442687747035576,0.9832635983263598,0.8229575302746035,0.17704246972539656
YMR269W,-1,8.086854152483475,235,4826,1037,4,0.20845624385447395,0.04643351116380162,0.9832635983263598,0.8231280914207744,0.17687190857922566
YGL215W,-1,8.084030004857656,235,4827,1036,4,0.2082923631596198,0.046424338206242595,0.9832635983263598,0.8232986525669452,0.17670134743305474
YGR161W-B,-1,8.073064614785833,235,4828,1035,4,0.20812848246476565,0.04641516887221015,0.9832635983263598,0.8234692137131161,0.17653078628688385
YDL060W,-1,8.069019110814084,235,4829,1034,4,0.2079646017699115,0.04640600315955766,0.9832635983263598,0.8236397748592871,0.17636022514071295
YJR094W-A,-1,8.059554095064787,235,4830,1033,4,0.20780072107505737,0.04639684106614018,0.9832635983263598,0.8238103360054579,0.17618966399454206
YLR367W,-1,8.057138753921144,235,4831,1032,4,0.20763684038020322,0.04638768258981445,0.9832635983263598,0.8239808971516288,0.17601910284837113
YLR029C,-1,8.037900858556823,235,4832,1031,4,0.20747295968534907,0.046378527728438916,0.9832635983263598,0.8241514582977998,0.17584854170220024
YKL097W-A,-1,7.998429633196791,235,4833,1030,4,0.20730907899049492,0.046369376479873714,0.9832635983263598,0.8243220194439707,0.17567798055602935
YHR157W,-1,7.988466149235923,235,4834,1029,4,0.20714519829564076,0.04636022884198067,0.9832635983263598,0.8244925805901415,0.17550741940985842
YDR034C-C,-1,7.9475893606431764,235,4835,1028,4,0.20698131760078664,0.046351084812623275,0.9832635983263598,0.8246631417363125,0.17533685826368753
YPL198W,-1,7.93686425035795,235,4836,1027,4,0.2068174369059325,0.04634194438966673,0.9832635983263598,0.8248337028824834,0.17516629711751663
YIL019W,-1,7.9279504313097116,235,4837,1026,4,0.20665355621107834,0.04633280757097792,0.9832635983263598,0.8250042640286542,0.17499573597134574
YKL151C,-1,7.9179478698726475,235,4838,1025,4,0.20648967551622419,0.04632367435442539,0.9832635983263598,0.8251748251748252,0.17482517482517482
YLL034C,-1,7.897420042726002,235,4839,1024,4,0.20632579482137003,0.04631454473787938,0.9832635983263598,0.8253453863209961,0.17465461367900392
YCL057C-A,-1,7.896366635657612,235,4840,1023,4,0.20616191412651588,0.04630541871921182,0.9832635983263598,0.8255159474671669,0.17448405253283303
YLR333C,-1,7.894277126898623,235,4841,1022,4,0.20599803343166176,0.046296296296296294,0.9832635983263598,0.8256865086133379,0.1743134913866621
YNL182C,-1,7.873594302301485,235,4842,1021,4,0.2058341527368076,0.04628717746700808,0.9832635983263598,0.8258570697595088,0.1741429302404912
YDR211W,-1,7.873147586846681,235,4843,1020,4,0.20567027204195346,0.04627806222922411,0.9832635983263598,0.8260276309056797,0.17397236909432032
YML060W,-1,7.870203074295489,235,4844,1019,4,0.2055063913470993,0.046268950580823,0.9832635983263598,0.8261981920518506,0.17380180794814942
YHR128W,-1,7.8284359990450225,235,4845,1018,4,0.20534251065224515,0.04625984251968504,0.9832635983263598,0.8263687531980215,0.1736312468019785
YBR180W,-1,7.807626763945731,235,4846,1017,4,0.20517862995739103,0.04625073804369219,0.9832635983263598,0.8265393143441924,0.1734606856558076
YJR145C,-1,7.785584591213057,235,4847,1016,4,0.20501474926253688,0.04624163715072806,0.9832635983263598,0.8267098754903633,0.1732901245096367
YOR046C,-1,7.77852299331212,235,4848,1015,4,0.20485086856768273,0.04623253983867794,0.9832635983263598,0.8268804366365342,0.1731195633634658
YOR359W,-1,7.7749252615559294,235,4849,1014,4,0.20468698787282857,0.0462234461054288,0.9832635983263598,0.8270509977827051,0.1729490022172949
YOR088W,-1,7.77016041470233,235,4850,1013,4,0.20452310717797442,0.046214355948869225,0.9832635983263598,0.827221558928876,0.172778441071124
YNL248C,-1,7.748834112211027,235,4851,1012,4,0.2043592264831203,0.0462052693668895,0.9832635983263598,0.8273921200750469,0.1726078799249531
YDR358W,1,7.737762531764333,236,4851,1012,3,0.20452310717797442,0.04639276587379595,0.9874476987447699,0.8273921200750469,0.1726078799249531
YGL183C,-1,7.733193696613062,236,4852,1011,3,0.2043592264831203,0.046383647798742135,0.9874476987447699,0.8275626812212178,0.17243731877878218
YDR273W,-1,7.723702830591593,236,4853,1010,3,0.20419534578826615,0.04637453330713303,0.9874476987447699,0.8277332423673887,0.1722667576326113
YML093W,-1,7.707839527177779,236,4854,1009,3,0.204031465093412,0.04636542239685658,0.9874476987447699,0.8279038035135596,0.1720961964864404
YMR268W-A,-1,7.703944699059546,236,4855,1008,3,0.20386758439855784,0.04635631506580239,0.9874476987447699,0.8280743646597305,0.1719256353402695
YDR479C,-1,7.703676362116728,236,4856,1007,3,0.2037037037037037,0.046347211311861744,0.9874476987447699,0.8282449258059014,0.17175507419409858
YCR029C-A,-1,7.693066724826166,236,4857,1006,3,0.20353982300884957,0.046338111132927545,0.9874476987447699,0.8284154869520723,0.17158451304792768
YOR361C,-1,7.675623342287441,236,4858,1005,3,0.20337594231399542,0.046329014526894384,0.9874476987447699,0.8285860480982432,0.1714139519017568
YBR156C,-1,7.650634895326993,236,4859,1004,3,0.20321206161914127,0.04631992149165849,0.9874476987447699,0.8287566092444141,0.17124339075558587
YJR041C,-1,7.646281001056661,236,4860,1003,3,0.2030481809242871,0.04631083202511774,0.9874476987447699,0.828927170390585,0.17107282960941497
YEL054C,-1,7.643253035733231,236,4861,1002,3,0.20288430022943296,0.04630174612517167,0.9874476987447699,0.8290977315367559,0.17090226846324408
YOR192C-B,-1,7.587117800489066,236,4862,1001,3,0.20272041953457884,0.04629266378972146,0.9874476987447699,0.8292682926829268,0.17073170731707318
YMR309C,-1,7.583258308605703,236,4863,1000,3,0.2025565388397247,0.04628358501666994,0.9874476987447699,0.8294388538290978,0.17056114617090226
YJL033W,-1,7.574142630383664,236,4864,999,3,0.20239265814487054,0.04627450980392157,0.9874476987447699,0.8296094149752686,0.17039058502473137
YLR391W-A,-1,7.559053283650425,236,4865,998,3,0.20222877745001638,0.04626543814938247,0.9874476987447699,0.8297799761214395,0.17022002387856047
YEL019C,1,7.547155884567511,237,4865,998,2,0.20239265814487054,0.04645237161897295,0.9916317991631799,0.8297799761214395,0.17022002387856047
YNL113W,-1,7.5381212734558245,237,4866,997,2,0.20222877745001638,0.04644326866549089,0.9916317991631799,0.8299505372676105,0.17004946273238955
YNL075W,-1,7.532484408891712,237,4867,996,2,0.20206489675516223,0.046434169278996865,0.9916317991631799,0.8301210984137813,0.16987890158621866
YKL078W,-1,7.502586425778532,237,4868,995,2,0.2019010160603081,0.04642507345739471,0.9916317991631799,0.8302916595599522,0.16970834044004776
YPL143W,-1,7.495037808918773,237,4869,994,2,0.20173713536545396,0.046415981198589897,0.9916317991631799,0.8304622207061232,0.16953777929387687
YBR057C,-1,7.4852199275993465,237,4870,993,2,0.2015732546705998,0.04640689250048952,0.9916317991631799,0.830632781852294,0.16936721814770594
YAL025C,-1,7.48383223965407,237,4871,992,2,0.20140937397574565,0.04639780736100235,0.9916317991631799,0.8308033429984649,0.16919665700153505
YPL236C,-1,7.450276279752144,237,4872,991,2,0.2012454932808915,0.04638872577803876,0.9916317991631799,0.8309739041446359,0.16902609585536416
YGL121C,-1,7.421203795485741,237,4873,990,2,0.20108161258603738,0.04637964774951076,0.9916317991631799,0.8311444652908068,0.16885553470919323
YFL018W-A,-1,7.4111331330680175,237,4874,989,2,0.20091773189118323,0.04637057327333203,0.9916317991631799,0.8313150264369776,0.16868497356302234
YIL071W,-1,7.3702648881881005,237,4875,988,2,0.20075385119632908,0.04636150234741784,0.9916317991631799,0.8314855875831486,0.16851441241685144
YKL006W,-1,7.35297204208583,237,4876,987,2,0.20058997050147492,0.046352434969685115,0.9916317991631799,0.8316561487293195,0.16834385127068055
YNL247W,-1,7.3517823058690315,237,4877,986,2,0.20042608980662077,0.046343371138052404,0.9916317991631799,0.8318267098754903,0.16817329012450963
YLR307W,-1,7.345202214102971,237,4878,985,2,0.20026220911176662,0.04633431085043988,0.9916317991631799,0.8319972710216612,0.16800272897833873
YOR348C,-1,7.305542180191391,237,4879,984,2,0.2000983284169125,0.04632525410476935,0.9916317991631799,0.8321678321678322,0.16783216783216784
YBR061C,-1,7.30200579765504,237,4880,983,2,0.19993444772205834,0.04631620089896424,0.9916317991631799,0.832338393314003,0.16766160668599692
YJR047C,-1,7.297289276352658,237,4881,982,2,0.1997705670272042,0.04630715123094959,0.9916317991631799,0.8325089544601739,0.16749104553982602
YPR090W,-1,7.29276200570166,237,4882,981,2,0.19960668633235004,0.04629810509865208,0.9916317991631799,0.8326795156063449,0.16732048439365513
YPL211W,-1,7.282875979573462,237,4883,980,2,0.1994428056374959,0.0462890625,0.9916317991631799,0.8328500767525158,0.16714992324748423
YER049W,-1,7.272814049643159,237,4884,979,2,0.19927892494264177,0.046280023432923256,0.9916317991631799,0.8330206378986866,0.1669793621013133
YBL072C,-1,7.240457512428336,237,4885,978,2,0.19911504424778761,0.046270987895353374,0.9916317991631799,0.8331911990448576,0.16680880095514242
YDR403W,-1,7.227179884601629,237,4886,977,2,0.19895116355293346,0.0462619558852235,0.9916317991631799,0.8333617601910285,0.16663823980897152
YGR245C,-1,7.220687135138796,237,4887,976,2,0.1987872828580793,0.04625292740046839,0.9916317991631799,0.8335323213371993,0.16646767866280063
YER037W,-1,7.197115191415254,237,4888,975,2,0.19862340216322516,0.04624390243902439,0.9916317991631799,0.8337028824833703,0.1662971175166297
YBR090C-A,-1,7.163912662290384,237,4889,974,2,0.19845952146837104,0.0462348809988295,0.9916317991631799,0.8338734436295412,0.1661265563704588
YGL078C,-1,7.1631210000676155,237,4890,973,2,0.19829564077351688,0.04622586307782329,0.9916317991631799,0.8340440047757121,0.16595599522428792
YIL110W,-1,7.146377629052968,237,4891,972,2,0.19813176007866273,0.04621684867394696,0.9916317991631799,0.834214565921883,0.165785434078117
YLR432W,-1,7.082900408266732,237,4892,971,2,0.19796787938380858,0.046207837785143306,0.9916317991631799,0.8343851270680539,0.1656148729319461
YOL120C,-1,7.07393560619062,237,4893,970,2,0.19780399868895443,0.046198830409356725,0.9916317991631799,0.8345556882142248,0.1654443117857752
YBL079W,-1,7.054239220057183,237,4894,969,2,0.1976401179941003,0.04618982654453323,0.9916317991631799,0.8347262493603957,0.1652737506396043
YDR339C,-1,7.029682963967306,237,4895,968,2,0.19747623729924615,0.04618082618862042,0.9916317991631799,0.8348968105065666,0.1651031894934334
YAL054C,-1,6.990498966426246,237,4896,967,2,0.197312356604392,0.046171829339567504,0.9916317991631799,0.8350673716527375,0.1649326283472625
YER045C,-1,6.983517135584439,237,4897,966,2,0.19714847590953785,0.04616283599532528,0.9916317991631799,0.8352379327989085,0.1647620672010916
YFL010W-A,-1,6.881256574127081,237,4898,965,2,0.1969845952146837,0.046153846153846156,0.9916317991631799,0.8354084939450793,0.16459150605492068
YGL205W,-1,6.865010559800711,237,4899,964,2,0.19682071451982958,0.04614485981308411,0.9916317991631799,0.8355790550912502,0.16442094490874978
YGR249W,-1,6.857513274149282,237,4900,963,2,0.19665683382497542,0.04613587697099474,0.9916317991631799,0.8357496162374212,0.1642503837625789
YIL046W,1,6.857166509487401,238,4900,963,1,0.19682071451982958,0.04632152588555858,0.99581589958159,0.8357496162374212,0.1642503837625789
YPL079W,-1,6.830910174954846,238,4901,962,1,0.19665683382497542,0.0463125121618992,0.99581589958159,0.835920177383592,0.164079822616408
YLR312C,-1,6.8291583055006395,238,4902,961,1,0.19649295313012127,0.046303501945525294,0.99581589958159,0.8360907385297629,0.16390926147023707
YPR184W,-1,6.817961049128043,238,4903,960,1,0.19632907243526712,0.0462944952343902,0.99581589958159,0.8362612996759338,0.16373870032406618
YEL026W,-1,6.8025973951389505,238,4904,959,1,0.19616519174041297,0.046285492026448855,0.99581589958159,0.8364318608221047,0.16356813917789528
YLL008W,-1,6.795742884267344,238,4905,958,1,0.19600131104555885,0.04627649231965779,0.99581589958159,0.8366024219682756,0.16339757803172436
YBL043W,-1,6.795564947447268,238,4906,957,1,0.1958374303507047,0.046267496111975115,0.99581589958159,0.8367729831144465,0.16322701688555347
YLL039C,-1,6.7786693807452085,238,4907,956,1,0.19567354965585054,0.04625850340136054,0.99581589958159,0.8369435442606175,0.16305645573938257
YPL269W,-1,6.754115796150756,238,4908,955,1,0.1955096689609964,0.04624951418577536,0.99581589958159,0.8371141054067883,0.16288589459321168
YIL136W,-1,6.74827750043758,238,4909,954,1,0.19534578826614224,0.04624052846318244,0.99581589958159,0.8372846665529592,0.16271533344704076
YHR052W,-1,6.73941860833046,238,4910,953,1,0.19518190757128812,0.04623154623154623,0.99581589958159,0.8374552276991302,0.16254477230086986
YIL127C,-1,6.7224057415545735,238,4911,952,1,0.19501802687643396,0.046222567488832786,0.99581589958159,0.837625788845301,0.16237421115469897
YKL181W,-1,6.718519846945374,238,4912,951,1,0.1948541461815798,0.04621359223300971,0.99581589958159,0.8377963499914719,0.16220365000852804
YIL148W,-1,6.710272230170144,238,4913,950,1,0.19469026548672566,0.0462046204620462,0.99581589958159,0.8379669111376429,0.16203308886235715
YCR016W,-1,6.703856703450852,238,4914,949,1,0.1945263847918715,0.04619565217391304,0.99581589958159,0.8381374722838137,0.16186252771618626
YDR210W-A,-1,6.69394759624265,238,4915,948,1,0.19436250409701736,0.046186687366582574,0.99581589958159,0.8383080334299846,0.16169196657001536
YNL123W,-1,6.690826692443471,238,4916,947,1,0.19419862340216323,0.046177726038028714,0.99581589958159,0.8384785945761556,0.16152140542384444
YOR096W,-1,6.6829877983278285,238,4917,946,1,0.19403474270730908,0.04616876818622696,0.99581589958159,0.8386491557223265,0.16135084427767354
YJL057C,-1,6.674038793625192,238,4918,945,1,0.19387086201245493,0.04615981380915438,0.99581589958159,0.8388197168684973,0.16118028313150265
YDR034W-B,-1,6.659280802996362,238,4919,944,1,0.19370698131760078,0.046150862904789605,0.99581589958159,0.8389902780146683,0.16100972198533176
YDR306C,1,6.612068714982311,239,4919,944,0,0.19387086201245493,0.04633578906552927,1.0,0.8389902780146683,0.16100972198533176
YOR304C-A,-1,6.57023588381105,239,4920,943,0,0.19370698131760078,0.04632680752083737,1.0,0.8391608391608392,0.16083916083916083
YDL213C,-1,6.440606239113037,239,4921,942,0,0.19354310062274663,0.04631782945736434,1.0,0.83933140030701,0.16066859969298994
YLL010C,-1,6.42195991672658,239,4922,941,0,0.1933792199278925,0.04630885487308661,1.0,0.839501961453181,0.16049803854681904
YGR289C,-1,6.416249691031762,239,4923,940,0,0.19321533923303835,0.04629988376598218,1.0,0.8396725225993519,0.16032747740064812
YGL093W,-1,6.404531990209258,239,4924,939,0,0.1930514585381842,0.0462909161340306,1.0,0.8398430837455227,0.16015691625447723
YIL013C,-1,6.399261055632726,239,4925,938,0,0.19288757784333005,0.046281951975213016,1.0,0.8400136448916937,0.15998635510830633
YKL200C,-1,6.372816033770958,239,4926,937,0,0.1927236971484759,0.046272991287512104,1.0,0.8401842060378646,0.15981579396213544
YDR101C,-1,6.368786192392335,239,4927,936,0,0.19255981645362177,0.046264034068912115,1.0,0.8403547671840355,0.15964523281596452
YBL024W,-1,6.315928270429884,239,4928,935,0,0.19239593575876762,0.046255080317398875,1.0,0.8405253283302064,0.15947467166979362
YLR146C,-1,6.283835503071806,239,4929,934,0,0.19223205506391347,0.04624613003095975,1.0,0.8406958894763773,0.15930411052362273
YHR081W,-1,6.276912337957765,239,4930,933,0,0.19206817436905932,0.046237183207583674,1.0,0.8408664506225482,0.1591335493774518
YLR172C,-1,6.276362544994026,239,4931,932,0,0.19190429367420517,0.04622823984526112,1.0,0.841037011768719,0.1589629882312809
YDR120C,-1,6.2617414721574125,239,4932,931,0,0.19174041297935104,0.04621929994198414,1.0,0.84120757291489,0.15879242708511002
YNL162W,-1,6.151495189418024,239,4933,930,0,0.1915765322844969,0.04621036349574632,1.0,0.8413781340610609,0.15862186593893912
YMR260C,-1,6.132868582264391,239,4934,929,0,0.19141265158964274,0.04620143050454282,1.0,0.8415486952072317,0.1584513047927682
YPR110C,-1,6.117545316943676,239,4935,928,0,0.1912487708947886,0.046192500966370315,1.0,0.8417192563534027,0.1582807436465973
YJL125C,-1,6.117217653968324,239,4936,927,0,0.19108489019993444,0.04618357487922705,1.0,0.8418898174995736,0.1581101825004264
YIL077C,-1,6.0958066363269525,239,4937,926,0,0.1909210095050803,0.04617465224111283,1.0,0.8420603786457445,0.1579396213542555
YJR021C,-1,6.0149854940427465,239,4938,925,0,0.19075712881022616,0.046165733050028974,1.0,0.8422309397919154,0.1577690602080846
YPR158C-C,-1,6.0147826545871785,239,4939,924,0,0.190593248115372,0.04615681730397837,1.0,0.8424015009380863,0.1575984990619137
YIR012W,-1,5.993984077999688,239,4940,923,0,0.19042936742051786,0.04614790500096544,1.0,0.8425720620842572,0.1574279379157428
YLR196W,-1,5.937024731616802,239,4941,922,0,0.1902654867256637,0.046138996138996136,1.0,0.8427426232304281,0.15725737676957188
YFL006W,-1,5.933266901627688,239,4942,921,0,0.19010160603080958,0.04613009071607798,1.0,0.842913184376599,0.157086815623401
YLR325C,-1,5.923867430127561,239,4943,920,0,0.18993772533595543,0.04612118873021999,1.0,0.8430837455227699,0.1569162544772301
YJR158W,-1,5.910261416999695,239,4944,919,0,0.18977384464110128,0.04611229017943276,1.0,0.8432543066689409,0.15674569333105917
YER108C,-1,5.883225459429466,239,4945,918,0,0.18960996394624713,0.04610339506172839,1.0,0.8434248678151117,0.15657513218488828
YOR206W,-1,5.883061711275122,239,4946,917,0,0.18944608325139298,0.04609450337512054,1.0,0.8435954289612826,0.15640457103871738
YKR024C,-1,5.878610171215891,239,4947,916,0,0.18928220255653885,0.04608561511762437,1.0,0.8437659901074536,0.1562340098925465
YOR214C,-1,5.878425761178731,239,4948,915,0,0.1891183218616847,0.046076730287256604,1.0,0.8439365512536244,0.15606344874637557
YDR395W,-1,5.8740249294748015,239,4949,914,0,0.18895444116683055,0.04606784888203547,1.0,0.8441071123997953,0.15589288760020467
YDR449C,-1,5.851059074803392,239,4950,913,0,0.1887905604719764,0.046058970899980727,1.0,0.8442776735459663,0.15572232645403378
YFR024C,-1,5.843680635247437,239,4951,912,0,0.18862667977712225,0.04605009633911368,1.0,0.8444482346921371,0.15555176530786288
YJL177W,-1,5.825696947085217,239,4952,911,0,0.1884627990822681,0.04604122519745714,1.0,0.844618795838308,0.15538120416169196
YNL175C,-1,5.818520589116336,239,4953,910,0,0.18829891838741397,0.04603235747303544,1.0,0.844789356984479,0.15521064301552107
YDR064W,-1,5.815068059329059,239,4954,909,0,0.18813503769255982,0.04602349316387445,1.0,0.8449599181306499,0.15504008186935017
YLR186W,-1,5.771024888546817,239,4955,908,0,0.18797115699770567,0.04601463226800154,1.0,0.8451304792768207,0.15486952072317925
YPR137W,-1,5.767517429094801,239,4956,907,0,0.18780727630285152,0.04600577478344562,1.0,0.8453010404229916,0.15469895957700835
YGR200C,-1,5.747981818314848,239,4957,906,0,0.18764339560799737,0.045996920708237105,1.0,0.8454716015691626,0.15452839843083746
YKR079C,-1,5.722809537603918,239,4958,905,0,0.18747951491314324,0.045988070040407926,1.0,0.8456421627153334,0.15435783728466657
YBR066C,-1,5.705086512537207,239,4959,904,0,0.1873156342182891,0.04597922277799153,1.0,0.8458127238615043,0.15418727613849564
YPR143W,-1,5.687393474120599,239,4960,903,0,0.18715175352343494,0.04597037891902289,1.0,0.8459832850076753,0.15401671499232475
YDL153C,-1,5.679194685037208,239,4961,902,0,0.1869878728285808,0.04596153846153846,1.0,0.8461538461538461,0.15384615384615385
YKL109W,-1,5.679050771116522,239,4962,901,0,0.18682399213372664,0.045952701403576234,1.0,0.846324407300017,0.15367559269998293
YGR109W-A,-1,5.641710339579729,239,4963,900,0,0.1866601114388725,0.0459438677431757,1.0,0.846494968446188,0.15350503155381204
YHR088W,-1,5.593054670580736,239,4964,899,0,0.18649623074401836,0.045935037478377856,1.0,0.8466655295923589,0.15333447040764114
YBR148W,-1,5.585993002464686,239,4965,898,0,0.1863323500491642,0.04592621060722521,1.0,0.8468360907385297,0.15316390926147025
YOR340C,-1,5.576827278570268,239,4966,897,0,0.18616846935431006,0.04591738712776177,1.0,0.8470066518847007,0.15299334811529933
YIL113W,-1,5.563222891161386,239,4967,896,0,0.1860045886594559,0.04590856703803304,1.0,0.8471772130308716,0.15282278696912843
YDR496C,-1,5.554480880203548,239,4968,895,0,0.18584070796460178,0.04589975033608604,1.0,0.8473477741770424,0.15265222582295754
YIL107C,-1,5.539836585978356,239,4969,894,0,0.18567682726974763,0.045890937019969276,1.0,0.8475183353232134,0.15248166467678662
YGR159C,-1,5.521179664067784,239,4970,893,0,0.18551294657489348,0.04588212708773277,1.0,0.8476888964693843,0.15231110353061572
YJL191W,-1,5.500410113419445,239,4971,892,0,0.18534906588003933,0.04587332053742802,1.0,0.8478594576155551,0.15214054238444483
YNL163C,-1,5.462778491477452,239,4972,891,0,0.18518518518518517,0.04586451736710804,1.0,0.8480300187617261,0.15196998123827393
YFL002C,-1,5.46033102937185,239,4973,890,0,0.18502130449033105,0.04585571757482732,1.0,0.848200579907897,0.151799420092103
YGR083C,-1,5.443484593477974,239,4974,889,0,0.1848574237954769,0.045846921158641855,1.0,0.8483711410540679,0.15162885894593212
YBR106W,-1,5.40263892521947,239,4975,888,0,0.18469354310062275,0.04583812811660913,1.0,0.8485417022002388,0.15145829779976122
YPL052W-A,-1,5.398703286422458,239,4976,887,0,0.1845296624057686,0.04582933844678811,1.0,0.8487122633464097,0.1512877366535903
YNL274C,-1,5.330981178786748,239,4977,886,0,0.18436578171091444,0.04582055214723926,1.0,0.8488828244925806,0.1511171755074194
YCL027C-A,-1,5.319158783326199,239,4978,885,0,0.18420190101606032,0.045811769216024534,1.0,0.8490533856387515,0.1509466143612485
YOR294W,-1,5.30495141480905,239,4979,884,0,0.18403802032120617,0.04580298965120736,1.0,0.8492239467849224,0.15077605321507762
YAL059W,-1,5.283129191074616,239,4980,883,0,0.18387413962635202,0.045794213450852654,1.0,0.8493945079310933,0.1506054920689067
YER014C-A,-1,5.253769552369701,239,4981,882,0,0.18371025893149787,0.04578544061302682,1.0,0.8495650690772641,0.1504349309227358
YKL191W,-1,5.239427433282148,239,4982,881,0,0.18354637823664371,0.04577667113579774,1.0,0.8497356302234351,0.1502643697765649
YKL172W,-1,5.23634388939215,239,4983,880,0,0.1833824975417896,0.045767905017234774,1.0,0.849906191369606,0.150093808630394
YDR261W-B,-1,5.231077643577007,239,4984,879,0,0.18321861684693544,0.045759142255408766,1.0,0.8500767525157769,0.1499232474842231
YGR161W-A,-1,5.229355562943962,239,4985,878,0,0.1830547361520813,0.045750382848392036,1.0,0.8502473136619478,0.1497526863380522
YNL002C,-1,5.221175037999367,239,4986,877,0,0.18289085545722714,0.045741626794258375,1.0,0.8504178748081187,0.1495821251918813
YGL046W,-1,5.203652334661454,239,4987,876,0,0.18272697476237298,0.045732874091083044,1.0,0.8505884359542896,0.14941156404571038
YGR162W,-1,5.198725257960627,239,4988,875,0,0.18256309406751883,0.045724124736942796,1.0,0.8507589971004605,0.14924100289953948
YBL039C,-1,5.165967300681846,239,4989,874,0,0.1823992133726647,0.04571537872991584,1.0,0.8509295582466314,0.1490704417533686
YER137C-A,-1,5.162831082707268,239,4990,873,0,0.18223533267781056,0.045706636068081855,1.0,0.8511001193928023,0.1488998806071977
YGR161C-C,-1,5.1626446978189025,239,4991,872,0,0.1820714519829564,0.04569789674952199,1.0,0.8512706805389733,0.14872931946102677
YLR312C-B,-1,5.143000631804169,239,4992,871,0,0.18190757128810225,0.04568916077231887,1.0,0.8514412416851441,0.14855875831485588
YIR038C,-1,5.120407755610106,239,4993,870,0,0.1817436905932481,0.045680428134556576,1.0,0.851611802831315,0.14838819716868498
YER159C-A,-1,5.1150424350053045,239,4994,869,0,0.18157980989839398,0.04567169883432066,1.0,0.851782363977486,0.14821763602251406
YCL012W,-1,5.111823302828494,239,4995,868,0,0.18141592920353983,0.04566297286969813,1.0,0.8519529251236568,0.14804707487634317
YDR474C,-1,5.0976040549467125,239,4996,867,0,0.18125204850868568,0.045654250238777457,1.0,0.8521234862698277,0.14787651373017227
YOR343W-B,-1,5.094569393433628,239,4997,866,0,0.18108816781383152,0.045645530939648585,1.0,0.8522940474159987,0.14770595258400138
YHR214C-C,-1,5.080504437210036,239,4998,865,0,0.18092428711897737,0.0456368149704029,1.0,0.8524646085621695,0.14753539143783045
YER127W,-1,5.071129401180351,239,4999,864,0,0.18076040642412325,0.04562810232913326,1.0,0.8526351697083404,0.14736483029165956
YGR027W-A,-1,5.057639442617071,239,5000,863,0,0.1805965257292691,0.04561939301393396,1.0,0.8528057308545114,0.14719426914548867
YOL103W-A,-1,5.057398704346266,239,5001,862,0,0.18043264503441495,0.04561068702290076,1.0,0.8529762920006823,0.14702370799931774
YGR131W,-1,5.022702858049452,239,5002,861,0,0.1802687643395608,0.04560198435413089,1.0,0.8531468531468531,0.14685314685314685
YDR171W,-1,5.002025830239442,239,5003,860,0,0.18010488364470664,0.04559328500572301,1.0,0.8533174142930241,0.14668258570697595
YER126C,-1,4.995632085442549,239,5004,859,0,0.17994100294985252,0.045584588975777225,1.0,0.853487975439195,0.14651202456080506
YDR261C-D,-1,4.986777204088864,239,5005,858,0,0.17977712225499837,0.04557589626239512,1.0,0.8536585365853658,0.14634146341463414
YPR158C-D,-1,4.972249726764855,239,5006,857,0,0.17961324156014422,0.045567206863679696,1.0,0.8538290977315367,0.14617090226846324
YDR299W,-1,4.94556880832726,239,5007,856,0,0.17944936086529006,0.045558520777735416,1.0,0.8539996588777077,0.14600034112229235
YFR045W,-1,4.933656147829194,239,5008,855,0,0.1792854801704359,0.045549838002668194,1.0,0.8541702200238785,0.14582977997612143
YNL141W,-1,4.931138485223306,239,5009,854,0,0.1791215994755818,0.045541158536585365,1.0,0.8543407811700494,0.14565921882995053
YML130C,-1,4.894239797705961,239,5010,853,0,0.17895771878072764,0.04553248237759573,1.0,0.8545113423162204,0.14548865768377964
YER110C,-1,4.869439755539689,239,5011,852,0,0.17879383808587349,0.04552380952380952,1.0,0.8546819034623913,0.14531809653760874
YPR151C,-1,4.816573371818247,239,5012,851,0,0.17862995739101933,0.04551513997333841,1.0,0.8548524646085621,0.14514753539143782
YDR184C,-1,4.797135131586225,239,5013,850,0,0.17846607669616518,0.045506473724295504,1.0,0.8550230257547331,0.14497697424526693
YCL059C,-1,4.7715641903698,239,5014,849,0,0.17830219600131106,0.04549781077479535,1.0,0.855193586900904,0.14480641309909603
YHL001W,-1,4.766616600790079,239,5015,848,0,0.1781383153064569,0.04548915112295394,1.0,0.8553641480470748,0.14463585195292514
YDR365W-A,-1,4.758954591583457,239,5016,847,0,0.17797443461160276,0.04548049476688868,1.0,0.8555347091932458,0.14446529080675422
YGL045W,-1,4.738837901034731,239,5017,846,0,0.1778105539167486,0.045471841704718415,1.0,0.8557052703394167,0.14429472966058332
YPR144C,-1,4.710377838083167,239,5018,845,0,0.17764667322189445,0.04546319193456344,1.0,0.8558758314855875,0.14412416851441243
YNR053C,-1,4.702573497093988,239,5019,844,0,0.17748279252704033,0.045454545454545456,1.0,0.8560463926317585,0.1439536073682415
YOR142W-A,-1,4.667593885213134,239,5020,843,0,0.17731891183218618,0.0454459022627876,1.0,0.8562169537779294,0.1437830462220706
YDR261C-C,-1,4.665305079892275,239,5021,842,0,0.17715503113733203,0.04543726235741445,1.0,0.8563875149241003,0.14361248507589972
YLR175W,-1,4.652652488529478,239,5022,841,0,0.17699115044247787,0.045428625736551986,1.0,0.8565580760702712,0.14344192392972882
YGL104C,-1,4.588598085700578,239,5023,840,0,0.17682726974762372,0.045419992398327634,1.0,0.8567286372164421,0.1432713627835579
YPR137C-B,-1,4.576509142760184,239,5024,839,0,0.17666338905276957,0.045411362340870225,1.0,0.856899198362613,0.143100801637387
YFR001W,-1,4.5281547004759775,239,5025,838,0,0.17649950835791545,0.04540273556231003,1.0,0.857069759508784,0.1429302404912161
YHR096C,-1,4.52784001312063,239,5026,837,0,0.1763356276630613,0.04539411206077873,1.0,0.8572403206549548,0.1427596793450452
YLR068W,-1,4.519676717870238,239,5027,836,0,0.17617174696820714,0.04538549183440942,1.0,0.8574108818011257,0.1425891181988743
YCR097WB,-1,4.505252580362137,239,5028,835,0,0.176007866273353,0.045376874881336626,1.0,0.8575814429472967,0.1424185570527034
YDR034C-D,-1,4.4880224741063985,239,5029,834,0,0.17584398557849884,0.04536826119969628,1.0,0.8577520040934675,0.1422479959065325
YJL163C,-1,4.477582012430073,239,5030,833,0,0.17568010488364472,0.04535965078762574,1.0,0.8579225652396384,0.14207743476036158
YNL054W-B,-1,4.471187052782622,239,5031,832,0,0.17551622418879056,0.045351043643263755,1.0,0.8580931263858093,0.1419068736141907
YHR215W,-1,4.4354585065206695,239,5032,831,0,0.1753523434939364,0.045342439764750525,1.0,0.8582636875319802,0.1417363124680198
YDR516C,-1,4.428754007722038,239,5033,830,0,0.17518846279908226,0.045333839150227616,1.0,0.8584342486781511,0.14156575132184887
YMR093W,-1,4.397421322989398,239,5034,829,0,0.1750245821042281,0.04532524179783804,1.0,0.858604809824322,0.14139519017567798
YGR038C-A,-1,4.387143222615121,239,5035,828,0,0.174860701409374,0.0453166477057262,1.0,0.858775370970493,0.14122462902950708
YHR132W-A,-1,4.365145001094786,239,5036,827,0,0.17469682071451983,0.04530805687203791,1.0,0.8589459321166638,0.1410540678833362
YPR158W-A,-1,4.348637149203567,239,5037,826,0,0.17453294001966568,0.045299469294920396,1.0,0.8591164932628347,0.14088350673716526
YMR170C,-1,4.334218717111328,239,5038,825,0,0.17436905932481153,0.04529088497252227,1.0,0.8592870544090057,0.14071294559099437
YFL011W,-1,4.318877911316384,239,5039,824,0,0.17420517862995738,0.04528230390299356,1.0,0.8594576155551765,0.14054238444482348
YNL033W,-1,4.294271563522668,239,5040,823,0,0.17404129793510326,0.045273726084485696,1.0,0.8596281767013474,0.14037182329865255
YLR154W-A,-1,4.287144773639735,239,5041,822,0,0.1738774172402491,0.045265151515151515,1.0,0.8597987378475184,0.14020126215248166
YLR449W,-1,4.27367346156165,239,5042,821,0,0.17371353654539495,0.04525658019314524,1.0,0.8599692989936892,0.14003070100631076
YPL146C,-1,4.270091470130519,239,5043,820,0,0.1735496558505408,0.045248012116622494,1.0,0.8601398601398601,0.13986013986013987
YBL068W,-1,4.2688167182933245,239,5044,819,0,0.17338577515568665,0.0452394472837403,1.0,0.8603104212860311,0.13968957871396895
YOL086W-A,-1,4.258222114294764,239,5045,818,0,0.17322189446083253,0.045230885692657076,1.0,0.860480982432202,0.13951901756779805
YNL284C-B,-1,4.226033296901729,239,5046,817,0,0.17305801376597837,0.04522232734153264,1.0,0.8606515435783728,0.13934845642162716
YDR399W,-1,4.178303290799822,239,5047,816,0,0.17289413307112422,0.04521377222852819,1.0,0.8608221047245438,0.13917789527545626
YHL009W-B,-1,4.155949903302822,239,5048,815,0,0.17273025237627007,0.04520522035180632,1.0,0.8609926658707147,0.13900733412928534
YGR161C-D,-1,4.105820688884702,239,5049,814,0,0.17256637168141592,0.04519667170953101,1.0,0.8611632270168855,0.13883677298311445
YLR222C,-1,4.077415994681822,239,5050,813,0,0.1724024909865618,0.04518812629986765,1.0,0.8613337881630565,0.13866621183694355
YDR098C-A,-1,4.045270498376337,239,5051,812,0,0.17223861029170764,0.04517958412098299,1.0,0.8615043493092274,0.13849565069077263
YMR290C,-1,3.939949661601787,239,5052,811,0,0.1720747295968535,0.04517104517104517,1.0,0.8616749104553982,0.13832508954460174
YAR044W,-1,3.9387411174477305,239,5053,810,0,0.17191084890199934,0.04516250944822373,1.0,0.8618454716015692,0.13815452839843084
YLR227W-A,-1,3.922780530527232,239,5054,809,0,0.1717469682071452,0.04515397695068959,1.0,0.8620160327477401,0.13798396725225995
YPL257W-A,-1,3.889554568100717,239,5055,808,0,0.17158308751229107,0.04514544767661503,1.0,0.862186593893911,0.13781340610608903
YKL158W,-1,3.869833594679673,239,5056,807,0,0.17141920681743691,0.04513692162417375,1.0,0.8623571550400819,0.13764284495991813
YGR103W,-1,3.869167138112782,239,5057,806,0,0.17125532612258276,0.045128398791540784,1.0,0.8625277161862528,0.13747228381374724
YFL002W-B,-1,3.8641040939837654,239,5058,805,0,0.1710914454277286,0.04511987917689258,1.0,0.8626982773324237,0.13730172266757631
YJL021C,-1,3.7125319591204935,239,5059,804,0,0.17092756473287446,0.045111362778406945,1.0,0.8628688384785945,0.13713116152140542
YOL103W-B,-1,3.6480651325546174,239,5060,803,0,0.1707636840380203,0.04510284959426307,1.0,0.8630393996247655,0.13696060037523453
YPL280W,-1,3.5488309557000677,239,5061,802,0,0.17059980334316618,0.04509433962264151,1.0,0.8632099607709364,0.13679003922906363
YPR163C,-1,3.5368601156943473,239,5062,801,0,0.17043592264831203,0.045085832861724205,1.0,0.8633805219171072,0.1366194780828927
YLR081W,-1,3.5346408568780925,239,5063,800,0,0.17027204195345788,0.04507732930969446,1.0,0.8635510830632782,0.13644891693672181
YKR081C,-1,3.5260710482285953,239,5064,799,0,0.17010816125860373,0.04506882896473694,1.0,0.8637216442094491,0.13627835579055092
YHL009W-A,-1,3.421398917213082,239,5065,798,0,0.16994428056374958,0.04506033182503771,1.0,0.86389220535562,0.13610779464438
YJL133C-A,-1,3.421398917213082,239,5066,797,0,0.16978039986889545,0.04505183788878417,1.0,0.8640627665017909,0.1359372334982091
YBL029C-A,-1,3.421398917213082,239,5067,796,0,0.1696165191740413,0.045043347154165095,1.0,0.8642333276479618,0.1357666723520382
YDR374W-A,-1,3.421398917213082,239,5068,795,0,0.16945263847918715,0.04503485961937064,1.0,0.8644038887941327,0.13559611120586731
YHR212W-A,-1,3.421398917213082,239,5069,794,0,0.169288757784333,0.04502637528259231,1.0,0.8645744499403036,0.1354255500596964
YDR381C-A,-1,3.421398917213082,239,5070,793,0,0.16912487708947885,0.04501789414202298,1.0,0.8647450110864745,0.1352549889135255
YCR075W-A,-1,3.421398917213082,239,5071,792,0,0.16896099639462472,0.045009416195856876,1.0,0.8649155722326454,0.1350844277673546
YGR169C-C,-1,3.421398917213082,239,5072,791,0,0.16879711569977057,0.04500094144228959,1.0,0.8650861333788163,0.13491386662118368
YDR379C-A,-1,3.421398917213082,239,5073,790,0,0.16863323500491642,0.04499246987951807,1.0,0.8652566945249872,0.1347433054750128
YNL024C-A,-1,3.421398917213082,239,5074,789,0,0.16846935431006227,0.04498400150574064,1.0,0.8654272556711581,0.1345727443288419
YCL001W-B,-1,3.421398917213082,239,5075,788,0,0.16830547361520812,0.04497553631915695,1.0,0.8655978168173291,0.134402183182671
YLR157C-A,-1,3.421398917213082,239,5076,787,0,0.168141592920354,0.044967074317968016,1.0,0.8657683779634999,0.13423162203650008
YDR210W-D,-1,3.421398917213082,239,5077,786,0,0.16797771222549984,0.04495861550037622,1.0,0.8659389391096708,0.13406106089032918
YJL127C-A,-1,3.421398917213082,239,5078,785,0,0.1678138315306457,0.044950159864585296,1.0,0.8661095002558418,0.1338904997441583
YDR014W-A,-1,3.421398917213082,239,5079,784,0,0.16764995083579154,0.044941707408800304,1.0,0.8662800614020126,0.1337199385979874
YIL156W-B,-1,3.421398917213082,239,5080,783,0,0.1674860701409374,0.04493325813122767,1.0,0.8664506225481835,0.13354937745181647
YBR072W,-1,3.392048043793627,239,5081,782,0,0.16732218944608326,0.04492481203007519,1.0,0.8666211836943545,0.13337881630564558
YDR210C-D,-1,3.3865807554684553,239,5082,781,0,0.1671583087512291,0.04491636910355196,1.0,0.8667917448405253,0.13320825515947468
YDL110C,-1,3.34673248632341,239,5083,780,0,0.16699442805637496,0.044907929349868474,1.0,0.8669623059866962,0.13303769401330376
YHR197W,-1,3.2171343161332047,239,5084,779,0,0.1668305473615208,0.044899492767236523,1.0,0.8671328671328671,0.13286713286713286
YHR016C,-1,3.2138258091773566,239,5085,778,0,0.16666666666666666,0.04489105935386927,1.0,0.8673034282790381,0.13269657172096197
YDR256C,-1,3.2121475482586903,239,5086,777,0,0.16650278597181253,0.04488262910798122,1.0,0.8674739894252089,0.13252601057479108
YOR272W,-1,3.110735584600329,239,5087,776,0,0.16633890527695838,0.04487420202778821,1.0,0.8676445505713798,0.13235544942862015
YDL201W,-1,3.1015277405831743,239,5088,775,0,0.16617502458210423,0.044865778111507416,1.0,0.8678151117175508,0.13218488828244926
YKL082C,-1,3.098859208853187,239,5089,774,0,0.16601114388725008,0.04485735735735736,1.0,0.8679856728637216,0.13201432713627836
YEL011W,-1,3.0952351289982065,239,5090,773,0,0.16584726319239593,0.04484893976355789,1.0,0.8681562340098925,0.13184376599010744
YDR316W-B,-1,3.0587655245326415,239,5091,772,0,0.16568338249754178,0.04484052532833021,1.0,0.8683267951560635,0.13167320484393655
YDR210C-C,-1,2.9800040479749406,239,5092,771,0,0.16551950180268765,0.04483211404989683,1.0,0.8684973563022343,0.13150264369776565
YFL026W,-1,2.975016991214205,239,5093,770,0,0.1653556211078335,0.04482370592648162,1.0,0.8686679174484052,0.13133208255159476
YGR031C-A,-1,2.829342525452371,239,5094,769,0,0.16519174041297935,0.04481530095630977,1.0,0.8688384785945762,0.13116152140542384
YDR098C-B,-1,2.795467875665048,239,5095,768,0,0.1650278597181252,0.0448068991376078,1.0,0.8690090397407471,0.13099096025925294
YLR197W,-1,2.76097244260748,239,5096,767,0,0.16486397902327105,0.044798500468603564,1.0,0.8691796008869179,0.13082039911308205
YER179W,-1,2.7462059430323515,239,5097,766,0,0.16470009832841692,0.044790104947526235,1.0,0.8693501620330889,0.13064983796691113
YLL011W,-1,2.7326291790412314,239,5098,765,0,0.16453621763356277,0.04478171257260633,1.0,0.8695207231792598,0.13047927682074023
YGR027W-B,-1,2.6734845940954943,239,5099,764,0,0.16437233693870862,0.044773323342075684,1.0,0.8696912843254306,0.13030871567456934
YLR410W-B,-1,2.6445559128187557,239,5100,763,0,0.16420845624385447,0.04476493725416745,1.0,0.8698618454716016,0.13013815452839844
YDR261W-A,-1,2.644508247729386,239,5101,762,0,0.16404457554900032,0.04475655430711611,1.0,0.8700324066177725,0.12996759338222752
YPR137C-A,-1,2.5908853318542184,239,5102,761,0,0.1638806948541462,0.04474817449915746,1.0,0.8702029677639433,0.12979703223605663
YLR256W-A,-1,2.551455265376712,239,5103,760,0,0.16371681415929204,0.04473979782852864,1.0,0.8703735289101143,0.12962647108988573
YIL170W,-1,2.538157474412906,239,5104,759,0,0.1635529334644379,0.04473142429346809,1.0,0.8705440900562852,0.1294559099437148
YLR054C,-1,2.4783390625242285,239,5105,758,0,0.16338905276958374,0.04472305389221557,1.0,0.8707146512024561,0.12928534879754391
YLR251W,-1,2.4761282857841187,239,5106,757,0,0.16322517207472959,0.04471468662301216,1.0,0.870885212348627,0.12911478765137302
YGR138C,-1,2.4580789843641924,239,5107,756,0,0.16306129137987546,0.04470632248410026,1.0,0.8710557734947979,0.12894422650520213
YLR009W,-1,2.419711818728915,239,5108,755,0,0.1628974106850213,0.04469796147372358,1.0,0.8712263346409688,0.1287736653590312
YNL054W-A,-1,2.417076145764436,239,5109,754,0,0.16273352999016716,0.04468960359012715,1.0,0.8713968957871396,0.1286031042128603
YOL084W,-1,2.411009998188531,239,5110,753,0,0.162569649295313,0.0446812488315573,1.0,0.8715674569333106,0.12843254306668941
YPR190C,-1,2.3894810874291346,239,5111,752,0,0.16240576860045886,0.044672897196261684,1.0,0.8717380180794815,0.12826198192051852
YOR192C-A,-1,2.3799893041141273,239,5112,751,0,0.16224188790560473,0.04466454868248925,1.0,0.8719085792256523,0.1280914207743476
YER103W,-1,2.3558364644859324,239,5113,750,0,0.16207800721075058,0.044656203288490286,1.0,0.8720791403718233,0.1279208596281767
YOR343W-A,-1,2.3504898543469555,239,5114,749,0,0.16191412651589643,0.044647861012516346,1.0,0.8722497015179942,0.1277502984820058
YDR019C,-1,2.2816503971391393,239,5115,748,0,0.16175024582104228,0.04463952185282032,1.0,0.8724202626641651,0.1275797373358349
YLR258W,-1,2.2090796263824615,239,5116,747,0,0.16158636512618813,0.0446311858076564,1.0,0.872590823810336,0.127409176189664
YDL222C,-1,2.0305314205443894,239,5117,746,0,0.161422484431334,0.04462285287528006,1.0,0.8727613849565069,0.1272386150434931
YDL160C-A,-1,1.9741223119199172,239,5118,745,0,0.16125860373647985,0.044614523053948106,1.0,0.8729319461026778,0.1270680538973222
YKL065W-A,-1,1.9741223119199172,239,5119,744,0,0.1610947230416257,0.044606196341918626,1.0,0.8731025072488487,0.12689749275115128
YBL101W-A,-1,1.9741223119199172,239,5120,743,0,0.16093084234677155,0.044597872737451014,1.0,0.8732730683950196,0.1267269316049804
YMR247W-A,-1,1.9741223119199172,239,5121,742,0,0.1607669616519174,0.04458955223880597,1.0,0.8734436295411905,0.1265563704588095
YBL108C-A,-1,1.9741223119199172,239,5122,741,0,0.16060308095706327,0.044581234844245476,1.0,0.8736141906873615,0.12638580931263857
YOR343C-B,-1,1.9741223119199172,239,5123,740,0,0.16043920026220912,0.044572920552032824,1.0,0.8737847518335323,0.12621524816646768
YGL041C-B,-1,1.9741223119199172,239,5124,739,0,0.16027531956735497,0.04456460936043259,1.0,0.8739553129797032,0.12604468702029678
YBL039W-A,-1,1.9741223119199172,239,5125,738,0,0.16011143887250082,0.044556301267710666,1.0,0.8741258741258742,0.1258741258741259
YOR343C-A,-1,1.9741223119199172,239,5126,737,0,0.15994755817764666,0.044547996272134203,1.0,0.874296435272045,0.12570356472795496
YBR196C-A,-1,1.9741223119199172,239,5127,736,0,0.1597836774827925,0.04453969437197167,1.0,0.8744669964182159,0.12553300358178407
YBR296C-A,-1,1.9741223119199172,239,5128,735,0,0.1596197967879384,0.04453139556549283,1.0,0.8746375575643869,0.12536244243561318
YCL048W-A,-1,1.9741223119199172,239,5129,734,0,0.15945591609308424,0.0445230998509687,1.0,0.8748081187105577,0.12519188128944225
YDR119W-A,-1,1.9741223119199172,239,5130,733,0,0.1592920353982301,0.044514807226671636,1.0,0.8749786798567286,0.12502132014327136
YBR200W-A,-1,1.9741223119199172,239,5131,732,0,0.15912815470337593,0.044506517690875234,1.0,0.8751492410028996,0.12485075899710046
YER053C-A,-1,1.9741223119199172,239,5132,731,0,0.15896427400852178,0.044498231241854404,1.0,0.8753198021490705,0.12468019785092956
YHR214W-F,-1,1.9741223119199172,239,5133,730,0,0.15880039331366766,0.04448994787788533,1.0,0.8754903632952413,0.12450963670475866
YMR194C-B,-1,1.9741223119199172,239,5134,729,0,0.1586365126188135,0.044481667597245485,1.0,0.8756609244414122,0.12433907555858775
YCL021W-A,-1,1.894031383097171,239,5135,728,0,0.15847263192395936,0.04447339039821362,1.0,0.8758314855875832,0.12416851441241686
YGL258W-A,-1,1.894031383097171,239,5136,727,0,0.1583087512291052,0.044465116279069766,1.0,0.876002046733754,0.12399795326624595
YOR032W-A,-1,1.894031383097171,239,5137,726,0,0.15814487053425105,0.04445684523809524,1.0,0.8761726078799249,0.12382739212007504
YDR210W-C,-1,1.894031383097171,239,5138,725,0,0.15798098983939693,0.044448577273572626,1.0,0.8763431690260959,0.12365683097390415
YLR406C-A,-1,1.894031383097171,239,5139,724,0,0.15781710914454278,0.04444031238378579,1.0,0.8765137301722667,0.12348626982773324
YIL102C-A,-1,1.894031383097171,239,5140,723,0,0.15765322844968863,0.04443205056701989,1.0,0.8766842913184376,0.12331570868156234
YJR112W-A,-1,1.894031383097171,239,5141,722,0,0.15748934775483447,0.04442379182156134,1.0,0.8768548524646086,0.12314514753539144
YPR036W-A,-1,1.894031383097171,239,5142,721,0,0.15732546705998032,0.04441553614569783,1.0,0.8770254136107795,0.12297458638922054
YBL008W-A,-1,1.894031383097171,239,5143,720,0,0.1571615863651262,0.04440728353771832,1.0,0.8771959747569503,0.12280402524304963
YBL101W-B,-1,1.894031383097171,239,5144,719,0,0.15699770567027205,0.04439903399591306,1.0,0.8773665359031213,0.12263346409687872
YOR120W,-1,1.8774516416267089,239,5145,718,0,0.1568338249754179,0.04439078751857355,1.0,0.8775370970492922,0.12246290295070783
YJL153C,-1,1.8724029852747406,239,5146,717,0,0.15666994428056374,0.044382544103992574,1.0,0.877707658195463,0.12229234180453692
YLR178C,-1,1.853591319813117,239,5147,716,0,0.1565060635857096,0.04437430375046417,1.0,0.877878219341634,0.12212178065836603
YDR259C,-1,1.834990202155673,239,5148,715,0,0.15634218289085547,0.044366066456283645,1.0,0.8780487804878049,0.12195121951219512
YDL223C,-1,1.7868457825790025,239,5149,714,0,0.15617830219600132,0.04435783221974759,1.0,0.8782193416339757,0.12178065836602422
YOR173W,-1,1.7376640870494093,239,5150,713,0,0.15601442150114717,0.044349601039153835,1.0,0.8783899027801467,0.12161009721985332
YDR210W-B,-1,1.7172795075457485,239,5151,712,0,0.15585054080629301,0.044341372912801484,1.0,0.8785604639263176,0.12143953607368242
YLR410W-A,-1,1.6887886244803596,239,5152,711,0,0.15568666011143886,0.04433314783899091,1.0,0.8787310250724885,0.12126897492751151
YCL028W,0,1.6844767283392805,239,5152,711,0,0.15568666011143886,0.04433314783899091,1.0,0.8787310250724885,0.12126897492751151
YPR117W,0,1.560397420991968,239,5152,711,0,0.15568666011143886,0.04433314783899091,1.0,0.8787310250724885,0.12126897492751151
YCR070W,-1,1.524681238224722,239,5153,710,0,0.15552277941658474,0.044324925816023736,1.0,0.8789015862186594,0.1210984137813406
YJL012C-A,-1,1.4779528725193731,239,5154,709,0,0.1553588987217306,0.04431670684220285,1.0,0.8790721473648303,0.12092785263516971
YAL037W,0,1.465597540804083,239,5154,709,0,0.1553588987217306,0.04431670684220285,1.0,0.8790721473648303,0.12092785263516971
YHR104W,-1,1.4444427875697945,239,5155,708,0,0.15519501802687644,0.04430849091583241,1.0,0.8792427085110012,0.1207572914889988
YGR021W,0,1.4156044106295482,239,5155,708,0,0.15519501802687644,0.04430849091583241,1.0,0.8792427085110012,0.1207572914889988
YGL096W,-1,1.3867981643108214,239,5156,707,0,0.15503113733202228,0.04430027803521779,1.0,0.8794132696571721,0.12058673034282791
YPR172W,0,1.2564702620288557,239,5156,707,0,0.15503113733202228,0.04430027803521779,1.0,0.8794132696571721,0.12058673034282791
YMR130W,0,1.256368932745422,239,5156,707,0,0.15503113733202228,0.04430027803521779,1.0,0.8794132696571721,0.12058673034282791
YCL042W,0,1.2446442875301074,239,5156,707,0,0.15503113733202228,0.04430027803521779,1.0,0.8794132696571721,0.12058673034282791
YFL035C,-1,1.2378728382754982,239,5157,706,0,0.15486725663716813,0.04429206819866568,1.0,0.879583830803343,0.120416169196657
YOL155W-A,0,1.2327786048721552,239,5157,706,0,0.15486725663716813,0.04429206819866568,1.0,0.879583830803343,0.120416169196657
YDL181W,0,1.2275587440318354,239,5157,706,0,0.15486725663716813,0.04429206819866568,1.0,0.879583830803343,0.120416169196657
YDR239C,0,1.2040331554533168,239,5157,706,0,0.15486725663716813,0.04429206819866568,1.0,0.879583830803343,0.120416169196657
YBR075W,-1,1.2029170945752319,239,5158,705,0,0.154703375942314,0.044283861404483975,1.0,0.8797543919495139,0.1202456080504861
YER079W,0,1.2023521301649343,239,5158,705,0,0.154703375942314,0.044283861404483975,1.0,0.8797543919495139,0.1202456080504861
YAL067W-A,0,1.198745916265736,239,5158,705,0,0.154703375942314,0.044283861404483975,1.0,0.8797543919495139,0.1202456080504861
YHL041W,0,1.162416634834279,239,5158,705,0,0.154703375942314,0.044283861404483975,1.0,0.8797543919495139,0.1202456080504861
YCR080W,-1,1.1473302124068037,239,5159,704,0,0.15453949524745986,0.04427565765098185,1.0,0.8799249530956847,0.1200750469043152
YJL018W,-1,1.1286577533595525,239,5160,703,0,0.1543756145526057,0.04426745693646972,1.0,0.8800955142418557,0.11990448575814429
YNL034W,0,1.1274562860385602,239,5160,703,0,0.1543756145526057,0.04426745693646972,1.0,0.8800955142418557,0.11990448575814429
YDL159W-A,0,1.1256726147403242,239,5160,703,0,0.1543756145526057,0.04426745693646972,1.0,0.8800955142418557,0.11990448575814429
YFL043C,-1,1.1243056238163167,239,5161,702,0,0.15421173385775155,0.04425925925925926,1.0,0.8802660753880266,0.1197339246119734
YMR090W,0,1.1137605492830651,239,5161,702,0,0.15421173385775155,0.04425925925925926,1.0,0.8802660753880266,0.1197339246119734
YMR062C,0,1.105326894058021,239,5161,702,0,0.15421173385775155,0.04425925925925926,1.0,0.8802660753880266,0.1197339246119734
YOR296W,0,1.0976301696209703,239,5161,702,0,0.15421173385775155,0.04425925925925926,1.0,0.8802660753880266,0.1197339246119734
YMR144W,0,1.0901118308321998,239,5161,702,0,0.15421173385775155,0.04425925925925926,1.0,0.8802660753880266,0.1197339246119734
YCL003W,-1,1.0828551935795092,239,5162,701,0,0.1540478531628974,0.04425106461766339,1.0,0.8804366365341975,0.11956336346580249
YCL062W,-1,1.0669243843899396,239,5163,700,0,0.15388397246804325,0.0442428730099963,1.0,0.8806071976803684,0.11939280231963159
YIL057C,0,1.058892213439762,239,5163,700,0,0.15388397246804325,0.0442428730099963,1.0,0.8806071976803684,0.11939280231963159
YIL046W-A,0,1.0574764329521713,239,5163,700,0,0.15388397246804325,0.0442428730099963,1.0,0.8806071976803684,0.11939280231963159
YBL048W,0,1.0561296406085603,239,5163,700,0,0.15388397246804325,0.0442428730099963,1.0,0.8806071976803684,0.11939280231963159
YIL060W,0,1.0541583049683219,239,5163,700,0,0.15388397246804325,0.0442428730099963,1.0,0.8806071976803684,0.11939280231963159
YPL039W,0,1.0323099382449072,239,5163,700,0,0.15388397246804325,0.0442428730099963,1.0,0.8806071976803684,0.11939280231963159
YCL058W-A,-1,1.0134273913972573,239,5164,699,0,0.15372009177318913,0.04423468443457339,1.0,0.8807777588265393,0.11922224117346068
YHR049W,0,1.0122783776810125,239,5164,699,0,0.15372009177318913,0.04423468443457339,1.0,0.8807777588265393,0.11922224117346068
YLR412C-A,0,1.007972743933493,239,5164,699,0,0.15372009177318913,0.04423468443457339,1.0,0.8807777588265393,0.11922224117346068
YLR326W,0,1.0046001236981963,239,5164,699,0,0.15372009177318913,0.04423468443457339,1.0,0.8807777588265393,0.11922224117346068
YFL065C,0,0.9889631279343654,239,5164,699,0,0.15372009177318913,0.04423468443457339,1.0,0.8807777588265393,0.11922224117346068
YDR461C-A,0,0.9838369241762164,239,5164,699,0,0.15372009177318913,0.04423468443457339,1.0,0.8807777588265393,0.11922224117346068
YDR336W,0,0.9785918047325594,239,5164,699,0,0.15372009177318913,0.04423468443457339,1.0,0.8807777588265393,0.11922224117346068
YDL242W,0,0.9783230146992796,239,5164,699,0,0.15372009177318913,0.04423468443457339,1.0,0.8807777588265393,0.11922224117346068
YBR052C,0,0.9749495472380545,239,5164,699,0,0.15372009177318913,0.04423468443457339,1.0,0.8807777588265393,0.11922224117346068
YCR090C,0,0.9615357979775165,239,5164,699,0,0.15372009177318913,0.04423468443457339,1.0,0.8807777588265393,0.11922224117346068
YOR268C,0,0.9581456490377693,239,5164,699,0,0.15372009177318913,0.04423468443457339,1.0,0.8807777588265393,0.11922224117346068
YJL007C,0,0.9555638126669557,239,5164,699,0,0.15372009177318913,0.04423468443457339,1.0,0.8807777588265393,0.11922224117346068
YDL039C,0,0.9540443823779002,239,5164,699,0,0.15372009177318913,0.04423468443457339,1.0,0.8807777588265393,0.11922224117346068
YKL106W,0,0.9526408981901113,239,5164,699,0,0.15372009177318913,0.04423468443457339,1.0,0.8807777588265393,0.11922224117346068
YKL102C,0,0.9478361631454247,239,5164,699,0,0.15372009177318913,0.04423468443457339,1.0,0.8807777588265393,0.11922224117346068
YPL109C,0,0.9421746058230183,239,5164,699,0,0.15372009177318913,0.04423468443457339,1.0,0.8807777588265393,0.11922224117346068
YPL247C,0,0.942056238491773,239,5164,699,0,0.15372009177318913,0.04423468443457339,1.0,0.8807777588265393,0.11922224117346068
YER150W,-1,0.9337915133341208,239,5165,698,0,0.15355621107833498,0.04422649888971132,1.0,0.8809483199727102,0.11905168002728979
YGR237C,0,0.9159946377005922,239,5165,698,0,0.15355621107833498,0.04422649888971132,1.0,0.8809483199727102,0.11905168002728979
YKR045C,0,0.8901832313094016,239,5165,698,0,0.15355621107833498,0.04422649888971132,1.0,0.8809483199727102,0.11905168002728979
YPL060C-A,-1,0.8847257310990128,239,5166,697,0,0.15339233038348082,0.04421831637372803,1.0,0.8811188811188811,0.11888111888111888
YGR161C,0,0.880626325000776,239,5166,697,0,0.15339233038348082,0.04421831637372803,1.0,0.8811188811188811,0.11888111888111888
YDR194W-A,0,0.8731380005425906,239,5166,697,0,0.15339233038348082,0.04421831637372803,1.0,0.8811188811188811,0.11888111888111888
YDL173W,0,0.8672380279318117,239,5166,697,0,0.15339233038348082,0.04421831637372803,1.0,0.8811188811188811,0.11888111888111888
YJR148W,0,0.8662286647013389,239,5166,697,0,0.15339233038348082,0.04421831637372803,1.0,0.8811188811188811,0.11888111888111888
YLR177W,0,0.8650525052648844,239,5166,697,0,0.15339233038348082,0.04421831637372803,1.0,0.8811188811188811,0.11888111888111888
YOL024W,0,0.8648306379707842,239,5166,697,0,0.15339233038348082,0.04421831637372803,1.0,0.8811188811188811,0.11888111888111888
YGL088W,0,0.8633440583871561,239,5166,697,0,0.15339233038348082,0.04421831637372803,1.0,0.8811188811188811,0.11888111888111888
YJL118W,0,0.8618967745208579,239,5166,697,0,0.15339233038348082,0.04421831637372803,1.0,0.8811188811188811,0.11888111888111888
YMR254C,0,0.8423025981928327,239,5166,697,0,0.15339233038348082,0.04421831637372803,1.0,0.8811188811188811,0.11888111888111888
YEL035C,0,0.8384159404782596,239,5166,697,0,0.15339233038348082,0.04421831637372803,1.0,0.8811188811188811,0.11888111888111888
YMR001C-A,0,0.8335714473795124,239,5166,697,0,0.15339233038348082,0.04421831637372803,1.0,0.8811188811188811,0.11888111888111888
YFL068W,0,0.8314694396717675,239,5166,697,0,0.15339233038348082,0.04421831637372803,1.0,0.8811188811188811,0.11888111888111888
YBR144C,0,0.8266993139404804,239,5166,697,0,0.15339233038348082,0.04421831637372803,1.0,0.8811188811188811,0.11888111888111888
YGL007W,0,0.8236156882803094,239,5166,697,0,0.15339233038348082,0.04421831637372803,1.0,0.8811188811188811,0.11888111888111888
YOR343C,0,0.8219171639366039,239,5166,697,0,0.15339233038348082,0.04421831637372803,1.0,0.8811188811188811,0.11888111888111888
YJL062W-A,-1,0.8157356495503224,239,5167,696,0,0.15322844968862667,0.04421013688494266,1.0,0.881289442265052,0.11871055773494799
YOR220W,0,0.8153619462808024,239,5167,696,0,0.15322844968862667,0.04421013688494266,1.0,0.881289442265052,0.11871055773494799
YCR051W,0,0.8129266554245644,239,5167,696,0,0.15322844968862667,0.04421013688494266,1.0,0.881289442265052,0.11871055773494799
YOL118C,0,0.8019054447552366,239,5167,696,0,0.15322844968862667,0.04421013688494266,1.0,0.881289442265052,0.11871055773494799
YIR039C,-1,0.7986592182088649,239,5168,695,0,0.15306456899377252,0.0442019604216756,1.0,0.8814600034112229,0.11853999658877708
YDR003W-A,0,0.7975550859555369,239,5168,695,0,0.15306456899377252,0.0442019604216756,1.0,0.8814600034112229,0.11853999658877708
YHR087W,-1,0.78975484717234,239,5169,694,0,0.1529006882989184,0.04419378698224852,1.0,0.8816305645573939,0.11836943544260617
YNL146C-A,0,0.7891792362299838,239,5169,694,0,0.1529006882989184,0.04419378698224852,1.0,0.8816305645573939,0.11836943544260617
YPL080C,0,0.7885745833754176,239,5169,694,0,0.1529006882989184,0.04419378698224852,1.0,0.8816305645573939,0.11836943544260617
YGR035W-A,0,0.7837434539617334,239,5169,694,0,0.1529006882989184,0.04419378698224852,1.0,0.8816305645573939,0.11836943544260617
YML054C-A,0,0.7828967185176552,239,5169,694,0,0.1529006882989184,0.04419378698224852,1.0,0.8816305645573939,0.11836943544260617
YGR196C,0,0.781847286776175,239,5169,694,0,0.1529006882989184,0.04419378698224852,1.0,0.8816305645573939,0.11836943544260617
YNL254C,0,0.7774772713124207,239,5169,694,0,0.1529006882989184,0.04419378698224852,1.0,0.8816305645573939,0.11836943544260617
YEL025C,0,0.7768414091930254,239,5169,694,0,0.1529006882989184,0.04419378698224852,1.0,0.8816305645573939,0.11836943544260617
YPL068C,0,0.774606330494862,239,5169,694,0,0.1529006882989184,0.04419378698224852,1.0,0.8816305645573939,0.11836943544260617
YIR021W-A,0,0.7737496536436954,239,5169,694,0,0.1529006882989184,0.04419378698224852,1.0,0.8816305645573939,0.11836943544260617
YGL155W,0,0.7680708975119612,239,5169,694,0,0.1529006882989184,0.04419378698224852,1.0,0.8816305645573939,0.11836943544260617
YMR175W-A,0,0.7656766058721861,239,5169,694,0,0.1529006882989184,0.04419378698224852,1.0,0.8816305645573939,0.11836943544260617
YKL142W,0,0.7648127540394434,239,5169,694,0,0.1529006882989184,0.04419378698224852,1.0,0.8816305645573939,0.11836943544260617
YER186C,0,0.7645365584589854,239,5169,694,0,0.1529006882989184,0.04419378698224852,1.0,0.8816305645573939,0.11836943544260617
YMR107W,0,0.7624837796939232,239,5169,694,0,0.1529006882989184,0.04419378698224852,1.0,0.8816305645573939,0.11836943544260617
YFL010C,0,0.7605429879609067,239,5169,694,0,0.1529006882989184,0.04419378698224852,1.0,0.8816305645573939,0.11836943544260617
YCL002C,0,0.7533615481449942,239,5169,694,0,0.1529006882989184,0.04419378698224852,1.0,0.8816305645573939,0.11836943544260617
YJR030C,0,0.7438405847937019,239,5169,694,0,0.1529006882989184,0.04419378698224852,1.0,0.8816305645573939,0.11836943544260617
YBL071C,0,0.7367027956961464,239,5169,694,0,0.1529006882989184,0.04419378698224852,1.0,0.8816305645573939,0.11836943544260617
YGR272C,-1,0.7360573093897443,239,5170,693,0,0.15273680760406425,0.044185616564984286,1.0,0.8818011257035647,0.11819887429643527
YBL049W,0,0.7266998419442103,239,5170,693,0,0.15273680760406425,0.044185616564984286,1.0,0.8818011257035647,0.11819887429643527
YHR022C-A,0,0.7239860278050401,239,5170,693,0,0.15273680760406425,0.044185616564984286,1.0,0.8818011257035647,0.11819887429643527
YDR249C,0,0.7221156272850635,239,5170,693,0,0.15273680760406425,0.044185616564984286,1.0,0.8818011257035647,0.11819887429643527
YOR011W-A,0,0.7213024028364996,239,5170,693,0,0.15273680760406425,0.044185616564984286,1.0,0.8818011257035647,0.11819887429643527
YNL168C,0,0.7188038372529488,239,5170,693,0,0.15273680760406425,0.044185616564984286,1.0,0.8818011257035647,0.11819887429643527
YLR379W-A,0,0.7177401623182503,239,5170,693,0,0.15273680760406425,0.044185616564984286,1.0,0.8818011257035647,0.11819887429643527
YJL043W,0,0.7144042214367801,239,5170,693,0,0.15273680760406425,0.044185616564984286,1.0,0.8818011257035647,0.11819887429643527
YNL195C,0,0.7118985820880538,239,5170,693,0,0.15273680760406425,0.044185616564984286,1.0,0.8818011257035647,0.11819887429643527
YGR126W,0,0.7115172130517066,239,5170,693,0,0.15273680760406425,0.044185616564984286,1.0,0.8818011257035647,0.11819887429643527
YNL284C-A,-1,0.7108955269213594,239,5171,692,0,0.1525729269092101,0.044177449168207025,1.0,0.8819716868497356,0.11802831315026437
YPR170W-B,-1,0.7108955269213594,239,5172,691,0,0.15240904621435594,0.0441692847902421,1.0,0.8821422479959066,0.11785775200409347
YOR020W-A,-1,0.7108955269213594,239,5173,690,0,0.1522451655195018,0.04416112342941611,1.0,0.8823128091420774,0.11768719085792256
YAR070W-A,-1,0.7108955269213594,239,5174,689,0,0.15208128482464767,0.0441529650840569,1.0,0.8824833702882483,0.11751662971175167
YGL194C-A,-1,0.7108955269213594,239,5175,688,0,0.15191740412979352,0.04414480975249353,1.0,0.8826539314344193,0.11734606856558076
YLR099W-A,-1,0.7108955269213594,239,5176,687,0,0.15175352343493936,0.04413665743305632,1.0,0.8828244925805901,0.11717550741940985
YJR107C-A,-1,0.7108955269213594,239,5177,686,0,0.1515896427400852,0.04412850812407681,1.0,0.882995053726761,0.11700494627323896
YAL044W-A,-1,0.7108955269213594,239,5178,685,0,0.15142576204523106,0.04412036182388776,1.0,0.883165614872932,0.11683438512706805
YMR272W-B,-1,0.7108955269213594,239,5179,684,0,0.15126188135037694,0.04411221853082318,1.0,0.8833361760191029,0.11666382398089715
YML045W-A,-1,0.7108955269213594,239,5180,683,0,0.15109800065552279,0.044104078243218305,1.0,0.8835067371652737,0.11649326283472625
YHR214W-G,-1,0.7108955269213594,239,5181,682,0,0.15093411996066863,0.044095940959409594,1.0,0.8836772983114447,0.11632270168855535
YDR524C-B,-1,0.7108955269213594,239,5182,681,0,0.15077023926581448,0.04408780667773474,1.0,0.8838478594576156,0.11615214054238444
YAR069W-A,-1,0.7108955269213594,239,5183,680,0,0.15060635857096033,0.044079675396532646,1.0,0.8840184206037864,0.11598157939621355
YOR387C,0,0.7093833760009147,239,5183,680,0,0.15060635857096033,0.044079675396532646,1.0,0.8840184206037864,0.11598157939621355
YDR246W-A,0,0.7086471705290909,239,5183,680,0,0.15060635857096033,0.044079675396532646,1.0,0.8840184206037864,0.11598157939621355
YOR161C-C,0,0.7059141031259694,239,5183,680,0,0.15060635857096033,0.044079675396532646,1.0,0.8840184206037864,0.11598157939621355
YBL001C,0,0.7028649771181249,239,5183,680,0,0.15060635857096033,0.044079675396532646,1.0,0.8840184206037864,0.11598157939621355
YLR199C,0,0.7026261341129327,239,5183,680,0,0.15060635857096033,0.044079675396532646,1.0,0.8840184206037864,0.11598157939621355
YJL181W,0,0.6997433532937798,239,5183,680,0,0.15060635857096033,0.044079675396532646,1.0,0.8840184206037864,0.11598157939621355
YMR317W,0,0.6931845196094741,239,5183,680,0,0.15060635857096033,0.044079675396532646,1.0,0.8840184206037864,0.11598157939621355
YNR034W-A,0,0.6913962396332636,239,5183,680,0,0.15060635857096033,0.044079675396532646,1.0,0.8840184206037864,0.11598157939621355
YDR169C-A,0,0.689571473035894,239,5183,680,0,0.15060635857096033,0.044079675396532646,1.0,0.8840184206037864,0.11598157939621355
YDR186C,0,0.6869922229818127,239,5183,680,0,0.15060635857096033,0.044079675396532646,1.0,0.8840184206037864,0.11598157939621355
YPL152W-A,0,0.6861756130003869,239,5183,680,0,0.15060635857096033,0.044079675396532646,1.0,0.8840184206037864,0.11598157939621355
YJL126W,0,0.6819388702206574,239,5183,680,0,0.15060635857096033,0.044079675396532646,1.0,0.8840184206037864,0.11598157939621355
YAR029W,0,0.6810823731650543,239,5183,680,0,0.15060635857096033,0.044079675396532646,1.0,0.8840184206037864,0.11598157939621355
YBR100W,-1,0.6784466372167137,239,5184,679,0,0.1504424778761062,0.04407154711414346,1.0,0.8841889817499574,0.11581101825004264
YHL005C,0,0.676909487923236,239,5184,679,0,0.1504424778761062,0.04407154711414346,1.0,0.8841889817499574,0.11581101825004264
YAR064W,0,0.6748739852035555,239,5184,679,0,0.1504424778761062,0.04407154711414346,1.0,0.8841889817499574,0.11581101825004264
YMR299C,0,0.6747837054790577,239,5184,679,0,0.1504424778761062,0.04407154711414346,1.0,0.8841889817499574,0.11581101825004264
YOL036W,0,0.6732431644503448,239,5184,679,0,0.1504424778761062,0.04407154711414346,1.0,0.8841889817499574,0.11581101825004264
YPL144W,0,0.6669339603155553,239,5184,679,0,0.1504424778761062,0.04407154711414346,1.0,0.8841889817499574,0.11581101825004264
YHR125W,0,0.6658396385187757,239,5184,679,0,0.1504424778761062,0.04407154711414346,1.0,0.8841889817499574,0.11581101825004264
YOR235W,0,0.6612941151295021,239,5184,679,0,0.1504424778761062,0.04407154711414346,1.0,0.8841889817499574,0.11581101825004264
YLR361C-A,0,0.6590738164668437,239,5184,679,0,0.1504424778761062,0.04407154711414346,1.0,0.8841889817499574,0.11581101825004264
YHR022C,0,0.6581962476495218,239,5184,679,0,0.1504424778761062,0.04407154711414346,1.0,0.8841889817499574,0.11581101825004264
YDR505C,0,0.649370047736072,239,5184,679,0,0.1504424778761062,0.04407154711414346,1.0,0.8841889817499574,0.11581101825004264
YBR085C-A,0,0.649141261105342,239,5184,679,0,0.1504424778761062,0.04407154711414346,1.0,0.8841889817499574,0.11581101825004264
YJR005C-A,0,0.6486320866939365,239,5184,679,0,0.1504424778761062,0.04407154711414346,1.0,0.8841889817499574,0.11581101825004264
YOL085C,0,0.6443549829684132,239,5184,679,0,0.1504424778761062,0.04407154711414346,1.0,0.8841889817499574,0.11581101825004264
YFL064C,0,0.6414197660064929,239,5184,679,0,0.1504424778761062,0.04407154711414346,1.0,0.8841889817499574,0.11581101825004264
YKL044W,0,0.6399552879292968,239,5184,679,0,0.1504424778761062,0.04407154711414346,1.0,0.8841889817499574,0.11581101825004264
YGL164C,0,0.6374956817599013,239,5184,679,0,0.1504424778761062,0.04407154711414346,1.0,0.8841889817499574,0.11581101825004264
YMR191W,0,0.6355253369337817,239,5184,679,0,0.1504424778761062,0.04407154711414346,1.0,0.8841889817499574,0.11581101825004264
YOR192C-C,0,0.6323486184487024,239,5184,679,0,0.1504424778761062,0.04407154711414346,1.0,0.8841889817499574,0.11581101825004264
YJL075C,0,0.6311295738802192,239,5184,679,0,0.1504424778761062,0.04407154711414346,1.0,0.8841889817499574,0.11581101825004264
YJL213W,0,0.6294162617130041,239,5184,679,0,0.1504424778761062,0.04407154711414346,1.0,0.8841889817499574,0.11581101825004264
YLR415C,0,0.6279599072695419,239,5184,679,0,0.1504424778761062,0.04407154711414346,1.0,0.8841889817499574,0.11581101825004264
YBL071C-B,0,0.6274836490387479,239,5184,679,0,0.1504424778761062,0.04407154711414346,1.0,0.8841889817499574,0.11581101825004264
YGL260W,0,0.6272195424409792,239,5184,679,0,0.1504424778761062,0.04407154711414346,1.0,0.8841889817499574,0.11581101825004264
YJL199C,0,0.6237571941419977,239,5184,679,0,0.1504424778761062,0.04407154711414346,1.0,0.8841889817499574,0.11581101825004264
YLR031W,0,0.6210768558084965,239,5184,679,0,0.1504424778761062,0.04407154711414346,1.0,0.8841889817499574,0.11581101825004264
YGR025W,0,0.6198642974633104,239,5184,679,0,0.1504424778761062,0.04407154711414346,1.0,0.8841889817499574,0.11581101825004264
YGL006W-A,0,0.6189800241321173,239,5184,679,0,0.1504424778761062,0.04407154711414346,1.0,0.8841889817499574,0.11581101825004264
YLR122C,0,0.6125212270851391,239,5184,679,0,0.1504424778761062,0.04407154711414346,1.0,0.8841889817499574,0.11581101825004264
YML079W,0,0.6088712424964341,239,5184,679,0,0.1504424778761062,0.04407154711414346,1.0,0.8841889817499574,0.11581101825004264
YIL105W-A,0,0.6070819287901941,239,5184,679,0,0.1504424778761062,0.04407154711414346,1.0,0.8841889817499574,0.11581101825004264
YLR257W,0,0.6022522908308758,239,5184,679,0,0.1504424778761062,0.04407154711414346,1.0,0.8841889817499574,0.11581101825004264
YOR316C-A,0,0.6008364656513833,239,5184,679,0,0.1504424778761062,0.04407154711414346,1.0,0.8841889817499574,0.11581101825004264
YLR365W,0,0.5982865981228631,239,5184,679,0,0.1504424778761062,0.04407154711414346,1.0,0.8841889817499574,0.11581101825004264
YOR114W,0,0.597065300403031,239,5184,679,0,0.1504424778761062,0.04407154711414346,1.0,0.8841889817499574,0.11581101825004264
YBR063C,0,0.5969286458784833,239,5184,679,0,0.1504424778761062,0.04407154711414346,1.0,0.8841889817499574,0.11581101825004264
YBR209W,0,0.5936493578192312,239,5184,679,0,0.1504424778761062,0.04407154711414346,1.0,0.8841889817499574,0.11581101825004264
YLR159C-A,0,0.5926251387332642,239,5184,679,0,0.1504424778761062,0.04407154711414346,1.0,0.8841889817499574,0.11581101825004264
YDR102C,0,0.5925139406606945,239,5184,679,0,0.1504424778761062,0.04407154711414346,1.0,0.8841889817499574,0.11581101825004264
YBR197C,0,0.591754131246489,239,5184,679,0,0.1504424778761062,0.04407154711414346,1.0,0.8841889817499574,0.11581101825004264
YMR007W,0,0.5881540416482948,239,5184,679,0,0.1504424778761062,0.04407154711414346,1.0,0.8841889817499574,0.11581101825004264
YJL205C,0,0.5848431339189374,239,5184,679,0,0.1504424778761062,0.04407154711414346,1.0,0.8841889817499574,0.11581101825004264
YEL009C-A,0,0.5826615204211012,239,5184,679,0,0.1504424778761062,0.04407154711414346,1.0,0.8841889817499574,0.11581101825004264
YBR225W,0,0.5822723203740634,239,5184,679,0,0.1504424778761062,0.04407154711414346,1.0,0.8841889817499574,0.11581101825004264
YCR006C,0,0.5809721667319536,239,5184,679,0,0.1504424778761062,0.04407154711414346,1.0,0.8841889817499574,0.11581101825004264
YIL054W,0,0.5808767939573727,239,5184,679,0,0.1504424778761062,0.04407154711414346,1.0,0.8841889817499574,0.11581101825004264
YLL030C,0,0.5795719319109904,239,5184,679,0,0.1504424778761062,0.04407154711414346,1.0,0.8841889817499574,0.11581101825004264
YOR238W,0,0.5783996472398485,239,5184,679,0,0.1504424778761062,0.04407154711414346,1.0,0.8841889817499574,0.11581101825004264
YHR214C-E,0,0.577237763544872,239,5184,679,0,0.1504424778761062,0.04407154711414346,1.0,0.8841889817499574,0.11581101825004264
YER190C-B,0,0.5762982057322076,239,5184,679,0,0.1504424778761062,0.04407154711414346,1.0,0.8841889817499574,0.11581101825004264
YLR264C-A,0,0.5749400493832582,239,5184,679,0,0.1504424778761062,0.04407154711414346,1.0,0.8841889817499574,0.11581101825004264
YJL047C-A,0,0.574886598643154,239,5184,679,0,0.1504424778761062,0.04407154711414346,1.0,0.8841889817499574,0.11581101825004264
YOR289W,0,0.5738554203468382,239,5184,679,0,0.1504424778761062,0.04407154711414346,1.0,0.8841889817499574,0.11581101825004264
YLR149C,0,0.5710758582390552,239,5184,679,0,0.1504424778761062,0.04407154711414346,1.0,0.8841889817499574,0.11581101825004264
YCR025C,0,0.5691178475360629,239,5184,679,0,0.1504424778761062,0.04407154711414346,1.0,0.8841889817499574,0.11581101825004264
YPR084W,0,0.5673357505431367,239,5184,679,0,0.1504424778761062,0.04407154711414346,1.0,0.8841889817499574,0.11581101825004264
YGL034C,0,0.5668588168919086,239,5184,679,0,0.1504424778761062,0.04407154711414346,1.0,0.8841889817499574,0.11581101825004264
YGL016W,0,0.5643803235707309,239,5184,679,0,0.1504424778761062,0.04407154711414346,1.0,0.8841889817499574,0.11581101825004264
YAR061W,0,0.5632878154906962,239,5184,679,0,0.1504424778761062,0.04407154711414346,1.0,0.8841889817499574,0.11581101825004264
YGL262W,0,0.5614978318927228,239,5184,679,0,0.1504424778761062,0.04407154711414346,1.0,0.8841889817499574,0.11581101825004264
YEL014C,0,0.5570053963431291,239,5184,679,0,0.1504424778761062,0.04407154711414346,1.0,0.8841889817499574,0.11581101825004264
YNL042W-B,0,0.5569443022832274,239,5184,679,0,0.1504424778761062,0.04407154711414346,1.0,0.8841889817499574,0.11581101825004264
YDL219W,0,0.5566018539335759,239,5184,679,0,0.1504424778761062,0.04407154711414346,1.0,0.8841889817499574,0.11581101825004264
YHL048C-A,0,0.5563520057957304,239,5184,679,0,0.1504424778761062,0.04407154711414346,1.0,0.8841889817499574,0.11581101825004264
YKL104W-A,0,0.5562335291485567,239,5184,679,0,0.1504424778761062,0.04407154711414346,1.0,0.8841889817499574,0.11581101825004264
YHL015W-A,0,0.5535098650935373,239,5184,679,0,0.1504424778761062,0.04407154711414346,1.0,0.8841889817499574,0.11581101825004264
YOR186W,0,0.5512841527762145,239,5184,679,0,0.1504424778761062,0.04407154711414346,1.0,0.8841889817499574,0.11581101825004264
YJL027C,0,0.5498330193622678,239,5184,679,0,0.1504424778761062,0.04407154711414346,1.0,0.8841889817499574,0.11581101825004264
YIR043C,0,0.5479244734157298,239,5184,679,0,0.1504424778761062,0.04407154711414346,1.0,0.8841889817499574,0.11581101825004264
YLR012C,0,0.5471378924313797,239,5184,679,0,0.1504424778761062,0.04407154711414346,1.0,0.8841889817499574,0.11581101825004264
YHR093W,0,0.5398140174907978,239,5184,679,0,0.1504424778761062,0.04407154711414346,1.0,0.8841889817499574,0.11581101825004264
YPL119C-A,0,0.5394690500321491,239,5184,679,0,0.1504424778761062,0.04407154711414346,1.0,0.8841889817499574,0.11581101825004264
YDR010C,0,0.5390273570236842,239,5184,679,0,0.1504424778761062,0.04407154711414346,1.0,0.8841889817499574,0.11581101825004264
YPR108W-A,0,0.5379654408583292,239,5184,679,0,0.1504424778761062,0.04407154711414346,1.0,0.8841889817499574,0.11581101825004264
YKR018C,0,0.5375685117777806,239,5184,679,0,0.1504424778761062,0.04407154711414346,1.0,0.8841889817499574,0.11581101825004264
YMR182W-A,0,0.5358786653511148,239,5184,679,0,0.1504424778761062,0.04407154711414346,1.0,0.8841889817499574,0.11581101825004264
YBR056W-A,0,0.5341738255059737,239,5184,679,0,0.1504424778761062,0.04407154711414346,1.0,0.8841889817499574,0.11581101825004264
YGR045C,0,0.5332642703488091,239,5184,679,0,0.1504424778761062,0.04407154711414346,1.0,0.8841889817499574,0.11581101825004264
YOR284W,0,0.5320408767043705,239,5184,679,0,0.1504424778761062,0.04407154711414346,1.0,0.8841889817499574,0.11581101825004264
YJL016W,0,0.5311056778691636,239,5184,679,0,0.1504424778761062,0.04407154711414346,1.0,0.8841889817499574,0.11581101825004264
YGL117W,0,0.5298222100287733,239,5184,679,0,0.1504424778761062,0.04407154711414346,1.0,0.8841889817499574,0.11581101825004264
YJR039W,0,0.5292674086639926,239,5184,679,0,0.1504424778761062,0.04407154711414346,1.0,0.8841889817499574,0.11581101825004264
YIL174W,0,0.5281012426744722,239,5184,679,0,0.1504424778761062,0.04407154711414346,1.0,0.8841889817499574,0.11581101825004264
YOL164W-A,0,0.5249724129134474,239,5184,679,0,0.1504424778761062,0.04407154711414346,1.0,0.8841889817499574,0.11581101825004264
YCR024C-B,0,0.5245758166420273,239,5184,679,0,0.1504424778761062,0.04407154711414346,1.0,0.8841889817499574,0.11581101825004264
YJR056C,0,0.5212653735119676,239,5184,679,0,0.1504424778761062,0.04407154711414346,1.0,0.8841889817499574,0.11581101825004264
YGR161W-C,0,0.5174422147683799,239,5184,679,0,0.1504424778761062,0.04407154711414346,1.0,0.8841889817499574,0.11581101825004264
YMR103C,0,0.5152722062354287,239,5184,679,0,0.1504424778761062,0.04407154711414346,1.0,0.8841889817499574,0.11581101825004264
YKL070W,0,0.5131438155182647,239,5184,679,0,0.1504424778761062,0.04407154711414346,1.0,0.8841889817499574,0.11581101825004264
YOR227W,0,0.5096178702814314,239,5184,679,0,0.1504424778761062,0.04407154711414346,1.0,0.8841889817499574,0.11581101825004264
YJR146W,0,0.507902030620516,239,5184,679,0,0.1504424778761062,0.04407154711414346,1.0,0.8841889817499574,0.11581101825004264
YER084W,0,0.5059742803707391,239,5184,679,0,0.1504424778761062,0.04407154711414346,1.0,0.8841889817499574,0.11581101825004264
YHL014C,0,0.5056394404046156,239,5184,679,0,0.1504424778761062,0.04407154711414346,1.0,0.8841889817499574,0.11581101825004264
YLR358C,0,0.5031581370327274,239,5184,679,0,0.1504424778761062,0.04407154711414346,1.0,0.8841889817499574,0.11581101825004264
YNR014W,0,0.5022281046021887,239,5184,679,0,0.1504424778761062,0.04407154711414346,1.0,0.8841889817499574,0.11581101825004264
YPL257W,0,0.4997002133059141,239,5184,679,0,0.1504424778761062,0.04407154711414346,1.0,0.8841889817499574,0.11581101825004264
YDR157W,0,0.4911054334151002,239,5184,679,0,0.1504424778761062,0.04407154711414346,1.0,0.8841889817499574,0.11581101825004264
YDL131W,0,0.4902394314550803,239,5184,679,0,0.1504424778761062,0.04407154711414346,1.0,0.8841889817499574,0.11581101825004264
YJL217W,0,0.4883435269577152,239,5184,679,0,0.1504424778761062,0.04407154711414346,1.0,0.8841889817499574,0.11581101825004264
YKR011C,0,0.48830476977855136,239,5184,679,0,0.1504424778761062,0.04407154711414346,1.0,0.8841889817499574,0.11581101825004264
YGR039W,0,0.4867462689040119,239,5184,679,0,0.1504424778761062,0.04407154711414346,1.0,0.8841889817499574,0.11581101825004264
YNL130C-A,0,0.4865018034943205,239,5184,679,0,0.1504424778761062,0.04407154711414346,1.0,0.8841889817499574,0.11581101825004264
YBR184W,0,0.483965686036754,239,5184,679,0,0.1504424778761062,0.04407154711414346,1.0,0.8841889817499574,0.11581101825004264
YOR385W,0,0.4837863776717962,239,5184,679,0,0.1504424778761062,0.04407154711414346,1.0,0.8841889817499574,0.11581101825004264
YJL077C,0,0.4836606853864396,239,5184,679,0,0.1504424778761062,0.04407154711414346,1.0,0.8841889817499574,0.11581101825004264
YGL188C-A,0,0.4829635379370173,239,5184,679,0,0.1504424778761062,0.04407154711414346,1.0,0.8841889817499574,0.11581101825004264
YLR157W-A,0,0.4817189322784543,239,5184,679,0,0.1504424778761062,0.04407154711414346,1.0,0.8841889817499574,0.11581101825004264
YOR381W-A,0,0.4811581370831845,239,5184,679,0,0.1504424778761062,0.04407154711414346,1.0,0.8841889817499574,0.11581101825004264
YKR073C,0,0.4798428504145704,239,5184,679,0,0.1504424778761062,0.04407154711414346,1.0,0.8841889817499574,0.11581101825004264
YNL211C,0,0.4792586761281119,239,5184,679,0,0.1504424778761062,0.04407154711414346,1.0,0.8841889817499574,0.11581101825004264
YPR053C,0,0.4740012780903198,239,5184,679,0,0.1504424778761062,0.04407154711414346,1.0,0.8841889817499574,0.11581101825004264
YOR342C,0,0.47060132606134175,239,5184,679,0,0.1504424778761062,0.04407154711414346,1.0,0.8841889817499574,0.11581101825004264
YGL146C,0,0.46916341745827583,239,5184,679,0,0.1504424778761062,0.04407154711414346,1.0,0.8841889817499574,0.11581101825004264
YLR162W,0,0.4669284853409955,239,5184,679,0,0.1504424778761062,0.04407154711414346,1.0,0.8841889817499574,0.11581101825004264
YJL205C-A,0,0.4666583278899167,239,5184,679,0,0.1504424778761062,0.04407154711414346,1.0,0.8841889817499574,0.11581101825004264
YOR072W-B,0,0.4659504303272115,239,5184,679,0,0.1504424778761062,0.04407154711414346,1.0,0.8841889817499574,0.11581101825004264
YPL034W,0,0.46436264448539133,239,5184,679,0,0.1504424778761062,0.04407154711414346,1.0,0.8841889817499574,0.11581101825004264
YLR462W,0,0.46394853711944956,239,5184,679,0,0.1504424778761062,0.04407154711414346,1.0,0.8841889817499574,0.11581101825004264
YLR456W,0,0.4605950001287055,239,5184,679,0,0.1504424778761062,0.04407154711414346,1.0,0.8841889817499574,0.11581101825004264
YGR035C,0,0.4552029364009511,239,5184,679,0,0.1504424778761062,0.04407154711414346,1.0,0.8841889817499574,0.11581101825004264
YJL052C-A,0,0.45438608202272235,239,5184,679,0,0.1504424778761062,0.04407154711414346,1.0,0.8841889817499574,0.11581101825004264
YML119W,0,0.45391949100121565,239,5184,679,0,0.1504424778761062,0.04407154711414346,1.0,0.8841889817499574,0.11581101825004264
YDR344C,0,0.4533928761552487,239,5184,679,0,0.1504424778761062,0.04407154711414346,1.0,0.8841889817499574,0.11581101825004264
YJR012C,0,0.44986399112751463,239,5184,679,0,0.1504424778761062,0.04407154711414346,1.0,0.8841889817499574,0.11581101825004264
YIL152W,0,0.4493488345178775,239,5184,679,0,0.1504424778761062,0.04407154711414346,1.0,0.8841889817499574,0.11581101825004264
YLR154C-G,0,0.449311849491309,239,5184,679,0,0.1504424778761062,0.04407154711414346,1.0,0.8841889817499574,0.11581101825004264
YDL085C-A,0,0.44716547603456996,239,5184,679,0,0.1504424778761062,0.04407154711414346,1.0,0.8841889817499574,0.11581101825004264
YLR290C,0,0.44557962574170407,239,5184,679,0,0.1504424778761062,0.04407154711414346,1.0,0.8841889817499574,0.11581101825004264
YDR182W-A,0,0.44232426118105644,239,5184,679,0,0.1504424778761062,0.04407154711414346,1.0,0.8841889817499574,0.11581101825004264
YPL260W,0,0.44203095970806305,239,5184,679,0,0.1504424778761062,0.04407154711414346,1.0,0.8841889817499574,0.11581101825004264
YMR251W,0,0.44177389380963017,239,5184,679,0,0.1504424778761062,0.04407154711414346,1.0,0.8841889817499574,0.11581101825004264
YLR112W,0,0.4394113759341848,239,5184,679,0,0.1504424778761062,0.04407154711414346,1.0,0.8841889817499574,0.11581101825004264
YPL067C,0,0.4393982117326231,239,5184,679,0,0.1504424778761062,0.04407154711414346,1.0,0.8841889817499574,0.11581101825004264
YCR001W,0,0.43887234808289566,239,5184,679,0,0.1504424778761062,0.04407154711414346,1.0,0.8841889817499574,0.11581101825004264
YDR070C,0,0.4321818714440865,239,5184,679,0,0.1504424778761062,0.04407154711414346,1.0,0.8841889817499574,0.11581101825004264
YAL065C-A,0,0.43179315122588385,239,5184,679,0,0.1504424778761062,0.04407154711414346,1.0,0.8841889817499574,0.11581101825004264
YGL159W,0,0.4305764366704351,239,5184,679,0,0.1504424778761062,0.04407154711414346,1.0,0.8841889817499574,0.11581101825004264
YEL067C,0,0.430445532008889,239,5184,679,0,0.1504424778761062,0.04407154711414346,1.0,0.8841889817499574,0.11581101825004264
YOL015W,0,0.4287453260390066,239,5184,679,0,0.1504424778761062,0.04407154711414346,1.0,0.8841889817499574,0.11581101825004264
YLL032C,0,0.4281713142804784,239,5184,679,0,0.1504424778761062,0.04407154711414346,1.0,0.8841889817499574,0.11581101825004264
YHR163W,0,0.42712280707655725,239,5184,679,0,0.1504424778761062,0.04407154711414346,1.0,0.8841889817499574,0.11581101825004264
YIL102C,0,0.42324663850013156,239,5184,679,0,0.1504424778761062,0.04407154711414346,1.0,0.8841889817499574,0.11581101825004264
YLR152C,0,0.42306351312436163,239,5184,679,0,0.1504424778761062,0.04407154711414346,1.0,0.8841889817499574,0.11581101825004264
YGR248W,0,0.41919735597548424,239,5184,679,0,0.1504424778761062,0.04407154711414346,1.0,0.8841889817499574,0.11581101825004264
YDL129W,0,0.4184368569626144,239,5184,679,0,0.1504424778761062,0.04407154711414346,1.0,0.8841889817499574,0.11581101825004264
YBR284W,0,0.4160631757695228,239,5184,679,0,0.1504424778761062,0.04407154711414346,1.0,0.8841889817499574,0.11581101825004264
YDL022C-A,0,0.4153101227975638,239,5184,679,0,0.1504424778761062,0.04407154711414346,1.0,0.8841889817499574,0.11581101825004264
YHR195W,0,0.4142326945591818,239,5184,679,0,0.1504424778761062,0.04407154711414346,1.0,0.8841889817499574,0.11581101825004264
YHL026C,0,0.41157641523906807,239,5184,679,0,0.1504424778761062,0.04407154711414346,1.0,0.8841889817499574,0.11581101825004264
YDR464W,0,0.41101978850447884,239,5184,679,0,0.1504424778761062,0.04407154711414346,1.0,0.8841889817499574,0.11581101825004264
YGR130C,0,0.41005855218295295,239,5184,679,0,0.1504424778761062,0.04407154711414346,1.0,0.8841889817499574,0.11581101825004264
YNL162W-A,0,0.40764052893404906,239,5184,679,0,0.1504424778761062,0.04407154711414346,1.0,0.8841889817499574,0.11581101825004264
YDL169C,0,0.4055020317748016,239,5184,679,0,0.1504424778761062,0.04407154711414346,1.0,0.8841889817499574,0.11581101825004264
YMR253C,0,0.4054397836639509,239,5184,679,0,0.1504424778761062,0.04407154711414346,1.0,0.8841889817499574,0.11581101825004264
YGL202W,0,0.40364203201170307,239,5184,679,0,0.1504424778761062,0.04407154711414346,1.0,0.8841889817499574,0.11581101825004264
YLR331C,0,0.3996450974679248,239,5184,679,0,0.1504424778761062,0.04407154711414346,1.0,0.8841889817499574,0.11581101825004264
YLL058W,0,0.39886694985776394,239,5184,679,0,0.1504424778761062,0.04407154711414346,1.0,0.8841889817499574,0.11581101825004264
YHR219W,0,0.397483781162831,239,5184,679,0,0.1504424778761062,0.04407154711414346,1.0,0.8841889817499574,0.11581101825004264
YFR032C-B,0,0.39724156220529755,239,5184,679,0,0.1504424778761062,0.04407154711414346,1.0,0.8841889817499574,0.11581101825004264
YLR030W,0,0.3970070458672126,239,5184,679,0,0.1504424778761062,0.04407154711414346,1.0,0.8841889817499574,0.11581101825004264
YBR196C-B,0,0.396270441580782,239,5184,679,0,0.1504424778761062,0.04407154711414346,1.0,0.8841889817499574,0.11581101825004264
YHR213W-A,0,0.3959044545017604,239,5184,679,0,0.1504424778761062,0.04407154711414346,1.0,0.8841889817499574,0.11581101825004264
YMR147W,0,0.3943627475643652,239,5184,679,0,0.1504424778761062,0.04407154711414346,1.0,0.8841889817499574,0.11581101825004264
YIL012W,0,0.3910137690327246,239,5184,679,0,0.1504424778761062,0.04407154711414346,1.0,0.8841889817499574,0.11581101825004264
YCR061W,0,0.39079470509580005,239,5184,679,0,0.1504424778761062,0.04407154711414346,1.0,0.8841889817499574,0.11581101825004264
YDR132C,0,0.3869144234295163,239,5184,679,0,0.1504424778761062,0.04407154711414346,1.0,0.8841889817499574,0.11581101825004264
YGL081W,0,0.38404136354606777,239,5184,679,0,0.1504424778761062,0.04407154711414346,1.0,0.8841889817499574,0.11581101825004264
YCR022C,0,0.3828314957936527,239,5184,679,0,0.1504424778761062,0.04407154711414346,1.0,0.8841889817499574,0.11581101825004264
YMR141C,0,0.3824446081392017,239,5184,679,0,0.1504424778761062,0.04407154711414346,1.0,0.8841889817499574,0.11581101825004264
YER145C-A,0,0.37691354788069015,239,5184,679,0,0.1504424778761062,0.04407154711414346,1.0,0.8841889817499574,0.11581101825004264
YLR108C,0,0.37690206617116917,239,5184,679,0,0.1504424778761062,0.04407154711414346,1.0,0.8841889817499574,0.11581101825004264
YCL054W-A,0,0.3757916204990578,239,5184,679,0,0.1504424778761062,0.04407154711414346,1.0,0.8841889817499574,0.11581101825004264
YMR126C,0,0.3746325337369906,239,5184,679,0,0.1504424778761062,0.04407154711414346,1.0,0.8841889817499574,0.11581101825004264
YDL057W,0,0.37175352947490126,239,5184,679,0,0.1504424778761062,0.04407154711414346,1.0,0.8841889817499574,0.11581101825004264
YGL138C,0,0.37067133317779616,239,5184,679,0,0.1504424778761062,0.04407154711414346,1.0,0.8841889817499574,0.11581101825004264
YLR157W-B,0,0.36849543394563256,239,5184,679,0,0.1504424778761062,0.04407154711414346,1.0,0.8841889817499574,0.11581101825004264
YMR158C-B,0,0.3675032662480444,239,5184,679,0,0.1504424778761062,0.04407154711414346,1.0,0.8841889817499574,0.11581101825004264
YNL277W-A,0,0.3664613707071327,239,5184,679,0,0.1504424778761062,0.04407154711414346,1.0,0.8841889817499574,0.11581101825004264
YAL065C,0,0.3656301714945584,239,5184,679,0,0.1504424778761062,0.04407154711414346,1.0,0.8841889817499574,0.11581101825004264
YMR252C,0,0.3654881514798944,239,5184,679,0,0.1504424778761062,0.04407154711414346,1.0,0.8841889817499574,0.11581101825004264
YOR376W,0,0.3641063995955846,239,5184,679,0,0.1504424778761062,0.04407154711414346,1.0,0.8841889817499574,0.11581101825004264
YCL036W,0,0.3628349425330269,239,5184,679,0,0.1504424778761062,0.04407154711414346,1.0,0.8841889817499574,0.11581101825004264
YAR035C-A,0,0.3627534840417479,239,5184,679,0,0.1504424778761062,0.04407154711414346,1.0,0.8841889817499574,0.11581101825004264
YLR438W,0,0.35983602265838455,239,5184,679,0,0.1504424778761062,0.04407154711414346,1.0,0.8841889817499574,0.11581101825004264
YJR154W,0,0.35827404018680997,239,5184,679,0,0.1504424778761062,0.04407154711414346,1.0,0.8841889817499574,0.11581101825004264
YDL159W-B,0,0.35690249293929804,239,5184,679,0,0.1504424778761062,0.04407154711414346,1.0,0.8841889817499574,0.11581101825004264
YKL215C,0,0.35683698697513067,239,5184,679,0,0.1504424778761062,0.04407154711414346,1.0,0.8841889817499574,0.11581101825004264
YFR012W-A,0,0.3558865330782338,239,5184,679,0,0.1504424778761062,0.04407154711414346,1.0,0.8841889817499574,0.11581101825004264
YGL193C,0,0.3550835151469655,239,5184,679,0,0.1504424778761062,0.04407154711414346,1.0,0.8841889817499574,0.11581101825004264
YOR280C,0,0.3503315986627058,239,5184,679,0,0.1504424778761062,0.04407154711414346,1.0,0.8841889817499574,0.11581101825004264
YOR015W,0,0.35025256762415313,239,5184,679,0,0.1504424778761062,0.04407154711414346,1.0,0.8841889817499574,0.11581101825004264
YBR117C,0,0.34783943922848504,239,5184,679,0,0.1504424778761062,0.04407154711414346,1.0,0.8841889817499574,0.11581101825004264
YJR128W,0,0.3476094524194194,239,5184,679,0,0.1504424778761062,0.04407154711414346,1.0,0.8841889817499574,0.11581101825004264
YDL053C,0,0.34579655085696087,239,5184,679,0,0.1504424778761062,0.04407154711414346,1.0,0.8841889817499574,0.11581101825004264
YNL143C,0,0.3427577750335331,239,5184,679,0,0.1504424778761062,0.04407154711414346,1.0,0.8841889817499574,0.11581101825004264
YKL023C-A,0,0.34172914645963437,239,5184,679,0,0.1504424778761062,0.04407154711414346,1.0,0.8841889817499574,0.11581101825004264
YLL046C,0,0.3415814107048698,239,5184,679,0,0.1504424778761062,0.04407154711414346,1.0,0.8841889817499574,0.11581101825004264
YEL073C,0,0.34080657739013986,239,5184,679,0,0.1504424778761062,0.04407154711414346,1.0,0.8841889817499574,0.11581101825004264
YER047C,0,0.340017382036354,239,5184,679,0,0.1504424778761062,0.04407154711414346,1.0,0.8841889817499574,0.11581101825004264
YHR137W,0,0.33854171255234167,239,5184,679,0,0.1504424778761062,0.04407154711414346,1.0,0.8841889817499574,0.11581101825004264
YLR454W,0,0.33843864999440126,239,5184,679,0,0.1504424778761062,0.04407154711414346,1.0,0.8841889817499574,0.11581101825004264
YHR086W-A,0,0.33771822159178555,239,5184,679,0,0.1504424778761062,0.04407154711414346,1.0,0.8841889817499574,0.11581101825004264
YNL035C,0,0.33556750707793975,239,5184,679,0,0.1504424778761062,0.04407154711414346,1.0,0.8841889817499574,0.11581101825004264
YGL242C,0,0.3346302897989517,239,5184,679,0,0.1504424778761062,0.04407154711414346,1.0,0.8841889817499574,0.11581101825004264
YDR502C,0,0.33427162215411943,239,5184,679,0,0.1504424778761062,0.04407154711414346,1.0,0.8841889817499574,0.11581101825004264
YEL059W,0,0.3336343295157461,239,5184,679,0,0.1504424778761062,0.04407154711414346,1.0,0.8841889817499574,0.11581101825004264
YBR230W-A,0,0.33355652646283573,239,5184,679,0,0.1504424778761062,0.04407154711414346,1.0,0.8841889817499574,0.11581101825004264
YIR016W,0,0.3315480560344878,239,5184,679,0,0.1504424778761062,0.04407154711414346,1.0,0.8841889817499574,0.11581101825004264
YBR032W,0,0.3297403237845201,239,5184,679,0,0.1504424778761062,0.04407154711414346,1.0,0.8841889817499574,0.11581101825004264
YER039C-A,0,0.3282007407440231,239,5184,679,0,0.1504424778761062,0.04407154711414346,1.0,0.8841889817499574,0.11581101825004264
YLR354C,0,0.3272977774249739,239,5184,679,0,0.1504424778761062,0.04407154711414346,1.0,0.8841889817499574,0.11581101825004264
YAL064C-A,0,0.3209479687739075,239,5184,679,0,0.1504424778761062,0.04407154711414346,1.0,0.8841889817499574,0.11581101825004264
YOL159C-A,0,0.3190308045656528,239,5184,679,0,0.1504424778761062,0.04407154711414346,1.0,0.8841889817499574,0.11581101825004264
YOR305W,0,0.31506227621684957,239,5184,679,0,0.1504424778761062,0.04407154711414346,1.0,0.8841889817499574,0.11581101825004264
YPL278C,0,0.3138961070849289,239,5184,679,0,0.1504424778761062,0.04407154711414346,1.0,0.8841889817499574,0.11581101825004264
YJR003C,0,0.3102924345548671,239,5184,679,0,0.1504424778761062,0.04407154711414346,1.0,0.8841889817499574,0.11581101825004264
YIL014C-A,0,0.3083852057754903,239,5184,679,0,0.1504424778761062,0.04407154711414346,1.0,0.8841889817499574,0.11581101825004264
YPR099C,0,0.30817576863046264,239,5184,679,0,0.1504424778761062,0.04407154711414346,1.0,0.8841889817499574,0.11581101825004264
YHR175W-A,0,0.3079978407622548,239,5184,679,0,0.1504424778761062,0.04407154711414346,1.0,0.8841889817499574,0.11581101825004264
YGR146C,0,0.3070883535001484,239,5184,679,0,0.1504424778761062,0.04407154711414346,1.0,0.8841889817499574,0.11581101825004264
YLR146W-A,0,0.3058583289198111,239,5184,679,0,0.1504424778761062,0.04407154711414346,1.0,0.8841889817499574,0.11581101825004264
YEL075C,0,0.30562673185886513,239,5184,679,0,0.1504424778761062,0.04407154711414346,1.0,0.8841889817499574,0.11581101825004264
YOR352W,0,0.305030403076671,239,5184,679,0,0.1504424778761062,0.04407154711414346,1.0,0.8841889817499574,0.11581101825004264
YNL011C,0,0.3044243212789297,239,5184,679,0,0.1504424778761062,0.04407154711414346,1.0,0.8841889817499574,0.11581101825004264
YBL101W-C,0,0.3040023589564953,239,5184,679,0,0.1504424778761062,0.04407154711414346,1.0,0.8841889817499574,0.11581101825004264
YHR078W,0,0.3037338458470911,239,5184,679,0,0.1504424778761062,0.04407154711414346,1.0,0.8841889817499574,0.11581101825004264
YLR412W,0,0.3035282138152979,239,5184,679,0,0.1504424778761062,0.04407154711414346,1.0,0.8841889817499574,0.11581101825004264
YDL038C,0,0.3018359407958542,239,5184,679,0,0.1504424778761062,0.04407154711414346,1.0,0.8841889817499574,0.11581101825004264
YHR218W,0,0.30123134941998797,239,5184,679,0,0.1504424778761062,0.04407154711414346,1.0,0.8841889817499574,0.11581101825004264
YJL218W,0,0.2994231768250719,239,5184,679,0,0.1504424778761062,0.04407154711414346,1.0,0.8841889817499574,0.11581101825004264
YMR230W-A,0,0.2981451860168816,239,5184,679,0,0.1504424778761062,0.04407154711414346,1.0,0.8841889817499574,0.11581101825004264
YJL136W-A,0,0.29510847102301896,239,5184,679,0,0.1504424778761062,0.04407154711414346,1.0,0.8841889817499574,0.11581101825004264
YPL261C,0,0.29306635912507767,239,5184,679,0,0.1504424778761062,0.04407154711414346,1.0,0.8841889817499574,0.11581101825004264
YOR302W,0,0.2902440488982482,239,5184,679,0,0.1504424778761062,0.04407154711414346,1.0,0.8841889817499574,0.11581101825004264
YDR034C-A,0,0.28897839499569494,239,5184,679,0,0.1504424778761062,0.04407154711414346,1.0,0.8841889817499574,0.11581101825004264
YDR514C,0,0.28780810290299985,239,5184,679,0,0.1504424778761062,0.04407154711414346,1.0,0.8841889817499574,0.11581101825004264
YFL041W-A,0,0.28709667576348114,239,5184,679,0,0.1504424778761062,0.04407154711414346,1.0,0.8841889817499574,0.11581101825004264
YOR034C-A,0,0.2850110249193848,239,5184,679,0,0.1504424778761062,0.04407154711414346,1.0,0.8841889817499574,0.11581101825004264
YDL186W,0,0.2813253466971899,239,5184,679,0,0.1504424778761062,0.04407154711414346,1.0,0.8841889817499574,0.11581101825004264
YDR215C,0,0.2811083806387802,239,5184,679,0,0.1504424778761062,0.04407154711414346,1.0,0.8841889817499574,0.11581101825004264
YGR017W,0,0.28100685216486454,239,5184,679,0,0.1504424778761062,0.04407154711414346,1.0,0.8841889817499574,0.11581101825004264
YER188C-A,0,0.2799161110162393,239,5184,679,0,0.1504424778761062,0.04407154711414346,1.0,0.8841889817499574,0.11581101825004264
YBL111C,0,0.27979213200850944,239,5184,679,0,0.1504424778761062,0.04407154711414346,1.0,0.8841889817499574,0.11581101825004264
YML117W,0,0.27775519838348434,239,5184,679,0,0.1504424778761062,0.04407154711414346,1.0,0.8841889817499574,0.11581101825004264
YJL070C,0,0.27708905769850384,239,5184,679,0,0.1504424778761062,0.04407154711414346,1.0,0.8841889817499574,0.11581101825004264
YHR015W,0,0.2768010367926763,239,5184,679,0,0.1504424778761062,0.04407154711414346,1.0,0.8841889817499574,0.11581101825004264
YIL029C,0,0.27648635975835134,239,5184,679,0,0.1504424778761062,0.04407154711414346,1.0,0.8841889817499574,0.11581101825004264
YER121W,0,0.2763176996904803,239,5184,679,0,0.1504424778761062,0.04407154711414346,1.0,0.8841889817499574,0.11581101825004264
YDR035W,0,0.2757430133596487,239,5184,679,0,0.1504424778761062,0.04407154711414346,1.0,0.8841889817499574,0.11581101825004264
YOL131W,0,0.2749808020816999,239,5184,679,0,0.1504424778761062,0.04407154711414346,1.0,0.8841889817499574,0.11581101825004264
YPL077C,0,0.2745733541944445,239,5184,679,0,0.1504424778761062,0.04407154711414346,1.0,0.8841889817499574,0.11581101825004264
YMR315W-A,0,0.2742081118857981,239,5184,679,0,0.1504424778761062,0.04407154711414346,1.0,0.8841889817499574,0.11581101825004264
YBL029W,0,0.27414705418050284,239,5184,679,0,0.1504424778761062,0.04407154711414346,1.0,0.8841889817499574,0.11581101825004264
YNL208W,0,0.272963026906744,239,5184,679,0,0.1504424778761062,0.04407154711414346,1.0,0.8841889817499574,0.11581101825004264
YER188W,0,0.27141359142092364,239,5184,679,0,0.1504424778761062,0.04407154711414346,1.0,0.8841889817499574,0.11581101825004264
YFL067W,0,0.2704133987878094,239,5184,679,0,0.1504424778761062,0.04407154711414346,1.0,0.8841889817499574,0.11581101825004264
YML083C,0,0.2701978723568909,239,5184,679,0,0.1504424778761062,0.04407154711414346,1.0,0.8841889817499574,0.11581101825004264
YMR108W,0,0.26640386218768697,239,5184,679,0,0.1504424778761062,0.04407154711414346,1.0,0.8841889817499574,0.11581101825004264
YLR437C,0,0.26574252944305954,239,5184,679,0,0.1504424778761062,0.04407154711414346,1.0,0.8841889817499574,0.11581101825004264
YBL086C,0,0.2652356433127351,239,5184,679,0,0.1504424778761062,0.04407154711414346,1.0,0.8841889817499574,0.11581101825004264
YBR298C-A,0,0.2647475830945353,239,5184,679,0,0.1504424778761062,0.04407154711414346,1.0,0.8841889817499574,0.11581101825004264
YAR023C,0,0.2641703576248523,239,5184,679,0,0.1504424778761062,0.04407154711414346,1.0,0.8841889817499574,0.11581101825004264
YLR156C-A,0,0.26416767500558075,239,5184,679,0,0.1504424778761062,0.04407154711414346,1.0,0.8841889817499574,0.11581101825004264
YLR157W-E,0,0.26107306610856534,239,5184,679,0,0.1504424778761062,0.04407154711414346,1.0,0.8841889817499574,0.11581101825004264
YHR054C,0,0.2610696056926257,239,5184,679,0,0.1504424778761062,0.04407154711414346,1.0,0.8841889817499574,0.11581101825004264
YHR213W-B,0,0.2594869675813241,239,5184,679,0,0.1504424778761062,0.04407154711414346,1.0,0.8841889817499574,0.11581101825004264
YLR363W-A,0,0.2590179791272629,239,5184,679,0,0.1504424778761062,0.04407154711414346,1.0,0.8841889817499574,0.11581101825004264
YDR042C,0,0.25846293200787945,239,5184,679,0,0.1504424778761062,0.04407154711414346,1.0,0.8841889817499574,0.11581101825004264
YOR029W,0,0.25551045982319914,239,5184,679,0,0.1504424778761062,0.04407154711414346,1.0,0.8841889817499574,0.11581101825004264
YLR156W,0,0.25546144954023475,239,5184,679,0,0.1504424778761062,0.04407154711414346,1.0,0.8841889817499574,0.11581101825004264
YDR524W-A,0,0.2547525480289305,239,5184,679,0,0.1504424778761062,0.04407154711414346,1.0,0.8841889817499574,0.11581101825004264
YHR214C-D,0,0.2538513251001858,239,5184,679,0,0.1504424778761062,0.04407154711414346,1.0,0.8841889817499574,0.11581101825004264
YLR089C,0,0.2536009678151458,239,5184,679,0,0.1504424778761062,0.04407154711414346,1.0,0.8841889817499574,0.11581101825004264
YDL037C,0,0.2530915368988644,239,5184,679,0,0.1504424778761062,0.04407154711414346,1.0,0.8841889817499574,0.11581101825004264
YGL154C,0,0.25252940700738685,239,5184,679,0,0.1504424778761062,0.04407154711414346,1.0,0.8841889817499574,0.11581101825004264
YHL029C,0,0.2518299362418473,239,5184,679,0,0.1504424778761062,0.04407154711414346,1.0,0.8841889817499574,0.11581101825004264
YMR075C-A,0,0.2514674666535938,239,5184,679,0,0.1504424778761062,0.04407154711414346,1.0,0.8841889817499574,0.11581101825004264
YJL028W,0,0.25064142031549247,239,5184,679,0,0.1504424778761062,0.04407154711414346,1.0,0.8841889817499574,0.11581101825004264
YPR202W,0,0.24818833137396723,239,5184,679,0,0.1504424778761062,0.04407154711414346,1.0,0.8841889817499574,0.11581101825004264
YNL277W,0,0.24611831316803015,239,5184,679,0,0.1504424778761062,0.04407154711414346,1.0,0.8841889817499574,0.11581101825004264
YKL050C,0,0.24510683886240112,239,5184,679,0,0.1504424778761062,0.04407154711414346,1.0,0.8841889817499574,0.11581101825004264
YOR394C-A,0,0.24446082223767,239,5184,679,0,0.1504424778761062,0.04407154711414346,1.0,0.8841889817499574,0.11581101825004264
YGL007C-A,0,0.2442567063798914,239,5184,679,0,0.1504424778761062,0.04407154711414346,1.0,0.8841889817499574,0.11581101825004264
YGR273C,0,0.24318231555662337,239,5184,679,0,0.1504424778761062,0.04407154711414346,1.0,0.8841889817499574,0.11581101825004264
YFL012W,0,0.24293832882540284,239,5184,679,0,0.1504424778761062,0.04407154711414346,1.0,0.8841889817499574,0.11581101825004264
YDR242W,0,0.24276825637749505,239,5184,679,0,0.1504424778761062,0.04407154711414346,1.0,0.8841889817499574,0.11581101825004264
YJL088W,0,0.24194381235273743,239,5184,679,0,0.1504424778761062,0.04407154711414346,1.0,0.8841889817499574,0.11581101825004264
YIL092W,0,0.24127635381546492,239,5184,679,0,0.1504424778761062,0.04407154711414346,1.0,0.8841889817499574,0.11581101825004264
YBR221W-A,0,0.2393785846428553,239,5184,679,0,0.1504424778761062,0.04407154711414346,1.0,0.8841889817499574,0.11581101825004264
YCL011C-A,0,0.23931569950907766,239,5184,679,0,0.1504424778761062,0.04407154711414346,1.0,0.8841889817499574,0.11581101825004264
YDR321W,0,0.2381864907588351,239,5184,679,0,0.1504424778761062,0.04407154711414346,1.0,0.8841889817499574,0.11581101825004264
YLR125W,0,0.23756308553939218,239,5184,679,0,0.1504424778761062,0.04407154711414346,1.0,0.8841889817499574,0.11581101825004264
YIR001C,0,0.23690860580973083,239,5184,679,0,0.1504424778761062,0.04407154711414346,1.0,0.8841889817499574,0.11581101825004264
YDR124W,0,0.2368086202768608,239,5184,679,0,0.1504424778761062,0.04407154711414346,1.0,0.8841889817499574,0.11581101825004264
YLR036C,0,0.23539426884417478,239,5184,679,0,0.1504424778761062,0.04407154711414346,1.0,0.8841889817499574,0.11581101825004264
YGR146C-A,0,0.23528468423088714,239,5184,679,0,0.1504424778761062,0.04407154711414346,1.0,0.8841889817499574,0.11581101825004264
YCR085W,0,0.2313108519442721,239,5184,679,0,0.1504424778761062,0.04407154711414346,1.0,0.8841889817499574,0.11581101825004264
YIL163C,0,0.23092787011410107,239,5184,679,0,0.1504424778761062,0.04407154711414346,1.0,0.8841889817499574,0.11581101825004264
YMR030W-A,0,0.22846820438280702,239,5184,679,0,0.1504424778761062,0.04407154711414346,1.0,0.8841889817499574,0.11581101825004264
YOL160W,0,0.2269368534637332,239,5184,679,0,0.1504424778761062,0.04407154711414346,1.0,0.8841889817499574,0.11581101825004264
YLR082C,0,0.22599261214905222,239,5184,679,0,0.1504424778761062,0.04407154711414346,1.0,0.8841889817499574,0.11581101825004264
YPL038W-A,0,0.2242687008835643,239,5184,679,0,0.1504424778761062,0.04407154711414346,1.0,0.8841889817499574,0.11581101825004264
YPL071C,0,0.22385740423048614,239,5184,679,0,0.1504424778761062,0.04407154711414346,1.0,0.8841889817499574,0.11581101825004264
YFL015C,0,0.22337336279451844,239,5184,679,0,0.1504424778761062,0.04407154711414346,1.0,0.8841889817499574,0.11581101825004264
YLR285C-A,0,0.2229934788485923,239,5184,679,0,0.1504424778761062,0.04407154711414346,1.0,0.8841889817499574,0.11581101825004264
YJL206C-A,0,0.2204901909399161,239,5184,679,0,0.1504424778761062,0.04407154711414346,1.0,0.8841889817499574,0.11581101825004264
YLR159W,0,0.22004210623526874,239,5184,679,0,0.1504424778761062,0.04407154711414346,1.0,0.8841889817499574,0.11581101825004264
YMR082C,0,0.2197987584249858,239,5184,679,0,0.1504424778761062,0.04407154711414346,1.0,0.8841889817499574,0.11581101825004264
YCL009C,0,0.21803646047976594,239,5184,679,0,0.1504424778761062,0.04407154711414346,1.0,0.8841889817499574,0.11581101825004264
YNL067W-A,0,0.21640855910424395,239,5184,679,0,0.1504424778761062,0.04407154711414346,1.0,0.8841889817499574,0.11581101825004264
YOR252W,0,0.21514124929215783,239,5184,679,0,0.1504424778761062,0.04407154711414346,1.0,0.8841889817499574,0.11581101825004264
YLR236C,0,0.2142200353046064,239,5184,679,0,0.1504424778761062,0.04407154711414346,1.0,0.8841889817499574,0.11581101825004264
YOL029C,0,0.21416188009981996,239,5184,679,0,0.1504424778761062,0.04407154711414346,1.0,0.8841889817499574,0.11581101825004264
YGR268C,0,0.21371363878961347,239,5184,679,0,0.1504424778761062,0.04407154711414346,1.0,0.8841889817499574,0.11581101825004264
YER180C-A,0,0.21350710256956512,239,5184,679,0,0.1504424778761062,0.04407154711414346,1.0,0.8841889817499574,0.11581101825004264
YMR185W,0,0.21283523767951343,239,5184,679,0,0.1504424778761062,0.04407154711414346,1.0,0.8841889817499574,0.11581101825004264
YBR194W,0,0.2089398437582303,239,5184,679,0,0.1504424778761062,0.04407154711414346,1.0,0.8841889817499574,0.11581101825004264
YHR052C-B,0,0.20838727439343066,239,5184,679,0,0.1504424778761062,0.04407154711414346,1.0,0.8841889817499574,0.11581101825004264
YIL134C-A,0,0.20813389955017508,239,5184,679,0,0.1504424778761062,0.04407154711414346,1.0,0.8841889817499574,0.11581101825004264
YOL140W,0,0.2078210484728231,239,5184,679,0,0.1504424778761062,0.04407154711414346,1.0,0.8841889817499574,0.11581101825004264
YER137C,0,0.2077350834770186,239,5184,679,0,0.1504424778761062,0.04407154711414346,1.0,0.8841889817499574,0.11581101825004264
YIL175W,0,0.20608854500699353,239,5184,679,0,0.1504424778761062,0.04407154711414346,1.0,0.8841889817499574,0.11581101825004264
YOL166W-A,0,0.20608347912408104,239,5184,679,0,0.1504424778761062,0.04407154711414346,1.0,0.8841889817499574,0.11581101825004264
YML007C-A,0,0.2054343697361672,239,5184,679,0,0.1504424778761062,0.04407154711414346,1.0,0.8841889817499574,0.11581101825004264
YNL097C-B,0,0.2045575509348935,239,5184,679,0,0.1504424778761062,0.04407154711414346,1.0,0.8841889817499574,0.11581101825004264
YOL013W-A,0,0.20233557624700874,239,5184,679,0,0.1504424778761062,0.04407154711414346,1.0,0.8841889817499574,0.11581101825004264
YKL068W-A,0,0.20201761182397596,239,5184,679,0,0.1504424778761062,0.04407154711414346,1.0,0.8841889817499574,0.11581101825004264
YGR121W-A,0,0.20191734394757077,239,5184,679,0,0.1504424778761062,0.04407154711414346,1.0,0.8841889817499574,0.11581101825004264
YLR342W-A,0,0.20155381026972916,239,5184,679,0,0.1504424778761062,0.04407154711414346,1.0,0.8841889817499574,0.11581101825004264
YPL223C,0,0.19788195623795657,239,5184,679,0,0.1504424778761062,0.04407154711414346,1.0,0.8841889817499574,0.11581101825004264
YPR096C,0,0.19752944321771784,239,5184,679,0,0.1504424778761062,0.04407154711414346,1.0,0.8841889817499574,0.11581101825004264
YPL263C,0,0.1967817369868498,239,5184,679,0,0.1504424778761062,0.04407154711414346,1.0,0.8841889817499574,0.11581101825004264
YIL024C,0,0.19544796777699952,239,5184,679,0,0.1504424778761062,0.04407154711414346,1.0,0.8841889817499574,0.11581101825004264
YKR041W,0,0.19121857071968407,239,5184,679,0,0.1504424778761062,0.04407154711414346,1.0,0.8841889817499574,0.11581101825004264
YNL018C,0,0.19016727945663725,239,5184,679,0,0.1504424778761062,0.04407154711414346,1.0,0.8841889817499574,0.11581101825004264
YGL149W,0,0.1879693840259689,239,5184,679,0,0.1504424778761062,0.04407154711414346,1.0,0.8841889817499574,0.11581101825004264
YBL100W-C,0,0.1878332987689646,239,5184,679,0,0.1504424778761062,0.04407154711414346,1.0,0.8841889817499574,0.11581101825004264
YPL277C,0,0.18716577371680104,239,5184,679,0,0.1504424778761062,0.04407154711414346,1.0,0.8841889817499574,0.11581101825004264
YOR118W,0,0.18566444458156167,239,5184,679,0,0.1504424778761062,0.04407154711414346,1.0,0.8841889817499574,0.11581101825004264
YDR525W,0,0.18267877783728173,239,5184,679,0,0.1504424778761062,0.04407154711414346,1.0,0.8841889817499574,0.11581101825004264
YDL007C-A,0,0.18155177471908235,239,5184,679,0,0.1504424778761062,0.04407154711414346,1.0,0.8841889817499574,0.11581101825004264
YPL107W,0,0.17818487857266518,239,5184,679,0,0.1504424778761062,0.04407154711414346,1.0,0.8841889817499574,0.11581101825004264
YNL184C,0,0.1780833571242509,239,5184,679,0,0.1504424778761062,0.04407154711414346,1.0,0.8841889817499574,0.11581101825004264
YHR159W,0,0.1777417016872391,239,5184,679,0,0.1504424778761062,0.04407154711414346,1.0,0.8841889817499574,0.11581101825004264
YPR148C,0,0.17726088424278683,239,5184,679,0,0.1504424778761062,0.04407154711414346,1.0,0.8841889817499574,0.11581101825004264
YKR074W,0,0.17655573639785865,239,5184,679,0,0.1504424778761062,0.04407154711414346,1.0,0.8841889817499574,0.11581101825004264
YCR095W-A,0,0.17636597655165592,239,5184,679,0,0.1504424778761062,0.04407154711414346,1.0,0.8841889817499574,0.11581101825004264
YOR314W,0,0.17393559887825555,239,5184,679,0,0.1504424778761062,0.04407154711414346,1.0,0.8841889817499574,0.11581101825004264
YNL144C,0,0.1725149742979112,239,5184,679,0,0.1504424778761062,0.04407154711414346,1.0,0.8841889817499574,0.11581101825004264
YPL225W,0,0.17137216022718957,239,5184,679,0,0.1504424778761062,0.04407154711414346,1.0,0.8841889817499574,0.11581101825004264
YER093C-A,0,0.17116189810076315,239,5184,679,0,0.1504424778761062,0.04407154711414346,1.0,0.8841889817499574,0.11581101825004264
YER175W-A,0,0.16880168449279143,239,5184,679,0,0.1504424778761062,0.04407154711414346,1.0,0.8841889817499574,0.11581101825004264
YER135C,0,0.16859893868167392,239,5184,679,0,0.1504424778761062,0.04407154711414346,1.0,0.8841889817499574,0.11581101825004264
YDL090C,0,0.16828836228031818,239,5184,679,0,0.1504424778761062,0.04407154711414346,1.0,0.8841889817499574,0.11581101825004264
YDR524W-C,0,0.16700344386481444,239,5184,679,0,0.1504424778761062,0.04407154711414346,1.0,0.8841889817499574,0.11581101825004264
YLL066W-B,0,0.16452105147618568,239,5184,679,0,0.1504424778761062,0.04407154711414346,1.0,0.8841889817499574,0.11581101825004264
YLR296W,0,0.16249436395207784,239,5184,679,0,0.1504424778761062,0.04407154711414346,1.0,0.8841889817499574,0.11581101825004264
YBL113C,0,0.16208201011269271,239,5184,679,0,0.1504424778761062,0.04407154711414346,1.0,0.8841889817499574,0.11581101825004264
YLL060C,0,0.1591281417718164,239,5184,679,0,0.1504424778761062,0.04407154711414346,1.0,0.8841889817499574,0.11581101825004264
YLR154C-H,0,0.15789934321475835,239,5184,679,0,0.1504424778761062,0.04407154711414346,1.0,0.8841889817499574,0.11581101825004264
YBR292C,0,0.1576139583621625,239,5184,679,0,0.1504424778761062,0.04407154711414346,1.0,0.8841889817499574,0.11581101825004264
YLR157W-D,0,0.1562527897663698,239,5184,679,0,0.1504424778761062,0.04407154711414346,1.0,0.8841889817499574,0.11581101825004264
YHR054C-B,0,0.155416865760344,239,5184,679,0,0.1504424778761062,0.04407154711414346,1.0,0.8841889817499574,0.11581101825004264
YIL164C,0,0.15392548282716584,239,5184,679,0,0.1504424778761062,0.04407154711414346,1.0,0.8841889817499574,0.11581101825004264
YKL106C-A,0,0.1524078230966096,239,5184,679,0,0.1504424778761062,0.04407154711414346,1.0,0.8841889817499574,0.11581101825004264
YNR029C,0,0.1516058557499491,239,5184,679,0,0.1504424778761062,0.04407154711414346,1.0,0.8841889817499574,0.11581101825004264
YJL017W,0,0.15089647412214902,239,5184,679,0,0.1504424778761062,0.04407154711414346,1.0,0.8841889817499574,0.11581101825004264
YBR201C-A,0,0.1489846456788655,239,5184,679,0,0.1504424778761062,0.04407154711414346,1.0,0.8841889817499574,0.11581101825004264
YIR044C,0,0.1472068617766808,239,5184,679,0,0.1504424778761062,0.04407154711414346,1.0,0.8841889817499574,0.11581101825004264
YBL036C,0,0.14666160379238125,239,5184,679,0,0.1504424778761062,0.04407154711414346,1.0,0.8841889817499574,0.11581101825004264
YFL019C,0,0.14600676311114405,239,5184,679,0,0.1504424778761062,0.04407154711414346,1.0,0.8841889817499574,0.11581101825004264
YJR079W,0,0.14575009234249586,239,5184,679,0,0.1504424778761062,0.04407154711414346,1.0,0.8841889817499574,0.11581101825004264
YCL012C,0,0.14437068144263768,239,5184,679,0,0.1504424778761062,0.04407154711414346,1.0,0.8841889817499574,0.11581101825004264
YER187W,0,0.14099522098922518,239,5184,679,0,0.1504424778761062,0.04407154711414346,1.0,0.8841889817499574,0.11581101825004264
YKL097C,0,0.13757299422274136,239,5184,679,0,0.1504424778761062,0.04407154711414346,1.0,0.8841889817499574,0.11581101825004264
YEL028W,0,0.13659193505691292,239,5184,679,0,0.1504424778761062,0.04407154711414346,1.0,0.8841889817499574,0.11581101825004264
YNL067W-B,0,0.1348163305676734,239,5184,679,0,0.1504424778761062,0.04407154711414346,1.0,0.8841889817499574,0.11581101825004264
YML100W-A,0,0.13436752901446875,239,5184,679,0,0.1504424778761062,0.04407154711414346,1.0,0.8841889817499574,0.11581101825004264
YOR183W,0,0.13217136870150623,239,5184,679,0,0.1504424778761062,0.04407154711414346,1.0,0.8841889817499574,0.11581101825004264
YHR121W,0,0.12554914319680438,239,5184,679,0,0.1504424778761062,0.04407154711414346,1.0,0.8841889817499574,0.11581101825004264
YLR267W,0,0.12547989461745593,239,5184,679,0,0.1504424778761062,0.04407154711414346,1.0,0.8841889817499574,0.11581101825004264
YGR153W,0,0.12263782015578334,239,5184,679,0,0.1504424778761062,0.04407154711414346,1.0,0.8841889817499574,0.11581101825004264
YFR035C,0,0.1192103111552533,239,5184,679,0,0.1504424778761062,0.04407154711414346,1.0,0.8841889817499574,0.11581101825004264
YML020W,0,0.11885446486849097,239,5184,679,0,0.1504424778761062,0.04407154711414346,1.0,0.8841889817499574,0.11581101825004264
YGR240C-A,0,0.11746702213713427,239,5184,679,0,0.1504424778761062,0.04407154711414346,1.0,0.8841889817499574,0.11581101825004264
YGR232W,0,0.11623347042171868,239,5184,679,0,0.1504424778761062,0.04407154711414346,1.0,0.8841889817499574,0.11581101825004264
YJR062C,0,0.11608924964821196,239,5184,679,0,0.1504424778761062,0.04407154711414346,1.0,0.8841889817499574,0.11581101825004264
YPR074C,0,0.11587228680205887,239,5184,679,0,0.1504424778761062,0.04407154711414346,1.0,0.8841889817499574,0.11581101825004264
YBR011C,0,0.11530046828556799,239,5184,679,0,0.1504424778761062,0.04407154711414346,1.0,0.8841889817499574,0.11581101825004264
YML108W,0,0.11408510962945315,239,5184,679,0,0.1504424778761062,0.04407154711414346,1.0,0.8841889817499574,0.11581101825004264
YOL019W-A,0,0.11348788488282932,239,5184,679,0,0.1504424778761062,0.04407154711414346,1.0,0.8841889817499574,0.11581101825004264
YEL023C,0,0.11340409213187275,239,5184,679,0,0.1504424778761062,0.04407154711414346,1.0,0.8841889817499574,0.11581101825004264
YGL235W,0,0.11333332157664697,239,5184,679,0,0.1504424778761062,0.04407154711414346,1.0,0.8841889817499574,0.11581101825004264
YBR182C-A,0,0.11249487451436826,239,5184,679,0,0.1504424778761062,0.04407154711414346,1.0,0.8841889817499574,0.11581101825004264
YOL013W-B,0,0.11239935401476935,239,5184,679,0,0.1504424778761062,0.04407154711414346,1.0,0.8841889817499574,0.11581101825004264
YOR105W,0,0.11172878385283973,239,5184,679,0,0.1504424778761062,0.04407154711414346,1.0,0.8841889817499574,0.11581101825004264
YMR320W,0,0.11048801155008721,239,5184,679,0,0.1504424778761062,0.04407154711414346,1.0,0.8841889817499574,0.11581101825004264
YJR083C,0,0.10953637881902971,239,5184,679,0,0.1504424778761062,0.04407154711414346,1.0,0.8841889817499574,0.11581101825004264
YPR014C,0,0.10846989459741954,239,5184,679,0,0.1504424778761062,0.04407154711414346,1.0,0.8841889817499574,0.11581101825004264
YPL230W,-1,0.10745915253749469,239,5185,678,0,0.15027859718125205,0.04406342182890855,1.0,0.8843595428961283,0.11564045710387173
YAR068W,0,0.10442961336064366,239,5185,678,0,0.15027859718125205,0.04406342182890855,1.0,0.8843595428961283,0.11564045710387173
YNL104C,0,0.10402065746643527,239,5185,678,0,0.15027859718125205,0.04406342182890855,1.0,0.8843595428961283,0.11564045710387173
YIL086C,0,0.10237382941704708,239,5185,678,0,0.15027859718125205,0.04406342182890855,1.0,0.8843595428961283,0.11564045710387173
YBR072C-A,0,0.09885934084741158,239,5185,678,0,0.15027859718125205,0.04406342182890855,1.0,0.8843595428961283,0.11564045710387173
YNR075C-A,0,0.09880820820762881,239,5185,678,0,0.15027859718125205,0.04406342182890855,1.0,0.8843595428961283,0.11564045710387173
YHR131C,0,0.09831445943291327,239,5185,678,0,0.15027859718125205,0.04406342182890855,1.0,0.8843595428961283,0.11564045710387173
YEL017W,0,0.09696738824782511,239,5185,678,0,0.15027859718125205,0.04406342182890855,1.0,0.8843595428961283,0.11564045710387173
YGL041W-A,0,0.09453398431651289,239,5185,678,0,0.15027859718125205,0.04406342182890855,1.0,0.8843595428961283,0.11564045710387173
YOL038C-A,0,0.09414457331286025,239,5185,678,0,0.15027859718125205,0.04406342182890855,1.0,0.8843595428961283,0.11564045710387173
YBL044W,0,0.09353589428212247,239,5185,678,0,0.15027859718125205,0.04406342182890855,1.0,0.8843595428961283,0.11564045710387173
YHR201C,0,0.09317645101319262,239,5185,678,0,0.15027859718125205,0.04406342182890855,1.0,0.8843595428961283,0.11564045710387173
YMR187C,0,0.09310121742350923,239,5185,678,0,0.15027859718125205,0.04406342182890855,1.0,0.8843595428961283,0.11564045710387173
YLR346C,0,0.09223964766279111,239,5185,678,0,0.15027859718125205,0.04406342182890855,1.0,0.8843595428961283,0.11564045710387173
YKL121W,0,0.09145169587225149,239,5185,678,0,0.15027859718125205,0.04406342182890855,1.0,0.8843595428961283,0.11564045710387173
YER038W-A,0,0.08981497340699103,239,5185,678,0,0.15027859718125205,0.04406342182890855,1.0,0.8843595428961283,0.11564045710387173
YCR054C,0,0.0896797672934325,239,5185,678,0,0.15027859718125205,0.04406342182890855,1.0,0.8843595428961283,0.11564045710387173
YDR114C,0,0.08903731471436058,239,5185,678,0,0.15027859718125205,0.04406342182890855,1.0,0.8843595428961283,0.11564045710387173
YMR105W-A,0,0.08892194016516437,239,5185,678,0,0.15027859718125205,0.04406342182890855,1.0,0.8843595428961283,0.11564045710387173
YOR097C,0,0.08576836904956046,239,5185,678,0,0.15027859718125205,0.04406342182890855,1.0,0.8843595428961283,0.11564045710387173
YAL064W,0,0.08485388320514174,239,5185,678,0,0.15027859718125205,0.04406342182890855,1.0,0.8843595428961283,0.11564045710387173
YFR032C,0,0.08400595558435943,239,5185,678,0,0.15027859718125205,0.04406342182890855,1.0,0.8843595428961283,0.11564045710387173
YIL161W,0,0.08326135115203202,239,5185,678,0,0.15027859718125205,0.04406342182890855,1.0,0.8843595428961283,0.11564045710387173
YFR023W,0,0.08307477456413882,239,5185,678,0,0.15027859718125205,0.04406342182890855,1.0,0.8843595428961283,0.11564045710387173
YDR274C,0,0.08183827452648972,239,5185,678,0,0.15027859718125205,0.04406342182890855,1.0,0.8843595428961283,0.11564045710387173
YDL086W,0,0.0813691495499287,239,5185,678,0,0.15027859718125205,0.04406342182890855,1.0,0.8843595428961283,0.11564045710387173
YCR050C,0,0.08069752807205074,239,5185,678,0,0.15027859718125205,0.04406342182890855,1.0,0.8843595428961283,0.11564045710387173
YNL097C-A,0,0.08068488818073702,239,5185,678,0,0.15027859718125205,0.04406342182890855,1.0,0.8843595428961283,0.11564045710387173
YNR077C,0,0.07874062447925202,239,5185,678,0,0.15027859718125205,0.04406342182890855,1.0,0.8843595428961283,0.11564045710387173
YIL001W,0,0.0756843483529935,239,5185,678,0,0.15027859718125205,0.04406342182890855,1.0,0.8843595428961283,0.11564045710387173
YDR061W,0,0.07352484250441191,239,5185,678,0,0.15027859718125205,0.04406342182890855,1.0,0.8843595428961283,0.11564045710387173
YLR307C-A,0,0.07331338755949438,239,5185,678,0,0.15027859718125205,0.04406342182890855,1.0,0.8843595428961283,0.11564045710387173
YHR208W,0,0.07194826774502867,239,5185,678,0,0.15027859718125205,0.04406342182890855,1.0,0.8843595428961283,0.11564045710387173
YPR195C,0,0.07044210130698043,239,5185,678,0,0.15027859718125205,0.04406342182890855,1.0,0.8843595428961283,0.11564045710387173
YNR064C,0,0.06997960047865072,239,5185,678,0,0.15027859718125205,0.04406342182890855,1.0,0.8843595428961283,0.11564045710387173
YBR249C,0,0.0670237734557304,239,5185,678,0,0.15027859718125205,0.04406342182890855,1.0,0.8843595428961283,0.11564045710387173
YIR018C-A,0,0.06680407209205434,239,5185,678,0,0.15027859718125205,0.04406342182890855,1.0,0.8843595428961283,0.11564045710387173
YMR178W,0,0.0667560542794518,239,5185,678,0,0.15027859718125205,0.04406342182890855,1.0,0.8843595428961283,0.11564045710387173
YLR162W-A,0,0.06639719306213,239,5185,678,0,0.15027859718125205,0.04406342182890855,1.0,0.8843595428961283,0.11564045710387173
YBR255C-A,0,0.06612672337359976,239,5185,678,0,0.15027859718125205,0.04406342182890855,1.0,0.8843595428961283,0.11564045710387173
YCL049C,0,0.06411079030465307,239,5185,678,0,0.15027859718125205,0.04406342182890855,1.0,0.8843595428961283,0.11564045710387173
YHR130C,0,0.062155467585398506,239,5185,678,0,0.15027859718125205,0.04406342182890855,1.0,0.8843595428961283,0.11564045710387173
YOL097W-A,0,0.06158727529452787,239,5185,678,0,0.15027859718125205,0.04406342182890855,1.0,0.8843595428961283,0.11564045710387173
YER034W,0,0.06127714202739295,239,5185,678,0,0.15027859718125205,0.04406342182890855,1.0,0.8843595428961283,0.11564045710387173
YER080W,0,0.061174112288426744,239,5185,678,0,0.15027859718125205,0.04406342182890855,1.0,0.8843595428961283,0.11564045710387173
YMR222C,0,0.06013108073997216,239,5185,678,0,0.15027859718125205,0.04406342182890855,1.0,0.8843595428961283,0.11564045710387173
YJR115W,0,0.06011850980507899,239,5185,678,0,0.15027859718125205,0.04406342182890855,1.0,0.8843595428961283,0.11564045710387173
YPL201C,0,0.059919104311675055,239,5185,678,0,0.15027859718125205,0.04406342182890855,1.0,0.8843595428961283,0.11564045710387173
YGR111W,0,0.05864001593090504,239,5185,678,0,0.15027859718125205,0.04406342182890855,1.0,0.8843595428961283,0.11564045710387173
YCR019W,0,0.05610422302197533,239,5185,678,0,0.15027859718125205,0.04406342182890855,1.0,0.8843595428961283,0.11564045710387173
YOR286W,0,0.05527763057034457,239,5185,678,0,0.15027859718125205,0.04406342182890855,1.0,0.8843595428961283,0.11564045710387173
YGR079W,0,0.05370976917311051,239,5185,678,0,0.15027859718125205,0.04406342182890855,1.0,0.8843595428961283,0.11564045710387173
YOR293C-A,0,0.050188789526146096,239,5185,678,0,0.15027859718125205,0.04406342182890855,1.0,0.8843595428961283,0.11564045710387173
YLR351C,0,0.04987956597324451,239,5185,678,0,0.15027859718125205,0.04406342182890855,1.0,0.8843595428961283,0.11564045710387173
YLR111W,0,0.049759825501610004,239,5185,678,0,0.15027859718125205,0.04406342182890855,1.0,0.8843595428961283,0.11564045710387173
YGR174W-A,0,0.048098283146444404,239,5185,678,0,0.15027859718125205,0.04406342182890855,1.0,0.8843595428961283,0.11564045710387173
YNL237W,0,0.045852133014705,239,5185,678,0,0.15027859718125205,0.04406342182890855,1.0,0.8843595428961283,0.11564045710387173
YPR064W,0,0.04517876895783415,239,5185,678,0,0.15027859718125205,0.04406342182890855,1.0,0.8843595428961283,0.11564045710387173
YPL272C,0,0.04500338623074635,239,5185,678,0,0.15027859718125205,0.04406342182890855,1.0,0.8843595428961283,0.11564045710387173
YDR209C,0,0.04484469534042996,239,5185,678,0,0.15027859718125205,0.04406342182890855,1.0,0.8843595428961283,0.11564045710387173
YGR204C-A,0,0.043453525753648095,239,5185,678,0,0.15027859718125205,0.04406342182890855,1.0,0.8843595428961283,0.11564045710387173
YLL006W-A,0,0.04288024130243891,239,5185,678,0,0.15027859718125205,0.04406342182890855,1.0,0.8843595428961283,0.11564045710387173
YCR099C,0,0.04117241110179741,239,5185,678,0,0.15027859718125205,0.04406342182890855,1.0,0.8843595428961283,0.11564045710387173
YGL221C,0,0.04100195891921361,239,5185,678,0,0.15027859718125205,0.04406342182890855,1.0,0.8843595428961283,0.11564045710387173
YDL189W,0,0.04037938790861513,239,5185,678,0,0.15027859718125205,0.04406342182890855,1.0,0.8843595428961283,0.11564045710387173
YBR285W,0,0.039968033204786424,239,5185,678,0,0.15027859718125205,0.04406342182890855,1.0,0.8843595428961283,0.11564045710387173
YPR203W,0,0.038917330353797276,239,5185,678,0,0.15027859718125205,0.04406342182890855,1.0,0.8843595428961283,0.11564045710387173
YMR122C,0,0.03659923827456164,239,5185,678,0,0.15027859718125205,0.04406342182890855,1.0,0.8843595428961283,0.11564045710387173
YJL077W-B,0,0.03485389029560789,239,5185,678,0,0.15027859718125205,0.04406342182890855,1.0,0.8843595428961283,0.11564045710387173
YBR138C,0,0.03427731769625092,239,5185,678,0,0.15027859718125205,0.04406342182890855,1.0,0.8843595428961283,0.11564045710387173
YGR117C,0,0.03224209802283435,239,5185,678,0,0.15027859718125205,0.04406342182890855,1.0,0.8843595428961283,0.11564045710387173
YOR008C-A,0,0.03215450514107938,239,5185,678,0,0.15027859718125205,0.04406342182890855,1.0,0.8843595428961283,0.11564045710387173
YDR111C,0,0.02858349971498332,239,5185,678,0,0.15027859718125205,0.04406342182890855,1.0,0.8843595428961283,0.11564045710387173
YNL165W,0,0.028304680428548487,239,5185,678,0,0.15027859718125205,0.04406342182890855,1.0,0.8843595428961283,0.11564045710387173
YLR464W,0,0.02811533125350245,239,5185,678,0,0.15027859718125205,0.04406342182890855,1.0,0.8843595428961283,0.11564045710387173
YNL193W,0,0.02788497507572168,239,5185,678,0,0.15027859718125205,0.04406342182890855,1.0,0.8843595428961283,0.11564045710387173
YEL033W,0,0.027675511153150558,239,5185,678,0,0.15027859718125205,0.04406342182890855,1.0,0.8843595428961283,0.11564045710387173
YDR275W,0,0.027482351026264902,239,5185,678,0,0.15027859718125205,0.04406342182890855,1.0,0.8843595428961283,0.11564045710387173
YPR145C-A,0,0.02661228224161498,239,5185,678,0,0.15027859718125205,0.04406342182890855,1.0,0.8843595428961283,0.11564045710387173
YKL183C-A,0,0.02619318594224745,239,5185,678,0,0.15027859718125205,0.04406342182890855,1.0,0.8843595428961283,0.11564045710387173
YEL008W,0,0.025145849668943315,239,5185,678,0,0.15027859718125205,0.04406342182890855,1.0,0.8843595428961283,0.11564045710387173
YLR161W,0,0.022627017555350855,239,5185,678,0,0.15027859718125205,0.04406342182890855,1.0,0.8843595428961283,0.11564045710387173
YDR278C,0,0.0213157507641881,239,5185,678,0,0.15027859718125205,0.04406342182890855,1.0,0.8843595428961283,0.11564045710387173
YBR151W,0,0.020847056031925548,239,5185,678,0,0.15027859718125205,0.04406342182890855,1.0,0.8843595428961283,0.11564045710387173
YDL157C,0,0.019810109224636024,239,5185,678,0,0.15027859718125205,0.04406342182890855,1.0,0.8843595428961283,0.11564045710387173
YNL050C,0,0.01796248132200161,239,5185,678,0,0.15027859718125205,0.04406342182890855,1.0,0.8843595428961283,0.11564045710387173
YGL118C,0,0.016966354107353223,239,5185,678,0,0.15027859718125205,0.04406342182890855,1.0,0.8843595428961283,0.11564045710387173
YBR027C,0,0.01490121080743903,239,5185,678,0,0.15027859718125205,0.04406342182890855,1.0,0.8843595428961283,0.11564045710387173
YDR286C,0,0.012293680692891874,239,5185,678,0,0.15027859718125205,0.04406342182890855,1.0,0.8843595428961283,0.11564045710387173
YOR012W,0,0.011086660232422179,239,5185,678,0,0.15027859718125205,0.04406342182890855,1.0,0.8843595428961283,0.11564045710387173
YMR008C-A,0,0.010533853230299399,239,5185,678,0,0.15027859718125205,0.04406342182890855,1.0,0.8843595428961283,0.11564045710387173
YHR213W,0,0.009842731730316209,239,5185,678,0,0.15027859718125205,0.04406342182890855,1.0,0.8843595428961283,0.11564045710387173
YNL269W,0,0.009373902337298217,239,5185,678,0,0.15027859718125205,0.04406342182890855,1.0,0.8843595428961283,0.11564045710387173
YLR255C,0,0.009004583855585193,239,5185,678,0,0.15027859718125205,0.04406342182890855,1.0,0.8843595428961283,0.11564045710387173
YBL112C,0,0.006351011520763432,239,5185,678,0,0.15027859718125205,0.04406342182890855,1.0,0.8843595428961283,0.11564045710387173
YKL098W,0,0.005499485530890451,239,5185,678,0,0.15027859718125205,0.04406342182890855,1.0,0.8843595428961283,0.11564045710387173
YER085C,0,0.003695967350430032,239,5185,678,0,0.15027859718125205,0.04406342182890855,1.0,0.8843595428961283,0.11564045710387173
YJL147C,0,0.00298498232223205,239,5185,678,0,0.15027859718125205,0.04406342182890855,1.0,0.8843595428961283,0.11564045710387173
YIL002W-A,0,0.002757828292487802,239,5185,678,0,0.15027859718125205,0.04406342182890855,1.0,0.8843595428961283,0.11564045710387173
YLR049C,0,0.0025556390573111083,239,5185,678,0,0.15027859718125205,0.04406342182890855,1.0,0.8843595428961283,0.11564045710387173
YKL096C-B,0,0.002514126225962676,239,5185,678,0,0.15027859718125205,0.04406342182890855,1.0,0.8843595428961283,0.11564045710387173
YPL229W,0,0.0018385684389841013,239,5185,678,0,0.15027859718125205,0.04406342182890855,1.0,0.8843595428961283,0.11564045710387173
YFR057W,0,0.0018177145990634158,239,5185,678,0,0.15027859718125205,0.04406342182890855,1.0,0.8843595428961283,0.11564045710387173
YMR181C,0,0.0009158251586995613,239,5185,678,0,0.15027859718125205,0.04406342182890855,1.0,0.8843595428961283,0.11564045710387173
YER077C,0,0.0007070409999414376,239,5185,678,0,0.15027859718125205,0.04406342182890855,1.0,0.8843595428961283,0.11564045710387173
YLR302C,0,0.00022519162662603168,239,5185,678,0,0.15027859718125205,0.04406342182890855,1.0,0.8843595428961283,0.11564045710387173
YPL245W,0,8.154353935196923e-06,239,5185,678,0,0.15027859718125205,0.04406342182890855,1.0,0.8843595428961283,0.11564045710387173
YAL049C,0,0.0,239,5185,678,0,0.15027859718125205,0.04406342182890855,1.0,0.8843595428961283,0.11564045710387173
YKL018C-A,0,0.0,239,5185,678,0,0.15027859718125205,0.04406342182890855,1.0,0.8843595428961283,0.11564045710387173
YGR164W,0,0.0,239,5185,678,0,0.15027859718125205,0.04406342182890855,1.0,0.8843595428961283,0.11564045710387173
YCL068C,0,0.0,239,5185,678,0,0.15027859718125205,0.04406342182890855,1.0,0.8843595428961283,0.11564045710387173
YHR139C-A,0,0.0,239,5185,678,0,0.15027859718125205,0.04406342182890855,1.0,0.8843595428961283,0.11564045710387173
YKR015C,0,0.0,239,5185,678,0,0.15027859718125205,0.04406342182890855,1.0,0.8843595428961283,0.11564045710387173
YER152C,0,0.0,239,5185,678,0,0.15027859718125205,0.04406342182890855,1.0,0.8843595428961283,0.11564045710387173
YDR366C,0,0.0,239,5185,678,0,0.15027859718125205,0.04406342182890855,1.0,0.8843595428961283,0.11564045710387173
YBR047W,0,0.0,239,5185,678,0,0.15027859718125205,0.04406342182890855,1.0,0.8843595428961283,0.11564045710387173
YKR032W,0,0.0,239,5185,678,0,0.15027859718125205,0.04406342182890855,1.0,0.8843595428961283,0.11564045710387173
YGL036W,0,0.0,239,5185,678,0,0.15027859718125205,0.04406342182890855,1.0,0.8843595428961283,0.11564045710387173
YAL037C-A,0,0.0,239,5185,678,0,0.15027859718125205,0.04406342182890855,1.0,0.8843595428961283,0.11564045710387173
YDR068W,0,0.0,239,5185,678,0,0.15027859718125205,0.04406342182890855,1.0,0.8843595428961283,0.11564045710387173
YEL057C,0,0.0,239,5185,678,0,0.15027859718125205,0.04406342182890855,1.0,0.8843595428961283,0.11564045710387173
YIR020C,0,0.0,239,5185,678,0,0.15027859718125205,0.04406342182890855,1.0,0.8843595428961283,0.11564045710387173
YJR151W-A,0,0.0,239,5185,678,0,0.15027859718125205,0.04406342182890855,1.0,0.8843595428961283,0.11564045710387173
YIL055C,0,0.0,239,5185,678,0,0.15027859718125205,0.04406342182890855,1.0,0.8843595428961283,0.11564045710387173
YPR078C,0,0.0,239,5185,678,0,0.15027859718125205,0.04406342182890855,1.0,0.8843595428961283,0.11564045710387173
YAL063C-A,0,0.0,239,5185,678,0,0.15027859718125205,0.04406342182890855,1.0,0.8843595428961283,0.11564045710387173
YLR327C,0,0.0,239,5185,678,0,0.15027859718125205,0.04406342182890855,1.0,0.8843595428961283,0.11564045710387173
YBR259W,0,0.0,239,5185,678,0,0.15027859718125205,0.04406342182890855,1.0,0.8843595428961283,0.11564045710387173
YMR064W,0,0.0,239,5185,678,0,0.15027859718125205,0.04406342182890855,1.0,0.8843595428961283,0.11564045710387173
YFR054C,0,0.0,239,5185,678,0,0.15027859718125205,0.04406342182890855,1.0,0.8843595428961283,0.11564045710387173
YEL076C,0,0.0,239,5185,678,0,0.15027859718125205,0.04406342182890855,1.0,0.8843595428961283,0.11564045710387173
YNL140C,0,0.0,239,5185,678,0,0.15027859718125205,0.04406342182890855,1.0,0.8843595428961283,0.11564045710387173
YAR062W,0,0.0,239,5185,678,0,0.15027859718125205,0.04406342182890855,1.0,0.8843595428961283,0.11564045710387173
YDR029W,0,0.0,239,5185,678,0,0.15027859718125205,0.04406342182890855,1.0,0.8843595428961283,0.11564045710387173
YKR005C,0,0.0,239,5185,678,0,0.15027859718125205,0.04406342182890855,1.0,0.8843595428961283,0.11564045710387173
YJR011C,0,0.0,239,5185,678,0,0.15027859718125205,0.04406342182890855,1.0,0.8843595428961283,0.11564045710387173
YJL071W,0,0.0,239,5185,678,0,0.15027859718125205,0.04406342182890855,1.0,0.8843595428961283,0.11564045710387173
YJR142W,0,0.0,239,5185,678,0,0.15027859718125205,0.04406342182890855,1.0,0.8843595428961283,0.11564045710387173
YPR010C-A,0,0.0,239,5185,678,0,0.15027859718125205,0.04406342182890855,1.0,0.8843595428961283,0.11564045710387173
YOR376W-A,0,0.0,239,5185,678,0,0.15027859718125205,0.04406342182890855,1.0,0.8843595428961283,0.11564045710387173
YOL014W,0,0.0,239,5185,678,0,0.15027859718125205,0.04406342182890855,1.0,0.8843595428961283,0.11564045710387173
YHR050W-A,0,0.0,239,5185,678,0,0.15027859718125205,0.04406342182890855,1.0,0.8843595428961283,0.11564045710387173
YGL176C,0,0.0,239,5185,678,0,0.15027859718125205,0.04406342182890855,1.0,0.8843595428961283,0.11564045710387173
YLR003C,0,0.0,239,5185,678,0,0.15027859718125205,0.04406342182890855,1.0,0.8843595428961283,0.11564045710387173
YGR018C,0,0.0,239,5185,678,0,0.15027859718125205,0.04406342182890855,1.0,0.8843595428961283,0.11564045710387173
YPL108W,0,0.0,239,5185,678,0,0.15027859718125205,0.04406342182890855,1.0,0.8843595428961283,0.11564045710387173
YBR090C,0,0.0,239,5185,678,0,0.15027859718125205,0.04406342182890855,1.0,0.8843595428961283,0.11564045710387173
YDL009C,0,0.0,239,5185,678,0,0.15027859718125205,0.04406342182890855,1.0,0.8843595428961283,0.11564045710387173
YPR159C-A,0,0.0,239,5185,678,0,0.15027859718125205,0.04406342182890855,1.0,0.8843595428961283,0.11564045710387173
YFR017C,0,0.0,239,5185,678,0,0.15027859718125205,0.04406342182890855,1.0,0.8843595428961283,0.11564045710387173
YHR007C-A,0,0.0,239,5185,678,0,0.15027859718125205,0.04406342182890855,1.0,0.8843595428961283,0.11564045710387173
YDL218W,0,0.0,239,5185,678,0,0.15027859718125205,0.04406342182890855,1.0,0.8843595428961283,0.11564045710387173
YER189W,0,0.0,239,5185,678,0,0.15027859718125205,0.04406342182890855,1.0,0.8843595428961283,0.11564045710387173
YLR157W-C,0,0.0,239,5185,678,0,0.15027859718125205,0.04406342182890855,1.0,0.8843595428961283,0.11564045710387173
YGR050C,0,0.0,239,5185,678,0,0.15027859718125205,0.04406342182890855,1.0,0.8843595428961283,0.11564045710387173
YHL049C,0,0.0,239,5185,678,0,0.15027859718125205,0.04406342182890855,1.0,0.8843595428961283,0.11564045710387173
YOR072W,0,0.0,239,5185,678,0,0.15027859718125205,0.04406342182890855,1.0,0.8843595428961283,0.11564045710387173
YML053C,0,0.0,239,5185,678,0,0.15027859718125205,0.04406342182890855,1.0,0.8843595428961283,0.11564045710387173
YCR062W,0,0.0,239,5185,678,0,0.15027859718125205,0.04406342182890855,1.0,0.8843595428961283,0.11564045710387173
YJL077W-A,0,0.0,239,5185,678,0,0.15027859718125205,0.04406342182890855,1.0,0.8843595428961283,0.11564045710387173
YIL015C-A,0,0.0,239,5185,678,0,0.15027859718125205,0.04406342182890855,1.0,0.8843595428961283,0.11564045710387173
YMR242W-A,0,0.0,239,5185,678,0,0.15027859718125205,0.04406342182890855,1.0,0.8843595428961283,0.11564045710387173
YEL076C-A,0,0.0,239,5185,678,0,0.15027859718125205,0.04406342182890855,1.0,0.8843595428961283,0.11564045710387173
YDL115C,0,0.0,239,5185,678,0,0.15027859718125205,0.04406342182890855,1.0,0.8843595428961283,0.11564045710387173
YJR008W,0,0.0,239,5185,678,0,0.15027859718125205,0.04406342182890855,1.0,0.8843595428961283,0.11564045710387173
YBL081W,0,0.0,239,5185,678,0,0.15027859718125205,0.04406342182890855,1.0,0.8843595428961283,0.11564045710387173
YER078W-A,0,0.0,239,5185,678,0,0.15027859718125205,0.04406342182890855,1.0,0.8843595428961283,0.11564045710387173
YIL116W,0,0.0,239,5185,678,0,0.15027859718125205,0.04406342182890855,1.0,0.8843595428961283,0.11564045710387173
YER138W-A,0,0.0,239,5185,678,0,0.15027859718125205,0.04406342182890855,1.0,0.8843595428961283,0.11564045710387173
YMR206W,0,0.0,239,5185,678,0,0.15027859718125205,0.04406342182890855,1.0,0.8843595428961283,0.11564045710387173
YMR132C,0,0.0,239,5185,678,0,0.15027859718125205,0.04406342182890855,1.0,0.8843595428961283,0.11564045710387173
YHR180W,0,0.0,239,5185,678,0,0.15027859718125205,0.04406342182890855,1.0,0.8843595428961283,0.11564045710387173
YOR108W,0,0.0,239,5185,678,0,0.15027859718125205,0.04406342182890855,1.0,0.8843595428961283,0.11564045710387173
YCR108C,0,0.0,239,5185,678,0,0.15027859718125205,0.04406342182890855,1.0,0.8843595428961283,0.11564045710387173
YJR130C,0,0.0,239,5185,678,0,0.15027859718125205,0.04406342182890855,1.0,0.8843595428961283,0.11564045710387173
YLR157C-C,0,0.0,239,5185,678,0,0.15027859718125205,0.04406342182890855,1.0,0.8843595428961283,0.11564045710387173
YMR158C-A,0,0.0,239,5185,678,0,0.15027859718125205,0.04406342182890855,1.0,0.8843595428961283,0.11564045710387173
YDR391C,0,0.0,239,5185,678,0,0.15027859718125205,0.04406342182890855,1.0,0.8843595428961283,0.11564045710387173
YBR157C,0,0.0,239,5185,678,0,0.15027859718125205,0.04406342182890855,1.0,0.8843595428961283,0.11564045710387173
YML122C,0,0.0,239,5185,678,0,0.15027859718125205,0.04406342182890855,1.0,0.8843595428961283,0.11564045710387173
