Gene A,Gene B,Label,Score,Precision,Recall,False Positive Rate
YML080W,YEL054C,0,-3.9007878,0.0,0.0,0.002222222276031971
YPL217C,YJL191W,0,-4.4019156,0.0,0.0,0.004444444552063942
YLL034C,YOL121C,1,-4.4577036,0.3333333432674408,0.02222222276031971,0.004444444552063942
YPL160W,YBR172C,0,-4.8016853,0.25,0.02222222276031971,0.006666666828095913
YFL014W,YDR479C,0,-4.8459544,0.20000000298023224,0.02222222276031971,0.008888889104127884
YLL034C,YPR016C,1,-4.868663,0.3333333432674408,0.04444444552063942,0.008888889104127884
YOL121C,YAL059W,1,-4.9681587,0.4285714328289032,0.06666667014360428,0.008888889104127884
YPL146C,YPR016C,1,-5.121335,0.5,0.08888889104127884,0.008888889104127884
YIL115C,YGR218W,1,-5.210947,0.5555555820465088,0.1111111119389534,0.008888889104127884
YHR196W,YLR409C,0,-5.2188315,0.5,0.1111111119389534,0.011111111380159855
YOL121C,YPL146C,1,-5.2222514,0.5454545617103577,0.13333334028720856,0.011111111380159855
YLL034C,YPL146C,1,-5.238441,0.5833333134651184,0.15555556118488312,0.011111111380159855
YOL121C,YMR235C,1,-5.277029,0.6153846383094788,0.17777778208255768,0.011111111380159855
YDR449C,YFR005C,0,-5.2879534,0.5714285969734192,0.17777778208255768,0.013333333656191826
YOL121C,YPR016C,1,-5.3178654,0.6000000238418579,0.20000000298023224,0.013333333656191826
YPL146C,YMR235C,1,-5.348924,0.625,0.2222222238779068,0.013333333656191826
YHR175W,YCR028C-A,0,-5.359764,0.5882353186607361,0.2222222238779068,0.015555555932223797
YPL146C,YDR361C,1,-5.374954,0.6111111044883728,0.24444444477558136,0.015555555932223797
YGR191W,YML060W,0,-5.3795667,0.5789473652839661,0.24444444477558136,0.017777778208255768
YNL313C,YLR276C,0,-5.4285254,0.550000011920929,0.24444444477558136,0.019999999552965164
YPR016C,YAL059W,1,-5.446851,0.5714285969734192,0.2666666805744171,0.019999999552965164
YDR398W,YFR005C,0,-5.4502683,0.5454545617103577,0.2666666805744171,0.02222222276031971
YOL121C,YDR361C,1,-5.500586,0.5652173757553101,0.2888889014720917,0.02222222276031971
YKL081W,YDR404C,0,-5.5507317,0.5416666865348816,0.2888889014720917,0.024444444105029106
YPL146C,YAL059W,1,-5.5711994,0.5600000023841858,0.31111112236976624,0.024444444105029106
YOR116C,YBL035C,0,-5.6782446,0.5384615659713745,0.31111112236976624,0.02666666731238365
YLL034C,YGR218W,1,-5.699845,0.5555555820465088,0.3333333432674408,0.02666666731238365
YDL043C,YER062C,0,-5.7028823,0.5357142686843872,0.3333333432674408,0.028888888657093048
YLL034C,YMR235C,1,-5.7118235,0.5517241358757019,0.35555556416511536,0.028888888657093048
YDR324C,YOL090W,0,-5.7357855,0.5333333611488342,0.35555556416511536,0.031111111864447594
YNL182C,YKR079C,0,-5.8140364,0.5161290168762207,0.35555556416511536,0.03333333507180214
YDL003W,YBR100W,0,-5.9268627,0.5,0.35555556416511536,0.035555556416511536
YLL034C,YAL059W,1,-5.948221,0.5151515007019043,0.3777777850627899,0.035555556416511536
YMR046C,YOR034C,0,-5.9605274,0.5,0.3777777850627899,0.03777777776122093
YMR046C,YJL048C,0,-5.9638796,0.48571428656578064,0.3777777850627899,0.03999999910593033
YBL100W-B,YKL178C,0,-5.96811,0.4722222089767456,0.3777777850627899,0.042222220450639725
YJL048C,YNL007C,0,-5.977254,0.45945945382118225,0.3777777850627899,0.04444444552063942
YMR092C,YOR298C-A,0,-5.998665,0.44736841320991516,0.3777777850627899,0.046666666865348816
YDR065W,YJL014W,0,-6.0036016,0.43589743971824646,0.3777777850627899,0.04888888821005821
YJL191W,YDR331W,0,-6.0082684,0.42500001192092896,0.3777777850627899,0.05111110955476761
YMR235C,YPR016C,1,-6.0251913,0.4390243887901306,0.4000000059604645,0.05111110955476761
YOR148C,YNL186W,0,-6.0280504,0.4285714328289032,0.4000000059604645,0.0533333346247673
YGR161W-A,YDL052C,0,-6.0357866,0.41860464215278625,0.4000000059604645,0.0555555559694767
YAR010C,YDR263C,0,-6.0417953,0.40909090638160706,0.4000000059604645,0.057777777314186096
YDR120C,YML019W,0,-6.0534773,0.4000000059604645,0.4000000059604645,0.05999999865889549
YCR091W,YDL223C,0,-6.057402,0.3913043439388275,0.4000000059604645,0.06222222372889519
YPR016C,YDR361C,1,-6.0707073,0.40425533056259155,0.42222222685813904,0.06222222372889519
YOR256C,YCL060C,0,-6.09436,0.3958333432674408,0.42222222685813904,0.06444444507360458
YDL017W,YHR138C,0,-6.1032977,0.3877550959587097,0.42222222685813904,0.06666667014360428
YDR034C-D,YHR082C,0,-6.123357,0.3799999952316284,0.42222222685813904,0.06888888776302338
YGL233W,YBR257W,0,-6.1305513,0.37254902720451355,0.42222222685813904,0.07111111283302307
YDR261W-B,YPL140C,0,-6.13327,0.36538460850715637,0.42222222685813904,0.07333333045244217
YJL183W,YCR093W,0,-6.133343,0.35849055647850037,0.42222222685813904,0.07555555552244186
YLR060W,YLR227W-A,0,-6.1490154,0.35185185074806213,0.42222222685813904,0.07777778059244156
YHR020W,YIR033W,0,-6.1700344,0.34545454382896423,0.42222222685813904,0.07999999821186066
YPR042C,YIL048W,0,-6.1728964,0.3392857015132904,0.42222222685813904,0.08222222328186035
YDR393W,YNL054W-A,0,-6.1781473,0.3333333432674408,0.42222222685813904,0.08444444090127945
YDR210W-B,YDR258C,0,-6.1898003,0.32758620381355286,0.42222222685813904,0.08666666597127914
YMR046C,YNL209W,0,-6.200179,0.32203391194343567,0.42222222685813904,0.08888889104127884
YOR067C,YCR028C-A,0,-6.2013044,0.3166666626930237,0.42222222685813904,0.09111110866069794
YLR067C,YER006W,0,-6.20434,0.31147539615631104,0.42222222685813904,0.09333333373069763
YJL183W,YDR365W-A,0,-6.216383,0.30645161867141724,0.42222222685813904,0.09555555880069733
YMR030W,YNL007C,0,-6.2224903,0.30158731341362,0.42222222685813904,0.09777777642011642
YIL075C,YPL257W-B,0,-6.226516,0.296875,0.42222222685813904,0.10000000149011612
YLR141W,YDR365W-A,0,-6.234264,0.29230770468711853,0.42222222685813904,0.10222221910953522
YOL103W-B,YER155C,0,-6.238228,0.28787878155708313,0.42222222685813904,0.10444444417953491
YHR020W,YJL021C,0,-6.238228,0.28358209133148193,0.42222222685813904,0.1066666692495346
YPL020C,YOR088W,0,-6.2400603,0.27941176295280457,0.42222222685813904,0.1088888868689537
YGL089C,YLR410W-A,0,-6.2469807,0.2753623127937317,0.42222222685813904,0.1111111119389534
YHL009W-B,YLR032W,0,-6.271695,0.27142858505249023,0.42222222685813904,0.1133333370089531
YLR227W-A,YBR079C,0,-6.2720814,0.26760563254356384,0.42222222685813904,0.11555555462837219
YMR039C,YJL113W,0,-6.2784595,0.2638888955116272,0.42222222685813904,0.11777777969837189
YDR034C-C,YDL150W,0,-6.287032,0.2602739632129669,0.42222222685813904,0.11999999731779099
YCL060C,YPL211W,0,-6.2955685,0.2567567527294159,0.42222222685813904,0.12222222238779068
YER062C,YDL212W,0,-6.303588,0.25333333015441895,0.42222222685813904,0.12444444745779037
YJL033W,YFL002W-B,0,-6.3209715,0.25,0.42222222685813904,0.12666666507720947
YOL121C,YIL115C,1,-6.3265595,0.25974026322364807,0.4444444477558136,0.12666666507720947
YDR270W,YOL016C,0,-6.3266087,0.25641027092933655,0.4444444477558136,0.12888889014720917
YMR268C,YLR312C-B,0,-6.3360977,0.2531645596027374,0.4444444477558136,0.13111111521720886
YAL059W,YGR218W,1,-6.3390675,0.26249998807907104,0.46666666865348816,0.13111111521720886
YIL154C,YIL049W,0,-6.3425517,0.25925925374031067,0.46666666865348816,0.13333334028720856
YDR280W,YCL060C,0,-6.356038,0.25609755516052246,0.46666666865348816,0.13555555045604706
YJR143C,YDR316W-A,0,-6.378282,0.2530120611190796,0.46666666865348816,0.13777777552604675
YHR114W,YDR261W-A,0,-6.40026,0.25,0.46666666865348816,0.14000000059604645
YJR029W,YPL112C,0,-6.4026537,0.24705882370471954,0.46666666865348816,0.14222222566604614
YDR503C,YDR034C-C,0,-6.40574,0.24418604373931885,0.46666666865348816,0.14444445073604584
YDR365W-B,YLR192C,0,-6.406478,0.24137930572032928,0.46666666865348816,0.14666666090488434
YHL022C,YIL082W-A,0,-6.4075847,0.23863635957241058,0.46666666865348816,0.14888888597488403
YDR261W-A,YPL075W,0,-6.40964,0.23595505952835083,0.46666666865348816,0.15111111104488373
YEL024W,YBR080C,0,-6.413497,0.23333333432674408,0.46666666865348816,0.15333333611488342
YMR162C,YJL021C,0,-6.415226,0.23076923191547394,0.46666666865348816,0.15555556118488312
YGL122C,YMR051C,0,-6.41952,0.22826087474822998,0.46666666865348816,0.15777777135372162
YGR059W,YBR111W-A,0,-6.422206,0.22580644488334656,0.46666666865348816,0.1599999964237213
YPL153C,YOR004W,0,-6.422678,0.22340425848960876,0.46666666865348816,0.162222221493721
YNL173C,YMR045C,0,-6.424526,0.2210526317358017,0.46666666865348816,0.1644444465637207
YDR034C-D,YKR025W,0,-6.4343023,0.21875,0.46666666865348816,0.1666666716337204
YBL100W-B,YHR107C,0,-6.4484687,0.2164948433637619,0.46666666865348816,0.1688888818025589
YLR032W,YDR398W,0,-6.451429,0.2142857164144516,0.46666666865348816,0.1711111068725586
YJL048C,YDR261W-A,0,-6.453697,0.21212121844291687,0.46666666865348816,0.1733333319425583
YLR312C-B,YDL150W,0,-6.4564033,0.20999999344348907,0.46666666865348816,0.17555555701255798
YPL174C,YDR261W-A,0,-6.4776316,0.20792078971862793,0.46666666865348816,0.17777778208255768
YJL111W,YBR257W,0,-6.480064,0.20588235557079315,0.46666666865348816,0.18000000715255737
YML019W,YLR130C,0,-6.4922075,0.20388349890708923,0.46666666865348816,0.18222221732139587
YGL111W,YLR141W,0,-6.496787,0.20192307233810425,0.46666666865348816,0.18444444239139557
YLR320W,YGR128C,0,-6.5116835,0.20000000298023224,0.46666666865348816,0.18666666746139526
YCR091W,YPL084W,0,-6.51923,0.19811320304870605,0.46666666865348816,0.18888889253139496
YCL060C,YKL004W,0,-6.526963,0.1962616890668869,0.46666666865348816,0.19111111760139465
YHR150W,YOR100C,0,-6.532059,0.1944444477558136,0.46666666865348816,0.19333332777023315
YAL054C,YLR438C-A,0,-6.54513,0.19266055524349213,0.46666666865348816,0.19555555284023285
YMR235C,YAL059W,1,-6.552887,0.20000000298023224,0.4888888895511627,0.19555555284023285
YIL115C,YJL041W,1,-6.5591574,0.20720720291137695,0.5111111402511597,0.19555555284023285
YBR009C,YPR186C,0,-6.5791054,0.2053571492433548,0.5111111402511597,0.19777777791023254
YDL007W,YDR479C,0,-6.633697,0.20353981852531433,0.5111111402511597,0.20000000298023224
YLL034C,YDR361C,1,-6.6382017,0.21052631735801697,0.5333333611488342,0.20000000298023224
YHR138C,YCR002C,0,-6.6637897,0.208695650100708,0.5333333611488342,0.20222222805023193
YDR432W,YGL044C,0,-6.6812515,0.2068965584039688,0.5333333611488342,0.20444443821907043
YMR235C,YDR361C,1,-6.6936283,0.21367521584033966,0.5555555820465088,0.20444443821907043
YOL121C,YJL041W,1,-6.7034836,0.22033898532390594,0.5777778029441833,0.20444443821907043
YGR239C,YHR107C,0,-6.7139645,0.21848739683628082,0.5777778029441833,0.20666666328907013
YDR146C,YBR020W,0,-6.7146873,0.21666666865348816,0.5777778029441833,0.20888888835906982
YOR156C,YJL191W,0,-6.717369,0.21487602591514587,0.5777778029441833,0.21111111342906952
YDR018C,YFR040W,0,-6.7199554,0.21311475336551666,0.5777778029441833,0.2133333384990692
YGL111W,YNL088W,0,-6.72497,0.21138212084770203,0.5777778029441833,0.21555554866790771
YGR129W,YDR039C,0,-6.734088,0.20967741310596466,0.5777778029441833,0.2177777737379074
YGR123C,YER155C,0,-6.7389326,0.20800000429153442,0.5777778029441833,0.2199999988079071
YDR361C,YAL059W,1,-6.746869,0.2142857164144516,0.6000000238418579,0.2199999988079071
YBL100W-B,YPL091W,0,-6.7474146,0.21259842813014984,0.6000000238418579,0.2222222238779068
YPR201W,YER123W,0,-6.806871,0.2109375,0.6000000238418579,0.2244444489479065
YKL200C,YGR262C,0,-6.8139057,0.20930232107639313,0.6000000238418579,0.2266666740179062
YOL158C,YDR235W,0,-6.8150234,0.20769231021404266,0.6000000238418579,0.2288888841867447
YNL326C,YER006W,0,-6.82236,0.20610687136650085,0.6000000238418579,0.23111110925674438
YPL146C,YGR218W,1,-6.829746,0.21212121844291687,0.6222222447395325,0.23111110925674438
YGR089W,YPL112C,0,-6.8310976,0.21052631735801697,0.6222222447395325,0.23333333432674408
YML036W,YOL023W,0,-6.8483143,0.20895522832870483,0.6222222447395325,0.23555555939674377
YHL007C,YLR067C,0,-6.8583446,0.2074074000120163,0.6222222447395325,0.23777778446674347
YJL012C,YKL004W,0,-6.885666,0.20588235557079315,0.6222222447395325,0.23999999463558197
YDL223C,YMR302C,0,-6.8984747,0.20437955856323242,0.6222222447395325,0.24222221970558167
YLL034C,YIL115C,1,-6.9036713,0.21014492213726044,0.644444465637207,0.24222221970558167
YDR384C,YKR050W,0,-6.923607,0.20863309502601624,0.644444465637207,0.24444444477558136
YHR152W,YJL113W,0,-6.926326,0.20714285969734192,0.644444465637207,0.24666666984558105
YLR103C,YBR160W,0,-6.9296026,0.20567375421524048,0.644444465637207,0.24888889491558075
YDR120C,YOR119C,0,-6.9343424,0.2042253464460373,0.644444465637207,0.25111111998558044
YMR250W,YMR117C,0,-6.95024,0.20279720425605774,0.644444465637207,0.25333333015441895
YDR463W,YDL197C,0,-6.9666176,0.2013888955116272,0.644444465637207,0.25555557012557983
YOR079C,YGR020C,0,-6.974829,0.20000000298023224,0.644444465637207,0.25777778029441833
YHL022C,YDR216W,0,-6.985588,0.19863013923168182,0.644444465637207,0.25999999046325684
YDR393W,YGL173C,0,-7.0054393,0.1972789168357849,0.644444465637207,0.2622222304344177
YGR159C,YCR089W,0,-7.024375,0.19594594836235046,0.644444465637207,0.2644444406032562
YER068W,YJR053W,0,-7.028215,0.19463087618350983,0.644444465637207,0.2666666805744171
YDR432W,YFR009W,0,-7.033724,0.19333332777023315,0.644444465637207,0.2688888907432556
YBR066C,YJR082C,0,-7.040314,0.19205297529697418,0.644444465637207,0.2711111009120941
YIL115C,YPL146C,1,-7.085679,0.19736842811107635,0.6666666865348816,0.2711111009120941
YNL182C,YPL151C,0,-7.0956182,0.19607843458652496,0.6666666865348816,0.273333340883255
YGR185C,YLR055C,0,-7.0988135,0.19480518996715546,0.6666666865348816,0.2755555510520935
YKR061W,YLR376C,0,-7.101701,0.19354838132858276,0.6666666865348816,0.2777777910232544
YPL244C,YDR404C,0,-7.1078467,0.19230769574642181,0.6666666865348816,0.2800000011920929
YPR016C,YGR218W,1,-7.1116643,0.19745223224163055,0.6888889074325562,0.2800000011920929
YMR068W,YPL194W,0,-7.1270027,0.19620253145694733,0.6888889074325562,0.2822222113609314
YMR241W,YLR319C,0,-7.1297092,0.1949685513973236,0.6888889074325562,0.2844444513320923
YDR194C,YOR270C,0,-7.144162,0.19374999403953552,0.6888889074325562,0.2866666615009308
YJR068W,YDR302W,0,-7.156267,0.19254659116268158,0.6888889074325562,0.2888889014720917
YJL041W,YGR218W,1,-7.1575775,0.1975308656692505,0.7111111283302307,0.2888889014720917
YDL143W,YOR209C,0,-7.159395,0.19631901383399963,0.7111111283302307,0.2911111116409302
YDR361C,YGR218W,1,-7.16192,0.20121951401233673,0.7333333492279053,0.2911111116409302
YBL093C,YKL007W,0,-7.1680613,0.20000000298023224,0.7333333492279053,0.2933333218097687
YNL267W,YNR054C,0,-7.169392,0.19879518449306488,0.7333333492279053,0.29555556178092957
YMR015C,YJL111W,0,-7.175967,0.19760479032993317,0.7333333492279053,0.29777777194976807
YNL091W,YLR320W,0,-7.178859,0.1964285671710968,0.7333333492279053,0.30000001192092896
YDR121W,YOR119C,0,-7.1821313,0.19526627659797668,0.7333333492279053,0.30222222208976746
YNL307C,YJL074C,0,-7.1892147,0.19411765038967133,0.7333333492279053,0.30444443225860596
YDR075W,YHR107C,0,-7.2257667,0.19298245012760162,0.7333333492279053,0.30666667222976685
YIL115C,YDR361C,1,-7.244033,0.19767442345619202,0.7555555701255798,0.30666667222976685
YGR257C,YGR103W,0,-7.2525005,0.19653178751468658,0.7555555701255798,0.30888888239860535
YNL048W,YGR056W,0,-7.255863,0.19540229439735413,0.7555555701255798,0.31111112236976624
YKL178C,YPL231W,0,-7.2680554,0.19428572058677673,0.7555555701255798,0.31333333253860474
YJL041W,YAL059W,1,-7.2717447,0.19886364042758942,0.7777777910232544,0.31333333253860474
YPR021C,YLR115W,0,-7.2766137,0.1977401077747345,0.7777777910232544,0.31555554270744324
YKL085W,YDR129C,0,-7.279587,0.19662921130657196,0.7777777910232544,0.3177777826786041
YLL034C,YJL041W,1,-7.283875,0.20111732184886932,0.800000011920929,0.3177777826786041
YPR016C,YJL041W,1,-7.2867365,0.20555555820465088,0.8222222328186035,0.3177777826786041
YJL157C,YDR065W,0,-7.287839,0.20441989600658417,0.8222222328186035,0.3199999928474426
YGL194C,YGR003W,0,-7.2928696,0.2032967060804367,0.8222222328186035,0.3222222328186035
YNL221C,YKL004W,0,-7.3119116,0.20218579471111298,0.8222222328186035,0.324444442987442
YKR035W-A,YNL298W,0,-7.3125515,0.20108695328235626,0.8222222328186035,0.3266666531562805
YCL025C,YDR231C,0,-7.3314247,0.20000000298023224,0.8222222328186035,0.3288888931274414
YDL188C,YER123W,0,-7.3331237,0.1989247351884842,0.8222222328186035,0.3311111032962799
YGL122C,YHR152W,0,-7.333315,0.1978609561920166,0.8222222328186035,0.3333333432674408
YDR318W,YJR053W,0,-7.357811,0.19680851697921753,0.8222222328186035,0.3355555534362793
YNL121C,YOR295W,0,-7.362325,0.19576719403266907,0.8222222328186035,0.3377777636051178
YEL027W,YKL085W,0,-7.372846,0.19473683834075928,0.8222222328186035,0.3400000035762787
YLR382C,YIL017C,0,-7.3764124,0.19371727108955383,0.8222222328186035,0.3422222137451172
YGR056W,YMR091C,0,-7.37884,0.1927083283662796,0.8222222328186035,0.3444444537162781
YOR156C,YDR164C,0,-7.391329,0.19170984625816345,0.8222222328186035,0.3466666638851166
YOL097C,YGR129W,0,-7.399636,0.19072164595127106,0.8222222328186035,0.3488888740539551
YNR052C,YKR079C,0,-7.4019594,0.18974359333515167,0.8222222328186035,0.35111111402511597
YOL121C,YGR218W,1,-7.410387,0.19387754797935486,0.8444444537162781,0.35111111402511597
YDL164C,YOR119C,0,-7.4218683,0.1928934007883072,0.8444444537162781,0.35333332419395447
YPR075C,YBR160W,0,-7.424506,0.19191919267177582,0.8444444537162781,0.35555556416511536
YDR106W,YBR080C,0,-7.446277,0.1909547746181488,0.8444444537162781,0.35777777433395386
YJL157C,YML008C,0,-7.449854,0.1899999976158142,0.8444444537162781,0.36000001430511475
YIL115C,YAL059W,1,-7.452491,0.19402985274791718,0.8666666746139526,0.36000001430511475
YJR049C,YOR132W,0,-7.4591517,0.19306930899620056,0.8666666746139526,0.36222222447395325
YHR148W,YOR127W,0,-7.462887,0.19211822748184204,0.8666666746139526,0.36444443464279175
YER042W,YAL054C,0,-7.4914155,0.19117647409439087,0.8666666746139526,0.36666667461395264
YKL125W,YFL011W,0,-7.5044127,0.1902438998222351,0.8666666746139526,0.36888888478279114
YIL115C,YPR016C,1,-7.506619,0.19417475163936615,0.8888888955116272,0.36888888478279114
YDR527W,YOL090W,0,-7.5153265,0.19323670864105225,0.8888888955116272,0.371111124753952
YDR394W,YDR147W,0,-7.5331597,0.19230769574642181,0.8888888955116272,0.3733333349227905
YMR298W,YLR276C,0,-7.569725,0.19138756394386292,0.8888888955116272,0.37555554509162903
YLR276C,YPL137C,0,-7.570469,0.190476194024086,0.8888888955116272,0.3777777850627899
YHR175W,YLR135W,0,-7.5881386,0.1895734667778015,0.8888888955116272,0.3799999952316284
YOR122C,YBR118W,0,-7.595307,0.18867924809455872,0.8888888955116272,0.3822222352027893
YPL146C,YJL041W,1,-7.6047163,0.19248826801776886,0.9111111164093018,0.3822222352027893
YJL207C,YEL024W,0,-7.6194024,0.19158878922462463,0.9111111164093018,0.3844444453716278
YNL326C,YEL024W,0,-7.6314287,0.19069766998291016,0.9111111164093018,0.3866666555404663
YBL103C,YGR128C,0,-7.6335664,0.18981482088565826,0.9111111164093018,0.3888888955116272
YLR370C,YNL307C,0,-7.634266,0.18894009292125702,0.9111111164093018,0.3911111056804657
YOR148C,YGL111W,0,-7.635449,0.18807339668273926,0.9111111164093018,0.3933333456516266
YIL139C,YOR204W,0,-7.6357203,0.18721461296081543,0.9111111164093018,0.3955555558204651
YKL049C,YOL021C,0,-7.6418033,0.18636363744735718,0.9111111164093018,0.3977777659893036
YPR075C,YOR122C,0,-7.6574802,0.18552036583423615,0.9111111164093018,0.4000000059604645
YDR324C,YNL103W,0,-7.667114,0.18468467891216278,0.9111111164093018,0.402222216129303
YHR114W,YPL084W,0,-7.6705046,0.18385650217533112,0.9111111164093018,0.40444445610046387
YDR258C,YOR377W,0,-7.6720977,0.1830357164144516,0.9111111164093018,0.40666666626930237
YJR090C,YDR512C,0,-7.677744,0.18222221732139587,0.9111111164093018,0.40888887643814087
YOR026W,YPR113W,0,-7.6914654,0.18141593039035797,0.9111111164093018,0.41111111640930176
YBL020W,YBR095C,0,-7.698366,0.18061673641204834,0.9111111164093018,0.41333332657814026
YPR056W,YEL032W,0,-7.7134132,0.179824560880661,0.9111111164093018,0.41555556654930115
YDR088C,YNL111C,0,-7.714502,0.17903929948806763,0.9111111164093018,0.41777777671813965
YJL128C,YFR005C,0,-7.718135,0.17826086282730103,0.9111111164093018,0.41999998688697815
YHR020W,YDL147W,0,-7.723282,0.17748917639255524,0.9111111164093018,0.42222222685813904
YER008C,YGR225W,0,-7.73676,0.1767241358757019,0.9111111164093018,0.42444443702697754
YCR081W,YNL221C,0,-7.7424498,0.17596566677093506,0.9111111164093018,0.4266666769981384
YCR091W,YPR008W,0,-7.7429404,0.17521367967128754,0.9111111164093018,0.42888888716697693
YGL175C,YML021C,0,-7.7438726,0.17446808516979218,0.9111111164093018,0.43111109733581543
YOL051W,YER126C,0,-7.763108,0.173728808760643,0.9111111164093018,0.4333333373069763
YOR058C,YER006W,0,-7.785155,0.17299577593803406,0.9111111164093018,0.4355555474758148
YPR049C,YDR235W,0,-7.7934427,0.17226891219615936,0.9111111164093018,0.4377777874469757
YNL267W,YDL043C,0,-7.7995696,0.17154811322689056,0.9111111164093018,0.4399999976158142
YLR216C,YCR091W,0,-7.8125057,0.17083333432674408,0.9111111164093018,0.4422222077846527
YDR342C,YIL154C,0,-7.8133655,0.17012448608875275,0.9111111164093018,0.4444444477558136
YML102W,YGR007W,0,-7.8151045,0.1694214940071106,0.9111111164093018,0.4466666579246521
YPL069C,YDL135C,0,-7.853859,0.16872428357601166,0.9111111164093018,0.448888897895813
YHR152W,YNL281W,0,-7.866132,0.16803278028964996,0.9111111164093018,0.4511111080646515
YMR092C,YPL192C,0,-7.8744497,0.16734693944454193,0.9111111164093018,0.4533333480358124
YDL017W,YGL111W,0,-7.8810344,0.1666666716337204,0.9111111164093018,0.4555555582046509
YOL158C,YFR028C,0,-7.9031696,0.1659919023513794,0.9111111164093018,0.4577777683734894
YGR170W,YDL003W,0,-7.9070244,0.16532258689403534,0.9111111164093018,0.46000000834465027
YPL020C,YNL173C,0,-7.9169707,0.16465863585472107,0.9111111164093018,0.46222221851348877
YBL093C,YBR065C,0,-7.917191,0.164000004529953,0.9111111164093018,0.46444445848464966
YIR002C,YPR005C,0,-7.927977,0.16334661841392517,0.9111111164093018,0.46666666865348816
YBR020W,YGR112W,0,-7.9345503,0.1626984179019928,0.9111111164093018,0.46888887882232666
YMR235C,YGR218W,1,-7.936632,0.1660079061985016,0.9333333373069763,0.46888887882232666
YIL034C,YOR239W,0,-7.9479227,0.16535432636737823,0.9333333373069763,0.47111111879348755
YKL140W,YMR059W,0,-7.9542665,0.16470588743686676,0.9333333373069763,0.47333332896232605
YPR075C,YOR330C,0,-7.9569044,0.1640625,0.9333333373069763,0.47555556893348694
YIL106W,YJR007W,0,-7.9577804,0.16342411935329437,0.9333333373069763,0.47777777910232544
YNR054C,YDR235W,0,-7.9605703,0.1627907007932663,0.9333333373069763,0.47999998927116394
YKL117W,YKR050W,0,-7.9757175,0.1621621549129486,0.9333333373069763,0.48222222924232483
YCR091W,YDR164C,0,-7.9814796,0.16153846681118011,0.9333333373069763,0.48444443941116333
YPR135W,YNL135C,0,-7.9839563,0.16091954708099365,0.9333333373069763,0.4866666793823242
YER169W,YBL007C,0,-7.9868155,0.16030533611774445,0.9333333373069763,0.4888888895511627
YFR040W,YER123W,0,-8.0044985,0.1596958190202713,0.9333333373069763,0.4911110997200012
YDR456W,YDL007W,0,-8.016693,0.15909090638160706,0.9333333373069763,0.4933333396911621
YBR112C,YOR304W,0,-8.020148,0.15849056839942932,0.9333333373069763,0.4955555498600006
YGR040W,YBR169C,0,-8.031602,0.15789473056793213,0.9333333373069763,0.4977777898311615
YML098W,YNL299W,0,-8.032379,0.15730337798595428,0.9333333373069763,0.5
YKL053C-A,YOR330C,0,-8.037362,0.15671642124652863,0.9333333373069763,0.5022222399711609
YMR268C,YGR188C,0,-8.045511,0.15613383054733276,0.9333333373069763,0.504444420337677
YPL020C,YGR225W,0,-8.04958,0.15555556118488312,0.9333333373069763,0.5066666603088379
YML110C,YHR082C,0,-8.070267,0.1549815535545349,0.9333333373069763,0.5088889002799988
YGR048W,YLR092W,0,-8.0807495,0.15441176295280457,0.9333333373069763,0.5111111402511597
YDR289C,YCL025C,0,-8.087454,0.1538461595773697,0.9333333373069763,0.5133333206176758
YLR110C,YGL087C,0,-8.09045,0.15328466892242432,0.9333333373069763,0.5155555605888367
YDL200C,YDR392W,0,-8.098289,0.15272727608680725,0.9333333373069763,0.5177778005599976
YPR094W,YDL052C,0,-8.099246,0.15217390656471252,0.9333333373069763,0.5199999809265137
YNL207W,YGR059W,0,-8.100765,0.15162454545497894,0.9333333373069763,0.5222222208976746
YDR393W,YLR016C,0,-8.101525,0.15107913315296173,0.9333333373069763,0.5244444608688354
YFR009W,YLR248W,0,-8.118078,0.1505376398563385,0.9333333373069763,0.5266666412353516
YOL088C,YJR007W,0,-8.128538,0.15000000596046448,0.9333333373069763,0.5288888812065125
YAL051W,YOL090W,0,-8.130386,0.14946618676185608,0.9333333373069763,0.5311111211776733
YHR176W,YKR087C,0,-8.131088,0.1489361673593521,0.9333333373069763,0.5333333611488342
YDR359C,YJR031C,0,-8.137261,0.1484098881483078,0.9333333373069763,0.5355555415153503
YBL030C,YMR125W,0,-8.142264,0.14788731932640076,0.9333333373069763,0.5377777814865112
YOR005C,YJL146W,0,-8.1484,0.1473684161901474,0.9333333373069763,0.5400000214576721
YDR106W,YLR376C,0,-8.152724,0.14685314893722534,0.9333333373069763,0.5422222018241882
YDR361C,YJL041W,1,-8.158161,0.149825781583786,0.9555555582046509,0.5422222018241882
YML098W,YLR214W,0,-8.172224,0.1493055522441864,0.9555555582046509,0.5444444417953491
YDR308C,YLR396C,0,-8.175829,0.1487889289855957,0.9555555582046509,0.54666668176651
YKR085C,YBR020W,0,-8.185134,0.14827586710453033,0.9555555582046509,0.5488888621330261
YIL075C,YDR423C,0,-8.187969,0.1477663218975067,0.9555555582046509,0.551111102104187
YPR075C,YPL057C,0,-8.1911545,0.14726027846336365,0.9555555582046509,0.5533333420753479
YJL048C,YCL004W,0,-8.199801,0.14675767719745636,0.9555555582046509,0.5555555820465088
YGR129W,YDR331W,0,-8.20015,0.14625850319862366,0.9555555582046509,0.5577777624130249
YGL227W,YDR501W,0,-8.207985,0.14576271176338196,0.9555555582046509,0.5600000023841858
YGR089W,YBR135W,0,-8.212036,0.14527027308940887,0.9555555582046509,0.5622222423553467
YFR040W,YHR042W,0,-8.217899,0.14478114247322083,0.9555555582046509,0.5644444227218628
YLR141W,YIL159W,0,-8.223843,0.14429530501365662,0.9555555582046509,0.5666666626930237
YBR199W,YGR002C,0,-8.2274885,0.14381271600723267,0.9555555582046509,0.5688889026641846
YER159C,YPL153C,0,-8.236114,0.1433333307504654,0.9555555582046509,0.5711110830307007
YLR214W,YDL216C,0,-8.249349,0.1428571492433548,0.9555555582046509,0.5733333230018616
YGL111W,YOL156W,0,-8.250874,0.1423841118812561,0.9555555582046509,0.5755555629730225
YGL205W,YBL008W,0,-8.257241,0.14191418886184692,0.9555555582046509,0.5777778029441833
YGR129W,YDL150W,0,-8.266041,0.14144736528396606,0.9555555582046509,0.5799999833106995
YFR028C,YLR100W,0,-8.272516,0.14098361134529114,0.9555555582046509,0.5822222232818604
YDR289C,YJR053W,0,-8.291748,0.14052288234233856,0.9555555582046509,0.5844444632530212
YAL035W,YER028C,0,-8.2925415,0.14006514847278595,0.9555555582046509,0.5866666436195374
YLR131C,YPL053C,0,-8.294701,0.1396103948354721,0.9555555582046509,0.5888888835906982
YDR464W,YPL178W,0,-8.299763,0.13915857672691345,0.9555555582046509,0.5911111235618591
YML073C,YGR112W,0,-8.312481,0.1387096792459488,0.9555555582046509,0.5933333039283752
YMR092C,YLR459W,0,-8.317173,0.13826367259025574,0.9555555582046509,0.5955555438995361
YLR176C,YLR100W,0,-8.324013,0.1378205120563507,0.9555555582046509,0.597777783870697
YNL242W,YLR320W,0,-8.3334675,0.1373801976442337,0.9555555582046509,0.6000000238418579
YPR191W,YLR100W,0,-8.34326,0.13694266974925995,0.9555555582046509,0.602222204208374
YJR049C,YMR287C,0,-8.352561,0.13650794327259064,0.9555555582046509,0.6044444441795349
YIL115C,YMR235C,1,-8.360379,0.13924050331115723,0.9777777791023254,0.6044444441795349
YMR023C,YIL106W,0,-8.366734,0.13880126178264618,0.9777777791023254,0.6066666841506958
YJR053W,YHR001W-A,0,-8.38477,0.138364776968956,0.9777777791023254,0.6088888645172119
YMR138W,YGL127C,0,-8.391012,0.13793103396892548,0.9777777791023254,0.6111111044883728
YIR025W,YMR173W,0,-8.393269,0.13750000298023224,0.9777777791023254,0.6133333444595337
YIR002C,YOR034C,0,-8.3967495,0.1370716542005539,0.9777777791023254,0.6155555844306946
YMR172W,YNL091W,0,-8.431817,0.13664595782756805,0.9777777791023254,0.6177777647972107
YDR302W,YBR080C,0,-8.434367,0.13622291386127472,0.9777777791023254,0.6200000047683716
YDL003W,YHR008C,0,-8.440405,0.1358024626970291,0.9777777791023254,0.6222222447395325
YJR007W,YNL214W,0,-8.451486,0.13538461923599243,0.9777777791023254,0.6244444251060486
YLR370C,YNL021W,0,-8.455887,0.1349693238735199,0.9777777791023254,0.6266666650772095
YDL022W,YJL133W,0,-8.462906,0.1345565766096115,0.9777777791023254,0.6288889050483704
YDL022W,YNL130C,0,-8.483338,0.13414634764194489,0.9777777791023254,0.6311110854148865
YPL174C,YOR026W,0,-8.485793,0.13373860716819763,0.9777777791023254,0.6333333253860474
YNL173C,YPR024W,0,-8.494498,0.13333334028720856,0.9777777791023254,0.6355555653572083
YOL156W,YPR082C,0,-8.502424,0.13293051719665527,0.9777777791023254,0.6377778053283691
YOR229W,YER068W,0,-8.51181,0.1325301229953766,0.9777777791023254,0.6399999856948853
YBR182C,YBL008W,0,-8.522202,0.1321321278810501,0.9777777791023254,0.6422222256660461
YNL218W,YNL147W,0,-8.525479,0.13173653185367584,0.9777777791023254,0.644444465637207
YOL108C,YMR302C,0,-8.540945,0.1313432902097702,0.9777777791023254,0.6466666460037231
YDL020C,YBR065C,0,-8.541599,0.130952388048172,0.9777777791023254,0.648888885974884
YJL080C,YFL021W,0,-8.545356,0.13056379556655884,0.9777777791023254,0.6511111259460449
YFL021W,YGR239C,0,-8.547846,0.13017751276493073,0.9777777791023254,0.653333306312561
YML094W,YPL140C,0,-8.559289,0.12979350984096527,0.9777777791023254,0.6555555462837219
YNL313C,YGL227W,0,-8.567798,0.12941177189350128,0.9777777791023254,0.6577777862548828
YLR438C-A,YOR058C,0,-8.5829735,0.12903225421905518,0.9777777791023254,0.6600000262260437
YDL216C,YPL112C,0,-8.595652,0.12865497171878815,0.9777777791023254,0.6622222065925598
YPR075C,YNL172W,0,-8.599199,0.1282798796892166,0.9777777791023254,0.6644444465637207
YDL231C,YKR025W,0,-8.6121,0.12790697813034058,0.9777777791023254,0.6666666865348816
YLR310C,YPR082C,0,-8.621136,0.12753623723983765,0.9777777791023254,0.6688888669013977
YJR143C,YDR235W,0,-8.63664,0.12716762721538544,0.9777777791023254,0.6711111068725586
YGR089W,YBL009W,0,-8.640016,0.12680114805698395,0.9777777791023254,0.6733333468437195
YER068W,YGR254W,0,-8.650407,0.12643678486347198,0.9777777791023254,0.6755555272102356
YIR002C,YDR212W,0,-8.651578,0.12607449293136597,0.9777777791023254,0.6777777671813965
YDR264C,YBL007C,0,-8.65593,0.1257142871618271,0.9777777791023254,0.6800000071525574
YDR464W,YJR108W,0,-8.658825,0.12535612285137177,0.9777777791023254,0.6822222471237183
YJR068W,YMR250W,0,-8.660536,0.125,0.9777777791023254,0.6844444274902344
YGR231C,YBL008W,0,-8.664916,0.1246458888053894,0.9777777791023254,0.6866666674613953
YDR322C-A,YMR247C,0,-8.676141,0.12429378181695938,0.9777777791023254,0.6888889074325562
YPL160W,YBR020W,0,-8.677681,0.12394366413354874,0.9777777791023254,0.6911110877990723
YLR320W,YLR032W,0,-8.694516,0.12359550595283508,0.9777777791023254,0.6933333277702332
YBL030C,YJL128C,0,-8.718761,0.12324929982423782,0.9777777791023254,0.695555567741394
YPL196W,YFR009W,0,-8.730617,0.12290503084659576,0.9777777791023254,0.6977777481079102
YFL021W,YNL261W,0,-8.736497,0.12256267666816711,0.9777777791023254,0.699999988079071
YBR160W,YNL214W,0,-8.737234,0.12222222238779068,0.9777777791023254,0.7022222280502319
YDR512C,YJL014W,0,-8.765056,0.12188365310430527,0.9777777791023254,0.7044444680213928
YCL033C,YFR005C,0,-8.769692,0.12154696136713028,0.9777777791023254,0.7066666483879089
YDR464W,YNL172W,0,-8.793874,0.12121212482452393,0.9777777791023254,0.7088888883590698
YLR234W,YPR005C,0,-8.795753,0.12087912112474442,0.9777777791023254,0.7111111283302307
YDR324C,YFL011W,0,-8.796803,0.12054794281721115,0.9777777791023254,0.7133333086967468
YNL273W,YGR112W,0,-8.798891,0.12021858245134354,0.9777777791023254,0.7155555486679077
YPL020C,YIR033W,0,-8.803371,0.11989101022481918,0.9777777791023254,0.7177777886390686
YGR231C,YBR098W,0,-8.804673,0.1195652186870575,0.9777777791023254,0.7200000286102295
YDL020C,YHR165C,0,-8.804848,0.11924119293689728,0.9777777791023254,0.7222222089767456
YLR052W,YLR368W,0,-8.80726,0.11891891807317734,0.9777777791023254,0.7244444489479065
YOL028C,YGR003W,0,-8.811104,0.11859837919473648,0.9777777791023254,0.7266666889190674
YMR172W,YML080W,0,-8.81125,0.11827956885099411,0.9777777791023254,0.7288888692855835
YEL013W,YOR290C,0,-8.813099,0.11796246469020844,0.9777777791023254,0.7311111092567444
YMR068W,YJL154C,0,-8.813241,0.11764705926179886,0.9777777791023254,0.7333333492279053
YNL326C,YPL244C,0,-8.828298,0.11733333021402359,0.9777777791023254,0.7355555295944214
YLR263W,YBL093C,0,-8.839739,0.11702127754688263,0.9777777791023254,0.7377777695655823
YOL108C,YER161C,0,-8.851481,0.11671087890863419,0.9777777791023254,0.7400000095367432
YKL081W,YDR163W,0,-8.866723,0.11640211939811707,0.9777777791023254,0.742222249507904
YMR092C,YOR316C,0,-8.873583,0.11609498411417007,0.9777777791023254,0.7444444298744202
YDR436W,YCR010C,0,-8.891976,0.11578947305679321,0.9777777791023254,0.746666669845581
YGL127C,YDL135C,0,-8.899985,0.11548556387424469,0.9777777791023254,0.7488889098167419
YDR453C,YMR287C,0,-8.905492,0.11518324911594391,0.9777777791023254,0.7511110901832581
YDR263C,YDR116C,0,-8.905519,0.11488250643014908,0.9777777791023254,0.753333330154419
YDR422C,YLR368W,0,-8.9146385,0.1145833358168602,0.9777777791023254,0.7555555701255798
YNL121C,YJR090C,0,-8.917211,0.11428571492433548,0.9777777791023254,0.757777750492096
YDR264C,YHR001W-A,0,-8.9294195,0.11398963630199432,0.9777777791023254,0.7599999904632568
YCR065W,YJL154C,0,-8.937285,0.11369509249925613,0.9777777791023254,0.7622222304344177
YHR019C,YOR290C,0,-8.94403,0.11340206116437912,0.9777777791023254,0.7644444704055786
YOL051W,YLR052W,0,-8.947904,0.11311054229736328,0.9777777791023254,0.7666666507720947
YOR079C,YGR183C,0,-8.949479,0.11282051354646683,0.9777777791023254,0.7688888907432556
YOL045W,YOR058C,0,-8.956866,0.11253196746110916,0.9777777791023254,0.7711111307144165
YHR165C,YER123W,0,-8.961101,0.11224489659070969,0.9777777791023254,0.7733333110809326
YBR112C,YPR046W,0,-8.982302,0.11195928603410721,0.9777777791023254,0.7755555510520935
YNL149C,YBR065C,0,-8.990094,0.11167512834072113,0.9777777791023254,0.7777777910232544
YLR248W,YDL164C,0,-9.011105,0.11139240860939026,0.9777777791023254,0.7799999713897705
YMR092C,YKL004W,0,-9.013279,0.1111111119389534,0.9777777791023254,0.7822222113609314
YDR211W,YJL063C,0,-9.017311,0.11083123087882996,0.9777777791023254,0.7844444513320923
YDR463W,YLR176C,0,-9.044843,0.11055276542901993,0.9777777791023254,0.7866666913032532
YDL200C,YPR182W,0,-9.049663,0.11027568578720093,0.9777777791023254,0.7888888716697693
YKL126W,YPR041W,0,-9.055324,0.10999999940395355,0.9777777791023254,0.7911111116409302
YGR202C,YJL111W,0,-9.058139,0.10972568392753601,0.9777777791023254,0.7933333516120911
YBR036C,YOR157C,0,-9.060084,0.1094527393579483,0.9777777791023254,0.7955555319786072
YNL283C,YOL016C,0,-9.073632,0.10918114334344864,0.9777777791023254,0.7977777719497681
YBR050C,YDR147W,0,-9.090182,0.10891088843345642,0.9777777791023254,0.800000011920929
YOR156C,YOR004W,0,-9.093587,0.10864197462797165,0.9777777791023254,0.8022222518920898
YGR006W,YKL007W,0,-9.098536,0.10837438702583313,0.9777777791023254,0.804444432258606
YEL042W,YDR163W,0,-9.100184,0.10810811072587967,0.9777777791023254,0.8066666722297668
YKL126W,YML036W,0,-9.106296,0.10784313827753067,0.9777777791023254,0.8088889122009277
YMR287C,YOR132W,0,-9.168206,0.10757946223020554,0.9777777791023254,0.8111110925674438
YFR050C,YGR185C,0,-9.1748295,0.10731707513332367,0.9777777791023254,0.8133333325386047
YER088C,YCR002C,0,-9.181674,0.10705596208572388,0.9777777791023254,0.8155555725097656
YDR283C,YBR035C,0,-9.184399,0.10679611563682556,0.9777777791023254,0.8177777528762817
YML008C,YNL036W,0,-9.186537,0.10653752833604813,0.9777777791023254,0.8199999928474426
YMR172W,YPL253C,0,-9.188857,0.10628019273281097,0.9777777791023254,0.8222222328186035
YMR280C,YBL009W,0,-9.256021,0.10602409392595291,0.9777777791023254,0.8244444727897644
YDL115C,YLR384C,0,-9.266501,0.10576923191547394,0.9777777791023254,0.8266666531562805
YGL144C,YLR032W,0,-9.274515,0.10551558434963226,0.9777777791023254,0.8288888931274414
YDR463W,YDL235C,0,-9.283598,0.10526315867900848,0.9777777791023254,0.8311111330986023
YNL091W,YDR464W,0,-9.2911005,0.10501193255186081,0.9777777791023254,0.8333333134651184
YFR050C,YCL054W,0,-9.291896,0.10476190596818924,0.9777777791023254,0.8355555534362793
YEL054C,YDR456W,0,-9.31519,0.10451306402683258,0.9777777791023254,0.8377777934074402
YMR235C,YJL041W,1,-9.317805,0.10663507133722305,1.0,0.8377777934074402
YBR049C,YPL132W,0,-9.326054,0.10638298094272614,1.0,0.8399999737739563
YNL048W,YGL044C,0,-9.335206,0.10613207519054413,1.0,0.8422222137451172
YDR318W,YGL173C,0,-9.345838,0.10588235408067703,1.0,0.8444444537162781
YNL218W,YJL111W,0,-9.346976,0.10563380271196365,1.0,0.846666693687439
YML034W,YJR108W,0,-9.349581,0.1053864136338234,1.0,0.8488888740539551
YGR002C,YOR073W,0,-9.360091,0.10514018684625626,1.0,0.851111114025116
YMR039C,YGR006W,0,-9.366681,0.10489510744810104,1.0,0.8533333539962769
YHR067W,YDR453C,0,-9.3783865,0.10465116053819656,1.0,0.855555534362793
YGL122C,YLL003W,0,-9.380635,0.10440835356712341,1.0,0.8577777743339539
YGR006W,YCR010C,0,-9.388167,0.1041666641831398,1.0,0.8600000143051147
YDR379W,YOR119C,0,-9.390174,0.10392609983682632,1.0,0.8622221946716309
YBR049C,YNL177C,0,-9.391041,0.10368663817644119,1.0,0.8644444346427917
YPR005C,YLR043C,0,-9.423851,0.1034482792019844,1.0,0.8666666746139526
YOR386W,YJL014W,0,-9.439205,0.10321100801229477,1.0,0.8688889145851135
YKL058W,YJR053W,0,-9.459283,0.10297483205795288,1.0,0.8711110949516296
YDL135C,YBR020W,0,-9.462851,0.10273972898721695,1.0,0.8733333349227905
YNL039W,YDR163W,0,-9.51415,0.10250569134950638,1.0,0.8755555748939514
YPL045W,YPR086W,0,-9.52352,0.10227272659540176,1.0,0.8777777552604675
YHR082C,YPR164W,0,-9.525731,0.10204081982374191,1.0,0.8799999952316284
YDR213W,YGR006W,0,-9.591849,0.10180995613336563,1.0,0.8822222352027893
YDL044C,YLR176C,0,-9.609696,0.10158013552427292,1.0,0.8844444155693054
YKL178C,YHR066W,0,-9.628519,0.10135135054588318,1.0,0.8866666555404663
YNL103W,YDL197C,0,-9.63367,0.10112359374761581,1.0,0.8888888955116272
YPL217C,YBR170C,0,-9.63556,0.10089685767889023,1.0,0.8911111354827881
YOL060C,YDR404C,0,-9.685679,0.10067114233970642,1.0,0.8933333158493042
YGR123C,YHR150W,0,-9.712445,0.1004464253783226,1.0,0.8955555558204651
YDL097C,YGR239C,0,-9.740601,0.10022271424531937,1.0,0.897777795791626
YBR244W,YOL060C,0,-9.761394,0.10000000149011612,1.0,0.8999999761581421
YBR020W,YGR185C,0,-9.774583,0.09977827221155167,1.0,0.902222216129303
YGR170W,YLR191W,0,-9.789462,0.09955751895904541,1.0,0.9044444561004639
YGR214W,YNL007C,0,-9.791631,0.09933774918317795,1.0,0.9066666960716248
YDR110W,YPL091W,0,-9.805419,0.09911894053220749,1.0,0.9088888764381409
YPL020C,YKR087C,0,-9.806798,0.09890110045671463,1.0,0.9111111164093018
YBR170C,YNL273W,0,-9.808341,0.09868421405553818,1.0,0.9133333563804626
YOR316C,YBR095C,0,-9.820344,0.09846827387809753,1.0,0.9155555367469788
YDR120C,YKL053C-A,0,-9.828514,0.0982532724738121,1.0,0.9177777767181396
YAL035W,YPL053C,0,-9.833997,0.09803921729326248,1.0,0.9200000166893005
YDR146C,YDL044C,0,-9.856328,0.09782608598470688,1.0,0.9222221970558167
YLR191W,YDL004W,0,-9.876489,0.09761388599872589,1.0,0.9244444370269775
YMR172W,YDR280W,0,-9.892338,0.09740259498357773,1.0,0.9266666769981384
YDR168W,YDR302W,0,-9.899223,0.09719222784042358,1.0,0.9288889169692993
YGR006W,YGR020C,0,-9.912354,0.09698276221752167,1.0,0.9311110973358154
YJR017C,YPL140C,0,-9.947797,0.09677419066429138,1.0,0.9333333373069763
YNL172W,YBL009W,0,-9.954163,0.09656652063131332,1.0,0.9355555772781372
YLR382C,YOR119C,0,-9.959431,0.0963597446680069,1.0,0.9377777576446533
YMR250W,YDR045C,0,-9.971214,0.09615384787321091,1.0,0.9399999976158142
YOL108C,YBR250W,0,-9.982713,0.09594883024692535,1.0,0.9422222375869751
YGL071W,YPL140C,0,-10.032723,0.09574468433856964,1.0,0.9444444179534912
YAL035W,YNL036W,0,-10.076917,0.09554140269756317,1.0,0.9466666579246521
YPR005C,YGR020C,0,-10.0854225,0.09533898532390594,1.0,0.948888897895813
YDL017W,YOL051W,0,-10.087128,0.09513741731643677,1.0,0.9511111378669739
YKR035W-A,YMR162C,0,-10.093165,0.09493670612573624,1.0,0.95333331823349
YGR231C,YPR008W,0,-10.183467,0.09473684430122375,1.0,0.9555555582046509
YER161C,YPL253C,0,-10.187449,0.09453781694173813,1.0,0.9577777981758118
YIL132C,YPL001W,0,-10.213059,0.09433962404727936,1.0,0.9599999785423279
YNL039W,YLR248W,0,-10.250191,0.09414225816726685,1.0,0.9622222185134888
YNL261W,YDR490C,0,-10.254162,0.09394571930170059,1.0,0.9644444584846497
YLR191W,YHR129C,0,-10.26459,0.09375,1.0,0.9666666388511658
YEL065W,YDR163W,0,-10.28081,0.09355509281158447,1.0,0.9688888788223267
YDR456W,YML115C,0,-10.295536,0.09336099773645401,1.0,0.9711111187934875
YLR248W,YNL088W,0,-10.316499,0.09316769987344742,1.0,0.9733333587646484
YOR100C,YER006W,0,-10.417126,0.0929752066731453,1.0,0.9755555391311646
YLR368W,YOL023W,0,-10.480228,0.09278350323438644,1.0,0.9777777791023254
YML129C,YOR039W,0,-10.535741,0.09259258955717087,1.0,0.9800000190734863
YJL074C,YGR225W,0,-10.6004715,0.09240246564149857,1.0,0.9822221994400024
YJL146W,YBL052C,0,-10.6023855,0.09221311658620834,1.0,0.9844444394111633
YKL129C,YDL015C,0,-10.621919,0.0920245423913002,1.0,0.9866666793823242
YOR148C,YLR115W,0,-10.809592,0.09183673560619354,1.0,0.9888888597488403
YBL035C,YKL012W,0,-10.885783,0.09164969623088837,1.0,0.9911110997200012
YML129C,YFR009W,0,-11.0657425,0.09146341681480408,1.0,0.9933333396911621
YDR085C,YGR262C,0,-11.14596,0.09127788990736008,1.0,0.995555579662323
YNR054C,YPL087W,0,-11.19773,0.09109311550855637,1.0,0.9977777600288391
YBR049C,YDR231C,0,-11.2072,0.09090909361839294,1.0,1.0
