Gene A,Gene B,Label,Score,Precision,Recall,False Positive Rate
YKL009W,YKR081C,1,-0.5272182,1.0,0.0010570824379101396,0.0
YPL211W,YHR197W,1,-0.5415758,1.0,0.002114164875820279,0.0
YLR009W,YOR272W,1,-0.75852716,1.0,0.0031712474301457405,0.0
YPL211W,YKR081C,1,-0.7975503,1.0,0.004228329751640558,0.0
YDR101C,YPL093W,1,-0.8974929,1.0,0.005285412073135376,0.0
YDR101C,YLR009W,1,-0.9571501,1.0,0.006342494860291481,0.0
YHR052W,YKR081C,1,-0.96623313,1.0,0.007399577181786299,0.0
YDR101C,YKR081C,1,-0.9740286,1.0,0.008456659503281116,0.0
YDR101C,YHR052W,1,-0.9825169,1.0,0.009513742290437222,0.0
YPR112C,YJL050W,0,-1.0104963,0.8999999761581421,0.009513742290437222,0.00010570824815658852
YOL144W,YKR081C,1,-1.022941,0.9090909361839294,0.010570824146270752,0.00010570824815658852
YHR197W,YKR081C,1,-1.0365586,0.9166666865348816,0.011627906933426857,0.00010570824815658852
YKL009W,YLR009W,1,-1.0762392,0.9230769276618958,0.012684989720582962,0.00010570824815658852
YLR009W,YKR081C,1,-1.0793711,0.9285714030265808,0.013742071576416492,0.00010570824815658852
YBR142W,YKR081C,1,-1.0903858,0.9333333373069763,0.014799154363572598,0.00010570824815658852
YHR052W,YHR197W,1,-1.1167916,0.9375,0.015856236219406128,0.00010570824815658852
YDR101C,YOR272W,1,-1.1300224,0.9411764740943909,0.016913319006562233,0.00010570824815658852
YJL122W,YKL009W,1,-1.1320058,0.9444444179534912,0.017970401793718338,0.00010570824815658852
YGL078C,YKR081C,1,-1.1713859,0.9473684430122375,0.019027484580874443,0.00010570824815658852
YAL025C,YKR081C,1,-1.180148,0.949999988079071,0.020084567368030548,0.00010570824815658852
YPL211W,YDL014W,1,-1.1998676,0.9523809552192688,0.021141648292541504,0.00010570824815658852
YHR197W,YLR009W,1,-1.2327584,0.9545454382896423,0.02219873107969761,0.00010570824815658852
YJL122W,YOR272W,1,-1.2481693,0.95652174949646,0.023255813866853714,0.00010570824815658852
YNL110C,YKR081C,1,-1.2802159,0.9583333134651184,0.02431289665400982,0.00010570824815658852
YJL122W,YNL182C,1,-1.302653,0.9599999785423279,0.025369979441165924,0.00010570824815658852
YKR081C,YOR272W,1,-1.3088719,0.9615384340286255,0.02642706222832203,0.00010570824815658852
YHR052W,YPL211W,1,-1.3214592,0.9629629850387573,0.027484143152832985,0.00010570824815658852
YPL211W,YEL054C,1,-1.3308274,0.9642857313156128,0.02854122593998909,0.00010570824815658852
YBR142W,YHR197W,1,-1.3313092,0.9655172228813171,0.029598308727145195,0.00010570824815658852
YAL025C,YOL144W,1,-1.3374611,0.9666666388511658,0.0306553915143013,0.00010570824815658852
YPL211W,YER126C,1,-1.3409187,0.9677419066429138,0.031712472438812256,0.00010570824815658852
YJL122W,YPL211W,1,-1.3511707,0.96875,0.03276955708861351,0.00010570824815658852
YHR052W,YNL182C,1,-1.3512961,0.9696969985961914,0.033826638013124466,0.00010570824815658852
YNL182C,YHR197W,1,-1.3823217,0.970588207244873,0.03488372266292572,0.00010570824815658852
YBR142W,YOR272W,1,-1.3863128,0.9714285731315613,0.035940803587436676,0.00010570824815658852
YOR310C,YCL054W,0,-1.3878115,0.9444444179534912,0.035940803587436676,0.00021141649631317705
YHR052W,YLR009W,1,-1.4014078,0.9459459185600281,0.03699788451194763,0.00021141649631317705
YDR101C,YNL110C,1,-1.4152559,0.9473684430122375,0.038054969161748886,0.00021141649631317705
YKL009W,YPL211W,1,-1.4202597,0.9487179517745972,0.03911205008625984,0.00021141649631317705
YGL078C,YLR009W,1,-1.4231755,0.949999988079071,0.040169134736061096,0.00021141649631317705
YGL078C,YOL144W,1,-1.4335165,0.9512194991111755,0.04122621566057205,0.00021141649631317705
YBR267W,YKR081C,1,-1.4390932,0.9523809552192688,0.04228329658508301,0.00021141649631317705
YDR101C,YOL144W,1,-1.4412807,0.9534883499145508,0.04334038123488426,0.00021141649631317705
YBR142W,YLR009W,1,-1.4579536,0.9545454382896423,0.04439746215939522,0.00021141649631317705
YKR024C,YLR009W,1,-1.4614583,0.9555555582046509,0.04545454680919647,0.00021141649631317705
YDR101C,YGL078C,1,-1.4619664,0.95652174949646,0.04651162773370743,0.00021141649631317705
YPL093W,YLR009W,1,-1.4622344,0.957446813583374,0.047568708658218384,0.00021141649631317705
YHR052W,YGL078C,1,-1.4751722,0.9583333134651184,0.04862579330801964,0.00021141649631317705
YJL122W,YGL078C,1,-1.4769393,0.9591836929321289,0.049682874232530594,0.00021141649631317705
YJL122W,YKR081C,1,-1.4959613,0.9599999785423279,0.05073995888233185,0.00021141649631317705
YJL122W,YDR101C,1,-1.5001479,0.9607843160629272,0.051797039806842804,0.00021141649631317705
YHR052W,YDR091C,1,-1.5059963,0.9615384340286255,0.05285412445664406,0.00021141649631317705
YKL021C,YKR081C,1,-1.5224575,0.9622641801834106,0.053911205381155014,0.00021141649631317705
YKR024C,YKR081C,1,-1.5337363,0.9629629850387573,0.05496828630566597,0.00021141649631317705
YBR267W,YHR197W,1,-1.5442024,0.9636363387107849,0.056025370955467224,0.00021141649631317705
YDL014W,YKR081C,1,-1.5561093,0.9642857313156128,0.05708245187997818,0.00021141649631317705
YDR101C,YCR072C,1,-1.5596166,0.9649122953414917,0.058139536529779434,0.00021141649631317705
YHR052W,YOL144W,1,-1.5736421,0.9655172228813171,0.05919661745429039,0.00021141649631317705
YKL009W,YHR197W,1,-1.6018254,0.9661017060279846,0.060253698378801346,0.00021141649631317705
YJL122W,YNL110C,1,-1.6024698,0.9666666388511658,0.0613107830286026,0.00021141649631317705
YKL009W,YOL144W,1,-1.6064464,0.9672130942344666,0.062367863953113556,0.00021141649631317705
YDR101C,YKR024C,1,-1.6277615,0.9677419066429138,0.06342494487762451,0.00021141649631317705
YHR197W,YDR091C,1,-1.6299931,0.9682539701461792,0.06448203325271606,0.00021141649631317705
YJL122W,YLR009W,1,-1.6330011,0.96875,0.06553911417722702,0.00021141649631317705
YNL110C,YLR009W,1,-1.6344057,0.9692307710647583,0.06659619510173798,0.00021141649631317705
YAL025C,YLR009W,1,-1.6385081,0.9696969985961914,0.06765327602624893,0.00021141649631317705
YDR101C,YPL211W,1,-1.6458455,0.9701492786407471,0.06871035695075989,0.00021141649631317705
YOL144W,YLR009W,1,-1.6470574,0.970588207244873,0.06976744532585144,0.00021141649631317705
YKL009W,YPL093W,1,-1.6520528,0.9710144996643066,0.0708245262503624,0.00021141649631317705
YHR052W,YKL009W,1,-1.6589986,0.9714285731315613,0.07188160717487335,0.00021141649631317705
YNL182C,YOL144W,1,-1.6683376,0.9718309640884399,0.07293868809938431,0.00021141649631317705
YJL122W,YBR267W,1,-1.7001307,0.9722222089767456,0.07399576902389526,0.00021141649631317705
YNL182C,YCR072C,1,-1.7036015,0.9726027250289917,0.07505285739898682,0.00021141649631317705
YKR024C,YNL182C,1,-1.7107404,0.9729729890823364,0.07610993832349777,0.00021141649631317705
YAL025C,YER126C,1,-1.7165426,0.9733333587646484,0.07716701924800873,0.00021141649631317705
YBR142W,YER126C,1,-1.7207747,0.9736841917037964,0.07822410017251968,0.00021141649631317705
YDL031W,YPL211W,1,-1.7230794,0.9740259647369385,0.07928118109703064,0.00021141649631317705
YJL122W,YHR197W,1,-1.7362528,0.9743589758872986,0.08033826947212219,0.00021141649631317705
YAL025C,YBR267W,1,-1.7385921,0.9746835231781006,0.08139535039663315,0.00021141649631317705
YER126C,YLR009W,1,-1.7392303,0.9750000238418579,0.0824524313211441,0.00021141649631317705
YGL078C,YHR197W,1,-1.7399596,0.9753086566925049,0.08350951224565506,0.00021141649631317705
YAL025C,YPL093W,1,-1.7404834,0.9756097793579102,0.08456659317016602,0.00021141649631317705
YOL144W,YHR197W,1,-1.7443634,0.9759036302566528,0.08562368154525757,0.00021141649631317705
YBR142W,YOL144W,1,-1.7479188,0.976190447807312,0.08668076246976852,0.00021141649631317705
YPL211W,YLR009W,1,-1.755716,0.9764705896377563,0.08773784339427948,0.00021141649631317705
YHR052W,YPL093W,1,-1.7642896,0.9767441749572754,0.08879492431879044,0.00021141649631317705
YGL078C,YOR272W,1,-1.7664055,0.977011501789093,0.08985200524330139,0.00021141649631317705
YNL110C,YOR272W,1,-1.7678425,0.9772727489471436,0.09090909361839294,0.00021141649631317705
YBR142W,YPL093W,1,-1.7849393,0.9775280952453613,0.0919661745429039,0.00021141649631317705
YER126C,YKR081C,1,-1.7858975,0.9777777791023254,0.09302325546741486,0.00021141649631317705
YPL211W,YDR091C,1,-1.7934636,0.9780219793319702,0.09408033639192581,0.00021141649631317705
YNL182C,YBR142W,1,-1.7961719,0.97826087474823,0.09513741731643677,0.00021141649631317705
YDR101C,YNL182C,1,-1.8064946,0.9784946441650391,0.09619450569152832,0.00021141649631317705
YPL093W,YHR197W,1,-1.8167499,0.978723406791687,0.09725158661603928,0.00021141649631317705
YDL031W,YBR142W,1,-1.8298641,0.9789473414421082,0.09830866754055023,0.00021141649631317705
YLR009W,YCR072C,1,-1.8311445,0.9791666865348816,0.09936574846506119,0.00021141649631317705
YHR197W,YOR272W,1,-1.8327917,0.9793814420700073,0.10042282938957214,0.00021141649631317705
YGL078C,YNL110C,1,-1.8444177,0.9795918464660645,0.1014799177646637,0.00021141649631317705
YKR024C,YKL009W,1,-1.8636799,0.9797979593276978,0.10253699868917465,0.00021141649631317705
YDR091C,YLR009W,1,-1.8641328,0.9800000190734863,0.10359407961368561,0.00021141649631317705
YJL122W,YHR052W,1,-1.86984,0.9801980257034302,0.10465116053819656,0.00021141649631317705
YPL211W,YPL093W,1,-1.8732902,0.9803921580314636,0.10570824891328812,0.00021141649631317705
YBR142W,YNL110C,1,-1.8811232,0.9805825352668762,0.10676532983779907,0.00021141649631317705
YBR142W,YPL211W,1,-1.8972887,0.9807692170143127,0.10782241076231003,0.00021141649631317705
YDL031W,YER126C,1,-1.8985466,0.9809523820877075,0.10887949168682098,0.00021141649631317705
YDR091C,YKR081C,1,-1.8985777,0.9811320900917053,0.10993657261133194,0.00021141649631317705
YBR267W,YCR072C,1,-1.9093381,0.9813084006309509,0.11099366098642349,0.00021141649631317705
YJL122W,YKR024C,1,-1.9147865,0.9814814925193787,0.11205074191093445,0.00021141649631317705
YOL124C,YKR056W,0,-1.9261526,0.9724770784378052,0.11205074191093445,0.00031712473719380796
YKL009W,YER126C,1,-1.9297446,0.9727272987365723,0.1131078228354454,0.00031712473719380796
YPL093W,YKR081C,1,-1.9352709,0.9729729890823364,0.11416490375995636,0.00031712473719380796
YGL078C,YPL093W,1,-1.9378003,0.9732142686843872,0.11522198468446732,0.00031712473719380796
YNL110C,YOL144W,1,-1.9397508,0.9734513163566589,0.11627907305955887,0.00031712473719380796
YBR142W,YKL009W,1,-1.9544704,0.9736841917037964,0.11733615398406982,0.00031712473719380796
YPL093W,YER126C,1,-1.9601312,0.9739130139350891,0.11839323490858078,0.00031712473719380796
YPL211W,YNL110C,1,-1.9604737,0.9741379022598267,0.11945031583309174,0.00031712473719380796
YDR101C,YHR197W,1,-1.9653374,0.9743589758872986,0.12050739675760269,0.00031712473719380796
YGL078C,YPL211W,1,-1.9656767,0.9745762944221497,0.12156448513269424,0.00031712473719380796
YGL078C,YAL025C,1,-1.9749244,0.9747899174690247,0.1226215660572052,0.00031712473719380796
YHR052W,YOR272W,1,-1.9780747,0.9750000238418579,0.12367864698171616,0.00031712473719380796
YOL144W,YOR272W,1,-1.9807032,0.9752066135406494,0.12473572790622711,0.00031712473719380796
YHR052W,YAL025C,1,-1.9819471,0.9754098653793335,0.12579281628131866,0.00031712473719380796
YHR052W,YBR142W,1,-1.9830056,0.9756097793579102,0.12684988975524902,0.00031712473719380796
YPL211W,YLR448W,1,-1.9870213,0.975806474685669,0.12790697813034058,0.00031712473719380796
YKL009W,YOR272W,1,-1.9872762,0.9760000109672546,0.12896406650543213,0.00031712473719380796
YPL086C,YMR229C,0,-1.9887372,0.9682539701461792,0.12896406650543213,0.0004228329926263541
YKL009W,YDL014W,1,-1.9917272,0.9685039520263672,0.1300211399793625,0.0004228329926263541
YKR024C,YBR267W,1,-1.9921206,0.96875,0.13107822835445404,0.0004228329926263541
YHR052W,YCR072C,1,-1.9928721,0.9689922332763672,0.1321353018283844,0.0004228329926263541
YGL078C,YBR142W,1,-1.9937924,0.9692307710647583,0.13319239020347595,0.0004228329926263541
YKR024C,YOL144W,1,-1.9945189,0.9694656729698181,0.1342494785785675,0.0004228329926263541
YNL182C,YDL014W,1,-1.9971656,0.9696969985961914,0.13530655205249786,0.0004228329926263541
YNL182C,YBR267W,1,-2.000299,0.969924807548523,0.13636364042758942,0.0004228329926263541
YKR024C,YAL025C,1,-2.0190294,0.9701492786407471,0.13742071390151978,0.0004228329926263541
YNL182C,YNL110C,1,-2.0221934,0.970370352268219,0.13847780227661133,0.0004228329926263541
YOR310C,YJR063W,0,-2.0432038,0.9632353186607361,0.13847780227661133,0.0005285412189550698
YDR101C,YBR142W,1,-2.0453691,0.9635036587715149,0.13953489065170288,0.0005285412189550698
YNL182C,YLR009W,1,-2.049303,0.9637681245803833,0.14059196412563324,0.0005285412189550698
YNL182C,YKL009W,1,-2.0571065,0.9640287756919861,0.1416490525007248,0.0005285412189550698
YGL078C,YKR024C,1,-2.0591888,0.9642857313156128,0.14270612597465515,0.0005285412189550698
YBR267W,YOR272W,1,-2.0614917,0.9645389914512634,0.1437632143497467,0.0005285412189550698
YKR024C,YPL093W,1,-2.0685222,0.9647887349128723,0.14482030272483826,0.0005285412189550698
YPL211W,YOR272W,1,-2.0714653,0.9650349617004395,0.14587737619876862,0.0005285412189550698
YBR267W,YLR009W,1,-2.0744174,0.9652777910232544,0.14693446457386017,0.0005285412189550698
YKL009W,YDR091C,1,-2.0783372,0.9655172228813171,0.14799153804779053,0.0005285412189550698
YPL211W,YGR085C,1,-2.0802221,0.965753436088562,0.14904862642288208,0.0005285412189550698
YGL078C,YGL111W,1,-2.0907264,0.9659863710403442,0.15010571479797363,0.0005285412189550698
YPL093W,YOR272W,1,-2.091095,0.9662162065505981,0.151162788271904,0.0005285412189550698
YGL078C,YKL009W,1,-2.0978022,0.9664429426193237,0.15221987664699554,0.0005285412189550698
YKL021C,YER126C,1,-2.1068392,0.9666666388511658,0.1532769501209259,0.0005285412189550698
YKR081C,YML073C,1,-2.113288,0.9668874144554138,0.15433403849601746,0.0005285412189550698
YKR081C,YDR418W,1,-2.120532,0.9671052694320679,0.155391126871109,0.0005285412189550698
YOL144W,YCR072C,1,-2.123664,0.9673202633857727,0.15644820034503937,0.0005285412189550698
YNR038W,YHR197W,1,-2.1253605,0.9675324559211731,0.15750528872013092,0.0005285412189550698
YKR081C,YIR012W,1,-2.1264973,0.9677419066429138,0.15856236219406128,0.0005285412189550698
YGL078C,YCR072C,1,-2.1305041,0.9679487347602844,0.15961945056915283,0.0005285412189550698
YHR052W,YER126C,1,-2.1310623,0.9681528806686401,0.16067653894424438,0.0005285412189550698
YPL211W,YDR418W,1,-2.1396832,0.9683544039726257,0.16173361241817474,0.0005285412189550698
YAL025C,YKL009W,1,-2.1421993,0.9685534834861755,0.1627907007932663,0.0005285412189550698
YAL025C,YOR272W,1,-2.1462207,0.96875,0.16384777426719666,0.0005285412189550698
YNL182C,YKR081C,1,-2.146716,0.9689440727233887,0.1649048626422882,0.0005285412189550698
YJL122W,YOL144W,1,-2.1479826,0.9691358208656311,0.16596195101737976,0.0005285412189550698
YCR072C,YOR272W,1,-2.1539211,0.9693251252174377,0.16701902449131012,0.0005285412189550698
YDL031W,YAL025C,1,-2.1702864,0.9695122241973877,0.16807611286640167,0.0005285412189550698
YJL122W,YIR012W,1,-2.172845,0.9696969985961914,0.16913318634033203,0.0005285412189550698
YNL182C,YDR091C,1,-2.1760597,0.9698795080184937,0.17019027471542358,0.0005285412189550698
YHR052W,YNR038W,1,-2.1843553,0.970059871673584,0.17124736309051514,0.0005285412189550698
YNL110C,YHR197W,1,-2.1856012,0.9702380895614624,0.1723044365644455,0.0005285412189550698
YDL031W,YKR081C,1,-2.187535,0.9704142212867737,0.17336152493953705,0.0005285412189550698
YNL182C,YER126C,1,-2.1932826,0.970588207244873,0.1744185984134674,0.0005285412189550698
YHR052W,YKR024C,1,-2.1963255,0.9707602262496948,0.17547568678855896,0.0005285412189550698
YOL144W,YER126C,1,-2.196477,0.9709302186965942,0.1765327751636505,0.0005285412189550698
YML073C,YLR448W,1,-2.1978185,0.9710982441902161,0.17758984863758087,0.0005285412189550698
YER126C,YPR016C,1,-2.2001705,0.9712643623352051,0.17864693701267242,0.0005285412189550698
YDL031W,YKL009W,1,-2.2021132,0.9714285731315613,0.17970401048660278,0.0005285412189550698
YPL093W,YNL110C,1,-2.2073822,0.9715909361839294,0.18076109886169434,0.0005285412189550698
YPL211W,YIR012W,1,-2.2109392,0.9717513918876648,0.1818181872367859,0.0005285412189550698
YDL014W,YLR009W,1,-2.2188916,0.9719101190567017,0.18287526071071625,0.0005285412189550698
YDR101C,YDL014W,1,-2.223433,0.9720670580863953,0.1839323490858078,0.0005285412189550698
YKR024C,YCR072C,1,-2.2267146,0.9722222089767456,0.18498942255973816,0.0005285412189550698
YKL009W,YGL111W,1,-2.2270596,0.9723756909370422,0.1860465109348297,0.0005285412189550698
YPL093W,YOL144W,1,-2.2280016,0.9725274443626404,0.18710359930992126,0.0005285412189550698
YDR101C,YBR267W,1,-2.2377129,0.9726775884628296,0.18816067278385162,0.0005285412189550698
YNL182C,YOR272W,1,-2.2394156,0.9728260636329651,0.18921776115894318,0.0005285412189550698
YKL021C,YOL144W,1,-2.245109,0.9729729890823364,0.19027483463287354,0.0005285412189550698
YKR024C,YPL211W,1,-2.2466538,0.9731183052062988,0.1913319230079651,0.0005285412189550698
YHR052W,YNL110C,1,-2.2486067,0.9732620120048523,0.19238901138305664,0.0005285412189550698
YOL144W,YBR267W,1,-2.2603004,0.9734042286872864,0.193446084856987,0.0005285412189550698
YOL144W,YIR012W,1,-2.2604136,0.9735449552536011,0.19450317323207855,0.0005285412189550698
YDL031W,YHR197W,1,-2.2618942,0.9736841917037964,0.1955602467060089,0.0005285412189550698
YHR052W,YBR267W,1,-2.2638464,0.9738219976425171,0.19661733508110046,0.0005285412189550698
YKR081C,YEL054C,1,-2.2727213,0.9739583134651184,0.19767442345619202,0.0005285412189550698
YNL182C,YAL025C,1,-2.2757783,0.9740932583808899,0.19873149693012238,0.0005285412189550698
YER126C,YGR085C,1,-2.2787457,0.9742268323898315,0.19978858530521393,0.0005285412189550698
YKR024C,YHR197W,1,-2.2937732,0.9743589758872986,0.2008456587791443,0.0005285412189550698
YAL025C,YHR197W,1,-2.3031502,0.9744898080825806,0.20190274715423584,0.0005285412189550698
YEL054C,YLR448W,1,-2.3083801,0.9746192693710327,0.2029598355293274,0.0005285412189550698
YGL111W,YBR267W,1,-2.3084297,0.9747474789619446,0.20401690900325775,0.0005285412189550698
YDR101C,YDL031W,1,-2.313878,0.9748743772506714,0.2050739973783493,0.0005285412189550698
YPL093W,YDR091C,1,-2.315784,0.9750000238418579,0.20613107085227966,0.0005285412189550698
YHR052W,YDL014W,1,-2.3170428,0.9751243591308594,0.20718815922737122,0.0005285412189550698
YJL122W,YAL025C,1,-2.3185694,0.9752475023269653,0.20824524760246277,0.0005285412189550698
YDL031W,YOR272W,1,-2.3206747,0.9753694534301758,0.20930232107639313,0.0005285412189550698
YPL211W,YML073C,1,-2.3321533,0.9754902124404907,0.21035940945148468,0.0005285412189550698
YDR101C,YNR038W,1,-2.3388257,0.9756097793579102,0.21141649782657623,0.0005285412189550698
YKL021C,YBR142W,1,-2.3388686,0.9757281541824341,0.2124735713005066,0.0005285412189550698
YJL122W,YPL093W,1,-2.341787,0.9758453965187073,0.21353065967559814,0.0005285412189550698
YKL021C,YNL110C,1,-2.3424802,0.9759615659713745,0.2145877331495285,0.0005285412189550698
YNL182C,YPL211W,1,-2.3425984,0.9760765433311462,0.21564482152462006,0.0005285412189550698
YGL078C,YER126C,1,-2.3521318,0.976190447807312,0.2167019098997116,0.0005285412189550698
YLR009W,YLR022C,1,-2.3535056,0.9763033390045166,0.21775898337364197,0.0005285412189550698
YNL110C,YDR091C,1,-2.3554182,0.9764150977134705,0.21881607174873352,0.0005285412189550698
YKL021C,YLR009W,1,-2.363449,0.9765258431434631,0.21987314522266388,0.0005285412189550698
YKL009W,YBR267W,1,-2.3641407,0.9766355156898499,0.22093023359775543,0.0005285412189550698
YDR101C,YAL025C,1,-2.368482,0.9767441749572754,0.22198732197284698,0.0005285412189550698
YGL111W,YKR081C,1,-2.3698502,0.9768518805503845,0.22304439544677734,0.0005285412189550698
YDL031W,YKL021C,1,-2.375068,0.9769585132598877,0.2241014838218689,0.0005285412189550698
YPL093W,YCR072C,1,-2.3779883,0.9770641922950745,0.22515855729579926,0.0005285412189550698
YAL025C,YCR072C,1,-2.38056,0.9771689772605896,0.2262156456708908,0.0005285412189550698
YDR101C,YER126C,1,-2.382918,0.9772727489471436,0.22727273404598236,0.0005285412189550698
YDR101C,YKL009W,1,-2.3831775,0.9773755669593811,0.22832980751991272,0.0005285412189550698
YHR052W,YIR012W,1,-2.387532,0.977477490901947,0.22938689589500427,0.0005285412189550698
YNR038W,YKR024C,1,-2.4017086,0.9775784611701965,0.23044396936893463,0.0005285412189550698
YGL099W,YJL148W,0,-2.4148402,0.9732142686843872,0.23044396936893463,0.0006342494743876159
YPL211W,YCR072C,1,-2.4149365,0.9733333587646484,0.23150105774402618,0.0006342494743876159
YJL122W,YKL021C,1,-2.4149644,0.9734513163566589,0.23255814611911774,0.0006342494743876159
YNR038W,YKR081C,1,-2.4163976,0.9735682606697083,0.2336152195930481,0.0006342494743876159
YNL110C,YCR072C,1,-2.4175348,0.9736841917037964,0.23467230796813965,0.0006342494743876159
YAL025C,YNL110C,1,-2.4191895,0.9737991094589233,0.23572938144207,0.0006342494743876159
YHR052W,YDL031W,1,-2.4232438,0.9739130139350891,0.23678646981716156,0.0006342494743876159
YGL078C,YDR091C,1,-2.4348238,0.9740259647369385,0.2378435581922531,0.0006342494743876159
YGL111W,YLR009W,1,-2.4405608,0.9741379022598267,0.23890063166618347,0.0006342494743876159
YDL031W,YGL078C,1,-2.44559,0.9742489457130432,0.23995772004127502,0.0006342494743876159
YDL031W,YLR009W,1,-2.449,0.9743589758872986,0.24101479351520538,0.0006342494743876159
YNR038W,YCR072C,1,-2.4501429,0.9744681119918823,0.24207188189029694,0.0006342494743876159
YDL014W,YCR072C,1,-2.4535773,0.9745762944221497,0.2431289702653885,0.0006342494743876159
YDR091C,YOR272W,1,-2.4539888,0.9746835231781006,0.24418604373931885,0.0006342494743876159
YPL211W,YOL144W,1,-2.456828,0.9747899174690247,0.2452431321144104,0.0006342494743876159
YNR038W,YAL025C,1,-2.464251,0.9748954176902771,0.24630020558834076,0.0006342494743876159
YKR081C,YFL002C,1,-2.4673991,0.9750000238418579,0.2473572939634323,0.0006342494743876159
YKR081C,YCR072C,1,-2.4725392,0.9751037359237671,0.24841438233852386,0.0006342494743876159
YPL093W,YGL111W,1,-2.47823,0.9752066135406494,0.24947145581245422,0.0006342494743876159
YGR200C,YOR310C,0,-2.4815905,0.9711934328079224,0.24947145581245422,0.0007399577298201621
YBR142W,YGL111W,1,-2.4915142,0.9713114500045776,0.2505285441875458,0.0007399577298201621
YDL014W,YHR197W,1,-2.491826,0.9714285731315613,0.25158563256263733,0.0007399577298201621
YBR142W,YGR085C,1,-2.4944625,0.9715447425842285,0.2526427209377289,0.0007399577298201621
YNR038W,YLR009W,1,-2.4955597,0.9716598987579346,0.25369977951049805,0.0007399577298201621
YKL009W,YCR072C,1,-2.4962466,0.9717742204666138,0.2547568678855896,0.0007399577298201621
YKL009W,YNL110C,1,-2.498774,0.9718875288963318,0.25581395626068115,0.0007399577298201621
YJL122W,YDL014W,1,-2.4994695,0.972000002861023,0.2568710446357727,0.0007399577298201621
YKL021C,YPL211W,1,-2.5019467,0.9721115827560425,0.25792813301086426,0.0007399577298201621
YPL211W,YGL111W,1,-2.5021448,0.9722222089767456,0.2589851915836334,0.0007399577298201621
YKR024C,YOR272W,1,-2.5035477,0.9723320007324219,0.260042279958725,0.0007399577298201621
YGL111W,YER126C,1,-2.5046039,0.9724409580230713,0.26109936833381653,0.0007399577298201621
YKR081C,YDR312W,1,-2.5183685,0.9725490212440491,0.2621564567089081,0.0007399577298201621
YBR142W,YIR012W,1,-2.5190954,0.97265625,0.26321354508399963,0.0007399577298201621
YGL111W,YDR091C,1,-2.5205348,0.9727626442909241,0.2642706036567688,0.0007399577298201621
YKL021C,YOR272W,1,-2.5233755,0.9728682041168213,0.26532769203186035,0.0007399577298201621
YNL182C,YKL021C,1,-2.5530705,0.9729729890823364,0.2663847804069519,0.0007399577298201621
YAL025C,YPL211W,1,-2.5620754,0.9730769395828247,0.26744186878204346,0.0007399577298201621
YER126C,YHR197W,1,-2.5720942,0.9731800556182861,0.268498957157135,0.0007399577298201621
YNL110C,YIR012W,1,-2.575832,0.9732824563980103,0.2695560157299042,0.0007399577298201621
YKL021C,YHR197W,1,-2.5802517,0.9733840227127075,0.2706131041049957,0.0007399577298201621
YER126C,YDR418W,1,-2.5830667,0.9734848737716675,0.2716701924800873,0.0007399577298201621
YBR142W,YCR072C,1,-2.5893579,0.9735848903656006,0.27272728085517883,0.0007399577298201621
YNR038W,YOR272W,1,-2.5913534,0.9736841917037964,0.2737843692302704,0.0007399577298201621
YHR052W,YGL111W,1,-2.596745,0.9737827777862549,0.27484142780303955,0.0007399577298201621
YDL031W,YNL110C,1,-2.5968916,0.9738805890083313,0.2758985161781311,0.0007399577298201621
YHR197W,YCR072C,1,-2.5998006,0.9739776849746704,0.27695560455322266,0.0007399577298201621
YNR038W,YPL093W,1,-2.6026857,0.9740740656852722,0.2780126929283142,0.0007399577298201621
YNL110C,YER126C,1,-2.6044579,0.9741697311401367,0.27906978130340576,0.0007399577298201621
YER126C,YDR091C,1,-2.6133559,0.9742646813392639,0.2801268398761749,0.0007399577298201621
YGL111W,YOR272W,1,-2.6147346,0.9743589758872986,0.2811839282512665,0.0007399577298201621
YDL014W,YDR091C,1,-2.6178222,0.974452555179596,0.28224101662635803,0.0007399577298201621
YNL110C,YBR267W,1,-2.6183956,0.9745454788208008,0.2832981050014496,0.0007399577298201621
YCR072C,YIR012W,1,-2.6215224,0.9746376872062683,0.28435519337654114,0.0007399577298201621
YJL122W,YEL054C,1,-2.624269,0.9747292399406433,0.2854122519493103,0.0007399577298201621
YBR142W,YBR267W,1,-2.6246452,0.9748201370239258,0.28646934032440186,0.0007399577298201621
YOR206W,YPR190C,0,-2.6377845,0.9713261723518372,0.28646934032440186,0.0008456659852527082
YNR038W,YNL182C,1,-2.6405149,0.9714285731315613,0.2875264286994934,0.0008456659852527082
YDL031W,YOL144W,1,-2.6432705,0.9715302586555481,0.28858351707458496,0.0008456659852527082
YKR081C,YGR085C,1,-2.646444,0.9716312289237976,0.2896406054496765,0.0008456659852527082
YHR052W,YKL021C,1,-2.6474285,0.971731424331665,0.2906976640224457,0.0008456659852527082
YIR012W,YOR272W,1,-2.6563575,0.9718309640884399,0.29175475239753723,0.0008456659852527082
YGL111W,YCR072C,1,-2.657252,0.9719298481941223,0.2928118407726288,0.0008456659852527082
YEL054C,YFL002C,1,-2.6596026,0.9720279574394226,0.29386892914772034,0.0008456659852527082
YDR101C,YDR091C,1,-2.6612937,0.9721254110336304,0.2949260175228119,0.0008456659852527082
YKR024C,YER126C,1,-2.6618361,0.9722222089767456,0.29598307609558105,0.0008456659852527082
YKL009W,YML073C,1,-2.6625614,0.9723183512687683,0.2970401644706726,0.0008456659852527082
YNL182C,YLR022C,1,-2.664916,0.9724137783050537,0.29809725284576416,0.0008456659852527082
YJL122W,YBR142W,1,-2.66869,0.9725086092948914,0.2991543412208557,0.0008456659852527082
YGL078C,YNR038W,1,-2.6705792,0.9726027250289917,0.30021142959594727,0.0008456659852527082
YNL182C,YGL111W,1,-2.67083,0.9726962447166443,0.30126848816871643,0.0008456659852527082
YNL110C,YLR022C,1,-2.671177,0.9727891087532043,0.302325576543808,0.0008456659852527082
YDR101C,YGL111W,1,-2.6722686,0.9728813767433167,0.30338266491889954,0.0008456659852527082
YPL211W,YFL002C,1,-2.6769052,0.9729729890823364,0.3044397532939911,0.0008456659852527082
YBR267W,YIR012W,1,-2.691251,0.9730639457702637,0.30549684166908264,0.0008456659852527082
YBR142W,YDR091C,1,-2.6931162,0.9731543660163879,0.3065539002418518,0.0008456659852527082
YKL021C,YKL009W,1,-2.6986918,0.9732441306114197,0.30761098861694336,0.0008456659852527082
YLR009W,YPR016C,1,-2.6992967,0.9733333587646484,0.3086680769920349,0.0008456659852527082
YER126C,YOR272W,1,-2.7003455,0.9734219312667847,0.30972516536712646,0.0008456659852527082
YHR197W,YGR085C,1,-2.708738,0.9735099077224731,0.310782253742218,0.0008456659852527082
YKR024C,YNL110C,1,-2.712757,0.9735973477363586,0.3118393123149872,0.0008456659852527082
YPL093W,YBR267W,1,-2.719939,0.9736841917037964,0.31289640069007874,0.0008456659852527082
YJL122W,YDR091C,1,-2.7284346,0.9737704992294312,0.3139534890651703,0.0008456659852527082
YDR091C,YPR016C,1,-2.7293873,0.9738562107086182,0.31501057744026184,0.0008456659852527082
YPL211W,YOR063W,1,-2.7343366,0.9739413857460022,0.3160676658153534,0.0008456659852527082
YBR142W,YFL002C,1,-2.7353945,0.9740259647369385,0.31712472438812256,0.0008456659852527082
YDL031W,YDR091C,1,-2.7394261,0.9741100072860718,0.3181818127632141,0.0008456659852527082
YOL144W,YDR091C,1,-2.7409325,0.9741935729980469,0.31923890113830566,0.0008456659852527082
YBR142W,YPR016C,1,-2.7518115,0.9742765426635742,0.3202959895133972,0.0008456659852527082
YOL144W,YGL111W,1,-2.758688,0.9743589758872986,0.32135307788848877,0.0008456659852527082
YHR052W,YLR022C,1,-2.7677703,0.97444087266922,0.32241013646125793,0.0008456659852527082
YGL111W,YHR197W,1,-2.7684379,0.9745222926139832,0.3234672248363495,0.0008456659852527082
YER126C,YLR448W,1,-2.7691283,0.9746031761169434,0.32452431321144104,0.0008456659852527082
YKL021C,YBR267W,1,-2.770172,0.9746835231781006,0.3255814015865326,0.0008456659852527082
YGL078C,YNL182C,1,-2.7752378,0.9747633934020996,0.32663848996162415,0.0008456659852527082
YDR418W,YLR448W,1,-2.7764256,0.9748427867889404,0.3276955485343933,0.0008456659852527082
YHR197W,YPR016C,1,-2.7789953,0.9749216437339783,0.32875263690948486,0.0008456659852527082
YDL031W,YDL014W,1,-2.785234,0.9750000238418579,0.3298097252845764,0.0008456659852527082
YDL014W,YLR448W,1,-2.7860112,0.9750778675079346,0.33086681365966797,0.0008456659852527082
YDL014W,YOR272W,1,-2.7907586,0.9751552939414978,0.3319239020347595,0.0008456659852527082
YKR081C,YLR448W,1,-2.791612,0.9752321839332581,0.3329809606075287,0.0008456659852527082
YOL144W,YGR085C,1,-2.7946653,0.9753086566925049,0.33403804898262024,0.0008456659852527082
YAL025C,YBR142W,1,-2.8065236,0.9753845930099487,0.3350951373577118,0.0008456659852527082
YKL021C,YAL025C,1,-2.8071058,0.9754601120948792,0.33615222573280334,0.0008456659852527082
YDL031W,YKR024C,1,-2.8180943,0.9755351543426514,0.3372093141078949,0.0008456659852527082
YKL021C,YGL111W,1,-2.821742,0.9756097793579102,0.33826637268066406,0.0008456659852527082
YNL182C,YGR085C,1,-2.8274584,0.975683867931366,0.3393234610557556,0.0008456659852527082
YHR169W,YCL059C,0,-2.8284745,0.9727272987365723,0.3393234610557556,0.0009513741824775934
YNR038W,YKL021C,1,-2.8293095,0.9728096723556519,0.34038054943084717,0.0009513741824775934
YJL122W,YDR312W,1,-2.8360958,0.9728915691375732,0.3414376378059387,0.0009513741824775934
YGR085C,YOR272W,1,-2.8370996,0.9729729890823364,0.3424947261810303,0.0009513741824775934
YNL182C,YEL054C,1,-2.8396804,0.9730538725852966,0.34355178475379944,0.0009513741824775934
YGL111W,YIR012W,1,-2.8406413,0.9731343388557434,0.344608873128891,0.0009513741824775934
YDL031W,YNL182C,1,-2.8452215,0.9732142686843872,0.34566596150398254,0.0009513741824775934
YDL014W,YGL111W,1,-2.8458045,0.9732937812805176,0.3467230498790741,0.0009513741824775934
YNL182C,YPL093W,1,-2.847556,0.973372757434845,0.34778013825416565,0.0009513741824775934
YGL078C,YDL014W,1,-2.847686,0.9734513163566589,0.3488371968269348,0.0009513741824775934
YKR024C,YDR091C,1,-2.8553684,0.9735293984413147,0.34989428520202637,0.0009513741824775934
YKR024C,YDL014W,1,-2.8558576,0.973607063293457,0.3509513735771179,0.0009513741824775934
YHR197W,YML073C,1,-2.8681054,0.9736841917037964,0.3520084619522095,0.0009513741824775934
YNL227C,YAL025C,1,-2.8694587,0.9737609624862671,0.353065550327301,0.0009513741824775934
YDR091C,YGR085C,1,-2.8787215,0.9738371968269348,0.3541226089000702,0.0009513741824775934
YNR038W,YGL111W,1,-2.8800006,0.9739130139350891,0.35517969727516174,0.0009513741824775934
YOL144W,YML073C,1,-2.884817,0.97398841381073,0.3562367856502533,0.0009513741824775934
YNR038W,YBR267W,1,-2.8863015,0.9740633964538574,0.35729387402534485,0.0009513741824775934
YKL009W,YPR016C,1,-2.8907588,0.9741379022598267,0.3583509624004364,0.0009513741824775934
YHR197W,YDR418W,1,-2.8973289,0.9742120504379272,0.35940802097320557,0.0009513741824775934
YAL025C,YDR091C,1,-2.8993845,0.9742857217788696,0.3604651093482971,0.0009513741824775934
YCR072C,YDR312W,1,-2.9038897,0.9743589758872986,0.36152219772338867,0.0009513741824775934
YJL122W,YGL111W,1,-2.91288,0.9744318127632141,0.3625792860984802,0.0009513741824775934
YNL182C,YIR012W,1,-2.9174736,0.9745042324066162,0.3636363744735718,0.0009513741824775934
YNR038W,YDR312W,1,-2.9198983,0.9745762944221497,0.36469343304634094,0.0009513741824775934
YHR197W,YEL054C,1,-2.9218144,0.9746478796005249,0.3657505214214325,0.0009513741824775934
YHR197W,YLR022C,1,-2.9350893,0.9747191071510315,0.36680760979652405,0.0009513741824775934
YJL122W,YDL031W,1,-2.939989,0.9747899174690247,0.3678646981716156,0.0009513741824775934
YER126C,YEL054C,1,-2.9402823,0.9748603105545044,0.36892178654670715,0.0009513741824775934
YJL122W,YER126C,1,-2.9415908,0.9749303460121155,0.3699788451194763,0.0009513741824775934
YDL031W,YLR106C,1,-2.9427347,0.9750000238418579,0.37103593349456787,0.0009513741824775934
YLR448W,YFL002C,1,-2.9463155,0.9750692248344421,0.3720930218696594,0.0009513741824775934
YLR068W,YOR210W,0,-2.9511752,0.9723756909370422,0.3720930218696594,0.0010570824379101396
YHR089C,YJR069C,0,-2.954233,0.9696969985961914,0.3720930218696594,0.0011627906933426857
YKL021C,YFL002C,1,-2.9550529,0.9697802066802979,0.373150110244751,0.0011627906933426857
YPL211W,YBR267W,1,-2.9608233,0.9698629975318909,0.37420719861984253,0.0011627906933426857
YMR290C,YOL142W,0,-2.9626236,0.9672130942344666,0.37420719861984253,0.0012684989487752318
YHR197W,YIR012W,1,-2.9638543,0.9673024415969849,0.3752642571926117,0.0012684989487752318
YKL009W,YGR085C,1,-2.9658365,0.967391312122345,0.37632134556770325,0.0012684989487752318
YDL031W,YEL054C,1,-2.9668078,0.9674796462059021,0.3773784339427948,0.0012684989487752318
YNR038W,YNL110C,1,-2.967074,0.9675675630569458,0.37843552231788635,0.0012684989487752318
YHR052W,YEL054C,1,-2.967887,0.9676550030708313,0.3794926106929779,0.0012684989487752318
YOL144W,YDR312W,1,-2.9682395,0.9677419066429138,0.38054966926574707,0.0012684989487752318
YKR024C,YBR142W,1,-2.9717138,0.9678283929824829,0.3816067576408386,0.0012684989487752318
YJL122W,YCR072C,1,-2.9741075,0.9679144620895386,0.3826638460159302,0.0012684989487752318
YKL009W,YLR022C,1,-2.9757404,0.9679999947547913,0.38372093439102173,0.0012684989487752318
YNR038W,YFL002C,1,-2.97978,0.9680851101875305,0.3847780227661133,0.0012684989487752318
YKL009W,YIR012W,1,-2.9873219,0.9681697487831116,0.38583508133888245,0.0012684989487752318
YDL031W,YCR072C,1,-2.9903789,0.9682539701461792,0.386892169713974,0.0012684989487752318
YKL021C,YDR312W,1,-2.992885,0.9683377146720886,0.38794925808906555,0.0012684989487752318
YDL031W,YGR085C,1,-2.997709,0.9684210419654846,0.3890063464641571,0.0012684989487752318
YDR101C,YPR016C,1,-3.0009177,0.9685039520263672,0.39006343483924866,0.0012684989487752318
YBR142W,YDR312W,1,-3.003259,0.9685863852500916,0.3911204934120178,0.0012684989487752318
YDL031W,YIR012W,1,-3.0037887,0.9686684012413025,0.3921775817871094,0.0012684989487752318
YNR038W,YPL211W,1,-3.0039127,0.96875,0.3932346701622009,0.0012684989487752318
YDL014W,YFL002C,1,-3.0043633,0.9688311815261841,0.3942917585372925,0.0012684989487752318
YNL182C,YDR312W,1,-3.0046167,0.9689119458198547,0.39534884691238403,0.0012684989487752318
YGL078C,YFL002C,1,-3.0048406,0.9689922332763672,0.3964059054851532,0.0012684989487752318
YDL014W,YER126C,1,-3.0053878,0.969072163105011,0.39746299386024475,0.0012684989487752318
YNR038W,YDR091C,1,-3.0077033,0.9691516757011414,0.3985200822353363,0.0012684989487752318
YPL211W,YPR016C,1,-3.0083728,0.9692307710647583,0.39957717061042786,0.0012684989487752318
YDR101C,YEL054C,1,-3.014076,0.9693094491958618,0.4006342589855194,0.0012684989487752318
YPR016C,YOR272W,1,-3.01595,0.9693877696990967,0.4016913175582886,0.0012684989487752318
YGL099W,YKL081W,0,-3.0164747,0.9669210910797119,0.4016913175582886,0.001374207204207778
YDR418W,YPL131W,1,-3.0234494,0.9670050740242004,0.4027484059333801,0.001374207204207778
YDL031W,YNR038W,1,-3.027844,0.9670885801315308,0.4038054943084717,0.001374207204207778
YGL078C,YBR267W,1,-3.027952,0.9671717286109924,0.40486258268356323,0.001374207204207778
YKL021C,YLR022C,1,-3.0310404,0.9672544002532959,0.4059196710586548,0.001374207204207778
YDL031W,YBR267W,1,-3.0342114,0.9673366546630859,0.40697672963142395,0.001374207204207778
YHR052W,YGR085C,1,-3.0377514,0.9674185514450073,0.4080338180065155,0.001374207204207778
YNR038W,YPR016C,1,-3.0403678,0.9674999713897705,0.40909090638160706,0.001374207204207778
YLR009W,YFL002C,1,-3.0421398,0.967581033706665,0.4101479947566986,0.001374207204207778
YKR024C,YKL021C,1,-3.0433517,0.9676616787910461,0.41120508313179016,0.001374207204207778
YER126C,YCR072C,1,-3.0448678,0.9677419066429138,0.4122621417045593,0.001374207204207778
YLR009W,YIR012W,1,-3.0456634,0.9678217768669128,0.4133192300796509,0.001374207204207778
YLR106C,YPL211W,1,-3.046649,0.9679012298583984,0.41437631845474243,0.001374207204207778
YKR024C,YGL111W,1,-3.0490212,0.9679803252220154,0.415433406829834,0.001374207204207778
YKL021C,YGR085C,1,-3.070209,0.9680589437484741,0.41649049520492554,0.001374207204207778
YAL025C,YIR012W,1,-3.0790625,0.968137264251709,0.4175475835800171,0.001374207204207778
YHR052W,YFL002C,1,-3.08395,0.9682151675224304,0.41860464215278625,0.001374207204207778
YKR081C,YLR022C,1,-3.0861688,0.9682926535606384,0.4196617305278778,0.001374207204207778
YKL021C,YDR091C,1,-3.0882215,0.9683698415756226,0.42071881890296936,0.001374207204207778
YDL031W,YPL093W,1,-3.0888453,0.9684466123580933,0.4217759072780609,0.001374207204207778
YLR069C,YDR296W,0,-3.0902674,0.9661017060279846,0.4217759072780609,0.0014799154596403241
YHR052W,YML073C,1,-3.093021,0.966183602809906,0.42283299565315247,0.0014799154596403241
YHR197W,YPL193W,1,-3.0947595,0.966265082359314,0.42389005422592163,0.0014799154596403241
YOL144W,YFL002C,1,-3.1033149,0.9663461446762085,0.4249471426010132,0.0014799154596403241
YPL211W,YPL131W,1,-3.1088555,0.9664268493652344,0.42600423097610474,0.0014799154596403241
YBR142W,YML073C,1,-3.1123292,0.9665071964263916,0.4270613193511963,0.0014799154596403241
YAL025C,YDL014W,1,-3.1220386,0.9665871262550354,0.42811840772628784,0.0014799154596403241
YGR264C,YKL144C,0,-3.1223762,0.9642857313156128,0.42811840772628784,0.0015856237150728703
YKL021C,YPL093W,1,-3.12341,0.9643705487251282,0.429175466299057,0.0015856237150728703
YPL131W,YLR448W,1,-3.125192,0.9644549489021301,0.43023255467414856,0.0015856237150728703
YDR091C,YEL054C,1,-3.1310346,0.9645389914512634,0.4312896430492401,0.0015856237150728703
YEL054C,YOR272W,1,-3.131514,0.9646226167678833,0.43234673142433167,0.0015856237150728703
YNR038W,YBR142W,1,-3.1347835,0.9647058844566345,0.4334038197994232,0.0015856237150728703
YDL031W,YLR448W,1,-3.1350985,0.9647887349128723,0.4344608783721924,0.0015856237150728703
YHR052W,YPR016C,1,-3.1375241,0.9648711681365967,0.43551796674728394,0.0015856237150728703
YJL122W,YNR038W,1,-3.1456974,0.9649532437324524,0.4365750551223755,0.0015856237150728703
YPL211W,YDR312W,1,-3.1581287,0.9650349617004395,0.43763214349746704,0.0015856237150728703
YPL093W,YDL014W,1,-3.1618104,0.9651162624359131,0.4386892318725586,0.0015856237150728703
YBR142W,YEL054C,1,-3.1629932,0.9651972055435181,0.43974629044532776,0.0015856237150728703
YDL014W,YNL110C,1,-3.1638575,0.9652777910232544,0.4408033788204193,0.0015856237150728703
YDR091C,YLR448W,1,-3.1691883,0.9653579592704773,0.44186046719551086,0.0015856237150728703
YAL025C,YGL111W,1,-3.1729198,0.9654377698898315,0.4429175555706024,0.0015856237150728703
YIR012W,YPR016C,1,-3.1869442,0.9655172228813171,0.44397464394569397,0.0015856237150728703
YKL021C,YDL014W,1,-3.1915867,0.9655963182449341,0.44503170251846313,0.0015856237150728703
YDR087C,YPL239W,0,-3.194755,0.9633867144584656,0.44503170251846313,0.0016913319705054164
YDR091C,YCR072C,1,-3.1984005,0.9634703397750854,0.4460887908935547,0.0016913319705054164
YDL031W,YFL002C,1,-3.1987596,0.9635535478591919,0.44714587926864624,0.0016913319705054164
YHR052W,YDR418W,1,-3.2004318,0.9636363387107849,0.4482029676437378,0.0016913319705054164
YDL014W,YML073C,1,-3.204925,0.963718831539154,0.44926005601882935,0.0016913319705054164
YHR052W,YDR312W,1,-3.2117026,0.9638009071350098,0.4503171145915985,0.0016913319705054164
YGR085C,YFL002C,1,-3.215335,0.9638826251029968,0.45137420296669006,0.0016913319705054164
YNR038W,YOL144W,1,-3.2169845,0.9639639854431152,0.4524312913417816,0.0016913319705054164
YHR197W,YLR448W,1,-3.2195146,0.9640449285507202,0.45348837971687317,0.0016913319705054164
YBR267W,YDR312W,1,-3.2235081,0.9641255736351013,0.4545454680919647,0.0016913319705054164
YDL031W,YML073C,1,-3.2303915,0.964205801486969,0.4556025266647339,0.0016913319705054164
YKR081C,YPL131W,1,-3.2323503,0.9642857313156128,0.45665961503982544,0.0016913319705054164
YDR101C,YIR012W,1,-3.2336211,0.9643652439117432,0.457716703414917,0.0016913319705054164
YEL054C,YML073C,1,-3.2336369,0.9644444584846497,0.45877379179000854,0.0016913319705054164
YGL078C,YLR022C,1,-3.2340064,0.9645232558250427,0.4598308801651001,0.0016913319705054164
YLR009W,YLR448W,1,-3.2385151,0.9646017551422119,0.46088793873786926,0.0016913319705054164
YDR418W,YML073C,1,-3.240983,0.9646798968315125,0.4619450271129608,0.0016913319705054164
YLR448W,YOR272W,1,-3.2423153,0.9647576808929443,0.46300211548805237,0.0016913319705054164
YBR142W,YLR022C,1,-3.247468,0.9648351669311523,0.4640592038631439,0.0016913319705054164
YNR038W,YPL131W,1,-3.2479212,0.9649122953414917,0.4651162922382355,0.0016913319705054164
YKL009W,YLR448W,1,-3.2485006,0.9649890661239624,0.46617335081100464,0.0016913319705054164
YGR085C,YEL054C,1,-3.253183,0.9650654792785645,0.4672304391860962,0.0016913319705054164
YER126C,YBR267W,1,-3.2555826,0.9651415944099426,0.46828752756118774,0.0016913319705054164
YER126C,YDR312W,1,-3.2565923,0.9652174115180969,0.4693446159362793,0.0016913319705054164
YDR101C,YKL021C,1,-3.2612936,0.9652928709983826,0.47040170431137085,0.0016913319705054164
YPL093W,YLR448W,1,-3.2613826,0.9653679728507996,0.47145876288414,0.0016913319705054164
YER126C,YLR022C,1,-3.2644253,0.9654427766799927,0.47251585125923157,0.0016913319705054164
YHR052W,YLR448W,1,-3.2647648,0.9655172228813171,0.4735729396343231,0.0016913319705054164
YBR267W,YDR091C,1,-3.2666018,0.9655913710594177,0.4746300280094147,0.0016913319705054164
YKR081C,YOL127W,1,-3.267735,0.9656652212142944,0.4756871163845062,0.0016913319705054164
YGL111W,YPR016C,1,-3.2687976,0.9657387733459473,0.4767441749572754,0.0016913319705054164
YDR312W,YOR272W,1,-3.276407,0.9658119678497314,0.47780126333236694,0.0016913319705054164
YNL227C,YBR142W,1,-3.2787104,0.9658848643302917,0.4788583517074585,0.0016913319705054164
YDL014W,YOL144W,1,-3.2788954,0.9659574627876282,0.47991544008255005,0.0016913319705054164
YNR038W,YGR085C,1,-3.2806714,0.966029703617096,0.4809725284576416,0.0016913319705054164
YLR009W,YML073C,1,-3.284402,0.9661017060279846,0.48202958703041077,0.0016913319705054164
YOL144W,YEL054C,1,-3.2865062,0.9661733508110046,0.4830866754055023,0.0016913319705054164
YML073C,YOR272W,1,-3.2925806,0.9662446975708008,0.48414376378059387,0.0016913319705054164
YPL093W,YDR312W,1,-3.2966292,0.9663158059120178,0.4852008521556854,0.0016913319705054164
YDL014W,YBR267W,1,-3.3019605,0.9663865566253662,0.486257940530777,0.0016913319705054164
YML073C,YFL002C,1,-3.3094,0.9664570093154907,0.48731499910354614,0.0016913319705054164
YNL110C,YGL111W,1,-3.3119833,0.9665272235870361,0.4883720874786377,0.0016913319705054164
YOR119C,YDR398W,0,-3.3187246,0.9645093679428101,0.4883720874786377,0.0017970402259379625
YKL110C,YGR280C,0,-3.3187428,0.9624999761581421,0.4883720874786377,0.0019027483649551868
YGL078C,YDR312W,1,-3.319661,0.9625779390335083,0.48942917585372925,0.0019027483649551868
YKR024C,YLR022C,1,-3.322028,0.9626556038856506,0.4904862642288208,0.0019027483649551868
YNL227C,YNL110C,1,-3.3228526,0.9627329111099243,0.49154335260391235,0.0019027483649551868
YER126C,YFL002C,1,-3.3249702,0.9628099203109741,0.4926004111766815,0.0019027483649551868
YNL227C,YLR009W,1,-3.3272727,0.9628865718841553,0.49365749955177307,0.0019027483649551868
YKL009W,YEL054C,1,-3.3306978,0.9629629850387573,0.4947145879268646,0.0019027483649551868
YNL182C,YNL227C,1,-3.331041,0.9630390405654907,0.4957716763019562,0.0019027483649551868
YKR024C,YIR012W,1,-3.3334477,0.9631147384643555,0.49682876467704773,0.0019027483649551868
YKR081C,YPR016C,1,-3.3405056,0.9631901979446411,0.4978858232498169,0.0019027483649551868
YNR038W,YKL009W,1,-3.341137,0.9632652997970581,0.49894291162490845,0.0019027483649551868
YBR142W,YDL014W,1,-3.341779,0.9633401036262512,0.5,0.0019027483649551868
YDR091C,YFL002C,1,-3.3440032,0.9634146094322205,0.5010570883750916,0.0019027483649551868
YBR142W,YLR448W,1,-3.344812,0.9634888172149658,0.5021141767501831,0.0019027483649551868
YGR264C,YOR340C,0,-3.344868,0.9615384340286255,0.5021141767501831,0.002008456736803055
YNL182C,YLR448W,1,-3.3499947,0.9616161584854126,0.5031712651252747,0.002008456736803055
YPL093W,YPL131W,1,-3.3513505,0.961693525314331,0.5042283535003662,0.002008456736803055
YGL078C,YLR448W,1,-3.3516145,0.9617705941200256,0.5052854418754578,0.002008456736803055
YLR106C,YER126C,1,-3.3537922,0.9618473649024963,0.5063424706459045,0.002008456736803055
YLR009W,YDR312W,1,-3.3538523,0.9619238376617432,0.5073995590209961,0.002008456736803055
YJL109C,YLR003C,0,-3.354838,0.9599999785423279,0.5073995590209961,0.002114164875820279
YDR418W,YOR272W,1,-3.3579824,0.9600798487663269,0.5084566473960876,0.002114164875820279
YGL078C,YEL054C,1,-3.3596582,0.9601593613624573,0.5095137357711792,0.002114164875820279
YNR038W,YDL014W,1,-3.3628623,0.9602385759353638,0.5105708241462708,0.002114164875820279
YLR106C,YLR009W,1,-3.364829,0.9603174328804016,0.5116279125213623,0.002114164875820279
YGL078C,YGR085C,1,-3.3720345,0.9603960514068604,0.5126850008964539,0.002114164875820279
YNL182C,YML073C,1,-3.372589,0.9604743123054504,0.5137420892715454,0.002114164875820279
YAL025C,YDR312W,1,-3.3737266,0.9605522751808167,0.514799177646637,0.002114164875820279
YDL031W,YDR418W,1,-3.3768687,0.960629940032959,0.5158562660217285,0.002114164875820279
YHR052W,YNL227C,1,-3.3780026,0.9607072472572327,0.5169132947921753,0.002114164875820279
YKL009W,YDR418W,1,-3.3808904,0.9607843160629272,0.5179703831672668,0.002114164875820279
YOL144W,YLR448W,1,-3.382305,0.9608610272407532,0.5190274715423584,0.002114164875820279
YPL211W,YLR022C,1,-3.3860724,0.9609375,0.52008455991745,0.002114164875820279
YKR024C,YEL054C,1,-3.391268,0.961013674736023,0.5211416482925415,0.002114164875820279
YNR038W,YER126C,1,-3.3942916,0.9610894918441772,0.5221987366676331,0.002114164875820279
YEL054C,YIR012W,1,-3.3960257,0.9611650705337524,0.5232558250427246,0.002114164875820279
YGL078C,YIR012W,1,-3.3964257,0.961240291595459,0.5243129134178162,0.002114164875820279
YDL014W,YIR012W,1,-3.3986368,0.9613152742385864,0.5253700017929077,0.002114164875820279
YJL122W,YGR085C,1,-3.4020088,0.96138995885849,0.5264270901679993,0.002114164875820279
YDL031W,YPL131W,1,-3.4044895,0.9614643454551697,0.527484118938446,0.002114164875820279
YER126C,YIR012W,1,-3.4083226,0.9615384340286255,0.5285412073135376,0.002114164875820279
YLR106C,YKR081C,1,-3.4090474,0.9616122841835022,0.5295982956886292,0.002114164875820279
YLR009W,YGR085C,1,-3.4127705,0.961685836315155,0.5306553840637207,0.002114164875820279
YJL122W,YLR022C,1,-3.4151833,0.961759090423584,0.5317124724388123,0.002114164875820279
YNR038W,YEL054C,1,-3.416284,0.9618320465087891,0.5327695608139038,0.002114164875820279
YDR091C,YOR063W,1,-3.4164536,0.961904764175415,0.5338266491889954,0.002114164875820279
YGL111W,YDR312W,1,-3.4178834,0.9619771838188171,0.5348837375640869,0.002114164875820279
YNL227C,YKR081C,1,-3.4216104,0.9620493650436401,0.5359408259391785,0.002114164875820279
YNR038W,YIR012W,1,-3.4216123,0.9621211886405945,0.53699791431427,0.002114164875820279
YNL110C,YPR016C,1,-3.4287384,0.9621928334236145,0.5380549430847168,0.002114164875820279
YNL110C,YML073C,1,-3.4312503,0.9622641801834106,0.5391120314598083,0.002114164875820279
YLR009W,YEL054C,1,-3.4328313,0.9623352289199829,0.5401691198348999,0.002114164875820279
YPL093W,YPR016C,1,-3.442772,0.9624060392379761,0.5412262082099915,0.002114164875820279
YIR012W,YDR312W,1,-3.4454534,0.9624765515327454,0.542283296585083,0.002114164875820279
YLR106C,YHR197W,1,-3.445837,0.9625468254089355,0.5433403849601746,0.002114164875820279
YNL227C,YCR072C,1,-3.4492636,0.9626168012619019,0.5443974733352661,0.002114164875820279
YAL025C,YLR448W,1,-3.4509048,0.9626865386962891,0.5454545617103577,0.002114164875820279
YDR091C,YML073C,1,-3.460049,0.9627560377120972,0.5465116500854492,0.002114164875820279
YNR038W,YLR448W,1,-3.4621146,0.9628252983093262,0.5475687384605408,0.002114164875820279
YDL213C,YPR132W,0,-3.4659343,0.9610389471054077,0.5475687384605408,0.002219873247668147
YGR085C,YLR448W,1,-3.4669592,0.9611111283302307,0.5486257672309875,0.002219873247668147
YAL025C,YML073C,1,-3.4695861,0.9611830115318298,0.5496828556060791,0.002219873247668147
YLR022C,YFL002C,1,-3.4740684,0.9612545967102051,0.5507399439811707,0.002219873247668147
YOL144W,YDR418W,1,-3.4746258,0.9613259434700012,0.5517970323562622,0.002219873247668147
YNL227C,YHR197W,1,-3.4762027,0.9613970518112183,0.5528541207313538,0.002219873247668147
YOR063W,YLR448W,1,-3.4806848,0.9614678621292114,0.5539112091064453,0.002219873247668147
YKR081C,YOR063W,1,-3.4842484,0.9615384340286255,0.5549682974815369,0.002219873247668147
YFL002C,YOR272W,1,-3.4881587,0.9616087675094604,0.5560253858566284,0.002219873247668147
YGR085C,YDR418W,1,-3.4897556,0.9616788029670715,0.55708247423172,0.002219873247668147
YNR038W,YML073C,1,-3.4973733,0.9617486596107483,0.5581395626068115,0.002219873247668147
YCR057C,YHR203C,0,-3.5007224,0.9599999785423279,0.5581395626068115,0.0023255813866853714
YLR009W,YPL131W,1,-3.5010304,0.9600725769996643,0.5591965913772583,0.0023255813866853714
YCR072C,YFL002C,1,-3.5028567,0.9601449370384216,0.5602536797523499,0.0023255813866853714
YJR145C,YLR435W,0,-3.5093532,0.9584086537361145,0.5602536797523499,0.0024312895257025957
YPL093W,YIR012W,1,-3.5193384,0.9584837555885315,0.5613107681274414,0.0024312895257025957
YKL172W,YLR316C,0,-3.5194197,0.9567567706108093,0.5613107681274414,0.0025369978975504637
YHR197W,YPL131W,1,-3.5195293,0.9568345546722412,0.562367856502533,0.0025369978975504637
YDL031W,YGL111W,1,-3.5278835,0.9569120407104492,0.5634249448776245,0.0025369978975504637
YJL122W,YNL227C,1,-3.5319772,0.9569892287254333,0.5644820332527161,0.0025369978975504637
YDL014W,YGR085C,1,-3.5321038,0.9570661783218384,0.5655391216278076,0.0025369978975504637
YJL122W,YFL002C,1,-3.536411,0.9571428298950195,0.5665962100028992,0.0025369978975504637
YLR009W,YPL193W,1,-3.538748,0.9572192430496216,0.5676532983779907,0.0025369978975504637
YNR038W,YDR418W,1,-3.5415857,0.9572953581809998,0.5687103867530823,0.0025369978975504637
YNL227C,YGL111W,1,-3.5428452,0.9573712348937988,0.569767415523529,0.0025369978975504637
YHL011C,YJR007W,0,-3.544174,0.9556737542152405,0.569767415523529,0.002642706036567688
YHR052W,YPL193W,1,-3.5487025,0.9557521939277649,0.5708245038986206,0.002642706036567688
YDR101C,YML073C,1,-3.5487401,0.9558303952217102,0.5718815922737122,0.002642706036567688
YAL025C,YLR106C,1,-3.5489292,0.9559082984924316,0.5729386806488037,0.002642706036567688
YGL078C,YML073C,1,-3.5529296,0.9559859037399292,0.5739957690238953,0.002642706036567688
YKL021C,YCR072C,1,-3.5545633,0.9560632705688477,0.5750528573989868,0.002642706036567688
YCR072C,YLR022C,1,-3.5576718,0.9561403393745422,0.5761099457740784,0.002642706036567688
YJL011C,YJR145C,0,-3.558648,0.9544658660888672,0.5761099457740784,0.002748414408415556
YDR377W,YBL045C,0,-3.56537,0.9527971744537354,0.5761099457740784,0.0028541225474327803
YBR142W,YDR418W,1,-3.57962,0.9528796076774597,0.5771670341491699,0.0028541225474327803
YJL122W,YLR448W,1,-3.5808635,0.9529616832733154,0.5782241225242615,0.0028541225474327803
YLR002C,YPL043W,0,-3.5855947,0.9513043761253357,0.5782241225242615,0.0029598309192806482
YDR101C,YLR448W,1,-3.5911782,0.9513888955116272,0.579281210899353,0.0029598309192806482
YOL144W,YLR022C,1,-3.5934217,0.9514731168746948,0.5803382396697998,0.0029598309192806482
YDR101C,YGR085C,1,-3.5945706,0.9515570998191833,0.5813953280448914,0.0029598309192806482
YDR101C,YFL002C,1,-3.5958836,0.951640784740448,0.5824524164199829,0.0029598309192806482
YGR085C,YPL131W,1,-3.6002197,0.951724112033844,0.5835095047950745,0.0029598309192806482
YLR106C,YDR091C,1,-3.6020951,0.9518072009086609,0.584566593170166,0.0029598309192806482
YDR101C,YLR106C,1,-3.6046467,0.9518900513648987,0.5856236815452576,0.0029598309192806482
YKL021C,YDR418W,1,-3.6090004,0.9519725441932678,0.5866807699203491,0.0029598309192806482
YDR091C,YIR012W,1,-3.610036,0.9520547986030579,0.5877378582954407,0.0029598309192806482
YHR197W,YFL002C,1,-3.6129556,0.952136754989624,0.5887949466705322,0.0029598309192806482
YEL054C,YCR072C,1,-3.6130495,0.9522184133529663,0.5898520350456238,0.0029598309192806482
YGR085C,YLR022C,1,-3.6145768,0.9522998332977295,0.5909090638160706,0.0029598309192806482
YPL093W,YPL193W,1,-3.6169128,0.9523809552192688,0.5919661521911621,0.0029598309192806482
YEL054C,YPL131W,1,-3.6176949,0.9524617791175842,0.5930232405662537,0.0029598309192806482
YKR056W,YKL099C,0,-3.6186402,0.9508474469184875,0.5930232405662537,0.0030655390582978725
YDL166C,YJL109C,0,-3.6201,0.9492385983467102,0.5930232405662537,0.0031712474301457405
YDR418W,YOR063W,1,-3.624019,0.9493243098258972,0.5940803289413452,0.0031712474301457405
YLR022C,YDR312W,1,-3.624071,0.9494097828865051,0.5951374173164368,0.0031712474301457405
YNR053C,YIL118W,0,-3.6253204,0.9478114247322083,0.5951374173164368,0.003276955569162965
YNL182C,YDR418W,1,-3.6287436,0.9478991627693176,0.5961945056915283,0.003276955569162965
YNR038W,YLR106C,1,-3.6321197,0.9479866027832031,0.5972515940666199,0.003276955569162965
YGL078C,YPL193W,1,-3.6380162,0.94807368516922,0.5983086824417114,0.003276955569162965
YPL093W,YEL054C,1,-3.6467724,0.9481605291366577,0.599365770816803,0.003276955569162965
YNL227C,YBR267W,1,-3.649844,0.9482470750808716,0.6004228591918945,0.003276955569162965
YKL110C,YBL024W,0,-3.6582932,0.9466666579246521,0.6004228591918945,0.003382663941010833
YDR091C,YLR022C,1,-3.6681101,0.9467554092407227,0.6014798879623413,0.003382663941010833
YDL031W,YPR016C,1,-3.6703916,0.9468438625335693,0.6025369763374329,0.003382663941010833
YNL110C,YFL002C,1,-3.671106,0.9469320178031921,0.6035940647125244,0.003382663941010833
YKL009W,YDR312W,1,-3.673089,0.9470198750495911,0.604651153087616,0.003382663941010833
YNL110C,YDR418W,1,-3.6752613,0.9471074342727661,0.6057082414627075,0.003382663941010833
YAL025C,YEL054C,1,-3.6778896,0.9471946954727173,0.6067653298377991,0.003382663941010833
YNL182C,YFL002C,1,-3.678288,0.9472817182540894,0.6078224182128906,0.003382663941010833
YNL182C,YPL193W,1,-3.6842833,0.9473684430122375,0.6088795065879822,0.003382663941010833
YGR158C,YJL098W,0,-3.6874144,0.9458128213882446,0.6088795065879822,0.003488372080028057
YLR264W,YMR243C,0,-3.6883786,0.9442622661590576,0.6088795065879822,0.003594080451875925
YGL078C,YKL021C,1,-3.6900892,0.9443535208702087,0.6099365949630737,0.003594080451875925
YOL127W,YLR448W,1,-3.6940446,0.9444444179534912,0.6109936833381653,0.003594080451875925
YLR106C,YFL002C,1,-3.6946263,0.9445350766181946,0.6120507121086121,0.003594080451875925
YDR101C,YPL131W,1,-3.6948888,0.9446253776550293,0.6131078004837036,0.003594080451875925
YBR267W,YLR022C,1,-3.696759,0.9447154402732849,0.6141648888587952,0.003594080451875925
YER126C,YML073C,1,-3.6986027,0.9448052048683167,0.6152219772338867,0.003594080451875925
YJL122W,YPR016C,1,-3.7003517,0.9448946714401245,0.6162790656089783,0.003594080451875925
YPL211W,YOL127W,1,-3.7011094,0.9449838399887085,0.6173361539840698,0.003594080451875925
YGR085C,YOR063W,1,-3.7065115,0.9450727105140686,0.6183932423591614,0.003594080451875925
YDR101C,YLR022C,1,-3.7069783,0.9451612830162048,0.6194503307342529,0.003594080451875925
YNL227C,YKL009W,1,-3.7181032,0.945249617099762,0.6205074191093445,0.003594080451875925
YNR038W,YNL227C,1,-3.7199814,0.9453375935554504,0.621564507484436,0.003594080451875925
YKL021C,YIR012W,1,-3.724547,0.9454253315925598,0.6226215362548828,0.003594080451875925
YPR033C,YPL126W,0,-3.7285874,0.9439102411270142,0.6226215362548828,0.0036997885908931494
YDR101C,YNL227C,1,-3.7291036,0.9440000057220459,0.6236786246299744,0.0036997885908931494
YFL002C,YPR016C,1,-3.7298443,0.9440894722938538,0.6247357130050659,0.0036997885908931494
YDL031W,YLR022C,1,-3.732746,0.9441786408424377,0.6257928013801575,0.0036997885908931494
YOR361C,YGR185C,0,-3.7339993,0.9426751732826233,0.6257928013801575,0.0038054967299103737
YHR052W,YPL131W,1,-3.7362192,0.9427663087844849,0.626849889755249,0.0038054967299103737
YHR197W,YDR312W,1,-3.7367022,0.9428571462631226,0.6279069781303406,0.0038054967299103737
YPL093W,YGR085C,1,-3.7381792,0.9429476857185364,0.6289640665054321,0.0038054967299103737
YAL025C,YFL002C,1,-3.7416062,0.9430379867553711,0.6300211548805237,0.0038054967299103737
YNR038W,YLR022C,1,-3.7439883,0.9431279897689819,0.6310782432556152,0.0038054967299103737
YKL009W,YFL002C,1,-3.7451432,0.9432176947593689,0.6321353316307068,0.0038054967299103737
YOR063W,YPL131W,1,-3.7506921,0.943307101726532,0.6331923604011536,0.0038054967299103737
YDR091C,YPL131W,1,-3.7536438,0.9433962106704712,0.6342494487762451,0.0038054967299103737
YGR095C,YER082C,0,-3.7541194,0.9419152140617371,0.6342494487762451,0.003911205101758242
YGL111W,YLR448W,1,-3.7577696,0.9420062899589539,0.6353065371513367,0.003911205101758242
YNL153C,YHR081W,0,-3.7595406,0.9405320882797241,0.6353065371513367,0.00401691347360611
YLR009W,YDR418W,1,-3.7598038,0.940625011920929,0.6363636255264282,0.00401691347360611
YPL131W,YPR016C,1,-3.7614913,0.9407176375389099,0.6374207139015198,0.00401691347360611
YNL227C,YOL144W,1,-3.762928,0.940809965133667,0.6384778022766113,0.00401691347360611
YDL031W,YNL227C,1,-3.7632651,0.9409019947052002,0.6395348906517029,0.00401691347360611
YBR142W,YPL193W,1,-3.765407,0.9409937858581543,0.6405919790267944,0.00401691347360611
YPL131W,YOR272W,1,-3.7683392,0.9410852789878845,0.641649067401886,0.00401691347360611
YNL227C,YKL021C,1,-3.7700355,0.9411764740943909,0.6427061557769775,0.00401691347360611
YJR097W,YOL142W,0,-3.7735445,0.9397217631340027,0.6427061557769775,0.00412262137979269
YLR448W,YIR012W,1,-3.7778213,0.9398148059844971,0.6437631845474243,0.00412262137979269
YDR101C,YDR418W,1,-3.778565,0.9399075508117676,0.6448202729225159,0.00412262137979269
YLR223C,YGR159C,0,-3.7810216,0.9384615421295166,0.6448202729225159,0.004228329751640558
YJL122W,YML073C,1,-3.7824903,0.9385560750961304,0.6458773612976074,0.004228329751640558
YKL021C,YML073C,1,-3.7939463,0.9386503100395203,0.646934449672699,0.004228329751640558
YPR119W,YBL032W,0,-3.799204,0.9372128844261169,0.646934449672699,0.004334038123488426
YBR142W,YPL131W,1,-3.801125,0.9373088479042053,0.6479915380477905,0.004334038123488426
YAL025C,YLR022C,1,-3.806737,0.9374045729637146,0.6490486264228821,0.004334038123488426
YAL025C,YPR016C,1,-3.8122652,0.9375,0.6501057147979736,0.004334038123488426
YNL110C,YEL054C,1,-3.8154635,0.9375951290130615,0.6511628031730652,0.004334038123488426
YEL054C,YPR016C,1,-3.8160496,0.9376899600028992,0.6522198915481567,0.004334038123488426
YPL093W,YML073C,1,-3.8167193,0.9377844929695129,0.6532769799232483,0.004334038123488426
YJR069C,YGR264C,0,-3.8178976,0.9363636374473572,0.6532769799232483,0.004439746495336294
YGL111W,YPL193W,1,-3.8300862,0.9364598989486694,0.6543340086936951,0.004439746495336294
YHR052W,YOL127W,1,-3.8328743,0.9365558624267578,0.6553910970687866,0.004439746495336294
YHR120W,YNL061W,0,-3.8367696,0.9351432919502258,0.6553910970687866,0.004545454401522875
YGR085C,YOL127W,1,-3.839875,0.9352409839630127,0.6564481854438782,0.004545454401522875
YPL131W,YFL002C,1,-3.8421047,0.9353383183479309,0.6575052738189697,0.004545454401522875
YPL131W,YML073C,1,-3.8423765,0.93543541431427,0.6585623621940613,0.004545454401522875
YGL078C,YOL127W,1,-3.8579612,0.9355322122573853,0.6596194505691528,0.004545454401522875
YJL122W,YLR106C,1,-3.861748,0.9356287717819214,0.6606765389442444,0.004545454401522875
YJL122W,YDR418W,1,-3.863864,0.9357249736785889,0.6617336273193359,0.004545454401522875
YNL227C,YER126C,1,-3.868712,0.9358208775520325,0.6627907156944275,0.004545454401522875
YKR081C,YPL193W,1,-3.8688662,0.935916543006897,0.663847804069519,0.004545454401522875
YDL014W,YEL054C,1,-3.8702135,0.9360119104385376,0.6649048328399658,0.004545454401522875
YBR267W,YEL054C,1,-3.873954,0.9361069798469543,0.6659619212150574,0.004545454401522875
YLR106C,YNL110C,1,-3.8742375,0.9362017512321472,0.6670190095901489,0.004545454401522875
YDR091C,YDR312W,1,-3.8899047,0.936296284198761,0.6680760979652405,0.004545454401522875
YAL025C,YDR418W,1,-3.8904092,0.9363905191421509,0.669133186340332,0.004545454401522875
YGL078C,YLR106C,1,-3.90122,0.9364845156669617,0.6701902747154236,0.004545454401522875
YLR009W,YOR063W,1,-3.9028068,0.9365781545639038,0.6712473630905151,0.004545454401522875
YNL062C,YNL153C,0,-3.9082794,0.9351988434791565,0.6712473630905151,0.004651162773370743
YKR024C,YML073C,1,-3.9093752,0.9352940917015076,0.6723044514656067,0.004651162773370743
YLR106C,YOR272W,1,-3.9114285,0.9353891611099243,0.6733615398406982,0.004651162773370743
YHR197W,YOL127W,1,-3.9125009,0.9354838728904724,0.6744186282157898,0.004651162773370743
YBR142W,YOL127W,1,-3.9126046,0.9355783462524414,0.6754757165908813,0.004651162773370743
YDL014W,YPR016C,1,-3.9133143,0.9356725215911865,0.6765327453613281,0.004651162773370743
YML073C,YIR012W,1,-3.9138563,0.9357663989067078,0.6775898337364197,0.004651162773370743
YDR101C,YDR312W,1,-3.9166703,0.9358600378036499,0.6786469221115112,0.004651162773370743
YJL122W,YOL127W,1,-3.916794,0.9359534382820129,0.6797040104866028,0.004651162773370743
YKL009W,YOL127W,1,-3.9201894,0.9360465407371521,0.6807610988616943,0.004651162773370743
YGL111W,YLR022C,1,-3.9245074,0.9361393451690674,0.6818181872367859,0.004651162773370743
YOL144W,YPR016C,1,-3.927902,0.9362319111824036,0.6828752756118774,0.004651162773370743
YIL079C,YNL209W,0,-3.9311647,0.9348769783973694,0.6828752756118774,0.004756871145218611
YPL093W,YFL002C,1,-3.9316375,0.9349710941314697,0.683932363986969,0.004756871145218611
YLR106C,YGL111W,1,-3.9322872,0.9350649118423462,0.6849894523620605,0.004756871145218611
YDR101C,YOR063W,1,-3.9325097,0.9351584911346436,0.6860465407371521,0.004756871145218611
YNL182C,YLR106C,1,-3.937593,0.935251772403717,0.6871035695075989,0.004756871145218611
YOR063W,YFL002C,1,-3.9401,0.9353448152542114,0.6881606578826904,0.004756871145218611
YNL110C,YDR312W,1,-3.943245,0.9354375600814819,0.689217746257782,0.004756871145218611
YOR098C,YDL112W,0,-3.9436193,0.934097409248352,0.689217746257782,0.004862579051405191
YKR024C,YLR448W,1,-3.9500835,0.9341917037963867,0.6902748346328735,0.004862579051405191
YNL110C,YLR448W,1,-3.9505117,0.9342857003211975,0.6913319230079651,0.004862579051405191
YCL054W,YGR185C,0,-3.9507358,0.9329529404640198,0.6913319230079651,0.004968287423253059
YAL025C,YPL193W,1,-3.9514213,0.93304842710495,0.6923890113830566,0.004968287423253059
YLR009W,YOL127W,1,-3.95489,0.933143675327301,0.6934460997581482,0.004968287423253059
YLR022C,YOR272W,1,-3.9656906,0.9332386255264282,0.6945031881332397,0.004968287423253059
YER126C,YOL127W,1,-3.975078,0.9333333373069763,0.6955602765083313,0.004968287423253059
YPL093W,YLR022C,1,-3.9779577,0.9334277510643005,0.6966173648834229,0.004968287423253059
YGL078C,YNL227C,1,-3.9874892,0.9335219264030457,0.6976743936538696,0.004968287423253059
YOL021C,YMR049C,0,-3.9949155,0.9322034120559692,0.6976743936538696,0.005073995795100927
YLR405W,YGR285C,0,-4.007425,0.9308885931968689,0.6976743936538696,0.005179704166948795
YDL014W,YLR022C,1,-4.0119314,0.9309859275817871,0.6987314820289612,0.005179704166948795
YKL009W,YOR063W,1,-4.0144815,0.9310829639434814,0.6997885704040527,0.005179704166948795
YNR038W,YOL127W,1,-4.0190167,0.9311797618865967,0.7008456587791443,0.005179704166948795
YMR312W,YHL011C,0,-4.0196366,0.9298737645149231,0.7008456587791443,0.005285412073135376
YLR106C,YOL144W,1,-4.0220494,0.9299719929695129,0.7019027471542358,0.005285412073135376
YDL014W,YOR063W,1,-4.022298,0.9300699234008789,0.7029598355293274,0.005285412073135376
YLR106C,YKL009W,1,-4.023633,0.9301676154136658,0.704016923904419,0.005285412073135376
YHR052W,YOR063W,1,-4.0240846,0.9302650094032288,0.7050740122795105,0.005285412073135376
YBR002C,YNL113W,0,-4.02753,0.9289693832397461,0.7050740122795105,0.005391120444983244
YNL182C,YPL131W,1,-4.030638,0.9290681481361389,0.706131100654602,0.005391120444983244
YGR264C,YHR203C,0,-4.031093,0.9277777671813965,0.706131100654602,0.005496828816831112
YKR024C,YFL002C,1,-4.031752,0.9278779625892639,0.7071881890296936,0.005496828816831112
YHR019C,YPL212C,0,-4.0341034,0.9265928268432617,0.7071881890296936,0.00560253718867898
YLR008C,YGR123C,0,-4.034409,0.9253112077713013,0.7071881890296936,0.0057082450948655605
YGR085C,YDR312W,1,-4.035619,0.9254143834114075,0.7082452178001404,0.0057082450948655605
YJL122W,YPL131W,1,-4.0358963,0.9255172610282898,0.7093023061752319,0.0057082450948655605
YLR448W,YCR072C,1,-4.0366964,0.9256198406219482,0.7103593945503235,0.0057082450948655605
YJR063W,YKL122C,0,-4.041207,0.9243466258049011,0.7103593945503235,0.0058139534667134285
YLR106C,YOR063W,1,-4.044229,0.9244505763053894,0.711416482925415,0.0058139534667134285
YGL078C,YPR016C,1,-4.04522,0.924554169178009,0.7124735713005066,0.0058139534667134285
YGL111W,YFL002C,1,-4.0487165,0.9246575236320496,0.7135306596755981,0.0058139534667134285
YML073C,YCR072C,1,-4.0590005,0.9247605800628662,0.7145877480506897,0.0058139534667134285
YNL110C,YGR085C,1,-4.0717497,0.9248633980751038,0.7156448364257812,0.0058139534667134285
YIL079C,YPL157W,0,-4.074237,0.9236016273498535,0.7156448364257812,0.0059196618385612965
YGL078C,YDR418W,1,-4.0747967,0.9237056970596313,0.7167019248008728,0.0059196618385612965
YGL111W,YEL054C,1,-4.076819,0.9238095283508301,0.7177590131759644,0.0059196618385612965
YDL031W,YOR063W,1,-4.0821724,0.9239130616188049,0.7188160419464111,0.0059196618385612965
YOL127W,YPR016C,1,-4.084522,0.9240162968635559,0.7198731303215027,0.0059196618385612965
YNR053C,YLR264W,0,-4.0859203,0.922764241695404,0.7198731303215027,0.006025370210409164
YLR022C,YPR016C,1,-4.0893474,0.9228687286376953,0.7209302186965942,0.006025370210409164
YDL031W,YPL193W,1,-4.090298,0.9229729771614075,0.7219873070716858,0.006025370210409164
YDR418W,YPR016C,1,-4.0949492,0.9230769276618958,0.7230443954467773,0.006025370210409164
YDR312W,YPR016C,1,-4.097762,0.9231805801391602,0.7241014838218689,0.006025370210409164
YPL093W,YDR418W,1,-4.1021833,0.9232839941978455,0.7251585721969604,0.006025370210409164
YEL054C,YDR418W,1,-4.1033545,0.9233871102333069,0.726215660572052,0.006025370210409164
YKL021C,YEL054C,1,-4.106426,0.9234899282455444,0.7272727489471436,0.006025370210409164
YCR072C,YPR016C,1,-4.113483,0.9235925078392029,0.7283298373222351,0.006025370210409164
YOR063W,YPR016C,1,-4.114645,0.9236947894096375,0.7293868660926819,0.006025370210409164
YGR085C,YPR016C,1,-4.1195216,0.9237967729568481,0.7304439544677734,0.006025370210409164
YGR085C,YIR012W,1,-4.119613,0.9238985180854797,0.731501042842865,0.006025370210409164
YLR106C,YML073C,1,-4.1196194,0.9240000247955322,0.7325581312179565,0.006025370210409164
YDL166C,YGR063C,0,-4.12095,0.9227696657180786,0.7325581312179565,0.006131078116595745
YGR152C,YER082C,0,-4.1234317,0.9215425252914429,0.7325581312179565,0.006236786488443613
YLR106C,YPL093W,1,-4.12835,0.921646773815155,0.7336152195930481,0.006236786488443613
YBL009W,YLR372W,0,-4.135567,0.9204244017601013,0.7336152195930481,0.006342494860291481
YNR038W,YOR063W,1,-4.140627,0.9205297827720642,0.7346723079681396,0.006342494860291481
YOL127W,YFL002C,1,-4.147353,0.920634925365448,0.7357293963432312,0.006342494860291481
YML004C,YLL026W,0,-4.1492753,0.9194187521934509,0.7357293963432312,0.006448202766478062
YNL227C,YPR016C,1,-4.151773,0.9195250868797302,0.7367864847183228,0.006448202766478062
YGR085C,YML073C,1,-4.1522145,0.9196310639381409,0.7378435730934143,0.006448202766478062
YKL021C,YLR448W,1,-4.157761,0.9197368621826172,0.7389006614685059,0.006448202766478062
YHR197W,YOR063W,1,-4.158912,0.9198423027992249,0.7399576902389526,0.006448202766478062
YJR069C,YGL070C,0,-4.1675353,0.9186351895332336,0.7399576902389526,0.00655391113832593
YDR418W,YLR022C,1,-4.1690736,0.9187418222427368,0.7410147786140442,0.00655391113832593
YEL003W,YDR324C,0,-4.171781,0.9175392389297485,0.7410147786140442,0.006659619510173798
YOL127W,YML073C,1,-4.185574,0.9176470637321472,0.7420718669891357,0.006659619510173798
YDR091C,YDR418W,1,-4.185717,0.917754590511322,0.7431289553642273,0.006659619510173798
YKR024C,YGR085C,1,-4.1876693,0.917861819267273,0.7441860437393188,0.006659619510173798
YGL078C,YPL131W,1,-4.196424,0.91796875,0.7452431321144104,0.006659619510173798
YLR448W,YDR312W,1,-4.201588,0.918075442314148,0.746300220489502,0.006659619510173798
YNL227C,YPL211W,1,-4.2019973,0.918181836605072,0.7473573088645935,0.006659619510173798
YBR267W,YML073C,1,-4.209767,0.9182879328727722,0.7484143972396851,0.006659619510173798
YBR142W,YLR106C,1,-4.211904,0.9183937907218933,0.7494714856147766,0.006659619510173798
YBR267W,YPR016C,1,-4.2130156,0.9184993505477905,0.7505285143852234,0.006659619510173798
YBR267W,YDR418W,1,-4.215208,0.9186046719551086,0.7515856027603149,0.006659619510173798
YLR068W,YOR260W,0,-4.217418,0.9174193739891052,0.7515856027603149,0.006765327882021666
YLR022C,YIR012W,1,-4.2188034,0.9175257682800293,0.7526426911354065,0.006765327882021666
YOL127W,YOR272W,1,-4.2201786,0.9176319241523743,0.753699779510498,0.006765327882021666
YML073C,YPR016C,1,-4.2235694,0.9177377820014954,0.7547568678855896,0.006765327882021666
YPL193W,YFL002C,1,-4.2311378,0.9178434014320374,0.7558139562606812,0.006765327882021666
YJL122W,YOR063W,1,-4.2319136,0.9179487228393555,0.7568710446357727,0.006765327882021666
YLR106C,YGR085C,1,-4.234173,0.9180538058280945,0.7579281330108643,0.006765327882021666
YLR106C,YEL054C,1,-4.2406,0.9181585907936096,0.7589852213859558,0.006765327882021666
YDL014W,YDR312W,1,-4.241994,0.9182630777359009,0.7600423097610474,0.006765327882021666
YKR024C,YNL227C,1,-4.2420487,0.918367326259613,0.7610993385314941,0.006765327882021666
YAL025C,YGR085C,1,-4.243067,0.9184713363647461,0.7621564269065857,0.006765327882021666
YAL025C,YPL131W,1,-4.243587,0.9185750484466553,0.7632135152816772,0.006765327882021666
YHR052W,YLR106C,1,-4.2454805,0.9186785221099854,0.7642706036567688,0.006765327882021666
YFL002C,YIR012W,1,-4.24608,0.9187816977500916,0.7653276920318604,0.006765327882021666
YDL014W,YDR418W,1,-4.2514253,0.9188846349716187,0.7663847804069519,0.006765327882021666
YBR267W,YFL002C,1,-4.258999,0.9189873337745667,0.7674418687820435,0.006765327882021666
YKL021C,YOL127W,1,-4.2599816,0.9190897345542908,0.768498957157135,0.006765327882021666
YDL014W,YPL131W,1,-4.2635493,0.9191918969154358,0.7695560455322266,0.006765327882021666
YKL021C,YLR106C,1,-4.2655544,0.9192938208580017,0.7706131339073181,0.006765327882021666
YLR448W,YPR016C,1,-4.2659883,0.9193954467773438,0.7716701626777649,0.006765327882021666
YER126C,YOR063W,1,-4.2672987,0.9194968342781067,0.7727272510528564,0.006765327882021666
YOR063W,YOR272W,1,-4.2704916,0.9195979833602905,0.773784339427948,0.006765327882021666
YGL111W,YML073C,1,-4.270723,0.9196988940238953,0.7748414278030396,0.006765327882021666
YNL182C,YOL127W,1,-4.28052,0.9197995066642761,0.7758985161781311,0.006765327882021666
YNL227C,YPL093W,1,-4.280734,0.9198998808860779,0.7769556045532227,0.006765327882021666
YBR267W,YGR085C,1,-4.2822046,0.9200000166893005,0.7780126929283142,0.006765327882021666
YPL193W,YCR072C,1,-4.30522,0.9200998544692993,0.7790697813034058,0.006765327882021666
YDR091C,YOL127W,1,-4.3055763,0.9201995134353638,0.7801268696784973,0.006765327882021666
YKL009W,YPL131W,1,-4.3073235,0.9202988743782043,0.7811839580535889,0.006765327882021666
YLR106C,YDL014W,1,-4.311446,0.9203979969024658,0.7822409868240356,0.006765327882021666
YDR418W,YDR312W,1,-4.3307385,0.9204968810081482,0.7832980751991272,0.006765327882021666
YBR267W,YPL131W,1,-4.340915,0.9205955266952515,0.7843551635742188,0.006765327882021666
YGL111W,YGR085C,1,-4.3495016,0.9206939339637756,0.7854122519493103,0.006765327882021666
YNL227C,YLR106C,1,-4.3518295,0.9207921028137207,0.7864693403244019,0.006765327882021666
YEL054C,YOR063W,1,-4.3562593,0.9208899736404419,0.7875264286994934,0.006765327882021666
YGL111W,YOR063W,1,-4.357951,0.9209876656532288,0.788583517074585,0.006765327882021666
YOL144W,YOR063W,1,-4.3620048,0.9210850596427917,0.7896406054496765,0.006765327882021666
YML092C,YGR048W,0,-4.362331,0.9199507236480713,0.7896406054496765,0.006871035788208246
YOL144W,YPL131W,1,-4.362628,0.9200491905212402,0.7906976938247681,0.006871035788208246
YJL190C,YNL154C,0,-4.385185,0.9189189076423645,0.7906976938247681,0.006976744160056114
YBR267W,YLR448W,1,-4.387545,0.9190183877944946,0.7917547821998596,0.006976744160056114
YLR106C,YIR012W,1,-4.3912563,0.9191176295280457,0.7928118109703064,0.006976744160056114
YOR142W,YDR322C-A,0,-4.3962216,0.9179926514625549,0.7928118109703064,0.007082452531903982
YOR137C,YLR006C,0,-4.401354,0.9168704152107239,0.7928118109703064,0.00718816090375185
YDR101C,YPL193W,1,-4.4052987,0.9169719219207764,0.793868899345398,0.00718816090375185
YOR063W,YIR012W,1,-4.4075036,0.9170731902122498,0.7949259877204895,0.00718816090375185
YDL148C,YKL166C,0,-4.41006,0.9159561395645142,0.7949259877204895,0.007293868809938431
YER126C,YPL193W,1,-4.4120793,0.9160584211349487,0.795983076095581,0.007293868809938431
YDR091C,YPL193W,1,-4.4138155,0.9161604046821594,0.7970401644706726,0.007293868809938431
YML073C,YDR312W,1,-4.4151835,0.916262149810791,0.7980972528457642,0.007293868809938431
YDR418W,YCR072C,1,-4.4230824,0.9163636565208435,0.7991543412208557,0.007293868809938431
YPL093W,YOR063W,1,-4.4333844,0.9164648652076721,0.8002114295959473,0.007293868809938431
YER126C,YPL131W,1,-4.437975,0.9165658950805664,0.8012685179710388,0.007293868809938431
YNL227C,YDR312W,1,-4.4423995,0.9166666865348816,0.8023256063461304,0.007293868809938431
YNL227C,YOR272W,1,-4.4534187,0.9167671799659729,0.8033826351165771,0.007293868809938431
YGL111W,YPL131W,1,-4.4541197,0.9168674945831299,0.8044397234916687,0.007293868809938431
YLR106C,YLR448W,1,-4.4553905,0.916967511177063,0.8054968118667603,0.007293868809938431
YCR034W,YDR190C,0,-4.461338,0.9158653616905212,0.8054968118667603,0.007399577181786299
YJL122W,YPL193W,1,-4.4648795,0.9159663915634155,0.8065539002418518,0.007399577181786299
YKR024C,YPR016C,1,-4.4660535,0.9160671234130859,0.8076109886169434,0.007399577181786299
YDR418W,YFL002C,1,-4.474163,0.916167676448822,0.8086680769920349,0.007399577181786299
YAL025C,YOR063W,1,-4.4759593,0.9162679314613342,0.8097251653671265,0.007399577181786299
YNL227C,YGR085C,1,-4.479037,0.9163680076599121,0.810782253742218,0.007399577181786299
YGR085C,YCR072C,1,-4.4826756,0.9164677858352661,0.8118393421173096,0.007399577181786299
YER053C,YHR008C,0,-4.4925685,0.9153754711151123,0.8118393421173096,0.007505285553634167
YEL054C,YLR022C,1,-4.4999027,0.9154762029647827,0.8128964304924011,0.007505285553634167
YOR063W,YML073C,1,-4.502811,0.915576696395874,0.8139534592628479,0.007505285553634167
YOL127W,YPL131W,1,-4.509847,0.9156769514083862,0.8150105476379395,0.007505285553634167
YJL050W,YHR070W,0,-4.5119753,0.9145907759666443,0.8150105476379395,0.007610993459820747
YNL112W,YDL081C,0,-4.514508,0.9135071039199829,0.8150105476379395,0.007716701831668615
YPR185W,YOL082W,0,-4.516616,0.9124260544776917,0.8150105476379395,0.007822410203516483
YKL021C,YPL193W,1,-4.5240345,0.9125295281410217,0.816067636013031,0.007822410203516483
YKL021C,YPL131W,1,-4.5316963,0.9126328229904175,0.8171247243881226,0.007822410203516483
YLR405W,YJR069C,0,-4.5354204,0.911556601524353,0.8171247243881226,0.007928118109703064
YLR002C,YHR167W,0,-4.538465,0.9104829430580139,0.8171247243881226,0.00803382694721222
YHR203C,YKL056C,0,-4.5460467,0.9094117879867554,0.8171247243881226,0.0081395348533988
YOR078W,YDR172W,0,-4.5466857,0.9083431363105774,0.8171247243881226,0.00824524275958538
YKR024C,YLR106C,1,-4.550262,0.908450722694397,0.8181818127632141,0.00824524275958538
YNL227C,YDR091C,1,-4.5519433,0.9085580110549927,0.8192389011383057,0.00824524275958538
YGL111W,YDR418W,1,-4.55411,0.908665120601654,0.8202959895133972,0.00824524275958538
YOL144W,YOL127W,1,-4.554586,0.9087719321250916,0.8213530778884888,0.00824524275958538
YCR053W,YIR026C,0,-4.5569725,0.9077102541923523,0.8213530778884888,0.008350951597094536
YDR418W,YIR012W,1,-4.562698,0.9078179597854614,0.8224101662635803,0.008350951597094536
YDR101C,YOL127W,1,-4.564294,0.9079254269599915,0.8234672546386719,0.008350951597094536
YPL193W,YPR016C,1,-4.5665574,0.9080325961112976,0.8245242834091187,0.008350951597094536
YPL131W,YIR012W,1,-4.5680385,0.9081395268440247,0.8255813717842102,0.008350951597094536
YDR418W,YOL127W,1,-4.5795336,0.9082462191581726,0.8266384601593018,0.008350951597094536
YMR139W,YOR018W,0,-4.583194,0.907192587852478,0.8266384601593018,0.008456659503281116
YBR142W,YOR063W,1,-4.5834875,0.9073001146316528,0.8276955485343933,0.008456659503281116
YGR119C,YGL014W,0,-4.5836515,0.90625,0.8276955485343933,0.008562367409467697
YOL127W,YLR022C,1,-4.585177,0.9063583612442017,0.8287526369094849,0.008562367409467697
YBR267W,YPL193W,1,-4.5896897,0.9064664840698242,0.8298097252845764,0.008562367409467697
YPL093W,YOL127W,1,-4.5930805,0.9065743684768677,0.830866813659668,0.008562367409467697
YGR158C,YMR153W,0,-4.5968027,0.9055299758911133,0.830866813659668,0.008668076246976852
YFL002C,YDR312W,1,-4.6027813,0.9056386947631836,0.8319239020347595,0.008668076246976852
YGR070W,YHR016C,0,-4.6148787,0.9045976996421814,0.8319239020347595,0.008773784153163433
YOL127W,YCR072C,1,-4.618633,0.9047072529792786,0.8329809904098511,0.008773784153163433
YER006W,YJR007W,0,-4.6189137,0.9036697149276733,0.8329809904098511,0.008879492990672588
YPL131W,YDR312W,1,-4.6223226,0.9037800431251526,0.8340380787849426,0.008879492990672588
YLR106C,YDR418W,1,-4.623158,0.9038901329040527,0.8350951671600342,0.008879492990672588
YNL182C,YPR016C,1,-4.626386,0.9039999842643738,0.836152195930481,0.008879492990672588
YLR405W,YPL237W,0,-4.6266036,0.9029680490493774,0.836152195930481,0.008985200896859169
YAL025C,YOL127W,1,-4.6275177,0.9030786752700806,0.8372092843055725,0.008985200896859169
YLR295C,YDR298C,0,-4.632157,0.9020501375198364,0.8372092843055725,0.00909090880304575
YEL054C,YOL127W,1,-4.634735,0.9021615386009216,0.8382663726806641,0.00909090880304575
YKL004W,YHR148W,0,-4.6406455,0.9011363387107849,0.8382663726806641,0.009196617640554905
YML086C,YPL063W,0,-4.6449437,0.9001135230064392,0.8382663726806641,0.009302325546741486
YNL227C,YLR022C,1,-4.6460357,0.9002267718315125,0.8393234610557556,0.009302325546741486
YOL127W,YOR063W,1,-4.64629,0.9003397226333618,0.8403805494308472,0.009302325546741486
YDL031W,YOL127W,1,-4.64696,0.9004524946212769,0.8414376378059387,0.009302325546741486
YEL054C,YDR312W,1,-4.6543145,0.900564968585968,0.8424947261810303,0.009302325546741486
YKL129C,YAL030W,0,-4.6579485,0.8995485305786133,0.8424947261810303,0.009408033452928066
YOL144W,YPL193W,1,-4.6582284,0.8996617794036865,0.8435518145561218,0.009408033452928066
YMR078C,YKL045W,0,-4.6583514,0.8986486196517944,0.8435518145561218,0.009513742290437222
YKR024C,YOR063W,1,-4.66834,0.8987626433372498,0.8446089029312134,0.009513742290437222
YMR032W,YJL183W,0,-4.668963,0.8977528214454651,0.8446089029312134,0.009619450196623802
YLR401C,YGL092W,0,-4.6785994,0.8967452049255371,0.8446089029312134,0.009725158102810383
YKL021C,YPR016C,1,-4.678793,0.8968609571456909,0.8456659913063049,0.009725158102810383
YIL103W,YJL033W,0,-4.687309,0.8958566784858704,0.8456659913063049,0.009830866940319538
YNL220W,YBR218C,0,-4.691939,0.8948546051979065,0.8456659913063049,0.009936574846506119
YKL021C,YOR063W,1,-4.7008805,0.8949720859527588,0.8467230200767517,0.009936574846506119
YIL079C,YMR235C,0,-4.7046356,0.8939732313156128,0.8467230200767517,0.010042283684015274
YLR106C,YPL131W,1,-4.7109017,0.8940914273262024,0.8477801084518433,0.010042283684015274
YJR042W,YKL144C,0,-4.717949,0.8930957913398743,0.8477801084518433,0.010147991590201855
YNL274C,YGR028W,0,-4.725084,0.8921023607254028,0.8477801084518433,0.010253699496388435
YJL208C,YML105C,0,-4.733702,0.8911111354827881,0.8477801084518433,0.01035940833389759
YKR024C,YOL127W,1,-4.7430816,0.8912319540977478,0.8488371968269348,0.01035940833389759
YNL182C,YOR063W,1,-4.7517037,0.8913525342941284,0.8498942852020264,0.01035940833389759
YLR106C,YDR312W,1,-4.754418,0.8914728760719299,0.8509513735771179,0.01035940833389759
YLR106C,YBR267W,1,-4.7617536,0.8915929198265076,0.8520084619522095,0.01035940833389759
YJL025W,YJL098W,0,-4.7624803,0.8906077146530151,0.8520084619522095,0.010465116240084171
YCL059C,YGR185C,0,-4.7634254,0.8896247148513794,0.8520084619522095,0.010570824146270752
YNL110C,YOL127W,1,-4.766423,0.8897464275360107,0.853065550327301,0.010570824146270752
YML073C,YLR022C,1,-4.770945,0.8898678421974182,0.8541226387023926,0.010570824146270752
YNL166C,YNL075W,0,-4.778856,0.8888888955116272,0.8541226387023926,0.010676532983779907
YJL125C,YOR182C,0,-4.78426,0.8879120945930481,0.8541226387023926,0.010782240889966488
YPL193W,YOR272W,1,-4.80829,0.8880351185798645,0.8551797270774841,0.010782240889966488
YNL110C,YPL193W,1,-4.8152313,0.8881579041481018,0.8562368154525757,0.010782240889966488
YOL127W,YDR312W,1,-4.815851,0.8882803916931152,0.8572938442230225,0.010782240889966488
YGL070C,YGR082W,0,-4.8313994,0.8873085379600525,0.8572938442230225,0.010887948796153069
YOL082W,YDR077W,0,-4.8525414,0.8863387703895569,0.8572938442230225,0.010993657633662224
YHR019C,YCL059C,0,-4.8547573,0.885371208190918,0.8572938442230225,0.011099365539848804
YJR125C,YBL058W,0,-4.8704257,0.8844056725502014,0.8572938442230225,0.01120507437735796
YNL307C,YEL002C,0,-4.8707175,0.8834422826766968,0.8572938442230225,0.01131078228354454
YPR112C,YJL087C,0,-4.8716993,0.8824809789657593,0.8572938442230225,0.011416490189731121
YGR220C,YML025C,1,-4.872302,0.8826087117195129,0.858350932598114,0.011416490189731121
YLR448W,YLR022C,1,-4.8735332,0.8827361464500427,0.8594080209732056,0.011416490189731121
YGL016W,YGR094W,0,-4.873674,0.8817787170410156,0.8594080209732056,0.011522199027240276
YLR397C,YIL018W,0,-4.87485,0.8808233737945557,0.8594080209732056,0.011627906933426857
YJL061W,YOR004W,0,-4.877544,0.8798701167106628,0.8594080209732056,0.011733614839613438
YGR229C,YGL169W,0,-4.884292,0.8789189457893372,0.8594080209732056,0.011839323677122593
YLR103C,YFL008W,0,-4.885243,0.8779697418212891,0.8594080209732056,0.011945031583309174
YOR241W,YGR214W,0,-4.888349,0.8770226240158081,0.8594080209732056,0.012050740420818329
YNL110C,YPL131W,1,-4.891419,0.8771551847457886,0.8604651093482971,0.012050740420818329
YJL020C,YOR329C,0,-4.8925223,0.8762109875679016,0.8604651093482971,0.01215644832700491
YEL056W,YGL137W,0,-4.898979,0.875268816947937,0.8604651093482971,0.01226215623319149
YLR006C,YJL154C,0,-4.911121,0.8743286728858948,0.8604651093482971,0.012367865070700645
YDL074C,YPL210C,0,-4.912554,0.8733905553817749,0.8604651093482971,0.012473572976887226
YGL078C,YOR063W,1,-4.918865,0.8735262751579285,0.8615221977233887,0.012473572976887226
YNL227C,YFL002C,1,-4.919618,0.8736616969108582,0.8625792860984802,0.012473572976887226
YOR063W,YCR072C,1,-4.927195,0.873796820640564,0.8636363744735718,0.012473572976887226
YPL131W,YLR022C,1,-4.9364195,0.8739316463470459,0.8646934628486633,0.012473572976887226
YBL079W,YGR285C,0,-4.9403844,0.8729989528656006,0.8646934628486633,0.012579280883073807
YAL042W,YDL226C,0,-4.941837,0.8720682263374329,0.8646934628486633,0.012684989720582962
YNL227C,YIR012W,1,-4.950146,0.8722044825553894,0.8657505512237549,0.012684989720582962
YNR038W,YPL193W,1,-4.952474,0.8723404407501221,0.8668076395988464,0.012684989720582962
YNL227C,YDL014W,1,-4.9546065,0.8724761009216309,0.8678646683692932,0.012684989720582962
YDL022W,YKL064W,0,-4.9579597,0.8715499043464661,0.8678646683692932,0.012790697626769543
YGR118W,YGR185C,0,-4.9641037,0.8706256747245789,0.8678646683692932,0.012896405532956123
YOR004W,YGR211W,0,-4.971501,0.8697034120559692,0.8678646683692932,0.013002114370465279
YOR063W,YLR022C,1,-4.9864306,0.8698412775993347,0.8689217567443848,0.013002114370465279
YNL159C,YJL020C,0,-4.992462,0.8689217567443848,0.8689217567443848,0.01310782227665186
YBL039C,YGR211W,0,-4.994253,0.8680042028427124,0.8689217567443848,0.013213531114161015
YNL110C,YOR063W,1,-4.9967737,0.8681434392929077,0.8699788451194763,0.013213531114161015
YPR082C,YKL191W,0,-5.0041595,0.8672286868095398,0.8699788451194763,0.013319239020347595
YPL211W,YPL193W,1,-5.0047927,0.8673684000968933,0.8710359334945679,0.013319239020347595
YJL087C,YGR128C,0,-5.0064297,0.8664563894271851,0.8710359334945679,0.013424946926534176
YNL227C,YPL193W,1,-5.0084677,0.8665966391563416,0.8720930218696594,0.013424946926534176
YGL068W,YDR175C,0,-5.024628,0.8656873106956482,0.8720930218696594,0.013530655764043331
YDR331W,YOR254C,0,-5.02725,0.8647798895835876,0.8720930218696594,0.013636363670229912
YKR024C,YPL131W,1,-5.0291657,0.8649214506149292,0.873150110244751,0.013636363670229912
YOL139C,YAL035W,0,-5.030329,0.8640167117118835,0.873150110244751,0.013742071576416492
YLR106C,YCR072C,1,-5.0329475,0.8641588091850281,0.8742071986198425,0.013742071576416492
YLR106C,YPR016C,1,-5.036,0.8643006086349487,0.8752642869949341,0.013742071576416492
YJR092W,YDR451C,0,-5.03777,0.8633993864059448,0.8752642869949341,0.013847780413925648
YGL111W,YOL127W,1,-5.049967,0.8635416626930237,0.8763213753700256,0.013847780413925648
YFR053C,YHR001W-A,0,-5.050235,0.8626430630683899,0.8763213753700256,0.013953488320112228
YLL026W,YDR247W,0,-5.0742087,0.8617463707923889,0.8763213753700256,0.014059196226298809
YDL031W,YDR312W,1,-5.0950427,0.8618898987770081,0.8773784637451172,0.014059196226298809
YOR063W,YDR312W,1,-5.099833,0.8620331883430481,0.878435492515564,0.014059196226298809
YNL227C,YML073C,1,-5.1016145,0.8621761798858643,0.8794925808906555,0.014059196226298809
YKR024C,YDR418W,1,-5.1019063,0.8623188138008118,0.8805496692657471,0.014059196226298809
YLR002C,YDR240C,0,-5.1158996,0.8614270687103271,0.8805496692657471,0.014164905063807964
YBR267W,YOL127W,1,-5.1307926,0.8615702390670776,0.8816067576408386,0.014164905063807964
YJR064W,YDR167W,0,-5.1431003,0.8606811165809631,0.8816067576408386,0.014270612969994545
YPL193W,YIR012W,1,-5.143352,0.8608247637748718,0.8826638460159302,0.014270612969994545
YCL040W,YAL017W,0,-5.1465397,0.8599382042884827,0.8826638460159302,0.0143763218075037
YAR002W,YGR081C,0,-5.1467786,0.8590534925460815,0.8826638460159302,0.014482029713690281
YPR033C,YOL061W,0,-5.157285,0.8581706285476685,0.8826638460159302,0.014587737619876862
YOR046C,YIR004W,0,-5.1590943,0.8572895526885986,0.8826638460159302,0.014693446457386017
YIL010W,YDL130W-A,0,-5.164518,0.8564102649688721,0.8826638460159302,0.014799154363572598
YDL014W,YPL193W,1,-5.1652904,0.8565573692321777,0.8837209343910217,0.014799154363572598
YIR006C,YDR388W,0,-5.1771026,0.8556806445121765,0.8837209343910217,0.014904862269759178
YDL175C,YBL006C,0,-5.1809044,0.8548057079315186,0.8837209343910217,0.015010571107268333
YPR074C,YKR079C,0,-5.1821547,0.8539325594902039,0.8837209343910217,0.015116279013454914
YNL004W,YDR397C,0,-5.1834865,0.8530611991882324,0.8837209343910217,0.015221986919641495
YDR378C,YGR074W,0,-5.190186,0.8521916270256042,0.8837209343910217,0.01532769575715065
YPL128C,YPR163C,0,-5.2003374,0.8513238430023193,0.8837209343910217,0.01543340366333723
YBR060C,YLR008C,0,-5.2070026,0.8504577875137329,0.8837209343910217,0.015539112500846386
YGL171W,YNL154C,0,-5.208738,0.8495935201644897,0.8837209343910217,0.015644820407032967
YNL123W,YER151C,0,-5.2087774,0.8487309813499451,0.8837209343910217,0.015750529244542122
YIL142W,YJL145W,0,-5.2108684,0.8478701710700989,0.8837209343910217,0.015856236219406128
YBL069W,YJL198W,0,-5.2249646,0.847011148929596,0.8837209343910217,0.015961945056915283
YMR033W,YAR002W,0,-5.230023,0.8461538553237915,0.8837209343910217,0.01606765389442444
YNL164C,YPL157W,0,-5.2390094,0.8452982902526855,0.8837209343910217,0.016173360869288445
YKR024C,YDR312W,1,-5.258171,0.8454545736312866,0.8847780227661133,0.016173360869288445
YNL075W,YJL133W,0,-5.2588468,0.8446013927459717,0.8847780227661133,0.0162790697067976
YHR013C,YBR155W,0,-5.2590227,0.84375,0.8847780227661133,0.016384778544306755
YOR094W,YOL142W,0,-5.2680497,0.842900276184082,0.8847780227661133,0.01649048551917076
YNL004W,YNL164C,0,-5.2745767,0.8420523405075073,0.8847780227661133,0.016596194356679916
YOL127W,YIR012W,1,-5.2758555,0.8422110676765442,0.8858351111412048,0.016596194356679916
YOL130W,YMR049C,0,-5.285964,0.8413654565811157,0.8858351111412048,0.01670190319418907
YLL011W,YDL084W,0,-5.286349,0.8405215740203857,0.8858351111412048,0.016807610169053078
YKL054C,YOR211C,0,-5.2928505,0.8396793603897095,0.8858351111412048,0.016913319006562233
YJR145C,YJL145W,0,-5.3050385,0.8388388156890869,0.8858351111412048,0.017019027844071388
YOR236W,YBR030W,0,-5.3051085,0.8379999995231628,0.8858351111412048,0.017124734818935394
YDL137W,YBL040C,0,-5.3091455,0.8371628522872925,0.8858351111412048,0.01723044365644455
YBR026C,YIL065C,0,-5.320198,0.8363273739814758,0.8858351111412048,0.017336152493953705
YPL131W,YCR072C,1,-5.330086,0.8364905118942261,0.8868921995162964,0.017336152493953705
YBR267W,YOR063W,1,-5.3361893,0.8366534113883972,0.8879492878913879,0.017336152493953705
YDR378C,YLR264W,0,-5.337543,0.8358209133148193,0.8879492878913879,0.01744186133146286
YCR088W,YDL029W,0,-5.3463254,0.8349900841712952,0.8879492878913879,0.017547568306326866
YGL001C,YPL206C,0,-5.352788,0.8341608643531799,0.8879492878913879,0.01765327714383602
YOR046C,YIL103W,0,-5.355002,0.8333333134651184,0.8879492878913879,0.017758985981345177
YDR331W,YIL038C,0,-5.360096,0.8325074315071106,0.8879492878913879,0.017864692956209183
YMR277W,YOR004W,0,-5.371467,0.8316831588745117,0.8879492878913879,0.017970401793718338
YMR029C,YFR053C,0,-5.371499,0.8308605551719666,0.8879492878913879,0.018076110631227493
YGR118W,YPL063W,0,-5.3726034,0.8300395011901855,0.8879492878913879,0.0181818176060915
YNL113W,YER019C-A,0,-5.3733144,0.8292201161384583,0.8879492878913879,0.018287526443600655
YKL193C,YML013W,0,-5.378982,0.8284023404121399,0.8879492878913879,0.01839323528110981
YNL004W,YBR002C,0,-5.3873935,0.8275862336158752,0.8879492878913879,0.018498942255973816
YAL031C,YKL034W,0,-5.3940725,0.8267716765403748,0.8879492878913879,0.01860465109348297
YMR116C,YPL212C,0,-5.399442,0.8259587287902832,0.8879492878913879,0.018710359930992126
YDL145C,YOR254C,0,-5.400916,0.8251473307609558,0.8879492878913879,0.018816066905856133
YBL035C,YIL008W,0,-5.407378,0.8243376016616821,0.8879492878913879,0.018921775743365288
YLR106C,YOL127W,1,-5.40901,0.8245097994804382,0.8890063166618347,0.018921775743365288
YOL130W,YMR229C,0,-5.412759,0.8237022757530212,0.8890063166618347,0.019027484580874443
YBR026C,YHR001W,0,-5.4147067,0.8228963017463684,0.8890063166618347,0.01913319155573845
YJL060W,YOR132W,0,-5.4207797,0.8220918774604797,0.8890063166618347,0.019238900393247604
YKL205W,YLR181C,0,-5.428757,0.8212890625,0.8890063166618347,0.01934460923075676
YIL124W,YGR143W,0,-5.429941,0.8204877972602844,0.8890063166618347,0.019450316205620766
YMR173W,YMR175W,0,-5.433007,0.819688081741333,0.8890063166618347,0.01955602504312992
YHL019C,YBR273C,0,-5.436154,0.8188899755477905,0.8890063166618347,0.019661733880639076
YBL045C,YJL102W,0,-5.437498,0.8180933594703674,0.8890063166618347,0.01976744271814823
YER117W,YPL210C,0,-5.4433947,0.8172983527183533,0.8890063166618347,0.019873149693012238
YIL098C,YJR135W-A,0,-5.444261,0.8165048360824585,0.8890063166618347,0.019978858530521393
YJR125C,YER142C,0,-5.4445767,0.8157129287719727,0.8890063166618347,0.020084567368030548
YDL142C,YGL208W,0,-5.4467683,0.8149224519729614,0.8890063166618347,0.020190274342894554
YGR177C,YMR246W,0,-5.4476376,0.8141335844993591,0.8890063166618347,0.02029598318040371
YJL061W,YOR294W,0,-5.4520636,0.8133462071418762,0.8890063166618347,0.020401692017912865
YBL078C,YPL206C,0,-5.462607,0.8125603795051575,0.8890063166618347,0.02050739899277687
YLR219W,YCR073W-A,0,-5.463176,0.8117760419845581,0.8890063166618347,0.020613107830286026
YPR052C,YNL154C,0,-5.463646,0.8109932541847229,0.8890063166618347,0.02071881666779518
YOR119C,YGL243W,0,-5.4636636,0.8102119565010071,0.8890063166618347,0.020824523642659187
YPL193W,YLR022C,1,-5.467296,0.8103945851325989,0.8900634050369263,0.020824523642659187
YMR277W,YDR346C,0,-5.4680257,0.8096153736114502,0.8900634050369263,0.020930232480168343
YEL054C,YPL193W,1,-5.4727025,0.8097983002662659,0.8911204934120178,0.020930232480168343
YGR280C,YGL243W,0,-5.4734044,0.8090211153030396,0.8911204934120178,0.021035941317677498
YNL004W,YHR196W,0,-5.474896,0.8082454204559326,0.8911204934120178,0.021141648292541504
YPR030W,YGL037C,0,-5.4757776,0.8074712753295898,0.8911204934120178,0.02124735713005066
YLL009C,YJL102W,0,-5.4792895,0.8066985607147217,0.8911204934120178,0.021353065967559814
YIL009W,YLL034C,0,-5.4883485,0.8059273362159729,0.8911204934120178,0.02145877294242382
YOR355W,YER110C,0,-5.491319,0.8051576018333435,0.8911204934120178,0.021564481779932976
YNL192W,YGL053W,0,-5.492223,0.8043892979621887,0.8911204934120178,0.02167019061744213
YNR017W,YPR190C,0,-5.4926543,0.8036224842071533,0.8911204934120178,0.021775897592306137
YDR469W,YHR060W,0,-5.4932323,0.8028571605682373,0.8911204934120178,0.021881606429815292
YGL029W,YOL020W,0,-5.494565,0.8020932674407959,0.8911204934120178,0.021987315267324448
YAL035W,YOR123C,0,-5.497641,0.8013308048248291,0.8911204934120178,0.022093024104833603
YJL008C,YOR004W,0,-5.499758,0.8005697727203369,0.8911204934120178,0.02219873107969761
YJR068W,YNL151C,0,-5.5006747,0.7998102307319641,0.8911204934120178,0.022304439917206764
YJL014W,YLL034C,0,-5.506934,0.7990521192550659,0.8911204934120178,0.02241014875471592
YGR200C,YBL018C,0,-5.50766,0.7982954382896423,0.8911204934120178,0.022515855729579926
YGL226C-A,YIL016W,0,-5.509092,0.7975401878356934,0.8911204934120178,0.02262156456708908
YDR376W,YGL229C,0,-5.515242,0.796786367893219,0.8911204934120178,0.022727273404598236
YOR361C,YHR031C,0,-5.5162044,0.7960339784622192,0.8911204934120178,0.022832980379462242
YMR091C,YGL172W,0,-5.5259094,0.7952830195426941,0.8911204934120178,0.022938689216971397
YJR145C,YGR229C,0,-5.5314045,0.7945334315299988,0.8911204934120178,0.023044398054480553
YGR109C,YAL003W,0,-5.5317163,0.7937853336334229,0.8911204934120178,0.02315010502934456
YNL207W,YGR024C,0,-5.542821,0.793038547039032,0.8911204934120178,0.023255813866853714
YGR024C,YOL124C,0,-5.543112,0.7922932505607605,0.8911204934120178,0.02336152270436287
YCL035C,YJR019C,0,-5.5443616,0.7915493249893188,0.8911204934120178,0.023467229679226875
YNL223W,YJL093C,0,-5.554168,0.790806770324707,0.8911204934120178,0.02357293851673603
YNL202W,YJL048C,0,-5.554935,0.790065586566925,0.8911204934120178,0.023678647354245186
YGL116W,YPR112C,0,-5.5560813,0.7893258333206177,0.8911204934120178,0.023784354329109192
YIL035C,YGR185C,0,-5.5585856,0.7885874509811401,0.8911204934120178,0.023890063166618347
YPR137W,YGR082W,0,-5.566846,0.7878504395484924,0.8911204934120178,0.023995772004127502
YML073C,YPL193W,1,-5.5685363,0.7880485653877258,0.8921775817871094,0.023995772004127502
YOR204W,YLL034C,0,-5.570616,0.7873134613037109,0.8921775817871094,0.024101480841636658
YKL043W,YMR266W,0,-5.5728354,0.7865796685218811,0.8921775817871094,0.024207187816500664
YMR091C,YMR079W,0,-5.574654,0.7858473062515259,0.8921775817871094,0.02431289665400982
YNL227C,YEL054C,1,-5.5752087,0.7860465049743652,0.8932346701622009,0.02431289665400982
YBL061C,YDR002W,0,-5.5798764,0.785315990447998,0.8932346701622009,0.024418605491518974
YMR277W,YDR165W,0,-5.5814424,0.7845867872238159,0.8932346701622009,0.02452431246638298
YGL106W,YER148W,0,-5.5897164,0.7838590145111084,0.8932346701622009,0.024630021303892136
YIR010W,YIL131C,0,-5.5926337,0.7831325531005859,0.8932346701622009,0.02473573014140129
YOL094C,YMR142C,0,-5.600567,0.7824074029922485,0.8932346701622009,0.024841437116265297
YLR106C,YPL193W,1,-5.6093364,0.782608687877655,0.8942917585372925,0.024841437116265297
YMR288W,YGL099W,0,-5.611257,0.7818853855133057,0.8942917585372925,0.024947145953774452
YGR091W,YOR254C,0,-5.6119056,0.7811634540557861,0.8942917585372925,0.025052854791283607
YJL166W,YCR083W,0,-5.618304,0.7804428339004517,0.8942917585372925,0.025158561766147614
YPL271W,YPL270W,0,-5.622046,0.7797235250473022,0.8942917585372925,0.02526427060365677
YNL173C,YDR453C,0,-5.6223536,0.7790055274963379,0.8942917585372925,0.025369979441165924
YKL009W,YPL193W,1,-5.6308265,0.7792088389396667,0.895348846912384,0.025369979441165924
YMR033W,YDL150W,0,-5.6338263,0.7784926295280457,0.895348846912384,0.02547568641602993
YAL035W,YDR167W,0,-5.6419005,0.7777777910232544,0.895348846912384,0.025581395253539085
YBR036C,YLR219W,0,-5.6424623,0.7770642042160034,0.895348846912384,0.02568710409104824
YDR180W,YGR099W,0,-5.643934,0.7763519883155823,0.895348846912384,0.025792811065912247
YNL227C,YOL127W,1,-5.64831,0.7765567898750305,0.8964059352874756,0.025792811065912247
YAR002W,YLR026C,0,-5.6597166,0.7758463025093079,0.8964059352874756,0.025898519903421402
YDL148C,YDR489W,0,-5.6615376,0.7751371264457703,0.8964059352874756,0.026004228740930557
YHR187W,YJL010C,0,-5.6624656,0.774429202079773,0.8964059352874756,0.026109935715794563
YEL026W,YOR295W,0,-5.6642394,0.7737226486206055,0.8964059352874756,0.02621564455330372
YKR055W,YJR126C,0,-5.667213,0.7730173468589783,0.8964059352874756,0.026321353390812874
YER119C,YFR019W,0,-5.6690125,0.7723132967948914,0.8964059352874756,0.02642706222832203
YOL130W,YPR161C,0,-5.6777043,0.7716105580329895,0.8964059352874756,0.026532769203186035
YDR300C,YCL063W,0,-5.6833262,0.7709090709686279,0.8964059352874756,0.02663847804069519
YLR264W,YGR152C,0,-5.6861157,0.7702088952064514,0.8964059352874756,0.026744186878204346
YNL227C,YLR448W,1,-5.6867704,0.7704174518585205,0.8974630236625671,0.026744186878204346
YNL227C,YPL131W,1,-5.6869664,0.7706255912780762,0.8985201120376587,0.026744186878204346
YNL101W,YBR006W,0,-5.687352,0.7699275612831116,0.8985201120376587,0.026849893853068352
YPL145C,YMR143W,0,-5.6873713,0.7692307829856873,0.8985201120376587,0.026955602690577507
YGR041W,YOR025W,0,-5.690808,0.7685352563858032,0.8985201120376587,0.027061311528086662
YNL149C,YKL122C,0,-5.6912713,0.7678410410881042,0.8985201120376587,0.02716701850295067
YEL050C,YFL059W,0,-5.691526,0.7671480178833008,0.8985201120376587,0.027272727340459824
YGL054C,YMR290C,0,-5.6923404,0.7664562463760376,0.8985201120376587,0.02737843617796898
YMR138W,YGR200C,0,-5.6933837,0.7657657861709595,0.8985201120376587,0.027484143152832985
YKL176C,YHR099W,0,-5.6955743,0.7650765180587769,0.8985201120376587,0.02758985199034214
YBR059C,YPL123C,0,-5.695728,0.7643885016441345,0.8985201120376587,0.027695560827851295
YNL016W,YBR143C,0,-5.697095,0.7637016773223877,0.8985201120376587,0.0278012678027153
YNR015W,YGR211W,0,-5.699699,0.7630161643028259,0.8985201120376587,0.027906976640224457
YJR064W,YKR057W,0,-5.7046475,0.7623318433761597,0.8985201120376587,0.028012685477733612
YER019C-A,YJL109C,0,-5.7171583,0.7616487741470337,0.8985201120376587,0.028118392452597618
YBR154C,YPL128C,0,-5.721049,0.7609668970108032,0.8985201120376587,0.028224101290106773
YDR062W,YFL045C,0,-5.7233787,0.7602862119674683,0.8985201120376587,0.02832981012761593
YOR168W,YBL079W,0,-5.728868,0.7596067786216736,0.8985201120376587,0.028435517102479935
YMR250W,YJR033C,0,-5.7341466,0.7589285969734192,0.8985201120376587,0.02854122593998909
YNL072W,YNL126W,0,-5.736337,0.7582515478134155,0.8985201120376587,0.028646934777498245
YLR052W,YLR223C,0,-5.738834,0.7575757503509521,0.8985201120376587,0.0287526436150074
YDR021W,YNR017W,0,-5.743604,0.7569011449813843,0.8985201120376587,0.028858350589871407
YDL093W,YOR270C,0,-5.7450523,0.7562277317047119,0.8985201120376587,0.028964059427380562
YPR183W,YAL007C,0,-5.7462983,0.7555555701255798,0.8985201120376587,0.029069768264889717
YKL165C,YNL263C,0,-5.750401,0.7548845410346985,0.8985201120376587,0.029175475239753723
YHR021C,YBR254C,0,-5.751191,0.7542147040367126,0.8985201120376587,0.02928118407726288
YPR122W,YFL026W,0,-5.7550464,0.7535461187362671,0.8985201120376587,0.029386892914772034
YPL117C,YJR097W,0,-5.75549,0.7528786659240723,0.8985201120376587,0.02949259988963604
YLR015W,YPL012W,0,-5.760262,0.752212405204773,0.8985201120376587,0.029598308727145195
YKR036C,YOR046C,0,-5.765934,0.7515472769737244,0.8985201120376587,0.02970401756465435
YBL023C,YDR346C,0,-5.7662306,0.7508834004402161,0.8985201120376587,0.029809724539518356
YJL061W,YER022W,0,-5.770113,0.7502206563949585,0.8985201120376587,0.02991543337702751
YJL072C,YER087C-B,0,-5.7704635,0.7495591044425964,0.8985201120376587,0.030021142214536667
YMR116C,YJR064W,0,-5.772593,0.7488986849784851,0.8985201120376587,0.030126849189400673
YJR002W,YJL072C,0,-5.7757306,0.7482394576072693,0.8985201120376587,0.030232558026909828
YPR034W,YNL186W,0,-5.7762933,0.7475813627243042,0.8985201120376587,0.030338266864418983
YOR243C,YJL121C,0,-5.7791476,0.7469244003295898,0.8985201120376587,0.03044397383928299
YDR268W,YGL115W,0,-5.780886,0.746268630027771,0.8985201120376587,0.030549682676792145
YPR086W,YIR026C,0,-5.7881503,0.7456140518188477,0.8985201120376587,0.0306553915143013
YJL008C,YEL026W,0,-5.796409,0.7449605464935303,0.8985201120376587,0.030761098489165306
YPR042C,YLR371W,0,-5.798306,0.7443082332611084,0.8985201120376587,0.03086680732667446
YDL145C,YJL167W,0,-5.8004766,0.7436570525169373,0.8985201120376587,0.030972516164183617
YHR006W,YDR126W,0,-5.801088,0.7430070042610168,0.8985201120376587,0.031078225001692772
YDR037W,YDR416W,0,-5.8035464,0.7423580884933472,0.8985201120376587,0.031183931976556778
YLR028C,YHR194W,0,-5.8066983,0.7417103052139282,0.8985201120376587,0.03128964081406593
YOR346W,YJL148W,0,-5.8075337,0.74106365442276,0.8985201120376587,0.03139534965157509
YNL188W,YBL024W,0,-5.8108335,0.7404181361198425,0.8985201120376587,0.031501058489084244
YBR087W,YPL012W,0,-5.811669,0.739773690700531,0.8985201120376587,0.0316067636013031
YDR062W,YPL234C,0,-5.8137584,0.739130437374115,0.8985201120376587,0.031712472438812256
YER142C,YOL038W,0,-5.81607,0.7384882569313049,0.8985201120376587,0.03181818127632141
YMR119W,YPL110C,0,-5.816347,0.7378472089767456,0.8985201120376587,0.031923890113830566
YDR206W,YOL061W,0,-5.825964,0.737207293510437,0.8985201120376587,0.03202959895133972
YAR002W,YER151C,0,-5.8391356,0.7365684509277344,0.8985201120376587,0.03213530778884888
YNL206C,YLR435W,0,-5.8399863,0.7359307408332825,0.8985201120376587,0.03224101662635803
YBL069W,YPL101W,0,-5.8415327,0.7352941036224365,0.8985201120376587,0.03234672173857689
YNR035C,YDR057W,0,-5.843252,0.7346585988998413,0.8985201120376587,0.032452430576086044
YOL127W,YPL193W,1,-5.8467183,0.7348877191543579,0.8995771408081055,0.032452430576086044
YGR085C,YPL193W,1,-5.8477097,0.7351164817810059,0.900634229183197,0.032452430576086044
YIR022W,YFL037W,0,-5.848099,0.7344827651977539,0.900634229183197,0.0325581394135952
YGR214W,YLR272C,0,-5.8635707,0.7338501214981079,0.900634229183197,0.032663848251104355
YIL040W,YDR420W,0,-5.864027,0.7332186102867126,0.900634229183197,0.03276955708861351
YAR002C-A,YLR447C,0,-5.865215,0.7325881123542786,0.900634229183197,0.032875265926122665
YHR072W,YJR042W,0,-5.867123,0.7319587469100952,0.900634229183197,0.03298097103834152
YPL051W,YMR263W,0,-5.87155,0.7313304543495178,0.900634229183197,0.03308667987585068
YGR188C,YDR165W,0,-5.8727803,0.7307032346725464,0.900634229183197,0.03319238871335983
YPR181C,YFL045C,0,-5.872994,0.7300771474838257,0.900634229183197,0.03329809755086899
YDR148C,YOL117W,0,-5.8759007,0.7294520735740662,0.900634229183197,0.03340380638837814
YLR401C,YKL173W,0,-5.87622,0.7288280725479126,0.900634229183197,0.0335095152258873
YER151C,YJL069C,0,-5.8767405,0.728205144405365,0.900634229183197,0.033615220338106155
YGR078C,YGR082W,0,-5.8783836,0.7275832891464233,0.900634229183197,0.03372092917561531
YJL006C,YOL080C,0,-5.883691,0.7269624471664429,0.900634229183197,0.033826638013124466
YEL015W,YOL124C,0,-5.8874974,0.7263427376747131,0.900634229183197,0.03393234685063362
YMR198W,YBR060C,0,-5.890336,0.7257240414619446,0.900634229183197,0.034038055688142776
YPR067W,YDR265W,0,-5.8922005,0.7251063585281372,0.900634229183197,0.03414376452565193
YHR091C,YPR133W-A,0,-5.893072,0.7244898080825806,0.900634229183197,0.03424946963787079
YFR051C,YNL263C,0,-5.897467,0.7238742709159851,0.900634229183197,0.034355178475379944
YOR212W,YDR146C,0,-5.897689,0.7232597470283508,0.900634229183197,0.0344608873128891
YIL097W,YFR052W,0,-5.8992105,0.7226462960243225,0.900634229183197,0.034566596150398254
YNL221C,YBR257W,0,-5.9022202,0.7220339179039001,0.900634229183197,0.03467230498790741
YKL205W,YLR086W,0,-5.9043207,0.721422553062439,0.900634229183197,0.034778013825416565
YMR177W,YPR144C,0,-5.9055333,0.720812201499939,0.900634229183197,0.03488372266292572
YGL087C,YKL193C,0,-5.9073772,0.7202028632164001,0.900634229183197,0.03498942777514458
YBL035C,YPL129W,0,-5.911386,0.7195945978164673,0.900634229183197,0.03509513661265373
YDL099W,YDL090C,0,-5.913712,0.7189873456954956,0.900634229183197,0.03520084545016289
YHR171W,YML028W,0,-5.91423,0.7183811068534851,0.900634229183197,0.03530655428767204
YKR024C,YPL193W,1,-5.9155984,0.7186183929443359,0.9016913175582886,0.03530655428767204
YNL020C,YGL178W,0,-5.9233065,0.7180134654045105,0.9016913175582886,0.0354122631251812
YJR125C,YDR479C,0,-5.9251733,0.717409610748291,0.9016913175582886,0.03551797196269035
YNR017W,YCR053W,0,-5.93133,0.7168067097663879,0.9016913175582886,0.03562367707490921
YGL257C,YLR208W,0,-5.9358144,0.7162048816680908,0.9016913175582886,0.035729385912418365
YOR079C,YBR079C,0,-5.9419637,0.7156040072441101,0.9016913175582886,0.03583509474992752
YKL110C,YGL058W,0,-5.942036,0.7150042057037354,0.9016913175582886,0.035940803587436676
YNL031C,YBL026W,0,-5.9459653,0.714405357837677,0.9016913175582886,0.03604651242494583
YLR397C,YML113W,0,-5.9463577,0.7138075232505798,0.9016913175582886,0.03615222126245499
YOL094C,YML105C,0,-5.948774,0.7132107019424438,0.9016913175582886,0.03625792637467384
YNL257C,YBR127C,0,-5.9488935,0.712614893913269,0.9016913175582886,0.036363635212183
YOR130C,YJL072C,0,-5.949844,0.7120200395584106,0.9016913175582886,0.036469344049692154
YMR290C,YOR287C,0,-5.9534383,0.7114261984825134,0.9016913175582886,0.03657505288720131
YMR268C,YNL201C,0,-5.9597526,0.7108333110809326,0.9016913175582886,0.036680761724710464
YJL134W,YML023C,0,-5.961531,0.710241436958313,0.9016913175582886,0.03678647056221962
YEL061C,YBR073W,0,-5.9616647,0.7096505761146545,0.9016913175582886,0.036892179399728775
YOL146W,YGL243W,0,-5.9619474,0.7090606689453125,0.9016913175582886,0.03699788451194763
YNL227C,YDR418W,1,-5.963405,0.7093023061752319,0.9027484059333801,0.03699788451194763
YIL075C,YOL031C,0,-5.9657054,0.708713710308075,0.9027484059333801,0.03710359334945679
YHR070W,YOR295W,0,-5.967121,0.7081260085105896,0.9027484059333801,0.03720930218696594
YER146W,YOR243C,0,-5.9701195,0.7075393795967102,0.9027484059333801,0.0373150110244751
YLR106C,YLR022C,1,-5.9722886,0.7077814340591431,0.9038054943084717,0.0373150110244751
YGL021W,YMR198W,0,-5.974073,0.707196056842804,0.9038054943084717,0.03742071986198425
YGL116W,YDL112W,0,-5.9756484,0.7066115736961365,0.9038054943084717,0.03752642869949341
YDL014W,YOL127W,1,-5.975768,0.7068538665771484,0.9048625826835632,0.03752642869949341
YML132W,YLR350W,0,-5.980168,0.7062706351280212,0.9048625826835632,0.037632133811712265
YJL111W,YOR260W,0,-5.9809823,0.7056883573532104,0.9048625826835632,0.03773784264922142
YJL115W,YGL106W,0,-5.9854007,0.7051070928573608,0.9048625826835632,0.037843551486730576
YDL003W,YGR179C,0,-5.9863114,0.7045267224311829,0.9048625826835632,0.03794926032423973
YIL131C,YDR527W,0,-5.991872,0.7039473652839661,0.9048625826835632,0.038054969161748886
YPL271W,YJL141C,0,-5.995768,0.7033689618110657,0.9048625826835632,0.03816067799925804
YNL004W,YDL040C,0,-5.999931,0.7027914524078369,0.9048625826835632,0.0382663831114769
YKR056W,YLR272C,0,-6.000628,0.7022149562835693,0.9048625826835632,0.03837209194898605
YDL019C,YDR251W,0,-6.004121,0.7016393542289734,0.9048625826835632,0.03847780078649521
YGL195W,YBR002C,0,-6.0073304,0.7010647058486938,0.9048625826835632,0.038583509624004364
YNL248C,YDL235C,0,-6.0108666,0.7004910111427307,0.9048625826835632,0.03868921846151352
YER107C,YGL106W,0,-6.0130606,0.6999182105064392,0.9048625826835632,0.038794927299022675
YOR119C,YPL128C,0,-6.0138383,0.6993464231491089,0.9048625826835632,0.03890063241124153
YPR171W,YMR263W,0,-6.0157957,0.6987755298614502,0.9048625826835632,0.03900634124875069
YDR211W,YCR020W-B,0,-6.0172324,0.6982055306434631,0.9048625826835632,0.03911205008625984
YLR319C,YJL008C,0,-6.0185614,0.6976364850997925,0.9048625826835632,0.039217758923769
YLR448W,YPL193W,1,-6.0205607,0.6978827118873596,0.9059196710586548,0.039217758923769
YJR057W,YJL074C,0,-6.0221944,0.6973149180412292,0.9059196710586548,0.03932346776127815
YJL178C,YCR034W,0,-6.0245295,0.6967479586601257,0.9059196710586548,0.03942917659878731
YGR063C,YJL109C,0,-6.024804,0.6961819529533386,0.9059196710586548,0.03953488543629646
YDL074C,YJL191W,0,-6.027595,0.6956169009208679,0.9059196710586548,0.03964059054851532
YCL035C,YER142C,0,-6.036318,0.6950527429580688,0.9059196710586548,0.039746299386024475
YJR064W,YJL184W,0,-6.0372887,0.6944894790649414,0.9059196710586548,0.03985200822353363
YKL172W,YIL009W,0,-6.040445,0.6939271092414856,0.9059196710586548,0.039957717061042786
YGR129W,YDR398W,0,-6.0453105,0.6933656930923462,0.9059196710586548,0.04006342589855194
YNL101W,YBL005W,0,-6.0467896,0.6928051710128784,0.9059196710586548,0.040169134736061096
YKL135C,YNL329C,0,-6.0472713,0.6922455430030823,0.9059196710586548,0.04027483984827995
YOR206W,YDL039C,0,-6.0491996,0.6916868686676025,0.9059196710586548,0.04038054868578911
YGR166W,YNL311C,0,-6.0495534,0.6911290287971497,0.9059196710586548,0.040486257523298264
YOR254C,YDL235C,0,-6.054253,0.6905721426010132,0.9059196710586548,0.04059196636080742
YOR002W,YBR097W,0,-6.0556893,0.6900160908699036,0.9059196710586548,0.040697675198316574
YPL011C,YGL232W,0,-6.059508,0.6894609928131104,0.9059196710586548,0.04080338403582573
YNR032W,YML013W,0,-6.060302,0.688906729221344,0.9059196710586548,0.040909089148044586
YDR397C,YOR159C,0,-6.063125,0.688353419303894,0.9059196710586548,0.04101479798555374
YER119C,YPL203W,0,-6.0660753,0.687800943851471,0.9059196710586548,0.0411205068230629
YPR070W,YLR222C,0,-6.0689936,0.6872494220733643,0.9059196710586548,0.04122621566057205
YAL007C,YOR310C,0,-6.070251,0.6866987347602844,0.9059196710586548,0.04133192449808121
YDR211W,YGR229C,0,-6.071382,0.6861489415168762,0.9059196710586548,0.04143763333559036
YOR078W,YGL020C,0,-6.072344,0.6855999827384949,0.9059196710586548,0.04154334217309952
YML012W,YLR268W,0,-6.07773,0.6850519776344299,0.9059196710586548,0.041649047285318375
YDR328C,YDR486C,0,-6.078267,0.6845048069953918,0.9059196710586548,0.04175475612282753
YPL163C,YMR203W,0,-6.0805135,0.6839584708213806,0.9059196710586548,0.041860464960336685
YJL008C,YGL097W,0,-6.080682,0.6834130883216858,0.9059196710586548,0.04196617379784584
YBR020W,YPR095C,0,-6.081083,0.6828685402870178,0.9059196710586548,0.042071882635354996
YJL047C,YOR035C,0,-6.0819235,0.6823248267173767,0.9059196710586548,0.04217759147286415
YPL169C,YNL016W,0,-6.0825677,0.6817820072174072,0.9059196710586548,0.04228329658508301
YDR418W,YPL193W,1,-6.085072,0.682034969329834,0.9069767594337463,0.04228329658508301
YKL004W,YGR081C,0,-6.089133,0.6814932227134705,0.9069767594337463,0.04238900542259216
YBR177C,YOR267C,0,-6.0908446,0.6809523701667786,0.9069767594337463,0.04249471426010132
YDR498C,YBR198C,0,-6.0925965,0.6804123520851135,0.9069767594337463,0.042600423097610474
YER116C,YNL025C,0,-6.0945473,0.6798732280731201,0.9069767594337463,0.04270613193511963
YEL061C,YPL007C,0,-6.099156,0.6793349385261536,0.9069767594337463,0.042811840772628784
YDR490C,YCR073W-A,0,-6.1009207,0.6787974834442139,0.9069767594337463,0.04291754588484764
YER183C,YJR070C,0,-6.1011615,0.678260862827301,0.9069767594337463,0.043023254722356796
YBR020W,YDR443C,0,-6.104885,0.6777251362800598,0.9069767594337463,0.04312896355986595
YGR155W,YPR132W,0,-6.106631,0.6771901845932007,0.9069767594337463,0.04323467239737511
YKL176C,YBL105C,0,-6.1069326,0.6766561269760132,0.9069767594337463,0.04334038123488426
YMR149W,YGR082W,0,-6.1073337,0.6761229038238525,0.9069767594337463,0.04344609007239342
YGR140W,YNL151C,0,-6.110231,0.6755905747413635,0.9069767594337463,0.043551795184612274
YLL018C-A,YLR193C,0,-6.1107206,0.6750590205192566,0.9069767594337463,0.04365750402212143
YOR307C,YOR308C,0,-6.111233,0.6745283007621765,0.9069767594337463,0.043763212859630585
YLR175W,YNL147W,0,-6.1117606,0.6739984154701233,0.9069767594337463,0.04386892169713974
YJR089W,YIL042C,0,-6.113585,0.6734693646430969,0.9069767594337463,0.043974630534648895
YIL128W,YMR005W,0,-6.1181865,0.6729411482810974,0.9069767594337463,0.04408033937215805
YDR330W,YOR003W,0,-6.120829,0.6724137663841248,0.9069767594337463,0.044186048209667206
YML028W,YJL141C,0,-6.1214576,0.671887218952179,0.9069767594337463,0.04429175332188606
YDR005C,YGR141W,0,-6.124042,0.67136150598526,0.9069767594337463,0.04439746215939522
YDR097C,YOL054W,0,-6.1256566,0.6708365678787231,0.9069767594337463,0.04450317099690437
YDR201W,YGR099W,0,-6.1270976,0.6703125238418579,0.9069767594337463,0.04460887983441353
YDL042C,YLR212C,0,-6.1280622,0.6697892546653748,0.9069767594337463,0.044714588671922684
YAR002C-A,YPL032C,0,-6.1297603,0.6692667603492737,0.9069767594337463,0.04482029750943184
YPR190C,YLR277C,0,-6.1318355,0.6687451004981995,0.9069767594337463,0.044926002621650696
YJR091C,YDR129C,0,-6.13224,0.6682242751121521,0.9069767594337463,0.04503171145915985
YLL022C,YGR214W,0,-6.133475,0.6677042841911316,0.9069767594337463,0.045137420296669006
YOR198C,YCR053W,0,-6.133779,0.6671850681304932,0.9069767594337463,0.04524312913417816
YMR198W,YJL092W,0,-6.1356616,0.6666666865348816,0.9069767594337463,0.04534883797168732
YMR229C,YOR297C,0,-6.1366925,0.6661490797996521,0.9069767594337463,0.04545454680919647
YAL017W,YOR162C,0,-6.1382327,0.6656322479248047,0.9069767594337463,0.04556025192141533
YDL155W,YOL020W,0,-6.14579,0.6651162505149841,0.9069767594337463,0.045665960758924484
YNL166C,YLR314C,0,-6.1459575,0.6646010875701904,0.9069767594337463,0.04577166959643364
YOR232W,YEL026W,0,-6.150471,0.6640866994857788,0.9069767594337463,0.045877378433942795
YGL005C,YER161C,0,-6.1522284,0.6635730862617493,0.9069767594337463,0.04598308727145195
YML015C,YIR026C,0,-6.1523113,0.6630603075027466,0.9069767594337463,0.046088796108961105
YDL232W,YDR079C-A,0,-6.1554294,0.6625482439994812,0.9069767594337463,0.04619450494647026
YNL029C,YOL142W,0,-6.1563854,0.6620370149612427,0.9069767594337463,0.04630021005868912
YER073W,YPL043W,0,-6.1580343,0.661526620388031,0.9069767594337463,0.04640591889619827
YJL209W,YLR355C,0,-6.1604548,0.6610169410705566,0.9069767594337463,0.04651162773370743
YNL201C,YEL037C,0,-6.160959,0.6605080962181091,0.9069767594337463,0.04661733657121658
YLR335W,YMR061W,0,-6.1617036,0.6600000262260437,0.9069767594337463,0.04672304540872574
YJL198W,YLR147C,0,-6.1658688,0.6594926714897156,0.9069767594337463,0.046828754246234894
YOR239W,YLL021W,0,-6.1676254,0.6589861512184143,0.9069767594337463,0.04693445935845375
YPL032C,YHR196W,0,-6.1710014,0.6584804058074951,0.9069767594337463,0.047040168195962906
YEL036C,YGL014W,0,-6.1719346,0.657975435256958,0.9069767594337463,0.04714587703347206
YDR298C,YDR129C,0,-6.1731553,0.657471239566803,0.9069767594337463,0.047251585870981216
YLR411W,YGL068W,0,-6.1741934,0.65696781873703,0.9069767594337463,0.04735729470849037
YNL227C,YOR063W,1,-6.180149,0.6572303175926208,0.9080338478088379,0.04735729470849037
YGL173C,YFR040W,0,-6.1813807,0.6567278504371643,0.9080338478088379,0.04746300354599953
YJL134W,YHR026W,0,-6.181829,0.6562260985374451,0.9080338478088379,0.047568708658218384
YFL016C,YJL036W,0,-6.1844945,0.6557251811027527,0.9080338478088379,0.04767441749572754
YLR285W,YLR145W,0,-6.184627,0.6552250385284424,0.9080338478088379,0.047780126333236694
YDR331W,YBL039C,0,-6.1851,0.6547256112098694,0.9080338478088379,0.04788583517074585
YMR091C,YNL090W,0,-6.1852207,0.6542269587516785,0.9080338478088379,0.047991544008255005
YML120C,YEL050C,0,-6.187057,0.6537290811538696,0.9080338478088379,0.04809725284576416
YGR003W,YDR205W,0,-6.1874356,0.6532319188117981,0.9080338478088379,0.048202961683273315
YBR234C,YOL060C,0,-6.189938,0.6527355909347534,0.9080338478088379,0.04830866679549217
YDR153C,YLR145W,0,-6.1907997,0.6522399187088013,0.9080338478088379,0.04841437563300133
YOL077W-A,YAL044C,0,-6.190803,0.651745080947876,0.9080338478088379,0.04852008447051048
YBR015C,YHL011C,0,-6.190816,0.651250958442688,0.9080338478088379,0.04862579330801964
YCR028C,YNR048W,0,-6.1949286,0.6507575511932373,0.9080338478088379,0.04873150214552879
YDR376W,YMR238W,0,-6.1961703,0.6502649784088135,0.9080338478088379,0.04883721098303795
YHR081W,YDR478W,0,-6.196351,0.6497730612754822,0.9080338478088379,0.048942916095256805
YCR020W-B,YNL188W,0,-6.1966834,0.649281919002533,0.9080338478088379,0.04904862493276596
YIL036W,YLR207W,0,-6.2004924,0.6487915515899658,0.9080338478088379,0.049154333770275116
YLR370C,YBL058W,0,-6.2010994,0.648301899433136,0.9080338478088379,0.04926004260778427
YNL199C,YOR307C,0,-6.201207,0.6478129625320435,0.9080338478088379,0.049365751445293427
YPL131W,YPL193W,1,-6.202566,0.6480783820152283,0.9090909361839294,0.049365751445293427
YDL004W,YIL155C,0,-6.2038465,0.6475903391838074,0.9090909361839294,0.04947146028280258
YHR072W,YMR142C,0,-6.2042513,0.6471030712127686,0.9090909361839294,0.04957716539502144
YDR096W,YJL210W,0,-6.205568,0.646616518497467,0.9090909361839294,0.049682874232530594
YNL145W,YOR159C,0,-6.205672,0.6461307406425476,0.9090909361839294,0.04978858307003975
YMR012W,YJR045C,0,-6.2070374,0.6456456184387207,0.9090909361839294,0.049894291907548904
YNR027W,YMR211W,0,-6.2096863,0.6451612710952759,0.9090909361839294,0.05000000074505806
YER127W,YOR217W,0,-6.211407,0.6446776390075684,0.9090909361839294,0.050105709582567215
YLR220W,YDL128W,0,-6.2127995,0.6441947817802429,0.9090909361839294,0.05021141469478607
YDR062W,YPR052C,0,-6.2146935,0.64371258020401,0.9090909361839294,0.05031712353229523
YAL026C,YDR457W,0,-6.217731,0.6432310938835144,0.9090909361839294,0.05042283236980438
YML012W,YKL154W,0,-6.218738,0.6427503824234009,0.9090909361839294,0.05052854120731354
YJR070C,YNL201C,0,-6.2228637,0.6422703266143799,0.9090909361839294,0.05063425004482269
YGL053W,YJR126C,0,-6.22305,0.641791045665741,0.9090909361839294,0.05073995888233185
YMR011W,YBR058C-A,0,-6.2230678,0.6413124799728394,0.9090909361839294,0.050845667719841
YLR052W,YOR123C,0,-6.2249784,0.6408345699310303,0.9090909361839294,0.05095137283205986
YJR025C,YDL130W-A,0,-6.2320213,0.6403574347496033,0.9090909361839294,0.051057081669569016
YOR038C,YJL050W,0,-6.2326865,0.6398809552192688,0.9090909361839294,0.05116279050707817
YML031W,YHR172W,0,-6.2331047,0.6394051909446716,0.9090909361839294,0.051268499344587326
YAL032C,YCL032W,0,-6.235229,0.6389301419258118,0.9090909361839294,0.05137420818209648
YNL307C,YDL236W,0,-6.2352557,0.6384558081626892,0.9090909361839294,0.05147991701960564
YPL046C,YCR071C,0,-6.2368484,0.637982189655304,0.9090909361839294,0.05158562213182449
YOR079C,YHR203C,0,-6.2375975,0.637509286403656,0.9090909361839294,0.05169133096933365
YNL166C,YJR070C,0,-6.241643,0.6370370388031006,0.9090909361839294,0.051797039806842804
YMR049C,YER112W,0,-6.24328,0.6365655064582825,0.9090909361839294,0.05190274864435196
YPL061W,YNL225C,0,-6.244946,0.6360946893692017,0.9090909361839294,0.052008457481861115
YMR161W,YMR285C,0,-6.2463903,0.6356245279312134,0.9090909361839294,0.05211416631937027
YJL121C,YDL111C,0,-6.24658,0.6351550817489624,0.9090909361839294,0.05221987143158913
YLR459W,YCR044C,0,-6.2500625,0.6346863508224487,0.9090909361839294,0.05232558026909828
YOR260W,YDR228C,0,-6.2568727,0.6342182755470276,0.9090909361839294,0.05243128910660744
YDL093W,YLR372W,0,-6.25695,0.6337509155273438,0.9090909361839294,0.05253699794411659
YOR269W,YKR028W,0,-6.2597766,0.6332842707633972,0.9090909361839294,0.05264270678162575
YMR311C,YDL216C,0,-6.2601056,0.6328182220458984,0.9090909361839294,0.0527484156191349
YNL151C,YOR315W,0,-6.263659,0.6323529481887817,0.9090909361839294,0.05285412445664406
YOR204W,YMR153W,0,-6.2655993,0.6318883299827576,0.9090909361839294,0.052959829568862915
YBR158W,YOL023W,0,-6.2664757,0.6314243674278259,0.9090909361839294,0.05306553840637207
YNL075W,YLR033W,0,-6.268175,0.6309611201286316,0.9090909361839294,0.053171247243881226
YGL171W,YGR211W,0,-6.2705803,0.6304985284805298,0.9090909361839294,0.05327695608139038
YKL129C,YDR369C,0,-6.270598,0.6300366520881653,0.9090909361839294,0.053382664918899536
YHR005C,YEL032W,0,-6.273079,0.6295754313468933,0.9090909361839294,0.05348837375640869
YGR109C,YLR321C,0,-6.2757516,0.6291148662567139,0.9090909361839294,0.05359407886862755
YNR001C,YHR160C,0,-6.2795224,0.628654956817627,0.9090909361839294,0.053699787706136703
YNL012W,YAL005C,0,-6.281898,0.6281957626342773,0.9090909361839294,0.05380549654364586
YGL054C,YGR033C,0,-6.2835517,0.6277372241020203,0.9090909361839294,0.053911205381155014
YDL102W,YML021C,0,-6.2873406,0.6272793412208557,0.9090909361839294,0.05401691421866417
YML004C,YGL062W,0,-6.2873816,0.6268221735954285,0.9090909361839294,0.054122623056173325
YDL213C,YBR093C,0,-6.287482,0.626365602016449,0.9090909361839294,0.05422832816839218
YOR206W,YLR139C,0,-6.2904344,0.6259097456932068,0.9090909361839294,0.05433403700590134
YPL086C,YLR145W,0,-6.3018417,0.6254545450210571,0.9090909361839294,0.05443974584341049
YGR007W,YDL080C,0,-6.302271,0.625,0.9090909361839294,0.05454545468091965
YBL003C,YLR208W,0,-6.302653,0.6245461106300354,0.9090909361839294,0.0546511635184288
YEL029C,YDL064W,0,-6.3026776,0.6240928769111633,0.9090909361839294,0.05475687235593796
YJR097W,YIL149C,0,-6.306724,0.6236402988433838,0.9090909361839294,0.054862577468156815
YPR005C,YMR008C,0,-6.307733,0.6231883764266968,0.9090909361839294,0.05496828630566597
YHR191C,YIL095W,0,-6.308312,0.6227371692657471,0.9090909361839294,0.055073995143175125
YMR012W,YLR222C,0,-6.308954,0.6222865581512451,0.9090909361839294,0.05517970398068428
YBL002W,YLR442C,0,-6.312411,0.6218366026878357,0.9090909361839294,0.055285412818193436
YKL191W,YJL129C,0,-6.3129396,0.6213873028755188,0.9090909361839294,0.05539112165570259
YGR217W,YGR003W,0,-6.313994,0.6209385991096497,0.9090909361839294,0.055496830493211746
YPL046C,YMR112C,0,-6.314037,0.6204906105995178,0.9090909361839294,0.0556025356054306
YNL161W,YBR095C,0,-6.317489,0.6200432777404785,0.9090909361839294,0.05570824444293976
YOR039W,YLR386W,0,-6.318293,0.619596540927887,0.9090909361839294,0.055813953280448914
YAR002C-A,YDR434W,0,-6.3193088,0.6191504597663879,0.9090909361839294,0.05591966211795807
YAL003W,YKR057W,0,-6.3198304,0.6187050342559814,0.9090909361839294,0.056025370955467224
YGR140W,YNL282W,0,-6.3201985,0.6182602643966675,0.9090909361839294,0.05613107979297638
YMR138W,YLR002C,0,-6.320432,0.6178160905838013,0.9090909361839294,0.056236784905195236
YML059C,YDR389W,0,-6.322454,0.6173725724220276,0.9090909361839294,0.05634249374270439
YOR340C,YMR016C,0,-6.322806,0.6169297099113464,0.9090909361839294,0.05644820258021355
YFR031C,YBL034C,0,-6.323492,0.616487443447113,0.9090909361839294,0.0565539114177227
YOL012C,YER070W,0,-6.324527,0.6160458326339722,0.9090909361839294,0.05665962025523186
YJL085W,YPR133C,0,-6.3251615,0.6156048774719238,0.9090909361839294,0.05676532909274101
YMR288W,YHR187W,0,-6.3253627,0.6151645183563232,0.9090909361839294,0.05687103420495987
YML012W,YDR302W,0,-6.3255863,0.6147248148918152,0.9090909361839294,0.056976743042469025
YBR164C,YCR002C,0,-6.329016,0.6142857074737549,0.9090909361839294,0.05708245187997818
YBL018C,YMR308C,0,-6.3311696,0.6138472557067871,0.9090909361839294,0.057188160717487335
YJL006C,YER003C,0,-6.3330398,0.6134093999862671,0.9090909361839294,0.05729386955499649
YGL106W,YDR346C,0,-6.3337035,0.6129721999168396,0.9090909361839294,0.057399578392505646
YBR164C,YBL057C,0,-6.334117,0.6125355958938599,0.9090909361839294,0.0575052872300148
YLR384C,YPL125W,0,-6.334287,0.6120996475219727,0.9090909361839294,0.05761099234223366
YLR370C,YHR030C,0,-6.3359056,0.6116642951965332,0.9090909361839294,0.05771670117974281
YMR150C,YDR276C,0,-6.339227,0.6112295389175415,0.9090909361839294,0.05782241001725197
YDR188W,YDR143C,0,-6.344127,0.6107954382896423,0.9090909361839294,0.057928118854761124
YLR321C,YDR381W,0,-6.3460565,0.6103619337081909,0.9090909361839294,0.05803382769227028
YDR421W,YPL180W,0,-6.346742,0.609929084777832,0.9090909361839294,0.058139536529779434
YIL061C,YBR061C,0,-6.347299,0.6094968318939209,0.9090909361839294,0.05824524164199829
YPL161C,YOL146W,0,-6.347875,0.6090651750564575,0.9090909361839294,0.058350950479507446
YNL288W,YER146W,0,-6.3505154,0.6086341142654419,0.9090909361839294,0.0584566593170166
YDR254W,YBL063W,0,-6.351172,0.608203649520874,0.9090909361839294,0.05856236815452576
YMR116C,YCR027C,0,-6.3530145,0.6077738404273987,0.9090909361839294,0.05866807699203491
YKR095W,YOR367W,0,-6.355271,0.6073446273803711,0.9090909361839294,0.05877378582954407
YMR308C,YOR129C,0,-6.3555217,0.6069160103797913,0.9090909361839294,0.058879490941762924
YDR320C-A,YGL106W,0,-6.3564086,0.6064879894256592,0.9090909361839294,0.05898519977927208
YOR386W,YNL294C,0,-6.3610764,0.6060606241226196,0.9090909361839294,0.059090908616781235
YIR017C,YMR053C,0,-6.361114,0.6056337952613831,0.9090909361839294,0.05919661745429039
YLR293C,YMR016C,0,-6.3631606,0.605207622051239,0.9090909361839294,0.059302326291799545
YGL173C,YDR180W,0,-6.368324,0.604781985282898,0.9090909361839294,0.0594080351293087
YLR285W,YOL102C,0,-6.368366,0.6043570041656494,0.9090909361839294,0.05951374024152756
YGR140W,YNL299W,0,-6.370312,0.6039325594902039,0.9090909361839294,0.05961944907903671
YOL049W,YOL038W,0,-6.3725934,0.6035087704658508,0.9090909361839294,0.05972515791654587
YMR184W,YKL126W,0,-6.374108,0.6030855774879456,0.9090909361839294,0.05983086675405502
YNL298W,YDL225W,0,-6.3743205,0.6026629209518433,0.9090909361839294,0.05993657559156418
YLR084C,YPR137W,0,-6.3746743,0.6022409200668335,0.9090909361839294,0.060042284429073334
YBL057C,YIL039W,0,-6.3747945,0.6018194556236267,0.9090909361839294,0.06014799326658249
YPL240C,YDR453C,0,-6.3762784,0.6013985872268677,0.9090909361839294,0.060253698378801346
YDL087C,YDR425W,0,-6.3779683,0.6009783148765564,0.9090909361839294,0.0603594072163105
YDL040C,YNL267W,0,-6.3783083,0.6005586385726929,0.9090909361839294,0.060465116053819656
YBR049C,YPR018W,0,-6.378493,0.6001395583152771,0.9090909361839294,0.06057082489132881
YML103C,YLR442C,0,-6.381903,0.5997210741043091,0.9090909361839294,0.06067653372883797
YCL059C,YLR183C,0,-6.3824134,0.599303126335144,0.9090909361839294,0.06078224256634712
YIL149C,YFR033C,0,-6.382609,0.5988857746124268,0.9090909361839294,0.06088794767856598
YDR331W,YAR002W,0,-6.3829637,0.5984690189361572,0.9090909361839294,0.060993656516075134
YNR026C,YDL098C,0,-6.3829756,0.5980528593063354,0.9090909361839294,0.06109936535358429
YHR193C,YDR404C,0,-6.3831587,0.5976372361183167,0.9090909361839294,0.061205074191093445
YGL172W,YGR090W,0,-6.3915176,0.5972222089767456,0.9090909361839294,0.0613107830286026
YPL078C,YOL027C,0,-6.396887,0.5968077778816223,0.9090909361839294,0.061416491866111755
YMR001C,YOR194C,0,-6.4008784,0.596393883228302,0.9090909361839294,0.06152219697833061
YBL063W,YOL069W,0,-6.400958,0.5959805846214294,0.9090909361839294,0.06162790581583977
YLR380W,YKL073W,0,-6.4022174,0.5955678820610046,0.9090909361839294,0.06173361465334892
YBR060C,YIL018W,0,-6.404067,0.5951557159423828,0.9090909361839294,0.06183932349085808
YIL065C,YOL051W,0,-6.4063153,0.5947441458702087,0.9090909361839294,0.06194503232836723
YDR052C,YPR173C,0,-6.409536,0.5943331122398376,0.9090909361839294,0.06205074116587639
YIL131C,YJL133W,0,-6.4106274,0.5939226746559143,0.9090909361839294,0.062156450003385544
YER114C,YCR093W,0,-6.4107814,0.593512773513794,0.9090909361839294,0.0622621551156044
YJL014W,YDL102W,0,-6.411754,0.5931034684181213,0.9090909361839294,0.062367863953113556
YOR326W,YGR285C,0,-6.413697,0.5926946997642517,0.9090909361839294,0.06247357279062271
YJR097W,YPL144W,0,-6.4201756,0.5922865271568298,0.9090909361839294,0.06257928162813187
YOR299W,YPL058C,0,-6.4204516,0.5918788909912109,0.9090909361839294,0.06268499046564102
YDL197C,YOR386W,0,-6.42156,0.591471791267395,0.9090909361839294,0.06279069930315018
YKL165C,YJR131W,0,-6.423372,0.5910652875900269,0.9090909361839294,0.06289640814065933
YOR133W,YNL153C,0,-6.424091,0.5906593203544617,0.9090909361839294,0.06300211697816849
YDR118W,YLR386W,0,-6.4246173,0.5902539491653442,0.9090909361839294,0.06310782581567764
YAL041W,YDR407C,0,-6.4254594,0.5898491144180298,0.9090909361839294,0.0632135272026062
YLR370C,YML120C,0,-6.427218,0.5894448161125183,0.9090909361839294,0.06331923604011536
YNL201C,YML005W,0,-6.427225,0.5890411138534546,0.9090909361839294,0.06342494487762451
YBR158W,YOR204W,0,-6.4284873,0.5886379480361938,0.9090909361839294,0.06353065371513367
YGL006W,YJL036W,0,-6.4291534,0.5882353186607361,0.9090909361839294,0.06363636255264282
YNL242W,YBR072W,0,-6.430524,0.5878332257270813,0.9090909361839294,0.06374207139015198
YNL021W,YOL148C,0,-6.430948,0.5874316692352295,0.9090909361839294,0.06384778022766113
YBR164C,YOL039W,0,-6.430996,0.5870307087898254,0.9090909361839294,0.06395348906517029
YOR100C,YGL208W,0,-6.433513,0.5866302847862244,0.9090909361839294,0.06405919790267944
YNR054C,YIL149C,0,-6.4350576,0.5862303972244263,0.9090909361839294,0.0641649067401886
YJL146W,YMR204C,0,-6.4351077,0.5858310461044312,0.9090909361839294,0.06427061557769775
YLR223C,YLR139C,0,-6.4358964,0.5854322910308838,0.9090909361839294,0.06437632441520691
YHR005C,YOR193W,0,-6.438111,0.5850340127944946,0.9090909361839294,0.06448203325271606
YMR211W,YDR341C,0,-6.4384418,0.5846363306045532,0.9090909361839294,0.06458773463964462
YLR195C,YDR280W,0,-6.4399385,0.58423912525177,0.9090909361839294,0.06469344347715378
YOR198C,YDL143W,0,-6.442652,0.5838425159454346,0.9090909361839294,0.06479915231466293
YHR187W,YPR018W,0,-6.4431157,0.5834463834762573,0.9090909361839294,0.06490486115217209
YOL008W,YDR388W,0,-6.4434195,0.5830508470535278,0.9090909361839294,0.06501056998968124
YAL056W,YOL116W,0,-6.443841,0.5826558470726013,0.9090909361839294,0.0651162788271904
YNL121C,YBR058C-A,0,-6.4451694,0.582261323928833,0.9090909361839294,0.06522198766469955
YDR363W,YDR081C,0,-6.446302,0.5818673968315125,0.9090909361839294,0.06532769650220871
YJL101C,YLR006C,0,-6.446697,0.5814739465713501,0.9090909361839294,0.06543340533971786
YGR097W,YGL163C,0,-6.4490933,0.5810810923576355,0.9090909361839294,0.06553911417722702
YGR275W,YOR075W,0,-6.4512744,0.5806887149810791,0.9090909361839294,0.06564482301473618
YDR096W,YAL002W,0,-6.451534,0.5802968740463257,0.9090909361839294,0.06575053185224533
YKL074C,YKR022C,0,-6.451712,0.5799055695533752,0.9090909361839294,0.06585623323917389
YDR363W,YHR090C,0,-6.454187,0.5795148015022278,0.9090909361839294,0.06596194207668304
YGL073W,YKL025C,0,-6.454843,0.5791245698928833,0.9090909361839294,0.0660676509141922
YPL193W,YDR312W,1,-6.4562716,0.579407811164856,0.9101479649543762,0.0660676509141922
YJL065C,YBR048W,0,-6.456755,0.5790181756019592,0.9101479649543762,0.06617335975170135
YKL166C,YOR106W,0,-6.4581847,0.5786290168762207,0.9101479649543762,0.06627906858921051
YBR207W,YGL062W,0,-6.4593387,0.5782404541969299,0.9101479649543762,0.06638477742671967
YDR361C,YPL063W,0,-6.4619,0.5778523683547974,0.9101479649543762,0.06649048626422882
YPR082C,YER042W,0,-6.4622393,0.577464759349823,0.9101479649543762,0.06659619510173798
YDL116W,YDR207C,0,-6.462662,0.5770777463912964,0.9101479649543762,0.06670190393924713
YJR068W,YIL118W,0,-6.4640284,0.576691210269928,0.9101479649543762,0.06680761277675629
YGL142C,YNR047W,0,-6.4650617,0.5763052105903625,0.9101479649543762,0.06691332161426544
YJR076C,YHR142W,0,-6.4654503,0.5759197473526001,0.9101479649543762,0.0670190304517746
YBR112C,YBR198C,0,-6.4668493,0.5755347609519958,0.9101479649543762,0.06712473928928375
YBR276C,YDR159W,0,-6.4727573,0.5751503109931946,0.9101479649543762,0.06723044067621231
YPL101W,YJL208C,0,-6.474353,0.5747663378715515,0.9101479649543762,0.06733614951372147
YDR421W,YLR371W,0,-6.475404,0.5743829011917114,0.9101479649543762,0.06744185835123062
YNL330C,YLR424W,0,-6.477333,0.5740000009536743,0.9101479649543762,0.06754756718873978
YPL195W,YLR424W,0,-6.477529,0.5736175775527954,0.9101479649543762,0.06765327602624893
YJR010C-A,YGR063C,0,-6.4780374,0.5732356905937195,0.9101479649543762,0.06775898486375809
YIL142W,YDR097C,0,-6.4780564,0.5728542804718018,0.9101479649543762,0.06786469370126724
YJL133W,YLR292C,0,-6.480406,0.572473406791687,0.9101479649543762,0.0679704025387764
YFR013W,YBL035C,0,-6.480568,0.5720930099487305,0.9101479649543762,0.06807611137628555
YJL020C,YGL004C,0,-6.4812183,0.5717131495475769,0.9101479649543762,0.06818182021379471
YDR097C,YGR118W,0,-6.4814677,0.5713337659835815,0.9101479649543762,0.06828752905130386
YDR174W,YPL157W,0,-6.4824777,0.5709549188613892,0.9101479649543762,0.06839323788881302
YPL078C,YNL079C,0,-6.48372,0.570576548576355,0.9101479649543762,0.06849893927574158
YLR219W,YMR175W,0,-6.4879994,0.570198655128479,0.9101479649543762,0.06860464811325073
YCR034W,YLR192C,0,-6.4880443,0.569821298122406,0.9101479649543762,0.06871035695075989
YNR015W,YIL061C,0,-6.488243,0.5694444179534912,0.9101479649543762,0.06881606578826904
YGR268C,YMR106C,0,-6.489629,0.5690680742263794,0.9101479649543762,0.0689217746257782
YLL042C,YDL155W,0,-6.4896545,0.5686922073364258,0.9101479649543762,0.06902748346328735
YBR167C,YKL154W,0,-6.4898524,0.5683168172836304,0.9101479649543762,0.06913319230079651
YIL142W,YIL068C,0,-6.49022,0.5679419636726379,0.9101479649543762,0.06923890113830566
YDL088C,YDR489W,0,-6.4917226,0.5675675868988037,0.9101479649543762,0.06934460997581482
YBR121C,YJL074C,0,-6.4921794,0.5671936869621277,0.9101479649543762,0.06945031881332397
YIL065C,YOL122C,0,-6.4940414,0.5668202638626099,0.9101479649543762,0.06955602765083313
YDR302W,YJL062W,0,-6.494887,0.566447377204895,0.9101479649543762,0.06966173648834229
YMR037C,YNL003C,0,-6.49634,0.5660749673843384,0.9101479649543762,0.06976744532585144
YIR022W,YGR033C,0,-6.498038,0.5657030344009399,0.9101479649543762,0.06987314671278
YBR038W,YEL032W,0,-6.501641,0.5653315782546997,0.9101479649543762,0.06997885555028915
YNL055C,YJL089W,0,-6.501717,0.5649606585502625,0.9101479649543762,0.07008456438779831
YOL054W,YOR064C,0,-6.501884,0.5645901560783386,0.9101479649543762,0.07019027322530746
YIL009W,YMR288W,0,-6.5030174,0.5642201900482178,0.9101479649543762,0.07029598206281662
YPR171W,YER146W,0,-6.506538,0.5638507008552551,0.9101479649543762,0.07040169090032578
YGL067W,YGR185C,0,-6.5065465,0.5634816884994507,0.9101479649543762,0.07050739973783493
YDL102W,YMR246W,0,-6.506732,0.5631131529808044,0.9101479649543762,0.07061310857534409
YNL029C,YHR203C,0,-6.5114975,0.5627450942993164,0.9101479649543762,0.07071881741285324
YDL132W,YJL141C,0,-6.5126505,0.5623775124549866,0.9101479649543762,0.0708245262503624
YOL009C,YLR107W,0,-6.5126843,0.5620104670524597,0.9101479649543762,0.07093023508787155
YPL265W,YHR001W-A,0,-6.513516,0.5616438388824463,0.9101479649543762,0.0710359439253807
YIL004C,YLR342W,0,-6.5156455,0.5612776875495911,0.9101479649543762,0.07114165276288986
YNL268W,YGL092W,0,-6.516215,0.5609120726585388,0.9101479649543762,0.07124735414981842
YBR132C,YFL014W,0,-6.516417,0.560546875,0.9101479649543762,0.07135306298732758
YJL062W,YGR116W,0,-6.5167174,0.5601821541786194,0.9101479649543762,0.07145877182483673
YDR489W,YDL229W,0,-6.5173907,0.5598179697990417,0.9101479649543762,0.07156448066234589
YMR036C,YBL014C,0,-6.517959,0.5594542026519775,0.9101479649543762,0.07167018949985504
YOR036W,YGL004C,0,-6.5179887,0.5590909123420715,0.9101479649543762,0.0717758983373642
YNL127W,YJL047C,0,-6.519023,0.5587280988693237,0.9101479649543762,0.07188160717487335
YIL014W,YLR424W,0,-6.5193295,0.5583657622337341,0.9101479649543762,0.07198731601238251
YKR063C,YJL208C,0,-6.5203266,0.5580039024353027,0.9101479649543762,0.07209302484989166
YLL050C,YKL002W,0,-6.5205264,0.5576424598693848,0.9101479649543762,0.07219873368740082
YDL220C,YDL022W,0,-6.522304,0.5572815537452698,0.9101479649543762,0.07230444252490997
YLR206W,YBL041W,0,-6.5233655,0.5569210648536682,0.9101479649543762,0.07241015136241913
YIL048W,YER013W,0,-6.5255075,0.5565611124038696,0.9101479649543762,0.07251585274934769
YPL048W,YOR003W,0,-6.5278735,0.5562015771865845,0.9101479649543762,0.07262156158685684
YOR079C,YDL198C,0,-6.5287967,0.5558424592018127,0.9101479649543762,0.072727270424366
YGR212W,YGR141W,0,-6.529117,0.555483877658844,0.9101479649543762,0.07283297926187515
YGR246C,YGL212W,0,-6.5298505,0.5551257133483887,0.9101479649543762,0.07293868809938431
YMR276W,YDL115C,0,-6.53006,0.5547680258750916,0.9101479649543762,0.07304439693689346
YOR320C,YER110C,0,-6.530933,0.5544108152389526,0.9101479649543762,0.07315010577440262
YLR295C,YMR060C,0,-6.5311093,0.5540540814399719,0.9101479649543762,0.07325581461191177
YPR141C,YML105C,0,-6.5311513,0.5536977648735046,0.9101479649543762,0.07336152344942093
YGL027C,YCR028C-A,0,-6.5326595,0.5533419251441956,0.9101479649543762,0.07346723228693008
YEL032W,YLR435W,0,-6.5357814,0.5529865026473999,0.9101479649543762,0.07357294112443924
YPL161C,YDR170C,0,-6.5379453,0.5526315569877625,0.9101479649543762,0.0736786499619484
YOR232W,YLR212C,0,-6.539968,0.5522770881652832,0.9101479649543762,0.07378435879945755
YGL229C,YGL093W,0,-6.5400863,0.5519230961799622,0.9101479649543762,0.07389006018638611
YPL049C,YGL162W,0,-6.5405917,0.5515695214271545,0.9101479649543762,0.07399576902389526
YPR033C,YAR008W,0,-6.54066,0.5512163639068604,0.9101479649543762,0.07410147786140442
YFR014C,YAR031W,0,-6.5458317,0.5508637428283691,0.9101479649543762,0.07420718669891357
YLR110C,YML078W,0,-6.5480237,0.5505114793777466,0.9101479649543762,0.07431289553642273
YHR004C,YIL076W,0,-6.5480824,0.550159752368927,0.9101479649543762,0.07441860437393188
YPL078C,YML129C,0,-6.548634,0.5498084425926208,0.9101479649543762,0.07452431321144104
YGR078C,YMR305C,0,-6.5486937,0.5494575500488281,0.9101479649543762,0.0746300220489502
YKL114C,YLR052W,0,-6.549714,0.5491071343421936,0.9101479649543762,0.07473573088645935
YMR216C,YNL299W,0,-6.549831,0.5487571954727173,0.9101479649543762,0.0748414397239685
YHR062C,YPR173C,0,-6.5500917,0.5484076142311096,0.9101479649543762,0.07494714856147766
YOR095C,YLR020C,0,-6.550234,0.5480585694313049,0.9101479649543762,0.07505285739898682
YLR214W,YDR002W,0,-6.5517106,0.5477099418640137,0.9101479649543762,0.07515855878591537
YDR376W,YLR195C,0,-6.5531735,0.5473617315292358,0.9101479649543762,0.07526426762342453
YLR242C,YBL039C,0,-6.5536823,0.5470139980316162,0.9101479649543762,0.07536997646093369
YJL072C,YEL026W,0,-6.5551066,0.54666668176651,0.9101479649543762,0.07547568529844284
YFL016C,YCR073W-A,0,-6.5558743,0.5463197827339172,0.9101479649543762,0.075581394135952
YBR158W,YDR021W,0,-6.5689845,0.5459733605384827,0.9101479649543762,0.07568710297346115
YLR078C,YDR397C,0,-6.5703206,0.5456273555755615,0.9101479649543762,0.0757928118109703
YOR133W,YDL226C,0,-6.570368,0.5452818274497986,0.9101479649543762,0.07589852064847946
YPL106C,YKL081W,0,-6.570662,0.5449367165565491,0.9101479649543762,0.07600422948598862
YPR112C,YCR060W,0,-6.570971,0.544592022895813,0.9101479649543762,0.07610993832349777
YEL061C,YLR424W,0,-6.57111,0.5442478060722351,0.9101479649543762,0.07621564716100693
YLR103C,YGR119C,0,-6.5738783,0.5439040064811707,0.9101479649543762,0.07632135599851608
YML092C,YGL004C,0,-6.5749807,0.5435606241226196,0.9101479649543762,0.07642706483602524
YJR064W,YBR133C,0,-6.5755324,0.543217658996582,0.9101479649543762,0.0765327662229538
YJR064W,YPR120C,0,-6.575606,0.5428751707077026,0.9101479649543762,0.07663847506046295
YGL004C,YDR181C,0,-6.5764313,0.5425330996513367,0.9101479649543762,0.0767441838979721
YFR014C,YNL202W,0,-6.5777364,0.5421914458274841,0.9101479649543762,0.07684989273548126
YBR172C,YPL157W,0,-6.578064,0.541850209236145,0.9101479649543762,0.07695560157299042
YOL123W,YDR280W,0,-6.578084,0.5415094494819641,0.9101479649543762,0.07706131041049957
YCR094W,YGL099W,0,-6.579163,0.5411690473556519,0.9101479649543762,0.07716701924800873
YML031W,YBR002C,0,-6.5792522,0.5408291220664978,0.9101479649543762,0.07727272808551788
YJR118C,YDL135C,0,-6.5826344,0.5404896140098572,0.9101479649543762,0.07737843692302704
YNL061W,YLR262C,0,-6.5832534,0.5401505827903748,0.9101479649543762,0.0774841457605362
YBR103W,YKR101W,0,-6.5837827,0.539811909198761,0.9101479649543762,0.07758985459804535
YJR135C,YKL040C,0,-6.584929,0.5394737124443054,0.9101479649543762,0.0776955634355545
YBR162C,YLR183C,0,-6.5855374,0.5391358733177185,0.9101479649543762,0.07780126482248306
YKR007W,YLR079W,0,-6.5886726,0.5387985110282898,0.9101479649543762,0.07790697365999222
YFR008W,YCL035C,0,-6.5918093,0.5384615659713745,0.9101479649543762,0.07801268249750137
YER053C,YNL257C,0,-6.5929904,0.5381249785423279,0.9101479649543762,0.07811839133501053
YER075C,YNL151C,0,-6.594481,0.5377888679504395,0.9101479649543762,0.07822410017251968
YPL218W,YHR060W,0,-6.5954947,0.5374531745910645,0.9101479649543762,0.07832980901002884
YGR220C,YML073C,1,-6.5960803,0.5377417206764221,0.9112050533294678,0.07832980901002884
YBL084C,YLR248W,0,-6.596289,0.5374065041542053,0.9112050533294678,0.078435517847538
YGL090W,YLR195C,0,-6.5971303,0.5370716452598572,0.9112050533294678,0.07854122668504715
YBR026C,YBR050C,0,-6.5989547,0.5367372632026672,0.9112050533294678,0.0786469355225563
YGR246C,YMR047C,0,-6.6027756,0.536403238773346,0.9112050533294678,0.07875264436006546
YNL113W,YPL122C,0,-6.603006,0.5360696315765381,0.9112050533294678,0.07885835319757462
YMR061W,YLR222C,0,-6.604382,0.5357365012168884,0.9112050533294678,0.07896406203508377
YBR290W,YGR013W,0,-6.6046066,0.5354037284851074,0.9112050533294678,0.07906977087259293
YDL230W,YNL241C,0,-6.604919,0.5350713729858398,0.9112050533294678,0.07917547225952148
YJR040W,YOR018W,0,-6.605077,0.5347394347190857,0.9112050533294678,0.07928118109703064
YPL228W,YPR135W,0,-6.605596,0.534407913684845,0.9112050533294678,0.0793868899345398
YHR107C,YER087C-A,0,-6.6076584,0.5340768098831177,0.9112050533294678,0.07949259877204895
YGR217W,YBR083W,0,-6.608425,0.5337461233139038,0.9112050533294678,0.0795983076095581
YFL025C,YDR331W,0,-6.6099195,0.5334158539772034,0.9112050533294678,0.07970401644706726
YOR298C-A,YBL102W,0,-6.6110783,0.5330859422683716,0.9112050533294678,0.07980972528457642
YBR274W,YNL041C,0,-6.6119313,0.532756507396698,0.9112050533294678,0.07991543412208557
YGR220C,YEL054C,1,-6.611932,0.5330451130867004,0.9122621417045593,0.07991543412208557
YAL026C,YLR248W,0,-6.6171207,0.5327160358428955,0.9122621417045593,0.08002114295959473
YHR186C,YHR172W,0,-6.6173577,0.5323874354362488,0.9122621417045593,0.08012685179710388
YJL010C,YDR381W,0,-6.6186185,0.5320591926574707,0.9122621417045593,0.08023256063461304
YBR273C,YOR069W,0,-6.619617,0.531731367111206,0.9122621417045593,0.08033826947212219
YOL049W,YER111C,0,-6.621139,0.5314039587974548,0.9122621417045593,0.08044397830963135
YHR068W,YHR060W,0,-6.621771,0.5310769081115723,0.9122621417045593,0.0805496796965599
YHR150W,YHR006W,0,-6.6229615,0.5307503342628479,0.9122621417045593,0.08065538853406906
YPR029C,YGL190C,0,-6.6230845,0.5304241180419922,0.9122621417045593,0.08076109737157822
YNL225C,YER107C,0,-6.628024,0.5300982594490051,0.9122621417045593,0.08086680620908737
YER127W,YPL192C,0,-6.6285443,0.5297728776931763,0.9122621417045593,0.08097251504659653
YBR286W,YFL041W,0,-6.6294484,0.5294478535652161,0.9122621417045593,0.08107822388410568
YKR003W,YBL050W,0,-6.6297097,0.5291232466697693,0.9122621417045593,0.08118393272161484
YGL200C,YBL020W,0,-6.630035,0.5287989974021912,0.9122621417045593,0.08128964155912399
YIL010W,YMR140W,0,-6.63108,0.5284752249717712,0.9122621417045593,0.08139535039663315
YAL031C,YGL048C,0,-6.6311717,0.5281517505645752,0.9122621417045593,0.0815010592341423
YFL025C,YLR103C,0,-6.634872,0.5278287529945374,0.9122621417045593,0.08160676807165146
YBL019W,YER116C,0,-6.6350927,0.5275061130523682,0.9122621417045593,0.08171247690916061
YGR200C,YLL022C,0,-6.6351514,0.5271838903427124,0.9122621417045593,0.08181817829608917
YFR008W,YBR272C,0,-6.636005,0.5268620252609253,0.9122621417045593,0.08192388713359833
YNL267W,YBR237W,0,-6.6367326,0.5265405774116516,0.9122621417045593,0.08202959597110748
YGL180W,YHL036W,0,-6.6381,0.5262194871902466,0.9122621417045593,0.08213530480861664
YLR133W,YER142C,0,-6.6381364,0.525898814201355,0.9122621417045593,0.0822410136461258
YLR085C,YLR429W,0,-6.6399326,0.5255785584449768,0.9122621417045593,0.08234672248363495
YBL042C,YDR450W,0,-6.6414194,0.5252586603164673,0.9122621417045593,0.0824524313211441
YKL048C,YBR276C,0,-6.641511,0.5249391794204712,0.9122621417045593,0.08255814015865326
YGL256W,YOR294W,0,-6.6415896,0.5246200561523438,0.9122621417045593,0.08266384899616241
YKL190W,YKR022C,0,-6.6416297,0.5243013501167297,0.9122621417045593,0.08276955783367157
YNL121C,YDL077C,0,-6.643128,0.5239830017089844,0.9122621417045593,0.08287526667118073
YNL085W,YNL221C,0,-6.6434703,0.5236650705337524,0.9122621417045593,0.08298097550868988
YOL042W,YCR027C,0,-6.643753,0.5233474969863892,0.9122621417045593,0.08308668434619904
YNL153C,YLR277C,0,-6.6443276,0.5230302810668945,0.9122621417045593,0.0831923857331276
YMR033W,YGL247W,0,-6.6447926,0.5227134823799133,0.9122621417045593,0.08329809457063675
YOR232W,YGR185C,0,-6.64991,0.5223971009254456,0.9122621417045593,0.0834038034081459
YGR217W,YIL144W,0,-6.650723,0.5220810770988464,0.9122621417045593,0.08350951224565506
YCR058C,YLR020C,0,-6.651361,0.521765410900116,0.9122621417045593,0.08361522108316422
YML008C,YER127W,0,-6.6518855,0.5214501619338989,0.9122621417045593,0.08372092992067337
YJL194W,YNL088W,0,-6.652662,0.5211352705955505,0.9122621417045593,0.08382663875818253
YGR222W,YGR143W,0,-6.6527734,0.5208207368850708,0.9122621417045593,0.08393234759569168
YCR098C,YOL042W,0,-6.6536317,0.5205066204071045,0.9122621417045593,0.08403805643320084
YGL178W,YER151C,0,-6.6543,0.5201928615570068,0.9122621417045593,0.08414376527070999
YOL090W,YNL072W,0,-6.655581,0.5198795199394226,0.9122621417045593,0.08424947410821915
YGR109C,YPR135W,0,-6.656052,0.519566535949707,0.9122621417045593,0.0843551829457283
YGR261C,YOR133W,0,-6.657003,0.5192539095878601,0.9122621417045593,0.08446088433265686
YGR258C,YNL098C,0,-6.6572165,0.5189417004585266,0.9122621417045593,0.08456659317016602
YPR037C,YER178W,0,-6.657294,0.518629789352417,0.9122621417045593,0.08467230200767517
YDR013W,YNL209W,0,-6.658749,0.5183182954788208,0.9122621417045593,0.08477801084518433
YMR153W,YGR214W,0,-6.659633,0.518007218837738,0.9122621417045593,0.08488371968269348
YLR292C,YCL054W,0,-6.6616035,0.5176964402198792,0.9122621417045593,0.08498942852020264
YJL115W,YDR180W,0,-6.6649213,0.5173860788345337,0.9122621417045593,0.08509513735771179
YHR169W,YOR334W,0,-6.6666064,0.5170760750770569,0.9122621417045593,0.08520084619522095
YER008C,YBL058W,0,-6.6709843,0.5167664885520935,0.9122621417045593,0.0853065550327301
YIL022W,YKL056C,0,-6.6721454,0.516457200050354,0.9122621417045593,0.08541226387023926
YPR131C,YHR012W,0,-6.6737857,0.5161483287811279,0.9122621417045593,0.08551797270774841
YHR116W,YGR121C,0,-6.674953,0.5158398151397705,0.9122621417045593,0.08562368154525757
YGL019W,YOR310C,0,-6.6764245,0.5155316591262817,0.9122621417045593,0.08572939038276672
YKL015W,YDR057W,0,-6.6776795,0.5152238607406616,0.9122621417045593,0.08583509176969528
YMR301C,YEL018W,0,-6.6790047,0.5149164795875549,0.9122621417045593,0.08594080060720444
YCR067C,YJL059W,0,-6.679354,0.5146093964576721,0.9122621417045593,0.08604650944471359
YOR079C,YLR060W,0,-6.679846,0.5143027305603027,0.9122621417045593,0.08615221828222275
YOR347C,YIL077C,0,-6.680674,0.513996422290802,0.9122621417045593,0.0862579271197319
YLR242C,YMR079W,0,-6.6807747,0.5136904716491699,0.9122621417045593,0.08636363595724106
YDR096W,YGR258C,0,-6.6808934,0.5133848786354065,0.9122621417045593,0.08646934479475021
YLL022C,YDR382W,0,-6.682367,0.5130796432495117,0.9122621417045593,0.08657505363225937
YEL029C,YDR147W,0,-6.6828914,0.5127748250961304,0.9122621417045593,0.08668076246976852
YJR131W,YDR205W,0,-6.6841226,0.5124703049659729,0.9122621417045593,0.08678647130727768
YDL097C,YNR031C,0,-6.68413,0.5121661424636841,0.9122621417045593,0.08689218014478683
YPR119W,YDR378C,0,-6.686482,0.5118623971939087,0.9122621417045593,0.08699788898229599
YPL275W,YMR008C,0,-6.6890044,0.511559009552002,0.9122621417045593,0.08710359036922455
YKL182W,YJR033C,0,-6.6936927,0.5112559199333191,0.9122621417045593,0.0872092992067337
YER161C,YGR047C,0,-6.695686,0.5109532475471497,0.9122621417045593,0.08731500804424286
YDR153C,YDR162C,0,-6.6964345,0.5106508731842041,0.9122621417045593,0.08742071688175201
YAL012W,YDL052C,0,-6.6972475,0.510348916053772,0.9122621417045593,0.08752642571926117
YLL019C,YPR095C,0,-6.6974883,0.5100472569465637,0.9122621417045593,0.08763213455677032
YCR002C,YDR098C,0,-6.6977525,0.5097460150718689,0.9122621417045593,0.08773784339427948
YEL018W,YNL309W,0,-6.6990705,0.509445071220398,0.9122621417045593,0.08784355223178864
YOR085W,YJL192C,0,-6.6994205,0.5091445446014404,0.9122621417045593,0.08794926106929779
YDR097C,YHR062C,0,-6.699783,0.5088443160057068,0.9122621417045593,0.08805496990680695
YIL010W,YNL045W,0,-6.700011,0.5085445046424866,0.9122621417045593,0.0881606787443161
YDR440W,YJL121C,0,-6.7011447,0.5082449913024902,0.9122621417045593,0.08826638758182526
YMR240C,YDR098C,0,-6.701814,0.5079458355903625,0.9122621417045593,0.08837209641933441
YCR020W-B,YDL098C,0,-6.707746,0.5076470375061035,0.9122621417045593,0.08847779780626297
YBR158W,YOR099W,0,-6.7085295,0.5073485970497131,0.9122621417045593,0.08858350664377213
YJL111W,YPR104C,0,-6.7089067,0.5070505142211914,0.9122621417045593,0.08868921548128128
YDR331W,YOL002C,0,-6.709782,0.5067527890205383,0.9122621417045593,0.08879492431879044
YLR380W,YPL145C,0,-6.710167,0.5064554214477539,0.9122621417045593,0.08890063315629959
YBR036C,YKL002W,0,-6.7102895,0.5061583518981934,0.9122621417045593,0.08900634199380875
YDR418W,YML025C,1,-6.7102933,0.5064478516578674,0.9133192300796509,0.08900634199380875
YJL001W,YDR322C-A,0,-6.710933,0.5061511397361755,0.9133192300796509,0.0891120508313179
YLR431C,YKL193C,0,-6.7117143,0.5058547854423523,0.9133192300796509,0.08921775966882706
YOL043C,YJR046W,0,-6.7120013,0.5055587887763977,0.9133192300796509,0.08932346850633621
YPR081C,YDL190C,0,-6.7123227,0.5052631497383118,0.9133192300796509,0.08942917734384537
YDR279W,YJL069C,0,-6.7124076,0.5049678683280945,0.9133192300796509,0.08953488618135452
YDL039C,YBR079C,0,-6.7127333,0.5046728849411011,0.9133192300796509,0.08964059501886368
YBR040W,YNL328C,0,-6.7138677,0.5043782591819763,0.9133192300796509,0.08974630385637283
YPL026C,YJL074C,0,-6.71401,0.5040839910507202,0.9133192300796509,0.08985200524330139
YOR367W,YKL042W,0,-6.7150793,0.5037900805473328,0.9133192300796509,0.08995771408081055
YDR205W,YDR238C,0,-6.7154365,0.503496527671814,0.9133192300796509,0.0900634229183197
YBR202W,YDR195W,0,-6.7167807,0.503203272819519,0.9133192300796509,0.09016913175582886
YDL076C,YEL041W,0,-6.7169566,0.5029103755950928,0.9133192300796509,0.09027484059333801
YHL002W,YDR205W,0,-6.7196193,0.5026177763938904,0.9133192300796509,0.09038054943084717
YJR140C,YOR191W,0,-6.719973,0.5023255944252014,0.9133192300796509,0.09048625826835632
YBR085W,YBR058C-A,0,-6.720392,0.5020337104797363,0.9133192300796509,0.09059196710586548
YLR066W,YDR079C-A,0,-6.721209,0.5017421841621399,0.9133192300796509,0.09069767594337463
YBR121C,YOR304W,0,-6.7214994,0.5014509558677673,0.9133192300796509,0.09080338478088379
YIL010W,YAL017W,0,-6.7219143,0.5011600852012634,0.9133192300796509,0.09090909361839294
YLR293C,YOR287C,0,-6.7225523,0.5008695721626282,0.9133192300796509,0.0910148024559021
YNL072W,YML010W,0,-6.722797,0.5005793571472168,0.9133192300796509,0.09112050384283066
YMR312W,YDR081C,0,-6.723333,0.5002894997596741,0.9133192300796509,0.09122621268033981
YBR065C,YJL018W,0,-6.7238517,0.5,0.9133192300796509,0.09133192151784897
YEL062W,YDR276C,0,-6.725247,0.4997108280658722,0.9133192300796509,0.09143763035535812
YEL032W,YOR004W,0,-6.7262917,0.49942195415496826,0.9133192300796509,0.09154333919286728
YGR276C,YGL097W,0,-6.7282662,0.499133437871933,0.9133192300796509,0.09164904803037643
YDR205W,YBL102W,0,-6.7293262,0.49884527921676636,0.9133192300796509,0.09175475686788559
YGR135W,YDL090C,0,-6.7310233,0.4985574185848236,0.9133192300796509,0.09186046570539474
YLR052W,YDR527W,0,-6.7311387,0.4982698857784271,0.9133192300796509,0.0919661745429039
YOL012C,YEL031W,0,-6.731409,0.4979827105998993,0.9133192300796509,0.09207188338041306
YLR242C,YGR166W,0,-6.7319145,0.4976958632469177,0.9133192300796509,0.09217759221792221
YPL209C,YMR149W,0,-6.7319427,0.49740931391716003,0.9133192300796509,0.09228330105543137
YOR335C,YGL100W,0,-6.734635,0.497123122215271,0.9133192300796509,0.09238900989294052
YBL009W,YOL069W,0,-6.7346416,0.4968372583389282,0.9133192300796509,0.09249471127986908
YDR106W,YNL223W,0,-6.7349906,0.4965517222881317,0.9133192300796509,0.09260042011737823
YBR276C,YOL113W,0,-6.735544,0.49626651406288147,0.9133192300796509,0.09270612895488739
YMR049C,YJR031C,0,-6.7359233,0.4959816336631775,0.9133192300796509,0.09281183779239655
YOR074C,YHR061C,0,-6.7370405,0.4956970810890198,0.9133192300796509,0.0929175466299057
YCR066W,YOR308C,0,-6.737151,0.4954128563404083,0.9133192300796509,0.09302325546741486
YJL072C,YPR133C,0,-6.7374983,0.49512892961502075,0.9133192300796509,0.09312896430492401
YNL274C,YLR193C,0,-6.7401896,0.49484536051750183,0.9133192300796509,0.09323467314243317
YDR208W,YPL026C,0,-6.741218,0.4945621192455292,0.9133192300796509,0.09334038197994232
YMR033W,YLR105C,0,-6.7415447,0.4942791759967804,0.9133192300796509,0.09344609081745148
YHR013C,YOR079C,0,-6.741992,0.4939965605735779,0.9133192300796509,0.09355179965496063
YBL032W,YLL022C,0,-6.7434278,0.49371427297592163,0.9133192300796509,0.09365750849246979
YLR429W,YLR212C,0,-6.7436047,0.49343231320381165,0.9133192300796509,0.09376320987939835
YGR261C,YNL094W,0,-6.7444596,0.4931506812572479,0.9133192300796509,0.0938689187169075
YLR309C,YNL307C,0,-6.7446012,0.49286937713623047,0.9133192300796509,0.09397462755441666
YOR377W,YBR020W,0,-6.7448826,0.4925883710384369,0.9133192300796509,0.09408033639192581
YDL197C,YLR394W,0,-6.745171,0.4923076927661896,0.9133192300796509,0.09418604522943497
YKL112W,YER031C,0,-6.7455883,0.4920273423194885,0.9133192300796509,0.09429175406694412
YEL018W,YNL273W,0,-6.7462296,0.49174728989601135,0.9133192300796509,0.09439746290445328
YOR320C,YDR013W,0,-6.746618,0.49146756529808044,0.9133192300796509,0.09450317174196243
YOL066C,YJL098W,0,-6.7467494,0.4911881685256958,0.9133192300796509,0.09460888057947159
YPR034W,YGR113W,0,-6.7480454,0.4909090995788574,0.9133192300796509,0.09471458941698074
YMR290C,YDR420W,0,-6.751555,0.4906303286552429,0.9133192300796509,0.0948202982544899
YOR308C,YGL210W,0,-6.7519975,0.4903518855571747,0.9133192300796509,0.09492600709199905
YNL267W,YOL146W,0,-6.7524266,0.4900737404823303,0.9133192300796509,0.09503171592950821
YAR002C-A,YNL222W,0,-6.7532153,0.4897959232330322,0.9133192300796509,0.09513741731643677
YMR238W,YML033W,0,-6.7532306,0.489518404006958,0.9133192300796509,0.09524312615394592
YMR173W,YGR222W,0,-6.7534976,0.48924121260643005,0.9133192300796509,0.09534883499145508
YDR122W,YDR160W,0,-6.7537665,0.48896434903144836,0.9133192300796509,0.09545454382896423
YIL124W,YMR089C,0,-6.754867,0.48868778347969055,0.9133192300796509,0.09556025266647339
YLR319C,YDR414C,0,-6.758324,0.488411545753479,0.9133192300796509,0.09566596150398254
YPR082C,YDL217C,0,-6.7583327,0.48813560605049133,0.9133192300796509,0.0957716703414917
YOR136W,YBR006W,0,-6.7599325,0.48785996437072754,0.9133192300796509,0.09587737917900085
YPR065W,YMR016C,0,-6.761554,0.48758465051651,0.9133192300796509,0.09598308801651001
YNL221C,YEL051W,0,-6.7617564,0.48730963468551636,0.9133192300796509,0.09608879685401917
YGL054C,YHR060W,0,-6.762017,0.48703494668006897,0.9133192300796509,0.09619450569152832
YNL085W,YNL061W,0,-6.7630205,0.48676055669784546,0.9133192300796509,0.09630021452903748
YJL020C,YMR314W,0,-6.7630672,0.4864864945411682,0.9133192300796509,0.09640592336654663
YML073C,YML025C,1,-6.7647996,0.4867754578590393,0.9143763184547424,0.09640592336654663
YDR478W,YKL154W,0,-6.7664185,0.48650169372558594,0.9143763184547424,0.09651162475347519
YFR005C,YLR292C,0,-6.7672877,0.48622822761535645,0.9143763184547424,0.09661733359098434
YPL160W,YGL106W,0,-6.7682214,0.48595505952835083,0.9143763184547424,0.0967230424284935
YDR414C,YOR085W,0,-6.7684813,0.4856821894645691,0.9143763184547424,0.09682875126600266
YMR298W,YPL152W,0,-6.76869,0.4854096472263336,0.9143763184547424,0.09693446010351181
YNL090W,YGL135W,0,-6.7702527,0.485137403011322,0.9143763184547424,0.09704016894102097
YGL126W,YDR310C,0,-6.7704015,0.4848654568195343,0.9143763184547424,0.09714587777853012
YDL040C,YGL255W,0,-6.7707973,0.48459383845329285,0.9143763184547424,0.09725158661603928
YKR002W,YDL195W,0,-6.7719536,0.48432251811027527,0.9143763184547424,0.09735729545354843
YKR038C,YOR209C,0,-6.7726407,0.48405149579048157,0.9143763184547424,0.09746300429105759
YDR487C,YGR181W,0,-6.774124,0.48378077149391174,0.9143763184547424,0.09756871312856674
YDR298C,YBL080C,0,-6.7752047,0.4835103452205658,0.9143763184547424,0.0976744219660759
YKL182W,YOR064C,0,-6.777322,0.4832402169704437,0.9143763184547424,0.09778012335300446
YIL036W,YKL002W,0,-6.77751,0.4829704165458679,0.9143763184547424,0.09788583219051361
YDR298C,YAL030W,0,-6.7786627,0.4827008843421936,0.9143763184547424,0.09799154102802277
YGL245W,YGR090W,0,-6.7790647,0.48243167996406555,0.9143763184547424,0.09809724986553192
YDL160C,YLR410W,0,-6.7809243,0.4821627736091614,0.9143763184547424,0.09820295870304108
YOR075W,YHR012W,0,-6.782495,0.4818941652774811,0.9143763184547424,0.09830866754055023
YDL102W,YBR162C,0,-6.783831,0.48162582516670227,0.9143763184547424,0.09841437637805939
YJL190C,YDL217C,0,-6.784196,0.4813578128814697,0.9143763184547424,0.09852008521556854
YDR206W,YHR073W,0,-6.7842503,0.48109009861946106,0.9143763184547424,0.0986257940530777
YPR030W,YOL110W,0,-6.7844005,0.48082268238067627,0.9143763184547424,0.09873150289058685
YIL139C,YER005W,0,-6.7857547,0.48055556416511536,0.9143763184547424,0.09883721172809601
YIL036W,YGR163W,0,-6.786247,0.48028871417045593,0.9143763184547424,0.09894292056560516
YGR108W,YGR244C,0,-6.7871785,0.4800221920013428,0.9143763184547424,0.09904862940311432
YBL026W,YBR276C,0,-6.788457,0.4797559678554535,0.9143763184547424,0.09915433079004288
YBR021W,YMR146C,0,-6.788842,0.4794900119304657,0.9143763184547424,0.09926003962755203
YDR477W,YNL197C,0,-6.7892885,0.47922438383102417,0.9143763184547424,0.09936574846506119
YLR260W,YER116C,0,-6.78933,0.47895902395248413,0.9143763184547424,0.09947145730257034
YBR158W,YDL088C,0,-6.7896924,0.47869396209716797,0.9143763184547424,0.0995771661400795
YKR076W,YOL122C,0,-6.7906427,0.4784291982650757,0.9143763184547424,0.09968287497758865
YDL117W,YOL115W,0,-6.7947364,0.4781647324562073,0.9143763184547424,0.09978858381509781
YPR006C,YHR106W,0,-6.7960815,0.47790056467056274,0.9143763184547424,0.09989429265260696
YDR153C,YOR098C,0,-6.7961392,0.4776366651058197,0.9143763184547424,0.10000000149011612
YNL275W,YDR432W,0,-6.79619,0.47737306356430054,0.9143763184547424,0.10010571032762527
YIL160C,YIL105C,0,-6.7975917,0.47710976004600525,0.9143763184547424,0.10021141916513443
YDR052C,YBR171W,0,-6.79785,0.47684675455093384,0.9143763184547424,0.10031712800264359
YAL031C,YGR009C,0,-6.7984133,0.4765840172767639,0.9143763184547424,0.10042282938957214
YKR028W,YML034W,0,-6.798599,0.47632157802581787,0.9143763184547424,0.1005285382270813
YDR151C,YDR195W,0,-6.7995067,0.4760594367980957,0.9143763184547424,0.10063424706459045
YKL002W,YDR251W,0,-6.80222,0.4757975935935974,0.9143763184547424,0.10073995590209961
YHR081W,YGL162W,0,-6.802306,0.4755360186100006,0.9143763184547424,0.10084566473960876
YER111C,YGL227W,0,-6.802382,0.4752747118473053,0.9143763184547424,0.10095137357711792
YMR290C,YNL222W,0,-6.8025165,0.47501373291015625,0.9143763184547424,0.10105708241462708
YJL024C,YOR260W,0,-6.804281,0.4747530221939087,0.9143763184547424,0.10116279125213623
YOL009C,YKL040C,0,-6.804622,0.474492609500885,0.9143763184547424,0.10126850008964539
YDR309C,YNL209W,0,-6.8051367,0.4742324650287628,0.9143763184547424,0.10137420892715454
YMR202W,YKL073W,0,-6.806322,0.4739725887775421,0.9143763184547424,0.1014799177646637
YKL139W,YBL057C,0,-6.8064685,0.4737130403518677,0.9143763184547424,0.10158562660217285
YLR048W,YKR072C,0,-6.8067856,0.4734537601470947,0.9143763184547424,0.101691335439682
YDL132W,YAL031C,0,-6.80903,0.47319474816322327,0.9143763184547424,0.10179703682661057
YFL025C,YNL263C,0,-6.810404,0.4729360342025757,0.9143763184547424,0.10190274566411972
YNL223W,YLR011W,0,-6.812863,0.4726775884628296,0.9143763184547424,0.10200845450162888
YFR055W,YGL067W,0,-6.815472,0.4724194407463074,0.9143763184547424,0.10211416333913803
YOR298C-A,YFL016C,0,-6.8156867,0.47216156125068665,0.9143763184547424,0.10221987217664719
YLR103C,YDR545W,0,-6.8161755,0.4719039797782898,0.9143763184547424,0.10232558101415634
YNL331C,YNR019W,0,-6.8171387,0.47164666652679443,0.9143763184547424,0.1024312898516655
YDR189W,YLR386W,0,-6.8205543,0.47138965129852295,0.9143763184547424,0.10253699868917465
YAL041W,YDR207C,0,-6.822146,0.47113290429115295,0.9143763184547424,0.10264270752668381
YGL029W,YOR217W,0,-6.8245,0.47087642550468445,0.9143763184547424,0.10274841636419296
YOR377W,YPL049C,0,-6.824755,0.4706202447414398,0.9143763184547424,0.10285412520170212
YER001W,YPR133W-A,0,-6.8248124,0.4703643321990967,0.9143763184547424,0.10295983403921127
YPR171W,YCR028C-A,0,-6.8262897,0.47010868787765503,0.9143763184547424,0.10306553542613983
YOL021C,YBR091C,0,-6.8281846,0.46985334157943726,0.9143763184547424,0.10317124426364899
YFL023W,YGR218W,0,-6.831584,0.46959826350212097,0.9143763184547424,0.10327695310115814
YGR013W,YIL022W,0,-6.8318167,0.4693434536457062,0.9143763184547424,0.1033826619386673
YGL194C,YIL031W,0,-6.8333597,0.46908894181251526,0.9143763184547424,0.10348837077617645
YGR007W,YJR126C,0,-6.8341384,0.46883469820022583,0.9143763184547424,0.10359407961368561
YJL085W,YGL171W,0,-6.8345904,0.4685807228088379,0.9143763184547424,0.10369978845119476
YMR052W,YBR193C,0,-6.8352385,0.46832701563835144,0.9143763184547424,0.10380549728870392
YBL032W,YHR042W,0,-6.8372626,0.46807360649108887,0.9143763184547424,0.10391120612621307
YDR147W,YEL016C,0,-6.8377457,0.4678204357624054,0.9143763184547424,0.10401691496372223
YGL226C-A,YPR190C,0,-6.838713,0.4675675630569458,0.9143763184547424,0.10412262380123138
YDR022C,YKL053C-A,0,-6.8388233,0.4673149585723877,0.9143763184547424,0.10422833263874054
YHR039C,YBL105C,0,-6.83938,0.4670626223087311,0.9143763184547424,0.1043340414762497
YKL117W,YNL241C,0,-6.8397617,0.46681058406829834,0.9143763184547424,0.10443974286317825
YBL040C,YJL004C,0,-6.840711,0.4665587842464447,0.9143763184547424,0.10454545170068741
YGL173C,YOL113W,0,-6.840874,0.46630728244781494,0.9143763184547424,0.10465116053819656
YDR171W,YOR007C,0,-6.841014,0.46605604887008667,0.9143763184547424,0.10475686937570572
YOR319W,YML095C,0,-6.841779,0.4658050537109375,0.9143763184547424,0.10486257821321487
YER051W,YHR150W,0,-6.84289,0.4655543565750122,0.9143763184547424,0.10496828705072403
YDR318W,YGL063W,0,-6.843104,0.4653039276599884,0.9143763184547424,0.10507399588823318
YAL003W,YGR202C,0,-6.843401,0.4650537669658661,0.9143763184547424,0.10517970472574234
YML071C,YER019C-A,0,-6.843536,0.46480387449264526,0.9143763184547424,0.1052854135632515
YJL101C,YPL147W,0,-6.8445544,0.4645542502403259,0.9143763184547424,0.10539112240076065
YBR152W,YDR260C,0,-6.846965,0.4643048942089081,0.9143763184547424,0.1054968312382698
YJL024C,YMR142C,0,-6.8476014,0.4640558063983917,0.9143763184547424,0.10560254007577896
YBR042C,YHR204W,0,-6.8476334,0.46380695700645447,0.9143763184547424,0.10570824891328812
YLR051C,YDR227W,0,-6.847645,0.4635584056377411,0.9143763184547424,0.10581395030021667
YJL062W,YDR320C,0,-6.848735,0.4633101224899292,0.9143763184547424,0.10591965913772583
YGR086C,YDR477W,0,-6.8491044,0.4630621075630188,0.9143763184547424,0.10602536797523499
YCR042C,YBR254C,0,-6.8492446,0.4628143310546875,0.9143763184547424,0.10613107681274414
YOL143C,YEL051W,0,-6.849967,0.4625668525695801,0.9143763184547424,0.1062367856502533
YHR043C,YGL227W,0,-6.850206,0.46231961250305176,0.9143763184547424,0.10634249448776245
YDR273W,YOL055C,0,-6.8505154,0.4620726406574249,0.9143763184547424,0.1064482033252716
YOL135C,YBR218C,0,-6.851577,0.4618259370326996,0.9143763184547424,0.10655391216278076
YOR046C,YMR005W,0,-6.8518486,0.46157950162887573,0.9143763184547424,0.10665962100028992
YDL154W,YCL019W,0,-6.852613,0.46133333444595337,0.9143763184547424,0.10676532983779907
YJL133W,YGR276C,0,-6.8554544,0.4610874056816101,0.9143763184547424,0.10687103867530823
YJL178C,YFL048C,0,-6.8558292,0.4608417749404907,0.9143763184547424,0.10697674751281738
YJL014W,YPL032C,0,-6.857533,0.46059638261795044,0.9143763184547424,0.10708244889974594
YHL048W,YDR411C,0,-6.859274,0.46035125851631165,0.9143763184547424,0.1071881577372551
YGL093W,YPR121W,0,-6.85965,0.46010637283325195,0.9143763184547424,0.10729386657476425
YKL008C,YDR461W,0,-6.8601747,0.45986178517341614,0.9143763184547424,0.10739957541227341
YOR380W,YJL093C,0,-6.860666,0.4596174359321594,0.9143763184547424,0.10750528424978256
YML012W,YGR090W,0,-6.8630786,0.4593733549118042,0.9143763184547424,0.10761099308729172
YOR025W,YGR152C,0,-6.8633394,0.4591295123100281,0.9143763184547424,0.10771670192480087
YER178W,YPR198W,0,-6.8634763,0.45888593792915344,0.9143763184547424,0.10782241076231003
YDL160C,YBL080C,0,-6.8635573,0.4586426317691803,0.9143763184547424,0.10792811959981918
YPL031C,YFL033C,0,-6.863671,0.45839956402778625,0.9143763184547424,0.10803382843732834
YGL173C,YOR362C,0,-6.8637395,0.4581567943096161,0.9143763184547424,0.1081395372748375
YBR029C,YLR139C,0,-6.863954,0.45791423320770264,0.9143763184547424,0.10824524611234665
YEL050C,YGR229C,0,-6.864489,0.45767197012901306,0.9143763184547424,0.1083509549498558
YMR146C,YDR207C,0,-6.8656845,0.4574299454689026,0.9143763184547424,0.10845665633678436
YLR160C,YPL152W,0,-6.8688035,0.4571881592273712,0.9143763184547424,0.10856236517429352
YLL009C,YOL038W,0,-6.8689127,0.45694664120674133,0.9143763184547424,0.10866807401180267
YGL115W,YKL196C,0,-6.8696017,0.45670539140701294,0.9143763184547424,0.10877378284931183
YCR048W,YPL283C,0,-6.8699856,0.45646438002586365,0.9143763184547424,0.10887949168682098
YER016W,YGR211W,0,-6.8709874,0.45622363686561584,0.9143763184547424,0.10898520052433014
YMR056C,YCR083W,0,-6.8728833,0.45598313212394714,0.9143763184547424,0.1090909093618393
YIL128W,YNR015W,0,-6.8758,0.45574289560317993,0.9143763184547424,0.10919661819934845
YDR499W,YLR298C,0,-6.8773,0.4555028975009918,0.9143763184547424,0.1093023270368576
YER032W,YJR042W,0,-6.8802323,0.4552631676197052,0.9143763184547424,0.10940803587436676
YKL205W,YHR031C,0,-6.8814535,0.4550236761569977,0.9143763184547424,0.10951374471187592
YDL029W,YFR021W,0,-6.881455,0.45478442311286926,0.9143763184547424,0.10961945354938507
YIL097W,YMR201C,0,-6.8818164,0.4545454680919647,0.9143763184547424,0.10972515493631363
YDR195W,YPL032C,0,-6.882,0.4543067216873169,0.9143763184547424,0.10983086377382278
YLR262C,YDR532C,0,-6.883812,0.45406824350357056,0.9143763184547424,0.10993657261133194
YOR056C,YCR027C,0,-6.884773,0.4538300037384033,0.9143763184547424,0.1100422814488411
YCL040W,YDR277C,0,-6.884844,0.4535920321941376,0.9143763184547424,0.11014799028635025
YFL048C,YDL212W,0,-6.886911,0.4533542990684509,0.9143763184547424,0.1102536991238594
YOL043C,YHR001W,0,-6.8870645,0.4531168043613434,0.9143763184547424,0.11035940796136856
YMR277W,YMR183C,0,-6.887385,0.45287957787513733,0.9143763184547424,0.11046511679887772
YNR011C,YHL011C,0,-6.887547,0.4526425898075104,0.9143763184547424,0.11057082563638687
YFR014C,YAL005C,0,-6.887553,0.4524058699607849,0.9143763184547424,0.11067653447389603
YEL018W,YCR060W,0,-6.888271,0.45216935873031616,0.9143763184547424,0.11078224331140518
YLR197W,YIL061C,0,-6.888942,0.4519331157207489,0.9143763184547424,0.11088795214891434
YNR002C,YER116C,0,-6.888952,0.45169714093208313,0.9143763184547424,0.11099366098642349
YBL014C,YFL037W,0,-6.8903356,0.4514613747596741,0.9143763184547424,0.11109936237335205
YDR245W,YHR023W,0,-6.891912,0.4512258768081665,0.9143763184547424,0.1112050712108612
YDL236W,YER031C,0,-6.892014,0.45099061727523804,0.9143763184547424,0.11131078004837036
YCL001W,YNL088W,0,-6.8935375,0.45075559616088867,0.9143763184547424,0.11141648888587952
YLR304C,YDR231C,0,-6.894971,0.4505208432674408,0.9143763184547424,0.11152219772338867
YDR498C,YLR277C,0,-6.8954005,0.45028629899024963,0.9143763184547424,0.11162790656089783
YIL036W,YAL051W,0,-6.8956676,0.45005202293395996,0.9143763184547424,0.11173361539840698
YOR160W,YDR081C,0,-6.89583,0.4498179852962494,0.9143763184547424,0.11183932423591614
YHR036W,YGL135W,0,-6.8964987,0.4495841860771179,0.9143763184547424,0.11194503307342529
YNL085W,YGL115W,0,-6.896827,0.44935065507888794,0.9143763184547424,0.11205074191093445
YGR003W,YMR137C,0,-6.897329,0.4491173326969147,0.9143763184547424,0.1121564507484436
YNL201C,YMR270C,0,-6.8976636,0.4488842785358429,0.9143763184547424,0.11226215958595276
YKL135C,YOR142W,0,-6.898106,0.4486514627933502,0.9143763184547424,0.11236786097288132
YGL135W,YPL163C,0,-6.8987193,0.44841885566711426,0.9143763184547424,0.11247356981039047
YIL114C,YBL041W,0,-6.8990726,0.4481865167617798,0.9143763184547424,0.11257927864789963
YIL159W,YOR144C,0,-6.8996625,0.4479544162750244,0.9143763184547424,0.11268498748540878
YAL047C,YDR172W,0,-6.899958,0.44772255420684814,0.9143763184547424,0.11279069632291794
YNL118C,YKR003W,0,-6.900804,0.44749096035957336,0.9143763184547424,0.1128964051604271
YPL069C,YOR123C,0,-6.9012103,0.4472595751285553,0.9143763184547424,0.11300211399793625
YPR082C,YMR035W,0,-6.901216,0.44702842831611633,0.9143763184547424,0.1131078228354454
YCR088W,YML049C,0,-6.901302,0.44679751992225647,0.9143763184547424,0.11321353167295456
YFL041W,YPR002W,0,-6.9014463,0.4465668499469757,0.9143763184547424,0.11331924051046371
YNL307C,YPL163C,0,-6.9021425,0.44633641839027405,0.9143763184547424,0.11342494934797287
YGL244W,YOR254C,0,-6.902619,0.4461062550544739,0.9143763184547424,0.11353065818548203
YAL007C,YBL024W,0,-6.903033,0.4458763003349304,0.9143763184547424,0.11363636702299118
YLR342W,YJR145C,0,-6.9042025,0.44564658403396606,0.9143763184547424,0.11374206840991974
YLR016C,YGR024C,0,-6.9045486,0.4454171061515808,0.9143763184547424,0.1138477772474289
YDR499W,YNL257C,0,-6.9046435,0.44518786668777466,0.9143763184547424,0.11395348608493805
YAL040C,YEL034W,0,-6.9053264,0.4449588358402252,0.9143763184547424,0.1140591949224472
YOL156W,YNL045W,0,-6.9067903,0.44473007321357727,0.9143763184547424,0.11416490375995636
YLR265C,YDL033C,0,-6.90713,0.4445015490055084,0.9143763184547424,0.11427061259746552
YGL068W,YDR281C,0,-6.90935,0.4442732334136963,0.9143763184547424,0.11437632143497467
YDL160C,YNL230C,0,-6.9098125,0.44404518604278564,0.9143763184547424,0.11448203027248383
YPL233W,YGR033C,0,-6.9098477,0.4438173472881317,0.9143763184547424,0.11458773910999298
YDL145C,YDL006W,0,-6.9104676,0.4435897469520569,0.9143763184547424,0.11469344794750214
YDR205W,YDR251W,0,-6.910477,0.44336238503456116,0.9143763184547424,0.11479915678501129
YNL268W,YKL212W,0,-6.9120336,0.44313523173332214,0.9143763184547424,0.11490486562252045
YHR204W,YOR212W,0,-6.9123974,0.4429083466529846,0.9143763184547424,0.1150105744600296
YDR459C,YMR234W,0,-6.912638,0.4426816701889038,0.9143763184547424,0.11511627584695816
YIL034C,YDR425W,0,-6.9127636,0.4424552321434021,0.9143763184547424,0.11522198468446732
YDL078C,YIL017W,0,-6.9140296,0.4422290325164795,0.9143763184547424,0.11532769352197647
YBL019W,YDL147W,0,-6.91478,0.442003071308136,0.9143763184547424,0.11543340235948563
YMR231W,YFR051C,0,-6.9153523,0.4417773187160492,0.9143763184547424,0.11553911119699478
YDL088C,YFR040W,0,-6.916203,0.4415518045425415,0.9143763184547424,0.11564482003450394
YER051W,YML065W,0,-6.9167905,0.4413265287876129,0.9143763184547424,0.11575052887201309
YLR002C,YIL030C,0,-6.917192,0.4411014914512634,0.9143763184547424,0.11585623770952225
YMR285C,YAL043C,0,-6.917514,0.44087666273117065,0.9143763184547424,0.1159619465470314
YNL262W,YER117W,0,-6.9177957,0.440652072429657,0.9143763184547424,0.11606765538454056
YPL117C,YNL188W,0,-6.9182878,0.4404276907444,0.9143763184547424,0.11617336422204971
YOL104C,YAR009C,0,-6.919144,0.44020354747772217,0.9143763184547424,0.11627907305955887
YLR382C,YDR388W,0,-6.919863,0.4399796426296234,0.9143763184547424,0.11638477444648743
YFL014W,YOR003W,0,-6.9206147,0.43975597620010376,0.9143763184547424,0.11649048328399658
YGR220C,YDR418W,1,-6.9218197,0.440040647983551,0.915433406829834,0.11649048328399658
YDL055C,YLR003C,0,-6.9226694,0.4398171603679657,0.915433406829834,0.11659619212150574
YBR283C,YFL004W,0,-6.9226823,0.4395939111709595,0.915433406829834,0.11670190095901489
YPL119C,YOR290C,0,-6.9237847,0.43937087059020996,0.915433406829834,0.11680760979652405
YKL038W,YNL241C,0,-6.9239545,0.43914806842803955,0.915433406829834,0.1169133186340332
YPR181C,YBL100W-B,0,-6.924435,0.43892550468444824,0.915433406829834,0.11701902747154236
YGR218W,YDR240C,0,-6.9249167,0.43870314955711365,0.915433406829834,0.11712473630905151
YPL008W,YLL021W,0,-6.9259043,0.43848100304603577,0.915433406829834,0.11723044514656067
YKL079W,YJL164C,0,-6.926131,0.438259094953537,0.915433406829834,0.11733615398406982
YLR056W,YMR266W,0,-6.9272223,0.4380374252796173,0.915433406829834,0.11744186282157898
YPR191W,YPL167C,0,-6.9288287,0.43781596422195435,0.915433406829834,0.11754757165908813
YOR371C,YDR388W,0,-6.9289613,0.4375947415828705,0.915433406829834,0.11765328049659729
YDL145C,YOR127W,0,-6.930266,0.43737372756004333,0.915433406829834,0.11775898188352585
YHR068W,YHR183W,0,-6.9308457,0.4371529519557953,0.915433406829834,0.117864690721035
YPR122W,YGL066W,0,-6.9330435,0.43693238496780396,0.915433406829834,0.11797039955854416
YOL049W,YGL244W,0,-6.934139,0.4367120563983917,0.915433406829834,0.11807610839605331
YPL208W,YKL196C,0,-6.9342017,0.4364919364452362,0.915433406829834,0.11818181723356247
YML012W,YOR109W,0,-6.9342303,0.4362720549106598,0.915433406829834,0.11828752607107162
YNL037C,YLR193C,0,-6.9343286,0.4360523521900177,0.915433406829834,0.11839323490858078
YPR068C,YOR147W,0,-6.9347215,0.4358329176902771,0.915433406829834,0.11849894374608994
YGR220C,YOR063W,1,-6.935037,0.43611669540405273,0.9164904952049255,0.11849894374608994
YDR518W,YOR241W,0,-6.9350734,0.43589743971824646,0.9164904952049255,0.11860465258359909
YML105C,YPL128C,0,-6.9355965,0.4356783926486969,0.9164904952049255,0.11871036142110825
YHL019C,YDR411C,0,-6.9367414,0.43545955419540405,0.9164904952049255,0.1188160702586174
YPR033C,YFL037W,0,-6.936788,0.4352409541606903,0.9164904952049255,0.11892177909612656
YLR284C,YGL126W,0,-6.9382906,0.43502259254455566,0.9164904952049255,0.11902748048305511
YLR288C,YER149C,0,-6.938291,0.43480440974235535,0.9164904952049255,0.11913318932056427
YJL098W,YFL045C,0,-6.9388003,0.43458646535873413,0.9164904952049255,0.11923889815807343
YPR135W,YPL155C,0,-6.939285,0.43436872959136963,0.9164904952049255,0.11934460699558258
YKL079W,YGR129W,0,-6.939388,0.43415123224258423,0.9164904952049255,0.11945031583309174
YFR040W,YDR362C,0,-6.941052,0.43393394351005554,0.9164904952049255,0.11955602467060089
YOR322C,YCR067C,0,-6.942462,0.43371686339378357,0.9164904952049255,0.11966173350811005
YML099C,YHR119W,0,-6.943126,0.4334999918937683,0.9164904952049255,0.1197674423456192
YER054C,YDR005C,0,-6.943184,0.43328335881233215,0.9164904952049255,0.11987315118312836
YOL071W,YBR022W,0,-6.943647,0.4330669343471527,0.9164904952049255,0.11997886002063751
YPR033C,YPR113W,0,-6.9436793,0.43285071849823,0.9164904952049255,0.12008456885814667
YKR036C,YIR004W,0,-6.943684,0.43263474106788635,0.9164904952049255,0.12019027769565582
YPR007C,YGL249W,0,-6.943794,0.43241894245147705,0.9164904952049255,0.12029598653316498
YOL069W,YGL175C,0,-6.9460807,0.43220338225364685,0.9164904952049255,0.12040168792009354
YCL040W,YGL124C,0,-6.9467983,0.43198803067207336,0.9164904952049255,0.12050739675760269
YKR028W,YBL034C,0,-6.947458,0.431772917509079,0.9164904952049255,0.12061310559511185
YNR054C,YER007W,0,-6.9478025,0.4315579831600189,0.9164904952049255,0.120718814432621
YEL015W,YPL101W,0,-6.949949,0.43134328722953796,0.9164904952049255,0.12082452327013016
YPR128C,YGL155W,0,-6.950849,0.4311287999153137,0.9164904952049255,0.12093023210763931
YPL228W,YPL224C,0,-6.9508576,0.4309145212173462,0.9164904952049255,0.12103594094514847
YHR059W,YDL229W,0,-6.9520345,0.4307004511356354,0.9164904952049255,0.12114164978265762
YCR048W,YCL026C-A,0,-6.9526696,0.4304865896701813,0.9164904952049255,0.12124735862016678
YBR170C,YDR137W,0,-6.9528985,0.4302729666233063,0.9164904952049255,0.12135306745767593
YPL275W,YDR082W,0,-6.9534745,0.4300595223903656,0.9164904952049255,0.12145877629518509
YGR258C,YMR216C,0,-6.953566,0.42984631657600403,0.9164904952049255,0.12156448513269424
YJR093C,YPL126W,0,-6.9539995,0.4296332895755768,0.9164904952049255,0.1216701939702034
YBR068C,YKL176C,0,-6.9553485,0.42942050099372864,0.9164904952049255,0.12177589535713196
YGL033W,YKL138C-A,0,-6.9560394,0.4292079210281372,0.9164904952049255,0.12188160419464111
YDR515W,YDR407C,0,-6.956578,0.4289955496788025,0.9164904952049255,0.12198731303215027
YGR220C,YLR009W,1,-6.957147,0.4292779564857483,0.9175475835800171,0.12198731303215027
YMR116C,YOR098C,0,-6.95715,0.4290657341480255,0.9175475835800171,0.12209302186965942
YDL097C,YGL229C,0,-6.9572015,0.42885375022888184,0.9175475835800171,0.12219873070716858
YNL219C,YBR198C,0,-6.957257,0.4286419749259949,0.9175475835800171,0.12230443954467773
YDR335W,YIL017C,0,-6.9579034,0.4284304082393646,0.9175475835800171,0.12241014838218689
YPL151C,YGR104C,0,-6.9589353,0.4282190501689911,0.9175475835800171,0.12251585721969604
YPL046C,YEL003W,0,-6.9596834,0.42800790071487427,0.9175475835800171,0.1226215660572052
YBL040C,YPL007C,0,-6.9597034,0.4277969300746918,0.9175475835800171,0.12272727489471436
YJL059W,YNL241C,0,-6.9597774,0.4275861978530884,0.9175475835800171,0.12283298373222351
YKL002W,YNL253W,0,-6.960544,0.4273756742477417,0.9175475835800171,0.12293869256973267
YBR211C,YBR237W,0,-6.9608502,0.42716535925865173,0.9175475835800171,0.12304439395666122
YLR231C,YIL017C,0,-6.9615703,0.4269552528858185,0.9175475835800171,0.12315010279417038
YPR072W,YBR162C,0,-6.96253,0.42674532532691956,0.9175475835800171,0.12325581163167953
YLR114C,YEL037C,0,-6.9639583,0.42653563618659973,0.9175475835800171,0.12336152046918869
YGL019W,YOR109W,0,-6.964241,0.42632612586021423,0.9175475835800171,0.12346722930669785
YLL015W,YLR098C,0,-6.9644237,0.42611682415008545,0.9175475835800171,0.123572938144207
YDR145W,YOR060C,0,-6.9647837,0.42590776085853577,0.9175475835800171,0.12367864698171616
YLR133W,YCR067C,0,-6.9648643,0.4256988763809204,0.9175475835800171,0.12378435581922531
YAR019C,YJR086W,0,-6.9650073,0.42549020051956177,0.9175475835800171,0.12389006465673447
YOL008W,YLR429W,0,-6.9685597,0.42528173327445984,0.9175475835800171,0.12399577349424362
YHR148W,YCR084C,0,-6.968657,0.42507344484329224,0.9175475835800171,0.12410148233175278
YOL020W,YHR167W,0,-6.9721885,0.42486539483070374,0.9175475835800171,0.12420719116926193
YCR088W,YJL036W,0,-6.972189,0.42465752363204956,0.9175475835800171,0.12431290000677109
YMR073C,YDL077C,0,-6.9730563,0.4244498908519745,0.9175475835800171,0.12441860139369965
YFL021W,YIR017C,0,-6.9735804,0.42424243688583374,0.9175475835800171,0.1245243102312088
YDL097C,YPL129W,0,-6.9736247,0.4240351617336273,0.9175475835800171,0.12463001906871796
YOR367W,YMR284W,0,-6.9746614,0.423828125,0.9175475835800171,0.12473572790622711
YDL102W,YIL008W,0,-6.975648,0.423621267080307,0.9175475835800171,0.12484143674373627
YDL069C,YDR363W-A,0,-6.980702,0.4234146475791931,0.9175475835800171,0.12494714558124542
YGR280C,YML005W,0,-6.981072,0.42320817708969116,0.9175475835800171,0.12505285441875458
YNL264C,YKR059W,0,-6.982801,0.4230019450187683,0.9175475835800171,0.12515856325626373
YDR179C,YMR211W,0,-6.984179,0.4227959215641022,0.9175475835800171,0.1252642720937729
YNL116W,YGR059W,0,-6.9847646,0.42259007692337036,0.9175475835800171,0.12536998093128204
YNL113W,YDR079C-A,0,-6.985092,0.42238444089889526,0.9175475835800171,0.1254756897687912
YGR157W,YGR054W,0,-6.9854507,0.4221789836883545,0.9175475835800171,0.12558139860630035
YDL166C,YPR141C,0,-6.9864464,0.42197373509407043,0.9175475835800171,0.1256871074438095
YOR080W,YGL244W,0,-6.988048,0.4217686951160431,0.9175475835800171,0.12579281628131866
YNL294C,YBR058C,0,-6.9883075,0.42156386375427246,0.9175475835800171,0.12589852511882782
YDR118W,YBR100W,0,-6.988406,0.42135921120643616,0.9175475835800171,0.12600423395633698
YBR155W,YBL003C,0,-6.9898677,0.42115476727485657,0.9175475835800171,0.12610994279384613
YNL259C,YJL001W,0,-6.9905887,0.4209505319595337,0.9175475835800171,0.12621565163135529
YFL039C,YDR407C,0,-6.9912004,0.42074647545814514,0.9175475835800171,0.12632136046886444
YJL042W,YLR350W,0,-6.993605,0.4205426275730133,0.9175475835800171,0.1264270544052124
YBR158W,YFL024C,0,-6.9939365,0.4203389883041382,0.9175475835800171,0.12653276324272156
YNL323W,YCR053W,0,-6.99449,0.4201355278491974,0.9175475835800171,0.1266384720802307
YGL210W-A,YOR098C,0,-6.995409,0.4199322760105133,0.9175475835800171,0.12674418091773987
YJL133W,YKL006C-A,0,-6.9958625,0.41972920298576355,0.9175475835800171,0.12684988975524902
YBR112C,YMR006C,0,-6.99615,0.4195263385772705,0.9175475835800171,0.12695559859275818
YLR368W,YNL025C,0,-6.99707,0.4193236827850342,0.9175475835800171,0.12706130743026733
YDL105W,YPR132W,0,-6.997094,0.4191212058067322,0.9175475835800171,0.1271670162677765
YOL095C,YNL154C,0,-6.9971247,0.4189189076423645,0.9175475835800171,0.12727272510528564
YPR103W,YNL160W,0,-6.999009,0.4187168478965759,0.9175475835800171,0.1273784339427948
YOR308C,YGL243W,0,-6.999012,0.4185149371623993,0.9175475835800171,0.12748414278030396
YNL271C,YPL128C,0,-6.9993625,0.41831326484680176,0.9175475835800171,0.1275898516178131
YPL135W,YMR164C,0,-7.000005,0.41811174154281616,0.9175475835800171,0.12769556045532227
YHR116W,YAL002W,0,-7.0002728,0.41791045665740967,0.9175475835800171,0.12780126929283142
YOR236W,YNL088W,0,-7.00038,0.4177093505859375,0.9175475835800171,0.12790697813034058
YMR240C,YER074W-A,0,-7.000958,0.41750842332839966,0.9175475835800171,0.12801268696784973
YAR018C,YGR156W,0,-7.0013776,0.41730770468711853,0.9175475835800171,0.1281183958053589
YDR320C-A,YLR312C-B,0,-7.0020685,0.41710716485977173,0.9175475835800171,0.12822410464286804
YBL106C,YNL088W,0,-7.0036135,0.41690683364868164,0.9175475835800171,0.1283298134803772
YCR082W,YDR529C,0,-7.0037293,0.4167066812515259,0.9175475835800171,0.12843552231788635
YBR233W-A,YGR214W,0,-7.0044274,0.41650670766830444,0.9175475835800171,0.1285412311553955
YGL071W,YPL209C,0,-7.004463,0.4163069427013397,0.9175475835800171,0.12864693999290466
YMR164C,YMR156C,0,-7.004887,0.4161073863506317,0.9175475835800171,0.12875264883041382
YGL116W,YJL011C,0,-7.0049562,0.41590800881385803,0.9175475835800171,0.12885835766792297
YGR156W,YDL052C,0,-7.004981,0.4157088100910187,0.9175475835800171,0.12896406650543213
YNL221C,YLL012W,0,-7.0052705,0.41550981998443604,0.9175475835800171,0.1290697604417801
YDL069C,YGL210W-A,0,-7.005645,0.4153110086917877,0.9175475835800171,0.12917546927928925
YPL161C,YDR013W,0,-7.0060706,0.41511237621307373,0.9175475835800171,0.1292811781167984
YGR227W,YDR407C,0,-7.006585,0.41491395235061646,0.9175475835800171,0.12938688695430756
YLR059C,YKL081W,0,-7.006814,0.4147157073020935,0.9175475835800171,0.1294925957918167
YPR105C,YHR060W,0,-7.0073166,0.41451767086982727,0.9175475835800171,0.12959830462932587
YGR167W,YGR082W,0,-7.0081472,0.41431981325149536,0.9175475835800171,0.12970401346683502
YDL076C,YER148W,0,-7.0086603,0.4141221344470978,0.9175475835800171,0.12980972230434418
YJL104W,YFL037W,0,-7.0087676,0.4139246642589569,0.9175475835800171,0.12991543114185333
YKL146W,YBR170C,0,-7.009065,0.41372737288475037,0.9175475835800171,0.1300211399793625
YNL123W,YIL082W-A,0,-7.009083,0.41353026032447815,0.9175475835800171,0.13012684881687164
YER006W,YPL139C,0,-7.009419,0.41333332657814026,0.9175475835800171,0.1302325576543808
YDR206W,YDL212W,0,-7.0096474,0.4131366014480591,0.9175475835800171,0.13033826649188995
YHR061C,YOL112W,0,-7.009748,0.41294005513191223,0.9175475835800171,0.1304439753293991
YOR181W,YOR256C,0,-7.0101256,0.4127436876296997,0.9175475835800171,0.13054968416690826
YDR440W,YOL004W,0,-7.0119014,0.4125475287437439,0.9175475835800171,0.13065539300441742
YPL241C,YBR162C,0,-7.0138297,0.4123515486717224,0.9175475835800171,0.13076110184192657
YIL120W,YHR012W,0,-7.014285,0.41215574741363525,0.9175475835800171,0.13086681067943573
YDR420W,YLR320W,0,-7.014531,0.4119601249694824,0.9175475835800171,0.13097251951694489
YBR020W,YML120C,0,-7.014908,0.4117647111415863,0.9175475835800171,0.13107822835445404
YNL222W,YNL131W,0,-7.016784,0.4115694761276245,0.9175475835800171,0.1311839371919632
YPL228W,YPL031C,0,-7.017328,0.41137441992759705,0.9175475835800171,0.13128964602947235
YDL160C,YML092C,0,-7.017347,0.4111795425415039,0.9175475835800171,0.1313953548669815
YAR019C,YNL192W,0,-7.0178432,0.4109848439693451,0.9175475835800171,0.13150106370449066
YLR060W,YDR477W,0,-7.019018,0.410790354013443,0.9175475835800171,0.13160677254199982
YDR052C,YOR320C,0,-7.0191474,0.41059601306915283,0.9175475835800171,0.13171246647834778
YML004C,YBL005W-B,0,-7.0194597,0.4104018807411194,0.9175475835800171,0.13181817531585693
YDL078C,YPR103W,0,-7.019508,0.41020792722702026,0.9175475835800171,0.1319238841533661
YGR218W,YLR368W,0,-7.0197988,0.41001418232917786,0.9175475835800171,0.13202959299087524
YGL035C,YKL108W,0,-7.0202994,0.4098205864429474,0.9175475835800171,0.1321353018283844
YDR288W,YKR079C,0,-7.0205197,0.40962716937065125,0.9175475835800171,0.13224101066589355
YJL090C,YNL268W,0,-7.02165,0.4094339609146118,0.9175475835800171,0.1323467195034027
YLR109W,YLL024C,0,-7.022066,0.4092409312725067,0.9175475835800171,0.13245242834091187
YPL152W,YOR035C,0,-7.0224185,0.40904808044433594,0.9175475835800171,0.13255813717842102
YDR093W,YGL063W,0,-7.022554,0.4088553786277771,0.9175475835800171,0.13266384601593018
YEL029C,YBL042C,0,-7.023944,0.408662885427475,0.9175475835800171,0.13276955485343933
YLR335W,YJL143W,0,-7.0243044,0.40847060084342957,0.9175475835800171,0.1328752636909485
YJL099W,YDL100C,0,-7.0243425,0.4082784652709961,0.9175475835800171,0.13298097252845764
YGL245W,YBR061C,0,-7.0247617,0.40808650851249695,0.9175475835800171,0.1330866813659668
YHR026W,YJL035C,0,-7.0249705,0.40789473056793213,0.9175475835800171,0.13319239020347595
YNL258C,YER013W,0,-7.0250673,0.407703161239624,0.9175475835800171,0.1332980990409851
YJL090C,YJL125C,0,-7.025188,0.40751174092292786,0.9175475835800171,0.13340380787849426
YLR170C,YLR103C,0,-7.027338,0.407320499420166,0.9175475835800171,0.13350951671600342
YDR329C,YCR042C,0,-7.028643,0.4071294665336609,0.9175475835800171,0.13361522555351257
YGR028W,YDR453C,0,-7.0287995,0.4069385826587677,0.9175475835800171,0.13372093439102173
YNL032W,YLR025W,0,-7.0301995,0.40674787759780884,0.9175475835800171,0.13382664322853088
YLR431C,YMR053C,0,-7.030355,0.4065573811531067,0.9175475835800171,0.13393235206604004
YJR091C,YDR137W,0,-7.0309224,0.4063670337200165,0.9175475835800171,0.1340380609035492
YMR202W,YLR147C,0,-7.0313196,0.406176894903183,0.9175475835800171,0.13414376974105835
YGR007W,YHR039C-A,0,-7.0316954,0.4059869050979614,0.9175475835800171,0.1342494785785675
YJR092W,YOR206W,0,-7.031948,0.4057970941066742,0.9175475835800171,0.13435517251491547
YCR002C,YBR106W,0,-7.0328984,0.4056074619293213,0.9175475835800171,0.13446088135242462
YLL022C,YOR098C,0,-7.0342536,0.4054180383682251,0.9175475835800171,0.13456659018993378
YOR349W,YIL031W,0,-7.0346675,0.40522876381874084,0.9175475835800171,0.13467229902744293
YEL031W,YHR039C-A,0,-7.037272,0.4050396680831909,0.9175475835800171,0.1347780078649521
YCL059C,YPL151C,0,-7.03736,0.4048507511615753,0.9175475835800171,0.13488371670246124
YER068W,YDR389W,0,-7.037651,0.40466201305389404,0.9175475835800171,0.1349894255399704
YPL096C-A,YOL129W,0,-7.0379558,0.4044734537601471,0.9175475835800171,0.13509513437747955
YBR145W,YDL002C,0,-7.0380197,0.4042850434780121,0.9175475835800171,0.1352008432149887
YBR228W,YAL009W,0,-7.038345,0.4040968418121338,0.9175475835800171,0.13530655205249786
YLR145W,YBL061C,0,-7.03845,0.40390878915786743,0.9175475835800171,0.13541226089000702
YPR120C,YBR087W,0,-7.038714,0.4037209451198578,0.9175475835800171,0.13551796972751617
YDR108W,YNL079C,0,-7.038852,0.4035332500934601,0.9175475835800171,0.13562367856502533
YMR224C,YDR205W,0,-7.0395074,0.4033457338809967,0.9175475835800171,0.13572938740253448
YOR321W,YAR007C,0,-7.039662,0.40315839648246765,0.9175475835800171,0.13583509624004364
YMR263W,YDR240C,0,-7.0399933,0.40297120809555054,0.9175475835800171,0.1359408050775528
YLR153C,YPL177C,0,-7.040063,0.40278422832489014,0.9175475835800171,0.13604651391506195
YBL047C,YDL134C,0,-7.0406647,0.4025973975658417,0.9175475835800171,0.1361522227525711
YOR038C,YGL210W,0,-7.041447,0.40241074562072754,0.9175475835800171,0.13625793159008026
YBR275C,YGR275W,0,-7.041499,0.40222427248954773,0.9175475835800171,0.13636364042758942
YGR220C,YOL127W,1,-7.04303,0.4025011658668518,0.9186046719551086,0.13636364042758942
YGL180W,YDL106C,0,-7.044292,0.40231481194496155,0.9186046719551086,0.13646934926509857
YPL269W,YPL155C,0,-7.044335,0.4021286368370056,0.9186046719551086,0.13657505810260773
YPR119W,YEL032W,0,-7.044854,0.401942640542984,0.9186046719551086,0.13668076694011688
YBL063W,YHR200W,0,-7.0449467,0.40175682306289673,0.9186046719551086,0.13678647577762604
YEL034W,YLR147C,0,-7.0460167,0.4015711545944214,0.9186046719551086,0.1368921846151352
YJL184W,YIL149C,0,-7.047605,0.40138569474220276,0.9186046719551086,0.13699787855148315
YPR112C,YDL217C,0,-7.048955,0.40120038390159607,0.9186046719551086,0.1371035873889923
YNR026C,YGR211W,0,-7.05,0.4010152220726013,0.9186046719551086,0.13720929622650146
YJR083C,YLR240W,0,-7.050371,0.4008302688598633,0.9186046719551086,0.13731500506401062
YJL014W,YHR020W,0,-7.051221,0.4006454646587372,0.9186046719551086,0.13742071390151978
YDR228C,YDR083W,0,-7.051292,0.4004608392715454,0.9186046719551086,0.13752642273902893
YOL042W,YNL055C,0,-7.0520844,0.4002763628959656,0.9186046719551086,0.13763213157653809
YBR207W,YCR044C,0,-7.052149,0.40009209513664246,0.9186046719551086,0.13773784041404724
YLR429W,YLR141W,0,-7.052633,0.3999079465866089,0.9186046719551086,0.1378435492515564
YGR145W,YMR032W,0,-7.053037,0.39972400665283203,0.9186046719551086,0.13794925808906555
YHR107C,YML114C,0,-7.054683,0.3995402157306671,0.9186046719551086,0.1380549669265747
YPL048W,YMR231W,0,-7.0546937,0.3993566036224365,0.9186046719551086,0.13816067576408386
YKR009C,YMR104C,0,-7.0554323,0.39917317032814026,0.9186046719551086,0.13826638460159302
YAL056W,YCR073W-A,0,-7.0562806,0.39898988604545593,0.9186046719551086,0.13837209343910217
YOL151W,YMR314W,0,-7.0566797,0.39880678057670593,0.9186046719551086,0.13847780227661133
YGL226C-A,YNL046W,0,-7.056911,0.39862385392189026,0.9186046719551086,0.13858351111412048
YAL031C,YOR008C,0,-7.0571904,0.3984410762786865,0.9186046719551086,0.13868921995162964
YNL245C,YHR115C,0,-7.0577126,0.3982584774494171,0.9186046719551086,0.1387949287891388
YDL226C,YBR260C,0,-7.0577145,0.39807602763175964,0.9186046719551086,0.13890063762664795
YLR423C,YLR371W,0,-7.0583787,0.3978937864303589,0.9186046719551086,0.1390063464641571
YAL042W,YDR251W,0,-7.059023,0.3977116644382477,0.9186046719551086,0.13911205530166626
YEL026W,YER074W-A,0,-7.0591006,0.3975297212600708,0.9186046719551086,0.13921776413917542
YBR155W,YNL129W,0,-7.0598345,0.39734795689582825,0.9186046719551086,0.13932347297668457
YCR044C,YGL030W,0,-7.0603995,0.39716637134552,0.9186046719551086,0.13942918181419373
YCR094W,YER068W,0,-7.060538,0.39698493480682373,0.9186046719551086,0.13953489065170288
YFL024C,YLR197W,0,-7.06111,0.3968036472797394,0.9186046719551086,0.13964058458805084
YBR286W,YJL021C,0,-7.061475,0.39662253856658936,0.9186046719551086,0.13974629342556
YJL133W,YDL093W,0,-7.061641,0.39644160866737366,0.9186046719551086,0.13985200226306915
YKL093W,YDR477W,0,-7.062124,0.3962608277797699,0.9186046719551086,0.1399577111005783
YGL016W,YDL058W,0,-7.063926,0.39608022570610046,0.9186046719551086,0.14006341993808746
YOL078W,YAL024C,0,-7.0643,0.39589977264404297,0.9186046719551086,0.14016912877559662
YGL163C,YKL042W,0,-7.064779,0.3957194983959198,0.9186046719551086,0.14027483761310577
YGR220C,YPL093W,1,-7.0650215,0.39599454402923584,0.9196617603302002,0.14027483761310577
YNL020C,YDR258C,0,-7.066134,0.3958143889904022,0.9196617603302002,0.14038054645061493
YLR175W,YKL032C,0,-7.0662403,0.39563438296318054,0.9196617603302002,0.14048625528812408
YOR034C,YDR545W,0,-7.0665784,0.3954545557498932,0.9196617603302002,0.14059196412563324
YKR095W-A,YJL191W,0,-7.066596,0.3952748775482178,0.9196617603302002,0.1406976729631424
YMR138W,YPL063W,0,-7.068826,0.3950953781604767,0.9196617603302002,0.14080338180065155
YBL002W,YGL014W,0,-7.069576,0.39491602778434753,0.9196617603302002,0.1409090906381607
YKR086W,YOR140W,0,-7.0715237,0.3947368562221527,0.9196617603302002,0.14101479947566986
YPR119W,YNR046W,0,-7.0716877,0.3945578336715698,0.9196617603302002,0.14112050831317902
YIL160C,YGL208W,0,-7.073858,0.3943789601325989,0.9196617603302002,0.14122621715068817
YBL006C,YBR103W,0,-7.074269,0.39420026540756226,0.9196617603302002,0.14133192598819733
YJL090C,YOR182C,0,-7.0746036,0.39402174949645996,0.9196617603302002,0.14143763482570648
YHR068W,YGL243W,0,-7.075287,0.3938433825969696,0.9196617603302002,0.14154334366321564
YGR246C,YIL038C,0,-7.0760283,0.3936651647090912,0.9196617603302002,0.1416490525007248
YBR276C,YDL077C,0,-7.077072,0.3934870958328247,0.9196617603302002,0.14175476133823395
YGR135W,YKL079W,0,-7.0777392,0.39330923557281494,0.9196617603302002,0.1418604701757431
YJL125C,YHR152W,0,-7.0778475,0.3931314945220947,0.9196617603302002,0.14196617901325226
YCR086W,YML114C,0,-7.0786986,0.39295393228530884,0.9196617603302002,0.1420718878507614
YGL200C,YBR279W,0,-7.0788097,0.3927765190601349,0.9196617603302002,0.14217759668827057
YJL018W,YKL028W,0,-7.078838,0.39259928464889526,0.9196617603302002,0.14228330552577972
YGR166W,YGL169W,0,-7.0792303,0.3924221992492676,0.9196617603302002,0.14238899946212769
YLR095C,YMR153W,0,-7.0815163,0.39224526286125183,0.9196617603302002,0.14249470829963684
YLR147C,YKL056C,0,-7.0816407,0.3920685052871704,0.9196617603302002,0.142600417137146
YDR283C,YKL203C,0,-7.0816593,0.3918918967247009,0.9196617603302002,0.14270612597465515
YLR056W,YIL123W,0,-7.0819182,0.3917154371738434,0.9196617603302002,0.1428118348121643
YCR008W,YMR243C,0,-7.082576,0.39153915643692017,0.9196617603302002,0.14291754364967346
YGR095C,YHR048W,0,-7.0828943,0.3913630247116089,0.9196617603302002,0.14302325248718262
YBR015C,YIL053W,0,-7.0829396,0.39118704199790955,0.9196617603302002,0.14312896132469177
YMR173W,YER042W,0,-7.083263,0.39101123809814453,0.9196617603302002,0.14323467016220093
YML031W,YLR234W,0,-7.0835485,0.39083558320999146,0.9196617603302002,0.14334037899971008
YBR164C,YBR088C,0,-7.086405,0.3906600773334503,0.9196617603302002,0.14344608783721924
YHR006W,YJR049C,0,-7.0865254,0.3904847502708435,0.9196617603302002,0.1435517966747284
YPL269W,YOR087W,0,-7.086779,0.39030954241752625,0.9196617603302002,0.14365750551223755
YGR014W,YJL093C,0,-7.0872355,0.3901345431804657,0.9196617603302002,0.1437632143497467
YPL127C,YGL126W,0,-7.087994,0.3899596631526947,0.9196617603302002,0.14386892318725586
YNL153C,YBR092C,0,-7.0885825,0.38978493213653564,0.9196617603302002,0.14397463202476501
YDR527W,YCR053W,0,-7.089112,0.3896103799343109,0.9196617603302002,0.14408034086227417
YDR168W,YFR013W,0,-7.089159,0.3894359767436981,0.9196617603302002,0.14418604969978333
YPL130W,YML034W,0,-7.089914,0.38926175236701965,0.9196617603302002,0.14429175853729248
YGR230W,YHR050W,0,-7.0904107,0.38908764719963074,0.9196617603302002,0.14439746737480164
YCL051W,YNL307C,0,-7.090734,0.38891372084617615,0.9196617603302002,0.1445031762123108
YOR039W,YDR378C,0,-7.090761,0.3887399435043335,0.9196617603302002,0.14460888504981995
YLL013C,YBL005W-A,0,-7.092412,0.3885663151741028,0.9196617603302002,0.1447145938873291
YIR006C,YGR086C,0,-7.092874,0.3883928656578064,0.9196617603302002,0.14482030272483826
YKR046C,YGL249W,0,-7.093189,0.38821953535079956,0.9196617603302002,0.1449260115623474
YPL218W,YLR262C,0,-7.0932755,0.38804638385772705,0.9196617603302002,0.14503170549869537
YLR270W,YGR122W,0,-7.093635,0.3878733813762665,0.9196617603302002,0.14513741433620453
YLR433C,YDR174W,0,-7.09557,0.38770052790641785,0.9196617603302002,0.14524312317371368
YEL066W,YMR134W,0,-7.096062,0.38752785325050354,0.9196617603302002,0.14534883201122284
YGR188C,YFL026W,0,-7.096785,0.3873552978038788,0.9196617603302002,0.145454540848732
YJL074C,YMR243C,0,-7.097752,0.38718292117118835,0.9196617603302002,0.14556024968624115
YDR147W,YOL121C,0,-7.0987706,0.3870106637477875,0.9196617603302002,0.1456659585237503
YDR331W,YOR356W,0,-7.09895,0.3868385851383209,0.9196617603302002,0.14577166736125946
YFL034C-B,YPL212C,0,-7.100081,0.3866666555404663,0.9196617603302002,0.14587737619876862
YGL124C,YDR247W,0,-7.1002946,0.386494904756546,0.9196617603302002,0.14598308503627777
YMR173W,YDR490C,0,-7.1004906,0.3863232731819153,0.9196617603302002,0.14608879387378693
YLR274W,YDL236W,0,-7.1017804,0.3861517906188965,0.9196617603302002,0.14619450271129608
YIL036W,YKR052C,0,-7.1019344,0.385980486869812,0.9196617603302002,0.14630021154880524
YKR089C,YIL082W-A,0,-7.102313,0.3858093023300171,0.9196617603302002,0.1464059203863144
YNL166C,YOR281C,0,-7.102404,0.3856382966041565,0.9196617603302002,0.14651162922382355
YMR266W,YDL064W,0,-7.1078553,0.38546743988990784,0.9196617603302002,0.1466173380613327
YIL159W,YIL128W,0,-7.1080637,0.3852967321872711,0.9196617603302002,0.14672304689884186
YGL175C,YJR004C,0,-7.108831,0.38512617349624634,0.9196617603302002,0.146828755736351
YOR031W,YDR486C,0,-7.1105556,0.3849557638168335,0.9196617603302002,0.14693446457386017
YGL135W,YPL139C,0,-7.1131063,0.3847855031490326,0.9196617603302002,0.14704017341136932
YML123C,YNL016W,0,-7.113251,0.38461539149284363,0.9196617603302002,0.14714588224887848
YDR320C-A,YDR190C,0,-7.1140766,0.3844454288482666,0.9196617603302002,0.14725159108638763
YDL175C,YIL173W,0,-7.1146116,0.3842756152153015,0.9196617603302002,0.1473572999238968
YOR057W,YOR075W,0,-7.1147356,0.38410595059394836,0.9196617603302002,0.14746300876140594
YPL256C,YNL044W,0,-7.1148167,0.38393646478652954,0.9196617603302002,0.1475687175989151
YML092C,YJL143W,0,-7.1149583,0.38376709818840027,0.9196617603302002,0.14767441153526306
YOL008W,YJR131W,0,-7.1151667,0.38359788060188293,0.9196617603302002,0.14778012037277222
YFL057C,YDL078C,0,-7.115356,0.38342881202697754,0.9196617603302002,0.14788582921028137
YEL018W,YPR033C,0,-7.1153793,0.38325992226600647,0.9196617603302002,0.14799153804779053
YPR105C,YER019C-A,0,-7.1167026,0.38309115171432495,0.9196617603302002,0.14809724688529968
YMR204C,YDR251W,0,-7.1174254,0.38292253017425537,0.9196617603302002,0.14820295572280884
YGL226C-A,YOL031C,0,-7.1186366,0.38275405764579773,0.9196617603302002,0.148308664560318
YHR096C,YKR046C,0,-7.1195097,0.3825857639312744,0.9196617603302002,0.14841437339782715
YJL098W,YOR129C,0,-7.119518,0.38241758942604065,0.9196617603302002,0.1485200822353363
YBR218C,YOR307C,0,-7.1200814,0.3822495639324188,0.9196617603302002,0.14862579107284546
YDR377W,YOL088C,0,-7.120099,0.38208168745040894,0.9196617603302002,0.14873149991035461
YEL018W,YER165W,0,-7.120223,0.381913959980011,0.9196617603302002,0.14883720874786377
YGR129W,YNL064C,0,-7.120239,0.381746381521225,0.9196617603302002,0.14894291758537292
YOR056C,YGL145W,0,-7.1203575,0.3815789520740509,0.9196617603302002,0.14904862642288208
YLR097C,YJR103W,0,-7.1217637,0.38141167163848877,0.9196617603302002,0.14915433526039124
YCR038C,YKR095W-A,0,-7.1223936,0.3812445104122162,0.9196617603302002,0.1492600440979004
YCR034W,YPL127C,0,-7.1225014,0.38107752799987793,0.9196617603302002,0.14936575293540955
YNL016W,YDR087C,0,-7.1232924,0.3809106945991516,0.9196617603302002,0.1494714617729187
YOL049W,YCL062W,0,-7.1242385,0.38074398040771484,0.9196617603302002,0.14957717061042786
YDR320C-A,YBL061C,0,-7.124542,0.38057741522789,0.9196617603302002,0.149682879447937
YDR421W,YMR240C,0,-7.1251073,0.3804110288619995,0.9196617603302002,0.14978858828544617
YHR187W,YAL032C,0,-7.1258945,0.38024476170539856,0.9196617603302002,0.14989429712295532
YOL049W,YJR140C,0,-7.1263003,0.38007864356040955,0.9196617603302002,0.15000000596046448
YGL013C,YMR101C,0,-7.1281586,0.37991267442703247,0.9196617603302002,0.15010571479797363
YOR113W,YGL212W,0,-7.1284614,0.37974682450294495,0.9196617603302002,0.1502114236354828
YGL252C,YHR138C,0,-7.129071,0.37958115339279175,0.9196617603302002,0.15031711757183075
YNL259C,YLL011W,0,-7.1291027,0.3794156014919281,0.9196617603302002,0.1504228264093399
YMR072W,YAL041W,0,-7.1304955,0.3792502284049988,0.9196617603302002,0.15052853524684906
YML078W,YHL031C,0,-7.131791,0.379084974527359,0.9196617603302002,0.15063424408435822
YER088C,YLR193C,0,-7.1327033,0.3789198696613312,0.9196617603302002,0.15073995292186737
YEL036C,YDL195W,0,-7.1348624,0.3787548840045929,0.9196617603302002,0.15084566175937653
YNL075W,YBR130C,0,-7.1355968,0.37859007716178894,0.9196617603302002,0.15095137059688568
YGL070C,YPR182W,0,-7.137099,0.37842538952827454,0.9196617603302002,0.15105707943439484
YPL091W,YIL048W,0,-7.137178,0.37826088070869446,0.9196617603302002,0.151162788271904
YBR290W,YGL127C,0,-7.1371803,0.37809649109840393,0.9196617603302002,0.15126849710941315
YLR201C,YGR279C,0,-7.1372066,0.37793222069740295,0.9196617603302002,0.1513742059469223
YJL062W,YOR157C,0,-7.1374063,0.3777681291103363,0.9196617603302002,0.15147991478443146
YML103C,YLR105C,0,-7.1375637,0.3776041567325592,0.9196617603302002,0.1515856236219406
YCR044C,YDR404C,0,-7.1391883,0.37744033336639404,0.9196617603302002,0.15169133245944977
YDL154W,YLR010C,0,-7.1401043,0.3772766590118408,0.9196617603302002,0.15179704129695892
YOL001W,YOR018W,0,-7.140643,0.37711313366889954,0.9196617603302002,0.15190275013446808
YBR038W,YDR434W,0,-7.1413813,0.3769497275352478,0.9196617603302002,0.15200845897197723
YGL063W,YLR003C,0,-7.1417885,0.3767865002155304,0.9196617603302002,0.1521141678094864
YOR354C,YNL312W,0,-7.1421523,0.37662336230278015,0.9196617603302002,0.15221987664699554
YLR095C,YER149C,0,-7.142284,0.37646040320396423,0.9196617603302002,0.1523255854845047
YCR039C,YDR322C-A,0,-7.146092,0.37629756331443787,0.9196617603302002,0.15243129432201385
YGR247W,YDR141C,0,-7.1462502,0.3761349022388458,0.9196617603302002,0.152537003159523
YBL105C,YDR362C,0,-7.1467195,0.37597233057022095,0.9196617603302002,0.15264271199703217
YPL051W,YHR165C,0,-7.1467824,0.3758099377155304,0.9196617603302002,0.15274842083454132
YPR105C,YPR112C,0,-7.146817,0.3756476640701294,0.9196617603302002,0.15285412967205048
YKR027W,YPR162C,0,-7.147094,0.37548553943634033,0.9196617603302002,0.15295982360839844
YER016W,YMR143W,0,-7.147251,0.3753235638141632,0.9196617603302002,0.1530655324459076
YGR156W,YER018C,0,-7.1476073,0.37516170740127563,0.9196617603302002,0.15317124128341675
YEL027W,YMR319C,0,-7.147651,0.375,0.9196617603302002,0.1532769501209259
YOR109W,YKL134C,0,-7.149118,0.3748384416103363,0.9196617603302002,0.15338265895843506
YCR066W,YGR186W,0,-7.149398,0.37467700242996216,0.9196617603302002,0.1534883677959442
YAL040C,YDR247W,0,-7.150263,0.37451571226119995,0.9196617603302002,0.15359407663345337
YBR129C,YJL117W,0,-7.151182,0.3743545711040497,0.9196617603302002,0.15369978547096252
YBL008W,YKL110C,0,-7.1519523,0.37419354915618896,0.9196617603302002,0.15380549430847168
YMR012W,YGR135W,0,-7.1539254,0.3740326762199402,0.9196617603302002,0.15391120314598083
YDR158W,YOR294W,0,-7.156055,0.37387195229530334,0.9196617603302002,0.15401691198349
YMR272C,YKR089C,0,-7.1565347,0.37371134757995605,0.9196617603302002,0.15412262082099915
YHR001W,YGL004C,0,-7.1572423,0.3735508918762207,0.9196617603302002,0.1542283296585083
YKL015W,YBR103W,0,-7.1581035,0.3733905553817749,0.9196617603302002,0.15433403849601746
YGL027C,YCL016C,0,-7.1589675,0.37323036789894104,0.9196617603302002,0.1544397473335266
YDR166C,YHR012W,0,-7.159012,0.3730703294277191,0.9196617603302002,0.15454545617103577
YMR208W,YDL226C,0,-7.1592436,0.37291041016578674,0.9196617603302002,0.15465116500854492
YJR076C,YMR067C,0,-7.159888,0.3727506399154663,0.9196617603302002,0.15475687384605408
YHR107C,YLR228C,0,-7.160292,0.3725910186767578,0.9196617603302002,0.15486258268356323
YNL318C,YKR065C,0,-7.160633,0.37243151664733887,0.9196617603302002,0.1549682915210724
YOR373W,YDR189W,0,-7.1614833,0.3722721338272095,0.9196617603302002,0.15507400035858154
YDR002W,YPL144W,0,-7.1617427,0.3721129298210144,0.9196617603302002,0.1551797091960907
YHR019C,YLR181C,0,-7.1619573,0.3719538152217865,0.9196617603302002,0.15528541803359985
YDL029W,YMR067C,0,-7.162171,0.3717948794364929,0.9196617603302002,0.155391126871109
YNL025C,YML131W,0,-7.1624002,0.3716360628604889,0.9196617603302002,0.15549683570861816
YNL130C,YCR028C-A,0,-7.163181,0.3714773654937744,0.9196617603302002,0.15560252964496613
YNL271C,YGR276C,0,-7.163196,0.3713188171386719,0.9196617603302002,0.15570823848247528
YGL200C,YHR042W,0,-7.1632533,0.3711604177951813,0.9196617603302002,0.15581394731998444
YPL046C,YJL165C,0,-7.163571,0.3710021376609802,0.9196617603302002,0.1559196561574936
YOR172W,YCL019W,0,-7.1639752,0.3708439767360687,0.9196617603302002,0.15602536499500275
YDR118W,YLR212C,0,-7.1640325,0.37068599462509155,0.9196617603302002,0.1561310738325119
YDL145C,YOR321W,0,-7.164582,0.37052810192108154,0.9196617603302002,0.15623678267002106
YDR379W,YBR103W,0,-7.164663,0.37037035822868347,0.9196617603302002,0.1563424915075302
YOR326W,YLR043C,0,-7.1656165,0.37021276354789734,0.9196617603302002,0.15644820034503937
YOR355W,YGR118W,0,-7.1674743,0.37005528807640076,0.9196617603302002,0.15655390918254852
YGR220C,YER126C,1,-7.1678467,0.370323121547699,0.920718789100647,0.15655390918254852
YDR464W,YGL097W,0,-7.168643,0.37016573548316956,0.920718789100647,0.15665961802005768
YFR046C,YBR258C,0,-7.1688023,0.3700084984302521,0.920718789100647,0.15676532685756683
YLR368W,YMR216C,0,-7.1705356,0.36985138058662415,0.920718789100647,0.156871035695076
YLR321C,YNR039C,0,-7.1716,0.36969441175460815,0.920718789100647,0.15697674453258514
YPR019W,YLL061W,0,-7.171836,0.3695375621318817,0.920718789100647,0.1570824533700943
YGL067W,YJL191W,0,-7.1726375,0.3693808317184448,0.920718789100647,0.15718816220760345
YEL003W,YDR243C,0,-7.1737204,0.3692242503166199,0.920718789100647,0.1572938710451126
YLR127C,YGL205W,0,-7.174581,0.3690677881240845,0.920718789100647,0.15739957988262177
YIL079C,YKR022C,0,-7.1746526,0.368911474943161,0.920718789100647,0.15750528872013092
YPL275W,YPR086W,0,-7.1766996,0.3687552809715271,0.920718789100647,0.15761099755764008
YNL323W,YJL087C,0,-7.17705,0.3685992360115051,0.920718789100647,0.15771670639514923
YMR052W,YCR039C,0,-7.1770544,0.3684433102607727,0.920718789100647,0.1578224152326584
YOR239W,YAL058W,0,-7.1773047,0.3682875335216522,0.920718789100647,0.15792812407016754
YDR284C,YIL051C,0,-7.1774406,0.3681318759918213,0.920718789100647,0.1580338329076767
YDR153C,YGR158C,0,-7.1779485,0.3679763376712799,0.920718789100647,0.15813954174518585
YDR106W,YDR479C,0,-7.1789937,0.36782094836235046,0.920718789100647,0.1582452356815338
YPL159C,YBR240C,0,-7.1807685,0.36766567826271057,0.920718789100647,0.15835094451904297
YKR008W,YPL237W,0,-7.181427,0.3675105571746826,0.920718789100647,0.15845665335655212
YLR109W,YER054C,0,-7.1817865,0.3673555552959442,0.920718789100647,0.15856236219406128
YLR353W,YDR087C,0,-7.1825657,0.36720067262649536,0.920718789100647,0.15866807103157043
YMR060C,YEL041W,0,-7.182953,0.36704593896865845,0.920718789100647,0.1587737798690796
YEL036C,YER019W,0,-7.183242,0.3668913245201111,0.920718789100647,0.15887948870658875
YEL017C-A,YCL063W,0,-7.1838927,0.36673682928085327,0.920718789100647,0.1589851975440979
YPL125W,YPR198W,0,-7.184042,0.3665824830532074,0.920718789100647,0.15909090638160706
YPR105C,YHR081W,0,-7.184363,0.3664282560348511,0.920718789100647,0.1591966152191162
YPR119W,YBR093C,0,-7.184422,0.3662741780281067,0.920718789100647,0.15930232405662537
YNL007C,YGL249W,0,-7.185331,0.36612021923065186,0.920718789100647,0.15940803289413452
YJR127C,YGR047C,0,-7.185697,0.3659663796424866,0.920718789100647,0.15951374173164368
YMR238W,YGL137W,0,-7.185826,0.3658126890659332,0.920718789100647,0.15961945056915283
YPL147W,YMR175W,0,-7.1876745,0.36565911769866943,0.920718789100647,0.159725159406662
YDL236W,YPL210C,0,-7.1886916,0.3655056655406952,0.920718789100647,0.15983086824417114
YPL069C,YDR498C,0,-7.1888638,0.3653523623943329,0.920718789100647,0.1599365770816803
YPL221W,YOL117W,0,-7.1898484,0.36519914865493774,0.920718789100647,0.16004228591918945
YJR045C,YDL128W,0,-7.1905913,0.36504611372947693,0.920718789100647,0.1601479947566986
YLR056W,YDR300C,0,-7.191229,0.3648931682109833,0.920718789100647,0.16025370359420776
YDR213W,YKR053C,0,-7.191585,0.36474037170410156,0.920718789100647,0.16035941243171692
YOR001W,YMR236W,0,-7.191761,0.3645876944065094,0.920718789100647,0.16046512126922607
YBR202W,YFL026W,0,-7.1922774,0.3644351363182068,0.920718789100647,0.16057083010673523
YBR123C,YML088W,0,-7.1932592,0.3642827272415161,0.920718789100647,0.16067653894424438
YLR448W,YML025C,1,-7.1942883,0.3645485043525696,0.9217758774757385,0.16067653894424438
YBR098W,YDR097C,0,-7.1943398,0.3643961548805237,0.9217758774757385,0.16078224778175354
YNL299W,YHR039C-A,0,-7.194959,0.3642439544200897,0.9217758774757385,0.1608879566192627
YPL097W,YJL128C,0,-7.1949906,0.3640918433666229,0.9217758774757385,0.16099365055561066
YCR093W,YPR052C,0,-7.195695,0.36393991112709045,0.9217758774757385,0.1610993593931198
YLR205C,YCR102C,0,-7.1959004,0.36378806829452515,0.9217758774757385,0.16120506823062897
YCR055C,YOR224C,0,-7.1960006,0.3636363744735718,0.9217758774757385,0.16131077706813812
YOL043C,YPR103W,0,-7.196087,0.36348479986190796,0.9217758774757385,0.16141648590564728
YCR107W,YAR033W,0,-7.1973586,0.3633333444595337,0.9217758774757385,0.16152219474315643
YFR053C,YPR103W,0,-7.197691,0.363182008266449,0.9217758774757385,0.1616279035806656
YGR247W,YPL234C,0,-7.198035,0.3630308210849762,0.9217758774757385,0.16173361241817474
YKL028W,YHR048W,0,-7.1987567,0.3628797233104706,0.9217758774757385,0.1618393212556839
YDR363W,YOR098C,0,-7.1991544,0.3627287745475769,0.9217758774757385,0.16194503009319305
YDR141C,YMR087W,0,-7.1996484,0.36257797479629517,0.9217758774757385,0.1620507389307022
YML081C-A,YJL192C,0,-7.19983,0.3624272644519806,0.9217758774757385,0.16215644776821136
YOR079C,YGL097W,0,-7.2008505,0.36227670311927795,0.9217758774757385,0.16226215660572052
YDR421W,YLR442C,0,-7.201346,0.3621262311935425,0.9217758774757385,0.16236786544322968
YBR207W,YBR179C,0,-7.202216,0.36197593808174133,0.9217758774757385,0.16247357428073883
YML065W,YFR031C,0,-7.2033205,0.36182573437690735,0.9217758774757385,0.16257928311824799
YGR108W,YOR209C,0,-7.203666,0.3616756498813629,0.9217758774757385,0.16268499195575714
YFL016C,YNL213C,0,-7.203775,0.3615257143974304,0.9217758774757385,0.1627907007932663
YKR095W,YLR014C,0,-7.204291,0.3613758683204651,0.9217758774757385,0.16289640963077545
YFR051C,YDR362C,0,-7.2044744,0.3612261712551117,0.9217758774757385,0.1630021184682846
YLR228C,YBR283C,0,-7.2062917,0.36107659339904785,0.9217758774757385,0.16310782730579376
YKL114C,YOR274W,0,-7.2067304,0.36092716455459595,0.9217758774757385,0.16321353614330292
YGL155W,YBR022W,0,-7.207997,0.3607778251171112,0.9217758774757385,0.16331924498081207
YMR190C,YLL017W,0,-7.208237,0.360628604888916,0.9217758774757385,0.16342495381832123
YKR008W,YLR043C,0,-7.2084713,0.36047953367233276,0.9217758774757385,0.16353066265583038
YNL264C,YKL088W,0,-7.208792,0.36033058166503906,0.9217758774757385,0.16363635659217834
YEL056W,YPL180W,0,-7.2090716,0.3601817488670349,0.9217758774757385,0.1637420654296875
YLR133W,YOR367W,0,-7.2091928,0.3600330352783203,0.9217758774757385,0.16384777426719666
YCR055C,YML055W,0,-7.2095547,0.35988444089889526,0.9217758774757385,0.1639534831047058
YPR105C,YLR386W,0,-7.21035,0.35973596572875977,0.9217758774757385,0.16405919194221497
YFR040W,YML045W,0,-7.210422,0.3595876395702362,0.9217758774757385,0.16416490077972412
YLR380W,YDL028C,0,-7.2105308,0.3594394028186798,0.9217758774757385,0.16427060961723328
YHR150W,YMR088C,0,-7.2118316,0.35929131507873535,0.9217758774757385,0.16437631845474243
YAL053W,YPL031C,0,-7.212724,0.35914331674575806,0.9217758774757385,0.1644820272922516
YJR135C,YDL150W,0,-7.212977,0.3589954674243927,0.9217758774757385,0.16458773612976074
YCR058C,YDR143C,0,-7.213994,0.3588477373123169,0.9217758774757385,0.1646934449672699
YFL050C,YKL079W,0,-7.2140365,0.35870012640953064,0.9217758774757385,0.16479915380477905
YKR036C,YDR179C,0,-7.2146688,0.35855263471603394,0.9217758774757385,0.1649048626422882
YOL012C,YGR123C,0,-7.2153077,0.3584052622318268,0.9217758774757385,0.16501057147979736
YNL008C,YDR137W,0,-7.21623,0.3582580089569092,0.9217758774757385,0.16511628031730652
YNL275W,YEL017C-A,0,-7.2182574,0.35811087489128113,0.9217758774757385,0.16522198915481567
YDL128W,YDR200C,0,-7.2184772,0.357963889837265,0.9217758774757385,0.16532769799232483
YMR183C,YLR410W,0,-7.219813,0.35781699419021606,0.9217758774757385,0.16543340682983398
YJL060W,YNR006W,0,-7.21993,0.35767021775245667,0.9217758774757385,0.16553911566734314
YNL331C,YJL047C,0,-7.2204823,0.3575235605239868,0.9217758774757385,0.1656448245048523
YNL026W,YMR218C,0,-7.220835,0.3573770523071289,0.9217758774757385,0.16575053334236145
YDR245W,YGR275W,0,-7.2209215,0.35723063349723816,0.9217758774757385,0.1658562421798706
YML051W,YDR432W,0,-7.2214885,0.35708436369895935,0.9217758774757385,0.16596195101737976
YPL008W,YOR133W,0,-7.222544,0.3569381833076477,0.9217758774757385,0.16606765985488892
YNL258C,YCR020W-B,0,-7.2228026,0.356792151927948,0.9217758774757385,0.16617336869239807
YER155C,YHR214C-B,0,-7.2233257,0.35664620995521545,0.9217758774757385,0.16627906262874603
YLR319C,YEL003W,0,-7.2236,0.35650041699409485,0.9217758774757385,0.1663847714662552
YOR014W,YDR320C,0,-7.223855,0.3563547134399414,0.9217758774757385,0.16649048030376434
YKL002W,YMR043W,0,-7.2240086,0.3562091588973999,0.9217758774757385,0.1665961891412735
YKL182W,YKL212W,0,-7.2243,0.35606369376182556,0.9217758774757385,0.16670189797878265
YFR002W,YJL104W,0,-7.2243047,0.35591837763786316,0.9217758774757385,0.1668076068162918
YLR284C,YKL086W,0,-7.225248,0.3557731509208679,0.9217758774757385,0.16691331565380096
YMR043W,YLR193C,0,-7.226277,0.3556280732154846,0.9217758774757385,0.16701902449131012
YIL042C,YDL190C,0,-7.2268553,0.3554830849170685,0.9217758774757385,0.16712473332881927
YIL066C,YGL207W,0,-7.227772,0.3553382158279419,0.9217758774757385,0.16723044216632843
YDR515W,YOR008C,0,-7.228295,0.35519349575042725,0.9217758774757385,0.16733615100383759
YKL160W,YNL062C,0,-7.2287703,0.35504886507987976,0.9217758774757385,0.16744185984134674
YDR529C,YCL001W,0,-7.228822,0.3549043536186218,0.9217758774757385,0.1675475686788559
YOR319W,YOR287C,0,-7.2297206,0.35475996136665344,0.9217758774757385,0.16765327751636505
YGL190C,YPR095C,0,-7.230551,0.3546156883239746,0.9217758774757385,0.1677589863538742
YGL195W,YDR443C,0,-7.230852,0.3544715344905853,0.9217758774757385,0.16786469519138336
YNL059C,YHR193C,0,-7.2317653,0.3543274998664856,0.9217758774757385,0.16797040402889252
YGR220C,YPR016C,1,-7.2318015,0.3545897603034973,0.9228329658508301,0.16797040402889252
YFL009W,YGL045W,0,-7.232619,0.35444578528404236,0.9228329658508301,0.16807611286640167
YDR320C-A,YNL317W,0,-7.2340703,0.35430195927619934,0.9228329658508301,0.16818182170391083
YKL004W,YMR234W,0,-7.234478,0.3541582226753235,0.9228329658508301,0.16828753054141998
YMR232W,YDR285W,0,-7.234704,0.3540146052837372,0.9228329658508301,0.16839323937892914
YPR133W-A,YLR277C,0,-7.234965,0.35387110710144043,0.9228329658508301,0.1684989482164383
YKL197C,YMR134W,0,-7.235713,0.3537277281284332,0.9228329658508301,0.16860465705394745
YGR247W,YCL010C,0,-7.2357855,0.3535844385623932,0.9228329658508301,0.1687103658914566
YGR040W,YML039W,0,-7.2361026,0.3534412980079651,0.9228329658508301,0.16881607472896576
YPL262W,YDL190C,0,-7.236206,0.35329824686050415,0.9228329658508301,0.16892176866531372
YCL051W,YNL173C,0,-7.2363834,0.35315534472465515,0.9228329658508301,0.16902747750282288
YJL090C,YDR460W,0,-7.238144,0.3530125319957733,0.9228329658508301,0.16913318634033203
YDR320C-A,YKL195W,0,-7.2382607,0.35286983847618103,0.9228329658508301,0.1692388951778412
YLR417W,YPL033C,0,-7.2383227,0.3527272641658783,0.9228329658508301,0.16934460401535034
YBR068C,YBL055C,0,-7.2385125,0.3525848090648651,0.9228329658508301,0.1694503128528595
YDR227W,YDR425W,0,-7.239305,0.3524424731731415,0.9228329658508301,0.16955602169036865
YGL005C,YJL001W,0,-7.2393517,0.3523002564907074,0.9228329658508301,0.1696617305278778
YKL025C,YGL013C,0,-7.240439,0.3521581292152405,0.9228329658508301,0.16976743936538696
YAL032C,YLL056C,0,-7.2419314,0.3520161211490631,0.9228329658508301,0.16987314820289612
YLR314C,YPL086C,0,-7.2420187,0.3518742322921753,0.9228329658508301,0.16997885704040527
YKR095W-A,YOR076C,0,-7.2423334,0.351732462644577,0.9228329658508301,0.17008456587791443
YDR147W,YER003C,0,-7.2440457,0.3515908122062683,0.9228329658508301,0.17019027471542358
YML023C,YPL192C,0,-7.2443376,0.35144928097724915,0.9228329658508301,0.17029598355293274
YDR288W,YPR042C,0,-7.244497,0.35130783915519714,0.9228329658508301,0.1704016923904419
YAL035W,YGR216C,0,-7.244827,0.3511665463447571,0.9228329658508301,0.17050740122795105
YHR165C,YHL009C,0,-7.247263,0.3510253429412842,0.9228329658508301,0.1706131100654602
YPL195W,YCR091W,0,-7.24828,0.35088425874710083,0.9228329658508301,0.17071881890296936
YMR153W,YDR320C,0,-7.2501388,0.35074326395988464,0.9228329658508301,0.17082452774047852
YDR385W,YKR028W,0,-7.2512307,0.3506024181842804,0.9228329658508301,0.17093023657798767
YMR220W,YLR192C,0,-7.252687,0.3504616618156433,0.9228329658508301,0.17103594541549683
YJR064W,YOR213C,0,-7.253093,0.3503210246562958,0.9228329658508301,0.17114165425300598
YLR242C,YER022W,0,-7.253569,0.3501805067062378,0.9228329658508301,0.17124736309051514
YOR371C,YCL003W,0,-7.25429,0.35004010796546936,0.9228329658508301,0.1713530719280243
YIL070C,YEL016C,0,-7.2543173,0.3498997986316681,0.9228329658508301,0.17145878076553345
YDR375C,YKL165C,0,-7.254767,0.34975960850715637,0.9228329658508301,0.1715644747018814
YOL009C,YER178W,0,-7.2549243,0.3496195375919342,0.9228329658508301,0.17167018353939056
YOL044W,YMR197C,0,-7.257076,0.3494795858860016,0.9228329658508301,0.17177589237689972
YML107C,YDL080C,0,-7.2572227,0.34933972358703613,0.9228329658508301,0.17188160121440887
YOR304W,YHR099W,0,-7.2578297,0.3492000102996826,0.9228329658508301,0.17198731005191803
YOR088W,YMR293C,0,-7.25793,0.34906038641929626,0.9228329658508301,0.17209301888942719
YJL117W,YOL020W,0,-7.259346,0.3489208519458771,0.9228329658508301,0.17219872772693634
YOL063C,YBL017C,0,-7.2597675,0.3487814664840698,0.9228329658508301,0.1723044365644455
YNL021W,YOR356W,0,-7.2599125,0.34864217042922974,0.9228329658508301,0.17241014540195465
YOL123W,YER019C-A,0,-7.2613225,0.3485029935836792,0.9228329658508301,0.1725158542394638
YNL078W,YDR201W,0,-7.2614408,0.3483639359474182,0.9228329658508301,0.17262156307697296
YBL023C,YJL133W,0,-7.2618313,0.3482249677181244,0.9228329658508301,0.17272727191448212
YPR131C,YMR197C,0,-7.2628865,0.3480861186981201,0.9228329658508301,0.17283298075199127
YDR205W,YNL044W,0,-7.26325,0.3479473888874054,0.9228329658508301,0.17293868958950043
YGL032C,YML023C,0,-7.2633705,0.3478087782859802,0.9228329658508301,0.17304439842700958
YDR027C,YKR014C,0,-7.2639008,0.3476702570915222,0.9228329658508301,0.17315010726451874
YGL012W,YER148W,0,-7.2642474,0.34753185510635376,0.9228329658508301,0.1732558161020279
YJL167W,YJL074C,0,-7.2651463,0.34739354252815247,0.9228329658508301,0.17336152493953705
YKL079W,YPL203W,0,-7.2652197,0.3472553789615631,0.9228329658508301,0.1734672337770462
YLR397C,YNR052C,0,-7.2654986,0.3471173048019409,0.9228329658508301,0.17357294261455536
YIL040W,YLR262C,0,-7.265777,0.3469793200492859,0.9228329658508301,0.17367865145206451
YHR186C,YOR159C,0,-7.2667484,0.3468414843082428,0.9228329658508301,0.17378436028957367
YBR102C,YDR189W,0,-7.267553,0.34670373797416687,0.9228329658508301,0.17389006912708282
YNL298W,YER003C,0,-7.26786,0.3465661108493805,0.9228329658508301,0.17399577796459198
YJL090C,YNL154C,0,-7.2684298,0.3464285731315613,0.9228329658508301,0.17410148680210114
YKL138C-A,YMR026C,0,-7.2684493,0.3462911546230316,0.9228329658508301,0.1742071807384491
YGR202C,YFR034C,0,-7.2689023,0.3461538553237915,0.9228329658508301,0.17431288957595825
YDL039C,YJL191W,0,-7.2692857,0.34601664543151855,0.9228329658508301,0.1744185984134674
YDL142C,YGR197C,0,-7.2695403,0.34587955474853516,0.9228329658508301,0.17452430725097656
YGR003W,YKL032C,0,-7.269815,0.3457425832748413,0.9228329658508301,0.17463001608848572
YDR397C,YGL055W,0,-7.2703795,0.3456057012081146,0.9228329658508301,0.17473572492599487
YGR220C,YKL009W,1,-7.270535,0.3458646535873413,0.9238900542259216,0.17473572492599487
YMR101C,YIL077C,0,-7.2722464,0.3457278609275818,0.9238900542259216,0.17484143376350403
YER107C,YKR072C,0,-7.2726912,0.34559112787246704,0.9238900542259216,0.17494714260101318
YDL132W,YGL049C,0,-7.27307,0.34545454382896423,0.9238900542259216,0.17505285143852234
YGL173C,YHR203C,0,-7.2734904,0.3453180491924286,0.9238900542259216,0.1751585602760315
YDR320C-A,YGL070C,0,-7.27376,0.3451816737651825,0.9238900542259216,0.17526426911354065
YNR002C,YKR031C,0,-7.2739906,0.34504538774490356,0.9238900542259216,0.1753699779510498
YJR045C,YIL017C,0,-7.2743,0.3449092209339142,0.9238900542259216,0.17547568678855896
YBR077C,YJR126C,0,-7.2745996,0.34477317333221436,0.9238900542259216,0.17558139562606812
YOR328W,YGR144W,0,-7.2746396,0.3446372151374817,0.9238900542259216,0.17568710446357727
YOR328W,YER116C,0,-7.2750216,0.3445013761520386,0.9238900542259216,0.17579281330108643
YPR199C,YER183C,0,-7.2759366,0.344365656375885,0.9238900542259216,0.17589852213859558
YGR157W,YKR089C,0,-7.2769,0.3442300260066986,0.9238900542259216,0.17600423097610474
YJL090C,YLR452C,0,-7.277487,0.34409448504447937,0.9238900542259216,0.1761099398136139
YJL085W,YDL200C,0,-7.278393,0.3439590632915497,0.9238900542259216,0.17621564865112305
YLR342W,YFL018C,0,-7.2792063,0.34382376074790955,0.9238900542259216,0.1763213574886322
YHL019C,YMR137C,0,-7.2812033,0.3436885476112366,0.9238900542259216,0.17642706632614136
YBL078C,YJR045C,0,-7.2813435,0.34355345368385315,0.9238900542259216,0.1765327751636505
YNL031C,YMR021C,0,-7.2817044,0.3434184789657593,0.9238900542259216,0.17663848400115967
YJL008C,YJR046W,0,-7.2820487,0.34328359365463257,0.9238900542259216,0.17674419283866882
YIR005W,YBR293W,0,-7.282764,0.343148797750473,0.9238900542259216,0.17684990167617798
YMR072W,YKL208W,0,-7.283375,0.343014121055603,0.9238900542259216,0.17695559561252594
YOR063W,YPL193W,1,-7.283947,0.3432718813419342,0.9249471426010132,0.17695559561252594
YPR001W,YOL089C,0,-7.2845597,0.343137264251709,0.9249471426010132,0.1770613044500351
YLR320W,YDR213W,0,-7.284971,0.3430027365684509,0.9249471426010132,0.17716701328754425
YGL116W,YDL090C,0,-7.2857075,0.3428683280944824,0.9249471426010132,0.1772727221250534
YOR130C,YDR481C,0,-7.2857223,0.34273403882980347,0.9249471426010132,0.17737843096256256
YIL106W,YMR047C,0,-7.2857914,0.3425998389720917,0.9249471426010132,0.17748413980007172
YOR249C,YOR193W,0,-7.2867875,0.34246575832366943,0.9249471426010132,0.17758984863758087
YDR178W,YOR008C,0,-7.2871675,0.34233176708221436,0.9249471426010132,0.17769555747509003
YJR089W,YPL159C,0,-7.287376,0.34219789505004883,0.9249471426010132,0.17780126631259918
YDL106C,YMR218C,0,-7.2876697,0.34206411242485046,0.9249471426010132,0.17790697515010834
YBR201W,YOR130C,0,-7.287828,0.34193044900894165,0.9249471426010132,0.1780126839876175
YBL084C,YDR150W,0,-7.2881823,0.341796875,0.9249471426010132,0.17811839282512665
YNL094W,YOR380W,0,-7.288504,0.3416634202003479,0.9249471426010132,0.1782241016626358
YOR005C,YPL125W,0,-7.2891955,0.34153005480766296,0.9249471426010132,0.17832981050014496
YJR031C,YNL149C,0,-7.2892423,0.3413968086242676,0.9249471426010132,0.1784355193376541
YPL208W,YLR435W,0,-7.289336,0.34126365184783936,0.9249471426010132,0.17854122817516327
YGL001C,YFR024C,0,-7.290193,0.3411306142807007,0.9249471426010132,0.17864693701267242
YOR098C,YML088W,0,-7.290501,0.3409976661205292,0.9249471426010132,0.17875264585018158
YOR039W,YNL147W,0,-7.290563,0.3408648371696472,0.9249471426010132,0.17885835468769073
YLR314C,YDR017C,0,-7.290705,0.3407320976257324,0.9249471426010132,0.1789640635251999
YLR183C,YGR185C,0,-7.29081,0.3405994474887848,0.9249471426010132,0.17906977236270905
YIR033W,YHR020W,0,-7.2909317,0.3404669165611267,0.9249471426010132,0.1791754812002182
YJL008C,YCR037C,0,-7.2931175,0.3403345048427582,0.9249471426010132,0.17928119003772736
YPL082C,YOR083W,0,-7.293246,0.3402021825313568,0.9249471426010132,0.1793868988752365
YDL160C,YLR141W,0,-7.2935996,0.3400699496269226,0.9249471426010132,0.17949260771274567
YPL049C,YMR070W,0,-7.29374,0.33993783593177795,0.9249471426010132,0.17959830164909363
YFL041W,YBL005W-A,0,-7.2940936,0.33980581164360046,0.9249471426010132,0.17970401048660278
YOR362C,YIL138C,0,-7.294336,0.3396739065647125,0.9249471426010132,0.17980971932411194
YOR209C,YDL006W,0,-7.2949767,0.33954209089279175,0.9249471426010132,0.1799154281616211
YDR036C,YDR251W,0,-7.2953663,0.3394103944301605,0.9249471426010132,0.18002113699913025
YDL102W,YLR459W,0,-7.296592,0.33927878737449646,0.9249471426010132,0.1801268458366394
YKL041W,YCL033C,0,-7.2966704,0.33914729952812195,0.9249471426010132,0.18023255467414856
YBL019W,YBR065C,0,-7.297646,0.3390158712863922,0.9249471426010132,0.18033826351165771
YBR015C,YNL317W,0,-7.297811,0.3388845920562744,0.9249471426010132,0.18044397234916687
YPL149W,YDR435C,0,-7.297876,0.3387534022331238,0.9249471426010132,0.18054968118667603
YNL042W,YMR284W,0,-7.298743,0.3386223018169403,0.9249471426010132,0.18065539002418518
YKL055C,YDR435C,0,-7.299108,0.338491290807724,0.9249471426010132,0.18076109886169434
YKR036C,YIR010W,0,-7.29928,0.33836039900779724,0.9249471426010132,0.1808668076992035
YPR033C,YKR028W,0,-7.2995143,0.33822959661483765,0.9249471426010132,0.18097251653671265
YNL258C,YMR214W,0,-7.299884,0.3380989134311676,0.9249471426010132,0.1810782253742218
YER065C,YPL283C,0,-7.300061,0.3379683196544647,0.9249471426010132,0.18118393421173096
YLR242C,YPR112C,0,-7.3007264,0.3378378450870514,0.9249471426010132,0.1812896430492401
YNL118C,YML065W,0,-7.301286,0.3377074599266052,0.9249471426010132,0.18139535188674927
YNL032W,YLR005W,0,-7.301321,0.3375771641731262,0.9249471426010132,0.18150106072425842
YNL270C,YDR207C,0,-7.3016667,0.3374469578266144,0.9249471426010132,0.18160676956176758
YPR111W,YPL192C,0,-7.3019376,0.3373168706893921,0.9249471426010132,0.18171247839927673
YPR072W,YIR006C,0,-7.302649,0.33718690276145935,0.9249471426010132,0.1818181872367859
YNL161W,YCR053W,0,-7.3027754,0.3370570242404938,0.9249471426010132,0.18192389607429504
YER174C,YLR195C,0,-7.3028426,0.33692723512649536,0.9249471426010132,0.1820296049118042
YGL018C,YNL329C,0,-7.3030787,0.3367975354194641,0.9249471426010132,0.18213531374931335
YMR264W,YLR147C,0,-7.3032393,0.3366679549217224,0.9249471426010132,0.18224100768566132
YPL140C,YBR073W,0,-7.3032866,0.3365384638309479,0.9249471426010132,0.18234671652317047
YGL014W,YDR308C,0,-7.3035374,0.3364090621471405,0.9249471426010132,0.18245242536067963
YDR372C,YGR122W,0,-7.303545,0.3362797796726227,0.9249471426010132,0.18255813419818878
YBL106C,YDR346C,0,-7.3040066,0.336150586605072,0.9249471426010132,0.18266384303569794
YJL033W,YGL063W,0,-7.3040543,0.3360215127468109,0.9249471426010132,0.1827695518732071
YIR015W,YDR285W,0,-7.3056927,0.33589252829551697,0.9249471426010132,0.18287526071071625
YGR199W,YDR189W,0,-7.305858,0.3357636332511902,0.9249471426010132,0.1829809695482254
YDL064W,YNL046W,0,-7.305884,0.33563482761383057,0.9249471426010132,0.18308667838573456
YDR320C-A,YMR101C,0,-7.3066354,0.3355061411857605,0.9249471426010132,0.1831923872232437
YCR093W,YDR432W,0,-7.3066435,0.3353775441646576,0.9249471426010132,0.18329809606075287
YGR230W,YHR116W,0,-7.3066826,0.33524903655052185,0.9249471426010132,0.18340380489826202
YGR212W,YOR129C,0,-7.307486,0.33512064814567566,0.9249471426010132,0.18350951373577118
YNL293W,YPR055W,0,-7.3082056,0.33499234914779663,0.9249471426010132,0.18361522257328033
YOR063W,YML025C,1,-7.3082676,0.33524683117866516,0.9260042309761047,0.18361522257328033
YGR220C,YGR085C,1,-7.3084455,0.33550113439559937,0.9270613193511963,0.18361522257328033
YOR011W,YDL195W,0,-7.309961,0.33537283539772034,0.9270613193511963,0.1837209314107895
YNL231C,YDR276C,0,-7.3100653,0.33524465560913086,0.9270613193511963,0.18382664024829865
YKR066C,YJR074W,0,-7.311611,0.33511653542518616,0.9270613193511963,0.1839323490858078
YKL150W,YJL108C,0,-7.3142986,0.334988534450531,0.9270613193511963,0.18403805792331696
YBR136W,YGL255W,0,-7.314433,0.334860622882843,0.9270613193511963,0.1841437667608261
YOL016C,YGR163W,0,-7.3147597,0.3347328305244446,0.9270613193511963,0.18424947559833527
YDR188W,YNL302C,0,-7.315006,0.3346050977706909,0.9270613193511963,0.18435518443584442
YHL019C,YOL068C,0,-7.315094,0.3344774842262268,0.9270613193511963,0.18446089327335358
YOR301W,YHR099W,0,-7.315123,0.33434998989105225,0.9270613193511963,0.18456660211086273
YNL053W,YBL005W-A,0,-7.3154235,0.33422255516052246,0.9270613193511963,0.1846723109483719
YIR005W,YCR102C,0,-7.3161097,0.3340952396392822,0.9270613193511963,0.18477801978588104
YBR168W,YDR388W,0,-7.3161488,0.33396801352500916,0.9270613193511963,0.184883713722229
YNR023W,YLR410W,0,-7.3163466,0.33384087681770325,0.9270613193511963,0.18498942255973816
YHR027C,YJL156C,0,-7.316404,0.3337138593196869,0.9270613193511963,0.18509513139724731
YJR155W,YPL110C,0,-7.316704,0.3335869014263153,0.9270613193511963,0.18520084023475647
YNL172W,YGR276C,0,-7.3168025,0.3334600627422333,0.9270613193511963,0.18530654907226562
YIL112W,YDR160W,0,-7.3170967,0.3333333432674408,0.9270613193511963,0.18541225790977478
YJR140C,YDL042C,0,-7.3175693,0.3332066833972931,0.9270613193511963,0.18551796674728394
YOR206W,YLR212C,0,-7.3179364,0.33308014273643494,0.9270613193511963,0.1856236755847931
YJL170C,YEL002C,0,-7.3190417,0.33295369148254395,0.9270613193511963,0.18572938442230225
YHR031C,YNR023W,0,-7.3195558,0.3328273296356201,0.9270613193511963,0.1858350932598114
YJL115W,YDL036C,0,-7.3196282,0.33270105719566345,0.9270613193511963,0.18594080209732056
YMR119W,YIL010W,0,-7.3199058,0.33257490396499634,0.9270613193511963,0.1860465109348297
YKL038W,YPR054W,0,-7.3211246,0.332448810338974,0.9270613193511963,0.18615221977233887
YOL145C,YNL280C,0,-7.3212876,0.3323228359222412,0.9270613193511963,0.18625792860984802
YDR188W,YGL116W,0,-7.321289,0.332196980714798,0.9270613193511963,0.18636363744735718
YOR239W,YDL161W,0,-7.321996,0.3320711851119995,0.9270613193511963,0.18646934628486633
YBL061C,YML040W,0,-7.3224196,0.3319455087184906,0.9270613193511963,0.1865750551223755
YPL221W,YNR064C,0,-7.3230653,0.33181989192962646,0.9270613193511963,0.18668076395988464
YER073W,YDR346C,0,-7.3231153,0.3316943943500519,0.9270613193511963,0.1867864727973938
YPR164W,YGR276C,0,-7.3235645,0.33156898617744446,0.9270613193511963,0.18689218163490295
YAL058W,YDR385W,0,-7.324084,0.3314436972141266,0.9270613193511963,0.1869978904724121
YIL004C,YLL013C,0,-7.324738,0.3313184678554535,0.9270613193511963,0.18710359930992126
YLR304C,YGR258C,0,-7.3249836,0.33119335770606995,0.9270613193511963,0.18720930814743042
YOR380W,YJR104C,0,-7.3265815,0.33106833696365356,0.9270613193511963,0.18731501698493958
YOR335C,YML061C,0,-7.327062,0.33094340562820435,0.9270613193511963,0.18742072582244873
YPL262W,YIL082W-A,0,-7.327088,0.3308185636997223,0.9270613193511963,0.1875264197587967
YBR088C,YMR272C,0,-7.327765,0.3306938111782074,0.9270613193511963,0.18763212859630585
YOL108C,YMR283C,0,-7.3283753,0.33056917786598206,0.9270613193511963,0.187737837433815
YLR223C,YBR106W,0,-7.3284926,0.3304446041584015,0.9270613193511963,0.18784354627132416
YGL190C,YBL002W,0,-7.3286414,0.3303201496601105,0.9270613193511963,0.1879492551088333
YGR275W,YJL109C,0,-7.329388,0.3301957845687866,0.9270613193511963,0.18805496394634247
YLR242C,YBR129C,0,-7.3294106,0.33007150888442993,0.9270613193511963,0.18816067278385162
YDR153C,YKR097W,0,-7.330199,0.3299473226070404,0.9270613193511963,0.18826638162136078
YLR100W,YGR048W,0,-7.330604,0.32982325553894043,0.9270613193511963,0.18837209045886993
YNR072W,YPR191W,0,-7.3315706,0.32969924807548523,0.9270613193511963,0.1884777992963791
YMR231W,YDR202C,0,-7.3326545,0.3295753598213196,0.9270613193511963,0.18858350813388824
YHR175W,YMR026C,0,-7.33291,0.3294515311717987,0.9270613193511963,0.1886892169713974
YKL172W,YBL034C,0,-7.3333707,0.3293278217315674,0.9270613193511963,0.18879492580890656
YNL220W,YJL133W,0,-7.3334208,0.3292042016983032,0.9270613193511963,0.1889006346464157
YHR193C,YNR052C,0,-7.3338985,0.3290806710720062,0.9270613193511963,0.18900634348392487
YMR214W,YHR084W,0,-7.3339067,0.3289572298526764,0.9270613193511963,0.18911205232143402
YNL172W,YMR005W,0,-7.333965,0.3288339078426361,0.9270613193511963,0.18921776115894318
YBR060C,YDR238C,0,-7.335015,0.3287106454372406,0.9270613193511963,0.18932346999645233
YNL242W,YER020W,0,-7.3350453,0.32858747243881226,0.9270613193511963,0.1894291788339615
YNL270C,YOL044W,0,-7.3351417,0.32846441864967346,0.9270613193511963,0.18953488767147064
YLR016C,YDR082W,0,-7.336091,0.32834145426750183,0.9270613193511963,0.1896405965089798
YOR144C,YKL134C,0,-7.336938,0.328218549489975,0.9270613193511963,0.18974630534648895
YPL130W,YPL234C,0,-7.3373365,0.32809576392173767,0.9270613193511963,0.1898520141839981
YHR118C,YDR369C,0,-7.337462,0.32797306776046753,0.9270613193511963,0.18995772302150726
YIL009W,YDR397C,0,-7.338257,0.32785046100616455,0.9270613193511963,0.19006343185901642
YLR131C,YNL328C,0,-7.338365,0.32772794365882874,0.9270613193511963,0.19016912579536438
YNL298W,YDL006W,0,-7.339048,0.3276055157184601,0.9270613193511963,0.19027483463287354
YAL058W,YGR057C,0,-7.3392663,0.327483206987381,0.9270613193511963,0.1903805434703827
YLR098C,YKL134C,0,-7.339329,0.32736095786094666,0.9270613193511963,0.19048625230789185
YJL020C,YDL245C,0,-7.3395905,0.3272387981414795,0.9270613193511963,0.190591961145401
YMR112C,YDR227W,0,-7.340176,0.3271167576313019,0.9270613193511963,0.19069766998291016
YNR002C,YOR362C,0,-7.3411746,0.32699477672576904,0.9270613193511963,0.1908033788204193
YBR245C,YOR290C,0,-7.341661,0.32687291502952576,0.9270613193511963,0.19090908765792847
YIR041W,YOR035C,0,-7.3421125,0.32675111293792725,0.9270613193511963,0.19101479649543762
YLL043W,YLR410W,0,-7.342499,0.3266294300556183,0.9270613193511963,0.19112050533294678
YDL217C,YBR058C-A,0,-7.3429604,0.3265078067779541,0.9270613193511963,0.19122621417045593
YBR233W-A,YLR067C,0,-7.34303,0.32638630270957947,0.9270613193511963,0.1913319230079651
YHR175W,YOR003W,0,-7.3453307,0.326264888048172,0.9270613193511963,0.19143763184547424
YDR181C,YOR172W,0,-7.3459373,0.3261435329914093,0.9270613193511963,0.1915433406829834
YGR218W,YGR063C,0,-7.3462377,0.32602229714393616,0.9270613193511963,0.19164904952049255
YNL118C,YBL003C,0,-7.34631,0.3259011507034302,0.9270613193511963,0.1917547583580017
YLR397C,YML099C,0,-7.346338,0.32578009366989136,0.9270613193511963,0.19186046719551086
YPR131C,YNL099C,0,-7.3471613,0.3256591260433197,0.9270613193511963,0.19196617603302002
YMR164C,YHR074W,0,-7.3476114,0.3255382478237152,0.9270613193511963,0.19207188487052917
YLR391W,YIR026C,0,-7.347772,0.3254174292087555,0.9270613193511963,0.19217759370803833
YMR052W,YJR144W,0,-7.3491917,0.3252967298030853,0.9270613193511963,0.19228330254554749
YLR353W,YNL068C,0,-7.3497076,0.3251761198043823,0.9270613193511963,0.19238901138305664
YPR082C,YHR118C,0,-7.3503637,0.3250555992126465,0.9270613193511963,0.1924947202205658
YLR205C,YML039W,0,-7.351029,0.3249351680278778,0.9270613193511963,0.19260042905807495
YPL241C,YGL115W,0,-7.351735,0.3248148262500763,0.9270613193511963,0.1927061378955841
YDL083C,YNL131W,0,-7.35204,0.32469454407691956,0.9270613193511963,0.19281184673309326
YOR373W,YOL110W,0,-7.3530993,0.32457438111305237,0.9270613193511963,0.19291754066944122
YBL047C,YDR244W,0,-7.3533645,0.32445430755615234,0.9270613193511963,0.19302324950695038
YHL048W,YNL258C,0,-7.353994,0.3243343234062195,0.9270613193511963,0.19312895834445953
YOR026W,YEL037C,0,-7.355027,0.3242144286632538,0.9270613193511963,0.1932346671819687
YHR015W,YNL202W,0,-7.3552694,0.32409459352493286,0.9270613193511963,0.19334037601947784
YHR186C,YML010W,0,-7.3565125,0.3239748775959015,0.9270613193511963,0.193446084856987
YOR380W,YOR290C,0,-7.358127,0.3238552510738373,0.9270613193511963,0.19355179369449615
YGR220C,YLR022C,1,-7.3594403,0.32410484552383423,0.9281184077262878,0.19355179369449615
YGR220C,YPL131W,1,-7.3594756,0.32435423135757446,0.9291754961013794,0.19355179369449615
YOR035C,YBR012W-A,0,-7.359622,0.32423460483551025,0.9291754961013794,0.1936575025320053
YMR072W,YLR268W,0,-7.36002,0.3241150379180908,0.9291754961013794,0.19376321136951447
YPL121C,YGR258C,0,-7.3600335,0.32399559020996094,0.9291754961013794,0.19386892020702362
YGR220C,YPL211W,1,-7.360226,0.3242446482181549,0.930232584476471,0.19386892020702362
YBR029C,YPL098C,0,-7.360245,0.3241252303123474,0.930232584476471,0.19397462904453278
YDR093W,YDR404C,0,-7.360656,0.3240059018135071,0.930232584476471,0.19408033788204193
YOL112W,YOR008C,0,-7.361002,0.3238866329193115,0.930232584476471,0.1941860467195511
YHR030C,YKL035W,0,-7.3613524,0.3237674832344055,0.930232584476471,0.19429175555706024
YCR084C,YGR211W,0,-7.3619866,0.3236483931541443,0.930232584476471,0.1943974643945694
YLR242C,YLR160C,0,-7.3620057,0.3235294222831726,0.930232584476471,0.19450317323207855
YOL054W,YCR058C,0,-7.362373,0.3234105110168457,0.930232584476471,0.1946088820695877
YPL152W,YNL257C,0,-7.362658,0.32329168915748596,0.930232584476471,0.19471459090709686
YOR011W,YPR032W,0,-7.362692,0.3231729567050934,0.930232584476471,0.19482029974460602
YDL101C,YBR275C,0,-7.3632016,0.32305434346199036,0.930232584476471,0.19492600858211517
YKL093W,YIL073C,0,-7.3632474,0.3229357898235321,0.930232584476471,0.19503171741962433
YOR377W,YJR040W,0,-7.363333,0.322817325592041,0.930232584476471,0.19513742625713348
YOR076C,YLR240W,0,-7.3634925,0.3226989507675171,0.930232584476471,0.19524313509464264
YNL317W,YGL167C,0,-7.3637214,0.32258063554763794,0.930232584476471,0.1953488439321518
YGL247W,YCR020W-B,0,-7.3641343,0.32246243953704834,0.930232584476471,0.19545455276966095
YDL212W,YPL128C,0,-7.3662915,0.3223443329334259,0.930232584476471,0.1955602467060089
YER133W,YJL166W,0,-7.366833,0.32222628593444824,0.930232584476471,0.19566595554351807
YLR097C,YOR338W,0,-7.3670754,0.32210835814476013,0.930232584476471,0.19577166438102722
YDR270W,YIL048W,0,-7.3675594,0.3219904899597168,0.930232584476471,0.19587737321853638
YLR007W,YDR126W,0,-7.3675895,0.3218727111816406,0.930232584476471,0.19598308205604553
YER028C,YOR049C,0,-7.3676558,0.3217550218105316,0.930232584476471,0.1960887908935547
YGR246C,YGL013C,0,-7.3677115,0.32163742184638977,0.930232584476471,0.19619449973106384
YDL225W,YOR088W,0,-7.3677516,0.3215199112892151,0.930232584476471,0.196300208568573
YDR200C,YIL080W,0,-7.368217,0.32140249013900757,0.930232584476471,0.19640591740608215
YCR107W,YJL018W,0,-7.3687205,0.3212851285934448,0.930232584476471,0.1965116262435913
YMR150C,YNR048W,0,-7.368998,0.32116788625717163,0.930232584476471,0.19661733508110046
YJL060W,YKL070W,0,-7.369821,0.3210507035255432,0.930232584476471,0.19672304391860962
YMR076C,YIL147C,0,-7.370011,0.32093361020088196,0.930232584476471,0.19682875275611877
YDL145C,YPL253C,0,-7.370036,0.32081663608551025,0.930232584476471,0.19693446159362793
YPL048W,YPR052C,0,-7.3711414,0.3206997215747833,0.930232584476471,0.19704017043113708
YIL048W,YLR346C,0,-7.37201,0.32058286666870117,0.930232584476471,0.19714587926864624
YBR278W,YMR298W,0,-7.3727717,0.32046613097190857,0.930232584476471,0.1972515881061554
YLL043W,YOR172W,0,-7.3733845,0.32034948468208313,0.930232584476471,0.19735729694366455
YJR064W,YPL016W,0,-7.373866,0.32023289799690247,0.930232584476471,0.1974630057811737
YIL072W,YJR010C-A,0,-7.3742213,0.32011640071868896,0.930232584476471,0.19756871461868286
YJL008C,YKL195W,0,-7.3753066,0.3199999928474426,0.930232584476471,0.19767442345619202
YDR142C,YBR276C,0,-7.375481,0.31988367438316345,0.930232584476471,0.19778013229370117
YNR008W,YDR409W,0,-7.376237,0.31976744532585144,0.930232584476471,0.19788584113121033
YMR044W,YNL312W,0,-7.377316,0.3196512758731842,0.930232584476471,0.19799154996871948
YJL111W,YNR026C,0,-7.379097,0.3195352256298065,0.930232584476471,0.19809725880622864
YKR095W,YDR289C,0,-7.379169,0.3194192349910736,0.930232584476471,0.1982029527425766
YAL012W,YER117W,0,-7.3794627,0.31930333375930786,0.930232584476471,0.19830866158008575
YLR100W,YKR003W,0,-7.379475,0.3191875219345093,0.930232584476471,0.1984143704175949
YMR199W,YNL026W,0,-7.379544,0.31907179951667786,0.930232584476471,0.19852007925510406
YPR164W,YCR014C,0,-7.3803515,0.3189561367034912,0.930232584476471,0.19862578809261322
YDR320C-A,YHR006W,0,-7.380458,0.3188405930995941,0.930232584476471,0.19873149693012238
YKL190W,YBR058C-A,0,-7.380506,0.3187251091003418,0.930232584476471,0.19883720576763153
YOR133W,YBR058C,0,-7.381006,0.31860971450805664,0.930232584476471,0.19894291460514069
YHR036W,YDR473C,0,-7.3814836,0.31849437952041626,0.930232584476471,0.19904862344264984
YJR158W,YCR073W-A,0,-7.382019,0.31837916374206543,0.930232584476471,0.199154332280159
YKL179C,YAR033W,0,-7.3827944,0.3182640075683594,0.930232584476471,0.19926004111766815
YLR100W,YMR150C,0,-7.383531,0.3181489408016205,0.930232584476471,0.1993657499551773
YHR188C,YLR134W,0,-7.3838773,0.31803396344184875,0.930232584476471,0.19947145879268646
YCL012W,YEL034W,0,-7.384248,0.3179190754890442,0.930232584476471,0.19957716763019562
YFR002W,YBL106C,0,-7.3844743,0.3178042471408844,0.930232584476471,0.19968287646770477
YDL083C,YDR400W,0,-7.385343,0.31768953800201416,0.930232584476471,0.19978858530521393
YDL102W,YGL063W,0,-7.3861957,0.3175748884677887,0.930232584476471,0.19989429414272308
YHL048W,YOR256C,0,-7.3868613,0.3174603283405304,0.930232584476471,0.20000000298023224
YHL031C,YOR157C,0,-7.386901,0.31734582781791687,0.930232584476471,0.2001057118177414
YBL008W,YER001W,0,-7.3871155,0.3172314465045929,0.930232584476471,0.20021142065525055
YAL012W,YJR040W,0,-7.3874364,0.3171171247959137,0.930232584476471,0.2003171294927597
YIR006C,YAR010C,0,-7.389193,0.31700289249420166,0.930232584476471,0.20042283833026886
YJR017C,YNL267W,0,-7.390433,0.3168887197971344,0.930232584476471,0.20052854716777802
YPL048W,YKL196C,0,-7.391368,0.3167746663093567,0.930232584476471,0.20063425600528717
YDL002C,YLR026C,0,-7.3916364,0.31666067242622375,0.930232584476471,0.20073996484279633
YGR220C,YLR448W,1,-7.392035,0.31690648198127747,0.9312896132469177,0.20073996484279633
YLR098C,YMR053C,0,-7.392594,0.3167925179004669,0.9312896132469177,0.2008456587791443
YER051W,YIL031W,0,-7.393008,0.31667864322662354,0.9312896132469177,0.20095136761665344
YJR150C,YKL035W,0,-7.3931003,0.3165648579597473,0.9312896132469177,0.2010570764541626
YER155C,YLR010C,0,-7.3932757,0.31645116209983826,0.9312896132469177,0.20116278529167175
YBR175W,YDR167W,0,-7.3933616,0.316337525844574,0.9312896132469177,0.2012684941291809
YLR370C,YBR193C,0,-7.3941417,0.31622397899627686,0.9312896132469177,0.20137420296669006
YNL094W,YDR148C,0,-7.394386,0.3161105215549469,0.9312896132469177,0.20147991180419922
YOL051W,YFL004W,0,-7.3962855,0.3159971237182617,0.9312896132469177,0.20158562064170837
YGR010W,YLR208W,0,-7.3963485,0.3158838152885437,0.9312896132469177,0.20169132947921753
YNL220W,YCL074W,0,-7.3964763,0.31577059626579285,0.9312896132469177,0.20179703831672668
YGL245W,YGL151W,0,-7.398822,0.31565746665000916,0.9312896132469177,0.20190274715423584
YOR210W,YOL005C,0,-7.3994074,0.3155444264411926,0.9312896132469177,0.202008455991745
YEL018W,YGR169C,0,-7.3995843,0.3154314458370209,0.9312896132469177,0.20211416482925415
YLR295C,YBR199W,0,-7.4009557,0.3153185248374939,0.9312896132469177,0.2022198736667633
YOR249C,YNL318C,0,-7.401021,0.31520572304725647,0.9312896132469177,0.20232558250427246
YDR478W,YNL154C,0,-7.4011793,0.3150929808616638,0.9312896132469177,0.20243129134178162
YJL146W,YDR103W,0,-7.401242,0.31498032808303833,0.9312896132469177,0.20253700017929077
YNL055C,YFL002W-A,0,-7.401383,0.31486776471138,0.9312896132469177,0.20264270901679993
YGR220C,YDR091C,1,-7.401668,0.31511253118515015,0.9323467016220093,0.20264270901679993
YDR243C,YDR404C,0,-7.402,0.3149999976158142,0.9323467016220093,0.20274841785430908
YDL137W,YBL006C,0,-7.4024134,0.31488755345344543,0.9323467016220093,0.20285412669181824
YOR046C,YDR409W,0,-7.4037857,0.31477516889572144,0.9323467016220093,0.2029598355293274
YPR025C,YMR240C,0,-7.403911,0.3146628737449646,0.9323467016220093,0.20306554436683655
YNR001C,YJR127C,0,-7.404034,0.31455063819885254,0.9323467016220093,0.2031712532043457
YMR198W,YDR146C,0,-7.4046164,0.31443849205970764,0.9323467016220093,0.20327696204185486
YNL041C,YNL026W,0,-7.405365,0.3143264353275299,0.9323467016220093,0.203382670879364
YMR014W,YMR288W,0,-7.405734,0.31421446800231934,0.9323467016220093,0.20348836481571198
YLR401C,YPR052C,0,-7.405786,0.31410256028175354,0.9323467016220093,0.20359407365322113
YOR321W,YOR087W,0,-7.4065294,0.3139907419681549,0.9323467016220093,0.20369978249073029
YNL188W,YDR404C,0,-7.4066505,0.31387901306152344,0.9323467016220093,0.20380549132823944
YPR005C,YKL117W,0,-7.4074264,0.31376734375953674,0.9323467016220093,0.2039112001657486
YKL054C,YFL024C,0,-7.407657,0.3136557638645172,0.9323467016220093,0.20401690900325775
YLR086W,YCR084C,0,-7.407862,0.31354427337646484,0.9323467016220093,0.2041226178407669
YBR009C,YDR190C,0,-7.408821,0.31343284249305725,0.9323467016220093,0.20422832667827606
YJR091C,YGR144W,0,-7.4090877,0.3133215010166168,0.9323467016220093,0.20433403551578522
YGR024C,YGL249W,0,-7.409352,0.31321021914482117,0.9323467016220093,0.20443974435329437
YOL101C,YBR012W-B,0,-7.409363,0.3130990266799927,0.9323467016220093,0.20454545319080353
YKL190W,YHR012W,0,-7.4107003,0.31298792362213135,0.9323467016220093,0.20465116202831268
YJL094C,YKR089C,0,-7.410702,0.3128769099712372,0.9323467016220093,0.20475687086582184
YPL155C,YAR002W,0,-7.413491,0.3127659559249878,0.9323467016220093,0.204862579703331
YHR096C,YDR129C,0,-7.414164,0.31265509128570557,0.9323467016220093,0.20496828854084015
YOL026C,YDR382W,0,-7.414187,0.3125442862510681,0.9323467016220093,0.2050739973783493
YER106W,YDR126W,0,-7.4144607,0.3124335706233978,0.9323467016220093,0.20517970621585846
YPR070W,YJL035C,0,-7.4146023,0.3123229444026947,0.9323467016220093,0.20528541505336761
YNL085W,YDL232W,0,-7.415007,0.31221237778663635,0.9323467016220093,0.20539112389087677
YJR076C,YCR093W,0,-7.415073,0.31210190057754517,0.9323467016220093,0.20549683272838593
YCL055W,YFL003C,0,-7.4179807,0.31199151277542114,0.9323467016220093,0.20560254156589508
YJR022W,YJL166W,0,-7.4181437,0.3118811845779419,0.9323467016220093,0.20570825040340424
YJL204C,YGR047C,0,-7.4186025,0.3117709457874298,0.9323467016220093,0.2058139592409134
YOR245C,YLR219W,0,-7.4191356,0.3116607666015625,0.9323467016220093,0.20591966807842255
YJL104W,YLR272C,0,-7.419594,0.31155067682266235,0.9323467016220093,0.2060253769159317
YGR104C,YDL080C,0,-7.4198527,0.31144067645072937,0.9323467016220093,0.20613107085227966
YGR262C,YKL008C,0,-7.421021,0.31133073568344116,0.9323467016220093,0.20623677968978882
YMR184W,YNL311C,0,-7.422366,0.3112208843231201,0.9323467016220093,0.20634248852729797
YJL026W,YDR453C,0,-7.422562,0.31111112236976624,0.9323467016220093,0.20644819736480713
YKR038C,YLR005W,0,-7.42272,0.31100142002105713,0.9323467016220093,0.20655390620231628
YML058W-A,YJR158W,0,-7.4227653,0.3108917772769928,0.9323467016220093,0.20665961503982544
YDR518W,YGR063C,0,-7.423151,0.310782253742218,0.9323467016220093,0.2067653238773346
YPL221W,YNL009W,0,-7.4231625,0.3106727600097656,0.9323467016220093,0.20687103271484375
YBR245C,YLR033W,0,-7.4237795,0.3105633854866028,0.9323467016220093,0.2069767415523529
YDL004W,YCL060C,0,-7.4252934,0.3104540705680847,0.9323467016220093,0.20708245038986206
YGR261C,YMR240C,0,-7.426287,0.3103448152542114,0.9323467016220093,0.20718815922737122
YDR005C,YLR240W,0,-7.4263697,0.3102356791496277,0.9323467016220093,0.20729386806488037
YLR346C,YPL206C,0,-7.426459,0.31012657284736633,0.9323467016220093,0.20739957690238953
YDR296W,YKR002W,0,-7.427183,0.31001758575439453,0.9323467016220093,0.20750528573989868
YEL066W,YMR225C,0,-7.427213,0.3099086582660675,0.9323467016220093,0.20761099457740784
YNL219C,YML127W,0,-7.427303,0.30979979038238525,0.9323467016220093,0.207716703414917
YIL040W,YPR182W,0,-7.4274116,0.30969101190567017,0.9323467016220093,0.20782241225242615
YOR023C,YCL026C-A,0,-7.4276624,0.30958232283592224,0.9323467016220093,0.2079281210899353
YMR235C,YOR083W,0,-7.427772,0.3094736933708191,0.9323467016220093,0.20803382992744446
YNL326C,YJL069C,0,-7.4282317,0.3093651235103607,0.9323467016220093,0.2081395387649536
YOR362C,YLL056C,0,-7.4283986,0.3092566728591919,0.9323467016220093,0.20824524760246277
YLR380W,YER183C,0,-7.428818,0.30914825201034546,0.9323467016220093,0.20835095643997192
YCR082W,YGR059W,0,-7.429194,0.3090399503707886,0.9323467016220093,0.20845666527748108
YEL061C,YEL034W,0,-7.4292603,0.30893170833587646,0.9323467016220093,0.20856237411499023
YMR033W,YER114C,0,-7.4296985,0.30882352590560913,0.9323467016220093,0.2086680829524994
YER016W,YOR294W,0,-7.429849,0.30871543288230896,0.9323467016220093,0.20877379179000854
YNL166C,YML088W,0,-7.430219,0.30860742926597595,0.9323467016220093,0.2088794857263565
YKL022C,YHR139C,0,-7.4302864,0.3084994852542877,0.9323467016220093,0.20898519456386566
YLR114C,YPL096C-A,0,-7.4314985,0.30839160084724426,0.9323467016220093,0.20909090340137482
YGR216C,YML059C,0,-7.431627,0.30828380584716797,0.9323467016220093,0.20919661223888397
YCR009C,YPR181C,0,-7.432114,0.30817610025405884,0.9323467016220093,0.20930232107639313
YNL004W,YLR010C,0,-7.433838,0.3080684542655945,0.9323467016220093,0.20940802991390228
YGL005C,YOR162C,0,-7.4343104,0.3079608976840973,0.9323467016220093,0.20951373875141144
YIR013C,YDR416W,0,-7.434587,0.3078534007072449,0.9323467016220093,0.2096194475889206
YNR072W,YHR194W,0,-7.4350085,0.3077459931373596,0.9323467016220093,0.20972515642642975
YGR113W,YLR138W,0,-7.4351244,0.30763864517211914,0.9323467016220093,0.2098308652639389
YDR123C,YFR002W,0,-7.4351535,0.3075313866138458,0.9323467016220093,0.20993657410144806
YBR009C,YDR165W,0,-7.4352317,0.3074241876602173,0.9323467016220093,0.21004228293895721
YPR017C,YBR245C,0,-7.4352946,0.3073170781135559,0.9323467016220093,0.21014799177646637
YIL004C,YHR158C,0,-7.435371,0.3072100281715393,0.9323467016220093,0.21025370061397552
YFL011W-A,YOR076C,0,-7.435522,0.30710306763648987,0.9323467016220093,0.21035940945148468
YJL190C,YOR179C,0,-7.436112,0.3069961667060852,0.9323467016220093,0.21046511828899384
YEL066W,YIL063C,0,-7.436137,0.3068893551826477,0.9323467016220093,0.210570827126503
YDR173C,YIR037W,0,-7.4365973,0.306782603263855,0.9323467016220093,0.21067653596401215
YHR107C,YBR042C,0,-7.4372625,0.3066759407520294,0.9323467016220093,0.2107822448015213
YBR037C,YHL006C,0,-7.4381814,0.30656933784484863,0.9323467016220093,0.21088795363903046
YPL268W,YOR367W,0,-7.438335,0.306462824344635,0.9323467016220093,0.2109936624765396
YNL065W,YKR095W-A,0,-7.43893,0.30635637044906616,0.9323467016220093,0.21109937131404877
YMR308C,YKL028W,0,-7.4392805,0.3062500059604645,0.9323467016220093,0.21120508015155792
YAL042W,YOR157C,0,-7.4394426,0.30614370107650757,0.9323467016220093,0.21131078898906708
YMR069W,YDR359C,0,-7.439478,0.3060374855995178,0.9323467016220093,0.21141649782657623
YAL024C,YDL040C,0,-7.439615,0.30593132972717285,0.9323467016220093,0.2115221917629242
YOR005C,YKL203C,0,-7.439706,0.30582523345947266,0.9323467016220093,0.21162790060043335
YLR329W,YFR052W,0,-7.4398303,0.3057192265987396,0.9323467016220093,0.2117336094379425
YBR059C,YIL051C,0,-7.439939,0.30561330914497375,0.9323467016220093,0.21183931827545166
YGR119C,YDR545W,0,-7.439964,0.30550745129585266,0.9323467016220093,0.21194502711296082
YAL058W,YIL128W,0,-7.4401917,0.30540165305137634,0.9323467016220093,0.21205073595046997
YMR270C,YNL229C,0,-7.440284,0.3052959442138672,0.9323467016220093,0.21215644478797913
YCR020W-B,YPL244C,0,-7.4404054,0.3051903247833252,0.9323467016220093,0.21226215362548828
YMR096W,YHL009C,0,-7.4412174,0.3050847351551056,0.9323467016220093,0.21236786246299744
YDL022W,YCL020W,0,-7.441906,0.30497926473617554,0.9323467016220093,0.2124735713005066
YIL095W,YDR013W,0,-7.442823,0.30487382411956787,0.9323467016220093,0.21257928013801575
YLR191W,YML049C,0,-7.443218,0.30476847290992737,0.9323467016220093,0.2126849889755249
YNL280C,YDR398W,0,-7.443492,0.30466321110725403,0.9323467016220093,0.21279069781303406
YBR103W,YKL088W,0,-7.443794,0.30455800890922546,0.9323467016220093,0.2128964066505432
YJL115W,YPR103W,0,-7.4443555,0.30445289611816406,0.9323467016220093,0.21300211548805237
YNL037C,YJL093C,0,-7.4450707,0.30434781312942505,0.9323467016220093,0.21310782432556152
YGL006W,YGL207W,0,-7.445356,0.3042428493499756,0.9323467016220093,0.21321353316307068
YJL166W,YER095W,0,-7.4455137,0.3041379451751709,0.9323467016220093,0.21331924200057983
YNL007C,YER074W-A,0,-7.445732,0.304033100605011,0.9323467016220093,0.213424950838089
YBR022W,YDR065W,0,-7.4459977,0.30392831563949585,0.9323467016220093,0.21353065967559814
YMR073C,YJL072C,0,-7.4464307,0.3038236200809479,0.9323467016220093,0.2136363685131073
YDR244W,YOL034W,0,-7.4471917,0.30371901392936707,0.9323467016220093,0.21374207735061646
YDL088C,YNL113W,0,-7.4475904,0.30361446738243103,0.9323467016220093,0.2138477861881256
YJL092W,YOR217W,0,-7.447675,0.30350998044013977,0.9323467016220093,0.21395349502563477
YMR164C,YDL225W,0,-7.4477816,0.3034055829048157,0.9323467016220093,0.21405920386314392
YML034W,YDR057W,0,-7.4479146,0.30330124497413635,0.9323467016220093,0.21416489779949188
YER114C,YKL018W,0,-7.44817,0.3031969666481018,0.9323467016220093,0.21427060663700104
YLL043W,YGL122C,0,-7.448313,0.3030927777290344,0.9323467016220093,0.2143763154745102
YJL090C,YGR099W,0,-7.448538,0.3029886782169342,0.9323467016220093,0.21448202431201935
YML031W,YKR022C,0,-7.448623,0.30288460850715637,0.9323467016220093,0.2145877331495285
YNL251C,YLR006C,0,-7.4493556,0.3027806282043457,0.9323467016220093,0.21469344198703766
YGL063W,YAR042W,0,-7.449747,0.3026767373085022,0.9323467016220093,0.21479915082454681
YHR165C,YBR037C,0,-7.451328,0.30257290601730347,0.9323467016220093,0.21490485966205597
YER065C,YBL006C,0,-7.45264,0.3024691343307495,0.9323467016220093,0.21501056849956512
YNL116W,YDR191W,0,-7.453451,0.3023654520511627,0.9323467016220093,0.21511627733707428
YHR091C,YPR191W,0,-7.453624,0.3022618293762207,0.9323467016220093,0.21522198617458344
YGL238W,YNL145W,0,-7.4540153,0.30215826630592346,0.9323467016220093,0.2153276950120926
YNL172W,YLR410W,0,-7.454088,0.3020547926425934,0.9323467016220093,0.21543340384960175
YLR193C,YCR061W,0,-7.4544435,0.3019513785839081,0.9323467016220093,0.2155391126871109
YOL004W,YDR201W,0,-7.455779,0.30184805393218994,0.9323467016220093,0.21564482152462006
YNL053W,YJR127C,0,-7.4559655,0.3017447888851166,0.9323467016220093,0.2157505303621292
YER051W,YMR013C,0,-7.4567437,0.301641583442688,0.9323467016220093,0.21585623919963837
YNL068C,YGL244W,0,-7.4568152,0.30153846740722656,0.9323467016220093,0.21596194803714752
YPR135W,YLR298C,0,-7.457523,0.3014354109764099,0.9323467016220093,0.21606765687465668
YPR008W,YNL117W,0,-7.4581227,0.30133241415023804,0.9323467016220093,0.21617336571216583
YBR029C,YHR020W,0,-7.458218,0.3012295067310333,0.9323467016220093,0.216279074549675
YOR140W,YHR041C,0,-7.4582534,0.3011266589164734,0.9323467016220093,0.21638478338718414
YCL003W,YBL103C,0,-7.458268,0.3010239005088806,0.9323467016220093,0.2164904922246933
YIR004W,YJL156C,0,-7.458405,0.3009212017059326,0.9323467016220093,0.21659620106220245
YIL044C,YDR211W,0,-7.458525,0.3008185625076294,0.9323467016220093,0.2167019098997116
YMR276W,YER053C,0,-7.4588027,0.30071598291397095,0.9323467016220093,0.21680760383605957
YBR160W,YER133W,0,-7.4591603,0.30061349272727966,0.9323467016220093,0.21691331267356873
YEL066W,YDL190C,0,-7.4592795,0.30051106214523315,0.9323467016220093,0.21701902151107788
YBR196C,YCR062W,0,-7.45943,0.3004087209701538,0.9323467016220093,0.21712473034858704
YHR204W,YDR341C,0,-7.4599156,0.30030643939971924,0.9323467016220093,0.2172304391860962
YLR295C,YPL096W,0,-7.460094,0.30020421743392944,0.9323467016220093,0.21733614802360535
YJL090C,YOR371C,0,-7.461443,0.3001020848751068,0.9323467016220093,0.2174418568611145
YDL099W,YPR068C,0,-7.4614563,0.30000001192092896,0.9323467016220093,0.21754756569862366
YER177W,YBL032W,0,-7.4627004,0.2998979985713959,0.9323467016220093,0.2176532745361328
YBR202W,YOL045W,0,-7.4631734,0.29979604482650757,0.9323467016220093,0.21775898337364197
YMR039C,YML088W,0,-7.4634204,0.2996941804885864,0.9323467016220093,0.21786469221115112
YDR461W,YBR283C,0,-7.46382,0.29959240555763245,0.9323467016220093,0.21797040104866028
YPL177C,YML045W,0,-7.4638767,0.29949066042900085,0.9323467016220093,0.21807610988616943
YLR431C,YDR320C,0,-7.464232,0.2993890047073364,0.9323467016220093,0.2181818187236786
YNL003C,YMR156C,0,-7.4643126,0.2992874085903168,0.9323467016220093,0.21828752756118774
YJL134W,YDL109C,0,-7.46436,0.2991859018802643,0.9323467016220093,0.2183932363986969
YER142C,YLL003W,0,-7.466256,0.2990844249725342,0.9323467016220093,0.21849894523620605
YHR142W,YER089C,0,-7.466258,0.29898303747177124,0.9323467016220093,0.2186046540737152
YIR025W,YJL018W,0,-7.4664025,0.29888173937797546,0.9323467016220093,0.21871036291122437
YPR002W,YHR074W,0,-7.4664307,0.29878050088882446,0.9323467016220093,0.21881607174873352
YCR098C,YPL283C,0,-7.4664516,0.29867932200431824,0.9323467016220093,0.21892178058624268
YBL008W,YOR085W,0,-7.467088,0.2985782027244568,0.9323467016220093,0.21902748942375183
YCR067C,YLR066W,0,-7.4675727,0.2984771430492401,0.9323467016220093,0.219133198261261
YGR256W,YBR012W-A,0,-7.4680552,0.2983761727809906,0.9323467016220093,0.21923890709877014
YDR320C-A,YNL309W,0,-7.4680796,0.29827529191970825,0.9323467016220093,0.2193446159362793
YBR202W,YJL025W,0,-7.468588,0.2981744408607483,0.9323467016220093,0.21945030987262726
YJL085W,YMR188C,0,-7.469401,0.2980736792087555,0.9323467016220093,0.2195560187101364
YCR020W-B,YOR048C,0,-7.469619,0.29797297716140747,0.9323467016220093,0.21966172754764557
YLR391W,YAL058W,0,-7.4709277,0.2978723347187042,0.9323467016220093,0.21976743638515472
YFR002W,YCL005W-A,0,-7.471202,0.29777178168296814,0.9323467016220093,0.21987314522266388
YFL011W-A,YAR042W,0,-7.471253,0.29767128825187683,0.9323467016220093,0.21997885406017303
YGR097W,YNL239W,0,-7.4713397,0.2975708544254303,0.9323467016220093,0.2200845628976822
YDL132W,YMR281W,0,-7.4717364,0.29747048020362854,0.9323467016220093,0.22019027173519135
YGR036C,YER110C,0,-7.471995,0.29737019538879395,0.9323467016220093,0.2202959805727005
YMR001C,YER149C,0,-7.4721437,0.2972699701786041,0.9323467016220093,0.22040168941020966
YAL030W,YBR284W,0,-7.472527,0.2971698045730591,0.9323467016220093,0.2205073982477188
YKL053C-A,YHR079C-B,0,-7.4743786,0.2970697283744812,0.9323467016220093,0.22061310708522797
YGL192W,YDL038C,0,-7.4744673,0.2969697117805481,0.9323467016220093,0.22071881592273712
YBR102C,YLR026C,0,-7.474509,0.29686975479125977,0.9323467016220093,0.22082452476024628
YDR153C,YJR140C,0,-7.474811,0.2967698574066162,0.9323467016220093,0.22093023359775543
YKL054C,YKL170W,0,-7.4758663,0.29667001962661743,0.9323467016220093,0.2210359424352646
YLR059C,YJL148W,0,-7.4764266,0.2965702712535858,0.9323467016220093,0.22114165127277374
YMR054W,YPL032C,0,-7.4773383,0.296470582485199,0.9323467016220093,0.2212473601102829
YNL223W,YJR050W,0,-7.478308,0.2963709533214569,0.9323467016220093,0.22135306894779205
YBR211C,YPL270W,0,-7.478329,0.296271413564682,0.9323467016220093,0.2214587777853012
YDR518W,YCR044C,0,-7.4788775,0.2961719334125519,0.9323467016220093,0.22156448662281036
YBR145W,YOR003W,0,-7.4790154,0.29607251286506653,0.9323467016220093,0.22167019546031952
YBR042C,YGL039W,0,-7.47985,0.29597315192222595,0.9323467016220093,0.22177590429782867
YBR289W,YLL024C,0,-7.479902,0.29587388038635254,0.9323467016220093,0.22188161313533783
YDL017W,YCL032W,0,-7.4799085,0.2957746386528015,0.9323467016220093,0.22198732197284698
YER155C,YGR270W,0,-7.4803476,0.29567548632621765,0.9323467016220093,0.22209301590919495
YBL055C,YGR122W,0,-7.4803863,0.29557639360427856,0.9323467016220093,0.2221987247467041
YPR082C,YMR167W,0,-7.480855,0.29547739028930664,0.9323467016220093,0.22230443358421326
YLR107W,YDR160W,0,-7.4809213,0.2953784465789795,0.9323467016220093,0.2224101424217224
YOL156W,YPR198W,0,-7.4820595,0.29527953267097473,0.9323467016220093,0.22251585125923157
YCL016C,YNR026C,0,-7.482733,0.29518070816993713,0.9323467016220093,0.22262156009674072
YAL003W,YGR275W,0,-7.484285,0.2950819730758667,0.9323467016220093,0.22272726893424988
YIL106W,YDR081C,0,-7.4844084,0.29498326778411865,0.9323467016220093,0.22283297777175903
YNL059C,YMR167W,0,-7.4846334,0.29488465189933777,0.9323467016220093,0.2229386866092682
YFL023W,YHR024C,0,-7.4853044,0.29478609561920166,0.9323467016220093,0.22304439544677734
YGR003W,YBR112C,0,-7.485692,0.2946875989437103,0.9323467016220093,0.2231501042842865
YDR181C,YNL257C,0,-7.485702,0.29458919167518616,0.9323467016220093,0.22325581312179565
YIL010W,YDL200C,0,-7.485769,0.2944908142089844,0.9323467016220093,0.2233615219593048
YKL179C,YPR046W,0,-7.4863486,0.29439252614974976,0.9323467016220093,0.22346723079681396
YLR085C,YBL017C,0,-7.4864717,0.2942942976951599,0.9323467016220093,0.22357293963432312
YPR075C,YPR055W,0,-7.486835,0.29419612884521484,0.9323467016220093,0.22367864847183228
YAL058W,YDR440W,0,-7.487222,0.29409801959991455,0.9323467016220093,0.22378435730934143
YBR179C,YIL048W,0,-7.4876027,0.2939999997615814,0.9323467016220093,0.22389006614685059
YOL054W,YLR005W,0,-7.4877963,0.29390203952789307,0.9323467016220093,0.22399577498435974
YJL031C,YGL039W,0,-7.488137,0.2938041388988495,0.9323467016220093,0.2241014838218689
YDL117W,YLR264W,0,-7.488932,0.2937062978744507,0.9323467016220093,0.22420719265937805
YNL210W,YDL079C,0,-7.4890313,0.29360851645469666,0.9323467016220093,0.2243129014968872
YJL108C,YLR035C-A,0,-7.4892225,0.2935108244419098,0.9323467016220093,0.22441861033439636
YPL119C,YGL053W,0,-7.4895835,0.2934131622314453,0.9323467016220093,0.22452431917190552
YMR083W,YLR355C,0,-7.4896193,0.293315589427948,0.9323467016220093,0.22463002800941467
YGL167C,YER074W-A,0,-7.4898434,0.29321807622909546,0.9323467016220093,0.22473572194576263
YLR319C,YDR394W,0,-7.490278,0.2931206524372101,0.9323467016220093,0.2248414307832718
YJL090C,YOL095C,0,-7.490373,0.2930232584476471,0.9323467016220093,0.22494713962078094
YJL062W,YGR099W,0,-7.490529,0.2929259240627289,0.9323467016220093,0.2250528484582901
YNR032W,YDR515W,0,-7.4905343,0.29282867908477783,0.9323467016220093,0.22515855729579926
YHR055C,YOL017W,0,-7.490723,0.29273149371147156,0.9323467016220093,0.2252642661333084
YML071C,YHR079C-B,0,-7.490982,0.29263436794281006,0.9323467016220093,0.22536997497081757
YPL061W,YER146W,0,-7.49138,0.29253730177879333,0.9323467016220093,0.22547568380832672
YLL050C,YBR169C,0,-7.4916816,0.2924403250217438,0.9323467016220093,0.22558139264583588
YER051W,YMR284W,0,-7.492989,0.2923433780670166,0.9323467016220093,0.22568710148334503
YJL128C,YGR002C,0,-7.494097,0.2922465205192566,0.9323467016220093,0.2257928103208542
YGL019W,YDR142C,0,-7.494447,0.29214972257614136,0.9323467016220093,0.22589851915836334
YBR102C,YHR073W,0,-7.4949536,0.2920529842376709,0.9323467016220093,0.2260042279958725
YAL041W,YHR150W,0,-7.4954123,0.2919563055038452,0.9323467016220093,0.22610993683338165
YPR001W,YGR244C,0,-7.4958057,0.2918596863746643,0.9323467016220093,0.2262156456708908
YGR060W,YJR091C,0,-7.4958673,0.29176315665245056,0.9323467016220093,0.22632135450839996
YGR024C,YCL019W,0,-7.496453,0.2916666567325592,0.9323467016220093,0.22642706334590912
YDL137W,YDR258C,0,-7.4975095,0.291570246219635,0.9323467016220093,0.22653277218341827
YLR205C,YER138C,0,-7.497988,0.2914738953113556,0.9323467016220093,0.22663848102092743
YGL155W,YGL173C,0,-7.498153,0.29137760400772095,0.9323467016220093,0.22674418985843658
YDR188W,YNL251C,0,-7.498762,0.2912813723087311,0.9323467016220093,0.22684989869594574
YLR060W,YER003C,0,-7.5002103,0.291185200214386,0.9323467016220093,0.2269556075334549
YIL109C,YNL263C,0,-7.5003514,0.29108911752700806,0.9323467016220093,0.22706131637096405
YGL003C,YPL159C,0,-7.501658,0.2909930646419525,0.9323467016220093,0.2271670252084732
YGL061C,YDR062W,0,-7.5017924,0.29089710116386414,0.9323467016220093,0.22727273404598236
YKR095W-A,YOL020W,0,-7.502015,0.29080119729042053,0.9323467016220093,0.22737844288349152
YPR178W,YLR369W,0,-7.5020504,0.2907053530216217,0.9323467016220093,0.22748413681983948
YOR137C,YCR042C,0,-7.5022564,0.29060956835746765,0.9323467016220093,0.22758984565734863
YDR382W,YHR163W,0,-7.5023212,0.2905138432979584,0.9323467016220093,0.2276955544948578
YDL035C,YHR016C,0,-7.5024877,0.29041817784309387,0.9323467016220093,0.22780126333236694
YHR005C,YHL009C,0,-7.503185,0.29032257199287415,0.9323467016220093,0.2279069721698761
YNL201C,YDR279W,0,-7.503427,0.2902270555496216,0.9323467016220093,0.22801268100738525
YKL011C,YPL210C,0,-7.5035057,0.2901315689086914,0.9323467016220093,0.2281183898448944
YNL267W,YDR515W,0,-7.503636,0.2900361716747284,0.9323467016220093,0.22822409868240356
YOL054W,YOR216C,0,-7.5036664,0.28994083404541016,0.9323467016220093,0.22832980751991272
YDR424C,YLR292C,0,-7.5038767,0.2898455560207367,0.9323467016220093,0.22843551635742188
YGR220C,YKR081C,1,-7.504461,0.2900788486003876,0.9334037899971008,0.22843551635742188
YPR072W,YOR075W,0,-7.5048084,0.2899835705757141,0.9334037899971008,0.22854122519493103
YHR186C,YPL210C,0,-7.5049615,0.2898883819580078,0.9334037899971008,0.22864693403244019
YNR002C,YBR284W,0,-7.505247,0.2897932529449463,0.9334037899971008,0.22875264286994934
YPL137C,YER068W,0,-7.5052648,0.28969815373420715,0.9334037899971008,0.2288583517074585
YML102W,YOR109W,0,-7.5055957,0.2896031439304352,0.9334037899971008,0.22896406054496765
YIL048W,YDR170C,0,-7.505661,0.289508193731308,0.9334037899971008,0.2290697693824768
YDR459C,YLR084C,0,-7.505879,0.28941330313682556,0.9334037899971008,0.22917547821998596
YLR310C,YDL058W,0,-7.506169,0.2893184721469879,0.9334037899971008,0.22928118705749512
YDL087C,YGL210W-A,0,-7.506368,0.28922370076179504,0.9334037899971008,0.22938689589500427
YER114C,YGL044C,0,-7.506409,0.28912901878356934,0.9334037899971008,0.22949260473251343
YDR211W,YNL107W,0,-7.506576,0.289034366607666,0.9334037899971008,0.22959831357002258
YBR234C,YPR111W,0,-7.5070243,0.28893980383872986,0.9334037899971008,0.22970402240753174
YDR524C,YDL235C,0,-7.5074,0.2888452708721161,0.9334037899971008,0.2298097312450409
YPR081C,YDR363W-A,0,-7.5087247,0.2887508273124695,0.9334037899971008,0.22991544008255005
YJL053W,YBR103W,0,-7.508804,0.28865641355514526,0.9334037899971008,0.2300211489200592
YDR093W,YPL063W,0,-7.5091662,0.2885620892047882,0.9334037899971008,0.23012684285640717
YOR032C,YOR338W,0,-7.5093822,0.2884678244590759,0.9334037899971008,0.23023255169391632
YKR054C,YBL023C,0,-7.509485,0.2883736193180084,0.9334037899971008,0.23033826053142548
YMR011W,YMR182C,0,-7.509779,0.2882794737815857,0.9334037899971008,0.23044396936893463
YLR285W,YGL207W,0,-7.5098734,0.28818538784980774,0.9334037899971008,0.2305496782064438
YER018C,YKL126W,0,-7.5103426,0.28809136152267456,0.9334037899971008,0.23065538704395294
YGL238W,YML015C,0,-7.510347,0.28799739480018616,0.9334037899971008,0.2307610958814621
YIL044C,YER087C-A,0,-7.5104237,0.28790348768234253,0.9334037899971008,0.23086680471897125
YMR283C,YDR495C,0,-7.5106645,0.2878096401691437,0.9334037899971008,0.2309725135564804
YGR166W,YBL025W,0,-7.5115,0.287715882062912,0.9334037899971008,0.23107822239398956
YIL026C,YLR002C,0,-7.511889,0.2876221537590027,0.9334037899971008,0.23118393123149872
YGL212W,YNL045W,0,-7.5120454,0.28752848505973816,0.9334037899971008,0.23128964006900787
YOR290C,YJL045W,0,-7.512328,0.2874349057674408,0.9334037899971008,0.23139534890651703
YKL040C,YLR346C,0,-7.512527,0.2873413562774658,0.9334037899971008,0.23150105774402618
YER015W,YDL045C,0,-7.5126166,0.287247896194458,0.9334037899971008,0.23160676658153534
YLR292C,YEL057C,0,-7.512817,0.2871544659137726,0.9334037899971008,0.2317124754190445
YEL027W,YOR290C,0,-7.5130687,0.2870611250400543,0.9334037899971008,0.23181818425655365
YKL029C,YCR062W,0,-7.5132623,0.28696781396865845,0.9334037899971008,0.2319238930940628
YNL166C,YKL012W,0,-7.5134654,0.28687459230422974,0.9334037899971008,0.23202960193157196
YLR134W,YFR034C,0,-7.5134873,0.2867814302444458,0.9334037899971008,0.23213531076908112
YBR039W,YHR107C,0,-7.513591,0.28668829798698425,0.9334037899971008,0.23224101960659027
YPR190C,YML098W,0,-7.5136094,0.28659525513648987,0.9334037899971008,0.23234672844409943
YBL102W,YHR006W,0,-7.514018,0.28650227189064026,0.9334037899971008,0.23245243728160858
YDL100C,YAR031W,0,-7.5140452,0.2864093482494354,0.9334037899971008,0.23255814611911774
YFL018C,YNR064C,0,-7.514073,0.28631648421287537,0.9334037899971008,0.2326638549566269
YBR170C,YJR126C,0,-7.514074,0.2862236499786377,0.9334037899971008,0.23276954889297485
YNL130C,YHR079C-B,0,-7.51461,0.2861309051513672,0.9334037899971008,0.232875257730484
YOR217W,YCL019W,0,-7.514775,0.28603821992874146,0.9334037899971008,0.23298096656799316
YOR373W,YIL144W,0,-7.5153046,0.2859455943107605,0.9334037899971008,0.23308667540550232
YJR017C,YLR332W,0,-7.5153246,0.2858530282974243,0.9334037899971008,0.23319238424301147
YDR280W,YDR207C,0,-7.5154715,0.2857605218887329,0.9334037899971008,0.23329809308052063
YOR099W,YPL268W,0,-7.515714,0.2856680750846863,0.9334037899971008,0.23340380191802979
YMR276W,YOL031C,0,-7.5160413,0.2855756878852844,0.9334037899971008,0.23350951075553894
YDL198C,YDL064W,0,-7.516828,0.28548336029052734,0.9334037899971008,0.2336152195930481
YMR029C,YDR353W,0,-7.5168357,0.28539109230041504,0.9334037899971008,0.23372092843055725
YIL013C,YOR127W,0,-7.517124,0.2852988839149475,0.9334037899971008,0.2338266372680664
YHR194W,YNL202W,0,-7.517352,0.28520670533180237,0.9334037899971008,0.23393234610557556
YGL223C,YOL049W,0,-7.51776,0.2851146161556244,0.9334037899971008,0.23403805494308472
YFL025C,YCL012W,0,-7.5186105,0.2850225865840912,0.9334037899971008,0.23414376378059387
YOR103C,YJL168C,0,-7.51885,0.28493061661720276,0.9334037899971008,0.23424947261810303
YBR114W,YIL080W,0,-7.518889,0.2848387062549591,0.9334037899971008,0.23435518145561218
YMR139W,YHR050W,0,-7.518927,0.28474685549736023,0.9334037899971008,0.23446089029312134
YDR243C,YLR145W,0,-7.519435,0.28465506434440613,0.9334037899971008,0.2345665991306305
YJL104W,YPL029W,0,-7.519607,0.2845633327960968,0.9334037899971008,0.23467230796813965
YKR028W,YDR057W,0,-7.520292,0.28447166085243225,0.9334037899971008,0.2347780168056488
YNL004W,YMR047C,0,-7.520459,0.2843800187110901,0.9334037899971008,0.23488372564315796
YNL298W,YDR243C,0,-7.5207987,0.2842884659767151,0.9334037899971008,0.23498943448066711
YGR222W,YOR367W,0,-7.5208907,0.28419697284698486,0.9334037899971008,0.23509514331817627
YDR435C,YNL131W,0,-7.520894,0.2841055393218994,0.9334037899971008,0.23520085215568542
YDL035C,YGR296W,0,-7.5213795,0.28401416540145874,0.9334037899971008,0.23530656099319458
YOL108C,YDL236W,0,-7.5217395,0.28392282128334045,0.9334037899971008,0.23541225492954254
YNL274C,YDR545W,0,-7.52182,0.28383156657218933,0.9334037899971008,0.2355179637670517
YDR473C,YML049C,0,-7.5222316,0.283740371465683,0.9334037899971008,0.23562367260456085
YER019W,YJL108C,0,-7.5223184,0.283649206161499,0.9334037899971008,0.23572938144207
YBL006C,YIL120W,0,-7.52249,0.2835581302642822,0.9334037899971008,0.23583509027957916
YBR089C-A,YML088W,0,-7.5227184,0.2834670841693878,0.9334037899971008,0.23594079911708832
YNL307C,YDR160W,0,-7.5233617,0.28337612748146057,0.9334037899971008,0.23604650795459747
YIL106W,YGL243W,0,-7.524484,0.2832852005958557,0.9334037899971008,0.23615221679210663
YEL062W,YDR388W,0,-7.5245547,0.283194363117218,0.9334037899971008,0.23625792562961578
YLR138W,YPL146C,0,-7.525064,0.2831035554409027,0.9334037899971008,0.23636363446712494
YMR285C,YBR231C,0,-7.525373,0.2830128073692322,0.9334037899971008,0.2364693433046341
YGR003W,YBL025W,0,-7.525432,0.2829221487045288,0.9334037899971008,0.23657505214214325
YJR076C,YDL140C,0,-7.5265746,0.2828315198421478,0.9334037899971008,0.2366807609796524
YML028W,YMR106C,0,-7.5265875,0.2827409505844116,0.9334037899971008,0.23678646981716156
YPR164W,YLR248W,0,-7.5272336,0.2826504409313202,0.9334037899971008,0.23689217865467072
YGR040W,YGL144C,0,-7.528298,0.28255999088287354,0.9334037899971008,0.23699788749217987
YDL058W,YHR090C,0,-7.528536,0.28246960043907166,0.9334037899971008,0.23710359632968903
YPL151C,YBR258C,0,-7.528862,0.28237926959991455,0.9334037899971008,0.23720930516719818
YOR346W,YJL074C,0,-7.5290556,0.2822889983654022,0.9334037899971008,0.23731501400470734
YGR145W,YBL025W,0,-7.529162,0.28219878673553467,0.9334037899971008,0.2374207228422165
YKL112W,YMR275C,0,-7.5291877,0.2821086347103119,0.9334037899971008,0.23752643167972565
YGR230W,YBR100W,0,-7.5292077,0.2820185124874115,0.9334037899971008,0.2376321405172348
YPR191W,YDR146C,0,-7.5293202,0.28192847967147827,0.9334037899971008,0.23773784935474396
YKR038C,YPL190C,0,-7.529362,0.2818385064601898,0.9334037899971008,0.2378435581922531
YOL013C,YIL051C,0,-7.5301833,0.28174856305122375,0.9334037899971008,0.23794926702976227
YDR448W,YNL014W,0,-7.5305924,0.28165867924690247,0.9334037899971008,0.23805496096611023
YLR191W,YDR320C,0,-7.530718,0.28156888484954834,0.9334037899971008,0.23816066980361938
YER119C,YER074W-A,0,-7.530836,0.2814791202545166,0.9334037899971008,0.23826637864112854
YHR142W,YIL053W,0,-7.531038,0.28138941526412964,0.9334037899971008,0.2383720874786377
YBR202W,YCR020W-B,0,-7.5310483,0.28129976987838745,0.9334037899971008,0.23847779631614685
YPL228W,YBL023C,0,-7.5311112,0.28121018409729004,0.9334037899971008,0.238583505153656
YOR074C,YIL039W,0,-7.531695,0.2811206579208374,0.9334037899971008,0.23868921399116516
YNL230C,YBL033C,0,-7.5318184,0.28103119134902954,0.9334037899971008,0.23879492282867432
YBL013W,YKL025C,0,-7.531859,0.28094178438186646,0.9334037899971008,0.23890063166618347
YJL090C,YER087C-B,0,-7.5319734,0.28085240721702576,0.9334037899971008,0.23900634050369263
YEL034W,YJL104W,0,-7.531978,0.2807631194591522,0.9334037899971008,0.23911204934120178
YBR245C,YLR263W,0,-7.532396,0.2806738615036011,0.9334037899971008,0.23921775817871094
YGR085C,YML025C,1,-7.533515,0.2809024453163147,0.9344608783721924,0.23921775817871094
YIR025W,YOL102C,0,-7.533575,0.28081321716308594,0.9344608783721924,0.2393234670162201
YKL016C,YPL181W,0,-7.533931,0.28072404861450195,0.9344608783721924,0.23942917585372925
YGL105W,YGL005C,0,-7.5340095,0.28063490986824036,0.9344608783721924,0.2395348846912384
YER008C,YGR013W,0,-7.5340657,0.2805458605289459,0.9344608783721924,0.23964059352874756
YOR080W,YPR173C,0,-7.534464,0.2804568409919739,0.9344608783721924,0.2397463023662567
YKL208W,YNL128W,0,-7.5355144,0.280367910861969,0.9344608783721924,0.23985201120376587
YOR349W,YPR198W,0,-7.5356627,0.2802790105342865,0.9344608783721924,0.23995772004127502
YDR411C,YJR049C,0,-7.5357037,0.2801901698112488,0.9344608783721924,0.24006342887878418
YGL223C,YMR061W,0,-7.5364957,0.28010138869285583,0.9344608783721924,0.24016913771629333
YNL312W,YLR043C,0,-7.5365777,0.28001266717910767,0.9344608783721924,0.2402748465538025
YOL078W,YLR425W,0,-7.536921,0.2799240052700043,0.9344608783721924,0.24038055539131165
YER028C,YLR312C-B,0,-7.5371857,0.27983540296554565,0.9344608783721924,0.2404862642288208
YPL131W,YML025C,1,-7.5373483,0.28006330132484436,0.9355179667472839,0.2404862642288208
YGR267C,YNL151C,0,-7.5375304,0.27997469902038574,0.9355179667472839,0.24059197306632996
YNL220W,YMR134W,0,-7.537955,0.2798861563205719,0.9355179667472839,0.24069766700267792
YOL127W,YML025C,1,-7.5380564,0.2801138162612915,0.9365750551223755,0.24069766700267792
YKL134C,YCL033C,0,-7.5382104,0.28002527356147766,0.9365750551223755,0.24080337584018707
YNL103W,YCL019W,0,-7.5383267,0.279936820268631,0.9365750551223755,0.24090908467769623
YPL269W,YOL103W-B,0,-7.5384645,0.2798483967781067,0.9365750551223755,0.24101479351520538
YPL160W,YOR226C,0,-7.538485,0.2797600328922272,0.9365750551223755,0.24112050235271454
YLL003W,YLR272C,0,-7.538513,0.27967172861099243,0.9365750551223755,0.2412262111902237
YNL004W,YPL156C,0,-7.538525,0.2795834541320801,0.9365750551223755,0.24133192002773285
YDL088C,YFL009W,0,-7.538559,0.2794952690601349,0.9365750551223755,0.241437628865242
YBL084C,YOR307C,0,-7.538651,0.2794071137905121,0.9365750551223755,0.24154333770275116
YKL194C,YBR097W,0,-7.538977,0.27931904792785645,0.9365750551223755,0.24164904654026031
YMR032W,YBR289W,0,-7.5402346,0.2792310118675232,0.9365750551223755,0.24175475537776947
YER051W,YNR011C,0,-7.5402966,0.2791430354118347,0.9365750551223755,0.24186046421527863
YCL025C,YHR042W,0,-7.540302,0.279055118560791,0.9365750551223755,0.24196617305278778
YGL062W,YJR029W,0,-7.540399,0.2789672613143921,0.9365750551223755,0.24207188189029694
YMR238W,YGL012W,0,-7.540602,0.27887943387031555,0.9365750551223755,0.2421775907278061
YGR097W,YLR328W,0,-7.5411224,0.2787916958332062,0.9365750551223755,0.24228329956531525
YKL074C,YMR183C,0,-7.5425873,0.2787039875984192,0.9365750551223755,0.2423890084028244
YGL029W,YLR320W,0,-7.54323,0.278616338968277,0.9365750551223755,0.24249471724033356
YLR028C,YPR134W,0,-7.5436964,0.27852874994277954,0.9365750551223755,0.2426004260778427
YPL122C,YBL005W-B,0,-7.5438724,0.2784412205219269,0.9365750551223755,0.24270613491535187
YOR098C,YLR145W,0,-7.543884,0.278353750705719,0.9365750551223755,0.24281184375286102
YHR005C,YMR073C,0,-7.5444655,0.2782663404941559,0.9365750551223755,0.24291755259037018
YDR524C,YGR104C,0,-7.5445924,0.27817896008491516,0.9365750551223755,0.24302326142787933
YMR138W,YNL317W,0,-7.5448155,0.2780916392803192,0.9365750551223755,0.2431289702653885
YHR186C,YHR062C,0,-7.5448737,0.27800437808036804,0.9365750551223755,0.24323467910289764
YDR195W,YKL196C,0,-7.5449176,0.27791717648506165,0.9365750551223755,0.2433403879404068
YCL003W,YMR096W,0,-7.5449967,0.2778300344944,0.9365750551223755,0.24344608187675476
YFL045C,YPR161C,0,-7.545236,0.2777429521083832,0.9365750551223755,0.24355179071426392
YBR109C,YGR296W,0,-7.545313,0.2776558995246887,0.9365750551223755,0.24365749955177307
YBR092C,YLR105C,0,-7.545378,0.2775689363479614,0.9365750551223755,0.24376320838928223
YFL035C,YNL201C,0,-7.5457954,0.2774820029735565,0.9365750551223755,0.24386891722679138
YDR414C,YDR079C-A,0,-7.5457993,0.2773951292037964,0.9365750551223755,0.24397462606430054
YGL257C,YDL006W,0,-7.5458612,0.27730828523635864,0.9365750551223755,0.2440803349018097
YDL175C,YIL167W,0,-7.5471234,0.27722153067588806,0.9365750551223755,0.24418604373931885
YER051W,YHR172W,0,-7.5474067,0.27713480591773987,0.9365750551223755,0.244291752576828
YGL247W,YGR057C,0,-7.547563,0.27704814076423645,0.9365750551223755,0.24439746141433716
YPL174C,YHR084W,0,-7.5476365,0.2769615650177002,0.9365750551223755,0.2445031702518463
YDL175C,YHR115C,0,-7.547797,0.27687498927116394,0.9365750551223755,0.24460887908935547
YJL031C,YDR499W,0,-7.547898,0.27678850293159485,0.9365750551223755,0.24471458792686462
YGR140W,YJL168C,0,-7.548472,0.27670204639434814,0.9365750551223755,0.24482029676437378
YGL004C,YLL017W,0,-7.548557,0.2766156792640686,0.9365750551223755,0.24492600560188293
YOL135C,YBR048W,0,-7.5488405,0.27652934193611145,0.9365750551223755,0.2450317144393921
YDL175C,YAL010C,0,-7.549273,0.2764430642127991,0.9365750551223755,0.24513742327690125
YMR012W,YNL282W,0,-7.5494313,0.2763568162918091,0.9365750551223755,0.2452431321144104
YPR161C,YLR312C-B,0,-7.550656,0.27627065777778625,0.9365750551223755,0.24534884095191956
YBR042C,YAL012W,0,-7.551563,0.2761845290660858,0.9365750551223755,0.2454545497894287
YNL042W,YPL167C,0,-7.5521827,0.27609845995903015,0.9365750551223755,0.24556025862693787
YGL005C,YIL030C,0,-7.552609,0.27601245045661926,0.9365750551223755,0.24566596746444702
YGR225W,YBR012W-B,0,-7.552698,0.27592650055885315,0.9365750551223755,0.24577167630195618
YNL042W,YDR301W,0,-7.553703,0.2758406102657318,0.9365750551223755,0.24587738513946533
YMR281W,YOL013C,0,-7.55438,0.27575474977493286,0.9365750551223755,0.2459830939769745
YGR244C,YOR083W,0,-7.5547137,0.2756689488887787,0.9365750551223755,0.24608878791332245
YNL166C,YLR191W,0,-7.554781,0.2755832076072693,0.9365750551223755,0.2461944967508316
YMR208W,YDR077W,0,-7.5553565,0.27549752593040466,0.9365750551223755,0.24630020558834076
YBR041W,YIL076W,0,-7.555519,0.2754118740558624,0.9365750551223755,0.24640591442584991
YML105C,YAL047C,0,-7.5556445,0.27532628178596497,0.9365750551223755,0.24651162326335907
YDR179C,YDR362C,0,-7.5564647,0.2752407491207123,0.9365750551223755,0.24661733210086823
YIL084C,YML131W,0,-7.556855,0.27515527606010437,0.9365750551223755,0.24672304093837738
YDR147W,YBL026W,0,-7.5576067,0.27506986260414124,0.9365750551223755,0.24682874977588654
YBR010W,YCL003W,0,-7.557983,0.2749844789505005,0.9365750551223755,0.2469344586133957
YLR391W,YOR074C,0,-7.558034,0.2748991549015045,0.9365750551223755,0.24704016745090485
YDR188W,YJR009C,0,-7.5585985,0.2748138904571533,0.9365750551223755,0.247145876288414
YOR351C,YKR090W,0,-7.5587077,0.2747286856174469,0.9365750551223755,0.24725158512592316
YPL101W,YBR218C,0,-7.5597005,0.27464351058006287,0.9365750551223755,0.2473572939634323
YBL047C,YKL170W,0,-7.5597854,0.274558424949646,0.9365750551223755,0.24746300280094147
YIL142W,YNL214W,0,-7.560006,0.2744733691215515,0.9365750551223755,0.24756871163845062
YKL054C,YGR132C,0,-7.5601172,0.2743883430957794,0.9365750551223755,0.24767442047595978
YNL053W,YLR403W,0,-7.5603094,0.2743034064769745,0.9365750551223755,0.24778012931346893
YKL110C,YDR213W,0,-7.5612345,0.27421849966049194,0.9365750551223755,0.2478858381509781
YDR489W,YCL019W,0,-7.5614705,0.2741336524486542,0.9365750551223755,0.24799154698848724
YPR094W,YFR005C,0,-7.5615735,0.2740488648414612,0.9365750551223755,0.2480972558259964
YJL031C,YKL085W,0,-7.5617023,0.27396413683891296,0.9365750551223755,0.24820296466350555
YIL009C-A,YJR026W,0,-7.5628943,0.27387943863868713,0.9365750551223755,0.2483086735010147
YEL016C,YDR235W,0,-7.563785,0.2737948000431061,0.9365750551223755,0.24841438233852386
YOR194C,YKL088W,0,-7.5644507,0.2737102210521698,0.9365750551223755,0.24852009117603302
YMR164C,YPR133C,0,-7.5649953,0.2736257016658783,0.9365750551223755,0.24862580001354218
YAL013W,YDL097C,0,-7.5654693,0.2735412120819092,0.9365750551223755,0.24873149394989014
YKR027W,YJR131W,0,-7.565502,0.27345678210258484,0.9365750551223755,0.2488372027873993
YGL073W,YLL056C,0,-7.565679,0.2733724117279053,0.9365750551223755,0.24894291162490845
YDR386W,YDR181C,0,-7.5658507,0.2732881009578705,0.9365750551223755,0.2490486204624176
YHR067W,YLR010C,0,-7.565861,0.2732038199901581,0.9365750551223755,0.24915432929992676
YFL037W,YML040W,0,-7.5664544,0.27311959862709045,0.9365750551223755,0.2492600381374359
YOR103C,YDL135C,0,-7.5669208,0.2730354368686676,0.9365750551223755,0.24936574697494507
YHR188C,YMR231W,0,-7.567072,0.2729513347148895,0.9365750551223755,0.24947145581245422
YOR018W,YDL190C,0,-7.5675473,0.27286726236343384,0.9365750551223755,0.24957716464996338
YDL149W,YNR056C,0,-7.5676627,0.2727832496166229,0.9365750551223755,0.24968287348747253
YER108C,YOL115W,0,-7.568213,0.2726992964744568,0.9365750551223755,0.2497885823249817
YGR261C,YKL022C,0,-7.5683346,0.27261537313461304,0.9365750551223755,0.24989429116249084
YDR363W-A,YDR259C,0,-7.5694056,0.27253153920173645,0.9365750551223755,0.25
YGL174W,YLR380W,0,-7.569431,0.27244773507118225,0.9365750551223755,0.25010570883750916
YML051W,YHR050W,0,-7.5697446,0.27236396074295044,0.9365750551223755,0.2502114176750183
YKL022C,YKR055W,0,-7.570781,0.2722802758216858,0.9365750551223755,0.25031712651252747
YCL003W,YGL205W,0,-7.570827,0.27219662070274353,0.9365750551223755,0.2504228353500366
YOR078W,YLR459W,0,-7.570928,0.27211302518844604,0.9365750551223755,0.2505285441875458
YCR088W,YBR038W,0,-7.5715184,0.27202948927879333,0.9365750551223755,0.25063425302505493
YEL015W,YDL077C,0,-7.572209,0.271945983171463,0.9365750551223755,0.2507399618625641
YER022W,YNR048W,0,-7.5722203,0.27186253666877747,0.9365750551223755,0.25084567070007324
YGR141W,YML040W,0,-7.572914,0.2717791497707367,0.9365750551223755,0.2509513795375824
YGL245W,YKR095W-A,0,-7.5729403,0.2716957926750183,0.9365750551223755,0.25105708837509155
YJL102W,YPL031C,0,-7.5730886,0.2716124951839447,0.9365750551223755,0.2511627972126007
YOL023W,YPL026C,0,-7.5732837,0.27152925729751587,0.9365750551223755,0.25126850605010986
YLR391W,YJL145W,0,-7.573288,0.2714460790157318,0.9365750551223755,0.251374214887619
YDL132W,YGL178W,0,-7.573302,0.27136293053627014,0.9365750551223755,0.2514799237251282
YPL026C,YDL038C,0,-7.573798,0.27127984166145325,0.9365750551223755,0.25158563256263733
YBL102W,YGL127C,0,-7.575194,0.27119681239128113,0.9365750551223755,0.2516913414001465
YLR015W,YCL003W,0,-7.5752444,0.2711138427257538,0.9365750551223755,0.25179705023765564
YOR136W,YLR303W,0,-7.575326,0.27103090286254883,0.9365750551223755,0.2519027590751648
YGL167C,YMR061W,0,-7.5755687,0.27094802260398865,0.9365750551223755,0.25200846791267395
YNL149C,YOL054W,0,-7.575621,0.27086517214775085,0.9365750551223755,0.2521141767501831
YER012W,YBR077C,0,-7.5761404,0.27078238129615784,0.9365750551223755,0.25221988558769226
YCR014C,YHR079C-B,0,-7.576426,0.2706996500492096,0.9365750551223755,0.2523255944252014
YLL042C,YNL329C,0,-7.5766435,0.27061697840690613,0.9365750551223755,0.25243130326271057
YLR263W,YDR310C,0,-7.577101,0.27053433656692505,0.9365750551223755,0.2525370121002197
YER028C,YML031W,0,-7.577391,0.27045178413391113,0.9365750551223755,0.2526427209377289
YCL060C,YLR025W,0,-7.577506,0.2703692317008972,0.9365750551223755,0.25274839997291565
YNR001C,YCR098C,0,-7.577959,0.27028676867485046,0.9365750551223755,0.2528541088104248
YGL032C,YDR489W,0,-7.5788703,0.2702043354511261,0.9365750551223755,0.25295981764793396
YJR040W,YNL274C,0,-7.579349,0.2701219618320465,0.9365750551223755,0.2530655264854431
YDR098C,YBR167C,0,-7.5800653,0.2700396180152893,0.9365750551223755,0.25317123532295227
YNL020C,YJL113W,0,-7.5802016,0.2699573338031769,0.9365750551223755,0.2532769441604614
YPL101W,YLR438C-A,0,-7.5803084,0.26987510919570923,0.9365750551223755,0.2533826529979706
YBR009C,YFR005C,0,-7.580897,0.26979294419288635,0.9365750551223755,0.25348836183547974
YPL132W,YOL009C,0,-7.5812325,0.26971080899238586,0.9365750551223755,0.2535940706729889
YAL056W,YML034W,0,-7.581375,0.26962873339653015,0.9365750551223755,0.25369977951049805
YNR056C,YDL035C,0,-7.581606,0.2695466876029968,0.9365750551223755,0.2538054883480072
YLR028C,YKL017C,0,-7.5818563,0.26946473121643066,0.9365750551223755,0.25391119718551636
YIL106W,YJL076W,0,-7.5821824,0.2693828046321869,0.9365750551223755,0.2540169060230255
YGL142C,YKL019W,0,-7.582251,0.2693009078502655,0.9365750551223755,0.25412261486053467
YGR222W,YER031C,0,-7.582674,0.2692190706729889,0.9365750551223755,0.2542283236980438
YPL076W,YJR126C,0,-7.583283,0.26913729310035706,0.9365750551223755,0.254334032535553
YIR013C,YNL026W,0,-7.584267,0.26905557513237,0.9365750551223755,0.25443974137306213
YGR014W,YOR140W,0,-7.584619,0.2689738869667053,0.9365750551223755,0.2545454502105713
YDR235W,YGL100W,0,-7.585224,0.2688922584056854,0.9365750551223755,0.25465115904808044
YLR056W,YPR052C,0,-7.5859485,0.2688106894493103,0.9365750551223755,0.2547568678855896
YCR009C,YJR026W,0,-7.585973,0.26872915029525757,0.9365750551223755,0.25486257672309875
YML081C-A,YGR048W,0,-7.586004,0.2686476707458496,0.9365750551223755,0.2549682855606079
YOR254C,YOR088W,0,-7.586391,0.26856622099876404,0.9365750551223755,0.25507399439811707
YOR284W,YOL128C,0,-7.5864787,0.26848486065864563,0.9365750551223755,0.2551797032356262
YIL044C,YKR063C,0,-7.58699,0.2684035003185272,0.9365750551223755,0.2552854120731354
YKL138C-A,YGL090W,0,-7.5871873,0.268322229385376,0.9365750551223755,0.25539112091064453
YGR157W,YGR212W,0,-7.5883117,0.2682409882545471,0.9365750551223755,0.2554968297481537
YJL034W,YDR369C,0,-7.5887604,0.26815980672836304,0.9365750551223755,0.25560253858566284
YPR200C,YOL043C,0,-7.5888376,0.26807865500450134,0.9365750551223755,0.255708247423172
YFL035C,YKR097W,0,-7.588933,0.2679975926876068,0.9365750551223755,0.25581395626068115
YNL267W,YMR214W,0,-7.5895505,0.2679165303707123,0.9365750551223755,0.2559196650981903
YML091C,YBR250W,0,-7.5896964,0.2678355574607849,0.9365750551223755,0.25602537393569946
YCL062W,YJL139C,0,-7.590376,0.26775461435317993,0.9365750551223755,0.2561310827732086
YFR008W,YOL045W,0,-7.5904293,0.2676737308502197,0.9365750551223755,0.2562367916107178
YNR044W,YOL061W,0,-7.590941,0.2675928771495819,0.9365750551223755,0.25634250044822693
YDR182W,YDL120W,0,-7.591179,0.26751208305358887,0.9365750551223755,0.2564482092857361
YJL090C,YMR203W,0,-7.591518,0.2674313187599182,0.9365750551223755,0.25655391812324524
YLR391W,YJL100W,0,-7.5915856,0.2673506438732147,0.9365750551223755,0.2566596269607544
YNL059C,YGR060W,0,-7.592016,0.2672699987888336,0.9365750551223755,0.25676533579826355
YIR015W,YBR198C,0,-7.592386,0.2671893835067749,0.9365750551223755,0.2568710446357727
YKL048C,YKL012W,0,-7.5924044,0.26710882782936096,0.9365750551223755,0.25697675347328186
YPR034W,YLR139C,0,-7.5924363,0.2670283317565918,0.9365750551223755,0.257082462310791
YLR431C,YGR048W,0,-7.5925226,0.266947865486145,0.9365750551223755,0.25718817114830017
YHR191C,YDR081C,0,-7.5925326,0.266867458820343,0.9365750551223755,0.2572938799858093
YHR187W,YNL072W,0,-7.592868,0.2667871117591858,0.9365750551223755,0.2573995888233185
YGL151W,YGL048C,0,-7.5939546,0.26670679450035095,0.9365750551223755,0.25750529766082764
YDL154W,YDR459C,0,-7.594022,0.2666265368461609,0.9365750551223755,0.2576110064983368
YER108C,YGL137W,0,-7.5942316,0.2665463387966156,0.9365750551223755,0.25771671533584595
YDR331W,YIL112W,0,-7.594324,0.2664661705493927,0.9365750551223755,0.2578224241733551
YPL224C,YPL022W,0,-7.5944667,0.2663860619068146,0.9365750551223755,0.25792813301086426
YDR182W,YOL067C,0,-7.5947595,0.26630598306655884,0.9365750551223755,0.258033812046051
YLR127C,YJR135W-A,0,-7.5948167,0.2662259638309479,0.9365750551223755,0.2581395208835602
YLL050C,YLR193C,0,-7.594874,0.2661460041999817,0.9365750551223755,0.25824522972106934
YAR018C,YBR087W,0,-7.5953074,0.2660660743713379,0.9365750551223755,0.2583509385585785
YDL137W,YOR031W,0,-7.5957456,0.26598620414733887,0.9365750551223755,0.25845664739608765
YNR075W,YBR015C,0,-7.595829,0.26590636372566223,0.9365750551223755,0.2585623562335968
YKL060C,YEL032W,0,-7.596037,0.26582658290863037,0.9365750551223755,0.25866806507110596
YLR425W,YDR200C,0,-7.5965486,0.2657468616962433,0.9365750551223755,0.2587737739086151
YDL135C,YDR289C,0,-7.5968494,0.2656671702861786,0.9365750551223755,0.25887948274612427
YML113W,YGL039W,0,-7.5969043,0.26558753848075867,0.9365750551223755,0.2589851915836334
YIL004C,YCR089W,0,-7.5979657,0.26550793647766113,0.9365750551223755,0.2590909004211426
YJL021C,YLR023C,0,-7.598056,0.2654283940792084,0.9365750551223755,0.25919660925865173
YBR186W,YDR359C,0,-7.5999427,0.2653489112854004,0.9365750551223755,0.2593023180961609
YMR312W,YPR188C,0,-7.6005306,0.2652694582939148,0.9365750551223755,0.25940802693367004
YKR097W,YNR047W,0,-7.6008554,0.265190064907074,0.9365750551223755,0.2595137357711792
YMR052W,YIL106W,0,-7.6009235,0.26511070132255554,0.9365750551223755,0.25961944460868835
YPL233W,YJR028W,0,-7.6010356,0.2650313973426819,0.9365750551223755,0.2597251534461975
YDR329C,YBR183W,0,-7.6014304,0.264952152967453,0.9365750551223755,0.25983086228370667
YCL014W,YMR076C,0,-7.6018414,0.2648729383945465,0.9365750551223755,0.2599365711212158
YML008C,YDL077C,0,-7.602831,0.2647937834262848,0.9365750551223755,0.260042279958725
YPL169C,YOR127W,0,-7.604104,0.26471465826034546,0.9365750551223755,0.26014798879623413
YBR107C,YDL020C,0,-7.6041207,0.2646355926990509,0.9365750551223755,0.2602536976337433
YGL025C,YBR228W,0,-7.604754,0.2645565867424011,0.9365750551223755,0.26035940647125244
YJL165C,YHR008C,0,-7.6048374,0.26447761058807373,0.9365750551223755,0.2604651153087616
YOL143C,YHL009C,0,-7.605126,0.2643986940383911,0.9365750551223755,0.26057082414627075
YER180C-A,YOR194C,0,-7.605426,0.2643198072910309,0.9365750551223755,0.2606765329837799
YAL022C,YOR168W,0,-7.6054893,0.26424098014831543,0.9365750551223755,0.26078224182128906
YOR039W,YBL013W,0,-7.605531,0.26416218280792236,0.9365750551223755,0.2608879506587982
YJL024C,YNL262W,0,-7.606144,0.2640834450721741,0.9365750551223755,0.2609936594963074
YPR171W,YBR159W,0,-7.606964,0.26400476694107056,0.9365750551223755,0.26109936833381653
YOR298C-A,YMR047C,0,-7.607117,0.26392611861228943,0.9365750551223755,0.2612050771713257
YKL002W,YGL004C,0,-7.6076293,0.2638475298881531,0.9365750551223755,0.26131078600883484
YDL232W,YGR170W,0,-7.6077275,0.2637689709663391,0.9365750551223755,0.261416494846344
YOR257W,YKL074C,0,-7.607885,0.2636904716491699,0.9365750551223755,0.26152220368385315
YGL245W,YNL088W,0,-7.608214,0.2636120319366455,0.9365750551223755,0.2616279125213623
YGR213C,YDR129C,0,-7.6090865,0.2635336220264435,0.9365750551223755,0.26173362135887146
YBR098W,YGR270W,0,-7.609529,0.26345524191856384,0.9365750551223755,0.2618393301963806
YDR254W,YNL131W,0,-7.6095824,0.263376921415329,0.9365750551223755,0.26194503903388977
YLR304C,YKL012W,0,-7.60975,0.2632986605167389,0.9365750551223755,0.2620507478713989
YCL060C,YPL085W,0,-7.610484,0.2632204294204712,0.9365750551223755,0.2621564567089081
YMR202W,YNL310C,0,-7.610665,0.26314225792884827,0.9365750551223755,0.26226216554641724
YOL122C,YBR240C,0,-7.610958,0.2630641460418701,0.9365750551223755,0.2623678743839264
YJL156C,YKR059W,0,-7.6110454,0.26298606395721436,0.9365750551223755,0.26247358322143555
YIL139C,YPL128C,0,-7.6111937,0.262908011674881,0.9365750551223755,0.2625792920589447
YJL125C,YBR057C,0,-7.6114707,0.2628300189971924,0.9365750551223755,0.26268500089645386
YJL128C,YCL043C,0,-7.611629,0.26275208592414856,0.9365750551223755,0.262790709733963
YHR115C,YER151C,0,-7.611763,0.2626741826534271,0.9365750551223755,0.26289641857147217
YKL059C,YMR106C,0,-7.612371,0.26259633898735046,0.9365750551223755,0.2630021274089813
YLR097C,YNL304W,0,-7.612469,0.2625185251235962,0.9365750551223755,0.2631078362464905
YOR100C,YDR335W,0,-7.6126275,0.2624407708644867,0.9365750551223755,0.26321354508399963
YNL059C,YJL018W,0,-7.6128697,0.2623630464076996,0.9365750551223755,0.2633192241191864
YOR005C,YPL021W,0,-7.6129355,0.26228538155555725,0.9365750551223755,0.26342493295669556
YPL224C,YOL103W-B,0,-7.6130824,0.2622077465057373,0.9365750551223755,0.2635306417942047
YKR097W,YKR031C,0,-7.613314,0.26213017106056213,0.9365750551223755,0.26363635063171387
YLR015W,YOR076C,0,-7.613837,0.26205265522003174,0.9365750551223755,0.263742059469223
YIL004C,YDR461W,0,-7.614727,0.26197516918182373,0.9365750551223755,0.2638477683067322
YNR027W,YNL263C,0,-7.6154084,0.2618977129459381,0.9365750551223755,0.26395347714424133
YEL022W,YIL029C,0,-7.6157203,0.26182031631469727,0.9365750551223755,0.2640591859817505
YNR067C,YKL058W,0,-7.6158566,0.2617429792881012,0.9365750551223755,0.26416489481925964
YIR010W,YPR054W,0,-7.615904,0.2616656720638275,0.9365750551223755,0.2642706036567688
YFL035C,YDL093W,0,-7.6159263,0.2615884244441986,0.9365750551223755,0.26437631249427795
YDR153C,YDR167W,0,-7.616059,0.2615112066268921,0.9365750551223755,0.2644820213317871
YBR272C,YDR343C,0,-7.6161003,0.26143404841423035,0.9365750551223755,0.26458773016929626
YOR320C,YOR301W,0,-7.616397,0.261356920003891,0.9365750551223755,0.2646934390068054
YPR199C,YBR233W-A,0,-7.616562,0.2612798511981964,0.9365750551223755,0.2647991478443146
YER054C,YER133W,0,-7.6169643,0.2612028419971466,0.9365750551223755,0.26490485668182373
YBR236C,YJL085W,0,-7.6176,0.2611258327960968,0.9365750551223755,0.2650105655193329
YDR022C,YIR017C,0,-7.618821,0.26104891300201416,0.9365750551223755,0.26511627435684204
YMR033W,YDL105W,0,-7.61906,0.2609720230102539,0.9365750551223755,0.2652219831943512
YDR488C,YLR266C,0,-7.6193686,0.26089516282081604,0.9365750551223755,0.26532769203186035
YEL054C,YML025C,1,-7.6194334,0.2611127495765686,0.937632143497467,0.26532769203186035
YDL017W,YKR095W-A,0,-7.6198487,0.26103588938713074,0.937632143497467,0.2654334008693695
YMR296C,YBR066C,0,-7.6199975,0.26095911860466003,0.937632143497467,0.26553910970687866
YPR200C,YPR105C,0,-7.62,0.26088234782218933,0.937632143497467,0.2656448185443878
YHR191C,YOR346W,0,-7.620013,0.2608056366443634,0.937632143497467,0.265750527381897
YOR243C,YFR048W,0,-7.6200185,0.26072898507118225,0.937632143497467,0.26585623621940613
YNL130C,YNL286W,0,-7.6207223,0.2606523633003235,0.937632143497467,0.2659619450569153
YOR018W,YFL002W-A,0,-7.6211605,0.2605758011341095,0.937632143497467,0.26606765389442444
YDR163W,YLR410W,0,-7.6214595,0.2604992687702179,0.937632143497467,0.2661733627319336
YCR027C,YML040W,0,-7.621589,0.26042279601097107,0.937632143497467,0.26627907156944275
YBL041W,YBR111W-A,0,-7.6216908,0.26034635305404663,0.937632143497467,0.2663847804069519
YGL119W,YDL150W,0,-7.6217413,0.2602699398994446,0.937632143497467,0.26649048924446106
YDR422C,YIL039W,0,-7.6219544,0.2601936161518097,0.937632143497467,0.2665961980819702
YJL115W,YCR034W,0,-7.621994,0.2601172924041748,0.937632143497467,0.26670190691947937
YPL255W,YCL001W,0,-7.6222734,0.2600410580635071,0.937632143497467,0.2668076157569885
YPR057W,YDR331W,0,-7.623131,0.25996482372283936,0.937632143497467,0.2669133245944977
YPL085W,YMR106C,0,-7.6235347,0.2598886489868164,0.937632143497467,0.26701903343200684
YHL025W,YDL120W,0,-7.6237526,0.25981253385543823,0.937632143497467,0.267124742269516
YNL328C,YLR455W,0,-7.624027,0.25973644852638245,0.937632143497467,0.26723045110702515
YDR218C,YGR008C,0,-7.624118,0.25966042280197144,0.937632143497467,0.2673361599445343
YMR065W,YML045W,0,-7.6241355,0.2595844268798828,0.937632143497467,0.26744186878204346
YJL034W,YHL003C,0,-7.624204,0.25950849056243896,0.937632143497467,0.2675475776195526
YBR286W,YOL147C,0,-7.6252074,0.2594325840473175,0.937632143497467,0.26765328645706177
YNL094W,YBL040C,0,-7.6253715,0.2593567371368408,0.937632143497467,0.2677589952945709
YGR116W,YDR545W,0,-7.625656,0.2592809200286865,0.937632143497467,0.2678647041320801
YMR276W,YJR010C-A,0,-7.6257815,0.2592051327228546,0.937632143497467,0.26797041296958923
YIL014W,YML064C,0,-7.6268125,0.2591294050216675,0.937632143497467,0.2680761218070984
YPR140W,YJR126C,0,-7.6270804,0.2590537369251251,0.937632143497467,0.26818183064460754
YNL123W,YGL172W,0,-7.6275926,0.25897809863090515,0.937632143497467,0.2682875394821167
YJL076W,YHL025W,0,-7.6284423,0.25890251994132996,0.937632143497467,0.26839324831962585
YBR042C,YBR090C-A,0,-7.62856,0.25882697105407715,0.937632143497467,0.268498957157135
YPR111W,YBR095C,0,-7.628638,0.25875145196914673,0.937632143497467,0.26860466599464417
YDR256C,YEL037C,0,-7.628851,0.2586759924888611,0.937632143497467,0.26871034502983093
YLL003W,YPL283C,0,-7.6291227,0.2586005926132202,0.937632143497467,0.2688160538673401
YJL204C,YMR234W,0,-7.6294417,0.25852522253990173,0.937632143497467,0.26892176270484924
YLR316C,YBL005W-A,0,-7.6301174,0.25844988226890564,0.937632143497467,0.2690274715423584
YJR025C,YHL031C,0,-7.6301575,0.2583746016025543,0.937632143497467,0.26913318037986755
YLR095C,YBR057C,0,-7.630258,0.2582993507385254,0.937632143497467,0.2692388892173767
YDR439W,YLR262C,0,-7.630424,0.25822415947914124,0.937632143497467,0.26934459805488586
YPL031C,YPL129W,0,-7.6311517,0.25814899802207947,0.937632143497467,0.269450306892395
YJL018W,YDR545W,0,-7.6315637,0.2580738961696625,0.937632143497467,0.2695560157299042
YBR015C,YKR059W,0,-7.6317244,0.25799882411956787,0.937632143497467,0.26966172456741333
YML113W,YOR232W,0,-7.631804,0.25792381167411804,0.937632143497467,0.2697674334049225
YPR122W,YPL139C,0,-7.6325774,0.2578488290309906,0.937632143497467,0.26987314224243164
YJR076C,YLR215C,0,-7.6326795,0.25777390599250793,0.937632143497467,0.2699788510799408
YFR005C,YLR417W,0,-7.632853,0.25769901275634766,0.937632143497467,0.27008455991744995
YNL148C,YPL145C,0,-7.633053,0.25762417912483215,0.937632143497467,0.2701902687549591
YOR250C,YML078W,0,-7.6332507,0.25754937529563904,0.937632143497467,0.27029597759246826
YDL044C,YDR369C,0,-7.633299,0.2574746012687683,0.937632143497467,0.2704016864299774
YDR283C,YGL142C,0,-7.633386,0.25739988684654236,0.937632143497467,0.2705073952674866
YGL173C,YPR165W,0,-7.63381,0.2573252022266388,0.937632143497467,0.2706131041049957
YFL011W-A,YPR017C,0,-7.6348276,0.25725057721138,0.937632143497467,0.2707188129425049
YNL278W,YNL126W,0,-7.6349864,0.2571759819984436,0.937632143497467,0.27082452178001404
YGL252C,YLR410W,0,-7.635446,0.257101446390152,0.937632143497467,0.2709302306175232
YOR274W,YBL024W,0,-7.6367173,0.25702694058418274,0.937632143497467,0.27103593945503235
YPL275W,YAR018C,0,-7.6371136,0.2569524943828583,0.937632143497467,0.2711416482925415
YAL015C,YNL332W,0,-7.63716,0.2568780779838562,0.937632143497467,0.27124735713005066
YFL017W-A,YDR131C,0,-7.63724,0.2568036913871765,0.937632143497467,0.2713530659675598
YOR133W,YNL064C,0,-7.6374583,0.2567293643951416,0.937632143497467,0.27145877480506897
YDL008W,YML132W,0,-7.6382694,0.25665509700775146,0.937632143497467,0.2715644836425781
YPR034W,YLR391W-A,0,-7.6385417,0.2565808594226837,0.937632143497467,0.2716701924800873
YER088C,YPL087W,0,-7.6389365,0.25650665163993835,0.937632143497467,0.27177590131759644
YNR038W,YML025C,1,-7.6394534,0.2567215859889984,0.9386892318725586,0.27177590131759644
YNL030W,YCL059C,0,-7.63948,0.25664740800857544,0.9386892318725586,0.2718816101551056
YFL041W,YER074W-A,0,-7.6396823,0.25657323002815247,0.9386892318725586,0.27198731899261475
YER016W,YJL033W,0,-7.639966,0.25649914145469666,0.9386892318725586,0.2720930278301239
YOR109W,YFL002W-A,0,-7.6403666,0.25642505288124084,0.9386892318725586,0.27219873666763306
YOL027C,YMR104C,0,-7.6409826,0.2563510537147522,0.9386892318725586,0.2723044455051422
YGL142C,YKL165C,0,-7.6413374,0.25627705454826355,0.9386892318725586,0.27241015434265137
YKR095W,YGL249W,0,-7.6413937,0.2562031149864197,0.9386892318725586,0.2725158631801605
YIL155C,YKL138C-A,0,-7.642194,0.2561292052268982,0.9386892318725586,0.2726215720176697
YIL131C,YDL120W,0,-7.6422057,0.2560553550720215,0.9386892318725586,0.27272728085517883
YKL022C,YNL072W,0,-7.642326,0.25598156452178955,0.9386892318725586,0.272832989692688
YBL013W,YML103C,0,-7.642986,0.2559077739715576,0.9386892318725586,0.27293869853019714
YHR083W,YOR132W,0,-7.6430097,0.25583404302597046,0.9386892318725586,0.2730444073677063
YAL010C,YPR161C,0,-7.643153,0.2557603716850281,0.9386892318725586,0.27315011620521545
YOL051W,YLR035C-A,0,-7.6433787,0.2556867301464081,0.9386892318725586,0.2732558250427246
YCL025C,YBR111W-A,0,-7.64347,0.2556131184101105,0.9386892318725586,0.27336153388023376
YDL030W,YDR201W,0,-7.6447825,0.25553956627845764,0.9386892318725586,0.2734672427177429
YHR120W,YDL105W,0,-7.6448226,0.2554660439491272,0.9386892318725586,0.2735729515552521
YLR391W-A,YGR010W,0,-7.6448455,0.25539258122444153,0.9386892318725586,0.27367866039276123
YML058W-A,YOR221C,0,-7.6452036,0.25531914830207825,0.9386892318725586,0.2737843692302704
YBR279W,YJL192C,0,-7.6455064,0.25524577498435974,0.9386892318725586,0.27389007806777954
YKR063C,YOR160W,0,-7.6457267,0.25517240166664124,0.9386892318725586,0.2739957571029663
YGL238W,YIL106W,0,-7.645784,0.2550991177558899,0.9386892318725586,0.27410146594047546
YDR243C,YNL126W,0,-7.645864,0.25502583384513855,0.9386892318725586,0.2742071747779846
YBR040W,YGL089C,0,-7.6463995,0.25495263934135437,0.9386892318725586,0.2743128836154938
YBR142W,YGR220C,1,-7.646692,0.2551664710044861,0.9397463202476501,0.2743128836154938
YFL050C,YOR035C,0,-7.647205,0.2550932466983795,0.9397463202476501,0.27441859245300293
YFR040W,YKR028W,0,-7.647486,0.2550200819969177,0.9397463202476501,0.2745243012905121
YPL133C,YBR058C-A,0,-7.648221,0.2549469470977783,0.9397463202476501,0.27463001012802124
YDR314C,YLR240W,0,-7.648592,0.2548738420009613,0.9397463202476501,0.2747357189655304
YDR434W,YDL134C,0,-7.648604,0.25480079650878906,0.9397463202476501,0.27484142780303955
YDR178W,YMR101C,0,-7.6490297,0.2547277808189392,0.9397463202476501,0.2749471366405487
YDL002C,YOR361C,0,-7.6494064,0.25465482473373413,0.9397463202476501,0.27505284547805786
YGR014W,YDR086C,0,-7.6494846,0.25458189845085144,0.9397463202476501,0.275158554315567
YPR105C,YOL090W,0,-7.6495805,0.2545090317726135,0.9397463202476501,0.27526426315307617
YPR065W,YLL056C,0,-7.6497083,0.2544361650943756,0.9397463202476501,0.2753699719905853
YOL059W,YCR080W,0,-7.649866,0.25436338782310486,0.9397463202476501,0.2754756808280945
YNL118C,YJR082C,0,-7.6500077,0.2542906105518341,0.9397463202476501,0.27558138966560364
YBR294W,YDR369C,0,-7.65015,0.25421789288520813,0.9397463202476501,0.2756870985031128
YLR288C,YBR254C,0,-7.650698,0.25414523482322693,0.9397463202476501,0.27579280734062195
YMR055C,YMR177W,0,-7.6508346,0.2540726065635681,0.9397463202476501,0.2758985161781311
YPR070W,YCL005W-A,0,-7.651219,0.2540000081062317,0.9397463202476501,0.27600422501564026
YPL195W,YOR386W,0,-7.6513443,0.25392743945121765,0.9397463202476501,0.2761099338531494
YLR353W,YOR004W,0,-7.6517396,0.2538549304008484,0.9397463202476501,0.27621564269065857
YDL175C,YMR013C,0,-7.652163,0.2537824809551239,0.9397463202476501,0.2763213515281677
YBR072W,YOR338W,0,-7.6521726,0.2537100315093994,0.9397463202476501,0.2764270603656769
YEL002C,YDR002W,0,-7.652564,0.2536376714706421,0.9397463202476501,0.27653276920318604
YKL150W,YDR477W,0,-7.653949,0.25356531143188477,0.9397463202476501,0.2766384780406952
YBL018C,YOR129C,0,-7.654837,0.2534930109977722,0.9397463202476501,0.27674418687820435
YCR002C,YLR380W,0,-7.6549106,0.25342074036598206,0.9397463202476501,0.2768498957157135
YCL003W,YNL304W,0,-7.65524,0.25334852933883667,0.9397463202476501,0.27695560455322266
YKL053C-A,YDR545W,0,-7.6553826,0.25327634811401367,0.9397463202476501,0.2770613133907318
YGR167W,YEL060C,0,-7.6554,0.25320422649383545,0.9397463202476501,0.27716702222824097
YDR206W,YOL128C,0,-7.6555305,0.2531321048736572,0.9397463202476501,0.2772727310657501
YMR001C,YDR165W,0,-7.655625,0.25306007266044617,0.9397463202476501,0.2773784399032593
YDR309C,YGR063C,0,-7.655863,0.2529880404472351,0.9397463202476501,0.27748414874076843
YMR234W,YJL145W,0,-7.656218,0.2529160678386688,0.9397463202476501,0.2775898575782776
YGL001C,YER053C,0,-7.6564817,0.2528441548347473,0.9397463202476501,0.27769556641578674
YMR119W,YJR076C,0,-7.6564965,0.2527722418308258,0.9397463202476501,0.2778012752532959
YEL051W,YGR054W,0,-7.6569343,0.2527003884315491,0.9397463202476501,0.27790698409080505
YML013W,YHR139C,0,-7.6569986,0.2526285946369171,0.9397463202476501,0.2780126929283142
YKL005C,YBL017C,0,-7.657209,0.25255683064460754,0.9397463202476501,0.27811840176582336
YOR349W,YOL128C,0,-7.6572304,0.25248509645462036,0.9397463202476501,0.2782241106033325
YNL117W,YDR545W,0,-7.657253,0.25241339206695557,0.9397463202476501,0.2783298194408417
YOR209C,YPL106C,0,-7.657887,0.25234174728393555,0.9397463202476501,0.27843552827835083
YOR157C,YGR054W,0,-7.658009,0.2522701621055603,0.9397463202476501,0.27854123711586
YLR207W,YNL310C,0,-7.6582217,0.25219857692718506,0.9397463202476501,0.27864694595336914
YKR027W,YDR206W,0,-7.6589084,0.2521270513534546,0.9397463202476501,0.2787526547908783
YOR035C,YNL284C-B,0,-7.658926,0.2520555853843689,0.9397463202476501,0.27885836362838745
YJL090C,YJR029W,0,-7.659151,0.2519841194152832,0.9397463202476501,0.2789640724658966
YPL049C,YGR054W,0,-7.6592536,0.2519127130508423,0.9397463202476501,0.27906978130340576
YNL075W,YIL082W-A,0,-7.659707,0.25184136629104614,0.9397463202476501,0.2791754901409149
YIL132C,YMR277W,0,-7.65978,0.2517700493335724,0.9397463202476501,0.2792811691761017
YKL165C,YJL098W,0,-7.6599617,0.251698762178421,0.9397463202476501,0.27938687801361084
YGR109C,YOR001W,0,-7.6605234,0.25162750482559204,0.9397463202476501,0.27949258685112
YCR020W-B,YDR065W,0,-7.6606994,0.25155630707740784,0.9397463202476501,0.27959829568862915
YMR285C,YDL033C,0,-7.660794,0.251485139131546,0.9397463202476501,0.2797040045261383
YBR088C,YDR027C,0,-7.6610274,0.251414030790329,0.9397463202476501,0.27980971336364746
YPL076W,YCR055C,0,-7.661162,0.2513429522514343,0.9397463202476501,0.2799154222011566
YLR438C-A,YPL270W,0,-7.6620665,0.25127190351486206,0.9397463202476501,0.28002113103866577
YEL066W,YEL062W,0,-7.6625752,0.25120091438293457,0.9397463202476501,0.2801268398761749
YCL031C,YHR119W,0,-7.662743,0.25112995505332947,0.9397463202476501,0.2802325487136841
YGR213C,YCL019W,0,-7.663238,0.25105902552604675,0.9397463202476501,0.28033825755119324
YKL060C,YBR092C,0,-7.6636467,0.2509881556034088,0.9397463202476501,0.2804439663887024
YKL185W,YKR068C,0,-7.6640387,0.25091731548309326,0.9397463202476501,0.28054967522621155
YGR220C,YDL014W,1,-7.664156,0.2511286735534668,0.9408034086227417,0.28054967522621155
YDL069C,YBR060C,0,-7.664289,0.25105783343315125,0.9408034086227417,0.2806553840637207
YNL288W,YER087C-A,0,-7.664512,0.2509870231151581,0.9408034086227417,0.28076109290122986
YEL027W,YPR133W-A,0,-7.6648197,0.2509162724018097,0.9408034086227417,0.280866801738739
YNL166C,YOR346W,0,-7.6650324,0.2508455514907837,0.9408034086227417,0.28097251057624817
YDR231C,YLR023C,0,-7.665376,0.2507748603820801,0.9408034086227417,0.2810782194137573
YDR145W,YJL109C,0,-7.6666236,0.25070422887802124,0.9408034086227417,0.2811839282512665
YPL265W,YKL029C,0,-7.667102,0.2506336271762848,0.9408034086227417,0.28128963708877563
YGL071W,YGL063W,0,-7.667593,0.2505630552768707,0.9408034086227417,0.2813953459262848
YDL230W,YML049C,0,-7.6678476,0.25049254298210144,0.9408034086227417,0.28150105476379395
YKL062W,YGL008C,0,-7.6678576,0.25042206048965454,0.9408034086227417,0.2816067636013031
YPR103W,YLR337W,0,-7.6681213,0.25035160779953003,0.9408034086227417,0.28171247243881226
YGR014W,YJL035C,0,-7.668132,0.2502812147140503,0.9408034086227417,0.2818181812763214
YGL027C,YMR234W,0,-7.668174,0.25021085143089294,0.9408034086227417,0.28192389011383057
YLR382C,YFR003C,0,-7.6683793,0.250140517950058,0.9408034086227417,0.2820295989513397
YLR197W,YHR039C-B,0,-7.6685004,0.2500702440738678,0.9408034086227417,0.2821353077888489
YDR265W,YCR027C,0,-7.668698,0.25,0.9408034086227417,0.28224101662635803
YDR211W,YHR163W,0,-7.668907,0.24992980062961578,0.9408034086227417,0.2823467254638672
YHL040C,YKL019W,0,-7.668965,0.24985963106155396,0.9408034086227417,0.28245243430137634
YMR015C,YKL126W,0,-7.669186,0.2497895061969757,0.9408034086227417,0.2825581431388855
YDR175C,YLR301W,0,-7.669252,0.24971941113471985,0.9408034086227417,0.28266385197639465
YDR361C,YNL288W,0,-7.6696124,0.24964937567710876,0.9408034086227417,0.2827695608139038
YGL106W,YDL225W,0,-7.6698136,0.24957935512065887,0.9408034086227417,0.28287526965141296
YKL093W,YNL284C-B,0,-7.6700983,0.24950939416885376,0.9408034086227417,0.2829809784889221
YLR285W,YKL108W,0,-7.6701937,0.24943946301937103,0.9408034086227417,0.2830866873264313
YDL175C,YCL031C,0,-7.6704907,0.2493695765733719,0.9408034086227417,0.28319239616394043
YBR110W,YDR422C,0,-7.6706724,0.24929971992969513,0.9408034086227417,0.2832981050014496
YER070W,YJR027W,0,-7.670823,0.24922990798950195,0.9408034086227417,0.28340381383895874
YIL030C,YOR356W,0,-7.6732316,0.24916014075279236,0.9408034086227417,0.2835095226764679
YLR447C,YCL005W-A,0,-7.6734843,0.24909040331840515,0.9408034086227417,0.28361523151397705
YPR128C,YDL004W,0,-7.674061,0.24902071058750153,0.9408034086227417,0.2837209403514862
YGR185C,YER138C,0,-7.674699,0.2489510476589203,0.9408034086227417,0.28382664918899536
YOL078W,YGL054C,0,-7.6747622,0.24888142943382263,0.9408034086227417,0.2839323580265045
YPL231W,YNL070W,0,-7.6747828,0.24881185591220856,0.9408034086227417,0.28403806686401367
YJL194W,YGL173C,0,-7.6747975,0.24874231219291687,0.9408034086227417,0.2841437757015228
YOR008C,YNL213C,0,-7.6761804,0.24867281317710876,0.9408034086227417,0.284249484539032
YER155C,YOR230W,0,-7.6767416,0.24860335886478424,0.9408034086227417,0.28435519337654114
YFL050C,YHR106W,0,-7.6779585,0.2485339343547821,0.9408034086227417,0.2844609022140503
YOR310C,YHR079C-B,0,-7.6781855,0.24846453964710236,0.9408034086227417,0.28456661105155945
YBR041W,YDR210C-D,0,-7.6785283,0.24839520454406738,0.9408034086227417,0.2846722900867462
YLR431C,YBR036C,0,-7.6785927,0.2483258992433548,0.9408034086227417,0.28477799892425537
YCL012W,YKL117W,0,-7.678681,0.2482566237449646,0.9408034086227417,0.2848837077617645
YGR179C,YMR201C,0,-7.6787047,0.24818739295005798,0.9408034086227417,0.2849894165992737
YCR089W,YPL180W,0,-7.678848,0.24811820685863495,0.9408034086227417,0.28509512543678284
YPL086C,YMR225C,0,-7.6793494,0.2480490505695343,0.9408034086227417,0.285200834274292
YPL051W,YCL027W,0,-7.6797857,0.24797993898391724,0.9408034086227417,0.28530654311180115
YGL093W,YIL063C,0,-7.680011,0.24791085720062256,0.9408034086227417,0.2854122519493103
YIL013C,YAR010C,0,-7.6815763,0.24784182012081146,0.9408034086227417,0.28551796078681946
YGL049C,YOR008C-A,0,-7.681934,0.24777282774448395,0.9408034086227417,0.2856236696243286
YGR078C,YPL139C,0,-7.682485,0.24770386517047882,0.9408034086227417,0.28572937846183777
YAL042W,YLR005W,0,-7.68295,0.24763494729995728,0.9408034086227417,0.2858350872993469
YMR263W,YBR289W,0,-7.683121,0.24756605923175812,0.9408034086227417,0.2859407961368561
YFL031W,YGR166W,0,-7.6832848,0.24749721586704254,0.9408034086227417,0.28604650497436523
YIR037W,YHR005C-A,0,-7.683436,0.24742841720581055,0.9408034086227417,0.2861522138118744
YOR083W,YNL304W,0,-7.683785,0.24735964834690094,0.9408034086227417,0.28625792264938354
YPL060W,YDR055W,0,-7.6838393,0.24729090929031372,0.9408034086227417,0.2863636314868927
YPL181W,YJR019C,0,-7.683984,0.24722221493721008,0.9408034086227417,0.28646934032440186
YDR411C,YGL126W,0,-7.684513,0.24715356528759003,0.9408034086227417,0.286575049161911
YML047C,YER148W,0,-7.684895,0.24708494544029236,0.9408034086227417,0.28668075799942017
YOR109W,YIL095W,0,-7.6852307,0.24701637029647827,0.9408034086227417,0.2867864668369293
YNR010W,YPL181W,0,-7.6858597,0.24694783985614777,0.9408034086227417,0.2868921756744385
YDL006W,YIL031W,0,-7.686532,0.24687933921813965,0.9408034086227417,0.28699788451194763
YJL198W,YOL066C,0,-7.68662,0.24681086838245392,0.9408034086227417,0.2871035933494568
YDR363W-A,YBR097W,0,-7.6866293,0.24674244225025177,0.9408034086227417,0.28720930218696594
YDL161W,YHR089C,0,-7.687018,0.2466740608215332,0.9408034086227417,0.2873150110244751
YER119C,YDL216C,0,-7.6872535,0.24660570919513702,0.9408034086227417,0.28742071986198425
YJR022W,YKL080W,0,-7.6875234,0.24653740227222443,0.9408034086227417,0.2875264286994934
YPL100W,YPL001W,0,-7.688681,0.24646912515163422,0.9408034086227417,0.28763213753700256
YER013W,YKL095W,0,-7.688866,0.2464008927345276,0.9408034086227417,0.2877378463745117
YBR228W,YCL033C,0,-7.689697,0.24633269011974335,0.9408034086227417,0.2878435552120209
YHR053C,YGL004C,0,-7.690565,0.2462645322084427,0.9408034086227417,0.28794926404953003
YPR046W,YPL234C,0,-7.6905737,0.24619640409946442,0.9408034086227417,0.2880549728870392
YHR053C,YPR137C-B,0,-7.6911306,0.24612832069396973,0.9408034086227417,0.28816068172454834
YGR133W,YDR079C-A,0,-7.691396,0.24606026709079742,0.9408034086227417,0.2882663905620575
YPL274W,YOR064C,0,-7.6915107,0.2459922581911087,0.9408034086227417,0.28837209939956665
YPL012W,YEL031W,0,-7.691582,0.24592429399490356,0.9408034086227417,0.2884778082370758
YLR044C,YNL302C,0,-7.692519,0.2458563596010208,0.9408034086227417,0.28858351707458496
YMR314W,YNL054W,0,-7.6925597,0.24578845500946045,0.9408034086227417,0.2886892259120941
YGR170W,YCL074W,0,-7.6932354,0.24572059512138367,0.9408034086227417,0.28879493474960327
YHR107C,YOR266W,0,-7.6934137,0.24565277993679047,0.9408034086227417,0.2889006435871124
YML064C,YOR287C,0,-7.6934896,0.24558499455451965,0.9408034086227417,0.2890063524246216
YLR433C,YMR013C,0,-7.693884,0.24551723897457123,0.9408034086227417,0.28911206126213074
YNL103W,YBR050C,0,-7.6946898,0.24544952809810638,0.9408034086227417,0.2892177700996399
YHR004C,YBR276C,0,-7.694856,0.24538186192512512,0.9408034086227417,0.28932347893714905
YAR008W,YCL074W,0,-7.695838,0.24531422555446625,0.9408034086227417,0.2894291877746582
YPL085W,YPR036W,0,-7.6958766,0.24524661898612976,0.9408034086227417,0.28953489661216736
YER089C,YMR104C,0,-7.697603,0.24517905712127686,0.9408034086227417,0.2896406054496765
YJR065C,YIR019C,0,-7.69858,0.24511153995990753,0.9408034086227417,0.28974631428718567
YNL223W,YIL129C,0,-7.698641,0.2450440526008606,0.9408034086227417,0.2898520231246948
YGL124C,YGL144C,0,-7.6990895,0.24497660994529724,0.9408034086227417,0.2899577021598816
YJL117W,YDR487C,0,-7.6992383,0.24490919709205627,0.9408034086227417,0.29006341099739075
YNR038W,YGR220C,1,-7.699378,0.2451169192790985,0.9418604373931885,0.29006341099739075
YKR053C,YPL033C,0,-7.6995296,0.24504950642585754,0.9418604373931885,0.2901691198348999
YOR023C,YKL095W,0,-7.6998544,0.24498212337493896,0.9418604373931885,0.29027482867240906
YBR223C,YDR079C-A,0,-7.700106,0.24491478502750397,0.9418604373931885,0.2903805375099182
YOR193W,YOR035C,0,-7.7001805,0.24484749138355255,0.9418604373931885,0.29048624634742737
YHR091C,YDR422C,0,-7.70034,0.24478021264076233,0.9418604373931885,0.2905919551849365
YKL101W,YLR223C,0,-7.7010236,0.24471299350261688,0.9418604373931885,0.2906976640224457
YNR010W,YMR220W,0,-7.7010975,0.24464580416679382,0.9418604373931885,0.29080337285995483
YGR247W,YKR048C,0,-7.701202,0.24457864463329315,0.9418604373931885,0.290909081697464
YIR013C,YBR143C,0,-7.7020574,0.24451152980327606,0.9418604373931885,0.29101479053497314
YHR042W,YHR048W,0,-7.7020884,0.24444444477558136,0.9418604373931885,0.2911204993724823
YHR169W,YHR039C-B,0,-7.702726,0.24437740445137024,0.9418604373931885,0.29122620820999146
YDL200C,YNL326C,0,-7.702744,0.2443103939294815,0.9418604373931885,0.2913319170475006
YOL112W,YDL106C,0,-7.703148,0.24424342811107635,0.9418604373931885,0.29143762588500977
YBR202W,YIL080W,0,-7.7036757,0.2441764920949936,0.9418604373931885,0.2915433347225189
YOR284W,YMR156C,0,-7.7040014,0.24410958588123322,0.9418604373931885,0.2916490435600281
YLR060W,YGR099W,0,-7.704234,0.24404272437095642,0.9418604373931885,0.29175475239753723
YGR006W,YGL171W,0,-7.7057467,0.2439759075641632,0.9418604373931885,0.2918604612350464
YJL101C,YCL051W,0,-7.706326,0.24390912055969238,0.9418604373931885,0.29196617007255554
YDR317W,YCR028C-A,0,-7.706405,0.24384236335754395,0.9418604373931885,0.2920718789100647
YGR140W,YMR015C,0,-7.7064614,0.2437756508588791,0.9418604373931885,0.29217758774757385
YKL185W,YOR142W,0,-7.7064996,0.24370896816253662,0.9418604373931885,0.292283296585083
YBR182C,YGR270W,0,-7.706727,0.24364233016967773,0.9418604373931885,0.29238900542259216
YGR279C,YML064C,0,-7.7071056,0.24357572197914124,0.9418604373931885,0.2924947142601013
YLR069C,YDR369C,0,-7.707396,0.24350915849208832,0.9418604373931885,0.2926004230976105
YOR074C,YLR228C,0,-7.707497,0.2434426248073578,0.9418604373931885,0.29270613193511963
YBR023C,YOR267C,0,-7.707735,0.24337612092494965,0.9418604373931885,0.2928118407726288
YNL161W,YMR001C,0,-7.7079606,0.24330966174602509,0.9418604373931885,0.29291754961013794
YBR280C,YIL073C,0,-7.708123,0.2432432472705841,0.9418604373931885,0.2930232584476471
YKR066C,YIL167W,0,-7.708393,0.24317686259746552,0.9418604373931885,0.29312896728515625
YPL117C,YML028W,0,-7.70884,0.2431105077266693,0.9418604373931885,0.2932346761226654
YKL144C,YNL197C,0,-7.7103086,0.2430441826581955,0.9418604373931885,0.29334038496017456
YKL025C,YHR006W,0,-7.7106547,0.24297791719436646,0.9418604373931885,0.2934460937976837
YFL035C,YIL030C,0,-7.7108545,0.2429116666316986,0.9418604373931885,0.29355180263519287
YLL026W,YGL173C,0,-7.711132,0.24284546077251434,0.9418604373931885,0.293657511472702
YMR305C,YLR222C,0,-7.7115083,0.24277928471565247,0.9418604373931885,0.2937632203102112
YDL145C,YDL098C,0,-7.7123146,0.24271315336227417,0.9418604373931885,0.29386892914772034
YHL009C,YER138C,0,-7.7124863,0.24264705181121826,0.9418604373931885,0.2939746379852295
YOL095C,YDR289C,0,-7.7127886,0.24258099496364594,0.9418604373931885,0.29408034682273865
YMR177W,YDL040C,0,-7.7138095,0.242514967918396,0.9418604373931885,0.2941860556602478
YJR064W,YML123C,0,-7.713839,0.24244898557662964,0.9418604373931885,0.29429176449775696
YPR165W,YKL006C-A,0,-7.714163,0.24238301813602448,0.9418604373931885,0.2943974733352661
YOL077W-A,YHR118C,0,-7.7145557,0.2423171103000641,0.9418604373931885,0.29450318217277527
YLR052W,YJR029W,0,-7.7145815,0.2422512173652649,0.9418604373931885,0.2946088910102844
YPR029C,YLR370C,0,-7.7151837,0.24218536913394928,0.9418604373931885,0.2947145998477936
YKR101W,YNL273W,0,-7.715426,0.24211956560611725,0.9418604373931885,0.29482030868530273
YMR218C,YML093W,0,-7.7154813,0.2420537918806076,0.9418604373931885,0.2949260175228119
YLR084C,YOL093W,0,-7.715595,0.24198804795742035,0.9418604373931885,0.29503172636032104
YPR070W,YJL190C,0,-7.7158666,0.24192234873771667,0.9418604373931885,0.2951374351978302
YDL074C,YHL025W,0,-7.7159824,0.2418566793203354,0.9418604373931885,0.29524311423301697
YJR108W,YHR174W,0,-7.716135,0.2417910397052765,0.9418604373931885,0.2953488230705261
YLL009C,YFR019W,0,-7.716557,0.24172544479370117,0.9418604373931885,0.2954545319080353
YMR161W,YOR294W,0,-7.7166543,0.24165987968444824,0.9418604373931885,0.29556024074554443
YLR028C,YPR121W,0,-7.7166595,0.2415943592786789,0.9418604373931885,0.2956659495830536
YMR225C,YNL253W,0,-7.717266,0.24152886867523193,0.9418604373931885,0.29577165842056274
YLR274W,YIL014W,0,-7.717486,0.24146340787410736,0.9418604373931885,0.2958773672580719
YAL044C,YOR182C,0,-7.718207,0.24139799177646637,0.9418604373931885,0.29598307609558105
YIL142W,YDL039C,0,-7.719268,0.24133260548114777,0.9418604373931885,0.2960887849330902
YJL198W,YIR022W,0,-7.719879,0.24126726388931274,0.9418604373931885,0.29619449377059937
YJL021C,YDR446W,0,-7.720302,0.2412019520998001,0.9418604373931885,0.2963002026081085
YNL147W,YOL146W,0,-7.7203364,0.24113667011260986,0.9418604373931885,0.2964059114456177
YLR320W,YBR060C,0,-7.72043,0.2410714328289032,0.9418604373931885,0.29651162028312683
YIL033C,YBL105C,0,-7.721048,0.24100622534751892,0.9418604373931885,0.296617329120636
YLR391W-A,YJR007W,0,-7.7214727,0.24094104766845703,0.9418604373931885,0.29672303795814514
YDR432W,YHR079C-B,0,-7.7217503,0.24087591469287872,0.9418604373931885,0.2968287467956543
YIL124W,YPR082C,0,-7.722326,0.2408108115196228,0.9418604373931885,0.29693445563316345
YJR033C,YGL126W,0,-7.7225537,0.24074573814868927,0.9418604373931885,0.2970401644706726
YDR318W,YJL089W,0,-7.7226415,0.24068070948123932,0.9418604373931885,0.29714587330818176
YDL093W,YDR489W,0,-7.7227473,0.24061571061611176,0.9418604373931885,0.2972515821456909
YNR008W,YFR003C,0,-7.7227635,0.24055075645446777,0.9418604373931885,0.2973572909832001
YGL127C,YHR161C,0,-7.72288,0.24048583209514618,0.9418604373931885,0.29746299982070923
YPR037C,YCR084C,0,-7.7232766,0.24042093753814697,0.9418604373931885,0.2975687086582184
YPL040C,YFR040W,0,-7.7239523,0.24035608768463135,0.9418604373931885,0.29767441749572754
YOL012C,YBR111W-A,0,-7.7244887,0.2402912676334381,0.9418604373931885,0.2977801263332367
YEL009C,YOR149C,0,-7.725194,0.24022647738456726,0.9418604373931885,0.29788583517074585
YFL059W,YIL023C,0,-7.725284,0.24016173183918,0.9418604373931885,0.297991544008255
YMR092C,YEL057C,0,-7.725492,0.2400970160961151,0.9418604373931885,0.29809725284576416
YOR274W,YIL080W,0,-7.7257094,0.24003233015537262,0.9418604373931885,0.2982029616832733
YBR029C,YLR328W,0,-7.7264323,0.23996767401695251,0.9418604373931885,0.29830867052078247
YOR354C,YAL005C,0,-7.72772,0.239903062582016,0.9418604373931885,0.2984143793582916
YML088W,YKL070W,0,-7.728425,0.23983849585056305,0.9418604373931885,0.2985200881958008
YER114C,YIL031W,0,-7.72858,0.2397739440202713,0.9418604373931885,0.29862579703330994
YOL034W,YCL005W-A,0,-7.7286763,0.23970943689346313,0.9418604373931885,0.2987315058708191
YPL170W,YKL062W,0,-7.7289605,0.23964497447013855,0.9418604373931885,0.29883721470832825
YKR062W,YDR002W,0,-7.7295437,0.23958052694797516,0.9418604373931885,0.2989429235458374
YPR181C,YKR089C,0,-7.730541,0.23951612412929535,0.9418604373931885,0.29904863238334656
YER146W,YNL310C,0,-7.7311287,0.23945176601409912,0.9418604373931885,0.2991543412208557
YKL194C,YKR095W-A,0,-7.7311664,0.2393874228000641,0.9418604373931885,0.29926005005836487
YIR022W,YHR135C,0,-7.7314353,0.23932312428951263,0.9418604373931885,0.299365758895874
YGR145W,YKL055C,0,-7.732117,0.23925885558128357,0.9418604373931885,0.2994714677333832
YOR061W,YKL196C,0,-7.7332797,0.23919463157653809,0.9418604373931885,0.29957717657089233
YHR079C-A,YLR312C-B,0,-7.73334,0.239130437374115,0.9418604373931885,0.2996828854084015
YLR214W,YPL258C,0,-7.734119,0.23906627297401428,0.9418604373931885,0.29978859424591064
YGR218W,YHL006C,0,-7.734141,0.23900215327739716,0.9418604373931885,0.2998943030834198
YNL250W,YER074W-A,0,-7.7342,0.23893804848194122,0.9418604373931885,0.30000001192092896
YBR131W,YAR010C,0,-7.7342587,0.23887398838996887,0.9418604373931885,0.3001057207584381
YNL242W,YER074W-A,0,-7.7344747,0.2388099730014801,0.9418604373931885,0.30021142959594727
YDL115C,YLR265C,0,-7.734491,0.23874598741531372,0.9418604373931885,0.3003171384334564
YMR319C,YOR346W,0,-7.734634,0.23868203163146973,0.9418604373931885,0.3004228472709656
YGR060W,YJL026W,0,-7.7348228,0.23861810564994812,0.9418604373931885,0.30052855610847473
YJL085W,YPL190C,0,-7.73488,0.2385542094707489,0.9418604373931885,0.3006342351436615
YBR009C,YHR204W,0,-7.735002,0.23849035799503326,0.9418604373931885,0.30073994398117065
YGL135W,YNL273W,0,-7.735448,0.2384265512228012,0.9418604373931885,0.3008456528186798
YGL194C,YPR067W,0,-7.7356615,0.23836275935173035,0.9418604373931885,0.30095136165618896
YER016W,YOL026C,0,-7.735969,0.23829901218414307,0.9418604373931885,0.3010570704936981
YJL128C,YDR362C,0,-7.736013,0.23823529481887817,0.9418604373931885,0.3011627793312073
YAL026C,YJL208C,0,-7.737268,0.23817160725593567,0.9418604373931885,0.30126848816871643
YHR193C,YJR140C,0,-7.737356,0.23810796439647675,0.9418604373931885,0.3013741970062256
YIL072W,YJL156C,0,-7.7374105,0.2380443513393402,0.9418604373931885,0.30147990584373474
YER065C,YLR145W,0,-7.7374797,0.23798076808452606,0.9418604373931885,0.3015856146812439
YNL251C,YDR388W,0,-7.737566,0.2379172295331955,0.9418604373931885,0.30169132351875305
YGL124C,YCL069W,0,-7.737843,0.23785370588302612,0.9418604373931885,0.3017970323562622
YOL130W,YKL165C,0,-7.738091,0.23779022693634033,0.9418604373931885,0.30190274119377136
YCL012W,YGR268C,0,-7.738197,0.23772679269313812,0.9418604373931885,0.3020084500312805
YNL020C,YKR089C,0,-7.7387667,0.2376633733510971,0.9418604373931885,0.3021141588687897
YBR286W,YDR028C,0,-7.738787,0.23759999871253967,0.9418604373931885,0.30221986770629883
YGL155W,YJL128C,0,-7.7393713,0.23753665387630463,0.9418604373931885,0.302325576543808
YMR113W,YNL121C,0,-7.7406125,0.23747335374355316,0.9418604373931885,0.30243128538131714
YPL248C,YCL003W,0,-7.7406197,0.2374100685119629,0.9418604373931885,0.3025369942188263
YDR453C,YAR010C,0,-7.741058,0.2373468279838562,0.9418604373931885,0.30264270305633545
YIL035C,YML032C,0,-7.7422543,0.2372836172580719,0.9418604373931885,0.3027484118938446
YDR425W,YER018C,0,-7.7423778,0.23722045123577118,0.9418604373931885,0.30285412073135376
YNL029C,YBR237W,0,-7.7423873,0.23715730011463165,0.9418604373931885,0.3029598295688629
YDR409W,YGR212W,0,-7.742422,0.2370941936969757,0.9418604373931885,0.30306553840637207
YDL013W,YPL128C,0,-7.742892,0.23703113198280334,0.9418604373931885,0.3031712472438812
YMR280C,YGR218W,0,-7.743426,0.23696808516979218,0.9418604373931885,0.3032769560813904
YOL026C,YPR080W,0,-7.743714,0.2369050830602646,0.9418604373931885,0.30338266491889954
YER111C,YMR067C,0,-7.745074,0.2368421107530594,0.9418604373931885,0.3034883737564087
YMR073C,YMR047C,0,-7.745905,0.23677916824817657,0.9418604373931885,0.30359408259391785
YFL035C,YDR464W,0,-7.74658,0.23671625554561615,0.9418604373931885,0.303699791431427
YER035W,YBL005W-B,0,-7.7466846,0.2366533875465393,0.9418604373931885,0.30380550026893616
YBL006C,YCR055C,0,-7.746768,0.23659054934978485,0.9418604373931885,0.3039112091064453
YNL288W,YDR409W,0,-7.7472625,0.23652774095535278,0.9418604373931885,0.30401691794395447
YJL209W,YDR065W,0,-7.7474895,0.2364649623632431,0.9418604373931885,0.3041226267814636
YKL011C,YLR238W,0,-7.74774,0.236402228474617,0.9418604373931885,0.3042283356189728
YHR116W,YEL065W,0,-7.747988,0.2363395243883133,0.9418604373931885,0.30433404445648193
YDL175C,YCL074W,0,-7.748363,0.23627685010433197,0.9418604373931885,0.3044397532939911
YBR233W-A,YNL250W,0,-7.748528,0.23621420562267303,0.9418604373931885,0.30454546213150024
YAR002W,YDR281C,0,-7.7486506,0.23615160584449768,0.9418604373931885,0.3046511709690094
YCR094W,YLR033W,0,-7.74871,0.23608903586864471,0.9418604373931885,0.30475687980651855
YOL116W,YHR084W,0,-7.7489543,0.23602649569511414,0.9418604373931885,0.3048625886440277
YOR076C,YDR316W-B,0,-7.7498965,0.23596398532390594,0.9418604373931885,0.30496829748153687
YMR043W,YIR002C,0,-7.7501307,0.23590150475502014,0.9418604373931885,0.305074006319046
YAL051W,YDL109C,0,-7.7508135,0.23583906888961792,0.9418604373931885,0.3051797151565552
YDR423C,YEL060C,0,-7.7508545,0.23577666282653809,0.9418604373931885,0.30528542399406433
YOR206W,YDR207C,0,-7.7510824,0.23571428656578064,0.9418604373931885,0.3053911328315735
YAL007C,YDR363W-A,0,-7.7514815,0.23565194010734558,0.9418604373931885,0.30549684166908264
YGR254W,YHR039C-B,0,-7.752555,0.2355896383523941,0.9418604373931885,0.3056025505065918
YHR188C,YDL190C,0,-7.752682,0.23552736639976501,0.9418604373931885,0.30570825934410095
YJL115W,YGL172W,0,-7.7527814,0.23546510934829712,0.9418604373931885,0.3058139681816101
YNL271C,YIL018W,0,-7.7534423,0.235402911901474,0.9418604373931885,0.3059196472167969
YOL151W,YJL113W,0,-7.753962,0.23534072935581207,0.9418604373931885,0.30602535605430603
YLR335W,YLR044C,0,-7.7539716,0.23527859151363373,0.9418604373931885,0.3061310648918152
YLR318W,YHR118C,0,-7.754165,0.23521646857261658,0.9418604373931885,0.30623677372932434
YOL040C,YBR175W,0,-7.7543817,0.235154390335083,0.9418604373931885,0.3063424825668335
YDL044C,YLR135W,0,-7.7547045,0.23509234189987183,0.9418604373931885,0.30644819140434265
YCL060C,YJR104C,0,-7.7551045,0.23503033816814423,0.9418604373931885,0.3065539002418518
YPL145C,YDR122W,0,-7.7553134,0.23496834933757782,0.9418604373931885,0.30665960907936096
YKR052C,YMR293C,0,-7.7553525,0.234906405210495,0.9418604373931885,0.3067653179168701
YBR272C,YLR191W,0,-7.755401,0.23484449088573456,0.9418604373931885,0.3068710267543793
YPR103W,YNL045W,0,-7.755707,0.2347826063632965,0.9418604373931885,0.3069767355918884
YLR391W,YML097C,0,-7.7557073,0.23472075164318085,0.9418604373931885,0.3070824444293976
YBR272C,YDR308C,0,-7.7560973,0.23465894162654877,0.9418604373931885,0.30718815326690674
YDR191W,YBR283C,0,-7.7566056,0.23459716141223907,0.9418604373931885,0.3072938621044159
YCR098C,YOL002C,0,-7.757582,0.23453541100025177,0.9418604373931885,0.30739957094192505
YDR052C,YJL167W,0,-7.757742,0.23447369039058685,0.9418604373931885,0.3075052797794342
YPR138C,YIL128W,0,-7.757962,0.23441199958324432,0.9418604373931885,0.30761098861694336
YER167W,YNL084C,0,-7.7580132,0.23435033857822418,0.9418604373931885,0.3077166974544525
YOR313C,YIL017W,0,-7.758362,0.23428872227668762,0.9418604373931885,0.30782240629196167
YKL001C,YOL094C,0,-7.7583666,0.23422713577747345,0.9418604373931885,0.3079281151294708
YGL011C,YJR010C-A,0,-7.7592454,0.23416556417942047,0.9418604373931885,0.30803382396698
YPL008W,YDR297W,0,-7.760161,0.23410405218601227,0.9418604373931885,0.30813953280448914
YMR083W,YBR132C,0,-7.760226,0.23404255509376526,0.9418604373931885,0.3082452416419983
YNL041C,YKL035W,0,-7.760267,0.23398108780384064,0.9418604373931885,0.30835095047950745
YLR391W,YGL016W,0,-7.76028,0.2339196652173996,0.9418604373931885,0.3084566593170166
YBR041W,YFL002W-A,0,-7.760548,0.23385827243328094,0.9418604373931885,0.30856236815452576
YNL027W,YGR212W,0,-7.760589,0.23379690945148468,0.9418604373931885,0.3086680769920349
YMR277W,YJR028W,0,-7.760746,0.2337355762720108,0.9418604373931885,0.30877378582954407
YNL148C,YKL196C,0,-7.7609487,0.23367427289485931,0.9418604373931885,0.3088794946670532
YMR177W,YBR082C,0,-7.7610393,0.2336129993200302,0.9418604373931885,0.3089852035045624
YHR079C-B,YIL129C,0,-7.7613034,0.2335517704486847,0.9418604373931885,0.30909091234207153
YGR267C,YDR174W,0,-7.761938,0.23349057137966156,0.9418604373931885,0.3091966211795807
YGL232W,YLR035C-A,0,-7.762216,0.23342940211296082,0.9418604373931885,0.30930233001708984
YBR192W,YBR152W,0,-7.7623687,0.23336826264858246,0.9418604373931885,0.309408038854599
YAL026C,YJR026W,0,-7.762727,0.2333071529865265,0.9418604373931885,0.30951374769210815
YML062C,YDR251W,0,-7.7627873,0.2332460731267929,0.9418604373931885,0.3096194565296173
YNL307C,YML047C,0,-7.7632546,0.2331850230693817,0.9418604373931885,0.30972516536712646
YAL025C,YGR220C,1,-7.763367,0.23338566720485687,0.94291752576828,0.30972516536712646
YFL025C,YHR194W,0,-7.7635665,0.23332461714744568,0.94291752576828,0.3098308742046356
YLR060W,YNL129W,0,-7.7636285,0.23326359689235687,0.94291752576828,0.3099365830421448
YHL040C,YBL105C,0,-7.7636795,0.23320262134075165,0.94291752576828,0.31004229187965393
YPL139C,YER074W-A,0,-7.7636943,0.23314166069030762,0.94291752576828,0.3101480007171631
YHR183W,YKL173W,0,-7.7637215,0.23308074474334717,0.94291752576828,0.31025370955467224
YPL160W,YDL105W,0,-7.763803,0.2330198585987091,0.94291752576828,0.3103594183921814
YBR217W,YOL095C,0,-7.765465,0.23295900225639343,0.94291752576828,0.31046512722969055
YPL160W,YNR075W,0,-7.7659416,0.23289817571640015,0.94291752576828,0.3105708360671997
YAL043C,YHR154W,0,-7.7661405,0.23283737897872925,0.94291752576828,0.31067654490470886
YGR244C,YER138C,0,-7.7664747,0.23277661204338074,0.94291752576828,0.310782253742218
YFL002W-A,YHR020W,0,-7.7670407,0.2327158898115158,0.94291752576828,0.3108879625797272
YGR097W,YFL002W-A,0,-7.767351,0.23265519738197327,0.94291752576828,0.31099367141723633
YOR079C,YLR310C,0,-7.7673545,0.23259451985359192,0.94291752576828,0.3110993802547455
YLR411W,YFL017W-A,0,-7.768123,0.23253388702869415,0.94291752576828,0.31120505928993225
YER015W,YEL057C,0,-7.768219,0.23247328400611877,0.94291752576828,0.3113107681274414
YCL014W,YBL005W-B,0,-7.7684226,0.23241271078586578,0.94291752576828,0.31141647696495056
YBR090C-A,YOR064C,0,-7.768568,0.23235218226909637,0.94291752576828,0.3115221858024597
YGL078C,YGR220C,1,-7.7686367,0.23255208134651184,0.9439746141433716,0.3115221858024597
YGR202C,YDR473C,0,-7.7692304,0.23249153792858124,0.9439746141433716,0.31162789463996887
YPL048W,YOR148C,0,-7.7692513,0.23243102431297302,0.9439746141433716,0.311733603477478
YOL023W,YDL052C,0,-7.771027,0.2323705404996872,0.9439746141433716,0.3118393123149872
YNL253W,YBR097W,0,-7.7710586,0.23231008648872375,0.9439746141433716,0.31194502115249634
YPR105C,YDR328C,0,-7.7715163,0.2322496771812439,0.9439746141433716,0.3120507299900055
YDR098C,YFL002W-A,0,-7.7715344,0.23218928277492523,0.9439746141433716,0.31215643882751465
YCL003W,YDR515W,0,-7.7722125,0.23212893307209015,0.9439746141433716,0.3122621476650238
YOR026W,YNR011C,0,-7.772314,0.23206861317157745,0.9439746141433716,0.31236785650253296
YMR296C,YAR010C,0,-7.7725887,0.23200830817222595,0.9439746141433716,0.3124735653400421
YKL173W,YJR029W,0,-7.772667,0.23194804787635803,0.9439746141433716,0.31257927417755127
YIL009C-A,YMR234W,0,-7.773234,0.2318878173828125,0.9439746141433716,0.3126849830150604
YMR035W,YPL253C,0,-7.7734017,0.23182761669158936,0.9439746141433716,0.3127906918525696
YOR144C,YCL063W,0,-7.77388,0.2317674607038498,0.9439746141433716,0.31289640069007874
YLR153C,YNL317W,0,-7.7743564,0.23170731961727142,0.9439746141433716,0.3130021095275879
YMR208W,YCR075C,0,-7.774742,0.23164720833301544,0.9439746141433716,0.31310781836509705
YNL147W,YNL273W,0,-7.775287,0.23158714175224304,0.9439746141433716,0.3132135272026062
YNL222W,YOR069W,0,-7.7759604,0.23152709007263184,0.9439746141433716,0.31331923604011536
YPR086W,YDR065W,0,-7.776801,0.2314670830965042,0.9439746141433716,0.3134249448776245
YHR160C,YBR012W-A,0,-7.778069,0.23140710592269897,0.9439746141433716,0.31353065371513367
YPL195W,YDR440W,0,-7.778292,0.23134714365005493,0.9439746141433716,0.3136363625526428
YDR459C,YDR529C,0,-7.77841,0.23128722608089447,0.9439746141433716,0.313742071390152
YOR130C,YGL115W,0,-7.7786937,0.2312273383140564,0.9439746141433716,0.31384778022766113
YNL153C,YCL075W,0,-7.7788773,0.2311674803495407,0.9439746141433716,0.3139534890651703
YJR006W,YER089C,0,-7.7791147,0.2311076670885086,0.9439746141433716,0.31405919790267944
YML028W,YER074W-A,0,-7.7794147,0.2310478687286377,0.9439746141433716,0.3141649067401886
YER107C,YCR040W,0,-7.779491,0.23098810017108917,0.9439746141433716,0.31427061557769775
YEL036C,YMR061W,0,-7.7799935,0.23092836141586304,0.9439746141433716,0.3143763244152069
YDR393W,YCL074W,0,-7.7806196,0.23086866736412048,0.9439746141433716,0.31448203325271606
YIL128W,YLL017W,0,-7.7807875,0.23080898821353912,0.9439746141433716,0.3145877420902252
YBL019W,YPR078C,0,-7.7808204,0.23074935376644135,0.9439746141433716,0.3146934509277344
YMR068W,YKR052C,0,-7.7808948,0.23068974912166595,0.9439746141433716,0.31479915976524353
YFR046C,YLR240W,0,-7.781021,0.23063015937805176,0.9439746141433716,0.3149048686027527
YBR170C,YFL004W,0,-7.781046,0.23057061433792114,0.9439746141433716,0.31501057744026184
YFR029W,YDL185W,0,-7.7810574,0.23051109910011292,0.9439746141433716,0.315116286277771
YBL063W,YCR058C,0,-7.7817273,0.23045161366462708,0.9439746141433716,0.31522199511528015
YCL069W,YOR084W,0,-7.781961,0.23039215803146362,0.9439746141433716,0.3153277039527893
YPL121C,YBR162C,0,-7.782148,0.23033273220062256,0.9439746141433716,0.31543341279029846
YCL004W,YDR322C-A,0,-7.7832074,0.23027333617210388,0.9439746141433716,0.3155391216278076
YJL047C,YDL038C,0,-7.783323,0.2302139699459076,0.9439746141433716,0.3156448304653168
YER177W,YMR149W,0,-7.7841177,0.2301546335220337,0.9439746141433716,0.3157505393028259
YPR198W,YDR065W,0,-7.7848244,0.23009534180164337,0.9439746141433716,0.3158562481403351
YER164W,YJR042W,0,-7.785025,0.23003606498241425,0.9439746141433716,0.31596195697784424
YGL008C,YDR077W,0,-7.7850633,0.2299768179655075,0.9439746141433716,0.3160676658153534
YBR297W,YCR073W-A,0,-7.785257,0.22991761565208435,0.9439746141433716,0.31617337465286255
YOL165C,YAR009C,0,-7.7853994,0.2298584282398224,0.9439746141433716,0.3162790834903717
YOR198C,YGL143C,0,-7.785497,0.229799285531044,0.9439746141433716,0.31638479232788086
YDR345C,YMR134W,0,-7.7859316,0.22974015772342682,0.9439746141433716,0.3164904713630676
YPR017C,YMR011W,0,-7.7859874,0.2296810746192932,0.9439746141433716,0.3165961802005768
YOR061W,YOR338W,0,-7.78631,0.2296220064163208,0.9439746141433716,0.31670188903808594
YOR362C,YPL122C,0,-7.7864547,0.22956298291683197,0.9439746141433716,0.3168075978755951
YKR095W,YBR111W-A,0,-7.7866416,0.22950398921966553,0.9439746141433716,0.31691330671310425
YNL161W,YBL020W,0,-7.7870584,0.22944501042366028,0.9439746141433716,0.3170190155506134
YAL015C,YKL035W,0,-7.787152,0.2293860763311386,0.9439746141433716,0.31712472438812256
YOL139C,YDL227C,0,-7.7871866,0.22932717204093933,0.9439746141433716,0.3172304332256317
YOL145C,YBL063W,0,-7.7873993,0.22926829755306244,0.9439746141433716,0.31733614206314087
YAL054C,YFL002W-B,0,-7.7878747,0.22920945286750793,0.9439746141433716,0.31744185090065
YBR039W,YCR094W,0,-7.787924,0.22915062308311462,0.9439746141433716,0.3175475597381592
YNL151C,YDR103W,0,-7.788006,0.2290918380022049,0.9439746141433716,0.31765326857566833
YLR100W,YJL146W,0,-7.7881737,0.22903308272361755,0.9439746141433716,0.3177589774131775
YDL181W,YDR545W,0,-7.7884536,0.2289743572473526,0.9439746141433716,0.31786468625068665
YNL014W,YPL058C,0,-7.788891,0.22891566157341003,0.9439746141433716,0.3179703950881958
YLR078C,YNL121C,0,-7.7890706,0.22885699570178986,0.9439746141433716,0.31807610392570496
YMR237W,YGL127C,0,-7.7896357,0.22879835963249207,0.9439746141433716,0.3181818127632141
YLR394W,YCL033C,0,-7.7896924,0.22873975336551666,0.9439746141433716,0.31828752160072327
YGL067W,YOR193W,0,-7.790372,0.22868117690086365,0.9439746141433716,0.3183932304382324
YGL008C,YLR264W,0,-7.7907605,0.22862263023853302,0.9439746141433716,0.3184989392757416
YMR033W,YFL048C,0,-7.7909083,0.22856411337852478,0.9439746141433716,0.31860464811325073
YNR023W,YLR020C,0,-7.7913456,0.22850562632083893,0.9439746141433716,0.3187103569507599
YJL209W,YLR337W,0,-7.7918363,0.22844716906547546,0.9439746141433716,0.31881606578826904
YHL019C,YIL068C,0,-7.793383,0.2283887416124344,0.9439746141433716,0.3189217746257782
YMR280C,YJR160C,0,-7.79343,0.2283303439617157,0.9439746141433716,0.31902748346328735
YEL002C,YDR018C,0,-7.793547,0.2282719910144806,0.9439746141433716,0.3191331923007965
YBR211C,YLR265C,0,-7.7935905,0.22821365296840668,0.9439746141433716,0.31923890113830566
YPL046C,YOL121C,0,-7.7941594,0.22815534472465515,0.9439746141433716,0.3193446099758148
YPL145C,YOR172W,0,-7.7941866,0.228097066283226,0.9439746141433716,0.319450318813324
YMR054W,YML040W,0,-7.794302,0.22803881764411926,0.9439746141433716,0.31955602765083313
YMR038C,YDL145C,0,-7.79432,0.2279805988073349,0.9439746141433716,0.3196617364883423
YER006W,YPL234C,0,-7.7946134,0.22792240977287292,0.9439746141433716,0.31976744532585144
YGL135W,YGR038C-A,0,-7.79493,0.22786425054073334,0.9439746141433716,0.3198731541633606
YBR161W,YLR381W,0,-7.7950797,0.22780612111091614,0.9439746141433716,0.31997886300086975
YFL026W,YPL139C,0,-7.7954135,0.22774802148342133,0.9439746141433716,0.3200845718383789
YNR039C,YPR158C-D,0,-7.795473,0.2276899516582489,0.9439746141433716,0.32019028067588806
YGR060W,YGR180C,0,-7.7955427,0.22763191163539886,0.9439746141433716,0.3202959895133972
YCR033W,YLR386W,0,-7.7955513,0.22757390141487122,0.9439746141433716,0.32040169835090637
YCR082W,YDL194W,0,-7.7955914,0.22751592099666595,0.9439746141433716,0.3205074071884155
YLR391W-A,YBR114W,0,-7.7957478,0.22745797038078308,0.9439746141433716,0.3206131160259247
YKL101W,YMR036C,0,-7.795782,0.2274000495672226,0.9439746141433716,0.32071882486343384
YGR007W,YBL106C,0,-7.7962136,0.2273421585559845,0.9439746141433716,0.320824533700943
YDL017W,YJR097W,0,-7.796439,0.2272842973470688,0.9439746141433716,0.32093024253845215
YFR021W,YNL160W,0,-7.7964993,0.22722646594047546,0.9439746141433716,0.3210359513759613
YGL071W,YGL245W,0,-7.796884,0.22716866433620453,0.9439746141433716,0.32114166021347046
YML015C,YLR410W,0,-7.7969165,0.2271108776330948,0.9439746141433716,0.3212473690509796
YCL060C,YDR177W,0,-7.7969513,0.22705313563346863,0.9439746141433716,0.32135307788848877
YHR042W,YNL282W,0,-7.7973332,0.22699542343616486,0.9439746141433716,0.3214587867259979
YMR068W,YFR033C,0,-7.797898,0.22693774104118347,0.9439746141433716,0.3215644955635071
YGL030W,YER008C,0,-7.797972,0.22688008844852448,0.9439746141433716,0.32167020440101624
YGL143C,YEL065W,0,-7.7980037,0.22682245075702667,0.9439746141433716,0.3217759132385254
YOL089C,YGL016W,0,-7.798343,0.22676485776901245,0.9439746141433716,0.32188159227371216
YGL249W,YJR027W,0,-7.798629,0.22670727968215942,0.9439746141433716,0.3219873011112213
YGR262C,YLR335W,0,-7.7992425,0.22664974629878998,0.9439746141433716,0.32209300994873047
YKL134C,YPL010W,0,-7.7994876,0.22659224271774292,0.9439746141433716,0.3221987187862396
YHR191C,YLR337W,0,-7.7997403,0.22653475403785706,0.9439746141433716,0.3223044276237488
YBL018C,YOR338W,0,-7.799753,0.22647729516029358,0.9439746141433716,0.32241013646125793
YAR008W,YKL080W,0,-7.8002133,0.22641988098621368,0.9439746141433716,0.3225158452987671
YMR276W,YKL101W,0,-7.800283,0.22636248171329498,0.9439746141433716,0.32262155413627625
YDR231C,YOR142W-A,0,-7.801187,0.22630511224269867,0.9439746141433716,0.3227272629737854
YKL108W,YGR161W-B,0,-7.801187,0.22624778747558594,0.9439746141433716,0.32283297181129456
YDR244W,YMR183C,0,-7.8016295,0.2261904776096344,0.9439746141433716,0.3229386806488037
YNL201C,YPL133C,0,-7.801712,0.22613319754600525,0.9439746141433716,0.32304438948631287
YDL081C,YPL011C,0,-7.8019733,0.2260759472846985,0.9439746141433716,0.323150098323822
YKR008W,YOR290C,0,-7.8021493,0.2260187268257141,0.9439746141433716,0.3232558071613312
YCL051W,YNL231C,0,-7.8022346,0.22596153616905212,0.9439746141433716,0.32336151599884033
YOR233W,YBR165W,0,-7.8022385,0.22590437531471252,0.9439746141433716,0.3234672248363495
YNR002C,YKR053C,0,-7.8025346,0.2258472442626953,0.9439746141433716,0.32357293367385864
YGR267C,YNR026C,0,-7.802799,0.2257901430130005,0.9439746141433716,0.3236786425113678
YOL067C,YKL042W,0,-7.8030515,0.22573305666446686,0.9439746141433716,0.32378435134887695
YPL006W,YOR127W,0,-7.8037457,0.2256760150194168,0.9439746141433716,0.3238900601863861
YBR129C,YHR001W,0,-7.803816,0.22561900317668915,0.9439746141433716,0.32399576902389526
YJL099W,YPL138C,0,-7.8038335,0.22556200623512268,0.9439746141433716,0.3241014778614044
YLR372W,YBR111W-A,0,-7.803984,0.2255050539970398,0.9439746141433716,0.3242071866989136
YBL003C,YOR194C,0,-7.803993,0.2254481166601181,0.9439746141433716,0.32431289553642273
YFL011W-A,YPL156C,0,-7.804013,0.2253912091255188,0.9439746141433716,0.3244186043739319
YMR290C,YCL066W,0,-7.804398,0.22533434629440308,0.9439746141433716,0.32452431321144104
YJL021C,YLR059C,0,-7.8044143,0.22527749836444855,0.9439746141433716,0.3246300220489502
YEL026W,YKL196C,0,-7.804626,0.2252206802368164,0.9439746141433716,0.32473573088645935
YGL209W,YER148W,0,-7.804692,0.22516389191150665,0.9439746141433716,0.3248414397239685
YEL015W,YAL024C,0,-7.8056436,0.2251071333885193,0.9439746141433716,0.32494714856147766
YNL278W,YJL143W,0,-7.805779,0.2250504046678543,0.9439746141433716,0.3250528573989868
YHR074W,YLR403W,0,-7.8063183,0.22499370574951172,0.9439746141433716,0.32515856623649597
YPR183W,YNL153C,0,-7.8063226,0.22493702173233032,0.9439746141433716,0.3252642750740051
YJL058C,YNL279W,0,-7.8067355,0.2248803824186325,0.9439746141433716,0.3253699839115143
YLR391W-A,YOL143C,0,-7.80716,0.22482377290725708,0.9439746141433716,0.32547569274902344
YCR048W,YJL020C,0,-7.8078966,0.22476717829704285,0.9439746141433716,0.3255814015865326
YDR168W,YGR122W,0,-7.8088026,0.224710613489151,0.9439746141433716,0.32568711042404175
YBR221C,YPL203W,0,-7.8091273,0.22465409338474274,0.9439746141433716,0.3257928192615509
YGR246C,YMR218C,0,-7.809203,0.22459758818149567,0.9439746141433716,0.32589852809906006
YOR140W,YJR110W,0,-7.810296,0.22454111278057098,0.9439746141433716,0.3260042369365692
YFL011W-A,YFR040W,0,-7.8103704,0.2244846671819687,0.9439746141433716,0.32610994577407837
YER133W,YGL210W-A,0,-7.8107486,0.22442825138568878,0.9439746141433716,0.3262156546115875
YBR040W,YGR158C,0,-7.810806,0.22437186539173126,0.9439746141433716,0.3263213634490967
YDL116W,YDR457W,0,-7.8115745,0.22431549429893494,0.9439746141433716,0.32642707228660583
YDR147W,YHR079C-A,0,-7.812405,0.2242591679096222,0.9439746141433716,0.326532781124115
YBR159W,YML120C,0,-7.8129277,0.22420285642147064,0.9439746141433716,0.32663848996162415
YPR030W,YNL084C,0,-7.813447,0.22414658963680267,0.9439746141433716,0.3267441987991333
YLR044C,YKL203C,0,-7.8136506,0.2240903377532959,0.9439746141433716,0.32684990763664246
YPL022W,YKL095W,0,-7.8137255,0.2240341156721115,0.9439746141433716,0.3269556164741516
YHR142W,YML080W,0,-7.8139176,0.2239779233932495,0.9439746141433716,0.32706132531166077
YNR054C,YCL060C,0,-7.8144097,0.2239217609167099,0.9439746141433716,0.32716700434684753
YBR090C-A,YOR027W,0,-7.814418,0.22386562824249268,0.9439746141433716,0.3272727131843567
YOR109W,YJR028W,0,-7.814424,0.22380952537059784,0.9439746141433716,0.32737842202186584
YOR236W,YAL022C,0,-7.8147073,0.2237534523010254,0.9439746141433716,0.327484130859375
YMR184W,YJR057W,0,-7.8150306,0.22369739413261414,0.9439746141433716,0.32758983969688416
YDL040C,YMR305C,0,-7.8150835,0.22364136576652527,0.9439746141433716,0.3276955485343933
YEL032W,YGR169C,0,-7.8152537,0.22358538210391998,0.9439746141433716,0.32780125737190247
YDR365C,YBR111W-A,0,-7.815357,0.2235294133424759,0.9439746141433716,0.3279069662094116
YDR037W,YOL027C,0,-7.815637,0.2234734743833542,0.9439746141433716,0.3280126750469208
YEL061C,YOR212W,0,-7.8160024,0.22341756522655487,0.9439746141433716,0.32811838388442993
YFR051C,YPL283C,0,-7.8160677,0.22336168587207794,0.9439746141433716,0.3282240927219391
YKL099C,YOL103W-A,0,-7.81615,0.2233058214187622,0.9439746141433716,0.32832980155944824
YAR018C,YJL069C,0,-7.8161764,0.22325000166893005,0.9439746141433716,0.3284355103969574
YKL134C,YJL143W,0,-7.816192,0.2231941968202591,0.9439746141433716,0.32854121923446655
YCR037C,YDL190C,0,-7.8163376,0.22313843667507172,0.9439746141433716,0.3286469280719757
YKL053C-A,YCL003W,0,-7.8172383,0.22308269143104553,0.9439746141433716,0.32875263690948486
YNL118C,YGL045W,0,-7.8173203,0.22302697598934174,0.9439746141433716,0.328858345746994
YDL175C,YKL011C,0,-7.8173933,0.22297129034996033,0.9439746141433716,0.3289640545845032
YKL220C,YNL293W,0,-7.817519,0.2229156196117401,0.9439746141433716,0.32906976342201233
YEL032W,YDR027C,0,-7.817652,0.22285999357700348,0.9439746141433716,0.3291754722595215
YMR119W,YGR033C,0,-7.8176804,0.22280439734458923,0.9439746141433716,0.32928118109703064
YBL033C,YNL213C,0,-7.8185906,0.22274881601333618,0.9439746141433716,0.3293868899345398
YNL278W,YBR021W,0,-7.8189073,0.22269326448440552,0.9439746141433716,0.32949259877204895
YLL015W,YBR111W-A,0,-7.8189096,0.22263774275779724,0.9439746141433716,0.3295983076095581
YGL256W,YPL210C,0,-7.819598,0.22258225083351135,0.9439746141433716,0.32970401644706726
YDL175C,YBR136W,0,-7.8201776,0.22252678871154785,0.9439746141433716,0.3298097252845764
YDL014W,YML025C,1,-7.820529,0.22272047400474548,0.9450317025184631,0.3298097252845764
YOL089C,YDR394W,0,-7.820993,0.22266501188278198,0.9450317025184631,0.32991543412208557
YBR050C,YGR192C,0,-7.821553,0.22260956466197968,0.9450317025184631,0.3300211429595947
YFR024C,YER082C,0,-7.822104,0.22255414724349976,0.9450317025184631,0.3301268517971039
YJL065C,YGR055W,0,-7.8222823,0.22249875962734222,0.9450317025184631,0.33023256063461304
YER159C,YLR222C,0,-7.822524,0.2224433869123459,0.9450317025184631,0.3303382694721222
YBR038W,YGL226C-A,0,-7.8237076,0.22238805890083313,0.9450317025184631,0.33044397830963135
YJR140C,YPL124W,0,-7.823878,0.22233274579048157,0.9450317025184631,0.3305496871471405
YGL200C,YKL019W,0,-7.823984,0.2222774773836136,0.9450317025184631,0.33065539598464966
YGL256W,YGL029W,0,-7.82436,0.2222222238779068,0.9450317025184631,0.3307611048221588
YDL078C,YJR010C-A,0,-7.824428,0.2221670001745224,0.9450317025184631,0.33086681365966797
YLR286C,YNL097C,0,-7.824516,0.2221118062734604,0.9450317025184631,0.3309725224971771
YCR040W,YOR057W,0,-7.825648,0.22205662727355957,0.9450317025184631,0.3310782313346863
YOR109W,YOR347C,0,-7.825893,0.22200149297714233,0.9450317025184631,0.33118394017219543
YIL106W,YER068W,0,-7.8265777,0.2219463735818863,0.9450317025184631,0.3312896490097046
YDL004W,YBR103W,0,-7.827041,0.22189128398895264,0.9450317025184631,0.33139535784721375
YAL017W,YAR010C,0,-7.8271785,0.22183622419834137,0.9450317025184631,0.3315010666847229
YLL024C,YPR036W,0,-7.8272176,0.2217811942100525,0.9450317025184631,0.33160677552223206
YJR057W,YML004C,0,-7.827538,0.221726194024086,0.9450317025184631,0.3317124843597412
YNL032W,YBR172C,0,-7.827886,0.2216712087392807,0.9450317025184631,0.33181819319725037
YHR024C,YML045W,0,-7.828912,0.22161626815795898,0.9450317025184631,0.3319239020347595
YLL019C,YGR161C-D,0,-7.829232,0.22156134247779846,0.9450317025184631,0.3320296108722687
YHR169W,YBR100W,0,-7.8292875,0.22150644659996033,0.9450317025184631,0.33213531970977783
YBR160W,YDR251W,0,-7.829558,0.2214515656232834,0.9450317025184631,0.332241028547287
YJR050W,YBR002C,0,-7.829696,0.22139672935009003,0.9450317025184631,0.33234673738479614
YFL048C,YER174C,0,-7.830044,0.22134192287921906,0.9450317025184631,0.3324524164199829
YHR036W,YDR040C,0,-7.830285,0.22128713130950928,0.9450317025184631,0.33255812525749207
YNL042W,YBR102C,0,-7.8305573,0.2212323695421219,0.9450317025184631,0.3326638340950012
YOL069W,YIL105C,0,-7.83102,0.22117763757705688,0.9450317025184631,0.3327695429325104
YLR401C,YPR131C,0,-7.8312745,0.22112293541431427,0.9450317025184631,0.33287525177001953
YLR429W,YCR066W,0,-7.831954,0.22106824815273285,0.9450317025184631,0.3329809606075287
YJR025C,YJR160C,0,-7.831968,0.22101359069347382,0.9450317025184631,0.33308666944503784
YJL081C,YPR057W,0,-7.8324084,0.22095897793769836,0.9450317025184631,0.333192378282547
YDL088C,YFR019W,0,-7.8325534,0.2209043800830841,0.9450317025184631,0.33329808712005615
YLR158C,YPL026C,0,-7.8328886,0.22084979712963104,0.9450317025184631,0.3334037959575653
YIL144W,YDR027C,0,-7.8330274,0.22079525887966156,0.9450317025184631,0.33350950479507446
YFR013W,YMR060C,0,-7.833402,0.22074073553085327,0.9450317025184631,0.3336152136325836
YER087C-A,YCR033W,0,-7.8340964,0.22068625688552856,0.9450317025184631,0.3337209224700928
YJL125C,YGR038C-A,0,-7.8348384,0.22063179314136505,0.9450317025184631,0.33382663130760193
YDR046C,YMR308C,0,-7.834881,0.22057734429836273,0.9450317025184631,0.3339323401451111
YML008C,YLR386W,0,-7.835528,0.220522940158844,0.9450317025184631,0.33403804898262024
YPL195W,YHR016C,0,-7.8355727,0.22046855092048645,0.9450317025184631,0.3341437578201294
YNL007C,YJR010C-A,0,-7.8356657,0.2204142063856125,0.9450317025184631,0.33424946665763855
YFL013C,YGL013C,0,-7.835836,0.22035987675189972,0.9450317025184631,0.3343551754951477
YBR160W,YNL334C,0,-7.8364615,0.22030556201934814,0.9450317025184631,0.33446088433265686
YFL013C,YDL038C,0,-7.8366327,0.22025129199028015,0.9450317025184631,0.334566593170166
YNL097C,YBR218C,0,-7.8370996,0.22019705176353455,0.9450317025184631,0.33467230200767517
YLR114C,YML045W,0,-7.8374104,0.22014282643795013,0.9450317025184631,0.3347780108451843
YML010W,YIL056W,0,-7.837512,0.2200886309146881,0.9450317025184631,0.3348837196826935
YJL024C,YAR031W,0,-7.837827,0.22003445029258728,0.9450317025184631,0.33498942852020264
YJL115W,YDR213W,0,-7.8378334,0.21998031437397003,0.9450317025184631,0.3350951373577118
YGL173C,YOR095C,0,-7.838354,0.21992619335651398,0.9450317025184631,0.33520084619522095
YGL027C,YJL146W,0,-7.838727,0.2198721170425415,0.9450317025184631,0.3353065550327301
YCL043C,YBR289W,0,-7.838752,0.21981804072856903,0.9450317025184631,0.33541226387023926
YCR027C,YBR127C,0,-7.8390603,0.21976400911808014,0.9450317025184631,0.3355179727077484
YOR113W,YDR328C,0,-7.839075,0.21971000730991364,0.9450317025184631,0.33562368154525757
YAL026C,YHR163W,0,-7.8399386,0.21965602040290833,0.9450317025184631,0.3357293903827667
YNL130C,YML088W,0,-7.8402705,0.2196020632982254,0.9450317025184631,0.3358350992202759
YML099C,YBR095C,0,-7.8406324,0.21954813599586487,0.9450317025184631,0.33594080805778503
YDR046C,YBR143C,0,-7.8406386,0.21949422359466553,0.9450317025184631,0.3360465168952942
YDR375C,YPR081C,0,-7.841292,0.21944035589694977,0.9450317025184631,0.33615222573280334
YAR002C-A,YPL042C,0,-7.8415008,0.2193865031003952,0.9450317025184631,0.3362579345703125
YOL135C,YML045W,0,-7.8420706,0.21933268010616302,0.9450317025184631,0.33636364340782166
YLR274W,YOR319W,0,-7.8425584,0.21927888691425323,0.9450317025184631,0.3364693522453308
YFL056C,YDR141C,0,-7.8430176,0.21922510862350464,0.9450317025184631,0.33657506108283997
YDR277C,YCR080W,0,-7.843205,0.21917136013507843,0.9450317025184631,0.3366807699203491
YFL025C,YHR083W,0,-7.8433995,0.2191176414489746,0.9450317025184631,0.3367864787578583
YJL062W,YER161C,0,-7.8442073,0.21906395256519318,0.9450317025184631,0.33689218759536743
YGR036C,YLR347C,0,-7.844218,0.21901029348373413,0.9450317025184631,0.3369978964328766
YPR017C,YKL058W,0,-7.844264,0.21895664930343628,0.9450317025184631,0.33710360527038574
YDR308C,YDL077C,0,-7.844284,0.21890303492546082,0.9450317025184631,0.3372093141078949
YJR083C,YCL075W,0,-7.8443074,0.21884945034980774,0.9450317025184631,0.33731502294540405
YDL117W,YER180C-A,0,-7.8449206,0.21879589557647705,0.9450317025184631,0.3374207317829132
YPL137C,YML021C,0,-7.8455987,0.21874235570430756,0.9450317025184631,0.33752644062042236
YJR093C,YDR075W,0,-7.845632,0.21868884563446045,0.9450317025184631,0.3376321494579315
YOR023C,YBR037C,0,-7.845658,0.21863536536693573,0.9450317025184631,0.3377378582954407
YGL166W,YKR076W,0,-7.845891,0.2185819000005722,0.9450317025184631,0.33784353733062744
YIR002C,YCR033W,0,-7.8462377,0.21852847933769226,0.9450317025184631,0.3379492461681366
YMR012W,YMR276W,0,-7.8466024,0.2184750735759735,0.9450317025184631,0.33805495500564575
YER020W,YBR182C,0,-7.84662,0.21842169761657715,0.9450317025184631,0.3381606638431549
YPR201W,YOL095C,0,-7.8466983,0.21836833655834198,0.9450317025184631,0.33826637268066406
YGR249W,YOL103W-B,0,-7.847119,0.2183150202035904,0.9450317025184631,0.3383720815181732
YJL099W,YNL197C,0,-7.8475413,0.21826171875,0.9450317025184631,0.3384777903556824
YOR127W,YJR010C-A,0,-7.8476386,0.218208447098732,0.9450317025184631,0.33858349919319153
YKR022C,YOL094C,0,-7.8478985,0.21815519034862518,0.9450317025184631,0.3386892080307007
YBR212W,YGR199W,0,-7.8481975,0.21810197830200195,0.9450317025184631,0.33879491686820984
YGL180W,YNL025C,0,-7.8482904,0.21804878115653992,0.9450317025184631,0.338900625705719
YOL008W,YLR183C,0,-7.848329,0.21799561381340027,0.9450317025184631,0.33900633454322815
YER174C,YOL027C,0,-7.8488193,0.21794246137142181,0.9450317025184631,0.3391120433807373
YCR086W,YLR002C,0,-7.848859,0.21788935363292694,0.9450317025184631,0.33921775221824646
YGL014W,YOR014W,0,-7.8490653,0.21783626079559326,0.9450317025184631,0.3393234610557556
YLR355C,YMR218C,0,-7.849192,0.21778319776058197,0.9450317025184631,0.33942916989326477
YPR037C,YDR330W,0,-7.8492007,0.21773014962673187,0.9450317025184631,0.3395348787307739
YDR545W,YOR142W-A,0,-7.850322,0.21767713129520416,0.9450317025184631,0.3396405875682831
YER148W,YML005W,0,-7.85109,0.21762414276599884,0.9450317025184631,0.33974629640579224
YGL016W,YCL075W,0,-7.8511424,0.2175711840391159,0.9450317025184631,0.3398520052433014
YIL030C,YHR084W,0,-7.8513474,0.21751825511455536,0.9450317025184631,0.33995771408081055
YOL113W,YBR123C,0,-7.8513584,0.217465341091156,0.9450317025184631,0.3400634229183197
YNL037C,YBL005W-A,0,-7.8521314,0.21741245687007904,0.9450317025184631,0.34016913175582886
YOL108C,YHR214C-B,0,-7.852332,0.21735958755016327,0.9450317025184631,0.340274840593338
YGL200C,YKR063C,0,-7.8524756,0.21730676293373108,0.9450317025184631,0.34038054943084717
YGR275W,YDR545W,0,-7.8527255,0.21725395321846008,0.9450317025184631,0.3404862582683563
YKL179C,YPL075W,0,-7.852753,0.21720117330551147,0.9450317025184631,0.3405919671058655
YGR220C,YBR267W,1,-7.8528914,0.21739129722118378,0.9460887908935547,0.3405919671058655
YPR162C,YCL003W,0,-7.8531547,0.21733851730823517,0.9460887908935547,0.34069767594337463
YGR261C,YNL250W,0,-7.8535733,0.21728575229644775,0.9460887908935547,0.3408033847808838
YOR322C,YGR202C,0,-7.8539596,0.21723301708698273,0.9460887908935547,0.34090909361839294
YOR349W,YIL037C,0,-7.854359,0.2171802967786789,0.9460887908935547,0.3410148024559021
YML033W,YDL112W,0,-7.8545356,0.21712760627269745,0.9460887908935547,0.34112051129341125
YKL146W,YOR007C,0,-7.8546367,0.2170749455690384,0.9460887908935547,0.3412262201309204
YBL063W,YAR031W,0,-7.8550386,0.21702231466770172,0.9460887908935547,0.34133192896842957
YGL027C,YLR369W,0,-7.855061,0.21696969866752625,0.9460887908935547,0.3414376378059387
YKR054C,YDR283C,0,-7.855494,0.21691711246967316,0.9460887908935547,0.3415433466434479
YPL221W,YJR022W,0,-7.855676,0.21686455607414246,0.9460887908935547,0.34164905548095703
YJL128C,YER005W,0,-7.855765,0.21681201457977295,0.9460887908935547,0.3417547643184662
YLR233C,YOL069W,0,-7.8558383,0.21675950288772583,0.9460887908935547,0.34186047315597534
YCL039W,YDR207C,0,-7.8560224,0.2167070209980011,0.9460887908935547,0.3419661819934845
YGL238W,YJL090C,0,-7.856143,0.21665456891059875,0.9460887908935547,0.34207189083099365
YPL161C,YLR391W,0,-7.856273,0.2166021317243576,0.9460887908935547,0.3421775996685028
YMR038C,YNL239W,0,-7.856568,0.21654972434043884,0.9460887908935547,0.34228330850601196
YPR201W,YBL005W-A,0,-7.856583,0.21649733185768127,0.9460887908935547,0.3423890173435211
YHR204W,YNL243W,0,-7.8568482,0.2164449840784073,0.9460887908935547,0.3424947261810303
YDL229W,YGL039W,0,-7.8569403,0.2163926512002945,0.9460887908935547,0.34260043501853943
YDR231C,YDR316W-B,0,-7.857263,0.2163403481245041,0.9460887908935547,0.3427061438560486
YGL004C,YOR142W-A,0,-7.857797,0.21628805994987488,0.9460887908935547,0.34281185269355774
YOR181W,YHR165C,0,-7.8579836,0.21623580157756805,0.9460887908935547,0.3429175615310669
YER051W,YDL090C,0,-7.8582463,0.21618357300758362,0.9460887908935547,0.34302327036857605
YBR073W,YDR238C,0,-7.858914,0.21613137423992157,0.9460887908935547,0.3431289494037628
YOR351C,YPR162C,0,-7.85973,0.21607919037342072,0.9460887908935547,0.343234658241272
YJR006W,YMR054W,0,-7.8600287,0.21602703630924225,0.9460887908935547,0.34334036707878113
YCR008W,YJR028W,0,-7.860311,0.21597489714622498,0.9460887908935547,0.3434460759162903
YLR403W,YGR027W-B,0,-7.860467,0.21592280268669128,0.9460887908935547,0.34355178475379944
YOL077W-A,YKL017C,0,-7.8609767,0.2158707231283188,0.9460887908935547,0.3436574935913086
YML049C,YJL093C,0,-7.86279,0.21581865847110748,0.9460887908935547,0.34376320242881775
YBR038W,YOR230W,0,-7.8628325,0.21576663851737976,0.9460887908935547,0.3438689112663269
YFL011W-A,YNL097C,0,-7.863102,0.21571463346481323,0.9460887908935547,0.34397462010383606
YHR024C,YMR260C,0,-7.8631864,0.2156626433134079,0.9460887908935547,0.3440803289413452
YLR191W,YIL017W,0,-7.863813,0.21561069786548615,0.9460887908935547,0.34418603777885437
YER038C,YHR079C-A,0,-7.8640037,0.21555876731872559,0.9460887908935547,0.3442917466163635
YDL145C,YDL236W,0,-7.864244,0.21550686657428741,0.9460887908935547,0.3443974554538727
YGL005C,YPR037C,0,-7.8644586,0.21545498073101044,0.9460887908935547,0.34450316429138184
YJL184W,YMR268C,0,-7.8650084,0.21540312469005585,0.9460887908935547,0.344608873128891
YMR052W,YGL100W,0,-7.865034,0.21535129845142365,0.9460887908935547,0.34471458196640015
YBR102C,YDR293C,0,-7.8656774,0.21529950201511383,0.9460887908935547,0.3448202908039093
YMR238W,YMR202W,0,-7.8659215,0.2152477204799652,0.9460887908935547,0.34492599964141846
YJL102W,YDR545W,0,-7.8659806,0.21519595384597778,0.9460887908935547,0.3450317084789276
YHR079C-B,YEL004W,0,-7.866114,0.21514423191547394,0.9460887908935547,0.34513741731643677
YPL101W,YBR058C,0,-7.866153,0.2150925248861313,0.9460887908935547,0.3452431261539459
YGL119W,YLR014C,0,-7.8666186,0.21504084765911102,0.9460887908935547,0.3453488349914551
YDL105W,YLR301W,0,-7.866674,0.21498918533325195,0.9460887908935547,0.34545454382896423
YJR065C,YMR313C,0,-7.8667293,0.21493755280971527,0.9460887908935547,0.3455602526664734
YCR014C,YDR137W,0,-7.8673463,0.21488595008850098,0.9460887908935547,0.34566596150398254
YJL203W,YGR063C,0,-7.867931,0.21483437716960907,0.9460887908935547,0.3457716703414917
YKL016C,YJL117W,0,-7.868008,0.21478281915187836,0.9460887908935547,0.34587737917900085
YGL018C,YLL017W,0,-7.8682094,0.21473129093647003,0.9460887908935547,0.34598308801651
YCL062W,YBR097W,0,-7.868751,0.2146797776222229,0.9460887908935547,0.34608879685401917
YBR154C,YLR452C,0,-7.8687673,0.21462829411029816,0.9460887908935547,0.3461945056915283
YKL114C,YOL148C,0,-7.8690724,0.2145768404006958,0.9460887908935547,0.3463002145290375
YGR218W,YBL016W,0,-7.869439,0.21452540159225464,0.9460887908935547,0.34640592336654663
YLR114C,YCR057C,0,-7.869759,0.21447399258613586,0.9460887908935547,0.3465116322040558
YLR254C,YHR079C-B,0,-7.869761,0.21442261338233948,0.9460887908935547,0.34661734104156494
YOL095C,YIL017W,0,-7.8698215,0.21437126398086548,0.9460887908935547,0.3467230498790741
YGR129W,YOR008C-A,0,-7.8698683,0.21431992948055267,0.9460887908935547,0.34682875871658325
YFR024C,YDR175C,0,-7.869969,0.21426860988140106,0.9460887908935547,0.3469344675540924
YLR265C,YER075C,0,-7.8700423,0.21421733498573303,0.9460887908935547,0.34704017639160156
YKL190W,YGL210W-A,0,-7.870318,0.2141660749912262,0.9460887908935547,0.3471458852291107
YDR046C,YPR137C-A,0,-7.8709264,0.21411482989788055,0.9460887908935547,0.3472515940666199
YMR101C,YOR142W-A,0,-7.871195,0.2140636146068573,0.9460887908935547,0.34735730290412903
YJL156C,YFL002W-A,0,-7.871237,0.21401242911815643,0.9460887908935547,0.3474630117416382
YOR373W,YKL012W,0,-7.8714223,0.21396127343177795,0.9460887908935547,0.34756872057914734
YBR042C,YDR400W,0,-7.8716154,0.21391013264656067,0.9460887908935547,0.3476744294166565
YER174C,YJR006W,0,-7.8716846,0.21385902166366577,0.9460887908935547,0.34778013825416565
YOL123W,YOR224C,0,-7.871957,0.21380792558193207,0.9460887908935547,0.3478858470916748
YBR211C,YBL003C,0,-7.872828,0.21375685930252075,0.9460887908935547,0.34799155592918396
YLR335W,YIL063C,0,-7.873032,0.21370582282543182,0.9460887908935547,0.3480972647666931
YDR461W,YLR350W,0,-7.8731084,0.21365481615066528,0.9460887908935547,0.34820297360420227
YPL096W,YNL128W,0,-7.873148,0.21360382437705994,0.9460887908935547,0.3483086824417114
YJL194W,YGL142C,0,-7.873863,0.21355284750461578,0.9460887908935547,0.3484143614768982
YGL257C,YLL002W,0,-7.873879,0.2135019153356552,0.9460887908935547,0.34852007031440735
YPL241C,YGL144C,0,-7.8739524,0.21345098316669464,0.9460887908935547,0.3486257791519165
YDR363W,YKL182W,0,-7.874095,0.21340009570121765,0.9460887908935547,0.34873148798942566
YOL043C,YDR545W,0,-7.8740983,0.21334922313690186,0.9460887908935547,0.3488371968269348
YDR289C,YLR208W,0,-7.8740997,0.21329838037490845,0.9460887908935547,0.34894290566444397
YJL148W,YOL128C,0,-7.87434,0.21324755251407623,0.9460887908935547,0.3490486145019531
YGL089C,YCR106W,0,-7.87535,0.2131967544555664,0.9460887908935547,0.3491543233394623
YJR074W,YPR007C,0,-7.8754787,0.21314598619937897,0.9460887908935547,0.34926003217697144
YNL230C,YCR055C,0,-7.8758016,0.21309523284435272,0.9460887908935547,0.3493657410144806
YHR114W,YLR133W,0,-7.8759127,0.21304450929164886,0.9460887908935547,0.34947144985198975
YOR224C,YLR452C,0,-7.8761888,0.2129938155412674,0.9460887908935547,0.3495771586894989
YBR036C,YHR183W,0,-7.8763757,0.21294313669204712,0.9460887908935547,0.34968286752700806
YMR167W,YDL140C,0,-7.876516,0.21289248764514923,0.9460887908935547,0.3497885763645172
YOR148C,YDL064W,0,-7.876803,0.21284185349941254,0.9460887908935547,0.34989428520202637
YDR375C,YKL019W,0,-7.8772306,0.21279124915599823,0.9460887908935547,0.3499999940395355
YOL063C,YBR152W,0,-7.877231,0.2127406746149063,0.9460887908935547,0.3501057028770447
YOR130C,YDR416W,0,-7.877702,0.21269011497497559,0.9460887908935547,0.35021141171455383
YIL065C,YER111C,0,-7.879027,0.21263958513736725,0.9460887908935547,0.350317120552063
YKL205W,YKR048C,0,-7.8797913,0.2125890702009201,0.9460887908935547,0.35042282938957214
YLR386W,YLR298C,0,-7.8804326,0.21253858506679535,0.9460887908935547,0.3505285382270813
YPR187W,YGL039W,0,-7.8809376,0.21248812973499298,0.9460887908935547,0.35063424706459045
YOR078W,YLR110C,0,-7.8811665,0.2124376893043518,0.9460887908935547,0.3507399559020996
YNR075W,YDR227W,0,-7.881201,0.21238727867603302,0.9460887908935547,0.35084566473960876
YOR211C,YML091C,0,-7.8813033,0.21233689785003662,0.9460887908935547,0.3509513735771179
YPL007C,YDL058W,0,-7.8813615,0.21228653192520142,0.9460887908935547,0.3510570824146271
YHR091C,YML107C,0,-7.881451,0.2122361809015274,0.9460887908935547,0.35116279125213623
YPL069C,YEL004W,0,-7.8815475,0.21218587458133698,0.9460887908935547,0.3512685000896454
YLR014C,YGL244W,0,-7.881829,0.21213558316230774,0.9460887908935547,0.35137420892715454
YFL056C,YCR080W,0,-7.882028,0.2120853066444397,0.9460887908935547,0.3514799177646637
YPR183W,YCL062W,0,-7.8824778,0.21203505992889404,0.9460887908935547,0.35158562660217285
YJR083C,YOR087W,0,-7.882795,0.21198484301567078,0.9460887908935547,0.351691335439682
YKL185W,YPR158W-B,0,-7.882822,0.2119346410036087,0.9460887908935547,0.35179704427719116
YPL259C,YPL031C,0,-7.8830147,0.21188446879386902,0.9460887908935547,0.3519027531147003
YGR200C,YDR210C-C,0,-7.8830976,0.21183432638645172,0.9460887908935547,0.3520084619522095
YCR028C-A,YGR276C,0,-7.8834147,0.21178419888019562,0.9460887908935547,0.35211417078971863
YJL060W,YOR354C,0,-7.883491,0.2117340862751007,0.9460887908935547,0.3522198796272278
YDR414C,YPL097W,0,-7.8836503,0.21168401837348938,0.9460887908935547,0.35232558846473694
YOR313C,YER074W-A,0,-7.8838177,0.21163395047187805,0.9460887908935547,0.3524312973022461
YNR019W,YMR015C,0,-7.8839173,0.2115839272737503,0.9460887908935547,0.35253700613975525
YNL290W,YBL100W-B,0,-7.883942,0.21153391897678375,0.9460887908935547,0.3526427149772644
YDL232W,YDR083W,0,-7.884166,0.2114839255809784,0.9460887908935547,0.35274842381477356
YNR067C,YGR185C,0,-7.884847,0.21143397688865662,0.9460887908935547,0.3528541326522827
YMR022W,YBL103C,0,-7.884852,0.21138402819633484,0.9460887908935547,0.35295984148979187
YCR091W,YPR103W,0,-7.885135,0.21133412420749664,0.9460887908935547,0.353065550327301
YBR036C,YNR049C,0,-7.885264,0.21128423511981964,0.9460887908935547,0.3531712591648102
YBR161W,YEL060C,0,-7.885305,0.21123436093330383,0.9460887908935547,0.35327696800231934
YBL106C,YNL284C-B,0,-7.8864036,0.2111845165491104,0.9460887908935547,0.3533826768398285
YNL188W,YER012W,0,-7.8864713,0.21113470196723938,0.9460887908935547,0.35348838567733765
YMR041C,YDR316W-A,0,-7.886955,0.21108490228652954,0.9460887908935547,0.3535940945148468
YGL124C,YNL097C,0,-7.8871484,0.2110351324081421,0.9460887908935547,0.35369980335235596
YGL119W,YJL104W,0,-7.8877487,0.21098537743091583,0.9460887908935547,0.3538054823875427
YGL144C,YER019C-A,0,-7.887915,0.21093565225601196,0.9460887908935547,0.3539111912250519
YOR233W,YDR362C,0,-7.8879986,0.21088595688343048,0.9460887908935547,0.35401690006256104
YAL031C,YGR156W,0,-7.888965,0.2108362764120102,0.9460887908935547,0.3541226089000702
YKL045W,YOL039W,0,-7.8900294,0.2107866257429123,0.9460887908935547,0.35422831773757935
YIL097W,YIR018W,0,-7.8901806,0.21073698997497559,0.9460887908935547,0.3543340265750885
YOR031W,YDR479C,0,-7.8903003,0.21068738400936127,0.9460887908935547,0.35443973541259766
YFL039C,YIL002C,0,-7.8906837,0.21063779294490814,0.9460887908935547,0.3545454442501068
YOL147C,YLR066W,0,-7.8908763,0.2105882316827774,0.9460887908935547,0.35465115308761597
YFL035C,YJL117W,0,-7.891323,0.21053870022296906,0.9460887908935547,0.3547568619251251
YOR083W,YDR018C,0,-7.8913903,0.2104891836643219,0.9460887908935547,0.3548625707626343
YOR079C,YKL190W,0,-7.8914914,0.21043969690799713,0.9460887908935547,0.35496827960014343
YLR068W,YGR006W,0,-7.891717,0.21039022505283356,0.9460887908935547,0.3550739884376526
YLR256W,YCL074W,0,-7.891885,0.21034078299999237,0.9460887908935547,0.35517969727516174
YOR049C,YNL311C,0,-7.8919873,0.21029135584831238,0.9460887908935547,0.3552854061126709
YLR081W,YBR295W,0,-7.892005,0.21024195849895477,0.9460887908935547,0.35539111495018005
YDR284C,YDL038C,0,-7.89204,0.21019257605075836,0.9460887908935547,0.3554968237876892
YDR480W,YIL030C,0,-7.892671,0.21014322340488434,0.9460887908935547,0.35560253262519836
YDR147W,YOR211C,0,-7.892687,0.2100939005613327,0.9460887908935547,0.3557082414627075
YNL259C,YJL060W,0,-7.8934608,0.21004459261894226,0.9460887908935547,0.3558139503002167
YBR145W,YML123C,0,-7.8939548,0.2099953144788742,0.9460887908935547,0.35591965913772583
YDL098C,YML027W,0,-7.8940287,0.20994605123996735,0.9460887908935547,0.356025367975235
YAL021C,YKL154W,0,-7.8942895,0.20989681780338287,0.9460887908935547,0.35613107681274414
YIR002C,YOL142W,0,-7.894318,0.2098475992679596,0.9460887908935547,0.3562367856502533
YDR378C,YKR095W,0,-7.8949428,0.2097984105348587,0.9460887908935547,0.35634249448776245
YLR098C,YJL045W,0,-7.895095,0.209749236702919,0.9460887908935547,0.3564482033252716
YPR201W,YMR211W,0,-7.8951726,0.2097000926733017,0.9460887908935547,0.35655391216278076
YDL097C,YDL052C,0,-7.895575,0.20965097844600677,0.9460887908935547,0.3566596210002899
YHR107C,YPL188W,0,-7.8962483,0.20960187911987305,0.9460887908935547,0.3567653298377991
YLR452C,YDR098C-A,0,-7.8963203,0.2095527946949005,0.9460887908935547,0.3568710386753082
YNL326C,YIL138C,0,-7.8965516,0.20950374007225037,0.9460887908935547,0.3569767475128174
YHL019C,YCR106W,0,-7.8973355,0.2094547152519226,0.9460887908935547,0.35708245635032654
YGR247W,YFL018C,0,-7.8976808,0.20940570533275604,0.9460887908935547,0.3571881651878357
YOR349W,YDR211W,0,-7.8977456,0.20935672521591187,0.9460887908935547,0.35729387402534485
YDR420W,YKR038C,0,-7.8977494,0.20930776000022888,0.9460887908935547,0.357399582862854
YHR068W,YHR135C,0,-7.897885,0.2092588245868683,0.9460887908935547,0.35750529170036316
YLR214W,YHL003C,0,-7.8981166,0.20920990407466888,0.9460887908935547,0.3576110005378723
YJL006C,YBR012W-B,0,-7.8986077,0.20916101336479187,0.9460887908935547,0.35771670937538147
YPR103W,YPR042C,0,-7.898811,0.20911215245723724,0.9460887908935547,0.3578224182128906
YIL009C-A,YMR005W,0,-7.899733,0.2090633064508438,0.9460887908935547,0.3579281270503998
YOR351C,YML040W,0,-7.899956,0.20901447534561157,0.9460887908935547,0.35803383588790894
YJL090C,YNL294C,0,-7.900109,0.20896567404270172,0.9460887908935547,0.3581395447254181
YAR018C,YJL113W,0,-7.9013047,0.20891690254211426,0.9460887908935547,0.35824525356292725
YDR202C,YCR080W,0,-7.902165,0.208868145942688,0.9460887908935547,0.3583509624004364
YGL018C,YGR199W,0,-7.9030514,0.2088194191455841,0.9460887908935547,0.35845667123794556
YMR184W,YDR018C,0,-7.9031854,0.20877070724964142,0.9460887908935547,0.3585623800754547
YMR055C,YJL014W,0,-7.9031925,0.20872201025485992,0.9460887908935547,0.35866808891296387
YAR007C,YDR310C,0,-7.9033394,0.20867334306240082,0.9460887908935547,0.358773797750473
YBR272C,YER106W,0,-7.9033856,0.2086247056722641,0.9460887908935547,0.3588795065879822
YMR068W,YML092C,0,-7.9034305,0.20857608318328857,0.9460887908935547,0.35898521542549133
YKL073W,YNL032W,0,-7.9034843,0.20852749049663544,0.9460887908935547,0.3590908944606781
YBR048W,YOR129C,0,-7.903511,0.2084789127111435,0.9460887908935547,0.35919660329818726
YBR170C,YBR037C,0,-7.9035153,0.20843036472797394,0.9460887908935547,0.3593023121356964
YJL214W,YCL003W,0,-7.9040985,0.20838184654712677,0.9460887908935547,0.35940802097320557
YPL202C,YLL013C,0,-7.904733,0.2083333283662796,0.9460887908935547,0.3595137298107147
YNR019W,YER053C,0,-7.904804,0.20828485488891602,0.9460887908935547,0.3596194386482239
YML092C,YNL213C,0,-7.905083,0.20823639631271362,0.9460887908935547,0.35972514748573303
YMR112C,YHR167W,0,-7.9053087,0.20818795263767242,0.9460887908935547,0.3598308563232422
YGR218W,YDR461W,0,-7.9056983,0.2081395387649536,0.9460887908935547,0.35993656516075134
YOR221C,YJL166W,0,-7.907024,0.208091139793396,0.9460887908935547,0.3600422739982605
YMR188C,YDL055C,0,-7.9071164,0.20804277062416077,0.9460887908935547,0.36014798283576965
YGL223C,YHR024C,0,-7.907122,0.20799441635608673,0.9460887908935547,0.3602536916732788
YPL006W,YIL080W,0,-7.9073534,0.20794609189033508,0.9460887908935547,0.36035940051078796
YDR251W,YGR161C-D,0,-7.907403,0.20789779722690582,0.9460887908935547,0.3604651093482971
YPL127C,YHR041C,0,-7.90776,0.20784951746463776,0.9460887908935547,0.3605708181858063
YER013W,YDL020C,0,-7.907828,0.20780125260353088,0.9460887908935547,0.36067652702331543
YGR220C,YGL111W,1,-7.9078298,0.20798514783382416,0.9471458792686462,0.36067652702331543
YHR081W,YJL113W,0,-7.9080973,0.20793688297271729,0.9471458792686462,0.3607822358608246
YKL048C,YDR386W,0,-7.9082284,0.2078886330127716,0.9471458792686462,0.36088794469833374
YJR103W,YBL005W-A,0,-7.908534,0.20784041285514832,0.9471458792686462,0.3609936535358429
YKL008C,YLR166C,0,-7.908705,0.20779220759868622,0.9471458792686462,0.36109936237335205
YPL268W,YDR180W,0,-7.9087243,0.2077440321445465,0.9471458792686462,0.3612050712108612
YNL318C,YPL043W,0,-7.9088016,0.207695871591568,0.9471458792686462,0.36131078004837036
YNL031C,YDR017C,0,-7.9088054,0.20764774084091187,0.9471458792686462,0.3614164888858795
YAL035W,YHR186C,0,-7.9091077,0.20759962499141693,0.9471458792686462,0.36152219772338867
YOR185C,YNL311C,0,-7.9098635,0.20755153894424438,0.9471458792686462,0.3616279065608978
YMR238W,YMR013C,0,-7.910023,0.20750346779823303,0.9471458792686462,0.361733615398407
YLR205C,YER178W,0,-7.9100943,0.20745542645454407,0.9471458792686462,0.36183932423591614
YNL039W,YMR218C,0,-7.9104323,0.2074074000120163,0.9471458792686462,0.3619450330734253
YPR178W,YGR047C,0,-7.9106193,0.2073594033718109,0.9471458792686462,0.36205074191093445
YGR218W,YCR091W,0,-7.9112854,0.20731143653392792,0.9471458792686462,0.3621564507484436
YKR095W-A,YDR479C,0,-7.9116006,0.20726346969604492,0.9471458792686462,0.36226215958595276
YAR002W,YLR301W,0,-7.91198,0.2072155475616455,0.9471458792686462,0.3623678684234619
YJL090C,YBR205W,0,-7.912158,0.2071676254272461,0.9471458792686462,0.36247357726097107
YPL192C,YPR078C,0,-7.912456,0.20711974799633026,0.9471458792686462,0.3625792860984802
YGL027C,YDL059C,0,-7.91254,0.20707187056541443,0.9471458792686462,0.3626849949359894
YCR106W,YOR216C,0,-7.9128823,0.20702402293682098,0.9471458792686462,0.36279070377349854
YNL167C,YFL002W-B,0,-7.912977,0.20697620511054993,0.9471458792686462,0.3628964126110077
YNL041C,YMR079W,0,-7.913345,0.20692840218544006,0.9471458792686462,0.36300212144851685
YPL160W,YNL329C,0,-7.913522,0.2068806290626526,0.9471458792686462,0.363107830286026
YGL124C,YGR059W,0,-7.913524,0.2068328708410263,0.9471458792686462,0.36321353912353516
YCL001W,YOL124C,0,-7.9137845,0.2067851424217224,0.9471458792686462,0.3633192479610443
YDL029W,YPR055W,0,-7.9138827,0.2067374289035797,0.9471458792686462,0.36342495679855347
YHR175W,YAL030W,0,-7.913883,0.2066897302865982,0.9471458792686462,0.3635306656360626
YHR171W,YKL005C,0,-7.913927,0.2066420614719391,0.9471458792686462,0.3636363744735718
YBR088C,YGR123C,0,-7.9144044,0.20659442245960236,0.9471458792686462,0.36374208331108093
YPR128C,YKL048C,0,-7.9154406,0.20654679834842682,0.9471458792686462,0.3638477921485901
YJL146W,YLR320W,0,-7.9160304,0.20649918913841248,0.9471458792686462,0.36395350098609924
YER008C,YCL069W,0,-7.9162097,0.20645160973072052,0.9471458792686462,0.3640592098236084
YMR042W,YGL044C,0,-7.9163446,0.20640406012535095,0.9471458792686462,0.36416491866111755
YBR267W,YML025C,1,-7.9165688,0.2065868228673935,0.9482029676437378,0.36416491866111755
YIL037C,YIL068C,0,-7.9166,0.20653925836086273,0.9482029676437378,0.3642706274986267
YOR180C,YGL048C,0,-7.916765,0.20649170875549316,0.9482029676437378,0.3643763065338135
YDL029W,YHR079C-B,0,-7.916865,0.20644418895244598,0.9482029676437378,0.36448201537132263
YOR301W,YPL157W,0,-7.9169054,0.20639668405056,0.9482029676437378,0.3645877242088318
YAL041W,YDR236C,0,-7.9178195,0.2063492089509964,0.9482029676437378,0.36469343304634094
YJR083C,YLL021W,0,-7.918051,0.206301748752594,0.9482029676437378,0.3647991418838501
YMR076C,YGR099W,0,-7.9180775,0.20625431835651398,0.9482029676437378,0.36490485072135925
YDR251W,YGL066W,0,-7.918524,0.20620690286159515,0.9482029676437378,0.3650105595588684
YGR177C,YIL016W,0,-7.9186463,0.20615950226783752,0.9482029676437378,0.36511626839637756
YLR353W,YNL054W,0,-7.9186788,0.20611213147640228,0.9482029676437378,0.3652219772338867
YDL008W,YPR068C,0,-7.9192924,0.20606477558612823,0.9482029676437378,0.3653276860713959
YDL154W,YOL045W,0,-7.9194674,0.20601744949817657,0.9482029676437378,0.36543339490890503
YFL048C,YCR073W-A,0,-7.9196877,0.2059701532125473,0.9482029676437378,0.3655391037464142
YFR034C,YPR007C,0,-7.9197106,0.20592287182807922,0.9482029676437378,0.36564481258392334
YKL001C,YCL074W,0,-7.920111,0.20587560534477234,0.9482029676437378,0.3657505214214325
YLR220W,YPL076W,0,-7.9203916,0.20582836866378784,0.9482029676437378,0.36585623025894165
YBR038W,YOR076C,0,-7.9209404,0.20578114688396454,0.9482029676437378,0.3659619390964508
YOR362C,YDR532C,0,-7.9211054,0.20573394000530243,0.9482029676437378,0.36606764793395996
YPR070W,YDR082W,0,-7.9212413,0.2056867629289627,0.9482029676437378,0.3661733567714691
YLL009C,YBR223C,0,-7.921837,0.20563961565494537,0.9482029676437378,0.36627906560897827
YEL034W,YMR183C,0,-7.9218936,0.20559248328208923,0.9482029676437378,0.3663847744464874
YKL022C,YBR273C,0,-7.9220147,0.2055453658103943,0.9482029676437378,0.3664904832839966
YMR225C,YOR386W,0,-7.9222703,0.20549827814102173,0.9482029676437378,0.36659619212150574
YPL218W,YPL085W,0,-7.9230165,0.20545122027397156,0.9482029676437378,0.3667019009590149
YDR459C,YPR140W,0,-7.923149,0.2054041624069214,0.9482029676437378,0.36680760979652405
YKL182W,YBR002C,0,-7.923158,0.2053571492433548,0.9482029676437378,0.3669133186340332
YGL021W,YPL181W,0,-7.92343,0.2053101360797882,0.9482029676437378,0.36701902747154236
YJL072C,YIL018W,0,-7.924315,0.205263152718544,0.9482029676437378,0.3671247363090515
YBR211C,YNL021W,0,-7.92453,0.2052161991596222,0.9482029676437378,0.36723044514656067
YGR284C,YPL283C,0,-7.9245973,0.20516926050186157,0.9482029676437378,0.3673361539840698
YLR433C,YBL017C,0,-7.924808,0.20512233674526215,0.9482029676437378,0.367441862821579
YMR281W,YHR079C-B,0,-7.9250574,0.2050754427909851,0.9482029676437378,0.36754757165908813
YKR027W,YNL090W,0,-7.925476,0.20502857863903046,0.9482029676437378,0.3676532804965973
YNL281W,YMR035W,0,-7.9263306,0.2049817144870758,0.9482029676437378,0.36775898933410645
YFR051C,YJR046W,0,-7.9275055,0.20493488013744354,0.9482029676437378,0.3678646981716156
YJR139C,YBR258C,0,-7.9279494,0.20488807559013367,0.9482029676437378,0.36797040700912476
YPL145C,YMR236W,0,-7.9279685,0.20484128594398499,0.9482029676437378,0.3680761158466339
YKR009C,YKL079W,0,-7.9280972,0.2047945261001587,0.9482029676437378,0.36818182468414307
YGL124C,YOR343W-A,0,-7.929679,0.2047477811574936,0.9482029676437378,0.3682875335216522
YPR188C,YIL029C,0,-7.9300036,0.20470105111598969,0.9482029676437378,0.3683932423591614
YFL034C-B,YGR014W,0,-7.930454,0.20465435087680817,0.9482029676437378,0.36849895119667053
YGL175C,YML093W,0,-7.931224,0.20460766553878784,0.9482029676437378,0.3686046600341797
YLR459W,YPL042C,0,-7.9322186,0.2045610100030899,0.9482029676437378,0.36871036887168884
YNL068C,YMR236W,0,-7.9325037,0.20451436936855316,0.9482029676437378,0.368816077709198
YGL032C,YGR047C,0,-7.932756,0.2044677436351776,0.9482029676437378,0.36892178654670715
YHR074W,YGL145W,0,-7.9327755,0.20442114770412445,0.9482029676437378,0.3690274953842163
YDL130W-A,YER074W-A,0,-7.9329257,0.20437456667423248,0.9482029676437378,0.36913320422172546
YKL192C,YJR131W,0,-7.933088,0.2043280154466629,0.9482029676437378,0.3692389130592346
YAL053W,YIL084C,0,-7.9339128,0.20428147912025452,0.9482029676437378,0.3693446218967438
YNL042W,YHR135C,0,-7.934093,0.20423497259616852,0.9482029676437378,0.36945033073425293
YLR191W,YBR143C,0,-7.934221,0.2041884809732437,0.9482029676437378,0.3695560395717621
YKR095W,YNL302C,0,-7.934506,0.2041420191526413,0.9482029676437378,0.36966174840927124
YLR015W,YGR013W,0,-7.9346733,0.20409555733203888,0.9482029676437378,0.369767427444458
YGR088W,YCL062W,0,-7.9349475,0.20404914021492004,0.9482029676437378,0.36987313628196716
YNL014W,YBL103C,0,-7.9354157,0.2040027230978012,0.9482029676437378,0.3699788451194763
YPL274W,YPR032W,0,-7.9354267,0.20395635068416595,0.9482029676437378,0.3700845539569855
YBR110W,YOR142W-B,0,-7.9360127,0.2039099782705307,0.9482029676437378,0.37019026279449463
YJR135C,YOR008C-A,0,-7.9361157,0.20386363565921783,0.9482029676437378,0.3702959716320038
YHR158C,YKL085W,0,-7.9367833,0.20381730794906616,0.9482029676437378,0.37040168046951294
YCL026C-A,YER087C-B,0,-7.9383445,0.20377101004123688,0.9482029676437378,0.3705073893070221
YLR391W,YBR123C,0,-7.9390264,0.2037247270345688,0.9482029676437378,0.37061309814453125
YCL027W,YJL018W,0,-7.9390693,0.20367847383022308,0.9482029676437378,0.3707188069820404
YGL025C,YNR052C,0,-7.9393344,0.20363223552703857,0.9482029676437378,0.37082451581954956
YBR276C,YLR262C,0,-7.9398046,0.20358601212501526,0.9482029676437378,0.3709302246570587
YMR281W,YMR313C,0,-7.9399447,0.20353981852531433,0.9482029676437378,0.37103593349456787
YHR158C,YNL243W,0,-7.940335,0.2034936547279358,0.9482029676437378,0.371141642332077
YGL027C,YCR062W,0,-7.9403896,0.20344749093055725,0.9482029676437378,0.3712473511695862
YBR236C,YOL103W-A,0,-7.940394,0.2034013569355011,0.9482029676437378,0.37135306000709534
YOR142W,YBR100W,0,-7.9404774,0.20335525274276733,0.9482029676437378,0.3714587688446045
YKR028W,YDR181C,0,-7.9406123,0.20330916345119476,0.9482029676437378,0.37156447768211365
YLR353W,YIL068C,0,-7.9418874,0.2032630890607834,0.9482029676437378,0.3716701865196228
YIL139C,YLR005W,0,-7.9421735,0.2032170295715332,0.9482029676437378,0.37177589535713196
YGR074W,YPL138C,0,-7.942534,0.2031710147857666,0.9482029676437378,0.3718816041946411
YNL042W,YLR410W-B,0,-7.942885,0.203125,0.9482029676437378,0.37198731303215027
YJR140C,YER087C-B,0,-7.9435945,0.2030790150165558,0.9482029676437378,0.3720930218696594
YPL171C,YIL029C,0,-7.9438243,0.20303304493427277,0.9482029676437378,0.3721987307071686
YMR055C,YNL207W,0,-7.9440637,0.20298710465431213,0.9482029676437378,0.37230443954467773
YOL088C,YDR329C,0,-7.944142,0.2029411792755127,0.9482029676437378,0.3724101483821869
YOL009C,YLR181C,0,-7.9444165,0.20289526879787445,0.9482029676437378,0.37251585721969604
YOR245C,YAR009C,0,-7.944571,0.2028493881225586,0.9482029676437378,0.3726215660572052
YPL049C,YHL006C,0,-7.944796,0.20280352234840393,0.9482029676437378,0.37272727489471436
YJL004C,YBR162C,0,-7.945204,0.20275768637657166,0.9482029676437378,0.3728329837322235
YDR318W,YGL175C,0,-7.9457393,0.20271186530590057,0.9482029676437378,0.37293869256973267
YJR073C,YAR031W,0,-7.9463797,0.20266605913639069,0.9482029676437378,0.3730444014072418
YGL144C,YDR201W,0,-7.946385,0.20262028276920319,0.9482029676437378,0.373150110244751
YLR401C,YGR169C,0,-7.947035,0.20257452130317688,0.9482029676437378,0.37325581908226013
YAL044C,YPL135W,0,-7.947539,0.20252878963947296,0.9482029676437378,0.3733615279197693
YGL087C,YGR143W,0,-7.9483542,0.20248307287693024,0.9482029676437378,0.37346723675727844
YNL167C,YGR248W,0,-7.948503,0.2024373710155487,0.9482029676437378,0.3735729455947876
YBL042C,YGR279C,0,-7.9490495,0.20239169895648956,0.9482029676437378,0.37367865443229675
YHR193C,YOL101C,0,-7.9492955,0.2023460417985916,0.9482029676437378,0.3737843632698059
YOR185C,YIL066C,0,-7.9494734,0.20230039954185486,0.9482029676437378,0.37389007210731506
YDR414C,YGR038C-A,0,-7.94956,0.2022547870874405,0.9482029676437378,0.3739957809448242
YOL068C,YKL070W,0,-7.950197,0.2022092044353485,0.9482029676437378,0.3741014897823334
YOR038C,YDL195W,0,-7.9504795,0.20216362178325653,0.9482029676437378,0.37420719861984253
YOL061W,YFL002W-A,0,-7.9510093,0.20211806893348694,0.9482029676437378,0.3743129074573517
YPL194W,YMR219W,0,-7.9510503,0.20207254588603973,0.9482029676437378,0.37441861629486084
YOL067C,YKL196C,0,-7.9512033,0.20202702283859253,0.9482029676437378,0.37452432513237
YDL197C,YFL035C,0,-7.951747,0.2019815295934677,0.9482029676437378,0.37463003396987915
YIL147C,YLR035C-A,0,-7.951789,0.20193606615066528,0.9482029676437378,0.3747357428073883
YKL152C,YFR053C,0,-7.9521194,0.20189061760902405,0.9482029676437378,0.37484145164489746
YOR349W,YNL136W,0,-7.952273,0.201845183968544,0.9482029676437378,0.3749471604824066
YDR182W,YOR162C,0,-7.9523654,0.20179978013038635,0.9482029676437378,0.3750528395175934
YGL032C,YOR061W,0,-7.952923,0.2017543911933899,0.9482029676437378,0.37515854835510254
YGR060W,YGL210W-A,0,-7.9529653,0.20170901715755463,0.9482029676437378,0.3752642571926117
YNL257C,YLR298C,0,-7.9530015,0.20166367292404175,0.9482029676437378,0.37536996603012085
YDR424C,YPL063W,0,-7.953014,0.20161834359169006,0.9482029676437378,0.37547567486763
YML078W,YGL227W,0,-7.953297,0.20157302916049957,0.9482029676437378,0.37558138370513916
YFL011W-A,YOR180C,0,-7.953448,0.20152774453163147,0.9482029676437378,0.3756870925426483
YDR022C,YBR077C,0,-7.9535403,0.20148247480392456,0.9482029676437378,0.37579280138015747
YBR145W,YHR171W,0,-7.953676,0.20143723487854004,0.9482029676437378,0.3758985102176666
YHR150W,YBR280C,0,-7.954208,0.2013920098543167,0.9482029676437378,0.3760042190551758
YLR085C,YDR545W,0,-7.9545546,0.20134679973125458,0.9482029676437378,0.37610992789268494
YGL003C,YPR023C,0,-7.954607,0.20130161941051483,0.9482029676437378,0.3762156367301941
YBL047C,YGL210W-A,0,-7.9554834,0.20125645399093628,0.9482029676437378,0.37632134556770325
YMR314W,YCR062W,0,-7.9555383,0.20121130347251892,0.9482029676437378,0.3764270544052124
YHR194W,YDR027C,0,-7.955539,0.20116618275642395,0.9482029676437378,0.37653276324272156
YOR245C,YGR135W,0,-7.9556437,0.20112107694149017,0.9482029676437378,0.3766384720802307
YIL013C,YMR104C,0,-7.955765,0.2010759860277176,0.9482029676437378,0.37674418091773987
YER159C,YPR138C,0,-7.956309,0.2010309249162674,0.9482029676437378,0.376849889755249
YBR121C,YLR447C,0,-7.9563212,0.2009858787059784,0.9482029676437378,0.3769555985927582
YOL108C,YJL047C,0,-7.956546,0.20094086229801178,0.9482029676437378,0.37706130743026733
YCR075C,YHR135C,0,-7.9569135,0.20089586079120636,0.9482029676437378,0.3771670162677765
YOR298C-A,YGL136C,0,-7.957351,0.20085087418556213,0.9482029676437378,0.37727272510528564
YGR261C,YGR177C,0,-7.957442,0.2008059173822403,0.9482029676437378,0.3773784339427948
YLR286C,YKL088W,0,-7.9575267,0.20076096057891846,0.9482029676437378,0.37748414278030396
YJR057W,YPR007C,0,-7.957729,0.2007160484790802,0.9482029676437378,0.3775898516178131
YOR377W,YMR275C,0,-7.958073,0.20067113637924194,0.9482029676437378,0.37769556045532227
YDR151C,YIL030C,0,-7.958272,0.20062625408172607,0.9482029676437378,0.3778012692928314
YJL033W,YOR064C,0,-7.958446,0.2005814015865326,0.9482029676437378,0.3779069781303406
YOL020W,YPR158C-C,0,-7.958546,0.2005365490913391,0.9482029676437378,0.37801268696784973
YDR337W,YML095C,0,-7.958615,0.20049172639846802,0.9482029676437378,0.3781183958053589
YOR243C,YIL039W,0,-7.9587207,0.2004469335079193,0.9482029676437378,0.37822410464286804
YML086C,YNL160W,0,-7.9587474,0.2004021406173706,0.9482029676437378,0.3783298134803772
YOL080C,YGL144C,0,-7.959064,0.2003573775291443,0.9482029676437378,0.37843552231788635
YHR052W,YGR220C,1,-7.9594216,0.20053595304489136,0.9492600560188293,0.37843552231788635
YLR134W,YAL001C,0,-7.959557,0.20049117505550385,0.9492600560188293,0.3785412311553955
YDR205W,YNL047C,0,-7.959706,0.20044642686843872,0.9492600560188293,0.37864693999290466
YML099C,YGR216C,0,-7.959742,0.2004016935825348,0.9492600560188293,0.3787526488304138
YFR046C,YNL330C,0,-7.9600964,0.20035699009895325,0.9492600560188293,0.378858357667923
YCL059C,YEL019C,0,-7.9605403,0.2003122866153717,0.9492600560188293,0.37896406650543213
YOR233W,YER169W,0,-7.960587,0.20026761293411255,0.9492600560188293,0.3790697753429413
YDL212W,YDR369C,0,-7.960623,0.20022296905517578,0.9492600560188293,0.37917548418045044
YNL112W,YLR312C-B,0,-7.960963,0.200178325176239,0.9492600560188293,0.3792811930179596
YBR100W,YHR026W,0,-7.9612637,0.20013372600078583,0.9492600560188293,0.37938690185546875
YJL021C,YML062C,0,-7.9613695,0.20008912682533264,0.9492600560188293,0.3794926106929779
YPR005C,YOR211C,0,-7.961613,0.20004455745220184,0.9492600560188293,0.37959831953048706
YJR022W,YIL068C,0,-7.961623,0.20000000298023224,0.9492600560188293,0.3797040283679962
YLR002C,YLR312C-B,0,-7.9617805,0.19995546340942383,0.9492600560188293,0.37980973720550537
YEL071W,YBR133C,0,-7.961827,0.1999109536409378,0.9492600560188293,0.3799154460430145
YOL077W-A,YHR124W,0,-7.961917,0.19986645877361298,0.9492600560188293,0.3800211548805237
YGR261C,YBL008W,0,-7.9619308,0.19982197880744934,0.9492600560188293,0.38012686371803284
YNL027W,YOR181W,0,-7.9619718,0.1997775286436081,0.9492600560188293,0.380232572555542
YMR167W,YJR086W,0,-7.962424,0.19973309338092804,0.9492600560188293,0.38033825159072876
YJR057W,YLR234W,0,-7.962704,0.19968868792057037,0.9492600560188293,0.3804439604282379
YKL055C,YJL093C,0,-7.9628234,0.1996442824602127,0.9492600560188293,0.38054966926574707
YOR351C,YLL056C,0,-7.963257,0.19959990680217743,0.9492600560188293,0.3806553781032562
YER038C,YML040W,0,-7.963718,0.19955556094646454,0.9492600560188293,0.3807610869407654
YJR084W,YJR068W,0,-7.964092,0.19951121509075165,0.9492600560188293,0.38086679577827454
YDR118W,YKL170W,0,-7.9643826,0.19946689903736115,0.9492600560188293,0.3809725046157837
YNL302C,YHR039C-B,0,-7.9646645,0.19942261278629303,0.9492600560188293,0.38107821345329285
YGL252C,YIL017C,0,-7.964761,0.19937832653522491,0.9492600560188293,0.381183922290802
YNL090W,YPR137W,0,-7.964868,0.1993340700864792,0.9492600560188293,0.38128963112831116
YPL244C,YHL009W-B,0,-7.9654756,0.19928982853889465,0.9492600560188293,0.3813953399658203
YCR044C,YDR261W-A,0,-7.966029,0.1992456167936325,0.9492600560188293,0.38150104880332947
YBR205W,YPR103W,0,-7.966332,0.19920141994953156,0.9492600560188293,0.3816067576408386
YMR091C,YIL082W-A,0,-7.967708,0.1991572380065918,0.9492600560188293,0.3817124664783478
YJL156C,YLR262C,0,-7.9677243,0.19911308586597443,0.9492600560188293,0.38181817531585693
YPR201W,YDR265W,0,-7.9677334,0.19906894862651825,0.9492600560188293,0.3819238841533661
YOL027C,YKL055C,0,-7.967954,0.19902482628822327,0.9492600560188293,0.38202959299087524
YBR159W,YKL059C,0,-7.968214,0.19898071885108948,0.9492600560188293,0.3821353018283844
YGR284C,YLR059C,0,-7.9687924,0.19893664121627808,0.9492600560188293,0.38224101066589355
YJR118C,YGR285C,0,-7.968855,0.19889257848262787,0.9492600560188293,0.3823467195034027
YHL002W,YBL057C,0,-7.9689393,0.19884854555130005,0.9492600560188293,0.38245242834091187
YDR450W,YBL005W-B,0,-7.9689603,0.19880451261997223,0.9492600560188293,0.382558137178421
YHR163W,YPR158C-C,0,-7.969339,0.1987605094909668,0.9492600560188293,0.3826638460159302
YLR370C,YBR218C,0,-7.969543,0.19871653616428375,0.9492600560188293,0.38276955485343933
YKL022C,YPL128C,0,-7.969609,0.1986725628376007,0.9492600560188293,0.3828752636909485
YOR140W,YJL052W,0,-7.970824,0.19862861931324005,0.9492600560188293,0.38298097252845764
YKL002W,YPR191W,0,-7.970921,0.1985846906900406,0.9492600560188293,0.3830866813659668
YGR028W,YHL009C,0,-7.9709253,0.1985407918691635,0.9492600560188293,0.38319239020347595
YJL129C,YNR046W,0,-7.9709883,0.19849690794944763,0.9492600560188293,0.3832980990409851
YFR019W,YCR080W,0,-7.9712214,0.19845303893089294,0.9492600560188293,0.38340380787849426
YER073W,YML039W,0,-7.9712996,0.19840918481349945,0.9492600560188293,0.3835095167160034
YAL031C,YIL082W-A,0,-7.971334,0.19836536049842834,0.9492600560188293,0.3836152255535126
YNL209W,YOR194C,0,-7.971775,0.19832155108451843,0.9492600560188293,0.38372093439102173
YOL123W,YBL022C,0,-7.972319,0.1982777714729309,0.9492600560188293,0.3838266432285309
YIR025W,YIL122W,0,-7.9725714,0.19823399186134338,0.9492600560188293,0.38393235206604004
YNL154C,YML045W,0,-7.9725776,0.19819024205207825,0.9492600560188293,0.3840380609035492
YLR145W,YLR035C-A,0,-7.9725976,0.1981465071439743,0.9492600560188293,0.38414376974105835
YLR391W-A,YJL036W,0,-7.9733396,0.19810280203819275,0.9492600560188293,0.3842494785785675
YIL119C,YPL203W,0,-7.973351,0.1980591118335724,0.9492600560188293,0.38435518741607666
YMR021C,YOL128C,0,-7.9737563,0.19801543653011322,0.9492600560188293,0.3844608962535858
YJR009C,YLR183C,0,-7.9740777,0.19797177612781525,0.9492600560188293,0.38456660509109497
YLL024C,YDR172W,0,-7.974259,0.19792814552783966,0.9492600560188293,0.3846723139286041
YGL226C-A,YBR293W,0,-7.9751945,0.19788452982902527,0.9492600560188293,0.3847780227661133
YOR326W,YDR485C,0,-7.975228,0.19784092903137207,0.9492600560188293,0.38488373160362244
YCL012W,YNR032W,0,-7.975543,0.19779735803604126,0.9492600560188293,0.3849894404411316
YNL331C,YDR130C,0,-7.9759464,0.19775380194187164,0.9492600560188293,0.38509514927864075
YMR042W,YGL163C,0,-7.975963,0.19771026074886322,0.9492600560188293,0.3852008581161499
YBL098W,YCL062W,0,-7.9762626,0.197666734457016,0.9492600560188293,0.38530656695365906
YNL031C,YOR210W,0,-7.9763913,0.19762323796749115,0.9492600560188293,0.3854122757911682
YKR027W,YMR087W,0,-7.9766183,0.1975797563791275,0.9492600560188293,0.38551798462867737
YOR351C,YNL074C,0,-7.976852,0.19753628969192505,0.9492600560188293,0.3856236934661865
YBR009C,YAL001C,0,-7.9769435,0.19749285280704498,0.9492600560188293,0.3857293725013733
YPR100W,YHR172W,0,-7.9771767,0.1974494308233261,0.9492600560188293,0.38583508133888245
YBR107C,YHR023W,0,-7.9777884,0.19740602374076843,0.9492600560188293,0.3859407901763916
YOR046C,YPL283C,0,-7.978419,0.19736263155937195,0.9492600560188293,0.38604649901390076
YDL076C,YFL002W-A,0,-7.9784875,0.19731926918029785,0.9492600560188293,0.3861522078514099
YGL087C,YBR168W,0,-7.9785914,0.19727592170238495,0.9492600560188293,0.38625791668891907
YOR226C,YLR234W,0,-7.9788585,0.19723258912563324,0.9492600560188293,0.3863636255264282
YNR031C,YEL004W,0,-7.979394,0.19718928635120392,0.9492600560188293,0.3864693343639374
YPL096C-A,YKR009C,0,-7.979572,0.1971459984779358,0.9492600560188293,0.38657504320144653
YDR301W,YPR158C-D,0,-7.9796176,0.19710272550582886,0.9492600560188293,0.3866807520389557
YBR237W,YGL093W,0,-7.9803863,0.19705946743488312,0.9492600560188293,0.38678646087646484
YOR035C,YLR369W,0,-7.9806204,0.19701623916625977,0.9492600560188293,0.386892169713974
YNL209W,YCL019W,0,-7.9806223,0.1969730257987976,0.9492600560188293,0.38699787855148315
YPR032W,YCR053W,0,-7.981096,0.19692982733249664,0.9492600560188293,0.3871035873889923
YDR414C,YJL128C,0,-7.981162,0.19688664376735687,0.9492600560188293,0.38720929622650146
YPR095C,YIL039W,0,-7.9814854,0.1968434900045395,0.9492600560188293,0.3873150050640106
YGL071W,YDR254W,0,-7.9816723,0.1968003511428833,0.9492600560188293,0.3874207139015198
YNR049C,YNL007C,0,-7.981747,0.1967572271823883,0.9492600560188293,0.38752642273902893
YIL142W,YGR170W,0,-7.9820313,0.1967141330242157,0.9492600560188293,0.3876321315765381
YOR204W,YCL003W,0,-7.982142,0.19667105376720428,0.9492600560188293,0.38773784041404724
YML065W,YIL138C,0,-7.9824505,0.19662798941135406,0.9492600560188293,0.3878435492515564
YMR137C,YGL058W,0,-7.9827123,0.19658493995666504,0.9492600560188293,0.38794925808906555
YNR017W,YOL103W-A,0,-7.9829226,0.1965419203042984,0.9492600560188293,0.3880549669265747
YGR060W,YER111C,0,-7.983211,0.19649890065193176,0.9492600560188293,0.38816067576408386
YDR256C,YCR080W,0,-7.983329,0.1964559108018875,0.9492600560188293,0.388266384601593
YOR080W,YMR260C,0,-7.983547,0.19641295075416565,0.9492600560188293,0.3883720934391022
YNR059W,YBR058C,0,-7.983695,0.1963699907064438,0.9492600560188293,0.38847780227661133
YBR183W,YJR027W,0,-7.9837694,0.1963270604610443,0.9492600560188293,0.3885835111141205
YER155C,YPL096W,0,-7.98383,0.19628416001796722,0.9492600560188293,0.38868921995162964
YPL163C,YIL129C,0,-7.9840436,0.19624125957489014,0.9492600560188293,0.3887949287891388
YKR086W,YNR039C,0,-7.9840465,0.19619838893413544,0.9492600560188293,0.38890063762664795
YMR104C,YPR158C-D,0,-7.9841123,0.19615553319454193,0.9492600560188293,0.3890063464641571
YKR014C,YOL103W-B,0,-7.9843774,0.19611269235610962,0.9492600560188293,0.38911205530166626
YER022W,YDR330W,0,-7.9847083,0.1960698664188385,0.9492600560188293,0.3892177641391754
YPL195W,YKL150W,0,-7.9849524,0.19602707028388977,0.9492600560188293,0.38932347297668457
YOR008C,YCL020W,0,-7.985067,0.19598428905010223,0.9492600560188293,0.3894291818141937
YGR218W,YOR308C,0,-7.9852076,0.1959415227174759,0.9492600560188293,0.3895348906517029
YPL075W,YDL195W,0,-7.985274,0.19589877128601074,0.9492600560188293,0.38964059948921204
YNL027W,YNL330C,0,-7.9853034,0.19585604965686798,0.9492600560188293,0.3897463083267212
YLR014C,YCL075W,0,-7.985308,0.1958133429288864,0.9492600560188293,0.38985201716423035
YER032W,YIL061C,0,-7.9853854,0.19577065110206604,0.9492600560188293,0.3899577260017395
YLL042C,YKL058W,0,-7.9855947,0.19572798907756805,0.9492600560188293,0.39006343483924866
YHR186C,YCR084C,0,-7.986314,0.19568532705307007,0.9492600560188293,0.3901691436767578
YDL244W,YNL064C,0,-7.9863667,0.19564269483089447,0.9492600560188293,0.39027485251426697
YLL050C,YOR162C,0,-7.9864254,0.19560009241104126,0.9492600560188293,0.3903805613517761
YNL039W,YOR157C,0,-7.9866276,0.19555748999118805,0.9492600560188293,0.3904862701892853
YBR029C,YHR116W,0,-7.9875484,0.19551491737365723,0.9492600560188293,0.39059197902679443
YJL021C,YOR098C,0,-7.9877496,0.1954723596572876,0.9492600560188293,0.3906976878643036
YIL037C,YNL070W,0,-7.9879823,0.19542981684207916,0.9492600560188293,0.39080339670181274
YMR137C,YDR078C,0,-7.9884286,0.19538728892803192,0.9492600560188293,0.3909091055393219
YDR277C,YLR455W,0,-7.988566,0.19534479081630707,0.9492600560188293,0.39101478457450867
YKR101W,YHL009C,0,-7.988704,0.1953023076057434,0.9492600560188293,0.3911204934120178
YAL013W,YNL127W,0,-7.989073,0.19525983929634094,0.9492600560188293,0.391226202249527
YCR038C,YGL025C,0,-7.9892445,0.19521738588809967,0.9492600560188293,0.39133191108703613
YLL034C,YPL085W,0,-7.9895644,0.1951749622821808,0.9492600560188293,0.3914376199245453
YHR074W,YPR036W,0,-7.9897213,0.1951325535774231,0.9492600560188293,0.39154332876205444
YAR033W,YOR362C,0,-7.990189,0.1950901597738266,0.9492600560188293,0.3916490375995636
YDL079C,YDR142C,0,-7.9902415,0.1950477808713913,0.9492600560188293,0.39175474643707275
YNL267W,YIL017C,0,-7.9904766,0.19500543177127838,0.9492600560188293,0.3918604552745819
YPR054W,YPR158W-B,0,-7.990539,0.19496309757232666,0.9492600560188293,0.39196616411209106
YBR004C,YLR026C,0,-7.990665,0.19492077827453613,0.9492600560188293,0.3920718729496002
YDR101C,YML025C,1,-7.992602,0.1950954794883728,0.9503171443939209,0.3920718729496002
YIL159W,YPL106C,0,-7.9926047,0.19505316019058228,0.9503171443939209,0.3921775817871094
YNL242W,YGR038C-A,0,-7.9926353,0.19501084089279175,0.9503171443939209,0.39228329062461853
YBR040W,YGL016W,0,-7.992658,0.1949685513973236,0.9503171443939209,0.3923889994621277
YCR107W,YEL018W,0,-7.9928517,0.19492627680301666,0.9503171443939209,0.39249470829963684
YNR044W,YNL014W,0,-7.992862,0.1948840171098709,0.9503171443939209,0.392600417137146
YHR011W,YER183C,0,-7.9929414,0.19484178721904755,0.9503171443939209,0.39270612597465515
YNL166C,YPR037C,0,-7.9929748,0.19479957222938538,0.9503171443939209,0.3928118348121643
YPL093W,YML025C,1,-7.9935822,0.19497400522232056,0.9513742327690125,0.3928118348121643
YNL148C,YKR057W,0,-7.9935894,0.1949317753314972,0.9513742327690125,0.39291754364967346
YOL095C,YPL237W,0,-7.9937177,0.19488956034183502,0.9513742327690125,0.3930232524871826
YPR006C,YGL219C,0,-7.9937367,0.19484737515449524,0.9513742327690125,0.3931289613246918
YPL169C,YIL029C,0,-7.9938455,0.19480518996715546,0.9513742327690125,0.3932346701622009
YHR004C,YMR067C,0,-7.994185,0.19476303458213806,0.9513742327690125,0.3933403789997101
YNL326C,YJL143W,0,-7.9941936,0.19472089409828186,0.9513742327690125,0.39344608783721924
YHR204W,YGR181W,0,-7.994704,0.19467878341674805,0.9513742327690125,0.3935517966747284
YBR049C,YDR409W,0,-7.9947925,0.19463667273521423,0.9513742327690125,0.39365750551223755
YFL057C,YDL090C,0,-7.994901,0.1945945918560028,0.9513742327690125,0.3937632143497467
YCR040W,YIL080W,0,-7.9949574,0.19455252587795258,0.9513742327690125,0.39386892318725586
YDL161W,YMR106C,0,-7.995212,0.19451047480106354,0.9513742327690125,0.393974632024765
YGL167C,YCR061W,0,-7.9955783,0.1944684535264969,0.9513742327690125,0.39408034086227417
YGR261C,YNL286W,0,-7.995605,0.19442644715309143,0.9513742327690125,0.3941860496997833
YDR195W,YGL249W,0,-7.996183,0.19438445568084717,0.9513742327690125,0.3942917585372925
YFR024C,YPL283C,0,-7.99645,0.1943424791097641,0.9513742327690125,0.39439746737480164
YCL016C,YLR360W,0,-7.996692,0.19430051743984222,0.9513742327690125,0.3945031762123108
YLR377C,YCR042C,0,-7.996758,0.19425858557224274,0.9513742327690125,0.39460888504981995
YDR137W,YFL008W,0,-7.9967933,0.19421665370464325,0.9513742327690125,0.3947145938873291
YPR124W,YJR027W,0,-7.997,0.19417475163936615,0.9513742327690125,0.39482030272483826
YPL275W,YMR113W,0,-7.9971976,0.19413287937641144,0.9513742327690125,0.3949260115623474
YLR332W,YOR088W,0,-7.9974313,0.19409100711345673,0.9513742327690125,0.39503172039985657
YGL256W,YMR043W,0,-7.9975,0.1940491646528244,0.9513742327690125,0.3951374292373657
YFL039C,YPR057W,0,-7.997951,0.19400732219219208,0.9513742327690125,0.3952431380748749
YER178W,YDR487C,0,-7.998297,0.19396552443504333,0.9513742327690125,0.39534884691238403
YBL005W,YBR162C,0,-7.999208,0.1939237266778946,0.9513742327690125,0.3954545557498932
YIL044C,YDR228C,0,-7.9996305,0.19388194382190704,0.9513742327690125,0.39556026458740234
YDR202C,YNL330C,0,-8.000564,0.19384019076824188,0.9513742327690125,0.3956659734249115
YBL005W-A,YOL103W-A,0,-8.00059,0.19379845261573792,0.9513742327690125,0.39577168226242065
YOR232W,YML005W,0,-8.000755,0.19375672936439514,0.9513742327690125,0.3958773910999298
YDR082W,YKR059W,0,-8.000966,0.19371502101421356,0.9513742327690125,0.39598309993743896
YDR005C,YIL138C,0,-8.001017,0.19367334246635437,0.9513742327690125,0.3960888087749481
YIL022W,YBR012W-A,0,-8.001971,0.19363166391849518,0.9513742327690125,0.3961945176124573
YCL054W,YGR027W-B,0,-8.002608,0.19359001517295837,0.9513742327690125,0.39630019664764404
YJL125C,YBR111W-A,0,-8.002608,0.19354838132858276,0.9513742327690125,0.3964059054851532
YER161C,YLR035C-A,0,-8.003066,0.19350677728652954,0.9513742327690125,0.39651161432266235
YIL082W-A,YLR410W-B,0,-8.003615,0.19346517324447632,0.9513742327690125,0.3966173231601715
YBR008C,YJL128C,0,-8.003737,0.19342359900474548,0.9513742327690125,0.39672303199768066
YGR113W,YLR265C,0,-8.004462,0.19338203966617584,0.9513742327690125,0.3968287408351898
YHR073W,YCR073W-A,0,-8.005342,0.1933404952287674,0.9513742327690125,0.396934449672699
YPR131C,YOR182C,0,-8.0056505,0.19329896569252014,0.9513742327690125,0.39704015851020813
YHR096C,YDR365W-B,0,-8.005883,0.19325746595859528,0.9513742327690125,0.3971458673477173
YNL231C,YBR082C,0,-8.006085,0.1932159662246704,0.9513742327690125,0.39725157618522644
YJL196C,YER013W,0,-8.006405,0.19317449629306793,0.9513742327690125,0.3973572850227356
YGR280C,YJR009C,0,-8.006483,0.19313304126262665,0.9513742327690125,0.39746299386024475
YDL154W,YOR157C,0,-8.006565,0.19309161603450775,0.9513742327690125,0.3975687026977539
YBR050C,YBR077C,0,-8.007043,0.19305019080638885,0.9513742327690125,0.39767441153526306
YLL018C-A,YBR273C,0,-8.0078745,0.19300879538059235,0.9513742327690125,0.3977801203727722
YPL275W,YHR203C,0,-8.007981,0.19296741485595703,0.9513742327690125,0.39788582921028137
YLR318W,YPL058C,0,-8.008527,0.1929260492324829,0.9513742327690125,0.3979915380477905
YHR115C,YLR033W,0,-8.008771,0.19288469851016998,0.9513742327690125,0.3980972468852997
YLR285W,YDR363W-A,0,-8.00921,0.19284336268901825,0.9513742327690125,0.39820295572280884
YJR097W,YMR046C,0,-8.009292,0.1928020566701889,0.9513742327690125,0.398308664560318
YGL145W,YOL138C,0,-8.009312,0.19276076555252075,0.9513742327690125,0.39841437339782715
YML080W,YLR086W,0,-8.009724,0.1927194893360138,0.9513742327690125,0.3985200822353363
YLR368W,YPL106C,0,-8.010318,0.19267822802066803,0.9513742327690125,0.39862579107284546
YDR265W,YJL166W,0,-8.010331,0.19263698160648346,0.9513742327690125,0.3987314999103546
YGR254W,YGR122W,0,-8.0105715,0.19259576499462128,0.9513742327690125,0.39883720874786377
YOR080W,YCR102C,0,-8.010702,0.1925545632839203,0.9513742327690125,0.3989429175853729
YJL178C,YMR089C,0,-8.011485,0.1925133615732193,0.9513742327690125,0.3990486264228821
YBR004C,YOL104C,0,-8.011832,0.1924722045660019,0.9513742327690125,0.39915433526039124
YMR033W,YHR083W,0,-8.011926,0.19243104755878448,0.9513742327690125,0.3992600440979004
YNL275W,YPR001W,0,-8.012038,0.19238990545272827,0.9513742327690125,0.39936575293540955
YFL010W-A,YKL178C,0,-8.012248,0.19234879314899445,0.9513742327690125,0.3994714617729187
YMR288W,YMR073C,0,-8.012374,0.19230769574642181,0.9513742327690125,0.39957717061042786
YCR080W,YNL273W,0,-8.01238,0.19226661324501038,0.9513742327690125,0.399682879447937
YDR141C,YBL058W,0,-8.012574,0.19222554564476013,0.9513742327690125,0.39978858828544617
YIL142W,YGR212W,0,-8.012681,0.19218449294567108,0.9513742327690125,0.3998942971229553
YNL021W,YLR010C,0,-8.012771,0.19214347004890442,0.9513742327690125,0.4000000059604645
YER155C,YDL079C,0,-8.01294,0.19210246205329895,0.9513742327690125,0.40010571479797363
YFR048W,YLR337W,0,-8.013141,0.19206145405769348,0.9513742327690125,0.4002114236354828
YNL310C,YNL045W,0,-8.014024,0.1920204758644104,0.9513742327690125,0.40031713247299194
YHR115C,YPR037C,0,-8.014291,0.1919795274734497,0.9513742327690125,0.4004228413105011
YGL169W,YDR207C,0,-8.01446,0.191938579082489,0.9513742327690125,0.40052855014801025
YDR312W,YML025C,1,-8.014975,0.19211088120937347,0.9524312615394592,0.40052855014801025
YDR337W,YOR265W,0,-8.014977,0.1920699179172516,0.9524312615394592,0.4006342589855194
YGR003W,YIL173W,0,-8.015149,0.1920289844274521,0.9524312615394592,0.40073996782302856
YLR034C,YHR139C,0,-8.015502,0.19198806583881378,0.9524312615394592,0.4008456766605377
YNL099C,YBR218C,0,-8.015515,0.19194716215133667,0.9524312615394592,0.4009513854980469
YBR202W,YMR005W,0,-8.015531,0.19190628826618195,0.9524312615394592,0.40105709433555603
YBR081C,YDR365W-B,0,-8.015693,0.19186541438102722,0.9524312615394592,0.4011628031730652
YBR029C,YLR095C,0,-8.016253,0.19182457029819489,0.9524312615394592,0.40126851201057434
YJR108W,YGL092W,0,-8.016297,0.19178374111652374,0.9524312615394592,0.4013742208480835
YCR039C,YBL034C,0,-8.016379,0.1917429268360138,0.9524312615394592,0.40147992968559265
YGR113W,YGR033C,0,-8.016421,0.19170212745666504,0.9524312615394592,0.4015856385231018
YDR318W,YOR367W,0,-8.016794,0.19166134297847748,0.9524312615394592,0.4016913175582886
YJL021C,YLR107W,0,-8.017054,0.1916205883026123,0.9524312615394592,0.40179702639579773
YLR391W,YOR060C,0,-8.017085,0.19157984852790833,0.9524312615394592,0.4019027352333069
YJR089W,YPR001W,0,-8.017997,0.19153910875320435,0.9524312615394592,0.40200844407081604
YLR238W,YLR372W,0,-8.018391,0.19149839878082275,0.9524312615394592,0.4021141529083252
YDR490C,YGR056W,0,-8.018972,0.19145771861076355,0.9524312615394592,0.40221986174583435
YNL031C,YDR210W-A,0,-8.019359,0.19141703844070435,0.9524312615394592,0.4023255705833435
YML061C,YGL095C,0,-8.019536,0.19137638807296753,0.9524312615394592,0.40243127942085266
YBL008W,YKL045W,0,-8.019619,0.1913357377052307,0.9524312615394592,0.4025369882583618
YPR029C,YKR002W,0,-8.019731,0.19129511713981628,0.9524312615394592,0.40264269709587097
YPR052C,YOR338W,0,-8.020145,0.19125451147556305,0.9524312615394592,0.4027484059333801
YHR183W,YHR039C,0,-8.020635,0.191213920712471,0.9524312615394592,0.4028541147708893
YNL258C,YDR137W,0,-8.0207205,0.19117334485054016,0.9524312615394592,0.40295982360839844
YNL112W,YCR084C,0,-8.021092,0.1911327987909317,0.9524312615394592,0.4030655324459076
YOR274W,YHR039C-A,0,-8.021139,0.19109225273132324,0.9524312615394592,0.40317124128341675
YOR386W,YNL121C,0,-8.0211935,0.19105173647403717,0.9524312615394592,0.4032769501209259
YGL067W,YNL097C,0,-8.021321,0.1910112351179123,0.9524312615394592,0.40338265895843506
YMR096W,YLR369W,0,-8.021574,0.1909707486629486,0.9524312615394592,0.4034883677959442
YDR173C,YJR064W,0,-8.0220995,0.19093027710914612,0.9524312615394592,0.40359407663345337
YGL035C,YDL195W,0,-8.02221,0.19088983535766602,0.9524312615394592,0.4036997854709625
YPR023C,YDR473C,0,-8.0224495,0.1908493936061859,0.9524312615394592,0.4038054943084717
YGL070C,YJL129C,0,-8.022528,0.1908089816570282,0.9524312615394592,0.40391120314598083
YLR431C,YDR365W-B,0,-8.022637,0.19076858460903168,0.9524312615394592,0.40401691198349
YMR065W,YIL048W,0,-8.022767,0.19072820246219635,0.9524312615394592,0.40412262082099915
YOL088C,YHL009W-B,0,-8.023241,0.19068783521652222,0.9524312615394592,0.4042283296585083
YLR207W,YMR204C,0,-8.023307,0.19064748287200928,0.9524312615394592,0.40433403849601746
YCR098C,YFR003C,0,-8.023534,0.19060714542865753,0.9524312615394592,0.4044397473335266
YLR103C,YHR158C,0,-8.023938,0.19056683778762817,0.9524312615394592,0.40454545617103577
YDL161W,YPL224C,0,-8.023982,0.19052654504776,0.9524312615394592,0.4046511650085449
YBR109C,YCR061W,0,-8.024009,0.19048625230789185,0.9524312615394592,0.4047568738460541
YMR013C,YNL253W,0,-8.024235,0.19044598937034607,0.9524312615394592,0.40486258268356323
YDR480W,YBL026W,0,-8.02431,0.1904057413339615,0.9524312615394592,0.4049682915210724
YDR147W,YOR210W,0,-8.025043,0.1903655230998993,0.9524312615394592,0.40507400035858154
YDR379W,YDR210W-A,0,-8.025529,0.1903253048658371,0.9524312615394592,0.4051797091960907
YLR321C,YOR149C,0,-8.026411,0.1902851164340973,0.9524312615394592,0.40528541803359985
YML102W,YLR084C,0,-8.026797,0.19024492800235748,0.9524312615394592,0.405391126871109
YNR026C,YBR165W,0,-8.02754,0.19020476937294006,0.9524312615394592,0.40549683570861816
YDL128W,YOR287C,0,-8.027879,0.19016462564468384,0.9524312615394592,0.4056025445461273
YBR223C,YDR027C,0,-8.027892,0.1901244968175888,0.9524312615394592,0.4057082533836365
YKL054C,YNL230C,0,-8.028182,0.19008438289165497,0.9524312615394592,0.40581396222114563
YBR131W,YDL142C,0,-8.028323,0.19004429876804352,0.9524312615394592,0.4059196710586548
YLR220W,YAL058W,0,-8.028544,0.19000421464443207,0.9524312615394592,0.40602537989616394
YBR283C,YPR137C-A,0,-8.02914,0.189964160323143,0.9524312615394592,0.4061310887336731
YBR275C,YIL123W,0,-8.029279,0.18992412090301514,0.9524312615394592,0.40623679757118225
YOR030W,YCL074W,0,-8.029515,0.18988408148288727,0.9524312615394592,0.4063425064086914
YFR028C,YNL317W,0,-8.029868,0.1898440718650818,0.9524312615394592,0.40644821524620056
YDL055C,YPL139C,0,-8.029946,0.1898040920495987,0.9524312615394592,0.4065539240837097
YCR089W,YGR006W,0,-8.030122,0.1897641122341156,0.9524312615394592,0.40665963292121887
YGR218W,YFL011W,0,-8.030271,0.1897241473197937,0.9524312615394592,0.406765341758728
YDR173C,YDL022W,0,-8.03033,0.1896842122077942,0.9524312615394592,0.4068710505962372
YLR304C,YPL258C,0,-8.030362,0.18964429199695587,0.9524312615394592,0.40697672963142395
YER148W,YLR386W,0,-8.030629,0.18960437178611755,0.9524312615394592,0.4070824384689331
YDR524C,YNL072W,0,-8.031294,0.18956448137760162,0.9524312615394592,0.40718814730644226
YER114C,YBR021W,0,-8.031555,0.1895246058702469,0.9524312615394592,0.4072938561439514
YLR259C,YDR308C,0,-8.032313,0.18948476016521454,0.9524312615394592,0.40739956498146057
YDL175C,YKR090W,0,-8.032357,0.1894449144601822,0.9524312615394592,0.4075052738189697
YAL021C,YDR009W,0,-8.03256,0.18940508365631104,0.9524312615394592,0.4076109826564789
YGR224W,YPR158W-B,0,-8.033001,0.18936528265476227,0.9524312615394592,0.40771669149398804
YFR024C,YNL273W,0,-8.033799,0.1893254816532135,0.9524312615394592,0.4078224003314972
YNL311C,YNL222W,0,-8.033984,0.18928571045398712,0.9524312615394592,0.40792810916900635
YER016W,YJL058C,0,-8.034322,0.18924595415592194,0.9524312615394592,0.4080338180065155
YBR100W,YLR008C,0,-8.034848,0.18920621275901794,0.9524312615394592,0.40813952684402466
YBR036C,YOR109W,0,-8.035225,0.18916648626327515,0.9524312615394592,0.4082452356815338
YBR038W,YBR171W,0,-8.035712,0.18912678956985474,0.9524312615394592,0.40835094451904297
YLR214W,YPR158C-C,0,-8.036763,0.18908709287643433,0.9524312615394592,0.4084566533565521
YBR297W,YKL170W,0,-8.03686,0.1890474259853363,0.9524312615394592,0.4085623621940613
YLR380W,YPR178W,0,-8.03701,0.18900775909423828,0.9524312615394592,0.40866807103157043
YFL011W-A,YLR006C,0,-8.037048,0.18896812200546265,0.9524312615394592,0.4087737798690796
YHR014W,YEL004W,0,-8.037742,0.1889284998178482,0.9524312615394592,0.40887948870658875
YIL109C,YOR343W-A,0,-8.038156,0.18888889253139496,0.9524312615394592,0.4089851975440979
YML008C,YGL142C,0,-8.038483,0.1888493001461029,0.9524312615394592,0.40909090638160706
YGR202C,YAL033W,0,-8.03896,0.18880972266197205,0.9524312615394592,0.4091966152191162
YAL032C,YOR367W,0,-8.039075,0.18877016007900238,0.9524312615394592,0.40930232405662537
YKR019C,YIL114C,0,-8.039254,0.1887306272983551,0.9524312615394592,0.4094080328941345
YDR151C,YOR266W,0,-8.039358,0.18869109451770782,0.9524312615394592,0.4095137417316437
YMR238W,YDL226C,0,-8.039428,0.18865159153938293,0.9524312615394592,0.40961945056915283
YCR091W,YDR137W,0,-8.039697,0.18861210346221924,0.9524312615394592,0.409725159406662
YHR175W,YER160C,0,-8.0397625,0.18857263028621674,0.9524312615394592,0.40983086824417114
YPR042C,YPL026C,0,-8.040418,0.18853317201137543,0.9524312615394592,0.4099365770816803
YNL012W,YIL138C,0,-8.040501,0.1884937286376953,0.9524312615394592,0.41004228591918945
YJL021C,YPR036W,0,-8.041093,0.1884543001651764,0.9524312615394592,0.4101479947566986
YKR095W,YMR149W,0,-8.041108,0.18841488659381866,0.9524312615394592,0.41025370359420776
YDL064W,YLR337W,0,-8.0416,0.18837550282478333,0.9524312615394592,0.4103594124317169
YHR053C,YIL098C,0,-8.042241,0.18833611905574799,0.9524312615394592,0.4104651212692261
YGR108W,YEL031W,0,-8.0423975,0.18829676508903503,0.9524312615394592,0.41057083010673523
YBR026C,YPR042C,0,-8.042422,0.18825741112232208,0.9524312615394592,0.4106765389442444
YPL059W,YMR167W,0,-8.042609,0.18821808695793152,0.9524312615394592,0.41078224778175354
YMR079W,YGR181W,0,-8.04291,0.18817877769470215,0.9524312615394592,0.4108879566192627
YDL013W,YEL057C,0,-8.042982,0.18813948333263397,0.9524312615394592,0.41099366545677185
YGL167C,YNL044W,0,-8.043015,0.188100203871727,0.9524312615394592,0.411099374294281
YPR075C,YGR047C,0,-8.044661,0.1880609542131424,0.9524312615394592,0.41120508313179016
YMR305C,YDR218C,0,-8.045054,0.1880217045545578,0.9524312615394592,0.4113107919692993
YHR188C,YOR160W,0,-8.045254,0.1879824697971344,0.9524312615394592,0.41141650080680847
YGR186W,YDR210C-D,0,-8.04559,0.1879432648420334,0.9524312615394592,0.4115222096443176
YJR017C,YKL029C,0,-8.045995,0.18790405988693237,0.9524312615394592,0.4116279184818268
YLR242C,YKL179C,0,-8.04634,0.18786488473415375,0.9524312615394592,0.41173362731933594
YBR202W,YLL013C,0,-8.046407,0.18782572448253632,0.9524312615394592,0.4118393361568451
YAL010C,YPL190C,0,-8.047437,0.18778657913208008,0.9524312615394592,0.41194504499435425
YCR075C,YML021C,0,-8.047713,0.18774744868278503,0.9524312615394592,0.4120507538318634
YPL001W,YAR002W,0,-8.047818,0.18770833313465118,0.9524312615394592,0.41215646266937256
YDR424C,YDR259C,0,-8.048032,0.18766923248767853,0.9524312615394592,0.4122621417045593
YGL011C,YOL028C,0,-8.048332,0.18763014674186707,0.9524312615394592,0.4123678505420685
YNL286W,YKR095W-A,0,-8.048968,0.187591090798378,0.9524312615394592,0.41247355937957764
YGR036C,YDR082W,0,-8.049314,0.18755203485488892,0.9524312615394592,0.4125792682170868
YDR151C,YBR179C,0,-8.049565,0.18751300871372223,0.9524312615394592,0.41268497705459595
YAL032C,YPR032W,0,-8.049893,0.18747399747371674,0.9524312615394592,0.4127906858921051
YAL015C,YBR012W-B,0,-8.050048,0.18743498623371124,0.9524312615394592,0.41289639472961426
YNL202W,YDR065W,0,-8.050413,0.18739600479602814,0.9524312615394592,0.4130021035671234
YGR129W,YIL173W,0,-8.050553,0.18735703825950623,0.9524312615394592,0.41310781240463257
YNR074C,YDR062W,0,-8.050601,0.1873180866241455,0.9524312615394592,0.4132135212421417
YGR222W,YLR371W,0,-8.050663,0.18727914988994598,0.9524312615394592,0.4133192300796509
YBR245C,YDL217C,0,-8.05067,0.18724022805690765,0.9524312615394592,0.41342493891716003
YPL153C,YJL035C,0,-8.050727,0.1872013360261917,0.9524312615394592,0.4135306477546692
YPR065W,YHR205W,0,-8.050975,0.18716244399547577,0.9524312615394592,0.41363635659217834
YLR368W,YHR143W-A,0,-8.050996,0.18712356686592102,0.9524312615394592,0.4137420654296875
YJL184W,YOR048C,0,-8.051185,0.18708471953868866,0.9524312615394592,0.41384777426719666
YBR040W,YIR013C,0,-8.051614,0.1870458722114563,0.9524312615394592,0.4139534831047058
YCR094W,YMR012W,0,-8.051768,0.18700705468654633,0.9524312615394592,0.41405919194221497
YDL028C,YOL054W,0,-8.051845,0.18696825206279755,0.9524312615394592,0.4141649007797241
YPL228W,YJR127C,0,-8.052208,0.18692946434020996,0.9524312615394592,0.4142706096172333
YPR001W,YOR099W,0,-8.052315,0.18689069151878357,0.9524312615394592,0.41437631845474243
YKR008W,YMR134W,0,-8.052443,0.18685193359851837,0.9524312615394592,0.4144820272922516
YLR399C,YFL014W,0,-8.052835,0.18681319057941437,0.9524312615394592,0.41458773612976074
YOR335C,YML071C,0,-8.052904,0.18677446246147156,0.9524312615394592,0.4146934449672699
YGL090W,YFL037W,0,-8.053408,0.18673574924468994,0.9524312615394592,0.41479915380477905
YDR172W,YJR029W,0,-8.053498,0.18669705092906952,0.9524312615394592,0.4149048626422882
YIL018W,YCR080W,0,-8.05361,0.18665838241577148,0.9524312615394592,0.41501057147979736
YKL205W,YDR057W,0,-8.053801,0.18661971390247345,0.9524312615394592,0.4151162803173065
YPL125W,YFL035C,0,-8.054458,0.1865810751914978,0.9524312615394592,0.4152219891548157
YMR202W,YDL098C,0,-8.054759,0.18654243648052216,0.9524312615394592,0.41532769799232483
YGR191W,YGL127C,0,-8.05507,0.1865038275718689,0.9524312615394592,0.415433406829834
YKL093W,YGR199W,0,-8.055355,0.18646523356437683,0.9524312615394592,0.41553911566734314
YAR007C,YKR031C,0,-8.055667,0.18642665445804596,0.9524312615394592,0.4156448245048523
YPL016W,YER041W,0,-8.055715,0.18638809025287628,0.9524312615394592,0.41575053334236145
YEL050C,YPL237W,0,-8.0561,0.1863495409488678,0.9524312615394592,0.4158562421798706
YBL040C,YOL108C,0,-8.056508,0.1863110065460205,0.9524312615394592,0.41596195101737976
YMR052W,YGL058W,0,-8.056784,0.1862724870443344,0.9524312615394592,0.4160676598548889
YPL188W,YBR024W,0,-8.057241,0.1862339824438095,0.9524312615394592,0.41617336869239807
YDL105W,YCL010C,0,-8.057685,0.1861954927444458,0.9524312615394592,0.4162790775299072
YOR217W,YNL070W,0,-8.057712,0.1861570179462433,0.9524312615394592,0.4163847863674164
YLR201C,YDR365W-B,0,-8.058085,0.18611857295036316,0.9524312615394592,0.41649049520492554
YOL063C,YKL214C,0,-8.058115,0.18608012795448303,0.9524312615394592,0.4165962040424347
YOL023W,YKL042W,0,-8.058136,0.1860417127609253,0.9524312615394592,0.41670191287994385
YGL173C,YPR137C-B,0,-8.058499,0.18600329756736755,0.9524312615394592,0.416807621717453
YOR354C,YOL147C,0,-8.058624,0.1859649121761322,0.9524312615394592,0.41691333055496216
YOR211C,YDL084W,0,-8.058651,0.18592654168605804,0.9524312615394592,0.4170190393924713
YMR220W,YMR305C,0,-8.059223,0.1858881711959839,0.9524312615394592,0.41712474822998047
YPR128C,YBR217W,0,-8.059552,0.18584983050823212,0.9524312615394592,0.4172304570674896
YIL037C,YGR276C,0,-8.060049,0.18581150472164154,0.9524312615394592,0.4173361659049988
YLR411W,YBR111W-A,0,-8.060155,0.18577319383621216,0.9524312615394592,0.41744187474250793
YOL077W-A,YGR057C,0,-8.060319,0.18573489785194397,0.9524312615394592,0.4175475835800171
YJR004C,YLR256W-A,0,-8.060562,0.18569661676883698,0.9524312615394592,0.41765326261520386
YKL021C,YML025C,1,-8.060716,0.1858644187450409,0.9534883499145508,0.41765326261520386
YOL148C,YGL039W,0,-8.060737,0.1858261227607727,0.9534883499145508,0.417758971452713
YBR161W,YGL257C,0,-8.0612,0.1857878416776657,0.9534883499145508,0.41786468029022217
YJR155W,YDR103W,0,-8.061337,0.1857495903968811,0.9534883499145508,0.4179703891277313
YFR021W,YPR025C,0,-8.061488,0.1857113391160965,0.9534883499145508,0.4180760979652405
YGL208W,YNL046W,0,-8.061902,0.18567311763763428,0.9534883499145508,0.41818180680274963
YDR147W,YGR033C,0,-8.062139,0.18563491106033325,0.9534883499145508,0.4182875156402588
YJL134W,YDL076C,0,-8.062643,0.18559670448303223,0.9534883499145508,0.41839322447776794
YGL008C,YMR234W,0,-8.063298,0.1855585277080536,0.9534883499145508,0.4184989333152771
YMR083W,YNR011C,0,-8.063611,0.18552036583423615,0.9534883499145508,0.41860464215278625
YMR112C,YIL017W,0,-8.065114,0.1854822188615799,0.9534883499145508,0.4187103509902954
YBR207W,YDL022W,0,-8.065177,0.18544407188892365,0.9534883499145508,0.41881605982780457
YDL102W,YBL063W,0,-8.065848,0.18540595471858978,0.9534883499145508,0.4189217686653137
YBR260C,YBL100W-B,0,-8.066019,0.18536785244941711,0.9534883499145508,0.4190274775028229
YBR090C-A,YNL222W,0,-8.066169,0.18532976508140564,0.9534883499145508,0.41913318634033203
YDL230W,YGR186W,0,-8.067299,0.18529170751571655,0.9534883499145508,0.4192388951778412
YPL203W,YJR027W,0,-8.067489,0.18525364995002747,0.9534883499145508,0.41934460401535034
YIR002C,YJL129C,0,-8.067613,0.18521560728549957,0.9534883499145508,0.4194503128528595
YDR490C,YAL016W,0,-8.067687,0.18517757952213287,0.9534883499145508,0.41955602169036865
YDR376W,YBL032W,0,-8.06783,0.18513956665992737,0.9534883499145508,0.4196617305278778
YBR049C,YKL056C,0,-8.067899,0.18510158360004425,0.9534883499145508,0.41976743936538696
YPL151C,YGR038C-A,0,-8.067964,0.18506360054016113,0.9534883499145508,0.4198731482028961
YER087C-A,YPR181C,0,-8.0680685,0.1850256472826004,0.9534883499145508,0.4199788570404053
YML099C,YFL002W-A,0,-8.068105,0.18498769402503967,0.9534883499145508,0.42008456587791443
YPR187W,YCR080W,0,-8.068588,0.18494977056980133,0.9534883499145508,0.4201902747154236
YHR059W,YDR211W,0,-8.068597,0.184911847114563,0.9534883499145508,0.42029598355293274
YJL081C,YML045W,0,-8.068936,0.18487395346164703,0.9534883499145508,0.4204016923904419
YPR134W,YNL045W,0,-8.069611,0.18483605980873108,0.9534883499145508,0.42050740122795105
YKL101W,YLR435W,0,-8.070203,0.1847981959581375,0.9534883499145508,0.4206131100654602
YGR113W,YLR384C,0,-8.070256,0.18476034700870514,0.9534883499145508,0.42071881890296936
YLR139C,YOR295W,0,-8.070735,0.18472251296043396,0.9534883499145508,0.4208245277404785
YER001W,YMR234W,0,-8.070758,0.18468467891216278,0.9534883499145508,0.42093023657798767
YLR028C,YOR211C,0,-8.070912,0.184646874666214,0.9534883499145508,0.4210359454154968
YGR086C,YMR005W,0,-8.070921,0.1846090853214264,0.9534883499145508,0.421141654253006
YDL149W,YMR096W,0,-8.071275,0.1845713108778,0.9534883499145508,0.42124736309051514
YER008C,YLR026C,0,-8.071439,0.18453355133533478,0.9534883499145508,0.4213530719280243
YAL012W,YBL020W,0,-8.072264,0.18449580669403076,0.9534883499145508,0.42145878076553345
YOR076C,YOR229W,0,-8.072502,0.18445807695388794,0.9534883499145508,0.4215644896030426
YOR335C,YBR012W-A,0,-8.073151,0.1844203621149063,0.9534883499145508,0.42167019844055176
YFL048C,YOL044W,0,-8.073169,0.18438266217708588,0.9534883499145508,0.4217759072780609
YHR061C,YGR129W,0,-8.073216,0.18434497714042664,0.9534883499145508,0.42188161611557007
YJR040W,YFR052W,0,-8.073247,0.18430732190608978,0.9534883499145508,0.4219873249530792
YDR158W,YDR372C,0,-8.073306,0.18426966667175293,0.9534883499145508,0.4220930337905884
YDL220C,YOR032C,0,-8.073312,0.18423202633857727,0.9534883499145508,0.42219874262809753
YJR083C,YLR335W,0,-8.073401,0.1841944009065628,0.9534883499145508,0.4223044514656067
YBR082C,YDL190C,0,-8.0737705,0.18415680527687073,0.9534883499145508,0.42241016030311584
YPL259C,YNL004W,0,-8.07455,0.18411920964717865,0.9534883499145508,0.422515869140625
YKL017C,YLR455W,0,-8.074888,0.18408162891864777,0.9534883499145508,0.42262157797813416
YJR076C,YLR303W,0,-8.075057,0.18404407799243927,0.9534883499145508,0.4227272868156433
YNL318C,YHR024C,0,-8.075238,0.18400652706623077,0.9534883499145508,0.42283299565315247
YHR011W,YBL005W-A,0,-8.075486,0.18396900594234467,0.9534883499145508,0.42293867468833923
YBR273C,YDR365W-B,0,-8.076135,0.18393148481845856,0.9534883499145508,0.4230443835258484
YOR351C,YHR008C,0,-8.076681,0.18389397859573364,0.9534883499145508,0.42315009236335754
YLR370C,YBR129C,0,-8.077069,0.18385650217533112,0.9534883499145508,0.4232558012008667
YDR421W,YCL062W,0,-8.077358,0.18381904065608978,0.9534883499145508,0.42336151003837585
YPR188C,YBR082C,0,-8.077422,0.18378157913684845,0.9534883499145508,0.423467218875885
YIL072W,YHR124W,0,-8.078496,0.1837441474199295,0.9534883499145508,0.42357292771339417
YER042W,YDL235C,0,-8.079283,0.18370671570301056,0.9534883499145508,0.4236786365509033
YGL155W,YGL018C,0,-8.079336,0.183669313788414,0.9534883499145508,0.4237843453884125
YLR328W,YGL244W,0,-8.079478,0.18363192677497864,0.9534883499145508,0.42389005422592163
YNR052C,YDR460W,0,-8.079962,0.18359453976154327,0.9534883499145508,0.4239957630634308
YKL043W,YKL034W,0,-8.080276,0.1835571825504303,0.9534883499145508,0.42410147190093994
YMR109W,YOR338W,0,-8.080291,0.18351984024047852,0.9534883499145508,0.4242071807384491
YLR006C,YML029W,0,-8.080566,0.18348251283168793,0.9534883499145508,0.42431288957595825
YER119C,YMR199W,0,-8.081265,0.18344518542289734,0.9534883499145508,0.4244185984134674
YDR437W,YNL299W,0,-8.081346,0.18340788781642914,0.9534883499145508,0.42452430725097656
YHR089C,YCR044C,0,-8.081827,0.18337060511112213,0.9534883499145508,0.4246300160884857
YOR127W,YDR359C,0,-8.082067,0.18333333730697632,0.9534883499145508,0.4247357249259949
YOR032C,YBR183W,0,-8.082452,0.1832960844039917,0.9534883499145508,0.42484143376350403
YDL045C,YPL233W,0,-8.082515,0.18325883150100708,0.9534883499145508,0.4249471426010132
YOR267C,YFR030W,0,-8.082548,0.18322160840034485,0.9534883499145508,0.42505285143852234
YKL173W,YPL253C,0,-8.082626,0.1831844002008438,0.9534883499145508,0.4251585602760315
YAL026C,YPL129W,0,-8.082673,0.18314720690250397,0.9534883499145508,0.42526426911354065
YDR375C,YER032W,0,-8.0828085,0.18311002850532532,0.9534883499145508,0.4253699779510498
YKL048C,YOR129C,0,-8.0828495,0.18307286500930786,0.9534883499145508,0.42547568678855896
YPR183W,YBL042C,0,-8.083417,0.1830357164144516,0.9534883499145508,0.4255813956260681
YBR154C,YCL019W,0,-8.0835085,0.18299858272075653,0.9534883499145508,0.42568710446357727
YGR220C,YHR197W,1,-8.083631,0.1831642985343933,0.9545454382896423,0.42568710446357727
YOR347C,YPL257W-B,0,-8.084329,0.18312714993953705,0.9545454382896423,0.4257928133010864
YDL231C,YML038C,0,-8.084455,0.18309003114700317,0.9545454382896423,0.4258985221385956
YJL047C,YIL061C,0,-8.084598,0.1830529123544693,0.9545454382896423,0.42600423097610474
YBL019W,YHR079C-A,0,-8.084604,0.18301580846309662,0.9545454382896423,0.4261099398136139
YKL006C-A,YBR083W,0,-8.084607,0.18297871947288513,0.9545454382896423,0.42621564865112305
YDR146C,YEL002C,0,-8.084653,0.18294166028499603,0.9545454382896423,0.4263213574886322
YPL016W,YBR127C,0,-8.084655,0.18290460109710693,0.9545454382896423,0.42642706632614136
YPR135W,YKR101W,0,-8.085343,0.18286755681037903,0.9545454382896423,0.4265327751636505
YGR113W,YKL154W,0,-8.085413,0.18283052742481232,0.9545454382896423,0.42663848400115967
YCR002C,YGL016W,0,-8.085427,0.182793527841568,0.9545454382896423,0.4267441928386688
YLR318W,YCR073C,0,-8.08549,0.18275652825832367,0.9545454382896423,0.426849901676178
YPL212C,YDR261W-A,0,-8.085874,0.18271954357624054,0.9545454382896423,0.42695561051368713
YER183C,YKL194C,0,-8.086051,0.1826825886964798,0.9545454382896423,0.4270613193511963
YNL280C,YMR153W,0,-8.08634,0.18264563381671906,0.9545454382896423,0.42716702818870544
YHR143W-A,YGR038C-A,0,-8.086511,0.1826086938381195,0.9545454382896423,0.4272727370262146
YPL195W,YDR316W-A,0,-8.086601,0.18257176876068115,0.9545454382896423,0.42737844586372375
YNL273W,YDR210C-C,0,-8.086783,0.18253487348556519,0.9545454382896423,0.4274841547012329
YCL026C-A,YLR107W,0,-8.086858,0.18249797821044922,0.9545454382896423,0.42758986353874207
YAL058W,YDR083W,0,-8.086907,0.18246109783649445,0.9545454382896423,0.4276955723762512
YBL016W,YHR203C,0,-8.086927,0.18242424726486206,0.9545454382896423,0.4278012812137604
YBR037C,YAR009C,0,-8.08717,0.18238739669322968,0.9545454382896423,0.42790699005126953
YJR093C,YGR264C,0,-8.088089,0.18235056102275848,0.9545454382896423,0.4280126988887787
YMR055C,YML065W,0,-8.088159,0.18231375515460968,0.9545454382896423,0.42811840772628784
YNL270C,YAL058W,0,-8.089149,0.18227694928646088,0.9545454382896423,0.4282240867614746
YJL178C,YDR329C,0,-8.089168,0.18224015831947327,0.9545454382896423,0.42832979559898376
YPL058C,YBR081C,0,-8.089681,0.18220339715480804,0.9545454382896423,0.4284355044364929
YER051W,YOR048C,0,-8.0899725,0.18216663599014282,0.9545454382896423,0.4285412132740021
YLR103C,YOR332W,0,-8.090029,0.1821298897266388,0.9545454382896423,0.42864692211151123
YML098W,YIL017W,0,-8.090457,0.18209315836429596,0.9545454382896423,0.4287526309490204
YGL116W,YOL147C,0,-8.090638,0.1820564568042755,0.9545454382896423,0.42885833978652954
YLR097C,YIL120W,0,-8.091184,0.18201975524425507,0.9545454382896423,0.4289640486240387
YPR135W,YER087C-B,0,-8.091571,0.1819830685853958,0.9545454382896423,0.42906975746154785
YHR067W,YLR035C-A,0,-8.092009,0.18194639682769775,0.9545454382896423,0.429175466299057
YIR017C,YDR328C,0,-8.092171,0.18190975487232208,0.9545454382896423,0.42928117513656616
YGR218W,YGR275W,0,-8.092297,0.1818731129169464,0.9545454382896423,0.4293868839740753
YNL103W,YJL011C,0,-8.092351,0.18183648586273193,0.9545454382896423,0.4294925928115845
YLR106C,YML025C,1,-8.092404,0.18200120329856873,0.9556025266647339,0.4294925928115845
YLR381W,YDR461W,0,-8.092441,0.18196457624435425,0.9556025266647339,0.42959830164909363
YIR013C,YMR216C,0,-8.092522,0.18192794919013977,0.9556025266647339,0.4297040104866028
YJL021C,YLR166C,0,-8.093011,0.18189135193824768,0.9556025266647339,0.42980971932411194
YOR236W,YIL082W-A,0,-8.093209,0.1818547546863556,0.9556025266647339,0.4299154281616211
YDR377W,YKL179C,0,-8.093217,0.1818181872367859,0.9556025266647339,0.43002113699913025
YHR119W,YGR161C-D,0,-8.093307,0.1817816197872162,0.9556025266647339,0.4301268458366394
YHR048W,YPR137C-B,0,-8.093492,0.18174506723880768,0.9556025266647339,0.43023255467414856
YAR031W,YLR059C,0,-8.0938425,0.18170854449272156,0.9556025266647339,0.4303382635116577
YOR217W,YBL020W,0,-8.093997,0.18167202174663544,0.9556025266647339,0.43044397234916687
YGR227W,YBR012W-B,0,-8.094461,0.1816355288028717,0.9556025266647339,0.430549681186676
YFL010W-A,YGL200C,0,-8.094546,0.18159903585910797,0.9556025266647339,0.4306553900241852
YNL223W,YNL054W-A,0,-8.094736,0.18156255781650543,0.9556025266647339,0.43076109886169434
YIR018W,YMR046C,0,-8.095007,0.18152610957622528,0.9556025266647339,0.4308668076992035
YML105C,YHL009W-B,0,-8.095889,0.18148966133594513,0.9556025266647339,0.43097251653671265
YCR002C,YLR346C,0,-8.097396,0.18145322799682617,0.9556025266647339,0.4310782253742218
YJR089W,YOR159C,0,-8.097495,0.1814168244600296,0.9556025266647339,0.43118393421173096
YKR068C,YGL223C,0,-8.097539,0.18138042092323303,0.9556025266647339,0.4312896430492401
YGL256W,YLR424W,0,-8.097834,0.18134403228759766,0.9556025266647339,0.43139535188674927
YGL150C,YIL053W,0,-8.097907,0.18130765855312347,0.9556025266647339,0.4315010607242584
YDR545W,YOL138C,0,-8.098052,0.18127129971981049,0.9556025266647339,0.4316067695617676
YIL014W,YBR294W,0,-8.098123,0.18123497068881989,0.9556025266647339,0.43171247839927673
YMR116C,YPR086W,0,-8.098206,0.18119864165782928,0.9556025266647339,0.4318181872367859
YBR245C,YOR132W,0,-8.098237,0.18116232752799988,0.9556025266647339,0.43192389607429504
YKR027W,YNL055C,0,-8.098315,0.18112602829933167,0.9556025266647339,0.4320296049118042
YLR256W,YPL174C,0,-8.098403,0.18108974397182465,0.9556025266647339,0.43213531374931335
YBR296C,YOR346W,0,-8.098504,0.18105347454547882,0.9556025266647339,0.4322410225868225
YMR039C,YCL020W,0,-8.098594,0.1810172200202942,0.9556025266647339,0.43234673142433167
YIL095W,YBL106C,0,-8.099103,0.18098098039627075,0.9556025266647339,0.4324524402618408
YHR150W,YNL160W,0,-8.09929,0.1809447556734085,0.9556025266647339,0.43255814909935
YCR028C,YBR048W,0,-8.099496,0.18090854585170746,0.9556025266647339,0.43266385793685913
YHR001W,YMR236W,0,-8.099662,0.1808723509311676,0.9556025266647339,0.4327695667743683
YPL031C,YMR095C,0,-8.099818,0.18083617091178894,0.9556025266647339,0.43287527561187744
YIL046W,YLR005W,0,-8.100089,0.18080000579357147,0.9556025266647339,0.4329809844493866
YDR363W,YGL045W,0,-8.100211,0.180763840675354,0.9556025266647339,0.43308669328689575
YBR102C,YPL091W,0,-8.10023,0.18072770535945892,0.9556025266647339,0.4331924021244049
YLR116W,YBR258C,0,-8.100232,0.18069158494472504,0.9556025266647339,0.43329811096191406
YOR147W,YMR236W,0,-8.1002445,0.18065547943115234,0.9556025266647339,0.4334038197994232
YBL106C,YFL004W,0,-8.100509,0.18061937391757965,0.9556025266647339,0.4335095286369324
YOL142W,YOL091W,0,-8.100821,0.18058329820632935,0.9556025266647339,0.43361520767211914
YKL079W,YNL304W,0,-8.100983,0.18054723739624023,0.9556025266647339,0.4337209165096283
YDR103W,YPR158C-D,0,-8.101014,0.18051117658615112,0.9556025266647339,0.43382662534713745
YKL185W,YDR036C,0,-8.101232,0.1804751455783844,0.9556025266647339,0.4339323341846466
YOR249C,YPR017C,0,-8.101409,0.18043911457061768,0.9556025266647339,0.43403804302215576
YBR286W,YMR216C,0,-8.101482,0.18040311336517334,0.9556025266647339,0.4341437518596649
YHR205W,YOR057W,0,-8.10172,0.180367112159729,0.9556025266647339,0.4342494606971741
YDR236C,YGL033W,0,-8.102021,0.18033114075660706,0.9556025266647339,0.4343551695346832
YLR138W,YGR161W-B,0,-8.10209,0.1802951693534851,0.9556025266647339,0.4344608783721924
YIL051C,YPL235W,0,-8.10217,0.18025922775268555,0.9556025266647339,0.43456658720970154
YHR024C,YHR026W,0,-8.102227,0.180223286151886,0.9556025266647339,0.4346722960472107
YKL042W,YBR082C,0,-8.102353,0.18018735945224762,0.9556025266647339,0.43477800488471985
YDL145C,YGL142C,0,-8.102937,0.18015144765377045,0.9556025266647339,0.434883713722229
YPL122C,YBL005W-A,0,-8.102984,0.18011556565761566,0.9556025266647339,0.43498942255973816
YJL003W,YDL120W,0,-8.103146,0.18007968366146088,0.9556025266647339,0.4350951313972473
YMR287C,YAL030W,0,-8.103217,0.18004381656646729,0.9556025266647339,0.43520084023475647
YPR120C,YMR069W,0,-8.103269,0.1800079643726349,0.9556025266647339,0.4353065490722656
YOL043C,YKR031C,0,-8.103357,0.17997212707996368,0.9556025266647339,0.4354122579097748
YDR490C,YDR098C-B,0,-8.103482,0.17993630468845367,0.9556025266647339,0.43551796674728394
YMR219W,YDR210C-C,0,-8.103482,0.17990049719810486,0.9556025266647339,0.4356236755847931
YLR207W,YHR157W,0,-8.10362,0.17986470460891724,0.9556025266647339,0.43572938442230225
YAL034W-A,YBR111W-A,0,-8.104138,0.1798289269208908,0.9556025266647339,0.4358350932598114
YPR155C,YGR038C-A,0,-8.104222,0.17979316413402557,0.9556025266647339,0.43594080209732056
YKL043W,YOR149C,0,-8.104436,0.17975740134716034,0.9556025266647339,0.4360465109348297
YLR391W-A,YPL122C,0,-8.104788,0.1797216683626175,0.9556025266647339,0.43615221977233887
YDR082W,YGR161C-D,0,-8.105101,0.17968595027923584,0.9556025266647339,0.436257928609848
YPL167C,YDR210C-D,0,-8.105424,0.1796502321958542,0.9556025266647339,0.4363636374473572
YMR238W,YMR219W,0,-8.106366,0.17961454391479492,0.9556025266647339,0.43646934628486633
YCR065W,YOR329C,0,-8.106444,0.17957887053489685,0.9556025266647339,0.4365750551223755
YLR138W,YEL004W,0,-8.107142,0.17954319715499878,0.9556025266647339,0.43668076395988464
YOR002W,YER089C,0,-8.107448,0.1795075386762619,0.9556025266647339,0.4367864727973938
YFR024C-A,YNL251C,0,-8.107813,0.1794719099998474,0.9556025266647339,0.43689218163490295
YHL009W-B,YPR158C-C,0,-8.107836,0.17943628132343292,0.9556025266647339,0.4369978904724121
YOR181W,YIL031W,0,-8.108773,0.17940066754817963,0.9556025266647339,0.43710359930992126
YNR075W,YDR261W-A,0,-8.108856,0.17936508357524872,0.9556025266647339,0.4372093081474304
YNL294C,YBR289W,0,-8.108933,0.1793294996023178,0.9556025266647339,0.4373150169849396
YGL173C,YDR079C-A,0,-8.109658,0.1792939305305481,0.9556025266647339,0.43742072582244873
YDL069C,YPL096C-A,0,-8.109949,0.17925837635993958,0.9556025266647339,0.4375264346599579
YPL140C,YCR058C,0,-8.110047,0.17922283709049225,0.9556025266647339,0.43763214349746704
YPR065W,YNL284C-B,0,-8.110176,0.17918731272220612,0.9556025266647339,0.4377378523349762
YMR072W,YKL095W,0,-8.110235,0.17915180325508118,0.9556025266647339,0.43784356117248535
YIL159W,YIL031W,0,-8.110602,0.17911630868911743,0.9556025266647339,0.4379492700099945
YMR246W,YOR088W,0,-8.110658,0.17908082902431488,0.9556025266647339,0.43805497884750366
YGR222W,YNL330C,0,-8.1109,0.17904534935951233,0.9556025266647339,0.4381606876850128
YDL044C,YMR079W,0,-8.110934,0.17900989949703217,0.9556025266647339,0.438266396522522
YLR059C,YER019C-A,0,-8.111714,0.1789744645357132,0.9556025266647339,0.43837210536003113
YNL219C,YER110C,0,-8.111901,0.17893902957439423,0.9556025266647339,0.4384778141975403
YMR043W,YOR172W,0,-8.112214,0.17890362441539764,0.9556025266647339,0.43858352303504944
YDR284C,YOR083W,0,-8.112317,0.17886821925640106,0.9556025266647339,0.4386892318725586
YLR370C,YKL060C,0,-8.112326,0.17883284389972687,0.9556025266647339,0.43879494071006775
YGL190C,YNL047C,0,-8.11245,0.17879746854305267,0.9556025266647339,0.4389006197452545
YHR102W,YLR452C,0,-8.112948,0.17876210808753967,0.9556025266647339,0.43900632858276367
YEL018W,YPL167C,0,-8.113257,0.17872676253318787,0.9556025266647339,0.4391120374202728
YKL062W,YER151C,0,-8.113937,0.17869144678115845,0.9556025266647339,0.439217746257782
YOR274W,YPL188W,0,-8.114584,0.17865613102912903,0.9556025266647339,0.43932345509529114
YLR268W,YDR261C-D,0,-8.115119,0.1786208301782608,0.9556025266647339,0.4394291639328003
YCR098C,YPL242C,0,-8.115265,0.17858554422855377,0.9556025266647339,0.43953487277030945
YOL054W,YLR298C,0,-8.115874,0.17855027318000793,0.9556025266647339,0.4396405816078186
YMR109W,YGR185C,0,-8.115895,0.1785150021314621,0.9556025266647339,0.43974629044532776
YKL101W,YML091C,0,-8.116145,0.17847976088523865,0.9556025266647339,0.4398519992828369
YJR160C,YPL147W,0,-8.116242,0.1784445345401764,0.9556025266647339,0.43995770812034607
YBL019W,YML032C,0,-8.11629,0.17840930819511414,0.9556025266647339,0.4400634169578552
YGR186W,YGR161W-B,0,-8.116847,0.17837411165237427,0.9556025266647339,0.4401691257953644
YIL173W,YNL310C,0,-8.1170845,0.1783389300107956,0.9556025266647339,0.44027483463287354
YPL265W,YDR018C,0,-8.117322,0.17830374836921692,0.9556025266647339,0.4403805434703827
YJL165C,YAL032C,0,-8.117387,0.17826858162879944,0.9556025266647339,0.44048625230789185
YKL041W,YML131W,0,-8.117511,0.17823344469070435,0.9556025266647339,0.440591961145401
YGR220C,YNL110C,1,-8.117598,0.17839542031288147,0.9566596150398254,0.440591961145401
YDR182W,YGR161C-D,0,-8.117923,0.17836026847362518,0.9566596150398254,0.44069766998291016
YOR275C,YKL020C,0,-8.117954,0.1783251166343689,0.9566596150398254,0.4408033788204193
YJR078W,YDR210C-D,0,-8.118138,0.178289994597435,0.9566596150398254,0.44090908765792847
YJR082C,YCR024C-A,0,-8.118293,0.1782548725605011,0.9566596150398254,0.4410147964954376
YJR010C-A,YFL002W-A,0,-8.118297,0.1782197654247284,0.9566596150398254,0.4411205053329468
YIL072W,YNL128W,0,-8.118427,0.17818468809127808,0.9566596150398254,0.44122621417045593
YDR435C,YDR460W,0,-8.118808,0.17814961075782776,0.9566596150398254,0.4413319230079651
YOL001W,YOR069W,0,-8.118854,0.17811454832553864,0.9566596150398254,0.44143763184547424
YMR079W,YLR135W,0,-8.118926,0.1780795007944107,0.9566596150398254,0.4415433406829834
YGL192W,YML027W,0,-8.119182,0.17804446816444397,0.9566596150398254,0.44164904952049255
YPL174C,YBR066C,0,-8.119216,0.17800943553447723,0.9566596150398254,0.4417547583580017
YBR186W,YBR294W,0,-8.119306,0.17797443270683289,0.9566596150398254,0.44186046719551086
YLR332W,YAL043C,0,-8.119869,0.17793944478034973,0.9566596150398254,0.44196617603302
YDR247W,YDR485C,0,-8.119876,0.17790445685386658,0.9566596150398254,0.4420718848705292
YJL146W,YCR073W-A,0,-8.119918,0.1778694987297058,0.9566596150398254,0.44217759370803833
YLR274W,YIL109C,0,-8.120326,0.17783454060554504,0.9566596150398254,0.4422833025455475
YML058W-A,YGL018C,0,-8.120469,0.17779961228370667,0.9566596150398254,0.44238901138305664
YLR005W,YFL002W-A,0,-8.120487,0.1777646839618683,0.9566596150398254,0.4424947202205658
YKR072C,YIL017W,0,-8.12064,0.1777297705411911,0.9566596150398254,0.44260042905807495
YGR081C,YBR231C,0,-8.120811,0.1776948720216751,0.9566596150398254,0.4427061378955841
YPL195W,YBR155W,0,-8.120851,0.1776599884033203,0.9566596150398254,0.44281184673309326
YER177W,YMR203W,0,-8.1212225,0.1776251196861267,0.9566596150398254,0.4429175555706024
YFR024C,YAL047C,0,-8.121434,0.1775902658700943,0.9566596150398254,0.4430232644081116
YKL170W,YIL120W,0,-8.121458,0.17755542695522308,0.9566596150398254,0.4431289732456207
YFR019W,YLR369W,0,-8.121577,0.17752060294151306,0.9566596150398254,0.4432346820831299
YOL068C,YDR251W,0,-8.121924,0.17748577892780304,0.9566596150398254,0.44334039092063904
YKR072C,YOL138C,0,-8.122528,0.1774509847164154,0.9566596150398254,0.4434460997581482
YGR276C,YOR142W-A,0,-8.123131,0.17741619050502777,0.9566596150398254,0.44355180859565735
YPR017C,YLR043C,0,-8.123767,0.17738142609596252,0.9566596150398254,0.4436575174331665
YGL073W,YMR183C,0,-8.123905,0.17734666168689728,0.9566596150398254,0.44376322627067566
YML105C,YPL016W,0,-8.124606,0.17731191217899323,0.9566596150398254,0.4438689351081848
YDR328C,YLR467W,0,-8.124703,0.17727717757225037,0.9566596150398254,0.44397464394569397
YGL210W-A,YIL119C,0,-8.124926,0.1772424578666687,0.9566596150398254,0.4440803527832031
YLR286C,YCR027C,0,-8.1249485,0.17720775306224823,0.9566596150398254,0.4441860318183899
YOR216C,YJR028W,0,-8.125207,0.17717306315898895,0.9566596150398254,0.44429174065589905
YDR245W,YGL163C,0,-8.125507,0.17713838815689087,0.9566596150398254,0.4443974494934082
YPR200C,YDR268W,0,-8.12589,0.17710371315479279,0.9566596150398254,0.44450315833091736
YDL217C,YDR261W-A,0,-8.125954,0.1770690679550171,0.9566596150398254,0.4446088671684265
YPL269W,YDR265W,0,-8.126182,0.1770344227552414,0.9566596150398254,0.44471457600593567
YPL040C,YGR006W,0,-8.126586,0.17699980735778809,0.9566596150398254,0.4448202848434448
YCL043C,YLR321C,0,-8.127221,0.17696519196033478,0.9566596150398254,0.444925993680954
YLR242C,YOR193W,0,-8.128396,0.17693059146404266,0.9566596150398254,0.44503170251846313
YLR401C,YLR138W,0,-8.128716,0.17689600586891174,0.9566596150398254,0.4451374113559723
YLR060W,YGR038C-A,0,-8.1287775,0.17686143517494202,0.9566596150398254,0.44524312019348145
YLR424W,YER111C,0,-8.12881,0.17682687938213348,0.9566596150398254,0.4453488290309906
YMR312W,YKL042W,0,-8.129226,0.17679233849048615,0.9566596150398254,0.44545453786849976
YBR171W,YDR098C-B,0,-8.129563,0.1767578125,0.9566596150398254,0.4455602467060089
YFR024C-A,YGL100W,0,-8.129687,0.17672330141067505,0.9566596150398254,0.44566595554351807
YPR082C,YOR142W-B,0,-8.129961,0.1766887903213501,0.9566596150398254,0.4457716643810272
YFR024C,YPL121C,0,-8.129962,0.17665430903434753,0.9566596150398254,0.4458773732185364
YBR164C,YPL241C,0,-8.130252,0.17661982774734497,0.9566596150398254,0.44598308205604553
YBR093C,YPL124W,0,-8.130376,0.1765853613615036,0.9566596150398254,0.4460887908935547
YKL154W,YPR158C-D,0,-8.1304865,0.17655090987682343,0.9566596150398254,0.44619449973106384
YKL182W,YDR335W,0,-8.130543,0.17651648819446564,0.9566596150398254,0.446300208568573
YDR397C,YFL002W-B,0,-8.130974,0.17648206651210785,0.9566596150398254,0.44640591740608215
YAL035W,YDR488C,0,-8.130992,0.17644764482975006,0.9566596150398254,0.4465116262435913
YJL191W,YDR261C-D,0,-8.131188,0.17641325294971466,0.9566596150398254,0.44661733508110046
YKL112W,YGR212W,0,-8.131225,0.17637887597084045,0.9566596150398254,0.4467230439186096
YKL122C,YCL075W,0,-8.13143,0.17634449899196625,0.9566596150398254,0.4468287527561188
YDR529C,YPR137C-B,0,-8.131864,0.17631015181541443,0.9566596150398254,0.44693446159362793
YNL037C,YJL026W,0,-8.132083,0.1762758046388626,0.9566596150398254,0.4470401704311371
YNL318C,YKR101W,0,-8.132155,0.17624148726463318,0.9566596150398254,0.44714587926864624
YBR024W,YMR077C,0,-8.132201,0.17620716989040375,0.9566596150398254,0.4472515881061554
YNL009W,YPR158W-A,0,-8.13226,0.1761728674173355,0.9566596150398254,0.44735729694366455
YLR067C,YIL017W,0,-8.132407,0.17613857984542847,0.9566596150398254,0.4474630057811737
YBL047C,YOL147C,0,-8.13256,0.17610430717468262,0.9566596150398254,0.44756871461868286
YGR280C,YDR261C-D,0,-8.132568,0.17607003450393677,0.9566596150398254,0.447674423456192
YML126C,YHR026W,0,-8.1326475,0.1760357916355133,0.9566596150398254,0.44778013229370117
YOL121C,YDR098C-B,0,-8.132819,0.17600154876708984,0.9566596150398254,0.4478858411312103
YHR163W,YGR027W-B,0,-8.133104,0.17596733570098877,0.9566596150398254,0.4479915499687195
YGR119C,YCR008W,0,-8.133292,0.1759331226348877,0.9566596150398254,0.44809725880622864
YLR201C,YDR158W,0,-8.133483,0.17589892446994781,0.9566596150398254,0.4482029676437378
YEL003W,YNL268W,0,-8.133626,0.17586475610733032,0.9566596150398254,0.44830867648124695
YHR015W,YPL006W,0,-8.133754,0.17583058774471283,0.9566596150398254,0.4484143853187561
YJL099W,YGL210W-A,0,-8.134181,0.17579641938209534,0.9566596150398254,0.44852009415626526
YNL020C,YOL051W,0,-8.134435,0.17576228082180023,0.9566596150398254,0.4486258029937744
YIL132C,YDL028C,0,-8.134489,0.17572815716266632,0.9566596150398254,0.44873151183128357
YLR292C,YDR098C-A,0,-8.134523,0.1756940335035324,0.9566596150398254,0.4488372206687927
YNL029C,YFL002W-A,0,-8.134681,0.1756599396467209,0.9566596150398254,0.4489429295063019
YLR048W,YGR161W-B,0,-8.13482,0.17562584578990936,0.9566596150398254,0.44904863834381104
YIL075C,YNL088W,0,-8.134825,0.17559176683425903,0.9566596150398254,0.4491543471813202
YPL096C-A,YAL016W,0,-8.1349745,0.1755577176809311,0.9566596150398254,0.44926005601882935
YDL081C,YNL284C-B,0,-8.134993,0.17552366852760315,0.9566596150398254,0.4493657648563385
YKR048C,YDR177W,0,-8.135137,0.1754896193742752,0.9566596150398254,0.44947144389152527
YDR479C,YHL009W-B,0,-8.135194,0.17545560002326965,0.9566596150398254,0.4495771527290344
YOR355W,YPR007C,0,-8.135358,0.1754215955734253,0.9566596150398254,0.4496828615665436
YGR199W,YBR240C,0,-8.135394,0.17538759112358093,0.9566596150398254,0.44978857040405273
YNR072W,YER028C,0,-8.135538,0.17535361647605896,0.9566596150398254,0.4498942792415619
YJR031C,YBR221C,0,-8.135727,0.175319641828537,0.9566596150398254,0.44999998807907104
YLR384C,YLR183C,0,-8.136504,0.1752856820821762,0.9566596150398254,0.4501056969165802
YEL050C,YIL077C,0,-8.136552,0.17525173723697662,0.9566596150398254,0.45021140575408936
YJL035C,YJL113W,0,-8.1370325,0.17521780729293823,0.9566596150398254,0.4503171145915985
YBR186W,YBR240C,0,-8.137048,0.17518389225006104,0.9566596150398254,0.45042282342910767
YLR228C,YKL074C,0,-8.1372795,0.17514999210834503,0.9566596150398254,0.4505285322666168
YPL010W,YLR020C,0,-8.13783,0.17511609196662903,0.9566596150398254,0.450634241104126
YMR073C,YHR172W,0,-8.137946,0.1750822216272354,0.9566596150398254,0.45073994994163513
YMR214W,YOR343W-B,0,-8.138009,0.1750483512878418,0.9566596150398254,0.4508456587791443
YBR060C,YDR177W,0,-8.1384535,0.17501451075077057,0.9566596150398254,0.45095136761665344
YMR083W,YOR290C,0,-8.138577,0.17498067021369934,0.9566596150398254,0.4510570764541626
YDR301W,YMR308C,0,-8.138663,0.1749468445777893,0.9566596150398254,0.45116278529167175
YGL105W,YNL284C-B,0,-8.138711,0.17491303384304047,0.9566596150398254,0.4512684941291809
YMR137C,YPR078C,0,-8.138751,0.17487922310829163,0.9566596150398254,0.45137420296669006
YOL139C,YNL318C,0,-8.138918,0.17484544217586517,0.9566596150398254,0.4514799118041992
YCR048W,YDR446W,0,-8.139253,0.17481166124343872,0.9566596150398254,0.4515856206417084
YJR009C,YDL038C,0,-8.139367,0.17477791011333466,0.9566596150398254,0.45169132947921753
YDL100C,YOR338W,0,-8.1399,0.1747441589832306,0.9566596150398254,0.4517970383167267
YML092C,YMR046C,0,-8.140384,0.17471042275428772,0.9566596150398254,0.45190274715423584
YLR310C,YMR211W,0,-8.140471,0.17467670142650604,0.9566596150398254,0.452008455991745
YDL140C,YPL007C,0,-8.1406145,0.17464299499988556,0.9566596150398254,0.45211416482925415
YPL265W,YCR067C,0,-8.1408415,0.17460930347442627,0.9566596150398254,0.4522198736667633
YOR025W,YCL031C,0,-8.141309,0.17457561194896698,0.9566596150398254,0.45232558250427246
YGL005C,YDR320C,0,-8.14136,0.17454195022583008,0.9566596150398254,0.4524312913417816
YJL108C,YOR343W-B,0,-8.141417,0.17450828850269318,0.9566596150398254,0.45253700017929077
YJL214W,YPL257W-B,0,-8.14161,0.17447464168071747,0.9566596150398254,0.4526427090167999
YLR277C,YFL002W-A,0,-8.141842,0.17444102466106415,0.9566596150398254,0.4527484178543091
YLR231C,YGR036C,0,-8.141942,0.17440740764141083,0.9566596150398254,0.45285412669181824
YKL154W,YDR365W-B,0,-8.141993,0.1743737906217575,0.9566596150398254,0.4529598355293274
YMR021C,YML045W,0,-8.142337,0.17434020340442657,0.9566596150398254,0.45306554436683655
YDR078C,YHL009W-B,0,-8.142835,0.17430663108825684,0.9566596150398254,0.4531712532043457
YML123C,YOR149C,0,-8.142911,0.1742730587720871,0.9566596150398254,0.45327696204185486
YPR185W,YOL069W,0,-8.142959,0.17423950135707855,0.9566596150398254,0.453382670879364
YEL041W,YOR008C-A,0,-8.142964,0.1742059737443924,0.9566596150398254,0.45348837971687317
YDR377W,YGR161C-D,0,-8.143682,0.17417244613170624,0.9566596150398254,0.4535940885543823
YDR130C,YBR100W,0,-8.143821,0.17413893342018127,0.9566596150398254,0.4536997973918915
YMR281W,YOL151W,0,-8.144207,0.1741054207086563,0.9566596150398254,0.45380550622940063
YBR161W,YNL329C,0,-8.144418,0.17407193779945374,0.9566596150398254,0.4539112150669098
YAL056W,YMR225C,0,-8.144612,0.17403845489025116,0.9566596150398254,0.45401692390441895
YPR119W,YEL062W,0,-8.144613,0.17400500178337097,0.9566596150398254,0.4541226327419281
YOR140W,YBR097W,0,-8.144818,0.17397154867649078,0.9566596150398254,0.45422834157943726
YER164W,YLR371W,0,-8.144829,0.1739381104707718,0.9566596150398254,0.4543340504169464
YLR097C,YPL257W-B,0,-8.145112,0.173904687166214,0.9566596150398254,0.45443975925445557
YGL126W,YOL103W-B,0,-8.145509,0.17387127876281738,0.9566596150398254,0.4545454680919647
YGR083C,YDR365W-B,0,-8.145857,0.17383788526058197,0.9566596150398254,0.4546511769294739
YDR378C,YOR191W,0,-8.145888,0.17380449175834656,0.9566596150398254,0.45475688576698303
YJR093C,YOR057W,0,-8.14611,0.17377112805843353,0.9566596150398254,0.4548625648021698
YOR046C,YGR161W-B,0,-8.146205,0.1737377643585205,0.9566596150398254,0.45496827363967896
YEL066W,YBR280C,0,-8.146266,0.17370441555976868,0.9566596150398254,0.4550739824771881
YDR490C,YOL103W-B,0,-8.146613,0.17367108166217804,0.9566596150398254,0.45517969131469727
YGR157W,YLR157C-B,0,-8.146683,0.1736377626657486,0.9566596150398254,0.4552854001522064
YOR037W,YOR347C,0,-8.146909,0.17360444366931915,0.9566596150398254,0.4553911089897156
YCL059C,YOR343W-B,0,-8.147281,0.1735711544752121,0.9566596150398254,0.45549681782722473
YDR123C,YKL108W,0,-8.147356,0.17353786528110504,0.9566596150398254,0.4556025266647339
YNL251C,YOL091W,0,-8.147436,0.17350460588932037,0.9566596150398254,0.45570823550224304
YHR024C,YGL039W,0,-8.147484,0.1734713464975357,0.9566596150398254,0.4558139443397522
YML080W,YOL103W-B,0,-8.147657,0.17343810200691223,0.9566596150398254,0.45591965317726135
YLR157C,YOR142W-A,0,-8.147767,0.17340487241744995,0.9566596150398254,0.4560253620147705
YLR372W,YDR316W-B,0,-8.147912,0.17337164282798767,0.9566596150398254,0.45613107085227966
YPR128C,YDL130W-A,0,-8.148149,0.17333844304084778,0.9566596150398254,0.4562367796897888
YBR161W,YNL258C,0,-8.148547,0.17330524325370789,0.9566596150398254,0.456342488527298
YBL017C,YER162C,0,-8.148938,0.17327207326889038,0.9566596150398254,0.45644819736480713
YOR078W,YAL024C,0,-8.149208,0.17323890328407288,0.9566596150398254,0.4565539062023163
YPR185W,YBR109C,0,-8.149394,0.17320574820041656,0.9566596150398254,0.45665961503982544
YJL004C,YDR210W-B,0,-8.1494875,0.17317259311676025,0.9566596150398254,0.4567653238773346
YHR115C,YLR455W,0,-8.149728,0.17313946783542633,0.9566596150398254,0.45687103271484375
YIR012W,YML025C,1,-8.149774,0.17329762876033783,0.957716703414917,0.45687103271484375
YGR036C,YDL085W,0,-8.149954,0.1732644885778427,0.957716703414917,0.4569767415523529
YNL113W,YDR316W-A,0,-8.150163,0.1732313632965088,0.957716703414917,0.45708245038986206
YOR290C,YBR143C,0,-8.150247,0.17319823801517487,0.957716703414917,0.4571881592273712
YGL027C,YGR180C,0,-8.150372,0.17316514253616333,0.957716703414917,0.45729386806488037
YBR100W,YJL025W,0,-8.150723,0.1731320470571518,0.957716703414917,0.4573995769023895
YOL078W,YDR316W-B,0,-8.150788,0.17309896647930145,0.957716703414917,0.4575052857398987
YNL159C,YMR183C,0,-8.150952,0.1730659008026123,0.957716703414917,0.45761099457740784
YGL143C,YPR158W-A,0,-8.150976,0.17303285002708435,0.957716703414917,0.457716703414917
YCL008C,YHR048W,0,-8.151133,0.1729998141527176,0.957716703414917,0.45782241225242615
YOR032C,YGR009C,0,-8.151305,0.17296677827835083,0.957716703414917,0.4579281210899353
YJR004C,YGR038C-A,0,-8.151335,0.17293377220630646,0.957716703414917,0.45803382992744446
YMR042W,YHL025W,0,-8.151349,0.17290076613426208,0.957716703414917,0.4581395387649536
YMR035W,YPL144W,0,-8.151431,0.1728677749633789,0.957716703414917,0.45824524760246277
YIR026C,YDR210W-B,0,-8.152151,0.17283479869365692,0.957716703414917,0.4583509564399719
YGL021W,YPR158W-B,0,-8.152219,0.17280183732509613,0.957716703414917,0.4584566652774811
YGL019W,YCR081W,0,-8.152422,0.17276887595653534,0.957716703414917,0.45856237411499023
YCR093W,YMR146C,0,-8.15254,0.17273594439029694,0.957716703414917,0.4586680829524994
YLR355C,YFL002W-B,0,-8.152707,0.17270301282405853,0.957716703414917,0.45877379179000854
YLR438C-A,YGR161W-A,0,-8.153059,0.17267009615898132,0.957716703414917,0.4588795006275177
YOL129W,YDR210C-D,0,-8.15323,0.1726371943950653,0.957716703414917,0.45898520946502686
YPL271W,YJR140C,0,-8.153802,0.17260430753231049,0.957716703414917,0.459090918302536
YNR011C,YJR086W,0,-8.153916,0.17257143557071686,0.957716703414917,0.45919662714004517
YNL044W,YDR210W-B,0,-8.154267,0.17253856360912323,0.957716703414917,0.4593023359775543
YOR250C,YOR142W-A,0,-8.154267,0.1725057065486908,0.957716703414917,0.4594080448150635
YKL112W,YCR028C-A,0,-8.154355,0.17247287929058075,0.957716703414917,0.45951375365257263
YGL033W,YGR121C,0,-8.154424,0.1724400520324707,0.957716703414917,0.4596194624900818
YDR002W,YNL284C-B,0,-8.154544,0.17240722477436066,0.957716703414917,0.45972517132759094
YKL053C-A,YHL009W-B,0,-8.154654,0.172374427318573,0.957716703414917,0.4598308801651001
YGR108W,YOL110W,0,-8.15466,0.17234164476394653,0.957716703414917,0.45993658900260925
YPR082C,YGR161C-D,0,-8.154874,0.17230886220932007,0.957716703414917,0.4600422978401184
YEL032W,YGR192C,0,-8.155134,0.1722760945558548,0.957716703414917,0.4601479768753052
YJL148W,YDR098C-A,0,-8.155137,0.17224334180355072,0.957716703414917,0.46025368571281433
YFL013C,YBR024W,0,-8.1552305,0.17221060395240784,0.957716703414917,0.4603593945503235
YLR298C,YLR410W-B,0,-8.155297,0.17217788100242615,0.957716703414917,0.46046510338783264
YFR033C,YCR062W,0,-8.1557,0.17214515805244446,0.957716703414917,0.4605708122253418
YDR437W,YLR410W,0,-8.155778,0.17211246490478516,0.957716703414917,0.46067652106285095
YBR009C,YNL328C,0,-8.155931,0.17207977175712585,0.957716703414917,0.4607822299003601
YAR042W,YOR287C,0,-8.156132,0.17204709351062775,0.957716703414917,0.46088793873786926
YPL132W,YKL055C,0,-8.156207,0.17201443016529083,0.957716703414917,0.4609936475753784
YLR011W,YNL167C,0,-8.156814,0.1719817817211151,0.957716703414917,0.4610993564128876
YMR266W,YDR316W-A,0,-8.156917,0.1719491332769394,0.957716703414917,0.46120506525039673
YPL256C,YDR261W-A,0,-8.157092,0.17191651463508606,0.957716703414917,0.4613107740879059
YBR123C,YHL009W-B,0,-8.157097,0.17188389599323273,0.957716703414917,0.46141648292541504
YJL060W,YFL035C,0,-8.157105,0.1718512922525406,0.957716703414917,0.4615221917629242
YPL086C,YGR161C-D,0,-8.157223,0.17181870341300964,0.957716703414917,0.46162790060043335
YJR017C,YMR013C,0,-8.157384,0.1717861145734787,0.957716703414917,0.4617336094379425
YDR179C,YPR158C-C,0,-8.157391,0.17175355553627014,0.957716703414917,0.46183931827545166
YHR083W,YPR158C-C,0,-8.157677,0.17172099649906158,0.957716703414917,0.4619450271129608
YDL003W,YLR157C-B,0,-8.157767,0.17168845236301422,0.957716703414917,0.46205073595046997
YGR095C,YIL063C,0,-8.157768,0.17165592312812805,0.957716703414917,0.4621564447879791
YCR082W,YAL043C,0,-8.158354,0.17162340879440308,0.957716703414917,0.4622621536254883
YGR097W,YER012W,0,-8.158487,0.1715909093618393,0.957716703414917,0.46236786246299744
YDL115C,YPL007C,0,-8.158579,0.1715584099292755,0.957716703414917,0.4624735713005066
YBR040W,YER159C-A,0,-8.158754,0.17152594029903412,0.957716703414917,0.46257928013801575
YLR117C,YGL246C,0,-8.1588335,0.17149347066879272,0.957716703414917,0.4626849889755249
YEL026W,YLR452C,0,-8.158849,0.17146101593971252,0.957716703414917,0.46279069781303406
YJR097W,YML033W,0,-8.158862,0.17142857611179352,0.957716703414917,0.4628964066505432
YBR085W,YLR410W-B,0,-8.158872,0.1713961362838745,0.957716703414917,0.46300211548805237
YJL006C,YPR158C-D,0,-8.158896,0.1713637262582779,0.957716703414917,0.4631078243255615
YNL003C,YER041W,0,-8.158918,0.17133131623268127,0.957716703414917,0.4632135331630707
YOR193W,YDL134C,0,-8.15905,0.17129892110824585,0.957716703414917,0.46331924200057983
YDR254W,YHR005C,0,-8.159141,0.17126654088497162,0.957716703414917,0.463424950838089
YBR029C,YOL103W-B,0,-8.159269,0.17123417556285858,0.957716703414917,0.46353065967559814
YGL087C,YNL054W-A,0,-8.159447,0.17120181024074554,0.957716703414917,0.4636363685131073
YJL122W,YGR220C,1,-8.159499,0.1713583916425705,0.9587737917900085,0.4636363685131073
YFL048C,YDR479C,0,-8.159539,0.17132602632045746,0.9587737917900085,0.46374207735061646
YKL043W,YML061C,0,-8.159862,0.17129367589950562,0.9587737917900085,0.4638477861881256
YPR052C,YNR064C,0,-8.159864,0.17126132547855377,0.9587737917900085,0.46395349502563477
YPR008W,YPL133C,0,-8.16026,0.17122900485992432,0.9587737917900085,0.4640592038631439
YKL134C,YBL005W,0,-8.160304,0.17119668424129486,0.9587737917900085,0.4641649127006531
YOR094W,YOR172W,0,-8.16058,0.1711643636226654,0.9587737917900085,0.46427062153816223
YOR147W,YLR197W,0,-8.1606245,0.17113207280635834,0.9587737917900085,0.4643763303756714
YGL089C,YEL041W,0,-8.16063,0.17109979689121246,0.9587737917900085,0.46448203921318054
YLR401C,YER028C,0,-8.160883,0.1710675209760666,0.9587737917900085,0.4645877480506897
YML099C,YNL264C,0,-8.160915,0.1710352599620819,0.9587737917900085,0.46469345688819885
YDR052C,YIL017W,0,-8.161136,0.17100301384925842,0.9587737917900085,0.464799165725708
YMR026C,YDR320C,0,-8.161413,0.17097078263759613,0.9587737917900085,0.46490487456321716
YFL048C,YLR025W,0,-8.161556,0.17093856632709503,0.9587737917900085,0.4650105834007263
YDR238C,YDR210W-B,0,-8.161831,0.17090635001659393,0.9587737917900085,0.4651162922382355
YDL088C,YPR158W-A,0,-8.162116,0.17087414860725403,0.9587737917900085,0.46522200107574463
YOR265W,YNL243W,0,-8.162204,0.17084196209907532,0.9587737917900085,0.4653277099132538
YER111C,YGR122W,0,-8.162396,0.1708097904920578,0.9587737917900085,0.46543338894844055
YOR144C,YLR410W-B,0,-8.162408,0.17077763378620148,0.9587737917900085,0.4655390977859497
YIL036W,YMR134W,0,-8.162895,0.17074547708034515,0.9587737917900085,0.46564480662345886
YJL003W,YBL101W-A,0,-8.162925,0.17071335017681122,0.9587737917900085,0.465750515460968
YPR122W,YPR036W-A,0,-8.162925,0.17068122327327728,0.9587737917900085,0.4658562242984772
YNL055C,YLR410W-B,0,-8.162925,0.17064911127090454,0.9587737917900085,0.46596193313598633
YKL110C,YPR036W-A,0,-8.162925,0.1706169992685318,0.9587737917900085,0.4660676419734955
YGR229C,YLR157C-A,0,-8.162925,0.17058491706848145,0.9587737917900085,0.46617335081100464
YOR057W,YOR343C-A,0,-8.162925,0.1705528348684311,0.9587737917900085,0.4662790596485138
YEL037C,YOR343C-B,0,-8.162925,0.17052076756954193,0.9587737917900085,0.46638476848602295
YNL257C,YDR210W-B,0,-8.162925,0.17048871517181396,0.9587737917900085,0.4664904773235321
YIR017C,YBL101W-B,0,-8.162925,0.1704566776752472,0.9587737917900085,0.46659618616104126
YLR025W,YDR210W-C,0,-8.162925,0.1704246550798416,0.9587737917900085,0.4667018949985504
YGR121C,YOR343C-B,0,-8.162925,0.17039263248443604,0.9587737917900085,0.46680760383605957
YGL095C,YOR343C-A,0,-8.162925,0.17036062479019165,0.9587737917900085,0.4669133126735687
YLR105C,YDR210W-C,0,-8.162925,0.17032863199710846,0.9587737917900085,0.4670190215110779
YNL302C,YBL101W-A,0,-8.162925,0.17029665410518646,0.9587737917900085,0.46712473034858704
YDR206W,YOR343C-A,0,-8.162925,0.17026469111442566,0.9587737917900085,0.4672304391860962
YNL030W,YDR210W-C,0,-8.162925,0.17023272812366486,0.9587737917900085,0.46733614802360535
YLR337W,YFL002W-B,0,-8.162925,0.17020079493522644,0.9587737917900085,0.4674418568611145
YGL030W,YDR210W-C,0,-8.162925,0.17016886174678802,0.9587737917900085,0.46754756569862366
YLR259C,YLR157C-A,0,-8.162925,0.1701369285583496,0.9587737917900085,0.4676532745361328
YEL051W,YOR343C-A,0,-8.162925,0.17010502517223358,0.9587737917900085,0.46775898337364197
YDR495C,YOR343C-A,0,-8.162925,0.17007313668727875,0.9587737917900085,0.4678646922111511
YBL075C,YLR157C-A,0,-8.162925,0.1700412482023239,0.9587737917900085,0.4679704010486603
YCR058C,YHR020W,0,-8.162925,0.17000937461853027,0.9587737917900085,0.46807610988616943
YMR277W,YOR343C-A,0,-8.162925,0.16997751593589783,0.9587737917900085,0.4681818187236786
YNL055C,YOR343W-B,0,-8.162925,0.16994565725326538,0.9587737917900085,0.46828752756118774
YOR343C-A,YOR343C-B,0,-8.162925,0.16991382837295532,0.9587737917900085,0.4683932363986969
YNL262W,YOR343C-A,0,-8.162925,0.16988199949264526,0.9587737917900085,0.46849894523620605
YJL018W,YGR161W-B,0,-8.162925,0.1698501855134964,0.9587737917900085,0.4686046540737152
YPL154C,YDR210W-C,0,-8.162925,0.16981838643550873,0.9587737917900085,0.46871036291122437
YER075C,YOR343C-A,0,-8.162925,0.16978660225868225,0.9587737917900085,0.4688160717487335
YBR097W,YGR038C-A,0,-8.162925,0.16975481808185577,0.9587737917900085,0.4689217805862427
YLR197W,YDR210W-C,0,-8.162925,0.1697230488061905,0.9587737917900085,0.46902748942375183
YOR307C,YBL101W-A,0,-8.162925,0.1696912944316864,0.9587737917900085,0.469133198261261
YKL138C-A,YKL070W,0,-8.162925,0.1696595549583435,0.9587737917900085,0.46923890709877014
YER165W,YBL101W-A,0,-8.162925,0.1696278303861618,0.9587737917900085,0.4693446159362793
YOR281C,YOR343C-B,0,-8.162925,0.1695961058139801,0.9587737917900085,0.46945032477378845
YBR136W,YGR038C-B,0,-8.162925,0.1695644110441208,0.9587737917900085,0.4695560336112976
YPL154C,YOR343C-B,0,-8.162925,0.16953271627426147,0.9587737917900085,0.46966174244880676
YOL164W,YBL101W-A,0,-8.162925,0.16950102150440216,0.9587737917900085,0.4697674512863159
YDR147W,YDR365W-B,0,-8.162925,0.16946935653686523,0.9587737917900085,0.4698731601238251
YGR218W,YOR343C-B,0,-8.162925,0.1694376915693283,0.9587737917900085,0.46997886896133423
YNL282W,YLR157C-A,0,-8.162925,0.16940605640411377,0.9587737917900085,0.4700845777988434
YNL025C,YDR210W-C,0,-8.162925,0.16937442123889923,0.9587737917900085,0.47019028663635254
YER164W,YOR142W-B,0,-8.162925,0.1693427860736847,0.9587737917900085,0.4702959954738617
YHR039C-B,YNL284C-B,0,-8.162925,0.16931118071079254,0.9587737917900085,0.47040170431137085
YJL047C,YDR098C-B,0,-8.162925,0.1692795753479004,0.9587737917900085,0.47050741314888
YBR057C,YLR157C-A,0,-8.162925,0.16924799978733063,0.9587737917900085,0.47061312198638916
YLR391W-A,YDR261C-D,0,-8.162925,0.16921642422676086,0.9587737917900085,0.4707188308238983
YDL102W,YDR210W-C,0,-8.162925,0.1691848486661911,0.9587737917900085,0.4708245098590851
YLR060W,YLR157C-A,0,-8.162925,0.16915330290794373,0.9587737917900085,0.47093021869659424
YMR235C,YLR157C-A,0,-8.162925,0.16912175714969635,0.9587737917900085,0.4710359275341034
YHR036W,YBL101W-B,0,-8.162925,0.16909022629261017,0.9587737917900085,0.47114163637161255
YLR337W,YHR138C,0,-8.162925,0.16905871033668518,0.9587737917900085,0.4712473452091217
YFL003C,YDR210C-C,0,-8.162925,0.1690272092819214,0.9587737917900085,0.47135305404663086
YCL012W,YJR029W,0,-8.162925,0.1689957082271576,0.9587737917900085,0.47145876288414
YOR212W,YDR210W-C,0,-8.162925,0.1689642369747162,0.9587737917900085,0.47156447172164917
YMR089C,YBL101W-B,0,-8.162925,0.16893276572227478,0.9587737917900085,0.4716701805591583
YLR223C,YLR157C-A,0,-8.162925,0.16890130937099457,0.9587737917900085,0.4717758893966675
YJL021C,YDR365W-B,0,-8.162925,0.16886985301971436,0.9587737917900085,0.47188159823417664
YIL004C,YLR157C-A,0,-8.162925,0.16883842647075653,0.9587737917900085,0.4719873070716858
YDR093W,YER159C-A,0,-8.162925,0.1688069999217987,0.9587737917900085,0.47209301590919495
YKL022C,YLR157C-A,0,-8.162925,0.16877558827400208,0.9587737917900085,0.4721987247467041
YGL249W,YOR343C-A,0,-8.162925,0.16874419152736664,0.9587737917900085,0.47230443358421326
YDL106C,YBL101W-A,0,-8.162925,0.1687127947807312,0.9587737917900085,0.4724101424217224
YGR202C,YBL101W-B,0,-8.162925,0.16868142783641815,0.9587737917900085,0.47251585125923157
YBR275C,YGR038C-B,0,-8.162925,0.1686500608921051,0.9587737917900085,0.4726215600967407
YDR480W,YOR343C-A,0,-8.162925,0.16861870884895325,0.9587737917900085,0.4727272689342499
YGR227W,YDR210W-A,0,-8.162925,0.1685873568058014,0.9587737917900085,0.47283297777175903
YEL026W,YOR343C-A,0,-8.162925,0.16855603456497192,0.9587737917900085,0.4729386866092682
YOR179C,YOR343C-A,0,-8.162925,0.16852471232414246,0.9587737917900085,0.47304439544677734
YFL035C,YAR009C,0,-8.162925,0.16849340498447418,0.9587737917900085,0.4731501042842865
YJR029W,YPR036W-A,0,-8.162925,0.1684621125459671,0.9587737917900085,0.47325581312179565
YDL008W,YBL101W-B,0,-8.162925,0.16843082010746002,0.9587737917900085,0.4733615219593048
YHR015W,YOR343C-A,0,-8.162925,0.16839955747127533,0.9587737917900085,0.47346723079681396
YGR246C,YPR036W-A,0,-8.162925,0.16836829483509064,0.9587737917900085,0.4735729396343231
YNR031C,YOR343C-A,0,-8.162925,0.16833704710006714,0.9587737917900085,0.4736786484718323
YCL004W,YLR157C-A,0,-8.162925,0.16830581426620483,0.9587737917900085,0.47378435730934143
YDL069C,YPR036W-A,0,-8.162925,0.16827458143234253,0.9587737917900085,0.4738900661468506
YGR225W,YOR343C-A,0,-8.162925,0.16824336349964142,0.9587737917900085,0.47399577498435974
YDR330W,YOR343C-B,0,-8.162925,0.1682121604681015,0.9587737917900085,0.4741014838218689
YFL011W-A,YLR157C-A,0,-8.162925,0.16818097233772278,0.9587737917900085,0.47420719265937805
YCL012W,YOR338W,0,-8.162925,0.16814979910850525,0.9587737917900085,0.4743129014968872
YPR082C,YNL103W,0,-8.163079,0.16811862587928772,0.9587737917900085,0.47441861033439636
YGL127C,YPR137C-B,0,-8.164672,0.16808746755123138,0.9587737917900085,0.4745243191719055
YBR058C,YOR343W-A,0,-8.164747,0.16805632412433624,0.9587737917900085,0.4746300280094147
YFR046C,YOR343W-B,0,-8.165387,0.1680251955986023,0.9587737917900085,0.47473573684692383
YPR005C,YLR403W,0,-8.165585,0.16799406707286835,0.9587737917900085,0.474841445684433
YDL134C,YGL137W,0,-8.16616,0.1679629683494568,0.9587737917900085,0.47494715452194214
YPR020W,YBL005W-B,0,-8.166163,0.16793186962604523,0.9587737917900085,0.4750528633594513
YNL110C,YML025C,1,-8.166366,0.16808588802814484,0.9598308801651001,0.4750528633594513
YIL112W,YDL147W,0,-8.166488,0.16805478930473328,0.9598308801651001,0.47515857219696045
YNL271C,YOR018W,0,-8.1667,0.16802369058132172,0.9598308801651001,0.4752642810344696
YLL026W,YER137C-A,0,-8.166724,0.16799260675907135,0.9598308801651001,0.47536998987197876
YDR022C,YHR191C,0,-8.166749,0.16796152293682098,0.9598308801651001,0.4754756987094879
YHR041C,YKR059W,0,-8.166953,0.1679304540157318,0.9598308801651001,0.47558140754699707
YDR148C,YPR137C-A,0,-8.167378,0.16789941489696503,0.9598308801651001,0.4756871163845062
YPR023C,YBR159W,0,-8.167779,0.16786836087703705,0.9598308801651001,0.4757928252220154
YPL048W,YLR410W-B,0,-8.168166,0.16783733665943146,0.9598308801651001,0.47589853405952454
YLR158C,YDR261W-A,0,-8.168442,0.16780632734298706,0.9598308801651001,0.4760042428970337
YGR081C,YDR210W-B,0,-8.169021,0.16777531802654266,0.9598308801651001,0.47610992193222046
YPL231W,YML098W,0,-8.169045,0.16774432361125946,0.9598308801651001,0.4762156307697296
YLR127C,YPR158C-D,0,-8.169079,0.16771332919597626,0.9598308801651001,0.47632133960723877
YGL048C,YDR180W,0,-8.16948,0.16768236458301544,0.9598308801651001,0.4764270484447479
YLR233C,YDL115C,0,-8.169664,0.16765139997005463,0.9598308801651001,0.4765327572822571
YJR031C,YNL054W-A,0,-8.169669,0.167620450258255,0.9598308801651001,0.47663846611976624
YGR063C,YER137C-A,0,-8.170041,0.16758951544761658,0.9598308801651001,0.4767441749572754
YCL012W,YML127W,0,-8.170243,0.16755859553813934,0.9598308801651001,0.47684988379478455
YMR012W,YOR343W-B,0,-8.170245,0.1675276756286621,0.9598308801651001,0.4769555926322937
YPL163C,YLR157C-B,0,-8.170444,0.16749677062034607,0.9598308801651001,0.47706130146980286
YKR024C,YML025C,1,-8.1704855,0.16765031218528748,0.9608879685401917,0.47706130146980286
YAL007C,YOR083W,0,-8.170503,0.16761939227581024,0.9608879685401917,0.477167010307312
YER137C-A,YMR134W,0,-8.170604,0.1675885021686554,0.9608879685401917,0.47727271914482117
YIL070C,YOR270C,0,-8.170722,0.16755759716033936,0.9608879685401917,0.4773784279823303
YDR423C,YLR256W-A,0,-8.170742,0.1675267219543457,0.9608879685401917,0.4774841368198395
YDR143C,YOL103W-B,0,-8.170927,0.16749584674835205,0.9608879685401917,0.47758984565734863
YBL084C,YBL061C,0,-8.170957,0.1674650013446808,0.9608879685401917,0.4776955544948578
YKL175W,YOR129C,0,-8.171035,0.16743415594100952,0.9608879685401917,0.47780126333236694
YOL071W,YOR343W-B,0,-8.171158,0.16740331053733826,0.9608879685401917,0.4779069721698761
YGL068W,YDR210C-C,0,-8.171332,0.16737249493598938,0.9608879685401917,0.47801268100738525
YFL041W,YDR098C-A,0,-8.171374,0.1673416793346405,0.9608879685401917,0.4781183898448944
YLR265C,YHR039C-A,0,-8.171534,0.16731087863445282,0.9608879685401917,0.47822409868240356
YGR128C,YER137C-A,0,-8.17162,0.16728009283542633,0.9608879685401917,0.4783298075199127
YIR022W,YOR142W-A,0,-8.171715,0.16724930703639984,0.9608879685401917,0.4784355163574219
YGR284C,YOR142W-A,0,-8.17191,0.16721853613853455,0.9608879685401917,0.47854122519493103
YLL042C,YDL098C,0,-8.172339,0.16718778014183044,0.9608879685401917,0.4786469340324402
YOR267C,YER159C-A,0,-8.17264,0.16715703904628754,0.9608879685401917,0.47875264286994934
YGL098W,YAL002W,0,-8.172785,0.16712631285190582,0.9608879685401917,0.4788583517074585
YFL025C,YFR024C-A,0,-8.173076,0.1670955866575241,0.9608879685401917,0.47896406054496765
YGL089C,YDR310C,0,-8.173146,0.1670648753643036,0.9608879685401917,0.4790697693824768
YGR181W,YPR158C-C,0,-8.17315,0.16703417897224426,0.9608879685401917,0.47917547821998596
YLR098C,YDR211W,0,-8.173474,0.16700349748134613,0.9608879685401917,0.4792811870574951
YJL004C,YNL054W-A,0,-8.173856,0.166972815990448,0.9608879685401917,0.4793868958950043
YJL021C,YDR238C,0,-8.173954,0.16694214940071106,0.9608879685401917,0.4794926047325134
YLL050C,YOR142W-B,0,-8.174392,0.16691149771213531,0.9608879685401917,0.4795983135700226
YBR152W,YLR316C,0,-8.174652,0.16688084602355957,0.9608879685401917,0.47970402240753174
YBR100W,YLR066W,0,-8.174862,0.1668502241373062,0.9608879685401917,0.4798097312450409
YJL183W,YOL103W-B,0,-8.1754265,0.16681960225105286,0.9608879685401917,0.47991544008255005
YNL167C,YIL173W,0,-8.175434,0.1667889952659607,0.9608879685401917,0.4800211489200592
YGL001C,YPR158W-B,0,-8.175681,0.16675838828086853,0.9608879685401917,0.48012685775756836
YNL245C,YDR365W-B,0,-8.17575,0.16672781109809875,0.9608879685401917,0.4802325665950775
YOL095C,YOR191W,0,-8.175778,0.16669723391532898,0.9608879685401917,0.48033827543258667
YKR020W,YLR157C-B,0,-8.175826,0.1666666716337204,0.9608879685401917,0.4804439842700958
YPL221W,YGL033W,0,-8.175991,0.16663610935211182,0.9608879685401917,0.480549693107605
YDR166C,YGR038C-B,0,-8.176015,0.16660557687282562,0.9608879685401917,0.48065540194511414
YLR206W,YMR220W,0,-8.176224,0.16657504439353943,0.9608879685401917,0.4807611107826233
YOR322C,YFL002W-B,0,-8.176269,0.16654452681541443,0.9608879685401917,0.48086681962013245
YPR094W,YKR062W,0,-8.176325,0.16651400923728943,0.9608879685401917,0.4809725284576416
YDL028C,YGL137W,0,-8.176391,0.16648352146148682,0.9608879685401917,0.48107823729515076
YDR141C,YDR098C-B,0,-8.176474,0.1664530336856842,0.9608879685401917,0.4811839461326599
YML086C,YMR055C,0,-8.176501,0.16642256081104279,0.9608879685401917,0.48128965497016907
YKL129C,YDR261W-A,0,-8.17666,0.16639208793640137,0.9608879685401917,0.48139533400535583
YEL041W,YPR137C-A,0,-8.176802,0.16636164486408234,0.9608879685401917,0.481501042842865
YLR205C,YER159C-A,0,-8.177287,0.1663312017917633,0.9608879685401917,0.48160675168037415
YJL011C,YNL284C-B,0,-8.177402,0.16630077362060547,0.9608879685401917,0.4817124605178833
YLR079W,YPR137C-A,0,-8.17744,0.16627034544944763,0.9608879685401917,0.48181816935539246
YKR048C,YDR210C-D,0,-8.177533,0.16623994708061218,0.9608879685401917,0.4819238781929016
YER005W,YPR137C-B,0,-8.177854,0.16620954871177673,0.9608879685401917,0.48202958703041077
YFL056C,YMR208W,0,-8.177916,0.16617916524410248,0.9608879685401917,0.4821352958679199
YPL011C,YLR256W-A,0,-8.177991,0.16614878177642822,0.9608879685401917,0.4822410047054291
YOR034C,YPR158W-A,0,-8.17822,0.16611842811107635,0.9608879685401917,0.48234671354293823
YDR317W,YPR158W-A,0,-8.1782465,0.1660880744457245,0.9608879685401917,0.4824524223804474
YGR244C,YNL054W-A,0,-8.178393,0.16605772078037262,0.9608879685401917,0.48255813121795654
YMR264W,YEL027W,0,-8.178624,0.16602739691734314,0.9608879685401917,0.4826638400554657
YDL019C,YIL082W-A,0,-8.179069,0.16599707305431366,0.9608879685401917,0.48276954889297485
YML098W,YHL009W-B,0,-8.179147,0.16596676409244537,0.9608879685401917,0.482875257730484
YOR315W,YPR137C-B,0,-8.179332,0.16593647003173828,0.9608879685401917,0.48298096656799316
YOL095C,YML045W,0,-8.1794405,0.16590619087219238,0.9608879685401917,0.4830866754055023
YOL135C,YOR142W-A,0,-8.17951,0.16587591171264648,0.9608879685401917,0.4831923842430115
YPL076W,YOL103W-A,0,-8.179579,0.16584564745426178,0.9608879685401917,0.48329809308052063
YJR063W,YHR181W,0,-8.179795,0.16581539809703827,0.9608879685401917,0.4834038019180298
YPL049C,YHR067W,0,-8.179883,0.16578514873981476,0.9608879685401917,0.48350951075553894
YMR011W,YPR158C-D,0,-8.179915,0.16575492918491364,0.9608879685401917,0.4836152195930481
YMR113W,YHL009W-B,0,-8.180007,0.1657247096300125,0.9608879685401917,0.48372092843055725
YPL125W,YFL002W-B,0,-8.180147,0.1656944900751114,0.9608879685401917,0.4838266372680664
YJL060W,YMR046C,0,-8.180271,0.16566430032253265,0.9608879685401917,0.48393234610557556
YAL051W,YGR199W,0,-8.180375,0.16563411056995392,0.9608879685401917,0.4840380549430847
YBR072W,YPR158C-C,0,-8.180583,0.16560393571853638,0.9608879685401917,0.48414376378059387
YOL012C,YDR316W-A,0,-8.180608,0.16557377576828003,0.9608879685401917,0.484249472618103
YER082C,YDR098C-A,0,-8.180777,0.16554361581802368,0.9608879685401917,0.4843551814556122
YAR002W,YDR261C-D,0,-8.180833,0.16551347076892853,0.9608879685401917,0.48446089029312134
YGR246C,YDR207C,0,-8.181155,0.16548334062099457,0.9608879685401917,0.4845665991306305
YPR046W,YDR316W-B,0,-8.18122,0.1654532253742218,0.9608879685401917,0.48467230796813965
YLR320W,YBR154C,0,-8.181256,0.16542311012744904,0.9608879685401917,0.4847780168056488
YJL058C,YDR316W-A,0,-8.181261,0.16539300978183746,0.9608879685401917,0.48488372564315796
YER155C,YMR112C,0,-8.1813545,0.16536292433738708,0.9608879685401917,0.4849894344806671
YJL026W,YLR410W-B,0,-8.181544,0.1653328537940979,0.9608879685401917,0.48509514331817627
YMR026C,YGR038C-B,0,-8.181652,0.16530278325080872,0.9608879685401917,0.4852008521556854
YOR140W,YLR435W,0,-8.18183,0.16527272760868073,0.9608879685401917,0.4853065609931946
YKL134C,YDR098C-A,0,-8.181878,0.16524268686771393,0.9608879685401917,0.48541226983070374
YGL037C,YJL156C,0,-8.182102,0.16521264612674713,0.9608879685401917,0.4855179786682129
YJL156C,YNL054W-A,0,-8.1825695,0.16518262028694153,0.9608879685401917,0.48562368750572205
YNL031C,YGR104C,0,-8.182657,0.16515260934829712,0.9608879685401917,0.4857293963432312
YOR182C,YOL028C,0,-8.182683,0.1651226133108139,0.9608879685401917,0.48583510518074036
YBR170C,YLR157C-B,0,-8.182712,0.16509263217449188,0.9608879685401917,0.4859408140182495
YNL253W,YOL103W-A,0,-8.182935,0.16506265103816986,0.9608879685401917,0.48604652285575867
YBR009C,YHL009W-B,0,-8.1831665,0.16503268480300903,0.9608879685401917,0.4861522316932678
YGR220C,YOR272W,1,-8.183335,0.16518424451351166,0.9619450569152832,0.4861522316932678
YCR048W,YHL009W-B,0,-8.183383,0.16515426337718964,0.9619450569152832,0.486257940530777
YHR026W,YGR038C-A,0,-8.183462,0.1651242971420288,0.9619450569152832,0.48636364936828613
YEL036C,YER116C,0,-8.18353,0.16509434580802917,0.9619450569152832,0.4864693582057953
YGR163W,YOR343W-A,0,-8.183541,0.16506439447402954,0.9619450569152832,0.48657506704330444
YPL078C,YOR343W-A,0,-8.183649,0.1650344580411911,0.9619450569152832,0.4866807758808136
YLR003C,YNL054W-A,0,-8.183679,0.16500453650951385,0.9619450569152832,0.48678645491600037
YML126C,YDR180W,0,-8.183682,0.1649746149778366,0.9619450569152832,0.4868921637535095
YJL031C,YPR162C,0,-8.183693,0.16494472324848175,0.9619450569152832,0.4869978725910187
YGR254W,YOR142W-A,0,-8.1840315,0.1649148315191269,0.9619450569152832,0.48710358142852783
YBR290W,YGR027W-B,0,-8.184176,0.16488493978977203,0.9619450569152832,0.487209290266037
YHR158C,YFL002W-B,0,-8.184306,0.16485507786273956,0.9619450569152832,0.48731499910354614
YDL130W-A,YDR261W-A,0,-8.184425,0.1648252159357071,0.9619450569152832,0.4874207079410553
YKR048C,YOR142W-A,0,-8.184425,0.16479536890983582,0.9619450569152832,0.48752641677856445
YOL002C,YAR010C,0,-8.184556,0.16476552188396454,0.9619450569152832,0.4876321256160736
YBR129C,YFL002W-B,0,-8.18463,0.16473570466041565,0.9619450569152832,0.48773783445358276
YPR173C,YOR142W-B,0,-8.184699,0.16470588743686676,0.9619450569152832,0.4878435432910919
YIL123W,YPR137C-B,0,-8.184737,0.16467607021331787,0.9619450569152832,0.4879492521286011
YJL024C,YLR097C,0,-8.184743,0.16464628279209137,0.9619450569152832,0.48805496096611023
YMR113W,YGR063C,0,-8.1847725,0.16461649537086487,0.9619450569152832,0.4881606698036194
YIL056W,YDR034C-C,0,-8.184817,0.16458672285079956,0.9619450569152832,0.48826637864112854
YNL127W,YDR261W-A,0,-8.1849575,0.16455696523189545,0.9619450569152832,0.4883720874786377
YMR298W,YLR256W-A,0,-8.185058,0.16452720761299133,0.9619450569152832,0.48847779631614685
YBR236C,YPR158C-D,0,-8.185099,0.1644974648952484,0.9619450569152832,0.488583505153656
YGR097W,YFL002W-B,0,-8.185266,0.1644677370786667,0.9619450569152832,0.48868921399116516
YPL218W,YBL005W-A,0,-8.185322,0.16443802416324615,0.9619450569152832,0.4887949228286743
YGL005C,YHR158C,0,-8.185338,0.16440831124782562,0.9619450569152832,0.48890063166618347
YOL146W,YDR261W-A,0,-8.18543,0.16437861323356628,0.9619450569152832,0.4890063405036926
YML098W,YPL257W-B,0,-8.185451,0.16434893012046814,0.9619450569152832,0.4891120493412018
YDR478W,YOL103W-B,0,-8.1856165,0.16431924700737,0.9619450569152832,0.48921775817871094
YPL008W,YDR365W-B,0,-8.185716,0.16428957879543304,0.9619450569152832,0.4893234670162201
YOR236W,YLR157C-B,0,-8.185743,0.1642599254846573,0.9619450569152832,0.48942917585372925
YBL025W,YJR007W,0,-8.185857,0.16423028707504272,0.9619450569152832,0.4895348846912384
YDL236W,YLR256W-A,0,-8.185878,0.16420064866542816,0.9619450569152832,0.48964059352874756
YEL015W,YPR137C-A,0,-8.185996,0.1641710251569748,0.9619450569152832,0.4897463023662567
YCR002C,YHL009W-B,0,-8.186021,0.16414141654968262,0.9619450569152832,0.48985201120376587
YOL146W,YLR410W-B,0,-8.186025,0.16411180794239044,0.9619450569152832,0.489957720041275
YOR232W,YGR161C-D,0,-8.186123,0.16408221423625946,0.9619450569152832,0.4900634288787842
YIL022W,YGR027W-B,0,-8.186206,0.16405263543128967,0.9619450569152832,0.49016913771629333
YHR005C,YDR316W-B,0,-8.18624,0.16402307152748108,0.9619450569152832,0.4902748465538025
YDL105W,YDR210W-A,0,-8.186486,0.16399350762367249,0.9619450569152832,0.49038055539131165
YAL009W,YNL284C-B,0,-8.186506,0.16396395862102509,0.9619450569152832,0.4904862642288208
YMR006C,YDR210W-A,0,-8.186521,0.16393442451953888,0.9619450569152832,0.49059197306632996
YGR161C-D,YHL009W-B,0,-8.186531,0.16390490531921387,0.9619450569152832,0.4906976819038391
YDR381W,YDR365W-B,0,-8.1865635,0.16387538611888885,0.9619450569152832,0.49080339074134827
YCR027C,YFL002W-B,0,-8.186595,0.16384588181972504,0.9619450569152832,0.4909090995788574
YEL029C,YDR210C-C,0,-8.186601,0.16381637752056122,0.9619450569152832,0.4910148084163666
YBL003C,YGR161W-B,0,-8.186603,0.1637869030237198,0.9619450569152832,0.49112051725387573
YDR159W,YLR256W-A,0,-8.186603,0.16375742852687836,0.9619450569152832,0.4912262260913849
YNL273W,YOR343W-A,0,-8.186723,0.16372795403003693,0.9619450569152832,0.49133193492889404
YMR276W,YGR038C-A,0,-8.1867285,0.16369850933551788,0.9619450569152832,0.4914376437664032
YIL138C,YOR142W-B,0,-8.186731,0.16366906464099884,0.9619450569152832,0.49154335260391235
YPR036W,YDR034C-C,0,-8.186731,0.163639634847641,0.9619450569152832,0.4916490614414215
YBR112C,YHR039C,0,-8.1871395,0.16361020505428314,0.9619450569152832,0.49175477027893066
YHR082C,YGR055W,0,-8.187334,0.16358080506324768,0.9619450569152832,0.4918604791164398
YBL006C,YNL123W,0,-8.187345,0.16355140507221222,0.9619450569152832,0.491966187953949
YFL010W-A,YHR081W,0,-8.1879,0.16352201998233795,0.9619450569152832,0.49207186698913574
YLL002W,YPL180W,0,-8.187976,0.16349263489246368,0.9619450569152832,0.4921775758266449
YMR202W,YOR160W,0,-8.188195,0.1634632647037506,0.9619450569152832,0.49228328466415405
YDL017W,YPL012W,0,-8.188681,0.16343390941619873,0.9619450569152832,0.4923889935016632
YGL032C,YKL074C,0,-8.188949,0.16340455412864685,0.9619450569152832,0.49249470233917236
YDL008W,YDL216C,0,-8.18926,0.16337522864341736,0.9619450569152832,0.4926004111766815
YIL123W,YDR247W,0,-8.189769,0.16334590315818787,0.9619450569152832,0.4927061200141907
YOR140W,YBR058C-A,0,-8.189971,0.16331657767295837,0.9619450569152832,0.49281182885169983
YAL013W,YGR111W,0,-8.190003,0.16328728199005127,0.9619450569152832,0.492917537689209
YKL021C,YGR220C,1,-8.191104,0.1634373813867569,0.96300208568573,0.492917537689209
YBR161W,YCL060C,0,-8.19126,0.1634080708026886,0.96300208568573,0.49302324652671814
YPL268W,YJL074C,0,-8.191583,0.1633787602186203,0.96300208568573,0.4931289553642273
YLR109W,YBR258C,0,-8.191998,0.1633494645357132,0.96300208568573,0.49323466420173645
YCL003W,YDL111C,0,-8.192236,0.16332018375396729,0.96300208568573,0.4933403730392456
YMR203W,YDR027C,0,-8.192303,0.16329091787338257,0.96300208568573,0.49344608187675476
YJL099W,YMR204C,0,-8.192372,0.16326165199279785,0.96300208568573,0.4935517907142639
YJR089W,YGL174W,0,-8.192479,0.16323240101337433,0.96300208568573,0.49365749955177307
YIR019C,YEL016C,0,-8.1925745,0.1632031500339508,0.96300208568573,0.4937632083892822
YDR365C,YDR191W,0,-8.192584,0.16317391395568848,0.96300208568573,0.4938689172267914
YKL176C,YJR144W,0,-8.192664,0.16314469277858734,0.96300208568573,0.49397462606430054
YGL219C,YGR181W,0,-8.192771,0.1631154865026474,0.96300208568573,0.4940803349018097
YCR002C,YNL099C,0,-8.193083,0.16308628022670746,0.96300208568573,0.49418604373931885
YGL124C,YEL057C,0,-8.193847,0.1630571037530899,0.96300208568573,0.494291752576828
YDR141C,YFR005C,0,-8.194018,0.16302791237831116,0.96300208568573,0.49439746141433716
YMR224C,YPL118W,0,-8.194303,0.1629987508058548,0.96300208568573,0.4945031702518463
YGR217W,YDL003W,0,-8.194988,0.16296958923339844,0.96300208568573,0.49460887908935547
YDR393W,YGR192C,0,-8.195322,0.16294044256210327,0.96300208568573,0.4947145879268646
YPR042C,YNR064C,0,-8.195421,0.1629112958908081,0.96300208568573,0.4948202967643738
YMR229C,YPL124W,0,-8.195737,0.16288217902183533,0.96300208568573,0.49492600560188293
YLR381W,YML029W,0,-8.195878,0.16285306215286255,0.96300208568573,0.4950317144393921
YOL002C,YIL075C,0,-8.196079,0.16282394528388977,0.96300208568573,0.49513742327690125
YIR041W,YDL216C,0,-8.196082,0.16279485821723938,0.96300208568573,0.4952431321144104
YOR037W,YJL124C,0,-8.198068,0.162765771150589,0.96300208568573,0.49534884095191956
YLR360W,YKL175W,0,-8.198279,0.1627366989850998,0.96300208568573,0.4954545497894287
YIL048W,YPL258C,0,-8.1984005,0.1627076268196106,0.96300208568573,0.49556025862693787
YKL016C,YOR329C,0,-8.198419,0.1626785695552826,0.96300208568573,0.495665967464447
YDR231C,YDR181C,0,-8.198797,0.16264952719211578,0.96300208568573,0.4957716763019562
YPL075W,YNL055C,0,-8.199212,0.16262049973011017,0.96300208568573,0.49587738513946533
YER008C,YKR059W,0,-8.200037,0.16259147226810455,0.96300208568573,0.4959830939769745
YDR091C,YML025C,1,-8.200126,0.16274090111255646,0.9640591740608215,0.4959830939769745
YJL115W,YBR143C,0,-8.200253,0.16271185874938965,0.9640591740608215,0.49608880281448364
YOR032C,YIL048W,0,-8.200365,0.16268284618854523,0.9640591740608215,0.4961945116519928
YDR404C,YDR065W,0,-8.20041,0.1626538187265396,0.9640591740608215,0.49630022048950195
YML058W-A,YMR065W,0,-8.201459,0.16262482106685638,0.9640591740608215,0.4964059293270111
YER044C,YIL002C,0,-8.20191,0.16259582340717316,0.9640591740608215,0.49651163816452026
YKR065C,YMR231W,0,-8.202554,0.16256684064865112,0.9640591740608215,0.4966173470020294
YHL031C,YJR046W,0,-8.202651,0.16253787279129028,0.9640591740608215,0.4967230558395386
YLR377C,YLR240W,0,-8.202694,0.16250890493392944,0.9640591740608215,0.49682876467704773
YFR024C,YPL020C,0,-8.203417,0.1624799519777298,0.9640591740608215,0.4969344735145569
YDR206W,YNL074C,0,-8.203866,0.16245101392269135,0.9640591740608215,0.49704018235206604
YBR106W,YBR097W,0,-8.203971,0.1624220907688141,0.9640591740608215,0.4971458911895752
YDR123C,YJR026W,0,-8.204134,0.16239316761493683,0.9640591740608215,0.49725160002708435
YJL025W,YCR081W,0,-8.204149,0.16236424446105957,0.9640591740608215,0.4973572790622711
YGL061C,YOR127W,0,-8.204228,0.1623353511095047,0.9640591740608215,0.4974629878997803
YOL013C,YAR007C,0,-8.2044935,0.16230645775794983,0.9640591740608215,0.49756869673728943
YIL112W,YCR058C,0,-8.205477,0.16227757930755615,0.9640591740608215,0.4976744055747986
YIL036W,YCR033W,0,-8.205914,0.16224871575832367,0.9640591740608215,0.49778011441230774
YGL155W,YNR064C,0,-8.205983,0.1622198522090912,0.9640591740608215,0.4978858232498169
YIL029C,YMR087W,0,-8.20603,0.1621910035610199,0.9640591740608215,0.49799153208732605
YML116W,YPL160W,0,-8.2071905,0.1621621549129486,0.9640591740608215,0.4980972409248352
YPL233W,YBR283C,0,-8.207348,0.1621333360671997,0.9640591740608215,0.49820294976234436
YBL080C,YKL070W,0,-8.207536,0.1621045172214508,0.9640591740608215,0.4983086585998535
YIL159W,YHR205W,0,-8.207578,0.1620757132768631,0.9640591740608215,0.49841436743736267
YDL135C,YPL011C,0,-8.208063,0.1620469093322754,0.9640591740608215,0.4985200762748718
YMR287C,YGL178W,0,-8.208377,0.16201812028884888,0.9640591740608215,0.498625785112381
YPL008W,YNL098C,0,-8.208608,0.16198934614658356,0.9640591740608215,0.49873149394989014
YLR429W,YNL045W,0,-8.209027,0.16196057200431824,0.9640591740608215,0.4988372027873993
YHR197W,YML025C,1,-8.209628,0.162109375,0.9651162624359131,0.4988372027873993
YDR206W,YJL192C,0,-8.209804,0.16208060085773468,0.9651162624359131,0.49894291162490845
YOR330C,YBR196C,0,-8.209953,0.16205182671546936,0.9651162624359131,0.4990486204624176
YNL231C,YDR486C,0,-8.210736,0.16202306747436523,0.9651162624359131,0.49915432929992676
YKL073W,YMR087W,0,-8.211962,0.1619943231344223,0.9651162624359131,0.4992600381374359
YPL040C,YLR016C,0,-8.212031,0.16196557879447937,0.9651162624359131,0.49936574697494507
YOR018W,YNL213C,0,-8.212113,0.16193686425685883,0.9651162624359131,0.4994714558124542
YCR093W,YOL112W,0,-8.212974,0.1619081348180771,0.9651162624359131,0.4995771646499634
YPL275W,YDL230W,0,-8.212978,0.16187943518161774,0.9651162624359131,0.49968287348747253
YML021C,YOL138C,0,-8.213165,0.1618507355451584,0.9651162624359131,0.4997885823249817
YHR139C,YDL077C,0,-8.2132635,0.16182205080986023,0.9651162624359131,0.49989429116249084
YGR230W,YLR381W,0,-8.213561,0.16179336607456207,0.9651162624359131,0.5
YNL225C,YOR243C,0,-8.213817,0.1617647111415863,0.9651162624359131,0.5001056790351868
YPR162C,YDR330W,0,-8.213849,0.16173605620861053,0.9651162624359131,0.5002114176750183
YPL125W,YLR107W,0,-8.214031,0.16170740127563477,0.9651162624359131,0.5003170967102051
YHR067W,YDR244W,0,-8.214573,0.1616787612438202,0.9651162624359131,0.5004228353500366
YML129C,YBR193C,0,-8.214673,0.1616501361131668,0.9651162624359131,0.5005285143852234
YEL071W,YBR207W,0,-8.214983,0.16162152588367462,0.9651162624359131,0.5006342530250549
YNL221C,YPL130W,0,-8.215351,0.16159291565418243,0.9651162624359131,0.5007399320602417
YJL101C,YCL005W-A,0,-8.21547,0.16156432032585144,0.9651162624359131,0.5008456707000732
YHR059W,YAL047C,0,-8.215899,0.16153573989868164,0.9651162624359131,0.50095134973526
YBR107C,YKL035W,0,-8.216854,0.16150715947151184,0.9651162624359131,0.5010570883750916
YPL231W,YKR101W,0,-8.216884,0.16147859394550323,0.9651162624359131,0.5011627674102783
YER127W,YMR188C,0,-8.217017,0.16145004332065582,0.9651162624359131,0.5012685060501099
YBR130C,YIL017W,0,-8.217157,0.1614214926958084,0.9651162624359131,0.5013741850852966
YLR191W,YPR182W,0,-8.2175255,0.1613929718732834,0.9651162624359131,0.5014799237251282
YLR274W,YFL013C,0,-8.217631,0.16136443614959717,0.9651162624359131,0.5015856027603149
YDR208W,YHR157W,0,-8.217666,0.16133593022823334,0.9651162624359131,0.5016913414001465
YHR027C,YPL026C,0,-8.21794,0.1613074243068695,0.9651162624359131,0.5017970204353333
YKR097W,YAL043C,0,-8.218471,0.16127893328666687,0.9651162624359131,0.5019027590751648
YDL142C,YPL200W,0,-8.219093,0.16125044226646423,0.9651162624359131,0.5020084381103516
YBR276C,YDL098C,0,-8.220265,0.1612219661474228,0.9651162624359131,0.5021141767501831
YMR015C,YDR076W,0,-8.221281,0.16119350492954254,0.9651162624359131,0.5022198557853699
YKL182W,YPL020C,0,-8.221389,0.1611650437116623,0.9651162624359131,0.5023255944252014
YOL151W,YPR005C,0,-8.221436,0.16113659739494324,0.9651162624359131,0.5024312734603882
YMR276W,YMR268C,0,-8.221978,0.16110816597938538,0.9651162624359131,0.5025370121002197
YJR033C,YBR103W,0,-8.221978,0.1610797494649887,0.9651162624359131,0.5026426911354065
YFL050C,YIL038C,0,-8.22219,0.16105133295059204,0.9651162624359131,0.502748429775238
YNR067C,YGL048C,0,-8.22222,0.16102293133735657,0.9651162624359131,0.5028541088104248
YCR088W,YKR059W,0,-8.222331,0.1609945297241211,0.9651162624359131,0.5029598474502563
YLR459W,YGR181W,0,-8.222738,0.16096614301204681,0.9651162624359131,0.5030655264854431
YDR515W,YLR435W,0,-8.2232,0.16093777120113373,0.9651162624359131,0.5031712651252747
YDR301W,YNR048W,0,-8.223214,0.16090941429138184,0.9651162624359131,0.5032769441604614
YBR010W,YDR018C,0,-8.223605,0.16088105738162994,0.9651162624359131,0.503382682800293
YBR087W,YKL173W,0,-8.223994,0.16085271537303925,0.9651162624359131,0.5034883618354797
YOR377W,YDR126W,0,-8.224242,0.16082437336444855,0.9651162624359131,0.5035941004753113
YIL014W,YKR097W,0,-8.224778,0.16079606115818024,0.9651162624359131,0.503699779510498
YKL005C,YER012W,0,-8.224853,0.16076773405075073,0.9651162624359131,0.5038055181503296
YOL001W,YDR018C,0,-8.224957,0.16073943674564362,0.9651162624359131,0.5039111971855164
YLR131C,YOL129W,0,-8.22541,0.1607111394405365,0.9651162624359131,0.5040169358253479
YJR118C,YNR032W,0,-8.225453,0.16068285703659058,0.9651162624359131,0.5041226148605347
YLR160C,YHR001W-A,0,-8.225719,0.16065458953380585,0.9651162624359131,0.5042283535003662
YOR109W,YMR060C,0,-8.226576,0.16062632203102112,0.9651162624359131,0.504334032535553
YDR214W,YIL106W,0,-8.226869,0.16059806942939758,0.9651162624359131,0.5044397711753845
YNL101W,YBR103W,0,-8.2269745,0.16056981682777405,0.9651162624359131,0.5045454502105713
YFR024C-A,YML069W,0,-8.227049,0.1605415791273117,0.9651162624359131,0.5046511888504028
YJR108W,YDR335W,0,-8.227207,0.16051335632801056,0.9651162624359131,0.5047568678855896
YPL076W,YHR187W,0,-8.227269,0.1604851484298706,0.9651162624359131,0.5048626065254211
YPR135W,YMR219W,0,-8.227321,0.16045694053173065,0.9651162624359131,0.5049682855606079
YNL334C,YDR057W,0,-8.227579,0.1604287475347519,0.9651162624359131,0.5050740242004395
YEL060C,YEL004W,0,-8.227635,0.16040056943893433,0.9651162624359131,0.5051797032356262
YDR190C,YLL012W,0,-8.228349,0.16037239134311676,0.9651162624359131,0.5052854418754578
YLR044C,YOR035C,0,-8.228355,0.1603442281484604,0.9651162624359131,0.5053911209106445
YNL227C,YGR220C,1,-8.228376,0.16049166023731232,0.9661733508110046,0.5053911209106445
YDR276C,YHR200W,0,-8.228648,0.16046348214149475,0.9661733508110046,0.5054967999458313
YDR036C,YGL106W,0,-8.228697,0.16043531894683838,0.9661733508110046,0.5056025385856628
YDR191W,YDR461W,0,-8.228915,0.160407155752182,0.9661733508110046,0.5057082176208496
YMR316W,YGL062W,0,-8.229122,0.16037900745868683,0.9661733508110046,0.5058139562606812
YLR318W,YDR378C,0,-8.230322,0.16035087406635284,0.9661733508110046,0.5059196352958679
YDR182W,YBR112C,0,-8.2307205,0.16032275557518005,0.9661733508110046,0.5060253739356995
YBR279W,YLL017W,0,-8.231163,0.16029463708400726,0.9661733508110046,0.5061310529708862
YBR087W,YER138C,0,-8.23124,0.16026653349399567,0.9661733508110046,0.5062367916107178
YNR023W,YOL093W,0,-8.231484,0.16023842990398407,0.9661733508110046,0.5063424706459045
YDR424C,YCL054W,0,-8.23154,0.16021034121513367,0.9661733508110046,0.5064482092857361
YNL007C,YDR135C,0,-8.2316265,0.16018226742744446,0.9661733508110046,0.5065538883209229
YGL190C,YLR332W,0,-8.232116,0.16015419363975525,0.9661733508110046,0.5066596269607544
YLR028C,YJL134W,0,-8.233703,0.16012613475322723,0.9661733508110046,0.5067653059959412
YDR477W,YKL173W,0,-8.233759,0.1600980907678604,0.9661733508110046,0.5068710446357727
YGL106W,YJR074W,0,-8.234034,0.1600700467824936,0.9661733508110046,0.5069767236709595
YLR068W,YGL151W,0,-8.234113,0.16004201769828796,0.9661733508110046,0.507082462310791
YBR160W,YER001W,0,-8.234555,0.16001400351524353,0.9661733508110046,0.5071881413459778
YPR200C,YHR188C,0,-8.23606,0.1599860042333603,0.9661733508110046,0.5072938799858093
YFR034C,YGL135W,0,-8.236069,0.15995800495147705,0.9661733508110046,0.5073995590209961
YIL037C,YKR086W,0,-8.236293,0.1599300056695938,0.9661733508110046,0.5075052976608276
YMR162C,YHR203C,0,-8.236476,0.15990203619003296,0.9661733508110046,0.5076109766960144
YMR095C,YDR058C,0,-8.236515,0.1598740667104721,0.9661733508110046,0.507716715335846
YLR332W,YGR296W,0,-8.236574,0.15984609723091125,0.9661733508110046,0.5078223943710327
YPL121C,YBR231C,0,-8.236599,0.1598181426525116,0.9661733508110046,0.5079281330108643
YPL269W,YJL094C,0,-8.237213,0.15979020297527313,0.9661733508110046,0.508033812046051
YDR216W,YIL048W,0,-8.237899,0.15976227819919586,0.9661733508110046,0.5081395506858826
YNL068C,YDR123C,0,-8.238146,0.1597343534231186,0.9661733508110046,0.5082452297210693
YML058W-A,YDR189W,0,-8.238317,0.15970644354820251,0.9661733508110046,0.5083509683609009
YKR007W,YLR337C,0,-8.238582,0.15967854857444763,0.9661733508110046,0.5084566473960876
YJL003W,YHR053C,0,-8.238629,0.15965065360069275,0.9661733508110046,0.5085623860359192
YBR177C,YNL197C,0,-8.238709,0.15962277352809906,0.9661733508110046,0.508668065071106
YPR138C,YEL041W,0,-8.238887,0.15959490835666656,0.9661733508110046,0.5087738037109375
YEL032W,YIL080W,0,-8.238898,0.15956704318523407,0.9661733508110046,0.5088794827461243
YPL242C,YOR287C,0,-8.239126,0.15953919291496277,0.9661733508110046,0.5089852213859558
YJR093C,YOL068C,0,-8.239208,0.15951134264469147,0.9661733508110046,0.5090909004211426
YOR315W,YKR101W,0,-8.239799,0.15948350727558136,0.9661733508110046,0.5091966390609741
YDR235W,YCL054W,0,-8.239837,0.15945568680763245,0.9661733508110046,0.5093023180961609
YER179W,YJL134W,0,-8.241564,0.15942786633968353,0.9661733508110046,0.5094080567359924
YLR304C,YOR229W,0,-8.241913,0.159400075674057,0.9661733508110046,0.5095137357711792
YLR160C,YPL140C,0,-8.241937,0.1593722701072693,0.9661733508110046,0.5096194744110107
YML033W,YOL138C,0,-8.242075,0.15934449434280396,0.9661733508110046,0.5097251534461975
YLR015W,YJR027W,0,-8.242435,0.15931671857833862,0.9661733508110046,0.509830892086029
YAL013W,YIL097W,0,-8.242568,0.15928895771503448,0.9661733508110046,0.5099365711212158
YKL022C,YOR315W,0,-8.242782,0.15926119685173035,0.9661733508110046,0.5100423097610474
YDR400W,YIL017W,0,-8.242908,0.1592334508895874,0.9661733508110046,0.5101479887962341
YMR073C,YOR179C,0,-8.242986,0.15920571982860565,0.9661733508110046,0.5102537274360657
YDR358W,YPL258C,0,-8.243541,0.1591779887676239,0.9661733508110046,0.5103594064712524
YJR108W,YNL053W,0,-8.243915,0.15915027260780334,0.9661733508110046,0.510465145111084
YLR353W,YNL318C,0,-8.244231,0.1591225564479828,0.9661733508110046,0.5105708241462708
YEL066W,YPL206C,0,-8.244351,0.15909487009048462,0.9661733508110046,0.5106765031814575
YPL059W,YLR090W,0,-8.244845,0.15906718373298645,0.9661733508110046,0.5107822418212891
YGR218W,YML107C,0,-8.244973,0.15903949737548828,0.9661733508110046,0.5108879208564758
YKL146W,YGL019W,0,-8.245634,0.1590118259191513,0.9661733508110046,0.5109936594963074
YPL127C,YJL133W,0,-8.24573,0.15898416936397552,0.9661733508110046,0.5110993385314941
YDR240C,YIL022W,0,-8.247113,0.15895652770996094,0.9661733508110046,0.5112050771713257
YDR098C,YER051W,0,-8.247285,0.15892888605594635,0.9661733508110046,0.5113107562065125
YKR063C,YOR315W,0,-8.247676,0.15890124440193176,0.9661733508110046,0.511416494846344
YDL004W,YGL252C,0,-8.248355,0.15887363255023956,0.9661733508110046,0.5115221738815308
YNL161W,YBR237W,0,-8.24894,0.15884602069854736,0.9661733508110046,0.5116279125213623
YIL066C,YCL019W,0,-8.249212,0.15881842374801636,0.9661733508110046,0.5117335915565491
YDR498C,YLR222C,0,-8.249582,0.15879082679748535,0.9661733508110046,0.5118393301963806
YLR270W,YHR200W,0,-8.249768,0.15876324474811554,0.9661733508110046,0.5119450092315674
YNL068C,YDR235W,0,-8.249779,0.15873567759990692,0.9661733508110046,0.5120507478713989
YDR216W,YPL098C,0,-8.249987,0.1587081104516983,0.9661733508110046,0.5121564269065857
YBR201W,YBR089C-A,0,-8.250012,0.15868055820465088,0.9661733508110046,0.5122621655464172
YLR215C,YOL088C,0,-8.250039,0.15865300595760345,0.9661733508110046,0.512367844581604
YLR353W,YCR067C,0,-8.25007,0.15862548351287842,0.9661733508110046,0.5124735832214355
YCL001W,YOR212W,0,-8.2500925,0.1585979461669922,0.9661733508110046,0.5125792622566223
YJL210W,YML064C,0,-8.25012,0.15857043862342834,0.9661733508110046,0.5126850008964539
YGL004C,YBR289W,0,-8.250508,0.1585429310798645,0.9661733508110046,0.5127906799316406
YKL011C,YDR065W,0,-8.250535,0.15851543843746185,0.9661733508110046,0.5128964185714722
YOL112W,YHL036W,0,-8.250537,0.1584879457950592,0.9661733508110046,0.5130020976066589
YOR018W,YIL030C,0,-8.251009,0.15846046805381775,0.9661733508110046,0.5131078362464905
YMR038C,YBR165W,0,-8.251403,0.1584330052137375,0.9661733508110046,0.5132135152816772
YIL106W,YMR216C,0,-8.252026,0.15840554237365723,0.9661733508110046,0.5133192539215088
YBL005W-A,YNL046W,0,-8.253096,0.15837809443473816,0.9661733508110046,0.5134249329566956
YFL039C,YMR043W,0,-8.253509,0.15835066139698029,0.9661733508110046,0.5135306715965271
YDL132W,YBR127C,0,-8.2536955,0.1583232283592224,0.9661733508110046,0.5136363506317139
YHR082C,YNL334C,0,-8.2539625,0.15829581022262573,0.9661733508110046,0.5137420892715454
YPL248C,YBR079C,0,-8.25403,0.15826839208602905,0.9661733508110046,0.5138477683067322
YLR023C,YJL104W,0,-8.254388,0.15824100375175476,0.9661733508110046,0.5139535069465637
YDL142C,YNL103W,0,-8.25462,0.15821360051631927,0.9661733508110046,0.5140591859817505
YPL268W,YHR030C,0,-8.254733,0.15818622708320618,0.9661733508110046,0.514164924621582
YDR076W,YDR362C,0,-8.254923,0.15815885365009308,0.9661733508110046,0.5142706036567688
YLR353W,YLR263W,0,-8.255051,0.15813149511814117,0.9661733508110046,0.5143763422966003
YEL003W,YLR134W,0,-8.255279,0.15810413658618927,0.9661733508110046,0.5144820213317871
YBL084C,YLR133W,0,-8.255299,0.15807679295539856,0.9661733508110046,0.5145877599716187
YDL225W,YDL244W,0,-8.25661,0.15804944932460785,0.9661733508110046,0.5146934390068054
YBL013W,YPR134W,0,-8.257484,0.15802213549613953,0.9661733508110046,0.514799177646637
YDL227C,YIL129C,0,-8.257651,0.15799480676651,0.9661733508110046,0.5149048566818237
YEL037C,YLR372W,0,-8.257924,0.15796750783920288,0.9661733508110046,0.5150105953216553
YGR217W,YDL076C,0,-8.258722,0.15794020891189575,0.9661733508110046,0.515116274356842
YLR259C,YOR172W,0,-8.259673,0.15791292488574982,0.9661733508110046,0.5152220129966736
YDR022C,YIL112W,0,-8.259772,0.15788564085960388,0.9661733508110046,0.5153276920318604
YIL009C-A,YKL194C,0,-8.259841,0.15785837173461914,0.9661733508110046,0.5154334306716919
YIL036W,YBR095C,0,-8.260335,0.1578311175107956,0.9661733508110046,0.5155391097068787
YBR179C,YFR052W,0,-8.260354,0.15780386328697205,0.9661733508110046,0.5156448483467102
YKL205W,YIL066C,0,-8.261235,0.1577766239643097,0.9661733508110046,0.515750527381897
YFL003C,YLR138W,0,-8.261332,0.15774939954280853,0.9661733508110046,0.5158562660217285
YMR240C,YHR060W,0,-8.262132,0.15772217512130737,0.9661733508110046,0.5159619450569153
YBR109C,YGR122W,0,-8.262202,0.1576949656009674,0.9661733508110046,0.516067624092102
YER174C,YDR425W,0,-8.262239,0.15766775608062744,0.9661733508110046,0.5161733627319336
YDR388W,YPL029W,0,-8.262837,0.15764056146144867,0.9661733508110046,0.5162790417671204
YDL115C,YPR052C,0,-8.263164,0.1576133817434311,0.9661733508110046,0.5163847804069519
YGR104C,YOR256C,0,-8.263241,0.1575862020254135,0.9661733508110046,0.5164904594421387
YML008C,YCL059C,0,-8.263284,0.15755903720855713,0.9661733508110046,0.5165961980819702
YLR026C,YMR089C,0,-8.263629,0.15753188729286194,0.9661733508110046,0.516701877117157
YOR298C-A,YOR351C,0,-8.264173,0.15750473737716675,0.9661733508110046,0.5168076157569885
YLR292C,YDL185W,0,-8.2642975,0.15747760236263275,0.9661733508110046,0.5169132947921753
YMR237W,YDR422C,0,-8.264787,0.15745046734809875,0.9661733508110046,0.5170190334320068
YLR319C,YNL263C,0,-8.266041,0.15742336213588715,0.9661733508110046,0.5171247124671936
YPL007C,YNR048W,0,-8.26641,0.15739624202251434,0.9661733508110046,0.5172304511070251
YGL063W,YFL045C,0,-8.266652,0.15736915171146393,0.9661733508110046,0.5173361301422119
YFL029C,YCL055W,0,-8.266976,0.1573420614004135,0.9661733508110046,0.5174418687820435
YLR319C,YKR059W,0,-8.2670965,0.1573149710893631,0.9661733508110046,0.5175475478172302
YGL180W,YDR301W,0,-8.267107,0.15728789567947388,0.9661733508110046,0.5176532864570618
YLR157C,YIL119C,0,-8.267219,0.15726083517074585,0.9661733508110046,0.5177589654922485
YPL100W,YDL232W,0,-8.267963,0.15723378956317902,0.9661733508110046,0.5178647041320801
YDR036C,YFL017W-A,0,-8.268453,0.15720674395561218,0.9661733508110046,0.5179703831672668
YAR002W,YBR095C,0,-8.268958,0.15717971324920654,0.9661733508110046,0.5180761218070984
YML078W,YML107C,0,-8.269334,0.1571526825428009,0.9661733508110046,0.5181818008422852
YDR208W,YOR386W,0,-8.270351,0.15712566673755646,0.9661733508110046,0.5182875394821167
YIR033W,YDR314C,0,-8.270521,0.1570986658334732,0.9661733508110046,0.5183932185173035
YJR150C,YOR049C,0,-8.270656,0.15707166492938995,0.9661733508110046,0.518498957157135
YBR179C,YJL208C,0,-8.271682,0.1570446789264679,0.9661733508110046,0.5186046361923218
YPR199C,YBR040W,0,-8.271794,0.15701769292354584,0.9661733508110046,0.5187103748321533
YGR254W,YBL005W-B,0,-8.272092,0.15699072182178497,0.9661733508110046,0.5188160538673401
YMR276W,YJR090C,0,-8.272212,0.1569637656211853,0.9661733508110046,0.5189217925071716
YDL106C,YFR031C,0,-8.272391,0.15693680942058563,0.9661733508110046,0.5190274715423584
YOR347C,YML055W,0,-8.272664,0.15690986812114716,0.9661733508110046,0.5191332101821899
YIL040W,YER042W,0,-8.273558,0.15688294172286987,0.9661733508110046,0.5192388892173767
YMR316W,YBL026W,0,-8.273797,0.1568560153245926,0.9661733508110046,0.5193446278572083
YAL013W,YBR143C,0,-8.274211,0.1568291038274765,0.9661733508110046,0.519450306892395
YDR309C,YHR203C,0,-8.27439,0.1568021923303604,0.9661733508110046,0.5195560455322266
YDL142C,YCR086W,0,-8.274755,0.15677529573440552,0.9661733508110046,0.5196617245674133
YDR346C,YPR078C,0,-8.275014,0.15674841403961182,0.9661733508110046,0.5197674632072449
YOR298C-A,YKL064W,0,-8.275053,0.15672153234481812,0.9661733508110046,0.5198731422424316
YDL200C,YDL154W,0,-8.275292,0.1566946655511856,0.9661733508110046,0.5199788808822632
YBR010W,YDR328C,0,-8.27559,0.1566678136587143,0.9661733508110046,0.52008455991745
YOL135C,YDL040C,0,-8.275683,0.15664096176624298,0.9661733508110046,0.5201902985572815
YDR178W,YGR129W,0,-8.275727,0.15661412477493286,0.9661733508110046,0.5202959775924683
YOL005C,YPR036W,0,-8.275862,0.15658728778362274,0.9661733508110046,0.5204017162322998
YBR234C,YDR146C,0,-8.275887,0.15656046569347382,0.9661733508110046,0.5205073952674866
YHL040C,YKL025C,0,-8.275964,0.15653365850448608,0.9661733508110046,0.5206131339073181
YOL064C,YNL339C,0,-8.276969,0.15650685131549835,0.9661733508110046,0.5207188129425049
YBR021W,YKR063C,0,-8.277088,0.15648005902767181,0.9661733508110046,0.5208245515823364
YGR225W,YLR084C,0,-8.277312,0.15645326673984528,0.9661733508110046,0.5209302306175232
YIL048W,YPL274W,0,-8.279235,0.15642648935317993,0.9661733508110046,0.5210359692573547
YPL135W,YGR122W,0,-8.27952,0.15639972686767578,0.9661733508110046,0.5211416482925415
YER177W,YOR320C,0,-8.279788,0.15637296438217163,0.9661733508110046,0.521247386932373
YOR371C,YCR061W,0,-8.279982,0.15634621679782867,0.9661733508110046,0.5213530659675598
YML015C,YOL055C,0,-8.28045,0.1563194841146469,0.9661733508110046,0.5214587450027466
YJL062W,YKL085W,0,-8.281159,0.15629275143146515,0.9661733508110046,0.5215644836425781
YGR262C,YLR403W,0,-8.281657,0.15626603364944458,0.9661733508110046,0.5216701626777649
YJL125C,YCR084C,0,-8.281795,0.156239315867424,0.9661733508110046,0.5217759013175964
YPL200W,YMR015C,0,-8.28189,0.15621261298656464,0.9661733508110046,0.5218815803527832
YHR055C,YDL200C,0,-8.282153,0.15618592500686646,0.9661733508110046,0.5219873189926147
YGL257C,YOL117W,0,-8.282349,0.15615923702716827,0.9661733508110046,0.5220929980278015
YIR010W,YDL058W,0,-8.283265,0.1561325639486313,0.9661733508110046,0.5221987366676331
YFL029C,YGR186W,0,-8.283362,0.1561058908700943,0.9661733508110046,0.5223044157028198
YDL229W,YJL004C,0,-8.28391,0.1560792326927185,0.9661733508110046,0.5224101543426514
YLL034C,YER072W,0,-8.285178,0.1560525894165039,0.9661733508110046,0.5225158333778381
YLR085C,YGL173C,0,-8.285209,0.1560259461402893,0.9661733508110046,0.5226215720176697
YDL035C,YKL178C,0,-8.285357,0.1559993177652359,0.9661733508110046,0.5227272510528564
YCR028C,YOL133W,0,-8.285655,0.1559726893901825,0.9661733508110046,0.522832989692688
YOR075W,YJR027W,0,-8.286359,0.15594609081745148,0.9661733508110046,0.5229386687278748
YLL043W,YMR036C,0,-8.286481,0.15591947734355927,0.9661733508110046,0.5230444073677063
YBR211C,YPL275W,0,-8.287454,0.15589289367198944,0.9661733508110046,0.5231500864028931
YHR034C,YNL138W,0,-8.287536,0.15586631000041962,0.9661733508110046,0.5232558250427246
YFR033C,YDR486C,0,-8.287543,0.1558397263288498,0.9661733508110046,0.5233615040779114
YER008C,YGR002C,0,-8.287671,0.15581315755844116,0.9661733508110046,0.5234672427177429
YCR008W,YCL063W,0,-8.287834,0.15578660368919373,0.9661733508110046,0.5235729217529297
YOL110W,YKL058W,0,-8.288001,0.1557600498199463,0.9661733508110046,0.5236786603927612
YER110C,YJL063C,0,-8.288278,0.15573351085186005,0.9661733508110046,0.523784339427948
YBL040C,YOR172W,0,-8.288542,0.155706986784935,0.9661733508110046,0.5238900780677795
YBR211C,YNL302C,0,-8.28869,0.15568046271800995,0.9661733508110046,0.5239957571029663
YFR051C,YGL066W,0,-8.288692,0.1556539535522461,0.9661733508110046,0.5241014957427979
YNL039W,YER005W,0,-8.289583,0.15562744438648224,0.9661733508110046,0.5242071747779846
YGL219C,YNR052C,0,-8.289903,0.15560095012187958,0.9661733508110046,0.5243129134178162
YBR211C,YGR028W,0,-8.290078,0.1555744707584381,0.9661733508110046,0.5244185924530029
YJR042W,YDL134C,0,-8.290395,0.15554799139499664,0.9661733508110046,0.5245243310928345
YHR034C,YJL072C,0,-8.290948,0.15552152693271637,0.9661733508110046,0.5246300101280212
YGL005C,YOR193W,0,-8.291593,0.1554950624704361,0.9661733508110046,0.5247357487678528
YMR240C,YER160C,0,-8.292543,0.15546861290931702,0.9661733508110046,0.5248414278030396
YBR089C-A,YKL154W,0,-8.292689,0.15544217824935913,0.9661733508110046,0.5249471664428711
YHL031C,YNL264C,0,-8.292906,0.15541574358940125,0.9661733508110046,0.5250528454780579
YIL109C,YJR135W-A,0,-8.292935,0.15538932383060455,0.9661733508110046,0.5251585841178894
YJL063C,YGR280C,0,-8.292953,0.15536290407180786,0.9661733508110046,0.5252642631530762
YER018C,YDR460W,0,-8.293502,0.15533649921417236,0.9661733508110046,0.5253700017929077
YPR104C,YIL046W,0,-8.293548,0.15531010925769806,0.9661733508110046,0.5254756808280945
YGL019W,YPL192C,0,-8.293841,0.15528371930122375,0.9661733508110046,0.525581419467926
YDR101C,YGR220C,1,-8.294009,0.1554272174835205,0.9672304391860962,0.525581419467926
YHR191C,YDL058W,0,-8.29419,0.155400812625885,0.9672304391860962,0.5256870985031128
YJL111W,YMR069W,0,-8.295226,0.1553744226694107,0.9672304391860962,0.5257928371429443
YFR041C,YGL039W,0,-8.295337,0.1553480476140976,0.9672304391860962,0.5258985161781311
YDR126W,YML038C,0,-8.2956295,0.15532167255878448,0.9672304391860962,0.5260042548179626
YKL048C,YMR101C,0,-8.2959385,0.15529531240463257,0.9672304391860962,0.5261099338531494
YDR345C,YBR107C,0,-8.296191,0.15526896715164185,0.9672304391860962,0.526215672492981
YPL100W,YOL017W,0,-8.296212,0.15524262189865112,0.9672304391860962,0.5263213515281677
YPL200W,YOR373W,0,-8.296557,0.1552162915468216,0.9672304391860962,0.5264270901679993
YCL004W,YNL046W,0,-8.296648,0.15518996119499207,0.9672304391860962,0.526532769203186
YGR247W,YMR214W,0,-8.296774,0.15516364574432373,0.9672304391860962,0.5266384482383728
YOR213C,YBL061C,0,-8.297263,0.1551373302936554,0.9672304391860962,0.5267441868782043
YMR043W,YJL087C,0,-8.29758,0.15511102974414825,0.9672304391860962,0.5268498659133911
YLR228C,YNL149C,0,-8.297635,0.1550847440958023,0.9672304391860962,0.5269556045532227
YDR191W,YPL022W,0,-8.297696,0.15505845844745636,0.9672304391860962,0.5270612835884094
YOL017W,YDR166C,0,-8.297795,0.1550321877002716,0.9672304391860962,0.527167022228241
YPR120C,YOR048C,0,-8.297944,0.15500593185424805,0.9672304391860962,0.5272727012634277
YBL019W,YDL059C,0,-8.29799,0.1549796760082245,0.9672304391860962,0.5273784399032593
YDL231C,YOL060C,0,-8.298291,0.15495343506336212,0.9672304391860962,0.527484118938446
YPL240C,YCR073C,0,-8.298364,0.15492719411849976,0.9672304391860962,0.5275898575782776
YMR287C,YLR192C,0,-8.298419,0.15490096807479858,0.9672304391860962,0.5276955366134644
YGL178W,YCL010C,0,-8.298573,0.1548747420310974,0.9672304391860962,0.5278012752532959
YGR099W,YNL064C,0,-8.298601,0.15484853088855743,0.9672304391860962,0.5279069542884827
YJR104C,YJL054W,0,-8.298769,0.15482233464717865,0.9672304391860962,0.5280126929283142
YPL049C,YOR191W,0,-8.2987795,0.15479613840579987,0.9672304391860962,0.528118371963501
YPR135W,YOR338W,0,-8.29942,0.15476995706558228,0.9672304391860962,0.5282241106033325
YJL006C,YDL117W,0,-8.299445,0.15474379062652588,0.9672304391860962,0.5283297896385193
YCR075C,YCR028C,0,-8.29962,0.15471762418746948,0.9672304391860962,0.5284355282783508
YDL200C,YBL057C,0,-8.300521,0.15469145774841309,0.9672304391860962,0.5285412073135376
YLR214W,YML091C,0,-8.300697,0.15466532111167908,0.9672304391860962,0.5286469459533691
YJR086W,YGR281W,0,-8.300704,0.15463916957378387,0.9672304391860962,0.5287526249885559
YNL047C,YBL055C,0,-8.301232,0.15461304783821106,0.9672304391860962,0.5288583636283875
YDL231C,YOR380W,0,-8.30165,0.15458692610263824,0.9672304391860962,0.5289640426635742
YOL026C,YGL172W,0,-8.301871,0.15456080436706543,0.9672304391860962,0.5290697813034058
YLR007W,YDL081C,0,-8.301881,0.154534712433815,0.9672304391860962,0.5291754603385925
YCR094W,YDL245C,0,-8.30217,0.15450860559940338,0.9672304391860962,0.5292811989784241
YHR183W,YJL072C,0,-8.302379,0.15448252856731415,0.9672304391860962,0.5293868780136108
YEL003W,YOR332W,0,-8.302388,0.15445645153522491,0.9672304391860962,0.5294926166534424
YIR021W,YHR020W,0,-8.302406,0.15443037450313568,0.9672304391860962,0.5295982956886292
YGL174W,YGR155W,0,-8.303184,0.15440432727336884,0.9672304391860962,0.5297040343284607
YOR239W,YOR014W,0,-8.303444,0.1543782651424408,0.9672304391860962,0.5298097133636475
YCR086W,YDR281C,0,-8.303725,0.15435223281383514,0.9672304391860962,0.529915452003479
YLL043W,YMR204C,0,-8.303991,0.1543262004852295,0.9672304391860962,0.5300211310386658
YNL148C,YHR034C,0,-8.304022,0.15430016815662384,0.9672304391860962,0.5301268696784973
YPL078C,YJR027W,0,-8.304263,0.15427415072917938,0.9672304391860962,0.5302325487136841
YGR006W,YJL143W,0,-8.30466,0.15424814820289612,0.9672304391860962,0.5303382873535156
YCR106W,YGL135W,0,-8.305457,0.15422214567661285,0.9672304391860962,0.5304439663887024
YER054C,YGL126W,0,-8.305559,0.15419615805149078,0.9672304391860962,0.5305497050285339
YBR077C,YDL190C,0,-8.30646,0.1541701704263687,0.9672304391860962,0.5306553840637207
YNL055C,YGR013W,0,-8.30755,0.15414419770240784,0.9672304391860962,0.5307611227035522
YNL182C,YGR220C,1,-8.308213,0.1542866826057434,0.9682875275611877,0.5307611227035522
YHR073W,YDL111C,0,-8.308698,0.15426069498062134,0.9682875275611877,0.530866801738739
YGL020C,YCL051W,0,-8.309001,0.15423472225666046,0.9682875275611877,0.5309725403785706
YPR134W,YDR397C,0,-8.309447,0.15420874953269958,0.9682875275611877,0.5310782194137573
YPL248C,YPR002W,0,-8.309818,0.1541827917098999,0.9682875275611877,0.5311839580535889
YHR200W,YIR018W,0,-8.309871,0.1541568487882614,0.9682875275611877,0.5312896370887756
YGL058W,YDR532C,0,-8.309886,0.15413090586662292,0.9682875275611877,0.5313953757286072
YPL021W,YNL107W,0,-8.30992,0.15410497784614563,0.9682875275611877,0.531501054763794
YOR181W,YDR146C,0,-8.310388,0.15407906472682953,0.9682875275611877,0.5316067934036255
YGR014W,YDR341C,0,-8.311137,0.15405315160751343,0.9682875275611877,0.5317124724388123
YCL026C-A,YGR202C,0,-8.311353,0.15402723848819733,0.9682875275611877,0.5318182110786438
YDR173C,YGR170W,0,-8.311379,0.15400134027004242,0.9682875275611877,0.5319238901138306
YBR023C,YIL114C,0,-8.311682,0.1539754569530487,0.9682875275611877,0.5320295691490173
YMR083W,YOL020W,0,-8.312001,0.153949573636055,0.9682875275611877,0.5321353077888489
YFR034C,YJR103W,0,-8.313464,0.15392370522022247,0.9682875275611877,0.5322409868240356
YFL018C,YNR026C,0,-8.313852,0.15389785170555115,0.9682875275611877,0.5323467254638672
YKR062W,YIL023C,0,-8.314066,0.15387199819087982,0.9682875275611877,0.532452404499054
YHR026W,YKL088W,0,-8.314227,0.1538461595773697,0.9682875275611877,0.5325581431388855
YKL182W,YMR177W,0,-8.314711,0.15382032096385956,0.9682875275611877,0.5326638221740723
YKL101W,YDR459C,0,-8.3150215,0.15379449725151062,0.9682875275611877,0.5327695608139038
YOL040C,YMR106C,0,-8.315429,0.15376867353916168,0.9682875275611877,0.5328752398490906
YNL318C,YBR254C,0,-8.315683,0.15374286472797394,0.9682875275611877,0.5329809784889221
YDL137W,YHR073W,0,-8.315799,0.1537170708179474,0.9682875275611877,0.5330866575241089
YKR095W,YLR266C,0,-8.315967,0.15369127690792084,0.9682875275611877,0.5331923961639404
YMR246W,YBR111W-A,0,-8.316099,0.15366549789905548,0.9682875275611877,0.5332980751991272
YJL014W,YJL210W,0,-8.316236,0.15363971889019012,0.9682875275611877,0.5334038138389587
YOR380W,YDL195W,0,-8.316477,0.15361395478248596,0.9682875275611877,0.5335094928741455
YCL014W,YPR198W,0,-8.316557,0.1535881906747818,0.9682875275611877,0.533615231513977
YOR180C,YHR186C,0,-8.316697,0.15356244146823883,0.9682875275611877,0.5337209105491638
YPL018W,YPL147W,0,-8.317038,0.15353670716285706,0.9682875275611877,0.5338266491889954
YBR161W,YOR144C,0,-8.317138,0.15351097285747528,0.9682875275611877,0.5339323282241821
YLR310C,YOR351C,0,-8.317174,0.1534852534532547,0.9682875275611877,0.5340380668640137
YML120C,YGR239C,0,-8.317353,0.15345953404903412,0.9682875275611877,0.5341437458992004
YNL068C,YHR073W,0,-8.317643,0.15343382954597473,0.9682875275611877,0.534249484539032
YMR091C,YDR490C,0,-8.3179035,0.15340813994407654,0.9682875275611877,0.5343551635742188
YLL043W,YLR084C,0,-8.318265,0.15338245034217834,0.9682875275611877,0.5344609022140503
YML058W-A,YNL318C,0,-8.318315,0.15335677564144135,0.9682875275611877,0.5345665812492371
YDL161W,YDL166C,0,-8.318774,0.15333110094070435,0.9682875275611877,0.5346723198890686
YHR183W,YDL194W,0,-8.319101,0.15330544114112854,0.9682875275611877,0.5347779989242554
YKL060C,YHR090C,0,-8.319163,0.15327978134155273,0.9682875275611877,0.5348837375640869
YHR013C,YFL009W,0,-8.319305,0.15325413644313812,0.9682875275611877,0.5349894165992737
YNL061W,YML040W,0,-8.32047,0.1532285064458847,0.9682875275611877,0.5350951552391052
YOL038W,YJR027W,0,-8.320761,0.1532028764486313,0.9682875275611877,0.535200834274292
YJL072C,YER070W,0,-8.321705,0.15317726135253906,0.9682875275611877,0.5353065729141235
YBR103W,YMR218C,0,-8.323438,0.15315164625644684,0.9682875275611877,0.5354122519493103
YDR158W,YJL010C,0,-8.323451,0.1531260460615158,0.9682875275611877,0.5355179905891418
YJL081C,YPL098C,0,-8.323796,0.15310044586658478,0.9682875275611877,0.5356236696243286
YCR107W,YMR156C,0,-8.324348,0.15307486057281494,0.9682875275611877,0.5357294082641602
YPR002W,YBR105C,0,-8.324396,0.1530492901802063,0.9682875275611877,0.5358350872993469
YJR084W,YIL026C,0,-8.324637,0.15302371978759766,0.9682875275611877,0.5359408259391785
YIL070C,YDL185W,0,-8.324675,0.1529981642961502,0.9682875275611877,0.5360465049743652
YOR031W,YPL274W,0,-8.324932,0.15297260880470276,0.9682875275611877,0.5361522436141968
YNL016W,YDL190C,0,-8.3249655,0.1529470682144165,0.9682875275611877,0.5362579226493835
YKL074C,YJR045C,0,-8.325744,0.15292154252529144,0.9682875275611877,0.5363636612892151
YBL084C,YJR160C,0,-8.326188,0.15289601683616638,0.9682875275611877,0.5364693403244019
YOL095C,YKR057W,0,-8.326296,0.15287049114704132,0.9682875275611877,0.5365750789642334
YJL196C,YML051W,0,-8.326314,0.15284498035907745,0.9682875275611877,0.5366807579994202
YPL147W,YDR310C,0,-8.32675,0.15281948447227478,0.9682875275611877,0.5367864966392517
YJR084W,YGR267C,0,-8.326825,0.1527939885854721,0.9682875275611877,0.5368921756744385
YJR108W,YMR119W,0,-8.326833,0.15276850759983063,0.9682875275611877,0.53699791431427
YER114C,YGL212W,0,-8.326976,0.15274304151535034,0.9682875275611877,0.5371035933494568
YMR280C,YDL087C,0,-8.327355,0.15271757543087006,0.9682875275611877,0.5372093319892883
YLR242C,YBL006C,0,-8.32745,0.15269210934638977,0.9682875275611877,0.5373150110244751
YMR270C,YCL074W,0,-8.327906,0.15266667306423187,0.9682875275611877,0.5374206900596619
YLR431C,YIL035C,0,-8.328642,0.15264122188091278,0.9682875275611877,0.5375264286994934
YER015W,YCL051W,0,-8.329083,0.15261580049991608,0.9682875275611877,0.5376321077346802
YOL095C,YGL194C,0,-8.329126,0.15259036421775818,0.9682875275611877,0.5377378463745117
YEL036C,YIR041W,0,-8.329137,0.15256495773792267,0.9682875275611877,0.5378435254096985
YLR131C,YDR461W,0,-8.329153,0.15253955125808716,0.9682875275611877,0.53794926404953
YIL097W,YLR090W,0,-8.329195,0.15251415967941284,0.9682875275611877,0.5380549430847168
YOR061W,YMR047C,0,-8.329489,0.15248876810073853,0.9682875275611877,0.5381606817245483
YBR112C,YKL008C,0,-8.329785,0.1524633765220642,0.9682875275611877,0.5382663607597351
YPL202C,YDR173C,0,-8.330012,0.15243801474571228,0.9682875275611877,0.5383720993995667
YNL142W,YKR089C,0,-8.330491,0.15241265296936035,0.9682875275611877,0.5384777784347534
YER088C,YDR335W,0,-8.331056,0.15238729119300842,0.9682875275611877,0.538583517074585
YLR008C,YLR141W,0,-8.331754,0.1523619443178177,0.9682875275611877,0.5386891961097717
YLR085C,YGL044C,0,-8.332257,0.15233659744262695,0.9682875275611877,0.5387949347496033
YJL196C,YKL038W,0,-8.332958,0.1523112803697586,0.9682875275611877,0.53890061378479
YPL137C,YBL055C,0,-8.333148,0.15228594839572906,0.9682875275611877,0.5390063524246216
YGL172W,YAL016W,0,-8.333451,0.15226063132286072,0.9682875275611877,0.5391120314598083
YKR036C,YMR288W,0,-8.333617,0.15223532915115356,0.9682875275611877,0.5392177700996399
YER179W,YDR236C,0,-8.333749,0.1522100418806076,0.9682875275611877,0.5393234491348267
YBR042C,YKL025C,0,-8.333789,0.15218475461006165,0.9682875275611877,0.5394291877746582
YGL256W,YHR188C,0,-8.334027,0.15215946733951569,0.9682875275611877,0.539534866809845
YNL281W,YNL317W,0,-8.334265,0.15213419497013092,0.9682875275611877,0.5396406054496765
YKR066C,YFR046C,0,-8.334336,0.15210893750190735,0.9682875275611877,0.5397462844848633
YER019W,YGL014W,0,-8.334624,0.15208368003368378,0.9682875275611877,0.5398520231246948
YML086C,YKL093W,0,-8.334743,0.1520584374666214,0.9682875275611877,0.5399577021598816
YOR025W,YGR121C,0,-8.335124,0.15203319489955902,0.9682875275611877,0.5400634407997131
YJR084W,YBR066C,0,-8.335366,0.15200796723365784,0.9682875275611877,0.5401691198348999
YAL040C,YDL232W,0,-8.335454,0.15198273956775665,0.9682875275611877,0.5402748584747314
YLL050C,YPR132W,0,-8.335655,0.15195752680301666,0.9682875275611877,0.5403805375099182
YLR459W,YKR002W,0,-8.336026,0.15193232893943787,0.9682875275611877,0.5404862761497498
YPR200C,YGR186W,0,-8.336816,0.15190713107585907,0.9682875275611877,0.5405919551849365
YGR006W,YIL056W,0,-8.336825,0.15188194811344147,0.9682875275611877,0.5406976938247681
YJL148W,YLR234W,0,-8.336925,0.15185676515102386,0.9682875275611877,0.5408033728599548
YPL049C,YLR264W,0,-8.337262,0.15183159708976746,0.9682875275611877,0.5409091114997864
YDR179C,YFR005C,0,-8.33739,0.15180642902851105,0.9682875275611877,0.5410147905349731
YDL069C,YOL089C,0,-8.337698,0.15178127586841583,0.9682875275611877,0.5411205291748047
YCR012W,YLR417W,0,-8.3378935,0.15175612270832062,0.9682875275611877,0.5412262082099915
YML129C,YBR212W,0,-8.338576,0.1517309993505478,0.9682875275611877,0.541331946849823
YCR086W,YOL060C,0,-8.338839,0.15170586109161377,0.9682875275611877,0.5414376258850098
YGL223C,YLR079W,0,-8.338912,0.15168073773384094,0.9682875275611877,0.5415433645248413
YJR017C,YHR030C,0,-8.339423,0.1516556292772293,0.9682875275611877,0.5416490435600281
YPL100W,YLR081W,0,-8.339586,0.15163052082061768,0.9682875275611877,0.5417547821998596
YCR014C,YER031C,0,-8.339604,0.15160542726516724,0.9682875275611877,0.5418604612350464
YBR278W,YDL020C,0,-8.339832,0.1515803337097168,0.9682875275611877,0.5419661998748779
YPL169C,YKR008W,0,-8.340116,0.15155525505542755,0.9682875275611877,0.5420718789100647
YMR188C,YOR287C,0,-8.340369,0.1515301913022995,0.9682875275611877,0.5421776175498962
YNL172W,YML008C,0,-8.341163,0.15150512754917145,0.9682875275611877,0.542283296585083
YLL061W,YKR056W,0,-8.341171,0.1514800786972046,0.9682875275611877,0.5423890352249146
YKL192C,YBR198C,0,-8.34175,0.15145502984523773,0.9682875275611877,0.5424947142601013
YPL051W,YOL135C,0,-8.34175,0.15142998099327087,0.9682875275611877,0.5426003932952881
YKL192C,YKL108W,0,-8.341767,0.1514049619436264,0.9682875275611877,0.5427061319351196
YLR186W,YDR400W,0,-8.341942,0.15137994289398193,0.9682875275611877,0.5428118109703064
YJL058C,YHR205W,0,-8.342025,0.15135492384433746,0.9682875275611877,0.5429175496101379
YPR183W,YMR208W,0,-8.342195,0.1513299196958542,0.9682875275611877,0.5430232286453247
YOR144C,YCR073C,0,-8.342307,0.1513049155473709,0.9682875275611877,0.5431289672851562
YDL166C,YPR055W,0,-8.342408,0.15127994120121002,0.9682875275611877,0.543234646320343
YGR247W,YNL229C,0,-8.342492,0.15125495195388794,0.9682875275611877,0.5433403849601746
YAL040C,YMR183C,0,-8.34254,0.15122997760772705,0.9682875275611877,0.5434460639953613
YNL317W,YNL186W,0,-8.342784,0.15120501816272736,0.9682875275611877,0.5435518026351929
YER127W,YEL031W,0,-8.3433275,0.15118005871772766,0.9682875275611877,0.5436574816703796
YIL155C,YNR052C,0,-8.343699,0.15115511417388916,0.9682875275611877,0.5437632203102112
YNL258C,YOR191W,0,-8.343831,0.15113016963005066,0.9682875275611877,0.543868899345398
YLR153C,YDL128W,0,-8.344124,0.15110523998737335,0.9682875275611877,0.5439746379852295
YBR029C,YMR162C,0,-8.344199,0.15108032524585724,0.9682875275611877,0.5440803170204163
YDL181W,YBR185C,0,-8.3442135,0.15105541050434113,0.9682875275611877,0.5441860556602478
YPL061W,YHR175W,0,-8.3442545,0.151030495762825,0.9682875275611877,0.5442917346954346
YDL208W,YDR126W,0,-8.344313,0.1510056108236313,0.9682875275611877,0.5443974733352661
YPL262W,YPL029W,0,-8.344884,0.15098071098327637,0.9682875275611877,0.5445031523704529
YLR319C,YCR086W,0,-8.344981,0.15095584094524384,0.9682875275611877,0.5446088910102844
YGL143C,YAR007C,0,-8.345823,0.1509309560060501,0.9682875275611877,0.5447145700454712
YPR201W,YDL154W,0,-8.346438,0.15090610086917877,0.9682875275611877,0.5448203086853027
YHR160C,YHR083W,0,-8.3464985,0.15088124573230743,0.9682875275611877,0.5449259877204895
YDR147W,YML023C,0,-8.346503,0.1508563905954361,0.9682875275611877,0.545031726360321
YDL143W,YDL055C,0,-8.34694,0.15083155035972595,0.9682875275611877,0.5451374053955078
YCR084C,YEL004W,0,-8.347127,0.1508067101240158,0.9682875275611877,0.5452431440353394
YLR429W,YDR308C,0,-8.347262,0.15078189969062805,0.9682875275611877,0.5453488230705261
YNL085W,YDR285W,0,-8.347274,0.1507570743560791,0.9682875275611877,0.5454545617103577
YIL009C-A,YML092C,0,-8.347358,0.15073226392269135,0.9682875275611877,0.5455602407455444
YBR142W,YML025C,1,-8.347474,0.15087199211120605,0.9693446159362793,0.5455602407455444
YOR243C,YPR181C,0,-8.347572,0.1508471816778183,0.9693446159362793,0.545665979385376
YIL075C,YGR296W,0,-8.347803,0.15082237124443054,0.9693446159362793,0.5457716584205627
YOR160W,YKL088W,0,-8.348214,0.15079756081104279,0.9693446159362793,0.5458773970603943
YDR211W,YDR166C,0,-8.34824,0.15077276527881622,0.9693446159362793,0.545983076095581
YJR119C,YHR060W,0,-8.349486,0.15074798464775085,0.9693446159362793,0.5460888147354126
YOR334W,YER149C,0,-8.350052,0.15072320401668549,0.9693446159362793,0.5461944937705994
YOR377W,YPL242C,0,-8.350065,0.1506984382867813,0.9693446159362793,0.5463002324104309
YCR020W-B,YIL048W,0,-8.350192,0.15067367255687714,0.9693446159362793,0.5464059114456177
YDR085C,YLR034C,0,-8.351479,0.15064892172813416,0.9693446159362793,0.5465116500854492
YPL043W,YHR073W,0,-8.351591,0.15062418580055237,0.9693446159362793,0.546617329120636
YDR168W,YHR118C,0,-8.35213,0.1505994349718094,0.9693446159362793,0.5467230677604675
YIR015W,YIL138C,0,-8.3523,0.1505747139453888,0.9693446159362793,0.5468287467956543
YGL207W,YOR129C,0,-8.352643,0.1505499929189682,0.9693446159362793,0.5469344854354858
YCR028C,YNL103W,0,-8.3534,0.1505252718925476,0.9693446159362793,0.5470401644706726
YPR005C,YNL332W,0,-8.354156,0.1505005806684494,0.9693446159362793,0.5471459031105042
YMR231W,YNR047W,0,-8.354881,0.15047587454319,0.9693446159362793,0.5472515821456909
YIL154C,YBR221C,0,-8.355236,0.1504511833190918,0.9693446159362793,0.5473573207855225
YKL005C,YER127W,0,-8.356512,0.15042650699615479,0.9693446159362793,0.5474629998207092
YER112W,YER008C,0,-8.3575735,0.15040183067321777,0.9693446159362793,0.5475687384605408
YHR023W,YMR016C,0,-8.357757,0.15037716925144196,0.9693446159362793,0.5476744174957275
YPL224C,YDL217C,0,-8.357926,0.15035252273082733,0.9693446159362793,0.5477801561355591
YDR289C,YGL115W,0,-8.358153,0.1503278762102127,0.9693446159362793,0.5478858351707458
YMR314W,YGL244W,0,-8.358972,0.15030322968959808,0.9693446159362793,0.5479915142059326
YOL101C,YNL103W,0,-8.360999,0.15027859807014465,0.9693446159362793,0.5480972528457642
YBL032W,YLR145W,0,-8.361248,0.15025396645069122,0.9693446159362793,0.5482029318809509
YKL112W,YJR118C,0,-8.361264,0.15022936463356018,0.9693446159362793,0.5483086705207825
YDR135C,YOR287C,0,-8.361325,0.15020474791526794,0.9693446159362793,0.5484143495559692
YMR138W,YPR023C,0,-8.362488,0.1501801460981369,0.9693446159362793,0.5485200881958008
YLR286C,YPR065W,0,-8.362588,0.15015555918216705,0.9693446159362793,0.5486257672309875
YDL137W,YML088W,0,-8.363301,0.1501309722661972,0.9693446159362793,0.5487315058708191
YHL006C,YOR256C,0,-8.363734,0.15010640025138855,0.9693446159362793,0.5488371849060059
YGR133W,YAR031W,0,-8.363772,0.1500818282365799,0.9693446159362793,0.5489429235458374
YBR234C,YHR001W,0,-8.363983,0.15005727112293243,0.9693446159362793,0.5490486025810242
YAL015C,YKR031C,0,-8.364298,0.15003272891044617,0.9693446159362793,0.5491543412208557
YOL034W,YHR181W,0,-8.364425,0.1500081866979599,0.9693446159362793,0.5492600202560425
YBL006C,YJL048C,0,-8.364471,0.14998364448547363,0.9693446159362793,0.549365758895874
YPL161C,YHL025W,0,-8.364596,0.14995911717414856,0.9693446159362793,0.5494714379310608
YKL220C,YOL148C,0,-8.36501,0.14993460476398468,0.9693446159362793,0.5495771765708923
YJL209W,YPL200W,0,-8.36575,0.1499100923538208,0.9693446159362793,0.5496828556060791
YDR159W,YOR004W,0,-8.365779,0.14988557994365692,0.9693446159362793,0.5497885942459106
YOR026W,YOL031C,0,-8.366432,0.14986108243465424,0.9693446159362793,0.5498942732810974
YMR055C,YBR097W,0,-8.36644,0.14983659982681274,0.9693446159362793,0.550000011920929
YGR180C,YCR102C,0,-8.366937,0.14981211721897125,0.9693446159362793,0.5501056909561157
YBL016W,YJL054W,0,-8.367108,0.14978764951229095,0.9693446159362793,0.5502114295959473
YPL167C,YJR145C,0,-8.367646,0.14976318180561066,0.9693446159362793,0.550317108631134
YHR107C,YKL190W,0,-8.367658,0.14973872900009155,0.9693446159362793,0.5504228472709656
YLL015W,YFL048C,0,-8.367698,0.14971429109573364,0.9693446159362793,0.5505285263061523
YDR137W,YMR313C,0,-8.367713,0.14968985319137573,0.9693446159362793,0.5506342649459839
YNL055C,YNL253W,0,-8.36785,0.14966541528701782,0.9693446159362793,0.5507399439811707
YLR214W,YBR082C,0,-8.368693,0.1496409922838211,0.9693446159362793,0.5508456826210022
YMR250W,YAR031W,0,-8.368704,0.14961658418178558,0.9693446159362793,0.550951361656189
YCR048W,YNL123W,0,-8.369048,0.14959217607975006,0.9693446159362793,0.5510571002960205
YJR131W,YBR196C,0,-8.369318,0.14956776797771454,0.9693446159362793,0.5511627793312073
YFL024C,YGR213C,0,-8.369578,0.1495433747768402,0.9693446159362793,0.5512685179710388
YHR079C-A,YHR060W,0,-8.369664,0.14951899647712708,0.9693446159362793,0.5513741970062256
YDR106W,YOR179C,0,-8.370074,0.14949461817741394,0.9693446159362793,0.5514799356460571
YOR226C,YNR052C,0,-8.370403,0.149470254778862,0.9693446159362793,0.5515856146812439
YPL051W,YOL143C,0,-8.370568,0.14944589138031006,0.9693446159362793,0.5516913533210754
YNL251C,YCR012W,0,-8.370854,0.1494215428829193,0.9693446159362793,0.5517970323562622
YKL135C,YOR159C,0,-8.371306,0.14939719438552856,0.9693446159362793,0.5519027709960938
YBR103W,YGR229C,0,-8.371393,0.149372860789299,0.9693446159362793,0.5520084500312805
YBR020W,YPL171C,0,-8.371442,0.14934852719306946,0.9693446159362793,0.5521141886711121
YBR234C,YOR076C,0,-8.371635,0.1493242084980011,0.9693446159362793,0.5522198677062988
YOR373W,YJR104C,0,-8.371735,0.14929990470409393,0.9693446159362793,0.5523256063461304
YJR091C,YCR039C,0,-8.371924,0.14927560091018677,0.9693446159362793,0.5524312853813171
YCR044C,YBL025W,0,-8.371996,0.1492512971162796,0.9693446159362793,0.5525370240211487
YLR098C,YPR165W,0,-8.372079,0.14922700822353363,0.9693446159362793,0.5526427030563354
YNL258C,YLR377C,0,-8.372406,0.14920273423194885,0.9693446159362793,0.552748441696167
YLR170C,YDR163W,0,-8.372582,0.14917846024036407,0.9693446159362793,0.5528541207313538
YDR254W,YIL117C,0,-8.37267,0.1491542011499405,0.9693446159362793,0.5529598593711853
YIR004W,YBL032W,0,-8.372858,0.1491299420595169,0.9693446159362793,0.5530655384063721
YLR316C,YCR084C,0,-8.372893,0.14910569787025452,0.9693446159362793,0.5531712770462036
YDR301W,YDL045C,0,-8.373029,0.14908145368099213,0.9693446159362793,0.5532769560813904
YDR190C,YIL144W,0,-8.37361,0.14905722439289093,0.9693446159362793,0.5533826351165771
YLR382C,YER151C,0,-8.373908,0.14903299510478973,0.9693446159362793,0.5534883737564087
YHR115C,YKL172W,0,-8.375176,0.14900878071784973,0.9693446159362793,0.5535940527915955
YBL025W,YNL257C,0,-8.375228,0.14898456633090973,0.9693446159362793,0.553699791431427
YNL288W,YML071C,0,-8.375685,0.14896036684513092,0.9693446159362793,0.5538054704666138
YPR025C,YPL180W,0,-8.376092,0.1489361673593521,0.9693446159362793,0.5539112091064453
YPR037C,YDR260C,0,-8.376279,0.1489119827747345,0.9693446159362793,0.5540168881416321
YBR010W,YGL098W,0,-8.376515,0.14888781309127808,0.9693446159362793,0.5541226267814636
YDR256C,YPL242C,0,-8.37694,0.14886364340782166,0.9693446159362793,0.5542283058166504
YEL017C-A,YBR123C,0,-8.377003,0.14883947372436523,0.9693446159362793,0.5543340444564819
YLR110C,YHR107C,0,-8.377057,0.14881531894207,0.9693446159362793,0.5544397234916687
YGR063C,YPL163C,0,-8.3778925,0.14879117906093597,0.9693446159362793,0.5545454621315002
YDR106W,YOR193W,0,-8.377908,0.14876703917980194,0.9693446159362793,0.554651141166687
YCR091W,YOR322C,0,-8.378142,0.1487428992986679,0.9693446159362793,0.5547568798065186
YIL002C,YMR149W,0,-8.378179,0.14871877431869507,0.9693446159362793,0.5548625588417053
YDR205W,YMR285C,0,-8.378323,0.14869466423988342,0.9693446159362793,0.5549682974815369
YPL167C,YNL160W,0,-8.37851,0.14867055416107178,0.9693446159362793,0.5550739765167236
YGL061C,YGL058W,0,-8.378953,0.14864645898342133,0.9693446159362793,0.5551797151565552
YLR265C,YDR515W,0,-8.379307,0.14862236380577087,0.9693446159362793,0.5552853941917419
YOR034C,YBR159W,0,-8.379377,0.14859828352928162,0.9693446159362793,0.5553911328315735
YMR264W,YFR033C,0,-8.379687,0.14857420325279236,0.9693446159362793,0.5554968118667603
YOR109W,YDR207C,0,-8.380385,0.1485501378774643,0.9693446159362793,0.5556025505065918
YML102W,YER068W,0,-8.380414,0.14852607250213623,0.9693446159362793,0.5557082295417786
YOR034C,YMR012W,0,-8.380921,0.14850202202796936,0.9693446159362793,0.5558139681816101
YMR035W,YBR192W,0,-8.381631,0.14847798645496368,0.9693446159362793,0.5559196472167969
YDR129C,YFL026W,0,-8.381818,0.14845393598079681,0.9693446159362793,0.5560253858566284
YAL031C,YDR235W,0,-8.382361,0.14842991530895233,0.9693446159362793,0.5561310648918152
YKR090W,YDL128W,0,-8.382413,0.14840589463710785,0.9693446159362793,0.5562368035316467
YPL048W,YOR075W,0,-8.382803,0.14838187396526337,0.9693446159362793,0.5563424825668335
YNL059C,YNL328C,0,-8.382869,0.14835786819458008,0.9693446159362793,0.556448221206665
YDR173C,YPL153C,0,-8.383134,0.14833387732505798,0.9693446159362793,0.5565539002418518
YKL185W,YNL097C,0,-8.383847,0.1483098864555359,0.9693446159362793,0.5566596388816833
YKL060C,YDR172W,0,-8.383997,0.1482858955860138,0.9693446159362793,0.5567653179168701
YKL192C,YJL072C,0,-8.384097,0.1482619196176529,0.9693446159362793,0.5568710565567017
YGL150C,YOL113W,0,-8.384193,0.14823795855045319,0.9693446159362793,0.5569767355918884
YDR142C,YIL031W,0,-8.384774,0.14821399748325348,0.9693446159362793,0.55708247423172
YFL024C,YDR322C-A,0,-8.385032,0.14819005131721497,0.9693446159362793,0.5571881532669067
YDL166C,YJR160C,0,-8.385104,0.14816610515117645,0.9693446159362793,0.5572938919067383
YOL147C,YCR102C,0,-8.385181,0.14814215898513794,0.9693446159362793,0.557399570941925
YBR038W,YHR034C,0,-8.385255,0.14811824262142181,0.9693446159362793,0.5575053095817566
YOL031C,YML131W,0,-8.385956,0.1480943113565445,0.9693446159362793,0.5576109886169434
YPL194W,YFL034C-B,0,-8.386123,0.14807039499282837,0.9693446159362793,0.5577167272567749
YPL048W,YPR190C,0,-8.386218,0.14804649353027344,0.9693446159362793,0.5578224062919617
YHR191C,YBL006C,0,-8.386221,0.1480225920677185,0.9693446159362793,0.5579281449317932
YLR147C,YLR369W,0,-8.386793,0.14799870550632477,0.9693446159362793,0.55803382396698
YNR044W,YPR120C,0,-8.387334,0.14797483384609222,0.9693446159362793,0.5581395626068115
YMR065W,YGL143C,0,-8.387531,0.1479509472846985,0.9693446159362793,0.5582452416419983
YLL022C,YPR181C,0,-8.387645,0.14792709052562714,0.9693446159362793,0.5583509802818298
YOR209C,YNL279W,0,-8.38769,0.1479032188653946,0.9693446159362793,0.5584566593170166
YHR001W,YDL236W,0,-8.387855,0.14787937700748444,0.9693446159362793,0.5585623383522034
YBR065C,YCR024C-A,0,-8.387984,0.14785553514957428,0.9693446159362793,0.5586680769920349
YER142C,YBL034C,0,-8.388162,0.14783169329166412,0.9693446159362793,0.5587737560272217
YJR089W,YOR313C,0,-8.3882265,0.14780786633491516,0.9693446159362793,0.5588794946670532
YPL275W,YDL076C,0,-8.38902,0.1477840393781662,0.9693446159362793,0.55898517370224
YOR198C,YBR250W,0,-8.38918,0.14776022732257843,0.9693446159362793,0.5590909123420715
YNL097C,YGR082W,0,-8.389861,0.14773643016815186,0.9693446159362793,0.5591965913772583
YER177W,YDL216C,0,-8.39033,0.14771263301372528,0.9693446159362793,0.5593023300170898
YMR275C,YPL268W,0,-8.390655,0.1476888358592987,0.9693446159362793,0.5594080090522766
YAL054C,YGR284C,0,-8.3911085,0.14766505360603333,0.9693446159362793,0.5595137476921082
YPL048W,YDR270W,0,-8.391213,0.14764128625392914,0.9693446159362793,0.5596194267272949
YDR163W,YNL210W,0,-8.391229,0.14761751890182495,0.9693446159362793,0.5597251653671265
YGR156W,YML013W,0,-8.391372,0.14759375154972076,0.9693446159362793,0.5598308444023132
YOR320C,YPL082C,0,-8.391385,0.14756999909877777,0.9693446159362793,0.5599365830421448
YJL010C,YNL304W,0,-8.391788,0.14754626154899597,0.9693446159362793,0.5600422620773315
YAL044C,YHR135C,0,-8.391807,0.14752252399921417,0.9693446159362793,0.5601480007171631
YKL009W,YML025C,1,-8.39194,0.14765964448451996,0.9704017043113708,0.5601480007171631
YGL151W,YGL162W,0,-8.392358,0.14763589203357697,0.9704017043113708,0.5602536797523499
YPL021W,YPL097W,0,-8.392758,0.14761215448379517,0.9704017043113708,0.5603594183921814
YJL092W,YIL063C,0,-8.3934355,0.14758843183517456,0.9704017043113708,0.5604650974273682
YMR260C,YAR009C,0,-8.393657,0.14756469428539276,0.9704017043113708,0.5605708360671997
YDR301W,YDR055W,0,-8.394179,0.14754098653793335,0.9704017043113708,0.5606765151023865
YCR081W,YPL239W,0,-8.394545,0.14751727879047394,0.9704017043113708,0.560782253742218
YHR188C,YDR247W,0,-8.395076,0.14749357104301453,0.9704017043113708,0.5608879327774048
YML058W-A,YKL056C,0,-8.395937,0.1474698781967163,0.9704017043113708,0.5609936714172363
YGR267C,YGR249W,0,-8.396018,0.14744620025157928,0.9704017043113708,0.5610993504524231
YCR089W,YBR009C,0,-8.396394,0.14742250740528107,0.9704017043113708,0.5612050890922546
YOR362C,YBR289W,0,-8.397462,0.14739884436130524,0.9704017043113708,0.5613107681274414
YLR303W,YPR188C,0,-8.397475,0.1473751813173294,0.9704017043113708,0.561416506767273
YPL202C,YAL035W,0,-8.397539,0.14735151827335358,0.9704017043113708,0.5615221858024597
YMR150C,YDR478W,0,-8.397658,0.14732787013053894,0.9704017043113708,0.5616279244422913
YMR234W,YNL126W,0,-8.398028,0.1473042368888855,0.9704017043113708,0.561733603477478
YJL168C,YPR080W,0,-8.398641,0.14728060364723206,0.9704017043113708,0.5618393421173096
YOL051W,YDR495C,0,-8.398929,0.1472569853067398,0.9704017043113708,0.5619450211524963
YDR329C,YDR322C-A,0,-8.398985,0.14723336696624756,0.9704017043113708,0.5620507597923279
YLR368W,YGL011C,0,-8.399038,0.1472097486257553,0.9704017043113708,0.5621564388275146
YMR014W,YLR301W,0,-8.399071,0.14718614518642426,0.9704017043113708,0.5622621774673462
YDR238C,YHR196W,0,-8.399074,0.1471625566482544,0.9704017043113708,0.562367856502533
YOL108C,YGL055W,0,-8.399549,0.14713896811008453,0.9704017043113708,0.5624735951423645
YGR227W,YHR090C,0,-8.400601,0.14711537957191467,0.9704017043113708,0.5625792741775513
YGR218W,YER041W,0,-8.40096,0.147091805934906,0.9704017043113708,0.5626850128173828
YOL110W,YIR018W,0,-8.401393,0.14706824719905853,0.9704017043113708,0.5627906918525696
YLL026W,YOR211C,0,-8.4020815,0.14704468846321106,0.9704017043113708,0.5628964304924011
YDR448W,YGL097W,0,-8.402132,0.14702114462852478,0.9704017043113708,0.5630021095275879
YML102W,YGR222W,0,-8.402181,0.1469976007938385,0.9704017043113708,0.5631078481674194
YJL146W,YLR277C,0,-8.402848,0.14697405695915222,0.9704017043113708,0.5632135272026062
YJR092W,YCR073W-A,0,-8.403007,0.14695054292678833,0.9704017043113708,0.5633192658424377
YFL034C-B,YDR457W,0,-8.403226,0.14692701399326324,0.9704017043113708,0.5634249448776245
YDR377W,YOR132W,0,-8.403329,0.14690349996089935,0.9704017043113708,0.563530683517456
YEL015W,YIL077C,0,-8.403453,0.14688000082969666,0.9704017043113708,0.5636363625526428
YNL318C,YJL124C,0,-8.403622,0.14685650169849396,0.9704017043113708,0.5637421011924744
YNL030W,YDR142C,0,-8.403871,0.14683301746845245,0.9704017043113708,0.5638477802276611
YBR029C,YER019W,0,-8.403958,0.14680953323841095,0.9704017043113708,0.5639534592628479
YLR382C,YLR135W,0,-8.404744,0.14678606390953064,0.9704017043113708,0.5640591979026794
YIL051C,YBR073W,0,-8.405133,0.14676259458065033,0.9704017043113708,0.5641648769378662
YBL080C,YDR363W-A,0,-8.405659,0.14673912525177002,0.9704017043113708,0.5642706155776978
YGL003C,YNL098C,0,-8.405871,0.1467156857252121,0.9704017043113708,0.5643762946128845
YCR093W,YCL055W,0,-8.40594,0.14669223129749298,0.9704017043113708,0.5644820332527161
YOL045W,YBR165W,0,-8.406331,0.14666879177093506,0.9704017043113708,0.5645877122879028
YDR173C,YOL128C,0,-8.4070015,0.14664536714553833,0.9704017043113708,0.5646934509277344
YPL118W,YPL151C,0,-8.407407,0.1466219425201416,0.9704017043113708,0.5647991299629211
YDR205W,YDL052C,0,-8.407769,0.14659853279590607,0.9704017043113708,0.5649048686027527
YLL013C,YOR076C,0,-8.407799,0.14657512307167053,0.9704017043113708,0.5650105476379395
YOR030W,YGR060W,0,-8.4079485,0.1465517282485962,0.9704017043113708,0.565116286277771
YOR171C,YIL105C,0,-8.40812,0.14652833342552185,0.9704017043113708,0.5652219653129578
YDL149W,YGR060W,0,-8.408282,0.1465049535036087,0.9704017043113708,0.5653277039527893
YJL092W,YEL032W,0,-8.408497,0.14648157358169556,0.9704017043113708,0.5654333829879761
YPR057W,YCR073C,0,-8.40856,0.1464581936597824,0.9704017043113708,0.5655391216278076
YBR107C,YKL080W,0,-8.408599,0.14643484354019165,0.9704017043113708,0.5656448006629944
YNL219C,YBL039C,0,-8.4096365,0.1464114785194397,0.9704017043113708,0.5657505393028259
YLR068W,YHR158C,0,-8.409741,0.14638814330101013,0.9704017043113708,0.5658562183380127
YML069W,YER012W,0,-8.409862,0.14636479318141937,0.9704017043113708,0.5659619569778442
YPL118W,YOL121C,0,-8.409944,0.1463414579629898,0.9704017043113708,0.566067636013031
YGR074W,YNL263C,0,-8.4102,0.14631813764572144,0.9704017043113708,0.5661733746528625
YDR244W,YBL061C,0,-8.410211,0.14629481732845306,0.9704017043113708,0.5662790536880493
YDL022W,YHL036W,0,-8.411028,0.1462715119123459,0.9704017043113708,0.5663847923278809
YGR145W,YDR451C,0,-8.411477,0.1462482064962387,0.9704017043113708,0.5664904713630676
YCL026C-A,YOL034W,0,-8.411719,0.14622491598129272,0.9704017043113708,0.5665962100028992
YOR351C,YDL106C,0,-8.412425,0.14620162546634674,0.9704017043113708,0.5667018890380859
YJR078W,YLR382C,0,-8.413114,0.14617834985256195,0.9704017043113708,0.5668076276779175
YKL175W,YBL100W-B,0,-8.413624,0.14615507423877716,0.9704017043113708,0.5669133067131042
YAL047C,YOR162C,0,-8.413652,0.14613179862499237,0.9704017043113708,0.5670190453529358
YCR093W,YHR031C,0,-8.414233,0.14610855281352997,0.9704017043113708,0.5671247243881226
YKL043W,YGL098W,0,-8.414258,0.14608529210090637,0.9704017043113708,0.5672304630279541
YDR317W,YDR490C,0,-8.414636,0.14606204628944397,0.9704017043113708,0.5673361420631409
YJL092W,YKL212W,0,-8.414874,0.14603881537914276,0.9704017043113708,0.5674418807029724
YOR179C,YGR141W,0,-8.415015,0.14601558446884155,0.9704017043113708,0.5675475597381592
YOR056C,YKL095W,0,-8.415279,0.14599236845970154,0.9704017043113708,0.5676532983779907
YMR250W,YDR314C,0,-8.415479,0.14596915245056152,0.9704017043113708,0.5677589774131775
YCR012W,YNL090W,0,-8.415758,0.1459459513425827,0.9704017043113708,0.567864716053009
YBL033C,YEL050C,0,-8.416349,0.14592275023460388,0.9704017043113708,0.5679703950881958
YKL190W,YOR073W,0,-8.417306,0.14589954912662506,0.9704017043113708,0.5680761337280273
YOL151W,YLR328W,0,-8.418714,0.14587637782096863,0.9704017043113708,0.5681818127632141
YLR085C,YHR059W,0,-8.4190855,0.145853191614151,0.9704017043113708,0.5682875514030457
YOR002W,YBR006W,0,-8.419473,0.14583002030849457,0.9704017043113708,0.5683932304382324
YMR301C,YJL113W,0,-8.419947,0.14580686390399933,0.9704017043113708,0.568498969078064
YOL026C,YBR077C,0,-8.420135,0.1457837074995041,0.9704017043113708,0.5686046481132507
YHR193C,YPL097W,0,-8.420802,0.14576056599617004,0.9704017043113708,0.5687103867530823
YNL273W,YIL039W,0,-8.421146,0.145737424492836,0.9704017043113708,0.568816065788269
YGL194C,YGR047C,0,-8.42201,0.14571428298950195,0.9704017043113708,0.5689218044281006
YIL051C,YHR079C-A,0,-8.422229,0.1456911563873291,0.9704017043113708,0.5690274834632874
YDR096W,YMR216C,0,-8.422386,0.14566804468631744,0.9704017043113708,0.5691332221031189
YHR011W,YCL075W,0,-8.422445,0.1456449329853058,0.9704017043113708,0.5692389011383057
YBR217W,YAR019C,0,-8.422668,0.14562182128429413,0.9704017043113708,0.5693445801734924
YDR058C,YDR372C,0,-8.422895,0.14559872448444366,0.9704017043113708,0.569450318813324
YLR181C,YNL107W,0,-8.42299,0.1455756425857544,0.9704017043113708,0.5695559978485107
YMR272C,YPL180W,0,-8.423042,0.14555256068706512,0.9704017043113708,0.5696617364883423
YIR018W,YDR131C,0,-8.423058,0.14552949368953705,0.9704017043113708,0.569767415523529
YLR242C,YBR040W,0,-8.423621,0.14550642669200897,0.9704017043113708,0.5698731541633606
YGR262C,YNL004W,0,-8.424506,0.1454833596944809,0.9704017043113708,0.5699788331985474
YBR107C,YER022W,0,-8.425265,0.145460307598114,0.9704017043113708,0.5700845718383789
YLR431C,YGR216C,0,-8.425994,0.14543725550174713,0.9704017043113708,0.5701902508735657
YOR037W,YGL244W,0,-8.426114,0.14541421830654144,0.9704017043113708,0.5702959895133972
YER107C,YML092C,0,-8.426177,0.14539119601249695,0.9704017043113708,0.570401668548584
YER032W,YJL154C,0,-8.4274025,0.14536817371845245,0.9704017043113708,0.5705074071884155
YHR034C,YBR048W,0,-8.427636,0.14534515142440796,0.9704017043113708,0.5706130862236023
YLR309C,YNL264C,0,-8.428068,0.14532214403152466,0.9704017043113708,0.5707188248634338
YGR186W,YER031C,0,-8.428506,0.14529915153980255,0.9704017043113708,0.5708245038986206
YFL041W,YML131W,0,-8.429093,0.14527614414691925,0.9704017043113708,0.5709302425384521
YDL143W,YMR039C,0,-8.4294405,0.14525316655635834,0.9704017043113708,0.5710359215736389
YPL076W,YIL018W,0,-8.429957,0.14523018896579742,0.9704017043113708,0.5711416602134705
YBR110W,YLR298C,0,-8.4301,0.1452072113752365,0.9704017043113708,0.5712473392486572
YAL058W,YIR041W,0,-8.430114,0.1451842486858368,0.9704017043113708,0.5713530778884888
YGL243W,YDR460W,0,-8.430352,0.14516128599643707,0.9704017043113708,0.5714587569236755
YOR320C,YBL103C,0,-8.430669,0.14513833820819855,0.9704017043113708,0.5715644955635071
YBR179C,YOR290C,0,-8.430696,0.14511539041996002,0.9704017043113708,0.5716701745986938
YER117W,YFL026W,0,-8.430713,0.1450924575328827,0.9704017043113708,0.5717759132385254
YGR249W,YBL025W,0,-8.431104,0.14506953954696655,0.9704017043113708,0.5718815922737122
YOL094C,YDR388W,0,-8.431786,0.14504660665988922,0.9704017043113708,0.5719873309135437
YJR040W,YNL032W,0,-8.4324255,0.14502370357513428,0.9704017043113708,0.5720930099487305
YHR107C,YJR004C,0,-8.432668,0.14500078558921814,0.9704017043113708,0.572198748588562
YJL117W,YNL250W,0,-8.432929,0.1449778974056244,0.9704017043113708,0.5723044276237488
YPR121W,YOR060C,0,-8.432998,0.14495499432086945,0.9704017043113708,0.5724101662635803
YKL016C,YPL242C,0,-8.433246,0.1449321061372757,0.9704017043113708,0.5725158452987671
YOR026W,YIR025W,0,-8.433501,0.14490923285484314,0.9704017043113708,0.5726215839385986
YBR179C,YKL152C,0,-8.433635,0.14488635957241058,0.9704017043113708,0.5727272629737854
YIL010W,YPR042C,0,-8.433683,0.14486350119113922,0.9704017043113708,0.5728330016136169
YOL009C,YCL043C,0,-8.43373,0.14484064280986786,0.9704017043113708,0.5729386806488037
YFR046C,YFR005C,0,-8.433933,0.1448177993297577,0.9704017043113708,0.5730444192886353
YBR272C,YGL163C,0,-8.434789,0.14479495584964752,0.9704017043113708,0.573150098323822
YBR294W,YJL154C,0,-8.434848,0.14477211236953735,0.9704017043113708,0.5732558369636536
YGL039W,YPL144W,0,-8.434857,0.14474928379058838,0.9704017043113708,0.5733615159988403
YGL238W,YNL311C,0,-8.435634,0.1447264701128006,0.9704017043113708,0.5734672546386719
YPL085W,YBL055C,0,-8.435865,0.14470365643501282,0.9704017043113708,0.5735729336738586
YLR423C,YPR052C,0,-8.436284,0.14468085765838623,0.9704017043113708,0.5736786723136902
YKL054C,YMR087W,0,-8.436367,0.14465805888175964,0.9704017043113708,0.573784351348877
YPR201W,YHR086W,0,-8.436807,0.14463526010513306,0.9704017043113708,0.5738900899887085
YBR103W,YBR284W,0,-8.437175,0.14461247622966766,0.9704017043113708,0.5739957690238953
YFR029W,YHR048W,0,-8.437259,0.14458969235420227,0.9704017043113708,0.5741015076637268
YBL063W,YGR264C,0,-8.437629,0.14456692337989807,0.9704017043113708,0.5742071866989136
YBR010W,YNR049C,0,-8.438292,0.14454416930675507,0.9704017043113708,0.5743129253387451
YMR214W,YBR182C,0,-8.438981,0.14452141523361206,0.9704017043113708,0.5744186043739319
YHR142W,YBR049C,0,-8.439733,0.14449866116046906,0.9704017043113708,0.5745242834091187
YBR256C,YBR289W,0,-8.43975,0.14447592198848724,0.9704017043113708,0.5746300220489502
YPR111W,YLR214W,0,-8.440116,0.14445318281650543,0.9704017043113708,0.574735701084137
YOR147W,YHR034C,0,-8.441059,0.14443045854568481,0.9704017043113708,0.5748414397239685
YER051W,YBR198C,0,-8.441205,0.1444077342748642,0.9704017043113708,0.5749471187591553
YMR001C,YGL001C,0,-8.441261,0.14438502490520477,0.9704017043113708,0.5750528573989868
YOL016C,YMR231W,0,-8.441478,0.14436231553554535,0.9704017043113708,0.5751585364341736
YBR186W,YCL004W,0,-8.442202,0.14433962106704712,0.9704017043113708,0.5752642750740051
YDR440W,YCR060W,0,-8.442227,0.1443169265985489,0.9704017043113708,0.5753699541091919
YIL124W,YLR303W,0,-8.442363,0.14429424703121185,0.9704017043113708,0.5754756927490234
YKL032C,YOL045W,0,-8.442544,0.14427156746387482,0.9704017043113708,0.5755813717842102
YPR030W,YLR347C,0,-8.442697,0.14424890279769897,0.9704017043113708,0.5756871104240417
YKL185W,YJL050W,0,-8.442794,0.14422623813152313,0.9704017043113708,0.5757927894592285
YDL155W,YDR065W,0,-8.443207,0.14420358836650848,0.9704017043113708,0.5758985280990601
YNL026W,YIL029C,0,-8.44386,0.14418093860149384,0.9704017043113708,0.5760042071342468
YDR046C,YEL016C,0,-8.444017,0.1441582888364792,0.9704017043113708,0.5761099457740784
YDR171W,YDR208W,0,-8.4440975,0.14413565397262573,0.9704017043113708,0.5762156248092651
YMR287C,YHR203C,0,-8.444804,0.14411303400993347,0.9704017043113708,0.5763213634490967
YBL003C,YOR129C,0,-8.444869,0.1440904140472412,0.9704017043113708,0.5764270424842834
YOL165C,YOR304W,0,-8.444917,0.14406779408454895,0.9704017043113708,0.576532781124115
YPR122W,YML127W,0,-8.445292,0.14404518902301788,0.9704017043113708,0.5766384601593018
YLR103C,YBL013W,0,-8.445397,0.144022598862648,0.9704017043113708,0.5767441987991333
YLR084C,YKL212W,0,-8.445659,0.14399999380111694,0.9704017043113708,0.5768498778343201
YFL013C,YIL017C,0,-8.446094,0.14397741854190826,0.9704017043113708,0.5769556164741516
YNL098C,YDL064W,0,-8.446269,0.14395484328269958,0.9704017043113708,0.5770612955093384
YMR113W,YBR006W,0,-8.44645,0.1439322680234909,0.9704017043113708,0.5771670341491699
YBR088C,YJR104C,0,-8.446616,0.14390970766544342,0.9704017043113708,0.5772727131843567
YLR411W,YBL055C,0,-8.447267,0.14388714730739594,0.9704017043113708,0.5773784518241882
YIL040W,YDL245C,0,-8.447423,0.14386460185050964,0.9704017043113708,0.577484130859375
YGL090W,YPR074C,0,-8.447576,0.14384205639362335,0.9704017043113708,0.5775898694992065
YER161C,YOL105C,0,-8.447751,0.14381952583789825,0.9704017043113708,0.5776955485343933
YML062C,YMR167W,0,-8.447931,0.14379699528217316,0.9704017043113708,0.5778012871742249
YOR181W,YIL138C,0,-8.448131,0.14377446472644806,0.9704017043113708,0.5779069662094116
YPL167C,YMR060C,0,-8.449409,0.14375196397304535,0.9704017043113708,0.5780127048492432
YNL278W,YGR179C,0,-8.44942,0.14372944831848145,0.9704017043113708,0.5781183838844299
YBR109C,YOR179C,0,-8.449489,0.14370694756507874,0.9704017043113708,0.5782241225242615
YKL114C,YAR033W,0,-8.449801,0.14368446171283722,0.9704017043113708,0.5783298015594482
YPL248C,YML064C,0,-8.450255,0.1436619758605957,0.9704017043113708,0.5784355401992798
YOR039W,YFL059W,0,-8.451425,0.1436394900083542,0.9704017043113708,0.5785412192344666
YDR363W,YAL031C,0,-8.451484,0.14361701905727386,0.9704017043113708,0.5786469578742981
YCL017C,YLR166C,0,-8.4520855,0.14359456300735474,0.9704017043113708,0.5787526369094849
YJL167W,YHR027C,0,-8.4530325,0.14357209205627441,0.9704017043113708,0.5788583755493164
YOR361C,YIL084C,0,-8.453609,0.14354965090751648,0.9704017043113708,0.5789640545845032
YJL014W,YFL041W,0,-8.453682,0.14352720975875854,0.9704017043113708,0.5790697932243347
YGL062W,YEL037C,0,-8.454062,0.1435047686100006,0.9704017043113708,0.5791754722595215
YIL042C,YDL225W,0,-8.454801,0.14348234236240387,0.9704017043113708,0.579281210899353
YPL127C,YDR397C,0,-8.454946,0.14345991611480713,0.9704017043113708,0.5793868899345398
YER111C,YLR435W,0,-8.455185,0.14343750476837158,0.9704017043113708,0.5794926285743713
YER089C,YMR061W,0,-8.456179,0.14341509342193604,0.9704017043113708,0.5795983076095581
YLR106C,YGR220C,1,-8.456779,0.1435488909482956,0.9714587926864624,0.5795983076095581
YOL088C,YKL095W,0,-8.457021,0.14352646470069885,0.9714587926864624,0.5797040462493896
YPL152W,YBR175W,0,-8.457284,0.1435040533542633,0.9714587926864624,0.5798097252845764
YPR135W,YBR121C,0,-8.457581,0.14348165690898895,0.9714587926864624,0.5799154043197632
YPR141C,YML114C,0,-8.458168,0.1434592604637146,0.9714587926864624,0.5800211429595947
YDL243C,YDR145W,0,-8.458263,0.14343686401844025,0.9714587926864624,0.5801268219947815
YBR205W,YFR040W,0,-8.458848,0.1434144824743271,0.9714587926864624,0.580232560634613
YMR044W,YKL144C,0,-8.459865,0.14339210093021393,0.9714587926864624,0.5803382396697998
YGL200C,YIL066C,0,-8.460145,0.14336973428726196,0.9714587926864624,0.5804439783096313
YDR168W,YGR270W,0,-8.4606905,0.14334736764431,0.9714587926864624,0.5805496573448181
YLR423C,YER013W,0,-8.4608755,0.14332501590251923,0.9714587926864624,0.5806553959846497
YNL210W,YML105C,0,-8.4608965,0.14330266416072845,0.9714587926864624,0.5807610750198364
YLR335W,YOR060C,0,-8.460961,0.14328032732009888,0.9714587926864624,0.580866813659668
YBR179C,YOR351C,0,-8.461329,0.1432579904794693,0.9714587926864624,0.5809724926948547
YHR160C,YNL257C,0,-8.461992,0.14323565363883972,0.9714587926864624,0.5810782313346863
YDL006W,YKR079C,0,-8.462398,0.14321334660053253,0.9714587926864624,0.581183910369873
YLR098C,YAR031W,0,-8.462551,0.14319102466106415,0.9714587926864624,0.5812896490097046
YDR163W,YMR067C,0,-8.462719,0.14316871762275696,0.9714587926864624,0.5813953280448914
YPR200C,YHR055C,0,-8.46418,0.14314641058444977,0.9714587926864624,0.5815010666847229
YBL040C,YBR092C,0,-8.46424,0.14312411844730377,0.9714587926864624,0.5816067457199097
YJL101C,YER074W-A,0,-8.464677,0.14310184121131897,0.9714587926864624,0.5817124843597412
YER038C,YOR103C,0,-8.465247,0.14307956397533417,0.9714587926864624,0.581818163394928
YGR078C,YLL017W,0,-8.465367,0.14305728673934937,0.9714587926864624,0.5819239020347595
YGR132C,YAR042W,0,-8.46548,0.14303502440452576,0.9714587926864624,0.5820295810699463
YKL005C,YNL099C,0,-8.4657755,0.14301276206970215,0.9714587926864624,0.5821353197097778
YDR302W,YNL279W,0,-8.46584,0.14299051463603973,0.9714587926864624,0.5822409987449646
YGR268C,YOL026C,0,-8.466199,0.14296826720237732,0.9714587926864624,0.5823467373847961
YHR019C,YIL095W,0,-8.466598,0.1429460197687149,0.9714587926864624,0.5824524164199829
YOR008C,YDR325W,0,-8.466795,0.14292380213737488,0.9714587926864624,0.5825581550598145
YNL008C,YOR304W,0,-8.466983,0.14290156960487366,0.9714587926864624,0.5826638340950012
YJL090C,YBR066C,0,-8.467526,0.14287935197353363,0.9714587926864624,0.5827695727348328
YKR063C,YBR279W,0,-8.467811,0.1428571492433548,0.9714587926864624,0.5828752517700195
YJL134W,YHR143W-A,0,-8.467981,0.14283494651317596,0.9714587926864624,0.5829809904098511
YKR097W,YBL050W,0,-8.468307,0.14281274378299713,0.9714587926864624,0.5830866694450378
YAL032C,YKR057W,0,-8.468354,0.1427905559539795,0.9714587926864624,0.5831924080848694
YJL208C,YDR135C,0,-8.46847,0.14276836812496185,0.9714587926864624,0.5832980871200562
YGL016W,YNL129W,0,-8.468549,0.1427461951971054,0.9714587926864624,0.5834038257598877
YFL009W,YHR039C-A,0,-8.469326,0.14272402226924896,0.9714587926864624,0.5835095047950745
YBR036C,YDR345C,0,-8.46937,0.1427018642425537,0.9714587926864624,0.583615243434906
YDL220C,YPL033C,0,-8.469385,0.14267970621585846,0.9714587926864624,0.5837209224700928
YMR298W,YBR223C,0,-8.469644,0.1426575630903244,0.9714587926864624,0.5838266611099243
YDR281C,YML015C,0,-8.469711,0.14263541996479034,0.9714587926864624,0.5839323401451111
YBL024W,YML098W,0,-8.46972,0.1426132768392563,0.9714587926864624,0.5840380787849426
YNL202W,YPL180W,0,-8.469921,0.14259114861488342,0.9714587926864624,0.5841437578201294
YNL004W,YIL109C,0,-8.470062,0.14256903529167175,0.9714587926864624,0.5842494964599609
YBR009C,YDR456W,0,-8.470448,0.14254692196846008,0.9714587926864624,0.5843551754951477
YDR365C,YML027W,0,-8.470662,0.1425248086452484,0.9714587926864624,0.5844609141349792
YFL003C,YPL208W,0,-8.471309,0.14250271022319794,0.9714587926864624,0.584566593170166
YPR052C,YGR296W,0,-8.472253,0.14248062670230865,0.9714587926864624,0.5846723318099976
YAL043C,YNL079C,0,-8.472598,0.14245852828025818,0.9714587926864624,0.5847780108451843
YDR511W,YNL286W,0,-8.473652,0.1424364596605301,0.9714587926864624,0.5848837494850159
YGR246C,YBR004C,0,-8.474118,0.1424143761396408,0.9714587926864624,0.5849894285202026
YBR060C,YNR039C,0,-8.474438,0.14239230751991272,0.9714587926864624,0.5850951671600342
YOR313C,YOR338W,0,-8.474618,0.14237025380134583,0.9714587926864624,0.585200846195221
YPL242C,YDR018C,0,-8.474723,0.14234820008277893,0.9714587926864624,0.5853065252304077
YPL016W,YGR111W,0,-8.475928,0.14232616126537323,0.9714587926864624,0.5854122638702393
YJR042W,YML029W,0,-8.475993,0.14230412244796753,0.9714587926864624,0.585517942905426
YAL013W,YDR159W,0,-8.476071,0.14228208363056183,0.9714587926864624,0.5856236815452576
YBR085W,YLR459W,0,-8.4762945,0.14226005971431732,0.9714587926864624,0.5857293605804443
YHR023W,YGR281W,0,-8.476363,0.142238050699234,0.9714587926864624,0.5858350992202759
YFR021W,YKL040C,0,-8.476603,0.1422160267829895,0.9714587926864624,0.5859407782554626
YLR411W,YDR057W,0,-8.476732,0.14219403266906738,0.9714587926864624,0.5860465168952942
YKL073W,YCR042C,0,-8.476753,0.14217202365398407,0.9714587926864624,0.586152195930481
YEL030W,YCR028C,0,-8.477018,0.14215004444122314,0.9714587926864624,0.5862579345703125
YCL014W,YPL132W,0,-8.477465,0.14212805032730103,0.9714587926864624,0.5863636136054993
YPL001W,YDR160W,0,-8.47774,0.1421060711145401,0.9714587926864624,0.5864693522453308
YGR261C,YPL022W,0,-8.478431,0.14208410680294037,0.9714587926864624,0.5865750312805176
YDL181W,YDR200C,0,-8.47859,0.14206214249134064,0.9714587926864624,0.5866807699203491
YHR116W,YDR103W,0,-8.478775,0.1420401781797409,0.9714587926864624,0.5867864489555359
YDL142C,YMR036C,0,-8.479339,0.14201822876930237,0.9714587926864624,0.5868921875953674
YPL106C,YDR320C,0,-8.479886,0.14199629426002502,0.9714587926864624,0.5869978666305542
YER001W,YER022W,0,-8.480275,0.14197435975074768,0.9714587926864624,0.5871036052703857
YDR106W,YHR183W,0,-8.480651,0.14195242524147034,0.9714587926864624,0.5872092843055725
YPR135W,YHR024C,0,-8.480761,0.1419305056333542,0.9714587926864624,0.587315022945404
YNR074C,YGL249W,0,-8.482715,0.14190858602523804,0.9714587926864624,0.5874207019805908
YER028C,YDR288W,0,-8.482792,0.14188668131828308,0.9714587926864624,0.5875264406204224
YDL069C,YNL293W,0,-8.482881,0.14186477661132812,0.9714587926864624,0.5876321196556091
YIR002C,YPR137W,0,-8.483201,0.14184287190437317,0.9714587926864624,0.5877378582954407
YPL202C,YNL248C,0,-8.483384,0.1418209820985794,0.9714587926864624,0.5878435373306274
YBL016W,YGL151W,0,-8.483406,0.14179910719394684,0.9714587926864624,0.587949275970459
YDL142C,YDR273W,0,-8.484233,0.14177723228931427,0.9714587926864624,0.5880549550056458
YFL039C,YKL029C,0,-8.486512,0.1417553573846817,0.9714587926864624,0.5881606936454773
YHL047C,YKR095W,0,-8.487375,0.14173349738121033,0.9714587926864624,0.5882663726806641
YDL100C,YCR037C,0,-8.487664,0.14171163737773895,0.9714587926864624,0.5883721113204956
YNL031C,YKL018W,0,-8.487922,0.14168979227542877,0.9714587926864624,0.5884777903556824
YNL323W,YPL124W,0,-8.488308,0.1416679471731186,0.9714587926864624,0.5885835289955139
YNL298W,YKL012W,0,-8.488795,0.1416461169719696,0.9714587926864624,0.5886892080307007
YMR095C,YLR301W,0,-8.488939,0.14162428677082062,0.9714587926864624,0.5887949466705322
YML128C,YGL115W,0,-8.489622,0.14160247147083282,0.9714587926864624,0.588900625705719
YMR319C,YLR337C,0,-8.48999,0.14158065617084503,0.9714587926864624,0.5890063643455505
YLR131C,YGR059W,0,-8.490546,0.14155884087085724,0.9714587926864624,0.5891120433807373
YDL029W,YDL143W,0,-8.490901,0.14153704047203064,0.9714587926864624,0.5892177820205688
YBR098W,YHR143W-A,0,-8.492166,0.14151524007320404,0.9714587926864624,0.5893234610557556
YPR141C,YIL084C,0,-8.492366,0.14149345457553864,0.9714587926864624,0.5894291996955872
YBL002W,YER178W,0,-8.493159,0.14147166907787323,0.9714587926864624,0.5895348787307739
YJR004C,YCL074W,0,-8.493788,0.14144989848136902,0.9714587926864624,0.5896406173706055
YMR220W,YLR371W,0,-8.4940405,0.1414281278848648,0.9714587926864624,0.5897462964057922
YCR028C,YCL039W,0,-8.494275,0.1414063721895218,0.9714587926864624,0.5898520350456238
YNL275W,YPL262W,0,-8.4946,0.14138461649417877,0.9714587926864624,0.5899577140808105
YJR139C,YGR202C,0,-8.495067,0.14136286079883575,0.9714587926864624,0.5900634527206421
YDL126C,YLR212C,0,-8.495716,0.14134112000465393,0.9714587926864624,0.5901691317558289
YPR002W,YLR107W,0,-8.495772,0.1413193941116333,0.9714587926864624,0.5902748703956604
YER032W,YER178W,0,-8.496495,0.14129766821861267,0.9714587926864624,0.5903805494308472
YDR393W,YPL203W,0,-8.496539,0.14127594232559204,0.9714587926864624,0.5904862284660339
YER088C,YML095C,0,-8.496619,0.1412542313337326,0.9714587926864624,0.5905919671058655
YBR199W,YNL032W,0,-8.496888,0.14123252034187317,0.9714587926864624,0.5906976461410522
YLR233C,YGR056W,0,-8.496969,0.14121082425117493,0.9714587926864624,0.5908033847808838
YAL058W,YBR207W,0,-8.4970045,0.14118912816047668,0.9714587926864624,0.5909090638160706
YDL132W,YGL172W,0,-8.497439,0.14116743206977844,0.9714587926864624,0.5910148024559021
YJR074W,YLR116W,0,-8.497575,0.1411457508802414,0.9714587926864624,0.5911204814910889
YOL043C,YNL045W,0,-8.497824,0.14112408459186554,0.9714587926864624,0.5912262201309204
YDL040C,YBR092C,0,-8.498614,0.1411024034023285,0.9714587926864624,0.5913318991661072
YNR059W,YML098W,0,-8.4988985,0.14108075201511383,0.9714587926864624,0.5914376378059387
YCR014C,YOR060C,0,-8.499269,0.14105910062789917,0.9714587926864624,0.5915433168411255
YNL278W,YLR266C,0,-8.499337,0.1410374492406845,0.9714587926864624,0.591649055480957
YGL229C,YGR116W,0,-8.499977,0.14101579785346985,0.9714587926864624,0.5917547345161438
YLR098C,YJL210W,0,-8.500252,0.14099417626857758,0.9714587926864624,0.5918604731559753
YDR301W,YCR039C,0,-8.500467,0.1409725397825241,0.9714587926864624,0.5919661521911621
YGR147C,YBR253W,0,-8.501657,0.14095091819763184,0.9714587926864624,0.5920718908309937
YMR142C,YLL024C,0,-8.501785,0.14092931151390076,0.9714587926864624,0.5921775698661804
YBR133C,YHR082C,0,-8.501849,0.14090768992900848,0.9714587926864624,0.592283308506012
YFR051C,YOL138C,0,-8.502202,0.1408860981464386,0.9714587926864624,0.5923889875411987
YOR056C,YBR114W,0,-8.502786,0.1408645063638687,0.9714587926864624,0.5924947261810303
YGR186W,YOR004W,0,-8.502827,0.14084291458129883,0.9714587926864624,0.592600405216217
YLR109W,YJR074W,0,-8.503462,0.14082132279872894,0.9714587926864624,0.5927061438560486
YLR459W,YHR161C,0,-8.5034895,0.14079976081848145,0.9714587926864624,0.5928118228912354
YAL026C,YML021C,0,-8.503991,0.14077818393707275,0.9714587926864624,0.5929175615310669
YBR155W,YGL066W,0,-8.504429,0.14075662195682526,0.9714587926864624,0.5930232405662537
YER126C,YML025C,1,-8.5045185,0.14088821411132812,0.972515881061554,0.5930232405662537
YKR009C,YEL034W,0,-8.504846,0.14086663722991943,0.972515881061554,0.5931289792060852
YDR017C,YLR368W,0,-8.504916,0.14084507524967194,0.972515881061554,0.593234658241272
YMR305C,YPL063W,0,-8.504981,0.14082351326942444,0.972515881061554,0.5933403968811035
YML071C,YGR155W,0,-8.505041,0.14080196619033813,0.972515881061554,0.5934460759162903
YJL108C,YGL207W,0,-8.50515,0.14078041911125183,0.972515881061554,0.5935518145561218
YJL122W,YML025C,1,-8.505191,0.14091187715530396,0.9735729098320007,0.5935518145561218
YGR220C,YIR012W,1,-8.505631,0.1410432904958725,0.9746299982070923,0.5935518145561218
YMR184W,YDL040C,0,-8.505884,0.1410217136144638,0.9746299982070923,0.5936574935913086
YBL006C,YGR081C,0,-8.50609,0.1410001516342163,0.9746299982070923,0.5937632322311401
YDR005C,YJR029W,0,-8.506284,0.1409785896539688,0.9746299982070923,0.5938689112663269
YAL017W,YPL106C,0,-8.506446,0.1409570425748825,0.9746299982070923,0.5939746499061584
YMR011W,YGR104C,0,-8.506499,0.1409354954957962,0.9746299982070923,0.5940803289413452
YLR222C,YNL213C,0,-8.506739,0.1409139484167099,0.9746299982070923,0.5941860675811768
YMR214W,YOR356W,0,-8.506812,0.1408924162387848,0.9746299982070923,0.5942917466163635
YDR416W,YBR123C,0,-8.506999,0.14087089896202087,0.9746299982070923,0.5943974852561951
YML132W,YMR285C,0,-8.507498,0.14084936678409576,0.9746299982070923,0.5945031642913818
YLR380W,YMR106C,0,-8.508139,0.14082786440849304,0.9746299982070923,0.5946089029312134
YHR107C,YNL253W,0,-8.50859,0.14080634713172913,0.9746299982070923,0.5947145819664001
YPL007C,YML028W,0,-8.508734,0.1407848596572876,0.9746299982070923,0.5948203206062317
YJR118C,YMR229C,0,-8.508986,0.14076335728168488,0.9746299982070923,0.5949259996414185
YBR107C,YDR281C,0,-8.509192,0.14074186980724335,0.9746299982070923,0.59503173828125
YMR083W,YGR036C,0,-8.509278,0.140720397233963,0.9746299982070923,0.5951374173164368
YIR025W,YPL154C,0,-8.509572,0.14069890975952148,0.9746299982070923,0.5952431559562683
YPL124W,YNL213C,0,-8.510685,0.14067745208740234,0.9746299982070923,0.5953488349914551
YOR275C,YKL041W,0,-8.510755,0.1406559944152832,0.9746299982070923,0.5954545736312866
YKL053C-A,YBR081C,0,-8.511067,0.14063453674316406,0.9746299982070923,0.5955602526664734
YOR099W,YKL081W,0,-8.511189,0.14061307907104492,0.9746299982070923,0.5956659913063049
YBR106W,YIL080W,0,-8.511488,0.14059165120124817,0.9746299982070923,0.5957716703414917
YGR170W,YCL033C,0,-8.5120325,0.14057020843029022,0.9746299982070923,0.5958773493766785
YOL101C,YOR076C,0,-8.512088,0.14054878056049347,0.9746299982070923,0.59598308801651
YDR251W,YOR229W,0,-8.512822,0.14052735269069672,0.9746299982070923,0.5960887670516968
YGL238W,YHR150W,0,-8.513196,0.14050593972206116,0.9746299982070923,0.5961945056915283
YNL055C,YKL095W,0,-8.513321,0.1404845416545868,0.9746299982070923,0.5963001847267151
YMR065W,YOR018W,0,-8.514054,0.14046312868595123,0.9746299982070923,0.5964059233665466
YBR223C,YCR102C,0,-8.514232,0.14044173061847687,0.9746299982070923,0.5965116024017334
YBR023C,YBR010W,0,-8.514297,0.1404203474521637,0.9746299982070923,0.5966173410415649
YNL009W,YNL201C,0,-8.514362,0.14039896428585052,0.9746299982070923,0.5967230200767517
YPR017C,YMR210W,0,-8.514842,0.14037758111953735,0.9746299982070923,0.5968287587165833
YOL061W,YFL026W,0,-8.515243,0.14035621285438538,0.9746299982070923,0.59693443775177
YJL020C,YDR151C,0,-8.515369,0.1403348594903946,0.9746299982070923,0.5970401763916016
YDR017C,YOR171C,0,-8.515529,0.1403135061264038,0.9746299982070923,0.5971458554267883
YBR040W,YGL100W,0,-8.515758,0.14029215276241302,0.9746299982070923,0.5972515940666199
YGR036C,YMR036C,0,-8.515969,0.14027079939842224,0.9746299982070923,0.5973572731018066
YNL173C,YDR137W,0,-8.516194,0.14024946093559265,0.9746299982070923,0.5974630117416382
YLR014C,YDR362C,0,-8.516532,0.14022813737392426,0.9746299982070923,0.597568690776825
YBR020W,YPL180W,0,-8.516562,0.14020681381225586,0.9746299982070923,0.5976744294166565
YKL029C,YAL001C,0,-8.517545,0.14018549025058746,0.9746299982070923,0.5977801084518433
YER051W,YKR072C,0,-8.517707,0.14016418159008026,0.9746299982070923,0.5978858470916748
YJR007W,YNL054W,0,-8.517988,0.14014287292957306,0.9746299982070923,0.5979915261268616
YBR021W,YJL207C,0,-8.518764,0.14012157917022705,0.9746299982070923,0.5980972647666931
YLR160C,YMR316W,0,-8.518968,0.14010028541088104,0.9746299982070923,0.5982029438018799
YLR160C,YOR297C,0,-8.519458,0.14007900655269623,0.9746299982070923,0.5983086824417114
YDL245C,YHR161C,0,-8.519667,0.1400577276945114,0.9746299982070923,0.5984143614768982
YML116W,YMR005W,0,-8.519805,0.1400364488363266,0.9746299982070923,0.5985201001167297
YDL059C,YOL122C,0,-8.519809,0.14001518487930298,0.9746299982070923,0.5986257791519165
YNL161W,YGL033W,0,-8.520423,0.13999392092227936,0.9746299982070923,0.598731517791748
YOR037W,YAL026C,0,-8.520497,0.13997267186641693,0.9746299982070923,0.5988371968269348
YBR107C,YLR298C,0,-8.520643,0.1399514228105545,0.9746299982070923,0.5989429354667664
YOR298C-A,YBL105C,0,-8.520656,0.13993018865585327,0.9746299982070923,0.5990486145019531
YAL026C,YDR343C,0,-8.520881,0.13990895450115204,0.9746299982070923,0.5991543531417847
YDR480W,YBR228W,0,-8.521341,0.1398877203464508,0.9746299982070923,0.5992600321769714
YBR109C,YOR048C,0,-8.521382,0.13986650109291077,0.9746299982070923,0.599365770816803
YDR434W,YDR177W,0,-8.523414,0.13984529674053192,0.9746299982070923,0.5994714498519897
YDR280W,YBR012W-B,0,-8.523643,0.13982407748699188,0.9746299982070923,0.5995771884918213
YPR122W,YGL106W,0,-8.5241,0.13980288803577423,0.9746299982070923,0.5996828675270081
YDR499W,YDL083C,0,-8.524356,0.13978168368339539,0.9746299982070923,0.5997886061668396
YIR022W,YDR002W,0,-8.524432,0.13976049423217773,0.9746299982070923,0.5998942852020264
YER051W,YDR077W,0,-8.5244875,0.13973931968212128,0.9746299982070923,0.6000000238418579
YGL223C,YCR065W,0,-8.5254755,0.13971814513206482,0.9746299982070923,0.6001057028770447
YNL250W,YOR315W,0,-8.525487,0.13969697058200836,0.9746299982070923,0.6002114415168762
YDL142C,YOL138C,0,-8.525516,0.1396758109331131,0.9746299982070923,0.600317120552063
YMR091C,YBL093C,0,-8.525636,0.13965465128421783,0.9746299982070923,0.6004228591918945
YAL040C,YNL318C,0,-8.525962,0.13963350653648376,0.9746299982070923,0.6005285382270813
YOR377W,YCR102C,0,-8.526363,0.1396123617887497,0.9746299982070923,0.6006342768669128
YJL063C,YHR039C,0,-8.526648,0.13959121704101562,0.9746299982070923,0.6007399559020996
YJR089W,YKL182W,0,-8.527643,0.13957008719444275,0.9746299982070923,0.6008456945419312
YOR347C,YBR182C,0,-8.527856,0.13954895734786987,0.9746299982070923,0.6009513735771179
YMR077C,YLL017W,0,-8.528139,0.1395278424024582,0.9746299982070923,0.6010571122169495
YKL048C,YCR034W,0,-8.52827,0.1395067274570465,0.9746299982070923,0.6011627912521362
YPR183W,YPL086C,0,-8.528296,0.13948562741279602,0.9746299982070923,0.601268470287323
YEL065W,YPL029W,0,-8.529164,0.13946452736854553,0.9746299982070923,0.6013742089271545
YPL195W,YNL055C,0,-8.529467,0.13944344222545624,0.9746299982070923,0.6014798879623413
YNL223W,YFR046C,0,-8.52967,0.13942235708236694,0.9746299982070923,0.6015856266021729
YGL106W,YEL019C,0,-8.529832,0.13940127193927765,0.9746299982070923,0.6016913056373596
YPL127C,YLR066W,0,-8.529837,0.13938020169734955,0.9746299982070923,0.6017970442771912
YER073W,YDR480W,0,-8.529967,0.13935913145542145,0.9746299982070923,0.6019027233123779
YDL003W,YCR067C,0,-8.531007,0.13933806121349335,0.9746299982070923,0.6020084619522095
YLR381W,YPL128C,0,-8.531369,0.13931702077388763,0.9746299982070923,0.6021141409873962
YPL097W,YPL208W,0,-8.531896,0.13929596543312073,0.9746299982070923,0.6022198796272278
YHR124W,YPR032W,0,-8.532037,0.13927492499351501,0.9746299982070923,0.6023255586624146
YAL021C,YOR147W,0,-8.532384,0.1392538845539093,0.9746299982070923,0.6024312973022461
YKL186C,YJR102C,0,-8.532901,0.13923285901546478,0.9746299982070923,0.6025369763374329
YOR249C,YDR258C,0,-8.533464,0.13921183347702026,0.9746299982070923,0.6026427149772644
YGL021W,YKR062W,0,-8.533856,0.13919082283973694,0.9746299982070923,0.6027483940124512
YER178W,YMR214W,0,-8.533923,0.1391698122024536,0.9746299982070923,0.6028541326522827
YDR437W,YJL034W,0,-8.533933,0.1391488015651703,0.9746299982070923,0.6029598116874695
YNL192W,YKL048C,0,-8.534394,0.13912780582904816,0.9746299982070923,0.603065550327301
YDR439W,YMR104C,0,-8.534987,0.13910682499408722,0.9746299982070923,0.6031712293624878
YBR109C,YOL138C,0,-8.535318,0.1390858292579651,0.9746299982070923,0.6032769680023193
YDR448W,YJL192C,0,-8.535497,0.13906486332416534,0.9746299982070923,0.6033826470375061
YOR123C,YDL147W,0,-8.535791,0.1390438824892044,0.9746299982070923,0.6034883856773376
YGR133W,YCR066W,0,-8.536621,0.13902291655540466,0.9746299982070923,0.6035940647125244
YJR031C,YDL235C,0,-8.536953,0.1390019655227661,0.9746299982070923,0.603699803352356
YPR019W,YML038C,0,-8.537332,0.13898099958896637,0.9746299982070923,0.6038054823875427
YML126C,YMR022W,0,-8.537705,0.138960063457489,0.9746299982070923,0.6039112210273743
YBR199W,YNL046W,0,-8.538388,0.13893912732601166,0.9746299982070923,0.604016900062561
YGL055W,YGR122W,0,-8.538659,0.1389181911945343,0.9746299982070923,0.6041226387023926
YBL084C,YOR332W,0,-8.539295,0.13889725506305695,0.9746299982070923,0.6042283177375793
YIL035C,YBL016W,0,-8.539388,0.13887633383274078,0.9746299982070923,0.6043340563774109
YDR141C,YLR219W,0,-8.539728,0.13885542750358582,0.9746299982070923,0.6044397354125977
YBL069W,YER019C-A,0,-8.5397625,0.13883450627326965,0.9746299982070923,0.6045454740524292
YNL159C,YOR299W,0,-8.540115,0.13881361484527588,0.9746299982070923,0.604651153087616
YDR276C,YML034W,0,-8.541464,0.1387927085161209,0.9746299982070923,0.6047568917274475
YLR183C,YLR410W,0,-8.542153,0.13877181708812714,0.9746299982070923,0.6048625707626343
YJL092W,YKL110C,0,-8.54247,0.13875094056129456,0.9746299982070923,0.6049683094024658
YJL170C,YAR002W,0,-8.54256,0.13873006403446198,0.9746299982070923,0.6050739884376526
YDL042C,YDL185W,0,-8.542878,0.1387091875076294,0.9746299982070923,0.6051797270774841
YDL236W,YJL168C,0,-8.543307,0.138688325881958,0.9746299982070923,0.6052854061126709
YHR055C,YNR072W,0,-8.54534,0.13866746425628662,0.9746299982070923,0.6053911447525024
YJR125C,YML123C,0,-8.545743,0.13864661753177643,0.9746299982070923,0.6054968237876892
YNL222W,YGR281W,0,-8.546593,0.13862577080726624,0.9746299982070923,0.6056025624275208
YBR211C,YGR258C,0,-8.54684,0.13860492408275604,0.9746299982070923,0.6057082414627075
YPL117C,YDR443C,0,-8.547488,0.13858409225940704,0.9746299982070923,0.6058139801025391
YOR147W,YJR010C-A,0,-8.54832,0.13856327533721924,0.9746299982070923,0.6059196591377258
YLR157C,YNL128W,0,-8.548937,0.13854244351387024,0.9746299982070923,0.6060253977775574
YKL032C,YGL257C,0,-8.549525,0.13852164149284363,0.9746299982070923,0.6061310768127441
YER012W,YJL141C,0,-8.549645,0.13850082457065582,0.9746299982070923,0.6062368154525757
YML049C,YLR249W,0,-8.549798,0.1384800225496292,0.9746299982070923,0.6063424944877625
YFL050C,YDR488C,0,-8.549919,0.1384592354297638,0.9746299982070923,0.6064481735229492
YCR093W,YNL004W,0,-8.550141,0.13843843340873718,0.9746299982070923,0.6065539121627808
YDR086C,YNR064C,0,-8.550252,0.13841766119003296,0.9746299982070923,0.6066595911979675
YKL025C,YKL178C,0,-8.550441,0.13839687407016754,0.9746299982070923,0.6067653298377991
YFL009W,YBR254C,0,-8.551202,0.13837610185146332,0.9746299982070923,0.6068710088729858
YOL116W,YDR386W,0,-8.552432,0.1383553445339203,0.9746299982070923,0.6069767475128174
YLR220W,YPR054W,0,-8.552455,0.13833458721637726,0.9746299982070923,0.6070824265480042
YIL035C,YIR006C,0,-8.552674,0.13831382989883423,0.9746299982070923,0.6071881651878357
YGR056W,YOR137C,0,-8.55423,0.1382930874824524,0.9746299982070923,0.6072938442230225
YBL084C,YGL219C,0,-8.554339,0.13827234506607056,0.9746299982070923,0.607399582862854
YLR107W,YGR081C,0,-8.554876,0.13825161755084991,0.9746299982070923,0.6075052618980408
YLR310C,YKL195W,0,-8.555116,0.13823089003562927,0.9746299982070923,0.6076110005378723
YKL020C,YDR135C,0,-8.555282,0.13821016252040863,0.9746299982070923,0.6077166795730591
YLR138W,YOL069W,0,-8.555891,0.13818944990634918,0.9746299982070923,0.6078224182128906
YJR092W,YLR147C,0,-8.556132,0.13816873729228973,0.9746299982070923,0.6079280972480774
YDL083C,YJL113W,0,-8.557139,0.13814803957939148,0.9746299982070923,0.6080338358879089
YFL029C,YFR005C,0,-8.557334,0.13812734186649323,0.9746299982070923,0.6081395149230957
YOR377W,YLR431C,0,-8.557345,0.13810664415359497,0.9746299982070923,0.6082452535629272
YLR157C,YLR292C,0,-8.558477,0.1380859613418579,0.9746299982070923,0.608350932598114
YBR065C,YOL124C,0,-8.558608,0.13806529343128204,0.9746299982070923,0.6084566712379456
YLR155C,YPL149W,0,-8.558772,0.13804461061954498,0.9746299982070923,0.6085623502731323
YDR236C,YDL064W,0,-8.559068,0.1380239576101303,0.9746299982070923,0.6086680889129639
YBR092C,YJR004C,0,-8.559645,0.13800328969955444,0.9746299982070923,0.6087737679481506
YDL079C,YGR099W,0,-8.560107,0.13798263669013977,0.9746299982070923,0.6088795065879822
YDL243C,YKL060C,0,-8.5603895,0.1379619985818863,0.9746299982070923,0.608985185623169
YLR157C,YGR024C,0,-8.561381,0.13794134557247162,0.9746299982070923,0.6090909242630005
YMR260C,YEL057C,0,-8.561837,0.13792072236537933,0.9746299982070923,0.6091966032981873
YMR277W,YCL069W,0,-8.562694,0.13790008425712585,0.9746299982070923,0.6093023419380188
YHL048W,YBR083W,0,-8.562946,0.13787946105003357,0.9746299982070923,0.6094080209732056
YHR068W,YPL283C,0,-8.563125,0.13785885274410248,0.9746299982070923,0.6095137596130371
YDL175C,YML099C,0,-8.563182,0.1378382444381714,0.9746299982070923,0.6096194386482239
YPL195W,YBL032W,0,-8.563658,0.1378176361322403,0.9746299982070923,0.6097251772880554
YPR183W,YLR051C,0,-8.563857,0.1377970427274704,0.9746299982070923,0.6098308563232422
YOR031W,YNL047C,0,-8.564204,0.1377764493227005,0.9746299982070923,0.6099365949630737
YIL051C,YOR188W,0,-8.564845,0.1377558708190918,0.9746299982070923,0.6100422739982605
YDR270W,YBR129C,0,-8.565143,0.1377352923154831,0.9746299982070923,0.610148012638092
YBR009C,YCL066W,0,-8.565665,0.1377147138118744,0.9746299982070923,0.6102536916732788
YBR004C,YJR160C,0,-8.565686,0.13769415020942688,0.9746299982070923,0.6103594303131104
YPL097W,YGR007W,0,-8.565737,0.13767358660697937,0.9746299982070923,0.6104651093482971
YLR067C,YGR239C,0,-8.566007,0.13765303790569305,0.9746299982070923,0.6105708479881287
YGR132C,YOR265W,0,-8.566217,0.13763248920440674,0.9746299982070923,0.6106765270233154
YER169W,YOR179C,0,-8.566509,0.13761194050312042,0.9746299982070923,0.610782265663147
YNR027W,YGL150C,0,-8.5668955,0.1375914067029953,0.9746299982070923,0.6108879446983337
YOR380W,YIL068C,0,-8.568288,0.13757087290287018,0.9746299982070923,0.6109936833381653
YPR121W,YOR344C,0,-8.5688925,0.13755035400390625,0.9746299982070923,0.611099362373352
YNL251C,YMR146C,0,-8.569013,0.13752983510494232,0.9746299982070923,0.6112051010131836
YGL247W,YOR373W,0,-8.569095,0.1375093162059784,0.9746299982070923,0.6113107800483704
YLR214W,YGR030C,0,-8.569639,0.13748881220817566,0.9746299982070923,0.6114165186882019
YGR144W,YER151C,0,-8.570024,0.13746832311153412,0.9746299982070923,0.6115221977233887
YDR175C,YCR008W,0,-8.57023,0.13744781911373138,0.9746299982070923,0.6116279363632202
YPL110C,YPR141C,0,-8.571118,0.13742733001708984,0.9746299982070923,0.611733615398407
YGR135W,YGR059W,0,-8.571145,0.1374068558216095,0.9746299982070923,0.6118392944335938
YJL128C,YMR268C,0,-8.571403,0.13738638162612915,0.9746299982070923,0.6119450330734253
YLR256W,YNL079C,0,-8.571609,0.1373659074306488,0.9746299982070923,0.6120507121086121
YNL245C,YER179W,0,-8.571969,0.13734544813632965,0.9746299982070923,0.6121564507484436
YHR043C,YHR023W,0,-8.572007,0.1373249888420105,0.9746299982070923,0.6122621297836304
YNL007C,YDL033C,0,-8.572091,0.13730454444885254,0.9746299982070923,0.6123678684234619
YBL016W,YLL017W,0,-8.572138,0.13728410005569458,0.9746299982070923,0.6124735474586487
YGL143C,YHL009C,0,-8.57228,0.13726365566253662,0.9746299982070923,0.6125792860984802
YDL134C,YPR161C,0,-8.572438,0.13724322617053986,0.9746299982070923,0.612684965133667
YMR268C,YIL167W,0,-8.572632,0.1372227966785431,0.9746299982070923,0.6127907037734985
YBL069W,YLR459W,0,-8.573118,0.13720238208770752,0.9746299982070923,0.6128963828086853
YDR363W-A,YNL311C,0,-8.573369,0.13718196749687195,0.9746299982070923,0.6130021214485168
YHR001W,YEL017C-A,0,-8.573741,0.13716155290603638,0.9746299982070923,0.6131078004837036
YAL043C,YBR223C,0,-8.574099,0.137141153216362,0.9746299982070923,0.6132135391235352
YKL055C,YBR284W,0,-8.574437,0.13712076842784882,0.9746299982070923,0.6133192181587219
YPL059W,YDR058C,0,-8.574517,0.13710036873817444,0.9746299982070923,0.6134249567985535
YNR075W,YPL171C,0,-8.575007,0.13707998394966125,0.9746299982070923,0.6135306358337402
YKR065C,YIR018W,0,-8.5755205,0.13705961406230927,0.9746299982070923,0.6136363744735718
YKR052C,YFL003C,0,-8.575838,0.13703924417495728,0.9746299982070923,0.6137420535087585
YDR479C,YPR178W,0,-8.576154,0.13701887428760529,0.9746299982070923,0.6138477921485901
YMR177W,YOR301W,0,-8.577018,0.1369985193014145,0.9746299982070923,0.6139534711837769
YDL216C,YNL131W,0,-8.577356,0.1369781643152237,0.9746299982070923,0.6140592098236084
YCL069W,YHR039C-A,0,-8.577642,0.1369578093290329,0.9746299982070923,0.6141648888587952
YKL208W,YOR085W,0,-8.5776615,0.1369374692440033,0.9746299982070923,0.6142706274986267
YNL286W,YHR187W,0,-8.577708,0.1369171440601349,0.9746299982070923,0.6143763065338135
YLR431C,YJL210W,0,-8.577891,0.13689680397510529,0.9746299982070923,0.614482045173645
YER169W,YJL052W,0,-8.578188,0.13687647879123688,0.9746299982070923,0.6145877242088318
YBR154C,YDR289C,0,-8.578521,0.13685616850852966,0.9746299982070923,0.6146934628486633
YOL121C,YKL095W,0,-8.57865,0.13683585822582245,0.9746299982070923,0.6147991418838501
YPR075C,YDL147W,0,-8.578761,0.13681554794311523,0.9746299982070923,0.6149048805236816
YOR008C,YPL128C,0,-8.579816,0.1367952525615692,0.9746299982070923,0.6150105595588684
YOR005C,YNL032W,0,-8.579882,0.1367749571800232,0.9746299982070923,0.6151162981987
YBR186W,YBR284W,0,-8.579885,0.13675467669963837,0.9746299982070923,0.6152219772338867
YLR411W,YDL195W,0,-8.580051,0.13673439621925354,0.9746299982070923,0.6153277158737183
YNL302C,YDR126W,0,-8.580137,0.1367141157388687,0.9746299982070923,0.615433394908905
YDR181C,YJR103W,0,-8.580426,0.13669385015964508,0.9746299982070923,0.6155391335487366
YDR283C,YJL102W,0,-8.580532,0.13667358458042145,0.9746299982070923,0.6156448125839233
YJL170C,YOL123W,0,-8.580912,0.136653333902359,0.9746299982070923,0.6157505512237549
YOR250C,YPR052C,0,-8.581475,0.13663308322429657,0.9746299982070923,0.6158562302589417
YNL123W,YMR106C,0,-8.582941,0.13661283254623413,0.9746299982070923,0.6159619688987732
YFR048W,YGL169W,0,-8.583127,0.13659259676933289,0.9746299982070923,0.61606764793396
YBR296C,YDR407C,0,-8.583402,0.13657236099243164,0.9746299982070923,0.6161733865737915
YLR399C,YHR161C,0,-8.583476,0.1365521401166916,0.9746299982070923,0.6162790656089783
YOR179C,YDR451C,0,-8.58356,0.13653190433979034,0.9746299982070923,0.6163848042488098
YMR311C,YOR060C,0,-8.583774,0.1365116983652115,0.9746299982070923,0.6164904832839966
YCR034W,YER138C,0,-8.584556,0.13649149239063263,0.9746299982070923,0.6165962219238281
YGL136C,YHR070W,0,-8.584575,0.13647128641605377,0.9746299982070923,0.6167019009590149
YDR320C,YDR322C-A,0,-8.584659,0.13645108044147491,0.9746299982070923,0.6168076395988464
YML071C,YIL048W,0,-8.585406,0.13643088936805725,0.9746299982070923,0.6169133186340332
YHR024C,YLR403W,0,-8.585545,0.13641071319580078,0.9746299982070923,0.6170190572738647
YKR054C,YLR452C,0,-8.586166,0.1363905370235443,0.9746299982070923,0.6171247363090515
YLR260W,YKR022C,0,-8.586522,0.13637036085128784,0.9746299982070923,0.6172304153442383
YGR188C,YMR106C,0,-8.586545,0.13635019958019257,0.9746299982070923,0.6173361539840698
YOR335C,YNL111C,0,-8.587043,0.1363300383090973,0.9746299982070923,0.6174418330192566
YML008C,YDR416W,0,-8.588309,0.13630987703800201,0.9746299982070923,0.6175475716590881
YKL053C-A,YLR183C,0,-8.588397,0.13628973066806793,0.9746299982070923,0.6176532506942749
YDR279W,YDR460W,0,-8.588417,0.13626958429813385,0.9746299982070923,0.6177589893341064
YPL059W,YCR020W-B,0,-8.588582,0.13624945282936096,0.9746299982070923,0.6178646683692932
YIR033W,YOL105C,0,-8.588641,0.13622932136058807,0.9746299982070923,0.6179704070091248
YGL226C-A,YJL204C,0,-8.58948,0.13620918989181519,0.9746299982070923,0.6180760860443115
YNL290W,YER123W,0,-8.590233,0.1361890733242035,0.9746299982070923,0.6181818246841431
YPR019W,YDL039C,0,-8.590924,0.1361689567565918,0.9746299982070923,0.6182875037193298
YNL207W,YNL131W,0,-8.591329,0.1361488550901413,0.9746299982070923,0.6183932423591614
YNL323W,YGL045W,0,-8.592796,0.1361287534236908,0.9746299982070923,0.6184989213943481
YDL022W,YMR036C,0,-8.592843,0.1361086517572403,0.9746299982070923,0.6186046600341797
YNL090W,YCR102C,0,-8.5932,0.136088564991951,0.9746299982070923,0.6187103390693665
YIL065C,YIL139C,0,-8.593576,0.13606847822666168,0.9746299982070923,0.618816077709198
YJL133W,YBR279W,0,-8.593689,0.13604840636253357,0.9746299982070923,0.6189217567443848
YLR110C,YOR001W,0,-8.593816,0.13602831959724426,0.9746299982070923,0.6190274953842163
YAL017W,YPL016W,0,-8.593879,0.13600826263427734,0.9746299982070923,0.6191331744194031
YOL151W,YER160C,0,-8.594539,0.13598820567131042,0.9746299982070923,0.6192389130592346
YKL190W,YBL025W,0,-8.594946,0.1359681487083435,0.9746299982070923,0.6193445920944214
YJR076C,YOL021C,0,-8.595128,0.1359480917453766,0.9746299982070923,0.6194503307342529
YMR011W,YBL006C,0,-8.595788,0.13592804968357086,0.9746299982070923,0.6195560097694397
YBR083W,YNL045W,0,-8.595824,0.13590802252292633,0.9746299982070923,0.6196617484092712
YAL012W,YML028W,0,-8.595947,0.1358879953622818,0.9746299982070923,0.619767427444458
YER155C,YGR145W,0,-8.596028,0.13586796820163727,0.9746299982070923,0.6198731660842896
YPL202C,YDR168W,0,-8.596726,0.13584794104099274,0.9746299982070923,0.6199788451194763
YOR354C,YML131W,0,-8.597122,0.1358279287815094,0.9746299982070923,0.6200845837593079
YER167W,YJR074W,0,-8.597131,0.13580793142318726,0.9746299982070923,0.6201902627944946
YMR231W,YER162C,0,-8.598016,0.13578791916370392,0.9746299982070923,0.6202960014343262
YKL176C,YGL053W,0,-8.598611,0.13576792180538177,0.9746299982070923,0.6204016804695129
YGR220C,YOL144W,1,-8.598855,0.13589517772197723,0.9756870865821838,0.6204016804695129
YDR277C,YDL085W,0,-8.599045,0.1358751654624939,0.9756870865821838,0.6205074191093445
YOR250C,YBR048W,0,-8.599463,0.13585516810417175,0.9756870865821838,0.6206130981445312
YKL029C,YNL138W,0,-8.59957,0.1358351707458496,0.9756870865821838,0.6207188367843628
YGL067W,YLR139C,0,-8.599656,0.13581518828868866,0.9756870865821838,0.6208245158195496
YML081C-A,YOR204W,0,-8.599803,0.1357952058315277,0.9756870865821838,0.6209302544593811
YDR363W,YBL013W,0,-8.599908,0.13577522337436676,0.9756870865821838,0.6210359334945679
YGL136C,YAL005C,0,-8.599959,0.135755255818367,0.9756870865821838,0.6211416721343994
YBL017C,YML093W,0,-8.600491,0.13573528826236725,0.9756870865821838,0.6212473511695862
YLR131C,YFR033C,0,-8.600518,0.1357153356075287,0.9756870865821838,0.6213530898094177
YMR021C,YGR059W,0,-8.600614,0.13569538295269012,0.9756870865821838,0.6214587688446045
YOR061W,YHR067W,0,-8.600763,0.13567543029785156,0.9756870865821838,0.621564507484436
YHR015W,YOR301W,0,-8.600946,0.1356554925441742,0.9756870865821838,0.6216701865196228
YBR186W,YOR027W,0,-8.601239,0.13563555479049683,0.9756870865821838,0.6217759251594543
YGR216C,YGR281W,0,-8.601445,0.13561563193798065,0.9756870865821838,0.6218816041946411
YAL041W,YLR105C,0,-8.601479,0.13559570908546448,0.9756870865821838,0.6219873428344727
YLR025W,YIR018W,0,-8.60216,0.1355757862329483,0.9756870865821838,0.6220930218696594
YLR085C,YGR133W,0,-8.602241,0.13555587828159332,0.9756870865821838,0.622198760509491
YPL119C,YGR057C,0,-8.602884,0.13553597033023834,0.9756870865821838,0.6223044395446777
YFL039C,YPL248C,0,-8.603245,0.13551607728004456,0.9756870865821838,0.6224101185798645
YOR319W,YMR008C,0,-8.603251,0.13549618422985077,0.9756870865821838,0.622515857219696
YBR102C,YLR139C,0,-8.603307,0.13547629117965698,0.9756870865821838,0.6226215362548828
YMR298W,YKL018W,0,-8.603364,0.1354564130306244,0.9756870865821838,0.6227272748947144
YLR206W,YHR023W,0,-8.606132,0.1354365348815918,0.9756870865821838,0.6228329539299011
YLL050C,YBL008W,0,-8.6072645,0.1354166716337204,0.9756870865821838,0.6229386925697327
YLR304C,YHR204W,0,-8.60749,0.135396808385849,0.9756870865821838,0.6230443716049194
YCR088W,YLR292C,0,-8.607535,0.1353769451379776,0.9756870865821838,0.623150110244751
YPR154W,YLR455W,0,-8.607539,0.1353570967912674,0.9756870865821838,0.6232557892799377
YJR084W,YHR157W,0,-8.607722,0.1353372484445572,0.9756870865821838,0.6233615279197693
YOR094W,YNL007C,0,-8.608573,0.13531740009784698,0.9756870865821838,0.623467206954956
YER111C,YMR293C,0,-8.608667,0.13529756665229797,0.9756870865821838,0.6235729455947876
YOR039W,YCL004W,0,-8.608699,0.13527773320674896,0.9756870865821838,0.6236786246299744
YFL041W,YEL032W,0,-8.609357,0.13525791466236115,0.9756870865821838,0.6237843632698059
YHR072W,YBR073W,0,-8.609519,0.13523809611797333,0.9756870865821838,0.6238900423049927
YDR487C,YHR084W,0,-8.609728,0.1352182775735855,0.9756870865821838,0.6239957809448242
YBR279W,YDR490C,0,-8.609909,0.1351984739303589,0.9756870865821838,0.624101459980011
YOL059W,YLR301W,0,-8.610528,0.13517867028713226,0.9756870865821838,0.6242071986198425
YFL056C,YIL038C,0,-8.610686,0.13515888154506683,0.9756870865821838,0.6243128776550293
YPL161C,YDR293C,0,-8.61099,0.1351390928030014,0.9756870865821838,0.6244186162948608
YER028C,YBR061C,0,-8.6121645,0.13511930406093597,0.9756870865821838,0.6245242953300476
YOL008W,YLR034C,0,-8.612487,0.13509953022003174,0.9756870865821838,0.6246300339698792
YER174C,YLR138W,0,-8.612487,0.1350797563791275,0.9756870865821838,0.6247357130050659
YJL058C,YOR106W,0,-8.612818,0.13505999743938446,0.9756870865821838,0.6248414516448975
YGL045W,YDR394W,0,-8.612902,0.13504023849964142,0.9756870865821838,0.6249471306800842
YOR335C,YBR179C,0,-8.6133375,0.13502047955989838,0.9756870865821838,0.6250528693199158
YMR231W,YDL150W,0,-8.6142,0.13500073552131653,0.9756870865821838,0.6251585483551025
YDR017C,YMR210W,0,-8.614255,0.13498099148273468,0.9756870865821838,0.6252642869949341
YDR329C,YER087C-A,0,-8.6151285,0.13496124744415283,0.9756870865821838,0.6253699660301208
YDR300C,YOR007C,0,-8.615838,0.13494151830673218,0.9756870865821838,0.6254757046699524
YNL161W,YGL020C,0,-8.616189,0.13492178916931152,0.9756870865821838,0.6255813837051392
YPR046W,YIL066C,0,-8.616702,0.13490207493305206,0.9756870865821838,0.6256871223449707
YER159C,YBR082C,0,-8.61671,0.1348823606967926,0.9756870865821838,0.6257928013801575
YOR144C,YNL264C,0,-8.616832,0.13486264646053314,0.9756870865821838,0.625898540019989
YMR137C,YGL014W,0,-8.616949,0.13484294712543488,0.9756870865821838,0.6260042190551758
YKL152C,YDL040C,0,-8.617297,0.1348232477903366,0.9756870865821838,0.6261099576950073
YDL085W,YGL144C,0,-8.617354,0.13480356335639954,0.9756870865821838,0.6262156367301941
YNL007C,YBR152W,0,-8.61741,0.13478387892246246,0.9756870865821838,0.6263213753700256
YKL022C,YML107C,0,-8.6176405,0.1347641944885254,0.9756870865821838,0.6264270544052124
YOL164W,YNL079C,0,-8.617876,0.1347445249557495,0.9756870865821838,0.626532793045044
YDL088C,YNL031C,0,-8.618217,0.13472485542297363,0.9756870865821838,0.6266384720802307
YKL059C,YJR002W,0,-8.618461,0.13470520079135895,0.9756870865821838,0.6267442107200623
YIL097W,YDL217C,0,-8.618484,0.13468554615974426,0.9756870865821838,0.626849889755249
YJR093C,YIL114C,0,-8.619358,0.13466589152812958,0.9756870865821838,0.6269556283950806
YJL170C,YPL129W,0,-8.619426,0.1346462368965149,0.9756870865821838,0.6270613074302673
YOR123C,YDL232W,0,-8.619445,0.1346265971660614,0.9756870865821838,0.6271670460700989
YMR014W,YPR183W,0,-8.619752,0.1346069723367691,0.9756870865821838,0.6272727251052856
YKL135C,YGR013W,0,-8.620337,0.1345873475074768,0.9756870865821838,0.6273784637451172
YPR019W,YGL098W,0,-8.6209545,0.1345677226781845,0.9756870865821838,0.627484142780304
YOL023W,YPR188C,0,-8.62121,0.1345480978488922,0.9756870865821838,0.6275898814201355
YER045C,YAL021C,0,-8.62159,0.1345284879207611,0.9756870865821838,0.6276955604553223
YPL248C,YNL304W,0,-8.621632,0.1345088928937912,0.9756870865821838,0.627801239490509
YCR088W,YBR015C,0,-8.622201,0.1344892829656601,0.9756870865821838,0.6279069781303406
YPL058C,YLL003W,0,-8.622247,0.13446970283985138,0.9756870865821838,0.6280126571655273
YJL184W,YCR039C,0,-8.622621,0.13445010781288147,0.9756870865821838,0.6281183958053589
YLR438C-A,YER053C,0,-8.622895,0.13443052768707275,0.9756870865821838,0.6282240748405457
YHR194W,YCR014C,0,-8.623061,0.13441094756126404,0.9756870865821838,0.6283298134803772
YBL040C,YOL123W,0,-8.623555,0.13439138233661652,0.9756870865821838,0.628435492515564
YDR518W,YLR084C,0,-8.623582,0.134371817111969,0.9756870865821838,0.6285412311553955
YBR278W,YOL004W,0,-8.623626,0.13435225188732147,0.9756870865821838,0.6286469101905823
YGR145W,YER070W,0,-8.623677,0.13433270156383514,0.9756870865821838,0.6287526488304138
YKL176C,YOR132W,0,-8.624274,0.13431315124034882,0.9756870865821838,0.6288583278656006
YDR036C,YER044C,0,-8.624698,0.13429361581802368,0.9756870865821838,0.6289640665054321
YNR074C,YPR113W,0,-8.625117,0.13427408039569855,0.9756870865821838,0.6290697455406189
YLR353W,YBR179C,0,-8.625231,0.1342545449733734,0.9756870865821838,0.6291754841804504
YML058W-A,YDR247W,0,-8.625283,0.13423502445220947,0.9756870865821838,0.6292811632156372
YAR002C-A,YLR016C,0,-8.625662,0.13421550393104553,0.9756870865821838,0.6293869018554688
YGL020C,YOR127W,0,-8.626193,0.1341959834098816,0.9756870865821838,0.6294925808906555
YIL004C,YOR275C,0,-8.626243,0.13417647778987885,0.9756870865821838,0.6295983195304871
YDL013W,YLR328W,0,-8.626345,0.1341569721698761,0.9756870865821838,0.6297039985656738
YKR097W,YIL061C,0,-8.626561,0.13413748145103455,0.9756870865821838,0.6298097372055054
YDR258C,YOL067C,0,-8.627369,0.134117990732193,0.9756870865821838,0.6299154162406921
YAR031W,YLR105C,0,-8.627716,0.13409850001335144,0.9756870865821838,0.6300211548805237
YCL039W,YNL197C,0,-8.627723,0.13407902419567108,0.9756870865821838,0.6301268339157104
YJR089W,YJR017C,0,-8.62778,0.13405954837799072,0.9756870865821838,0.630232572555542
YLR022C,YML025C,1,-8.628453,0.1341852992773056,0.9767441749572754,0.630232572555542
YLR139C,YDR065W,0,-8.628542,0.13416582345962524,0.9767441749572754,0.6303382515907288
YNL329C,YCR061W,0,-8.628806,0.13414634764194489,0.9767441749572754,0.6304439902305603
YPR188C,YDR335W,0,-8.628838,0.13412687182426453,0.9767441749572754,0.6305496692657471
YKL139W,YKL195W,0,-8.629027,0.13410739600658417,0.9767441749572754,0.6306554079055786
YDL236W,YOL054W,0,-8.629066,0.134087935090065,0.9767441749572754,0.6307610869407654
YMR096W,YDR027C,0,-8.629146,0.13406848907470703,0.9767441749572754,0.6308668255805969
YOL002C,YKL025C,0,-8.63045,0.13404902815818787,0.9767441749572754,0.6309725046157837
YHR186C,YIL017C,0,-8.630925,0.1340295970439911,0.9767441749572754,0.6310782432556152
YFL029C,YJR006W,0,-8.6311865,0.13401015102863312,0.9767441749572754,0.631183922290802
YER053C,YPL138C,0,-8.631193,0.13399071991443634,0.9767441749572754,0.6312896609306335
YER038C,YKR052C,0,-8.631695,0.13397128880023956,0.9767441749572754,0.6313953399658203
YNL286W,YML029W,0,-8.631772,0.13395187258720398,0.9767441749572754,0.6315010786056519
YHR165C,YJR046W,0,-8.632043,0.1339324563741684,0.9767441749572754,0.6316067576408386
YJL072C,YNR023W,0,-8.63232,0.1339130401611328,0.9767441749572754,0.6317124962806702
YGL247W,YJL062W,0,-8.632381,0.13389363884925842,0.9767441749572754,0.6318181753158569
YBR057C,YNL045W,0,-8.633079,0.13387423753738403,0.9767441749572754,0.6319239139556885
YKR027W,YOR315W,0,-8.633339,0.13385485112667084,0.9767441749572754,0.6320295929908752
YNL259C,YLL041C,0,-8.634268,0.13383546471595764,0.9767441749572754,0.6321353316307068
YOL147C,YOR270C,0,-8.635093,0.13381607830524445,0.9767441749572754,0.6322410106658936
YML004C,YLR023C,0,-8.635327,0.13379669189453125,0.9767441749572754,0.6323467493057251
YPL117C,YIL068C,0,-8.635414,0.13377732038497925,0.9767441749572754,0.6324524283409119
YHR043C,YGL255W,0,-8.635434,0.13375796377658844,0.9767441749572754,0.6325581669807434
YDL105W,YMR314W,0,-8.635499,0.13373860716819763,0.9767441749572754,0.6326638460159302
YJL025W,YJL074C,0,-8.635716,0.13371925055980682,0.9767441749572754,0.6327695846557617
YDR498C,YOL124C,0,-8.6363325,0.13369989395141602,0.9767441749572754,0.6328752636909485
YNL280C,YHR158C,0,-8.636843,0.1336805522441864,0.9767441749572754,0.6329809427261353
YOR144C,YJL129C,0,-8.637218,0.13366122543811798,0.9767441749572754,0.6330866813659668
YOL039W,YKL088W,0,-8.637254,0.13364188373088837,0.9767441749572754,0.6331923604011536
YDL115C,YHR060W,0,-8.6372595,0.13362255692481995,0.9767441749572754,0.6332980990409851
YBR048W,YIL029C,0,-8.637551,0.13360324501991272,0.9767441749572754,0.6334037780761719
YBR245C,YKL006C-A,0,-8.637634,0.1335839182138443,0.9767441749572754,0.6335095167160034
YDL045C,YDL181W,0,-8.637715,0.13356462121009827,0.9767441749572754,0.6336151957511902
YNL275W,YGL208W,0,-8.637843,0.13354530930519104,0.9767441749572754,0.6337209343910217
YCR089W,YML058W-A,0,-8.639198,0.133526012301445,0.9767441749572754,0.6338266134262085
YML055W,YDR218C,0,-8.639249,0.13350671529769897,0.9767441749572754,0.63393235206604
YHR053C,YOL094C,0,-8.640139,0.13348743319511414,0.9767441749572754,0.6340380311012268
YOL145C,YML098W,0,-8.640479,0.1334681510925293,0.9767441749572754,0.6341437697410583
YDL132W,YMR032W,0,-8.6407385,0.13344886898994446,0.9767441749572754,0.6342494487762451
YNL259C,YPL128C,0,-8.640929,0.1334296017885208,0.9767441749572754,0.6343551874160767
YCL016C,YGR213C,0,-8.641063,0.13341033458709717,0.9767441749572754,0.6344608664512634
YGR246C,YGL195W,0,-8.641117,0.13339108228683472,0.9767441749572754,0.634566605091095
YBR193C,YLR086W,0,-8.641461,0.13337182998657227,0.9767441749572754,0.6346722841262817
YDR389W,YKL178C,0,-8.64153,0.13335257768630981,0.9767441749572754,0.6347780227661133
YDR191W,YOR361C,0,-8.641873,0.13333334028720856,0.9767441749572754,0.6348837018013
YNL074C,YMR039C,0,-8.641923,0.1333141028881073,0.9767441749572754,0.6349894404411316
YJR108W,YBR257W,0,-8.642957,0.13329486548900604,0.9767441749572754,0.6350951194763184
YDR309C,YLR259C,0,-8.6432905,0.13327564299106598,0.9767441749572754,0.6352008581161499
YGL087C,YNR047W,0,-8.643437,0.13325642049312592,0.9767441749572754,0.6353065371513367
YDR377W,YGL236C,0,-8.644075,0.13323719799518585,0.9767441749572754,0.6354122757911682
YKL208W,YBR127C,0,-8.644078,0.13321799039840698,0.9767441749572754,0.635517954826355
YFR029W,YDR369C,0,-8.644507,0.1331987828016281,0.9767441749572754,0.6356236934661865
YJL047C,YMR210W,0,-8.645441,0.13317959010601044,0.9767441749572754,0.6357293725013733
YDR281C,YDR324C,0,-8.645523,0.13316039741039276,0.9767441749572754,0.6358351111412048
YDR188W,YDR228C,0,-8.64569,0.13314120471477509,0.9767441749572754,0.6359407901763916
YDR211W,YIR025W,0,-8.645843,0.1331220269203186,0.9767441749572754,0.6360465288162231
YOR239W,YER018C,0,-8.646611,0.13310284912586212,0.9767441749572754,0.6361522078514099
YKR068C,YPR037C,0,-8.6466255,0.13308368623256683,0.9767441749572754,0.6362579464912415
YDR363W-A,YPR074C,0,-8.646945,0.13306452333927155,0.9767441749572754,0.6363636255264282
YDR343C,YGL209W,0,-8.646998,0.13304536044597626,0.9767441749572754,0.6364693641662598
YGL137W,YLR034C,0,-8.647103,0.13302619755268097,0.9767441749572754,0.6365750432014465
YPR124W,YBR167C,0,-8.647486,0.13300704956054688,0.9767441749572754,0.6366807818412781
YCR028C-A,YHR119W,0,-8.647786,0.13298791646957397,0.9767441749572754,0.6367864608764648
YMR298W,YNL072W,0,-8.648236,0.13296876847743988,0.9767441749572754,0.6368921995162964
YDL090C,YGL070C,0,-8.649312,0.13294963538646698,0.9767441749572754,0.6369978785514832
YBR068C,YDR202C,0,-8.649344,0.13293051719665527,0.9767441749572754,0.6371036171913147
YNL004W,YFL004W,0,-8.649655,0.13291139900684357,0.9767441749572754,0.6372092962265015
YEL071W,YKL025C,0,-8.649827,0.13289228081703186,0.9767441749572754,0.637315034866333
YER159C,YBR088C,0,-8.649861,0.13287316262722015,0.9767441749572754,0.6374207139015198
YDL137W,YBR012W-A,0,-8.651361,0.13285405933856964,0.9767441749572754,0.6375264525413513
YGL238W,YBR293W,0,-8.651763,0.13283495604991913,0.9767441749572754,0.6376321315765381
YOL034W,YPR054W,0,-8.6517935,0.1328158676624298,0.9767441749572754,0.6377378702163696
YDL243C,YKR048C,0,-8.651849,0.1327967792749405,0.9767441749572754,0.6378435492515564
YOR257W,YMR229C,0,-8.652123,0.13277769088745117,0.9767441749572754,0.6379492878913879
YPR007C,YOR069W,0,-8.652257,0.13275861740112305,0.9767441749572754,0.6380549669265747
YLR043C,YLR337C,0,-8.652331,0.13273954391479492,0.9767441749572754,0.6381607055664062
YJL108C,YHR090C,0,-8.65253,0.132720485329628,0.9767441749572754,0.638266384601593
YJL094C,YBR114W,0,-8.652829,0.13270142674446106,0.9767441749572754,0.6383720636367798
YOR160W,YKR101W,0,-8.652836,0.13268236815929413,0.9767441749572754,0.6384778022766113
YPR164W,YDL244W,0,-8.6534815,0.1326633095741272,0.9767441749572754,0.6385834813117981
YFL034C-B,YOR008C-A,0,-8.654215,0.13264426589012146,0.9767441749572754,0.6386892199516296
YLR270W,YDR422C,0,-8.654231,0.13262523710727692,0.9767441749572754,0.6387948989868164
YLR304C,YBR102C,0,-8.654368,0.13260619342327118,0.9767441749572754,0.638900637626648
YNL318C,YJL129C,0,-8.654707,0.13258716464042664,0.9767441749572754,0.6390063166618347
YJR082C,YNL098C,0,-8.655438,0.1325681507587433,0.9767441749572754,0.6391120553016663
YJL085W,YJR118C,0,-8.655539,0.13254913687705994,0.9767441749572754,0.639217734336853
YIR033W,YBR073W,0,-8.655661,0.1325301229953766,0.9767441749572754,0.6393234729766846
YGR200C,YLR238W,0,-8.655675,0.13251110911369324,0.9767441749572754,0.6394291520118713
YMR073C,YHR106W,0,-8.655796,0.13249211013317108,0.9767441749572754,0.6395348906517029
YHR001W-A,YER008C,0,-8.656133,0.13247311115264893,0.9767441749572754,0.6396405696868896
YLR295C,YKL019W,0,-8.656218,0.13245412707328796,0.9767441749572754,0.6397463083267212
YMR237W,YPL029W,0,-8.656373,0.132435142993927,0.9767441749572754,0.639851987361908
YJL031C,YJL184W,0,-8.656373,0.13241615891456604,0.9767441749572754,0.6399577260017395
YDL213C,YOL043C,0,-8.656638,0.13239718973636627,0.9767441749572754,0.6400634050369263
YPR200C,YMR211W,0,-8.656829,0.1323782205581665,0.9767441749572754,0.6401691436767578
YGR247W,YOL068C,0,-8.658261,0.13235926628112793,0.9767441749572754,0.6402748227119446
YKL051W,YBR240C,0,-8.658512,0.13234029710292816,0.9767441749572754,0.6403805613517761
YBL026W,YEL004W,0,-8.658997,0.13232135772705078,0.9767441749572754,0.6404862403869629
YKL176C,YBR087W,0,-8.659307,0.1323024034500122,0.9767441749572754,0.6405919790267944
YML126C,YFL013C,0,-8.662366,0.13228346407413483,0.9767441749572754,0.6406976580619812
YJL192C,YLR234W,0,-8.663575,0.13226452469825745,0.9767441749572754,0.6408033967018127
YML025C,YOR272W,1,-8.663661,0.13238872587680817,0.9778012633323669,0.6408033967018127
YOR171C,YIR041W,0,-8.663712,0.1323697715997696,0.9778012633323669,0.6409090757369995
YMR162C,YOL064C,0,-8.664225,0.1323508322238922,0.9778012633323669,0.641014814376831
YDR175C,YIL129C,0,-8.664341,0.13233190774917603,0.9778012633323669,0.6411204934120178
YFL050C,YLR234W,0,-8.665378,0.13231296837329865,0.9778012633323669,0.6412262320518494
YKL220C,YJL100W,0,-8.665518,0.13229404389858246,0.9778012633323669,0.6413319110870361
YNL059C,YNL046W,0,-8.665625,0.13227513432502747,0.9778012633323669,0.6414376497268677
YOL101C,YMR036C,0,-8.666225,0.13225622475147247,0.9778012633323669,0.6415433287620544
YNL245C,YDL059C,0,-8.667613,0.13223731517791748,0.9778012633323669,0.641649067401886
YHR174W,YGL044C,0,-8.667642,0.1322184056043625,0.9778012633323669,0.6417547464370728
YIR010W,YMR022W,0,-8.667687,0.1321995109319687,0.9778012633323669,0.6418604850769043
YLR135W,YML034W,0,-8.667756,0.1321806162595749,0.9778012633323669,0.6419661641120911
YMR283C,YAL001C,0,-8.667804,0.13216173648834229,0.9778012633323669,0.6420719027519226
YNL111C,YER116C,0,-8.6683,0.13214285671710968,0.9778012633323669,0.6421775817871094
YLR288C,YLR147C,0,-8.66837,0.13212397694587708,0.9778012633323669,0.6422833204269409
YJR068W,YLR005W,0,-8.668428,0.13210511207580566,0.9778012633323669,0.6423889994621277
YEL062W,YML027W,0,-8.66934,0.13208624720573425,0.9778012633323669,0.6424947381019592
YLR100W,YGL209W,0,-8.669911,0.13206739723682404,0.9778012633323669,0.642600417137146
YJL011C,YDR131C,0,-8.669915,0.13204853236675262,0.9778012633323669,0.6427061557769775
YCR034W,YLR141W,0,-8.669984,0.1320296823978424,0.9778012633323669,0.6428118348121643
YOR188W,YMR089C,0,-8.670054,0.13201084733009338,0.9778012633323669,0.6429175734519958
YOR002W,YNL023C,0,-8.670228,0.13199201226234436,0.9778012633323669,0.6430232524871826
YLR284C,YJR093C,0,-8.670274,0.13197317719459534,0.9778012633323669,0.6431289911270142
YKL022C,YLR197W,0,-8.670323,0.1319543570280075,0.9778012633323669,0.6432346701622009
YDR216W,YOR075W,0,-8.671318,0.13193553686141968,0.9778012633323669,0.6433404088020325
YOR355W,YLR346C,0,-8.672771,0.13191671669483185,0.9778012633323669,0.6434460878372192
YER028C,YNL257C,0,-8.67385,0.13189789652824402,0.9778012633323669,0.6435518264770508
YOR034C,YGL127C,0,-8.673934,0.13187910616397858,0.9778012633323669,0.6436575055122375
YBR112C,YFR029W,0,-8.674313,0.13186030089855194,0.9778012633323669,0.6437631845474243
YDL216C,YHL006C,0,-8.674703,0.1318415105342865,0.9778012633323669,0.6438689231872559
YLR399C,YDR208W,0,-8.675618,0.13182272017002106,0.9778012633323669,0.6439746022224426
YDL105W,YGR211W,0,-8.675736,0.13180392980575562,0.9778012633323669,0.6440803408622742
YJL058C,YDR200C,0,-8.67575,0.13178515434265137,0.9778012633323669,0.6441860198974609
YNL021W,YDL085W,0,-8.675925,0.13176637887954712,0.9778012633323669,0.6442917585372925
YPL075W,YPR032W,0,-8.676775,0.13174761831760406,0.9778012633323669,0.6443974375724792
YDR527W,YKL196C,0,-8.676923,0.131728857755661,0.9778012633323669,0.6445031762123108
YGR014W,YIL066C,0,-8.677084,0.13171009719371796,0.9778012633323669,0.6446088552474976
YAL032C,YIL144W,0,-8.677415,0.1316913366317749,0.9778012633323669,0.6447145938873291
YHL002W,YBR257W,0,-8.677462,0.13167259097099304,0.9778012633323669,0.6448202729225159
YKL176C,YBR167C,0,-8.6779,0.13165386021137238,0.9778012633323669,0.6449260115623474
YLR233C,YOR362C,0,-8.678098,0.13163511455059052,0.9778012633323669,0.6450316905975342
YDL101C,YFL059W,0,-8.678211,0.13161639869213104,0.9778012633323669,0.6451374292373657
YGR041W,YJL164C,0,-8.678941,0.13159766793251038,0.9778012633323669,0.6452431082725525
YDR356W,YDR322C-A,0,-8.679561,0.1315789520740509,0.9778012633323669,0.645348846912384
YFR046C,YEL027W,0,-8.679645,0.13156023621559143,0.9778012633323669,0.6454545259475708
YDR081C,YNL310C,0,-8.679904,0.13154152035713196,0.9778012633323669,0.6455602645874023
YLR242C,YDR057W,0,-8.680066,0.13152281939983368,0.9778012633323669,0.6456659436225891
YDR009W,YAL044C,0,-8.680815,0.1315041184425354,0.9778012633323669,0.6457716822624207
YNR059W,YHR039C-A,0,-8.681414,0.13148543238639832,0.9778012633323669,0.6458773612976074
YBR297W,YCR037C,0,-8.681579,0.13146674633026123,0.9778012633323669,0.645983099937439
YJR076C,YDR158W,0,-8.6816435,0.13144806027412415,0.9778012633323669,0.6460887789726257
YAR019C,YPL032C,0,-8.682154,0.13142938911914825,0.9778012633323669,0.6461945176124573
YBR158W,YMR047C,0,-8.682385,0.13141071796417236,0.9778012633323669,0.646300196647644
YKL060C,YBR254C,0,-8.6825,0.13139204680919647,0.9778012633323669,0.6464059352874756
YNL302C,YOR060C,0,-8.683785,0.13137339055538177,0.9778012633323669,0.6465116143226624
YBR129C,YPR137W,0,-8.683785,0.13135473430156708,0.9778012633323669,0.6466173529624939
YBR041W,YNR049C,0,-8.683788,0.13133607804775238,0.9778012633323669,0.6467230319976807
YOR142W,YDR078C,0,-8.684489,0.13131743669509888,0.9778012633323669,0.6468287706375122
YJL108C,YBL025W,0,-8.684566,0.13129879534244537,0.9778012633323669,0.646934449672699
YPR120C,YLR134W,0,-8.684739,0.13128015398979187,0.9778012633323669,0.6470401883125305
YIL159W,YIR041W,0,-8.684794,0.13126152753829956,0.9778012633323669,0.6471458673477173
YJL006C,YPL283C,0,-8.684989,0.13124290108680725,0.9778012633323669,0.6472516059875488
YLR081W,YJL183W,0,-8.685136,0.13122428953647614,0.9778012633323669,0.6473572850227356
YAL010C,YKR046C,0,-8.685408,0.13120567798614502,0.9778012633323669,0.6474630236625671
YOR354C,YBR130C,0,-8.686212,0.1311870664358139,0.9778012633323669,0.6475687026977539
YML099C,YGR212W,0,-8.686645,0.13116846978664398,0.9778012633323669,0.6476744413375854
YLR131C,YHR004C,0,-8.686749,0.13114985823631287,0.9778012633323669,0.6477801203727722
YFL033C,YLR005W,0,-8.687575,0.13113127648830414,0.9778012633323669,0.6478858590126038
YBR050C,YNL044W,0,-8.688239,0.13111267983913422,0.9778012633323669,0.6479915380477905
YHR150W,YDR451C,0,-8.688799,0.1310940980911255,0.9778012633323669,0.6480972766876221
YKL040C,YKR056W,0,-8.688984,0.13107553124427795,0.9778012633323669,0.6482029557228088
YLR259C,YOL068C,0,-8.689021,0.13105694949626923,0.9778012633323669,0.6483086943626404
YNL148C,YOR274W,0,-8.6899805,0.13103839755058289,0.9778012633323669,0.6484143733978271
YMR001C,YIL073C,0,-8.690027,0.13101983070373535,0.9778012633323669,0.6485201120376587
YDR361C,YGL223C,0,-8.6904335,0.131001278758049,0.9778012633323669,0.6486257910728455
YGL013C,YBR049C,0,-8.690555,0.13098272681236267,0.9778012633323669,0.648731529712677
YML116W,YJR004C,0,-8.691404,0.13096417486667633,0.9778012633323669,0.6488372087478638
YBR068C,YOL142W,0,-8.691632,0.13094563782215118,0.9778012633323669,0.6489428877830505
YPL149W,YHR039C,0,-8.692045,0.13092710077762604,0.9778012633323669,0.6490486264228821
YGR070W,YFL026W,0,-8.692204,0.13090857863426208,0.9778012633323669,0.6491543054580688
YDR076W,YGR002C,0,-8.69242,0.13089005649089813,0.9778012633323669,0.6492600440979004
YOR048C,YDR160W,0,-8.692435,0.13087153434753418,0.9778012633323669,0.6493657231330872
YBR295W,YJR007W,0,-8.692616,0.13085302710533142,0.9778012633323669,0.6494714617729187
YOR057W,YJL045W,0,-8.6927395,0.13083450496196747,0.9778012633323669,0.6495771408081055
YEL036C,YNL094W,0,-8.692796,0.1308160126209259,0.9778012633323669,0.649682879447937
YBR152W,YDR002W,0,-8.693437,0.13079750537872314,0.9778012633323669,0.6497885584831238
YLL050C,YGR014W,0,-8.693873,0.13077901303768158,0.9778012633323669,0.6498942971229553
YML123C,YKR089C,0,-8.694189,0.1307605355978012,0.9778012633323669,0.6499999761581421
YLR353W,YKL117W,0,-8.694285,0.13074204325675964,0.9778012633323669,0.6501057147979736
YNL258C,YGL127C,0,-8.694816,0.13072356581687927,0.9778012633323669,0.6502113938331604
YBR038W,YDL036C,0,-8.695486,0.1307051032781601,0.9778012633323669,0.6503171324729919
YAL022C,YOL059W,0,-8.695631,0.13068664073944092,0.9778012633323669,0.6504228115081787
YIL072W,YLR425W,0,-8.695929,0.13066817820072174,0.9778012633323669,0.6505285501480103
YBL063W,YEL051W,0,-8.696012,0.13064971566200256,0.9778012633323669,0.650634229183197
YLR114C,YFR040W,0,-8.69649,0.13063126802444458,0.9778012633323669,0.6507399678230286
YPL271W,YCR020W-B,0,-8.696803,0.1306128203868866,0.9778012633323669,0.6508456468582153
YGR247W,YEL019C,0,-8.697062,0.1305943876504898,0.9778012633323669,0.6509513854980469
YDR443C,YDL058W,0,-8.697418,0.13057594001293182,0.9778012633323669,0.6510570645332336
YFL013C,YDR341C,0,-8.698578,0.13055752217769623,0.9778012633323669,0.6511628031730652
YMR038C,YJL128C,0,-8.69898,0.13053908944129944,0.9778012633323669,0.651268482208252
YPL138C,YJR103W,0,-8.698988,0.13052067160606384,0.9778012633323669,0.6513742208480835
YOR349W,YDR174W,0,-8.699183,0.13050225377082825,0.9778012633323669,0.6514798998832703
YDR130C,YLR347C,0,-8.699273,0.13048385083675385,0.9778012633323669,0.6515856385231018
YLR320W,YBR170C,0,-8.699472,0.13046544790267944,0.9778012633323669,0.6516913175582886
YJR108W,YGL135W,0,-8.699624,0.13044704496860504,0.9778012633323669,0.6517970561981201
YPL248C,YBL025W,0,-8.699948,0.13042865693569183,0.9778012633323669,0.6519027352333069
YCL025C,YML126C,0,-8.7008915,0.13041026890277863,0.9778012633323669,0.6520084738731384
YHR124W,YOL005C,0,-8.70093,0.13039188086986542,0.9778012633323669,0.6521141529083252
YCL016C,YNL149C,0,-8.700967,0.1303735077381134,0.9778012633323669,0.6522198915481567
YDR518W,YOR371C,0,-8.701236,0.1303551346063614,0.9778012633323669,0.6523255705833435
YGR202C,YHR160C,0,-8.701292,0.13033676147460938,0.9778012633323669,0.652431309223175
YPR007C,YJR086W,0,-8.701464,0.13031840324401855,0.9778012633323669,0.6525369882583618
YAL026C,YGR144W,0,-8.701489,0.13030004501342773,0.9778012633323669,0.6526427268981934
YLR303W,YMR164C,0,-8.702361,0.13028168678283691,0.9778012633323669,0.6527484059333801
YHL047C,YJL020C,0,-8.702459,0.1302633434534073,0.9778012633323669,0.6528541445732117
YOR061W,YKL043W,0,-8.702499,0.13024500012397766,0.9778012633323669,0.6529598236083984
YDR151C,YNR031C,0,-8.702511,0.13022667169570923,0.9778012633323669,0.65306556224823
YNL014W,YJR144W,0,-8.702644,0.1302083283662796,0.9778012633323669,0.6531712412834167
YBL005W,YPR182W,0,-8.702728,0.13018999993801117,0.9778012633323669,0.6532769799232483
YPL121C,YMR037C,0,-8.702962,0.13017168641090393,0.9778012633323669,0.6533826589584351
YMR298W,YCL063W,0,-8.703343,0.1301533728837967,0.9778012633323669,0.6534883975982666
YBL016W,YPR055W,0,-8.703931,0.13013505935668945,0.9778012633323669,0.6535940766334534
YDR075W,YDR487C,0,-8.704013,0.1301167607307434,0.9778012633323669,0.6536998152732849
YIL002C,YEL057C,0,-8.704116,0.13009844720363617,0.9778012633323669,0.6538054943084717
YKL208W,YOL069W,0,-8.704923,0.13008016347885132,0.9778012633323669,0.6539112329483032
YPR134W,YBL105C,0,-8.705127,0.13006186485290527,0.9778012633323669,0.65401691198349
YPR067W,YCR024C-A,0,-8.706086,0.13004358112812042,0.9778012633323669,0.6541226506233215
YMR198W,YHR019C,0,-8.706557,0.13002529740333557,0.9778012633323669,0.6542283296585083
YER007W,YOR301W,0,-8.706618,0.13000702857971191,0.9778012633323669,0.6543340086936951
YGL194C,YCR083W,0,-8.706645,0.12998875975608826,0.9778012633323669,0.6544397473335266
YIL167W,YHR181W,0,-8.707292,0.1299704909324646,0.9778012633323669,0.6545454263687134
YIL051C,YOL115W,0,-8.707878,0.12995223701000214,0.9778012633323669,0.6546511650085449
YGR013W,YDR059C,0,-8.708159,0.12993398308753967,0.9778012633323669,0.6547568440437317
YDR477W,YGR024C,0,-8.70977,0.1299157291650772,0.9778012633323669,0.6548625826835632
YOR213C,YIL068C,0,-8.710086,0.12989749014377594,0.9778012633323669,0.65496826171875
YPL130W,YJL045W,0,-8.710256,0.12987925112247467,0.9778012633323669,0.6550740003585815
YNL099C,YJR127C,0,-8.710315,0.1298610121011734,0.9778012633323669,0.6551796793937683
YLR220W,YDR385W,0,-8.710602,0.12984278798103333,0.9778012633323669,0.6552854180335999
YDR028C,YIR018W,0,-8.711019,0.12982456386089325,0.9778012633323669,0.6553910970687866
YPR165W,YPR187W,0,-8.7117815,0.12980633974075317,0.9778012633323669,0.6554968357086182
YCL027W,YLR212C,0,-8.712082,0.1297881305217743,0.9778012633323669,0.6556025147438049
YML080W,YNL014W,0,-8.712961,0.1297699213027954,0.9778012633323669,0.6557082533836365
YDL126C,YLL021W,0,-8.712977,0.12975171208381653,0.9778012633323669,0.6558139324188232
YHR073W,YOL124C,0,-8.713068,0.12973351776599884,0.9778012633323669,0.6559196710586548
YDL088C,YGL090W,0,-8.7131815,0.12971532344818115,0.9778012633323669,0.6560253500938416
YGR003W,YDL161W,0,-8.713263,0.12969714403152466,0.9778012633323669,0.6561310887336731
YPL125W,YCR073C,0,-8.71345,0.12967894971370697,0.9778012633323669,0.6562367677688599
YMR203W,YOR069W,0,-8.714038,0.12966078519821167,0.9778012633323669,0.6563425064086914
YNL094W,YGL195W,0,-8.714584,0.12964260578155518,0.9778012633323669,0.6564481854438782
YDR480W,YOL142W,0,-8.7147875,0.12962444126605988,0.9778012633323669,0.6565539240837097
YDR216W,YDL227C,0,-8.715079,0.12960627675056458,0.9778012633323669,0.6566596031188965
YBR217W,YNL271C,0,-8.715301,0.12958812713623047,0.9778012633323669,0.656765341758728
YNL275W,YLR205C,0,-8.715987,0.12956996262073517,0.9778012633323669,0.6568710207939148
YDR446W,YOR226C,0,-8.716026,0.12955182790756226,0.9778012633323669,0.6569767594337463
YNL173C,YPR173C,0,-8.716317,0.12953367829322815,0.9778012633323669,0.6570824384689331
YBR161W,YKL012W,0,-8.716443,0.12951554358005524,0.9778012633323669,0.6571881771087646
YOR039W,YMR047C,0,-8.716852,0.12949740886688232,0.9778012633323669,0.6572938561439514
YHL047C,YHR053C,0,-8.717044,0.1294792890548706,0.9778012633323669,0.657399594783783
YJL001W,YML095C,0,-8.7172365,0.1294611543416977,0.9778012633323669,0.6575052738189697
YPL221W,YGL100W,0,-8.717883,0.12944304943084717,0.9778012633323669,0.6576110124588013
YDR440W,YMR276W,0,-8.717943,0.12942492961883545,0.9778012633323669,0.657716691493988
YJR102C,YGR296W,0,-8.718265,0.12940682470798492,0.9778012633323669,0.6578224301338196
YKR055W,YNL047C,0,-8.71927,0.1293887197971344,0.9778012633323669,0.6579281091690063
YML078W,YGL006W,0,-8.719324,0.12937062978744507,0.9778012633323669,0.6580338478088379
YOR377W,YNL161W,0,-8.71944,0.12935253977775574,0.9778012633323669,0.6581395268440247
YIL079C,YMR287C,0,-8.719536,0.1293344497680664,0.9778012633323669,0.6582452654838562
YOR171C,YNL070W,0,-8.719586,0.12931637465953827,0.9778012633323669,0.658350944519043
YFR013W,YGR014W,0,-8.719652,0.12929829955101013,0.9778012633323669,0.6584566831588745
YHR081W,YDR487C,0,-8.719858,0.129280224442482,0.9778012633323669,0.6585623621940613
YHR072W,YNL239W,0,-8.719964,0.12926216423511505,0.9778012633323669,0.6586681008338928
YOL051W,YOR297C,0,-8.719979,0.1292441040277481,0.9778012633323669,0.6587737798690796
YCR040W,YER116C,0,-8.720159,0.12922604382038116,0.9778012633323669,0.6588795185089111
YMR220W,YPL154C,0,-8.7202425,0.12920798361301422,0.9778012633323669,0.6589851975440979
YNL210W,YNL107W,0,-8.720304,0.12918993830680847,0.9778012633323669,0.6590909361839294
YPL021W,YPL123C,0,-8.7203045,0.12917190790176392,0.9778012633323669,0.6591966152191162
YDL147W,YDR489W,0,-8.720619,0.12915386259555817,0.9778012633323669,0.6593023538589478
YAL033W,YOR344C,0,-8.720725,0.1291358321905136,0.9778012633323669,0.6594080328941345
YMR036C,YPL016W,0,-8.721269,0.12911781668663025,0.9778012633323669,0.6595137715339661
YHL003C,YIR019C,0,-8.72158,0.1290997862815857,0.9778012633323669,0.6596194505691528
YBL069W,YAR002C-A,0,-8.72185,0.12908177077770233,0.9778012633323669,0.6597251296043396
YJR091C,YMR013C,0,-8.722129,0.12906377017498016,0.9778012633323669,0.6598308682441711
YGL005C,YLR459W,0,-8.722453,0.1290457546710968,0.9778012633323669,0.6599365472793579
YPL174C,YPL163C,0,-8.722854,0.12902775406837463,0.9778012633323669,0.6600422859191895
YDL044C,YGR270W,0,-8.723229,0.12900976836681366,0.9778012633323669,0.6601479649543762
YOR321W,YJL192C,0,-8.723596,0.1289917677640915,0.9778012633323669,0.6602537035942078
YMR014W,YBR274W,0,-8.725033,0.12897378206253052,0.9778012633323669,0.6603593826293945
YER051W,YMR043W,0,-8.725262,0.12895581126213074,0.9778012633323669,0.6604651212692261
YOR322C,YDL064W,0,-8.725338,0.12893782556056976,0.9778012633323669,0.6605708003044128
YGR188C,YOR275C,0,-8.725602,0.12891985476016998,0.9778012633323669,0.6606765389442444
YJL115W,YGL236C,0,-8.725608,0.1289018988609314,0.9778012633323669,0.6607822179794312
YPL010W,YKL203C,0,-8.7257185,0.12888392806053162,0.9778012633323669,0.6608879566192627
YNL210W,YKL001C,0,-8.725924,0.12886597216129303,0.9778012633323669,0.6609936356544495
YGR216C,YPL031C,0,-8.726005,0.12884803116321564,0.9778012633323669,0.661099374294281
YKR065C,YIL139C,0,-8.726244,0.12883009016513824,0.9778012633323669,0.6612050533294678
YBL042C,YPR075C,0,-8.726345,0.12881214916706085,0.9778012633323669,0.6613107919692993
YCR065W,YDR490C,0,-8.726365,0.12879420816898346,0.9778012633323669,0.6614164710044861
YBR177C,YLL003W,0,-8.726475,0.12877628207206726,0.9778012633323669,0.6615222096443176
YLR228C,YOR057W,0,-8.726772,0.12875835597515106,0.9778012633323669,0.6616278886795044
YDR279W,YHR181W,0,-8.726955,0.12874042987823486,0.9778012633323669,0.6617336273193359
YMR232W,YGR133W,0,-8.727317,0.12872251868247986,0.9778012633323669,0.6618393063545227
YFL003C,YBR048W,0,-8.727395,0.12870460748672485,0.9778012633323669,0.6619450449943542
YIL128W,YMR069W,0,-8.727448,0.12868669629096985,0.9778012633323669,0.662050724029541
YIL139C,YGR281W,0,-8.728169,0.12866879999637604,0.9778012633323669,0.6621564626693726
YJL050W,YKL041W,0,-8.728578,0.12865090370178223,0.9778012633323669,0.6622621417045593
YMR308C,YDR135C,0,-8.728953,0.12863300740718842,0.9778012633323669,0.6623678803443909
YDR448W,YDR017C,0,-8.729291,0.1286151260137558,0.9778012633323669,0.6624735593795776
YGL136C,YFR031C,0,-8.72987,0.12859724462032318,0.9778012633323669,0.6625792980194092
YPL133C,YMR013C,0,-8.729918,0.12857937812805176,0.9778012633323669,0.662684977054596
YBR087W,YDR487C,0,-8.730144,0.12856149673461914,0.9778012633323669,0.6627907156944275
YFL029C,YMR149W,0,-8.730285,0.12854363024234772,0.9778012633323669,0.6628963947296143
YPR002W,YDR451C,0,-8.730716,0.1285257786512375,0.9778012633323669,0.6630021333694458
YML058W-A,YBR091C,0,-8.731155,0.12850791215896606,0.9778012633323669,0.6631078124046326
YPL051W,YDR409W,0,-8.73121,0.12849007546901703,0.9778012633323669,0.6632135510444641
YFL023W,YHR079C-A,0,-8.731235,0.1284722238779068,0.9778012633323669,0.6633192300796509
YHR183W,YHL006C,0,-8.731404,0.12845438718795776,0.9778012633323669,0.6634249687194824
YPL163C,YPL157W,0,-8.731829,0.12843655049800873,0.9778012633323669,0.6635306477546692
YLR288C,YMR022W,0,-8.731857,0.1284187138080597,0.9778012633323669,0.6636363863945007
YPR124W,YOL005C,0,-8.73233,0.12840089201927185,0.9778012633323669,0.6637420654296875
YNL222W,YCL020W,0,-8.732675,0.128383070230484,0.9778012633323669,0.663847804069519
YER167W,YCL051W,0,-8.733277,0.12836524844169617,0.9778012633323669,0.6639534831047058
YDR205W,YLR043C,0,-8.733293,0.12834744155406952,0.9778012633323669,0.6640592217445374
YKR008W,YGR152C,0,-8.733619,0.12832963466644287,0.9778012633323669,0.6641649007797241
YHL040C,YBL075C,0,-8.733806,0.12831182777881622,0.9778012633323669,0.6642706394195557
YMR225C,YML023C,0,-8.734973,0.12829403579235077,0.9778012633323669,0.6643763184547424
YBR057C,YDR077W,0,-8.735185,0.12827624380588531,0.9778012633323669,0.664482057094574
YFR013W,YHR039C,0,-8.735579,0.12825845181941986,0.9778012633323669,0.6645877361297607
YDL008W,YOR334W,0,-8.736207,0.1282406747341156,0.9778012633323669,0.6646934747695923
YLR318W,YGL136C,0,-8.736852,0.12822289764881134,0.9778012633323669,0.664799153804779
YDR174W,YBR097W,0,-8.737747,0.12820513546466827,0.9778012633323669,0.6649048328399658
YJL042W,YPR078C,0,-8.738757,0.128187358379364,0.9778012633323669,0.6650105714797974
YLR007W,YJL156C,0,-8.738764,0.12816959619522095,0.9778012633323669,0.6651162505149841
YOL017W,YPR008W,0,-8.738773,0.12815184891223907,0.9778012633323669,0.6652219891548157
YJL094C,YAL047C,0,-8.739583,0.128134086728096,0.9778012633323669,0.6653276681900024
YER001W,YOL005C,0,-8.73997,0.12811633944511414,0.9778012633323669,0.665433406829834
YLR264W,YLR410W,0,-8.740234,0.12809860706329346,0.9778012633323669,0.6655390858650208
YGR181W,YOR069W,0,-8.740267,0.12808085978031158,0.9778012633323669,0.6656448245048523
YGR225W,YOR069W,0,-8.740541,0.1280631273984909,0.9778012633323669,0.6657505035400391
YLR114C,YJL121C,0,-8.740762,0.12804540991783142,0.9778012633323669,0.6658562421798706
YDR309C,YPR182W,0,-8.741041,0.12802767753601074,0.9778012633323669,0.6659619212150574
YPR121W,YOR287C,0,-8.741044,0.12800996005535126,0.9778012633323669,0.6660676598548889
YCR034W,YPL153C,0,-8.74108,0.12799225747585297,0.9778012633323669,0.6661733388900757
YPL255W,YCR040W,0,-8.741229,0.12797453999519348,0.9778012633323669,0.6662790775299072
YGL115W,YJR028W,0,-8.741429,0.1279568374156952,0.9778012633323669,0.666384756565094
YMR308C,YDL076C,0,-8.742068,0.1279391497373581,0.9778012633323669,0.6664904952049255
YDR377W,YAL047C,0,-8.742173,0.1279214471578598,0.9778012633323669,0.6665961742401123
YJR042W,YPR095C,0,-8.742774,0.1279037594795227,0.9778012633323669,0.6667019128799438
YHR175W,YFR034C,0,-8.743384,0.1278860718011856,0.9778012633323669,0.6668075919151306
YLR015W,YOL008W,0,-8.743948,0.1278683990240097,0.9778012633323669,0.6669133305549622
YDR337W,YCL008C,0,-8.744036,0.1278507262468338,0.9778012633323669,0.6670190095901489
YIL034C,YPL256C,0,-8.744057,0.1278330534696579,0.9778012633323669,0.6671247482299805
YOR233W,YOR181W,0,-8.744294,0.1278153955936432,0.9778012633323669,0.6672304272651672
YIL118W,YJL004C,0,-8.744808,0.12779773771762848,0.9778012633323669,0.6673361659049988
YNL065W,YKL086W,0,-8.745723,0.12778007984161377,0.9778012633323669,0.6674418449401855
YEL009C,YBR279W,0,-8.745774,0.12776243686676025,0.9778012633323669,0.6675475835800171
YEL050C,YNL334C,0,-8.74595,0.12774479389190674,0.9778012633323669,0.6676532626152039
YKL011C,YDR135C,0,-8.746009,0.12772715091705322,0.9778012633323669,0.6677590012550354
YLR292C,YJR049C,0,-8.74614,0.1277095079421997,0.9778012633323669,0.6678646802902222
YEL015W,YGR048W,0,-8.746568,0.12769187986850739,0.9778012633323669,0.6679704189300537
YLR304C,YNL099C,0,-8.746781,0.12767425179481506,0.9778012633323669,0.6680760979652405
YMR164C,YOR056C,0,-8.746929,0.12765663862228394,0.9778012633323669,0.668181836605072
YIR004W,YDL195W,0,-8.747087,0.1276390254497528,0.9778012633323669,0.6682875156402588
YJL024C,YBR177C,0,-8.747137,0.12762141227722168,0.9778012633323669,0.6683932542800903
YHR042W,YGL249W,0,-8.747785,0.12760381400585175,0.9778012633323669,0.6684989333152771
YGL065C,YOR159C,0,-8.7479925,0.12758620083332062,0.9778012633323669,0.6686046719551086
YBL003C,YNL129W,0,-8.74802,0.12756861746311188,0.9778012633323669,0.6687103509902954
YPL155C,YLR240W,0,-8.748363,0.12755101919174194,0.9778012633323669,0.668816089630127
YNL286W,YJL129C,0,-8.748972,0.1275334358215332,0.9778012633323669,0.6689217686653137
YCR098C,YFR024C-A,0,-8.749179,0.12751585245132446,0.9778012633323669,0.6690275073051453
YLR295C,YOR137C,0,-8.750378,0.12749828398227692,0.9778012633323669,0.669133186340332
YDR202C,YDR059C,0,-8.750747,0.12748070061206818,0.9778012633323669,0.6692389249801636
YDR488C,YAL032C,0,-8.751063,0.12746313214302063,0.9778012633323669,0.6693446040153503
YPR002W,YDR362C,0,-8.751182,0.12744557857513428,0.9778012633323669,0.6694503426551819
YER019W,YKL093W,0,-8.75183,0.12742802500724792,0.9778012633323669,0.6695560216903687
YBR020W,YLR298C,0,-8.751895,0.12741047143936157,0.9778012633323669,0.6696617603302002
YKL048C,YDL100C,0,-8.752405,0.12739291787147522,0.9778012633323669,0.669767439365387
YDL100C,YFL014W,0,-8.752667,0.12737537920475006,0.9778012633323669,0.6698731780052185
YAR018C,YDL020C,0,-8.753026,0.1273578405380249,0.9778012633323669,0.6699788570404053
YFL039C,YIL037C,0,-8.753711,0.12734030187129974,0.9778012633323669,0.6700845956802368
YMR199W,YOL129W,0,-8.753844,0.12732277810573578,0.9778012633323669,0.6701902747154236
YNL020C,YDL099W,0,-8.754592,0.12730525434017181,0.9778012633323669,0.6702959537506104
YBL026W,YMR022W,0,-8.754695,0.12728774547576904,0.9778012633323669,0.6704016923904419
YKL114C,YLR320W,0,-8.754986,0.12727022171020508,0.9778012633323669,0.6705073714256287
YOL078W,YOR193W,0,-8.755389,0.1272527128458023,0.9778012633323669,0.6706131100654602
YML132W,YER183C,0,-8.755441,0.12723521888256073,0.9778012633323669,0.670718789100647
YCR094W,YPR124W,0,-8.755715,0.12721771001815796,0.9778012633323669,0.6708245277404785
YMR119W,YDR285W,0,-8.755881,0.12720021605491638,0.9778012633323669,0.6709302067756653
YOR346W,YGR181W,0,-8.756044,0.127182736992836,0.9778012633323669,0.6710359454154968
YMR006C,YDL006W,0,-8.757211,0.12716524302959442,0.9778012633323669,0.6711416244506836
YOR078W,YAL026C,0,-8.757313,0.12714776396751404,0.9778012633323669,0.6712473630905151
YAL054C,YOL128C,0,-8.757822,0.12713028490543365,0.9778012633323669,0.6713530421257019
YGL135W,YNL309W,0,-8.758119,0.12711282074451447,0.9778012633323669,0.6714587807655334
YDR108W,YOR361C,0,-8.759072,0.12709535658359528,0.9778012633323669,0.6715644598007202
YGL012W,YIL077C,0,-8.759711,0.1270778924226761,0.9778012633323669,0.6716701984405518
YER110C,YLR135W,0,-8.75977,0.1270604431629181,0.9778012633323669,0.6717758774757385
YMR052W,YLL024C,0,-8.76146,0.1270429939031601,0.9778012633323669,0.6718816161155701
YGR246C,YJL062W,0,-8.761469,0.1270255446434021,0.9778012633323669,0.6719872951507568
YPL132W,YDR324C,0,-8.761522,0.1270080953836441,0.9778012633323669,0.6720930337905884
YEL009C,YDL076C,0,-8.761613,0.1269906610250473,0.9778012633323669,0.6721987128257751
YKL112W,YIL013C,0,-8.761677,0.1269732266664505,0.9778012633323669,0.6723044514656067
YHR079C-A,YLR135W,0,-8.762074,0.1269558072090149,0.9778012633323669,0.6724101305007935
YJR140C,YDR259C,0,-8.762178,0.12693838775157928,0.9778012633323669,0.672515869140625
YKL008C,YLR262C,0,-8.762191,0.12692096829414368,0.9778012633323669,0.6726215481758118
YHR061C,YGL093W,0,-8.762645,0.12690354883670807,0.9778012633323669,0.6727272868156433
YJR092W,YGL236C,0,-8.763202,0.12688614428043365,0.9778012633323669,0.6728329658508301
YOR321W,YIL023C,0,-8.763681,0.12686873972415924,0.9778012633323669,0.6729387044906616
YPR075C,YHR143W-A,0,-8.763703,0.12685135006904602,0.9778012633323669,0.6730443835258484
YGL045W,YNL197C,0,-8.764034,0.1268339455127716,0.9778012633323669,0.6731501221656799
YDR148C,YHR186C,0,-8.764079,0.1268165558576584,0.9778012633323669,0.6732558012008667
YDR141C,YBR129C,0,-8.764511,0.12679918110370636,0.9778012633323669,0.6733615398406982
YLR214W,YMR156C,0,-8.764718,0.12678179144859314,0.9778012633323669,0.673467218875885
YML086C,YNL055C,0,-8.764816,0.1267644166946411,0.9778012633323669,0.6735729575157166
YBL005W,YNL026W,0,-8.764817,0.12674705684185028,0.9778012633323669,0.6736786365509033
YDL017W,YIL131C,0,-8.765077,0.12672968208789825,0.9778012633323669,0.6737843751907349
YDL004W,YOR326W,0,-8.765092,0.12671232223510742,0.9778012633323669,0.6738900542259216
YDR434W,YDL078C,0,-8.765231,0.12669497728347778,0.9778012633323669,0.6739957928657532
YDR469W,YPL085W,0,-8.7657795,0.12667761743068695,0.9778012633323669,0.6741014719009399
YIL073C,YNL079C,0,-8.76624,0.1266602724790573,0.9778012633323669,0.6742072105407715
YDR122W,YEL019C,0,-8.7678175,0.12664294242858887,0.9778012633323669,0.6743128895759583
YBR068C,YDR314C,0,-8.768104,0.12662559747695923,0.9778012633323669,0.6744186282157898
YGR083C,YDL232W,0,-8.76825,0.12660826742649078,0.9778012633323669,0.6745243072509766
YLR158C,YGL033W,0,-8.768447,0.12659093737602234,0.9778012633323669,0.6746300458908081
YDR143C,YJL192C,0,-8.768796,0.1265736222267151,0.9778012633323669,0.6747357249259949
YOL054W,YDL033C,0,-8.768819,0.12655630707740784,0.9778012633323669,0.6748414635658264
YBR231C,YPR074C,0,-8.769168,0.12653899192810059,0.9778012633323669,0.6749471426010132
YLR216C,YBR168W,0,-8.7692175,0.12652167677879333,0.9778012633323669,0.6750528812408447
YHR142W,YJR110W,0,-8.770539,0.12650437653064728,0.9778012633323669,0.6751585602760315
YMR138W,YDR283C,0,-8.771335,0.12648707628250122,0.9778012633323669,0.675264298915863
YMR173W,YIR018W,0,-8.771625,0.12646979093551636,0.9778012633323669,0.6753699779510498
YNL323W,YDR330W,0,-8.771766,0.1264524906873703,0.9778012633323669,0.6754757165908813
YGL027C,YDL087C,0,-8.7717705,0.12643520534038544,0.9778012633323669,0.6755813956260681
YBL034C,YHR012W,0,-8.771827,0.12641793489456177,0.9778012633323669,0.6756870746612549
YMR119W,YOR148C,0,-8.77263,0.1264006495475769,0.9778012633323669,0.6757928133010864
YMR224C,YLR222C,0,-8.772833,0.12638337910175323,0.9778012633323669,0.6758984923362732
YBR258C,YGR059W,0,-8.77365,0.12636612355709076,0.9778012633323669,0.6760042309761047
YDR499W,YNR049C,0,-8.774196,0.1263488531112671,0.9778012633323669,0.6761099100112915
YOL095C,YEL037C,0,-8.774432,0.12633159756660461,0.9778012633323669,0.676215648651123
YOR018W,YOL091W,0,-8.774644,0.12631435692310333,0.9778012633323669,0.6763213276863098
YKR038C,YDR265W,0,-8.774923,0.12629710137844086,0.9778012633323669,0.6764270663261414
YGR199W,YGL011C,0,-8.775287,0.12627986073493958,0.9778012633323669,0.6765327453613281
YLR329W,YJL191W,0,-8.775352,0.1262626200914383,0.9778012633323669,0.6766384840011597
YLR067C,YBL057C,0,-8.775765,0.1262453943490982,0.9778012633323669,0.6767441630363464
YFL036W,YJR027W,0,-8.775823,0.12622816860675812,0.9778012633323669,0.676849901676178
YDL116W,YBR240C,0,-8.775964,0.12621094286441803,0.9778012633323669,0.6769555807113647
YBR234C,YMR012W,0,-8.777104,0.12619371712207794,0.9778012633323669,0.6770613193511963
YJL031C,YCR073C,0,-8.777691,0.12617650628089905,0.9778012633323669,0.6771669983863831
YIL155C,YFR034C,0,-8.778472,0.12615929543972015,0.9778012633323669,0.6772727370262146
YGR140W,YGL001C,0,-8.778537,0.12614209949970245,0.9778012633323669,0.6773784160614014
YLR347C,YDR175C,0,-8.778663,0.12612490355968475,0.9778012633323669,0.6774841547012329
YOL061W,YDR082W,0,-8.77885,0.12610770761966705,0.9778012633323669,0.6775898337364197
YLR207W,YKR086W,0,-8.778899,0.12609051167964935,0.9778012633323669,0.6776955723762512
YKL045W,YBL025W,0,-8.779559,0.12607333064079285,0.9778012633323669,0.677801251411438
YNL147W,YDR457W,0,-8.779727,0.12605614960193634,0.9778012633323669,0.6779069900512695
YKR066C,YKL214C,0,-8.779747,0.12603896856307983,0.9778012633323669,0.6780126690864563
YLR170C,YHR181W,0,-8.779807,0.12602180242538452,0.9778012633323669,0.6781184077262878
YPL059W,YDR381W,0,-8.780219,0.1260046362876892,0.9778012633323669,0.6782240867614746
YEL016C,YOR007C,0,-8.780589,0.1259874701499939,0.9778012633323669,0.6783298254013062
YLR056W,YKL150W,0,-8.780826,0.12597031891345978,0.9778012633323669,0.6784355044364929
YJR010C-A,YNR006W,0,-8.781051,0.12595315277576447,0.9778012633323669,0.6785412430763245
YJL058C,YDR167W,0,-8.781729,0.12593601644039154,0.9778012633323669,0.6786469221115112
YGR220C,YPL193W,1,-8.781757,0.12605500221252441,0.9788583517074585,0.6786469221115112
YBL041W,YPL032C,0,-8.782224,0.1260378360748291,0.9788583517074585,0.6787526607513428
YML128C,YER123W,0,-8.782693,0.12602068483829498,0.9788583517074585,0.6788583397865295
YKL043W,YGR063C,0,-8.782783,0.12600353360176086,0.9788583517074585,0.6789640784263611
YDL106C,YNL290W,0,-8.783044,0.12598639726638794,0.9788583517074585,0.6790697574615479
YCR028C,YLL060C,0,-8.783202,0.12596926093101501,0.9788583517074585,0.6791754961013794
YNL227C,YML025C,1,-8.783483,0.12608814239501953,0.97991544008255,0.6791754961013794
YDR077W,YLR034C,0,-8.783483,0.1260709911584854,0.97991544008255,0.6792811751365662
YBR085W,YDL017W,0,-8.783543,0.1260538548231125,0.97991544008255,0.6793869137763977
YER088C,YMR061W,0,-8.784244,0.12603670358657837,0.97991544008255,0.6794925928115845
YGL004C,YML005W,0,-8.78479,0.12601958215236664,0.97991544008255,0.679598331451416
YLR081W,YPL033C,0,-8.785222,0.1260024458169937,0.97991544008255,0.6797040104866028
YER018C,YBR143C,0,-8.785323,0.12598532438278198,0.97991544008255,0.6798097491264343
YER106W,YLR069C,0,-8.78542,0.12596820294857025,0.97991544008255,0.6799154281616211
YBR072W,YGL090W,0,-8.786297,0.12595108151435852,0.97991544008255,0.6800211668014526
YOL012C,YGR059W,0,-8.787135,0.12593397498130798,0.97991544008255,0.6801268458366394
YJL031C,YPL135W,0,-8.787592,0.12591686844825745,0.97991544008255,0.680232584476471
YPL241C,YPR121W,0,-8.788179,0.1258997619152069,0.97991544008255,0.6803382635116577
YDL198C,YML045W,0,-8.788505,0.12588267028331757,0.97991544008255,0.6804440021514893
YBR290W,YDR499W,0,-8.789053,0.12586557865142822,0.97991544008255,0.680549681186676
YNL327W,YAL002W,0,-8.78918,0.12584848701953888,0.97991544008255,0.6806554198265076
YDR283C,YPL063W,0,-8.790012,0.12583141028881073,0.97991544008255,0.6807610988616943
YDR037W,YPL118W,0,-8.790049,0.12581433355808258,0.97991544008255,0.6808667778968811
YDL231C,YGR268C,0,-8.790732,0.12579725682735443,0.97991544008255,0.6809725165367126
YCL016C,YDL198C,0,-8.791101,0.12578019499778748,0.97991544008255,0.6810781955718994
YPR181C,YOR179C,0,-8.791642,0.12576313316822052,0.97991544008255,0.681183934211731
YDR296W,YER089C,0,-8.792162,0.12574607133865356,0.97991544008255,0.6812896132469177
YMR199W,YNL116W,0,-8.792806,0.1257290095090866,0.97991544008255,0.6813953518867493
YJR150C,YOR191W,0,-8.792815,0.12571196258068085,0.97991544008255,0.681501030921936
YGL090W,YLR368W,0,-8.792912,0.12569491565227509,0.97991544008255,0.6816067695617676
YJL060W,YKL220C,0,-8.792924,0.12567786872386932,0.97991544008255,0.6817124485969543
YDR353W,YIL017C,0,-8.793208,0.12566083669662476,0.97991544008255,0.6818181872367859
YGR140W,YOL051W,0,-8.794376,0.1256438046693802,0.97991544008255,0.6819238662719727
YGR261C,YDR126W,0,-8.794439,0.12562677264213562,0.97991544008255,0.6820296049118042
YBR296C,YDR409W,0,-8.794536,0.12560975551605225,0.97991544008255,0.682135283946991
YLR081W,YFR051C,0,-8.796134,0.12559273838996887,0.97991544008255,0.6822410225868225
YNL275W,YGR256W,0,-8.796748,0.1255757212638855,0.97991544008255,0.6823467016220093
YLR233C,YPR100W,0,-8.796756,0.12555871903896332,0.97991544008255,0.6824524402618408
YLR328W,YDR200C,0,-8.797077,0.12554171681404114,0.97991544008255,0.6825581192970276
YGR211W,YDR131C,0,-8.797355,0.12552471458911896,0.97991544008255,0.6826638579368591
YNL053W,YLR025W,0,-8.798266,0.12550771236419678,0.97991544008255,0.6827695369720459
YGL078C,YML025C,1,-8.798879,0.1256261020898819,0.9809725284576416,0.6827695369720459
YOL095C,YJR033C,0,-8.799565,0.12560909986495972,0.9809725284576416,0.6828752756118774
YEL036C,YMR210W,0,-8.799787,0.12559209764003754,0.9809725284576416,0.6829809546470642
YLR085C,YLR286C,0,-8.799816,0.12557509541511536,0.9809725284576416,0.6830866932868958
YAL025C,YML025C,1,-8.800775,0.1256934106349945,0.9820296168327332,0.6830866932868958
YNR010W,YGR008C,0,-8.801343,0.12567640841007233,0.9820296168327332,0.6831923723220825
YOL088C,YMR225C,0,-8.8014965,0.12565940618515015,0.9820296168327332,0.6832981109619141
YOR038C,YER041W,0,-8.801876,0.12564241886138916,0.9820296168327332,0.6834037899971008
YIL065C,YJR040W,0,-8.80258,0.12562541663646698,0.9820296168327332,0.6835095286369324
YDR450W,YGR212W,0,-8.802581,0.1256084442138672,0.9820296168327332,0.6836152076721191
YJL170C,YGL089C,0,-8.802592,0.1255914568901062,0.9820296168327332,0.6837209463119507
YER119C,YLR265C,0,-8.80301,0.1255744844675064,0.9820296168327332,0.6838266253471375
YGR108W,YGR104C,0,-8.803275,0.12555751204490662,0.9820296168327332,0.683932363986969
YDL029W,YGR166W,0,-8.803369,0.12554053962230682,0.9820296168327332,0.6840380430221558
YCL014W,YCL051W,0,-8.803384,0.12552358210086823,0.9820296168327332,0.6841437816619873
YHR004C,YGL092W,0,-8.803716,0.12550662457942963,0.9820296168327332,0.6842494606971741
YMR056C,YDR103W,0,-8.8041115,0.12548966705799103,0.9820296168327332,0.6843551993370056
YJR017C,YDR341C,0,-8.804322,0.12547272443771362,0.9820296168327332,0.6844608783721924
YDR093W,YDR425W,0,-8.804372,0.12545576691627502,0.9820296168327332,0.6845666170120239
YBR179C,YOR025W,0,-8.804863,0.1254388391971588,0.9820296168327332,0.6846722960472107
YOR061W,YHR001W,0,-8.805,0.1254218965768814,0.9820296168327332,0.6847780346870422
YNL220W,YOR007C,0,-8.805249,0.1254049688577652,0.9820296168327332,0.684883713722229
YHR039C,YDR404C,0,-8.80541,0.125388041138649,0.9820296168327332,0.6849894523620605
YIL114C,YDR330W,0,-8.805516,0.12537111341953278,0.9820296168327332,0.6850951313972473
YBL098W,YAL035W,0,-8.805658,0.12535420060157776,0.9820296168327332,0.6852008700370789
YLR153C,YPL033C,0,-8.80569,0.12533728778362274,0.9820296168327332,0.6853065490722656
YPL221W,YJL059W,0,-8.805929,0.12532038986682892,0.9820296168327332,0.6854122877120972
YDL106C,YER031C,0,-8.806481,0.1253034770488739,0.9820296168327332,0.6855179667472839
YDR175C,YGL252C,0,-8.806907,0.12528657913208008,0.9820296168327332,0.6856237053871155
YNL288W,YKL193C,0,-8.807179,0.12526968121528625,0.9820296168327332,0.6857293844223022
YGR218W,YBR171W,0,-8.807396,0.12525279819965363,0.9820296168327332,0.6858351230621338
YJR002W,YHR079C-A,0,-8.807766,0.125235915184021,0.9820296168327332,0.6859408020973206
YPR029C,YLR216C,0,-8.807866,0.12521903216838837,0.9820296168327332,0.6860465407371521
YJR064W,YAL005C,0,-8.808198,0.12520214915275574,0.9820296168327332,0.6861522197723389
YAL040C,YNL127W,0,-8.809754,0.1251852810382843,0.9820296168327332,0.6862578988075256
YMR052W,YLR332W,0,-8.81029,0.12516841292381287,0.9820296168327332,0.6863636374473572
YDR273W,YLR100W,0,-8.810393,0.12515155971050262,0.9820296168327332,0.686469316482544
YNL328C,YBR175W,0,-8.810672,0.1251346915960312,0.9820296168327332,0.6865750551223755
YJL192C,YOR179C,0,-8.811261,0.12511783838272095,0.9820296168327332,0.6866807341575623
YIL084C,YCL069W,0,-8.811396,0.1251010000705719,0.9820296168327332,0.6867864727973938
YMR041C,YDR532C,0,-8.811612,0.12508414685726166,0.9820296168327332,0.6868921518325806
YNL042W,YMR011W,0,-8.812308,0.1250673085451126,0.9820296168327332,0.6869978904724121
YHR118C,YKL178C,0,-8.812668,0.12505048513412476,0.9820296168327332,0.6871035695075989
YPL271W,YBR058C,0,-8.812753,0.1250336468219757,0.9820296168327332,0.6872093081474304
YAL005C,YOR172W,0,-8.812951,0.12501682341098785,0.9820296168327332,0.6873149871826172
YLR028C,YNL332W,0,-8.813049,0.125,0.9820296168327332,0.6874207258224487
YHR157W,YHR079C-A,0,-8.813163,0.12498318403959274,0.9820296168327332,0.6875264048576355
YGL223C,YKL054C,0,-8.813266,0.12496636807918549,0.9820296168327332,0.687632143497467
YER178W,YNL054W,0,-8.813401,0.12494955956935883,0.9820296168327332,0.6877378225326538
YGR132C,YPR094W,0,-8.813723,0.12493275851011276,0.9820296168327332,0.6878435611724854
YPL149W,YOR294W,0,-8.814216,0.1249159574508667,0.9820296168327332,0.6879492402076721
YDR473C,YKR057W,0,-8.814893,0.12489916384220123,0.9820296168327332,0.6880549788475037
YIL122W,YPL063W,0,-8.815246,0.12488237768411636,0.9820296168327332,0.6881606578826904
YGR167W,YGL162W,0,-8.815747,0.1248655915260315,0.9820296168327332,0.688266396522522
YIR033W,YGR281W,0,-8.815785,0.12484881281852722,0.9820296168327332,0.6883720755577087
YGR170W,YNL332W,0,-8.8158865,0.12483203411102295,0.9820296168327332,0.6884778141975403
YCR039C,YHR039C,0,-8.816417,0.12481526285409927,0.9820296168327332,0.688583493232727
YGL171W,YDR135C,0,-8.816808,0.1247984990477562,0.9820296168327332,0.6886892318725586
YDL192W,YDR182W,0,-8.817131,0.12478173524141312,0.9820296168327332,0.6887949109077454
YLR206W,YNL046W,0,-8.81765,0.12476497143507004,0.9820296168327332,0.6889006495475769
YGL067W,YKR089C,0,-8.8183565,0.12474822252988815,0.9820296168327332,0.6890063285827637
YIR004W,YOL044W,0,-8.818421,0.12473147362470627,0.9820296168327332,0.6891120672225952
YDL059C,YER024W,0,-8.818967,0.12471472471952438,0.9820296168327332,0.689217746257782
YBR107C,YOL026C,0,-8.819214,0.1246979832649231,0.9820296168327332,0.6893234848976135
YOR257W,YDR407C,0,-8.819585,0.1246812492609024,0.9820296168327332,0.6894291639328003
YDR461W,YLR139C,0,-8.819721,0.12466452270746231,0.9820296168327332,0.6895349025726318
YDR337W,YOR162C,0,-8.819858,0.12464779615402222,0.9820296168327332,0.6896405816078186
YNL029C,YHR118C,0,-8.819895,0.12463106960058212,0.9820296168327332,0.6897463202476501
YAL034W-A,YNL138W,0,-8.820176,0.12461435049772263,0.9820296168327332,0.6898519992828369
YDR273W,YNL004W,0,-8.820454,0.12459763884544373,0.9820296168327332,0.6899577379226685
YGR227W,YBR103W,0,-8.820531,0.12458092719316483,0.9820296168327332,0.6900634169578552
YML047C,YDR247W,0,-8.820739,0.12456422299146652,0.9820296168327332,0.6901691555976868
YPL177C,YKL101W,0,-8.820943,0.12454752624034882,0.9820296168327332,0.6902748346328735
YOR030W,YDL019C,0,-8.82214,0.12453082948923111,0.9820296168327332,0.6903805732727051
YCR065W,YNL326C,0,-8.8225,0.124514140188694,0.9820296168327332,0.6904862523078918
YPR120C,YMR061W,0,-8.823266,0.12449745088815689,0.9820296168327332,0.6905919909477234
YKR002W,YPL010W,0,-8.823534,0.12448076903820038,0.9820296168327332,0.6906976699829102
YBR050C,YBR058C,0,-8.823718,0.12446409463882446,0.9820296168327332,0.6908034086227417
YBR165W,YJL045W,0,-8.824204,0.12444742023944855,0.9820296168327332,0.6909090876579285
YFR034C,YJL045W,0,-8.824569,0.12443075329065323,0.9820296168327332,0.69101482629776
YDL039C,YPL022W,0,-8.824628,0.12441408634185791,0.9820296168327332,0.6911205053329468
YOL043C,YKR090W,0,-8.824767,0.12439742684364319,0.9820296168327332,0.6912262439727783
YGL032C,YMR240C,0,-8.825046,0.12438077479600906,0.9820296168327332,0.6913319230079651
YML099C,YDL135C,0,-8.825049,0.12436412274837494,0.9820296168327332,0.6914376616477966
YMR162C,YOR287C,0,-8.82574,0.12434747815132141,0.9820296168327332,0.6915433406829834
YML128C,YFR031C,0,-8.825871,0.12433083355426788,0.9820296168327332,0.6916490197181702
YKR048C,YIL030C,0,-8.826194,0.12431419640779495,0.9820296168327332,0.6917547583580017
YPR200C,YAL040C,0,-8.826259,0.12429756671190262,0.9820296168327332,0.6918604373931885
YCR057C,YKL175W,0,-8.826274,0.12428093701601028,0.9820296168327332,0.69196617603302
YOL142W,YMR210W,0,-8.826452,0.12426431477069855,0.9820296168327332,0.6920718550682068
YDL213C,YDR131C,0,-8.827064,0.12424769252538681,0.9820296168327332,0.6921775937080383
YJL196C,YJL035C,0,-8.827691,0.12423107773065567,0.9820296168327332,0.6922832727432251
YJL081C,YBR103W,0,-8.827893,0.12421447038650513,0.9820296168327332,0.6923890113830566
YGR133W,YBR048W,0,-8.82791,0.12419786304235458,0.9820296168327332,0.6924946904182434
YPR111W,YJL214W,0,-8.828412,0.12418125569820404,0.9820296168327332,0.692600429058075
YGR140W,YCL008C,0,-8.828596,0.12416466325521469,0.9820296168327332,0.6927061080932617
YKR086W,YBR293W,0,-8.8292885,0.12414807081222534,0.9820296168327332,0.6928118467330933
YGL163C,YBL033C,0,-8.829416,0.12413147836923599,0.9820296168327332,0.69291752576828
YNL330C,YJR046W,0,-8.829558,0.12411489337682724,0.9820296168327332,0.6930232644081116
YPR065W,YDL109C,0,-8.829841,0.12409831583499908,0.9820296168327332,0.6931289434432983
YGR239C,YDL150W,0,-8.830551,0.12408173829317093,0.9820296168327332,0.6932346820831299
YLL018C-A,YJL006C,0,-8.830558,0.12406516820192337,0.9820296168327332,0.6933403611183167
YLR098C,YOL066C,0,-8.830628,0.12404860556125641,0.9820296168327332,0.6934460997581482
YMR208W,YNL062C,0,-8.830806,0.12403204292058945,0.9820296168327332,0.693551778793335
YBL040C,YLR249W,0,-8.830851,0.12401548773050308,0.9820296168327332,0.6936575174331665
YOL021C,YOR008C,0,-8.831119,0.12399893254041672,0.9820296168327332,0.6937631964683533
YLR394W,YEL022W,0,-8.831422,0.12398238480091095,0.9820296168327332,0.6938689351081848
YIL034C,YEL050C,0,-8.831555,0.12396583706140518,0.9820296168327332,0.6939746141433716
YML123C,YIL144W,0,-8.831668,0.12394929677248001,0.9820296168327332,0.6940803527832031
YCR098C,YCR040W,0,-8.831887,0.12393276393413544,0.9820296168327332,0.6941860318183899
YER179W,YOR326W,0,-8.8325815,0.12391623109579086,0.9820296168327332,0.6942917704582214
YNL003C,YKL006C-A,0,-8.832972,0.12389970570802689,0.9820296168327332,0.6943974494934082
YDL031W,YML025C,1,-8.833092,0.12401653826236725,0.9830867052078247,0.6943974494934082
YIL002C,YPL151C,0,-8.83319,0.12399999797344208,0.9830867052078247,0.6945031881332397
YNL275W,YLL003W,0,-8.833919,0.1239834725856781,0.9830867052078247,0.6946088671684265
YPR023C,YOR193W,0,-8.833949,0.12396693974733353,0.9830867052078247,0.6947146058082581
YDR129C,YMR095C,0,-8.834203,0.12395042181015015,0.9830867052078247,0.6948202848434448
YLR138W,YNL202W,0,-8.834345,0.12393390387296677,0.9830867052078247,0.6949260234832764
YOR355W,YML091C,0,-8.8345785,0.12391738593578339,0.9830867052078247,0.6950317025184631
YJL101C,YGL084C,0,-8.835039,0.1239008828997612,0.9830867052078247,0.6951374411582947
YNR019W,YNL014W,0,-8.835148,0.12388437241315842,0.9830867052078247,0.6952431201934814
YHL040C,YKL032C,0,-8.835353,0.12386787682771683,0.9830867052078247,0.695348858833313
YOL088C,YGR281W,0,-8.835561,0.12385138124227524,0.9830867052078247,0.6954545378684998
YML107C,YDR103W,0,-8.835923,0.12383488565683365,0.9830867052078247,0.6955602765083313
YDR098C,YJR091C,0,-8.836258,0.12381839752197266,0.9830867052078247,0.6956659555435181
YGR284C,YJR110W,0,-8.83627,0.12380191683769226,0.9830867052078247,0.6957716941833496
YDR162C,YKL038W,0,-8.836793,0.12378543615341187,0.9830867052078247,0.6958773732185364
YNR002C,YGR040W,0,-8.836946,0.12376896291971207,0.9830867052078247,0.6959831118583679
YJL134W,YPL106C,0,-8.837613,0.12375249713659286,0.9830867052078247,0.6960887908935547
YBL093C,YJL156C,0,-8.838172,0.12373603135347366,0.9830867052078247,0.6961945295333862
YKR101W,YKL175W,0,-8.838492,0.12371956557035446,0.9830867052078247,0.696300208568573
YDR434W,YAL033W,0,-8.838944,0.12370311468839645,0.9830867052078247,0.6964059472084045
YLR069C,YDR057W,0,-8.83896,0.12368666380643845,0.9830867052078247,0.6965116262435913
YER032W,YDL147W,0,-8.839151,0.12367021292448044,0.9830867052078247,0.6966173648834229
YGL054C,YGR055W,0,-8.839173,0.12365376949310303,0.9830867052078247,0.6967230439186096
YNL288W,YOR284W,0,-8.839337,0.12363733351230621,0.9830867052078247,0.6968287229537964
YPL046C,YGL137W,0,-8.8393755,0.1236208975315094,0.9830867052078247,0.6969344615936279
YKL101W,YPL040C,0,-8.83949,0.12360446900129318,0.9830867052078247,0.6970401406288147
YDL126C,YER024W,0,-8.839692,0.12358804047107697,0.9830867052078247,0.6971458792686462
YLR098C,YJL156C,0,-8.8399725,0.12357161939144135,0.9830867052078247,0.697251558303833
YDR293C,YLL012W,0,-8.840112,0.12355519831180573,0.9830867052078247,0.6973572969436646
YDL052C,YCR073W-A,0,-8.840563,0.1235387921333313,0.9830867052078247,0.6974629759788513
YHR081W,YNL304W,0,-8.840678,0.12352237850427628,0.9830867052078247,0.6975687146186829
YPR164W,YBR083W,0,-8.840795,0.12350597977638245,0.9830867052078247,0.6976743936538696
YPL146C,YMR067C,0,-8.84101,0.12348957359790802,0.9830867052078247,0.6977801322937012
YKL114C,YNL030W,0,-8.843159,0.12347318232059479,0.9830867052078247,0.6978858113288879
YAL034W-A,YGR202C,0,-8.843172,0.12345679104328156,0.9830867052078247,0.6979915499687195
YHR188C,YDR369C,0,-8.844672,0.12344040721654892,0.9830867052078247,0.6980972290039062
YMR056C,YDR175C,0,-8.8449135,0.12342402338981628,0.9830867052078247,0.6982029676437378
YLR098C,YDR300C,0,-8.844942,0.12340764701366425,0.9830867052078247,0.6983086466789246
YLR015W,YHR048W,0,-8.845246,0.12339127063751221,0.9830867052078247,0.6984143853187561
YPL127C,YMR260C,0,-8.84568,0.12337490171194077,0.9830867052078247,0.6985200643539429
YDL087C,YGL070C,0,-8.846013,0.12335853278636932,0.9830867052078247,0.6986258029937744
YJR064W,YIL029C,0,-8.847269,0.12334217876195908,0.9830867052078247,0.6987314820289612
YJL143W,YGL098W,0,-8.84752,0.12332581728696823,0.9830867052078247,0.6988372206687927
YOR250C,YKL160W,0,-8.84758,0.12330946326255798,0.9830867052078247,0.6989428997039795
YHR015W,YDL216C,0,-8.848197,0.12329311668872833,0.9830867052078247,0.699048638343811
YML061C,YBR228W,0,-8.848632,0.12327677756547928,0.9830867052078247,0.6991543173789978
YLR095C,YEL031W,0,-8.848675,0.12326043844223022,0.9830867052078247,0.6992600560188293
YHL036W,YOL045W,0,-8.848823,0.12324409931898117,0.9830867052078247,0.6993657350540161
YOR025W,YKL176C,0,-8.84941,0.12322777509689331,0.9830867052078247,0.6994714736938477
YIL044C,YNL245C,0,-8.849814,0.12321144342422485,0.9830867052078247,0.6995771527290344
YMR035W,YGL169W,0,-8.850025,0.12319512665271759,0.9830867052078247,0.699682891368866
YDR093W,YHR005C,0,-8.850569,0.12317880988121033,0.9830867052078247,0.6997885704040527
YDL181W,YLR298C,0,-8.850617,0.12316249310970306,0.9830867052078247,0.6998943090438843
YDR021W,YJL143W,0,-8.85094,0.1231461837887764,0.9830867052078247,0.699999988079071
YGR220C,YCR072C,1,-8.851161,0.12326227873563766,0.9841437339782715,0.699999988079071
YLR310C,YDL230W,0,-8.851224,0.1232459619641304,0.9841437339782715,0.7001057267189026
YPR070W,YIR041W,0,-8.851237,0.12322965264320374,0.9841437339782715,0.7002114057540894
YNL006W,YLR321C,0,-8.852082,0.12321334332227707,0.9841437339782715,0.7003171443939209
YOR038C,YIL077C,0,-8.852413,0.1231970340013504,0.9841437339782715,0.7004228234291077
YGR256W,YLR043C,0,-8.85249,0.12318073213100433,0.9841437339782715,0.7005285620689392
YOR193W,YML021C,0,-8.852674,0.12316443771123886,0.9841437339782715,0.700634241104126
YPL211W,YML025C,1,-8.853438,0.12328042089939117,0.985200822353363,0.700634241104126
YPL098C,YNL243W,0,-8.853591,0.1232641190290451,0.985200822353363,0.7007399797439575
YNL182C,YML025C,1,-8.853749,0.12338005751371384,0.9862579107284546,0.7007399797439575
YHR157W,YDR346C,0,-8.85392,0.12336374819278717,0.9862579107284546,0.7008456587791443
YGL073W,YOL112W,0,-8.853973,0.1233474388718605,0.9862579107284546,0.7009513974189758
YLR342W,YGL037C,0,-8.854402,0.12333112955093384,0.9862579107284546,0.7010570764541626
YPL154C,YDR289C,0,-8.855283,0.12331482768058777,0.9862579107284546,0.7011628150939941
YOR133W,YNR064C,0,-8.855654,0.1232985332608223,0.9862579107284546,0.7012684941291809
YJR139C,YBR030W,0,-8.855959,0.12328223884105682,0.9862579107284546,0.7013742327690125
YGL192W,YOR216C,0,-8.856744,0.12326595187187195,0.9862579107284546,0.7014799118041992
YPL137C,YLR438C-A,0,-8.85728,0.12324967235326767,0.9862579107284546,0.7015856504440308
YFR046C,YPR032W,0,-8.857516,0.12323339283466339,0.9862579107284546,0.7016913294792175
YGL063W,YML095C,0,-8.85761,0.12321711331605911,0.9862579107284546,0.7017970681190491
YPR134W,YDR400W,0,-8.857814,0.12320084869861603,0.9862579107284546,0.7019027471542358
YKL146W,YKL212W,0,-8.858176,0.12318457663059235,0.9862579107284546,0.7020084857940674
YGL003C,YGL252C,0,-8.858478,0.12316831946372986,0.9862579107284546,0.7021141648292542
YOL112W,YDL148C,0,-8.858614,0.12315206229686737,0.9862579107284546,0.7022198438644409
YNL009W,YLR417W,0,-8.859253,0.12313580513000488,0.9862579107284546,0.7023255825042725
YNL148C,YER179W,0,-8.859605,0.12311955541372299,0.9862579107284546,0.7024312615394592
YJR092W,YOR103C,0,-8.860452,0.1231033131480217,0.9862579107284546,0.7025370001792908
YJR017C,YKL006C-A,0,-8.86079,0.1230870708823204,0.9862579107284546,0.7026426792144775
YCR042C,YHR070W,0,-8.861123,0.12307083606719971,0.9862579107284546,0.7027484178543091
YHL003C,YHR015W,0,-8.861352,0.12305460125207901,0.9862579107284546,0.7028540968894958
YPR025C,YDR280W,0,-8.86161,0.12303837388753891,0.9862579107284546,0.7029598355293274
YLL015W,YPL130W,0,-8.861942,0.1230221539735794,0.9862579107284546,0.7030655145645142
YPL188W,YNL243W,0,-8.8621235,0.1230059340596199,0.9862579107284546,0.7031712532043457
YDR434W,YLR263W,0,-8.862469,0.122989721596241,0.9862579107284546,0.7032769322395325
YOL066C,YIL063C,0,-8.863524,0.12297350913286209,0.9862579107284546,0.703382670879364
YMR190C,YKR072C,0,-8.864085,0.12295730412006378,0.9862579107284546,0.7034883499145508
YHR171W,YLR254C,0,-8.864734,0.12294109910726547,0.9862579107284546,0.7035940885543823
YER044C,YBL058W,0,-8.865338,0.12292490154504776,0.9862579107284546,0.7036997675895691
YCR106W,YLR010C,0,-8.865371,0.12290870398283005,0.9862579107284546,0.7038055062294006
YHL048W,YBL003C,0,-8.865531,0.12289252132177353,0.9862579107284546,0.7039111852645874
YDR459C,YDR372C,0,-8.865939,0.12287633121013641,0.9862579107284546,0.704016923904419
YNL094W,YDR170C,0,-8.866439,0.12286015599966049,0.9862579107284546,0.7041226029396057
YKL004W,YCR071C,0,-8.866662,0.12284397333860397,0.9862579107284546,0.7042283415794373
YEL060C,YBR058C-A,0,-8.8668,0.12282780557870865,0.9862579107284546,0.704334020614624
YFL048C,YGR028W,0,-8.8672695,0.12281163781881332,0.9862579107284546,0.7044397592544556
YNR008W,YER117W,0,-8.86817,0.122795470058918,0.9862579107284546,0.7045454382896423
YDR208W,YKR089C,0,-8.868386,0.12277930974960327,0.9862579107284546,0.7046511769294739
YIL109C,YNL202W,0,-8.868474,0.12276315689086914,0.9862579107284546,0.7047568559646606
YOR299W,YMR021C,0,-8.8689165,0.12274700403213501,0.9862579107284546,0.7048625946044922
YLL043W,YKL144C,0,-8.86905,0.12273085862398148,0.9862579107284546,0.704968273639679
YLR002C,YPL218W,0,-8.869263,0.12271472066640854,0.9862579107284546,0.7050740122795105
YLR191W,YML010W,0,-8.869886,0.1226985827088356,0.9862579107284546,0.7051796913146973
YNL339C,YHR048W,0,-8.8704,0.12268244475126266,0.9862579107284546,0.7052854299545288
YJL203W,YDR322C-A,0,-8.870442,0.12266631424427032,0.9862579107284546,0.7053911089897156
YGR227W,YAL056W,0,-8.870481,0.12265019118785858,0.9862579107284546,0.7054968476295471
YDR108W,YBL002W,0,-8.87136,0.12263406813144684,0.9862579107284546,0.7056025266647339
YDR244W,YLR020C,0,-8.872018,0.12261795252561569,0.9862579107284546,0.7057082653045654
YPL170W,YHR157W,0,-8.872043,0.12260183691978455,0.9862579107284546,0.7058139443397522
YPR016C,YML025C,1,-8.872582,0.12271711975336075,0.9873149991035461,0.7058139443397522
YGL115W,YOR230W,0,-8.874096,0.122700996696949,0.9873149991035461,0.7059196829795837
YJR091C,YLR298C,0,-8.87454,0.12268488109111786,0.9873149991035461,0.7060253620147705
YNL130C,YDL213C,0,-8.874691,0.12266876548528671,0.9873149991035461,0.706131100654602
YLR107W,YJR104C,0,-8.874948,0.12265265733003616,0.9873149991035461,0.7062367796897888
YDR143C,YLR183C,0,-8.875215,0.12263655662536621,0.9873149991035461,0.7063425183296204
YBR158W,YOR157C,0,-8.875723,0.12262045592069626,0.9873149991035461,0.7064481973648071
YNL117W,YDL020C,0,-8.876196,0.1226043552160263,0.9873149991035461,0.7065539360046387
YDR076W,YCL032W,0,-8.87627,0.12258826941251755,0.9873149991035461,0.7066596150398254
YJL167W,YER116C,0,-8.876483,0.12257217615842819,0.9873149991035461,0.706765353679657
YOL026C,YDR485C,0,-8.876538,0.12255609780550003,0.9873149991035461,0.7068710327148438
YLR231C,YJL194W,0,-8.876571,0.12254001945257187,0.9873149991035461,0.7069767713546753
YPL069C,YGR048W,0,-8.876909,0.12252394109964371,0.9873149991035461,0.7070824503898621
YHR114W,YOR106W,0,-8.877516,0.12250787019729614,0.9873149991035461,0.7071881890296936
YJR057W,YPR074C,0,-8.878959,0.12249180674552917,0.9873149991035461,0.7072938680648804
YGR097W,YOR123C,0,-8.879252,0.12247574329376221,0.9873149991035461,0.7073996067047119
YNL214W,YNL309W,0,-8.879667,0.12245967984199524,0.9873149991035461,0.7075052857398987
YPL063W,YML005W,0,-8.8800535,0.12244363129138947,0.9873149991035461,0.7076109647750854
YLR155C,YOR257W,0,-8.880569,0.1224275752902031,0.9873149991035461,0.707716703414917
YNL210W,YPL087W,0,-8.880594,0.12241153419017792,0.9873149991035461,0.7078223824501038
YDR036C,YDR167W,0,-8.881217,0.12239549309015274,0.9873149991035461,0.7079281210899353
YOL049W,YNL221C,0,-8.881343,0.12237945199012756,0.9873149991035461,0.7080338001251221
YNL117W,YDL090C,0,-8.882016,0.12236341834068298,0.9873149991035461,0.7081395387649536
YIR005W,YER001W,0,-8.882527,0.122347392141819,0.9873149991035461,0.7082452178001404
YBR068C,YIL014W,0,-8.882831,0.12233136594295502,0.9873149991035461,0.7083509564399719
YGL111W,YML025C,1,-8.88321,0.12244630604982376,0.9883720874786377,0.7083509564399719
YDR236C,YDR308C,0,-8.883625,0.12243027240037918,0.9883720874786377,0.7084566354751587
YML023C,YPR198W,0,-8.883643,0.1224142462015152,0.9883720874786377,0.7085623741149902
YBR160W,YBL005W,0,-8.883783,0.12239822000265121,0.9883720874786377,0.708668053150177
YEL019C,YGR008C,0,-8.883809,0.12238220125436783,0.9883720874786377,0.7087737917900085
YGR108W,YDR153C,0,-8.88457,0.12236618250608444,0.9883720874786377,0.7088794708251953
YBR210W,YDL194W,0,-8.885235,0.12235017120838165,0.9883720874786377,0.7089852094650269
YFL050C,YJL124C,0,-8.885446,0.12233415991067886,0.9883720874786377,0.7090908885002136
YPL078C,YHR139C,0,-8.885709,0.12231815606355667,0.9883720874786377,0.7091966271400452
YCL040W,YDL154W,0,-8.886781,0.12230215966701508,0.9883720874786377,0.7093023061752319
YDL087C,YLR147C,0,-8.886907,0.12228616327047348,0.9883720874786377,0.7094080448150635
YDR191W,YHR148W,0,-8.887177,0.12227017432451248,0.9883720874786377,0.7095137238502502
YLR081W,YIL002C,0,-8.887681,0.12225418537855148,0.9883720874786377,0.7096194624900818
YHR165C,YIL118W,0,-8.889181,0.12223820388317108,0.9883720874786377,0.7097251415252686
YBR021W,YDR283C,0,-8.889613,0.12222222238779068,0.9883720874786377,0.7098308801651001
YPL228W,YGR191W,0,-8.889894,0.12220624834299088,0.9883720874786377,0.7099365592002869
YNL264C,YKL099C,0,-8.890018,0.12219027429819107,0.9883720874786377,0.7100422978401184
YDL245C,YHR023W,0,-8.890393,0.12217430770397186,0.9883720874786377,0.7101479768753052
YOR269W,YDR451C,0,-8.890622,0.12215834856033325,0.9883720874786377,0.7102537155151367
YLL013C,YOR294W,0,-8.890855,0.12214238941669464,0.9883720874786377,0.7103593945503235
YLR026C,YDR477W,0,-8.891356,0.12212643772363663,0.9883720874786377,0.710465133190155
YPR081C,YNL047C,0,-8.891471,0.12211048603057861,0.9883720874786377,0.7105708122253418
YOL026C,YBL080C,0,-8.8917,0.1220945417881012,0.9883720874786377,0.7106765508651733
YPR067W,YPR070W,0,-8.891715,0.12207859754562378,0.9883720874786377,0.7107822299003601
YGL073W,YKL043W,0,-8.8922205,0.12206266075372696,0.9883720874786377,0.7108879685401917
YGL005C,YCR071C,0,-8.892262,0.12204673141241074,0.9883720874786377,0.7109936475753784
YBL063W,YOL117W,0,-8.892625,0.12203080207109451,0.9883720874786377,0.71109938621521
YGL105W,YDR451C,0,-8.893652,0.12201488018035889,0.9883720874786377,0.7112050652503967
YDR358W,YPR065W,0,-8.8947,0.12199895828962326,0.9883720874786377,0.7113108038902283
YDR375C,YLL018C-A,0,-8.895215,0.12198303639888763,0.9883720874786377,0.711416482925415
YIL123W,YNL054W,0,-8.896837,0.1219671294093132,0.9883720874786377,0.7115222215652466
YKR097W,YDR027C,0,-8.897206,0.12195122241973877,0.9883720874786377,0.7116279006004333
YOL059W,YJR097W,0,-8.897552,0.12193531543016434,0.9883720874786377,0.7117336392402649
YLR238W,YBR037C,0,-8.897575,0.1219194158911705,0.9883720874786377,0.7118393182754517
YEL034W,YNL282W,0,-8.897982,0.12190352380275726,0.9883720874786377,0.7119450569152832
YAL016W,YNL229C,0,-8.898631,0.12188763171434402,0.9883720874786377,0.71205073595047
YDR446W,YGL195W,0,-8.899455,0.12187173962593079,0.9883720874786377,0.7121564745903015
YGL025C,YKL196C,0,-8.899718,0.12185585498809814,0.9883720874786377,0.7122621536254883
YAL022C,YBR103W,0,-8.899947,0.1218399778008461,0.9883720874786377,0.7123678922653198
YJL145W,YLR346C,0,-8.900621,0.12182410061359406,0.9883720874786377,0.7124735713005066
YHR096C,YOR069W,0,-8.900649,0.12180823087692261,0.9883720874786377,0.7125793099403381
YKR089C,YER072W,0,-8.901515,0.12179236859083176,0.9883720874786377,0.7126849889755249
YJR084W,YDR437W,0,-8.9019375,0.1217765063047409,0.9883720874786377,0.7127906680107117
YCR044C,YIL076W,0,-8.90199,0.12176064401865005,0.9883720874786377,0.7128964066505432
YGL005C,YPL235W,0,-8.902995,0.1217447891831398,0.9883720874786377,0.71300208568573
YOL078W,YER159C,0,-8.903257,0.12172894179821014,0.9883720874786377,0.7131078243255615
YMR301C,YNL326C,0,-8.903906,0.12171309441328049,0.9883720874786377,0.7132135033607483
YGL032C,YIL038C,0,-8.90412,0.12169725447893143,0.9883720874786377,0.7133192420005798
YJR040W,YKL041W,0,-8.904562,0.12168141454458237,0.9883720874786377,0.7134249210357666
YBL020W,YOL031C,0,-8.905619,0.1216655820608139,0.9883720874786377,0.7135306596755981
YMR301C,YGL192W,0,-8.905881,0.12164974957704544,0.9883720874786377,0.7136363387107849
YDL020C,YLR010C,0,-8.906442,0.12163392454385757,0.9883720874786377,0.7137420773506165
YNL151C,YDR409W,0,-8.906722,0.1216181069612503,0.9883720874786377,0.7138477563858032
YLR056W,YIL017C,0,-8.908695,0.12160228937864304,0.9883720874786377,0.7139534950256348
YDR343C,YDR285W,0,-8.909471,0.12158647924661636,0.9883720874786377,0.7140591740608215
YJR118C,YKL166C,0,-8.909528,0.12157066911458969,0.9883720874786377,0.7141649127006531
YMR096W,YLR455W,0,-8.911185,0.12155485898256302,0.9883720874786377,0.7142705917358398
YCR089W,YGR143W,0,-8.912364,0.12153906375169754,0.9883720874786377,0.7143763303756714
YLR242C,YNL131W,0,-8.913008,0.12152326852083206,0.9883720874786377,0.7144820094108582
YAL003W,YKL079W,0,-8.913717,0.12150747328996658,0.9883720874786377,0.7145877480506897
YNL317W,YBR167C,0,-8.914971,0.1214916855096817,0.9883720874786377,0.7146934270858765
YJR108W,YKL002W,0,-8.915389,0.12147589772939682,0.9883720874786377,0.714799165725708
YIL038C,YDL128W,0,-8.915875,0.12146011739969254,0.9883720874786377,0.7149048447608948
YOL093W,YOR075W,0,-8.916013,0.12144434452056885,0.9883720874786377,0.7150105834007263
YOL139C,YIL070C,0,-8.916123,0.12142857164144516,0.9883720874786377,0.7151162624359131
YIR005W,YNL142W,0,-8.916991,0.12141280621290207,0.9883720874786377,0.7152220010757446
YFL011W,YBR058C,0,-8.917012,0.12139704078435898,0.9883720874786377,0.7153276801109314
YER179W,YJL133W,0,-8.919587,0.12138128280639648,0.9883720874786377,0.7154334187507629
YPL156C,YNR034W,0,-8.919592,0.12136552482843399,0.9883720874786377,0.7155390977859497
YPR103W,YLR403W,0,-8.920203,0.1213497743010521,0.9883720874786377,0.7156448364257812
YPR140W,YOL055C,0,-8.920475,0.1213340237736702,0.9883720874786377,0.715750515460968
YOL008W,YOR313C,0,-8.920777,0.1213182806968689,0.9883720874786377,0.7158562541007996
YML081C-A,YBR079C,0,-8.92106,0.1213025450706482,0.9883720874786377,0.7159619331359863
YNR072W,YOR216C,0,-8.921237,0.12128680944442749,0.9883720874786377,0.7160676717758179
YDL090C,YLR139C,0,-8.921397,0.12127107381820679,0.9883720874786377,0.7161733508110046
YPR033C,YMR039C,0,-8.921834,0.12125535309314728,0.9883720874786377,0.7162790894508362
YJL020C,YDR422C,0,-8.921946,0.12123962491750717,0.9883720874786377,0.716384768486023
YDL087C,YHR165C,0,-8.922112,0.12122390419244766,0.9883720874786377,0.7164905071258545
YKR062W,YHR048W,0,-8.922213,0.12120819091796875,0.9883720874786377,0.7165961861610413
YKL114C,YDR268W,0,-8.922965,0.12119248509407043,0.9883720874786377,0.7167019248008728
YCL026C-A,YML091C,0,-8.923191,0.12117677181959152,0.9883720874786377,0.7168076038360596
YPL042C,YKL081W,0,-8.92325,0.1211610734462738,0.9883720874786377,0.7169133424758911
YJR069C,YKL134C,0,-8.923292,0.12114537507295609,0.9883720874786377,0.7170190215110779
YDR524C,YJR040W,0,-8.923438,0.12112967669963837,0.9883720874786377,0.7171247601509094
YIR019C,YDR167W,0,-8.924308,0.12111399322748184,0.9883720874786377,0.7172304391860962
YDR009W,YPR138C,0,-8.92443,0.12109830230474472,0.9883720874786377,0.7173361778259277
YOR304W,YKL095W,0,-8.924888,0.1210826188325882,0.9883720874786377,0.7174418568611145
YHR169W,YJR135W-A,0,-8.925233,0.12106694281101227,0.9883720874786377,0.717547595500946
YDL117W,YGR202C,0,-8.925887,0.12105126678943634,0.9883720874786377,0.7176532745361328
YOR284W,YGR270W,0,-8.926467,0.12103559821844101,0.9883720874786377,0.7177590131759644
YJL170C,YLR090W,0,-8.928021,0.12101992964744568,0.9883720874786377,0.7178646922111511
YOL115W,YBL005W,0,-8.928043,0.12100426852703094,0.9883720874786377,0.7179704308509827
YFL016C,YGL172W,0,-8.928399,0.12098861485719681,0.9883720874786377,0.7180761098861694
YFL031W,YDL020C,0,-8.92877,0.12097296118736267,0.9883720874786377,0.7181817889213562
YAL056W,YPL127C,0,-8.928893,0.12095730751752853,0.9883720874786377,0.7182875275611877
YOR193W,YHR039C-A,0,-8.928907,0.120941661298275,0.9883720874786377,0.7183932065963745
YDL004W,YGL030W,0,-8.928999,0.12092602252960205,0.9883720874786377,0.718498945236206
YMR290C,YLR301W,0,-8.929396,0.12091038376092911,0.9883720874786377,0.7186046242713928
YPL085W,YDR325W,0,-8.929917,0.12089475244283676,0.9883720874786377,0.7187103629112244
YMR173W,YKL196C,0,-8.929999,0.12087912112474442,0.9883720874786377,0.7188160419464111
YHR193C,YPL155C,0,-8.930129,0.12086349725723267,0.9883720874786377,0.7189217805862427
YCL027W,YDR190C,0,-8.9303255,0.12084787338972092,0.9883720874786377,0.7190274596214294
YJL170C,YHR067W,0,-8.931417,0.12083225697278976,0.9883720874786377,0.719133198261261
YGL033W,YOR004W,0,-8.931751,0.12081664055585861,0.9883720874786377,0.7192388772964478
YNL065W,YNL016W,0,-8.932089,0.12080103158950806,0.9883720874786377,0.7193446159362793
YAL041W,YPL119C,0,-8.932157,0.1207854300737381,0.9883720874786377,0.7194502949714661
YHR193C,YOR057W,0,-8.932616,0.12076982855796814,0.9883720874786377,0.7195560336112976
YMR240C,YNL167C,0,-8.932835,0.12075422704219818,0.9883720874786377,0.7196617126464844
YML113W,YML095C,0,-8.933083,0.12073863297700882,0.9883720874786377,0.7197674512863159
YPL061W,YGL163C,0,-8.933296,0.12072304636240005,0.9883720874786377,0.7198731303215027
YJR083C,YMR096W,0,-8.933549,0.12070745974779129,0.9883720874786377,0.7199788689613342
YNL201C,YJL089W,0,-8.935475,0.12069188058376312,0.9883720874786377,0.720084547996521
YBL078C,YML038C,0,-8.936833,0.12067630141973495,0.9883720874786377,0.7201902866363525
YLR110C,YMR218C,0,-8.937057,0.12066072970628738,0.9883720874786377,0.7202959656715393
YNL264C,YFL017W-A,0,-8.937842,0.12064515799283981,0.9883720874786377,0.7204017043113708
YGL143C,YPR042C,0,-8.938094,0.12062959372997284,0.9883720874786377,0.7205073833465576
YOL049W,YPL128C,0,-8.938468,0.12061403691768646,0.9883720874786377,0.7206131219863892
YHR102W,YNL202W,0,-8.938572,0.12059848010540009,0.9883720874786377,0.7207188010215759
YNL153C,YPL130W,0,-8.93916,0.12058292329311371,0.9883720874786377,0.7208245396614075
YOR005C,YLR043C,0,-8.939282,0.12056737393140793,0.9883720874786377,0.7209302186965942
YDL074C,YOL042W,0,-8.939432,0.12055183202028275,0.9883720874786377,0.7210359573364258
YMR039C,YHR048W,0,-8.939492,0.12053629010915756,0.9883720874786377,0.7211416363716125
YNL318C,YPR032W,0,-8.939542,0.12052075564861298,0.9883720874786377,0.7212473750114441
YDL142C,YNL145W,0,-8.94086,0.12050522118806839,0.9883720874786377,0.7213530540466309
YOR294W,YML039W,0,-8.941466,0.1204896941781044,0.9883720874786377,0.7214587926864624
YAL021C,YGL223C,0,-8.941592,0.12047416716814041,0.9883720874786377,0.7215644717216492
YML127W,YDR453C,0,-8.9421625,0.12045864760875702,0.9883720874786377,0.7216702103614807
YJR090C,YBR083W,0,-8.94218,0.12044312804937363,0.9883720874786377,0.7217758893966675
YMR083W,YJL154C,0,-8.9442835,0.12042761594057083,0.9883720874786377,0.721881628036499
YPR191W,YCR053W,0,-8.944404,0.12041210383176804,0.9883720874786377,0.7219873070716858
YFR040W,YHR070W,0,-8.944606,0.12039659917354584,0.9883720874786377,0.7220930457115173
YPL262W,YMR164C,0,-8.944749,0.12038110196590424,0.9883720874786377,0.7221987247467041
YIR033W,YKL051W,0,-8.944751,0.12036560475826263,0.9883720874786377,0.7223044633865356
YOR119C,YDL076C,0,-8.944774,0.12035010755062103,0.9883720874786377,0.7224101424217224
YHR083W,YNL044W,0,-8.945269,0.12033461779356003,0.9883720874786377,0.722515881061554
YLR052W,YLR135W,0,-8.945576,0.12031913548707962,0.9883720874786377,0.7226215600967407
YEL016C,YER082C,0,-8.94592,0.12030365318059921,0.9883720874786377,0.7227272987365723
YOR185C,YDL028C,0,-8.946427,0.1202881783246994,0.9883720874786377,0.722832977771759
YFL057C,YDL235C,0,-8.946685,0.12027270346879959,0.9883720874786377,0.7229387164115906
YOL104C,YPL239W,0,-8.946685,0.12025723606348038,0.9883720874786377,0.7230443954467773
YML061C,YOR014W,0,-8.94669,0.12024176865816116,0.9883720874786377,0.7231501340866089
YDL226C,YCL032W,0,-8.947202,0.12022630870342255,0.9883720874786377,0.7232558131217957
YDR434W,YKL203C,0,-8.947552,0.12021084874868393,0.9883720874786377,0.7233615517616272
YLL050C,YLR285W,0,-8.9482355,0.12019539624452591,0.9883720874786377,0.723467230796814
YPL242C,YIL053W,0,-8.9490595,0.12017995119094849,0.9883720874786377,0.7235729098320007
YHL048W,YMR319C,0,-8.949795,0.12016450613737106,0.9883720874786377,0.7236786484718323
YDL101C,YPR190C,0,-8.94983,0.12014906108379364,0.9883720874786377,0.723784327507019
YNL327W,YFL003C,0,-8.949898,0.12013362348079681,0.9883720874786377,0.7238900661468506
YPL123C,YGR186W,0,-8.950198,0.12011819332838058,0.9883720874786377,0.7239957451820374
YOR226C,YOL124C,0,-8.950499,0.12010276317596436,0.9883720874786377,0.7241014838218689
YMR056C,YOR194C,0,-8.950595,0.12008733302354813,0.9883720874786377,0.7242071628570557
YEL056W,YKR057W,0,-8.950817,0.12007191777229309,0.9883720874786377,0.7243129014968872
YGL058W,YOR008C,0,-8.9508505,0.12005649507045746,0.9883720874786377,0.724418580532074
YDR375C,YOR080W,0,-8.950967,0.12004108726978302,0.9883720874786377,0.7245243191719055
YHR204W,YFR040W,0,-8.951751,0.12002567201852798,0.9883720874786377,0.7246299982070923
YPL188W,YPL147W,0,-8.952184,0.12001027166843414,0.9883720874786377,0.7247357368469238
YDL093W,YHR196W,0,-8.952245,0.1199948638677597,0.9883720874786377,0.7248414158821106
YBL061C,YKL203C,0,-8.952334,0.11997947096824646,0.9883720874786377,0.7249471545219421
YGL209W,YLR193C,0,-8.95352,0.11996407806873322,0.9883720874786377,0.7250528335571289
YOR226C,YJL059W,0,-8.954511,0.11994868516921997,0.9883720874786377,0.7251585721969604
YGR108W,YLL024C,0,-8.95477,0.11993329972028732,0.9883720874786377,0.7252642512321472
YER032W,YLR382C,0,-8.955078,0.11991791427135468,0.9883720874786377,0.7253699898719788
YPL076W,YGR094W,0,-8.955276,0.11990253627300262,0.9883720874786377,0.7254756689071655
YLR098C,YGL127C,0,-8.955335,0.11988716572523117,0.9883720874786377,0.7255814075469971
YLR431C,YIL013C,0,-8.956246,0.11987179517745972,0.9883720874786377,0.7256870865821838
YNL030W,YDL185W,0,-8.95637,0.11985643208026886,0.9883720874786377,0.7257928252220154
YDR499W,YMR298W,0,-8.956385,0.119841068983078,0.9883720874786377,0.7258985042572021
YOL008W,YLR425W,0,-8.957517,0.11982570588588715,0.9883720874786377,0.7260042428970337
YJL011C,YDR485C,0,-8.958222,0.11981035023927689,0.9883720874786377,0.7261099219322205
YOR299W,YDL076C,0,-8.95886,0.11979500204324722,0.9883720874786377,0.726215660572052
YCR089W,YOL116W,0,-8.959753,0.11977965384721756,0.9883720874786377,0.7263213396072388
YMR033W,YKR101W,0,-8.960069,0.1197643131017685,0.9883720874786377,0.7264270782470703
YOL123W,YKL055C,0,-8.960284,0.11974897235631943,0.9883720874786377,0.7265327572822571
YIL040W,YCR014C,0,-8.960585,0.11973363906145096,0.9883720874786377,0.7266384959220886
YOR061W,YLR090W,0,-8.96111,0.11971831321716309,0.9883720874786377,0.7267441749572754
YGL032C,YDL244W,0,-8.961812,0.11970297992229462,0.9883720874786377,0.7268499135971069
YLR319C,YDR076W,0,-8.96272,0.11968766152858734,0.9883720874786377,0.7269555926322937
YFL010W-A,YJL125C,0,-8.962952,0.11967234313488007,0.9883720874786377,0.7270613312721252
YGR147C,YLL003W,0,-8.963197,0.11965702474117279,0.9883720874786377,0.727167010307312
YCR089W,YKR097W,0,-8.963557,0.11964171379804611,0.9883720874786377,0.7272727489471436
YEL009C,YOR148C,0,-8.963855,0.11962641030550003,0.9883720874786377,0.7273784279823303
YOR304W,YGL137W,0,-8.963965,0.11961110681295395,0.9883720874786377,0.7274841666221619
YOR329C,YDR356W,0,-8.964295,0.11959580332040787,0.9883720874786377,0.7275898456573486
YOR127W,YLR298C,0,-8.964549,0.11958050727844238,0.9883720874786377,0.7276955842971802
YNL118C,YGL067W,0,-8.965137,0.1195652186870575,0.9883720874786377,0.7278012633323669
YPR055W,YJR010C-A,0,-8.965239,0.11954993009567261,0.9883720874786377,0.7279070019721985
YAR042W,YJR102C,0,-8.966644,0.11953464895486832,0.9883720874786377,0.7280126810073853
YLR347C,YPL087W,0,-8.967228,0.11951936781406403,0.9883720874786377,0.7281184196472168
YPL228W,YER106W,0,-8.967573,0.11950408667325974,0.9883720874786377,0.7282240986824036
YLR405W,YDR409W,0,-8.968102,0.11948882043361664,0.9883720874786377,0.7283298373222351
YGL005C,YLR023C,0,-8.968528,0.11947354674339294,0.9883720874786377,0.7284355163574219
YLR207W,YER162C,0,-8.968705,0.11945828795433044,0.9883720874786377,0.7285412549972534
YPL001W,YER162C,0,-8.969153,0.11944302171468735,0.9883720874786377,0.7286469340324402
YNL047C,YBR240C,0,-8.969258,0.11942777037620544,0.9883720874786377,0.728752613067627
YPR181C,YLR452C,0,-8.96948,0.11941251903772354,0.9883720874786377,0.7288583517074585
YOR037W,YJL168C,0,-8.969982,0.11939726769924164,0.9883720874786377,0.7289640307426453
YDL088C,YDR116C,0,-8.971475,0.11938202381134033,0.9883720874786377,0.7290697693824768
YAL035W,YHR012W,0,-8.971708,0.11936677992343903,0.9883720874786377,0.7291754484176636
YBL013W,YBL006C,0,-8.971868,0.11935154348611832,0.9883720874786377,0.7292811870574951
YBL003C,YCL004W,0,-8.971871,0.1193363144993782,0.9883720874786377,0.7293868660926819
YKR065C,YDR459C,0,-8.972058,0.11932108551263809,0.9883720874786377,0.7294926047325134
YPR034W,YBR114W,0,-8.973928,0.11930585652589798,0.9883720874786377,0.7295982837677002
YPR199C,YPL097W,0,-8.9741125,0.11929063498973846,0.9883720874786377,0.7297040224075317
YGR268C,YDR181C,0,-8.974286,0.11927542090415955,0.9883720874786377,0.7298097014427185
YIL016W,YDR082W,0,-8.974358,0.11926020681858063,0.9883720874786377,0.72991544008255
YDL236W,YJL001W,0,-8.974648,0.11924499273300171,0.9883720874786377,0.7300211191177368
YDR268W,YIL123W,0,-8.974841,0.11922978609800339,0.9883720874786377,0.7301268577575684
YOR377W,YNR026C,0,-8.974937,0.11921458691358566,0.9883720874786377,0.7302325367927551
YNL274C,YDR285W,0,-8.975016,0.11919938772916794,0.9883720874786377,0.7303382754325867
YLR205C,YGR276C,0,-8.975468,0.11918419599533081,0.9883720874786377,0.7304439544677734
YLR100W,YKR095W,0,-8.97557,0.11916900426149368,0.9883720874786377,0.730549693107605
YKL160W,YPR086W,0,-8.975764,0.11915381997823715,0.9883720874786377,0.7306553721427917
YBL022C,YGR279C,0,-8.97586,0.11913863569498062,0.9883720874786377,0.7307611107826233
YNL117W,YLR417W,0,-8.976019,0.11912345886230469,0.9883720874786377,0.7308667898178101
YER112W,YBR066C,0,-8.976589,0.11910828202962875,0.9883720874786377,0.7309725284576416
YPL262W,YOR321W,0,-8.977634,0.11909311264753342,0.9883720874786377,0.7310782074928284
YGL194C,YLR105C,0,-8.97804,0.11907794326543808,0.9883720874786377,0.7311839461326599
YLL009C,YJL101C,0,-8.978296,0.11906278133392334,0.9883720874786377,0.7312896251678467
YCR044C,YOL146W,0,-8.979082,0.1190476194024086,0.9883720874786377,0.7313953638076782
YAL007C,YHR001W-A,0,-8.979309,0.11903246492147446,0.9883720874786377,0.731501042842865
YOR371C,YIR021W,0,-8.980374,0.11901731044054031,0.9883720874786377,0.7316067814826965
YDL231C,YOR334W,0,-8.980651,0.11900216341018677,0.9883720874786377,0.7317124605178833
YJR127C,YER161C,0,-8.981038,0.11898701637983322,0.9883720874786377,0.7318181991577148
YCL026C-A,YBL032W,0,-8.98104,0.11897187680006027,0.9883720874786377,0.7319238781929016
YGR007W,YOR308C,0,-8.98202,0.11895674467086792,0.9883720874786377,0.7320296168327332
YDR382W,YML039W,0,-8.9826565,0.11894161254167557,0.9883720874786377,0.7321352958679199
YHR157W,YPL033C,0,-8.982778,0.11892648041248322,0.9883720874786377,0.7322410345077515
YLR069C,YBR049C,0,-8.9828205,0.11891135573387146,0.9883720874786377,0.7323467135429382
YBL098W,YMR101C,0,-8.983521,0.1188962385058403,0.9883720874786377,0.7324524521827698
YLR095C,YEL032W,0,-8.983749,0.11888112127780914,0.9883720874786377,0.7325581312179565
YNL331C,YOL095C,0,-8.984242,0.11886600404977798,0.9883720874786377,0.7326638698577881
YER075C,YMR053C,0,-8.984311,0.11885089427232742,0.9883720874786377,0.7327695488929749
YDR141C,YNL131W,0,-8.985628,0.11883579194545746,0.9883720874786377,0.7328752875328064
YOR226C,YGR212W,0,-8.98616,0.1188206896185875,0.9883720874786377,0.7329809665679932
YNL065W,YIL048W,0,-8.986366,0.11880558729171753,0.9883720874786377,0.7330867052078247
YAL033W,YGL163C,0,-8.986948,0.11879049986600876,0.9883720874786377,0.7331923842430115
YIL051C,YJL210W,0,-8.987099,0.11877540498971939,0.9883720874786377,0.733298122882843
YDR473C,YOR224C,0,-8.987149,0.11876031756401062,0.9883720874786377,0.7334038019180298
YLR405W,YIL098C,0,-8.987664,0.11874523758888245,0.9883720874786377,0.7335095405578613
YMR112C,YGR170W,0,-8.98808,0.11873015761375427,0.9883720874786377,0.7336152195930481
YPR001W,YOL028C,0,-8.988084,0.1187150850892067,0.9883720874786377,0.7337209582328796
YDR285W,YGR211W,0,-8.988315,0.11870001256465912,0.9883720874786377,0.7338266372680664
YNR075W,YOR346W,0,-8.988435,0.11868494749069214,0.9883720874786377,0.733932375907898
YOR005C,YDL030W,0,-8.989552,0.11866988241672516,0.9883720874786377,0.7340380549430847
YNL273W,YPL239W,0,-8.991113,0.11865482479333878,0.9883720874786377,0.7341437339782715
YJR010C-A,YLR090W,0,-8.991556,0.11863976716995239,0.9883720874786377,0.734249472618103
YNL210W,YDR481C,0,-8.991677,0.1186247169971466,0.9883720874786377,0.7343551516532898
YLR254C,YAL017W,0,-8.992142,0.11860966682434082,0.9883720874786377,0.7344608902931213
YGR155W,YJR022W,0,-8.99239,0.11859462410211563,0.9883720874786377,0.7345665693283081
YDL227C,YKR055W,0,-8.992509,0.11857958137989044,0.9883720874786377,0.7346723079681396
YMR316W,YMR035W,0,-8.995287,0.11856454610824585,0.9883720874786377,0.7347779870033264
YDR268W,YGL122C,0,-8.995794,0.11854951083660126,0.9883720874786377,0.734883725643158
YBR274W,YPL147W,0,-8.9959,0.11853448301553726,0.9883720874786377,0.7349894046783447
YML062C,YOR294W,0,-8.996055,0.11851945519447327,0.9883720874786377,0.7350951433181763
YLR433C,YBR020W,0,-8.99628,0.11850443482398987,0.9883720874786377,0.735200822353363
YBR129C,YHR205W,0,-8.996455,0.11848942190408707,0.9883720874786377,0.7353065609931946
YGL194C,YOL094C,0,-8.997493,0.11847440153360367,0.9883720874786377,0.7354122400283813
YAL056W,YPL029W,0,-8.997652,0.11845939606428146,0.9883720874786377,0.7355179786682129
YHL019C,YCR086W,0,-8.998104,0.11844439059495926,0.9883720874786377,0.7356236577033997
YNL126W,YDR369C,0,-8.998421,0.11842938512563705,0.9883720874786377,0.7357293963432312
YFL003C,YMR183C,0,-8.99911,0.11841438710689545,0.9883720874786377,0.735835075378418
YKL022C,YNR046W,0,-8.999381,0.11839938908815384,0.9883720874786377,0.7359408140182495
YDL059C,YOL091W,0,-8.999677,0.11838439851999283,0.9883720874786377,0.7360464930534363
YKL008C,YGL063W,0,-9.000324,0.11836941540241241,0.9883720874786377,0.7361522316932678
YJL104W,YKL173W,0,-9.000898,0.118354432284832,0.9883720874786377,0.7362579107284546
YJR108W,YOR171C,0,-9.00132,0.11833944916725159,0.9883720874786377,0.7363636493682861
YDR022C,YDR297W,0,-9.0018,0.11832447350025177,0.9883720874786377,0.7364693284034729
YNL042W,YDR075W,0,-9.002337,0.11830950528383255,0.9883720874786377,0.7365750670433044
YPL117C,YDL098C,0,-9.002824,0.11829453706741333,0.9883720874786377,0.7366807460784912
YML123C,YDL130W-A,0,-9.003393,0.11827956885099411,0.9883720874786377,0.7367864847183228
YNL241C,YOR060C,0,-9.003734,0.11826460808515549,0.9883720874786377,0.7368921637535095
YPL224C,YDR218C,0,-9.003822,0.11824965476989746,0.9883720874786377,0.7369979023933411
YGL257C,YOR027W,0,-9.003948,0.11823470145463943,0.9883720874786377,0.7371035814285278
YMR095C,YCR073W-A,0,-9.004357,0.11821974813938141,0.9883720874786377,0.7372093200683594
YJL184W,YOL045W,0,-9.005025,0.11820480227470398,0.9883720874786377,0.7373149991035461
YDL198C,YPL233W,0,-9.005128,0.11818986386060715,0.9883720874786377,0.7374207377433777
YDL236W,YNL262W,0,-9.005809,0.11817492544651031,0.9883720874786377,0.7375264167785645
YLR425W,YNL044W,0,-9.006612,0.11815998703241348,0.9883720874786377,0.737632155418396
YMR078C,YHR074W,0,-9.006814,0.11814505606889725,0.9883720874786377,0.7377378344535828
YEL066W,YBR169C,0,-9.006881,0.11813013255596161,0.9883720874786377,0.7378435730934143
YHR150W,YBR093C,0,-9.007083,0.11811520904302597,0.9883720874786377,0.7379492521286011
YDR174W,YPL022W,0,-9.00735,0.11810029298067093,0.9883720874786377,0.7380549907684326
YLR377C,YER116C,0,-9.00756,0.11808537691831589,0.9883720874786377,0.7381606698036194
YJR076C,YIR018W,0,-9.007995,0.11807046085596085,0.9883720874786377,0.7382664084434509
YGL054C,YKR020W,0,-9.008862,0.1180555522441864,0.9883720874786377,0.7383720874786377
YML095C,YGL227W,0,-9.008972,0.11804065108299255,0.9883720874786377,0.7384778261184692
YNL130C,YIL128W,0,-9.009329,0.1180257499217987,0.9883720874786377,0.738583505153656
YOR056C,YDR181C,0,-9.009496,0.11801085621118546,0.9883720874786377,0.7386892437934875
YOR249C,YNL281W,0,-9.009734,0.1179959625005722,0.9883720874786377,0.7387949228286743
YOL008W,YBR079C,0,-9.009818,0.11798107624053955,0.9883720874786377,0.7389006614685059
YGL016W,YOR256C,0,-9.009995,0.1179661899805069,0.9883720874786377,0.7390063405036926
YOR239W,YBR278W,0,-9.012369,0.11795130372047424,0.9883720874786377,0.7391120791435242
YNL116W,YOL064C,0,-9.012997,0.11793642491102219,0.9883720874786377,0.7392177581787109
YNR056C,YBR061C,0,-9.013029,0.11792155355215073,0.9883720874786377,0.7393234968185425
YPL155C,YGL122C,0,-9.013711,0.11790668219327927,0.9883720874786377,0.7394291758537292
YPL078C,YGR267C,0,-9.014005,0.1178918182849884,0.9883720874786377,0.739534854888916
YLR110C,YPL283C,0,-9.014489,0.11787695437669754,0.9883720874786377,0.7396405935287476
YJL198W,YIL017W,0,-9.0154295,0.11786209791898727,0.9883720874786377,0.7397462725639343
YDL029W,YPR025C,0,-9.016452,0.11784724146127701,0.9883720874786377,0.7398520112037659
YJL031C,YIL119C,0,-9.016494,0.11783238500356674,0.9883720874786377,0.7399576902389526
YBL032W,YKL110C,0,-9.016965,0.11781754344701767,0.9883720874786377,0.7400634288787842
YKL173W,YHR039C-A,0,-9.01702,0.117802694439888,0.9883720874786377,0.740169107913971
YDR378C,YPL171C,0,-9.017078,0.11778785288333893,0.9883720874786377,0.7402748465538025
YGL005C,YPL063W,0,-9.0171585,0.11777301877737045,0.9883720874786377,0.7403805255889893
YDR345C,YDR245W,0,-9.017814,0.11775818467140198,0.9883720874786377,0.7404862642288208
YBR021W,YML061C,0,-9.018999,0.1177433580160141,0.9883720874786377,0.7405919432640076
YDR159W,YLR139C,0,-9.019071,0.11772853136062622,0.9883720874786377,0.7406976819038391
YKL045W,YHR099W,0,-9.019339,0.11771371215581894,0.9883720874786377,0.7408033609390259
YDL132W,YMR211W,0,-9.020215,0.11769889295101166,0.9883720874786377,0.7409090995788574
YLR009W,YML025C,1,-9.020743,0.11780994385480881,0.9894291758537292,0.7409090995788574
YOR377W,YPL237W,0,-9.020873,0.11779511719942093,0.9894291758537292,0.7410147786140442
YHR052W,YML025C,1,-9.021113,0.1179061308503151,0.9904862642288208,0.7410147786140442
YIL053W,YOR008C,0,-9.021317,0.11789129674434662,0.9904862642288208,0.7411205172538757
YLR320W,YER162C,0,-9.021533,0.11787646263837814,0.9904862642288208,0.7412261962890625
YAL026C,YJR070C,0,-9.021605,0.11786163598299026,0.9904862642288208,0.741331934928894
YHR004C,YMR101C,0,-9.021855,0.11784680932760239,0.9904862642288208,0.7414376139640808
YOL001W,YHR139C,0,-9.022019,0.1178319901227951,0.9904862642288208,0.7415433526039124
YBR039W,YDR245W,0,-9.022088,0.11781717836856842,0.9904862642288208,0.7416490316390991
YLR160C,YJL010C,0,-9.02272,0.11780236661434174,0.9904862642288208,0.7417547702789307
YDR168W,YER019C-A,0,-9.023112,0.11778755486011505,0.9904862642288208,0.7418604493141174
YPR020W,YPR005C,0,-9.024835,0.11777275055646896,0.9904862642288208,0.741966187953949
YGL008C,YJL154C,0,-9.024962,0.11775794625282288,0.9904862642288208,0.7420718669891357
YGL027C,YBR006W,0,-9.025844,0.11774314939975739,0.9904862642288208,0.7421776056289673
YKL192C,YMR021C,0,-9.025937,0.11772835999727249,0.9904862642288208,0.742283284664154
YOL031C,YOR295W,0,-9.02604,0.1177135705947876,0.9904862642288208,0.7423890233039856
YOL135C,YDR485C,0,-9.026548,0.1176987811923027,0.9904862642288208,0.7424947023391724
YBR160W,YKR086W,0,-9.026948,0.11768399924039841,0.9904862642288208,0.7426004409790039
YPL020C,YLR090W,0,-9.028036,0.11766921728849411,0.9904862642288208,0.7427061200141907
YKR059W,YGL249W,0,-9.028802,0.11765444278717041,0.9904862642288208,0.7428118586540222
YDL006W,YOL055C,0,-9.028915,0.11763967573642731,0.9904862642288208,0.742917537689209
YBL018C,YHL025W,0,-9.029078,0.1176249086856842,0.9904862642288208,0.7430232763290405
YJL033W,YJR006W,0,-9.029346,0.1176101416349411,0.9904862642288208,0.7431289553642273
YMR264W,YGR145W,0,-9.030494,0.1175953820347786,0.9904862642288208,0.7432346940040588
YJL165C,YPL157W,0,-9.031186,0.11758062243461609,0.9904862642288208,0.7433403730392456
YCL016C,YNL068C,0,-9.031432,0.11756587028503418,0.9904862642288208,0.7434461116790771
YDR168W,YEL030W,0,-9.031681,0.11755112558603287,0.9904862642288208,0.7435517907142639
YPL086C,YDR108W,0,-9.031981,0.11753638088703156,0.9904862642288208,0.7436575293540955
YHR116W,YOL039W,0,-9.031988,0.11752163618803024,0.9904862642288208,0.7437632083892822
YBL008W,YOR057W,0,-9.032034,0.11750689893960953,0.9904862642288208,0.7438689470291138
YOR030W,YLR026C,0,-9.03255,0.11749216169118881,0.9904862642288208,0.7439746260643005
YPR025C,YHR107C,0,-9.033087,0.1174774318933487,0.9904862642288208,0.7440803647041321
YGR244C,YMR263W,0,-9.033107,0.11746270209550858,0.9904862642288208,0.7441860437393188
YML032C,YCR027C,0,-9.033429,0.11744797974824905,0.9904862642288208,0.7442917823791504
YPL160W,YPR111W,0,-9.033615,0.11743326485157013,0.9904862642288208,0.7443974614143372
YNR044W,YOR157C,0,-9.034505,0.1174185499548912,0.9904862642288208,0.7445032000541687
YKL185W,YLL026W,0,-9.035244,0.11740383505821228,0.9904862642288208,0.7446088790893555
YLR318W,YBR294W,0,-9.03581,0.11738912761211395,0.9904862642288208,0.7447145581245422
YLR342W,YIL120W,0,-9.036073,0.11737442016601562,0.9904862642288208,0.7448202967643738
YDR281C,YBR105C,0,-9.036196,0.1173597201704979,0.9904862642288208,0.7449259757995605
YHR050W,YPR078C,0,-9.036257,0.11734502017498016,0.9904862642288208,0.7450317144393921
YBR186W,YGR248W,0,-9.037227,0.11733032763004303,0.9904862642288208,0.7451373934745789
YPR131C,YFL004W,0,-9.037268,0.1173156350851059,0.9904862642288208,0.7452431321144104
YDL087C,YDR170C,0,-9.037375,0.11730094999074936,0.9904862642288208,0.7453488111495972
YOR257W,YBR294W,0,-9.038005,0.11728626489639282,0.9904862642288208,0.7454545497894287
YKL022C,YKL144C,0,-9.038117,0.11727158725261688,0.9904862642288208,0.7455602288246155
YPR124W,YLR240W,0,-9.038191,0.11725691705942154,0.9904862642288208,0.745665967464447
YMR072W,YBR098W,0,-9.039376,0.1172422394156456,0.9904862642288208,0.7457716464996338
YDR122W,YPL140C,0,-9.040784,0.11722757667303085,0.9904862642288208,0.7458773851394653
YLR303W,YER123W,0,-9.041383,0.11721290647983551,0.9904862642288208,0.7459830641746521
YGR059W,YJR007W,0,-9.041454,0.11719825118780136,0.9904862642288208,0.7460888028144836
YDR320C,YGR094W,0,-9.0416155,0.11718358844518661,0.9904862642288208,0.7461944818496704
YJR131W,YOL054W,0,-9.041746,0.11716894060373306,0.9904862642288208,0.746300220489502
YKL032C,YLR007W,0,-9.042142,0.11715428531169891,0.9904862642288208,0.7464058995246887
YDR106W,YLR059C,0,-9.043513,0.11713964492082596,0.9904862642288208,0.7465116381645203
YJR069C,YEL004W,0,-9.043632,0.1171249970793724,0.9904862642288208,0.746617317199707
YNL257C,YJL109C,0,-9.044507,0.11711036413908005,0.9904862642288208,0.7467230558395386
YOL143C,YNL263C,0,-9.044541,0.11709572374820709,0.9904862642288208,0.7468287348747253
YJR145C,YMR095C,0,-9.04626,0.11708109825849533,0.9904862642288208,0.7469344735145569
YER065C,YDR346C,0,-9.046306,0.11706646531820297,0.9904862642288208,0.7470401525497437
YNL245C,YJR135W-A,0,-9.047154,0.11705183982849121,0.9904862642288208,0.7471458911895752
YGL033W,YOR362C,0,-9.047192,0.11703722178936005,0.9904862642288208,0.747251570224762
YDR240C,YLR425W,0,-9.047322,0.11702260375022888,0.9904862642288208,0.7473573088645935
YJL031C,YIR033W,0,-9.04926,0.11700799316167831,0.9904862642288208,0.7474629878997803
YOR304W,YMR070W,0,-9.049505,0.11699338257312775,0.9904862642288208,0.7475687265396118
YMR101C,YPL129W,0,-9.0498,0.11697877943515778,0.9904862642288208,0.7476744055747986
YOR123C,YOR085W,0,-9.050248,0.1169641762971878,0.9904862642288208,0.7477801442146301
YHR115C,YML015C,0,-9.050567,0.11694957315921783,0.9904862642288208,0.7478858232498169
YHR059W,YNL201C,0,-9.050824,0.11693497747182846,0.9904862642288208,0.7479915618896484
YIL048W,YDL098C,0,-9.05127,0.11692038923501968,0.9904862642288208,0.7480972409248352
YMR204C,YDL077C,0,-9.051788,0.11690580099821091,0.9904862642288208,0.7482029795646667
YMR296C,YPL042C,0,-9.052128,0.11689122021198273,0.9904862642288208,0.7483086585998535
YJL034W,YNL186W,0,-9.052286,0.11687663942575455,0.9904862642288208,0.7484143972396851
YKR065C,YPL011C,0,-9.053505,0.11686205863952637,0.9904862642288208,0.7485200762748718
YPL228W,YBL039C,0,-9.053817,0.11684748530387878,0.9904862642288208,0.7486258149147034
YOL133W,YFR031C,0,-9.054048,0.1168329194188118,0.9904862642288208,0.7487314939498901
YAR031W,YMR182C,0,-9.054503,0.11681835353374481,0.9904862642288208,0.7488372325897217
YOL061W,YKL041W,0,-9.054549,0.11680378764867783,0.9904862642288208,0.7489429116249084
YPL155C,YGL090W,0,-9.054562,0.11678922921419144,0.9904862642288208,0.74904865026474
YMR068W,YDL143W,0,-9.055255,0.11677467823028564,0.9904862642288208,0.7491543292999268
YDL006W,YKL041W,0,-9.0554285,0.11676012724637985,0.9904862642288208,0.7492600679397583
YLR205C,YBL103C,0,-9.055535,0.11674557626247406,0.9904862642288208,0.7493657469749451
YEL060C,YMR203W,0,-9.055661,0.11673103272914886,0.9904862642288208,0.7494714856147766
YJL060W,YLL003W,0,-9.056031,0.11671648919582367,0.9904862642288208,0.7495771646499634
YFL050C,YJL065C,0,-9.056091,0.11670195311307907,0.9904862642288208,0.7496829032897949
YPL046C,YGR047C,0,-9.056111,0.11668742448091507,0.9904862642288208,0.7497885823249817
YFR013W,YGL255W,0,-9.056288,0.11667289584875107,0.9904862642288208,0.7498943209648132
YDR377W,YBR004C,0,-9.056415,0.11665836721658707,0.9904862642288208,0.75
YOR307C,YOR194C,0,-9.056691,0.11664384603500366,0.9904862642288208,0.7501056790351868
YLR056W,YDL135C,0,-9.057071,0.11662932485342026,0.9904862642288208,0.7502114176750183
YMR072W,YMR078C,0,-9.05744,0.11661481112241745,0.9904862642288208,0.7503170967102051
YPL078C,YAR033W,0,-9.058183,0.11660029739141464,0.9904862642288208,0.7504228353500366
YDR298C,YMR312W,0,-9.0591955,0.11658579111099243,0.9904862642288208,0.7505285143852234
YPR138C,YBL075C,0,-9.060033,0.11657128483057022,0.9904862642288208,0.7506342530250549
YFL039C,YLR145W,0,-9.060411,0.11655678600072861,0.9904862642288208,0.7507399320602417
YHL036W,YHR042W,0,-9.060486,0.116542287170887,0.9904862642288208,0.7508456707000732
YGL223C,YER065C,0,-9.061677,0.11652779579162598,0.9904862642288208,0.75095134973526
YKR048C,YDR495C,0,-9.061969,0.11651330441236496,0.9904862642288208,0.7510570883750916
YLR114C,YMR201C,0,-9.062308,0.11649882048368454,0.9904862642288208,0.7511627674102783
YJR108W,YBR276C,0,-9.062324,0.11648433655500412,0.9904862642288208,0.7512685060501099
YLR015W,YPL118W,0,-9.062327,0.1164698600769043,0.9904862642288208,0.7513741850852966
YEL036C,YER162C,0,-9.06257,0.11645538359880447,0.9904862642288208,0.7514799237251282
YDR437W,YDR165W,0,-9.062708,0.11644090712070465,0.9904862642288208,0.7515856027603149
YGL236C,YEL065W,0,-9.06306,0.11642643809318542,0.9904862642288208,0.7516913414001465
YPL022W,YOR007C,0,-9.063262,0.1164119765162468,0.9904862642288208,0.7517970204353333
YBR065C,YNL055C,0,-9.063933,0.11639751493930817,0.9904862642288208,0.7519027590751648
YIL084C,YDL170W,0,-9.065173,0.11638306081295013,0.9904862642288208,0.7520084381103516
YDL029W,YJL014W,0,-9.065753,0.1163686066865921,0.9904862642288208,0.7521141767501831
YLR377C,YKL220C,0,-9.065949,0.11635415256023407,0.9904862642288208,0.7522198557853699
YOL144W,YML025C,1,-9.065986,0.11646386981010437,0.9915433526039124,0.7522198557853699
YLR016C,YDL058W,0,-9.066199,0.11644940823316574,0.9915433526039124,0.7523255944252014
YOR142W,YIL030C,0,-9.066526,0.11643495410680771,0.9915433526039124,0.7524312734603882
YMR211W,YBR077C,0,-9.066579,0.11642050743103027,0.9915433526039124,0.7525370121002197
YNR010W,YNL047C,0,-9.066781,0.11640605330467224,0.9915433526039124,0.7526426911354065
YLL042C,YOL104C,0,-9.067201,0.1163916140794754,0.9915433526039124,0.752748429775238
YHR089C,YGR279C,0,-9.067244,0.11637717485427856,0.9915433526039124,0.7528541088104248
YMR285C,YKL178C,0,-9.067338,0.11636273562908173,0.9915433526039124,0.7529598474502563
YOR349W,YPL063W,0,-9.069169,0.11634830385446548,0.9915433526039124,0.7530655264854431
YOR157C,YJR145C,0,-9.070205,0.11633387207984924,0.9915433526039124,0.7531712651252747
YKL176C,YBR049C,0,-9.070241,0.1163194477558136,0.9915433526039124,0.7532769441604614
YGL073W,YPR070W,0,-9.070909,0.11630502343177795,0.9915433526039124,0.753382682800293
YMR143W,YCR081W,0,-9.071291,0.11629059910774231,0.9915433526039124,0.7534883618354797
YIR037W,YKR086W,0,-9.072131,0.11627618968486786,0.9915433526039124,0.7535941004753113
YHR015W,YOR229W,0,-9.073054,0.11626177281141281,0.9915433526039124,0.753699779510498
YNR044W,YDR150W,0,-9.073059,0.11624736338853836,0.9915433526039124,0.7538055181503296
YAL043C,YDR137W,0,-9.073077,0.1162329614162445,0.9915433526039124,0.7539111971855164
YIR010W,YPL145C,0,-9.073628,0.11621855944395065,0.9915433526039124,0.7540169358253479
YLR353W,YHR004C,0,-9.074189,0.1162041649222374,0.9915433526039124,0.7541226148605347
YBR258C,YOR332W,0,-9.076064,0.11618977040052414,0.9915433526039124,0.7542283535003662
YHR157W,YOR212W,0,-9.076993,0.11617537587881088,0.9915433526039124,0.754334032535553
YOL012C,YKL150W,0,-9.077373,0.11616098880767822,0.9915433526039124,0.7544397711753845
YOR005C,YLL022C,0,-9.07764,0.11614660918712616,0.9915433526039124,0.7545454502105713
YPR124W,YPR042C,0,-9.077838,0.1161322295665741,0.9915433526039124,0.7546511888504028
YPR025C,YKL062W,0,-9.077861,0.11611784994602203,0.9915433526039124,0.7547568678855896
YNR008W,YBL020W,0,-9.078131,0.11610347777605057,0.9915433526039124,0.7548626065254211
YPL221W,YIL018W,0,-9.078399,0.1160891056060791,0.9915433526039124,0.7549682855606079
YBR170C,YKL175W,0,-9.080154,0.11607474088668823,0.9915433526039124,0.7550740242004395
YOR031W,YJL214W,0,-9.081025,0.11606038361787796,0.9915433526039124,0.7551797032356262
YLR423C,YJL076W,0,-9.08205,0.11604601889848709,0.9915433526039124,0.7552854418754578
YBR290W,YPL048W,0,-9.082189,0.11603166908025742,0.9915433526039124,0.7553911209106445
YMR281W,YBR123C,0,-9.083024,0.11601731926202774,0.9915433526039124,0.7554967999458313
YLR068W,YDL185W,0,-9.083459,0.11600296944379807,0.9915433526039124,0.7556025385856628
YGL136C,YPR094W,0,-9.083507,0.11598862707614899,0.9915433526039124,0.7557082176208496
YLR008C,YAL005C,0,-9.084597,0.11597428470849991,0.9915433526039124,0.7558139562606812
YNL223W,YGL150C,0,-9.08484,0.11595994234085083,0.9915433526039124,0.7559196352958679
YOR239W,YIR037W,0,-9.084849,0.11594561487436295,0.9915433526039124,0.7560253739356995
YDR288W,YML069W,0,-9.085048,0.11593127995729446,0.9915433526039124,0.7561310529708862
YPR183W,YOR008C,0,-9.085834,0.11591695249080658,0.9915433526039124,0.7562367916107178
YGL092W,YDR251W,0,-9.086127,0.11590263247489929,0.9915433526039124,0.7563424706459045
YHR067W,YOR048C,0,-9.087365,0.115888312458992,0.9915433526039124,0.7564482092857361
YMR162C,YKL205W,0,-9.087541,0.11587399989366531,0.9915433526039124,0.7565538883209229
YPL177C,YPR037C,0,-9.08755,0.11585968732833862,0.9915433526039124,0.7566596269607544
YAR031W,YNL222W,0,-9.08765,0.11584537476301193,0.9915433526039124,0.7567653059959412
YNL264C,YDR175C,0,-9.088151,0.11583106964826584,0.9915433526039124,0.7568710446357727
YDL197C,YDL006W,0,-9.088683,0.11581676453351974,0.9915433526039124,0.7569767236709595
YOR149C,YIL063C,0,-9.088817,0.11580246686935425,0.9915433526039124,0.757082462310791
YOL027C,YLR033W,0,-9.0895195,0.11578817665576935,0.9915433526039124,0.7571881413459778
YJL183W,YNL053W,0,-9.089593,0.11577388644218445,0.9915433526039124,0.7572938799858093
YMR153W,YML131W,0,-9.090299,0.11575959622859955,0.9915433526039124,0.7573995590209961
YKR027W,YER042W,0,-9.090779,0.11574531346559525,0.9915433526039124,0.7575052976608276
YGR216C,YNL332W,0,-9.091113,0.11573103070259094,0.9915433526039124,0.7576109766960144
YGR261C,YOR340C,0,-9.092464,0.11571675539016724,0.9915433526039124,0.757716715335846
YJL204C,YDL128W,0,-9.092802,0.11570248007774353,0.9915433526039124,0.7578223943710327
YKL051W,YMR005W,0,-9.092961,0.11568821221590042,0.9915433526039124,0.7579281330108643
YGL035C,YDL190C,0,-9.093381,0.11567394435405731,0.9915433526039124,0.758033812046051
YGL087C,YPL258C,0,-9.093597,0.1156596764922142,0.9915433526039124,0.7581395506858826
YOL063C,YML023C,0,-9.093645,0.11564541608095169,0.9915433526039124,0.7582452297210693
YCR072C,YML025C,1,-9.093846,0.11575444042682648,0.9926004409790039,0.7582452297210693
YMR043W,YNL055C,0,-9.093907,0.11574017256498337,0.9926004409790039,0.7583509683609009
YBL016W,YJL062W,0,-9.094052,0.11572590470314026,0.9926004409790039,0.7584566473960876
YNL298W,YDL244W,0,-9.094174,0.11571164429187775,0.9926004409790039,0.7585623860359192
YER167W,YGR036C,0,-9.094184,0.11569739133119583,0.9926004409790039,0.758668065071106
YER167W,YPR057W,0,-9.094215,0.11568313091993332,0.9926004409790039,0.7587738037109375
YJL117W,YMR190C,0,-9.0943575,0.115668885409832,0.9926004409790039,0.7588794827461243
YJR068W,YJR045C,0,-9.094396,0.11565463989973068,0.9926004409790039,0.7589852213859558
YLR085C,YDR341C,0,-9.094565,0.11564039438962936,0.9926004409790039,0.7590909004211426
YMR298W,YOR266W,0,-9.094716,0.11562615633010864,0.9926004409790039,0.7591966390609741
YLR138W,YOR149C,0,-9.094941,0.11561191827058792,0.9926004409790039,0.7593023180961609
YBL039C,YIL063C,0,-9.095851,0.1155976876616478,0.9926004409790039,0.7594080567359924
YPL171C,YPL124W,0,-9.097213,0.11558345705270767,0.9926004409790039,0.7595137357711792
YIL044C,YLL015W,0,-9.098273,0.11556923389434814,0.9926004409790039,0.7596194744110107
YBR036C,YOR367W,0,-9.098319,0.11555501073598862,0.9926004409790039,0.7597251534461975
YDR148C,YOR313C,0,-9.098607,0.11554078757762909,0.9926004409790039,0.759830892086029
YPL043W,YIL173W,0,-9.098775,0.11552657186985016,0.9926004409790039,0.7599365711212158
YMR184W,YKL154W,0,-9.0989065,0.11551236361265182,0.9926004409790039,0.7600423097610474
YML059C,YGR213C,0,-9.09893,0.11549815535545349,0.9926004409790039,0.7601479887962341
YBL026W,YGL144C,0,-9.09938,0.11548394709825516,0.9926004409790039,0.7602537274360657
YLR078C,YER162C,0,-9.099393,0.11546974629163742,0.9926004409790039,0.7603594064712524
YGL171W,YGL115W,0,-9.100126,0.11545555293560028,0.9926004409790039,0.760465145111084
YML107C,YFR003C,0,-9.100543,0.11544135957956314,0.9926004409790039,0.7605708241462708
YBL080C,YFL004W,0,-9.10134,0.115427166223526,0.9926004409790039,0.7606765031814575
YDL106C,YJL139C,0,-9.101412,0.11541298031806946,0.9926004409790039,0.7607822418212891
YPL060W,YNL121C,0,-9.101443,0.11539879441261292,0.9926004409790039,0.7608879208564758
YDR040C,YLR435W,0,-9.102147,0.11538461595773697,0.9926004409790039,0.7609936594963074
YIL155C,YPL063W,0,-9.102269,0.11537043750286102,0.9926004409790039,0.7610993385314941
YDL111C,YBR289W,0,-9.102435,0.11535626649856567,0.9926004409790039,0.7612050771713257
YPL193W,YML025C,1,-9.102864,0.11546493321657181,0.9936575293540955,0.7612050771713257
YOR355W,YGR244C,0,-9.103528,0.11545074731111526,0.9936575293540955,0.7613107562065125
YDR397C,YFR029W,0,-9.103901,0.11543656885623932,0.9936575293540955,0.761416494846344
YPL270W,YHR023W,0,-9.105023,0.11542239785194397,0.9936575293540955,0.7615221738815308
YHR204W,YHR034C,0,-9.105784,0.11540822684764862,0.9936575293540955,0.7616279125213623
YJR119C,YOL090W,0,-9.10703,0.11539405584335327,0.9936575293540955,0.7617335915565491
YGL013C,YKR089C,0,-9.1073065,0.11537989228963852,0.9936575293540955,0.7618393301963806
YLR368W,YJR131W,0,-9.107438,0.11536573618650436,0.9936575293540955,0.7619450092315674
YMR275C,YDL105W,0,-9.107589,0.11535158008337021,0.9936575293540955,0.7620507478713989
YCR106W,YLL012W,0,-9.1079645,0.11533742398023605,0.9936575293540955,0.7621564269065857
YPR131C,YFR029W,0,-9.108197,0.1153232753276825,0.9936575293540955,0.7622621655464172
YOR354C,YMR069W,0,-9.108426,0.11530912667512894,0.9936575293540955,0.762367844581604
YMR311C,YDR310C,0,-9.109445,0.11529498547315598,0.9936575293540955,0.7624735832214355
YDL244W,YLR222C,0,-9.110189,0.11528084427118301,0.9936575293540955,0.7625792622566223
YLR411W,YEL017C-A,0,-9.11047,0.11526671051979065,0.9936575293540955,0.7626850008964539
YOR123C,YDL185W,0,-9.110799,0.11525257676839828,0.9936575293540955,0.7627906799316406
YDL088C,YBL047C,0,-9.111278,0.11523844301700592,0.9936575293540955,0.7628964185714722
YLR270W,YLR452C,0,-9.11168,0.11522431671619415,0.9936575293540955,0.7630020976066589
YKL053C-A,YNL197C,0,-9.111965,0.11521019786596298,0.9936575293540955,0.7631078362464905
YIL132C,YAL002W,0,-9.112861,0.11519607901573181,0.9936575293540955,0.7632135152816772
YFL017W-A,YHR006W,0,-9.112897,0.11518196016550064,0.9936575293540955,0.7633192539215088
YKL002W,YJL108C,0,-9.113475,0.11516784876585007,0.9936575293540955,0.7634249329566956
YOR038C,YMR101C,0,-9.114543,0.11515374481678009,0.9936575293540955,0.7635306715965271
YGL245W,YPL130W,0,-9.114886,0.11513964086771011,0.9936575293540955,0.7636363506317139
YDR404C,YGL098W,0,-9.115273,0.11512553691864014,0.9936575293540955,0.7637420892715454
YCL055W,YML013W,0,-9.115591,0.11511144042015076,0.9936575293540955,0.7638477683067322
YBR210W,YBR273C,0,-9.115806,0.11509734392166138,0.9936575293540955,0.7639535069465637
YMR065W,YDR515W,0,-9.115838,0.1150832548737526,0.9936575293540955,0.7640591859817505
YIL037C,YPR163C,0,-9.116364,0.11506916582584381,0.9936575293540955,0.764164924621582
YCR094W,YPL258C,0,-9.116778,0.11505507677793503,0.9936575293540955,0.7642706036567688
YGR246C,YOL071W,0,-9.117297,0.11504099518060684,0.9936575293540955,0.7643763422966003
YJL026W,YMR106C,0,-9.117516,0.11502692103385925,0.9936575293540955,0.7644820213317871
YPL269W,YFL033C,0,-9.118664,0.11501284688711166,0.9936575293540955,0.7645877599716187
YGL070C,YDR359C,0,-9.119729,0.11499878019094467,0.9936575293540955,0.7646934390068054
YIR033W,YLR424W,0,-9.119839,0.11498470604419708,0.9936575293540955,0.764799177646637
YGR083C,YOL088C,0,-9.119853,0.11497064679861069,0.9936575293540955,0.7649048566818237
YDR245W,YER116C,0,-9.119928,0.11495658755302429,0.9936575293540955,0.7650105953216553
YNL290W,YJL129C,0,-9.120111,0.1149425283074379,0.9936575293540955,0.765116274356842
YIL065C,YHR079C-A,0,-9.120195,0.1149284765124321,0.9936575293540955,0.7652220129966736
YEL003W,YIL039W,0,-9.120213,0.1149144247174263,0.9936575293540955,0.7653276920318604
YGL201C,YNL012W,0,-9.120681,0.1149003803730011,0.9936575293540955,0.7654334306716919
YDR122W,YOR060C,0,-9.120791,0.1148863360285759,0.9936575293540955,0.7655391097068787
YMR043W,YDR116C,0,-9.120893,0.11487229913473129,0.9936575293540955,0.7656448483467102
YNL037C,YBR205W,0,-9.121056,0.11485826224088669,0.9936575293540955,0.765750527381897
YGL200C,YPL137C,0,-9.121463,0.11484422534704208,0.9936575293540955,0.7658562660217285
YPL021W,YJL072C,0,-9.121898,0.11483019590377808,0.9936575293540955,0.7659619450569153
YHR042W,YNL310C,0,-9.121903,0.11481617391109467,0.9936575293540955,0.766067624092102
YLR081W,YML103C,0,-9.12206,0.11480215191841125,0.9936575293540955,0.7661733627319336
YOL089C,YPL129W,0,-9.122146,0.11478812992572784,0.9936575293540955,0.7662790417671204
YKL220C,YMR231W,0,-9.1223955,0.11477411538362503,0.9936575293540955,0.7663847804069519
YIL018W,YDR369C,0,-9.122441,0.11476010084152222,0.9936575293540955,0.7664904594421387
YNL020C,YLR205C,0,-9.122855,0.11474609375,0.9936575293540955,0.7665961980819702
YGL090W,YPL043W,0,-9.123175,0.11473208665847778,0.9936575293540955,0.766701877117157
YBR065C,YGR081C,0,-9.12514,0.11471808701753616,0.9936575293540955,0.7668076157569885
YBR217W,YGR211W,0,-9.125146,0.11470408737659454,0.9936575293540955,0.7669132947921753
YCR071C,YLR048W,0,-9.12592,0.11469009518623352,0.9936575293540955,0.7670190334320068
YJR108W,YBR221C,0,-9.126199,0.1146761029958725,0.9936575293540955,0.7671247124671936
YDR190C,YPR078C,0,-9.126368,0.11466211080551147,0.9936575293540955,0.7672304511070251
YIR022W,YKR014C,0,-9.126656,0.11464812606573105,0.9936575293540955,0.7673361301422119
YPR155C,YOR148C,0,-9.1274185,0.11463414877653122,0.9936575293540955,0.7674418687820435
YGL013C,YOR194C,0,-9.127934,0.11462017148733139,0.9936575293540955,0.7675475478172302
YDR202C,YLR452C,0,-9.128044,0.11460619419813156,0.9936575293540955,0.7676532864570618
YOR030W,YER022W,0,-9.128496,0.11459222435951233,0.9936575293540955,0.7677589654922485
YBL005W,YBR048W,0,-9.128625,0.1145782545208931,0.9936575293540955,0.7678647041320801
YLR085C,YHR014W,0,-9.128806,0.11456429213285446,0.9936575293540955,0.7679703831672668
YGL105W,YBR089C-A,0,-9.129877,0.11455032974481583,0.9936575293540955,0.7680761218070984
YPL051W,YIL037C,0,-9.129919,0.11453637480735779,0.9936575293540955,0.7681818008422852
YHR070W,YGL249W,0,-9.1302595,0.11452241986989975,0.9936575293540955,0.7682875394821167
YGL011C,YLR139C,0,-9.130656,0.11450846493244171,0.9936575293540955,0.7683932185173035
YCR028C,YGR222W,0,-9.13105,0.11449451744556427,0.9936575293540955,0.768498957157135
YGL045W,YGL093W,0,-9.131076,0.11448057740926743,0.9936575293540955,0.7686046361923218
YOR037W,YNL209W,0,-9.131351,0.11446663737297058,0.9936575293540955,0.7687103748321533
YDR308C,YML088W,0,-9.132219,0.11445269733667374,0.9936575293540955,0.7688160538673401
YGL008C,YEL041W,0,-9.13227,0.11443876475095749,0.9936575293540955,0.7689217925071716
YML078W,YPR018W,0,-9.1324415,0.11442483216524124,0.9936575293540955,0.7690274715423584
YPL177C,YAL026C,0,-9.132905,0.11441090703010559,0.9936575293540955,0.7691332101821899
YDR270W,YKL018W,0,-9.133921,0.11439698189496994,0.9936575293540955,0.7692388892173767
YNL085W,YOR328W,0,-9.134639,0.11438306421041489,0.9936575293540955,0.7693446278572083
YGL119W,YFL031W,0,-9.134698,0.11436914652585983,0.9936575293540955,0.769450306892395
YPR183W,YER008C,0,-9.135048,0.11435522884130478,0.9936575293540955,0.7695560455322266
YOL038W,YBL075C,0,-9.135667,0.11434131860733032,0.9936575293540955,0.7696617245674133
YGL033W,YNL160W,0,-9.13664,0.11432741582393646,0.9936575293540955,0.7697674632072449
YOL139C,YGL167C,0,-9.136835,0.1143135130405426,0.9936575293540955,0.7698731422424316
YNL290W,YER116C,0,-9.137951,0.11429961025714874,0.9936575293540955,0.7699788808822632
YOR249C,YNL282W,0,-9.137963,0.11428571492433548,0.9936575293540955,0.77008455991745
YJL033W,YPR178W,0,-9.138082,0.11427181959152222,0.9936575293540955,0.7701902985572815
YMR225C,YBL039C,0,-9.138518,0.11425793170928955,0.9936575293540955,0.7702959775924683
YEL018W,YFL036W,0,-9.1388235,0.11424404382705688,0.9936575293540955,0.7704017162322998
YLR285W,YDL140C,0,-9.140665,0.11423016339540482,0.9936575293540955,0.7705073952674866
YPL190C,YDR162C,0,-9.141015,0.11421628296375275,0.9936575293540955,0.7706131339073181
YOR367W,YMR013C,0,-9.141326,0.11420240253210068,0.9936575293540955,0.7707188129425049
YPL202C,YNL280C,0,-9.141832,0.1141885295510292,0.9936575293540955,0.7708245515823364
YLR007W,YGL151W,0,-9.142276,0.11417466402053833,0.9936575293540955,0.7709302306175232
YOL133W,YOR213C,0,-9.142283,0.11416079849004745,0.9936575293540955,0.7710359692573547
YDL142C,YNL085W,0,-9.142561,0.11414693295955658,0.9936575293540955,0.7711416482925415
YPR138C,YOR275C,0,-9.142865,0.1141330748796463,0.9936575293540955,0.771247386932373
YOR233W,YOL064C,0,-9.143931,0.11411921679973602,0.9936575293540955,0.7713530659675598
YLL026W,YDL195W,0,-9.144587,0.11410536617040634,0.9936575293540955,0.7714587450027466
YJR155W,YAL013W,0,-9.144762,0.11409151554107666,0.9936575293540955,0.7715644836425781
YHR083W,YHR205W,0,-9.1452465,0.11407767236232758,0.9936575293540955,0.7716701626777649
YGR246C,YNL154C,0,-9.145424,0.11406382918357849,0.9936575293540955,0.7717759013175964
YOR257W,YNL147W,0,-9.145568,0.1140499860048294,0.9936575293540955,0.7718815803527832
YBR152W,YGR144W,0,-9.145772,0.11403615027666092,0.9936575293540955,0.7719873189926147
YBR040W,YNL253W,0,-9.146098,0.11402232199907303,0.9936575293540955,0.7720929980278015
YGL208W,YBR081C,0,-9.146634,0.11400848627090454,0.9936575293540955,0.7721987366676331
YLR347C,YBR256C,0,-9.147229,0.11399466544389725,0.9936575293540955,0.7723044157028198
YLR175W,YBR136W,0,-9.147581,0.11398084461688995,0.9936575293540955,0.7724101543426514
YNL145W,YBR079C,0,-9.147763,0.11396702378988266,0.9936575293540955,0.7725158333778381
YOR099W,YML093W,0,-9.148679,0.11395320296287537,0.9936575293540955,0.7726215720176697
YGL018C,YDL003W,0,-9.148723,0.11393939703702927,0.9936575293540955,0.7727272510528564
YLL015W,YML069W,0,-9.149259,0.11392558366060257,0.9936575293540955,0.772832989692688
YNR034W,YKL166C,0,-9.150619,0.11391177773475647,0.9936575293540955,0.7729386687278748
YGL223C,YJR125C,0,-9.150746,0.11389797925949097,0.9936575293540955,0.7730444073677063
YCR093W,YDR082W,0,-9.150797,0.11388418078422546,0.9936575293540955,0.7731500864028931
YPL151C,YDL020C,0,-9.150834,0.11387038230895996,0.9936575293540955,0.7732558250427246
YJR065C,YOR148C,0,-9.150998,0.11385659128427505,0.9936575293540955,0.7733615040779114
YMR198W,YCL004W,0,-9.151004,0.11384280025959015,0.9936575293540955,0.7734672427177429
YLR133W,YOR160W,0,-9.152614,0.11382901668548584,0.9936575293540955,0.7735729217529297
YDL200C,YCR106W,0,-9.152748,0.11381523311138153,0.9936575293540955,0.7736786603927612
YLR100W,YOR217W,0,-9.152881,0.11380144953727722,0.9936575293540955,0.773784339427948
YCL066W,YLR044C,0,-9.15438,0.11378767341375351,0.9936575293540955,0.7738900780677795
YAL054C,YNL078W,0,-9.154558,0.1137739047408104,0.9936575293540955,0.7739957571029663
YOR073W,YGR270W,0,-9.1548395,0.11376013606786728,0.9936575293540955,0.7741014957427979
YER116C,YJL054W,0,-9.154906,0.11374636739492416,0.9936575293540955,0.7742071747779846
YCR028C,YBR082C,0,-9.155444,0.11373260617256165,0.9936575293540955,0.7743129134178162
YMR055C,YNL173C,0,-9.155475,0.11371884495019913,0.9936575293540955,0.7744185924530029
YOL082W,YDL117W,0,-9.155599,0.1137050911784172,0.9936575293540955,0.7745243310928345
YOL049W,YHR062C,0,-9.156263,0.11369133740663528,0.9936575293540955,0.7746300101280212
YDL019C,YPL129W,0,-9.156749,0.11367759108543396,0.9936575293540955,0.7747357487678528
YIL095W,YHR008C,0,-9.156945,0.11366384476423264,0.9936575293540955,0.7748414278030396
YJR158W,YHR196W,0,-9.157363,0.11365010589361191,0.9936575293540955,0.7749471664428711
YJR017C,YDR251W,0,-9.157739,0.11363636702299118,0.9936575293540955,0.7750528454780579
YNL012W,YJR046W,0,-9.157905,0.11362262815237045,0.9936575293540955,0.7751585841178894
YJR150C,YMR311C,0,-9.158398,0.11360889673233032,0.9936575293540955,0.7752642631530762
YBL009W,YLR011W,0,-9.159307,0.11359516531229019,0.9936575293540955,0.7753700017929077
YFL013C,YGR028W,0,-9.159473,0.11358144134283066,0.9936575293540955,0.7754756808280945
YBR211C,YBR106W,0,-9.159865,0.11356771737337112,0.9936575293540955,0.775581419467926
YFL050C,YAL058W,0,-9.160608,0.11355400085449219,0.9936575293540955,0.7756870985031128
YGR244C,YFR002W,0,-9.161145,0.11354028433561325,0.9936575293540955,0.7757928371429443
YAL022C,YJR102C,0,-9.161257,0.11352656781673431,0.9936575293540955,0.7758985161781311
YLL015W,YML123C,0,-9.16144,0.11351285874843597,0.9936575293540955,0.7760042548179626
YMR167W,YGR202C,0,-9.1619215,0.11349915713071823,0.9936575293540955,0.7761099338531494
YBR160W,YKR014C,0,-9.163505,0.11348545551300049,0.9936575293540955,0.776215672492981
YER019C-A,YER024W,0,-9.164063,0.11347175389528275,0.9936575293540955,0.7763213515281677
YLR347C,YER024W,0,-9.164292,0.1134580597281456,0.9936575293540955,0.7764270901679993
YIL037C,YDL194W,0,-9.165451,0.11344436556100845,0.9936575293540955,0.776532769203186
YGL093W,YML055W,0,-9.165452,0.11343067139387131,0.9936575293540955,0.7766384482383728
YDL008W,YLR442C,0,-9.166312,0.11341699212789536,0.9936575293540955,0.7767441868782043
YLR332W,YDL097C,0,-9.167003,0.1134033054113388,0.9936575293540955,0.7768498659133911
YLR216C,YKR086W,0,-9.167115,0.11338962614536285,0.9936575293540955,0.7769556045532227
YAL054C,YJL133W,0,-9.168074,0.1133759468793869,0.9936575293540955,0.7770612835884094
YDL145C,YPR081C,0,-9.168706,0.11336227506399155,0.9936575293540955,0.777167022228241
YGR267C,YDR076W,0,-9.168777,0.11334861069917679,0.9936575293540955,0.7772727012634277
YDR214W,YKR095W,0,-9.168958,0.11333493888378143,0.9936575293540955,0.7773784399032593
YMR092C,YPL200W,0,-9.169288,0.11332127451896667,0.9936575293540955,0.777484118938446
YCL043C,YOR346W,0,-9.169538,0.11330761760473251,0.9936575293540955,0.7775898575782776
YOL078W,YBR130C,0,-9.171278,0.11329396069049835,0.9936575293540955,0.7776955366134644
YOR326W,YCL033C,0,-9.171563,0.11328031122684479,0.9936575293540955,0.7778012752532959
YCR071C,YOL113W,0,-9.172074,0.11326666176319122,0.9936575293540955,0.7779069542884827
YMR078C,YBR065C,0,-9.172817,0.11325301229953766,0.9936575293540955,0.7780126929283142
YDR270W,YJL047C,0,-9.172896,0.11323937028646469,0.9936575293540955,0.778118371963501
YIR022W,YPL033C,0,-9.173543,0.11322572827339172,0.9936575293540955,0.7782241106033325
YJR119C,YDR180W,0,-9.173664,0.11321209371089935,0.9936575293540955,0.7783297896385193
YCR093W,YLR417W,0,-9.1737585,0.11319845914840698,0.9936575293540955,0.7784355282783508
YBR234C,YMR079W,0,-9.1742935,0.11318483203649521,0.9936575293540955,0.7785412073135376
YOR039W,YER028C,0,-9.174419,0.11317120492458344,0.9936575293540955,0.7786469459533691
YOR204W,YMR197C,0,-9.175764,0.11315757781267166,0.9936575293540955,0.7787526249885559
YFL013C,YGL151W,0,-9.17612,0.11314395815134048,0.9936575293540955,0.7788583636283875
YJR092W,YML038C,0,-9.176698,0.11313033849000931,0.9936575293540955,0.7789640426635742
YJL102W,YIL149C,0,-9.177304,0.11311672627925873,0.9936575293540955,0.7790697813034058
YDR093W,YOR007C,0,-9.178154,0.11310311406850815,0.9936575293540955,0.7791754603385925
YLR023C,YDR473C,0,-9.178767,0.11308950930833817,0.9936575293540955,0.7792811989784241
YLR095C,YPR042C,0,-9.179207,0.11307590454816818,0.9936575293540955,0.7793868780136108
YKL134C,YBL017C,0,-9.17922,0.1130623072385788,0.9936575293540955,0.7794926166534424
YOL045W,YIL039W,0,-9.179345,0.11304870992898941,0.9936575293540955,0.7795982956886292
YLR342W,YOR057W,0,-9.179447,0.11303511261940002,0.9936575293540955,0.7797040343284607
YNL326C,YMR101C,0,-9.179997,0.11302152276039124,0.9936575293540955,0.7798097133636475
YHR081W,YPL163C,0,-9.180027,0.11300793290138245,0.9936575293540955,0.779915452003479
YLR303W,YLR033W,0,-9.180089,0.11299435049295425,0.9936575293540955,0.7800211310386658
YKL191W,YKL045W,0,-9.180179,0.11298076808452606,0.9936575293540955,0.7801268696784973
YPL255W,YHR079C-A,0,-9.180411,0.11296719312667847,0.9936575293540955,0.7802325487136841
YCR098C,YPL139C,0,-9.180461,0.11295361816883087,0.9936575293540955,0.7803382873535156
YKL192C,YCL020W,0,-9.180873,0.11294004321098328,0.9936575293540955,0.7804439663887024
YER165W,YPR094W,0,-9.180922,0.11292647570371628,0.9936575293540955,0.7805497050285339
YLR233C,YDR346C,0,-9.181018,0.11291291564702988,0.9936575293540955,0.7806553840637207
YOL068C,YHR004C,0,-9.181237,0.11289934813976288,0.9936575293540955,0.7807611227035522
YOR094W,YOR298C-A,0,-9.181257,0.11288579553365707,0.9936575293540955,0.780866801738739
YOL064C,YIL149C,0,-9.181312,0.11287223547697067,0.9936575293540955,0.7809725403785706
YJL024C,YPL177C,0,-9.182266,0.11285868287086487,0.9936575293540955,0.7810782194137573
YMR268C,YGR009C,0,-9.183057,0.11284513771533966,0.9936575293540955,0.7811839580535889
YOL164W,YLR382C,0,-9.183287,0.11283159255981445,0.9936575293540955,0.7812896370887756
YNL075W,YER051W,0,-9.183957,0.11281804740428925,0.9936575293540955,0.7813953757286072
YFR013W,YJL059W,0,-9.184177,0.11280450969934464,0.9936575293540955,0.781501054763794
YNL085W,YJL025W,0,-9.184947,0.11279097944498062,0.9936575293540955,0.7816067934036255
YEL060C,YIL031W,0,-9.185529,0.11277744174003601,0.9936575293540955,0.7817124724388123
YHR011W,YNL072W,0,-9.185667,0.1127639189362526,0.9936575293540955,0.7818182110786438
YLR109W,YLR086W,0,-9.185824,0.11275038868188858,0.9936575293540955,0.7819238901138306
YMR231W,YHR001W-A,0,-9.186137,0.11273686587810516,0.9936575293540955,0.7820295691490173
YDR317W,YCL017C,0,-9.186284,0.11272335052490234,0.9936575293540955,0.7821353077888489
YDR078C,YDR086C,0,-9.186638,0.11270983517169952,0.9936575293540955,0.7822409868240356
YJL058C,YNR008W,0,-9.188531,0.1126963198184967,0.9936575293540955,0.7823467254638672
YDR480W,YPL123C,0,-9.188561,0.11268281191587448,0.9936575293540955,0.782452404499054
YOL112W,YBR273C,0,-9.1886835,0.11266930401325226,0.9936575293540955,0.7825581431388855
YPL018W,YBR060C,0,-9.188758,0.11265580356121063,0.9936575293540955,0.7826638221740723
YLR131C,YOR254C,0,-9.188787,0.112642303109169,0.9936575293540955,0.7827695608139038
YJL031C,YIL118W,0,-9.189077,0.11262880265712738,0.9936575293540955,0.7828752398490906
YDR130C,YOR224C,0,-9.189475,0.11261530965566635,0.9936575293540955,0.7829809784889221
YDR361C,YIL051C,0,-9.189636,0.11260182410478592,0.9936575293540955,0.7830866575241089
YFL024C,YNR032W,0,-9.189759,0.11258833110332489,0.9936575293540955,0.7831923961639404
YJL204C,YJR046W,0,-9.190705,0.11257485300302505,0.9936575293540955,0.7832980751991272
YOR326W,YBR105C,0,-9.190918,0.11256136745214462,0.9936575293540955,0.7834038138389587
YPL169C,YGR239C,0,-9.191553,0.11254788935184479,0.9936575293540955,0.7835094928741455
YOR362C,YML091C,0,-9.19205,0.11253441870212555,0.9936575293540955,0.783615231513977
YPL133C,YMR096W,0,-9.192253,0.11252094805240631,0.9936575293540955,0.7837209105491638
YHR053C,YKR089C,0,-9.193606,0.11250747740268707,0.9936575293540955,0.7838266491889954
YDL002C,YOR321W,0,-9.194358,0.11249401420354843,0.9936575293540955,0.7839323282241821
YNL166C,YGL098W,0,-9.194502,0.11248055845499039,0.9936575293540955,0.7840380668640137
YPL058C,YBR162C,0,-9.194634,0.11246709525585175,0.9936575293540955,0.7841437458992004
YOL013C,YLR086W,0,-9.195094,0.1124536395072937,0.9936575293540955,0.784249484539032
YPR030W,YBR092C,0,-9.195924,0.11244019120931625,0.9936575293540955,0.7843551635742188
YML031W,YOR380W,0,-9.196802,0.1124267429113388,0.9936575293540955,0.7844609022140503
YPL010W,YJL026W,0,-9.1973295,0.11241329461336136,0.9936575293540955,0.7845665812492371
YOL151W,YPR133C,0,-9.2004175,0.11239985376596451,0.9936575293540955,0.7846723198890686
YFR048W,YOR004W,0,-9.200492,0.11238642036914825,0.9936575293540955,0.7847779989242554
YMR232W,YNL317W,0,-9.200706,0.1123729795217514,0.9936575293540955,0.7848837375640869
YIL010W,YOR304W,0,-9.200814,0.11235955357551575,0.9936575293540955,0.7849894165992737
YLR328W,YKL196C,0,-9.201257,0.1123461201786995,0.9936575293540955,0.7850951552391052
YEL065W,YPL253C,0,-9.201804,0.11233269423246384,0.9936575293540955,0.785200834274292
YFL017W-A,YER024W,0,-9.202085,0.11231927573680878,0.9936575293540955,0.7853065729141235
YMR184W,YHR172W,0,-9.202339,0.11230585724115372,0.9936575293540955,0.7854122519493103
YJL047C,YMR263W,0,-9.202777,0.11229243874549866,0.9936575293540955,0.7855179905891418
YNL230C,YDL232W,0,-9.203624,0.1122790277004242,0.9936575293540955,0.7856236696243286
YML031W,YDR137W,0,-9.203895,0.11226561665534973,0.9936575293540955,0.7857294082641602
YJL143W,YJR102C,0,-9.204459,0.11225220561027527,0.9936575293540955,0.7858350872993469
YGL035C,YGL143C,0,-9.205001,0.112238809466362,0.9936575293540955,0.7859408259391785
YPR187W,YKR053C,0,-9.20758,0.11222540587186813,0.9936575293540955,0.7860465049743652
YDR009W,YOL066C,0,-9.207801,0.11221200972795486,0.9936575293540955,0.7861522436141968
YDR434W,YNL231C,0,-9.208273,0.1121986135840416,0.9936575293540955,0.7862579226493835
YDR179C,YBR179C,0,-9.208543,0.11218522489070892,0.9936575293540955,0.7863636612892151
YLR158C,YBR040W,0,-9.21001,0.11217183619737625,0.9936575293540955,0.7864693403244019
YHR036W,YDR009W,0,-9.210141,0.11215845495462418,0.9936575293540955,0.7865750789642334
YML071C,YDL181W,0,-9.210468,0.1121450737118721,0.9936575293540955,0.7866807579994202
YCR107W,YMR006C,0,-9.210653,0.11213169246912003,0.9936575293540955,0.7867864966392517
YNL188W,YNL294C,0,-9.211112,0.11211831867694855,0.9936575293540955,0.7868921756744385
YKL055C,YPL167C,0,-9.21144,0.11210495233535767,0.9936575293540955,0.78699791431427
YIR041W,YDR200C,0,-9.211607,0.11209157854318619,0.9936575293540955,0.7871035933494568
YLR316C,YLR417W,0,-9.211833,0.1120782196521759,0.9936575293540955,0.7872093319892883
YLR175W,YOR171C,0,-9.212573,0.11206485331058502,0.9936575293540955,0.7873150110244751
YJL115W,YKR052C,0,-9.213548,0.11205149441957474,0.9936575293540955,0.7874206900596619
YNL041C,YNL173C,0,-9.214046,0.11203814297914505,0.9936575293540955,0.7875264286994934
YDR317W,YPR188C,0,-9.214894,0.11202479153871536,0.9936575293540955,0.7876321077346802
YJR050W,YMR231W,0,-9.215402,0.11201144009828568,0.9936575293540955,0.7877378463745117
YJL099W,YDL036C,0,-9.215971,0.11199809610843658,0.9936575293540955,0.7878435254096985
YIR010W,YGR059W,0,-9.216594,0.1119847521185875,0.9936575293540955,0.78794926404953
YCR065W,YIR041W,0,-9.216623,0.1119714081287384,0.9936575293540955,0.7880549430847168
YGL001C,YLR016C,0,-9.217563,0.11195807158946991,0.9936575293540955,0.7881606817245483
YNL014W,YBR081C,0,-9.218284,0.11194474250078201,0.9936575293540955,0.7882663607597351
YNL230C,YJL125C,0,-9.218467,0.11193141341209412,0.9936575293540955,0.7883720993995667
YPR017C,YEL057C,0,-9.218835,0.11191808432340622,0.9936575293540955,0.7884777784347534
YCR091W,YGR094W,0,-9.219022,0.11190476268529892,0.9936575293540955,0.788583517074585
YKL093W,YNR023W,0,-9.219634,0.11189144104719162,0.9936575293540955,0.7886891961097717
YER053C,YMR190C,0,-9.220273,0.11187812685966492,0.9936575293540955,0.7887949347496033
YDR434W,YDL085W,0,-9.220773,0.11186481267213821,0.9936575293540955,0.78890061378479
YPL159C,YDR078C,0,-9.220866,0.11185149848461151,0.9936575293540955,0.7890063524246216
YCL026C-A,YPL012W,0,-9.220994,0.1118381917476654,0.9936575293540955,0.7891120314598083
YER159C,YKR079C,0,-9.221362,0.1118248850107193,0.9936575293540955,0.7892177700996399
YLR371W,YNL229C,0,-9.221654,0.11181158572435379,0.9936575293540955,0.7893234491348267
YBL098W,YPL101W,0,-9.2228,0.11179828643798828,0.9936575293540955,0.7894291877746582
YJL092W,YCR061W,0,-9.222819,0.11178499460220337,0.9936575293540955,0.789534866809845
YGR113W,YNL113W,0,-9.222886,0.11177170276641846,0.9936575293540955,0.7896406054496765
YJL198W,YCR014C,0,-9.223318,0.11175841093063354,0.9936575293540955,0.7897462844848633
YDR214W,YDL105W,0,-9.223481,0.11174512654542923,0.9936575293540955,0.7898520231246948
YML051W,YLR208W,0,-9.223644,0.11173184216022491,0.9936575293540955,0.7899577021598816
YFR051C,YMR284W,0,-9.22447,0.1117185652256012,0.9936575293540955,0.7900634407997131
YMR224C,YCR060W,0,-9.224846,0.11170528829097748,0.9936575293540955,0.7901691198348999
YLL015W,YPL160W,0,-9.225482,0.11169201880693436,0.9936575293540955,0.7902748584747314
YHR061C,YDL078C,0,-9.22581,0.11167874187231064,0.9936575293540955,0.7903805375099182
YPR020W,YBL042C,0,-9.226016,0.11166547983884811,0.9936575293540955,0.7904862761497498
YLR084C,YOL138C,0,-9.227017,0.11165221780538559,0.9936575293540955,0.7905919551849365
YKL197C,YPL106C,0,-9.227143,0.11163895577192307,0.9936575293540955,0.7906976938247681
YNL278W,YOL124C,0,-9.227702,0.11162570118904114,0.9936575293540955,0.7908033728599548
YDL143W,YAR033W,0,-9.228354,0.11161244660615921,0.9936575293540955,0.7909091114997864
YBR004C,YNL251C,0,-9.230221,0.11159919202327728,0.9936575293540955,0.7910147905349731
YBR158W,YMR138W,0,-9.230422,0.11158594489097595,0.9936575293540955,0.7911205291748047
YPL051W,YLL042C,0,-9.2306795,0.11157269775867462,0.9936575293540955,0.7912262082099915
YPL133C,YDR330W,0,-9.2310095,0.11155945807695389,0.9936575293540955,0.791331946849823
YKL081W,YMR089C,0,-9.231475,0.11154621839523315,0.9936575293540955,0.7914376258850098
YLR433C,YLL024C,0,-9.232446,0.11153298616409302,0.9936575293540955,0.7915433645248413
YML061C,YDR529C,0,-9.233424,0.11151975393295288,0.9936575293540955,0.7916490435600281
YGL071W,YMR149W,0,-9.234002,0.11150652170181274,0.9936575293540955,0.7917547821998596
YDR096W,YCR039C,0,-9.234188,0.1114932969212532,0.9936575293540955,0.7918604612350464
YJL124C,YPL163C,0,-9.234265,0.11148007959127426,0.9936575293540955,0.7919661998748779
YNR010W,YPL043W,0,-9.235507,0.11146685481071472,0.9936575293540955,0.7920718789100647
YKL001C,YDR293C,0,-9.235555,0.11145363748073578,0.9936575293540955,0.7921776175498962
YDR180W,YJR086W,0,-9.236937,0.11144042760133743,0.9936575293540955,0.792283296585083
YBR256C,YDL229W,0,-9.237205,0.11142721772193909,0.9936575293540955,0.7923890352249146
YMR092C,YER151C,0,-9.237346,0.11141400784254074,0.9936575293540955,0.7924947142601013
YML099C,YOR250C,0,-9.237695,0.11140080541372299,0.9936575293540955,0.7926003932952881
YDL175C,YDL085W,0,-9.237933,0.11138760298490524,0.9936575293540955,0.7927061319351196
YOL043C,YKL058W,0,-9.238667,0.11137440800666809,0.9936575293540955,0.7928118109703064
YIL114C,YDR135C,0,-9.239132,0.11136121302843094,0.9936575293540955,0.7929175496101379
YNR074C,YKL173W,0,-9.239526,0.11134802550077438,0.9936575293540955,0.7930232286453247
YDL022W,YLR272C,0,-9.2399025,0.11133483052253723,0.9936575293540955,0.7931289672851562
YKL040C,YHR079C-A,0,-9.239959,0.11132165044546127,0.9936575293540955,0.793234646320343
YDR036C,YPR007C,0,-9.240163,0.11130846291780472,0.9936575293540955,0.7933403849601746
YAL042W,YHR138C,0,-9.24084,0.11129529029130936,0.9936575293540955,0.7934460639953613
YKL043W,YJL089W,0,-9.2413025,0.1112821102142334,0.9936575293540955,0.7935518026351929
YGL256W,YKL160W,0,-9.242905,0.11126893758773804,0.9936575293540955,0.7936574816703796
YDL135C,YMR053C,0,-9.243054,0.11125577241182327,0.9936575293540955,0.7937632203102112
YBR039W,YDL143W,0,-9.243327,0.11124260723590851,0.9936575293540955,0.793868899345398
YGL100W,YLR034C,0,-9.244247,0.11122944205999374,0.9936575293540955,0.7939746379852295
YFL029C,YHR084W,0,-9.244679,0.11121627688407898,0.9936575293540955,0.7940803170204163
YOL023W,YMR053C,0,-9.244802,0.11120312660932541,0.9936575293540955,0.7941860556602478
YOL064C,YOR380W,0,-9.2452345,0.11118996888399124,0.9936575293540955,0.7942917346954346
YFL002C,YML025C,1,-9.245707,0.11129508912563324,0.9947145581245422,0.7942917346954346
YML010W,YEL002C,0,-9.245818,0.11128193140029907,0.9947145581245422,0.7943974733352661
YKR036C,YBR083W,0,-9.245974,0.1112687736749649,0.9947145581245422,0.7945031523704529
YLR397C,YPL259C,0,-9.246949,0.11125561594963074,0.9947145581245422,0.7946088910102844
YML126C,YDR460W,0,-9.247166,0.11124246567487717,0.9947145581245422,0.7947145700454712
YOL051W,YLR321C,0,-9.247212,0.1112293154001236,0.9947145581245422,0.7948203086853027
YKR068C,YPL224C,0,-9.247317,0.11121616512537003,0.9947145581245422,0.7949259877204895
YOL117W,YOR140W,0,-9.248261,0.11120302230119705,0.9947145581245422,0.795031726360321
YGR224W,YNL311C,0,-9.248325,0.11118988692760468,0.9947145581245422,0.7951374053955078
YLR382C,YGR185C,0,-9.248906,0.1111767515540123,0.9947145581245422,0.7952431440353394
YJR150C,YOR354C,0,-9.249106,0.11116361618041992,0.9947145581245422,0.7953488230705261
YHL025W,YCR042C,0,-9.249891,0.11115048080682755,0.9947145581245422,0.7954545617103577
YPL125W,YOL128C,0,-9.249929,0.11113736033439636,0.9947145581245422,0.7955602407455444
YGR220C,YDR312W,1,-9.250503,0.11124232411384583,0.9957716464996338,0.7955602407455444
YAL021C,YCR061W,0,-9.250742,0.11122918874025345,0.9957716464996338,0.795665979385376
YDL099W,YMR012W,0,-9.250843,0.11121605336666107,0.9957716464996338,0.7957716584205627
YNR001C,YPR141C,0,-9.252635,0.11120292544364929,0.9957716464996338,0.7958773970603943
YIR017C,YLR191W,0,-9.252664,0.11118980497121811,0.9957716464996338,0.795983076095581
YBL040C,YNL062C,0,-9.253215,0.11117667704820633,0.9957716464996338,0.7960888147354126
YMR225C,YHR031C,0,-9.255561,0.11116355657577515,0.9957716464996338,0.7961944937705994
YEL032W,YBR193C,0,-9.256839,0.11115044355392456,0.9957716464996338,0.7963002324104309
YAL033W,YNL310C,0,-9.256909,0.11113733053207397,0.9957716464996338,0.7964059114456177
YAL056W,YOL031C,0,-9.25701,0.11112421751022339,0.9957716464996338,0.7965116500854492
YBR041W,YIL053W,0,-9.257388,0.1111111119389534,0.9957716464996338,0.796617329120636
YHR194W,YOR073W,0,-9.257467,0.11109800636768341,0.9957716464996338,0.7967230677604675
YLR423C,YKR059W,0,-9.257836,0.11108490824699402,0.9957716464996338,0.7968287467956543
YLR233C,YBR010W,0,-9.258653,0.11107181012630463,0.9957716464996338,0.7969344854354858
YMR287C,YJR103W,0,-9.25959,0.11105871200561523,0.9957716464996338,0.7970401644706726
YBR212W,YKR053C,0,-9.26114,0.11104562133550644,0.9957716464996338,0.7971459031105042
YPL269W,YBL026W,0,-9.261549,0.11103253066539764,0.9957716464996338,0.7972515821456909
YML008C,YKL093W,0,-9.261657,0.11101944744586945,0.9957716464996338,0.7973573207855225
YAL056W,YMR005W,0,-9.261935,0.11100636422634125,0.9957716464996338,0.7974629998207092
YKL220C,YMR035W,0,-9.263351,0.11099328100681305,0.9957716464996338,0.7975687384605408
YDR021W,YMR272C,0,-9.2643,0.11098020523786545,0.9957716464996338,0.7976744174957275
YJR069C,YBR066C,0,-9.264315,0.11096713691949844,0.9957716464996338,0.7977801561355591
YER179W,YER089C,0,-9.264477,0.11095406115055084,0.9957716464996338,0.7978858351707458
YGL195W,YML034W,0,-9.264739,0.11094099283218384,0.9957716464996338,0.7979915142059326
YNL029C,YJL210W,0,-9.264878,0.11092793196439743,0.9957716464996338,0.7980972528457642
YIL155C,YFL037W,0,-9.264895,0.11091487109661102,0.9957716464996338,0.7982029318809509
YBR092C,YDR359C,0,-9.265208,0.11090181022882462,0.9957716464996338,0.7983086705207825
YBR059C,YMR035W,0,-9.265631,0.1108887568116188,0.9957716464996338,0.7984143495559692
YMR049C,YHR157W,0,-9.265699,0.110875703394413,0.9957716464996338,0.7985200881958008
YER003C,YKL193C,0,-9.266298,0.11086265742778778,0.9957716464996338,0.7986257672309875
YPL098C,YOL116W,0,-9.266452,0.11084961146116257,0.9957716464996338,0.7987315058708191
YNL199C,YGL068W,0,-9.266463,0.11083656549453735,0.9957716464996338,0.7988371849060059
YDR153C,YDR122W,0,-9.267459,0.11082352697849274,0.9957716464996338,0.7989429235458374
YGL029W,YFL041W,0,-9.267575,0.11081049591302872,0.9957716464996338,0.7990486025810242
YDR159W,YGL127C,0,-9.267623,0.1107974573969841,0.9957716464996338,0.7991543412208557
YDR254W,YPL117C,0,-9.268182,0.11078442633152008,0.9957716464996338,0.7992600202560425
YLR304C,YJL209W,0,-9.26827,0.11077140271663666,0.9957716464996338,0.799365758895874
YNL021W,YOR347C,0,-9.268943,0.11075837910175323,0.9957716464996338,0.7994714379310608
YOR079C,YOR194C,0,-9.269006,0.11074535548686981,0.9957716464996338,0.7995771765708923
YJL050W,YOL147C,0,-9.269297,0.11073233932256699,0.9957716464996338,0.7996828556060791
YKL005C,YOR340C,0,-9.269364,0.11071932315826416,0.9957716464996338,0.7997885942459106
YJR090C,YPR112C,0,-9.272116,0.11070631444454193,0.9957716464996338,0.7998942732810974
YPL255W,YDR422C,0,-9.2724695,0.1106932982802391,0.9957716464996338,0.800000011920929
YNL142W,YDR238C,0,-9.272748,0.11068029701709747,0.9957716464996338,0.8001056909561157
YLL060C,YFL026W,0,-9.274121,0.11066729575395584,0.9957716464996338,0.8002114295959473
YJL148W,YKL203C,0,-9.274782,0.11065429449081421,0.9957716464996338,0.800317108631134
YPL231W,YHR027C,0,-9.27492,0.11064129322767258,0.9957716464996338,0.8004228472709656
YAR033W,YBL105C,0,-9.275968,0.11062829941511154,0.9957716464996338,0.8005285263061523
YKR002W,YIL013C,0,-9.278028,0.1106153130531311,0.9957716464996338,0.8006342649459839
YFR041C,YMR201C,0,-9.278323,0.11060232669115067,0.9957716464996338,0.8007399439811707
YJL042W,YPR178W,0,-9.27989,0.11058934032917023,0.9957716464996338,0.8008456826210022
YPL085W,YGR081C,0,-9.280272,0.11057636141777039,0.9957716464996338,0.800951361656189
YDR381W,YOR338W,0,-9.280347,0.11056338250637054,0.9957716464996338,0.8010571002960205
YML065W,YOR362C,0,-9.28059,0.1105504035949707,0.9957716464996338,0.8011627793312073
YJL192C,YJR110W,0,-9.280749,0.11053743213415146,0.9957716464996338,0.8012685179710388
YCR075C,YHR073W,0,-9.280903,0.11052446067333221,0.9957716464996338,0.8013741970062256
YJL098W,YNL167C,0,-9.281451,0.11051149666309357,0.9957716464996338,0.8014799356460571
YMR231W,YJR009C,0,-9.282235,0.11049853265285492,0.9957716464996338,0.8015856146812439
YNR074C,YOL066C,0,-9.28256,0.11048557609319687,0.9957716464996338,0.8016913533210754
YBR042C,YOR354C,0,-9.283923,0.11047261953353882,0.9957716464996338,0.8017970323562622
YPR007C,YHR062C,0,-9.2846,0.11045966297388077,0.9957716464996338,0.8019027709960938
YJL115W,YNL054W,0,-9.284619,0.11044671386480331,0.9957716464996338,0.8020084500312805
YDR040C,YGR009C,0,-9.285134,0.11043376475572586,0.9957716464996338,0.8021141886711121
YNL222W,YNL054W,0,-9.285266,0.11042081564664841,0.9957716464996338,0.8022198677062988
YGL067W,YBR024W,0,-9.286045,0.11040787398815155,0.9957716464996338,0.8023256063461304
YOR281C,YBR097W,0,-9.286282,0.11039493978023529,0.9957716464996338,0.8024312853813171
YFL013C,YNL131W,0,-9.287381,0.11038199812173843,0.9957716464996338,0.8025370240211487
YGR227W,YKR031C,0,-9.287736,0.11036907136440277,0.9957716464996338,0.8026427030563354
YDR324C,YNL045W,0,-9.28802,0.11035613715648651,0.9957716464996338,0.802748441696167
YOR147W,YDL052C,0,-9.288322,0.11034321039915085,0.9957716464996338,0.8028541207313538
YMR188C,YHR026W,0,-9.289372,0.11033029109239578,0.9957716464996338,0.8029598593711853
YLL043W,YMR167W,0,-9.289405,0.11031736433506012,0.9957716464996338,0.8030655384063721
YLR133W,YOL059W,0,-9.289958,0.11030445247888565,0.9957716464996338,0.8031712770462036
YJL058C,YKL054C,0,-9.290046,0.11029153317213058,0.9957716464996338,0.8032769560813904
YDR022C,YCR024C-A,0,-9.290301,0.11027862131595612,0.9957716464996338,0.8033826351165771
YML116W,YOR007C,0,-9.290305,0.11026571691036224,0.9957716464996338,0.8034883737564087
YEL027W,YEL019C,0,-9.29111,0.11025281250476837,0.9957716464996338,0.8035940527915955
YGR140W,YIL167W,0,-9.291268,0.1102399080991745,0.9957716464996338,0.803699791431427
YJL003W,YKR053C,0,-9.291692,0.11022700369358063,0.9957716464996338,0.8038054704666138
YKR002W,YMR283C,0,-9.291694,0.11021410673856735,0.9957716464996338,0.8039112091064453
YKR081C,YML025C,1,-9.2926,0.11031820625066757,0.9968287348747253,0.8039112091064453
YKR066C,YBR186W,0,-9.293519,0.1103053018450737,0.9968287348747253,0.8040168881416321
YLR157C,YPL244C,0,-9.293536,0.11029239743947983,0.9968287348747253,0.8041226267814636
YNL327W,YHR021C,0,-9.2937765,0.11027950048446655,0.9968287348747253,0.8042283058166504
YLR288C,YGL122C,0,-9.293868,0.11026660352945328,0.9968287348747253,0.8043340444564819
YNL290W,YJL059W,0,-9.294679,0.1102537140250206,0.9968287348747253,0.8044397234916687
YLR098C,YML123C,0,-9.295027,0.11024082452058792,0.9968287348747253,0.8045454621315002
YDL231C,YIL023C,0,-9.295085,0.11022793501615524,0.9968287348747253,0.804651141166687
YNL328C,YJR145C,0,-9.295466,0.11021505296230316,0.9968287348747253,0.8047568798065186
YGL018C,YPL203W,0,-9.2957735,0.11020217090845108,0.9968287348747253,0.8048625588417053
YCL039W,YJR144W,0,-9.296106,0.1101892963051796,0.9968287348747253,0.8049682974815369
YNL307C,YLR350W,0,-9.297172,0.11017642170190811,0.9968287348747253,0.8050739765167236
YFR030W,YGL058W,0,-9.297345,0.11016355454921722,0.9968287348747253,0.8051797151565552
YLR233C,YKL194C,0,-9.297907,0.11015067994594574,0.9968287348747253,0.8052853941917419
YHR188C,YIL128W,0,-9.298307,0.11013782024383545,0.9968287348747253,0.8053911328315735
YHR148W,YOR330C,0,-9.298369,0.11012495309114456,0.9968287348747253,0.8054968118667603
YHR086W,YDL225W,0,-9.298511,0.11011210083961487,0.9968287348747253,0.8056025505065918
YJL050W,YNL079C,0,-9.299159,0.11009924113750458,0.9968287348747253,0.8057082295417786
YOL002C,YER013W,0,-9.30001,0.11008638888597488,0.9968287348747253,0.8058139681816101
YMR038C,YPR046W,0,-9.300749,0.11007353663444519,0.9968287348747253,0.8059196472167969
YER106W,YNL251C,0,-9.30142,0.1100606918334961,0.9968287348747253,0.8060253858566284
YBR212W,YLR193C,0,-9.302823,0.110047847032547,0.9968287348747253,0.8061310648918152
YNL293W,YNL231C,0,-9.303635,0.1100350022315979,0.9968287348747253,0.8062368035316467
YKL220C,YOR206W,0,-9.304301,0.1100221648812294,0.9968287348747253,0.8063424825668335
YCR091W,YPL274W,0,-9.304556,0.1100093349814415,0.9968287348747253,0.806448221206665
YJR119C,YGR048W,0,-9.305251,0.109996497631073,0.9968287348747253,0.8065539002418518
YMR264W,YPR137W,0,-9.305672,0.10998367518186569,0.9968287348747253,0.8066596388816833
YDR411C,YDR446W,0,-9.30626,0.10997084528207779,0.9968287348747253,0.8067653179168701
YKL220C,YDR158W,0,-9.306693,0.10995802283287048,0.9968287348747253,0.8068710565567017
YJR155W,YKL182W,0,-9.308471,0.10994520038366318,0.9968287348747253,0.8069767355918884
YKL191W,YBL017C,0,-9.308686,0.10993238538503647,0.9968287348747253,0.80708247423172
YLR318W,YFR003C,0,-9.309622,0.10991957038640976,0.9968287348747253,0.8071881532669067
YOR037W,YDR078C,0,-9.310146,0.10990676283836365,0.9968287348747253,0.8072938919067383
YER007W,YGL006W,0,-9.3105545,0.10989395529031754,0.9968287348747253,0.807399570941925
YML091C,YOR060C,0,-9.310845,0.10988114774227142,0.9968287348747253,0.8075053095817566
YLR100W,YDL105W,0,-9.311618,0.10986834764480591,0.9968287348747253,0.8076109886169434
YPR065W,YDR425W,0,-9.311676,0.1098555475473404,0.9968287348747253,0.8077167272567749
YDR363W-A,YJL129C,0,-9.313471,0.10984274744987488,0.9968287348747253,0.8078224062919617
YFL018C,YJR004C,0,-9.31358,0.10982995480298996,0.9968287348747253,0.8079281449317932
YPR001W,YMR288W,0,-9.314326,0.10981716215610504,0.9968287348747253,0.80803382396698
YPL091W,YNL021W,0,-9.316342,0.10980437695980072,0.9968287348747253,0.8081395626068115
YIL070C,YDR142C,0,-9.3164625,0.1097915917634964,0.9968287348747253,0.8082452416419983
YDR216W,YLR016C,0,-9.317083,0.10977881401777267,0.9968287348747253,0.8083509802818298
YDL148C,YMR026C,0,-9.318108,0.10976603627204895,0.9968287348747253,0.8084566593170166
YFL048C,YKR057W,0,-9.318166,0.10975325852632523,0.9968287348747253,0.8085623383522034
YHR013C,YPR094W,0,-9.318252,0.1097404882311821,0.9968287348747253,0.8086680769920349
YDR434W,YGL162W,0,-9.318682,0.10972771793603897,0.9968287348747253,0.8087737560272217
YDR027C,YIL023C,0,-9.318994,0.10971494764089584,0.9968287348747253,0.8088794946670532
YCR107W,YOR260W,0,-9.320909,0.10970218479633331,0.9968287348747253,0.80898517370224
YLR369W,YNL128W,0,-9.321019,0.10968942940235138,0.9968287348747253,0.8090909123420715
YEL036C,YOR193W,0,-9.322591,0.10967666655778885,0.9968287348747253,0.8091965913772583
YDL098C,YNL202W,0,-9.322919,0.10966391116380692,0.9968287348747253,0.8093023300170898
YOR265W,YJR126C,0,-9.322933,0.10965116322040558,0.9968287348747253,0.8094080090522766
YDL087C,YGR094W,0,-9.323144,0.10963841527700424,0.9968287348747253,0.8095137476921082
YMR162C,YBR143C,0,-9.324391,0.1096256673336029,0.9968287348747253,0.8096194267272949
YMR287C,YOR254C,0,-9.325074,0.10961292684078217,0.9968287348747253,0.8097251653671265
YFL009W,YAL030W,0,-9.326001,0.10960018634796143,0.9968287348747253,0.8098308444023132
YDR097C,YLR248W,0,-9.326279,0.10958744585514069,0.9968287348747253,0.8099365830421448
YOR328W,YNL207W,0,-9.327471,0.10957471281290054,0.9968287348747253,0.8100422620773315
YDL192W,YOR060C,0,-9.328494,0.109561987221241,0.9968287348747253,0.8101480007171631
YLR103C,YHL006C,0,-9.328682,0.10954925417900085,0.9968287348747253,0.8102536797523499
YBR059C,YNL009W,0,-9.331149,0.10953652858734131,0.9968287348747253,0.8103594183921814
YNL230C,YKL160W,0,-9.331156,0.10952381044626236,0.9968287348747253,0.8104650974273682
YOR098C,YMR175W,0,-9.331176,0.10951109230518341,0.9968287348747253,0.8105708360671997
YPR083W,YGR104C,0,-9.332274,0.10949837416410446,0.9968287348747253,0.8106765151023865
YFR040W,YGR063C,0,-9.332324,0.10948566347360611,0.9968287348747253,0.810782253742218
YDR457W,YKR020W,0,-9.332398,0.10947295278310776,0.9968287348747253,0.8108879327774048
YDR527W,YER024W,0,-9.332456,0.1094602420926094,0.9968287348747253,0.8109936714172363
YBR098W,YBR162C,0,-9.3329,0.10944753885269165,0.9968287348747253,0.8110993504524231
YIL046W,YLR025W,0,-9.333846,0.1094348356127739,0.9968287348747253,0.8112050890922546
YPL046C,YNR039C,0,-9.334699,0.10942213982343674,0.9968287348747253,0.8113107681274414
YLR109W,YNL161W,0,-9.3348255,0.10940944403409958,0.9968287348747253,0.811416506767273
YPL145C,YML034W,0,-9.335347,0.10939674824476242,0.9968287348747253,0.8115221858024597
YNL127W,YOR064C,0,-9.336078,0.10938405990600586,0.9968287348747253,0.8116279244422913
YLL022C,YKL195W,0,-9.336524,0.1093713790178299,0.9968287348747253,0.811733603477478
YER164W,YOR087W,0,-9.337114,0.10935869067907333,0.9968287348747253,0.8118393421173096
YIL132C,YOL027C,0,-9.338114,0.10934600979089737,0.9968287348747253,0.8119450211524963
YMR308C,YBR083W,0,-9.338504,0.109333336353302,0.9968287348747253,0.8120507597923279
YDL155W,YOL091W,0,-9.339282,0.10932065546512604,0.9968287348747253,0.8121564388275146
YJR057W,YDR411C,0,-9.339738,0.10930798947811127,0.9968287348747253,0.8122621774673462
YDR270W,YBR253W,0,-9.341179,0.1092953160405159,0.9968287348747253,0.812367856502533
YPL269W,YAL051W,0,-9.342408,0.10928265005350113,0.9968287348747253,0.8124735951423645
YER045C,YBR041W,0,-9.34245,0.10926999151706696,0.9968287348747253,0.8125792741775513
YGR155W,YDL245C,0,-9.342732,0.10925732553005219,0.9968287348747253,0.8126850128173828
YGL226C-A,YLR090W,0,-9.343415,0.10924467444419861,0.9968287348747253,0.8127906918525696
YOR094W,YNR056C,0,-9.343417,0.10923201590776443,0.9968287348747253,0.8128964304924011
YJR065C,YGL195W,0,-9.345344,0.10921936482191086,0.9968287348747253,0.8130021095275879
YHR083W,YDR346C,0,-9.345889,0.10920671373605728,0.9968287348747253,0.8131078481674194
YNR035C,YDR146C,0,-9.34601,0.1091940701007843,0.9968287348747253,0.8132135272026062
YBR211C,YNL206C,0,-9.347383,0.10918142646551132,0.9968287348747253,0.8133192658424377
YNL008C,YFR041C,0,-9.348108,0.10916879028081894,0.9968287348747253,0.8134249448776245
YJL065C,YFR019W,0,-9.348697,0.10915615409612656,0.9968287348747253,0.813530683517456
YMR232W,YMR146C,0,-9.348764,0.10914351791143417,0.9968287348747253,0.8136363625526428
YGL092W,YML028W,0,-9.34937,0.10913088917732239,0.9968287348747253,0.8137421011924744
YDR284C,YMR266W,0,-9.350557,0.1091182604432106,0.9968287348747253,0.8138477802276611
YJL020C,YOR188W,0,-9.351027,0.10910563170909882,0.9968287348747253,0.8139534592628479
YER159C,YGL192W,0,-9.353177,0.10909301042556763,0.9968287348747253,0.8140591979026794
YIL098C,YDR245W,0,-9.354302,0.10908039659261703,0.9968287348747253,0.8141648769378662
YEL036C,YDR122W,0,-9.3543215,0.10906777530908585,0.9968287348747253,0.8142706155776978
YBR020W,YGR063C,0,-9.354635,0.10905516147613525,0.9968287348747253,0.8143762946128845
YJR158W,YFL008W,0,-9.355636,0.10904255509376526,0.9968287348747253,0.8144820332527161
YLR231C,YOR295W,0,-9.355907,0.10902994871139526,0.9968287348747253,0.8145877122879028
YGR159C,YBL005W,0,-9.35595,0.10901734232902527,0.9968287348747253,0.8146934509277344
YCR008W,YOR367W,0,-9.35683,0.10900473594665527,0.9968287348747253,0.8147991299629211
YGR248W,YCR081W,0,-9.356868,0.10899213701486588,0.9968287348747253,0.8149048686027527
YOR032C,YBR107C,0,-9.357411,0.10897954553365707,0.9968287348747253,0.8150105476379395
YMR243C,YLR346C,0,-9.357477,0.10896695405244827,0.9968287348747253,0.815116286277771
YOR061W,YHR001W-A,0,-9.35776,0.10895436257123947,0.9968287348747253,0.8152219653129578
YDR106W,YBR081C,0,-9.358035,0.10894177109003067,0.9968287348747253,0.8153277039527893
YPL170W,YML005W,0,-9.358155,0.10892918705940247,0.9968287348747253,0.8154333829879761
YNL278W,YNL160W,0,-9.358905,0.10891661047935486,0.9968287348747253,0.8155391216278076
YNL327W,YDR062W,0,-9.358956,0.10890403389930725,0.9968287348747253,0.8156448006629944
YLR134W,YAR008W,0,-9.359141,0.10889145731925964,0.9968287348747253,0.8157505393028259
YDR147W,YFR024C-A,0,-9.360777,0.10887888073921204,0.9968287348747253,0.8158562183380127
YLR332W,YKL006C-A,0,-9.361057,0.10886631160974503,0.9968287348747253,0.8159619569778442
YNL259C,YMR277W,0,-9.361168,0.10885374248027802,0.9968287348747253,0.816067636013031
YGL005C,YHR143W-A,0,-9.361459,0.1088411808013916,0.9968287348747253,0.8161733746528625
YJR131W,YNL099C,0,-9.361707,0.10882861912250519,0.9968287348747253,0.8162790536880493
YPL075W,YLR417W,0,-9.361808,0.10881606489419937,0.9968287348747253,0.8163847923278809
YOL101C,YJR086W,0,-9.36197,0.10880351066589355,0.9968287348747253,0.8164904713630676
YDL101C,YJL207C,0,-9.362098,0.10879095643758774,0.9968287348747253,0.8165962100028992
YJL020C,YGL195W,0,-9.362551,0.10877840220928192,0.9968287348747253,0.8167018890380859
YMR109W,YNL128W,0,-9.3628,0.1087658628821373,0.9968287348747253,0.8168076276779175
YLR397C,YKL041W,0,-9.363456,0.10875331610441208,0.9968287348747253,0.8169133067131042
YFL003C,YLR090W,0,-9.365946,0.10874077677726746,0.9968287348747253,0.8170190453529358
YER028C,YNL330C,0,-9.366145,0.10872823745012283,0.9968287348747253,0.8171247243881226
YJL076W,YPR080W,0,-9.366162,0.10871570557355881,0.9968287348747253,0.8172304630279541
YPL097W,YBL103C,0,-9.366386,0.10870317369699478,0.9968287348747253,0.8173361420631409
YBR236C,YBR015C,0,-9.367148,0.10869064182043076,0.9968287348747253,0.8174418807029724
YJL133W,YMR263W,0,-9.367749,0.10867811739444733,0.9968287348747253,0.8175475597381592
YPL161C,YDR146C,0,-9.368342,0.1086655929684639,0.9968287348747253,0.8176532983779907
YLR382C,YDL084W,0,-9.3688135,0.10865306854248047,0.9968287348747253,0.8177589774131775
YOR100C,YJL085W,0,-9.36893,0.10864055156707764,0.9968287348747253,0.817864716053009
YGR132C,YLR006C,0,-9.369406,0.1086280345916748,0.9968287348747253,0.8179703950881958
YMR011W,YHR006W,0,-9.369933,0.10861552506685257,0.9968287348747253,0.8180761337280273
YJL034W,YKL095W,0,-9.370786,0.10860301554203033,0.9968287348747253,0.8181818127632141
YPL126W,YDR394W,0,-9.371123,0.1085905134677887,0.9968287348747253,0.8182875514030457
YBR286W,YLR318W,0,-9.371669,0.10857801139354706,0.9968287348747253,0.8183932304382324
YFR002W,YBR105C,0,-9.371951,0.10856550931930542,0.9968287348747253,0.818498969078064
YCL025C,YML027W,0,-9.372247,0.10855300724506378,0.9968287348747253,0.8186046481132507
YIL159W,YDL181W,0,-9.373277,0.10854051262140274,0.9968287348747253,0.8187103867530823
YMR068W,YBR066C,0,-9.374255,0.1085280254483223,0.9968287348747253,0.818816065788269
YGL018C,YPL163C,0,-9.374349,0.10851553827524185,0.9968287348747253,0.8189218044281006
YLR260W,YBR296C,0,-9.374856,0.10850305110216141,0.9968287348747253,0.8190274834632874
YKR027W,YDR256C,0,-9.374879,0.10849056392908096,0.9968287348747253,0.8191332221031189
YDR216W,YOR313C,0,-9.376119,0.10847808420658112,0.9968287348747253,0.8192389011383057
YDL245C,YDL230W,0,-9.376632,0.10846561193466187,0.9968287348747253,0.8193445801734924
YDR163W,YPR065W,0,-9.377364,0.10845313221216202,0.9968287348747253,0.819450318813324
YIL129C,YHR048W,0,-9.37844,0.10844065994024277,0.9968287348747253,0.8195559978485107
YBL080C,YJL035C,0,-9.379699,0.10842819511890411,0.9968287348747253,0.8196617364883423
YCR038C,YKL073W,0,-9.380826,0.10841573029756546,0.9968287348747253,0.819767415523529
YJL062W,YDR265W,0,-9.381083,0.1084032654762268,0.9968287348747253,0.8198731541633606
YJL031C,YMR015C,0,-9.382139,0.10839080810546875,0.9968287348747253,0.8199788331985474
YMR138W,YFL033C,0,-9.382188,0.1083783507347107,0.9968287348747253,0.8200845718383789
YHR083W,YMR077C,0,-9.382558,0.10836589336395264,0.9968287348747253,0.8201902508735657
YPL188W,YGL093W,0,-9.382637,0.10835344344377518,0.9968287348747253,0.8202959895133972
YFR046C,YOR334W,0,-9.382714,0.10834099352359772,0.9968287348747253,0.820401668548584
YHR030C,YIL030C,0,-9.3834715,0.10832854360342026,0.9968287348747253,0.8205074071884155
YLL034C,YJL045W,0,-9.383977,0.1083161011338234,0.9968287348747253,0.8206130862236023
YNL293W,YJL074C,0,-9.38472,0.10830366611480713,0.9968287348747253,0.8207188248634338
YBR196C,YER161C,0,-9.385279,0.10829122364521027,0.9968287348747253,0.8208245038986206
YKL053C-A,YKL001C,0,-9.385533,0.108278788626194,0.9968287348747253,0.8209302425384521
YNL116W,YLR145W,0,-9.385591,0.10826636105775833,0.9968287348747253,0.8210359215736389
YGR109C,YKL203C,0,-9.386256,0.10825393348932266,0.9968287348747253,0.8211416602134705
YJR108W,YKL099C,0,-9.386851,0.108241505920887,0.9968287348747253,0.8212473392486572
YJR119C,YNL302C,0,-9.388717,0.10822908580303192,0.9968287348747253,0.8213530778884888
YKL186C,YBL075C,0,-9.388996,0.10821666568517685,0.9968287348747253,0.8214587569236755
YPL098C,YOR321W,0,-9.389327,0.10820424556732178,0.9968287348747253,0.8215644955635071
YER107C,YPR006C,0,-9.389588,0.1081918329000473,0.9968287348747253,0.8216701745986938
YNL282W,YGR181W,0,-9.390723,0.10817942023277283,0.9968287348747253,0.8217759132385254
YDR298C,YOL094C,0,-9.391925,0.10816700756549835,0.9968287348747253,0.8218815922737122
YEL015W,YGR144W,0,-9.393958,0.10815460234880447,0.9968287348747253,0.8219873309135437
YOR182C,YDR200C,0,-9.394085,0.10814220458269119,0.9968287348747253,0.8220930099487305
YPL194W,YMR243C,0,-9.394945,0.10812979936599731,0.9968287348747253,0.822198748588562
YJL210W,YFR005C,0,-9.395135,0.10811740159988403,0.9968287348747253,0.8223044276237488
YLR201C,YML055W,0,-9.395213,0.10810501128435135,0.9968287348747253,0.8224101662635803
YDR214W,YGR166W,0,-9.39627,0.10809262096881866,0.9968287348747253,0.8225158452987671
YFR008W,YHR084W,0,-9.397324,0.10808023065328598,0.9968287348747253,0.8226215839385986
YER133W,YBR048W,0,-9.398482,0.1080678403377533,0.9968287348747253,0.8227272629737854
YOR354C,YDR425W,0,-9.398692,0.10805545747280121,0.9968287348747253,0.8228330016136169
YOR079C,YPL224C,0,-9.399473,0.10804308205842972,0.9968287348747253,0.8229386806488037
YIL051C,YHR084W,0,-9.399974,0.10803069919347763,0.9968287348747253,0.8230444192886353
YML116W,YPL224C,0,-9.401706,0.10801833122968674,0.9968287348747253,0.823150098323822
YNL023C,YMR204C,0,-9.402177,0.10800595581531525,0.9968287348747253,0.8232558369636536
YGL011C,YOL138C,0,-9.40401,0.10799358785152435,0.9968287348747253,0.8233615159988403
YJL036W,YKL018W,0,-9.404485,0.10798121988773346,0.9968287348747253,0.8234672546386719
YGR070W,YKL196C,0,-9.404588,0.10796885937452316,0.9968287348747253,0.8235729336738586
YNL111C,YFL018C,0,-9.404628,0.10795649886131287,0.9968287348747253,0.8236786723136902
YDR263C,YLR193C,0,-9.404932,0.10794413834810257,0.9968287348747253,0.823784351348877
YMR073C,YER072W,0,-9.405177,0.10793178528547287,0.9968287348747253,0.8238900899887085
YOL051W,YDR285W,0,-9.406037,0.10791943222284317,0.9968287348747253,0.8239957690238953
YDL126C,YFR034C,0,-9.407189,0.10790708661079407,0.9968287348747253,0.8241015076637268
YNL094W,YBL018C,0,-9.407834,0.10789473354816437,0.9968287348747253,0.8242071866989136
YGL054C,YDR329C,0,-9.4078455,0.10788239538669586,0.9968287348747253,0.8243129253387451
YPL127C,YOR162C,0,-9.408204,0.10787004977464676,0.9968287348747253,0.8244186043739319
YOL142W,YKL178C,0,-9.40833,0.10785771161317825,0.9968287348747253,0.8245242834091187
YDL035C,YML062C,0,-9.40864,0.10784538090229034,0.9968287348747253,0.8246300220489502
YIL042C,YLR139C,0,-9.409134,0.10783305019140244,0.9968287348747253,0.824735701084137
YJR022W,YGR169C,0,-9.410228,0.10782071948051453,0.9968287348747253,0.8248414397239685
YCR008W,YMR005W,0,-9.410571,0.10780838876962662,0.9968287348747253,0.8249471187591553
YAL031C,YNL053W,0,-9.411115,0.1077960655093193,0.9968287348747253,0.8250528573989868
YGR222W,YMR079W,0,-9.411136,0.10778374969959259,0.9968287348747253,0.8251585364341736
YDR151C,YER149C,0,-9.411981,0.10777142643928528,0.9968287348747253,0.8252642750740051
YGR246C,YLR216C,0,-9.412236,0.10775911062955856,0.9968287348747253,0.8253699541091919
YPR020W,YGR254W,0,-9.412244,0.10774680227041245,0.9968287348747253,0.8254756927490234
YJR139C,YIR026C,0,-9.4124365,0.10773449391126633,0.9968287348747253,0.8255813717842102
YMR250W,YMR182C,0,-9.413735,0.10772218555212021,0.9968287348747253,0.8256871104240417
YDL227C,YPL224C,0,-9.414155,0.10770987719297409,0.9968287348747253,0.8257927894592285
YBL084C,YOR209C,0,-9.414376,0.10769757628440857,0.9968287348747253,0.8258985280990601
YLR284C,YOL012C,0,-9.415786,0.10768528282642365,0.9968287348747253,0.8260042071342468
YGL205W,YMR218C,0,-9.416109,0.10767298191785812,0.9968287348747253,0.8261099457740784
YHL036W,YNL312W,0,-9.416226,0.1076606884598732,0.9968287348747253,0.8262156248092651
YGR246C,YBR127C,0,-9.416448,0.10764840245246887,0.9968287348747253,0.8263213634490967
YBL008W,YDL106C,0,-9.417098,0.10763611644506454,0.9968287348747253,0.8264270424842834
YCL035C,YNL129W,0,-9.418431,0.10762383043766022,0.9968287348747253,0.826532781124115
YOL104C,YHR008C,0,-9.418752,0.10761155188083649,0.9968287348747253,0.8266384601593018
YGL246C,YPR007C,0,-9.418822,0.10759927332401276,0.9968287348747253,0.8267441987991333
YDL231C,YIL155C,0,-9.418864,0.10758699476718903,0.9968287348747253,0.8268498778343201
YOL108C,YML061C,0,-9.419388,0.10757472366094589,0.9968287348747253,0.8269556164741516
YFL016C,YFL034C-B,0,-9.419419,0.10756245255470276,0.9968287348747253,0.8270612955093384
YNR027W,YHR124W,0,-9.419673,0.10755018144845963,0.9968287348747253,0.8271670341491699
YOR078W,YER001W,0,-9.42003,0.10753791779279709,0.9968287348747253,0.8272727131843567
YLR238W,YBL025W,0,-9.421424,0.10752565413713455,0.9968287348747253,0.8273784518241882
YOR330C,YBR087W,0,-9.4218,0.10751339793205261,0.9968287348747253,0.827484130859375
YDR179C,YMR060C,0,-9.422048,0.10750114172697067,0.9968287348747253,0.8275898694992065
YOR298C-A,YDR180W,0,-9.422941,0.10748888552188873,0.9968287348747253,0.8276955485343933
YOR085W,YOR132W,0,-9.423048,0.10747663676738739,0.9968287348747253,0.8278012871742249
YNL042W,YPL241C,0,-9.4238615,0.10746438801288605,0.9968287348747253,0.8279069662094116
YML116W,YGR158C,0,-9.4239855,0.1074521392583847,0.9968287348747253,0.8280127048492432
YNL029C,YGL143C,0,-9.425339,0.10743989795446396,0.9968287348747253,0.8281183838844299
YLR066W,YCR083W,0,-9.425974,0.10742765665054321,0.9968287348747253,0.8282241225242615
YMR044W,YOR193W,0,-9.426103,0.10741542279720306,0.9968287348747253,0.8283298015594482
YMR083W,YDR075W,0,-9.427733,0.10740318894386292,0.9968287348747253,0.8284355401992798
YNL164C,YHR050W,0,-9.427743,0.10739095509052277,0.9968287348747253,0.8285412192344666
YDR093W,YHR014W,0,-9.4290495,0.10737872868776321,0.9968287348747253,0.8286469578742981
YMR238W,YMR218C,0,-9.42932,0.10736650228500366,0.9968287348747253,0.8287526369094849
YER119C,YPL138C,0,-9.42942,0.10735428333282471,0.9968287348747253,0.8288583755493164
YKR024C,YGR220C,1,-9.429591,0.10745589435100555,0.9978858232498169,0.8288583755493164
YAR002C-A,YLL012W,0,-9.429641,0.1074436604976654,0.9978858232498169,0.8289640545845032
YPR188C,YBL080C,0,-9.431285,0.10743143409490585,0.9978858232498169,0.8290697932243347
YNL242W,YAL042W,0,-9.433431,0.1074192076921463,0.9978858232498169,0.8291754722595215
YOL147C,YBR002C,0,-9.433905,0.10740698873996735,0.9978858232498169,0.829281210899353
YJR031C,YMR035W,0,-9.434201,0.10739476978778839,0.9978858232498169,0.8293868899345398
YDL145C,YEL009C,0,-9.43482,0.10738255083560944,0.9978858232498169,0.8294926285743713
YBR236C,YKR097W,0,-9.434847,0.10737033933401108,0.9978858232498169,0.8295983076095581
YDL052C,YBR123C,0,-9.435151,0.10735812783241272,0.9978858232498169,0.8297040462493896
YNL117W,YML098W,0,-9.43559,0.10734591633081436,0.9978858232498169,0.8298097252845764
YNL065W,YPR200C,0,-9.435731,0.1073337122797966,0.9978858232498169,0.8299154043197632
YHR068W,YDR335W,0,-9.436408,0.10732150822877884,0.9978858232498169,0.8300211429595947
YOR074C,YBR105C,0,-9.436454,0.10730931162834167,0.9978858232498169,0.8301268219947815
YDR322C-A,YOR229W,0,-9.436588,0.10729711502790451,0.9978858232498169,0.830232560634613
YIL075C,YLL021W,0,-9.436668,0.10728491842746735,0.9978858232498169,0.8303382396697998
YER042W,YCR084C,0,-9.436791,0.10727272927761078,0.9978858232498169,0.8304439783096313
YMR232W,YKL085W,0,-9.436801,0.10726054012775421,0.9978858232498169,0.8305496573448181
YMR272C,YML114C,0,-9.43748,0.10724835097789764,0.9978858232498169,0.8306553959846497
YMR091C,YER162C,0,-9.437671,0.10723616927862167,0.9978858232498169,0.8307610750198364
YKR097W,YDR297W,0,-9.438135,0.1072239875793457,0.9978858232498169,0.830866813659668
YMR092C,YFL017W-A,0,-9.438539,0.10721181333065033,0.9978858232498169,0.8309724926948547
YPL008W,YCR008W,0,-9.4390135,0.10719963908195496,0.9978858232498169,0.8310782313346863
YBR236C,YDR247W,0,-9.4404955,0.10718746483325958,0.9978858232498169,0.831183910369873
YER133W,YHR021C,0,-9.44061,0.1071752980351448,0.9978858232498169,0.8312896490097046
YNR027W,YGR144W,0,-9.441515,0.10716313123703003,0.9978858232498169,0.8313953280448914
YNR019W,YOR329C,0,-9.442784,0.10715096443891525,0.9978858232498169,0.8315010666847229
YGL073W,YML098W,0,-9.443485,0.10713880509138107,0.9978858232498169,0.8316067457199097
YHR043C,YDR273W,0,-9.445095,0.1071266457438469,0.9978858232498169,0.8317124843597412
YBL084C,YEL018W,0,-9.445163,0.10711448639631271,0.9978858232498169,0.831818163394928
YLR127C,YDL170W,0,-9.445357,0.10710233449935913,0.9978858232498169,0.8319239020347595
YCR065W,YIL073C,0,-9.445589,0.10709019005298615,0.9978858232498169,0.8320295810699463
YHR026W,YJL047C,0,-9.446045,0.10707803815603256,0.9978858232498169,0.8321353197097778
YFL011W,YNL186W,0,-9.44609,0.10706589370965958,0.9978858232498169,0.8322409987449646
YGR030C,YDL185W,0,-9.446595,0.10705375671386719,0.9978858232498169,0.8323467373847961
YDR254W,YNL149C,0,-9.44672,0.1070416122674942,0.9978858232498169,0.8324524164199829
YBR004C,YDL190C,0,-9.447087,0.10702947527170181,0.9978858232498169,0.8325581550598145
YKL064W,YGR211W,0,-9.448113,0.10701734572649002,0.9978858232498169,0.8326638340950012
YMR199W,YDL087C,0,-9.448304,0.10700521618127823,0.9978858232498169,0.8327695727348328
YBL006C,YCR042C,0,-9.448676,0.10699308663606644,0.9978858232498169,0.8328752517700195
YBL013W,YEL065W,0,-9.448741,0.10698096454143524,0.9978858232498169,0.8329809904098511
YKL040C,YBR092C,0,-9.448901,0.10696883499622345,0.9978858232498169,0.8330866694450378
YLR411W,YIL131C,0,-9.449309,0.10695672035217285,0.9978858232498169,0.8331924080848694
YKL040C,YKR008W,0,-9.4493475,0.10694459825754166,0.9978858232498169,0.8332980871200562
YML116W,YDR481C,0,-9.449401,0.10693249106407166,0.9978858232498169,0.8334038257598877
YBL080C,YMR061W,0,-9.449418,0.10692037642002106,0.9978858232498169,0.8335095047950745
YIL009W,YNR064C,0,-9.450073,0.10690826922655106,0.9978858232498169,0.833615243434906
YFR051C,YPR065W,0,-9.450139,0.10689616203308105,0.9978858232498169,0.8337209224700928
YPL227C,YPL170W,0,-9.450365,0.10688405483961105,0.9978858232498169,0.8338266611099243
YPR103W,YOR315W,0,-9.450795,0.10687195509672165,0.9978858232498169,0.8339323401451111
YOL101C,YDR126W,0,-9.451653,0.10685986280441284,0.9978858232498169,0.8340380787849426
YIL124W,YPR065W,0,-9.451909,0.10684776306152344,0.9978858232498169,0.8341437578201294
YLL019C,YCR027C,0,-9.452485,0.10683567076921463,0.9978858232498169,0.8342494964599609
YOL042W,YJL098W,0,-9.453954,0.10682358592748642,0.9978858232498169,0.8343551754951477
YPR006C,YBR087W,0,-9.453971,0.10681149363517761,0.9978858232498169,0.8344609141349792
YOL143C,YGR048W,0,-9.454595,0.1067994087934494,0.9978858232498169,0.834566593170166
YOL001W,YHR060W,0,-9.4549265,0.10678733140230179,0.9978858232498169,0.8346723318099976
YGL003C,YMR198W,0,-9.455061,0.10677525401115417,0.9978858232498169,0.8347780108451843
YER045C,YBR029C,0,-9.455594,0.10676317662000656,0.9978858232498169,0.8348837494850159
YLL043W,YML120C,0,-9.456147,0.10675109922885895,0.9978858232498169,0.8349894285202026
YDR017C,YPR178W,0,-9.456307,0.10673902928829193,0.9978858232498169,0.8350951671600342
YJR025C,YNL078W,0,-9.4565325,0.10672696679830551,0.9978858232498169,0.835200846195221
YAL030W,YOR064C,0,-9.456887,0.1067148968577385,0.9978858232498169,0.8353065252304077
YNL270C,YOR087W,0,-9.457437,0.10670283436775208,0.9978858232498169,0.8354122638702393
YDL126C,YPR070W,0,-9.457985,0.10669077932834625,0.9978858232498169,0.835517942905426
YMR035W,YDL058W,0,-9.458184,0.10667872428894043,0.9978858232498169,0.8356236815452576
YOL064C,YHR008C,0,-9.458504,0.1066666692495346,0.9978858232498169,0.8357293605804443
YMR197C,YBL055C,0,-9.458638,0.10665461421012878,0.9978858232498169,0.8358350992202759
YJR073C,YNL312W,0,-9.45869,0.10664256662130356,0.9978858232498169,0.8359407782554626
YCR088W,YLR277C,0,-9.458968,0.10663051903247833,0.9978858232498169,0.8360465168952942
YGR028W,YFL017W-A,0,-9.459453,0.1066184788942337,0.9978858232498169,0.836152195930481
YLR259C,YDR346C,0,-9.459497,0.10660643875598907,0.9978858232498169,0.8362579345703125
YNL097C,YGR185C,0,-9.460206,0.10659439861774445,0.9978858232498169,0.8363636136054993
YIL061C,YHL009C,0,-9.46067,0.10658236593008041,0.9978858232498169,0.8364693522453308
YBR040W,YKL034W,0,-9.461764,0.10657033324241638,0.9978858232498169,0.8365750312805176
YNL006W,YER075C,0,-9.463291,0.10655830055475235,0.9978858232498169,0.8366807699203491
YLR401C,YOR351C,0,-9.4649935,0.10654627531766891,0.9978858232498169,0.8367864489555359
YPL061W,YIL066C,0,-9.466283,0.10653425008058548,0.9978858232498169,0.8368921875953674
YPL259C,YOL002C,0,-9.466478,0.10652223229408264,0.9978858232498169,0.8369978666305542
YER095W,YDR170C,0,-9.466992,0.1065102145075798,0.9978858232498169,0.8371036052703857
YOR299W,YLR051C,0,-9.469533,0.10649819672107697,0.9978858232498169,0.8372092843055725
YIR033W,YPR094W,0,-9.470241,0.10648617893457413,0.9978858232498169,0.837315022945404
YDR106W,YBR021W,0,-9.470286,0.10647416859865189,0.9978858232498169,0.8374207019805908
YDR206W,YGL115W,0,-9.470413,0.10646216571331024,0.9978858232498169,0.8375264406204224
YJL115W,YHR086W,0,-9.470699,0.106450155377388,0.9978858232498169,0.8376321196556091
YFL033C,YIL144W,0,-9.472976,0.10643815249204636,0.9978858232498169,0.8377378582954407
YOR100C,YOR287C,0,-9.473287,0.10642615705728531,0.9978858232498169,0.8378435373306274
YGR262C,YLR097C,0,-9.473975,0.10641416162252426,0.9978858232498169,0.837949275970459
YBR283C,YDL077C,0,-9.474206,0.10640216618776321,0.9978858232498169,0.8380549550056458
YDR231C,YNL317W,0,-9.474837,0.10639017075300217,0.9978858232498169,0.8381606936454773
YKL112W,YML005W,0,-9.475136,0.10637818276882172,0.9978858232498169,0.8382663726806641
YBL005W,YDR172W,0,-9.476123,0.10636619478464127,0.9978858232498169,0.8383721113204956
YJR040W,YJL109C,0,-9.476184,0.10635421425104141,0.9978858232498169,0.8384777903556824
YOL008W,YDL003W,0,-9.477064,0.10634223371744156,0.9978858232498169,0.8385835289955139
YIL040W,YJR093C,0,-9.477089,0.1063302531838417,0.9978858232498169,0.8386892080307007
YPL140C,YBR089C-A,0,-9.478503,0.10631828010082245,0.9978858232498169,0.8387949466705322
YLR110C,YMR077C,0,-9.47985,0.10630630701780319,0.9978858232498169,0.838900625705719
YER051W,YKR048C,0,-9.479886,0.10629433393478394,0.9978858232498169,0.8390063643455505
YJR078W,YLR377C,0,-9.480212,0.10628236830234528,0.9978858232498169,0.8391120433807373
YFR034C,YGL255W,0,-9.480519,0.10627040266990662,0.9978858232498169,0.8392177820205688
YGR230W,YBR231C,0,-9.480819,0.10625844448804855,0.9978858232498169,0.8393234610557556
YJR031C,YGL004C,0,-9.481339,0.10624648630619049,0.9978858232498169,0.8394291996955872
YER028C,YLR298C,0,-9.481729,0.10623452812433243,0.9978858232498169,0.8395348787307739
YFR040W,YDL244W,0,-9.481775,0.10622256994247437,0.9978858232498169,0.8396406173706055
YKL182W,YBL025W,0,-9.483061,0.1062106192111969,0.9978858232498169,0.8397462964057922
YMR112C,YDR404C,0,-9.483396,0.10619867593050003,0.9978858232498169,0.8398520350456238
YLR384C,YNL214W,0,-9.483657,0.10618672519922256,0.9978858232498169,0.8399577140808105
YKL179C,YNL053W,0,-9.483841,0.1061747819185257,0.9978858232498169,0.8400634527206421
YJR158W,YJL062W,0,-9.4840975,0.10616284608840942,0.9978858232498169,0.8401691317558289
YNL059C,YOL060C,0,-9.484498,0.10615090280771255,0.9978858232498169,0.8402748703956604
YOR095C,YHR200W,0,-9.485552,0.10613896697759628,0.9978858232498169,0.8403805494308472
YPL177C,YEL051W,0,-9.485682,0.10612703859806061,0.9978858232498169,0.8404862284660339
YGL135W,YKL051W,0,-9.48668,0.10611511021852493,0.9978858232498169,0.8405919671058655
YOR362C,YOR064C,0,-9.487237,0.10610318183898926,0.9978858232498169,0.8406976461410522
YAL033W,YER095W,0,-9.4872465,0.10609125345945358,0.9978858232498169,0.8408033847808838
YNL041C,YML034W,0,-9.487425,0.1060793325304985,0.9978858232498169,0.8409090638160706
YNL288W,YDR443C,0,-9.48786,0.10606741905212402,0.9978858232498169,0.8410148024559021
YKL117W,YNL044W,0,-9.488004,0.10605549812316895,0.9978858232498169,0.8411204814910889
YPR052C,YGR010W,0,-9.488009,0.10604358464479446,0.9978858232498169,0.8412262201309204
YOL142W,YNL128W,0,-9.488387,0.10603167116641998,0.9978858232498169,0.8413318991661072
YOR351C,YDR013W,0,-9.488831,0.1060197651386261,0.9978858232498169,0.8414376378059387
YAL054C,YDR460W,0,-9.489077,0.10600785911083221,0.9978858232498169,0.8415433168411255
YOR011W,YLR097C,0,-9.489215,0.10599596053361893,0.9978858232498169,0.841649055480957
YLR191W,YMR013C,0,-9.489928,0.10598405450582504,0.9978858232498169,0.8417547345161438
YPR100W,YDR285W,0,-9.490065,0.10597216337919235,0.9978858232498169,0.8418604731559753
YBR041W,YOR191W,0,-9.491058,0.10596026480197906,0.9978858232498169,0.8419661521911621
YPR075C,YOR073W,0,-9.491381,0.10594837367534637,0.9978858232498169,0.8420718908309937
YIL128W,YHR001W-A,0,-9.491616,0.10593648254871368,0.9978858232498169,0.8421775698661804
YBL033C,YBR081C,0,-9.493297,0.10592459887266159,0.9978858232498169,0.842283308506012
YOR221C,YDR451C,0,-9.493433,0.1059127151966095,0.9978858232498169,0.8423889875411987
YDL142C,YGR156W,0,-9.493749,0.1059008315205574,0.9978858232498169,0.8424947261810303
YGR220C,YFL002C,1,-9.4944315,0.1060011237859726,0.9989429116249084,0.8424947261810303
YJR125C,YER019C-A,0,-9.495146,0.1059892326593399,0.9989429116249084,0.842600405216217
YPR154W,YGL095C,0,-9.49517,0.10597734898328781,0.9989429116249084,0.8427061438560486
YNR074C,YDL003W,0,-9.495944,0.10596546530723572,0.9989429116249084,0.8428118228912354
YOR030W,YLR293C,0,-9.496576,0.10595358163118362,0.9989429116249084,0.8429175615310669
YDR288W,YDL055C,0,-9.497893,0.10594170540571213,0.9989429116249084,0.8430232405662537
YML116W,YGR229C,0,-9.498923,0.10592982918024063,0.9989429116249084,0.8431289792060852
YLR384C,YIL167W,0,-9.499216,0.10591795295476913,0.9989429116249084,0.843234658241272
YMR032W,YIL075C,0,-9.499869,0.10590608417987823,0.9989429116249084,0.8433403968811035
YGL105W,YBR168W,0,-9.500365,0.10589421540498734,0.9989429116249084,0.8434460759162903
YBR275C,YCL032W,0,-9.500715,0.10588235408067703,0.9989429116249084,0.8435518145561218
YDL019C,YOL061W,0,-9.500852,0.10587049275636673,0.9989429116249084,0.8436574935913086
YJR131W,YOR210W,0,-9.501028,0.10585863143205643,0.9989429116249084,0.8437632322311401
YIR006C,YNL149C,0,-9.501187,0.10584677755832672,0.9989429116249084,0.8438689112663269
YMR068W,YNR049C,0,-9.501562,0.10583491623401642,0.9989429116249084,0.8439746499061584
YMR042W,YOR027W,0,-9.501706,0.10582306981086731,0.9989429116249084,0.8440803289413452
YDL039C,YGL095C,0,-9.5020685,0.1058112159371376,0.9989429116249084,0.8441860675811768
YGR108W,YBR294W,0,-9.503036,0.1057993695139885,0.9989429116249084,0.8442917466163635
YNL231C,YDR443C,0,-9.503044,0.10578753054141998,0.9989429116249084,0.8443974852561951
YML031W,YEL057C,0,-9.503313,0.10577569156885147,0.9989429116249084,0.8445031642913818
YLR138W,YJR010C-A,0,-9.503622,0.10576385259628296,0.9989429116249084,0.8446089029312134
YDL028C,YNL070W,0,-9.505332,0.10575201362371445,0.9989429116249084,0.8447145819664001
YGR239C,YNL273W,0,-9.505767,0.10574018210172653,0.9989429116249084,0.8448203206062317
YDR317W,YKL055C,0,-9.506272,0.10572835057973862,0.9989429116249084,0.8449259996414185
YHR116W,YMR164C,0,-9.506703,0.1057165265083313,0.9989429116249084,0.84503173828125
YNL290W,YML029W,0,-9.507241,0.10570469498634338,0.9989429116249084,0.8451374173164368
YLR399C,YJL069C,0,-9.5086775,0.10569287836551666,0.9989429116249084,0.8452431559562683
YGR109C,YPL033C,0,-9.5098505,0.10568105429410934,0.9989429116249084,0.8453488349914551
YDL192W,YIR037W,0,-9.510133,0.10566923767328262,0.9989429116249084,0.8454545736312866
YJL214W,YML064C,0,-9.510404,0.1056574210524559,0.9989429116249084,0.8455602526664734
YBR081C,YPL203W,0,-9.5111,0.10564561188220978,0.9989429116249084,0.8456659913063049
YDL002C,YLR425W,0,-9.512899,0.10563380271196365,0.9989429116249084,0.8457716703414917
YDR243C,YHR165C,0,-9.513411,0.10562199354171753,0.9989429116249084,0.8458773493766785
YDR106W,YAL040C,0,-9.514007,0.105610191822052,0.9989429116249084,0.84598308801651
YGR230W,YGR180C,0,-9.514207,0.10559839010238647,0.9989429116249084,0.8460887670516968
YDR062W,YKL062W,0,-9.514956,0.10558659583330154,0.9989429116249084,0.8461945056915283
YFL010W-A,YHR119W,0,-9.515296,0.10557479411363602,0.9989429116249084,0.8463001847267151
YKR036C,YMR109W,0,-9.515482,0.10556299984455109,0.9989429116249084,0.8464059233665466
YDR414C,YML131W,0,-9.515688,0.10555121302604675,0.9989429116249084,0.8465116024017334
YDR182W,YOR106W,0,-9.516067,0.10553942620754242,0.9989429116249084,0.8466173410415649
YFR030W,YOL067C,0,-9.516145,0.10552763938903809,0.9989429116249084,0.8467230200767517
YDL031W,YGR220C,1,-9.516156,0.10562751442193985,1.0,0.8467230200767517
YJR090C,YOR307C,0,-9.516411,0.10561572015285492,1.0,0.8468287587165833
YJR022W,YOR307C,0,-9.51703,0.10560392588376999,1.0,0.84693443775177
YDR377W,YDR280W,0,-9.517116,0.10559213906526566,1.0,0.8470401763916016
YPL256C,YKL028W,0,-9.517174,0.10558035969734192,1.0,0.8471458554267883
YBL098W,YKL059C,0,-9.517203,0.10556857287883759,1.0,0.8472515940666199
YJR083C,YPL256C,0,-9.517493,0.10555679351091385,1.0,0.8473572731018066
YCR002C,YLR347C,0,-9.518138,0.10554502159357071,1.0,0.8474630117416382
YGR147C,YDL106C,0,-9.519038,0.10553324222564697,1.0,0.847568690776825
YPL140C,YLR066W,0,-9.519353,0.10552147030830383,1.0,0.8476744294166565
YLR114C,YPR137W,0,-9.519802,0.10550970584154129,1.0,0.8477801084518433
YMR264W,YNL030W,0,-9.52015,0.10549793392419815,1.0,0.8478858470916748
YDR175C,YDR143C,0,-9.521259,0.10548616945743561,1.0,0.8479915261268616
YCL014W,YOR132W,0,-9.522349,0.10547441244125366,1.0,0.8480972647666931
YFR024C-A,YLR320W,0,-9.52245,0.10546265542507172,1.0,0.8482029438018799
YNL278W,YML012W,0,-9.5251465,0.10545089840888977,1.0,0.8483086824417114
YGR275W,YOR229W,0,-9.526191,0.10543914139270782,1.0,0.8484143614768982
YBL078C,YOR307C,0,-9.526462,0.10542739182710648,1.0,0.8485201001167297
YNL029C,YJL154C,0,-9.52707,0.10541564226150513,1.0,0.8486257791519165
YEL015W,YER038C,0,-9.527513,0.10540390014648438,1.0,0.848731517791748
YNL042W,YIL018W,0,-9.528448,0.10539215803146362,1.0,0.8488371968269348
YHR013C,YBR296C,0,-9.528753,0.10538041591644287,1.0,0.8489429354667664
YOR014W,YGR185C,0,-9.529097,0.10536868125200272,1.0,0.8490486145019531
YDR298C,YBL017C,0,-9.529712,0.10535694658756256,1.0,0.8491543531417847
YGR133W,YBL105C,0,-9.53033,0.1053452119231224,1.0,0.8492600321769714
YHR001W-A,YPR198W,0,-9.53151,0.10533348470926285,1.0,0.849365770816803
YFL056C,YBL032W,0,-9.531823,0.10532175749540329,1.0,0.8494714498519897
YNL281W,YOR147W,0,-9.533014,0.10531003028154373,1.0,0.8495771884918213
YPL221W,YJL121C,0,-9.535201,0.10529831051826477,1.0,0.8496828675270081
YPL149W,YJL098W,0,-9.535287,0.10528659075498581,1.0,0.8497886061668396
YHR124W,YML105C,0,-9.535857,0.10527487099170685,1.0,0.8498942852020264
YNR001C,YJL207C,0,-9.536086,0.10526315867900848,1.0,0.8500000238418579
YBR048W,YJR126C,0,-9.536212,0.10525144636631012,1.0,0.8501057028770447
YDR273W,YDL112W,0,-9.537471,0.10523973405361176,1.0,0.8502114415168762
YHR175W,YJL102W,0,-9.537711,0.10522802919149399,1.0,0.850317120552063
YMR301C,YOL031C,0,-9.538028,0.10521632432937622,1.0,0.8504228591918945
YLR155C,YKR019C,0,-9.538225,0.10520462691783905,1.0,0.8505285382270813
YLR238W,YKL095W,0,-9.538592,0.10519292950630188,1.0,0.8506342768669128
YBL045C,YEL002C,0,-9.539464,0.10518123209476471,1.0,0.8507399559020996
YBR021W,YPR046W,0,-9.5401125,0.10516954213380814,1.0,0.8508456945419312
YKL170W,YBL039C,0,-9.541067,0.10515784472227097,1.0,0.8509513735771179
YPL171C,YGR056W,0,-9.544647,0.10514616221189499,1.0,0.8510571122169495
YDL132W,YKL060C,0,-9.5449915,0.10513447225093842,1.0,0.8511627912521362
YOL147C,YGR144W,0,-9.547425,0.10512278974056244,1.0,0.851268470287323
YGR109C,YGR284C,0,-9.548066,0.10511111468076706,1.0,0.8513742089271545
YDL132W,YLR272C,0,-9.548765,0.10509943217039108,1.0,0.8514798879623413
YGR157W,YNL099C,0,-9.548804,0.1050877571105957,1.0,0.8515856266021729
YCL027W,YGR239C,0,-9.550543,0.10507608205080032,1.0,0.8516913056373596
YMR015C,YPL239W,0,-9.550855,0.10506441444158554,1.0,0.8517970442771912
YCR089W,YPR100W,0,-9.551554,0.10505274683237076,1.0,0.8519027233123779
YML095C,YKR031C,0,-9.5515995,0.10504108667373657,1.0,0.8520084619522095
YDR036C,YDR017C,0,-9.552278,0.10502941906452179,1.0,0.8521141409873962
YLR399C,YJL167W,0,-9.552377,0.1050177589058876,1.0,0.8522198796272278
YER015W,YLR059C,0,-9.555143,0.10500610619783401,1.0,0.8523255586624146
YKL043W,YGR070W,0,-9.5553,0.10499445348978043,1.0,0.8524312973022461
YGL016W,YOR193W,0,-9.555618,0.10498280078172684,1.0,0.8525369763374329
YML051W,YHR070W,0,-9.555631,0.10497114807367325,1.0,0.8526427149772644
YDR270W,YJR042W,0,-9.556228,0.10495950281620026,1.0,0.8527483940124512
YGR191W,YLR337C,0,-9.556798,0.10494785755872726,1.0,0.8528541326522827
YMR140W,YDR308C,0,-9.55721,0.10493621975183487,1.0,0.8529598116874695
YPR201W,YLR193C,0,-9.557301,0.10492458194494247,1.0,0.853065550327301
YGL142C,YPR036W,0,-9.557736,0.10491294413805008,1.0,0.8531712293624878
YPL170W,YHR187W,0,-9.558925,0.10490130633115768,1.0,0.8532769680023193
YMR173W,YDL098C,0,-9.55975,0.10488967597484589,1.0,0.8533826470375061
YJL076W,YPL152W,0,-9.5602455,0.10487804561853409,1.0,0.8534883856773376
YPL262W,YNL188W,0,-9.560705,0.10486642271280289,1.0,0.8535940647125244
YJR086W,YKR079C,0,-9.560781,0.10485479980707169,1.0,0.853699803352356
YER054C,YFR051C,0,-9.561302,0.10484317690134048,1.0,0.8538054823875427
YLR176C,YLR079W,0,-9.561677,0.10483156144618988,1.0,0.8539112210273743
YJR069C,YDR388W,0,-9.561917,0.10481994599103928,1.0,0.854016900062561
YBR020W,YDL083C,0,-9.563283,0.10480833053588867,1.0,0.8541226387023926
YDL198C,YGL073W,0,-9.56357,0.10479672253131866,1.0,0.8542283177375793
YBL045C,YBR073W,0,-9.5635805,0.10478511452674866,1.0,0.8543340563774109
YJL058C,YNL097C,0,-9.56461,0.10477350652217865,1.0,0.8544397354125977
YBR015C,YMR197C,0,-9.565862,0.10476190596818924,1.0,0.8545454740524292
YBR038W,YOR035C,0,-9.566056,0.10475030541419983,1.0,0.854651153087616
YDR411C,YDR372C,0,-9.56737,0.10473870486021042,1.0,0.8547568917274475
YDL175C,YLR069C,0,-9.568229,0.1047271117568016,1.0,0.8548625707626343
YKL114C,YDR388W,0,-9.568346,0.10471551865339279,1.0,0.8549683094024658
YOR018W,YBR254C,0,-9.568366,0.10470392554998398,1.0,0.8550739884376526
YHL047C,YOR209C,0,-9.569524,0.10469233989715576,1.0,0.8551797270774841
YBL047C,YBR010W,0,-9.570695,0.10468075424432755,1.0,0.8552854061126709
YPR030W,YBR159W,0,-9.57282,0.10466917604207993,1.0,0.8553911447525024
YGR216C,YGR270W,0,-9.572914,0.1046575978398323,1.0,0.8554968237876892
YKL022C,YDR247W,0,-9.573501,0.10464601963758469,1.0,0.8556025624275208
YLR216C,YIL123W,0,-9.573599,0.10463444143533707,1.0,0.8557082414627075
YHL002W,YJR046W,0,-9.574137,0.10462287068367004,1.0,0.8558139801025391
YDL003W,YDL147W,0,-9.57514,0.10461129993200302,1.0,0.8559196591377258
YCL039W,YGR211W,0,-9.576432,0.1045997366309166,1.0,0.8560253977775574
YLR153C,YNL270C,0,-9.576571,0.10458817332983017,1.0,0.8561310768127441
YNL062C,YPR055W,0,-9.576842,0.10457661002874374,1.0,0.8562368154525757
YOR168W,YPL097W,0,-9.576892,0.10456504672765732,1.0,0.8563424944877625
YIR033W,YHR008C,0,-9.577419,0.10455349087715149,1.0,0.8564481735229492
YJL183W,YDL019C,0,-9.577617,0.10454193502664566,1.0,0.8565539121627808
YGR113W,YLR205C,0,-9.577748,0.10453038662672043,1.0,0.8566595911979675
YPR140W,YBR254C,0,-9.578726,0.1045188382267952,1.0,0.8567653298377991
YJL065C,YJL036W,0,-9.581544,0.10450728982686996,1.0,0.8568710088729858
YNL259C,YEL037C,0,-9.582256,0.10449574887752533,1.0,0.8569767475128174
YPR065W,YLR316C,0,-9.582416,0.1044842079281807,1.0,0.8570824265480042
YBR049C,YFL059W,0,-9.58295,0.10447266697883606,1.0,0.8571881651878357
YER165W,YNL007C,0,-9.583157,0.10446113348007202,1.0,0.8572938442230225
YIL073C,YMR183C,0,-9.583568,0.10444959998130798,1.0,0.857399582862854
YAL010C,YHL011C,0,-9.583731,0.10443806648254395,1.0,0.8575052618980408
YBR066C,YPR162C,0,-9.584059,0.1044265404343605,1.0,0.8576110005378723
YOR080W,YPL231W,0,-9.584349,0.10441501438617706,1.0,0.8577166795730591
YPR124W,YNL079C,0,-9.584358,0.10440348833799362,1.0,0.8578224182128906
YNL101W,YKL040C,0,-9.584405,0.10439196974039078,1.0,0.8579280972480774
YMR201C,YFL033C,0,-9.585105,0.10438045114278793,1.0,0.8580338358879089
YER165W,YJL001W,0,-9.585809,0.10436893254518509,1.0,0.8581395149230957
YDR270W,YJL054W,0,-9.585914,0.10435742139816284,1.0,0.8582452535629272
YGR145W,YBL005W,0,-9.58705,0.1043459102511406,1.0,0.858350932598114
YGL055W,YKL099C,0,-9.587554,0.10433439910411835,1.0,0.8584566712379456
YMR153W,YNL202W,0,-9.588922,0.1043228954076767,1.0,0.8585623502731323
YLR084C,YEL041W,0,-9.589578,0.10431139171123505,1.0,0.8586680889129639
YLR157C,YDL213C,0,-9.591357,0.1042998880147934,1.0,0.8587737679481506
YCR071C,YGL209W,0,-9.592675,0.10428839176893234,1.0,0.8588795065879822
YKL011C,YCL039W,0,-9.592704,0.10427689552307129,1.0,0.858985185623169
YBR131W,YPR005C,0,-9.593398,0.10426539927721024,1.0,0.8590909242630005
YPL076W,YGR144W,0,-9.593415,0.10425391048192978,1.0,0.8591966032981873
YLR109W,YPL227C,0,-9.593741,0.10424242168664932,1.0,0.8593023419380188
YLR401C,YDL028C,0,-9.594071,0.10423094034194946,1.0,0.8594080209732056
YNL282W,YBR228W,0,-9.594169,0.1042194589972496,1.0,0.8595137596130371
YJR131W,YCR060W,0,-9.594871,0.10420797765254974,1.0,0.8596194386482239
YLR186W,YBR182C,0,-9.596065,0.10419649630784988,1.0,0.8597251772880554
YOR299W,YJR057W,0,-9.596445,0.10418502241373062,1.0,0.8598308563232422
YMR092C,YDR108W,0,-9.597083,0.10417354851961136,1.0,0.8599365949630737
YDL100C,YBR083W,0,-9.597585,0.10416208207607269,1.0,0.8600422739982605
YKL170W,YNL047C,0,-9.598498,0.10415060818195343,1.0,0.860148012638092
YPL100W,YDR097C,0,-9.598737,0.10413914918899536,1.0,0.8602536916732788
YMR015C,YMR079W,0,-9.600776,0.1041276827454567,1.0,0.8603594303131104
YPL085W,YBR254C,0,-9.601726,0.10411622375249863,1.0,0.8604651093482971
YNL103W,YFR005C,0,-9.601865,0.10410476475954056,1.0,0.8605708479881287
YPL169C,YIR022W,0,-9.6032095,0.10409331321716309,1.0,0.8606765270233154
YPR200C,YMR183C,0,-9.604527,0.10408185422420502,1.0,0.860782265663147
YNL270C,YJR009C,0,-9.606346,0.10407041013240814,1.0,0.8608879446983337
YLR263W,YPL218W,0,-9.6086645,0.10405895859003067,1.0,0.8609936833381653
YLR295C,YJR063W,0,-9.60937,0.1040475144982338,1.0,0.861099362373352
YIL142W,YNL334C,0,-9.610178,0.10403607040643692,1.0,0.8612051010131836
YLR303W,YMR283C,0,-9.610593,0.10402463376522064,1.0,0.8613107800483704
YDR122W,YDR166C,0,-9.610749,0.10401319712400436,1.0,0.8614165186882019
YJR083C,YHL040C,0,-9.612918,0.10400176048278809,1.0,0.8615221977233887
YAL044C,YGR144W,0,-9.613029,0.10399032384157181,1.0,0.8616279363632202
YMR042W,YPL119C,0,-9.614024,0.10397889465093613,1.0,0.861733615398407
YDL099W,YJL134W,0,-9.614221,0.10396746546030045,1.0,0.8618392944335938
YBR210W,YML032C,0,-9.61443,0.10395604372024536,1.0,0.8619450330734253
YML126C,YHL036W,0,-9.615249,0.10394462198019028,1.0,0.8620507121086121
YDR263C,YBR004C,0,-9.615776,0.10393320024013519,1.0,0.8621564507484436
YDR150W,YBR175W,0,-9.616426,0.1039217859506607,1.0,0.8622621297836304
YMR202W,YDR244W,0,-9.616498,0.10391037166118622,1.0,0.8623678684234619
YDR040C,YFL016C,0,-9.616714,0.10389895737171173,1.0,0.8624735474586487
YAR007C,YOR140W,0,-9.618054,0.10388754308223724,1.0,0.8625792860984802
YLR160C,YLR223C,0,-9.618566,0.10387613624334335,1.0,0.862684965133667
YPR020W,YOR321W,0,-9.620332,0.10386473685503006,1.0,0.8627907037734985
YLR084C,YKR055W,0,-9.621816,0.10385333001613617,1.0,0.8628963828086853
YPL270W,YGR090W,0,-9.622039,0.10384193062782288,1.0,0.8630021214485168
YKR009C,YOR320C,0,-9.62375,0.10383053123950958,1.0,0.8631078004837036
YOL156W,YAL009W,0,-9.623818,0.10381913930177689,1.0,0.8632135391235352
YFL010W-A,YGR132C,0,-9.624801,0.10380774736404419,1.0,0.8633192181587219
YOL130W,YKR031C,0,-9.625976,0.10379635542631149,1.0,0.8634249567985535
YOL009C,YML097C,0,-9.6264715,0.1037849709391594,1.0,0.8635306358337402
YKR048C,YOR310C,0,-9.627082,0.1037735864520073,1.0,0.8636363744735718
YPL132W,YIR041W,0,-9.627142,0.1037622019648552,1.0,0.8637420535087585
YHR114W,YDR086C,0,-9.627671,0.10375082492828369,1.0,0.8638477921485901
YNL192W,YMR015C,0,-9.628284,0.10373944789171219,1.0,0.8639534711837769
YNL004W,YIL070C,0,-9.628665,0.10372807085514069,1.0,0.8640592098236084
YDL244W,YDR165W,0,-9.628706,0.10371670126914978,1.0,0.8641648888587952
YOR039W,YLR034C,0,-9.628865,0.10370532423257828,1.0,0.8642706274986267
YHL047C,YDR153C,0,-9.629236,0.10369396209716797,1.0,0.8643763065338135
YGR143W,YMR243C,0,-9.629492,0.10368259251117706,1.0,0.864482045173645
YMR220W,YJL164C,0,-9.630552,0.10367123037576675,1.0,0.8645877242088318
YPL127C,YOL066C,0,-9.630748,0.10365987569093704,1.0,0.8646934628486633
YKR008W,YJL164C,0,-9.630895,0.10364851355552673,1.0,0.8647991418838501
YLR304C,YIL118W,0,-9.631157,0.10363715887069702,1.0,0.8649048805236816
YLR005W,YJL052W,0,-9.632839,0.10362580418586731,1.0,0.8650105595588684
YAL035W,YJL139C,0,-9.633212,0.1036144569516182,1.0,0.8651162981987
YMR073C,YML107C,0,-9.633286,0.10360310971736908,1.0,0.8652219772338867
YHR188C,YNL282W,0,-9.633649,0.10359176248311996,1.0,0.8653277158737183
YGL012W,YJL165C,0,-9.633727,0.10358042269945145,1.0,0.865433394908905
YPR005C,YGL135W,0,-9.63383,0.10356908291578293,1.0,0.8655391335487366
YLR103C,YMR319C,0,-9.633994,0.10355774313211441,1.0,0.8656448125839233
YHR039C,YDL232W,0,-9.634298,0.10354641079902649,1.0,0.8657505512237549
YOR018W,YMR305C,0,-9.634669,0.10353507846593857,1.0,0.8658562302589417
YKL220C,YCL066W,0,-9.636285,0.10352374613285065,1.0,0.8659619688987732
YDR173C,YLR268W,0,-9.636779,0.10351242125034332,1.0,0.86606764793396
YNL149C,YFR003C,0,-9.637707,0.103501096367836,1.0,0.8661733865737915
YML078W,YBR103W,0,-9.63803,0.10348977148532867,1.0,0.8662790656089783
YER169W,YAL009W,0,-9.639369,0.10347845405340195,1.0,0.8663848042488098
YJL196C,YLR116W,0,-9.640105,0.10346713662147522,1.0,0.8664904832839966
YJR042W,YAL002W,0,-9.640662,0.10345581918954849,1.0,0.8665962219238281
YPL128C,YEL041W,0,-9.641428,0.10344450175762177,1.0,0.8667019009590149
YOR281C,YDR369C,0,-9.64149,0.10343319177627563,1.0,0.8668076395988464
YJL010C,YOL001W,0,-9.642671,0.1034218892455101,1.0,0.8669133186340332
YAL031C,YPL144W,0,-9.643001,0.10341057926416397,1.0,0.8670190572738647
YLR370C,YFL008W,0,-9.643201,0.10339927673339844,1.0,0.8671247363090515
YPR007C,YDR181C,0,-9.643776,0.1033879816532135,1.0,0.8672304153442383
YKL176C,YDR277C,0,-9.644147,0.10337667912244797,1.0,0.8673361539840698
YNL032W,YNL160W,0,-9.644533,0.10336538404226303,1.0,0.8674418330192566
YPR025C,YPL177C,0,-9.645578,0.1033540889620781,1.0,0.8675475716590881
YGL136C,YOR254C,0,-9.645604,0.10334280133247375,1.0,0.8676532506942749
YOR265W,YHR161C,0,-9.645637,0.10333151370286942,1.0,0.8677589893341064
YDR118W,YGR158C,0,-9.646005,0.10332022607326508,1.0,0.8678646683692932
YMR313C,YLR272C,0,-9.646943,0.10330894589424133,1.0,0.8679704070091248
YHR043C,YBL018C,0,-9.647952,0.10329766571521759,1.0,0.8680760860443115
YNR044W,YOL028C,0,-9.648755,0.10328638553619385,1.0,0.8681818246841431
YDR240C,YLR043C,0,-9.649033,0.1032751128077507,1.0,0.8682875037193298
YKL192C,YGL174W,0,-9.6498375,0.10326383262872696,1.0,0.8683932423591614
YOR025W,YPL135W,0,-9.650151,0.10325256735086441,1.0,0.8684989213943481
YER051W,YDL003W,0,-9.65109,0.10324129462242126,1.0,0.8686046600341797
YML116W,YAL017W,0,-9.651749,0.10323002934455872,1.0,0.8687103390693665
YDL035C,YLR438C-A,0,-9.651759,0.10321876406669617,1.0,0.868816077709198
YOR025W,YFR040W,0,-9.652083,0.10320750623941422,1.0,0.8689217567443848
YLR231C,YPL101W,0,-9.652559,0.10319624841213226,1.0,0.8690274953842163
YBL014C,YDR451C,0,-9.653146,0.10318499058485031,1.0,0.8691331744194031
YDR076W,YGR192C,0,-9.65349,0.10317374020814896,1.0,0.8692389130592346
YLR109W,YOL145C,0,-9.653617,0.1031624898314476,1.0,0.8693445920944214
YOR362C,YHR203C,0,-9.653863,0.10315123945474625,1.0,0.8694503307342529
YKR095W,YCL033C,0,-9.654138,0.10313998907804489,1.0,0.8695560097694397
YFL037W,YLR240W,0,-9.65582,0.10312874615192413,1.0,0.8696617484092712
YDR216W,YOR130C,0,-9.656543,0.10311750322580338,1.0,0.869767427444458
YFR008W,YDR487C,0,-9.658194,0.10310626775026321,1.0,0.8698731660842896
YIL009C-A,YNL054W,0,-9.658605,0.10309503227472305,1.0,0.8699788451194763
YMR219W,YNL323W,0,-9.658843,0.10308379679918289,1.0,0.8700845837593079
YJL020C,YPR094W,0,-9.659898,0.10307256132364273,1.0,0.8701902627944946
YIL037C,YPL124W,0,-9.660157,0.10306133329868317,1.0,0.8702960014343262
YMR311C,YMR035W,0,-9.660562,0.1030501052737236,1.0,0.8704016804695129
YEL030W,YKR057W,0,-9.662332,0.10303888469934464,1.0,0.8705074191093445
YHR086W,YKL006C-A,0,-9.664443,0.10302766412496567,1.0,0.8706130981445312
YPR057W,YPL130W,0,-9.665114,0.1030164435505867,1.0,0.8707188367843628
YPR008W,YIL037C,0,-9.66546,0.10300522297620773,1.0,0.8708245158195496
YLR216C,YNL154C,0,-9.665572,0.10299400985240936,1.0,0.8709302544593811
YDR361C,YNL230C,0,-9.665744,0.10298279672861099,1.0,0.8710359334945679
YOL090W,YDR453C,0,-9.665774,0.10297159105539322,1.0,0.8711416721343994
YLR117C,YPL119C,0,-9.666958,0.10296038538217545,1.0,0.8712473511695862
YOL049W,YLL061W,0,-9.667341,0.10294917970895767,1.0,0.8713530898094177
YFL013C,YKL150W,0,-9.667361,0.1029379740357399,1.0,0.8714587688446045
YGL021W,YML128C,0,-9.668335,0.10292677581310272,1.0,0.871564507484436
YLR023C,YKL073W,0,-9.669032,0.10291557759046555,1.0,0.8716701865196228
YJR118C,YCR037C,0,-9.669139,0.10290438681840897,1.0,0.8717759251594543
YAL054C,YBR231C,0,-9.669825,0.10289318859577179,1.0,0.8718816041946411
YPR201W,YLR003C,0,-9.669973,0.10288199782371521,1.0,0.8719873428344727
YGR268C,YPL130W,0,-9.671716,0.10287081450223923,1.0,0.8720930218696594
YOR147W,YLR034C,0,-9.672942,0.10285963118076324,1.0,0.872198760509491
YGL084C,YMR006C,0,-9.673785,0.10284844785928726,1.0,0.8723044395446777
YJR017C,YKR056W,0,-9.674806,0.10283726453781128,1.0,0.8724101185798645
YMR280C,YDR464W,0,-9.674929,0.1028260886669159,1.0,0.872515857219696
YBR240C,YBR030W,0,-9.675351,0.10281491279602051,1.0,0.8726215362548828
YOL060C,YGL210W,0,-9.676696,0.10280373692512512,1.0,0.8727272748947144
YBR228W,YKR056W,0,-9.677,0.10279256850481033,1.0,0.8728329539299011
YLR238W,YLR219W,0,-9.677962,0.10278140008449554,1.0,0.8729386925697327
YJR091C,YLR181C,0,-9.678836,0.10277023166418076,1.0,0.8730443716049194
YGL192W,YNL029C,0,-9.679321,0.10275907069444656,1.0,0.873150110244751
YDR423C,YDR123C,0,-9.679654,0.10274790972471237,1.0,0.8732557892799377
YHR011W,YLL043W,0,-9.681012,0.10273674875497818,1.0,0.8733615279197693
YDR153C,YMR095C,0,-9.681777,0.10272559523582458,1.0,0.873467206954956
YDR448W,YPL161C,0,-9.682407,0.10271444171667099,1.0,0.8735729455947876
YPL248C,YKL073W,0,-9.684453,0.1027032881975174,1.0,0.8736786246299744
YDR283C,YCR060W,0,-9.68455,0.1026921421289444,1.0,0.8737843632698059
YMR316W,YJR045C,0,-9.684645,0.1026809960603714,1.0,0.8738900423049927
YJR155W,YOR250C,0,-9.687883,0.1026698499917984,1.0,0.8739957809448242
YIL155C,YLR223C,0,-9.688327,0.102658711373806,1.0,0.874101459980011
YJL047C,YLR435W,0,-9.688388,0.1026475727558136,1.0,0.8742071986198425
YJR073C,YIL095W,0,-9.688762,0.1026364341378212,1.0,0.8743128776550293
YOR078W,YOL049W,0,-9.6898985,0.1026252955198288,1.0,0.8744186162948608
YKL160W,YPL137C,0,-9.691744,0.10261416435241699,1.0,0.8745242953300476
YIR017C,YMR203W,0,-9.692239,0.10260303318500519,1.0,0.8746300339698792
YKL004W,YPR083W,0,-9.692553,0.10259190946817398,1.0,0.8747357130050659
YLR353W,YCR073W-A,0,-9.692707,0.10258078575134277,1.0,0.8748414516448975
YMR055C,YBR169C,0,-9.693389,0.10256966203451157,1.0,0.8749471306800842
YBL045C,YGR180C,0,-9.693841,0.10255854576826096,1.0,0.8750528693199158
YPR025C,YEL017C-A,0,-9.69563,0.10254742205142975,1.0,0.8751585483551025
YHR006W,YNL064C,0,-9.697177,0.10253631323575974,1.0,0.8752642869949341
YNR074C,YNL113W,0,-9.697383,0.10252519696950912,1.0,0.8753699660301208
YDR296W,YOR095C,0,-9.697852,0.10251408815383911,1.0,0.8754757046699524
YOL026C,YPL151C,0,-9.698479,0.1025029793381691,1.0,0.8755813837051392
YDR009W,YGL192W,0,-9.699004,0.10249187797307968,1.0,0.8756871223449707
YDL149W,YBR112C,0,-9.700884,0.10248076915740967,1.0,0.8757928013801575
YPL159C,YGL229C,0,-9.702352,0.10246966779232025,1.0,0.875898540019989
YHR021C,YIL144W,0,-9.702573,0.10245857387781143,1.0,0.8760042190551758
YLR155C,YBR073W,0,-9.703017,0.10244747996330261,1.0,0.8761099576950073
YFL026W,YMR149W,0,-9.703664,0.10243638604879379,1.0,0.8762156367301941
YJR040W,YPL117C,0,-9.703767,0.10242529213428497,1.0,0.8763213753700256
YDR345C,YNL299W,0,-9.704005,0.10241420567035675,1.0,0.8764270544052124
YJR119C,YLR006C,0,-9.704497,0.10240311920642853,1.0,0.876532793045044
YKR019C,YNL079C,0,-9.704692,0.1023920327425003,1.0,0.8766384720802307
YGL238W,YGL055W,0,-9.706254,0.10238095372915268,1.0,0.8767442107200623
YNL112W,YHR157W,0,-9.7063875,0.10236987471580505,1.0,0.876849889755249
YJL104W,YIL123W,0,-9.706899,0.10235879570245743,1.0,0.8769556283950806
YDL085W,YPL011C,0,-9.706901,0.1023477241396904,1.0,0.8770613074302673
YKL170W,YLR335W,0,-9.707,0.10233665257692337,1.0,0.8771670460700989
YJL020C,YPL011C,0,-9.707387,0.10232558101415634,1.0,0.8772727251052856
YPL060W,YGR229C,0,-9.707976,0.10231451690196991,1.0,0.8773784637451172
YBR172C,YKL080W,0,-9.7091875,0.10230345278978348,1.0,0.877484142780304
YJL090C,YDR028C,0,-9.709405,0.10229238867759705,1.0,0.8775898814201355
YDL055C,YNL253W,0,-9.711332,0.10228132456541061,1.0,0.8776955604553223
YLR248W,YLR263W,0,-9.711356,0.10227026790380478,1.0,0.877801239490509
YNL153C,YDL244W,0,-9.711368,0.10225921869277954,1.0,0.8779069781303406
YJR057W,YEL062W,0,-9.711733,0.1022481620311737,1.0,0.8780126571655273
YLR397C,YDR177W,0,-9.712231,0.10223711282014847,1.0,0.8781183958053589
YBL103C,YMR203W,0,-9.712266,0.10222606360912323,1.0,0.8782240748405457
YOR136W,YBR165W,0,-9.7129755,0.10221502184867859,1.0,0.8783298134803772
YMR032W,YHR106W,0,-9.713384,0.10220397263765335,1.0,0.878435492515564
YBL078C,YJL204C,0,-9.7149,0.1021929383277893,1.0,0.8785412311553955
YBL045C,YOR209C,0,-9.715137,0.10218189656734467,1.0,0.8786469101905823
YPL126W,YGR170W,0,-9.716584,0.10217086225748062,1.0,0.8787526488304138
YPL242C,YGL252C,0,-9.720504,0.10215982794761658,1.0,0.8788583278656006
YOR267C,YPL242C,0,-9.720553,0.10214879363775253,1.0,0.8789640665054321
YDR298C,YNL078W,0,-9.720814,0.10213776677846909,1.0,0.8790697455406189
YHR061C,YIR041W,0,-9.72202,0.10212673991918564,1.0,0.8791754841804504
YDL137W,YFR034C,0,-9.722465,0.10211571305990219,1.0,0.8792811632156372
YDL078C,YLR044C,0,-9.723995,0.10210469365119934,1.0,0.8793869018554688
YBR260C,YIL118W,0,-9.724742,0.10209367424249649,1.0,0.8794925808906555
YGR229C,YIL023C,0,-9.725169,0.10208266228437424,1.0,0.8795983195304871
YDL148C,YDR407C,0,-9.725474,0.10207164287567139,1.0,0.8797039985656738
YKL019W,YBR061C,0,-9.726147,0.10206063091754913,1.0,0.8798097372055054
YJR135C,YLR090W,0,-9.726621,0.10204961895942688,1.0,0.8799154162406921
YNR010W,YKL172W,0,-9.7290125,0.10203861445188522,1.0,0.8800211548805237
YKL195W,YKL028W,0,-9.729083,0.10202760994434357,1.0,0.8801268339157104
YNR049C,YPL203W,0,-9.729978,0.10201660543680191,1.0,0.880232572555542
YJR082C,YDR300C,0,-9.730042,0.10200560837984085,1.0,0.8803382515907288
YLR105C,YEL041W,0,-9.730881,0.10199461132287979,1.0,0.8804439902305603
YNL129W,YPL203W,0,-9.732436,0.10198361426591873,1.0,0.8805496692657471
YPL127C,YOR060C,0,-9.734109,0.10197261720895767,1.0,0.8806554079055786
YOL078W,YJL121C,0,-9.734597,0.10196162760257721,1.0,0.8807610869407654
YJL060W,YJL168C,0,-9.736474,0.10195063799619675,1.0,0.8808668255805969
YDR499W,YLR059C,0,-9.736684,0.10193965584039688,1.0,0.8809725046157837
YOR267C,YNL099C,0,-9.73679,0.10192867368459702,1.0,0.8810782432556152
YPR070W,YPL020C,0,-9.738582,0.10191769152879715,1.0,0.881183922290802
YEL003W,YPR065W,0,-9.740144,0.10190670937299728,1.0,0.8812896609306335
YNL278W,YIR022W,0,-9.740312,0.10189573466777802,1.0,0.8813953399658203
YLR215C,YOR027W,0,-9.740826,0.10188475996255875,1.0,0.8815010786056519
YDR358W,YKL045W,0,-9.741068,0.10187378525733948,1.0,0.8816067576408386
YNL268W,YHR012W,0,-9.741069,0.1018628180027008,1.0,0.8817124962806702
YPL012W,YGR181W,0,-9.741677,0.10185185074806213,1.0,0.8818181753158569
YLR109W,YOR060C,0,-9.742276,0.10184088349342346,1.0,0.8819239139556885
YMR173W,YCL026C-A,0,-9.742429,0.10182992368936539,1.0,0.8820295929908752
YHR175W,YCR014C,0,-9.745124,0.10181896388530731,1.0,0.8821353316307068
YPR122W,YNL075W,0,-9.745513,0.10180800408124924,1.0,0.8822410106658936
YMR167W,YPR018W,0,-9.745762,0.10179705172777176,1.0,0.8823467493057251
YFL033C,YBR130C,0,-9.746036,0.10178609937429428,1.0,0.8824524283409119
YDL230W,YDL111C,0,-9.746592,0.1017751470208168,1.0,0.8825581669807434
YCR038C,YNL221C,0,-9.74685,0.10176420211791992,1.0,0.8826638460159302
YDL101C,YGL205W,0,-9.7485695,0.10175325721502304,1.0,0.8827695846557617
YJR073C,YDR325W,0,-9.749638,0.10174231231212616,1.0,0.8828752636909485
YDR022C,YOR281C,0,-9.749743,0.10173136740922928,1.0,0.8829809427261353
YPR046W,YJL042W,0,-9.751008,0.101720429956913,1.0,0.8830866813659668
YCR088W,YOL121C,0,-9.751338,0.10170949250459671,1.0,0.8831923604011536
YIL046W,YOR301W,0,-9.751438,0.10169856250286102,1.0,0.8832980990409851
YJR092W,YBR237W,0,-9.751797,0.10168762505054474,1.0,0.8834037780761719
YFL056C,YOR129C,0,-9.752197,0.10167669504880905,1.0,0.8835095167160034
YDL137W,YDR289C,0,-9.752552,0.10166577249765396,1.0,0.8836151957511902
YHR169W,YIR019C,0,-9.753354,0.10165484994649887,1.0,0.8837209343910217
YIR004W,YOR226C,0,-9.75448,0.10164392739534378,1.0,0.8838266134262085
YBL098W,YNR001C,0,-9.754825,0.10163300484418869,1.0,0.88393235206604
YDR273W,YDL105W,0,-9.755507,0.1016220897436142,1.0,0.8840380311012268
YBR295W,YML021C,0,-9.755673,0.1016111671924591,1.0,0.8841437697410583
YGL151W,YGL053W,0,-9.755768,0.10160025954246521,1.0,0.8842494487762451
YBR212W,YOR213C,0,-9.756223,0.10158934444189072,1.0,0.8843551874160767
YLR220W,YEL060C,0,-9.756317,0.10157843679189682,1.0,0.8844608664512634
YJL203W,YHR001W-A,0,-9.758196,0.10156752914190292,1.0,0.884566605091095
YKL085W,YBL103C,0,-9.759058,0.10155662894248962,1.0,0.8846722841262817
YBL098W,YJR073C,0,-9.759484,0.10154572874307632,1.0,0.8847780227661133
YLR220W,YDR075W,0,-9.7595625,0.10153482854366302,1.0,0.8848837018013
YJL058C,YDR178W,0,-9.760019,0.10152393579483032,1.0,0.8849894404411316
YLR078C,YBR008C,0,-9.763312,0.10151303559541702,1.0,0.8850951194763184
YNR059W,YPL188W,0,-9.763555,0.10150214284658432,1.0,0.8852008581161499
YLR014C,YDR322C-A,0,-9.763728,0.10149125754833221,1.0,0.8853065371513367
YHR191C,YKL054C,0,-9.765697,0.10148037225008011,1.0,0.8854122757911682
YIL114C,YBR192W,0,-9.767549,0.101469486951828,1.0,0.885517954826355
YDR214W,YDR489W,0,-9.767703,0.1014586016535759,1.0,0.8856236934661865
YAR002C-A,YHR006W,0,-9.767802,0.10144772380590439,1.0,0.8857293725013733
YEL066W,YDL147W,0,-9.768522,0.10143684595823288,1.0,0.8858351111412048
YJR074W,YNL273W,0,-9.769178,0.10142596811056137,1.0,0.8859407901763916
YGL003C,YNL129W,0,-9.769891,0.10141509771347046,1.0,0.8860465288162231
YGL209W,YLR266C,0,-9.769897,0.10140421986579895,1.0,0.8861522078514099
YGR284C,YOR334W,0,-9.770396,0.10139335691928864,1.0,0.8862579464912415
YBR132C,YER068W,0,-9.770565,0.10138248652219772,1.0,0.8863636255264282
YJL042W,YGL067W,0,-9.771569,0.10137162357568741,1.0,0.8864693641662598
YDR276C,YOL091W,0,-9.772053,0.1013607606291771,1.0,0.8865750432014465
YBR212W,YGL058W,0,-9.772405,0.10134990513324738,1.0,0.8866807818412781
YPL240C,YDL128W,0,-9.773467,0.10133904963731766,1.0,0.8867864608764648
YLR051C,YOL038W,0,-9.774956,0.10132819414138794,1.0,0.8868921995162964
YAL053W,YGL195W,0,-9.775348,0.10131733864545822,1.0,0.8869978785514832
YJR082C,YER089C,0,-9.778853,0.1013064906001091,1.0,0.8871036171913147
YGR157W,YLL018C-A,0,-9.779546,0.10129564255475998,1.0,0.8872092962265015
YOL164W,YJL111W,0,-9.779815,0.10128479450941086,1.0,0.887315034866333
YPL262W,YKL196C,0,-9.779895,0.10127395391464233,1.0,0.8874207139015198
YFL025C,YDR247W,0,-9.780871,0.10126311331987381,1.0,0.8875264525413513
YBR072W,YGR222W,0,-9.78107,0.10125227272510529,1.0,0.8876321315765381
YHR068W,YIL077C,0,-9.782778,0.10124143958091736,1.0,0.8877378702163696
YJL034W,YJL010C,0,-9.783754,0.10123060643672943,1.0,0.8878435492515564
YLL015W,YLR215C,0,-9.784104,0.1012197732925415,1.0,0.8879492878913879
YDR166C,YMR146C,0,-9.784514,0.10120894759893417,1.0,0.8880549669265747
YGL151W,YNL160W,0,-9.786812,0.10119811445474625,1.0,0.8881607055664062
YLR103C,YHR102W,0,-9.787924,0.10118729621171951,1.0,0.888266384601593
YPR201W,YML027W,0,-9.7887745,0.10117647051811218,1.0,0.8883720636367798
YPL135W,YCL001W,0,-9.789494,0.10116565227508545,1.0,0.8884778022766113
YIL035C,YJL059W,0,-9.789699,0.10115483403205872,1.0,0.8885834813117981
YML055W,YBR105C,0,-9.792138,0.10114401578903198,1.0,0.8886892199516296
YMR184W,YDR382W,0,-9.793298,0.10113320499658585,1.0,0.8887948989868164
YBL035C,YPL020C,0,-9.793513,0.10112239420413971,1.0,0.888900637626648
YGL106W,YGR141W,0,-9.7951975,0.10111158341169357,1.0,0.8890063166618347
YJL165C,YHR150W,0,-9.799083,0.10110078006982803,1.0,0.8891120553016663
YPL097W,YOL124C,0,-9.800345,0.1010899767279625,1.0,0.889217734336853
YKL086W,YLR212C,0,-9.806082,0.10107917338609695,1.0,0.8893234729766846
YOL016C,YBL079W,0,-9.809776,0.10106837749481201,1.0,0.8894291520118713
YJL165C,YIL070C,0,-9.810393,0.10105758160352707,1.0,0.8895348906517029
YMR211W,YPL135W,0,-9.812654,0.10104678571224213,1.0,0.8896405696868896
YDR218C,YDL112W,0,-9.81434,0.10103598982095718,1.0,0.8897463083267212
YMR078C,YDR122W,0,-9.815561,0.10102520138025284,1.0,0.889851987361908
YOR032C,YJR070C,0,-9.815858,0.10101441293954849,1.0,0.8899577260017395
YPR200C,YOL080C,0,-9.816323,0.10100363194942474,1.0,0.8900634050369263
YFR008W,YGL255W,0,-9.817708,0.1009928435087204,1.0,0.8901691436767578
YMR275C,YDL111C,0,-9.819594,0.10098206996917725,1.0,0.8902748227119446
YNL278W,YJR082C,0,-9.821502,0.1009712889790535,1.0,0.8903805613517761
YNL008C,YMR283C,0,-9.824756,0.10096051543951035,1.0,0.8904862403869629
YNL279W,YEL031W,0,-9.824806,0.1009497418999672,1.0,0.8905919790267944
YNL149C,YDR529C,0,-9.825731,0.10093896836042404,1.0,0.8906976580619812
YPL269W,YJL108C,0,-9.8259115,0.10092819482088089,1.0,0.8908033967018127
YLR157C,YOR361C,0,-9.8260145,0.10091742873191833,1.0,0.8909090757369995
YNL008C,YLR355C,0,-9.826211,0.10090667009353638,1.0,0.891014814376831
YLR405W,YLR079W,0,-9.826905,0.10089590400457382,1.0,0.8911204934120178
YOR046C,YDL170W,0,-9.827226,0.10088514536619186,1.0,0.8912262320518494
YLR242C,YFR019W,0,-9.827244,0.1008743867278099,1.0,0.8913319110870361
YLR459W,YKL093W,0,-9.827737,0.10086362808942795,1.0,0.8914376497268677
YDR277C,YGR082W,0,-9.8278265,0.10085287690162659,1.0,0.8915433287620544
YNR056C,YAR031W,0,-9.828456,0.10084212571382523,1.0,0.891649067401886
YOL054W,YML038C,0,-9.829562,0.10083138197660446,1.0,0.8917547464370728
YBR257W,YJL166W,0,-9.829588,0.1008206307888031,1.0,0.8918604850769043
YGL247W,YLR260W,0,-9.829947,0.10080988705158234,1.0,0.8919661641120911
YFL029C,YGL246C,0,-9.831119,0.10079915076494217,1.0,0.8920719027519226
YDL035C,YPR033C,0,-9.831327,0.1007884070277214,1.0,0.8921775817871094
YBL069W,YBR210W,0,-9.831918,0.10077767074108124,1.0,0.8922833204269409
YDR270W,YNL290W,0,-9.833076,0.10076693445444107,1.0,0.8923889994621277
YOR011W,YLL015W,0,-9.836193,0.1007562056183815,1.0,0.8924947381019592
YNR072W,YML031W,0,-9.836411,0.10074547678232193,1.0,0.892600417137146
YOL071W,YGR104C,0,-9.837989,0.10073474794626236,1.0,0.8927061557769775
YDR343C,YPL011C,0,-9.839559,0.10072401911020279,1.0,0.8928118348121643
YDR052C,YFL011W,0,-9.83969,0.10071329772472382,1.0,0.8929175734519958
YIL070C,YHL009C,0,-9.841469,0.10070257633924484,1.0,0.8930232524871826
YLR304C,YGR159C,0,-9.842012,0.10069185495376587,1.0,0.8931289911270142
YDL197C,YLR145W,0,-9.842298,0.10068114101886749,1.0,0.8932346701622009
YLR219W,YFR031C,0,-9.843342,0.10067042708396912,1.0,0.8933404088020325
YPL256C,YDR479C,0,-9.843514,0.10065971314907074,1.0,0.8934460878372192
YMR238W,YLR060W,0,-9.84396,0.10064900666475296,1.0,0.8935518264770508
YDR142C,YPL153C,0,-9.8456955,0.10063830018043518,1.0,0.8936575055122375
YDL035C,YHR084W,0,-9.846507,0.1006275936961174,1.0,0.8937631845474243
YNL290W,YOR213C,0,-9.847392,0.10061688721179962,1.0,0.8938689231872559
YFL031W,YLR003C,0,-9.8476305,0.10060618817806244,1.0,0.8939746022224426
YBL003C,YMR140W,0,-9.848994,0.10059548914432526,1.0,0.8940803408622742
YCL014W,YGL243W,0,-9.849082,0.10058479756116867,1.0,0.8941860198974609
YOR011W,YIR018W,0,-9.849181,0.10057409852743149,1.0,0.8942917585372925
YMR069W,YBR127C,0,-9.8494425,0.1005634069442749,1.0,0.8943974375724792
YCR057C,YAR007C,0,-9.851039,0.10055272281169891,1.0,0.8945031762123108
YLR382C,YLR222C,0,-9.85222,0.10054203122854233,1.0,0.8946088552474976
YAR002C-A,YLR320W,0,-9.8526,0.10053134709596634,1.0,0.8947145938873291
YNL323W,YJR103W,0,-9.853894,0.10052067041397095,1.0,0.8948202729225159
YFR024C-A,YOL128C,0,-9.855826,0.10050998628139496,1.0,0.8949260115623474
YBR049C,YHR014W,0,-9.856853,0.10049930959939957,1.0,0.8950316905975342
YHR001W-A,YOL142W,0,-9.856862,0.10048863291740417,1.0,0.8951374292373657
YGR262C,YNL243W,0,-9.858354,0.10047796368598938,1.0,0.8952431082725525
YML008C,YBR006W,0,-9.858607,0.10046728700399399,1.0,0.895348846912384
YGR225W,YDR532C,0,-9.859294,0.1004566177725792,1.0,0.8954545259475708
YPR030W,YLR052W,0,-9.85959,0.100445955991745,1.0,0.8955602645874023
YLR231C,YGR180C,0,-9.861131,0.1004352867603302,1.0,0.8956659436225891
YCL055W,YPL154C,0,-9.861496,0.100424624979496,1.0,0.8957716822624207
YIL123W,YLR369W,0,-9.862782,0.1004139706492424,1.0,0.8958773612976074
YPL227C,YPL022W,0,-9.862896,0.1004033088684082,1.0,0.895983099937439
YGL116W,YJL036W,0,-9.863633,0.1003926545381546,1.0,0.8960887789726257
YBL023C,YMR139W,0,-9.863848,0.100382000207901,1.0,0.8961945176124573
YDR270W,YGR030C,0,-9.865753,0.100371353328228,1.0,0.896300196647644
YLR342W,YDR394W,0,-9.8658285,0.10036070644855499,1.0,0.8964059352874756
YDL039C,YER070W,0,-9.865833,0.10035005956888199,1.0,0.8965116143226624
YDR085C,YGL019W,0,-9.866315,0.10033941268920898,1.0,0.8966173529624939
YDL030W,YDR028C,0,-9.867968,0.10032877326011658,1.0,0.8967230319976807
YMR281W,YBR186W,0,-9.869847,0.10031813383102417,1.0,0.8968287706375122
YKL064W,YHR023W,0,-9.870394,0.10030749440193176,1.0,0.896934449672699
YPL008W,YBL025W,0,-9.870804,0.10029686242341995,1.0,0.8970401883125305
YOR267C,YDR341C,0,-9.871938,0.10028623044490814,1.0,0.8971458673477173
YJL010C,YGL011C,0,-9.872039,0.10027559846639633,1.0,0.8972516059875488
YNL103W,YDR297W,0,-9.872092,0.10026497393846512,1.0,0.8973572850227356
YBR212W,YML010W,0,-9.872745,0.10025434195995331,1.0,0.8974630236625671
YER114C,YDR148C,0,-9.874309,0.10024372488260269,1.0,0.8975687026977539
YIL142W,YMR313C,0,-9.876047,0.10023310035467148,1.0,0.8976744413375854
YNL268W,YOL026C,0,-9.878889,0.10022248327732086,1.0,0.8977801203727722
YOR168W,YMR293C,0,-9.8789215,0.10021186619997025,1.0,0.8978858590126038
YDL044C,YNR034W,0,-9.880221,0.10020124912261963,1.0,0.8979915380477905
YJR078W,YGL236C,0,-9.880322,0.10019063949584961,1.0,0.8980972766876221
YNL220W,YFR053C,0,-9.880466,0.10018002986907959,1.0,0.8982029557228088
YKL110C,YLR337C,0,-9.8813305,0.10016942024230957,1.0,0.8983086943626404
YPR111W,YGL232W,0,-9.881623,0.10015881061553955,1.0,0.8984143733978271
YNL142W,YKL001C,0,-9.882431,0.10014820843935013,1.0,0.8985201120376587
YOR233W,YML092C,0,-9.882602,0.1001376062631607,1.0,0.8986257910728455
YPR052C,YBR006W,0,-9.887395,0.10012701153755188,1.0,0.898731529712677
YNL009W,YHR181W,0,-9.887891,0.10011641681194305,1.0,0.8988372087478638
YKR076W,YML098W,0,-9.89022,0.10010582208633423,1.0,0.8989428877830505
YOR355W,YPL224C,0,-9.892465,0.1000952273607254,1.0,0.8990486264228821
YJR017C,YMR137C,0,-9.893462,0.10008464008569717,1.0,0.8991543054580688
YDR276C,YHR152W,0,-9.893485,0.10007405281066895,1.0,0.8992600440979004
YGR121C,YMR079W,0,-9.893558,0.10006346553564072,1.0,0.8993657231330872
YFR053C,YGL209W,0,-9.894716,0.10005288571119308,1.0,0.8994714617729187
YDL243C,YLR424W,0,-9.894975,0.10004229843616486,1.0,0.8995771408081055
YNL037C,YAR008W,0,-9.896518,0.10003172606229782,1.0,0.899682879447937
YFR014C,YGR211W,0,-9.898069,0.10002114623785019,1.0,0.8997885584831238
YOR144C,YOL129W,0,-9.898788,0.10001057386398315,1.0,0.8998942971229553
YPL098C,YNL053W,0,-9.899514,0.10000000149011612,1.0,0.8999999761581421
YOL009C,YMR266W,0,-9.900252,0.09998942911624908,1.0,0.9001057147979736
YDR022C,YLR192C,0,-9.900912,0.09997886419296265,1.0,0.9002113938331604
YKL016C,YIL132C,0,-9.901336,0.09996829926967621,1.0,0.9003171324729919
YHR072W,YDL230W,0,-9.903193,0.09995773434638977,1.0,0.9004228115081787
YAL009W,YLL012W,0,-9.904026,0.09994717687368393,1.0,0.9005285501480103
YPR122W,YLR191W,0,-9.904448,0.09993661195039749,1.0,0.900634229183197
YER015W,YKR090W,0,-9.90467,0.09992606192827225,1.0,0.9007399678230286
YNL145W,YOR347C,0,-9.905896,0.0999155044555664,1.0,0.9008456468582153
YER110C,YNR049C,0,-9.906167,0.09990495443344116,1.0,0.9009513854980469
YDR434W,YAL047C,0,-9.907046,0.09989440441131592,1.0,0.9010570645332336
YJR078W,YPL145C,0,-9.907142,0.09988385438919067,1.0,0.9011628031730652
YCR071C,YDR359C,0,-9.9072275,0.09987331181764603,1.0,0.901268482208252
YHR116W,YOL002C,0,-9.908178,0.09986276924610138,1.0,0.9013742208480835
YGL124C,YER070W,0,-9.908669,0.09985222667455673,1.0,0.9014798998832703
YLR005W,YJR007W,0,-9.90932,0.09984169155359268,1.0,0.9015856385231018
YOR301W,YJL052W,0,-9.909726,0.09983114898204803,1.0,0.9016913175582886
YCR002C,YPL012W,0,-9.916186,0.09982062131166458,1.0,0.9017970561981201
YML105C,YJR110W,0,-9.917592,0.09981008619070053,1.0,0.9019027352333069
YML078W,YPL043W,0,-9.917761,0.09979955852031708,1.0,0.9020084738731384
YNR054C,YPL240C,0,-9.918209,0.09978903084993362,1.0,0.9021141529083252
YEL022W,YJL141C,0,-9.920429,0.09977850317955017,1.0,0.9022198915481567
YPR030W,YIL061C,0,-9.92191,0.09976798295974731,1.0,0.9023255705833435
YBR286W,YPR046W,0,-9.922105,0.09975746273994446,1.0,0.902431309223175
YBR066C,YLR193C,0,-9.922777,0.0997469425201416,1.0,0.9025369882583618
YDL197C,YOR098C,0,-9.922848,0.09973642230033875,1.0,0.9026427268981934
YOR204W,YDR236C,0,-9.924888,0.09972590953111649,1.0,0.9027484059333801
YKL186C,YPL206C,0,-9.925334,0.09971539676189423,1.0,0.9028541445732117
YDL078C,YDL232W,0,-9.926087,0.09970489144325256,1.0,0.9029598236083984
YOR295W,YEL041W,0,-9.92673,0.0996943861246109,1.0,0.90306556224823
YDL039C,YDR175C,0,-9.927638,0.09968388080596924,1.0,0.9031712412834167
YPR111W,YOR281C,0,-9.927761,0.09967337548732758,1.0,0.9032769799232483
YLR350W,YPL063W,0,-9.929971,0.09966287761926651,1.0,0.9033826589584351
YOR335C,YKL086W,0,-9.937196,0.09965237230062485,1.0,0.9034883975982666
YBR059C,YNL326C,0,-9.937542,0.09964188188314438,1.0,0.9035940766334534
YMR153W,YJR127C,0,-9.938363,0.09963138401508331,1.0,0.9036998152732849
YHR118C,YJL059W,0,-9.939008,0.09962089359760284,1.0,0.9038054943084717
YMR308C,YML034W,0,-9.939295,0.09961040318012238,1.0,0.9039112329483032
YDR377W,YJL076W,0,-9.940661,0.0995999127626419,1.0,0.90401691198349
YER035W,YMR016C,0,-9.945873,0.09958942979574203,1.0,0.9041226506233215
YEL022W,YDL020C,0,-9.950163,0.09957894682884216,1.0,0.9042283296585083
YER035W,YMR268C,0,-9.950418,0.09956846386194229,1.0,0.9043340086936951
YEL050C,YGR197C,0,-9.951919,0.09955798834562302,1.0,0.9044397473335266
YKL016C,YPL012W,0,-9.953116,0.09954751282930374,1.0,0.9045454263687134
YDR172W,YMR293C,0,-9.953191,0.09953703731298447,1.0,0.9046511650085449
YER114C,YER012W,0,-9.954713,0.09952656179666519,1.0,0.9047568440437317
YNL094W,YGR082W,0,-9.955697,0.09951609373092651,1.0,0.9048625826835632
YDL097C,YPR163C,0,-9.9563675,0.09950562566518784,1.0,0.90496826171875
YNL270C,YOR030W,0,-9.957915,0.09949516505002975,1.0,0.9050740003585815
YOR181W,YLR016C,0,-9.959284,0.09948469698429108,1.0,0.9051796793937683
YKL129C,YJL192C,0,-9.959495,0.099474236369133,1.0,0.9052854180335999
YBR199W,YLR272C,0,-9.961059,0.09946377575397491,1.0,0.9053910970687866
YOL044W,YKL122C,0,-9.962041,0.09945332258939743,1.0,0.9054968357086182
YAL022C,YNL107W,0,-9.962899,0.09944286942481995,1.0,0.9056025147438049
YAL024C,YLR350W,0,-9.9631405,0.09943241626024246,1.0,0.9057082533836365
YOR243C,YOL004W,0,-9.963724,0.09942196309566498,1.0,0.9058139324188232
YDL102W,YMR284W,0,-9.965053,0.09941151738166809,1.0,0.9059196710586548
YIL155C,YJL192C,0,-9.966533,0.0994010716676712,1.0,0.9060253500938416
YDR096W,YPR070W,0,-9.96782,0.09939062595367432,1.0,0.9061310887336731
YKL150W,YGR186W,0,-9.973497,0.09938018769025803,1.0,0.9062367677688599
YNL075W,YFR052W,0,-9.975442,0.09936974942684174,1.0,0.9063425064086914
YMR139W,YGR082W,0,-9.97594,0.09935931116342545,1.0,0.9064481854438782
YAL040C,YNL311C,0,-9.977967,0.09934887290000916,1.0,0.9065539240837097
YGR155W,YDL115C,0,-9.979749,0.09933844208717346,1.0,0.9066596031188965
YDR202C,YPL239W,0,-9.981265,0.09932801127433777,1.0,0.906765341758728
YJL065C,YPL270W,0,-9.981306,0.09931758791208267,1.0,0.9068710207939148
YMR173W,YOL146W,0,-9.982469,0.09930715709924698,1.0,0.9069767594337463
YOR037W,YMR006C,0,-9.983441,0.09929673373699188,1.0,0.9070824384689331
YLR067C,YBR223C,0,-9.984221,0.09928631037473679,1.0,0.9071881771087646
YHR011W,YDR162C,0,-9.9844055,0.09927589446306229,1.0,0.9072938561439514
YPR138C,YOR254C,0,-9.984563,0.09926547855138779,1.0,0.907399594783783
YLR274W,YER054C,0,-9.985169,0.09925506263971329,1.0,0.9075052738189697
YBR010W,YOL060C,0,-9.985319,0.09924464672803879,1.0,0.9076110124588013
YNR027W,YGL003C,0,-9.985723,0.09923423826694489,1.0,0.907716691493988
YFL057C,YML097C,0,-9.987109,0.09922382980585098,1.0,0.9078224301338196
YDR191W,YLL041C,0,-9.987254,0.09921342134475708,1.0,0.9079281091690063
YDR511W,YLR335W,0,-9.987828,0.09920302033424377,1.0,0.9080338478088379
YEL018W,YPL147W,0,-9.987944,0.09919261932373047,1.0,0.9081395268440247
YLR286C,YBL057C,0,-9.98892,0.09918221831321716,1.0,0.9082452654838562
YOR098C,YJL089W,0,-9.990624,0.09917181730270386,1.0,0.908350944519043
YJL108C,YEL002C,0,-9.990822,0.09916142374277115,1.0,0.9084566831588745
YHR124W,YLR090W,0,-9.993315,0.09915103018283844,1.0,0.9085623621940613
YDL079C,YBR079C,0,-9.994604,0.09914064407348633,1.0,0.9086681008338928
YDR518W,YLR008C,0,-9.996152,0.09913025051355362,1.0,0.9087737798690796
YMR161W,YNL131W,0,-9.997485,0.09911986440420151,1.0,0.9088795185089111
YFR028C,YLR011W,0,-9.998029,0.0991094782948494,1.0,0.9089851975440979
YPL151C,YKR089C,0,-10.000855,0.09909909963607788,1.0,0.9090909361839294
YGL175C,YJL035C,0,-10.001029,0.09908872097730637,1.0,0.9091966152191162
YBL008W,YJL102W,0,-10.001431,0.09907834231853485,1.0,0.9093023538589478
YAL012W,YDR435C,0,-10.003647,0.09906796365976334,1.0,0.9094080328941345
YBR145W,YOR157C,0,-10.005177,0.09905759245157242,1.0,0.9095137715339661
YDL088C,YOL133W,0,-10.0057,0.0990472212433815,1.0,0.9096194505691528
YDR276C,YOL102C,0,-10.005963,0.09903685003519058,1.0,0.9097251296043396
YKL064W,YMR013C,0,-10.00698,0.09902648627758026,1.0,0.9098308682441711
YKR068C,YGL087C,0,-10.007087,0.09901612251996994,1.0,0.9099365472793579
YDR281C,YHR060W,0,-10.008979,0.09900575876235962,1.0,0.9100422859191895
YDR163W,YBR175W,0,-10.010329,0.0989953950047493,1.0,0.9101479649543762
YLR231C,YLR272C,0,-10.011782,0.09898503869771957,1.0,0.9102537035942078
YPR183W,YAL010C,0,-10.012233,0.09897468239068985,1.0,0.9103593826293945
YKL170W,YPL133C,0,-10.012351,0.09896432608366013,1.0,0.9104651212692261
YOR209C,YDR218C,0,-10.013111,0.098953977227211,1.0,0.9105708003044128
YAL012W,YML098W,0,-10.014726,0.09894362837076187,1.0,0.9106765389442444
YKL016C,YBL006C,0,-10.015786,0.09893327951431274,1.0,0.9107822179794312
YCR071C,YML023C,0,-10.016643,0.09892293065786362,1.0,0.9108879566192627
YGR109C,YNL103W,0,-10.016949,0.09891258925199509,1.0,0.9109936356544495
YCR091W,YLR277C,0,-10.017903,0.09890224784612656,1.0,0.911099374294281
YDR268W,YPL058C,0,-10.021934,0.09889190644025803,1.0,0.9112050533294678
YFL010W-A,YCL032W,0,-10.022436,0.09888157248497009,1.0,0.9113107919692993
YPL190C,YNL299W,0,-10.022939,0.09887123852968216,1.0,0.9114164710044861
YKR007W,YNL107W,0,-10.0231,0.09886090457439423,1.0,0.9115222096443176
YFL023W,YPL221W,0,-10.023477,0.09885057806968689,1.0,0.9116278886795044
YDR421W,YPR080W,0,-10.024787,0.09884024411439896,1.0,0.9117336273193359
YHR150W,YMR054W,0,-10.025068,0.09882991760969162,1.0,0.9118393063545227
YDL115C,YJR068W,0,-10.030145,0.09881959855556488,1.0,0.9119450449943542
YPR002W,YMR143W,0,-10.030192,0.09880927205085754,1.0,0.912050724029541
YHR116W,YKR079C,0,-10.030615,0.0987989529967308,1.0,0.9121564626693726
YDR191W,YNL142W,0,-10.031013,0.09878864139318466,1.0,0.9122621417045593
YBR091C,YKL012W,0,-10.031459,0.09877832233905792,1.0,0.9123678803443909
YKL020C,YIL008W,0,-10.034092,0.09876801073551178,1.0,0.9124735593795776
YAL010C,YHR196W,0,-10.034477,0.09875769913196564,1.0,0.9125792980194092
YNL279W,YDR178W,0,-10.0345745,0.0987473875284195,1.0,0.912684977054596
YGR028W,YNL262W,0,-10.035382,0.09873708337545395,1.0,0.9127907156944275
YJR108W,YGR239C,0,-10.035756,0.0987267792224884,1.0,0.9128963947296143
YDL099W,YNR067C,0,-10.03577,0.09871647506952286,1.0,0.9130021333694458
YIL018W,YMR197C,0,-10.03646,0.09870617836713791,1.0,0.9131078124046326
YGL001C,YLL013C,0,-10.036605,0.09869588166475296,1.0,0.9132135510444641
YOR310C,YMR190C,0,-10.036946,0.09868558496236801,1.0,0.9133192300796509
YIL048W,YKL099C,0,-10.037839,0.09867528825998306,1.0,0.9134249687194824
YMR070W,YGR185C,0,-10.03799,0.09866499900817871,1.0,0.9135306477546692
YPR034W,YJL001W,0,-10.039651,0.09865470975637436,1.0,0.9136363863945007
YEL071W,YJL098W,0,-10.039687,0.09864442050457001,1.0,0.9137420654296875
YLR186W,YMR052W,0,-10.040784,0.09863413870334625,1.0,0.913847804069519
YIR017C,YLR145W,0,-10.043005,0.0986238569021225,1.0,0.9139534831047058
YFR029W,YBR087W,0,-10.0447,0.09861357510089874,1.0,0.9140592217445374
YDR214W,YLL061W,0,-10.045014,0.09860329329967499,1.0,0.9141649007797241
YJR145C,YGR144W,0,-10.047144,0.09859301894903183,1.0,0.9142706394195557
YNL242W,YBL006C,0,-10.047494,0.09858274459838867,1.0,0.9143763184547424
YKL062W,YML023C,0,-10.050527,0.09857247024774551,1.0,0.914482057094574
YGL256W,YGL180W,0,-10.052046,0.09856220334768295,1.0,0.9145877361297607
YMR078C,YFR030W,0,-10.052326,0.0985519289970398,1.0,0.9146934747695923
YOR274W,YML120C,0,-10.05445,0.09854166954755783,1.0,0.914799153804779
YIL079C,YDR263C,0,-10.054592,0.09853140264749527,1.0,0.9149048328399658
YOL016C,YNL154C,0,-10.054723,0.0985211431980133,1.0,0.9150105714797974
YOL045W,YBR183W,0,-10.055799,0.09851088374853134,1.0,0.9151162505149841
YCR065W,YGL244W,0,-10.056631,0.09850062429904938,1.0,0.9152219891548157
YLR220W,YDR168W,0,-10.057082,0.09849037230014801,1.0,0.9153276681900024
YKL059C,YLR219W,0,-10.057242,0.09848012030124664,1.0,0.915433406829834
YDR173C,YMR280C,0,-10.058403,0.09846986830234528,1.0,0.9155390858650208
YER127W,YIL129C,0,-10.059125,0.09845961630344391,1.0,0.9156448245048523
YPL082C,YJL089W,0,-10.060441,0.09844937175512314,1.0,0.9157505035400391
YLR147C,YMR053C,0,-10.062015,0.09843912720680237,1.0,0.9158562421798706
YDR216W,YOR269W,0,-10.064654,0.0984288826584816,1.0,0.9159619212150574
YFL013C,YDR175C,0,-10.065505,0.09841864556074142,1.0,0.9160676598548889
YMR022W,YCR084C,0,-10.065886,0.09840840846300125,1.0,0.9161733388900757
YNR035C,YPR017C,0,-10.068298,0.09839817136526108,1.0,0.9162790775299072
YPL075W,YJL104W,0,-10.069708,0.0983879342675209,1.0,0.916384756565094
YFR033C,YER072W,0,-10.072559,0.09837770462036133,1.0,0.9164904952049255
YDR398W,YDR057W,0,-10.072915,0.09836747497320175,1.0,0.9165961742401123
YJR069C,YBL058W,0,-10.074512,0.09835724532604218,1.0,0.9167019128799438
YHL047C,YNL263C,0,-10.075484,0.0983470231294632,1.0,0.9168075919151306
YFL039C,YLR175W,0,-10.078176,0.09833680093288422,1.0,0.9169133305549622
YER114C,YCR067C,0,-10.08005,0.09832657873630524,1.0,0.9170190095901489
YHR152W,YNR039C,0,-10.08417,0.09831635653972626,1.0,0.9171247482299805
YFL050C,YBR048W,0,-10.084498,0.09830614179372787,1.0,0.9172304272651672
YKL182W,YDR288W,0,-10.085139,0.09829592704772949,1.0,0.9173361659049988
YKL195W,YIL123W,0,-10.0859995,0.09828571230173111,1.0,0.9174418449401855
YML114C,YDR369C,0,-10.08604,0.09827550500631332,1.0,0.9175475835800171
YDL192W,YKR053C,0,-10.086511,0.09826529771089554,1.0,0.9176532626152039
YGL037C,YPL144W,0,-10.087995,0.09825509041547775,1.0,0.9177590012550354
YDL085W,YLR195C,0,-10.090389,0.09824488312005997,1.0,0.9178646802902222
YOR340C,YIL119C,0,-10.091376,0.09823468327522278,1.0,0.9179704189300537
YDL213C,YML028W,0,-10.091914,0.09822448343038559,1.0,0.9180760979652405
YLR170C,YGL045W,0,-10.092456,0.0982142835855484,1.0,0.918181836605072
YJL183W,YGR070W,0,-10.092606,0.09820409119129181,1.0,0.9182875156402588
YBR132C,YDL212W,0,-10.092746,0.09819389879703522,1.0,0.9183932542800903
YJL058C,YMR311C,0,-10.096138,0.09818370640277863,1.0,0.9184989333152771
YGR145W,YEL057C,0,-10.096206,0.09817351400852203,1.0,0.9186046719551086
YAL031C,YNL201C,0,-10.09796,0.09816332906484604,1.0,0.9187103509902954
YGL116W,YMR104C,0,-10.101206,0.09815314412117004,1.0,0.918816089630127
YOR018W,YIL016W,0,-10.101661,0.09814295917749405,1.0,0.9189217686653137
YNL209W,YJR045C,0,-10.10221,0.09813278168439865,1.0,0.9190275073051453
YML021C,YDR247W,0,-10.102942,0.09812260419130325,1.0,0.919133186340332
YGL005C,YLR316C,0,-10.103593,0.09811242669820786,1.0,0.9192389249801636
YDR388W,YKR053C,0,-10.105528,0.09810224920511246,1.0,0.9193446040153503
YPL262W,YGR104C,0,-10.107253,0.09809207916259766,1.0,0.9194503426551819
YPL265W,YBR088C,0,-10.107947,0.09808190912008286,1.0,0.9195560216903687
YPR070W,YNL074C,0,-10.108762,0.09807173907756805,1.0,0.9196617603302002
YGR225W,YGL155W,0,-10.109236,0.09806157648563385,1.0,0.919767439365387
YNL331C,YCL001W,0,-10.1117,0.09805140644311905,1.0,0.9198731780052185
YOL151W,YMR188C,0,-10.111913,0.09804125130176544,1.0,0.9199788570404053
YPR200C,YLR405W,0,-10.114427,0.09803108870983124,1.0,0.9200845956802368
YNL221C,YPR121W,0,-10.114472,0.09802093356847763,1.0,0.9201902747154236
YJL006C,YMR225C,0,-10.114524,0.09801077842712402,1.0,0.9202959537506104
YKL112W,YBR212W,0,-10.117902,0.09800062328577042,1.0,0.9204016923904419
YGR249W,YJL133W,0,-10.121152,0.09799046814441681,1.0,0.9205073714256287
YPR075C,YNL197C,0,-10.121556,0.0979803204536438,1.0,0.9206131100654602
YIL048W,YJL121C,0,-10.125776,0.09797017276287079,1.0,0.920718789100647
YNL127W,YJL146W,0,-10.126315,0.09796003252267838,1.0,0.9208245277404785
YJL102W,YOR213C,0,-10.127712,0.09794988483190536,1.0,0.9209302067756653
YLR310C,YOL016C,0,-10.130286,0.09793974459171295,1.0,0.9210359454154968
YLL015W,YMR138W,0,-10.130996,0.09792960435152054,1.0,0.9211416244506836
YLR215C,YFR024C-A,0,-10.131999,0.09791947156190872,1.0,0.9212473630905151
YFR024C-A,YBR060C,0,-10.13367,0.0979093387722969,1.0,0.9213530421257019
YPL167C,YDL217C,0,-10.133703,0.09789920598268509,1.0,0.9214587807655334
YGL175C,YDR478W,0,-10.133904,0.09788907319307327,1.0,0.9215644598007202
YDR280W,YBR037C,0,-10.134311,0.09787894785404205,1.0,0.9216701984405518
YJR070C,YCL017C,0,-10.135102,0.09786881506443024,1.0,0.9217758774757385
YNL293W,YEL037C,0,-10.135211,0.09785869717597961,1.0,0.9218816161155701
YCR075C,YMR096W,0,-10.135475,0.0978485718369484,1.0,0.9219872951507568
YGL166W,YDR259C,0,-10.136018,0.09783845394849777,1.0,0.9220930337905884
YGR157W,YKL191W,0,-10.137309,0.09782833606004715,1.0,0.9221987128257751
YDR013W,YLR090W,0,-10.1378565,0.09781821817159653,1.0,0.9223044514656067
YOR148C,YKL081W,0,-10.138011,0.0978081077337265,1.0,0.9224101305007935
YBR177C,YBR192W,0,-10.139886,0.09779799729585648,1.0,0.922515869140625
YLR103C,YLR098C,0,-10.140386,0.09778788685798645,1.0,0.9226215481758118
YMR068W,YGL099W,0,-10.140724,0.09777777642011642,1.0,0.9227272868156433
YLR011W,YNL209W,0,-10.1410055,0.097767673432827,1.0,0.9228329658508301
YER114C,YNR059W,0,-10.141809,0.09775757044553757,1.0,0.9229387044906616
YNR054C,YLR346C,0,-10.148606,0.09774746745824814,1.0,0.9230443835258484
YDR022C,YPR080W,0,-10.149992,0.0977373719215393,1.0,0.9231501221656799
YLR109W,YBL005W,0,-10.150526,0.09772727638483047,1.0,0.9232558012008667
YDL022W,YIL128W,0,-10.15088,0.09771718084812164,1.0,0.9233615398406982
YMR068W,YGL012W,0,-10.152637,0.09770708531141281,1.0,0.923467218875885
YIL033C,YDR469W,0,-10.153014,0.09769699722528458,1.0,0.9235729575157166
YJL184W,YJL139C,0,-10.153895,0.09768690913915634,1.0,0.9236786365509033
YHR205W,YJL139C,0,-10.155324,0.0976768210530281,1.0,0.9237843751907349
YBR050C,YGL100W,0,-10.156421,0.09766673296689987,1.0,0.9238900542259216
YLL015W,YBL014C,0,-10.157175,0.09765665233135223,1.0,0.9239957928657532
YDR017C,YGL045W,0,-10.1579485,0.0976465716958046,1.0,0.9241014719009399
YBR185C,YOR210W,0,-10.158923,0.09763649851083755,1.0,0.9242072105407715
YER045C,YJL183W,0,-10.159934,0.09762641787528992,1.0,0.9243128895759583
YBR036C,YEL015W,0,-10.160108,0.09761634469032288,1.0,0.9244186282157898
YOL051W,YNR059W,0,-10.160165,0.09760627150535583,1.0,0.9245243072509766
YJR070C,YOR049C,0,-10.16183,0.09759620577096939,1.0,0.9246300458908081
YJL001W,YOR106W,0,-10.161866,0.09758613258600235,1.0,0.9247357249259949
YLR201C,YKL029C,0,-10.163238,0.0975760668516159,1.0,0.9248414635658264
YDR398W,YMR088C,0,-10.164897,0.09756600856781006,1.0,0.9249471426010132
YBR061C,YMR089C,0,-10.166648,0.09755594283342361,1.0,0.9250528812408447
YJL090C,YGR254W,0,-10.168118,0.09754588454961777,1.0,0.9251585602760315
YHR165C,YPL042C,0,-10.1683,0.09753582626581192,1.0,0.925264298915863
YLR238W,YBR093C,0,-10.168767,0.09752577543258667,1.0,0.9253699779510498
YDR181C,YBR105C,0,-10.172827,0.09751571714878082,1.0,0.9254757165908813
YCL039W,YKL074C,0,-10.174828,0.09750566631555557,1.0,0.9255813956260681
YLL009C,YJR068W,0,-10.175077,0.09749562293291092,1.0,0.9256870746612549
YBR164C,YIL023C,0,-10.177602,0.09748557209968567,1.0,0.9257928133010864
YOL130W,YGR048W,0,-10.178002,0.09747552871704102,1.0,0.9258984923362732
YHR036W,YJL094C,0,-10.178889,0.09746548533439636,1.0,0.9260042309761047
YAR007C,YGL162W,0,-10.178984,0.09745544195175171,1.0,0.9261099100112915
YPL138C,YPL163C,0,-10.179261,0.09744540601968765,1.0,0.926215648651123
YLL012W,YNL310C,0,-10.179847,0.0974353700876236,1.0,0.9263213276863098
YGR119C,YGR281W,0,-10.181412,0.09742533415555954,1.0,0.9264270663261414
YJL165C,YLR139C,0,-10.186172,0.09741530567407608,1.0,0.9265327453613281
YBR145W,YPR065W,0,-10.186934,0.09740526974201202,1.0,0.9266384840011597
YBR026C,YHR023W,0,-10.187964,0.09739524126052856,1.0,0.9267441630363464
YDR515W,YBR162C,0,-10.188538,0.0973852202296257,1.0,0.926849901676178
YNR019W,YLR011W,0,-10.188729,0.09737519174814224,1.0,0.9269555807113647
YGL174W,YPL135W,0,-10.190828,0.09736517071723938,1.0,0.9270613193511963
YML107C,YBR037C,0,-10.193105,0.09735514968633652,1.0,0.9271669983863831
YIL046W,YDR322C-A,0,-10.1962805,0.09734513610601425,1.0,0.9272727370262146
YHR194W,YNL154C,0,-10.197304,0.09733511507511139,1.0,0.9273784160614014
YNL088W,YJL139C,0,-10.20064,0.09732510149478912,1.0,0.9274841547012329
YBR199W,YCR008W,0,-10.201253,0.09731508791446686,1.0,0.9275898337364197
YCL059C,YJR022W,0,-10.203769,0.09730508178472519,1.0,0.9276955723762512
YBR217W,YHR031C,0,-10.205215,0.09729507565498352,1.0,0.927801251411438
YGL166W,YGR179C,0,-10.205465,0.09728506952524185,1.0,0.9279069900512695
YGR010W,YOR098C,0,-10.206825,0.09727506339550018,1.0,0.9280126690864563
YDR480W,YOR269W,0,-10.208791,0.09726506471633911,1.0,0.9281184077262878
YIL160C,YPL063W,0,-10.211606,0.09725506603717804,1.0,0.9282240867614746
YOR328W,YHR062C,0,-10.211815,0.09724506735801697,1.0,0.9283298254013062
YMR296C,YKR014C,0,-10.211862,0.0972350686788559,1.0,0.9284355044364929
YAL041W,YFL011W,0,-10.213599,0.09722507745027542,1.0,0.9285412430763245
YHR084W,YGR141W,0,-10.21547,0.09721508622169495,1.0,0.9286469221115112
YPL040C,YCL059C,0,-10.216601,0.09720509499311447,1.0,0.9287526607513428
YHR011W,YNL151C,0,-10.216725,0.0971951112151146,1.0,0.9288583397865295
YGL209W,YBR089C-A,0,-10.222266,0.09718512743711472,1.0,0.9289640784263611
YBR212W,YPR113W,0,-10.224411,0.09717514365911484,1.0,0.9290697574615479
YDL197C,YBR155W,0,-10.225818,0.09716515988111496,1.0,0.9291754961013794
YLR423C,YER028C,0,-10.226216,0.09715518355369568,1.0,0.9292811751365662
YML071C,YPL087W,0,-10.227977,0.0971452072262764,1.0,0.9293869137763977
YJR069C,YHR157W,0,-10.2280035,0.09713523089885712,1.0,0.9294925928115845
YBR085W,YKR020W,0,-10.228181,0.09712525457143784,1.0,0.929598331451416
YBR161W,YPL212C,0,-10.228457,0.09711528569459915,1.0,0.9297040104866028
YLR382C,YGR090W,0,-10.228652,0.09710531681776047,1.0,0.9298097491264343
YBR290W,YHR059W,0,-10.230708,0.09709534794092178,1.0,0.9299154281616211
YER054C,YER149C,0,-10.231336,0.0970853865146637,1.0,0.9300211668014526
YDR376W,YGR083C,0,-10.231641,0.09707542508840561,1.0,0.9301268458366394
YKR054C,YPL171C,0,-10.232855,0.09706546366214752,1.0,0.930232584476471
YDL099W,YCR008W,0,-10.235565,0.09705550223588943,1.0,0.9303382635116577
YJL111W,YER035W,0,-10.235688,0.09704554826021194,1.0,0.9304440021514893
YMR096W,YMR183C,0,-10.23742,0.09703559428453445,1.0,0.930549681186676
YKL208W,YDR318W,0,-10.238196,0.09702564030885696,1.0,0.9306554198265076
YDR273W,YJR135C,0,-10.239967,0.09701569378376007,1.0,0.9307610988616943
YBR207W,YGR024C,0,-10.240186,0.09700573980808258,1.0,0.9308667778968811
YJL196C,YNR006W,0,-10.241742,0.09699579328298569,1.0,0.9309725165367126
YMR049C,YBR295W,0,-10.242215,0.09698585420846939,1.0,0.9310781955718994
YIL034C,YKL054C,0,-10.2443075,0.0969759076833725,1.0,0.931183934211731
YDR180W,YMR284W,0,-10.245783,0.0969659686088562,1.0,0.9312896132469177
YMR065W,YDR277C,0,-10.249366,0.0969560295343399,1.0,0.9313953518867493
YNL258C,YLR023C,0,-10.252644,0.0969460979104042,1.0,0.931501030921936
YAL017W,YMR182C,0,-10.254946,0.09693615883588791,1.0,0.9316067695617676
YGL174W,YDR480W,0,-10.260135,0.09692622721195221,1.0,0.9317124485969543
YDR150W,YNL128W,0,-10.260482,0.0969163030385971,1.0,0.9318181872367859
YFL056C,YBR093C,0,-10.261346,0.09690637141466141,1.0,0.9319238662719727
YJL164C,YOR129C,0,-10.261567,0.0968964472413063,1.0,0.9320296049118042
YGR083C,YPL110C,0,-10.263106,0.0968865230679512,1.0,0.932135283946991
YNL161W,YPR017C,0,-10.26335,0.0968765988945961,1.0,0.9322410225868225
YGL037C,YNL290W,0,-10.265059,0.0968666821718216,1.0,0.9323467016220093
YMR162C,YOL108C,0,-10.266213,0.09685676544904709,1.0,0.9324524402618408
YPL097W,YDR527W,0,-10.266969,0.09684684872627258,1.0,0.9325581192970276
YNL166C,YIL120W,0,-10.267478,0.09683693200349808,1.0,0.9326638579368591
YMR011W,YMR201C,0,-10.269023,0.09682702273130417,1.0,0.9327695369720459
YER119C,YOR209C,0,-10.269042,0.09681711345911026,1.0,0.9328752756118774
YKL093W,YLR262C,0,-10.2709055,0.09680720418691635,1.0,0.9329809546470642
YLR114C,YPL135W,0,-10.271035,0.09679730236530304,1.0,0.9330866932868958
YAL054C,YMR076C,0,-10.2711315,0.09678739309310913,1.0,0.9331923723220825
YNR074C,YKL172W,0,-10.273126,0.09677749127149582,1.0,0.9332981109619141
YHR074W,YBR192W,0,-10.274997,0.0967675969004631,1.0,0.9334037899971008
YDL142C,YJL168C,0,-10.276214,0.09675769507884979,1.0,0.9335095286369324
YBR105C,YKL196C,0,-10.276492,0.09674780070781708,1.0,0.9336152076721191
YNL117W,YKL045W,0,-10.280433,0.09673790633678436,1.0,0.9337209463119507
YIL053W,YAL030W,0,-10.283529,0.09672801941633224,1.0,0.9338266253471375
YGR088W,YGR055W,0,-10.283965,0.09671812504529953,1.0,0.933932363986969
YMR312W,YHR091C,0,-10.285333,0.09670823812484741,1.0,0.9340380430221558
YDR270W,YDL042C,0,-10.289727,0.0966983512043953,1.0,0.9341437816619873
YPL202C,YFR053C,0,-10.2934675,0.09668847173452377,1.0,0.9342494606971741
YMR188C,YOR035C,0,-10.296241,0.09667859226465225,1.0,0.9343551993370056
YIL040W,YOR267C,0,-10.298185,0.09666871279478073,1.0,0.9344608783721924
YHR089C,YKR002W,0,-10.29828,0.09665883332490921,1.0,0.9345666170120239
YDR075W,YJR086W,0,-10.2988,0.09664896130561829,1.0,0.9346722960472107
YDR423C,YNL154C,0,-10.29912,0.09663908183574677,1.0,0.9347780346870422
YGL236C,YBR295W,0,-10.301106,0.09662920981645584,1.0,0.934883713722229
YNL084C,YDL033C,0,-10.302235,0.09661934524774551,1.0,0.9349894523620605
YDR376W,YLR051C,0,-10.303033,0.09660948067903519,1.0,0.9350951313972473
YPR100W,YGR270W,0,-10.304591,0.09659960865974426,1.0,0.9352008700370789
YGL192W,YOL124C,0,-10.305995,0.09658975154161453,1.0,0.9353065490722656
YNL142W,YGR063C,0,-10.30705,0.0965798869729042,1.0,0.9354122877120972
YOR310C,YIL073C,0,-10.307679,0.09657002985477448,1.0,0.9355179667472839
YMR198W,YHR008C,0,-10.309098,0.09656017273664474,1.0,0.9356237053871155
YOR095C,YGR270W,0,-10.309726,0.09655031561851501,1.0,0.9357293844223022
YMR021C,YGR280C,0,-10.311164,0.09654046595096588,1.0,0.9358351230621338
YAL024C,YDL134C,0,-10.311975,0.09653060883283615,1.0,0.9359408020973206
YDR421W,YNL207W,0,-10.312052,0.09652076661586761,1.0,0.9360465407371521
YOL165C,YGR179C,0,-10.31304,0.09651091694831848,1.0,0.9361522197723389
YNL327W,YBR293W,0,-10.315334,0.09650107473134995,1.0,0.9362578988075256
YLR060W,YBR182C,0,-10.316575,0.09649122506380081,1.0,0.9363636374473572
YPL177C,YOL142W,0,-10.316832,0.09648139029741287,1.0,0.936469316482544
YBR037C,YLR403W,0,-10.317018,0.09647154808044434,1.0,0.9365750551223755
YPL270W,YOL039W,0,-10.318549,0.0964617133140564,1.0,0.9366807341575623
YLR212C,YGL098W,0,-10.31869,0.09645187854766846,1.0,0.9367864727973938
YDL145C,YHR096C,0,-10.320066,0.09644204378128052,1.0,0.9368921518325806
YIL131C,YMR021C,0,-10.323986,0.09643220901489258,1.0,0.9369978904724121
YFL057C,YIR010W,0,-10.326787,0.09642238169908524,1.0,0.9371035695075989
YNL331C,YNL290W,0,-10.327052,0.0964125543832779,1.0,0.9372093081474304
YGL232W,YJR019C,0,-10.334422,0.09640273451805115,1.0,0.9373149871826172
YAL035W,YKL062W,0,-10.334765,0.0963929072022438,1.0,0.9374207258224487
YOR032C,YNR011C,0,-10.335806,0.09638308733701706,1.0,0.9375264048576355
YER073W,YGL142C,0,-10.335861,0.09637326747179031,1.0,0.937632143497467
YNL027W,YOR236W,0,-10.336412,0.09636344760656357,1.0,0.9377378225326538
YDR518W,YLL019C,0,-10.34311,0.09635363519191742,1.0,0.9378435611724854
YCR034W,YIL119C,0,-10.343213,0.09634382277727127,1.0,0.9379492402076721
YGL037C,YBR081C,0,-10.344205,0.09633401036262512,1.0,0.9380549788475037
YPR135W,YGL219C,0,-10.346566,0.09632420539855957,1.0,0.9381606578826904
YOR250C,YOL093W,0,-10.349311,0.09631439298391342,1.0,0.938266396522522
YHL047C,YDL004W,0,-10.352071,0.09630458801984787,1.0,0.9383720755577087
YDR361C,YML091C,0,-10.3558855,0.09629479050636292,1.0,0.9384778141975403
YMR199W,YER127W,0,-10.357839,0.09628498554229736,1.0,0.938583493232727
YNL029C,YOR162C,0,-10.364774,0.09627518802881241,1.0,0.9386892318725586
YNL159C,YOR064C,0,-10.36544,0.09626539051532745,1.0,0.9387949109077454
YIR018W,YOR129C,0,-10.365468,0.0962555930018425,1.0,0.9389006495475769
YBR258C,YJR049C,0,-10.366432,0.09624580293893814,1.0,0.9390063285827637
YDR081C,YDR077W,0,-10.366706,0.09623601287603378,1.0,0.9391120672225952
YBR207W,YGL171W,0,-10.369299,0.09622622281312943,1.0,0.939217746257782
YDR165W,YBR293W,0,-10.369437,0.09621643275022507,1.0,0.9393234848976135
YGL071W,YLL015W,0,-10.371441,0.0962066501379013,1.0,0.9394291639328003
YDR028C,YPL122C,0,-10.372235,0.09619686752557755,1.0,0.9395349025726318
YMR234W,YGR248W,0,-10.372906,0.09618708491325378,1.0,0.9396405816078186
YPR144C,YDR289C,0,-10.373297,0.09617730975151062,1.0,0.9397463202476501
YLL009C,YER127W,0,-10.375994,0.09616752713918686,1.0,0.9398519992828369
YJL011C,YJL089W,0,-10.380236,0.0961577519774437,1.0,0.9399577379226685
YBR065C,YKL165C,0,-10.380398,0.09614798426628113,1.0,0.9400634169578552
YDL192W,YHR074W,0,-10.382535,0.09613820910453796,1.0,0.9401691555976868
YKL146W,YGL070C,0,-10.382983,0.0961284413933754,1.0,0.9402748346328735
YGL032C,YBR294W,0,-10.384038,0.09611867368221283,1.0,0.9403805732727051
YBR059C,YPR082C,0,-10.385778,0.09610891342163086,1.0,0.9404862523078918
YPL097W,YKR056W,0,-10.38663,0.09609914571046829,1.0,0.9405919909477234
YNL009W,YKL006C-A,0,-10.392628,0.09608938544988632,1.0,0.9406976699829102
YLR242C,YNL037C,0,-10.392723,0.09607962518930435,1.0,0.9408034086227417
YCL014W,YOR257W,0,-10.394556,0.09606987237930298,1.0,0.9409090876579285
YPR006C,YDR404C,0,-10.394628,0.09606011211872101,1.0,0.94101482629776
YPR121W,YLR222C,0,-10.395562,0.09605035930871964,1.0,0.9411205053329468
YKR090W,YBL075C,0,-10.397437,0.09604060649871826,1.0,0.9412262439727783
YDR284C,YMR243C,0,-10.39845,0.09603086113929749,1.0,0.9413319230079651
YNR002C,YNL099C,0,-10.39907,0.09602111577987671,1.0,0.9414376616477966
YMR201C,YDR146C,0,-10.400714,0.09601137042045593,1.0,0.9415433406829834
YMR173W,YJL076W,0,-10.401156,0.09600162506103516,1.0,0.9416490197181702
YHR175W,YKR063C,0,-10.402061,0.09599187970161438,1.0,0.9417547583580017
YDR358W,YGL122C,0,-10.402315,0.0959821417927742,1.0,0.9418604373931885
YLR231C,YOR119C,0,-10.405347,0.09597240388393402,1.0,0.94196617603302
YOR245C,YAL042W,0,-10.4083605,0.09596267342567444,1.0,0.9420718550682068
YJL167W,YMR069W,0,-10.408851,0.09595293551683426,1.0,0.9421775937080383
YNL331C,YLR268W,0,-10.409354,0.09594320505857468,1.0,0.9422832727432251
YJL020C,YBR130C,0,-10.411319,0.0959334746003151,1.0,0.9423890113830566
YLL061W,YBR273C,0,-10.411501,0.09592374414205551,1.0,0.9424946904182434
YGL014W,YDL097C,0,-10.41254,0.09591402113437653,1.0,0.942600429058075
YLR028C,YER110C,0,-10.415618,0.09590429812669754,1.0,0.9427061080932617
YPL128C,YCL033C,0,-10.418809,0.09589457511901855,1.0,0.9428118467330933
YNL065W,YLR219W,0,-10.419485,0.09588485956192017,1.0,0.94291752576828
YNL151C,YKL020C,0,-10.420158,0.09587513655424118,1.0,0.9430232644081116
YLR155C,YOR229W,0,-10.421618,0.09586542099714279,1.0,0.9431289434432983
YCR057C,YHR157W,0,-10.42174,0.095855712890625,1.0,0.9432346820831299
YEL071W,YHR081W,0,-10.424704,0.09584599733352661,1.0,0.9433403611183167
YDR244W,YLR197W,0,-10.4248705,0.09583628922700882,1.0,0.9434460997581482
YOL165C,YMR091C,0,-10.428184,0.09582658112049103,1.0,0.943551778793335
YCR086W,YDR345C,0,-10.429164,0.09581687301397324,1.0,0.9436575174331665
YPL181W,YJR150C,0,-10.429873,0.09580717235803604,1.0,0.9437631964683533
YJR033C,YOR229W,0,-10.432878,0.09579747170209885,1.0,0.9438689351081848
YKL062W,YER019C-A,0,-10.434558,0.09578777104616165,1.0,0.9439746141433716
YJL164C,YGR094W,0,-10.435559,0.09577807039022446,1.0,0.9440803527832031
YER159C,YBR026C,0,-10.435624,0.09576837718486786,1.0,0.9441860318183899
YOR298C-A,YDR464W,0,-10.4382925,0.09575867652893066,1.0,0.9442917704582214
YDR280W,YNR034W,0,-10.440005,0.09574899077415466,1.0,0.9443974494934082
YGL001C,YOR361C,0,-10.440746,0.09573929756879807,1.0,0.9445031881332397
YNL030W,YIL120W,0,-10.441388,0.09572961181402206,1.0,0.9446088671684265
YNR019W,YOL039W,0,-10.444241,0.09571992605924606,1.0,0.9447146058082581
YOL068C,YBR169C,0,-10.444289,0.09571024030447006,1.0,0.9448202848434448
YLR355C,YLR350W,0,-10.444643,0.09570055454969406,1.0,0.9449260234832764
YOR386W,YOR159C,0,-10.4455805,0.09569087624549866,1.0,0.9450317025184631
YHR004C,YNL207W,0,-10.4479265,0.09568119794130325,1.0,0.9451374411582947
YIL120W,YBL039C,0,-10.4485655,0.09567151963710785,1.0,0.9452431201934814
YEL071W,YNL123W,0,-10.449957,0.09566184878349304,1.0,0.945348858833313
YGR097W,YPR120C,0,-10.455424,0.09565217047929764,1.0,0.9454545378684998
YHR183W,YPL156C,0,-10.457254,0.09564249962568283,1.0,0.9455602765083313
YPR006C,YMR142C,0,-10.460319,0.09563283622264862,1.0,0.9456659555435181
YIL014W,YDR487C,0,-10.461993,0.09562316536903381,1.0,0.9457716941833496
YJR097W,YDR477W,0,-10.461998,0.0956135019659996,1.0,0.9458773732185364
YGL087C,YNR011C,0,-10.463107,0.0956038385629654,1.0,0.9459831118583679
YPL169C,YGL087C,0,-10.4637165,0.09559418261051178,1.0,0.9460887908935547
YNL006W,YPR113W,0,-10.464886,0.09558451920747757,1.0,0.9461945295333862
YBR164C,YAL017W,0,-10.464977,0.09557486325502396,1.0,0.946300208568573
YJR150C,YPR134W,0,-10.465009,0.09556520730257034,1.0,0.9464059472084045
YIL154C,YJR119C,0,-10.46642,0.09555555880069733,1.0,0.9465116262435913
YML099C,YDR258C,0,-10.4675,0.09554590284824371,1.0,0.9466173648834229
YLR158C,YOR056C,0,-10.468472,0.0955362543463707,1.0,0.9467230439186096
YLR153C,YOR056C,0,-10.469297,0.09552660584449768,1.0,0.9468287229537964
YER044C,YCL054W,0,-10.474051,0.09551696479320526,1.0,0.9469344615936279
YOR011W,YOL028C,0,-10.47816,0.09550731629133224,1.0,0.9470401406288147
YGR157W,YER127W,0,-10.480441,0.09549767524003983,1.0,0.9471458792686462
YOR035C,YML027W,0,-10.4853735,0.095488041639328,1.0,0.947251558303833
YMR032W,YBR183W,0,-10.486049,0.09547840058803558,1.0,0.9473572969436646
YJL036W,YGL145W,0,-10.48639,0.09546876698732376,1.0,0.9474629759788513
YDL030W,YAL017W,0,-10.488519,0.09545913338661194,1.0,0.9475687146186829
YDR055W,YDR279W,0,-10.489277,0.09544949978590012,1.0,0.9476743936538696
YGL155W,YGL073W,0,-10.490276,0.09543987363576889,1.0,0.9477801322937012
YKR052C,YNL273W,0,-10.493871,0.09543024003505707,1.0,0.9478858113288879
YLR201C,YOR217W,0,-10.495898,0.09542061388492584,1.0,0.9479915499687195
YLR254C,YOL040C,0,-10.496594,0.09541099518537521,1.0,0.9480972290039062
YLR195C,YBR183W,0,-10.498912,0.09540136903524399,1.0,0.9482029676437378
YER035W,YER165W,0,-10.501468,0.09539175033569336,1.0,0.9483086466789246
YMR068W,YNL061W,0,-10.503495,0.09538213163614273,1.0,0.9484143853187561
YAL022C,YOR344C,0,-10.505881,0.0953725203871727,1.0,0.9485200643539429
YGR188C,YPL154C,0,-10.509448,0.09536290168762207,1.0,0.9486258029937744
YPL127C,YGR258C,0,-10.510554,0.09535329043865204,1.0,0.9487314820289612
YOL123W,YML029W,0,-10.511245,0.095343679189682,1.0,0.9488372206687927
YPL043W,YDL194W,0,-10.511834,0.09533407539129257,1.0,0.9489428997039795
YNL302C,YDR532C,0,-10.513738,0.09532446414232254,1.0,0.949048638343811
YGR081C,YFL059W,0,-10.51595,0.0953148603439331,1.0,0.9491543173789978
YJL058C,YDR358W,0,-10.517282,0.09530525654554367,1.0,0.9492600560188293
YOL108C,YJR145C,0,-10.526578,0.09529566019773483,1.0,0.9493657350540161
YNR059W,YGL236C,0,-10.527398,0.0952860563993454,1.0,0.9494714736938477
YIL131C,YKL064W,0,-10.529294,0.09527646005153656,1.0,0.9495771527290344
YJL020C,YDR397C,0,-10.530749,0.09526687115430832,1.0,0.949682891368866
YPR199C,YGR285C,0,-10.53355,0.09525727480649948,1.0,0.9497885704040527
YMR068W,YPL163C,0,-10.5337,0.09524768590927124,1.0,0.9498943090438843
YKL172W,YJL026W,0,-10.534032,0.095238097012043,1.0,0.949999988079071
YLR155C,YGR158C,0,-10.534394,0.09522850811481476,1.0,0.9501057267189026
YLR384C,YJR103W,0,-10.534682,0.09521892666816711,1.0,0.9502114057540894
YNL075W,YKL020C,0,-10.538232,0.09520933777093887,1.0,0.9503171443939209
YOL071W,YLR272C,0,-10.540099,0.09519975632429123,1.0,0.9504228234291077
YBL024W,YAL015C,0,-10.541051,0.09519018232822418,1.0,0.9505285620689392
YCR075C,YGR057C,0,-10.545828,0.09518060088157654,1.0,0.950634241104126
YBL069W,YHR050W,0,-10.54773,0.09517102688550949,1.0,0.9507399797439575
YOR049C,YDR381W,0,-10.548673,0.09516145288944244,1.0,0.9508456587791443
YJL006C,YAL056W,0,-10.551667,0.0951518788933754,1.0,0.9509513974189758
YIL112W,YFL036W,0,-10.553391,0.09514231234788895,1.0,0.9510570764541626
YCR065W,YKL012W,0,-10.555285,0.0951327458024025,1.0,0.9511628150939941
YOR269W,YGR009C,0,-10.555619,0.09512317925691605,1.0,0.9512684941291809
YDR182W,YMR143W,0,-10.555823,0.0951136127114296,1.0,0.9513742327690125
YNR059W,YOL115W,0,-10.557449,0.09510405361652374,1.0,0.9514799118041992
YDR254W,YNL199C,0,-10.562207,0.09509449452161789,1.0,0.9515856504440308
YOR182C,YER024W,0,-10.563058,0.09508493542671204,1.0,0.9516913294792175
YNL159C,YCR020W-B,0,-10.56414,0.09507537633180618,1.0,0.9517970681190491
YKL208W,YIR026C,0,-10.5644865,0.09506582468748093,1.0,0.9519027471542358
YNR019W,YNL129W,0,-10.56641,0.09505627304315567,1.0,0.9520084857940674
YMR275C,YNL153C,0,-10.56671,0.09504672139883041,1.0,0.9521141648292542
YMR290C,YOL042W,0,-10.567065,0.09503716975450516,1.0,0.9522198438644409
YER053C,YMR234W,0,-10.569173,0.0950276255607605,1.0,0.9523255825042725
YPL209C,YBR295W,0,-10.570354,0.09501808136701584,1.0,0.9524312615394592
YML129C,YBR114W,0,-10.5728655,0.09500853717327118,1.0,0.9525370001792908
YLR206W,YBL020W,0,-10.575186,0.09499899297952652,1.0,0.9526426792144775
YMR116C,YAL056W,0,-10.578095,0.09498945623636246,1.0,0.9527484178543091
YFL014W,YGR279C,0,-10.578233,0.0949799194931984,1.0,0.9528540968894958
YNR054C,YFL033C,0,-10.578681,0.09497038275003433,1.0,0.9529598355293274
YPL244C,YDR202C,0,-10.583064,0.09496085345745087,1.0,0.9530655145645142
YDL090C,YNL154C,0,-10.585439,0.0949513167142868,1.0,0.9531712532043457
YDR256C,YHR060W,0,-10.586422,0.09494178742170334,1.0,0.9532769322395325
YLR214W,YPR154W,0,-10.589065,0.09493226557970047,1.0,0.953382670879364
YNL328C,YDR087C,0,-10.590596,0.094922736287117,1.0,0.9534883499145508
YDL192W,YBL078C,0,-10.595506,0.09491321444511414,1.0,0.9535940885543823
YHR019C,YHR004C,0,-10.595763,0.09490369260311127,1.0,0.9536997675895691
YEL063C,YMR284W,0,-10.596778,0.0948941707611084,1.0,0.9538055062294006
YPR057W,YMR175W,0,-10.603672,0.09488465636968613,1.0,0.9539111852645874
YPR005C,YGR094W,0,-10.6058035,0.09487513452768326,1.0,0.954016923904419
YNL042W,YNL055C,0,-10.6062975,0.09486562013626099,1.0,0.9541226029396057
YNL239W,YPR162C,0,-10.60715,0.09485611319541931,1.0,0.9542283415794373
YOR185C,YBR133C,0,-10.608478,0.09484659880399704,1.0,0.954334020614624
YMR083W,YHR139C,0,-10.609551,0.09483709186315536,1.0,0.9544397592544556
YMR277W,YDR330W,0,-10.612062,0.09482758492231369,1.0,0.9545454382896423
YOL021C,YOR032C,0,-10.612346,0.09481807798147202,1.0,0.9546511769294739
YKL008C,YHR024C,0,-10.61303,0.09480857849121094,1.0,0.9547568559646606
YMR041C,YMR032W,0,-10.6164255,0.09479907900094986,1.0,0.9548625946044922
YPL255W,YNR010W,0,-10.617711,0.09478957951068878,1.0,0.954968273639679
YJR155W,YDL074C,0,-10.621087,0.0947800800204277,1.0,0.9550740122795105
YDL044C,YEL060C,0,-10.621635,0.09477058798074722,1.0,0.9551796913146973
YNL331C,YOR039W,0,-10.621852,0.09476109594106674,1.0,0.9552854299545288
YMR214W,YOL091W,0,-10.624225,0.09475160390138626,1.0,0.9553911089897156
YGL236C,YNL294C,0,-10.626399,0.09474211186170578,1.0,0.9554968476295471
YOR322C,YCR061W,0,-10.6264305,0.0947326272726059,1.0,0.9556025266647339
YHR160C,YMR142C,0,-10.627862,0.09472314268350601,1.0,0.9557082653045654
YLR175W,YKR020W,0,-10.628252,0.09471365809440613,1.0,0.9558139443397522
YCR091W,YOR224C,0,-10.631112,0.09470417350530624,1.0,0.9559196829795837
YDR202C,YFR051C,0,-10.632521,0.09469469636678696,1.0,0.9560253620147705
YOR361C,YDR388W,0,-10.633563,0.09468521922826767,1.0,0.956131100654602
YNL164C,YJR073C,0,-10.633603,0.09467574208974838,1.0,0.9562367796897888
YOR270C,YPL033C,0,-10.635631,0.0946662649512291,1.0,0.9563425183296204
YPL209C,YPR154W,0,-10.637271,0.0946567952632904,1.0,0.9564481973648071
YJL208C,YHR027C,0,-10.638726,0.09464732557535172,1.0,0.9565539360046387
YLR110C,YDR460W,0,-10.644555,0.09463785588741302,1.0,0.9566596150398254
YOR329C,YOL093W,0,-10.646579,0.09462838619947433,1.0,0.956765353679657
YOR185C,YDR297W,0,-10.646939,0.09461892396211624,1.0,0.9568710327148438
YLR145W,YDR388W,0,-10.649266,0.09460946172475815,1.0,0.9569767713546753
YCL054W,YHR138C,0,-10.652754,0.09459999948740005,1.0,0.9570824503898621
YLR401C,YDL115C,0,-10.654138,0.09459053725004196,1.0,0.9571881890296936
YAL056W,YLR002C,0,-10.660533,0.09458108246326447,1.0,0.9572938680648804
YLR201C,YKR063C,0,-10.663844,0.09457162767648697,1.0,0.9573996067047119
YOR011W,YFL036W,0,-10.665243,0.09456217288970947,1.0,0.9575052857398987
YNL037C,YOL102C,0,-10.666717,0.09455272555351257,1.0,0.9576109647750854
YKL146W,YOR224C,0,-10.667453,0.09454327076673508,1.0,0.957716703414917
YHL047C,YHR067W,0,-10.671433,0.09453382343053818,1.0,0.9578223824501038
YBL020W,YHR008C,0,-10.673297,0.09452438354492188,1.0,0.9579281210899353
YEL071W,YLR183C,0,-10.679792,0.09451493620872498,1.0,0.9580338001251221
YOL016C,YDR300C,0,-10.682222,0.09450549632310867,1.0,0.9581395387649536
YDR097C,YBR006W,0,-10.684831,0.09449605643749237,1.0,0.9582452178001404
YJL014W,YCL040W,0,-10.687074,0.09448661655187607,1.0,0.9583509564399719
YGR108W,YKL093W,0,-10.687493,0.09447717666625977,1.0,0.9584566354751587
YER015W,YER149C,0,-10.687932,0.09446774423122406,1.0,0.9585623741149902
YHL036W,YLR007W,0,-10.68809,0.09445831179618835,1.0,0.958668053150177
YKR046C,YDR498C,0,-10.690502,0.09444887936115265,1.0,0.9587737917900085
YML014W,YJR110W,0,-10.690581,0.09443945437669754,1.0,0.9588794708251953
YPR134W,YBL014C,0,-10.693392,0.09443002939224243,1.0,0.9589852094650269
YPR199C,YLL034C,0,-10.69739,0.09442060440778732,1.0,0.9590908885002136
YAL040C,YJR118C,0,-10.697561,0.09441117942333221,1.0,0.9591966271400452
YBR059C,YNL004W,0,-10.700469,0.0944017544388771,1.0,0.9593023061752319
YJR119C,YNL097C,0,-10.704863,0.0943923369050026,1.0,0.9594080448150635
YNL055C,YML097C,0,-10.706209,0.09438291937112808,1.0,0.9595137238502502
YER179W,YMR235C,0,-10.707198,0.09437350183725357,1.0,0.9596194624900818
YER159C,YPR140W,0,-10.707955,0.09436409175395966,1.0,0.9597251415252686
YBR023C,YIL036W,0,-10.708846,0.09435467422008514,1.0,0.9598308801651001
YOL060C,YLR007W,0,-10.7089205,0.09434526413679123,1.0,0.9599365592002869
YOR100C,YLR026C,0,-10.709231,0.09433586150407791,1.0,0.9600422978401184
YDR078C,YKL099C,0,-10.714036,0.094326451420784,1.0,0.9601479768753052
YBR065C,YFR030W,0,-10.715505,0.09431704878807068,1.0,0.9602537155151367
YML128C,YPR182W,0,-10.716228,0.09430764615535736,1.0,0.9603593945503235
YBR145W,YHR062C,0,-10.717091,0.09429824352264404,1.0,0.960465133190155
YMR162C,YDL120W,0,-10.717277,0.09428884834051132,1.0,0.9605708122253418
YPL137C,YJL035C,0,-10.72049,0.0942794531583786,1.0,0.9606765508651733
YOR078W,YIL077C,0,-10.7208,0.09427005797624588,1.0,0.9607822299003601
YGL016W,YBL050W,0,-10.721124,0.09426066279411316,1.0,0.9608879685401917
YDR236C,YOR056C,0,-10.729576,0.09425126761198044,1.0,0.9609936475753784
YNL123W,YGR086C,0,-10.734784,0.09424187988042831,1.0,0.96109938621521
YMR237W,YKL186C,0,-10.738563,0.09423249214887619,1.0,0.9612050652503967
YHR013C,YDR529C,0,-10.740395,0.09422310441732407,1.0,0.9613108038902283
YOR031W,YJL061W,0,-10.741389,0.09421372413635254,1.0,0.961416482925415
YEL022W,YJL100W,0,-10.742231,0.09420434385538101,1.0,0.9615222215652466
YDR421W,YLR068W,0,-10.7458315,0.09419496357440948,1.0,0.9616279006004333
YGL166W,YDR440W,0,-10.746837,0.09418558329343796,1.0,0.9617336392402649
YGR268C,YLR285W,0,-10.747604,0.09417621046304703,1.0,0.9618393182754517
YKL074C,YPL163C,0,-10.747742,0.0941668301820755,1.0,0.9619450569152832
YER169W,YJL143W,0,-10.752989,0.09415745735168457,1.0,0.96205073595047
YPL126W,YAR031W,0,-10.754872,0.09414809197187424,1.0,0.9621564745903015
YPL171C,YIL008W,0,-10.755769,0.0941387191414833,1.0,0.9622621536254883
YER110C,YOR162C,0,-10.756652,0.09412935376167297,1.0,0.9623678922653198
YDR488C,YLL041C,0,-10.760322,0.09411998838186264,1.0,0.9624735713005066
YDR216W,YJR070C,0,-10.761914,0.09411062300205231,1.0,0.9625793099403381
YPR030W,YGL058W,0,-10.762581,0.09410126507282257,1.0,0.9626849889755249
YMR301C,YDL045C,0,-10.765059,0.09409190714359283,1.0,0.9627906680107117
YML129C,YKL029C,0,-10.767665,0.0940825492143631,1.0,0.9628964066505432
YKL154W,YNR047W,0,-10.769254,0.09407319128513336,1.0,0.96300208568573
YJL050W,YNL025C,0,-10.771094,0.09406383335590363,1.0,0.9631078243255615
YNL111C,YHR102W,0,-10.771586,0.09405448287725449,1.0,0.9632135033607483
YGL020C,YGR256W,0,-10.778157,0.09404513239860535,1.0,0.9633192420005798
YMR173W,YDL225W,0,-10.779815,0.09403578191995621,1.0,0.9634249210357666
YPR023C,YNL154C,0,-10.780084,0.09402643889188766,1.0,0.9635306596755981
YPL244C,YOR035C,0,-10.780325,0.09401709586381912,1.0,0.9636363387107849
YBR207W,YOR168W,0,-10.783731,0.09400775283575058,1.0,0.9637420773506165
YMR014W,YLR360W,0,-10.784641,0.09399840980768204,1.0,0.9638477563858032
YNL159C,YLR139C,0,-10.785282,0.09398907423019409,1.0,0.9639534950256348
YKR066C,YOL128C,0,-10.788659,0.09397973120212555,1.0,0.9640591740608215
YLR286C,YLR435W,0,-10.78941,0.0939703956246376,1.0,0.9641649127006531
YMR014W,YGL166W,0,-10.792601,0.09396106749773026,1.0,0.9642705917358398
YGR229C,YJL093C,0,-10.794427,0.09395173192024231,1.0,0.9643763303756714
YFR028C,YMR201C,0,-10.794688,0.09394240379333496,1.0,0.9644820094108582
YGL209W,YBR024W,0,-10.795762,0.09393307566642761,1.0,0.9645877480506897
YOR023C,YPL122C,0,-10.795826,0.09392374753952026,1.0,0.9646934270858765
YAL003W,YIL075C,0,-10.797229,0.09391442686319351,1.0,0.964799165725708
YLL021W,YHR161C,0,-10.797624,0.09390509873628616,1.0,0.9649048447608948
YEL026W,YER024W,0,-10.800447,0.09389577805995941,1.0,0.9650105834007263
YOR267C,YBL093C,0,-10.802493,0.09388646483421326,1.0,0.9651162624359131
YML129C,YHR120W,0,-10.8101225,0.0938771441578865,1.0,0.9652220010757446
YLL009C,YGR156W,0,-10.811683,0.09386783093214035,1.0,0.9653276801109314
YDR361C,YOR180C,0,-10.816224,0.0938585177063942,1.0,0.9654334187507629
YGL073W,YBR048W,0,-10.818231,0.09384920448064804,1.0,0.9655390977859497
YJL198W,YDR369C,0,-10.820569,0.09383989870548248,1.0,0.9656448364257812
YIL155C,YDR498C,0,-10.822843,0.09383058547973633,1.0,0.965750515460968
YOL071W,YOR241W,0,-10.823996,0.09382127970457077,1.0,0.9658562541007996
YFR014C,YPR187W,0,-10.825744,0.09381198137998581,1.0,0.9659619331359863
YDL004W,YCL026C-A,0,-10.826193,0.09380267560482025,1.0,0.9660676717758179
YDL145C,YPL171C,0,-10.82718,0.09379337728023529,1.0,0.9661733508110046
YNL127W,YGR095C,0,-10.828137,0.09378407895565033,1.0,0.9662790894508362
YJL209W,YBR036C,0,-10.832906,0.09377478063106537,1.0,0.966384768486023
YDL197C,YNL207W,0,-10.833642,0.093765489757061,1.0,0.9664905071258545
YPR154W,YOL128C,0,-10.836045,0.09375619143247604,1.0,0.9665961861610413
YGR123C,YJR004C,0,-10.838359,0.09374690055847168,1.0,0.9667019248008728
YBL078C,YER003C,0,-10.843733,0.09373761713504791,1.0,0.9668076038360596
YEL029C,YKR009C,0,-10.8439665,0.09372832626104355,1.0,0.9669133424758911
YDR214W,YKL166C,0,-10.84555,0.09371904283761978,1.0,0.9670190215110779
YNL274C,YHR205W,0,-10.84614,0.09370975941419601,1.0,0.9671247601509094
YEL062W,YJL148W,0,-10.847182,0.09370047599077225,1.0,0.9672304391860962
YDR096W,YKL144C,0,-10.848592,0.09369119256734848,1.0,0.9673361778259277
YCR071C,YGL255W,0,-10.850199,0.09368191659450531,1.0,0.9674418568611145
YHR036W,YMR197C,0,-10.852157,0.09367264062166214,1.0,0.967547595500946
YIL154C,YPL212C,0,-10.866025,0.09366336464881897,1.0,0.9676532745361328
YHR102W,YOR229W,0,-10.875472,0.0936540961265564,1.0,0.9677590131759644
YNL159C,YJL074C,0,-10.878725,0.09364482015371323,1.0,0.9678646922111511
YDR021W,YLR371W,0,-10.880212,0.09363555163145065,1.0,0.9679704308509827
YJL026W,YGR118W,0,-10.882043,0.09362628310918808,1.0,0.9680761098861694
YMR022W,YJL109C,0,-10.8848715,0.0936170220375061,1.0,0.9681817889213562
YMR119W,YNL290W,0,-10.893993,0.09360776096582413,1.0,0.9682875275611877
YLR350W,YOR048C,0,-10.895082,0.09359849244356155,1.0,0.9683932065963745
YDR300C,YLR360W,0,-10.895125,0.09358923882246017,1.0,0.968498945236206
YHR148W,YBR082C,0,-10.895387,0.0935799777507782,1.0,0.9686046242713928
YCR057C,YDR486C,0,-10.902316,0.09357072412967682,1.0,0.9687103629112244
YOL013C,YPL128C,0,-10.905625,0.09356147050857544,1.0,0.9688160419464111
YHR169W,YLR011W,0,-10.9081335,0.09355221688747406,1.0,0.9689217805862427
YGL061C,YMR053C,0,-10.908523,0.09354296326637268,1.0,0.9690274596214294
YHR021C,YDL170W,0,-10.911971,0.0935337170958519,1.0,0.969133198261261
YDR216W,YML014W,0,-10.913342,0.09352447092533112,1.0,0.9692388772964478
YOL090W,YJL166W,0,-10.9135065,0.09351522475481033,1.0,0.9693446159362793
YNR019W,YDR297W,0,-10.920594,0.09350597858428955,1.0,0.9694502949714661
YLR145W,YGL126W,0,-10.9219885,0.09349673986434937,1.0,0.9695560336112976
YMR005W,YKL034W,0,-10.928821,0.09348750114440918,1.0,0.9696617126464844
YER054C,YPL063W,0,-10.931047,0.093478262424469,1.0,0.9697674512863159
YER054C,YGL245W,0,-10.932833,0.09346902370452881,1.0,0.9698731303215027
YBR036C,YDR450W,0,-10.935842,0.09345979243516922,1.0,0.9699788689613342
YGR083C,YDR251W,0,-10.945718,0.09345056116580963,1.0,0.970084547996521
YDR279W,YDR178W,0,-10.94709,0.09344132989645004,1.0,0.9701902866363525
YKL016C,YOR229W,0,-10.950452,0.09343209862709045,1.0,0.9702959656715393
YDR425W,YOL020W,0,-10.951478,0.09342287480831146,1.0,0.9704017043113708
YJL165C,YPR182W,0,-10.952788,0.09341364353895187,1.0,0.9705073833465576
YCL055W,YKL085W,0,-10.955256,0.09340441972017288,1.0,0.9706131219863892
YJL190C,YPL152W,0,-10.977168,0.09339520335197449,1.0,0.9707188010215759
YLR160C,YCR057C,0,-10.9825115,0.0933859795331955,1.0,0.9708245396614075
YDL142C,YGR285C,0,-10.982979,0.0933767631649971,1.0,0.9709302186965942
YJL042W,YDR527W,0,-10.996522,0.0933675467967987,1.0,0.9710359573364258
YDR365C,YOL055C,0,-11.006052,0.09335833787918091,1.0,0.9711416363716125
YHR089C,YJR045C,0,-11.006364,0.09334912151098251,1.0,0.9712473750114441
YHL002W,YPR132W,0,-11.007242,0.09333991259336472,1.0,0.9713530540466309
YNL173C,YBL061C,0,-11.008086,0.09333070367574692,1.0,0.9714587926864624
YPL169C,YDR059C,0,-11.020231,0.09332149475812912,1.0,0.9715644717216492
YEL018W,YML120C,0,-11.023469,0.09331229329109192,1.0,0.9716702103614807
YOR347C,YGR275W,0,-11.033653,0.09330308437347412,1.0,0.9717758893966675
YDR037W,YOL060C,0,-11.034997,0.09329388290643692,1.0,0.971881628036499
YJL060W,YAR002W,0,-11.0378065,0.09328468888998032,1.0,0.9719873070716858
YMR116C,YFR029W,0,-11.042775,0.09327548742294312,1.0,0.9720930457115173
YNL159C,YBR021W,0,-11.0452795,0.09326629340648651,1.0,0.9721987247467041
YHR120W,YOR275C,0,-11.046031,0.09325709939002991,1.0,0.9723044633865356
YLR153C,YJR050W,0,-11.046666,0.0932479053735733,1.0,0.9724101424217224
YJR070C,YNL167C,0,-11.047101,0.0932387113571167,1.0,0.972515881061554
YNL153C,YNL074C,0,-11.052548,0.09322952479124069,1.0,0.9726215600967407
YIL010W,YER117W,0,-11.053585,0.09322033822536469,1.0,0.9727272987365723
YNR002C,YOR198C,0,-11.060856,0.09321115165948868,1.0,0.972832977771759
YKL053C-A,YNL299W,0,-11.069021,0.09320197254419327,1.0,0.9729387164115906
YAL010C,YOR095C,0,-11.071861,0.09319278597831726,1.0,0.9730443954467773
YOL038W,YPL012W,0,-11.072488,0.09318360686302185,1.0,0.9731501340866089
YGL016W,YMR156C,0,-11.073439,0.09317442774772644,1.0,0.9732558131217957
YGL205W,YGR152C,0,-11.077237,0.09316525608301163,1.0,0.9733615517616272
YBR060C,YGR143W,0,-11.082669,0.09315608441829681,1.0,0.973467230796814
YLR231C,YPL235W,0,-11.084516,0.0931469053030014,1.0,0.9735729098320007
YDR180W,YPL203W,0,-11.085086,0.09313774108886719,1.0,0.9736786484718323
YGL084C,YJL069C,0,-11.086677,0.09312856942415237,1.0,0.973784327507019
YER035W,YGL020C,0,-11.092942,0.09311940521001816,1.0,0.9738900661468506
YOL151W,YDR037W,0,-11.107644,0.09311023354530334,1.0,0.9739957451820374
YNL075W,YNL243W,0,-11.108006,0.09310106933116913,1.0,0.9741014838218689
YPL137C,YLR309C,0,-11.109254,0.09309191256761551,1.0,0.9742071628570557
YGR083C,YNL167C,0,-11.113078,0.09308274835348129,1.0,0.9743129014968872
YJL094C,YOR232W,0,-11.134568,0.09307359158992767,1.0,0.974418580532074
YKR066C,YDR325W,0,-11.147927,0.09306443482637405,1.0,0.9745243191719055
YOR310C,YFR052W,0,-11.148002,0.09305528551340103,1.0,0.9746299982070923
YNL127W,YER006W,0,-11.153859,0.09304612874984741,1.0,0.9747357368469238
YKR008W,YGL252C,0,-11.162429,0.09303697943687439,1.0,0.9748414158821106
YNL293W,YGL246C,0,-11.162608,0.09302783012390137,1.0,0.9749471545219421
YHR082C,YOR224C,0,-11.174118,0.09301868081092834,1.0,0.9750528335571289
YIL042C,YJL168C,0,-11.17592,0.09300953894853592,1.0,0.9751585721969604
YBR036C,YPL253C,0,-11.176164,0.0930003896355629,1.0,0.9752642512321472
YDL230W,YLR372W,0,-11.181723,0.09299124777317047,1.0,0.9753699898719788
YLL026W,YOR216C,0,-11.182683,0.09298211336135864,1.0,0.9754756689071655
YHR124W,YLR183C,0,-11.183913,0.09297297149896622,1.0,0.9755814075469971
YIL079C,YMR068W,0,-11.188029,0.09296383708715439,1.0,0.9756870865821838
YMR173W,YLR020C,0,-11.195926,0.09295470267534256,1.0,0.9757928252220154
YPL244C,YPL159C,0,-11.198115,0.09294556826353073,1.0,0.9758985042572021
YLR195C,YMR175W,0,-11.203633,0.0929364413022995,1.0,0.9760042428970337
YCL040W,YKL074C,0,-11.206538,0.09292730689048767,1.0,0.9761099219322205
YHR062C,YHR006W,0,-11.2083235,0.09291817992925644,1.0,0.976215660572052
YIL018W,YPL203W,0,-11.213088,0.09290905296802521,1.0,0.9763213396072388
YBL024W,YOL113W,0,-11.213971,0.09289993345737457,1.0,0.9764270782470703
YNL003C,YOR210W,0,-11.214426,0.09289080649614334,1.0,0.9765327572822571
YNL074C,YNL299W,0,-11.214639,0.0928816869854927,1.0,0.9766384959220886
YKL195W,YHR042W,0,-11.215194,0.09287256747484207,1.0,0.9767441749572754
YNL074C,YOR224C,0,-11.217079,0.09286345541477203,1.0,0.9768499135971069
YFL057C,YLR372W,0,-11.226741,0.0928543359041214,1.0,0.9769555926322937
YOL071W,YOR346W,0,-11.24176,0.09284522384405136,1.0,0.9770613312721252
YML129C,YDL170W,0,-11.242465,0.09283611178398132,1.0,0.977167010307312
YBR048W,YHR161C,0,-11.248348,0.09282700717449188,1.0,0.9772727489471436
YLR293C,YHR082C,0,-11.25131,0.09281789511442184,1.0,0.9773784279823303
YER044C,YIL008W,0,-11.252429,0.0928087905049324,1.0,0.9774841666221619
YHR072W,YCL040W,0,-11.254693,0.09279968589544296,1.0,0.9775898456573486
YMR198W,YFL016C,0,-11.256394,0.09279058128595352,1.0,0.9776955842971802
YNL075W,YMR204C,0,-11.258872,0.09278148412704468,1.0,0.9778012633323669
YNR002C,YML103C,0,-11.262701,0.09277238696813583,1.0,0.9779070019721985
YHR004C,YPR163C,0,-11.268756,0.09276328980922699,1.0,0.9780126810073853
YIL079C,YJR125C,0,-11.268819,0.09275419265031815,1.0,0.9781184196472168
YNR001C,YMR112C,0,-11.270135,0.0927450954914093,1.0,0.9782240986824036
YBR091C,YHR160C,0,-11.272893,0.09273600578308105,1.0,0.9783298373222351
YDR162C,YDR451C,0,-11.276808,0.09272691607475281,1.0,0.9784355163574219
YOR233W,YDR247W,0,-11.295083,0.09271782636642456,1.0,0.9785412549972534
YBR036C,YLR051C,0,-11.296542,0.09270874410867691,1.0,0.9786469340324402
YOR014W,YHR196W,0,-11.298472,0.09269965440034866,1.0,0.978752613067627
YMR116C,YDL147W,0,-11.301425,0.09269057214260101,1.0,0.9788583517074585
YNL201C,YMR104C,0,-11.305049,0.09268148988485336,1.0,0.9789640307426453
YOL082W,YOR217W,0,-11.3107815,0.09267241507768631,1.0,0.9790697693824768
YOR142W,YLR014C,0,-11.313931,0.09266333281993866,1.0,0.9791754484176636
YNL166C,YFL014W,0,-11.323836,0.0926542580127716,1.0,0.9792811870574951
YGR177C,YPR140W,0,-11.324063,0.09264518320560455,1.0,0.9793868660926819
YDR273W,YLL011W,0,-11.325019,0.0926361158490181,1.0,0.9794926047325134
YBR177C,YNL113W,0,-11.32525,0.09262704104185104,1.0,0.9795982837677002
YER051W,YBR093C,0,-11.325887,0.09261797368526459,1.0,0.9797040224075317
YDR251W,YHL011C,0,-11.329967,0.09260890632867813,1.0,0.9798097014427185
YFR002W,YOL129W,0,-11.330289,0.09259984642267227,1.0,0.97991544008255
YHR019C,YPR081C,0,-11.331713,0.09259077906608582,1.0,0.9800211191177368
YNR053C,YJL089W,0,-11.333802,0.09258171916007996,1.0,0.9801268577575684
YGR256W,YPL012W,0,-11.34205,0.0925726592540741,1.0,0.9802325367927551
YOL082W,YIL131C,0,-11.342465,0.09256359934806824,1.0,0.9803382754325867
YLR270W,YLR145W,0,-11.344428,0.09255454689264297,1.0,0.9804439544677734
YNL112W,YPL224C,0,-11.371227,0.09254548698663712,1.0,0.980549693107605
YFR014C,YOL005C,0,-11.373876,0.09253643453121185,1.0,0.9806553721427917
YPR112C,YPL147W,0,-11.377845,0.09252738952636719,1.0,0.9807611107826233
YKL191W,YGR244C,0,-11.383485,0.09251833707094193,1.0,0.9808667898178101
YOR094W,YGR256W,0,-11.388507,0.09250929206609726,1.0,0.9809725284576416
YPR001W,YLR372W,0,-11.3885565,0.0925002470612526,1.0,0.9810782074928284
YER054C,YOL142W,0,-11.394446,0.09249120205640793,1.0,0.9811839461326599
YLR270W,YDR487C,0,-11.398412,0.09248215705156326,1.0,0.9812896251678467
YGR200C,YMR096W,0,-11.404085,0.0924731194972992,1.0,0.9813953638076782
YPL235W,YBR183W,0,-11.408586,0.09246408194303513,1.0,0.981501042842865
YGR159C,YHR139C,0,-11.410455,0.09245504438877106,1.0,0.9816067814826965
YDL040C,YGR248W,0,-11.421107,0.09244600683450699,1.0,0.9817124605178833
YOL142W,YDR129C,0,-11.431098,0.09243697673082352,1.0,0.9818181991577148
YOR221C,YGR128C,0,-11.431585,0.09242794662714005,1.0,0.9819238781929016
YHL048W,YJL198W,0,-11.431928,0.09241891652345657,1.0,0.9820296168327332
YPR144C,YHR008C,0,-11.432051,0.0924098864197731,1.0,0.9821352958679199
YML113W,YDR058C,0,-11.442901,0.09240085631608963,1.0,0.9822410345077515
YOR188W,YMR140W,0,-11.46603,0.09239183366298676,1.0,0.9823467135429382
YOR206W,YIL077C,0,-11.4731655,0.09238281100988388,1.0,0.9824524521827698
YDL148C,YPL147W,0,-11.474303,0.092373788356781,1.0,0.9825581312179565
YMR116C,YJL003W,0,-11.477073,0.09236477315425873,1.0,0.9826638698577881
YPR057W,YHR096C,0,-11.480607,0.09235575795173645,1.0,0.9827695488929749
YNL242W,YHR070W,0,-11.486928,0.09234674274921417,1.0,0.9828752875328064
YOR046C,YHR008C,0,-11.489086,0.0923377275466919,1.0,0.9829809665679932
YGL016W,YMR104C,0,-11.493079,0.09232871234416962,1.0,0.9830867052078247
YBR020W,YML097C,0,-11.510037,0.09231970459222794,1.0,0.9831923842430115
YBR059C,YDR302W,0,-11.518296,0.09231069684028625,1.0,0.983298122882843
YBR212W,YBR106W,0,-11.542708,0.09230168908834457,1.0,0.9834038019180298
YGR256W,YDR300C,0,-11.552168,0.0922926813364029,1.0,0.9835095405578613
YHR089C,YBR105C,0,-11.554149,0.09228368103504181,1.0,0.9836152195930481
YNR002C,YDR086C,0,-11.5544195,0.09227468073368073,1.0,0.9837209582328796
YIL131C,YJR019C,0,-11.561629,0.09226568043231964,1.0,0.9838266372680664
YHR062C,YPL152W,0,-11.569805,0.09225668013095856,1.0,0.983932375907898
YNR019W,YLR175W,0,-11.594041,0.09224768728017807,1.0,0.9840380549430847
YGR132C,YOR095C,0,-11.598144,0.09223868697881699,1.0,0.9841437339782715
YHL019C,YGL029W,0,-11.611982,0.0922296941280365,1.0,0.984249472618103
YIL159W,YMR139W,0,-11.63836,0.09222070872783661,1.0,0.9843551516532898
YDL115C,YJR145C,0,-11.64185,0.09221171587705612,1.0,0.9844608902931213
YGR200C,YKR009C,0,-11.649021,0.09220273047685623,1.0,0.9845665693283081
YFR053C,YGR081C,0,-11.6506195,0.09219374507665634,1.0,0.9846723079681396
YOR036W,YDR527W,0,-11.650991,0.09218475967645645,1.0,0.9847779870033264
YDL020C,YDR190C,0,-11.654204,0.09217577427625656,1.0,0.984883725643158
YLL042C,YOR035C,0,-11.655063,0.09216679632663727,1.0,0.9849894046783447
YOR168W,YDR330W,0,-11.662178,0.09215781837701797,1.0,0.9850951433181763
YPL241C,YDR330W,0,-11.67396,0.09214884042739868,1.0,0.985200822353363
YBR072W,YOL102C,0,-11.6781435,0.09213986247777939,1.0,0.9853065609931946
YGR244C,YCL054W,0,-11.68127,0.09213089197874069,1.0,0.9854122400283813
YMR235C,YOR230W,0,-11.686272,0.092121921479702,1.0,0.9855179786682129
YPR112C,YBL050W,0,-11.688502,0.0921129509806633,1.0,0.9856236577033997
YMR014W,YMR175W,0,-11.697303,0.0921039804816246,1.0,0.9857293963432312
YEL060C,YNL107W,0,-11.700869,0.0920950174331665,1.0,0.985835075378418
YER020W,YDL112W,0,-11.703481,0.0920860543847084,1.0,0.9859408140182495
YGR262C,YJL164C,0,-11.73164,0.0920770913362503,1.0,0.9860464930534363
YAL054C,YOR254C,0,-11.737407,0.0920681282877922,1.0,0.9861522316932678
YML129C,YGR264C,0,-11.743987,0.0920591652393341,1.0,0.9862579107284546
YJL166W,YNL113W,0,-11.747562,0.0920502096414566,1.0,0.9863636493682861
YNL117W,YBL024W,0,-11.753409,0.0920412540435791,1.0,0.9864693284034729
YNL062C,YGR086C,0,-11.7648325,0.0920322984457016,1.0,0.9865750670433044
YDL130W-A,YPL239W,0,-11.771001,0.0920233428478241,1.0,0.9866807460784912
YHL036W,YER006W,0,-11.773571,0.09201439470052719,1.0,0.9867864847183228
YMR092C,YKR056W,0,-11.775791,0.09200544655323029,1.0,0.9868921637535095
YBR036C,YDL208W,0,-11.804432,0.09199649840593338,1.0,0.9869979023933411
YAL017W,YJL109C,0,-11.829387,0.09198755025863647,1.0,0.9871035814285278
YMR049C,YHR160C,0,-11.832182,0.09197860956192017,1.0,0.9872093200683594
YNL298W,YGR088W,0,-11.835195,0.09196966886520386,1.0,0.9873149991035461
YNR002C,YDL084W,0,-11.850175,0.09196072816848755,1.0,0.9874207377433777
YKL064W,YBR048W,0,-11.854415,0.09195178747177124,1.0,0.9875264167785645
YLR107W,YOR340C,0,-11.859706,0.09194285422563553,1.0,0.987632155418396
YOR095C,YHR138C,0,-11.860129,0.09193391352891922,1.0,0.9877378344535828
YKR003W,YOR361C,0,-11.871744,0.09192498028278351,1.0,0.9878435730934143
YPL086C,YOL110W,0,-11.872696,0.0919160544872284,1.0,0.9879492521286011
YMR049C,YOR087W,0,-11.875806,0.09190712124109268,1.0,0.9880549907684326
YJR078W,YHR148W,0,-11.886308,0.09189819544553757,1.0,0.9881606698036194
YKL208W,YKL172W,0,-11.895391,0.09188926964998245,1.0,0.9882664084434509
YIL042C,YDR280W,0,-11.8969,0.09188034385442734,1.0,0.9883720874786377
YDL074C,YOL129W,0,-11.900532,0.09187141805887222,1.0,0.9884778261184692
YOL013C,YOR243C,0,-11.926726,0.0918624997138977,1.0,0.988583505153656
YJL191W,YIL017C,0,-11.967968,0.09185358136892319,1.0,0.9886892437934875
YDR148C,YPL146C,0,-11.97742,0.09184466302394867,1.0,0.9887949228286743
YPR030W,YAL033W,0,-11.977433,0.09183574467897415,1.0,0.9889006614685059
YOR245C,YHL011C,0,-12.00009,0.09182682633399963,1.0,0.9890063405036926
YHR072W,YDR122W,0,-12.006593,0.09181791543960571,1.0,0.9891120791435242
YLL019C,YDL148C,0,-12.008298,0.09180900454521179,1.0,0.9892177581787109
YHR019C,YGL037C,0,-12.0258,0.09180009365081787,1.0,0.9893234968185425
YPR120C,YMR140W,0,-12.028928,0.09179119020700455,1.0,0.9894291758537292
YJL010C,YBR280C,0,-12.045748,0.09178228676319122,1.0,0.989534854888916
YAL003W,YDL085W,0,-12.046064,0.0917733833193779,1.0,0.9896405935287476
YIL036W,YGR081C,0,-12.068967,0.09176447987556458,1.0,0.9897462725639343
YLR186W,YDR293C,0,-12.069854,0.09175557643175125,1.0,0.9898520112037659
YGL087C,YOR206W,0,-12.072557,0.09174668043851852,1.0,0.9899576902389526
YMR078C,YGR088W,0,-12.076446,0.0917377844452858,1.0,0.9900634288787842
YNL173C,YGL169W,0,-12.079183,0.09172888845205307,1.0,0.990169107913971
YPR081C,YPL146C,0,-12.098501,0.09171999245882034,1.0,0.9902748465538025
YKL129C,YKL099C,0,-12.101557,0.09171110391616821,1.0,0.9903805255889893
YLL011W,YKR089C,0,-12.148181,0.09170220792293549,1.0,0.9904862642288208
YIL124W,YNR046W,0,-12.156571,0.09169331938028336,1.0,0.9905919432640076
YAL054C,YHR068W,0,-12.164224,0.09168443828821182,1.0,0.9906976819038391
YNL207W,YKR014C,0,-12.186986,0.09167554974555969,1.0,0.9908033609390259
YPL237W,YDR453C,0,-12.189189,0.09166666865348816,1.0,0.9909090995788574
YFL057C,YNL248C,0,-12.190294,0.09165778756141663,1.0,0.9910147786140442
YPR154W,YDR346C,0,-12.217376,0.09164890646934509,1.0,0.9911205172538757
YKR076W,YGR118W,0,-12.231689,0.09164002537727356,1.0,0.9912261962890625
YIL079C,YKL193C,0,-12.232043,0.09163115173578262,1.0,0.991331934928894
YPL006W,YDR300C,0,-12.232802,0.09162227809429169,1.0,0.9914376139640808
YLR133W,YKR056W,0,-12.286292,0.09161340445280075,1.0,0.9915433526039124
YGR256W,YEL026W,0,-12.288251,0.09160453081130981,1.0,0.9916490316390991
YBR155W,YML013W,0,-12.316492,0.09159566462039948,1.0,0.9917547702789307
YDR171W,YAL033W,0,-12.321977,0.09158679097890854,1.0,0.9918604493141174
YHL036W,YNL207W,0,-12.333457,0.0915779247879982,1.0,0.991966187953949
YML120C,YER149C,0,-12.338168,0.09156906604766846,1.0,0.9920718669891357
YCL035C,YBR143C,0,-12.343673,0.09156019985675812,1.0,0.9921776056289673
YJR064W,YJL166W,0,-12.343751,0.09155134111642838,1.0,0.992283284664154
YBL045C,YLR372W,0,-12.357968,0.09154248237609863,1.0,0.9923890233039856
YGL208W,YGR229C,0,-12.359971,0.09153362363576889,1.0,0.9924947023391724
YHR096C,YMR143W,0,-12.36255,0.09152476489543915,1.0,0.9926004409790039
YMR308C,YBR006W,0,-12.377795,0.09151591360569,1.0,0.9927061200141907
YFL014W,YGR081C,0,-12.382643,0.09150706231594086,1.0,0.9928118586540222
YLR397C,YOR113W,0,-12.400773,0.09149821102619171,1.0,0.992917537689209
YGR070W,YLR435W,0,-12.411815,0.09148935973644257,1.0,0.9930232763290405
YNL055C,YPR163C,0,-12.437243,0.09148051589727402,1.0,0.9931289553642273
YML004C,YLR003C,0,-12.439996,0.09147167205810547,1.0,0.9932346940040588
YDR037W,YJL048C,0,-12.471654,0.09146282821893692,1.0,0.9933403730392456
YJR155W,YGL097W,0,-12.496173,0.09145398437976837,1.0,0.9934461116790771
YCR034W,YDR425W,0,-12.496285,0.09144514054059982,1.0,0.9935517907142639
YBL035C,YNL160W,0,-12.526063,0.09143630415201187,1.0,0.9936575293540955
YPL086C,YJL036W,0,-12.6343565,0.09142746776342392,1.0,0.9937632083892822
YIL033C,YMR312W,0,-12.642701,0.09141863137483597,1.0,0.9938689470291138
YDL029W,YLR051C,0,-12.658094,0.09140979498624802,1.0,0.9939746260643005
YLL019C,YGL070C,0,-12.668361,0.09140096604824066,1.0,0.9940803647041321
YGL029W,YGR244C,0,-12.669425,0.0913921371102333,1.0,0.9941860437393188
YLR435W,YEL041W,0,-12.678243,0.09138330817222595,1.0,0.9942917823791504
YER006W,YHR160C,0,-12.698757,0.0913744792342186,1.0,0.9943974614143372
YGL169W,YJL141C,0,-12.709767,0.09136565774679184,1.0,0.9945032000541687
YDL029W,YER006W,0,-12.7563925,0.09135682880878448,1.0,0.9946088790893555
YLR231C,YHR169W,0,-12.800325,0.09134800732135773,1.0,0.9947145581245422
YKL150W,YJL190C,0,-12.832088,0.09133919328451157,1.0,0.9948202967643738
YNL239W,YHR021C,0,-12.834153,0.09133037179708481,1.0,0.9949259757995605
YKR046C,YGL097W,0,-12.881372,0.09132155776023865,1.0,0.9950317144393921
YCL059C,YCR083W,0,-12.881917,0.09131274372339249,1.0,0.9951373934745789
YGR158C,YPR155C,0,-12.902606,0.09130392968654633,1.0,0.9952431321144104
YJL125C,YER054C,0,-12.921054,0.09129511564970016,1.0,0.9953488111495972
YGL037C,YEL026W,0,-12.984929,0.0912863090634346,1.0,0.9954545497894287
YBL024W,YGL229C,0,-12.996303,0.09127750247716904,1.0,0.9955602288246155
YDR280W,YGR248W,0,-13.101335,0.09126869589090347,1.0,0.995665967464447
YNR053C,YLR006C,0,-13.110181,0.09125988930463791,1.0,0.9957716464996338
YMR116C,YPL159C,0,-13.131167,0.09125108271837234,1.0,0.9958773851394653
YDL142C,YNR046W,0,-13.16075,0.09124228358268738,1.0,0.9959830641746521
YLR175W,YKL062W,0,-13.198516,0.09123348444700241,1.0,0.9960888028144836
YMR250W,YDR190C,0,-13.208149,0.09122468531131744,1.0,0.9961944818496704
YDR055W,YBR079C,0,-13.237448,0.09121589362621307,1.0,0.996300220489502
YER127W,YOR132W,0,-13.249923,0.0912070944905281,1.0,0.9964058995246887
YGR152C,YMR104C,0,-13.259461,0.09119830280542374,1.0,0.9965116381645203
YPR144C,YDR178W,0,-13.289377,0.09118951112031937,1.0,0.996617317199707
YMR041C,YOL080C,0,-13.371453,0.091180719435215,1.0,0.9967230558395386
YMR173W,YGR200C,0,-13.375932,0.09117193520069122,1.0,0.9968287348747253
YDR087C,YCR061W,0,-13.426621,0.09116315096616745,1.0,0.9969344735145569
YCL035C,YPR137W,0,-13.439905,0.09115436673164368,1.0,0.9970401525497437
YER127W,YJL042W,0,-13.595822,0.0911455824971199,1.0,0.9971458911895752
YLR186W,YLL041C,0,-13.685807,0.09113679826259613,1.0,0.997251570224762
YOR236W,YEL060C,0,-13.709743,0.09112802147865295,1.0,0.9973573088645935
YEL060C,YGR152C,0,-13.720061,0.09111924469470978,1.0,0.9974629878997803
YMR173W,YOL010W,0,-13.721612,0.0911104679107666,1.0,0.9975687265396118
YDR284C,YML093W,0,-13.797387,0.09110169857740402,1.0,0.9976744055747986
YOL082W,YGR185C,0,-13.832371,0.09109292179346085,1.0,0.9977801442146301
YDR178W,YOL124C,0,-13.91471,0.09108415246009827,1.0,0.9978858232498169
YBR072W,YPL237W,0,-13.92503,0.09107538312673569,1.0,0.9979915618896484
YIL154C,YLR222C,0,-13.9683695,0.09106661379337311,1.0,0.9980972409248352
YPL086C,YCL035C,0,-14.020008,0.09105785191059113,1.0,0.9982029795646667
YNL159C,YPL043W,0,-14.022204,0.09104908257722855,1.0,0.9983086585998535
YAL017W,YGL171W,0,-14.059299,0.09104032069444656,1.0,0.9984143972396851
YOL071W,YPR163C,0,-14.178298,0.09103156626224518,1.0,0.9985200762748718
YOR142W,YGR128C,0,-14.1920395,0.0910228043794632,1.0,0.9986258149147034
YLR051C,YPL203W,0,-14.2527485,0.09101404994726181,1.0,0.9987314939498901
YDR365C,YEL060C,0,-14.456389,0.09100528806447983,1.0,0.9988372325897217
YMR250W,YDL111C,0,-14.5091,0.09099653363227844,1.0,0.9989429116249084
YKR046C,YOR095C,0,-14.597106,0.09098778665065765,1.0,0.99904865026474
YKR076W,YGR200C,0,-14.712779,0.09097903221845627,1.0,0.9991543292999268
YGR008C,YJL069C,0,-14.735138,0.09097028523683548,1.0,0.9992600679397583
YOL082W,YHR169W,0,-14.812797,0.09096153825521469,1.0,0.9993657469749451
YNL274C,YML014W,0,-14.838715,0.0909527912735939,1.0,0.9994714856147766
YMR049C,YCL040W,0,-14.859453,0.09094405174255371,1.0,0.9995771646499634
YOL071W,YNL299W,0,-14.867166,0.09093530476093292,1.0,0.9996829032897949
YPL126W,YGR248W,0,-15.125571,0.09092656522989273,1.0,0.9997885823249817
YGR280C,YPL123C,0,-15.23463,0.09091782569885254,1.0,0.9998943209648132
YBR072W,YCR057C,0,-15.644721,0.09090909361839294,1.0,1.0
